round,client_id,client_i_training_loss,client_i_training_accuracy,client_i_training_dataset_size,client_i_evaluation_loss,client_i_evaluation_accuracy,client_i_evaluation_dataset_size,client_i_central_evaluation_loss,client_i_central_evaluation_accuracy,client_i_cosine_similarity,client_i_importance_coefficient,client_i_tanh_val,tanh_normalization_value,client_i_q,client_i_mask_order,client_i_v_nonzero_fraction,client_i_v_sparsity,client_i_v_cosine_similarity,client_i_reward_gradient_norm,local_epochs,learning_rate,gamma,client_0_cosine_similarity,client_1_cosine_similarity,client_2_cosine_similarity,client_3_cosine_similarity,client_4_cosine_similarity,client_5_cosine_similarity,client_6_cosine_similarity,client_7_cosine_similarity,client_8_cosine_similarity,client_9_cosine_similarity,client_10_cosine_similarity,client_11_cosine_similarity
0,0,2.240174891234963,0.3206,5000,2.2747791608174643,0.22661870503597123,834,2.269135971800588,0.2261,0.9880058483871709,0.08287262641417803,0.0826834266212452,0.08329768975096956,0.9926256882687453,,0.9926204076898542,0.007379592310145844,0,0.09934766840623198,5,0.001,0.1,1.0,0.9792000308709861,0.9807186154356543,0.9849717014679078,0.9802207888401945,0.9843397825072282,0.9801145402414307,0.9746601363280489,0.9826937781873333,0.9765796161181179,0.9788774451593086,0.9766101701544965
0,1,2.2387511432550515,0.33676,5000,2.2664093706342907,0.21223021582733814,834,2.269135983988119,0.2261,0.9952995444961873,0.08348441201626507,0.08329099891150318,0.08329768975096956,0.9999196755577939,,0.9998936797440582,0.00010632025594181638,0,0.09934766855808023,5,0.001,0.1,0.9792000308709861,1.0,0.98545101575601,0.9844770070634795,0.9929150962436988,0.9920188093779079,0.9864816123091115,0.9893570174728249,0.9861174860767274,0.9918202708451828,0.992164224084377,0.9859393388350638
0,2,2.2421734454525506,0.30128,5000,2.2717401098321983,0.19784172661870503,834,2.2691359855115603,0.2261,0.9945328843702704,0.08342010557687965,0.08322713824904031,0.08329768975096956,0.9991530196919106,,0.9991397724746522,0.0008602275253477565,0,0.09934766855796343,5,0.001,0.1,0.9807186154356543,0.98545101575601,1.0,0.9852937862755718,0.9868802924916359,0.9850251003298621,0.9892253574652042,0.9869584387797218,0.9919246355193075,0.9921017604623324,0.9882145781697352,0.9850082203805861
0,3,2.2432871530010443,0.355,5000,2.2719627309728554,0.22062350119904076,834,2.2691359870350016,0.2261,0.9927596211269167,0.08327136659670019,0.0830794277201277,0.08329768975096956,0.9973797348702975,,0.9973661572959859,0.002633842704014122,0,0.09934766854995694,5,0.001,0.1,0.9849717014679078,0.9844770070634795,0.9852937862755718,1.0,0.9847367698705192,0.9888986999104957,0.9888592805860839,0.9765772134608159,0.9870624260676285,0.9838121708187894,0.9812158683047983,0.989756067340826
0,4,2.2422451550793494,0.33308,5000,2.2649242789657027,0.24969987995198079,833,2.2691359855115603,0.2261,0.9948511823266447,0.0834468039893132,0.08325365166915093,0.08329768975096956,0.9994713168762571,,0.9994490677646649,0.0005509322353350887,0,0.09934766855804224,5,0.001,0.1,0.9802207888401945,0.9929150962436988,0.9868802924916359,0.9847367698705192,1.0,0.991105299015985,0.9865218590895054,0.9901916051280338,0.9856350792165336,0.988149722059724,0.9916673265980464,0.9825727048552899
0,5,2.2377767635758516,0.32732,5000,2.2739037937588162,0.2028811524609844,833,2.269135983988119,0.2261,0.9953798698479241,0.08349114960074085,0.08329768975096956,0.08329768975096956,0.9999999999879948,,0.9999613380887484,3.866191125156959e-05,0,0.0993476685580803,5,0.001,0.1,0.9843397825072282,0.9920188093779079,0.9850251003298621,0.9888986999104957,0.991105299015985,1.0,0.989649729815065,0.9877079618546323,0.9863452394266914,0.988027325245586,0.9849898195291225,0.9887917787174749
0,6,2.2422592090193634,0.29988,5000,2.267258220248752,0.21728691476590636,833,2.269135986273281,0.2261,0.9943378636173423,0.08340374749354763,0.08321089345205421,0.08329768975096956,0.998957998713124,,0.9989416301794879,0.0010583698205121062,0,0.09934766855782623,5,0.001,0.1,0.9801145402414307,0.9864816123091115,0.9892253574652042,0.9888592805860839,0.9865218590895054,0.989649729815065,1.0,0.9872439744785926,0.9875341883886122,0.9871689832989873,0.9818889522339034,0.9897882899906268
0,7,2.2383221346861237,0.27984,5000,2.270427015092638,0.2424969987995198,833,2.2691359832263984,0.2261,0.9922784171487943,0.08323100384219519,0.08303934342268261,0.08329768975096956,0.9968985174732191,,0.9968877161442475,0.0031122838557524624,0,0.09934766854504352,5,0.001,0.1,0.9746601363280489,0.9893570174728249,0.9869584387797218,0.9765772134608159,0.9901916051280338,0.9877079618546323,0.9872439744785926,1.0,0.9844752404166622,0.9879071910072862,0.985649831805022,0.9791954762276994
0,8,2.241700707879036,0.31024,5000,2.262789699766371,0.2533013205282113,833,2.269135983988119,0.2261,0.9942301181882977,0.08339470994918124,0.08320191847737296,0.08329768975096956,0.9988502529316026,,0.9988353099235461,0.0011646900764539225,0,0.09934766855763211,5,0.001,0.1,0.9826937781873333,0.9861174860767274,0.9919246355193075,0.9870624260676285,0.9856350792165336,0.9863452394266914,0.9875341883886122,0.9844752404166622,1.0,0.9900455680972564,0.9859074368180224,0.9854511506445198
0,9,2.239438135305028,0.30508,5000,2.272196142761796,0.1992797118847539,833,2.2691359855115603,0.2261,0.9947845015637667,0.0834412108949403,0.08324809733888255,0.08329768975096956,0.9994046363922615,,0.9993862421588812,0.0006137578411188338,0,0.09934766855803524,5,0.001,0.1,0.9765796161181179,0.9918202708451828,0.9921017604623324,0.9838121708187894,0.988149722059724,0.988027325245586,0.9871689832989873,0.9879071910072862,0.9900455680972564,1.0,0.9889893277878593,0.9851996418508218
0,10,2.238160219010274,0.31448,5000,2.2656245319931596,0.24969987995198079,833,2.2691359824646775,0.2261,0.9932322988812008,0.08331101418280408,0.08311880152129338,0.08329768975096956,0.9978524226637154,,0.9978397657088178,0.0021602342911821726,0,0.09934766855503142,5,0.001,0.1,0.9788774451593086,0.992164224084377,0.9882145781697352,0.9812158683047983,0.9916673265980464,0.9849898195291225,0.9818889522339034,0.985649831805022,0.9859074368180224,0.9889893277878593,1.0,0.981731436523649
0,11,2.2421987068880895,0.3654,5000,2.262320147620307,0.24129651860744297,833,2.2691359832263984,0.2261,0.9922884983882588,0.08323184944325443,0.08304018319281325,0.08329768975096956,0.996908599026899,,0.9968973816220605,0.003102618377939459,0,0.09934766854507217,5,0.001,0.1,0.9766101701544965,0.9859393388350638,0.9850082203805861,0.989756067340826,0.9825727048552899,0.9887917787174749,0.9897882899906268,0.9791954762276994,0.9854511506445198,0.9851996418508218,0.981731436523649,1.0
1,0,2.145998520608161,0.43568,5000,2.2284728067892567,0.38489208633093525,834,2.2218262570353744,0.4042,0.995848078767057,0.08301163832820274,0.08282148658575486,0.08325422095318333,0.9948022531053817,,0.9947951401977557,0.005204859802244277,0.9535036075278076,0.09970558799130004,5,0.001,0.1,1.0,0.9913005269414336,0.9920969335449781,0.9940136677999608,0.9942448139114144,0.994352451929881,0.9910313723913275,0.9899443242574142,0.9921628099169005,0.9918113415825649,0.9930684707624381,0.991014728055019
1,1,2.144011528021211,0.46976,5000,2.2189144558376737,0.41007194244604317,834,2.2218262532267707,0.4042,0.9969650384812566,0.08342310359443543,0.0832301154993155,0.08325422095318333,0.9997104596668906,,0.9996858719710809,0.00031412802891905844,0.9535036970252286,0.09970558805391769,5,0.001,0.1,0.9913005269414336,1.0,0.9919157161026719,0.9910354971630346,0.995411266327389,0.9957104441929698,0.9934012689723298,0.9962136652984749,0.9930332154812661,0.9939314453760387,0.9942013039523594,0.9921851458726001
1,2,2.1488772610949862,0.45404,5000,2.2232011865686485,0.37050359712230213,834,2.2218262532267707,0.4042,0.9974531847917385,0.08339940962192885,0.08320658561453259,0.08325422095318333,0.9994278327380307,,0.9994104058534133,0.0005895941465866583,0.9535036969843123,0.09970558805370469,5,0.001,0.1,0.9920969335449781,0.9919157161026719,1.0,0.9943241917009253,0.9941721988650584,0.9926481760552641,0.9945784499946445,0.9929302311633278,0.9961584585288173,0.996263302298326,0.9950359835730632,0.9940691125370267
1,3,2.1493679960821845,0.48936,5000,2.225669772536666,0.38489208633093525,834,2.221826257797095,0.4042,0.9966811662203233,0.08328321076679097,0.08309119012791577,0.08325422095318333,0.9980417710429688,,0.9980234097872628,0.001976590212737217,0.9535036700406636,0.09970558804844623,5,0.001,0.1,0.9940136677999608,0.9910354971630346,0.9943241917009253,1.0,0.9932840162920882,0.9943793871640053,0.9932935371108769,0.990149018223783,0.9949939825118042,0.9932468639148697,0.9919394293638186,0.9943183681110649
1,4,2.148746770202734,0.4512,5000,2.2158051155231617,0.41536614645858344,833,2.2218262517033294,0.4042,0.9978395047684,0.08342826798906494,0.08323524411667685,0.08325422095318333,0.9997720615568918,,0.9997486975768647,0.00025130242313531337,0.9535036971035392,0.09970558805391833,5,0.001,0.1,0.9942448139114144,0.995411266327389,0.9941721988650584,0.9932840162920882,1.0,0.995967475382116,0.9943173467968212,0.9961863517627714,0.993870403418939,0.9939786345205026,0.9952307494504288,0.9921548860151456
1,5,2.1398203448884807,0.48216,5000,2.2268390832123934,0.4129651860744298,833,2.2218262532267707,0.4042,0.9975886500069704,0.08344737724671758,0.08325422095318333,0.08325422095318333,0.9999999999879885,,0.9999613380887484,3.866191125156959e-05,0.9535036970266393,0.09970558805391881,5,0.001,0.1,0.994352451929881,0.9957104441929698,0.9926481760552641,0.9943793871640053,0.995967475382116,1.0,0.9944385156622896,0.9952902204350569,0.9930131172576384,0.9939153306329012,0.9926190813179598,0.9934832821020397
1,6,2.1488175460487415,0.47304,5000,2.2195862752419933,0.39255702280912363,833,2.2218262517033294,0.4042,0.9969865018640796,0.08337430079587353,0.08318165057322431,0.08325422095318333,0.9991283279078551,,0.9991107760412136,0.0008892239587864337,0.9535036954273143,0.09970558805286948,5,0.001,0.1,0.9910313723913275,0.9934012689723298,0.9945784499946445,0.9932935371108769,0.9943173467968212,0.9944385156622896,1.0,0.9949648688728024,0.9933226961936543,0.9937324768772042,0.9916349295149123,0.9938884383199298
1,7,2.1415818723144047,0.46504,5000,2.2223334312438965,0.4021608643457383,833,2.221826250179888,0.4042,0.9968996281364935,0.08326549927751042,0.08307360089545723,0.08325422095318333,0.9978304996833074,,0.997820434753192,0.0021795652468079574,0.9535036640488564,0.09970558804828379,5,0.001,0.1,0.9899443242574142,0.9962136652984749,0.9929302311633278,0.990149018223783,0.9961863517627714,0.9952902204350569,0.9949648688728024,1.0,0.9928346443611643,0.99385674075416,0.9939569802540041,0.9912295699993293
1,8,2.1483518456197848,0.47736,5000,2.216036637624105,0.44657863145258103,833,2.221826250179888,0.4042,0.9974545600498271,0.08338387121414441,0.08319115476441516,0.08325422095318333,0.9992424865785138,,0.9992219290360619,0.0007780709639381156,0.9535036949903706,0.09970558805328597,5,0.001,0.1,0.9921628099169005,0.9930332154812661,0.9961584585288173,0.9949939825118042,0.993870403418939,0.9930131172576384,0.9933226961936543,0.9928346443611643,1.0,0.9962481923017392,0.9945973167605633,0.993974830435994
1,9,2.144904991471843,0.47836,5000,2.225975999125728,0.38055222088835533,833,2.2218262517033294,0.4042,0.9975011689653963,0.08341390954128597,0.08322098512870377,0.08325422095318333,0.9996007911058605,,0.999579551715139,0.00042044828486098584,0.9535036971297564,0.09970558805391556,5,0.001,0.1,0.9918113415825649,0.9939314453760387,0.996263302298326,0.9932468639148697,0.9939786345205026,0.9939153306329012,0.9937324768772042,0.99385674075416,0.9962481923017392,1.0,0.9943300790817073,0.9934441820702024
1,10,2.142197748961722,0.43592,5000,2.2191155663243047,0.4129651860744298,833,2.2218262570353744,0.4042,0.9970126077765751,0.08331824248826283,0.08312597988399106,0.08325422095318333,0.9984596448237401,,0.9984438580721238,0.0015561419278762312,0.9535036730878446,0.0997055880506238,5,0.001,0.1,0.9930684707624381,0.9942013039523594,0.9950359835730632,0.9919394293638186,0.9952307494504288,0.9926190813179598,0.9916349295149123,0.9939569802540041,0.9945973167605633,0.9943300790817073,1.0,0.9923168991296087
1,11,2.147906029300325,0.48932,5000,2.2135454018910727,0.4369747899159664,833,2.221826254750212,0.4042,0.9964398336077965,0.08325116913578218,0.08305936963229431,0.08325422095318333,0.9976595622461442,,0.9976512888914664,0.00234871110853363,0.9535036645063408,0.09970558804685445,5,0.001,0.1,0.991014728055019,0.9921851458726001,0.9940691125370267,0.9943183681110649,0.9921548860151456,0.9934832821020397,0.9938884383199298,0.9912295699993293,0.993974830435994,0.9934441820702024,0.9923168991296087,1.0
2,0,2.0118707125353965,0.49432,5000,2.1715257432725696,0.4724220623501199,834,2.1638633001345795,0.4904,0.9966896653842618,0.08310630624267204,0.08291550439782935,0.08323301817426812,0.9961852425347575,,0.9962256309140642,0.003774369085935758,0.9833591560937469,0.09976039219308482,5,0.001,0.1,1.0,0.9925720863770748,0.994745326907721,0.9952219801518996,0.994176813435084,0.9950974128803541,0.9920947369764601,0.9926678154177669,0.9940835097757793,0.993803390981448,0.9943619022303958,0.9928782115882034
2,1,2.006382342964221,0.52732,5000,2.160971615049574,0.49280575539568344,834,2.163863306228345,0.4904,0.9977797531978481,0.08339392498359877,0.08320113894571032,0.08323301817426812,0.9996169881826144,,0.9995988826707648,0.00040111732923520105,0.9833591494634978,0.09976039220618357,5,0.001,0.1,0.9925720863770748,1.0,0.9919264109561766,0.991463838069897,0.9967852816118296,0.996937961969468,0.9959213671251768,0.9974589229197267,0.9923102547340347,0.9966412606604695,0.9969582667523516,0.9957387638854877
2,2,2.014335636728129,0.53408,5000,2.1634789307912192,0.47601918465227816,834,2.1638633047049036,0.4904,0.9970902698255177,0.08335712741132299,0.08316459599017179,0.08323301817426812,0.9991779442029572,,0.9991639361691845,0.00083606383081547,0.9833591490758351,0.09976039220600964,5,0.001,0.1,0.994745326907721,0.9919264109561766,1.0,0.9961501784038732,0.9926592361743625,0.9931662695562841,0.9936459986464103,0.9929614275698756,0.9969198341656753,0.9955003112923234,0.9945168668891442,0.9942857913826774
2,3,2.0154719096080513,0.54064,5000,2.1685256604795105,0.4748201438848921,834,2.1638633008963004,0.4904,0.9967180221006592,0.08327382365848342,0.08308186782230234,0.08323301817426812,0.9981840097081726,,0.9981683919544563,0.00183160804554372,0.9833591481224904,0.09976039220428219,5,0.001,0.1,0.9952219801518996,0.991463838069897,0.9961501784038732,1.0,0.9926906927598578,0.9943239395431033,0.9925293352418706,0.9919158382476797,0.9964705375481534,0.9940120843923067,0.9929238224216675,0.9943263596783335
2,4,2.0136055583407164,0.50388,5000,2.1560832306190774,0.4897959183673469,833,2.163863306228345,0.4904,0.9978584625857502,0.08339963455519801,0.08320680899050899,0.08323301817426812,0.9996851107248814,,0.9996617082765487,0.00033829172345134495,0.9833591494681702,0.09976039220618452,5,0.001,0.1,0.994176813435084,0.9967852816118296,0.9926592361743625,0.9926906927598578,1.0,0.9966637503247169,0.9954989073789728,0.9973957926497822,0.9925270352443939,0.9954153279137408,0.9969661056608015,0.9948846232207776
2,5,1.998711694425838,0.53612,5000,2.168996802082768,0.4921968787515006,833,2.163863306228345,0.4904,0.9983127802287187,0.08342602651792215,0.08323301817426812,0.08323301817426812,0.9999999999879855,,0.9999613380887484,3.866191125156959e-05,0.9833591494606041,0.09976039220618542,5,0.001,0.1,0.9950974128803541,0.996937961969468,0.9931662695562841,0.9943239395431033,0.9966637503247169,1.0,0.9959565337417902,0.9969806313418905,0.993386354230468,0.9965798831358368,0.9959180854876856,0.9960935187234505
2,6,2.01303908627504,0.55604,5000,2.1607955208531133,0.49459783913565425,833,2.163863302419742,0.4904,0.9975347542258469,0.08335607536349124,0.08316355121857967,0.08323301817426812,0.9991653918335368,,0.9991494379524651,0.0008505620475348641,0.9833591488551452,0.09976039220600842,5,0.001,0.1,0.9920947369764601,0.9959213671251768,0.9936459986464103,0.9925293352418706,0.9954989073789728,0.9959565337417902,1.0,0.9968437728531288,0.9926366556480393,0.9957515086072553,0.9948474159951624,0.9960579507380114
2,7,2.0023104427726404,0.54772,5000,2.163143829063133,0.48619447779111646,833,2.163863301658021,0.4904,0.9980443314828006,0.08330578198481607,0.08311360546891591,0.08323301817426812,0.9985653204825427,,0.9985550110669721,0.001444988933027913,0.9833591519242226,0.09976039220537442,5,0.001,0.1,0.9926678154177669,0.9974589229197267,0.9929614275698756,0.9919158382476797,0.9973957926497822,0.9969806313418905,0.9968437728531288,1.0,0.9929756134131119,0.996328847366765,0.9968677717826474,0.995488385028386
2,8,2.0138507572708617,0.54096,5000,2.159151448143853,0.5426170468187275,833,2.163863302419742,0.4904,0.9969449927922959,0.08334290434984587,0.08315047128365975,0.08323301817426812,0.9990082434421091,,0.9989899575685524,0.0010100424314476442,0.9833591480337552,0.09976039220586873,5,0.001,0.1,0.9940835097757793,0.9923102547340347,0.9969198341656753,0.9964705375481534,0.9925270352443939,0.993386354230468,0.9926366556480393,0.9929756134131119,1.0,0.9953330832767262,0.9939487670624041,0.9941449265783006
2,9,2.0087757617804654,0.55348,5000,2.169061475329929,0.4645858343337335,833,2.163863306228345,0.4904,0.9983532498803114,0.08340680173086899,0.08321392654090427,0.08323301817426812,0.9997706242692815,,0.9997438648379583,0.00025613516204170406,0.9833591494719561,0.09976039220618511,5,0.001,0.1,0.993803390981448,0.9966412606604695,0.9955003112923234,0.9940120843923067,0.9954153279137408,0.9965798831358368,0.9957515086072553,0.996328847366765,0.9953330832767262,1.0,0.9962231725864079,0.9959943744574663
2,10,2.0047672229208007,0.4984,5000,2.1624265600133827,0.4837935174069628,833,2.163863306228345,0.4904,0.9981416033204096,0.08334127912730711,0.08314885729769293,0.08323301817426812,0.9989888522677627,,0.9989754593518331,0.0010245406481669272,0.9833591537262396,0.09976039220586698,5,0.001,0.1,0.9943619022303958,0.9969582667523516,0.9945168668891442,0.9929238224216675,0.9969661056608015,0.9959180854876856,0.9948474159951624,0.9968677717826474,0.9939487670624041,0.9962231725864079,1.0,0.9955240547860458
2,11,2.0103300033860907,0.55644,5000,2.153504654213234,0.5150060024009604,833,2.163863302419742,0.4904,0.9978375428000856,0.08329031407447346,0.08309824438916211,0.08323301817426812,0.9983807653613832,,0.9983665342496206,0.0016334657503793704,0.9833591484251059,0.09976039220484427,5,0.001,0.1,0.9928782115882034,0.9957387638854877,0.9942857913826774,0.9943263596783335,0.9948846232207776,0.9960935187234505,0.9960579507380114,0.995488385028386,0.9941449265783006,0.9959943744574663,0.9955240547860458,1.0
3,0,1.847373750103507,0.53468,5000,2.1019974726217763,0.5419664268585132,834,2.0931821433119118,0.5433,0.9983094687757784,0.08318301280996622,0.08299168312428223,0.08320333828457623,0.9974561698405954,,0.9974434811184891,0.002556518881510872,0.9914332508451963,0.09986481313650519,5,0.001,0.1,1.0,0.9970348034553718,0.9967574535718954,0.9966669344008774,0.9970146375450536,0.9976405574387145,0.9960007131155266,0.9965969765330395,0.9965053113541857,0.9964980120928187,0.9971527054734745,0.9957235838933444
3,1,1.8410789703867239,0.56548,5000,2.0904914891278303,0.5479616306954437,834,2.0931821387415877,0.5433,0.9989623098481296,0.08338045756977308,0.08318776474412265,0.08320333828457623,0.9998128255214938,,0.9997873594881163,0.00021264051188374378,0.9914332531933877,0.09986481313974274,5,0.001,0.1,0.9970348034553718,1.0,0.997129323716912,0.996229219934787,0.9978129520296927,0.9978826609183863,0.9971135716891889,0.9979855843556553,0.9974561944341913,0.9978794109094449,0.9978672308409589,0.9970121500012026
3,2,1.8462839746171502,0.57072,5000,2.090650708587081,0.5323741007194245,834,2.093182140265029,0.5433,0.998758781930371,0.08335132361651712,0.08315883233366039,0.08320333828457623,0.9994650941556806,,0.9994442350257585,0.0005557649742414794,0.991433253438274,0.09986481313973264,5,0.001,0.1,0.9967574535718954,0.997129323716912,1.0,0.9968577385125195,0.9969641402849572,0.9968277273594306,0.9973188189031787,0.9971322443604039,0.9975801483060892,0.9978001170176026,0.9975105714725051,0.9970883718876418
3,3,1.8475452219604687,0.56828,5000,2.098596175511678,0.5191846522781774,834,2.093182145597074,0.5433,0.9982315819045904,0.08328322452921433,0.08309120379532133,0.08320333828457623,0.9986522837596968,,0.9986468331061946,0.0013531668938053798,0.9914332555843695,0.0998648131391819,5,0.001,0.1,0.9966669344008774,0.996229219934787,0.9968577385125195,1.0,0.9963574836633079,0.9974723336999036,0.9962079333138153,0.9960901736310588,0.9972149031939611,0.9969058120345916,0.9960804230281992,0.9965697900871807
3,4,1.849305094275505,0.53784,5000,2.083582555806195,0.5522208883553421,833,2.09318214102675,0.5433,0.998781966186586,0.0833781382382249,0.083185461462378,0.08320333828457623,0.9997851429574031,,0.9997583630546776,0.00024163694532242097,0.9914332531935769,0.0998648131397426,5,0.001,0.1,0.9970146375450536,0.9978129520296927,0.9969641402849572,0.9963574836633079,1.0,0.9975004713528506,0.9968690608325711,0.998060774430694,0.9972537585851506,0.9971653608153354,0.9977248517169031,0.9965192631973471
3,5,1.8289723639275617,0.56532,5000,2.0983445202862776,0.539015606242497,833,2.0931821387415877,0.5433,0.9988382719014401,0.08339613965376809,0.08320333828457623,0.08320333828457623,0.9999999999879812,,0.9999613380887484,3.866191125156959e-05,0.9914332531861675,0.09986481313974295,5,0.001,0.1,0.9976405574387145,0.9978826609183863,0.9968277273594306,0.9974723336999036,0.9975004713528506,1.0,0.9969045361628055,0.9976087938275184,0.996838158324224,0.9974967948225637,0.9969364170907624,0.996810582387925
3,6,1.847277386780757,0.58968,5000,2.089138357727616,0.5402160864345739,833,2.0931821387415877,0.5433,0.9984064600624606,0.08333930732808234,0.08314689913063945,0.08320333828457623,0.999321671989373,,0.999299252858565,0.0007007471414349764,0.9914332531966491,0.0998648131397194,5,0.001,0.1,0.9960007131155266,0.9971135716891889,0.9973188189031787,0.9962079333138153,0.9968690608325711,0.9969045361628055,1.0,0.99760404229687,0.9967070958749985,0.9969314680681775,0.9962240390113349,0.9968617435555248
3,7,1.8340042325341777,0.58628,5000,2.090545963357996,0.5486194477791116,833,2.093182131124381,0.5433,0.9988403725046476,0.08332247075370093,0.08313017893094127,0.08320333828457623,0.9991207161137711,,0.9991011105634007,0.0008988894365993261,0.9914332539590244,0.09986481313963774,5,0.001,0.1,0.9965969765330395,0.9979855843556553,0.9971322443604039,0.9960901736310588,0.998060774430694,0.9976087938275184,0.99760404229687,1.0,0.9972812269343557,0.997290760445155,0.9975560365238825,0.9967364484117371
3,8,1.8482327746737535,0.57148,5000,2.0902639671608254,0.5702280912364946,833,2.093182144835353,0.5433,0.9987626782605029,0.08334272746366034,0.08315029562046287,0.08320333828457623,0.9993624935464572,,0.9993475802476296,0.0006524197523704034,0.9914332536435588,0.09986481313972932,5,0.001,0.1,0.9965053113541857,0.9974561944341913,0.9975801483060892,0.9972149031939611,0.9972537585851506,0.996838158324224,0.9967070958749985,0.9972812269343557,1.0,0.9977292698118244,0.9972963170026906,0.9971507973703521
3,9,1.841793450580281,0.5826,5000,2.099322857680144,0.5234093637454982,833,2.09318214102675,0.5433,0.9988442935518499,0.08338454492290868,0.08319182381055973,0.08320333828457623,0.9998616104202817,,0.9998356868771807,0.0001643131228192818,0.9914332531872798,0.09986481313974288,5,0.001,0.1,0.9964980120928187,0.9978794109094449,0.9978001170176026,0.9969058120345916,0.9971653608153354,0.9974967948225637,0.9969314680681775,0.997290760445155,0.9977292698118244,1.0,0.997151219503183,0.9971399565759955
3,10,1.8387458767860558,0.54384,5000,2.093243881508156,0.5354141656662665,833,2.0931821387415877,0.5433,0.9987148469389646,0.08334018708952101,0.08314777280986546,0.08320333828457623,0.9993321725202894,,0.9993089183363779,0.000691081663622084,0.991433253408615,0.0998648131397198,5,0.001,0.1,0.9971527054734745,0.9978672308409589,0.9975105714725051,0.9960804230281992,0.9977248517169031,0.9969364170907624,0.9962240390113349,0.9975560365238825,0.9972963170026906,0.997151219503183,1.0,0.9969410335859542
3,11,1.8409197196838962,0.5872,5000,2.0799091745305947,0.5690276110444178,833,2.0931821387415877,0.5433,0.9983905040805361,0.08329846602466312,0.0831063400420573,0.08320333828457623,0.9988342025029572,,0.9988208117068267,0.0011791882931733166,0.9914332558954344,0.09986481313949505,5,0.001,0.1,0.9957235838933444,0.9970121500012026,0.9970883718876418,0.9965697900871807,0.9965192631973471,0.996810582387925,0.9968617435555248,0.9967364484117371,0.9971507973703521,0.9971399565759955,0.9969410335859542,1.0
4,0,1.6867844757760406,0.5694,5000,2.0190475825910217,0.6007194244604317,834,2.0088514062924125,0.603,0.9986465265015145,0.08323581882240452,0.08304412519912721,0.08318417908832003,0.9983163398169448,,0.9983037086438368,0.0016962913561632265,0.9964079056176234,0.09988080866085776,5,0.001,0.1,1.0,0.9974647674967982,0.9972023667563151,0.9972676413205089,0.997383805310174,0.9979470288913471,0.9967215724900855,0.9974280504543797,0.9971346465354365,0.9971785377111115,0.9973978484482369,0.9964001425133534
4,1,1.6783740790786257,0.59832,5000,2.006286197238498,0.5875299760191847,834,2.008851399436926,0.603,0.999008595533728,0.08336857404927782,0.08317596344835008,0.08318417908832003,0.9999012355346907,,0.9998743487884324,0.00012565121156760117,0.9964079049790558,0.09988080866173336,5,0.001,0.1,0.9974647674967982,1.0,0.9972992513734108,0.9970396789531838,0.9978306780996334,0.9979043424291717,0.9974519879299099,0.9979464354467773,0.9974611062696536,0.9981557272338859,0.9980732777659526,0.9972321193141221
4,2,1.682847778736406,0.6002,5000,2.003585599086903,0.617505995203837,834,2.008851399056066,0.603,0.9988184434448086,0.08334457277947226,0.08315212817753237,0.08318417908832003,0.9996146994279616,,0.9995940499318584,0.00040595006814159174,0.9964079049719765,0.09988080866173198,5,0.001,0.1,0.9972023667563151,0.9972992513734108,1.0,0.9971056966927799,0.9971956077908818,0.997109487419171,0.9975378392344969,0.9974774772697078,0.9977981602592457,0.9977089832107201,0.99773091584593,0.9974161975586191
4,3,1.6836022481796848,0.59872,5000,2.015128762633712,0.5503597122302158,834,2.008851404768971,0.603,0.9985390569137392,0.08329379881089748,0.08310170506137006,0.08318417908832003,0.9990085370937974,,0.9989947903074589,0.0010052096925411425,0.9964079048731919,0.09988080866146344,5,0.001,0.1,0.9972676413205089,0.9970396789531838,0.9971056966927799,1.0,0.9966452674119586,0.9979390026971661,0.9966117662847385,0.9968964206297617,0.9972521859867318,0.997487574359491,0.9967795548463373,0.9972110203175116
4,4,1.6871392787641781,0.5756,5000,1.9971562888887193,0.6182472989195679,833,2.0088513986752057,0.603,0.9988322920323928,0.0833614620431542,0.08316890064062021,0.08318417908832003,0.9998163298734557,,0.9997921922270228,0.00020780777297724207,0.996407904978787,0.09988080866173324,5,0.001,0.1,0.997383805310174,0.9978306780996334,0.9971956077908818,0.9966452674119586,1.0,0.9975984932298284,0.9972449223229136,0.998215338089624,0.9974090278001994,0.9975428502917486,0.9977326534901452,0.9969478709669171
4,5,1.6634991434729023,0.59836,5000,2.0140835179222956,0.5846338535414166,833,2.0088513979134848,0.603,0.9989669772605527,0.08337684692867373,0.08318417908832003,0.08318417908832003,0.9999999999879784,,0.9999613380887484,3.866191125156959e-05,0.9964079049817349,0.09988080866173338,5,0.001,0.1,0.9979470288913471,0.9979043424291717,0.997109487419171,0.9979390026971661,0.9975984932298284,1.0,0.9971880089539656,0.9979321610736869,0.9971329791924064,0.9978035178267195,0.9974764501037464,0.9973306171895617
4,6,1.6834199726201926,0.61308,5000,2.003812723689609,0.6230492196878752,833,2.008851393724021,0.603,0.9986077486698038,0.08333040483643667,0.08313805817899639,0.08318417908832003,0.9994455567052706,,0.9994249040701327,0.0005750959298672642,0.9964079050431139,0.09988080866166024,5,0.001,0.1,0.9967215724900855,0.9974519879299099,0.9975378392344969,0.9966117662847385,0.9972449223229136,0.9971880089539656,1.0,0.9978116444062113,0.9970388975553068,0.9972541925874898,0.9968346121201831,0.9973606830151769
4,7,1.6698154066778292,0.61496,5000,2.0037726870289556,0.6086434573829532,833,2.0088514074349937,0.603,0.9990240856117777,0.08333351730095803,0.08314114912956012,0.08318417908832003,0.999482714619162,,0.9994635659813843,0.0005364340186156946,0.9964079048521854,0.09988080866166116,5,0.001,0.1,0.9974280504543797,0.9979464354467773,0.9974774772697078,0.9968964206297617,0.998215338089624,0.9979321610736869,0.9978116444062113,1.0,0.9976326431823438,0.9975570681383236,0.9978686874951581,0.9972804758445923
4,8,1.6838166317362695,0.59972,5000,2.008478049878721,0.6038415366146459,833,2.0088513986752057,0.603,0.9988087690101983,0.08333898952353554,0.08314658352319643,0.08318417908832003,0.9995480442731395,,0.9995263915871682,0.0004736084128318385,0.9964079049592257,0.09988080866166234,5,0.001,0.1,0.9971346465354365,0.9974611062696536,0.9977981602592457,0.9972521859867318,0.9974090278001994,0.9971329791924064,0.9970388975553068,0.9976326431823438,1.0,0.9975926322093998,0.9976352918001616,0.9973785461322376
4,9,1.678557745362543,0.61028,5000,2.015978866153293,0.5918367346938775,833,2.008851399056066,0.603,0.9989607852749784,0.08336953737779661,0.08317692011225347,0.08318417908832003,0.9999127360858034,,0.9998840142662453,0.00011598573375470878,0.9964079049802677,0.09988080866173336,5,0.001,0.1,0.9971785377111115,0.9981557272338859,0.9977089832107201,0.997487574359491,0.9975428502917486,0.9978035178267195,0.9972541925874898,0.9975570681383236,0.9975926322093998,1.0,0.997466417372578,0.9975387615426068
4,10,1.676105410430082,0.5878,5000,2.010424260739927,0.6134453781512605,833,2.008851396009183,0.603,0.9988863135014898,0.08333993438975167,0.08314752185714387,0.08318417908832003,0.9995593244703803,,0.999536057064981,0.0004639429350189461,0.996407905045025,0.0998808086616625,5,0.001,0.1,0.9973978484482369,0.9980732777659526,0.99773091584593,0.9967795548463373,0.9977326534901452,0.9974764501037464,0.9968346121201831,0.9978686874951581,0.9976352918001616,0.997466417372578,1.0,0.9973994661541685
4,11,1.6742237871619547,0.61312,5000,1.992422271657873,0.6362545018007203,833,2.0088514040072507,0.603,0.9986443609455762,0.08330654313764145,0.08311436136374763,0.08318417908832003,0.999160685044479,,0.9991446052135587,0.0008553947864412548,0.9964079048955108,0.09988080866157362,5,0.001,0.1,0.9964001425133534,0.9972321193141221,0.9974161975586191,0.9972110203175116,0.9969478709669171,0.9973306171895617,0.9973606830151769,0.9972804758445923,0.9973785461322376,0.9975387615426068,0.9973994661541685,1.0
5,0,1.5438731375773243,0.59884,5000,1.9229302318007857,0.6223021582733813,834,1.9113355010462265,0.6327,0.9986242691963214,0.08326837814269517,0.0830764598922671,0.08317290329987294,0.9988404467707834,,0.9988256444457332,0.001174355554266815,0.9975870803598343,0.09987788926836616,5,0.001,0.1,1.0,0.9974245470392639,0.9971785619828083,0.9970795605288698,0.9971785130256281,0.9976779401577636,0.9968612370321002,0.997192851387493,0.9971354894934538,0.9973812169965403,0.997338371282721,0.9964761010336556
5,1,1.532269345651007,0.61916,5000,1.9088299053686637,0.6127098321342925,834,1.9113354846692314,0.6327,0.9990383121064038,0.083363145074358,0.08317057202995208,0.08317290329987294,0.9999719707882214,,0.9999420071331226,5.799286687735439e-05,0.9975870802621856,0.0998778892685811,5,0.001,0.1,0.9974245470392639,1.0,0.9974828035919423,0.997019763413196,0.9976194405572357,0.9979463961901882,0.9975655348453711,0.997596816431223,0.9975434242500243,0.9981367747975922,0.9980484650190122,0.997498376815773
5,2,1.5363092956269622,0.62408,5000,1.902916294557077,0.6522781774580336,834,1.9113354846692314,0.6327,0.998809525809366,0.08334104401369789,0.08314862380959176,0.08317290329987294,0.999708084119736,,0.9996858719710809,0.00031412802891905844,0.9975870802605222,0.09987788926858038,5,0.001,0.1,0.9971785619828083,0.9974828035919423,1.0,0.996877442303706,0.9970864349158671,0.9971525598161505,0.9975624269976171,0.9973182114319484,0.9977365322717753,0.9975860304679318,0.9978027886117075,0.9973576179409396
5,3,1.5375805705975576,0.62288,5000,1.9185537762112088,0.592326139088729,834,1.9113354812414882,0.6327,0.9984270998213906,0.0832975677002943,0.08310544792204624,0.08317290329987294,0.9991889740991404,,0.9991736016469974,0.0008263983530025776,0.99758708037258,0.09987788926852122,5,0.001,0.1,0.9970795605288698,0.997019763413196,0.996877442303706,1.0,0.9963525088113913,0.9977953814528641,0.9965588467953806,0.9967716468378732,0.9971112018247037,0.9972787041033478,0.9968563830177828,0.9968583898908724
5,4,1.542500983150142,0.60772,5000,1.8971649584946808,0.6410564225690276,833,1.9113354839075107,0.6327,0.9986851694059631,0.08334738698631995,0.08315492292552203,0.08317290329987294,0.999783819313294,,0.9997583630546776,0.00024163694532242097,0.9975870802613963,0.09987788926858081,5,0.001,0.1,0.9971785130256281,0.9976194405572357,0.9970864349158671,0.9963525088113913,1.0,0.9972213611771648,0.9971892820206371,0.9978852812250556,0.9972000269148582,0.9974737037763279,0.9974884114588941,0.9969550168634028
5,5,1.5167731806730769,0.6234,5000,1.9166854487525091,0.6278511404561825,833,1.9113354850500917,0.6327,0.9989538659234318,0.08336549258326077,0.08317290329987294,0.08317290329987294,0.9999999999879768,,0.9999613380887484,3.866191125156959e-05,0.9975870802622018,0.0998778892685811,5,0.001,0.1,0.9976779401577636,0.9979463961901882,0.9971525598161505,0.9977953814528641,0.9972213611771648,1.0,0.997232942756006,0.9978175833152914,0.9970330766993472,0.9979108265532837,0.9976537385127823,0.9974291838105959
5,6,1.5392057587386696,0.6348,5000,1.9053414971740157,0.6530612244897959,833,1.9113354850500917,0.6327,0.9986664550616786,0.0833277389883019,0.08313541075644848,0.08317290329987294,0.9995492216462754,,0.9995263915871682,0.0004736084128318385,0.9975870802640557,0.09987788926857448,5,0.001,0.1,0.9968612370321002,0.9975655348453711,0.9975624269976171,0.9965588467953806,0.9971892820206371,0.997232942756006,1.0,0.9974726863165926,0.997011394155142,0.9971888239272825,0.9972469838013436,0.9975365931036683
5,7,1.5234428861338623,0.63788,5000,1.9032278855641682,0.6338535414165666,833,1.911335490762997,0.6327,0.9988468642409681,0.08333546991734625,0.08314308824826905,0.08317290329987294,0.9996415292550743,,0.9996230463652971,0.00037695363470291454,0.9975870802674418,0.09987788926857982,5,0.001,0.1,0.997192851387493,0.997596816431223,0.9973182114319484,0.9967716468378732,0.9978852812250556,0.9978175833152914,0.9974726863165926,1.0,0.9973561261515207,0.9973046278822831,0.9978026726079757,0.997070132657446
5,8,1.5369712857683753,0.62256,5000,1.9143321293371696,0.6374549819927972,833,1.9113354839075107,0.6327,0.9987554574532349,0.08333587544502163,0.08314349097261003,0.08317290329987294,0.9996463712688192,,0.9996278791042035,0.00037212089579652385,0.9975870802655342,0.09987788926857988,5,0.001,0.1,0.9971354894934538,0.9975434242500243,0.9977365322717753,0.9971112018247037,0.9972000269148582,0.9970330766993472,0.997011394155142,0.9973561261515207,1.0,0.9974698186104254,0.9975706864554968,0.997325851731766
5,9,1.5323776011254377,0.63232,5000,1.919621472005491,0.6254501800720288,833,1.9113354839075107,0.6327,0.9989619993265336,0.08336127291780958,0.08316871282346514,0.08317290329987294,0.9999496172762823,,0.9999178434385904,8.21565614096409e-05,0.997587080262171,0.0998778892685811,5,0.001,0.1,0.9973812169965403,0.9981367747975922,0.9975860304679318,0.9972787041033478,0.9974737037763279,0.9979108265532837,0.9971888239272825,0.9973046278822831,0.9974698186104254,1.0,0.9977452527097895,0.9974920420374472
5,10,1.5313711024393701,0.61848,5000,1.9143303676887795,0.6386554621848739,833,1.9113354861926728,0.6327,0.9989687434499079,0.0833433382623822,0.08315090219610888,0.08317290329987294,0.9997354774945817,,0.9997100356656131,0.00028996433438688296,0.9975870802696972,0.09987788926858054,5,0.001,0.1,0.997338371282721,0.9980484650190122,0.9978027886117075,0.9968563830177828,0.9974884114588941,0.9976537385127823,0.9972469838013436,0.9978026726079757,0.9975706864554968,0.9977452527097895,1.0,0.997495582434388
5,11,1.5260698000336907,0.63676,5000,1.8913713737770363,0.6554621848739496,833,1.9113354892395555,0.6327,0.9986721185382389,0.08331328996851232,0.08312106158377335,0.08317290329987294,0.9993766994412584,,0.9993572457254425,0.000642754274557511,0.997587080267292,0.09987788926857093,5,0.001,0.1,0.9964761010336556,0.997498376815773,0.9973576179409396,0.9968583898908724,0.9969550168634028,0.9974291838105959,0.9975365931036683,0.997070132657446,0.997325851731766,0.9974920420374472,0.997495582434388,1.0
6,0,1.4189207147640788,0.6196,5000,1.815297488813047,0.6426858513189448,834,1.8023320322219556,0.6511,0.9985258036110853,0.08328898093666263,0.08309692045694543,0.08316447516306447,0.9991876975477116,,0.9991687689080909,0.0008312310919090793,0.9981628267394087,0.09986616397099718,5,0.001,0.1,1.0,0.9968928021639226,0.9967832275368761,0.9969875142305455,0.9967793377219101,0.9974987770712237,0.996405030170784,0.997273880402301,0.9972063185228379,0.9971894296951522,0.9969388724489228,0.9963708717101009
6,1,1.4068830146151743,0.64212,5000,1.799872009842484,0.6438848920863309,834,1.8023320211770055,0.6511,0.9987928575475978,0.08335571300084699,0.08316319136208848,0.08316447516306447,0.999984563096521,,0.9999516726109355,4.832738906446199e-05,0.9981628266523488,0.09986616397114725,5,0.001,0.1,0.9968928021639226,1.0,0.9971787307015516,0.9967227250134433,0.9970674390953863,0.997438444832559,0.9972175239565018,0.9973658979574164,0.9970024688816329,0.9977219736018536,0.9977864603311264,0.9971282191438365
6,2,1.4110567644902854,0.64448,5000,1.7903113100263808,0.6678657074340527,834,1.8023320200344244,0.6511,0.9986542042616567,0.08333768519259117,0.0831452882094136,0.08316447516306447,0.9997692890550559,,0.9997438648379583,0.00025613516204170406,0.9981628266536674,0.099866163971147,5,0.001,0.1,0.9967832275368761,0.9971787307015516,1.0,0.9965972252681372,0.9966682097870636,0.9967721255176991,0.9971620979792,0.9973072214590988,0.9974631148034857,0.9971409325421259,0.9976961069099084,0.9970931872533285
6,3,1.4122917292983668,0.64472,5000,1.8106758462058172,0.6235011990407674,834,1.8023320230813071,0.6511,0.9983752796363753,0.08330202243370859,0.08310987188713743,0.08316447516306447,0.9993434302709262,,0.9993234165530973,0.0006765834469026899,0.9981628266900207,0.09986616397100449,5,0.001,0.1,0.9969875142305455,0.9967227250134433,0.9965972252681372,1.0,0.9960442691607133,0.9975741800912892,0.9963211035298403,0.9967691145793185,0.9968806086883557,0.9971885735696339,0.996644097176479,0.9967920450875758
6,4,1.4187002258695613,0.632,5000,1.785327809828299,0.6602641056422569,833,1.8023320211770055,0.6511,0.9985054820540852,0.08333677486027567,0.08314438417028346,0.08316447516306447,0.9997584185586288,,0.9997341993601454,0.00026580063985459645,0.9981628266527967,0.09986616397114698,5,0.001,0.1,0.9967793377219101,0.9970674390953863,0.9966682097870636,0.9960442691607133,1.0,0.996798375093746,0.9968742026014334,0.9977011647042355,0.9969346479329244,0.9972959240054113,0.9971821076104811,0.9967336621413811
