round,client_id,client_i_training_loss,client_i_training_accuracy,client_i_training_dataset_size,client_i_evaluation_loss,client_i_evaluation_accuracy,client_i_evaluation_dataset_size,client_i_central_evaluation_loss,client_i_central_evaluation_accuracy,client_i_cosine_similarity,client_i_importance_coefficient,client_i_tanh_val,tanh_normalization_value,client_i_q,client_i_mask_order,client_i_v_nonzero_fraction,client_i_v_sparsity,client_i_v_cosine_similarity,client_i_reward_gradient_norm,local_epochs,learning_rate,gamma,client_0_cosine_similarity,client_1_cosine_similarity,client_2_cosine_similarity,client_3_cosine_similarity,client_4_cosine_similarity,client_5_cosine_similarity,client_6_cosine_similarity,client_7_cosine_similarity,client_8_cosine_similarity,client_9_cosine_similarity,client_10_cosine_similarity,client_11_cosine_similarity
0,0,0.3566125613204233,0.88852,5000,2.206689896406951,0.4784172661870504,834,2.203693129384099,0.4741,0.7902905168652825,0.08330912636061673,0.08311692674127537,0.08459454927293403,0.9825328872209742,,0.9825460569248532,0.017453943075146805,0,0.39526001678604944,5,0.1,0.5,1.0,0.5695471894037156,0.600325637502055,0.577352925502143,0.5958050350017371,0.599545664202054,0.5909958067240759,0.5868457878665653,0.5915975642797955,0.5832313702049362,0.5867648064968091,0.6148751503544195
0,1,0.3461615728961814,0.8928,5000,2.1974548763699002,0.4880095923261391,834,2.2036927142463174,0.474,0.7731288051603028,0.08150001037290919,0.0813200406588783,0.08459454927293403,0.9612917304582802,,0.9613021434666934,0.038697856533306596,0,0.39525922789635315,5,0.1,0.5,0.5695471894037156,1.0,0.5920837214421609,0.5737388203071621,0.5708622453891978,0.5718512895799075,0.578359056130276,0.5761947270787148,0.5823158638553723,0.5781693499858329,0.5573434897197899,0.5836210353918306
0,2,0.35131295684036934,0.8928,5000,2.2020720375908747,0.4940047961630695,834,2.2036927226252447,0.4741,0.7981269271517122,0.08413520801139412,0.0839372449593855,0.08459454927293403,0.9922299448346246,,0.9922393454143869,0.007760654585613147,0,0.3952600710786876,5,0.1,0.5,0.600325637502055,0.5920837214421609,1.0,0.5821597614219405,0.6021918766610458,0.5957804828163413,0.5997133698013324,0.598843399731172,0.6009337881364436,0.59248290807479,0.5998437321338669,0.6068663413422173
0,3,0.3462423613994934,0.89368,5000,2.203133397632175,0.4712230215827338,834,2.2036919091075373,0.4741,0.7800122113875243,0.08222563031511686,0.08204081945558908,0.08459454927293403,0.9698121233547157,,0.9698157723005874,0.030184227699412647,0,0.39525968761652336,5,0.1,0.5,0.577352925502143,0.5737388203071621,0.5821597614219405,1.0,0.5776150121068784,0.580239334091707,0.5765274588455451,0.5851492419816857,0.5812169083561088,0.5936570728598192,0.5807919824031207,0.5909359292978548
0,4,0.3251398626922565,0.89764,5000,2.201228830549452,0.48139255702280914,833,2.2036927058673896,0.4741,0.7953056130139113,0.08383779685563163,0.08364192183864762,0.08459454927293403,0.9887389028789358,,0.9887455449023643,0.011254455097635674,0,0.39526006173003775,5,0.1,0.5,0.5958050350017371,0.5708622453891978,0.6021918766610458,0.5776150121068784,1.0,0.5956733640225932,0.5891609864546967,0.5994741671022269,0.6065986193407555,0.5967954801435436,0.5930816184158724,0.6172029469961154
0,5,0.3465822337907116,0.89072,5000,2.208212870138663,0.46938775510204084,833,2.2036930844425773,0.4741,0.7915651931947877,0.08344349741675042,0.08325036801410247,0.08459454927293403,0.9841103088630588,,0.9841172631895989,0.015882736810401088,0,0.39526003273693733,5,0.1,0.5,0.599545664202054,0.5718512895799075,0.5957804828163413,0.580239334091707,0.5956733640225932,1.0,0.5764661484221837,0.6017574400398621,0.581861893522881,0.6120413490878525,0.595506554208153,0.598255304107984
0,6,0.33727703420979205,0.89408,5000,2.203278409110175,0.4921968787515006,833,2.203692509343449,0.4741,0.7859478197935635,0.08285133736862836,0.08266228308208466,0.08459454927293403,0.9771585024279483,,0.9771698207921289,0.022830179207871115,0,0.3952599260945906,5,0.1,0.5,0.5909958067240759,0.578359056130276,0.5997133698013324,0.5765274588455451,0.5891609864546967,0.5764661484221837,1.0,0.5666889301356755,0.5974652880509538,0.588247258218399,0.5893169581798637,0.6027498005459939
0,7,0.35329652424000063,0.89016,5000,2.20376479184186,0.453781512605042,833,2.203692986180607,0.4741,0.7911091644078441,0.083395424766219,0.08320262834600521,0.08459454927293403,0.9835459738260263,,0.983645399327343,0.016354600672657038,0,0.39526002757458595,5,0.1,0.5,0.5868457878665653,0.5761947270787148,0.598843399731172,0.5851492419816857,0.5994741671022269,0.6017574400398621,0.5666889301356755,1.0,0.5904465061071972,0.5997870686835857,0.5933416695879297,0.6061238878377754
0,8,0.34659928937270573,0.89204,5000,2.207387129465739,0.48139255702280914,833,2.203693079872253,0.4741,0.7918590547859844,0.08347447507864954,0.08328113090213725,0.08459454927293403,0.9844739598110077,,0.9844736710004518,0.0155263289995482,0,0.3952600345550728,5,0.1,0.5,0.5915975642797955,0.5823158638553723,0.6009337881364436,0.5812169083561088,0.6065986193407555,0.581861893522881,0.5974652880509538,0.5904465061071972,1.0,0.5867023953376658,0.5888480682156604,0.6037795695972545
0,9,0.3452459051576295,0.89144,5000,2.20781253002308,0.46218487394957986,833,2.2036928384067913,0.4741,0.7941710876794309,0.08371819993218067,0.08352316042437365,0.08459454927293403,0.9873350132040893,,0.9873450128005622,0.012654987199437806,0,0.3952600560036152,5,0.1,0.5,0.5832313702049362,0.5781693499858329,0.59248290807479,0.5936570728598192,0.5967954801435436,0.6120413490878525,0.588247258218399,0.5997870686835857,0.5867023953376658,1.0,0.6042552594499203,0.5983294523266519
0,10,0.3534090659634513,0.8894,5000,2.208621025085449,0.4429771908763505,833,2.203693133954423,0.4741,0.7903185400303218,0.08331208044566196,0.0831198604175297,0.08459454927293403,0.9825675664796203,,0.9825761758947844,0.01742382410521559,0,0.39526001694899815,5,0.1,0.5,0.5867648064968091,0.5573434897197899,0.5998437321338669,0.5807919824031207,0.5930816184158724,0.595506554208153,0.5893169581798637,0.5933416695879297,0.5888480682156604,0.6042552594499203,1.0,0.6080586304418927
0,11,0.348370388000729,0.88852,5000,2.2091757544764765,0.47418967587034816,833,2.203692734812776,0.474,0.804406867270169,0.08479721307624145,0.08459454927293403,0.08459454927293403,0.9999999999881788,,0.9999698810300688,3.0118969931214323e-05,0,0.395260076130591,5,0.1,0.5,0.6148751503544195,0.5836210353918306,0.6068663413422173,0.5909359292978548,0.6172029469961154,0.598255304107984,0.6027498005459939,0.6061238878377754,0.6037795695972545,0.5983294523266519,0.6080586304418927,1.0
1,0,0.30795100491292254,0.90464,5000,2.0482327849776656,0.8237410071942446,834,2.047672884913679,0.825,0.8136436547329556,0.08321514162271998,0.08302359056091005,0.08389196145791367,0.9896489379566014,,0.9896491140003012,0.0103508859996988,0.9593881817301038,0.40829774073631486,5,0.1,0.5,1.0,0.633773531005194,0.6281215007733755,0.6311134139145248,0.6327961586283236,0.63663221819238,0.6370136132149915,0.6305321412500302,0.6320042644847312,0.6359772896177404,0.6412165804354985,0.6339734401575824
1,1,0.30784729202960137,0.90712,5000,2.0429781719490334,0.8393285371702638,834,2.0476708777796344,0.8252,0.8089639692182788,0.08185909380961064,0.08167673906395465,0.08389196145791367,0.9735943425754333,,0.9736007228552783,0.026399277144721678,0.9593849804269569,0.40829738296177437,5,0.1,0.5,0.633773531005194,1.0,0.6268434409628659,0.6286901712602765,0.6333322861143789,0.6342710611578025,0.6393936212700144,0.6353106302944004,0.6289228609761782,0.6216390393093967,0.6312183555801655,0.6221200763555172
1,2,0.3057690049990252,0.90892,5000,2.0483476409205683,0.8261390887290168,834,2.0476724781548254,0.825,0.8178016458263975,0.08390452346689373,0.08370818126256488,0.08389196145791367,0.9978093229297208,,0.9978063350233422,0.0021936649766578498,0.9593878813518616,0.40829776941971757,5,0.1,0.5,0.6281215007733755,0.6268434409628659,1.0,0.6377427398926636,0.6404829555765702,0.6456205179727339,0.6399885291724607,0.637673504272971,0.6369067948437862,0.6400036489356213,0.6378173862310869,0.6387882861578128
1,3,0.304269213894394,0.90956,5000,2.0448561244540744,0.8081534772182254,834,2.047671407937242,0.825,0.8151395917131011,0.08255225560267634,0.08236523762277086,0.08389196145791367,0.9818013095701603,,0.9818131619898599,0.018186838010140094,0.9593880796048594,0.40829762805687697,5,0.1,0.5,0.6311134139145248,0.6286901712602765,0.6377427398926636,1.0,0.6348505379675786,0.6363160572250546,0.6361197147330434,0.6352994639214004,0.6384159315067133,0.6361467619661397,0.6463587306782088,0.631366117360136
1,4,0.28567948630494866,0.91064,5000,2.044706865593239,0.8271308523409364,833,2.0476724880571946,0.825,0.8214972044727125,0.08383663048821252,0.08364076363098825,0.08389196145791367,0.9970056984774585,,0.9970081823201646,0.0029918176798353624,0.9593878686303521,0.4082977688597814,5,0.1,0.5,0.6327961586283236,0.6333322861143789,0.6404829555765702,0.6348505379675786,1.0,0.6424265005550279,0.6571889198623971,0.6428831777229925,0.6428330173133538,0.6445885754237197,0.645806975396652,0.6306164623088454
1,5,0.3086276500040938,0.90328,5000,2.050795652248241,0.8283313325330132,833,2.047672493389239,0.825,0.8191182512577491,0.08349388854272967,0.08330040968817481,0.08389196145791367,0.9929486477553804,,0.9929521610360925,0.007047838963907482,0.9593879737413913,0.40829775913885685,5,0.1,0.5,0.63663221819238,0.6342710611578025,0.6456205179727339,0.6363160572250546,0.6424265005550279,1.0,0.6364274669540707,0.637878383045438,0.6415307267101135,0.6419835721107316,0.6367850174783545,0.6361051968944451
1,6,0.29347481749073906,0.912,5000,2.0505403589319298,0.8415366146458584,833,2.0476720995796374,0.825,0.8225151359570514,0.08322116579275528,0.08302957320385149,0.08389196145791367,0.9897202516180941,,0.9897244114251292,0.010275588574870764,0.9593887769490912,0.40829774100617333,5,0.1,0.5,0.6370136132149915,0.6393936212700144,0.6399885291724607,0.6361197147330434,0.6571889198623971,0.6364274669540707,1.0,0.6431077159479612,0.6480359581252406,0.6419905285942998,0.650669250310441,0.6320464327342749
1,7,0.3162223285194605,0.90632,5000,2.048300036677608,0.8163265306122449,833,2.047672507100212,0.825,0.8159369254678349,0.0833517065576766,0.08315921262661975,0.08389196145791367,0.9912655656209352,,0.9912755383765876,0.00872446162341245,0.9593879002603151,0.40829775185331824,5,0.1,0.5,0.6305321412500302,0.6353106302944004,0.637673504272971,0.6352994639214004,0.6428831777229925,0.637878383045438,0.6431077159479612,1.0,0.6392876172769044,0.6386573915958295,0.6323973691794071,0.6223633359466947
1,8,0.3042805775976295,0.9088,5000,2.052102389159026,0.8211284513805522,833,2.047672517002581,0.825,0.8168404387967173,0.0834352325501559,0.0832421604225418,0.08389196145791367,0.9922543110797318,,0.9922644445559962,0.007735555444003839,0.959387966958055,0.4082977568320603,5,0.1,0.5,0.6320042644847312,0.6289228609761782,0.6369067948437862,0.6384159315067133,0.6428330173133538,0.6415307267101135,0.6480359581252406,0.6392876172769044,1.0,0.6370492781804815,0.6331689426504126,0.6256297487899849
1,9,0.3022110453990709,0.90644,5000,2.0507431913305214,0.8331332533013205,833,2.0476724164554487,0.825,0.81781149584743,0.08362974692458121,0.0834353238267249,0.08389196145791367,0.9945568368619869,,0.9945635259274133,0.005436474072586739,0.9593879677750304,0.40829776505840354,5,0.1,0.5,0.6359772896177404,0.6216390393093967,0.6400036489356213,0.6361467619661397,0.6445885754237197,0.6419835721107316,0.6419905285942998,0.6386573915958295,0.6370492781804815,1.0,0.6416708605982969,0.6321549478131766
1,10,0.30839356788119693,0.90316,5000,2.054560625994647,0.8271308523409364,833,2.0476727691321326,0.825,0.8192283867956633,0.08341101126442854,0.08321810692384196,0.08389196145791367,0.9919675911332491,,0.9919732945133276,0.008026705486672392,0.9593881138432542,0.40829775490798814,5,0.1,0.5,0.6412165804354985,0.6312183555801655,0.6378173862310869,0.6463587306782088,0.645806975396652,0.6367850174783545,0.650669250310441,0.6323973691794071,0.6331689426504126,0.6416708605982969,1.0,0.6308362037717302
1,11,0.3103831323634857,0.9038,5000,2.0505444738599987,0.8079231692677071,833,2.047672623643479,0.825,0.8105536752650297,0.0840896033775596,0.08389196145791367,0.08389196145791367,0.9999999999880799,,0.9999698810300688,3.0118969931214323e-05,0.9593877505054415,0.4082977700263232,5,0.1,0.5,0.6339734401575824,0.6221200763555172,0.6387882861578128,0.631366117360136,0.6306164623088454,0.6361051968944451,0.6320464327342749,0.6223633359466947,0.6256297487899849,0.6321549478131766,0.6308362037717302,1.0
2,0,0.2800795840787565,0.91432,5000,1.8480428059895833,0.9052757793764988,834,1.8510751990845409,0.905,0.8130682493735613,0.08314894751065115,0.0829578523581548,0.08376331535513525,0.9903840601991949,,0.99039706842026,0.009602931579740015,0.9688033345251027,0.4080718202116376,5,0.1,0.5,1.0,0.6267295806223983,0.6287972104922693,0.6292585846873517,0.6385775499318828,0.6312304630597214,0.6395068795121206,0.639781090814725,0.6338293392814868,0.6251956437035447,0.6331780387527107,0.6372500407803681
2,1,0.27074848003626156,0.91956,5000,1.8482266973566126,0.9112709832134293,834,1.8510722497019905,0.905,0.8110260903936407,0.08218320908432264,0.08199868360258673,0.08376331535513525,0.9789331195160332,,0.9789368003614276,0.021063199638572394,0.968801894247936,0.4080716573760221,5,0.1,0.5,0.6267295806223983,1.0,0.6249128793362073,0.6362366492939674,0.6418426343317474,0.6298113339999908,0.6368056561513811,0.6286851451245592,0.6424768127083842,0.6293161098208384,0.6180966217962041,0.6345816057090193
2,2,0.2725702144122522,0.9196,5000,1.8533746004104614,0.9184652278177458,834,1.8510745710458238,0.905,0.8146918177353372,0.08366023589445304,0.08346560047202911,0.08376331535513525,0.9964457604998042,,0.9964409417197931,0.0035590582802068615,0.9688025177824161,0.4080718369897713,5,0.1,0.5,0.6287972104922693,0.6249128793362073,1.0,0.6354017928350904,0.6429587039900784,0.6403765745431701,0.6361621312192495,0.6371288606950596,0.6352618587058729,0.6330859690818635,0.6309844078012051,0.6310994718162501
2,3,0.27667661826986417,0.91828,5000,1.845495926009284,0.8992805755395683,834,1.8510727196836625,0.905,0.8147093654743656,0.08276852527874166,0.08258003628877368,0.08376331535513525,0.9858735406743317,,0.9858792229305757,0.014120777069424273,0.9688039129404487,0.408071782359995,5,0.1,0.5,0.6292585846873517,0.6362366492939674,0.6354017928350904,1.0,0.6455557509243067,0.63712431832383,0.631181538592004,0.6334250484572569,0.6362818450972806,0.6305196909046026,0.6308148323343288,0.6366018811564764
2,4,0.2527340489184591,0.92408,5000,1.8475595226994268,0.9015606242496998,833,1.8510744663092276,0.905,0.8246144159306855,0.08396004687157735,0.08376331535513525,0.08376331535513525,0.9999999999880615,,0.9999698810300688,3.0118969931214323e-05,0.9688025855884359,0.4080718375896962,5,0.1,0.5,0.6385775499318828,0.6418426343317474,0.6429587039900784,0.6455557509243067,1.0,0.6395249083915365,0.6438687288609509,0.6530298998109015,0.6481781595591993,0.6383175229317938,0.6407089541022174,0.641357634644253
2,5,0.2740032161947838,0.9176,5000,1.8519227063214336,0.9099639855942377,833,1.8510744621197637,0.905,0.816455629994926,0.08345052764950156,0.08325734951886919,0.08376331535513525,0.9939595772312158,,0.9939611465287888,0.006038853471211247,0.9688030417221952,0.408071833699451,5,0.1,0.5,0.6312304630597214,0.6298113339999908,0.6403765745431701,0.63712431832383,0.6395249083915365,1.0,0.6365354999031906,0.6365872806962345,0.6399087017630283,0.6350159558741291,0.6325154255816027,0.6366490721875622
2,6,0.2544101981262255,0.92228,5000,1.8570375839869182,0.9111644657863145,833,1.851074041269077,0.905,0.8180263707431596,0.08332511804782977,0.08313280793003018,0.08376331535513525,0.9924727498735652,,0.9924752773455148,0.0075247226544852275,0.9688028836730815,0.4080718294561342,5,0.1,0.5,0.6395068795121206,0.6368056561513811,0.6361621312192495,0.631181538592004,0.6438687288609509,0.6365354999031906,1.0,0.6447705025738987,0.6457729255645844,0.6229604259410796,0.6351842165347019,0.6391946624465985
2,7,0.2753962685532014,0.91796,5000,1.8523080437271684,0.9003601440576231,833,1.851074552764527,0.905,0.8199338404624108,0.08347750424391494,0.08328413905712058,0.08376331535513525,0.9942794014661744,,0.9942874353697103,0.005712564630289685,0.9688029232455017,0.4080718347476903,5,0.1,0.5,0.639781090814725,0.6286851451245592,0.6371288606950596,0.6334250484572569,0.6530298998109015,0.6365872806962345,0.6447705025738987,1.0,0.6406381016013231,0.6363897580665069,0.6417147410391106,0.6376992055550528
2,8,0.2702735844750408,0.91892,5000,1.856809342349017,0.9027611044417767,833,1.851074721485662,0.905,0.8196682234381335,0.08352339561258881,0.08332971193767601,0.08376331535513525,0.9948234687629579,,0.9948245570001506,0.0051754429998494,0.9688027026196299,0.40807183563901317,5,0.1,0.5,0.6338293392814868,0.6424768127083842,0.6352618587058729,0.6362818450972806,0.6481781595591993,0.6399087017630283,0.6457729255645844,0.6406381016013231,1.0,0.6331152489659241,0.6304224867761586,0.6412915440801432
2,9,0.27004970399318795,0.91824,5000,1.8539017262282196,0.9015606242496998,833,1.8510744312700753,0.905,0.8120235763488797,0.08338625136505927,0.08319351844238915,0.08376331535513525,0.9931975362803692,,0.9932031524521862,0.006796847547813845,0.9688028224754754,0.4080718321460741,5,0.1,0.5,0.6251956437035447,0.6293161098208384,0.6330859690818635,0.6305196909046026,0.6383175229317938,0.6350159558741291,0.6229604259410796,0.6363897580665069,0.6331152489659241,1.0,0.6322829579644152,0.6350616319611079
2,10,0.27980396688743764,0.91464,5000,1.8599232391074851,0.9063625450180072,833,1.8510751678539923,0.905,0.8122521308647355,0.08324985210816714,0.08305806169052386,0.08376331535513525,0.9915803993357609,,0.9915917875608654,0.008408212439134588,0.9688029898552902,0.40807182715389445,5,0.1,0.5,0.6331780387527107,0.6180966217962041,0.6309844078012051,0.6308148323343288,0.6407089541022174,0.6325154255816027,0.6351842165347019,0.6417147410391106,0.6304224867761586,0.6322829579644152,1.0,0.628460715446592
2,11,0.2779063404199614,0.91648,5000,1.8524286570372406,0.8919567827130852,833,1.8510746654991905,0.905,0.8171111087515057,0.08386638633319243,0.08367031123715525,0.08376331535513525,0.9988896795860506,,0.9988805782842227,0.0011194217157772801,0.9688026081491258,0.4080718375671262,5,0.1,0.5,0.6372500407803681,0.6345816057090193,0.6310994718162501,0.6366018811564764,0.641357634644253,0.6366490721875622,0.6391946624465985,0.6376992055550528,0.6412915440801432,0.6350616319611079,0.628460715446592,1.0
3,0,0.26069418115743026,0.921,5000,1.6162580560754847,0.9292565947242206,834,1.6236503585078084,0.9285,0.7983789373946634,0.08286461025531175,0.08267546525996546,0.08363633095019013,0.988511383984725,,0.9885196526278801,0.011480347372119892,0.971579181429296,0.40417018963890095,5,0.1,0.5,1.0,0.6090088231219498,0.6181437302217382,0.6063487502230994,0.6109445182389258,0.6197868938250496,0.6142758372261874,0.6136221815004845,0.6151549698833996,0.6191733781182027,0.6080405362998528,0.6105882927381242
3,1,0.24432424192619362,0.92724,5000,1.6219412397455286,0.9412470023980816,834,1.623646701867588,0.9286,0.8043086553018188,0.08243188062959722,0.0822456780925845,0.08363633095019013,0.9833726223665022,,0.9833743285979619,0.016625671402038078,0.9715786340782562,0.40417012518720596,5,0.1,0.5,0.6090088231219498,1.0,0.6236453070822775,0.6166322744714632,0.6208058978461318,0.6256188470139784,0.62329428377586,0.6116726687554771,0.6199902232922834,0.6237508083278137,0.615449357270643,0.6171906053883738
3,2,0.24750374420338375,0.92556,5000,1.6275860380243372,0.9280575539568345,834,1.6236500679113615,0.9285,0.8122624259921657,0.08368684095970089,0.08349202013424406,0.08363633095019013,0.9982745439056826,,0.9982681592289544,0.0017318407710456007,0.9715792574291962,0.40417022001093905,5,0.1,0.5,0.6181437302217382,0.6236453070822775,1.0,0.6211453104018246,0.6231217804440338,0.6375271131761633,0.6268128592221287,0.6221429001595358,0.6199630296337533,0.6303142720625308,0.6261460283657396,0.6285114757485007
3,3,0.250033939992831,0.92652,5000,1.6152103300447818,0.9280575539568345,834,1.6236475885104829,0.9285,0.804920588016441,0.08284069480807997,0.08265171323341872,0.08363633095019013,0.9882273922519863,,0.988328899151649,0.01167110084835099,0.9715787116396493,0.40417018654972886,5,0.1,0.5,0.6063487502230994,0.6166322744714632,0.6211453104018246,1.0,0.628976678472029,0.6231772858730688,0.613316152046155,0.6202639039890285,0.6155931356449388,0.6267777035943927,0.6185597976776745,0.6194381391614477
3,4,0.23020402278252847,0.93116,5000,1.6196012717706185,0.929171668667467,833,1.6236499951670345,0.9285,0.8107368533204414,0.0838321665805654,0.08363633095019013,0.08363633095019013,0.9999999999880435,,0.9999698810300688,3.0118969931214323e-05,0.9715793123493307,0.40417022009175935,5,0.1,0.5,0.6109445182389258,0.6208058978461318,0.6231217804440338,0.628976678472029,1.0,0.6240651123735892,0.6240417616380672,0.6271891069646395,0.6167762074752301,0.6296248222847142,0.6241962917725846,0.6315715991498112
3,5,0.24829548983864344,0.9242,5000,1.6219788171626903,0.9267707082833133,833,1.6236500161143537,0.9285,0.8151976902127942,0.08365028364944324,0.08345571755118937,0.08363633095019013,0.9978404911125743,,0.9978364539932735,0.0021635460067265244,0.9715794328882328,0.404170219935003,5,0.1,0.5,0.6197868938250496,0.6256188470139784,0.6375271131761633,0.6231772858730688,0.6240651123735892,1.0,0.6342010885539391,0.6300300735057975,0.6245268766548642,0.6347840136451993,0.6248200680074034,0.6283321352011274
3,6,0.24087093728030942,0.92936,5000,1.6330153323985912,0.9399759903961584,833,1.6236498569147275,0.9285,0.8097062358757852,0.08337591937896169,0.083183257956817,0.08363633095019013,0.9945828207763256,,0.9945886250690227,0.00541137493097732,0.971579429772461,0.4041702173468244,5,0.1,0.5,0.6142758372261874,0.62329428377586,0.6268128592221287,0.613316152046155,0.6240417616380672,0.6342010885539391,1.0,0.6260648624424822,0.6195718973270037,0.6241074330459273,0.6246810954301761,0.6237702173163342
3,7,0.25345408377136774,0.92356,5000,1.625252816412184,0.929171668667467,833,1.6236504499142923,0.9285,0.808115766567112,0.08342138528020424,0.08322840908803618,0.08363633095019013,0.9951226714692684,,0.9951257466994629,0.004874253300537146,0.9715793329422852,0.40417021820522286,5,0.1,0.5,0.6136221815004845,0.6116726687554771,0.6221429001595358,0.6202639039890285,0.6271891069646395,0.6300300735057975,0.6260648624424822,1.0,0.61245030643005,0.6349388343979925,0.6189743439034698,0.6205865957260537
3,8,0.24916067339337555,0.92468,5000,1.630669147879989,0.9315726290516206,833,1.6236505809302528,0.9285,0.8036208090733146,0.08329514731239145,0.08310304425010641,0.08363633095019013,0.993623743473456,,0.9936298378595452,0.006370162140454827,0.9715792298621511,0.404170215306475,5,0.1,0.5,0.6151549698833996,0.6199902232922834,0.6199630296337533,0.6155931356449388,0.6167762074752301,0.6245268766548642,0.6195718973270037,0.61245030643005,1.0,0.6194755116692386,0.611050214392099,0.6197562007963887
3,9,0.24920835170515213,0.92432,5000,1.6281731216995805,0.9255702280912365,833,1.6236501505580574,0.9285,0.8152531077387558,0.08360966223784164,0.08341537892517292,0.08363633095019013,0.9973581812651949,,0.9973545504743738,0.0026454495256261756,0.9715794786126218,0.40417021976801565,5,0.1,0.5,0.6191733781182027,0.6237508083278137,0.6303142720625308,0.6267777035943927,0.6296248222847142,0.6347840136451993,0.6241074330459273,0.6349388343979925,0.6194755116692386,1.0,0.6305030182799792,0.634192947501386
3,10,0.2514098182332459,0.92364,5000,1.6354536877738104,0.9231692677070829,833,1.6236510421521366,0.9285,0.806946471406527,0.08322993238276252,0.08303827935143868,0.08363633095019013,0.9928493802519807,,0.9928517644696552,0.007148235530344826,0.9715792533123011,0.40417021259962,5,0.1,0.5,0.6080405362998528,0.615449357270643,0.6261460283657396,0.6185597976776745,0.6241962917725846,0.6248200680074034,0.6246810954301761,0.6189743439034698,0.611050214392099,0.6305030182799792,1.0,0.6252321706979442
3,11,0.2538420942095909,0.92324,5000,1.6245158248477511,0.9099639855942377,833,1.6236502095914116,0.9285,0.8104876035436909,0.08376147652514007,0.08356613495933728,0.08363633095019013,0.9991606997694121,,0.9991566688419256,0.0008433311580744451,0.9715793232039684,0.4041702200829875,5,0.1,0.5,0.6105882927381242,0.6171906053883738,0.6285114757485007,0.6194381391614477,0.6315715991498112,0.6283321352011274,0.6237702173163342,0.6205865957260537,0.6197562007963887,0.634192947501386,0.6252321706979442,1.0
4,0,0.2425531895321076,0.92728,5000,1.369892751729047,0.934052757793765,834,1.3814655561416675,0.9371,0.7909639854843723,0.0828021023892486,0.08261338432895829,0.08370329345215023,0.9869788979712969,,0.9869936248180312,0.013006375181968788,0.970810499940241,0.3986212953821403,5,0.1,0.5,1.0,0.5956564070774013,0.594384975352795,0.5965949364042237,0.6006924001040618,0.5902171425175036,0.6032905960487112,0.5908776695949227,0.5964521420522827,0.6024266853141517,0.6007363196181781,0.598003287254072
4,1,0.21900241104233417,0.93584,5000,1.3809402209741097,0.9448441247002398,834,1.3814606053379779,0.9371,0.7947932433801267,0.0826483363357144,0.0824606657855213,0.08370329345215023,0.9851543754568696,,0.9851714271371919,0.014828572862808143,0.9708106853495262,0.3986212776715654,5,0.1,0.5,0.5956564070774013,1.0,0.6030498537056583,0.6034537053775283,0.6042956920291832,0.5977808623541935,0.6067885107817733,0.5927538809570362,0.6024926382550343,0.6104234363590627,0.5914378181328441,0.5998385569315049
4,2,0.2274309001782921,0.93176,5000,1.3868417960626107,0.9424460431654677,834,1.3814651440507688,0.9371,0.7997808249280711,0.08365761360678481,0.08346299645197493,0.08370329345215023,0.9971291810481769,,0.9971286581998896,0.002871341800110394,0.9708112415307355,0.39862133039946723,5,0.1,0.5,0.594384975352795,0.6030498537056583,1.0,0.6057089914158493,0.6040435472857891,0.60583724448956,0.6086478535488856,0.6001221293618716,0.6010932510149883,0.6177686471562996,0.5994313543868772,0.6095248606801265
4,3,0.23282501550960788,0.93204,5000,1.3709282433545147,0.935251798561151,834,1.3814630858814374,0.9371,0.7987005415537549,0.08305701932389613,0.08286655612568233,0.08370329345215023,0.9900035316061221,,0.9900205812961197,0.009979418703880305,0.9708115371198738,0.39862131632940656,5,0.1,0.5,0.5965949364042237,0.6034537053775283,0.6057089914158493,1.0,0.6078455499147518,0.600923639688284,0.6027719262370835,0.5993985992984209,0.5957734991457574,0.6180939661786506,0.6077408679130837,0.6050220132561552
4,4,0.21197950118191683,0.9358,5000,1.3755648180290505,0.9315726290516206,833,1.3814650933963422,0.9371,0.8009435041847421,0.08379497114259044,0.0835993955807526,0.08370329345215023,0.9987587361487062,,0.9987550825761758,0.0012449174238241545,0.9708112638714486,0.39862133065720184,5,0.1,0.5,0.6006924001040618,0.6042956920291832,0.6040435472857891,0.6078455499147518,1.0,0.6003155843472491,0.6068679249891956,0.6026698399179412,0.603884673651174,0.6128976236011213,0.6122266503178231,0.6044461758257249
4,5,0.23114120966167587,0.93116,5000,1.3762513222517792,0.9423769507803121,833,1.3814651265311926,0.9371,0.7940136947578342,0.08343141684169539,0.08323837115290332,0.08370329345215023,0.9944455913134751,,0.9944480698760102,0.005551930123989801,0.970811397442275,0.3986213282070271,5,0.1,0.5,0.5902171425175036,0.5977808623541935,0.60583724448956,0.600923639688284,0.6003155843472491,1.0,0.6014620738716562,0.5923393668077104,0.5995694675300034,0.6150986065354643,0.5969249681473426,0.5941525508019802
4,6,0.21651443411613916,0.93608,5000,1.39574901704435,0.9471788715486195,833,1.381464843932813,0.9371,0.8020458400924604,0.0835301056560265,0.08333637538391375,0.08370329345215023,0.9956164440597328,,0.9956176898750063,0.0043823101249936824,0.970811415273346,0.39862132954712926,5,0.1,0.5,0.6032905960487112,0.6067885107817733,0.6086478535488856,0.6027719262370835,0.6068679249891956,0.6014620738716562,1.0,0.6044594435887405,0.6073803317531687,0.6172517577085955,0.6084736474372879,0.6054530863334604
4,7,0.23185442970697856,0.93132,5000,1.3840167301672477,0.9375750300120048,833,1.381465769042603,0.9371,0.7921758150599958,0.08321483859515842,0.08302328962208462,0.08370329345215023,0.9918760206078842,,0.9918879574318559,0.008112042568144129,0.9708114840929969,0.3986213228344516,5,0.1,0.5,0.5908776695949227,0.5927538809570362,0.6001221293618716,0.5993985992984209,0.6026698399179412,0.5923393668077104,0.6044594435887405,1.0,0.5925185799222609,0.6108766829630716,0.5929124632156964,0.5991587743210598
4,8,0.2282425163029011,0.93136,5000,1.3889783753289118,0.9387755102040817,833,1.3814658608299475,0.9371,0.7932673884249425,0.08316908801205894,0.08297785421910372,0.08370329345215023,0.9913332056109292,,0.9913458159730937,0.00865418402690632,0.9708115173118673,0.398621321149561,5,0.1,0.5,0.5964521420522827,0.6024926382550343,0.6010932510149883,0.5957734991457574,0.603884673651174,0.5995694675300034,0.6073803317531687,0.5925185799222609,1.0,0.6025095314136145,0.5922654851749107,0.5953296179994623
4,9,0.22670740562603828,0.93004,5000,1.388636862790143,0.9339735894357744,833,1.381465264021779,0.9371,0.8081600323051427,0.08389960116764877,0.08370329345215023,0.08370329345215023,0.999999999988053,,0.9999698810300688,3.0118969931214323e-05,0.970811268170688,0.3986213306848694,5,0.1,0.5,0.6024266853141517,0.6104234363590627,0.6177686471562996,0.6180939661786506,0.6128976236011213,0.6150986065354643,0.6172517577085955,0.6108766829630716,0.6025095314136145,1.0,0.6126687992946988,0.6102218441030696
4,10,0.23393704151841485,0.92976,5000,1.3958293155387596,0.929171668667467,833,1.3814663974621806,0.9371,0.7955189996796428,0.08320453221251228,0.08301305427120168,0.08370329345215023,0.991753739267919,,0.991762461723809,0.008237538276191003,0.9708115701717338,0.39862132253387367,5,0.1,0.5,0.6007363196181781,0.5914378181328441,0.5994313543868772,0.6077408679130837,0.6122266503178231,0.5969249681473426,0.6084736474372879,0.5929124632156964,0.5922654851749107,0.6126687992946988,1.0,0.596214122740628
4,11,0.23403546495458027,0.931,5000,1.3828491943853873,0.9279711884753902,833,1.3814652823030757,0.9371,0.7964419488672189,0.08359037471666539,0.08339622557817547,0.08370329345215023,0.9963314720089642,,0.996330505496712,0.0036694945032880177,0.9708112983953816,0.3986213300018213,5,0.1,0.5,0.598003287254072,0.5998385569315049,0.6095248606801265,0.6050220132561552,0.6044461758257249,0.5941525508019802,0.6054530863334604,0.5991587743210598,0.5953296179994623,0.6102218441030696,0.596214122740628,1.0
5,0,0.2228751081356387,0.93292,5000,1.1171085017698783,0.9460431654676259,834,1.132786670051063,0.944,0.7844883446533223,0.0828746224441968,0.08268540900497968,0.08380610109180246,0.986627559650081,,0.9866422368355002,0.01335776316449977,0.9699978182052951,0.3937287381158648,5,0.1,0.5,1.0,0.5815519645133671,0.5792449826911094,0.5701221770490931,0.5797612577148068,0.5848580188848828,0.5919333577757036,0.5849265751831805,0.5840805464998086,0.5895774964620414,0.5827762321977852,0.5867450081567114
5,1,0.20543701639992132,0.9388,5000,1.1327728827794392,0.9508393285371702,834,1.132781587469692,0.944,0.7848382146333415,0.08278422719916492,0.08259563111031858,0.08380610109180246,0.9855563023849125,,0.9855730134029416,0.014426986597058433,0.9699970910935234,0.3937287258196162,5,0.1,0.5,0.5815519645133671,1.0,0.5878876206447651,0.5729670038089415,0.5783363205126938,0.5828760561354999,0.5986788310166138,0.5808140389454005,0.5879274270185931,0.590987420348615,0.5722588064858178,0.5853207278349902
5,2,0.2146662212255749,0.93648,5000,1.138432467425311,0.9496402877697842,834,1.1327845583708522,0.944,0.7871249409028142,0.08353865575930519,0.08334486610109004,0.08380610109180246,0.9944964031771186,,0.9944982681592289,0.005501731840771074,0.9699986084410918,0.3937287851150206,5,0.1,0.5,0.5792449826911094,0.5878876206447651,1.0,0.5782665187867684,0.580426892671006,0.5968106708206228,0.5938997964056001,0.581275083170036,0.5773913720691001,0.5889860858934437,0.5840012321441951,0.5880226041576258
5,3,0.21369608068648893,0.93836,5000,1.1205218323954829,0.9460431654676259,834,1.1327838459715676,0.944,0.777144026250383,0.08278671542536391,0.08259810236123528,0.08380610109180246,0.9855857901057883,,0.985598112544551,0.014401887455449014,0.9699978140187389,0.3937287259936777,5,0.1,0.5,0.5701221770490931,0.5729670038089415,0.5782665187867684,1.0,0.5777860024064406,0.5825636942275,0.5806962906097993,0.5726152661571869,0.5762175024387483,0.5830379572265398,0.5754944217344071,0.5751052221210964
5,4,0.19417725083519036,0.94284,5000,1.1258555385801527,0.9399759903961584,833,1.1327845800798921,0.944,0.7859262847180285,0.08358825750782492,0.083394123094004,0.08380610109180246,0.9950841526639896,,0.9950906079012097,0.004909392098790266,0.9699985617726816,0.39372878646097836,5,0.1,0.5,0.5797612577148068,0.5783363205126938,0.580426892671006,0.5777860024064406,1.0,0.5856300599350521,0.5859143820738021,0.5872884392033663,0.5871933036696249,0.5897192521727688,0.588940770811089,0.5831985028502171
5,5,0.21401275200116787,0.936,5000,1.1232659573908206,0.9483793517406963,833,1.1327845077164256,0.944,0.7912138165155259,0.08353131418562128,0.08333757552020828,0.08380610109180246,0.9944094097388522,,0.9944129310777572,0.0055870689222428105,0.9699986695723318,0.39372878500629516,5,0.1,0.5,0.5848580188848828,0.5828760561354999,0.5968106708206228,0.5825636942275,0.5856300599350521,1.0,0.5972591596003494,0.584713586220305,0.5911881767290171,0.5989882838565493,0.5853646978249977,0.5856383247057888
5,6,0.19989203567717487,0.9404,5000,1.1504435848306727,0.9507803121248499,833,1.1327841529450096,0.944,0.7960178395505422,0.08376608626003391,0.08357071250131107,0.08380610109180246,0.9971912714179276,,0.997188896139752,0.0028111038602479654,0.9699984710056437,0.39372878865190125,5,0.1,0.5,0.5919333577757036,0.5986788310166138,0.5938997964056001,0.5806962906097993,0.5859143820738021,0.5972591596003494,1.0,0.5940834239042245,0.5940202875403564,0.5972341998990234,0.5942388824190491,0.5930509758415912
5,7,0.20890390171793996,0.93824,5000,1.1364148104632343,0.9423769507803121,833,1.1327862886194222,0.944,0.787279135649898,0.08324836675617868,0.08305658658526445,0.08380610109180246,0.9910565639283464,,0.9910697254153908,0.008930274584609155,0.9699990167638214,0.39372877305817167,5,0.1,0.5,0.5849265751831805,0.5808140389454005,0.581275083170036,0.5726152661571869,0.5872884392033663,0.584713586220305,0.5940834239042245,1.0,0.5869827208628339,0.5975423709317134,0.5860081450138673,0.5835578370707101
5,8,0.20875568211517612,0.93852,5000,1.1398635705312092,0.943577430972389,833,1.132786207686598,0.944,0.7866226792890464,0.08319473748205546,0.08300332702996109,0.08380610109180246,0.9904210546443101,,0.9904322072185131,0.009567792781486895,0.9699991782376125,0.39372876885040164,5,0.1,0.5,0.5840805464998086,0.5879274270185931,0.5773913720691001,0.5762175024387483,0.5871933036696249,0.5911881767290171,0.5940202875403564,0.5869827208628339,1.0,0.5865907207769627,0.5762747720480561,0.5860890036559214
5,9,0.20307460720146633,0.93852,5000,1.1442012919320002,0.9399759903961584,833,1.1327842180721295,0.944,0.7957413073075001,0.08400313508220439,0.08380610109180246,0.08380610109180246,0.9999999999880677,,0.9999698810300688,3.0118969931214323e-05,0.9699984709584958,0.39372878937759886,5,0.1,0.5,0.5895774964620414,0.590987420348615,0.5889860858934437,0.5830379572265398,0.5897192521727688,0.5989882838565493,0.5972341998990234,0.5975423709317134,0.5865907207769627,1.0,0.5959778270100382,0.5978726544677639
5,10,0.21598374739906212,0.93492,5000,1.1499347421858046,0.9339735894357744,833,1.1327864242057069,0.944,0.7851453299077343,0.0831664798992806,0.0829752640634671,0.08380610109180246,0.9900861987552034,,0.9901008985492696,0.009899101450730363,0.9699990633070286,0.3937287676429712,5,0.1,0.5,0.5827762321977852,0.5722588064858178,0.5840012321441951,0.5754944217344071,0.588940770811089,0.5853646978249977,0.5942388824190491,0.5860081450138673,0.5762747720480561,0.5959778270100382,1.0,0.5782700027062824
5,11,0.21754036343947147,0.934,5000,1.1355907343052052,0.936374549819928,833,1.1327847177609087,0.944,0.7877978243607873,0.08351740199877007,0.08332375993958537,0.08380610109180246,0.994244558010365,,0.9942472767431354,0.0057527232568646,0.9699986311748301,0.39372878477432266,5,0.1,0.5,0.5867450081567114,0.5853207278349902,0.5880226041576258,0.5751052221210964,0.5831985028502171,0.5856383247057888,0.5930509758415912,0.5835578370707101,0.5860890036559214,0.5978726544677639,0.5782700027062824,1.0
6,0,0.20105945922813978,0.93768,5000,0.8793397722420869,0.9544364508393285,834,0.8987224265790215,0.949,0.7622973242738739,0.08271149927069801,0.08252339890079138,0.08378148809345415,0.9849836852713285,,0.9849856934892827,0.015014306510717335,0.9682340126137559,0.3855816023068153,5,0.1,0.5,1.0,0.5449732482139026,0.5505090408155024,0.5503453579661033,0.5484123452574869,0.5510291334733188,0.5522717061924121,0.5487274613855702,0.5516358734268288,0.5531883539032311,0.5594036774024177,0.54621545660044
6,1,0.19666331484676547,0.9416,5000,0.8982960162339387,0.9532374100719424,834,0.8987177995066292,0.949,0.7675220216366231,0.08283563075805349,0.082646683775361,0.08378148809345415,0.9864551902227638,,0.9864665428442347,0.01353345715576526,0.9682334232332395,0.38558162393059925,5,0.1,0.5,0.5449732482139026,1.0,0.5651509962551372,0.552932016065698,0.5610849968004538,0.5577187420226662,0.5567880408604972,0.5427069721814431,0.5570271210206938,0.5622082166778495,0.5519771054262778,0.5527906858657767
6,2,0.19267774125484002,0.94276,5000,0.9030545729177969,0.9544364508393285,834,0.8987200117339722,0.949,0.7790961254660409,0.083752613092019,0.08355733341570015,0.08378148809345415,0.9973245321388743,,0.9973194116761207,0.002680588323879296,0.9682338826152368,0.3855816948325375,5,0.1,0.5,0.5505090408155024,0.5651509962551372,1.0,0.5660856155569036,0.5655837534403227,0.5792344916770115,0.5608819927816501,0.561075256391214,0.5586547818083872,0.5681186632952544,0.5634965231326055,0.5697268198524992
6,3,0.19372224548214656,0.94336,5000,0.8863490135581406,0.9520383693045563,834,0.8987192060239018,0.949,0.7698795985950625,0.08292074682154738,0.08273121786090307,0.08378148809345415,0.987464173083593,,0.9875558455900808,0.012444154409919195,0.9682336583941719,0.38558163696113323,5,0.1,0.5,0.5503453579661033,0.552932016065698,0.5660856155569036,1.0,0.5564727026941,0.5637289196496176,0.5515611457872138,0.5503738179213623,0.551832409828401,0.5604334688159124,0.5631157620326174,0.5603537911793278
6,4,0.1788857630305704,0.94456,5000,0.8906468152999878,0.9495798319327731,833,0.8987201259920772,0.949,0.7718572141334207,0.08352975898261504,0.08333603111812236,0.08378148809345415,0.9946831097601229,,0.99468902163546,0.0053109783645399755,0.9682339098504192,0.38558168909034823,5,0.1,0.5,0.5484123452574869,0.5610849968004538,0.5655837534403227,0.5564727026941,1.0,0.5610321612825229,0.555998384726501,0.5567556664774271,0.5540939361945484,0.5566876499094758,0.5712445954611214,0.5540019013337167
6,5,0.1976889726041466,0.94004,5000,0.8860748917968185,0.9507803121248499,833,0.8987200210650508,0.949,0.7762144878752272,0.08364568495465108,0.08345115088389526,0.08378148809345415,0.9960571575168673,,0.9960594347673309,0.003940565232669058,0.9682340007982195,0.3855816927943126,5,0.1,0.5,0.5510291334733188,0.5577187420226662,0.5792344916770115,0.5637289196496176,0.5610321612825229,1.0,0.561768341105745,0.5560556248875567,0.5645150617428565,0.5694863854506813,0.5604847191465357,0.5567987815929119
