round,client_id,client_i_training_loss,client_i_training_accuracy,client_i_training_dataset_size,client_i_evaluation_loss,client_i_evaluation_accuracy,client_i_evaluation_dataset_size,client_i_central_evaluation_loss,client_i_central_evaluation_accuracy,client_i_cosine_similarity,client_i_importance_coefficient,client_i_tanh_val,tanh_normalization_value,client_i_q,client_i_mask_order,client_i_v_nonzero_fraction,client_i_v_sparsity,client_i_v_cosine_similarity,client_i_reward_gradient_norm,local_epochs,learning_rate,gamma,client_0_cosine_similarity,client_1_cosine_similarity,client_2_cosine_similarity,client_3_cosine_similarity,client_4_cosine_similarity,client_5_cosine_similarity,client_6_cosine_similarity,client_7_cosine_similarity,client_8_cosine_similarity,client_9_cosine_similarity,client_10_cosine_similarity,client_11_cosine_similarity
0,0,2.167143791344515,0.34024,5000,2.2554070772948087,0.1642685851318945,834,2.2533982462776354,0.1669,0.9963569923934518,0.08325149191895949,,,,,,,0,0,5,0.001,0.1,1.0,0.9947931342812975,0.9953319921985435,0.9931808485069482,0.9931592713229402,0.9915650432112029,0.9923901336361581,0.9928700904833502,0.9910919100036312,0.9936526709040943,0.9947374730014191,0.9916654621077868
0,1,2.1726267764522773,0.33704,5000,2.2544186115264893,0.15827338129496402,834,2.2533982462776354,0.1669,0.9983938445897427,0.08342168291019476,,,,,,,0,0,5,0.001,0.1,0.9947931342812975,1.0,0.9967977263369985,0.9963349793269792,0.9957232936377316,0.9939726266120267,0.9943807460283587,0.9945241197441383,0.995181099868209,0.9946659618015878,0.9967165468098226,0.9957249197394108
0,2,2.168964598133306,0.344,5000,2.254611942503187,0.18465227817745802,834,2.2533982462776354,0.1669,0.9982904176114507,0.08341304097732008,,,,,,,0,0,5,0.001,0.1,0.9953319921985435,0.9967977263369985,1.0,0.9957437161509354,0.9952960948626404,0.9940548900527377,0.9947317499400615,0.9945059586961235,0.9935800500791192,0.9968257768508817,0.9965017887341845,0.9942075922215996
0,3,2.172472900493889,0.35776,5000,2.253097331082379,0.15707434052757793,834,2.2533982462776354,0.1669,0.9980520005825807,0.08339311983108048,,,,,,,0,0,5,0.001,0.1,0.9931808485069482,0.9963349793269792,0.9957437161509354,1.0,0.9948214212478848,0.993447259992768,0.9910451684601614,0.9957078216984577,0.9957798183622574,0.994528339527969,0.997300617311042,0.9968339618495523
0,4,2.163888998699796,0.34908,5000,2.2632757204550282,0.1524609843937575,833,2.2533982462776354,0.1669,0.9972830337865509,0.08332886812863412,,,,,,,0,0,5,0.001,0.1,0.9931592713229402,0.9957232936377316,0.9952960948626404,0.9948214212478848,1.0,0.9948685325003623,0.9945694031802095,0.9944431812707597,0.991867245985596,0.9917967236989464,0.9966857688081798,0.9922899910618036
0,5,2.1643932263562635,0.3484,5000,2.2539906060254133,0.15966386554621848,833,2.2533982462776354,0.1669,0.9969673391617337,0.08330248998434701,,,,,,,0,0,5,0.001,0.1,0.9915650432112029,0.9939726266120267,0.9940548900527377,0.993447259992768,0.9948685325003623,1.0,0.9941875271630648,0.9950767709984102,0.9941481162347677,0.992963349150764,0.9945414794779424,0.9929170868904559
0,6,2.164004677420209,0.33492,5000,2.2507263819376626,0.18007202881152462,833,2.2533982462776354,0.1669,0.9960471676939042,0.08322560424148286,,,,,,,0,0,5,0.001,0.1,0.9923901336361581,0.9943807460283587,0.9947317499400615,0.9910451684601614,0.9945694031802095,0.9941875271630648,1.0,0.9938721055423024,0.9888431763610236,0.9927375155104592,0.9940184780144269,0.9899540322932464
0,7,2.166577208421792,0.35112,5000,2.251096239796391,0.1752701080432173,833,2.2533982462776354,0.1669,0.9974276650403744,0.08334095292128459,,,,,,,0,0,5,0.001,0.1,0.9928700904833502,0.9945241197441383,0.9945059586961235,0.9957078216984577,0.9944431812707597,0.9950767709984102,0.9938721055423024,1.0,0.9932736281057822,0.99335729719924,0.9959400826975132,0.9936808237820572
0,8,2.1722892176573443,0.36708,5000,2.25966034995185,0.16206482593037214,833,2.2533982462776354,0.1669,0.9966321873099389,0.08327448607420804,,,,,,,0,0,5,0.001,0.1,0.9910919100036312,0.995181099868209,0.9935800500791192,0.9957798183622574,0.991867245985596,0.9941481162347677,0.9888431763610236,0.9932736281057822,1.0,0.9926077286342806,0.9948381880990521,0.9965206117887926
0,9,2.1714739840501434,0.33484,5000,2.2498128237547697,0.16206482593037214,833,2.2533982462776354,0.1669,0.9969084347299637,0.08329756817232288,,,,,,,0,0,5,0.001,0.1,0.9936526709040943,0.9946659618015878,0.9968257768508817,0.994528339527969,0.9917967236989464,0.992963349150764,0.9927375155104592,0.99335729719924,0.9926077286342806,1.0,0.9950638257007794,0.9928385239297505
0,10,2.169933539135441,0.35064,5000,2.245920525656806,0.1872749099639856,833,2.2533982462776354,0.1669,0.9986627949069183,0.08344415529241106,,,,,,,0,0,5,0.001,0.1,0.9947374730014191,0.9967165468098226,0.9965017887341845,0.997300617311042,0.9966857688081798,0.9945414794779424,0.9940184780144269,0.9959400826975132,0.9948381880990521,0.9950638257007794,1.0,0.9956897127455696
0,11,2.172535192586814,0.36564,5000,2.2559261233718306,0.15966386554621848,833,2.2533982462776354,0.1669,0.9970158044891939,0.08330653954775472,,,,,,,0,0,5,0.001,0.1,0.9916654621077868,0.9957249197394108,0.9942075922215996,0.9968339618495523,0.9922899910618036,0.9929170868904559,0.9899540322932464,0.9936808237820572,0.9965206117887926,0.9928385239297505,0.9956897127455696,1.0
1,0,1.9866767105782868,0.41672,5000,2.196168034164994,0.3800959232613909,834,2.1922977899971863,0.3803,0.9987477231348448,0.0832839796663754,,,,,,,0,0,5,0.001,0.1,1.0,0.9976927071122288,0.997648611682919,0.9974958932271681,0.9969714619688367,0.9966463522936259,0.9968142158337489,0.9976054942207647,0.9964253424497516,0.997577898604984,0.9979271760806259,0.9968522353133819
1,1,1.995632426753925,0.41804,5000,2.193695209644459,0.38489208633093525,834,2.1922977899971863,0.3803,0.9990341423673644,0.08339758580855189,,,,,,,0,0,5,0.001,0.1,0.9976927071122288,1.0,0.9977975638671885,0.9979579329777984,0.9978090455094781,0.997045960142212,0.9967943196853103,0.9974706636627966,0.9974612642202343,0.9971813616242304,0.9980967127819775,0.9977781224956281
1,2,1.990823034116417,0.42736,5000,2.1937656667497425,0.38489208633093525,834,2.1922977899971863,0.3803,0.998912507422811,0.08338836086825625,,,,,,,0,0,5,0.001,0.1,0.997648611682919,0.9977975638671885,1.0,0.9973659377997697,0.9972404733473131,0.9972879219115885,0.9971895181059024,0.9974936190448109,0.9968164825751312,0.9981218553198054,0.9977683038679737,0.9968988922368701
1,3,1.99814500489812,0.43172,5000,2.190517637464735,0.3597122302158273,834,2.1922977899971863,0.3803,0.9989527830709267,0.08337744494746714,,,,,,,0,0,5,0.001,0.1,0.9974958932271681,0.9979579329777984,0.9973659377997697,1.0,0.997483682651997,0.9970998012262248,0.9955197600970804,0.997880718141039,0.9978677020957655,0.9968050482869203,0.9982356799741093,0.9983978108678142
1,4,1.9831565389207975,0.427,5000,2.2029305122516774,0.37695078031212487,833,2.1922977899971863,0.3803,0.998636976718289,0.08332785303538347,,,,,,,0,0,5,0.001,0.1,0.9969714619688367,0.9978090455094781,0.9972404733473131,0.997483682651997,1.0,0.997282857022267,0.996878189273101,0.9973302044676997,0.9964772052566553,0.9960395151724504,0.9982059237206395,0.9966083054298623
1,5,1.9806339447665366,0.42356,5000,2.189739121331109,0.375750300120048,833,2.1922977899971863,0.3803,0.9986058415054094,0.08331067292440719,,,,,,,0,0,5,0.001,0.1,0.9966463522936259,0.997045960142212,0.9972879219115885,0.9970998012262248,0.997282857022267,1.0,0.9963166325933405,0.9976554612374603,0.9970823588167905,0.9969723482883146,0.9974822613926178,0.9970845314338918
1,6,1.9806597023253227,0.41156,5000,2.1887365093937627,0.38895558223289317,833,2.1922977899971863,0.3803,0.9978856845081976,0.08324028370993117,,,,,,,0,0,5,0.001,0.1,0.9968142158337489,0.9967943196853103,0.9971895181059024,0.9955197600970804,0.996878189273101,0.9963166325933405,1.0,0.9968557449136467,0.9945663940129075,0.9965428189709609,0.99693709584186,0.9949141303235914
1,7,1.9843185897086077,0.42816,5000,2.1891402491816767,0.39015606242497,833,2.1922977899971863,0.3803,0.9989807211355652,0.0833463575281315,,,,,,,0,0,5,0.001,0.1,0.9976054942207647,0.9974706636627966,0.9974936190448109,0.997880718141039,0.9973302044676997,0.9976554612374603,0.9968557449136467,1.0,0.9972052383197821,0.9972547660336752,0.998338233498116,0.9973576596436049
1,8,1.994286003841716,0.4426,5000,2.201219249654699,0.34933973589435774,833,2.1922977899971863,0.3803,0.9984590105221873,0.08328876191414594,,,,,,,0,0,5,0.001,0.1,0.9964253424497516,0.9974612642202343,0.9968164825751312,0.9978677020957655,0.9964772052566553,0.9970823588167905,0.9945663940129075,0.9972052383197821,1.0,0.9965019482213685,0.997524515713254,0.9982663947389071
1,9,1.9950839876369306,0.41344,5000,2.1853060810654252,0.39255702280912363,833,2.1922977899971863,0.3803,0.9985182006592714,0.08330482631336779,,,,,,,0,0,5,0.001,0.1,0.997577898604984,0.9971813616242304,0.9981218553198054,0.9968050482869203,0.9960395151724504,0.9969723482883146,0.9965428189709609,0.9972547660336752,0.9965019482213685,1.0,0.9973972638311098,0.9965114612300486
1,10,1.995298789868689,0.4254,5000,2.182855314678616,0.4189675870348139,833,2.1922977899971863,0.3803,0.9992670974163639,0.08341888442020291,,,,,,,0,0,5,0.001,0.1,0.9979271760806259,0.9980967127819775,0.9977683038679737,0.9982356799741093,0.9982059237206395,0.9974822613926178,0.99693709584186,0.998338233498116,0.997524515713254,0.9973972638311098,1.0,0.9979644071215513
1,11,1.9949104896776235,0.43744,5000,2.197967864848949,0.36134453781512604,833,2.1922977899971863,0.3803,0.9986626277290026,0.08331498886377936,,,,,,,0,0,5,0.001,0.1,0.9968522353133819,0.9977781224956281,0.9968988922368701,0.9983978108678142,0.9966083054298623,0.9970845314338918,0.9949141303235914,0.9973576596436049,0.9982663947389071,0.9965114612300486,0.9979644071215513,1.0
2,0,1.7950498404776214,0.47432,5000,2.12117032651548,0.42685851318944845,834,2.1152039732034216,0.442,0.9988572095179435,0.08329846337020198,,,,,,,0,0,5,0.001,0.1,1.0,0.9978283501720288,0.9977364213028954,0.9979225323673819,0.9974011682171888,0.9969230737341411,0.9974712184038846,0.9979500250230049,0.9975483395324306,0.9978867097950018,0.9982006778068455,0.9974336028355784
2,1,1.8025401343205931,0.47832,5000,2.1172339209803828,0.4364508393285372,834,2.1152039732034216,0.442,0.9992426993722051,0.08338055987581489,,,,,,,0,0,5,0.001,0.1,0.9978283501720288,1.0,0.9984068949562611,0.9984438991675725,0.9980880475062779,0.9978885037687237,0.9976533568537775,0.9980827105811783,0.9981962803047247,0.9978302649749818,0.9982105542494453,0.9982918268185693
2,2,1.7970511949745713,0.48552,5000,2.116600760707149,0.447242206235012,834,2.1152039732034216,0.442,0.9991528602327028,0.083372004531779,,,,,,,0,0,5,0.001,0.1,0.9977364213028954,0.9984068949562611,1.0,0.9980308429769799,0.9977513802721075,0.9979903971305042,0.9978697271960665,0.9978833330836959,0.9979548378388587,0.9982627743243969,0.9981100826775858,0.9978476489290385
2,3,1.8052746725689834,0.4906,5000,2.11213007679692,0.4364508393285372,834,2.1152039732034216,0.442,0.9991793438015983,0.08336616617747167,,,,,,,0,0,5,0.001,0.1,0.9979225323673819,0.9984438991675725,0.9980308429769799,1.0,0.9980469327167139,0.9976872165643279,0.9970453028984742,0.9983468488196702,0.998293524839221,0.997298373284597,0.9984289611169134,0.9986163680380861
2,4,1.7910505108013275,0.48724,5000,2.125956650133486,0.4309723889555822,833,2.1152039732034216,0.442,0.9988969115125952,0.08332664511772306,,,,,,,0,0,5,0.001,0.1,0.9974011682171888,0.9980880475062779,0.9977513802721075,0.9980469327167139,1.0,0.9978982072831103,0.9973585915878221,0.9979079781204436,0.9976631519487037,0.9967499635578965,0.9982949659851996,0.9976157972519708
2,5,1.78512950308004,0.4818,5000,2.1090107493930392,0.4525810324129652,833,2.1152039732034216,0.442,0.9988682462459124,0.08331518625075218,,,,,,,0,0,5,0.001,0.1,0.9969230737341411,0.9978885037687237,0.9979903971305042,0.9976872165643279,0.9978982072831103,1.0,0.9970654715262034,0.997861166098363,0.9978908164568923,0.9975288122770808,0.9978282375466152,0.9978715832108932
2,6,1.7846566122808274,0.47316,5000,2.1111595454039396,0.453781512605042,833,2.1152039732034216,0.442,0.9985409890103766,0.08326146699540772,,,,,,,0,0,5,0.001,0.1,0.9974712184038846,0.9976533568537775,0.9978697271960665,0.9970453028984742,0.9973585915878221,0.9970654715262034,1.0,0.9973721849523617,0.9968144470015073,0.997445319842591,0.997785242124276,0.9966320748147697
2,7,1.7908921136977567,0.48228,5000,2.1115467106854475,0.44657863145258103,833,2.1152039732034216,0.442,0.9991392460834185,0.0833458112440872,,,,,,,0,0,5,0.001,0.1,0.9979500250230049,0.9980827105811783,0.9978833330836959,0.9983468488196702,0.9979079781204436,0.997861166098363,0.9973721849523617,1.0,0.9981718854825432,0.9976439470655052,0.9985581235742806,0.9979030836349848
2,8,1.800218186105133,0.50652,5000,2.127131117714776,0.40936374549819926,833,2.1152039732034216,0.442,0.999066670242326,0.08330815497428544,,,,,,,0,0,5,0.001,0.1,0.9975483395324306,0.9981962803047247,0.9979548378388587,0.998293524839221,0.9976631519487037,0.9978908164568923,0.9968144470015073,0.9981718854825432,1.0,0.9975581810728219,0.9982588531790169,0.9984616190325484
2,9,1.8020535955003871,0.47776,5000,2.104262034098307,0.4669867947178872,833,2.1152039732034216,0.442,0.9987434814556552,0.08330757522724866,,,,,,,0,0,5,0.001,0.1,0.9978867097950018,0.9978302649749818,0.9982627743243969,0.997298373284597,0.9967499635578965,0.9975288122770808,0.997445319842591,0.9976439470655052,0.9975581810728219,1.0,0.9976122849414045,0.9971222498545564
2,10,1.8036762454707151,0.48,5000,2.103438386210689,0.46218487394957986,833,2.1152039732034216,0.442,0.9993020782819056,0.08339553510893195,,,,,,,0,0,5,0.001,0.1,0.9982006778068455,0.9982105542494453,0.9981100826775858,0.9984289611169134,0.9982949659851996,0.9978282375466152,0.997785242124276,0.9985581235742806,0.9982588531790169,0.9976122849414045,1.0,0.9983445482594272
2,11,1.8004812749328127,0.4968,5000,2.123996584503739,0.4345738295318127,833,2.1152039732034216,0.442,0.9990107476047032,0.08332243112629627,,,,,,,0,0,5,0.001,0.1,0.9974336028355784,0.9982918268185693,0.9978476489290385,0.9986163680380861,0.9976157972519708,0.9978715832108932,0.9966320748147697,0.9979030836349848,0.9984616190325484,0.9971222498545564,0.9983445482594272,1.0
3,0,1.6252545733360728,0.51348,5000,2.0298563595171326,0.4448441247002398,834,2.021891260299439,0.4623,0.9989015795940954,0.0833100389583314,,,,,,,0,0,5,0.001,0.1,1.0,0.9976671914856224,0.9976569032306544,0.9978324111730997,0.9975594150246739,0.9971865178762471,0.9974385793188792,0.9979546335453219,0.997649373610404,0.9979572446073626,0.9979992180032943,0.9974628319856327
3,1,1.630783369586726,0.51996,5000,2.0247230618088334,0.46642685851318944,834,2.021891260299439,0.4623,0.9990529010722821,0.08336525972133817,,,,,,,0,0,5,0.001,0.1,0.9976671914856224,1.0,0.9980279160143533,0.9982581614973305,0.9979702103925389,0.9977166597656806,0.9975341254281175,0.9976876289513321,0.997983781658881,0.9974459490832024,0.9978691525995214,0.9980152594987242
3,2,1.6247713029764261,0.52804,5000,2.022818507971587,0.460431654676259,834,2.021891260299439,0.4623,0.9989898811601293,0.08335798029492754,,,,,,,0,0,5,0.001,0.1,0.9976569032306544,0.9980279160143533,1.0,0.9977706644547275,0.9974699257895047,0.9979175254657991,0.9979194085441337,0.997492495240359,0.9977525821709672,0.9981539158566547,0.9977682774872585,0.997491879366174
3,3,1.6330503967157595,0.5298,5000,2.0177604622311063,0.4628297362110312,834,2.021891260299439,0.4623,0.9991099682387973,0.08335827584435158,,,,,,,0,0,5,0.001,0.1,0.9978324111730997,0.9982581614973305,0.9977706644547275,1.0,0.9980858102463535,0.9978105126415043,0.9971317442165488,0.9980251550828632,0.9981500935104628,0.9971708131868969,0.9981159023995005,0.9985088292758147
3,4,1.6184971231563836,0.52272,5000,2.0319259431627064,0.44537815126050423,833,2.021891260299439,0.4623,0.9989595526882888,0.08332918944516003,,,,,,,0,0,5,0.001,0.1,0.9975594150246739,0.9979702103925389,0.9974699257895047,0.9980858102463535,1.0,0.9978694533968815,0.9974809026352973,0.9980216073099637,0.9977871927818983,0.9968012755011149,0.9983479517090517,0.9976641446910058
3,5,1.6122734329503052,0.52396,5000,2.0119687495408236,0.46938775510204084,833,2.021891260299439,0.4623,0.9989240684256293,0.08332101832826251,,,,,,,0,0,5,0.001,0.1,0.9971865178762471,0.9977166597656806,0.9979175254657991,0.9978105126415043,0.9978694533968815,1.0,0.9971484495591731,0.997920493344361,0.9977024136274321,0.9977575501338358,0.9977292843908034,0.9978743297484952
3,6,1.6106052758587395,0.51404,5000,2.0177110168668957,0.4729891956782713,833,2.021891260299439,0.4623,0.9986300898006338,0.08327859337699965,,,,,,,0,0,5,0.001,0.1,0.9974385793188792,0.9975341254281175,0.9979194085441337,0.9971317442165488,0.9974809026352973,0.9971484495591731,1.0,0.9973292933032115,0.9970928251169727,0.9975480753067184,0.9976975729221287,0.9967901397249919
3,7,1.618084761519341,0.5234,5000,2.017908312656261,0.4729891956782713,833,2.021891260299439,0.4623,0.9990559865411531,0.083344053174037,,,,,,,0,0,5,0.001,0.1,0.9979546335453219,0.9976876289513321,0.997492495240359,0.9980251550828632,0.9980216073099637,0.997920493344361,0.9973292933032115,1.0,0.997969283981443,0.9975402347508978,0.9984262361427197,0.9978468452750925
3,8,1.6271163200876515,0.5442,5000,2.037151239536427,0.43337334933973587,833,2.021891260299439,0.4623,0.9990279142977806,0.08332005831692516,,,,,,,0,0,5,0.001,0.1,0.997649373610404,0.997983781658881,0.9977525821709672,0.9981500935104628,0.9977871927818983,0.9977024136274321,0.9970928251169727,0.997969283981443,1.0,0.9974706144400219,0.9981496013191135,0.9981700367860308
3,9,1.631290195094552,0.51972,5000,2.006439133926674,0.48739495798319327,833,2.021891260299439,0.4623,0.9987397595319025,0.08331040378965117,,,,,,,0,0,5,0.001,0.1,0.9979572446073626,0.9974459490832024,0.9981539158566547,0.9971708131868969,0.9968012755011149,0.9977575501338358,0.9975480753067184,0.9975402347508978,0.9974706144400219,1.0,0.9975146121087095,0.9970646195966794
3,10,1.6333589023085917,0.51852,5000,2.0073926095609314,0.4801920768307323,833,2.021891260299439,0.4623,0.9991833034803919,0.08337865000539628,,,,,,,0,0,5,0.001,0.1,0.9979992180032943,0.9978691525995214,0.9977682774872585,0.9981159023995005,0.9983479517090517,0.9977292843908034,0.9976975729221287,0.9984262361427197,0.9981496013191135,0.9975146121087095,1.0,0.9981215111892338
3,11,1.6262713691231552,0.538,5000,2.0342745869248002,0.45138055222088835,833,2.021891260299439,0.4623,0.9989556206093817,0.0833264787446195,,,,,,,0,0,5,0.001,0.1,0.9974628319856327,0.9980152594987242,0.997491879366174,0.9985088292758147,0.9976641446910058,0.9978743297484952,0.9967901397249919,0.9978468452750925,0.9981700367860308,0.9970646195966794,0.9981215111892338,1.0
4,0,1.4819359857565277,0.54976,5000,1.9236036053410284,0.4628297362110312,834,1.9136449243313969,0.4755,0.9988837361277803,0.08332103381865356,,,,,,,0,0,5,0.001,0.1,1.0,0.9975895136777159,0.9971301903216117,0.9979213734543629,0.9976300552917842,0.9970241444141895,0.9972299339642197,0.9975762099716987,0.9976622342473117,0.9974969171416402,0.997826895859604,0.9974009307375618
4,1,1.4875136418707051,0.55328,5000,1.9175998016639992,0.47721822541966424,834,1.9136449243313969,0.4755,0.998952044566743,0.08335709874252045,,,,,,,0,0,5,0.001,0.1,0.9975895136777159,1.0,0.9976664008100771,0.9980620141209025,0.9977260428255361,0.9974511551675609,0.9973297755251289,0.9975199668443047,0.9975914856083549,0.9971485052279037,0.9975946926606116,0.9976259627614549
4,2,1.4811691946284786,0.56152,5000,1.9139024328302454,0.46522781774580335,834,1.9136449243313969,0.4755,0.9987345608893079,0.08334561632123891,,,,,,,0,0,5,0.001,0.1,0.9971301903216117,0.9976664008100771,1.0,0.997680771527563,0.9970187631868853,0.9974482912090089,0.9973828893881864,0.9969051922536912,0.9973312552494906,0.9975558611591002,0.9975899131255619,0.9969895448787047
4,3,1.4886955257433994,0.56476,5000,1.9086052223488137,0.47601918465227816,834,1.9136449243313969,0.4755,0.9991070399809311,0.08335781848198773,,,,,,,0,0,5,0.001,0.1,0.9979213734543629,0.9980620141209025,0.997680771527563,1.0,0.9977076189325893,0.997583064561941,0.9971605593126543,0.9978963251196988,0.9980107513753368,0.9971036346975897,0.9978085679387183,0.9982286866105022
4,4,1.4745851001162438,0.56416,5000,1.921736196235374,0.4657863145258103,833,1.9136449243313969,0.4755,0.9988062616656002,0.08333027625124732,,,,,,,0,0,5,0.001,0.1,0.9976300552917842,0.9977260428255361,0.9970187631868853,0.9977076189325893,1.0,0.9974857715352953,0.9972512177484734,0.9977090309455662,0.997457621810244,0.99638976976862,0.9977696360003586,0.9974135325453616
4,5,1.467759607476034,0.55984,5000,1.8997642155046817,0.4777911164465786,833,1.9136449243313969,0.4755,0.9987320839472202,0.08332287194208061,,,,,,,0,0,5,0.001,0.1,0.9970241444141895,0.9974511551675609,0.9974482912090089,0.997583064561941,0.9974857715352953,1.0,0.9966776284409947,0.9975146612210272,0.9974399214935277,0.997312909194021,0.9972156888496858,0.99751704185657
4,6,1.4665385269814994,0.54976,5000,1.9095942267665156,0.48139255702280914,833,1.9136449243313969,0.4755,0.9984877272185991,0.08328897162226917,,,,,,,0,0,5,0.001,0.1,0.9972299339642197,0.9973297755251289,0.9973828893881864,0.9971605593126543,0.9972512177484734,0.9966776284409947,1.0,0.9969129788884742,0.9967086620596668,0.9972542956967975,0.9975119062783706,0.9963232178692204
4,7,1.4732060370171904,0.56028,5000,1.9093506027151037,0.4909963985594238,833,1.9136449243313969,0.4755,0.9988874674529215,0.08334201117011862,,,,,,,0,0,5,0.001,0.1,0.9975762099716987,0.9975199668443047,0.9969051922536912,0.9978963251196988,0.9977090309455662,0.9975146612210272,0.9969129788884742,1.0,0.9977008174959984,0.9971804980947665,0.9979983364268826,0.997617928152623
4,8,1.4818067420819763,0.57784,5000,1.93240781183596,0.453781512605042,833,1.9136449243313969,0.4755,0.9989201546989388,0.08332835284523034,,,,,,,0,0,5,0.001,0.1,0.9976622342473117,0.9975914856083549,0.9973312552494906,0.9980107513753368,0.997457621810244,0.9974399214935277,0.9967086620596668,0.9977008174959984,1.0,0.9973110236550142,0.9978772530658989,0.9978331645201677
4,9,1.4873027506907275,0.55396,5000,1.8929502257594355,0.5066026410564226,833,1.9136449243313969,0.4755,0.9985545064707244,0.08331063237139168,,,,,,,0,0,5,0.001,0.1,0.9974969171416402,0.9971485052279037,0.9975558611591002,0.9971036346975897,0.99638976976862,0.997312909194021,0.9972542956967975,0.9971804980947665,0.9973110236550142,1.0,0.9972287886680549,0.9965606170505336
4,10,1.4897531908029205,0.55444,5000,1.896339147179215,0.49339735894357745,833,1.9136449243313969,0.4755,0.9990221888821844,0.08336757318598291,,,,,,,0,0,5,0.001,0.1,0.997826895859604,0.9975946926606116,0.9975899131255619,0.9978085679387183,0.9977696360003586,0.9972156888496858,0.9975119062783706,0.9979983364268826,0.9978772530658989,0.9972287886680549,1.0,0.997724455864208
4,11,1.4804869339724256,0.57536,5000,1.9304074622966625,0.4549819927971189,833,1.9136449243313969,0.4755,0.9987792776516601,0.08332774324727862,,,,,,,0,0,5,0.001,0.1,0.9974009307375618,0.9976259627614549,0.9969895448787047,0.9982286866105022,0.9974135325453616,0.99751704185657,0.9963232178692204,0.997617928152623,0.9978331645201677,0.9965606170505336,0.997724455864208,1.0
5,0,1.3649930910699686,0.58408,5000,1.805402089048315,0.49160671462829736,834,1.7933141206400083,0.5039,0.9986303934885153,0.08332643156240796,,,,,,,0,0,5,0.001,0.1,1.0,0.9970805604786831,0.9967480463317363,0.9974231626490637,0.9970150991477882,0.9965225371125124,0.9968489491210386,0.9970898237178222,0.9968571267992672,0.9971868998579687,0.997496477147778,0.9966458678136654
5,1,1.3674549198454353,0.58476,5000,1.7986121265976518,0.5035971223021583,834,1.7933141206400083,0.5039,0.9986769401915546,0.0833500500804604,,,,,,,0,0,5,0.001,0.1,0.9970805604786831,1.0,0.9972624497642437,0.9976731834143766,0.9971918618098206,0.9968394931727601,0.9968716061918499,0.9969395290083287,0.9971876119718259,0.9962909788829672,0.9970963250776872,0.9970373626460175
5,2,1.3612649047450656,0.59308,5000,1.7926381738097579,0.4832134292565947,834,1.7933141206400083,0.5039,0.998675321898199,0.08334295644906381,,,,,,,0,0,5,0.001,0.1,0.9967480463317363,0.9972624497642437,1.0,0.9974064163550089,0.9967376330546025,0.997053313813834,0.9974205097862254,0.9966632131345586,0.9971547921057028,0.9970000182137669,0.9974207841676407,0.9965851581502252
5,3,1.3670683404442612,0.59852,5000,1.7876087603745636,0.513189448441247,834,1.7933141206400083,0.5039,0.9988999710103224,0.08335768986273383,,,,,,,0,0,5,0.001,0.1,0.9974231626490637,0.9976731834143766,0.9974064163550089,1.0,0.9972280179945096,0.9969594214675317,0.9969030779106873,0.9974265427612317,0.9975611620318736,0.9963292357512621,0.9975451347143395,0.9976881426690664
5,4,1.3532560049348576,0.59772,5000,1.7981843462696783,0.5018007202881153,833,1.7933141206400083,0.5039,0.9986267528029997,0.08333198182292334,,,,,,,0,0,5,0.001,0.1,0.9970150991477882,0.9971918618098206,0.9967376330546025,0.9972280179945096,1.0,0.9972754453191855,0.9969144900408954,0.9973604489226845,0.9971234785696117,0.9958496811216924,0.9973931098454687,0.9967811575720127
5,5,1.3473237434010596,0.59512,5000,1.7753897463833843,0.5042016806722689,833,1.7933141206400083,0.5039,0.9985641775334774,0.08332542161243006,,,,,,,0,0,5,0.001,0.1,0.9965225371125124,0.9968394931727601,0.997053313813834,0.9969594214675317,0.9972754453191855,1.0,0.9963590276886047,0.9972585630442623,0.9972891248006337,0.9965793645439229,0.9968238635685076,0.997160893712013
5,6,1.347936721212545,0.5888,5000,1.789412957650644,0.5006002400960384,833,1.7933141206400083,0.5039,0.9983709471660904,0.08329839622367706,,,,,,,0,0,5,0.001,0.1,0.9968489491210386,0.9968716061918499,0.9974205097862254,0.9969030779106873,0.9969144900408954,0.9963590276886047,1.0,0.9963510227108164,0.9963308343018988,0.996721830400058,0.9971290498494174,0.9959564475888256
5,7,1.3525255464444494,0.5918,5000,1.7885306278864543,0.524609843937575,833,1.7933141206400083,0.5039,0.9986695977048651,0.08334056090045819,,,,,,,0,0,5,0.001,0.1,0.9970898237178222,0.9969395290083287,0.9966632131345586,0.9974265427612317,0.9973604489226845,0.9972585630442623,0.9963510227108164,1.0,0.9974164236825765,0.9962610642484107,0.99753524889795,0.9970814206513501
5,8,1.3616835061911565,0.61044,5000,1.815813210275438,0.4801920768307323,833,1.7933141206400083,0.5039,0.998718691163875,0.08333376967635263,,,,,,,0,0,5,0.001,0.1,0.9968571267992672,0.9971876119718259,0.9971547921057028,0.9975611620318736,0.9971234785696117,0.9972891248006337,0.9963308343018988,0.9974164236825765,1.0,0.9963855940139523,0.9974019424417903,0.9972638045484328
5,9,1.3681598342148362,0.5882,5000,1.7669734601621274,0.5354141656662665,833,1.7933141206400083,0.5039,0.998149805965173,0.0833045418850329,,,,,,,0,0,5,0.001,0.1,0.9971868998579687,0.9962909788829672,0.9970000182137669,0.9963292357512621,0.9958496811216924,0.9965793645439229,0.996721830400058,0.9962610642484107,0.9963855940139523,1.0,0.996833232855635,0.9957186383155929
5,10,1.3695919339823874,0.5876,5000,1.7733195313700922,0.5258103241296519,833,1.7933141206400083,0.5039,0.9988704297253241,0.08336271831217608,,,,,,,0,0,5,0.001,0.1,0.997496477147778,0.9970963250776872,0.9974207841676407,0.9975451347143395,0.9973931098454687,0.9968238635685076,0.9971290498494174,0.99753524889795,0.9974019424417903,0.996833232855635,1.0,0.9971143989675345
5,11,1.3587715320526415,0.607,5000,1.814949221081204,0.48259303721488594,833,1.7933141206400083,0.5039,0.99847348172977,0.08332548161228368,,,,,,,0,0,5,0.001,0.1,0.9966458678136654,0.9970373626460175,0.9965851581502252,0.9976881426690664,0.9967811575720127,0.997160893712013,0.9959564475888256,0.9970814206513501,0.9972638045484328,0.9957186383155929,0.9971143989675345,1.0
6,0,1.2645884886668746,0.61532,5000,1.6794815549144038,0.5587529976019184,834,1.6650768407998375,0.5475,0.9983389576277601,0.0833274957880196,,,,,,,0,0,5,0.001,0.1,1.0,0.996553093232972,0.9962811632443718,0.9970134565644314,0.9964985777502673,0.9960724705992321,0.9961425858568731,0.9964700445771331,0.996394609591889,0.9965172552177838,0.9968362963266305,0.9959844750477813
6,1,1.267106358184936,0.61264,5000,1.6719991145310578,0.552757793764988,834,1.6650768407998375,0.5475,0.9984873813656278,0.0833467715394668,,,,,,,0,0,5,0.001,0.1,0.996553093232972,1.0,0.9967998117904413,0.9973317662816045,0.9967331431351063,0.9965793794189775,0.9962534845157792,0.9964169513732611,0.9966318522257964,0.9959460804186018,0.9966582930895487,0.9966372860179301
6,2,1.260469404982913,0.61996,5000,1.6634609081127025,0.5227817745803357,834,1.6650768407998375,0.5475,0.9985133539238061,0.08334325946374095,,,,,,,0,0,5,0.001,0.1,0.9962811632443718,0.9967998117904413,1.0,0.9972279630254238,0.9962589927281269,0.9966936378117331,0.996828691802147,0.9961562427509882,0.9967286334380605,0.9967951804523403,0.9969857392585298,0.9960969272283768
6,3,1.2651457377300142,0.62652,5000,1.6589032411575317,0.5515587529976019,834,1.6650768407998375,0.5475,0.9987479726291556,0.0833598683254302,,,,,,,0,0,5,0.001,0.1,0.9970134565644314,0.9973317662816045,0.9972279630254238,1.0,0.99669108944327,0.9965441849660622,0.9964991577905875,0.9970102820726268,0.9969949978360367,0.9960407197893929,0.9970964764204783,0.9972128257324858
6,4,1.2529193180381872,0.62852,5000,1.6653022545355338,0.5474189675870348,833,1.6650768407998375,0.5475,0.9983291718723707,0.08333058381718815,,,,,,,0,0,5,0.001,0.1,0.9964985777502673,0.9967331431351063,0.9962589927281269,0.99669108944327,1.0,0.9965730680384349,0.9962324261573458,0.9965326371526593,0.9965732008897642,0.9955980714305285,0.9968692929793095,0.9960858746203842
6,5,1.2466616742929835,0.6264,5000,1.643087629918699,0.5486194477791116,833,1.6650768407998375,0.5475,0.9983819664829048,0.08332826464841224,,,,,,,0,0,5,0.001,0.1,0.9960724705992321,0.9965793794189775,0.9966936378117331,0.9965441849660622,0.9965730680384349,1.0,0.9957287596256795,0.9966170437872699,0.9968408844372195,0.9966230075211724,0.9964733320729257,0.9965336940971254
6,6,1.248148067893496,0.61804,5000,1.6616909857149478,0.5330132052821128,833,1.6650768407998375,0.5475,0.9979922094176873,0.08329910970684594,,,,,,,0,0,5,0.001,0.1,0.9961425858568731,0.9962534845157792,0.996828691802147,0.9964991577905875,0.9962324261573458,0.9957287596256795,1.0,0.9955240431080156,0.9955240999862428,0.9961155723590098,0.9963479008361149,0.9954145057000492
6,7,1.2527552708698686,0.62612,5000,1.6596819338975128,0.5642256902761105,833,1.6650768407998375,0.5475,0.9983468309164266,0.08333641524535362,,,,,,,0,0,5,0.001,0.1,0.9964700445771331,0.9964169513732611,0.9961562427509882,0.9970102820726268,0.9965326371526593,0.9966170437872699,0.9955240431080156,1.0,0.9966756584391828,0.9962397736311313,0.9969503741332949,0.9962644294482852
6,8,1.2608040293310858,0.6354,5000,1.6915363249955353,0.5306122448979592,833,1.6650768407998375,0.5475,0.9984892440882989,0.0833368471248583,,,,,,,0,0,5,0.001,0.1,0.996394609591889,0.9966318522257964,0.9967286334380605,0.9969949978360367,0.9965732008897642,0.9968408844372195,0.9955240999862428,0.9966756584391828,1.0,0.996414498255742,0.9972262904225833,0.9965591323823317
6,9,1.2694753359077842,0.61536,5000,1.6326364587854456,0.5798319327731093,833,1.6650768407998375,0.5475,0.9981469475900535,0.08330787342273174,,,,,,,0,0,5,0.001,0.1,0.9965172552177838,0.9959460804186018,0.9967951804523403,0.9960407197893929,0.9955980714305285,0.9966230075211724,0.9961155723590098,0.9962397736311313,0.996414498255742,1.0,0.9966273049046545,0.9955474962480609
6,10,1.2701267407957915,0.6168,5000,1.64249172034087,0.56062424969988,833,1.6650768407998375,0.5475,0.9986843913164077,0.08336089991166577,,,,,,,0,0,5,0.001,0.1,0.9968362963266305,0.9966582930895487,0.9969857392585298,0.9970964764204783,0.9968692929793095,0.9964733320729257,0.9963479008361149,0.9969503741332949,0.9972262904225833,0.9966273049046545,1.0,0.9968299496903674
6,11,1.2562420661282387,0.6348,5000,1.6916975533520733,0.5198079231692677,833,1.6650768407998375,0.5475,0.9982056728980544,0.08332261100628675,,,,,,,0,0,5,0.001,0.1,0.9959844750477813,0.9966372860179301,0.9960969272283768,0.9972128257324858,0.9960858746203842,0.9965336940971254,0.9954145057000492,0.9962644294482852,0.9965591323823317,0.9955474962480609,0.9968299496903674,1.0
7,0,1.1812479466389698,0.63912,5000,1.5505702318968597,0.5827338129496403,834,1.534004448320919,0.5816,0.9979242953168693,0.0833248689472738,,,,,,,0,0,5,0.001,0.1,1.0,0.9956755161318777,0.9950340489028547,0.9960117711464967,0.996061264602959,0.9951958329467389,0.9952727088873561,0.9957638005533731,0.9958122750548764,0.9956709499302102,0.9963659048354077,0.9951825979513776
7,1,1.1829941470152254,0.63508,5000,1.5427706550668787,0.5863309352517986,834,1.534004448320919,0.5816,0.9981565383282336,0.08334418921992287,,,,,,,0,0,5,0.001,0.1,0.9956755161318777,1.0,0.9956725814088595,0.9966440395471472,0.996046103959188,0.9957874644882375,0.9957330331390511,0.9961921155282918,0.9959470286213883,0.9953188592012615,0.9960554299307794,0.9957550454905452
7,2,1.17571129381277,0.64108,5000,1.5313180375982214,0.5707434052757794,834,1.534004448320919,0.5816,0.9979816058982534,0.08333638786425966,,,,,,,0,0,5,0.001,0.1,0.9950340489028547,0.9956725814088595,1.0,0.9959775335882988,0.9954898508975782,0.9962247690366912,0.9959694530606003,0.9953858039549196,0.9959517995044976,0.996024446315617,0.9960095785124513,0.9949928206277738
7,3,1.1781584831559735,0.64824,5000,1.527621587117513,0.5767386091127098,834,1.534004448320919,0.5816,0.998369904462458,0.08335911017596559,,,,,,,0,0,5,0.001,0.1,0.9960117711464967,0.9966440395471472,0.9959775335882988,1.0,0.9959895715527426,0.9961451925003668,0.996154166186813,0.9963865779344331,0.9962345494002718,0.9952749555046283,0.9962359330674838,0.9963280275917168
7,4,1.1668267931148504,0.6514,5000,1.5282666241681133,0.5834333733493398,833,1.534004448320919,0.5816,0.9981256536439527,0.08333326329346771,,,,,,,0,0,5,0.001,0.1,0.996061264602959,0.996046103959188,0.9954898508975782,0.9959895715527426,1.0,0.9957459795809714,0.9961366152411081,0.9963494441724144,0.9961098723659972,0.994919076511241,0.9963237609685188,0.995286678908427
7,5,1.1625344601406413,0.6502,5000,1.5082006454467773,0.581032412965186,833,1.534004448320919,0.5816,0.9981121188594492,0.08333140387634562,,,,,,,0,0,5,0.001,0.1,0.9951958329467389,0.9957874644882375,0.9962247690366912,0.9961451925003668,0.9957459795809714,1.0,0.995126062796117,0.9960399891305279,0.9962239427499576,0.9961530556034772,0.9957402275805808,0.9959138027210535
7,6,1.164674022546999,0.63992,5000,1.5312125638679221,0.5738295318127251,833,1.534004448320919,0.5816,0.9978305844019802,0.08330443287025024,,,,,,,0,0,5,0.001,0.1,0.9952727088873561,0.9957330331390511,0.9959694530606003,0.996154166186813,0.9961366152411081,0.995126062796117,1.0,0.9949694848553919,0.9954033403958826,0.9957478936892122,0.9960470019869173,0.9943660559980918
7,7,1.1672520641308681,0.64736,5000,1.527893344561259,0.5906362545018007,833,1.534004448320919,0.5816,0.9981667538047251,0.08333816685908091,,,,,,,0,0,5,0.001,0.1,0.9957638005533731,0.9961921155282918,0.9953858039549196,0.9963865779344331,0.9963494441724144,0.9960399891305279,0.9949694848553919,1.0,0.9961976555804286,0.9955746802943305,0.9964383574205334,0.9956518928319047
7,8,1.1742332524554744,0.65428,5000,1.5647337348372847,0.5726290516206483,833,1.534004448320919,0.5816,0.9982503786992251,0.08334113134501618,,,,,,,0,0,5,0.001,0.1,0.9958122750548764,0.9959470286213883,0.9959517995044976,0.9962345494002718,0.9961098723659972,0.9962239427499576,0.9954033403958826,0.9961976555804286,1.0,0.9958512467069185,0.9963416593310459,0.9958783318915732
7,9,1.18485057262858,0.63732,5000,1.495172518270987,0.60984393757503,833,1.534004448320919,0.5816,0.9978525329834924,0.08331051673083086,,,,,,,0,0,5,0.001,0.1,0.9956709499302102,0.9953188592012615,0.996024446315617,0.9952749555046283,0.994919076511241,0.9961530556034772,0.9957478936892122,0.9955746802943305,0.9958512467069185,1.0,0.9957527656545184,0.9949008317370298
7,10,1.1840898493672631,0.63992,5000,1.5091851861388594,0.5918367346938775,833,1.534004448320919,0.5816,0.9983628578820702,0.08335951543134154,,,,,,,0,0,5,0.001,0.1,0.9963659048354077,0.9960554299307794,0.9960095785124513,0.9962359330674838,0.9963237609685188,0.9957402275805808,0.9960470019869173,0.9964383574205334,0.9963416593310459,0.9957527656545184,1.0,0.9959874100649386
7,11,1.1702760164145452,0.65588,5000,1.565889795621236,0.5594237695078031,833,1.534004448320919,0.5816,0.9977737651864538,0.083317013386245,,,,,,,0,0,5,0.001,0.1,0.9951825979513776,0.9957550454905452,0.9949928206277738,0.9963280275917168,0.995286678908427,0.9959138027210535,0.9943660559980918,0.9956518928319047,0.9958783318915732,0.9949008317370298,0.9959874100649386,1.0
8,0,1.1093520550211524,0.65572,5000,1.42359874425111,0.6103117505995204,834,1.4049400917638224,0.6174,0.9976156126949094,0.08332665688309038,,,,,,,0,0,5,0.001,0.1,1.0,0.9949874600603029,0.9942435673306255,0.995715582601365,0.9953159175764322,0.9945354578416441,0.9943287986367962,0.994878103621499,0.9949246478416023,0.9946225075986014,0.9957037893127504,0.9941374022947119
8,1,1.1100240792438483,0.65032,5000,1.4155749568232783,0.6067146282973621,834,1.4049400917638224,0.6174,0.9977243459129028,0.08334201977013536,,,,,,,0,0,5,0.001,0.1,0.9949874600603029,1.0,0.9949374297747788,0.9956394327617425,0.9952313302094404,0.994802779150633,0.9947328174457272,0.9950899565458781,0.9950457318611031,0.9941474504182899,0.9952571837496346,0.9948225130323896
8,2,1.1035832378515014,0.65972,5000,1.4012603097491794,0.6091127098321343,834,1.4049400917638224,0.6174,0.9975355509225108,0.08333113828320367,,,,,,,0,0,5,0.001,0.1,0.9942435673306255,0.9949374297747788,1.0,0.9949329469324308,0.9946901546987493,0.995161494708048,0.9955052119639667,0.9940989557877159,0.9946942741043909,0.9948368666905856,0.9954550233720224,0.9938788418933237
8,3,1.1060742851275547,0.6646,5000,1.3985388234809593,0.605515587529976,834,1.4049400917638224,0.6174,0.9980542223772291,0.08336182397522043,,,,,,,0,0,5,0.001,0.1,0.995715582601365,0.9956394327617425,0.9949329469324308,1.0,0.9953557749942582,0.9953368130632361,0.9955073268114293,0.9954136865619343,0.9950298882523029,0.9943226074601941,0.9955627311127782,0.9958262608412974
8,4,1.0947490312491253,0.66944,5000,1.3919755352867975,0.6242496998799519,833,1.4049400917638224,0.6174,0.9977871085377042,0.08333734360250877,,,,,,,0,0,5,0.001,0.1,0.9953159175764322,0.9952313302094404,0.9946901546987493,0.9953557749942582,1.0,0.9948733471897041,0.9949479081873774,0.9956717237686612,0.9953149473726225,0.9938165985222509,0.9956355374924338,0.9945927538080684
8,5,1.0891835869497555,0.66732,5000,1.375723092644303,0.6230492196878752,833,1.4049400917638224,0.6174,0.9976804439455892,0.08333275901650464,,,,,,,0,0,5,0.001,0.1,0.9945354578416441,0.994802779150633,0.995161494708048,0.9953368130632361,0.9948733471897041,1.0,0.9942160973294784,0.9949664669841523,0.9952770100968134,0.9952237980948884,0.995032830066899,0.9947433906814971
8,6,1.093139531050518,0.66048,5000,1.4033615191777546,0.6146458583433373,833,1.4049400917638224,0.6174,0.9974173561252608,0.08330771902983945,,,,,,,0,0,5,0.001,0.1,0.9943287986367962,0.9947328174457272,0.9955052119639667,0.9955073268114293,0.9949479081873774,0.9942160973294784,1.0,0.993729014073054,0.9943828835298966,0.9950411858819702,0.9952541635950705,0.9933759703343971
8,7,1.093515529374408,0.66544,5000,1.3980755850120827,0.6242496998799519,833,1.4049400917638224,0.6174,0.9976660281690576,0.08333644237956245,,,,,,,0,0,5,0.001,0.1,0.994878103621499,0.9950899565458781,0.9940989557877159,0.9954136865619343,0.9956717237686612,0.9949664669841523,0.993729014073054,1.0,0.9953155434278894,0.9946251555907545,0.9954756854026735,0.9947317365775294
