round,client_id,client_i_training_loss,client_i_training_accuracy,client_i_training_dataset_size,client_i_evaluation_loss,client_i_evaluation_accuracy,client_i_evaluation_dataset_size,client_i_central_evaluation_loss,client_i_central_evaluation_accuracy,client_i_cosine_similarity,client_i_importance_coefficient,client_i_tanh_val,tanh_normalization_value,client_i_q,client_i_mask_order,client_i_v_nonzero_fraction,client_i_v_sparsity,client_i_v_cosine_similarity,client_i_reward_gradient_norm,local_epochs,learning_rate,gamma,client_0_cosine_similarity,client_1_cosine_similarity,client_2_cosine_similarity,client_3_cosine_similarity,client_4_cosine_similarity,client_5_cosine_similarity,client_6_cosine_similarity,client_7_cosine_similarity,client_8_cosine_similarity,client_9_cosine_similarity,client_10_cosine_similarity,client_11_cosine_similarity
0,0,2.283427440036427,0.1575953923686105,4167,2.2977330684661865,0.12350119904076738,834,2.2977311762073374,0.1454,0.9826334713491095,0.08332395431731374,0.08313165224201814,0.0837660085227133,0.9924270441808674,,0.992424617517453,0.007575382482546966,0,0.14741157335266356,10,0.025,0.15,1.0,0.9605669928365199,0.9637172325271586,0.9580861353534801,0.9570472475174705,0.9498529275730124,0.9659827850231619,0.96413929057778,0.9717014147230923,0.9691098195665909,0.9695942074321848,0.958327400090565
0,1,2.2755141670053654,0.15063594912407008,4167,2.2995717184884206,0.1354916067146283,834,2.2977311762073374,0.1454,0.9820843024600369,0.08327738667560419,0.08308540624430522,0.0837660085227133,0.991874958692637,,0.991871730124936,0.008128269875063987,0,0.14741157335263172,10,0.025,0.15,0.9605669928365199,1.0,0.9628654960578552,0.9509001901715325,0.9603696273432011,0.9593512965442076,0.9759481445086573,0.9517017664205423,0.96206891424057,0.9667707301169884,0.9664618984321547,0.9646425047401284
0,2,2.275828314549995,0.17900167986561075,4167,2.295356103352138,0.1474820143884892,834,2.2977311762073374,0.1454,0.9843309483641812,0.08346789455686647,0.0832745960176056,0.0837660085227133,0.9941335093462332,,0.9941327919988117,0.00586720800118834,0,0.14741157335270533,10,0.025,0.15,0.9637172325271586,0.9628654960578552,1.0,0.9628126308963931,0.9526108324383443,0.9614178329954296,0.9692058160866821,0.9578531332919359,0.9685778390028162,0.9709687327751466,0.9705028877786613,0.967611782993869
0,3,2.277733495018699,0.16047516198704104,4167,2.3008370058877126,0.1486810551558753,834,2.2977311762073374,0.1454,0.978783001302856,0.08299744763950465,0.08280739322008464,0.0837660085227133,0.9885560345953777,,0.9885544057698338,0.011445594230166223,0,0.1474115733520695,10,0.025,0.15,0.9580861353534801,0.9509001901715325,0.9628126308963931,1.0,0.9611150474626631,0.9503293294909528,0.9673894545417998,0.9537311932334213,0.9582628297698732,0.9679591653584516,0.9619533771410426,0.9501741330633672
0,4,2.2782010042306147,0.13578113750899928,4167,2.2891618524278914,0.1872749099639856,833,2.2977311762073374,0.1454,0.9811435943511192,0.08319761784848927,0.08300618755127581,0.0837660085227133,0.9909292446204787,,0.990922744301959,0.009077255698040965,0,0.14741157335254698,10,0.025,0.15,0.9570472475174705,0.9603696273432011,0.9526108324383443,0.9611150474626631,1.0,0.9624283489198489,0.9639691759240959,0.9550172079809022,0.9654502933082976,0.9746527918658544,0.9653049312600697,0.9525887727698901
0,5,2.282918283433625,0.1566834653227742,4167,2.300211157117571,0.1404561824729892,833,2.2977311762073374,0.1454,0.9779792624261312,0.08292929333436447,0.08273970587150106,0.0837660085227133,0.9877479819045967,,0.9877457048076447,0.012254295192355324,0,0.14741157335176813,10,0.025,0.15,0.9498529275730124,0.9593512965442076,0.9614178329954296,0.9503293294909528,0.9624283489198489,1.0,0.957007383170888,0.9394707502572585,0.9637058107631623,0.9694759353934014,0.9582255103843793,0.9619742961943765
0,6,2.2763169743797995,0.16205903527717783,4167,2.2958269119262695,0.16806722689075632,833,2.2977311762073374,0.1454,0.986151860633145,0.08362230168336772,0.08342793041061752,0.0837660085227133,0.9959640178748629,,0.9959564951890545,0.0040435048109455085,0,0.14741157335271007,10,0.025,0.15,0.9659827850231619,0.9759481445086573,0.9692058160866821,0.9673894545417998,0.9639691759240959,0.957007383170888,1.0,0.9582497897967575,0.9683776980732043,0.9739422474968202,0.9671008042271609,0.9624416949929457
0,7,2.2798330003565006,0.144876409887209,4167,2.299985953739711,0.12364945978391356,833,2.2977311762073374,0.1454,0.9774759410700069,0.08288661340648959,0.08269731797473179,0.0837660085227133,0.9872419544894635,,0.9872340776683006,0.012765922331699375,0,0.1474115733515195,10,0.025,0.15,0.96413929057778,0.9517017664205423,0.9578531332919359,0.9537311932334213,0.9550172079809022,0.9394707502572585,0.9582497897967575,1.0,0.9662489144066895,0.9657456016465886,0.9595257832267983,0.9556193327046395
0,8,2.279897527983694,0.1345895343254921,4166,2.2968393053327287,0.15006002400960383,833,2.2977311762073374,0.1454,0.9859073174124066,0.08360156525544467,0.08340733827716458,0.0837660085227133,0.9957181886439391,,0.9957171857206516,0.004282814279348401,0,0.14741157335271005,10,0.025,0.15,0.9717014147230923,0.96206891424057,0.9685778390028162,0.9582628297698732,0.9654502933082976,0.9637058107631623,0.9683776980732043,0.9662489144066895,1.0,0.974592543783149,0.9653770504521565,0.9623753487424659
0,9,2.278146723544959,0.1554248679788766,4166,2.2968805517469133,0.14165666266506602,833,2.2977311762073374,0.1454,0.9901668503892933,0.08396275906934143,0.0837660085227133,0.0837660085227133,0.9999999999880619,,0.9962948292650724,0.0037051707349275986,0,0.14741157335271007,10,0.025,0.15,0.9691098195665909,0.9667707301169884,0.9709687327751466,0.9679591653584516,0.9746527918658544,0.9694759353934014,0.9739422474968202,0.9657456016465886,0.974592543783149,1.0,0.9776744714039716,0.9660787953680312
0,10,2.278236228046995,0.16985117618819012,4166,2.2957886968340193,0.1368547418967587,833,2.2977311762073374,0.1454,0.9856753452782182,0.08358189481262385,0.08338780464532167,0.0837660085227133,0.9954849958228035,,0.9954778762522487,0.004522123747751294,0,0.14741157335270996,10,0.025,0.15,0.9695942074321848,0.9664618984321547,0.9705028877786613,0.9619533771410426,0.9653049312600697,0.9582255103843793,0.9671008042271609,0.9595257832267983,0.9653770504521565,0.9776744714039716,1.0,0.9622830399926953
0,11,2.283412729610096,0.16493038886221795,4166,2.3031347138541087,0.14165666266506602,833,2.2977311762073374,0.1454,0.9805970339849304,0.08315127140058999,0.0829601602546259,0.0837660085227133,0.9903797699891682,,0.9903781089600766,0.009621891039923391,0,0.14741157335247726,10,0.025,0.15,0.958327400090565,0.9646425047401284,0.967611782993869,0.9501741330633672,0.9525887727698901,0.9619742961943765,0.9624416949929457,0.9556193327046395,0.9623753487424659,0.9660787953680312,0.9622830399926953,1.0
1,0,2.17830220822132,0.21430285577153826,4167,2.2876382214682445,0.1498800959232614,834,2.2868265200264846,0.1714,0.9859349214913481,0.08332489535001049,0.08313258677128563,0.08361831699679387,0.9941911025724057,,0.9941905563532538,0.005809443646746182,0.8619479513068772,0.14790279140821283,10,0.025,0.15,1.0,0.9686949445818194,0.9635253222803952,0.9662435663913889,0.9689944343157924,0.972709997569444,0.9695182983858768,0.9734898328307747,0.9703102528528549,0.9717319607958209,0.9698656290368048,0.970735551165488
1,1,2.155265564990766,0.22438204943604512,4167,2.289506231035505,0.15827338129496402,834,2.286826523044441,0.1714,0.9850700591384424,0.0832681479431148,0.08307623128145038,0.08361831699679387,0.993517141509105,,0.993513888201218,0.006486111798782002,0.8619479512687991,0.1479027914082068,10,0.025,0.15,0.9686949445818194,1.0,0.9689914278470481,0.9570918364265186,0.9679001872974301,0.9727261160489048,0.9691118779214993,0.9681376928923413,0.967430935067616,0.9711303483341859,0.9717371602903888,0.9725890904195174
1,2,2.160796205925219,0.22994960403167747,4167,2.2850204876491,0.16786570743405277,834,2.2868265200264846,0.1714,0.9849355113054523,0.08338118242068,0.08318848457886986,0.08361831699679387,0.9948595901668847,,0.9948589724546549,0.005141027545345067,0.8619479512674311,0.14790279140821608,10,0.025,0.15,0.9635253222803952,0.9689914278470481,1.0,0.9671505223376935,0.9656189728026167,0.9687967446716412,0.9728633377787812,0.969231503067952,0.9663698673244465,0.9716974760258749,0.9682813778441028,0.9713690018553541
1,3,2.1689347660902776,0.21898248140148788,4167,2.289038896560669,0.18705035971223022,834,2.286826523044441,0.1714,0.9816541576025525,0.08298484858431388,0.08279488054437259,0.08361831699679387,0.9901524392862032,,0.9901470515423083,0.00985294845769169,0.8619479511370625,0.1479027914080823,10,0.025,0.15,0.9662435663913889,0.9570918364265186,0.9671505223376935,1.0,0.96536129167886,0.9645337219535065,0.967575350419829,0.968892764486483,0.9640201083223838,0.9677951912658604,0.9624177501600109,0.9641998034438956
1,4,2.165516585292238,0.2158387329013679,4167,2.2774223600115096,0.20888355342136855,833,2.286826523044441,0.1714,0.9863217727350904,0.08325958890106007,0.08306773130495188,0.08361831699679387,0.9934154894213366,,0.993414863593603,0.006585136406397019,0.8619479511851811,0.14790279140820564,10,0.025,0.15,0.9689944343157924,0.9679001872974301,0.9656189728026167,0.96536129167886,1.0,0.9705470879114254,0.9695900409480858,0.9728018679382067,0.9687372334034888,0.9767198800823106,0.9713201382467848,0.9727986362871905
1,5,2.180357447898749,0.2255819534437245,4167,2.288065637860979,0.17767106842737096,833,2.286826523044441,0.1714,0.9873596949405562,0.08312790049663414,0.08293695015330664,0.08361831699679387,0.9918514642610516,,0.9918469739730323,0.008153026026967658,0.8619479510763284,0.14790279140817295,10,0.025,0.15,0.972709997569444,0.9727261160489048,0.9687967446716412,0.9645337219535065,0.9705470879114254,1.0,0.9719848450110413,0.9705093680375149,0.9701295487528467,0.9750046375169352,0.969473857849028,0.9763459354034315
1,6,2.164187594616052,0.2300695944324454,4167,2.28439998626709,0.19567827130852342,833,2.2868265200264846,0.1714,0.9859641503812653,0.08350969657625655,0.08331610800974387,0.08361831699679387,0.996385851821701,,0.9963856018220528,0.0036143981779471757,0.8619479512695352,0.1479027914082185,10,0.025,0.15,0.9695182983858768,0.9691118779214993,0.9728633377787812,0.967575350419829,0.9695900409480858,0.9719848450110413,1.0,0.9663350096378447,0.9678023252702446,0.9743325087026049,0.9661192693921203,0.9707729953277774
1,7,2.1697213396881567,0.2216942644588433,4167,2.290113994053432,0.14165666266506602,833,2.286826526062398,0.1714,0.9866272960665691,0.0830778451202942,0.08288723887842811,0.08361831699679387,0.991256962043555,,0.9912528263273424,0.008747173672657649,0.86194795040341,0.14790279140814966,10,0.025,0.15,0.9734898328307747,0.9681376928923413,0.969231503067952,0.968892764486483,0.9728018679382067,0.9705093680375149,0.9663350096378447,1.0,0.9714843962223586,0.9723655517907203,0.9704594608014548,0.9704404781974392
1,8,2.173260641820503,0.2154824771963514,4166,2.2865477970668246,0.17647058823529413,833,2.2868265200264846,0.1714,0.985405436320791,0.08347879686390253,0.08328542271103741,0.08361831699679387,0.996018883197981,,0.9960142595434965,0.0039857404565034615,0.8619479512699707,0.14790279140821835,10,0.025,0.15,0.9703102528528549,0.967430935067616,0.9663698673244465,0.9640201083223838,0.9687372334034888,0.9701295487528467,0.9678023252702446,0.9714843962223586,1.0,0.9707434802284786,0.9694661391757331,0.9729429560859542
1,9,2.156784293868325,0.22213154104656746,4166,2.2849909578050887,0.1716686674669868,833,2.2868265200264846,0.1714,0.9888785990554242,0.08381402575879981,0.08361831699679387,0.08361831699679387,0.9999999999880408,,0.9969714974171081,0.00302850258289189,0.8619479512749437,0.14790279140821852,10,0.025,0.15,0.9717319607958209,0.9711303483341859,0.9716974760258749,0.9677951912658604,0.9767198800823106,0.9750046375169352,0.9743325087026049,0.9723655517907203,0.9707434802284786,1.0,0.9727856045967646,0.9761240558254638
1,10,2.1646313136274165,0.22530004800768122,4166,2.284118686403547,0.16686674669867949,833,2.2868265200264846,0.1714,0.9859154125153184,0.08348321554857391,0.08328981074405721,0.08361831699679387,0.9960713601333865,,0.9960637718473041,0.0039362281526958975,0.8619479512700787,0.14790279140821835,10,0.025,0.15,0.9698656290368048,0.9717371602903888,0.9682813778441028,0.9624177501600109,0.9713201382467848,0.969473857849028,0.9661192693921203,0.9704594608014548,0.9694661391757331,0.9727856045967646,1.0,0.9735327431244061
1,11,2.1726993358496465,0.22347575612097936,4166,2.292966297694615,0.15486194477791115,833,2.286826523044441,0.1714,0.9881355700251824,0.08328985643635979,0.08309778991116795,0.08361831699679387,0.993774963365507,,0.9937697017708901,0.006230298229109921,0.8619479511406379,0.1479027914082095,10,0.025,0.15,0.970735551165488,0.9725890904195174,0.9713690018553541,0.9641998034438956,0.9727986362871905,0.9763459354034315,0.9707729953277774,0.9704404781974392,0.9729429560859542,0.9761240558254638,0.9735327431244061,1.0
2,0,2.089731655698834,0.2510919126469882,4167,2.2718444551740373,0.17146282973621102,834,2.26979694788969,0.1936,0.9835023144459778,0.08335473021292862,0.08316221537116598,0.08349456855561734,0.9960194634070599,,0.9891320493142546,0.01086795068574542,0.9611475279330426,0.1474025424099749,10,0.025,0.15,1.0,0.9620460667586923,0.9597580620093512,0.9591731495205014,0.9630918630471423,0.9683388886870248,0.959709259765348,0.9677967498201637,0.9638390569604888,0.9656797040884229,0.9633122373458274,0.964921503584487
2,1,2.0601265466574468,0.2638588912886969,4167,2.2733449595315114,0.16546762589928057,834,2.26979694788969,0.1936,0.9808387295766386,0.08323321288424226,0.0830415372318059,0.08349456855561734,0.9945741222136595,,0.9891320493142546,0.01086795068574542,0.9611475279329913,0.1474025424099749,10,0.025,0.15,0.9620460667586923,1.0,0.9621252386453475,0.955245937049557,0.9607306868668043,0.9632995784789014,0.9601901600233204,0.9593966139335214,0.9566922337416064,0.96190929382484,0.962229238510947,0.9623935919121732
2,2,2.07185047973286,0.26414686825053996,4167,2.2686328887939453,0.19664268585131894,834,2.26979694788969,0.1936,0.9818434715692302,0.08333558937273551,0.08314320687788913,0.08349456855561734,0.995791801972245,,0.9891320493142546,0.01086795068574542,0.961147527932877,0.1474025424099749,10,0.025,0.15,0.9597580620093512,0.9621252386453475,1.0,0.9615641558212118,0.9594609687961873,0.963140279862175,0.9629568092802434,0.9628917622921483,0.9591552150543586,0.9634722140373807,0.9610079706698522,0.9625412042776886
2,3,2.0852406653490934,0.24850011999040078,4167,2.2711337293897356,0.19664268585131894,834,2.2697969509076468,0.1936,0.9806826572897706,0.08305333744401962,0.08286289952766639,0.08349456855561734,0.9924346093420122,,0.9891320493142546,0.01086795068574542,0.9611475279339265,0.1474025424099749,10,0.025,0.15,0.9591731495205014,0.955245937049557,0.9615641558212118,1.0,0.9592583493154444,0.9619439505588205,0.9634580100930625,0.9632139827729713,0.9570790045335479,0.963289733704307,0.9579152158116766,0.9624281732764588
2,4,2.073050808545315,0.25829133669306453,4167,2.2592836788722446,0.23649459783913565,833,2.26979694788969,0.1936,0.983206031430651,0.08330481154314533,0.08311264173085371,0.08349456855561734,0.9954257284950859,,0.9891320493142546,0.01086795068574542,0.9611475279331851,0.1474025424099749,10,0.025,0.15,0.9630918630471423,0.9607306868668043,0.9594609687961873,0.9592583493154444,1.0,0.9624656493254761,0.9586405000411239,0.9672992754358156,0.9630840742522674,0.9657027331106102,0.9676407061386662,0.9668069688293623
2,5,2.0920352202473267,0.2617470602351812,4167,2.2693677629743303,0.19447779111644659,833,2.2697969509076468,0.1936,0.9842954096980008,0.08325893299190561,0.08306707992169773,0.08349456855561734,0.9948800425906779,,0.9891320493142546,0.01086795068574542,0.9611475279428542,0.1474025424099749,10,0.025,0.15,0.9683388886870248,0.9632995784789014,0.963140279862175,0.9619439505588205,0.9624656493254761,1.0,0.9659569966548129,0.9644620887902322,0.9609783532622551,0.9670125876419097,0.9624628304370929,0.96701907820848
2,6,2.0754081187826214,0.26709863210943124,4167,2.2665459428514754,0.2148859543817527,833,2.26979694788969,0.1936,0.9809964244082797,0.08338737917397594,0.08319463844545306,0.08349456855561734,0.9964077889574231,,0.9891320493142546,0.01086795068574542,0.961147527930892,0.1474025424099749,10,0.025,0.15,0.959709259765348,0.9601901600233204,0.9629568092802434,0.9634580100930625,0.9586405000411239,0.9659569966548129,1.0,0.9591737183291558,0.9547714947477887,0.965094299297471,0.9571953479313261,0.9608871154382868
2,7,2.0786548339959348,0.2622750179985601,4167,2.2745118141174316,0.16566626650660263,833,2.2697969509076468,0.1936,0.9836155948032361,0.0832059693462175,0.083014481501208,0.08349456855561734,0.9942500804099157,,0.9891320493142546,0.01086795068574542,0.9611475279461501,0.1474025424099749,10,0.025,0.15,0.9677967498201637,0.9593966139335214,0.9628917622921483,0.9632139827729713,0.9672992754358156,0.9644620887902322,0.9591737183291558,1.0,0.9639680165604635,0.9646969295282729,0.962915985112737,0.9632963474428189
2,8,2.081184582638018,0.2541766682669227,4166,2.270517144884382,0.20048019207683074,833,2.26979694788969,0.1936,0.9811022932806414,0.08337175100517324,0.08317911842446561,0.08349456855561734,0.9962219083515855,,0.9891320493142546,0.01086795068574542,0.9611475279308211,0.1474025424099749,10,0.025,0.15,0.9638390569604888,0.9566922337416064,0.9591552150543586,0.9570790045335479,0.9630840742522674,0.9609783532622551,0.9547714947477887,0.9639680165604635,1.0,0.9605589833504846,0.9634422936752693,0.965727181148962
2,9,2.0678089037086025,0.257609217474796,4166,2.2663700580596924,0.20528211284513806,833,2.26979694788969,0.1936,0.9845142787983753,0.08368940727116553,0.08349456855561734,0.08349456855561734,0.9999999999880231,,0.9891320493142546,0.01086795068574542,0.9611475279286911,0.1474025424099749,10,0.025,0.15,0.9656797040884229,0.96190929382484,0.9634722140373807,0.963289733704307,0.9657027331106102,0.9670125876419097,0.965094299297471,0.9646969295282729,0.9605589833504846,1.0,0.9651213023240187,0.9668572020185283
2,10,2.0696902098077716,0.26392222755640904,4166,2.265789883477347,0.19447779111644659,833,2.26979694788969,0.1936,0.9829711468318048,0.08343516994601652,0.08324209825220229,0.08349456855561734,0.9969762068505826,,0.9891320493142546,0.01086795068574542,0.9611475279308692,0.1474025424099749,10,0.025,0.15,0.9633122373458274,0.962229238510947,0.9610079706698522,0.9579152158116766,0.9676407061386662,0.9624628304370929,0.9571953479313261,0.962915985112737,0.9634422936752693,0.9651213023240187,1.0,0.9680696909140044
2,11,2.083844955039747,0.25921747479596735,4166,2.277139561516898,0.18127250900360145,833,2.26979694788969,0.1936,0.9846292776796044,0.08336970880847443,0.08317709035690285,0.08349456855561734,0.9961976185373159,,0.9891320493142546,0.01086795068574542,0.9611475279332945,0.1474025424099749,10,0.025,0.15,0.964921503584487,0.9623935919121732,0.9625412042776886,0.9624281732764588,0.9668069688293623,0.96701907820848,0.9608871154382868,0.9632963474428189,0.965727181148962,0.9668572020185283,0.9680696909140044,1.0
3,0,2.0268242156866827,0.2765778737700984,4167,2.2504409040723528,0.17985611510791366,834,2.2468171813819984,0.2137,0.9785860695202698,0.08331685901764051,0.08312460597289387,0.08343780729143704,0.9962462901446408,,0.9889257480483901,0.011074251951609937,0.9823547747870821,0.14692498663759185,10,0.025,0.15,1.0,0.9518276329836811,0.9497994550214877,0.9534095088920774,0.9555495231689295,0.959124919674565,0.9513718754178637,0.9608898031104152,0.9537125334645067,0.9575416767048494,0.9559805518652073,0.953076078835578
3,1,1.9968556209044024,0.2855291576673866,4167,2.251192740031651,0.19424460431654678,834,2.2468171813819984,0.2137,0.9775432919944771,0.08320787782049449,0.08301637682311719,0.08343780729143704,0.994949166534988,,0.9889257480483901,0.011074251951609937,0.9823547747870821,0.14692498663759185,10,0.025,0.15,0.9518276329836811,1.0,0.9550013345062367,0.9508515583857212,0.9545841743261044,0.957800573265272,0.9549816384296126,0.9510341258549567,0.9458052218842078,0.9564736409572796,0.955418158801115,0.956298777776918
3,2,2.0074894551074864,0.28430525557955366,4167,2.24662412915911,0.2278177458033573,834,2.2468171813819984,0.2137,0.9781851023544729,0.08329199580147688,0.08309991450307201,0.08343780729143704,0.9959503635063086,,0.9889257480483901,0.011074251951609937,0.9823547747870821,0.14692498663759185,10,0.025,0.15,0.9497994550214877,0.9550013345062367,1.0,0.9564847163955198,0.9540043919382797,0.9551472462500694,0.950759123944416,0.9572060704424454,0.9535236822673315,0.9569247384680646,0.9553368887125198,0.953402680094984
3,3,2.0242558334812975,0.2718742500599952,4167,2.2472500119890486,0.2146282973621103,834,2.246817184399955,0.2137,0.9792042817434852,0.08315075861253375,0.08295965099575446,0.08343780729143704,0.9942693089356157,,0.9889257480483901,0.011074251951609937,0.9823547747870821,0.14692498663759185,10,0.025,0.15,0.9534095088920774,0.9508515583857212,0.9564847163955198,1.0,0.9544401435582524,0.9580790869518877,0.9568561249690419,0.9578736407997844,0.954308283045097,0.9562582363297413,0.9532300490786044,0.9579228036116237
3,4,2.0078174569390037,0.2803695704343653,4167,2.23492009299142,0.2665066026410564,833,2.2468171813819984,0.2137,0.9806684709333715,0.08335373054700615,0.0831612226188046,0.08343780729143704,0.9966851397153443,,0.9889257480483901,0.011074251951609937,0.9823547747870821,0.14692498663759185,10,0.025,0.15,0.9555495231689295,0.9545841743261044,0.9540043919382797,0.9544401435582524,1.0,0.9562105399236096,0.9506087981281679,0.9620596488131771,0.9592633785148525,0.9596920744087046,0.9608667400288833,0.9594931426674131
3,5,2.030345516493826,0.2812814974802016,4167,2.2443829604557584,0.2028811524609844,833,2.2468171874179115,0.2137,0.9812500262375897,0.08334429641638975,0.08315185372529431,0.08343780729143704,0.9965728537647146,,0.9889257480483901,0.011074251951609937,0.9823547747870821,0.14692498663759185,10,0.025,0.15,0.959124919674565,0.957800573265272,0.9551472462500694,0.9580790869518877,0.9562105399236096,1.0,0.9592536089696082,0.9593526038715803,0.9531849806131476,0.9608463213241502,0.9557592311615325,0.9588829267838497
3,6,2.01328537644762,0.28819294456443484,4167,2.2423300402505055,0.23769507803121248,833,2.2468171813819984,0.2137,0.9763359254451485,0.08326386382075351,0.08307197672513171,0.08343780729143704,0.9956155299476752,,0.9889257480483901,0.011074251951609937,0.9823547747870821,0.14692498663759185,10,0.025,0.15,0.9513718754178637,0.9549816384296126,0.950759123944416,0.9568561249690419,0.9506087981281679,0.9592536089696082,1.0,0.950837428802927,0.9447565335728553,0.9570087128488003,0.9473778479617838,0.9520204075234183
3,7,2.0152858047774345,0.2855531557475402,4167,2.253107786178589,0.19567827130852342,833,2.2468171874179115,0.2137,0.9811404459288281,0.08330801203391845,0.08311582011271536,0.08343780729143704,0.9961409918336759,,0.9889257480483901,0.011074251951609937,0.9823547747870821,0.14692498663759185,10,0.025,0.15,0.9608898031104152,0.9510341258549567,0.9572060704424454,0.9578736407997844,0.9620596488131771,0.9593526038715803,0.950837428802927,1.0,0.9579194417042548,0.9612177173089439,0.9575531472432205,0.9564294803615335
3,8,2.015308705965678,0.2773403744599136,4166,2.248688050678798,0.2064825930372149,833,2.2468171813819984,0.2137,0.978304394905308,0.08331821560376632,0.08312595318526443,0.08343780729143704,0.9962624364506654,,0.9889257480483901,0.011074251951609937,0.9823547747870821,0.14692498663759185,10,0.025,0.15,0.9537125334645067,0.9458052218842078,0.9535236822673315,0.954308283045097,0.9592633785148525,0.9531849806131476,0.9447565335728553,0.9579194417042548,1.0,0.9559382349328078,0.9595990367836195,0.9609423752367741
3,9,2.004868457895337,0.2801008161305809,4166,2.241264751979283,0.22809123649459784,833,2.2468171813819984,0.2137,0.9819266692160289,0.08363224779953567,0.08343780729143704,0.08343780729143704,0.9999999999880149,,0.9889257480483901,0.011074251951609937,0.9823547747870821,0.14692498663759185,10,0.025,0.15,0.9575416767048494,0.9564736409572796,0.9569247384680646,0.9562582363297413,0.9596920744087046,0.9608463213241502,0.9570087128488003,0.9612177173089439,0.9559382349328078,1.0,0.9605197071055731,0.9589630063389823
3,10,2.006511640187466,0.28557369179068653,4166,2.2411059652056013,0.21968787515006002,833,2.2468171813819984,0.2137,0.9801791787487928,0.08341835687343302,0.08322540165818398,0.08343780729143704,0.9974543238713283,,0.9889257480483901,0.011074251951609937,0.9823547747870821,0.14692498663759185,10,0.025,0.15,0.9559805518652073,0.955418158801115,0.9553368887125198,0.9532300490786044,0.9608667400288833,0.9557592311615325,0.9473778479617838,0.9575531472432205,0.9595990367836195,0.9605197071055731,1.0,0.9593068242936321
3,11,2.0220455129941306,0.2776284205472876,4166,2.2559117589678084,0.1908763505402161,833,2.2468171813819984,0.2137,0.9806672772683207,0.0833937856530515,0.08320100057966734,0.08343780729143704,0.9971618775654094,,0.9889257480483901,0.011074251951609937,0.9823547747870821,0.14692498663759185,10,0.025,0.15,0.953076078835578,0.956298777776918,0.953402680094984,0.9579228036116237,0.9594931426674131,0.9588829267838497,0.9520204075234183,0.9564294803615335,0.9609423752367741,0.9589630063389823,0.9593068242936321,1.0
4,0,1.9798162070187655,0.2893448524118071,4167,2.2235455172402516,0.19664268585131894,834,2.2181200226650963,0.2335,0.976509891931693,0.08331747849233795,0.08312522116717523,0.08341426432197604,0.9965348473891509,,0.9956264131636712,0.004373586836328824,0.9892729577519387,0.14650282326647596,10,0.025,0.15,1.0,0.9491214820039732,0.9467786171504281,0.9493520160519973,0.950449447027813,0.9538141586580496,0.9457638059452645,0.9550625130424107,0.9473013697807082,0.9529739385870584,0.9483313400481976,0.9459643128508617
4,1,1.9467920473127653,0.2993760499160067,4167,2.22330447605678,0.21103117505995203,834,2.2181200196471393,0.2335,0.97461651710921,0.08318844233297769,0.08299707524837553,0.08341426432197604,0.9949985883351415,,0.9949910052648083,0.005008994735191674,0.9892729577519388,0.14650282326647593,10,0.025,0.15,0.9491214820039732,1.0,0.9495932572946371,0.9439569357255482,0.9496241906614586,0.9511443849780605,0.9486915942459189,0.9442097529259779,0.9386628626797326,0.9520376387746265,0.9480010913775796,0.9477356845635763
4,2,1.9601207635619424,0.29930405567554597,4167,2.2190848759242465,0.25059952038369304,834,2.2181200226650963,0.2335,0.9761764622382488,0.08329124719799903,0.08309917106910095,0.08341426432197604,0.9962225495071793,,0.9956264131636712,0.004373586836328824,0.9892729577519387,0.14650282326647596,10,0.025,0.15,0.9467786171504281,0.9495932572946371,1.0,0.9513111747697146,0.9484224073923714,0.9511238223311721,0.9440355026071855,0.9500658728447035,0.9498533236651024,0.9527997289683414,0.9522706407351532,0.9447674958126059
4,3,1.9770947911522605,0.2854811615070794,4167,2.2174051829746793,0.22541966426858512,834,2.218120025683053,0.2335,0.9760254582714524,0.08319897859686225,0.08300753892390289,0.08341426432197604,0.9951240306154552,,0.9951230380749616,0.004876961925038392,0.9892729577519388,0.14650282326647593,10,0.025,0.15,0.9493520160519973,0.9439569357255482,0.9513111747697146,1.0,0.9496781680813835,0.9511347181866086,0.9464741987612845,0.9513890728906302,0.9499251615585984,0.9487274161808527,0.9479047325450308,0.9494907604251103
4,4,1.9551183592189443,0.30045596352291815,4167,2.2047098704746793,0.28811524609843936,833,2.2181200226650963,0.2335,0.9780912775778466,0.08339176004518664,0.08319898899354451,0.08341426432197604,0.9974192024448241,,0.9956264131636712,0.004373586836328824,0.9892729577519387,0.14650282326647596,10,0.025,0.15,0.950449447027813,0.9496241906614586,0.9484224073923714,0.9496781680813835,1.0,0.9515420010691659,0.9447008675026572,0.9564854207384277,0.9523668649848634,0.9551655430949307,0.954000558250316,0.9509755776209465
4,5,1.97998326438846,0.29328053755699546,4167,2.213443006787981,0.23529411764705882,833,2.218120025683053,0.2335,0.9791082193621613,0.08341902852334762,0.08322606865590002,0.08341426432197604,0.9977438431112051,,0.9956264131636712,0.004373586836328824,0.9892729577519387,0.14650282326647596,10,0.025,0.15,0.9538141586580496,0.9511443849780605,0.9511238223311721,0.9511347181866086,0.9515420010691659,1.0,0.9540567675789927,0.9540033134523802,0.9491979323874306,0.956464136165196,0.950805521809331,0.9520603314154668
4,6,1.9632538932742494,0.30381569474442044,4167,2.212277412414551,0.24729891956782712,833,2.2181200226650963,0.2335,0.9729867321092519,0.08317001631817228,0.08297877613345742,0.08341426432197604,0.994779212008243,,0.9947764519483091,0.005223548051690896,0.9892729577516682,0.14650282326647593,10,0.025,0.15,0.9457638059452645,0.9486915942459189,0.9440355026071855,0.9464741987612845,0.9447008675026572,0.9540567675789927,1.0,0.9442566501501081,0.9387293247029701,0.9509501723031962,0.9399795451750834,0.9460207945096947
4,7,1.963360647721724,0.3025197984161267,4167,2.226039239338466,0.21968787515006002,833,2.218120025683053,0.2335,0.9778308855981945,0.08335500756769547,0.08316249080775366,0.08341426432197604,0.9969816491547833,,0.9956264131636712,0.004373586836328824,0.9892729577519387,0.14650282326647596,10,0.025,0.15,0.9550625130424107,0.9442097529259779,0.9500658728447035,0.9513890728906302,0.9564854207384277,0.9540033134523802,0.9442566501501081,1.0,0.9518953764326461,0.9541281939772208,0.9504036901562871,0.9484889475284634
4,8,1.9653038454778267,0.29243879020643304,4166,2.2212733200618198,0.22328931572629052,833,2.2181200226650963,0.2335,0.9758155823097936,0.08329571644892504,0.08310360945609037,0.08341426432197604,0.9962757584759983,,0.9956264131636712,0.004373586836328824,0.9892729577519387,0.14650282326647596,10,0.025,0.15,0.9473013697807082,0.9386628626797326,0.9498533236651024,0.9499251615585984,0.9523668649848634,0.9491979323874306,0.9387293247029701,0.9518953764326461,1.0,0.9493205317716313,0.9550339074969741,0.9544684651042202
4,9,1.9605274384671991,0.29759961593855017,4166,2.210300479616438,0.25690276110444177,833,2.2181200226650963,0.2335,0.9794589695556655,0.08360853982485879,0.08341426432197604,0.08341426432197604,0.9999999999880116,,0.9956264131636712,0.004373586836328824,0.9892729577519387,0.14650282326647596,10,0.025,0.15,0.9529739385870584,0.9520376387746265,0.9527997289683414,0.9487274161808527,0.9551655430949307,0.956464136165196,0.9509501723031962,0.9541281939772208,0.9493205317716313,1.0,0.9537681545505707,0.9529617159007323
4,10,1.954774105910099,0.30192030724915986,4166,2.2101365498134067,0.23169267707082833,833,2.2181200226650963,0.2335,0.9771172990817487,0.08340002566993676,0.08320719739740186,0.08341426432197604,0.997517607722674,,0.9956264131636712,0.004373586836328824,0.9892729577519387,0.14650282326647596,10,0.025,0.15,0.9483313400481976,0.9480010913775796,0.9522706407351532,0.9479047325450308,0.954000558250316,0.950805521809331,0.9399795451750834,0.9504036901562871,0.9550339074969741,0.9537681545505707,1.0,0.9514555656188622
4,11,1.9747295704754917,0.29059049447911667,4166,2.2294558116367886,0.21608643457382953,833,2.2181200226650963,0.2335,0.9764700320873023,0.08336375898170034,0.08317118169065499,0.08341426432197604,0.9970858385637754,,0.9956264131636712,0.004373586836328824,0.9892729577519387,0.14650282326647596,10,0.025,0.15,0.9459643128508617,0.9477356845635763,0.9447674958126059,0.9494907604251103,0.9509755776209465,0.9520603314154668,0.9460207945096947,0.9484889475284634,0.9544684651042202,0.9529617159007323,0.9514555656188622,1.0
5,0,1.9415187640623612,0.30316774658027357,4167,2.1917618002210344,0.21942446043165467,834,2.1844826136963276,0.2579,0.9739149692813539,0.08331704466841898,0.08312479034087829,0.08339363340603477,0.9967762159391198,,0.9958244623789012,0.0041755376210987905,0.9919303572043261,0.1461173729504604,10,0.025,0.15,1.0,0.9448164666899703,0.940871399154836,0.9445185067728602,0.9440590115579965,0.9474753092394074,0.9408591000024853,0.9488295649799418,0.9429376194255057,0.9465529278249813,0.943571753313496,0.9399731977550614
5,1,1.9078475739016678,0.31185505159587235,4167,2.1905806745801653,0.23501199040767387,834,2.1844826136963276,0.2579,0.9720168990129714,0.08317530965617494,0.08298403302199242,0.08339363340603477,0.9950883494541707,,0.9950817778217887,0.004918222178211251,0.9919303572043909,0.14611737295046034,10,0.025,0.15,0.9448164666899703,1.0,0.9449924775136657,0.9373145567636487,0.9452925708041486,0.9448398500350242,0.9425136139261655,0.9396304480045009,0.9335262735085377,0.9446092910092133,0.9436382057811817,0.9411888862035568
5,2,1.919872598214583,0.3107031437485001,4167,2.186748538698469,0.2733812949640288,834,2.1844826136963276,0.2579,0.9737983565998143,0.08329700491503246,0.08310488902364338,0.08339363340603477,0.9965375728146768,,0.9958244623789012,0.0041755376210987905,0.9919303572043261,0.1461173729504604,10,0.025,0.15,0.940871399154836,0.9449924775136657,1.0,0.9453032030931247,0.9439265823365511,0.9453263776250151,0.9391702967123526,0.9470625576739397,0.9422457608485593,0.946439930277374,0.947866907839035,0.9399125159804055
5,3,1.9403068817023075,0.2974562035037197,4167,2.1823201520102367,0.24580335731414868,834,2.1844826167142846,0.2579,0.9730732834584624,0.08321625457390486,0.08302469584051311,0.08339363340603477,0.9955759504479087,,0.9955686488092291,0.004431351190770871,0.9919303572043302,0.1461173729504604,10,0.025,0.15,0.9445185067728602,0.9373145567636487,0.9453032030931247,1.0,0.9420365077402287,0.946104646112167,0.9410306472019343,0.945510770072663,0.943718434289931,0.9430635661713386,0.9434766972013662,0.9426316249900497
5,4,1.911909475109794,0.3101511879049676,4167,2.16933468409947,0.304921968787515,833,2.1844826136963276,0.2579,0.9749251563960621,0.08339594942078699,0.08320314936853615,0.08339363340603477,0.9977158443550613,,0.9958244623789012,0.0041755376210987905,0.9919303572043261,0.1461173729504604,10,0.025,0.15,0.9440590115579965,0.9452925708041486,0.9439265823365511,0.9420365077402287,1.0,0.945076639032308,0.9380727454380009,0.9508765172016119,0.9456833999292185,0.9482717741194981,0.9476578180926017,0.9452550989260787
5,5,1.9410139679908753,0.3029277657787377,4167,2.177441733224051,0.2605042016806723,833,2.1844826167142846,0.2579,0.9764292793579138,0.08346184274092637,0.08326858616591273,0.08339363340603477,0.9985005181329407,,0.9958244623789012,0.0041755376210987905,0.9919303572043261,0.1461173729504604,10,0.025,0.15,0.9474753092394074,0.9448398500350242,0.9453263776250151,0.946104646112167,0.945076639032308,1.0,0.9469643171378967,0.9499315852839256,0.9423305560954384,0.9520649254740663,0.946960475058867,0.9467090841560781
5,6,1.9224431670073308,0.31943844492440604,4167,2.1771934713636125,0.2689075630252101,833,2.1844826136963276,0.2579,0.9703614068235641,0.08310995846445925,0.08291913150956323,0.08339363340603477,0.9943100944510289,,0.9943060850621379,0.005693914937862088,0.991930357205536,0.14611737295045993,10,0.025,0.15,0.9408591000024853,0.9425136139261655,0.9391702967123526,0.9410306472019343,0.9380727454380009,0.9469643171378967,1.0,0.9402955361373011,0.9336179113673005,0.9454844370479724,0.9368044673224947,0.9382192926310307
5,7,1.9203998103286282,0.316006719462443,4167,2.1940699986049106,0.24009603841536614,833,2.1844826167142846,0.2579,0.9760874867731544,0.08341106975087731,0.08321816500525697,0.08339363340603477,0.9978959017060528,,0.9958244623789012,0.0041755376210987905,0.9919303572043261,0.1461173729504604,10,0.025,0.15,0.9488295649799418,0.9396304480045009,0.9470625576739397,0.945510770072663,0.9508765172016119,0.9499315852839256,0.9402955361373011,1.0,0.9467018555988221,0.9502707607875415,0.9461913815361245,0.9445092054908066
5,8,1.9228234753464208,0.3061449831973116,4166,2.1892337799072266,0.24969987995198079,833,2.1844826136963276,0.2579,0.9728868375784065,0.08327007039562793,0.08307814046554461,0.08339363340603477,0.9962168222129106,,0.9958244623789012,0.0041755376210987905,0.9919303572043261,0.1461173729504604,10,0.025,0.15,0.9429376194255057,0.9335262735085377,0.9422457608485593,0.943718434289931,0.9456833999292185,0.9423305560954384,0.9336179113673005,0.9467018555988221,1.0,0.9439663845453707,0.9490749775979912,0.948629618036215
5,9,1.918048544363542,0.3084253480556889,4166,2.1740949153900146,0.2845138055222089,833,2.1844826136963276,0.2579,0.9766930198904944,0.08358776439045172,0.08339363340603477,0.08339363340603477,0.9999999999880086,,0.9958244623789012,0.0041755376210987905,0.9919303572043261,0.1461173729504604,10,0.025,0.15,0.9465529278249813,0.9446092910092133,0.946439930277374,0.9430635661713386,0.9482717741194981,0.9520649254740663,0.9454844370479724,0.9502707607875415,0.9439663845453707,1.0,0.9492617038739448,0.9467607503822416
5,10,1.9123456102429015,0.31327412385981757,4166,2.174129145486014,0.2653061224489796,833,2.1844826136963276,0.2579,0.9754755029146196,0.08341899953687305,0.08322603987020247,0.08339363340603477,0.9979903317557313,,0.9958244623789012,0.0041755376210987905,0.9919303572043261,0.1461173729504604,10,0.025,0.15,0.943571753313496,0.9436382057811817,0.947866907839035,0.9434766972013662,0.9476578180926017,0.946960475058867,0.9368044673224947,0.9461913815361245,0.9490749775979912,0.9492617038739448,1.0,0.9481276567282041
5,11,1.9360398610432943,0.30081613058089296,4166,2.1982296875544955,0.24729891956782712,833,2.1844826136963276,0.2579,0.9737011946233489,0.08333873148646613,0.08314632727002323,0.08339363340603477,0.9970344722143899,,0.9958244623789012,0.0041755376210987905,0.9919303572043261,0.1461173729504604,10,0.025,0.15,0.9399731977550614,0.9411888862035568,0.9399125159804055,0.9426316249900497,0.9452550989260787,0.9467090841560781,0.9382192926310307,0.9445092054908066,0.948629618036215,0.9467607503822416,0.9481276567282041,1.0
6,0,1.9020269173564333,0.31382289416846654,4167,2.1555333818708147,0.24700239808153476,834,2.1465090950833092,0.282,0.9701933442403893,0.08328568097481778,0.08309364328076249,0.08341809109595306,0.9961105821060627,,0.9958904787839779,0.0041095212160221495,0.9932330065350705,0.14570210722945048,10,0.025,0.15,1.0,0.9381140802068186,0.9353082120237962,0.9386761751014799,0.9384650244103462,0.9408309025728521,0.9362129664860335,0.9412518484057096,0.9315034424131716,0.9407828875086028,0.9354823565591273,0.9320982916548063
6,1,1.8694073742086237,0.32327813774898007,4167,2.1536384991237094,0.2709832134292566,834,2.1465090950833092,0.282,0.9691989616353238,0.08316540006941607,0.08297419166802113,0.08341809109595306,0.9946786191928557,,0.9946774273406942,0.005322572659305802,0.9932330065347298,0.1457021072294499,10,0.025,0.15,0.9381140802068186,1.0,0.9411128519760582,0.9309936835420379,0.9410243649239777,0.9385443372849934,0.9342792843138812,0.9322827841779187,0.9267283717670507,0.9421402765716804,0.937226926393634,0.9347805815642375
6,2,1.880417039900115,0.3243820494360451,4167,2.1503449848720004,0.2829736211031175,834,2.1465090950833092,0.282,0.9725571324474528,0.08335036730284436,0.08315788263319544,0.08341809109595306,0.9968806710830245,,0.9958904787839779,0.0041095212160221495,0.9932330065350705,0.14570210722945048,10,0.025,0.15,0.9353082120237962,0.9411128519760582,1.0,0.9416706034308,0.9394416985977547,0.9398319764328789,0.9352591259751878,0.9407191626658249,0.9378717939962757,0.9454196295965556,0.9444197511307577,0.9352295806702743
