round,client_id,client_i_training_loss,client_i_training_accuracy,client_i_training_dataset_size,client_i_evaluation_loss,client_i_evaluation_accuracy,client_i_evaluation_dataset_size,client_i_central_evaluation_loss,client_i_central_evaluation_accuracy,client_i_cosine_similarity,client_i_importance_coefficient,client_i_tanh_val,tanh_normalization_value,client_i_q,client_i_mask_order,client_i_v_nonzero_fraction,client_i_v_sparsity,client_i_v_cosine_similarity,client_i_reward_gradient_norm,local_epochs,learning_rate,gamma,client_0_cosine_similarity,client_1_cosine_similarity,client_2_cosine_similarity,client_3_cosine_similarity,client_4_cosine_similarity,client_5_cosine_similarity,client_6_cosine_similarity,client_7_cosine_similarity,client_8_cosine_similarity,client_9_cosine_similarity,client_10_cosine_similarity,client_11_cosine_similarity
0,0,2.251581969967595,0.1799561723886048,6845,2.2997979901053687,0.12198685171658144,1369,2.299275054207331,0.1428,0.8659268023381249,0.07863445303572793,0.0784727774097196,0.08805717064766157,0.89115715201454,,0.8911554521298543,0.10884454787014575,0,0.13755165346854545,10,0.025,0.15,1.0,0.909488854786013,0.8355206214647977,0.7953103945932448,0.7821721197197766,0.7496951374853567,0.6921029706325562,0.6977845886782489,0.707981612970328,0.7192045837193513,0.6674940815424641,0.6838275065604587
0,1,2.2846360201059386,0.13424607520993062,5478,2.298459529876709,0.14872262773722628,1096,2.2992750511893743,0.1428,0.9243932914348676,0.08394377061156444,0.08374715327209832,0.08805717064766157,0.9510543281732302,,0.9510488356356555,0.048951164364344546,0,0.13755169539899767,10,0.025,0.15,0.909488854786013,1.0,0.9095133168474626,0.8533577178161421,0.8707985616642319,0.8523665021975375,0.7145223428722405,0.7997532178966428,0.7409489316316639,0.7932570247324182,0.780332970618188,0.7647617835306904
0,2,2.2946222198636907,0.1599792531120332,4820,2.2991374731063843,0.15560165975103735,964,2.2992750511893743,0.1428,0.9722083454604156,0.08828583579538882,0.08805717064766157,0.08805717064766157,0.9999999999886436,,0.9925896585301447,0.007410341469855308,0,0.13755169563911362,10,0.025,0.15,0.8355206214647977,0.9095133168474626,1.0,0.9209731817366508,0.9057404096252369,0.9170437486394362,0.8218036660754151,0.8936371577008287,0.8590970350629255,0.8934790257785332,0.8664691789584604,0.8636845366959488
0,3,2.2951230246680123,0.12251475261007717,4406,2.2999942302703857,0.14642451759364358,881,2.2992750511893743,0.1428,0.9478090902777342,0.08607014957273264,0.08585823957206636,0.08805717064766157,0.9750283700873299,,0.9750210427291182,0.02497895727088184,0,0.13755169563764913,10,0.025,0.15,0.7953103945932448,0.8533577178161421,0.9209731817366508,1.0,0.8722727333897289,0.8775234282313678,0.8551363332420838,0.8939774046541502,0.8446107318641616,0.8841296400571682,0.8029543282178215,0.847897929296857
0,4,2.2961336265910757,0.12867217898832684,4112,2.301907335008894,0.12287104622871046,822,2.2992750511893743,0.1428,0.9455796227217352,0.08586769255055304,0.08565727149902108,0.08805717064766157,0.9727461246828402,,0.9727434767539733,0.027256523246026676,0,0.1375516956365028,10,0.025,0.15,0.7821721197197766,0.8707985616642319,0.9057404096252369,0.8722727333897289,1.0,0.863471755060656,0.7868241738087205,0.889359935670666,0.8735915147476998,0.8674389650284966,0.850785682338394,0.8886242350537236
0,5,2.2970603519870387,0.13767035227564928,3889,2.2986337457384383,0.14781491002570693,778,2.2992750451534607,0.1428,0.9340260118427914,0.08481851394838913,0.08461569767286467,0.08805717064766157,0.9609177429794105,,0.9609100361439817,0.03908996385601826,0,0.13755169559346694,10,0.025,0.15,0.7496951374853567,0.8523665021975375,0.9170437486394362,0.8775234282313678,0.863471755060656,1.0,0.8088881059366012,0.8933553965618781,0.804959535438891,0.8739939592980158,0.87061640949271,0.8254026868819536
0,6,2.299528326659367,0.11500943142010239,3711,2.3000826835632324,0.15363881401617252,742,2.299275075333028,0.1428,0.8762237513184845,0.07956951469315797,0.0794020125239609,0.08805717064766157,0.9017097862565469,,0.901701572840851,0.09829842715914905,0,0.13755167246142824,10,0.025,0.15,0.6921029706325562,0.7145223428722405,0.8218036660754151,0.8551363332420838,0.7868241738087205,0.8088881059366012,1.0,0.8030753311067816,0.8895008596225029,0.8948232486294,0.714671319973597,0.7851286803477536
0,7,2.298805331332343,0.12219416386083053,3564,2.2980151573816934,0.1402524544179523,713,2.2992750481714177,0.1428,0.9233011108821139,0.08384459014948595,0.08364866760298145,0.08805717064766157,0.9499358994479897,,0.9499348087999868,0.05006519120001318,0,0.13755169535747322,10,0.025,0.15,0.6977845886782489,0.7997532178966428,0.8936371577008287,0.8939774046541502,0.889359935670666,0.8933553965618781,0.8030753311067816,1.0,0.8529123467487345,0.8497927887944489,0.856199297811756,0.8584224635915609
0,8,2.299384105647052,0.1086021505376344,3441,2.298704465230306,0.1613372093023256,688,2.299275054207331,0.1428,0.9066584636390089,0.08233327827012792,0.08214774192023223,0.08805717064766157,0.9328909992803731,,0.9328860721889389,0.06711392781106107,0,0.13755169351581412,10,0.025,0.15,0.707981612970328,0.7409489316316639,0.8590970350629255,0.8446107318641616,0.8735915147476998,0.804959535438891,0.8895008596225029,0.8529123467487345,1.0,0.8766246368339407,0.8131888810422658,0.8676553417388632
0,9,2.2996643481431183,0.1263647270545891,3334,2.3012667496999106,0.13493253373313344,667,2.2992750481714177,0.1428,0.9283772941045673,0.08430555623822343,0.08410639058423557,0.08805717064766157,0.9551339199826305,,0.9551336006997739,0.04486639930022607,0,0.13755169551144225,10,0.025,0.15,0.7192045837193513,0.7932570247324182,0.8934790257785332,0.8841296400571682,0.8674389650284966,0.8739939592980158,0.8948232486294,0.8497927887944489,0.8766246368339407,1.0,0.8159753907697948,0.881892581233753
0,10,2.2982098139249363,0.14436902190681888,3241,2.2964172760645547,0.1574074074074074,648,2.2992750602432444,0.1428,0.8844602232411654,0.08031746528532734,0.08014520325151529,0.08805717064766157,0.9101496523353656,,0.9101434206400291,0.08985657935997093,0,0.1375516821304647,10,0.025,0.15,0.6674940815424641,0.780332970618188,0.8664691789584604,0.8029543282178215,0.850785682338394,0.87061640949271,0.714671319973597,0.856199297811756,0.8131888810422658,0.8159753907697948,1.0,0.8381132309502853
0,11,2.2982374544143678,0.1227287116176005,3159,2.2967925548553465,0.1360759493670886,632,2.2992750451534607,0.1428,0.9030894744957362,0.08200917984932153,0.08182582203757255,0.08805717064766157,0.929235193849784,,0.9292304137578188,0.07076958624218121,0,0.13755169263197561,10,0.025,0.15,0.6838275065604587,0.7647617835306904,0.8636845366959488,0.847897929296857,0.8886242350537236,0.8254026868819536,0.7851286803477536,0.8584224635915609,0.8676553417388632,0.881892581233753,0.8381132309502853,1.0
1,0,2.0885476507522442,0.252972972972973,6845,2.2902133464813232,0.17677136596055515,1369,2.2901182989530926,0.1874,0.9034701090991556,0.07822523355471525,0.07806606485488438,0.08651750030605286,0.9023153070514737,,0.90231222458781,0.09768777541218998,0.8399045217345426,0.1456753556029937,10,0.025,0.15,1.0,0.951110992143943,0.9330413265933472,0.9065661940092407,0.8929113332626591,0.8681555434123225,0.8476519004397639,0.837004265436952,0.831408130959779,0.8220281163107067,0.8128457115583898,0.8239575849552218
1,1,2.1339521726896598,0.2296641109894122,5478,2.2894516785939536,0.2062043795620438,1096,2.2901182898992225,0.1874,0.9585879066828212,0.08331495465078649,0.08312271476434435,0.08651750030605286,0.9607618628524827,,0.9607614992325593,0.03923850076744073,0.8399056262379248,0.14567536186293803,10,0.025,0.15,0.951110992143943,1.0,0.9719853081163423,0.9576747753767696,0.9520180316645256,0.9369784185010128,0.9117984702848395,0.9094148813974186,0.8987527511514704,0.8927835186049653,0.8907249717548044,0.8919866399199369
1,2,2.179162446134969,0.21904564315352698,4820,2.2907028794288635,0.18360995850622408,964,2.290118286881266,0.1874,0.9808895181239577,0.08673434420094782,0.08651750030605286,0.08651750030605286,0.9999999999884416,,0.9868709874403789,0.013129012559621067,0.8399056546233068,0.14567536188489244,10,0.025,0.15,0.9330413265933472,0.9719853081163423,1.0,0.9770473492766626,0.9692286952610929,0.9657666696492757,0.9429929488742507,0.9452167558830393,0.9372321375924896,0.9283160173426488,0.923173443668361,0.9299952161913035
1,3,2.1927567161832537,0.20551520653654107,4406,2.2913393633706227,0.18274687854710556,881,2.290118286881266,0.1874,0.9824472635299021,0.085411615866853,0.08520452347085174,0.08651750030605286,0.984824147351214,,0.9848162268323678,0.015183773167632197,0.839905654720922,0.14567536188488944,10,0.025,0.15,0.9065661940092407,0.9576747753767696,0.9770473492766626,1.0,0.9693963587983546,0.9672451079674947,0.9540676814995926,0.9522984161196127,0.9450647448429015,0.9413647641383868,0.9312060280836286,0.9402616162907799
1,4,2.2123736157561793,0.2169990272373541,4112,2.2929770605904713,0.16180048661800486,822,2.2901182898992225,0.1874,0.9834589219752818,0.0853191160943453,0.0851126945057145,0.08651750030605286,0.9837627555540478,,0.9837599643511412,0.016240035648858786,0.8399056548056373,0.1456753618848819,10,0.025,0.15,0.8929113332626591,0.9520180316645256,0.9692286952610929,0.9693963587983546,1.0,0.9666373829552961,0.9534088332485194,0.9547748297897831,0.9534902165443245,0.9477590295418136,0.9434517840954916,0.9513283559176082
1,5,2.230064049843819,0.20107996914373874,3889,2.2881819180079868,0.19922879177377892,778,2.290118286881266,0.1874,0.9871113754379642,0.08478787712582765,0.08458528012548093,0.08651750030605286,0.9776667128070686,,0.9776616989321847,0.022338301067815314,0.8399056413387577,0.1456753618844591,10,0.025,0.15,0.8681555434123225,0.9369784185010128,0.9657666696492757,0.9672451079674947,0.9666373829552961,1.0,0.9686217345348169,0.9717941575920317,0.9635474102518249,0.9645136441754468,0.9619680807753729,0.9625088958136381
1,6,2.239764395253412,0.21182969549986527,3711,2.290535807609558,0.19946091644204852,742,2.290118283863309,0.1874,0.978828301946111,0.08126364859127604,0.08108523741688692,0.08651750030605286,0.9372119759483722,,0.9372101467214603,0.0627898532785397,0.8399050944821099,0.14567536142053075,10,0.025,0.15,0.8476519004397639,0.9117984702848395,0.9429929488742507,0.9540676814995926,0.9534088332485194,0.9686217345348169,1.0,0.9695931897335369,0.9759171302912399,0.9666285150877226,0.9519559209959043,0.9615220926522486
1,7,2.2426008233002253,0.1814814814814815,3564,2.28981614112854,0.18653576437587657,713,2.290118292917179,0.1874,0.9803849102131447,0.08396465214906834,0.08376788831888594,0.08651750030605286,0.9682190079647646,,0.9682131009555874,0.031786899044412564,0.8399056251243724,0.14567536187941416,10,0.025,0.15,0.837004265436952,0.9094148813974186,0.9452167558830393,0.9522984161196127,0.9547748297897831,0.9717941575920317,0.9695931897335369,1.0,0.9773059873979834,0.9654528197206377,0.9699631454915415,0.9679499793347605
1,8,2.2486183952402183,0.1999128160418483,3441,2.289145032564799,0.19476744186046513,688,2.290118274809439,0.1874,0.9781525035992833,0.08295491811720779,0.08276515517673314,0.08651750030605286,0.956629062131909,,0.9566272218646333,0.04337277813536666,0.8399055660975647,0.14567536184191715,10,0.025,0.15,0.831408130959779,0.8987527511514704,0.9372321375924896,0.9450647448429015,0.9534902165443245,0.9635474102518249,0.9759171302912399,0.9773059873979834,1.0,0.9718495593820294,0.9672347147146053,0.9742334738125586
1,9,2.2514124852639656,0.19739052189562087,3334,2.291622837384542,0.17691154422788605,667,2.290118283863309,0.1874,0.973395734693692,0.08402237607189633,0.08382520691231257,0.08651750030605286,0.9688815166274422,,0.9688732650063541,0.031126734993645933,0.8399056294063282,0.1456753618801265,10,0.025,0.15,0.8220281163107067,0.8927835186049653,0.9283160173426488,0.9413647641383868,0.9477590295418136,0.9645136441754468,0.9666285150877226,0.9654528197206377,0.9718495593820294,1.0,0.9672395802262026,0.9719391339141747
1,10,2.256688948778006,0.18238198087010182,3241,2.286587635676066,0.2021604938271605,648,2.2901182898992225,0.1874,0.9687114351039029,0.08139723191228287,0.08121794101398765,0.08651750030605286,0.9387458112606473,,0.9387450281394927,0.06125497186050732,0.8399053767325205,0.14567536148677326,10,0.025,0.15,0.8128457115583898,0.8907249717548044,0.923173443668361,0.9312060280836286,0.9434517840954916,0.9619680807753729,0.9519559209959043,0.9699631454915415,0.9672347147146053,0.9672395802262026,1.0,0.966570033923311
1,11,2.259410566329956,0.20218423551756884,3159,2.287929058074951,0.18354430379746836,632,2.290118274809439,0.1874,0.9735560568068078,0.08260403166479309,0.08241666221505771,0.08651750030605286,0.9526010566944124,,0.952600221154957,0.047399778845042984,0.8399055031567304,0.14567536180773674,10,0.025,0.15,0.8239575849552218,0.8919866399199369,0.9299952161913035,0.9402616162907799,0.9513283559176082,0.9625088958136381,0.9615220926522486,0.9679499793347605,0.9742334738125586,0.9719391339141747,0.966570033923311,1.0
2,0,1.9844845946188325,0.2888970051132213,6845,2.274737531488592,0.2410518626734843,1369,2.2753235720380953,0.235,0.9193764384679557,0.07839116538021718,0.0782309833025143,0.0853611398239397,0.9164706968879742,,0.9164644914261194,0.08353550857388059,0.953186309352276,0.14614610135515943,10,0.025,0.15,1.0,0.9507542820854626,0.9388287864604057,0.9176114871545287,0.9099066101952425,0.8890237185502607,0.8747466861731412,0.8630326392864477,0.8625352998786846,0.8507792152519607,0.8431880784254138,0.8508682511052112
2,1,2.0231728218322576,0.2754472435195327,5478,2.27486252784729,0.2527372262773723,1096,2.2753235599662682,0.235,0.9635179887918341,0.0829808084281443,0.08279086808210005,0.0853611398239397,0.9698894397601671,,0.9698882672344078,0.030111732765592203,0.9531863441000066,0.1461461033591361,10,0.025,0.15,0.9507542820854626,1.0,0.9664221850583342,0.9547457180169515,0.9526081943443823,0.9422551811046517,0.9276980586067708,0.9240001343823866,0.9175840836604486,0.9093898742573143,0.9074290945146284,0.9101002831718372
2,2,2.0618405417392127,0.26307053941908715,4820,2.2769006490707397,0.23236514522821577,964,2.2753235720380953,0.235,0.9779872582616927,0.08556937966181256,0.0853611398239397,0.0853611398239397,0.999999999988285,,0.9866976943770527,0.013302305622947319,0.9531863456089517,0.1461461033627975,10,0.025,0.15,0.9388287864604057,0.9664221850583342,1.0,0.9682674385775154,0.9649571192990158,0.9616092147814538,0.9468401400774447,0.9450051099182608,0.9422181335095158,0.932307985682844,0.9310023570183327,0.9326039909035306
2,3,2.076597911970956,0.2566500226963232,4406,2.2772838047572543,0.23609534619750283,881,2.2753235690201383,0.235,0.9819702679689988,0.08488021986132341,0.08467696146284448,0.0853611398239397,0.9919848965993384,,0.9866976943770527,0.013302305622947319,0.9531863456068979,0.1461461033627975,10,0.025,0.15,0.9176114871545287,0.9547457180169515,0.9682674385775154,1.0,0.9623607642583148,0.9663885143918641,0.9607873816587728,0.9561847297851677,0.9541973740623813,0.947010148957731,0.9424982580918693,0.9463395800492809
2,4,2.0918766252922287,0.2539396887159533,4112,2.278717075075422,0.19586374695863748,822,2.2753235690201383,0.235,0.9811001963668523,0.08479459744822926,0.08459195236240319,0.0853611398239397,0.9909890207169916,,0.9866976943770527,0.013302305622947319,0.9531863456073655,0.1461461033627975,10,0.025,0.15,0.9099066101952425,0.9526081943443823,0.9649571192990158,0.9623607642583148,1.0,0.9631726383046038,0.9566917996314174,0.9544394445502951,0.9577107220036083,0.945137741677915,0.9445697910652685,0.9544865842455115
2,5,2.1107116929946406,0.2497557212651067,3889,2.2717582498277937,0.2544987146529563,778,2.2753235690201383,0.235,0.9875990185677799,0.08467745926907692,0.08447565124855666,0.0853611398239397,0.9896265610065772,,0.9866976943770527,0.013302305622947319,0.9531863454514021,0.1461461033627975,10,0.025,0.15,0.8890237185502607,0.9422551811046517,0.9616092147814538,0.9663885143918641,0.9631726383046038,1.0,0.9725936962462575,0.9730772889478758,0.9702191407727001,0.9648680658807794,0.9701747417640049,0.9684949081178819
2,6,2.120689133117939,0.24869307464295337,3711,2.275164524714152,0.238544474393531,742,2.2753235720380953,0.235,0.9836971516877405,0.08236832968691556,0.08218255670098411,0.0853611398239397,0.9627631129285025,,0.9627584954861284,0.03724150451387165,0.9531863465330958,0.14614610334734895,10,0.025,0.15,0.8747466861731412,0.9276980586067708,0.9468401400774447,0.9607873816587728,0.9566917996314174,0.9725936962462575,1.0,0.9725097523455972,0.9733204589288507,0.9692138878677727,0.9698381557432634,0.9732111439327132
2,7,2.123632528100695,0.23810325476992145,3564,2.276387612024943,0.23422159887798036,713,2.2753235660021818,0.235,0.9818333769821399,0.08397988937952357,0.08378301860948101,0.0853611398239397,0.9815124163208793,,0.9815071545279002,0.01849284547209984,0.9531863453522449,0.14614610336276063,10,0.025,0.15,0.8630326392864477,0.9240001343823866,0.9450051099182608,0.9561847297851677,0.9544394445502951,0.9730772889478758,0.9725097523455972,1.0,0.974358375390654,0.9665234626597982,0.9719707997955662,0.9732607348965423
2,8,2.133954781073111,0.24333042720139494,3441,2.273606856664022,0.23837209302325582,688,2.2753235660021818,0.235,0.9819492781826291,0.08335850179583632,0.08316596086880473,0.0853611398239397,0.9742836264764402,,0.9742783581720057,0.0257216418279943,0.9531863434110655,0.146146103361708,10,0.025,0.15,0.8625352998786846,0.9175840836604486,0.9422181335095158,0.9541973740623813,0.9577107220036083,0.9702191407727001,0.9733204589288507,0.974358375390654,1.0,0.9704119774335822,0.9740414241283278,0.9796263973553427
2,9,2.137847106986576,0.24253149370125976,3334,2.275965929031372,0.21739130434782608,667,2.2753235690201383,0.235,0.975226967469223,0.08380035070195592,0.08360473754073403,0.0853611398239397,0.9794238656160433,,0.9794193857173508,0.020580614282649234,0.9531863453320836,0.1461461033626688,10,0.025,0.15,0.8507792152519607,0.9093898742573143,0.932307985682844,0.947010148957731,0.945137741677915,0.9648680658807794,0.9692138878677727,0.9665234626597982,0.9704119774335822,1.0,0.9701976935446606,0.971460043719489
2,10,2.1454929429751175,0.22854057389694538,3241,2.2706738313039145,0.2345679012345679,648,2.2753235629842252,0.235,0.9752649633790369,0.08217626324014723,0.08199178445683875,0.0853611398239397,0.960528228945737,,0.9605221897641564,0.039477810235843624,0.9531863420724553,0.14614610334018535,10,0.025,0.15,0.8431880784254138,0.9074290945146284,0.9310023570183327,0.9424982580918693,0.9445697910652685,0.9701747417640049,0.9698381557432634,0.9719707997955662,0.9740414241283278,0.9701976935446606,1.0,0.9734014394501395
2,11,2.135758033275604,0.2549224438113327,3159,2.2736206531524656,0.23259493670886075,632,2.2753235690201383,0.235,0.9783213724927534,0.08302303514681764,0.08283280521836349,0.0853611398239397,0.9703807304850736,,0.9703751382218482,0.029624861778151823,0.9531863462219702,0.14614610335954084,10,0.025,0.15,0.8508682511052112,0.9101002831718372,0.9326039909035306,0.9463395800492809,0.9544865842455115,0.9684949081178819,0.9732111439327132,0.9732607348965423,0.9796263973553427,0.971460043719489,0.9734014394501395,1.0
3,0,1.9203942508609206,0.31037253469685905,6845,2.2525420622392134,0.28487947406866326,1369,2.2540575763847253,0.271,0.9275079396814303,0.07879473926773611,0.07863207459780952,0.0846134258990413,0.9293096664198669,,0.92930468221353,0.07069531778646998,0.9812900102166874,0.14596261192432147,10,0.025,0.15,1.0,0.945324238590858,0.9385406483509521,0.9215975585785036,0.91087988550756,0.8962378992226102,0.8862224157228781,0.874003798925848,0.8770811206728953,0.8633615363346958,0.85399845106845,0.867322208932691
3,1,1.954205558466357,0.2986126323475721,5478,2.2537835439046225,0.28102189781021897,1096,2.2540575794026823,0.271,0.9642122127633023,0.08283425126026132,0.0826453137000369,0.0846134258990413,0.976739953747654,,0.9767374692611114,0.02326253073888862,0.9812900199927277,0.14596261252856502,10,0.025,0.15,0.945324238590858,1.0,0.9592168610229935,0.9494394658796255,0.9487045839355531,0.9409743306950134,0.9295632934114237,0.9259765814675174,0.9230250646750413,0.9094297755951605,0.9106511136768456,0.9161879838239005
3,2,1.9821555291351518,0.2884439834024896,4820,2.2570332288742065,0.266597510373444,964,2.2540575733667687,0.271,0.9758242008592677,0.08481622579222783,0.0846134258990413,0.0846134258990413,0.9999999999881815,,0.9866234259213414,0.013376574078658554,0.9812900199368991,0.14596261252883022,10,0.025,0.15,0.9385406483509521,0.9592168610229935,1.0,0.9612753241106934,0.9575618124498105,0.9544276334703639,0.9436883139516762,0.9437833378491838,0.9437042914462642,0.9289426991092253,0.9261123030368434,0.9347658592078566
3,3,2.0022730926104955,0.2850658193372674,4406,2.257078068596976,0.2599318955732123,881,2.254057567330855,0.271,0.9791038208785667,0.0844962657027969,0.08429574795243422,0.0846134258990413,0.9962455373455463,,0.9866234259213414,0.013376574078658554,0.9812900199368991,0.14596261252883022,10,0.025,0.15,0.9215975585785036,0.9494394658796255,0.9612753241106934,1.0,0.9521227298277646,0.9593159338157842,0.9574772275323461,0.9527439906132732,0.9532693754959817,0.9401083653374771,0.9379931199851467,0.9444885950146918
3,4,2.009468960400784,0.28757295719844356,4112,2.2583534376961842,0.2141119221411192,822,2.254057567330855,0.271,0.978479356713636,0.08442287132658745,0.08422287464928643,0.0846134258990413,0.995384287462651,,0.9866234259213414,0.013376574078658554,0.9812900199368991,0.14596261252883022,10,0.025,0.15,0.91087988550756,0.9487045839355531,0.9575618124498105,0.9521227298277646,1.0,0.9579162472137498,0.9553512558888589,0.9509118256012434,0.9526676387292644,0.9409371742386253,0.9428710598960532,0.952229971374557
3,5,2.0324002562030667,0.2764463872460787,3889,2.2486115523747037,0.2866323907455013,778,2.2540575763847253,0.271,0.9844766930830033,0.0845458329938388,0.08434496282387627,0.0846134258990413,0.9968271811085608,,0.9866234259213414,0.013376574078658554,0.9812900199368991,0.14596261252883022,10,0.025,0.15,0.8962378992226102,0.9409743306950134,0.9544276334703639,0.9593159338157842,0.9579162472137498,1.0,0.9670696838526175,0.9660818213449898,0.9658751607009345,0.9580349039253444,0.9635014070364778,0.9621001764015605
3,6,2.040009858690459,0.26979250875774724,3711,2.25309427579244,0.284366576819407,742,2.2540575944924655,0.271,0.9819741671484395,0.08303392795748461,0.08284362328071462,0.0846134258990413,0.9790836666817219,,0.9790810516413329,0.020918948358667144,0.981290018866468,0.14596261252873471,10,0.025,0.15,0.8862224157228781,0.9295632934114237,0.9436883139516762,0.9574772275323461,0.9553512558888589,0.9670696838526175,1.0,0.9647966315666536,0.9683045766464121,0.9601870206638776,0.9620599377698249,0.9682303226989502
3,7,2.0399979927710126,0.2702300785634119,3564,2.256810466448466,0.26367461430575034,713,2.2540575643128986,0.271,0.9794998442961679,0.08395149413244661,0.08375482261844416,0.0846134258990413,0.9898526354125944,,0.9866234259213414,0.013376574078658554,0.981290019936478,0.14596261252883022,10,0.025,0.15,0.874003798925848,0.9259765814675174,0.9437833378491838,0.9527439906132732,0.9509118256012434,0.9660818213449898,0.9647966315666536,1.0,0.967082125894442,0.957230846131163,0.9635794160352491,0.9666582835469713
3,8,2.0514881482830756,0.267451322290032,3441,2.2511759996414185,0.2921511627906977,688,2.2540575854385954,0.271,0.9809781199628769,0.08361478779845663,0.08342046881931796,0.0846134258990413,0.9859010899507524,,0.9858972454654982,0.014102754534501827,0.9812900198807035,0.1459626125288302,10,0.025,0.15,0.8770811206728953,0.9230250646750413,0.9437042914462642,0.9532693754959817,0.9526676387292644,0.9658751607009345,0.9683045766464121,0.967082125894442,1.0,0.96055765316474,0.9665622121751622,0.9724466110024601
3,9,2.0618663099077015,0.26925614877024595,3334,2.2534976402918496,0.2563718140929535,667,2.2540575794026823,0.271,0.971543236920912,0.08358089075143779,0.08338680756581766,0.0846134258990413,0.9855032659276469,,0.9855011470350382,0.014498852964961784,0.9812900199348341,0.1459626125288301,10,0.025,0.15,0.8633615363346958,0.9094297755951605,0.9289426991092253,0.9401083653374771,0.9409371742386253,0.9580349039253444,0.9601870206638776,0.957230846131163,0.96055765316474,1.0,0.9613491728831612,0.9600215029106975
3,10,2.062126741042504,0.2623264424560321,3241,2.2484542528788247,0.29012345679012347,648,2.2540575763847253,0.271,0.9727512253908012,0.08261428082391414,0.08242684174810276,0.0846134258990413,0.9741579527281913,,0.974154577412487,0.02584542258751299,0.981290019701605,0.1459626125281898,10,0.025,0.15,0.85399845106845,0.9106511136768456,0.9261123030368434,0.9379931199851467,0.9428710598960532,0.9635014070364778,0.9620599377698249,0.9635794160352491,0.9665622121751622,0.9613491728831612,1.0,0.965776475297079
3,11,2.0417205691337585,0.28455207344096234,3159,2.252980089187622,0.26582278481012656,632,2.254057582420639,0.271,0.977525438088832,0.08329443219281171,0.08310233406918321,0.0846134258990413,0.9821412285960004,,0.9821343103761284,0.017865689623871583,0.9812900199481905,0.14596261252881595,10,0.025,0.15,0.867322208932691,0.9161879838239005,0.9347658592078566,0.9444885950146918,0.952229971374557,0.9621001764015605,0.9682303226989502,0.9666582835469713,0.9724466110024601,0.9600215029106975,0.965776475297079,1.0
4,0,1.869939320396494,0.3260920379839299,6845,2.2239892049269243,0.3111760409057706,1369,2.2265754319444486,0.2979,0.9351925737126839,0.07933307051759247,0.07916705464640957,0.08418595569109094,0.9403831553087317,,0.9403789341651401,0.05962106583485993,0.9891468699037267,0.1457699455988528,10,0.025,0.15,1.0,0.9471062689059306,0.9376883948725852,0.9220477241585296,0.9150860098878421,0.9031890458340872,0.8938224825167219,0.8837753875008821,0.8864916563403216,0.8727718835575878,0.870954356036489,0.8773743909487163
4,1,1.900348837431087,0.3198247535596933,5478,2.226352161831326,0.3093065693430657,1096,2.226575410818752,0.2979,0.9637655019727499,0.08276836813349844,0.08257988021517451,0.08418595569109094,0.9809222872899295,,0.9809212589328448,0.019078741067155236,0.9891468757567681,0.14576994579522295,10,0.025,0.15,0.9471062689059306,1.0,0.9537880185862239,0.94557537269475,0.94019456180364,0.9362165714219867,0.9256468838165354,0.9263539424873567,0.923315484472346,0.9102828704432825,0.9137924834563856,0.9172043664054408
4,2,1.9257818473012824,0.3059751037344398,4820,2.2312272787094116,0.29564315352697096,964,2.226575419872622,0.2979,0.9752664776361536,0.0843717500878087,0.08417211582013552,0.08418595569109094,0.999835603553566,,0.9863676123516694,0.013632387648330635,0.9891468757598694,0.14576994579524033,10,0.025,0.15,0.9376883948725852,0.9537880185862239,1.0,0.9539517032702195,0.9512733574479552,0.9514071898018641,0.940282631679593,0.9426229158022839,0.9425937105843061,0.9303788084104945,0.9320289614960753,0.9354590454502396
4,3,1.9440412330627441,0.30533363595097596,4406,2.2309408528464183,0.2917139614074915,881,2.2265754168546654,0.2979,0.9756561120442049,0.0841861745477726,0.08398785219647384,0.08418595569109094,0.9976468343919302,,0.9863676123516694,0.013632387648330635,0.9891468757598694,0.14576994579524033,10,0.025,0.15,0.9220477241585296,0.94557537269475,0.9539517032702195,1.0,0.9449153399128593,0.9511249662919784,0.9498370812419396,0.9466430120648567,0.9492532235198085,0.9363836614279604,0.9366309383726159,0.9390240368546678
4,4,1.9511834383010864,0.3061284046692607,4112,2.2320094449179515,0.25304136253041365,822,2.2265754138367084,0.2979,0.9751040927555695,0.08412268596620132,0.08392481112470673,0.08418595569109094,0.9968980031736012,,0.9863676123516694,0.013632387648330635,0.9891468757598694,0.14576994579524033,10,0.025,0.15,0.9150860098878421,0.94019456180364,0.9512733574479552,0.9449153399128593,1.0,0.950945018653878,0.9505087780357715,0.9438170533290509,0.9478082083397189,0.9372533088963346,0.9399258216850861,0.9469674002600473
4,5,1.9748215909927123,0.296451529956287,3889,2.219002996172224,0.3097686375321337,778,2.226575410818752,0.2979,0.9808312891374272,0.08438568872951356,0.08418595569109094,0.08418595569109094,0.9999999999881215,,0.9863676123516694,0.013632387648330635,0.9891468757598694,0.14576994579524033,10,0.025,0.15,0.9031890458340872,0.9362165714219867,0.9514071898018641,0.9511249662919784,0.950945018653878,1.0,0.95964905609708,0.9597144970125442,0.9586540035464396,0.949391446724142,0.9585552276281445,0.9558099892372813
4,6,1.9788058470035421,0.2875505254648343,3711,2.224605600039164,0.3005390835579515,742,2.2265754047828383,0.2979,0.9791318136646588,0.08339330734566607,0.08320052558330115,0.08418595569109094,0.9882946021021132,,0.9863676123516694,0.013632387648330635,0.9891468757586088,0.14576994579524033,10,0.025,0.15,0.8938224825167219,0.9256468838165354,0.940282631679593,0.9498370812419396,0.9505087780357715,0.95964905609708,1.0,0.9572565973499717,0.9626150221358349,0.9531942904717708,0.9587848680112019,0.9636201951521253
4,7,1.9798448362520762,0.29343434343434344,3564,2.2311163345972695,0.2861150070126227,713,2.2265754047828383,0.2979,0.9767468356321416,0.08388414708223331,0.08368794762193729,0.08418595569109094,0.9940844281441062,,0.9863676123516694,0.013632387648330635,0.9891468757598694,0.14576994579524033,10,0.025,0.15,0.8837753875008821,0.9263539424873567,0.9426229158022839,0.9466430120648567,0.9438170533290509,0.9597144970125442,0.9572565973499717,1.0,0.9590197185337987,0.9490662154688968,0.9575066175108586,0.9607171671386274
4,8,1.9928512268596226,0.2873583260680035,3441,2.2224342823028564,0.3168604651162791,688,2.2265754259085355,0.2979,0.9786416672732237,0.08373728803068824,0.0835421153318253,0.08418595569109094,0.99235216426573,,0.9863676123516694,0.013632387648330635,0.9891468757600084,0.14576994579524033,10,0.025,0.15,0.8864916563403216,0.923315484472346,0.9425937105843061,0.9492532235198085,0.9478082083397189,0.9586540035464396,0.9626150221358349,0.9590197185337987,1.0,0.9522004401762758,0.961749210072018,0.9651604920053334
4,9,1.9978942292707937,0.28623275344931015,3334,2.2245766719182334,0.2773613193403298,667,2.2265754047828383,0.2979,0.9694081634487822,0.08341511619031913,0.08322218342068832,0.08418595569109094,0.9885518639839689,,0.9863676123516694,0.013632387648330635,0.9891468757599851,0.14576994579524033,10,0.025,0.15,0.8727718835575878,0.9102828704432825,0.9303788084104945,0.9363836614279604,0.9372533088963346,0.949391446724142,0.9531942904717708,0.9490662154688968,0.9522004401762758,1.0,0.9537078662463754,0.9563833929487401
4,10,2.002444061407676,0.2828139463128664,3241,2.2204890648523965,0.31635802469135804,648,2.226575401764882,0.2979,0.9732879299793853,0.08294263819313964,0.08275295935862104,0.08418595569109094,0.9829782019852447,,0.9829760195408559,0.017023980459144106,0.9891468757597054,0.14576994579523692,10,0.025,0.15,0.870954356036489,0.9137924834563856,0.9320289614960753,0.9366309383726159,0.9399258216850861,0.9585552276281445,0.9587848680112019,0.9575066175108586,0.961749210072018,0.9537078662463754,1.0,0.9628082239797549
4,11,1.972266369342804,0.3075656853434631,3159,2.2263107776641844,0.2974683544303797,632,2.2265754138367084,0.2979,0.9762197805635359,0.08345976517556637,0.08326652300532235,0.08418595569109094,0.9890785502259853,,0.9863676123516694,0.013632387648330635,0.9891468757602776,0.14576994579524033,10,0.025,0.15,0.8773743909487163,0.9172043664054408,0.9354590454502396,0.9390240368546678,0.9469674002600473,0.9558099892372813,0.9636201951521253,0.9607171671386274,0.9651604920053334,0.9563833929487401,0.9628082239797549,1.0
5,0,1.8313909009650902,0.3395471146822498,6845,2.189521551132202,0.3294375456537619,1369,2.19315242767334,0.3124,0.938139122431504,0.0798248015594766,0.07965568474086276,0.08405484769475367,0.9476631856997207,,0.947657242824842,0.05234275717515802,0.9928376646014081,0.14546605240649144,10,0.025,0.15,1.0,0.9432223740731239,0.9334686000137759,0.9207535334893308,0.9157016568438244,0.9035575680705701,0.8944818663376223,0.8867937162236387,0.8890260810558342,0.8755928922194763,0.8767888892362563,0.8823610686902859
5,1,1.8547779468602912,0.3325118656443958,5478,2.192611720826891,0.3147810218978102,1096,2.193152415601513,0.3124,0.9627823565685099,0.08275976530149327,0.08257133604356719,0.08405484769475367,0.9823506711051784,,0.9823571157432622,0.017642884256737768,0.9928376672072157,0.14546605254213035,10,0.025,0.15,0.9432223740731239,1.0,0.9478899237408843,0.9415867611405935,0.9398072276708179,0.9320850494627078,0.9216146907882401,0.9224292002138829,0.921189654090204,0.9074373604491536,0.9118217720463502,0.9157937668608447
5,2,1.8814590818003605,0.3206846473029046,4820,2.199813634157181,0.3091286307053942,964,2.1931524095655996,0.3124,0.9737974883635044,0.0841137330156372,0.08391592122644174,0.08405484769475367,0.9983471926590743,,0.9855093990856728,0.01449060091432719,0.9928376672088579,0.14546605254213196,10,0.025,0.15,0.9334686000137759,0.9478899237408843,1.0,0.9505494473549775,0.9480247428799871,0.9475860036410786,0.9336497818027071,0.9390740493474362,0.9403131610568676,0.927941576824635,0.930125123012783,0.9324344980172947
5,3,1.8998588160106114,0.32042669087607806,4406,2.1989617007119313,0.30192962542565266,881,2.193152415601513,0.3124,0.972901492545071,0.08396939260778186,0.08377259551165119,0.08405484769475367,0.996642047522064,,0.9855093990856728,0.01449060091432719,0.9928376672088579,0.14546605254213196,10,0.025,0.15,0.9207535334893308,0.9415867611405935,0.9505494473549775,1.0,0.9406804720903361,0.9453028206903963,0.9427712683829895,0.9417868877188015,0.9427286137778833,0.9316666254142941,0.9288228873118884,0.9334884946715518
5,4,1.9061269395279161,0.3198200389105058,4112,2.199869360242571,0.26763990267639903,822,2.193152412583556,0.3124,0.9740821036312064,0.08396855462508894,0.08377176340973483,0.08405484769475367,0.9966321480107428,,0.9855093990856728,0.01449060091432719,0.9928376672088579,0.14546605254213196,10,0.025,0.15,0.9157016568438244,0.9398072276708179,0.9480247428799871,0.9406804720903361,1.0,0.947106820069058,0.9463418933570155,0.9400599297531191,0.9430146228410179,0.9316517290215237,0.9372763769701075,0.9440418438632002
5,5,1.9302507535103828,0.3113653895602983,3889,2.1831434113638744,0.3329048843187661,778,2.193152406547643,0.3124,0.9778189605221176,0.08425364636928907,0.08405484769475367,0.08405484769475367,0.999999999988103,,0.9855093990856728,0.01449060091432719,0.9928376672088579,0.14546605254213196,10,0.025,0.15,0.9035575680705701,0.9320850494627078,0.9475860036410786,0.9453028206903963,0.947106820069058,1.0,0.9518390887781248,0.9520008100599505,0.9526523451832063,0.9447346672307583,0.9506240188723069,0.9487738710176102
5,6,1.9297862258450738,0.3053085421719213,3711,2.1902668476104736,0.3113207547169811,742,2.193152412583556,0.3124,0.9755639511644522,0.08356456667626748,0.08337059697574878,0.08405484769475367,0.9918594734418933,,0.9855093990856728,0.01449060091432719,0.9928376672088579,0.14546605254213196,10,0.025,0.15,0.8944818663376223,0.9216146907882401,0.9336497818027071,0.9427712683829895,0.9463418933570155,0.9518390887781248,1.0,0.9496523109620822,0.9557990821538936,0.9469006199788204,0.949422553050553,0.9578002340006242
5,7,1.9303174665996006,0.31049382716049384,3564,2.199341297149658,0.30434782608695654,713,2.1931524186194697,0.3124,0.9736675297233102,0.08380708106288252,0.08361142085434521,0.08405484769475367,0.9947245536270138,,0.9855093990856728,0.01449060091432719,0.9928376672088579,0.14546605254213196,10,0.025,0.15,0.8867937162236387,0.9224292002138829,0.9390740493474362,0.9417868877188015,0.9400599297531191,0.9520008100599505,0.9496523109620822,1.0,0.9497794108586276,0.9442070406480362,0.9472220694990419,0.9545650413721402
5,8,1.9432209054629008,0.3028189479802383,3441,2.1874714295069375,0.33430232558139533,688,2.193152415601513,0.3124,0.975555311337771,0.08377762039467128,0.0835821660697733,0.08405484769475367,0.9943765096370014,,0.9855093990856728,0.01449060091432719,0.9928376672088579,0.14546605254213196,10,0.025,0.15,0.8890260810558342,0.921189654090204,0.9403131610568676,0.9427286137778833,0.9430146228410179,0.9526523451832063,0.9557990821538936,0.9497794108586276,1.0,0.9448998055307761,0.9522216447147529,0.9580537054561015
5,9,1.9536867578824362,0.2988002399520096,3334,2.1897772550582886,0.30134932533733133,667,2.193152412583556,0.3124,0.9671719683727937,0.0833041618564839,0.08311199653200528,0.08405484769475367,0.9887829055718338,,0.9855093990856728,0.01449060091432719,0.9928376672088579,0.14546605254213196,10,0.025,0.15,0.8755928922194763,0.9074373604491536,0.927941576824635,0.9316666254142941,0.9316517290215237,0.9447346672307583,0.9469006199788204,0.9442070406480362,0.9448998055307761,1.0,0.9493464053009564,0.9477354144776619
5,10,1.9537754705319037,0.29851897562480717,3241,2.1870729525883994,0.3132716049382716,648,2.1931524246553833,0.3124,0.9701910475091918,0.08310968108773985,0.08291885603996399,0.08405484769475367,0.986485114339847,,0.9855093990856728,0.01449060091432719,0.9928376672073614,0.14546605254213196,10,0.025,0.15,0.8767888892362563,0.9118217720463502,0.930125123012783,0.9288228873118884,0.9372763769701075,0.9506240188723069,0.949422553050553,0.9472220694990419,0.9522216447147529,0.9493464053009564,1.0,0.9537584800571628
5,11,1.9209714488983154,0.31893004115226337,3159,2.1935922145843505,0.3212025316455696,632,2.193152406547643,0.3124,0.9737629500400787,0.08354699544318789,0.08335314784871369,0.08405484769475367,0.991651881286135,,0.9855093990856728,0.01449060091432719,0.9928376672088579,0.14546605254213196,10,0.025,0.15,0.8823610686902859,0.9157937668608447,0.9324344980172947,0.9334884946715518,0.9440418438632002,0.9487738710176102,0.9578002340006242,0.9545650413721402,0.9580537054561015,0.9477354144776619,0.9537584800571628,1.0
6,0,1.7982531039803116,0.3506062819576333,6845,2.1499428315596147,0.33966398831263694,1369,2.15461932254743,0.3235,0.9392504982915882,0.08026589650521822,0.08009396549903916,0.08396518757606015,0.9538949153842105,,0.9538875410539519,0.046112458946048096,0.9941311642493061,0.1449844047600436,10,0.025,0.15,1.0,0.937366705189677,0.9294309397637258,0.9175435405633786,0.910222910469988,0.903234969315197,0.8916002020373394,0.8875253424545544,0.8891027884721447,0.872207481551262,0.877905778689259,0.8820667335038758
6,1,1.8189890878145085,0.3448521358159912,5478,2.1535919772254095,0.32116788321167883,1096,2.1546193165115164,0.3235,0.9619912131750415,0.08283164451703486,0.08264272476095508,0.08396518757606015,0.9842498676622217,,0.9842468353385816,0.015753164661418406,0.9941311650577959,0.14498440486976666,10,0.025,0.15,0.937366705189677,1.0,0.9411652946111202,0.9357978879155942,0.932674981278824,0.9280189008995976,0.9175292368398873,0.9201693044527006,0.9191845825658569,0.9037763124479845,0.9106018836262594,0.9123893804207576
6,2,1.8415289881982302,0.3310995850622407,4820,2.1634960174560547,0.3309128630705394,964,2.1546193044396897,0.3235,0.9723028301853708,0.08400942732938986,0.08381234914233042,0.08396518757606015,0.9981797404479151,,0.987126801010051,0.012873198989948986,0.9941311650561132,0.14498440486977082,10,0.025,0.15,0.9294309397637258,0.9411652946111202,1.0,0.943612789408788,0.9406956592746503,0.9442114568223435,0.9270743689975985,0.934189451939647,0.9371957621082824,0.9225453789127624,0.9274396014765034,0.9289331361494896
6,3,1.8637677594593594,0.33247843849296416,4406,2.1621197632380893,0.31214528944381387,881,2.1546193014217327,0.3235,0.9692016088165135,0.08381844040149629,0.08362270077058906,0.08396518757606015,0.995921085674265,,0.987126801010051,0.012873198989948986,0.9941311650561132,0.14498440486977082,10,0.025,0.15,0.9175435405633786,0.9357978879155942,0.943612789408788,1.0,0.9317541626170082,0.9387890621814642,0.9357586351001578,0.9347772656086514,0.9371981558829743,0.9192756905869575,0.920288167376918,0.9253777904946798
