round,client_id,client_i_training_loss,client_i_training_accuracy,client_i_training_dataset_size,client_i_evaluation_loss,client_i_evaluation_accuracy,client_i_evaluation_dataset_size,client_i_central_evaluation_loss,client_i_central_evaluation_accuracy,client_i_cosine_similarity,client_i_importance_coefficient,client_i_tanh_val,tanh_normalization_value,client_i_q,client_i_mask_order,client_i_v_nonzero_fraction,client_i_v_sparsity,client_i_v_cosine_similarity,client_i_reward_gradient_norm,local_epochs,learning_rate,gamma,client_0_cosine_similarity,client_1_cosine_similarity,client_2_cosine_similarity,client_3_cosine_similarity,client_4_cosine_similarity,client_5_cosine_similarity,client_6_cosine_similarity,client_7_cosine_similarity,client_8_cosine_similarity,client_9_cosine_similarity,client_10_cosine_similarity,client_11_cosine_similarity
0,0,2.2087728707878678,0.18200146092037983,6845,2.2962323752316562,0.10883856829802775,1369,2.2972069873085506,0.1046,0.9097188836217652,0.07926448784765218,,,,,,,0,0,10,0.025,0.15,1.0,0.9524385723450731,0.9081445999656077,0.8863633551422354,0.8844819481747451,0.8386239517937002,0.8012138525077882,0.8058965814285534,0.7934133025514882,0.7878043613067852,0.7870989094988801,0.7717358187190287
0,1,2.243336440241614,0.1612449799196787,5478,2.2960291968451605,0.10401459854014598,1096,2.2972069873085506,0.1046,0.950466596948441,0.08281486663603488,,,,,,,0,0,10,0.025,0.15,0.9524385723450731,1.0,0.9521625387598788,0.9407367569330559,0.9292416090405398,0.901767913273365,0.8700710284525017,0.8562282960212819,0.8562022784754968,0.8501992235869853,0.8284640624973089,0.8148205583847941
0,2,2.2755355822412593,0.14112033195020746,4820,2.2971633672714233,0.12655601659751037,964,2.2972069873085506,0.1046,0.9823948958616479,0.0855968032394904,,,,,,,0,0,10,0.025,0.15,0.9081445999656077,0.9521625387598788,1.0,0.9746865394008007,0.9602304571373105,0.9558336017488118,0.927281489604637,0.91574672068484,0.9249561928237248,0.9121818747460172,0.903505700377175,0.8974231049267902
0,3,2.276761611529759,0.13992283250113483,4406,2.2988240718841553,0.10102156640181612,881,2.2972069873085506,0.1046,0.9818373829083038,0.08554822671820361,,,,,,,0,0,10,0.025,0.15,0.8863633551422354,0.9407367569330559,0.9746865394008007,1.0,0.9631635135858964,0.9563115632225118,0.9333791232495942,0.9306692486922066,0.9396149612730051,0.9166259083070132,0.9133791896870025,0.9001313733885394
0,4,2.2837367447939787,0.14608463035019456,4112,2.2971389293670654,0.0827250608272506,822,2.2972069873085506,0.1046,0.9797890130144079,0.08536975071480814,,,,,,,0,0,10,0.025,0.15,0.8844819481747451,0.9292416090405398,0.9602304571373105,0.9631635135858964,1.0,0.9572921938140442,0.9418836412533133,0.9464404051270177,0.9183121277302059,0.9241824023084608,0.9139729389690024,0.9042974025331282
0,5,2.282571118108688,0.14415016713808176,3889,2.2977242129189626,0.10796915167095116,778,2.2972069873085506,0.1046,0.9723688270085135,0.08472322434926764,,,,,,,0,0,10,0.025,0.15,0.8386239517937002,0.901767913273365,0.9558336017488118,0.9563115632225118,0.9572921938140442,1.0,0.9555739966342355,0.9444800772297154,0.9261754438225475,0.9205496292705971,0.9281624848570899,0.9252774109546503
0,6,2.2897715963166334,0.14201023982753974,3711,2.295973261197408,0.10242587601078167,742,2.2972069873085506,0.1046,0.9622896941551309,0.08384502195295025,,,,,,,0,0,10,0.025,0.15,0.8012138525077882,0.8700710284525017,0.927281489604637,0.9333791232495942,0.9418836412533133,0.9555739966342355,1.0,0.967586574032839,0.945010570197166,0.9401309987998665,0.9383492621815487,0.9293755167603915
0,7,2.291427960566112,0.13465207631874299,3564,2.294353206952413,0.11079943899018233,713,2.2972069873085506,0.1046,0.960271433370541,0.0836691693788049,,,,,,,0,0,10,0.025,0.15,0.8058965814285534,0.8562282960212819,0.91574672068484,0.9306692486922066,0.9464404051270177,0.9444800772297154,0.967586574032839,1.0,0.9521957384877379,0.9311215527294021,0.9476723300400898,0.9354602070439287
0,8,2.288654277059767,0.13060156931124672,3441,2.2966743310292563,0.10901162790697674,688,2.2972069873085506,0.1046,0.9544477604536242,0.08316174839473794,,,,,,,0,0,10,0.025,0.15,0.7934133025514882,0.8562022784754968,0.9249561928237248,0.9396149612730051,0.9183121277302059,0.9261754438225475,0.945010570197166,0.9521957384877379,1.0,0.9491743585075525,0.934205742385076,0.9303008795171884
0,9,2.291791910595364,0.1349130173965207,3334,2.2951993544896445,0.10344827586206896,667,2.2972069873085506,0.1046,0.9458862262256799,0.08241577550356698,,,,,,,0,0,10,0.025,0.15,0.7878043613067852,0.8501992235869853,0.9121818747460172,0.9166259083070132,0.9241824023084608,0.9205496292705971,0.9401309987998665,0.9311215527294021,0.9491743585075525,1.0,0.919301584250637,0.9208260055296437
0,10,2.294308590888977,0.129311940759025,3241,2.3087977170944214,0.09722222222222222,648,2.2972069873085506,0.1046,0.9430460735482951,0.08216831087308049,,,,,,,0,0,10,0.025,0.15,0.7870989094988801,0.8284640624973089,0.903505700377175,0.9133791896870025,0.9139729389690024,0.9281624848570899,0.9383492621815487,0.9476723300400898,0.934205742385076,0.919301584250637,1.0,0.940904214845028
0,11,2.2955277996063232,0.13007280785058564,3159,2.2949764728546143,0.09177215189873418,632,2.2972069873085506,0.1046,0.9344877116733445,0.08142261439140244,,,,,,,0,0,10,0.025,0.15,0.7717358187190287,0.8148205583847941,0.8974231049267902,0.9001313733885394,0.9042974025331282,0.9252774109546503,0.9293755167603915,0.9354602070439287,0.9303008795171884,0.9208260055296437,0.940904214845028,1.0
1,0,2.0725266959932114,0.2372972972972973,6845,2.28425856070085,0.13148283418553688,1369,2.285415604144712,0.1282,0.9063236918499107,0.07858609126127819,,,,,,,0,0,10,0.025,0.15,1.0,0.950974796229289,0.9303753308011049,0.9077194232450468,0.8989893573989974,0.8803537797739627,0.858603833495896,0.84914249203897,0.8431696167153101,0.838436819631438,0.8247013038381461,0.8242750414005606
1,1,2.112811724806941,0.2244249726177437,5478,2.283960130479601,0.12773722627737227,1096,2.285415604144712,0.1282,0.9609669507226631,0.08256370715430844,,,,,,,0,0,10,0.025,0.15,0.950974796229289,1.0,0.9686956952055142,0.9557215087683745,0.9532935698785345,0.9439319145947942,0.9273959464216798,0.9181678243404355,0.9167313834545808,0.9104433161261245,0.8982752711276087,0.8987046027156694
1,2,2.1508926727269824,0.20516597510373444,4820,2.2849875390529633,0.14937759336099585,964,2.285415604144712,0.1282,0.9824569487390054,0.08498567180043738,,,,,,,0,0,10,0.025,0.15,0.9303753308011049,0.9686956952055142,1.0,0.9757508388033421,0.9729301595023157,0.9653814403231734,0.9555478926943105,0.9516896711546433,0.9532441280576567,0.9435982149569552,0.9386002367052861,0.9361205213381566
1,3,2.158980623994555,0.20403994552882432,4406,2.2870770522526334,0.11804767309875142,881,2.285415604144712,0.1282,0.9876648286437906,0.08512526005701238,,,,,,,0,0,10,0.025,0.15,0.9077194232450468,0.9557215087683745,0.9757508388033421,1.0,0.9775255637172342,0.9750754568831023,0.9685158050318676,0.9657387022836876,0.9640144363206766,0.9579232258553956,0.9515434000475057,0.9524991380531541
1,4,2.162143059571584,0.20522859922178988,4112,2.284031323024205,0.11070559610705596,822,2.285415604144712,0.1282,0.9893462233015055,0.08506956551758955,,,,,,,0,0,10,0.025,0.15,0.8989893573989974,0.9532935698785345,0.9729301595023157,0.9775255637172342,1.0,0.9782692015670955,0.9744858346190195,0.9717845563273482,0.9656863704608463,0.965206264882541,0.958991244819976,0.9543392561860495
1,5,2.163647574378598,0.2106454101311391,3889,2.2869956493377686,0.12596401028277635,778,2.285415604144712,0.1282,0.9866062510918655,0.08458013577729562,,,,,,,0,0,10,0.025,0.15,0.8803537797739627,0.9439319145947942,0.9653814403231734,0.9750754568831023,0.9782692015670955,1.0,0.9760638271001312,0.9710866995078683,0.9646591639205482,0.9626976084310052,0.9613296986632294,0.9601916769254051
1,6,2.191846360009292,0.20115871732686608,3711,2.284260948499044,0.13746630727762804,742,2.285415604144712,0.1282,0.9866793010496375,0.08403894762828526,,,,,,,0,0,10,0.025,0.15,0.858603833495896,0.9273959464216798,0.9555478926943105,0.9685158050318676,0.9744858346190195,0.9760638271001312,1.0,0.9819427918034884,0.9753310314676248,0.9768254642410351,0.9724388220002019,0.9729468592133064
1,7,2.20529728276389,0.18759820426487092,3564,2.2828612327575684,0.13043478260869565,713,2.285415604144712,0.1282,0.985919826911614,0.0839053617037349,,,,,,,0,0,10,0.025,0.15,0.84914249203897,0.9181678243404355,0.9516896711546433,0.9657387022836876,0.9717845563273482,0.9710866995078683,0.9819427918034884,1.0,0.9846390653144378,0.980005770919138,0.9802522651260855,0.9768608031226931
1,8,2.191392892378348,0.1818947980238303,3441,2.286689201990763,0.13953488372093023,688,2.285415604144712,0.1282,0.9830362437005143,0.08349735359512739,,,,,,,0,0,10,0.025,0.15,0.8431696167153101,0.9167313834545808,0.9532441280576567,0.9640144363206766,0.9656863704608463,0.9646591639205482,0.9753310314676248,0.9846390653144378,1.0,0.9773893421859886,0.9772695686330751,0.9754242418935464
1,9,2.203613105526677,0.17741451709658068,3334,2.2842446168263755,0.12743628185907047,667,2.285415604144712,0.1282,0.9787000337276124,0.08289437094353849,,,,,,,0,0,10,0.025,0.15,0.838436819631438,0.9104433161261245,0.9435982149569552,0.9579232258553956,0.965206264882541,0.9626976084310052,0.9768254642410351,0.980005770919138,0.9773893421859886,1.0,0.9687371939702292,0.9656209548393027
1,10,2.217276238478147,0.1845726627584079,3241,2.2970942656199136,0.10030864197530864,648,2.285415604144712,0.1282,0.9752599985248034,0.08262913684456791,,,,,,,0,0,10,0.025,0.15,0.8247013038381461,0.8982752711276087,0.9386002367052861,0.9515434000475057,0.958991244819976,0.9613296986632294,0.9724388220002019,0.9802522651260855,0.9772695686330751,0.9687371939702292,1.0,0.9745484876080827
1,11,2.2312413396835327,0.1824628046850269,3159,2.2834614753723144,0.13291139240506328,632,2.285415604144712,0.1282,0.9739343078687513,0.08212439771682435,,,,,,,0,0,10,0.025,0.15,0.8242750414005606,0.8987046027156694,0.9361205213381566,0.9524991380531541,0.9543392561860495,0.9601916769254051,0.9729468592133064,0.9768608031226931,0.9754242418935464,0.9656209548393027,0.9745484876080827,1.0
2,0,1.9947894659307268,0.27317750182615047,6845,2.2659694064747202,0.1745799853907962,1369,2.267531286312055,0.1723,0.9151041204342782,0.07849276763446626,,,,,,,0,0,10,0.025,0.15,1.0,0.9500833522222977,0.9373545082101529,0.9167105283210968,0.9050953932945311,0.8866242575645759,0.8740059574662348,0.8630560322070795,0.8525274343653424,0.8406676275238142,0.8351126074136018,0.8360424256724702
2,1,2.03078227098598,0.25974808324205917,5478,2.2653865814208984,0.177007299270073,1096,2.267531286312055,0.1723,0.9588335302888124,0.08238129639126149,,,,,,,0,0,10,0.025,0.15,0.9500833522222977,1.0,0.9633199033492783,0.9517010175835238,0.9473212927837373,0.9354079884687092,0.9271645776133383,0.9182847175270304,0.9139850199600054,0.8995160519519155,0.896519750398834,0.900526371374828
2,2,2.0638746612950376,0.2467219917012448,4820,2.266678214073181,0.17323651452282157,964,2.267531286312055,0.1723,0.9769768228930285,0.0844725103112001,,,,,,,0,0,10,0.025,0.15,0.9373545082101529,0.9633199033492783,1.0,0.967412930581007,0.9652610791168283,0.9565973713597604,0.9506234202591388,0.943701953284904,0.9451032949197142,0.9271131547058069,0.92834117427522,0.9285797626922762
2,3,2.074850769042969,0.24257830231502497,4406,2.2693419456481934,0.15777525539160045,881,2.267531286312055,0.1723,0.9842467006206456,0.08479590398187262,,,,,,,0,0,10,0.025,0.15,0.9167105283210968,0.9517010175835238,0.967412930581007,1.0,0.9710892777397437,0.9684261964356785,0.9639027222255387,0.9585605578743338,0.9577270379289262,0.9436073109030523,0.9459363761103401,0.9519854708888253
2,4,2.0674751686327384,0.24742217898832686,4112,2.264261211667742,0.18004866180048662,822,2.267531286312055,0.1723,0.9863530773159617,0.08483006776504345,,,,,,,0,0,10,0.025,0.15,0.9050953932945311,0.9473212927837373,0.9652610791168283,0.9710892777397437,1.0,0.9704419786317995,0.9705694829721968,0.9644778431122406,0.9634215350486028,0.9540594633810789,0.9516930114418434,0.9576502120945224
2,5,2.07475937720268,0.24826433530470557,3889,2.270763737814767,0.15424164524421594,778,2.267531286312055,0.1723,0.9846462189935362,0.08447134384691017,,,,,,,0,0,10,0.025,0.15,0.8866242575645759,0.9354079884687092,0.9565973713597604,0.9684261964356785,0.9704419786317995,1.0,0.9720968353514419,0.9692817414104661,0.9655251099606563,0.9555988480904005,0.9575505314553938,0.9629086271634664
2,6,2.100310239709657,0.24419293990838048,3711,2.2667298714319863,0.16442048517520216,742,2.267531286312055,0.1723,0.9861418152539534,0.0841849461835273,,,,,,,0,0,10,0.025,0.15,0.8740059574662348,0.9271645776133383,0.9506234202591388,0.9639027222255387,0.9705694829721968,0.9720968353514419,1.0,0.9767291633217777,0.9725282316146538,0.9697370292079921,0.9667602633348319,0.9736611294569978
2,7,2.1185706547328405,0.22774971941638608,3564,2.265370726585388,0.1640953716690042,713,2.267531286312055,0.1723,0.9838363027362098,0.08402707523582932,,,,,,,0,0,10,0.025,0.15,0.8630560322070795,0.9182847175270304,0.943701953284904,0.9585605578743338,0.9644778431122406,0.9692817414104661,0.9767291633217777,1.0,0.9788254374616934,0.9714090677743293,0.9709509678917226,0.9753697925533432
2,8,2.1005372837737752,0.22566114501598372,3441,2.2712517976760864,0.19767441860465115,688,2.267531286312055,0.1723,0.9818053107560106,0.08370820906984386,,,,,,,0,0,10,0.025,0.15,0.8525274343653424,0.9139850199600054,0.9451032949197142,0.9577270379289262,0.9634215350486028,0.9655251099606563,0.9725282316146538,0.9788254374616934,1.0,0.9702983473371902,0.9703438555183495,0.9761981775545313
2,9,2.1184481687015957,0.22189562087582484,3334,2.267480174700419,0.17391304347826086,667,2.267531286312055,0.1723,0.9734559031263988,0.08306266129513447,,,,,,,0,0,10,0.025,0.15,0.8406676275238142,0.8995160519519155,0.9271131547058069,0.9436073109030523,0.9540594633810789,0.9555988480904005,0.9697370292079921,0.9714090677743293,0.9702983473371902,1.0,0.9647077347081817,0.9725868548170931
2,10,2.1257555548961347,0.2289108299907436,3241,2.2796329259872437,0.15895061728395063,648,2.267531286312055,0.1723,0.9727781593512638,0.08287631847910508,,,,,,,0,0,10,0.025,0.15,0.8351126074136018,0.896519750398834,0.92834117427522,0.9459363761103401,0.9516930114418434,0.9575505314553938,0.9667602633348319,0.9709509678917226,0.9703438555183495,0.9647077347081817,1.0,0.9732167924355334
2,11,2.1409754066467284,0.22801519468186135,3159,2.2663198471069337,0.1930379746835443,632,2.267531286312055,0.1723,0.9768634510326701,0.08269689980580594,,,,,,,0,0,10,0.025,0.15,0.8360424256724702,0.900526371374828,0.9285797626922762,0.9519854708888253,0.9576502120945224,0.9629086271634664,0.9736611294569978,0.9753697925533432,0.9761981775545313,0.9725868548170931,0.9732167924355334,1.0
3,0,1.9384183484095114,0.2939956172388605,6845,2.241695685820146,0.23447772096420746,1369,2.243637317343603,0.2287,0.9230962753628715,0.07873647865741552,,,,,,,0,0,10,0.025,0.15,1.0,0.9496509678852989,0.9355391124626169,0.9199077790048749,0.9031182540124686,0.8885723982497669,0.8880704975642096,0.8777575104254662,0.8590346881289505,0.8552454704798234,0.8503745790543625,0.8494603130204513
3,1,1.970601148383562,0.28563344286235853,5478,2.240566545062595,0.23905109489051096,1096,2.243637317343603,0.2287,0.9609266669321885,0.0823794663804585,,,,,,,0,0,10,0.025,0.15,0.9496509678852989,1.0,0.9582047655607482,0.9481277357040485,0.9410079986142726,0.9315360829058066,0.9311781351754449,0.925384819595171,0.9133416196053906,0.9047773740203543,0.9049768069013623,0.9053637757327982
3,2,2.002421268036491,0.27450207468879667,4820,2.24226650595665,0.2354771784232365,964,2.243637317343603,0.2287,0.974755143281232,0.08412612986078914,,,,,,,0,0,10,0.025,0.15,0.9355391124626169,0.9582047655607482,1.0,0.9596385510642854,0.9546727270850277,0.950808573243034,0.9515201361353188,0.9434022543052555,0.939671500973857,0.9239585876695816,0.9291046986325111,0.925684869500435
3,3,2.0129653423173086,0.26988197911938266,4406,2.2456556728907993,0.2213393870601589,881,2.243637317343603,0.2287,0.9809736724965101,0.08452929257642929,,,,,,,0,0,10,0.025,0.15,0.9199077790048749,0.9481277357040485,0.9596385510642854,1.0,0.9628557208993794,0.9602692592284712,0.9587680197909347,0.9545739790025614,0.9498021664014188,0.9397775442867445,0.9424267737220327,0.9472413922874601
3,4,2.0002349759593154,0.2736867704280156,4112,2.237851755959647,0.24574209245742093,822,2.243637317343603,0.2287,0.9831173220126681,0.08462036565358463,,,,,,,0,0,10,0.025,0.15,0.9031182540124686,0.9410079986142726,0.9546727270850277,0.9628557208993794,1.0,0.9611934908824241,0.9669632178203885,0.9638413949036188,0.9573933514299822,0.9521509281595213,0.9520064797407444,0.9521174852012864
3,5,2.0059698001030952,0.27711493957315503,3889,2.2487925120762418,0.2095115681233933,778,2.243637317343603,0.2287,0.981087688125112,0.08433191396735233,,,,,,,0,0,10,0.025,0.15,0.8885723982497669,0.9315360829058066,0.950808573243034,0.9602692592284712,0.9611934908824241,1.0,0.9670939232376508,0.9657649959672242,0.9576574053635029,0.9497108981163263,0.954145162979038,0.9562142049247461
3,6,2.030655391462918,0.27076259768256533,3711,2.2431348164876304,0.2196765498652291,742,2.243637317343603,0.2287,0.9843331682214814,0.08426029905802712,,,,,,,0,0,10,0.025,0.15,0.8880704975642096,0.9311781351754449,0.9515201361353188,0.9587680197909347,0.9669632178203885,0.9670939232376508,1.0,0.969181043036875,0.965427350188312,0.9607099136033708,0.9598158510727454,0.9621506976643784
3,7,2.051102506688663,0.26136363636363635,3564,2.241718133290609,0.22019635343618513,713,2.243637317343603,0.2287,0.9824233518978442,0.08410020270429769,,,,,,,0,0,10,0.025,0.15,0.8777575104254662,0.925384819595171,0.9434022543052555,0.9545739790025614,0.9638413949036188,0.9657649959672242,0.969181043036875,1.0,0.9712818132008958,0.9600501039132284,0.9626360039443422,0.9643755792062463
3,8,2.0333575946313363,0.25623365300784656,3441,2.250418186187744,0.2136627906976744,688,2.243637317343603,0.2287,0.9777096779258992,0.08374891915733995,,,,,,,0,0,10,0.025,0.15,0.8590346881289505,0.9133416196053906,0.939671500973857,0.9498021664014188,0.9573933514299822,0.9576574053635029,0.965427350188312,0.9712818132008958,1.0,0.9591837065305078,0.9636632807995664,0.9660901161456575
3,9,2.052284359048914,0.24997000599880023,3334,2.2452452977498374,0.2368815592203898,667,2.243637317343603,0.2287,0.9708573491627082,0.08312548204883383,,,,,,,0,0,10,0.025,0.15,0.8552454704798234,0.9047773740203543,0.9239585876695816,0.9397775442867445,0.9521509281595213,0.9497108981163263,0.9607099136033708,0.9600501039132284,0.9591837065305078,1.0,0.9548816497536616,0.9628026385807499
3,10,2.0558609173848077,0.2524838012958963,3241,2.256039579709371,0.22685185185185186,648,2.243637317343603,0.2287,0.9721387203754127,0.08305181050621088,,,,,,,0,0,10,0.025,0.15,0.8503745790543625,0.9049768069013623,0.9291046986325111,0.9424267737220327,0.9520064797407444,0.954145162979038,0.9598158510727454,0.9626360039443422,0.9636632807995664,0.9548816497536616,1.0,0.9637899901476562
3,11,2.068996562957764,0.26176005064893954,3159,2.243906259536743,0.22943037974683544,632,2.243637317343603,0.2287,0.9736411953488027,0.08298963942926131,,,,,,,0,0,10,0.025,0.15,0.8494603130204513,0.9053637757327982,0.925684869500435,0.9472413922874601,0.9521174852012864,0.9562142049247461,0.9621506976643784,0.9643755792062463,0.9660901161456575,0.9628026385807499,0.9637899901476562,1.0
4,0,1.893567141338631,0.3102264426588751,6845,2.2118548263203013,0.27757487216946675,1369,2.2143302627756625,0.2735,0.930465140756784,0.0791896286900414,,,,,,,0,0,10,0.025,0.15,1.0,0.9482809709464309,0.9353421611114113,0.9220865493670418,0.9036292875385897,0.8926587076677664,0.8967194575812757,0.8878773776810714,0.8654123544516725,0.8614551940027824,0.8657263414806728,0.8605651321337836
4,1,1.9221312190211097,0.30690032858707555,5478,2.210164599948459,0.28193430656934304,1096,2.2143302627756625,0.2735,0.9601387780481742,0.08241700522688984,,,,,,,0,0,10,0.025,0.15,0.9482809709464309,1.0,0.9512683062664722,0.9433922773619852,0.9324532888640238,0.9265219925858749,0.9277473898500099,0.9249389421957739,0.9100759241422085,0.9017388457696134,0.9093972414251549,0.9054138132016332
4,2,1.951111102104187,0.2936307053941909,4820,2.212278038263321,0.28319502074688796,964,2.2143302627756625,0.2735,0.9730646772059008,0.08392192796504507,,,,,,,0,0,10,0.025,0.15,0.9353421611114113,0.9512683062664722,1.0,0.9516044018588069,0.9494884515081056,0.9454769746139756,0.9493513858002578,0.9403899168456503,0.9350238773932141,0.9182391754933035,0.9303082628588821,0.922578017622842
4,3,1.9644862382752555,0.29133000453926466,4406,2.216672113963536,0.2542565266742338,881,2.2143302627756625,0.2735,0.9766192636385136,0.08428792898503198,,,,,,,0,0,10,0.025,0.15,0.9220865493670418,0.9433922773619852,0.9516044018588069,1.0,0.9539722304308123,0.9505079040301597,0.9511238612203485,0.9486140171615712,0.9394827462538512,0.9301810753896654,0.9397068510034075,0.9386137161592925
4,4,1.9521342360612117,0.2929231517509728,4112,2.2055924279349193,0.291970802919708,822,2.2143302627756625,0.2735,0.9806231504926048,0.08447507217455996,,,,,,,0,0,10,0.025,0.15,0.9036292875385897,0.9324532888640238,0.9494884515081056,0.9539722304308123,1.0,0.9547177048107087,0.9626318396497909,0.9585792562476717,0.9540847741849146,0.9412148662009383,0.9532533268535157,0.9504877173216114
4,5,1.9543772662839582,0.2983543327333505,3889,2.221867765699114,0.2493573264781491,778,2.2143302627756625,0.2735,0.9775264406817042,0.0841951446048839,,,,,,,0,0,10,0.025,0.15,0.8926587076677664,0.9265219925858749,0.9454769746139756,0.9505079040301597,0.9547177048107087,1.0,0.9622591803691447,0.9595157510637031,0.9486992623041623,0.9394354689283446,0.9504780268255208,0.9477524583609914
4,6,1.9744724380558936,0.2893559687415791,3711,2.214072863260905,0.2668463611859838,742,2.2143302627756625,0.2735,0.9818289526872108,0.08429115380927978,,,,,,,0,0,10,0.025,0.15,0.8967194575812757,0.9277473898500099,0.9493513858002578,0.9511238612203485,0.9626318396497909,0.9622591803691447,1.0,0.9617848577118362,0.9579839258296061,0.948288843437562,0.9549641912450106,0.9553710673398527
4,7,1.998289264525686,0.2808922558922559,3564,2.2125354210535684,0.2594670406732118,713,2.2143302627756625,0.2735,0.9797177302945066,0.08412297932485824,,,,,,,0,0,10,0.025,0.15,0.8878773776810714,0.9249389421957739,0.9403899168456503,0.9486140171615712,0.9585792562476717,0.9595157510637031,0.9617848577118362,1.0,0.9615194857313322,0.9483948729564765,0.9571663363082317,0.9546192905534759
4,8,1.9765853047370912,0.281981981981982,3441,2.224505146344503,0.25872093023255816,688,2.2143302627756625,0.2735,0.9736241361751831,0.08370628486033743,,,,,,,0,0,10,0.025,0.15,0.8654123544516725,0.9100759241422085,0.9350238773932141,0.9394827462538512,0.9540847741849146,0.9486992623041623,0.9579839258296061,0.9615194857313322,1.0,0.9449305239932856,0.9569420436117615,0.9574698440667492
4,9,1.9990652547942267,0.2772645470905819,3334,2.2179414431254068,0.3028485757121439,667,2.2143302627756625,0.2735,0.9644876558396175,0.083021525580033,,,,,,,0,0,10,0.025,0.15,0.8614551940027824,0.9017388457696134,0.9182391754933035,0.9301810753896654,0.9412148662009383,0.9394354689283446,0.948288843437562,0.9483948729564765,0.9449305239932856,1.0,0.9433446905693414,0.9488642164183783
4,10,2.0018687055661126,0.2758099352051836,3241,2.2271997531255088,0.2854938271604938,648,2.2143302627756625,0.2735,0.9723429046014528,0.0832322062360156,,,,,,,0,0,10,0.025,0.15,0.8657263414806728,0.9093972414251549,0.9303082628588821,0.9397068510034075,0.9532533268535157,0.9504780268255208,0.9549641912450106,0.9571663363082317,0.9569420436117615,0.9433446905693414,1.0,0.9558848312694709
4,11,2.013590898990631,0.280943336498892,3159,2.216635274887085,0.26424050632911394,632,2.2143302627756625,0.2735,0.9706725800782666,0.08313914254302399,,,,,,,0,0,10,0.025,0.15,0.8605651321337836,0.9054138132016332,0.922578017622842,0.9386137161592925,0.9504877173216114,0.9477524583609914,0.9553710673398527,0.9546192905534759,0.9574698440667492,0.9488642164183783,0.9558848312694709,1.0
5,0,1.8563563256352036,0.3262381300219138,6845,2.1766596273942427,0.30825420014609206,1369,2.179842134065266,0.2975,0.934607633343013,0.07966671295686702,,,,,,,0,0,10,0.025,0.15,1.0,0.9428169627828998,0.9336128898717574,0.920903394963986,0.907392635394372,0.8943413820360272,0.9024233061645884,0.8951302395217073,0.8702330561680456,0.8638600796094467,0.8687489979449733,0.8654467541160105
5,1,1.8800341667130935,0.3234392113910186,5478,2.1743597984313965,0.3056569343065693,1096,2.179842134065266,0.2975,0.96068670320244,0.08252124669713086,,,,,,,0,0,10,0.025,0.15,0.9428169627828998,1.0,0.9474296057555012,0.9375907545845389,0.9321268486476182,0.9236291822313557,0.9270755996599971,0.925662237579227,0.9109429640698331,0.9014367785774753,0.9073030519300289,0.9083203497602328
5,2,1.910061994979256,0.3099585062240664,4820,2.1771146655082703,0.3029045643153527,964,2.179842134065266,0.2975,0.9705801669717985,0.08377826504298475,,,,,,,0,0,10,0.025,0.15,0.9336128898717574,0.9474296057555012,1.0,0.9436043513549263,0.9444724307536261,0.9378250347654444,0.9436357990782319,0.9362764953166332,0.9296288082198554,0.9180533380973861,0.9235508814630988,0.9191468870788922
5,3,1.9204777574539185,0.30785292782569224,4406,2.1825829574040005,0.2746878547105562,881,2.179842134065266,0.2975,0.9740414657049581,0.08411843828009069,,,,,,,0,0,10,0.025,0.15,0.920903394963986,0.9375907545845389,0.9436043513549263,1.0,0.948482215361601,0.9433041053591724,0.9450574434105145,0.9436347516692071,0.9356804517074766,0.927789742859426,0.9345846532080057,0.9357005521236983
5,4,1.906193243373524,0.31101653696498055,4112,2.1677826813289096,0.32116788321167883,822,2.179842134065266,0.2975,0.9774541535660416,0.08434603248684815,,,,,,,0,0,10,0.025,0.15,0.907392635394372,0.9321268486476182,0.9444724307536261,0.948482215361601,1.0,0.9470226663571528,0.9547369002614456,0.9526314205258688,0.9443621161599391,0.938655132045077,0.9459982634942998,0.9390417823132532
5,5,1.9093493861536825,0.31663666752378505,3889,2.1898518971034457,0.2814910025706941,778,2.179842134065266,0.2975,0.9739694099454949,0.08405850694336237,,,,,,,0,0,10,0.025,0.15,0.8943413820360272,0.9236291822313557,0.9378250347654444,0.9433041053591724,0.9470226663571528,1.0,0.9551211047916849,0.9515316488252632,0.9416053758043471,0.9354050380947185,0.9453231263087083,0.938867995032718
5,6,1.926987664041848,0.3082996496901105,3711,2.1798388957977295,0.29649595687331537,742,2.179842134065266,0.2975,0.9788297260921857,0.08427682816288751,,,,,,,0,0,10,0.025,0.15,0.9024233061645884,0.9270755996599971,0.9436357990782319,0.9450574434105145,0.9547369002614456,0.9551211047916849,1.0,0.954098797240598,0.9495025334304661,0.9434287695332029,0.9490807272548722,0.9465062364256187
5,7,1.951928985118866,0.29657687991021325,3564,2.178083658218384,0.3015427769985975,713,2.179842134065266,0.2975,0.9766610838805359,0.08410163670565095,,,,,,,0,0,10,0.025,0.15,0.8951302395217073,0.925662237579227,0.9362764953166332,0.9436347516692071,0.9526314205258688,0.9515316488252632,0.954098797240598,1.0,0.9530815812566573,0.9399484606850036,0.9485476550689026,0.9447393161711035
5,8,1.9328666784145214,0.3004649811101424,3441,2.1938742796579995,0.27906976744186046,688,2.179842134065266,0.2975,0.9708332390751019,0.08365271190327328,,,,,,,0,0,10,0.025,0.15,0.8702330561680456,0.9109429640698331,0.9296288082198554,0.9356804517074766,0.9443621161599391,0.9416053758043471,0.9495025334304661,0.9530815812566573,1.0,0.9428488214615359,0.9495376084158784,0.9494045898020336
5,9,1.952983684009976,0.29862027594481105,3334,2.1855172316233316,0.30434782608695654,667,2.179842134065266,0.2975,0.963525090720509,0.08298908979903481,,,,,,,0,0,10,0.025,0.15,0.8638600796094467,0.9014367785774753,0.9180533380973861,0.927789742859426,0.938655132045077,0.9354050380947185,0.9434287695332029,0.9399484606850036,0.9428488214615359,1.0,0.9383357337162874,0.94267337161395
5,10,1.9547804268506856,0.2932119716136995,3241,2.193440794944763,0.3055555555555556,648,2.179842134065266,0.2975,0.9691676894976367,0.08330412113559295,,,,,,,0,0,10,0.025,0.15,0.8687489979449733,0.9073030519300289,0.9235508814630988,0.9345846532080057,0.9459982634942998,0.9453231263087083,0.9490807272548722,0.9485476550689026,0.9495376084158784,0.9383357337162874,1.0,0.94665600940679
5,11,1.9616532487869263,0.3009496676163343,3159,2.184511089324951,0.2737341772151899,632,2.179842134065266,0.2975,0.9673318533334747,0.08318640988627668,,,,,,,0,0,10,0.025,0.15,0.8654467541160105,0.9083203497602328,0.9191468870788922,0.9357005521236983,0.9390417823132532,0.938867995032718,0.9465062364256187,0.9447393161711035,0.9494045898020336,0.94267337161395,0.94665600940679,1.0
6,0,1.8228490783108606,0.3380569758948137,6845,2.136741443113847,0.3301680058436815,1369,2.14110806320287,0.315,0.9391108113729421,0.08018325763234922,,,,,,,0,0,10,0.025,0.15,1.0,0.9385420938588487,0.9309843425210726,0.9185577873768499,0.9052005708814334,0.8973137748521349,0.9075020886265218,0.8986930545030731,0.8733689724550905,0.8716569528296829,0.873976295772731,0.8740062698947326
6,1,1.842896769213122,0.3380248265790434,5478,2.1343549887339273,0.31386861313868614,1096,2.14110806320287,0.315,0.9593563941518557,0.08261812388656559,,,,,,,0,0,10,0.025,0.15,0.9385420938588487,1.0,0.9403571907683403,0.9323157949302264,0.9259496794652412,0.9199894016934481,0.9262330070664588,0.920935313250818,0.9067400167860246,0.8954039296312458,0.9060449430323034,0.908855605823644
6,2,1.8726672207054338,0.32431535269709544,4820,2.137653887271881,0.32261410788381745,964,2.14110806320287,0.315,0.9683564188186755,0.08369310727430095,,,,,,,0,0,10,0.025,0.15,0.9309843425210726,0.9403571907683403,1.0,0.9397820896109322,0.9379036838379069,0.9342077218756323,0.9424540469271753,0.9300731300642936,0.922326233958592,0.9096477974305104,0.9209974342451165,0.9151315898336867
6,3,1.8852994792801994,0.32169768497503404,4406,2.144334520612444,0.30192962542565266,881,2.14110806320287,0.315,0.9708764947359582,0.08398678063545473,,,,,,,0,0,10,0.025,0.15,0.9185577873768499,0.9323157949302264,0.9397820896109322,1.0,0.9414585605871244,0.9392314401601966,0.9395373624418398,0.9382118949165731,0.9285066265663737,0.914777890520452,0.9288385931449816,0.9308864241245196
6,4,1.8753740932002212,0.3241001945525292,4112,2.125825507300241,0.3260340632603406,822,2.14110806320287,0.315,0.9739401415142628,0.08422829810909854,,,,,,,0,0,10,0.025,0.15,0.9052005708814334,0.9259496794652412,0.9379036838379069,0.9414585605871244,1.0,0.938958049286111,0.948802394604104,0.9465363715246566,0.9363338415486907,0.9303304445230487,0.9389438449804453,0.9362671919116237
6,5,1.8745492242997692,0.3322190794548727,3889,2.153456994465419,0.3059125964010283,778,2.14110806320287,0.315,0.9715222537879593,0.08397066615780824,,,,,,,0,0,10,0.025,0.15,0.8973137748521349,0.9199894016934481,0.9342077218756323,0.9392314401601966,0.938958049286111,1.0,0.948780937346584,0.9468032523417151,0.9336179846932035,0.9274354326751103,0.9378067840809711,0.9343519888148576
6,6,1.8878770408959225,0.32169226623551606,3711,2.141491413116455,0.3194070080862534,742,2.14110806320287,0.315,0.9769287021826163,0.08428301197877881,,,,,,,0,0,10,0.025,0.15,0.9075020886265218,0.9262330070664588,0.9424540469271753,0.9395373624418398,0.948802394604104,0.948780937346584,1.0,0.9477854560348836,0.9417111912999508,0.9348072087262612,0.9423113573300089,0.9414525543733551
6,7,1.9124791094235012,0.30976430976430974,3564,2.1392448345820108,0.3267882187938289,713,2.14110806320287,0.315,0.9737106049592009,0.084068994054821,,,,,,,0,0,10,0.025,0.15,0.8986930545030731,0.920935313250818,0.9300731300642936,0.9382118949165731,0.9465363715246566,0.9468032523417151,0.9477854560348836,1.0,0.9451074722859629,0.9294018077184218,0.9415949096306212,0.9386863095651815
6,8,1.8928892095883687,0.31450159837256614,3441,2.1590140660603843,0.28488372093023256,688,2.14110806320287,0.315,0.9659329155398784,0.08353589685135268,,,,,,,0,0,10,0.025,0.15,0.8733689724550905,0.9067400167860246,0.922326233958592,0.9285066265663737,0.9363338415486907,0.9336179846932035,0.9417111912999508,0.9451074722859629,1.0,0.9253224318699207,0.9412021842719328,0.9389050214514049
6,9,1.9104400193249738,0.3125374925014997,3334,2.1489508152008057,0.3118440779610195,667,2.14110806320287,0.315,0.9578156617237814,0.08285834516396755,,,,,,,0,0,10,0.025,0.15,0.8716569528296829,0.8954039296312458,0.9096477974305104,0.914777890520452,0.9303304445230487,0.9274354326751103,0.9348072087262612,0.9294018077184218,0.9253224318699207,1.0,0.9271206456891087,0.9340898386208175
6,10,1.9122899784491612,0.30811477938907744,3241,2.1556818882624307,0.3256172839506173,648,2.14110806320287,0.315,0.966332342824501,0.08333243601237182,,,,,,,0,0,10,0.025,0.15,0.873976295772731,0.9060449430323034,0.9209974342451165,0.9288385931449816,0.9389438449804453,0.9378067840809711,0.9423113573300089,0.9415949096306212,0.9412021842719328,0.9271206456891087,1.0,0.9391700706428272
6,11,1.9243417840003967,0.31509971509971507,3159,2.14861478805542,0.29430379746835444,632,2.14110806320287,0.315,0.9657743760840188,0.08324108224313083,,,,,,,0,0,10,0.025,0.15,0.8740062698947326,0.908855605823644,0.9151315898336867,0.9308864241245196,0.9362671919116237,0.9343519888148576,0.9414525543733551,0.9386863095651815,0.9389050214514049,0.9340898386208175,0.9391700706428272,1.0
7,0,1.7926896845852887,0.34964207450693935,6845,2.093218586661599,0.3360116873630387,1369,2.0989887442769883,0.3222,0.9389173403473818,0.08058951525524613,,,,,,,0,0,10,0.025,0.15,1.0,0.9329547323117755,0.9277221040971212,0.9155885698664117,0.9016172127030624,0.890817856072521,0.9033267086891344,0.8962239933312928,0.8735070719637891,0.8686961264345806,0.8712624145600485,0.8723050797188824
7,1,1.8118851473165112,0.34782767433369843,5478,2.0909416410658093,0.3239051094890511,1096,2.0989887442769883,0.3222,0.9572312971403004,0.08270297515128777,,,,,,,0,0,10,0.025,0.15,0.9329547323117755,1.0,0.9320062788814464,0.9256877978940821,0.9211178407350696,0.9114558537780969,0.921237875907758,0.915812164245172,0.9022592114260024,0.8935178482089845,0.9009865974735453,0.9059332354750556
7,2,1.8395417087956478,0.335,4820,2.094767242670059,0.3257261410788382,964,2.0989887442769883,0.3222,0.9658314995783219,0.08365290297954626,,,,,,,0,0,10,0.025,0.15,0.9277221040971212,0.9320062788814464,1.0,0.9340222961833371,0.9319855031564402,0.9267926267699866,0.9353791856196125,0.9235721529712325,0.9180753073798994,0.9055317625158129,0.9156545959113911,0.9100439201887683
7,3,1.848611775125776,0.3337948252383114,4406,2.102863209588187,0.3155505107832009,881,2.0989887442769883,0.3222,0.9684661445155928,0.08392174550979645,,,,,,,0,0,10,0.025,0.15,0.9155885698664117,0.9256877978940821,0.9340222961833371,1.0,0.9356690006186448,0.9304714460405629,0.9327972509657019,0.9296113897179111,0.9254319900784542,0.9146411246823386,0.9216122741389083,0.9249126092962379
7,4,1.8372751850070375,0.3370136186770428,4112,2.080120801925659,0.3381995133819951,822,2.0989887442769883,0.3222,0.9708961566729337,0.0841514585636779,,,,,,,0,0,10,0.025,0.15,0.9016172127030624,0.9211178407350696,0.9319855031564402,0.9356690006186448,1.0,0.9317390941826241,0.9397917726680984,0.939383415205976,0.9313770521229998,0.9242162456641625,0.932148218180764,0.9286057048536135
7,5,1.8434200686793174,0.3433530470557984,3889,2.1135036604745046,0.31233933161953725,778,2.0989887442769883,0.3222,0.9668629490828873,0.08385925554412729,,,,,,,0,0,10,0.025,0.15,0.890817856072521,0.9114558537780969,0.9267926267699866,0.9304714460405629,0.9317390941826241,1.0,0.9408580244815429,0.9357428421216127,0.9260088468927605,0.9237547548041676,0.9282907786576619,0.9249198095711086
7,6,1.8502273312930404,0.33311775801670707,3711,2.0997867584228516,0.316711590296496,742,2.0989887442769883,0.3222,0.9735642626203753,0.08427280334040342,,,,,,,0,0,10,0.025,0.15,0.9033267086891344,0.921237875907758,0.9353791856196125,0.9327972509657019,0.9397917726680984,0.9408580244815429,1.0,0.9395632279699768,0.9338730684481736,0.9296699276793121,0.9368678501289568,0.9351142123731976
7,7,1.8759729998452324,0.32407407407407407,3564,2.097085436185201,0.33520336605890605,713,2.0989887442769883,0.3222,0.9692112875856704,0.08399725559313836,,,,,,,0,0,10,0.025,0.15,0.8962239933312928,0.915812164245172,0.9235721529712325,0.9296113897179111,0.939383415205976,0.9357428421216127,0.9395632279699768,1.0,0.9351986294280854,0.9210095896408478,0.930679721556797,0.9312809464109733
7,8,1.8614384721826625,0.3242371403661726,3441,2.120814800262451,0.28924418604651164,688,2.0989887442769883,0.3222,0.9632106906463637,0.08346937041557205,,,,,,,0,0,10,0.025,0.15,0.8735070719637891,0.9022592114260024,0.9180753073798994,0.9254319900784542,0.9313770521229998,0.9260088468927605,0.9338730684481736,0.9351986294280854,1.0,0.9204377647831066,0.9326705169680161,0.9296108349199053
7,9,1.8763226725437023,0.3240551889622076,3334,2.1091741720835366,0.3118440779610195,667,2.0989887442769883,0.3222,0.9558982126673738,0.08280872338840939,,,,,,,0,0,10,0.025,0.15,0.8686961264345806,0.8935178482089845,0.9055317625158129,0.9146411246823386,0.9242162456641625,0.9237547548041676,0.9296699276793121,0.9210095896408478,0.9204377647831066,1.0,0.916663414408264,0.926600000937597
7,10,1.8800109336009392,0.32156741746374573,3241,2.114879767100016,0.3333333333333333,648,2.0989887442769883,0.3222,0.9622771057448289,0.08331229736809022,,,,,,,0,0,10,0.025,0.15,0.8712624145600485,0.9009865974735453,0.9156545959113911,0.9216122741389083,0.932148218180764,0.9282907786576619,0.9368678501289568,0.930679721556797,0.9326705169680161,0.916663414408264,1.0,0.9308941913140383
7,11,1.887182535648346,0.32431149097815765,3159,2.109437036514282,0.31170886075949367,632,2.0989887442769883,0.3222,0.9624667381895217,0.08326169689070467,,,,,,,0,0,10,0.025,0.15,0.8723050797188824,0.9059332354750556,0.9100439201887683,0.9249126092962379,0.9286057048536135,0.9249198095711086,0.9351142123731976,0.9312809464109733,0.9296108349199053,0.926600000937597,0.9308941913140383,1.0
8,0,1.764863825727392,0.3576917457998539,6845,2.047358686273748,0.34477720964207453,1369,2.0546559366998793,0.3318,0.93968128142507,0.08098525770709036,,,,,,,0,0,10,0.025,0.15,1.0,0.9251610400831164,0.9206790628679842,0.9117652400051103,0.8966570448709438,0.8915623058406416,0.9016532048102037,0.8948326809531657,0.8751048374350782,0.8627623058207892,0.8680788096100612,0.8719315240824459
8,1,1.781528775082078,0.3569185834246075,5478,2.0452417532602944,0.33485401459854014,1096,2.0546559366998793,0.3318,0.9569071596587807,0.08286598889793458,,,,,,,0,0,10,0.025,0.15,0.9251610400831164,1.0,0.924661986886768,0.9200274494044178,0.9150290217886868,0.9097191876874303,0.9192311716894269,0.91195723969912,0.902096984589058,0.8835397901660537,0.8997177880745695,0.9048610684169751
8,2,1.8067606392659639,0.3470746887966805,4820,2.049390584230423,0.3329875518672199,964,2.0546559366998793,0.3318,0.9641233184694683,0.08369406376004307,,,,,,,0,0,10,0.025,0.15,0.9206790628679842,0.924661986886768,1.0,0.9296852966333634,0.9242766182308199,0.9231781293661901,0.9312207985379015,0.9185527110052609,0.9154016841030744,0.8923595834534157,0.9110787620957853,0.9065758528947728
8,3,1.8178013736861092,0.34627780299591465,4406,2.0592783178601946,0.32009080590238365,881,2.0546559366998793,0.3318,0.9640853489217831,0.08386023857731699,,,,,,,0,0,10,0.025,0.15,0.9117652400051103,0.9200274494044178,0.9296852966333634,1.0,0.9258394896992969,0.9226302277573556,0.9226963161361741,0.921383453604686,0.9161483751554619,0.8991177303371001,0.9125720114666505,0.9149229620528907
