round,client_id,client_i_training_loss,client_i_training_accuracy,client_i_training_dataset_size,client_i_evaluation_loss,client_i_evaluation_accuracy,client_i_evaluation_dataset_size,client_i_central_evaluation_loss,client_i_central_evaluation_accuracy,client_i_cosine_similarity,client_i_importance_coefficient,client_i_tanh_val,tanh_normalization_value,client_i_q,client_i_mask_order,client_i_v_nonzero_fraction,client_i_v_sparsity,client_i_v_cosine_similarity,client_i_reward_gradient_norm,local_epochs,learning_rate,gamma,client_0_cosine_similarity,client_1_cosine_similarity,client_2_cosine_similarity,client_3_cosine_similarity,client_4_cosine_similarity,client_5_cosine_similarity,client_6_cosine_similarity,client_7_cosine_similarity,client_8_cosine_similarity,client_9_cosine_similarity,client_10_cosine_similarity,client_11_cosine_similarity
0,0,2.147694284257258,0.41402483564645726,8214,2.2738829158073246,0.21256391526661797,1369,2.2736330679811227,0.2126,0.959857454466876,0.08115283146337261,0.08097514790240552,0.08392068187388964,0.9649009766522706,,0.9648998173224693,0.03510018267753068,0,0.0984521733463531,5,0.001,0.1,1.0,0.9852246860810873,0.9616449509675177,0.9545040073003811,0.9418443650269789,0.9312099642793893,0.9271134720591941,0.9167693823792977,0.9131542039297563,0.91171208790947,0.9047357381334095,0.9025066737600351
0,1,2.2089978929862237,0.37745664739884394,6574,2.2716381958552767,0.22627737226277372,1096,2.273633060363916,0.2126,0.9888140025962094,0.08360101359621443,0.08340679045568328,0.08392068187388964,0.9938764627774059,,0.9938720870666241,0.00612791293337589,0,0.09845217648614096,5,0.001,0.1,0.9852246860810873,1.0,0.9833597920056495,0.9840404552232128,0.9768626543470855,0.9684278644052321,0.9690250783517989,0.9604568020647865,0.9582395888373896,0.9563692947341274,0.953593099903091,0.9495033834250507
0,2,2.229333673656316,0.3463600207504755,5783,2.2710163362564577,0.20228215767634855,964,2.273633064172519,0.2126,0.989626076859044,0.08366967183862414,0.08347497067325414,0.08392068187388964,0.9946888991881646,,0.9946888199418138,0.0053111800581862045,0,0.09845217649268871,5,0.001,0.1,0.9616449509675177,0.9833597920056495,1.0,0.9864457277391365,0.9815405436723544,0.9661906678328243,0.977374753963785,0.9689528801056269,0.9634942114340016,0.9664682612311966,0.9646623719253208,0.9628998578001622
0,3,2.2376474762537395,0.36035558918101,5287,2.2727753775460378,0.20998864926220204,881,2.2736330664576814,0.2126,0.9949350398909205,0.08411852742667647,0.08392068187388964,0.08392068187388964,0.9999999999880839,,0.9999951672610935,4.83273890650171e-06,0,0.09845217650493854,5,0.001,0.1,0.9545040073003811,0.9840404552232128,0.9864457277391365,1.0,0.988303472400973,0.9850728607353036,0.9847863366228228,0.976187813259076,0.9750867539081,0.9801403132983463,0.9792460061147412,0.9707558992517222
0,4,2.2457259661151516,0.36847011144883485,4935,2.2707091386501608,0.20437956204379562,822,2.2736330656959605,0.2126,0.9941784954662559,0.08405456405179863,0.08385716863180397,0.08392068187388964,0.9992431753214259,,0.9992412599916877,0.0007587400083123308,0,0.09845217650489774,5,0.001,0.1,0.9418443650269789,0.9768626543470855,0.9815405436723544,0.988303472400973,1.0,0.9910153379464428,0.9909450310060888,0.9874222349692062,0.9793972668850448,0.9771002808440543,0.9822693485835786,0.9756006390278115
0,5,2.246837843280949,0.35971716305978146,4667,2.273423252105713,0.22879177377892032,778,2.2736330626490777,0.2126,0.9883845672373507,0.08356470623084503,0.08337073556032878,0.08392068187388964,0.9934468321482334,,0.9934468060428567,0.006553193957143266,0,0.09845217648198133,5,0.001,0.1,0.9312099642793893,0.9684278644052321,0.9661906678328243,0.9850728607353036,0.9910153379464428,1.0,0.9846042191631763,0.981052869295842,0.9784678160787749,0.975176514848979,0.9814157716738503,0.9700966800213521
0,6,2.253846902166094,0.3276891982932854,4453,2.2760954896608987,0.20485175202156333,742,2.2736330687428437,0.2126,0.9916032066881548,0.08383683174664626,0.08364096348145944,0.08392068187388964,0.9966668717748598,,0.996665410154551,0.0033345898454489875,0,0.09845217650179931,5,0.001,0.1,0.9271134720591941,0.9690250783517989,0.977374753963785,0.9847863366228228,0.9909450310060888,0.9846042191631763,1.0,0.9902243175304797,0.9825438920011148,0.982727804714402,0.9898385230969987,0.9809923522535732
0,7,2.2575278883549705,0.2984334814122048,4277,2.2722552340963613,0.2300140252454418,713,2.27363306493424,0.2126,0.9873784848551707,0.08347964523181921,0.08328626519422305,0.08392068187388964,0.9924402821033749,,0.9924367636114091,0.00756323638859091,0,0.0984521764699084,5,0.001,0.1,0.9167693823792977,0.9604568020647865,0.9689528801056269,0.976187813259076,0.9874222349692062,0.981052869295842,0.9902243175304797,1.0,0.9834915107570472,0.9816032503039853,0.9891509243780144,0.9875444008678874
0,8,2.2594835644501905,0.26471300557035604,4129,2.2762349302118476,0.20930232558139536,688,2.273633064172519,0.2126,0.9837711774287997,0.08317465910054887,0.08298338694628504,0.08392068187388964,0.9888311807332317,,0.9888267076482926,0.011173292351707387,0,0.09845217639544025,5,0.001,0.1,0.9131542039297563,0.9582395888373896,0.9634942114340016,0.9750867539081,0.9793972668850448,0.9784678160787749,0.9825438920011148,0.9834915107570472,1.0,0.9801612810660462,0.9870962238527006,0.9798006256469987
0,9,2.2616638274419874,0.2608847788052987,4001,2.275377114613851,0.2098950524737631,667,2.27363306493424,0.2126,0.9839366726825897,0.08318865118695326,0.08299728266365387,0.08392068187388964,0.9889967622926088,,0.9889958535100183,0.011004146489981714,0,0.09845217640023432,5,0.001,0.1,0.91171208790947,0.9563692947341274,0.9664682612311966,0.9801403132983463,0.9771002808440543,0.975176514848979,0.982727804714402,0.9816032503039853,0.9801612810660462,1.0,0.9872676363123555,0.9866130168247763
0,10,2.263170684361067,0.2874775006428388,3889,2.2752891722179593,0.19753086419753085,648,2.273633059602195,0.2126,0.9848989650991777,0.08327000988655854,0.08307808037410713,0.08392068187388964,0.9899595489221754,,0.9899575685524014,0.010042431447598643,0,0.09845217642487952,5,0.001,0.1,0.9047357381334095,0.953593099903091,0.9646623719253208,0.9792460061147412,0.9822693485835786,0.9814157716738503,0.9898385230969987,0.9891509243780144,0.9870962238527006,0.9872676363123555,1.0,0.98708471884898
0,11,2.264470430582511,0.24236349248219466,3791,2.2785882472991945,0.21044303797468356,632,2.273633060363916,0.2126,0.9803911439059267,0.08288888823994268,0.08269957725052328,0.08392068187388964,0.9854493004932109,,0.9854486231526856,0.014551376847314446,0,0.09845217626732296,5,0.001,0.1,0.9025066737600351,0.9495033834250507,0.9628998578001622,0.9707558992517222,0.9756006390278115,0.9700966800213521,0.9809923522535732,0.9875444008678874,0.9798006256469987,0.9866130168247763,0.98708471884898,1.0
1,0,1.9334261643747412,0.5281714146579012,8214,2.226141192192255,0.38787436084733384,1369,2.225281952288204,0.3754,0.9744371739514482,0.08140193289588238,0.08122261098645239,0.08375701242304326,0.9697410238946949,,0.9697373889678236,0.030262611032176423,0.9555141183244499,0.09927622255803853,5,0.001,0.1,1.0,0.9925263079227258,0.9853725223171583,0.9771437712827308,0.97071898081439,0.9641198066038017,0.9607743401439343,0.9575699098569167,0.9519237726865716,0.9540532828534669,0.9489021024441533,0.9459729172944243
1,1,2.056552518108516,0.519592333434743,6574,2.222949491228376,0.3768248175182482,1096,2.2252819446709973,0.3754,0.9903494288085043,0.08342142737430604,0.08322845089055332,0.08375701242304326,0.9936893459043888,,0.9936884429881792,0.006311557011820845,0.9555141139199813,0.09927622364009563,5,0.001,0.1,0.9925263079227258,1.0,0.9941310713973086,0.990488723971953,0.9882353420551042,0.9835110622739067,0.981982877332983,0.9785517848057865,0.9727390497076868,0.974506526353711,0.9713951238225239,0.9700444154959057
1,2,2.1047961482685573,0.528203354660211,5783,2.2225797253270305,0.36721991701244816,964,2.22528194771788,0.3754,0.9958347562505661,0.08364107392528652,0.08344657196441342,0.08375701242304326,0.9962935585851826,,0.9963077874754739,0.0036922125245261173,0.9555141130817039,0.0992762236478873,5,0.001,0.1,0.9853725223171583,0.9941310713973086,1.0,0.9955860151257875,0.9926151296121053,0.987048425229692,0.989508610282114,0.9872542859898842,0.9837442988953904,0.9838443915249413,0.9837865505924972,0.980321361778398
1,3,2.124871937050877,0.5348969169661434,5287,2.224667387349265,0.37343927355278095,881,2.2252819492413214,0.3754,0.9969705495771732,0.08395369940716635,0.08375701242304326,0.08375701242304326,0.9999999999880607,,0.9999951672610935,4.83273890650171e-06,0.9555141131631487,0.09927622364969708,5,0.001,0.1,0.9771437712827308,0.990488723971953,0.9955860151257875,1.0,0.9944903134578111,0.9929290233744937,0.9920370131169984,0.9879335447841091,0.9864534842977428,0.9878872839642678,0.9888631888539097,0.9826833903256713
1,4,2.143272960724369,0.512016210739615,4935,2.2199469254567075,0.40389294403892945,822,2.225281950003042,0.3754,0.9971056006202431,0.08391875394878694,0.08372231201378956,0.08375701242304326,0.9995857014326391,,0.9995843844540455,0.00041561554595448413,0.9555141131138717,0.09927622364969438,5,0.001,0.1,0.97071898081439,0.9882353420551042,0.9926151296121053,0.9944903134578111,1.0,0.9950407222706393,0.9943691290957501,0.9926091794264419,0.9878357956339523,0.9863953580479878,0.9890071909777288,0.9866359088987826
1,5,2.1473706945981066,0.5171630597814442,4667,2.2252243995666503,0.36246786632390743,778,2.225281946956159,0.3754,0.9950621608902508,0.08355156522115637,0.08335768587529123,0.08375701242304326,0.9952323210057884,,0.995230086699336,0.004769913300664008,0.9555141149709402,0.09927622364567369,5,0.001,0.1,0.9641198066038017,0.9835110622739067,0.987048425229692,0.9929290233744937,0.9950407222706393,1.0,0.9925231755030165,0.989918144067553,0.9875488841012715,0.9862901031839814,0.9892149794256568,0.9853823797299812
1,6,2.163553352015359,0.49701324949472264,4453,2.227318118015925,0.38140161725067384,742,2.2252819461944386,0.3754,0.9965959879371349,0.08376844195170424,0.0835730517402195,0.08375701242304326,0.9978036384238205,,0.9978011037975663,0.002198896202433742,0.9555141128663467,0.0992762236493296,5,0.001,0.1,0.9607743401439343,0.981982877332983,0.989508610282114,0.9920370131169984,0.9943691290957501,0.9925231755030165,1.0,0.9950952229829834,0.9894201176034542,0.9910038889424263,0.9935199129207429,0.9915009301017179
1,7,2.1717395026292374,0.4961421557166238,4277,2.2249550923057226,0.37307152875175315,713,2.2252819484796005,0.3754,0.9954408478940742,0.08351153383748568,0.0833179325172092,0.08375701242304326,0.9947576937843593,,0.994756478286504,0.005243521713495958,0.9555141160622088,0.09927622364428586,5,0.001,0.1,0.9575699098569167,0.9785517848057865,0.9872542859898842,0.9879335447841091,0.9926091794264419,0.989918144067553,0.9950952229829834,1.0,0.9900799435031257,0.9909006368201734,0.9931529784455727,0.9949458295955684
1,8,2.176343764158396,0.45555824654880117,4129,2.2269773808392612,0.36773255813953487,688,2.2252819439092764,0.3754,0.9922973225417563,0.08322238709656397,0.08303078608797862,0.08375701242304326,0.9913293667593118,,0.9913252336629261,0.00867476633707387,0.9555141140012361,0.09927622362413865,5,0.001,0.1,0.9519237726865716,0.9727390497076868,0.9837442988953904,0.9864534842977428,0.9878357956339523,0.9875488841012715,0.9894201176034542,0.9900799435031257,1.0,0.988364571220539,0.9929623572744593,0.9894737058105819
1,9,2.181463644807301,0.4688327918020495,4001,2.2258695534297397,0.3808095952023988,667,2.2252819446709973,0.3754,0.9930123395416559,0.08325411747072,0.08306229762636841,0.08375701242304326,0.9917055924325755,,0.991702187297629,0.008297812702370955,0.9555141141227073,0.09927622362737909,5,0.001,0.1,0.9540532828534669,0.974506526353711,0.9838443915249413,0.9878872839642678,0.9863953580479878,0.9862901031839814,0.9910038889424263,0.9909006368201734,0.988364571220539,1.0,0.9932131193167603,0.9926612394090235
1,10,2.1846726472260523,0.49251735664695295,3889,2.2273064113798595,0.3734567901234568,648,2.2252819454327177,0.3754,0.9937462391580498,0.08332786471011183,0.08313553560933126,0.08375701242304326,0.9925800025964918,,0.9925769130396961,0.007423086960303915,0.9555141126967407,0.09927622363380767,5,0.001,0.1,0.9489021024441533,0.9713951238225239,0.9837865505924972,0.9888631888539097,0.9890071909777288,0.9892149794256568,0.9935199129207429,0.9931529784455727,0.9929623572744593,0.9932131193167603,1.0,0.9936698236305217
1,11,2.1883499598302762,0.45549986810867843,3791,2.231676757335663,0.3401898734177215,632,2.225281934768628,0.3754,0.9916933056449327,0.08302720216082962,0.0828369436399237,0.08375701242304326,0.9890150238470605,,0.9890103517267376,0.010989648273262431,0.9555141130990105,0.09927622359701638,5,0.001,0.1,0.9459729172944243,0.9700444154959057,0.980321361778398,0.9826833903256713,0.9866359088987826,0.9853823797299812,0.9915009301017179,0.9949458295955684,0.9894737058105819,0.9926612394090235,0.9936698236305217,1.0
2,0,1.7214087943158725,0.5842951059167275,8214,2.1671283633209937,0.5193571950328707,1369,2.165511309529265,0.5138,0.9854399733120958,0.08182026463752215,0.08163816880245241,0.08360178584747122,0.9765122595637146,,0.9765080561757571,0.02349194382424291,0.9804405115778857,0.09955931297762195,5,0.001,0.1,1.0,0.996014876736724,0.9918061082492714,0.987608316260233,0.9830650446418656,0.9802040289818508,0.9776721169664742,0.9759252785758809,0.9717121239862531,0.9725844409892774,0.9686377852186463,0.9682203695585605
2,1,1.8599108859173303,0.5812899300273806,6574,2.162840495790754,0.5118613138686131,1096,2.165511314099589,0.5138,0.9942447902218797,0.0833446609295845,0.08315221571814974,0.08360178584747122,0.9946224817357809,,0.9946211615971235,0.005378838402876451,0.9804405152736596,0.09955931329955982,5,0.001,0.1,0.996014876736724,1.0,0.9973056291427081,0.9951648651598061,0.9925938855741601,0.9905662374654687,0.9888524060705507,0.9873650489215151,0.9837046829618694,0.9840571706515698,0.9816911760864875,0.981051507424138
2,2,1.929258492770116,0.5909389590178108,5783,2.162781000137329,0.5093360995850622,964,2.1655113156230303,0.5138,0.9973548085189327,0.08358000994571636,0.08338593288459098,0.08360178584747122,0.9974180819023235,,0.9974144846850505,0.002585515314949549,0.980440514813041,0.09955931330303124,5,0.001,0.1,0.9918061082492714,0.9973056291427081,1.0,0.9972311606472716,0.995494757471244,0.9930071168631162,0.9936062444591194,0.9928068775171695,0.9888138475547229,0.9895230408762519,0.9881542978097007,0.9876274813131934
2,3,1.961489991969373,0.585889918668432,5287,2.1646513172558377,0.5096481271282634,881,2.1655113110527062,0.5138,0.9981417808042182,0.08379737823260261,0.08360178584747122,0.08360178584747122,0.9999999999880385,,0.9999951672610935,4.83273890650171e-06,0.9804405146963192,0.09955931330352186,5,0.001,0.1,0.987608316260233,0.9951648651598061,0.9972311606472716,1.0,0.9969041267595274,0.9962503184973366,0.9951077491986148,0.9935663583701021,0.9908879462306277,0.9918987904616439,0.9910955438922603,0.9889401981001589
2,4,1.9927645338735274,0.569483282674772,4935,2.1576909377024722,0.5401459854014599,822,2.165511311814427,0.5138,0.998227764572871,0.08377870167682427,0.0835832397980154,0.08360178584747122,0.9997781620300619,,0.9997776940103034,0.00022230598969663617,0.9804405146978519,0.09955931330352151,5,0.001,0.1,0.9830650446418656,0.9925938855741601,0.995494757471244,0.9969041267595274,1.0,0.9970016010835129,0.9964069723888139,0.995930301333704,0.9926602584170675,0.9914731090072294,0.9924449518222033,0.9916108016836208
2,5,1.9989543031339776,0.5646882365545318,4667,2.165701141357422,0.5295629820051414,778,2.1655113163847513,0.5138,0.9972882490089688,0.0835229047213205,0.08332922445505862,0.08360178584747122,0.996739765895592,,0.9967379012381478,0.003262098761852239,0.9804405149980769,0.09955931330257085,5,0.001,0.1,0.9802040289818508,0.9905662374654687,0.9930071168631162,0.9962503184973366,0.9970016010835129,1.0,0.9955042492383341,0.9943089826929143,0.992361864155101,0.991463100002435,0.9928335844739812,0.9908282477096237
2,6,2.0290230628422328,0.5559847293959128,4453,2.1672075390815735,0.4946091644204852,742,2.1655113125761476,0.5138,0.9977527594014264,0.08367106756399442,0.08347635667294985,0.08360178584747122,0.998499683060016,,0.9984970182000947,0.0015029817999052675,0.980440514731822,0.09955931330342115,5,0.001,0.1,0.9776721169664742,0.9888524060705507,0.9936062444591194,0.9951077491986148,0.9964069723888139,0.9955042492383341,1.0,0.9968684654824841,0.9936031845863686,0.993082821710663,0.995292393134528,0.9938331078160165
2,7,2.044300762930913,0.5687163899929857,4277,2.1663677796073584,0.5315568022440392,713,2.165511314099589,0.5138,0.9974686139127028,0.08350415541345572,0.0833106053087935,0.08360178584747122,0.9965170535925454,,0.9965155952484511,0.003484404751548875,0.9804405152602217,0.0995593133023776,5,0.001,0.1,0.9759252785758809,0.9873650489215151,0.9928068775171695,0.9935663583701021,0.995930301333704,0.9943089826929143,0.9968684654824841,1.0,0.9943206117736934,0.9939085674555633,0.9953006069032526,0.9961357382905943
2,8,2.0517559278928315,0.5271009929765076,4129,2.165998263792558,0.5145348837209303,688,2.1655113171464717,0.5138,0.9952909895134403,0.08325626521352365,0.08306443055077238,0.08360178584747122,0.9935724423558032,,0.9935676245155179,0.006432375484482056,0.9804405151477499,0.09955931329682281,5,0.001,0.1,0.9717121239862531,0.9837046829618694,0.9888138475547229,0.9908879462306277,0.9926602584170675,0.992361864155101,0.9936031845863686,0.9943206117736934,1.0,0.9931617567901683,0.9953982981225092,0.9937923483456607
2,9,2.064053582199036,0.5861534616345914,4001,2.1649515288216725,0.5247376311844077,667,2.1655113156230303,0.5138,0.9953807921504163,0.08327864812165561,0.08308665898223021,0.08360178584747122,0.9938383270044652,,0.9938430906331854,0.006156909366814567,0.9804405153332523,0.09955931329763569,5,0.001,0.1,0.9725844409892774,0.9840571706515698,0.9895230408762519,0.9918987904616439,0.9914731090072294,0.991463100002435,0.993082821710663,0.9939085674555633,0.9931617567901683,1.0,0.9956724739320841,0.9946892354355602
2,10,2.0696181195681214,0.5644638724607869,3889,2.1675786631447926,0.5061728395061729,648,2.165511318669913,0.5138,0.9955241610555843,0.08332855847234444,0.08313622457657448,0.08360178584747122,0.9944312042240273,,0.9944278520408656,0.00557214795913441,0.9804405153847133,0.09955931329913117,5,0.001,0.1,0.9686377852186463,0.9816911760864875,0.9881542978097007,0.9910955438922603,0.9924449518222033,0.9928335844739812,0.995292393134528,0.9953006069032526,0.9953982981225092,0.9956724739320841,1.0,0.9966095780426373
2,11,2.077168303978543,0.561909786336059,3791,2.1732656478881838,0.4620253164556962,632,2.165511319431634,0.5138,0.994701605049834,0.08311738507145579,0.08292650704976959,0.08360178584747122,0.9919226749542698,,0.9919196605484192,0.00808033945158082,0.9804405159608365,0.09955931329026176,5,0.001,0.1,0.9682203695585605,0.981051507424138,0.9876274813131934,0.9889401981001589,0.9916108016836208,0.9908282477096237,0.9938331078160165,0.9961357382905943,0.9937923483456607,0.9946892354355602,0.9966095780426373,1.0
3,0,1.545688685276165,0.6159970781592403,8214,2.0943040237870325,0.5690284879474069,1369,2.0919076063381596,0.5633,0.9889703983320306,0.08215026461849036,0.08196596055984413,0.08348123916027465,0.9818488726730181,,0.9818482326673819,0.01815176733261814,0.9913197685456708,0.09968675365788673,5,0.001,0.1,1.0,0.9965010963995772,0.9932983191688636,0.9902495720277512,0.9869705706692729,0.9850013132669397,0.9837861034196765,0.9819632064696803,0.9780548142970067,0.980210310199288,0.9769280717154334,0.9776949543275762
3,1,1.670878465488119,0.6129905689078187,6574,2.0886349746159145,0.5611313868613139,1096,2.0919075994826732,0.5633,0.9956112790012024,0.08330019502323538,0.08310805709877107,0.08348123916027465,0.9955297493634151,,0.9955297165115358,0.004470283488464233,0.9913197669501429,0.09968675376319411,5,0.001,0.1,0.9965010963995772,1.0,0.9976039997899628,0.996026578417845,0.9941609352857917,0.9925908666884748,0.9919157186526948,0.9906343039819546,0.9873988331811405,0.989015733644431,0.986838243313373,0.9872373409411302
3,2,1.7427131710790138,0.6213384056717967,5783,2.0894767007520123,0.5674273858921162,964,2.0919075964357905,0.5633,0.9980286987916883,0.08352269356394112,0.08332901476390164,0.08348123916027465,0.9981765436294143,,0.9981732246933627,0.0018267753066373293,0.9913197672738976,0.09968675376466148,5,0.001,0.1,0.9932983191688636,0.9976039997899628,1.0,0.9975828810469632,0.9964377032143756,0.9949646961209725,0.9955155304137137,0.9950053226067395,0.9916143950034275,0.9928933580520376,0.9916866936490427,0.9921436496558561
3,3,1.7807323853653598,0.6128617363344051,5287,2.0907143439565385,0.5573212258796821,881,2.0919075926271873,0.5633,0.9986449248959155,0.08367598431472777,0.08348123916027465,0.08348123916027465,0.9999999999880212,,0.9999951672610935,4.83273890650171e-06,0.9913197674416426,0.09968675376477744,5,0.001,0.1,0.9902495720277512,0.996026578417845,0.9975828810469632,1.0,0.9973740925150901,0.9969293772891513,0.9969298367807868,0.9956120989319264,0.9933131838121124,0.994410072347039,0.9942770394640762,0.9933412876209851
3,4,1.81578141150936,0.5950557244174265,4935,2.0813564428916345,0.5815085158150851,822,2.091907590342025,0.5633,0.9986994897684975,0.08366628573414653,0.08347160816244162,0.08348123916027465,0.9998846327758212,,0.9998840142662453,0.00011598573375470878,0.9913197674425334,0.0996867537647774,5,0.001,0.1,0.9869705706692729,0.9941609352857917,0.9964377032143756,0.9973740925150901,1.0,0.9973441932926606,0.9970751555685895,0.9971889278734989,0.9950320506209656,0.9947672784796788,0.9952820523375959,0.9950119289144164
3,5,1.8217760523704634,0.5906578101564174,4667,2.0923424911499025,0.5796915167095116,778,2.0919075987209528,0.5633,0.9981581595038407,0.08349183213901128,0.08329836755340617,0.08348123916027465,0.9978094286847466,,0.9978059365364726,0.0021940634635273515,0.9913197670547534,0.09968675376458005,5,0.001,0.1,0.9850013132669397,0.9925908666884748,0.9949646961209725,0.9969293772891513,0.9973441932926606,1.0,0.9965369956263803,0.9963621558688186,0.9951634929991117,0.9950847417811796,0.9956745817160833,0.9944992056357596
3,6,1.8634972671100072,0.5895351448461711,4453,2.093278100093206,0.5390835579514824,742,2.091907594912349,0.5633,0.9985930630170258,0.08359679865707074,0.08340260483710449,0.08348123916027465,0.9990580599310671,,0.9990576159132427,0.0009423840867572864,0.9913197673961419,0.09968675376475947,5,0.001,0.1,0.9837861034196765,0.9919157186526948,0.9955155304137137,0.9969298367807868,0.9970751555685895,0.9965369956263803,1.0,0.997917027903912,0.9959091584557199,0.9958310995286673,0.9974150474109572,0.9964973856862943
3,7,1.8819068862431085,0.5998129530044424,4277,2.094092783720597,0.5722300140252454,713,2.0919075994826732,0.5633,0.9983321758235203,0.08348594688698086,0.08329252313402659,0.08348123916027465,0.9977394199086635,,0.9977382781917824,0.0022617218082175983,0.9913197670464847,0.09968675376456249,5,0.001,0.1,0.9819632064696803,0.9906343039819546,0.9950053226067395,0.9956120989319264,0.9971889278734989,0.9963621558688186,0.997917027903912,1.0,0.9961609610101947,0.9965066693840695,0.9972565702015127,0.9975843449532725
3,8,1.8975519218811623,0.5990796803100025,4129,2.0906926935369317,0.5726744186046512,688,2.0919076010061146,0.5633,0.9964299790787967,0.08327239281020221,0.08308044685042093,0.08348123916027465,0.9951990133965375,,0.9951962575269908,0.004803742473009187,0.9913197673112336,0.09968675376281232,5,0.001,0.1,0.9780548142970067,0.9873988331811405,0.9916143950034275,0.9933131838121124,0.9950320506209656,0.9951634929991117,0.9959091584557199,0.9961609610101947,1.0,0.9948396256379826,0.996463886774605,0.9954658264404148
3,9,1.9139148256135365,0.610947263184204,4001,2.090187208993094,0.568215892053973,667,2.091907597959232,0.5633,0.9970138537117799,0.08330498574269157,0.0831128147270773,0.08348123916027465,0.9955867397525614,,0.9955828766395066,0.00441712336049338,0.9913197672452236,0.09968675376325051,5,0.001,0.1,0.980210310199288,0.989015733644431,0.9928933580520376,0.994410072347039,0.9947672784796788,0.9950847417811796,0.9958310995286673,0.9965066693840695,0.9948396256379826,1.0,0.9965180102932282,0.9963550234665328
3,10,1.9203088240545305,0.5955258421187966,3889,2.0940419265202115,0.5509259259259259,648,2.091907597959232,0.5633,0.9969803543579806,0.08333453133082738,0.08314215614991312,0.08348123916027465,0.9959382130072785,,0.9959356665796774,0.004064333420322641,0.9913197668390277,0.09968675376358993,5,0.001,0.1,0.9769280717154334,0.986838243313373,0.9916866936490427,0.9942770394640762,0.9952820523375959,0.9956745817160833,0.9974150474109572,0.9972565702015127,0.996463886774605,0.9965180102932282,1.0,0.9976266677483153
3,11,1.9300404376342517,0.6040094961751517,3791,2.1011028409004213,0.5284810126582279,632,2.09190759567407,0.5633,0.9967680956138357,0.0831980891786748,0.08300665563396525,0.08348123916027465,0.9943150876522978,,0.9943118663071109,0.005688133692889119,0.9913197677306712,0.09968675376150132,5,0.001,0.1,0.9776949543275762,0.9872373409411302,0.9921436496558561,0.9933412876209851,0.9950119289144164,0.9944992056357596,0.9964973856862943,0.9975843449532725,0.9954658264404148,0.9963550234665328,0.9976266677483153,1.0
4,0,1.4085317276331237,0.6371073776479181,8214,2.0069594771363013,0.5989773557341125,1369,2.003496174233409,0.596,0.9899885493376712,0.08237388061182759,0.08218807013258601,0.08340161848803702,0.9854493428492573,,0.9854486231526856,0.014551376847314446,0.9960714900498137,0.09972319542038466,5,0.001,0.1,1.0,0.9964968095538804,0.993784713498856,0.9911073347900801,0.9882896798493781,0.9862270248541727,0.9854940795010563,0.9834708958260542,0.9810939644418721,0.9820217705758156,0.9789160389039272,0.9802229535153231
4,1,1.5141330611937254,0.6334651658046851,6574,1.9995472499302456,0.6021897810218978,1096,2.003496169663085,0.596,0.9959795950268032,0.08327290322164548,0.08308095373879883,0.08340161848803702,0.9961551735320298,,0.996157972569374,0.003842027430626005,0.9960714907968495,0.09972319546867231,5,0.001,0.1,0.9964968095538804,1.0,0.997655751568489,0.9962649873331104,0.9947667664744569,0.9933341499861517,0.9926452155874592,0.9914534216645563,0.9893326691078551,0.9898834759405095,0.9879840962459644,0.9888690996593218
4,2,1.5778943210016956,0.6365554210617327,5783,2.0013409237707815,0.5912863070539419,964,2.0034961681396437,0.596,0.9981990257687139,0.08348109176917923,0.08328770169735611,0.08340161848803702,0.9986341177336278,,0.9986323348894752,0.001367665110524774,0.996071490607939,0.0997231954694263,5,0.001,0.1,0.993784713498856,0.997655751568489,1.0,0.9977922535250441,0.9966909764314105,0.9957370538316684,0.9958990618640915,0.995277172562059,0.9930616639278584,0.9935591084767373,0.992391642299125,0.9933270496489573
4,3,1.6143725757857403,0.6301494231132968,5287,2.001807749271393,0.6072644721906924,881,2.003496169663085,0.596,0.9988387989508087,0.08359580539898721,0.08340161848803702,0.08340161848803702,0.9999999999880097,,0.9999951672610935,4.83273890650171e-06,0.9960714905803665,0.09972319546946244,5,0.001,0.1,0.9911073347900801,0.9962649873331104,0.9977922535250441,1.0,0.997621484793286,0.9973793690545102,0.9971594751480272,0.9962478104548115,0.994778527856621,0.995217742938483,0.9947823897888374,0.9944294455333224
4,4,1.6499715507415034,0.6141438703140831,4935,1.9898093205231886,0.6167883211678832,822,2.003496169663085,0.596,0.9989349983680563,0.08359296125542112,0.08339879412718003,0.08340161848803702,0.999966135407104,,0.9999613380887484,3.866191125156959e-05,0.9960714905803353,0.09972319546946244,5,0.001,0.1,0.9882896798493781,0.9947667664744569,0.9966909764314105,0.997621484793286,1.0,0.997633615216835,0.9972387324187486,0.9973490326843516,0.9961877325321596,0.9962242694063147,0.9958075480645932,0.9960856578814813
4,5,1.6538610967871261,0.6197557317334476,4667,2.0042120027542114,0.609254498714653,778,2.0034961669970626,0.596,0.998561189691478,0.08347385162174285,0.08328051176933765,0.08340161848803702,0.9985479092385323,,0.9985453455891592,0.0014546544108408055,0.9960714906329663,0.09972319546941934,5,0.001,0.1,0.9862270248541727,0.9933341499861517,0.9957370538316684,0.9973793690545102,0.997633615216835,1.0,0.997126785080227,0.9969665718384062,0.9963010923645716,0.9963445297828318,0.9965398290022777,0.9958111735366807
4,6,1.6989010739326478,0.6104648551538289,4453,2.0045405675967536,0.5633423180592992,742,2.003496169663085,0.596,0.9986519918205338,0.08354118746875104,0.08334738022382318,0.08340161848803702,0.9993496737090183,,0.9993475802476296,0.0006524197523704034,0.9960714905838637,0.09972319546945835,5,0.001,0.1,0.9854940795010563,0.9926452155874592,0.9958990618640915,0.9971594751480272,0.9972387324187486,0.997126785080227,1.0,0.9978266717708792,0.9962419060255774,0.9964691719936617,0.9974168219417006,0.9969579698611264
4,7,1.7165791299805713,0.6199672667757774,4277,2.007048145584438,0.6016830294530154,713,2.003496169663085,0.596,0.9984287017335255,0.08346596224062752,0.08327267710101081,0.08340161848803702,0.9984539701943175,,0.9984535235499367,0.0015464764500633388,0.9960714906263229,0.0997231954694111,5,0.001,0.1,0.9834708958260542,0.9914534216645563,0.995277172562059,0.9962478104548115,0.9973490326843516,0.9969665718384062,0.9978266717708792,1.0,0.9969417987846821,0.996838888292083,0.9974910735149538,0.9979214093394277
4,8,1.7386829825548025,0.6219423589246791,4129,2.0000067299062554,0.6075581395348837,688,2.003496163188459,0.596,0.9971896685785756,0.08329492146981407,0.08310281996721985,0.08340161848803702,0.9964173534371344,,0.9964479369037609,0.003552063096239122,0.9960714907981469,0.09972319546884482,5,0.001,0.1,0.9810939644418721,0.9893326691078551,0.9930616639278584,0.994778527856621,0.9961877325321596,0.9963010923645716,0.9962419060255774,0.9969417987846821,1.0,0.9956711660790859,0.9970585325219132,0.9962806387347828
4,9,1.7515523800774226,0.6278430392401899,4001,2.0006364413670132,0.5832083958020989,667,2.003496163569319,0.596,0.9974042237466474,0.08332184788062186,0.08312956036227347,0.08340161848803702,0.9967379754530864,,0.9967379012381478,0.003262098761852239,0.9960714908420846,0.09972319546899147,5,0.001,0.1,0.9820217705758156,0.9898834759405095,0.9935591084767373,0.995217742938483,0.9962242694063147,0.9963445297828318,0.9964691719936617,0.996838888292083,0.9956711660790859,1.0,0.9967550997437405,0.9965404330923636
4,10,1.7616378371832802,0.6131653381331962,3889,2.005595122064863,0.5879629629629629,648,2.003496167377923,0.596,0.997185839231867,0.08333292371865055,0.08314055965033196,0.08340161848803702,0.9968698588416556,,0.9968683851886218,0.003131614811378247,0.996071490784249,0.09972319546904793,5,0.001,0.1,0.9789160389039272,0.9879840962459644,0.992391642299125,0.9947823897888374,0.9958075480645932,0.9965398290022777,0.9974168219417006,0.9974910735149538,0.9970585325219132,0.9967550997437405,1.0,0.9977277141336097
4,11,1.7712904545439392,0.6297546821419151,3791,2.014373576641083,0.5680379746835443,632,2.003496165473621,0.596,0.9972928447172419,0.0832526633427315,0.08306085353073658,0.08340161848803702,0.9959141685200601,,0.9959115028851451,0.004088497114854928,0.9960714907186496,0.09972319546849687,5,0.001,0.1,0.9802229535153231,0.9888690996593218,0.9933270496489573,0.9944294455333224,0.9960856578814813,0.9958111735366807,0.9969579698611264,0.9979214093394277,0.9962806387347828,0.9965404330923636,0.9977277141336097,1.0
5,0,1.2985406146902982,0.6502800097394692,8214,1.9060621150704318,0.6179693206720234,1369,1.9013379218098454,0.6204,0.9903923029449133,0.08252482303646254,0.0823379910984178,0.08334838813246478,0.9878774256146495,,0.9878746580837223,0.012125341916277677,0.997668300130701,0.0997207497684942,5,0.001,0.1,1.0,0.9961336933946175,0.9936602497893371,0.9911751080231074,0.9886775663427839,0.9866938530946875,0.9861264324372894,0.9837699372563968,0.9814141290083694,0.9828773322444093,0.9800206522013118,0.9810957456398072
5,1,1.3864353203079076,0.6471554609066018,6574,1.8968424320220947,0.6377737226277372,1096,1.9013379168586608,0.6204,0.9959375127323354,0.08325550678043497,0.08306367735059675,0.08334838813246478,0.996584087716104,,0.9965832535931414,0.0034167464068586284,0.9976682996831222,0.09972074979513271,5,0.001,0.1,0.9961336933946175,1.0,0.9972437366247654,0.9957772840636692,0.994678314438695,0.9933626576135467,0.9926894489642198,0.9912515653844832,0.9891494260359242,0.99012988572808,0.9883069490165848,0.9891700803955248
5,2,1.4414901238120064,0.647068995331143,5783,1.8993694128528718,0.6047717842323651,964,1.9013379183821022,0.6204,0.9979939792506107,0.08344965432228785,0.08325648224530999,0.08334838813246478,0.9988973285481222,,0.9988933027904234,0.0011066972095765681,0.9976682997730811,0.09972074979566294,5,0.001,0.1,0.9936602497893371,0.9972437366247654,1.0,0.9972501774425,0.9962380870809103,0.9957859175093543,0.995696045813757,0.99503402133951,0.9923606617498495,0.9935623222923876,0.9922646000488285,0.9933494592237766
5,3,1.4746834859790572,0.6512199735199546,5287,1.8991229278700692,0.6367763904653803,881,1.9013379259993093,0.6204,0.9986803012267628,0.08354220242818367,0.08334838813246478,0.08334838813246478,0.9999999999880022,,0.9999951672610935,4.83273890650171e-06,0.9976682997963411,0.09972074979568162,5,0.001,0.1,0.9911751080231074,0.9957772840636692,0.9972501774425,1.0,0.9969850909360745,0.9972192193743009,0.997415190936084,0.99608933869304,0.9939599523689434,0.9952895761084005,0.9947439798413189,0.9947113594114343
5,4,1.5072095661009512,0.6293009118541033,4935,1.8843657695330107,0.6447688564476886,822,1.901337924475868,0.6204,0.9987332675400143,0.08354216779662253,0.08334835374148741,0.08334838813246478,0.9999995873708161,,0.9999951672610935,4.83273890650171e-06,0.9976682997963542,0.09972074979568162,5,0.001,0.1,0.9886775663427839,0.994678314438695,0.9962380870809103,0.9969850909360745,1.0,0.997187414642607,0.9967439883512244,0.9968891881693566,0.9959230702058676,0.9961405082269575,0.9956354988828919,0.9961265665241668
5,5,1.5068999663607714,0.6431112063424042,4667,1.9023086166381835,0.6336760925449871,778,1.9013379187629627,0.6204,0.9985701848109688,0.08346381944544928,0.08327054916432051,0.08334838813246478,0.9990661010862065,,0.9990624486521491,0.0009375513478508957,0.997668299779503,0.09972074979567021,5,0.001,0.1,0.9866938530946875,0.9933626576135467,0.9957859175093543,0.9972192193743009,0.997187414642607,1.0,0.9970815591949328,0.9971413847185859,0.9958185593284997,0.9963160092376135,0.9965941331402361,0.9960520143441489
5,6,1.54981511422566,0.6291039748484168,4453,1.9017921735843022,0.5889487870619946,742,1.9013379218098454,0.6204,0.9986674465885662,0.08350827547580755,0.0833146967738015,0.08334838813246478,0.9995957767100506,,0.9995940499318584,0.00040595006814159174,0.9976682998006703,0.09972074979568075,5,0.001,0.1,0.9861264324372894,0.9926894489642198,0.995696045813757,0.997415190936084,0.9967439883512244,0.9970815591949328,1.0,0.9980250192057025,0.9957732181141472,0.9966034593308672,0.9971840836118419,0.9970693030217641
5,7,1.566991196995351,0.6374561608604162,4277,1.906216201574906,0.6241234221598878,713,1.9013379176203815,0.6204,0.9983826995052879,0.08345292429353969,0.08325972954940823,0.08334838813246478,0.9989362891587706,,0.998931964701675,0.0010680352983249985,0.9976682997934564,0.0997207497956648,5,0.001,0.1,0.9837699372563968,0.9912515653844832,0.99503402133951,0.99608933869304,0.9968891881693566,0.9971413847185859,0.9980250192057025,1.0,0.9963761252758688,0.996860503521077,0.9975300112674615,0.9980128645431187
5,8,1.5945462986139152,0.6328408815693872,4129,1.8950066403909163,0.6293604651162791,688,1.90133791571608,0.6204,0.9968441893829232,0.08329829585828988,0.0831061710509636,0.08334838813246478,0.9970939200154257,,0.9970906911783184,0.002909308821681611,0.9976682996775303,0.09972074979534767,5,0.001,0.1,0.9814141290083694,0.9891494260359242,0.9923606617498495,0.9939599523689434,0.9959230702058676,0.9958185593284997,0.9957732181141472,0.9963761252758688,1.0,0.9952572212465335,0.9966926472421183,0.9958431513774076
5,9,1.5990076821947854,0.6435891027243189,4001,1.8974905184337072,0.6146926536731634,667,1.9013379168586608,0.6204,0.9975010923996248,0.08333603047119964,0.08314364492711489,0.08334838813246478,0.997543525304628,,0.997540135896618,0.002459864103381948,0.9976682996671803,0.09972074979548182,5,0.001,0.1,0.9828773322444093,0.99012988572808,0.9935623222923876,0.9952895761084005,0.9961405082269575,0.9963160092376135,0.9966034593308672,0.996860503521077,0.9952572212465335,1.0,0.9966825801965995,0.9967157804422309
5,10,1.6124615297942866,0.6314219593725894,3889,1.903306206067403,0.6111111111111112,648,1.9013379145734988,0.6204,0.9972410108945556,0.08333442742418536,0.08314205296153712,0.08334838813246478,0.9975244251682795,,0.9975208049409923,0.0024791950590077327,0.9976682997884624,0.09972074979547688,5,0.001,0.1,0.9800206522013118,0.9883069490165848,0.9922646000488285,0.9947439798413189,0.9956354988828919,0.9965941331402361,0.9971840836118419,0.9975300112674615,0.9966926472421183,0.9966825801965995,1.0,0.997637291161346
5,11,1.62123445482815,0.646953310472171,3791,1.913910347223282,0.5870253164556962,632,1.901337920286404,0.6204,0.9974481907536076,0.08329187266753711,0.0830997922194442,0.08334838813246478,0.9970173878633081,,0.9970133673558152,0.00298663264418475,0.9976682996784594,0.09972074979531964,5,0.001,0.1,0.9810957456398072,0.9891700803955248,0.9933494592237766,0.9947113594114343,0.9961265665241668,0.9960520143441489,0.9970693030217641,0.9980128645431187,0.9958431513774076,0.9967157804422309,0.997637291161346,1.0
6,0,1.209111411283916,0.6624299975651327,8214,1.793959759002508,0.6274653031409788,1369,1.7878217007786321,0.6378,0.9905051933046326,0.08262155971625719,0.08243407118197255,0.08331376035598743,0.9894412499058313,,0.9894404654894114,0.010559534510588553,0.9981964672860356,0.09971911681213186,5,0.001,0.1,1.0,0.9958851625776496,0.9935344050991526,0.9911213332645787,0.988677173744378,0.9866714003089606,0.9862720798871224,0.98383749080248,0.9826910265097772,0.9821868359164883,0.9805912431170971,0.9813211260307041
6,1,1.28154055094256,0.6612412534225738,6574,1.7828152418136596,0.6541970802919708,1096,1.7878217038255149,0.6378,0.9960309561804572,0.08324833167257686,0.08305655174368314,0.08331376035598743,0.9969127715253494,,0.9969118798387798,0.003088120161220176,0.9981964674328787,0.09971911683017644,5,0.001,0.1,0.9958851625776496,1.0,0.997010882327642,0.9957894382548454,0.9947211648753007,0.9933332097880193,0.9928850624102108,0.9913203238195173,0.9898710792660005,0.9897113031493305,0.9887950982121362,0.989493357172674
6,2,1.3275057242061552,0.6637731281341864,5783,1.7862362284814157,0.6307053941908713,964,1.7878217064915374,0.6378,0.9980487255020535,0.08343261551072692,0.08323956151668616,0.08331376035598743,0.9991094047371845,,0.9991059433023072,0.0008940566976928244,0.9981964673185756,0.09971911683060052,5,0.001,0.1,0.9935344050991526,0.997010882327642,1.0,0.9973205279834891,0.996165972170524,0.9959462439045146,0.9958623391302622,0.9951123644212501,0.9930893080698413,0.9927627277949341,0.992550691742893,0.9935560525398218
6,3,1.3558331659759384,0.6612445621335351,5287,1.78501216002873,0.6515323496027242,881,1.7878217076341185,0.6378,0.9986040140990556,0.08350733251264032,0.08331376035598743,0.08331376035598743,0.9999999999879972,,0.9999951672610935,4.83273890650171e-06,0.9981964673035761,0.09971911683061029,5,0.001,0.1,0.9911213332645787,0.9957894382548454,0.9973205279834891,1.0,0.9968050596077347,0.9970908764927928,0.9971394276022167,0.9958239298132111,0.9944848101919845,0.9945928722485069,0.9948247044532649,0.9945296399447346
