round,client_id,client_i_training_loss,client_i_training_accuracy,client_i_training_dataset_size,client_i_evaluation_loss,client_i_evaluation_accuracy,client_i_evaluation_dataset_size,client_i_central_evaluation_loss,client_i_central_evaluation_accuracy,client_i_cosine_similarity,client_i_importance_coefficient,client_i_tanh_val,tanh_normalization_value,client_i_q,client_i_mask_order,client_i_v_nonzero_fraction,client_i_v_sparsity,client_i_v_cosine_similarity,client_i_reward_gradient_norm,local_epochs,learning_rate,gamma,client_0_cosine_similarity,client_1_cosine_similarity,client_2_cosine_similarity,client_3_cosine_similarity,client_4_cosine_similarity,client_5_cosine_similarity,client_6_cosine_similarity,client_7_cosine_similarity,client_8_cosine_similarity,client_9_cosine_similarity,client_10_cosine_similarity,client_11_cosine_similarity
0,0,2.2227803353910094,0.1823228634039445,6845,2.2998247146606445,0.14974433893352812,1369,2.29834734639035,0.1457,0.8865406661660062,0.07894056916383094,,,,,,,0,0,10,0.025,0.15,1.0,0.9241513423794093,0.8525010142032882,0.8481297636850468,0.8320448079082288,0.8276490694168679,0.7437386655497947,0.7647994976130136,0.7440624006039834,0.7494403000943867,0.6958042731550341,0.7134077504850751
0,1,2.2702245263166208,0.15001825483753195,5478,2.2962126466963024,0.15693430656934307,1096,2.29834734639035,0.1457,0.9399754893064659,0.08369858592815911,,,,,,,0,0,10,0.025,0.15,0.9241513423794093,1.0,0.9099025059137894,0.926461208754225,0.9011613194166092,0.9034319352478293,0.8012014700530977,0.8307611093793822,0.8068428583601291,0.8231005327363329,0.7752852797539787,0.7873441445023067
0,2,2.2868487326722398,0.13431535269709544,4820,2.2990998923778534,0.1358921161825726,964,2.29834734639035,0.1457,0.9583143071683797,0.08533153608494326,,,,,,,0,0,10,0.025,0.15,0.8525010142032882,0.9099025059137894,1.0,0.9354343166820337,0.9341026970519682,0.9306115107837432,0.897864638206008,0.8434286126279286,0.8832462246992084,0.8735844987081066,0.7990235701220958,0.8552093207908221
0,3,2.290008713858468,0.14911484339536996,4406,2.2980450562068393,0.12145289443813848,881,2.29834734639035,0.1457,0.977176854265225,0.08701112085813145,,,,,,,0,0,10,0.025,0.15,0.8481297636850468,0.926461208754225,0.9354343166820337,1.0,0.9586885477683585,0.9416067781552394,0.8985999460973674,0.8946866346663788,0.9129297687115376,0.9219801697311862,0.858731227483057,0.8746831568845627
0,4,2.2908819487600613,0.15009727626459143,4112,2.294456822531564,0.15085158150851583,822,2.29834734639035,0.1457,0.9674681410764896,0.08614662431080256,,,,,,,0,0,10,0.025,0.15,0.8320448079082288,0.9011613194166092,0.9341026970519682,0.9586885477683585,1.0,0.9461511761638144,0.8924571794565116,0.8943324770350882,0.8920071370143601,0.8970972502719093,0.8518876593132575,0.8736961472041589
0,5,2.2917674003108854,0.16425816405245564,3889,2.3006907190595354,0.14138817480719795,778,2.29834734639035,0.1457,0.9664629929792541,0.08605712253618814,,,,,,,0,0,10,0.025,0.15,0.8276490694168679,0.9034319352478293,0.9306115107837432,0.9416067781552394,0.9461511761638144,1.0,0.8976574058232777,0.9003257795871112,0.8867475685958676,0.8996196779275322,0.847865151730021,0.8916839930512819
0,6,2.296509228903672,0.13667475074104016,3711,2.3001309633255005,0.14150943396226415,742,2.29834734639035,0.1457,0.9317552588883089,0.08296662890392753,,,,,,,0,0,10,0.025,0.15,0.7437386655497947,0.8012014700530977,0.897864638206008,0.8985999460973674,0.8924571794565116,0.8976574058232777,1.0,0.8981982755574415,0.8869986344985066,0.8934689725200454,0.8869270062798315,0.8912761642981942
0,7,2.296787065267563,0.13720538720538722,3564,2.2967242002487183,0.1640953716690042,713,2.29834734639035,0.1457,0.9275232028672242,0.08258979237088677,,,,,,,0,0,10,0.025,0.15,0.7647994976130136,0.8307611093793822,0.8434286126279286,0.8946866346663788,0.8943324770350882,0.9003257795871112,0.8981982755574415,1.0,0.8366048174592495,0.8700263836118434,0.9061239621871735,0.8792159934862016
0,8,2.2943736871083575,0.14193548387096774,3441,2.301522135734558,0.14244186046511628,688,2.29834734639035,0.1457,0.9284295481177348,0.08267049640699566,,,,,,,0,0,10,0.025,0.15,0.7440624006039834,0.8068428583601291,0.8832462246992084,0.9129297687115376,0.8920071370143601,0.8867475685958676,0.8869986344985066,0.8366048174592495,1.0,0.9528755470686123,0.8365051907690961,0.9160898988764232
0,9,2.2948906536455507,0.13155368926214758,3334,2.300626039505005,0.13343328335832083,667,2.29834734639035,0.1457,0.936414570779802,0.08338150973981397,,,,,,,0,0,10,0.025,0.15,0.7494403000943867,0.8231005327363329,0.8735844987081066,0.9219801697311862,0.8970972502719093,0.8996196779275322,0.8934689725200454,0.8700263836118434,0.9528755470686123,1.0,0.8520719129251317,0.9143828230775645
0,10,2.297719659255101,0.15087935822277074,3241,2.2998874187469482,0.15123456790123457,648,2.29834734639035,0.1457,0.8925869138399736,0.07947894743671108,,,,,,,0,0,10,0.025,0.15,0.6958042731550341,0.7752852797539787,0.7990235701220958,0.858731227483057,0.8518876593132575,0.847865151730021,0.8869270062798315,0.9061239621871735,0.8365051907690961,0.8520719129251317,1.0,0.8875119427816826
0,11,2.2971648054122924,0.1111111111111111,3159,2.297932577133179,0.15981012658227847,632,2.29834734639035,0.1457,0.9178343725292635,0.08172706625960967,,,,,,,0,0,10,0.025,0.15,0.7134077504850751,0.7873441445023067,0.8552093207908221,0.8746831568845627,0.8736961472041589,0.8916839930512819,0.8912761642981942,0.8792159934862016,0.9160898988764232,0.9143828230775645,0.8875119427816826,1.0
1,0,2.076628848799953,0.25105916727538347,6845,2.2891255508769643,0.18188458728999268,1369,2.2878812958922565,0.1884,0.9030207074089556,0.07838607433178474,,,,,,,0,0,10,0.025,0.15,1.0,0.951003245487759,0.9201728171233856,0.9079637567095655,0.8856655091242449,0.8851196579526064,0.8452354527811048,0.8406462008372521,0.8366466565303505,0.8370278780065158,0.8128772954926297,0.8049330550225877
1,1,2.1311254642730537,0.23842643300474625,5478,2.2856117884318032,0.2062043795620438,1096,2.2878812958922565,0.1884,0.951502822000254,0.08291670145334151,,,,,,,0,0,10,0.025,0.15,0.951003245487759,1.0,0.9567420916114213,0.9586701633816761,0.9407784358423736,0.9404037701528906,0.903763346037097,0.9016423268339853,0.8906386915217952,0.8952594149542112,0.8826020891836402,0.8671303066852067
1,2,2.180889505147934,0.20309128630705395,4820,2.2887935042381287,0.18983402489626555,964,2.2878812958922565,0.1884,0.9808228933781219,0.0848852862800377,,,,,,,0,0,10,0.025,0.15,0.9201728171233856,0.9567420916114213,1.0,0.9765241121219441,0.9709638762749667,0.9685275369825502,0.956441322022739,0.947894997557822,0.9451170064502294,0.9404211505187685,0.9229900675217856,0.9235181095442793
1,3,2.1899473084722247,0.2084657285519746,4406,2.2871446950095042,0.18047673098751418,881,2.2878812958922565,0.1884,0.98731198156057,0.08613799336328722,,,,,,,0,0,10,0.025,0.15,0.9079637567095655,0.9586701633816761,0.9765241121219441,1.0,0.9778851017863863,0.9780465806893431,0.9651755202279003,0.9614181128826182,0.9512144957376772,0.951183304486295,0.9436243445402849,0.9329376209087104
1,4,2.1990730224233683,0.21087062256809339,4112,2.284690652574812,0.20194647201946472,822,2.2878812958922565,0.1884,0.9836399354841945,0.085482382161394,,,,,,,0,0,10,0.025,0.15,0.8856655091242449,0.9407784358423736,0.9709638762749667,0.9778851017863863,1.0,0.9713426823844529,0.9643647565136988,0.9629940612419128,0.9545033246805442,0.9559383632325493,0.9390146084938147,0.9377751990016634
1,5,2.204303294612515,0.22249935716122396,3889,2.291273900440761,0.18123393316195371,778,2.2878812958922565,0.1884,0.9894634164833421,0.08561687914104416,,,,,,,0,0,10,0.025,0.15,0.8851196579526064,0.9404037701528906,0.9685275369825502,0.9780465806893431,0.9713426823844529,1.0,0.9747612461376456,0.9717711035509587,0.9648651271913039,0.9626499601309888,0.9599476549206334,0.9532156759644754
1,6,2.2383562630620495,0.19364052815952573,3711,2.2897254625956216,0.18059299191374664,742,2.2878812958922565,0.1884,0.984290130425904,0.08353260061718817,,,,,,,0,0,10,0.025,0.15,0.8452354527811048,0.903763346037097,0.956441322022739,0.9651755202279003,0.9643647565136988,0.9747612461376456,1.0,0.9769811198860852,0.9742767945294311,0.9693112958310726,0.971865136742151,0.9692193500781554
1,7,2.236195799282619,0.1962682379349046,3564,2.285593549410502,0.20476858345021037,713,2.2878812958922565,0.1884,0.9823458067662548,0.08323560681375347,,,,,,,0,0,10,0.025,0.15,0.8406462008372521,0.9016423268339853,0.947894997557822,0.9614181128826182,0.9629940612419128,0.9717711035509587,0.9769811198860852,1.0,0.971840264367113,0.974755656785789,0.9722200246113095,0.9668960271127038
1,8,2.2331679891656946,0.1877651845393781,3441,2.290862282117208,0.17587209302325582,688,2.2878812958922565,0.1884,0.9779705660229168,0.08314290076970664,,,,,,,0,0,10,0.025,0.15,0.8366466565303505,0.8906386915217952,0.9451170064502294,0.9512144957376772,0.9545033246805442,0.9648651271913039,0.9742767945294311,0.971840264367113,1.0,0.974932264464357,0.9628415638909263,0.9716538165223318
1,9,2.2307863416495146,0.19808038392321536,3334,2.2898268699645996,0.17391304347826086,667,2.2878812958922565,0.1884,0.9776550487210784,0.08357330104506186,,,,,,,0,0,10,0.025,0.15,0.8370278780065158,0.8952594149542112,0.9404211505187685,0.951183304486295,0.9559383632325493,0.9626499601309888,0.9693112958310726,0.974755656785789,0.974932264464357,1.0,0.962188934523897,0.9710694610280358
1,10,2.250089616041917,0.2134526380746683,3241,2.2907745838165283,0.19444444444444445,648,2.2878812958922565,0.1884,0.969623386554646,0.08089244980953059,,,,,,,0,0,10,0.025,0.15,0.8128772954926297,0.8826020891836402,0.9229900675217856,0.9436243445402849,0.9390146084938147,0.9599476549206334,0.971865136742151,0.9722200246113095,0.9628415638909263,0.962188934523897,1.0,0.9728072182530276
1,11,2.250069079399109,0.17258626147515035,3159,2.2870258331298827,0.185126582278481,632,2.2878812958922565,0.1884,0.9669248219535398,0.08219782421386988,,,,,,,0,0,10,0.025,0.15,0.8049330550225877,0.8671303066852067,0.9235181095442793,0.9329376209087104,0.9377751990016634,0.9532156759644754,0.9692193500781554,0.9668960271127038,0.9716538165223318,0.9710694610280358,0.9728072182530276,1.0
2,0,1.988521338171429,0.2846311176040906,6845,2.273707151412964,0.21037253469685901,1369,2.2726188490662396,0.2173,0.9123111222070523,0.07828544894254992,,,,,,,0,0,10,0.025,0.15,1.0,0.9502106406018658,0.9269389754938727,0.9141515027304375,0.8894341363098618,0.8956131442157674,0.8658750018948852,0.8587659642026217,0.8494500041013234,0.8459705004153775,0.8366964139479675,0.8281811852275984
2,1,2.0374622990918714,0.27157721796276013,5478,2.2699080838097467,0.23813868613138686,1096,2.2726188490662396,0.2173,0.9560042325613881,0.08251567016771418,,,,,,,0,0,10,0.025,0.15,0.9502106406018658,1.0,0.9554355365192503,0.9549670958984968,0.9366616346289991,0.9456153862352065,0.916547238686357,0.9122067843407701,0.9046876087826795,0.9001612277610507,0.9011640494342169,0.8895292207192206
2,2,2.090874958979456,0.2449792531120332,4820,2.273827850818634,0.229253112033195,964,2.2726188490662396,0.2173,0.979527490332564,0.08450166107791603,,,,,,,0,0,10,0.025,0.15,0.9269389754938727,0.9554355365192503,1.0,0.9709040559942291,0.9607768530760715,0.9586125583937875,0.9554578541757615,0.9518895982450536,0.9483330984018185,0.9383569573921184,0.9369617872382319,0.9360156053895976
2,3,2.0963883532796586,0.24557421697684975,4406,2.2711569241115024,0.20885357548240635,881,2.2726188490662396,0.2173,0.9871088413465088,0.08552463237036989,,,,,,,0,0,10,0.025,0.15,0.9141515027304375,0.9549670958984968,0.9709040559942291,1.0,0.9696669197351424,0.9725978644753751,0.9676447596495681,0.9634751403680282,0.9586067567519122,0.9529781436024671,0.9560197854697232,0.9460930421524972
2,4,2.1038708433960425,0.24533073929961088,4112,2.270110402788435,0.23479318734793186,822,2.2726188490662396,0.2173,0.9845983716145844,0.08503675675613988,,,,,,,0,0,10,0.025,0.15,0.8894341363098618,0.9366616346289991,0.9607768530760715,0.9696669197351424,1.0,0.9653391656209358,0.9690472629960176,0.9698446603563368,0.9610318012570286,0.9606752243973686,0.9594914272844246,0.9550853433514411
2,5,2.104361508354064,0.25536127539213166,3889,2.2773570673806325,0.21465295629820053,778,2.2726188490662396,0.2173,0.98507500898355,0.08513559217560507,,,,,,,0,0,10,0.025,0.15,0.8956131442157674,0.9456153862352065,0.9586125583937875,0.9725978644753751,0.9653391656209358,1.0,0.9688577993904903,0.9651329500601656,0.9621129942062935,0.9566729685591491,0.9581840108293258,0.9541391480079917
2,6,2.1418867098874057,0.23063864187550526,3711,2.2746119101842246,0.21159029649595687,742,2.2726188490662396,0.2173,0.9854317609274549,0.08385635462377185,,,,,,,0,0,10,0.025,0.15,0.8658750018948852,0.916547238686357,0.9554578541757615,0.9676447596495681,0.9690472629960176,0.9688577993904903,1.0,0.9762681333531282,0.9771670443875301,0.9651637330474168,0.9725343419600779,0.9721696811234256
2,7,2.134583808694567,0.23431537598204266,3564,2.2693668603897095,0.23422159887798036,713,2.2726188490662396,0.2173,0.9836529572143693,0.08361443308770215,,,,,,,0,0,10,0.025,0.15,0.8587659642026217,0.9122067843407701,0.9518895982450536,0.9634751403680282,0.9698446603563368,0.9651329500601656,0.9762681333531282,1.0,0.9753587178055811,0.9710713225293373,0.9703242582348617,0.9714471286193078
2,8,2.13723112433045,0.23254867770996804,3441,2.275771896044413,0.19040697674418605,688,2.2726188490662396,0.2173,0.980269145256619,0.08344671632183275,,,,,,,0,0,10,0.025,0.15,0.8494500041013234,0.9046876087826795,0.9483330984018185,0.9586067567519122,0.9610318012570286,0.9621129942062935,0.9771670443875301,0.9753587178055811,1.0,0.9683966144305294,0.9690846413964066,0.9719759397411782
2,9,2.131649662388696,0.2412717456508698,3334,2.273786187171936,0.1904047976011994,667,2.2726188490662396,0.2173,0.9749783175175556,0.08354081537794476,,,,,,,0,0,10,0.025,0.15,0.8459705004153775,0.9001612277610507,0.9383569573921184,0.9529781436024671,0.9606752243973686,0.9566729685591491,0.9651637330474168,0.9710713225293373,0.9683966144305294,1.0,0.9588898284450381,0.9658389657751614
2,10,2.1552935714905077,0.24541808083924715,3241,2.277318795522054,0.20833333333333334,648,2.2726188490662396,0.2173,0.9757757522477092,0.08190646427104463,,,,,,,0,0,10,0.025,0.15,0.8366964139479675,0.9011640494342169,0.9369617872382319,0.9560197854697232,0.9594914272844246,0.9581840108293258,0.9725343419600779,0.9703242582348617,0.9690846413964066,0.9588898284450381,1.0,0.9749380543325545
2,11,2.1609220967292786,0.22019626464070907,3159,2.271305704116821,0.22468354430379747,632,2.2726188490662396,0.2173,0.9733376623657521,0.08263545482740878,,,,,,,0,0,10,0.025,0.15,0.8281811852275984,0.8895292207192206,0.9360156053895976,0.9460930421524972,0.9550853433514411,0.9541391480079917,0.9721696811234256,0.9714471286193078,0.9719759397411782,0.9658389657751614,0.9749380543325545,1.0
3,0,1.9251175282178101,0.3072899926953981,6845,2.2526902718977495,0.21694667640613585,1369,2.251732596868201,0.229,0.9191827360344421,0.07851780279262613,,,,,,,0,0,10,0.025,0.15,1.0,0.9480124320956076,0.9274602634909548,0.9214614193888171,0.8975092066362259,0.9029053129696791,0.8757472026310422,0.8656942749656521,0.8529198125511024,0.8476320558611794,0.8426814546944839,0.835231429376294
3,1,1.972758156477019,0.29545454545454547,5478,2.2485416730244956,0.25364963503649635,1096,2.251732596868201,0.229,0.9565743129355028,0.08236002261673431,,,,,,,0,0,10,0.025,0.15,0.9480124320956076,1.0,0.9506459511985614,0.9523619200178831,0.9360856346949392,0.9407980100631186,0.9172302698475243,0.9109653127238014,0.902568690312424,0.8965654351770922,0.9009793297155465,0.8923165764516526
3,2,2.024718594864795,0.269896265560166,4820,2.2535169422626495,0.24481327800829875,964,2.251732596868201,0.229,0.975766092673267,0.08421727432010194,,,,,,,0,0,10,0.025,0.15,0.9274602634909548,0.9506459511985614,1.0,0.965267246759234,0.9551558455561989,0.9527927287643044,0.9489369223792414,0.9453543755757956,0.9400864599701503,0.9259490729745415,0.9276686232404542,0.9298074952762634
3,3,2.027467212677002,0.2747843849296414,4406,2.249432052884783,0.22587968217934165,881,2.251732596868201,0.229,0.9831507561690949,0.08509233863274929,,,,,,,0,0,10,0.025,0.15,0.9214614193888171,0.9523619200178831,0.965267246759234,1.0,0.962940060054333,0.9667264499281584,0.9599982365967169,0.9544355037167138,0.9499722019234342,0.9392213386132795,0.945005476042966,0.9367760490434484
3,4,2.0345475297985653,0.2660749027237354,4112,2.249858856201172,0.25060827250608275,822,2.251732596868201,0.229,0.9821103106005179,0.08475596246043168,,,,,,,0,0,10,0.025,0.15,0.8975092066362259,0.9360856346949392,0.9551558455561989,0.962940060054333,1.0,0.9590589314231115,0.9625585673678293,0.9617226159701853,0.9531510081868029,0.9496604020870802,0.9517936513229949,0.9514863741484646
3,5,2.031170824650795,0.2799434301877089,3889,2.2581117834363664,0.2236503856041131,778,2.251732596868201,0.229,0.9811589354505158,0.0847861903270068,,,,,,,0,0,10,0.025,0.15,0.9029053129696791,0.9407980100631186,0.9527927287643044,0.9667264499281584,0.9590589314231115,1.0,0.9613714852707653,0.9540892723624562,0.9532072144059394,0.9428090960597513,0.9493979477009223,0.9471085130325643
3,6,2.069477605819702,0.26011856642414444,3711,2.253993352254232,0.2223719676549865,742,2.251732596868201,0.229,0.9832104825058301,0.08406013365035223,,,,,,,0,0,10,0.025,0.15,0.8757472026310422,0.9172302698475243,0.9489369223792414,0.9599982365967169,0.9625585673678293,0.9613714852707653,1.0,0.9681139705813965,0.9706925902783158,0.9549253457515375,0.9660805600962125,0.9677532258366361
3,7,2.0579433679580688,0.26405723905723905,3564,2.247304360071818,0.2482468443197756,713,2.251732596868201,0.229,0.9803034067275984,0.08381532210276184,,,,,,,0,0,10,0.025,0.15,0.8656942749656521,0.9109653127238014,0.9453543755757956,0.9544355037167138,0.9617226159701853,0.9540892723624562,0.9681139705813965,1.0,0.9679701612974044,0.9590576101054902,0.9647421117509426,0.9671408254766112
3,8,2.0620202916639823,0.25986631793083403,3441,2.2551244497299194,0.20203488372093023,688,2.251732596868201,0.229,0.9765901809157121,0.08359020816256633,,,,,,,0,0,10,0.025,0.15,0.8529198125511024,0.902568690312424,0.9400864599701503,0.9499722019234342,0.9531510081868029,0.9532072144059394,0.9706925902783158,0.9679701612974044,1.0,0.9566237558976841,0.9625904496283544,0.9657626304536024
3,9,2.0656778543083756,0.2596880623875225,3334,2.251689831415812,0.21139430284857572,667,2.251732596868201,0.229,0.9683209553701084,0.08337874820903987,,,,,,,0,0,10,0.025,0.15,0.8476320558611794,0.8965654351770922,0.9259490729745415,0.9392213386132795,0.9496604020870802,0.9428090960597513,0.9549253457515375,0.9590576101054902,0.9566237558976841,1.0,0.9500706288612127,0.9568442592668902
3,10,2.078164466527792,0.2701018204257945,3241,2.258602817853292,0.2006172839506173,648,2.251732596868201,0.229,0.972478631236725,0.08250127358582544,,,,,,,0,0,10,0.025,0.15,0.8426814546944839,0.9009793297155465,0.9276686232404542,0.945005476042966,0.9517936513229949,0.9493979477009223,0.9660805600962125,0.9647421117509426,0.9625904496283544,0.9500706288612127,1.0,0.9671543840482368
3,11,2.0868177309036255,0.250553972776195,3159,2.249912738800049,0.23417721518987342,632,2.251732596868201,0.229,0.9716067315432466,0.08292472313980419,,,,,,,0,0,10,0.025,0.15,0.835231429376294,0.8923165764516526,0.9298074952762634,0.9367760490434484,0.9514863741484646,0.9471085130325643,0.9677532258366361,0.9671408254766112,0.9657626304536024,0.9568442592668902,0.9671543840482368,1.0
4,0,1.8764253664899755,0.3246018991964938,6845,2.225856065750122,0.24324324324324326,1369,2.22497947910164,0.2519,0.9301787410232311,0.07904664407506508,,,,,,,0,0,10,0.025,0.15,1.0,0.9479991991505747,0.9317606713959308,0.9298944559317385,0.9024813469127617,0.9104577165214776,0.8903011274003041,0.883360753292912,0.8671852472363916,0.8639887090271632,0.8571236722969964,0.8507537062886967
4,1,1.9225239019061244,0.31244979919678717,5478,2.2213498751322427,0.26824817518248173,1096,2.22497947910164,0.2519,0.9594118464321937,0.0823832663915921,,,,,,,0,0,10,0.025,0.15,0.9479991991505747,1.0,0.9502602307453581,0.9506199299675813,0.9326847462105446,0.9398420417858057,0.9207721128005023,0.9165060672945339,0.9055736416302744,0.9024334962454548,0.9067473560309308,0.8983159296464287
4,2,1.971837770311456,0.28778008298755187,4820,2.2277477979660034,0.266597510373444,964,2.22497947910164,0.2519,0.9746662198724204,0.08403279561058688,,,,,,,0,0,10,0.025,0.15,0.9317606713959308,0.9502602307453581,1.0,0.960871138653792,0.9505967673209363,0.950300427726333,0.9471636485211397,0.9425349120987777,0.9364601843205675,0.9255526206751241,0.9254275676446304,0.9255207032799194
4,3,1.9738395145961216,0.2951656831593282,4406,2.221895490373884,0.246311010215664,881,2.22497947910164,0.2519,0.9797418685807956,0.08474107307070367,,,,,,,0,0,10,0.025,0.15,0.9298944559317385,0.9506199299675813,0.960871138653792,1.0,0.9546019809150295,0.9592956658650238,0.9542916769087504,0.9498385831101172,0.9438840362319237,0.9344928861466787,0.9354856074437653,0.931529178056485
4,4,1.9755572561061743,0.28309824902723735,4112,2.223521879741124,0.2725060827250608,822,2.22497947910164,0.2519,0.9782982834835651,0.0844853732541096,,,,,,,0,0,10,0.025,0.15,0.9024813469127617,0.9326847462105446,0.9505967673209363,0.9546019809150295,1.0,0.9530488052952094,0.9566325027399034,0.9554360673576493,0.9471500930125224,0.9443882831412184,0.945082942386257,0.9445924205083366
4,5,1.9735179155103622,0.2981229107739779,3889,2.233340399605887,0.2403598971722365,778,2.22497947910164,0.2519,0.9787953086053425,0.08452033873325374,,,,,,,0,0,10,0.025,0.15,0.9104577165214776,0.9398420417858057,0.950300427726333,0.9592956658650238,0.9530488052952094,1.0,0.9556466555622941,0.9511300623905061,0.9476546023174848,0.9422707069148536,0.9415184040094007,0.9417330223208211
4,6,2.011242373647361,0.28043654001616813,3711,2.2274200121561685,0.2560646900269542,742,2.22497947910164,0.2519,0.9807170099286658,0.08413283092797062,,,,,,,0,0,10,0.025,0.15,0.8903011274003041,0.9207721128005023,0.9471636485211397,0.9542916769087504,0.9566325027399034,0.9556466555622941,1.0,0.9591327954788158,0.9625373146055429,0.951633131328207,0.9555877018291078,0.9607880502990588
4,7,1.9978950547320502,0.28159371492704827,3564,2.2191489537556968,0.27349228611500703,713,2.22497947910164,0.2519,0.9782872077814427,0.08390172321858591,,,,,,,0,0,10,0.025,0.15,0.883360753292912,0.9165060672945339,0.9425349120987777,0.9498385831101172,0.9554360673576493,0.9511300623905061,0.9591327954788158,1.0,0.95977496980885,0.9528011312552568,0.9566018330113903,0.9589988277376367
4,8,2.004376643675345,0.28061609997093867,3441,2.2283664544423423,0.23546511627906977,688,2.22497947910164,0.2519,0.9738849411135898,0.08361845520819385,,,,,,,0,0,10,0.025,0.15,0.8671852472363916,0.9055736416302744,0.9364601843205675,0.9438840362319237,0.9471500930125224,0.9476546023174848,0.9625373146055429,0.95977496980885,1.0,0.9524442489807985,0.9531782676115897,0.9583873873288756
4,9,2.0155382615548594,0.28149370125974804,3334,2.2234617869059243,0.22488755622188905,667,2.22497947910164,0.2519,0.9680678720245174,0.08329747951491367,,,,,,,0,0,10,0.025,0.15,0.8639887090271632,0.9024334962454548,0.9255526206751241,0.9344928861466787,0.9443882831412184,0.9422707069148536,0.951633131328207,0.9528011312552568,0.9524442489807985,1.0,0.9473174769484358,0.9495641873846307
4,10,2.019962278696207,0.29191607528540575,3241,2.2341858943303428,0.2222222222222222,648,2.22497947910164,0.2519,0.9692893392223006,0.08279322451569296,,,,,,,0,0,10,0.025,0.15,0.8571236722969964,0.9067473560309308,0.9254275676446304,0.9354856074437653,0.945082942386257,0.9415184040094007,0.9555877018291078,0.9566018330113903,0.9531782676115897,0.9473174769484358,1.0,0.9572069749369572
4,11,2.029195949554443,0.27033871478315924,3159,2.2225129127502443,0.2626582278481013,632,2.22497947910164,0.2519,0.9690133012641979,0.08304679547933191,,,,,,,0,0,10,0.025,0.15,0.8507537062886967,0.8983159296464287,0.9255207032799194,0.931529178056485,0.9445924205083366,0.9417330223208211,0.9607880502990588,0.9589988277376367,0.9583873873288756,0.9495641873846307,0.9572069749369572,1.0
5,0,1.8330451726913453,0.3383199415631848,6845,2.19379921392961,0.268809349890431,1369,2.1928967765614957,0.2747,0.9342560206293853,0.07953440708145788,,,,,,,0,0,10,0.025,0.15,1.0,0.9445023106576339,0.9306780578836991,0.9272657632187743,0.9066904631627152,0.9128160324779492,0.8974216386385858,0.8912757640078797,0.8751110286601441,0.8680751595361506,0.8626817158235116,0.8556695514674599
5,1,1.8753802293954893,0.32497261774370206,5478,2.189001613193088,0.2956204379562044,1096,2.1928967765614957,0.2747,0.9614720078508874,0.08249267302728393,,,,,,,0,0,10,0.025,0.15,0.9445023106576339,1.0,0.9482761098664866,0.9473412357140683,0.9350912356474902,0.9385050255738746,0.9239534755369189,0.9224770921985578,0.9096142409738452,0.9040856835198214,0.9084837390400665,0.9028700745539127
5,2,1.9252949184493016,0.3042323651452282,4820,2.197151690721512,0.28526970954356845,964,2.1928967765614957,0.2747,0.9756860654968024,0.08397994203821223,,,,,,,0,0,10,0.025,0.15,0.9306780578836991,0.9482761098664866,1.0,0.957332586439956,0.9495386478588432,0.9485551009875074,0.9486895807239799,0.9432727539657481,0.9376970780895201,0.9253011124133137,0.9283316213387426,0.9303836302632772
5,3,1.9229783691678728,0.31532001815705857,4406,2.1891043867383684,0.27014755959137343,881,2.1928967765614957,0.2747,0.9784533723382769,0.08450963698255858,,,,,,,0,0,10,0.025,0.15,0.9272657632187743,0.9473412357140683,0.957332586439956,1.0,0.951674549187615,0.9551558426325518,0.9518213254351366,0.9511297608147827,0.9427021013421567,0.9304707342198743,0.934062703943974,0.9305573009818134
5,4,1.9317323355963736,0.29722762645914397,4112,2.1915363243647983,0.3029197080291971,822,2.1928967765614957,0.2747,0.9769733089128524,0.08430270419852824,,,,,,,0,0,10,0.025,0.15,0.9066904631627152,0.9350912356474902,0.9495386478588432,0.951674549187615,1.0,0.9514647743625527,0.9530539445016952,0.952077205421428,0.9429858666773294,0.9356689015125517,0.9403104335958281,0.942875032514533
5,5,1.9233028215746726,0.314116739521728,3889,2.2038755076272145,0.2699228791773779,778,2.1928967765614957,0.2747,0.9769855803565604,0.08432479413034989,,,,,,,0,0,10,0.025,0.15,0.9128160324779492,0.9385050255738746,0.9485551009875074,0.9551558426325518,0.9514647743625527,1.0,0.9524724987938558,0.94933882932364,0.9442619664133681,0.9345730664208954,0.9370934895733513,0.9376007093396242
5,6,1.9648107360149252,0.29779035300458095,3711,2.1953553756078086,0.27358490566037735,742,2.1928967765614957,0.2747,0.978789694097216,0.08414332084036137,,,,,,,0,0,10,0.025,0.15,0.8974216386385858,0.9239534755369189,0.9486895807239799,0.9518213254351366,0.9530539445016952,0.9524724987938558,1.0,0.9527695408977055,0.9562523942965484,0.9426628621857162,0.9489769641368822,0.9541188572629837
5,7,1.9505721867084502,0.29503367003367004,3564,2.185631036758423,0.2805049088359046,713,2.1928967765614957,0.2747,0.9771619037332053,0.08394681974606319,,,,,,,0,0,10,0.025,0.15,0.8912757640078797,0.9224770921985578,0.9432727539657481,0.9511297608147827,0.952077205421428,0.94933882932364,0.9527695408977055,1.0,0.9540439853053383,0.9459597133627056,0.9492924912751793,0.9515360431595861
5,8,1.955185302540108,0.2959023539668701,3441,2.1957858006159463,0.2558139534883721,688,2.1928967765614957,0.2747,0.9720046425306399,0.08360273424739402,,,,,,,0,0,10,0.025,0.15,0.8751110286601441,0.9096142409738452,0.9376970780895201,0.9427021013421567,0.9429858666773294,0.9442619664133681,0.9562523942965484,0.9540439853053383,1.0,0.9449509332315338,0.9442123778550167,0.9508452443169906
5,9,1.9601584090126885,0.2922315536892621,3334,2.190067728360494,0.24887556221889057,667,2.1928967765614957,0.2747,0.9641488193294043,0.08314715664129305,,,,,,,0,0,10,0.025,0.15,0.8680751595361506,0.9040856835198214,0.9253011124133137,0.9304707342198743,0.9356689015125517,0.9345730664208954,0.9426628621857162,0.9459597133627056,0.9449509332315338,1.0,0.9391722549589371,0.9408289606363818
5,10,1.9685365993242998,0.30937982104288797,3241,2.2045994202295938,0.24382716049382716,648,2.1928967765614957,0.2747,0.9668263222715401,0.082921778499085,,,,,,,0,0,10,0.025,0.15,0.8626817158235116,0.9084837390400665,0.9283316213387426,0.934062703943974,0.9403104335958281,0.9370934895733513,0.9489769641368822,0.9492924912751793,0.9442123778550167,0.9391722549589371,1.0,0.9501837137948136
5,11,1.9804799823760986,0.28771763216207663,3159,2.189526319503784,0.2848101265822785,632,2.1928967765614957,0.2747,0.967284623372114,0.08309403256741256,,,,,,,0,0,10,0.025,0.15,0.8556695514674599,0.9028700745539127,0.9303836302632772,0.9305573009818134,0.942875032514533,0.9376007093396242,0.9541188572629837,0.9515360431595861,0.9508452443169906,0.9408289606363818,0.9501837137948136,1.0
6,0,1.7965544826454587,0.35089846603360114,6845,2.1574233878742564,0.2892622352081812,1369,2.1564370801177204,0.2983,0.9397838493032358,0.08006119225430217,,,,,,,0,0,10,0.025,0.15,1.0,0.9426929219688144,0.9304824728861,0.9290230907620031,0.9081960052447332,0.9143761200727345,0.8996531584195393,0.8914542305942825,0.8849919610212571,0.8795070975194925,0.8731246667377548,0.8661255258728625
6,1,1.835957787757696,0.33997809419496167,5478,2.1522781319088407,0.3147810218978102,1096,2.1564370801177204,0.2983,0.9598213455669821,0.08255176139601411,,,,,,,0,0,10,0.025,0.15,0.9426929219688144,1.0,0.9444665671348179,0.9435778086262085,0.9284610928600285,0.9333732480089694,0.9185170349760756,0.9143835280034308,0.9093657873833975,0.9033199230305601,0.9085224637871021,0.9027772476896758
6,2,1.8839426570817044,0.31728215767634854,4820,2.1625610291957855,0.3153526970954357,964,2.1564370801177204,0.2983,0.9744191275675328,0.0839516721599511,,,,,,,0,0,10,0.025,0.15,0.9304824728861,0.9444665671348179,1.0,0.9509174318500987,0.9447761585637098,0.9443307320315895,0.9436561528095851,0.9357595982007162,0.93555712300022,0.9280625901586975,0.9277285763127817,0.9310487724534113
6,3,1.882653282369886,0.3297548797094871,4406,2.1517047541482106,0.29284903518728717,881,2.1564370801177204,0.2983,0.9756098936677863,0.0843193217999717,,,,,,,0,0,10,0.025,0.15,0.9290230907620031,0.9435778086262085,0.9509174318500987,1.0,0.9456114180742853,0.9493672302132626,0.9443585984577844,0.9435168683008069,0.9385476412639437,0.9283033546213101,0.929848714439696,0.9270136231300939
6,4,1.888077162251328,0.3114056420233463,4112,2.155141694205148,0.3236009732360097,822,2.1564370801177204,0.2983,0.9751652650302128,0.08417636592714305,,,,,,,0,0,10,0.025,0.15,0.9081960052447332,0.9284610928600285,0.9447761585637098,0.9456114180742853,1.0,0.9468702236513622,0.9487472536555596,0.9467285700061007,0.9414609014491192,0.9375004796295413,0.9356947278406945,0.9399959859825159
6,5,1.8820293284231617,0.3274363589611725,3889,2.1694091728755405,0.29048843187660667,778,2.1564370801177204,0.2983,0.974612324033364,0.08417201382277549,,,,,,,0,0,10,0.025,0.15,0.9143761200727345,0.9333732480089694,0.9443307320315895,0.9493672302132626,0.9468702236513622,1.0,0.9467981935855434,0.9403952232881423,0.9397908345047334,0.9311349028552421,0.9348504900149714,0.9366437288818428
6,6,1.921064170475664,0.3099164645648073,3711,2.158789952596029,0.3018867924528302,742,2.1564370801177204,0.2983,0.9756993774723539,0.08409489248027667,,,,,,,0,0,10,0.025,0.15,0.8996531584195393,0.9185170349760756,0.9436561528095851,0.9443585984577844,0.9487472536555596,0.9467981935855434,1.0,0.9444991632434147,0.9508080691202211,0.940775746485313,0.9422467069875159,0.9498762657212156
6,7,1.9021774458033698,0.3106060606060606,3564,2.1478150288263955,0.3127629733520337,713,2.1564370801177204,0.2983,0.9717719832674889,0.08384464457824019,,,,,,,0,0,10,0.025,0.15,0.8914542305942825,0.9143835280034308,0.9357595982007162,0.9435168683008069,0.9467285700061007,0.9403952232881423,0.9444991632434147,1.0,0.945212530913745,0.9355992250326489,0.9412440097863307,0.9454031521072981
6,8,1.9121293204802055,0.30970648067422263,3441,2.1588867902755737,0.2688953488372093,688,2.1564370801177204,0.2983,0.9705741348887514,0.08359196120377209,,,,,,,0,0,10,0.025,0.15,0.8849919610212571,0.9093657873833975,0.93555712300022,0.9385476412639437,0.9414609014491192,0.9397908345047334,0.9508080691202211,0.945212530913745,1.0,0.9432526824676019,0.9369101169632872,0.9443377854731272
6,9,1.9190444301675866,0.30839832033593284,3334,2.152104457219442,0.26686656671664166,667,2.1564370801177204,0.2983,0.9643353608389145,0.08310541624385157,,,,,,,0,0,10,0.025,0.15,0.8795070975194925,0.9033199230305601,0.9280625901586975,0.9283033546213101,0.9375004796295413,0.9311349028552421,0.940775746485313,0.9355992250326489,0.9432526824676019,1.0,0.9335039585253286,0.9372935554110992
6,10,1.9273813953766457,0.3211971613699475,3241,2.1715073585510254,0.2777777777777778,648,2.1564370801177204,0.2983,0.9650014811802274,0.08298729555979635,,,,,,,0,0,10,0.025,0.15,0.8731246667377548,0.9085224637871021,0.9277285763127817,0.929848714439696,0.9356947278406945,0.9348504900149714,0.9422467069875159,0.9412440097863307,0.9369101169632872,0.9335039585253286,1.0,0.9421938207534118
6,11,1.9341514897346497,0.30284900284900285,3159,2.1522029399871827,0.31329113924050633,632,2.1564370801177204,0.2983,0.9665094420948767,0.0831434625739055,,,,,,,0,0,10,0.025,0.15,0.8661255258728625,0.9027772476896758,0.9310487724534113,0.9270136231300939,0.9399959859825159,0.9366437288818428,0.9498762657212156,0.9454031521072981,0.9443377854731272,0.9372935554110992,0.9421938207534118,1.0
7,0,1.766617625510251,0.3581300219138057,6845,2.1174208467656914,0.30971512052593136,1369,2.116178542752809,0.3194,0.9392238166596006,0.08045572061519633,,,,,,,0,0,10,0.025,0.15,1.0,0.9354844752399205,0.926177445251904,0.9234255978502764,0.9039560271534954,0.9066857011071424,0.8978244253920424,0.8929210460644288,0.8852695908386923,0.8774464230713152,0.8690042750901934,0.8635083819862154
7,1,1.8025534469027853,0.35144213216502374,5478,2.1118495729234485,0.3284671532846715,1096,2.116178542752809,0.3194,0.9601769005565812,0.08268830712056252,,,,,,,0,0,10,0.025,0.15,0.9354844752399205,1.0,0.9388342599388672,0.9385334656646673,0.9259367075213535,0.9264044997961853,0.9173532105513379,0.9153581876491991,0.9110163046091708,0.9022396773760097,0.9075800802970679,0.9029434503293328
7,2,1.8477543310115212,0.32935684647302904,4820,2.124426543712616,0.33713692946058094,964,2.116178542752809,0.3194,0.9717872037211432,0.0839377454111178,,,,,,,0,0,10,0.025,0.15,0.926177445251904,0.9388342599388672,1.0,0.9463412245965406,0.9381740683409467,0.9368969165870594,0.936279149214702,0.9330576825646074,0.9300060726892152,0.9214484974641962,0.9217091151048957,0.9253386129694475
7,3,1.8435186549595424,0.34098955969133,4406,2.1106351784297397,0.3155505107832009,881,2.116178542752809,0.3194,0.973835249194494,0.08423314119594144,,,,,,,0,0,10,0.025,0.15,0.9234255978502764,0.9385334656646673,0.9463412245965406,1.0,0.93974334546135,0.941428867472869,0.9401698268011823,0.9410317442086389,0.9370573420765643,0.9235101224175122,0.9229244401246356,0.9233083425209789
7,4,1.8543175545605746,0.32514591439688717,4112,2.114551101412092,0.33941605839416056,822,2.116178542752809,0.3194,0.9710364348032031,0.0840527990538638,,,,,,,0,0,10,0.025,0.15,0.9039560271534954,0.9259367075213535,0.9381740683409467,0.93974334546135,1.0,0.9396754864901412,0.9402254626994723,0.9387192402450213,0.9348969098109893,0.9244984872369755,0.9278798631047991,0.930712082263812
7,5,1.8382461513242414,0.3429159166880946,3889,2.1313048090253557,0.30848329048843187,778,2.116178542752809,0.3194,0.9702617124296228,0.08402476129237098,,,,,,,0,0,10,0.025,0.15,0.9066857011071424,0.9264044997961853,0.9368969165870594,0.941428867472869,0.9396754864901412,1.0,0.9402569491212971,0.9335537170483695,0.9333081722272273,0.9220256934580556,0.9262975662202328,0.9290346343398036
7,6,1.8836159981530287,0.3230396119644301,3711,2.118216633796692,0.3247978436657682,742,2.116178542752809,0.3194,0.9724959130216511,0.08404990450010363,,,,,,,0,0,10,0.025,0.15,0.8978244253920424,0.9173532105513379,0.936279149214702,0.9401698268011823,0.9402254626994723,0.9402569491212971,1.0,0.9387749939667233,0.9436334161503074,0.9311072641180864,0.9322127002017674,0.943261655036349
7,7,1.8662546013082777,0.3242985409652076,3564,2.1064812342325845,0.32959326788218796,713,2.116178542752809,0.3194,0.9701811381284511,0.08381872922757139,,,,,,,0,0,10,0.025,0.15,0.8929210460644288,0.9153581876491991,0.9330576825646074,0.9410317442086389,0.9387192402450213,0.9335537170483695,0.9387749939667233,1.0,0.9408809572938333,0.9297110652088342,0.9339447936849051,0.9364009604378899
7,8,1.8733722143703038,0.3235106073815751,3441,2.1179818312327066,0.2936046511627907,688,2.116178542752809,0.3194,0.9685126033502334,0.08360717311188257,,,,,,,0,0,10,0.025,0.15,0.8852695908386923,0.9110163046091708,0.9300060726892152,0.9370573420765643,0.9348969098109893,0.9333081722272273,0.9436334161503074,0.9408809572938333,1.0,0.933975256173727,0.9287883724236327,0.9360909051994528
7,9,1.87612297711549,0.32546490701859626,3334,2.1108261744181314,0.3028485757121439,667,2.116178542752809,0.3194,0.959710766613989,0.0830170547230703,,,,,,,0,0,10,0.025,0.15,0.8774464230713152,0.9022396773760097,0.9214484974641962,0.9235101224175122,0.9244984872369755,0.9220256934580556,0.9311072641180864,0.9297110652088342,0.933975256173727,1.0,0.9216470290796186,0.9259387454659962
7,10,1.8853960802921883,0.33699475470533785,3241,2.134581963221232,0.3117283950617284,648,2.116178542752809,0.3194,0.9606173926767342,0.0829733124254772,,,,,,,0,0,10,0.025,0.15,0.8690042750901934,0.9075800802970679,0.9217091151048957,0.9229244401246356,0.9278798631047991,0.9262975662202328,0.9322127002017674,0.9339447936849051,0.9287883724236327,0.9216470290796186,1.0,0.931811518723201
7,11,1.8986821308135986,0.3156695156695157,3159,2.11100811958313,0.3259493670886076,632,2.116178542752809,0.3194,0.9627889544328835,0.08314135132284192,,,,,,,0,0,10,0.025,0.15,0.8635083819862154,0.9029434503293328,0.9253386129694475,0.9233083425209789,0.930712082263812,0.9290346343398036,0.943261655036349,0.9364009604378899,0.9360909051994528,0.9259387454659962,0.931811518723201,1.0
8,0,1.7371205654409196,0.3703871439006574,6845,2.0741998065601694,0.31848064280496713,1369,2.072513927387286,0.337,0.938037772181583,0.08080423299231478,,,,,,,0,0,10,0.025,0.15,1.0,0.927562573307726,0.9189316685958357,0.9164412414336235,0.8979143174423514,0.9021863921519923,0.8954450690625909,0.8877825829970174,0.882693446883496,0.8593254731659283,0.8690797703189774,0.8595681653473556
8,1,1.7680175052132718,0.3610259218692954,5478,2.068446159362793,0.34397810218978103,1096,2.072513927387286,0.337,0.9575495262306833,0.08283297011360916,,,,,,,0,0,10,0.025,0.15,0.927562573307726,1.0,0.9302228732654633,0.9322922674892181,0.917649961686226,0.9229562672369748,0.9120246273049546,0.9112305507215068,0.9056431636240171,0.8797705623530088,0.9037821977835239,0.8961498987609008
8,2,1.8102743876607794,0.34116182572614107,4820,2.0831392109394073,0.34854771784232363,964,2.072513927387286,0.337,0.9677858192429281,0.08394594611118403,,,,,,,0,0,10,0.025,0.15,0.9189316685958357,0.9302228732654633,1.0,0.9372384660762194,0.9273283792113562,0.9310940541303362,0.9284722109927513,0.9252543363332612,0.9227391916261161,0.8994699809518896,0.9184153764029994,0.9164802338315352
8,3,1.8055584917749676,0.3554698138901498,4406,2.0664448738098145,0.3439273552780931,881,2.072513927387286,0.337,0.9699710483943343,0.08420138537634521,,,,,,,0,0,10,0.025,0.15,0.9164412414336235,0.9322922674892181,0.9372384660762194,1.0,0.9291870835204362,0.9359724764508399,0.9314224522130277,0.9345407134752711,0.9294385721174188,0.9034936020588432,0.9161308760609557,0.9142303244066676
