round,client_id,client_i_training_loss,client_i_training_accuracy,client_i_training_dataset_size,client_i_evaluation_loss,client_i_evaluation_accuracy,client_i_evaluation_dataset_size,client_i_central_evaluation_loss,client_i_central_evaluation_accuracy,client_i_cosine_similarity,client_i_importance_coefficient,client_i_tanh_val,tanh_normalization_value,client_i_q,client_i_mask_order,client_i_v_nonzero_fraction,client_i_v_sparsity,client_i_v_cosine_similarity,client_i_reward_gradient_norm,local_epochs,learning_rate,gamma,client_0_cosine_similarity,client_1_cosine_similarity,client_2_cosine_similarity,client_3_cosine_similarity,client_4_cosine_similarity,client_5_cosine_similarity,client_6_cosine_similarity,client_7_cosine_similarity,client_8_cosine_similarity,client_9_cosine_similarity,client_10_cosine_similarity,client_11_cosine_similarity
0,0,0.2750423193231573,0.9155101046992938,8214,2.2011279283567915,0.3060628195763331,1369,2.2047717670282236,0.304,0.8009076975341191,0.08670219948386289,,,,,,,0,0,5,0.1,0.5,1.0,0.5754914648485857,0.5662587567591723,0.563412559129352,0.5881653053809692,0.5702794206084622,0.5620508759894919,0.5751164422225399,0.4614130965316326,0.5220855793820476,0.5811734632641956,0.570489720948018
0,1,0.31095107257076837,0.903985397018558,6574,2.2040836334228517,0.30383211678832117,1096,2.2047717670282236,0.304,0.796164823122965,0.08618875998941318,,,,,,,0,0,5,0.1,0.5,0.5754914648485857,1.0,0.5682319055473135,0.5822376144569,0.585938905495553,0.5783830926062947,0.5711387735436221,0.595323472719256,0.4772640110376409,0.5262567393370594,0.5919744969766234,0.593472034410659
0,2,0.33482493937262514,0.8969393048590697,5783,2.199264303330452,0.32053941908713696,964,2.2047717670282236,0.304,0.7804796082403734,0.08449075829223288,,,,,,,0,0,5,0.1,0.5,0.5662587567591723,0.5682319055473135,1.0,0.5732836228118714,0.5959050551118148,0.570542732242457,0.5659233025199892,0.5855536189982017,0.45800595558075236,0.5194473328134765,0.5933349137510141,0.5645005642985742
0,3,0.3336025956053152,0.8936637034234916,5287,2.2031199080603465,0.3030646992054484,881,2.2047717670282236,0.304,0.7814837710386847,0.08459946385658383,,,,,,,0,0,5,0.1,0.5,0.563412559129352,0.5822376144569,0.5732836228118714,1.0,0.5884659912623375,0.5723479331634062,0.5611355044182245,0.5870532582303086,0.4744802372425685,0.5198555256217127,0.5887531599075928,0.6122309675440154
0,4,0.3368191946658396,0.8946707193515704,4935,2.206621527671814,0.30656934306569344,822,2.2047717670282236,0.304,0.7982266939108796,0.08641196764856558,,,,,,,0,0,5,0.1,0.5,0.5881653053809692,0.585938905495553,0.5959050551118148,0.5884659912623375,1.0,0.5962248919325143,0.5908787093142692,0.6018567393656032,0.4958842101908059,0.556860514806519,0.6084786873428855,0.5973517611804856
0,5,0.35066020829373434,0.8911506320977073,4667,2.205303726196289,0.29048843187660667,778,2.2047717670282236,0.304,0.7800367031087795,0.08444281163222435,,,,,,,0,0,5,0.1,0.5,0.5702794206084622,0.5783830926062947,0.570542732242457,0.5723479331634062,0.5962248919325143,1.0,0.5861698553151128,0.5847151552235103,0.4837257353928784,0.5353998816739807,0.5879144903823497,0.5979481635784751
0,6,0.3739349834647562,0.8821019537390523,4453,2.202814737955729,0.3018867924528302,742,2.2047717670282236,0.304,0.7705966614127702,0.08342088066466924,,,,,,,0,0,5,0.1,0.5,0.5620508759894919,0.5711387735436221,0.5659233025199892,0.5611355044182245,0.5908787093142692,0.5861698553151128,1.0,0.5818215211792361,0.4865712671937429,0.53762566220131,0.580856603113854,0.570758148992551
0,7,0.3744783157705149,0.8824877250409165,4277,2.2015414963597837,0.2917251051893408,713,2.2047717670282236,0.304,0.7826788318293545,0.08472883506800682,,,,,,,0,0,5,0.1,0.5,0.5751164422225399,0.595323472719256,0.5855536189982017,0.5870532582303086,0.6018567393656032,0.5847151552235103,0.5818215211792361,1.0,0.47186248736864383,0.5288761812130615,0.6136367780109769,0.5809685827674267
0,8,0.47191063757674645,0.8643255025429886,4129,2.207187121564692,0.3241279069767442,688,2.2047717670282236,0.304,0.661381241460368,0.07159777401132902,,,,,,,0,0,5,0.1,0.5,0.4614130965316326,0.4772640110376409,0.45800595558075236,0.4744802372425685,0.4958842101908059,0.4837257353928784,0.4865712671937429,0.47186248736864383,1.0,0.46967157875989435,0.4846304907078326,0.48731624553033254
0,9,0.4232551440597317,0.871232191952012,4001,2.205149627867199,0.32533733133433285,667,2.2047717670282236,0.304,0.7214372434586501,0.07809913176015564,,,,,,,0,0,5,0.1,0.5,0.5220855793820476,0.5262567393370594,0.5194473328134765,0.5198555256217127,0.556860514806519,0.5353998816739807,0.53762566220131,0.5288761812130615,0.46967157875989435,1.0,0.5459952695589493,0.5372552561429152
0,10,0.3857311272795205,0.8785806119825148,3889,2.2092528570265997,0.27469135802469136,648,2.2047717670282236,0.304,0.786086278824311,0.08509770797308315,,,,,,,0,0,5,0.1,0.5,0.5811734632641956,0.5919744969766234,0.5933349137510141,0.5887531599075928,0.6084786873428855,0.5879144903823497,0.580856603113854,0.6136367780109769,0.4846304907078326,0.5459952695589493,1.0,0.5972973376195878
0,11,0.40621811223505927,0.870640991822738,3791,2.2108813285827638,0.2911392405063291,632,2.2047717670282236,0.304,0.7779758082284771,0.08421970961987338,,,,,,,0,0,5,0.1,0.5,0.570489720948018,0.593472034410659,0.5645005642985742,0.6122309675440154,0.5973517611804856,0.5979481635784751,0.570758148992551,0.5809685827674267,0.48731624553033254,0.5372552561429152,0.5972973376195878,1.0
1,0,0.24871256634274114,0.9231068906744583,8214,2.0469460265581,0.6362308254200146,1369,2.051825177555267,0.6378,0.7953556374568378,0.08494763635668413,,,,,,,0,0,5,0.1,0.5,1.0,0.6099621825232838,0.6104678294547853,0.611363535916583,0.6223487879444689,0.6192969454521001,0.6035498761223835,0.6125543371221357,0.6172319637325037,0.6093079319550072,0.6138027091767323,0.6128363209394809
1,1,0.2756754145053333,0.9143900212960147,6574,2.050871535709926,0.6487226277372263,1096,2.051825177555267,0.6378,0.8064685887515503,0.08499484850268288,,,,,,,0,0,5,0.1,0.5,0.6099621825232838,1.0,0.62294633518454,0.6243790852855889,0.6253464440531845,0.6334252953288158,0.619790997729573,0.6183033605811292,0.6412597979991497,0.6177934512738787,0.6174057147080335,0.6258326910660172
1,2,0.300658352076184,0.9091129171710185,5783,2.0425045451810284,0.6618257261410788,964,2.051825177555267,0.6378,0.8097469428910261,0.08398690747804406,,,,,,,0,0,5,0.1,0.5,0.6104678294547853,0.62294633518454,1.0,0.6309521835510065,0.6328773246632855,0.6365624059447272,0.6263243653177144,0.6217251844812812,0.6293003226157456,0.6246180438451077,0.6307398582981928,0.62753251852389
1,3,0.2926393401769764,0.9076602988462266,5287,2.050216589655195,0.619750283768445,881,2.051825177555267,0.6378,0.8147545678265334,0.08423288032326393,,,,,,,0,0,5,0.1,0.5,0.611363535916583,0.6243790852855889,0.6309521835510065,1.0,0.6375449685471714,0.6365254263382564,0.6296944740522306,0.633314074903516,0.6397209502278798,0.6352831898314205,0.6320574439885304,0.6331709790098141
1,4,0.2901432159470935,0.9118541033434651,4935,2.0562905073165894,0.6326034063260341,822,2.051825177555267,0.6378,0.8201067067885599,0.08561661367612511,,,,,,,0,0,5,0.1,0.5,0.6223487879444689,0.6253464440531845,0.6328773246632855,0.6375449685471714,1.0,0.6505039476458104,0.633951766441312,0.6410380318774169,0.6389466439247979,0.6322537045894826,0.6308982343822547,0.6414337143541555
1,5,0.3113817875822113,0.9048639382901221,4667,2.0505558347702024,0.6426735218508998,778,2.051825177555267,0.6378,0.8224446147849253,0.08439680313271919,,,,,,,0,0,5,0.1,0.5,0.6192969454521001,0.6334252953288158,0.6365624059447272,0.6365254263382564,0.6505039476458104,1.0,0.6374795186463138,0.6353169496826976,0.6410920505027402,0.6384729026703561,0.6441230911938808,0.6456791874775922
1,6,0.3174313528662814,0.9028969234224119,4453,2.0494983394940696,0.6347708894878706,742,2.051825177555267,0.6378,0.8111409973093946,0.08332846886366753,,,,,,,0,0,5,0.1,0.5,0.6035498761223835,0.619790997729573,0.6263243653177144,0.6296944740522306,0.633951766441312,0.6374795186463138,1.0,0.6335402418485547,0.6379874697800477,0.6351906559221591,0.6236908612153407,0.6333735683852333
1,7,0.3321810255827966,0.8969371054477437,4277,2.0495450859484463,0.6521739130434783,713,2.051825177555267,0.6378,0.8149484630355059,0.08432510489884572,,,,,,,0,0,5,0.1,0.5,0.6125543371221357,0.6183033605811292,0.6217251844812812,0.633314074903516,0.6410380318774169,0.6353169496826976,0.6335402418485547,1.0,0.6501553661282193,0.6306015219850429,0.6342295629965315,0.6358221603882768
1,8,0.3221157699135634,0.9017195446839429,4129,2.054449970071966,0.6351744186046512,688,2.051825177555267,0.6378,0.8171952957291404,0.07572693140898698,,,,,,,0,0,5,0.1,0.5,0.6172319637325037,0.6412597979991497,0.6293003226157456,0.6397209502278798,0.6389466439247979,0.6410920505027402,0.6379874697800477,0.6501553661282193,1.0,0.6360389827091836,0.6484031395574879,0.6422967351670644
1,9,0.3364018716993751,0.8950262434391402,4001,2.0539692583538236,0.6056971514242878,667,2.051825177555267,0.6378,0.8103712808056394,0.07978537125222654,,,,,,,0,0,5,0.1,0.5,0.6093079319550072,0.6177934512738787,0.6246180438451077,0.6352831898314205,0.6322537045894826,0.6384729026703561,0.6351906559221591,0.6306015219850429,0.6360389827091836,1.0,0.6309995229396951,0.6391850176807553
1,10,0.3396593757279095,0.8967858061198252,3889,2.0576575313295637,0.625,648,2.051825177555267,0.6378,0.8149628252484831,0.08456933604099828,,,,,,,0,0,5,0.1,0.5,0.6138027091767323,0.6174057147080335,0.6307398582981928,0.6320574439885304,0.6308982343822547,0.6441230911938808,0.6236908612153407,0.6342295629965315,0.6484031395574879,0.6309995229396951,1.0,0.6386616068841539
1,11,0.35756773423059146,0.889369559482986,3791,2.0601654410362245,0.6487341772151899,632,2.051825177555267,0.6378,0.8178353918725237,0.0840890980657557,,,,,,,0,0,5,0.1,0.5,0.6128363209394809,0.6258326910660172,0.62753251852389,0.6331709790098141,0.6414337143541555,0.6456791874775922,0.6333735683852333,0.6358221603882768,0.6422967351670644,0.6391850176807553,0.6386616068841539,1.0
2,0,0.23088040450544384,0.9293158022887753,8214,1.8510403744010038,0.8429510591672754,1369,1.8568577176084915,0.8481,0.7994718969307578,0.08403372207818947,,,,,,,0,0,5,0.1,0.5,1.0,0.6194547251923255,0.6212965346072559,0.6196027997128472,0.6146317458047367,0.6214046063251607,0.6181893957225933,0.6215267641016826,0.5893546573470185,0.6139359190432436,0.6112856330398434,0.6126159550517155
2,1,0.25411526545231206,0.9233951931852753,6574,1.8557018280029296,0.8613138686131386,1096,1.8568577176084915,0.8481,0.8099321974719582,0.0844291676648474,,,,,,,0,0,5,0.1,0.5,0.6194547251923255,1.0,0.6244517374488259,0.6275255104641565,0.628804892977737,0.6402479917089082,0.6274061582147931,0.6277981537478277,0.5903174454731479,0.6339457857575879,0.6187196892992449,0.6260132552789941
2,2,0.27238786448493024,0.919488154936884,5783,1.843157579821925,0.8568464730290456,964,1.8568577176084915,0.8481,0.8079464131767902,0.08369322009319363,,,,,,,0,0,5,0.1,0.5,0.6212965346072559,0.6244517374488259,1.0,0.6274892986229478,0.6282229144743205,0.630350277408465,0.6229861266514152,0.623289756089551,0.5927568780123419,0.6318701094391755,0.6202394602688,0.6272275794178763
2,3,0.2631805920266513,0.9191980329109135,5287,1.8552841629300798,0.8581157775255391,881,1.8568577176084915,0.8481,0.8160393923266532,0.08413772958165944,,,,,,,0,0,5,0.1,0.5,0.6196027997128472,0.6275255104641565,0.6274892986229478,1.0,0.6414175108932918,0.6403843820623496,0.6248942234683124,0.635280202285609,0.5988862359150618,0.6449813974508898,0.627698786049862,0.639842234232068
2,4,0.26463327842073575,0.9195542046605877,4935,1.8643909738614008,0.8442822384428224,822,1.8568577176084915,0.8481,0.8148716548020967,0.08501248235379784,,,,,,,0,0,5,0.1,0.5,0.6146317458047367,0.628804892977737,0.6282229144743205,0.6414175108932918,1.0,0.6358946559158865,0.6265132583028478,0.6374939780037351,0.5977050784186506,0.632566301072296,0.625416306914214,0.6415061010332249
2,5,0.2743452656465544,0.9173344761088493,4667,1.852486114501953,0.8611825192802056,778,1.8568577176084915,0.8481,0.8204065012290594,0.08439822937155628,,,,,,,0,0,5,0.1,0.5,0.6214046063251607,0.6402479917089082,0.630350277408465,0.6403843820623496,0.6358946559158865,1.0,0.6354531327873404,0.6376697113105887,0.604947743656243,0.6475935077664097,0.6367039583780925,0.6394543224124516
2,6,0.29590323795963613,0.9133617785762408,4453,1.855129395922025,0.8490566037735849,742,1.8568577176084915,0.8481,0.8111741175250752,0.0833700125810384,,,,,,,0,0,5,0.1,0.5,0.6181893957225933,0.6274061582147931,0.6229861266514152,0.6248942234683124,0.6265132583028478,0.6354531327873404,1.0,0.6265510932262318,0.6006222368367055,0.6399099559656147,0.6336627950785669,0.6291704174753255
2,7,0.2966816112982915,0.9106382978723404,4277,1.8561721107234126,0.8457223001402524,713,1.8568577176084915,0.8481,0.8153137230073654,0.08417347420207755,,,,,,,0,0,5,0.1,0.5,0.6215267641016826,0.6277981537478277,0.623289756089551,0.635280202285609,0.6374939780037351,0.6376697113105887,0.6265510932262318,1.0,0.6022368749939,0.6375013114031228,0.6360239136902345,0.6352097540489476
2,8,0.2986070559388743,0.9107774279486559,4129,1.85945401950316,0.8372093023255814,688,1.8568577176084915,0.8481,0.7777033966504985,0.07717579835703317,,,,,,,0,0,5,0.1,0.5,0.5893546573470185,0.5903174454731479,0.5927568780123419,0.5988862359150618,0.5977050784186506,0.604947743656243,0.6006222368367055,0.6022368749939,1.0,0.6115889880528255,0.6019190123892519,0.6087468117025943
2,9,0.2873878103069266,0.9140714821294676,4001,1.86069046883356,0.8185907046476761,667,1.8568577176084915,0.8481,0.8188328463200989,0.0812927346711847,,,,,,,0,0,5,0.1,0.5,0.6139359190432436,0.6339457857575879,0.6318701094391755,0.6449813974508898,0.632566301072296,0.6475935077664097,0.6399099559656147,0.6375013114031228,0.6115889880528255,1.0,0.6386009567371111,0.6426615415755005
2,10,0.30020147605997616,0.9112368218050912,3889,1.8640244347708566,0.8611111111111112,648,1.8568577176084915,0.8481,0.8117469238027637,0.08421085511514137,,,,,,,0,0,5,0.1,0.5,0.6112856330398434,0.6187196892992449,0.6202394602688,0.627698786049862,0.625416306914214,0.6367039583780925,0.6336627950785669,0.6360239136902345,0.6019190123892519,0.6386009567371111,1.0,0.6354084920620674
2,11,0.31482884480672724,0.9048799788973886,3791,1.8673174262046814,0.8291139240506329,632,1.8568577176084915,0.8481,0.8168999628222514,0.08407257393028081,,,,,,,0,0,5,0.1,0.5,0.6126159550517155,0.6260132552789941,0.6272275794178763,0.639842234232068,0.6415061010332249,0.6394543224124516,0.6291704174753255,0.6352097540489476,0.6087468117025943,0.6426615415755005,0.6354084920620674,1.0
3,0,0.21336230182828173,0.9355247139030923,8214,1.6201492825219797,0.9050401753104456,1369,1.627892801936823,0.9096,0.7937116487246677,0.08328333475325221,,,,,,,0,0,5,0.1,0.5,1.0,0.6033809907697196,0.6102549053408466,0.6148090689635289,0.6071859773562811,0.6160912595643149,0.5982232593414663,0.6115448776622048,0.607183376327546,0.6086607106136103,0.6050536637528673,0.6139249331860376
3,1,0.23074393846157903,0.9302099178582294,6574,1.6261018650872368,0.916970802919708,1096,1.627892801936823,0.9096,0.8017946147418237,0.08382673701398866,,,,,,,0,0,5,0.1,0.5,0.6033809907697196,1.0,0.6125180963088784,0.6188127981574756,0.6081931779074626,0.6196014399674753,0.6116309827311314,0.6259025049339793,0.6175449601706359,0.6262292303275847,0.6128023773445871,0.6170496002106458
3,2,0.2485860848259078,0.9261974753588103,5783,1.6100595266588273,0.9149377593360996,964,1.627892801936823,0.9096,0.8009643775456411,0.08331062226446963,,,,,,,0,0,5,0.1,0.5,0.6102549053408466,0.6125180963088784,1.0,0.6257465692854131,0.6120613382052251,0.6219998058439435,0.615259070227136,0.6103191445745864,0.6178663304101977,0.6210034349690299,0.604368077143096,0.6175397004813418
3,3,0.23477196396855884,0.9292982787970494,5287,1.6261163566793715,0.9125993189557321,881,1.627892801936823,0.9096,0.8160367667421904,0.08413002582985402,,,,,,,0,0,5,0.1,0.5,0.6148090689635289,0.6188127981574756,0.6257465692854131,1.0,0.6256213395552561,0.6293945769533446,0.6295099833235237,0.6317685182247581,0.6338434777358615,0.6471939877086016,0.6186526435899182,0.6385781788441903
3,4,0.23618085776726083,0.92806484295846,4935,1.6386846120540912,0.9087591240875912,822,1.627892801936823,0.9096,0.806985395176047,0.08439373833989337,,,,,,,0,0,5,0.1,0.5,0.6071859773562811,0.6081931779074626,0.6120613382052251,0.6256213395552561,1.0,0.6238706970745449,0.6135512511057929,0.6324238458661571,0.6257311989384119,0.6291708856590975,0.6153786305243837,0.6284231106961543
3,5,0.25704226461558105,0.925091064923934,4667,1.6202654790878297,0.9203084832904884,778,1.627892801936823,0.9096,0.8146454961409313,0.0842539995508926,,,,,,,0,0,5,0.1,0.5,0.6160912595643149,0.6196014399674753,0.6219998058439435,0.6293945769533446,0.6238706970745449,1.0,0.6296493567896706,0.6255776768561443,0.6336874544692545,0.6349802314968706,0.6267982938009953,0.6373324212111005
3,6,0.2616774016831602,0.9207275993712104,4453,1.6275795847177505,0.9043126684636119,742,1.627892801936823,0.9096,0.8061945636910254,0.08327889018739049,,,,,,,0,0,5,0.1,0.5,0.5982232593414663,0.6116309827311314,0.615259070227136,0.6295099833235237,0.6135512511057929,0.6296493567896706,1.0,0.6175991890734767,0.6283208106561384,0.6311229264946546,0.6244455068901357,0.6224946485698968
3,7,0.26841032016369054,0.9205985503857844,4277,1.629301490991012,0.9116409537166901,713,1.627892801936823,0.9096,0.8124295323907983,0.08402800705777118,,,,,,,0,0,5,0.1,0.5,0.6115448776622048,0.6259025049339793,0.6103191445745864,0.6317685182247581,0.6324238458661571,0.6255776768561443,0.6175991890734767,1.0,0.6304957660013875,0.6341064025956524,0.6301330384026798,0.6282292758348559
3,8,0.2619431527487457,0.9240494066359893,4129,1.6304233074188232,0.9055232558139535,688,1.627892801936823,0.9096,0.8108841793430874,0.07934179086545912,,,,,,,0,0,5,0.1,0.5,0.607183376327546,0.6175449601706359,0.6178663304101977,0.6338434777358615,0.6257311989384119,0.6336874544692545,0.6283208106561384,0.6304957660013875,1.0,0.6390970174157299,0.6272290232499896,0.6333650453247542
3,9,0.2576521934375734,0.9233691577105724,4001,1.6334621338617235,0.8920539730134932,667,1.627892801936823,0.9096,0.8169027860983779,0.08227684816221185,,,,,,,0,0,5,0.1,0.5,0.6086607106136103,0.6262292303275847,0.6210034349690299,0.6471939877086016,0.6291708856590975,0.6349802314968706,0.6311229264946546,0.6341064025956524,0.6390970174157299,1.0,0.6279633358544489,0.6349785533562927
3,10,0.2741964573025337,0.9195165852404217,3889,1.6369616701489402,0.9212962962962963,648,1.627892801936823,0.9096,0.8063984068595553,0.08384261961547382,,,,,,,0,0,5,0.1,0.5,0.6050536637528673,0.6128023773445871,0.604368077143096,0.6186526435899182,0.6153786305243837,0.6267982938009953,0.6244455068901357,0.6301330384026798,0.6272290232499896,0.6279633358544489,1.0,0.6269254190224692
3,11,0.2877963520696058,0.9115273015035611,3791,1.6407664895057679,0.8971518987341772,632,1.627892801936823,0.9096,0.8145010313035745,0.08403338635934304,,,,,,,0,0,5,0.1,0.5,0.6139249331860376,0.6170496002106458,0.6175397004813418,0.6385781788441903,0.6284231106961543,0.6373324212111005,0.6224946485698968,0.6282292758348559,0.6333650453247542,0.6349785533562927,0.6269254190224692,1.0
4,0,0.2007751777503596,0.9392013635256878,8214,1.3821709239205648,0.9247626004382761,1369,1.392189043017622,0.9283,0.7814339163548951,0.08323530119197266,,,,,,,0,0,5,0.1,0.5,1.0,0.5866770193778494,0.60051880482404,0.5970810412320068,0.5883837736641201,0.6000268080931426,0.5754667261206217,0.5902079964494223,0.600272548746711,0.4451500070401529,0.5858843350393184,0.5755102056285543
4,1,0.215709562783663,0.9362032248250685,6574,1.3892536299569267,0.9306569343065694,1096,1.392189043017622,0.9283,0.7898959299095039,0.08389682144919347,,,,,,,0,0,5,0.1,0.5,0.5866770193778494,1.0,0.5997605497478817,0.6036794222262801,0.59668627152275,0.6062398510168431,0.5829631354937661,0.6048010421037948,0.600410756405355,0.4549284241831751,0.5947442089371793,0.5907391405363237
4,2,0.2276921952390292,0.9319038561300363,5783,1.3702120473307948,0.9346473029045643,964,1.392189043017622,0.9283,0.7968404880423103,0.08379605732482026,,,,,,,0,0,5,0.1,0.5,0.60051880482404,0.5997605497478817,1.0,0.6135152868152514,0.6090022444276784,0.6115628527991932,0.5894467746075431,0.6002942205490442,0.602148076432383,0.46455276402680507,0.5983333497797634,0.6001048469079076
4,3,0.21600553346152632,0.9329676565159826,5287,1.3916142114571162,0.9296254256526674,881,1.392189043017622,0.9283,0.8039255825787878,0.08459374703841124,,,,,,,0,0,5,0.1,0.5,0.5970810412320068,0.6036794222262801,0.6135152868152514,1.0,0.6125360947975033,0.6135016176985822,0.5914998971854821,0.6105971724441832,0.6223454216424433,0.47139247827611996,0.6037275721675395,0.6129080521812943
4,4,0.22073840167553674,0.9334549138804458,4935,1.406854904614962,0.9294403892944039,822,1.392189043017622,0.9283,0.8003166193193757,0.08464309961362369,,,,,,,0,0,5,0.1,0.5,0.5883837736641201,0.59668627152275,0.6090022444276784,0.6125360947975033,1.0,0.6139415210170698,0.594767172450695,0.6113174569834952,0.613372047397368,0.468821460478202,0.598880856864007,0.6095427750713139
4,5,0.23217038292731224,0.9314763231197771,4667,1.3817488431930542,0.9408740359897172,778,1.392189043017622,0.9283,0.8041438933298624,0.08468437670485544,,,,,,,0,0,5,0.1,0.5,0.6000268080931426,0.6062398510168431,0.6115628527991932,0.6135016176985822,0.6139415210170698,1.0,0.5935576580282503,0.6104296106874736,0.6179738075164173,0.46174804499961863,0.6125570167893175,0.6123129488877208
4,6,0.2505474329786375,0.9235571524814732,4453,1.3928090433279674,0.9272237196765498,742,1.392189043017622,0.9283,0.7834395244069614,0.08330294958471436,,,,,,,0,0,5,0.1,0.5,0.5754667261206217,0.5829631354937661,0.5894467746075431,0.5914998971854821,0.594767172450695,0.5935576580282503,1.0,0.5951788925410153,0.6047736567777278,0.46029007326576393,0.5907822297791092,0.5856440854899861
4,7,0.24321848460570422,0.9275660509703063,4277,1.3958623201950737,0.9326788218793829,713,1.392189043017622,0.9283,0.7999175575475993,0.08438436161900889,,,,,,,0,0,5,0.1,0.5,0.5902079964494223,0.6048010421037948,0.6002942205490442,0.6105971724441832,0.6113174569834952,0.6104296106874736,0.5951788925410153,1.0,0.6129263565263402,0.46277153843063284,0.6070786904475448,0.6094637574259938
4,8,0.23621802828424243,0.9300072656817632,4129,1.3946878476576372,0.9200581395348837,688,1.392189043017622,0.9283,0.8027896000699499,0.08135026145629763,,,,,,,0,0,5,0.1,0.5,0.600272548746711,0.600410756405355,0.602148076432383,0.6223454216424433,0.613372047397368,0.6179738075164173,0.6047736567777278,0.6129263565263402,1.0,0.46449658796874355,0.613068880951713,0.6118280452392014
4,9,0.3142745468809846,0.9136715821044739,4001,1.3998125450951713,0.9145427286356822,667,1.392189043017622,0.9283,0.64575044031047,0.07778420977344756,,,,,,,0,0,5,0.1,0.5,0.4451500070401529,0.4549284241831751,0.46455276402680507,0.47139247827611996,0.468821460478202,0.46174804499961863,0.46029007326576393,0.46277153843063284,0.46449658796874355,1.0,0.4572615237671612,0.4660870557038041
4,10,0.2451254631346855,0.9275906402674209,3889,1.4013129756564187,0.9320987654320988,648,1.392189043017622,0.9283,0.7946949727054927,0.08407643247327577,,,,,,,0,0,5,0.1,0.5,0.5858843350393184,0.5947442089371793,0.5983333497797634,0.6037275721675395,0.598880856864007,0.6125570167893175,0.5907822297791092,0.6070786904475448,0.613068880951713,0.4572615237671612,1.0,0.6047550361002262
4,11,0.2572321332005017,0.9239778422579794,3791,1.4073765337467194,0.9193037974683544,632,1.392189043017622,0.9283,0.7960672266216836,0.084252381770379,,,,,,,0,0,5,0.1,0.5,0.5755102056285543,0.5907391405363237,0.6001048469079076,0.6129080521812943,0.6095427750713139,0.6123129488877208,0.5856440854899861,0.6094637574259938,0.6118280452392014,0.4660870557038041,0.6047550361002262,1.0
5,0,0.189485583247269,0.9432919405892379,8214,1.1376607140829398,0.9335281227173119,1369,1.1490364021386583,0.9389,0.7711514410979033,0.08314506956361854,,,,,,,0,0,5,0.1,0.5,1.0,0.5752151735912442,0.5798009879806982,0.5771544110103163,0.5694048292376398,0.5743369116366557,0.5740850271049753,0.5681021103228254,0.5066300145711846,0.5171275630383816,0.5621085623461299,0.5639438209609539
5,1,0.20617892345350272,0.9391542439914816,6574,1.1441690410886491,0.9416058394160584,1096,1.1490364021386583,0.9389,0.7826838048194985,0.08399684254400983,,,,,,,0,0,5,0.1,0.5,0.5752151735912442,1.0,0.5883631250695783,0.5826799028119053,0.5852103219607331,0.5911106324836473,0.5724822063784768,0.5789781018359171,0.5099342593645242,0.5262582105726376,0.5770859475125814,0.584025095743007
5,2,0.21278494663577713,0.9367456337541069,5783,1.1239559188965829,0.9533195020746889,964,1.1490364021386583,0.9389,0.7861460715117555,0.08405154220827322,,,,,,,0,0,5,0.1,0.5,0.5798009879806982,0.5883631250695783,1.0,0.5856419341392152,0.5910493422876103,0.5974275998007944,0.5822826545949689,0.5774998235674482,0.5098722322755809,0.5376863288826425,0.5708187499658273,0.584202789697319
5,3,0.20033217640916245,0.9397011537734065,5287,1.1497629199709212,0.9375709421112373,881,1.1490364021386583,0.9389,0.788567792085252,0.08467276796899106,,,,,,,0,0,5,0.1,0.5,0.5771544110103163,0.5826799028119053,0.5856419341392152,1.0,0.5897118814600395,0.5875272436207394,0.5875722265077855,0.5856325448236267,0.5176616096605828,0.540851592396998,0.5818194814324588,0.5873306846238991
5,4,0.19928997580562868,0.9394934143870314,4935,1.166266001187838,0.9343065693430657,822,1.1490364021386583,0.9389,0.7918229225445655,0.08482094862312882,,,,,,,0,0,5,0.1,0.5,0.5694048292376398,0.5852103219607331,0.5910493422876103,0.5897118814600395,1.0,0.5938068739781921,0.5903087811743789,0.593676803042679,0.518475726859419,0.5439478653274186,0.580677864109806,0.5972146203697379
5,5,0.2133695796578612,0.9388472251982001,4667,1.1359701204299926,0.9473007712082262,778,1.1490364021386583,0.9389,0.7935097770736879,0.08490828155153055,,,,,,,0,0,5,0.1,0.5,0.5743369116366557,0.5911106324836473,0.5974275998007944,0.5875272436207394,0.5938068739781921,1.0,0.590681876422208,0.5897903272639129,0.5214564914155095,0.5455040654504641,0.589300397585633,0.5882401674898936
5,6,0.2162185772468469,0.9339770940938693,4453,1.1507231841484706,0.9380053908355795,742,1.1490364021386583,0.9389,0.7869977686016274,0.08375052674270272,,,,,,,0,0,5,0.1,0.5,0.5740850271049753,0.5724822063784768,0.5822826545949689,0.5875722265077855,0.5903087811743789,0.590681876422208,1.0,0.5790096420988987,0.5254503793604123,0.5400409941527293,0.5851039184546157,0.5885469241043972
5,7,0.22194096636332905,0.9356090717792845,4277,1.1543908430182415,0.9438990182328191,713,1.1490364021386583,0.9389,0.783549861395685,0.0843548273545776,,,,,,,0,0,5,0.1,0.5,0.5681021103228254,0.5789781018359171,0.5774998235674482,0.5856325448236267,0.593676803042679,0.5897903272639129,0.5790096420988987,1.0,0.5119175850258331,0.53101510818961,0.581562511275533,0.5800167629499094
5,8,0.2680253000500782,0.9243884717849358,4129,1.151737706227736,0.9302325581395349,688,1.1490364021386583,0.9389,0.7114218123274051,0.07976835752687148,,,,,,,0,0,5,0.1,0.5,0.5066300145711846,0.5099342593645242,0.5098722322755809,0.5176616096605828,0.518475726859419,0.5214564914155095,0.5254503793604123,0.5119175850258331,1.0,0.4694457966453904,0.5219914382674017,0.5125131265515703
5,9,0.22078161655991274,0.933316670832292,4001,1.1588201522827148,0.9295352323838081,667,1.1490364021386583,0.9389,0.7303505377429871,0.07804276700891498,,,,,,,0,0,5,0.1,0.5,0.5171275630383816,0.5262582105726376,0.5376863288826425,0.540851592396998,0.5439478653274186,0.5455040654504641,0.5400409941527293,0.53101510818961,0.4694457966453904,1.0,0.5332870863868533,0.536945939671061
5,10,0.22882377273082488,0.9323733607611211,3889,1.1574339440890722,0.9444444444444444,648,1.1490364021386583,0.9389,0.7824165598806604,0.08410800427484041,,,,,,,0,0,5,0.1,0.5,0.5621085623461299,0.5770859475125814,0.5708187499658273,0.5818194814324588,0.580677864109806,0.589300397585633,0.5851039184546157,0.581562511275533,0.5219914382674017,0.5332870863868533,1.0,0.5851005546598949
5,11,0.23829249965355676,0.9298865734634661,3791,1.1665935337543487,0.930379746835443,632,1.1490364021386583,0.9389,0.7867715771402924,0.08438006463254058,,,,,,,0,0,5,0.1,0.5,0.5639438209609539,0.584025095743007,0.584202789697319,0.5873306846238991,0.5972146203697379,0.5882401674898936,0.5885469241043972,0.5800167629499094,0.5125131265515703,0.536945939671061,0.5851005546598949,1.0
6,0,0.17467073594212734,0.9471390309228147,8214,0.9145266566165658,0.9401022644265887,1369,0.9268635284786407,0.9456,0.7656621058900717,0.08362307565961322,,,,,,,0,0,5,0.1,0.5,1.0,0.5575927032311255,0.5570953400143166,0.5569505798055375,0.550412965782043,0.5612202732048397,0.5434902868290737,0.5607342717173461,0.562207798313505,0.3808025157717339,0.5458114515317124,0.5509504019533906
6,1,0.18961832688949568,0.9417706114998479,6574,0.9197310243334089,0.9516423357664233,1096,0.9268635284786407,0.9456,0.7678164836073774,0.08427689730785573,,,,,,,0,0,5,0.1,0.5,0.5575927032311255,1.0,0.5574697978801785,0.5559612394855032,0.5533405517541743,0.5633926658489528,0.5419846730436677,0.5618866428906811,0.5623302136581793,0.3845504651757594,0.5499444544057722,0.5538927238397122
6,2,0.19863348027578046,0.9420370050146982,5783,0.8988239861303761,0.9595435684647303,964,0.9268635284786407,0.9456,0.7702809693878914,0.08440182035209383,,,,,,,0,0,5,0.1,0.5,0.5570953400143166,0.5574697978801785,1.0,0.5560543804649305,0.5629833433972217,0.57062988411701,0.5515188047213072,0.5548008094195572,0.5600581150102428,0.38283855320196664,0.5500836969664448,0.5602915127715276
6,3,0.1862806481261547,0.9443540760355589,5287,0.928892908351762,0.9466515323496028,881,0.9268635284786407,0.9456,0.769390409065884,0.08479090059598086,,,,,,,0,0,5,0.1,0.5,0.5569505798055375,0.5559612394855032,0.5560543804649305,1.0,0.5565426911324923,0.558928322106193,0.5525075089643492,0.5598338426419722,0.5645274173727903,0.38649754803914826,0.543773099857166,0.5616161962644954
6,4,0.1865557357446561,0.9443566362715299,4935,0.946953500692661,0.9367396593673966,822,0.9268635284786407,0.9456,0.7716525372538241,0.08497193491830406,,,,,,,0,0,5,0.1,0.5,0.550412965782043,0.5533405517541743,0.5629833433972217,0.5565426911324923,1.0,0.5677931069268858,0.5477672595254415,0.563483567400835,0.5671763732597435,0.3903405541206016,0.5480115961779761,0.5650796913056518
6,5,0.1937633744594067,0.9425755303192629,4667,0.912420699596405,0.9511568123393316,778,0.9268635284786407,0.9456,0.7796985415243053,0.08531796679382139,,,,,,,0,0,5,0.1,0.5,0.5612202732048397,0.5633926658489528,0.57062988411701,0.558928322106193,0.5677931069268858,1.0,0.5621462569311425,0.5702883023209346,0.571779115512159,0.38698261732359357,0.5573829947278535,0.5742985650213622
6,6,0.20619679560485696,0.9379743992813834,4453,0.9288437391320864,0.9433962264150944,742,0.9268635284786407,0.9456,0.7630389755942593,0.0839397012162639,,,,,,,0,0,5,0.1,0.5,0.5434902868290737,0.5419846730436677,0.5515188047213072,0.5525075089643492,0.5477672595254415,0.5621462569311425,1.0,0.5541867376010521,0.5602733453396525,0.38171826102618617,0.5554852414748405,0.549366639866408
6,7,0.20192726270379083,0.9406593406593406,4277,0.9336630468783171,0.9467040673211781,713,0.9268635284786407,0.9456,0.7751901396145682,0.08478230299893054,,,,,,,0,0,5,0.1,0.5,0.5607342717173461,0.5618866428906811,0.5548008094195572,0.5598338426419722,0.563483567400835,0.5702883023209346,0.5541867376010521,1.0,0.5732237032746444,0.37663270891262945,0.5661892619867502,0.5652752247250662
6,8,0.19726718276230923,0.9408089125696294,4129,0.9296859936280684,0.9418604651162791,688,0.9268635284786407,0.9456,0.7759841387538223,0.08170363574715998,,,,,,,0,0,5,0.1,0.5,0.562207798313505,0.5623302136581793,0.5600581150102428,0.5645274173727903,0.5671763732597435,0.571779115512159,0.5602733453396525,0.5732237032746444,1.0,0.38397044483145637,0.5649741584329696,0.5669079715753735
6,9,0.3024888886754424,0.9226693326668333,4001,0.938659824076153,0.9340329835082459,667,0.9268635284786407,0.9456,0.5705889504673164,0.07321156385150036,,,,,,,0,0,5,0.1,0.5,0.3808025157717339,0.3845504651757594,0.38283855320196664,0.38649754803914826,0.3903405541206016,0.38698261732359357,0.38171826102618617,0.37663270891262945,0.38397044483145637,1.0,0.3722312243373665,0.3821730886693686
6,10,0.2103374676946856,0.9391103111339676,3889,0.9331479157720294,0.9521604938271605,648,0.9268635284786407,0.9456,0.764813624100048,0.08424513738127982,,,,,,,0,0,5,0.1,0.5,0.5458114515317124,0.5499444544057722,0.5500836969664448,0.543773099857166,0.5480115961779761,0.5573829947278535,0.5554852414748405,0.5661892619867502,0.5649741584329696,0.3722312243373665,1.0,0.5602250893089222
6,11,0.21786381650340406,0.9330519651806911,3791,0.9461500644683838,0.939873417721519,632,0.9268635284786407,0.9456,0.7733856723128331,0.08473506317719628,,,,,,,0,0,5,0.1,0.5,0.5509504019533906,0.5538927238397122,0.5602915127715276,0.5616161962644954,0.5650796913056518,0.5742985650213622,0.549366639866408,0.5652752247250662,0.5669079715753735,0.3821730886693686,0.5602250893089222,1.0
7,0,0.1673038037370615,0.9497199902605308,8214,0.7048595852630083,0.9452154857560263,1369,0.7164998364905579,0.9501,0.7518770892976698,0.08332211973815014,,,,,,,0,0,5,0.1,0.5,1.0,0.5360552522278158,0.540956799692214,0.5416998265981312,0.533056378616853,0.5375693864699724,0.5160601373520713,0.5385001322487695,0.5275212618184659,0.5293742174986121,0.5155337960810256,0.5182305394969888
7,1,0.1771321939381328,0.946242774566474,6574,0.7073486975261143,0.9552919708029197,1096,0.7164998364905579,0.9501,0.7561674109739943,0.083917047651453,,,,,,,0,0,5,0.1,0.5,0.5360552522278158,1.0,0.5387608002008923,0.542074283566222,0.53705006771308,0.5401623366510252,0.5174415366818576,0.536749280587274,0.5320192888049633,0.5325867538197314,0.5257523540926987,0.5313245215575907
7,2,0.18662866795775146,0.9443195573231886,5783,0.6873794255718109,0.9616182572614108,964,0.7164998364905579,0.9501,0.761161011987485,0.0841792946518619,,,,,,,0,0,5,0.1,0.5,0.540956799692214,0.5387608002008923,1.0,0.5481597357752633,0.5430929430806466,0.5480827192111057,0.526210120610968,0.533493761449014,0.5344082992045962,0.5421488290146157,0.5247008160233936,0.5353891273239507
7,3,0.17208546938161445,0.9476073387554379,5287,0.7207317054271698,0.9477866061293984,881,0.7164998364905579,0.9501,0.7691662186972354,0.08472740551796316,,,,,,,0,0,5,0.1,0.5,0.5416998265981312,0.542074283566222,0.5481597357752633,1.0,0.5460547989301079,0.5546592347278704,0.5279392294258021,0.552701127041354,0.5453306855687069,0.5511869797402658,0.5253605699974596,0.5513516866628745
7,4,0.17451149493095375,0.9467882472137791,4935,0.7377182955925281,0.9428223844282239,822,0.7164998364905579,0.9501,0.7616445951250188,0.08458210015733061,,,,,,,0,0,5,0.1,0.5,0.533056378616853,0.53705006771308,0.5430929430806466,0.5460547989301079,1.0,0.5401008800929569,0.5250248893237361,0.546428610687865,0.5366299146647552,0.5492659614643869,0.5217223656133891,0.5391825624364358
7,5,0.18395346985581293,0.9453181915577459,4667,0.7002862167358398,0.9524421593830334,778,0.7164998364905579,0.9501,0.7673135904134191,0.08501793388870801,,,,,,,0,0,5,0.1,0.5,0.5375693864699724,0.5401623366510252,0.5480827192111057,0.5546592347278704,0.5401008800929569,1.0,0.5323116063901103,0.5447418366570722,0.5459267110058708,0.5489087306168261,0.5333738560868502,0.5410989614693138
7,6,0.19712814934551715,0.9417920503031664,4453,0.7175575718283653,0.9528301886792453,742,0.7164998364905579,0.9501,0.746158356581926,0.08333269744652573,,,,,,,0,0,5,0.1,0.5,0.5160601373520713,0.5174415366818576,0.526210120610968,0.5279392294258021,0.5250248893237361,0.5323116063901103,1.0,0.5252888126025852,0.5306493628419009,0.5331262356001347,0.5230001291933248,0.5251400489010909
7,7,0.1911437191020475,0.9429039046060322,4277,0.7233768027761708,0.9551192145862553,713,0.7164998364905579,0.9501,0.7619407001983887,0.08446438485582757,,,,,,,0,0,5,0.1,0.5,0.5385001322487695,0.536749280587274,0.533493761449014,0.552701127041354,0.546428610687865,0.5447418366570722,0.5252888126025852,1.0,0.5350947576261132,0.5428891158062887,0.5298306885997552,0.5346771729945766
7,8,0.1853776191918251,0.944974570113829,4129,0.7192310690879822,0.9505813953488372,688,0.7164998364905579,0.9501,0.756027778708842,0.0821716766487972,,,,,,,0,0,5,0.1,0.5,0.5275212618184659,0.5320192888049633,0.5344082992045962,0.5453306855687069,0.5366299146647552,0.5459267110058708,0.5306493628419009,0.5350947576261132,1.0,0.541224983224932,0.521811588993044,0.5334299244909723
7,9,0.18572361407135513,0.9452636840789802,4001,0.7304629200980777,0.9370314842578711,667,0.7164998364905579,0.9501,0.7575267506390564,0.07648150476602678,,,,,,,0,0,5,0.1,0.5,0.5293742174986121,0.5325867538197314,0.5421488290146157,0.5511869797402658,0.5492659614643869,0.5489087306168261,0.5331262356001347,0.5428891158062887,0.541224983224932,1.0,0.5310135263162741,0.5417740418133815
7,10,0.19576868913823464,0.9418873746464387,3889,0.7194343152500334,0.9567901234567902,648,0.7164998364905579,0.9501,0.7460806804151643,0.0835365112108326,,,,,,,0,0,5,0.1,0.5,0.5155337960810256,0.5257523540926987,0.5247008160233936,0.5253605699974596,0.5217223656133891,0.5333738560868502,0.5230001291933248,0.5298306885997552,0.521811588993044,0.5310135263162741,1.0,0.5271081111319914
7,11,0.2001638592291279,0.9400685834872066,3791,0.7371151834726334,0.9414556962025317,632,0.7164998364905579,0.9501,0.7573023360362403,0.08426732346652309,,,,,,,0,0,5,0.1,0.5,0.5182305394969888,0.5313245215575907,0.5353891273239507,0.5513516866628745,0.5391825624364358,0.5410989614693138,0.5251400489010909,0.5346771729945766,0.5334299244909723,0.5417740418133815,0.5271081111319914,1.0
8,0,0.157965833458919,0.9515217920623326,8214,0.5316009181876515,0.9488677867056245,1369,0.5421280138218365,0.9528,0.7391082044203372,0.0832752871998122,,,,,,,0,0,5,0.1,0.5,1.0,0.5168090621956317,0.5129297184446276,0.5169887435797256,0.506387306898484,0.5070690508249922,0.4947553718999867,0.5107922554356564,0.5007870956109339,0.5083968279154812,0.49361518036186447,0.4992286486345212
8,1,0.16817100875676402,0.9491329479768786,6574,0.5320468332086291,0.958941605839416,1096,0.5421280138218365,0.9528,0.7440542891958116,0.08385800320135813,,,,,,,0,0,5,0.1,0.5,0.5168090621956317,1.0,0.5103609488941374,0.510399883992768,0.5118651571637443,0.5164638465111266,0.5058544672103776,0.5089493009439585,0.509421907026376,0.5136841017836873,0.4992840227134514,0.5055291357437266
8,2,0.1738352549663688,0.9481583952965589,5783,0.5130332689131459,0.9626556016597511,964,0.5421280138218365,0.9528,0.742340838058918,0.08397523845970267,,,,,,,0,0,5,0.1,0.5,0.5129297184446276,0.5103609488941374,1.0,0.5189319656967784,0.5219647057653994,0.5144320054359324,0.5070588712772723,0.49747706641888234,0.4926741881112108,0.5139843028875483,0.49806586134409436,0.5036921436009961
8,3,0.16202793095193535,0.951390202383204,5287,0.5484846021447863,0.9489216799091941,881,0.5421280138218365,0.9528,0.7471323752418111,0.08452051397944095,,,,,,,0,0,5,0.1,0.5,0.5169887435797256,0.510399883992768,0.5189319656967784,1.0,0.5184078818281154,0.5124135231507293,0.5061989620141807,0.5026541338885975,0.5148440749154112,0.5266846396633532,0.4937299743533065,0.5110381887975064
8,4,0.15883456606417895,0.9516109422492401,4935,0.5630630449606822,0.9440389294403893,822,0.5421280138218365,0.9528,0.746565863236343,0.08440119625530715,,,,,,,0,0,5,0.1,0.5,0.506387306898484,0.5118651571637443,0.5219647057653994,0.5184078818281154,1.0,0.5189830838964123,0.503730916417214,0.5066750562248677,0.509228880030772,0.5257882143379876,0.4968027830608509,0.5079093047728175
