round,client_id,client_i_training_loss,client_i_training_accuracy,client_i_training_dataset_size,client_i_evaluation_loss,client_i_evaluation_accuracy,client_i_evaluation_dataset_size,client_i_central_evaluation_loss,client_i_central_evaluation_accuracy,client_i_cosine_similarity,client_i_importance_coefficient,client_i_tanh_val,tanh_normalization_value,client_i_q,client_i_mask_order,client_i_v_nonzero_fraction,client_i_v_sparsity,client_i_v_cosine_similarity,client_i_reward_gradient_norm,local_epochs,learning_rate,gamma,client_0_cosine_similarity,client_1_cosine_similarity,client_2_cosine_similarity,client_3_cosine_similarity,client_4_cosine_similarity,client_5_cosine_similarity,client_6_cosine_similarity,client_7_cosine_similarity,client_8_cosine_similarity,client_9_cosine_similarity,client_10_cosine_similarity,client_11_cosine_similarity
0,0,0.2862363073192102,0.9114438763087411,8214,2.190483758615893,0.4747991234477721,1369,2.1909316561092584,0.4788,0.800943337197425,0.08730011358949538,,,,,,,0,0,5,0.1,0.5,1.0,0.5532392168756121,0.5762643473394298,0.5894070652637624,0.5878582527945695,0.5724145549893892,0.5589941962499912,0.5694858364568076,0.5802331218750699,0.35580180991144505,0.5677459587914893,0.5725253150241121
0,1,0.308472354852061,0.9034377852144813,6574,2.187076139450073,0.4927007299270073,1096,2.1909316561092584,0.4788,0.7756703399494043,0.08454544240611381,,,,,,,0,0,5,0.1,0.5,0.5532392168756121,1.0,0.5722495904480515,0.5612986426447385,0.5467833582118188,0.5753796768940553,0.5605609012709648,0.5592259564236195,0.5734958254987443,0.3564548474702314,0.5676691765333427,0.569478803203149
0,2,0.31812816737374056,0.9006052222030089,5783,2.1893773848010647,0.5010373443983402,964,2.1909316561092584,0.4788,0.7923355011100729,0.08636188858244925,,,,,,,0,0,5,0.1,0.5,0.5762643473394298,0.5722495904480515,1.0,0.5787215867058386,0.5851039926616924,0.5802924302588918,0.5878747936038706,0.5944602711655753,0.5885519695539548,0.3813573957394264,0.6042372948099946,0.5796280193746933
0,3,0.3188463719056762,0.8999432570455835,5287,2.1899439437048778,0.4880817253121453,881,2.1909316561092584,0.4788,0.7948238081573198,0.08663310563087405,,,,,,,0,0,5,0.1,0.5,0.5894070652637624,0.5612986426447385,0.5787215867058386,1.0,0.5982240303665307,0.5987737397966972,0.5971250393497846,0.5928059634611252,0.6189484945412196,0.3686922164216773,0.5972647863651619,0.594160025516505
0,4,0.34643556905369605,0.8937791286727457,4935,2.1933964765988865,0.4635036496350365,822,2.1909316561092584,0.4788,0.7863297173186601,0.08570727847105375,,,,,,,0,0,5,0.1,0.5,0.5878582527945695,0.5467833582118188,0.5851039926616924,0.5982240303665307,1.0,0.5988705158175032,0.58208563969574,0.5896593950733094,0.5963503369118822,0.36433930871187703,0.6060979274175864,0.5880071624414479
0,5,0.33754319026428337,0.8926076708806514,4667,2.189782772064209,0.4910025706940874,778,2.1909316561092584,0.4788,0.7878705431043008,0.08587522326797127,,,,,,,0,0,5,0.1,0.5,0.5724145549893892,0.5753796768940553,0.5802924302588918,0.5987737397966972,0.5988705158175032,1.0,0.6069875540847183,0.5918625497912687,0.608594748770163,0.3627252785342439,0.589160837534354,0.5995901909204281
0,6,0.3714827306009829,0.8827756568605435,4453,2.1833095451196036,0.48247978436657685,742,2.1909316561092584,0.4788,0.778876791983169,0.08489493482807015,,,,,,,0,0,5,0.1,0.5,0.5589941962499912,0.5605609012709648,0.5878747936038706,0.5971250393497846,0.58208563969574,0.6069875540847183,1.0,0.5853956169582458,0.6020357728750231,0.371432167236944,0.5902757067705516,0.583661552248456
0,7,0.3763710682864176,0.8828618190320318,4277,2.189437845478887,0.5063113604488079,713,2.1909316561092584,0.4788,0.7798065159515151,0.08499627159469773,,,,,,,0,0,5,0.1,0.5,0.5694858364568076,0.5592259564236195,0.5944602711655753,0.5928059634611252,0.5896593950733094,0.5918625497912687,0.5853956169582458,1.0,0.6053360266586647,0.3719678582754106,0.587526100844508,0.5972192732401505
0,8,0.3798648320818141,0.8822959554371519,4129,2.1927391182292593,0.45203488372093026,688,2.1909316561092584,0.4788,0.791522334664265,0.08627325619138074,,,,,,,0,0,5,0.1,0.5,0.5802331218750699,0.5734958254987443,0.5885519695539548,0.6189484945412196,0.5963503369118822,0.608594748770163,0.6020357728750231,0.6053360266586647,1.0,0.37096498098579356,0.6024728085181102,0.6167642999322018
0,9,0.5627572073530968,0.8537865533616595,4001,2.1949325970241,0.4737631184407796,667,2.1909316561092584,0.4788,0.5305405704396146,0.057827126979142975,,,,,,,0,0,5,0.1,0.5,0.35580180991144505,0.3564548474702314,0.3813573957394264,0.3686922164216773,0.36433930871187703,0.3627252785342439,0.371432167236944,0.3719678582754106,0.37096498098579356,1.0,0.36394189522788184,0.3695180712127088
0,10,0.3748050938803153,0.8826433530470558,3889,2.1934847150530135,0.4521604938271605,648,2.1909316561092584,0.4788,0.7789726510284805,0.08490538313964928,,,,,,,0,0,5,0.1,0.5,0.5677459587914893,0.5676691765333427,0.6042372948099946,0.5972647863651619,0.6060979274175864,0.589160837534354,0.5902757067705516,0.587526100844508,0.6024728085181102,0.36394189522788184,1.0,0.5850545104298952
0,11,0.38128622574340393,0.8772883144289105,3791,2.196853446960449,0.4477848101265823,632,2.1909316561092584,0.4788,0.7769046251737981,0.0846799753191017,,,,,,,0,0,5,0.1,0.5,0.5725253150241121,0.569478803203149,0.5796280193746933,0.594160025516505,0.5880071624414479,0.5995901909204281,0.583661552248456,0.5972192732401505,0.6167642999322018,0.3695180712127088,0.5850545104298952,1.0
1,0,0.2535437564630105,0.9233016800584368,8214,2.030766783758651,0.7808619430241052,1369,2.033104473790422,0.7801,0.7980458628128885,0.08573427055449327,,,,,,,0,0,5,0.1,0.5,1.0,0.617156212917409,0.6110887484766391,0.614318964953034,0.6234027864239731,0.6244133769811575,0.5971195709438274,0.6101698790091294,0.552913109458119,0.6099603663129363,0.6167983095653271,0.6119168985698947
1,1,0.27850420681253363,0.914207484027989,6574,2.031081850188119,0.7956204379562044,1096,2.033104473790422,0.7801,0.8015588791901674,0.08403037628710693,,,,,,,0,0,5,0.1,0.5,0.617156212917409,1.0,0.6144231553134711,0.6158805078102098,0.6206558919191805,0.6223060385600323,0.6039508256325894,0.6186616466594849,0.5550433645797838,0.6180841938137409,0.6246874383663378,0.6266761822108835
1,2,0.28222898724823364,0.9141967836762925,5783,2.030164772464383,0.779045643153527,964,2.033104473790422,0.7801,0.8089053371040862,0.08549114688725648,,,,,,,0,0,5,0.1,0.5,0.6110887484766391,0.6144231553134711,1.0,0.6211883198334183,0.626942432908989,0.6263749829647122,0.6226748881303389,0.6267785531150915,0.5605843545783431,0.6220506494573695,0.6353008547166556,0.6326445705283522
1,3,0.2817746829390189,0.9110648761112162,5287,2.032785083566393,0.771850170261067,881,2.033104473790422,0.7801,0.8117473532135322,0.08577015698212528,,,,,,,0,0,5,0.1,0.5,0.614318964953034,0.6158805078102098,0.6211883198334183,1.0,0.6292430034991033,0.6410315142367311,0.6255798587615592,0.6291658242840876,0.5691919469653102,0.6241757382868045,0.6272230113129372,0.6290336569597792
1,4,0.3057505732534393,0.907193515704154,4935,2.0335297676233144,0.7737226277372263,822,2.033104473790422,0.7801,0.8136775076864883,0.0852236431310313,,,,,,,0,0,5,0.1,0.5,0.6234027864239731,0.6206558919191805,0.626942432908989,0.6292430034991033,1.0,0.6403080489703017,0.6203542016858883,0.6316565537459274,0.5665284174280307,0.6272536142713789,0.6308179532633136,0.6319094545504228
1,5,0.2969647900048286,0.909620741375616,4667,2.034085822105408,0.7789203084832905,778,2.033104473790422,0.7801,0.8224041729348225,0.08563953769538452,,,,,,,0,0,5,0.1,0.5,0.6244133769811575,0.6223060385600323,0.6263749829647122,0.6410315142367311,0.6403080489703017,1.0,0.632039692384674,0.6423619177705657,0.578359018945018,0.6347914757362328,0.6439905958754643,0.6470909074626552
1,6,0.34398189342834357,0.895216707837413,4453,2.0212752570708594,0.8086253369272237,742,2.033104473790422,0.7801,0.8044383683475116,0.0843625947217399,,,,,,,0,0,5,0.1,0.5,0.5971195709438274,0.6039508256325894,0.6226748881303389,0.6255798587615592,0.6203542016858883,0.632039692384674,1.0,0.6256679798941156,0.5577217728266558,0.6247102630529117,0.6210722940192962,0.6344979541575855
1,7,0.33442856009437966,0.8985270049099836,4277,2.0306556224823,0.7924263674614306,713,2.033104473790422,0.7801,0.8137443017945308,0.08475453970317429,,,,,,,0,0,5,0.1,0.5,0.6101698790091294,0.6186616466594849,0.6267785531150915,0.6291658242840876,0.6316565537459274,0.6423619177705657,0.6256679798941156,1.0,0.5733072688795857,0.6266616432302589,0.6345749605378085,0.63383725118396
1,8,0.35168554945918284,0.893824170501332,4129,2.0339783159169285,0.7703488372093024,688,2.033104473790422,0.7801,0.7484907873840774,0.083324064573521,,,,,,,0,0,5,0.1,0.5,0.552913109458119,0.5550433645797838,0.5605843545783431,0.5691919469653102,0.5665284174280307,0.578359018945018,0.5577217728266558,0.5733072688795857,1.0,0.5579887594131233,0.5647556219592866,0.5745147798942253
1,9,0.3374123181051035,0.8979255186203449,4001,2.039616516658238,0.760119940029985,667,2.033104473790422,0.7801,0.7971823155740749,0.06616201880736712,,,,,,,0,0,5,0.1,0.5,0.6099603663129363,0.6180841938137409,0.6220506494573695,0.6241757382868045,0.6272536142713789,0.6347914757362328,0.6247102630529117,0.6266616432302589,0.5579887594131233,1.0,0.6401946153082527,0.6300077304613003
1,10,0.3272798861911307,0.9004371303677038,3889,2.036824566977365,0.7901234567901234,648,2.033104473790422,0.7801,0.8167970674698214,0.08480080972552086,,,,,,,0,0,5,0.1,0.5,0.6167983095653271,0.6246874383663378,0.6353008547166556,0.6272230113129372,0.6308179532633136,0.6439905958754643,0.6210722940192962,0.6345749605378085,0.5647556219592866,0.6401946153082527,1.0,0.6469635253753203
1,11,0.33285568477977223,0.8945924558164072,3791,2.0422035694122314,0.7484177215189873,632,2.033104473790422,0.7801,0.8183871046415868,0.08470684093127898,,,,,,,0,0,5,0.1,0.5,0.6119168985698947,0.6266761822108835,0.6326445705283522,0.6290336569597792,0.6319094545504228,0.6470909074626552,0.6344979541575855,0.63383725118396,0.5745147798942253,0.6300077304613003,0.6469635253753203,1.0
2,0,0.2357646322348934,0.9268809349890431,8214,1.826601652211921,0.8940832724616509,1369,1.830901010348774,0.8875,0.8003996724916028,0.0844527741511032,,,,,,,0,0,5,0.1,0.5,1.0,0.6153217674357585,0.6181365400891521,0.6205479240811212,0.6269424595160561,0.6149345234721598,0.6119529359954929,0.6202906451296609,0.6214806557210588,0.6267402381786641,0.606821266435114,0.6245701107657629
2,1,0.2527145968008678,0.9254031031335564,6574,1.8315507990973336,0.8996350364963503,1096,1.830901010348774,0.8875,0.8045067293946244,0.08347011615242299,,,,,,,0,0,5,0.1,0.5,0.6153217674357585,1.0,0.6331100623265234,0.6176671798480653,0.6252351854638525,0.6205950010368381,0.6160389627960944,0.6247431230147796,0.6269858005429374,0.6295163443533363,0.6189958764097229,0.6272720985463076
2,2,0.25164604555527315,0.9257824658481757,5783,1.826919024990451,0.8817427385892116,964,1.830901010348774,0.8875,0.8131333267563158,0.08473485590274753,,,,,,,0,0,5,0.1,0.5,0.6181365400891521,0.6331100623265234,1.0,0.6324068423185202,0.6245264400478,0.6235483628718906,0.6298377313708023,0.640393621883741,0.6343958336451782,0.6336006812478279,0.625336218930378,0.63755443668238
2,3,0.2546366906100716,0.9226026101759032,5287,1.8309120621000017,0.8898978433598184,881,1.830901010348774,0.8875,0.816806782309848,0.08504684619339682,,,,,,,0,0,5,0.1,0.5,0.6205479240811212,0.6176671798480653,0.6324068423185202,1.0,0.635983093300183,0.6445747772187996,0.639960542426185,0.635580094115121,0.6428952676474945,0.6359446178124488,0.6262522404125835,0.6353586872698577
2,4,0.27107101718624754,0.9193515704154002,4935,1.8291156521210303,0.8868613138686131,822,1.830901010348774,0.8875,0.8154107464767792,0.08463733897052755,,,,,,,0,0,5,0.1,0.5,0.6269424595160561,0.6252351854638525,0.6245264400478,0.635983093300183,1.0,0.6354114240575197,0.6328325532737871,0.6372491445122805,0.639241251116919,0.6302717928782134,0.6281413051149473,0.6390952169834008
2,5,0.26973441127458053,0.9183201199914292,4667,1.8341416835784912,0.8830334190231363,778,1.830901010348774,0.8875,0.8156593697790381,0.08492068317444784,,,,,,,0,0,5,0.1,0.5,0.6149345234721598,0.6205950010368381,0.6235483628718906,0.6445747772187996,0.6354114240575197,1.0,0.6429876877637261,0.6367590463316726,0.6446063405122959,0.6325669557803448,0.625740641965431,0.6344478979392559
2,6,0.29319222658872607,0.9115203233774983,4453,1.8142093618710835,0.894878706199461,742,1.830901010348774,0.8875,0.8151779512056683,0.08406051786714537,,,,,,,0,0,5,0.1,0.5,0.6119529359954929,0.6160389627960944,0.6298377313708023,0.639960542426185,0.6328325532737871,0.6429876877637261,1.0,0.6390227475411263,0.6374005311919332,0.6284985420930883,0.6296766222917995,0.6477214639921973
2,7,0.29592870878083494,0.9111059153612345,4277,1.8259208046871682,0.9032258064516129,713,1.830901010348774,0.8875,0.8183221441966457,0.08442870339008268,,,,,,,0,0,5,0.1,0.5,0.6202906451296609,0.6247431230147796,0.640393621883741,0.635580094115121,0.6372491445122805,0.6367590463316726,0.6390227475411263,1.0,0.6380164640415309,0.6356911530636092,0.6331075585438624,0.645164055151104
2,8,0.28928237918536,0.911939937030758,4129,1.830691240050576,0.876453488372093,688,1.830901010348774,0.8875,0.8202991147722152,0.08355259129993942,,,,,,,0,0,5,0.1,0.5,0.6214806557210588,0.6269858005429374,0.6343958336451782,0.6428952676474945,0.639241251116919,0.6446063405122959,0.6374005311919332,0.6380164640415309,1.0,0.6408605707090796,0.6368042911357564,0.6494279944340843
2,9,0.30005851360906416,0.9100224943764059,4001,1.839926799138387,0.8665667166416792,667,1.830901010348774,0.8875,0.8106155192240735,0.07188030770800977,,,,,,,0,0,5,0.1,0.5,0.6267402381786641,0.6295163443533363,0.6336006812478279,0.6359446178124488,0.6302717928782134,0.6325669557803448,0.6284985420930883,0.6356911530636092,0.6408605707090796,1.0,0.6449301358392484,0.6534119137620974
2,10,0.2957917429903736,0.9121625096425816,3889,1.8375101884206135,0.8935185185185185,648,1.830901010348774,0.8875,0.811680587418669,0.08422838119339714,,,,,,,0,0,5,0.1,0.5,0.606821266435114,0.6189958764097229,0.625336218930378,0.6262522404125835,0.6281413051149473,0.625740641965431,0.6296766222917995,0.6331075585438624,0.6368042911357564,0.6449301358392484,1.0,0.6487147899884881
2,11,0.2974317959157609,0.9074122922711686,3791,1.843034213781357,0.865506329113924,632,1.830901010348774,0.8875,0.8237786110647761,0.08458688399677955,,,,,,,0,0,5,0.1,0.5,0.6245701107657629,0.6272720985463076,0.63755443668238,0.6353586872698577,0.6390952169834008,0.6344478979392559,0.6477214639921973,0.645164055151104,0.6494279944340843,0.6534119137620974,0.6487147899884881,1.0
3,0,0.22131670575755638,0.9331872412953494,8214,1.5980373953664027,0.929145361577794,1369,1.6032733003171489,0.9218,0.7965054415336106,0.08411855059870411,,,,,,,0,0,5,0.1,0.5,1.0,0.6128523682114209,0.6035649988755089,0.6148251102503027,0.619315833354543,0.6133344139911232,0.5980915868749712,0.6085892161480814,0.614786982804555,0.5012095536182876,0.6013553827397002,0.6078723960814595
3,1,0.22809536836010594,0.9304228780042592,6574,1.6069812536239625,0.9233576642335767,1096,1.6032733003171489,0.9218,0.7994613581285874,0.08356801806846469,,,,,,,0,0,5,0.1,0.5,0.6128523682114209,1.0,0.6126545242182174,0.6087003673928668,0.6150334709964312,0.6146196240995251,0.6087618128152716,0.6142370909165289,0.614452386738912,0.5063445265131229,0.6121975328065361,0.609191536349568
3,2,0.23733826131246039,0.9306934117240186,5783,1.5974814737996748,0.9221991701244814,964,1.6032733003171489,0.9218,0.8019457232683765,0.08449690359713057,,,,,,,0,0,5,0.1,0.5,0.6035649988755089,0.6126545242182174,1.0,0.6122369871726432,0.6148437529756393,0.6082646150300155,0.6135558395555343,0.6207380947176933,0.6178314452919274,0.5108495368409144,0.6173520064501223,0.6155377335365764
3,3,0.22549173362252964,0.9314545110648761,5287,1.6037698813847132,0.9205448354143019,881,1.6032733003171489,0.9218,0.8064382750131138,0.08486196261834321,,,,,,,0,0,5,0.1,0.5,0.6148251102503027,0.6087003673928668,0.6122369871726432,1.0,0.6244748570171875,0.6207342362986851,0.6236961169265965,0.6200946173157673,0.6250496349949872,0.5016176978925385,0.6177368326973213,0.6178284562581622
3,4,0.24489195555959256,0.9277406281661601,4935,1.5988202278430645,0.9233576642335767,822,1.6032733003171489,0.9218,0.8081564628238775,0.0846495754926246,,,,,,,0,0,5,0.1,0.5,0.619315833354543,0.6150334709964312,0.6148437529756393,0.6244748570171875,1.0,0.6226546757813702,0.6149176334730784,0.6195454888087321,0.6303108859168868,0.5049452201711301,0.61938945687894,0.6201611422191162
3,5,0.24220337587064258,0.9271052067709449,4667,1.6092940807342528,0.9203084832904884,778,1.6032733003171489,0.9218,0.808308819423477,0.08484351577290145,,,,,,,0,0,5,0.1,0.5,0.6133344139911232,0.6146196240995251,0.6082646150300155,0.6207342362986851,0.6226546757813702,1.0,0.6228584221603106,0.6267533876473124,0.6296473698087615,0.5029537404236494,0.6195771497919003,0.6241392879370595
3,6,0.2670142204334427,0.9193801931282282,4453,1.5829456796248753,0.9353099730458221,742,1.6032733003171489,0.9218,0.8047071223545587,0.08414478387428363,,,,,,,0,0,5,0.1,0.5,0.5980915868749712,0.6087618128152716,0.6135558395555343,0.6236961169265965,0.6149176334730784,0.6228584221603106,1.0,0.6228469009396246,0.6190903306577848,0.5049820250217594,0.616647553426566,0.6300294303840198
3,7,0.26453544451201805,0.9216273088613515,4277,1.5950831123020337,0.9396914446002805,713,1.6032733003171489,0.9218,0.8081387362833584,0.08451008012636395,,,,,,,0,0,5,0.1,0.5,0.6085892161480814,0.6142370909165289,0.6207380947176933,0.6200946173157673,0.6195454888087321,0.6267533876473124,0.6228469009396246,1.0,0.6304568308891346,0.49707345517803797,0.6175112223001309,0.627347995871812
3,8,0.2635182978014032,0.9225962702833616,4129,1.6008854129097678,0.9156976744186046,688,1.6032733003171489,0.9218,0.81321722571323,0.08410482843694021,,,,,,,0,0,5,0.1,0.5,0.614786982804555,0.614452386738912,0.6178314452919274,0.6250496349949872,0.6303108859168868,0.6296473698087615,0.6190903306577848,0.6304568308891346,1.0,0.5076779863486189,0.6302044540913081,0.6389493972321726
3,9,0.27041583236672784,0.921669582604349,4001,1.6139350959232874,0.8935532233883059,667,1.6032733003171489,0.9218,0.67955823429671,0.07165288760783695,,,,,,,0,0,5,0.1,0.5,0.5012095536182876,0.5063445265131229,0.5108495368409144,0.5016176978925385,0.5049452201711301,0.5029537404236494,0.5049820250217594,0.49707345517803797,0.5076779863486189,1.0,0.5109951624217454,0.5170364355354904
3,10,0.26292999441292686,0.9218308048341476,3889,1.6127386093139648,0.9151234567901234,648,1.6032733003171489,0.9218,0.8065275096205804,0.08432029296687973,,,,,,,0,0,5,0.1,0.5,0.6013553827397002,0.6121975328065361,0.6173520064501223,0.6177368326973213,0.61938945687894,0.6195771497919003,0.616647553426566,0.6175112223001309,0.6302044540913081,0.5109951624217454,1.0,0.6300140061688386
3,11,0.2736191230442594,0.9150092323925085,3791,1.6181635081768035,0.9113924050632911,632,1.6032733003171489,0.9218,0.8113708333591855,0.084728600839527,,,,,,,0,0,5,0.1,0.5,0.6078723960814595,0.609191536349568,0.6155377335365764,0.6178284562581622,0.6201611422191162,0.6241392879370595,0.6300294303840198,0.627347995871812,0.6389493972321726,0.5170364355354904,0.6300140061688386,1.0
4,0,0.20448685833361682,0.9368395422449477,8214,1.3481892125551092,0.9422936449963477,1369,1.3550531018656282,0.9344,0.788231085512254,0.08362544870181864,,,,,,,0,0,5,0.1,0.5,1.0,0.6001508254728914,0.5980163047349372,0.5951460615000146,0.593231266469872,0.5931003747333514,0.5874067343147061,0.5864961940011051,0.5788979713688966,0.6017070452442335,0.5849098205100284,0.5966049575796633
4,1,0.21438891687340023,0.9353818071189535,6574,1.3610795974731444,0.9324817518248175,1096,1.3550531018656282,0.9344,0.7939792378145337,0.08346033536907116,,,,,,,0,0,5,0.1,0.5,0.6001508254728914,1.0,0.5983842106236491,0.6048609239348115,0.5968826316868328,0.6008553061426907,0.5928949984178257,0.5969154211932308,0.5768004955354104,0.6039247591402583,0.5957623130459746,0.6051788387992861
4,2,0.21593880070044108,0.9357772782292928,5783,1.3493585509638633,0.9346473029045643,964,1.3550531018656282,0.9344,0.7928671976495029,0.08403980555123407,,,,,,,0,0,5,0.1,0.5,0.5980163047349372,0.5983842106236491,1.0,0.5960781099286881,0.5962581946994443,0.5921705785766734,0.5897741897794132,0.5968814486270654,0.5858837597562524,0.604262892372902,0.5967187794253112,0.6034591554361655
4,3,0.21710708073665758,0.9335350860601476,5287,1.356536669390542,0.9341657207718501,881,1.3550531018656282,0.9344,0.8001671032955782,0.084538654223904,,,,,,,0,0,5,0.1,0.5,0.5951460615000146,0.6048609239348115,0.5960781099286881,1.0,0.6136361286732845,0.6100093447581667,0.6045704010216646,0.5975174415529327,0.5910228217996666,0.6071795260112327,0.6027565616399023,0.6025301821655453
4,4,0.2276543800770155,0.932887537993921,4935,1.3482774908726032,0.9416058394160584,822,1.3550531018656282,0.9344,0.7978709194161147,0.08431678895566865,,,,,,,0,0,5,0.1,0.5,0.593231266469872,0.5968826316868328,0.5962581946994443,0.6136361286732845,1.0,0.6116429260266996,0.589793606850207,0.595172277788779,0.5884636191156284,0.605097999141883,0.5991248613105705,0.6148420211470744
4,5,0.21962554983297133,0.9335761731304907,4667,1.3626849031448365,0.929305912596401,778,1.3550531018656282,0.9344,0.7993794082973016,0.08449877075744891,,,,,,,0,0,5,0.1,0.5,0.5931003747333514,0.6008553061426907,0.5921705785766734,0.6100093447581667,0.6116429260266996,1.0,0.6019489100536116,0.6000398525430669,0.5925741087782943,0.603807809475583,0.5981401813748208,0.6130888874749802
4,6,0.24329023380880244,0.9262968785088704,4453,1.3310918261607487,0.9460916442048517,742,1.3550531018656282,0.9344,0.7922019004619918,0.08378205686354472,,,,,,,0,0,5,0.1,0.5,0.5874067343147061,0.5928949984178257,0.5897741897794132,0.6045704010216646,0.589793606850207,0.6019489100536116,1.0,0.5999841074952421,0.5856690327296703,0.6015598916682724,0.5958413909255676,0.603308916904334
4,7,0.2466891567139372,0.9277063362169745,4277,1.3429280830466228,0.9495091164095372,713,1.3550531018656282,0.9344,0.7933778951755025,0.08406647377614836,,,,,,,0,0,5,0.1,0.5,0.5864961940011051,0.5969154211932308,0.5968814486270654,0.5975174415529327,0.595172277788779,0.6000398525430669,0.5999841074952421,1.0,0.5868299718031685,0.5929227518289056,0.5969409226968122,0.6111266261235467
4,8,0.257551812686635,0.9257931702591427,4129,1.3511677276004443,0.9287790697674418,688,1.3550531018656282,0.9344,0.7835927252841653,0.08345377860059063,,,,,,,0,0,5,0.1,0.5,0.5788979713688966,0.5768004955354104,0.5858837597562524,0.5910228217996666,0.5884636191156284,0.5925741087782943,0.5856690327296703,0.5868299718031685,1.0,0.5935811548287816,0.5875890806826594,0.6033093598917098
4,9,0.25189275764121066,0.9256685828542864,4001,1.3685430685679119,0.9100449775112444,667,1.3550531018656282,0.9344,0.7948294107048879,0.07555721848973179,,,,,,,0,0,5,0.1,0.5,0.6017070452442335,0.6039247591402583,0.604262892372902,0.6071795260112327,0.605097999141883,0.603807809475583,0.6015598916682724,0.5929227518289056,0.5935811548287816,1.0,0.6095444514430289,0.6129633561498427
4,10,0.24216759621822198,0.9302134224736436,3889,1.367403439113072,0.9274691358024691,648,1.3550531018656282,0.9344,0.795305913776335,0.08400767669346682,,,,,,,0,0,5,0.1,0.5,0.5849098205100284,0.5957623130459746,0.5967187794253112,0.6027565616399023,0.5991248613105705,0.5981401813748208,0.5958413909255676,0.5969409226968122,0.5875890806826594,0.6095444514430289,1.0,0.6150005337896167
4,11,0.2346121690823,0.929992086520707,3791,1.3729391992092133,0.9256329113924051,632,1.3550531018656282,0.9344,0.8059639223703378,0.08465299201737235,,,,,,,0,0,5,0.1,0.5,0.5966049575796633,0.6051788387992861,0.6034591554361655,0.6025301821655453,0.6148420211470744,0.6130888874749802,0.603308916904334,0.6111266261235467,0.6033093598917098,0.6129633561498427,0.6150005337896167,1.0
5,0,0.19214301116923993,0.9432432432432433,8214,1.0957754808802938,0.9474068663257852,1369,1.1036151773251666,0.9435,0.7755485494677076,0.08323165735295039,,,,,,,0,0,5,0.1,0.5,1.0,0.5818879310683097,0.5747085649443895,0.5753410241576173,0.575032726197631,0.5754588309724297,0.5656671685391854,0.5679474411569405,0.5704749095728785,0.5772713611676599,0.5630603543267979,0.5684634806528573
5,1,0.19776966405209623,0.9403407362336477,6574,1.110932275227138,0.9425182481751825,1096,1.1036151773251666,0.9435,0.785543351246975,0.0834730571599942,,,,,,,0,0,5,0.1,0.5,0.5818879310683097,1.0,0.5753515626367491,0.5879807836595269,0.5739813692304379,0.5836324700938764,0.58029232138819,0.5787004915784614,0.5821772341636481,0.5858088063931371,0.5797038942042689,0.580644211997268
5,2,0.19765481301866347,0.9419678367629258,5783,1.0989233466886705,0.9439834024896265,964,1.1036151773251666,0.9435,0.7810806008584789,0.08370352810645654,,,,,,,0,0,5,0.1,0.5,0.5747085649443895,0.5753515626367491,1.0,0.5822670098012959,0.5789186189983642,0.574544399401056,0.5657608670164522,0.5760185600092921,0.584554931559245,0.585729720061548,0.5698187460054501,0.5779405570849885
5,3,0.19457918432743165,0.9402685833175713,5287,1.1063699466841561,0.9432463110102156,881,1.1036151773251666,0.9435,0.7891784617562931,0.08432222992209622,,,,,,,0,0,5,0.1,0.5,0.5753410241576173,0.5879807836595269,0.5822670098012959,1.0,0.5825122802571098,0.5916284844702416,0.5859630621839994,0.5813486815976653,0.5886265029091048,0.5877507916342128,0.5798522194344242,0.5757044977883048
5,4,0.213646759321132,0.937467071935157,4935,1.0953645820801075,0.9513381995133819,822,1.1036151773251666,0.9435,0.7806891175968002,0.0838750019127976,,,,,,,0,0,5,0.1,0.5,0.575032726197631,0.5739813692304379,0.5789186189983642,0.5825122802571098,1.0,0.583095768962174,0.5641024125196009,0.5668387780621524,0.5811441527336629,0.5790080541746523,0.5765619492395564,0.5786147707487559
5,5,0.20442315379782797,0.9377330190700665,4667,1.1127282094955444,0.9447300771208226,778,1.1036151773251666,0.9435,0.7898729719810886,0.08432000252200951,,,,,,,0,0,5,0.1,0.5,0.5754588309724297,0.5836324700938764,0.574544399401056,0.5916284844702416,0.583095768962174,1.0,0.5903390069919838,0.5885715984987789,0.5892240503188714,0.5859805761116317,0.5810700435874403,0.5818636946079846
5,6,0.22607636999272343,0.9298899618234898,4453,1.0770059898495674,0.9528301886792453,742,1.1036151773251666,0.9435,0.7808612768220189,0.08352341768320862,,,,,,,0,0,5,0.1,0.5,0.5656671685391854,0.58029232138819,0.5657608670164522,0.5859630621839994,0.5641024125196009,0.5903390069919838,1.0,0.5688081459029307,0.5868375333478695,0.5782167390652712,0.5766012825974278,0.5814775794399583
5,7,0.22674384884981078,0.9342062193126023,4277,1.0864237909731658,0.9551192145862553,713,1.1036151773251666,0.9435,0.7807962913862403,0.08371135646499936,,,,,,,0,0,5,0.1,0.5,0.5679474411569405,0.5787004915784614,0.5760185600092921,0.5813486815976653,0.5668387780621524,0.5885715984987789,0.5688081459029307,1.0,0.5830038229000016,0.5704329308638475,0.5751053095735565,0.5844186894311808
5,8,0.21988530048151286,0.932671348994914,4129,1.0985601490194148,0.9447674418604651,688,1.1036151773251666,0.9435,0.7903877993996715,0.08363920385097048,,,,,,,0,0,5,0.1,0.5,0.5704749095728785,0.5821772341636481,0.584554931559245,0.5886265029091048,0.5811441527336629,0.5892240503188714,0.5868375333478695,0.5830038229000016,1.0,0.5947765661307033,0.583150628882166,0.5921433919136793
5,9,0.2270923542858486,0.9335166208447888,4001,1.1196918686230977,0.9205397301349325,667,1.1036151773251666,0.9435,0.7840511279394626,0.07813469233241127,,,,,,,0,0,5,0.1,0.5,0.5772713611676599,0.5858088063931371,0.585729720061548,0.5877507916342128,0.5790080541746523,0.5859805761116317,0.5782167390652712,0.5704329308638475,0.5947765661307033,1.0,0.5815515650919206,0.5886396004853149
5,10,0.21896025880591058,0.9344818719465158,3889,1.1175609145845686,0.933641975308642,648,1.1036151773251666,0.9435,0.7824668863532915,0.0837308387729164,,,,,,,0,0,5,0.1,0.5,0.5630603543267979,0.5797038942042689,0.5698187460054501,0.5798522194344242,0.5765619492395564,0.5810700435874403,0.5766012825974278,0.5751053095735565,0.583150628882166,0.5815515650919206,1.0,0.591695119063465
5,11,0.21601490234063955,0.9343181218675811,3791,1.1239059656858443,0.9335443037974683,632,1.1036151773251666,0.9435,0.7873692094965369,0.08433501391918947,,,,,,,0,0,5,0.1,0.5,0.5684634806528573,0.580644211997268,0.5779405570849885,0.5757044977883048,0.5786147707487559,0.5818636946079846,0.5814775794399583,0.5844186894311808,0.5921433919136793,0.5886396004853149,0.591695119063465,1.0
6,0,0.18226150309065436,0.9442415388361334,8214,0.8641921281814575,0.9525200876552228,1369,0.8727535041757285,0.9488,0.7599614258619058,0.08315710258580375,,,,,,,0,0,5,0.1,0.5,1.0,0.5536191939597619,0.5536997294446496,0.557032500917673,0.5492138098247887,0.5538375795768782,0.5253628764210313,0.5413081295543243,0.5189128862277862,0.5132793835488627,0.5426565057357418,0.5496521264887354
6,1,0.1872464565580566,0.9434438697900821,6574,0.8812999657222202,0.947992700729927,1096,0.8727535041757285,0.9488,0.7720476053936527,0.08374926184647427,,,,,,,0,0,5,0.1,0.5,0.5536191939597619,1.0,0.5572228641039397,0.5619274325815924,0.5528356938938717,0.5639582542252759,0.553180328487746,0.5544071893309138,0.5261232347849014,0.5240441373902767,0.5638974160583705,0.5568758316125965
6,2,0.18689013009901204,0.9454262493515476,5783,0.8698167300993397,0.9491701244813278,964,0.8727535041757285,0.9488,0.7667829262404678,0.08371780374260207,,,,,,,0,0,5,0.1,0.5,0.5536997294446496,0.5572228641039397,1.0,0.5561074851456371,0.5497611205243818,0.5453270031251045,0.539562516359525,0.5541403386063668,0.524924633272292,0.5190585014626397,0.5576146558317984,0.5612437261064863
6,3,0.1775205468433539,0.9457159069415547,5287,0.8764877510922295,0.9443813847900113,881,0.8727535041757285,0.9488,0.7743223635596774,0.08440308721943283,,,,,,,0,0,5,0.1,0.5,0.557032500917673,0.5619274325815924,0.5561074851456371,1.0,0.564192936348794,0.5622155192489146,0.5525338026863991,0.5558351134251228,0.5267549065907778,0.5265733685342592,0.5585537170919921,0.5627952270695854
6,4,0.19594481499925737,0.9438297872340425,4935,0.8630345211579249,0.9574209245742092,822,0.8727535041757285,0.9488,0.7693754191880842,0.08392559307417131,,,,,,,0,0,5,0.1,0.5,0.5492138098247887,0.5528356938938717,0.5497611205243818,0.564192936348794,1.0,0.5613016022908601,0.5396323986960744,0.5545071065094609,0.5255851925955273,0.5208414231163032,0.5550715438395779,0.5682882272244901
6,5,0.1849708884348455,0.9442468395114635,4667,0.881783378124237,0.9473007712082262,778,0.8727535041757285,0.9488,0.7740904764192513,0.08439334831001993,,,,,,,0,0,5,0.1,0.5,0.5538375795768782,0.5639582542252759,0.5453270031251045,0.5622155192489146,0.5613016022908601,1.0,0.5575136470288651,0.5618200049849791,0.5278682128002234,0.5202976458321708,0.5622837137946024,0.5655610063561346
6,6,0.2142103531411184,0.9354143274197171,4453,0.8443769638737043,0.9595687331536388,742,0.8727535041757285,0.9488,0.759172604106593,0.08332597038340311,,,,,,,0,0,5,0.1,0.5,0.5253628764210313,0.553180328487746,0.539562516359525,0.5525338026863991,0.5396323986960744,0.5575136470288651,1.0,0.546556774410178,0.522241990250624,0.5091097218428029,0.5472648647837807,0.5564651736745335
6,7,0.20667404952778745,0.9386953472059855,4277,0.8513076538624971,0.9593267882187938,713,0.8727535041757285,0.9488,0.7679266788018483,0.08376370856027852,,,,,,,0,0,5,0.1,0.5,0.5413081295543243,0.5544071893309138,0.5541403386063668,0.5558351134251228,0.5545071065094609,0.5618200049849791,0.546556774410178,1.0,0.5247178568145697,0.518380075797038,0.550316187018503,0.5667845227726432
6,8,0.22788401050381174,0.9358198110922742,4129,0.8673175058581613,0.9534883720930233,688,0.8727535041757285,0.9488,0.7367421089448869,0.08260745102288652,,,,,,,0,0,5,0.1,0.5,0.5189128862277862,0.5261232347849014,0.524924633272292,0.5267549065907778,0.5255851925955273,0.5278682128002234,0.522241990250624,0.5247178568145697,1.0,0.4828076151865229,0.5257817458022267,0.5372515552114354
6,9,0.2213574828350425,0.9348162959260184,4001,0.8926429180871873,0.9235382308845578,667,0.8727535041757285,0.9488,0.7266883408209389,0.07853585344375504,,,,,,,0,0,5,0.1,0.5,0.5132793835488627,0.5240441373902767,0.5190585014626397,0.5265733685342592,0.5208414231163032,0.5202976458321708,0.5091097218428029,0.518380075797038,0.4828076151865229,1.0,0.5249868976462175,0.5260177264613501
6,10,0.19906813809266466,0.9416816662381075,3889,0.8868816580091204,0.9490740740740741,648,0.8727535041757285,0.9488,0.7707968421758545,0.0838787937619881,,,,,,,0,0,5,0.1,0.5,0.5426565057357418,0.5638974160583705,0.5576146558317984,0.5585537170919921,0.5550715438395779,0.5622837137946024,0.5472648647837807,0.550316187018503,0.5257817458022267,0.5249868976462175,1.0,0.5668622942373409
6,11,0.20069140605785016,0.9372724874703244,3791,0.8942992746829986,0.935126582278481,632,0.8727535041757285,0.9488,0.7779914151623473,0.08454202604918447,,,,,,,0,0,5,0.1,0.5,0.5496521264887354,0.5568758316125965,0.5612437261064863,0.5627952270695854,0.5682882272244901,0.5655610063561346,0.5564651736745335,0.5667845227726432,0.5372515552114354,0.5260177264613501,0.5668622942373409,1.0
7,0,0.17419495270025812,0.9466520574628683,8214,0.6747256558994914,0.9554419284149014,1369,0.6832379748265203,0.9531,0.7526341209698452,0.08417089374741733,,,,,,,0,0,5,0.1,0.5,1.0,0.539163062440163,0.5364463756965868,0.5398452339546784,0.5371718992601365,0.5279967773213772,0.5129941071349562,0.5230890196780934,0.30315040967097323,0.49926386746808266,0.5157291546549783,0.5234808024277238
7,1,0.17660719155135013,0.9461515059324612,6574,0.6916688016482762,0.9552919708029197,1096,0.6832379748265203,0.9531,0.7532105441773509,0.084597678806037,,,,,,,0,0,5,0.1,0.5,0.539163062440163,1.0,0.5313875508198945,0.5398072862646722,0.5241585824487652,0.5303540889510525,0.5167947684272161,0.5239046593936894,0.2915692152332681,0.5071108554122371,0.5256613555655131,0.5304369727929585
7,2,0.17359384243011228,0.9489538301919419,5783,0.6831624430994834,0.9543568464730291,964,0.6832379748265203,0.9531,0.7494939131780743,0.08444199910880518,,,,,,,0,0,5,0.1,0.5,0.5364463756965868,0.5313875508198945,1.0,0.5356680550187891,0.5274611722970812,0.5143852737931708,0.5158198674481689,0.5238559334928078,0.2893012409679828,0.4996858498553997,0.5252086271816836,0.5287136169429029
7,3,0.16666178326417008,0.9496500851144316,5287,0.6874851584434509,0.945516458569807,881,0.6832379748265203,0.9531,0.7637196775169751,0.08542515699327512,,,,,,,0,0,5,0.1,0.5,0.5398452339546784,0.5398072862646722,0.5356680550187891,1.0,0.5372786728460114,0.5430914601791915,0.529913696890473,0.5350111035742691,0.3080016075977093,0.5123000172776232,0.5336071979553935,0.53383756770609
7,4,0.18625486986291023,0.9462208713272543,4935,0.6720976210557498,0.9635036496350365,822,0.6832379748265203,0.9531,0.7508868474419818,0.08463472281106962,,,,,,,0,0,5,0.1,0.5,0.5371718992601365,0.5241585824487652,0.5274611722970812,0.5372786728460114,1.0,0.5271693745013069,0.5089210045174315,0.525568430887786,0.29187419261092795,0.49864841850089014,0.5284645904955201,0.5319215810073249
7,5,0.17606091689101536,0.9469037925862438,4667,0.6911172676086426,0.9537275064267352,778,0.6832379748265203,0.9531,0.752897157586973,0.08502795707818288,,,,,,,0,0,5,0.1,0.5,0.5279967773213772,0.5303540889510525,0.5143852737931708,0.5430914601791915,0.5271693745013069,1.0,0.5257745325332388,0.5311511094316415,0.30551889660637527,0.4960545544645962,0.5228383321201933,0.5291292636963427
7,6,0.1910527872147837,0.940983606557377,4453,0.6543944291770458,0.9595687331536388,742,0.6832379748265203,0.9531,0.739740947997197,0.08382142881022979,,,,,,,0,0,5,0.1,0.5,0.5129941071349562,0.5167947684272161,0.5158198674481689,0.529913696890473,0.5089210045174315,0.5257745325332388,1.0,0.515083246263889,0.2901531623491734,0.48102059878952513,0.5165324149218161,0.5312632951349047
7,7,0.192855812167165,0.9423895253682488,4277,0.6581818539163341,0.9621318373071529,713,0.6832379748265203,0.9531,0.747405647899726,0.08439811795603544,,,,,,,0,0,5,0.1,0.5,0.5230890196780934,0.5239046593936894,0.5238559334928078,0.5350111035742691,0.525568430887786,0.5311511094316415,0.515083246263889,1.0,0.2963314165277644,0.48400694564966074,0.5168206046078528,0.5336045467146467
7,8,0.2989719864820346,0.9265681763138774,4129,0.6776612969962034,0.9607558139534884,688,0.6832379748265203,0.9531,0.4853438124743276,0.0741490718998428,,,,,,,0,0,5,0.1,0.5,0.30315040967097323,0.2915692152332681,0.2893012409679828,0.3080016075977093,0.29187419261092795,0.30551889660637527,0.2901531623491734,0.2963314165277644,1.0,0.277681057097966,0.2854658887629007,0.2968910301800268
7,9,0.2208211348592909,0.9354161459635091,4001,0.7066432975587391,0.9310344827586207,667,0.6832379748265203,0.9531,0.7148344149988327,0.07963858330278278,,,,,,,0,0,5,0.1,0.5,0.49926386746808266,0.5071108554122371,0.4996858498553997,0.5123000172776232,0.49864841850089014,0.4960545544645962,0.48102059878952513,0.48400694564966074,0.277681057097966,1.0,0.5030078929961633,0.49957054489244546
7,10,0.1853104295880824,0.9443044484443301,3889,0.6964531285422189,0.9521604938271605,648,0.6832379748265203,0.9531,0.7473757424717385,0.08447594141942913,,,,,,,0,0,5,0.1,0.5,0.5157291546549783,0.5256613555655131,0.5252086271816836,0.5336071979553935,0.5284645904955201,0.5228383321201933,0.5165324149218161,0.5168206046078528,0.2854658887629007,0.5030078929961633,1.0,0.5352116524339995
7,11,0.18264664456623944,0.9447111580058032,3791,0.7052060604095459,0.9367088607594937,632,0.6832379748265203,0.9531,0.75535133715214,0.085218448066893,,,,,,,0,0,5,0.1,0.5,0.5234808024277238,0.5304369727929585,0.5287136169429029,0.53383756770609,0.5319215810073249,0.5291292636963427,0.5312632951349047,0.5336045467146467,0.2968910301800268,0.49957054489244546,0.5352116524339995,1.0
8,0,0.16306365643943213,0.9502800097394692,8214,0.5170580030873765,0.9590942293644996,1369,0.5248442236036538,0.9558,0.739981648032789,0.08445984885126663,,,,,,,0,0,5,0.1,0.5,1.0,0.5133977858192766,0.5079103327810384,0.514595724176233,0.5134838854903379,0.506466003889335,0.48595637450513146,0.4982899638663343,0.5016549530478219,0.3892373275257122,0.49485159134962037,0.5034112884183947
8,1,0.16503982617275662,0.9508974749011256,6574,0.5329531635556902,0.958029197080292,1096,0.5248442236036538,0.9558,0.7393765861385182,0.08473078192093787,,,,,,,0,0,5,0.1,0.5,0.5133977858192766,1.0,0.5051085034717315,0.5133342961843216,0.5074231363819729,0.4976804608267433,0.48777968140331107,0.49921158611881783,0.5075642336203569,0.3896544449694794,0.5040704237573759,0.49727480853878026
8,2,0.16577663702982895,0.9503026111015044,5783,0.5270453989505768,0.9543568464730291,964,0.5248442236036538,0.9558,0.7353758334444472,0.08447953330387738,,,,,,,0,0,5,0.1,0.5,0.5079103327810384,0.5051085034717315,1.0,0.5017426884629709,0.5023729862375478,0.49716467429788647,0.48227949070369375,0.5024930578942978,0.5035487048188932,0.39023622918722484,0.49614461784185737,0.49966830847531485
8,3,0.15939202038683445,0.9500662001134859,5287,0.5301642769149372,0.9477866061293984,881,0.5248442236036538,0.9558,0.7434852502690491,0.08544678808652979,,,,,,,0,0,5,0.1,0.5,0.514595724176233,0.5133342961843216,0.5017426884629709,1.0,0.5096958072828004,0.5063477924968518,0.5010995745445063,0.5000495843348597,0.5075948416918767,0.4010302253064867,0.5016465753010857,0.4965758254696651
8,4,0.17159919183160507,0.9482472137791287,4935,0.5133002228461779,0.9683698296836983,822,0.5248442236036538,0.9558,0.7378206925681745,0.0847000176576126,,,,,,,0,0,5,0.1,0.5,0.5134838854903379,0.5074231363819729,0.5023729862375478,0.5096958072828004,1.0,0.4938017702172228,0.48555172945006014,0.5037329092814162,0.5066404194609169,0.37913802909726346,0.5024324619239391,0.5039314083456921
