round,client_id,client_i_training_loss,client_i_training_accuracy,client_i_training_dataset_size,client_i_evaluation_loss,client_i_evaluation_accuracy,client_i_evaluation_dataset_size,client_i_central_evaluation_loss,client_i_central_evaluation_accuracy,client_i_cosine_similarity,client_i_importance_coefficient,client_i_tanh_val,tanh_normalization_value,client_i_q,client_i_mask_order,client_i_v_nonzero_fraction,client_i_v_sparsity,client_i_v_cosine_similarity,client_i_reward_gradient_norm,local_epochs,learning_rate,gamma,client_0_cosine_similarity,client_1_cosine_similarity,client_2_cosine_similarity,client_3_cosine_similarity,client_4_cosine_similarity,client_5_cosine_similarity,client_6_cosine_similarity,client_7_cosine_similarity,client_8_cosine_similarity,client_9_cosine_similarity,client_10_cosine_similarity,client_11_cosine_similarity
0,0,2.2550368494288935,0.28892,5000,2.2746110757191977,0.28177458033573144,834,2.274273456475986,0.2808,0.9887682478738954,0.08298806791144853,,,0.95,,0.95001498149061,0.04998501850938997,0,0.09928811424821042,5,0.001,0.1,1.0,0.9836439008489344,0.9768271056064373,0.9792854701330965,0.9856763642513163,0.9857432187479713,0.981309357454519,0.9798744370152687,0.9762306804972097,0.9784694801147227,0.9840593187151658,0.9696423175109272
0,1,2.2556699695101208,0.31204,5000,2.275583364345409,0.27817745803357313,834,2.274273456475986,0.2808,0.9956739933067394,0.08356767235585937,,,0.95,,0.95001498149061,0.04998501850938997,0,0.09928811424821042,5,0.001,0.1,0.9836439008489344,1.0,0.9852087637446235,0.9850639218268209,0.9866822056017113,0.9921290857195426,0.9858695362919808,0.9907275200072445,0.9869121454348961,0.9906583208373679,0.9920822203184351,0.9840631096420451
0,2,2.254525628059533,0.31016,5000,2.2749708935066506,0.2637889688249401,834,2.274273456475986,0.2808,0.9934803906075531,0.08338356161993894,,,0.95,,0.95001498149061,0.04998501850938997,0,0.09928811424821042,5,0.001,0.1,0.9768271056064373,0.9852087637446235,1.0,0.9894021180292253,0.9809563494203224,0.9818133521933786,0.9870630400322012,0.9841422871227606,0.9899002667674854,0.9904272369452407,0.987892242296727,0.9832721077310916
0,3,2.2570494408820085,0.323,5000,2.276842064327664,0.2637889688249401,834,2.274273456475986,0.2808,0.9927931589313991,0.08332588174486791,,,0.95,,0.95001498149061,0.04998501850938997,0,0.09928811424821042,5,0.001,0.1,0.9792854701330965,0.9850639218268209,0.9894021180292253,1.0,0.9804527822575569,0.98469783024143,0.9848006320961095,0.9780875823233801,0.9902638243272587,0.9859589792557509,0.9836095052382111,0.9870941445194704
0,4,2.2554429746737146,0.31644,5000,2.275792960767393,0.29411764705882354,833,2.274273456475986,0.2808,0.9920155508248424,0.08326061650754442,,,0.95,,0.95001498149061,0.04998501850938997,0,0.09928811424821042,5,0.001,0.1,0.9856763642513163,0.9866822056017113,0.9809563494203224,0.9804527822575569,1.0,0.9898440829620316,0.9846115138802042,0.9888413608420585,0.9808241152745178,0.9822139504667496,0.9883609884075434,0.9709881999424476
0,5,2.25474644648801,0.3166,5000,2.2710381437230995,0.26770708283313327,833,2.274273456475986,0.2808,0.9939341363603393,0.08342164484462554,,,0.95,,0.95001498149061,0.04998501850938997,0,0.09928811424821042,5,0.001,0.1,0.9857432187479713,0.9921290857195426,0.9818133521933786,0.98469783024143,0.9898440829620316,1.0,0.9848747622369316,0.9905459997536739,0.9809721023894863,0.9862434772245504,0.986853381556776,0.9785937672707296
0,6,2.254795634518763,0.34504,5000,2.2707979767410844,0.27130852340936373,833,2.274273456475986,0.2808,0.9937006570484042,0.08340204874914366,,,0.95,,0.95001498149061,0.04998501850938997,0,0.09928811424821042,5,0.001,0.1,0.981309357454519,0.9858695362919808,0.9870630400322012,0.9848006320961095,0.9846115138802042,0.9848747622369316,1.0,0.9889233802140416,0.9865477242313676,0.9861631012226628,0.9855764237541806,0.9837897802606115
0,7,2.2534737708462274,0.34092,5000,2.2742945618099637,0.2809123649459784,833,2.274273456475986,0.2808,0.9932752365128866,0.0833663428813952,,,0.95,,0.95001498149061,0.04998501850938997,0,0.09928811424821042,5,0.001,0.1,0.9798744370152687,0.9907275200072445,0.9841422871227606,0.9780875823233801,0.9888413608420585,0.9905459997536739,0.9889233802140416,1.0,0.9815205801014286,0.9874474438095313,0.9904671512082235,0.9738828007537296
0,8,2.2547697522837646,0.32996,5000,2.272550680019237,0.3157262905162065,833,2.274273456475986,0.2808,0.9932933825125463,0.08336786588888995,,,0.95,,0.95001498149061,0.04998501850938997,0,0.09928811424821042,5,0.001,0.1,0.9762306804972097,0.9869121454348961,0.9899002667674854,0.9902638243272587,0.9808241152745178,0.9809721023894863,0.9865477242313676,0.9815205801014286,1.0,0.9887636241608672,0.9860651875009616,0.9866764946441478
0,9,2.2533444857141776,0.32148,5000,2.2843083717204906,0.2581032412965186,833,2.274273456475986,0.2808,0.9942686305364405,0.08344971919416293,,,0.95,,0.95001498149061,0.04998501850938997,0,0.09928811424821042,5,0.001,0.1,0.9784694801147227,0.9906583208373679,0.9904272369452407,0.9859589792557509,0.9822139504667496,0.9862434772245504,0.9861631012226628,0.9874474438095313,0.9887636241608672,1.0,0.9879852660671937,0.9819655389494325
0,10,2.253473824604302,0.31012,5000,2.275256218733611,0.2737094837935174,833,2.274273456475986,0.2808,0.9947527338225433,0.08349035034961277,,,0.95,,0.95001498149061,0.04998501850938997,0,0.09928811424821042,5,0.001,0.1,0.9840593187151658,0.9920822203184351,0.987892242296727,0.9836095052382111,0.9883609884075434,0.986853381556776,0.9855764237541806,0.9904671512082235,0.9860651875009616,0.9879852660671937,1.0,0.9791126226974932
0,11,2.2554864351916466,0.32352,5000,2.267051767419886,0.3205282112845138,833,2.274273456475986,0.2808,0.9886271796968876,0.08297622795251088,,,0.95,,0.95001498149061,0.04998501850938997,0,0.09928811424821042,5,0.001,0.1,0.9696423175109272,0.9840631096420451,0.9832721077310916,0.9870941445194704,0.9709881999424476,0.9785937672707296,0.9837897802606115,0.9738828007537296,0.9866764946441478,0.9819655389494325,0.9791126226974932,1.0
1,0,2.1667820430864952,0.37964,5000,2.23003473105254,0.33093525179856115,834,2.230142969673815,0.3332,0.9943901333961946,0.08306014259378387,,,0.95,,0.95001498149061,0.04998501850938997,0.9349644319016155,0.09962883924065263,5,0.001,0.1,1.0,0.9916995733849794,0.9895546377158335,0.9906379672355898,0.9920046717381393,0.9915492508747226,0.9899512856461101,0.9891259333739266,0.989443010320294,0.9891167629507693,0.9913509184370074,0.9839814277871359
1,1,2.1685210849069487,0.42272,5000,2.231718478379426,0.33093525179856115,834,2.230142969673815,0.3332,0.9974896511023361,0.08351602373305639,,,0.95,,0.95001498149061,0.04998501850938997,0.9349644319016155,0.09962883924065263,5,0.001,0.1,0.9916995733849794,1.0,0.9920974945150177,0.9910803136657256,0.9940283942857338,0.9943094727043779,0.9926105963326862,0.9953164593766799,0.9934007680848965,0.9948924443071984,0.995716532096803,0.9902635520771607
1,2,2.165963039580424,0.42212,5000,2.2292485855243824,0.33213429256594723,834,2.230142969673815,0.3332,0.997041465237012,0.08338854082222599,,,0.95,,0.95001498149061,0.04998501850938997,0.9349644319016155,0.09962883924065263,5,0.001,0.1,0.9895546377158335,0.9920974945150177,1.0,0.994150793141163,0.9935331882624958,0.990613172611651,0.9943721022360138,0.9937101511010783,0.9951597818080312,0.9948878706084263,0.994702882987046,0.9872751492330946
1,3,2.168369313561992,0.39632,5000,2.2333252165052624,0.3117505995203837,834,2.230142969673815,0.3332,0.9962999854774761,0.083329184622824,,,0.95,,0.95001498149061,0.04998501850938997,0.9349644319016155,0.09962883924065263,5,0.001,0.1,0.9906379672355898,0.9910803136657256,0.994150793141163,1.0,0.992437926489023,0.991368871130193,0.9924782361165181,0.990646735806287,0.994438476500779,0.9913681282258617,0.9924614312722035,0.9901578092211034
1,4,2.168236020871788,0.41336,5000,2.231079684363471,0.3445378151260504,833,2.230142969673815,0.3332,0.9969464897224997,0.08331001076432173,,,0.95,,0.95001498149061,0.04998501850938997,0.9349644319016155,0.09962883924065263,5,0.001,0.1,0.9920046717381393,0.9940283942857338,0.9935331882624958,0.992437926489023,1.0,0.9948806985449559,0.9932163685600931,0.9953114086889993,0.9925432342280445,0.9918359406743702,0.9949248982577177,0.9842067014175636
1,5,2.1640313421844675,0.41348,5000,2.2271214149616383,0.3289315726290516,833,2.230142969673815,0.3332,0.9959793198489031,0.08337760367846174,,,0.95,,0.95001498149061,0.04998501850938997,0.9349644319016155,0.09962883924065263,5,0.001,0.1,0.9915492508747226,0.9943094727043779,0.990613172611651,0.991368871130193,0.9948806985449559,1.0,0.9919023546292566,0.9943210191685993,0.9896212968046025,0.9913429584764747,0.9913932596513246,0.9860651907278102
1,6,2.166654221874893,0.43904,5000,2.2275489701165094,0.31212484993997597,833,2.230142969673815,0.3332,0.9967224228051481,0.0833895814477503,,,0.95,,0.95001498149061,0.04998501850938997,0.9349644319016155,0.09962883924065263,5,0.001,0.1,0.9899512856461101,0.9926105963326862,0.9943721022360138,0.9924782361165181,0.9932163685600931,0.9919023546292566,1.0,0.995022972748866,0.9933153599338611,0.9926032090601555,0.9922964048862231,0.9884843421277688
1,7,2.164271195071518,0.4436,5000,2.2285512111805104,0.33133253301320525,833,2.230142969673815,0.3332,0.9971629856976385,0.08338189786839793,,,0.95,,0.95001498149061,0.04998501850938997,0.9349644319016155,0.09962883924065263,5,0.001,0.1,0.9891259333739266,0.9953164593766799,0.9937101511010783,0.990646735806287,0.9953114086889993,0.9943210191685993,0.995022972748866,1.0,0.9923775642825952,0.9945489743822493,0.9944609267857063,0.9866545806673163
1,8,2.165717995090849,0.41684,5000,2.2309886437875255,0.382953181272509,833,2.230142969673815,0.3332,0.9968180641939751,0.08337169015236484,,,0.95,,0.95001498149061,0.04998501850938997,0.9349644319016155,0.09962883924065263,5,0.001,0.1,0.989443010320294,0.9934007680848965,0.9951597818080312,0.994438476500779,0.9925432342280445,0.9896212968046025,0.9933153599338611,0.9923775642825952,1.0,0.9936677440067273,0.9945776450499748,0.9888485563078051
1,9,2.1638172731278047,0.43188,5000,2.2411180160663746,0.3025210084033613,833,2.230142969673815,0.3332,0.9968381691530482,0.0834225800011033,,,0.95,,0.95001498149061,0.04998501850938997,0.9349644319016155,0.09962883924065263,5,0.001,0.1,0.9891167629507693,0.9948924443071984,0.9948878706084263,0.9913681282258617,0.9918359406743702,0.9913429584764747,0.9926032090601555,0.9945489743822493,0.9936677440067273,1.0,0.9939217273871973,0.9894372089565151
1,10,2.1649895801665675,0.41156,5000,2.231058473940249,0.32292917166866747,833,2.230142969673815,0.3332,0.9974069681616491,0.08346589357949251,,,0.95,,0.95001498149061,0.04998501850938997,0.9349644319016155,0.09962883924065263,5,0.001,0.1,0.9913509184370074,0.995716532096803,0.994702882987046,0.9924614312722035,0.9949248982577177,0.9913932596513246,0.9922964048862231,0.9944609267857063,0.9945776450499748,0.9939217273871973,1.0,0.9886198391041735
1,11,2.165999539490718,0.4052,5000,2.2216368692892567,0.3673469387755102,833,2.230142969673815,0.3332,0.992346310772565,0.08298685073621749,,,0.95,,0.95001498149061,0.04998501850938997,0.9349644319016155,0.09962883924065263,5,0.001,0.1,0.9839814277871359,0.9902635520771607,0.9872751492330946,0.9901578092211034,0.9842067014175636,0.9860651907278102,0.9884843421277688,0.9866545806673163,0.9888485563078051,0.9894372089565151,0.9886198391041735,1.0
2,0,2.0271083108938424,0.43376,5000,2.173325220743815,0.4364508393285372,834,2.174078933728008,0.4409,0.9968864391535577,0.0831239426772219,,,0.95,,0.95001498149061,0.04998501850938997,0.9775191593342323,0.09981821841722051,5,0.001,0.1,1.0,0.9953479952194509,0.9943869605702867,0.9950796126563113,0.9956586424851415,0.9959233874285717,0.9942162199846667,0.9937862260829443,0.9939751833519702,0.9943666861434595,0.9948152109629514,0.9933564686466075
2,1,2.029368140439319,0.47536,5000,2.176334849110356,0.42805755395683454,834,2.174078933728008,0.4409,0.9986083710373733,0.08345913573078813,,,0.95,,0.95001498149061,0.04998501850938997,0.9775191593342323,0.09981821841722051,5,0.001,0.1,0.9953479952194509,1.0,0.9959782302769866,0.9952600186084207,0.9973536457424091,0.9972597982760132,0.9961710731408588,0.9974820106275568,0.9963387379280557,0.9971458805639988,0.9971866134326092,0.9959871259473124
2,2,2.025894293663608,0.47696,5000,2.1709793320408575,0.47002398081534774,834,2.174078933728008,0.4409,0.9983323861448801,0.08337203702210312,,,0.95,,0.95001498149061,0.04998501850938997,0.9775191593342323,0.09981821841722051,5,0.001,0.1,0.9943869605702867,0.9959782302769866,1.0,0.9964709909315165,0.9963677865935652,0.995066320957779,0.9967906376378851,0.9960368737207297,0.9969810448583062,0.9974103057679251,0.9969690157996695,0.9957503192515128
2,3,2.0267538533848564,0.44916,5000,2.1777920104839184,0.420863309352518,834,2.174078933728008,0.4409,0.9980518162853089,0.08332657478801112,,,0.95,,0.95001498149061,0.04998501850938997,0.9775191593342323,0.09981821841722051,5,0.001,0.1,0.9950796126563113,0.9952600186084207,0.9964709909315165,1.0,0.9962222667972149,0.9963585748779884,0.9961577546108248,0.9951431894058202,0.9968341893191704,0.9956034347791917,0.9956357938318404,0.9960940720755299
2,4,2.029830306502664,0.45912,5000,2.1744279861450195,0.45018007202881155,833,2.174078933728008,0.4409,0.9986625257748025,0.0833345289709856,,,0.95,,0.95001498149061,0.04998501850938997,0.9775191593342323,0.09981821841722051,5,0.001,0.1,0.9956586424851415,0.9973536457424091,0.9963677865935652,0.9962222667972149,1.0,0.9974388435825539,0.9966486284552194,0.9974481231920382,0.9961620419899313,0.996210336491038,0.9973174999625743,0.9953371159201996
2,5,2.0207975571322594,0.4664,5000,2.1711037865391485,0.43577430972388953,833,2.174078933728008,0.4409,0.998282666310782,0.08336372389665075,,,0.95,,0.95001498149061,0.04998501850938997,0.9775191593342323,0.09981821841722051,5,0.001,0.1,0.9959233874285717,0.9972597982760132,0.995066320957779,0.9963585748779884,0.9974388435825539,1.0,0.9960954948654902,0.9970604757400021,0.9950694292896362,0.9960223080852699,0.9957197487549444,0.9956053430713656
2,6,2.027756067597942,0.48612,5000,2.1719124493775546,0.4189675870348139,833,2.174078933728008,0.4409,0.9982672853955703,0.0833705737711244,,,0.95,,0.95001498149061,0.04998501850938997,0.9775191593342323,0.09981821841722051,5,0.001,0.1,0.9942162199846667,0.9961710731408588,0.9967906376378851,0.9961577546108248,0.9966486284552194,0.9960954948654902,1.0,0.9971089029200818,0.995860690188576,0.9963644043644915,0.9955532040889015,0.9964664204802197
2,7,2.022714003028384,0.4926,5000,2.1701450082990856,0.44057623049219685,833,2.174078933728008,0.4409,0.99834136967087,0.08336825266274643,,,0.95,,0.95001498149061,0.04998501850938997,0.9775191593342323,0.09981821841722051,5,0.001,0.1,0.9937862260829443,0.9974820106275568,0.9960368737207297,0.9951431894058202,0.9974481231920382,0.9970604757400021,0.9971089029200818,1.0,0.9956271042372572,0.9964231352373896,0.9967213049080831,0.9954736828016331
2,8,2.0260608565275837,0.4612,5000,2.177820320482607,0.46938775510204084,833,2.174078933728008,0.4409,0.9981721064426289,0.08335652796699082,,,0.95,,0.95001498149061,0.04998501850938997,0.9775191593342323,0.09981821841722051,5,0.001,0.1,0.9939751833519702,0.9963387379280557,0.9969810448583062,0.9968341893191704,0.9961620419899313,0.9950694292896362,0.995860690188576,0.9956271042372572,1.0,0.9970518505983389,0.996511117205484,0.9958781755888323
2,9,2.0232235006466035,0.47784,5000,2.186355573159677,0.41656662665066024,833,2.174078933728008,0.4409,0.9984087103481881,0.08339537823867106,,,0.95,,0.95001498149061,0.04998501850938997,0.9775191593342323,0.09981821841722051,5,0.001,0.1,0.9943666861434595,0.9971458805639988,0.9974103057679251,0.9956034347791917,0.996210336491038,0.9960223080852699,0.9963644043644915,0.9964231352373896,0.9970518505983389,1.0,0.9965890580828243,0.9959324253202695
2,10,2.024887870375518,0.475,5000,2.1752198183978044,0.41536614645858344,833,2.174078933728008,0.4409,0.998386215454449,0.0834212178096596,,,0.95,,0.95001498149061,0.04998501850938997,0.9775191593342323,0.09981821841722051,5,0.001,0.1,0.9948152109629514,0.9971866134326092,0.9969690157996695,0.9956357938318404,0.9973174999625743,0.9957197487549444,0.9955532040889015,0.9967213049080831,0.996511117205484,0.9965890580828243,1.0,0.9958323900848155
2,11,2.0226168515575917,0.4686,5000,2.1638478614665844,0.4885954381752701,833,2.174078933728008,0.4409,0.9977884072846166,0.08310810646504697,,,0.95,,0.95001498149061,0.04998501850938997,0.9775191593342323,0.09981821841722051,5,0.001,0.1,0.9933564686466075,0.9959871259473124,0.9957503192515128,0.9960940720755299,0.9953371159201996,0.9956053430713656,0.9964664204802197,0.9954736828016331,0.9958781755888323,0.9959324253202695,0.9958323900848155,1.0
3,0,1.8630780736352228,0.47712,5000,2.103605173252247,0.49760191846522783,834,2.1046910674427264,0.49,0.9978511649762241,0.08317991263817719,,,0.95,,0.95001498149061,0.04998501850938997,0.9924903916355163,0.09986245222244718,5,0.001,0.1,1.0,0.9966049313805357,0.9959094123962482,0.9966294078364849,0.9965643830509751,0.9971099237571784,0.9956028027495699,0.9955629237918866,0.9956188943655077,0.9962635597571599,0.9962420968243079,0.9956670001089715
3,1,1.8596415868989982,0.51332,5000,2.1077507072024875,0.47721822541966424,834,2.1046910674427264,0.49,0.9987167415290689,0.0834133995281183,,,0.95,,0.95001498149061,0.04998501850938997,0.9924903916355163,0.09986245222244718,5,0.001,0.1,0.9966049313805357,1.0,0.9969514745907965,0.9962837272103428,0.9974248122728934,0.9973492540960792,0.9970318747519713,0.9975822858713024,0.9971139999620514,0.9974973914891172,0.997494054597608,0.9967988341508053
3,2,1.8589547457968354,0.50696,5000,2.0988556102470115,0.5287769784172662,834,2.1046910674427264,0.49,0.9986749302224309,0.08335863857641819,,,0.95,,0.95001498149061,0.04998501850938997,0.9924903916355163,0.09986245222244718,5,0.001,0.1,0.9959094123962482,0.9969514745907965,1.0,0.9970194785898161,0.9970419984441182,0.9963209853857641,0.9974737778199844,0.9969004332587094,0.9975999731902622,0.9978785423837219,0.9976870486929248,0.996849951646707
3,3,1.858872212270263,0.49188,5000,2.1087957929681846,0.4628297362110312,834,2.1046910674427264,0.49,0.9984686270141764,0.0833241013183324,,,0.95,,0.95001498149061,0.04998501850938997,0.9924903916355163,0.09986245222244718,5,0.001,0.1,0.9966294078364849,0.9962837272103428,0.9970194785898161,1.0,0.9966729732168799,0.9975199588740216,0.9968593920036452,0.996455607169908,0.997065103467029,0.9970227254574722,0.996563632277222,0.9970758853190377
3,4,1.8633835927695985,0.49628,5000,2.104184150695801,0.49939975990396157,833,2.1046910674427264,0.49,0.9988418140125682,0.083341023751888,,,0.95,,0.95001498149061,0.04998501850938997,0.9924903916355163,0.09986245222244718,5,0.001,0.1,0.9965643830509751,0.9974248122728934,0.9970419984441182,0.9966729732168799,1.0,0.9975589770115941,0.9974387365625732,0.9978346190178364,0.9970587672518066,0.9974713852222932,0.9978959407937239,0.9966714962182471
3,5,1.84950746047269,0.50792,5000,2.101642935364335,0.4957983193277311,833,2.1046910674427264,0.49,0.9987222826632757,0.08335506903492043,,,0.95,,0.95001498149061,0.04998501850938997,0.9924903916355163,0.09986245222244718,5,0.001,0.1,0.9971099237571784,0.9973492540960792,0.9963209853857641,0.9975199588740216,0.9975589770115941,1.0,0.9969901585877253,0.9976638527290131,0.9963817523695775,0.9973938888660829,0.996748964455281,0.9971680699020922
3,6,1.8603632606518496,0.51996,5000,2.1024653602529457,0.4597839135654262,833,2.1046910674427264,0.49,0.9987036871550197,0.08335866940455344,,,0.95,,0.95001498149061,0.04998501850938997,0.9924903916355163,0.09986245222244718,5,0.001,0.1,0.9956028027495699,0.9970318747519713,0.9974737778199844,0.9968593920036452,0.9974387365625732,0.9969901585877253,1.0,0.9977336495387024,0.9968872076555018,0.997355076556769,0.9970739609553126,0.997532668415559
3,7,1.8527637199231772,0.526,5000,2.097710640342147,0.4885954381752701,833,2.1046910674427264,0.49,0.9987465494964718,0.08335862942465683,,,0.95,,0.95001498149061,0.04998501850938997,0.9924903916355163,0.09986245222244718,5,0.001,0.1,0.9955629237918866,0.9975822858713024,0.9969004332587094,0.996455607169908,0.9978346190178364,0.9976638527290131,0.9977336495387024,1.0,0.9968950633833823,0.9973088853736943,0.9976391912783295,0.9969133124374768
3,8,1.857352469833034,0.49956,5000,2.1117749743991427,0.49459783913565425,833,2.1046910674427264,0.49,0.9985721458298009,0.08334581057936863,,,0.95,,0.95001498149061,0.04998501850938997,0.9924903916355163,0.09986245222244718,5,0.001,0.1,0.9956188943655077,0.9971139999620514,0.9975999731902622,0.997065103467029,0.9970587672518066,0.9963817523695775,0.9968872076555018,0.9968950633833823,1.0,0.9976461124612683,0.9973575576377901,0.996776967325819
3,9,1.8554783925888645,0.51728,5000,2.118356157232214,0.46218487394957986,833,2.1046910674427264,0.49,0.9989253351180061,0.08338103396987312,,,0.95,,0.95001498149061,0.04998501850938997,0.9924903916355163,0.09986245222244718,5,0.001,0.1,0.9962635597571599,0.9974973914891172,0.9978785423837219,0.9970227254574722,0.9974713852222932,0.9973938888660829,0.997355076556769,0.9973088853736943,0.9976461124612683,1.0,0.9974575143173626,0.9973392347230532
3,10,1.8560280461220224,0.51228,5000,2.1064550081888833,0.48259303721488594,833,2.1046910674427264,0.49,0.9987868660352421,0.0833924104313671,,,0.95,,0.95001498149061,0.04998501850938997,0.9924903916355163,0.09986245222244718,5,0.001,0.1,0.9962420968243079,0.997494054597608,0.9976870486929248,0.996563632277222,0.9978959407937239,0.996748964455281,0.9970739609553126,0.9976391912783295,0.9973575576377901,0.9974575143173626,1.0,0.9968130961071875
3,11,1.8523121325073728,0.51652,5000,2.0924978962651006,0.5306122448979592,833,2.1046910674427264,0.49,0.9985049150940576,0.08319130134232636,,,0.95,,0.95001498149061,0.04998501850938997,0.9924903916355163,0.09986245222244718,5,0.001,0.1,0.9956670001089715,0.9967988341508053,0.996849951646707,0.9970758853190377,0.9966714962182471,0.9971680699020922,0.997532668415559,0.9969133124374768,0.996776967325819,0.9973392347230532,0.9968130961071875,1.0
4,0,1.6983937996967582,0.51488,5000,2.0201613240771823,0.5215827338129496,834,2.021292626286467,0.5133,0.9981078101146933,0.08322074542725949,,,0.95,,0.95001498149061,0.04998501850938997,0.995804840789746,0.09986793664767084,5,0.001,0.1,1.0,0.9968159949342652,0.9963832233345047,0.9970246422364263,0.996699585415888,0.9971465910782836,0.9960669960472545,0.9963006044303293,0.9955650513594536,0.9966836293914001,0.9967730547717284,0.9960463945100381
4,1,1.690483105866013,0.54308,5000,2.0249879978321217,0.4988009592326139,834,2.021292626286467,0.5133,0.9988368459993295,0.0833874526825891,,,0.95,,0.95001498149061,0.04998501850938997,0.995804840789746,0.09986793664767084,5,0.001,0.1,0.9968159949342652,1.0,0.9976458418191272,0.9967123821268465,0.997233710682814,0.9976910708292807,0.9971595251012271,0.9974291363197971,0.9972795019111889,0.9977757744103862,0.9973715175844624,0.9971185230897225
4,2,1.6904529873732548,0.53848,5000,2.012329278168855,0.5503597122302158,834,2.021292626286467,0.5133,0.998721216428961,0.08335014048537692,,,0.95,,0.95001498149061,0.04998501850938997,0.995804840789746,0.09986793664767084,5,0.001,0.1,0.9963832233345047,0.9976458418191272,1.0,0.9967792731646972,0.9969339617556334,0.9969975819972693,0.9971751483261844,0.996987737521619,0.9976820744326915,0.9978833424082012,0.9975368160272614,0.9968426386686761
4,3,1.6899698638612297,0.52688,5000,2.0261431446781866,0.48201438848920863,834,2.021292626286467,0.5133,0.9985030517505971,0.0833219205124874,,,0.95,,0.95001498149061,0.04998501850938997,0.995804840789746,0.09986793664767084,5,0.001,0.1,0.9970246422364263,0.9967123821268465,0.9967792731646972,1.0,0.9968793017610004,0.9973306792954354,0.9968551760813591,0.99690673578461,0.9965042741548896,0.9972864353956968,0.9968928951216603,0.9970661283852201
4,4,1.6960649714348421,0.52712,5000,2.01968984692185,0.5186074429771909,833,2.021292626286467,0.5133,0.9987899534477317,0.08334155724421456,,,0.95,,0.95001498149061,0.04998501850938997,0.995804840789746,0.09986793664767084,5,0.001,0.1,0.996699585415888,0.997233710682814,0.9969339617556334,0.9968793017610004,1.0,0.9973231991966943,0.9975031967454853,0.9979154858405517,0.9965673847922595,0.9975121193335329,0.997999057247315,0.9971060651584377
4,5,1.6787016924779126,0.5402,5000,2.0182772168406733,0.5126050420168067,833,2.021292626286467,0.5133,0.9988046989000124,0.08335064594284129,,,0.95,,0.95001498149061,0.04998501850938997,0.995804840789746,0.09986793664767084,5,0.001,0.1,0.9971465910782836,0.9976910708292807,0.9969975819972693,0.9973306792954354,0.9973231991966943,1.0,0.9969588044756845,0.9976127997901547,0.9965017341844246,0.9976834851643295,0.9973450275975962,0.9972596644086065
4,6,1.6931903628027363,0.547,5000,2.0189829888167203,0.5006002400960384,833,2.021292626286467,0.5133,0.9986512007146586,0.08334789966471746,,,0.95,,0.95001498149061,0.04998501850938997,0.995804840789746,0.09986793664767084,5,0.001,0.1,0.9960669960472545,0.9971595251012271,0.9971751483261844,0.9968551760813591,0.9975031967454853,0.9969588044756845,1.0,0.9976573311110873,0.9961625081858766,0.9973628020615611,0.9973605263957404,0.9977483851001401
4,7,1.6817224255033358,0.55628,5000,2.0105148995364153,0.517406962785114,833,2.021292626286467,0.5133,0.9988490594441123,0.08335426094787676,,,0.95,,0.95001498149061,0.04998501850938997,0.995804840789746,0.09986793664767084,5,0.001,0.1,0.9963006044303293,0.9974291363197971,0.996987737521619,0.99690673578461,0.9979154858405517,0.9976127997901547,0.9976573311110873,1.0,0.9965082242574276,0.9975513102153747,0.998068609811762,0.9974424418783938
4,8,1.6892821544294905,0.53532,5000,2.032447678071481,0.5150060024009604,833,2.021292626286467,0.5133,0.9982775881416645,0.083327956250086,,,0.95,,0.95001498149061,0.04998501850938997,0.995804840789746,0.09986793664767084,5,0.001,0.1,0.9955650513594536,0.9972795019111889,0.9976820744326915,0.9965042741548896,0.9965673847922595,0.9965017341844246,0.9961625081858766,0.9965082242574276,1.0,0.9973140351125829,0.9969317863081772,0.9965145297187596
4,9,1.6859504761969208,0.54628,5000,2.0364653446056225,0.48739495798319327,833,2.021292626286467,0.5133,0.9990215967686543,0.08337356834209536,,,0.95,,0.95001498149061,0.04998501850938997,0.995804840789746,0.09986793664767084,5,0.001,0.1,0.9966836293914001,0.9977757744103862,0.9978833424082012,0.9972864353956968,0.9975121193335329,0.9976834851643295,0.9973628020615611,0.9975513102153747,0.9973140351125829,1.0,0.9978350443979277,0.9975599941952419
4,10,1.6879223299633925,0.54256,5000,2.023401878498219,0.5066026410564226,833,2.021292626286467,0.5133,0.9989485403778056,0.08337818671185884,,,0.95,,0.95001498149061,0.04998501850938997,0.995804840789746,0.09986793664767084,5,0.001,0.1,0.9967730547717284,0.9973715175844624,0.9975368160272614,0.9968928951216603,0.997999057247315,0.9973450275975962,0.9973605263957404,0.998068609811762,0.9969317863081772,0.9978350443979277,1.0,0.9974582061742552
4,11,1.6820098166253157,0.55344,5000,2.0066816409428916,0.5486194477791116,833,2.021292626286467,0.5133,0.9986635615756776,0.08324566578859674,,,0.95,,0.95001498149061,0.04998501850938997,0.995804840789746,0.09986793664767084,5,0.001,0.1,0.9960463945100381,0.9971185230897225,0.9968426386686761,0.9970661283852201,0.9971060651584377,0.9972596644086065,0.9977483851001401,0.9974424418783938,0.9965145297187596,0.9975599941952419,0.9974582061742552,1.0
5,0,1.5498861581656584,0.54544,5000,1.9230864180458918,0.5371702637889688,834,1.9241893634247704,0.5329,0.9985070817869626,0.08325778770537877,,,0.95,,0.95001498149061,0.04998501850938997,0.9966497991717,0.09987074684658506,5,0.001,0.1,1.0,0.9973906921144355,0.9970311872703161,0.9969474183165076,0.9970908986464796,0.9975225234626784,0.9968060747879046,0.9968390553977317,0.9967417331160169,0.9970365873698834,0.9970779485162962,0.9961315636727187
5,1,1.536742024968384,0.573,5000,1.9284197842633282,0.5179856115107914,834,1.9241893634247704,0.5329,0.9987837670294951,0.08336894401463772,,,0.95,,0.95001498149061,0.04998501850938997,0.9966497991717,0.09987074684658506,5,0.001,0.1,0.9973906921144355,1.0,0.9974234602866726,0.9965307226841315,0.9974207652519164,0.997377828971284,0.9972680611787058,0.9973188637670879,0.9972858888235909,0.9974384947638586,0.9976466797429702,0.9968248651560064
5,2,1.5389521808381292,0.56924,5000,1.911665439605713,0.5815347721822542,834,1.9241893634247704,0.5329,0.9988772865656648,0.08334908207934408,,,0.95,,0.95001498149061,0.04998501850938997,0.9966497991717,0.09987074684658506,5,0.001,0.1,0.9970311872703161,0.9974234602866726,1.0,0.9965375403801933,0.9972245935329099,0.9972410050475999,0.9976106386614717,0.9974963064840611,0.9976296708823899,0.9976349497509145,0.9980274623175477,0.9971910132627618
5,3,1.5389566640185703,0.56264,5000,1.9299467934502497,0.5011990407673861,834,1.9241893634247704,0.5329,0.9981379280273119,0.08330791511314599,,,0.95,,0.95001498149061,0.04998501850938997,0.9966497991717,0.09987074684658506,5,0.001,0.1,0.9969474183165076,0.9965307226841315,0.9965375403801933,1.0,0.9964807498526383,0.9970104601248254,0.996418374332759,0.9960718178185788,0.9965323553685016,0.9968824975504113,0.996235057254431,0.9965428904084275
5,4,1.5470297180163632,0.55776,5000,1.9211885178530659,0.5342136854741897,833,1.9241893634247704,0.5329,0.9987599925610412,0.0833400331822588,,,0.95,,0.95001498149061,0.04998501850938997,0.9966497991717,0.09987074684658506,5,0.001,0.1,0.9970908986464796,0.9974207652519164,0.9972245935329099,0.9964807498526383,1.0,0.9972795097340442,0.9973856484011859,0.9977053377341548,0.9969700487681629,0.9974012204936558,0.9977021535725029,0.9969815559653056
5,5,1.5272410966028833,0.57504,5000,1.92125548698284,0.5402160864345739,833,1.9241893634247704,0.5329,0.9988638251007893,0.08334895757281433,,,0.95,,0.95001498149061,0.04998501850938997,0.9966497991717,0.09987074684658506,5,0.001,0.1,0.9975225234626784,0.997377828971284,0.9972410050475999,0.9970104601248254,0.9972795097340442,1.0,0.9973279126248946,0.9977884914223643,0.9969205226521612,0.9977203242396365,0.9975743635766445,0.9971243556840799
5,6,1.5416042142612918,0.57868,5000,1.921837466734427,0.5198079231692677,833,1.9241893634247704,0.5329,0.99875568909787,0.08334378352555595,,,0.95,,0.95001498149061,0.04998501850938997,0.9966497991717,0.09987074684658506,5,0.001,0.1,0.9968060747879046,0.9972680611787058,0.9976106386614717,0.996418374332759,0.9973856484011859,0.9973279126248946,1.0,0.9974273184186957,0.9968143564465073,0.997450650388129,0.9976148835186178,0.9974670006176486
5,7,1.5290244274078661,0.58316,5000,1.9089536446112174,0.5378151260504201,833,1.9241893634247704,0.5329,0.9987760322321495,0.08334834088477408,,,0.95,,0.95001498149061,0.04998501850938997,0.9966497991717,0.09987074684658506,5,0.001,0.1,0.9968390553977317,0.9973188637670879,0.9974963064840611,0.9960718178185788,0.9977053377341548,0.9977884914223643,0.9974273184186957,1.0,0.9970218745910653,0.9972022546056644,0.9979691912432734,0.99699331836143
5,8,1.5361964854085521,0.56684,5000,1.9400502664071542,0.5306122448979592,833,1.9241893634247704,0.5329,0.9986029133724724,0.08332662331522239,,,0.95,,0.95001498149061,0.04998501850938997,0.9966497991717,0.09987074684658506,5,0.001,0.1,0.9967417331160169,0.9972858888235909,0.9976296708823899,0.9965323553685016,0.9969700487681629,0.9969205226521612,0.9968143564465073,0.9970218745910653,1.0,0.9974541401316156,0.9976652631696905,0.996724216965563
5,9,1.5360900357270697,0.58008,5000,1.9412134620878432,0.5078031212484994,833,1.9241893634247704,0.5329,0.9989174299311339,0.08336474386451392,,,0.95,,0.95001498149061,0.04998501850938997,0.9966497991717,0.09987074684658506,5,0.001,0.1,0.9970365873698834,0.9974384947638586,0.9976349497509145,0.9968824975504113,0.9974012204936558,0.9977203242396365,0.997450650388129,0.9972022546056644,0.9974541401316156,1.0,0.997707507125534,0.9976002561173117
5,10,1.5376451354877205,0.57164,5000,1.9264527647583574,0.5186074429771909,833,1.9241893634247704,0.5329,0.9989964189724418,0.08337012520182832,,,0.95,,0.95001498149061,0.04998501850938997,0.9966497991717,0.09987074684658506,5,0.001,0.1,0.9970779485162962,0.9976466797429702,0.9980274623175477,0.996235057254431,0.9977021535725029,0.9975743635766445,0.9976148835186178,0.9979691912432734,0.9976652631696905,0.997707507125534,1.0,0.9972540713692639
5,11,1.5287933917561913,0.58428,5000,1.9068199881800898,0.5678271308523409,833,1.9241893634247704,0.5329,0.9985254997970187,0.08327366354052576,,,0.95,,0.95001498149061,0.04998501850938997,0.9966497991717,0.09987074684658506,5,0.001,0.1,0.9961315636727187,0.9968248651560064,0.9971910132627618,0.9965428904084275,0.9969815559653056,0.9971243556840799,0.9974670006176486,0.99699331836143,0.996724216965563,0.9976002561173117,0.9972540713692639,1.0
6,0,1.4204551850914195,0.58032,5000,1.8140181656237002,0.5683453237410072,834,1.8149194900220194,0.5517,0.9981806796453204,0.0832744527500995,,,0.95,,0.95001498149061,0.04998501850938997,0.9970436517616079,0.09985677792194428,5,0.001,0.1,1.0,0.9972753154179241,0.9965225204778965,0.9969270899759181,0.996840358827471,0.9964187472538589,0.9963712790610708,0.996203273305165,0.996336181650141,0.9963247793979486,0.9960826483210762,0.9957358478672764
6,1,1.40757475780074,0.6002,5000,1.8194895232165302,0.5251798561151079,834,1.8149194900220194,0.5517,0.998658879179756,0.08335805289171064,,,0.95,,0.95001498149061,0.04998501850938997,0.9970436517616079,0.09985677792194428,5,0.001,0.1,0.9972753154179241,1.0,0.9970161199628278,0.9967120234961359,0.997371467561799,0.9966846132864373,0.9973384582899769,0.9969092777547663,0.9967319091564594,0.9970414301808238,0.9971213604419048,0.9965620125370863
6,2,1.4107868787589346,0.60072,5000,1.7985076639387343,0.5935251798561151,834,1.8149194900220194,0.5517,0.9987245692176179,0.08334799291073436,,,0.95,,0.95001498149061,0.04998501850938997,0.9970436517616079,0.09985677792194428,5,0.001,0.1,0.9965225204778965,0.9970161199628278,1.0,0.9965911137980641,0.9968743969925912,0.996500302026898,0.9971649100923203,0.9973098976920686,0.9974682474149953,0.9972718387193035,0.9977143958826103,0.9971175216156052
6,3,1.4101608119193156,0.59444,5000,1.8215347086941753,0.5275779376498801,834,1.8149194900220194,0.5517,0.9981862308119493,0.08330537219010482,,,0.95,,0.95001498149061,0.04998501850938997,0.9970436517616079,0.09985677792194428,5,0.001,0.1,0.9969270899759181,0.9967120234961359,0.9965911137980641,1.0,0.9964869555913268,0.996814283986724,0.996247338879118,0.9962860106378548,0.9962661892205847,0.9963638701900702,0.9961253599209562,0.9962830106627063
6,4,1.4176133438280434,0.58796,5000,1.8103838055222123,0.5498199279711885,833,1.8149194900220194,0.5517,0.9984927985601333,0.08333496312506497,,,0.95,,0.95001498149061,0.04998501850938997,0.9970436517616079,0.09985677792194428,5,0.001,0.1,0.996840358827471,0.997371467561799,0.9968743969925912,0.9964869555913268,1.0,0.9966155182910417,0.9969736925655951,0.9970372008255205,0.9965773931681216,0.9967558746611854,0.996884057704072,0.9963575200193029
6,5,1.3965929493023332,0.606,5000,1.8117667657357674,0.5594237695078031,833,1.8149194900220194,0.5517,0.9985837682380234,0.0833433720746253,,,0.95,,0.95001498149061,0.04998501850938997,0.9970436517616079,0.09985677792194428,5,0.001,0.1,0.9964187472538589,0.9966846132864373,0.996500302026898,0.996814283986724,0.9966155182910417,1.0,0.9967572235927337,0.9974788090233776,0.9966197756901499,0.9976165935432324,0.997125858437917,0.9972326511526415
6,6,1.4118688715491325,0.60648,5000,1.8126165425335918,0.5402160864345739,833,1.8149194900220194,0.5517,0.9985390614368185,0.08333875617365356,,,0.95,,0.95001498149061,0.04998501850938997,0.9970436517616079,0.09985677792194428,5,0.001,0.1,0.9963712790610708,0.9973384582899769,0.9971649100923203,0.996247338879118,0.9969736925655951,0.9967572235927337,1.0,0.9969833129544805,0.9964693107075171,0.9967994000580441,0.997211915636868,0.9970115601507932
6,7,1.4001715571257718,0.61356,5000,1.7945430587839197,0.553421368547419,833,1.8149194900220194,0.5517,0.998740982732866,0.08334806814008,,,0.95,,0.95001498149061,0.04998501850938997,0.9970436517616079,0.09985677792194428,5,0.001,0.1,0.996203273305165,0.9969092777547663,0.9973098976920686,0.9962860106378548,0.9970372008255205,0.9974788090233776,0.9969833129544805,1.0,0.9973321804834155,0.9972165449764132,0.9977726904204246,0.9972183166112715
6,8,1.4072016279408885,0.60008,5000,1.8362427773299042,0.5510204081632653,833,1.8149194900220194,0.5517,0.9985829282969291,0.08332964864251922,,,0.95,,0.95001498149061,0.04998501850938997,0.9970436517616079,0.09985677792194428,5,0.001,0.1,0.996336181650141,0.9967319091564594,0.9974682474149953,0.9962661892205847,0.9965773931681216,0.9966197756901499,0.9964693107075171,0.9973321804834155,1.0,0.9973161135591504,0.9976412327076059,0.9970960922792821
6,9,1.405605229146921,0.60956,5000,1.8337396957256176,0.5258103241296519,833,1.8149194900220194,0.5517,0.9987490302966887,0.08335838689163391,,,0.95,,0.95001498149061,0.04998501850938997,0.9970436517616079,0.09985677792194428,5,0.001,0.1,0.9963247793979486,0.9970414301808238,0.9972718387193035,0.9963638701900702,0.9967558746611854,0.9976165935432324,0.9967994000580441,0.9972165449764132,0.9973161135591504,1.0,0.9975837470949497,0.9975536338645448
6,10,1.409101428195929,0.60196,5000,1.817262640705815,0.5354141656662665,833,1.8149194900220194,0.5517,0.998827411897233,0.08336421679739765,,,0.95,,0.95001498149061,0.04998501850938997,0.9970436517616079,0.09985677792194428,5,0.001,0.1,0.9960826483210762,0.9971213604419048,0.9977143958826103,0.9961253599209562,0.996884057704072,0.997125858437917,0.997211915636868,0.9977726904204246,0.9976412327076059,0.9975837470949497,1.0,0.9975191582381469
6,11,1.3970205650967398,0.61364,5000,1.7947313211582325,0.5906362545018007,833,1.8149194900220194,0.5517,0.9985688611396583,0.08329671741237606,,,0.95,,0.95001498149061,0.04998501850938997,0.9970436517616079,0.09985677792194428,5,0.001,0.1,0.9957358478672764,0.9965620125370863,0.9971175216156052,0.9962830106627063,0.9963575200193029,0.9972326511526415,0.9970115601507932,0.9972183166112715,0.9970960922792821,0.9975536338645448,0.9975191582381469,1.0
7,0,1.3103714200341778,0.60644,5000,1.6955603979252003,0.5839328537170264,834,1.6959955208598616,0.5779,0.9982602257736231,0.08329168625444783,,,0.95,,0.95001498149061,0.04998501850938997,0.9974442658481174,0.0998430654272217,5,0.001,0.1,1.0,0.996802178815883,0.9964821798930922,0.9966449814048688,0.9962250110897011,0.996724903773174,0.9962063619767539,0.9968050737031671,0.9968517427530756,0.9965586491068289,0.9961885382325315,0.9948497201138062
7,1,1.2977008787689694,0.62652,5000,1.700840053734956,0.5635491606714629,834,1.6959955208598616,0.5779,0.998830002034339,0.08336134721844667,,,0.95,,0.95001498149061,0.04998501850938997,0.9974442658481174,0.0998430654272217,5,0.001,0.1,0.996802178815883,1.0,0.9971933650110473,0.9965483160978679,0.9973432781438917,0.9972266646597765,0.9971311647275667,0.9971627355445943,0.9972366883211539,0.9973802400341366,0.9973072300103806,0.9958302875851074
7,2,1.2996196428681634,0.63044,5000,1.6755048787152325,0.6115107913669064,834,1.6959955208598616,0.5779,0.998585213251069,0.08334727646954988,,,0.95,,0.95001498149061,0.04998501850938997,0.9974442658481174,0.0998430654272217,5,0.001,0.1,0.9964821798930922,0.9971933650110473,1.0,0.9964562580529251,0.9965447664599657,0.9962912442013048,0.9968209317116528,0.9971128814409606,0.9971920752196232,0.9968216296697583,0.9973490079323903,0.9959653994334974
