round,client_id,client_i_training_loss,client_i_training_accuracy,client_i_training_dataset_size,client_i_evaluation_loss,client_i_evaluation_accuracy,client_i_evaluation_dataset_size,client_i_central_evaluation_loss,client_i_central_evaluation_accuracy,client_i_cosine_similarity,client_i_importance_coefficient,client_i_tanh_val,tanh_normalization_value,client_i_q,client_i_mask_order,client_i_v_nonzero_fraction,client_i_v_sparsity,client_i_v_cosine_similarity,client_i_reward_gradient_norm,local_epochs,learning_rate,gamma,client_0_cosine_similarity,client_1_cosine_similarity,client_2_cosine_similarity,client_3_cosine_similarity,client_4_cosine_similarity,client_5_cosine_similarity,client_6_cosine_similarity,client_7_cosine_similarity,client_8_cosine_similarity,client_9_cosine_similarity,client_10_cosine_similarity,client_11_cosine_similarity
0,0,0.3449709491626282,0.89372,5000,2.174653962806419,0.4748201438848921,834,2.181307826941006,0.4593,0.7865292590608549,0.08350802025656458,,,,,,,0,0,5,0.1,0.5,1.0,0.5823728250219874,0.5707512696635486,0.5857961277277646,0.5965328361589232,0.5829565043559752,0.5799322497465288,0.5770729630119804,0.5802148270611001,0.5751237144306809,0.6027370609074438,0.5745199356544526
0,1,0.34164008548257835,0.89376,5000,2.181078416329843,0.447242206235012,834,2.181307826941006,0.4593,0.793799657981197,0.0842799389275091,,,,,,,0,0,5,0.1,0.5,0.5823728250219874,1.0,0.5859923562634728,0.5810630158808421,0.5871046321220429,0.6001471030410485,0.5833678081820693,0.5816957361004454,0.5951572090338821,0.5866506144348919,0.6051189042573979,0.5878171464475297
0,2,0.3416217977026845,0.89436,5000,2.1861549660011574,0.4616306954436451,834,2.181307826941006,0.4593,0.7840940895192642,0.08324947146761023,,,,,,,0,0,5,0.1,0.5,0.5707512696635486,0.5859923562634728,1.0,0.5788588282718553,0.5838541289517726,0.5788979274626045,0.5721627458829117,0.5707147196501594,0.5911528944245293,0.5738331506832729,0.5865372818066791,0.5923191075847613
0,3,0.35232337291002463,0.88988,5000,2.1770478707772716,0.4592326139088729,834,2.181307826941006,0.4593,0.7800521890944697,0.08282033154857942,,,,,,,0,0,5,0.1,0.5,0.5857961277277646,0.5810630158808421,0.5788588282718553,1.0,0.576174734599071,0.5793910511608166,0.5696980086060625,0.571794287240198,0.5830991448628032,0.5666799530445632,0.5874876166245254,0.5669625670568489
0,4,0.3430646897572431,0.89324,5000,2.181792550616794,0.45138055222088835,833,2.181307826941006,0.4593,0.7864154898031429,0.08349594105497335,,,,,,,0,0,5,0.1,0.5,0.5965328361589232,0.5871046321220429,0.5838541289517726,0.576174734599071,1.0,0.5876202790971279,0.5702077203288228,0.5758208606023829,0.5907918942641321,0.5878728853047461,0.5865904621284153,0.5643683348894952
0,5,0.32596583385376415,0.89604,5000,2.1886020501454673,0.4669867947178872,833,2.181307826941006,0.4593,0.7874040218191268,0.08360089627521984,,,,,,,0,0,5,0.1,0.5,0.5829565043559752,0.6001471030410485,0.5788979274626045,0.5793910511608166,0.5876202790971279,1.0,0.575872948421808,0.5755411452925674,0.5868892370267385,0.5745291751885692,0.598600529855053,0.5758034593626873
0,6,0.34133434427463133,0.89356,5000,2.1863534362227828,0.46338535414165666,833,2.181307826941006,0.4593,0.7761262538478075,0.08240350397817765,,,,,,,0,0,5,0.1,0.5,0.5799322497465288,0.5833678081820693,0.5721627458829117,0.5696980086060625,0.5702077203288228,0.575872948421808,1.0,0.5647814013937293,0.5795518551097816,0.5773218261774786,0.5713535152557849,0.5657784136193943
0,7,0.34742356649819456,0.8896,5000,2.1907210614946155,0.4849939975990396,833,2.181307826941006,0.4593,0.7786942934060982,0.08267615994994591,,,,,,,0,0,5,0.1,0.5,0.5770729630119804,0.5816957361004454,0.5707147196501594,0.571794287240198,0.5758208606023829,0.5755411452925674,0.5647814013937293,1.0,0.5805728713815818,0.5911682246393594,0.5776375802561294,0.5674160576083578
0,8,0.3386073569713789,0.89496,5000,2.1840633992795593,0.4561824729891957,833,2.181307826941006,0.4593,0.7906747270134108,0.08394815623086808,,,,,,,0,0,5,0.1,0.5,0.5802148270611001,0.5951572090338821,0.5911528944245293,0.5830991448628032,0.5907918942641321,0.5868892370267385,0.5795518551097816,0.5805728713815818,1.0,0.5932580138673671,0.587516805019925,0.5788500943526581
0,9,0.3483713991940022,0.89112,5000,2.179043769836426,0.44417767106842737,833,2.181307826941006,0.4593,0.7842397031437552,0.0832649316750514,,,,,,,0,0,5,0.1,0.5,0.5751237144306809,0.5866506144348919,0.5738331506832729,0.5666799530445632,0.5878728853047461,0.5745291751885692,0.5773218261774786,0.5911682246393594,0.5932580138673671,1.0,0.5900504970705502,0.5699578273504716
0,10,0.3192108213865928,0.90052,5000,2.1934446846997298,0.4561824729891957,833,2.181307826941006,0.4593,0.7932431907885519,0.08422085724293067,,,,,,,0,0,5,0.1,0.5,0.6027370609074438,0.6051189042573979,0.5865372818066791,0.5874876166245254,0.5865904621284153,0.598600529855053,0.5713535152557849,0.5776375802561294,0.587516805019925,0.5900504970705502,1.0,0.5776159460344527
0,11,0.36505201607468024,0.8888,5000,2.187084533550121,0.44537815126050423,833,2.181307826941006,0.4593,0.7773345426406512,0.08253179139256964,,,,,,,0,0,5,0.1,0.5,0.5745199356544526,0.5878171464475297,0.5923191075847613,0.5669625670568489,0.5643683348894952,0.5758034593626873,0.5657784136193943,0.5674160576083578,0.5788500943526581,0.5699578273504716,0.5776159460344527,1.0
1,0,0.311283790197959,0.90648,5000,2.010696525926943,0.709832134292566,834,2.0211051306404624,0.6801,0.8043495973815262,0.08322548777374887,,,,,,,0,0,5,0.1,0.5,1.0,0.6099533895267367,0.6252883200009428,0.6173000901103077,0.616290112118643,0.6222183909092893,0.6322414399968738,0.6107379394095873,0.623363574542456,0.6166359615687796,0.6233739631694359,0.6277252124150593
1,1,0.3005085176473875,0.90964,5000,2.0143741766611734,0.6918465227817746,834,2.0211051306404624,0.6801,0.8116356575266647,0.08398960623680149,,,,,,,0,0,5,0.1,0.5,0.6099533895267367,1.0,0.6310396356522197,0.6303757865575926,0.6275923003439445,0.6360857764966381,0.6288154308065328,0.6165849825433178,0.6248588933595847,0.6301102308277206,0.6325540457028299,0.6243302755355049
1,2,0.3014888015664687,0.90648,5000,2.0255089512577764,0.670263788968825,834,2.0211051306404624,0.6801,0.8147496511470503,0.08341649991781715,,,,,,,0,0,5,0.1,0.5,0.6252883200009428,0.6310396356522197,1.0,0.6312986407932207,0.6235575776428522,0.6319451796903778,0.6364668886867356,0.627735911518314,0.6334814549565507,0.629749648390111,0.6280465908329291,0.6287448232163666
1,3,0.31179173654360565,0.9042,5000,2.015108483809012,0.6762589928057554,834,2.0211051306404624,0.6801,0.8128690660186354,0.08306723010398354,,,,,,,0,0,5,0.1,0.5,0.6173000901103077,0.6303757865575926,0.6312986407932207,1.0,0.6259065903655338,0.6322759095091411,0.6358580379500397,0.6260090642863284,0.6338137245952173,0.6226586599618698,0.6316051690422012,0.6237590358616479
1,4,0.29708331442633823,0.90776,5000,2.0190282177042076,0.6758703481392557,833,2.0211051306404624,0.6801,0.8081072951963152,0.08334829636373693,,,,,,,0,0,5,0.1,0.5,0.616290112118643,0.6275923003439445,0.6235575776428522,0.6259065903655338,1.0,0.634599528995208,0.6162818611021391,0.6187049308034538,0.6268219927932814,0.6269657733130076,0.6267493872006599,0.6178212961239418
1,5,0.28906863107565484,0.91092,5000,2.024700986014472,0.6914765906362546,833,2.0211051306404624,0.6801,0.8145349361192962,0.08364144024017031,,,,,,,0,0,5,0.1,0.5,0.6222183909092893,0.6360857764966381,0.6319451796903778,0.6322759095091411,0.634599528995208,1.0,0.6286070184477551,0.6249756793823917,0.6351847633951389,0.6202315447104035,0.6351778551540663,0.6220755332284708
1,6,0.30275744560892415,0.90596,5000,2.0274052134266607,0.6866746698679472,833,2.0211051306404624,0.6801,0.8122028238925479,0.08276837162931795,,,,,,,0,0,5,0.1,0.5,0.6322414399968738,0.6288154308065328,0.6364668886867356,0.6358580379500397,0.6162818611021391,0.6286070184477551,1.0,0.6266249378903779,0.627984149746526,0.6223277664193402,0.6278647718010896,0.6232323020796304
1,7,0.30924793843796866,0.90676,5000,2.033606767654419,0.6686674669867947,833,2.0211051306404624,0.6801,0.8064952084052522,0.08275002263394747,,,,,,,0,0,5,0.1,0.5,0.6107379394095873,0.6165849825433178,0.627735911518314,0.6260090642863284,0.6187049308034538,0.6249756793823917,0.6266249378903779,1.0,0.6282238851681625,0.6241555788249924,0.619995504556561,0.6260355600593249
1,8,0.29912037277819625,0.90764,5000,2.022500016071178,0.6638655462184874,833,2.0211051306404624,0.6801,0.8132885614681785,0.08382771635775045,,,,,,,0,0,5,0.1,0.5,0.623363574542456,0.6248588933595847,0.6334814549565507,0.6338137245952173,0.6268219927932814,0.6351847633951389,0.627984149746526,0.6282238851681625,1.0,0.6262702250082947,0.6309280833846715,0.6189903770491115
1,9,0.30422795772623673,0.90632,5000,2.01928570093932,0.6770708283313326,833,2.0211051306404624,0.6801,0.8093140918835012,0.08323752470516338,,,,,,,0,0,5,0.1,0.5,0.6166359615687796,0.6301102308277206,0.629749648390111,0.6226586599618698,0.6269657733130076,0.6202315447104035,0.6223277664193402,0.6241555788249924,0.6262702250082947,1.0,0.6302234753606918,0.6248863814118825
1,10,0.2884848106901642,0.91224,5000,2.032949125325238,0.680672268907563,833,2.0211051306404624,0.6801,0.813740403496648,0.0840237942350822,,,,,,,0,0,5,0.1,0.5,0.6233739631694359,0.6325540457028299,0.6280465908329291,0.6316051690422012,0.6267493872006599,0.6351778551540663,0.6278647718010896,0.619995504556561,0.6309280833846715,0.6302234753606918,1.0,0.6264934873159511
1,11,0.3167183961315899,0.90444,5000,2.0300901289339417,0.6686674669867947,833,2.0211051306404624,0.6801,0.8079162989923595,0.08270400980248034,,,,,,,0,0,5,0.1,0.5,0.6277252124150593,0.6243302755355049,0.6287448232163666,0.6237590358616479,0.6178212961239418,0.6220755332284708,0.6232323020796304,0.6260355600593249,0.6189903770491115,0.6248863814118825,0.6264934873159511,1.0
2,0,0.27942955784891155,0.91556,5000,1.8080364024197613,0.8333333333333334,834,1.8222440203157857,0.8318,0.8126423538854769,0.08331572763383152,,,,,,,0,0,5,0.1,0.5,1.0,0.6261680576354607,0.6334830383751675,0.6279638422255337,0.6301600148619403,0.6278242954368475,0.6295998452914755,0.6304661614691638,0.625017397807565,0.6307991237981253,0.6315375673223503,0.6171093460339377
2,1,0.2712816181800263,0.91936,5000,1.8083532607113872,0.8465227817745803,834,1.8222440203157857,0.8318,0.8115159144083711,0.08378180228059566,,,,,,,0,0,5,0.1,0.5,0.6261680576354607,1.0,0.6302065005923041,0.6214500455880045,0.6190908255291534,0.6344507575527049,0.6278880979121657,0.632697679992829,0.6282800879807457,0.6248542526556347,0.631082763883287,0.6195276338219348
2,2,0.27050730844212184,0.91784,5000,1.825259385285554,0.8357314148681055,834,1.8222440203157857,0.8318,0.8162548099562645,0.08356775975556464,,,,,,,0,0,5,0.1,0.5,0.6334830383751675,0.6302065005923041,1.0,0.6365246781637142,0.6321901491390731,0.632029177268811,0.6346486913424396,0.6312461391794955,0.6233794419916389,0.6315232416358998,0.6429035381231125,0.6162443024421197
2,3,0.27919718447337105,0.91456,5000,1.8142109005539506,0.8405275779376499,834,1.8222440203157857,0.8318,0.8122019580734892,0.0831957516912837,,,,,,,0,0,5,0.1,0.5,0.6279638422255337,0.6214500455880045,0.6365246781637142,1.0,0.6328645936945692,0.634178913726798,0.6285088032655868,0.6351342836736531,0.6299097773449248,0.6202201670223716,0.6280017937943417,0.611775056525339
2,4,0.2721557122649281,0.91732,5000,1.8172624420236658,0.8235294117647058,833,1.8222440203157857,0.8318,0.8095379225102157,0.08328889218086333,,,,,,,0,0,5,0.1,0.5,0.6301600148619403,0.6190908255291534,0.6321901491390731,0.6328645936945692,1.0,0.6345904276068215,0.6222865737767868,0.6235369631757213,0.6227642467637806,0.6214508092648835,0.6325536040664487,0.6077521666068306
2,5,0.2608526280974364,0.92084,5000,1.8213670606966372,0.8427370948379351,833,1.8222440203157857,0.8318,0.8149013879169884,0.08366939984837192,,,,,,,0,0,5,0.1,0.5,0.6278242954368475,0.6344507575527049,0.632029177268811,0.634178913726798,0.6345904276068215,1.0,0.6298550450139808,0.6337415579246101,0.6277935173295448,0.6251530393409126,0.634743925711246,0.6158188890268979
2,6,0.2732796022695175,0.91708,5000,1.8299225436316595,0.843937575030012,833,1.8222440203157857,0.8318,0.8115565019081226,0.08297566588766214,,,,,,,0,0,5,0.1,0.5,0.6295998452914755,0.6278880979121657,0.6346486913424396,0.6285088032655868,0.6222865737767868,0.6298550450139808,1.0,0.6359080789615015,0.6271068571141944,0.6317538001394517,0.6203635204910218,0.6137471509714026
2,7,0.2696341436409694,0.9218,5000,1.8390408136226513,0.8187274909963985,833,1.8222440203157857,0.8318,0.8130933604511815,0.08301701972398291,,,,,,,0,0,5,0.1,0.5,0.6304661614691638,0.632697679992829,0.6312461391794955,0.6351342836736531,0.6235369631757213,0.6337415579246101,0.6359080789615015,1.0,0.6255542911608107,0.6257990921064719,0.6286108852260186,0.6139187614746127
2,8,0.26769174768168263,0.91864,5000,1.8225837504422222,0.8391356542617047,833,1.8222440203157857,0.8318,0.8084372724711729,0.0835676057480779,,,,,,,0,0,5,0.1,0.5,0.625017397807565,0.6282800879807457,0.6233794419916389,0.6299097773449248,0.6227642467637806,0.6277935173295448,0.6271068571141944,0.6255542911608107,1.0,0.6165683173997379,0.6259359539364084,0.6141369528883093
2,9,0.28028928234722394,0.91336,5000,1.820476805722272,0.8127250900360145,833,1.8222440203157857,0.8318,0.8090618714361201,0.08319907574912298,,,,,,,0,0,5,0.1,0.5,0.6307991237981253,0.6248542526556347,0.6315232416358998,0.6202201670223716,0.6214508092648835,0.6251530393409126,0.6317538001394517,0.6257990921064719,0.6165683173997379,1.0,0.6324899429383282,0.6146180172619519
2,10,0.2536668850132709,0.92176,5000,1.8335172158700448,0.8331332533013205,833,1.8222440203157857,0.8318,0.8156999082734286,0.08395002466918532,,,,,,,0,0,5,0.1,0.5,0.6315375673223503,0.631082763883287,0.6429035381231125,0.6280017937943417,0.6325536040664487,0.634743925711246,0.6203635204910218,0.6286108852260186,0.6259359539364084,0.6324899429383282,1.0,0.6280651969215009
2,11,0.29299717049832175,0.91312,5000,1.8350337699607566,0.8115246098439376,833,1.8222440203157857,0.8318,0.798286612629413,0.08247127483145787,,,,,,,0,0,5,0.1,0.5,0.6171093460339377,0.6195276338219348,0.6162443024421197,0.611775056525339,0.6077521666068306,0.6158188890268979,0.6137471509714026,0.6139187614746127,0.6141369528883093,0.6146180172619519,0.6280651969215009,1.0
3,0,0.24940827145792877,0.925,5000,1.5750828937247947,0.9184652278177458,834,1.5930781295886054,0.9024,0.8045565520469407,0.08329469999564383,,,,,,,0,0,5,0.1,0.5,1.0,0.6130705067711917,0.61205207907091,0.6180088302909214,0.6246971298993332,0.6144484769198949,0.6168656855263329,0.6133811463331109,0.6188261207329215,0.6096233555623413,0.6229251703130667,0.6114408513357311
3,1,0.24723781653365512,0.92708,5000,1.5712861175890322,0.9160671462829736,834,1.5930781295886054,0.9024,0.8024690385471924,0.08353081204748945,,,,,,,0,0,5,0.1,0.5,0.6130705067711917,1.0,0.6206257613742366,0.6088551635254704,0.6192314657778643,0.6182501365903585,0.6136829385698278,0.6138653667013246,0.6103972352591709,0.6085756823640949,0.6222135292679841,0.6041157194597313
3,2,0.24255069958485045,0.92768,5000,1.5941420131259494,0.8992805755395683,834,1.5930781295886054,0.9024,0.8094225792270228,0.0836315215585126,,,,,,,0,0,5,0.1,0.5,0.61205207907091,0.6206257613742366,1.0,0.6228029528121706,0.6342807899386126,0.6183832522684326,0.6260143626812137,0.6188242160346087,0.6215710707199996,0.619136408642868,0.622877142618588,0.604577334206607
3,3,0.2582770319299618,0.9216,5000,1.5837638819659199,0.9016786570743405,834,1.5930781295886054,0.9024,0.8067785741173403,0.0832926932648298,,,,,,,0,0,5,0.1,0.5,0.6180088302909214,0.6088551635254704,0.6228029528121706,1.0,0.6334069649456335,0.625498439439779,0.6170178086572391,0.6134239602330674,0.6255648503023127,0.6120647953031351,0.6117555768504097,0.6089592014323638
3,4,0.25185967592676733,0.92408,5000,1.5852514814447474,0.9027611044417767,833,1.5930781295886054,0.9024,0.8105794237353461,0.08348703208801077,,,,,,,0,0,5,0.1,0.5,0.6246971298993332,0.6192314657778643,0.6342807899386126,0.6334069649456335,1.0,0.626162865461474,0.615341348693762,0.6176355847419922,0.616943310358184,0.617567463636009,0.6220988847215321,0.6061619274924838
3,5,0.23358660206127507,0.92828,5000,1.5872893377586648,0.9003601440576231,833,1.5930781295886054,0.9024,0.8076362777334669,0.0836365753021152,,,,,,,0,0,5,0.1,0.5,0.6144484769198949,0.6182501365903585,0.6183832522684326,0.625498439439779,0.626162865461474,1.0,0.6180250750732569,0.6149755755395505,0.6177194771320789,0.6174121092805388,0.6247665170549395,0.607766512520709
3,6,0.25181550988512247,0.92392,5000,1.6020044264970001,0.9003601440576231,833,1.5930781295886054,0.9024,0.8047693876067087,0.08307671409579367,,,,,,,0,0,5,0.1,0.5,0.6168656855263329,0.6136829385698278,0.6260143626812137,0.6170178086572391,0.615341348693762,0.6180250750732569,1.0,0.6156454309334606,0.6222519736003951,0.6150732724925978,0.6206485469733818,0.598217452797937
3,7,0.24974841304882697,0.9246,5000,1.614420007776331,0.9003601440576231,833,1.5930781295886054,0.9024,0.803388168926481,0.08305593902030693,,,,,,,0,0,5,0.1,0.5,0.6133811463331109,0.6138653667013246,0.6188242160346087,0.6134239602330674,0.6176355847419922,0.6149755755395505,0.6156454309334606,1.0,0.6166653855007304,0.6182500330452416,0.6182201359307656,0.6044877856975127
3,8,0.23783119830190186,0.92812,5000,1.5924445125791762,0.9123649459783914,833,1.5930781295886054,0.9024,0.8080464892388189,0.08358341179068172,,,,,,,0,0,5,0.1,0.5,0.6188261207329215,0.6103972352591709,0.6215710707199996,0.6255648503023127,0.616943310358184,0.6177194771320789,0.6222519736003951,0.6166653855007304,1.0,0.6232877014172629,0.6251943314978943,0.6094964630830235
3,9,0.24956197956707446,0.9256,5000,1.5919673575295343,0.8907563025210085,833,1.5930781295886054,0.9024,0.8033352354452569,0.0831747687916356,,,,,,,0,0,5,0.1,0.5,0.6096233555623413,0.6085756823640949,0.619136408642868,0.6120647953031351,0.617567463636009,0.6174121092805388,0.6150732724925978,0.6182500330452416,0.6232877014172629,1.0,0.6196045156365033,0.6034059153409745
3,10,0.23158280688818472,0.93056,5000,1.6027474403381348,0.8979591836734694,833,1.5930781295886054,0.9024,0.8096932168666289,0.08389434891393185,,,,,,,0,0,5,0.1,0.5,0.6229251703130667,0.6222135292679841,0.622877142618588,0.6117555768504097,0.6220988847215321,0.6247665170549395,0.6206485469733818,0.6182201359307656,0.6251943314978943,0.6196045156365033,1.0,0.6117088514324346
3,11,0.26875759626554835,0.92144,5000,1.610318281032421,0.8883553421368547,833,1.5930781295886054,0.9024,0.7932781917575565,0.0823414831310487,,,,,,,0,0,5,0.1,0.5,0.6114408513357311,0.6041157194597313,0.604577334206607,0.6089592014323638,0.6061619274924838,0.607766512520709,0.598217452797937,0.6044877856975127,0.6094964630830235,0.6034059153409745,0.6117088514324346,1.0
4,0,0.22939951341409404,0.9334,5000,1.3322599199083116,0.9424460431654677,834,1.3533430179467978,0.9278,0.7988303441890722,0.08350083982526818,,,,,,,0,0,5,0.1,0.5,1.0,0.5978780491682446,0.5983370379106734,0.5987179485426916,0.5962510272413155,0.6063447429999834,0.600882792181039,0.5943588247228871,0.607183397886258,0.604606930374185,0.6036407436570831,0.5966944989114746
4,1,0.22880167791940226,0.93364,5000,1.324473332475733,0.9376498800959233,834,1.3533430179467978,0.9278,0.790554115857358,0.08336794634288061,,,,,,,0,0,5,0.1,0.5,0.5978780491682446,1.0,0.5982862915550602,0.5856295623180066,0.5776799848561537,0.5978216708199383,0.5971007520701237,0.5978576209763358,0.5936171276777975,0.5911557315861523,0.5955500027342824,0.5924690714021026
4,2,0.22771205141796333,0.93164,5000,1.3513736504095573,0.9268585131894485,834,1.3533430179467978,0.9278,0.7940741623203337,0.083558463868029,,,,,,,0,0,5,0.1,0.5,0.5983370379106734,0.5982862915550602,1.0,0.5935742532812557,0.5925105957165775,0.5947315459844752,0.6003765786263852,0.5978445361026788,0.5908588916970519,0.592426723840093,0.608670295200838,0.5903493993110756
4,3,0.23836353460481022,0.92836,5000,1.3431612606401797,0.9268585131894485,834,1.3533430179467978,0.9278,0.7892601491336145,0.083163940082349,,,,,,,0,0,5,0.1,0.5,0.5987179485426916,0.5856295623180066,0.5935742532812557,1.0,0.5822318409749452,0.5982359299803414,0.5908070227944252,0.5960286150969989,0.5980422176208838,0.5874248738197289,0.5934943759642288,0.5896667807072862
4,4,0.23014157575905134,0.93012,5000,1.3424464110974912,0.921968787515006,833,1.3533430179467978,0.9278,0.7847101992146296,0.08313387285126521,,,,,,,0,0,5,0.1,0.5,0.5962510272413155,0.5776799848561537,0.5925105957165775,0.5822318409749452,1.0,0.5905041424962164,0.5858544556702205,0.587202676191463,0.5939178987633206,0.5868042860741646,0.599882617948971,0.5765413902409391
4,5,0.21509598657299,0.93484,5000,1.3427408668729994,0.9351740696278511,833,1.3533430179467978,0.9278,0.7977799984708217,0.08369176962260912,,,,,,,0,0,5,0.1,0.5,0.6063447429999834,0.5978216708199383,0.5947315459844752,0.5982359299803414,0.5905041424962164,1.0,0.599400109239422,0.607985384191217,0.6043984251996276,0.6023264973679703,0.6042621201150885,0.5872225150567811
4,6,0.2319431435915932,0.93196,5000,1.362508636933786,0.9231692677070829,833,1.3533430179467978,0.9278,0.794759571156678,0.08321288209488396,,,,,,,0,0,5,0.1,0.5,0.600882792181039,0.5971007520701237,0.6003765786263852,0.5908070227944252,0.5858544556702205,0.599400109239422,1.0,0.6016923835409285,0.6037864909926004,0.6019131850985056,0.5950639425666595,0.5903557159949576
4,7,0.22741736655663344,0.93264,5000,1.3780001666810777,0.9255702280912365,833,1.3533430179467978,0.9278,0.7948209934261037,0.08320119534287397,,,,,,,0,0,5,0.1,0.5,0.5943588247228871,0.5978576209763358,0.5978445361026788,0.5960286150969989,0.587202676191463,0.607985384191217,0.6016923835409285,1.0,0.5955861228879938,0.6000819139383472,0.5935633865478105,0.5957849290619329
4,8,0.21697636972460302,0.93396,5000,1.351070311334398,0.9387755102040817,833,1.3533430179467978,0.9278,0.7960996746841286,0.08359743418543776,,,,,,,0,0,5,0.1,0.5,0.607183397886258,0.5936171276777975,0.5908588916970519,0.5980422176208838,0.5939178987633206,0.6043984251996276,0.6037864909926004,0.5955861228879938,1.0,0.5967268044626468,0.600232115733282,0.5932172697499414
4,9,0.2265070979352922,0.93148,5000,1.35483392962703,0.9171668667466987,833,1.3533430179467978,0.9278,0.794145197948464,0.0832566644761887,,,,,,,0,0,5,0.1,0.5,0.604606930374185,0.5911557315861523,0.592426723840093,0.5874248738197289,0.5868042860741646,0.6023264973679703,0.6019131850985056,0.6000819139383472,0.5967268044626468,1.0,0.6066568521852435,0.590765321597777
4,10,0.21661339872368393,0.93348,5000,1.3609644616091694,0.9207683073229291,833,1.3533430179467978,0.9278,0.7979485597717727,0.0838694095371859,,,,,,,0,0,5,0.1,0.5,0.6036407436570831,0.5955500027342824,0.608670295200838,0.5934943759642288,0.599882617948971,0.6042621201150885,0.5950639425666595,0.5935633865478105,0.600232115733282,0.6066568521852435,1.0,0.592554681083198
4,11,0.24324843842465027,0.9282,5000,1.375275351383068,0.9171668667466987,833,1.3533430179467978,0.9278,0.7868456857259308,0.0824455817710286,,,,,,,0,0,5,0.1,0.5,0.5966944989114746,0.5924690714021026,0.5903493993110756,0.5896667807072862,0.5765413902409391,0.5872225150567811,0.5903557159949576,0.5957849290619329,0.5932172697499414,0.590765321597777,0.592554681083198,1.0
5,0,0.21054609931091878,0.938,5000,1.0859634589265894,0.9544364508393285,834,1.1090596611507404,0.9391,0.7834527836222248,0.0834819770801949,,,,,,,0,0,5,0.1,0.5,1.0,0.5827291103321484,0.5787977403845801,0.5674113409311591,0.5827207180788626,0.5756859251841709,0.5820528259989741,0.5706301160077718,0.5760935050722684,0.5858311651337179,0.5805716896424715,0.5725002925565547
5,1,0.210077048821529,0.93672,5000,1.0739580635671262,0.9484412470023981,834,1.1090596611507404,0.9391,0.7829961823012318,0.08337695122936992,,,,,,,0,0,5,0.1,0.5,0.5827291103321484,1.0,0.5820393271308452,0.5656229593631763,0.5733123531170562,0.5719452485996395,0.584630136108622,0.576228419250675,0.5730634628323259,0.5861388310655331,0.5803047045266747,0.5754247663667462
5,2,0.20506539680864544,0.93744,5000,1.1050445040067036,0.9376498800959233,834,1.1090596611507404,0.9391,0.7872068346429468,0.08365277950712552,,,,,,,0,0,5,0.1,0.5,0.5787977403845801,0.5820393271308452,1.0,0.5725238966779549,0.5872180013226468,0.5844683608681615,0.586975132282524,0.5802101521589248,0.5823817774695366,0.5795720917750814,0.5840196992631407,0.5717241314258968
5,3,0.2205597102203092,0.93436,5000,1.0983532402250502,0.9388489208633094,834,1.1090596611507404,0.9391,0.7748249113884006,0.08295258279475286,,,,,,,0,0,5,0.1,0.5,0.5674113409311591,0.5656229593631763,0.5725238966779549,1.0,0.5749819107824338,0.5747856711951574,0.5662241841340079,0.574702188481577,0.5712514203672042,0.5696600153073982,0.5754291944452669,0.5630986281177697
5,4,0.21233636767597525,0.93636,5000,1.0949658817715116,0.9387755102040817,833,1.1090596611507404,0.9391,0.7832447814661133,0.0832290489032191,,,,,,,0,0,5,0.1,0.5,0.5827207180788626,0.5733123531170562,0.5872180013226468,0.5749819107824338,1.0,0.5835508153161393,0.5763038549711761,0.5737703736006349,0.5776887388106574,0.577266740699129,0.5812242194736655,0.5667522848596791
5,5,0.1983021118417145,0.9406,5000,1.0931141045358446,0.9507803121248499,833,1.1090596611507404,0.9391,0.7819495487032504,0.08355681001629123,,,,,,,0,0,5,0.1,0.5,0.5756859251841709,0.5719452485996395,0.5844683608681615,0.5747856711951574,0.5835508153161393,1.0,0.5709519454729736,0.5773352204719788,0.5783797598863588,0.5728992211840002,0.5852183064374014,0.564585081006203
5,6,0.211984602560046,0.9352,5000,1.1194976369539897,0.9315726290516206,833,1.1090596611507404,0.9391,0.7822523099790154,0.08324696796973349,,,,,,,0,0,5,0.1,0.5,0.5820528259989741,0.584630136108622,0.586975132282524,0.5662241841340079,0.5763038549711761,0.5709519454729736,1.0,0.5788548654041198,0.5786799756570038,0.5815491119678926,0.5772775450056831,0.5615831599078603
5,7,0.20894344662713588,0.9372,5000,1.1361665063434176,0.936374549819928,833,1.1090596611507404,0.9391,0.7817898868541355,0.08322285751382485,,,,,,,0,0,5,0.1,0.5,0.5706301160077718,0.576228419250675,0.5802101521589248,0.574702188481577,0.5737703736006349,0.5773352204719788,0.5788548654041198,1.0,0.5822425821405623,0.5768989399417835,0.5799556862042365,0.5700574364950767
5,8,0.20570310039955908,0.93764,5000,1.1045153869522943,0.9471788715486195,833,1.1090596611507404,0.9391,0.7843007065609867,0.08357649316161132,,,,,,,0,0,5,0.1,0.5,0.5760935050722684,0.5730634628323259,0.5823817774695366,0.5712514203672042,0.5776887388106574,0.5783797598863588,0.5786799756570038,0.5822425821405623,1.0,0.5772458145716424,0.583654866936459,0.5818766119533215
5,9,0.21150595085208962,0.9366,5000,1.115163681683717,0.9279711884753902,833,1.1090596611507404,0.9391,0.7841257904831571,0.08334226357763148,,,,,,,0,0,5,0.1,0.5,0.5858311651337179,0.5861388310655331,0.5795720917750814,0.5696600153073982,0.577266740699129,0.5728992211840002,0.5815491119678926,0.5768989399417835,0.5772458145716424,1.0,0.5860864733924037,0.5693450131886076
5,10,0.19764959288725428,0.94032,5000,1.1127796747066356,0.9267707082833133,833,1.1090596611507404,0.9391,0.788022891710686,0.08388963279264296,,,,,,,0,0,5,0.1,0.5,0.5805716896424715,0.5803047045266747,0.5840196992631407,0.5754291944452669,0.5812242194736655,0.5852183064374014,0.5772775450056831,0.5799556862042365,0.583654866936459,0.5860864733924037,1.0,0.582384398613328
5,11,0.2245850020426379,0.93416,5000,1.13457335807659,0.9303721488595438,833,1.1090596611507404,0.9391,0.7748201116132559,0.08247163545360248,,,,,,,0,0,5,0.1,0.5,0.5725002925565547,0.5754247663667462,0.5717241314258968,0.5630986281177697,0.5667522848596791,0.564585081006203,0.5615831599078603,0.5700574364950767,0.5818766119533215,0.5693450131886076,0.582384398613328,1.0
6,0,0.1961851104506689,0.94172,5000,0.8582476951457836,0.9568345323741008,834,0.8823555538448663,0.9483,0.7733273377311815,0.08354899490898268,,,,,,,0,0,5,0.1,0.5,1.0,0.5587938128828275,0.5587319860259142,0.5471495681478229,0.561491196553518,0.5671616871753902,0.5616918471926055,0.5496949323705971,0.5592469717742254,0.5572306293491491,0.5699357822501054,0.5541924038174966
6,1,0.19485437194668467,0.9424,5000,0.8422748645146688,0.9628297362110312,834,0.8823555538448663,0.9483,0.7718747757076608,0.08342689987965035,,,,,,,0,0,5,0.1,0.5,0.5587938128828275,1.0,0.5563999451649541,0.5478827747888179,0.5603062311921203,0.5665693232944549,0.5624419398652356,0.5582345437195971,0.554824362161893,0.5603567117964109,0.5608736097160953,0.5457810745063734
6,2,0.19404878945944085,0.94136,5000,0.8766746852133009,0.9448441247002398,834,0.8823555538448663,0.9483,0.7716909920761705,0.08360596582493768,,,,,,,0,0,5,0.1,0.5,0.5587319860259142,0.5563999451649541,1.0,0.5463553336256075,0.5655050022662196,0.5606931638548726,0.5651441162204284,0.5580744010797499,0.5468954856490856,0.5520326836509549,0.5731862929429191,0.5462438873708813
6,3,0.2009135457604032,0.94068,5000,0.8720760389610573,0.947242206235012,834,0.8823555538448663,0.9483,0.759374174078141,0.08269874592208708,,,,,,,0,0,5,0.1,0.5,0.5471495681478229,0.5478827747888179,0.5463553336256075,1.0,0.5558299948343166,0.5511095899168568,0.544536178893509,0.5480324304193498,0.5479356322542511,0.5410329932044455,0.553721330940031,0.53569155344285
6,4,0.19677445590911302,0.94064,5000,0.8658271255316558,0.9555822328931572,833,0.8823555538448663,0.9483,0.7729463872303318,0.08336533870695265,,,,,,,0,0,5,0.1,0.5,0.561491196553518,0.5603062311921203,0.5655050022662196,0.5558299948343166,1.0,0.5736733865053751,0.556465012497243,0.5563099135416503,0.5551750336139303,0.5564669311189455,0.5661472514086513,0.5356052768067503
6,5,0.17995275122226234,0.94512,5000,0.8611841510843348,0.9591836734693877,833,0.8823555538448663,0.9483,0.7778913037402316,0.08376095086925128,,,,,,,0,0,5,0.1,0.5,0.5671616871753902,0.5665693232944549,0.5606931638548726,0.5511095899168568,0.5736733865053751,1.0,0.5621267569586381,0.5620079289189318,0.5627234284849189,0.5625395453286658,0.5713741622910786,0.5470733270377778
6,6,0.19892373168544406,0.93968,5000,0.8937496763688547,0.943577430972389,833,0.8823555538448663,0.9483,0.7718143777011199,0.08333731014089268,,,,,,,0,0,5,0.1,0.5,0.5616918471926055,0.5624419398652356,0.5651441162204284,0.544536178893509,0.556465012497243,0.5621267569586381,1.0,0.5643136751982314,0.5602358513232817,0.5498315789636226,0.5589277795067169,0.5468444663039878
6,7,0.19375849442473453,0.9406,5000,0.9109741228598135,0.9411764705882353,833,0.8823555538448663,0.9483,0.7709016336791247,0.08328876881378405,,,,,,,0,0,5,0.1,0.5,0.5496949323705971,0.5582345437195971,0.5580744010797499,0.5480324304193498,0.5563099135416503,0.5620079289189318,0.5643136751982314,1.0,0.558729610744246,0.5604823600872981,0.563557964694023,0.5448311631471705
6,8,0.18695921044689928,0.9436,5000,0.8764860497580634,0.9507803121248499,833,0.8823555538448663,0.9483,0.7685688434432189,0.08344408655957712,,,,,,,0,0,5,0.1,0.5,0.5592469717742254,0.554824362161893,0.5468954856490856,0.5479356322542511,0.5551750336139303,0.5627234284849189,0.5602358513232817,0.558729610744246,1.0,0.5506187126801182,0.5561700398431555,0.5483906925447517
6,9,0.2005400022889256,0.93984,5000,0.8928428579259802,0.936374549819928,833,0.8823555538448663,0.9483,0.7676410001540899,0.08325364513997735,,,,,,,0,0,5,0.1,0.5,0.5572306293491491,0.5603567117964109,0.5520326836509549,0.5410329932044455,0.5564669311189455,0.5625395453286658,0.5498315789636226,0.5604823600872981,0.5506187126801182,1.0,0.5592041616123137,0.5437129268032436
6,10,0.1828117022106934,0.94484,5000,0.8821817504035102,0.9411764705882353,833,0.8823555538448663,0.9483,0.7777637271943151,0.08398035225970438,,,,,,,0,0,5,0.1,0.5,0.5699357822501054,0.5608736097160953,0.5731862929429191,0.553721330940031,0.5661472514086513,0.5713741622910786,0.5589277795067169,0.563557964694023,0.5561700398431555,0.5592041616123137,1.0,0.5510753603877961
6,11,0.2095965106986392,0.93988,5000,0.9099458036599336,0.9399759903961584,833,0.8823555538448663,0.9483,0.7569389812258958,0.08228894097420268,,,,,,,0,0,5,0.1,0.5,0.5541924038174966,0.5457810745063734,0.5462438873708813,0.53569155344285,0.5356052768067503,0.5470733270377778,0.5468444663039878,0.5448311631471705,0.5483906925447517,0.5437129268032436,0.5510753603877961,1.0
7,0,0.1848390728169993,0.94484,5000,0.6604301973625466,0.9556354916067147,834,0.6846857447022447,0.9525,0.7547706147510475,0.08357827548371963,,,,,,,0,0,5,0.1,0.5,1.0,0.5324715029942634,0.5249109264489689,0.5201422930556588,0.5301342187917208,0.5266888646026653,0.5331459203765624,0.519543038225231,0.5400101892985391,0.525956266161562,0.529543676085907,0.5273549881604273
7,1,0.1765556290742769,0.94908,5000,0.642007052898407,0.9700239808153477,834,0.6846857447022447,0.9525,0.7510903266917321,0.08336417030388764,,,,,,,0,0,5,0.1,0.5,0.5324715029942634,1.0,0.5209021231461326,0.5166155932953334,0.522379471352741,0.5298048403982959,0.5316387301863099,0.5263432878750447,0.5263258010297434,0.5298757939563827,0.5257496642597287,0.5151436446554181
7,2,0.1783047055855251,0.94596,5000,0.6789557426064102,0.9496402877697842,834,0.6846857447022447,0.9525,0.7482160309176573,0.08338300973799599,,,,,,,0,0,5,0.1,0.5,0.5249109264489689,0.5209021231461326,1.0,0.5223327009656632,0.5287037453467737,0.524351260101672,0.529830566037705,0.5198090135522472,0.5249930306148216,0.5194755731681117,0.5225654932969671,0.5124766321657023
7,3,0.1900452847260341,0.94244,5000,0.6760106395792078,0.9484412470023981,834,0.6846857447022447,0.9525,0.7497308445509242,0.08282197854444921,,,,,,,0,0,5,0.1,0.5,0.5201422930556588,0.5166155932953334,0.5223327009656632,1.0,0.5298969539634919,0.5304942183233238,0.523643385550149,0.5245564378939858,0.5370567624200875,0.5223130947660808,0.5254467505130961,0.5167286786921432
7,4,0.18532895410365194,0.94468,5000,0.665959393536603,0.9603841536614646,833,0.6846857447022447,0.9525,0.7521726826745521,0.08336105489737541,,,,,,,0,0,5,0.1,0.5,0.5301342187917208,0.522379471352741,0.5287037453467737,0.5298969539634919,1.0,0.5361621329237166,0.5186744082313672,0.5215589538101485,0.5319756400547841,0.5228414851813714,0.5313383561632102,0.513676440591762
7,5,0.16805525453150225,0.94984,5000,0.6604724449140055,0.9615846338535414,833,0.6846857447022447,0.9525,0.7552989937651771,0.08374083381313334,,,,,,,0,0,5,0.1,0.5,0.5266888646026653,0.5298048403982959,0.524351260101672,0.5304942183233238,0.5361621329237166,1.0,0.528108571250336,0.5300790831133638,0.5343332808978101,0.5268092718987949,0.5299916515426326,0.5166003458712285
7,6,0.1860910347751846,0.94336,5000,0.6966625661761673,0.9447779111644657,833,0.6846857447022447,0.9525,0.7531715558335085,0.08337769526356799,,,,,,,0,0,5,0.1,0.5,0.5331459203765624,0.5316387301863099,0.529830566037705,0.523643385550149,0.5186744082313672,0.528108571250336,1.0,0.5255387593578398,0.5380146513252484,0.5313197460470759,0.5223524000317901,0.5143022631896872
7,7,0.18582613805937728,0.94348,5000,0.7128768386664214,0.9483793517406963,833,0.6846857447022447,0.9525,0.7519735339864636,0.08330203498993931,,,,,,,0,0,5,0.1,0.5,0.519543038225231,0.5263432878750447,0.5198090135522472,0.5245564378939858,0.5215589538101485,0.5300790831133638,0.5255387593578398,1.0,0.5311404903844378,0.5363662337887324,0.5280138082889424,0.5232371001201163
7,8,0.17465790154436117,0.94716,5000,0.6769450527650339,0.9627851140456183,833,0.6846857447022447,0.9525,0.760113573373202,0.08369780497161823,,,,,,,0,0,5,0.1,0.5,0.5400101892985391,0.5263258010297434,0.5249930306148216,0.5370567624200875,0.5319756400547841,0.5343332808978101,0.5380146513252484,0.5311404903844378,1.0,0.5372564464473735,0.527897092954128,0.5298499153182348
7,9,0.18992207216626852,0.94096,5000,0.6994486931297514,0.9375750300120048,833,0.6846857447022447,0.9525,0.7523933360112628,0.08329320158419413,,,,,,,0,0,5,0.1,0.5,0.525956266161562,0.5298757939563827,0.5194755731681117,0.5223130947660808,0.5228414851813714,0.5268092718987949,0.5313197460470759,0.5363662337887324,0.5372564464473735,1.0,0.5269942816084512,0.5107849871957372
7,10,0.16413491802767607,0.95084,5000,0.6806304808016177,0.9483793517406963,833,0.6846857447022447,0.9525,0.7530693044605131,0.08381002214684759,,,,,,,0,0,5,0.1,0.5,0.529543676085907,0.5257496642597287,0.5225654932969671,0.5254467505130961,0.5313383561632102,0.5299916515426326,0.5223524000317901,0.5280138082889424,0.527897092954128,0.5269942816084512,1.0,0.5222164307873077
7,11,0.19786776493119587,0.94204,5000,0.71255639968095,0.9423769507803121,833,0.6846857447022447,0.9525,0.742046175309446,0.08226991826327143,,,,,,,0,0,5,0.1,0.5,0.5273549881604273,0.5151436446554181,0.5124766321657023,0.5167286786921432,0.513676440591762,0.5166003458712285,0.5143022631896872,0.5232371001201163,0.5298499153182348,0.5107849871957372,0.5222164307873077,1.0
8,0,0.18514207587844342,0.94576,5000,0.4986176203798365,0.9556354916067147,834,0.5222577769725848,0.9559,0.7260862220266078,0.08318837240739599,,,,,,,0,0,5,0.1,0.5,1.0,0.5008992288151223,0.4912418264241615,0.48412185585861817,0.4936892406269113,0.4884219172393486,0.49744825800094133,0.4790995833413923,0.4910759340170255,0.4982238744530827,0.4898481314561162,0.4865556018705072
8,1,0.17051384271905537,0.94936,5000,0.47908406069985143,0.9700239808153477,834,0.5222577769725848,0.9559,0.7419463854063629,0.08361228764992708,,,,,,,0,0,5,0.1,0.5,0.5008992288151223,1.0,0.5029772891475963,0.49929200552966596,0.4969461505212428,0.5141574000257536,0.5086392367957598,0.49892488878750574,0.5035735548854944,0.5136097137341742,0.5038156027410811,0.4989096206926325
8,2,0.17243931733522636,0.94848,5000,0.5169929012104317,0.9520383693045563,834,0.5222577769725848,0.9559,0.7365483398444811,0.08343110178134673,,,,,,,0,0,5,0.1,0.5,0.4912418264241615,0.5029772891475963,1.0,0.49285304185911055,0.5058711746426996,0.5042397167229486,0.5028482591217591,0.5012895049247794,0.4961057282710028,0.5039331792731817,0.5019183009565725,0.49073032681810336
8,3,0.17493250835864882,0.94692,5000,0.5164486953505764,0.9520383693045563,834,0.5222577769725848,0.9559,0.732144998214079,0.08288960601102965,,,,,,,0,0,5,0.1,0.5,0.48412185585861817,0.49929200552966596,0.49285304185911055,1.0,0.4992684493025233,0.5003188184922329,0.49348992628939137,0.4976683549893882,0.5006713231179785,0.49670381306429967,0.5033069844528375,0.4909202413888771
8,4,0.16891400095484677,0.94772,5000,0.5017815568932781,0.9651860744297719,833,0.5222577769725848,0.9559,0.7328408087238909,0.08328282436156738,,,,,,,0,0,5,0.1,0.5,0.4936892406269113,0.4969461505212428,0.5058711746426996,0.4992684493025233,1.0,0.5068805864732653,0.4910595984464905,0.48840953457107517,0.4982546877831749,0.49679390642880683,0.5010571396244258,0.48313529457765253
8,5,0.1567715040858906,0.95476,5000,0.49699498933774455,0.9627851140456183,833,0.5222577769725848,0.9559,0.7397178660873472,0.08378944692081364,,,,,,,0,0,5,0.1,0.5,0.4884219172393486,0.5141574000257536,0.5042397167229486,0.5003188184922329,0.5068805864732653,1.0,0.5012999308108338,0.5017021388400138,0.5053930447387196,0.49835070699642625,0.5073077772778248,0.4917440461059727
8,6,0.174086552245578,0.946,5000,0.534960898536223,0.9519807923169268,833,0.5222577769725848,0.9559,0.7368720554226571,0.08343910905740883,,,,,,,0,0,5,0.1,0.5,0.49744825800094133,0.5086392367957598,0.5028482591217591,0.49348992628939137,0.4910595984464905,0.5012999308108338,1.0,0.49981662896889384,0.5072522332701359,0.5041428235703962,0.49818077502924024,0.49271710805030966
8,7,0.17339427249897627,0.94788,5000,0.5485035556334036,0.9531812725090036,833,0.5222577769725848,0.9559,0.7326682157504222,0.0832363075325496,,,,,,,0,0,5,0.1,0.5,0.4790995833413923,0.49892488878750574,0.5012895049247794,0.4976683549893882,0.48840953457107517,0.5017021388400138,0.49981662896889384,1.0,0.5019327131343704,0.5029500473711537,0.4958980129285247,0.4927091188560836
