round,client_id,client_i_training_loss,client_i_training_accuracy,client_i_training_dataset_size,client_i_evaluation_loss,client_i_evaluation_accuracy,client_i_evaluation_dataset_size,client_i_central_evaluation_loss,client_i_central_evaluation_accuracy,client_i_cosine_similarity,client_i_importance_coefficient,client_i_tanh_val,tanh_normalization_value,client_i_q,client_i_mask_order,client_i_v_nonzero_fraction,client_i_v_sparsity,client_i_v_cosine_similarity,client_i_reward_gradient_norm,local_epochs,learning_rate,gamma,client_0_cosine_similarity,client_1_cosine_similarity,client_2_cosine_similarity,client_3_cosine_similarity,client_4_cosine_similarity,client_5_cosine_similarity,client_6_cosine_similarity,client_7_cosine_similarity,client_8_cosine_similarity,client_9_cosine_similarity,client_10_cosine_similarity,client_11_cosine_similarity
0,0,2.2888007886482007,0.13820494360451163,4167,2.2993696417127336,0.11031175059952038,834,2.2986181476448158,0.1107,0.9666184135112795,0.08261668713606561,,,0.7952936674277896,,0.7953326401610801,0.20466735983891993,0,0.14609235748585764,10,0.025,0.15,1.0,0.9614730479271018,0.9335215360489909,0.9234075278063829,0.9514034909475511,0.9298433936109628,0.9491367055747494,0.9226065168472194,0.9458021415448491,0.8932411691852907,0.9493755827771011,0.9496525056948246
0,1,2.288641007018812,0.11516678665706744,4167,2.2969864777156284,0.11031175059952038,834,2.2985955401311946,0.1106,0.9792693145533903,0.08369795717890366,,,0.8995442509561188,,0.8995807958277632,0.10041920417223682,0,0.14619715522948415,10,0.025,0.15,0.9614730479271018,1.0,0.9425868393803399,0.934793898330368,0.9647614592195908,0.9578132314319958,0.9593113549400806,0.9415197794993381,0.9517795468883132,0.9177280815798526,0.959144519023253,0.9665697464002052
0,2,2.284441755757187,0.12738180945524358,4167,2.296327931540353,0.11750599520383694,834,2.298571643950064,0.1106,0.9799841492431438,0.08375905396031386,,,0.9054348933131362,,0.9054727599808552,0.09452724001914481,0,0.14624830852873935,10,0.025,0.15,0.9335215360489909,0.9425868393803399,1.0,0.9534605294697555,0.9599937690918741,0.936574584165276,0.9472184096619122,0.9628806794715249,0.9568316966590461,0.948531970395361,0.9598486051584695,0.9644040551584692
0,3,2.2871290597048675,0.1269738420926326,4167,2.3019117627825056,0.09592326139088729,834,2.298620408094382,0.1107,0.9634607297157228,0.08234680051838317,,,0.7692725660699524,,0.7693221765608754,0.23067782343912457,0,0.1460808511425792,10,0.025,0.15,0.9234075278063829,0.934793898330368,0.9534605294697555,1.0,0.9376699229495796,0.9133971920355877,0.9320343275738309,0.9426809466902754,0.9316114582753185,0.9000286788915893,0.9444428722682249,0.9589934787695248
0,4,2.285704520254424,0.1283177345812335,4167,2.297687360218593,0.10204081632653061,833,2.298571710345111,0.1106,0.9802566965653634,0.08378234852674758,,,0.9076808374783711,,0.907733821854731,0.09226617814526905,0,0.1462485526619981,10,0.025,0.15,0.9514034909475511,0.9647614592195908,0.9599937690918741,0.9376699229495796,1.0,0.9469709205644493,0.9536213910281849,0.9390923191734312,0.9512244518886936,0.9425192969827791,0.9606904296012918,0.9610904041084386
0,5,2.286868179928173,0.12229421646268299,4167,2.2994024753570557,0.11764705882352941,833,2.2985964183565937,0.1107,0.9729864783174945,0.08316096439211967,,,0.8477701250164076,,0.847815682197026,0.15218431780297403,0,0.1461902757971442,10,0.025,0.15,0.9298433936109628,0.9578132314319958,0.936574584165276,0.9133971920355877,0.9469709205644493,1.0,0.9482289898354248,0.9504609021666234,0.9614283378219511,0.9282251119685104,0.9581883751025297,0.9528482327270174
0,6,2.283510275320573,0.1380849532037437,4167,2.3028649262019565,0.07923169267707082,833,2.298596077327487,0.1106,0.9741988603071603,0.08326458644414099,,,0.8577608386787142,,0.8578089155155056,0.14219108448449436,0,0.1461920002163697,10,0.025,0.15,0.9491367055747494,0.9593113549400806,0.9472184096619122,0.9320343275738309,0.9536213910281849,0.9482289898354248,1.0,0.9584766152330524,0.9482593534961141,0.893351684484078,0.9453952992607586,0.9631167934161933
0,7,2.284336298162287,0.13820494360451163,4167,2.3013739245278493,0.11044417767106843,833,2.2985956548135493,0.1106,0.9774629158636078,0.08354356463546489,,,0.8846585035403594,,0.8847106005842452,0.11528939941575478,0,0.14619582241766296,10,0.025,0.15,0.9226065168472194,0.9415197794993381,0.9628806794715249,0.9426809466902754,0.9390923191734312,0.9504609021666234,0.9584766152330524,1.0,0.9652390891434025,0.9343911250344062,0.9561253534610452,0.9628805425105063
0,8,2.2873182744690865,0.13655784925588094,4166,2.2973598752702986,0.11644657863145258,833,2.2985717405246784,0.1106,0.9818358172495826,0.08391731566341148,,,0.9206936855153226,,0.9207308016041986,0.07926919839580138,0,0.14624926220769344,10,0.025,0.15,0.9458021415448491,0.9517795468883132,0.9568316966590461,0.9316114582753185,0.9512244518886936,0.9614283378219511,0.9482593534961141,0.9652390891434025,1.0,0.9455879738295583,0.9719700997304502,0.9577923426634188
0,9,2.282930040359497,0.13629380700912147,4166,2.298142126628331,0.13445378151260504,833,2.2986189262776433,0.1107,0.9550544422051508,0.08162831676561257,,,0.7,,0.7000132032810154,0.29998679671898465,0,0.14594451031707986,10,0.025,0.15,0.8932411691852907,0.9177280815798526,0.948531970395361,0.9000286788915893,0.9425192969827791,0.9282251119685104,0.893351684484078,0.9343911250344062,0.9455879738295583,1.0,0.9404205349442774,0.930168649449001
0,10,2.289549209132339,0.12273163706192991,4166,2.2986278193337575,0.10084033613445378,833,2.298571794847899,0.1106,0.9835184365219826,0.08406112880420612,,,0.9345594204870699,,0.9346024987209322,0.06539750127906785,0,0.14624975579848146,10,0.025,0.15,0.9493755827771011,0.959144519023253,0.9598486051584695,0.9444428722682249,0.9606904296012918,0.9581883751025297,0.9453952992607586,0.9561253534610452,0.9719700997304502,0.9404205349442774,1.0,0.9616096322483023
0,11,2.288788399551854,0.12479596735477677,4166,2.2956841673169817,0.13205282112845138,833,2.2985717556144616,0.1106,0.98539216456858,0.08422127597463037,,,0.9499999999035851,,0.9500173293063326,0.04998267069366735,0,0.1462501916320061,10,0.025,0.15,0.9496525056948246,0.9665697464002052,0.9644040551584692,0.9589934787695248,0.9610904041084386,0.9528482327270174,0.9631167934161933,0.9628805425105063,0.9577923426634188,0.930168649449001,0.9616096322483023,1.0
1,0,2.1860824783643085,0.18900887928965682,4167,2.2880015713827953,0.1211031175059952,834,2.2875244949437397,0.1163,0.9858675170494735,0.0827965026030068,,,0.7889545153463332,,0.788986813223086,0.21101318677691405,0.8318402636144282,0.1482677976126647,10,0.025,0.15,1.0,0.9768286041783216,0.9762444849656594,0.9716076903871154,0.9786575739392045,0.9693390014179445,0.9642576779964955,0.964685089730159,0.975631141979583,0.9696375456234907,0.9748199382644335,0.9767004695682318
1,1,2.193141289552053,0.17840172786177105,4167,2.2861087322235107,0.11750599520383694,834,2.287506634676004,0.1161,0.9912412471301729,0.08363619629188114,,,0.9040014109788205,,0.9040451552210724,0.09595484477892757,0.8313019014836897,0.14832174918398844,10,0.025,0.15,0.9768286041783216,1.0,0.9778491800647643,0.9762182554874118,0.9813804590326958,0.9802370817011481,0.9753496546,0.9784768078472845,0.9788146789642145,0.9731973366318973,0.9800181739994334,0.983465158448526
1,2,2.1822167577165548,0.18240940724742022,4167,2.284655673163278,0.12470023980815348,834,2.2874852102014085,0.1161,0.9895924123494784,0.08362038607098524,,,0.901835243890229,,0.9018831179548118,0.0981168820451882,0.830409415019724,0.1483215867301511,10,0.025,0.15,0.9762444849656594,0.9778491800647643,1.0,0.9715597841448698,0.9795987213403149,0.9746824362436219,0.9689743585806654,0.9767861507708004,0.9801981061713787,0.9754843631883832,0.9792700555963988,0.9816066643922357
1,3,2.198133321603139,0.1744180465562755,4167,2.2904329981122697,0.10431654676258993,834,2.287532878827445,0.1165,0.985960985302646,0.08263339751432296,,,0.7666073971488704,,0.766640260104636,0.23335973989536396,0.8316664976220242,0.14825618980622035,10,0.025,0.15,0.9716076903871154,0.9762182554874118,0.9715597841448698,1.0,0.9730311434367273,0.9714548350629302,0.9670465150844463,0.9750948804829412,0.9738053727121673,0.964543822559571,0.9784285235344204,0.9767334919141847
1,4,2.178838846900246,0.18677705783537318,4167,2.2866709232330322,0.09963985594237695,833,2.2874850985370103,0.1161,0.9908389016555067,0.08367510952664609,,,0.9093329347452151,,0.9093842319816474,0.09061576801835258,0.8304167514037272,0.14832230563458218,10,0.025,0.15,0.9786575739392045,0.9813804590326958,0.9795987213403149,0.9730311434367273,1.0,0.978490067910852,0.9730471053648495,0.9751524512273323,0.979426438428579,0.9776008190728728,0.9817166928628271,0.9790309502216572
1,5,2.183112661405043,0.1777297816174706,4167,2.2878687381744385,0.11764705882352941,833,2.287507211105733,0.1161,0.9898013448166563,0.08325899091402832,,,0.8523202940276827,,0.8523543100460464,0.14764568995395355,0.8313725458291383,0.1483085195108585,10,0.025,0.15,0.9693390014179445,0.9802370817011481,0.9746824362436219,0.9714548350629302,0.978490067910852,1.0,0.9771812709592055,0.9790400405428196,0.9835355895497506,0.973397675629746,0.9759069209143871,0.9815501800917529
1,6,2.167477830251058,0.1890808735301176,4167,2.2920221260615756,0.07803121248499399,833,2.2875067252147048,0.1161,0.9851142725540235,0.08317092422795373,,,0.8402542287758359,,0.8402898120182866,0.15971018798171344,0.8313650955719085,0.14830522049973646,10,0.025,0.15,0.9642576779964955,0.9753496546,0.9689743585806654,0.9670465150844463,0.9730471053648495,0.9771812709592055,1.0,0.9799259114473088,0.9742590689542153,0.9584919228245948,0.9752585652151903,0.9751926361612907
1,7,2.1773772702072605,0.19265658747300216,4167,2.2896950244903564,0.11884753901560624,833,2.287504766560808,0.1161,0.9886827239999036,0.08345826562906768,,,0.8796230326895162,,0.8796603455958806,0.12033965440411942,0.8314672884274482,0.14831662312552923,10,0.025,0.15,0.964685089730159,0.9784768078472845,0.9767861507708004,0.9750948804829412,0.9751524512273323,0.9790400405428196,0.9799259114473088,1.0,0.9791594784318648,0.9663981205836231,0.9765939325373248,0.9800500578182106
1,8,2.1862920461278974,0.18067690830532884,4166,2.286438533238002,0.12965186074429771,833,2.287484884262085,0.1161,0.9916187155429634,0.08378345545903577,,,0.9241774707242232,,0.9242214190226271,0.07577858097737289,0.8304259946123607,0.14832333354397836,10,0.025,0.15,0.975631141979583,0.9788146789642145,0.9801981061713787,0.9738053727121673,0.979426438428579,0.9835355895497506,0.9742590689542153,0.9791594784318648,1.0,0.9794240040815644,0.9825342867009014,0.9795812107721669
1,9,2.169784622481375,0.18365338454152663,4166,2.288152183805193,0.13445378151260504,833,2.287582300886323,0.1141,0.9846068064528241,0.08214724957690343,,,0.7,,0.7000132032810154,0.29998679671898465,0.8287291927237248,0.14814997608404692,10,0.025,0.15,0.9696375456234907,0.9731973366318973,0.9754843631883832,0.964543822559571,0.9776008190728728,0.973397675629746,0.9584919228245948,0.9663981205836231,0.9794240040815644,1.0,0.9727855230805896,0.9728221614259459
1,10,2.194128678422986,0.17808449351896302,4166,2.287499870572771,0.11284513805522209,833,2.287484775615644,0.1161,0.9908660068457112,0.08384759562906996,,,0.9329653508113835,,0.9329933488471885,0.06700665115281146,0.8304690274812705,0.1483237631955061,10,0.025,0.15,0.9748199382644335,0.9800181739994334,0.9792700555963988,0.9784285235344204,0.9817166928628271,0.9759069209143871,0.9752585652151903,0.9765939325373248,0.9825342867009014,0.9727855230805896,1.0,0.9799614407862424
1,11,2.1925349553426106,0.18247719635141624,4166,2.285432440893991,0.12965186074429771,833,2.287484525125238,0.1161,0.9916607905969324,0.08397192655709879,,,0.9499999998629894,,0.9500173293063326,0.04998267069366735,0.8304882850320775,0.1483257090709809,10,0.025,0.15,0.9767004695682318,0.983465158448526,0.9816066643922357,0.9767334919141847,0.9790309502216572,0.9815501800917529,0.9751926361612907,0.9800500578182106,0.9795812107721669,0.9728221614259459,0.9799614407862424,1.0
2,0,2.102629976200335,0.2235901127909767,4167,2.271082639694214,0.17386091127098321,834,2.270885983599892,0.1687,0.9833312726427387,0.08289382745644264,,,0.7700239709101819,,0.7700648611179878,0.22993513888201222,0.9548856782244511,0.14790317151098648,10,0.025,0.15,1.0,0.9710973793047264,0.9711826468878398,0.9722678167481907,0.9728466947480217,0.9639747164717023,0.9548889222079706,0.9609623893109575,0.9716268242194556,0.9672339651082154,0.9692944500481186,0.9677585193620559
2,1,2.11162403569077,0.21715862730981522,4167,2.2696167400905063,0.16666666666666666,834,2.2708040762551223,0.1696,0.9892401074838267,0.08360273961185091,,,0.9162357214972816,,0.9162664422108894,0.08373355778911062,0.9558257987858211,0.14800087752489427,10,0.025,0.15,0.9710973793047264,1.0,0.9745517123168324,0.9711708585671466,0.977930246251954,0.9770031394171645,0.9687231316206365,0.9729085429364397,0.9745692426067148,0.9731839454735763,0.9753940832318626,0.9762188247557366
2,2,2.104909167145238,0.21823854091672668,4167,2.2672028882162913,0.18345323741007194,834,2.27078821387472,0.1697,0.9868678440943955,0.08351607821330304,,,0.8983619769249178,,0.8984007525870179,0.1015992474129821,0.9557496640652836,0.14799450337342615,10,0.025,0.15,0.9711826468878398,0.9745517123168324,1.0,0.9667406983075433,0.9736294009160921,0.9731610595491952,0.9619453716625304,0.9706080618024097,0.975141965862009,0.9715051247145182,0.972557187042239,0.973622473779808
2,3,2.1208640380339188,0.2113270938324934,4167,2.273414100919451,0.15347721822541965,834,2.270899292788928,0.1687,0.9848448057903063,0.08284241851868855,,,0.7594209776796326,,0.759460976052549,0.24053902394745097,0.9547883190881906,0.1478913081152969,10,0.025,0.15,0.9722678167481907,0.9711708585671466,0.9667406983075433,1.0,0.9731915384939126,0.9698198507030508,0.9586974573415621,0.966781701652134,0.9704540169117881,0.9685880260324068,0.9745862312067134,0.9688135675537678
2,4,2.0981137850067832,0.22335013198944084,4167,2.270109619413103,0.16326530612244897,833,2.2707829565941533,0.1698,0.9895827424165283,0.08363782321347756,,,0.9234716459649297,,0.923511742668053,0.07648825733194697,0.9558347453429061,0.14800164038258556,10,0.025,0.15,0.9728466947480217,0.977930246251954,0.9736294009160921,0.9731915384939126,1.0,0.9758968497281956,0.9689157260211325,0.9726511812292218,0.9751888430829687,0.9741389312959631,0.9779164298451266,0.97453068559512
2,5,2.103717130241972,0.2187664986801056,4167,2.2704477310180664,0.18967587034813926,833,2.270816878427433,0.1694,0.9878476356426785,0.08332520038383393,,,0.8589937965628933,,0.8590384710600584,0.14096152893994163,0.9555542115362219,0.1479838646861134,10,0.025,0.15,0.9639747164717023,0.9770031394171645,0.9731610595491952,0.9698198507030508,0.9758968497281956,1.0,0.9666251935803718,0.9738311579509713,0.9794399970443851,0.9727917196688367,0.9706082157584056,0.973187241782787
2,6,2.0826659581877967,0.22882169426445884,4167,2.2755186217171803,0.1404561824729892,833,2.270830754992328,0.1694,0.9814597226793684,0.08306381518575365,,,0.805083608823394,,0.8051360763149643,0.1948639236850357,0.9554621568912712,0.147943933727909,10,0.025,0.15,0.9548889222079706,0.9687231316206365,0.9619453716625304,0.9586974573415621,0.9689157260211325,0.9666251935803718,1.0,0.9741377416494367,0.9674685116923653,0.9586390410326646,0.9707288793744764,0.9698026590018537
2,7,2.0960501208449855,0.23011759059275258,4167,2.272305965423584,0.16806722689075632,833,2.270808539813078,0.1696,0.9864184561236038,0.0834016278280552,,,0.8747568079984284,,0.8747751316202076,0.1252248683797924,0.955613382047613,0.14798866879607944,10,0.025,0.15,0.9609623893109575,0.9729085429364397,0.9706080618024097,0.966781701652134,0.9726511812292218,0.9738311579509713,0.9741377416494367,1.0,0.9761622208258642,0.9661149433961516,0.9706165999651161,0.9744993050097579
2,8,2.107422875996792,0.2113778204512722,4166,2.269919122968401,0.15846338535414164,833,2.2707817795910414,0.1699,0.989306076472222,0.08369560185809255,,,0.9353883788228152,,0.9354194517337558,0.06458054826624415,0.9558407366419052,0.14800246544958706,10,0.025,0.15,0.9716268242194556,0.9745692426067148,0.975141965862009,0.9704540169117881,0.9751888430829687,0.9794399970443851,0.9674685116923653,0.9761622208258642,1.0,0.9753895334480921,0.9737672244005092,0.9743361915563682
2,9,2.087645412213875,0.2155784925588094,4166,2.2730942453656877,0.1752701080432173,833,2.2709930456137357,0.1626,0.9851964092432449,0.08255431408662896,,,0.7,,0.7000132032810154,0.29998679671898465,0.9542460495342725,0.1477660094875589,10,0.025,0.15,0.9672339651082154,0.9731839454735763,0.9715051247145182,0.9685880260324068,0.9741389312959631,0.9727917196688367,0.9586390410326646,0.9661149433961516,0.9753895334480921,1.0,0.9694915086846877,0.9683333424176666
2,10,2.1138521389527756,0.21673067690830533,4166,2.270465578351702,0.1752701080432173,833,2.2707817856269545,0.1699,0.9882263495769352,0.0837001068935272,,,0.9363175336021952,,0.9363519334554636,0.06364806654453636,0.9558391801405317,0.14800251416758486,10,0.025,0.15,0.9692944500481186,0.9753940832318626,0.972557187042239,0.9745862312067134,0.9779164298451266,0.9706082157584056,0.9707288793744764,0.9706165999651161,0.9737672244005092,0.9694915086846877,1.0,0.9757059701316715
2,11,2.1128526120474844,0.22234757561209795,4166,2.2698825427464078,0.17286914765906364,833,2.270781142802178,0.1699,0.987909998481089,0.08376644675034589,,,0.9499999997937519,,0.9500173293063326,0.04998267069366735,0.9558721491771006,0.14800364507111566,10,0.025,0.15,0.9677585193620559,0.9762188247557366,0.973622473779808,0.9688135675537678,0.97453068559512,0.973187241782787,0.9698026590018537,0.9744993050097579,0.9743361915563682,0.9683333424176666,0.9757059701316715,1.0
3,0,2.04017626805739,0.24912407007439405,4167,2.2486154351915633,0.19544364508393286,834,2.248968734016901,0.1934,0.9803830944022023,0.08296588675294884,,,0.95,,0.9500173293063326,0.04998267069366735,0.971466440151482,0.14750263399539718,10,0.025,0.15,1.0,0.9617947993077125,0.962231693146569,0.9634377356191751,0.9647368556192981,0.9556878555572327,0.9527602913657758,0.9605154549373391,0.9651393337037538,0.9603701229007549,0.9622126470580838,0.9600550491828
3,1,2.048514611793287,0.24245260379169667,4167,2.24775801386152,0.19304556354916066,834,2.2488526271868357,0.1939,0.9844983084305445,0.08353680985066217,,,0.95,,0.9500173293063326,0.04998267069366735,0.972159622513265,0.14750263399539718,10,0.025,0.15,0.9617947993077125,1.0,0.9652882056020724,0.963476313654667,0.9695542843828786,0.9681910518153122,0.9622762255791204,0.966963411756014,0.9623593485262241,0.9654947031590135,0.9667826354354327,0.965013252429402
3,2,2.0412058031920233,0.2474682025437965,4167,2.2444635459354947,0.20023980815347722,834,2.2488360495506963,0.1941,0.9834128543401228,0.0834481084539802,,,0.95,,0.9500173293063326,0.04998267069366735,0.9721194059690007,0.14750263399539718,10,0.025,0.15,0.962231693146569,0.9652882056020724,1.0,0.9593046878232019,0.9672904287401957,0.9664254963766493,0.9588170066717513,0.9658478792536718,0.9636768487980802,0.9629838503752748,0.9644869054834908,0.9680095573330385
3,3,2.0576866016243445,0.24007679385649147,4167,2.250988176890782,0.1906474820143885,834,2.248988432220266,0.1934,0.9821469769992128,0.08299144219762537,,,0.95,,0.9500173293063326,0.04998267069366735,0.9713553480662557,0.14750263399539718,10,0.025,0.15,0.9634377356191751,0.963476313654667,0.9593046878232019,1.0,0.9690062478847872,0.9648224523342417,0.9544368955934821,0.9624866889589501,0.9609522398163571,0.963352386012527,0.9680272492203704,0.9604841415413112
3,4,2.0336837714368645,0.24650827933765299,4167,2.2482272556849887,0.1872749099639856,833,2.2488314682924293,0.1941,0.9860326348784854,0.08360826766442904,,,0.95,,0.9500173293063326,0.04998267069366735,0.9721628168100648,0.14750263399539718,10,0.025,0.15,0.9647368556192981,0.9695542843828786,0.9672904287401957,0.9690062478847872,1.0,0.968972932459199,0.9626114330427894,0.9671777856292484,0.9649988097372253,0.9651366238726456,0.9693147917050482,0.9664977041116896
3,5,2.0435615944139887,0.24478041756659466,4167,2.247410331453596,0.2148859543817527,833,2.2488696575164795,0.1939,0.9838522534735906,0.08334462601758139,,,0.95,,0.9500173293063326,0.04998267069366735,0.9720811772626232,0.14750263399539718,10,0.025,0.15,0.9556878555572327,0.9681910518153122,0.9664254963766493,0.9648224523342417,0.968972932459199,1.0,0.9589201518482968,0.9672966843110087,0.9682457954439041,0.9662980071541526,0.9607250653983868,0.9640687679935845
3,6,2.0170804377758143,0.25716342692584593,4167,2.25378155708313,0.1608643457382953,833,2.248892008503781,0.1936,0.9803123271356275,0.08306845101228723,,,0.95,,0.9500173293063326,0.04998267069366735,0.9716984416259167,0.14750263399539718,10,0.025,0.15,0.9527602913657758,0.9622762255791204,0.9588170066717513,0.9544368955934821,0.9626114330427894,0.9589201518482968,1.0,0.9690692412242645,0.9656735433813266,0.9533622149049844,0.9669052622630785,0.9630281723378618
3,7,2.028766114422769,0.2575233981281497,4167,2.249605281012399,0.19207683073229292,833,2.248857051511354,0.1939,0.9851241337070743,0.08343306705915453,,,0.95,,0.9500173293063326,0.04998267069366735,0.9720964451015237,0.14750263399539718,10,0.025,0.15,0.9605154549373391,0.966963411756014,0.9658478792536718,0.9624866889589501,0.9671777856292484,0.9672966843110087,0.9690692412242645,1.0,0.9720180309352618,0.9598475971079091,0.9653064407653343,0.9680423945467928
3,8,2.0458051121596132,0.23831012962073933,4166,2.24805440221514,0.19567827130852342,833,2.248829796344419,0.1941,0.9845994894875447,0.08359737971061874,,,0.95,,0.9500173293063326,0.04998267069366735,0.9721488594023493,0.14750263399539718,10,0.025,0.15,0.9651393337037538,0.9623593485262241,0.9636768487980802,0.9609522398163571,0.9649988097372253,0.9682457954439041,0.9656735433813266,0.9720180309352618,1.0,0.9649309309791522,0.9648401870777316,0.9655415167254853
3,9,2.0258813525691175,0.24368698991838694,4166,2.253373180116926,0.19687875150060025,833,2.2491356873814063,0.1919,0.9815109638285827,0.08279306694055596,,,0.95,,0.9500173293063326,0.04998267069366735,0.9702993103130305,0.14750263399539718,10,0.025,0.15,0.9603701229007549,0.9654947031590135,0.9629838503752748,0.963352386012527,0.9651366238726456,0.9662980071541526,0.9533622149049844,0.9598475971079091,0.9649309309791522,1.0,0.9603394038776298,0.9602925029367905
3,10,2.0469676223668185,0.24469515122419588,4166,2.2484114170074463,0.19327731092436976,833,2.2488298657574233,0.1941,0.9844941527823304,0.08359673877216237,,,0.95,,0.9500173293063326,0.04998267069366735,0.9721474199030633,0.14750263399539718,10,0.025,0.15,0.9622126470580838,0.9667826354354327,0.9644869054834908,0.9680272492203704,0.9693147917050482,0.9607250653983868,0.9669052622630785,0.9653064407653343,0.9648401870777316,0.9603394038776298,1.0,0.9681378264453684
3,11,2.050075391567115,0.249807969275084,4166,2.249448435647147,0.19807923169267708,833,2.2488283990304683,0.1941,0.9838317366769008,0.08361615556799411,,,0.95,,0.9500173293063326,0.04998267069366735,0.9721526572870614,0.14750263399539718,10,0.025,0.15,0.9600550491828,0.965013252429402,0.9680095573330385,0.9604841415413112,0.9664977041116896,0.9640687679935845,0.9630281723378618,0.9680423945467928,0.9655415167254853,0.9602925029367905,0.9681378264453684,1.0
4,0,1.9875190673452434,0.27103431725461963,4167,2.2209038053240096,0.2170263788968825,834,2.2221169984793363,0.2236,0.9775147252899603,0.08302502030496782,,,0.95,,0.9500173293063326,0.04998267069366735,0.9811856937678913,0.14700229696623046,10,0.025,0.15,1.0,0.9557208148988819,0.9546999258612404,0.9552869676719202,0.9581575143496914,0.9464531758347943,0.9493149588681109,0.9558512207112257,0.9585689609998853,0.9516339594533308,0.9577228537897803,0.9525570335536161
4,1,1.9928336862361793,0.2631149508039357,4167,2.2206825869424,0.23860911270983212,834,2.2219586402555054,0.2235,0.9801267530245459,0.08346258458537259,,,0.95,,0.9500173293063326,0.04998267069366735,0.9811856937678913,0.14700229696623046,10,0.025,0.15,0.9557208148988819,1.0,0.9546172018862074,0.9562853975453818,0.9604551229239409,0.9564388281204226,0.9564322865182514,0.9620665618742636,0.9536577356874127,0.9560540905817844,0.9587153573255126,0.9559786955792378
4,2,1.986757102879611,0.2707703383729302,4167,2.2169037887028287,0.23621103117505995,834,2.221941697446606,0.2232,0.9790051643968514,0.08337133307249053,,,0.95,,0.9500173293063326,0.04998267069366735,0.9811856937678913,0.14700229696623046,10,0.025,0.15,0.9546999258612404,0.9546172018862074,1.0,0.9494323352749917,0.9625619446947498,0.9544921686906772,0.9517331657368262,0.9599657036705287,0.9537221637083337,0.9543716382454133,0.9583881004768342,0.9592230584865314
4,3,2.002634804899042,0.26400287976961845,4167,2.223726953778948,0.22422062350119903,834,2.222143719467936,0.2238,0.9783752038319539,0.08306877918200808,,,0.95,,0.9500173293063326,0.04998267069366735,0.9811856937678913,0.14700229696623046,10,0.025,0.15,0.9552869676719202,0.9562853975453818,0.9494323352749917,1.0,0.9592596631145732,0.9557346220027839,0.9505817789187356,0.9578617741171729,0.9543310041602695,0.9552572610361317,0.9575529177863472,0.9545227958761675
4,4,1.977518723227761,0.27257019438444924,4167,2.2213631698063443,0.226890756302521,833,2.2219374300558354,0.2237,0.9824358133672356,0.08358178921701803,,,0.95,,0.9500173293063326,0.04998267069366735,0.9811856937678913,0.14700229696623046,10,0.025,0.15,0.9581575143496914,0.9604551229239409,0.9625619446947498,0.9592596631145732,1.0,0.9582697378769676,0.9561248773103233,0.9611317936958914,0.9569125547011774,0.9589512141759472,0.9609097845569905,0.9608061815873205
4,5,1.9928921237136379,0.26846652267818577,4167,2.218989372253418,0.2460984393757503,833,2.221981401684918,0.2228,0.9788097835575149,0.08330106217569049,,,0.95,,0.9500173293063326,0.04998267069366735,0.9811856937678913,0.14700229696623046,10,0.025,0.15,0.9464531758347943,0.9564388281204226,0.9544921686906772,0.9557346220027839,0.9582697378769676,1.0,0.9543957221622525,0.9602172468431831,0.9608275242179792,0.9562173381795315,0.9527302600324137,0.9552178634237113
4,6,1.9621608665495207,0.2812095032397408,4167,2.227355991091047,0.20168067226890757,833,2.2220138386835027,0.2226,0.9785736665542475,0.08312279801078826,,,0.95,,0.9500173293063326,0.04998267069366735,0.9811856937678913,0.14700229696623046,10,0.025,0.15,0.9493149588681109,0.9564322865182514,0.9517331657368262,0.9505817789187356,0.9561248773103233,0.9543957221622525,1.0,0.9628952443679554,0.9594346486736464,0.9488555003827993,0.961872533124087,0.9566501994636394
4,7,1.9737915407527578,0.2798896088312935,4167,2.2217942646571567,0.22569027611044418,833,2.221963462950308,0.2227,0.983316293562031,0.08350219509943671,,,0.95,,0.9500173293063326,0.04998267069366735,0.9811856937678913,0.14700229696623046,10,0.025,0.15,0.9558512207112257,0.9620665618742636,0.9599657036705287,0.9578617741171729,0.9611317936958914,0.9602172468431831,0.9628952443679554,1.0,0.9645595555452297,0.9542787161026495,0.9625386926307294,0.9625496815502315
4,8,1.9927674745068407,0.26087373979836775,4166,2.2213562556675504,0.22088835534213686,833,2.221935229965403,0.2237,0.9813377995576134,0.08353936801181629,,,0.95,,0.9500173293063326,0.04998267069366735,0.9811856937678913,0.14700229696623046,10,0.025,0.15,0.9585689609998853,0.9536577356874127,0.9537221637083337,0.9543310041602695,0.9569125547011774,0.9608275242179792,0.9594346486736464,0.9645595555452297,1.0,0.9582903385212076,0.9595254624139855,0.9608196215371727
4,9,1.9724623636765914,0.2698031685069611,4166,2.229189566203526,0.2148859543817527,833,2.2223512673679786,0.222,0.9779363883473865,0.0829319808256233,,,0.95,,0.9500173293063326,0.04998267069366735,0.9811856937678913,0.14700229696623046,10,0.025,0.15,0.9516339594533308,0.9560540905817844,0.9543716382454133,0.9552572610361317,0.9589512141759472,0.9562173381795315,0.9488555003827993,0.9542787161026495,0.9582903385212076,1.0,0.9526620114808197,0.9544609101037913
4,10,1.990655612223076,0.2671387421987518,4166,2.2215743405478343,0.21008403361344538,833,2.221935329557974,0.2237,0.9818022824128219,0.08355407223882426,,,0.95,,0.9500173293063326,0.04998267069366735,0.9811856937678913,0.14700229696623046,10,0.025,0.15,0.9577228537897803,0.9587153573255126,0.9583881004768342,0.9575529177863472,0.9609097845569905,0.9527302600324137,0.961872533124087,0.9625386926307294,0.9595254624139855,0.9526620114808197,1.0,0.9634377644294779
4,11,1.993674522818941,0.27100336053768603,4166,2.2242349215916226,0.2148859543817527,833,2.2219324926786785,0.2237,0.9809702695610495,0.0835390172759635,,,0.95,,0.9500173293063326,0.04998267069366735,0.9811856937678913,0.14700229696623046,10,0.025,0.15,0.9525570335536161,0.9559786955792378,0.9592230584865314,0.9545227958761675,0.9608061815873205,0.9552178634237113,0.9566501994636394,0.9625496815502315,0.9608196215371727,0.9544609101037913,0.9634377644294779,1.0
5,0,1.9435249281652045,0.289056875449964,4167,2.188478708267212,0.2434052757793765,834,2.190881587282012,0.2602,0.9757966167366301,0.08308539627244943,,,0.95,,0.9500173293063326,0.04998267069366735,0.9869064793176057,0.14663238833586378,10,0.025,0.15,1.0,0.9491350556114386,0.9518037550188274,0.9507772431257563,0.9544074774682375,0.9415597637825194,0.9444711155609404,0.9533609514479704,0.9538963477466544,0.9458540565871207,0.9531479776001314,0.9485236458932776
5,1,1.9463230133056642,0.28567314614830813,4167,2.1889174665723528,0.2805755395683453,834,2.190675285798085,0.2592,0.9765402981291899,0.08338013098675531,,,0.95,,0.9500173293063326,0.04998267069366735,0.9869064793176057,0.14663238833586378,10,0.025,0.15,0.9491350556114386,1.0,0.9478283075745847,0.9506158417534364,0.9540777280389751,0.9516120578793011,0.9483550605069244,0.9569489578013212,0.9467045695209647,0.9498623772530668,0.9503352878821566,0.949968694319716
5,2,1.9375300494107333,0.29385649148068155,4167,2.1848577090672086,0.2685851318944844,834,2.190658107588563,0.2591,0.9773875671589395,0.08335128329215093,,,0.95,,0.9500173293063326,0.04998267069366735,0.9869064793176057,0.14663238833586378,10,0.025,0.15,0.9518037550188274,0.9478283075745847,1.0,0.9449661276874272,0.9561251167907516,0.9502814259987759,0.9476499614717779,0.958536072320135,0.9517504971935739,0.9505045718650647,0.9522297441120325,0.9537212390850947
5,3,1.953891927545721,0.28564914806815456,4167,2.1919025353022983,0.2565947242206235,834,2.190914929667606,0.2601,0.9756259152291166,0.08310689650693158,,,0.95,,0.9500173293063326,0.04998267069366735,0.9869064793176057,0.14663238833586378,10,0.025,0.15,0.9507772431257563,0.9506158417534364,0.9449661276874272,1.0,0.9539603216630332,0.9503381456563866,0.9458047097101909,0.9536364170198599,0.947954394714131,0.9494663034224174,0.9504146530696007,0.9470263193769624
5,4,1.9298517989389825,0.29349652027837775,4167,2.1899240698133196,0.2653061224489796,833,2.1906532305705397,0.2595,0.9800568405231833,0.08356826309133927,,,0.95,,0.9500173293063326,0.04998267069366735,0.9869064793176057,0.14663238833586378,10,0.025,0.15,0.9544074774682375,0.9540777280389751,0.9561251167907516,0.9539603216630332,1.0,0.9561900361529463,0.9519248779969309,0.9569054362919976,0.9524039331384473,0.9510566494887277,0.9544620696518401,0.9551214911566438
5,5,1.9457329645301356,0.2886729061675066,4167,2.1861545017787387,0.27490996398559425,833,2.1907053084313115,0.2587,0.976500271282007,0.0832789633238135,,,0.95,,0.9500173293063326,0.04998267069366735,0.9869064793176057,0.14663238833586378,10,0.025,0.15,0.9415597637825194,0.9516120578793011,0.9502814259987759,0.9503381456563866,0.9561900361529463,1.0,0.9474472343902166,0.9553060369807433,0.95402553143086,0.9524901775014296,0.9456445510779442,0.9501444801643076
5,6,1.9208252509435018,0.300815934725222,4167,2.1967354161398753,0.24489795918367346,833,2.190748700612708,0.2589,0.9755749018095531,0.08313863494680489,,,0.95,,0.9500173293063326,0.04998267069366735,0.9869064793176057,0.14663238833586378,10,0.025,0.15,0.9444711155609404,0.9483550605069244,0.9476499614717779,0.9458047097101909,0.9519248779969309,0.9474472343902166,1.0,0.956627239290151,0.9533329030157022,0.9433454910273362,0.9542425003485906,0.9510408459085394
5,7,1.9188979387283325,0.3029277657787377,4167,2.1899006366729736,0.2797118847539016,833,2.1906812553164325,0.2587,0.9820668857960151,0.08358446048071806,,,0.95,,0.9500173293063326,0.04998267069366735,0.9869064793176057,0.14663238833586378,10,0.025,0.15,0.9533609514479704,0.9569489578013212,0.958536072320135,0.9536364170198599,0.9569054362919976,0.9553060369807433,0.956627239290151,1.0,0.9605578330740694,0.9524496863216328,0.9571921813412769,0.9587063721206583
5,8,1.9478315855517532,0.28175708113298126,4166,2.1901903493063792,0.24729891956782712,833,2.190650674361217,0.2594,0.9789934794153258,0.0835074325769564,,,0.95,,0.9500173293063326,0.04998267069366735,0.9869064793176057,0.14663238833586378,10,0.025,0.15,0.9538963477466544,0.9467045695209647,0.9517504971935739,0.947954394714131,0.9524039331384473,0.95402553143086,0.9533329030157022,0.9605578330740694,1.0,0.9547087807268859,0.9538907738201746,0.9549670614619685
5,9,1.9285525715712346,0.2887902064330293,4166,2.2008910519736156,0.2533013205282113,833,2.191184409057038,0.2582,0.9756584689311942,0.08302337691720722,,,0.95,,0.9500173293063326,0.04998267069366735,0.9869064793176057,0.14663238833586378,10,0.025,0.15,0.9458540565871207,0.9498623772530668,0.9505045718650647,0.9494663034224174,0.9510566494887277,0.9524901775014296,0.9433454910273362,0.9524496863216328,0.9547087807268859,1.0,0.9476756051773962,0.9479859130441618
5,10,1.943162043166883,0.29092654824771963,4166,2.1907693317958286,0.24969987995198079,833,2.1906507286844374,0.2594,0.9783321593414948,0.08349500396913992,,,0.95,,0.9500173293063326,0.04998267069366735,0.9869064793176057,0.14663238833586378,10,0.025,0.15,0.9531479776001314,0.9503352878821566,0.9522297441120325,0.9504146530696007,0.9544620696518401,0.9456445510779442,0.9542425003485906,0.9571921813412769,0.9538907738201746,0.9476756051773962,1.0,0.9571510312374257
5,11,1.9475667014266504,0.29087854056649065,4166,2.1946768760681152,0.24129651860744297,833,2.1906457400020165,0.2594,0.9781619654865819,0.08348015763573363,,,0.95,,0.9500173293063326,0.04998267069366735,0.9869064793176057,0.14663238833586378,10,0.025,0.15,0.9485236458932776,0.949968694319716,0.9537212390850947,0.9470263193769624,0.9551214911566438,0.9501444801643076,0.9510408459085394,0.9587063721206583,0.9549670614619685,0.9479859130441618,0.9571510312374257,1.0
6,0,1.9018961722200567,0.3100791936645068,4167,2.1515541757856096,0.2709832134292566,834,2.1554014863847177,0.2864,0.972940530710015,0.08313360154369064,,,0.95,,0.9500173293063326,0.04998267069366735,0.9900964310466567,0.14615282012139022,10,0.025,0.15,1.0,0.9429604129754002,0.9475919221131729,0.9424426130922412,0.9477410117609296,0.9353201244273726,0.9389141654879366,0.9465809432639773,0.9477082670706412,0.9389871275937329,0.9454343435209975,0.9423947747596176
6,1,1.9040710669575316,0.30261579073674105,4167,2.1527904101780484,0.3117505995203837,834,2.1551467587676227,0.2864,0.9732389180668409,0.08332577818672199,,,0.95,,0.9500173293063326,0.04998267069366735,0.9900964310466567,0.14615282012139022,10,0.025,0.15,0.9429604129754002,1.0,0.9417336442022153,0.9430313222023499,0.9471005853847347,0.9426211482988592,0.940484318623778,0.9510292097134828,0.9388247431885959,0.9441221717428426,0.9433617479471387,0.94413182899272
6,2,1.8914379513624944,0.31605471562275017,4167,2.1484905311039517,0.29856115107913667,834,2.155129221421254,0.2871,0.9741914707565724,0.0833389556362865,,,0.95,,0.9500173293063326,0.04998267069366735,0.9900964310466567,0.14615282012139022,10,0.025,0.15,0.9475919221131729,0.9417336442022153,1.0,0.9389091997153736,0.9468734313167869,0.943829860392734,0.9397990825630748,0.9524612139129665,0.9443612440230925,0.940634334136661,0.9459163014770919,0.9484097207523747
6,3,1.9072201183347992,0.30633549316054715,4167,2.155632529939924,0.2949640287769784,834,2.1554405568521235,0.2863,0.9727178785997466,0.08313965688091869,,,0.95,,0.9500173293063326,0.04998267069366735,0.9900964310466567,0.14615282012139022,10,0.025,0.15,0.9424426130922412,0.9430313222023499,0.9389091997153736,1.0,0.9451377936714571,0.9443919638590627,0.9409472603400012,0.947468720947115,0.9414735371490366,0.944199459871578,0.9450691108905714,0.9404402704565391
6,4,1.8881536534338286,0.30715142788576916,4167,2.154208387647356,0.2893157262905162,833,2.1551231885258155,0.2869,0.9759021212509219,0.0835290118709953,,,0.95,,0.9500173293063326,0.04998267069366735,0.9900964310466567,0.14615282012139022,10,0.025,0.15,0.9477410117609296,0.9471005853847347,0.9468734313167869,0.9451377936714571,1.0,0.946892939803066,0.9444540348613089,0.9487617712546126,0.9443515846361122,0.9447378699144477,0.9473506870173111,0.9470347677428416
6,5,1.906930380156546,0.303839692824574,4167,2.1484948226383755,0.31212484993997597,833,2.155185467080225,0.2867,0.9731522448512174,0.08326032667168021,,,0.95,,0.9500173293063326,0.04998267069366735,0.9900964310466567,0.14615282012139022,10,0.025,0.15,0.9353201244273726,0.9426211482988592,0.943829860392734,0.9443919638590627,0.946892939803066,1.0,0.9402832869125513,0.9484912570020587,0.9474342676080074,0.9446410067367854,0.9414972854518687,0.9430320132956913
6,6,1.8772959745291509,0.3199424046076314,4167,2.161827632359096,0.2785114045618247,833,2.155239889893351,0.2867,0.9724835984174353,0.08315167129303452,,,0.95,,0.9500173293063326,0.04998267069366735,0.9900964310466567,0.14615282012139022,10,0.025,0.15,0.9389141654879366,0.940484318623778,0.9397990825630748,0.9409472603400012,0.9444540348613089,0.9402832869125513,1.0,0.9501488355014388,0.9454714908297233,0.9366379812785789,0.9488409149476299,0.944698711310822
6,7,1.877185776016929,0.31850251979841615,4167,2.154198203768049,0.2965186074429772,833,2.1551549163045762,0.2867,0.978999886064125,0.0836399684642641,,,0.95,,0.9500173293063326,0.04998267069366735,0.9900964310466567,0.14615282012139022,10,0.025,0.15,0.9465809432639773,0.9510292097134828,0.9524612139129665,0.947468720947115,0.9487617712546126,0.9484912570020587,0.9501488355014388,1.0,0.9536586004737451,0.945080510483223,0.9514496251731759,0.9514958650005123
6,8,1.906843942223173,0.2986797887662026,4166,2.154751641409738,0.27130852340936373,833,2.1551204361493075,0.2869,0.9752410060994346,0.08346981481602281,,,0.95,,0.9500173293063326,0.04998267069366735,0.9900964310466567,0.14615282012139022,10,0.025,0.15,0.9477082670706412,0.9388247431885959,0.9443612440230925,0.9414735371490366,0.9443515846361122,0.9474342676080074,0.9454714908297233,0.9536586004737451,1.0,0.9458509687979161,0.945447086890371,0.9481542746798923
6,9,1.8895840337782195,0.30760921747479597,4166,2.1687723909105574,0.2605042016806723,833,2.155763933930216,0.2857,0.9723238837255576,0.08307511737686274,,,0.95,,0.9500173293063326,0.04998267069366735,0.9900964310466567,0.14615282012139022,10,0.025,0.15,0.9389871275937329,0.9441221717428426,0.940634334136661,0.944199459871578,0.9447378699144477,0.9446410067367854,0.9366379812785789,0.945080510483223,0.9458509687979161,1.0,0.9413608209914569,0.9426894347348524
6,10,1.8978291020248876,0.3087614018242919,4166,2.1558939048222134,0.2653061224489796,833,2.1551204029517836,0.2869,0.9757018285119423,0.08347713517719603,,,0.95,,0.9500173293063326,0.04998267069366735,0.9900964310466567,0.14615282012139022,10,0.025,0.15,0.9454343435209975,0.9433617479471387,0.9459163014770919,0.9450691108905714,0.9473506870173111,0.9414972854518687,0.9488409149476299,0.9514496251731759,0.945447086890371,0.9413608209914569,1.0,0.9523825541629891
