round,client_id,client_i_training_loss,client_i_training_accuracy,client_i_training_dataset_size,client_i_evaluation_loss,client_i_evaluation_accuracy,client_i_evaluation_dataset_size,client_i_central_evaluation_loss,client_i_central_evaluation_accuracy,client_i_cosine_similarity,client_i_importance_coefficient,client_i_tanh_val,tanh_normalization_value,client_i_q,client_i_mask_order,client_i_v_nonzero_fraction,client_i_v_sparsity,client_i_v_cosine_similarity,client_i_reward_gradient_norm,local_epochs,learning_rate,gamma,client_0_cosine_similarity,client_1_cosine_similarity,client_2_cosine_similarity,client_3_cosine_similarity,client_4_cosine_similarity,client_5_cosine_similarity,client_6_cosine_similarity,client_7_cosine_similarity,client_8_cosine_similarity,client_9_cosine_similarity,client_10_cosine_similarity,client_11_cosine_similarity
0,0,2.294366338036277,0.14439644828413728,4167,2.3003222601754323,0.14148681055155876,834,2.297950005229515,0.1436,0.9570669776700681,0.08291381222528843,,,0.7379579600889016,,0.7379808882507303,0.26201911174926973,0,0.14420504303316228,10,0.025,0.15,1.0,0.8797450482114498,0.9169203028216923,0.9237249115528392,0.9121402030653886,0.9041690850030789,0.9511878157399309,0.9219486988350307,0.8885054878684362,0.9229468973061429,0.9223533429639507,0.9036858662525186
0,1,2.2938812783270173,0.14540436765058795,4167,2.3001349653516496,0.12949640287769784,834,2.2979462116579468,0.1437,0.9619587663301682,0.0833376037214664,,,0.787394796323015,,0.7874271756531498,0.2125728243468502,0,0.1442394090703275,10,0.025,0.15,0.8797450482114498,1.0,0.9074327612389974,0.9503338965650594,0.9134509145776406,0.9380808984119507,0.8900000159306922,0.8774894894871055,0.9214685731349017,0.9407734173671561,0.9458191057938193,0.9392208408443804
0,2,2.2953200831557767,0.14485241180705544,4167,2.297225202832903,0.14268585131894485,834,2.2979462508913837,0.1437,0.9618805594306516,0.08333082840444833,,,0.7866044306812381,,0.7866432308428645,0.21335676915713553,0,0.14423901210869705,10,0.025,0.15,0.9169203028216923,0.9074327612389974,1.0,0.9347160329715256,0.9019155487959281,0.9216975939025798,0.9156633431289131,0.9397517876415747,0.8869903057183108,0.8978235427630389,0.9384092582050227,0.9415720446671365
0,3,2.2947879321647413,0.1283417326613871,4167,2.2959671020507812,0.16546762589928057,834,2.2979452760913706,0.1437,0.9790380991064843,0.08481724164001224,,,0.9599999998833464,,0.9600270667260814,0.0399729332739186,0,0.14428613785535271,10,0.025,0.15,0.9237249115528392,0.9503338965650594,0.9347160329715256,1.0,0.9236872644994462,0.9459628840777551,0.924615392681211,0.9344005420651448,0.9339085806982784,0.9384397552785916,0.9574319782985721,0.9337270639488982
0,4,2.293227519411029,0.11792656587473002,4167,2.2984254360198975,0.15006002400960383,833,2.2979494650152663,0.1436,0.9573388955373481,0.08293736935087564,,,0.7407059854039553,,0.7407453252133155,0.2592546747866845,0,0.14420705715265136,10,0.025,0.15,0.9121402030653886,0.9134509145776406,0.9019155487959281,0.9236872644994462,1.0,0.8796275263714975,0.9053078284465415,0.8954795745111426,0.9407277271024328,0.9118053558691761,0.9245376405428777,0.9418060679249475
0,5,2.2944243907928468,0.1172066234701224,4167,2.296003920691354,0.14765906362545017,833,2.2979504217075397,0.1436,0.9565398277665212,0.08286814352170023,,,0.7326305378997455,,0.7326665676420591,0.26733343235794094,0,0.14420101406654645,10,0.025,0.15,0.9041690850030789,0.9380808984119507,0.9216975939025798,0.9459628840777551,0.8796275263714975,1.0,0.882482081119457,0.897763622993696,0.8935154763835326,0.9261589080208454,0.9367678967847942,0.9150254947525043
0,6,2.2932528857028847,0.1314614830813535,4167,2.2979204654693604,0.15006002400960383,833,2.297952054422113,0.1436,0.9547927583720424,0.08271678924128088,,,0.7149745045864174,,0.7150071792840521,0.2849928207159479,0,0.14418462473240676,10,0.025,0.15,0.9511878157399309,0.8900000159306922,0.9156633431289131,0.924615392681211,0.9053078284465415,0.882482081119457,1.0,0.9248478740938398,0.8862874840144465,0.9097695611062409,0.9162453898002096,0.9146693321945637
0,7,2.2949362090139678,0.14710823134149267,4167,2.3009439195905412,0.13085234093637454,833,2.297954619685306,0.1436,0.9533110269889993,0.08258842205222475,,,0.7,,0.7000132032810154,0.29998679671898465,0,0.1441591351388174,10,0.025,0.15,0.9219486988350307,0.8774894894871055,0.9397517876415747,0.9344005420651448,0.8954795745111426,0.897763622993696,0.9248478740938398,1.0,0.9123526468356445,0.8709421948414937,0.9202312786273195,0.9087627690344666
0,8,2.2939029440735323,0.10458473355736918,4166,2.2962808268410817,0.15126050420168066,833,2.297952154014684,0.1436,0.9547062875046749,0.08270929798996082,,,0.7141006225759514,,0.7141324619167864,0.28586753808321363,0,0.14418366647582018,10,0.025,0.15,0.8885054878684362,0.9214685731349017,0.8869903057183108,0.9339085806982784,0.9407277271024328,0.8935154763835326,0.8862874840144465,0.9123526468356445,1.0,0.9167068539293138,0.9208018322586439,0.9188441531261013
0,9,2.2922669786395447,0.17205952952472395,4166,2.2984770366123746,0.13805522208883553,833,2.29794654665114,0.1437,0.9613845184947688,0.08328785477149113,,,0.781591398390477,,0.7816259840570382,0.2183740159429618,0,0.1442364385291088,10,0.025,0.15,0.9229468973061429,0.9407734173671561,0.8978235427630389,0.9384397552785916,0.9118053558691761,0.9261589080208454,0.9097695611062409,0.8709421948414937,0.9167068539293138,1.0,0.9387598548517854,0.9230681654542837
0,10,2.294046383193045,0.13331733077292368,4166,2.2972196510859897,0.14285714285714285,833,2.2979453062709374,0.1437,0.9759556777952514,0.08455020149782597,,,0.9288487854388421,,0.9288920796818009,0.07110792031819912,0,0.14428506112549253,10,0.025,0.15,0.9223533429639507,0.9458191057938193,0.9384092582050227,0.9574319782985721,0.9245376405428777,0.9367678967847942,0.9162453898002096,0.9202312786273195,0.9208018322586439,0.9387598548517854,1.0,0.9440230730329168
0,11,2.2940356146205554,0.14371099375900143,4166,2.2974574906485423,0.13445378151260504,833,2.297945988329151,0.1437,0.968940288305669,0.08394243558342512,,,0.8579506568782511,,0.8579904606294664,0.14200953937053362,0,0.14427510088330495,10,0.025,0.15,0.9036858662525186,0.9392208408443804,0.9415720446671365,0.9337270639488982,0.9418060679249475,0.9150254947525043,0.9146693321945637,0.9087627690344666,0.9188441531261013,0.9230681654542837,0.9440230730329168,1.0
1,0,2.213484785051057,0.19071274298056157,4167,2.2898598398481096,0.1618705035971223,834,2.2880145598061477,0.1721,0.990537176541741,0.08319541693223412,,,0.7736803618361672,,0.7737122674984733,0.22628773250152667,0.7981001940143513,0.14795113491672596,10,0.025,0.15,1.0,0.9743690987299715,0.9746151087272678,0.9761418449357585,0.9805626951314279,0.9767131152189101,0.9772629331398294,0.9726910382582203,0.9743455076657289,0.967962141632523,0.9763670635955449,0.9789042116363978
1,1,2.2155215989459647,0.19028077753779699,4167,2.291095631463187,0.15347721822541965,834,2.2880025815360154,0.1721,0.9884317152606711,0.08338822570904912,,,0.8045879348194285,,0.8046244491756201,0.19537555082437985,0.7984799874578781,0.14796744855103502,10,0.025,0.15,0.9743690987299715,1.0,0.9619139495075041,0.9786671138838563,0.9749893759668399,0.9781539547997476,0.9704240368223275,0.9646289276347004,0.9802448570210153,0.971878486257647,0.9776897865489184,0.9718045757387064
1,2,2.2188557917421514,0.19032877369810416,4167,2.287796531404768,0.1774580335731415,834,2.288007337835771,0.1721,0.9810857633330453,0.08314587041096808,,,0.765737970688869,,0.7657737947880048,0.23422620521199522,0.798301154318422,0.1479460368791137,10,0.025,0.15,0.9746151087272678,0.9619139495075041,1.0,0.9664422077833549,0.9679547148676534,0.9611109823275714,0.9707494217871037,0.9673845100842705,0.9599355235096387,0.9534083237024685,0.9631253547540111,0.9713085857775954
1,3,2.2002435290452205,0.19781617470602353,4167,2.2852679320744107,0.18705035971223022,834,2.287994345532188,0.1721,0.9902196755114403,0.08435772306088196,,,0.9599999998396982,,0.9600270667260814,0.0399729332739186,0.7997668403200596,0.14802364203769341,10,0.025,0.15,0.9761418449357585,0.9786671138838563,0.9664422077833549,1.0,0.9774638429650305,0.9780753822801238,0.9730067190188117,0.9706872376524828,0.9814649351208068,0.9735648782259321,0.9735858499683469,0.9765869137750883
1,4,2.1986006165995744,0.19047276217902567,4167,2.2885951655251637,0.18247298919567828,833,2.2880145024649705,0.1721,0.9885928926566001,0.08314688874538818,,,0.7659012114185224,,0.765947087851331,0.23405291214866897,0.7980962545443672,0.14794649914664937,10,0.025,0.15,0.9805626951314279,0.9749893759668399,0.9679547148676534,0.9774638429650305,1.0,0.9699290581286769,0.9738099073853239,0.9654704262342902,0.9784256767424442,0.96654557521748,0.9736330981497088,0.9780451004790667
1,5,2.2103366273822207,0.21123110151187904,4167,2.285329137529646,0.1836734693877551,833,2.2880185012575947,0.1721,0.9873860035367943,0.08306511087477877,,,0.7527920804648981,,0.7528510834942483,0.24714891650575166,0.7980127620823676,0.14793730890631487,10,0.025,0.15,0.9767131152189101,0.9781539547997476,0.9611109823275714,0.9780753822801238,0.9699290581286769,1.0,0.9684110360922452,0.9654102437195555,0.9761965095556957,0.9708343144201883,0.9735576996939259,0.9741146365954709
1,6,2.211653890392997,0.18684905207583394,4167,2.2871713978903636,0.17286914765906364,833,2.2880266014533706,0.1721,0.9867781224383639,0.08295216000669023,,,0.7346858652985675,,0.7347213282500702,0.2652786717499298,0.7977315003347125,0.14790815794227927,10,0.025,0.15,0.9772629331398294,0.9704240368223275,0.9707494217871037,0.9730067190188117,0.9738099073853239,0.9684110360922452,1.0,0.9705511132783032,0.9706697489808007,0.9643256738202775,0.9698638877530188,0.9764414536869142
1,7,2.215973724740924,0.1896088312934965,4167,2.291395425796509,0.16566626650660263,833,2.2880191048489342,0.1721,0.9825435833196947,0.08273578134555729,,,0.7,,0.7000132032810154,0.29998679671898465,0.7992078195507126,0.14785648119508502,10,0.025,0.15,0.9726910382582203,0.9646289276347004,0.9673845100842705,0.9706872376524828,0.9654704262342902,0.9654102437195555,0.9705511132783032,1.0,0.9649551750397983,0.9521700645190645,0.9693254250389588,0.9720944110232149
1,8,2.2066288272539776,0.18545367258761403,4166,2.286139965057373,0.1716686674669868,833,2.2880260853827754,0.1721,0.9886841453019709,0.08300934495989502,,,0.7438527100030355,,0.7438893565050915,0.25611064349490853,0.79777494977516,0.1479158923020052,10,0.025,0.15,0.9743455076657289,0.9802448570210153,0.9599355235096387,0.9814649351208068,0.9784256767424442,0.9761965095556957,0.9706697489808007,0.9649551750397983,1.0,0.9748599390817232,0.9743002091074358,0.9725103833215033
1,9,2.1876171151796977,0.2172347575612098,4166,2.288834946496146,0.17406962785114047,833,2.2880080862890315,0.172,0.9818080613277693,0.08314281608489035,,,0.765248357053425,,0.7652869238005644,0.2347130761994356,0.7982911020805052,0.14794598823031294,10,0.025,0.15,0.967962141632523,0.971878486257647,0.9534083237024685,0.9735648782259321,0.96654557521748,0.9708343144201883,0.9643256738202775,0.9521700645190645,0.9748599390817232,1.0,0.9635653814625449,0.9672495379025198
1,10,2.204577492945122,0.18910225636101777,4166,2.287081445966448,0.16686674669867949,833,2.287995353529725,0.1721,0.9868811936223311,0.08408496874358576,,,0.9162770215210266,,0.9163159545146969,0.08368404548530306,0.7997532199794695,0.14801558110031124,10,0.025,0.15,0.9763670635955449,0.9776897865489184,0.9631253547540111,0.9735858499683469,0.9736330981497088,0.9735576996939259,0.9698638877530188,0.9693254250389588,0.9743002091074358,0.9635653814625449,1.0,0.9711268387714911
1,11,2.2083654894973295,0.19455112818050888,4166,2.287646089281355,0.16926770708283315,833,2.287999506238141,0.1722,0.9888901173642851,0.08377569312608134,,,0.8666996170176378,,0.8667458863527586,0.13325411364724138,0.7994073807375679,0.14800094133057806,10,0.025,0.15,0.9789042116363978,0.9718045757387064,0.9713085857775954,0.9765869137750883,0.9780451004790667,0.9741146365954709,0.9764414536869142,0.9720944110232149,0.9725103833215033,0.9672495379025198,0.9711268387714911,1.0
2,0,2.1192411238496955,0.24084473242140628,4167,2.2738419600895474,0.18585131894484413,834,2.2727969658525686,0.198,0.988882865651597,0.08337815721738537,,,0.8283143989495009,,0.82835734680068,0.17164265319932004,0.953126095624325,0.147687166317221,10,0.025,0.15,1.0,0.9727239859518465,0.9713378160404891,0.9718747568048983,0.9777298233912826,0.9730105312788503,0.9737422908065454,0.9639701509334293,0.9705325325405841,0.9659503109291622,0.9746853315844591,0.9716762865357927
2,1,2.122414251168569,0.2353491720662347,4167,2.277122361319406,0.17146282973621102,834,2.2727768602250498,0.1979,0.9856721872358389,0.08339284603345493,,,0.8312953095993887,,0.8313363370797643,0.1686636629202357,0.9530967514715288,0.147688909252325,10,0.025,0.15,0.9727239859518465,1.0,0.9604280496022934,0.9708115390665197,0.9685568281278272,0.9704441317102953,0.9694626481091184,0.957039579985294,0.9721209339148715,0.9697824489152735,0.9745352535845481,0.9632707969250169
2,2,2.1288488864898683,0.234341252699784,4167,2.273672410420009,0.21103117505995203,834,2.272789698612841,0.1981,0.9824448788971651,0.08313871164779255,,,0.7797219293394432,,0.7797527685629879,0.22024723143701208,0.9528280315673079,0.14763452990673662,10,0.025,0.15,0.9713378160404891,0.9604280496022934,1.0,0.9663726941409303,0.9683948616283461,0.9607665531709692,0.967505693047052,0.963252823858122,0.9630655366114552,0.9583636594528044,0.9645029132579752,0.9672228022609486
2,3,2.101122648788221,0.24252459803215742,4167,2.269003084727696,0.2170263788968825,834,2.2727509057974515,0.1992,0.9867971449377145,0.08402705475140967,,,0.9599999997970625,,0.9600270667260814,0.0399729332739186,0.9536391712775678,0.14773266862485293,10,0.025,0.15,0.9718747568048983,0.9708115390665197,0.9663726941409303,1.0,0.9705521333993635,0.9713951633311999,0.9721290471323962,0.9619898300497213,0.9709319657429368,0.968759789476505,0.9703098760833291,0.9670834045620916
2,4,2.1017975254492325,0.23950083993280538,4167,2.273252044405256,0.20768307322929172,833,2.2728111532670034,0.198,0.986637921018266,0.08327539515148585,,,0.807460128925711,,0.8074961627964549,0.19250383720354514,0.9528497083112527,0.14766358999076468,10,0.025,0.15,0.9777298233912826,0.9685568281278272,0.9683948616283461,0.9705521333993635,1.0,0.9686551413708805,0.9739716549011282,0.9596593677985878,0.9716627497574403,0.9602575393777874,0.972336773918408,0.9689333150209216
2,5,2.11747161619591,0.24674826013918885,4167,2.2696595191955566,0.2184873949579832,833,2.2728086272372474,0.1981,0.9859347227630482,0.0832021608122552,,,0.7925981400005058,,0.7926424716542061,0.2073575283457939,0.9528273044365515,0.14764581469711965,10,0.025,0.15,0.9730105312788503,0.9704441317102953,0.9607665531709692,0.9713951633311999,0.9686551413708805,1.0,0.9706705494363747,0.9627511251443885,0.9686934884963679,0.9675749730148896,0.9702043950473239,0.9682625173329702
2,6,2.116565969496062,0.23215742740580753,4167,2.2708518505096436,0.1908763505402161,833,2.2728201618677453,0.1981,0.9865649165217848,0.083152973825011,,,0.7826162589954033,,0.782657490386361,0.217342509613639,0.9525228051030634,0.14763745417159319,10,0.025,0.15,0.9737422908065454,0.9694626481091184,0.967505693047052,0.9721290471323962,0.9739716549011282,0.9706705494363747,1.0,0.9614898541388675,0.9681405768806451,0.964775936852821,0.969685382450084,0.9683492468363385
2,7,2.1228709520715654,0.23998080153587714,4167,2.2765928336552212,0.1872749099639856,833,2.272801827780808,0.198,0.9781298049902682,0.08274587170915788,,,0.7,,0.7000132032810154,0.29998679671898465,0.9513463584922552,0.14749297747506443,10,0.025,0.15,0.9639701509334293,0.957039579985294,0.963252823858122,0.9619898300497213,0.9596593677985878,0.9627511251443885,0.9614898541388675,1.0,0.9522037869857073,0.9489528872399762,0.9635778358858582,0.9654658037900598
2,8,2.1057156136541657,0.2415266442630821,4166,2.2703874792371477,0.20408163265306123,833,2.2728205904175964,0.1982,0.9847422730247233,0.0831290879235808,,,0.7777689154369931,,0.7778052846132264,0.2221947153867736,0.9525877135234442,0.14763301382960176,10,0.025,0.15,0.9705325325405841,0.9721209339148715,0.9630655366114552,0.9709319657429368,0.9716627497574403,0.9686934884963679,0.9681405768806451,0.9522037869857073,1.0,0.9682533025260659,0.9710925437824867,0.9616129718867986
2,9,2.089670745531718,0.25789726356216996,4166,2.274004799979074,0.20408163265306123,833,2.272791871541663,0.1981,0.981552736735795,0.08310788042239177,,,0.7734651195522515,,0.7734977141819742,0.22650228581802578,0.9528190267294818,0.14762915070415847,10,0.025,0.15,0.9659503109291622,0.9697824489152735,0.9583636594528044,0.968759789476505,0.9602575393777874,0.9675749730148896,0.964775936852821,0.9489528872399762,0.9682533025260659,1.0,0.967256402351863,0.9606184130983556
2,10,2.1145493572408505,0.2358617378780605,4166,2.271381037575858,0.1908763505402161,833,2.2727535344377348,0.1991,0.9871210996265953,0.08386941028777582,,,0.9280080367745343,,0.9280421184664389,0.07195788153356109,0.9536350105757851,0.14772464147907244,10,0.025,0.15,0.9746853315844591,0.9745352535845481,0.9645029132579752,0.9703098760833291,0.972336773918408,0.9702043950473239,0.969685382450084,0.9635778358858582,0.9710925437824867,0.967256402351863,1.0,0.9679403803759458
2,11,2.1186248230211664,0.23773403744599136,4166,2.272656270435878,0.19207683073229292,833,2.27276743816424,0.199,0.9840919994936934,0.08358045021829894,,,0.8693672215844557,,0.8694112987077288,0.13058870129227118,0.95352188630025,0.1477045666794444,10,0.025,0.15,0.9716762865357927,0.9632707969250169,0.9672228022609486,0.9670834045620916,0.9689333150209216,0.9682625173329702,0.9683492468363385,0.9654658037900598,0.9616129718867986,0.9606184130983556,0.9679403803759458,1.0
3,0,2.052430993860418,0.2678425725941925,4167,2.252082177570888,0.2278177458033573,834,2.2517274965213825,0.233,0.9844521413333974,0.08346107543301778,,,0.96,,0.9600270667260814,0.0399729332739186,0.9761594173297813,0.14720597765856674,10,0.025,0.15,1.0,0.9647391880501808,0.9638313337284028,0.9625657550740816,0.9676880089936933,0.9635745292395499,0.9627716831179081,0.9595939745215316,0.9635316420880456,0.9570468994136999,0.9669394096747638,0.961072920009634
3,1,2.056108856201172,0.2644828413726902,4167,2.2576281002589633,0.22062350119904076,834,2.251696933673907,0.2327,0.9811038053298944,0.08336134831407571,,,0.96,,0.9600270667260814,0.0399729332739186,0.976180629324582,0.14720597765856674,10,0.025,0.15,0.9647391880501808,1.0,0.9522643106211172,0.9612650393661635,0.9564477579816633,0.9638312424411456,0.9596642941119391,0.9521265632568578,0.9632763141129059,0.9626130710028088,0.9646712256563779,0.9529883908191322
3,2,2.0651711803494077,0.2621310295176386,4167,2.25395097051348,0.23860911270983212,834,2.2517203107664856,0.2327,0.9793809681234643,0.08314847819182622,,,0.96,,0.9600270667260814,0.0399729332739186,0.9758677873369388,0.14720597765856674,10,0.025,0.15,0.9638313337284028,0.9522643106211172,1.0,0.9617623788715988,0.9606717685028251,0.9538532962756702,0.9572501971365439,0.956184880975659,0.9576964936866017,0.9548128763679159,0.957872353254434,0.95754645071662
3,3,2.0365786870320637,0.2695944324454044,4167,2.246523482458932,0.2529976019184652,834,2.251652470117883,0.2333,0.9837893262918922,0.08384013901023848,,,0.96,,0.9600270667260814,0.0399729332739186,0.9766598954650333,0.14720597765856674,10,0.025,0.15,0.9625657550740816,0.9612650393661635,0.9617623788715988,1.0,0.9618639271019336,0.9649091344930293,0.9655784679875408,0.960002213886936,0.9642487837134678,0.9621317222849185,0.9603436198881342,0.9606509994560998
3,4,2.037025818680272,0.26652267818574515,4167,2.252108267375401,0.22809123649459784,833,2.2517511150504967,0.233,0.9824689187703487,0.08333319520329002,,,0.96,,0.9600270667260814,0.0399729332739186,0.9760600614863202,0.14720597765856674,10,0.025,0.15,0.9676880089936933,0.9564477579816633,0.9606717685028251,0.9618639271019336,1.0,0.9626390947765836,0.9654387192763759,0.9564621628291377,0.9625697285359269,0.9529556402327329,0.9636860419163764,0.9596153030882547
3,5,2.0518368609023816,0.26949844012479,4167,2.248356716973441,0.24969987995198079,833,2.2517509581167485,0.2329,0.982933164544663,0.08330306807281353,,,0.96,,0.9600270667260814,0.0399729332739186,0.9759042016733823,0.14720597765856674,10,0.025,0.15,0.9635745292395499,0.9638312424411456,0.9538532962756702,0.9649091344930293,0.9626390947765836,1.0,0.9621064111153608,0.9579254521463432,0.9630024691044632,0.963303660082916,0.9627829418258462,0.9576095349052177
3,6,2.053270976832419,0.2591552675785937,4167,2.2482623713357106,0.23529411764705882,833,2.2517664704141738,0.233,0.9821014458113153,0.0832456777483839,,,0.96,,0.9600270667260814,0.0399729332739186,0.9758712043343466,0.14720597765856674,10,0.025,0.15,0.9627716831179081,0.9596642941119391,0.9572501971365439,0.9655784679875408,0.9654387192763759,0.9621064111153608,1.0,0.9573191410982148,0.9600957659922928,0.9584478761121843,0.9603746809002115,0.9567194528974167
3,7,2.0577436898693895,0.26925845932325415,4167,2.255770172391619,0.21368547418967587,833,2.2517549810530264,0.2332,0.97755937741342,0.08284676879801982,,,0.96,,0.9600270667260814,0.0399729332739186,0.9748605728432771,0.14720597765856674,10,0.025,0.15,0.9595939745215316,0.9521265632568578,0.956184880975659,0.960002213886936,0.9564621628291377,0.9579254521463432,0.9573191410982148,1.0,0.9498471935445071,0.947014388772412,0.9597385275296161,0.956258520753155
3,8,2.0372148430708683,0.27354776764282285,4166,2.2487734726497104,0.2424969987995198,833,2.2517669261256352,0.233,0.9816347945743173,0.08321576907399754,,,0.96,,0.9600270667260814,0.0399729332739186,0.9758393486583427,0.14720597765856674,10,0.025,0.15,0.9635316420880456,0.9632763141129059,0.9576964936866017,0.9642487837134678,0.9625697285359269,0.9630024691044632,0.9600957659922928,0.9498471935445071,1.0,0.9614005462746698,0.9629846497859074,0.9515912807452831
3,9,2.024622186024984,0.2813730196831493,4166,2.253537620816912,0.226890756302521,833,2.251724756216701,0.2329,0.9791657424704315,0.08312245119833986,,,0.96,,0.9600270667260814,0.0399729332739186,0.9758129470931,0.14720597765856674,10,0.025,0.15,0.9570468994136999,0.9626130710028088,0.9548128763679159,0.9621317222849185,0.9529556402327329,0.963303660082916,0.9584478761121843,0.947014388772412,0.9614005462746698,1.0,0.9593407272157979,0.9521174106101734
3,10,2.0537631807905257,0.26392222755640904,4166,2.249420131955828,0.24369747899159663,833,2.2516575221773945,0.2334,0.9831734183455176,0.08372280414453079,,,0.96,,0.9600270667260814,0.0399729332739186,0.9766015458926147,0.14720597765856674,10,0.025,0.15,0.9669394096747638,0.9646712256563779,0.957872353254434,0.9603436198881342,0.9636860419163764,0.9627829418258462,0.9603746809002115,0.9597385275296161,0.9629846497859074,0.9593407272157979,1.0,0.959373693781641
3,11,2.056123334350008,0.2600096015362458,4166,2.2517358575548445,0.21728691476590636,833,2.2516795502433293,0.2331,0.9787050306328122,0.08339922481146625,,,0.96,,0.9600270667260814,0.0399729332739186,0.9763973159544078,0.14720597765856674,10,0.025,0.15,0.961072920009634,0.9529883908191322,0.95754645071662,0.9606509994560998,0.9596153030882547,0.9576095349052177,0.9567194528974167,0.956258520753155,0.9515912807452831,0.9521174106101734,0.959373693781641,1.0
4,0,1.9958713134129842,0.28874490040796735,4167,2.224456548690796,0.2517985611510791,834,2.2248684243310857,0.2517,0.9806263965641293,0.08350741076617355,,,0.96,,0.9600270667260814,0.0399729332739186,0.9787633639815164,0.1466557091116961,10,0.025,0.15,1.0,0.9592054244252695,0.9543162060410919,0.954583798263321,0.9557990213503553,0.9559020722353025,0.9529250859843135,0.951916129980412,0.9565042722544168,0.9519187074764061,0.9570531286776058,0.9549587352326537
4,1,2.0007160938147344,0.2871130309575234,4167,2.232591084071568,0.23501199040767387,834,2.224825783620907,0.2518,0.9775237017469421,0.0833447972731604,,,0.96,,0.9600270667260814,0.0399729332739186,0.9787633639815164,0.1466557091116961,10,0.025,0.15,0.9592054244252695,1.0,0.9440190329306334,0.9507146406527348,0.9456768924852088,0.9593093227754838,0.9488732787187594,0.9453467028948868,0.956373840177896,0.9569159958783814,0.9554847952939837,0.9467946834993739
4,2,2.010479798822692,0.28152147828173746,4167,2.2288452557155063,0.24580335731414868,834,2.2248632877687866,0.2519,0.9751026107324025,0.08313441298595242,,,0.96,,0.9600270667260814,0.0399729332739186,0.9787633639815164,0.1466557091116961,10,0.025,0.15,0.9543162060410919,0.9440190329306334,1.0,0.954572281099482,0.949354927854712,0.9452235232278037,0.9473387484481766,0.9482914553102482,0.9503255681386952,0.9482994996442518,0.9481548278809776,0.9505515741359009
4,3,1.9839058901324416,0.28876889848812093,4167,2.2179604939052036,0.2577937649880096,834,2.224757103980342,0.2525,0.9798310499636494,0.08371588300335205,,,0.96,,0.9600270667260814,0.0399729332739186,0.9787633639815164,0.1466557091116961,10,0.025,0.15,0.954583798263321,0.9507146406527348,0.954572281099482,1.0,0.9531705354411831,0.9561286030868726,0.9556772016149141,0.9534395717270058,0.9568282670760916,0.9539326977601958,0.9533296164405064,0.9532070200939877
4,4,1.9867098938335073,0.28641708663306936,4167,2.2250120980398997,0.25210084033613445,833,2.224903746496273,0.2518,0.9774388257054871,0.08332463014472713,,,0.96,,0.9600270667260814,0.0399729332739186,0.9787633639815164,0.1466557091116961,10,0.025,0.15,0.9557990213503553,0.9456768924852088,0.949354927854712,0.9531705354411831,1.0,0.9561580642936777,0.9539718306523988,0.9478847930690982,0.9545584506689161,0.9461527920968703,0.9522673942420876,0.9527441501976064
4,5,1.9964363925384752,0.29107271418286534,4167,2.2214338098253523,0.27010804321728693,833,2.2249073620083966,0.2521,0.9800268286975363,0.08339021515024113,,,0.96,,0.9600270667260814,0.0399729332739186,0.9787633639815164,0.1466557091116961,10,0.025,0.15,0.9559020722353025,0.9593093227754838,0.9452235232278037,0.9561286030868726,0.9561580642936777,1.0,0.9535795109645129,0.9533513898092704,0.9571605801726518,0.9555845152816278,0.953927446364988,0.9518135102441738
4,6,2.0010931513526224,0.280153587712983,4167,2.2196541854313443,0.2424969987995198,833,2.2249278177188923,0.2519,0.9767121740137021,0.08324687897952532,,,0.96,,0.9600270667260814,0.0399729332739186,0.9787633639815164,0.1466557091116961,10,0.025,0.15,0.9529250859843135,0.9488732787187594,0.9473387484481766,0.9556772016149141,0.9539718306523988,0.9535795109645129,1.0,0.9496069785991232,0.9516606711053694,0.9486012452024727,0.9485690108709379,0.9484736971500373
4,7,2.0027294820005244,0.2879289656827454,4167,2.2288451535361156,0.24729891956782712,833,2.2249264596383784,0.2525,0.9750199621584394,0.0829451951337917,,,0.96,,0.9600270667260814,0.0399729332739186,0.9787633639815164,0.1466557091116961,10,0.025,0.15,0.951916129980412,0.9453467028948868,0.9482914553102482,0.9534395717270058,0.9478847930690982,0.9533513898092704,0.9496069785991232,1.0,0.946102011746727,0.9412720925260046,0.9523032064370849,0.9501235165413572
4,8,1.9835963281718167,0.29258281325012003,4166,2.2214954239981517,0.2617046818727491,833,2.2249281708198256,0.2518,0.979022845239401,0.08330357497184782,,,0.96,,0.9600270667260814,0.0399729332739186,0.9787633639815164,0.1466557091116961,10,0.025,0.15,0.9565042722544168,0.956373840177896,0.9503255681386952,0.9568282670760916,0.9545584506689161,0.9571605801726518,0.9516606711053694,0.946102011746727,1.0,0.9548222713377607,0.9546361095935716,0.9473931881074127
4,9,1.9717955246116177,0.2991838694191071,4166,2.227462496076311,0.24009603841536614,833,2.2248709594147114,0.2519,0.9762506845590267,0.08315567914197802,,,0.96,,0.9600270667260814,0.0399729332739186,0.9787633639815164,0.1466557091116961,10,0.025,0.15,0.9519187074764061,0.9569159958783814,0.9482994996442518,0.9539326977601958,0.9461527920968703,0.9555845152816278,0.9486012452024727,0.9412720925260046,0.9548222713377607,1.0,0.9508844732770356,0.9455141617884886
4,10,2.0018516128713433,0.28161305808929427,4166,2.2213820729936873,0.26410564225690275,833,2.224765436558784,0.2526,0.9785180371946026,0.0836006180016223,,,0.96,,0.9600270667260814,0.0399729332739186,0.9787633639815164,0.1466557091116961,10,0.025,0.15,0.9570531286776058,0.9554847952939837,0.9481548278809776,0.9533296164405064,0.9522673942420876,0.953927446364988,0.9485690108709379,0.9523032064370849,0.9546361095935716,0.9508844732770356,1.0,0.9535893824928822
4,11,2.004111458315994,0.28175708113298126,4166,2.2250127451760426,0.25690276110444177,833,2.224797079834757,0.2525,0.9763709413242333,0.08333070444762809,,,0.96,,0.9600270667260814,0.0399729332739186,0.9787633639815164,0.1466557091116961,10,0.025,0.15,0.9549587352326537,0.9467946834993739,0.9505515741359009,0.9532070200939877,0.9527441501976064,0.9518135102441738,0.9484736971500373,0.9501235165413572,0.9473931881074127,0.9455141617884886,0.9535893824928822,1.0
5,0,1.9469170494513077,0.30381569474442044,4167,2.1913512093680247,0.2685851318944844,834,2.192968223668352,0.2694,0.9770818584753475,0.08351235695086252,,,0.96,,0.9600270667260814,0.0399729332739186,0.9823295683085769,0.14623390926865004,10,0.025,0.15,1.0,0.9542158223314018,0.9472614544238614,0.9473642182766896,0.9467226485369522,0.9473747741823764,0.9453979988966864,0.9488229219597032,0.9497405491113735,0.9461595551407458,0.9508378499939345,0.9466163873184121
5,1,1.9521308151158419,0.3023518118550516,4167,2.2026197569710866,0.24820143884892087,834,2.1929125876366338,0.2694,0.9756531122335316,0.08336517158757147,,,0.96,,0.9600270667260814,0.0399729332739186,0.9823295683085769,0.14623390926865004,10,0.025,0.15,0.9542158223314018,1.0,0.9392070188800933,0.9440192570209208,0.9394616665183412,0.9548284967812234,0.9432036065458144,0.9431816390069726,0.9505933025117544,0.9531501366730604,0.9491588144318288,0.9428514256504408
5,2,1.962598808967706,0.29755219582433406,4167,2.198993648801531,0.24940047961630696,834,2.192967085898677,0.2699,0.9720427043457558,0.08311735315247455,,,0.96,,0.9600270667260814,0.0399729332739186,0.9823295683085769,0.14623390926865004,10,0.025,0.15,0.9472614544238614,0.9392070188800933,1.0,0.9460861553818337,0.9411483515323684,0.9399898816815535,0.9400971386196314,0.944319047037218,0.9447243220695265,0.9443357981820004,0.9413163406115105,0.9433236118839435
5,3,1.9381906350453695,0.30184785217182625,4167,2.1843295097351074,0.2745803357314149,834,2.192816097525102,0.2699,0.9759196966754187,0.0836035272174933,,,0.96,,0.9600270667260814,0.0399729332739186,0.9823295683085769,0.14623390926865004,10,0.025,0.15,0.9473642182766896,0.9440192570209208,0.9460861553818337,1.0,0.9468576298561086,0.9485400076305381,0.948118397518513,0.9485764108890797,0.9504655618591978,0.9473774282869962,0.9457633859799187,0.9436367397884694
5,4,1.9400261878967284,0.30184785217182625,4167,2.1928342069898332,0.2773109243697479,833,2.1930166015142127,0.2694,0.974114771326974,0.08330257887372067,,,0.96,,0.9600270667260814,0.0399729332739186,0.9823295683085769,0.14623390926865004,10,0.025,0.15,0.9467226485369522,0.9394616665183412,0.9411483515323684,0.9468576298561086,1.0,0.9500149832172085,0.9464856299147496,0.9408931277811153,0.9493874297627966,0.9429123954453433,0.9468301750026333,0.9451637111970063
5,5,1.9465602202848955,0.30808735301175905,4167,2.189797503607614,0.2845138055222089,833,2.1930249884158752,0.27,0.9773526001996401,0.08344864175930128,,,0.96,,0.9600270667260814,0.0399729332739186,0.9823295683085769,0.14623390926865004,10,0.025,0.15,0.9473747741823764,0.9548284967812234,0.9399898816815535,0.9485400076305381,0.9500149832172085,1.0,0.9467310470338328,0.9502969094618717,0.952340022536369,0.9506769233281873,0.9467875698968634,0.9461842021281749
5,6,1.951417165814024,0.2954883609311255,4167,2.1858838966914584,0.27130852340936373,833,2.193051733548128,0.2699,0.9731243891610004,0.08322219590948432,,,0.96,,0.9600270667260814,0.0399729332739186,0.9823295683085769,0.14623390926865004,10,0.025,0.15,0.9453979988966864,0.9432036065458144,0.9400971386196314,0.948118397518513,0.9464856299147496,0.9467310470338328,1.0,0.9439908642067352,0.9446118560458063,0.9438348181322802,0.9407246579154387,0.9411757775060197
5,7,1.9524033669269447,0.30669546436285094,4167,2.196575573512486,0.26770708283313327,833,2.19306368465665,0.2702,0.9739923315078614,0.08306375118143845,,,0.96,,0.9600270667260814,0.0399729332739186,0.9823295683085769,0.14623390926865004,10,0.025,0.15,0.9488229219597032,0.9431816390069726,0.944319047037218,0.9485764108890797,0.9408931277811153,0.9502969094618717,0.9439908642067352,1.0,0.9430586148282365,0.9378488083735878,0.9465704699470074,0.9471355104179219
5,8,1.9367993011619105,0.306793086893903,4166,2.189554827553885,0.2809123649459784,833,2.193051781835435,0.2699,0.9766286335151333,0.08337143561231343,,,0.96,,0.9600270667260814,0.0399729332739186,0.9823295683085769,0.14623390926865004,10,0.025,0.15,0.9497405491113735,0.9505933025117544,0.9447243220695265,0.9504655618591978,0.9493874297627966,0.952340022536369,0.9446118560458063,0.9430586148282365,1.0,0.949745480052947,0.9483924056516936,0.9422401869491563
5,9,1.925301469817306,0.3156985117618819,4166,2.196422372545515,0.26410564225690275,833,2.192978620529175,0.2698,0.9746012138927687,0.08321385770640563,,,0.96,,0.9600270667260814,0.0399729332739186,0.9823295683085769,0.14623390926865004,10,0.025,0.15,0.9461595551407458,0.9531501366730604,0.9443357981820004,0.9473774282869962,0.9429123954453433,0.9506769233281873,0.9438348181322802,0.9378488083735878,0.949745480052947,1.0,0.9451820564093986,0.9404532592957902
5,10,1.954881192337383,0.299807969275084,4166,2.187960045678275,0.2773109243697479,833,2.192828287052203,0.27,0.97508747055279,0.08350507813169483,,,0.96,,0.9600270667260814,0.0399729332739186,0.9823295683085769,0.14623390926865004,10,0.025,0.15,0.9508378499939345,0.9491588144318288,0.9413163406115105,0.9457633859799187,0.9468301750026333,0.9467875698968634,0.9407246579154387,0.9465704699470074,0.9483924056516936,0.9451820564093986,1.0,0.9455399520492501
5,11,1.9568362506953152,0.29841574651944314,4166,2.1932071958269392,0.2797118847539016,833,2.192869955980325,0.2706,0.9731236184539138,0.0832740519172395,,,0.96,,0.9600270667260814,0.0399729332739186,0.9823295683085769,0.14623390926865004,10,0.025,0.15,0.9466163873184121,0.9428514256504408,0.9433236118839435,0.9436367397884694,0.9451637111970063,0.9461842021281749,0.9411757775060197,0.9471355104179219,0.9422401869491563,0.9404532592957902,0.9455399520492501,1.0
6,0,1.9049496029362534,0.31907847372210224,4167,2.1540961946759904,0.2829736211031175,834,2.1570766545549223,0.2879,0.9744752386746627,0.08349925126611243,,,0.96,,0.9600270667260814,0.0399729332739186,0.9867171295769208,0.14591787540667495,10,0.025,0.15,1.0,0.950133090446698,0.9414170353022057,0.9424410574870307,0.9425658617145815,0.9399855411023832,0.9383589159053138,0.9442527491903373,0.9441811252429587,0.9418570094807855,0.9466402553535512,0.9435442793048673
6,1,1.9083205844416762,0.3173746100311975,4167,2.16898775100708,0.26498800959232616,834,2.157010114645656,0.2881,0.9735757085033387,0.08337875447814574,,,0.96,,0.9600270667260814,0.0399729332739186,0.9867171295769208,0.14591787540667495,10,0.025,0.15,0.950133090446698,1.0,0.9345185794556127,0.9403253106149189,0.9353523178708809,0.9497874711756202,0.9379211640353756,0.9403738099307307,0.9450733182002915,0.9480637145143015,0.9456848838246902,0.9376966189935046
6,2,1.9169919949589354,0.31478281737461006,4167,2.165181909288679,0.2697841726618705,834,2.157080749922161,0.2885,0.9695914006666946,0.08309535439102851,,,0.96,,0.9600270667260814,0.0399729332739186,0.9867171295769208,0.14591787540667495,10,0.025,0.15,0.9414170353022057,0.9345185794556127,1.0,0.9419632860552836,0.9363524357741262,0.9340192969188871,0.9347377784100236,0.9404839041308078,0.9379858427976348,0.9419927844283283,0.9372656374808558,0.9379214735191252
6,3,1.89459204565395,0.3173506119510439,4167,2.146660259791783,0.3069544364508393,834,2.1568833906439284,0.2882,0.9739541159429795,0.08353873532727665,,,0.96,,0.9600270667260814,0.0399729332739186,0.9867171295769208,0.14591787540667495,10,0.025,0.15,0.9424410574870307,0.9403253106149189,0.9419632860552836,1.0,0.9430536614700973,0.9434484248530821,0.9424291281396416,0.9433699075492268,0.9462938572373755,0.9431089020423548,0.9422728882231329,0.9405350280385181
6,4,1.8974570982383958,0.3130069594432445,4167,2.1564639636448453,0.2929171668667467,833,2.1571372913408884,0.2881,0.9727498867565824,0.08331305976890492,,,0.96,,0.9600270667260814,0.0399729332739186,0.9867171295769208,0.14591787540667495,10,0.025,0.15,0.9425658617145815,0.9353523178708809,0.9363524357741262,0.9430536614700973,1.0,0.9465118084493696,0.9406274787811428,0.9379902222237086,0.9463635852236035,0.94128486311308,0.9434089118707997,0.9418373994447223
6,5,1.9009878382538303,0.3238780897528198,4167,2.1542863505227223,0.3037214885954382,833,2.157150413416609,0.2887,0.9743030622353359,0.08345417107048708,,,0.96,,0.9600270667260814,0.0399729332739186,0.9867171295769208,0.14591787540667495,10,0.025,0.15,0.9399855411023832,0.9497874711756202,0.9340192969188871,0.9434484248530821,0.9465118084493696,1.0,0.9388699078374941,0.9453619106157171,0.9455588746643122,0.9472598666020093,0.9411909357825746,0.9414191264157847
6,6,1.9102692275336295,0.31005519558435324,4167,2.148163522992815,0.290516206482593,833,2.157184543488901,0.2887,0.9696253607000827,0.08316140410132158,,,0.96,,0.9600270667260814,0.0399729332739186,0.9867171295769208,0.14591787540667495,10,0.025,0.15,0.9383589159053138,0.9379211640353756,0.9347377784100236,0.9424291281396416,0.9406274787811428,0.9388699078374941,1.0,0.9384360514764477,0.9389549914631506,0.9383350872162948,0.9350052165970588,0.9352857536714125
6,7,1.9059360883452676,0.3231821454283657,4167,2.160241263253348,0.2893157262905162,833,2.1572151636775536,0.2889,0.9725912099571195,0.08315995005629674,,,0.96,,0.9600270667260814,0.0399729332739186,0.9867171295769208,0.14591787540667495,10,0.025,0.15,0.9442527491903373,0.9403738099307307,0.9404839041308078,0.9433699075492268,0.9379902222237086,0.9453619106157171,0.9384360514764477,1.0,0.9419714195072738,0.9353450720330381,0.94343209739591,0.9426536461321517
6,8,1.88716013323177,0.322107537205953,4166,2.153956277029855,0.29411764705882354,833,2.1571836622455454,0.2887,0.9742551570483227,0.08340478562372988,,,0.96,,0.9600270667260814,0.0399729332739186,0.9867171295769208,0.14591787540667495,10,0.025,0.15,0.9441811252429587,0.9450733182002915,0.9379858427976348,0.9462938572373755,0.9463635852236035,0.9455588746643122,0.9389549914631506,0.9419714195072738,1.0,0.9446894695067116,0.9439616954602192,0.9378411922291991
6,9,1.8806761048056864,0.3268362938070091,4166,2.161327157701765,0.27490996398559425,833,2.1570961565911015,0.2886,0.9733365349239593,0.08327722897551931,,,0.96,,0.9600270667260814,0.0399729332739186,0.9867171295769208,0.14591787540667495,10,0.025,0.15,0.9418570094807855,0.9480637145143015,0.9419927844283283,0.9431089020423548,0.94128486311308,0.9472598666020093,0.9383350872162948,0.9353450720330381,0.9446894695067116,1.0,0.9429253825550552,0.9373941876521101
6,10,1.910552567062956,0.31416226596255403,4166,2.150376694543021,0.297719087635054,833,2.156900233860257,0.2883,0.9736017768200699,0.0834662664061262,,,0.96,,0.9600270667260814,0.0399729332739186,0.9867171295769208,0.14591787540667495,10,0.025,0.15,0.9466402553535512,0.9456848838246902,0.9372656374808558,0.9422728882231329,0.9434089118707997,0.9411909357825746,0.9350052165970588,0.94343209739591,0.9439616954602192,0.9429253825550552,1.0,0.9433818606399621
