round,client_id,client_i_training_loss,client_i_training_accuracy,client_i_training_dataset_size,client_i_evaluation_loss,client_i_evaluation_accuracy,client_i_evaluation_dataset_size,client_i_central_evaluation_loss,client_i_central_evaluation_accuracy,client_i_cosine_similarity,client_i_importance_coefficient,client_i_tanh_val,tanh_normalization_value,client_i_q,client_i_mask_order,client_i_v_nonzero_fraction,client_i_v_sparsity,client_i_v_cosine_similarity,client_i_reward_gradient_norm,local_epochs,learning_rate,gamma,client_0_cosine_similarity,client_1_cosine_similarity,client_2_cosine_similarity,client_3_cosine_similarity,client_4_cosine_similarity,client_5_cosine_similarity,client_6_cosine_similarity,client_7_cosine_similarity,client_8_cosine_similarity,client_9_cosine_similarity,client_10_cosine_similarity,client_11_cosine_similarity
0,0,2.2258621255303646,0.22096,5000,2.261931392881605,0.17146282973621102,834,2.263320086482234,0.1755,0.9968169664740104,0.08338910571285985,,,0.99,,0.9900107286803723,0.00998927131962768,0,0.09961502805004063,5,0.001,0.1,1.0,0.9925612628820952,0.9909396725666634,0.9922448480139172,0.9926603746949434,0.9952840251553562,0.9921846901557162,0.992448541195791,0.99331058649175,0.9957021304499086,0.9835349542700907,0.9948828499274183
0,1,2.227256834127341,0.25416,5000,2.257849437219125,0.18705035971223022,834,2.263320086482234,0.1755,0.9973882860153569,0.08343689966825137,,,0.99,,0.9900107286803723,0.00998927131962768,0,0.09961502805004063,5,0.001,0.1,0.9925612628820952,1.0,0.9948641833283219,0.9906607463506742,0.9918207160539341,0.9891817297960208,0.9934042456768662,0.9948171506253181,0.9940224479234447,0.9948995722628655,0.9926316475624282,0.9937196756234402
0,2,2.2254878575634804,0.26344,5000,2.259138063148216,0.18585131894484413,834,2.263320086482234,0.1755,0.9964744665224928,0.08336045374803146,,,0.99,,0.9900107286803723,0.00998927131962768,0,0.09961502805004063,5,0.001,0.1,0.9909396725666634,0.9948641833283219,1.0,0.9893472455607564,0.9919763213220815,0.988187496619752,0.996705763215244,0.9903633784571816,0.992027672826821,0.9927282514677767,0.9919694029693976,0.9925503711754435
0,3,2.2214978309193993,0.24916,5000,2.262235244115194,0.18225419664268586,834,2.263320086482234,0.1755,0.9950062265982486,0.08323762757394683,,,0.99,,0.9900107286803723,0.00998927131962768,0,0.09961502805004063,5,0.001,0.1,0.9922448480139172,0.9906607463506742,0.9893472455607564,1.0,0.9929115107412377,0.9868534020747242,0.9881461677372135,0.9925970844548764,0.9933015933071524,0.990468454225282,0.9865852308619963,0.9909924245097411
0,4,2.2264815977424575,0.26388,5000,2.2626971580364086,0.1716686674669868,833,2.263320086482234,0.1755,0.9966072506132432,0.08337156185207963,,,0.99,,0.9900107286803723,0.00998927131962768,0,0.09961502805004063,5,0.001,0.1,0.9926603746949434,0.9918207160539341,0.9919763213220815,0.9929115107412377,1.0,0.9913293773191064,0.991769990961459,0.992171981037426,0.9942185119397491,0.9932651248306561,0.987060321561693,0.9940628036502294
0,5,2.2239358021195526,0.21888,5000,2.269827436517786,0.16806722689075632,833,2.263320086482234,0.1755,0.9941353486700422,0.08316477394679091,,,0.99,,0.9900107286803723,0.00998927131962768,0,0.09961502805004063,5,0.001,0.1,0.9952840251553562,0.9891817297960208,0.988187496619752,0.9868534020747242,0.9913293773191064,1.0,0.9898382252813818,0.9894707608588499,0.9893740768542706,0.994208088786863,0.9782428719903475,0.9917283498575856
0,6,2.2266245073573603,0.25564,5000,2.263112359576755,0.18607442977190877,833,2.263320086482234,0.1755,0.9962757686985093,0.08334383160534493,,,0.99,,0.9900107286803723,0.00998927131962768,0,0.09961502805004063,5,0.001,0.1,0.9921846901557162,0.9934042456768662,0.996705763215244,0.9881461677372135,0.991769990961459,0.9898382252813818,1.0,0.9883718057343363,0.9917104936617103,0.9934775360156652,0.9907395168961637,0.9929361297022206
0,7,2.224931400748575,0.24932,5000,2.267954782203392,0.17046818727490998,833,2.263320086482234,0.1755,0.996232017187705,0.08334017155592538,,,0.99,,0.9900107286803723,0.00998927131962768,0,0.09961502805004063,5,0.001,0.1,0.992448541195791,0.9948171506253181,0.9903633784571816,0.9925970844548764,0.992171981037426,0.9894707608588499,0.9883718057343363,1.0,0.992267898726116,0.9940029277964575,0.9891831722075175,0.9930668666052382
0,8,2.226710018534569,0.26444,5000,2.2676641234645136,0.16686674669867949,833,2.263320086482234,0.1755,0.9969687128695418,0.08340180011578847,,,0.99,,0.9900107286803723,0.00998927131962768,0,0.09961502805004063,5,0.001,0.1,0.99331058649175,0.9940224479234447,0.992027672826821,0.9933015933071524,0.9942185119397491,0.9893740768542706,0.9917104936617103,0.992267898726116,1.0,0.9938210803489234,0.9899200998192589,0.9935934207621504
0,9,2.2253930483654045,0.23984,5000,2.267060306337145,0.1752701080432173,833,2.263320086482234,0.1755,0.9977040826778336,0.08346331775919155,,,0.99,,0.9900107286803723,0.00998927131962768,0,0.09961502805004063,5,0.001,0.1,0.9957021304499086,0.9948995722628655,0.9927282514677767,0.990468454225282,0.9932651248306561,0.994208088786863,0.9934775360156652,0.9940029277964575,0.9938210803489234,1.0,0.9881205738383269,0.9956646089400533
0,10,2.2268432507849045,0.30128,5000,2.2634680536058216,0.1644657863145258,833,2.263320086482234,0.1755,0.9927877886581425,0.08305204329706671,,,0.99,,0.9900107286803723,0.00998927131962768,0,0.09961502805004063,5,0.001,0.1,0.9835349542700907,0.9926316475624282,0.9919694029693976,0.9865852308619963,0.987060321561693,0.9782428719903475,0.9907395168961637,0.9891831722075175,0.9899200998192589,0.9881205738383269,1.0,0.989602145825037
0,11,2.2278590509086658,0.2368,5000,2.259735857998883,0.17647058823529413,833,2.263320086482234,0.1755,0.9974063780544639,0.08343841316472303,,,0.99,,0.9900107286803723,0.00998927131962768,0,0.09961502805004063,5,0.001,0.1,0.9948828499274183,0.9937196756234402,0.9925503711754435,0.9909924245097411,0.9940628036502294,0.9917283498575856,0.9929361297022206,0.9930668666052382,0.9935934207621504,0.9956646089400533,0.989602145825037,1.0
1,0,2.1115961208464995,0.37656,5000,2.2123452380851463,0.24100719424460432,834,2.2130516664669537,0.2471,0.9981060939122618,0.08337126045619986,,,0.99,,0.9900107286803723,0.00998927131962768,0.9540302843016998,0.09979918708845817,5,0.001,0.1,1.0,0.9954248692501002,0.9949977464535267,0.9959046206477673,0.9956579344887369,0.9969828240813952,0.9961466928052737,0.9959361944405533,0.995889010831346,0.9974273004195334,0.9915251904804109,0.9973103637981875
1,1,2.1140551849535316,0.3966,5000,2.2055705388387046,0.25539568345323743,834,2.2130516664669537,0.2471,0.9986111296609645,0.08341688048007252,,,0.99,,0.9900107286803723,0.00998927131962768,0.9540302843016998,0.09979918708845817,5,0.001,0.1,0.9954248692501002,1.0,0.9971883232427398,0.995069169319262,0.9956829660385498,0.9940022037149379,0.9966375428445374,0.9976057345028008,0.9967461951674079,0.9973315341679823,0.9969247062822189,0.9966457351231229
1,2,2.1104557741979124,0.39676,5000,2.2084186253724276,0.2637889688249401,834,2.2130516664669537,0.2471,0.9980809241173197,0.08335287334601343,,,0.99,,0.9900107286803723,0.00998927131962768,0.9540302843016998,0.09979918708845817,5,0.001,0.1,0.9949977464535267,0.9971883232427398,1.0,0.9945614611054134,0.995600819138093,0.9936471855917822,0.9982123976450881,0.9954079168007205,0.9958361118937764,0.9961542093562037,0.9955389369133282,0.9957647825046958
1,3,2.102648874452919,0.40468,5000,2.2114907723885997,0.2589928057553957,834,2.2130516664669537,0.2471,0.9974246404508915,0.08325634727856646,,,0.99,,0.9900107286803723,0.00998927131962768,0.9540302843016998,0.09979918708845817,5,0.001,0.1,0.9959046206477673,0.995069169319262,0.9945614611054134,1.0,0.9958396169114537,0.9934521237632348,0.9943538815703401,0.9961728190749062,0.9964244579109065,0.9950275181845827,0.9932642007643894,0.994984973100703
1,4,2.112610474058018,0.41096,5000,2.211288664076063,0.23529411764705882,833,2.2130516664669537,0.2471,0.998124261176692,0.0833610858953707,,,0.99,,0.9900107286803723,0.00998927131962768,0.9540302843016998,0.09979918708845817,5,0.001,0.1,0.9956579344887369,0.9956829660385498,0.995600819138093,0.9958396169114537,1.0,0.9954614255520079,0.9961408698476931,0.9956990809247499,0.9964684451315874,0.996489837848749,0.993596578289777,0.996788643343556
1,5,2.107318616672686,0.37484,5000,2.2201904544123896,0.234093637454982,833,2.2130516664669537,0.2471,0.9967913220287854,0.08319121477542939,,,0.99,,0.9900107286803723,0.00998927131962768,0.9540302843016998,0.09979918708845817,5,0.001,0.1,0.9969828240813952,0.9940022037149379,0.9936471855917822,0.9934521237632348,0.9954614255520079,1.0,0.995057688619936,0.9942848813529341,0.9934948380188929,0.9965173064045387,0.9888678968753087,0.995693125663006
1,6,2.1140342013851092,0.39876,5000,2.214724620183309,0.25690276110444177,833,2.2130516664669537,0.2471,0.9983704979097611,0.08335202601224866,,,0.99,,0.9900107286803723,0.00998927131962768,0.9540302843016998,0.09979918708845817,5,0.001,0.1,0.9961466928052737,0.9966375428445374,0.9982123976450881,0.9943538815703401,0.9961408698476931,0.995057688619936,1.0,0.9953387617499628,0.9961189250542363,0.9969391194329636,0.9949457529791939,0.9964844437533645
1,7,2.1086003043848995,0.39772,5000,2.216492361492581,0.2533013205282113,833,2.2130516664669537,0.2471,0.9983354907181703,0.08334865086705885,,,0.99,,0.9900107286803723,0.00998927131962768,0.9540302843016998,0.09979918708845817,5,0.001,0.1,0.9959361944405533,0.9976057345028008,0.9954079168007205,0.9961728190749062,0.9956990809247499,0.9942848813529341,0.9953387617499628,1.0,0.9959422425395492,0.99722351822782,0.9957590267099716,0.996589754979795
1,8,2.1121292433161645,0.41944,5000,2.217876946484601,0.2388955582232893,833,2.2130516664669537,0.2471,0.9982275222914426,0.083382967045404,,,0.99,,0.9900107286803723,0.00998927131962768,0.9540302843016998,0.09979918708845817,5,0.001,0.1,0.995889010831346,0.9967461951674079,0.9958361118937764,0.9964244579109065,0.9964684451315874,0.9934948380188929,0.9961189250542363,0.9959422425395492,1.0,0.9963775418296195,0.9952733747515149,0.9960922751295668
1,9,2.1104912431376754,0.38248,5000,2.216760794321696,0.24489795918367346,833,2.2130516664669537,0.2471,0.9987901503527126,0.08343886417096123,,,0.99,,0.9900107286803723,0.00998927131962768,0.9540302843016998,0.09979918708845817,5,0.001,0.1,0.9974273004195334,0.9973315341679823,0.9961542093562037,0.9950275181845827,0.996489837848749,0.9965173064045387,0.9969391194329636,0.99722351822782,0.9963775418296195,1.0,0.9943190609589005,0.9975890986225824
1,10,2.1132570805822968,0.4146,5000,2.213219580826936,0.22328931572629052,833,2.2130516664669537,0.2471,0.9965146776990549,0.0831131370649251,,,0.99,,0.9900107286803723,0.00998927131962768,0.9540302843016998,0.09979918708845817,5,0.001,0.1,0.9915251904804109,0.9969247062822189,0.9955389369133282,0.9932642007643894,0.993596578289777,0.9888678968753087,0.9949457529791939,0.9957590267099716,0.9952733747515149,0.9943190609589005,1.0,0.9941526149996951
1,11,2.1156279729430083,0.38388,5000,2.209605746799045,0.25930372148859543,833,2.2130516664669537,0.2471,0.9985146019327323,0.08341469260774988,,,0.99,,0.9900107286803723,0.00998927131962768,0.9540302843016998,0.09979918708845817,5,0.001,0.1,0.9973103637981875,0.9966457351231229,0.9957647825046958,0.994984973100703,0.996788643343556,0.995693125663006,0.9964844437533645,0.996589754979795,0.9960922751295668,0.9975890986225824,0.9941526149996951,1.0
2,0,1.9527371409592356,0.50732,5000,2.1509039490311235,0.41606714628297364,834,2.1506460886032057,0.4219,0.9986498361085202,0.08335721298079175,,,0.99,,0.9900107286803723,0.00998927131962768,0.9847178373800577,0.0998631026516848,5,0.001,0.1,1.0,0.9966540769049362,0.9968212311755751,0.9973452219802219,0.9971524363277408,0.9975631030012182,0.9973962868262338,0.9972144917997278,0.9967811284633801,0.9978504180192612,0.9946554378015785,0.9979507396173147
2,1,1.9557221351915104,0.50068,5000,2.1409822128437184,0.4412470023980815,834,2.1506460886032057,0.4219,0.9989648881311394,0.08339535682911338,,,0.99,,0.9900107286803723,0.00998927131962768,0.9847178373800577,0.0998631026516848,5,0.001,0.1,0.9966540769049362,1.0,0.9979991082987693,0.996917766865361,0.9971309791433928,0.9955999859317854,0.9973513738169408,0.9982548679363356,0.997527548507163,0.9982837228909951,0.9979997214966793,0.9974431832504488
2,2,1.9510693244873338,0.5038,5000,2.1456249819861517,0.4292565947242206,834,2.1506460886032057,0.4219,0.9987743748269278,0.0833499569932588,,,0.99,,0.9900107286803723,0.00998927131962768,0.9847178373800577,0.0998631026516848,5,0.001,0.1,0.9968212311755751,0.9979991082987693,1.0,0.9966902496578729,0.9972628184470805,0.9957516363662967,0.9985128673523406,0.9971595795996121,0.9971363802396558,0.997626433134678,0.9968616909992064,0.9970571506756755
2,3,1.9362297653392622,0.52316,5000,2.1483650030913175,0.4460431654676259,834,2.1506460886032057,0.4219,0.998389471223394,0.0832783416465697,,,0.99,,0.9900107286803723,0.00998927131962768,0.9847178373800577,0.0998631026516848,5,0.001,0.1,0.9973452219802219,0.996917766865361,0.9966902496578729,1.0,0.9976049738697698,0.9960152272024025,0.9962531188845783,0.9974041034378038,0.9972195166542336,0.9968193440186734,0.9955159093429748,0.9964846467808378
2,4,1.9509337156441562,0.51884,5000,2.1481229729122586,0.4237695078031212,833,2.1506460886032057,0.4219,0.9988563316845672,0.08335763833273191,,,0.99,,0.9900107286803723,0.00998927131962768,0.9847178373800577,0.0998631026516848,5,0.001,0.1,0.9971524363277408,0.9971309791433928,0.9972628184470805,0.9976049738697698,1.0,0.9974135840110762,0.9974333502071937,0.9972430102971345,0.9974566217441776,0.9976700217440454,0.9958143162354616,0.9976799042255843
2,5,1.947211110060382,0.50092,5000,2.1582386935198747,0.39615846338535415,833,2.1506460886032057,0.4219,0.9977884610671216,0.08321900284539291,,,0.99,,0.9900107286803723,0.00998927131962768,0.9847178373800577,0.0998631026516848,5,0.001,0.1,0.9975631030012182,0.9955999859317854,0.9957516363662967,0.9960152272024025,0.9974135840110762,1.0,0.9965096811163555,0.9961141618133906,0.9955347844328554,0.997100578524146,0.9927035699010263,0.9967592648105151
2,6,1.9564317250707346,0.50716,5000,2.1549269358317056,0.42016806722689076,833,2.1506460886032057,0.4219,0.9988393078618467,0.08335153310918986,,,0.99,,0.9900107286803723,0.00998927131962768,0.9847178373800577,0.0998631026516848,5,0.001,0.1,0.9973962868262338,0.9973513738169408,0.9985128673523406,0.9962531188845783,0.9974333502071937,0.9965096811163555,1.0,0.9970062723341087,0.997213278148378,0.9978956569064777,0.996605398724559,0.9974797776152021
2,7,1.9460823552623676,0.51404,5000,2.1528364993907787,0.4261704681872749,833,2.1506460886032057,0.4219,0.9988680101133919,0.0833503897448,,,0.99,,0.9900107286803723,0.00998927131962768,0.9847178373800577,0.0998631026516848,5,0.001,0.1,0.9972144917997278,0.9982548679363356,0.9971595795996121,0.9974041034378038,0.9972430102971345,0.9961141618133906,0.9970062723341087,1.0,0.9968884932685008,0.9982189622916213,0.9970159745365189,0.9974820352682483
2,8,1.9522053540891902,0.53872,5000,2.1561502085791693,0.4105642256902761,833,2.1506460886032057,0.4219,0.9986136745222098,0.08336322467109147,,,0.99,,0.9900107286803723,0.00998927131962768,0.9847178373800577,0.0998631026516848,5,0.001,0.1,0.9967811284633801,0.997527548507163,0.9971363802396558,0.9972195166542336,0.9974566217441776,0.9955347844328554,0.997213278148378,0.9968884932685008,1.0,0.9974563557475642,0.9966936758033537,0.9970452353197652
2,9,1.9505000788694733,0.50184,5000,2.1539641751183405,0.4105642256902761,833,2.1506460886032057,0.4219,0.9992049316273397,0.08341658529597333,,,0.99,,0.9900107286803723,0.00998927131962768,0.9847178373800577,0.0998631026516848,5,0.001,0.1,0.9978504180192612,0.9982837228909951,0.997626433134678,0.9968193440186734,0.9976700217440454,0.997100578524146,0.9978956569064777,0.9982189622916213,0.9974563557475642,1.0,0.996857139987396,0.9982577714368955
2,10,1.9540953305116884,0.50248,5000,2.150726079940796,0.40456182472989194,833,2.1506460886032057,0.4219,0.9977694427974443,0.08317050956589958,,,0.99,,0.9900107286803723,0.00998927131962768,0.9847178373800577,0.0998631026516848,5,0.001,0.1,0.9946554378015785,0.9979997214966793,0.9968616909992064,0.9955159093429748,0.9958143162354616,0.9927035699010263,0.996605398724559,0.9970159745365189,0.9966936758033537,0.996857139987396,1.0,0.9961204548563961
2,11,1.958970316959794,0.499,5000,2.146869111944128,0.4381752701080432,833,2.1506460886032057,0.4219,0.9988481674977179,0.08339024798518732,,,0.99,,0.9900107286803723,0.00998927131962768,0.9847178373800577,0.0998631026516848,5,0.001,0.1,0.9979507396173147,0.9974431832504488,0.9970571506756755,0.9964846467808378,0.9976799042255843,0.9967592648105151,0.9974797776152021,0.9974820352682483,0.9970452353197652,0.9982577714368955,0.9961204548563961,1.0
3,0,1.7795960666267736,0.57616,5000,2.0756755493305348,0.5083932853717026,834,2.0741309792089004,0.5036,0.9988272474585457,0.08334723198876892,,,0.99,,0.9900107286803723,0.00998927131962768,0.9940718465368628,0.09988505082254374,5,0.001,0.1,1.0,0.9974170060506818,0.9970785573103316,0.997561543569285,0.9975520835623904,0.9977899730410309,0.9978577797611082,0.997518885978828,0.9972953880590549,0.9981058485026888,0.9959899270744497,0.9979780816358466
3,1,1.7824615713897025,0.55952,5000,2.0618568040706493,0.4988009592326139,834,2.0741309792089004,0.5036,0.9991734024211207,0.08338179214647387,,,0.99,,0.9900107286803723,0.00998927131962768,0.9940718465368628,0.09988505082254374,5,0.001,0.1,0.9974170060506818,1.0,0.9982938326961039,0.997685243400091,0.9975436196181635,0.9967147227435746,0.9979982763333498,0.9983139772167451,0.9979342797404661,0.9983830722622475,0.9982119090812783,0.9977991688364964
3,2,1.7790808941907943,0.56728,5000,2.0687176607273243,0.4988009592326139,834,2.0741309792089004,0.5036,0.998795548258135,0.08334175978035943,,,0.99,,0.9900107286803723,0.00998927131962768,0.9940718465368628,0.09988505082254374,5,0.001,0.1,0.9970785573103316,0.9982938326961039,1.0,0.9972258369267758,0.997282075469682,0.9964673240976455,0.9983836981150744,0.9976054645789316,0.9971025560996353,0.997757354795117,0.9973445698042941,0.9972249419977224
3,3,1.7588501231685565,0.59456,5000,2.0710007261346886,0.5167865707434053,834,2.0741309792089004,0.5036,0.9987543916649763,0.0832965187369099,,,0.99,,0.9900107286803723,0.00998927131962768,0.9940718465368628,0.09988505082254374,5,0.001,0.1,0.997561543569285,0.997685243400091,0.9972258369267758,1.0,0.9978293795090816,0.9971932104360122,0.9970974902223961,0.99775298109106,0.9978392056424769,0.9972711999810718,0.9967719452210319,0.9970478736720849
3,4,1.7769422602501646,0.57728,5000,2.0711420200489186,0.49819927971188477,833,2.0741309792089004,0.5036,0.9989541661147029,0.0833515887775213,,,0.99,,0.9900107286803723,0.00998927131962768,0.9940718465368628,0.09988505082254374,5,0.001,0.1,0.9975520835623904,0.9975436196181635,0.997282075469682,0.9978293795090816,1.0,0.9977910414585,0.9978188785556322,0.9975857086452727,0.9978406808088578,0.9978831705721799,0.9967719633002102,0.9977694689598073
3,5,1.772342427369136,0.5718,5000,2.0820292543481895,0.4909963985594238,833,2.0741309792089004,0.5036,0.9983189068813222,0.08324607945013236,,,0.99,,0.9900107286803723,0.00998927131962768,0.9940718465368628,0.09988505082254374,5,0.001,0.1,0.9977899730410309,0.9967147227435746,0.9964673240976455,0.9971932104360122,0.9977910414585,1.0,0.9970536227991776,0.9971102296233114,0.9965086765872203,0.9973702659031999,0.99491712536922,0.9971395571663986
3,6,1.785507724847004,0.56896,5000,2.081581707353945,0.49939975990396157,833,2.0741309792089004,0.5036,0.9990625487452549,0.08335134297081125,,,0.99,,0.9900107286803723,0.00998927131962768,0.9940718465368628,0.09988505082254374,5,0.001,0.1,0.9978577797611082,0.9979982763333498,0.9983836981150744,0.9970974902223961,0.9978188785556322,0.9970536227991776,1.0,0.9976876526315129,0.9976576305253975,0.9981806781940981,0.9974769263821738,0.9977536892494522
3,7,1.7701281612845743,0.5736,5000,2.075090028621532,0.49939975990396157,833,2.0741309792089004,0.5036,0.9990245155422517,0.08334941446329493,,,0.99,,0.9900107286803723,0.00998927131962768,0.9940718465368628,0.09988505082254374,5,0.001,0.1,0.997518885978828,0.9983139772167451,0.9976054645789316,0.99775298109106,0.9975857086452727,0.9971102296233114,0.9976876526315129,1.0,0.9975595430082561,0.9981444950137874,0.9974636180581797,0.9977685555560418
3,8,1.7774900474366109,0.59696,5000,2.0804265119411327,0.4969987995198079,833,2.0741309792089004,0.5036,0.9988091371627916,0.08335033375048834,,,0.99,,0.9900107286803723,0.00998927131962768,0.9940718465368628,0.09988505082254374,5,0.001,0.1,0.9972953880590549,0.9979342797404661,0.9971025560996353,0.9978392056424769,0.9978406808088578,0.9965086765872203,0.9976576305253975,0.9975595430082561,1.0,0.9977217219550985,0.9972702663090331,0.9971992615486842
3,9,1.7772654220556756,0.56264,5000,2.0770983431074352,0.5162064825930373,833,2.0741309792089004,0.5036,0.9992046370270408,0.08339581695192748,,,0.99,,0.9900107286803723,0.00998927131962768,0.9940718465368628,0.09988505082254374,5,0.001,0.1,0.9981058485026888,0.9983830722622475,0.997757354795117,0.9972711999810718,0.9978831705721799,0.9973702659031999,0.9981806781940981,0.9981444950137874,0.9977217219550985,1.0,0.9974711817509275,0.9983787555073881
3,10,1.78105430360053,0.55332,5000,2.074196793414928,0.49819927971188477,833,2.0741309792089004,0.5036,0.9983735389628554,0.08321810763912972,,,0.99,,0.9900107286803723,0.00998927131962768,0.9940718465368628,0.09988505082254374,5,0.001,0.1,0.9959899270744497,0.9982119090812783,0.9973445698042941,0.9967719452210319,0.9967719633002102,0.99491712536922,0.9974769263821738,0.9974636180581797,0.9972702663090331,0.9974711817509275,1.0,0.997022894401502
3,11,1.787939060113992,0.56792,5000,2.06957060319406,0.5210084033613446,833,2.0741309792089004,0.5036,0.9989054900905739,0.08337001334418256,,,0.99,,0.9900107286803723,0.00998927131962768,0.9940718465368628,0.09988505082254374,5,0.001,0.1,0.9979780816358466,0.9977991688364964,0.9972249419977224,0.9970478736720849,0.9977694689598073,0.9971395571663986,0.9977536892494522,0.9977685555560418,0.9971992615486842,0.9983787555073881,0.997022894401502,1.0
4,0,1.617426528065068,0.61464,5000,1.9865394124278315,0.5599520383693045,834,1.9832124283519417,0.5512,0.9989489824839867,0.0833465982540217,,,0.99,,0.9900107286803723,0.00998927131962768,0.9966235368307919,0.099880216397268,5,0.001,0.1,1.0,0.9973735136592078,0.9973009194051571,0.9977893947102534,0.9976721969115968,0.9976000809105343,0.9979395979734903,0.9976882830201569,0.9974041927410862,0.9979668182683111,0.9963731648040755,0.9979184440289257
4,1,1.6226292771898259,0.59264,5000,1.9680904768131398,0.5467625899280576,834,1.9832124283519417,0.5512,0.9989585413271566,0.08336809860626607,,,0.99,,0.9900107286803723,0.00998927131962768,0.9966235368307919,0.099880216397268,5,0.001,0.1,0.9973735136592078,1.0,0.9979704347907116,0.9970891412724965,0.996939455862114,0.9967949266225544,0.9976758495922952,0.9978947615909218,0.9978198363205635,0.9983055097861956,0.9978714639152787,0.9974061080702685
4,2,1.6197705606746067,0.59944,5000,1.9775358791704531,0.5551558752997602,834,1.9832124283519417,0.5512,0.9988399982708593,0.08333972551297204,,,0.99,,0.9900107286803723,0.00998927131962768,0.9966235368307919,0.099880216397268,5,0.001,0.1,0.9973009194051571,0.9979704347907116,1.0,0.9971613685028039,0.9973207273468236,0.996579695653276,0.9983356393934562,0.9975082534379996,0.9971482692745626,0.9978005178368393,0.9975128359330584,0.9970823317334495
4,3,1.5941926043504362,0.62464,5000,1.97890011911039,0.5695443645083933,834,1.9832124283519417,0.5512,0.9985643584489544,0.08330308853473915,,,0.99,,0.9900107286803723,0.00998927131962768,0.9966235368307919,0.099880216397268,5,0.001,0.1,0.9977893947102534,0.9970891412724965,0.9971613685028039,1.0,0.9975111084926868,0.9971497215487702,0.996883951944479,0.9971831866499882,0.9973134225216105,0.9971886207899848,0.9960695087552758,0.9970791861274548
4,4,1.613886063341882,0.60804,5000,1.980326811472575,0.5486194477791116,833,1.9832124283519417,0.5512,0.9988207400800412,0.08334513101176018,,,0.99,,0.9900107286803723,0.00998927131962768,0.9966235368307919,0.099880216397268,5,0.001,0.1,0.9976721969115968,0.996939455862114,0.9973207273468236,0.9975111084926868,1.0,0.9976480707862512,0.9975553182705927,0.9975841277771459,0.9972456325292054,0.9978060021235612,0.9966379408163194,0.9975697917875902
4,5,1.6097396293263526,0.60884,5000,1.9911754661136203,0.5354141656662665,833,1.9832124283519417,0.5512,0.9983605535214607,0.08326558238800236,,,0.99,,0.9900107286803723,0.00998927131962768,0.9966235368307919,0.099880216397268,5,0.001,0.1,0.9976000809105343,0.9967949266225544,0.996579695653276,0.9971497215487702,0.9976480707862512,1.0,0.9968912884099556,0.9971306227856618,0.9966807021757634,0.9973296455005628,0.9952713723724829,0.9969007188027438
4,6,1.625539467516978,0.5998,5000,1.9941644094608448,0.5378151260504201,833,1.9832124283519417,0.5512,0.9990234962689961,0.08335152384279602,,,0.99,,0.9900107286803723,0.00998927131962768,0.9966235368307919,0.099880216397268,5,0.001,0.1,0.9979395979734903,0.9976758495922952,0.9983356393934562,0.996883951944479,0.9975553182705927,0.9968912884099556,1.0,0.9977395699858995,0.9977126877666732,0.9978920424981514,0.997571035619632,0.997722946358601
4,7,1.6065794776199729,0.60828,5000,1.9825540207050465,0.5414165666266506,833,1.9832124283519417,0.5512,0.9989969506492182,0.08334948459834737,,,0.99,,0.9900107286803723,0.00998927131962768,0.9966235368307919,0.099880216397268,5,0.001,0.1,0.9976882830201569,0.9978947615909218,0.9975082534379996,0.9971831866499882,0.9975841277771459,0.9971306227856618,0.9977395699858995,1.0,0.9977099464221024,0.998233379271838,0.9973803584111284,0.9975492567472695
4,8,1.6142904788065868,0.62612,5000,1.990757182792381,0.5510204081632653,833,1.9832124283519417,0.5512,0.9987736560473821,0.08334284190035413,,,0.99,,0.9900107286803723,0.00998927131962768,0.9966235368307919,0.099880216397268,5,0.001,0.1,0.9974041927410862,0.9978198363205635,0.9971482692745626,0.9973134225216105,0.9972456325292054,0.9966807021757634,0.9977126877666732,0.9977099464221024,1.0,0.9976821865088958,0.9971889302001309,0.9970197640846898
4,9,1.6156971330096008,0.59704,5000,1.9855604304207697,0.5642256902761105,833,1.9832124283519417,0.5512,0.9991799514997914,0.08338384401999806,,,0.99,,0.9900107286803723,0.00998927131962768,0.9966235368307919,0.099880216397268,5,0.001,0.1,0.9979668182683111,0.9983055097861956,0.9978005178368393,0.9971886207899848,0.9978060021235612,0.9973296455005628,0.9978920424981514,0.998233379271838,0.9976821865088958,1.0,0.9976413833749431,0.9979480417009065
4,10,1.6211211059503494,0.5836,5000,1.9835441200821489,0.5438175270108043,833,1.9832124283519417,0.5512,0.9983832451214678,0.08324916274765143,,,0.99,,0.9900107286803723,0.00998927131962768,0.9966235368307919,0.099880216397268,5,0.001,0.1,0.9963731648040755,0.9978714639152787,0.9975128359330584,0.9960695087552758,0.9966379408163194,0.9952713723724829,0.997571035619632,0.9973803584111284,0.9971889302001309,0.9976413833749431,1.0,0.9967311824283683
4,11,1.6275071238256564,0.5944,5000,1.9774103738643505,0.56062424969988,833,1.9832124283519417,0.5512,0.998773947322746,0.08335491858309156,,,0.99,,0.9900107286803723,0.00998927131962768,0.9966235368307919,0.099880216397268,5,0.001,0.1,0.9979184440289257,0.9974061080702685,0.9970823317334495,0.9970791861274548,0.9975697917875902,0.9969007188027438,0.997722946358601,0.9975492567472695,0.9970197640846898,0.9979480417009065,0.9967311824283683,1.0
5,0,1.476720968705074,0.6324,5000,1.8843549931490864,0.5911270983213429,834,1.878855997381119,0.5828,0.9988438608999529,0.08334550280484421,,,0.99,,0.9900107286803723,0.00998927131962768,0.9973571288646067,0.09987188909573369,5,0.001,0.1,1.0,0.9973386019041581,0.9969781446248496,0.9974959139447662,0.9974450137285289,0.9971206256065294,0.9976852359422848,0.9975911876126453,0.997209792341933,0.9977147466424493,0.9966034539386119,0.9975867399236948
5,1,1.4861268954671871,0.61536,5000,1.8605900428913258,0.5767386091127098,834,1.878855997381119,0.5828,0.9989130914149091,0.08336092132913461,,,0.99,,0.9900107286803723,0.00998927131962768,0.9973571288646067,0.09987188909573369,5,0.001,0.1,0.9973386019041581,1.0,0.9978962115506139,0.9971251905280194,0.9969301823609049,0.9964944117928926,0.9977317346952681,0.9977275746299671,0.9975294334625439,0.9979329337575706,0.9977440395158316,0.9971485757188241
5,2,1.481088322363082,0.61924,5000,1.873294923040602,0.5827338129496403,834,1.878855997381119,0.5828,0.9987136801608242,0.08333708692725306,,,0.99,,0.9900107286803723,0.00998927131962768,0.9973571288646067,0.09987188909573369,5,0.001,0.1,0.9969781446248496,0.9978962115506139,1.0,0.9969409610157208,0.9971395791910306,0.9962861727455863,0.9981773694201406,0.9972552633857902,0.9969092352789507,0.9975552761244278,0.9973173481273401,0.996753931625274
5,3,1.4519755352074932,0.64708,5000,1.8729750447803073,0.5995203836930456,834,1.878855997381119,0.5828,0.9985792112913048,0.08331028100557752,,,0.99,,0.9900107286803723,0.00998927131962768,0.9973571288646067,0.09987188909573369,5,0.001,0.1,0.9974959139447662,0.9971251905280194,0.9969409610157208,1.0,0.9975405774756022,0.9971229563440419,0.9969742096698155,0.9970843882492807,0.9973478017204295,0.9971146926862368,0.9961211483759113,0.9967316125643381
5,4,1.471806640457955,0.6268,5000,1.876539040494848,0.575030012004802,833,1.878855997381119,0.5828,0.9987493415592164,0.08334155255726126,,,0.99,,0.9900107286803723,0.00998927131962768,0.9973571288646067,0.09987188909573369,5,0.001,0.1,0.9974450137285289,0.9969301823609049,0.9971395791910306,0.9975405774756022,1.0,0.9974817915764368,0.9974437800854511,0.9973858531931219,0.9972439481696033,0.9975087354040182,0.9963281889713247,0.9971895780087061
5,5,1.469234189941625,0.63228,5000,1.8865293970814458,0.5690276110444178,833,1.878855997381119,0.5828,0.9982221251258582,0.08327575733710695,,,0.99,,0.9900107286803723,0.00998927131962768,0.9973571288646067,0.09987188909573369,5,0.001,0.1,0.9971206256065294,0.9964944117928926,0.9962861727455863,0.9971229563440419,0.9974817915764368,1.0,0.9967056768549332,0.9969025640479727,0.9967239649787641,0.9968048061760888,0.9953409670351044,0.9963373143073949
5,6,1.4873013204070413,0.62068,5000,1.893666938499168,0.5666266506602641,833,1.878855997381119,0.5828,0.9989793225381787,0.08335289511048063,,,0.99,,0.9900107286803723,0.00998927131962768,0.9973571288646067,0.09987188909573369,5,0.001,0.1,0.9976852359422848,0.9977317346952681,0.9981773694201406,0.9969742096698155,0.9974437800854511,0.9967056768549332,1.0,0.9973911319836337,0.9974829979450099,0.9976223899086089,0.9976407281803024,0.9975378631788959
5,7,1.4645456598822477,0.62644,5000,1.8765348549242373,0.5786314525810324,833,1.878855997381119,0.5828,0.9988948056790401,0.08334891692775467,,,0.99,,0.9900107286803723,0.00998927131962768,0.9973571288646067,0.09987188909573369,5,0.001,0.1,0.9975911876126453,0.9977275746299671,0.9972552633857902,0.9970843882492807,0.9973858531931219,0.9969025640479727,0.9973911319836337,1.0,0.9976462490909298,0.9980550895368075,0.9971707611008644,0.9971698509267333
5,8,1.4724229038141337,0.6418,5000,1.8878565541020147,0.5822328931572629,833,1.878855997381119,0.5828,0.9987297062911697,0.08333951514732466,,,0.99,,0.9900107286803723,0.00998927131962768,0.9973571288646067,0.09987188909573369,5,0.001,0.1,0.997209792341933,0.9975294334625439,0.9969092352789507,0.9973478017204295,0.9972439481696033,0.9967239649787641,0.9974829979450099,0.9976462490909298,1.0,0.997408413023624,0.9970179318356681,0.9968821117321868
5,9,1.476151234860633,0.62004,5000,1.8802668739248205,0.6014405762304922,833,1.878855997381119,0.5828,0.9990039609797995,0.08337350926311912,,,0.99,,0.9900107286803723,0.00998927131962768,0.9973571288646067,0.09987188909573369,5,0.001,0.1,0.9977147466424493,0.9979329337575706,0.9975552761244278,0.9971146926862368,0.9975087354040182,0.9968048061760888,0.9976223899086089,0.9980550895368075,0.997408413023624,1.0,0.9975371729219678,0.997433105859018
5,10,1.4814609746264804,0.60408,5000,1.8796797460979886,0.5822328931572629,833,1.878855997381119,0.5828,0.9984169842989925,0.08327197759183001,,,0.99,,0.9900107286803723,0.00998927131962768,0.9973571288646067,0.09987188909573369,5,0.001,0.1,0.9966034539386119,0.9977440395158316,0.9973173481273401,0.9961211483759113,0.9963281889713247,0.9953409670351044,0.9976407281803024,0.9971707611008644,0.9970179318356681,0.9975371729219678,1.0,0.9968341630870332
5,11,1.4890167796687714,0.61676,5000,1.8712200809408117,0.5882352941176471,833,1.878855997381119,0.5828,0.9985798442061286,0.08334208399831346,,,0.99,,0.9900107286803723,0.00998927131962768,0.9973571288646067,0.09987188909573369,5,0.001,0.1,0.9975867399236948,0.9971485757188241,0.996753931625274,0.9967316125643381,0.9971895780087061,0.9963373143073949,0.9975378631788959,0.9971698509267333,0.9968821117321868,0.997433105859018,0.9968341630870332,1.0
6,0,1.3557318168081296,0.64548,5000,1.7709306257742423,0.6282973621103117,834,1.76316820699186,0.605,0.9987058264338885,0.08334516715144957,,,0.99,,0.9900107286803723,0.00998927131962768,0.9965958310596607,0.09985704200495084,5,0.001,0.1,1.0,0.9969665718497007,0.9966840022314907,0.9973820056629031,0.9969896619870011,0.9966881716747612,0.9974645150235256,0.9971712556628257,0.9970833240921413,0.997358743499153,0.9965821219924957,0.9969661328311614
6,1,1.3672602857753728,0.63368,5000,1.741524616877238,0.6031175059952039,834,1.76316820699186,0.605,0.9988081908702094,0.08335792635417066,,,0.99,,0.9900107286803723,0.00998927131962768,0.9965958310596607,0.09985704200495084,5,0.001,0.1,0.9969665718497007,1.0,0.9971997558212367,0.9973432697595573,0.996646222020525,0.9961635284823417,0.99728125305218,0.9975788643653097,0.9970378319782681,0.9978354181252884,0.9977513798536503,0.9967587282929569
6,2,1.3640709891440763,0.63744,5000,1.7582659191555448,0.5911270983213429,834,1.76316820699186,0.605,0.9983269592279165,0.08332777788705296,,,0.99,,0.9900107286803723,0.00998927131962768,0.9965958310596607,0.09985704200495084,5,0.001,0.1,0.9966840022314907,0.9971997558212367,1.0,0.9966198865999897,0.9964022697209504,0.9959252561179853,0.9972735211600875,0.9967944286632269,0.9962911367746864,0.9970848403242888,0.9965824488283878,0.9959390455005723
6,3,1.3297209326628667,0.66092,5000,1.755455838309394,0.6199040767386091,834,1.76316820699186,0.605,0.9986586926306638,0.0833220463569058,,,0.99,,0.9900107286803723,0.00998927131962768,0.9965958310596607,0.09985704200495084,5,0.001,0.1,0.9973820056629031,0.9973432697595573,0.9966198865999897,1.0,0.9972885388682378,0.9969455322679283,0.9967663657878784,0.9971623557633146,0.9971079302420355,0.9970494329597518,0.9967793309338292,0.9963287182699725
6,4,1.3504153489307233,0.64416,5000,1.761733019793475,0.5930372148859544,833,1.76316820699186,0.605,0.9985448771052701,0.08333754990280368,,,0.99,,0.9900107286803723,0.00998927131962768,0.9965958310596607,0.09985704200495084,5,0.001,0.1,0.9969896619870011,0.996646222020525,0.9964022697209504,0.9972885388682378,1.0,0.9970390026212793,0.9971675251393095,0.9968610554218337,0.9966735791108507,0.9971860038983852,0.9964711608226123,0.9966835233309919
6,5,1.3492446094561534,0.64868,5000,1.770181726526331,0.5834333733493398,833,1.76316820699186,0.605,0.99806428577595,0.08328168994150167,,,0.99,,0.9900107286803723,0.00998927131962768,0.9965958310596607,0.09985704200495084,5,0.001,0.1,0.9966881716747612,0.9961635284823417,0.9959252561179853,0.9969455322679283,0.9970390026212793,1.0,0.9961764375626857,0.9968213346107996,0.996425892826812,0.9965148910869003,0.9954448627277137,0.9955071993609569
6,6,1.3685782336125707,0.6348,5000,1.7820321365639016,0.5882352941176471,833,1.76316820699186,0.605,0.9987966552255138,0.0833526320114428,,,0.99,,0.9900107286803723,0.00998927131962768,0.9965958310596607,0.09985704200495084,5,0.001,0.1,0.9974645150235256,0.99728125305218,0.9972735211600875,0.9967663657878784,0.9971675251393095,0.9961764375626857,1.0,0.9971135190938768,0.9968741186146006,0.9976418852836108,0.9975083889593339,0.997157019159812
6,7,1.3436297458448228,0.64388,5000,1.759501090756169,0.6038415366146459,833,1.76316820699186,0.605,0.9987558059510238,0.08334887397221212,,,0.99,,0.9900107286803723,0.00998927131962768,0.9965958310596607,0.09985704200495084,5,0.001,0.1,0.9971712556628257,0.9975788643653097,0.9967944286632269,0.9971623557633146,0.9968610554218337,0.9968213346107996,0.9971135190938768,1.0,0.9972507068913921,0.9978060072174711,0.9967190059421227,0.9966565779136375
6,8,1.3503853543548827,0.65536,5000,1.7739063854570742,0.602641056422569,833,1.76316820699186,0.605,0.9984756357150999,0.08333406564628626,,,0.99,,0.9900107286803723,0.00998927131962768,0.9965958310596607,0.09985704200495084,5,0.001,0.1,0.9970833240921413,0.9970378319782681,0.9962911367746864,0.9971079302420355,0.9966735791108507,0.996425892826812,0.9968741186146006,0.9972507068913921,1.0,0.9972853569216376,0.9964980460960857,0.9960504147327272
6,9,1.3575035275927014,0.63644,5000,1.7631503431885331,0.6230492196878752,833,1.76316820699186,0.605,0.9989728960736232,0.08337096182433369,,,0.99,,0.9900107286803723,0.00998927131962768,0.9965958310596607,0.09985704200495084,5,0.001,0.1,0.997358743499153,0.9978354181252884,0.9970848403242888,0.9970494329597518,0.9971860038983852,0.9965148910869003,0.9976418852836108,0.9978060072174711,0.9972853569216376,1.0,0.9975409580971174,0.9972323017922099
6,10,1.3625769108723682,0.62132,5000,1.7646038797166612,0.6134453781512605,833,1.76316820699186,0.605,0.9984758046439425,0.08329265419316373,,,0.99,,0.9900107286803723,0.00998927131962768,0.9965958310596607,0.09985704200495084,5,0.001,0.1,0.9965821219924957,0.9977513798536503,0.9965824488283878,0.9967793309338292,0.9964711608226123,0.9954448627277137,0.9975083889593339,0.9967190059421227,0.9964980460960857,0.9975409580971174,1.0,0.9967043303486516
6,11,1.3694384706248144,0.63808,5000,1.7532908342502735,0.60984393757503,833,1.76316820699186,0.605,0.9982591828552173,0.08332865475867701,,,0.99,,0.9900107286803723,0.00998927131962768,0.9965958310596607,0.09985704200495084,5,0.001,0.1,0.9969661328311614,0.9967587282929569,0.9959390455005723,0.9963287182699725,0.9966835233309919,0.9955071993609569,0.997157019159812,0.9966565779136375,0.9960504147327272,0.9972323017922099,0.9967043303486516,1.0
7,0,1.2540834895364799,0.65804,5000,1.649385549404003,0.6378896882494005,834,1.638599149716167,0.6258,0.9985797216702016,0.08334767981077337,,,0.99,,0.9900107286803723,0.00998927131962768,0.9979226315299584,0.09983601379655246,5,0.001,0.1,1.0,0.9967564057155452,0.9964985659691916,0.9967644540036548,0.996720062287452,0.9961101585961151,0.9970791328452256,0.9967511591472662,0.996387115112575,0.9969510196329877,0.9967394823558289,0.9965479867280392
7,1,1.2675963315994117,0.64428,5000,1.613356841935052,0.6402877697841727,834,1.638599149716167,0.6258,0.9985957538201702,0.08335602242928358,,,0.99,,0.9900107286803723,0.00998927131962768,0.9979226315299584,0.09983601379655246,5,0.001,0.1,0.9967564057155452,1.0,0.9972136434491062,0.9968332112663131,0.9962016784831254,0.9955073700998214,0.9964211708329674,0.9970154222461304,0.9967372567733458,0.9972528435695501,0.9973990474061931,0.9961590403810064
7,2,1.2643552875822517,0.64912,5000,1.6345583597819011,0.605515587529976,834,1.638599149716167,0.6258,0.9983864464454735,0.08333077645965187,,,0.99,,0.9900107286803723,0.00998927131962768,0.9979226315299584,0.09983601379655246,5,0.001,0.1,0.9964985659691916,0.9972136434491062,1.0,0.9964238477793773,0.9964886008220267,0.9951324095775749,0.9971877801945862,0.9965363364468242,0.9960516536423966,0.9969394749334415,0.9968788912502843,0.9956388342807034
