round,client_id,client_i_training_loss,client_i_training_accuracy,client_i_training_dataset_size,client_i_evaluation_loss,client_i_evaluation_accuracy,client_i_evaluation_dataset_size,client_i_central_evaluation_loss,client_i_central_evaluation_accuracy,client_i_cosine_similarity,client_i_importance_coefficient,client_i_tanh_val,tanh_normalization_value,client_i_q,client_i_mask_order,client_i_v_nonzero_fraction,client_i_v_sparsity,client_i_v_cosine_similarity,client_i_reward_gradient_norm,local_epochs,learning_rate,gamma,client_0_cosine_similarity,client_1_cosine_similarity,client_2_cosine_similarity,client_3_cosine_similarity,client_4_cosine_similarity,client_5_cosine_similarity,client_6_cosine_similarity,client_7_cosine_similarity,client_8_cosine_similarity,client_9_cosine_similarity,client_10_cosine_similarity,client_11_cosine_similarity
0,0,0.3549646684953314,0.891,5000,2.183502930181998,0.37410071942446044,834,2.1865080743552014,0.348,0.786027263411672,0.08331540849918377,,,0.7840854973925971,,0.7840971838763114,0.21590281612368856,0,0.39286674233700236,5,0.1,0.5,1.0,0.5698367116441081,0.5776727982328707,0.5817919809275975,0.5947798625813623,0.5773125126162576,0.5847418172183642,0.5844486341739114,0.593697639580482,0.5803575657655836,0.5940344893341988,0.5769873885385908
0,1,0.346437633388741,0.89376,5000,2.1887284649742975,0.3381294964028777,834,2.186651810289572,0.3477,0.7819385723743606,0.08288202535860162,,,0.7334468209310734,,0.7334571557652728,0.2665428442347272,0,0.39262920270834284,5,0.1,0.5,0.5698367116441081,1.0,0.571257337506292,0.5782896067172834,0.5804617797645246,0.5825190923981828,0.5894793364733227,0.5743577337541015,0.5697029663102922,0.5866035428043973,0.5943621883783384,0.5802169368780083
0,2,0.3483917665697492,0.88904,5000,2.183979776170519,0.3489208633093525,834,2.1869397765150467,0.3475,0.7777447058792881,0.08243749408533331,,,0.6815055403039006,,0.6815270317755133,0.3184729682244867,0,0.39223860052662823,5,0.1,0.5,0.5776727982328707,0.571257337506292,1.0,0.5694898793693772,0.5992467156606879,0.543710571193911,0.5751711054589097,0.5786958616999691,0.5773914812147286,0.5862493963380643,0.5961942326594868,0.5624414224618094
0,3,0.3466350280282319,0.89288,5000,2.187886326401322,0.34772182254196643,834,2.186498223783109,0.348,0.7866535904128097,0.08338179638721627,,,0.791842593754319,,0.7918528186336027,0.20814718136639732,0,0.3928926505334241,5,0.1,0.5,0.5817919809275975,0.5782896067172834,0.5694898793693772,1.0,0.5903589737716775,0.5804701611364906,0.5870880827283208,0.5906343116747628,0.5924847610908134,0.5812904702325911,0.5921841333024115,0.5774880321462982
0,4,0.3296114795621793,0.89472,5000,2.1865114547588207,0.3349339735894358,833,2.186436670656783,0.3482,0.7900049206097837,0.08373702254459485,,,0.8333490132933931,,0.8333617790271572,0.16663822097284275,0,0.3930015130904463,5,0.1,0.5,0.5947798625813623,0.5804617797645246,0.5992467156606879,0.5903589737716775,1.0,0.5753828600735195,0.5767501491117718,0.5921379600239182,0.5929461173028738,0.5856565339146633,0.6026436498784439,0.5628234323547241
0,5,0.338357935390275,0.8948,5000,2.192165180488869,0.33613445378151263,833,2.187174333170199,0.3472,0.7752008712203375,0.08216785887847682,,,0.65,,0.650002509914161,0.349997490085839,0,0.3918912118891517,5,0.1,0.5,0.5773125126162576,0.5825190923981828,0.543710571193911,0.5804701611364906,0.5753828600735195,1.0,0.5809725383107549,0.5674069689472676,0.5737648245917137,0.573910146538622,0.590057882117422,0.5680137981212947
0,6,0.35107709953715655,0.88616,5000,2.1827567330113165,0.3709483793517407,833,2.186458500048604,0.3482,0.788994925179208,0.083629967502362,,,0.8208401611033378,,0.8208573866773756,0.17914261332262438,0,0.39297390882367156,5,0.1,0.5,0.5847418172183642,0.5894793364733227,0.5751711054589097,0.5870880827283208,0.5767501491117718,0.5809725383107549,1.0,0.6001158615532884,0.5967609032891691,0.5836049772697037,0.6002663307157693,0.5687082757336044
0,7,0.347619328454469,0.8894,5000,2.1736758020189075,0.3673469387755102,833,2.1864393915231237,0.3482,0.7900865766070896,0.08374567771864368,,,0.8343603275724579,,0.8343707645198534,0.16562923548014663,0,0.3930034859229853,5,0.1,0.5,0.5844486341739114,0.5743577337541015,0.5786958616999691,0.5906343116747628,0.5921379600239182,0.5674069689472676,0.6001158615532884,1.0,0.5980914772617437,0.5917913141126487,0.5950467153732931,0.5812315687230861
0,8,0.3494159717634795,0.88976,5000,2.194874745828134,0.33013205282112845,833,2.1864358441898237,0.3483,0.7906752529472629,0.08380807480337389,,,0.8416511183068444,,0.8416695948998544,0.15833040510014562,0,0.3930172402749424,5,0.1,0.5,0.593697639580482,0.5697029663102922,0.5773914812147286,0.5924847610908134,0.5929461173028738,0.5737648245917137,0.5967609032891691,0.5980914772617437,1.0,0.594359560117396,0.5941800649322464,0.5761323952011997
0,9,0.34651175683162583,0.88992,5000,2.189162430939851,0.3517406962785114,833,2.186437671557783,0.3482,0.7902620202576516,0.08376427396853929,,,0.8365332073956018,,0.8365543898398675,0.16344561016013248,0,0.39300801134971747,5,0.1,0.5,0.5803575657655836,0.5866035428043973,0.5862493963380643,0.5812904702325911,0.5856565339146633,0.573910146538622,0.5836049772697037,0.5917913141126487,0.594359560117396,1.0,0.6052020231948616,0.5865880744834516
0,10,0.34757164812581554,0.894,5000,2.195031201397931,0.3241296518607443,833,2.1863940462898523,0.3484,0.8002310321498366,0.08482094507499124,,,0.959999999883155,,0.9600020079313287,0.03999799206867127,0,0.39309710097777784,5,0.1,0.5,0.5940344893341988,0.5943621883783384,0.5961942326594868,0.5921841333024115,0.6026436498784439,0.590057882117422,0.6002663307157693,0.5950467153732931,0.5941800649322464,0.6052020231948616,1.0,0.58549310567058
0,11,0.3461507831219655,0.88736,5000,2.1835522651672363,0.34933973589435774,833,2.1870261503103823,0.3477,0.7765367411916348,0.08230945517868318,,,0.6665448273430005,,0.6665629235480146,0.3334370764519854,0,0.3920867194964501,5,0.1,0.5,0.5769873885385908,0.5802169368780083,0.5624414224618094,0.5774880321462982,0.5628234323547241,0.5680137981212947,0.5687082757336044,0.5812315687230861,0.5761323952011997,0.5865880744834516,0.58549310567058,1.0
1,0,0.31880994808806734,0.90236,5000,2.0266794805173522,0.670263788968825,834,2.0314998813330556,0.6378,0.8083868794097234,0.0832069105760245,,,0.7827843156856638,,0.7827970483409468,0.21720295165905323,0.9595043314460968,0.40559422350750135,5,0.1,0.5,1.0,0.6251023766571737,0.6292515478795481,0.617855517304221,0.6348304665325513,0.6281081504224966,0.6324612927091078,0.6210980170818093,0.6344328962458311,0.6197662389657108,0.6166658590849958,0.6144234741576611
1,1,0.31404502125587436,0.90588,5000,2.037206605628685,0.63189448441247,834,2.031729425866002,0.6378,0.8136013324881276,0.08310183715440907,,,0.7646612862166589,,0.7646704482706691,0.2353295517293309,0.9590698306456554,0.4055175460315766,5,0.1,0.5,0.6251023766571737,1.0,0.640186515351637,0.6207390193010868,0.6316793085974783,0.6271874577755698,0.6358642510083181,0.6274678193338279,0.6294915194923077,0.6312849881425748,0.6278781111439653,0.6298872654894131
1,2,0.31157577751548426,0.90256,5000,2.030935879106875,0.6498800959232613,834,2.0322101314227803,0.6358,0.8152824313558357,0.0828664523784505,,,0.7240621968782985,,0.7240750966316952,0.2759249033683048,0.9582588110565422,0.4052793233527362,5,0.1,0.5,0.6292515478795481,0.640186515351637,1.0,0.6271481393160584,0.6346586318283878,0.6228498682640932,0.6332644321011254,0.6395025139130547,0.6341116465375862,0.6305113453534607,0.6295345666681595,0.623788058515533
1,3,0.3051069571156126,0.9074,5000,2.0303049882253013,0.6486810551558753,834,2.0314959561862884,0.6373,0.8055493051420366,0.08315206729814956,,,0.7733249650161654,,0.7733346719542191,0.22666532804578088,0.9595489556685572,0.4055564648351022,5,0.1,0.5,0.617855517304221,0.6207390193010868,0.6271481393160584,1.0,0.6337821996211936,0.6219411394445077,0.6116001445801635,0.6287287086365618,0.6241986640907579,0.618310680970176,0.6277654734201571,0.6137515844682949
1,4,0.29953920612004914,0.90812,5000,2.0319214264551797,0.6206482593037215,833,2.0311851882325196,0.6377,0.8193214722946024,0.0838661018255896,,,0.8964814072803617,,0.8964961598313338,0.1035038401686662,0.9599456936453847,0.4058194852954275,5,0.1,0.5,0.6348304665325513,0.6316793085974783,0.6346586318283878,0.6337821996211936,1.0,0.6301347192362121,0.635124285932367,0.6370052257413179,0.6393838497329372,0.6341275392478188,0.6365801579435268,0.6311193116319149
1,5,0.30102854938406476,0.90868,5000,2.034103375894052,0.6206482593037215,833,2.033186765524526,0.6336,0.8080645728475625,0.08243705571208917,,,0.65,,0.650002509914161,0.349997490085839,0.9568182655975371,0.40454502299225603,5,0.1,0.5,0.6281081504224966,0.6271874577755698,0.6228498682640932,0.6219411394445077,0.6301347192362121,1.0,0.6302603517489834,0.6247982243543563,0.6253128727866092,0.6260357565216,0.6206383468864242,0.618663884050183
1,6,0.3078582719454815,0.90744,5000,2.0272159488112838,0.6422569027611045,833,2.0312808096980133,0.6371,0.8127566169171409,0.08356690717272415,,,0.8448764111977687,,0.844887304854174,0.15511269514582604,0.9598675579759385,0.4057574577030658,5,0.1,0.5,0.6324612927091078,0.6358642510083181,0.6332644321011254,0.6116001445801635,0.635124285932367,0.6302603517489834,1.0,0.6305293833218838,0.6313093973698618,0.6265527792882206,0.6213052491751624,0.6270412086562264
1,7,0.30748690110957544,0.90292,5000,2.0184742786266185,0.6614645858343338,833,2.0312225921466327,0.6374,0.814312713470376,0.08369754635864389,,,0.8674090153504679,,0.8674213141910546,0.13257868580894538,0.9599424446911484,0.4057909277637806,5,0.1,0.5,0.6210980170818093,0.6274678193338279,0.6395025139130547,0.6287287086365618,0.6370052257413179,0.6247982243543563,0.6305293833218838,1.0,0.6386743588862438,0.6302251189393923,0.631423725338266,0.6201002202757501
1,8,0.308950475918924,0.90472,5000,2.041835215356615,0.6206482593037215,833,2.031202124330563,0.6376,0.8160298651830175,0.08379854428854455,,,0.8848291053385655,,0.8848401184679484,0.11515988153205159,0.9599721453620943,0.405809994074829,5,0.1,0.5,0.6344328962458311,0.6294915194923077,0.6341116465375862,0.6241986640907579,0.6393838497329372,0.6253128727866092,0.6313093973698618,0.6386743588862438,1.0,0.6309026937812054,0.6212105822798833,0.6373216007868032
1,9,0.30528501451229023,0.90636,5000,2.0325233185732805,0.6266506602641057,833,2.031256621638045,0.6376,0.8104867942490288,0.08357671923440128,,,0.8465687923936263,,0.8465840068269666,0.15341599317303345,0.9599175363497604,0.4057605775686087,5,0.1,0.5,0.6197662389657108,0.6312849881425748,0.6305113453534607,0.618310680970176,0.6341275392478188,0.6260357565216,0.6265527792882206,0.6302251189393923,0.6309026937812054,1.0,0.6193330659277497,0.6254563213341794
1,10,0.3056244498842461,0.90716,5000,2.0364423901946456,0.6338535414165666,833,2.031043965976459,0.6377,0.809310998898991,0.08423436894486681,,,0.9599999998275203,,0.9600020079313287,0.03999799206867127,0.960154496418264,0.4058421094167986,5,0.1,0.5,0.6166658590849958,0.6278781111439653,0.6295345666681595,0.6277654734201571,0.6365801579435268,0.6206383468864242,0.6213052491751624,0.631423725338266,0.6212105822798833,0.6193330659277497,1.0,0.6238173197457024
1,11,0.30253797669533145,0.90504,5000,2.0307714056085655,0.6218487394957983,833,2.032980888034589,0.6338,0.8070536266018894,0.08249548905610686,,,0.6600785641061628,,0.6601024044977661,0.33989759550223386,0.9571909702405991,0.4046739090709967,5,0.1,0.5,0.6144234741576611,0.6298872654894131,0.623788058515533,0.6137515844682949,0.6311193116319149,0.618663884050183,0.6270412086562264,0.6201002202757501,0.6373216007868032,0.6254563213341794,0.6238173197457024,1.0
2,0,0.2924969109985384,0.9114,5000,1.8307654371968023,0.841726618705036,834,1.838112285342841,0.8289,0.8101210651138705,0.08313870914494909,,,0.7432668680823858,,0.7432809597911751,0.25671904020882486,0.9683576187900128,0.40617139639509425,5,0.1,0.5,1.0,0.6207275915105677,0.6342350809613462,0.6268500807846479,0.6295720884498149,0.632654169026329,0.6315652408232401,0.624037465255564,0.6278527354520552,0.6251734954098938,0.6259840674640225,0.6286173002780773
2,1,0.2812536812197583,0.91616,5000,1.8476938274171617,0.8129496402877698,834,1.8383302833325565,0.8289,0.8151631725352484,0.08324461088170967,,,0.7697574654944614,,0.7697655740173686,0.23023442598263144,0.9684072814037116,0.4063208109898607,5,0.1,0.5,0.6207275915105677,1.0,0.6414345383845286,0.6314272354048838,0.6378229388793893,0.634347476762037,0.6391089486960084,0.6279668412679871,0.6230281551786822,0.6277738211729504,0.6400756680419537,0.6331340016642757
2,2,0.27501451957401385,0.91668,5000,1.8402058989913375,0.8501199040767387,834,1.8390646171265137,0.8286,0.8159080926759755,0.0831150066758091,,,0.7373378570305734,,0.737352542543045,0.26264745745695495,0.9679773425746764,0.4061322739647979,5,0.1,0.5,0.6342350809613462,0.6414345383845286,1.0,0.6284876736719853,0.6333494638017533,0.6296882056163409,0.6305777929159662,0.6340393668712467,0.6330675837357255,0.6288508588547921,0.6382609184775233,0.6330887444529245
2,3,0.27267208917208824,0.9186,5000,1.833666929492244,0.829736211031175,834,1.8380854731550613,0.829,0.811984669939247,0.08316727619487217,,,0.7504127208503527,,0.75042919532152,0.24957080467848003,0.968378898800965,0.40621488489811286,5,0.1,0.5,0.6268500807846479,0.6314272354048838,0.6284876736719853,1.0,0.6324250191162437,0.6331169640410582,0.621220366458891,0.6345288334289867,0.6238869396093932,0.6331863075249107,0.6346183406417044,0.6257999406008622
2,4,0.2618952926058488,0.91888,5000,1.838878212151704,0.8139255702280912,833,1.837452217412833,0.8287,0.8171320223578048,0.08381797650018892,,,0.9131809657473111,,0.9131971286581999,0.08680287134180009,0.9692989732703154,0.40664345961970244,5,0.1,0.5,0.6295720884498149,0.6378229388793893,0.6333494638017533,0.6324250191162437,1.0,0.6400675848307471,0.6300923759095332,0.6335191109612349,0.6339169370214826,0.6383328746962861,0.6344582481828053,0.6291463759186273
2,5,0.2674661862468169,0.92104,5000,1.8367073933283489,0.8259303721488596,833,1.8410363399182645,0.8281,0.8150476418749659,0.08280140962288848,,,0.6588936923488012,,0.6589026655288389,0.3410973344711611,0.9663860294936651,0.40537530105398156,5,0.1,0.5,0.632654169026329,0.634347476762037,0.6296882056163409,0.6331169640410582,0.6400675848307471,1.0,0.6313707604151809,0.6298776310780599,0.631410921076493,0.6301527089313096,0.6328022935998923,0.6331276963886836
2,6,0.27313976542442847,0.91876,5000,1.832435298849035,0.8391356542617047,833,1.8375962245197723,0.8291,0.8120544847977551,0.08344376537110507,,,0.8195746031803866,,0.8195873701119422,0.18041262988805784,0.9689468224333515,0.4065068676574582,5,0.1,0.5,0.6315652408232401,0.6391089486960084,0.6305777929159662,0.621220366458891,0.6300923759095332,0.6313707604151809,1.0,0.6299598775043682,0.6251839444099304,0.630396408690129,0.6287033414920633,0.6262905546387922
2,7,0.27241925904230707,0.91684,5000,1.8252269471133198,0.8235294117647058,833,1.8374861474996937,0.8291,0.811922198647892,0.08352547173411787,,,0.8400128928136358,,0.8400381506952462,0.15996184930475377,0.9691232469670935,0.4065547233607501,5,0.1,0.5,0.624037465255564,0.6279668412679871,0.6340393668712467,0.6345288334289867,0.6335191109612349,0.6298776310780599,0.6299598775043682,1.0,0.625252892060644,0.6262331139185974,0.6293583099102444,0.627812955689237
2,8,0.28070590188311545,0.91596,5000,1.8506317889248882,0.8271308523409364,833,1.8374500514600223,0.8291,0.8098745451811162,0.08352099698763846,,,0.8388935654906557,,0.8389036694945032,0.16109633050549677,0.9691444428069185,0.4065519937842784,5,0.1,0.5,0.6278527354520552,0.6230281551786822,0.6330675837357255,0.6238869396093932,0.6339169370214826,0.631410921076493,0.6251839444099304,0.625252892060644,1.0,0.6221283989651338,0.6252370499666908,0.6312640794807404
2,9,0.27166831723360974,0.91684,5000,1.8368759155273438,0.8271308523409364,833,1.8375519879709798,0.8287,0.812155965917956,0.0834537762309138,,,0.8220787515074465,,0.8220972842728779,0.17790271572712213,0.9689696273633325,0.4065133949463612,5,0.1,0.5,0.6251734954098938,0.6277738211729504,0.6288508588547921,0.6331863075249107,0.6383328746962861,0.6301527089313096,0.630396408690129,0.6262331139185974,0.6221283989651338,1.0,0.6299189029567123,0.6332693864353082
2,10,0.2756102265600281,0.91724,5000,1.838540306797734,0.8343337334933973,833,1.837261727823617,0.8283,0.8155178877138141,0.08400514543931079,,,0.9599999997498567,,0.9600020079313287,0.03999799206867127,0.9693612390897648,0.406656482626287,5,0.1,0.5,0.6259840674640225,0.6400756680419537,0.6382609184775233,0.6346183406417044,0.6344582481828053,0.6328022935998923,0.6287033414920633,0.6293583099102444,0.6252370499666908,0.6299189029567123,1.0,0.6360362043702036
2,11,0.2710630209179251,0.91624,5000,1.8406185485698559,0.8199279711884754,833,1.8409137386864367,0.828,0.8129148708419403,0.08276585521649661,,,0.65,,0.650002509914161,0.349997490085839,0.9663693168862685,0.40525196984471895,5,0.1,0.5,0.6286173002780773,0.6331340016642757,0.6330887444529245,0.6257999406008622,0.6291463759186273,0.6331276963886836,0.6262905546387922,0.627812955689237,0.6312640794807404,0.6332693864353082,0.6360362043702036,1.0
3,0,0.2675275428018942,0.92128,5000,1.6067245845441465,0.9052757793764988,834,1.6173634810950428,0.8965,0.8069730032225203,0.08328490955917636,,,0.790068406385008,,0.790085839064304,0.20991416093569604,0.9696858768118852,0.40206306522873997,5,0.1,0.5,1.0,0.6148224572689692,0.6205505288689566,0.6239735024368315,0.6249904126284472,0.6129060466937373,0.6220834844633053,0.618741768183832,0.6163799829595924,0.614219355797193,0.6148109567533158,0.6094432892214942
3,1,0.25139567951440434,0.92668,5000,1.6297062149754278,0.8776978417266187,834,1.6175245141830688,0.8964,0.8079767527145892,0.08339015409462788,,,0.821439046772786,,0.8214547462476783,0.17854525375232166,0.970046218246453,0.4021742146805088,5,0.1,0.5,0.6148224572689692,1.0,0.623770207090194,0.6116127953076089,0.6309903424682849,0.6202872342895467,0.6272548591196688,0.609758637666965,0.611553130235919,0.613974127703148,0.6209320226365719,0.6171932015702457
3,2,0.2477652046354903,0.925,5000,1.6225294669469197,0.9100719424460432,834,1.6187639712525632,0.8968,0.804210589137585,0.08317279460115769,,,0.7566498729190612,,0.7566638220972842,0.24333617790271578,0.9696127150997437,0.4018891234860534,5,0.1,0.5,0.6205505288689566,0.623770207090194,1.0,0.6150051759817945,0.6149820913911452,0.606943228094733,0.6144638477174387,0.6152470024181087,0.6147107014525253,0.6131584858484973,0.6115241367327111,0.6161076300652224
3,3,0.24791251171119275,0.92684,5000,1.6106073370686285,0.9004796163069544,834,1.617377416394389,0.8967,0.8053305791429612,0.08324653532955627,,,0.7786300532923239,,0.7786456503187591,0.2213543496812409,0.9697499557270537,0.4020106906529283,5,0.1,0.5,0.6239735024368315,0.6116127953076089,0.6150051759817945,1.0,0.6188742566106865,0.6094922074254209,0.6173554024638486,0.6210721915886498,0.6136274967064533,0.6119936818253361,0.6187014325722313,0.6152397746676912
3,4,0.24100738078130374,0.9276,5000,1.6192846474824127,0.8955582232893158,833,1.616354225923459,0.896,0.8104036545863746,0.08385500858731554,,,0.9599999997019262,,0.9600020079313287,0.03999799206867127,0.9709702469440338,0.4023312001537632,5,0.1,0.5,0.6249904126284472,0.6309903424682849,0.6149820913911452,0.6188742566106865,1.0,0.6221585729402621,0.6242423244038072,0.6179078313008249,0.6117778800793037,0.6210274041450652,0.6203904923177883,0.6156984539589266
3,5,0.24523501727184294,0.92608,5000,1.6121464393757008,0.8895558223289316,833,1.622504360759601,0.8963,0.7999159233104148,0.0828149977505807,,,0.65,,0.650002509914161,0.349997490085839,0.9679264909380988,0.4007944698506507,5,0.1,0.5,0.6129060466937373,0.6202872342895467,0.606943228094733,0.6094922074254209,0.6221585729402621,1.0,0.6234431637343913,0.6116543724387971,0.59525062886101,0.6082951455337084,0.6084876534052897,0.6074934571191517
3,6,0.2427727887549313,0.92688,5000,1.6099929412206013,0.8979591836734694,833,1.616506105413833,0.8962,0.8104322379445783,0.08360788967188362,,,0.8863403213559345,,0.8863561066211536,0.1136438933788464,0.9705768902302542,0.40229668623944836,5,0.1,0.5,0.6220834844633053,0.6272548591196688,0.6144638477174387,0.6173554024638486,0.6242423244038072,0.6234431637343913,1.0,0.6242881329806329,0.6169147790903452,0.6169466336174174,0.6150039673450787,0.6230731091619607
3,7,0.2502320000415395,0.926,5000,1.6040843327840169,0.9015606242496998,833,1.6164024516035573,0.8963,0.8047665008850531,0.08346434825406467,,,0.8435543830662975,,0.8435721098338437,0.15642789016615632,0.9706198657887977,0.4022295380520394,5,0.1,0.5,0.618741768183832,0.609758637666965,0.6152470024181087,0.6210721915886498,0.6179078313008249,0.6116543724387971,0.6242881329806329,1.0,0.6124391153480295,0.6137841232581482,0.6084061509706339,0.6166625521254662
3,8,0.25649087617861904,0.92516,5000,1.6320984716768618,0.8991596638655462,833,1.6164892470113004,0.8963,0.7999162666806338,0.08329212385308646,,,0.7922187985068831,,0.7922293057577431,0.20777069424225691,0.9703480292005392,0.4020717554306407,5,0.1,0.5,0.6163799829595924,0.611553130235919,0.6147107014525253,0.6136274967064533,0.6117778800793037,0.59525062886101,0.6169147790903452,0.6124391153480295,1.0,0.6054965115309846,0.6066470392769484,0.6183099008928505
3,9,0.25387739924963115,0.92504,5000,1.6143891590612907,0.9039615846338536,833,1.6166045018278372,0.8965,0.8013204310757418,0.0832965546956452,,,0.7935395166603617,,0.7935495206063953,0.20645047939360472,0.9703048499614899,0.40207752524721374,5,0.1,0.5,0.614219355797193,0.613974127703148,0.6131584858484973,0.6119936818253361,0.6210274041450652,0.6082951455337084,0.6169466336174174,0.6137841232581482,0.6054965115309846,1.0,0.6044375995176969,0.6136535487020113
3,10,0.25430280449118015,0.92436,5000,1.6141575883936,0.8847539015606243,833,1.6161004217287984,0.896,0.8014352920566635,0.08366614197959363,,,0.9037038090571132,,0.9037196927865067,0.09628030721349334,0.9709562964592993,0.40231185941227937,5,0.1,0.5,0.6148109567533158,0.6209320226365719,0.6115241367327111,0.6187014325722313,0.6203904923177883,0.6084876534052897,0.6150039673450787,0.6084061509706339,0.6066470392769484,0.6044375995176969,1.0,0.6061209266164055
3,11,0.24904593278707307,0.9228,5000,1.6242557322537456,0.8931572629051621,833,1.6218731205303447,0.8965,0.8032720458781609,0.08290854162331189,,,0.677882979190707,,0.6778976958988002,0.3221023041011998,0.9680348813553447,0.4011758981408053,5,0.1,0.5,0.6094432892214942,0.6171932015702457,0.6161076300652224,0.6152397746676912,0.6156984539589266,0.6074934571191517,0.6230731091619607,0.6166625521254662,0.6183099008928505,0.6136535487020113,0.6061209266164055,1.0
4,0,0.24343827512993174,0.926,5000,1.3625289378342804,0.9280575539568345,834,1.376321311575917,0.923,0.7939150072297891,0.0831664276865749,,,0.96,,0.9600020079313287,0.03999799206867127,0.9701990785332486,0.39888057141546024,5,0.1,0.5,1.0,0.6021254569286094,0.6052442100600929,0.5971483605459357,0.6050913302602866,0.6010296747693723,0.6033217280359042,0.6005789513066955,0.5988326967317583,0.5972096172766922,0.5954694285210125,0.5944187923708928
4,1,0.23238791610665951,0.93256,5000,1.3906641624591969,0.9064748201438849,834,1.3764837949801558,0.9231,0.7975778410297355,0.08336460242255464,,,0.96,,0.9600020079313287,0.03999799206867127,0.9704797593371295,0.39888057141546024,5,0.1,0.5,0.6021254569286094,1.0,0.6075873482476075,0.5940894714563182,0.6101346562489328,0.6031590897611677,0.6111864394927752,0.5964461955762494,0.6003007069555504,0.6053772977981591,0.5996266333242111,0.6050046479035533
4,2,0.2312063754079448,0.9302,5000,1.3846419122483995,0.9280575539568345,834,1.3778953297069658,0.9229,0.8019315960630822,0.08337243930852503,,,0.96,,0.9600020079313287,0.03999799206867127,0.9698270181657381,0.39888057141546024,5,0.1,0.5,0.6052442100600929,0.6075873482476075,1.0,0.6015643969015295,0.6149578707052386,0.6038000475736872,0.6039618926596646,0.6152921208631202,0.6110379107994444,0.6072227198778941,0.6012569100825781,0.6057964772364052
4,3,0.2242478687506003,0.93468,5000,1.3674031231138442,0.920863309352518,834,1.376329409809539,0.923,0.7950319688317337,0.0831800016536847,,,0.96,,0.9600020079313287,0.03999799206867127,0.9700832488323698,0.39888057141546024,5,0.1,0.5,0.5971483605459357,0.5940894714563182,0.6015643969015295,1.0,0.6024870590449017,0.6039671725927585,0.5958033737529813,0.6041766654347167,0.605117755335419,0.6029939622051824,0.6011869703112476,0.6028915057950068
4,4,0.21486322124055615,0.937,5000,1.3795409246727273,0.9195678271308524,833,1.375116731792974,0.9229,0.8012175438191281,0.08380109368816242,,,0.96,,0.9600020079313287,0.03999799206867127,0.9708595516017257,0.39888057141546024,5,0.1,0.5,0.6050913302602866,0.6101346562489328,0.6149578707052386,0.6024870590449017,1.0,0.613661125555539,0.6067924026462281,0.6043700194152277,0.6081460743396264,0.6061051368474893,0.6006642236151557,0.5953395499700233
4,5,0.22696707150631934,0.933,5000,1.3666619150726884,0.9327731092436975,833,1.3820147594323935,0.9226,0.7999485400461076,0.08306511614936414,,,0.96,,0.9600020079313287,0.03999799206867127,0.9672128550384395,0.39888057141546024,5,0.1,0.5,0.6010296747693723,0.6031590897611677,0.6038000475736872,0.6039671725927585,0.613661125555539,1.0,0.6069143860658385,0.602197723913921,0.6052551424304866,0.6065743988921507,0.6113685907842719,0.6024731231330874
4,6,0.22575498198627666,0.93116,5000,1.3668991150679413,0.9255702280912365,833,1.3752938585159498,0.923,0.7976637756684315,0.08351239529748451,,,0.96,,0.9600020079313287,0.03999799206867127,0.970771125847429,0.39888057141546024,5,0.1,0.5,0.6033217280359042,0.6111864394927752,0.6039618926596646,0.5958033737529813,0.6067924026462281,0.6069143860658385,1.0,0.6052937727996566,0.6015487680730696,0.6039354123887662,0.5979443934723867,0.5981397089160421
4,7,0.22592797987993546,0.9306,5000,1.3626301244453147,0.9255702280912365,833,1.375183796349425,0.923,0.7980244014952748,0.08342956720040322,,,0.96,,0.9600020079313287,0.03999799206867127,0.9706132780556758,0.39888057141546024,5,0.1,0.5,0.6005789513066955,0.5964461955762494,0.6152921208631202,0.6041766654347167,0.6043700194152277,0.602197723913921,0.6052937727996566,1.0,0.6021710976523625,0.6031416733523834,0.6005710808637846,0.6047833603172067
4,8,0.2338524695711246,0.93056,5000,1.3932618918242279,0.9303721488595438,833,1.3752813575366816,0.9228,0.7993058576561524,0.08335989318051043,,,0.96,,0.9600020079313287,0.03999799206867127,0.970219573430094,0.39888057141546024,5,0.1,0.5,0.5988326967317583,0.6003007069555504,0.6110379107994444,0.605117755335419,0.6081460743396264,0.6052551424304866,0.6015487680730696,0.6021710976523625,1.0,0.6081334763415999,0.5997915505612867,0.6118152709992911
4,9,0.23177925072088362,0.93132,5000,1.371994482146369,0.929171668667467,833,1.3754073232888413,0.923,0.7985308507217201,0.08333571591980084,,,0.96,,0.9600020079313287,0.03999799206867127,0.9702310065215244,0.39888057141546024,5,0.1,0.5,0.5972096172766922,0.6053772977981591,0.6072227198778941,0.6029939622051824,0.6061051368474893,0.6065743988921507,0.6039354123887662,0.6031416733523834,0.6081334763415999,1.0,0.5992874118368287,0.6046925935564241
4,10,0.23549107778461495,0.931,5000,1.3704941316887185,0.9099639855942377,833,1.374822288656387,0.9228,0.7942518793866815,0.08343172162293737,,,0.96,,0.9600020079313287,0.03999799206867127,0.9708147068139614,0.39888057141546024,5,0.1,0.5,0.5954694285210125,0.5996266333242111,0.6012569100825781,0.6011869703112476,0.6006642236151557,0.6113685907842719,0.5979443934723867,0.6005710808637846,0.5997915505612867,0.5992874118368287,1.0,0.5947886053270187
4,11,0.22937817390960683,0.93004,5000,1.3861680781399761,0.921968787515006,833,1.3813307669977792,0.9232,0.7957684808063429,0.08298102586999771,,,0.96,,0.9600020079313287,0.03999799206867127,0.9681753756364679,0.39888057141546024,5,0.1,0.5,0.5944187923708928,0.6050046479035533,0.6057964772364052,0.6028915057950068,0.5953395499700233,0.6024731231330874,0.5981397089160421,0.6047833603172067,0.6118152709992911,0.6046925935564241,0.5947886053270187,1.0
5,0,0.23041462608417318,0.93264,5000,1.1167867007078949,0.9412470023980816,834,1.1332312492897716,0.9375,0.7846049494757057,0.08317250643850882,,,0.96,,0.9600020079313287,0.03999799206867127,0.9691581132191212,0.39300286280242913,5,0.1,0.5,1.0,0.5797159372519161,0.5848197931394038,0.5806263746905532,0.5860036203171648,0.5856867533323511,0.5837132990192224,0.5851177680562198,0.5819798111119635,0.5805003659453214,0.575909615312674,0.5772085553465658
5,1,0.21242670909661776,0.93788,5000,1.1481266021728516,0.9268585131894485,834,1.133384932153903,0.9376,0.7859393116084349,0.08335187012639449,,,0.96,,0.9600020079313287,0.03999799206867127,0.9691581132191212,0.39300286280242913,5,0.1,0.5,0.5797159372519161,1.0,0.5907091928333085,0.5770967270880382,0.5860827866934232,0.5870808538013864,0.5870123223397877,0.5795487609172916,0.5727627022724069,0.5878979102965789,0.5847528122314034,0.5802073298091813
5,2,0.21446193405041458,0.93508,5000,1.143813011822877,0.9388489208633094,834,1.1348637026338912,0.9383,0.7867106063527707,0.08338423482455411,,,0.96,,0.9600020079313287,0.03999799206867127,0.9691581132191212,0.39300286280242913,5,0.1,0.5,0.5848197931394038,0.5907091928333085,1.0,0.5872838173472177,0.5837742956519583,0.5781451374211002,0.5798904223710212,0.5832456726519556,0.584681799768617,0.5893556819210977,0.5792700936084476,0.5789494205266267
5,3,0.21224165248453236,0.93692,5000,1.1225168175167508,0.9376498800959233,834,1.1332333263116903,0.9379,0.7840825892673786,0.08316320515401947,,,0.96,,0.9600020079313287,0.03999799206867127,0.9691581132191212,0.39300286280242913,5,0.1,0.5,0.5806263746905532,0.5770967270880382,0.5872838173472177,1.0,0.5875371178809137,0.5881991439708357,0.5773530139087626,0.5785657585632396,0.5815088695780689,0.5848288493166244,0.5771993706728326,0.5761019369413085
5,4,0.19941902786143315,0.9394,5000,1.1378052212573864,0.9339735894357744,833,1.1319394673402317,0.9378,0.7911301325268962,0.0838261286600381,,,0.96,,0.9600020079313287,0.03999799206867127,0.9691581132191212,0.39300286280242913,5,0.1,0.5,0.5860036203171648,0.5860827866934232,0.5837742956519583,0.5875371178809137,1.0,0.5927878991606724,0.5873530722839411,0.5881018469044046,0.5872149550786576,0.5894090224660734,0.5877404931524701,0.5837040121732016
5,5,0.20646706132135192,0.93888,5000,1.1211089889208476,0.9447779111644657,833,1.1390608387252392,0.9377,0.7890731460584791,0.08326195742761501,,,0.96,,0.9600020079313287,0.03999799206867127,0.9691581132191212,0.39300286280242913,5,0.1,0.5,0.5856867533323511,0.5870808538013864,0.5781451374211002,0.5881991439708357,0.5927878991606724,1.0,0.5861401894475372,0.5805162541470676,0.5841557405203587,0.5942388846001159,0.5850438574136058,0.5819197630061412
5,6,0.20591176421185778,0.93828,5000,1.1215104858080547,0.943577430972389,833,1.132122990041495,0.9379,0.7858738093806925,0.08344833027711901,,,0.96,,0.9600020079313287,0.03999799206867127,0.9691581132191212,0.39300286280242913,5,0.1,0.5,0.5837132990192224,0.5870123223397877,0.5798904223710212,0.5773530139087626,0.5873530722839411,0.5861401894475372,1.0,0.5896137345980502,0.5867202329500175,0.5800623530316718,0.573921066248619,0.5797357269760665
5,7,0.21466635322423688,0.93404,5000,1.1208807826042175,0.9387755102040817,833,1.1320180856762603,0.9378,0.7863207170386184,0.08340869806165399,,,0.96,,0.9600020079313287,0.03999799206867127,0.9691581132191212,0.39300286280242913,5,0.1,0.5,0.5851177680562198,0.5795487609172916,0.5832456726519556,0.5785657585632396,0.5881018469044046,0.5805162541470676,0.5896137345980502,1.0,0.5895670530067412,0.5836800940206984,0.5780846959057943,0.5800764544615366
5,8,0.2198816389248819,0.93548,5000,1.151360895898607,0.9447779111644657,833,1.1321146427252042,0.9378,0.7858587584655625,0.08334588995322598,,,0.96,,0.9600020079313287,0.03999799206867127,0.9691581132191212,0.39300286280242913,5,0.1,0.5,0.5819798111119635,0.5727627022724069,0.584681799768617,0.5815088695780689,0.5872149550786576,0.5841557405203587,0.5867202329500175,0.5895670530067412,1.0,0.5810665901322841,0.5740914878313744,0.5884187546617649
5,9,0.20968243879248288,0.93692,5000,1.1283743381500244,0.9375750300120048,833,1.1322395744415137,0.9378,0.7879626121767284,0.08340372905445706,,,0.96,,0.9600020079313287,0.03999799206867127,0.9691581132191212,0.39300286280242913,5,0.1,0.5,0.5805003659453214,0.5878979102965789,0.5893556819210977,0.5848288493166244,0.5894090224660734,0.5942388846001159,0.5800623530316718,0.5836800940206984,0.5810665901322841,1.0,0.5746464307031853,0.5864747763391936
5,10,0.21644097044233493,0.93668,5000,1.1263107856114705,0.9267707082833133,833,1.1316272770634854,0.9379,0.7812074677416804,0.08323029690801874,,,0.96,,0.9600020079313287,0.03999799206867127,0.9691581132191212,0.39300286280242913,5,0.1,0.5,0.575909615312674,0.5847528122314034,0.5792700936084476,0.5771993706728326,0.5877404931524701,0.5850438574136058,0.573921066248619,0.5780846959057943,0.5740914878313744,0.5746464307031853,1.0,0.5772410293995838
5,11,0.21131607575021732,0.9354,5000,1.144791097552688,0.9411764705882353,833,1.1383766872814287,0.9375,0.7833125173040645,0.08300315311439524,,,0.96,,0.9600020079313287,0.03999799206867127,0.9691581132191212,0.39300286280242913,5,0.1,0.5,0.5772085553465658,0.5802073298091813,0.5789494205266267,0.5761019369413085,0.5837040121732016,0.5819197630061412,0.5797357269760665,0.5800764544615366,0.5884187546617649,0.5864747763391936,0.5772410293995838,1.0
6,0,0.2126780977371819,0.9378,5000,0.8858039290816696,0.9556354916067147,834,0.9053060579985476,0.9466,0.7648334265735922,0.08301751623580343,,,0.6767912568161203,,0.6768033733246323,0.32319662667536775,0.9645771826468239,0.3841544300147834,5,0.1,0.5,1.0,0.5461166675400899,0.5575088930518841,0.5461580542774038,0.5658372560085927,0.5570927113882674,0.5508774463073165,0.5454637778498851,0.552050770025801,0.5550261852173383,0.5487241487903254,0.5494613226991836
6,1,0.20119412456858596,0.94028,5000,0.9202605861204641,0.9376498800959233,834,0.9048278912568626,0.9466,0.7677521746687151,0.08324148151334214,,,0.7366794143541846,,0.7366999648612017,0.2633000351387983,0.9660434972378065,0.3847539170427131,5,0.1,0.5,0.5461166675400899,1.0,0.5686675313845282,0.5458862258596772,0.5685599819614496,0.5561057214509294,0.556310998070517,0.542838013250652,0.5493368972838071,0.5537803985581108,0.5579694904265073,0.5547668566511705
6,2,0.19756360370191228,0.939,5000,0.9160906804932488,0.9460431654676259,834,0.9058264044527048,0.9465,0.7764999076182835,0.08357292209172065,,,0.8253063916721713,,0.8253300537121631,0.17466994628783694,0.9672107936554215,0.385196697279528,5,0.1,0.5,0.5575088930518841,0.5686675313845282,1.0,0.5513761515822997,0.571153005002283,0.5567544762794219,0.5559497685039478,0.5622098104875125,0.5622965065969282,0.5663722965674922,0.5655521103596707,0.5632658755335689
6,3,0.19208940553781428,0.94316,5000,0.8941836644102026,0.9484412470023981,834,0.9056777978857485,0.9466,0.7621798898612852,0.08291732428609085,,,0.65,,0.650002509914161,0.349997490085839,0.9635515267442378,0.38378151067606914,5,0.1,0.5,0.5461580542774038,0.5458862258596772,0.5513761515822997,1.0,0.56010601948649,0.5519286248664335,0.5526293516423295,0.5432813040395033,0.5453230805656688,0.5537121924025403,0.547243548192301,0.5522262268090999
6,4,0.18479773883609943,0.94436,5000,0.9109149023338601,0.9423769507803121,833,0.902902758730867,0.9465,0.7823331221385896,0.08407663922966684,,,0.9599999997326006,,0.9600020079313287,0.03999799206867127,0.967586682211857,0.38535186637861846,5,0.1,0.5,0.5658372560085927,0.5685599819614496,0.571153005002283,0.56010601948649,1.0,0.5738610241102232,0.5649645425213838,0.5638227776194777,0.5716448418797457,0.5669669071178908,0.5689247220610826,0.5569516216765865
6,5,0.1899614732777759,0.94356,5000,0.8905456242737947,0.9555822328931572,833,0.9100804976381052,0.9466,0.772216178977427,0.08333903267220863,,,0.7627645255572256,,0.7627779729933236,0.23722202700667638,0.9665012700322805,0.3849260456145855,5,0.1,0.5,0.5570927113882674,0.5561057214509294,0.5567544762794219,0.5519286248664335,0.5738610241102232,1.0,0.5597627561793476,0.5587936418929251,0.5546205102399298,0.5648639587740527,0.5553417512191743,0.552947486467599
6,6,0.1936681807219128,0.94168,5000,0.8911752215138188,0.9459783913565426,833,0.9032655563979103,0.9465,0.7703374865660901,0.08339788175418997,,,0.7785007286481701,,0.7785151347823904,0.22148486521760957,0.9666985015253073,0.3850121549630926,5,0.1,0.5,0.5508774463073165,0.556310998070517,0.5559497685039478,0.5526293516423295,0.5649645425213838,0.5597627561793476,1.0,0.5591307825985495,0.5573552016907317,0.5573366417538005,0.5522614589340973,0.5571952456316241
6,7,0.19667529834398798,0.93752,5000,0.8929297747435393,0.9423769507803121,833,0.9034250311958142,0.9465,0.7672143545223213,0.0832606652846219,,,0.7418091412886535,,0.7418252095778325,0.2581747904221675,0.9661471665672807,0.3847908083872615,5,0.1,0.5,0.5454637778498851,0.542838013250652,0.5622098104875125,0.5432813040395033,0.5638227776194777,0.5587936418929251,0.5591307825985495,1.0,0.5556575056493455,0.5553864499371457,0.5550975148922856,0.5533838929766344
6,8,0.20456123270426585,0.93772,5000,0.9219466933497676,0.9507803121248499,833,0.9033483045931441,0.9464,0.7709038410134728,0.08334902899546433,,,0.765437535358199,,0.7654535414888811,0.23454645851111888,0.96653327047008,0.3849409604185995,5,0.1,0.5,0.552050770025801,0.5493368972838071,0.5622965065969282,0.5453230805656688,0.5716448418797457,0.5546205102399298,0.5573552016907317,0.5556575056493455,1.0,0.5594410862309226,0.5593458675952188,0.5624560513054988
6,9,0.1936211814059858,0.94196,5000,0.8989355012222573,0.9483793517406963,833,0.9032575307181849,0.9464,0.7734305927554261,0.08347737949122731,,,0.7997583675640478,,0.7997690878971939,0.20023091210280608,0.9669589807685399,0.3851076980342589,5,0.1,0.5,0.5550261852173383,0.5537803985581108,0.5663722965674922,0.5537121924025403,0.5669669071178908,0.5648639587740527,0.5573366417538005,0.5553864499371457,0.5594410862309226,1.0,0.5572900183673184,0.5624686506583565
6,10,0.20189210320719084,0.94116,5000,0.8996696527357455,0.9327731092436975,833,0.9030411852815281,0.9464,0.7705546671298457,0.08325891972269052,,,0.7413423792571128,,0.7413583655438984,0.25864163445610155,0.966143653086966,0.38478735902521277,5,0.1,0.5,0.5487241487903254,0.5579694904265073,0.5655521103596707,0.547243548192301,0.5689247220610826,0.5553417512191743,0.5522614589340973,0.5550975148922856,0.5593458675952188,0.5572900183673184,1.0,0.5591662228019426
6,11,0.19442624558641272,0.9392,5000,0.916844231111032,0.9531812725090036,833,0.9100642708924632,0.9466,0.770132833737055,0.08309120872297328,,,0.6964965760044343,,0.6965061994879775,0.30349380051202246,0.9651428442098918,0.3843832487616296,5,0.1,0.5,0.5494613226991836,0.5547668566511705,0.5632658755335689,0.5522262268090999,0.5569516216765865,0.552947486467599,0.5571952456316241,0.5533838929766344,0.5624560513054988,0.5624686506583565,0.5591662228019426,1.0
7,0,0.20024467453265646,0.9398,5000,0.6807593438360426,0.9616306954436451,834,0.7023936182546159,0.9521,0.7558592020513785,0.0831041335535685,,,0.7251555606798528,,0.7251794588625069,0.2748205411374931,0.9624340342043424,0.377430000511294,5,0.1,0.5,1.0,0.5251501124510057,0.542508832199193,0.5284378388253879,0.5394772770565629,0.5290650980876923,0.5338535630022045,0.5294583125660013,0.5363598525300075,0.5349387736057589,0.5358322784369974,0.5264165593609141
