round,client_id,client_i_training_loss,client_i_training_accuracy,client_i_training_dataset_size,client_i_evaluation_loss,client_i_evaluation_accuracy,client_i_evaluation_dataset_size,client_i_central_evaluation_loss,client_i_central_evaluation_accuracy,client_i_cosine_similarity,client_i_importance_coefficient,client_i_tanh_val,tanh_normalization_value,client_i_q,client_i_mask_order,client_i_v_nonzero_fraction,client_i_v_sparsity,client_i_v_cosine_similarity,client_i_reward_gradient_norm,local_epochs,learning_rate,gamma,client_0_cosine_similarity,client_1_cosine_similarity,client_2_cosine_similarity,client_3_cosine_similarity,client_4_cosine_similarity,client_5_cosine_similarity,client_6_cosine_similarity,client_7_cosine_similarity,client_8_cosine_similarity,client_9_cosine_similarity,client_10_cosine_similarity,client_11_cosine_similarity
0,0,2.2381231459842366,0.30388,5000,2.267656750149197,0.31414868105515587,834,2.267785022053094,0.3012,0.9916736001053019,0.08314410250557351,,,1.0,,1.0,0.0,0,0.09939306105808679,5,0.001,0.1,1.0,0.9858301874081247,0.9850989480859883,0.9868070152846713,0.9874706455054933,0.9860859376323052,0.9838808872246089,0.9789515800597203,0.9854277012298418,0.9830604809073764,0.9861947655888353,0.9790485422142943
0,1,2.238252504312309,0.34276,5000,2.263617241824115,0.3381294964028777,834,2.267785022053094,0.3012,0.9959819074819939,0.08350532050120751,,,1.0,,1.0,0.0,0,0.09939306105808679,5,0.001,0.1,0.9858301874081247,1.0,0.9886074503026431,0.9849102688098308,0.9913868873996434,0.9883167502100546,0.9891621926403639,0.9893901941953046,0.9899804770297497,0.9924826162807852,0.9912803786363555,0.9878951900671346
0,2,2.239602932049211,0.35284,5000,2.2680658322793468,0.3381294964028777,834,2.267785022053094,0.3012,0.995379212162012,0.083454789195888,,,1.0,,1.0,0.0,0,0.09939306105808679,5,0.001,0.1,0.9850989480859883,0.9886074503026431,1.0,0.9889861702268041,0.9882502027709715,0.9818857843057232,0.9915319036225041,0.9863275961666234,0.9917605291117123,0.9923545690683768,0.9908123357859029,0.9864386558149544
0,3,2.2390160818768154,0.34584,5000,2.2720393781308776,0.2805755395683453,834,2.267785022053094,0.3012,0.9928862380368332,0.08324577274512679,,,1.0,,1.0,0.0,0,0.09939306105808679,5,0.001,0.1,0.9868070152846713,0.9849102688098308,0.9889861702268041,1.0,0.9869297555304978,0.9831626946635785,0.987835972884424,0.977794504262423,0.9901431147021035,0.9848109876781543,0.9844357093474135,0.9865038331048467
0,4,2.2394851629901082,0.33652,5000,2.2667223612467446,0.2605042016806723,833,2.267785022053094,0.3012,0.9951076669624748,0.08343202224726416,,,1.0,,1.0,0.0,0,0.09939306105808679,5,0.001,0.1,0.9874706455054933,0.9913868873996434,0.9882502027709715,0.9869297555304978,1.0,0.9880481967763801,0.9885489951076343,0.9876335416890369,0.9878683154747676,0.9869477202454974,0.9920068827390277,0.9837242369043073
0,5,2.2336984345867377,0.31944,5000,2.26646214944345,0.30012004801920766,833,2.267785022053094,0.3012,0.9923825634219694,0.08320354355418813,,,1.0,,1.0,0.0,0,0.09939306105808679,5,0.001,0.1,0.9860859376323052,0.9883167502100546,0.9818857843057232,0.9831626946635785,0.9880481967763801,1.0,0.9840347621805489,0.9906470897574053,0.9806543120692441,0.9867109229995774,0.9833157372682007,0.9834504262407974
0,6,2.235888728062818,0.32948,5000,2.275224553214179,0.29531812725090034,833,2.267785022053094,0.3012,0.9949104236545016,0.08341548493315706,,,1.0,,1.0,0.0,0,0.09939306105808679,5,0.001,0.1,0.9838808872246089,0.9891621926403639,0.9915319036225041,0.987835972884424,0.9885489951076343,0.9840347621805489,1.0,0.988011341340653,0.9899756567012012,0.9901479929093503,0.9857677319190465,0.9875653900991324
0,7,2.233879159210594,0.35008,5000,2.266348609217891,0.3037214885954382,833,2.267785022053094,0.3012,0.9926073287900964,0.08322238837853886,,,1.0,,1.0,0.0,0,0.09939306105808679,5,0.001,0.1,0.9789515800597203,0.9893901941953046,0.9863275961666234,0.977794504262423,0.9876335416890369,0.9906470897574053,0.988011341340653,1.0,0.9829146634164803,0.9899648377213196,0.9863784980364055,0.9809795827948484
0,8,2.2395530876839995,0.35012,5000,2.2691579041657626,0.297719087635054,833,2.267785022053094,0.3012,0.9946659470980532,0.08339498747928979,,,1.0,,1.0,0.0,0,0.09939306105808679,5,0.001,0.1,0.9854277012298418,0.9899804770297497,0.9917605291117123,0.9901431147021035,0.9878683154747676,0.9806543120692441,0.9899756567012012,0.9829146634164803,1.0,0.9903722358584669,0.9884746241073803,0.9859752835725084
0,9,2.237772217525798,0.35104,5000,2.2709021744904696,0.28211284513805523,833,2.267785022053094,0.3012,0.9952809771122942,0.0834465529525893,,,1.0,,1.0,0.0,0,0.09939306105808679,5,0.001,0.1,0.9830604809073764,0.9924826162807852,0.9923545690683768,0.9848109876781543,0.9869477202454974,0.9867109229995774,0.9901479929093503,0.9899648377213196,0.9903722358584669,1.0,0.9874822289889819,0.9865478861905967
0,10,2.2392190893744206,0.34212,5000,2.264287507092511,0.30612244897959184,833,2.267785022053094,0.3012,0.994320218066494,0.08336600079452168,,,1.0,,1.0,0.0,0,0.09939306105808679,5,0.001,0.1,0.9861947655888353,0.9912803786363555,0.9908123357859029,0.9844357093474135,0.9920068827390277,0.9833157372682007,0.9857677319190465,0.9863784980364055,0.9884746241073803,0.9874822289889819,1.0,0.983274453326727
0,11,2.235540658805021,0.36912,5000,2.2642460840719716,0.297719087635054,833,2.267785022053094,0.3012,0.9919709707041772,0.08316903471265495,,,1.0,,1.0,0.0,0,0.09939306105808679,5,0.001,0.1,0.9790485422142943,0.9878951900671346,0.9864386558149544,0.9865038331048467,0.9837242369043073,0.9834504262407974,0.9875653900991324,0.9809795827948484,0.9859752835725084,0.9865478861905967,0.983274453326727,1.0
1,0,2.141940225765204,0.4268,5000,2.219290989416617,0.39688249400479614,834,2.219780647716583,0.3992,0.9958936632299247,0.08317840874763453,,,1.0,,1.0,0.0,0.9534776294508907,0.0997096262075568,5,0.001,0.1,1.0,0.9928911047326925,0.9919537236443419,0.9931227591645295,0.99426984437145,0.9948738914088546,0.9914042388130527,0.9910319919161225,0.9915172867189037,0.9922235981050964,0.9933406139414571,0.989406221207827
1,1,2.1413728627429647,0.45424,5000,2.2159422326970986,0.42805755395683454,834,2.219780647716583,0.3992,0.9978342289203743,0.08346271896761714,,,1.0,,1.0,0.0,0.9534776294508907,0.0997096262075568,5,0.001,0.1,0.9928911047326925,1.0,0.9932775248119684,0.9925409811049541,0.996024132831537,0.9957418685073803,0.9935452288822663,0.9955357796751656,0.994342524590113,0.9961654791814389,0.995723734209422,0.9934354529108995
1,2,2.1435146087294172,0.46088,5000,2.2186778916252985,0.4244604316546763,834,2.219780647716583,0.3992,0.9972068454018017,0.08341145235014212,,,1.0,,1.0,0.0,0.9534776294508907,0.0997096262075568,5,0.001,0.1,0.9919537236443419,0.9932775248119684,1.0,0.9938452974626099,0.9941175753815005,0.9917367066409873,0.9949759891855046,0.9931250042289655,0.9949324823180785,0.9959846565352045,0.9946350782467822,0.9931273785309785
1,3,2.142341311114609,0.45016,5000,2.2249465341921204,0.37050359712230213,834,2.219780647716583,0.3992,0.9966475170340747,0.08326513814054746,,,1.0,,1.0,0.0,0.9534776294508907,0.0997096262075568,5,0.001,0.1,0.9931227591645295,0.9925409811049541,0.9938452974626099,1.0,0.9932243863312032,0.994387323729747,0.9935251890900505,0.9909185307948123,0.9944002915251029,0.9931721452880943,0.9922852291025211,0.9936262440434176
1,4,2.1432594363097173,0.43272,5000,2.2178347640567355,0.3793517406962785,833,2.219780647716583,0.3992,0.9977334651760023,0.08341448956330075,,,1.0,,1.0,0.0,0.9534776294508907,0.0997096262075568,5,0.001,0.1,0.99426984437145,0.996024132831537,0.9941175753815005,0.9932243863312032,1.0,0.9955369427365539,0.9938265125312525,0.9954491097744328,0.993757671841525,0.9944598565938848,0.9957984123682097,0.9915581428610099
1,5,2.1326840458402208,0.42508,5000,2.2177999019622803,0.3865546218487395,833,2.219780647716583,0.3992,0.9972652505272787,0.08325917591670493,,,1.0,,1.0,0.0,0.9534776294508907,0.0997096262075568,5,0.001,0.1,0.9948738914088546,0.9957418685073803,0.9917367066409873,0.994387323729747,0.9955369427365539,1.0,0.9931217397117139,0.9949610860711224,0.9919750138259271,0.9937951922870966,0.993758652411943,0.9925558254975755
1,6,2.138113527996525,0.4254,5000,2.227450211842855,0.4009603841536615,833,2.219780647716583,0.3992,0.9971307990896902,0.08338487965801768,,,1.0,,1.0,0.0,0.9534776294508907,0.0997096262075568,5,0.001,0.1,0.9914042388130527,0.9935452288822663,0.9949759891855046,0.9935251890900505,0.9938265125312525,0.9931217397117139,1.0,0.9941035422266515,0.9943068671991407,0.9949075115690498,0.9924416883631807,0.9946528356680346
1,7,2.1356769154785544,0.4336,5000,2.215470799693355,0.4237695078031212,833,2.219780647716583,0.3992,0.9969164347202099,0.08325947418287334,,,1.0,,1.0,0.0,0.9534776294508907,0.0997096262075568,5,0.001,0.1,0.9910319919161225,0.9955357796751656,0.9931250042289655,0.9909185307948123,0.9954491097744328,0.9949610860711224,0.9941035422266515,1.0,0.9927547846769841,0.9942105962043803,0.99476310906232,0.9913972830238815
1,8,2.1439967642923827,0.46348,5000,2.2234799332088895,0.39255702280912363,833,2.219780647716583,0.3992,0.9971729952140466,0.08337366525929532,,,1.0,,1.0,0.0,0.9534776294508907,0.0997096262075568,5,0.001,0.1,0.9915172867189037,0.994342524590113,0.9949324823180785,0.9944002915251029,0.993757671841525,0.9919750138259271,0.9943068671991407,0.9927547846769841,1.0,0.9955995387640373,0.9944731379825711,0.9932496174005467
1,9,2.141044900219911,0.45624,5000,2.2242769047066018,0.3793517406962785,833,2.219780647716583,0.3992,0.9977951204067255,0.08342539662076036,,,1.0,,1.0,0.0,0.9534776294508907,0.0997096262075568,5,0.001,0.1,0.9922235981050964,0.9961654791814389,0.9959846565352045,0.9931721452880943,0.9944598565938848,0.9937951922870966,0.9949075115690498,0.9942105962043803,0.9955995387640373,1.0,0.9946484961430468,0.9935822012589699
1,10,2.142359743300517,0.47532,5000,2.2172159442195185,0.40336134453781514,833,2.219780647716583,0.3992,0.9974141570210896,0.08336366739916079,,,1.0,,1.0,0.0,0.9534776294508907,0.0997096262075568,5,0.001,0.1,0.9933406139414571,0.995723734209422,0.9946350782467822,0.9922852291025211,0.9957984123682097,0.993758652411943,0.9924416883631807,0.99476310906232,0.9944731379825711,0.9946484961430468,1.0,0.9923323839776227
1,11,2.1365190458905166,0.47864,5000,2.2149420932487205,0.40456182472989194,833,2.219780647716583,0.3992,0.9961360031626663,0.0832015331939456,,,1.0,,1.0,0.0,0.9534776294508907,0.0997096262075568,5,0.001,0.1,0.989406221207827,0.9934354529108995,0.9931273785309785,0.9936262440434176,0.9915581428610099,0.9925558254975755,0.9946528356680346,0.9913972830238815,0.9932496174005467,0.9935822012589699,0.9923323839776227,1.0
2,0,2.0086364437820046,0.48876,5000,2.16003410021464,0.447242206235012,834,2.1608062133240624,0.4531,0.9974933743193902,0.08321814620813626,,,1.0,,1.0,0.0,0.9851881899864745,0.09981182975016957,5,0.001,0.1,1.0,0.9955114353621867,0.995210142446916,0.995484884939792,0.9961870776803763,0.9964848058883894,0.9947181667298763,0.9944701659963326,0.9946165529770458,0.9949092842339846,0.9958287010596537,0.9939823994038735
2,1,2.0055266034071613,0.50844,5000,2.1577033908278853,0.46882494004796166,834,2.1608062133240624,0.4531,0.9985600458521153,0.08342696174315757,,,1.0,,1.0,0.0,0.9851881899864745,0.09981182975016957,5,0.001,0.1,0.9955114353621867,1.0,0.9957966537897041,0.9949957475483205,0.9970287592679056,0.9968368326462634,0.99605550267831,0.9969268516554508,0.9966388195715579,0.9973273388333607,0.9969337940233232,0.9961117485115487
2,2,2.0079887405322614,0.51696,5000,2.1580902911998607,0.4748201438848921,834,2.1608062133240624,0.4531,0.9982184177732569,0.08338448906540188,,,1.0,,1.0,0.0,0.9851881899864745,0.09981182975016957,5,0.001,0.1,0.995210142446916,0.9957966537897041,1.0,0.9958756570799698,0.9959316391663757,0.9945069361495965,0.9966893365623443,0.995905725305415,0.9965800680842712,0.9969743823466468,0.9967984104270947,0.9958031327262152
2,3,2.0062751334184292,0.50228,5000,2.166744903281883,0.42565947242206237,834,2.1608062133240624,0.4531,0.9977338025816974,0.08327910309113629,,,1.0,,1.0,0.0,0.9851881899864745,0.09981182975016957,5,0.001,0.1,0.995484884939792,0.9949957475483205,0.9958756570799698,1.0,0.9951527875285916,0.996066503404116,0.9957095510741145,0.994746189519948,0.9963139588722851,0.9954983307444757,0.9946808790571078,0.9957563325463847
2,4,2.0092831543296765,0.48344,5000,2.1578203395560935,0.43217286914765907,833,2.1608062133240624,0.4531,0.9983792894306852,0.08339154513188837,,,1.0,,1.0,0.0,0.9851881899864745,0.09981182975016957,5,0.001,0.1,0.9961870776803763,0.9970287592679056,0.9959316391663757,0.9951527875285916,1.0,0.9968092969669337,0.9960239461177071,0.9970187030034303,0.9959461324827077,0.9959833349167645,0.997035871336402,0.9948838345947999
2,5,1.9919988175106655,0.48296,5000,2.157875414247866,0.4525810324129652,833,2.1608062133240624,0.4531,0.9980316874588107,0.08328506235589957,,,1.0,,1.0,0.0,0.9851881899864745,0.09981182975016957,5,0.001,0.1,0.9964848058883894,0.9968368326462634,0.9945069361495965,0.996066503404116,0.9968092969669337,1.0,0.9954352665209312,0.9965945151096091,0.994773788474571,0.9956411964249912,0.9952987445289547,0.9954013885580377
2,6,2.0023770424970397,0.47932,5000,2.168565114339193,0.4525810324129652,833,2.1608062133240624,0.4531,0.998194580269918,0.08336742119078214,,,1.0,,1.0,0.0,0.9851881899864745,0.09981182975016957,5,0.001,0.1,0.9947181667298763,0.99605550267831,0.9966893365623443,0.9957095510741145,0.9960239461177071,0.9954352665209312,1.0,0.9967238988420382,0.9961506944673801,0.9962729957710919,0.9954151367303065,0.9965958810657904
2,7,1.9972558744394096,0.48312,5000,2.152860473703455,0.468187274909964,833,2.1608062133240624,0.4531,0.998212874064355,0.08329109428775147,,,1.0,,1.0,0.0,0.9851881899864745,0.09981182975016957,5,0.001,0.1,0.9944701659963326,0.9969268516554508,0.995905725305415,0.994746189519948,0.9970187030034303,0.9965945151096091,0.9967238988420382,1.0,0.9957689989199533,0.9962392045508831,0.996339679796467,0.9952764801232146
2,8,2.0092119651235594,0.51684,5000,2.167162056322451,0.43937575030012005,833,2.1608062133240624,0.4531,0.9981961305808356,0.08336059288514625,,,1.0,,1.0,0.0,0.9851881899864745,0.09981182975016957,5,0.001,0.1,0.9946165529770458,0.9966388195715579,0.9965800680842712,0.9963139588722851,0.9959461324827077,0.994773788474571,0.9961506944673801,0.9957689989199533,1.0,0.9969987981227248,0.9962151664048416,0.9958022809333567
2,9,2.004648761384806,0.51384,5000,2.166975074344211,0.44417767106842737,833,2.1608062133240624,0.4531,0.9983914432712936,0.08339862732143484,,,1.0,,1.0,0.0,0.9851881899864745,0.09981182975016957,5,0.001,0.1,0.9949092842339846,0.9973273388333607,0.9969743823466468,0.9954983307444757,0.9959833349167645,0.9956411964249912,0.9962729957710919,0.9962392045508831,0.9969987981227248,1.0,0.9965439362756869,0.995753253103164
2,10,2.0065908231553,0.52272,5000,2.159252475809168,0.45858343337334934,833,2.1608062133240624,0.4531,0.9982415867508466,0.08335592809412007,,,1.0,,1.0,0.0,0.9851881899864745,0.09981182975016957,5,0.001,0.1,0.9958287010596537,0.9969337940233232,0.9967984104270947,0.9946808790571078,0.997035871336402,0.9952987445289547,0.9954151367303065,0.996339679796467,0.9962151664048416,0.9965439362756869,1.0,0.9952601070960696
2,11,1.9978719914794727,0.52824,5000,2.153956139529193,0.4729891956782713,833,2.1608062133240624,0.4531,0.997762847992087,0.08324102862514512,,,1.0,,1.0,0.0,0.9851881899864745,0.09981182975016957,5,0.001,0.1,0.9939823994038735,0.9961117485115487,0.9958031327262152,0.9957563325463847,0.9948838345947999,0.9954013885580377,0.9965958810657904,0.9952764801232146,0.9958022809333567,0.995753253103164,0.9952601070960696,1.0
3,0,1.8522840284238196,0.5342,5000,2.0884964201185436,0.4988009592326139,834,2.089533365572603,0.5023,0.9983784701231327,0.08325582967242155,,,1.0,,1.0,0.0,0.9935998572984491,0.0998591338393055,5,0.001,0.1,1.0,0.9969136261580565,0.9967481207066688,0.9969253525707552,0.9970547750619622,0.9977117589682857,0.9962286282674806,0.9962865474525575,0.9964480687244123,0.9966034950974284,0.9970838919617901,0.9956644892698074
3,1,1.8443280004392004,0.55104,5000,2.087174583364416,0.5059952038369304,834,2.089533365572603,0.5023,0.998896772438637,0.08340061177170825,,,1.0,,1.0,0.0,0.9935998572984491,0.0998591338393055,5,0.001,0.1,0.9969136261580565,1.0,0.9968264597863448,0.9965756148720132,0.9975276625826927,0.9976001957313158,0.9971786290067683,0.9973452233636034,0.9974680564128283,0.9979162733620363,0.9976252446538498,0.996894231829326
3,2,1.846610038447532,0.55444,5000,2.0849100837001093,0.5335731414868106,834,2.089533365572603,0.5023,0.9986149241661245,0.08336546908620947,,,1.0,,1.0,0.0,0.9935998572984491,0.0998591338393055,5,0.001,0.1,0.9967481207066688,0.9968264597863448,1.0,0.9967328899996379,0.9969221297678288,0.9962861361338282,0.9972647077857398,0.9968091655265376,0.9973686273482961,0.997308266570855,0.9976231781613699,0.9966051565962181
3,3,1.8460119206434602,0.54504,5000,2.0963346075128624,0.486810551558753,834,2.089533365572603,0.5023,0.9983221957950679,0.08329139443645144,,,1.0,,1.0,0.0,0.9935998572984491,0.0998591338393055,5,0.001,0.1,0.9969253525707552,0.9965756148720132,0.9967328899996379,1.0,0.9960976720996962,0.9972383364828395,0.996523891779472,0.996113471294572,0.9971197190155506,0.9968986008483637,0.9962785903643075,0.9964892811653075
3,4,1.85161767947446,0.531,5000,2.0852961805131702,0.48259303721488594,833,2.089533365572603,0.5023,0.9986570118845789,0.08337115454093504,,,1.0,,1.0,0.0,0.9935998572984491,0.0998591338393055,5,0.001,0.1,0.9970547750619622,0.9975276625826927,0.9969221297678288,0.9960976720996962,1.0,0.9971195523719535,0.9970643341787383,0.9975278362080202,0.9969796009692699,0.996935826969585,0.9976147868052361,0.9961548149715506
3,5,1.829622745058339,0.53144,5000,2.085635878421642,0.503001200480192,833,2.089533365572603,0.5023,0.9986704253348059,0.08330628822210968,,,1.0,,1.0,0.0,0.9935998572984491,0.0998591338393055,5,0.001,0.1,0.9977117589682857,0.9976001957313158,0.9962861361338282,0.9972383364828395,0.9971195523719535,1.0,0.9968079130281653,0.9973529112699309,0.9964158371301831,0.9971707603690588,0.9969237797721929,0.9965388147985156
3,6,1.8432679404119017,0.52584,5000,2.0974637579034874,0.5006002400960384,833,2.089533365572603,0.5023,0.9985900705880981,0.08335420025718743,,,1.0,,1.0,0.0,0.9935998572984491,0.0998591338393055,5,0.001,0.1,0.9962286282674806,0.9971786290067683,0.9972647077857398,0.996523891779472,0.9970643341787383,0.9968079130281653,1.0,0.9973761068990079,0.9968269070741466,0.996853137252004,0.9966883183921701,0.9973858941167736
3,7,1.8354793773335256,0.53008,5000,2.0773338785877935,0.5066026410564226,833,2.089533365572603,0.5023,0.9985958891424584,0.08330758152458109,,,1.0,,1.0,0.0,0.9935998572984491,0.0998591338393055,5,0.001,0.1,0.9962865474525575,0.9973452233636034,0.9968091655265376,0.996113471294572,0.9975278362080202,0.9973529112699309,0.9973761068990079,1.0,0.9968796819408056,0.9969112748601642,0.9974734166148543,0.996193260761893
3,8,1.8491799728126284,0.55716,5000,2.0989461563251637,0.4789915966386555,833,2.089533365572603,0.5023,0.9986253663577517,0.0833511520775721,,,1.0,,1.0,0.0,0.9935998572984491,0.0998591338393055,5,0.001,0.1,0.9964480687244123,0.9974680564128283,0.9973686273482961,0.9971197190155506,0.9969796009692699,0.9964158371301831,0.9968269070741466,0.9968796819408056,1.0,0.9974961961489678,0.9970069827439729,0.9966104369107158
3,9,1.844983944467678,0.55332,5000,2.097530797675804,0.5054021608643458,833,2.089533365572603,0.5023,0.9987537267884463,0.08337861914407156,,,1.0,,1.0,0.0,0.9935998572984491,0.0998591338393055,5,0.001,0.1,0.9966034950974284,0.9979162733620363,0.997308266570855,0.9968986008483637,0.996935826969585,0.9971707603690588,0.996853137252004,0.9969112748601642,0.9974961961489678,1.0,0.9974100820537236,0.9966532289425795
3,10,1.8460821414449413,0.5616,5000,2.088905934934263,0.5042016806722689,833,2.089533365572603,0.5023,0.9987679145037306,0.0833528922883919,,,1.0,,1.0,0.0,0.9935998572984491,0.0998591338393055,5,0.001,0.1,0.9970838919617901,0.9976252446538498,0.9976231781613699,0.9962785903643075,0.9976147868052361,0.9969237797721929,0.9966883183921701,0.9974734166148543,0.9970069827439729,0.9974100820537236,1.0,0.9966004413088966
3,11,1.8343136699336349,0.56304,5000,2.0800806593011925,0.5210084033613446,833,2.089533365572603,0.5023,0.9982218489192668,0.08326480697836046,,,1.0,,1.0,0.0,0.9935998572984491,0.0998591338393055,5,0.001,0.1,0.9956644892698074,0.996894231829326,0.9966051565962181,0.9964892811653075,0.9961548149715506,0.9965388147985156,0.9973858941167736,0.996193260761893,0.9966104369107158,0.9966532289425795,0.9966004413088966,1.0
4,0,1.6964215494265222,0.56656,5000,2.0040588555512606,0.539568345323741,834,2.005400803142462,0.5497,0.9985226287597557,0.08328220410403807,,,1.0,,1.0,0.0,0.9962371826903041,0.09986343119338015,5,0.001,0.1,1.0,0.9970566755763954,0.9969389567148865,0.9971605845904078,0.9970006482052975,0.9976787598221767,0.9965441831987208,0.9965497453553143,0.996949589685443,0.9971263914799293,0.9973145191211717,0.9955891800325813
4,1,1.6854925605142193,0.58192,5000,2.0038889469923795,0.5491606714628298,834,2.005400803142462,0.5497,0.9989126162808902,0.0833835753559282,,,1.0,,1.0,0.0,0.9962371826903041,0.09986343119338015,5,0.001,0.1,0.9970566755763954,1.0,0.997072010604968,0.996698441294866,0.9976671075719039,0.9975142181706104,0.997072523003755,0.9971516277420678,0.9974818669576142,0.9980735648003343,0.9976727113189041,0.9971167901984054
4,2,1.6879584446074856,0.58836,5000,1.998496210133588,0.579136690647482,834,2.005400803142462,0.5497,0.9986499455018875,0.08335354716419661,,,1.0,,1.0,0.0,0.9962371826903041,0.09986343119338015,5,0.001,0.1,0.9969389567148865,0.997072010604968,1.0,0.9967163369902065,0.9968553685703663,0.996601009086731,0.9974107387110565,0.9970014169878492,0.9974941459437596,0.997322586642418,0.9976004658397098,0.9964176792821212
4,3,1.6886327880203345,0.5792,5000,2.013209576959963,0.526378896882494,834,2.005400803142462,0.5497,0.9983364868126974,0.08329800563775235,,,1.0,,1.0,0.0,0.9962371826903041,0.09986343119338015,5,0.001,0.1,0.9971605845904078,0.996698441294866,0.9967163369902065,1.0,0.9957806517815148,0.9974668540848682,0.996561512777197,0.9963038572913878,0.9970769031246746,0.9971157573866699,0.9964254694204615,0.9963726110216333
4,4,1.6956649837979845,0.56632,5000,1.999650103074533,0.5354141656662665,833,2.005400803142462,0.5497,0.998545437237951,0.08335366062340187,,,1.0,,1.0,0.0,0.9962371826903041,0.09986343119338015,5,0.001,0.1,0.9970006482052975,0.9976671075719039,0.9968553685703663,0.9957806517815148,1.0,0.9969829816389918,0.9968984980785668,0.9971430852016769,0.9969741981152711,0.9970933628170924,0.9974952125084252,0.9962865544931182
4,5,1.6707459844601382,0.57216,5000,2.000823413884198,0.553421368547419,833,2.005400803142462,0.5497,0.9987625359357731,0.08332088970561664,,,1.0,,1.0,0.0,0.9962371826903041,0.09986343119338015,5,0.001,0.1,0.9976787598221767,0.9975142181706104,0.996601009086731,0.9974668540848682,0.9969829816389918,1.0,0.9969845464775605,0.9972555377296715,0.9966974579100961,0.9976910172542116,0.9969721003971028,0.996939268459158
4,6,1.6863750329442844,0.568,5000,2.0136217806074352,0.5486194477791116,833,2.005400803142462,0.5497,0.9986150045450716,0.08334550908527741,,,1.0,,1.0,0.0,0.9962371826903041,0.09986343119338015,5,0.001,0.1,0.9965441831987208,0.997072523003755,0.9974107387110565,0.996561512777197,0.9968984980785668,0.9969845464775605,1.0,0.9974698283667485,0.997047093384482,0.997016566356109,0.9970264686346282,0.9969810512356742
4,7,1.6761258093414793,0.57128,5000,1.9881748579166554,0.5474189675870348,833,2.005400803142462,0.5497,0.9985868584878039,0.08331601278206055,,,1.0,,1.0,0.0,0.9962371826903041,0.09986343119338015,5,0.001,0.1,0.9965497453553143,0.9971516277420678,0.9970014169878492,0.9963038572913878,0.9971430852016769,0.9972555377296715,0.9974698283667485,1.0,0.9972109454705806,0.9969054485183365,0.9976163818124684,0.9960683425371791
4,8,1.688866699880855,0.5876,5000,2.0183762311935425,0.5342136854741897,833,2.005400803142462,0.5497,0.9987535348150143,0.0833481109401083,,,1.0,,1.0,0.0,0.9962371826903041,0.09986343119338015,5,0.001,0.1,0.996949589685443,0.9974818669576142,0.9974941459437596,0.9970769031246746,0.9969741981152711,0.9966974579100961,0.997047093384482,0.9972109454705806,1.0,0.9976390664873434,0.9973982578187592,0.9967030981489294
4,9,1.6848863752024947,0.58444,5000,2.0154453339400114,0.5450180072028812,833,2.005400803142462,0.5497,0.9989057072739885,0.08336986588430702,,,1.0,,1.0,0.0,0.9962371826903041,0.09986343119338015,5,0.001,0.1,0.9971263914799293,0.9980735648003343,0.997322586642418,0.9971157573866699,0.9970933628170924,0.9976910172542116,0.997016566356109,0.9969054485183365,0.9976390664873434,1.0,0.9975729207044148,0.9969388460880741
4,10,1.6860888201719637,0.58816,5000,2.0055548129258334,0.5570228091236494,833,2.005400803142462,0.5497,0.9988306166713363,0.0833516659118921,,,1.0,,1.0,0.0,0.9962371826903041,0.09986343119338015,5,0.001,0.1,0.9973145191211717,0.9976727113189041,0.9976004658397098,0.9964254694204615,0.9974952125084252,0.9969721003971028,0.9970264686346282,0.9976163818124684,0.9973982578187592,0.9975729207044148,1.0,0.9965014498620476
4,11,1.6739527479098861,0.59416,5000,1.9927692766542788,0.581032412965186,833,2.005400803142462,0.5497,0.9981893557547457,0.08327695280542091,,,1.0,,1.0,0.0,0.9962371826903041,0.09986343119338015,5,0.001,0.1,0.9955891800325813,0.9971167901984054,0.9964176792821212,0.9963726110216333,0.9962865544931182,0.996939268459158,0.9969810512356742,0.9960683425371791,0.9967030981489294,0.9969388460880741,0.9965014498620476,1.0
5,0,1.556934853723854,0.59384,5000,1.9073171306539465,0.5695443645083933,834,1.9089265071545927,0.5836,0.9982102723347365,0.08329111969441814,,,1.0,,1.0,0.0,0.9968975620899592,0.09985467613346298,5,0.001,0.1,1.0,0.9964257932314656,0.9966139441917383,0.9965729744404661,0.9961195186811579,0.9969683440219561,0.995873680551537,0.9969475682699694,0.9970015839199721,0.9964804993321756,0.9965230528463346,0.9955905016039013
5,1,1.542470873465204,0.606,5000,1.9080685862788447,0.5695443645083933,834,1.9089265071545927,0.5836,0.9988333351000869,0.08337339554621351,,,1.0,,1.0,0.0,0.9968975620899592,0.09985467613346298,5,0.001,0.1,0.9964257932314656,1.0,0.9968527246620925,0.9970034943608144,0.997408572319568,0.9975600133541327,0.9972524542781231,0.9963158017123379,0.9970055424874121,0.9979193970713883,0.9977375902958581,0.9970973037272204
5,2,1.5449623931745056,0.61144,5000,1.8994230208573517,0.617505995203837,834,1.9089265071545927,0.5836,0.9985770517202505,0.08334670895185493,,,1.0,,1.0,0.0,0.9968975620899592,0.09985467613346298,5,0.001,0.1,0.9966139441917383,0.9968527246620925,1.0,0.9966294656188075,0.9968223473191217,0.9964593009877897,0.997187003755124,0.9965831791946783,0.9972642289386217,0.9969641907468225,0.9975358538910792,0.9965967301079864
5,3,1.5453304495021796,0.608,5000,1.9179253357428092,0.5563549160671463,834,1.9089265071545927,0.5836,0.9984185148250979,0.08330753123767537,,,1.0,,1.0,0.0,0.9968975620899592,0.09985467613346298,5,0.001,0.1,0.9965729744404661,0.9970034943608144,0.9966294656188075,1.0,0.9958830004387336,0.9973456047459472,0.9967999186447274,0.9959090231435425,0.9966449960355321,0.9971920584950515,0.9967868910257376,0.996844614932987
5,4,1.5548587164301781,0.59468,5000,1.9013626001499317,0.5738295318127251,833,1.9089265071545927,0.5836,0.9984651332233049,0.08334316622425347,,,1.0,,1.0,0.0,0.9968975620899592,0.09985467613346298,5,0.001,0.1,0.9961195186811579,0.997408572319568,0.9968223473191217,0.9958830004387336,1.0,0.9969696794166047,0.9970253142593789,0.9964396645775107,0.9965479529746404,0.9968823760546556,0.997434977145705,0.9966338166575505
5,5,1.5282561348502044,0.60592,5000,1.9038908437446311,0.5882352941176471,833,1.9089265071545927,0.5836,0.9987027676051663,0.08333073945737073,,,1.0,,1.0,0.0,0.9968975620899592,0.09985467613346298,5,0.001,0.1,0.9969683440219561,0.9975600133541327,0.9964593009877897,0.9973456047459472,0.9969696794166047,1.0,0.996722512290016,0.9965883649402533,0.9962879873298598,0.997596929243849,0.9973320070652184,0.9971864789431462
5,6,1.5439461767293845,0.5976,5000,1.9177962409125433,0.5822328931572629,833,1.9089265071545927,0.5836,0.9985459925668042,0.08334077714214386,,,1.0,,1.0,0.0,0.9968975620899592,0.09985467613346298,5,0.001,0.1,0.995873680551537,0.9972524542781231,0.997187003755124,0.9967999186447274,0.9970253142593789,0.996722512290016,1.0,0.9963175530208003,0.9966436828295324,0.9966720721254784,0.9972462383558816,0.9973967967184175
5,7,1.5340004836677745,0.60468,5000,1.8860629223011158,0.5822328931572629,833,1.9089265071545927,0.5836,0.9981758710050161,0.08331074246103301,,,1.0,,1.0,0.0,0.9968975620899592,0.09985467613346298,5,0.001,0.1,0.9969475682699694,0.9963158017123379,0.9965831791946783,0.9959090231435425,0.9964396645775107,0.9965883649402533,0.9963175530208003,1.0,0.9970926899608673,0.9960078797674347,0.9967444082069251,0.9957577214563742
5,8,1.545140788737376,0.60972,5000,1.9260856884497184,0.5726290516206483,833,1.9089265071545927,0.5836,0.9985472201831636,0.0833424123478022,,,1.0,,1.0,0.0,0.9968975620899592,0.09985467613346298,5,0.001,0.1,0.9970015839199721,0.9970055424874121,0.9972642289386217,0.9966449960355321,0.9965479529746404,0.9962879873298598,0.9966436828295324,0.9970926899608673,1.0,0.997008929214446,0.9971616053257548,0.9964928618412096
5,9,1.5426129809610403,0.61108,5000,1.9213300546010335,0.581032412965186,833,1.9089265071545927,0.5836,0.9987295493482996,0.08336163842519513,,,1.0,,1.0,0.0,0.9968975620899592,0.09985467613346298,5,0.001,0.1,0.9964804993321756,0.9979193970713883,0.9969641907468225,0.9971920584950515,0.9968823760546556,0.997596929243849,0.9966720721254784,0.9960078797674347,0.997008929214446,1.0,0.9975466403110826,0.9970646985059076
5,10,1.5434227131734228,0.6128,5000,1.9096498489379883,0.5834333733493398,833,1.9089265071545927,0.5836,0.9989022966891066,0.08335605295606019,,,1.0,,1.0,0.0,0.9968975620899592,0.09985467613346298,5,0.001,0.1,0.9965230528463346,0.9977375902958581,0.9975358538910792,0.9967868910257376,0.997434977145705,0.9973320070652184,0.9972462383558816,0.9967444082069251,0.9971616053257548,0.9975466403110826,1.0,0.9973567885394047
5,11,1.5297784775685352,0.6156,5000,1.8924568714918915,0.6266506602641057,833,1.9089265071545927,0.5836,0.9984524385670727,0.08329571555597942,,,1.0,,1.0,0.0,0.9968975620899592,0.09985467613346298,5,0.001,0.1,0.9955905016039013,0.9970973037272204,0.9965967301079864,0.996844614932987,0.9966338166575505,0.9971864789431462,0.9973967967184175,0.9957577214563742,0.9964928618412096,0.9970646985059076,0.9973567885394047,1.0
6,0,1.4320237793740194,0.61228,5000,1.8000587180808738,0.5887290167865707,834,1.8017992295396215,0.6013,0.998475678849512,0.08330616181159307,,,1.0,,1.0,0.0,0.9969942085281704,0.09985154851210426,5,0.001,0.1,1.0,0.9969807741526725,0.9965813321334106,0.9967383878683642,0.9962969152692001,0.9971292622748108,0.9965428898841713,0.9969244762268108,0.9968144084493796,0.9968355269537619,0.9969105074456801,0.9961678353433067
6,1,1.41739609917258,0.62672,5000,1.8013557239815041,0.5839328537170264,834,1.8017992295396215,0.6013,0.9987654385545008,0.0833659704036321,,,1.0,,1.0,0.0,0.9969942085281704,0.09985154851210426,5,0.001,0.1,0.9969807741526725,1.0,0.9968964676134803,0.9966065376514025,0.9968869394652389,0.9971527667000347,0.9970781218557426,0.9968897911064604,0.9972032077259697,0.9974821260511679,0.9973933237073341,0.9968209174473873
6,2,1.4178790112209927,0.63008,5000,1.7895120956279613,0.6282973621103117,834,1.8017992295396215,0.6013,0.998525912629876,0.08334187361359036,,,1.0,,1.0,0.0,0.9969942085281704,0.09985154851210426,5,0.001,0.1,0.9965813321334106,0.9968964676134803,1.0,0.9964345883619721,0.9963132546522906,0.9961914306221789,0.9971325276436626,0.9972361218400789,0.9973554174530291,0.9963836304367858,0.9972386723345746,0.9967587219375748
6,3,1.4205430216090695,0.62716,5000,1.8123003376854792,0.5743405275779376,834,1.8017992295396215,0.6013,0.9982243317322654,0.08330811364952166,,,1.0,,1.0,0.0,0.9969942085281704,0.09985154851210426,5,0.001,0.1,0.9967383878683642,0.9966065376514025,0.9964345883619721,1.0,0.9953147328522496,0.9969093841545501,0.9963776449335632,0.9965439216818899,0.996681521934114,0.9965539313174262,0.9962002083478544,0.996549827322192
6,4,1.430093646277288,0.6158,5000,1.792070817064356,0.5978391356542617,833,1.8017992295396215,0.6013,0.9981535408833765,0.08332768211725892,,,1.0,,1.0,0.0,0.9969942085281704,0.09985154851210426,5,0.001,0.1,0.9962969152692001,0.9968869394652389,0.9963132546522906,0.9953147328522496,1.0,0.9958313932175311,0.9966883347750884,0.9970295980669696,0.9964462249703638,0.9964031997755637,0.9967413013852917,0.9961080204345028
6,5,1.4021838368124264,0.6244,5000,1.796397332791929,0.6050420168067226,833,1.8017992295396215,0.6013,0.9984724066174226,0.08333035323816645,,,1.0,,1.0,0.0,0.9969942085281704,0.09985154851210426,5,0.001,0.1,0.9971292622748108,0.9971527667000347,0.9961914306221789,0.9969093841545501,0.9958313932175311,1.0,0.9964085948712543,0.9970278094391714,0.9962646801267703,0.9971819028498728,0.9967964718549744,0.9969885182034234
6,6,1.4187941378848568,0.6184,5000,1.811350420669273,0.595438175270108,833,1.8017992295396215,0.6013,0.9985352042615955,0.0833385358002198,,,1.0,,1.0,0.0,0.9969942085281704,0.09985154851210426,5,0.001,0.1,0.9965428898841713,0.9970781218557426,0.9971325276436626,0.9963776449335632,0.9966883347750884,0.9964085948712543,1.0,0.9969929564121741,0.9968587296283505,0.9963053636666314,0.9969774595548431,0.9972712352890277
6,7,1.4095933588447085,0.62444,5000,1.7731843745266949,0.6050420168067226,833,1.8017992295396215,0.6013,0.9986484644138272,0.0833237725166597,,,1.0,,1.0,0.0,0.9969942085281704,0.09985154851210426,5,0.001,0.1,0.9969244762268108,0.9968897911064604,0.9972361218400789,0.9965439216818899,0.9970295980669696,0.9970278094391714,0.9969929564121741,1.0,0.9970284327611574,0.9963641295488547,0.9972613102172144,0.9966934201967659
6,8,1.4197066674566572,0.627,5000,1.8236429382253576,0.5930372148859544,833,1.8017992295396215,0.6013,0.9986174556639515,0.08334219339597287,,,1.0,,1.0,0.0,0.9969942085281704,0.09985154851210426,5,0.001,0.1,0.9968144084493796,0.9972032077259697,0.9973554174530291,0.996681521934114,0.9964462249703638,0.9962646801267703,0.9968587296283505,0.9970284327611574,1.0,0.9968401186475149,0.997170683194009,0.996955716572687
6,9,1.416735870443332,0.63156,5000,1.8168617089589436,0.5906362545018007,833,1.8017992295396215,0.6013,0.9985297095445532,0.08335115174888372,,,1.0,,1.0,0.0,0.9969942085281704,0.09985154851210426,5,0.001,0.1,0.9968355269537619,0.9974821260511679,0.9963836304367858,0.9965539313174262,0.9964031997755637,0.9971819028498728,0.9963053636666314,0.9963641295488547,0.9968401186475149,1.0,0.9972390193622219,0.9969779605198628
6,10,1.4187901802123732,0.62788,5000,1.8028960713633784,0.6062424969987995,833,1.8017992295396215,0.6013,0.9987287687645691,0.08335415138577666,,,1.0,,1.0,0.0,0.9969942085281704,0.09985154851210426,5,0.001,0.1,0.9969105074456801,0.9973933237073341,0.9972386723345746,0.9962002083478544,0.9967413013852917,0.9967964718549744,0.9969774595548431,0.9972613102172144,0.997170683194009,0.9972390193622219,1.0,0.997023250891511
6,11,1.4040124845352902,0.6322,5000,1.7811032357039276,0.6470588235294118,833,1.8017992295396215,0.6013,0.9985085221070035,0.0833100403187246,,,1.0,,1.0,0.0,0.9969942085281704,0.09985154851210426,5,0.001,0.1,0.9961678353433067,0.9968209174473873,0.9967587219375748,0.996549827322192,0.9961080204345028,0.9969885182034234,0.9972712352890277,0.9966934201967659,0.996955716572687,0.9969779605198628,0.997023250891511,1.0
7,0,1.325599021061211,0.62864,5000,1.6843987041049533,0.6151079136690647,834,1.6863232607277818,0.616,0.998234922501624,0.08331276541925454,,,1.0,,1.0,0.0,0.9977995550364173,0.09983558905658457,5,0.001,0.1,1.0,0.9967548789639415,0.9959263079877699,0.9963808241429972,0.9958341354268688,0.9968269329210093,0.9962458387297554,0.9964436193593799,0.9965425589219015,0.9961495718111809,0.996278827740399,0.9957420004048916
7,1,1.3080187447511467,0.64008,5000,1.6859932519771434,0.5995203836930456,834,1.6863232607277818,0.616,0.9986220520959337,0.08336194164739812,,,1.0,,1.0,0.0,0.9977995550364173,0.09983558905658457,5,0.001,0.1,0.9967548789639415,1.0,0.996549306501116,0.9962562162764458,0.9968212973116499,0.9968381030282781,0.9969114641927224,0.9965849236465317,0.9966666764759191,0.9968787131617003,0.9970667084648104,0.9964325644972476
7,2,1.3096590714090188,0.64332,5000,1.67101432217492,0.6366906474820144,834,1.6863232607277818,0.616,0.9982977681135564,0.08333669580595954,,,1.0,,1.0,0.0,0.9977995550364173,0.09983558905658457,5,0.001,0.1,0.9959263079877699,0.996549306501116,1.0,0.9959314818456602,0.9961156427463328,0.9960221680073519,0.9967963512307443,0.9966420800740992,0.9969036891616566,0.9957640968754097,0.996846684332645,0.9963788531966228
7,3,1.3141277473443633,0.6406,5000,1.6984682083129883,0.5863309352517986,834,1.6863232607277818,0.616,0.9980421297122731,0.08330773938601112,,,1.0,,1.0,0.0,0.9977995550364173,0.09983558905658457,5,0.001,0.1,0.9963808241429972,0.9962562162764458,0.9959314818456602,1.0,0.9951281515908669,0.9968337157042158,0.995842770341998,0.995938247016119,0.9961198964469731,0.9963676242790989,0.9959638029302775,0.9960532497664687
7,4,1.3224644238781778,0.63192,5000,1.674450326848913,0.6194477791116446,833,1.6863232607277818,0.616,0.9980784049869236,0.08332091151643312,,,1.0,,1.0,0.0,0.9977995550364173,0.09983558905658457,5,0.001,0.1,0.9958341354268688,0.9968212973116499,0.9961156427463328,0.9951281515908669,1.0,0.9957813930145478,0.9965107902689385,0.99676420820051,0.9962189620309921,0.9958181798163758,0.9963490905481821,0.9959071402505928
7,5,1.2946638384442422,0.6408,5000,1.6805621164816398,0.6206482593037215,833,1.6863232607277818,0.616,0.9985143341297738,0.08333662088353923,,,1.0,,1.0,0.0,0.9977995550364173,0.09983558905658457,5,0.001,0.1,0.9968269329210093,0.9968381030282781,0.9960221680073519,0.9968337157042158,0.9957813930145478,1.0,0.9964249255121361,0.9967711279464183,0.9960727783989708,0.9971789327477648,0.9968496365195854,0.9968724096655502
7,6,1.3148810770860904,0.63492,5000,1.6963586895554155,0.6062424969987995,833,1.6863232607277818,0.616,0.998412369368958,0.08333834791553671,,,1.0,,1.0,0.0,0.9977995550364173,0.09983558905658457,5,0.001,0.1,0.9962458387297554,0.9969114641927224,0.9967963512307443,0.995842770341998,0.9965107902689385,0.9964249255121361,1.0,0.9965809269948903,0.996436779740018,0.9957690886845153,0.9968329987765648,0.9968979766811779
7,7,1.3014177973862666,0.64064,5000,1.6520594976566456,0.6242496998799519,833,1.6863232607277818,0.616,0.9984312378541795,0.08332990273738297,,,1.0,,1.0,0.0,0.9977995550364173,0.09983558905658457,5,0.001,0.1,0.9964436193593799,0.9965849236465317,0.9966420800740992,0.995938247016119,0.99676420820051,0.9967711279464183,0.9965809269948903,1.0,0.9967100824736733,0.9957517231886309,0.99694474123904,0.9963449454119584
7,8,1.3104270611598994,0.64324,5000,1.7137330328976665,0.6110444177671068,833,1.6863232607277818,0.616,0.9984466909804568,0.08334169894926266,,,1.0,,1.0,0.0,0.9977995550364173,0.09983558905658457,5,0.001,0.1,0.9965425589219015,0.9966666764759191,0.9969036891616566,0.9961198964469731,0.9962189620309921,0.9960727783989708,0.996436779740018,0.9967100824736733,1.0,0.9964404888966689,0.9970840042657112,0.9964649402288229
