round,client_id,client_i_training_loss,client_i_training_accuracy,client_i_training_dataset_size,client_i_evaluation_loss,client_i_evaluation_accuracy,client_i_evaluation_dataset_size,client_i_central_evaluation_loss,client_i_central_evaluation_accuracy,client_i_cosine_similarity,client_i_importance_coefficient,client_i_tanh_val,tanh_normalization_value,client_i_q,client_i_mask_order,client_i_v_nonzero_fraction,client_i_v_sparsity,client_i_v_cosine_similarity,client_i_reward_gradient_norm,local_epochs,learning_rate,gamma,client_0_cosine_similarity,client_1_cosine_similarity,client_2_cosine_similarity,client_3_cosine_similarity,client_4_cosine_similarity,client_5_cosine_similarity,client_6_cosine_similarity,client_7_cosine_similarity,client_8_cosine_similarity,client_9_cosine_similarity,client_10_cosine_similarity,client_11_cosine_similarity
0,0,2.1469117299766296,0.30716,5000,2.254707345256099,0.22182254196642687,834,2.256566184778183,0.2218,0.9966644961906711,0.08334986490955333,,,0.99,,0.9900107286803723,0.00998927131962768,0,0.0996466836946881,5,0.001,0.1,1.0,0.9937656753094741,0.9911503452053472,0.9934420076740148,0.9907414841311669,0.9913943179569737,0.9937045352698186,0.99097392961336,0.9921941863548643,0.990450711007154,0.9941880768890377,0.9957119232021565
0,1,2.13944968159791,0.319,5000,2.256580008400811,0.21103117505995203,834,2.256566184778183,0.2218,0.995317650578023,0.0832372298148978,,,0.99,,0.9900107286803723,0.00998927131962768,0,0.0996466836946881,5,0.001,0.1,0.9937656753094741,1.0,0.988501475465869,0.9948277694642379,0.9874023652014239,0.9888734679395236,0.9912141788067201,0.9927149828514782,0.9900335630179269,0.9898950579048391,0.9914270585393137,0.9929565539989765
0,2,2.1510167849291664,0.35456,5000,2.257874471169931,0.21342925659472423,834,2.256566184778183,0.2218,0.9960127714494167,0.08329536194556757,,,0.99,,0.9900107286803723,0.00998927131962768,0,0.0996466836946881,5,0.001,0.1,0.9911503452053472,0.988501475465869,1.0,0.9867261689122502,0.9948280939800005,0.991211868728162,0.994066250684896,0.9919798924764334,0.9936819319479303,0.9942141653878349,0.9920526400751674,0.9915112934951245
0,3,2.1491259397215146,0.3272,5000,2.259100419503671,0.2302158273381295,834,2.256566184778183,0.2218,0.9940325421386262,0.08312975772651977,,,0.99,,0.9900107286803723,0.00998927131962768,0,0.0996466836946881,5,0.001,0.1,0.9934420076740148,0.9948277694642379,0.9867261689122502,1.0,0.9856984168790679,0.9886816284245779,0.9886280544619113,0.9913748531425736,0.9890699193112767,0.9869295822583717,0.9894600872539632,0.9914068454221865
0,4,2.1480574683778606,0.35488,5000,2.251854560993336,0.226890756302521,833,2.256566184778183,0.2218,0.9966160404179393,0.08334581261098473,,,0.99,,0.9900107286803723,0.00998927131962768,0,0.0996466836946881,5,0.001,0.1,0.9907414841311669,0.9874023652014239,0.9948280939800005,0.9856984168790679,1.0,0.9942296587201253,0.9943253878426138,0.9928422065699721,0.9970578962166805,0.9963897528118363,0.9918832714794762,0.9917392428249315
0,5,2.145525236949799,0.35912,5000,2.257379417066221,0.2148859543817527,833,2.256566184778183,0.2218,0.9965703941034537,0.08334199526406354,,,0.99,,0.9900107286803723,0.00998927131962768,0,0.0996466836946881,5,0.001,0.1,0.9913943179569737,0.9888734679395236,0.991211868728162,0.9886816284245779,0.9942296587201253,1.0,0.9916142512128049,0.9935922543314909,0.9956754179195175,0.9955145757938464,0.9923468160151383,0.9934576991161944
0,6,2.1488364969848828,0.32776,5000,2.2542681340818054,0.23289315726290516,833,2.256566184778183,0.2218,0.9967970079710021,0.0833609467119369,,,0.99,,0.9900107286803723,0.00998927131962768,0,0.0996466836946881,5,0.001,0.1,0.9937045352698186,0.9912141788067201,0.994066250684896,0.9886280544619113,0.9943253878426138,0.9916142512128049,1.0,0.9919997617321146,0.9935053030858051,0.9937522951038052,0.9930846624186215,0.9934070344272641
0,7,2.1476023965580446,0.37548,5000,2.2596187679855912,0.2028811524609844,833,2.256566184778183,0.2218,0.9967502182159759,0.08335703374044501,,,0.99,,0.9900107286803723,0.00998927131962768,0,0.0996466836946881,5,0.001,0.1,0.99097392961336,0.9927149828514782,0.9919798924764334,0.9913748531425736,0.9928422065699721,0.9935922543314909,0.9919997617321146,1.0,0.9943182545867819,0.9953171468151908,0.9902811078123098,0.9933478312638635
0,8,2.1469003804929696,0.35864,5000,2.2569343867125333,0.2304921968787515,833,2.256566184778183,0.2218,0.9976201981677835,0.08342978912777377,,,0.99,,0.9900107286803723,0.00998927131962768,0,0.0996466836946881,5,0.001,0.1,0.9921941863548643,0.9900335630179269,0.9936819319479303,0.9890699193112767,0.9970578962166805,0.9956754179195175,0.9935053030858051,0.9943182545867819,1.0,0.996718130751869,0.9931870446354671,0.9937034472874677
0,9,2.1468456026854787,0.37024,5000,2.2536010918793856,0.22569027611044418,833,2.256566184778183,0.2218,0.9973036387058627,0.08340331563695737,,,0.99,,0.9900107286803723,0.00998927131962768,0,0.0996466836946881,5,0.001,0.1,0.990450711007154,0.9898950579048391,0.9942141653878349,0.9869295822583717,0.9963897528118363,0.9955145757938464,0.9937522951038052,0.9953171468151908,0.996718130751869,1.0,0.9929259197988969,0.993252465684661
0,10,2.149215112066573,0.31168,5000,2.257878798025626,0.22208883553421369,833,2.256566184778183,0.2218,0.9965546011686568,0.08334067451973395,,,0.99,,0.9900107286803723,0.00998927131962768,0,0.0996466836946881,5,0.001,0.1,0.9941880768890377,0.9914270585393137,0.9920526400751674,0.9894600872539632,0.9918832714794762,0.9923468160151383,0.9930846624186215,0.9902811078123098,0.9931870446354671,0.9929259197988969,1.0,0.9955664266173229
0,11,2.1475826390989265,0.28812,5000,2.2625130547417536,0.22929171668667467,833,2.256566184778183,0.2218,0.9973622591102476,0.08340821799156627,,,0.99,,0.9900107286803723,0.00998927131962768,0,0.0996466836946881,5,0.001,0.1,0.9957119232021565,0.9929565539989765,0.9915112934951245,0.9914068454221865,0.9917392428249315,0.9934576991161944,0.9934070344272641,0.9933478312638635,0.9937034472874677,0.993252465684661,0.9955664266173229,1.0
1,0,1.9631587730091848,0.43472,5000,2.1889426708221436,0.4880095923261391,834,2.1921548112131917,0.4687,0.9985498030620755,0.08334382801998971,,,0.99,,0.9900107286803723,0.00998927131962768,0.971511865347557,0.09985388325895726,5,0.001,0.1,1.0,0.9968333099332215,0.9966020248795515,0.99742504711095,0.9966792760883262,0.9970313135219938,0.9964800089280397,0.9964012319445962,0.9964829862017042,0.9964171294067724,0.9972144026087411,0.9975233257996632
1,1,1.9526319280551496,0.46536,5000,2.192390044530233,0.46882494004796166,834,2.1921548112131917,0.4687,0.9988019102640713,0.08328289162918992,,,0.99,,0.9900107286803723,0.00998927131962768,0.971511865347557,0.09985388325895726,5,0.001,0.1,0.9968333099332215,1.0,0.9966928570389053,0.9967602197708963,0.9969347464924165,0.9971555333678249,0.99659553843532,0.997262612198786,0.9974959143620985,0.9979970808819465,0.9970242985156338,0.9973588395287697
1,2,1.9696448954806967,0.48424,5000,2.191180776666712,0.4784172661870504,834,2.1921548112131917,0.4687,0.998453828186644,0.08330730635554517,,,0.99,,0.9900107286803723,0.00998927131962768,0.971511865347557,0.09985388325895726,5,0.001,0.1,0.9966020248795515,0.9966928570389053,1.0,0.9961386689609766,0.9976218520066322,0.9964476243154219,0.9971271480930438,0.9966214571873001,0.9967496156506469,0.9976246889256022,0.9959951142528706,0.9963174182694055
1,3,1.967739533011321,0.45964,5000,2.1944767280861184,0.4580335731414868,834,2.1921548112131917,0.4687,0.9982359004649421,0.08319871564524073,,,0.99,,0.9900107286803723,0.00998927131962768,0.971511865347557,0.09985388325895726,5,0.001,0.1,0.99742504711095,0.9967602197708963,0.9961386689609766,1.0,0.9959449553879253,0.9967064360838311,0.9960284991971621,0.996403711231726,0.9966089319951398,0.9959297340743799,0.9968794048414125,0.9965111218129005
1,4,1.9666532267430785,0.502,5000,2.184869165773745,0.46218487394957986,833,2.1921548112131917,0.4687,0.9986052467507794,0.0833431324657759,,,0.99,,0.9900107286803723,0.00998927131962768,0.971511865347557,0.09985388325895726,5,0.001,0.1,0.9966792760883262,0.9969347464924165,0.9976218520066322,0.9959449553879253,1.0,0.9963085436900169,0.9975817107818967,0.9968505071961857,0.9979567830865432,0.9975743388116884,0.9958758881344316,0.9964209471301384
1,5,1.9633274728325523,0.48572,5000,2.1929909123314753,0.44657863145258103,833,2.1921548112131917,0.4687,0.9985500738653299,0.0833390106995812,,,0.99,,0.9900107286803723,0.00998927131962768,0.971511865347557,0.09985388325895726,5,0.001,0.1,0.9970313135219938,0.9971555333678249,0.9964476243154219,0.9967064360838311,0.9963085436900169,1.0,0.9966452340716925,0.9973231434348826,0.9967171697619394,0.9975209937743578,0.9963380771071105,0.9968972383316803
1,6,1.967740699743769,0.4812,5000,2.1893211117497198,0.4597839135654262,833,2.1921548112131917,0.4687,0.9983893031102993,0.08334544358845651,,,0.99,,0.9900107286803723,0.00998927131962768,0.971511865347557,0.09985388325895726,5,0.001,0.1,0.9964800089280397,0.99659553843532,0.9971271480930438,0.9960284991971621,0.9975817107818967,0.9966452340716925,1.0,0.9964576091343018,0.9962858999449518,0.9973264193613084,0.9962683903909357,0.9963669741569262
1,7,1.967678788816853,0.49716,5000,2.195814468242504,0.42857142857142855,833,2.1921548112131917,0.4687,0.9984730041781394,0.0833457455208395,,,0.99,,0.9900107286803723,0.00998927131962768,0.971511865347557,0.09985388325895726,5,0.001,0.1,0.9964012319445962,0.997262612198786,0.9966214571873001,0.996403711231726,0.9968505071961857,0.9973231434348826,0.9964576091343018,1.0,0.9968082631156396,0.9978281844552449,0.9951360469465779,0.9970737260372025
1,8,1.9643956158571183,0.48652,5000,2.1945633711638273,0.4657863145258103,833,2.1921548112131917,0.4687,0.9986298488313843,0.08339542513837313,,,0.99,,0.9900107286803723,0.00998927131962768,0.971511865347557,0.09985388325895726,5,0.001,0.1,0.9964829862017042,0.9974959143620985,0.9967496156506469,0.9966089319951398,0.9979567830865432,0.9967171697619394,0.9962858999449518,0.9968082631156396,1.0,0.9976091636776951,0.9963035064580923,0.9970257483139133
1,9,1.9644744868491106,0.49768,5000,2.187887324227227,0.5090036014405762,833,2.1921548112131917,0.4687,0.9989313046122029,0.08338892015096955,,,0.99,,0.9900107286803723,0.00998927131962768,0.971511865347557,0.09985388325895726,5,0.001,0.1,0.9964171294067724,0.9979970808819465,0.9976246889256022,0.9959297340743799,0.9975743388116884,0.9975209937743578,0.9973264193613084,0.9978281844552449,0.9976091636776951,1.0,0.9965660514720501,0.9972615753208379
1,10,1.9680625168381223,0.44432,5000,2.1931163293344005,0.4921968787515006,833,2.1921548112131917,0.4687,0.9982070663509861,0.08332712973219024,,,0.99,,0.9900107286803723,0.00998927131962768,0.971511865347557,0.09985388325895726,5,0.001,0.1,0.9972144026087411,0.9970242985156338,0.9959951142528706,0.9968794048414125,0.9958758881344316,0.9963380771071105,0.9962683903909357,0.9951360469465779,0.9963035064580923,0.9965660514720501,1.0,0.9973817947835394
1,11,1.9684146455898406,0.43548,5000,2.1988081578855163,0.4669867947178872,833,2.1921548112131917,0.4687,0.998637731299361,0.08338245105384842,,,0.99,,0.9900107286803723,0.00998927131962768,0.971511865347557,0.09985388325895726,5,0.001,0.1,0.9975233257996632,0.9973588395287697,0.9963174182694055,0.9965111218129005,0.9964209471301384,0.9968972383316803,0.9963669741569262,0.9970737260372025,0.9970257483139133,0.9972615753208379,0.9973817947835394,1.0
2,0,1.7738120177748857,0.51456,5000,2.107694043053521,0.5707434052757794,834,2.1119975396238577,0.5447,0.998703823329816,0.08333613687271414,,,0.99,,0.9900107286803723,0.00998927131962768,0.9916699963875678,0.09988163822021578,5,0.001,0.1,1.0,0.997264845746547,0.9970061138740207,0.997749088392392,0.9973715549597664,0.9974251945539521,0.9971843686245677,0.9969373605805834,0.9973531195092713,0.9967395314959606,0.9975958397608307,0.9976344368955724
2,1,1.7579831585003312,0.54508,5000,2.1126090862132885,0.5539568345323741,834,2.1119975396238577,0.5447,0.9989153644906253,0.08330559867845985,,,0.99,,0.9900107286803723,0.00998927131962768,0.9916699963875678,0.09988163822021578,5,0.001,0.1,0.997264845746547,1.0,0.9969543146981088,0.9974815433383493,0.9974728657742025,0.9975816989232361,0.9971917981081004,0.9975360388828683,0.9980890522022903,0.9980943520455352,0.9975196996284184,0.9976107299079608
2,2,1.7797984811151104,0.55044,5000,2.1079717918678567,0.564748201438849,834,2.1119975396238577,0.5447,0.9987368261885523,0.08331480746227037,,,0.99,,0.9900107286803723,0.00998927131962768,0.9916699963875678,0.09988163822021578,5,0.001,0.1,0.9970061138740207,0.9969543146981088,1.0,0.9971363678650755,0.9980865174531555,0.9973786327202993,0.9978399392062666,0.9966881667199915,0.9976876524607329,0.997758343563607,0.996945459910585,0.9971748005488575
2,3,1.7789599702616405,0.53772,5000,2.113859256108602,0.5383693045563549,834,2.1119975396238577,0.5447,0.9987244397451359,0.08324782161095279,,,0.99,,0.9900107286803723,0.00998927131962768,0.9916699963875678,0.09988163822021578,5,0.001,0.1,0.997749088392392,0.9974815433383493,0.9971363678650755,1.0,0.9974372031004859,0.9974542674462717,0.9970693416144008,0.9972894300528986,0.9977850395932296,0.9966593180285833,0.9973652476334041,0.9970857950086182
2,4,1.775751730287151,0.57412,5000,2.1020526356167264,0.5402160864345739,833,2.1119975396238577,0.5447,0.9989638319701309,0.0833441015901099,,,0.99,,0.9900107286803723,0.00998927131962768,0.9916699963875678,0.09988163822021578,5,0.001,0.1,0.9973715549597664,0.9974728657742025,0.9980865174531555,0.9974372031004859,1.0,0.9973615704414517,0.9981852274974305,0.9972630350938042,0.9982077099392841,0.997902789623772,0.9969604382479423,0.9971275831211296
2,5,1.7705190280440506,0.55472,5000,2.112905051973131,0.524609843937575,833,2.1119975396238577,0.5447,0.9988665405605174,0.08333843431707902,,,0.99,,0.9900107286803723,0.00998927131962768,0.9916699963875678,0.09988163822021578,5,0.001,0.1,0.9974251945539521,0.9975816989232361,0.9973786327202993,0.9974542674462717,0.9973615704414517,1.0,0.997410037832108,0.9977343191364578,0.9977531241427005,0.9978695776933275,0.9968632499424868,0.9973789516268067
2,6,1.7774253076808468,0.56016,5000,2.108928433171025,0.5294117647058824,833,2.1119975396238577,0.5447,0.9987718519175088,0.08333932299024457,,,0.99,,0.9900107286803723,0.00998927131962768,0.9916699963875678,0.09988163822021578,5,0.001,0.1,0.9971843686245677,0.9971917981081004,0.9978399392062666,0.9970693416144008,0.9981852274974305,0.997410037832108,1.0,0.997013547398169,0.997484076227486,0.9977390643609134,0.9969578038485838,0.9970001459350684
2,7,1.7739525126803453,0.56236,5000,2.1168891853756375,0.5114045618247299,833,2.1119975396238577,0.5447,0.998613848715677,0.08333440891653718,,,0.99,,0.9900107286803723,0.00998927131962768,0.9916699963875678,0.09988163822021578,5,0.001,0.1,0.9969373605805834,0.9975360388828683,0.9966881667199915,0.9972894300528986,0.9972630350938042,0.9977343191364578,0.997013547398169,1.0,0.9974229853136143,0.9977514976595238,0.9959829736840474,0.9975621458323399
2,8,1.7725008174871943,0.55816,5000,2.1172511047787137,0.5306122448979592,833,2.1119975396238577,0.5447,0.9991393029492676,0.08338182957843775,,,0.99,,0.9900107286803723,0.00998927131962768,0.9916699963875678,0.09988163822021578,5,0.001,0.1,0.9973531195092713,0.9980890522022903,0.9976876524607329,0.9977850395932296,0.9982077099392841,0.9977531241427005,0.997484076227486,0.9974229853136143,1.0,0.9980632594982197,0.9976446509597466,0.9979881610886117
2,9,1.7703825508712963,0.56004,5000,2.1063125928243003,0.5654261704681873,833,2.1119975396238577,0.5447,0.9989635794482296,0.08337216972462967,,,0.99,,0.9900107286803723,0.00998927131962768,0.9916699963875678,0.09988163822021578,5,0.001,0.1,0.9967395314959606,0.9980943520455352,0.997758343563607,0.9966593180285833,0.997902789623772,0.9978695776933275,0.9977390643609134,0.9977514976595238,0.9980632594982197,1.0,0.9971770819206895,0.9976163904925082
2,10,1.7817358606180567,0.5224,5000,2.1122781612254955,0.5690276110444178,833,2.1119975396238577,0.5447,0.9985661926939327,0.0833214560137586,,,0.99,,0.9900107286803723,0.00998927131962768,0.9916699963875678,0.09988163822021578,5,0.001,0.1,0.9975958397608307,0.9975196996284184,0.996945459910585,0.9973652476334041,0.9969604382479423,0.9968632499424868,0.9969578038485838,0.9959829736840474,0.9976446509597466,0.9971770819206895,1.0,0.9975991671776737
2,11,1.7790479755705328,0.52556,5000,2.1193585572419344,0.5378151260504201,833,2.1119975396238577,0.5447,0.9988306277063507,0.08336391224480622,,,0.99,,0.9900107286803723,0.00998927131962768,0.9916699963875678,0.09988163822021578,5,0.001,0.1,0.9976344368955724,0.9976107299079608,0.9971748005488575,0.9970857950086182,0.9971275831211296,0.9973789516268067,0.9970001459350684,0.9975621458323399,0.9979881610886117,0.9976163904925082,0.9975991671776737,1.0
3,0,1.6051571145179166,0.56668,5000,2.0103257717909635,0.6139088729016786,834,2.015528834665926,0.5821,0.9987326482204719,0.08333133465987895,,,0.99,,0.9900107286803723,0.00998927131962768,0.9961634357076178,0.0998847864237482,5,0.001,0.1,1.0,0.9972519793129099,0.997181982297467,0.9976315917709209,0.9975335369155544,0.9974861272444988,0.9974319392963769,0.9971664449142683,0.9974771327143753,0.9965602625350728,0.9976672307486678,0.9975958040323364
3,1,1.5862260319624737,0.58904,5000,2.0166372458140054,0.5911270983213429,834,2.015528834665926,0.5821,0.9988951717801636,0.08331785438545151,,,0.99,,0.9900107286803723,0.00998927131962768,0.9961634357076178,0.0998847864237482,5,0.001,0.1,0.9972519793129099,1.0,0.9974244095791275,0.9973347719294275,0.9976194024799024,0.9975898662645333,0.9974228318254363,0.9973276004884317,0.9980730860017686,0.9979076884189994,0.9975488796521622,0.9974313570270953
3,2,1.611141646136144,0.58532,5000,2.0082129107581244,0.6007194244604317,834,2.015528834665926,0.5821,0.9989195178700367,0.0833242867052739,,,0.99,,0.9900107286803723,0.00998927131962768,0.9961634357076178,0.0998847864237482,5,0.001,0.1,0.997181982297467,0.9974244095791275,1.0,0.997593526377169,0.9981310855996487,0.9977261180620057,0.9977901069911105,0.997114886818121,0.997794940905911,0.9976414299069988,0.997353506530471,0.9974718261556186
3,3,1.6110489145206037,0.57884,5000,2.0171048597053245,0.5839328537170264,834,2.015528834665926,0.5821,0.9987218159392349,0.08327683221482224,,,0.99,,0.9900107286803723,0.00998927131962768,0.9961634357076178,0.0998847864237482,5,0.001,0.1,0.9976315917709209,0.9973347719294275,0.997593526377169,1.0,0.9976077752904562,0.9974791797142327,0.9973944484154019,0.997298057310811,0.9976149303664311,0.9965556054804907,0.9973247510313996,0.9970222610416215
3,4,1.6053464837894318,0.60748,5000,2.0025111348540694,0.5846338535414166,833,2.015528834665926,0.5821,0.9990309107931118,0.08334584410531191,,,0.99,,0.9900107286803723,0.00998927131962768,0.9961634357076178,0.0998847864237482,5,0.001,0.1,0.9975335369155544,0.9976194024799024,0.9981310855996487,0.9976077752904562,1.0,0.997645483956039,0.9981499776333117,0.9974599891156998,0.9980745498952878,0.9977938517594278,0.9973359506156924,0.9972066371839212
3,5,1.5993176306129262,0.58704,5000,2.0164244969685874,0.5702280912364946,833,2.015528834665926,0.5821,0.9988545791494009,0.08333667840999806,,,0.99,,0.9900107286803723,0.00998927131962768,0.9961634357076178,0.0998847864237482,5,0.001,0.1,0.9974861272444988,0.9975898662645333,0.9977261180620057,0.9974791797142327,0.997645483956039,1.0,0.997456466014163,0.9974404264865824,0.9977150679425582,0.9975892379694548,0.9970815684089374,0.9972353939435107
3,6,1.6072409654878508,0.59704,5000,2.0122321535039833,0.5618247298919568,833,2.015528834665926,0.5821,0.9988575050816811,0.08333731775070284,,,0.99,,0.9900107286803723,0.00998927131962768,0.9961634357076178,0.0998847864237482,5,0.001,0.1,0.9974319392963769,0.9974228318254363,0.9977901069911105,0.9973944484154019,0.9981499776333117,0.997456466014163,1.0,0.9973311286875615,0.9975492982197566,0.9973517458969965,0.9974227486985937,0.9971793738497285
3,7,1.6024223541757863,0.59584,5000,2.022364205784268,0.5438175270108043,833,2.015528834665926,0.5821,0.9986949967938731,0.0833290600133351,,,0.99,,0.9900107286803723,0.00998927131962768,0.9961634357076178,0.0998847864237482,5,0.001,0.1,0.9971664449142683,0.9973276004884317,0.997114886818121,0.997298057310811,0.9974599891156998,0.9974404264865824,0.9973311286875615,1.0,0.9972877820249593,0.99775106800855,0.9966830557206096,0.9976714293011347
3,8,1.601552320741544,0.59312,5000,2.0243592306419655,0.5570228091236494,833,2.015528834665926,0.5821,0.9990677532509479,0.08337016702533942,,,0.99,,0.9900107286803723,0.00998927131962768,0.9961634357076178,0.0998847864237482,5,0.001,0.1,0.9974771327143753,0.9980730860017686,0.997794940905911,0.9976149303664311,0.9980745498952878,0.9977150679425582,0.9975492982197566,0.9972877820249593,1.0,0.9976605314599294,0.997821201443423,0.9979304400347354
3,9,1.5979832266546359,0.59184,5000,2.008425575715524,0.6002400960384153,833,2.015528834665926,0.5821,0.9987946499227812,0.08335543011241321,,,0.99,,0.9900107286803723,0.00998927131962768,0.9961634357076178,0.0998847864237482,5,0.001,0.1,0.9965602625350728,0.9979076884189994,0.9976414299069988,0.9965556054804907,0.9977938517594278,0.9975892379694548,0.9973517458969965,0.99775106800855,0.9976605314599294,1.0,0.9972903488181242,0.9976229416205334
3,10,1.6156368805344696,0.5684,5000,2.0143947027347706,0.6074429771908764,833,2.015528834665926,0.5821,0.9987672723808496,0.08332345010599654,,,0.99,,0.9900107286803723,0.00998927131962768,0.9961634357076178,0.0998847864237482,5,0.001,0.1,0.9976672307486678,0.9975488796521622,0.997353506530471,0.9973247510313996,0.9973359506156924,0.9970815684089374,0.9974227486985937,0.9966830557206096,0.997821201443423,0.9972903488181242,1.0,0.9978694502066205
3,11,1.6087792207480995,0.57524,5000,2.023619806324994,0.5702280912364946,833,2.015528834665926,0.5821,0.9988373393669088,0.08335174451147627,,,0.99,,0.9900107286803723,0.00998927131962768,0.9961634357076178,0.0998847864237482,5,0.001,0.1,0.9975958040323364,0.9974313570270953,0.9974718261556186,0.9970222610416215,0.9972066371839212,0.9972353939435107,0.9971793738497285,0.9976714293011347,0.9979304400347354,0.9976229416205334,0.9978694502066205,1.0
4,0,1.464563562080359,0.59992,5000,1.8982994821336534,0.6306954436450839,834,1.90409121193444,0.5988,0.9986075805938273,0.08332960594431585,,,0.99,,0.9900107286803723,0.00998927131962768,0.9976168947626591,0.09986850880769589,5,0.001,0.1,1.0,0.9966444018088622,0.9968125220552486,0.9973412077711561,0.9970403876249572,0.9973103550276042,0.997199918411713,0.9970543956925245,0.9969617700269177,0.9963897995060993,0.9973642035982052,0.9974155753415243
4,1,1.4434434069949351,0.61508,5000,1.905766107417919,0.6019184652278178,834,1.90409121193444,0.5988,0.9986944564560445,0.08332414350744932,,,0.99,,0.9900107286803723,0.00998927131962768,0.9976168947626591,0.09986850880769589,5,0.001,0.1,0.9966444018088622,1.0,0.9972607612359796,0.9969975578423971,0.9974664523951768,0.997128873786913,0.9968794584703051,0.996943251339939,0.9976550900534913,0.9976538868536475,0.9968972907886057,0.9970483473241635
4,2,1.468287401442315,0.61264,5000,1.8931149023550529,0.6199040767386091,834,1.90409121193444,0.5988,0.998804963328153,0.08333165445786465,,,0.99,,0.9900107286803723,0.00998927131962768,0.9976168947626591,0.09986850880769589,5,0.001,0.1,0.9968125220552486,0.9972607612359796,1.0,0.9973420010351636,0.9979237271752793,0.9974391642975023,0.9974648174960273,0.9966784312965652,0.9973851403414601,0.9974139894409773,0.9969621682129924,0.9972170447770052
4,3,1.4709982364800325,0.60604,5000,1.9054728039988764,0.5971223021582733,834,1.90409121193444,0.5988,0.9986301530383114,0.08329691272260772,,,0.99,,0.9900107286803723,0.00998927131962768,0.9976168947626591,0.09986850880769589,5,0.001,0.1,0.9973412077711561,0.9969975578423971,0.9973420010351636,1.0,0.997241355782873,0.9974427087266153,0.9973196050710624,0.9969808583278066,0.9976410270517295,0.9958426343485739,0.9969378737468639,0.9967199855631269
4,4,1.4637877550094751,0.62712,5000,1.887653355245237,0.602641056422569,833,1.90409121193444,0.5988,0.9988570031220569,0.08334655334437703,,,0.99,,0.9900107286803723,0.00998927131962768,0.9976168947626591,0.09986850880769589,5,0.001,0.1,0.9970403876249572,0.9974664523951768,0.9979237271752793,0.997241355782873,1.0,0.9972543944604142,0.9976444684177046,0.9970436980373703,0.9976927943296758,0.9975432295630937,0.9968548661998208,0.9968174110399858
4,5,1.4559973696994175,0.61144,5000,1.9047883130885936,0.581032412965186,833,1.90409121193444,0.5988,0.9986782460132287,0.08333516350443061,,,0.99,,0.9900107286803723,0.00998927131962768,0.9976168947626591,0.09986850880769589,5,0.001,0.1,0.9973103550276042,0.997128873786913,0.9974391642975023,0.9974427087266153,0.9972543944604142,1.0,0.9970690588751564,0.997054044766544,0.9973620321982234,0.9968636130133399,0.9966116047469109,0.9968453192880257
4,6,1.4662543141158524,0.6214,5000,1.90046371795513,0.581032412965186,833,1.90409121193444,0.5988,0.9986729355189842,0.0833353841644599,,,0.99,,0.9900107286803723,0.00998927131962768,0.9976168947626591,0.09986850880769589,5,0.001,0.1,0.997199918411713,0.9968794584703051,0.9974648174960273,0.9973196050710624,0.9976444684177046,0.9970690588751564,1.0,0.9969955082795572,0.997092387785442,0.9968039958417215,0.9969775220211947,0.9968707459881461
4,7,1.457200622103017,0.621,5000,1.9136920460948237,0.5678271308523409,833,1.90409121193444,0.5988,0.998543538896269,0.08332614418288047,,,0.99,,0.9900107286803723,0.00998927131962768,0.9976168947626591,0.09986850880769589,5,0.001,0.1,0.9970543956925245,0.996943251339939,0.9966784312965652,0.9969808583278066,0.9970436980373703,0.997054044766544,0.9969955082795572,1.0,0.9968431137542061,0.9972432247605505,0.9966593307210183,0.9972708614440329
4,8,1.4580164619312166,0.61792,5000,1.917005115085178,0.5678271308523409,833,1.90409121193444,0.5988,0.9988729785700927,0.08336198413175121,,,0.99,,0.9900107286803723,0.00998927131962768,0.9976168947626591,0.09986850880769589,5,0.001,0.1,0.9969617700269177,0.9976550900534913,0.9973851403414601,0.9976410270517295,0.9976927943296758,0.9973620321982234,0.997092387785442,0.9968431137542061,1.0,0.9971088707504535,0.9974698411429934,0.997501791911775
4,9,1.4540319391116974,0.61664,5000,1.8955218924416437,0.617046818727491,833,1.90409121193444,0.5988,0.9985783770718961,0.08334343911682357,,,0.99,,0.9900107286803723,0.00998927131962768,0.9976168947626591,0.09986850880769589,5,0.001,0.1,0.9963897995060993,0.9976538868536475,0.9974139894409773,0.9958426343485739,0.9975432295630937,0.9968636130133399,0.9968039958417215,0.9972432247605505,0.9971088707504535,1.0,0.9970066125136204,0.9973127782209809
4,10,1.477331409408788,0.59784,5000,1.90098034452509,0.6326530612244898,833,1.90409121193444,0.5988,0.9985870758752387,0.08332410923547441,,,0.99,,0.9900107286803723,0.00998927131962768,0.9976168947626591,0.09986850880769589,5,0.001,0.1,0.9973642035982052,0.9968972907886057,0.9969621682129924,0.9969378737468639,0.9968548661998208,0.9966116047469109,0.9969775220211947,0.9966593307210183,0.9974698411429934,0.9970066125136204,1.0,0.9975471578936894
4,11,1.465467782157242,0.6078,5000,1.9129983893147222,0.5858343337334934,833,1.90409121193444,0.5988,0.9986938440418933,0.08334490568756521,,,0.99,,0.9900107286803723,0.00998927131962768,0.9976168947626591,0.09986850880769589,5,0.001,0.1,0.9974155753415243,0.9970483473241635,0.9972170447770052,0.9967199855631269,0.9968174110399858,0.9968453192880257,0.9968707459881461,0.9972708614440329,0.997501791911775,0.9973127782209809,0.9975471578936894,1.0
5,0,1.347392245994252,0.62352,5000,1.7744649957727503,0.6522781774580336,834,1.7807721927904854,0.6169,0.9983667148423596,0.08332811995131413,,,0.99,,0.9900107286803723,0.00998927131962768,0.9981453226759662,0.09984574078601538,5,0.001,0.1,1.0,0.9963791778396638,0.9962124810221049,0.9967116646340813,0.9964597299710969,0.996866352931447,0.9965087086660552,0.9968025808988796,0.9957620024683543,0.9962359418758165,0.9969989445619831,0.9969828057653181
5,1,1.3227167961703743,0.63912,5000,1.7830247658270377,0.6223021582733813,834,1.7807721927904854,0.6169,0.9984232281177818,0.08332659410389238,,,0.99,,0.9900107286803723,0.00998927131962768,0.9981453226759662,0.09984574078601538,5,0.001,0.1,0.9963791778396638,1.0,0.9965900312259436,0.9960280103361479,0.996593208901939,0.9964272262355865,0.9963954601794341,0.996760882836175,0.9967712187060245,0.9973954891848004,0.9966173364105341,0.9966389138724325
5,2,1.3491250190005941,0.63096,5000,1.765838000509474,0.6402877697841727,834,1.7807721927904854,0.6169,0.9986018677013162,0.0833369663504267,,,0.99,,0.9900107286803723,0.00998927131962768,0.9981453226759662,0.09984574078601538,5,0.001,0.1,0.9962124810221049,0.9965900312259436,1.0,0.9969794623631871,0.9973268564589993,0.9970379729858195,0.9972193918389074,0.9962514972869061,0.9969238079251893,0.9970655816919604,0.996449281427476,0.9966808295928172
5,3,1.352303571382146,0.62596,5000,1.782100240389506,0.6127098321342925,834,1.7807721927904854,0.6169,0.9982905363491964,0.08330561135895224,,,0.99,,0.9900107286803723,0.00998927131962768,0.9981453226759662,0.09984574078601538,5,0.001,0.1,0.9967116646340813,0.9960280103361479,0.9969794623631871,1.0,0.9966849659775151,0.9967272613797391,0.996906058002057,0.9962030570688116,0.9967685723056078,0.9957778070385701,0.9964544106110541,0.9957673795084843
5,4,1.3461913491510282,0.64744,5000,1.7605081620039764,0.6194477791116446,833,1.7807721927904854,0.6169,0.9986237029853613,0.08334680816688161,,,0.99,,0.9900107286803723,0.00998927131962768,0.9981453226759662,0.09984574078601538,5,0.001,0.1,0.9964597299710969,0.996593208901939,0.9973268564589993,0.9966849659775151,1.0,0.9968965172263121,0.9971426396298733,0.9968878452787833,0.997059076699527,0.9970287422685592,0.9964793340658402,0.996439356753367
5,5,1.3373154484542311,0.63168,5000,1.7811272100166038,0.5990396158463386,833,1.7807721927904854,0.6169,0.9984288710468904,0.08333353446986627,,,0.99,,0.9900107286803723,0.00998927131962768,0.9981453226759662,0.09984574078601538,5,0.001,0.1,0.996866352931447,0.9964272262355865,0.9970379729858195,0.9967272613797391,0.9968965172263121,1.0,0.9965646762096512,0.9966206445748294,0.9966478408809927,0.9964089491598048,0.9962245965305726,0.9962425012647164
5,6,1.3491175542211837,0.6382,5000,1.7772141165203519,0.602641056422569,833,1.7807721927904854,0.6169,0.9984719722528564,0.08333506098612228,,,0.99,,0.9900107286803723,0.00998927131962768,0.9981453226759662,0.09984574078601538,5,0.001,0.1,0.9965087086660552,0.9963954601794341,0.9972193918389074,0.996906058002057,0.9971426396298733,0.9965646762096512,1.0,0.9965025129521918,0.9964364854152362,0.9966549285922622,0.9966075826952382,0.9962426008256537
5,7,1.3361646232331634,0.64108,5000,1.7934588988622029,0.5846338535414166,833,1.7807721927904854,0.6169,0.9984318988495319,0.08332810092511107,,,0.99,,0.9900107286803723,0.00998927131962768,0.9981453226759662,0.09984574078601538,5,0.001,0.1,0.9968025808988796,0.996760882836175,0.9962514972869061,0.9962030570688116,0.9968878452787833,0.9966206445748294,0.9965025129521918,1.0,0.9959371396695768,0.9971657869441658,0.99650443272258,0.9970646635376514
5,8,1.340496538019484,0.63496,5000,1.7984209855397542,0.5906362545018007,833,1.7807721927904854,0.6169,0.9983939180020203,0.08334885454938,,,0.99,,0.9900107286803723,0.00998927131962768,0.9981453226759662,0.09984574078601538,5,0.001,0.1,0.9957620024683543,0.9967712187060245,0.9969238079251893,0.9967685723056078,0.997059076699527,0.9966478408809927,0.9964364854152362,0.9959371396695768,1.0,0.996719919915975,0.9965747083375376,0.9966437672224612
5,9,1.3349823754304533,0.63772,5000,1.7709872016200312,0.6254501800720288,833,1.7807721927904854,0.6169,0.9985757689953311,0.08334335112471987,,,0.99,,0.9900107286803723,0.00998927131962768,0.9981453226759662,0.09984574078601538,5,0.001,0.1,0.9962359418758165,0.9973954891848004,0.9970655816919604,0.9957778070385701,0.9970287422685592,0.9964089491598048,0.9966549285922622,0.9971657869441658,0.996719919915975,1.0,0.9969313517143625,0.9970393714938844
5,10,1.361358469610761,0.62164,5000,1.7749848189177337,0.6458583433373349,833,1.7807721927904854,0.6169,0.998444359173728,0.08332725514017936,,,0.99,,0.9900107286803723,0.00998927131962768,0.9981453226759662,0.09984574078601538,5,0.001,0.1,0.9969989445619831,0.9966173364105341,0.996449281427476,0.9964544106110541,0.9964793340658402,0.9962245965305726,0.9966075826952382,0.99650443272258,0.9965747083375376,0.9969313517143625,1.0,0.9970084371258401
5,11,1.345312804629089,0.63356,5000,1.7904311330230147,0.6074429771908764,833,1.7807721927904854,0.6169,0.998436115145213,0.08333974287315409,,,0.99,,0.9900107286803723,0.00998927131962768,0.9981453226759662,0.09984574078601538,5,0.001,0.1,0.9969828057653181,0.9966389138724325,0.9966808295928172,0.9957673795084843,0.996439356753367,0.9962425012647164,0.9962426008256537,0.9970646635376514,0.9966437672224612,0.9970393714938844,0.9970084371258401,1.0
6,0,1.2484421761172593,0.64304,5000,1.6435445812013414,0.6666666666666666,834,1.6503992358716533,0.6348,0.9983646967645596,0.08333432516630465,,,0.99,,0.9900107286803723,0.00998927131962768,0.9981761852796699,0.09982349231873032,5,0.001,0.1,1.0,0.9961923948236181,0.9962532758647044,0.996397732231014,0.9966109324482892,0.996669181210082,0.9963632898215452,0.996408598936182,0.9954961651298492,0.996146890452742,0.9961912199909816,0.9965007461560128
6,1,1.2218851873829106,0.65568,5000,1.653133714640582,0.6438848920863309,834,1.6503992358716533,0.6348,0.9982409336929059,0.08332939424325475,,,0.99,,0.9900107286803723,0.00998927131962768,0.9981761852796699,0.09982349231873032,5,0.001,0.1,0.9961923948236181,1.0,0.9961175656302724,0.9958809010778871,0.9962647965617673,0.9959692765029525,0.9957267120044968,0.9964874729605011,0.996071221841734,0.9970405114233766,0.9958052876936928,0.9961915113514892
6,2,1.2496500350867108,0.64896,5000,1.6315450447577018,0.6486810551558753,834,1.6503992358716533,0.6348,0.9984202472315055,0.08334154403575483,,,0.99,,0.9900107286803723,0.00998927131962768,0.9981761852796699,0.09982349231873032,5,0.001,0.1,0.9962532758647044,0.9961175656302724,1.0,0.9964662608920264,0.9969237031113335,0.9965144984605148,0.9965484832615034,0.9960738145156381,0.9958937917658034,0.9966213620500755,0.9961695888780844,0.9963129368601933
6,3,1.2551416744851762,0.64316,5000,1.651951339509752,0.6282973621103117,834,1.6503992358716533,0.6348,0.9981013183485393,0.08331201825812684,,,0.99,,0.9900107286803723,0.00998927131962768,0.9981761852796699,0.09982349231873032,5,0.001,0.1,0.996397732231014,0.9958809010778871,0.9964662608920264,1.0,0.9963250168025044,0.9960031955648243,0.9964438609466125,0.995813373133718,0.9960643452081196,0.9956742852719818,0.9956963615983007,0.9953110857982237
6,4,1.246098365981108,0.6624,5000,1.6263109158586573,0.6362545018007203,833,1.6503992358716533,0.6348,0.9984707739458859,0.08334921124950567,,,0.99,,0.9900107286803723,0.00998927131962768,0.9981761852796699,0.09982349231873032,5,0.001,0.1,0.9966109324482892,0.9962647965617673,0.9969237031113335,0.9963250168025044,1.0,0.9961445564317322,0.9965558148208689,0.9965844929673706,0.9963854089396214,0.9968371933894956,0.9960188166608089,0.9958493638072531
6,5,1.2384484531013829,0.64792,5000,1.6502901006627966,0.6122448979591837,833,1.6503992358716533,0.6348,0.9980626634786047,0.08332789634042002,,,0.99,,0.9900107286803723,0.00998927131962768,0.9981761852796699,0.09982349231873032,5,0.001,0.1,0.996669181210082,0.9959692765029525,0.9965144984605148,0.9960031955648243,0.9961445564317322,1.0,0.9956573534737576,0.9959929738728711,0.9957125224694097,0.9960703494578722,0.9954451078552375,0.9954330929454049
6,6,1.2489205924568663,0.65428,5000,1.6472499723787661,0.6254501800720288,833,1.6503992358716533,0.6348,0.998172825226954,0.08333238862133015,,,0.99,,0.9900107286803723,0.00998927131962768,0.9981761852796699,0.09982349231873032,5,0.001,0.1,0.9963632898215452,0.9957267120044968,0.9965484832615034,0.9964438609466125,0.9965558148208689,0.9956573534737576,1.0,0.996207451287247,0.9953799713618541,0.9961238586848814,0.9961840395127606,0.9957409397421474
6,7,1.235409410364309,0.65824,5000,1.6665826461933277,0.6122448979591837,833,1.6503992358716533,0.6348,0.9982610880417585,0.08333096899508786,,,0.99,,0.9900107286803723,0.00998927131962768,0.9981761852796699,0.09982349231873032,5,0.001,0.1,0.996408598936182,0.9964874729605011,0.9960738145156381,0.995813373133718,0.9965844929673706,0.9959929738728711,0.996207451287247,1.0,0.9952416660662519,0.9970673424087692,0.9957059615728427,0.9964059242811384
6,8,1.2394921810763657,0.65228,5000,1.6729705422012895,0.6062424969987995,833,1.6503992358716533,0.6348,0.9979883764167596,0.08333489449128281,,,0.99,,0.9900107286803723,0.00998927131962768,0.9981761852796699,0.09982349231873032,5,0.001,0.1,0.9954961651298492,0.996071221841734,0.9958937917658034,0.9960643452081196,0.9963854089396214,0.9957125224694097,0.9953799713618541,0.9952416660662519,1.0,0.9965826338497537,0.996145399193248,0.9957481905538121
6,9,1.235656921271306,0.65616,5000,1.6398131803230003,0.6494597839135654,833,1.6503992358716533,0.6348,0.9985333626164209,0.08334911133831997,,,0.99,,0.9900107286803723,0.00998927131962768,0.9981761852796699,0.09982349231873032,5,0.001,0.1,0.996146890452742,0.9970405114233766,0.9966213620500755,0.9956742852719818,0.9968371933894956,0.9960703494578722,0.9961238586848814,0.9970673424087692,0.9965826338497537,1.0,0.9963226349819032,0.9967626882581724
6,10,1.264921528290791,0.63804,5000,1.6412163840399847,0.6626650660264105,833,1.6503992358716533,0.6348,0.998077455598347,0.08332452257900233,,,0.99,,0.9900107286803723,0.00998927131962768,0.9981761852796699,0.09982349231873032,5,0.001,0.1,0.9961912199909816,0.9958052876936928,0.9961695888780844,0.9956963615983007,0.9960188166608089,0.9954451078552375,0.9961840395127606,0.9957059615728427,0.996145399193248,0.9963226349819032,1.0,0.9961049243993705
6,11,1.2445203381738845,0.65068,5000,1.6608594920900133,0.6254501800720288,833,1.6503992358716533,0.6348,0.998125258942942,0.0833337246816103,,,0.99,,0.9900107286803723,0.00998927131962768,0.9981761852796699,0.09982349231873032,5,0.001,0.1,0.9965007461560128,0.9961915113514892,0.9963129368601933,0.9953110857982237,0.9958493638072531,0.9954330929454049,0.9957409397421474,0.9964059242811384,0.9957481905538121,0.9967626882581724,0.9961049243993705,1.0
7,0,1.1620452424523178,0.6586,5000,1.5109455894540857,0.6834532374100719,834,1.5180314809750444,0.6535,0.9980857296234229,0.08333767006877608,,,0.99,,0.9900107286803723,0.00998927131962768,0.9981890126380398,0.09979702450166275,5,0.001,0.1,1.0,0.9953822875495602,0.9955483717158503,0.9962072018611846,0.9958773651212512,0.9957527320270146,0.9961461395169049,0.9956257793715304,0.995127047608342,0.9956313793091641,0.9957787161900542,0.9956413987175207
7,1,1.1369031546222177,0.67244,5000,1.5210375609221283,0.6654676258992805,834,1.5180314809750444,0.6535,0.9978094035080661,0.08332572475889002,,,0.99,,0.9900107286803723,0.00998927131962768,0.9981890126380398,0.09979702450166275,5,0.001,0.1,0.9953822875495602,1.0,0.9950217196785359,0.9955060078587169,0.9954881660902274,0.9950523241638298,0.994859132024979,0.9955556556879637,0.9959928772457963,0.9962809635855541,0.9953090719611334,0.9949610014294487
7,2,1.16525986870383,0.66348,5000,1.4956576338520757,0.6642685851318945,834,1.5180314809750444,0.6535,0.9980022650210586,0.08333940349259462,,,0.99,,0.9900107286803723,0.00998927131962768,0.9981890126380398,0.09979702450166275,5,0.001,0.1,0.9955483717158503,0.9950217196785359,1.0,0.9961119935175123,0.9960506651568826,0.995751575305743,0.9957961925562256,0.9951482942964114,0.9955309098462226,0.9958816893409812,0.9955551504747872,0.9953217596374695
