round,client_id,client_i_training_loss,client_i_training_accuracy,client_i_training_dataset_size,client_i_evaluation_loss,client_i_evaluation_accuracy,client_i_evaluation_dataset_size,client_i_central_evaluation_loss,client_i_central_evaluation_accuracy,client_i_cosine_similarity,client_i_importance_coefficient,client_i_tanh_val,tanh_normalization_value,client_i_q,client_i_mask_order,client_i_v_nonzero_fraction,client_i_v_sparsity,client_i_v_cosine_similarity,client_i_reward_gradient_norm,local_epochs,learning_rate,gamma,client_0_cosine_similarity,client_1_cosine_similarity,client_2_cosine_similarity,client_3_cosine_similarity,client_4_cosine_similarity,client_5_cosine_similarity,client_6_cosine_similarity,client_7_cosine_similarity,client_8_cosine_similarity,client_9_cosine_similarity,client_10_cosine_similarity,client_11_cosine_similarity
0,0,2.1937421788075926,0.29076,5000,2.2627126199227794,0.2170263788968825,834,2.257688368471286,0.2224,0.9963056854026827,0.08337182275048546,,,0.95,,0.95001498149061,0.04998501850938997,0,0.09958452466886668,5,0.001,0.1,1.0,0.9918986171743727,0.9868920523476188,0.9904381926376349,0.9928001833456327,0.9934260579997164,0.9929495047187672,0.9914143311821567,0.9920619781412432,0.9951705018877269,0.9868332500271926,0.9921164955005674
0,1,2.1926733059488286,0.29496,5000,2.2548939916822643,0.26019184652278177,834,2.257688368471286,0.2224,0.9976658899104391,0.08348564597842302,,,0.95,,0.95001498149061,0.04998501850938997,0,0.09958452466886668,5,0.001,0.1,0.9918986171743727,1.0,0.990822175393883,0.9888691788875745,0.9921335437058817,0.9900813043074976,0.9924802899986963,0.9953872699326851,0.9949897826458062,0.9961608824910853,0.9952106608618366,0.9942221059074344
0,2,2.192332471859683,0.29148,5000,2.2627231898131193,0.2014388489208633,834,2.257688368471286,0.2224,0.9937161591331798,0.08315512868930336,,,0.95,,0.95001498149061,0.04998501850938997,0,0.09958452466886668,5,0.001,0.1,0.9868920523476188,0.990822175393883,1.0,0.9879969645343262,0.9894477628632312,0.9855396794884625,0.991266760498165,0.9857726140402684,0.9897922259011809,0.9898873500704439,0.9901887472332033,0.987449607299422
0,3,2.190976770516414,0.37616,5000,2.2585608252772578,0.22541966426858512,834,2.257688368471286,0.2224,0.9937530025727879,0.08315821178394141,,,0.95,,0.95001498149061,0.04998501850938997,0,0.09958452466886668,5,0.001,0.1,0.9904381926376349,0.9888691788875745,0.9879969645343262,1.0,0.9914272709984061,0.9860233278669163,0.9850240568369425,0.992008473009655,0.9910481677104066,0.9894425531371348,0.9855843122819319,0.9876337275519605
0,4,2.1925341657772184,0.29344,5000,2.2552454471588135,0.22088835534213686,833,2.257688368471286,0.2224,0.9966944321079378,0.08340435345053088,,,0.95,,0.95001498149061,0.04998501850938997,0,0.09958452466886668,5,0.001,0.1,0.9928001833456327,0.9921335437058817,0.9894477628632312,0.9914272709984061,1.0,0.9917464543792004,0.9914998893632044,0.9914569878646443,0.9942737085722941,0.99458266890584,0.989083704775645,0.9921945703178217
0,5,2.1904081002921814,0.27116,5000,2.257693723396019,0.21248499399759904,833,2.257688368471286,0.2224,0.9940734199907182,0.08318502462317866,,,0.95,,0.95001498149061,0.04998501850938997,0,0.09958452466886668,5,0.001,0.1,0.9934260579997164,0.9900813043074976,0.9855396794884625,0.9860233278669163,0.9917464543792004,1.0,0.9894398752548669,0.9886364835088708,0.9881098792528755,0.99380782409479,0.9820754798443481,0.9904388939737602
0,6,2.192038870465224,0.27868,5000,2.26194464718854,0.24009603841536614,833,2.257688368471286,0.2224,0.9955564265433643,0.08330912404492896,,,0.95,,0.95001498149061,0.04998501850938997,0,0.09958452466886668,5,0.001,0.1,0.9929495047187672,0.9924802899986963,0.991266760498165,0.9850240568369425,0.9914998893632044,0.9894398752548669,1.0,0.9885193287174815,0.9916212524164114,0.992851787350281,0.9911459090470693,0.9902487544189221
0,7,2.192103112882869,0.32664,5000,2.2502112918429904,0.2304921968787515,833,2.257688368471286,0.2224,0.9962510286337195,0.0833672490192292,,,0.95,,0.95001498149061,0.04998501850938997,0,0.09958452466886668,5,0.001,0.1,0.9914143311821567,0.9953872699326851,0.9857726140402684,0.992008473009655,0.9914569878646443,0.9886364835088708,0.9885193287174815,1.0,0.9928669645153739,0.994715980640925,0.9910619122123382,0.9935076636129742
0,8,2.1936571784839507,0.30348,5000,2.259751558303833,0.18847539015606243,833,2.257688368471286,0.2224,0.9970484067812458,0.08343397439333344,,,0.95,,0.95001498149061,0.04998501850938997,0,0.09958452466886668,5,0.001,0.1,0.9920619781412432,0.9949897826458062,0.9897922259011809,0.9910481677104066,0.9942737085722941,0.9881098792528755,0.9916212524164114,0.9928669645153739,1.0,0.9943061755539361,0.9928822092863869,0.9929244519727075
0,9,2.1912564710446985,0.28896,5000,2.2497621289005987,0.23769507803121248,833,2.257688368471286,0.2224,0.9981311498562839,0.08352457938039613,,,0.95,,0.95001498149061,0.04998501850938997,0,0.09958452466886668,5,0.001,0.1,0.9951705018877269,0.9961608824910853,0.9898873500704439,0.9894425531371348,0.99458266890584,0.99380782409479,0.992851787350281,0.994715980640925,0.9943061755539361,1.0,0.9920076741912012,0.9948823383212166
0,10,2.192935619080902,0.30484,5000,2.2591837777031794,0.22328931572629052,833,2.257688368471286,0.2224,0.9946588246332874,0.08323401184950154,,,0.95,,0.95001498149061,0.04998501850938997,0,0.09958452466886668,5,0.001,0.1,0.9868332500271926,0.9952106608618366,0.9901887472332033,0.9855843122819319,0.989083704775645,0.9820754798443481,0.9911459090470693,0.9910619122123382,0.9928822092863869,0.9920076741912012,1.0,0.990247073976085
0,11,2.1965959070594447,0.29892,5000,2.2662656660433167,0.2112845138055222,833,2.257688368471286,0.2224,0.9962943481323776,0.0833708740367481,,,0.95,,0.95001498149061,0.04998501850938997,0,0.09958452466886668,5,0.001,0.1,0.9921164955005674,0.9942221059074344,0.987449607299422,0.9876337275519605,0.9921945703178217,0.9904388939737602,0.9902487544189221,0.9935076636129742,0.9929244519727075,0.9948823383212166,0.990247073976085,1.0
1,0,2.0328230371900426,0.46124,5000,2.2072479724884033,0.30935251798561153,834,2.2006833720892764,0.3318,0.9984440259779079,0.0833635872637118,,,0.95,,0.95001498149061,0.04998501850938997,0.9603019907994449,0.09982384812939639,5,0.001,0.1,1.0,0.9959130786848639,0.9963379817462354,0.997028336864929,0.9966961874325891,0.9967356126691432,0.9970193305304508,0.9962737154122493,0.996580922469457,0.997509787526318,0.9935883336303627,0.9965364871358681
1,1,2.0302210970289387,0.4492,5000,2.1966643156828702,0.36810551558752996,834,2.2006833720892764,0.3318,0.9986889039090746,0.08344130217918556,,,0.95,,0.95001498149061,0.04998501850938997,0.9603019907994449,0.09982384812939639,5,0.001,0.1,0.9959130786848639,1.0,0.9973270010427439,0.9958072543075006,0.9963263290074651,0.9941704681641015,0.9965426786913368,0.9979566307058305,0.9972626978458498,0.9976309290577735,0.9971047559227741,0.9971030376625495
1,2,2.0295529960826704,0.4412,5000,2.205228231571339,0.31654676258992803,834,2.2006833720892764,0.3318,0.9985835518314358,0.08323518803663661,,,0.95,,0.95001498149061,0.04998501850938997,0.9603019907994449,0.09982384812939639,5,0.001,0.1,0.9963379817462354,0.9973270010427439,1.0,0.9959083436734912,0.9965512850472226,0.9949655308086103,0.9985778220493639,0.9961840196490469,0.9966141343056456,0.9972389186403736,0.9966859937886346,0.9955068885800459
1,3,2.020824899339372,0.491,5000,2.2007875354201705,0.3249400479616307,834,2.2006833720892764,0.3318,0.9978843504868886,0.08321450868929672,,,0.95,,0.95001498149061,0.04998501850938997,0.9603019907994449,0.09982384812939639,5,0.001,0.1,0.997028336864929,0.9958072543075006,0.9959083436734912,1.0,0.9966301436134869,0.9948888880536649,0.9959694182561164,0.9964366710185247,0.9964930977548416,0.9961230865572391,0.993516340348208,0.994721228120767
1,4,2.029330981005529,0.46076,5000,2.1974951691097684,0.3205282112845138,833,2.2006833720892764,0.3318,0.9984749755985384,0.08338453809863557,,,0.95,,0.95001498149061,0.04998501850938997,0.9603019907994449,0.09982384812939639,5,0.001,0.1,0.9966961874325891,0.9963263290074651,0.9965512850472226,0.9966301436134869,1.0,0.9959165606716122,0.9968562076300242,0.9962675927192549,0.997218999521406,0.9969546372622973,0.994507544840726,0.9966626413560195
1,5,2.029953582423508,0.44012,5000,2.200484072720563,0.3385354141656663,833,2.2006833720892764,0.3318,0.9969923622704638,0.0832021601294539,,,0.95,,0.95001498149061,0.04998501850938997,0.9603019907994449,0.09982384812939639,5,0.001,0.1,0.9967356126691432,0.9941704681641015,0.9949655308086103,0.9948888880536649,0.9959165606716122,1.0,0.9959736196057007,0.9940177219753116,0.9942502139634118,0.9964303379922582,0.9915483035221365,0.9939416147159768
1,6,2.03329552860017,0.43716,5000,2.207317837962398,0.33613445378151263,833,2.2006833720892764,0.3318,0.9986622765662667,0.08333217794432737,,,0.95,,0.95001498149061,0.04998501850938997,0.9603019907994449,0.09982384812939639,5,0.001,0.1,0.9970193305304508,0.9965426786913368,0.9985778220493639,0.9959694182561164,0.9968562076300242,0.9959736196057007,1.0,0.9958505237561873,0.9967044117944949,0.9974879438691426,0.9962885353689708,0.9955695673947411
1,7,2.0263950956854853,0.48148,5000,2.1921977643613464,0.3505402160864346,833,2.2006833720892764,0.3318,0.9983939336891657,0.08335916511275533,,,0.95,,0.95001498149061,0.04998501850938997,0.9603019907994449,0.09982384812939639,5,0.001,0.1,0.9962737154122493,0.9979566307058305,0.9961840196490469,0.9964366710185247,0.9962675927192549,0.9940177219753116,0.9958505237561873,1.0,0.9965938188249872,0.9976016331346838,0.995272572962658,0.9971564121449374
1,8,2.0320779686520813,0.47168,5000,2.2043841856497304,0.31092436974789917,833,2.2006833720892764,0.3318,0.998470772396504,0.08340256958085533,,,0.95,,0.95001498149061,0.04998501850938997,0.9603019907994449,0.09982384812939639,5,0.001,0.1,0.996580922469457,0.9972626978458498,0.9966141343056456,0.9964930977548416,0.997218999521406,0.9942502139634118,0.9967044117944949,0.9965938188249872,1.0,0.9970595952596125,0.99519815792173,0.996556417735363
1,9,2.02975727236195,0.44636,5000,2.1927558492731163,0.3673469387755102,833,2.2006833720892764,0.3318,0.9990460728125676,0.08347671031373988,,,0.95,,0.95001498149061,0.04998501850938997,0.9603019907994449,0.09982384812939639,5,0.001,0.1,0.997509787526318,0.9976309290577735,0.9972389186403736,0.9961230865572391,0.9969546372622973,0.9964303379922582,0.9974879438691426,0.9976016331346838,0.9970595952596125,1.0,0.9961519420403501,0.9972361132300243
1,10,2.029544552268496,0.43984,5000,2.2030010929814092,0.33133253301320525,833,2.2006833720892764,0.3318,0.9971429352043021,0.083237065556405,,,0.95,,0.95001498149061,0.04998501850938997,0.9603019907994449,0.09982384812939639,5,0.001,0.1,0.9935883336303627,0.9971047559227741,0.9966859937886346,0.993516340348208,0.994507544840726,0.9915483035221365,0.9962885353689708,0.995272572962658,0.99519815792173,0.9961519420403501,1.0,0.9947719029266475
1,11,2.0371068726679322,0.44384,5000,2.2092464058487504,0.30732292917166865,833,2.2006833720892764,0.3318,0.9980729518669912,0.08335102709499698,,,0.95,,0.95001498149061,0.04998501850938997,0.9603019907994449,0.09982384812939639,5,0.001,0.1,0.9965364871358681,0.9971030376625495,0.9955068885800459,0.994721228120767,0.9966626413560195,0.9939416147159768,0.9955695673947411,0.9971564121449374,0.996556417735363,0.9972361132300243,0.9947719029266475,1.0
2,0,1.8336873201807593,0.5586,5000,2.1357599894205728,0.4052757793764988,834,2.1275276284629165,0.4216,0.9988543816812526,0.08335189100213694,,,0.95,,0.95001498149061,0.04998501850938997,0.9861842505403347,0.0998854287944604,5,0.001,0.1,1.0,0.9974065417071029,0.9975134652504482,0.997976688259175,0.9974211753419671,0.9975160345301969,0.9978513884245951,0.9973150931535655,0.9978633983157843,0.9977516599321307,0.9962093469156645,0.9976945407829944
2,1,1.833029865459272,0.53988,5000,2.121749197995221,0.42565947242206237,834,2.1275276284629165,0.4216,0.9991167597641811,0.08340801142561935,,,0.95,,0.95001498149061,0.04998501850938997,0.9861842505403347,0.0998854287944604,5,0.001,0.1,0.9974065417071029,1.0,0.9979678218654854,0.9975877276113875,0.997540900815369,0.9965196396535312,0.9980294782719066,0.9983522483389351,0.998173888471259,0.9984307970928203,0.997859256929028,0.9977920220028507
2,2,1.8313737460762072,0.53644,5000,2.1316412819756403,0.39568345323741005,834,2.1275276284629165,0.4216,0.9988100845597648,0.08327173020729851,,,0.95,,0.95001498149061,0.04998501850938997,0.9861842505403347,0.0998854287944604,5,0.001,0.1,0.9975134652504482,0.9979678218654854,1.0,0.9973627110060767,0.9973141671797179,0.9959338126132115,0.9986944381211843,0.9972932519199166,0.9976277075593244,0.99772080100643,0.9978008967105483,0.9967614108620568
2,3,1.8154533342191368,0.56888,5000,2.1264353504887334,0.44004796163069543,834,2.1275276284629165,0.4216,0.9988743458884232,0.08326112401035977,,,0.95,,0.95001498149061,0.04998501850938997,0.9861842505403347,0.0998854287944604,5,0.001,0.1,0.997976688259175,0.9975877276113875,0.9973627110060767,1.0,0.9980115856483056,0.9971872325071672,0.9975267426283747,0.9976879241784689,0.9979924621532248,0.9976708159425602,0.9965467152482367,0.9972107549695598
2,4,1.8291248251678078,0.55072,5000,2.12377271828828,0.4141656662665066,833,2.1275276284629165,0.4216,0.9989836304676247,0.0833689087002601,,,0.95,,0.95001498149061,0.04998501850938997,0.9861842505403347,0.0998854287944604,5,0.001,0.1,0.9974211753419671,0.997540900815369,0.9973141671797179,0.9980115856483056,1.0,0.9978829796954106,0.9978812883353836,0.9978301109125065,0.9978852430307461,0.9980955621368163,0.9964733538074301,0.9977312729753468
2,5,1.8286082817490694,0.5508,5000,2.127191190366392,0.4261704681872749,833,2.1275276284629165,0.4216,0.9981398673662448,0.0832298488106658,,,0.95,,0.95001498149061,0.04998501850938997,0.9861842505403347,0.0998854287944604,5,0.001,0.1,0.9975160345301969,0.9965196396535312,0.9959338126132115,0.9971872325071672,0.9978829796954106,1.0,0.9967225297497615,0.9969298876563168,0.9966765290445874,0.9975027149593346,0.9943915810988273,0.9966943634980139
2,6,1.8371598737255024,0.53108,5000,2.1372538407643638,0.42016806722689076,833,2.1275276284629165,0.4216,0.9991364517869809,0.08334173465983326,,,0.95,,0.95001498149061,0.04998501850938997,0.9861842505403347,0.0998854287944604,5,0.001,0.1,0.9978513884245951,0.9980294782719066,0.9986944381211843,0.9975267426283747,0.9978812883353836,0.9967225297497615,1.0,0.9976524329144004,0.998081941419198,0.9981236807219553,0.9977340848665078,0.9976023660485653
2,7,1.8249283907519784,0.55676,5000,2.1178803620515048,0.4417767106842737,833,2.1275276284629165,0.4216,0.998989028263609,0.08335352481436152,,,0.95,,0.95001498149061,0.04998501850938997,0.9861842505403347,0.0998854287944604,5,0.001,0.1,0.9973150931535655,0.9983522483389351,0.9972932519199166,0.9976879241784689,0.9978301109125065,0.9969298876563168,0.9976524329144004,1.0,0.9975919830240475,0.9986352276949072,0.9970095086457134,0.9978322420909341
2,8,1.8308672747034935,0.56632,5000,2.1331535975138345,0.4225690276110444,833,2.1275276284629165,0.4216,0.9990311209459867,0.08338149778862869,,,0.95,,0.95001498149061,0.04998501850938997,0.9861842505403347,0.0998854287944604,5,0.001,0.1,0.9978633983157843,0.998173888471259,0.9976277075593244,0.9979924621532248,0.9978852430307461,0.9966765290445874,0.998081941419198,0.9975919830240475,1.0,0.9979445584252608,0.997334644461177,0.9974629099344708
2,9,1.8300095547536377,0.5364,5000,2.1196872658199735,0.46218487394957986,833,2.1275276284629165,0.4216,0.9992645768808576,0.0834344932254804,,,0.95,,0.95001498149061,0.04998501850938997,0.9861842505403347,0.0998854287944604,5,0.001,0.1,0.9977516599321307,0.9984307970928203,0.99772080100643,0.9976708159425602,0.9980955621368163,0.9975027149593346,0.9981236807219553,0.9986352276949072,0.9979445584252608,1.0,0.9972302455383849,0.9983255392444347
2,10,1.82994641437652,0.5302,5000,2.130581052215011,0.4057623049219688,833,2.1275276284629165,0.4216,0.9982528406520421,0.08325489786938463,,,0.95,,0.95001498149061,0.04998501850938997,0.9861842505403347,0.0998854287944604,5,0.001,0.1,0.9962093469156645,0.997859256929028,0.9978008967105483,0.9965467152482367,0.9964733538074301,0.9943915810988273,0.9977340848665078,0.9970095086457134,0.997334644461177,0.9972302455383849,1.0,0.9967202443210326
2,11,1.8416835620904424,0.5404,5000,2.1355648040771484,0.3997599039615846,833,2.1275276284629165,0.4216,0.9987969972457178,0.08334233748597092,,,0.95,,0.95001498149061,0.04998501850938997,0.9861842505403347,0.0998854287944604,5,0.001,0.1,0.9976945407829944,0.9977920220028507,0.9967614108620568,0.9972107549695598,0.9977312729753468,0.9966943634980139,0.9976023660485653,0.9978322420909341,0.9974629099344708,0.9983255392444347,0.9967202443210326,1.0
3,0,1.6524420242400686,0.61032,5000,2.0474913429330894,0.46402877697841727,834,2.036971257517513,0.4856,0.9990043074604603,0.0833471559782737,,,0.95,,0.95001498149061,0.04998501850938997,0.9950509182477261,0.09989285599304999,5,0.001,0.1,1.0,0.9979987461843467,0.9976164210012719,0.9979038027463631,0.9978151114045193,0.9974202376377395,0.9978534654967806,0.9979359908503981,0.9975850205609403,0.9979158928984491,0.9969253125329964,0.9982369068072126
3,1,1.6542207245614118,0.58344,5000,2.0289690406234175,0.4856115107913669,834,2.036971257517513,0.4856,0.9990367831279094,0.08338261467530507,,,0.95,,0.95001498149061,0.04998501850938997,0.9950509182477261,0.09989285599304999,5,0.001,0.1,0.9979987461843467,1.0,0.9982240465250283,0.9976416325957068,0.9973878347908736,0.996527274226605,0.9978780087279525,0.998017359290307,0.9978665926401575,0.9980937133405021,0.9981859985735294,0.997773775456766
3,2,1.6533293725578648,0.59436,5000,2.0408734259782015,0.46882494004796166,834,2.036971257517513,0.4856,0.9988183697134028,0.08329200430288607,,,0.95,,0.95001498149061,0.04998501850938997,0.9950509182477261,0.09989285599304999,5,0.001,0.1,0.9976164210012719,0.9982240465250283,1.0,0.9972832228375862,0.997334388928231,0.9960606102280404,0.9984356825128695,0.9976765625769768,0.9974659904042782,0.9977443880988628,0.9978633364819861,0.9972747344430968
3,3,1.6301360663335034,0.61688,5000,2.0342221436677157,0.49160671462829736,834,2.036971257517513,0.4856,0.9989889756809419,0.0832910067351416,,,0.95,,0.95001498149061,0.04998501850938997,0.9950509182477261,0.09989285599304999,5,0.001,0.1,0.9979038027463631,0.9976416325957068,0.9972832228375862,1.0,0.9981162683415947,0.9976149522080711,0.9977642455777115,0.9981211448139456,0.9981738348875999,0.9978732608777697,0.9972481834959355,0.9972851282671769
3,4,1.6478761029850906,0.60288,5000,2.0328805534927934,0.47539015606242496,833,2.036971257517513,0.4856,0.9989930027074244,0.08335722568724434,,,0.95,,0.95001498149061,0.04998501850938997,0.9950509182477261,0.09989285599304999,5,0.001,0.1,0.9978151114045193,0.9973878347908736,0.997334388928231,0.9981162683415947,1.0,0.9980965596695651,0.9979026654620271,0.9979852144893093,0.9978840566125192,0.997872952698219,0.9969905418064071,0.997686702619861
3,5,1.6464704717800116,0.60844,5000,2.0360196122416743,0.49819927971188477,833,2.036971257517513,0.4856,0.998275940884999,0.08324881944500077,,,0.95,,0.95001498149061,0.04998501850938997,0.9950509182477261,0.09989285599304999,5,0.001,0.1,0.9974202376377395,0.996527274226605,0.9960606102280404,0.9976149522080711,0.9980965596695651,1.0,0.9969310500521912,0.9973767810580386,0.9968887037835941,0.9972925256917698,0.9956633578728062,0.9966077726393033
3,6,1.6591715729160674,0.59068,5000,2.050225094512657,0.4789915966386555,833,2.036971257517513,0.4856,0.9991724209522644,0.08334635380648239,,,0.95,,0.95001498149061,0.04998501850938997,0.9950509182477261,0.09989285599304999,5,0.001,0.1,0.9978534654967806,0.9978780087279525,0.9984356825128695,0.9977642455777115,0.9979026654620271,0.9969310500521912,1.0,0.99821674443224,0.998085660470617,0.9981655849071074,0.9981335688338849,0.9978561604157877
3,7,1.6422098912251224,0.59744,5000,2.025836185172752,0.5114045618247299,833,2.036971257517513,0.4856,0.9991812271167406,0.08335386721618632,,,0.95,,0.95001498149061,0.04998501850938997,0.9950509182477261,0.09989285599304999,5,0.001,0.1,0.9979359908503981,0.998017359290307,0.9976765625769768,0.9981211448139456,0.9979852144893093,0.9973767810580386,0.99821674443224,1.0,0.9980691599455453,0.9985051567255634,0.9976836623752623,0.9977396780247677
3,8,1.649452744016222,0.60904,5000,2.0447530967217906,0.4897959183673469,833,2.036971257517513,0.4856,0.9989929303005103,0.08336494244488475,,,0.95,,0.95001498149061,0.04998501850938997,0.9950509182477261,0.09989285599304999,5,0.001,0.1,0.9975850205609403,0.9978665926401575,0.9974659904042782,0.9981738348875999,0.9978840566125192,0.9968887037835941,0.998085660470617,0.9980691599455453,1.0,0.9980724259455948,0.9976857430571906,0.9972926070083576
3,9,1.6506278724427437,0.58896,5000,2.029135240448846,0.5186074429771909,833,2.036971257517513,0.4856,0.9991621762710855,0.08340289880868312,,,0.95,,0.95001498149061,0.04998501850938997,0.9950509182477261,0.09989285599304999,5,0.001,0.1,0.9979158928984491,0.9980937133405021,0.9977443880988628,0.9978732608777697,0.997872952698219,0.9972925256917698,0.9981655849071074,0.9985051567255634,0.9980724259455948,1.0,0.9977834216137236,0.9977781217577034
3,10,1.6523699414198565,0.57828,5000,2.040363894568549,0.4837935174069628,833,2.036971257517513,0.4856,0.9987012458911773,0.08327790367272017,,,0.95,,0.95001498149061,0.04998501850938997,0.9950509182477261,0.09989285599304999,5,0.001,0.1,0.9969253125329964,0.9981859985735294,0.9978633364819861,0.9972481834959355,0.9969905418064071,0.9956633578728062,0.9981335688338849,0.9976836623752623,0.9976857430571906,0.9977834216137236,1.0,0.9974123597038007
3,11,1.6631464537541578,0.59132,5000,2.044151646119577,0.460984393757503,833,2.036971257517513,0.4856,0.9988155666098012,0.08333520722719168,,,0.95,,0.95001498149061,0.04998501850938997,0.9950509182477261,0.09989285599304999,5,0.001,0.1,0.9982369068072126,0.997773775456766,0.9972747344430968,0.9972851282671769,0.997686702619861,0.9966077726393033,0.9978561604157877,0.9977396780247677,0.9972926070083576,0.9977781217577034,0.9974123597038007,1.0
4,0,1.5006240275255434,0.63572,5000,1.943833421777796,0.552757793764988,834,1.9308633301585627,0.5672,0.9989554169653203,0.08334615612341645,,,0.95,,0.95001498149061,0.04998501850938997,0.9968163639005982,0.09988207338306863,5,0.001,0.1,1.0,0.9975596468615937,0.9973629660034701,0.9977421992110362,0.9973761005512602,0.9974247057541376,0.9978322815727894,0.9978836006062096,0.9976692577136143,0.9977055880498753,0.9969229531389247,0.9978490820763313
4,1,1.507403183211187,0.61236,5000,1.920080856040672,0.5611510791366906,834,1.9308633301585627,0.5672,0.9990420120807535,0.08337069346519524,,,0.95,,0.95001498149061,0.04998501850938997,0.9968163639005982,0.09988207338306863,5,0.001,0.1,0.9975596468615937,1.0,0.9980719903857421,0.9975960380825478,0.9969460340904481,0.9966395242479562,0.9977673862081097,0.9979141426828276,0.9980027031455718,0.998155196521431,0.998358491183944,0.9973541768368112
4,2,1.505185177979196,0.62168,5000,1.9341823127534654,0.5563549160671463,834,1.9308633301585627,0.5672,0.9988622982003106,0.08330933284290332,,,0.95,,0.95001498149061,0.04998501850938997,0.9968163639005982,0.09988207338306863,5,0.001,0.1,0.9973629660034701,0.9980719903857421,1.0,0.9973162297230522,0.9971716792935401,0.9961334912800934,0.9982719984974211,0.9976906573184818,0.9974739533740291,0.9978796455049472,0.9977048048614763,0.9971352762953998
4,3,1.4770765344808057,0.64656,5000,1.9261038877345897,0.5731414868105515,834,1.9308633301585627,0.5672,0.9988507143730965,0.08330834730867805,,,0.95,,0.95001498149061,0.04998501850938997,0.9968163639005982,0.09988207338306863,5,0.001,0.1,0.9977421992110362,0.9975960380825478,0.9973162297230522,1.0,0.9977540219043309,0.9971699777314683,0.997220970027839,0.9978610590590387,0.9978644106537614,0.997695874263551,0.9969931639563087,0.9968607008698733
4,4,1.4944907375202057,0.63168,5000,1.926902007173609,0.56062424969988,833,1.9308633301585627,0.5672,0.9986433849653811,0.08334226055383571,,,0.95,,0.95001498149061,0.04998501850938997,0.9968163639005982,0.09988207338306863,5,0.001,0.1,0.9973761005512602,0.9969460340904481,0.9971716792935401,0.9977540219043309,1.0,0.9974153714930818,0.9970412692823836,0.9975482832144398,0.9973024896715585,0.9973783845957019,0.9966028383024497,0.9970523113213988
4,5,1.4942387375861976,0.63332,5000,1.9291658048276548,0.5774309723889556,833,1.9308633301585627,0.5672,0.9981906098766062,0.08326117535528377,,,0.95,,0.95001498149061,0.04998501850938997,0.9968163639005982,0.09988207338306863,5,0.001,0.1,0.9974247057541376,0.9966395242479562,0.9961334912800934,0.9971699777314683,0.9974153714930818,1.0,0.9965973844062516,0.9972219831968452,0.9967836214260488,0.9968587617042294,0.9957669767295905,0.9961530602949006
4,6,1.5104753279382257,0.62232,5000,1.9480164978239272,0.5630252100840336,833,1.9308633301585627,0.5672,0.9989641612497857,0.08334594644771451,,,0.95,,0.95001498149061,0.04998501850938997,0.9968163639005982,0.09988207338306863,5,0.001,0.1,0.9978322815727894,0.9977673862081097,0.9982719984974211,0.997220970027839,0.9970412692823836,0.9965973844062516,1.0,0.9979113267105665,0.9978017469270489,0.9977140568847751,0.9976744720814054,0.997600079048935
4,7,1.490741369223139,0.62772,5000,1.9184311186825787,0.5894357743097239,833,1.9308633301585627,0.5672,0.9990778219361232,0.08335422169211638,,,0.95,,0.95001498149061,0.04998501850938997,0.9968163639005982,0.09988207338306863,5,0.001,0.1,0.9978836006062096,0.9979141426828276,0.9976906573184818,0.9978610590590387,0.9975482832144398,0.9972219831968452,0.9979113267105665,1.0,0.9977452243983653,0.9981954416999185,0.9974019621748915,0.9974212941706451
4,8,1.4984642428956974,0.63848,5000,1.941384580400255,0.5666266506602641,833,1.9308633301585627,0.5672,0.9989254179040088,0.08335609433126144,,,0.95,,0.95001498149061,0.04998501850938997,0.9968163639005982,0.09988207338306863,5,0.001,0.1,0.9976692577136143,0.9980027031455718,0.9974739533740291,0.9978644106537614,0.9973024896715585,0.9967836214260488,0.9978017469270489,0.9977452243983653,1.0,0.9978338701358761,0.9974223842220974,0.9970681659645534
4,9,1.5001333732513864,0.61124,5000,1.9228895372814603,0.595438175270108,833,1.9308633301585627,0.5672,0.9990699676374487,0.08338403355780753,,,0.95,,0.95001498149061,0.04998501850938997,0.9968163639005982,0.09988207338306863,5,0.001,0.1,0.9977055880498753,0.998155196521431,0.9978796455049472,0.997695874263551,0.9973783845957019,0.9968587617042294,0.9977140568847751,0.9981954416999185,0.9978338701358761,1.0,0.997799540168854,0.9974832505431845
4,10,1.5033273190449756,0.6038,5000,1.9345230438091137,0.5786314525810324,833,1.9308633301585627,0.5672,0.998661338121721,0.08329420103041715,,,0.95,,0.95001498149061,0.04998501850938997,0.9968163639005982,0.09988207338306863,5,0.001,0.1,0.9969229531389247,0.998358491183944,0.9977048048614763,0.9969931639563087,0.9966028383024497,0.9957669767295905,0.9976744720814054,0.9974019621748915,0.9974223842220974,0.997799540168854,1.0,0.997156598171136
4,11,1.5137444568287794,0.61484,5000,1.9368350947344746,0.531812725090036,833,1.9308633301585627,0.5672,0.9986055229237549,0.08332753729137031,,,0.95,,0.95001498149061,0.04998501850938997,0.9968163639005982,0.09988207338306863,5,0.001,0.1,0.9978490820763313,0.9973541768368112,0.9971352762953998,0.9968607008698733,0.9970523113213988,0.9961530602949006,0.997600079048935,0.9974212941706451,0.9970681659645534,0.9974832505431845,0.997156598171136,1.0
5,0,1.374281922647148,0.65224,5000,1.8272763225767348,0.6187050359712231,834,1.811808067769669,0.633,0.9988782407553998,0.083348453268844,,,0.95,,0.95001498149061,0.04998501850938997,0.9968256095686168,0.09986533971844774,5,0.001,0.1,1.0,0.9971166197959,0.996959957909319,0.997596450635379,0.9971955170581253,0.9969584004692004,0.9974816748167364,0.9975668435544051,0.9974354372162181,0.997628176984343,0.9970115157950423,0.9974471113714584
5,1,1.3842815239718005,0.63044,5000,1.797448096451936,0.63189448441247,834,1.811808067769669,0.633,0.9987160461839372,0.08335826531649446,,,0.95,,0.95001498149061,0.04998501850938997,0.9968256095686168,0.09986533971844774,5,0.001,0.1,0.9971166197959,1.0,0.9973866241787755,0.9972436008697011,0.996402768443024,0.9959390811954479,0.9971666502443488,0.9974413526185968,0.9977888887727419,0.9975862170296457,0.9976235919868179,0.996757214444291
5,2,1.3805234152040664,0.64164,5000,1.8143846326404147,0.6378896882494005,834,1.811808067769669,0.633,0.9986074087206095,0.08331713131716056,,,0.95,,0.95001498149061,0.04998501850938997,0.9968256095686168,0.09986533971844774,5,0.001,0.1,0.996959957909319,0.9973866241787755,1.0,0.9971696844955925,0.9968413327192831,0.9957620019732843,0.9979182557351638,0.9973357568331658,0.9969680255099809,0.9975394947985602,0.9968590437661109,0.9964120456445404
5,3,1.3510322161540864,0.66716,5000,1.8047708891056202,0.6438848920863309,834,1.811808067769669,0.633,0.9988075862147049,0.08332298767128334,,,0.95,,0.95001498149061,0.04998501850938997,0.9968256095686168,0.09986533971844774,5,0.001,0.1,0.997596450635379,0.9972436008697011,0.9971696844955925,1.0,0.997416701999511,0.9971417717787432,0.9970694392917206,0.9974411401562151,0.9975314210584938,0.9975187876148027,0.9968624662084128,0.9965607607371209
5,4,1.3674744006934438,0.64912,5000,1.8082138123335663,0.6194477791116446,833,1.811808067769669,0.633,0.9985178943928175,0.08333443427786723,,,0.95,,0.95001498149061,0.04998501850938997,0.9968256095686168,0.09986533971844774,5,0.001,0.1,0.9971955170581253,0.996402768443024,0.9968413327192831,0.997416701999511,1.0,0.997252695022007,0.9969689689400314,0.9971861177552459,0.9970924827764245,0.9971067113020137,0.9961569479071215,0.9964598598436013
5,5,1.368450155531525,0.65812,5000,1.809172753934507,0.6386554621848739,833,1.811808067769669,0.633,0.9980145991991421,0.08326846718297791,,,0.95,,0.95001498149061,0.04998501850938997,0.9968256095686168,0.09986533971844774,5,0.001,0.1,0.9969584004692004,0.9959390811954479,0.9957620019732843,0.9971417717787432,0.997252695022007,1.0,0.9961117990999875,0.9968870760629771,0.9965698488773372,0.9965243671439108,0.9954404445375346,0.9954640279964218
5,6,1.3849472004137222,0.63616,5000,1.833174263989484,0.5966386554621849,833,1.811808067769669,0.633,0.9988072827337365,0.08334603452868582,,,0.95,,0.95001498149061,0.04998501850938997,0.9968256095686168,0.09986533971844774,5,0.001,0.1,0.9974816748167364,0.9971666502443488,0.9979182557351638,0.9970694392917206,0.9969689689400314,0.9961117990999875,1.0,0.9973960096185972,0.9973370823420828,0.9975099262607511,0.9974221263274274,0.997165130958581
5,7,1.3644977755607313,0.65236,5000,1.79816002757461,0.6494597839135654,833,1.811808067769669,0.633,0.9988891198429592,0.08335375038142316,,,0.95,,0.95001498149061,0.04998501850938997,0.9968256095686168,0.09986533971844774,5,0.001,0.1,0.9975668435544051,0.9974413526185968,0.9973357568331658,0.9974411401562151,0.9971861177552459,0.9968870760629771,0.9973960096185972,1.0,0.9976347379224301,0.9977992526740693,0.996936560746913,0.9969026325363939
5,8,1.3721088129244032,0.65276,5000,1.8260892806229767,0.6290516206482593,833,1.811808067769669,0.633,0.9988191844828418,0.08335264157065364,,,0.95,,0.95001498149061,0.04998501850938997,0.9968256095686168,0.09986533971844774,5,0.001,0.1,0.9974354372162181,0.9977888887727419,0.9969680255099809,0.9975314210584938,0.9970924827764245,0.9965698488773372,0.9973370823420828,0.9976347379224301,1.0,0.9975137546036863,0.9972076444827539,0.9966098200080624
5,9,1.3748840354810095,0.6372,5000,1.8031623937465526,0.6722689075630253,833,1.811808067769669,0.633,0.9989546174603984,0.08337414562775906,,,0.95,,0.95001498149061,0.04998501850938997,0.9968256095686168,0.09986533971844774,5,0.001,0.1,0.997628176984343,0.9975862170296457,0.9975394947985602,0.9975187876148027,0.9971067113020137,0.9965243671439108,0.9975099262607511,0.9977992526740693,0.9975137546036863,1.0,0.997469853455826,0.997115046697269
5,10,1.3793838478957012,0.624,5000,1.815639579737628,0.6458583433373349,833,1.811808067769669,0.633,0.9985018541656703,0.08330444538210495,,,0.95,,0.95001498149061,0.04998501850938997,0.9968256095686168,0.09986533971844774,5,0.001,0.1,0.9970115157950423,0.9976235919868179,0.9968590437661109,0.9968624662084128,0.9961569479071215,0.9954404445375346,0.9974221263274274,0.996936560746913,0.9972076444827539,0.997469853455826,1.0,0.9968974242727969
5,11,1.3894392674136313,0.63552,5000,1.8163624295481928,0.6122448979591837,833,1.811808067769669,0.633,0.9983269669541047,0.08331924347474581,,,0.95,,0.95001498149061,0.04998501850938997,0.9968256095686168,0.09986533971844774,5,0.001,0.1,0.9974471113714584,0.996757214444291,0.9964120456445404,0.9965607607371209,0.9964598598436013,0.9954640279964218,0.997165130958581,0.9969026325363939,0.9966098200080624,0.997115046697269,0.9968974242727969,1.0
6,0,1.2683784152292141,0.6646,5000,1.7015714998598452,0.6462829736211031,834,1.683633586469169,0.6595,0.9987299029473927,0.08335169881160241,,,0.95,,0.95001498149061,0.04998501850938997,0.9972700174769575,0.09984481192983996,5,0.001,0.1,1.0,0.9967395237107549,0.9964231355881591,0.9973439000547969,0.99692372146589,0.9964125150501919,0.9971550808197943,0.9973286407497891,0.9970314839251468,0.9971455595413697,0.9967706717525814,0.9968863216386027
6,1,1.2804944999658379,0.64112,5000,1.6651053031285603,0.6606714628297362,834,1.683633586469169,0.6595,0.9984996856258673,0.08335028543303337,,,0.95,,0.95001498149061,0.04998501850938997,0.9972700174769575,0.09984481192983996,5,0.001,0.1,0.9967395237107549,1.0,0.9969518245807139,0.9969924943995436,0.9959685137777244,0.9954868003833197,0.9967213348084435,0.9970350471748414,0.9970166734031288,0.9974312293153805,0.9973702148934104,0.9956875512417676
6,2,1.2768155655283837,0.6504,5000,1.6855084366268582,0.6666666666666666,834,1.683633586469169,0.6595,0.9983162993444621,0.08331913987654539,,,0.95,,0.95001498149061,0.04998501850938997,0.9972700174769575,0.09984481192983996,5,0.001,0.1,0.9964231355881591,0.9969518245807139,1.0,0.9966220830132009,0.9961232045642231,0.9950521918887603,0.9976583931870009,0.9967080224775823,0.9962038102902976,0.99725651854442,0.9966763530384803,0.9955295695283026
6,3,1.243847564754972,0.67772,5000,1.6745080020692613,0.6822541966426858,834,1.683633586469169,0.6595,0.9986817470449068,0.08333452713348892,,,0.95,,0.95001498149061,0.04998501850938997,0.9972700174769575,0.09984481192983996,5,0.001,0.1,0.9973439000547969,0.9969924943995436,0.9966220830132009,1.0,0.9972000482800608,0.9968877285460543,0.9967614632977367,0.9971033939698609,0.9971275975221491,0.9972070495938032,0.9964411921991483,0.9958975517231029
6,4,1.2607424888641212,0.66256,5000,1.6803022225697835,0.6446578631452581,833,1.683633586469169,0.6595,0.9983346759035687,0.08333034443977924,,,0.95,,0.95001498149061,0.04998501850938997,0.9972700174769575,0.09984481192983996,5,0.001,0.1,0.99692372146589,0.9959685137777244,0.9961232045642231,0.9972000482800608,1.0,0.9966868018396517,0.9967994520574518,0.9967846281679816,0.996679392138296,0.9966144381318675,0.9958027739402389,0.995843117093151
6,5,1.2639352105985022,0.66808,5000,1.6800140098289207,0.6494597839135654,833,1.683633586469169,0.6595,0.9977680028124869,0.08327159792841404,,,0.95,,0.95001498149061,0.04998501850938997,0.9972700174769575,0.09984481192983996,5,0.001,0.1,0.9964125150501919,0.9954868003833197,0.9950521918887603,0.9968877285460543,0.9966868018396517,1.0,0.9958251623270691,0.9963325333969446,0.9960942799179279,0.9959973465660347,0.9951100439190328,0.9947540483474553
6,6,1.2801800402866048,0.65044,5000,1.7092516643029672,0.6278511404561825,833,1.683633586469169,0.6595,0.9987237827477828,0.08335001792245453,,,0.95,,0.95001498149061,0.04998501850938997,0.9972700174769575,0.09984481192983996,5,0.001,0.1,0.9971550808197943,0.9967213348084435,0.9976583931870009,0.9967614632977367,0.9967994520574518,0.9958251623270691,1.0,0.997148417096933,0.9969374464824357,0.9972388603599502,0.9972734150910464,0.996568141272072
6,7,1.2573184037284486,0.66216,5000,1.669523729218377,0.6782713085234093,833,1.683633586469169,0.6595,0.9987236629304566,0.08335474596854528,,,0.95,,0.95001498149061,0.04998501850938997,0.9972700174769575,0.09984481192983996,5,0.001,0.1,0.9973286407497891,0.9970350471748414,0.9967080224775823,0.9971033939698609,0.9967846281679816,0.9963325333969446,0.997148417096933,1.0,0.997410291935221,0.9974573915257627,0.996552113017096,0.9962245903582408
6,8,1.2639586663549873,0.66692,5000,1.7022927513828985,0.6662665066026411,833,1.683633586469169,0.6595,0.998515787918423,0.08334735629032504,,,0.95,,0.95001498149061,0.04998501850938997,0.9972700174769575,0.09984481192983996,5,0.001,0.1,0.9970314839251468,0.9970166734031288,0.9962038102902976,0.9971275975221491,0.996679392138296,0.9960942799179279,0.9969374464824357,0.997410291935221,1.0,0.9970165401908527,0.9964975686689675,0.9955792905762985
6,9,1.2702038667763873,0.6496,5000,1.6737996604707506,0.6854741896758704,833,1.683633586469169,0.6595,0.9988218831444332,0.08337042409265057,,,0.95,,0.95001498149061,0.04998501850938997,0.9972700174769575,0.09984481192983996,5,0.001,0.1,0.9971455595413697,0.9974312293153805,0.99725651854442,0.9972070495938032,0.9966144381318675,0.9959973465660347,0.9972388603599502,0.9974573915257627,0.9970165401908527,1.0,0.9973498200103224,0.9965466920930677
6,10,1.2753960246493103,0.63924,5000,1.6874840745219477,0.6686674669867947,833,1.683633586469169,0.6595,0.9983954972644625,0.0833139162598183,,,0.95,,0.95001498149061,0.04998501850938997,0.9972700174769575,0.09984481192983996,5,0.001,0.1,0.9967706717525814,0.9973702148934104,0.9966763530384803,0.9964411921991483,0.9958027739402389,0.9951100439190328,0.9972734150910464,0.996552113017096,0.9964975686689675,0.9973498200103224,1.0,0.9963102996034833
6,11,1.2851594447330306,0.65064,5000,1.686451964908176,0.6374549819927972,833,1.683633586469169,0.6595,0.9978673990160435,0.083305945843343,,,0.95,,0.95001498149061,0.04998501850938997,0.9972700174769575,0.09984481192983996,5,0.001,0.1,0.9968863216386027,0.9956875512417676,0.9955295695283026,0.9958975517231029,0.995843117093151,0.9947540483474553,0.996568141272072,0.9962245903582408,0.9955792905762985,0.9965466920930677,0.9963102996034833,1.0
7,0,1.179257471546246,0.67292,5000,1.571801847881741,0.658273381294964,834,1.5515724713809955,0.6715,0.9985732538041139,0.08335676949624363,,,0.95,,0.95001498149061,0.04998501850938997,0.9977490534067569,0.09981962490142832,5,0.001,0.1,1.0,0.9964929029308092,0.9962234503762013,0.9969379482735161,0.9962739179266882,0.995759877143693,0.9968131950623261,0.996836616202877,0.9964201740127658,0.9967519949669924,0.9965176901104214,0.996235954957359
7,1,1.1929629382813811,0.65404,5000,1.5285177539896082,0.6714628297362111,834,1.5515724713809955,0.6715,0.9983632498317315,0.08334912357149271,,,0.95,,0.95001498149061,0.04998501850938997,0.9977490534067569,0.09981962490142832,5,0.001,0.1,0.9964929029308092,1.0,0.9965237013631433,0.9967942281923895,0.9956366943334182,0.9947495196785257,0.9962028533435182,0.9967703427909361,0.9966147356566025,0.9968368517234001,0.9968454423016635,0.9952801201884218
7,2,1.188726921521934,0.662,5000,1.5529699855380588,0.6774580335731415,834,1.5515724713809955,0.6715,0.9981150655865423,0.08332200948361132,,,0.95,,0.95001498149061,0.04998501850938997,0.9977490534067569,0.09981962490142832,5,0.001,0.1,0.9962234503762013,0.9965237013631433,1.0,0.9962235213788548,0.9959154843083897,0.9941568266123969,0.9969564225886137,0.9963694428585502,0.995661939405554,0.9965901762548047,0.9962268656046753,0.9949276228624302
