round,client_id,client_i_training_loss,client_i_training_accuracy,client_i_training_dataset_size,client_i_evaluation_loss,client_i_evaluation_accuracy,client_i_evaluation_dataset_size,client_i_central_evaluation_loss,client_i_central_evaluation_accuracy,client_i_cosine_similarity,client_i_importance_coefficient,client_i_tanh_val,tanh_normalization_value,client_i_q,client_i_mask_order,client_i_v_nonzero_fraction,client_i_v_sparsity,client_i_v_cosine_similarity,client_i_reward_gradient_norm,local_epochs,learning_rate,gamma,client_0_cosine_similarity,client_1_cosine_similarity,client_2_cosine_similarity,client_3_cosine_similarity,client_4_cosine_similarity,client_5_cosine_similarity,client_6_cosine_similarity,client_7_cosine_similarity,client_8_cosine_similarity,client_9_cosine_similarity,client_10_cosine_similarity,client_11_cosine_similarity
0,0,0.35292071991238244,0.89208,5000,2.1830961351041442,0.3225419664268585,834,2.1871874797077604,0.3368,0.7849500030389334,0.08331284344022624,,,0.800240460979654,,0.8002610310727373,0.19973896892726273,0,0.3923598333297886,5,0.1,0.5,1.0,0.603855759194179,0.5754728788346452,0.5854351240625647,0.5961479219828378,0.5736709407182101,0.5594232573571014,0.5838865664622136,0.5862817627084276,0.576637621076496,0.5829456103438476,0.5718190603488487
0,1,0.3404963946112307,0.89256,5000,2.1779257191552057,0.35731414868105515,834,2.187100163663919,0.3378,0.7922418105231951,0.08408677963104175,,,0.9211326923925253,,0.9211535565483661,0.07884644345163394,0,0.3925597053508492,5,0.1,0.5,0.603855759194179,1.0,0.5890046281057504,0.5839498351236723,0.5919424205740871,0.5895523848130536,0.5657828208306287,0.5893413785170063,0.5845903990530881,0.5944069470335674,0.5953888012557572,0.5764624747782989
0,2,0.3473092938221659,0.89172,5000,2.1889071552841752,0.3249400479616307,834,2.187311770436101,0.3369,0.7817572582252428,0.08297397262325981,,,0.7473073513642383,,0.7473219215902817,0.25267807840971834,0,0.39210956672161373,5,0.1,0.5,0.5754728788346452,0.5890046281057504,1.0,0.5697976716673451,0.5924707409013068,0.5795939102747832,0.5732184844885984,0.5746803929780259,0.5633866982983927,0.5742851101297779,0.5937929289623719,0.5797919217133952
0,3,0.3511100967764665,0.88924,5000,2.185471110873752,0.33213429256594723,834,2.1872949021311996,0.337,0.7822083870362142,0.08302185442955873,,,0.7547866997604612,,0.7547964459615482,0.24520355403845184,0,0.39215287207804145,5,0.1,0.5,0.5854351240625647,0.5839498351236723,0.5697976716673451,1.0,0.5806149874559816,0.5741842732035023,0.5720841575878968,0.5810290719831788,0.5734400440211248,0.5791731316099252,0.5967855215653302,0.573251958042813
0,4,0.34621405143907685,0.88832,5000,2.1888242297702365,0.34813925570228094,833,2.1870863795661317,0.3377,0.7940274091608482,0.08427629908982247,,,0.9507364640471614,,0.9507554841624416,0.0492445158375584,0,0.3925687080258315,5,0.1,0.5,0.5961479219828378,0.5919424205740871,0.5924707409013068,0.5806149874559816,1.0,0.5906483252907286,0.5707244226301788,0.5891271932768972,0.5907048384105176,0.5986868992097377,0.5949330901817953,0.5851004127084735
0,5,0.3297167817047637,0.8944,5000,2.1859178366484464,0.3325330132052821,833,2.187163435993865,0.3374,0.7858220163901263,0.08340539699334995,,,0.814697732386648,,0.8147080969830832,0.18529190301691678,0,0.3924057345926423,5,0.1,0.5,0.5736709407182101,0.5895523848130536,0.5795939102747832,0.5741842732035023,0.5906483252907286,1.0,0.5708264003129062,0.5824156241744536,0.5846977166914548,0.5756191003766505,0.5919995789169681,0.5905841100330279
0,6,0.3512399350156545,0.88676,5000,2.1921115981207953,0.31092436974789917,833,2.18779371721676,0.335,0.7728721807094168,0.08203093030315733,,,0.6,,0.6,0.4,0,0.3903798469431859,5,0.1,0.5,0.5594232573571014,0.5657828208306287,0.5732184844885984,0.5720841575878968,0.5707244226301788,0.5708264003129062,1.0,0.5742613914682675,0.5669911042015457,0.5691300293900644,0.5817850112357613,0.5775556012112586
0,7,0.35395847888675275,0.88976,5000,2.187316470675998,0.3397358943577431,833,2.187219590043869,0.3372,0.7839920365601498,0.08321116701375462,,,0.7843581566965471,,0.7843682546056925,0.21563174539430752,0,0.39229750120886964,5,0.1,0.5,0.5838865664622136,0.5893413785170063,0.5746803929780259,0.5810290719831788,0.5891271932768972,0.5824156241744536,0.5742613914682675,1.0,0.5822388495577294,0.5797032546220804,0.5821737896276696,0.5676932969517987
0,8,0.3418850309280738,0.8894,5000,2.1877195923416703,0.33733493397358943,833,2.187319735749461,0.3364,0.7810770854621361,0.08290178060248699,,,0.7360306407193528,,0.7360524070076804,0.2639475929923196,0,0.39203805302227,5,0.1,0.5,0.5862817627084276,0.5845903990530881,0.5633866982983927,0.5734400440211248,0.5907048384105176,0.5846977166914548,0.5669911042015457,0.5822388495577294,1.0,0.5723788760390587,0.5845650845908311,0.5698115955282504
0,9,0.34798869751631073,0.88992,5000,2.1917006881148726,0.3517406962785114,833,2.187174423053242,0.3371,0.7857103591795054,0.08339354594593111,,,0.812846546741054,,0.8128608001606346,0.18713919983936544,0,0.39240007950492906,5,0.1,0.5,0.576637621076496,0.5944069470335674,0.5742851101297779,0.5791731316099252,0.5986868992097377,0.5756191003766505,0.5691300293900644,0.5797032546220804,0.5723788760390587,1.0,0.597961426804172,0.584757964908326
0,10,0.32744692071655374,0.89852,5000,2.1765772236718073,0.35294117647058826,833,2.1870821131684908,0.3377,0.7951893200037007,0.08439962171644493,,,0.9699999998437956,,0.9700015059484965,0.029998494051503455,0,0.3925708726795925,5,0.1,0.5,0.5829456103438476,0.5953888012557572,0.5937929289623719,0.5967855215653302,0.5949330901817953,0.5919995789169681,0.5817850112357613,0.5821737896276696,0.5845650845908311,0.597961426804172,1.0,0.5897175987746435
0,11,0.3710775104582689,0.88512,5000,2.186048083835178,0.3325330132052821,833,2.1873086572836002,0.3372,0.7818687697788319,0.08298580821096602,,,0.749156122134834,,0.7491692184127303,0.2508307815872697,0,0.39212116207411446,5,0.1,0.5,0.5718190603488487,0.5764624747782989,0.5797919217133952,0.573251958042813,0.5851004127084735,0.5905841100330279,0.5775556012112586,0.5676932969517987,0.5698115955282504,0.584757964908326,0.5897175987746435,1.0
1,0,0.3105036621142155,0.90552,5000,2.0230204043564974,0.697841726618705,834,2.0294118247473962,0.7065,0.8053949709894377,0.08320737573444877,,,0.7558271956125457,,0.7558455900808192,0.2441544099191808,0.9592720647324443,0.4038055498336306,5,0.1,0.5,1.0,0.6242565648019631,0.6168993466599652,0.6168892929575993,0.614276751777343,0.6168519560214126,0.624956834069529,0.6214241306138608,0.6226626326253055,0.6237270977012653,0.6174895854415108,0.615862296884626
1,1,0.299762331406663,0.91088,5000,2.013566988485831,0.7589928057553957,834,2.0288802853788432,0.7061,0.8113904335904722,0.0839285520419267,,,0.9185161472954124,,0.9185332061643492,0.08146679383565081,0.960483233884927,0.40429399393499893,5,0.1,0.5,0.6242565648019631,1.0,0.6138540273968198,0.6293928081283144,0.6236182247145977,0.6303431880864541,0.6302199490439341,0.6305088810055063,0.6295714734379021,0.6171585926686698,0.6296468643790949,0.6112905547638341
1,2,0.3110256754016136,0.90316,5000,2.0305311017566257,0.6954436450839329,834,2.0297533323208743,0.7059,0.8070923188706074,0.08304219708344308,,,0.7185648212196839,,0.7185783846192461,0.28142161538075394,0.9584591687059248,0.4035111245723208,5,0.1,0.5,0.6168993466599652,0.6138540273968198,1.0,0.6200592502871118,0.6147440045068787,0.6224468550669899,0.6266735791444985,0.624574726265123,0.6274661993183127,0.6208561851509732,0.6262606801270849,0.6195469236501511
1,3,0.31018200982717953,0.90352,5000,2.0262595812479653,0.6954436450839329,834,2.029577761031568,0.7059,0.8099012467484448,0.08317175230458973,,,0.7477909659152855,,0.7478038251091813,0.2521961748908187,0.9589215597199344,0.40374971700601153,5,0.1,0.5,0.6168892929575993,0.6293928081283144,0.6200592502871118,1.0,0.6195602817579771,0.6288624403558035,0.6295598609907747,0.6289661240995716,0.6310776446426367,0.609311621474509,0.6258001104289017,0.6208295460052741
1,4,0.30642621657057745,0.9046,5000,2.0293652878867254,0.7106842737094838,833,2.028929273160502,0.7064,0.802021119974637,0.08372758514416215,,,0.8731803624377361,,0.8731941167612067,0.12680588323879327,0.9603654937131351,0.4042487909085121,5,0.1,0.5,0.614276751777343,0.6236182247145977,0.6147440045068787,0.6195602817579771,1.0,0.625703554721431,0.6140060093440084,0.6123468411348616,0.6171901914657928,0.6088657539790374,0.6219719015840364,0.6055117798743685
1,5,0.2883733578358486,0.91004,5000,2.022814874295835,0.7142857142857143,833,2.029090540477643,0.7062,0.8133190926338997,0.08354470933550052,,,0.831925715979143,,0.8319411676120677,0.1680588323879323,0.9599052847875515,0.40416188749566473,5,0.1,0.5,0.6168519560214126,0.6303431880864541,0.6224468550669899,0.6288624403558035,0.625703554721431,1.0,0.6265868065146462,0.6286276686950142,0.6331365446983385,0.6266307016562914,0.6326709410503746,0.6196957161990362
1,6,0.30928542756291616,0.90416,5000,2.035837014516195,0.6782713085234093,833,2.0317394325908382,0.6966,0.8099241478944851,0.08251661658716776,,,0.6,,0.6,0.4,0.9547077866421741,0.40174326699272117,5,0.1,0.5,0.624956834069529,0.6302199490439341,0.6266735791444985,0.6295598609907747,0.6140060093440084,0.6265868065146462,1.0,0.6245550652427749,0.6290702466909015,0.621184376739023,0.6259526317408423,0.6121952383305704
1,7,0.3072439750241246,0.90604,5000,2.0360875173851296,0.6914765906362546,833,2.0293991253398858,0.7063,0.8111604339595846,0.08334093495712722,,,0.7859565962872905,,0.7859695798403694,0.21403042015963059,0.9595017575589533,0.40398073087205577,5,0.1,0.5,0.6214241306138608,0.6305088810055063,0.624574726265123,0.6289661240995716,0.6123468411348616,0.6286276686950142,0.6245550652427749,1.0,0.6332063991436817,0.6270330373450834,0.6240091615530069,0.616449462459965
1,8,0.30494461065976863,0.90456,5000,2.030637502670288,0.7046818727490997,833,2.0296025428528224,0.7064,0.8137554117013572,0.08322654579023969,,,0.7601517362941922,,0.7601726820942724,0.23982731790572764,0.9587460128389246,0.4038347790408288,5,0.1,0.5,0.6226626326253055,0.6295714734379021,0.6274661993183127,0.6310776446426367,0.6171901914657928,0.6331365446983385,0.6290702466909015,0.6332063991436817,1.0,0.6248607462182408,0.6280692315134472,0.6219456802666847
1,9,0.31328117847917186,0.90392,5000,2.033240653850414,0.6890756302521008,833,2.0293544500399703,0.7056,0.8058878634136978,0.08327796793931688,,,0.771751972519235,,0.7717684855177953,0.2282315144822047,0.9594844966787873,0.4039048304553844,5,0.1,0.5,0.6237270977012653,0.6171585926686698,0.6208561851509732,0.609311621474509,0.6088657539790374,0.6266307016562914,0.621184376739023,0.6270330373450834,0.6248607462182408,1.0,0.6229159361909992,0.6171731851725041
1,10,0.28905110503457915,0.91028,5000,2.0180115743919655,0.709483793517407,833,2.028859478216202,0.7059,0.8119971469567215,0.08415677242346754,,,0.9699999997744116,,0.9700015059484965,0.029998494051503455,0.9605428491573601,0.4043088493452002,5,0.1,0.5,0.6174895854415108,0.6296468643790949,0.6262606801270849,0.6258001104289017,0.6219719015840364,0.6326709410503746,0.6259526317408423,0.6240091615530069,0.6280692315134472,0.6229159361909992,1.0,0.6195723730729104
1,11,0.3208710840019356,0.90316,5000,2.0312946416713573,0.7130852340936374,833,2.0300585282877233,0.7049,0.8016087857047383,0.08285899065860979,,,0.6772355916143323,,0.6772501380452789,0.3227498619547211,0.9577982447088683,0.403055210645853,5,0.1,0.5,0.615862296884626,0.6112905547638341,0.6195469236501511,0.6208295460052741,0.6055117798743685,0.6196957161990362,0.6121952383305704,0.616449462459965,0.6219456802666847,0.6171731851725041,0.6195723730729104,1.0
2,0,0.27986326399526207,0.91508,5000,1.8237065783253423,0.8585131894484412,834,1.8322489410162734,0.8474,0.8117944803793987,0.08329293588429772,,,0.7552230544055654,,0.7552381908538728,0.24476180914612722,0.9674126517495392,0.40478802724868423,5,0.1,0.5,1.0,0.628723437534856,0.6305606109696222,0.6231150839282249,0.6280227578147752,0.6319990480871628,0.6323944868597277,0.6216614779277811,0.6273007835780307,0.6274056706152762,0.6275396341372985,0.6179818521925399
2,1,0.27602751370649903,0.91784,5000,1.8091123854672466,0.8836930455635491,834,1.831225064615853,0.8482,0.8146278692174095,0.08386855768980483,,,0.9283463477771947,,0.9283570101902515,0.07164298980974848,0.9687408536766593,0.4052733073994488,5,0.1,0.5,0.628723437534856,1.0,0.6266020880704075,0.6317071360965144,0.6227846936501257,0.630547312494917,0.6416397255715628,0.6248895399783224,0.6242957667935312,0.6280848527325962,0.6371765494569198,0.6246614921460016
2,2,0.2778531389221976,0.9154,5000,1.8331176219163117,0.8333333333333334,834,1.8331865712095754,0.8471,0.8093025815227245,0.08309694103853608,,,0.6962758900391544,,0.6962953666984589,0.30370463330154107,0.9663949270483123,0.40425790853235305,5,0.1,0.5,0.6305606109696222,0.6266020880704075,1.0,0.6234128179678834,0.6233739355125918,0.6270409034638847,0.6321396617921802,0.6280970387662979,0.6157114971339571,0.6247425867411686,0.6253823233477654,0.616177080740229
2,3,0.27961670378353565,0.91548,5000,1.8283034960428874,0.8441247002398081,834,1.8326309058612908,0.8474,0.8098017533207157,0.08320000601800064,,,0.7272735841943696,,0.7272877867576929,0.2727122132423071,0.9671364859897695,0.4045767540787596,5,0.1,0.5,0.6231150839282249,0.6317071360965144,0.6234128179678834,1.0,0.6220436075475179,0.6274422114323177,0.6295177017897656,0.6281667239251099,0.6204711899478306,0.6216890455293811,0.6325960025052019,0.6172194735764925
2,4,0.2753863156577394,0.91596,5000,1.830733550919427,0.8523409363745498,833,1.8314448210378043,0.8475,0.8065998542504037,0.08345617586374311,,,0.8043189061977096,,0.804332111841775,0.195667888158225,0.9682069721649321,0.4050455708158391,5,0.1,0.5,0.6280227578147752,0.6227846936501257,0.6233739355125918,0.6220436075475179,1.0,0.6298682838100905,0.6195351068487294,0.6210628883351437,0.6126998559383382,0.6200534441863953,0.6247066865877228,0.6196127351990406
2,5,0.2623570376823235,0.92056,5000,1.818860650062561,0.8403361344537815,833,1.8316200038495536,0.8472,0.8145782782748616,0.08361295604345403,,,0.8514719167113376,,0.851483359269113,0.148516640730887,0.9683657733996937,0.40518460204817636,5,0.1,0.5,0.6319990480871628,0.630547312494917,0.6270409034638847,0.6274422114323177,0.6298682838100905,1.0,0.6319784367467907,0.6367855686789636,0.6226695689592517,0.6263135575054047,0.6315920859216384,0.6260236148481758
2,6,0.27842430164384996,0.91424,5000,1.8404454125298395,0.8271308523409364,833,1.8365742821282092,0.8437,0.8148677899770229,0.08294304885381752,,,0.6499914692827846,,0.6499974900858391,0.35000250991416093,0.96348176070872,0.4035835532381863,5,0.1,0.5,0.6323944868597277,0.6416397255715628,0.6321396617921802,0.6295177017897656,0.6195351068487294,0.6319784367467907,1.0,0.6313918739914592,0.6301641770482426,0.6323738963634822,0.6297332036460871,0.6187317388975676
2,7,0.278041451083864,0.91616,5000,1.8449921034000538,0.8367346938775511,833,1.8320993550669271,0.8472,0.8121530028252357,0.08339375301662821,,,0.7855446888717272,,0.7855629737462979,0.2144370262537021,0.9677772729448199,0.4049617909616827,5,0.1,0.5,0.6216614779277811,0.6248895399783224,0.6280970387662979,0.6281667239251099,0.6210628883351437,0.6367855686789636,0.6313918739914592,1.0,0.6277939676872551,0.6306920845633146,0.6293893615296484,0.6196890169842584
2,8,0.2657651513091223,0.91816,5000,1.8331738931161385,0.8499399759903962,833,1.8330071037188886,0.847,0.8049409155310979,0.08306703717459923,,,0.6872820413701942,,0.6872948145173435,0.31270518548265647,0.9664144074428042,0.40414610335448203,5,0.1,0.5,0.6273007835780307,0.6242957667935312,0.6157114971339571,0.6204711899478306,0.6126998559383382,0.6226695689592517,0.6301641770482426,0.6277939676872551,1.0,0.6139877528745052,0.6226064657447444,0.6123106837964245
2,9,0.28074337543006156,0.91164,5000,1.8363342064398307,0.8163265306122449,833,1.832160582557654,0.8472,0.8102167671556303,0.0832847044831445,,,0.7527473885029283,,0.7527583956628683,0.24724160433713172,0.9674689471382341,0.4047715229198594,5,0.1,0.5,0.6274056706152762,0.6280848527325962,0.6247425867411686,0.6216890455293811,0.6200534441863953,0.6263135575054047,0.6323738963634822,0.6306920845633146,0.6139877528745052,1.0,0.6327442292185018,0.6229483254301351
2,10,0.26105821837380433,0.9224,5000,1.8197989728715684,0.8547418967587035,833,1.831207847823731,0.848,0.8142701986070003,0.08400705291975558,,,0.9699999996992412,,0.9700015059484965,0.029998494051503455,0.9687784605379053,0.4052828743570834,5,0.1,0.5,0.6275396341372985,0.6371765494569198,0.6253823233477654,0.6325960025052019,0.6247066865877228,0.6315920859216384,0.6297332036460871,0.6293893615296484,0.6226064657447444,0.6327442292185018,1.0,0.6230319051684964
2,11,0.2971658684514985,0.91136,5000,1.8393890460332234,0.8571428571428571,833,1.8349875504978168,0.8457,0.8035877857458716,0.08277683101421844,,,0.6,,0.6,0.4,0.9636580468589582,0.4025685005789919,5,0.1,0.5,0.6179818521925399,0.6246614921460016,0.616177080740229,0.6172194735764925,0.6196127351990406,0.6260236148481758,0.6187317388975676,0.6196890169842584,0.6123106837964245,0.6229483254301351,0.6230319051684964,1.0
3,0,0.2530683849125531,0.92328,5000,1.5949849508426808,0.907673860911271,834,1.6056126047627994,0.8988,0.8083855727009431,0.08340201849032366,,,0.8084221168190211,,0.8084333115807439,0.19156668841925606,0.9697720199513709,0.40258739528624543,5,0.1,0.5,1.0,0.6236181149889818,0.6159253032267102,0.6197616415855323,0.6105886791585353,0.620211271226265,0.6257686319679957,0.6173832991266569,0.6222596537170263,0.6183089406632382,0.6227879820368426,0.6189001359560674
3,1,0.25186725150746336,0.9262,5000,1.5746589060182925,0.9220623501199041,834,1.6040955385841882,0.899,0.8059136467997753,0.08369729374877467,,,0.8968598132231451,,0.8968726469554741,0.10312735304452592,0.9707434253639929,0.4027906156267395,5,0.1,0.5,0.6236181149889818,1.0,0.620483455460003,0.6132750567394997,0.6117615252301569,0.6210100823170994,0.6250591001527239,0.6195191623960666,0.61718688911817,0.6118053455544262,0.6201510231557457,0.605047960006021
3,2,0.24553000536112554,0.9252,5000,1.6053733030954997,0.8908872901678657,834,1.6069069948440162,0.8986,0.8058494546160213,0.08318365423306547,,,0.7430199832633007,,0.7430349882034034,0.2569650117965966,0.9687816850723315,0.40222411787021967,5,0.1,0.5,0.6159253032267102,0.620483455460003,1.0,0.6142894647508356,0.6236301712981107,0.6167657422548571,0.6251722917449218,0.613148141134822,0.6131364126043825,0.6147207636977634,0.6262448176326244,0.6082553288146768
3,3,0.25878727101916627,0.9212,5000,1.6002151215517963,0.8932853717026379,834,1.606320954740238,0.8987,0.8031064852008755,0.08315628083351052,,,0.7348213945563149,,0.7348275688971437,0.26517243110285627,0.9692610111025683,0.4021566144828379,5,0.1,0.5,0.6197616415855323,0.6132750567394997,0.6142894647508356,1.0,0.6072268213992028,0.6227796334045936,0.6209024463899923,0.6142321971032967,0.6156556755435153,0.6101526353152763,0.6172627160349913,0.6093546822341253
3,4,0.25459302536977135,0.92404,5000,1.60278966250243,0.9015606242496998,833,1.6047675186833634,0.8988,0.8012086519855417,0.08325986028970944,,,0.7658444086384246,,0.7658601475829526,0.23413985241704738,0.9699080792247058,0.4023800354699304,5,0.1,0.5,0.6105886791585353,0.6117615252301569,0.6236301712981107,0.6072268213992028,1.0,0.6154370562904211,0.6143935444667843,0.6112632958778381,0.6156755119456608,0.604537178752393,0.624091290805332,0.6066843840019732
3,5,0.23545566956441447,0.9268,5000,1.5857254399193659,0.9099639855942377,833,1.6045942283666934,0.8986,0.8083443511220109,0.08361267867525658,,,0.8715168087931037,,0.8715325535866674,0.12846744641333263,0.970547838111302,0.40275525406648865,5,0.1,0.5,0.620211271226265,0.6210100823170994,0.6167657422548571,0.6227796334045936,0.6154370562904211,1.0,0.628193599518122,0.617856959918792,0.6221490853587067,0.613578588006681,0.6251821270105167,0.6104413903143187
3,6,0.2534511492581694,0.92424,5000,1.6146354675292969,0.8727490996398559,833,1.611019846730339,0.8972,0.8126459355938616,0.08331873718810003,,,0.7834785893428903,,0.783489784649365,0.21651021535063497,0.9670712074965834,0.4024768910044634,5,0.1,0.5,0.6257686319679957,0.6250591001527239,0.6251722917449218,0.6209024463899923,0.6143935444667843,0.628193599518122,1.0,0.6311008918973967,0.6310924936489776,0.6174747771786147,0.6247630466210778,0.6143102046826822
3,7,0.2540995656963509,0.9222,5000,1.6238012402145952,0.8979591836734694,833,1.6054000405076974,0.8989,0.8059354048454103,0.08338336890535954,,,0.8028363920218513,,0.8028512624868229,0.19714873751317707,0.9700185103314417,0.402565587540156,5,0.1,0.5,0.6173832991266569,0.6195191623960666,0.613148141134822,0.6142321971032967,0.6112632958778381,0.617856959918792,0.6311008918973967,1.0,0.6236922007299623,0.6075964362265823,0.6211166886229901,0.614477447626018
3,8,0.245935801230371,0.92716,5000,1.6061157517962985,0.9063625450180072,833,1.6066537257581472,0.8982,0.8078060822208636,0.0832320867876688,,,0.7575259855018753,,0.7575473118819336,0.24245268811806642,0.9685634920237107,0.4023284416476772,5,0.1,0.5,0.6222596537170263,0.61718688911817,0.6131364126043825,0.6156556755435153,0.6156755119456608,0.6221490853587067,0.6310924936489776,0.6236922007299623,1.0,0.6176345779012113,0.6183903320527258,0.6140986633870836
3,9,0.25550613841101244,0.92032,5000,1.6107460966816656,0.8727490996398559,833,1.6059476723686195,0.8987,0.8000668719568451,0.08310638711919768,,,0.7198777613443057,,0.7198885598112544,0.28011144018874556,0.9692068435466831,0.4020223095332283,5,0.1,0.5,0.6183089406632382,0.6118053455544262,0.6147207636977634,0.6101526353152763,0.604537178752393,0.613578588006681,0.6174747771786147,0.6075964362265823,0.6176345779012113,1.0,0.6157865763801548,0.6035273101920876
3,10,0.23698963848369753,0.92828,5000,1.591859150815893,0.9087635054021609,833,1.6040707049659266,0.8991,0.8102829118208537,0.08394149377142752,,,0.9699999997004907,,0.9700015059484965,0.029998494051503455,0.9708448368706416,0.40282589917004763,5,0.1,0.5,0.6227879820368426,0.6201510231557457,0.6262448176326244,0.6172627160349913,0.624091290805332,0.6251821270105167,0.6247630466210778,0.6211166886229901,0.6183903320527258,0.6157865763801548,1.0,0.614810150754793
3,11,0.26728550793164096,0.92056,5000,1.6183292556692053,0.8943577430972389,833,1.6108774502818195,0.8973,0.7982422672359752,0.08270613995760588,,,0.6,,0.6,0.4,0.9654449916270154,0.40004312578518075,5,0.1,0.5,0.6189001359560674,0.605047960006021,0.6082553288146768,0.6093546822341253,0.6066843840019732,0.6104413903143187,0.6143102046826822,0.614477447626018,0.6140986633870836,0.6035273101920876,0.614810150754793,1.0
4,0,0.23587472197231926,0.93148,5000,1.3508240558482982,0.9280575539568345,834,1.3643478665488977,0.9228,0.7980992232007538,0.08350958049723868,,,0.886462311740603,,0.8864765825008785,0.11352341749912154,0.9700338213492097,0.3971444345736604,5,0.1,0.5,1.0,0.5999090286253187,0.597468880585146,0.5984279542263117,0.6086773369987077,0.601036175060572,0.6044934417248387,0.5950093399387033,0.6059494832218884,0.6037619716588448,0.603480656744225,0.5893759448280137
4,1,0.2290511307870127,0.93184,5000,1.326489907723886,0.9436450839328537,834,1.362660668528499,0.9225,0.7947114093009426,0.08358747116834474,,,0.9076817379696188,,0.9077004166457507,0.09229958335424926,0.9704839912350491,0.3971680393368745,5,0.1,0.5,0.5999090286253187,1.0,0.5919488148935405,0.5981737565057786,0.5958751254764155,0.6005392163152008,0.6023889241583466,0.6002316672026142,0.5957889926440305,0.590922856182846,0.6050003837695261,0.5930445313586192
4,2,0.23074932122709835,0.93232,5000,1.3629707936887387,0.9160671462829736,834,1.366090104221917,0.9229,0.7912848432326902,0.0831253415171938,,,0.78178571086406,,0.7817981025048943,0.21820189749510566,0.9693438152589623,0.3968218486833139,5,0.1,0.5,0.597468880585146,0.5919488148935405,1.0,0.5899642417352365,0.6060795321887991,0.6035069976530961,0.5964461069838252,0.5916364656250461,0.5884631955286431,0.5957875945338549,0.6009604794918094,0.5813453317381593
4,3,0.2333229079338348,0.92852,5000,1.3580585188335843,0.9136690647482014,834,1.3653486372944645,0.9228,0.7932595300769179,0.08317632169651158,,,0.795674025585381,,0.7956879674715125,0.2043120325284875,0.9691989594764238,0.3968932242784673,5,0.1,0.5,0.5984279542263117,0.5981737565057786,0.5899642417352365,1.0,0.5989044425621413,0.6055413251732372,0.595773610737953,0.6011097327889847,0.5974059314257301,0.5972196814964542,0.5962752695921945,0.5837908342262653
4,4,0.2313336834536901,0.92868,5000,1.3593513877303511,0.9303721488595438,833,1.3634362091271641,0.9225,0.7963273234091597,0.08335281523927356,,,0.8437554152737046,,0.8437678831383967,0.15623211686160332,0.9696729632842678,0.397063613219364,5,0.1,0.5,0.6086773369987077,0.5958751254764155,0.6060795321887991,0.5989044425621413,1.0,0.6118004176643994,0.600424108517571,0.5993840573506432,0.594559613624655,0.5929787212687023,0.5996461115529094,0.5829686138086168
4,5,0.2145756355593586,0.93584,5000,1.3391534244572674,0.9303721488595438,833,1.3631689418999913,0.9227,0.8012200909617477,0.08375924000385963,,,0.9544759956373882,,0.954485216605592,0.045514783394407954,0.9704401233298537,0.39719110362430926,5,0.1,0.5,0.601036175060572,0.6005392163152008,0.6035069976530961,0.6055413251732372,0.6118004176643994,1.0,0.6045611386309875,0.6108526594063838,0.6030841083698957,0.5987320455449803,0.6028353661800422,0.5938802473284841
4,6,0.23410303865316187,0.92908,5000,1.375423323225092,0.9087635054021609,833,1.3705632557122471,0.9222,0.7962343444306567,0.08338876308432881,,,0.8535485347244727,,0.8535615681943678,0.1464384318056322,0.9698611863764678,0.3970875280195778,5,0.1,0.5,0.6044934417248387,0.6023889241583466,0.5964461069838252,0.595773610737953,0.600424108517571,0.6045611386309875,1.0,0.6052653426482383,0.6009454610230613,0.5976445351517615,0.5977813102744144,0.5844222239628262
4,7,0.2333624442368983,0.93136,5000,1.3875757190916274,0.9195678271308524,833,1.3641074389314498,0.9226,0.7960111810159824,0.08342398043350888,,,0.8631426482722984,,0.863154460117464,0.136845539882536,0.970035040965243,0.39710745934838965,5,0.1,0.5,0.5950093399387033,0.6002316672026142,0.5916364656250461,0.6011097327889847,0.5993840573506432,0.6108526594063838,0.6052653426482383,1.0,0.6026717816110787,0.6012567842567401,0.5950914551285569,0.585239097007218
4,8,0.2233041710427897,0.93184,5000,1.3628953518690887,0.929171668667467,833,1.3656770615531995,0.9228,0.7946616566736904,0.08327594280108779,,,0.8228133819343525,,0.822830179207871,0.17716982079212895,0.9696094632794977,0.39700184636062386,5,0.1,0.5,0.6059494832218884,0.5957889926440305,0.5884631955286431,0.5974059314257301,0.594559613624655,0.6030841083698957,0.6009454610230613,0.6026717816110787,1.0,0.5954759510952128,0.6032484430347088,0.5879753159434653
4,9,0.2343913642499762,0.92788,5000,1.371397336324056,0.9003601440576231,833,1.3649876182452558,0.9226,0.7927792101667238,0.08312626298448095,,,0.7820367423013884,,0.7820541137493098,0.21794588625069022,0.9688964136124167,0.3968239509199711,5,0.1,0.5,0.6037619716588448,0.590922856182846,0.5957875945338549,0.5972196814964542,0.5929787212687023,0.5987320455449803,0.5976445351517615,0.6012567842567401,0.5954759510952128,1.0,0.6008850179045536,0.5836022287300126
4,10,0.21556906779504315,0.9344,5000,1.3489079696160775,0.9327731092436975,833,1.3625989432532948,0.9225,0.7965985102673396,0.08381622434847798,,,0.9699999997275741,,0.9700015059484965,0.029998494051503455,0.9706230565567974,0.39719327737131727,5,0.1,0.5,0.603480656744225,0.6050003837695261,0.6009604794918094,0.5962752695921945,0.5996461115529094,0.6028353661800422,0.5977813102744144,0.5950914551285569,0.6032484430347088,0.6008850179045536,1.0,0.5854364343979225
4,11,0.24992709555396228,0.92496,5000,1.3835512399673462,0.9183673469387755,833,1.372944126113916,0.9217,0.7813182931393053,0.08245805622569372,,,0.6,,0.6,0.4,0.9644685665626129,0.39436509260505237,5,0.1,0.5,0.5893759448280137,0.5930445313586192,0.5813453317381593,0.5837908342262653,0.5829686138086168,0.5938802473284841,0.5844222239628262,0.585239097007218,0.5879753159434653,0.5836022287300126,0.5854364343979225,1.0
5,0,0.21531953577509827,0.93604,5000,1.101668863384812,0.9388489208633094,834,1.1183208752744875,0.9331,0.7902888747439726,0.08364770783104626,,,0.9175502860298692,,0.9175693991265499,0.08243060087345011,0.96933089485401,0.39234457707189213,5,0.1,0.5,1.0,0.596550467507671,0.5784203009780778,0.5836024802176064,0.5818301082210345,0.592063367238992,0.5901107745531209,0.57694016485081,0.5885753559014819,0.5836288621809297,0.5936706952664035,0.5753853959614814
5,1,0.2093285080383585,0.93716,5000,1.074403859950878,0.9568345323741008,834,1.1166322419818597,0.9331,0.7882959183634269,0.08362965372399986,,,0.9131672368508211,,0.9131820691732343,0.0868179308267657,0.9693856777832371,0.39234133183888087,5,0.1,0.5,0.596550467507671,1.0,0.577816858300097,0.5791650762202497,0.5777975625529743,0.5916712624251194,0.5845697682548169,0.5849223376544622,0.5796317795134213,0.5829224221831941,0.5881887790792681,0.5784415887712839
5,2,0.21354183119478498,0.93572,5000,1.1162899953347665,0.9292565947242206,834,1.120379240368121,0.933,0.7826114344671667,0.08312061943975924,,,0.7895874720962595,,0.7895989157170825,0.21040108428291748,0.9684018103219968,0.392029725342729,5,0.1,0.5,0.5784203009780778,0.577816858300097,1.0,0.574874061465776,0.5875993380408643,0.5830754472954127,0.5852051630438196,0.575294324431522,0.5767432340951806,0.5755590804459791,0.5873813792401659,0.5684827728664592
5,3,0.22070684083055253,0.93532,5000,1.1118453917679962,0.9268585131894485,834,1.1197442797045358,0.933,0.7803402075591755,0.0830747796708015,,,0.778458815265902,,0.7784699563274936,0.2215300436725064,0.9683692542504334,0.3919680114543427,5,0.1,0.5,0.5836024802176064,0.5791650762202497,0.574874061465776,1.0,0.5758119036657953,0.585944932381021,0.5741111423629046,0.5740225762978697,0.5765679814512166,0.5743344760538314,0.5812334114265739,0.5691577500083635
5,4,0.2174935447787688,0.93364,5000,1.1107255948914423,0.936374549819928,833,1.1174976882843164,0.9331,0.7831274810478194,0.08329087460204314,,,0.8309208234140043,,0.8309372019476934,0.16906279805230662,0.968975079930272,0.3921966299110123,5,0.1,0.5,0.5818301082210345,0.5777975625529743,0.5875993380408643,0.5758119036657953,1.0,0.594392021578879,0.576072963582899,0.5765606878116191,0.581381946965312,0.5742538709058704,0.5834119454515924,0.5650011851247141
5,5,0.19543314329496805,0.93872,5000,1.0885938781279105,0.943577430972389,833,1.1170851496842722,0.9333,0.7916845558637341,0.08386375212065028,,,0.9699999997572271,,0.9700015059484965,0.029998494051503455,0.969463338437426,0.39236070511045223,5,0.1,0.5,0.592063367238992,0.5916712624251194,0.5830754472954127,0.585944932381021,0.594392021578879,1.0,0.5911514175663249,0.5827736055857885,0.5859121602846299,0.5808491469782644,0.5890011760581337,0.5759087096632514
5,6,0.21672300417688053,0.93416,5000,1.1314952726717349,0.921968787515006,833,1.124925753559929,0.9329,0.7861530618520142,0.08342138315835232,,,0.8626047731723316,,0.8626223583153456,0.13737764168465438,0.9691264078834106,0.39227547326825796,5,0.1,0.5,0.5901107745531209,0.5845697682548169,0.5852051630438196,0.5741111423629046,0.576072963582899,0.5911514175663249,1.0,0.584018989162633,0.5871902284388423,0.5780548827565447,0.5809515351375851,0.5710369012240231
5,7,0.21490047961995482,0.93584,5000,1.1452335913976033,0.9243697478991597,833,1.1181057082197536,0.933,0.7830135953054559,0.08333444981814764,,,0.8414997080236266,,0.8415139802218764,0.1584860197781236,0.969086508028546,0.3922265537586221,5,0.1,0.5,0.57694016485081,0.5849223376544622,0.575294324431522,0.5740225762978697,0.5765606878116191,0.5827736055857885,0.584018989162633,1.0,0.5857315971387121,0.585902520964686,0.5755445382331561,0.5711185547602279
5,8,0.20632176347029438,0.93692,5000,1.1148055085429438,0.9399759903961584,833,1.1197215610037978,0.9329,0.7857510964525637,0.08333180297559735,,,0.8408571261979348,,0.8408764620249988,0.15912353797500123,0.9689428704062163,0.39222505972648725,5,0.1,0.5,0.5885753559014819,0.5796317795134213,0.5767432340951806,0.5765679814512166,0.581381946965312,0.5859121602846299,0.5871902284388423,0.5857315971387121,1.0,0.5799555689262286,0.5848996119987304,0.572682604555187
5,9,0.2198662013651886,0.93344,5000,1.1286614073647394,0.9135654261704682,833,1.1192277774643213,0.9332,0.782772826087561,0.08312691507130633,,,0.7911158812617288,,0.7911299633552532,0.2088700366447468,0.968416519662018,0.39203740658288294,5,0.1,0.5,0.5836288621809297,0.5829224221831941,0.5755590804459791,0.5743344760538314,0.5742538709058704,0.5808491469782644,0.5780548827565447,0.585902520964686,0.5799555689262286,1.0,0.5925320093340288,0.5638783012099271
5,10,0.19803425153824175,0.94036,5000,1.1019833617740207,0.9375750300120048,833,1.1165215778655517,0.933,0.7893121724618241,0.08381836711105932,,,0.9589817462087423,,0.9589930224386326,0.0410069775613674,0.9694616116492052,0.3923596718692559,5,0.1,0.5,0.5936706952664035,0.5881887790792681,0.5873813792401659,0.5812334114265739,0.5834119454515924,0.5890011760581337,0.5809515351375851,0.5755445382331561,0.5848996119987304,0.5925320093340288,1.0,0.5733347740365419
5,11,0.23271819950870362,0.93168,5000,1.1435257152274803,0.9243697478991597,833,1.1304129468747222,0.9325,0.7730987398824377,0.08233969447723663,,,0.6,,0.6,0.4,0.9637807473203716,0.3895319945242461,5,0.1,0.5,0.5753853959614814,0.5784415887712839,0.5684827728664592,0.5691577500083635,0.5650011851247141,0.5759087096632514,0.5710369012240231,0.5711185547602279,0.572682604555187,0.5638783012099271,0.5733347740365419,1.0
6,0,0.20409596775077093,0.94012,5000,0.8722984459665086,0.9436450839328537,834,0.8912097566043988,0.942,0.7728732537180983,0.08372074143214195,,,0.9203650229562098,,0.9203855228151198,0.07961447718488024,0.9675143291886409,0.38394681256940055,5,0.1,0.5,1.0,0.5612138859268508,0.5605971983919904,0.5565408816300046,0.5599651904872338,0.5574535380443456,0.557315864225184,0.552347248738722,0.5634978012259154,0.5450852402321694,0.5570648310700748,0.5492650513931541
6,1,0.19675622500099574,0.94128,5000,0.8436065161669696,0.9652278177458034,834,0.8896139545943409,0.9422,0.772911218940521,0.08370992934839928,,,0.9175503692052243,,0.9175693991265499,0.08243060087345011,0.9675008970926344,0.3839450646083026,5,0.1,0.5,0.5612138859268508,1.0,0.5540308288188971,0.5566396513073902,0.5521793655239964,0.5603291911232982,0.5624323153768155,0.5573426442059669,0.5566055923337888,0.5448352580551526,0.5629250911101225,0.5522139288466263
6,2,0.20015705776679668,0.93984,5000,0.8888140166247332,0.9388489208633094,834,0.8932250441072848,0.9413,0.7714459044176286,0.08331521126517005,,,0.8147954553527714,,0.8148034737211988,0.18519652627880123,0.966593688226006,0.38373894970076305,5,0.1,0.5,0.5605971983919904,0.5540308288188971,1.0,0.5541451500599133,0.5617677933799902,0.5630567132034654,0.559615497621695,0.5561835031210753,0.5432481267426965,0.5493253149554013,0.5537677702151877,0.5543051115744574
6,3,0.2062762281875227,0.938,5000,0.8846541025020458,0.9316546762589928,834,0.8928271760574926,0.9414,0.7659478967275122,0.08308948147454905,,,0.7560323883064525,,0.756051403042016,0.243948596957984,0.9661771351712654,0.38342317513306945,5,0.1,0.5,0.5565408816300046,0.5566396513073902,0.5541451500599133,1.0,0.5529976090831495,0.560448391195975,0.5486512168638235,0.5497916040608923,0.5498362382696875,0.5359863045046309,0.5495160392873073,0.5449806639232002
6,4,0.20208306457182973,0.93872,5000,0.8804806625401532,0.943577430972389,833,0.8905091297131377,0.9418,0.768204835747534,0.08331499079416603,,,0.8147380612783982,,0.8147482556096581,0.18525174439034187,0.9668709426899174,0.3837388465694178,5,0.1,0.5,0.5599651904872338,0.5521793655239964,0.5617677933799902,0.5529976090831495,1.0,0.5661766294056724,0.5478340241113087,0.5459302657775121,0.5469037250317751,0.5421354139539158,0.5525692347528038,0.5507666506572473
6,5,0.18574750470472084,0.94428,5000,0.8592798720907282,0.9567827130852341,833,0.8900171150795568,0.942,0.774148038593813,0.0839114069892678,,,0.9699999997396751,,0.9700015059484965,0.029998494051503455,0.9675627202919386,0.38396378867086195,5,0.1,0.5,0.5574535380443456,0.5603291911232982,0.5630567132034654,0.560448391195975,0.5661766294056724,1.0,0.5616356512896861,0.5615955930496997,0.5543883256715982,0.5366964624703324,0.5574348358607819,0.5517580782362616
6,6,0.20174567958986636,0.94044,5000,0.906438268997051,0.9303721488595438,833,0.8976637471598178,0.9412,0.768186672080977,0.08340223162220352,,,0.8374490141085037,,0.8374629787661262,0.1625370212338738,0.967099905649428,0.38381428431637593,5,0.1,0.5,0.557315864225184,0.5624323153768155,0.559615497621695,0.5486512168638235,0.5478340241113087,0.5616356512896861,1.0,0.5566089337938163,0.5490002617354462,0.5392660200754561,0.5505038764330632,0.5454111165788592
6,7,0.19874515408875457,0.94048,5000,0.9215991739873532,0.9351740696278511,833,0.8910727205748756,0.9419,0.7692639640812039,0.08338187217825602,,,0.8321489455334989,,0.83216204005823,0.16783795994176998,0.9670113895128207,0.3837989474261139,5,0.1,0.5,0.552347248738722,0.5573426442059669,0.5561835031210753,0.5497916040608923,0.5459302657775121,0.5615955930496997,0.5566089337938163,1.0,0.5551036938449415,0.5438230814734152,0.5553169666628458,0.5547468082558927
6,8,0.19468936243503812,0.9416,5000,0.8861029368859751,0.9447779111644657,833,0.892671493866954,0.9412,0.7650032552329785,0.08322908108441533,,,0.7923736315763125,,0.7923849204357211,0.20761507956427894,0.9667293362111168,0.383641562469868,5,0.1,0.5,0.5634978012259154,0.5566055923337888,0.5432481267426965,0.5498362382696875,0.5469037250317751,0.5543883256715982,0.5490002617354462,0.5551036938449415,1.0,0.5330589618149685,0.5498195527460424,0.5479859279614808
6,9,0.2010354250883031,0.9378,5000,0.905800441900889,0.9231692677070829,833,0.8933060708137366,0.9412,0.7550735964177753,0.0827391808558912,,,0.6648404429104678,,0.6648461422619346,0.3351538577380654,0.9641836237774398,0.3824096031151394,5,0.1,0.5,0.5450852402321694,0.5448352580551526,0.5493253149554013,0.5359863045046309,0.5421354139539158,0.5366964624703324,0.5392660200754561,0.5438230814734152,0.5330589618149685,1.0,0.5489730689535431,0.5400221725648063
6,10,0.18601152276869412,0.94456,5000,0.8753173307136253,0.9531812725090036,833,0.8895059812564058,0.9421,0.7689260810763643,0.08369576724731613,,,0.9138636227940544,,0.9138748054816526,0.08612519451834744,0.9675161704210058,0.3839423414464378,5,0.1,0.5,0.5570648310700748,0.5629250911101225,0.5537677702151877,0.5495160392873073,0.5525692347528038,0.5574348358607819,0.5505038764330632,0.5553169666628458,0.5498195527460424,0.5489730689535431,1.0,0.5450923560454292
6,11,0.21879185962662764,0.93552,5000,0.9203455139089514,0.9279711884753902,833,0.905680184737562,0.9401,0.76300313543931,0.08249010570822377,,,0.6,,0.6,0.4,0.9616801563352779,0.3811178345569286,5,0.1,0.5,0.5492650513931541,0.5522139288466263,0.5543051115744574,0.5449806639232002,0.5507666506572473,0.5517580782362616,0.5454111165788592,0.5547468082558927,0.5479859279614808,0.5400221725648063,0.5450923560454292,1.0
7,0,0.18569224903042647,0.94496,5000,0.6700582515310358,0.9520383693045563,834,0.690748853805347,0.9485,0.7589083529879743,0.08375890176293711,,,0.9438655810613421,,0.9438783193614778,0.05612168063852219,0.964715072015703,0.377171922836271,5,0.1,0.5,1.0,0.5391413748638971,0.5397768827285494,0.514894787190291,0.5346896015228866,0.5274267289141303,0.5383577023891788,0.5379267782030042,0.5353756757477767,0.5349221757033031,0.5398469438468667,0.5251532671138716
