round,client_id,client_i_training_loss,client_i_training_accuracy,client_i_training_dataset_size,client_i_evaluation_loss,client_i_evaluation_accuracy,client_i_evaluation_dataset_size,client_i_central_evaluation_loss,client_i_central_evaluation_accuracy,client_i_cosine_similarity,client_i_importance_coefficient,client_i_tanh_val,tanh_normalization_value,client_i_q,client_i_mask_order,client_i_v_nonzero_fraction,client_i_v_sparsity,client_i_v_cosine_similarity,client_i_reward_gradient_norm,local_epochs,learning_rate,gamma,client_0_cosine_similarity,client_1_cosine_similarity,client_2_cosine_similarity,client_3_cosine_similarity,client_4_cosine_similarity,client_5_cosine_similarity,client_6_cosine_similarity,client_7_cosine_similarity,client_8_cosine_similarity,client_9_cosine_similarity,client_10_cosine_similarity,client_11_cosine_similarity
0,0,2.263929533958435,0.16870650347972163,4167,2.294503961290632,0.11390887290167866,834,2.2958924679816524,0.1054,0.9752339676997476,0.08301021783082205,,,0.8565248761948115,,0.856554603819049,0.14344539618095098,0,0.14684565968299532,10,0.025,0.15,1.0,0.9649996276051434,0.9634961567398199,0.9505004535593586,0.9495559262942316,0.9423997832367476,0.9534018308389169,0.9372683042302253,0.9553958469455118,0.9256666597032707,0.9626921942303643,0.9520170332101123
0,1,2.2673580689863724,0.16899448044156468,4167,2.2962832110268727,0.11630695443645084,834,2.2958913121042372,0.1054,0.9856145658314224,0.08389379627524088,,,0.9472979389122375,,0.9473354128500933,0.05266458714990674,0,0.1468541876066312,10,0.025,0.15,0.9649996276051434,1.0,0.961236696505635,0.956394291184205,0.9698873083093442,0.9685833739128399,0.956458807398035,0.9541316513533329,0.9677749852146429,0.9448323273448848,0.9738575976584659,0.9611948442179608
0,2,2.264236428520896,0.16961843052555794,4167,2.2969920294625417,0.10071942446043165,834,2.295891303050367,0.1054,0.9854918051642055,0.08388334710092554,,,0.9462244591759871,,0.9462626462675975,0.053737353732402515,0,0.1468541704325051,10,0.025,0.15,0.9634961567398199,0.961236696505635,1.0,0.9666895685109067,0.9596027167527221,0.9542112109137688,0.9510818571516721,0.962319730391771,0.9639213217603677,0.9561631527404016,0.9712370726054105,0.9679526913201989
0,3,2.2698855551806365,0.16729061675065995,4167,2.2958312715802873,0.12829736211031176,834,2.29589256153831,0.1055,0.9757211977796485,0.08305169000714677,,,0.8607854559841114,,0.8608291660477628,0.13917083395223717,0,0.1468462932254063,10,0.025,0.15,0.9505004535593586,0.956394291184205,0.9666895685109067,1.0,0.9480932488738085,0.9460920274978124,0.9508139752438948,0.9489347366435269,0.9415894191340508,0.9361382211082844,0.9597178128385009,0.9581537125390436
0,4,2.2626928517312717,0.183585313174946,4167,2.2963827678135464,0.09723889555822329,833,2.2958914599841154,0.1053,0.9806247765803615,0.0834690740994563,,,0.9036647641290592,,0.9036985690944199,0.09630143090558008,0,0.14685247293103953,10,0.025,0.15,0.9495559262942316,0.9698873083093442,0.9596027167527221,0.9480932488738085,1.0,0.9660268671519582,0.9402885398748643,0.9409796116849386,0.9618610642051222,0.9599616475677484,0.962857631262487,0.9616194719679043
0,5,2.2674202391595553,0.16023518118550517,4167,2.2972504752022878,0.09123649459783914,833,2.2958914388584186,0.1053,0.9804740978367821,0.0834562485870754,,,0.9023471549828788,,0.9023864930435214,0.09761350695647864,0,0.14685238011936505,10,0.025,0.15,0.9423997832367476,0.9685833739128399,0.9542112109137688,0.9460920274978124,0.9660268671519582,1.0,0.9471804285571485,0.9410618689204779,0.9693278106419555,0.9528445122111728,0.9641224475127929,0.9671153229787655
0,6,2.247791037415013,0.18188144948404128,4167,2.296221971511841,0.10444177671068428,833,2.2958943028993244,0.1054,0.9714835327089884,0.08269098733244475,,,0.8237292254706953,,0.8237774586984866,0.17622254130151338,0,0.14683896778116762,10,0.025,0.15,0.9534018308389169,0.956458807398035,0.9510818571516721,0.9508139752438948,0.9402885398748643,0.9471804285571485,1.0,0.959326760697096,0.9440851977759093,0.9107089889020373,0.9523031919779282,0.947676466631941
0,7,2.257048716689601,0.17873770098392128,4167,2.294073854173933,0.1092436974789916,833,2.295893032339555,0.1054,0.973981998969961,0.08290365243172905,,,0.8455770450016924,,0.8456288887788616,0.15437111122113845,0,0.14684386030912916,10,0.025,0.15,0.9372683042302253,0.9541316513533329,0.962319730391771,0.9489347366435269,0.9409796116849386,0.9410618689204779,0.959326760697096,1.0,0.9621640114719644,0.9365809027583883,0.9604443828769439,0.9394751428036078
0,8,2.2644371993613968,0.16937109937590014,4166,2.294774668557303,0.1056422569027611,833,2.2958914509302453,0.1053,0.9834847045078864,0.08371250618663456,,,0.9286733824995548,,0.9287270386691093,0.07127296133089067,0,0.14685367920711737,10,0.025,0.15,0.9553958469455118,0.9677749852146429,0.9639213217603677,0.9415894191340508,0.9618610642051222,0.9693278106419555,0.9440851977759093,0.9621640114719644,1.0,0.9604692734994129,0.9743136331105081,0.9534383016549175
0,9,2.2614240783633606,0.164450312049928,4166,2.296107598713466,0.11524609843937575,833,2.295893826062166,0.1054,0.9687699132032328,0.0824600087634619,,,0.8,,0.8000115528708884,0.19998844712911157,0,0.14682862385686488,10,0.025,0.15,0.9256666597032707,0.9448323273448848,0.9561631527404016,0.9361382211082844,0.9599616475677484,0.9528445122111728,0.9107089889020373,0.9365809027583883,0.9604692734994129,1.0,0.9516907350010553,0.9464164957316118
0,10,2.267152111458056,0.1586413826212194,4166,2.296407018389021,0.09123649459783914,833,2.295891336247891,0.1054,0.9870671442349964,0.08401743722058391,,,0.9599999998972665,,0.9600270667260814,0.0399729332739186,0,0.1468543490119863,10,0.025,0.15,0.9626921942303643,0.9738575976584659,0.9712370726054105,0.9597178128385009,0.962857631262487,0.9641224475127929,0.9523031919779282,0.9604443828769439,0.9743136331105081,0.9516907350010553,1.0,0.9631888245280964
0,11,2.2685246236396557,0.17674027844455112,4166,2.2965713909694125,0.09003601440576231,833,2.2958914448943317,0.1053,0.9804128369201055,0.08345103416447912,,,0.9018114593552214,,0.901858361802908,0.09814163819709198,0,0.14685236656391962,10,0.025,0.15,0.9520170332101123,0.9611948442179608,0.9679526913201989,0.9581537125390436,0.9616194719679043,0.9671153229787655,0.947676466631941,0.9394751428036078,0.9534383016549175,0.9464164957316118,0.9631888245280964,1.0
1,0,2.14456508918242,0.2253659707223422,4167,2.281697545732771,0.17266187050359713,834,2.2830098580710496,0.1685,0.9830117935996507,0.08306041644630353,,,0.8537930124740164,,0.8538396791602714,0.14616032083972863,0.889505107080247,0.14774647975150795,10,0.025,0.15,1.0,0.9704413019060288,0.9665355923429231,0.9665887451481481,0.9662140072295083,0.9566810657532008,0.963831467191647,0.9668013328447405,0.9708436554017569,0.9608542752694236,0.9671019705147149,0.9667879315382784
1,1,2.1494010495417046,0.21538276937844972,4167,2.2836393969399587,0.18585131894484413,834,2.283009314838844,0.1687,0.9875173736819618,0.08375124088865331,,,0.9512855665338734,,0.9513294053572313,0.04867059464276868,0.8894892668478875,0.14779339352165644,10,0.025,0.15,0.9704413019060288,1.0,0.9692933840215032,0.9667533562813017,0.9696401400258203,0.9687340457903172,0.9695917679738821,0.9743765116896501,0.9731378120467704,0.9668321376321444,0.9710331069299886,0.9758558024244504
1,2,2.141027934984727,0.2271178305735541,4167,2.2841787338256836,0.16786570743405277,834,2.2830092273180997,0.1687,0.9864556102230471,0.08371035321771494,,,0.9455152966578088,,0.945561221963658,0.054438778036342006,0.8894916735861746,0.14779315746850938,10,0.025,0.15,0.9665355923429231,0.9692933840215032,1.0,0.9687241276663936,0.96876047257647,0.9616768029725042,0.9678332918072341,0.972303488670775,0.9706105848006146,0.9684561188861979,0.9734641884899345,0.9754696006358048
1,3,2.153438281290459,0.2184065274778018,4167,2.282269171306065,0.20623501199040767,834,2.2830095592933364,0.1685,0.984012111145467,0.0831184336622423,,,0.861980688263357,,0.8620257133897774,0.1379742866102226,0.8895340748762492,0.14774881556733183,10,0.025,0.15,0.9665887451481481,0.9667533562813017,0.9687241276663936,1.0,0.9670222665303778,0.9606257613953233,0.9614704330048799,0.9673684050780931,0.9655881758080204,0.9626739966971463,0.9737474785402819,0.9738955917909686
1,4,2.135432529088223,0.2369330453563715,4167,2.282857758658273,0.14765906362545017,833,2.2830104073391686,0.1686,0.9850760115745381,0.08341023122322232,,,0.9031605998941844,,0.9031951940057105,0.09680480599428953,0.8895785573744649,0.14777494174444739,10,0.025,0.15,0.9662140072295083,0.9696401400258203,0.96876047257647,0.9670222665303778,1.0,0.9686926096284287,0.9625471922354885,0.9681694650964957,0.9684112811287594,0.9677541599108174,0.9672925330622294,0.9724429550116307
1,5,2.1409993084994228,0.21979841612670986,4167,2.283488920756749,0.16566626650660263,833,2.283008599583107,0.1687,0.9818560036405981,0.08329785910818864,,,0.8873020925395847,,0.8873512567873116,0.11264874321268836,0.889684293404477,0.14776958435056062,10,0.025,0.15,0.9566810657532008,0.9687340457903172,0.9616768029725042,0.9606257613953233,0.9686926096284287,1.0,0.9577868399223985,0.9670983515507036,0.9689722093073133,0.9668886100275358,0.9628652055374841,0.9688404050686464
1,6,2.1187608549089143,0.23743700503959683,4167,2.2826056139809743,0.16926770708283315,833,2.2830146505862854,0.1683,0.9825993040346952,0.08285025581318693,,,0.8241341069267802,,0.8241735571289466,0.17582644287105342,0.889438799592734,0.14773493605807667,10,0.025,0.15,0.963831467191647,0.9695917679738821,0.9678332918072341,0.9614704330048799,0.9625471922354885,0.9577868399223985,1.0,0.9728042294895847,0.968451609015564,0.9517040120504513,0.9698678613286783,0.9719542433426385
1,7,2.1322255141807327,0.23285337173026158,4167,2.28117493220738,0.15366146458583432,833,2.2830102473874634,0.1686,0.9872622784056369,0.08313262590165406,,,0.8639835671183315,,0.8640062055420772,0.1359937944579228,0.8894977721526258,0.1477492628725048,10,0.025,0.15,0.9668013328447405,0.9743765116896501,0.972303488670775,0.9673684050780931,0.9681694650964957,0.9670983515507036,0.9728042294895847,1.0,0.9762829568545158,0.9646317239245572,0.970145056829676,0.9729678372161034
1,8,2.1462072885397707,0.21908305328852617,4166,2.2820941039494107,0.17767106842737096,833,2.2830096407781673,0.1686,0.9874870992872586,0.08363850887164319,,,0.935376268036483,,0.9354111996831213,0.06458880031687875,0.8895728864391802,0.14777792119206498,10,0.025,0.15,0.9708436554017569,0.9731378120467704,0.9706105848006146,0.9655881758080204,0.9684112811287594,0.9689722093073133,0.968451609015564,0.9762829568545158,1.0,0.9663232875193888,0.9714017460302379,0.9753505145559471
1,9,2.1286859396732214,0.2256601056168987,4166,2.285405227116176,0.18247298919567828,833,2.2830202549318726,0.1683,0.9817167116467702,0.08267924346131987,,,0.8,,0.8000115528708884,0.19998844712911157,0.8892159223394306,0.1476961254343135,10,0.025,0.15,0.9608542752694236,0.9668321376321444,0.9684561188861979,0.9626739966971463,0.9677541599108174,0.9668886100275358,0.9517040120504513,0.9646317239245572,0.9663232875193888,1.0,0.9654988095098576,0.9659213276895063
1,10,2.1472267121979685,0.22112337974075852,4166,2.282902649470738,0.1524609843937575,833,2.2830095200598994,0.1687,0.9870715349281591,0.08381299066636907,,,0.9599999998588751,,0.9600270667260814,0.0399729332739186,0.8894820499483465,0.14779364209642296,10,0.025,0.15,0.9671019705147149,0.9710331069299886,0.9734641884899345,0.9737474785402819,0.9672925330622294,0.9628652055374841,0.9698678613286783,0.970145056829676,0.9714017460302379,0.9654988095098576,1.0,0.977924002996105
1,11,2.1477832956747576,0.2244359097455593,4166,2.285022463117327,0.14165666266506602,833,2.283009743388695,0.1686,0.989352131795566,0.0835378407395018,,,0.9211694844989509,,0.9212094205410044,0.07879057945899559,0.8895845457677911,0.14777685275852923,10,0.025,0.15,0.9667879315382784,0.9758558024244504,0.9754696006358048,0.9738955917909686,0.9724429550116307,0.9688404050686464,0.9719542433426385,0.9729678372161034,0.9753505145559471,0.9659213276895063,0.977924002996105,1.0
2,0,2.0669754259514086,0.25812335013198945,4167,2.2621685096195767,0.2314148681055156,834,2.263624637941771,0.2267,0.9791724072589745,0.08306015026664709,,,0.96,,0.9600270667260814,0.0399729332739186,0.9717644638327221,0.14736016167203253,10,0.025,0.15,1.0,0.9616353359989361,0.9606217356179977,0.9595432566018236,0.9601671952677876,0.9530644963754354,0.953959856093402,0.9585208605125957,0.9603983529224404,0.9548330974655307,0.9599156835273849,0.9606828911555678
2,1,2.0704264705831354,0.2490520758339333,4167,2.2644194875444685,0.23980815347721823,834,2.263619519487212,0.2258,0.9833063958512636,0.08362073290481346,,,0.96,,0.9600270667260814,0.0399729332739186,0.9722591978996684,0.14736016167203253,10,0.025,0.15,0.9616353359989361,1.0,0.9606698474224064,0.9585025132008851,0.9633914719661857,0.9653484556027244,0.961045550349372,0.9660219110640522,0.9639510762742347,0.9631021180954707,0.9617072140827071,0.9664700401457703
2,2,2.057721772699645,0.26009119270458364,4167,2.2645203726632253,0.2302158273381295,834,2.263619368589377,0.2258,0.9827504709737512,0.08357744470631898,,,0.96,,0.9600270667260814,0.0399729332739186,0.9722595059896112,0.14736016167203253,10,0.025,0.15,0.9606217356179977,0.9606698474224064,1.0,0.9609509426979824,0.9616600190487036,0.9592570102453172,0.9636122368094049,0.9658540441463792,0.9634568788571338,0.9579541180160995,0.9628754412051987,0.9683653503929399
2,3,2.0752601309256122,0.25008399328053754,4167,2.26246292250497,0.23860911270983212,834,2.2636241520507427,0.2267,0.9807565651337363,0.08314740560349562,,,0.96,,0.9600270667260814,0.0399729332739186,0.9718008209795015,0.14736016167203253,10,0.025,0.15,0.9595432566018236,0.9585025132008851,0.9609509426979824,1.0,0.9635288157074382,0.9615294156609384,0.9570898857920878,0.9620798215715322,0.9537259826627372,0.9568997701884131,0.964230221931467,0.9639585777178743
2,4,2.0555861776525326,0.2646028317734581,4167,2.2629240240369524,0.2112845138055222,833,2.2636216411107704,0.2262,0.9827837179949157,0.08339331686161823,,,0.96,,0.9600270667260814,0.0399729332739186,0.9720767120959711,0.14736016167203253,10,0.025,0.15,0.9601671952677876,0.9633914719661857,0.9616600190487036,0.9635288157074382,1.0,0.9691560385002895,0.9603576783854983,0.962628459620337,0.9598331566291509,0.9593778176912618,0.9602065114720895,0.9655163691362335
2,5,2.060161081227389,0.2531797456203504,4167,2.2631315844399587,0.22809123649459784,833,2.263619259942936,0.2267,0.9825459866615122,0.08331624976556323,,,0.96,,0.9600270667260814,0.0399729332739186,0.9719856548110936,0.14736016167203253,10,0.025,0.15,0.9530644963754354,0.9653484556027244,0.9592570102453172,0.9615294156609384,0.9691560385002895,1.0,0.958959153841468,0.9649807223276311,0.9631586401778448,0.9626990139075203,0.9601621490368775,0.9647337183064384
2,6,2.0390452186266583,0.26947444204463644,4167,2.2627153737204417,0.2304921968787515,833,2.2636321617078177,0.2267,0.9817157020513034,0.08301306306641783,,,0.96,,0.9600270667260814,0.0399729332739186,0.9717119085371826,0.14736016167203253,10,0.025,0.15,0.953959856093402,0.961045550349372,0.9636122368094049,0.9570898857920878,0.9603576783854983,0.958959153841468,1.0,0.9685695542146946,0.9661058840804304,0.9501459908968984,0.9650353429650217,0.9684636203588315
2,7,2.0483062227567035,0.2658747300215983,4167,2.2613254274640764,0.22448979591836735,833,2.2636249216297006,0.2268,0.9844893670741106,0.08327740279967877,,,0.96,,0.9600270667260814,0.0399729332739186,0.9717972669980819,0.14736016167203253,10,0.025,0.15,0.9585208605125957,0.9660219110640522,0.9658540441463792,0.9620798215715322,0.962628459620337,0.9649807223276311,0.9685695542146946,1.0,0.9668577813344852,0.9558200012320086,0.9639494661121167,0.9706896758979481
2,8,2.06852990063754,0.2503120499279885,4166,2.26287351335798,0.234093637454982,833,2.2636200597014606,0.2262,0.9830076831652025,0.08354146307451188,,,0.96,,0.9600270667260814,0.0399729332739186,0.9721117752368365,0.14736016167203253,10,0.025,0.15,0.9603983529224404,0.9639510762742347,0.9634568788571338,0.9537259826627372,0.9598331566291509,0.9631586401778448,0.9661058840804304,0.9668577813344852,1.0,0.9588607691294685,0.9629672485017274,0.9690149829128963
2,9,2.045333390163653,0.25974555928948634,4166,2.2688800948006764,0.22569027611044418,833,2.263643672194662,0.2267,0.978612327695321,0.0828067343333702,,,0.96,,0.9600270667260814,0.0399729332739186,0.9714034528213147,0.14736016167203253,10,0.025,0.15,0.9548330974655307,0.9631021180954707,0.9579541180160995,0.9568997701884131,0.9593778176912618,0.9626990139075203,0.9501459908968984,0.9558200012320086,0.9588607691294685,1.0,0.9576279634066798,0.9596215240596645
2,10,2.0674489245270236,0.25660105616898704,4166,2.2626499789101735,0.21248499399759904,833,2.2636197729955745,0.2258,0.9831732664587353,0.08365451522863458,,,0.96,,0.9600270667260814,0.0399729332739186,0.9722624449568127,0.14736016167203253,10,0.025,0.15,0.9599156835273849,0.9617072140827071,0.9628754412051987,0.964230221931467,0.9602065114720895,0.9601621490368775,0.9650353429650217,0.9639494661121167,0.9629672485017274,0.9576279634066798,1.0,0.9715367058629002
2,11,2.06634143482555,0.25825732117138744,4166,2.267354897090367,0.2064825930372149,833,2.263620476179485,0.2262,0.9864616118805334,0.0835915213889302,,,0.96,,0.9600270667260814,0.0399729332739186,0.9721084719026903,0.14736016167203253,10,0.025,0.15,0.9606828911555678,0.9664700401457703,0.9683653503929399,0.9639585777178743,0.9655163691362335,0.9647337183064384,0.9684636203588315,0.9706896758979481,0.9690149829128963,0.9596215240596645,0.9715367058629002,1.0
3,0,2.009582789738973,0.27984161267098634,4167,2.2362032617841447,0.2637889688249401,834,2.2380428585825087,0.2616,0.9749942894866347,0.08305670424070047,,,0.96,,0.9600270667260814,0.0399729332739186,0.983537507242552,0.14674657446468053,10,0.025,0.15,1.0,0.9510815701053428,0.952417517292545,0.9513006707569538,0.9526367976151942,0.9450665129729873,0.9443769013664997,0.951311977607726,0.9507735563379304,0.9437779784597473,0.9510731056177543,0.9524601322575301
3,1,2.011745682629672,0.27276217902567795,4167,2.2387568950653076,0.2733812949640288,834,2.238032461721686,0.2622,0.978386211729397,0.08351354012444664,,,0.96,,0.9600270667260814,0.0399729332739186,0.983537507242552,0.14674657446468053,10,0.025,0.15,0.9510815701053428,1.0,0.9513646072571167,0.9497373922816356,0.9562396880489222,0.9551912905978075,0.9502332530394774,0.9595389032362337,0.9527016333265843,0.9516359096748869,0.9518827092920815,0.956218222210791
3,2,1.999302290425156,0.28272138228941684,4167,2.2382400717054094,0.2589928057553957,834,2.2380322746083707,0.2622,0.978761197426033,0.08349898271969884,,,0.96,,0.9600270667260814,0.0399729332739186,0.983537507242552,0.14674657446468053,10,0.025,0.15,0.952417517292545,0.9513646072571167,1.0,0.9517116321381478,0.9549610527703796,0.951548267053574,0.952980209284428,0.9578987908468226,0.9544176061976904,0.950602189387902,0.954002307661631,0.9583413513130427
3,3,2.017318587592154,0.2739860811135109,4167,2.236635140010289,0.27817745803357313,834,2.238042155398598,0.2615,0.9763961713810745,0.08315624114330832,,,0.96,,0.9600270667260814,0.0399729332739186,0.983537507242552,0.14674657446468053,10,0.025,0.15,0.9513006707569538,0.9497373922816356,0.9517116321381478,1.0,0.9545409489371904,0.9522170017042894,0.9475223163618698,0.955528778633667,0.9443672274954962,0.9477089921197958,0.9550557364713892,0.9530382072712041
3,4,2.0001946936954154,0.286729061675066,4167,2.236900874546596,0.2665066026410564,833,2.238035431391076,0.2622,0.9795045064958776,0.083409355264405,,,0.96,,0.9600270667260814,0.0399729332739186,0.983537507242552,0.14674657446468053,10,0.025,0.15,0.9526367976151942,0.9562396880489222,0.9549610527703796,0.9545409489371904,1.0,0.9606334221674412,0.9522982894671655,0.9550384169322931,0.951346438168145,0.9494979277128909,0.9544690029040118,0.9573986852644764
3,5,2.002196915583177,0.276601871850252,4167,2.2363457339150563,0.2533013205282113,833,2.2380322866801974,0.2616,0.9787472163862265,0.08333708501361717,,,0.96,,0.9600270667260814,0.0399729332739186,0.983537507242552,0.14674657446468053,10,0.025,0.15,0.9450665129729873,0.9551912905978075,0.951548267053574,0.9522170017042894,0.9606334221674412,1.0,0.9499835285516595,0.9574623680079228,0.9542458678175634,0.951743909448197,0.9544622229981381,0.957634870128527
3,6,1.9799764170791163,0.29476841852651786,4167,2.236509527478899,0.27130852340936373,833,2.238053291658812,0.2617,0.9772737316837679,0.08310175301963117,,,0.96,,0.9600270667260814,0.0399729332739186,0.983537507242552,0.14674657446468053,10,0.025,0.15,0.9443769013664997,0.9502332530394774,0.952980209284428,0.9475223163618698,0.9522982894671655,0.9499835285516595,1.0,0.9618441405292708,0.9579245633049237,0.9390380626244728,0.957591388811386,0.9591830007880792
3,7,1.9886611060662702,0.28857691384689227,4167,2.2352376665387834,0.2605042016806723,833,2.2380431784859187,0.2615,0.9817560638695048,0.08341095548225229,,,0.96,,0.9600270667260814,0.0399729332739186,0.983537507242552,0.14674657446468053,10,0.025,0.15,0.951311977607726,0.9595389032362337,0.9578987908468226,0.955528778633667,0.9550384169322931,0.9574623680079228,0.9618441405292708,1.0,0.9609373803527504,0.945690960684079,0.9568017304166079,0.9634406966438849
3,8,2.0106596097801672,0.27153144503120497,4166,2.2376338073185513,0.25570228091236497,833,2.2380330743668955,0.2622,0.9787009544415154,0.0834747829295895,,,0.96,,0.9600270667260814,0.0399729332739186,0.983537507242552,0.14674657446468053,10,0.025,0.15,0.9507735563379304,0.9527016333265843,0.9544176061976904,0.9443672274954962,0.951346438168145,0.9542458678175634,0.9579245633049237,0.9609373803527504,1.0,0.9478306278227469,0.9539098563492147,0.9610754037707595
3,9,1.9883322235309717,0.28185309649543927,4166,2.246711151940482,0.2533013205282113,833,2.2380708018435707,0.2619,0.9731337301141316,0.0828395432147492,,,0.96,,0.9600270667260814,0.0399729332739186,0.983537507242552,0.14674657446468053,10,0.025,0.15,0.9437779784597473,0.9516359096748869,0.950602189387902,0.9477089921197958,0.9494979277128909,0.951743909448197,0.9390380626244728,0.945690960684079,0.9478306278227469,1.0,0.948746944445108,0.9483354959187246
3,10,2.011004237695174,0.27609217474795966,4166,2.2363525799342563,0.2665066026410564,833,2.2380328842356234,0.2622,0.9797755757648265,0.08357961848581419,,,0.96,,0.9600270667260814,0.0399729332739186,0.983537507242552,0.14674657446468053,10,0.025,0.15,0.9510731056177543,0.9518827092920815,0.954002307661631,0.9550557364713892,0.9544690029040118,0.9544622229981381,0.957591388811386,0.9568017304166079,0.9539098563492147,0.948746944445108,1.0,0.9641074281649776
3,11,2.0077935587276112,0.2829332693230917,4166,2.2436930452074324,0.24489795918367346,833,2.238033798676503,0.2622,0.9822579886436559,0.0836214383617872,,,0.96,,0.9600270667260814,0.0399729332739186,0.983537507242552,0.14674657446468053,10,0.025,0.15,0.9524601322575301,0.956218222210791,0.9583413513130427,0.9530382072712041,0.9573986852644764,0.957634870128527,0.9591830007880792,0.9634406966438849,0.9610754037707595,0.9483354959187246,0.9641074281649776,1.0
4,0,1.9623481046069753,0.2955843532517399,4167,2.2048041820526123,0.26258992805755393,834,2.207295852371409,0.2761,0.9711408658997506,0.08306647892051079,,,0.96,,0.9600270667260814,0.0399729332739186,0.9872860091417667,0.14611154768736778,10,0.025,0.15,1.0,0.9392044142938812,0.945681955732232,0.9429300098300992,0.9438296474601103,0.9330626129251082,0.9373007879499657,0.9444098461100966,0.9422711041707261,0.9374879632908426,0.9430273351007509,0.9425638528384147
4,1,1.9647594852880998,0.2891288696904248,4167,2.207574095044817,0.2745803357314149,834,2.207280240481413,0.2768,0.9724987200208405,0.08339355934201631,,,0.96,,0.9600270667260814,0.0399729332739186,0.9872860091417667,0.14611154768736778,10,0.025,0.15,0.9392044142938812,1.0,0.9407983436099173,0.9388475860589379,0.9444473270061596,0.9419546560484725,0.9387437481793031,0.949912807069439,0.9432210512302549,0.9427047785830551,0.9426054214335298,0.9448894713949479
4,2,1.9476736404679038,0.3017278617710583,4167,2.2066289016178677,0.27577937649880097,834,2.2072799990448773,0.2768,0.9749897834990777,0.08346571811360103,,,0.96,,0.9600270667260814,0.0399729332739186,0.9872860091417667,0.14611154768736778,10,0.025,0.15,0.945681955732232,0.9407983436099173,1.0,0.9439803093498912,0.9464360801492022,0.9411766861613339,0.9441896878520349,0.95098534356021,0.9463566162091759,0.9389303114615506,0.9462460603591085,0.9516594044958924
4,3,1.969683305422465,0.2912407007439405,4167,2.2056826182774136,0.28896882494004794,834,2.207294986217837,0.2762,0.9721699317855605,0.08316163605367133,,,0.96,,0.9600270667260814,0.0399729332739186,0.9872860091417667,0.14611154768736778,10,0.025,0.15,0.9429300098300992,0.9388475860589379,0.9439803093498912,1.0,0.9442092338741138,0.942902042886289,0.9401790507967296,0.947125003878326,0.9355831522483425,0.9402761666790274,0.9444547894685758,0.9432727627187553
4,4,1.9554470589666655,0.29827213822894166,4167,2.2059435844421387,0.2845138055222089,833,2.2072835360901264,0.2768,0.9744419618095417,0.08339237746319728,,,0.96,,0.9600270667260814,0.0399729332739186,0.9872860091417667,0.14611154768736778,10,0.025,0.15,0.9438296474601103,0.9444473270061596,0.9464360801492022,0.9442092338741138,1.0,0.9498316900982164,0.9440816295380157,0.9442001185632347,0.9395345547648063,0.9403996757437757,0.9459446610551645,0.9472089665405203
4,5,1.9589766661326091,0.292896568274538,4167,2.2038394723619734,0.28331332533013204,833,2.2072795342795457,0.2762,0.9733569127068546,0.0833122773467369,,,0.96,,0.9600270667260814,0.0399729332739186,0.9872860091417667,0.14611154768736778,10,0.025,0.15,0.9330626129251082,0.9419546560484725,0.9411766861613339,0.942902042886289,0.9498316900982164,1.0,0.9403010235094473,0.9481157157597303,0.9431493707530892,0.9435269379444635,0.9439368433446098,0.9495000009315462
4,6,1.9343160650946878,0.3089992800575954,4167,2.2052228450775146,0.28211284513805523,833,2.207309572002556,0.276,0.9735424866996802,0.08317262636763116,,,0.96,,0.9600270667260814,0.0399729332739186,0.9872860091417667,0.14611154768736778,10,0.025,0.15,0.9373007879499657,0.9387437481793031,0.9441896878520349,0.9401790507967296,0.9440816295380157,0.9403010235094473,1.0,0.9517938499782604,0.9492752856680611,0.93403979606943,0.9492634065531371,0.95055213298884
4,7,1.9383502501429934,0.3045356371490281,4167,2.204000677381243,0.2809123649459784,833,2.2072964589807054,0.2761,0.9780035098590733,0.08350942151039609,,,0.96,,0.9600270667260814,0.0399729332739186,0.9872860091417667,0.14611154768736778,10,0.025,0.15,0.9444098461100966,0.949912807069439,0.95098534356021,0.947125003878326,0.9442001185632347,0.9481157157597303,0.9517938499782604,1.0,0.9532763967496217,0.9360471198776428,0.9496956040623449,0.9561092911048774
4,8,1.96203152699904,0.2867978876620259,4166,2.2071906498500278,0.26410564225690275,833,2.207280569438693,0.2767,0.9747618631920539,0.08344330882275158,,,0.96,,0.9600270667260814,0.0399729332739186,0.9872860091417667,0.14611154768736778,10,0.025,0.15,0.9422711041707261,0.9432210512302549,0.9463566162091759,0.9355831522483425,0.9395345547648063,0.9431493707530892,0.9492752856680611,0.9532763967496217,1.0,0.9394268533047391,0.9478629978271612,0.9538093727457271
4,9,1.9398491758288758,0.299711953912626,4166,2.2195189339773997,0.27010804321728693,833,2.2073330366158785,0.2767,0.9696237239824225,0.08288259475459053,,,0.96,,0.9600270667260814,0.0399729332739186,0.9872860091417667,0.14611154768736778,10,0.025,0.15,0.9374879632908426,0.9427047785830551,0.9389303114615506,0.9402761666790274,0.9403996757437757,0.9435269379444635,0.93403979606943,0.9360471198776428,0.9394268533047391,1.0,0.9398910152837191,0.9414874229590642
4,10,1.9639970577124393,0.2940710513682189,4166,2.2052647726876393,0.27130852340936373,833,2.2072807535340515,0.2767,0.9759763582830216,0.08354778866520735,,,0.96,,0.9600270667260814,0.0399729332739186,0.9872860091417667,0.14611154768736778,10,0.025,0.15,0.9430273351007509,0.9426054214335298,0.9462460603591085,0.9444547894685758,0.9459446610551645,0.9439368433446098,0.9492634065531371,0.9496956040623449,0.9478629978271612,0.9398910152837191,1.0,0.9549882215064165
4,11,1.9595964410088278,0.29834373499759964,4166,2.2151976994105746,0.2785114045618247,833,2.2072816045978403,0.2767,0.97838643677254,0.08365221263968975,,,0.96,,0.9600270667260814,0.0399729332739186,0.9872860091417667,0.14611154768736778,10,0.025,0.15,0.9425638528384147,0.9448894713949479,0.9516594044958924,0.9432727627187553,0.9472089665405203,0.9495000009315462,0.95055213298884,0.9561092911048774,0.9538093727457271,0.9414874229590642,0.9549882215064165,1.0
5,0,1.9234789216157162,0.31079913606911447,4167,2.1688152721949985,0.2673860911270983,834,2.1720312335823158,0.2863,0.9700447937527052,0.08313330745733191,,,0.96,,0.9600270667260814,0.0399729332739186,0.9900566655813997,0.1456662604744124,10,0.025,0.15,1.0,0.9320359468797456,0.9419083673279179,0.9400401193139133,0.9412332111478049,0.931443758662993,0.9314018391905837,0.9418199753542101,0.9378150746973614,0.932156418214896,0.936481056575807,0.9380686803403654
5,1,1.9223769159028024,0.30539956803455726,4167,2.171581745147705,0.2853717026378897,834,2.1720101018495197,0.2854,0.9685197042351985,0.08328629074985969,,,0.96,,0.9600270667260814,0.0399729332739186,0.9900566655813997,0.1456662604744124,10,0.025,0.15,0.9320359468797456,1.0,0.9329965066773457,0.934353584968475,0.9377884732525724,0.9346044438718083,0.9290065802723226,0.9445077346353923,0.9355317698379261,0.9365391443689624,0.9336862753837888,0.9353545310354443
5,2,1.9055644840905162,0.3152627789776818,4167,2.1701322623661587,0.2973621103117506,834,2.172009812125677,0.2854,0.9720432874562549,0.08344596701106839,,,0.96,,0.9600270667260814,0.0399729332739186,0.9900566655813997,0.1456662604744124,10,0.025,0.15,0.9419083673279179,0.9329965066773457,1.0,0.9373221392050423,0.9438629249698872,0.9355854586196368,0.9370027543658378,0.9456043532498195,0.940234198927463,0.9310829802377575,0.9381597896418953,0.9436169236837326
5,3,1.9292724313157978,0.3046796256299496,4167,2.169931275503976,0.2973621103117506,834,2.1720300897767273,0.2862,0.9704130377410966,0.08320430247254734,,,0.96,,0.9600270667260814,0.0399729332739186,0.9900566655813997,0.1456662604744124,10,0.025,0.15,0.9400401193139133,0.934353584968475,0.9373221392050423,1.0,0.9398022365315919,0.9369071768843475,0.9322986566068587,0.9449272722292139,0.9342926877402831,0.9344956781762946,0.9374077993444118,0.936802826945003
5,4,1.9128851316191933,0.31283897288216944,4167,2.170417070388794,0.28811524609843936,833,2.172014239468152,0.2855,0.9723933057332084,0.08341192646630535,,,0.96,,0.9600270667260814,0.0399729332739186,0.9900566655813997,0.1456662604744124,10,0.025,0.15,0.9412332111478049,0.9377884732525724,0.9438629249698872,0.9398022365315919,1.0,0.9415498203305831,0.9368257328540698,0.9400901556725103,0.9351448665285915,0.9349825570095638,0.9401116445562548,0.9401613732578565
5,5,1.917040674975424,0.30808735301175905,4167,2.1662015233721053,0.30012004801920766,833,2.172009202498424,0.2862,0.9700645462137104,0.08328630654158989,,,0.96,,0.9600270667260814,0.0399729332739186,0.9900566655813997,0.1456662604744124,10,0.025,0.15,0.931443758662993,0.9346044438718083,0.9355854586196368,0.9369071768843475,0.9415498203305831,1.0,0.9294476047314602,0.9434348330518585,0.939146654804369,0.9345751366800562,0.9362377964744538,0.9414929064402471
5,6,1.8943668141509546,0.32378209743220543,4167,2.169501304626465,0.297719087635054,833,2.172048167337345,0.2861,0.9685851085692294,0.08315148223195869,,,0.96,,0.9600270667260814,0.0399729332739186,0.9900566655813997,0.1456662604744124,10,0.025,0.15,0.9314018391905837,0.9290065802723226,0.9370027543658378,0.9322986566068587,0.9368257328540698,0.9294476047314602,1.0,0.9434370141283523,0.9405074200551181,0.9256862362061414,0.940973807724604,0.9406524594060548
5,7,1.8914243311593026,0.318334533237341,4167,2.1685897963387624,0.2857142857142857,833,2.172032304956943,0.2861,0.9762197242522368,0.08360930361410267,,,0.96,,0.9600270667260814,0.0399729332739186,0.9900566655813997,0.1456662604744124,10,0.025,0.15,0.9418199753542101,0.9445077346353923,0.9456043532498195,0.9449272722292139,0.9400901556725103,0.9434348330518585,0.9434370141283523,1.0,0.9474871303405474,0.9311626404831698,0.9446597714928014,0.9488645834187215
5,8,1.917142557736599,0.30110417666826694,4166,2.1721252373286655,0.2725090036014406,833,2.1720107748538635,0.2855,0.9724145358970971,0.08344418814435764,,,0.96,,0.9600270667260814,0.0399729332739186,0.9900566655813997,0.1456662604744124,10,0.025,0.15,0.9378150746973614,0.9355317698379261,0.940234198927463,0.9342926877402831,0.9351448665285915,0.939146654804369,0.9405074200551181,0.9474871303405474,1.0,0.935252554532538,0.9415876420385249,0.9447169519851132
5,9,1.8998278679269733,0.3127700432069131,4166,2.187967675072806,0.2653061224489796,833,2.172077658810193,0.2861,0.9664483303942979,0.08290200221559317,,,0.96,,0.9600270667260814,0.0399729332739186,0.9900566655813997,0.1456662604744124,10,0.025,0.15,0.932156418214896,0.9365391443689624,0.9310829802377575,0.9344956781762946,0.9349825570095638,0.9345751366800562,0.9256862362061414,0.9311626404831698,0.935252554532538,1.0,0.9318347207083213,0.9349219105525746
5,10,1.9213269851424477,0.30751320211233796,4166,2.1700632912772044,0.2857142857142857,833,2.172010726566556,0.2854,0.9720510498110111,0.08349709052018899,,,0.96,,0.9600270667260814,0.0399729332739186,0.9900566655813997,0.1456662604744124,10,0.025,0.15,0.936481056575807,0.9336862753837888,0.9381597896418953,0.9374077993444118,0.9401116445562548,0.9362377964744538,0.940973807724604,0.9446597714928014,0.9415876420385249,0.9318347207083213,1.0,0.9462526190338514
5,11,1.9177014527898846,0.3109937590014402,4166,2.1826391901288713,0.2857142857142857,833,2.1720120755931998,0.2855,0.9740746660785435,0.08362783257509633,,,0.96,,0.9600270667260814,0.0399729332739186,0.9900566655813997,0.1456662604744124,10,0.025,0.15,0.9380686803403654,0.9353545310354443,0.9436169236837326,0.936802826945003,0.9401613732578565,0.9414929064402471,0.9406524594060548,0.9488645834187215,0.9447169519851132,0.9349219105525746,0.9462526190338514,1.0
6,0,1.88063143491745,0.32531797456203504,4167,2.1291894231523787,0.2733812949640288,834,2.1332937313031546,0.295,0.9664310646495285,0.0831508196834641,,,0.96,,0.9600270667260814,0.0399729332739186,0.9915928734167285,0.1452331870108243,10,0.025,0.15,1.0,0.9228818943316596,0.9356288228854793,0.933207521659777,0.9337839794510103,0.9253514917608612,0.9227705239627787,0.935059554298642,0.9298374960364917,0.9271411058637984,0.9308531988321597,0.9322458136975288
6,1,1.884682493498831,0.3175905927525798,4167,2.1321164199284146,0.2973621103117506,834,2.1332668262191965,0.2952,0.9646985404444178,0.08318916752855342,,,0.96,,0.9600270667260814,0.0399729332739186,0.9915928734167285,0.1452331870108243,10,0.025,0.15,0.9228818943316596,1.0,0.9255142012718308,0.9272589584310865,0.9301115691147308,0.9270979554369493,0.9219224967414368,0.9370656796165726,0.9271743680434851,0.9329053209929287,0.9277755251452677,0.9288340966160024
6,2,1.8670854210853576,0.3310055195584353,4167,2.13011520249503,0.302158273381295,834,2.1332664278489126,0.2952,0.9686061125927913,0.08341587335644786,,,0.96,,0.9600270667260814,0.0399729332739186,0.9915928734167285,0.1452331870108243,10,0.025,0.15,0.9356288228854793,0.9255142012718308,1.0,0.9305180717304103,0.9357364585608166,0.9296924637108139,0.9287473797595588,0.939372864815796,0.9323650591611484,0.92612832280921,0.9313034741394735,0.9387481987993551
6,3,1.8940750844550855,0.31727861771058313,4167,2.1306393487112865,0.2961630695443645,834,2.1332923249353337,0.2951,0.9677030110010819,0.08323641632591687,,,0.96,,0.9600270667260814,0.0399729332739186,0.9915928734167285,0.1452331870108243,10,0.025,0.15,0.933207521659777,0.9272589584310865,0.9305180717304103,1.0,0.9329485869017763,0.9303662853423061,0.9267755791561286,0.9405267904287042,0.9281387329837772,0.9302860905964067,0.9329719551143711,0.9305084233631642
6,4,1.8733670270804204,0.3288936885049196,4167,2.131362199783325,0.29531812725090034,833,2.133272578444662,0.2952,0.9695591028668014,0.08342587445567007,,,0.96,,0.9600270667260814,0.0399729332739186,0.9915928734167285,0.1452331870108243,10,0.025,0.15,0.9337839794510103,0.9301115691147308,0.9357364585608166,0.9329485869017763,1.0,0.9360941052604183,0.9290080670380211,0.9343553058035531,0.9278771280088238,0.9311980926230903,0.9388428605925763,0.934951454060016
6,5,1.8807763587344777,0.3216462682985361,4167,2.1246379102979387,0.3085234093637455,833,2.133266403705259,0.2951,0.9674902430484341,0.08328035393856861,,,0.96,,0.9600270667260814,0.0399729332739186,0.9915928734167285,0.1452331870108243,10,0.025,0.15,0.9253514917608612,0.9270979554369493,0.9296924637108139,0.9303662853423061,0.9360941052604183,1.0,0.9239696776077478,0.937691474522936,0.9331593643867264,0.9288756389075217,0.9336616399174328,0.9349576975675097
6,6,1.8559192437114138,0.3376769858411327,4167,2.1301980359213695,0.31092436974789917,833,2.1333136317096177,0.295,0.965156255186594,0.08312046271302827,,,0.96,,0.9600270667260814,0.0399729332739186,0.9915928734167285,0.1452331870108243,10,0.025,0.15,0.9227705239627787,0.9219224967414368,0.9287473797595588,0.9267755791561286,0.9290080670380211,0.9239696776077478,1.0,0.935471938141746,0.9313445408932431,0.9230264570949921,0.9374635686436966,0.9333935253889292
6,7,1.8534134207349835,0.3333333333333333,4167,2.129774195807321,0.2917166866746699,833,2.1332955511310434,0.2951,0.9733982018560515,0.0836737387663649,,,0.96,,0.9600270667260814,0.0399729332739186,0.9915928734167285,0.1452331870108243,10,0.025,0.15,0.935059554298642,0.9370656796165726,0.939372864815796,0.9405267904287042,0.9343553058035531,0.937691474522936,0.935471938141746,1.0,0.9402574107770543,0.9270491975062314,0.9395357715847673,0.942932738184135
6,8,1.8790686910802668,0.3144743158905425,4166,2.133676222392491,0.2917166866746699,833,2.133268700370306,0.2952,0.9684603861411246,0.08341001009807822,,,0.96,,0.9600270667260814,0.0399729332739186,0.9915928734167285,0.1452331870108243,10,0.025,0.15,0.9298374960364917,0.9271743680434851,0.9323650591611484,0.9281387329837772,0.9278771280088238,0.9331593643867264,0.9313445408932431,0.9402574107770543,1.0,0.9314748616332936,0.9350791891360252,0.9353830626956612
6,9,1.8653793226588855,0.3227556409025444,4166,2.1531100954328264,0.2773109243697479,833,2.133348546450651,0.2952,0.965365915707818,0.08297249853956912,,,0.96,,0.9600270667260814,0.0399729332739186,0.9915928734167285,0.1452331870108243,10,0.025,0.15,0.9271411058637984,0.9329053209929287,0.92612832280921,0.9302860905964067,0.9311980926230903,0.9288756389075217,0.9230264570949921,0.9270491975062314,0.9314748616332936,1.0,0.927846425342485,0.9307111334950822
6,10,1.8811237002864027,0.32388382141142585,4166,2.1315524918692454,0.29891956782713086,833,2.1332674931876268,0.2952,0.9705589138595957,0.08351137561297604,,,0.96,,0.9600270667260814,0.0399729332739186,0.9915928734167285,0.1452331870108243,10,0.025,0.15,0.9308531988321597,0.9277755251452677,0.9313034741394735,0.9329719551143711,0.9388428605925763,0.9336616399174328,0.9374635686436966,0.9395357715847673,0.9350791891360252,0.927846425342485,1.0,0.9410770114185127
6,11,1.8823625308094603,0.3254200672107537,4166,2.146839346204485,0.29411764705882354,833,2.133270345156706,0.2952,0.9711989364322735,0.0836134089813626,,,0.96,,0.9600270667260814,0.0399729332739186,0.9915928734167285,0.1452331870108243,10,0.025,0.15,0.9322458136975288,0.9288340966160024,0.9387481987993551,0.9305084233631642,0.934951454060016,0.9349576975675097,0.9333935253889292,0.942932738184135,0.9353830626956612,0.9307111334950822,0.9410770114185127,1.0
