round,client_id,client_i_training_loss,client_i_training_accuracy,client_i_training_dataset_size,client_i_evaluation_loss,client_i_evaluation_accuracy,client_i_evaluation_dataset_size,client_i_central_evaluation_loss,client_i_central_evaluation_accuracy,client_i_cosine_similarity,client_i_importance_coefficient,client_i_tanh_val,tanh_normalization_value,client_i_q,client_i_mask_order,client_i_v_nonzero_fraction,client_i_v_sparsity,client_i_v_cosine_similarity,client_i_reward_gradient_norm,local_epochs,learning_rate,gamma,client_0_cosine_similarity,client_1_cosine_similarity,client_2_cosine_similarity,client_3_cosine_similarity,client_4_cosine_similarity,client_5_cosine_similarity,client_6_cosine_similarity,client_7_cosine_similarity,client_8_cosine_similarity,client_9_cosine_similarity,client_10_cosine_similarity,client_11_cosine_similarity
0,0,2.290624648874456,0.13568514518838493,4167,2.294661453792027,0.15947242206235013,834,2.296965526629098,0.1597,0.9683153560325045,0.08265478382589622,,,0.7500308097329681,,0.7500948985822977,0.24990510141770228,0,0.14637701214842877,10,0.025,0.15,1.0,0.9392995742787225,0.9425519945400991,0.9381260514026064,0.9309095355584867,0.9247610480007814,0.9574129470258576,0.9332932836654014,0.9432699887737136,0.9351286623760457,0.9554593814983503,0.9437680476501613
0,1,2.287824436390039,0.13172546196304297,4167,2.298208066395351,0.1474820143884892,834,2.2969623275949984,0.1598,0.9733480231929322,0.08308436909852601,,,0.8192648914867224,,0.819321351355812,0.18067864864418803,0,0.14641460773620832,10,0.025,0.15,0.9392995742787225,1.0,0.9453100925651096,0.937956898011758,0.9423494530561843,0.9510768084799296,0.966548491620353,0.9284034733224106,0.9445978010844899,0.9415601717192497,0.9516332855569571,0.9542017557088308
0,2,2.2820873404994155,0.14490040796736262,4167,2.298231397356306,0.14628297362110312,834,2.296965333479869,0.16,0.980077410858477,0.0836587853559065,,,0.9118406492186191,,0.911884603323926,0.08811539667607404,0,0.14643639197261107,10,0.025,0.15,0.9425519945400991,0.9453100925651096,1.0,0.9618949706332579,0.9378278351296664,0.9506808264914477,0.9686985827753973,0.9390312420836114,0.949033972417178,0.9585293118657555,0.9635891421117251,0.9646299773420896
0,3,2.289205305504076,0.15428365730741542,4167,2.294553211757115,0.17386091127098321,834,2.2969606345212914,0.1598,0.9764372845123157,0.08334806648279715,,,0.8617636627996126,,0.8618029080226436,0.1381970919773564,0,0.1464233780758787,10,0.025,0.15,0.9381260514026064,0.937956898011758,0.9618949706332579,1.0,0.9479521379444431,0.9480149104775267,0.9636325177072904,0.9365667357149254,0.9438082764007419,0.9570681801436401,0.9531701327207529,0.9509384473056821
0,4,2.2894124818570685,0.12603791696664268,4167,2.2992055416107178,0.14645858343337334,833,2.296962400025959,0.1598,0.9732537931019367,0.083076325677803,,,0.8179685741234485,,0.8180175273555479,0.1819824726444521,0,0.14641420442348202,10,0.025,0.15,0.9309095355584867,0.9423494530561843,0.9378278351296664,0.9479521379444431,1.0,0.941743059564994,0.9473661238870106,0.9440424992867463,0.9568805720522265,0.958215378976981,0.9534337194437635,0.9411178944497811
0,5,2.28988014495734,0.12378209743220542,4167,2.295670202800206,0.1908763505402161,833,2.296964349625986,0.1599,0.969810807600329,0.08278243462198302,,,0.7706036417532632,,0.770634252611774,0.22936574738822602,0,0.14638576161707284,10,0.025,0.15,0.9247610480007814,0.9510768084799296,0.9506808264914477,0.9480149104775267,0.941743059564994,1.0,0.9511185251618325,0.9167260976595576,0.9434198938863659,0.9408318656812772,0.9347698570817758,0.9583556303396177
0,6,2.2866960901202575,0.16313894888408928,4167,2.2957866532461986,0.16566626650660263,833,2.296964569936825,0.1602,0.9850319551645957,0.08408170211130735,,,0.9799999998388351,,0.9800300374643098,0.019969962535690167,0,0.14643962306627825,10,0.025,0.15,0.9574129470258576,0.966548491620353,0.9686985827753973,0.9636325177072904,0.9473661238870106,0.9511185251618325,1.0,0.9426352768617603,0.9621748401781374,0.9572448912723683,0.9626770351350651,0.960309002611887
0,7,2.290788232196461,0.1413966882649388,4167,2.298578841345651,0.14285714285714285,833,2.2969658797300316,0.1597,0.9683131164544325,0.08265459265693433,,,0.75,,0.7500041260253173,0.2499958739746827,0,0.14637118260979115,10,0.025,0.15,0.9332932836654014,0.9284034733224106,0.9390312420836114,0.9365667357149254,0.9440424992867463,0.9167260976595576,0.9426352768617603,1.0,0.9580513605874981,0.9560086570346273,0.9581956510664126,0.9310061542753076
0,8,2.291657181219621,0.1612818050888142,4166,2.2972974436623708,0.15366146458583432,833,2.296959720080412,0.1598,0.9783303460420667,0.08350965701271686,,,0.8878063897548611,,0.8878463798253866,0.11215362017461339,0,0.14642807252145404,10,0.025,0.15,0.9432699887737136,0.9445978010844899,0.949033972417178,0.9438082764007419,0.9568805720522265,0.9434198938863659,0.9621748401781374,0.9580513605874981,1.0,0.9618668785737747,0.9564011028983898,0.9418135645237619
0,9,2.2866901751720543,0.1530724915986558,4166,2.298079490661621,0.1644657863145258,833,2.296965264066865,0.1601,0.9808477886950389,0.08372454431877804,,,0.9224386880750727,,0.9224802363387302,0.07751976366126978,0,0.1464370137101174,10,0.025,0.15,0.9351286623760457,0.9415601717192497,0.9585293118657555,0.9570681801436401,0.958215378976981,0.9408318656812772,0.9572448912723683,0.9560086570346273,0.9618668785737747,1.0,0.974176232723443,0.9501842111996941
0,10,2.2860156391606186,0.1528564570331253,4166,2.2991039752960205,0.16326530612244897,833,2.2969646061523052,0.1602,0.983572250239864,0.08395710262597268,,,0.9599189321119856,,0.9599527982703702,0.04004720172962983,0,0.1464394581201237,10,0.025,0.15,0.9554593814983503,0.9516332855569571,0.9635891421117251,0.9531701327207529,0.9534337194437635,0.9347698570817758,0.9626770351350651,0.9581956510664126,0.9564011028983898,0.974176232723443,1.0,0.959224743337431
0,11,2.288553893927372,0.12767642822851658,4166,2.293160711015974,0.16806722689075632,833,2.296959892103944,0.1598,0.9778380649504586,0.08346763621137877,,,0.8810341101155024,,0.8810879503556633,0.11891204964433666,0,0.14642735003701832,10,0.025,0.15,0.9437680476501613,0.9542017557088308,0.9646299773420896,0.9509384473056821,0.9411178944497811,0.9583556303396177,0.960309002611887,0.9310061542753076,0.9418135645237619,0.9501842111996941,0.959224743337431,1.0
1,0,2.211449994101669,0.19445644348452124,4167,2.284526927130563,0.19424460431654678,834,2.285948919344552,0.1981,0.9839453663448116,0.08283391730719934,,,0.98,,0.9800300374643098,0.019969962535690167,0.8406845941560619,0.14796869846617672,10,0.025,0.15,1.0,0.966569422895455,0.9679366031614237,0.9658142882055754,0.9667643844901955,0.9744194858037302,0.9683734472472775,0.9621291011352432,0.9677128615664505,0.9657471533262371,0.96854514845034,0.9736802306663853
1,1,2.1947896404699847,0.19810415166786657,4167,2.286926337650844,0.19184652278177458,834,2.2859422707859474,0.1981,0.9862631371650123,0.08317376036007561,,,0.98,,0.9800300374643098,0.019969962535690167,0.8408654103215604,0.14796869846617672,10,0.025,0.15,0.966569422895455,1.0,0.9682315422049279,0.9657729188553553,0.9730516567199804,0.9726774822136148,0.9681095154861273,0.9687518408666298,0.9714645756944786,0.9740803416804201,0.9748410318576607,0.9713786348916774
1,2,2.182301945036108,0.21279097672186226,4167,2.2873264040265764,0.17266187050359713,834,2.2859415193147297,0.2009,0.985675650552753,0.08350862671242403,,,0.98,,0.9800300374643098,0.019969962535690167,0.8412607249467184,0.14796869846617672,10,0.025,0.15,0.9679366031614237,0.9682315422049279,1.0,0.9725754603014808,0.965461335926897,0.9720823764766352,0.9730568145512157,0.9632048267660627,0.9672203279011163,0.9734798279136424,0.9738672069210589,0.9705526868952021
1,3,2.2066168626149496,0.19937604991600671,4167,2.284019776753017,0.19784172661870503,834,2.2859392347215097,0.1981,0.9844813829741186,0.08327845438545162,,,0.98,,0.9800300374643098,0.019969962535690167,0.8406764335006484,0.14796869846617672,10,0.025,0.15,0.9658142882055754,0.9657729188553553,0.9725754603014808,1.0,0.9666843427925552,0.9712250006687874,0.9718106615327994,0.9611213972405402,0.9692616042985274,0.9719069419878956,0.9713886020991475,0.9660694507569108
1,4,2.2006294120441785,0.19772018238540917,4167,2.287635122026716,0.19567827130852342,833,2.2859424307376526,0.1981,0.9874082856371963,0.08320593953449174,,,0.98,,0.9800300374643098,0.019969962535690167,0.8408836465321524,0.14796869846617672,10,0.025,0.15,0.9667643844901955,0.9730516567199804,0.965461335926897,0.9666843427925552,1.0,0.9748575181069717,0.9693093949175589,0.9726940552886969,0.9730853286074661,0.9789804553141498,0.9747185460564812,0.9729002566926948
1,5,2.2071051756540934,0.1900407967362611,4167,2.283520902906145,0.24009603841536614,833,2.28594677357734,0.1981,0.9884526028092682,0.0830587284706665,,,0.98,,0.9800300374643098,0.019969962535690167,0.8406474581848808,0.14796869846617672,10,0.025,0.15,0.9744194858037302,0.9726774822136148,0.9720823764766352,0.9712250006687874,0.9748575181069717,1.0,0.9747654150184777,0.966758496732894,0.9714556047181127,0.9745836674307776,0.9704421378830057,0.9776764751719921
1,6,2.194307515476689,0.21667866570674346,4167,2.2842209679739818,0.21008403361344538,833,2.285940728610075,0.201,0.9853835256839387,0.08375972708138876,,,0.98,,0.9800300374643098,0.019969962535690167,0.8412104905218387,0.14796869846617672,10,0.025,0.15,0.9683734472472775,0.9681095154861273,0.9730568145512157,0.9718106615327994,0.9693093949175589,0.9747654150184777,1.0,0.9565117265607206,0.9736794029061486,0.9703110352209141,0.9686786125884482,0.9694883997993742
1,7,2.203362147735827,0.20532757379409647,4167,2.288381338119507,0.18127250900360145,833,2.2859502351736722,0.1981,0.9830847367148456,0.08280589092960937,,,0.98,,0.9800300374643098,0.019969962535690167,0.8405727624064487,0.14796869846617672,10,0.025,0.15,0.9621291011352432,0.9687518408666298,0.9632048267660627,0.9611213972405402,0.9726940552886969,0.966758496732894,0.9565117265607206,1.0,0.9689748615060556,0.9758814191941653,0.9731393294658682,0.9683613905547523
1,8,2.2109276352506697,0.2042966874699952,4166,2.2860983099256242,0.1992797118847539,833,2.2859374722347985,0.1983,0.9870945396940626,0.08346275555026254,,,0.98,,0.9800300374643098,0.019969962535690167,0.8405856515981849,0.14796869846617672,10,0.025,0.15,0.9677128615664505,0.9714645756944786,0.9672203279011163,0.9692616042985274,0.9730853286074661,0.9714556047181127,0.9736794029061486,0.9689748615060556,1.0,0.9732469007667894,0.9749737522700059,0.9735057943248161
1,9,2.1852568676977446,0.21598655784925588,4166,2.2862439836774553,0.20408163265306123,833,2.285941374452808,0.2009,0.9892442556353115,0.0836648661669154,,,0.98,,0.9800300374643098,0.019969962535690167,0.8412626939066054,0.14796869846617672,10,0.025,0.15,0.9657471533262371,0.9740803416804201,0.9734798279136424,0.9719069419878956,0.9789804553141498,0.9745836674307776,0.9703110352209141,0.9758814191941653,0.9732469007667894,1.0,0.9786163694182506,0.97319066885791
1,10,2.1943843823490723,0.21164186269803167,4166,2.287250076021467,0.19687875150060025,833,2.2859408825258667,0.201,0.988738361534884,0.08379174807638792,,,0.98,,0.9800300374643098,0.019969962535690167,0.8412357000286144,0.14796869846617672,10,0.025,0.15,0.96854514845034,0.9748410318576607,0.9738672069210589,0.9713886020991475,0.9747185460564812,0.9704421378830057,0.9686786125884482,0.9731393294658682,0.9749737522700059,0.9786163694182506,1.0,0.9747351449290586
1,11,2.20532325072722,0.19107057129140662,4166,2.2833307811192105,0.20768307322929172,833,2.285937795156165,0.1983,0.9876718265895149,0.0834555854251274,,,0.98,,0.9800300374643098,0.019969962535690167,0.8406056666839843,0.14796869846617672,10,0.025,0.15,0.9736802306663853,0.9713786348916774,0.9705526868952021,0.9660694507569108,0.9729002566926948,0.9776764751719921,0.9694883997993742,0.9683613905547523,0.9735057943248161,0.97319066885791,0.9747351449290586,1.0
2,0,2.139112108403986,0.23021358291336694,4167,2.2698845522744313,0.20503597122302158,834,2.2703281263761883,0.2208,0.9835691884183686,0.082980596187601,,,0.98,,0.9800300374643098,0.019969962535690167,0.952485392637503,0.14774281038546422,10,0.025,0.15,1.0,0.9660384789801901,0.9618729680033979,0.9576486770083257,0.9658501252453187,0.9719673582055987,0.966448944360844,0.9671367598260534,0.9674354548610263,0.9657156524672289,0.9672165433521518,0.9681174472105364
2,1,2.1134310563405356,0.23765298776097912,4167,2.2714566503252303,0.22661870503597123,834,2.2703185172020635,0.2208,0.9848212775186309,0.08323073417831295,,,0.98,,0.9800300374643098,0.019969962535690167,0.952485392637503,0.14774281038546422,10,0.025,0.15,0.9660384789801901,1.0,0.9602793793416764,0.958584216738567,0.9717098229226948,0.9691704600128899,0.9643775261839667,0.968753908738157,0.9702137260539445,0.9709423524409414,0.97025390729777,0.9697654209285375
2,2,2.1100724335872765,0.2468682505399568,4167,2.2720539569854736,0.19544364508393286,834,2.2703128736230394,0.2224,0.9813355393473664,0.08332407541511709,,,0.98,,0.9800300374643098,0.019969962535690167,0.952485392637503,0.14774281038546422,10,0.025,0.15,0.9618729680033979,0.9602793793416764,1.0,0.9659748499308928,0.960686498646034,0.9641488673847867,0.9674727585724806,0.9607567526766657,0.9633425217304729,0.9693924475400407,0.964630018902495,0.9601150630689699
2,3,2.1334718758409674,0.23215742740580753,4167,2.268773317337036,0.21942446043165467,834,2.2703137156329576,0.2208,0.9807267240135021,0.08316242117271141,,,0.98,,0.9800300374643098,0.019969962535690167,0.952485392637503,0.14774281038546422,10,0.025,0.15,0.9576486770083257,0.958584216738567,0.9659748499308928,1.0,0.9599547786476301,0.9646685786453665,0.967463987544015,0.962802502537846,0.9650271703285948,0.9676419946342151,0.9626306528210162,0.9591745979733297
2,4,2.122586028142409,0.23431725461963043,4167,2.270942517689296,0.22208883553421369,833,2.270318782782253,0.2208,0.9863805534756817,0.08330116640789106,,,0.98,,0.9800300374643098,0.019969962535690167,0.952485392637503,0.14774281038546422,10,0.025,0.15,0.9658501252453187,0.9717098229226948,0.960686498646034,0.9599547786476301,1.0,0.9702490179006987,0.9670640499830141,0.9711142979338547,0.9727822373145767,0.9755386014895505,0.9722764930541399,0.9712501910452191
2,5,2.134055282491626,0.23323734101271898,4167,2.266193015234811,0.2533013205282113,833,2.2703252774250657,0.2209,0.9866864899778308,0.08322033834775548,,,0.98,,0.9800300374643098,0.019969962535690167,0.952485392637503,0.14774281038546422,10,0.025,0.15,0.9719673582055987,0.9691704600128899,0.9641488673847867,0.9646685786453665,0.9702490179006987,1.0,0.971067947939029,0.9677969480246456,0.9730479218938897,0.9693101892733039,0.9681102916925265,0.9726384674150089
2,6,2.1199344096761763,0.24986801055915528,4167,2.2680230481284007,0.23769507803121248,833,2.2703120044515104,0.2224,0.9842638556754445,0.08357389270649769,,,0.98,,0.9800300374643098,0.019969962535690167,0.952485392637503,0.14774281038546422,10,0.025,0.15,0.966448944360844,0.9643775261839667,0.9674727585724806,0.967463987544015,0.9670640499830141,0.971067947939029,1.0,0.9615212129565499,0.9694501486959465,0.9688552087477393,0.9643099454970908,0.965213991459852
2,7,2.1242908398310343,0.24384449244060474,4167,2.273622614996774,0.21368547418967587,833,2.27033090289635,0.221,0.985045697812898,0.08301122649487691,,,0.98,,0.9800300374643098,0.019969962535690167,0.952485392637503,0.14774281038546422,10,0.025,0.15,0.9671367598260534,0.968753908738157,0.9607567526766657,0.962802502537846,0.9711142979338547,0.9677969480246456,0.9615212129565499,1.0,0.9721087308632522,0.9730333501881527,0.9705225012097615,0.9673410401645395
2,8,2.1334075859098722,0.23377340374459912,4166,2.270475830350603,0.2184873949579832,833,2.2703108666818355,0.2208,0.9874738605272737,0.08349496667684157,,,0.98,,0.9800300374643098,0.019969962535690167,0.952485392637503,0.14774281038546422,10,0.025,0.15,0.9674354548610263,0.9702137260539445,0.9633425217304729,0.9650271703285948,0.9727822373145767,0.9730479218938897,0.9694501486959465,0.9721087308632522,1.0,0.9710424177576475,0.9736034461891568,0.9732760410246989
2,9,2.1064789844281746,0.24774363898223717,4166,2.269688776561192,0.22328931572629052,833,2.2703126020069364,0.2224,0.9875535436563285,0.08362215223697494,,,0.98,,0.9800300374643098,0.019969962535690167,0.952485392637503,0.14774281038546422,10,0.025,0.15,0.9657156524672289,0.9709423524409414,0.9693924475400407,0.9676419946342151,0.9755386014895505,0.9693101892733039,0.9688552087477393,0.9730333501881527,0.9710424177576475,1.0,0.9722755106201554,0.9684489328587168
2,10,2.1205193794134893,0.24135861737878062,4166,2.2707210949489047,0.2148859543817527,833,2.2703123484985737,0.2224,0.9862296192060296,0.08365741675288037,,,0.98,,0.9800300374643098,0.019969962535690167,0.952485392637503,0.14774281038546422,10,0.025,0.15,0.9672165433521518,0.97025390729777,0.964630018902495,0.9626306528210162,0.9722764930541399,0.9681102916925265,0.9643099454970908,0.9705225012097615,0.9736034461891568,0.9722755106201554,1.0,0.970682665408778
2,11,2.1294601993127302,0.2298127700432069,4166,2.2691661630358015,0.22809123649459784,833,2.2703113344651236,0.2208,0.9853308967037906,0.08342101342253978,,,0.98,,0.9800300374643098,0.019969962535690167,0.952485392637503,0.14774281038546422,10,0.025,0.15,0.9681174472105364,0.9697654209285375,0.9601150630689699,0.9591745979733297,0.9712501910452191,0.9726384674150089,0.965213991459852,0.9673410401645395,0.9732760410246989,0.9684489328587168,0.970682665408778,1.0
3,0,2.0700634746840505,0.2548836093112551,4167,2.250236817768642,0.23621103117505995,834,2.249594609948653,0.2462,0.9818929691101452,0.08310734933715008,,,0.98,,0.9800300374643098,0.019969962535690167,0.9701604858268116,0.14732219660614745,10,0.025,0.15,1.0,0.962398905780088,0.9577340973958807,0.9550030121097605,0.9602054275275245,0.9676728250218921,0.9598031221892073,0.9660445670543073,0.9600093135162793,0.9615944730365519,0.9624020876935102,0.9596886530475318
3,1,2.042693794857372,0.2677465802735781,4167,2.2511085101536343,0.2589928057553957,834,2.2495834736884395,0.2461,0.9822019958572386,0.08327176450277005,,,0.98,,0.9800300374643098,0.019969962535690167,0.9701604858268116,0.14732219660614745,10,0.025,0.15,0.962398905780088,1.0,0.9579275668256261,0.9539479005093796,0.9655577082310952,0.9633968446620763,0.9587590911152197,0.9637843644682387,0.9618495853799137,0.963824501233429,0.9622314511394513,0.9623827540381896
3,2,2.0504413478302235,0.26863450923926085,4167,2.251741647720337,0.22661870503597123,834,2.2495729198938683,0.2464,0.9795489340982031,0.08324319357311424,,,0.98,,0.9800300374643098,0.019969962535690167,0.9701604858268116,0.14732219660614745,10,0.025,0.15,0.9577340973958807,0.9579275668256261,1.0,0.961579764326622,0.955082940230274,0.9593503637197824,0.9577340360166485,0.9587134242508542,0.9582849686045187,0.9634465195780436,0.9596444288024992,0.9552425695217072
3,3,2.0695483847097917,0.2574034077273818,4167,2.2484208856310164,0.2422062350119904,834,2.2495769035967093,0.2461,0.9795034949016284,0.08314194974758818,,,0.98,,0.9800300374643098,0.019969962535690167,0.9701604858268116,0.14732219660614745,10,0.025,0.15,0.9550030121097605,0.9539479005093796,0.961579764326622,1.0,0.9566435874688515,0.9620042327830952,0.9615095807369098,0.9591332580055609,0.9587480025329984,0.962669201457694,0.9574748272796887,0.9555546753616276
3,4,2.05407889250553,0.26081113510919124,4167,2.2488933631352017,0.2605042016806723,833,2.2495838026457196,0.2461,0.983225310966326,0.08334847289626184,,,0.98,,0.9800300374643098,0.019969962535690167,0.9701604858268116,0.14732219660614745,10,0.025,0.15,0.9602054275275245,0.9655577082310952,0.955082940230274,0.9566435874688515,1.0,0.9609333556184866,0.9598199995193113,0.9676746861370465,0.9659034074207044,0.9669248555005026,0.9663057461876216,0.9630098687723543
3,5,2.0687537388368087,0.25987520998320135,4167,2.2432195118495395,0.2689075630252101,833,2.2495918968055824,0.2463,0.9837305577715463,0.08331500009002853,,,0.98,,0.9800300374643098,0.019969962535690167,0.9701604858268116,0.14732219660614745,10,0.025,0.15,0.9676728250218921,0.9633968446620763,0.9593503637197824,0.9620042327830952,0.9609333556184866,1.0,0.9642933533730979,0.9645380621340989,0.9641890026796258,0.9631474518090929,0.9601819729472428,0.9644008839381932
3,6,2.0543617125713465,0.2743940484761219,4167,2.2466799191066196,0.27130852340936373,833,2.2495719209502014,0.2463,0.9802817497525227,0.08342117655040099,,,0.98,,0.9800300374643098,0.019969962535690167,0.9701604858268116,0.14732219660614745,10,0.025,0.15,0.9598031221892073,0.9587590911152197,0.9577340360166485,0.9615095807369098,0.9598199995193113,0.9642933533730979,1.0,0.9568795855175999,0.9601574234796297,0.9618665684190357,0.9555566579721558,0.9568984399035918
3,7,2.0568346634055628,0.2724742020638349,4167,2.254039321626936,0.23649459783913565,833,2.249599094632306,0.2463,0.9836804691516473,0.08318431591508714,,,0.98,,0.9800300374643098,0.019969962535690167,0.9701604858268116,0.14732219660614745,10,0.025,0.15,0.9660445670543073,0.9637843644682387,0.9587134242508542,0.9591332580055609,0.9676746861370465,0.9645380621340989,0.9568795855175999,1.0,0.9650200905952728,0.9662455828924098,0.9644394442363545,0.9611201125251624
3,8,2.0625205126675694,0.2572491598655785,4166,2.2499097755977084,0.23769507803121248,833,2.2495730375941796,0.2459,0.9832136144371393,0.08346770031156217,,,0.98,,0.9800300374643098,0.019969962535690167,0.9701604858268116,0.14732219660614745,10,0.025,0.15,0.9600093135162793,0.9618495853799137,0.9582849686045187,0.9587480025329984,0.9659034074207044,0.9641890026796258,0.9601574234796297,0.9650200905952728,1.0,0.9625814652412886,0.9661928657659696,0.964914251300939
3,9,2.044208584048531,0.2732117138742199,4166,2.2478013379233226,0.2388955582232893,833,2.2495724279669265,0.2463,0.9840783504655695,0.08357428400135158,,,0.98,,0.9800300374643098,0.019969962535690167,0.9701604858268116,0.14732219660614745,10,0.025,0.15,0.9615944730365519,0.963824501233429,0.9634465195780436,0.962669201457694,0.9669248555005026,0.9631474518090929,0.9618665684190357,0.9662455828924098,0.9625814652412886,1.0,0.9645191840057044,0.9611920223507553
3,10,2.0532487789789835,0.2669707153144503,4166,2.2485389368874684,0.2388955582232893,833,2.249572476254234,0.2463,0.9828303475750544,0.08355550984163394,,,0.98,,0.9800300374643098,0.019969962535690167,0.9701604858268116,0.14732219660614745,10,0.025,0.15,0.9624020876935102,0.9622314511394513,0.9596444288024992,0.9574748272796887,0.9663057461876216,0.9601819729472428,0.9555566579721558,0.9644394442363545,0.9661928657659696,0.9645191840057044,1.0,0.9643265088256048
3,11,2.0643234354076965,0.2582333173307729,4166,2.250288248062134,0.23529411764705882,833,2.249573623077779,0.2459,0.9815888800689152,0.08336928323305132,,,0.98,,0.9800300374643098,0.019969962535690167,0.9701604858268116,0.14732219660614745,10,0.025,0.15,0.9596886530475318,0.9623827540381896,0.9552425695217072,0.9555546753616276,0.9630098687723543,0.9644008839381932,0.9568984399035918,0.9611201125251624,0.964914251300939,0.9611920223507553,0.9643265088256048,1.0
4,0,2.011291591326396,0.27808975281977444,4167,2.2257966654641286,0.2529976019184652,834,2.223900227607051,0.2709,0.9786271892843675,0.08320728493464437,,,0.98,,0.9800300374643098,0.019969962535690167,0.9786088789875446,0.14673114256079736,10,0.025,0.15,1.0,0.9550464363452672,0.9500299270162634,0.9489650482903836,0.952811313792502,0.9589553421721876,0.9522640121024675,0.9600836901588072,0.9499368870868112,0.9516555700607865,0.955976526208764,0.9520226460057338
4,1,1.9823343309489163,0.2904007679385649,4167,2.2258199623652866,0.2949640287769784,834,2.223889094364794,0.2705,0.9788537102995085,0.08331628210615802,,,0.98,,0.9800300374643098,0.019969962535690167,0.9786088789875446,0.14673114256079736,10,0.025,0.15,0.9550464363452672,1.0,0.950687198694042,0.947200773018541,0.9584433336260584,0.9565560506199998,0.9505160443451136,0.956242954236847,0.9502341260214895,0.9555128866148203,0.9565795997163377,0.9532746252900414
4,2,1.9972395340601603,0.28564914806815456,4167,2.226562568119594,0.2517985611510791,834,2.2238737299472473,0.2707,0.9762975238526547,0.08321546279241934,,,0.98,,0.9800300374643098,0.019969962535690167,0.9786088789875446,0.14673114256079736,10,0.025,0.15,0.9500299270162634,0.950687198694042,1.0,0.9537380139214697,0.948552049716114,0.9505654705219131,0.9499172987822422,0.9535919314517721,0.9500059514803937,0.9541010584646288,0.9527244216420545,0.9464072892587715
4,3,2.014920381343726,0.27739380849532036,4167,2.2230708599090576,0.2577937649880096,834,2.223880951917624,0.2706,0.9762610684536982,0.08315169623533833,,,0.98,,0.9800300374643098,0.019969962535690167,0.9786088789875446,0.14673114256079736,10,0.025,0.15,0.9489650482903836,0.947200773018541,0.9537380139214697,1.0,0.9498730893720383,0.9550245295709779,0.9541919122360066,0.9516483637592332,0.9501091337973337,0.953401474503301,0.9484925728816163,0.947304018488872
4,4,1.994474224249522,0.2829613630909527,4167,2.2217582293919156,0.28331332533013204,833,2.2238894293579876,0.2706,0.9792339694377095,0.08337606767900685,,,0.98,,0.9800300374643098,0.019969962535690167,0.9786088789875446,0.14673114256079736,10,0.025,0.15,0.952811313792502,0.9584433336260584,0.948552049716114,0.9498730893720383,1.0,0.9517591040307264,0.9496027577823661,0.9594160020851934,0.9566949651817731,0.9565950410759104,0.9582796832870877,0.9526776327109172
4,5,2.012471129316272,0.2779457643388529,4167,2.2151434421539307,0.2857142857142857,833,2.2238985194435603,0.2709,0.9797295993643719,0.08337150163289846,,,0.98,,0.9800300374643098,0.019969962535690167,0.9786088789875446,0.14673114256079736,10,0.025,0.15,0.9589553421721876,0.9565560506199998,0.9505654705219131,0.9550245295709779,0.9517591040307264,1.0,0.9549157633584002,0.9573163088659643,0.9523544198334792,0.9542379337263305,0.9527261602347649,0.9561782490057011
4,6,2.000255117633126,0.2940964722822174,4167,2.220200981412615,0.29411764705882354,833,2.2238726314110093,0.2707,0.9759631251197723,0.08331459834537447,,,0.98,,0.9800300374643098,0.019969962535690167,0.9786088789875446,0.14673114256079736,10,0.025,0.15,0.9522640121024675,0.9505160443451136,0.9499172987822422,0.9541919122360066,0.9496027577823661,0.9549157633584002,1.0,0.9483716713125995,0.9491059862170276,0.9533269495532388,0.9480089230092463,0.9460817940751005
4,7,1.9983587261402245,0.2957043436525078,4167,2.229836872645787,0.2665066026410564,833,2.223906773555128,0.2709,0.9802687325677186,0.0833082628167717,,,0.98,,0.9800300374643098,0.019969962535690167,0.9786088789875446,0.14673114256079736,10,0.025,0.15,0.9600836901588072,0.956242954236847,0.9535919314517721,0.9516483637592332,0.9594160020851934,0.9573163088659643,0.9483716713125995,1.0,0.9555175447587188,0.9574426353295231,0.9549063901263851,0.9524326831634702
4,8,2.002486175840551,0.27803648583773405,4166,2.2246053218841553,0.24969987995198079,833,2.2238760718816444,0.2705,0.9777455740751798,0.08340134300537907,,,0.98,,0.9800300374643098,0.019969962535690167,0.9786088789875446,0.14673114256079736,10,0.025,0.15,0.9499368870868112,0.9502341260214895,0.9500059514803937,0.9501091337973337,0.9566949651817731,0.9523544198334792,0.9491059862170276,0.9555175447587188,1.0,0.9510312143651578,0.957056644332527,0.9551248459586693
4,9,1.98803974534526,0.292918867018723,4166,2.220592192241124,0.2653061224489796,833,2.2238729845119427,0.2707,0.9791741489650729,0.0835136993468631,,,0.98,,0.9800300374643098,0.019969962535690167,0.9786088789875446,0.14673114256079736,10,0.025,0.15,0.9516555700607865,0.9555128866148203,0.9541010584646288,0.953401474503301,0.9565950410759104,0.9542379337263305,0.9533269495532388,0.9574426353295231,0.9510312143651578,1.0,0.9547945509890876,0.9518065348234706
4,10,1.9962976556835752,0.28763802208353334,4166,2.2209411348615373,0.28691476590636256,833,2.2238734341874906,0.2707,0.9792920712281767,0.083505931017255,,,0.98,,0.9800300374643098,0.019969962535690167,0.9786088789875446,0.14673114256079736,10,0.025,0.15,0.955976526208764,0.9565795997163377,0.9527244216420545,0.9484925728816163,0.9582796832870877,0.9527261602347649,0.9480089230092463,0.9549063901263851,0.957056644332527,0.9547945509890876,1.0,0.9557435538643257
4,11,2.0087459560596583,0.2769563130100816,4166,2.226723773138864,0.25690276110444177,833,2.2238767509219013,0.2705,0.9770496665949233,0.0833178700878913,,,0.98,,0.9800300374643098,0.019969962535690167,0.9786088789875446,0.14673114256079736,10,0.025,0.15,0.9520226460057338,0.9532746252900414,0.9464072892587715,0.947304018488872,0.9526776327109172,0.9561782490057011,0.9460817940751005,0.9524326831634702,0.9551248459586693,0.9518065348234706,0.9557435538643257,1.0
5,0,1.9625105391849171,0.2914566834653228,4167,2.196681124823434,0.2793764988009592,834,2.1934978750687613,0.2903,0.9758703797663011,0.08330781452316162,,,0.98,,0.9800300374643098,0.019969962535690167,0.9847352520767659,0.14613881846114704,10,0.025,0.15,1.0,0.9477189759810114,0.9430915004991937,0.9441097139680058,0.9457813279425318,0.9519052068477682,0.9433367274064444,0.9531016878557551,0.942106918532575,0.9470880225382369,0.9480947533872798,0.9427441334089761
5,1,1.932296174584013,0.30652747780177586,4167,2.1960154601505826,0.2973621103117506,834,2.193488558636436,0.29,0.974657674592519,0.08333577836203158,,,0.98,,0.9800300374643098,0.019969962535690167,0.9847352520767659,0.14613881846114704,10,0.025,0.15,0.9477189759810114,1.0,0.9424064482803086,0.9406279621582742,0.9488466586309211,0.9473047171342592,0.941579441221911,0.9464635227544518,0.940678778000607,0.9482388915484182,0.947448263367315,0.9435087984574789
5,2,1.9502857648965084,0.3020158387329014,4167,2.196845633643014,0.2673860911270983,834,2.1934692889829224,0.2899,0.972858288300662,0.08321473503750222,,,0.98,,0.9800300374643098,0.019969962535690167,0.9847352520767659,0.14613881846114704,10,0.025,0.15,0.9430915004991937,0.9424064482803086,1.0,0.9447457454108462,0.9421515380929611,0.9444781067441236,0.939535625865467,0.9466717279789768,0.9442030765510614,0.9464878109620908,0.9438252601018019,0.9362718509429871
5,3,1.9664789496046124,0.2935685145188385,4167,2.192807878766741,0.2853717026378897,834,2.193479323688942,0.2901,0.9728584713079309,0.08317526491677532,,,0.98,,0.9800300374643098,0.019969962535690167,0.9847352520767659,0.14613881846114704,10,0.025,0.15,0.9441097139680058,0.9406279621582742,0.9447457454108462,1.0,0.9418494209311574,0.9497045235677478,0.9443211639069591,0.9437067572928273,0.9437689192754206,0.9453240210933334,0.9378265272562091,0.937943084011257
5,4,1.944537134965261,0.3005999520038397,4167,2.189727408545358,0.2929171668667467,833,2.1934889147553265,0.29,0.9754138290669211,0.0833974275084091,,,0.98,,0.9800300374643098,0.019969962535690167,0.9847352520767659,0.14613881846114704,10,0.025,0.15,0.9457813279425318,0.9488466586309211,0.9421515380929611,0.9418494209311574,1.0,0.944336832781894,0.94076279919607,0.9490394676663233,0.9479950885013921,0.9496723259841406,0.9496109998725232,0.9435673647722536
5,5,1.964251767505299,0.2962562994960403,4167,2.1821403162819997,0.3205282112845138,833,2.1934974495368667,0.2903,0.9766683628192552,0.08343547693403497,,,0.98,,0.9800300374643098,0.019969962535690167,0.9847352520767659,0.14613881846114704,10,0.025,0.15,0.9519052068477682,0.9473047171342592,0.9444781067441236,0.9497045235677478,0.944336832781894,1.0,0.945382122136477,0.9504523773534548,0.9466118654341653,0.9477441796528967,0.9449751748537258,0.9454347341611704
5,6,1.9527950814276032,0.31067914566834653,4167,2.1888194424765453,0.2929171668667467,833,2.193467976171759,0.2899,0.9705092268052985,0.0831995682324791,,,0.98,,0.9800300374643098,0.019969962535690167,0.9847352520767659,0.14613881846114704,10,0.025,0.15,0.9433367274064444,0.941579441221911,0.939535625865467,0.9443211639069591,0.94076279919607,0.945382122136477,1.0,0.9371821395283285,0.9380813902872637,0.9436693086023361,0.9371280825259297,0.9353763390585392
5,7,1.9497371796405676,0.3107031437485001,4167,2.201238121305193,0.2929171668667467,833,2.193508151211316,0.2903,0.976153560758051,0.08337955390266887,,,0.98,,0.9800300374643098,0.019969962535690167,0.9847352520767659,0.14613881846114704,10,0.025,0.15,0.9531016878557551,0.9464635227544518,0.9466717279789768,0.9437067572928273,0.9490394676663233,0.9504523773534548,0.9371821395283285,1.0,0.9473132869353951,0.9498080675673087,0.9456794770281972,0.9429107660306242
5,8,1.951526578989896,0.29632741238598176,4166,2.1948592322213307,0.2785114045618247,833,2.193473544301866,0.29,0.9738054106693479,0.08336066808785661,,,0.98,,0.9800300374643098,0.019969962535690167,0.9847352520767659,0.14613881846114704,10,0.025,0.15,0.942106918532575,0.940678778000607,0.9442030765510614,0.9437689192754206,0.9479950885013921,0.9466118654341653,0.9380813902872637,0.9473132869353951,1.0,0.9415647660442866,0.9474590962976868,0.9450306354547644
5,9,1.94100331140287,0.30393662986077774,4166,2.1884116445268904,0.304921968787515,833,2.193468196482598,0.2899,0.9758497253673629,0.08349683409856931,,,0.98,,0.9800300374643098,0.019969962535690167,0.9847352520767659,0.14613881846114704,10,0.025,0.15,0.9470880225382369,0.9482388915484182,0.9464878109620908,0.9453240210933334,0.9496723259841406,0.9477441796528967,0.9436693086023361,0.9498080675673087,0.9415647660442866,1.0,0.9449193558919011,0.9441400217497159
5,10,1.947740547584765,0.3041046567450792,4166,2.188561201095581,0.3037214885954382,833,2.193469023402733,0.2899,0.9745188065648683,0.08344865997395884,,,0.98,,0.9800300374643098,0.019969962535690167,0.9847352520767659,0.14613881846114704,10,0.025,0.15,0.9480947533872798,0.947448263367315,0.9438252601018019,0.9378265272562091,0.9496109998725232,0.9449751748537258,0.9371280825259297,0.9456794770281972,0.9474590962976868,0.9449193558919011,1.0,0.9461103925670507
5,11,1.9634702783642393,0.292822851656265,4166,2.19852842603411,0.2653061224489796,833,2.193474283701257,0.29,0.971940191737128,0.08324821842255256,,,0.98,,0.9800300374643098,0.019969962535690167,0.9847352520767659,0.14613881846114704,10,0.025,0.15,0.9427441334089761,0.9435087984574789,0.9362718509429871,0.937943084011257,0.9435673647722536,0.9454347341611704,0.9353763390585392,0.9429107660306242,0.9450306354547644,0.9441400217497159,0.9461103925670507,1.0
6,0,1.9198327299320337,0.3067914566834653,4167,2.1637116840907504,0.29256594724220625,834,2.1591156826743596,0.3049,0.973047423597092,0.08338105943794132,,,0.98,,0.9800300374643098,0.019969962535690167,0.9897467320101966,0.14566513718371837,10,0.025,0.15,1.0,0.9402582753580015,0.9365053410915282,0.9385797848885195,0.9386992327104693,0.9431135995813527,0.9385480475036436,0.9469129794026028,0.936139151953532,0.9406763033251396,0.9435579389251532,0.9361335959905815
6,1,1.8870368195302558,0.3211423086153108,4167,2.1623471805027554,0.30335731414868106,834,2.159109640725051,0.3052,0.9710967204503795,0.08333475463369026,,,0.98,,0.9800300374643098,0.019969962535690167,0.9897467320101966,0.14566513718371837,10,0.025,0.15,0.9402582753580015,1.0,0.935342467551586,0.9341415905372495,0.9404356072928622,0.9392410419942246,0.933897334411766,0.939033181791639,0.9331479963430486,0.9424932934823477,0.9410537530857157,0.9373200338310613
6,2,1.9099207910624418,0.3135109191264699,4167,2.163621391568865,0.28776978417266186,834,2.159087543246112,0.3058,0.9698295908722709,0.08321838984010554,,,0.98,,0.9800300374643098,0.019969962535690167,0.9897467320101966,0.14566513718371837,10,0.025,0.15,0.9365053410915282,0.935342467551586,1.0,0.9384790619326274,0.936195697239693,0.9349711396636249,0.9327392180807391,0.9410245823713613,0.9362762151857326,0.9407190343161022,0.9388999160803985,0.9305508155886297
6,3,1.9247526501164292,0.3066474682025438,4167,2.1583381380353654,0.29376498800959233,834,2.1590996754320364,0.3053,0.9701977062469141,0.08320593381666683,,,0.98,,0.9800300374643098,0.019969962535690167,0.9897467320101966,0.14566513718371837,10,0.025,0.15,0.9385797848885195,0.9341415905372495,0.9384790619326274,1.0,0.9368882414931634,0.9408292998951281,0.9373403278800447,0.9367209876264861,0.9383413010136296,0.93858422399632,0.9331672582157321,0.9329669239490022
6,4,1.8992001277027708,0.31451883849292056,4167,2.1537061078207835,0.31212484993997597,833,2.159109942520721,0.3052,0.9724080507021277,0.08341574664800935,,,0.98,,0.9800300374643098,0.019969962535690167,0.9897467320101966,0.14566513718371837,10,0.025,0.15,0.9386992327104693,0.9404356072928622,0.936195697239693,0.9368882414931634,1.0,0.9385588876862156,0.9335571658926722,0.9416196326839644,0.942247672609247,0.9431006532595297,0.9440634023772133,0.9362308808861886
6,5,1.9207106593883398,0.3087353011759059,4167,2.1449788979121616,0.3397358943577431,833,2.1591166303127625,0.305,0.9722867852951586,0.0834353750643611,,,0.98,,0.9800300374643098,0.019969962535690167,0.9897467320101966,0.14566513718371837,10,0.025,0.15,0.9431135995813527,0.9392410419942246,0.9349711396636249,0.9408292998951281,0.9385588876862156,1.0,0.9355170626484258,0.9435125712431245,0.9366272009277203,0.9402958751450642,0.9396904097915625,0.9378230427490882
6,6,1.9109362266280434,0.32550995920326375,4167,2.1533800874437605,0.30612244897959184,833,2.1590858924237986,0.3058,0.966936619187067,0.08311461139387247,,,0.98,,0.9800300374643098,0.019969962535690167,0.9897467320101966,0.14566513718371837,10,0.025,0.15,0.9385480475036436,0.933897334411766,0.9327392180807391,0.9373403278800447,0.9335571658926722,0.9355170626484258,1.0,0.9303837575402877,0.9326729076767735,0.9363999894675382,0.9304185210331465,0.9265520539339417
6,7,1.906060480710232,0.3256299496040317,4167,2.168752363749913,0.3097238895558223,833,2.1591313881210135,0.3049,0.9729870742669895,0.08342355741792842,,,0.98,,0.9800300374643098,0.019969962535690167,0.9897467320101966,0.14566513718371837,10,0.025,0.15,0.9469129794026028,0.939033181791639,0.9410245823713613,0.9367209876264861,0.9416196326839644,0.9435125712431245,0.9303837575402877,1.0,0.9406775365326729,0.9424797282021007,0.9402511381625852,0.9357454478654252
6,8,1.9076212601228193,0.3098175708113298,4166,2.161207846232823,0.2893157262905162,833,2.1590935761415504,0.3054,0.9704864726957985,0.08333027409055123,,,0.98,,0.9800300374643098,0.019969962535690167,0.9897467320101966,0.14566513718371837,10,0.025,0.15,0.936139151953532,0.9331479963430486,0.9362762151857326,0.9383413010136296,0.942247672609247,0.9366272009277203,0.9326729076767735,0.9406775365326729,1.0,0.9335772505887778,0.9410053107995229,0.9385465023091157
6,9,1.89874798709696,0.3190350456072972,4166,2.151890686580113,0.3241296518607443,833,2.159086061429374,0.3059,0.9726908009685836,0.08348658674993095,,,0.98,,0.9800300374643098,0.019969962535690167,0.9897467320101966,0.14566513718371837,10,0.025,0.15,0.9406763033251396,0.9424932934823477,0.9407190343161022,0.93858422399632,0.9431006532595297,0.9402958751450642,0.9363999894675382,0.9424797282021007,0.9335772505887778,1.0,0.9398365389987134,0.9366825712986176
6,10,1.9023121096871116,0.3198511761881901,4166,2.152165855680193,0.31932773109243695,833,2.1590871207321745,0.3058,0.9724818679137749,0.08344991059231384,,,0.98,,0.9800300374643098,0.019969962535690167,0.9897467320101966,0.14566513718371837,10,0.025,0.15,0.9435579389251532,0.9410537530857157,0.9388999160803985,0.9331672582157321,0.9440634023772133,0.9396904097915625,0.9304185210331465,0.9402511381625852,0.9410053107995229,0.9398365389987134,1.0,0.9404824519037082
6,11,1.921730977116209,0.3086893903024484,4166,2.1663034984043668,0.28331332533013204,833,2.1590941857688035,0.3054,0.9687461909824878,0.08320380031462857,,,0.98,,0.9800300374643098,0.019969962535690167,0.9897467320101966,0.14566513718371837,10,0.025,0.15,0.9361335959905815,0.9373200338310613,0.9305508155886297,0.9329669239490022,0.9362308808861886,0.9378230427490882,0.9265520539339417,0.9357454478654252,0.9385465023091157,0.9366825712986176,0.9404824519037082,1.0
