round,client_id,client_i_training_loss,client_i_training_accuracy,client_i_training_dataset_size,client_i_evaluation_loss,client_i_evaluation_accuracy,client_i_evaluation_dataset_size,client_i_central_evaluation_loss,client_i_central_evaluation_accuracy,client_i_cosine_similarity,client_i_importance_coefficient,client_i_tanh_val,tanh_normalization_value,client_i_q,client_i_mask_order,client_i_v_nonzero_fraction,client_i_v_sparsity,client_i_v_cosine_similarity,client_i_reward_gradient_norm,local_epochs,learning_rate,gamma,client_0_cosine_similarity,client_1_cosine_similarity,client_2_cosine_similarity,client_3_cosine_similarity,client_4_cosine_similarity,client_5_cosine_similarity,client_6_cosine_similarity,client_7_cosine_similarity,client_8_cosine_similarity,client_9_cosine_similarity,client_10_cosine_similarity,client_11_cosine_similarity
0,0,0.3358493643225568,0.89652,5000,2.1908085964344166,0.37889688249400477,834,2.1882141824728385,0.3765,0.7925950763588394,0.08333818179267259,,,0.7824876729855766,,0.7825008784699563,0.2174991215300437,0,0.39604687585953446,5,0.1,0.5,1.0,0.5912277142590878,0.5923337052852046,0.5873188466161605,0.5960095990515124,0.6055091673343185,0.5926266258093321,0.5853379565853024,0.6030098236597098,0.5909669445018131,0.6017344216557733,0.5919700840910562
0,1,0.3434299284983782,0.89076,5000,2.1854951116773815,0.41007194244604317,834,2.188410992058702,0.3742,0.7900523012093166,0.08307081922130471,,,0.7204158524029858,,0.7204357210983384,0.2795642789016616,0,0.3957446395063306,5,0.1,0.5,0.5912277142590878,1.0,0.6030159356033893,0.5776947279650562,0.5918209246568185,0.6080863116746892,0.589011276317458,0.5797525694905759,0.584502538193976,0.5870047656209201,0.5959877413350553,0.6057570976452092
0,2,0.35188939251764945,0.89228,5000,2.190893217369362,0.3597122302158273,834,2.1881207612375864,0.3761,0.7962710304810607,0.08372469357155793,,,0.8722215862602873,,0.8722353295517293,0.12776467044827067,0,0.3962337396955794,5,0.1,0.5,0.5923337052852046,0.6030159356033893,1.0,0.5975331209750292,0.5991399037546146,0.6014641370468115,0.6035894631365696,0.580990924268012,0.5985393725217907,0.5977918245529841,0.6006455269606858,0.597961457881259
0,3,0.3489549629935983,0.89212,5000,2.179882879610415,0.38848920863309355,834,2.1891186854328972,0.367,0.7853388943483248,0.08257522346306621,,,0.6053566246678301,,0.6053762361327243,0.3946237638672757,0,0.39444477709042697,5,0.1,0.5,0.5873188466161605,0.5776947279650562,0.5975331209750292,1.0,0.5877585616033959,0.5959410966460752,0.583614082327398,0.5749764014214628,0.5926457360514017,0.5903281993938694,0.6022372783166586,0.5789862787334646
0,4,0.34091328684015165,0.89248,5000,2.18793582033228,0.382953181272509,833,2.188184534018032,0.3764,0.7931585834867257,0.08339743229884657,,,0.7962434757138434,,0.796255208071884,0.203744791928116,0,0.39609152553566906,5,0.1,0.5,0.5960095990515124,0.5918209246568185,0.5991399037546146,0.5877585616033959,1.0,0.6024474537883372,0.5945183149861029,0.5953228006298358,0.5891413940188616,0.5934866117094731,0.5986028750533932,0.5951557306906172
0,5,0.34255553774986486,0.89252,5000,2.1901687427803322,0.3697478991596639,833,2.188109717049157,0.3765,0.8015054794059174,0.08427507480542604,,,0.9999999997678366,,1.0,0.0,0,0.39627449199239473,5,0.1,0.5,0.6055091673343185,0.6080863116746892,0.6014641370468115,0.5959410966460752,0.6024474537883372,1.0,0.5951501601062648,0.6006615153599206,0.6064246405171846,0.5943545931921208,0.6093013395918221,0.6034476380970994
0,6,0.3368792561645127,0.89592,5000,2.1929109626346164,0.37334933973589435,833,2.1882550183195657,0.3763,0.7919924753446446,0.08327482072172054,,,0.7677775473014367,,0.7677927814868731,0.23220721851312687,0,0.3959921456988733,5,0.1,0.5,0.5926266258093321,0.589011276317458,0.6035894631365696,0.583614082327398,0.5945183149861029,0.5951501601062648,1.0,0.5723072541551243,0.6013280379649149,0.5981792333391373,0.6035762032879196,0.5984131437302016
0,7,0.3429650931980959,0.89328,5000,2.197013846150151,0.33733493397358943,833,2.1898952216005174,0.3626,0.7830712075260974,0.08233678532198181,,,0.55,,0.5500125495708047,0.4499874504291953,0,0.39323483580370683,5,0.1,0.5,0.5853379565853024,0.5797525694905759,0.580990924268012,0.5749764014214628,0.5953228006298358,0.6006615153599206,0.5723072541551243,1.0,0.5899125548077775,0.5834006827028378,0.5913986762266342,0.5934059605706004
0,8,0.34334628999850175,0.892,5000,2.1861474249098034,0.37214885954381755,833,2.1881941126558346,0.3769,0.7929490881284801,0.08337540470522284,,,0.791129473285295,,0.7911500426685407,0.20884995733145928,0,0.3960761005157669,5,0.1,0.5,0.6030098236597098,0.584502538193976,0.5985393725217907,0.5926457360514017,0.5891413940188616,0.6064246405171846,0.6013280379649149,0.5899125548077775,1.0,0.5921686679050936,0.5932618275783217,0.5904771563626443
0,9,0.35187139233728504,0.89004,5000,2.193567090564304,0.3697478991596639,833,2.1883415216074202,0.3753,0.7909423411705863,0.08316440334049428,,,0.7421426656438784,,0.742156518247076,0.25784348175292404,0,0.3958729996457081,5,0.1,0.5,0.5909669445018131,0.5870047656209201,0.5977918245529841,0.5903281993938694,0.5934866117094731,0.5943545931921208,0.5981792333391373,0.5834006827028378,0.5921686679050936,1.0,0.5952495206561607,0.5993953542345584
0,10,0.34599947078853466,0.89116,5000,2.180261351444103,0.3565426170468187,833,2.1881162038626383,0.3762,0.7983020906875982,0.08393825137651159,,,0.9218019059186295,,0.9218211937151749,0.0781788062848251,0,0.3962656392571121,5,0.1,0.5,0.6017344216557733,0.5959877413350553,0.6006455269606858,0.6022372783166586,0.5986028750533932,0.6093013395918221,0.6035762032879196,0.5913986762266342,0.5932618275783217,0.5952495206561607,1.0,0.6003265356075621
0,11,0.3456839612080081,0.88956,5000,2.1740297653056957,0.3937575030012005,833,2.1881241935510607,0.3768,0.794409007792628,0.08352890938119482,,,0.8267676505244397,,0.8267858039255057,0.1732141960744943,0,0.3961674276730301,5,0.1,0.5,0.5919700840910562,0.6057570976452092,0.597961457881259,0.5789862787334646,0.5951557306906172,0.6034476380970994,0.5984131437302016,0.5934059605706004,0.5904771563626443,0.5993953542345584,0.6003265356075621,1.0
1,0,0.2967852015700784,0.90888,5000,2.034169492898164,0.7338129496402878,834,2.0304237798380016,0.7407,0.8096276288017826,0.08317575085659075,,,0.7872542314270632,,0.7872697153757342,0.2127302846242658,0.9602213523318771,0.40689704914840913,5,0.1,0.5,1.0,0.6247813605569492,0.634177032605426,0.6289949927624301,0.6341641722308041,0.6222550432207693,0.6359289072969756,0.6249944398335275,0.6299109502403678,0.6278154092932461,0.6302362126112745,0.6176630314443523
1,1,0.30412836798057435,0.90736,5000,2.0226136843363443,0.7589928057553957,834,2.030748285043735,0.7403,0.813829620541215,0.08314523763798837,,,0.7766909298979376,,0.7767079965865168,0.2232920034134832,0.9596580991560688,0.40685551888553617,5,0.1,0.5,0.6247813605569492,1.0,0.6359196771490574,0.6312472534470203,0.6322248340545769,0.6278757149275295,0.6422133971602296,0.618055703501351,0.6330327626449977,0.6322516848022024,0.6391068220976253,0.6362452781270918
1,2,0.3071580825480306,0.90592,5000,2.0360992837835243,0.7302158273381295,834,2.0300408799808247,0.7409,0.8171280532990054,0.08369169143024202,,,0.9658665214515227,,0.9658802268962402,0.0341197731037598,0.9608893570443157,0.4071276853189939,5,0.1,0.5,0.634177032605426,0.6359196771490574,1.0,0.6275753067098431,0.6358742430682418,0.6319133916743213,0.6412435911620292,0.638236730314866,0.6341431837676426,0.6399735288361206,0.6279527333208687,0.635573489798528
1,3,0.3094716971574031,0.90536,5000,2.0185925474873296,0.7697841726618705,834,2.03251087817902,0.7356,0.8116920907148115,0.08274365854552475,,,0.6376691801191501,,0.6376838512122885,0.36231614878771146,0.9569105033285449,0.40560922073086003,5,0.1,0.5,0.6289949927624301,0.6312472534470203,0.6275753067098431,1.0,0.6288215455666646,0.6227315172907625,0.6447646294396416,0.6261257211188428,0.6295609015020066,0.6357492470762279,0.6350035872827499,0.623952316689103
1,4,0.2995404381043972,0.9068,5000,2.025351568504616,0.7755102040816326,833,2.030149472026398,0.7409,0.8164857870588057,0.08345324924086404,,,0.8833207639394718,,0.8833291501430651,0.11667084985693488,0.96051091616942,0.40709563417768824,5,0.1,0.5,0.6341641722308041,0.6322248340545769,0.6358742430682418,0.6288215455666646,1.0,0.6317354321379594,0.6473098818337589,0.6278054111767136,0.634508854283298,0.640295357372782,0.6306681606604186,0.6341945589621821
1,5,0.30088358149762934,0.90692,5000,2.0338963446793734,0.7250900360144058,833,2.0300211769323377,0.7407,0.8095075822423677,0.08379028960801574,,,0.9999999996538123,,1.0,0.0,0.9610236371146711,0.40712835075313814,5,0.1,0.5,0.6222550432207693,0.6278757149275295,0.6319133916743213,0.6227315172907625,0.6317354321379594,1.0,0.6378304486153737,0.6214601480357129,0.6299464972466353,0.6252911068967427,0.6263941685439384,0.6279910609247873
1,6,0.29051550002116117,0.91336,5000,2.0333904955122204,0.7226890756302521,833,2.0302562374657334,0.7412,0.8250645337266627,0.08367045119488571,,,0.9585134128351549,,0.9585261784046986,0.04147382159530144,0.9602904167872156,0.4071271009774998,5,0.1,0.5,0.6359289072969756,0.6422133971602296,0.6412435911620292,0.6447646294396416,0.6473098818337589,0.6378304486153737,1.0,0.6377872610598572,0.6428004439236885,0.6456333717572462,0.6392174722033599,0.6473310328394221
1,7,0.2988391921950421,0.90952,5000,2.042074274133753,0.7298919567827131,833,2.0352548090413736,0.7325,0.8089363864748799,0.08249041680568693,,,0.55,,0.5500125495708047,0.4499874504291953,0.9545580187472508,0.4037342574511802,5,0.1,0.5,0.6249944398335275,0.618055703501351,0.638236730314866,0.6261257211188428,0.6278054111767136,0.6214601480357129,0.6377872610598572,1.0,0.6301186983201391,0.6284846182235995,0.6280446812346321,0.6275031941092253
1,8,0.3046050287907718,0.90604,5000,2.030924814718741,0.7298919567827131,833,2.030209299093618,0.741,0.8143537354369471,0.08336459844277794,,,0.8526309464153359,,0.8526479594397871,0.1473520405602129,0.9604408405861878,0.40706022331570535,5,0.1,0.5,0.6299109502403678,0.6330327626449977,0.6341431837676426,0.6295609015020066,0.634508854283298,0.6299464972466353,0.6428004439236885,0.6301186983201391,1.0,0.630626395852482,0.6310090930073421,0.6312560346482362
1,9,0.30359440304718577,0.90884,5000,2.0378594707559654,0.7262905162064826,833,2.0304532508118847,0.7405,0.8163633911637482,0.08329510599437835,,,0.8285735142575656,,0.8285879222930576,0.17141207770694245,0.9600102034288217,0.407016576574172,5,0.1,0.5,0.6278154092932461,0.6322516848022024,0.6399735288361206,0.6357492470762279,0.640295357372782,0.6252911068967427,0.6456333717572462,0.6284846182235995,0.630626395852482,1.0,0.6364473865833273,0.6349265706617329
1,10,0.2968118320106511,0.91256,5000,2.023562033971151,0.7214885954381752,833,2.0300286977816695,0.7407,0.8144917535398662,0.08374109174387691,,,0.9829683033172334,,0.9829777621605341,0.01702223783946588,0.9609902861916181,0.4071282687054292,5,0.1,0.5,0.6302362126112745,0.6391068220976253,0.6279527333208687,0.6350035872827499,0.6306681606604186,0.6263941685439384,0.6392174722033599,0.6280446812346321,0.6310090930073421,0.6364473865833273,1.0,0.6318138357300381
1,11,0.3050645170223181,0.90492,5000,2.0152953642385976,0.7551020408163265,833,2.0300664669408586,0.7408,0.8135621774327045,0.08343845849916853,,,0.8782003908183977,,0.8782139450830782,0.12178605491692185,0.9606901083397221,0.4070909587038374,5,0.1,0.5,0.6176630314443523,0.6362452781270918,0.635573489798528,0.623952316689103,0.6341945589621821,0.6279910609247873,0.6473310328394221,0.6275031941092253,0.6312560346482362,0.6349265706617329,0.6318138357300381,1.0
2,0,0.26556941822147484,0.92124,5000,1.8389007691983823,0.8776978417266187,834,1.8330228675287752,0.8699,0.8144613632455733,0.08323986988068141,,,0.7565201198866016,,0.7565383263892375,0.24346167361076254,0.9681844949441061,0.4066924053122679,5,0.1,0.5,1.0,0.635371382386168,0.6265201597552779,0.6287106000477864,0.636173711288055,0.6351448038622541,0.6410516992133333,0.6332232759204353,0.6342763675248034,0.6230592416696678,0.6348300183992415,0.6295174326371358
2,1,0.2695783222788221,0.91804,5000,1.8201863412503843,0.882494004796163,834,1.8336314530418323,0.8699,0.8130361307860714,0.08317017949685684,,,0.7298726280341379,,0.7298830380001003,0.27011696199989965,0.9678493257703019,0.40652384857580465,5,0.1,0.5,0.635371382386168,1.0,0.6234490785222362,0.6261633159890971,0.6389192444645747,0.6279233075111766,0.6484002339500172,0.6250672074172072,0.6332880875120965,0.6266950714340376,0.6274983687342197,0.6312667670205201
2,2,0.28090540157975097,0.91652,5000,1.8413937135978982,0.86810551558753,834,1.8324235586312632,0.8702,0.8075579045052481,0.08334064933090982,,,0.795055129043927,,0.7950755484162442,0.20492445158375583,0.9684990990728715,0.40686565266046276,5,0.1,0.5,0.6265201597552779,0.6234490785222362,1.0,0.6189649263221263,0.6279513764459327,0.6261214770229071,0.6351021647931387,0.6237618431355334,0.6316488071652772,0.6248643030118954,0.6252122930482911,0.6244725937314798
2,3,0.2819181705190308,0.9158,5000,1.818333038577327,0.8752997601918465,834,1.8370601129227173,0.8654,0.8122393742640882,0.08287727730815865,,,0.6178757030846086,,0.6178906681391496,0.3821093318608504,0.9651664557638175,0.4051135372108375,5,0.1,0.5,0.6287106000477864,0.6261633159890971,0.6189649263221263,1.0,0.6394346284812076,0.6310691118131858,0.6430187120553764,0.6310354172179625,0.6273557868206555,0.6292073213856193,0.6358768502190995,0.6272609023280876
2,4,0.26720880744266945,0.91868,5000,1.8229924970202975,0.8823529411764706,833,1.8323812477124004,0.8704,0.8204132078295866,0.08363001109568996,,,0.9056983031266511,,0.9057175844586115,0.0942824155413885,0.9689117751238003,0.4070621613594216,5,0.1,0.5,0.636173711288055,0.6389192444645747,0.6279513764459327,0.6394346284812076,1.0,0.6344247330914619,0.6455605885453829,0.6365262590527567,0.6400710824292529,0.6332600560012795,0.6428843675097317,0.6396574050133202
2,5,0.2639952991264546,0.92108,5000,1.839015382307547,0.8643457382953181,833,1.8322050480035166,0.8702,0.8143632974427937,0.08364231064834128,,,0.9104012795070091,,0.9104211635962051,0.08957883640379494,0.9689729124194271,0.40706483433770846,5,0.1,0.5,0.6351448038622541,0.6279233075111766,0.6261214770229071,0.6310691118131858,0.6344247330914619,1.0,0.6418138478648213,0.6321215902576399,0.6365094943506386,0.6246018708101018,0.6312160471671102,0.6332863849701038
2,6,0.26354183683966753,0.9206,5000,1.8345977200402155,0.8679471788715486,833,1.8325240551092374,0.8703,0.8233817235110245,0.08387663548571324,,,0.9999999996176303,,1.0,0.0,0.9690227459982993,0.4070808034206325,5,0.1,0.5,0.6410516992133333,0.6484002339500172,0.6351021647931387,0.6430187120553764,0.6455605885453829,0.6418138478648213,1.0,0.6365208522720395,0.6446767657028379,0.633528168943791,0.6402028945163784,0.6330704210828059
2,7,0.27426030606885626,0.91732,5000,1.8479965351246022,0.8559423769507803,833,1.8421151211467415,0.8626,0.8119439323641938,0.08269976402373705,,,0.55,,0.5500125495708047,0.4499874504291953,0.9622918584273096,0.40347488154222527,5,0.1,0.5,0.6332232759204353,0.6250672074172072,0.6237618431355334,0.6310354172179625,0.6365262590527567,0.6321215902576399,0.6365208522720395,1.0,0.6284741438034093,0.6263830248739001,0.6400462702993573,0.6231656835476189
2,8,0.27665945021079696,0.91568,5000,1.8352005260962028,0.865546218487395,833,1.832574982993519,0.8704,0.8157134690390756,0.0834081087060308,,,0.8208495507454039,,0.8208674263340193,0.17913257366598068,0.9686496699212824,0.4069424922216981,5,0.1,0.5,0.6342763675248034,0.6332880875120965,0.6316488071652772,0.6273557868206555,0.6400710824292529,0.6365094943506386,0.6446767657028379,0.6284741438034093,1.0,0.6279883892689423,0.6309773542378406,0.6339200313263111
2,9,0.27400447292087277,0.91852,5000,1.8446069823371039,0.8643457382953181,833,1.8334060214198054,0.8698,0.8091731237013233,0.08313488186964604,,,0.7163758845540203,,0.716394759299232,0.283605240700768,0.9676261005509322,0.4064186874017031,5,0.1,0.5,0.6230592416696678,0.6266950714340376,0.6248643030118954,0.6292073213856193,0.6332600560012795,0.6246018708101018,0.633528168943791,0.6263830248739001,0.6279883892689423,1.0,0.629546062642443,0.6265857294716607
2,10,0.27376457350269245,0.91888,5000,1.8264624675114949,0.8535414165666266,833,1.8322115542408757,0.8703,0.8157005738601634,0.08365630156774652,,,0.9157509833025581,,0.91577230058732,0.08422769941268005,0.9689831712035691,0.40706759499610906,5,0.1,0.5,0.6348300183992415,0.6274983687342197,0.6252122930482911,0.6358768502190995,0.6428843675097317,0.6312160471671102,0.6402028945163784,0.6400462702993573,0.6309773542378406,0.629546062642443,1.0,0.6293451520191558
2,11,0.27804769812163654,0.91292,5000,1.8168877981327198,0.8691476590636255,833,1.8324676306483845,0.87,0.811890635602878,0.08332401058648856,,,0.7886929771648832,,0.7887053862757893,0.21129461372421066,0.9684659632113332,0.4068420329780404,5,0.1,0.5,0.6295174326371358,0.6312667670205201,0.6244725937314798,0.6272609023280876,0.6396574050133202,0.6332863849701038,0.6330704210828059,0.6231656835476189,0.6339200313263111,0.6265857294716607,0.6293451520191558,1.0
3,0,0.2434678849179867,0.92704,5000,1.6152694446069222,0.9148681055155875,834,1.6064660263518555,0.9159,0.8077817093612389,0.08332670904089558,,,0.7421639630280876,,0.7421816173886853,0.25781838261131473,0.9695475409125478,0.40257243878122134,5,0.1,0.5,1.0,0.6102963783767333,0.6126842574950137,0.6161745196447306,0.630650218989174,0.6204210899045065,0.6321217044239719,0.6177977236724369,0.6224518914221169,0.613948319561048,0.6232622995359235,0.6152917834219191
3,1,0.24903731087406586,0.92476,5000,1.5884734480469316,0.9292565947242206,834,1.6079969467065585,0.9152,0.8005379310890514,0.08302790905061305,,,0.6333827924021235,,0.6333969178254104,0.3666030821745896,0.9673477194401475,0.40130115446593695,5,0.1,0.5,0.6102963783767333,1.0,0.6140650853033233,0.6057789588974701,0.6197944031850999,0.6133719410025326,0.6254066116162593,0.6108590072232412,0.6130085831031048,0.6109182836616245,0.6112560198001008,0.6106369832435455
3,2,0.25647711121376343,0.92424,5000,1.6174724587687739,0.9100719424460432,834,1.6059682670111854,0.9156,0.8022859918104812,0.08320182711785704,,,0.6966994308327912,,0.6967120124491742,0.30328798755082576,0.9689164636432488,0.40218442910586827,5,0.1,0.5,0.6126842574950137,0.6140650853033233,1.0,0.6062679760739299,0.616396709307279,0.6179364643376372,0.6265294406657562,0.6147346508325218,0.611641135428523,0.6118312584588648,0.6154948452922371,0.6139425659681452
3,3,0.2546454000245234,0.92472,5000,1.5909934397096988,0.9268585131894485,834,1.6144282334147932,0.9135,0.7995356212202065,0.08279887329547164,,,0.55,,0.5500125495708047,0.4499874504291953,0.9643401103956141,0.3992907973006868,5,0.1,0.5,0.6161745196447306,0.6057789588974701,0.6062679760739299,1.0,0.6162114008026035,0.6160493615138504,0.6252690305384523,0.6148650309764639,0.6063494744410975,0.6074172801846448,0.6118724005015378,0.6108623467970112
3,4,0.24511473128441602,0.9254,5000,1.5920166395328663,0.9159663865546218,833,1.6055177450180054,0.9158,0.8116416374665025,0.08371983429419284,,,0.8852852034801706,,0.8853019426735605,0.11469805732643945,0.9706689192290937,0.40306518858959145,5,0.1,0.5,0.630650218989174,0.6197944031850999,0.616396709307279,0.6162114008026035,1.0,0.6269005656243329,0.6297651131984706,0.6232199696841381,0.622074488016683,0.6227567811922428,0.6213746243536409,0.6216499523201913
3,5,0.24276492127519883,0.92664,5000,1.6164735953013103,0.9087635054021609,833,1.6053766956725442,0.9157,0.8095703011212323,0.08365574758145912,,,0.8619537849411248,,0.8619697806335024,0.13803021936649762,0.9705979152433514,0.4030346582901169,5,0.1,0.5,0.6204210899045065,0.6133719410025326,0.6179364643376372,0.6160493615138504,0.6269005656243329,1.0,0.6291261832085283,0.6190909740561554,0.624641369619609,0.6253306926024946,0.6128188486653896,0.6249975996780056
3,6,0.23536076159661362,0.93184,5000,1.6074851089053683,0.9159663865546218,833,1.6055740403671996,0.9158,0.8159910178170019,0.08403493276003363,,,0.9999999996359399,,1.0,0.0,0.9707943603062117,0.40310386563438194,5,0.1,0.5,0.6321217044239719,0.6254066116162593,0.6265294406657562,0.6252690305384523,0.6297651131984706,0.6291261832085283,1.0,0.627762837857102,0.6250657532685956,0.6217554658317791,0.6213249521302435,0.6277328942387288
3,7,0.24703088685941355,0.92568,5000,1.62236957638352,0.9111644657863145,833,1.6192362860749705,0.9127,0.8059752582834805,0.08290582897664785,,,0.5889383018133431,,0.5889463380352392,0.4110536619647608,0.9644389180225666,0.4003742927247582,5,0.1,0.5,0.6177977236724369,0.6108590072232412,0.6147346508325218,0.6148650309764639,0.6232199696841381,0.6190909740561554,0.627762837857102,1.0,0.6139174026825168,0.6174986344394645,0.6226378387632353,0.6177891533996248
3,8,0.2523154850728857,0.92416,5000,1.6112671737317685,0.9123649459783914,833,1.6059621660092387,0.9156,0.804904619475573,0.0833378495826552,,,0.746219790382274,,0.7462376386727574,0.2537623613272426,0.969708194968007,0.4025992006497899,5,0.1,0.5,0.6224518914221169,0.6130085831031048,0.611641135428523,0.6063494744410975,0.622074488016683,0.624641369619609,0.6250657532685956,0.6139174026825168,1.0,0.6172365819142168,0.6130645312357819,0.6170829324530965
3,9,0.2516479283096684,0.925,5000,1.6235926107124046,0.9063625450180072,833,1.6072218254351387,0.916,0.8049914100450802,0.08315983266914281,,,0.6814109253458743,,0.6814266352090759,0.31857336479092413,0.9686952628186628,0.4020102821241697,5,0.1,0.5,0.613948319561048,0.6109182836616245,0.6118312584588648,0.6074172801846448,0.6227567811922428,0.6253306926024946,0.6217554658317791,0.6174986344394645,0.6172365819142168,1.0,0.6236356850253114,0.6162947582735054
3,10,0.24801811322771536,0.92764,5000,1.599239216910468,0.9135654261704682,833,1.6054242590364938,0.9159,0.8056619517076352,0.08352871691056675,,,0.8157069792701886,,0.815727122132423,0.18427287786757696,0.9704088784578544,0.4029284271508714,5,0.1,0.5,0.6232622995359235,0.6112560198001008,0.6154948452922371,0.6118724005015378,0.6213746243536409,0.6128188486653896,0.6213249521302435,0.6226378387632353,0.6130645312357819,0.6236356850253114,1.0,0.6161459971497036
3,11,0.25303608702294006,0.92156,5000,1.5899680499677304,0.9123649459783914,833,1.6059362278959621,0.9155,0.8054727631079885,0.08330193872046458,,,0.733146076345039,,0.7331609858942825,0.26683901410571753,0.9694927797673448,0.40250860705996755,5,0.1,0.5,0.6152917834219191,0.6106369832435455,0.6139425659681452,0.6108623467970112,0.6216499523201913,0.6249975996780056,0.6277328942387288,0.6177891533996248,0.6170829324530965,0.6162947582735054,0.6161459971497036,1.0
4,0,0.21745827047118715,0.93488,5000,1.3759247594409518,0.935251798561151,834,1.364174451310033,0.9348,0.7966615205483625,0.08330692079538268,,,0.6946051191246507,,0.6946187440389539,0.30538125596104615,0.9687891324773044,0.39767989769755774,5,0.1,0.5,1.0,0.599700736470967,0.5993181558101891,0.6054810410796454,0.6036599176697993,0.6028359996363212,0.614113709712317,0.5953338066683517,0.6059357690498294,0.5994856711730262,0.6021639546601928,0.5940024530794193
4,1,0.23287759842291758,0.93048,5000,1.3416161846231531,0.9484412470023981,834,1.3669957227219407,0.9343,0.7957195210136699,0.0830752168159777,,,0.6056579411385008,,0.6056824456603584,0.39431755433964155,0.9667059504577579,0.39625017713178307,5,0.1,0.5,0.599700736470967,1.0,0.6022346120557761,0.6046958487523257,0.609936108301585,0.6009454579651176,0.6112414041825487,0.5941421438374498,0.5955980233828325,0.6076857924528081,0.5949050347862479,0.5933989760657051
4,2,0.23769607666292625,0.9292,5000,1.3779858968876026,0.9388489208633094,834,1.3646320748252991,0.9348,0.7941146884761854,0.08313471140907056,,,0.6284968935580217,,0.6285076050399077,0.37149239496009234,0.967249690966251,0.3967072530554661,5,0.1,0.5,0.5993181558101891,0.6022346120557761,1.0,0.5960704108955167,0.5996768063934783,0.5979494059184721,0.6012330719407439,0.5962348478011806,0.5976276517831126,0.6043474468081823,0.6062678895264001,0.5974059130975345
4,3,0.23117950301214008,0.9304,5000,1.3466597663031683,0.9424460431654677,834,1.3748498656117498,0.9338,0.7979497150944025,0.08300095457479018,,,0.5771499422620061,,0.5771648009638071,0.42283519903619293,0.9647393568926982,0.39557096841237954,5,0.1,0.5,0.6054810410796454,0.6046958487523257,0.5960704108955167,1.0,0.6113784171635182,0.6066497980441157,0.6099000771824056,0.6022546629657785,0.5929424708991078,0.6069898582025182,0.6045037669103037,0.5960339208217051
4,4,0.2206921416957667,0.93252,5000,1.3460443417231243,0.9339735894357744,833,1.3623343329079234,0.9344,0.8030219234206946,0.08379103005285456,,,0.8804463480913328,,0.8804578083429546,0.11954219165704538,0.9707279313729967,0.3986071042959281,5,0.1,0.5,0.6036599176697993,0.609936108301585,0.5996768063934783,0.6113784171635182,1.0,0.6062192326907989,0.6193836224040266,0.6060482082266504,0.6013563877236677,0.6088859633052035,0.6084148390089085,0.6061389853822654
4,5,0.22228018784788764,0.93412,5000,1.3781161440743341,0.9255702280912365,833,1.3624062740002958,0.9346,0.798038575253299,0.08357396522278364,,,0.7971188880950384,,0.7971336780282114,0.20286632197178855,0.9702908517964175,0.3984067647067738,5,0.1,0.5,0.6028359996363212,0.6009454579651176,0.5979494059184721,0.6066497980441157,0.6062192326907989,1.0,0.6110382909813352,0.5989159969893142,0.5991367213479629,0.6029536921413965,0.6016047857668112,0.6054443065241857
4,6,0.22323906793463738,0.93512,5000,1.363693493383902,0.9303721488595438,833,1.362323356131776,0.9346,0.8059318997815943,0.08410246271927375,,,0.9999999996161173,,1.0,0.0,0.9708636356665051,0.3986503757538402,5,0.1,0.5,0.614113709712317,0.6112414041825487,0.6012330719407439,0.6099000771824056,0.6193836224040266,0.6110382909813352,1.0,0.6087772515001797,0.6069383242452359,0.6107021337714126,0.6096309963727599,0.6045359041143781
4,7,0.22917145330630906,0.93076,5000,1.381066225193165,0.9399759903961584,833,1.3810513248077978,0.9328,0.7938971346468814,0.08293023001887788,,,0.55,,0.5500125495708047,0.4499874504291953,0.9647222900181119,0.3947924917792346,5,0.1,0.5,0.5953338066683517,0.5941421438374498,0.5962348478011806,0.6022546629657785,0.6060482082266504,0.5989159969893142,0.6087772515001797,1.0,0.5988762475209455,0.5975978788984053,0.6083230303742168,0.5911063943305023
4,8,0.23384527133208266,0.92972,5000,1.371752694801048,0.9327731092436975,833,1.3642910299971462,0.9346,0.793164727453923,0.0831919256146105,,,0.6504604443635208,,0.6504793936047387,0.3495206063952613,0.9676153912285889,0.39708604771765943,5,0.1,0.5,0.6059357690498294,0.5955980233828325,0.5976276517831126,0.5929424708991078,0.6013563877236677,0.5991367213479629,0.6069383242452359,0.5988762475209455,1.0,0.6007242606978777,0.5991004589923176,0.5903001050769691
4,9,0.22733981685392607,0.93208,5000,1.3871831717314544,0.9255702280912365,833,1.3651402377472899,0.9348,0.7988610885044414,0.08327292819168891,,,0.681555942417686,,0.6815722102304101,0.31842778976958985,0.9682464216565341,0.3975262179001014,5,0.1,0.5,0.5994856711730262,0.6076857924528081,0.6043474468081823,0.6069898582025182,0.6088859633052035,0.6029536921413965,0.6107021337714126,0.5975978788984053,0.6007242606978777,1.0,0.6023942301037268,0.6021762869078234
4,10,0.22535942056925173,0.93384,5000,1.3561291694641113,0.9315726290516206,833,1.362716230340659,0.9346,0.7980781222014296,0.08349086249196279,,,0.7652171770910273,,0.7652376888710406,0.2347623111289594,0.9699942976334605,0.3982545299684042,5,0.1,0.5,0.6021639546601928,0.5949050347862479,0.6062678895264001,0.6045037669103037,0.6084148390089085,0.6016047857668112,0.6096309963727599,0.6083230303742168,0.5991004589923176,0.6023942301037268,1.0,0.5973932405604854
4,11,0.23050073302190774,0.92928,5000,1.3490472877467121,0.9279711884753902,833,1.364624760021417,0.9348,0.7920434680612628,0.08312879209272676,,,0.6262245696827926,,0.6262436624667437,0.3737563375332563,0.9669519276463682,0.3966669049319824,5,0.1,0.5,0.5940024530794193,0.5933989760657051,0.5974059130975345,0.5960339208217051,0.6061389853822654,0.6054443065241857,0.6045359041143781,0.5911063943305023,0.5903001050769691,0.6021762869078234,0.5973932405604854,1.0
5,0,0.20194574713078178,0.9406,5000,1.133335484398736,0.9412470023980816,834,1.1179341936644656,0.9423,0.7829573819785847,0.08322735990760971,,,0.6451928359291302,,0.6452135936950957,0.3547864063049043,0.966294890089416,0.3911026082983569,5,0.1,0.5,1.0,0.5762779661165127,0.5759954462448486,0.5778796868420483,0.5851336147981233,0.5667009134124795,0.5859656571266885,0.5851862999636209,0.5751648125780138,0.5831460370893862,0.5871560907248546,0.5814143487139724
5,1,0.21070269372100664,0.93616,5000,1.0922868649164836,0.9568345323741008,834,1.122576103423731,0.9424,0.7808858012653355,0.08299960911460778,,,0.5565630292789883,,0.5565835048441343,0.4434164951558657,0.9631812787228964,0.38908947363596663,5,0.1,0.5,0.5762779661165127,1.0,0.5842887062947104,0.5794249347426628,0.5839177434361837,0.5676133940743929,0.5838378612344638,0.5722307911230187,0.5713122228063009,0.5889594278795027,0.5747654586570082,0.5790465625061598
5,2,0.2172919919554168,0.93508,5000,1.1326698219334637,0.9436450839328537,834,1.1186167037905976,0.9422,0.785653902994131,0.08320711558474904,,,0.6373147056391989,,0.6373274434014357,0.36267255659856434,0.9654556562080644,0.3909660815266453,5,0.1,0.5,0.5759954462448486,0.5842887062947104,1.0,0.5818781253750634,0.5848526065063093,0.5809939959857443,0.5881725049605412,0.5807637552519059,0.5776146837238952,0.5844495006358453,0.5772263411224795,0.5900825633118302
5,3,0.2181623983914685,0.93628,5000,1.0988166023183752,0.9496402877697842,834,1.1298288792466964,0.9415,0.7853066644559401,0.08310549532409593,,,0.5977689199376066,,0.5977812358817328,0.4022187641182672,0.9638692925102703,0.3901638801475427,5,0.1,0.5,0.5778796868420483,0.5794249347426628,0.5818781253750634,1.0,0.5937865778853393,0.5783046501422271,0.5919524134748666,0.576580279182211,0.5745056637018845,0.5855189835457065,0.5850968670638224,0.5786297797475765
5,4,0.2046872401443921,0.93612,5000,1.0979929279398035,0.9459783913565426,833,1.114798393112402,0.9431,0.7922406210028318,0.08387752402960394,,,0.898205875592708,,0.8982179609457357,0.1017820390542643,0.9693321219139963,0.3927123811115013,5,0.1,0.5,0.5851336147981233,0.5839177434361837,0.5848526065063093,0.5937865778853393,1.0,0.5823708709047967,0.5913203648771137,0.5912017543258483,0.5869974975392731,0.5960287012045092,0.5845816000773927,0.5850066075736291
5,5,0.2088708014179994,0.93824,5000,1.134799665874905,0.9327731092436975,833,1.1157089907902118,0.9427,0.7810552349966239,0.08333893874789979,,,0.6886140285002258,,0.6886250690226394,0.3113749309773606,0.9672077726001643,0.39171252922067273,5,0.1,0.5,0.5667009134124795,0.5676133940743929,0.5809939959857443,0.5783046501422271,0.5823708709047967,1.0,0.5912197417662896,0.573190734138452,0.5796973922346177,0.5800945132543561,0.5764380159744166,0.5840065212677082
5,6,0.20514201326117773,0.9412,5000,1.115888207047074,0.9423769507803121,833,1.1147695103773294,0.943,0.7937589430508423,0.08413910298756763,,,0.9999999996108475,,1.0,0.0,0.9694488120803536,0.392739187046358,5,0.1,0.5,0.5859656571266885,0.5838378612344638,0.5881725049605412,0.5919524134748666,0.5913203648771137,0.5912197417662896,1.0,0.587493238838627,0.5888882099891968,0.5889110781768864,0.5842887902351166,0.5959146019004021
5,7,0.20986652507262815,0.93788,5000,1.13441241229022,0.9459783913565426,833,1.137155936548885,0.9405,0.7831611545218993,0.08298274418869539,,,0.55,,0.5500125495708047,0.4499874504291953,0.9624524348775555,0.3888834184360858,5,0.1,0.5,0.5851862999636209,0.5722307911230187,0.5807637552519059,0.576580279182211,0.5912017543258483,0.573190734138452,0.587493238838627,1.0,0.5679495763842124,0.5811657142067467,0.5800286708738419,0.587969224349941
5,8,0.2144927036930706,0.93556,5000,1.1283266301508303,0.9387755102040817,833,1.1194201176539778,0.9418,0.7797860440607833,0.08303892963504911,,,0.5718647109028501,,0.5718789217408765,0.4281210782591235,0.963495077585878,0.38951944304709946,5,0.1,0.5,0.5751648125780138,0.5713122228063009,0.5776146837238952,0.5745056637018845,0.5869974975392731,0.5796973922346177,0.5888882099891968,0.5679495763842124,1.0,0.5800091462834465,0.5760121567539787,0.5723770876872362
5,9,0.21220286132732205,0.93736,5000,1.1439212119137798,0.9375750300120048,833,1.1179936034991718,0.9423,0.7892298490235263,0.08342530136308704,,,0.722222262240963,,0.7222378394658903,0.27776216053410974,0.9670397712232397,0.3920540637964632,5,0.1,0.5,0.5831460370893862,0.5889594278795027,0.5844495006358453,0.5855189835457065,0.5960287012045092,0.5800945132543561,0.5889110781768864,0.5811657142067467,0.5800091462834465,1.0,0.5806660386657169,0.5903516153712255
5,10,0.21095416091121497,0.93752,5000,1.108691206684819,0.9387755102040817,833,1.115886396683824,0.9428,0.7838377894434395,0.08338128093004392,,,0.7050915975445098,,0.7051152050599869,0.2948847949400131,0.9676909432416242,0.39189427807891136,5,0.1,0.5,0.5871560907248546,0.5747654586570082,0.5772263411224795,0.5850968670638224,0.5845816000773927,0.5764380159744166,0.5842887902351166,0.5800286708738419,0.5760121567539787,0.5806660386657169,1.0,0.5811395176206159
5,11,0.21228218024276244,0.93556,5000,1.103859019500238,0.9339735894357744,833,1.118099283105649,0.9421,0.787741455694238,0.0832765981869907,,,0.6643540389431867,,0.664364238743035,0.33563576125696504,0.9656135928087602,0.39139742639653186,5,0.1,0.5,0.5814143487139724,0.5790465625061598,0.5900825633118302,0.5786297797475765,0.5850066075736291,0.5840065212677082,0.5959146019004021,0.587969224349941,0.5723770876872362,0.5903516153712255,0.5811395176206159,1.0
6,0,0.18478670091350463,0.94512,5000,0.9076179199748569,0.9484412470023981,834,0.8891011299416661,0.9484,0.7699209392868224,0.08325529128521478,,,0.6947357706185895,,0.6947442397470006,0.3052557602529994,0.9637344570749202,0.3841209506355082,5,0.1,0.5,1.0,0.5486172892122582,0.559455558074541,0.5551955968710147,0.5597914122975471,0.5547710983740612,0.5655372592689994,0.5472372617014435,0.5561997200840414,0.5478763069489759,0.5671764622190605,0.5537978641014927
6,1,0.19604066506645101,0.94068,5000,0.8619390836468449,0.9616306954436451,834,0.8955075243791453,0.9481,0.7603438873497573,0.08276295210270286,,,0.55,,0.5500125495708047,0.4499874504291953,0.9601035690792766,0.3812474723124807,5,0.1,0.5,0.5486172892122582,1.0,0.5457407490190416,0.548345146871168,0.5593306537552014,0.5421901611107014,0.5632343616470326,0.5355206695948244,0.5496177566842555,0.5496590139086177,0.5427546366919291,0.5432911350168782
6,2,0.20298955738366503,0.93992,5000,0.9038096313123349,0.9508393285371702,834,0.8898574568973944,0.9486,0.7689762228636778,0.08320821991124722,,,0.680897929091309,,0.6809095928919231,0.3190904071080769,0.9635418467665006,0.38396224311794785,5,0.1,0.5,0.559455558074541,0.5457407490190416,1.0,0.5486068584702536,0.5596942002623069,0.5560091156649959,0.5638426803073232,0.5530467119622918,0.5604534101274251,0.5554843934257784,0.5597578575116672,0.5449573866847682
6,3,0.20436169815362448,0.93936,5000,0.8678501491193418,0.9544364508393285,834,0.9006290671924433,0.9477,0.7669129212164874,0.08306679294789848,,,0.6393218342899764,,0.6393303549018624,0.3606696450981376,0.9622070194031419,0.3833646472994842,5,0.1,0.5,0.5551955968710147,0.548345146871168,0.5486068584702536,1.0,0.5594862581273449,0.5576400655477879,0.5649385161880716,0.5439966040773044,0.5517777715578888,0.5490775283411774,0.5600066830067871,0.5493970979293729
6,4,0.18895694861295306,0.9438,5000,0.8697044120894538,0.9483793517406963,833,0.8852220118617098,0.9486,0.7759632093987489,0.0839066552104513,,,0.8862209560780596,,0.8862356307414286,0.11376436925857136,0.9668946162540027,0.3850295832550302,5,0.1,0.5,0.5597914122975471,0.5593306537552014,0.5596942002623069,0.5594862581273449,1.0,0.5604459848363497,0.5730194137572335,0.5571371971248843,0.5654221932546423,0.5557256733725059,0.5600237631659036,0.5580394070244653
6,5,0.18461271536115342,0.94356,5000,0.9071000593679922,0.936374549819928,833,0.8867675014578116,0.9486,0.7725410761889739,0.08342313513723949,,,0.7440777895544919,,0.7440941719793183,0.25590582802068174,0.9648957588613876,0.384552902755262,5,0.1,0.5,0.5547710983740612,0.5421901611107014,0.5560091156649959,0.5576400655477879,0.5604459848363497,1.0,0.5689839129768633,0.5527509577150288,0.5702629364661436,0.5557551964644214,0.5634013619785717,0.5570697588221529
6,6,0.1882523071409387,0.94376,5000,0.8859657137482254,0.9459783913565426,833,0.8851185117285854,0.9487,0.7819236093622726,0.08429369071029605,,,0.9999999997060243,,1.0,0.0,0.9670253846326521,0.38506495349328007,5,0.1,0.5,0.5655372592689994,0.5632343616470326,0.5638426803073232,0.5649385161880716,0.5730194137572335,0.5689839129768633,1.0,0.5607407260465429,0.5706384004120116,0.5625661439019791,0.5693208737182075,0.5591019768963231
6,7,0.19492207352356736,0.94084,5000,0.9032126002841525,0.9543817527010804,833,0.9086498713341004,0.9473,0.7631076623085437,0.08284946859183362,,,0.575433748054883,,0.5754530395060489,0.42454696049395113,0.9603435329617755,0.3819826792505342,5,0.1,0.5,0.5472372617014435,0.5355206695948244,0.5530467119622918,0.5439966040773044,0.5571371971248843,0.5527509577150288,0.5607407260465429,1.0,0.5486669672643365,0.5529858337528184,0.5559461549532219,0.5459304237202419
6,8,0.1937208730881666,0.94196,5000,0.8992419927208511,0.9495798319327731,833,0.8904843646497391,0.9486,0.7736194023471239,0.08325947975120958,,,0.6959670779672638,,0.6959791175141811,0.30402088248581893,0.9602627313845917,0.384133140371783,5,0.1,0.5,0.5561997200840414,0.5496177566842555,0.5604534101274251,0.5517777715578888,0.5654221932546423,0.5702629364661436,0.5706384004120116,0.5486669672643365,1.0,0.5546938779723426,0.5630663893767711,0.5599535752745501
6,9,0.1998649021325882,0.94104,5000,0.9177414973576864,0.9447779111644657,833,0.8890492122013348,0.9484,0.7673566382889448,0.08329766132726289,,,0.7071915346625726,,0.7072084734702073,0.2927915265297927,0.9650398332563473,0.3842495457449817,5,0.1,0.5,0.5478763069489759,0.5496590139086177,0.5554843934257784,0.5490775283411774,0.5557256733725059,0.5557551964644214,0.5625661439019791,0.5529858337528184,0.5546938779723426,1.0,0.5555778853811677,0.5515425680050413
6,10,0.19369350251071393,0.94268,5000,0.8800838435137713,0.9447779111644657,833,0.8866869573014232,0.9487,0.7743667743446434,0.08351626810656143,,,0.7714566222040381,,0.7714723156468049,0.22852768435319515,0.9651733680664716,0.38471525958665553,5,0.1,0.5,0.5671764622190605,0.5427546366919291,0.5597578575116672,0.5600066830067871,0.5600237631659036,0.5634013619785717,0.5693208737182075,0.5559461549532219,0.5630663893767711,0.5555778853811677,1.0,0.5589180988038461
6,11,0.19725855956340482,0.94004,5000,0.8775014689675084,0.9399759903961584,833,0.8894722170342272,0.9485,0.7663051292361351,0.08316038491808228,,,0.6668356020529885,,0.6668490537623614,0.33315094623763863,0.9640966155360706,0.3837823777792344,5,0.1,0.5,0.5537978641014927,0.5432911350168782,0.5449573866847682,0.5493970979293729,0.5580394070244653,0.5570697588221529,0.5591019768963231,0.5459304237202419,0.5599535752745501,0.5515425680050413,0.5589180988038461,1.0
7,0,0.1769816251266985,0.94776,5000,0.709974224920626,0.9508393285371702,834,0.6892027769225855,0.953,0.7530848278517526,0.08317973583230406,,,0.6845193457974377,,0.6845288891119924,0.3154711108880076,0.9629300346900969,0.3768749495154729,5,0.1,0.5,1.0,0.5233498977146374,0.5331955064085082,0.5358086136363417,0.5322086569644842,0.5207536235337465,0.5399380902843055,0.5221130295025539,0.539052007806675,0.5263478908269669,0.5319304622480775,0.5268678731132747
