round,client_id,client_i_training_loss,client_i_training_accuracy,client_i_training_dataset_size,client_i_evaluation_loss,client_i_evaluation_accuracy,client_i_evaluation_dataset_size,client_i_central_evaluation_loss,client_i_central_evaluation_accuracy,client_i_cosine_similarity,client_i_importance_coefficient,client_i_tanh_val,tanh_normalization_value,client_i_q,client_i_mask_order,client_i_v_nonzero_fraction,client_i_v_sparsity,client_i_v_cosine_similarity,client_i_reward_gradient_norm,local_epochs,learning_rate,gamma,client_0_cosine_similarity,client_1_cosine_similarity,client_2_cosine_similarity,client_3_cosine_similarity,client_4_cosine_similarity,client_5_cosine_similarity,client_6_cosine_similarity,client_7_cosine_similarity,client_8_cosine_similarity,client_9_cosine_similarity,client_10_cosine_similarity,client_11_cosine_similarity
0,0,2.141742458313134,0.4054,5000,2.2542926558741816,0.2841726618705036,834,2.2494325424535586,0.2866,0.9954384742493304,0.08320473951604361,,,0.98,,0.9800166246218381,0.01998337537816186,0,0.09969769493632018,5,0.001,0.1,1.0,0.9927680962163848,0.9913693388863815,0.9918681684438101,0.9933466345333404,0.9943501745974205,0.9912839072514577,0.9908472537523396,0.9916352488838395,0.9912346243257214,0.9914305922458726,0.9890163501172738
0,1,2.144114131836375,0.45784,5000,2.250152967594288,0.28896882494004794,834,2.2494325424535586,0.2866,0.9976201717581863,0.08338709892611568,,,0.98,,0.9800166246218381,0.01998337537816186,0,0.09969769493632018,5,0.001,0.1,0.9927680962163848,1.0,0.9930034521778353,0.9915983870049233,0.9949377282839885,0.9955245844491897,0.9931200754424908,0.9956940553116898,0.9947410255720058,0.9956671027930803,0.994831381826216,0.9933657250965209
0,2,2.1423245671448434,0.41812,5000,2.2488034036424427,0.28177458033573144,834,2.2494325424535586,0.2866,0.997188559119536,0.0833510221437733,,,0.98,,0.9800166246218381,0.01998337537816186,0,0.09969769493632018,5,0.001,0.1,0.9913693388863815,0.9930034521778353,1.0,0.9938828376239875,0.9936142831663712,0.9922971953130765,0.9944334299876653,0.9935083158715169,0.9954024359003799,0.9959332276607746,0.9941460314720968,0.9924973731422231
0,3,2.139605530204287,0.4098,5000,2.2522410110191062,0.2685851318944844,834,2.2494325424535586,0.2866,0.9964387215888069,0.08328834620946131,,,0.98,,0.9800166246218381,0.01998337537816186,0,0.09969769493632018,5,0.001,0.1,0.9918681684438101,0.9915983870049233,0.9938828376239875,1.0,0.9928265002276089,0.9937939390814192,0.9937264355351283,0.9915829684410771,0.9945300350103891,0.993020387276596,0.9912332969565677,0.9930541161535933
0,4,2.143439302322971,0.40316,5000,2.2435335406550654,0.2773109243697479,833,2.2494325424535586,0.2866,0.997575480501249,0.08338336336185098,,,0.98,,0.9800166246218381,0.01998337537816186,0,0.09969769493632018,5,0.001,0.1,0.9933466345333404,0.9949377282839885,0.9936142831663712,0.9928265002276089,1.0,0.9956444007560139,0.9936100176131286,0.9952618325265065,0.9944164039255957,0.9941043054057055,0.9953161387879539,0.9916386956533613
0,5,2.1355423119417423,0.44984,5000,2.2468593738697193,0.297719087635054,833,2.2494325424535586,0.2866,0.9973931098341107,0.08336811972374863,,,0.98,,0.9800166246218381,0.01998337537816186,0,0.09969769493632018,5,0.001,0.1,0.9943501745974205,0.9955245844491897,0.9922971953130765,0.9937939390814192,0.9956444007560139,1.0,0.9938748379988771,0.9948286022768954,0.9929687768856915,0.9943524805168581,0.9923131996418693,0.9925869165957266
0,6,2.145899173560416,0.441,5000,2.2430374357435436,0.3085234093637455,833,2.2494325424535586,0.2866,0.9969409450758376,0.08333032507153888,,,0.98,,0.9800166246218381,0.01998337537816186,0,0.09969769493632018,5,0.001,0.1,0.9912839072514577,0.9931200754424908,0.9944334299876653,0.9937264355351283,0.9936100176131286,0.9938748379988771,1.0,0.9948937209807862,0.9934569038787704,0.9939711671294459,0.9914515052865155,0.9933035335130885
0,7,2.1416831412892434,0.45968,5000,2.2491095242676913,0.28691476590636256,833,2.2494325424535586,0.2866,0.9972185547808418,0.08335352936169797,,,0.98,,0.9800166246218381,0.01998337537816186,0,0.09969769493632018,5,0.001,0.1,0.9908472537523396,0.9956940553116898,0.9935083158715169,0.9915829684410771,0.9952618325265065,0.9948286022768954,0.9948937209807862,1.0,0.993892116853226,0.9947117670716704,0.9939440002151421,0.991282147100342
0,8,2.144994977780968,0.43992,5000,2.2481478761743614,0.29411764705882354,833,2.2494325424535586,0.2866,0.9975480647599955,0.08338107178917356,,,0.98,,0.9800166246218381,0.01998337537816186,0,0.09969769493632018,5,0.001,0.1,0.9916352488838395,0.9947410255720058,0.9954024359003799,0.9945300350103891,0.9944164039255957,0.9929687768856915,0.9934569038787704,0.993892116853226,1.0,0.9957186495152878,0.9945297157691723,0.9930976341591438
0,9,2.1437239077440493,0.46324,5000,2.248796056818079,0.28211284513805523,833,2.2494325424535586,0.2866,0.9976551340123014,0.08339002128176276,,,0.98,,0.9800166246218381,0.01998337537816186,0,0.09969769493632018,5,0.001,0.1,0.9912346243257214,0.9956671027930803,0.9959332276607746,0.993020387276596,0.9941043054057055,0.9943524805168581,0.9939711671294459,0.9947117670716704,0.9957186495152878,1.0,0.9938091496640999,0.9931470319464072
0,10,2.140520159150385,0.41584,5000,2.2498033664844654,0.27010804321728693,833,2.2494325424535586,0.2866,0.996771580060067,0.08331616852406272,,,0.98,,0.9800166246218381,0.01998337537816186,0,0.09969769493632018,5,0.001,0.1,0.9914305922458726,0.994831381826216,0.9941460314720968,0.9912332969565677,0.9953161387879539,0.9923131996418693,0.9914515052865155,0.9939440002151421,0.9945297157691723,0.9938091496640999,1.0,0.9920942872208537
0,11,2.1360508282473134,0.47148,5000,2.2531400521596274,0.29891956782713086,833,2.2494325424535586,0.2866,0.9959344253076112,0.08324619409077066,,,0.98,,0.9800166246218381,0.01998337537816186,0,0.09969769493632018,5,0.001,0.1,0.9890163501172738,0.9933657250965209,0.9924973731422231,0.9930541161535933,0.9916386956533613,0.9925869165957266,0.9933035335130885,0.991282147100342,0.9930976341591438,0.9931470319464072,0.9920942872208537,1.0
1,0,1.9698986727720613,0.48564,5000,2.1896018628720886,0.40047961630695444,834,2.184454569039634,0.4175,0.9974602661905698,0.08323278140801929,,,0.98,,0.9800166246218381,0.01998337537816186,0.9762202563711402,0.09981320151557024,5,0.001,0.1,1.0,0.995473260730966,0.9951116357102514,0.9952947371868889,0.9954740382337264,0.9968803151432668,0.9946003288924794,0.9949329827917293,0.9950123046141172,0.9950876440939157,0.9953287501394916,0.9939738590096052
1,1,1.96965298348931,0.53308,5000,2.185662861223574,0.41247002398081534,834,2.184454569039634,0.4175,0.9985039057770613,0.08337832112017786,,,0.98,,0.9800166246218381,0.01998337537816186,0.9762202563711402,0.09981320151557024,5,0.001,0.1,0.995473260730966,1.0,0.9953983622998804,0.9953415191419155,0.9964796708741425,0.9969372687189787,0.9957819222766744,0.9972776643106952,0.9964284106011464,0.9974836647520406,0.9967993220603598,0.996258227356647
1,2,1.9667378322334046,0.4974,5000,2.182080957624647,0.41606714628297364,834,2.184454569039634,0.4175,0.9980557079925348,0.08334172508610187,,,0.98,,0.9800166246218381,0.01998337537816186,0.9762202563711402,0.09981320151557024,5,0.001,0.1,0.9951116357102514,0.9953983622998804,1.0,0.9958683253799162,0.9947264380756844,0.9951049470229706,0.9964997842181886,0.9961151171874445,0.9967906193334883,0.9964985966436225,0.9966145831578787,0.9955661015447255
1,3,1.9675626514823574,0.4936,5000,2.187169004369665,0.40047961630695444,834,2.184454569039634,0.4175,0.9978935254950319,0.08329804752449083,,,0.98,,0.9800166246218381,0.01998337537816186,0.9762202563711402,0.09981320151557024,5,0.001,0.1,0.9952947371868889,0.9953415191419155,0.9958683253799162,1.0,0.9953256941591997,0.9968856221114213,0.9958668169643806,0.9949109527975292,0.996412397945069,0.9961717344891681,0.9946154452269553,0.9956614301454737
1,4,1.9717650425661901,0.49248,5000,2.1776577631632485,0.42016806722689076,833,2.184454569039634,0.4175,0.9979985369706537,0.08335971590670022,,,0.98,,0.9800166246218381,0.01998337537816186,0.9762202563711402,0.09981320151557024,5,0.001,0.1,0.9954740382337264,0.9964796708741425,0.9947264380756844,0.9953256941591997,1.0,0.99691484431823,0.9951291547547234,0.9963203329826065,0.9956734242299757,0.9964586165144117,0.9965493803336358,0.9945544083876376
1,5,1.956992159527578,0.5276,5000,2.181503896360044,0.42136854741896757,833,2.184454569039634,0.4175,0.9984544194610134,0.08336508279963713,,,0.98,,0.9800166246218381,0.01998337537816186,0.9762202563711402,0.09981320151557024,5,0.001,0.1,0.9968803151432668,0.9969372687189787,0.9951049470229706,0.9968856221114213,0.99691484431823,1.0,0.9957699250570178,0.9965759188439381,0.9958009365426365,0.9968152026108399,0.9956399011780487,0.9957453968913941
1,6,1.9717209434812994,0.53432,5000,2.1774320160901106,0.43337334933973587,833,2.184454569039634,0.4175,0.9979252010085076,0.08332481765429216,,,0.98,,0.9800166246218381,0.01998337537816186,0.9762202563711402,0.09981320151557024,5,0.001,0.1,0.9946003288924794,0.9957819222766744,0.9964997842181886,0.9958668169643806,0.9951291547547234,0.9957699250570178,1.0,0.9964502041833266,0.9955649939850836,0.9958939761798247,0.9948693295843182,0.9963056747249104
1,7,1.9652331180633253,0.54612,5000,2.1816578882711903,0.4237695078031212,833,2.184454569039634,0.4175,0.998347384928609,0.08335267862262626,,,0.98,,0.9800166246218381,0.01998337537816186,0.9762202563711402,0.09981320151557024,5,0.001,0.1,0.9949329827917293,0.9972776643106952,0.9961151171874445,0.9949109527975292,0.9963203329826065,0.9965759188439381,0.9964502041833266,1.0,0.9963135940882765,0.9966070984373417,0.9967239343857189,0.9955568131305047
1,8,1.9711849413100322,0.52556,5000,2.1870910591549344,0.44417767106842737,833,2.184454569039634,0.4175,0.9983409650719737,0.08336936443962226,,,0.98,,0.9800166246218381,0.01998337537816186,0.9762202563711402,0.09981320151557024,5,0.001,0.1,0.9950123046141172,0.9964284106011464,0.9967906193334883,0.996412397945069,0.9956734242299757,0.9958009365426365,0.9955649939850836,0.9963135940882765,1.0,0.9970603350351949,0.9964826483086086,0.9961691355207599
1,9,1.9682816721071863,0.5354,5000,2.183695607715183,0.4141656662665066,833,2.184454569039634,0.4175,0.9986040673664741,0.08338334689482854,,,0.98,,0.9800166246218381,0.01998337537816186,0.9762202563711402,0.09981320151557024,5,0.001,0.1,0.9950876440939157,0.9974836647520406,0.9964985966436225,0.9961717344891681,0.9964586165144117,0.9968152026108399,0.9958939761798247,0.9966070984373417,0.9970603350351949,1.0,0.9965425184116373,0.9962389260753123
1,10,1.9661988713938718,0.4926,5000,2.185493548711141,0.40336134453781514,833,2.184454569039634,0.4175,0.9981718896061477,0.08332409823712279,,,0.98,,0.9800166246218381,0.01998337537816186,0.9762202563711402,0.09981320151557024,5,0.001,0.1,0.9953287501394916,0.9967993220603598,0.9966145831578787,0.9946154452269553,0.9965493803336358,0.9956399011780487,0.9948693295843182,0.9967239343857189,0.9964826483086086,0.9965425184116373,1.0,0.9955190166006468
1,11,1.9593740332658123,0.54496,5000,2.1869734304922597,0.42016806722689076,833,2.184454569039634,0.4175,0.9978262003009545,0.08327002030638088,,,0.98,,0.9800166246218381,0.01998337537816186,0.9762202563711402,0.09981320151557024,5,0.001,0.1,0.9939738590096052,0.996258227356647,0.9955661015447255,0.9956614301454737,0.9945544083876376,0.9957453968913941,0.9963056747249104,0.9955568131305047,0.9961691355207599,0.9962389260753123,0.9955190166006468,1.0
2,0,1.7846188021313614,0.54808,5000,2.1099655274991638,0.4940047961630695,834,2.104296237135086,0.511,0.9983734072638518,0.08326251820761445,,,0.98,,0.9800166246218381,0.01998337537816186,0.9909176087671415,0.09986571243695244,5,0.001,0.1,1.0,0.9969375455820849,0.9965395264107005,0.9969559909187597,0.9971871801637345,0.9978654247147416,0.9961709303934804,0.9964555097329569,0.9971110551438644,0.9964572227917095,0.9968605589442366,0.9958544951247553
2,1,1.7786239882183683,0.57816,5000,2.105639590157403,0.5071942446043165,834,2.104296237135086,0.511,0.9990050800012591,0.08337215350074913,,,0.98,,0.9800166246218381,0.01998337537816186,0.9909176087671415,0.09986571243695244,5,0.001,0.1,0.9969375455820849,1.0,0.9970016173985375,0.9967243948368327,0.9977080857718301,0.9977330184257461,0.9973731238658264,0.997942830877405,0.9976256921774663,0.9979927885350107,0.9975795253833565,0.997340945950153
2,2,1.7763909875966941,0.5612,5000,2.099883476893107,0.5167865707434053,834,2.104296237135086,0.511,0.998582936153063,0.0833360873808686,,,0.98,,0.9800166246218381,0.01998337537816186,0.9909176087671415,0.09986571243695244,5,0.001,0.1,0.9965395264107005,0.9970016173985375,1.0,0.9970151484282258,0.9966013670455495,0.9965619877532512,0.99747046308023,0.9970082117615664,0.9974095940569567,0.9972268659691246,0.9974611424112189,0.9966066864946255
2,3,1.7805888467533573,0.55844,5000,2.1072016203844988,0.4856115107913669,834,2.104296237135086,0.511,0.9984394165115913,0.08330467126486946,,,0.98,,0.9800166246218381,0.01998337537816186,0.9909176087671415,0.09986571243695244,5,0.001,0.1,0.9969559909187597,0.9967243948368327,0.9970151484282258,1.0,0.9964427511362658,0.9975594423311183,0.9968061466487729,0.9964903240303786,0.9972807160983085,0.996739243537629,0.9963824852755719,0.9967883499730786
2,4,1.7859420284344132,0.55488,5000,2.096317070501822,0.5282112845138055,833,2.104296237135086,0.511,0.9987202957135437,0.08335155300625222,,,0.98,,0.9800166246218381,0.01998337537816186,0.9909176087671415,0.09986571243695244,5,0.001,0.1,0.9971871801637345,0.9977080857718301,0.9966013670455495,0.9964427511362658,1.0,0.99757504884578,0.9968075706962843,0.9976845114596802,0.997384920485334,0.9969526372280891,0.9976417046920271,0.9965619083263645
2,5,1.7654259083377328,0.57708,5000,2.100996794524016,0.5162064825930373,833,2.104296237135086,0.511,0.998843425890228,0.08335881811020979,,,0.98,,0.9800166246218381,0.01998337537816186,0.9909176087671415,0.09986571243695244,5,0.001,0.1,0.9978654247147416,0.9977330184257461,0.9965619877532512,0.9975594423311183,0.99757504884578,1.0,0.996994019545453,0.9974820730499565,0.9970628123325572,0.9972793513084731,0.9969439994814904,0.9969674516180308
2,6,1.78104055945281,0.59824,5000,2.096898979610867,0.5162064825930373,833,2.104296237135086,0.511,0.9985318941908206,0.08332407200023868,,,0.98,,0.9800166246218381,0.01998337537816186,0.9909176087671415,0.09986571243695244,5,0.001,0.1,0.9961709303934804,0.9973731238658264,0.99747046308023,0.9968061466487729,0.9968075706962843,0.996994019545453,1.0,0.997288234330146,0.9967595725207955,0.9967886824447352,0.9964924676073245,0.9973401965240117
2,7,1.7716729267387634,0.60628,5000,2.0985789122404874,0.5150060024009604,833,2.104296237135086,0.511,0.9987470515743796,0.08334810112996176,,,0.98,,0.9800166246218381,0.01998337537816186,0.9909176087671415,0.09986571243695244,5,0.001,0.1,0.9964555097329569,0.997942830877405,0.9970082117615664,0.9964903240303786,0.9976845114596802,0.9974820730499565,0.997288234330146,1.0,0.9971987389420954,0.997333237457928,0.99737648818369,0.9966072723806143
2,8,1.781871837263654,0.5804,5000,2.111662167089957,0.5162064825930373,833,2.104296237135086,0.511,0.9988123708344175,0.08336044140905008,,,0.98,,0.9800166246218381,0.01998337537816186,0.9909176087671415,0.09986571243695244,5,0.001,0.1,0.9971110551438644,0.9976256921774663,0.9974095940569567,0.9972807160983085,0.997384920485334,0.9970628123325572,0.9967595725207955,0.9971987389420954,1.0,0.9973788897781113,0.9974188667426431,0.9970205395954397
2,9,1.777765248535545,0.58988,5000,2.103367646535238,0.5042016806722689,833,2.104296237135086,0.511,0.9987249673086919,0.08336619482330423,,,0.98,,0.9800166246218381,0.01998337537816186,0.9909176087671415,0.09986571243695244,5,0.001,0.1,0.9964572227917095,0.9979927885350107,0.9972268659691246,0.996739243537629,0.9969526372280891,0.9972793513084731,0.9967886824447352,0.997333237457928,0.9973788897781113,1.0,0.9974614932710223,0.9969919236171628
2,10,1.7775005516732574,0.55392,5000,2.1058607631259494,0.5114045618247299,833,2.104296237135086,0.511,0.9986996217465821,0.08332904421826848,,,0.98,,0.9800166246218381,0.01998337537816186,0.9909176087671415,0.09986571243695244,5,0.001,0.1,0.9968605589442366,0.9975795253833565,0.9974611424112189,0.9963824852755719,0.9976417046920271,0.9969439994814904,0.9964924676073245,0.99737648818369,0.9974188667426431,0.9974614932710223,1.0,0.996681821501315
2,11,1.767303424428223,0.58512,5000,2.1054806885895907,0.5210084033613446,833,2.104296237135086,0.511,0.9984041131880127,0.0832863449486132,,,0.98,,0.9800166246218381,0.01998337537816186,0.9909176087671415,0.09986571243695244,5,0.001,0.1,0.9958544951247553,0.997340945950153,0.9966066864946255,0.9967883499730786,0.9965619083263645,0.9969674516180308,0.9973401965240117,0.9966072723806143,0.9970205395954397,0.9969919236171628,0.996681821501315,1.0
3,0,1.6181228185914884,0.58508,5000,2.0149774418936834,0.5551558752997602,834,2.0085071675693644,0.5697,0.9986344944678345,0.08328673592064971,,,0.98,,0.9800166246218381,0.01998337537816186,0.9961765157615616,0.09987327890537842,5,0.001,0.1,1.0,0.9973504141558136,0.996922934011016,0.997287030512819,0.9971222524613551,0.9977804345277426,0.996821436733444,0.9970813657189197,0.997255110917781,0.9971933996910192,0.9972768321831293,0.9963395335327629
3,1,1.6080616097541371,0.6068,5000,2.0099185661033347,0.5671462829736211,834,2.0085071675693644,0.5697,0.9990325413234316,0.08336681124532665,,,0.98,,0.9800166246218381,0.01998337537816186,0.9961765157615616,0.09987327890537842,5,0.001,0.1,0.9973504141558136,1.0,0.9971003598178462,0.9971426582444342,0.9977142684360375,0.9978101564850037,0.9976261846870714,0.9979248513391098,0.9975580861571887,0.9979897420801571,0.9977523360984676,0.9972285696302781
3,2,1.6093750948359253,0.59792,5000,2.0017925677476107,0.5767386091127098,834,2.0085071675693644,0.5697,0.9986113287727243,0.08333110118590598,,,0.98,,0.9800166246218381,0.01998337537816186,0.9961765157615616,0.09987327890537842,5,0.001,0.1,0.996922934011016,0.9971003598178462,1.0,0.9970969829853416,0.9968507352648552,0.9969022260533676,0.9971377728645507,0.9970561227153899,0.9974555468847102,0.9974787077274402,0.9976878067618841,0.9964615274382675
3,3,1.6126491800235334,0.5974,5000,2.012026733822293,0.5491606714628298,834,2.0085071675693644,0.5697,0.998559243505595,0.08331015570294131,,,0.98,,0.9800166246218381,0.01998337537816186,0.9961765157615616,0.09987327890537842,5,0.001,0.1,0.997287030512819,0.9971426582444342,0.9970969829853416,1.0,0.9964313983968721,0.9977246260825576,0.9968192876047925,0.9969155773732438,0.99705318878148,0.997210422330154,0.9969051330896207,0.9969418671576339
3,4,1.6181633241616997,0.59572,5000,1.9989569540377017,0.5894357743097239,833,2.0085071675693644,0.5697,0.9986639520313528,0.08334228312705214,,,0.98,,0.9800166246218381,0.01998337537816186,0.9961765157615616,0.09987327890537842,5,0.001,0.1,0.9971222524613551,0.9977142684360375,0.9968507352648552,0.9964313983968721,1.0,0.9973925850547618,0.9971269011991167,0.9977122812087836,0.9970977922085247,0.9971816221457236,0.9975858868456838,0.9965647672881521
3,5,1.5959695361981725,0.61124,5000,2.0045609606636896,0.5726290516206483,833,2.0085071675693644,0.5697,0.9989177946292379,0.08335493060746976,,,0.98,,0.9800166246218381,0.01998337537816186,0.9961765157615616,0.09987327890537842,5,0.001,0.1,0.9977804345277426,0.9978101564850037,0.9969022260533676,0.9977246260825576,0.9973925850547618,1.0,0.9972011100896759,0.9977121657531525,0.9968714618431085,0.9978390940719951,0.9974311859702948,0.9971585757573945
3,6,1.6142004625053163,0.62872,5000,2.0006177028020224,0.581032412965186,833,2.0085071675693644,0.5697,0.9986975429258556,0.08332651577282675,,,0.98,,0.9800166246218381,0.01998337537816186,0.9961765157615616,0.09987327890537842,5,0.001,0.1,0.996821436733444,0.9976261846870714,0.9971377728645507,0.9968192876047925,0.9971269011991167,0.9972011100896759,1.0,0.9976786851820856,0.9970448830364438,0.9971785069723031,0.9970279187964999,0.9975218333033659
3,7,1.6012740130637102,0.63612,5000,1.9990025582136932,0.5834333733493398,833,2.0085071675693644,0.5697,0.9988225208340432,0.08334528405562738,,,0.98,,0.9800166246218381,0.01998337537816186,0.9961765157615616,0.09987327890537842,5,0.001,0.1,0.9970813657189197,0.9979248513391098,0.9970561227153899,0.9969155773732438,0.9977122812087836,0.9977121657531525,0.9976786851820856,1.0,0.997159454317824,0.9972357586515165,0.9973453782114965,0.996859461863333
3,8,1.611202181372673,0.611,5000,2.0214360422558255,0.5594237695078031,833,2.0085071675693644,0.5697,0.9986990253122218,0.0833488654827462,,,0.98,,0.9800166246218381,0.01998337537816186,0.9961765157615616,0.09987327890537842,5,0.001,0.1,0.997255110917781,0.9975580861571887,0.9974555468847102,0.99705318878148,0.9970977922085247,0.9968714618431085,0.9970448830364438,0.997159454317824,1.0,0.9973319718110136,0.9975283913182694,0.9968453640957129
3,9,1.6081912960216498,0.62108,5000,2.007697259938275,0.56062424969988,833,2.0085071675693644,0.5697,0.9988903922829752,0.08335856965710128,,,0.98,,0.9800166246218381,0.01998337537816186,0.9961765157615616,0.09987327890537842,5,0.001,0.1,0.9971933996910192,0.9979897420801571,0.9974787077274402,0.997210422330154,0.9971816221457236,0.9978390940719951,0.9971785069723031,0.9972357586515165,0.9973319718110136,1.0,0.9975533306565991,0.9973017490959935
3,10,1.6102208898325634,0.5932,5000,2.010898824091311,0.5630252100840336,833,2.0085071675693644,0.5697,0.9988357863212723,0.08333402640979719,,,0.98,,0.9800166246218381,0.01998337537816186,0.9961765157615616,0.09987327890537842,5,0.001,0.1,0.9972768321831293,0.9977523360984676,0.9976878067618841,0.9969051330896207,0.9975858868456838,0.9974311859702948,0.9970279187964999,0.9973453782114965,0.9975283913182694,0.9975533306565991,1.0,0.9967464485659044
3,11,1.5974564815782437,0.6124,5000,2.007669064733717,0.5786314525810324,833,2.0085071675693644,0.5697,0.9984291972379316,0.08329472083255564,,,0.98,,0.9800166246218381,0.01998337537816186,0.9961765157615616,0.09987327890537842,5,0.001,0.1,0.9963395335327629,0.9972285696302781,0.9964615274382675,0.9969418671576339,0.9965647672881521,0.9971585757573945,0.9975218333033659,0.996859461863333,0.9968453640957129,0.9973017490959935,0.9967464485659044,1.0
4,0,1.4788655521763359,0.60864,5000,1.9063680834240384,0.5947242206235012,834,1.8989511248402702,0.603,0.9985619183800923,0.0833018296092702,,,0.98,,0.9800166246218381,0.01998337537816186,0.997273188417853,0.0998652683558347,5,0.001,0.1,1.0,0.9970143869488091,0.9968598745837177,0.9970752805487593,0.9968875252696926,0.9974865852943503,0.9965971602977722,0.9969449216938424,0.9973265504777498,0.9969504093420534,0.9969775924683788,0.996479638992389
4,1,1.46632507523154,0.63072,5000,1.9004844603715119,0.5863309352517986,834,1.8989511248402702,0.603,0.9988309227004746,0.08335961573089685,,,0.98,,0.9800166246218381,0.01998337537816186,0.997273188417853,0.0998652683558347,5,0.001,0.1,0.9970143869488091,1.0,0.9967901701331919,0.9967601501845469,0.997213230921587,0.9974557717766355,0.9973754622395734,0.9975601307621557,0.9971970963802943,0.9977745139238412,0.997553981641835,0.9971257931537478
4,2,1.4673011274094794,0.62968,5000,1.8899510392436274,0.6139088729016786,834,1.8989511248402702,0.603,0.99850601637206,0.08332723118095807,,,0.98,,0.9800166246218381,0.01998337537816186,0.997273188417853,0.0998652683558347,5,0.001,0.1,0.9968598745837177,0.9967901701331919,1.0,0.996871307955657,0.9965576949882742,0.9966656794589251,0.9969344049094286,0.9969901377822108,0.9972687947149923,0.9970488527413601,0.9973210069826011,0.9966207555125534
4,3,1.4719778543065307,0.62308,5000,1.9033947123421564,0.5719424460431655,834,1.8989511248402702,0.603,0.9984172860751259,0.08331152316679283,,,0.98,,0.9800166246218381,0.01998337537816186,0.997273188417853,0.0998652683558347,5,0.001,0.1,0.9970752805487593,0.9967601501845469,0.996871307955657,1.0,0.9961534880545325,0.9973610249950413,0.9965035211229514,0.9968661289729119,0.9969347858695955,0.9969232252318336,0.9965750454886487,0.9968423662886634
4,4,1.478356398746466,0.6166,5000,1.8873302980705544,0.6206482593037215,833,1.8989511248402702,0.603,0.9985328463220876,0.0833349541388917,,,0.98,,0.9800166246218381,0.01998337537816186,0.997273188417853,0.0998652683558347,5,0.001,0.1,0.9968875252696926,0.997213230921587,0.9965576949882742,0.9961534880545325,1.0,0.9970484653264018,0.9968581476273051,0.9975127183619034,0.9969969601700427,0.996879014947566,0.9972496684677368,0.9968925232307605
4,5,1.4542868057633662,0.63268,5000,1.893856896294488,0.5990396158463386,833,1.8989511248402702,0.603,0.9988258897604738,0.08335216781229664,,,0.98,,0.9800166246218381,0.01998337537816186,0.997273188417853,0.0998652683558347,5,0.001,0.1,0.9974865852943503,0.9974557717766355,0.9966656794589251,0.9973610249950413,0.9970484653264018,1.0,0.9970263100739516,0.997432244115368,0.9967719380462483,0.9977541105184817,0.9974536490613806,0.9973055625308376
4,6,1.4726350744818426,0.64564,5000,1.8906708161036174,0.6086434573829532,833,1.8989511248402702,0.603,0.998563519898721,0.08332627522038596,,,0.98,,0.9800166246218381,0.01998337537816186,0.997273188417853,0.0998652683558347,5,0.001,0.1,0.9965971602977722,0.9973754622395734,0.9969344049094286,0.9965035211229514,0.9968581476273051,0.9970263100739516,1.0,0.9973967319009908,0.9967394572586361,0.9967780002285065,0.9971357254353049,0.997272855574644
4,7,1.4591747749383281,0.65552,5000,1.885016573799981,0.6158463385354142,833,1.8989511248402702,0.603,0.9987513154583814,0.08334384544641234,,,0.98,,0.9800166246218381,0.01998337537816186,0.997273188417853,0.0998652683558347,5,0.001,0.1,0.9969449216938424,0.9975601307621557,0.9969901377822108,0.9968661289729119,0.9975127183619034,0.997432244115368,0.9973967319009908,1.0,0.9971094029828725,0.9969061117540663,0.9972853793417751,0.9968635420155745
4,8,1.4692427460555058,0.63332,5000,1.9182366927464802,0.5894357743097239,833,1.8989511248402702,0.603,0.9986719496497196,0.08334348013674459,,,0.98,,0.9800166246218381,0.01998337537816186,0.997273188417853,0.0998652683558347,5,0.001,0.1,0.9973265504777498,0.9971970963802943,0.9972687947149923,0.9969347858695955,0.9969969601700427,0.9967719380462483,0.9967394572586361,0.9971094029828725,1.0,0.9971291607360558,0.9973975655743973,0.9970450812153346
4,9,1.4667537446234635,0.64212,5000,1.8983911408318415,0.6050420168067226,833,1.8989511248402702,0.603,0.9987636454328414,0.08335239043212456,,,0.98,,0.9800166246218381,0.01998337537816186,0.997273188417853,0.0998652683558347,5,0.001,0.1,0.9969504093420534,0.9977745139238412,0.9970488527413601,0.9969232252318336,0.996879014947566,0.9977541105184817,0.9967780002285065,0.9969061117540663,0.9971291607360558,1.0,0.997423744816557,0.9974477068593118
4,10,1.468645644795363,0.61692,5000,1.9022557867897882,0.6134453781512605,833,1.8989511248402702,0.603,0.9988068190431161,0.08333873337100439,,,0.98,,0.9800166246218381,0.01998337537816186,0.997273188417853,0.0998652683558347,5,0.001,0.1,0.9969775924683788,0.997553981641835,0.9973210069826011,0.9965750454886487,0.9972496684677368,0.9974536490613806,0.9971357254353049,0.9972853793417751,0.9973975655743973,0.997423744816557,1.0,0.9971594794378043
4,11,1.455448940605115,0.63196,5000,1.895456870396932,0.617046818727491,833,1.8989511248402702,0.603,0.9985999545327187,0.08330795375422191,,,0.98,,0.9800166246218381,0.01998337537816186,0.997273188417853,0.0998652683558347,5,0.001,0.1,0.996479638992389,0.9971257931537478,0.9966207555125534,0.9968423662886634,0.9968925232307605,0.9973055625308376,0.997272855574644,0.9968635420155745,0.9970450812153346,0.9974477068593118,0.9971594794378043,1.0
5,0,1.3590649058864375,0.62864,5000,1.7870467062349673,0.6139088729016786,834,1.778786943743404,0.624,0.998363674017727,0.08330929481104814,,,0.98,,0.9800166246218381,0.01998337537816186,0.9971641269171128,0.09985098195284685,5,0.001,0.1,1.0,0.9967577779076261,0.9964852678572463,0.9965814346849453,0.9963003197042065,0.996994656755117,0.996387522773093,0.9967036972263345,0.9968771242410943,0.9965169036597352,0.9965519727481876,0.9963563879804199
5,1,1.3477049149525393,0.64572,5000,1.7804723315768771,0.6067146282973621,834,1.778786943743404,0.624,0.9988814515072117,0.08336144469243922,,,0.98,,0.9800166246218381,0.01998337537816186,0.9971641269171128,0.09985098195284685,5,0.001,0.1,0.9967577779076261,1.0,0.9971010906453223,0.9967683673807166,0.9970716538454483,0.9973807856685429,0.9972881491035099,0.9970891508726643,0.9970332757298405,0.9974661462040081,0.9976581391864136,0.9971002902258559
5,2,1.3482347131534747,0.6454,5000,1.76734400678564,0.6402877697841727,834,1.778786943743404,0.624,0.9984710210684862,0.08332833730856226,,,0.98,,0.9800166246218381,0.01998337537816186,0.9971641269171128,0.09985098195284685,5,0.001,0.1,0.9964852678572463,0.9971010906453223,1.0,0.9963956788570312,0.9961811862014555,0.9965580107064606,0.9968020176497845,0.9968402402288254,0.9970076762312056,0.996649845207637,0.9971701706726013,0.9966070070829496
5,3,1.3534122572582998,0.64088,5000,1.7843927409913805,0.5971223021582733,834,1.778786943743404,0.624,0.9982122402664165,0.08331035167362882,,,0.98,,0.9800166246218381,0.01998337537816186,0.9971641269171128,0.09985098195284685,5,0.001,0.1,0.9965814346849453,0.9967683673807166,0.9963956788570312,1.0,0.9953872469853087,0.9971543625964469,0.9963254129428126,0.9964091955548751,0.9963610706685286,0.9963549794504726,0.996330719222479,0.9966299033133714
5,4,1.3581578524249374,0.63876,5000,1.7648071933675695,0.6278511404561825,833,1.778786943743404,0.624,0.9983090440690119,0.08332784538614002,,,0.98,,0.9800166246218381,0.01998337537816186,0.9971641269171128,0.09985098195284685,5,0.001,0.1,0.9963003197042065,0.9970716538454483,0.9961811862014555,0.9953872469853087,1.0,0.9965402246752746,0.9966412711129031,0.9972915611932277,0.9964823292520805,0.996509690544043,0.9967994804583874,0.9966517881362744
5,5,1.333684600082932,0.64856,5000,1.7726739821610626,0.6194477791116446,833,1.778786943743404,0.624,0.9986802016713522,0.08335038152739951,,,0.98,,0.9800166246218381,0.01998337537816186,0.9971641269171128,0.09985098195284685,5,0.001,0.1,0.996994656755117,0.9973807856685429,0.9965580107064606,0.9971543625964469,0.9965402246752746,1.0,0.9966667983165973,0.9969348371359977,0.9963961908108175,0.9974906282811592,0.9970343211387339,0.9971531015395356
5,6,1.3529022003435025,0.66092,5000,1.7703321200829965,0.6254501800720288,833,1.778786943743404,0.624,0.998458228891462,0.0833273381700436,,,0.98,,0.9800166246218381,0.01998337537816186,0.9971641269171128,0.09985098195284685,5,0.001,0.1,0.996387522773093,0.9972881491035099,0.9968020176497845,0.9963254129428126,0.9966412711129031,0.9966667983165973,1.0,0.9967582961807174,0.996303232035422,0.996274328466499,0.9969846771328452,0.997213475782175
5,7,1.3379412872776104,0.66752,5000,1.7601852416992188,0.6374549819927972,833,1.778786943743404,0.624,0.9985352481288273,0.0833405991590571,,,0.98,,0.9800166246218381,0.01998337537816186,0.9971641269171128,0.09985098195284685,5,0.001,0.1,0.9967036972263345,0.9970891508726643,0.9968402402288254,0.9964091955548751,0.9972915611932277,0.9969348371359977,0.9967582961807174,1.0,0.9967648105202428,0.9963365447346981,0.9969308686487266,0.996508000923247
5,8,1.3494766701558594,0.65164,5000,1.8048929814939145,0.60984393757503,833,1.778786943743404,0.624,0.9984511061899,0.08333765930770783,,,0.98,,0.9800166246218381,0.01998337537816186,0.9971641269171128,0.09985098195284685,5,0.001,0.1,0.9968771242410943,0.9970332757298405,0.9970076762312056,0.9963610706685286,0.9964823292520805,0.9963961908108175,0.996303232035422,0.9967648105202428,1.0,0.9965678356142101,0.9970804029571151,0.9966852439715743
5,9,1.3452894496310288,0.65752,5000,1.7785013340137623,0.6374549819927972,833,1.778786943743404,0.624,0.998501578899259,0.0833447527000531,,,0.98,,0.9800166246218381,0.01998337537816186,0.9971641269171128,0.09985098195284685,5,0.001,0.1,0.9965169036597352,0.9974661462040081,0.996649845207637,0.9963549794504726,0.996509690544043,0.9974906282811592,0.996274328466499,0.9963365447346981,0.9965678356142101,1.0,0.9970276633768165,0.9969686226208471
5,10,1.3498399035186524,0.64336,5000,1.7828397927460846,0.631452581032413,833,1.778786943743404,0.624,0.99869807914485,0.08334271978820194,,,0.98,,0.9800166246218381,0.01998337537816186,0.9971641269171128,0.09985098195284685,5,0.001,0.1,0.9965519727481876,0.9976581391864136,0.9971701706726013,0.996330719222479,0.9967994804583874,0.9970343211387339,0.9969846771328452,0.9969308686487266,0.9970804029571151,0.9970276633768165,1.0,0.9969497480456092
5,11,1.3351391640438395,0.64808,5000,1.772348024227001,0.6410564225690276,833,1.778786943743404,0.624,0.9985565373982824,0.08331927547571842,,,0.98,,0.9800166246218381,0.01998337537816186,0.9971641269171128,0.09985098195284685,5,0.001,0.1,0.9963563879804199,0.9971002902258559,0.9966070070829496,0.9966299033133714,0.9966517881362744,0.9971531015395356,0.997213475782175,0.996508000923247,0.9966852439715743,0.9969686226208471,0.9969497480456092,1.0
6,0,1.2596990684035478,0.6476,5000,1.6605559719933405,0.6330935251798561,834,1.651451807433424,0.6389,0.9980350785703327,0.08331109817719091,,,0.98,,0.9800166246218381,0.01998337537816186,0.9976732228073563,0.0998267163072712,5,0.001,0.1,1.0,0.9958431893688804,0.995886771481262,0.9962184363509311,0.9956725820217742,0.9962626184041531,0.9957384124590566,0.9965295998800014,0.9963444782205284,0.9958849953189222,0.995746417677332,0.9955417438489437
6,1,1.2452484968361581,0.66572,5000,1.6534333008306998,0.617505995203837,834,1.651451807433424,0.6389,0.9985007607502786,0.08335811455075984,,,0.98,,0.9800166246218381,0.01998337537816186,0.9976732228073563,0.0998267163072712,5,0.001,0.1,0.9958431893688804,1.0,0.9963251706043315,0.9962808387014803,0.9962307176616814,0.9968448610609415,0.9967653752078504,0.9965511203307427,0.9963504074863819,0.9967179956616756,0.9970393950638512,0.9962959753252856
6,2,1.2471222482669126,0.66324,5000,1.6377566743780065,0.6606714628297362,834,1.651451807433424,0.6389,0.9981920757518342,0.08332784504387204,,,0.98,,0.9800166246218381,0.01998337537816186,0.9976732228073563,0.0998267163072712,5,0.001,0.1,0.995886771481262,0.9963251706043315,1.0,0.9958899605842781,0.9956030643432957,0.995890247739891,0.9963236266119238,0.9966795241928241,0.9965490958324638,0.9958269738980831,0.9967132891602681,0.9958610719235877
6,3,1.2516713616194999,0.65656,5000,1.658563874385975,0.6127098321342925,834,1.651451807433424,0.6389,0.998078770568457,0.08331315673178953,,,0.98,,0.9800166246218381,0.01998337537816186,0.9976732228073563,0.0998267163072712,5,0.001,0.1,0.9962184363509311,0.9962808387014803,0.9958899605842781,1.0,0.9950305705968296,0.9968081391889815,0.9956905662425457,0.9963591532616605,0.9959607772843924,0.9959606256840875,0.9960063220257408,0.9959869677220046
6,4,1.2570780508837123,0.65152,5000,1.6348279626281172,0.631452581032413,833,1.651451807433424,0.6389,0.9980104505466584,0.08332168053046761,,,0.98,,0.9800166246218381,0.01998337537816186,0.9976732228073563,0.0998267163072712,5,0.001,0.1,0.9956725820217742,0.9962307176616814,0.9956030643432957,0.9950305705968296,1.0,0.9958771294174611,0.9961812742857385,0.9967474616765156,0.9959816265975168,0.9958504654728825,0.9961425564438773,0.9960554908498281
6,5,1.2326207157153233,0.66808,5000,1.6444584175392434,0.6398559423769508,833,1.651451807433424,0.6389,0.9984269249153589,0.08334894595005868,,,0.98,,0.9800166246218381,0.01998337537816186,0.9976732228073563,0.0998267163072712,5,0.001,0.1,0.9962626184041531,0.9968448610609415,0.995890247739891,0.9968081391889815,0.9958771294174611,1.0,0.9962189556358417,0.9966494702123567,0.9958667155663253,0.9968683725436112,0.9966101250352258,0.9964645861323523
6,6,1.2527287567497059,0.67208,5000,1.6427241696251764,0.6410564225690276,833,1.651451807433424,0.6389,0.9982785492389737,0.08333002359728912,,,0.98,,0.9800166246218381,0.01998337537816186,0.9976732228073563,0.0998267163072712,5,0.001,0.1,0.9957384124590566,0.9967653752078504,0.9963236266119238,0.9956905662425457,0.9961812742857385,0.9962189556358417,1.0,0.9965869010843035,0.9959813039138113,0.995587545648611,0.9966841554465364,0.9968265690454943
6,7,1.236902023728486,0.67992,5000,1.627697092515451,0.6506602641056423,833,1.651451807433424,0.6389,0.9985045078539138,0.08334545063582635,,,0.98,,0.9800166246218381,0.01998337537816186,0.9976732228073563,0.0998267163072712,5,0.001,0.1,0.9965295998800014,0.9965511203307427,0.9966795241928241,0.9963591532616605,0.9967474616765156,0.9966494702123567,0.9965869010843035,1.0,0.9965829666033814,0.9957506278116582,0.9966898754763379,0.9961645355584586
6,8,1.2463265081120145,0.66624,5000,1.6844511650226734,0.6194477791116446,833,1.651451807433424,0.6389,0.9982648038213481,0.08333591000372148,,,0.98,,0.9800166246218381,0.01998337537816186,0.9976732228073563,0.0998267163072712,5,0.001,0.1,0.9963444782205284,0.9963504074863819,0.9965490958324638,0.9959607772843924,0.9959816265975168,0.9958667155663253,0.9959813039138113,0.9965829666033814,1.0,0.9959923273527819,0.9966692451504493,0.9961408765793655
6,9,1.2434808909513388,0.67368,5000,1.6519566200397633,0.6614645858343338,833,1.651451807433424,0.6389,0.9981628009441917,0.08333696786095993,,,0.98,,0.9800166246218381,0.01998337537816186,0.9976732228073563,0.0998267163072712,5,0.001,0.1,0.9958849953189222,0.9967179956616756,0.9958269738980831,0.9959606256840875,0.9958504654728825,0.9968683725436112,0.995587545648611,0.9957506278116582,0.9959923273527819,1.0,0.9963565922352445,0.9964006545306853
6,10,1.2488067497113708,0.65872,5000,1.655980807763559,0.6506602641056423,833,1.651451807433424,0.6389,0.9984975908241013,0.08334652796892013,,,0.98,,0.9800166246218381,0.01998337537816186,0.9976732228073563,0.0998267163072712,5,0.001,0.1,0.995746417677332,0.9970393950638512,0.9967132891602681,0.9960063220257408,0.9961425564438773,0.9966101250352258,0.9966841554465364,0.9966898754763379,0.9966692451504493,0.9963565922352445,1.0,0.9965497843447979
6,11,1.2352581560232077,0.66412,5000,1.6416471313547205,0.6482593037214885,833,1.651451807433424,0.6389,0.9982537757923609,0.08332427894914429,,,0.98,,0.9800166246218381,0.01998337537816186,0.9976732228073563,0.0998267163072712,5,0.001,0.1,0.9955417438489437,0.9962959753252856,0.9958610719235877,0.9959869677220046,0.9960554908498281,0.9964645861323523,0.9968265690454943,0.9961645355584586,0.9961408765793655,0.9964006545306853,0.9965497843447979,1.0
7,0,1.1728011229235655,0.6588,5000,1.5308051815739385,0.6498800959232613,834,1.5212622248707488,0.6549,0.9975817249097404,0.08330917939570685,,,0.98,,0.9800166246218381,0.01998337537816186,0.9982114184278551,0.09979074283439736,5,0.001,0.1,1.0,0.995195071992028,0.9946406265964304,0.9953228120974811,0.9946724418656638,0.9952811642490703,0.99484484631712,0.9956834015496623,0.9955195964124806,0.9951257456337504,0.9947676931981332,0.9948786028879866
7,1,1.1606388374498695,0.67612,5000,1.5234117331328216,0.6354916067146283,834,1.5212622248707488,0.6549,0.9983022167329372,0.08336127975730527,,,0.98,,0.9800166246218381,0.01998337537816186,0.9982114184278551,0.09979074283439736,5,0.001,0.1,0.995195071992028,1.0,0.9955595623307447,0.9958334208864859,0.9957953218638919,0.9961359511261212,0.9959606511739271,0.9958143851546926,0.9959847172789773,0.9961145027358163,0.9964774423841819,0.9956860399639207
7,2,1.1608819045838277,0.6768,5000,1.5054793490303888,0.6786570743405276,834,1.5212622248707488,0.6549,0.9977379925541157,0.08332449690371305,,,0.98,,0.9800166246218381,0.01998337537816186,0.9982114184278551,0.09979074283439736,5,0.001,0.1,0.9946406265964304,0.9955595623307447,1.0,0.9948411847965891,0.9948090633140197,0.9951870442903926,0.9953756328016181,0.9959318442230555,0.9956329771283817,0.9948072225148109,0.9958286404078549,0.9951880868846789
