round,client_id,client_i_training_loss,client_i_training_accuracy,client_i_training_dataset_size,client_i_evaluation_loss,client_i_evaluation_accuracy,client_i_evaluation_dataset_size,client_i_central_evaluation_loss,client_i_central_evaluation_accuracy,client_i_cosine_similarity,client_i_importance_coefficient,client_i_tanh_val,tanh_normalization_value,client_i_q,client_i_mask_order,client_i_v_nonzero_fraction,client_i_v_sparsity,client_i_v_cosine_similarity,client_i_reward_gradient_norm,local_epochs,learning_rate,gamma,client_0_cosine_similarity,client_1_cosine_similarity,client_2_cosine_similarity,client_3_cosine_similarity,client_4_cosine_similarity,client_5_cosine_similarity,client_6_cosine_similarity,client_7_cosine_similarity,client_8_cosine_similarity,client_9_cosine_similarity,client_10_cosine_similarity,client_11_cosine_similarity
0,0,0.34038568933488456,0.89536,5000,2.201868869640209,0.420863309352518,834,2.200731787818689,0.4522,0.7795319351177677,0.08310403098642083,,,0.8758824938260605,,0.8758998042266954,0.12410019577330456,0,0.3907951544698481,5,0.1,0.5,1.0,0.5693870148189805,0.5825349044352491,0.5679165952931434,0.5640281209075356,0.5747087475005482,0.5613663520606365,0.5697685380491976,0.5687532429429248,0.5816716030664274,0.5751687685706047,0.596856913837018
0,1,0.33824697687486366,0.8936,5000,2.195526944266425,0.48081534772182255,834,2.2007325304963716,0.4521,0.7787918334977324,0.08302513052680692,,,0.8684294183673431,,0.8684403393403946,0.13155966065960545,0,0.39078606290379797,5,0.1,0.5,0.5693870148189805,1.0,0.5672340322409753,0.5780947383050156,0.5707642353727739,0.5722150446552672,0.5770832632037187,0.5855958152645805,0.5694321502216463,0.5748413043998586,0.5709336915773515,0.5696372169542326
0,2,0.3491525497240056,0.88936,5000,2.2018201969288014,0.4556354916067146,834,2.2006965193885586,0.4523,0.787967429952927,0.08400331887006726,,,0.9608308007019004,,0.960850358917725,0.03914964108227503,0,0.39083983308016856,5,0.1,0.5,0.5825349044352491,0.5672340322409753,1.0,0.5879348976760373,0.5690730130917313,0.5883856150837874,0.5808792784105415,0.5766896289753854,0.5854571719626617,0.5884596521287649,0.5813996947952026,0.5832394925602796
0,3,0.3362081555768278,0.89352,5000,2.206770896911621,0.42805755395683454,834,2.200745446994282,0.4523,0.7778008937062311,0.08291948881101735,,,0.8584503170639934,,0.8584659404648362,0.14153405953516385,0,0.3907720139281316,5,0.1,0.5,0.5679165952931434,0.5780947383050156,0.5879348976760373,1.0,0.5623689922237524,0.5734525787686932,0.5743819829130491,0.5764014258184171,0.5635318025617172,0.5782360592676035,0.5604026440269563,0.5732015823023512
0,4,0.350849483764855,0.89076,5000,2.20175623010706,0.4669867947178872,833,2.200767854532114,0.4522,0.7749172176280397,0.08261206701678307,,,0.8294107165180105,,0.8294212137944882,0.1705787862055118,0,0.39071742337062604,5,0.1,0.5,0.5640281209075356,0.5707642353727739,0.5690730130917313,0.5623689922237524,1.0,0.5769041836771739,0.5738311264542477,0.5739757723386112,0.555418257967337,0.5835973972223998,0.5771521658263548,0.5617605912649427
0,5,0.3345682322676442,0.89436,5000,2.205570247438219,0.4297719087635054,833,2.2006993301379416,0.4524,0.787069691751904,0.08390761315242501,,,0.9517902711674862,,0.9518046282817128,0.04819537171828725,0,0.39083855979363935,5,0.1,0.5,0.5747087475005482,0.5722150446552672,0.5883856150837874,0.5734525787686932,0.5769041836771739,1.0,0.5699999769408449,0.6051516916136945,0.5612266648911841,0.5875937980428663,0.5752059650559428,0.5980221558746107
0,6,0.3439004858552366,0.89524,5000,2.2012961970435247,0.453781512605042,833,2.200732527449489,0.4522,0.7792160419236003,0.0830703543702184,,,0.8727013417392513,,0.872717233070629,0.12728276692937102,0,0.3907915930906629,5,0.1,0.5,0.5613663520606365,0.5770832632037187,0.5808792784105415,0.5743819829130491,0.5738311264542477,0.5699999769408449,1.0,0.5830743825654563,0.5520230098761589,0.5855948600338067,0.5816614777176857,0.569301951131719
0,7,0.34012812759762834,0.8946,5000,2.1976378052322953,0.4657863145258103,833,2.200696591752025,0.4525,0.7898709603094857,0.08420624967842619,,,0.9799999999055382,,0.9800010039656644,0.019998996034335637,0,0.3908412136949582,5,0.1,0.5,0.5697685380491976,0.5855958152645805,0.5766896289753854,0.5764014258184171,0.5739757723386112,0.6051516916136945,0.5830743825654563,1.0,0.5761971921756712,0.5833852335881738,0.590821826110414,0.5880813541157176
0,8,0.3394306732481049,0.894,5000,2.199456886008934,0.46218487394957986,833,2.2008167684268645,0.4534,0.7719966891747931,0.08230071647918302,,,0.8,,0.8,0.19999999999999996,0,0.3906338936630772,5,0.1,0.5,0.5687532429429248,0.5694321502216463,0.5854571719626617,0.5635318025617172,0.555418257967337,0.5612266648911841,0.5520230098761589,0.5761971921756712,1.0,0.5689002758048904,0.5628879035502174,0.5776510605174099
0,9,0.3732373700376339,0.88496,5000,2.196704802689729,0.46338535414165666,833,2.2007045197410706,0.4524,0.7867568780476002,0.0838742648332551,,,0.9486401305927542,,0.9486521760955775,0.051347823904422496,0,0.39083798872592196,5,0.1,0.5,0.5816716030664274,0.5748413043998586,0.5884596521287649,0.5782360592676035,0.5835973972223998,0.5875937980428663,0.5855948600338067,0.5833852335881738,0.5689002758048904,1.0,0.5672101412582381,0.5804418428163548
0,10,0.3579455998352474,0.88752,5000,2.19739626955103,0.4525810324129652,833,2.200730010724296,0.4523,0.7801868690029391,0.08317385191797654,,,0.8824779011789333,,0.8824908388133126,0.11750916118668742,0,0.3908020174808211,5,0.1,0.5,0.5751687685706047,0.5709336915773515,0.5813996947952026,0.5604026440269563,0.5771521658263548,0.5752059650559428,0.5816614777176857,0.590821826110414,0.5628879035502174,0.5672101412582381,1.0,0.5754599318448519
0,11,0.3433018658855918,0.89248,5000,2.1993502422615334,0.4477791116446579,833,2.2007041419276034,0.4524,0.7860875873601219,0.08380291335742014,,,0.9419001453494362,,0.9419155664876261,0.05808443351237391,0,0.390836453550595,5,0.1,0.5,0.596856913837018,0.5696372169542326,0.5832394925602796,0.5732015823023512,0.5617605912649427,0.5980221558746107,0.569301951131719,0.5880813541157176,0.5776510605174099,0.5804418428163548,0.5754599318448519,1.0
1,0,0.29514328499508513,0.9092,5000,2.0424614747365317,0.7398081534772182,834,2.0443167766443078,0.7381,0.8143651652296695,0.08321892992881778,,,0.878914527682505,,0.878921740876462,0.12107825912353798,0.9589054307235363,0.4066015016663635,5,0.1,0.5,1.0,0.6277723076498157,0.634052912893148,0.6347436325655033,0.6352770896037186,0.6290521989834396,0.6312183890250935,0.6262934159726595,0.629250738198199,0.6287456342878496,0.6291963789250458,0.6432629066628559
1,1,0.29829092796974976,0.90848,5000,2.0409399933285184,0.737410071942446,834,2.0443335028882985,0.7382,0.8139390497336823,0.08315198792192907,,,0.868505618461286,,0.8685206565935445,0.1314793434064555,0.9588658677134381,0.4065876514071405,5,0.1,0.5,0.6277723076498157,1.0,0.6391541438678627,0.6325508928719248,0.6199784245121482,0.6254079156356391,0.631408456354891,0.6308083494911979,0.6388516656590886,0.6320063927142683,0.6304504240058307,0.6366022043987123
1,2,0.3056172681545281,0.90616,5000,2.042841809767264,0.7458033573141487,834,2.0441800489212376,0.7383,0.8152423330394635,0.08384354390053472,,,0.9760366552087256,,0.9760554189046735,0.02394458109532649,0.959117379377869,0.4066480796020278,5,0.1,0.5,0.634052912893148,0.6391541438678627,1.0,0.638045893700111,0.6272730679527777,0.6278702767974055,0.6320977306052236,0.6325812733000538,0.6290177733649701,0.6260721257307684,0.6299060690059913,0.6373891899163481
1,3,0.2899968666682957,0.90892,5000,2.052500751283434,0.7314148681055156,834,2.044331144981872,0.7384,0.8166122645079265,0.08317514619113878,,,0.872106531148668,,0.8721248933286482,0.12787510667135182,0.9588205761264554,0.40659281852790435,5,0.1,0.5,0.6347436325655033,0.6325508928719248,0.638045893700111,1.0,0.6311069551537926,0.6287406787317703,0.6409032004808909,0.6305489581429289,0.6378623108386036,0.6311574376344959,0.6300151077657561,0.636001260882444
1,4,0.3068819831178826,0.90588,5000,2.047446330388387,0.7358943577430972,833,2.0445647951893915,0.7381,0.8098706956555506,0.08273763696935504,,,0.8040775911056272,,0.8040961799106471,0.19590382008935292,0.9585248124530279,0.40642319825352013,5,0.1,0.5,0.6352770896037186,0.6199784245121482,0.6272730679527777,0.6311069551537926,1.0,0.6248875270940565,0.6370579394190593,0.6247957063124482,0.633859200785367,0.6290527703908966,0.6216094139873519,0.6224847309546522
1,5,0.2906183850957425,0.91004,5000,2.0551889825750282,0.7118847539015606,833,2.0441964377229587,0.7385,0.8091691988361929,0.08356914692007199,,,0.9333702728733193,,0.9333818583404447,0.06661814165955526,0.9590905231100442,0.40664116442128817,5,0.1,0.5,0.6290521989834396,0.6254079156356391,0.6278702767974055,0.6287406787317703,0.6248875270940565,1.0,0.623423528207415,0.6252478833461562,0.6294367857861994,0.6250564063944947,0.623965685800098,0.631479543053726
1,6,0.30534159771172675,0.90776,5000,2.044606663562633,0.7214885954381752,833,2.0443199069355242,0.7382,0.8139540734169314,0.08318238741334574,,,0.8732324792357681,,0.8732443150444255,0.12675568495557454,0.9588764529437113,0.40659429622748056,5,0.1,0.5,0.6312183890250935,0.631408456354891,0.6320977306052236,0.6409032004808909,0.6370579394190593,0.623423528207415,1.0,0.6251185213386264,0.6254910859025827,0.6309373716056159,0.6332590197562737,0.6342115529058203
1,7,0.3022908628556379,0.90804,5000,2.0412819032315856,0.7430972388955582,833,2.0441809268043447,0.7383,0.8121197050027071,0.08386903305009615,,,0.9799999998445086,,0.9800010039656644,0.019998996034335637,0.959121467094222,0.4066482195799359,5,0.1,0.5,0.6262934159726595,0.6308083494911979,0.6325812733000538,0.6305489581429289,0.6247957063124482,0.6252478833461562,0.6251185213386264,1.0,0.6282859136976384,0.6295272102926467,0.6354268370540219,0.6333432004367385
1,8,0.2944035682198443,0.90736,5000,2.0451440281338162,0.7551020408163265,833,2.044639808301347,0.7379,0.8150321676044718,0.08271141307537336,,,0.8,,0.8,0.19999999999999996,0.9583784334822059,0.40640617848562305,5,0.1,0.5,0.629250738198199,0.6388516656590886,0.6290177733649701,0.6378623108386036,0.633859200785367,0.6294367857861994,0.6254910859025827,0.6282859136976384,1.0,0.6437325879883636,0.6291001726047027,0.6340584379462104
1,9,0.32564305469725924,0.90244,5000,2.035784465295297,0.7635054021608644,833,2.0441897475300506,0.7387,0.8117790418885362,0.08363786227530139,,,0.944054922586252,,0.9440690728377089,0.05593092716229109,0.9590985683783151,0.4066441618358912,5,0.1,0.5,0.6287456342878496,0.6320063927142683,0.6260721257307684,0.6311574376344959,0.6290527703908966,0.6250564063944947,0.6309373716056159,0.6295272102926467,0.6437325879883636,1.0,0.6107363666280355,0.6333712192709137
1,10,0.31254687291469163,0.90548,5000,2.0389948465206005,0.751500600240096,833,2.044350878118326,0.7385,0.8100928427789,0.08311650407958257,,,0.8629881846260741,,0.862998845439486,0.13700115456051398,0.9588593833351658,0.4065785274633144,5,0.1,0.5,0.6291963789250458,0.6304504240058307,0.6299060690059913,0.6300151077657561,0.6216094139873519,0.623965685800098,0.6332590197562737,0.6354268370540219,0.6291001726047027,0.6107363666280355,1.0,0.6332124222823651
1,11,0.3038684711222104,0.9058,5000,2.0440158711539373,0.7202881152460985,833,2.0441863239763642,0.7385,0.8174068409775808,0.0837864082744534,,,0.9671525542858669,,0.9671703227749611,0.032829677225038933,0.9591020440066719,0.40664750544947903,5,0.1,0.5,0.6432629066628559,0.6366022043987123,0.6373891899163481,0.636001260882444,0.6224847309546522,0.631479543053726,0.6342115529058203,0.6333432004367385,0.6340584379462104,0.6333712192709137,0.6332124222823651,1.0
2,0,0.26291296734788994,0.92156,5000,1.8417337073220148,0.8609112709832134,834,1.8482173079499802,0.8619,0.8144733144853752,0.08335273214364655,,,0.98,,0.9800010039656644,0.019998996034335637,0.9697501004622378,0.40586877571162433,5,0.1,0.5,1.0,0.6269129533097668,0.624751817716858,0.6327649506034355,0.631809634079963,0.6384436197302377,0.6299218550258081,0.6242051789455986,0.6312703537843958,0.6309389092326281,0.6214303659669784,0.6417034056088577
2,1,0.27039609160096306,0.9176,5000,1.8466297962047435,0.8705035971223022,834,1.8482471883487397,0.8619,0.8090536661057691,0.08311990904935673,,,0.98,,0.9800010039656644,0.019998996034335637,0.9697081932001639,0.40586877571162433,5,0.1,0.5,0.6269129533097668,1.0,0.6270436295534484,0.6247334723096121,0.6277792252733724,0.6291322462045635,0.6275326763281673,0.6242881682635288,0.6347875595306962,0.6215678755259826,0.6173668597965958,0.620643886081084
2,2,0.2757363932874576,0.91728,5000,1.843054590401826,0.86810551558753,834,1.8480305172764837,0.8617,0.8134682769689998,0.08373068224032434,,,0.98,,0.9800010039656644,0.019998996034335637,0.9698863177352782,0.40586877571162433,5,0.1,0.5,0.624751817716858,0.6270436295534484,1.0,0.629100670131919,0.6331415437079043,0.6334154390739176,0.632997617429322,0.631341813638669,0.6342402679161429,0.6213034250748298,0.6260231762452944,0.6283100184934498
2,3,0.26101939602025376,0.9204,5000,1.8585040701760187,0.8477218225419664,834,1.848233592015105,0.8618,0.8128619869231452,0.0832677237366221,,,0.98,,0.9800010039656644,0.019998996034335637,0.9697172000799388,0.40586877571162433,5,0.1,0.5,0.6327649506034355,0.6247334723096121,0.629100670131919,1.0,0.6286014465269331,0.6352872118226472,0.6274332555060578,0.6256521362524731,0.6391150245300368,0.6283779238094426,0.6222238838916203,0.6254594222037549
2,4,0.2788725396564859,0.91476,5000,1.852619661225213,0.8535414165666266,833,1.8485453738191258,0.862,0.8123741831168071,0.08296152325613382,,,0.98,,0.9800010039656644,0.019998996034335637,0.9692722463543754,0.40586877571162433,5,0.1,0.5,0.631809634079963,0.6277792252733724,0.6331415437079043,0.6286014465269331,1.0,0.6342623174087193,0.6302071487205133,0.6232193698205931,0.635234116837841,0.6324962036411852,0.622766515538878,0.616440687952138
2,5,0.2616877870687586,0.92012,5000,1.8658177499417905,0.8463385354141657,833,1.8480531674223586,0.8617,0.8152538028124543,0.08361140914344184,,,0.98,,0.9800010039656644,0.019998996034335637,0.9698695917955686,0.40586877571162433,5,0.1,0.5,0.6384436197302377,0.6291322462045635,0.6334154390739176,0.6352872118226472,0.6342623174087193,1.0,0.6327941327168694,0.6332098482408807,0.6320625370816845,0.6258900630203795,0.6214087944729296,0.6243699609683031
2,6,0.273955980239875,0.91888,5000,1.8489162303783275,0.8319327731092437,833,1.8482240255648337,0.8618,0.8128026531059358,0.08327044631629864,,,0.98,,0.9800010039656644,0.019998996034335637,0.9697237874272175,0.40586877571162433,5,0.1,0.5,0.6299218550258081,0.6275326763281673,0.632997617429322,0.6274332555060578,0.6302071487205133,0.6327941327168694,1.0,0.6236835189340961,0.6345408207388135,0.6305007610201177,0.6248737002987352,0.6236379946156889
2,7,0.27053800022027863,0.92032,5000,1.8457865185207791,0.8571428571428571,833,1.8480301969729291,0.8618,0.8100777796323877,0.08362956491426704,,,0.98,,0.9800010039656644,0.019998996034335637,0.969886537582314,0.40586877571162433,5,0.1,0.5,0.6242051789455986,0.6242881682635288,0.631341813638669,0.6256521362524731,0.6232193698205931,0.6332098482408807,0.6236835189340961,1.0,0.6346281099457483,0.6253139291663048,0.6176973589129753,0.6251739948598304
2,8,0.2677721412644787,0.91784,5000,1.8519732863814742,0.8943577430972389,833,1.8486464480622509,0.8621,0.8181426595897408,0.08314489334930447,,,0.98,,0.9800010039656644,0.019998996034335637,0.9692358191309622,0.40586877571162433,5,0.1,0.5,0.6312703537843958,0.6347875595306962,0.6342402679161429,0.6391150245300368,0.635234116837841,0.6320625370816845,0.6345408207388135,0.6346281099457483,1.0,0.6302205171953802,0.6316600430635384,0.6344058186179624
2,9,0.2916166077136614,0.9116,5000,1.8347162582256176,0.8715486194477791,833,1.8480431020450288,0.8617,0.8090418505191376,0.08344069912270823,,,0.98,,0.9800010039656644,0.019998996034335637,0.9698794108216036,0.40586877571162433,5,0.1,0.5,0.6309389092326281,0.6215678755259826,0.6213034250748298,0.6283779238094426,0.6324962036411852,0.6258900630203795,0.6305007610201177,0.6253139291663048,0.6302205171953802,1.0,0.6106305657402468,0.6222557257277733
2,10,0.28572382111470124,0.91336,5000,1.840604168397409,0.8775510204081632,833,1.848264329349652,0.8618,0.8041372939837921,0.08292539307766712,,,0.98,,0.9800010039656644,0.019998996034335637,0.9696911526912436,0.40586877571162433,5,0.1,0.5,0.6214303659669784,0.6173668597965958,0.6260231762452944,0.6222238838916203,0.622766515538878,0.6214087944729296,0.6248737002987352,0.6176973589129753,0.6316600430635384,0.6106305657402468,1.0,0.6180289278891496
2,11,0.2709683817508779,0.91904,5000,1.849992933096709,0.8631452581032413,833,1.8480369427714485,0.8619,0.8092178579038114,0.0835450236502289,,,0.98,,0.9800010039656644,0.019998996034335637,0.9698869352735418,0.40586877571162433,5,0.1,0.5,0.6417034056088577,0.620643886081084,0.6283100184934498,0.6254594222037549,0.616440687952138,0.6243699609683031,0.6236379946156889,0.6251739948598304,0.6344058186179624,0.6222557257277733,0.6180289278891496,1.0
3,0,0.2407700670598324,0.92968,5000,1.61035712118502,0.89568345323741,834,1.6219395540011958,0.906,0.8106791276823795,0.0835264193161733,,,0.98,,0.9800010039656644,0.019998996034335637,0.9700931207164273,0.40275798315675426,5,0.1,0.5,1.0,0.6180147956111072,0.6229430825522495,0.6221458483827308,0.6229680528268502,0.6191588302019753,0.6271581483710749,0.6176201513801778,0.6193094693937196,0.6250502232260639,0.6133786005611529,0.6282993250019212
3,1,0.24808651989408928,0.92524,5000,1.6210220036683258,0.9172661870503597,834,1.6219819304280387,0.906,0.8033930458409694,0.08311793335676683,,,0.98,,0.9800010039656644,0.019998996034335637,0.9700931207164273,0.40275798315675426,5,0.1,0.5,0.6180147956111072,1.0,0.6159230847188422,0.6120064035260323,0.6184083455867759,0.6158213816364123,0.6204040089239633,0.6180113312286051,0.615087005379517,0.6172788781407069,0.6044478791633326,0.6112916793145986
3,2,0.2472898504358663,0.92436,5000,1.6132329834832086,0.9100719424460432,834,1.6217103053967412,0.906,0.8082134823730507,0.08369091319436053,,,0.98,,0.9800010039656644,0.019998996034335637,0.9700931207164273,0.40275798315675426,5,0.1,0.5,0.6229430825522495,0.6159230847188422,1.0,0.6193070610435016,0.6192602994868394,0.6186460547507617,0.626669274075672,0.6189556670862643,0.6249570565637629,0.6254471629073792,0.6111451642170098,0.607276279079413
3,3,0.24243618279671783,0.9266,5000,1.634875218073527,0.8896882494004796,834,1.621958429440142,0.9061,0.8049392837727685,0.08326984481591287,,,0.98,,0.9800010039656644,0.019998996034335637,0.9700931207164273,0.40275798315675426,5,0.1,0.5,0.6221458483827308,0.6120064035260323,0.6193070610435016,1.0,0.6205369600703945,0.6236139338695803,0.6267224446274465,0.6096514694050764,0.6184361068889582,0.6170832657896114,0.6056242748983126,0.6058533090281752
3,4,0.2556970567187401,0.92336,5000,1.6275116911640874,0.9051620648259304,833,1.6223452422565545,0.906,0.8055160292084267,0.08308701373067073,,,0.98,,0.9800010039656644,0.019998996034335637,0.9700931207164273,0.40275798315675426,5,0.1,0.5,0.6229680528268502,0.6184083455867759,0.6192602994868394,0.6205369600703945,1.0,0.6161203150501731,0.6251353714957676,0.6155932928285949,0.6119488436657471,0.6214776935455594,0.6088473611939331,0.6076637577567308
3,5,0.239430707809367,0.9278,5000,1.6449731102696172,0.9015606242496998,833,1.621738255976107,0.906,0.8049373729388792,0.0834975737374147,,,0.98,,0.9800010039656644,0.019998996034335637,0.9700931207164273,0.40275798315675426,5,0.1,0.5,0.6191588302019753,0.6158213816364123,0.6186460547507617,0.6236139338695803,0.6161203150501731,1.0,0.6194329369133648,0.6220535937315614,0.6162945954348403,0.6233336465608597,0.5997522664805854,0.6050874032579152
3,6,0.25177967553471875,0.92556,5000,1.6230182868463021,0.8919567827130852,833,1.6219506892152489,0.9059,0.8116920315651254,0.08350721454688927,,,0.98,,0.9800010039656644,0.019998996034335637,0.9700931207164273,0.40275798315675426,5,0.1,0.5,0.6271581483710749,0.6204040089239633,0.626669274075672,0.6267224446274465,0.6251353714957676,0.6194329369133648,1.0,0.6162667799649474,0.6244828672405212,0.6295148616112227,0.6170982779913855,0.613388185877969
3,7,0.25062718037753157,0.92504,5000,1.6192618608474731,0.9099639855942377,833,1.6217088859302167,0.906,0.8052703680219389,0.0835212237455135,,,0.98,,0.9800010039656644,0.019998996034335637,0.9700931207164273,0.40275798315675426,5,0.1,0.5,0.6176201513801778,0.6180113312286051,0.6189556670862643,0.6096514694050764,0.6155932928285949,0.6220535937315614,0.6162667799649474,1.0,0.6189471372954279,0.617389978967533,0.6149455385510332,0.6130729694338276
3,8,0.2394440419853303,0.92776,5000,1.6302850599642154,0.9303721488595438,833,1.6224744217083478,0.9058,0.8067638833966781,0.08325208248304762,,,0.98,,0.9800010039656644,0.019998996034335637,0.9700931207164273,0.40275798315675426,5,0.1,0.5,0.6193094693937196,0.615087005379517,0.6249570565637629,0.6184361068889582,0.6119488436657471,0.6162945954348403,0.6244828672405212,0.6189471372954279,1.0,0.6285484512786624,0.6126781840519147,0.6084368905402335
3,9,0.27127891499311874,0.91912,5000,1.602441915759334,0.9051620648259304,833,1.621725845260742,0.9061,0.8098264899547035,0.08355498034774632,,,0.98,,0.9800010039656644,0.019998996034335637,0.9700931207164273,0.40275798315675426,5,0.1,0.5,0.6250502232260639,0.6172788781407069,0.6254471629073792,0.6170832657896114,0.6214776935455594,0.6233336465608597,0.6295148616112227,0.617389978967533,0.6285484512786624,1.0,0.6050306474747372,0.6172265067713509
3,10,0.26077295202927986,0.92284,5000,1.6119885709550645,0.9147659063625451,833,1.6219972406332486,0.906,0.7960324373420475,0.08273223764385662,,,0.98,,0.9800010039656644,0.019998996034335637,0.9700931207164273,0.40275798315675426,5,0.1,0.5,0.6133786005611529,0.6044478791633326,0.6111451642170098,0.6056242748983126,0.6088473611939331,0.5997522664805854,0.6170982779913855,0.6149455385510332,0.6126781840519147,0.6050306474747372,1.0,0.6035888883226469
3,11,0.2513029745501128,0.925,5000,1.6261517780798453,0.9003601440576231,833,1.6217166272976908,0.906,0.7988885230709195,0.08324256308164771,,,0.98,,0.9800010039656644,0.019998996034335637,0.9700931207164273,0.40275798315675426,5,0.1,0.5,0.6282993250019212,0.6112916793145986,0.607276279079413,0.6058533090281752,0.6076637577567308,0.6050874032579152,0.613388185877969,0.6130729694338276,0.6084368905402335,0.6172265067713509,0.6035888883226469,1.0
4,0,0.22190078585794207,0.93244,5000,1.359153562121921,0.9256594724220624,834,1.375447338000654,0.9272,0.7891562131229889,0.08315581591763732,,,0.98,,0.9800010039656644,0.019998996034335637,0.9703571663506227,0.39895029323274006,5,0.1,0.5,1.0,0.605306816971499,0.598485261885177,0.5982192433791711,0.593538190114399,0.5898220486860496,0.595098687216476,0.5935363312202162,0.5958204939208848,0.5916638823163881,0.5918522928866903,0.6017585853585402
4,1,0.22454119994287278,0.93256,5000,1.3743767473432753,0.9328537170263789,834,1.3754989563847502,0.9272,0.8020208871686973,0.08333441546907817,,,0.98,,0.9800010039656644,0.019998996034335637,0.9703571663506227,0.39895029323274006,5,0.1,0.5,0.605306816971499,1.0,0.6086800877209816,0.6094218327919003,0.601163936852126,0.6071793089113171,0.6175493096189474,0.6048604968914357,0.6129910551298416,0.6067783855046914,0.6004983096534176,0.6057077999067677
4,2,0.23160665417268017,0.93028,5000,1.3631842048079879,0.9364508393285371,834,1.3751869186425743,0.9272,0.8011950095436003,0.08368650018773138,,,0.98,,0.9800010039656644,0.019998996034335637,0.9703571663506227,0.39895029323274006,5,0.1,0.5,0.598485261885177,0.6086800877209816,1.0,0.6094989711961135,0.6035346135984512,0.6102219484914354,0.6135279439478726,0.6035853051414458,0.6071607101500848,0.603833892728028,0.6035333126654681,0.607531216681082
4,3,0.22099779264313305,0.93276,5000,1.3911584659858987,0.9160671462829736,834,1.3754686536118625,0.9273,0.8018542852138543,0.08342959439517862,,,0.98,,0.9800010039656644,0.019998996034335637,0.9703571663506227,0.39895029323274006,5,0.1,0.5,0.5982192433791711,0.6094218327919003,0.6094989711961135,1.0,0.6117475972532803,0.6095932806518537,0.6153191576398372,0.6068028569018918,0.6100956076899803,0.6014210184150746,0.6020123185503563,0.6037582127731204
4,4,0.23432253484323526,0.92944,5000,1.3822235663731892,0.9255702280912365,833,1.3759117979592028,0.9272,0.7943656685327176,0.08304595498466417,,,0.98,,0.9800010039656644,0.019998996034335637,0.9703571663506227,0.39895029323274006,5,0.1,0.5,0.593538190114399,0.601163936852126,0.6035346135984512,0.6117475972532803,1.0,0.5995960216737315,0.6097620328070738,0.5956400627267099,0.602502550532435,0.6076500874488667,0.5898921351094237,0.5919598940761193
4,5,0.21254931131413407,0.93724,5000,1.402844504073814,0.9243697478991597,833,1.3752180056069225,0.9272,0.7961785021059187,0.08338238723741663,,,0.98,,0.9800010039656644,0.019998996034335637,0.9703571663506227,0.39895029323274006,5,0.1,0.5,0.5898220486860496,0.6071793089113171,0.6102219484914354,0.6095932806518537,0.5995960216737315,1.0,0.6062731976417497,0.6061782037757465,0.6033982873745524,0.6011121593263148,0.5928690280179182,0.5961501199366982
4,6,0.22362193587253903,0.93472,5000,1.3765560874232539,0.9207683073229291,833,1.3754615319041779,0.9272,0.8050692883999108,0.08369993877624819,,,0.98,,0.9800010039656644,0.019998996034335637,0.9703571663506227,0.39895029323274006,5,0.1,0.5,0.595098687216476,0.6175493096189474,0.6135279439478726,0.6153191576398372,0.6097620328070738,0.6062731976417497,1.0,0.607312445241886,0.6159605055190127,0.613126693500434,0.6085421281482737,0.6051389485333948
4,7,0.22504722555256954,0.93444,5000,1.3731506179880213,0.921968787515006,833,1.3751847241252375,0.9272,0.7968276758033397,0.08342083107837113,,,0.98,,0.9800010039656644,0.019998996034335637,0.9703571663506227,0.39895029323274006,5,0.1,0.5,0.5935363312202162,0.6048604968914357,0.6035853051414458,0.6068028569018918,0.5956400627267099,0.6061782037757465,0.607312445241886,1.0,0.6075941610585133,0.602991997369449,0.6009224532725543,0.5991315674402197
4,8,0.22082832224880625,0.93404,5000,1.3879604162993255,0.9399759903961584,833,1.376064745381998,0.9273,0.8020485147648208,0.08342458106413364,,,0.98,,0.9800010039656644,0.019998996034335637,0.9703571663506227,0.39895029323274006,5,0.1,0.5,0.5958204939208848,0.6129910551298416,0.6071607101500848,0.6100956076899803,0.602502550532435,0.6033982873745524,0.6159605055190127,0.6075941610585133,1.0,0.6137042596794413,0.6029855701888258,0.6076048307429183
4,9,0.24939385018175006,0.926,5000,1.3508219851387873,0.9303721488595438,833,1.3752043350055194,0.9272,0.7987215154730439,0.08350955323623864,,,0.98,,0.9800010039656644,0.019998996034335637,0.9703571663506227,0.39895029323274006,5,0.1,0.5,0.5916638823163881,0.6067783855046914,0.603833892728028,0.6014210184150746,0.6076500874488667,0.6011121593263148,0.613126693500434,0.602991997369449,0.6137042596794413,1.0,0.5990155870791098,0.6052666177246219
4,10,0.23805761030477704,0.93076,5000,1.3637580363838762,0.9327731092436975,833,1.3755100519893269,0.9272,0.7918687514725451,0.08272267457925364,,,0.98,,0.9800010039656644,0.019998996034335637,0.9703571663506227,0.39895029323274006,5,0.1,0.5,0.5918522928866903,0.6004983096534176,0.6035333126654681,0.6020123185503563,0.5898921351094237,0.5928690280179182,0.6085421281482737,0.6009224532725543,0.6029855701888258,0.5990155870791098,1.0,0.5927253635255775
4,11,0.22776739845159139,0.93252,5000,1.3813489410612318,0.9195678271308524,833,1.375192742378186,0.9272,0.7954620784264569,0.08318775307404837,,,0.98,,0.9800010039656644,0.019998996034335637,0.9703571663506227,0.39895029323274006,5,0.1,0.5,0.6017585853585402,0.6057077999067677,0.607531216681082,0.6037582127731204,0.5919598940761193,0.5961501199366982,0.6051389485333948,0.5991315674402197,0.6076048307429183,0.6052666177246219,0.5927253635255775,1.0
5,0,0.20988041894439205,0.93792,5000,1.1074817842907376,0.934052757793765,834,1.1281046172300466,0.9394,0.7805766470374438,0.08309340747877902,,,0.8633932478955259,,0.8634054515335575,0.13659454846644248,0.9693468313804418,0.391916145575577,5,0.1,0.5,1.0,0.5793425284941887,0.5812669322987213,0.5777031969779033,0.5799363132036747,0.579010875993558,0.583940213625006,0.56983682723733,0.5741626962938653,0.5713151575779406,0.5717989789141369,0.5764687389877788
5,1,0.20984577727948975,0.93644,5000,1.1263477736049228,0.9412470023980816,834,1.1281079752757526,0.9394,0.7852702679356784,0.08337807887857578,,,0.9116944119186312,,0.9117112594749259,0.08828874052507407,0.9695277884519304,0.391989395912601,5,0.1,0.5,0.5793425284941887,1.0,0.5798299157629841,0.5836627655239851,0.5767126520096344,0.5870112961239532,0.5820833332099926,0.5878405704973994,0.5883333504512168,0.5776903714141147,0.5745440364287921,0.5709434325469774
5,2,0.20710588766463622,0.9384,5000,1.1121188976146557,0.9532374100719424,834,1.1277603230918178,0.9396,0.78755116318115,0.08369385015084864,,,0.965272397015574,,0.9652878871542593,0.03471211284574072,0.969580134944507,0.3920130387948703,5,0.1,0.5,0.5812669322987213,0.5798299157629841,1.0,0.5811811023791622,0.5813156532298521,0.5831265045183999,0.5889460615977375,0.5870677247078786,0.5884802094844185,0.5777561756730274,0.58456123778945,0.5742215498850828
5,3,0.20290169932784596,0.93696,5000,1.1459200691293787,0.9280575539568345,834,1.1280384368408982,0.9394,0.7859676059356407,0.08346628349553556,,,0.9266603890923532,,0.9266803875307464,0.07331961246925356,0.9695558107137612,0.39200007668868875,5,0.1,0.5,0.5777031969779033,0.5836627655239851,0.5811811023791622,1.0,0.5850409408299915,0.5862052346664036,0.5912736361560964,0.5805348952461793,0.5856526353979562,0.5748284125634051,0.5719496806607317,0.5760331069513867
5,4,0.21631877714364678,0.93316,5000,1.1347369529582836,0.9399759903961584,833,1.128586500216597,0.9393,0.782611714270018,0.08309156679801738,,,0.8630809333340848,,0.8630992420059234,0.13690075799407664,0.9693461163647243,0.39191584527900586,5,0.1,0.5,0.5799363132036747,0.5767126520096344,0.5813156532298521,0.5850409408299915,1.0,0.5814407664775479,0.5859823607437612,0.5810546592835153,0.5779376338136918,0.5845485619168872,0.5658660112889289,0.5645200264919281
5,5,0.20088208353734177,0.93888,5000,1.157285911065561,0.9399759903961584,833,1.1277821340119114,0.9394,0.78650622390908,0.08345367032162933,,,0.924520269002552,,0.9245319010089855,0.07546809899101448,0.9695537911648451,0.39199882323827534,5,0.1,0.5,0.579010875993558,0.5870112961239532,0.5831265045183999,0.5862052346664036,0.5814407664775479,1.0,0.5781712358568248,0.5902198634295784,0.5875735232201735,0.5778961128173932,0.5725151265544943,0.5762224192806575
5,6,0.2097317112072899,0.93724,5000,1.1298310800834939,0.9303721488595438,833,1.128040590987038,0.9394,0.7897616568305227,0.0837806498666261,,,0.9799999998303266,,0.9800010039656644,0.019998996034335637,0.9695859764943024,0.39201424881516084,5,0.1,0.5,0.583940213625006,0.5820833332099926,0.5889460615977375,0.5912736361560964,0.5859823607437612,0.5781712358568248,1.0,0.5869976482148701,0.5929763033076424,0.5796538092766438,0.5858274531026295,0.5726424870599847
5,7,0.2055389678805687,0.94164,5000,1.1268484989802043,0.9315726290516206,833,1.1277578465473919,0.9394,0.787094240067278,0.08350008112747065,,,0.9323949481834837,,0.9324080116460017,0.06759198835399827,0.9695617532145986,0.3920030735275566,5,0.1,0.5,0.56983682723733,0.5878405704973994,0.5870677247078786,0.5805348952461793,0.5810546592835153,0.5902198634295784,0.5869976482148701,1.0,0.5868041695603015,0.5766432583091772,0.580132172797611,0.5775962618478311
5,8,0.2040464656130903,0.93852,5000,1.1454271343019273,0.9495798319327731,833,1.1286734024556682,0.9395,0.7891198328908559,0.08357389220590238,,,0.9449187247504256,,0.944927463480749,0.055072536519251036,0.9695731795332728,0.39200837081410644,5,0.1,0.5,0.5741626962938653,0.5883333504512168,0.5884802094844185,0.5856526353979562,0.5779376338136918,0.5875735232201735,0.5929763033076424,0.5868041695603015,1.0,0.5830598523797648,0.5824092395292952,0.5763400433322166
5,9,0.23153693663241093,0.93096,5000,1.0999883656148557,0.9447779111644657,833,1.1277934240456968,0.9394,0.7799640703564968,0.08330843076714214,,,0.8998769801124953,,0.899884543948597,0.10011545605140304,0.9695044760576871,0.3919771919926944,5,0.1,0.5,0.5713151575779406,0.5776903714141147,0.5777561756730274,0.5748284125634051,0.5845485619168872,0.5778961128173932,0.5796538092766438,0.5766432583091772,0.5830598523797648,1.0,0.5678416905997534,0.5659553972668356
5,10,0.2200733719464795,0.93532,5000,1.1149695493556835,0.9495798319327731,833,1.1282474088211791,0.9394,0.7781924685851908,0.08271978823002864,,,0.8,,0.8,0.19999999999999996,0.9688048366896621,0.39169397024060043,5,0.1,0.5,0.5717989789141369,0.5745440364287921,0.58456123778945,0.5719496806607317,0.5658660112889289,0.5725151265544943,0.5858274531026295,0.580132172797611,0.5824092395292952,0.5678416905997534,1.0,0.5670421136567299
5,11,0.21165740076915188,0.93672,5000,1.135242466573362,0.929171668667467,833,1.1278092126115062,0.9395,0.7756203469404999,0.08294030067944436,,,0.8374150968308369,,0.8374278399678731,0.16257216003212693,0.9691748055807884,0.3918452568542656,5,0.1,0.5,0.5764687389877788,0.5709434325469774,0.5742215498850828,0.5760331069513867,0.5645200264919281,0.5762224192806575,0.5726424870599847,0.5775962618478311,0.5763400433322166,0.5659553972668356,0.5670421136567299,1.0
6,0,0.19033747689596786,0.94148,5000,0.8738394556222139,0.9424460431654677,834,0.8967747077012596,0.9459,0.7718407244636228,0.08327310283024698,,,0.895109596261289,,0.8951307665277848,0.10486923347221522,0.9674434245135717,0.3844604235634999,5,0.1,0.5,1.0,0.5579875745716271,0.5590797567972478,0.5563627041727336,0.5615760300670196,0.5575249175247721,0.566522266338411,0.5501032088570706,0.5553604469820591,0.5583179002204556,0.5465122945981301,0.5543535279771529
6,1,0.19486337971760873,0.9408,5000,0.8932449111232051,0.9556354916067147,834,0.8967728852844847,0.9459,0.7695670877283968,0.08338416785227072,,,0.9102113483693783,,0.9102354299482958,0.08976457005170424,0.9676425920731124,0.38447564513047516,5,0.1,0.5,0.5579875745716271,1.0,0.5581267655363078,0.552551736449699,0.5577958951735056,0.5518608559562093,0.5629858396615888,0.5594001562398798,0.5631509097787535,0.5510454028466687,0.5440638523993493,0.5421481278014466
6,2,0.1962163562957601,0.94104,5000,0.8774376864786502,0.9556354916067147,834,0.8964221045232048,0.9459,0.7720467263245729,0.08368455599688884,,,0.951055776377165,,0.9510767531750414,0.04892324682495863,0.9677318619905094,0.3844959964496746,5,0.1,0.5,0.5590797567972478,0.5581267655363078,1.0,0.5645356741370438,0.5505807518860861,0.5610379388915039,0.5571897892216177,0.5559192263038001,0.5665904109310071,0.549961869772785,0.5505256576728755,0.5488337745931545
6,3,0.18851092271269507,0.94184,5000,0.9155235864497997,0.9364508393285371,834,0.896693007633709,0.9459,0.7741163939800106,0.08360470210183098,,,0.9401978689455026,,0.9402188645148336,0.05978113548516639,0.967700475860987,0.3844926643969724,5,0.1,0.5,0.5563627041727336,0.552551736449699,0.5645356741370438,1.0,0.5660473240317302,0.5609151050176302,0.565778347285631,0.5584724717847587,0.5667819863871535,0.5516242311341183,0.5514587106818606,0.5481338781378816
6,4,0.20136283383746245,0.9382,5000,0.9033278778747276,0.9495798319327731,833,0.8972501370091789,0.9459,0.7670253711560003,0.08310127476152881,,,0.8717457608096656,,0.8717584458611516,0.1282415541388484,0.9673776351111275,0.38442640639573816,5,0.1,0.5,0.5615760300670196,0.5577958951735056,0.5505807518860861,0.5660473240317302,1.0,0.5426528881583127,0.5567430319253751,0.5522603278691219,0.5596405767910645,0.5597584037029135,0.5388673308644714,0.5332751357133464
6,5,0.18570734037762615,0.94364,5000,0.9251713664443405,0.9471788715486195,833,0.8964605556128505,0.9459,0.7671414281951557,0.08334911650052237,,,0.9054453399941778,,0.9054615732141961,0.09453842678580393,0.9676477738707079,0.38447127839887335,5,0.1,0.5,0.5575249175247721,0.5518608559562093,0.5610379388915039,0.5609151050176302,0.5426528881583127,1.0,0.5613674914216483,0.5526773343356106,0.5591348852565238,0.5545832668802749,0.535345069083039,0.5411214231641793
6,6,0.1923628984742863,0.94364,5000,0.8987778623898824,0.936374549819928,833,0.8966688683238654,0.9459,0.7764063450904857,0.08389742472867702,,,0.9799999998640279,,0.9800010039656644,0.019998996034335637,0.967750625438647,0.3844995450782209,5,0.1,0.5,0.566522266338411,0.5629858396615888,0.5571897892216177,0.565778347285631,0.5567430319253751,0.5613674914216483,1.0,0.5559744259723768,0.5710198518758195,0.5568249900522102,0.560239216901274,0.5475947479130373
6,7,0.19547134208771738,0.943,5000,0.8956863195807846,0.9399759903961584,833,0.8964334916763793,0.9459,0.7686658753860034,0.08343436060568171,,,0.9170361659926373,,0.917057376637719,0.08294262336228098,0.9676865113007972,0.38448085458533116,5,0.1,0.5,0.5501032088570706,0.5594001562398798,0.5559192263038001,0.5584724717847587,0.5522603278691219,0.5526773343356106,0.5559744259723768,1.0,0.5676445554669917,0.5452909992508608,0.5485208347683908,0.5459258783885479
6,8,0.18977307925671102,0.94392,5000,0.9179059068361918,0.9543817527010804,833,0.8972812988125859,0.9459,0.7778957742106496,0.0838110216969975,,,0.9682515921112016,,0.968264645349129,0.03173535465087096,0.9677297426242224,0.38449879587117947,5,0.1,0.5,0.5553604469820591,0.5631509097787535,0.5665904109310071,0.5667819863871535,0.5596405767910645,0.5591348852565238,0.5710198518758195,0.5676445554669917,1.0,0.5593589790894806,0.5559946011714415,0.5522769319918954
6,9,0.2157636182269995,0.93536,5000,0.8674423661496904,0.9459783913565426,833,0.8964791444543833,0.9459,0.7663275671062096,0.08322252448190286,,,0.8882323484580487,,0.8882435620701772,0.11175643792982282,0.9675630503996777,0.3844517211205129,5,0.1,0.5,0.5583179002204556,0.5510454028466687,0.549961869772785,0.5516242311341183,0.5597584037029135,0.5545832668802749,0.5568249900522102,0.5452909992508608,0.5593589790894806,1.0,0.5416442657506928,0.5432870697308433
6,10,0.20513661314442658,0.9382,5000,0.882751214283484,0.9519807923169268,833,0.8971457424255225,0.9458,0.7591947624213479,0.08257362443013667,,,0.8,,0.8,0.19999999999999996,0.96676470141185,0.384188211671875,5,0.1,0.5,0.5465122945981301,0.5440638523993493,0.5505256576728755,0.5514587106818606,0.5388673308644714,0.535345069083039,0.560239216901274,0.5485208347683908,0.5559946011714415,0.5416442657506928,1.0,0.5358262240489461
6,11,0.19472992823868515,0.94204,5000,0.9047685044783133,0.9351740696278511,833,0.896639194732276,0.9458,0.7575596289020012,0.08266412401331559,,,0.8123054247516496,,0.8123236785301943,0.18767632146980573,0.9670193961033065,0.3842477129144797,5,0.1,0.5,0.5543535279771529,0.5421481278014466,0.5488337745931545,0.5481338781378816,0.5332751357133464,0.5411214231641793,0.5475947479130373,0.5459258783885479,0.5522769319918954,0.5432870697308433,0.5358262240489461,1.0
7,0,0.17823540543140784,0.9474,5000,0.6722386898817839,0.9484412470023981,834,0.6942049729557463,0.9506,0.7500367992127004,0.0831524630982364,,,0.8813531712190529,,0.8813714170975353,0.1186285829024647,0.9654239496228395,0.37692034132583635,5,0.1,0.5,1.0,0.5259107937920887,0.5275826079767337,0.5225658891580733,0.5235004652994826,0.5244833954081157,0.5253031458778361,0.5197167612301178,0.5247430383894593,0.5335327429717517,0.5204234627000199,0.5387737187459878
