round,client_id,client_i_training_loss,client_i_training_accuracy,client_i_training_dataset_size,client_i_evaluation_loss,client_i_evaluation_accuracy,client_i_evaluation_dataset_size,client_i_central_evaluation_loss,client_i_central_evaluation_accuracy,client_i_cosine_similarity,client_i_importance_coefficient,client_i_tanh_val,tanh_normalization_value,client_i_q,client_i_mask_order,client_i_v_nonzero_fraction,client_i_v_sparsity,client_i_v_cosine_similarity,client_i_reward_gradient_norm,local_epochs,learning_rate,gamma,client_0_cosine_similarity,client_1_cosine_similarity,client_2_cosine_similarity,client_3_cosine_similarity,client_4_cosine_similarity,client_5_cosine_similarity,client_6_cosine_similarity,client_7_cosine_similarity,client_8_cosine_similarity,client_9_cosine_similarity,client_10_cosine_similarity,client_11_cosine_similarity
0,0,2.2812467004313612,0.13306935445164386,4167,2.2994226046970914,0.12709832134292565,834,2.2968551840963243,0.1414,0.9652370025322593,0.08247884262676906,,,0.65,,0.6500140284860788,0.3499859715139212,0,0.14609715849337226,10,0.025,0.15,1.0,0.921217540005653,0.9197848592688709,0.957589491681518,0.930691376607854,0.9168421641174282,0.951583651711321,0.9598178494074637,0.9363721111258505,0.9338269065931416,0.9454170484860873,0.922861692099909
0,1,2.274555956956112,0.13712502999760018,4167,2.297344241823469,0.13788968824940048,834,2.296852772748923,0.1414,0.966092790395688,0.08255196911521123,,,0.6628579690721044,,0.6628954795266624,0.3371045204733376,0,0.1461188610475808,10,0.025,0.15,0.921217540005653,1.0,0.9398196628747448,0.9098623503176347,0.916255311468899,0.9266620865865497,0.9519252442662948,0.9239488568448058,0.9603971746528429,0.9493090737547454,0.9562415029966974,0.9503989174471824
0,2,2.2774758808540576,0.16085913126949844,4167,2.2966393062046597,0.1510791366906475,834,2.2968353772465187,0.1414,0.975886580264402,0.08338884177050951,,,0.8100068743231064,,0.8100542984931756,0.18994570150682444,0,0.1462546327273153,10,0.025,0.15,0.9197848592688709,0.9398196628747448,1.0,0.9271170789020085,0.9355317196678308,0.9568200771061091,0.9429934818495977,0.9471681011247669,0.9640716409291131,0.9656848574463242,0.9591873928371364,0.9624732235974268
0,3,2.2765661441918574,0.16573074154067674,4167,2.2979257787976946,0.13069544364508393,834,2.2968528874312777,0.1414,0.9660457612217956,0.08254795050442222,,,0.6621513691199025,,0.6621940552227229,0.3378059447772771,0,0.14611783072374765,10,0.025,0.15,0.957589491681518,0.9098623503176347,0.9271170789020085,1.0,0.9485969555879226,0.9323545077499679,0.9434015889557507,0.9545695318656447,0.9325554816832835,0.9421465382475909,0.9323252164318339,0.9249484042794135
0,4,2.273115296797319,0.1330453563714903,4167,2.297321081161499,0.13205282112845138,833,2.2968379002583177,0.1413,0.9723548302787891,0.08308705614636097,,,0.7569433360024284,,0.7569771088115397,0.24302289118846032,0,0.14622617648489294,10,0.025,0.15,0.930691376607854,0.916255311468899,0.9355317196678308,0.9485969555879226,1.0,0.9640286595957357,0.9287341611528556,0.9604609686081945,0.9391440213787071,0.9618828996049744,0.9448786371469194,0.949105659241168
0,5,2.2822489911859685,0.16157907367410607,4167,2.2952424798692976,0.14165666266506602,833,2.2968372061282776,0.1413,0.9733646508902921,0.08317334462792447,,,0.7721156032732653,,0.7721526299285373,0.22784737007146272,0,0.14623436326555259,10,0.025,0.15,0.9168421641174282,0.9266620865865497,0.9568200771061091,0.9323545077499679,0.9640286595957357,1.0,0.9267250328249013,0.94499060524768,0.9512869197246175,0.9641108947861058,0.9417836572997181,0.9655292342172628
0,6,2.2778029514081553,0.1375089992800576,4167,2.295851026262556,0.15126050420168066,833,2.2968355583239206,0.1414,0.975414476807486,0.08334850085255426,,,0.8029136542538948,,0.8029575349474345,0.1970424650525655,0,0.14625203108498125,10,0.025,0.15,0.951583651711321,0.9519252442662948,0.9429934818495977,0.9434015889557507,0.9287341611528556,0.9267250328249013,1.0,0.9513381313325383,0.9534406010604906,0.9532834964186582,0.9640319519663786,0.9476623253427781
0,7,2.2776409618782276,0.1396208303335733,4167,2.2963806220463345,0.15006002400960383,833,2.296834004076221,0.1416,0.9789090118950216,0.08364710648907918,,,0.8554180493231307,,0.8554570810846496,0.14454291891535043,0,0.14626972830362622,10,0.025,0.15,0.9598178494074637,0.9239488568448058,0.9471681011247669,0.9545695318656447,0.9604609686081945,0.94499060524768,0.9513381313325383,1.0,0.9521399659397166,0.9606413079142939,0.9573363049773076,0.943599618424216
0,8,2.2788959763266825,0.1457513202112338,4166,2.2994414397648404,0.1332533013205282,833,2.296833457826059,0.1415,0.9808451554277839,0.08381254863160233,,,0.8845080548341657,,0.8845455595715536,0.11545444042844644,0,0.1462766537188687,10,0.025,0.15,0.9363721111258505,0.9603971746528429,0.9640716409291131,0.9325554816832835,0.9391440213787071,0.9512869197246175,0.9534406010604906,0.9521399659397166,1.0,0.9694124102464313,0.9618567477783807,0.9580088597075439
0,9,2.2714222503430914,0.1386461833893423,4166,2.293856586728777,0.15966386554621848,833,2.2968282458148424,0.1401,0.9865352429161791,0.08429876272125768,,,0.9699999998241681,,0.9700285520951957,0.029971447904804327,0,0.14628537885824847,10,0.025,0.15,0.9338269065931416,0.9493090737547454,0.9656848574463242,0.9421465382475909,0.9618828996049744,0.9641108947861058,0.9532834964186582,0.9606413079142939,0.9694124102464313,1.0,0.97432580273681,0.9706526094160219
0,10,2.273720307783647,0.15129620739318292,4166,2.2939882619040355,0.14765906362545017,833,2.296828840352312,0.1401,0.9828797349239756,0.08398640205997049,,,0.9150770326786988,,0.9151111551220479,0.08488884487795212,0,0.1462815744112702,10,0.025,0.15,0.9454170484860873,0.9562415029966974,0.9591873928371364,0.9323252164318339,0.9448786371469194,0.9417836572997181,0.9640319519663786,0.9573363049773076,0.9618567477783807,0.97432580273681,1.0,0.9651130007516252
0,11,2.2814799294327246,0.16084973595775323,4166,2.2966767719813754,0.12725090036014405,833,2.296833889393867,0.1413,0.9792784468578868,0.08367867445433855,,,0.8609687044909258,,0.8610107111617237,0.13898928883827633,0,0.14627087457256,10,0.025,0.15,0.922861692099909,0.9503989174471824,0.9624732235974268,0.9249484042794135,0.949105659241168,0.9655292342172628,0.9476623253427781,0.943599618424216,0.9580088597075439,0.9706526094160219,0.9651130007516252,1.0
1,0,2.1595656850121236,0.20307175425965923,4167,2.288806302206857,0.18345323741007194,834,2.2848595275154597,0.1933,0.9835310630066033,0.08280891702760564,,,0.705442581148417,,0.7054843128517436,0.2945156871482564,0.8630458465855664,0.1473709059794231,10,0.025,0.15,1.0,0.964458743095785,0.9601385701534252,0.9569697022536855,0.959175961110313,0.9673687665350594,0.9656676914122766,0.9705983546545388,0.9623181344152476,0.9661883820456778,0.9682065457486823,0.9663434478526204
1,1,2.133247295292941,0.2203023758099352,4167,2.2859157834734236,0.17985611510791366,834,2.2848547712157043,0.1934,0.9822189895141092,0.08281142762236775,,,0.7059646065823559,,0.7060206961429916,0.29397930385700843,0.8631948422855641,0.14737230389509912,10,0.025,0.15,0.964458743095785,1.0,0.9626142380268669,0.9440768310763038,0.9573585449763066,0.9671668287532785,0.9671216897932694,0.966403859164184,0.9637235567029503,0.9677093199596912,0.9671904069928571,0.963973251466351
1,2,2.1469427571152195,0.2228221742260619,4167,2.2852779115949358,0.19184652278177458,834,2.2848069335840924,0.1936,0.9815988014676422,0.0833075220016663,,,0.8091170099635288,,0.8091465729233714,0.19085342707662856,0.8646589930041652,0.14748634915258163,10,0.025,0.15,0.9601385701534252,0.9626142380268669,1.0,0.9578824750620778,0.9553059375637473,0.9637689045619956,0.9639191532729333,0.963443042860435,0.9582969231133205,0.9687759612333475,0.9641198348348023,0.9659572384103814
1,3,2.153066049561356,0.21442284617230623,4167,2.2854898997715543,0.18345323741007194,834,2.2848788032048866,0.1934,0.9740050743391759,0.08254227512707815,,,0.65,,0.6500140284860788,0.3499859715139212,0.8625965596709869,0.14724434703273448,10,0.025,0.15,0.9569697022536855,0.9440768310763038,0.9578824750620778,1.0,0.9539415547237184,0.9555653825277408,0.9568868975387639,0.9547712085157252,0.9486607288003542,0.9571213877499914,0.9530315044051701,0.9562470718280449
1,4,2.1439069159103163,0.2085673146148308,4167,2.2847679683140347,0.1908763505402161,833,2.284811683847934,0.1936,0.9815729618653373,0.08312052498667785,,,0.7702349094478216,,0.7702711623838524,0.2297288376161476,0.8643045696848408,0.1474546582328795,10,0.025,0.15,0.959175961110313,0.9573585449763066,0.9553059375637473,0.9539415547237184,1.0,0.9611716269537351,0.9604835289149634,0.9657526834558873,0.9664025427541006,0.9698163641420273,0.9672800504533242,0.9671924883099563
1,5,2.1645264741146204,0.22111831053515718,4167,2.281909772327968,0.1908763505402161,833,2.284810301623767,0.1936,0.9855049875218912,0.0833014099494259,,,0.8078461371125211,,0.8078840091762803,0.19211599082371966,0.8642385088538675,0.1474858628394154,10,0.025,0.15,0.9673687665350594,0.9671668287532785,0.9637689045619956,0.9555653825277408,0.9611716269537351,1.0,0.9720824905250133,0.966662234116386,0.9642409197688392,0.9721022365494257,0.9665648125571922,0.9736956838202984
1,6,2.1492868889461865,0.21809455243580514,4167,2.2827036380767822,0.19327731092436976,833,2.2848068732249587,0.1936,0.9838230914955693,0.08335485145573006,,,0.8189581755584675,,0.8189995213810632,0.18100047861893676,0.864646680386759,0.1474925722019141,10,0.025,0.15,0.9656676914122766,0.9671216897932694,0.9639191532729333,0.9568868975387639,0.9604835289149634,0.9720824905250133,1.0,0.9631833451510982,0.9603895475936759,0.9699348893310845,0.9645525814022133,0.9663593557802316
1,7,2.1498948779973115,0.21655867530597553,4167,2.2853883675166538,0.21248499399759904,833,2.2847996784161917,0.1938,0.9850581913226327,0.08357914681226601,,,0.8655956825720207,,0.86563185951709,0.13436814048291001,0.8650204616460239,0.1475088533140386,10,0.025,0.15,0.9705983546545388,0.966403859164184,0.963443042860435,0.9547712085157252,0.9657526834558873,0.966662234116386,0.9631833451510982,1.0,0.9687254279800228,0.9708371056679118,0.9678180470118652,0.966773730358511
1,8,2.152133826775984,0.2058329332693231,4166,2.2875565120152066,0.18247298919567828,833,2.284797589990157,0.1937,0.9831205543326516,0.08361829322862879,,,0.8737353574002066,,0.873760129392154,0.12623987060784603,0.8650511468554379,0.1475105462137554,10,0.025,0.15,0.9623181344152476,0.9637235567029503,0.9582969231133205,0.9486607288003542,0.9664025427541006,0.9642409197688392,0.9603895475936759,0.9687254279800228,1.0,0.9700783454306308,0.969954933466763,0.969064854625395
1,9,2.134264676498644,0.21236197791646663,4166,2.280675138745989,0.2148859543817527,833,2.284789402273637,0.1936,0.9881425664933811,0.08408126206357991,,,0.969999999792071,,0.9700285520951957,0.029971447904804327,0.8649593635612757,0.14751959620823843,10,0.025,0.15,0.9661883820456778,0.9677093199596912,0.9687759612333475,0.9571213877499914,0.9698163641420273,0.9721022365494257,0.9699348893310845,0.9708371056679118,0.9700783454306308,1.0,0.9755052206226679,0.9729853426007232
1,10,2.1381324818640044,0.21989918386941912,4166,2.2811845370701382,0.21248499399759904,833,2.284790718102757,0.1938,0.9862230459898977,0.08382626139155214,,,0.9169779675314536,,0.9170338829199056,0.08296611708009438,0.8649268573986874,0.1475170652690652,10,0.025,0.15,0.9682065457486823,0.9671904069928571,0.9641198348348023,0.9530315044051701,0.9672800504533242,0.9665648125571922,0.9645525814022133,0.9678180470118652,0.969954933466763,0.9755052206226679,1.0,0.9742391851143547
1,11,2.1517665440385993,0.21793086893903024,4166,2.2852899687630788,0.1872749099639856,833,2.284798438035989,0.1938,0.9865825101279132,0.08364810833342166,,,0.8799347820354841,,0.8799739235199947,0.1200260764800053,0.8650456520334681,0.14751243382950396,10,0.025,0.15,0.9663434478526204,0.963973251466351,0.9659572384103814,0.9562470718280449,0.9671924883099563,0.9736956838202984,0.9663593557802316,0.966773730358511,0.969064854625395,0.9729853426007232,0.9742391851143547,1.0
2,0,2.076065727074941,0.243364530837533,4167,2.272402082170759,0.20623501199040767,834,2.2664587678788584,0.2157,0.9818259922715397,0.08305740933359052,,,0.7418162338856831,,0.7418676040996187,0.2581323959003813,0.9659678447662639,0.14694418484521413,10,0.025,0.15,1.0,0.9576242761805218,0.9537129630113503,0.9538053825878036,0.9608721181381877,0.9637157090843702,0.9573060282396284,0.9646438965012076,0.9600417880423061,0.9595705354465242,0.9594790748824279,0.9598655171500787
2,1,2.0444169886184462,0.26148308135349174,4167,2.2682112625667026,0.19904076738609114,834,2.2664616892609417,0.2157,0.9789108665067249,0.08296420282343668,,,0.7157470560016482,,0.7157828720437028,0.28421712795629717,0.965824852064124,0.14690596540859582,10,0.025,0.15,0.9576242761805218,1.0,0.9555456829461988,0.9493637905845126,0.9553393728200857,0.960605220658122,0.9587273330921896,0.9547152035238522,0.9524049479902331,0.958392616597929,0.9575014252451977,0.956156222709703
2,2,2.0646847374511488,0.25476361891048716,4167,2.267834799630301,0.2158273381294964,834,2.2663667262354985,0.2155,0.9781083306199769,0.08324450444286752,,,0.7941453649402104,,0.7941773530722385,0.20582264692776153,0.9669160181047273,0.14699425944803607,10,0.025,0.15,0.9537129630113503,0.9555456829461988,1.0,0.9540198526871105,0.9551138978018042,0.9566314706431743,0.9521195919138127,0.956238846828292,0.9527983964095489,0.9610800395192128,0.9561185444001096,0.9532991273494685
2,3,2.0719864227555016,0.2467002639788817,4167,2.266343525477818,0.20983213429256595,834,2.266530281380762,0.216,0.9767930545907662,0.08272913389759398,,,0.65,,0.6500140284860788,0.3499859715139212,0.9645972093553421,0.14673885525496635,10,0.025,0.15,0.9538053825878036,0.9493637905845126,0.9540198526871105,1.0,0.9524978357592675,0.955823290697808,0.9561650347726344,0.9545034303651003,0.9498199343752081,0.958536165309148,0.9508914428766793,0.9562131025771277
2,4,2.0576943202452225,0.24876409887209022,4167,2.2654436997004916,0.20528211284513806,833,2.2663731967346576,0.2152,0.9819669470845883,0.08325444044316815,,,0.7969243914144943,,0.7969500420854583,0.20304995791454172,0.9666458716034556,0.1469963700313803,10,0.025,0.15,0.9608721181381877,0.9553393728200857,0.9551138978018042,0.9524978357592675,1.0,0.9572252906163018,0.9522597345669426,0.9643941651068275,0.9646975658353275,0.9642206265814793,0.9630652083737078,0.9623484137674049
2,5,2.07935133449959,0.25217182625389967,4167,2.2617898327963695,0.2148859543817527,833,2.2663583664954463,0.2154,0.982096983086133,0.08337038200405576,,,0.8293523963890738,,0.8293888531300028,0.17061114686999723,0.9671297652424176,0.1470231118047871,10,0.025,0.15,0.9637157090843702,0.960605220658122,0.9566314706431743,0.955823290697808,0.9572252906163018,1.0,0.9638269425325621,0.9616189567260651,0.9545584594838397,0.9601330696595632,0.957281048517772,0.9622457691928067
2,6,2.0640001647400132,0.2621310295176386,4167,2.262894494192941,0.2112845138055222,833,2.2663581552384775,0.2155,0.9782047570068231,0.08327686952161105,,,0.8031976402974079,,0.8032298526183757,0.19677014738162435,0.9670566762837168,0.14700740012269106,10,0.025,0.15,0.9573060282396284,0.9587273330921896,0.9521195919138127,0.9561650347726344,0.9522597345669426,0.9638269425325621,1.0,0.9530790630251803,0.9487244740641455,0.9614293884963767,0.9517859951033559,0.9524692622259282
2,7,2.0641695813699203,0.2598512119030478,4167,2.268230710710798,0.22448979591836735,833,2.266338137131703,0.2156,0.9813543871634989,0.08351777420972854,,,0.8705769162435585,,0.870616098100378,0.129383901899622,0.9672553946551512,0.1470375644478746,10,0.025,0.15,0.9646438965012076,0.9547152035238522,0.956238846828292,0.9545034303651003,0.9643941651068275,0.9616189567260651,0.9530790630251803,1.0,0.962070506149976,0.958324816443735,0.9558985364228056,0.9593010197849982
2,8,2.06584434003541,0.24519923187710033,4166,2.269634893962315,0.19687875150060025,833,2.266334663463544,0.2155,0.9797749543657766,0.0834906111217947,,,0.8629795995962752,,0.8630159594659272,0.13698404053407276,0.9672011278388821,0.14703549682602501,10,0.025,0.15,0.9600417880423061,0.9524049479902331,0.9527983964095489,0.9498199343752081,0.9646975658353275,0.9545584594838397,0.9487244740641455,0.962070506149976,1.0,0.9558997947618627,0.96161098355155,0.9634454630783665
2,9,2.0501165263580554,0.25468074891982717,4166,2.2604377269744873,0.24489795918367346,833,2.2663128164750113,0.2156,0.9827500306222885,0.0838732468172969,,,0.9699999997203073,,0.9700285520951957,0.029971447904804327,0.9673551987715252,0.1470532418299498,10,0.025,0.15,0.9595705354465242,0.958392616597929,0.9610800395192128,0.958536165309148,0.9642206265814793,0.9601330696595632,0.9614293884963767,0.958324816443735,0.9558997947618627,1.0,0.9643312632345471,0.9590376701063099
2,10,2.0558219479792044,0.25988958233317333,4166,2.261338676725115,0.24489795918367346,833,2.2663169450397733,0.2156,0.980944717340887,0.08365707593286428,,,0.9095385874185069,,0.9095987852981466,0.09040121470185336,0.9672853135810162,0.1470492588500021,10,0.025,0.15,0.9594790748824279,0.9575014252451977,0.9561185444001096,0.9508914428766793,0.9630652083737078,0.957281048517772,0.9517859951033559,0.9558985364228056,0.96161098355155,0.9643312632345471,1.0,0.9617589559117717
2,11,2.068461060885227,0.2523283725396063,4166,2.268024410520281,0.21368547418967587,833,2.2663363142858577,0.2154,0.9814769687016889,0.08356434945199198,,,0.8836036702069204,,0.8836543381030186,0.11634566189698137,0.9672272588093073,0.14704081888677614,10,0.025,0.15,0.9598655171500787,0.956156222709703,0.9532991273494685,0.9562131025771277,0.9623484137674049,0.9622457691928067,0.9524692622259282,0.9593010197849982,0.9634454630783665,0.9590376701063099,0.9617589559117717,1.0
3,0,2.0174014275724237,0.2644588432925366,4167,2.249981778008597,0.2278177458033573,834,2.2417509435098384,0.2393,0.980048110791912,0.08323210365131728,,,0.97,,0.9700285520951957,0.029971447904804327,0.9783347954333282,0.14668800127732,10,0.025,0.15,1.0,0.9529240930848284,0.9520189119286461,0.9485900579599968,0.956716609507472,0.9616289932319039,0.9518053144593691,0.9577983471328384,0.953112416316753,0.9578928460087419,0.9549234102177258,0.9535721949938025
3,1,1.983282654574423,0.28454523638108953,4167,2.2445664746420726,0.21942446043165467,834,2.2417548125303246,0.2394,0.9764657847220402,0.08305792927744113,,,0.97,,0.9700285520951957,0.029971447904804327,0.9781251019311359,0.14668800127732,10,0.025,0.15,0.9529240930848284,1.0,0.9524789315887642,0.9438714418657279,0.9531243225744723,0.9553296242716941,0.9522964743348244,0.9483021209086835,0.9449128547966904,0.9587150693592389,0.9485181566819845,0.9485599399956458
3,2,2.0048541336348564,0.27688984881209505,4167,2.244070087160383,0.2290167865707434,834,2.241621412808382,0.2393,0.9766825739400641,0.08323826178409487,,,0.97,,0.9700285520951957,0.029971447904804327,0.9786168149410188,0.14668800127732,10,0.025,0.15,0.9520189119286461,0.9524789315887642,1.0,0.9529578794693325,0.9498204230331244,0.9507972369586907,0.9462941185373196,0.9525234686757369,0.9486678502339883,0.9584160275018268,0.9504000739576791,0.9470822937389084
3,3,2.0152940728447652,0.2681065514758819,4167,2.2409180232456754,0.23501199040767387,834,2.2418550841415983,0.2393,0.9749905590935927,0.0828646143337027,,,0.97,,0.9700285520951957,0.029971447904804327,0.977074772123324,0.14668800127732,10,0.025,0.15,0.9485900579599968,0.9438714418657279,0.9529578794693325,1.0,0.9504977187471123,0.9503272232415596,0.9474722863790553,0.9499078854690209,0.9469394713280184,0.9545556956887666,0.9456903212170265,0.9510757404741934
3,4,1.9951399105967897,0.2708903287736981,4167,2.239703519003732,0.2424969987995198,833,2.2416312151317355,0.2388,0.9800064303242386,0.08335254973397024,,,0.97,,0.9700285520951957,0.029971447904804327,0.9786243113175048,0.14668800127732,10,0.025,0.15,0.956716609507472,0.9531243225744723,0.9498204230331244,0.9504977187471123,1.0,0.952821771028446,0.9473087677609957,0.9594156166098968,0.9576826439209873,0.9610726082880977,0.9571997629019376,0.9546999581931237
3,5,2.0192042408567485,0.27458603311735064,4167,2.2350889274052212,0.2460984393757503,833,2.241613870934595,0.2387,0.9801430106743245,0.0834286671844383,,,0.97,,0.9700285520951957,0.029971447904804327,0.9787299440438992,0.14668800127732,10,0.025,0.15,0.9616289932319039,0.9553296242716941,0.9507972369586907,0.9503272232415596,0.952821771028446,1.0,0.9576074875859835,0.9565421138818249,0.9487160174452897,0.9602641346283016,0.9522291761146604,0.9557114070197138
3,6,2.003797808199218,0.2835133189344852,4167,2.236536809376308,0.24009603841536614,833,2.241612893116625,0.2392,0.9740355861932296,0.08317214656998025,,,0.97,,0.9700285520951957,0.029971447904804327,0.978671956639614,0.14668800127732,10,0.025,0.15,0.9518053144593691,0.9522964743348244,0.9462941185373196,0.9474722863790553,0.9473087677609957,0.9576074875859835,1.0,0.9460092782774345,0.9394510594692278,0.9568374347407843,0.9426456496136484,0.9426836193665663
3,7,2.0040584910999644,0.2822654187664987,4167,2.2449350697653636,0.23289315726290516,833,2.2415824630592445,0.2393,0.9785888127459352,0.08346921554593267,,,0.97,,0.9700285520951957,0.029971447904804327,0.9788747670970389,0.14668800127732,10,0.025,0.15,0.9577983471328384,0.9483021209086835,0.9525234686757369,0.9499078854690209,0.9594156166098968,0.9565421138818249,0.9460092782774345,1.0,0.9550622790023438,0.9562223867332086,0.9508346879399231,0.9510275262097776
3,8,2.005371709664663,0.26961113778204515,4166,2.2457230431692943,0.2184873949579832,833,2.2415768345700036,0.2393,0.9766709109422054,0.08339002243381563,,,0.97,,0.9700285520951957,0.029971447904804327,0.9789110821221115,0.14668800127732,10,0.025,0.15,0.953112416316753,0.9449128547966904,0.9486678502339883,0.9469394713280184,0.9576826439209873,0.9487160174452897,0.9394510594692278,0.9550622790023438,1.0,0.9511548484129946,0.9583954907836394,0.9569869279444293
3,9,1.9918897058024552,0.27638022083533365,4166,2.233440841947283,0.27490996398559425,833,2.241549962683569,0.2393,0.9820994742648119,0.0838031879009273,,,0.97,,0.9700285520951957,0.029971447904804327,0.9789749254738599,0.14668800127732,10,0.025,0.15,0.9578928460087419,0.9587150693592389,0.9584160275018268,0.9545556956887666,0.9610726082880977,0.9602641346283016,0.9568374347407843,0.9562223867332086,0.9511548484129946,1.0,0.9547271815514486,0.9548737839861785
3,10,1.9955546509135853,0.2798367738838214,4166,2.2345454011644637,0.2545018007202881,833,2.2415578304966792,0.2394,0.9776085241852783,0.0835234352973593,,,0.97,,0.9700285520951957,0.029971447904804327,0.9789738780381126,0.14668800127732,10,0.025,0.15,0.9549234102177258,0.9485181566819845,0.9504000739576791,0.9456903212170265,0.9571997629019376,0.9522291761146604,0.9426456496136484,0.9508346879399231,0.9583954907836394,0.9547271815514486,1.0,0.9564404057497418
3,11,2.01143762884718,0.2725636101776284,4166,2.244952780859811,0.24729891956782712,833,2.241578805295727,0.2394,0.977662413667305,0.08346786628702044,,,0.97,,0.9700285520951957,0.029971447904804327,0.9789208836431608,0.14668800127732,10,0.025,0.15,0.9535721949938025,0.9485599399956458,0.9470822937389084,0.9510757404741934,0.9546999581931237,0.9557114070197138,0.9426836193665663,0.9510275262097776,0.9569869279444293,0.9548737839861785,0.9564404057497418,1.0
4,0,1.9673488866199147,0.28368130549556037,4167,2.22201977457319,0.2422062350119904,834,2.2112637894063054,0.2655,0.97768854163602,0.08333492447149364,,,0.97,,0.9700285520951957,0.029971447904804327,0.9849689708128737,0.1463577767960555,10,0.025,0.15,1.0,0.9484886620270352,0.949316738791202,0.9473057428081505,0.9515543536258814,0.9551527685662625,0.947512509862896,0.9525268363400299,0.9469181838613565,0.9522903529052769,0.9517894060018917,0.9445580783297638
4,1,1.9313642198389227,0.30472762179025675,4167,2.215537820543562,0.2422062350119904,834,2.2112685366521907,0.2655,0.9739637649191394,0.0831058651596316,,,0.97,,0.9700285520951957,0.029971447904804327,0.9849689708128737,0.1463577767960555,10,0.025,0.15,0.9484886620270352,1.0,0.9469332856626661,0.940498469193622,0.9502023156663961,0.9498442569442159,0.9460681126689693,0.9444376879997902,0.9388068250862301,0.9517296482609202,0.9446421582914551,0.942262297757049
4,2,1.9526181719519875,0.29575233981281496,4167,2.2146692957196916,0.2541966426858513,834,2.2110949226572543,0.266,0.9753421025097836,0.0832623247792605,,,0.97,,0.9700285520951957,0.029971447904804327,0.9849689708128737,0.1463577767960555,10,0.025,0.15,0.949316738791202,0.9469332856626661,1.0,0.949581771140639,0.9472804021053554,0.9467450926372395,0.944011923104606,0.9471213511563228,0.9439325524875748,0.952080565890565,0.9489682816306652,0.9439952001712698
4,3,1.9664985154614305,0.29020878329733624,4167,2.209510769162859,0.27577937649880097,834,2.211401432375365,0.2653,0.9737448495022746,0.08297912867926087,,,0.97,,0.9700285520951957,0.029971447904804327,0.9849689708128737,0.1463577767960555,10,0.025,0.15,0.9473057428081505,0.940498469193622,0.949581771140639,1.0,0.9467474355152983,0.9456324195696814,0.9466182849163353,0.9475606022638159,0.9439658162975285,0.9484033208173128,0.9415169880329284,0.9436809571051672
4,4,1.9425899935491158,0.2951043916486681,4167,2.207886355263846,0.2653061224489796,833,2.2111087177373188,0.2655,0.9776604574697201,0.08340853224631226,,,0.97,,0.9700285520951957,0.029971447904804327,0.9849689708128737,0.1463577767960555,10,0.025,0.15,0.9515543536258814,0.9502023156663961,0.9472804021053554,0.9467474355152983,1.0,0.9482387589771972,0.9441460672996052,0.953125347852159,0.9517053085561361,0.9543476531294036,0.9533920004675895,0.9462545145840985
4,5,1.9696622209115462,0.2902327813774898,4167,2.2022621972220287,0.2689075630252101,833,2.211089369616931,0.2659,0.9777118020763857,0.08345729957438118,,,0.97,,0.9700285520951957,0.029971447904804327,0.9849689708128737,0.1463577767960555,10,0.025,0.15,0.9551527685662625,0.9498442569442159,0.9467450926372395,0.9456324195696814,0.9482387589771972,1.0,0.9520842646232,0.9528994325699862,0.9446619491470633,0.9538632985561885,0.95017391042548,0.9482755298951613
4,6,1.9539679960771041,0.30283177345812334,4167,2.2042295932769775,0.27490996398559425,833,2.2110873506039,0.2662,0.9731989706706439,0.08315162870802809,,,0.97,,0.9700285520951957,0.029971447904804327,0.9849689708128737,0.1463577767960555,10,0.025,0.15,0.947512509862896,0.9460681126689693,0.944011923104606,0.9466182849163353,0.9441460672996052,0.9520842646232,1.0,0.9450924901519123,0.9383334998241344,0.9518194381487024,0.9421626752938019,0.9370773488593704
4,7,1.9578797354842676,0.30182385409167267,4167,2.2158476284572055,0.2665066026410564,833,2.211045944238011,0.2661,0.9764528608797647,0.08344139124918373,,,0.97,,0.9700285520951957,0.029971447904804327,0.9849689708128737,0.1463577767960555,10,0.025,0.15,0.9525268363400299,0.9444376879997902,0.9471213511563228,0.9475606022638159,0.953125347852159,0.9528994325699862,0.9450924901519123,1.0,0.9487045020463619,0.9495611477429302,0.9475120821980224,0.9442764059020884
4,8,1.956176028468392,0.2873259721555449,4166,2.216102804456438,0.25210084033613445,833,2.2110385955134526,0.2661,0.9742075848982558,0.08331927739099737,,,0.97,,0.9700285520951957,0.029971447904804327,0.9849689708128737,0.1463577767960555,10,0.025,0.15,0.9469181838613565,0.9388068250862301,0.9439325524875748,0.9439658162975285,0.9517053085561361,0.9446619491470633,0.9383334998241344,0.9487045020463619,1.0,0.9439297831611236,0.9537433748665266,0.9518284711392926
4,9,1.943486633084037,0.2969755160825732,4166,2.200704710824149,0.31212484993997597,833,2.211004909080795,0.2665,0.9782807496454419,0.08370755006561895,,,0.97,,0.9700285520951957,0.029971447904804327,0.9849689708128737,0.1463577767960555,10,0.025,0.15,0.9522903529052769,0.9517296482609202,0.952080565890565,0.9484033208173128,0.9543476531294036,0.9538632985561885,0.9518194381487024,0.9495611477429302,0.9439297831611236,1.0,0.9489185050047338,0.947115400524541
4,10,1.9482408064784427,0.2939750360057609,4166,2.2016939095088413,0.2665066026410564,833,2.211017599588708,0.2664,0.9766038172976533,0.08347985382503602,,,0.97,,0.9700285520951957,0.029971447904804327,0.9849689708128737,0.1463577767960555,10,0.025,0.15,0.9517894060018917,0.9446421582914551,0.9489682816306652,0.9415169880329284,0.9533920004675895,0.95017391042548,0.9421626752938019,0.9475120821980224,0.9537433748665266,0.9489185050047338,1.0,0.9516853633471459
4,11,1.9645515207088355,0.2898463754200672,4166,2.2162513732910156,0.2737094837935174,833,2.2110400230069702,0.2661,0.9737402912041176,0.08335222385079588,,,0.97,,0.9700285520951957,0.029971447904804327,0.9849689708128737,0.1463577767960555,10,0.025,0.15,0.9445580783297638,0.942262297757049,0.9439952001712698,0.9436809571051672,0.9462545145840985,0.9482755298951613,0.9370773488593704,0.9442764059020884,0.9518284711392926,0.947115400524541,0.9516853633471459,1.0
5,0,1.9227980306654266,0.3039356851451884,4167,2.1891279220581055,0.24940047961630696,834,2.175893502899363,0.2827,0.9736461143175813,0.08334275361294881,,,0.97,,0.9700285520951957,0.029971447904804327,0.9893878605714423,0.1460083387115139,10,0.025,0.15,1.0,0.9455789201116598,0.9419730387560574,0.9408362281297327,0.9458870028892719,0.949049253954721,0.9395191722525148,0.9445179485795961,0.9422128279439641,0.944840773010084,0.9431342211359961,0.935268285871265
5,1,1.8868057554418391,0.3181185505159587,4167,2.1818177359444753,0.26258992805755393,834,2.1758991555322575,0.2827,0.9714065013104426,0.08312790352398397,,,0.97,,0.9700285520951957,0.029971447904804327,0.9893878605714423,0.1460083387115139,10,0.025,0.15,0.9455789201116598,1.0,0.9428456515296976,0.9350021508054972,0.9453451595941147,0.9442761891824233,0.9411549052506883,0.9391885906822864,0.9346474590666599,0.9448627781466986,0.9390268751928568,0.9348783267779794
5,2,1.9082173882108746,0.31262299016078715,4167,2.1805390289851596,0.2733812949640288,834,2.1756864589980887,0.2835,0.9729437675720136,0.08327490169195143,,,0.97,,0.9700285520951957,0.029971447904804327,0.9893878605714423,0.1460083387115139,10,0.025,0.15,0.9419730387560574,0.9428456515296976,1.0,0.9459882975231053,0.9425803229365566,0.9419185161176757,0.9394368415881357,0.9420207596098826,0.9396384969119825,0.9476875955561298,0.9444874269178016,0.9361026936748396
5,3,1.9272626136288498,0.3033357331413487,4167,2.1728340217045377,0.29256594724220625,834,2.1760628495035292,0.2834,0.972262993388625,0.08307733415356136,,,0.97,,0.9700285520951957,0.029971447904804327,0.9893878605714423,0.1460083387115139,10,0.025,0.15,0.9408362281297327,0.9350021508054972,0.9459882975231053,1.0,0.9436605938089314,0.9438528305143502,0.9418683036861799,0.9429265052271874,0.9424155922726343,0.9424335941057866,0.9384488865402585,0.939491098544669
5,4,1.895853169036634,0.3085433165346772,4167,2.171145507267543,0.3013205282112845,833,2.175704500343226,0.2828,0.9761046857975725,0.0834684719228463,,,0.97,,0.9700285520951957,0.029971447904804327,0.9893878605714423,0.1460083387115139,10,0.025,0.15,0.9458870028892719,0.9453451595941147,0.9425803229365566,0.9436605938089314,1.0,0.9448255245712783,0.9422857091638182,0.9486546993381387,0.9475601645739443,0.9479876452017479,0.9496303463204074,0.9430629111371498
5,5,1.9253777420882023,0.30631149508039357,4167,2.1645964213779996,0.28811524609843936,833,2.1756841744048687,0.2835,0.9761687682645899,0.08350076138763533,,,0.97,,0.9700285520951957,0.029971447904804327,0.9893878605714423,0.1460083387115139,10,0.025,0.15,0.949049253954721,0.9442761891824233,0.9419185161176757,0.9438528305143502,0.9448255245712783,1.0,0.9476687671578162,0.9492392529674366,0.9426614415531794,0.9487638632417759,0.9471602393338684,0.9427887896118612
5,6,1.9119618654251098,0.31531077513798894,4167,2.1671624524252757,0.29411764705882354,833,2.175680045840106,0.2832,0.971181978909877,0.08314892605978254,,,0.97,,0.9700285520951957,0.029971447904804327,0.9893878605714423,0.1460083387115139,10,0.025,0.15,0.9395191722525148,0.9411549052506883,0.9394368415881357,0.9418683036861799,0.9422857091638182,0.9476687671578162,1.0,0.9385495087299236,0.9373636809456418,0.9455711343278714,0.9405287346031618,0.9302259848160022
5,7,1.9128583806933779,0.3169426445884329,4167,2.181821482522147,0.2857142857142857,833,2.175628628911851,0.2831,0.9738672860490006,0.08341589550076897,,,0.97,,0.9700285520951957,0.029971447904804327,0.9893878605714423,0.1460083387115139,10,0.025,0.15,0.9445179485795961,0.9391885906822864,0.9420207596098826,0.9429265052271874,0.9486546993381387,0.9492392529674366,0.9385495087299236,1.0,0.9454441903554591,0.9448709748177458,0.9425890075252088,0.9373162780233368
5,8,1.911667397889224,0.3041286605856937,4166,2.181731258119856,0.25690276110444177,833,2.1756199311606492,0.2831,0.9731126982100479,0.08331567756685436,,,0.97,,0.9700285520951957,0.029971447904804327,0.9893878605714423,0.1460083387115139,10,0.025,0.15,0.9422128279439641,0.9346474590666599,0.9396384969119825,0.9424155922726343,0.9475601645739443,0.9426614415531794,0.9373636809456418,0.9454441903554591,1.0,0.9406110082904358,0.9492468183211608,0.9447792471564772
5,9,1.897917215390639,0.31219395103216513,4166,2.1631080082484653,0.31812725090036015,833,2.175577106355112,0.2831,0.9754886935724525,0.08363357098975353,,,0.97,,0.9700285520951957,0.029971447904804327,0.9893878605714423,0.1460083387115139,10,0.025,0.15,0.944840773010084,0.9448627781466986,0.9476875955561298,0.9424335941057866,0.9479876452017479,0.9487638632417759,0.9455711343278714,0.9448709748177458,0.9406110082904358,1.0,0.9446296826617675,0.9418511394640671
5,10,1.905664484428637,0.30772923667786845,4166,2.1636833463396346,0.29531812725090034,833,2.1755956939504117,0.2833,0.9745093909030438,0.08346064337569509,,,0.97,,0.9700285520951957,0.029971447904804327,0.9893878605714423,0.1460083387115139,10,0.025,0.15,0.9431342211359961,0.9390268751928568,0.9444874269178016,0.9384488865402585,0.9496303463204074,0.9471602393338684,0.9405287346031618,0.9425890075252088,0.9492468183211608,0.9446296826617675,1.0,0.9438986195370253
5,11,1.9224486748377483,0.3016322611617859,4166,2.182718958173479,0.2845138055222089,833,2.1756203174591064,0.2831,0.9699550296313536,0.08323316021421827,,,0.97,,0.9700285520951957,0.029971447904804327,0.9893878605714423,0.1460083387115139,10,0.025,0.15,0.935268285871265,0.9348783267779794,0.9361026936748396,0.939491098544669,0.9430629111371498,0.9427887896118612,0.9302259848160022,0.9373162780233368,0.9447792471564772,0.9418511394640671,0.9438986195370253,1.0
6,0,1.882906977335612,0.3150707943364531,4167,2.1524671827043806,0.2709832134292566,834,2.136783364452893,0.3056,0.9716456380102102,0.08337938761781573,,,0.97,,0.9700285520951957,0.029971447904804327,0.9920548111022406,0.1455622719502721,10,0.025,0.15,1.0,0.939515281698491,0.9363542025055109,0.935440011920641,0.9393339399183754,0.9437313290793993,0.9338583398525971,0.9376169241910107,0.9359234316127493,0.9390480401285293,0.9409786107770444,0.932962052530889
6,1,1.8459198561581698,0.33302135829133667,4167,2.1442587035042897,0.290167865707434,834,2.136789373204678,0.3056,0.96893925307224,0.08315786549022497,,,0.97,,0.9700285520951957,0.029971447904804327,0.9920548111022406,0.1455622719502721,10,0.025,0.15,0.939515281698491,1.0,0.936438542547499,0.9323585222692997,0.9382310188881966,0.9382026861568119,0.9312848490545148,0.9318510668280302,0.9295204858083227,0.9411367200608886,0.9360685011995801,0.9287916977956241
6,2,1.867191848971627,0.32622990160787135,4167,2.1428263868604387,0.29256594724220625,834,2.136540971224821,0.3061,0.9701751903403101,0.0832893358046006,,,0.97,,0.9700285520951957,0.029971447904804327,0.9920548111022406,0.1455622719502721,10,0.025,0.15,0.9363542025055109,0.936438542547499,1.0,0.9395971338206975,0.937051383374276,0.934814745361603,0.931758253743159,0.935745731994053,0.932082354887943,0.9430260660360346,0.9395256147996628,0.9313056880206215
6,3,1.8872456015962542,0.31867050635949123,4167,2.132385356085641,0.31654676258992803,834,2.136980449097066,0.3057,0.969534898455331,0.08314594925144049,,,0.97,,0.9700285520951957,0.029971447904804327,0.9920548111022406,0.1455622719502721,10,0.025,0.15,0.935440011920641,0.9323585222692997,0.9395971338206975,1.0,0.9375054870285698,0.9389786354871789,0.9333945548286001,0.9361276723945349,0.9354103301380053,0.9355505348947717,0.9332138945981611,0.9328332459154399
6,4,1.855778241518772,0.32455003599712023,4167,2.130718776157924,0.3277310924369748,833,2.1365622266938415,0.3064,0.9724811739323506,0.08348459851914604,,,0.97,,0.9700285520951957,0.029971447904804327,0.9920548111022406,0.1455622719502721,10,0.025,0.15,0.9393339399183754,0.9382310188881966,0.937051383374276,0.9375054870285698,1.0,0.9373684710550092,0.9338219384196188,0.9410049141448465,0.9394923408004983,0.9407510263889516,0.944842130114886,0.9350019871682941
6,5,1.886756997758692,0.31879049676025917,4167,2.1231534481048584,0.2965186074429772,833,2.1365428665016273,0.306,0.9730895899703049,0.08352447182584626,,,0.97,,0.9700285520951957,0.029971447904804327,0.9920548111022406,0.1455622719502721,10,0.025,0.15,0.9437313290793993,0.9382026861568119,0.934814745361603,0.9389786354871789,0.9373684710550092,1.0,0.9409596674817264,0.9410263543192398,0.935841332771319,0.9411582291502275,0.9426955422697301,0.9367096409958376
6,6,1.87259840965271,0.33057355411567074,4167,2.1264562947409495,0.32533013205282113,833,2.1365363114996803,0.3061,0.9668466410365949,0.08310261386375471,,,0.97,,0.9700285520951957,0.029971447904804327,0.9920548111022406,0.1455622719502721,10,0.025,0.15,0.9338583398525971,0.9312848490545148,0.931758253743159,0.9333945548286001,0.9338219384196188,0.9409596674817264,1.0,0.9286393266650743,0.9295278467486686,0.9383726097425923,0.9346068631718373,0.9227996457435147
6,7,1.8755859259403114,0.33138948884089275,4167,2.1441281523023332,0.3037214885954382,833,2.1364765227595464,0.3063,0.9699169570698306,0.08336832592684497,,,0.97,,0.9700285520951957,0.029971447904804327,0.9920548111022406,0.1455622719502721,10,0.025,0.15,0.9376169241910107,0.9318510668280302,0.935745731994053,0.9361276723945349,0.9410049141448465,0.9410263543192398,0.9286393266650743,1.0,0.9371832395264557,0.9370104897746139,0.9376900692631076,0.9306649735351815
6,8,1.867482919404001,0.3189150264042247,4166,2.143756866455078,0.2737094837935174,833,2.136466530304921,0.3062,0.9693549708550971,0.0832878517803826,,,0.97,,0.9700285520951957,0.029971447904804327,0.9920548111022406,0.1455622719502721,10,0.025,0.15,0.9359234316127493,0.9295204858083227,0.932082354887943,0.9354103301380053,0.9394923408004983,0.935841332771319,0.9295278467486686,0.9371832395264557,1.0,0.9332621566024736,0.9432642072470985,0.9366008855305031
6,9,1.8610008871916568,0.3257561209793567,4166,2.1217819963182722,0.3445378151260504,833,2.1364129404478436,0.3071,0.9725244703861724,0.08358837345561129,,,0.97,,0.9700285520951957,0.029971447904804327,0.9920548111022406,0.1455622719502721,10,0.025,0.15,0.9390480401285293,0.9411367200608886,0.9430260660360346,0.9355505348947717,0.9407510263889516,0.9411582291502275,0.9383726097425923,0.9370104897746139,0.9332621566024736,1.0,0.9400256075699361,0.9354683536857255
6,10,1.8664541526274248,0.32393182909265483,4166,2.121603080204555,0.32533013205282113,833,2.1364380226859563,0.3073,0.9732281930488051,0.08350412136173906,,,0.97,,0.9700285520951957,0.029971447904804327,0.9920548111022406,0.1455622719502721,10,0.025,0.15,0.9409786107770444,0.9360685011995801,0.9395256147996628,0.9332138945981611,0.944842130114886,0.9426955422697301,0.9346068631718373,0.9376900692631076,0.9432642072470985,0.9400256075699361,1.0,0.9401848109163913
