round,client_id,client_i_training_loss,client_i_training_accuracy,client_i_training_dataset_size,client_i_evaluation_loss,client_i_evaluation_accuracy,client_i_evaluation_dataset_size,client_i_central_evaluation_loss,client_i_central_evaluation_accuracy,client_i_cosine_similarity,client_i_importance_coefficient,client_i_tanh_val,tanh_normalization_value,client_i_q,client_i_mask_order,client_i_v_nonzero_fraction,client_i_v_sparsity,client_i_v_cosine_similarity,client_i_reward_gradient_norm,local_epochs,learning_rate,gamma,client_0_cosine_similarity,client_1_cosine_similarity,client_2_cosine_similarity,client_3_cosine_similarity,client_4_cosine_similarity,client_5_cosine_similarity,client_6_cosine_similarity,client_7_cosine_similarity,client_8_cosine_similarity,client_9_cosine_similarity,client_10_cosine_similarity,client_11_cosine_similarity
0,0,0.350899527945621,0.89024,5000,2.166621958767926,0.38968824940047964,834,2.1682980890852956,0.394,0.7864698847996636,0.08270558001764863,,,0.6504056150479121,,0.6504241754931981,0.3495758245068019,0,0.39506259841756863,5,0.1,0.5,1.0,0.5958827069063997,0.5783577387275883,0.5758614648799584,0.5791661598607307,0.5806356472717417,0.599008598723367,0.5923522046578124,0.590309400892284,0.6028979618583282,0.5951089792947425,0.5891754631882696
0,1,0.33986860577871275,0.89488,5000,2.169344328067921,0.38968824940047964,834,2.168281291620419,0.3931,0.7873822136475037,0.08280152099134105,,,0.6701690524485724,,0.6701872395964058,0.3298127604035942,0,0.39527997485202887,5,0.1,0.5,0.5958827069063997,1.0,0.579455160534254,0.5849181985715237,0.5902797206572999,0.5994231384832742,0.5808725686238925,0.5923613661097549,0.5959199705232908,0.5842491843318304,0.5879992462946054,0.596070646852307
0,2,0.3465421909549434,0.89256,5000,2.1775523909816035,0.3657074340527578,834,2.168580412483825,0.3912,0.7841430377148648,0.08246088757426323,,,0.6,,0.6,0.4,0,0.3943285181598723,5,0.1,0.5,0.5783577387275883,0.579455160534254,1.0,0.5798942041328607,0.6002491111355984,0.5972501007347679,0.5816333704950803,0.5885421576915236,0.5872150890169666,0.598230000973871,0.5757283786966757,0.590074389221733
0,3,0.34068890455042483,0.8958,5000,2.16586141233091,0.3908872901678657,834,2.1682739059765117,0.3926,0.7871579097136512,0.08277793307359868,,,0.6653100405189264,,0.6653280457808343,0.33467195421916573,0,0.39522934669667004,5,0.1,0.5,0.5758614648799584,0.5849181985715237,0.5798942041328607,1.0,0.5974634007412893,0.5924846974611117,0.5883739197672206,0.5941686790309046,0.5858158393847428,0.5996199007027533,0.5911849478523853,0.5955136895129978
0,4,0.32075678063378593,0.899,5000,2.171007377130014,0.3949579831932773,833,2.16780750591534,0.3964,0.7980302528616857,0.08392127430457048,,,0.9008335293501664,,0.9008533708147182,0.09914662918528183,0,0.3962014518022083,5,0.1,0.5,0.5791661598607307,0.5902797206572999,0.6002491111355984,0.5974634007412893,1.0,0.6085251528457667,0.5882238676158844,0.6086380170144277,0.6088738534856305,0.6043690616749382,0.60401109600444,0.5988875718631993
0,5,0.3403205922585289,0.89188,5000,2.1642760700649686,0.38895558223289317,833,2.167948193443469,0.3962,0.7919064386624224,0.08327729083481639,,,0.7681756408410508,,0.7681893479243009,0.23181065207569906,0,0.3959384355991606,5,0.1,0.5,0.5806356472717417,0.5994231384832742,0.5972501007347679,0.5924846974611117,0.6085251528457667,1.0,0.5876133849636581,0.5976082721824441,0.5845548068894689,0.5939108239739196,0.5886406901422178,0.5998072810238446
0,6,0.33147533406106056,0.8976,5000,2.1744395626915827,0.4009603841536615,833,2.1679130354628398,0.3967,0.7929880914204089,0.08339103799851072,,,0.7916070785538121,,0.7916219065307967,0.20837809346920333,0,0.3960236172298481,5,0.1,0.5,0.599008598723367,0.5808725686238925,0.5816333704950803,0.5883739197672206,0.5882238676158844,0.5876133849636581,1.0,0.5930126375122668,0.6020378031453278,0.6071946097344575,0.5984999016956244,0.6142690664378919
0,7,0.3453259961489754,0.89336,5000,2.1708105405171714,0.4225690276110444,833,2.1678368184513177,0.3971,0.7961279073745304,0.0837212226688372,,,0.8596237330811642,,0.8596355604638322,0.14036443953616784,0,0.3961665211487104,5,0.1,0.5,0.5923522046578124,0.5923613661097549,0.5885421576915236,0.5941686790309046,0.6086380170144277,0.5976082721824441,0.5930126375122668,1.0,0.6002502432233773,0.611008724712396,0.5939050112904098,0.5987497807980536
0,8,0.34422165228492896,0.89236,5000,2.1690032835359925,0.3817527010804322,833,2.1679035322353863,0.3968,0.7942031500970697,0.08351881419763918,,,0.8179284386107313,,0.8179458862506902,0.1820541137493098,0,0.3960954585572745,5,0.1,0.5,0.590309400892284,0.5959199705232908,0.5872150890169666,0.5858158393847428,0.6088738534856305,0.5845548068894689,0.6020378031453278,0.6002502432233773,1.0,0.6042939728787501,0.5852931253304048,0.6077299475307195
0,9,0.34239530813921787,0.8914,5000,2.155613519527294,0.4117647058823529,833,2.167797371983147,0.3966,0.8016847717241371,0.08430558539905247,,,0.9799999997940042,,0.9800010039656644,0.019998996034335637,0,0.3962195563614185,5,0.1,0.5,0.6028979618583282,0.5842491843318304,0.598230000973871,0.5996199007027533,0.6043690616749382,0.5939108239739196,0.6071946097344575,0.611008724712396,0.6042939728787501,1.0,0.6076590415373994,0.6100055467966564
0,10,0.3486834625731323,0.89076,5000,2.1718635029262967,0.4225690276110444,833,2.1680019602607996,0.3952,0.7907902637979969,0.08315991330854666,,,0.7439963636939052,,0.7440038150695246,0.2559961849304754,0,0.3958261240120378,5,0.1,0.5,0.5951089792947425,0.5879992462946054,0.5757283786966757,0.5911849478523853,0.60401109600444,0.5886406901422178,0.5984999016956244,0.5939050112904098,0.5852931253304048,0.6076590415373994,1.0,0.5918095650677323
0,11,0.342849001145453,0.8926,5000,2.1555542371891163,0.37214885954381755,833,2.167807460212098,0.3965,0.7983884227103152,0.08395893963117518,,,0.9085924283468949,,0.9086090055720094,0.09139099442799059,0,0.39620552743864,5,0.1,0.5,0.5891754631882696,0.596070646852307,0.590074389221733,0.5955136895129978,0.5988875718631993,0.5998072810238446,0.6142690664378919,0.5987497807980536,0.6077299475307195,0.6100055467966564,0.5918095650677323,1.0
1,0,0.30976471962632646,0.90292,5000,1.9932897046760276,0.6858513189448441,834,1.9979302643206174,0.705,0.8078901812826611,0.08278447563709498,,,0.6048878833653119,,0.6048993524421464,0.39510064755785357,0.9560529265728153,0.40385512995137324,5,0.1,0.5,1.0,0.6197812452659914,0.6254176892247455,0.6151235377538475,0.6262568074419925,0.6265641357095811,0.630680155779326,0.6289013581754197,0.6221832815254198,0.6266672094604933,0.6284557999043083,0.6223363011410984
1,1,0.3030158806473586,0.90636,5000,2.001418541978907,0.7050359712230215,834,1.9979416531876635,0.705,0.8055919524984321,0.08276793645042954,,,0.6,,0.6,0.4,0.9559325728402701,0.4037589527184633,5,0.1,0.5,0.6197812452659914,1.0,0.6294220770000605,0.6220111268992911,0.6160313785842715,0.6209024391946791,0.6310660839153751,0.6203714965651314,0.6269338801758719,0.6208396067883143,0.6162872720232537,0.626095610189004
1,2,0.30563068430467394,0.90512,5000,2.0095856896153204,0.7038369304556354,834,1.998361097738004,0.7045,0.8121213759950928,0.08276993321016564,,,0.6005901093503581,,0.6006124190552683,0.3993875809447317,0.9552395358971038,0.4037771652581041,5,0.1,0.5,0.6254176892247455,0.6294220770000605,1.0,0.6209541550724842,0.6361968694398393,0.6326937290178832,0.6236322156886572,0.6263344241594537,0.6276958898760903,0.6297430985627755,0.6316913054017135,0.6308478788391154
1,3,0.30097611498348653,0.9096,5000,1.993093870304249,0.7278177458033573,834,1.9977814107657241,0.7054,0.8071898836974679,0.08280794086085974,,,0.6118226425661811,,0.6118367551829728,0.38816324481702724,0.9563092506674431,0.40398181058855814,5,0.1,0.5,0.6151235377538475,0.6220111268992911,0.6209541550724842,1.0,0.6245860401676399,0.6230366073013636,0.6280545816088347,0.6213663348737642,0.6208733301805759,0.6292282594117059,0.6332553630498243,0.6266865996217779
1,4,0.2807119212608642,0.91536,5000,1.997244539084258,0.7250900360144058,833,1.996406125184446,0.7068,0.8129959477349613,0.08376579518208072,,,0.894900661926735,,0.8949098940816224,0.10509010591837764,0.9600553532933523,0.4058523915865429,5,0.1,0.5,0.6262568074419925,0.6160313785842715,0.6361968694398393,0.6245860401676399,1.0,0.6321960594199876,0.6234788006013073,0.630455473256779,0.6349534844659017,0.6254462459239126,0.6385123931445054,0.628649789014313
1,5,0.2960131579452449,0.9072,5000,1.9904335295712505,0.6818727490996399,833,1.9967771909488277,0.707,0.8118790702661534,0.08330121033625829,,,0.757600286424225,,0.7576175894784398,0.24238241052156018,0.9590203242272011,0.4055260925034891,5,0.1,0.5,0.6265641357095811,0.6209024391946791,0.6326937290178832,0.6230366073013636,0.6321960594199876,1.0,0.6290383680744887,0.6222446920997647,0.6331403318139871,0.6308442004420569,0.631459806207613,0.6265685626111188
1,6,0.29013924638082267,0.9108,5000,2.0034277041753135,0.7478991596638656,833,1.996666577296516,0.7073,0.8138373849397021,0.0834445432848342,,,0.7999599712876352,,0.7999648612017469,0.20003513879825308,0.9594679332061821,0.4056951044650929,5,0.1,0.5,0.630680155779326,0.6310660839153751,0.6236322156886572,0.6280545816088347,0.6234788006013073,0.6290383680744887,1.0,0.6279540680201836,0.6332236233033197,0.6337888616518708,0.6364543775565574,0.6299075322725933
1,7,0.31002565651515107,0.90632,5000,1.9981481322535761,0.7010804321728692,833,1.9965228508836546,0.7071,0.8120890519289715,0.08360199081042778,,,0.8464909861933672,,0.8465036895738166,0.1534963104261834,0.9598755965813313,0.40579958486108897,5,0.1,0.5,0.6289013581754197,0.6203714965651314,0.6263344241594537,0.6213663348737642,0.630455473256779,0.6222446920997647,0.6279540680201836,1.0,0.6345186487586955,0.6371532674054273,0.6301630022322179,0.629110324975625
1,8,0.30725144049401876,0.9054,5000,2.0015537915406405,0.6938775510204082,833,1.9966260411868841,0.7069,0.8136459163313329,0.08352235167151617,,,0.8229549544532357,,0.8229707344008835,0.17702926559911647,0.9596282577198816,0.40575474265026695,5,0.1,0.5,0.6221832815254198,0.6269338801758719,0.6276958898760903,0.6208733301805759,0.6349534844659017,0.6331403318139871,0.6332236233033197,0.6345186487586955,1.0,0.6264800408471412,0.6312507098107355,0.6334414569272184
1,9,0.3009181249744383,0.90632,5000,1.983410813190319,0.7274909963985594,833,1.9963693359789376,0.7068,0.8139700106821722,0.08405374678145806,,,0.9799999997044665,,0.9800010039656644,0.019998996034335637,0.9601260669381623,0.4058745955625845,5,0.1,0.5,0.6266672094604933,0.6208396067883143,0.6297430985627755,0.6292282594117059,0.6254462459239126,0.6308442004420569,0.6337888616518708,0.6371532674054273,0.6264800408471412,1.0,0.6316609227682716,0.6326054674146282
1,10,0.31137585320575223,0.9038,5000,2.0040721363491483,0.6914765906362546,833,1.9967955072847798,0.7072,0.8158204030798403,0.08336074788685138,,,0.7751956258470187,,0.7752120877465991,0.2247879122534009,0.9590317134236751,0.405606654995638,5,0.1,0.5,0.6284557999043083,0.6162872720232537,0.6316913054017135,0.6332553630498243,0.6385123931445054,0.631459806207613,0.6364543775565574,0.6301630022322179,0.6312507098107355,0.6316609227682716,1.0,0.6382722394647403
1,11,0.3073057517373733,0.90684,5000,1.985705225555985,0.6854741896758704,833,1.99639111281203,0.7067,0.8138188820043015,0.08381932788802345,,,0.9107213687226936,,0.9107424326088048,0.08925756739119517,0.9600610805131653,0.4058614585442472,5,0.1,0.5,0.6223363011410984,0.626095610189004,0.6308478788391154,0.6266865996217779,0.628649789014313,0.6265685626111188,0.6299075322725933,0.629110324975625,0.6334414569272184,0.6326054674146282,0.6382722394647403,1.0
2,0,0.2772085870776302,0.91644,5000,1.7812335358725653,0.8465227817745803,834,1.7895369819177986,0.8515,0.8104192973220774,0.08290114462849117,,,0.6688991492334135,,0.6689071833743286,0.33109281662567136,0.964357544363979,0.405088011176219,5,0.1,0.5,1.0,0.6130200098210369,0.6233241000573142,0.6285053506471284,0.6323091142654255,0.6282329156113147,0.6417427908010708,0.6268815926166835,0.6225043610738086,0.6287361038685596,0.628734153221267,0.6291740413244763
2,1,0.26775040319960586,0.91956,5000,1.7956091209694192,0.8633093525179856,834,1.7900158989543733,0.8509,0.8035947869948518,0.08265283140409392,,,0.6,,0.6,0.4,0.964001275239439,0.403971586602303,5,0.1,0.5,0.6130200098210369,1.0,0.6193952824113915,0.6308735382388068,0.6231587927241424,0.6184074799172874,0.6288157707529128,0.6174171117271869,0.6227549592105783,0.6200282862510278,0.6195881601330344,0.623439911712305
2,2,0.2759312088963143,0.91512,5000,1.8025540113449097,0.8585131894484412,834,1.7901982278488695,0.8516,0.8090474689689311,0.0828438162021162,,,0.6529923049092186,,0.65300436725064,0.34699563274935996,0.9644038692839766,0.4048796758742406,5,0.1,0.5,0.6233241000573142,0.6193952824113915,1.0,0.6300827343010852,0.6241108177917982,0.6387189587699214,0.6245610182851765,0.6234259658895399,0.6242446427789798,0.6315293158791097,0.6246453907631536,0.6259438604872286
2,3,0.2709120552275021,0.91956,5000,1.7820172398178666,0.8609112709832134,834,1.7890281083103947,0.8512,0.8157777219590211,0.08310303914747448,,,0.7249185603082966,,0.7249284674464134,0.27507153255358663,0.9643548390522485,0.4056315493937926,5,0.1,0.5,0.6285053506471284,0.6308735382388068,0.6300827343010852,1.0,0.6361085780510536,0.63457437961168,0.6271348825006313,0.6245148689713446,0.6236668152745888,0.6402429883031814,0.6390108146416565,0.6405895436753792
2,4,0.24980673798638733,0.92336,5000,1.7863117588890924,0.8631452581032413,833,1.7868833911304656,0.8519,0.8154763527794292,0.08372559533982236,,,0.8976584218556685,,0.8976707996586517,0.10232920034134829,0.9683917236196475,0.40619280355958326,5,0.1,0.5,0.6323091142654255,0.6231587927241424,0.6241108177917982,0.6361085780510536,1.0,0.6314052400585967,0.6284719476320302,0.6331066798608949,0.6297582362508748,0.6382835842047895,0.6378145528158367,0.6336021013184832
2,5,0.27078762698776215,0.91612,5000,1.7791273947115298,0.8499399759903962,833,1.7874508201123807,0.8519,0.8159905743873899,0.08343644118460665,,,0.817427192367072,,0.817443903418503,0.18255609658149696,0.9675656820062043,0.4060725614185303,5,0.1,0.5,0.6282329156113147,0.6184074799172874,0.6387189587699214,0.63457437961168,0.6314052400585967,1.0,0.6344586250994746,0.6371742916183069,0.6293219644790851,0.6418902867247489,0.6284274236101848,0.6325740281610589
2,6,0.26167105153250464,0.92044,5000,1.79438551708504,0.8739495798319328,833,1.7873022419195206,0.8515,0.8153144102604343,0.0835076493126678,,,0.8371852195677022,,0.8372019476933888,0.16279805230661115,0.9679174175845354,0.40611742395956707,5,0.1,0.5,0.6417427908010708,0.6288157707529128,0.6245610182851765,0.6271348825006313,0.6284719476320302,0.6344586250994746,1.0,0.631497681973753,0.6249851728094786,0.6374944932487108,0.6344000925639247,0.6344875848379371
2,7,0.27843805284826617,0.91664,5000,1.7875489482173212,0.8523409363745498,833,1.7870953513410526,0.8516,0.8122381255926596,0.08350470028120864,,,0.8363669556226719,,0.8363837156769238,0.16361628432307618,0.9681260428401439,0.40611568159676986,5,0.1,0.5,0.6268815926166835,0.6174171117271869,0.6234259658895399,0.6245148689713446,0.6331066798608949,0.6371742916183069,0.631497681973753,1.0,0.6244112139511911,0.6406901222613349,0.6259161589392849,0.6320950475145647
2,8,0.27301013585844425,0.91704,5000,1.7968326674567328,0.82953181272509,833,1.7874068334079778,0.8517,0.8074280594755717,0.08328475483821532,,,0.7753389780077434,,0.7753576627679334,0.2246423372320666,0.9677149101941521,0.4059288609820741,5,0.1,0.5,0.6225043610738086,0.6227549592105783,0.6242446427789798,0.6236668152745888,0.6297582362508748,0.6293219644790851,0.6249851728094786,0.6244112139511911,1.0,0.6292657898413025,0.6199119850896293,0.6199726333265935
2,9,0.26968979964353096,0.91716,5000,1.773551865860268,0.8487394957983193,833,1.7867939594073798,0.8518,0.8185368195418317,0.08402235521174488,,,0.9799999997225313,,0.9800010039656644,0.019998996034335637,0.9684933692915927,0.4062135868978694,5,0.1,0.5,0.6287361038685596,0.6200282862510278,0.6315293158791097,0.6402429883031814,0.6382835842047895,0.6418902867247489,0.6374944932487108,0.6406901222613349,0.6292657898413025,1.0,0.6378070359338381,0.630765314084947
2,10,0.27689329006465946,0.9176,5000,1.7987485638371221,0.8259303721488596,833,1.7875296441129982,0.8519,0.8121553729998637,0.08334238613263141,,,0.7913298587356127,,0.7913458159730937,0.20865418402690628,0.9676204783452866,0.4059931266023478,5,0.1,0.5,0.628734153221267,0.6195881601330344,0.6246453907631536,0.6390108146416565,0.6378145528158367,0.6284274236101848,0.6344000925639247,0.6259161589392849,0.6199119850896293,0.6378070359338381,1.0,0.6213438626770814
2,11,0.2717574652735215,0.91604,5000,1.77672928792459,0.8463385354141657,833,1.786876609150213,0.8521,0.8130128976754154,0.08367528631692726,,,0.883699242336935,,0.8837106570955273,0.11628934290447268,0.9683795388312172,0.4061815626788075,5,0.1,0.5,0.6291740413244763,0.623439911712305,0.6259438604872286,0.6405895436753792,0.6336021013184832,0.6325740281610589,0.6344875848379371,0.6320950475145647,0.6199726333265935,0.630765314084947,0.6213438626770814,1.0
3,0,0.25310892415274483,0.92284,5000,1.544422772195604,0.9088729016786571,834,1.5561903757028306,0.9057,0.8027540708266115,0.08292439953138155,,,0.6085804888772086,,0.6085989659153657,0.39140103408463434,0.9674695628062394,0.40097573538266723,5,0.1,0.5,1.0,0.6094742015357245,0.6107359608922686,0.6164575095908269,0.6238370990705443,0.6172293589750265,0.622043618976283,0.6155947532355933,0.6164424166100596,0.6136476959655988,0.610439420198638,0.6128833582467991
3,1,0.2502673272138378,0.9258,5000,1.5642323273199576,0.9172661870503597,834,1.5567941814184951,0.9059,0.8068200050727063,0.08290166154009126,,,0.6,,0.6,0.4,0.9667790452605799,0.40079654367241146,5,0.1,0.5,0.6094742015357245,1.0,0.6191242714356752,0.6260202127566231,0.6179190961206023,0.6223220315636255,0.6304357006080832,0.6158976083778595,0.6152144286030147,0.623323598596201,0.6097495774548871,0.6197776514140746
3,2,0.25458174009516743,0.92208,5000,1.570458036881906,0.9136690647482014,834,1.5568986041858173,0.9061,0.8044990941105095,0.08294726886132092,,,0.6172105401719291,,0.6172280508006626,0.38277194919933744,0.9676978325483157,0.40114072683605817,5,0.1,0.5,0.6107359608922686,0.6191242714356752,1.0,0.6163660791596789,0.6241476513038517,0.6291013799602305,0.6199817303551852,0.6165403303769714,0.6038037527853193,0.6218221395166297,0.610014150268142,0.6142834706884479
3,3,0.2507780210666691,0.92476,5000,1.5462796732231423,0.9064748201438849,834,1.554662672475504,0.906,0.8058715038071537,0.08316688860788914,,,0.7000870251079329,,0.7001104362230812,0.2998895637769188,0.9693900637919327,0.4022901514235752,5,0.1,0.5,0.6164575095908269,0.6260202127566231,0.6163660791596789,1.0,0.6207755814090665,0.6173372797822316,0.6201317816324067,0.6121461882599691,0.613769632375378,0.6192810744593463,0.6154119729675084,0.6204348754498183
3,4,0.2242328405374317,0.93196,5000,1.5496314057597407,0.9135654261704682,833,1.551190633743335,0.908,0.8102857012990435,0.08373332758500975,,,0.9138404424943812,,0.913854726168365,0.08614527383163495,0.9711727820440125,0.40312586547372253,5,0.1,0.5,0.6238370990705443,0.6179190961206023,0.6241476513038517,0.6207755814090665,1.0,0.6243819802317693,0.6284614021634967,0.6256631499065785,0.6169178940779275,0.6191023722145281,0.618865922129609,0.6179128821848626
3,5,0.25020720488184195,0.92356,5000,1.5412249476821334,0.9147659063625451,833,1.5520362621679094,0.9078,0.8097747987825966,0.08352391923843532,,,0.8348173676045343,,0.8348275688971437,0.1651724311028563,0.9708183261706124,0.4030297373573255,5,0.1,0.5,0.6172293589750265,0.6223220315636255,0.6291013799602305,0.6173372797822316,0.6243819802317693,1.0,0.6259130628536754,0.6143753056557697,0.6190123341455707,0.6299349652410815,0.614140696536971,0.6205479954034263
3,6,0.2380998405159279,0.92916,5000,1.5596442443353158,0.9327731092436975,833,1.551712779953076,0.908,0.8124460703334646,0.08366425731692974,,,0.8877758416490267,,0.8877917775212087,0.11220822247879125,0.9709708185001364,0.40310853586144685,5,0.1,0.5,0.622043618976283,0.6304357006080832,0.6199817303551852,0.6201317816324067,0.6284614021634967,0.6259130628536754,1.0,0.6231222702773297,0.6193476291854488,0.6255604668816817,0.6232853896276787,0.6215784045592013
3,7,0.25150481910225314,0.9238,5000,1.551057563887702,0.907563025210084,833,1.551555847969299,0.908,0.805606453378224,0.08342378323030133,,,0.7970296891314161,,0.7970483409467396,0.2029516590532604,0.9707036422300269,0.4029202330979615,5,0.1,0.5,0.6155947532355933,0.6158976083778595,0.6165403303769714,0.6121461882599691,0.6256631499065785,0.6143753056557697,0.6231222702773297,1.0,0.6130579684883327,0.6249206638069096,0.6146214800805536,0.6176115104744292
3,8,0.25253858413476094,0.92488,5000,1.5644212652135778,0.8931572629051621,833,1.5528476992354225,0.9077,0.8015475452634913,0.08313650138623555,,,0.6886199955854366,,0.6886300888509613,0.31136991114903867,0.969265287272043,0.4021685464523904,5,0.1,0.5,0.6164424166100596,0.6152144286030147,0.6038037527853193,0.613769632375378,0.6169178940779275,0.6190123341455707,0.6193476291854488,0.6130579684883327,1.0,0.6177640029196634,0.6066914154328569,0.6133292334405513
3,9,0.24630722051788906,0.92456,5000,1.5394370644180864,0.9063625450180072,833,1.5510618621929766,0.908,0.8096746179697951,0.0839086480656116,,,0.9799999996226365,,0.9800010039656644,0.019998996034335637,0.971249763918398,0.4031377353676427,5,0.1,0.5,0.6136476959655988,0.623323598596201,0.6218221395166297,0.6192810744593463,0.6191023722145281,0.6299349652410815,0.6255604668816817,0.6249206638069096,0.6177640029196634,1.0,0.6185366416839745,0.6168018582658354
3,10,0.2535766653989436,0.9224,5000,1.5685259633594089,0.8775510204081632,833,1.5529321645395444,0.9076,0.8011732632705921,0.08316163501987674,,,0.6981045125398548,,0.6981175643792983,0.3018824356207017,0.9694279479929839,0.4022690698562206,5,0.1,0.5,0.610439420198638,0.6097495774548871,0.610014150268142,0.6154119729675084,0.618865922129609,0.614140696536971,0.6232853896276787,0.6146214800805536,0.6066914154328569,0.6185366416839745,1.0,0.6096600856375958
3,11,0.24594785506083708,0.92472,5000,1.5427161609684978,0.9027611044417767,833,1.551373770823494,0.9079,0.8047719267234756,0.08350770961691692,,,0.8287004474524097,,0.8287184378294262,0.17128156217057378,0.9709687044298411,0.40301537150053,5,0.1,0.5,0.6128833582467991,0.6197776514140746,0.6142834706884479,0.6204348754498183,0.6179128821848626,0.6205479954034263,0.6215784045592013,0.6176115104744292,0.6133292334405513,0.6168018582658354,0.6096600856375958,1.0
4,0,0.23721987038945697,0.92808,5000,1.2931162648730807,0.9280575539568345,834,1.3077919563165488,0.929,0.7937025049254992,0.08298271617946758,,,0.98,,0.9800010039656644,0.019998996034335637,0.9649638354377028,0.3979758918859142,5,0.1,0.5,1.0,0.590341869757304,0.6024277691850145,0.5927043359453159,0.5982102528067338,0.5973587165238773,0.6092324526569599,0.5978786500110846,0.5910307348211432,0.6032948883131329,0.6027711824433893,0.5975954584636355
4,1,0.22778813430659806,0.93304,5000,1.318190817479734,0.9364508393285371,834,1.3085029148065244,0.9286,0.7916592895665936,0.08289602186267327,,,0.98,,0.9800010039656644,0.019998996034335637,0.9645051684024138,0.3979758918859142,5,0.1,0.5,0.590341869757304,1.0,0.6045880410095609,0.5946745217294918,0.5963087910557212,0.5956625007453501,0.6117889375992579,0.5940685005875008,0.5931645169497867,0.5950489028947237,0.5922150409143709,0.5956460830520154
4,2,0.2293441035695801,0.93132,5000,1.3217974812896163,0.9328537170263789,834,1.3085806754450449,0.9287,0.7993185645388599,0.08319463551811065,,,0.98,,0.9800010039656644,0.019998996034335637,0.9653733780486878,0.3979758918859142,5,0.1,0.5,0.6024277691850145,0.6045880410095609,1.0,0.6007741109119766,0.6014814775790763,0.6155700019963555,0.6083618289227344,0.5986565397426474,0.5909912940777345,0.6077391456776023,0.6027580671539581,0.6030233312728036
4,3,0.2295114161731426,0.9328,5000,1.296138878221865,0.9292565947242206,834,1.3060903667261043,0.9282,0.7922102785502525,0.08309182027912863,,,0.98,,0.9800010039656644,0.019998996034335637,0.9683624514750868,0.3979758918859142,5,0.1,0.5,0.5927043359453159,0.5946745217294918,0.6007741109119766,1.0,0.6008525456121292,0.6010016860073937,0.5984424981323264,0.592542055650391,0.5880297163839175,0.6035142845507993,0.5996037064421981,0.5953008765182448
4,4,0.20495698519027347,0.93716,5000,1.298473141811512,0.9351740696278511,833,1.3023647705967816,0.9289,0.7963316743873724,0.08361311793988745,,,0.98,,0.9800010039656644,0.019998996034335637,0.9704671566073568,0.3979758918859142,5,0.1,0.5,0.5982102528067338,0.5963087910557212,0.6014814775790763,0.6008525456121292,1.0,0.5991589476712131,0.6021533937698458,0.6056796297177275,0.5963581748869183,0.5994212475947641,0.6031535798287483,0.6013709173908822
4,5,0.23077509240632887,0.92896,5000,1.2906535378208868,0.9339735894357744,833,1.3032514108255648,0.929,0.7982184335378559,0.0835398463915348,,,0.98,,0.9800010039656644,0.019998996034335637,0.9702151141705526,0.3979758918859142,5,0.1,0.5,0.5973587165238773,0.5956625007453501,0.6155700019963555,0.6010016860073937,0.5991589476712131,1.0,0.6100226035460243,0.6020691278236924,0.5999992491737528,0.6018245743992409,0.602615686680831,0.5979231878949053
4,6,0.21471369765093848,0.93588,5000,1.3113723860846624,0.9543817527010804,833,1.3029114925823273,0.929,0.8047412917224607,0.0838616977675761,,,0.98,,0.9800010039656644,0.019998996034335637,0.9704274234056242,0.3979758918859142,5,0.1,0.5,0.6092324526569599,0.6117889375992579,0.6083618289227344,0.5984424981323264,0.6021533937698458,0.6100226035460243,1.0,0.610216024580135,0.6032692197170607,0.6076392821400437,0.6094346345459289,0.6143186486457514
4,7,0.22939773868223665,0.93116,5000,1.301846535117538,0.9279711884753902,833,1.3027336071855344,0.9289,0.7955922923929043,0.08338122937219114,,,0.98,,0.9800010039656644,0.019998996034335637,0.9699285013580763,0.3979758918859142,5,0.1,0.5,0.5978786500110846,0.5940685005875008,0.5986565397426474,0.592542055650391,0.6056796297177275,0.6020691278236924,0.610216024580135,1.0,0.5902485382683705,0.6080496889598369,0.5988764331584719,0.6001045685390533
4,8,0.22993988296562795,0.92964,5000,1.3172638151380751,0.9183673469387755,833,1.3041232447273814,0.9288,0.7887555315316006,0.08295059723901012,,,0.98,,0.9800010039656644,0.019998996034335637,0.96803411410302,0.3979758918859142,5,0.1,0.5,0.5910307348211432,0.5931645169497867,0.5909912940777345,0.5880297163839175,0.5963581748869183,0.5999992491737528,0.6032692197170607,0.5902485382683705,1.0,0.6004904433244621,0.5902743729784687,0.5906936902187897
4,9,0.21940315318127773,0.93244,5000,1.2922761970096164,0.9303721488595438,833,1.3022090653641918,0.9289,0.7991613939977743,0.08382889811085191,,,0.98,,0.9800010039656644,0.019998996034335637,0.9705067506328457,0.3979758918859142,5,0.1,0.5,0.6032948883131329,0.5950489028947237,0.6077391456776023,0.6035142845507993,0.5994212475947641,0.6018245743992409,0.6076392821400437,0.6080496889598369,0.6004904433244621,1.0,0.6025295623060815,0.6008139560250525
4,10,0.22736440394785565,0.92948,5000,1.3235994621559426,0.8955582232893158,833,1.3042093206899235,0.9288,0.7961169646914468,0.0832251544979955,,,0.98,,0.9800010039656644,0.019998996034335637,0.9682976287715664,0.3979758918859142,5,0.1,0.5,0.6027711824433893,0.5922150409143709,0.6027580671539581,0.5996037064421981,0.6031535798287483,0.602615686680831,0.6094346345459289,0.5988764331584719,0.5902743729784687,0.6025295623060815,1.0,0.6005294810839245
4,11,0.2308195566544962,0.92932,5000,1.2962361132657085,0.9195678271308524,833,1.3025592847373157,0.9288,0.79551192371249,0.08343426484157287,,,0.98,,0.9800010039656644,0.019998996034335637,0.9701819989628562,0.3979758918859142,5,0.1,0.5,0.5975954584636355,0.5956460830520154,0.6030233312728036,0.5953008765182448,0.6013709173908822,0.5979231878949053,0.6143186486457514,0.6001045685390533,0.5906936902187897,0.6008139560250525,0.6005294810839245,1.0
5,0,0.21927561135310086,0.93432,5000,1.0439913184554488,0.9400479616306955,834,1.0616499610221424,0.9399,0.7837705203767034,0.08310964550605807,,,0.6882274832516443,,0.6882435620701772,0.31175643792982277,0.9667326806042631,0.39071084553419555,5,0.1,0.5,1.0,0.5797151711266743,0.5732746756870338,0.5774723648292952,0.5816225946127462,0.57208016456395,0.5888151655425872,0.5751630363567958,0.5767539718693467,0.5884992461025733,0.5776979939148028,0.5792811973869009
5,1,0.21035723827933525,0.93712,5000,1.074333252730193,0.9388489208633094,834,1.0633422661894045,0.9398,0.7807082608223691,0.08294382875241352,,,0.627484616541034,,0.6274986195472115,0.37250138045278847,0.9645125940695738,0.3898174470668314,5,0.1,0.5,0.5797151711266743,1.0,0.5790550931408883,0.5826270863728971,0.5731025725027059,0.5741736155793086,0.5854338537982893,0.5701600925712391,0.5702023554342466,0.5779604849466348,0.5717912007825844,0.5778998854553707
5,2,0.2141529389710468,0.93564,5000,1.0744106504652235,0.9424460431654677,834,1.0621246946886325,0.9398,0.7827704089112516,0.08321620154858016,,,0.7272616540809937,,0.7272777471010492,0.2727222528989508,0.9676546126560208,0.39109256417024707,5,0.1,0.5,0.5732746756870338,0.5790550931408883,1.0,0.5799685248880622,0.5768491733160388,0.5860228508893214,0.5788681794085873,0.5717701558873108,0.5716884322331935,0.5796390025381128,0.5794327543432064,0.5833958342953358
5,3,0.20874444564958666,0.93904,5000,1.0481908961578652,0.9424460431654677,834,1.0595281371674217,0.9406,0.7850510743926932,0.08322772120251977,,,0.7314815943971948,,0.731499422719743,0.268500577280257,0.967756680186016,0.39112574651953935,5,0.1,0.5,0.5774723648292952,0.5826270863728971,0.5799685248880622,1.0,0.5786061360532981,0.5743753689066451,0.5850774468542909,0.5681336900294746,0.5770952743769269,0.5881385311791673,0.5820325740258452,0.5883916424563472
5,4,0.19634048219438002,0.94204,5000,1.0492919352319505,0.943577430972389,833,1.0555877994043759,0.9404,0.7838812649291638,0.08353526950189046,,,0.8441443075739015,,0.8441544099191808,0.15584559008081922,0.9690125555481474,0.39163931806949387,5,0.1,0.5,0.5816225946127462,0.5731025725027059,0.5768491733160388,0.5786061360532981,1.0,0.571029561197676,0.5824353860534688,0.5762557939126306,0.578747370273165,0.5826246547825387,0.5873303011645705,0.579721294136351
5,5,0.20955749871505863,0.9364,5000,1.0414698940736276,0.9447779111644657,833,1.0565496865933695,0.9404,0.7811890295626716,0.0833914605947759,,,0.7914634711405476,,0.7914763315094624,0.2085236684905376,0.9685704748993343,0.3914814286506133,5,0.1,0.5,0.57208016456395,0.5741736155793086,0.5860228508893214,0.5743753689066451,0.571029561197676,1.0,0.57804578936066,0.5709363500746992,0.5787967301747603,0.5843646151825286,0.575105181865092,0.578435296373021
5,6,0.19748647396043417,0.94028,5000,1.0637861137036924,0.9603841536614646,833,1.0562180726292034,0.9406,0.7896912677554487,0.08390613032952983,,,0.9799999996336748,,0.9800010039656644,0.019998996034335637,0.9692282223603524,0.3917352375568562,5,0.1,0.5,0.5888151655425872,0.5854338537982893,0.5788681794085873,0.5850774468542909,0.5824353860534688,0.57804578936066,1.0,0.5831381458239944,0.580526899883325,0.5848963747364772,0.5871801157384032,0.5873664591918841
5,7,0.21750720781956318,0.9364,5000,1.056416376873299,0.943577430972389,833,1.0563234153647012,0.9406,0.7778418439632465,0.08316749709102517,,,0.7094199806164583,,0.7094322574167964,0.2905677425832036,0.967295839164735,0.39093291437711475,5,0.1,0.5,0.5751630363567958,0.5701600925712391,0.5717701558873108,0.5681336900294746,0.5762557939126306,0.5709363500746992,0.5831381458239944,1.0,0.5673152183366114,0.5834609358196364,0.5755277198672416,0.5707147966281957
5,8,0.2174761828213076,0.93608,5000,1.0727772977617052,0.9375750300120048,833,1.0590522803437596,0.9404,0.7775404205073796,0.08286880084976757,,,0.6,,0.6,0.4,0.9631280333887522,0.38926531165670314,5,0.1,0.5,0.5767539718693467,0.5702023554342466,0.5716884322331935,0.5770952743769269,0.578747370273165,0.5787967301747603,0.580526899883325,0.5673152183366114,1.0,0.5731400172350373,0.5693713916933958,0.5684179471668316
5,9,0.20896970751653812,0.93472,5000,1.0490910565411602,0.9399759903961584,833,1.0555133524413307,0.9405,0.7895552843755724,0.08387940020182545,,,0.970208078439842,,0.9702273982229808,0.029772601777019236,0.9692283456663389,0.3917349297508153,5,0.1,0.5,0.5884992461025733,0.5779604849466348,0.5796390025381128,0.5881385311791673,0.5826246547825387,0.5843646151825286,0.5848963747364772,0.5834609358196364,0.5731400172350373,1.0,0.589600935300292,0.5882652104932026
5,10,0.21172152849412554,0.9352,5000,1.0817354740919891,0.9171668667466987,833,1.057586429408564,0.9407,0.7843573552827455,0.08329249342569986,,,0.7552092964098163,,0.7552281511972291,0.24477184880277092,0.9681531775465818,0.3912935738106173,5,0.1,0.5,0.5776979939148028,0.5717912007825844,0.5794327543432064,0.5820325740258452,0.5873303011645705,0.575105181865092,0.5871801157384032,0.5755277198672416,0.5693713916933958,0.589600935300292,1.0,0.5795186961793366
5,11,0.21312926488210726,0.9354,5000,1.0523513147124537,0.9339735894357744,833,1.055880723669887,0.9404,0.7851857545177023,0.08346155099591442,,,0.8171393561188343,,0.8171577732041564,0.1828422267958436,0.9688419580150182,0.39157313989753184,5,0.1,0.5,0.5792811973869009,0.5778998854553707,0.5833958342953358,0.5883916424563472,0.579721294136351,0.578435296373021,0.5873664591918841,0.5707147966281957,0.5684179471668316,0.5882652104932026,0.5795186961793366,1.0
6,0,0.20664917186116147,0.93784,5000,0.8180668751398722,0.9496402877697842,834,0.8384872078895569,0.9466,0.7669801057623853,0.08301710815327099,,,0.6753490941064888,,0.6753626825962552,0.3246373174037448,0.9650393161731646,0.38463584464554806,5,0.1,0.5,1.0,0.5535975929025131,0.5531901810842523,0.5539114073834811,0.5607172313584802,0.5511110164896261,0.5607020013464684,0.5496015585679189,0.5561232991049886,0.5571036563780964,0.5534108964362029,0.5539632136641409
6,1,0.19459212810204476,0.94212,5000,0.8506825544216015,0.947242206235012,834,0.8397449117879898,0.9469,0.7716534874588604,0.08307099574867285,,,0.694107601666496,,0.6941217810350886,0.3058782189649114,0.9638870390396439,0.38486107168246486,5,0.1,0.5,0.5535975929025131,1.0,0.5647047221308064,0.5653825584462004,0.5560515812675735,0.554111801844514,0.5717543533351651,0.5580290860377484,0.5564818787736884,0.5569803698965511,0.5516921381739246,0.558785526249624
6,2,0.2011272347502553,0.94092,5000,0.8469580213228861,0.9532374100719424,834,0.8379176605623752,0.9471,0.7759555923937719,0.08340635273701022,,,0.8108468355126861,,0.8108629084885297,0.1891370915114703,0.9661981987577513,0.385652784196927,5,0.1,0.5,0.5531901810842523,0.5647047221308064,1.0,0.570256723860992,0.562987501988215,0.5747853024354623,0.5664623501118142,0.5591892336355424,0.5521749616933521,0.5664130461725204,0.5578378954462035,0.5579159191555569
6,3,0.1950058203943928,0.9436,5000,0.8239794925407127,0.9484412470023981,834,0.8356301668352974,0.9468,0.7719876178717712,0.08327368814866647,,,0.7646657122906764,,0.764675468098991,0.235324531901009,0.9662915566783891,0.3854461357324895,5,0.1,0.5,0.5539114073834811,0.5653825584462004,0.570256723860992,1.0,0.5642884933700912,0.5573902207574265,0.5574123450685916,0.5542566969076208,0.5498473727981459,0.5564864652695434,0.5605675867681987,0.5594322623766584
6,4,0.17664558829229537,0.94672,5000,0.8231256670422025,0.9471788715486195,833,0.8318069819063424,0.9465,0.7740027446599337,0.08355176829131984,,,0.8614666257355961,,0.8614778374579589,0.13852216254204108,0.9674571164110471,0.3857731671609222,5,0.1,0.5,0.5607172313584802,0.5560515812675735,0.562987501988215,0.5642884933700912,1.0,0.5594075594175502,0.5570101917005071,0.5597651192810761,0.5547542922092076,0.564662953621069,0.5666502682417115,0.5599419380296466
6,5,0.19626053883545813,0.93916,5000,0.8162470327483283,0.943577430972389,833,0.8327141640285334,0.9466,0.7717008340383295,0.08337362674551967,,,0.7994547747943304,,0.7994628783695598,0.20053712163044024,0.9669978191251907,0.38561192382037307,5,0.1,0.5,0.5511110164896261,0.554111801844514,0.5747853024354623,0.5573902207574265,0.5594075594175502,1.0,0.5608747516137644,0.5508841598576955,0.5553257002452572,0.564951341003728,0.5598266182807776,0.5569443869476057
6,6,0.18456335852796116,0.94428,5000,0.838862814285137,0.9651860744297719,833,0.8324659384858494,0.9467,0.776579229853182,0.08389227930877616,,,0.9799999996518955,,0.9800010039656644,0.019998996034335637,0.9677547567543676,0.3858375342361176,5,0.1,0.5,0.5607020013464684,0.5717543533351651,0.5664623501118142,0.5574123450685916,0.5570101917005071,0.5608747516137644,1.0,0.564776236291479,0.5607583499118558,0.562843780123611,0.5655894625236494,0.5600635417435854
6,7,0.19988867230713367,0.9392,5000,0.8345530408400076,0.9507803121248499,833,0.8327810097807131,0.9466,0.7698525817742757,0.08315764800839379,,,0.7242716321255432,,0.7242809095928919,0.27571909040710807,0.9658473177977762,0.3851553913049256,5,0.1,0.5,0.5496015585679189,0.5580290860377484,0.5591892336355424,0.5542566969076208,0.5597651192810761,0.5508841598576955,0.564776236291479,1.0,0.5528689866348265,0.5647431745939221,0.5575592066020337,0.5579770369399136
6,8,0.19950293424764684,0.94048,5000,0.8520443538824717,0.9423769507803121,833,0.837486489321858,0.9469,0.7654391230365891,0.08280065268717812,,,0.6,,0.6,0.4,0.9625230959818296,0.38334613383485727,5,0.1,0.5,0.5561232991049886,0.5564818787736884,0.5521749616933521,0.5498473727981459,0.5547542922092076,0.5553257002452572,0.5607583499118558,0.5528689866348265,1.0,0.5541914182897939,0.5473978284299967,0.5505670747164213
6,9,0.19263475633517002,0.94212,5000,0.829100059138404,0.9495798319327731,833,0.8318115170009601,0.9464,0.7754005613066197,0.08383259986613033,,,0.9592253247438745,,0.9592389940264043,0.040761005973595665,0.9677510983854264,0.38583635321781296,5,0.1,0.5,0.5571036563780964,0.5569803698965511,0.5664130461725204,0.5564864652695434,0.564662953621069,0.564951341003728,0.562843780123611,0.5647431745939221,0.5541914182897939,1.0,0.5682795302383394,0.5606795848986763
6,10,0.19933852179592867,0.9392,5000,0.8609373061745255,0.9243697478991597,833,0.83380844056035,0.9468,0.7708597378251854,0.0832773255229935,,,0.7659318981967889,,0.7659505044927464,0.23404949550725362,0.9665643806658845,0.38545278478985323,5,0.1,0.5,0.5534108964362029,0.5516921381739246,0.5578378954462035,0.5605675867681987,0.5666502682417115,0.5598266182807776,0.5655894625236494,0.5575592066020337,0.5473978284299967,0.5682795302383394,1.0,0.5494195079576049
6,11,0.20011626562744284,0.93964,5000,0.8316560906392557,0.943577430972389,833,0.8320717866809223,0.9465,0.7695871067648944,0.0833459547820679,,,0.7898220433328658,,0.7898298278198885,0.21017017218011147,0.9671225252713581,0.3855736893066378,5,0.1,0.5,0.5539632136641409,0.558785526249624,0.5579159191555569,0.5594322623766584,0.5599419380296466,0.5569443869476057,0.5600635417435854,0.5579770369399136,0.5505670747164213,0.5606795848986763,0.5494195079576049,1.0
7,0,0.19342008424258442,0.94124,5000,0.6225592008343449,0.9556354916067147,834,0.6446363420341723,0.9507,0.7520621789323751,0.08306407244843425,,,0.6603954608971812,,0.6604136338537222,0.3395863661462778,0.9624600572832325,0.3754217684456775,5,0.1,0.5,1.0,0.5227456083780166,0.5212908163571769,0.5207802238287688,0.5309545915699557,0.5309518502906836,0.5323936524931714,0.5275445547750784,0.5274224942515945,0.5303534198439008,0.5290401973732717,0.5293995801943528
