round,client_id,client_i_training_loss,client_i_training_accuracy,client_i_training_dataset_size,client_i_evaluation_loss,client_i_evaluation_accuracy,client_i_evaluation_dataset_size,client_i_central_evaluation_loss,client_i_central_evaluation_accuracy,client_i_cosine_similarity,client_i_importance_coefficient,client_i_tanh_val,tanh_normalization_value,client_i_q,client_i_mask_order,client_i_v_nonzero_fraction,client_i_v_sparsity,client_i_v_cosine_similarity,client_i_reward_gradient_norm,local_epochs,learning_rate,gamma,client_0_cosine_similarity,client_1_cosine_similarity,client_2_cosine_similarity,client_3_cosine_similarity,client_4_cosine_similarity,client_5_cosine_similarity,client_6_cosine_similarity,client_7_cosine_similarity,client_8_cosine_similarity,client_9_cosine_similarity,client_10_cosine_similarity,client_11_cosine_similarity
0,0,2.2894590746272696,0.12639788816894648,4167,2.2993602412087575,0.09952038369304557,834,2.2977631937099408,0.1029,0.977894554234496,0.0833731454921726,,,0.8155734429744306,,0.8156244326715189,0.18437556732848115,0,0.1465865024402068,10,0.025,0.15,1.0,0.9380438064357809,0.9597550737462774,0.9579110379913193,0.953995009302954,0.9448999964489516,0.9642055681630576,0.9433638620782354,0.9429535519363982,0.9508956046383324,0.9551261371431039,0.9586993878505711
0,1,2.2888825062549474,0.13246940244780417,4167,2.296971150806972,0.09832134292565947,834,2.2977629190758813,0.1029,0.9781028201358053,0.08339090178625946,,,0.8203316625886921,,0.8203776138370386,0.17962238616296144,0,0.14658809100651973,10,0.025,0.15,0.9380438064357809,1.0,0.9417019199231891,0.9636521743670025,0.9548303432175043,0.9635129619307031,0.9402003402156344,0.9367825398684155,0.9526929003134496,0.9568885063734424,0.9577609257395246,0.9662314142898533
0,2,2.2888503818800956,0.1388768898488121,4167,2.2960594722202847,0.10311750599520383,834,2.2977629070040546,0.1029,0.9781057799822823,0.08339115413628011,,,0.8203992857544276,,0.8204518822927498,0.1795481177072502,0,0.14658809234309814,10,0.025,0.15,0.9597550737462774,0.9417019199231891,1.0,0.9595482614904985,0.9477776361306238,0.9514581000685507,0.9538652411827755,0.9571076359723829,0.9347661417374042,0.9334520510903286,0.9666620031909322,0.9662306931879485
0,3,2.288290109056415,0.1294696424286057,4167,2.2967510563986644,0.12709832134292565,834,2.2977571306349356,0.1029,0.9837632383545813,0.08387349663215261,,,0.949654383322946,,0.9496872472809493,0.05031275271905067,0,0.14661359415899794,10,0.025,0.15,0.9579110379913193,0.9636521743670025,0.9595482614904985,1.0,0.9525325569789157,0.9604677373724195,0.9524633074552566,0.9477136282830418,0.9580528423804895,0.9603302610316117,0.9659625417467912,0.9600525558654276
0,4,2.2855023550264764,0.11607871370290376,4167,2.3013976301465715,0.10444177671068428,833,2.297762360753892,0.1029,0.9790312820209691,0.08347006041077629,,,0.8415440911490321,,0.8415688798666469,0.15843112013335314,0,0.1465938262205878,10,0.025,0.15,0.953995009302954,0.9548303432175043,0.9477776361306238,0.9525325569789157,1.0,0.9397616211641096,0.9526324708195162,0.9471145870293853,0.9635613143503545,0.9456728117018268,0.9591920784942094,0.9661168163811649
0,5,2.288321048563177,0.16717062634989202,4167,2.299159049987793,0.10444177671068428,833,2.297764008558249,0.1029,0.9754433631121694,0.0831641623117408,,,0.7595714493536321,,0.7596177650146061,0.2403822349853939,0,0.14654767950734654,10,0.025,0.15,0.9448999964489516,0.9635129619307031,0.9514581000685507,0.9604677373724195,0.9397616211641096,1.0,0.936075158041776,0.9408830239750475,0.9391119461807871,0.9543994242555583,0.9510255550709821,0.9595046032064656
0,6,2.2862156210523663,0.12270218382529398,4167,2.295293399265834,0.10324129651860744,833,2.297765719739697,0.1027,0.9736488387016692,0.08301116509530472,,,0.718572220989179,,0.7186133254113647,0.2813866745886353,0,0.14649838761377104,10,0.025,0.15,0.9642055681630576,0.9402003402156344,0.9538652411827755,0.9524633074552566,0.9526324708195162,0.936075158041776,1.0,0.9433156951449619,0.9326361525311999,0.9367738163708264,0.9484435950811024,0.9594358253036561
0,7,2.286418543439923,0.14818814494840413,4167,2.296566895076207,0.09243697478991597,833,2.2977787995640235,0.1026,0.9706474523498718,0.08275527347600585,,,0.65,,0.6500140284860788,0.3499859715139212,0,0.1463578167023423,10,0.025,0.15,0.9433638620782354,0.9367825398684155,0.9571076359723829,0.9477136282830418,0.9471145870293853,0.9408830239750475,0.9433156951449619,1.0,0.9628340208677603,0.9082767532348149,0.9440633711280922,0.9533891325633072
0,8,2.2856583103989108,0.11927508401344215,4166,2.297269548688616,0.1092436974789916,833,2.297765855547748,0.1027,0.973661116570382,0.08301221187946985,,,0.7188527316026008,,0.7189021471835751,0.28109785281642485,0,0.14649881203790202,10,0.025,0.15,0.9429535519363982,0.9526929003134496,0.9347661417374042,0.9580528423804895,0.9635613143503545,0.9391119461807871,0.9326361525311999,0.9628340208677603,1.0,0.937867707557847,0.9471249217592398,0.9486031886088299
0,9,2.2864954724456323,0.16968314930388861,4166,2.2978851795196533,0.09123649459783914,833,2.297775730302062,0.1027,0.9711347311794531,0.08279681780057337,,,0.6611327858758932,,0.6611790529946692,0.33882094700533083,0,0.14638207412384915,10,0.025,0.15,0.9508956046383324,0.9568885063734424,0.9334520510903286,0.9603302610316117,0.9456728117018268,0.9543994242555583,0.9367738163708264,0.9082767532348149,0.937867707557847,1.0,0.9598906693596091,0.9461296145088347
0,10,2.2876149784434925,0.12546807489198272,4166,2.2974848406655446,0.10324129651860744,833,2.2977572845507273,0.1029,0.9826064725644772,0.08377487331729612,,,0.9232259299036638,,0.9232641811490155,0.07673581885098446,0,0.1466120067948967,10,0.025,0.15,0.9551261371431039,0.9577609257395246,0.9666620031909322,0.9659625417467912,0.9591920784942094,0.9510255550709821,0.9484435950811024,0.9440633711280922,0.9471249217592398,0.9598906693596091,1.0,0.9698761274763414
0,11,2.2860907901417127,0.12373979836773884,4166,2.2975632463182722,0.09723889555822329,833,2.2977569495575336,0.1029,0.9850914572399146,0.08398673766196799,,,0.9799999997320263,,0.9800300374643098,0.019969962535690167,0,0.14661409855287497,10,0.025,0.15,0.9586993878505711,0.9662314142898533,0.9662306931879485,0.9600525558654276,0.9661168163811649,0.9595046032064656,0.9594358253036561,0.9533891325633072,0.9486031886088299,0.9461296145088347,0.9698761274763414,1.0
1,0,2.1847323565772085,0.2003839692824574,4167,2.2877160821642195,0.1606714628297362,834,2.28680711456492,0.1606,0.9921560342054536,0.0834591467501523,,,0.98,,0.9800300374643098,0.019969962535690167,0.859672833303822,0.14835536711914943,10,0.025,0.15,1.0,0.9782653423719999,0.980480731135883,0.9812631256975178,0.9827041899518265,0.9802096374248728,0.9825391614026544,0.9740720768528865,0.9787739158194599,0.9757563618271704,0.9802313594574553,0.9809490662375446
1,1,2.187305667544856,0.19642428605711543,4167,2.286877155303955,0.15827338129496402,834,2.2868067584460294,0.1606,0.9891054260518033,0.08337124963421143,,,0.98,,0.9800300374643098,0.019969962535690167,0.8596903092762004,0.14835536711914943,10,0.025,0.15,0.9782653423719999,1.0,0.9685036237551706,0.9804787944252898,0.9776362602350628,0.9830105355696171,0.9743357325521003,0.963761464286251,0.9795050467110543,0.9769999728581757,0.9811468632939686,0.9753646786963616
1,2,2.1887418606064535,0.20062395008399328,4167,2.2856130259377614,0.1606714628297362,834,2.2868067674998995,0.1606,0.9874018870901761,0.0833162177149583,,,0.98,,0.9800300374643098,0.019969962535690167,0.8596903079025635,0.14835536711914943,10,0.025,0.15,0.980480731135883,0.9685036237551706,1.0,0.9781562363282094,0.9768350240333876,0.9738117128189826,0.9747349122326622,0.9722981329102852,0.9702962581441068,0.9687691166579055,0.9754170536847924,0.9794542933189454
1,3,2.1717527385913966,0.20655147588192946,4167,2.2853170463017056,0.1750599520383693,834,2.286799249769766,0.1605,0.9920533848695731,0.08376379612778481,,,0.98,,0.9800300374643098,0.019969962535690167,0.8599168750315059,0.14835536711914943,10,0.025,0.15,0.9812631256975178,0.9804787944252898,0.9781562363282094,1.0,0.9808826481087212,0.9809452931970134,0.9802392956104451,0.9713956414009877,0.9812021083357674,0.9803186262231055,0.9810538300592514,0.9780130825485874
1,4,2.1687355435255804,0.1958963282937365,4167,2.2904759475163052,0.15606242496998798,833,2.2868058198614967,0.1606,0.9902192949091815,0.08345605763603035,,,0.98,,0.9800300374643098,0.019969962535690167,0.8598331281182645,0.14835536711914943,10,0.025,0.15,0.9827041899518265,0.9776362602350628,0.9768350240333876,0.9808826481087212,1.0,0.9789759088428333,0.9795948305958353,0.968364583938435,0.979901849279324,0.9712167036928991,0.9794798571935295,0.9766119950376604
1,5,2.1836460630098977,0.21557475401967843,4167,2.2878122329711914,0.15726290516206481,833,2.286809556091888,0.1603,0.9908783613252451,0.08328912295459331,,,0.98,,0.9800300374643098,0.019969962535690167,0.859064212687997,0.14835536711914943,10,0.025,0.15,0.9802096374248728,0.9830105355696171,0.9738117128189826,0.9809452931970134,0.9789759088428333,1.0,0.9787013722675559,0.9718438654418822,0.9769418137642059,0.9785684730662425,0.9795440506021651,0.9775981512691052
1,6,2.1771799329555397,0.19330453563714903,4167,2.283745288848877,0.16326530612244897,833,2.2868180154245112,0.1603,0.9895539585291071,0.08315204564110243,,,0.98,,0.9800300374643098,0.019969962535690167,0.8586343686632085,0.14835536711914943,10,0.025,0.15,0.9825391614026544,0.9743357325521003,0.9747349122326622,0.9802392956104451,0.9795948305958353,0.9787013722675559,1.0,0.9721055779922706,0.973702190934696,0.9717370274787928,0.9779679644815757,0.9787656138341698
1,7,2.1848123062740674,0.2004319654427646,4167,2.2861113207680837,0.1716686674669868,833,2.2868399589876587,0.1604,0.9827409717049911,0.0827738288204701,,,0.98,,0.9800300374643098,0.019969962535690167,0.8578030695951995,0.14835536711914943,10,0.025,0.15,0.9740720768528865,0.963761464286251,0.9722981329102852,0.9713956414009877,0.968364583938435,0.9718438654418822,0.9721055779922706,1.0,0.9686913626479261,0.9614871098450035,0.9671608491767661,0.9725646415096657
1,8,2.1730274698951026,0.1957993278924628,4166,2.2858691896711076,0.15606242496998798,833,2.2868180486220346,0.1603,0.9881507610735917,0.08310723246688119,,,0.98,,0.9800300374643098,0.019969962535690167,0.8586440418737274,0.14835536711914943,10,0.025,0.15,0.9787739158194599,0.9795050467110543,0.9702962581441068,0.9812021083357674,0.979901849279324,0.9769418137642059,0.973702190934696,0.9686913626479261,1.0,0.9727521615229973,0.9748434215419062,0.9712091128270963
1,9,2.1658419479023325,0.2184589534325492,4166,2.286743606839861,0.15606242496998798,833,2.2868364370321927,0.1603,0.9865597910281075,0.08292311318854141,,,0.98,,0.9800300374643098,0.019969962535690167,0.8579311481462296,0.14835536711914943,10,0.025,0.15,0.9757563618271704,0.9769999728581757,0.9687691166579055,0.9803186262231055,0.9712167036928991,0.9785684730662425,0.9717370274787928,0.9614871098450035,0.9727521615229973,1.0,0.9773461516139752,0.9739905116841263
1,10,2.1796895178881557,0.1942390782525204,4166,2.287113462175642,0.15726290516206481,833,2.286799448954908,0.1607,0.9901690173896762,0.08364204647227604,,,0.98,,0.9800300374643098,0.019969962535690167,0.85986628794563,0.14835536711914943,10,0.025,0.15,0.9802313594574553,0.9811468632939686,0.9754170536847924,0.9810538300592514,0.9794798571935295,0.9795440506021651,0.9779679644815757,0.9671608491767661,0.9748434215419062,0.9773461516139752,1.0,0.9773400826624062
1,11,2.179387983047601,0.19647143542966874,4166,2.286608730043684,0.15606242496998798,833,2.2867991320694547,0.1605,0.9893568698874438,0.08374614259299845,,,0.98,,0.9800300374643098,0.019969962535690167,0.8599719415323971,0.14835536711914943,10,0.025,0.15,0.9809490662375446,0.9753646786963616,0.9794542933189454,0.9780130825485874,0.9766119950376604,0.9775981512691052,0.9787656138341698,0.9725646415096657,0.9712091128270963,0.9739905116841263,0.9773400826624062,1.0
2,0,2.0895371798313027,0.24850011999040078,4167,2.270270620073591,0.20863309352517986,834,2.270223158824293,0.2142,0.9897086134122915,0.08351754017243468,,,0.98,,0.9800300374643098,0.019969962535690167,0.9678444443827054,0.14796347113191993,10,0.025,0.15,1.0,0.9766088489678092,0.9742149616907466,0.9745811402656817,0.9725494157161234,0.9746827066953919,0.9740111679145773,0.9701358039334247,0.9749953479243603,0.9721026930683723,0.9760600615975222,0.9752308461358048
2,1,2.0916374867612664,0.24802015838732902,4167,2.2715581144605363,0.20023980815347722,834,2.2702227121667016,0.2142,0.9860607554730602,0.08334508828085449,,,0.98,,0.9800300374643098,0.019969962535690167,0.9678444443827054,0.14796347113191993,10,0.025,0.15,0.9766088489678092,1.0,0.9635321759775936,0.971694634046271,0.9656388887594312,0.9755697244446362,0.9681535565515377,0.9620819855083814,0.9735091711836337,0.9719392016489844,0.9743871256496801,0.9688916744212408
2,2,2.0965538862979773,0.24439644828413726,4167,2.2698939527784074,0.19304556354916066,834,2.2702227031128315,0.2142,0.9846905933390715,0.08326674840637341,,,0.98,,0.9800300374643098,0.019969962535690167,0.9678444443827054,0.14796347113191993,10,0.025,0.15,0.9742149616907466,0.9635321759775936,1.0,0.9720687794524927,0.9709713943040563,0.9665555204083676,0.9672341008274848,0.9679473454830447,0.9676748690129577,0.9640077993450564,0.9706177182134514,0.9709629438523266
2,3,2.075033230853803,0.25322774178065754,4167,2.267899853842599,0.23261390887290168,834,2.2702127981789504,0.2151,0.9885065836780486,0.08366626750816204,,,0.98,,0.9800300374643098,0.019969962535690167,0.9678444443827054,0.14796347113191993,10,0.025,0.15,0.9745811402656817,0.971694634046271,0.9720687794524927,1.0,0.9729383842048509,0.9724408804662724,0.9737815543297528,0.9692455873561054,0.9744228916966218,0.9723528466794634,0.9737261342116961,0.973608629538597
2,4,2.0748282804633633,0.24559635229181664,4167,2.273836135864258,0.21008403361344538,833,2.2702213691759714,0.2141,0.9861912722661652,0.0834015745624185,,,0.98,,0.9800300374643098,0.019969962535690167,0.9678444443827054,0.14796347113191993,10,0.025,0.15,0.9725494157161234,0.9656388887594312,0.9709713943040563,0.9729383842048509,1.0,0.9729921451700612,0.9741285524508142,0.965519661430967,0.9724980340084569,0.9635222544843042,0.9724018576978275,0.9703482745079324
2,5,2.0899311593084624,0.2547396208303336,4167,2.2707532814570834,0.2148859543817527,833,2.2702280599859694,0.2134,0.9876350570163753,0.08334553886358619,,,0.98,,0.9800300374643098,0.019969962535690167,0.9678444443827054,0.14796347113191993,10,0.025,0.15,0.9746827066953919,0.9755697244446362,0.9665555204083676,0.9724408804662724,0.9729921451700612,1.0,0.972996967458087,0.9694374606799626,0.9724858717058054,0.9712929689959348,0.9712332929615921,0.9710225970225697
2,6,2.084242379665375,0.24581233501319893,4167,2.2662321158817837,0.23649459783913565,833,2.2702451506747474,0.2134,0.9867553678493596,0.08323255266528985,,,0.98,,0.9800300374643098,0.019969962535690167,0.9678444443827054,0.14796347113191993,10,0.025,0.15,0.9740111679145773,0.9681535565515377,0.9672341008274848,0.9737815543297528,0.9741285524508142,0.972996967458087,1.0,0.970659958127049,0.9686426824287092,0.9673522399101316,0.9728786249060798,0.9704731316470355
2,7,2.091517971139966,0.25207583393328536,4167,2.269866330283029,0.22569027611044418,833,2.2702817916870117,0.2138,0.9826762710736676,0.08286723802533551,,,0.98,,0.9800300374643098,0.019969962535690167,0.9678444443827054,0.14796347113191993,10,0.025,0.15,0.9701358039334247,0.9620819855083814,0.9679473454830447,0.9692455873561054,0.965519661430967,0.9694374606799626,0.970659958127049,1.0,0.9646657247259492,0.9579410858909416,0.9672711381321583,0.9672778198195568
2,8,2.076567832990126,0.2500720115218435,4166,2.2689273357391357,0.20408163265306123,833,2.270244885094558,0.2134,0.9863717030267289,0.08319249967160328,,,0.98,,0.9800300374643098,0.019969962535690167,0.9678444443827054,0.14796347113191993,10,0.025,0.15,0.9749953479243603,0.9735091711836337,0.9676748690129577,0.9744228916966218,0.9724980340084569,0.9724858717058054,0.9686426824287092,0.9646657247259492,1.0,0.9692880126023564,0.9707182711092199,0.9668771402960509
2,9,2.069358930804513,0.26068170907345173,4166,2.27022841998509,0.20888355342136855,833,2.2702764891370943,0.2136,0.9841382570369649,0.08300662854947888,,,0.98,,0.9800300374643098,0.019969962535690167,0.9678444443827054,0.14796347113191993,10,0.025,0.15,0.9721026930683723,0.9719392016489844,0.9640077993450564,0.9723528466794634,0.9635222544843042,0.9712929689959348,0.9673522399101316,0.9579410858909416,0.9692880126023564,1.0,0.9718107130214844,0.9677697586596647
2,10,2.0895942666313867,0.24366298607777245,4166,2.270807777132307,0.21608643457382953,833,2.2702130667770963,0.215,0.9879296570457622,0.08357254348100986,,,0.98,,0.9800300374643098,0.019969962535690167,0.9678444443827054,0.14796347113191993,10,0.025,0.15,0.9760600615975222,0.9743871256496801,0.9706177182134514,0.9737261342116961,0.9724018576978275,0.9712332929615921,0.9728786249060798,0.9672711381321583,0.9707182711092199,0.9718107130214844,1.0,0.9729375608924803
2,11,2.0886589628277403,0.2457513202112338,4166,2.2701614243643626,0.22088835534213686,833,2.270212632191332,0.2151,0.9863599998549982,0.08358577981345318,,,0.98,,0.9800300374643098,0.019969962535690167,0.9678444443827054,0.14796347113191993,10,0.025,0.15,0.9752308461358048,0.9688916744212408,0.9709629438523266,0.973608629538597,0.9703482745079324,0.9710225970225697,0.9704731316470355,0.9672778198195568,0.9668771402960509,0.9677697586596647,0.9729375608924803,1.0
3,0,2.0219296076081017,0.274274058075354,4167,2.2464498451777866,0.23501199040767387,834,2.2473281727561467,0.2337,0.9853131230155614,0.08353708122738064,,,0.98,,0.9800300374643098,0.019969962535690167,0.9827888841224877,0.14738147063060997,10,0.025,0.15,1.0,0.9694035769180819,0.9640943484089556,0.9661308543162515,0.96355137227686,0.9643474072885779,0.963323860026881,0.9622090514698718,0.968003689564665,0.9638315733586121,0.9666752706320053,0.9656780403138286
3,1,2.02489684567307,0.27242620590352773,4167,2.2501450266156877,0.22541966426858512,834,2.247327472590193,0.2337,0.9817752958077792,0.08331576560254722,,,0.98,,0.9800300374643098,0.019969962535690167,0.9827888841224877,0.14738147063060997,10,0.025,0.15,0.9694035769180819,1.0,0.9539394771338089,0.9619891909522622,0.9561578817004529,0.9665040766490514,0.9588871248155387,0.9533777586195838,0.9653185950060058,0.9641726113302773,0.9654082304527857,0.9604167987013964
3,2,2.032085464217446,0.2700743940484761,4167,2.2481370312826976,0.20623501199040767,834,2.2473274756081496,0.2337,0.9801970632540167,0.08321616693774953,,,0.98,,0.9800300374643098,0.019969962535690167,0.9827888841224877,0.14738147063060997,10,0.025,0.15,0.9640943484089556,0.9539394771338089,1.0,0.9639038340190689,0.9614811456631852,0.956875234701032,0.9566073590651204,0.9601387957758933,0.9590671299754818,0.9574213658658965,0.9614793219476025,0.9620080436937875
3,3,2.0116404421401746,0.2758099352051836,4167,2.2437433174678256,0.2434052757793765,834,2.2473147066333627,0.2336,0.984909320317566,0.08361574245960225,,,0.98,,0.9800300374643098,0.019969962535690167,0.9827888841224877,0.14738147063060997,10,0.025,0.15,0.9661308543162515,0.9619891909522622,0.9639038340190689,1.0,0.9658708768985476,0.9652343502787489,0.9664082163834784,0.9613264574198893,0.9680207667387863,0.96401487075601,0.9646520439774253,0.9648827127564615
3,4,2.0121733979745344,0.27494600431965444,4167,2.250732455934797,0.22208883553421369,833,2.2473256738880014,0.2336,0.9829299841183045,0.08338812329374015,,,0.98,,0.9800300374643098,0.019969962535690167,0.9827888841224877,0.14738147063060997,10,0.025,0.15,0.96355137227686,0.9561578817004529,0.9614811456631852,0.9658708768985476,1.0,0.9662502316685782,0.9674688845526837,0.9570008004979634,0.9655223050344025,0.9580553855994818,0.9652046694756102,0.9626008883848541
3,5,2.0244070735844697,0.2787137029037677,4167,2.2473790305001393,0.23769507803121248,833,2.247336556639852,0.2342,0.9834982441627579,0.08337200083255208,,,0.98,,0.9800300374643098,0.019969962535690167,0.9827888841224877,0.14738147063060997,10,0.025,0.15,0.9643474072885779,0.9665040766490514,0.956875234701032,0.9652343502787489,0.9662502316685782,1.0,0.9633493021038995,0.9609985356856843,0.964956468681091,0.9623263264713072,0.9634066757058418,0.9616753832189496
3,6,2.020425096063903,0.27192224622030237,4167,2.24200017111642,0.24369747899159663,833,2.247363467759724,0.234,0.9825276437770666,0.08327075724396199,,,0.98,,0.9800300374643098,0.019969962535690167,0.9827888841224877,0.14738147063060997,10,0.025,0.15,0.963323860026881,0.9588871248155387,0.9566073590651204,0.9664082163834784,0.9674688845526837,0.9633493021038995,1.0,0.960428004796353,0.9601661300304288,0.9610089891452436,0.9646028825705466,0.9622548417068407
3,7,2.0263453595566028,0.27943364530837533,4167,2.2475149631500244,0.24849939975990396,833,2.247416840323919,0.2341,0.9789866928880268,0.082930329590628,,,0.98,,0.9800300374643098,0.019969962535690167,0.9827888841224877,0.14738147063060997,10,0.025,0.15,0.9622090514698718,0.9533777586195838,0.9601387957758933,0.9613264574198893,0.9570008004979634,0.9609985356856843,0.960428004796353,1.0,0.9574263069711463,0.949729580431464,0.9595184667832133,0.9607811487187609
3,8,2.011339910463853,0.2774603936629861,4166,2.245767525264195,0.22929171668667467,833,2.247362930563432,0.234,0.9832002872300881,0.08326788741399424,,,0.98,,0.9800300374643098,0.019969962535690167,0.9827888841224877,0.14738147063060997,10,0.025,0.15,0.968003689564665,0.9653185950060058,0.9590671299754818,0.9680207667387863,0.9655223050344025,0.964956468681091,0.9601661300304288,0.9574263069711463,1.0,0.9629513970813403,0.9629549891766425,0.9580616707572838
3,9,2.002558634859143,0.28362938070091215,4166,2.247501407350813,0.226890756302521,833,2.247408758235883,0.234,0.9809087232299971,0.08307876674025899,,,0.98,,0.9800300374643098,0.019969962535690167,0.9827888841224877,0.14738147063060997,10,0.025,0.15,0.9638315733586121,0.9641726113302773,0.9574213658658965,0.96401487075601,0.9580553855994818,0.9623263264713072,0.9610089891452436,0.949729580431464,0.9629513970813403,1.0,0.9645587307171842,0.9574283751585873
3,10,2.026247505346934,0.26982717234757564,4166,2.2479942185538158,0.24489795918367346,833,2.2473151774346074,0.2336,0.9840742761715713,0.08353078759329634,,,0.98,,0.9800300374643098,0.019969962535690167,0.9827888841224877,0.14738147063060997,10,0.025,0.15,0.9666752706320053,0.9654082304527857,0.9614793219476025,0.9646520439774253,0.9652046694756102,0.9634066757058418,0.9646028825705466,0.9595184667832133,0.9629549891766425,0.9645587307171842,1.0,0.964147734396554
3,11,2.024702274799347,0.27393182909265484,4166,2.2475104331970215,0.2424969987995198,833,2.247314501412307,0.2335,0.982154048999739,0.08347659106428838,,,0.98,,0.9800300374643098,0.019969962535690167,0.9827888841224877,0.14738147063060997,10,0.025,0.15,0.9656780403138286,0.9604167987013964,0.9620080436937875,0.9648827127564615,0.9626008883848541,0.9616753832189496,0.9622548417068407,0.9607811487187609,0.9580616707572838,0.9574283751585873,0.964147734396554,1.0
4,0,1.9695025108077309,0.29392848572114233,4167,2.215912784848894,0.25059952038369304,834,2.2181175871740413,0.257,0.9816081888084414,0.08354599091661251,,,0.98,,0.9800300374643098,0.019969962535690167,0.9869428945936408,0.1468414049333016,10,0.025,0.15,1.0,0.9635483234837453,0.9575928210169785,0.9564724926531325,0.9564273452137385,0.9559485337647706,0.9546697902551409,0.9562816818272314,0.9588833387171478,0.9563050120759484,0.9577990733659223,0.9572248587635481
4,1,1.9763210939638542,0.2882169426445884,4167,2.222844498498099,0.2446043165467626,834,2.2181164916557603,0.2571,0.9786605970540243,0.08331336590003377,,,0.98,,0.9800300374643098,0.019969962535690167,0.9869428945936408,0.1468414049333016,10,0.025,0.15,0.9635483234837453,1.0,0.9470729702466126,0.953679701007874,0.9487528912875619,0.9602775072812361,0.9489788745867738,0.9486612831162411,0.9566809638133658,0.9573132603199296,0.95925075351911,0.9523700976395049
4,2,1.977915388887579,0.2896328293736501,4167,2.2202610288347517,0.2422062350119904,834,2.218116494673717,0.2571,0.9764078946035853,0.0831785547602896,,,0.98,,0.9800300374643098,0.019969962535690167,0.9869428945936408,0.1468414049333016,10,0.025,0.15,0.9575928210169785,0.9470729702466126,1.0,0.9541827352137947,0.9510056851699895,0.9479083862900712,0.9481618722830205,0.9530283231422483,0.951535594432941,0.9531372457796177,0.9530124915424123,0.9535820725995077
4,3,1.9619998180505,0.2921286297096232,4167,2.212930849620274,0.26618705035971224,834,2.218101109130473,0.2575,0.9803036627184566,0.08355217153702049,,,0.98,,0.9800300374643098,0.019969962535690167,0.9869428945936408,0.1468414049333016,10,0.025,0.15,0.9564724926531325,0.953679701007874,0.9541827352137947,1.0,0.9564235556245322,0.9566284612056924,0.9558788514506876,0.9537153901322695,0.9596081908174868,0.9574154390473569,0.9561118185467411,0.9556628213025676
4,4,1.962667550462665,0.2894168466522678,4167,2.2212087426866804,0.2533013205282113,833,2.2181142251702806,0.2571,0.9792117020782574,0.08337600235404544,,,0.98,,0.9800300374643098,0.019969962535690167,0.9869428945936408,0.1468414049333016,10,0.025,0.15,0.9564273452137385,0.9487528912875619,0.9510056851699895,0.9564235556245322,1.0,0.959211962609604,0.9589908509153631,0.9492826709841224,0.9577279430556044,0.9541772818600901,0.9577215088382475,0.9533123448720345
4,5,1.9710577011108399,0.2958723302135829,4167,2.217804091317313,0.2581032412965186,833,2.2181308933451205,0.2572,0.9800203307940389,0.08339233881714968,,,0.98,,0.9800300374643098,0.019969962535690167,0.9869428945936408,0.1468414049333016,10,0.025,0.15,0.9559485337647706,0.9602775072812361,0.9479083862900712,0.9566284612056924,0.959211962609604,1.0,0.9543090889806918,0.9562362270128414,0.957071498852256,0.9565920487448082,0.9554405760010305,0.9529583943059786
4,6,1.9724182916410042,0.2870890328773698,4167,2.2113993167877197,0.2725090036014406,833,2.2181672084180613,0.2573,0.9776276363123139,0.08325195822433817,,,0.98,,0.9800300374643098,0.019969962535690167,0.9869428945936408,0.1468414049333016,10,0.025,0.15,0.9546697902551409,0.9489788745867738,0.9481618722830205,0.9558788514506876,0.9589908509153631,0.9543090889806918,1.0,0.9536662476528707,0.9502005554663966,0.9541865711697082,0.9541156139506898,0.9513566463968894
4,7,1.9771203763557204,0.2967122630189585,4167,2.21877874646868,0.2653061224489796,833,2.2182374211806284,0.257,0.9770322597392953,0.08302223058969536,,,0.98,,0.9800300374643098,0.019969962535690167,0.9869428945936408,0.1468414049333016,10,0.025,0.15,0.9562816818272314,0.9486612831162411,0.9530283231422483,0.9537153901322695,0.9492826709841224,0.9562362270128414,0.9536662476528707,1.0,0.9509250778686793,0.946314195875349,0.9538284797655391,0.955755885472692
4,8,1.9607023809895372,0.29251080172827654,4166,2.2165643828255788,0.25090036014405764,833,2.2181664750545838,0.2573,0.9791679117298565,0.08330027951359006,,,0.98,,0.9800300374643098,0.019969962535690167,0.9869428945936408,0.1468414049333016,10,0.025,0.15,0.9588833387171478,0.9566809638133658,0.951535594432941,0.9596081908174868,0.9577279430556044,0.957071498852256,0.9502005554663966,0.9509250778686793,1.0,0.9561490935406052,0.9552517738498729,0.9485545888080993
4,9,1.9512336189096624,0.3001200192030725,4166,2.2185329369136264,0.24969987995198079,833,2.2182268251346637,0.2568,0.9789580174673209,0.08317658772870917,,,0.98,,0.9800300374643098,0.019969962535690167,0.9869428945936408,0.1468414049333016,10,0.025,0.15,0.9563050120759484,0.9573132603199296,0.9531372457796177,0.9574154390473569,0.9541772818600901,0.9565920487448082,0.9541865711697082,0.946314195875349,0.9561490935406052,1.0,0.9576779577263809,0.9509438539208704
4,10,1.9775020704124913,0.28749399903984635,4166,2.218759502683367,0.25930372148859543,833,2.2181018123143836,0.2575,0.9803586693976831,0.08350146346393546,,,0.98,,0.9800300374643098,0.019969962535690167,0.9869428945936408,0.1468414049333016,10,0.025,0.15,0.9577990733659223,0.95925075351911,0.9530124915424123,0.9561118185467411,0.9577215088382475,0.9554405760010305,0.9541156139506898,0.9538284797655391,0.9552517738498729,0.9576779577263809,1.0,0.9562519056310164
4,11,1.9730579769972598,0.2911425828132501,4166,2.2184537819453647,0.27130852340936373,833,2.2181007862091064,0.2575,0.9779321846460504,0.08338905619458034,,,0.98,,0.9800300374643098,0.019969962535690167,0.9869428945936408,0.1468414049333016,10,0.025,0.15,0.9572248587635481,0.9523700976395049,0.9535820725995077,0.9556628213025676,0.9533123448720345,0.9529583943059786,0.9513566463968894,0.955755885472692,0.9485545888080993,0.9509438539208704,0.9562519056310164,1.0
5,0,1.9283938946145953,0.3073434125269978,4167,2.180081844329834,0.2709832134292566,834,2.1837276205231873,0.2831,0.9791436038252698,0.08357368878660934,,,0.98,,0.9800300374643098,0.019969962535690167,0.9894555234765608,0.14637062348041094,10,0.025,0.15,1.0,0.9560313674551403,0.9501001721286005,0.953498806548995,0.950745558248745,0.9481317353396406,0.9480955719102464,0.9522979208987277,0.9533963458500782,0.9516680647436649,0.9498465348942264,0.9514988964930106
5,1,1.9318457610679396,0.30316774658027357,4167,2.1906492028917586,0.27577937649880097,834,2.183726036095921,0.283,0.9745084191601575,0.08327882822750698,,,0.98,,0.9800300374643098,0.019969962535690167,0.9894555234765608,0.14637062348041094,10,0.025,0.15,0.9560313674551403,1.0,0.9401335990847733,0.9447912242745672,0.9404044617808387,0.9514974267467048,0.9405898596419117,0.9441612240266927,0.9468135128706061,0.9493377357082092,0.9499337922991101,0.9474282058165747
5,2,1.9355123108083552,0.3035757139428846,4167,2.1871300765446255,0.2733812949640288,834,2.1837260391138775,0.283,0.9730478558524102,0.08314786037209158,,,0.98,,0.9800300374643098,0.019969962535690167,0.9894555234765608,0.14637062348041094,10,0.025,0.15,0.9501001721286005,0.9401335990847733,1.0,0.9475444647060557,0.9448518988271492,0.9402495141818303,0.9410624592598964,0.947806148158618,0.9432554063546044,0.9500457526048565,0.94315068883794,0.9459587087577531
5,3,1.9194044098709568,0.30611951043916485,4167,2.1765525341033936,0.28896882494004794,834,2.183708030966264,0.2831,0.9776086888256885,0.08352753118044479,,,0.98,,0.9800300374643098,0.019969962535690167,0.9894555234765608,0.14637062348041094,10,0.025,0.15,0.953498806548995,0.9447912242745672,0.9475444647060557,1.0,0.9495453112821517,0.9517533677914932,0.9491391941343839,0.9490403887750197,0.9513108628959953,0.9516445165394508,0.9496589424601133,0.949387505573001
5,4,1.9214284900462988,0.3005999520038397,4167,2.1864306586129323,0.2725090036014406,833,2.1837231750729718,0.283,0.9762460371571737,0.08337416347577194,,,0.98,,0.9800300374643098,0.019969962535690167,0.9894555234765608,0.14637062348041094,10,0.025,0.15,0.950745558248745,0.9404044617808387,0.9448518988271492,0.9495453112821517,1.0,0.9533784272466094,0.9504303364978856,0.9444514196906848,0.9505177048705289,0.9491571117668176,0.95135343954229,0.9466067949078509
5,5,1.9282784476424708,0.3082553395728342,4167,2.18342992237636,0.2845138055222089,833,2.1837469897692716,0.2836,0.9766453231362267,0.08339727279605626,,,0.98,,0.9800300374643098,0.019969962535690167,0.9894555234765608,0.14637062348041094,10,0.025,0.15,0.9481317353396406,0.9514974267467048,0.9402495141818303,0.9517533677914932,0.9533784272466094,1.0,0.947258794480418,0.951570967875053,0.9485316600157114,0.9486196550061884,0.9475157012655382,0.947625305817167
5,6,1.9329250151460822,0.29930405567554597,4167,2.175580774034773,0.2917166866746699,833,2.183791537828083,0.2834,0.9744270728556781,0.08323818651471712,,,0.98,,0.9800300374643098,0.019969962535690167,0.9894555234765608,0.14637062348041094,10,0.025,0.15,0.9480955719102464,0.9405898596419117,0.9410624592598964,0.9491391941343839,0.9504303364978856,0.947258794480418,1.0,0.9489509175632009,0.9441804525249634,0.9485566901572885,0.946595280806133,0.9453859864253243
5,7,1.9327041105790572,0.31396688264938805,4167,2.184722661972046,0.29531812725090034,833,2.183877290049686,0.2822,0.9754011369549138,0.08312777292559204,,,0.98,,0.9800300374643098,0.019969962535690167,0.9894555234765608,0.14637062348041094,10,0.025,0.15,0.9522979208987277,0.9441612240266927,0.947806148158618,0.9490403887750197,0.9444514196906848,0.951570967875053,0.9489509175632009,1.0,0.9438619881243662,0.9421104309252276,0.9470718144666054,0.9504553324773866
5,8,1.9173846237587207,0.30825732117138743,4166,2.1823598657335554,0.27010804321728693,833,2.1837905388844163,0.2834,0.9749614913778231,0.08328548512456807,,,0.98,,0.9800300374643098,0.019969962535690167,0.9894555234765608,0.14637062348041094,10,0.025,0.15,0.9533963458500782,0.9468135128706061,0.9432554063546044,0.9513108628959953,0.9505177048705289,0.9485316600157114,0.9441804525249634,0.9438619881243662,1.0,0.9506054303728158,0.9445307821078586,0.9394452714353442
5,9,1.9085824879733,0.31519443110897744,4166,2.1844635690961565,0.2725090036014406,833,2.1838644426080247,0.2825,0.9764530607814733,0.08325752730205377,,,0.98,,0.9800300374643098,0.019969962535690167,0.9894555234765608,0.14637062348041094,10,0.025,0.15,0.9516680647436649,0.9493377357082092,0.9500457526048565,0.9516445165394508,0.9491571117668176,0.9486196550061884,0.9485566901572885,0.9421104309252276,0.9506054303728158,1.0,0.9478618693379497,0.9443863309400062
5,10,1.9311815987933765,0.3059289486317811,4166,2.184194496699742,0.2965186074429772,833,2.183709075179281,0.283,0.9759978086857155,0.08344370297552696,,,0.98,,0.9800300374643098,0.019969962535690167,0.9894555234765608,0.14637062348041094,10,0.025,0.15,0.9498465348942264,0.9499337922991101,0.94315068883794,0.9496589424601133,0.95135343954229,0.9475157012655382,0.946595280806133,0.9470718144666054,0.9445307821078586,0.9478618693379497,1.0,0.9509473039473821
5,11,1.9288785938060644,0.3055448871819491,4166,2.1842503207070485,0.3037214885954382,833,2.1837075963804993,0.2831,0.9751939390160002,0.08334798031906118,,,0.98,,0.9800300374643098,0.019969962535690167,0.9894555234765608,0.14637062348041094,10,0.025,0.15,0.9514988964930106,0.9474282058165747,0.9459587087577531,0.949387505573001,0.9466067949078509,0.947625305817167,0.9453859864253243,0.9504553324773866,0.9394452714353442,0.9443863309400062,0.9509473039473821,1.0
6,0,1.8911568666949417,0.31795056395488364,4167,2.1402922698429654,0.3069544364508393,834,2.145297916629646,0.3075,0.9759306382076799,0.08356528826453848,,,0.98,,0.9800300374643098,0.019969962535690167,0.9911442514391823,0.14600736820979185,10,0.025,0.15,1.0,0.9513247071566442,0.9428664786718602,0.9472757208342232,0.9440800098031228,0.9410249004129441,0.9434659153201147,0.9470237494489165,0.9487951558000359,0.9446085048843595,0.943845054435504,0.9449843868521565
6,1,1.896921370968674,0.31430285577153827,4167,2.154580286570958,0.29376498800959233,834,2.145295761808564,0.3075,0.9724611197837822,0.08326960050927444,,,0.98,,0.9800300374643098,0.019969962535690167,0.9911442514391823,0.14600736820979185,10,0.025,0.15,0.9513247071566442,1.0,0.9346674004245697,0.9395464035793947,0.9346669329712068,0.9465268950923046,0.9369513493632321,0.9399506817406885,0.9436500449571216,0.9459246240138269,0.9466222447098185,0.9390803691120022
6,2,1.8995155836596633,0.317638588912887,4167,2.14994055884225,0.30455635491606714,834,2.145295755772651,0.3075,0.9697082140751655,0.08309876617140613,,,0.98,,0.9800300374643098,0.019969962535690167,0.9911442514391823,0.14600736820979185,10,0.025,0.15,0.9428664786718602,0.9346674004245697,1.0,0.9417303747516688,0.937709948451442,0.9332835401511778,0.9354859457962533,0.9414175738693235,0.937191398488422,0.9444088278798617,0.9376170180391147,0.9405167609384619
6,3,1.882017523953409,0.31893448524118073,4167,2.1359560830252513,0.3213429256594724,834,2.1452751280386235,0.3081,0.9755278677155141,0.08352357570884471,,,0.98,,0.9800300374643098,0.019969962535690167,0.9911442514391823,0.14600736820979185,10,0.025,0.15,0.9472757208342232,0.9395464035793947,0.9417303747516688,1.0,0.943944707380394,0.9470250821097884,0.9448269533462107,0.9451513918539515,0.9478243910831257,0.9456520419429619,0.9459945485698388,0.9456271761510151
6,4,1.8842908292105705,0.3111351091912647,4167,2.1474691118512834,0.2893157262905162,833,2.1452923424636263,0.3077,0.9733003676371829,0.08335599452085225,,,0.98,,0.9800300374643098,0.019969962535690167,0.9911442514391823,0.14600736820979185,10,0.025,0.15,0.9440800098031228,0.9346669329712068,0.937709948451442,0.943944707380394,1.0,0.9479864792743021,0.9440235610062979,0.938676356146976,0.9453683045660568,0.9448301360033541,0.9460119412365984,0.9413630715905111
6,5,1.888258907289216,0.3228941684665227,4167,2.1453812462942943,0.3097238895558223,833,2.145323689979843,0.3072,0.9742856804241921,0.08340242096746645,,,0.98,,0.9800300374643098,0.019969962535690167,0.9911442514391823,0.14600736820979185,10,0.025,0.15,0.9410249004129441,0.9465268950923046,0.9332835401511778,0.9470250821097884,0.9479864792743021,1.0,0.9429317070941281,0.9483224791204544,0.9455724398096489,0.9422893538712364,0.9436377197711024,0.9415784718348542
6,6,1.8932669708223053,0.31178305735541156,4167,2.1357261453356062,0.31932773109243695,833,2.1453751702851886,0.3069,0.9722329491940576,0.0832369947554172,,,0.98,,0.9800300374643098,0.019969962535690167,0.9911442514391823,0.14600736820979185,10,0.025,0.15,0.9434659153201147,0.9369513493632321,0.9354859457962533,0.9448269533462107,0.9440235610062979,0.9429317070941281,1.0,0.9437172476595141,0.9397049783044048,0.9442048867363249,0.9404082869948517,0.9405801894738898
6,7,1.892270310719808,0.32608591312694984,4167,2.1465366227286204,0.3157262905162065,833,2.145474648173851,0.3062,0.9734330363283877,0.08320773287919085,,,0.98,,0.9800300374643098,0.019969962535690167,0.9911442514391823,0.14600736820979185,10,0.025,0.15,0.9470237494489165,0.9399506817406885,0.9414175738693235,0.9451513918539515,0.938676356146976,0.9483224791204544,0.9437172476595141,1.0,0.9425299710598587,0.9367845584183455,0.9415427825053053,0.9452717004764793
6,8,1.8808226336132396,0.31929908785405664,4166,2.14445321900504,0.2929171668667467,833,2.1453739661204665,0.3069,0.9735027164659806,0.08330767273883351,,,0.98,,0.9800300374643098,0.019969962535690167,0.9911442514391823,0.14600736820979185,10,0.025,0.15,0.9487951558000359,0.9436500449571216,0.937191398488422,0.9478243910831257,0.9453683045660568,0.9455724398096489,0.9397049783044048,0.9425299710598587,1.0,0.9440806210279341,0.9408382426148554,0.9355232961252187
6,9,1.8690790631554344,0.32765242438790204,4166,2.146139928272792,0.2857142857142857,833,2.1454597334318524,0.3062,0.9739000614915347,0.08330330992550701,,,0.98,,0.9800300374643098,0.019969962535690167,0.9911442514391823,0.14600736820979185,10,0.025,0.15,0.9446085048843595,0.9459246240138269,0.9444088278798617,0.9456520419429619,0.9448301360033541,0.9422893538712364,0.9442048867363249,0.9367845584183455,0.9440806210279341,1.0,0.9437090830488164,0.9392701701101195
6,10,1.8898375084905914,0.3196591454632741,4166,2.1453722545078824,0.3205282112845138,833,2.1452766853042795,0.308,0.9738502656744051,0.08341698258257402,,,0.98,,0.9800300374643098,0.019969962535690167,0.9911442514391823,0.14600736820979185,10,0.025,0.15,0.943845054435504,0.9466222447098185,0.9376170180391147,0.9459945485698388,0.9460119412365984,0.9436377197711024,0.9404082869948517,0.9415427825053053,0.9408382426148554,0.9437090830488164,1.0,0.9448181783017663
