round,client_id,client_i_training_loss,client_i_training_accuracy,client_i_training_dataset_size,client_i_evaluation_loss,client_i_evaluation_accuracy,client_i_evaluation_dataset_size,client_i_central_evaluation_loss,client_i_central_evaluation_accuracy,client_i_cosine_similarity,client_i_importance_coefficient,client_i_tanh_val,tanh_normalization_value,client_i_q,client_i_mask_order,client_i_v_nonzero_fraction,client_i_v_sparsity,client_i_v_cosine_similarity,client_i_reward_gradient_norm,local_epochs,learning_rate,gamma,client_0_cosine_similarity,client_1_cosine_similarity,client_2_cosine_similarity,client_3_cosine_similarity,client_4_cosine_similarity,client_5_cosine_similarity,client_6_cosine_similarity,client_7_cosine_similarity,client_8_cosine_similarity,client_9_cosine_similarity,client_10_cosine_similarity,client_11_cosine_similarity
0,0,2.277758574485779,0.13506119510439166,4167,2.2969398157937184,0.13788968824940048,834,2.297011816048924,0.1451,0.9765348074693758,0.08298400951412882,,,0.6151771591399475,,0.6152151309600435,0.38478486903995646,0,0.14675337912182848,10,0.025,0.15,1.0,0.9658454424627966,0.9643826378839114,0.9465380276908272,0.9543190852003534,0.953491308564585,0.9533736096301911,0.9429775538320634,0.9617466801768476,0.9350651505026507,0.9537873354134051,0.9600812027791953
0,1,2.2756522171425098,0.1293016558675306,4167,2.298596586499895,0.13788968824940048,834,2.296965792209287,0.1453,0.9848548719658339,0.08369103225008377,,,0.9141230210035229,,0.9141539172484362,0.0858460827515638,0,0.14709230053503022,10,0.025,0.15,0.9658454424627966,1.0,0.9632989716613759,0.9593858449534117,0.9619840852745111,0.9718395621730603,0.9652637117556877,0.9572192099983305,0.9587300898438762,0.9496645144064321,0.9606356520446175,0.9756496753577982
0,2,2.276452082576174,0.16510679145668347,4167,2.2986100741795132,0.145083932853717,834,2.296965324425999,0.1453,0.9867589948353532,0.08385284087084327,,,0.982539516159892,,0.9825716690597613,0.017428330940238657,0,0.14709677111149672,10,0.025,0.15,0.9643826378839114,0.9632989716613759,1.0,0.960007921244818,0.9622913712368077,0.95908827580773,0.9576069548218855,0.9653915259144229,0.9731347270358841,0.9668336212085696,0.9670652772685054,0.9728293529669961
0,3,2.2758901090332957,0.14132469402447803,4167,2.2963547706604004,0.14628297362110312,834,2.2970523924767217,0.1453,0.9747208396681164,0.08282986209395839,,,0.55,,0.5500404350481095,0.4499595649518905,0,0.14648942025358613,10,0.025,0.15,0.9465380276908272,0.9593858449534117,0.960007921244818,1.0,0.950186121326249,0.9449470489609005,0.9386730962108838,0.9509816332393746,0.9500433331977488,0.9487938499544238,0.9590030963531142,0.9617055810095929
0,4,2.274183378797589,0.1603311735061195,4167,2.294868298939296,0.16686674669867949,833,2.2969983137106595,0.1452,0.9775669667173718,0.08307172037932344,,,0.6522633783758658,,0.6522915944612236,0.34770840553877636,0,0.1468546623494113,10,0.025,0.15,0.9543190852003534,0.9619840852745111,0.9622913712368077,0.950186121326249,1.0,0.9573904993060628,0.9490087890527243,0.957709668294829,0.9471836645473505,0.9518190827923693,0.9523736899644163,0.9594872307280461
0,5,2.2778912421428794,0.12253419726421887,4167,2.294553313936506,0.15006002400960383,833,2.2969701199591914,0.1453,0.9821359396690247,0.08345998272490465,,,0.816429840960947,,0.8164743938868809,0.18352560611311908,0,0.1470629590732031,10,0.025,0.15,0.953491308564585,0.9718395621730603,0.95908827580773,0.9449470489609005,0.9573904993060628,1.0,0.9699431400644122,0.9552497372831882,0.9616148345277546,0.952723630149981,0.9633918881398092,0.9678439071274458
0,6,2.272879195213318,0.12685385169186464,4167,2.2930264132363454,0.16686674669867949,833,2.297008342380765,0.1452,0.9767586371272821,0.08300303011873929,,,0.6232195186699595,,0.6232608803287617,0.3767391196712383,0,0.14677415208349523,10,0.025,0.15,0.9533736096301911,0.9652637117556877,0.9576069548218855,0.9386730962108838,0.9490087890527243,0.9699431400644122,1.0,0.9512873624258242,0.9507239401266654,0.9394110966068904,0.9521282376681264,0.966821473999017
0,7,2.2808023301037874,0.16921046316294697,4167,2.297649485724313,0.13805522208883553,833,2.296981485584114,0.1453,0.9794248289696338,0.08322959786370843,,,0.7190176965019686,,0.7190589361456322,0.2809410638543678,0,0.14697780240046288,10,0.025,0.15,0.9429775538320634,0.9572192099983305,0.9653915259144229,0.9509816332393746,0.957709668294829,0.9552497372831882,0.9512873624258242,1.0,0.9669917839674292,0.9510296082864188,0.9628945613534491,0.9638898905214472
0,8,2.2804659352158057,0.16207393182909266,4166,2.2966691085270474,0.148859543817527,833,2.296969226644009,0.1453,0.9832048667420784,0.08355081804764145,,,0.8548371544210007,,0.8548711854895942,0.14512881451040582,0,0.14707745396716213,10,0.025,0.15,0.9617466801768476,0.9587300898438762,0.9731347270358841,0.9500433331977488,0.9471836645473505,0.9616148345277546,0.9507239401266654,0.9669917839674292,1.0,0.9631871750496204,0.9723408141066194,0.9644176907286556
0,9,2.277281048081138,0.14387902064330294,4166,2.300813674926758,0.12484993997599039,833,2.297042713889593,0.1453,0.9752039628559513,0.08287091695335422,,,0.5673589613199604,,0.5674027495832714,0.4325972504167286,0,0.14657952045963524,10,0.025,0.15,0.9350651505026507,0.9496645144064321,0.9668336212085696,0.9487938499544238,0.9518190827923693,0.952723630149981,0.9394110966068904,0.9510296082864188,0.9631871750496204,1.0,0.9602811691011345,0.957156121776588
0,10,2.28221471526406,0.14995199231877102,4166,2.2971554143088206,0.15006002400960383,833,2.2969691813746587,0.1453,0.9833370809107638,0.08356205334795862,,,0.8595877039660256,,0.8596326187057484,0.14036738129425164,0,0.14707890169522395,10,0.025,0.15,0.9537873354134051,0.9606356520446175,0.9670652772685054,0.9590030963531142,0.9523736899644163,0.9633918881398092,0.9521282376681264,0.9628945613534491,0.9723408141066194,0.9602811691011345,1.0,0.967768850464832
0,11,2.279259944684578,0.1373259721555449,4166,2.2989604813711986,0.1332533013205282,833,2.296965276138692,0.1453,0.987244943519391,0.08389413583535567,,,0.9999999995771764,,1.0,0.0,0,0.1470968108166148,10,0.025,0.15,0.9600812027791953,0.9756496753577982,0.9728293529669961,0.9617055810095929,0.9594872307280461,0.9678439071274458,0.966821473999017,0.9638898905214472,0.9644176907286556,0.957156121776588,0.967768850464832,1.0
1,0,2.175614517385309,0.19428845692344612,4167,2.2841953209468295,0.1618705035971223,834,2.284740366513216,0.1694,0.9814627341761687,0.08300570897361542,,,1.0,,1.0,0.0,0.8657311148469059,0.1477397029850365,10,0.025,0.15,1.0,0.9661538686812162,0.9665678819057,0.9627728576211154,0.967336709455811,0.9644552773382711,0.9542275106832394,0.9616586188525734,0.9630736193265819,0.9605107321436452,0.9664658457319619,0.9669012525780384
1,1,2.18088784904191,0.1966882649388049,4167,2.286395379475185,0.16666666666666666,834,2.284662961959839,0.1692,0.9842774336783995,0.0835329192518984,,,1.0,,1.0,0.0,0.8679888467864698,0.1477397029850365,10,0.025,0.15,0.9661538686812162,1.0,0.9611699301469898,0.9607339030041787,0.9679351244646301,0.971670643611336,0.9659571197397395,0.9721940734578476,0.9666092097893417,0.9628895398592056,0.9667875587362735,0.9710504919472057
1,2,2.1769070632529983,0.20499160067194624,4167,2.285050800868443,0.16666666666666666,834,2.2846619901777823,0.1692,0.9862422068714602,0.08369642634906048,,,1.0,,1.0,0.0,0.8679172039030774,0.1477397029850365,10,0.025,0.15,0.9665678819057,0.9611699301469898,1.0,0.9602608345328136,0.97216816572685,0.9703198470713561,0.9639994430952514,0.9735707974244685,0.9729786688527563,0.9686541849955834,0.976262500459705,0.9703480718020994
1,3,2.1755754590034484,0.19932805375569954,4167,2.284224033355713,0.17266187050359713,834,2.2848058682453782,0.1691,0.978834029143668,0.08282538212829449,,,1.0,,1.0,0.0,0.8641881954598305,0.1477397029850365,10,0.025,0.15,0.9627728576211154,0.9607339030041787,0.9602608345328136,1.0,0.9621295135844694,0.9625625697449356,0.9544216819024537,0.9615574904059737,0.9566511261439737,0.9550796322519396,0.9687329970181457,0.9642691726304807
1,4,2.1654773889165937,0.20962323014158868,4167,2.282430989401681,0.19207683073229292,833,2.2847166876249676,0.1694,0.9857889602551918,0.08320015780492793,,,1.0,,1.0,0.0,0.86634453014399,0.1477397029850365,10,0.025,0.15,0.967336709455811,0.9679351244646301,0.97216816572685,0.9621295135844694,1.0,0.9731314243576371,0.9621049247052674,0.9690418668010533,0.9670270910262528,0.9674479207472237,0.9709706378339823,0.9718918538822937
1,5,2.1745154864860305,0.200407967362611,4167,2.281845739909581,0.16926770708283315,833,2.2846688409394855,0.1693,0.987652923761632,0.0835000029169199,,,1.0,,1.0,0.0,0.8679672223031653,0.1477397029850365,10,0.025,0.15,0.9644552773382711,0.971670643611336,0.9703198470713561,0.9625625697449356,0.9731314243576371,1.0,0.9672630276674254,0.9733559514075535,0.9706162680856683,0.9709847983602744,0.9750534815599279,0.9736761601600215
1,6,2.164518549225547,0.2011759059275258,4167,2.2806332792554582,0.19807923169267708,833,2.284734810454936,0.1694,0.9822176652074894,0.08304193078203585,,,1.0,,1.0,0.0,0.8657773895852993,0.1477397029850365,10,0.025,0.15,0.9542275106832394,0.9659571197397395,0.9639994430952514,0.9544216819024537,0.9621049247052674,0.9672630276674254,1.0,0.9729133406963703,0.9680991302292073,0.9613060160411458,0.9708587271767526,0.9678182576330323
1,7,2.1805896972164964,0.2132949364050876,4167,2.2855893884386336,0.16806722689075632,833,2.284685946718047,0.1695,0.9875950395073503,0.08335609213894532,,,1.0,,1.0,0.0,0.8673971158449166,0.1477397029850365,10,0.025,0.15,0.9616586188525734,0.9721940734578476,0.9735707974244685,0.9615574904059737,0.9690418668010533,0.9733559514075535,0.9729133406963703,1.0,0.9739978090039623,0.9686639060257375,0.9730409875579416,0.9724454701702469
1,8,2.1864639152180065,0.20664906385021603,4166,2.2844274384634837,0.1716686674669868,833,2.2846665472923955,0.1692,0.9857337359383865,0.0834937302850988,,,1.0,,1.0,0.0,0.868049540457158,0.1477397029850365,10,0.025,0.15,0.9630736193265819,0.9666092097893417,0.9729786688527563,0.9566511261439737,0.9670270910262528,0.9706162680856683,0.9680991302292073,0.9739978090039623,1.0,0.967683825894128,0.9761267505047986,0.9674797297003017
1,9,2.1709740920500322,0.21188190110417668,4166,2.2902191366468156,0.14405762304921968,833,2.284785886354084,0.1693,0.983110282865613,0.08298944599313007,,,1.0,,1.0,0.0,0.8648152717614909,0.1477397029850365,10,0.025,0.15,0.9605107321436452,0.9628895398592056,0.9686541849955834,0.9550796322519396,0.9674479207472237,0.9709847983602744,0.9613060160411458,0.9686639060257375,0.967683825894128,1.0,0.9688794666843425,0.9675093881368678
1,10,2.18160723881288,0.20134421507441191,4166,2.2845596926552907,0.16566626650660263,833,2.2846665261666987,0.1692,0.9889113865302123,0.08360376349136261,,,1.0,,1.0,0.0,0.8680566031888031,0.1477397029850365,10,0.025,0.15,0.9664658457319619,0.9667875587362735,0.976262500459705,0.9687329970181457,0.9709706378339823,0.9750534815599279,0.9708587271767526,0.9730409875579416,0.9761267505047986,0.9688794666843425,1.0,0.9747572901597061
1,11,2.1827852606773375,0.19872779644743158,4166,2.28692398752485,0.15486194477791115,833,2.2846619781059556,0.1692,0.9872455258734881,0.08375443988471086,,,1.0,,1.0,0.0,0.8679166911844651,0.1477397029850365,10,0.025,0.15,0.9669012525780384,0.9710504919472057,0.9703480718020994,0.9642691726304807,0.9718918538822937,0.9736761601600215,0.9678182576330323,0.9724454701702469,0.9674797297003017,0.9675093881368678,0.9747572901597061,1.0
2,0,2.100450267575004,0.23081353491720663,4167,2.2660302434648787,0.1750599520383693,834,2.2670787316334398,0.1914,0.9799287889894073,0.08300537508726921,,,1.0,,1.0,0.0,0.9598618211315655,0.14757215707184887,10,0.025,0.15,1.0,0.9649652972279613,0.9623903246515858,0.9612334669162004,0.9623666545636048,0.9612761862230653,0.9497523279238655,0.9597516915040573,0.9638871691382558,0.9600287199877968,0.962629215428085,0.9606241480594249
2,1,2.10682687217539,0.23462922966162708,4167,2.2687740325927734,0.19544364508393286,834,2.2669627877730356,0.1917,0.9843114868419447,0.08347281134608206,,,1.0,,1.0,0.0,0.9598618211315655,0.14757215707184887,10,0.025,0.15,0.9649652972279613,1.0,0.961176735001779,0.9597976355424285,0.9666206901026487,0.9720818506295956,0.9610895577322303,0.970928369418132,0.966755529082956,0.9626121072627687,0.9646165053208312,0.9697512956040328
2,2,2.099344515800476,0.24252459803215742,4167,2.265810285295759,0.19304556354916066,834,2.266961046412021,0.1917,0.9841907458047545,0.08356973806651133,,,1.0,,1.0,0.0,0.9598618211315655,0.14757215707184887,10,0.025,0.15,0.9623903246515858,0.961176735001779,1.0,0.9580697078748369,0.9683157431594119,0.965567461735033,0.9607677024169307,0.9710234365879428,0.9656156713662389,0.9676854017194818,0.9701594330183932,0.9681296094210602
2,3,2.1069721315846297,0.2338132949364051,4167,2.266848223549979,0.1906474820143885,834,2.2671731121932406,0.191,0.979946998773279,0.08289474613954506,,,1.0,,1.0,0.0,0.9598618211315655,0.14757215707184887,10,0.025,0.15,0.9612334669162004,0.9597976355424285,0.9580697078748369,1.0,0.9626906307409587,0.9633322373692917,0.9556439017569623,0.9642996712345193,0.9558161096561819,0.9574836703681752,0.96821705502573,0.9626436458159637
2,4,2.087357838948568,0.24365250779937606,4167,2.2646703038896834,0.2064825930372149,833,2.2670434185221224,0.1914,0.9848652324550614,0.08328554973243504,,,1.0,,1.0,0.0,0.9598618211315655,0.14757215707184887,10,0.025,0.15,0.9623666545636048,0.9666206901026487,0.9683157431594119,0.9626906307409587,1.0,0.970529304358916,0.9591880149823689,0.9664821834441181,0.9650962801053506,0.9661564083015316,0.9690725577163208,0.9705212372250364
2,5,2.0982863429820897,0.2378449724022078,4167,2.2633975573948453,0.19447779111644659,833,2.2669703749161734,0.1917,0.9857963165301418,0.08350070942345596,,,1.0,,1.0,0.0,0.9598618211315655,0.14757215707184887,10,0.025,0.15,0.9612761862230653,0.9720818506295956,0.965567461735033,0.9633322373692917,0.970529304358916,1.0,0.9604561741103176,0.9693466213265532,0.9674740648021334,0.9677310639510989,0.9689290951985217,0.9712028861695697
2,6,2.083270693547798,0.24288456923446125,4167,2.262784685407366,0.21608643457382953,833,2.267071524752846,0.1914,0.979649207271115,0.08301863993336055,,,1.0,,1.0,0.0,0.9598618211315655,0.14757215707184887,10,0.025,0.15,0.9497523279238655,0.9610895577322303,0.9607677024169307,0.9556439017569623,0.9591880149823689,0.9604561741103176,1.0,0.9692437292072468,0.9618182030776495,0.9562933637334986,0.9663248521859535,0.9649358976925932
2,7,2.100658563411597,0.24814014878809695,4167,2.2677631037575856,0.19207683073229292,833,2.266995070855829,0.1917,0.9867730772260432,0.08344365683045302,,,1.0,,1.0,0.0,0.9598618211315655,0.14757215707184887,10,0.025,0.15,0.9597516915040573,0.970928369418132,0.9710234365879428,0.9642996712345193,0.9664821834441181,0.9693466213265532,0.9692437292072468,1.0,0.9708403084778972,0.9651778313528547,0.97026889200194,0.9721256939203545
2,8,2.1092318820230886,0.2386461833893423,4166,2.2668322154453824,0.19447779111644659,833,2.26696611959723,0.1917,0.9844262336480487,0.08345236565214213,,,1.0,,1.0,0.0,0.9598618211315655,0.14757215707184887,10,0.025,0.15,0.9638871691382558,0.966755529082956,0.9656156713662389,0.9558161096561819,0.9650962801053506,0.9674740648021334,0.9618182030776495,0.9708403084778972,1.0,0.9650378660712029,0.9707824511069724,0.9685995531334011
2,9,2.0874221129850907,0.24311089774363898,4166,2.2745550019400462,0.16686674669867949,833,2.26714138441448,0.1911,0.9824721765659398,0.08307790686520282,,,1.0,,1.0,0.0,0.9598618211315655,0.14757215707184887,10,0.025,0.15,0.9600287199877968,0.9626121072627687,0.9676854017194818,0.9574836703681752,0.9661564083015316,0.9677310639510989,0.9562933637334986,0.9651778313528547,0.9650378660712029,1.0,0.9645083524323939,0.9661628161731505
2,10,2.1063534306757377,0.23665386461833893,4166,2.266460827418736,0.19447779111644659,833,2.2669660411303556,0.1917,0.9866918222167608,0.08359377525859168,,,1.0,,1.0,0.0,0.9598618211315655,0.14757215707184887,10,0.025,0.15,0.962629215428085,0.9646165053208312,0.9701594330183932,0.96821705502573,0.9690725577163208,0.9689290951985217,0.9663248521859535,0.97026889200194,0.9707824511069724,0.9645083524323939,1.0,0.9729742776109506
2,11,2.1083802136507903,0.23665386461833893,4166,2.2700487886156355,0.17767106842737096,833,2.2669610101965407,0.1917,0.9866307601162039,0.08368472566495101,,,1.0,,1.0,0.0,0.9598618211315655,0.14757215707184887,10,0.025,0.15,0.9606241480594249,0.9697512956040328,0.9681296094210602,0.9626436458159637,0.9705212372250364,0.9712028861695697,0.9649358976925932,0.9721256939203545,0.9685995531334011,0.9661628161731505,0.9729742776109506,1.0
3,0,2.0424389824722753,0.25754739620830336,4167,2.242053713117327,0.21342925659472423,834,2.2438822939426086,0.218,0.9770557472165435,0.08300370231486974,,,1.0,,1.0,0.0,0.9796723109137081,0.14714619736357384,10,0.025,0.15,1.0,0.9585216965826795,0.9584852999843486,0.9565281167525678,0.9563614564597185,0.9552408563233264,0.9419429425964594,0.9548677149028568,0.95553432302501,0.9569003709930974,0.9555133821817835,0.9518441523450584
3,1,2.0470050219333533,0.2607391408687305,4167,2.245448657444545,0.22661870503597123,834,2.243714764148374,0.2183,0.9810199833982556,0.0834211495495589,,,1.0,,1.0,0.0,0.9796723109137081,0.14714619736357384,10,0.025,0.15,0.9585216965826795,1.0,0.9564981226445165,0.9508998578289559,0.9600916681729003,0.9661535805794903,0.9527159283212587,0.9649961703144645,0.9598345154513989,0.9592508524568737,0.9579243582341339,0.9612241668584115
3,2,2.039426615382686,0.26849052075833935,4167,2.240807976041521,0.22541966426858512,834,2.2437121204183073,0.2184,0.9813383676331725,0.08349134385055303,,,1.0,,1.0,0.0,0.9796723109137081,0.14714619736357384,10,0.025,0.15,0.9584852999843486,0.9564981226445165,1.0,0.952272817157505,0.962580603321577,0.9608417276088269,0.9520959740440862,0.9648959902611566,0.9579971870830218,0.9606580037558268,0.9629094606322668,0.9625756843981278
3,3,2.0511818585973796,0.25793136549076073,4167,2.2438932486942837,0.20743405275779375,834,2.244010514850858,0.2171,0.9774111084477586,0.0829469425756717,,,1.0,,1.0,0.0,0.9796723109137081,0.14714619736357384,10,0.025,0.15,0.9565281167525678,0.9508998578289559,0.952272817157505,1.0,0.9564462384159271,0.9577573954507476,0.9470490445375392,0.9605876842832456,0.9512095367827745,0.9548762689693489,0.961880455276411,0.9564714614004418
3,4,2.030231746037801,0.26681065514758817,4167,2.2414391040802,0.23169267707082833,833,2.243832337705395,0.218,0.9818879510791818,0.08333373122325796,,,1.0,,1.0,0.0,0.9796723109137081,0.14714619736357384,10,0.025,0.15,0.9563614564597185,0.9600916681729003,0.962580603321577,0.9564462384159271,1.0,0.9653475710358288,0.9527189884296039,0.9610952832525834,0.9576998712626588,0.9605931381091345,0.9620548490619706,0.9634235909951296
3,5,2.0387946316690155,0.26373890088792895,4167,2.2393765108925954,0.22328931572629052,833,2.243725142901457,0.218,0.9832313076275407,0.08351023774996234,,,1.0,,1.0,0.0,0.9796723109137081,0.14714619736357384,10,0.025,0.15,0.9552408563233264,0.9661535805794903,0.9608417276088269,0.9577573954507476,0.9653475710358288,1.0,0.9524628755925767,0.9633619030778052,0.9611489217107424,0.9646782500816438,0.9631825103643302,0.9639569101627364
3,6,2.025041968533487,0.2683465322774178,4167,2.2393867288317,0.23649459783913565,833,2.243872899043409,0.218,0.9758227120932489,0.08297182218492063,,,1.0,,1.0,0.0,0.9796723109137081,0.14714619736357384,10,0.025,0.15,0.9419429425964594,0.9527159283212587,0.9520959740440862,0.9470490445375392,0.9527189884296039,0.9524628755925767,1.0,0.9618744491105792,0.9558246285285732,0.9507018680785778,0.96096570713897,0.9587702599327209
3,7,2.035779257254167,0.2712502999760019,4167,2.243969338280814,0.22809123649459784,833,2.2437621702121784,0.218,0.984432482967808,0.08351404567742005,,,1.0,,1.0,0.0,0.9796723109137081,0.14714619736357384,10,0.025,0.15,0.9548677149028568,0.9649961703144645,0.9648959902611566,0.9605876842832456,0.9610952832525834,0.9633619030778052,0.9618744491105792,1.0,0.9639273502290975,0.9612132429228298,0.9655503543811922,0.9659339542162522
3,8,2.048716773770072,0.2628660585693711,4166,2.2437310559409007,0.2028811524609844,833,2.243718108044395,0.218,0.9811967736333691,0.08341427054896658,,,1.0,,1.0,0.0,0.9796723109137081,0.14714619736357384,10,0.025,0.15,0.95553432302501,0.9598345154513989,0.9579971870830218,0.9512095367827745,0.9576998712626588,0.9611489217107424,0.9558246285285732,0.9639273502290975,1.0,0.9598983575382893,0.963164962434959,0.9639438332273269
3,9,2.0250346729249666,0.2698511761881901,4166,2.2538832255772183,0.19327731092436976,833,2.243965474865105,0.2171,0.9811288356480885,0.08318085234160756,,,1.0,,1.0,0.0,0.9796723109137081,0.14714619736357384,10,0.025,0.15,0.9569003709930974,0.9592508524568737,0.9606580037558268,0.9548762689693489,0.9605931381091345,0.9646782500816438,0.9507018680785778,0.9612132429228298,0.9598983575382893,1.0,0.9587711963821534,0.9620410656580158
3,10,2.045819918675856,0.2619299087854057,4166,2.2427962166922435,0.21968787515006002,833,2.243717899805383,0.218,0.9836142636168255,0.08358014655841588,,,1.0,,1.0,0.0,0.9796723109137081,0.14714619736357384,10,0.025,0.15,0.9555133821817835,0.9579243582341339,0.9629094606322668,0.961880455276411,0.9620548490619706,0.9631825103643302,0.96096570713897,0.9655503543811922,0.963164962434959,0.9587711963821534,1.0,0.9667076096340247
3,11,2.0500063278458334,0.2630820931349016,4166,2.2480409485953197,0.20888355342136855,833,2.243712060059173,0.2184,0.9834742940023051,0.08363175542479566,,,1.0,,1.0,0.0,0.9796723109137081,0.14714619736357384,10,0.025,0.15,0.9518441523450584,0.9612241668584115,0.9625756843981278,0.9564714614004418,0.9634235909951296,0.9639569101627364,0.9587702599327209,0.9659339542162522,0.9639438332273269,0.9620410656580158,0.9667076096340247,1.0
4,0,1.996299079692725,0.27739380849532036,4167,2.212728296007429,0.23621103117505995,834,2.215605491324316,0.2528,0.9744769157210662,0.08300897585866383,,,1.0,,1.0,0.0,0.9862383030416407,0.14672848066520322,10,0.025,0.15,1.0,0.9503193825511459,0.9528689274601461,0.9523835395999195,0.9468927575652297,0.9511652034686132,0.9363644989390214,0.9494011706255707,0.9525105556452793,0.9539122385314258,0.948396734395467,0.9446380425496872
4,1,1.9990876869721845,0.27705783537317014,4167,2.2168802533830916,0.26618705035971224,834,2.2153719437273245,0.253,0.9780179184756538,0.08338220840987537,,,1.0,,1.0,0.0,0.9862383030416407,0.14672848066520322,10,0.025,0.15,0.9503193825511459,1.0,0.9495164083670611,0.9468517971197619,0.9539725873202274,0.9595758254222724,0.9475890152772164,0.9593018415278945,0.9528192438587084,0.9534887842233846,0.9512599498049671,0.9554165158277852
4,2,1.9894695614323472,0.28804895608351333,4167,2.210665328162057,0.26139088729016785,834,2.215368053581141,0.2527,0.9779173276504003,0.08342232463422584,,,1.0,,1.0,0.0,0.9862383030416407,0.14672848066520322,10,0.025,0.15,0.9528689274601461,0.9495164083670611,1.0,0.9485014982632771,0.9526253150040145,0.954638747401546,0.9449340350296086,0.9586745812267607,0.9525949694953333,0.9541399356553558,0.9550348311973808,0.9553672842061278
4,3,2.0060567751075284,0.28012958963282936,4167,2.215714761189052,0.24940047961630696,834,2.2157731810702552,0.252,0.9761005203872947,0.08302671175274733,,,1.0,,1.0,0.0,0.9862383030416407,0.14672848066520322,10,0.025,0.15,0.9523835395999195,0.9468517971197619,0.9485014982632771,1.0,0.9482630769876282,0.9545462560893512,0.9429876226101406,0.9560028071603541,0.9486584560364705,0.9524811495299657,0.9564267582649164,0.9508152334162264
4,4,1.9817185618660667,0.28620110391168707,4167,2.2131503990718295,0.25690276110444177,833,2.2155370893357675,0.2528,0.9777944107735865,0.08332090178352815,,,1.0,,1.0,0.0,0.9862383030416407,0.14672848066520322,10,0.025,0.15,0.9468927575652297,0.9539725873202274,0.9526253150040145,0.9482630769876282,1.0,0.9581580129659857,0.9472364087666378,0.9531441206133252,0.9507763119940568,0.9556816508059113,0.9538480506895417,0.9569325759047471
4,5,1.994942995634946,0.28118550515958723,4167,2.2099962575095042,0.2689075630252101,833,2.2153868282897564,0.2531,0.9807173214054354,0.08352509502759316,,,1.0,,1.0,0.0,0.9862383030416407,0.14672848066520322,10,0.025,0.15,0.9511652034686132,0.9595758254222724,0.954638747401546,0.9545462560893512,0.9581580129659857,1.0,0.9456631818016313,0.95760799652393,0.9565516652201732,0.96094930247058,0.9562319219996466,0.956681742637491
4,6,1.9757351709134652,0.288648908087353,4167,2.210985013416835,0.2773109243697479,833,2.21559314184551,0.2528,0.9731816378879791,0.08294713099665475,,,1.0,,1.0,0.0,0.9862383030416407,0.14672848066520322,10,0.025,0.15,0.9363644989390214,0.9475890152772164,0.9449340350296086,0.9429876226101406,0.9472364087666378,0.9456631818016313,1.0,0.9559020450068001,0.9507859750029607,0.9450751893804069,0.9552616066404636,0.9517850054186988
4,7,1.9863105777538184,0.2947444204463643,4167,2.2148286955697194,0.25930372148859543,833,2.2154417852812176,0.2527,0.9818056559632152,0.08356285536602163,,,1.0,,1.0,0.0,0.9862383030416407,0.14672848066520322,10,0.025,0.15,0.9494011706255707,0.9593018415278945,0.9586745812267607,0.9560028071603541,0.9531441206133252,0.95760799652393,0.9559020450068001,1.0,0.9598393612043359,0.9557411766204819,0.9595898801845826,0.9593427696621943
4,8,1.99777657660571,0.28214114258281325,4166,2.215529271534511,0.23529411764705882,833,2.215375978735429,0.253,0.9792778525651136,0.0834189455233939,,,1.0,,1.0,0.0,0.9862383030416407,0.14672848066520322,10,0.025,0.15,0.9525105556452793,0.9528192438587084,0.9525949694953333,0.9486584560364705,0.9507763119940568,0.9565516652201732,0.9507859750029607,0.9598393612043359,1.0,0.9552093602617057,0.9582103326168034,0.9569558630579713
4,9,1.9749204902937918,0.2887181949111858,4166,2.228607279913766,0.21968787515006002,833,2.2157128219363056,0.252,0.9790122534252357,0.08326602363195745,,,1.0,,1.0,0.0,0.9862383030416407,0.14672848066520322,10,0.025,0.15,0.9539122385314258,0.9534887842233846,0.9541399356553558,0.9524811495299657,0.9556816508059113,0.96094930247058,0.9450751893804069,0.9557411766204819,0.9552093602617057,1.0,0.9516510256896862,0.9536158421183031
4,10,1.9991367213653795,0.2785405664906385,4166,2.2141590459006175,0.2653061224489796,833,2.2153755411317078,0.253,0.9801358926025416,0.08354939177678039,,,1.0,,1.0,0.0,0.9862383030416407,0.14672848066520322,10,0.025,0.15,0.948396734395467,0.9512599498049671,0.9550348311973808,0.9564267582649164,0.9538480506895417,0.9562319219996466,0.9552616066404636,0.9595898801845826,0.9582103326168034,0.9516510256896862,1.0,0.9590132462300237
4,11,2.001883399847782,0.28094095055208834,4166,2.221201079232352,0.23769507803121248,833,2.2153680234015742,0.2527,0.979771424261161,0.08356943523855812,,,1.0,,1.0,0.0,0.9862383030416407,0.14672848066520322,10,0.025,0.15,0.9446380425496872,0.9554165158277852,0.9553672842061278,0.9508152334162264,0.9569325759047471,0.956681742637491,0.9517850054186988,0.9593427696621943,0.9569558630579713,0.9536158421183031,0.9590132462300237,1.0
5,0,1.9576673381256335,0.29349652027837775,4167,2.179022857121059,0.26139088729016785,834,2.183173221877859,0.2764,0.9733202543953889,0.08305462603845146,,,1.0,,1.0,0.0,0.9887850247560335,0.14635825301478675,10,0.025,0.15,1.0,0.9471011562958195,0.9486092542565032,0.9488942999622847,0.9431372490059224,0.9470036792387265,0.9325349985850577,0.9469064440632774,0.9464533443255159,0.9494583869723204,0.9436880822027193,0.9426567511296468
5,1,1.9588450121157097,0.2938804895608351,4167,2.184199571609497,0.2829736211031175,834,2.1828648470625094,0.2768,0.9755636810176225,0.0833586075583288,,,1.0,,1.0,0.0,0.9887850247560335,0.14635825301478675,10,0.025,0.15,0.9471011562958195,1.0,0.9407458441052294,0.9432850627596355,0.9485925632095394,0.9555626753237054,0.9401291700919036,0.9544001175135477,0.9472158637194064,0.9473620300825686,0.947555448852254,0.9504730884472422
5,2,1.946381730744333,0.3067914566834653,4167,2.176297051565988,0.29256594724220625,834,2.1828591883937016,0.2768,0.974554798891683,0.08335057482772545,,,1.0,,1.0,0.0,0.9887850247560335,0.14635825301478675,10,0.025,0.15,0.9486092542565032,0.9407458441052294,1.0,0.9418838190039512,0.9461223838697157,0.9479349002250955,0.9404185629757408,0.9526376445706339,0.9467894425643154,0.947514594500704,0.9473825277461754,0.9505676982766688
5,3,1.9661818825837338,0.29421646268298535,4167,2.1832587718963623,0.27577937649880097,834,2.183387949496885,0.2762,0.9741301495666661,0.08309197314580101,,,1.0,,1.0,0.0,0.9887850247560335,0.14635825301478675,10,0.025,0.15,0.9488942999622847,0.9432850627596355,0.9418838190039512,1.0,0.9444714426535513,0.9503131793730891,0.936891719666489,0.9522081117553154,0.9450112892496609,0.9467838154936994,0.9506143914443288,0.945539210177744
5,4,1.9417381665923379,0.30254379649628027,4167,2.180680513381958,0.26770708283313327,833,2.183083365235148,0.2767,0.9752357046986302,0.08330999568711328,,,1.0,,1.0,0.0,0.9887850247560335,0.14635825301478675,10,0.025,0.15,0.9431372490059224,0.9485925632095394,0.9461223838697157,0.9444714426535513,1.0,0.9524692403240168,0.9408884721446181,0.9477014727040763,0.9449069211567681,0.9495199515260254,0.9491503291229765,0.951669524040452
5,5,1.9559236046039696,0.2967602591792657,4167,2.175976208278111,0.2893157262905162,833,2.1828862232497976,0.2767,0.9779498057537465,0.08352471644833578,,,1.0,,1.0,0.0,0.9887850247560335,0.14635825301478675,10,0.025,0.15,0.9470036792387265,0.9555626753237054,0.9479349002250955,0.9503131793730891,0.9524692403240168,1.0,0.9389014301297567,0.9532010166925133,0.9511707127227358,0.954023156554485,0.9486737089978857,0.9510442480262564
5,6,1.936803689147487,0.3041276697864171,4167,2.1785756519862582,0.290516206482593,833,2.1831574379643306,0.2765,0.9704489256713138,0.08292285898019681,,,1.0,,1.0,0.0,0.9887850247560335,0.14635825301478675,10,0.025,0.15,0.9325349985850577,0.9401291700919036,0.9404185629757408,0.936891719666489,0.9408884721446181,0.9389014301297567,1.0,0.9513586640174899,0.946188622294461,0.9381763709228684,0.9516569426462479,0.9456660373987239
5,7,1.9408942052812288,0.3089992800575954,4167,2.181516068322318,0.2857142857142857,833,2.1829629457449613,0.2767,0.9798517153175418,0.08361001361267131,,,1.0,,1.0,0.0,0.9887850247560335,0.14635825301478675,10,0.025,0.15,0.9469064440632774,0.9544001175135477,0.9526376445706339,0.9522081117553154,0.9477014727040763,0.9532010166925133,0.9513586640174899,1.0,0.9550880568048263,0.9499811998779643,0.9538156138271116,0.9552738807173756
5,8,1.956187000057914,0.29611137782045127,4166,2.183042458125523,0.2605042016806723,833,2.182870726042156,0.2766,0.9767378026351959,0.0834195718203477,,,1.0,,1.0,0.0,0.9887850247560335,0.14635825301478675,10,0.025,0.15,0.9464533443255159,0.9472158637194064,0.9467894425643154,0.9450112892496609,0.9449069211567681,0.9511707127227358,0.946188622294461,0.9550880568048263,1.0,0.9479276567343149,0.9533505333492096,0.9520587637369232
5,9,1.9339744824351686,0.3018002880460874,4166,2.199214833123343,0.25690276110444177,833,2.1833094765868366,0.2761,0.9756342951441178,0.08328902128388516,,,1.0,,1.0,0.0,0.9887850247560335,0.14635825301478675,10,0.025,0.15,0.9494583869723204,0.9473620300825686,0.947514594500704,0.9467838154936994,0.9495199515260254,0.954023156554485,0.9381763709228684,0.9499811998779643,0.9479276567343149,1.0,0.9455265669858183,0.9470852266930402
5,10,1.9555595596631368,0.29445511281805087,4166,2.181769609451294,0.28331332533013204,833,2.1828701888458637,0.2767,0.9775538540211529,0.0835268554750147,,,1.0,,1.0,0.0,0.9887850247560335,0.14635825301478675,10,0.025,0.15,0.9436880822027193,0.947555448852254,0.9473825277461754,0.9506143914443288,0.9491503291229765,0.9486737089978857,0.9516569426462479,0.9538156138271116,0.9533505333492096,0.9455265669858183,1.0,0.9542649577369984
5,11,1.9597133712335066,0.29899183869419105,4166,2.1904257025037492,0.27010804321728693,833,2.182859221591225,0.2768,0.9776130715635937,0.08354118512212837,,,1.0,,1.0,0.0,0.9887850247560335,0.14635825301478675,10,0.025,0.15,0.9426567511296468,0.9504730884472422,0.9505676982766688,0.945539210177744,0.951669524040452,0.9510442480262564,0.9456660373987239,0.9552738807173756,0.9520587637369232,0.9470852266930402,0.9542649577369984,1.0
6,0,1.9245421514366612,0.3062634989200864,4167,2.141869238444737,0.28776978417266186,834,2.1473453256148325,0.2973,0.9709586532397118,0.08308519340835739,,,1.0,,1.0,0.0,0.9905406937691168,0.14599218915657405,10,0.025,0.15,1.0,0.9406399977986125,0.9437161448069616,0.9441625822561949,0.938175212314253,0.9403255337669113,0.9285740707885312,0.9438276609441589,0.9425927555202394,0.942818551232725,0.9390608850807108,0.9364483347749224
6,1,1.9221770481629805,0.30791936645068396,4167,2.147963455745152,0.302158273381295,834,2.1469568300850783,0.2974,0.9728581641450914,0.08333536720146138,,,1.0,,1.0,0.0,0.9905406937691168,0.14599218915657405,10,0.025,0.15,0.9406399977986125,1.0,0.9363418205239409,0.9389189895032846,0.9429005773811793,0.9485402578759403,0.9352380708746122,0.9511739938769215,0.941407901907948,0.9409689003681381,0.9417965924037359,0.9443346451325486
6,2,1.910072760509722,0.3197264218862491,4167,2.1385549136570523,0.3105515587529976,834,2.146949692617489,0.2974,0.9717778167114928,0.08329517825177837,,,1.0,,1.0,0.0,0.9905406937691168,0.14599218915657405,10,0.025,0.15,0.9437161448069616,0.9363418205239409,1.0,0.9363342374224771,0.9402203450612021,0.9422287422506732,0.9352487520949808,0.9487884276992313,0.9433382100319,0.9394466656633867,0.940315015954064,0.9436984763966632
6,3,1.929217739538713,0.3090952723782097,4167,2.146782534463065,0.2997601918465228,834,2.147613576695889,0.296,0.972706196630096,0.0831652844629539,,,1.0,,1.0,0.0,0.9905406937691168,0.14599218915657405,10,0.025,0.15,0.9441625822561949,0.9389189895032846,0.9363342374224771,1.0,0.9386920136685939,0.9458322829810156,0.9353679775575595,0.9499032733972084,0.9408420116806349,0.9413704070955708,0.9476272621742382,0.9416469021352709
6,4,1.904791933478731,0.314086873050156,4167,2.1446103027888705,0.3025210084033613,833,2.1472318866584876,0.2976,0.9722430401091972,0.08328521126566381,,,1.0,,1.0,0.0,0.9905406937691168,0.14599218915657405,10,0.025,0.15,0.938175212314253,0.9429005773811793,0.9402203450612021,0.9386920136685939,1.0,0.944926804213638,0.9367850573214218,0.9427714499844383,0.9390530135578775,0.9410430398295218,0.9451512833116821,0.9454180914710526
6,5,1.917168341622208,0.3095272378209743,4167,2.138305970600673,0.31452581032412963,833,2.146986173678048,0.2972,0.9751858910419793,0.08351411292616667,,,1.0,,1.0,0.0,0.9905406937691168,0.14599218915657405,10,0.025,0.15,0.9403255337669113,0.9485402578759403,0.9422287422506732,0.9458322829810156,0.944926804213638,1.0,0.9345965321189679,0.9492984623405645,0.9457778656125776,0.94847671428025,0.9448493846344269,0.9445063247149962
6,6,1.8978790904536391,0.31999040076793855,4167,2.1428663390023366,0.3133253301320528,833,2.1473259020455275,0.2974,0.9687070309269267,0.08293019656674387,,,1.0,,1.0,0.0,0.9905406937691168,0.14599218915657405,10,0.025,0.15,0.9285740707885312,0.9352380708746122,0.9352487520949808,0.9353679775575595,0.9367850573214218,0.9345965321189679,1.0,0.9465885504667951,0.9412829020938368,0.9317968372230139,0.9473288607720526,0.9412952371929254
6,7,1.8983133984334541,0.32279817614590833,4167,2.144782747541155,0.30012004801920766,833,2.1470871695989295,0.2974,0.978505880379672,0.08367515420065831,,,1.0,,1.0,0.0,0.9905406937691168,0.14599218915657405,10,0.025,0.15,0.9438276609441589,0.9511739938769215,0.9487884276992313,0.9499032733972084,0.9427714499844383,0.9492984623405645,0.9465885504667951,1.0,0.9515225719681445,0.9443289731394315,0.9495063160926392,0.9504188335424547
6,8,1.9192110083319924,0.3087614018242919,4166,2.1471756185804094,0.2809123649459784,833,2.1469661978226675,0.2973,0.9745826731889448,0.0834293337822124,,,1.0,,1.0,0.0,0.9905406937691168,0.14599218915657405,10,0.025,0.15,0.9425927555202394,0.941407901907948,0.9433382100319,0.9408420116806349,0.9390530135578775,0.9457778656125776,0.9412829020938368,0.9515225719681445,1.0,0.9422115659221059,0.9482269303316067,0.9461301310103035
6,9,1.9001896757068055,0.3126980316850696,4166,2.1666810512542725,0.2725090036014406,833,2.1475143643874155,0.2969,0.9719404433456272,0.08326235839232425,,,1.0,,1.0,0.0,0.9905406937691168,0.14599218915657405,10,0.025,0.15,0.942818551232725,0.9409689003681381,0.9394466656633867,0.9413704070955708,0.9410430398295218,0.94847671428025,0.9317968372230139,0.9443289731394315,0.9422115659221059,1.0,0.9402416626166584,0.938924737088606
6,10,1.9178086692636662,0.3077772443590975,4166,2.146211794444493,0.2965186074429772,833,2.1469654101359694,0.2973,0.9754031096791016,0.08352251794340979,,,1.0,,1.0,0.0,0.9905406937691168,0.14599218915657405,10,0.025,0.15,0.9390608850807108,0.9417965924037359,0.940315015954064,0.9476272621742382,0.9451512833116821,0.9448493846344269,0.9473288607720526,0.9495063160926392,0.9482269303316067,0.9402416626166584,1.0,0.9478405437770315
6,11,1.9246274052244243,0.3113298127700432,4166,2.1566240787506104,0.28811524609843936,833,2.146949771084363,0.2973,0.9744428215506273,0.0835000915982697,,,1.0,,1.0,0.0,0.9905406937691168,0.14599218915657405,10,0.025,0.15,0.9364483347749224,0.9443346451325486,0.9436984763966632,0.9416469021352709,0.9454180914710526,0.9445063247149962,0.9412952371929254,0.9504188335424547,0.9461301310103035,0.938924737088606,0.9478405437770315,1.0
7,0,1.887170109243104,0.3179985601151908,4167,2.1012489795684814,0.290167865707434,834,2.108402119407171,0.3089,0.9692866051773185,0.08312331025190411,,,1.0,,1.0,0.0,0.9921714121359096,0.14565212805982283,10,0.025,0.15,1.0,0.9336756336587858,0.9384263908199827,0.9401100147700734,0.933787247125687,0.9372031907274408,0.9282968331177909,0.9396066498166822,0.9383578210025403,0.9361928987329254,0.9344118216994338,0.9343721805372449
7,1,1.8832856066299208,0.31780657547396207,4167,2.10858348437718,0.30815347721822545,834,2.107935036285014,0.3089,0.9699259804677796,0.08329924190712175,,,1.0,,1.0,0.0,0.9921714121359096,0.14565212805982283,10,0.025,0.15,0.9336756336587858,1.0,0.9290062836595245,0.9347003894907732,0.939138044436121,0.9461562251081508,0.9327323727293692,0.9435593100437772,0.9335698414569684,0.9335116825455958,0.9365504418261993,0.9390541528001782
7,2,1.8718565005244632,0.33412526997840175,4167,2.0980944633483887,0.31414868105515587,834,2.107926205743717,0.3089,0.9684874666166328,0.08322740008210464,,,1.0,,1.0,0.0,0.9921714121359096,0.14565212805982283,10,0.025,0.15,0.9384263908199827,0.9290062836595245,1.0,0.930577498455348,0.934694994796431,0.9391366720865364,0.932392349546036,0.9424572155366763,0.9345464025530015,0.9318250492055098,0.9337638410850004,0.9381270990598801
7,3,1.8932299162402297,0.31963042956563475,4167,2.1069802897317067,0.3237410071942446,834,2.1087232903589177,0.309,0.9711590286980112,0.0832340417149095,,,1.0,,1.0,0.0,0.9921714121359096,0.14565212805982283,10,0.025,0.15,0.9401100147700734,0.9347003894907732,0.930577498455348,1.0,0.9338347296197175,0.9424780832087951,0.933577615352439,0.9457391640172796,0.936886949823056,0.9365420259093935,0.9433818295292493,0.9383316801985624
7,4,1.867103220838489,0.3263978881689465,4167,2.1054466111319408,0.31452581032412963,833,2.108266030685811,0.3091,0.9699954998111101,0.08327042029296389,,,1.0,,1.0,0.0,0.9921714121359096,0.14565212805982283,10,0.025,0.15,0.933787247125687,0.939138044436121,0.934694994796431,0.9338347296197175,1.0,0.941400513500218,0.933313459985447,0.935865005518384,0.9325151980643869,0.9370413218501976,0.9403918248473283,0.940557094222448
