round,client_id,client_i_training_loss,client_i_training_accuracy,client_i_training_dataset_size,client_i_evaluation_loss,client_i_evaluation_accuracy,client_i_evaluation_dataset_size,client_i_central_evaluation_loss,client_i_central_evaluation_accuracy,client_i_cosine_similarity,client_i_importance_coefficient,client_i_tanh_val,tanh_normalization_value,client_i_q,client_i_mask_order,client_i_v_nonzero_fraction,client_i_v_sparsity,client_i_v_cosine_similarity,client_i_reward_gradient_norm,local_epochs,learning_rate,gamma,client_0_cosine_similarity,client_1_cosine_similarity,client_2_cosine_similarity,client_3_cosine_similarity,client_4_cosine_similarity,client_5_cosine_similarity,client_6_cosine_similarity,client_7_cosine_similarity,client_8_cosine_similarity,client_9_cosine_similarity,client_10_cosine_similarity,client_11_cosine_similarity
0,0,2.2873273820588085,0.1302615790736741,4167,2.2950186729431152,0.10551558752997602,834,2.2976157876509653,0.1002,0.9812417243519121,0.08343838595055485,,,0.832375972243478,,0.8324173557128947,0.16758264428710534,0,0.14694374694571954,10,0.025,0.15,1.0,0.9598489453896157,0.9644603186626135,0.9525529348348026,0.9516624235181711,0.9324450483582858,0.9678155536290878,0.9644864458136068,0.962302008797181,0.9594638898043005,0.975168378294647,0.9492694469953559
0,1,2.282067286606991,0.16371490280777537,4167,2.300375189099993,0.08752997601918465,834,2.297614064397691,0.1002,0.9818179577851152,0.08348738507727764,,,0.8437801816557596,,0.8438216896898879,0.1561783103101121,0,0.14695331180250926,10,0.025,0.15,0.9598489453896157,1.0,0.9708195709521713,0.9453097857114586,0.9583633898829484,0.9462780281680552,0.9729577603505534,0.9538898356926659,0.9563989935170978,0.9580390873598587,0.9724353169574892,0.9519089054390029
0,2,2.2790982585964783,0.1525557955363571,4167,2.2962797028677806,0.1079136690647482,834,2.2976078262811974,0.1002,0.9855828377051633,0.0838075258703467,,,0.9182907472466197,,0.9183377069201697,0.0816622930798303,0,0.1469936578310663,10,0.025,0.15,0.9644603186626135,0.9708195709521713,1.0,0.959491505454841,0.9496951742678523,0.9499247281749037,0.9745542205840836,0.9605370042409025,0.9624171324337993,0.9660059391327162,0.9774573178693493,0.9551637765576682
0,3,2.2870115850910997,0.12469402447804176,4167,2.296117510114397,0.1091127098321343,834,2.297633611703221,0.1002,0.9768760660169707,0.08306715888586834,,,0.7459754286349688,,0.7460101335181792,0.25398986648182076,0,0.14680030243561773,10,0.025,0.15,0.9525529348348026,0.9453097857114586,0.959491505454841,1.0,0.9590287180827114,0.9441479953675816,0.9633975558426033,0.9457837284110017,0.9528609060671276,0.9656667876494441,0.9599658952085109,0.9399265513466448
0,4,2.2834384376352483,0.14094072474202063,4167,2.295869759150914,0.09243697478991597,833,2.297623694697513,0.1002,0.9791184887178107,0.08325783986297472,,,0.7903551133212285,,0.790389661830965,0.20961033816903496,0,0.1468869681843252,10,0.025,0.15,0.9516624235181711,0.9583633898829484,0.9496951742678523,0.9590287180827114,1.0,0.957415998496637,0.9528265012870715,0.945376858438701,0.9585867177169974,0.9729386093183648,0.9645871580235694,0.9440249769697523
0,5,2.285106421961929,0.15152387808975282,4167,2.2988156250544955,0.10324129651860744,833,2.2977062056336224,0.1001,0.9695001998464468,0.08243996341202901,,,0.6,,0.6000148536911423,0.39998514630885773,0,0.14624024236094885,10,0.025,0.15,0.9324450483582858,0.9462780281680552,0.9499247281749037,0.9441479953675816,0.957415998496637,1.0,0.940142833752235,0.92672044060574,0.9422693156472006,0.9536783622086057,0.9445831593840751,0.9637892826530855
0,6,2.2839750651157265,0.14758819294456443,4167,2.295152119227818,0.10444177671068428,833,2.2976095495344717,0.1002,0.9844618399170861,0.08371220354173999,,,0.8961051315060093,,0.8961479427637769,0.10385205723622315,0,0.14698749092008054,10,0.025,0.15,0.9678155536290878,0.9729577603505534,0.9745542205840836,0.9633975558426033,0.9528265012870715,0.940142833752235,1.0,0.957992523309191,0.9653058975357123,0.9664313720062426,0.9724359022494644,0.9434813904175373
0,7,2.2822840257124466,0.13306935445164386,4167,2.2979109287261963,0.10084033613445378,833,2.2976414070853703,0.1002,0.9756362139572187,0.08296172996645348,,,0.721437573462169,,0.7214932910828341,0.2785067089171659,0,0.14674376467473177,10,0.025,0.15,0.9644864458136068,0.9538898356926659,0.9605370042409025,0.9457837284110017,0.945376858438701,0.92672044060574,0.957992523309191,1.0,0.9697852850838882,0.9524842810320685,0.9636253231267923,0.9328711383746605
0,8,2.2836083029255723,0.13094095055208835,4166,2.300375359398978,0.09963985594237695,833,2.2976163489909114,0.1002,0.9810294817249837,0.0834203382241065,,,0.8281754881614454,,0.8282170619398921,0.17178293806010791,0,0.14693986019269514,10,0.025,0.15,0.962302008797181,0.9563989935170978,0.9624171324337993,0.9528609060671276,0.9585867177169974,0.9422693156472006,0.9653058975357123,0.9697852850838882,1.0,0.960159896238238,0.96479860368298,0.9420998523132553
0,9,2.279935949498957,0.13372539606337014,4166,2.2974347727639333,0.09603841536614646,833,2.2976093594031997,0.1002,0.9845666863199881,0.08372111899489872,,,0.8981801418506379,,0.8982109554224225,0.10178904457757754,0,0.1469880706040033,10,0.025,0.15,0.9594638898043005,0.9580390873598587,0.9660059391327162,0.9656667876494441,0.9729386093183648,0.9536783622086057,0.9664313720062426,0.9524842810320685,0.960159896238238,1.0,0.9764826898822788,0.9472321895284951
0,10,2.280805805957679,0.14231877100336054,4166,2.299746002469744,0.0936374549819928,833,2.297607382641563,0.1002,0.9887008911497158,0.08407266476554896,,,0.9799999997672568,,0.9800300374643098,0.019969962535690167,0,0.14700080704564422,10,0.025,0.15,0.975168378294647,0.9724353169574892,0.9774573178693493,0.9599658952085109,0.9645871580235694,0.9445831593840751,0.9724359022494644,0.9636253231267923,0.96479860368298,0.9764826898822788,1.0,0.955661163239295
0,11,2.2858921665133853,0.14803168506961115,4166,2.2985216208866666,0.10204081632653061,833,2.29767433299294,0.1001,0.9715431841202873,0.08261368544820129,,,0.6404326079369695,,0.6404664059018667,0.35953359409813335,0,0.1464595768075635,10,0.025,0.15,0.9492694469953559,0.9519089054390029,0.9551637765576682,0.9399265513466448,0.9440249769697523,0.9637892826530855,0.9434813904175373,0.9328711383746605,0.9420998523132553,0.9472321895284951,0.955661163239295,1.0
1,0,2.173835121501576,0.19966402687784976,4167,2.283558198383876,0.14628297362110312,834,2.2857845070995864,0.1355,0.9882749203174264,0.08339437205274398,,,0.8063967113833016,,0.8064316482645938,0.1935683517354062,0.8787833326361567,0.14815109689124178,10,0.025,0.15,1.0,0.9732298513565659,0.970775930781206,0.9714188233128807,0.9768746250244575,0.9783812447437957,0.9752042842591048,0.9750851275345865,0.9734005401164678,0.972632914970995,0.9775375059226927,0.9770670784022935
1,1,2.152260211019805,0.22164626829853612,4167,2.28851774760655,0.1223021582733813,834,2.285782074626488,0.1355,0.9872027545903701,0.08338979721927864,,,0.8046985951540814,,0.8047399778845044,0.19526002211549565,0.8787197815146235,0.14814974134613207,10,0.025,0.15,0.9732298513565659,1.0,0.9741487796291046,0.9678437799454855,0.9745543031838332,0.9744292873648317,0.9745763457604049,0.9741062309354602,0.972206331157346,0.97365953242545,0.9773272251713074,0.9726777820031661
1,2,2.1519522576621086,0.21480681545476363,4167,2.284708023071289,0.14628297362110312,834,2.2857570919809462,0.1356,0.9880417562738086,0.08361408534963384,,,0.8879513117967138,,0.8879866646861745,0.11201333531382551,0.8784813132784964,0.14823388924921135,10,0.025,0.15,0.970775930781206,0.9741487796291046,1.0,0.9762823714949843,0.9718052900362092,0.9778104085053946,0.9771546258737477,0.9709756375047598,0.9693260063472169,0.9783848841565346,0.9754907354844607,0.976525228520623
1,3,2.1754509369532267,0.2044636429085673,4167,2.284449202673776,0.14628297362110312,834,2.285820985142189,0.1328,0.9863245475130195,0.08310261902765145,,,0.6981019394344123,,0.6981317357363305,0.30186826426366953,0.8800945386282623,0.1479657692302306,10,0.025,0.15,0.9714188233128807,0.9678437799454855,0.9762823714949843,1.0,0.968241281015852,0.9748342248060092,0.9748829269591542,0.9717139120269547,0.970673127944151,0.9752917853134266,0.9741171648893462,0.9732098875013317
1,4,2.1604648774320427,0.20808735301175907,4167,2.2833830629076277,0.12965186074429771,833,2.285801480088053,0.1354,0.9891934249728567,0.08331297806796016,,,0.7761843664817196,,0.7762208908913865,0.22377910910861354,0.8791356465279153,0.1481211638938858,10,0.025,0.15,0.9768746250244575,0.9745543031838332,0.9718052900362092,0.968241281015852,1.0,0.9780505832639644,0.9746432562260382,0.9772988592176091,0.9764821371576219,0.9777144603441817,0.9801061346139537,0.9767189194426487
1,5,2.1763757033781572,0.21019918406527477,4167,2.2864902019500732,0.13565426170468187,833,2.285998160326028,0.1322,0.990085012196204,0.08283832614367971,,,0.6,,0.6000148536911423,0.39998514630885773,0.8791278753760239,0.14758938431582536,10,0.025,0.15,0.9783812447437957,0.9744292873648317,0.9778104085053946,0.9748342248060092,0.9780505832639644,1.0,0.979791101298802,0.9731645462867387,0.9719692830679162,0.978066222545401,0.9761649157665798,0.9806334796134993
1,6,2.164726053945946,0.21480681545476363,4167,2.282775436128889,0.1368547418967587,833,2.2857636137853694,0.1355,0.988137989704835,0.08355851649429803,,,0.8673249052182608,,0.8673565380997178,0.1326434619002822,0.8784841227780785,0.14821203753042472,10,0.025,0.15,0.9752042842591048,0.9745763457604049,0.9771546258737477,0.9748829269591542,0.9746432562260382,0.979791101298802,1.0,0.9672864812884716,0.9705111881223702,0.9766628900299742,0.9740835300471284,0.9750538555115456
1,7,2.167076645114205,0.20595152387808977,4167,2.286503553390503,0.13805522208883553,833,2.285838344429113,0.1328,0.987203480657678,0.08306619022773513,,,0.684580062230026,,0.684614876796884,0.31538512320311596,0.8804844135090505,0.14791394224848173,10,0.025,0.15,0.9750851275345865,0.9741062309354602,0.9709756375047598,0.9717139120269547,0.9772988592176091,0.9731645462867387,0.9672864812884716,1.0,0.9731609097049715,0.9754441450100638,0.9769518805104688,0.9737975143609983
1,8,2.1666449745496115,0.20206433029284684,4166,2.2890372616904124,0.12484993997599039,833,2.285788173916974,0.1354,0.9866342394179252,0.08333009641650178,,,0.7825384656409954,,0.7825749698800152,0.21742503011998482,0.8787724032385729,0.14812830674201896,10,0.025,0.15,0.9734005401164678,0.972206331157346,0.9693260063472169,0.970673127944151,0.9764821371576219,0.9719692830679162,0.9705111881223702,0.9731609097049715,1.0,0.9702900140261522,0.9777586536942947,0.9763299604557447
1,9,2.1510646867029592,0.21248199711953913,4166,2.2849462713514055,0.12605042016806722,833,2.2857592226583745,0.1356,0.9892091613542755,0.08359871543345779,,,0.8822462070539908,,0.8822927497483125,0.11770725025168749,0.8785967777963337,0.14823204719760863,10,0.025,0.15,0.972632914970995,0.97365953242545,0.9783848841565346,0.9752917853134266,0.9777144603441817,0.978066222545401,0.9766628900299742,0.9754441450100638,0.9702900140261522,1.0,0.97902302088977,0.9753618835036634
1,10,2.157316607056242,0.21404224675948152,4166,2.2869510991232738,0.13445378151260504,833,2.2857533738582947,0.1356,0.990657095909873,0.0838620703875772,,,0.9799999996288136,,0.9800300374643098,0.019969962535690167,0.8783402790770365,0.14825800455782617,10,0.025,0.15,0.9775375059226927,0.9773272251713074,0.9754907354844607,0.9741171648893462,0.9801061346139537,0.9761649157665798,0.9740835300471284,0.9769518805104688,0.9777586536942947,0.97902302088977,1.0,0.9810976532646938
1,11,2.171029198892189,0.20938550168026884,4166,2.2879743916647777,0.12725090036014405,833,2.285927727252622,0.1325,0.9896823253642517,0.08293223317948216,,,0.6348570199859863,,0.6349127758247924,0.36508722417520756,0.8799791209943417,0.14778062067569914,10,0.025,0.15,0.9770670784022935,0.9726777820031661,0.976525228520623,0.9732098875013317,0.9767189194426487,0.9806334796134993,0.9750538555115456,0.9737975143609983,0.9763299604557447,0.9753618835036634,0.9810976532646938,1.0
2,0,2.0879190267938554,0.24226061915046795,4167,2.266564198902675,0.1618705035971223,834,2.268172436122653,0.1543,0.9840377185897707,0.08337624534127007,,,0.98,,0.9800300374643098,0.019969962535690167,0.9687867581789537,0.1475812038914523,10,0.025,0.15,1.0,0.9644356042397917,0.9613334511020634,0.9633344238207041,0.9682033008599596,0.9711305404912871,0.965354049090033,0.9670992765883246,0.9607280867715695,0.963517842140536,0.9670060494691958,0.9659205201447714
2,1,2.0618444962935016,0.2598512119030478,4167,2.2708749089922224,0.1354916067146283,834,2.268169191819203,0.1543,0.9833033487697601,0.0833495856590401,,,0.98,,0.9800300374643098,0.019969962535690167,0.9687846483884384,0.1475812038914523,10,0.025,0.15,0.9644356042397917,1.0,0.965539480401512,0.9596074336061139,0.9670318495165802,0.9670241873633975,0.964211618192817,0.9640141074434222,0.9602972417953365,0.9665277417019443,0.9658109624307133,0.9648313021257033
2,2,2.069745727741357,0.2554835613150948,4167,2.2672115734645297,0.15467625899280577,834,2.2681279242793217,0.1544,0.9829683509750846,0.08347704174590222,,,0.98,,0.9800300374643098,0.019969962535690167,0.9695474410007991,0.1475812038914523,10,0.025,0.15,0.9613334511020634,0.965539480401512,1.0,0.9661729545001362,0.9624473911286666,0.9661517511337605,0.9633041586584329,0.962097741749744,0.9601217555619829,0.9681059413381932,0.9644215849037715,0.9656053775480333
2,3,2.0937873713897934,0.24348452123830094,4167,2.2669059889657155,0.1642685851318945,834,2.268245678913744,0.1535,0.9828647038765475,0.0831582289836667,,,0.98,,0.9800300374643098,0.019969962535690167,0.9668497880236137,0.1475812038914523,10,0.025,0.15,0.9633344238207041,0.9596074336061139,0.9661729545001362,1.0,0.9607802482519002,0.9676455752419224,0.9646301284861813,0.9640897942066152,0.9612239454534907,0.9663871937113887,0.9641691628473328,0.966268770561997
2,4,2.0747670047210924,0.24619630429565634,4167,2.264934778213501,0.15966386554621848,833,2.268199117877815,0.1545,0.9846909560612842,0.083347249899706,,,0.98,,0.9800300374643098,0.019969962535690167,0.9685223078017207,0.1475812038914523,10,0.025,0.15,0.9682033008599596,0.9670318495165802,0.9624473911286666,0.9607802482519002,1.0,0.9649170518769722,0.9636652922205275,0.9689818292617427,0.9670998657487526,0.9654133351484039,0.970886907144806,0.9663121575401846
2,5,2.0946184039115905,0.24367650587952963,4167,2.2681358541761125,0.15846338535414164,833,2.2685384720186645,0.1529,0.9856304362295722,0.0830850031379505,,,0.98,,0.9800300374643098,0.019969962535690167,0.9630949170710449,0.1475812038914523,10,0.025,0.15,0.9711305404912871,0.9670241873633975,0.9661517511337605,0.9676455752419224,0.9649170518769722,1.0,0.970913312012062,0.9650832026656985,0.9614528707071344,0.9673345322666119,0.9645836709618032,0.9708219980832726
2,6,2.0809479359424476,0.25769138468922487,4167,2.2644712924957275,0.15486194477791115,833,2.268137527417533,0.1544,0.9824799090241618,0.08342691434063323,,,0.98,,0.9800300374643098,0.019969962535690167,0.9693677153935125,0.1475812038914523,10,0.025,0.15,0.965354049090033,0.964211618192817,0.9633041586584329,0.9646301284861813,0.9636652922205275,0.970913312012062,1.0,0.9558136797306825,0.959067838337418,0.9658810645568305,0.962965680602098,0.9637619776198739
2,7,2.08293260010806,0.250875929925606,4167,2.2696403435298373,0.1608643457382953,833,2.2682767336881615,0.1534,0.9832217993720115,0.08314735297893988,,,0.98,,0.9800300374643098,0.019969962535690167,0.9663760345708974,0.1475812038914523,10,0.025,0.15,0.9670992765883246,0.9640141074434222,0.962097741749744,0.9640897942066152,0.9689818292617427,0.9650832026656985,0.9558136797306825,1.0,0.9640263754549933,0.9663603777617544,0.965941798408001,0.9650347963493444
2,8,2.078973134719964,0.24263082093134902,4166,2.271963732583182,0.14765906362545017,833,2.268178550502922,0.1544,0.9818586602116746,0.0832658694522857,,,0.98,,0.9800300374643098,0.019969962535690167,0.9685799896451562,0.1475812038914523,10,0.025,0.15,0.9607280867715695,0.9602972417953365,0.9601217555619829,0.9612239454534907,0.9670998657487526,0.9614528707071344,0.959067838337418,0.9640263754549933,1.0,0.9618094698092463,0.9697523230216218,0.9667289429152057
2,9,2.068319288889567,0.25592894863178106,4166,2.2662919589451382,0.15486194477791115,833,2.2681307068353966,0.1544,0.9847668437913312,0.08352594259877938,,,0.98,,0.9800300374643098,0.019969962535690167,0.9695413067488753,0.1475812038914523,10,0.025,0.15,0.963517842140536,0.9665277417019443,0.9681059413381932,0.9663871937113887,0.9654133351484039,0.9673345322666119,0.9658810645568305,0.9663603777617544,0.9618094698092463,1.0,0.9693388448599746,0.9658478409901805
2,10,2.0729006294048196,0.2546327412385982,4166,2.2680422578539168,0.14645858343337334,833,2.268123699139945,0.1544,0.985515968648354,0.08371268461419573,,,0.98,,0.9800300374643098,0.019969962535690167,0.9698305637914847,0.1475812038914523,10,0.025,0.15,0.9670060494691958,0.9658109624307133,0.9644215849037715,0.9641691628473328,0.970886907144806,0.9645836709618032,0.962965680602098,0.965941798408001,0.9697523230216218,0.9693388448599746,1.0,0.970412866888426
2,11,2.0872384309768677,0.2483677388382141,4166,2.2723322255270824,0.148859543817527,833,2.268423080444336,0.1531,0.9851671272848566,0.08312788124763056,,,0.98,,0.9800300374643098,0.019969962535690167,0.9651581075471396,0.1475812038914523,10,0.025,0.15,0.9659205201447714,0.9648313021257033,0.9656053775480333,0.966268770561997,0.9663121575401846,0.9708219980832726,0.9637619776198739,0.9650347963493444,0.9667289429152057,0.9658478409901805,0.970412866888426,1.0
3,0,2.0286690831184386,0.26769858411327097,4167,2.2441878659384593,0.19544364508393286,834,2.2448701375647437,0.1849,0.9783845699097331,0.08332007827345268,,,0.98,,0.9800300374643098,0.019969962535690167,0.9801559318381667,0.1469411536894242,10,0.025,0.15,1.0,0.9546399618629894,0.9528619340498994,0.9499388828374765,0.9576994635530985,0.9610614583569456,0.9558360497435432,0.9584573291874193,0.9492515855209517,0.9513392244325611,0.9591024762077291,0.9509849430247337
3,1,2.0004446762980836,0.2832493400527958,4167,2.2476093087877547,0.17985611510791366,834,2.244865885263757,0.185,0.9798906623539227,0.08335257864844249,,,0.98,,0.9800300374643098,0.019969962535690167,0.9801559318381667,0.1469411536894242,10,0.025,0.15,0.9546399618629894,1.0,0.9575009445529284,0.9510140111933834,0.9597333316045831,0.9595512748989848,0.9554819949476978,0.9565180207877095,0.9522220345702727,0.9577506405224254,0.9596722495129794,0.9547877765616765
3,2,2.0122300263607142,0.27907367410607153,4167,2.2442705971854076,0.17865707434052758,834,2.244803123836276,0.1851,0.9791058183296583,0.08340579946303986,,,0.98,,0.9800300374643098,0.019969962535690167,0.9801559318381667,0.1469411536894242,10,0.025,0.15,0.9528619340498994,0.9575009445529284,1.0,0.9559536294376009,0.9544152188007979,0.9575719019438806,0.9518841038690823,0.9549168135347238,0.9528056558853992,0.9599168836474684,0.9577668039117585,0.9539962146295727
3,3,2.0357088309345825,0.26906647468202544,4167,2.2433763231549944,0.19544364508393286,834,2.2449863862387742,0.1852,0.9777536844969582,0.08316487908355365,,,0.98,,0.9800300374643098,0.019969962535690167,0.9801559318381667,0.1469411536894242,10,0.025,0.15,0.9499388828374765,0.9510140111933834,0.9559536294376009,1.0,0.9506202465362164,0.9592968791924008,0.9551819260249846,0.9552648108023106,0.9523355017119702,0.9567037969546742,0.9540607959008089,0.9535217589168179
3,4,2.0096725250735425,0.27417806575473963,4167,2.240480763571603,0.20048019207683074,833,2.244907865041419,0.1849,0.9806689424806192,0.08337644123214112,,,0.98,,0.9800300374643098,0.019969962535690167,0.9801559318381667,0.1469411536894242,10,0.025,0.15,0.9576994635530985,0.9597333316045831,0.9544152188007979,0.9506202465362164,1.0,0.956738948815424,0.9544181893816148,0.9620731304589935,0.9585085538823167,0.9559779794607329,0.9634272593656618,0.954409250899827
3,5,2.0331225713094074,0.2683705303575714,4167,2.2437935216086253,0.18127250900360145,833,2.245424288737623,0.1857,0.9824430236922109,0.083272114230671,,,0.98,,0.9800300374643098,0.019969962535690167,0.9801559318381667,0.1469411536894242,10,0.025,0.15,0.9610614583569456,0.9595512748989848,0.9575719019438806,0.9592968791924008,0.956738948815424,1.0,0.9600401937250018,0.9615723220764124,0.9560960144089033,0.9596488783737078,0.9581703443619266,0.9592935540252735
3,6,2.020879464438467,0.28291336693064556,4167,2.2402471814836775,0.1908763505402161,833,2.2448164058637015,0.185,0.9776520578264751,0.08332756312887554,,,0.98,,0.9800300374643098,0.019969962535690167,0.9801559318381667,0.1469411536894242,10,0.025,0.15,0.9558360497435432,0.9554819949476978,0.9518841038690823,0.9551819260249846,0.9544181893816148,0.9600401937250018,1.0,0.9471836043282168,0.950726084538186,0.9565027345629027,0.9546101917939636,0.9506642817465157
3,7,2.0217363595962525,0.28039356851451885,4167,2.247439282281058,0.1908763505402161,833,2.2450356332561636,0.1851,0.9800776381450615,0.08323372283393504,,,0.98,,0.9800300374643098,0.019969962535690167,0.9801559318381667,0.1469411536894242,10,0.025,0.15,0.9584573291874193,0.9565180207877095,0.9549168135347238,0.9552648108023106,0.9620731304589935,0.9615723220764124,0.9471836043282168,1.0,0.9549856187850458,0.9580312617041827,0.9580317940541618,0.9541749329634146
3,8,2.0199186870546053,0.27078732597215555,4166,2.249298061643328,0.17286914765906364,833,2.2448795988589905,0.1849,0.978139179943161,0.08324391148064192,,,0.98,,0.9800300374643098,0.019969962535690167,0.9801559318381667,0.1469411536894242,10,0.025,0.15,0.9492515855209517,0.9522220345702727,0.9528056558853992,0.9523355017119702,0.9585085538823167,0.9560960144089033,0.950726084538186,0.9549856187850458,1.0,0.9522237345372006,0.9626415810218628,0.9565437374914834
3,9,2.008171658082442,0.28082093134901587,4166,2.2415591308048795,0.18967587034813926,833,2.2448067302945294,0.185,0.9802001585702448,0.08347159160471276,,,0.98,,0.9800300374643098,0.019969962535690167,0.9801559318381667,0.1469411536894242,10,0.025,0.15,0.9513392244325611,0.9577506405224254,0.9599168836474684,0.9567037969546742,0.9559779794607329,0.9596488783737078,0.9565027345629027,0.9580312617041827,0.9522237345372006,1.0,0.9601170365400078,0.9542180918980876
3,10,2.0108219385147095,0.28041286605856935,4166,2.2431985991341725,0.1836734693877551,833,2.2447982498362093,0.1851,0.982414335920047,0.08365895044623027,,,0.98,,0.9800300374643098,0.019969962535690167,0.9801559318381667,0.1469411536894242,10,0.025,0.15,0.9591024762077291,0.9596722495129794,0.9577668039117585,0.9540607959008089,0.9634272593656618,0.9581703443619266,0.9546101917939636,0.9580317940541618,0.9626415810218628,0.9601170365400078,1.0,0.9607835553635024
3,11,2.030669372370749,0.271147383581373,4166,2.2513388225010464,0.16326530612244897,833,2.2452518366560152,0.1853,0.9785606637024111,0.0831723695743036,,,0.98,,0.9800300374643098,0.019969962535690167,0.9801559318381667,0.1469411536894242,10,0.025,0.15,0.9509849430247337,0.9547877765616765,0.9539962146295727,0.9535217589168179,0.954409250899827,0.9592935540252735,0.9506642817465157,0.9541749329634146,0.9565437374914834,0.9542180918980876,0.9607835553635024,1.0
4,0,1.9773973201260422,0.28600911927045836,4167,2.216815233230591,0.23501199040767387,834,2.2163361567485182,0.2285,0.9780264773801626,0.08334818137676325,,,0.98,,0.9800300374643098,0.019969962535690167,0.9853481301594655,0.14659782847697964,10,0.025,0.15,1.0,0.9518129125943805,0.947025948805443,0.9502314438627124,0.9555056117385868,0.9569206248989169,0.9515948606339671,0.9546203441801785,0.9473024349734351,0.9521730138198764,0.9548854492309978,0.9480498930416155
4,1,1.9504119128891917,0.30244780417566597,4167,2.219186442238944,0.21103117505995203,834,2.216331367251239,0.2285,0.9765738013667464,0.08332100180879076,,,0.98,,0.9800300374643098,0.019969962535690167,0.9853481301594655,0.14659782847697964,10,0.025,0.15,0.9518129125943805,1.0,0.949107064913204,0.9460681866031483,0.9546346792117826,0.9529603864153695,0.9503889013113423,0.9488884816132447,0.9449884420112288,0.9525163740744481,0.9524209609374078,0.949269924418482
4,2,1.9635096033414206,0.295632349412047,4167,2.2163403715406145,0.2170263788968825,834,2.216243469262425,0.2289,0.975237233124902,0.08331041294312587,,,0.98,,0.9800300374643098,0.019969962535690167,0.9853481301594655,0.14659782847697964,10,0.025,0.15,0.947025948805443,0.949107064913204,1.0,0.9509607850379685,0.9481938269755598,0.9494938578203954,0.9458634265251227,0.9476148040074172,0.9466608404910787,0.9550461002414411,0.9504176971513995,0.946973476635177
4,3,1.987282412702387,0.2863930885529158,4167,2.2146058082580566,0.24100719424460432,834,2.2165021383309664,0.2283,0.9767333178788459,0.08321013240268231,,,0.98,,0.9800300374643098,0.019969962535690167,0.9853481301594655,0.14659782847697964,10,0.025,0.15,0.9502314438627124,0.9460681866031483,0.9509607850379685,1.0,0.9504298235777197,0.9532178866526645,0.9490496395185622,0.9507383788396119,0.94966383197281,0.9515764190892775,0.9518817130651652,0.9512455838932881
4,4,1.9587144685514046,0.2943844492440605,4167,2.210613489151001,0.2581032412965186,833,2.216384193565272,0.2285,0.9791440525448598,0.08341940254823378,,,0.98,,0.9800300374643098,0.019969962535690167,0.9853481301594655,0.14659782847697964,10,0.025,0.15,0.9555056117385868,0.9546346792117826,0.9481938269755598,0.9504298235777197,1.0,0.9520299423066982,0.9516661265543547,0.9558818432345004,0.953954448800789,0.9530921684140389,0.9578465539791325,0.9499585380764601
4,5,1.9857525381174954,0.28389728821694266,4167,2.2140139852251326,0.234093637454982,833,2.217107350313211,0.2288,0.9793385027341508,0.08336122195475833,,,0.98,,0.9800300374643098,0.019969962535690167,0.9853481301594655,0.14659782847697964,10,0.025,0.15,0.9569206248989169,0.9529603864153695,0.9494938578203954,0.9532178866526645,0.9520299423066982,1.0,0.953395242532789,0.9543154452068855,0.9531613233200903,0.9545172753293679,0.953561274737966,0.9519816415264181
4,6,1.9698389862522934,0.30069594432445407,4167,2.210478271756853,0.2388955582232893,833,2.2162597964081585,0.2291,0.9752036620642474,0.08326094437099293,,,0.98,,0.9800300374643098,0.019969962535690167,0.9853481301594655,0.14659782847697964,10,0.025,0.15,0.9515948606339671,0.9503889013113423,0.9458634265251227,0.9490496395185622,0.9516661265543547,0.953395242532789,1.0,0.9407873319079814,0.9478889667081065,0.9513801478170926,0.9506229301555988,0.9443684060204794
4,7,1.9687714302178585,0.297264218862491,4167,2.220307929175241,0.2388955582232893,833,2.2165739898440204,0.2283,0.9763768588126605,0.08324110017626728,,,0.98,,0.9800300374643098,0.019969962535690167,0.9853481301594655,0.14659782847697964,10,0.025,0.15,0.9546203441801785,0.9488884816132447,0.9476148040074172,0.9507383788396119,0.9558818432345004,0.9543154452068855,0.9407873319079814,1.0,0.9482354799252525,0.9505485639192963,0.9502405480286207,0.9489738498805007
4,8,1.967165544538787,0.2898463754200672,4166,2.2214367389678955,0.2064825930372149,833,2.216349828092358,0.2285,0.9764344057720925,0.08324927294094663,,,0.98,,0.9800300374643098,0.019969962535690167,0.9853481301594655,0.14659782847697964,10,0.025,0.15,0.9473024349734351,0.9449884420112288,0.9466608404910787,0.94966383197281,0.953954448800789,0.9531613233200903,0.9478889667081065,0.9482354799252525,1.0,0.948339845246022,0.9578714546053093,0.9534280608068773
4,9,1.958900969317465,0.2969035045607297,4166,2.2112948213304793,0.22569027611044418,833,2.2162470757206783,0.2292,0.9784826200628981,0.08345671155923946,,,0.98,,0.9800300374643098,0.019969962535690167,0.9853481301594655,0.14659782847697964,10,0.025,0.15,0.9521730138198764,0.9525163740744481,0.9550461002414411,0.9515764190892775,0.9530921684140389,0.9545172753293679,0.9513801478170926,0.9505485639192963,0.948339845246022,1.0,0.9560582213066878,0.9501277474292508
4,10,1.9599491155508793,0.29683149303888623,4166,2.212808472769601,0.23169267707082833,833,2.216237883024578,0.2289,0.9799123339267303,0.08361908987815189,,,0.98,,0.9800300374643098,0.019969962535690167,0.9853481301594655,0.14659782847697964,10,0.025,0.15,0.9548854492309978,0.9524209609374078,0.9504176971513995,0.9518817130651652,0.9578465539791325,0.953561274737966,0.9506229301555988,0.9502405480286207,0.9578714546053093,0.9560582213066878,1.0,0.956261317355237
4,11,1.9835936701659,0.28946231397023525,4166,2.225353615624564,0.20888355342136855,833,2.2168662940399555,0.2288,0.9763573330637877,0.08320252804004753,,,0.98,,0.9800300374643098,0.019969962535690167,0.9853481301594655,0.14659782847697964,10,0.025,0.15,0.9480498930416155,0.949269924418482,0.946973476635177,0.9512455838932881,0.9499585380764601,0.9519816415264181,0.9443684060204794,0.9489738498805007,0.9534280608068773,0.9501277474292508,0.956261317355237,1.0
5,0,1.933943518002828,0.3028557715382769,4167,2.1850058351244246,0.26139088729016785,834,2.1831667694864394,0.2616,0.9751965703967516,0.08334165999804116,,,0.98,,0.9800300374643098,0.019969962535690167,0.9895542169057571,0.146283637233479,10,0.025,0.15,1.0,0.9476629939420225,0.9426770008906428,0.945531685500084,0.9487217026896538,0.9521325217109331,0.9472136345989398,0.9493069109869574,0.940174071199709,0.9470459615837528,0.9498416645337626,0.9420826788754435
5,1,1.9060304645336035,0.3166546676265899,4167,2.186093500682286,0.24820143884892087,834,2.1831619075582,0.2618,0.975268838332773,0.08332719403260402,,,0.98,,0.9800300374643098,0.019969962535690167,0.9895542169057571,0.146283637233479,10,0.025,0.15,0.9476629939420225,1.0,0.9471036399690048,0.9418295623919078,0.9522975962267293,0.9485729508673358,0.9459935181066388,0.946587146728232,0.9416702620737716,0.9477428160493828,0.9490382956518999,0.9447514376947965
5,2,1.922610831260681,0.309311255099592,4167,2.1839366299765453,0.26139088729016785,834,2.1830455562736413,0.2616,0.9730607502416001,0.08324872281047466,,,0.98,,0.9800300374643098,0.019969962535690167,0.9895542169057571,0.146283637233479,10,0.025,0.15,0.9426770008906428,0.9471036399690048,1.0,0.9442205530445889,0.9451717050156139,0.944832224412973,0.9419168314719634,0.9430102184707521,0.9415878728320215,0.9491158379385662,0.9465134562883595,0.9412736388897284
5,3,1.9445814002643933,0.30232781377489804,4167,2.181067943572998,0.27218225419664266,834,2.1833858671067636,0.2605,0.974025203989576,0.083218078038385,,,0.98,,0.9800300374643098,0.019969962535690167,0.9895542169057571,0.146283637233479,10,0.025,0.15,0.945531685500084,0.9418295623919078,0.9442205530445889,1.0,0.9449723842464532,0.9485757327303649,0.9449191136305827,0.9454488324290053,0.9449532689589183,0.9440658988309578,0.946669342185529,0.9476136950948636
5,4,1.915694231336767,0.30933525317974564,4167,2.176060880933489,0.2917166866746699,833,2.1832212194611755,0.2613,0.9770516623289548,0.08344615558499272,,,0.98,,0.9800300374643098,0.019969962535690167,0.9895542169057571,0.146283637233479,10,0.025,0.15,0.9487217026896538,0.9522975962267293,0.9451717050156139,0.9449723842464532,1.0,0.9490311963982246,0.9470202388895964,0.9526218581627686,0.948162868491927,0.9487180225970895,0.9526228351668119,0.9447214427869941
5,5,1.940035811698798,0.3009599232061435,4167,2.1792022500719344,0.2665066026410564,833,2.1841720931137663,0.26,0.9777929769692848,0.08343429614215123,,,0.98,,0.9800300374643098,0.019969962535690167,0.9895542169057571,0.146283637233479,10,0.025,0.15,0.9521325217109331,0.9485729508673358,0.944832224412973,0.9485757327303649,0.9490311963982246,1.0,0.9505208276719781,0.9518274029683319,0.9496517665409112,0.9484832424445355,0.950803246639908,0.9483617417727149
5,6,1.9236743153947773,0.31766258699304056,4167,2.1759777069091797,0.26410564225690275,833,2.1830641076534607,0.2615,0.973613470951087,0.08323611211308311,,,0.98,,0.9800300374643098,0.019969962535690167,0.9895542169057571,0.146283637233479,10,0.025,0.15,0.9472136345989398,0.9459935181066388,0.9419168314719634,0.9449191136305827,0.9470202388895964,0.9505208276719781,1.0,0.9386727056537661,0.9440239658107947,0.9464624298798451,0.9476173648993822,0.9395564991954753
5,7,1.9245141647078774,0.3158867290616751,4167,2.1887454645974294,0.27490996398559425,833,2.1834838420529907,0.2606,0.9749837963991604,0.08326846387733111,,,0.98,,0.9800300374643098,0.019969962535690167,0.9895542169057571,0.146283637233479,10,0.025,0.15,0.9493069109869574,0.946587146728232,0.9430102184707521,0.9454488324290053,0.9526218581627686,0.9518274029683319,0.9386727056537661,1.0,0.9441656859705544,0.9463464882696283,0.9465761466691884,0.9454124949795378
5,8,1.9241850484501233,0.3048007681228997,4166,2.189038038253784,0.2388955582232893,833,2.183185676985149,0.2614,0.9740922596653238,0.08324448374623031,,,0.98,,0.9800300374643098,0.019969962535690167,0.9895542169057571,0.146283637233479,10,0.025,0.15,0.940174071199709,0.9416702620737716,0.9415878728320215,0.9449532689589183,0.948162868491927,0.9496517665409112,0.9440239658107947,0.9441656859705544,1.0,0.9425396003006852,0.9530527913090504,0.949554563566648
5,9,1.917133604035233,0.31219395103216513,4166,2.1762096541268483,0.24729891956782712,833,2.183048480673681,0.2617,0.9754633275360971,0.08341751105991493,,,0.98,,0.9800300374643098,0.019969962535690167,0.9895542169057571,0.146283637233479,10,0.025,0.15,0.9470459615837528,0.9477428160493828,0.9491158379385662,0.9440658988309578,0.9487180225970895,0.9484832424445355,0.9464624298798451,0.9463464882696283,0.9425396003006852,1.0,0.9498364951188334,0.9450908851254962
5,10,1.9176479397398052,0.31176188190110415,4166,2.1775617940085277,0.2605042016806723,833,2.1830389107329937,0.2615,0.9779606476719198,0.08359933586647636,,,0.98,,0.9800300374643098,0.019969962535690167,0.9895542169057571,0.146283637233479,10,0.025,0.15,0.9498416645337626,0.9490382956518999,0.9465134562883595,0.946669342185529,0.9526228351668119,0.950803246639908,0.9476173648993822,0.9465761466691884,0.9530527913090504,0.9498364951188334,1.0,0.952024434511821
5,11,1.9418320579962296,0.3027124339894383,4166,2.19482684135437,0.24489795918367346,833,2.1838514865199223,0.2603,0.9741668834775232,0.08321798673031536,,,0.98,,0.9800300374643098,0.019969962535690167,0.9895542169057571,0.146283637233479,10,0.025,0.15,0.9420826788754435,0.9447514376947965,0.9412736388897284,0.9476136950948636,0.9447214427869941,0.9483617417727149,0.9395564991954753,0.9454124949795378,0.949554563566648,0.9450908851254962,0.952024434511821,1.0
6,0,1.9001837972438698,0.3122630189584833,4167,2.149777923311506,0.2853717026378897,834,2.1465676555150672,0.2852,0.9718323919324302,0.0833434203927371,,,0.98,,0.9800300374643098,0.019969962535690167,0.9925052184389112,0.14575252195003738,10,0.025,0.15,1.0,0.9430930399024933,0.9368005627544252,0.938259039076987,0.9406169421917099,0.9444691504415063,0.9376664760173044,0.9425339986517844,0.9326734694412369,0.9402475439928878,0.9419471285493335,0.9334155022881047
6,1,1.8648949521960634,0.3330453563714903,4167,2.1494526181902205,0.2733812949640288,834,2.1465635510939585,0.2852,0.9717471480920098,0.08333167560743181,,,0.98,,0.9800300374643098,0.019969962535690167,0.9925052184389112,0.14575252195003738,10,0.025,0.15,0.9430930399024933,1.0,0.9392656432023165,0.9351729678020236,0.9427928747017985,0.9427065741385589,0.9372757716549419,0.9394696244288646,0.9315113596122213,0.9422994433860314,0.9410729135519762,0.9360762998156988
6,2,1.8829965237415198,0.3238300935925126,4167,2.148337023598807,0.2733812949640288,834,2.146415900580491,0.2849,0.9700692642870493,0.08322832209006793,,,0.98,,0.9800300374643098,0.019969962535690167,0.9925052184389112,0.14575252195003738,10,0.025,0.15,0.9368005627544252,0.9392656432023165,1.0,0.9378983769923895,0.9387571231708152,0.9387705941810326,0.9359607254203547,0.935605274329835,0.9340765242966155,0.944626930753456,0.9392840473410645,0.9301914747362799
6,3,1.9051387183593982,0.31353491720662346,4167,2.1438139847346713,0.29856115107913667,834,2.14684241632872,0.2857,0.9705980959853591,0.0832265797983239,,,0.98,,0.9800300374643098,0.019969962535690167,0.9925052184389112,0.14575252195003738,10,0.025,0.15,0.938259039076987,0.9351729678020236,0.9378983769923895,1.0,0.9374299379175786,0.9421977545515319,0.9366464273798567,0.938304710230624,0.9353219616598238,0.9378771203193521,0.9389431094713169,0.9393970695614349
6,4,1.8724875312862974,0.3247660187185025,4167,2.138192960194179,0.304921968787515,833,2.1466230893436866,0.2852,0.9736041572903509,0.08346596311781834,,,0.98,,0.9800300374643098,0.019969962535690167,0.9925052184389112,0.14575252195003738,10,0.025,0.15,0.9406169421917099,0.9427928747017985,0.9387571231708152,0.9374299379175786,1.0,0.942596939532796,0.9413891794862805,0.944864041027474,0.9420738837658267,0.9430465535237518,0.9457161568920014,0.9330277767625619
6,5,1.8995832309578404,0.3164386849052076,4167,2.1408192770821706,0.290516206482593,833,2.1478208107284353,0.2843,0.9749604645124197,0.08350285063635841,,,0.98,,0.9800300374643098,0.019969962535690167,0.9925052184389112,0.14575252195003738,10,0.025,0.15,0.9444691504415063,0.9427065741385589,0.9387705941810326,0.9421977545515319,0.942596939532796,1.0,0.9438686410012398,0.9453193742215026,0.9434327698987653,0.9428282709392025,0.9440323974262582,0.9379352289441766
6,6,1.8849445855978764,0.32920566354691627,4167,2.1380506924220493,0.28211284513805523,833,2.1464351551442205,0.285,0.9697978001905302,0.08321165332247454,,,0.98,,0.9800300374643098,0.019969962535690167,0.9925052184389112,0.14575252195003738,10,0.025,0.15,0.9376664760173044,0.9372757716549419,0.9359607254203547,0.9366464273798567,0.9413891794862805,0.9438686410012398,1.0,0.9317772734513527,0.9371476591061629,0.9406870561168011,0.9392809599599096,0.9263687571386967
6,7,1.8841851696823582,0.32853371730261577,4167,2.153763702937535,0.29531812725090034,833,2.1469690467737896,0.2854,0.9716390189148474,0.08329175404500765,,,0.98,,0.9800300374643098,0.019969962535690167,0.9925052184389112,0.14575252195003738,10,0.025,0.15,0.9425339986517844,0.9394696244288646,0.935605274329835,0.938304710230624,0.944864041027474,0.9453193742215026,0.9317772734513527,1.0,0.9373275967448732,0.9402558490442444,0.9392200038575965,0.9348413791291479
6,8,1.8840813741539464,0.31812289966394625,4166,2.1534529072897777,0.2653061224489796,833,2.1465931723389446,0.2852,0.9702748687405358,0.08323240106969045,,,0.98,,0.9800300374643098,0.019969962535690167,0.9925052184389112,0.14575252195003738,10,0.025,0.15,0.9326734694412369,0.9315113596122213,0.9340765242966155,0.9353219616598238,0.9420738837658267,0.9434327698987653,0.9371476591061629,0.9373275967448732,1.0,0.936691287692813,0.9451834747155725,0.9381871537018762
6,9,1.8755745363957954,0.3256361017762842,4166,2.1376958915165494,0.2773109243697479,833,2.1464168723625474,0.2849,0.9732696527214236,0.0834373021425064,,,0.98,,0.9800300374643098,0.019969962535690167,0.9925052184389112,0.14575252195003738,10,0.025,0.15,0.9402475439928878,0.9422994433860314,0.944626930753456,0.9378771203193521,0.9430465535237518,0.9428282709392025,0.9406870561168011,0.9402558490442444,0.936691287692813,1.0,0.9444999698001648,0.9353738493403104
6,10,1.879150751504031,0.32623619779164664,4166,2.1386431625911166,0.3025210084033613,833,2.146408117270168,0.2849,0.9743917264446466,0.08358657542320307,,,0.98,,0.9800300374643098,0.019969962535690167,0.9925052184389112,0.14575252195003738,10,0.025,0.15,0.9419471285493335,0.9410729135519762,0.9392840473410645,0.9389431094713169,0.9457161568920014,0.9440323974262582,0.9392809599599096,0.9392200038575965,0.9451834747155725,0.9444999698001648,1.0,0.9422230331368409
