round,client_id,client_i_training_loss,client_i_training_accuracy,client_i_training_dataset_size,client_i_evaluation_loss,client_i_evaluation_accuracy,client_i_evaluation_dataset_size,client_i_central_evaluation_loss,client_i_central_evaluation_accuracy,client_i_cosine_similarity,client_i_importance_coefficient,client_i_tanh_val,tanh_normalization_value,client_i_q,client_i_mask_order,client_i_v_nonzero_fraction,client_i_v_sparsity,client_i_v_cosine_similarity,client_i_reward_gradient_norm,local_epochs,learning_rate,gamma,client_0_cosine_similarity,client_1_cosine_similarity,client_2_cosine_similarity,client_3_cosine_similarity,client_4_cosine_similarity,client_5_cosine_similarity,client_6_cosine_similarity,client_7_cosine_similarity,client_8_cosine_similarity,client_9_cosine_similarity,client_10_cosine_similarity,client_11_cosine_similarity
0,0,2.2960314013741234,0.11204703623710104,4167,2.299034629549299,0.11151079136690648,834,2.2984320875964586,0.1,0.9444375304117439,0.08291594409427243,,,0.8815476844581634,,0.8815913254443729,0.11840867455562709,0,0.14237422159134472,10,0.025,0.15,1.0,0.9000583646490494,0.8882347638936308,0.8533369033309807,0.8838918507132844,0.8900819083072127,0.8733951173050417,0.8874348700223961,0.8610814925418766,0.9319557444085977,0.8927524238137464,0.8951964101105394
0,1,2.296511230324254,0.13575713942884568,4167,2.2985589844839915,0.1091127098321343,834,2.2984311731555795,0.1,0.961874360557101,0.08444679307788222,,,0.9650006050499073,,0.9650525655625423,0.034947434437457736,0,0.1423785644046005,10,0.025,0.15,0.9000583646490494,1.0,0.8830321033264188,0.8751800289225989,0.9377005277772483,0.9265377766080034,0.8783481692230509,0.9178880714177349,0.910539767507043,0.9139689107228806,0.8892840287040593,0.923490348874128
0,2,2.2944450602386937,0.12373410127189825,4167,2.300377300807408,0.09352517985611511,834,2.2984319487704505,0.1,0.9462501974084243,0.08307508537203674,,,0.8902231348509366,,0.8902559786106847,0.10974402138931527,0,0.14237516742644343,10,0.025,0.15,0.8882347638936308,0.8830321033264188,1.0,0.8765251760319761,0.8662405064144798,0.9023264998574065,0.9336954808618428,0.8358553693479615,0.8848366362387159,0.8971409351285548,0.9089726199301699,0.9012075859905377
0,3,2.2949120716615155,0.12704583633309335,4167,2.2983650139399936,0.10431654676258993,834,2.2984353922590426,0.1,0.9273987843431628,0.08142004450222314,,,0.8,,0.8000115528708884,0.19998844712911157,0,0.14235205733521228,10,0.025,0.15,0.8533369033309807,0.8751800289225989,0.8765251760319761,1.0,0.8718248300984005,0.8644821753397908,0.8427709630553455,0.8386595817385647,0.8938234027671339,0.8839578124139581,0.8642645716725023,0.8985238967288174
0,4,2.295514293872949,0.1302615790736741,4167,2.2994812556675504,0.09123649459783914,833,2.2984312636942805,0.1,0.9548812869691363,0.08383284320825556,,,0.9315316539869163,,0.9315657440874057,0.06843425591259433,0,0.14237785143964868,10,0.025,0.15,0.8838918507132844,0.9377005277772483,0.8662405064144798,0.8718248300984005,1.0,0.9143216548698259,0.8871304190505787,0.9102442974437981,0.917695890086359,0.9148274847975242,0.8682199852431356,0.904276114483476
0,5,2.2946300889506484,0.1083993280537557,4167,2.296649013246809,0.10204081632653061,833,2.298431239550627,0.1,0.9586114324507616,0.08416032758309093,,,0.9493841840671398,,0.9494231816606427,0.05057681833935734,0,0.14237836894600198,10,0.025,0.15,0.8900819083072127,0.9265377766080034,0.9023264998574065,0.8644821753397908,0.9143216548698259,1.0,0.8743515886174761,0.8849808676490637,0.9273676283786703,0.9233603588194469,0.881533010729507,0.9295277633019621
0,6,2.2958929553176417,0.11156707463402928,4167,2.298067467553275,0.08883553421368548,833,2.298433189150653,0.1,0.9361499890538316,0.08218834772735123,,,0.8418833919762648,,0.8419319700945685,0.15806802990543145,0,0.14236699392079022,10,0.025,0.15,0.8733951173050417,0.8783481692230509,0.9336954808618428,0.8427709630553455,0.8871304190505787,0.8743515886174761,1.0,0.843934219298974,0.8939545329005231,0.8804886765514394,0.8775891009662814,0.8773592117359856
0,7,2.295928942073475,0.13374130069594434,4167,2.2988204615456715,0.08043217286914765,833,2.298433264599571,0.1,0.935712199401408,0.08214991242466946,,,0.8397881243849065,,0.83982769718275,0.16017230281725003,0,0.14236646935185382,10,0.025,0.15,0.8874348700223961,0.9178880714177349,0.8358553693479615,0.8386595817385647,0.9102442974437981,0.8849808676490637,0.843934219298974,1.0,0.8643891321609047,0.9073335586767138,0.8838479610423137,0.8834657234394705
0,8,2.2964727105516376,0.12333173307729237,4166,2.295888594218663,0.11644657863145258,833,2.298431378376635,0.1,0.9525567582830233,0.08362876354774137,,,0.9204064261652143,,0.9204584839332575,0.07954151606674253,0,0.14237739531656116,10,0.025,0.15,0.8610814925418766,0.910539767507043,0.8848366362387159,0.8938234027671339,0.917695890086359,0.9273676283786703,0.8939545329005231,0.8643891321609047,1.0,0.9059948424206998,0.8726330249269201,0.917604141835259
0,9,2.295783146944913,0.12093134901584253,4166,2.2972948210580006,0.09963985594237695,833,2.2984312123890165,0.1,0.965008365924712,0.08472193993035715,,,0.9799999999454858,,0.9800300374643098,0.019969962535690167,0,0.14237864671527997,10,0.025,0.15,0.9319557444085977,0.9139689107228806,0.8971409351285548,0.8839578124139581,0.9148274847975242,0.9233603588194469,0.8804886765514394,0.9073335586767138,0.9059948424206998,1.0,0.8900749740450387,0.9426435171122732
0,10,2.297011704155893,0.12798847815650505,4166,2.2997334003448486,0.09843937575030012,833,2.2984323079072975,0.1,0.9429937601276129,0.08278918973275126,,,0.8746377790527722,,0.8746678549619581,0.1253321450380419,0,0.14237243796144436,10,0.025,0.15,0.8927524238137464,0.8892840287040593,0.9089726199301699,0.8642645716725023,0.8682199852431356,0.881533010729507,0.8775891009662814,0.8838479610423137,0.8726330249269201,0.8900749740450387,1.0,0.9118269434020834
0,11,2.2955407424406573,0.11471435429668747,4166,2.297356060573033,0.10444177671068428,833,2.298431206353103,0.1,0.9644259669711019,0.08467080879936847,,,0.9772126301527437,,0.9772573484510901,0.022742651548909865,0,0.14237863817146168,10,0.025,0.15,0.8951964101105394,0.923490348874128,0.9012075859905377,0.8985238967288174,0.904276114483476,0.9295277633019621,0.8773592117359856,0.8834657234394705,0.917604141835259,0.9426435171122732,0.9118269434020834,1.0
1,0,2.218418695709922,0.18377729781617472,4167,2.2902682849339078,0.11390887290167866,834,2.289472558830358,0.1071,0.9848475054929026,0.08311257851558203,,,0.8791754314597628,,0.8792229869122477,0.12077701308775235,0.7545126669668718,0.14753678896609213,10,0.025,0.15,1.0,0.9695588285806425,0.9612057094918726,0.9731046313906238,0.9667550116298718,0.9657469344266328,0.9558075967306938,0.9673528938465776,0.9608932093087872,0.9695501536995118,0.9662650331722942,0.9696160823456424
1,1,2.2239293055100875,0.1986321094312455,4167,2.2891134534563338,0.11750599520383694,834,2.2894640934618216,0.1059,0.9865457085894886,0.08411192034383227,,,0.9685525783918691,,0.9686009473354128,0.0313990526645872,0.7551613797619933,0.14755835937212483,10,0.025,0.15,0.9695588285806425,1.0,0.9646064633212218,0.9697506243542823,0.96978843312573,0.966911710947922,0.9636277783910221,0.9721312468004442,0.9686448905022998,0.9683807317383564,0.9606013662703672,0.9713478632470482
1,2,2.2118390917778017,0.18660907127429804,4167,2.2914607524871826,0.10431654676258993,834,2.2894723807709125,0.1071,0.9827778607915043,0.08314354919244904,,,0.8819453252625433,,0.8819874238748329,0.11801257612516713,0.754510170489593,0.14753715638289533,10,0.025,0.15,0.9612057094918726,0.9646064633212218,1.0,0.969707018602086,0.9584373209826558,0.9689256013089383,0.9691298659206875,0.954815577632799,0.9621329595244347,0.9630945596397369,0.9665718041429129,0.9629473304658771
1,3,2.2185222365639428,0.1908327333813295,4167,2.290351527077811,0.10671462829736211,834,2.289476171324525,0.1071,0.9859990594296923,0.0822273038884158,,,0.8,,0.8000115528708884,0.19998844712911157,0.7546920617426132,0.14746338319063804,10,0.025,0.15,0.9731046313906238,0.9697506243542823,0.969707018602086,1.0,0.965457838359193,0.9635052049556729,0.9621671720257257,0.9621743814139196,0.9687079835912445,0.9694399637690078,0.96757836505751,0.9684091407003433
1,4,2.2201541149255,0.1962802975761939,4167,2.2909790788378035,0.0936374549819928,833,2.2894642624673964,0.1059,0.9830145188502681,0.08361860982965856,,,0.9244328537270309,,0.9244689805416646,0.0755310194583354,0.7551826479747649,0.14755706224782475,10,0.025,0.15,0.9667550116298718,0.96978843312573,0.9584373209826558,0.965457838359193,1.0,0.9624480526121415,0.9626619841656783,0.9659379487772255,0.9633030299654389,0.962125722071619,0.9624133681366516,0.9646136933636895
1,5,2.217562422246644,0.19498440124790017,4167,2.2882676465170726,0.10804321728691477,833,2.289464187018479,0.1059,0.9820172556241809,0.08378822535632187,,,0.9396025898673628,,0.9396445016586622,0.0603554983413378,0.755166302825298,0.1475578480458315,10,0.025,0.15,0.9657469344266328,0.966911710947922,0.9689256013089383,0.9635052049556729,0.9624480526121415,1.0,0.9555182293877765,0.9630336938558047,0.958903428467012,0.9592104198618583,0.9557372684377176,0.9718677397006172
1,6,2.2326418753826256,0.18099352051835854,4167,2.2888082436152866,0.09963985594237695,833,2.2894748072080975,0.1071,0.9811683129692683,0.08254436731788262,,,0.8283568884251254,,0.8283986070538529,0.17160139294614707,0.7544798117727733,0.14752296026747488,10,0.025,0.15,0.9558075967306938,0.9636277783910221,0.9691298659206875,0.9621671720257257,0.9626619841656783,0.9555182293877765,1.0,0.9608257392455911,0.9665951913300627,0.9596498030754832,0.9614579603086607,0.965435449703825
1,7,2.225940893274365,0.1929445644348452,4167,2.2895468303135464,0.08523409363745499,833,2.2894749641418457,0.1071,0.983389463066637,0.08259276524983541,,,0.8326854064087359,,0.8327226815863742,0.1672773184136258,0.7544652241466546,0.14752427307887864,10,0.025,0.15,0.9673528938465776,0.9721312468004442,0.954815577632799,0.9621743814139196,0.9659379487772255,0.9630336938558047,0.9608257392455911,1.0,0.9675135150750371,0.9661415408978357,0.958656734314946,0.9701322047176564
1,8,2.2307196075266056,0.19049447911665868,4166,2.2874630178724016,0.12004801920768307,833,2.2894643439522273,0.1059,0.9839501484932551,0.08352310840798023,,,0.9158915875093302,,0.9159363601855061,0.08406363981449394,0.7551898863985645,0.14755662536760547,10,0.025,0.15,0.9608932093087872,0.9686448905022998,0.9621329595244347,0.9687079835912445,0.9633030299654389,0.958903428467012,0.9665951913300627,0.9675135150750371,1.0,0.9697872583592445,0.9615370458992685,0.9670693524465434
1,9,2.2235900004704794,0.18682189150264042,4166,2.2871292659214566,0.11284513805522209,833,2.2894643198085736,0.1059,0.9839994571131291,0.08419897026429939,,,0.9763379760526872,,0.9763908831344589,0.023609116865541124,0.7551541734525636,0.147558409097161,10,0.025,0.15,0.9695501536995118,0.9683807317383564,0.9630945596397369,0.9694399637690078,0.962125722071619,0.9592104198618583,0.9596498030754832,0.9661415408978357,0.9697872583592445,1.0,0.9569639218481308,0.9707956331033428
1,10,2.2303143429033683,0.18461353816610657,4166,2.2906044891902377,0.11044417767106843,833,2.289473056793213,0.1071,0.9806669516737052,0.08289868562723925,,,0.860045704704887,,0.860094733541285,0.13990526645871504,0.7545085497859819,0.14753123978769594,10,0.025,0.15,0.9662650331722942,0.9606013662703672,0.9665718041429129,0.96757836505751,0.9624133681366516,0.9557372684377176,0.9614579603086607,0.958656734314946,0.9615370458992685,0.9569639218481308,1.0,0.9592374072438484
1,11,2.2194680109168545,0.19762361977916468,4166,2.288257905415126,0.10804321728691477,833,2.2894643530060974,0.1059,0.9862322661605933,0.08423991600650356,,,0.979999999910564,,0.9800300374643098,0.019969962535690167,0.7551530578622174,0.14755842316988788,10,0.025,0.15,0.9696160823456424,0.9713478632470482,0.9629473304658771,0.9684091407003433,0.9646136933636895,0.9718677397006172,0.965435449703825,0.9701322047176564,0.9670693524465434,0.9707956331033428,0.9592374072438484,1.0
2,0,2.1118284008719703,0.24223662107031438,4167,2.276475327355521,0.13788968824940048,834,2.2757595370087444,0.1418,0.9851442261142769,0.08325303240730433,,,0.883727122772794,,0.8837698668119027,0.11623013318809727,0.9353425831935533,0.14749939241551838,10,0.025,0.15,1.0,0.9697975626344433,0.9623991783865755,0.96852403529904,0.9620888252657088,0.9648855576649573,0.9621644130176795,0.9658159392569069,0.9619282624000977,0.9693556308894453,0.9711208641067197,0.9677215816212517
2,1,2.1177323269121575,0.24221262299016078,4167,2.2744457040514265,0.15947242206235013,834,2.2757450779782067,0.1415,0.9851593639400571,0.08386997938628976,,,0.9729406602226842,,0.9729827862223762,0.027017213777623783,0.9354537818707507,0.14751329479625908,10,0.025,0.15,0.9697975626344433,1.0,0.9624345594580475,0.9639812793880342,0.9672231226136345,0.9604036886979558,0.9642022118941184,0.9685170686461713,0.9692616415946986,0.9661939901663533,0.9664789465204748,0.9671127556095628
2,2,2.1011582024169693,0.2425725941924646,4167,2.277651003428868,0.1342925659472422,834,2.275758957561058,0.1418,0.9819705516475487,0.08316909925624182,,,0.8715899804077932,,0.871622848277797,0.128377151722203,0.9353565665968582,0.14749097944668843,10,0.025,0.15,0.9623991783865755,0.9624345594580475,1.0,0.9621763808023114,0.9599684403983417,0.9637041578876087,0.9658644872252492,0.9560565464434234,0.96515256179341,0.9633394411787455,0.9673577253572601,0.9599482763194024
2,3,2.1137576493349943,0.2473002159827214,4167,2.2779901708875383,0.13908872901678657,834,2.2757722576962243,0.1414,0.984130426962529,0.0826740261608271,,,0.8,,0.8000115528708884,0.19998844712911157,0.9350154936136876,0.14743827287382544,10,0.025,0.15,0.96852403529904,0.9639812793880342,0.9621763808023114,1.0,0.9602240311826561,0.9622218415625391,0.965924619106101,0.9601434139900568,0.9680312484849932,0.9671253937846449,0.9688963358640857,0.9669893102575501
2,4,2.116718182058045,0.24871610271178304,4167,2.2783914634159634,0.12244897959183673,833,2.2757448787930645,0.1415,0.9820071323673782,0.08346333352196542,,,0.9141376880363177,,0.9141704213497054,0.08582957865029461,0.9354083385573296,0.1475089615589481,10,0.025,0.15,0.9620888252657088,0.9672231226136345,0.9599684403983417,0.9602240311826561,1.0,0.956915032291802,0.9652625629646586,0.9639943026276593,0.9633468748245527,0.9635018504875811,0.9644147001290898,0.9616643296779349
2,5,2.112324406522693,0.2523638108951284,4167,2.275162696838379,0.14405762304921968,833,2.275744863703281,0.1415,0.9791746753999676,0.0834760031443755,,,0.9159697771328834,,0.9160106286412173,0.0839893713587827,0.9354152177289653,0.14750924362927043,10,0.025,0.15,0.9648855576649573,0.9604036886979558,0.9637041578876087,0.9622218415625391,0.956915032291802,1.0,0.9555405283187085,0.9560109440614106,0.9564857062864024,0.9574057755863544,0.9567768676401364,0.9646896067324909
2,6,2.131199233820944,0.23662107031437485,4167,2.2749059200286865,0.14405762304921968,833,2.2757670969902715,0.1414,0.9836922372222449,0.08285538394514134,,,0.8262252187527613,,0.8262778300407652,0.17372216995923484,0.935082295750458,0.14747125910977013,10,0.025,0.15,0.9621644130176795,0.9642022118941184,0.9658644872252492,0.965924619106101,0.9652625629646586,0.9555405283187085,1.0,0.9631026659173624,0.9683947361128,0.9641084107271956,0.9686889079054803,0.9657613846352536
2,7,2.1214921683976145,0.24367650587952963,4167,2.275569132396153,0.12725090036014405,833,2.2757667197456843,0.1414,0.9823455073467063,0.08284151530209335,,,0.8242197454331971,,0.8242808337871961,0.17571916621280392,0.9351092342907628,0.14747024917019727,10,0.025,0.15,0.9658159392569069,0.9685170686461713,0.9560565464434234,0.9601434139900568,0.9639943026276593,0.9560109440614106,0.9631026659173624,1.0,0.9655817363387106,0.9643997897052734,0.9634422854737741,0.9658827139796531
2,8,2.122418345827045,0.24687950072011522,4166,2.2745493820735385,0.1452581032412965,833,2.2757449451881118,0.1415,0.98419026158821,0.08347530070695973,,,0.915868201261969,,0.9159116040336024,0.08408839596639761,0.935404467610473,0.14750924208462454,10,0.025,0.15,0.9619282624000977,0.9692616415946986,0.96515256179341,0.9680312484849932,0.9633468748245527,0.9564857062864024,0.9683947361128,0.9655817363387106,1.0,0.9644768164211253,0.9672745102237331,0.9645902637038112
2,9,2.1223260124524432,0.23795007201152185,4166,2.271681070327759,0.15846338535414164,833,2.2757453616661363,0.1415,0.9840334247243571,0.08388712194403218,,,0.975419557549737,,0.9754666534633857,0.02453334653661432,0.9354550534818206,0.14751331961585817,10,0.025,0.15,0.9693556308894453,0.9661939901663533,0.9633394411787455,0.9671253937846449,0.9635018504875811,0.9574057755863544,0.9641084107271956,0.9643997897052734,0.9644768164211253,1.0,0.9660432167459309,0.9663846997833841
2,10,2.1306246147011265,0.23106096975516083,4166,2.2769010748182024,0.1452581032412965,833,2.2757611244539673,0.1417,0.9849999720007351,0.08311640670633824,,,0.8639703810997889,,0.8639979534914426,0.1360020465085574,0.935220745358488,0.14748850094232582,10,0.025,0.15,0.9711208641067197,0.9664789465204748,0.9673577253572601,0.9688963358640857,0.9644147001290898,0.9567768676401364,0.9686889079054803,0.9634422854737741,0.9672745102237331,0.9660432167459309,1.0,0.963867638715838
2,11,2.112521350022518,0.2498799807969275,4166,2.2744193077087402,0.14405762304921968,833,2.2757452650915218,0.1415,0.9842310974880091,0.08391879751843119,,,0.9799999998553951,,0.9800300374643098,0.019969962535690167,0.9354560825907283,0.14751335070179225,10,0.025,0.15,0.9677215816212517,0.9671127556095628,0.9599482763194024,0.9669893102575501,0.9616643296779349,0.9646896067324909,0.9657613846352536,0.9658827139796531,0.9645902637038112,0.9663846997833841,0.963867638715838,1.0
3,0,2.0340264678001403,0.27979361651067913,4167,2.2568090983799527,0.23980815347721823,834,2.2562486461446256,0.2368,0.9806087387056768,0.08331053151645587,,,0.98,,0.9800300374643098,0.019969962535690167,0.9753090986020683,0.1469676934983306,10,0.025,0.15,1.0,0.9599994268826154,0.9548797744495903,0.9557230928169931,0.954094646170865,0.956535007581567,0.9551492210178498,0.9578132464575589,0.9539718355014387,0.9591479251622962,0.9631450741141049,0.9589768145557218
3,1,2.038988684162949,0.2750419966402688,4167,2.2532925265175954,0.26498800959232616,834,2.256231573563588,0.238,0.9802674981654356,0.08368054808365863,,,0.98,,0.9800300374643098,0.019969962535690167,0.9753580757215967,0.1469676934983306,10,0.025,0.15,0.9599994268826154,1.0,0.9529609026250485,0.9533282073013436,0.9583337695978571,0.952155005630708,0.9550724802717452,0.9603956300091683,0.9589037167623257,0.9568910866929342,0.9582307961521699,0.9588444844896024
3,2,2.0208682670737756,0.280153587712983,4167,2.2576881476811,0.2182254196642686,834,2.2562474902672105,0.2368,0.9778260574220972,0.08316821098792275,,,0.98,,0.9800300374643098,0.019969962535690167,0.975228469607061,0.1469676934983306,10,0.025,0.15,0.9548797744495903,0.9529609026250485,1.0,0.9489318225587761,0.9530098284270366,0.9565336123478124,0.9598693008665939,0.9491169985705068,0.9557294757206858,0.9565081906182484,0.9581379969355224,0.9511122379651203
3,3,2.035967366984396,0.28192944564434846,4167,2.260407039097377,0.20863309352517986,834,2.2562684107430373,0.2368,0.9788059163247735,0.08289424353355465,,,0.98,,0.9800300374643098,0.019969962535690167,0.9749554205765608,0.1469676934983306,10,0.025,0.15,0.9557230928169931,0.9533282073013436,0.9489318225587761,1.0,0.9524876400637048,0.9541745195275491,0.9561337135984245,0.9514848626049455,0.958508353444183,0.9592480744175738,0.9596112454137495,0.9589046165278035
3,4,2.0381495855071328,0.2826733861291097,4167,2.2606492042541504,0.19807923169267708,833,2.2562313834323158,0.2378,0.9792378203941334,0.0833958703887269,,,0.98,,0.9800300374643098,0.019969962535690167,0.975346240895185,0.1469676934983306,10,0.025,0.15,0.954094646170865,0.9583337695978571,0.9530098284270366,0.9524876400637048,1.0,0.9518742737782,0.9586954012208406,0.9579435038125207,0.9567587389125034,0.9587821321363813,0.9581620117416333,0.9530963554773563
3,5,2.0321517059297274,0.29133669306455484,4167,2.256410155977522,0.2424969987995198,833,2.2562314166298396,0.238,0.9766202155883222,0.08331859204137172,,,0.98,,0.9800300374643098,0.019969962535690167,0.9753444504402033,0.1469676934983306,10,0.025,0.15,0.956535007581567,0.952155005630708,0.9565336123478124,0.9541745195275491,0.9518742737782,1.0,0.9494956012802512,0.9514080922136492,0.9520575681100688,0.9517024819565798,0.9512919080701405,0.9552199690386896
3,6,2.050915214148435,0.2716822654187665,4167,2.25513710294451,0.24489795918367346,833,2.2562599785720248,0.2368,0.9805933357862567,0.08306438845139137,,,0.98,,0.9800300374643098,0.019969962535690167,0.9751194202772705,0.1469676934983306,10,0.025,0.15,0.9551492210178498,0.9550724802717452,0.9598693008665939,0.9561337135984245,0.9586954012208406,0.9494956012802512,1.0,0.9554688281410428,0.9581084534043971,0.958721319337866,0.9650923072304368,0.9577079780593484
3,7,2.041832672104691,0.2789056875449964,4167,2.2558270522526334,0.23289315726290516,833,2.2562593779986417,0.2368,0.9792090052713288,0.08301081324406569,,,0.98,,0.9800300374643098,0.019969962535690167,0.9751252774125955,0.1469676934983306,10,0.025,0.15,0.9578132464575589,0.9603956300091683,0.9491169985705068,0.9514848626049455,0.9579435038125207,0.9514080922136492,0.9554688281410428,1.0,0.9547678620710482,0.9591837717268253,0.9575124797876263,0.9580393500595619
3,8,2.0396863377455507,0.278900624099856,4166,2.2561473165239607,0.24129651860744297,833,2.25623145284532,0.238,0.9798961788758466,0.0834246678373624,,,0.98,,0.9800300374643098,0.019969962535690167,0.9753444421614491,0.1469676934983306,10,0.025,0.15,0.9539718355014387,0.9589037167623257,0.9557294757206858,0.958508353444183,0.9567587389125034,0.9520575681100688,0.9581084534043971,0.9547678620710482,1.0,0.9564350247373334,0.95853061912939,0.9572154475022457
3,9,2.0438346429304644,0.2738838214114258,4166,2.2502967630113875,0.2737094837935174,833,2.2562318844131277,0.238,0.9811018759446242,0.08371826537829205,,,0.98,,0.9800300374643098,0.019969962535690167,0.9753583200008543,0.1469676934983306,10,0.025,0.15,0.9591479251622962,0.9568910866929342,0.9565081906182484,0.9592480744175738,0.9587821321363813,0.9517024819565798,0.958721319337866,0.9591837717268253,0.9564350247373334,1.0,0.9595612880611417,0.9588102447733653
3,10,2.0542629635695255,0.26505040806529045,4166,2.25742701121739,0.2388955582232893,833,2.2562515856344487,0.2368,0.9825128572360753,0.08328804035937994,,,0.98,,0.9800300374643098,0.019969962535690167,0.9752126236123894,0.1469676934983306,10,0.025,0.15,0.9631450741141049,0.9582307961521699,0.9581379969355224,0.9596112454137495,0.9581620117416333,0.9512919080701405,0.9650923072304368,0.9575124797876263,0.95853061912939,0.9595612880611417,1.0,0.9626782369636588
3,11,2.028185711484967,0.28526164186269803,4166,2.2548493998391286,0.2388955582232893,833,2.2562317274793795,0.238,0.980732652173084,0.08372582817781797,,,0.98,,0.9800300374643098,0.019969962535690167,0.975362076625752,0.1469676934983306,10,0.025,0.15,0.9589768145557218,0.9588444844896024,0.9511122379651203,0.9589046165278035,0.9530963554773563,0.9552199690386896,0.9577079780593484,0.9580393500595619,0.9572154475022457,0.9588102447733653,0.9626782369636588,1.0
4,0,1.9747951731537328,0.30767938564914804,4167,2.2314638069697788,0.2949640287769784,834,2.2310861756529987,0.2873,0.9756522983419369,0.08331707755764865,,,0.98,,0.9800300374643098,0.019969962535690167,0.9832891981804756,0.14635807073627718,10,0.025,0.15,1.0,0.9505706818278682,0.9473076974671114,0.9465450131478296,0.9441215645736858,0.9463216207669713,0.9469041861780398,0.9450003359238626,0.9437825532744535,0.9489233528295886,0.9530500134423614,0.9510162477830996
4,1,1.9769416129950321,0.29990400767938563,4167,2.2259428841727122,0.3261390887290168,834,2.2310672651363324,0.2881,0.9770749699255954,0.08359234185201123,,,0.98,,0.9800300374643098,0.019969962535690167,0.9832891981804756,0.14635807073627718,10,0.025,0.15,0.9505706818278682,1.0,0.9462895991349751,0.9458780928530724,0.9503797900134744,0.9452582524334093,0.9487403147400767,0.9508501103960714,0.9518469458743336,0.9478630650767771,0.9493705935882681,0.952937070728219
4,2,1.9616731961568197,0.30463162946964245,4167,2.2319280760628835,0.2841726618705036,834,2.2310846214052997,0.2872,0.9746765515536027,0.08319724680845463,,,0.98,,0.9800300374643098,0.019969962535690167,0.9832891981804756,0.14635807073627718,10,0.025,0.15,0.9473076974671114,0.9462895991349751,1.0,0.9408342222631166,0.9462417295511963,0.9491649472610628,0.9507313316318685,0.9414505998009363,0.9456401623400131,0.949170990397014,0.9497106915284357,0.9456720571868354
4,3,1.973909511349418,0.30254379649628027,4167,2.237799746649606,0.2577937649880096,834,2.231115504156185,0.2875,0.9746208050880887,0.08302592265722303,,,0.98,,0.9800300374643098,0.019969962535690167,0.9832891981804756,0.14635807073627718,10,0.025,0.15,0.9465450131478296,0.9458780928530724,0.9408342222631166,1.0,0.9427093842241797,0.9451794822623631,0.9469334379059855,0.9409200463895593,0.9499697485413044,0.9503614661345569,0.9518336902135379,0.9505483231388169
4,4,1.9776192032929623,0.303551715862731,4167,2.23781612941197,0.2533013205282113,833,2.2310672772081594,0.2881,0.9749450810173051,0.08334684839320093,,,0.98,,0.9800300374643098,0.019969962535690167,0.9832891981804756,0.14635807073627718,10,0.025,0.15,0.9441215645736858,0.9503797900134744,0.9462417295511963,0.9427093842241797,1.0,0.9439370453447341,0.9491161042269254,0.9474509696158929,0.9483155459309045,0.9505057944416918,0.948820657820686,0.9436218235072112
4,5,1.9678589842536234,0.31418286537077034,4167,2.2321649960109164,0.2917166866746699,833,2.2310673647289034,0.2881,0.9730854100728309,0.08323847622784561,,,0.98,,0.9800300374643098,0.019969962535690167,0.9832891981804756,0.14635807073627718,10,0.025,0.15,0.9463216207669713,0.9452582524334093,0.9491649472610628,0.9451794822623631,0.9439370453447341,1.0,0.9439531645113175,0.9439473932595466,0.9442035498207486,0.943395198674128,0.9416681339579148,0.946499807424897
4,6,1.9932453856323704,0.2924166066714663,4167,2.2299290725163052,0.2929171668667467,833,2.2311033387727375,0.2875,0.9762117704872775,0.08318300294879574,,,0.98,,0.9800300374643098,0.019969962535690167,0.9832891981804756,0.14635807073627718,10,0.025,0.15,0.9469041861780398,0.9487403147400767,0.9507313316318685,0.9469334379059855,0.9491161042269254,0.9439531645113175,1.0,0.944563935531744,0.94680474689712,0.9490448231120211,0.9551628193858702,0.9483164921286528
4,7,1.9787747177210722,0.2994480441564675,4167,2.2303317614964078,0.28211284513805523,833,2.2311023337931575,0.2875,0.9738853862850925,0.08307409824249122,,,0.98,,0.9800300374643098,0.019969962535690167,0.9832891981804756,0.14635807073627718,10,0.025,0.15,0.9450003359238626,0.9508501103960714,0.9414505998009363,0.9409200463895593,0.9474509696158929,0.9439473932595466,0.944563935531744,1.0,0.9436193154947584,0.9505997982497542,0.9471416910355148,0.9474618115683676
4,8,1.9774713173057095,0.30355256841094574,4166,2.2322000776018416,0.2737094837935174,833,2.2310673013518127,0.2881,0.9756979937702713,0.08338918387803236,,,0.98,,0.9800300374643098,0.019969962535690167,0.9832891981804756,0.14635807073627718,10,0.025,0.15,0.9437825532744535,0.9518469458743336,0.9456401623400131,0.9499697485413044,0.9483155459309045,0.9442035498207486,0.94680474689712,0.9436193154947584,1.0,0.9486888843546883,0.9495968346188123,0.9515300386332147
4,9,1.9822479638186368,0.29798367738838216,4166,2.222998789378575,0.3097238895558223,833,2.231067557878132,0.2881,0.9772054537321897,0.08361992734527492,,,0.98,,0.9800300374643098,0.019969962535690167,0.9832891981804756,0.14635807073627718,10,0.025,0.15,0.9489233528295886,0.9478630650767771,0.949170990397014,0.9503614661345569,0.9505057944416918,0.943395198674128,0.9490448231120211,0.9505997982497542,0.9486888843546883,1.0,0.9522733235795658,0.9507060329517366
4,10,1.9953354799386227,0.28415746519443114,4166,2.2322101252419606,0.290516206482593,833,2.231091505364527,0.2874,0.9782104495462094,0.08338646586894427,,,0.98,,0.9800300374643098,0.019969962535690167,0.9832891981804756,0.14635807073627718,10,0.025,0.15,0.9530500134423614,0.9493705935882681,0.9497106915284357,0.9518336902135379,0.948820657820686,0.9416681339579148,0.9551628193858702,0.9471416910355148,0.9495968346188123,0.9522733235795658,1.0,0.954908031544534
4,11,1.963801502458977,0.306745079212674,4166,2.2294459342956543,0.29531812725090034,833,2.2310673949084703,0.2881,0.977352905114004,0.08362940822007742,,,0.98,,0.9800300374643098,0.019969962535690167,0.9832891981804756,0.14635807073627718,10,0.025,0.15,0.9510162477830996,0.952937070728219,0.9456720571868354,0.9505483231388169,0.9436218235072112,0.946499807424897,0.9483164921286528,0.9474618115683676,0.9515300386332147,0.9507060329517366,0.954908031544534,1.0
5,0,1.9249293063626145,0.32203023758099353,4167,2.200610978262765,0.3057553956834532,834,2.200473124467874,0.3106,0.9717709511601152,0.08331611155285035,,,0.98,,0.9800300374643098,0.019969962535690167,0.9881566097345124,0.1457988717685719,10,0.025,0.15,1.0,0.9428381478253746,0.938392303494045,0.9380712250506869,0.936172515336406,0.9379976159989754,0.9384452552895157,0.9380228381844747,0.9368688450367995,0.9408166922893931,0.9437220126976311,0.9432720212891346
5,1,1.9255446325648915,0.3136549076073914,4167,2.1925811086382185,0.3489208633093525,834,2.2004532874385014,0.3104,0.9740279526734664,0.0835602757807466,,,0.98,,0.9800300374643098,0.019969962535690167,0.9881566097345124,0.1457988717685719,10,0.025,0.15,0.9428381478253746,1.0,0.9375342654111343,0.9406055317873626,0.9436618599139875,0.9380511415823984,0.9393779650633899,0.9454104990113276,0.9454146169003779,0.9414832295861946,0.9411430184393749,0.9452538952579833
5,2,1.9108262715917645,0.32193424526037917,4167,2.2008534499577115,0.31774580335731417,834,2.2004712714424617,0.3105,0.9705994145698437,0.08320365609761572,,,0.98,,0.9800300374643098,0.019969962535690167,0.9881566097345124,0.1457988717685719,10,0.025,0.15,0.938392303494045,0.9375342654111343,1.0,0.9325386608961168,0.9387562526888754,0.9397055133203268,0.9410047360675146,0.9353116328403809,0.9385657791770101,0.9429370166413494,0.939814821413693,0.9364943090974898
5,3,1.9213196541323807,0.3154067674586033,4167,2.210339069366455,0.2949640287769784,834,2.200512892083277,0.3109,0.9712553286664376,0.08311889041904938,,,0.98,,0.9800300374643098,0.019969962535690167,0.9881566097345124,0.1457988717685719,10,0.025,0.15,0.9380712250506869,0.9406055317873626,0.9325386608961168,1.0,0.9342905815401221,0.9362029708867092,0.9378090557896396,0.9353368496562199,0.9421792913556709,0.943052713939614,0.9450100925554353,0.9436972521458447
5,4,1.9275825110348788,0.31907847372210224,4167,2.209820645196097,0.28211284513805523,833,2.200453640539435,0.3104,0.9709386344547822,0.08330741497527253,,,0.98,,0.9800300374643098,0.019969962535690167,0.9881566097345124,0.1457988717685719,10,0.025,0.15,0.936172515336406,0.9436618599139875,0.9387562526888754,0.9342905815401221,1.0,0.933811429240413,0.9398387772019076,0.9396165142111261,0.9402972986144483,0.944296882916468,0.9410595191107667,0.9330973429697189
5,5,1.9173584085522275,0.3281017518598512,4167,2.2027465956551686,0.3097238895558223,833,2.200453676754915,0.3104,0.9688724921217243,0.0831728849292594,,,0.98,,0.9800300374643098,0.019969962535690167,0.9881566097345124,0.1457988717685719,10,0.025,0.15,0.9379976159989754,0.9380511415823984,0.9397055133203268,0.9362029708867092,0.933811429240413,1.0,0.9357615079200348,0.9362804454213697,0.9375682336050621,0.9356351500148283,0.9338843083886932,0.9360219020153941
5,6,1.9430487325697234,0.3065034797216223,4167,2.199249403817313,0.31092436974789917,833,2.2004970749722252,0.3107,0.9714600725964873,0.08322289778040369,,,0.98,,0.9800300374643098,0.019969962535690167,0.9881566097345124,0.1457988717685719,10,0.025,0.15,0.9384452552895157,0.9393779650633899,0.9410047360675146,0.9378090557896396,0.9398387772019076,0.9357615079200348,1.0,0.9386395358512658,0.9387913890315561,0.9401833930688419,0.9445067658968239,0.9367703846268449
5,7,1.9264989896254106,0.3132949364050876,4167,2.1993214743477956,0.3097238895558223,833,2.200495750089235,0.3107,0.9712121874235817,0.0831473341390372,,,0.98,,0.9800300374643098,0.019969962535690167,0.9881566097345124,0.1457988717685719,10,0.025,0.15,0.9380228381844747,0.9454104990113276,0.9353116328403809,0.9353368496562199,0.9396165142111261,0.9362804454213697,0.9386395358512658,1.0,0.9352015931833196,0.9443861586534723,0.939625055025066,0.9404279735664719
5,8,1.925091977191694,0.3185789726356217,4166,2.2029102529798235,0.297719087635054,833,2.200453568108474,0.3104,0.9723201342200161,0.08337869994719088,,,0.98,,0.9800300374643098,0.019969962535690167,0.9881566097345124,0.1457988717685719,10,0.025,0.15,0.9368688450367995,0.9454146169003779,0.9385657791770101,0.9421792913556709,0.9402972986144483,0.9375682336050621,0.9387913890315561,0.9352015931833196,1.0,0.9404571744127428,0.9420372435222012,0.9435883157078676
5,9,1.9316202792254362,0.31260201632261164,4166,2.189997809273856,0.3217286914765906,833,2.2004535439648207,0.3104,0.9740292470130947,0.08357741055543995,,,0.98,,0.9800300374643098,0.019969962535690167,0.9881566097345124,0.1457988717685719,10,0.025,0.15,0.9408166922893931,0.9414832295861946,0.9429370166413494,0.943052713939614,0.944296882916468,0.9356351500148283,0.9401833930688419,0.9443861586534723,0.9404571744127428,1.0,0.9450563930614346,0.942488610826699
5,10,1.9476355570735353,0.3016322611617859,4166,2.2014448983328685,0.29891956782713086,833,2.200481366507615,0.3106,0.9743226068348699,0.08344231976002069,,,0.98,,0.9800300374643098,0.019969962535690167,0.9881566097345124,0.1457988717685719,10,0.025,0.15,0.9437220126976311,0.9411430184393749,0.939814821413693,0.9450100925554353,0.9410595191107667,0.9338843083886932,0.9445067658968239,0.939625055025066,0.9420372435222012,0.9450563930614346,1.0,0.9484827478663399
5,11,1.9096022678144051,0.3230196831493039,4166,2.1984701497214183,0.3241296518607443,833,2.200453323653982,0.3104,0.9730731150938514,0.08355210406311347,,,0.98,,0.9800300374643098,0.019969962535690167,0.9881566097345124,0.1457988717685719,10,0.025,0.15,0.9432720212891346,0.9452538952579833,0.9364943090974898,0.9436972521458447,0.9330973429697189,0.9360219020153941,0.9367703846268449,0.9404279735664719,0.9435883157078676,0.942488610826699,0.9484827478663399,1.0
6,0,1.8833805467143203,0.33755699544036477,4167,2.164860418864659,0.33093525179856115,834,2.1648272019398362,0.3254,0.9685815208078852,0.08331702749604786,,,0.98,,0.9800300374643098,0.019969962535690167,0.9913910689370825,0.14531337625507584,10,0.025,0.15,1.0,0.9357590972403176,0.9336760437160585,0.9320091496429646,0.9275195020188178,0.9299386130670744,0.930577352658946,0.9291796161270113,0.9303300544464779,0.9336640017607083,0.9383253238970851,0.9388187802036211
6,1,1.8806820475693904,0.3283417326613871,4167,2.153574671064104,0.3645083932853717,834,2.164808490608312,0.3262,0.970761686532531,0.08353969774054368,,,0.98,,0.9800300374643098,0.019969962535690167,0.9913910689370825,0.14531337625507584,10,0.025,0.15,0.9357590972403176,1.0,0.9319367433809179,0.9340304760548291,0.9344247063539953,0.9307082304870539,0.9319831017413727,0.9384308784047792,0.9402195188817807,0.9353829218793751,0.9343974276717715,0.9377070762047531
6,2,1.86730423226501,0.33762898968082555,4167,2.1648804460253035,0.3369304556354916,834,2.1648255149020423,0.3255,0.9691636816150653,0.08326626861916812,,,0.98,,0.9800300374643098,0.019969962535690167,0.9913910689370825,0.14531337625507584,10,0.025,0.15,0.9336760437160585,0.9319367433809179,1.0,0.9272254633789201,0.9338084917174347,0.9337963007141099,0.9356944122907581,0.9308520623983669,0.9317178577494167,0.9398912556382811,0.9358381313206577,0.9322374674719647
6,3,1.8732128508163222,0.32973362131029516,4167,2.1780886309487477,0.31654676258992803,834,2.164878923681718,0.3252,0.9676725077289345,0.08316498805382358,,,0.98,,0.9800300374643098,0.019969962535690167,0.9913910689370825,0.14531337625507584,10,0.025,0.15,0.9320091496429646,0.9340304760548291,0.9272254633789201,1.0,0.9260122259202266,0.929700458128809,0.9294787174505239,0.9262135786742339,0.9341877245681774,0.9361794015947231,0.9383593111645784,0.9359781977417544
6,4,1.8851584821036367,0.33002159827213823,4167,2.1770868641989574,0.304921968787515,833,2.1648092813129667,0.3262,0.96680949229891,0.08325377000399611,,,0.98,,0.9800300374643098,0.019969962535690167,0.9913910689370825,0.14531337625507584,10,0.025,0.15,0.9275195020188178,0.9344247063539953,0.9338084917174347,0.9260122259202266,1.0,0.9278676251816893,0.9320841766124367,0.9312464551547716,0.9324772728802732,0.9365400444431987,0.9331682820181072,0.924083213654893
6,5,1.8723134824723908,0.344180465562755,4167,2.168466465813773,0.3157262905162065,833,2.1648091907742657,0.3262,0.9654481532730848,0.08312585476283361,,,0.98,,0.9800300374643098,0.019969962535690167,0.9913910689370825,0.14531337625507584,10,0.025,0.15,0.9299386130670744,0.9307082304870539,0.9337963007141099,0.929700458128809,0.9278676251816893,1.0,0.9275808747912775,0.9293451544980539,0.9279755445444654,0.9297422270796973,0.9286653968071723,0.9282295915057244
6,6,1.900291143764149,0.32083033357331414,4167,2.163639613560268,0.3157262905162065,833,2.164858700353888,0.3255,0.9674240739860643,0.08322140286641687,,,0.98,,0.9800300374643098,0.019969962535690167,0.9913910689370825,0.14531337625507584,10,0.025,0.15,0.930577352658946,0.9319831017413727,0.9356944122907581,0.9294787174505239,0.9320841766124367,0.9275808747912775,1.0,0.9303010233162646,0.9298932545034629,0.9309128089049838,0.9376901419921749,0.9302618015131031
6,7,1.8796781146165096,0.3269018478521718,4167,2.1633474145616804,0.32292917166866747,833,2.1648569378671767,0.3255,0.9675783774959348,0.08317956110865715,,,0.98,,0.9800300374643098,0.019969962535690167,0.9913910689370825,0.14531337625507584,10,0.025,0.15,0.9291796161270113,0.9384308784047792,0.9308520623983669,0.9262135786742339,0.9312464551547716,0.9293451544980539,0.9303010233162646,1.0,0.9298185952733193,0.9374589246494048,0.9322589931464469,0.9331590893437987
6,8,1.879985519250234,0.3313970235237638,4166,2.1685774326324463,0.31932773109243695,833,2.164809109289435,0.3262,0.9689164231264746,0.08336679336109289,,,0.98,,0.9800300374643098,0.019969962535690167,0.9913910689370825,0.14531337625507584,10,0.025,0.15,0.9303300544464779,0.9402195188817807,0.9317178577494167,0.9341877245681774,0.9324772728802732,0.9279755445444654,0.9298932545034629,0.9298185952733193,1.0,0.9347950227659303,0.9353085992862894,0.936909363309454
6,9,1.8886067946751912,0.32678828612578015,4166,2.152085644858224,0.33373349339735897,833,2.164808659613887,0.3262,0.9709724066233982,0.08355720892545845,,,0.98,,0.9800300374643098,0.019969962535690167,0.9913910689370825,0.14531337625507584,10,0.025,0.15,0.9336640017607083,0.9353829218793751,0.9398912556382811,0.9361794015947231,0.9365400444431987,0.9297422270796973,0.9309128089049838,0.9374589246494048,0.9347950227659303,1.0,0.9365380995854455,0.9363282780983134
6,10,1.9066341374859666,0.31296207393182907,4166,2.165532316480364,0.3169267707082833,833,2.1648389327375193,0.3255,0.9715774759697173,0.08349315495182048,,,0.98,,0.9800300374643098,0.019969962535690167,0.9913910689370825,0.14531337625507584,10,0.025,0.15,0.9383253238970851,0.9343974276717715,0.9358381313206577,0.9383593111645784,0.9331682820181072,0.9286653968071723,0.9376901419921749,0.9322589931464469,0.9353085992862894,0.9365380995854455,1.0,0.9439969211592908
