round,client_id,client_i_training_loss,client_i_training_accuracy,client_i_training_dataset_size,client_i_evaluation_loss,client_i_evaluation_accuracy,client_i_evaluation_dataset_size,client_i_central_evaluation_loss,client_i_central_evaluation_accuracy,client_i_cosine_similarity,client_i_importance_coefficient,client_i_tanh_val,tanh_normalization_value,client_i_q,client_i_mask_order,client_i_v_nonzero_fraction,client_i_v_sparsity,client_i_v_cosine_similarity,client_i_reward_gradient_norm,local_epochs,learning_rate,gamma,client_0_cosine_similarity,client_1_cosine_similarity,client_2_cosine_similarity,client_3_cosine_similarity,client_4_cosine_similarity,client_5_cosine_similarity,client_6_cosine_similarity,client_7_cosine_similarity,client_8_cosine_similarity,client_9_cosine_similarity,client_10_cosine_similarity,client_11_cosine_similarity
0,0,2.211719830628413,0.31316,5000,2.258133331934611,0.24100719424460432,834,2.2581992507361757,0.2446,0.9962658442740665,0.08329859541031806,,,0.95,,0.95001498149061,0.04998501850938997,0,0.09966804431254363,5,0.001,0.1,1.0,0.9943768023698931,0.9948372573517893,0.991526184432384,0.9917759267519486,0.9898136290250718,0.9915915471521652,0.9929887949121832,0.9894472756994075,0.9936204935768918,0.9939074105314998,0.9916293111462406
0,1,2.2171863771547935,0.29776,5000,2.2527823978000217,0.26618705035971224,834,2.2581992507361757,0.2446,0.9980673876275337,0.08344922391151288,,,0.95,,0.95001498149061,0.04998501850938997,0,0.09966804431254363,5,0.001,0.1,0.9943768023698931,1.0,0.9955506240255886,0.9938801882950534,0.9941208846787504,0.9933354617247396,0.9925468774963548,0.9946227608302171,0.9933269125446365,0.994176011912447,0.9959080167694924,0.9952168675213658
0,2,2.2135415584418423,0.31044,5000,2.257182483319883,0.2290167865707434,834,2.2581992507361757,0.2446,0.9977086467783588,0.08341922929810291,,,0.95,,0.95001498149061,0.04998501850938997,0,0.09966804431254363,5,0.001,0.1,0.9948372573517893,0.9955506240255886,1.0,0.9932721504367075,0.993909773186207,0.9926000470820975,0.9925736653191655,0.9941871639057362,0.990404230731586,0.9957915727522687,0.9959886465238234,0.993655673347127
0,3,2.2172538344267827,0.3002,5000,2.259734100765652,0.22541966426858512,834,2.2581992507361757,0.2446,0.9964414369617398,0.08331327685737516,,,0.95,,0.95001498149061,0.04998501850938997,0,0.09966804431254363,5,0.001,0.1,0.991526184432384,0.9938801882950534,0.9932721504367075,1.0,0.9932182343637949,0.990271892308374,0.9862830266965759,0.9941060711490803,0.9936372975848042,0.9916630066162768,0.9953696973788628,0.9943870022133279
0,4,2.216688933038408,0.31604,5000,2.253307165922942,0.2665066026410564,833,2.2581992507361757,0.2446,0.9967325327459221,0.08333761561202746,,,0.95,,0.95001498149061,0.04998501850938997,0,0.09966804431254363,5,0.001,0.1,0.9917759267519486,0.9941208846787504,0.993909773186207,0.9932182343637949,1.0,0.9940877170713326,0.9920405816154829,0.9948260597489833,0.9895093250293998,0.9894872629672082,0.9964915231211087,0.9916290188665696
0,5,2.210815473422883,0.31004,5000,2.2599154401708534,0.26770708283313327,833,2.2581992507361757,0.2446,0.9963075175125384,0.08330207974359202,,,0.95,,0.95001498149061,0.04998501850938997,0,0.09966804431254363,5,0.001,0.1,0.9898136290250718,0.9933354617247396,0.9926000470820975,0.990271892308374,0.9940877170713326,1.0,0.992528661949188,0.9953698959638175,0.9909665952587489,0.9905224395144414,0.994169418022865,0.9923472929626114
0,6,2.209901313569136,0.32436,5000,2.25478493725812,0.23169267707082833,833,2.2581992507361757,0.2446,0.9946130301858156,0.0831604022836371,,,0.95,,0.95001498149061,0.04998501850938997,0,0.09966804431254363,5,0.001,0.1,0.9915915471521652,0.9925468774963548,0.9925736653191655,0.9862830266965759,0.9920405816154829,0.992528661949188,1.0,0.9929452016956576,0.9838431180527971,0.9908382378688658,0.9926921668036529,0.9878636007328622
0,7,2.2126235445593574,0.3154,5000,2.2564360124093517,0.22929171668667467,833,2.2581992507361757,0.2446,0.997868590464975,0.08343260231948717,,,0.95,,0.95001498149061,0.04998501850938997,0,0.09966804431254363,5,0.001,0.1,0.9929887949121832,0.9946227608302171,0.9941871639057362,0.9941060711490803,0.9948260597489833,0.9953698959638175,0.9929452016956576,1.0,0.9925892608026695,0.9921427990298829,0.996677291570201,0.9942284585291116
0,8,2.2150708183361467,0.29548,5000,2.2640265358818903,0.22448979591836735,833,2.2581992507361757,0.2446,0.9948494261913022,0.0831801675454202,,,0.95,,0.95001498149061,0.04998501850938997,0,0.09966804431254363,5,0.001,0.1,0.9894472756994075,0.9933269125446365,0.990404230731586,0.9936372975848042,0.9895093250293998,0.9909665952587489,0.9838431180527971,0.9925892608026695,1.0,0.988633922161713,0.9921449011054279,0.9940711841219605
0,9,2.212000802823692,0.31228,5000,2.248218712983308,0.27611044417767105,833,2.2581992507361757,0.2446,0.9960008804307136,0.08327644156843672,,,0.95,,0.95001498149061,0.04998501850938997,0,0.09966804431254363,5,0.001,0.1,0.9936204935768918,0.994176011912447,0.9957915727522687,0.9916630066162768,0.9894872629672082,0.9905224395144414,0.9908382378688658,0.9921427990298829,0.988633922161713,1.0,0.993621332181054,0.9918485408054989
0,10,2.2169676765514787,0.30932,5000,2.2544310887654624,0.22208883553421369,833,2.2581992507361757,0.2446,0.9985002640447598,0.08348541705990639,,,0.95,,0.95001498149061,0.04998501850938997,0,0.09966804431254363,5,0.001,0.1,0.9939074105314998,0.9959080167694924,0.9959886465238234,0.9953696973788628,0.9964915231211087,0.994169418022865,0.9926921668036529,0.996677291570201,0.9921449011054279,0.993621332181054,1.0,0.9952682812566922
0,11,2.21489390932071,0.30668,5000,2.2537660598754883,0.25570228091236497,833,2.2581992507361757,0.2446,0.9968202340617114,0.08334494839018389,,,0.95,,0.95001498149061,0.04998501850938997,0,0.09966804431254363,5,0.001,0.1,0.9916293111462406,0.9952168675213658,0.993655673347127,0.9943870022133279,0.9916290188665696,0.9923472929626114,0.9878636007328622,0.9942284585291116,0.9940711841219605,0.9918485408054989,0.9952682812566922,1.0
1,0,2.0747176475585647,0.3914,5000,2.2077516273215965,0.33213429256594723,834,2.206222259198515,0.3303,0.9982119778356349,0.08331156789120771,,,0.95,,0.95001498149061,0.04998501850938997,0.954640149052044,0.09982252228260079,5,0.001,0.1,1.0,0.9970902830116193,0.9973842685183162,0.995894850569103,0.995732150946733,0.995206614142682,0.9958794889598406,0.9964548034952081,0.9943329788248652,0.9964078230133835,0.9972841066815284,0.9956293561129773
1,1,2.084933222023545,0.4036,5000,2.2011048882095903,0.3501199040767386,834,2.206222259198515,0.3303,0.9990087514390634,0.08342967205288108,,,0.95,,0.95001498149061,0.04998501850938997,0.954640149052044,0.09982252228260079,5,0.001,0.1,0.9970902830116193,1.0,0.9975779033401934,0.997666032292971,0.9969991850543223,0.9965879549384297,0.9956245959530651,0.997136638434975,0.9966978612465855,0.996303948884422,0.9979522631398724,0.9972013038218275
1,2,2.0785093002258592,0.37972,5000,2.205654170778063,0.32014388489208634,834,2.206222259198515,0.3303,0.998676987654494,0.08340056621524751,,,0.95,,0.95001498149061,0.04998501850938997,0.954640149052044,0.09982252228260079,5,0.001,0.1,0.9973842685183162,0.9975779033401934,1.0,0.9964508339223775,0.996303984155389,0.9961609865458818,0.9957162166755309,0.9964827758637189,0.9956550956042042,0.9972583085272543,0.9975781540703008,0.9962964271359253
1,3,2.0853572503776308,0.39928,5000,2.2064549834639937,0.3069544364508393,834,2.206222259198515,0.3303,0.9984867296186898,0.08332944143060375,,,0.95,,0.95001498149061,0.04998501850938997,0.954640149052044,0.09982252228260079,5,0.001,0.1,0.995894850569103,0.997666032292971,0.9964508339223775,1.0,0.9965104408379043,0.9960233936819457,0.9931566423057729,0.9972219393549179,0.9967593122917527,0.9954095496736276,0.9979116897650181,0.997578715472408
1,4,2.081145112074105,0.41708,5000,2.2015471988254123,0.34813925570228094,833,2.206222259198515,0.3303,0.9980522795934181,0.08333034483519682,,,0.95,,0.95001498149061,0.04998501850938997,0.954640149052044,0.09982252228260079,5,0.001,0.1,0.995732150946733,0.9969991850543223,0.996303984155389,0.9965104408379043,1.0,0.9964570168924041,0.995502067805094,0.996706870359095,0.9948524164726783,0.9936213460243164,0.997806987106343,0.9948882546288998
1,5,2.073287019911845,0.41256,5000,2.2065027289920383,0.35294117647058826,833,2.206222259198515,0.3303,0.9981614224220425,0.08331207297732178,,,0.95,,0.95001498149061,0.04998501850938997,0.954640149052044,0.09982252228260079,5,0.001,0.1,0.995206614142682,0.9965879549384297,0.9961609865458818,0.9960233936819457,0.9964570168924041,1.0,0.9956244635938714,0.9971482015826345,0.9960717638818997,0.9954466779251523,0.9966319979103843,0.9953362325402142
1,6,2.0694138089562677,0.42584,5000,2.2026205239472567,0.31812725090036015,833,2.206222259198515,0.3303,0.9969924315254555,0.08318744344777126,,,0.95,,0.95001498149061,0.04998501850938997,0.954640149052044,0.09982252228260079,5,0.001,0.1,0.9958794889598406,0.9956245959530651,0.9957162166755309,0.9931566423057729,0.995502067805094,0.9956244635938714,1.0,0.9958198199113844,0.9920645666065078,0.9949076190738833,0.9956807227660246,0.9927209094770801
1,7,2.0753921911215327,0.4126,5000,2.2037253733034485,0.3097238895558223,833,2.206222259198515,0.3303,0.9986874800258217,0.08340910691102603,,,0.95,,0.95001498149061,0.04998501850938997,0.954640149052044,0.09982252228260079,5,0.001,0.1,0.9964548034952081,0.997136638434975,0.9964827758637189,0.9972219393549179,0.996706870359095,0.9971482015826345,0.9958198199113844,1.0,0.9964116162390347,0.9957267983592767,0.9977903376363472,0.9960912369210071
1,8,2.082237181693885,0.39256,5000,2.213797542783949,0.31452581032412963,833,2.206222259198515,0.3303,0.9976674043532858,0.08322135424145041,,,0.95,,0.95001498149061,0.04998501850938997,0.954640149052044,0.09982252228260079,5,0.001,0.1,0.9943329788248652,0.9966978612465855,0.9956550956042042,0.9967593122917527,0.9948524164726783,0.9960717638818997,0.9920645666065078,0.9964116162390347,1.0,0.9942294505945993,0.9965957098344017,0.997105315792361
1,9,2.0764600033972673,0.38052,5000,2.193315929836697,0.34933973589435774,833,2.206222259198515,0.3303,0.9976061907626494,0.08327842545519705,,,0.95,,0.95001498149061,0.04998501850938997,0.954640149052044,0.09982252228260079,5,0.001,0.1,0.9964078230133835,0.996303948884422,0.9972583085272543,0.9954095496736276,0.9936213460243164,0.9954466779251523,0.9949076190738833,0.9957267983592767,0.9942294505945993,1.0,0.9959746747105281,0.994757403322118
1,10,2.083814684752446,0.40724,5000,2.2005869724132396,0.31452581032412963,833,2.206222259198515,0.3303,0.9991493181725559,0.08345640771837662,,,0.95,,0.95001498149061,0.04998501850938997,0.954640149052044,0.09982252228260079,5,0.001,0.1,0.9972841066815284,0.9979522631398724,0.9975781540703008,0.9979116897650181,0.997806987106343,0.9966319979103843,0.9956807227660246,0.9977903376363472,0.9965957098344017,0.9959746747105281,1.0,0.9973132710755107
1,11,2.081325228502796,0.39796,5000,2.2033297574078596,0.3469387755102041,833,2.206222259198515,0.3303,0.9980136992330196,0.08333359682371982,,,0.95,,0.95001498149061,0.04998501850938997,0.954640149052044,0.09982252228260079,5,0.001,0.1,0.9956293561129773,0.9972013038218275,0.9962964271359253,0.997578715472408,0.9948882546288998,0.9953362325402142,0.9927209094770801,0.9960912369210071,0.997105315792361,0.994757403322118,0.9973132710755107,1.0
2,0,1.8954914688304731,0.4476,5000,2.1433666105623597,0.3669064748201439,834,2.140209403662636,0.3686,0.9987727181208332,0.08331816861214714,,,0.95,,0.95001498149061,0.04998501850938997,0.9864128592922399,0.09988274321048092,5,0.001,0.1,1.0,0.9979335970181833,0.9977542070241405,0.997328941858766,0.9971218251872874,0.9968208621124754,0.9970648670336825,0.9977645709082051,0.9966892826953202,0.9975899339834416,0.9980623617613062,0.997108230344937
2,1,1.904851399561402,0.46604,5000,2.1355306572384305,0.3800959232613909,834,2.140209403662636,0.3686,0.999176734928519,0.08340362656908139,,,0.95,,0.95001498149061,0.04998501850938997,0.9864128592922399,0.09988274321048092,5,0.001,0.1,0.9979335970181833,1.0,0.9980619270153632,0.9979697984356344,0.9977515218007943,0.9978211027575916,0.9971173278746179,0.9978835105177828,0.9977897330236454,0.9972699183933361,0.9984498510261604,0.9980307251977184
2,2,1.8976038036832383,0.45736,5000,2.1399787620261863,0.34772182254196643,834,2.140209403662636,0.3686,0.998992239588675,0.08337982525645216,,,0.95,,0.95001498149061,0.04998501850938997,0.9864128592922399,0.09988274321048092,5,0.001,0.1,0.9977542070241405,0.9980619270153632,1.0,0.9974707537910086,0.9972867187812836,0.9975844446430583,0.9973809754029641,0.9975017580568818,0.9972892164185743,0.9981615177030082,0.9981235932888649,0.9972542863258412
2,3,1.9079420590856273,0.4618,5000,2.1393955725210683,0.34532374100719426,834,2.140209403662636,0.3686,0.9989134073594519,0.08333366875029027,,,0.95,,0.95001498149061,0.04998501850938997,0.9864128592922399,0.09988274321048092,5,0.001,0.1,0.997328941858766,0.9979697984356344,0.9974707537910086,1.0,0.9974566681315913,0.9971838025165352,0.996036933717413,0.9981810306616178,0.9977991533550179,0.99707306013522,0.998323623397256,0.9980995103134345
2,4,1.8983695778877112,0.47428,5000,2.135367914482399,0.3817527010804322,833,2.140209403662636,0.3686,0.9986730132641111,0.0833264645362319,,,0.95,,0.95001498149061,0.04998501850938997,0.9864128592922399,0.09988274321048092,5,0.001,0.1,0.9971218251872874,0.9977515218007943,0.9972867187812836,0.9974566681315913,1.0,0.9976596906044668,0.997158508347322,0.9976551254069277,0.9968819798853941,0.9960357294344162,0.998285314249134,0.9967498701156713
2,5,1.8886248804201746,0.4734,5000,2.1390945028375694,0.39015606242497,833,2.140209403662636,0.3686,0.9988295814307027,0.08332031345355354,,,0.95,,0.95001498149061,0.04998501850938997,0.9864128592922399,0.09988274321048092,5,0.001,0.1,0.9968208621124754,0.9978211027575916,0.9975844446430583,0.9971838025165352,0.9976596906044668,1.0,0.9970569450957824,0.9977505295175674,0.9976743000807194,0.9971306279822232,0.9978075661493611,0.9974320244168083
2,6,1.8834665061561924,0.4856,5000,2.1361656807087086,0.368547418967587,833,2.140209403662636,0.3686,0.998179911726885,0.08322292638358827,,,0.95,,0.95001498149061,0.04998501850938997,0.9864128592922399,0.09988274321048092,5,0.001,0.1,0.9970648670336825,0.9971173278746179,0.9973809754029641,0.996036933717413,0.997158508347322,0.9970569450957824,1.0,0.9971551398667451,0.9954848668793099,0.9966986523707636,0.9973296172440649,0.9956545500268373
2,7,1.892619532688408,0.4688,5000,2.136841442849901,0.3553421368547419,833,2.140209403662636,0.3686,0.9990877781755525,0.08338814553762866,,,0.95,,0.95001498149061,0.04998501850938997,0.9864128592922399,0.09988274321048092,5,0.001,0.1,0.9977645709082051,0.9978835105177828,0.9975017580568818,0.9981810306616178,0.9976551254069277,0.9977505295175674,0.9971551398667451,1.0,0.9976745847542359,0.9973689189957505,0.9984921384670544,0.9975863085524385
2,8,1.9013850977466364,0.46244,5000,2.1496725612216525,0.3385354141656663,833,2.140209403662636,0.3686,0.998696416613445,0.08326038884676341,,,0.95,,0.95001498149061,0.04998501850938997,0.9864128592922399,0.09988274321048092,5,0.001,0.1,0.9966892826953202,0.9977897330236454,0.9972892164185743,0.9977991533550179,0.9968819798853941,0.9976743000807194,0.9954848668793099,0.9976745847542359,1.0,0.9967800965091028,0.9980036227775867,0.9982585195161804
2,9,1.8974090011256515,0.45512,5000,2.123835387053313,0.38895558223289317,833,2.140209403662636,0.3686,0.9985087957780194,0.08328932881019935,,,0.95,,0.95001498149061,0.04998501850938997,0.9864128592922399,0.09988274321048092,5,0.001,0.1,0.9975899339834416,0.9972699183933361,0.9981615177030082,0.99707306013522,0.9960357294344162,0.9971306279822232,0.9966986523707636,0.9973689189957505,0.9967800965091028,1.0,0.997408602733633,0.9965604939010642
2,10,1.9058242002110573,0.46936,5000,2.132276358427825,0.37214885954381755,833,2.140209403662636,0.3686,0.9993741839847214,0.08342639258811822,,,0.95,,0.95001498149061,0.04998501850938997,0.9864128592922399,0.09988274321048092,5,0.001,0.1,0.9980623617613062,0.9984498510261604,0.9981235932888649,0.998323623397256,0.998285314249134,0.9978075661493611,0.9973296172440649,0.9984921384670544,0.9980036227775867,0.997408602733633,1.0,0.9981590527007702
2,11,1.8997927785679034,0.46888,5000,2.139602051840888,0.3877551020408163,833,2.140209403662636,0.3686,0.9987440349682442,0.08333075065594565,,,0.95,,0.95001498149061,0.04998501850938997,0.9864128592922399,0.09988274321048092,5,0.001,0.1,0.997108230344937,0.9980307251977184,0.9972542863258412,0.9980995103134345,0.9967498701156713,0.9974320244168083,0.9956545500268373,0.9975863085524385,0.9982585195161804,0.9965604939010642,0.9981590527007702,1.0
3,0,1.7165964891956111,0.5034,5000,2.0630203176427773,0.44244604316546765,834,2.0581207332519678,0.4414,0.9989671649869685,0.08332466572025546,,,0.95,,0.95001498149061,0.04998501850938997,0.994816375715986,0.09989465796724296,5,0.001,0.1,1.0,0.9978913516445195,0.9976554053523237,0.9980569939996686,0.9975128796934196,0.9975781989108526,0.9971720739683516,0.9980769763139238,0.997386236763952,0.9979753350478523,0.9981225187438348,0.9975627977344247
3,1,1.7228013425875621,0.51272,5000,2.054189611364294,0.4580335731414868,834,2.0581207332519678,0.4414,0.9991486788176466,0.08338292219465969,,,0.95,,0.95001498149061,0.04998501850938997,0.994816375715986,0.09989465796724296,5,0.001,0.1,0.9978913516445195,1.0,0.9979760311596892,0.9983327365111956,0.9978795947146625,0.9980364365025609,0.9972900829332451,0.9980170186249488,0.9979222982677608,0.9975453661423093,0.9982365358599764,0.9980372745863478
3,2,1.7160633169162045,0.51432,5000,2.058207944587425,0.4292565947242206,834,2.0581207332519678,0.4414,0.9989313433663396,0.0833613146700562,,,0.95,,0.95001498149061,0.04998501850938997,0.994816375715986,0.09989465796724296,5,0.001,0.1,0.9976554053523237,0.9979760311596892,1.0,0.9976259952769921,0.9974768240177353,0.9979230371752446,0.9974352546758705,0.997423422439982,0.997638053109914,0.9979563995153943,0.9980017012539926,0.9974486031065772
3,3,1.727798061765683,0.51532,5000,2.0563572821793734,0.420863309352518,834,2.0581207332519678,0.4414,0.9991659090642785,0.08334058338860738,,,0.95,,0.95001498149061,0.04998501850938997,0.994816375715986,0.09989465796724296,5,0.001,0.1,0.9980569939996686,0.9983327365111956,0.9976259952769921,1.0,0.9980359463209814,0.9977909700829657,0.9969671820825579,0.9982605262700831,0.9980482031089527,0.9974810906756743,0.9983812926472331,0.9983912726169436
3,4,1.7157671102292977,0.52032,5000,2.0526649157206216,0.4525810324129652,833,2.0581207332519678,0.4414,0.9988896930754599,0.08332725227866039,,,0.95,,0.95001498149061,0.04998501850938997,0.994816375715986,0.09989465796724296,5,0.001,0.1,0.9975128796934196,0.9978795947146625,0.9974768240177353,0.9980359463209814,1.0,0.9979919707774567,0.9975576949165669,0.9979830392761402,0.9974248024538233,0.9966926580659178,0.9983800639484103,0.9971261633803129
3,5,1.7060414151780925,0.5248,5000,2.0556649455317744,0.4549819927971189,833,2.0581207332519678,0.4414,0.9990446023536069,0.08332847983380508,,,0.95,,0.95001498149061,0.04998501850938997,0.994816375715986,0.09989465796724296,5,0.001,0.1,0.9975781989108526,0.9980364365025609,0.9979230371752446,0.9977909700829657,0.9979919707774567,1.0,0.9971997277227765,0.9980097591448069,0.9979629306654798,0.9977148289983813,0.9980369350538647,0.9976744967133935
3,6,1.6998449380230751,0.526,5000,2.053690512975057,0.42737094837935174,833,2.0581207332519678,0.4414,0.9983557714589056,0.08324653725190012,,,0.95,,0.95001498149061,0.04998501850938997,0.994816375715986,0.09989465796724296,5,0.001,0.1,0.9971720739683516,0.9972900829332451,0.9974352546758705,0.9969671820825579,0.9975576949165669,0.9971997277227765,1.0,0.9972557576777642,0.9962552736438782,0.9966638693675843,0.9975961234061481,0.9962719412642219
3,7,1.7095816587946218,0.5138,5000,2.053865843349033,0.43577430972388953,833,2.0581207332519678,0.4414,0.9991067486567108,0.0833720768166014,,,0.95,,0.95001498149061,0.04998501850938997,0.994816375715986,0.09989465796724296,5,0.001,0.1,0.9980769763139238,0.9980170186249488,0.997423422439982,0.9982605262700831,0.9979830392761402,0.9980097591448069,0.9972557576777642,1.0,0.997924468700396,0.9974824308319427,0.9984219985678298,0.9978071201859118
3,8,1.7186123011218515,0.52372,5000,2.0699044907534563,0.42016806722689076,833,2.0581207332519678,0.4414,0.9989220150789232,0.08328778084114466,,,0.95,,0.95001498149061,0.04998501850938997,0.994816375715986,0.09989465796724296,5,0.001,0.1,0.997386236763952,0.9979222982677608,0.997638053109914,0.9980482031089527,0.9974248024538233,0.9979629306654798,0.9962552736438782,0.997924468700396,1.0,0.9975243263311081,0.9981604998184787,0.9982029198153678
3,9,1.716288071984698,0.51308,5000,2.037854455135487,0.453781512605042,833,2.0581207332519678,0.4414,0.998687984344122,0.08329797301155412,,,0.95,,0.95001498149061,0.04998501850938997,0.994816375715986,0.09989465796724296,5,0.001,0.1,0.9979753350478523,0.9975453661423093,0.9979563995153943,0.9974810906756743,0.9966926580659178,0.9977148289983813,0.9966638693675843,0.9974824308319427,0.9975243263311081,1.0,0.9975712096615525,0.9970378290876393
3,10,1.7258121789640681,0.51264,5000,2.0476930097297386,0.453781512605042,833,2.0581207332519678,0.4414,0.9992988981308347,0.0834017290068349,,,0.95,,0.95001498149061,0.04998501850938997,0.994816375715986,0.09989465796724296,5,0.001,0.1,0.9981225187438348,0.9982365358599764,0.9980017012539926,0.9983812926472331,0.9983800639484103,0.9980369350538647,0.9975961234061481,0.9984219985678298,0.9981604998184787,0.9975712096615525,1.0,0.9980565314747631
3,11,1.7170642485284502,0.5228,5000,2.0605387775986284,0.4477791116446579,833,2.0581207332519678,0.4414,0.9988526526329686,0.08332868498592065,,,0.95,,0.95001498149061,0.04998501850938997,0.994816375715986,0.09989465796724296,5,0.001,0.1,0.9975627977344247,0.9980372745863478,0.9974486031065772,0.9983912726169436,0.9971261633803129,0.9976744967133935,0.9962719412642219,0.9978071201859118,0.9982029198153678,0.9970378290876393,0.9980565314747631,1.0
4,0,1.5621576857414974,0.54328,5000,1.9672612349192302,0.5011990407673861,834,1.9603042465429337,0.5034,0.998946649610065,0.08332867353974632,,,0.95,,0.95001498149061,0.04998501850938997,0.9972346853200073,0.09989254179176982,5,0.001,0.1,1.0,0.9976644393942229,0.9977269046167297,0.9977914236545301,0.9975144146385239,0.9975302002379287,0.9973053364721239,0.9979558883779978,0.9976033887340496,0.9979354454786417,0.9981009431904612,0.9973617315372254
4,1,1.5660067249255576,0.54988,5000,1.957393315103319,0.5275779376498801,834,1.9603042465429337,0.5034,0.9990732662258527,0.0833684800715137,,,0.95,,0.95001498149061,0.04998501850938997,0.9972346853200073,0.09989254179176982,5,0.001,0.1,0.9976644393942229,1.0,0.9980446903374945,0.9983593087623467,0.9977723742608597,0.9980814583282622,0.9971658671539299,0.9978285458815082,0.9978187204790568,0.997542377639572,0.9979914343203943,0.9977369056809692
4,2,1.5587698601613378,0.55816,5000,1.9607714149687026,0.4880095923261391,834,1.9603042465429337,0.5034,0.999031050483282,0.0833538688793776,,,0.95,,0.95001498149061,0.04998501850938997,0.9972346853200073,0.09989254179176982,5,0.001,0.1,0.9977269046167297,0.9980446903374945,1.0,0.9977542240132742,0.9975927334349137,0.997996233291042,0.9975122857047153,0.9974914786303365,0.9976934828036231,0.9980311717517094,0.9981829392235301,0.9974749662024717
4,3,1.5677602196195324,0.55224,5000,1.9575464637191207,0.4892086330935252,834,1.9603042465429337,0.5034,0.9991194623169746,0.08334401050756737,,,0.95,,0.95001498149061,0.04998501850938997,0.9972346853200073,0.09989254179176982,5,0.001,0.1,0.9977914236545301,0.9983593087623467,0.9977542240132742,1.0,0.9978372433130922,0.9979251807772892,0.9970753216118073,0.9981288569829926,0.9979787853753967,0.9973394853396782,0.9981713340680896,0.9981993016458571
4,4,1.5582429506976134,0.55844,5000,1.953687557467708,0.5018007202881153,833,1.9603042465429337,0.5034,0.9988527678049296,0.08332722980438853,,,0.95,,0.95001498149061,0.04998501850938997,0.9972346853200073,0.09989254179176982,5,0.001,0.1,0.9975144146385239,0.9977723742608597,0.9975927334349137,0.9978372433130922,1.0,0.9979330640130604,0.9975650442259069,0.9979034215986087,0.9974420042669225,0.9966746454550959,0.9982421660731956,0.9968870854169921
4,5,1.5469467494897782,0.56332,5000,1.9564114764884666,0.5198079231692677,833,1.9603042465429337,0.5034,0.9990454874829311,0.08333420183830233,,,0.95,,0.95001498149061,0.04998501850938997,0.9972346853200073,0.09989254179176982,5,0.001,0.1,0.9975302002379287,0.9980814583282622,0.997996233291042,0.9979251807772892,0.9979330640130604,1.0,0.9970900835631642,0.9979174725163729,0.9980463722925385,0.9978193598109341,0.9978560913659461,0.9974791426404799
4,6,1.5434067654761539,0.56276,5000,1.9556638797124226,0.4957983193277311,833,1.9603042465429337,0.5034,0.9984003940757885,0.08326313996723783,,,0.95,,0.95001498149061,0.04998501850938997,0.9972346853200073,0.09989254179176982,5,0.001,0.1,0.9973053364721239,0.9971658671539299,0.9975122857047153,0.9970753216118073,0.9975650442259069,0.9970900835631642,1.0,0.9970861677995412,0.996429672437158,0.9969855929503618,0.9976897383100515,0.9960395356420363
4,7,1.553089892788298,0.55356,5000,1.9552444352044,0.5006002400960384,833,1.9603042465429337,0.5034,0.9990284693569492,0.08336038447947591,,,0.95,,0.95001498149061,0.04998501850938997,0.9972346853200073,0.09989254179176982,5,0.001,0.1,0.9979558883779978,0.9978285458815082,0.9974914786303365,0.9981288569829926,0.9979034215986087,0.9979174725163729,0.9970861677995412,1.0,0.9979931309857542,0.9974377906413162,0.9982878479242253,0.9974387616546431
4,8,1.5598729712947919,0.56852,5000,1.9746365812089708,0.4909963985594238,833,1.9603042465429337,0.5034,0.9989500897885153,0.0833061682986051,,,0.95,,0.95001498149061,0.04998501850938997,0.9972346853200073,0.09989254179176982,5,0.001,0.1,0.9976033887340496,0.9978187204790568,0.9976934828036231,0.9979787853753967,0.9974420042669225,0.9980463722925385,0.996429672437158,0.9979931309857542,1.0,0.9976306263261486,0.9979519621636728,0.9979432929230966
4,9,1.5599203963188608,0.555,5000,1.9357415172788832,0.5294117647058824,833,1.9603042465429337,0.5034,0.9987447558146593,0.08330579127946068,,,0.95,,0.95001498149061,0.04998501850938997,0.9972346853200073,0.09989254179176982,5,0.001,0.1,0.9979354454786417,0.997542377639572,0.9980311717517094,0.9973394853396782,0.9966746454550959,0.9978193598109341,0.9969855929503618,0.9974377906413162,0.9976306263261486,1.0,0.9976243784074579,0.9970500408982534
4,10,1.5691297449124086,0.55308,5000,1.9474644660949707,0.5054021608643458,833,1.9603042465429337,0.5034,0.999232603592221,0.08338515367200806,,,0.95,,0.95001498149061,0.04998501850938997,0.9972346853200073,0.09989254179176982,5,0.001,0.1,0.9981009431904612,0.9979914343203943,0.9981829392235301,0.9981713340680896,0.9982421660731956,0.9978560913659461,0.9976897383100515,0.9982878479242253,0.9979519621636728,0.9976243784074579,1.0,0.9978173103883106
4,11,1.5577552429430044,0.5648,5000,1.965831716855367,0.4909963985594238,833,1.9603042465429337,0.5034,0.9986913057767642,0.08332289766231661,,,0.95,,0.95001498149061,0.04998501850938997,0.9972346853200073,0.09989254179176982,5,0.001,0.1,0.9973617315372254,0.9977369056809692,0.9974749662024717,0.9981993016458571,0.9968870854169921,0.9974791426404799,0.9960395356420363,0.9974387616546431,0.9979432929230966,0.9970500408982534,0.9978173103883106,1.0
5,0,1.4327101691513304,0.57336,5000,1.8579514379854556,0.5491606714628298,834,1.848691143547765,0.5572,0.998612164343453,0.08332592407042025,,,0.95,,0.95001498149061,0.04998501850938997,0.9979031721090187,0.0998752391896743,5,0.001,0.1,1.0,0.997292235593012,0.9970768578003923,0.9972070199491083,0.9971647252523639,0.9970775788068501,0.9969335949934497,0.997340131812097,0.997020366075557,0.9972308598745043,0.9974821929580515,0.996579890481033
5,1,1.4353475447672948,0.58204,5000,1.8471295966042414,0.5719424460431655,834,1.848691143547765,0.5572,0.9989301384325069,0.08336059558435763,,,0.95,,0.95001498149061,0.04998501850938997,0.9979031721090187,0.0998752391896743,5,0.001,0.1,0.997292235593012,1.0,0.997735055843323,0.9978476054351756,0.9974715525197125,0.9978075320346496,0.997317154751666,0.9972972711662024,0.9973065439928308,0.9971527202589501,0.9976922741142227,0.997295280107465
5,2,1.427698166203347,0.58712,5000,1.8493550486034818,0.5335731414868106,834,1.848691143547765,0.5572,0.9989185372948965,0.08335126160245478,,,0.95,,0.95001498149061,0.04998501850938997,0.9979031721090187,0.0998752391896743,5,0.001,0.1,0.9970768578003923,0.997735055843323,1.0,0.9974935536244746,0.9972945177262283,0.9978105193084666,0.9975134938413286,0.9970221484666636,0.9974383004908053,0.9976339455577876,0.997963263463588,0.9970952101021832
5,3,1.4361037630943736,0.58216,5000,1.845104522175259,0.5455635491606715,834,1.848691143547765,0.5572,0.9988713127895981,0.08334369235028051,,,0.95,,0.95001498149061,0.04998501850938997,0.9979031721090187,0.0998752391896743,5,0.001,0.1,0.9972070199491083,0.9978476054351756,0.9974935536244746,1.0,0.9972389403719127,0.9973485481098117,0.9970870233731353,0.9975380094454284,0.9974927634338526,0.996882251429325,0.9976448277562867,0.9977301132444558
5,4,1.4260528273643203,0.58556,5000,1.8401591159679271,0.5558223289315727,833,1.848691143547765,0.5572,0.9986853740069573,0.08332740151547081,,,0.95,,0.95001498149061,0.04998501850938997,0.9979031721090187,0.0998752391896743,5,0.001,0.1,0.9971647252523639,0.9974715525197125,0.9972945177262283,0.9972389403719127,1.0,0.9976655085334915,0.997348612559458,0.9973111712421021,0.9972467321116358,0.9964102226120791,0.9977839547889459,0.9963467901060707
5,5,1.4146177909936115,0.5906,5000,1.8432431441766244,0.5834333733493398,833,1.848691143547765,0.5572,0.9989032448850913,0.08333870824736361,,,0.95,,0.95001498149061,0.04998501850938997,0.9979031721090187,0.0998752391896743,5,0.001,0.1,0.9970775788068501,0.9978075320346496,0.9978105193084666,0.9973485481098117,0.9976655085334915,1.0,0.9969923165066231,0.9973681996916625,0.9976626707797867,0.9974728650240979,0.9976432871991939,0.9970447530547542
5,6,1.4124635858140933,0.58688,5000,1.8442262322814376,0.5618247298919568,833,1.848691143547765,0.5572,0.9984640076814755,0.08328095738297611,,,0.95,,0.95001498149061,0.04998501850938997,0.9979031721090187,0.0998752391896743,5,0.001,0.1,0.9969335949934497,0.997317154751666,0.9975134938413286,0.9970870233731353,0.997348612559458,0.9969923165066231,1.0,0.9965755216012957,0.9964700734076153,0.9969390961559578,0.9974736675036477,0.9959814613527394
5,7,1.4212775607017953,0.583,5000,1.8427779718681618,0.5474189675870348,833,1.848691143547765,0.5572,0.9987716879153055,0.08335051759893329,,,0.95,,0.95001498149061,0.04998501850938997,0.9979031721090187,0.0998752391896743,5,0.001,0.1,0.997340131812097,0.9972972711662024,0.9970221484666636,0.9975380094454284,0.9973111712421021,0.9973681996916625,0.9965755216012957,1.0,0.99766000814007,0.9972149321384512,0.997860205101399,0.9971284500997267
5,8,1.4287831945783773,0.59524,5000,1.8657837178972032,0.5474189675870348,833,1.848691143547765,0.5572,0.9987879789379094,0.0833177980521939,,,0.95,,0.95001498149061,0.04998501850938997,0.9979031721090187,0.0998752391896743,5,0.001,0.1,0.997020366075557,0.9973065439928308,0.9974383004908053,0.9974927634338526,0.9972467321116358,0.9976626707797867,0.9964700734076153,0.99766000814007,1.0,0.9971911104285223,0.9977191722405693,0.9973049658924305
5,9,1.4304709273538772,0.5858,5000,1.8193517216929682,0.5870348139255702,833,1.848691143547765,0.5572,0.9985718579573737,0.08331059185347946,,,0.95,,0.95001498149061,0.04998501850938997,0.9979031721090187,0.0998752391896743,5,0.001,0.1,0.9972308598745043,0.9971527202589501,0.9976339455577876,0.996882251429325,0.9964102226120791,0.9974728650240979,0.9969390961559578,0.9972149321384512,0.9971911104285223,1.0,0.9973983055867357,0.9963968650342887
5,10,1.437785467600367,0.57908,5000,1.8333279689153035,0.5570228091236494,833,1.848691143547765,0.5572,0.9990847306032017,0.08337580907459669,,,0.95,,0.95001498149061,0.04998501850938997,0.9979031721090187,0.0998752391896743,5,0.001,0.1,0.9974821929580515,0.9976922741142227,0.997963263463588,0.9976448277562867,0.9977839547889459,0.9976432871991939,0.9974736675036477,0.997860205101399,0.9977191722405693,0.9973983055867357,1.0,0.997406590368177
5,11,1.4251168158403626,0.59276,5000,1.858056002193027,0.5462184873949579,833,1.848691143547765,0.5572,0.9984374198912274,0.08331674266747295,,,0.95,,0.95001498149061,0.04998501850938997,0.9979031721090187,0.0998752391896743,5,0.001,0.1,0.996579890481033,0.997295280107465,0.9970952101021832,0.9977301132444558,0.9963467901060707,0.9970447530547542,0.9959814613527394,0.9971284500997267,0.9973049658924305,0.9963968650342887,0.997406590368177,1.0
6,0,1.3247657841937557,0.59732,5000,1.7380096868232444,0.580335731414868,834,1.7265301798098385,0.5848,0.998483585433895,0.08332573189332385,,,0.95,,0.95001498149061,0.04998501850938997,0.9981126592148005,0.09985775555005147,5,0.001,0.1,1.0,0.9968736891424257,0.9966353864862404,0.9970611213942181,0.996919407785682,0.9966054533826668,0.9963520149105078,0.9969135208334081,0.9969030140004901,0.997156972154052,0.9969116310219823,0.996437056744798
6,1,1.3262600921521521,0.59892,5000,1.7266252747288457,0.5995203836930456,834,1.7265301798098385,0.5848,0.9987111564205381,0.08335433891881984,,,0.95,,0.95001498149061,0.04998501850938997,0.9981126592148005,0.09985775555005147,5,0.001,0.1,0.9968736891424257,1.0,0.9972049152616833,0.9976292748106435,0.9969897276117318,0.9972750582011726,0.9967589695966742,0.9969332539616582,0.9969994023079535,0.9966875360170381,0.9971196564446553,0.9970233739426755
6,2,1.3180846237832573,0.60732,5000,1.7276415383374248,0.5611510791366906,834,1.7265301798098385,0.5848,0.998656959651446,0.08334686569561871,,,0.95,,0.95001498149061,0.04998501850938997,0.9981126592148005,0.09985775555005147,5,0.001,0.1,0.9966353864862404,0.9972049152616833,1.0,0.9972756014246739,0.9970397906232366,0.9973250310592773,0.997201474507371,0.9963049198405396,0.996951493395559,0.9971480324479394,0.9973185755012663,0.9964408432015964
6,3,1.3263054371639422,0.60576,5000,1.722079387417546,0.5755395683453237,834,1.7265301798098385,0.5848,0.9988538558457293,0.08334857890950853,,,0.95,,0.95001498149061,0.04998501850938997,0.9981126592148005,0.09985775555005147,5,0.001,0.1,0.9970611213942181,0.9976292748106435,0.9972756014246739,1.0,0.9973335569910535,0.9972449371529136,0.9969417388357531,0.997091206287965,0.9971713519687623,0.9965925145250758,0.997466691593301,0.9973973153934563
6,4,1.3156656934197541,0.60908,5000,1.714889371836627,0.581032412965186,833,1.7265301798098385,0.5848,0.9986413972226131,0.08333173142872372,,,0.95,,0.95001498149061,0.04998501850938997,0.9981126592148005,0.09985775555005147,5,0.001,0.1,0.996919407785682,0.9969897276117318,0.9970397906232366,0.9973335569910535,1.0,0.9973609037273364,0.9971400023754955,0.9969582803718929,0.9970212006682688,0.9964528236924488,0.9974119406192076,0.9960324005571699
6,5,1.305027592409948,0.61192,5000,1.7194240402292322,0.6050420168067226,833,1.7265301798098385,0.5848,0.9987164095091531,0.08334108626056042,,,0.95,,0.95001498149061,0.04998501850938997,0.9981126592148005,0.09985775555005147,5,0.001,0.1,0.9966054533826668,0.9972750582011726,0.9973250310592773,0.9972449371529136,0.9973609037273364,1.0,0.9964404867737799,0.996987457110909,0.9973857276619668,0.9971817475098199,0.9970369790962527,0.9967147397899768
6,6,1.303397850625834,0.60628,5000,1.7225029115323667,0.5894357743097239,833,1.7265301798098385,0.5848,0.9982386850221135,0.08329025212681283,,,0.95,,0.95001498149061,0.04998501850938997,0.9981126592148005,0.09985775555005147,5,0.001,0.1,0.9963520149105078,0.9967589695966742,0.997201474507371,0.9969417388357531,0.9971400023754955,0.9964404867737799,1.0,0.9958105938915226,0.9960725592643092,0.9968725844056069,0.996892774238687,0.9953531553200436
6,7,1.31266097278352,0.60436,5000,1.7200590946056225,0.5762304921968787,833,1.7265301798098385,0.5848,0.9985051656817031,0.08334151016650412,,,0.95,,0.95001498149061,0.04998501850938997,0.9981126592148005,0.09985775555005147,5,0.001,0.1,0.9969135208334081,0.9969332539616582,0.9963049198405396,0.997091206287965,0.9969582803718929,0.996987457110909,0.9958105938915226,1.0,0.9973433564767348,0.9965449671658481,0.9973994566699046,0.9967393515809224
6,8,1.317387438351941,0.61768,5000,1.7464766767289903,0.5798319327731093,833,1.7265301798098385,0.5848,0.9986470007741156,0.08332602305336068,,,0.95,,0.95001498149061,0.04998501850938997,0.9981126592148005,0.09985775555005147,5,0.001,0.1,0.9969030140004901,0.9969994023079535,0.996951493395559,0.9971713519687623,0.9970212006682688,0.9973857276619668,0.9960725592643092,0.9973433564767348,1.0,0.9968222877787812,0.9972140073638309,0.9968427705672318
6,9,1.322883913699229,0.60408,5000,1.6921821788505271,0.6254501800720288,833,1.7265301798098385,0.5848,0.9984403339880938,0.08331493357757867,,,0.95,,0.95001498149061,0.04998501850938997,0.9981126592148005,0.09985775555005147,5,0.001,0.1,0.997156972154052,0.9966875360170381,0.9971480324479394,0.9965925145250758,0.9964528236924488,0.9971817475098199,0.9968725844056069,0.9965449671658481,0.9968222877787812,1.0,0.9968803137411776,0.9959119700302798
6,10,1.3290165001419698,0.6002,5000,1.7087417708502874,0.5798319327731093,833,1.7265301798098385,0.5848,0.9988047453502474,0.08336668911042774,,,0.95,,0.95001498149061,0.04998501850938997,0.9981126592148005,0.09985775555005147,5,0.001,0.1,0.9969116310219823,0.9971196564446553,0.9973185755012663,0.997466691593301,0.9974119406192076,0.9970369790962527,0.996892774238687,0.9973994566699046,0.9972140073638309,0.9968803137411776,1.0,0.9969638891805922
6,11,1.3137154326317417,0.6146,5000,1.7400687403149075,0.5642256902761105,833,1.7265301798098385,0.5848,0.9982405978698604,0.08331225885876102,,,0.95,,0.95001498149061,0.04998501850938997,0.9981126592148005,0.09985775555005147,5,0.001,0.1,0.996437056744798,0.9970233739426755,0.9964408432015964,0.9973973153934563,0.9960324005571699,0.9967147397899768,0.9953531553200436,0.9967393515809224,0.9968427705672318,0.9959119700302798,0.9969638891805922,1.0
7,0,1.2352976348749392,0.61656,5000,1.6123618284861247,0.605515587529976,834,1.598570658756902,0.6032,0.9982713225462119,0.08332984458653743,,,0.95,,0.95001498149061,0.04998501850938997,0.9983243427512183,0.09982343611527843,5,0.001,0.1,1.0,0.9956862645731166,0.9958472162000407,0.9963133147852973,0.9965194526652275,0.9962595227945648,0.9955009030361303,0.9966465762643159,0.9960718970909088,0.9967251649090071,0.9965801511990223,0.9959620630113091
7,1,1.2344649630747024,0.61904,5000,1.600787392369023,0.6223021582733813,834,1.598570658756902,0.6032,0.9979512586315407,0.08333705821094721,,,0.95,,0.95001498149061,0.04998501850938997,0.9983243427512183,0.09982343611527843,5,0.001,0.1,0.9956862645731166,1.0,0.9959255036213648,0.9967094670806309,0.9958759908484066,0.9960718396669078,0.9954684053575489,0.9956321709107877,0.9954946086443168,0.9958245038325205,0.9959428974338643,0.9956453330793716
7,2,1.2271354012428575,0.6266,5000,1.6000720350830644,0.5767386091127098,834,1.598570658756902,0.6032,0.998241107555238,0.08334183107461517,,,0.95,,0.95001498149061,0.04998501850938997,0.9983243427512183,0.09982343611527843,5,0.001,0.1,0.9958472162000407,0.9959255036213648,1.0,0.9964756467283604,0.9964034154792555,0.9967107992268316,0.9966072878796303,0.9956158305610796,0.995597174756384,0.9963792846834371,0.9966523562519554,0.9955353012905677
