round,client_id,client_i_training_loss,client_i_training_accuracy,client_i_training_dataset_size,client_i_evaluation_loss,client_i_evaluation_accuracy,client_i_evaluation_dataset_size,client_i_central_evaluation_loss,client_i_central_evaluation_accuracy,client_i_cosine_similarity,client_i_importance_coefficient,client_i_tanh_val,tanh_normalization_value,client_i_q,client_i_mask_order,client_i_v_nonzero_fraction,client_i_v_sparsity,client_i_v_cosine_similarity,client_i_reward_gradient_norm,local_epochs,learning_rate,gamma,client_0_cosine_similarity,client_1_cosine_similarity,client_2_cosine_similarity,client_3_cosine_similarity,client_4_cosine_similarity,client_5_cosine_similarity,client_6_cosine_similarity,client_7_cosine_similarity,client_8_cosine_similarity,client_9_cosine_similarity,client_10_cosine_similarity,client_11_cosine_similarity
0,0,2.296374927145062,0.13400527957763378,4167,2.298771006720407,0.14028776978417265,834,2.298205589946312,0.1635,0.9615069745613579,0.08314082182715204,,,0.8540591744979666,,0.8540872406793089,0.14591275932069114,0,0.14453671343258803,10,0.025,0.15,1.0,0.9541455343802034,0.8988134234724178,0.8663859725401091,0.9108722540798674,0.9202927295669414,0.9271932601916593,0.8883718295226632,0.9491276584233764,0.9384408996155789,0.9380858410681189,0.9279116646013381
0,1,2.2970708059542106,0.12553395728341732,4167,2.2995145661490306,0.16666666666666666,834,2.298202837569804,0.1638,0.9755789298570579,0.0843576137578951,,,0.9352222037088123,,0.9352626627716988,0.06473733722830122,0,0.14455840871266334,10,0.025,0.15,0.9541455343802034,1.0,0.9161035786241465,0.8976334710467739,0.9430233366349997,0.9207111646100166,0.936845996803022,0.9237538726978253,0.9448785540910244,0.9534632592531892,0.9547799051076056,0.9370374099496112
0,2,2.2946967616225735,0.13597312215022797,4167,2.2995802334376743,0.1366906474820144,834,2.2982402481610262,0.1637,0.9347963670654745,0.08083117466133367,,,0.7,,0.7000132032810154,0.29998679671898465,0,0.1443265054912078,10,0.025,0.15,0.8988134234724178,0.9161035786241465,1.0,0.8374973341148394,0.9134435886574476,0.8994220590918022,0.8980401769101218,0.8597545583666772,0.9040104528089681,0.8757823233779957,0.9390187516379702,0.8688370456275185
0,3,2.297451049631292,0.12368610511159107,4167,2.298678159713745,0.1774580335731415,834,2.2982233053521264,0.1636,0.9440923363951812,0.08163499049439552,,,0.7536165027812914,,0.7536762885577066,0.24632371144229337,0,0.14444030651695275,10,0.025,0.15,0.8663859725401091,0.8976334710467739,0.8374973341148394,1.0,0.9157718000399915,0.9104480255378087,0.9345133822480804,0.9377109997215118,0.9051451997518605,0.9095260078777804,0.8858489983919325,0.9177468190179378
0,4,2.295336300676519,0.11211903047756179,4167,2.2961109365735735,0.19327731092436976,833,2.2982029431982887,0.1638,0.9742982251350354,0.08424687213466826,,,0.9278354637299172,,0.9278770774537473,0.07212292254625274,0,0.14455766442165408,10,0.025,0.15,0.9108722540798674,0.9430233366349997,0.9134435886574476,0.9157718000399915,1.0,0.9432646651217631,0.9428537231040307,0.9159264368508429,0.947803955561658,0.9571394297813784,0.9624827025069926,0.9149824250174032
0,5,2.296011195760785,0.13563714902807775,4167,2.2970526218414307,0.1752701080432173,833,2.2982041594348375,0.1637,0.9675528229070375,0.08366360201845689,,,0.8889299053646775,,0.8889686587116898,0.11103134128831016,0,0.14455006867702155,10,0.025,0.15,0.9202927295669414,0.9207111646100166,0.8994220590918022,0.9104480255378087,0.9432646651217631,1.0,0.9461516016130865,0.9135502213993049,0.9515621120130406,0.9215700849930577,0.9447512899695434,0.9178262257795852
0,6,2.2969525171048715,0.13882889368850493,4167,2.29857223374503,0.15966386554621848,833,2.2982029130187214,0.1638,0.9739854821583371,0.08421982947268941,,,0.9260316513371212,,0.9260781304154082,0.07392186958459179,0,0.14455747556954315,10,0.025,0.15,0.9271932601916593,0.936845996803022,0.8980401769101218,0.9345133822480804,0.9428537231040307,0.9461516016130865,1.0,0.9298592081434016,0.9610727616436714,0.9299615976381763,0.9346628053320464,0.922785163926524
0,7,2.2985234477303247,0.14168466522678186,4167,2.2997937202453613,0.16566626650660263,833,2.298216415356986,0.1635,0.9517873974173249,0.08230037692873,,,0.7979994225245308,,0.7980310607185885,0.20196893928141146,0,0.14448510207675253,10,0.025,0.15,0.8883718295226632,0.9237538726978253,0.8597545583666772,0.9377109997215118,0.9159264368508429,0.9135502213993049,0.9298592081434016,1.0,0.9180318217104988,0.9112822899312404,0.9122957417315288,0.8966805107990473
0,8,2.2964852318619235,0.1473595775324052,4166,2.296596186501639,0.16326530612244897,833,2.2982025659537015,0.1637,0.9781410876505983,0.08457916171359556,,,0.9499999999332975,,0.9500173293063326,0.04998267069366735,0,0.14455928834331486,10,0.025,0.15,0.9491276584233764,0.9448785540910244,0.9040104528089681,0.9051451997518605,0.947803955561658,0.9515621120130406,0.9610727616436714,0.9180318217104988,1.0,0.947403531859998,0.9542989941493606,0.9286791523908888
0,9,2.296058760989796,0.11869899183869419,4166,2.3002235548836842,0.15726290516206481,833,2.2982036312924157,0.1637,0.9698444846326653,0.08386176037222799,,,0.9021475573305937,,0.9021884438282913,0.09781155617170867,0,0.1445529426225322,10,0.025,0.15,0.9384408996155789,0.9534632592531892,0.8757823233779957,0.9095260078777804,0.9571394297813784,0.9215700849930577,0.9299615976381763,0.9112822899312404,0.947403531859998,1.0,0.9495631055635989,0.9219380760733945
0,10,2.2949431462721392,0.1532165146423428,4166,2.298983710152762,0.15726290516206481,833,2.2982027138335797,0.1637,0.9761787317964099,0.08440947820349,,,0.9386816904184685,,0.9387285240382235,0.06127147596177651,0,0.14455871718999047,10,0.025,0.15,0.9380858410681189,0.9547799051076056,0.9390187516379702,0.8858489983919325,0.9624827025069926,0.9447512899695434,0.9346628053320464,0.9122957417315288,0.9542989941493606,0.9495631055635989,1.0,0.9135305135362138
0,11,2.296658742066586,0.11980316850696111,4166,2.299276351928711,0.1716686674669868,833,2.2982078413420086,0.1635,0.9570371399126576,0.08275431841536561,,,0.8282784416476451,,0.8283160865475071,0.1716839134524929,0,0.14452265772806985,10,0.025,0.15,0.9279116646013381,0.9370374099496112,0.8688370456275185,0.9177468190179378,0.9149824250174032,0.9178262257795852,0.922785163926524,0.8966805107990473,0.9286791523908888,0.9219380760733945,0.9135305135362138,1.0
1,0,2.217201893979853,0.19047276217902567,4167,2.289342301232474,0.16786570743405277,834,2.288770014726663,0.1801,0.9848787594263115,0.08310052132981854,,,0.8426538980249723,,0.8426829067023155,0.1573170932976845,0.768340307922762,0.14823773129700468,10,0.025,0.15,1.0,0.9726534500691721,0.9721834216606108,0.9653214526404333,0.965985739244684,0.9685835910442788,0.9741334905659614,0.9703450387235637,0.972272696690488,0.9705325801210284,0.9762232137563716,0.9733903179363763
1,1,2.2209190076047722,0.1826253899688025,4167,2.290480375289917,0.18345323741007194,834,2.2887611902212797,0.1801,0.9890997844950281,0.08398643517074274,,,0.9321802912995504,,0.9322176560875377,0.0677823439124623,0.7686591661165506,0.14825958372403805,10,0.025,0.15,0.9726534500691721,1.0,0.9736957381388561,0.9761139472867132,0.9827233476579882,0.9749605203561438,0.9740917168079435,0.9785026785743813,0.9758223664904888,0.9772481583145963,0.9700446298048051,0.9755925522253924
1,2,2.2020005666848386,0.21106311495080393,4167,2.2892844676971436,0.1618705035971223,834,2.288846212097361,0.1804,0.9851976086560226,0.08168888105146503,,,0.7,,0.7000132032810154,0.29998679671898465,0.7669268189505574,0.1480552474193804,10,0.025,0.15,0.9721834216606108,0.9736957381388561,1.0,0.9674939314135496,0.9727242511686409,0.9734136796810317,0.9753602984666252,0.9676854598442739,0.9720309731067713,0.9662019963991841,0.9748685610578565,0.9704400281519332
1,3,2.2259685747551194,0.1861291096712263,4167,2.2890476499285017,0.1906474820143885,834,2.2888040663320806,0.1805,0.9877915766806281,0.08226781706115117,,,0.7585046203024743,,0.7585532504827449,0.2414467495172551,0.7680390941434841,0.14817713480575384,10,0.025,0.15,0.9653214526404333,0.9761139472867132,0.9674939314135496,1.0,0.9772525674114191,0.9785280360482742,0.9771533787117717,0.9781147088820483,0.9756624311648687,0.9768575013603672,0.9674589148035244,0.9766065049642072
1,4,2.21344273740595,0.1847612191024718,4167,2.2867094108036587,0.20888355342136855,833,2.288761386388465,0.1802,0.9895859263476617,0.08393400797099228,,,0.9268822387279277,,0.9269198395801357,0.07308016041986432,0.7686570475281814,0.14825935313357916,10,0.025,0.15,0.965985739244684,0.9827233476579882,0.9727242511686409,0.9772525674114191,1.0,0.9781675358605311,0.9779995925094861,0.9828318002191532,0.976898509879873,0.9775775710804894,0.9722597531633586,0.9727288815862539
1,5,2.2191182920427033,0.18466522678185746,4167,2.2881245953696117,0.19207683073229292,833,2.288763861112957,0.18,0.9894106429867285,0.08356922837729815,,,0.890019284504825,,0.8900579293954548,0.1099420706045452,0.7686257914287488,0.14825564125207757,10,0.025,0.15,0.9685835910442788,0.9749605203561438,0.9734136796810317,0.9785280360482742,0.9781675358605311,1.0,0.9790288902505447,0.9730971974162603,0.9836345669555674,0.9777582408512268,0.97330821803923,0.9746573454074137
1,6,2.2177715980645383,0.19162467002639788,4167,2.2887751034327914,0.17406962785114047,833,2.28876123549063,0.1802,0.9905675638084347,0.08394916719642181,,,0.9284141605862959,,0.9284464689475335,0.07155353105246653,0.7686655939296991,0.14825943242980233,10,0.025,0.15,0.9741334905659614,0.9740917168079435,0.9753602984666252,0.9771533787117717,0.9779995925094861,0.9790288902505447,1.0,0.9796213634332365,0.9816907425663597,0.977756951474594,0.9761123807120803,0.9759095474891128
1,7,2.2335863539666843,0.1871610271178306,4167,2.290775333132063,0.18607442977190877,833,2.288782394385036,0.1802,0.9890679896078397,0.08271883335596886,,,0.804082260381975,,0.8041210740869106,0.19587892591308942,0.7685695807763895,0.148213874912922,10,0.025,0.15,0.9703450387235637,0.9785026785743813,0.9676854598442739,0.9781147088820483,0.9828318002191532,0.9730971974162603,0.9796213634332365,1.0,0.9736482142305032,0.9788684107099112,0.9731484130809439,0.9755234147225564
1,8,2.2183902108308042,0.19517522803648585,4166,2.2874410493033275,0.16926770708283315,833,2.288760520234893,0.18,0.9903322558241319,0.08416277117526624,,,0.9499999998989446,,0.9500173293063326,0.04998267069366735,0.7686507410529707,0.148262845618788,10,0.025,0.15,0.972272696690488,0.9758223664904888,0.9720309731067713,0.9756624311648687,0.976898509879873,0.9836345669555674,0.9816907425663597,0.9736482142305032,1.0,0.9829944065374353,0.9771045238042815,0.9739330684631439
1,9,2.2195864500421467,0.17525204032645222,4166,2.2908688613346646,0.17406962785114047,833,2.288762361188478,0.18,0.9896947666741114,0.08370043441352683,,,0.9032783653056775,,0.9033107227145946,0.09668927728540544,0.7686498421399861,0.14825733099842156,10,0.025,0.15,0.9705325801210284,0.9772481583145963,0.9662019963991841,0.9768575013603672,0.9775775710804894,0.9777582408512268,0.977756951474594,0.9788684107099112,0.9829944065374353,1.0,0.9781365368909652,0.9742845542406874
1,10,2.2113075856006508,0.19522323571771483,4166,2.29061450277056,0.1752701080432173,833,2.288760945766787,0.1801,0.987461434053823,0.08396527808807323,,,0.9300422534722637,,0.9300886270238155,0.06991137297618455,0.768649527258792,0.14825950891495396,10,0.025,0.15,0.9762232137563716,0.9700446298048051,0.9748685610578565,0.9674589148035244,0.9722597531633586,0.97330821803923,0.9761123807120803,0.9731484130809439,0.9771045238042815,0.9781365368909652,1.0,0.9731917327876116
1,11,2.22307729323705,0.17035525684109457,4166,2.289542947496687,0.1788715486194478,833,2.288772839534132,0.1802,0.9877815524563048,0.08295662480927496,,,0.8281123750303782,,0.8281510455348154,0.17184895446518456,0.768353890905141,0.14823230171426327,10,0.025,0.15,0.9733903179363763,0.9755925522253924,0.9704400281519332,0.9766065049642072,0.9727288815862539,0.9746573454074137,0.9759095474891128,0.9755234147225564,0.9739330684631439,0.9742845542406874,0.9731917327876116,1.0
2,0,2.1170605435515895,0.24144468442524597,4167,2.2747271060943604,0.1774580335731415,834,2.2741837622244145,0.1947,0.9843178670324334,0.08309581723641989,,,0.8259131314030685,,0.825964252116651,0.17403574788334897,0.9446577481623983,0.14802384133395827,10,0.025,0.15,1.0,0.9692012695672088,0.969433744416872,0.9679726832962782,0.9664105438999656,0.9702794904746027,0.9707809558256432,0.9682201051594395,0.9726839300550489,0.9673650689442134,0.9706819821217262,0.9679425376445302
2,1,2.1199353420373166,0.2351811855051596,4167,2.2763747487749373,0.2014388489208633,834,2.2741541379614723,0.195,0.9885948693817795,0.08378014969494663,,,0.9289238326184113,,0.9289663481375122,0.07103365186248778,0.9450119762258271,0.14807828529506833,10,0.025,0.15,0.9692012695672088,1.0,0.9724206838210825,0.9748767514251144,0.9777441837028843,0.975336641303953,0.9714412757940414,0.9783644707525334,0.9768449466751884,0.9750373943243484,0.9650571824297971,0.9751095315344582
2,2,2.0987386963584207,0.25029997600191983,4167,2.273959057671683,0.17026378896882494,834,2.274327607094487,0.1951,0.985336409303512,0.08225933673723629,,,0.7,,0.7000132032810154,0.29998679671898465,0.942874556303043,0.1477710463668428,10,0.025,0.15,0.969433744416872,0.9724206838210825,1.0,0.9696729021348557,0.9705834375313589,0.9713080858270904,0.9732661711132267,0.9658802819901926,0.9727511383209432,0.9683112052861848,0.9712581151777109,0.9685923458436423
2,3,2.1329404711723328,0.22594192464602833,4167,2.274440220424107,0.20623501199040767,834,2.2742426184159292,0.1943,0.9874833443477347,0.08268553271952708,,,0.7641541204774245,,0.764189401066165,0.23581059893383505,0.9439981285182871,0.14793277452954665,10,0.025,0.15,0.9679726832962782,0.9748767514251144,0.9696729021348557,1.0,0.9733431306196889,0.9767854088235834,0.9713335844070413,0.9763212433429793,0.9746479387381893,0.9728061810925519,0.9672546895224553,0.9737345299844692
2,4,2.1217203176382817,0.23021358291336694,4167,2.272096736090524,0.21248499399759904,833,2.2741542647156536,0.195,0.9876893959479971,0.08371850312734984,,,0.919644342691344,,0.9196910432242412,0.08030895677575878,0.9450131709514902,0.14807651129532223,10,0.025,0.15,0.9664105438999656,0.9777441837028843,0.9705834375313589,0.9733431306196889,1.0,0.9757229976513319,0.9746712543024979,0.9780389505011337,0.9728035908525728,0.972258286449371,0.9692011295920042,0.9698501778613026
2,5,2.122964485125108,0.23062155027597792,4167,2.2740707397460938,0.20408163265306123,833,2.274160647694069,0.195,0.9893503165958017,0.08354766152026648,,,0.8939280208610162,,0.8939694013962469,0.10603059860375308,0.9448793121556457,0.1480677553735016,10,0.025,0.15,0.9702794904746027,0.975336641303953,0.9713080858270904,0.9767854088235834,0.9757229976513319,1.0,0.974049089551458,0.9742372212224124,0.9795697847159744,0.9735812647321924,0.973140616282262,0.9763908963748271
2,6,2.117671123779181,0.23935685145188385,4167,2.2738310950142995,0.19447779111644659,833,2.2741537033757075,0.195,0.9876463800632521,0.08372644594710706,,,0.9208399537172764,,0.9208875905662557,0.07911240943374431,0.9450194094910034,0.14807687512173912,10,0.025,0.15,0.9707809558256432,0.9714412757940414,0.9732661711132267,0.9713335844070413,0.9746712543024979,0.974049089551458,1.0,0.9718697933268478,0.9770841298660147,0.973533376521124,0.9705942933834975,0.9714862638809862
2,7,2.1379625497442305,0.22750179985601152,4167,2.276717015675136,0.20168067226890757,833,2.2742000682444514,0.1943,0.9873917057805233,0.08296036549501112,,,0.8055239496690989,,0.8055569308973279,0.19444306910267206,0.9444470932982968,0.1479848178446412,10,0.025,0.15,0.9682201051594395,0.9783644707525334,0.9658802819901926,0.9763212433429793,0.9780389505011337,0.9742372212224124,0.9718697933268478,1.0,0.9700409874046958,0.9733448778467144,0.9681830721524324,0.9729350115476693
2,8,2.116116935195345,0.23223715794527125,4166,2.2730183941977367,0.18967587034813926,833,2.2741515606264526,0.195,0.9895634978695008,0.0839201652968927,,,0.9499999998494727,,0.9500173293063326,0.04998267069366735,0.9449923349839104,0.1480831690980719,10,0.025,0.15,0.9726839300550489,0.9768449466751884,0.9727511383209432,0.9746479387381893,0.9728035908525728,0.9795697847159744,0.9770841298660147,0.9700409874046958,1.0,0.9784876812339813,0.9726745871012863,0.9751327144622031
2,9,2.1258453065698797,0.2285405664906385,4166,2.2764059475490024,0.20168067226890757,833,2.274158028107655,0.1949,0.987533327943816,0.0835695739804035,,,0.897226443807266,,0.8972619695994455,0.10273803040055451,0.9448848878127195,0.14806890157244487,10,0.025,0.15,0.9673650689442134,0.9750373943243484,0.9683112052861848,0.9728061810925519,0.972258286449371,0.9735812647321924,0.973533376521124,0.9733448778467144,0.9784876812339813,1.0,0.9715619312218743,0.9724586260706639
2,10,2.112369630914746,0.2386221795487278,4166,2.2772673198154996,0.18127250900360145,833,2.2741526259651668,0.1949,0.98487211611634,0.0836464321747614,,,0.9087956984821024,,0.9088478486903996,0.09115215130960042,0.9450145858856595,0.1480737256126748,10,0.025,0.15,0.9706819821217262,0.9650571824297971,0.9712581151777109,0.9672546895224553,0.9692011295920042,0.973140616282262,0.9705942933834975,0.9681830721524324,0.9726745871012863,0.9715619312218743,1.0,0.9676389367797011
2,11,2.1299736322778644,0.2228756601056169,4166,2.2747132778167725,0.19207683073229292,833,2.2741894088213956,0.1948,0.9868729543623502,0.0830900160700781,,,0.8250398976330076,,0.8250977868000198,0.17490221319998023,0.9445624344455307,0.14802317917871535,10,0.025,0.15,0.9679425376445302,0.9751095315344582,0.9685923458436423,0.9737345299844692,0.9698501778613026,0.9763908963748271,0.9714862638809862,0.9729350115476693,0.9751327144622031,0.9724586260706639,0.9676389367797011,1.0
3,0,2.042389395020225,0.26498680105591554,4167,2.254291261945452,0.19184652278177458,834,2.253899513920651,0.2171,0.9813661583968413,0.08312241211585344,,,0.8073652849815007,,0.8074053902394746,0.19259460976052545,0.9681925471589993,0.14742299590095526,10,0.025,0.15,1.0,0.9636015826677917,0.9635172321329786,0.956767709242154,0.9615961895009235,0.960700245272476,0.9651952499847974,0.9630680217104882,0.9656632686967609,0.9613370819221924,0.9620868467821136,0.9568706261999418
3,1,2.0473839286601905,0.26157907367410604,4167,2.256567750658308,0.22541966426858512,834,2.2538393720795837,0.2172,0.9847621528222954,0.08365482140611538,,,0.9214260762989493,,0.9214569820600419,0.0785430179399581,0.9689819402906296,0.14749844895373085,10,0.025,0.15,0.9636015826677917,1.0,0.9629504166005053,0.9658506273812167,0.9697399479205565,0.9653623695201939,0.9643916610158133,0.9704199517881164,0.9696479835856255,0.9668376343840437,0.9540167276238194,0.9674277035348514
3,2,2.027473058845058,0.2736261099112071,4167,2.2530506678989957,0.1882494004796163,834,2.2541825590254385,0.2159,0.9818235774311981,0.08262125589454791,,,0.7,,0.7000132032810154,0.29998679671898465,0.9663738945734509,0.14720695997484104,10,0.025,0.15,0.9635172321329786,0.9629504166005053,1.0,0.9596281685191421,0.9621375484988883,0.9633290887399559,0.9650885299382245,0.9598017744986204,0.9653205239593616,0.9614017112799099,0.962891871525171,0.960112078330187
3,3,2.061462084452311,0.2537077033837293,4167,2.2545418739318848,0.2314148681055156,834,2.253999160814889,0.216,0.982794383802036,0.08291568680263599,,,0.7630774537167045,,0.7631166344836692,0.23688336551633082,0.9673465637507019,0.1473659065339798,10,0.025,0.15,0.956767709242154,0.9658506273812167,0.9596281685191421,1.0,0.9641565563804005,0.9674421850919206,0.9630831507424217,0.9662364750442389,0.968102672856872,0.9641691251485242,0.9569861668521934,0.9649979674778996
3,4,2.05197515632167,0.2606911447084233,4167,2.2518320424216136,0.22809123649459784,833,2.2538365985773785,0.2171,0.9843021503531086,0.08360185787337214,,,0.9100794252052211,,0.9101351685893945,0.08986483141060553,0.9688952651157423,0.14749682593779173,10,0.025,0.15,0.9615961895009235,0.9697399479205565,0.9621375484988883,0.9641565563804005,1.0,0.9680773194015337,0.9682222645593991,0.9700380120501005,0.9662583899846233,0.9639850363873498,0.9610289393223729,0.959527059822441
3,5,2.0492994651649936,0.25637149028077755,4167,2.2544615949903215,0.234093637454982,833,2.2538443245465243,0.2173,0.9848275881850856,0.08351352880573991,,,0.8911562329643268,,0.891180208281758,0.10881979171824196,0.9688397727060988,0.14749173917645456,10,0.025,0.15,0.960700245272476,0.9653623695201939,0.9633290887399559,0.9674421850919206,0.9680773194015337,1.0,0.965535706609885,0.966558706780618,0.9708969101520089,0.9619800394343148,0.9654260703564871,0.9657579772602854
3,6,2.0440198078300016,0.267170626349892,4167,2.2533951146262035,0.21968787515006002,833,2.253835998003996,0.2171,0.9842224531895255,0.08360417007972959,,,0.9105747811121214,,0.9106220395768349,0.08937796042316515,0.9688992780523843,0.14749683027869184,10,0.025,0.15,0.9651952499847974,0.9643916610158133,0.9650885299382245,0.9630831507424217,0.9682222645593991,0.965535706609885,1.0,0.9655500080717492,0.9687388078290702,0.9667398835079121,0.9604817236931932,0.9608324667088342
3,7,2.064390125057914,0.25692344612431006,4167,2.25703695842198,0.23169267707082833,833,2.25391734400882,0.2163,0.9843711798597976,0.08313641976564941,,,0.8103662161249809,,0.8104091366704627,0.18959086332953734,0.9678458059301736,0.14742631340217272,10,0.025,0.15,0.9630680217104882,0.9704199517881164,0.9598017744986204,0.9662364750442389,0.9700380120501005,0.966558706780618,0.9655500080717492,1.0,0.9641733865542497,0.9650108453141946,0.9603255418704736,0.9647043490174992
3,8,2.0422446384574426,0.25921747479596735,4166,2.2527546542031422,0.20408163265306123,833,2.253831984121588,0.2172,0.9862098770499389,0.08378819784641443,,,0.9499999997857648,,0.9500173293063326,0.04998267069366735,0.968999376267125,0.147502127317497,10,0.025,0.15,0.9656632686967609,0.9696479835856255,0.9653205239593616,0.968102672856872,0.9662583899846233,0.9708969101520089,0.9687388078290702,0.9641733865542497,1.0,0.9695683579940836,0.9615783553523404,0.9673012668186216
3,9,2.053727223295154,0.2575372059529525,4166,2.255889279501779,0.22929171668667467,833,2.2538397312164307,0.2173,0.9836038185739095,0.0834873136207195,,,0.8855400185168095,,0.8855770659008764,0.11442293409912363,0.9688566883879509,0.14749018863184674,10,0.025,0.15,0.9613370819221924,0.9668376343840437,0.9614017112799099,0.9641691251485242,0.9639850363873498,0.9619800394343148,0.9667398835079121,0.9650108453141946,0.9695683579940836,1.0,0.9612883489288051,0.9642682443018777
3,10,2.0389409556533353,0.26593855016802687,4166,2.258359227861677,0.20408163265306123,833,2.2538385451594487,0.2172,0.9798771271830732,0.08341373014063813,,,0.8697758496349272,,0.8698156491888234,0.13018435081117663,0.9688478985885185,0.1474797896370964,10,0.025,0.15,0.9620868467821136,0.9540167276238194,0.962891871525171,0.9569861668521934,0.9610289393223729,0.9654260703564871,0.9604817236931932,0.9603255418704736,0.9615783553523404,0.9612883489288051,1.0,0.9565454249185946
3,11,2.0615856159817088,0.2524723955832933,4166,2.253906726837158,0.21368547418967587,833,2.2539055075826524,0.2169,0.9820367449534183,0.08314060564858408,,,0.811262979439641,,0.8113086101896321,0.18869138981036793,0.9681719032884685,0.1474271275428033,10,0.025,0.15,0.9568706261999418,0.9674277035348514,0.960112078330187,0.9649979674778996,0.959527059822441,0.9657579772602854,0.9608324667088342,0.9647043490174992,0.9673012668186216,0.9642682443018777,0.9565454249185946,1.0
4,0,1.9813077753240411,0.28663306935445165,4167,2.2285879339490617,0.20743405275779375,834,2.22849865502949,0.2394,0.9784509752479188,0.08314878621911088,,,0.95,,0.9500173293063326,0.04998267069366735,0.9798607976135566,0.14701659865728228,10,0.025,0.15,1.0,0.9570655952195762,0.9577040355814709,0.9515304796728841,0.9549103710761561,0.9541466343976766,0.9588423189995183,0.9569264946080274,0.9584797245918169,0.9542241459408456,0.9532129814751554,0.9510708561423264
4,1,1.9888745542728539,0.2848572114230862,4167,2.23178345816476,0.2529976019184652,834,2.2284110014951684,0.2395,0.981770441363786,0.08358554212171113,,,0.95,,0.9500173293063326,0.04998267069366735,0.9802156781191055,0.14701659865728228,10,0.025,0.15,0.9570655952195762,1.0,0.9564807854734746,0.9608101463346825,0.9606058670775774,0.9587582533209066,0.9582456782322353,0.9629152072016619,0.9631727565155456,0.9602049161775913,0.9454942180969911,0.9631502827276316
4,2,1.9704079725525596,0.29251259899208065,4167,2.227024555206299,0.2038369304556355,834,2.228886175759231,0.2383,0.9795341959216449,0.0828744575079724,,,0.95,,0.9500173293063326,0.04998267069366735,0.9785892129447651,0.14701659865728228,10,0.025,0.15,0.9577040355814709,0.9564807854734746,1.0,0.9535138982624469,0.9532855808661023,0.9583705055018145,0.9601529515267734,0.955093216356615,0.9581651457886818,0.9553976630897228,0.958487182400787,0.9544593186089363
4,3,2.0042340553168096,0.27468202543796494,4167,2.2299089772360667,0.2589928057553957,834,2.2286350183849093,0.2381,0.9802050658806051,0.0830781234031803,,,0.95,,0.9500173293063326,0.04998267069366735,0.9794492031982489,0.14701659865728228,10,0.025,0.15,0.9515304796728841,0.9608101463346825,0.9535138982624469,1.0,0.9574255377216295,0.9588303720802311,0.9579757086268214,0.9586914893886238,0.9627508879095277,0.9584518090274419,0.9490996518254168,0.9597159391024811
4,4,1.9944779804258637,0.2822654187664987,4167,2.226728677749634,0.2545018007202881,833,2.2284075580065763,0.2395,0.9801657407569141,0.08350066289260405,,,0.95,,0.9500173293063326,0.04998267069366735,0.9802515194746754,0.14701659865728228,10,0.025,0.15,0.9549103710761561,0.9606058670775774,0.9532855808661023,0.9574255377216295,1.0,0.9617868936720129,0.9616992984415319,0.9617510277621761,0.9592126244657888,0.9549701521012973,0.9509347746925041,0.9514015841563529
4,5,1.991362553654295,0.27840172786177103,4167,2.2297559465680803,0.25570228091236497,833,2.2284181027472774,0.2392,0.9817637780186332,0.08349805524450543,,,0.95,,0.9500173293063326,0.04998267069366735,0.9801757250188318,0.14701659865728228,10,0.025,0.15,0.9541466343976766,0.9587582533209066,0.9583705055018145,0.9588303720802311,0.9617868936720129,1.0,0.9616274995236188,0.958965536716728,0.9647927900019866,0.9540216553679198,0.9564550405768893,0.9590974240834969
4,6,1.9802784656033372,0.2918646508279338,4167,2.227597509111677,0.24969987995198079,833,2.2284068457687956,0.2395,0.9819090194072861,0.08355876193760033,,,0.95,,0.9500173293063326,0.04998267069366735,0.9802516150035672,0.14701659865728228,10,0.025,0.15,0.9588423189995183,0.9582456782322353,0.9601529515267734,0.9579757086268214,0.9616992984415319,0.9616274995236188,1.0,0.9617282912135436,0.9622054364426793,0.9586542676546391,0.9540391977683249,0.9533747502933125
4,7,2.003605226675669,0.28094552435805137,4167,2.232314790998186,0.24009603841536614,833,2.2285248780552345,0.2387,0.9809750403635681,0.08323949101113885,,,0.95,,0.9500173293063326,0.04998267069366735,0.9798870651971862,0.14701659865728228,10,0.025,0.15,0.9569264946080274,0.9629152072016619,0.955093216356615,0.9586914893886238,0.9617510277621761,0.958965536716728,0.9617282912135436,1.0,0.9579751632543481,0.9554692087015791,0.9518767147836605,0.9563639455412345
4,8,1.9792215610995436,0.2812289966394623,4166,2.227426597050258,0.24129651860744297,833,2.228399222410178,0.2395,0.9831189539962963,0.08371176067260555,,,0.95,,0.9500173293063326,0.04998267069366735,0.9802471094244406,0.14701659865728228,10,0.025,0.15,0.9584797245918169,0.9631727565155456,0.9581651457886818,0.9627508879095277,0.9592126244657888,0.9647927900019866,0.9622054364426793,0.9579751632543481,1.0,0.9628126164461488,0.9523862473962624,0.9607294050090031
4,9,1.9961282636180069,0.28034085453672586,4166,2.230094773428781,0.24489795918367346,833,2.2284114089193223,0.2393,0.9795711432934631,0.08341058460553988,,,0.95,,0.9500173293063326,0.04998267069366735,0.98015366065353,0.14701659865728228,10,0.025,0.15,0.9542241459408456,0.9602049161775913,0.9553976630897228,0.9584518090274419,0.9549701521012973,0.9540216553679198,0.9586542676546391,0.9554692087015791,0.9628126164461488,1.0,0.9506543994345522,0.9562180269078698
4,10,1.980885211987929,0.2894143062890062,4166,2.2343129089900424,0.22809123649459784,833,2.2284104612809195,0.2395,0.9751677239083109,0.08322198795390953,,,0.95,,0.9500173293063326,0.04998267069366735,0.9800845606760668,0.14701659865728228,10,0.025,0.15,0.9532129814751554,0.9454942180969911,0.958487182400787,0.9490996518254168,0.9509347746925041,0.9564550405768893,0.9540391977683249,0.9518767147836605,0.9523862473962624,0.9506543994345522,1.0,0.9467743393182737
4,11,2.0039297154455475,0.27280364858377343,4166,2.227813516344343,0.23529411764705882,833,2.228507763222803,0.2395,0.9788128178496438,0.08317178643012173,,,0.95,,0.9500173293063326,0.04998267069366735,0.9799184709465815,0.14701659865728228,10,0.025,0.15,0.9510708561423264,0.9631502827276316,0.9544593186089363,0.9597159391024811,0.9514015841563529,0.9590974240834969,0.9533747502933125,0.9563639455412345,0.9607294050090031,0.9562180269078698,0.9467743393182737,1.0
5,0,1.9312680049376054,0.3015358771298296,4167,2.197726147515433,0.23261390887290168,834,2.198012702072723,0.2622,0.9773275502730537,0.08320818749785107,,,0.95,,0.9500173293063326,0.04998267069366735,0.9872048251868518,0.14664961260463844,10,0.025,0.15,1.0,0.952392227062922,0.9517808960825974,0.9477360419258462,0.9527155608285397,0.9515753709627266,0.9571460406604088,0.9541369085723895,0.9544752350724225,0.9489454831330871,0.9480168032323181,0.9471839978190466
5,1,1.9394105745084358,0.30403167746580273,4167,2.202022007533482,0.2733812949640288,834,2.1978886640524564,0.2622,0.9783268036537132,0.08351072601861975,,,0.95,,0.9500173293063326,0.04998267069366735,0.9872048251868518,0.14664961260463844,10,0.025,0.15,0.952392227062922,1.0,0.9473685800761065,0.9549285452410107,0.9533602892270886,0.953596411944581,0.9513970273400141,0.9571770293951642,0.9571734854420616,0.9524009549324525,0.9393143892924714,0.9584756132619587
5,2,1.9224595846551837,0.309311255099592,4167,2.1959926741463796,0.2278177458033573,834,2.198520346532894,0.2613,0.976082665955994,0.08299807658280335,,,0.95,,0.9500173293063326,0.04998267069366735,0.9872048251868518,0.14664961260463844,10,0.025,0.15,0.9517808960825974,0.9473685800761065,1.0,0.9451712598021871,0.9482975547543823,0.9528696128527436,0.9537555250407116,0.949203199706658,0.9525371478614324,0.9497584127198038,0.9531770115968483,0.9477724254938964
5,3,1.948483108029221,0.2943124550035997,4167,2.2005929265703474,0.2793764988009592,834,2.1981939605519742,0.2615,0.9779533534672799,0.08318486359518804,,,0.95,,0.9500173293063326,0.04998267069366735,0.9872048251868518,0.14664961260463844,10,0.025,0.15,0.9477360419258462,0.9549285452410107,0.9451712598021871,1.0,0.9513056801222252,0.9540944575044438,0.9537268791797848,0.9549923964888748,0.9571624868521554,0.954214768981717,0.9433884877436688,0.9567290540565103
5,4,1.9420071703014952,0.3039836813054956,4167,2.1969030244009837,0.27130852340936373,833,2.1978849670555016,0.2622,0.9778848044877464,0.08344386723490416,,,0.95,,0.9500173293063326,0.04998267069366735,0.9872048251868518,0.14664961260463844,10,0.025,0.15,0.9527155608285397,0.9533602892270886,0.9482975547543823,0.9513056801222252,1.0,0.9580524548663351,0.9551470113781869,0.9555852322970121,0.955550280840315,0.948225920512457,0.9457302115409163,0.9484506831589505
5,5,1.9405951431303314,0.29700023998080155,4167,2.1999466759817943,0.28331332533013204,833,2.197899063931236,0.2623,0.9800906869031591,0.08351403307848726,,,0.95,,0.9500173293063326,0.04998267069366735,0.9872048251868518,0.14664961260463844,10,0.025,0.15,0.9515753709627266,0.953596411944581,0.9528696128527436,0.9540944575044438,0.9580524548663351,1.0,0.9578031307429632,0.9544233791951943,0.9596554207100929,0.9490682859747804,0.951884661941612,0.9553025808996031
5,6,1.9278552770614623,0.3089512838972882,4167,2.196585246494838,0.26770708283313327,833,2.1978841914406306,0.2622,0.9793247103064294,0.08352664047471342,,,0.95,,0.9500173293063326,0.04998267069366735,0.9872048251868518,0.14664961260463844,10,0.025,0.15,0.9571460406604088,0.9513970273400141,0.9537555250407116,0.9537268791797848,0.9551470113781869,0.9578031307429632,1.0,0.9561456625719534,0.9547063461087496,0.9511227678575082,0.9486514872793045,0.949742669273511
5,7,1.951821325042031,0.2994960403167747,4167,2.2023256506238664,0.26410564225690275,833,2.1980518419531325,0.2614,0.9789063836360775,0.08331563978876239,,,0.95,,0.9500173293063326,0.04998267069366735,0.9872048251868518,0.14664961260463844,10,0.025,0.15,0.9541369085723895,0.9571770293951642,0.949203199706658,0.9549923964888748,0.9555852322970121,0.9544233791951943,0.9561456625719534,1.0,0.9512575893018068,0.9500512441282251,0.947354911071943,0.9542613199302679
5,8,1.9269216096762456,0.3029524723955833,4166,2.196965421949114,0.2665066026410564,833,2.197872306727156,0.2623,0.9802025510786831,0.08364979601425973,,,0.95,,0.9500173293063326,0.04998267069366735,0.9872048251868518,0.14664961260463844,10,0.025,0.15,0.9544752350724225,0.9571734854420616,0.9525371478614324,0.9571624868521554,0.955550280840315,0.9596554207100929,0.9547063461087496,0.9512575893018068,1.0,0.9574664762170562,0.9460918664006266,0.9534522512785122
5,9,1.9456229614489007,0.29618338934229477,4166,2.199120078768049,0.26290516206482595,833,2.19788999497136,0.2623,0.9764130385889142,0.08334028618688705,,,0.95,,0.9500173293063326,0.04998267069366735,0.9872048251868518,0.14664961260463844,10,0.025,0.15,0.9489454831330871,0.9524009549324525,0.9497584127198038,0.954214768981717,0.948225920512457,0.9490682859747804,0.9511227678575082,0.9500512441282251,0.9574664762170562,1.0,0.9431476051997376,0.9508344916751988
5,10,1.9307289459488608,0.3098655784925588,4166,2.2052249567849294,0.24369747899159663,833,2.197889895378789,0.2623,0.9723808506232462,0.08309248184788617,,,0.95,,0.9500173293063326,0.04998267069366735,0.9872048251868518,0.14664961260463844,10,0.025,0.15,0.9480168032323181,0.9393143892924714,0.9531770115968483,0.9433884877436688,0.9457302115409163,0.951884661941612,0.9486514872793045,0.947354911071943,0.9460918664006266,0.9431476051997376,1.0,0.9413614425506727
5,11,1.9523558670824224,0.2904464714354297,4166,2.1964410713740756,0.27010804321728693,833,2.198025323167632,0.2623,0.9771122525392818,0.08321540167963758,,,0.95,,0.9500173293063326,0.04998267069366735,0.9872048251868518,0.14664961260463844,10,0.025,0.15,0.9471839978190466,0.9584756132619587,0.9477724254938964,0.9567290540565103,0.9484506831589505,0.9553025808996031,0.949742669273511,0.9542613199302679,0.9534522512785122,0.9508344916751988,0.9413614425506727,1.0
6,0,1.8847882559805205,0.3194624430045596,4167,2.162285940987723,0.2577937649880096,834,2.1630805987346022,0.2952,0.974262786150197,0.08322051216882037,,,0.95,,0.9500173293063326,0.04998267069366735,0.9916331658491241,0.14630161724620175,10,0.025,0.15,1.0,0.9465634765067168,0.9485054321625064,0.9425287350784805,0.9472508184051589,0.945645243589415,0.9489518207916328,0.9483295190093559,0.9492919942679862,0.943938135095551,0.9419918978621854,0.9400372952841487
6,1,1.8929879997715806,0.3193184545236381,4167,2.1678707940237865,0.3009592326139089,834,2.162913515597959,0.2956,0.9764738675114174,0.08347973781426173,,,0.95,,0.9500173293063326,0.04998267069366735,0.9916331658491241,0.14630161724620175,10,0.025,0.15,0.9465634765067168,1.0,0.9458095809363242,0.9497134316708846,0.9495156808678107,0.9484977991795515,0.9455933287429561,0.9519557006493887,0.9534760713176684,0.9475033382572479,0.9373047771983981,0.9527757932198629
6,2,1.8787039745937695,0.3238540916726662,4167,2.1604556015559604,0.2745803357314149,834,2.1637223702442796,0.2941,0.9757295612911431,0.08313826501255035,,,0.95,,0.9500173293063326,0.04998267069366735,0.9916331658491241,0.14630161724620175,10,0.025,0.15,0.9485054321625064,0.9458095809363242,1.0,0.9440584405215305,0.9467189079514468,0.9478350572323426,0.9510240329915524,0.9460587829846113,0.949983019169539,0.9458602427076492,0.9491625408733753,0.945336067733056
6,3,1.9043657357042485,0.30871130309575234,4167,2.1672963755471364,0.30935251798561153,834,2.1633123204677918,0.2949,0.9754916867272374,0.08324610302295578,,,0.95,,0.9500173293063326,0.04998267069366735,0.9916331658491241,0.14630161724620175,10,0.025,0.15,0.9425287350784805,0.9497134316708846,0.9440584405215305,1.0,0.9490075470528722,0.947795956236519,0.9488879144072431,0.9476931631460801,0.951563069321548,0.9479495188581006,0.9380782403108349,0.950120190541502
6,4,1.8979319391828595,0.3192464602831773,4167,2.162952559334891,0.3085234093637455,833,2.1629098004932645,0.2954,0.9760525145825635,0.08342464208090813,,,0.95,,0.9500173293063326,0.04998267069366735,0.9916331658491241,0.14630161724620175,10,0.025,0.15,0.9472508184051589,0.9495156808678107,0.9467189079514468,0.9490075470528722,1.0,0.950783119456028,0.9500084693255595,0.9501226255083086,0.9513194233073093,0.9426343286604894,0.943698479789306,0.9427592239544446
6,5,1.8960950056711832,0.31166306695464363,4167,2.165764502116612,0.3133253301320528,833,2.1629279565207566,0.2954,0.9769320094239242,0.08349670540285602,,,0.95,,0.9500173293063326,0.04998267069366735,0.9916331658491241,0.14630161724620175,10,0.025,0.15,0.945645243589415,0.9484977991795515,0.9478350572323426,0.947795956236519,0.950783119456028,1.0,0.9509619445089057,0.9491479962116995,0.953029128289684,0.9438457877080884,0.9466015382378926,0.9499390413741402
6,6,1.885551922610312,0.32272618190544755,4167,2.160750150680542,0.30612244897959184,833,2.162908985644956,0.2955,0.9762790787674277,0.08348324176354983,,,0.95,,0.9500173293063326,0.04998267069366735,0.9916331658491241,0.14630161724620175,10,0.025,0.15,0.9489518207916328,0.9455933287429561,0.9510240329915524,0.9488879144072431,0.9500084693255595,0.9509619445089057,1.0,0.9508248689886828,0.9485379473561811,0.9449566261469887,0.942159723889996,0.9445502786097904
6,7,1.9056968638391205,0.31403887688984883,4167,2.1678374154227122,0.3037214885954382,833,2.1631356130672406,0.2944,0.9765037742784909,0.08335999091003186,,,0.95,,0.9500173293063326,0.04998267069366735,0.9916331658491241,0.14630161724620175,10,0.025,0.15,0.9483295190093559,0.9519557006493887,0.9460587829846113,0.9476931631460801,0.9501226255083086,0.9491479962116995,0.9508248689886828,1.0,0.9468335899390494,0.9463843270730687,0.9425531528132034,0.949289021382824
6,8,1.8807040015856424,0.31841094575132023,4166,2.1616600922175815,0.2893157262905162,833,2.1628924140447303,0.2954,0.9780602027310551,0.08361746055669046,,,0.95,,0.9500173293063326,0.04998267069366735,0.9916331658491241,0.14630161724620175,10,0.025,0.15,0.9492919942679862,0.9534760713176684,0.949983019169539,0.951563069321548,0.9513194233073093,0.953029128289684,0.9485379473561811,0.9468335899390494,1.0,0.9541560967802756,0.9418968288622821,0.9471197521633935
6,9,1.8968606349193688,0.3118819011041767,4166,2.1636293956211636,0.30012004801920766,833,2.1629162227051166,0.2955,0.9740527324136693,0.08329541469571285,,,0.95,,0.9500173293063326,0.04998267069366735,0.9916331658491241,0.14630161724620175,10,0.025,0.15,0.943938135095551,0.9475033382572479,0.9458602427076492,0.9479495188581006,0.9426343286604894,0.9438457877080884,0.9449566261469887,0.9463843270730687,0.9541560967802756,1.0,0.939079905049569,0.9441735373225697
6,10,1.8852335933483009,0.3261401824291887,4166,2.1718333789280484,0.2653061224489796,833,2.162917529480367,0.2954,0.9703073443482849,0.08302008840524847,,,0.95,,0.9500173293063326,0.04998267069366735,0.9916331658491241,0.14630161724620175,10,0.025,0.15,0.9419918978621854,0.9373047771983981,0.9491625408733753,0.9380782403108349,0.943698479789306,0.9466015382378926,0.942159723889996,0.9425531528132034,0.9418968288622821,0.939079905049569,1.0,0.9343444721057019
