round,client_id,client_i_training_loss,client_i_training_accuracy,client_i_training_dataset_size,client_i_evaluation_loss,client_i_evaluation_accuracy,client_i_evaluation_dataset_size,client_i_central_evaluation_loss,client_i_central_evaluation_accuracy,client_i_cosine_similarity,client_i_importance_coefficient,client_i_tanh_val,tanh_normalization_value,client_i_q,client_i_mask_order,client_i_v_nonzero_fraction,client_i_v_sparsity,client_i_v_cosine_similarity,client_i_reward_gradient_norm,local_epochs,learning_rate,gamma,client_0_cosine_similarity,client_1_cosine_similarity,client_2_cosine_similarity,client_3_cosine_similarity,client_4_cosine_similarity,client_5_cosine_similarity,client_6_cosine_similarity,client_7_cosine_similarity,client_8_cosine_similarity,client_9_cosine_similarity,client_10_cosine_similarity,client_11_cosine_similarity
0,0,0.33987145768181914,0.89188,5000,2.2069806434490062,0.3932853717026379,834,2.2017490566728974,0.4033,0.7938066763190148,0.0838341971226555,,,0.8933483288733499,,0.8933587671301642,0.10664123286983584,0,0.3945114099197891,5,0.1,0.5,1.0,0.5816693264165453,0.5976962185043734,0.5732205385722525,0.6066696421069441,0.5938216830447806,0.602395072134644,0.5820460127386122,0.597386892668859,0.5945522452910379,0.6094858691783762,0.5774288264292841
0,1,0.35087608659200986,0.88892,5000,2.195431435549701,0.4196642685851319,834,2.2019116543352415,0.4012,0.7789937552960644,0.08226979941973005,,,0.7687893626304632,,0.7688017669795693,0.23119823302043074,0,0.3942702785069751,5,0.1,0.5,0.5816693264165453,1.0,0.5888607432257172,0.5693500058098538,0.5814736860794216,0.5829449023124307,0.5814978532003717,0.5657407052120162,0.5916195009776108,0.5747934745453964,0.5732521394868206,0.58490985960609
0,2,0.34817667799248436,0.89008,5000,2.2047944510424577,0.3980815347721823,834,2.2017481189947157,0.4032,0.7923613157965556,0.08368155209891365,,,0.8811945739018038,,0.8812107825912354,0.11878921740876458,0,0.3945030846825819,5,0.1,0.5,0.5976962185043734,0.5888607432257172,1.0,0.5778918121623315,0.5837151537772544,0.595524569909342,0.603401600286332,0.5841370194624377,0.5984503045594936,0.5906068689989126,0.587816227061897,0.5945860265032592
0,3,0.3630747379367329,0.88864,5000,2.200998209140919,0.38369304556354916,834,2.2019294123299207,0.4015,0.7767592686660623,0.0820338145153498,,,0.75,,0.750002509914161,0.24999749008583905,0,0.3941896388447283,5,0.1,0.5,0.5732205385722525,0.5693500058098538,0.5778918121623315,1.0,0.5824465290903984,0.575471535091158,0.5889308254489064,0.5839289299446696,0.5806194998100135,0.5746583192711894,0.5782164170581996,0.5702199461902914
0,4,0.34361836503669146,0.89072,5000,2.1955190058107728,0.4117647058823529,833,2.201798489299445,0.4023,0.7868064079039291,0.08309489635871742,,,0.834484435934553,,0.8344962602279002,0.16550373977209976,0,0.3944455315628563,5,0.1,0.5,0.6066696421069441,0.5814736860794216,0.5837151537772544,0.5824465290903984,1.0,0.5903029189560703,0.5906673747257061,0.5853191567701013,0.5894543408771477,0.5770021147338141,0.5903523867021041,0.5726850982087033
0,5,0.3425968703736735,0.89328,5000,2.1983245302129677,0.39615846338535415,833,2.2017413221609097,0.403,0.7918038287549717,0.08362267569999723,,,0.8765067740083251,,0.8765272827669294,0.12347271723307063,0,0.39449935473113634,5,0.1,0.5,0.5938216830447806,0.5829449023124307,0.595524569909342,0.575471535091158,0.5903029189560703,1.0,0.6049629395231467,0.5824019760146112,0.59881520841419,0.5833571006499009,0.5922116191160622,0.597593374260565
0,6,0.3371561235113508,0.8966,5000,2.19651785603276,0.3949579831932773,833,2.2017375554520484,0.4035,0.8005438607574392,0.08454571349699697,,,0.949999999920379,,0.9500025099141609,0.04999749008583909,0,0.394530243785962,5,0.1,0.5,0.602395072134644,0.5814978532003717,0.603401600286332,0.5889308254489064,0.5906673747257061,0.6049629395231467,1.0,0.6092082298786039,0.603458086967665,0.6066842257005501,0.5965441466799982,0.592414816691499
0,7,0.3464307304364955,0.8926,5000,2.1970399927209923,0.41536614645858344,833,2.201780237709752,0.4027,0.787704084858549,0.08318970033178935,,,0.8420328265129053,,0.8420511018523167,0.15794889814768331,0,0.39445835440580856,5,0.1,0.5,0.5820460127386122,0.5657407052120162,0.5841370194624377,0.5839289299446696,0.5853191567701013,0.5824019760146112,0.6092082298786039,1.0,0.6034946462230765,0.5903286968852168,0.5962362945726946,0.5757466289418948
0,8,0.3464050551639146,0.89352,5000,2.2022442905991166,0.39135654261704683,833,2.2017393089330994,0.4033,0.79626144662263,0.08409344626185197,,,0.9139900139878737,,0.9140003011896993,0.08599969881030067,0,0.3945216705715167,5,0.1,0.5,0.597386892668859,0.5916195009776108,0.5984503045594936,0.5806194998100135,0.5894543408771477,0.59881520841419,0.603458086967665,0.6034946462230765,1.0,0.5977883560372004,0.589482622938798,0.5890465224000566
0,9,0.34591689685679927,0.89284,5000,2.194825128272728,0.4105642256902761,833,2.201785078444801,0.4025,0.7876076921724812,0.0831795202669372,,,0.8412222792000973,,0.8412378896641735,0.15876211033582655,0,0.3944569220707817,5,0.1,0.5,0.5945522452910379,0.5747934745453964,0.5906068689989126,0.5746583192711894,0.5770021147338141,0.5833571006499009,0.6066842257005501,0.5903286968852168,0.5977883560372004,1.0,0.5879888395829693,0.5799153327827179
0,10,0.3510557341264786,0.89352,5000,2.203034824795193,0.40336134453781514,833,2.2017387026034223,0.403,0.7916005729002822,0.08360120977901583,,,0.8747976351353296,,0.8748054816525275,0.12519451834747253,0,0.39449770787485994,5,0.1,0.5,0.6094858691783762,0.5732521394868206,0.587816227061897,0.5782164170581996,0.5903523867021041,0.5922116191160622,0.5965441466799982,0.5962362945726946,0.589482622938798,0.5879888395829693,1.0,0.5938966781444497
0,11,0.3532122815051561,0.88592,5000,2.1990726082413286,0.41536614645858344,833,2.2018208526574767,0.4021,0.7845204414091383,0.08285347464804506,,,0.815262189153121,,0.8152853772400984,0.18471462275990158,0,0.3944079339358089,5,0.1,0.5,0.5774288264292841,0.58490985960609,0.5945860265032592,0.5702199461902914,0.5726850982087033,0.597593374260565,0.592414816691499,0.5757466289418948,0.5890465224000566,0.5799153327827179,0.5938966781444497,1.0
1,0,0.2944826781417534,0.91036,5000,2.0581009564576327,0.7529976019184652,834,2.0511184953653014,0.7395,0.8164692166388944,0.08374500638882423,,,0.8922893938351396,,0.8922995833542493,0.1077004166457507,0.9608340264227533,0.4070652752302176,5,0.1,0.5,1.0,0.6235685839049975,0.6382826817825522,0.6237972126343317,0.6458154356219212,0.6277360113088901,0.6429043779660693,0.6313784021665073,0.6380426900372277,0.6397223483639202,0.6359492487330421,0.6271645968431814
1,1,0.3084556857064651,0.90412,5000,2.0410749426594488,0.7470023980815348,834,2.0517647293048165,0.7374,0.8019343020344318,0.08220663559117812,,,0.7540682888571668,,0.7540786105115205,0.24592138948847952,0.9598181768221851,0.40670272446345695,5,0.1,0.5,0.6235685839049975,1.0,0.6324024553794326,0.6137242599876148,0.6269797761711904,0.6188671169119078,0.6290388839497648,0.6201340276097739,0.6177239088988337,0.6234045806949969,0.6168283620708569,0.6169325470516382
1,2,0.3084938590136019,0.90648,5000,2.056326565919099,0.7350119904076738,834,2.0511101031074888,0.7394,0.818239073352133,0.08370571509903738,,,0.8887591100448732,,0.8887706440439737,0.11122935595602634,0.9608049180990093,0.40706258882909574,5,0.1,0.5,0.6382826817825522,0.6324024553794326,1.0,0.6253798154680397,0.6386315090429283,0.6340128094504257,0.6441482772846596,0.6376736205249568,0.6319904866560716,0.6399148095706506,0.6322343879420981,0.6378619674978154
1,3,0.3132261702351889,0.90356,5000,2.0473161891654685,0.7314148681055156,834,2.05184830415744,0.7376,0.8051153469726677,0.08216135642215938,,,0.75,,0.750002509914161,0.24999749008583905,0.9596305714931275,0.40667843554173627,5,0.1,0.5,0.6237972126343317,0.6137242599876148,0.6253798154680397,1.0,0.6278527574542422,0.6172599101965628,0.6375440806266193,0.6333138706993725,0.6264200591710583,0.6251892492567305,0.624442147932675,0.6166874069433392
1,4,0.2928396285066654,0.90808,5000,2.0445621322702476,0.7430972388955582,833,2.0512177974652177,0.7394,0.8195976259405644,0.08336549933547698,,,0.8581910578937293,,0.8582049093920988,0.1417950906079012,0.9606326907305935,0.407029604280798,5,0.1,0.5,0.6458154356219212,0.6269797761711904,0.6386315090429283,0.6278527574542422,1.0,0.6387106807936281,0.6402877517160027,0.6409134765328526,0.6376652678963486,0.6446102789913425,0.6395849148932499,0.6271392764844583
1,5,0.30471416047424266,0.90816,5000,2.0507019890679254,0.7539015606242497,833,2.0511111596141,0.7397,0.8137672377710511,0.08351139654248166,,,0.8712997786236364,,0.871311681140505,0.12868831885949505,0.9607707315943649,0.4070464371657661,5,0.1,0.5,0.6277360113088901,0.6188671169119078,0.6340128094504257,0.6172599101965628,0.6387106807936281,1.0,0.6389612870087767,0.6319236569828821,0.6410948674204546,0.6369750582463791,0.637759467878317,0.6254521576297619
1,6,0.2920765284923421,0.91132,5000,2.0477786947179726,0.7298919567827131,833,2.051078941113652,0.7398,0.8214293721318654,0.08438731286665484,,,0.9499999999101509,,0.9500025099141609,0.04999749008583909,0.9609008298465647,0.40708683640423515,5,0.1,0.5,0.6429043779660693,0.6290388839497648,0.6441482772846596,0.6375440806266193,0.6402877517160027,0.6389612870087767,1.0,0.6413255477433825,0.6371293808953442,0.6423944288791189,0.6366035471208474,0.6296841725737385
1,7,0.3053725443139767,0.90496,5000,2.0447730267489397,0.78031212484994,833,2.051198801674401,0.7395,0.8180966057579407,0.08337593584591607,,,0.8591287681045662,,0.8591436172882887,0.1408563827117113,0.9606484082067015,0.4070310054647882,5,0.1,0.5,0.6313784021665073,0.6201340276097739,0.6376736205249568,0.6333138706993725,0.6409134765328526,0.6319236569828821,0.6413255477433825,1.0,0.6398399050678863,0.6394241587278695,0.6409299651391179,0.6363772762298481
1,8,0.30769147520327267,0.905,5000,2.0541230042775473,0.7310924369747899,833,2.0511064148558593,0.7396,0.8147504548420132,0.08385647684256092,,,0.9023049046024114,,0.9023241805130264,0.09767581948697357,0.9608615267760647,0.40707183583298356,5,0.1,0.5,0.6380426900372277,0.6177239088988337,0.6319904866560716,0.6264200591710583,0.6376652678963486,0.6410948674204546,0.6371293808953442,0.6398399050678863,1.0,0.6367663881556066,0.6289671216977394,0.6208047765987827
1,9,0.30325432747104175,0.90812,5000,2.0465390505614103,0.7250900360144058,833,2.0511953830718994,0.7396,0.8184564185055254,0.08338171941328082,,,0.8596484159509067,,0.8596556397771197,0.14034436022288033,0.9606467162614579,0.4070317220426577,5,0.1,0.5,0.6397223483639202,0.6234045806949969,0.6399148095706506,0.6251892492567305,0.6446102789913425,0.6369750582463791,0.6423944288791189,0.6394241587278695,0.6367663881556066,1.0,0.6324751383079181,0.635801874633975
1,10,0.30245280554577425,0.9098,5000,2.0511388646231756,0.7214885954381752,833,2.0511105647102332,0.7397,0.8137557681651292,0.0834968214144557,,,0.869990217688116,,0.8699964861201747,0.13000351387982534,0.9607629678531617,0.4070448297628168,5,0.1,0.5,0.6359492487330421,0.6168283620708569,0.6322343879420981,0.624442147932675,0.6395849148932499,0.637759467878317,0.6366035471208474,0.6409299651391179,0.6289671216977394,0.6324751383079181,1.0,0.6231454053435831
1,11,0.30943651940721045,0.90312,5000,2.0478320077613548,0.7154861944777912,833,2.051318380779352,0.7385,0.8080915830197093,0.0828061242379739,,,0.8079317548750155,,0.8079463882335224,0.19205361176647762,0.9604497342154484,0.40692364480360915,5,0.1,0.5,0.6271645968431814,0.6169325470516382,0.6378619674978154,0.6166874069433392,0.6271392764844583,0.6254521576297619,0.6296841725737385,0.6363772762298481,0.6208047765987827,0.635801874633975,0.6231454053435831,1.0
2,0,0.270061628432547,0.91932,5000,1.8677368340668854,0.8657074340527577,834,1.8590457469891435,0.8656,0.813383265537265,0.08356230740212765,,,0.8846490926103077,,0.8846543848200391,0.11534561517996089,0.969281166720639,0.40728644782352014,5,0.1,0.5,1.0,0.6280107167494486,0.637051031542167,0.6217403646893074,0.6356368562269971,0.6369646269037307,0.6400486371166985,0.6259885318877039,0.6332658604998845,0.6310204235677951,0.6290631159931119,0.6304027448037397
2,1,0.2786937626375324,0.91476,5000,1.8451138514059562,0.8788968824940048,834,1.8600838256720156,0.8641,0.8122823219689013,0.08250828229069282,,,0.7783529933457344,,0.7783645399327342,0.22163546006726575,0.9683624634513907,0.4070351365377974,5,0.1,0.5,0.6280107167494486,1.0,0.6322152785447002,0.6239601445697266,0.6444270960688019,0.6298181477676867,0.6357572882666611,0.6241534379406589,0.6331242246837839,0.6401670941496003,0.6226657946099686,0.6311309684914459
2,2,0.279448889612938,0.91648,5000,1.8668626017040677,0.8693045563549161,834,1.8590408476016012,0.8653,0.8178008550591244,0.08368988358448247,,,0.8975148681940815,,0.8975302444656392,0.10246975553436077,0.9692853813879491,0.40729635005361703,5,0.1,0.5,0.637051031542167,0.6322152785447002,1.0,0.6285466366773722,0.6455924469155551,0.6387799042291937,0.6446264760280636,0.6263640672068912,0.6376702990943799,0.6452165601814683,0.6257668099892126,0.6307790558752061
2,3,0.2824954231406093,0.91712,5000,1.8518074441839147,0.8693045563549161,834,1.8603900305379313,0.8639,0.8050525271605637,0.08222713587819498,,,0.75,,0.750002509914161,0.24999749008583905,0.9682476912300245,0.4068924867838253,5,0.1,0.5,0.6217403646893074,0.6239601445697266,0.6285466366773722,1.0,0.6303238094938121,0.627436828383265,0.629447727083136,0.6173743393599428,0.624446360514028,0.6328311812857265,0.620098648123922,0.6188799215235333
2,4,0.26646700443783006,0.91832,5000,1.8519498374727037,0.8595438175270108,833,1.859178750659711,0.8653,0.8226521026511685,0.08363383389598567,,,0.8918623811825583,,0.8918779177752121,0.10812208222478792,0.9692068204206444,0.40729222291815015,5,0.1,0.5,0.6356368562269971,0.6444270960688019,0.6455924469155551,0.6303238094938121,1.0,0.6429304089531649,0.6515997444271867,0.6412282664291743,0.6400194267508874,0.6404368599958293,0.6273772594762781,0.6420560497275706
2,5,0.26753999873651724,0.91932,5000,1.862697473278752,0.8703481392557023,833,1.8590374758449226,0.8654,0.818928667467493,0.08360077133483607,,,0.8885280950789619,,0.8885447517694894,0.11145524823051056,0.9692478695744453,0.4072897529106043,5,0.1,0.5,0.6369646269037307,0.6298181477676867,0.6387799042291937,0.627436828383265,0.6429304089531649,1.0,0.6434540115212988,0.633038892993385,0.6433368723920704,0.6450015082833599,0.6286167319632852,0.6350488627719838
2,6,0.2629718222044361,0.92128,5000,1.8579971304646246,0.8571428571428571,833,1.858994491564961,0.8656,0.8198263382040829,0.0842103226897446,,,0.9499999998991522,,0.9500025099141609,0.04999749008583909,0.9693673123389808,0.40731650115130297,5,0.1,0.5,0.6400486371166985,0.6357572882666611,0.6446264760280636,0.629447727083136,0.6515997444271867,0.6434540115212988,1.0,0.6282251290335388,0.6399091274338006,0.6414683723511636,0.6251399359906705,0.6298418124468276
2,7,0.2758846447785284,0.9178,5000,1.85136643603996,0.8847539015606243,833,1.8592242985106886,0.8652,0.8089661641287444,0.08316511244447998,,,0.8445928603749759,,0.8446061944681492,0.15539380553185078,0.9691561952048436,0.4072334661132416,5,0.1,0.5,0.6259885318877039,0.6241534379406589,0.6263640672068912,0.6173743393599428,0.6412282664291743,0.633038892993385,0.6282251290335388,1.0,0.6322492487565496,0.6268157851784175,0.6263220108852552,0.6259857844532312
2,8,0.27094268792184295,0.91812,5000,1.8647805673104745,0.8595438175270108,833,1.8590547276761966,0.8656,0.816360180511497,0.08373936330799649,,,0.9025047887805748,,0.9025249736459013,0.09747502635409866,0.969304353805087,0.4072999505337214,5,0.1,0.5,0.6332658604998845,0.6331242246837839,0.6376702990943799,0.624446360514028,0.6400194267508874,0.6433368723920704,0.6399091274338006,0.6322492487565496,1.0,0.6328341398716343,0.6263069671131647,0.6347607033129092
2,9,0.27318817968999337,0.91836,5000,1.8581171653888844,0.8595438175270108,833,1.8591555745456927,0.8653,0.8193713843216366,0.08353053255570358,,,0.8814446696862546,,0.881456754179007,0.11854324582099296,0.9692173204224244,0.4072834570571023,5,0.1,0.5,0.6310204235677951,0.6401670941496003,0.6452165601814683,0.6328311812857265,0.6404368599958293,0.6450015082833599,0.6414683723511636,0.6268157851784175,0.6328341398716343,1.0,0.633692820292837,0.6401562548164103
2,10,0.2732083367474472,0.91924,5000,1.8576812611685858,0.8547418967587035,833,1.859090904077402,0.8652,0.8077770843645872,0.08320360873776528,,,0.8484751263361747,,0.8484865217609557,0.15151347823904426,0.9691951484259932,0.4072399855412416,5,0.1,0.5,0.6290631159931119,0.6226657946099686,0.6257668099892126,0.620098648123922,0.6273772594762781,0.6286167319632852,0.6251399359906705,0.6263220108852552,0.6263069671131647,0.633692820292837,1.0,0.6306516249202441
2,11,0.2744163764474593,0.91592,5000,1.8556703858905368,0.8571428571428571,833,1.8594180410281538,0.865,0.8129939209479582,0.08292884587799046,,,0.8207659001517207,,0.8207871090808694,0.17921289091913062,0.9688690816871667,0.40718082146219514,5,0.1,0.5,0.6304027448037397,0.6311309684914459,0.6307790558752061,0.6188799215235333,0.6420560497275706,0.6350488627719838,0.6298418124468276,0.6259857844532312,0.6347607033129092,0.6401562548164103,0.6306516249202441,1.0
3,0,0.2434606352328637,0.928,5000,1.6458187368181016,0.9088729016786571,834,1.6351361354699911,0.914,0.810008418493709,0.0835927729244159,,,0.9040273370976544,,0.9040459816274283,0.09595401837257167,0.970404646203805,0.4034493146804398,5,0.1,0.5,1.0,0.6116521378859185,0.6245293803054872,0.6176923897605483,0.6314639734673052,0.6230269498837825,0.6221413520663245,0.6182333514330972,0.6307218621162215,0.6264455100823146,0.6247490874640665,0.6115200608670006
3,1,0.25594515592737754,0.92264,5000,1.6169482072194417,0.9220623501199041,834,1.637090320023485,0.913,0.7980340247162043,0.08247709949973056,,,0.75,,0.750002509914161,0.24999749008583905,0.9693894880133618,0.40300533981977243,5,0.1,0.5,0.6116521378859185,1.0,0.6172839301289673,0.6118910699979686,0.6203356227077207,0.6121979153915327,0.6165731127380282,0.6058530678022441,0.6122196899354181,0.6099206966760798,0.6106749625488229,0.6026613186047054
3,2,0.25469329530183393,0.926,5000,1.6458514178240742,0.9184652278177458,834,1.6351267152700941,0.914,0.8079167291989391,0.08360435672198163,,,0.9056265698597246,,0.9056523266904272,0.09434767330957283,0.9704199213782355,0.4034503346112916,5,0.1,0.5,0.6245293803054872,0.6172839301289673,1.0,0.6164744312140976,0.6254756182350036,0.6235356338789912,0.6165877182332485,0.6133584761183106,0.6235140015777397,0.6189978926626254,0.626553370110296,0.615218052445234
3,3,0.2613091544868057,0.92212,5000,1.6239293063128437,0.9148681055155875,834,1.6374888808582537,0.9129,0.8035298656288419,0.08248247059155407,,,0.7507415207287166,,0.7507605039907636,0.24923949600923645,0.9692262181079566,0.4030108665907473,5,0.1,0.5,0.6176923897605483,0.6118910699979686,0.6164744312140976,1.0,0.6234589354386192,0.6202660218419971,0.6227792885887156,0.609887063569611,0.614633688531024,0.6191541329473504,0.6238225258834464,0.6056248682526411
3,4,0.2452229349856164,0.92604,5000,1.6258504788080852,0.9027611044417767,833,1.6352855252762573,0.9139,0.8152805413372426,0.08382395948591118,,,0.9359444282929773,,0.9359620500978867,0.06403794990211331,0.9704378035876065,0.4034635988433881,5,0.1,0.5,0.6314639734673052,0.6203356227077207,0.6254756182350036,0.6234589354386192,1.0,0.6329946974348309,0.6287518726874756,0.6216804505907663,0.6328858616276656,0.6255960506968674,0.6259195701211777,0.624468490101662
3,5,0.2462325459488543,0.92648,5000,1.6446147406542744,0.9135654261704682,833,1.635121778939098,0.9139,0.8120992914949214,0.08369114780975259,,,0.9176087501621191,,0.9176296370664123,0.08237036293358768,0.9704230859700249,0.4034569535727428,5,0.1,0.5,0.6230269498837825,0.6121979153915327,0.6235356338789912,0.6202660218419971,0.6329946974348309,1.0,0.6241118763782819,0.6139231976804144,0.6328293469429465,0.624383177670716,0.6310411952500571,0.6240124234982376
3,6,0.24407376230095224,0.92896,5000,1.6360932367819327,0.9123649459783914,833,1.6350774239427366,0.914,0.8072474536152744,0.08392576886575077,,,0.9499999998619422,,0.9500025099141609,0.04999749008583909,0.9704937261671175,0.403466660427398,5,0.1,0.5,0.6221413520663245,0.6165731127380282,0.6165877182332485,0.6227792885887156,0.6287518726874756,0.6241118763782819,1.0,0.6045578316238255,0.6283509206586961,0.6198898809272538,0.6151159741132319,0.6137947897966545
3,7,0.24858184932689567,0.92484,5000,1.6268854008780584,0.921968787515006,833,1.6355964360526576,0.9139,0.7999243966829376,0.08297809801361196,,,0.8191667160619138,,0.8191807640178705,0.18081923598212946,0.9700740966786879,0.4033147800115105,5,0.1,0.5,0.6182333514330972,0.6058530678022441,0.6133584761183106,0.609887063569611,0.6216804505907663,0.6139231976804144,0.6045578316238255,1.0,0.6183363751259862,0.6133706201584617,0.6190667903359798,0.6082852083887399
3,8,0.24641937936899388,0.92664,5000,1.6437685313048187,0.9063625450180072,833,1.6351502246369187,0.914,0.8117018225760316,0.083769095648845,,,0.9283700516525666,,0.9283821093318608,0.07161789066813917,0.9704495503603604,0.4034612081874783,5,0.1,0.5,0.6307218621162215,0.6122196899354181,0.6235140015777397,0.614633688531024,0.6328858616276656,0.6328293469429465,0.6283509206586961,0.6183363751259862,1.0,0.6262855783068958,0.6196054610878344,0.6182992779806554
3,9,0.25282707667440935,0.92548,5000,1.639010296927558,0.9195678271308524,833,1.6352802625479408,0.9138,0.8077309987212081,0.08349232523939978,,,0.8901597580209007,,0.8901812158024196,0.1098187841975804,0.9703709147333298,0.40343815339806427,5,0.1,0.5,0.6264455100823146,0.6099206966760798,0.6189978926626254,0.6191541329473504,0.6255960506968674,0.624383177670716,0.6198898809272538,0.6133706201584617,0.6262855783068958,1.0,0.6200252190621766,0.6162908996329703
3,10,0.24789670271276953,0.9268,5000,1.6330251428816054,0.8991596638655462,833,1.635244706949106,0.9139,0.808767718059971,0.0833119106531934,,,0.8652521303297768,,0.8652728276692937,0.1347271723307063,0.9702221136567074,0.403409648652718,5,0.1,0.5,0.6247490874640665,0.6106749625488229,0.626553370110296,0.6238225258834464,0.6259195701211777,0.6310411952500571,0.6151159741132319,0.6190667903359798,0.6196054610878344,0.6200252190621766,1.0,0.6154243296677798
3,11,0.25627174248835843,0.9212,5000,1.6312003797954984,0.9231692677070829,833,1.6358812735103572,0.9134,0.8007677515350483,0.08285099454585314,,,0.801619100208027,,0.8016364640329301,0.1983635359670699,0.9698926091941399,0.40325806502279804,5,0.1,0.5,0.6115200608670006,0.6026613186047054,0.615218052445234,0.6056248682526411,0.624468490101662,0.6240124234982376,0.6137947897966545,0.6082852083887399,0.6182992779806554,0.6162908996329703,0.6154243296677798,1.0
4,0,0.22552930532130086,0.9332,5000,1.4056992442519576,0.9232613908872902,834,1.3921759132379161,0.9326,0.7886057954063879,0.08330080077859844,,,0.8490256819908674,,0.8490437227046835,0.15095627729531647,0.9706417465869106,0.3971447580255675,5,0.1,0.5,1.0,0.5909415414921586,0.592617462887396,0.5957769003008816,0.596664578518119,0.5921861111921886,0.5953774551880238,0.5952964074035259,0.5910951272204452,0.5831120100092487,0.5986906118006668,0.5852117104020436
4,1,0.23515461740902607,0.92892,5000,1.3693605617240623,0.9436450839328537,834,1.394851298758778,0.9321,0.7941827457207491,0.08275334563443743,,,0.75,,0.750002509914161,0.24999749008583905,0.9696008666892902,0.396750609830803,5,0.1,0.5,0.5909415414921586,1.0,0.604953749788659,0.6021765751269893,0.6029263558877334,0.595346120406982,0.60057499959887,0.5805090859003894,0.5968680558017186,0.6010037044040373,0.5956491352017667,0.6045874687621656
4,2,0.23293509652992342,0.93096,5000,1.405188657619335,0.935251798561151,834,1.3920309315093409,0.9326,0.7948168199284287,0.08352618858330153,,,0.8897946496609991,,0.8897997088499573,0.1102002911500427,0.9707720734531264,0.39720249225231063,5,0.1,0.5,0.592617462887396,0.604953749788659,1.0,0.6029675770102892,0.5991171078583366,0.5963886010327393,0.6033369736839183,0.5932499137715656,0.5955722893598522,0.5969027881239162,0.5984760279254174,0.592657254944626
4,3,0.2372615585720558,0.9286,5000,1.3775087550834373,0.9364508393285371,834,1.3952888136092847,0.932,0.7953780113493236,0.08279881196697442,,,0.7582241159574801,,0.75823502836203,0.24176497163796995,0.9696567261191327,0.39680397629673714,5,0.1,0.5,0.5957769003008816,0.6021765751269893,0.6029675770102892,1.0,0.6040979655741171,0.601934912356882,0.603014032277447,0.5986762388906779,0.5941600425768542,0.5905290969155377,0.5985554997071489,0.5950133137052812
4,4,0.2232140128957523,0.93148,5000,1.3813283090238218,0.9243697478991597,833,1.3921129448345293,0.9326,0.7987506858983222,0.08381028626331037,,,0.9411832735783293,,0.9412027508659204,0.05879724913407958,0.9708632066814855,0.39722996228502394,5,0.1,0.5,0.596664578518119,0.6029263558877334,0.5991171078583366,0.6040979655741171,1.0,0.6011533136621225,0.6093377557387706,0.5997872373622388,0.6037770732013401,0.5976598161796102,0.5990360162627258,0.5990658614855876
4,5,0.22838540880223085,0.93072,5000,1.4061196733404089,0.9243697478991597,833,1.3919779972527355,0.9326,0.7958720926273599,0.083620964814207,,,0.9069381197736432,,0.9069524622257918,0.09304753777420816,0.9708158656567265,0.39721612740995976,5,0.1,0.5,0.5921861111921886,0.595346120406982,0.5963886010327393,0.601934912356882,0.6011533136621225,1.0,0.6065239716931309,0.5937289583513397,0.6030081564105192,0.5964723791466126,0.6016774135967822,0.5973091811685012
4,6,0.22098184307847338,0.93652,5000,1.3940251535839505,0.936374549819928,833,1.3918842945616847,0.9327,0.7982071055944239,0.08385902879189627,,,0.9499999998191163,,0.9500025099141609,0.04999749008583909,0.9708715223587505,0.39723164417362195,5,0.1,0.5,0.5953774551880238,0.60057499959887,0.6033369736839183,0.603014032277447,0.6093377557387706,0.6065239716931309,1.0,0.5938455262463187,0.6052444981156991,0.5988661195323249,0.5995129428527278,0.5911804025182805
4,7,0.23371262306549176,0.92892,5000,1.3831757616113733,0.9339735894357744,833,1.3929292607231263,0.9325,0.791061499325946,0.08297756319239713,,,0.7905572891735513,,0.7905777822398474,0.20942221776015257,0.9702065775755627,0.3969705803245571,5,0.1,0.5,0.5952964074035259,0.5805090859003894,0.5932499137715656,0.5986762388906779,0.5997872373622388,0.5937289583513397,0.5938455262463187,1.0,0.5996681642527175,0.5906148228467921,0.6040592633599239,0.5938295257269169
4,8,0.23240716084363355,0.92936,5000,1.4029890254691795,0.9243697478991597,833,1.3919960336563306,0.9326,0.7955957391417496,0.08366318371064402,,,0.9145748276522122,,0.9145876211033582,0.08541237889664177,0.9708344245333853,0.39722055897400044,5,0.1,0.5,0.5910951272204452,0.5968680558017186,0.5955722893598522,0.5941600425768542,0.6037770732013401,0.6030081564105192,0.6052444981156991,0.5996681642527175,1.0,0.5974700442208214,0.5969759278396156,0.5988508379945522
4,9,0.23790766554202433,0.9312,5000,1.4003755781385634,0.9423769507803121,833,1.3922751993416977,0.9325,0.7920358228073029,0.08335412470074127,,,0.8586711073977541,,0.8586817930826766,0.14131820691732344,0.9706639719734254,0.3971623100625327,5,0.1,0.5,0.5831120100092487,0.6010037044040373,0.5969027881239162,0.5905290969155377,0.5976598161796102,0.5964723791466126,0.5988661195323249,0.5906148228467921,0.5974700442208214,1.0,0.5972980770210717,0.6002644281765869
4,10,0.2291949455513601,0.93428,5000,1.3886967853263572,0.9243697478991597,833,1.3922272486427723,0.9326,0.7963261011693369,0.08338434880154288,,,0.864138152919862,,0.8641483861251945,0.1358516138748055,0.9706333810009543,0.39717111764880636,5,0.1,0.5,0.5986906118006668,0.5956491352017667,0.5984760279254174,0.5985554997071489,0.5990360162627258,0.6016774135967822,0.5995129428527278,0.6040592633599239,0.5969759278396156,0.5972980770210717,1.0,0.602044569694004
4,11,0.23558495971166593,0.9274,5000,1.388022243976593,0.9411764705882353,833,1.3932825894401477,0.9323,0.792728588297152,0.08295135276194923,,,0.7858162509751524,,0.785829024647357,0.21417097535264296,0.9701182864800373,0.39694933549967276,5,0.1,0.5,0.5852117104020436,0.6045874687621656,0.592657254944626,0.5950133137052812,0.5990658614855876,0.5973091811685012,0.5911804025182805,0.5938295257269169,0.5988508379945522,0.6002644281765869,0.602044569694004,1.0
5,0,0.20665013195626486,0.9386,5000,1.1621437867482503,0.9436450839328537,834,1.1456827999303898,0.9437,0.780922079637265,0.08321541968696639,,,0.8145839821915833,,0.8145976607600021,0.18540233923999794,0.9685833427549159,0.39163948263573134,5,0.1,0.5,1.0,0.5767451533362185,0.569017595888972,0.5697657042805283,0.5825747634406335,0.576205602551506,0.5869176998233625,0.5734634817208897,0.5800553701308929,0.5773301369974887,0.576297424125747,0.575414952392125
5,1,0.21529008035020084,0.93424,5000,1.1176575378135398,0.9544364508393285,834,1.1488028699978472,0.9439,0.78093944071378,0.0828498251963017,,,0.7545307814498874,,0.7545454545454545,0.24545454545454548,0.9678250199693897,0.3913511919865214,5,0.1,0.5,0.5767451533362185,1.0,0.5774575469579551,0.5722615488800247,0.5905594060171211,0.5659814220981508,0.5861907001634293,0.5681430359277048,0.5751063304806915,0.5813372829915889,0.576314200995957,0.5766271414135404
5,2,0.22042141804934307,0.93364,5000,1.1602819760640461,0.9436450839328537,834,1.1455391813010072,0.9437,0.7765668119431229,0.08321285315335386,,,0.814162398819353,,0.8141759951809648,0.18582400481903516,0.9686447338240032,0.3916379258634093,5,0.1,0.5,0.569017595888972,0.5774575469579551,1.0,0.5711766968813121,0.5800713112372297,0.5631859509351641,0.575433535470653,0.571457188472043,0.5761253480044628,0.5727482952912646,0.574876695253347,0.5702462273710959
5,3,0.22065145993949312,0.93356,5000,1.1269119668889929,0.947242206235012,834,1.1493285243122722,0.9439,0.7792921261783181,0.08282224250768516,,,0.75,,0.750002509914161,0.24999749008583905,0.9678798916809189,0.39131929179508623,5,0.1,0.5,0.5697657042805283,0.5722615488800247,0.5711766968813121,1.0,0.5807721652545644,0.5725963089419729,0.5914445766590655,0.5748327005299663,0.5740543141180188,0.574813408926913,0.5758857156099437,0.5734277507978732
5,4,0.20415661778348457,0.93688,5000,1.133323483996921,0.9339735894357744,833,1.1452683436984834,0.9437,0.7914099151600184,0.08392546668057575,,,0.9312175632002476,,0.9312333718186838,0.06876662818131618,0.9690477490099613,0.39182423029965474,5,0.1,0.5,0.5825747634406335,0.5905594060171211,0.5800713112372297,0.5807721652545644,1.0,0.5798798741539252,0.5955296105904163,0.5795237608606981,0.588861252158396,0.585241529131557,0.5848230743456407,0.5921612390562482
5,5,0.21562764290720224,0.937,5000,1.1628206880004317,0.9387755102040817,833,1.145351837046992,0.9436,0.7804586571143949,0.08341326950453941,,,0.8470831448289058,,0.8471010491441193,0.15289895085588068,0.9688164034108357,0.39172919894326735,5,0.1,0.5,0.576205602551506,0.5659814220981508,0.5631859509351641,0.5725963089419729,0.5798798741539252,1.0,0.5869650987043196,0.5777317402634048,0.5816267851967264,0.5812078507181258,0.576832087115565,0.5755722187981577
5,6,0.20168969565527928,0.942,5000,1.1481822110988475,0.9471788715486195,833,1.1450084746836093,0.9437,0.793731630777159,0.08403981121626053,,,0.9499999998357382,,0.9500025099141609,0.04999749008583909,0.9690580942055996,0.39182937961965525,5,0.1,0.5,0.5869176998233625,0.5861907001634293,0.575433535470653,0.5914445766590655,0.5955296105904163,0.5869650987043196,1.0,0.5877628301637892,0.5884024788137586,0.5921735276574431,0.589372824707188,0.5814111241996535
5,7,0.2117972807384802,0.936,5000,1.136398904853397,0.9423769507803121,833,1.146603172008222,0.9436,0.78248738068616,0.08305430719577767,,,0.7881193580727673,,0.788133125847096,0.21186687415290395,0.9682149859946337,0.3915351225656656,5,0.1,0.5,0.5734634817208897,0.5681430359277048,0.571457188472043,0.5748327005299663,0.5795237608606981,0.5777317402634048,0.5877628301637892,1.0,0.5813827863615919,0.5816333158996291,0.583717558321448,0.5805002995442509
5,8,0.20701903979988046,0.93648,5000,1.1572130543214303,0.943577430972389,833,1.1452402822887555,0.9438,0.7852872057010936,0.08361150706778733,,,0.8796459992598579,,0.8796546358114552,0.1203453641885448,0.9689464100891689,0.39178548613940206,5,0.1,0.5,0.5800553701308929,0.5751063304806915,0.5761253480044628,0.5740543141180188,0.588861252158396,0.5816267851967264,0.5884024788137586,0.5813827863615919,1.0,0.5790883494915404,0.5802960510502019,0.5779905529140262
5,9,0.20975294605277148,0.9372,5000,1.1578502566726119,0.9483793517406963,833,1.1456586556693615,0.9436,0.7854271820745528,0.08340969825491021,,,0.8464965250182759,,0.8465087094021384,0.1534912905978616,0.9687375059224986,0.39172742233431196,5,0.1,0.5,0.5773301369974887,0.5813372829915889,0.5727482952912646,0.574813408926913,0.585241529131557,0.5812078507181258,0.5921735276574431,0.5816333158996291,0.5790883494915404,1.0,0.5808483625927976,0.5795059579343724
5,10,0.20929031193517386,0.93808,5000,1.142696206216459,0.9339735894357744,833,1.1456157860283653,0.9438,0.7846465994333243,0.08340243428141218,,,0.8453033318225409,,0.8453240299181768,0.1546759700818232,0.9687521966766202,0.3917249780220438,5,0.1,0.5,0.576297424125747,0.576314200995957,0.574876695253347,0.5758857156099437,0.5848230743456407,0.576832087115565,0.589372824707188,0.583717558321448,0.5802960510502019,0.5808483625927976,1.0,0.5791757652088978
5,11,0.22122030275144206,0.93296,5000,1.141800343990326,0.9483793517406963,833,1.1469508479959287,0.9437,0.7826689049683485,0.0830431652544297,,,0.7862891629863891,,0.7863059083379348,0.2136940916620652,0.9681813538874543,0.3915261757952055,5,0.1,0.5,0.575414952392125,0.5766271414135404,0.5702462273710959,0.5734277507978732,0.5921612390562482,0.5755722187981577,0.5814111241996535,0.5805002995442509,0.5779905529140262,0.5795059579343724,0.5791757652088978,1.0
6,0,0.18931715173207841,0.94408,5000,0.9315189873730695,0.9448441247002398,834,0.9111501307914052,0.948,0.7679141692385489,0.08318002570497976,,,0.824970029309721,,0.8249786657296321,0.17502133427036792,0.9673653212335177,0.3848493158562802,5,0.1,0.5,1.0,0.5558456862994797,0.5447436910106611,0.5512383908140107,0.5599980749335064,0.557598151603058,0.5598412171980873,0.5550180110290092,0.5622684440869793,0.5484831186530971,0.5544186212665145,0.5467231431571657
6,1,0.2016235844155026,0.93952,5000,0.88005413390972,0.960431654676259,834,0.9145498772779592,0.9478,0.7613357494031959,0.08270110585251929,,,0.75,,0.750002509914161,0.24999749008583905,0.9665345488660397,0.38448843197494953,5,0.1,0.5,0.5558456862994797,1.0,0.544084368908836,0.5512898848829619,0.5568834697054376,0.5490856481694227,0.5522409325123478,0.5382386110695727,0.5525749356735221,0.5493991900125729,0.5404688565460831,0.5473104703261554
6,2,0.20711485241142333,0.93964,5000,0.9253205149262039,0.9484412470023981,834,0.9111345151361947,0.948,0.7638720493234369,0.08303516457004498,,,0.8022934927742129,,0.8023091210280608,0.19769087897193915,0.9672779401645765,0.38476985136547937,5,0.1,0.5,0.5447436910106611,0.544084368908836,1.0,0.5459362326346484,0.550053361953376,0.5558252050416598,0.5547262072402112,0.5530787956060824,0.5575920852506782,0.5546367214506073,0.5488850862230695,0.5493107542021564
6,3,0.2017165361868016,0.93872,5000,0.8901354957509924,0.9484412470023981,834,0.9148516510241329,0.9475,0.7675449402331495,0.08290242001538964,,,0.7815136835804855,,0.7815320516038351,0.2184679483961649,0.9666907320765699,0.3846766256025621,5,0.1,0.5,0.5512383908140107,0.5512898848829619,0.5459362326346484,1.0,0.564215381067668,0.5597651962323928,0.5579024832953882,0.5529385329528599,0.5476885899603952,0.5492940445613338,0.5559269448903866,0.5587276432419385
6,4,0.18611567460392026,0.94192,5000,0.9000353989777742,0.936374549819928,833,0.9105959018579306,0.9479,0.7769788862916913,0.08397873601085117,,,0.9499999998434601,,0.9500025099141609,0.04999749008583909,0.9678919318125808,0.3850064511656046,5,0.1,0.5,0.5599980749335064,0.5568834697054376,0.550053361953376,0.564215381067668,1.0,0.5632498392878108,0.5668888703553212,0.5618179395154627,0.5723046543922954,0.5638460189182506,0.5560360230652801,0.5609454696317423
6,5,0.19415904788573266,0.94184,5000,0.9297164877255758,0.9447779111644657,833,0.9107068910385473,0.9479,0.7759209578452244,0.08359666589708409,,,0.890190811562107,,0.8902063149440289,0.10979368505597109,0.9676408031246322,0.3849739358280188,5,0.1,0.5,0.557598151603058,0.5490856481694227,0.5558252050416598,0.5597651962323928,0.5632498392878108,1.0,0.5696918326872134,0.5549404793539676,0.5677161154830339,0.5623470986333814,0.5662933339978564,0.5625344247964387
6,6,0.19165246873014388,0.94364,5000,0.9132725839261655,0.9495798319327731,833,0.9103454410458525,0.9478,0.7743435089274262,0.08396234682698697,,,0.9474344398894334,,0.9474474172983284,0.052552582701671624,0.9679027498194855,0.38500594923558423,5,0.1,0.5,0.5598412171980873,0.5522409325123478,0.5547262072402112,0.5579024832953882,0.5668888703553212,0.5696918326872134,1.0,0.553521045882132,0.5667992351515486,0.5507383502635874,0.5569111066107244,0.5619721546533474
6,7,0.19733395385288982,0.93952,5000,0.9011581782941465,0.9459783913565426,833,0.91211525110391,0.9481,0.7677829112375704,0.08306698069927819,,,0.8072739840377956,,0.8072887907233572,0.19271120927664276,0.9670670297669774,0.3847892446024968,5,0.1,0.5,0.5550180110290092,0.5382386110695727,0.5530787956060824,0.5529385329528599,0.5618179395154627,0.5549404793539676,0.553521045882132,1.0,0.5610840130307977,0.5548364041337086,0.5601118104449013,0.5502074541388254
6,8,0.19661552495305326,0.941,5000,0.9228538716280902,0.9495798319327731,833,0.9105860705192859,0.9479,0.7756546152849899,0.08372060946462553,,,0.9095929157839204,,0.9096079514080618,0.09039204859193817,0.9677851058651009,0.38499044364546264,5,0.1,0.5,0.5622684440869793,0.5525749356735221,0.5575920852506782,0.5476885899603952,0.5723046543922954,0.5677161154830339,0.5667992351515486,0.5610840130307977,1.0,0.5623800918500463,0.5532726930498321,0.5618214395958647
6,9,0.19660181450497383,0.94168,5000,0.9266302408995452,0.9519807923169268,833,0.9110535427023427,0.948,0.7693357948929136,0.08336107780987521,,,0.8533118939053617,,0.8533256362632398,0.14667436373676024,0.9675744515072213,0.3849194909945712,5,0.1,0.5,0.5484831186530971,0.5493991900125729,0.5546367214506073,0.5492940445613338,0.5638460189182506,0.5623470986333814,0.5507383502635874,0.5548364041337086,0.5623800918500463,1.0,0.5548439487030017,0.5575015468793946
6,10,0.19611824689088922,0.94004,5000,0.9080839477203511,0.943577430972389,833,0.9110128298735085,0.9481,0.7692402040798273,0.08335280564310527,,,0.852016970376901,,0.8520355403845189,0.1479644596154811,0.9675719446883484,0.3849172175500574,5,0.1,0.5,0.5544186212665145,0.5404688565460831,0.5488850862230695,0.5559269448903866,0.5560360230652801,0.5662933339978564,0.5569111066107244,0.5601118104449013,0.5532726930498321,0.5548439487030017,1.0,0.5603399046868917
6,11,0.19890019238873083,0.9382,5000,0.9079626268810697,0.9483793517406963,833,0.9123930776842867,0.948,0.770114892988209,0.08314206150525982,,,0.8190271201755488,,0.8190452286531801,0.18095477134681992,0.9670658350537497,0.38483112933399033,5,0.1,0.5,0.5467231431571657,0.5473104703261554,0.5493107542021564,0.5587276432419385,0.5609454696317423,0.5625344247964387,0.5619721546533474,0.5502074541388254,0.5618214395958647,0.5575015468793946,0.5603399046868917,1.0
7,0,0.17613533430341274,0.94692,5000,0.730915402924573,0.9508393285371702,834,0.7070449409774318,0.951,0.748820461008517,0.08304876230209472,,,0.787473363954904,,0.7874805481652527,0.2125194518347473,0.9649799072119312,0.37666109697144734,5,0.1,0.5,1.0,0.5283155620886727,0.5184487387380396,0.5155674676298228,0.5288066479691484,0.5291945825289611,0.5304426311541109,0.5219226138071535,0.5311778535940169,0.5298662222182758,0.52442174196731,0.5170144421654399
