round,client_id,client_i_training_loss,client_i_training_accuracy,client_i_training_dataset_size,client_i_evaluation_loss,client_i_evaluation_accuracy,client_i_evaluation_dataset_size,client_i_central_evaluation_loss,client_i_central_evaluation_accuracy,client_i_cosine_similarity,client_i_importance_coefficient,client_i_tanh_val,tanh_normalization_value,client_i_q,client_i_mask_order,client_i_v_nonzero_fraction,client_i_v_sparsity,client_i_v_cosine_similarity,client_i_reward_gradient_norm,local_epochs,learning_rate,gamma,client_0_cosine_similarity,client_1_cosine_similarity,client_2_cosine_similarity,client_3_cosine_similarity,client_4_cosine_similarity,client_5_cosine_similarity,client_6_cosine_similarity,client_7_cosine_similarity,client_8_cosine_similarity,client_9_cosine_similarity,client_10_cosine_similarity,client_11_cosine_similarity
0,0,2.0930462311787212,0.32428,5000,2.2546014609160245,0.23621103117505995,834,2.2517807917853894,0.2603,0.9949399358542842,0.08322302002272462,,,1.0,,1.0,0.0,0,0.09962587644331485,5,0.001,0.1,1.0,0.9922710963953195,0.9903521917861172,0.9878625646647845,0.9845870754378392,0.9929360097174232,0.9954272734619659,0.9922528075130929,0.9879944579975722,0.9912603208992071,0.9901301242696455,0.9895373972999806
0,1,2.097564884659591,0.36392,5000,2.2489485210842557,0.26258992805755393,834,2.2517807917853894,0.2603,0.9977880587532921,0.083461254895514,,,1.0,,1.0,0.0,0,0.09962587644331485,5,0.001,0.1,0.9922710963953195,1.0,0.9908284146568282,0.9946540272754771,0.9917293011065761,0.9942532022509584,0.9923241104806351,0.9941426670166097,0.996077818355852,0.9930780005884148,0.9945977837687346,0.9947045048982006
0,2,2.0940863174997317,0.30964,5000,2.248120519849989,0.26618705035971224,834,2.2517807917853894,0.2603,0.9954569168800216,0.08326626356005369,,,1.0,,1.0,0.0,0,0.09962587644331485,5,0.001,0.1,0.9903521917861172,0.9908284146568282,1.0,0.992061940429435,0.9889013620108409,0.9912353700548925,0.9902070852431278,0.993603857228739,0.9886205759062096,0.9921123484863987,0.9915033993804278,0.9913653361296308
0,3,2.1052521550731296,0.34056,5000,2.252414765181365,0.2673860911270983,834,2.2517807917853894,0.2603,0.996997260659121,0.08339510758023044,,,1.0,,1.0,0.0,0,0.09962587644331485,5,0.001,0.1,0.9878625646647845,0.9946540272754771,0.992061940429435,1.0,0.994203764395358,0.9913472806516067,0.9869184737534256,0.9916076971501954,0.9949129546114275,0.9926122611964028,0.9969102741005383,0.9961156147385063
0,4,2.098210289979437,0.368,5000,2.2502963101422346,0.27130852340936373,833,2.2517807917853894,0.2603,0.9945770179266887,0.08319266328975365,,,1.0,,1.0,0.0,0,0.09962587644331485,5,0.001,0.1,0.9845870754378392,0.9917293011065761,0.9889013620108409,0.994203764395358,1.0,0.9901740023904485,0.9864040094537726,0.9889440234717246,0.9906257577843265,0.9880971299154189,0.9946387954260255,0.991967375619002
0,5,2.0906210293435747,0.33844,5000,2.2472791848359286,0.28211284513805523,833,2.2517807917853894,0.2603,0.9967535275979451,0.08337472021743651,,,1.0,,1.0,0.0,0,0.09962587644331485,5,0.001,0.1,0.9929360097174232,0.9942532022509584,0.9912353700548925,0.9913472806516067,0.9901740023904485,1.0,0.9945211676078123,0.994898833974706,0.9926000767304202,0.991341000427079,0.9919077969792778,0.9910782570533007
0,6,2.0860354696869092,0.381,5000,2.2555210678665727,0.2545018007202881,833,2.2517807917853894,0.2603,0.9950569087024493,0.08323280436581322,,,1.0,,1.0,0.0,0,0.09962587644331485,5,0.001,0.1,0.9954272734619659,0.9923241104806351,0.9902070852431278,0.9869184737534256,0.9864040094537726,0.9945211676078123,1.0,0.9931474484091272,0.9876875891420615,0.9901819686007177,0.9902587821149726,0.9889318327644494
0,7,2.0958069865111333,0.37404,5000,2.2537375379491738,0.25210084033613445,833,2.2517807917853894,0.2603,0.9966042421190286,0.08336223304313256,,,1.0,,1.0,0.0,0,0.09962587644331485,5,0.001,0.1,0.9922528075130929,0.9941426670166097,0.993603857228739,0.9916076971501954,0.9889440234717246,0.994898833974706,0.9931474484091272,1.0,0.9923719768654827,0.9914653042077665,0.9915104570050496,0.9905632019362065
0,8,2.099873778470762,0.35804,5000,2.259967909918891,0.24729891956782712,833,2.2517807917853894,0.2603,0.9964769072493196,0.08335158195553471,,,1.0,,1.0,0.0,0,0.09962587644331485,5,0.001,0.1,0.9879944579975722,0.996077818355852,0.9886205759062096,0.9949129546114275,0.9906257577843265,0.9926000767304202,0.9876875891420615,0.9923719768654827,1.0,0.99252032866536,0.9948117935182171,0.9947626436692214
0,9,2.0934196223119264,0.31492,5000,2.249554960815995,0.2605042016806723,833,2.2517807917853894,0.2603,0.9960660138347184,0.08331721225175837,,,1.0,,1.0,0.0,0,0.09962587644331485,5,0.001,0.1,0.9912603208992071,0.9930780005884148,0.9921123484863987,0.9926122611964028,0.9880971299154189,0.991341000427079,0.9901819686007177,0.9914653042077665,0.99252032866536,1.0,0.9938966930482795,0.9915083436217919
0,10,2.103226428123037,0.34056,5000,2.255053431899459,0.24369747899159663,833,2.2517807917853894,0.2603,0.9975968785652175,0.08344526338482403,,,1.0,,1.0,0.0,0,0.09962587644331485,5,0.001,0.1,0.9901301242696455,0.9945977837687346,0.9915033993804278,0.9969102741005383,0.9946387954260255,0.9919077969792778,0.9902587821149726,0.9915104570050496,0.9948117935182171,0.9938966930482795,1.0,0.9962094486530011
0,11,2.0995759795425806,0.35792,5000,2.251566763277407,0.2797118847539016,833,2.2517807917853894,0.2603,0.9967912485337229,0.08337787543322431,,,1.0,,1.0,0.0,0,0.09962587644331485,5,0.001,0.1,0.9895373972999806,0.9947045048982006,0.9913653361296308,0.9961156147385063,0.991967375619002,0.9910782570533007,0.9889318327644494,0.9905632019362065,0.9947626436692214,0.9915083436217919,0.9962094486530011,1.0
1,0,1.8597316775352333,0.45972,5000,2.1842028123361095,0.3501199040767386,834,2.1802998640285893,0.3705,0.9985496466467045,0.08325954976169024,,,1.0,,1.0,0.0,0.9735091916342923,0.09987400684795557,5,0.001,0.1,1.0,0.9974301266535969,0.9970147988655064,0.9973327423035505,0.9963412707890431,0.9968035694833625,0.9969976960903836,0.9973008782349432,0.9967794469956759,0.9975307404197316,0.9971591110535234,0.9968099372242897
1,1,1.8642671867540688,0.49708,5000,2.1778046466686107,0.3800959232613909,834,2.1802998640285893,0.3705,0.9990749126572436,0.08342258827758373,,,1.0,,1.0,0.0,0.9735091916342923,0.09987400684795557,5,0.001,0.1,0.9974301266535969,1.0,0.9976181849649584,0.9981419966570599,0.9974633397667474,0.9976914169789235,0.9974057419176238,0.9978578119117234,0.9976728949054017,0.9972620691858297,0.9977035139846322,0.9975413924584965
1,2,1.8582313463186761,0.43828,5000,2.1763184247193514,0.36330935251798563,834,2.1802998640285893,0.3705,0.9987968500656845,0.08329404499557738,,,1.0,,1.0,0.0,0.9735091916342923,0.09987400684795557,5,0.001,0.1,0.9970147988655064,0.9976181849649584,1.0,0.9973935131055824,0.9970135758467984,0.9976647375053412,0.9971491510351372,0.9969441000493077,0.9973351501263337,0.9978618878445379,0.9975017707418079,0.9969646813505127
1,3,1.8737565415680029,0.47744,5000,2.1804359312410706,0.36930455635491605,834,2.1802998640285893,0.3705,0.9990211662816957,0.08338029198879525,,,1.0,,1.0,0.0,0.9735091916342923,0.09987400684795557,5,0.001,0.1,0.9973327423035505,0.9981419966570599,0.9973935131055824,1.0,0.9973705865962528,0.9976123981101294,0.9964451790307813,0.9977224533782345,0.9979721698852084,0.9971003032435608,0.997875497017182,0.998176774558623
1,4,1.859322345180876,0.491,5000,2.178106246171174,0.39735894357743096,833,2.1802998640285893,0.3705,0.9984819655194155,0.08323875061428357,,,1.0,,1.0,0.0,0.9735091916342923,0.09987400684795557,5,0.001,0.1,0.9963412707890431,0.9974633397667474,0.9970135758467984,0.9973705865962528,1.0,0.9975268005853143,0.9969866358488304,0.9970709685999574,0.9965751893795214,0.9959360718327583,0.9980184549362678,0.9963860414839578
1,5,1.8520502170939355,0.4788,5000,2.174219016675596,0.39255702280912363,833,2.1802998640285893,0.3705,0.9988701801658575,0.08336291751336436,,,1.0,,1.0,0.0,0.9735091916342923,0.09987400684795557,5,0.001,0.1,0.9968035694833625,0.9976914169789235,0.9976647375053412,0.9976123981101294,0.9975268005853143,1.0,0.9971245021171786,0.9977181276750515,0.9974625928359484,0.9972575743583053,0.9973810231598723,0.9970945836208459
1,6,1.8461005224543772,0.4902,5000,2.183733763518157,0.3637454981992797,833,2.1802998640285893,0.3705,0.9983795039208838,0.08326005839021046,,,1.0,,1.0,0.0,0.9735091916342923,0.09987400684795557,5,0.001,0.1,0.9969976960903836,0.9974057419176238,0.9971491510351372,0.9964451790307813,0.9969866358488304,0.9971245021171786,1.0,0.9971598945172284,0.9959765098282942,0.9968700461774921,0.9972291808220605,0.9961183940097507
1,7,1.8556444049640826,0.49408,5000,2.1816973244702376,0.368547418967587,833,2.1802998640285893,0.3705,0.9988543190607224,0.08335474845058996,,,1.0,,1.0,0.0,0.9735091916342923,0.09987400684795557,5,0.001,0.1,0.9973008782349432,0.9978578119117234,0.9969441000493077,0.9977224533782345,0.9970709685999574,0.9977181276750515,0.9971598945172284,1.0,0.9976824144167096,0.9969587749737286,0.9976885447005487,0.9970421299339459
1,8,1.8667202027739993,0.48064,5000,2.1909698556970665,0.34933973589435774,833,2.1802998640285893,0.3705,0.9987246193320002,0.08334403127466539,,,1.0,,1.0,0.0,0.9735091916342923,0.09987400684795557,5,0.001,0.1,0.9967794469956759,0.9976728949054017,0.9973351501263337,0.9979721698852084,0.9965751893795214,0.9974625928359484,0.9959765098282942,0.9976824144167096,1.0,0.9968922175646878,0.9975793067772506,0.9976614549218387
1,9,1.858799723303242,0.4422,5000,2.174410343170166,0.36614645858343337,833,2.1802998640285893,0.3705,0.9985308694722003,0.08331670264616672,,,1.0,,1.0,0.0,0.9735091916342923,0.09987400684795557,5,0.001,0.1,0.9975307404197316,0.9972620691858297,0.9978618878445379,0.9971003032435608,0.9959360718327583,0.9972575743583053,0.9968700461774921,0.9969587749737286,0.9968922175646878,1.0,0.9970488785121835,0.9965543476208667
1,10,1.8698269271546868,0.48072,5000,2.182192881902059,0.36014405762304924,833,2.1802998640285893,0.3705,0.9989988123823867,0.08341032620016789,,,1.0,,1.0,0.0,0.9735091916342923,0.09987400684795557,5,0.001,0.1,0.9971591110535234,0.9977035139846322,0.9975017707418079,0.997875497017182,0.9980184549362678,0.9973810231598723,0.9972291808220605,0.9976885447005487,0.9975793067772506,0.9970488785121835,1.0,0.9976921762273006
1,11,1.8646598911589118,0.47372,5000,2.1826004805388273,0.38535414165666265,833,2.1802998640285893,0.3705,0.9985955794022789,0.0833559898869052,,,1.0,,1.0,0.0,0.9735091916342923,0.09987400684795557,5,0.001,0.1,0.9968099372242897,0.9975413924584965,0.9969646813505127,0.998176774558623,0.9963860414839578,0.9970945836208459,0.9961183940097507,0.9970421299339459,0.9976614549218387,0.9965543476208667,0.9976921762273006,1.0
2,0,1.6607610964471367,0.53816,5000,2.092781587883278,0.4448441247002398,834,2.0878757775401153,0.463,0.998766619861107,0.08328757233430197,,,1.0,,1.0,0.0,0.9934732688409609,0.0998782738551247,5,0.001,0.1,1.0,0.997408727900969,0.9971617470551314,0.9977803585238891,0.9971001267293826,0.9970794838626551,0.9970963687938814,0.9974437149835189,0.9969956457805399,0.9977157306750483,0.9976873384774864,0.9971424670930091
2,1,1.6608114894787978,0.56192,5000,2.08592277986032,0.4748201438848921,834,2.0878757775401153,0.463,0.9989746467430826,0.08339425998568123,,,1.0,,1.0,0.0,0.9934732688409609,0.0998782738551247,5,0.001,0.1,0.997408727900969,1.0,0.9976971521293757,0.997913594961802,0.9978383225204095,0.9976658453587991,0.9970431543133129,0.9977738423257335,0.9977674019970341,0.9971013008127533,0.9974760575342608,0.9974150987383509
2,2,1.65668484625543,0.52528,5000,2.0835362098835133,0.4460431654676259,834,2.0878757775401153,0.463,0.9987704727050386,0.08330884888587496,,,1.0,,1.0,0.0,0.9934732688409609,0.0998782738551247,5,0.001,0.1,0.9971617470551314,0.9976971521293757,1.0,0.9972905683329345,0.9971766414979847,0.9977313188164996,0.9970844539483378,0.997355514066127,0.9974306407026159,0.9976452567074551,0.9971787663468009,0.996904952631807
2,3,1.6700552244095286,0.55808,5000,2.0875698725382485,0.45323741007194246,834,2.0878757775401153,0.463,0.9990504310506562,0.08337077003974667,,,1.0,,1.0,0.0,0.9934732688409609,0.0998782738551247,5,0.001,0.1,0.9977803585238891,0.997913594961802,0.9972905683329345,1.0,0.9976175683607829,0.9976251620211734,0.996885229769531,0.9977941521713359,0.9976474830830185,0.9972562812823653,0.998017398032921,0.9981811609839442
2,4,1.656282705410271,0.56084,5000,2.0840944007590965,0.49939975990396157,833,2.0878757775401153,0.463,0.9987188700794064,0.08327327741802282,,,1.0,,1.0,0.0,0.9934732688409609,0.0998782738551247,5,0.001,0.1,0.9971001267293826,0.9978383225204095,0.9971766414979847,0.9976175683607829,1.0,0.9977972957217098,0.9970263763166498,0.9976612790815239,0.9973129975635581,0.996393170333422,0.9975188130752376,0.9965968082027378
2,5,1.6467586197670858,0.56288,5000,2.0804904920083507,0.460984393757503,833,2.0878757775401153,0.463,0.9988800513991652,0.08335461743831958,,,1.0,,1.0,0.0,0.9934732688409609,0.0998782738551247,5,0.001,0.1,0.9970794838626551,0.9976658453587991,0.9977313188164996,0.9976251620211734,0.9977972957217098,1.0,0.9969424063715899,0.9974923185233716,0.997639883791935,0.9974573852591445,0.9974024396479734,0.9971349246151581
2,6,1.6417047713212907,0.55996,5000,2.090510200571131,0.4417767106842737,833,2.0878757775401153,0.463,0.9983924110355815,0.08327580727787279,,,1.0,,1.0,0.0,0.9934732688409609,0.0998782738551247,5,0.001,0.1,0.9970963687938814,0.9970431543133129,0.9970844539483378,0.996885229769531,0.9970263763166498,0.9969424063715899,1.0,0.9967314918620247,0.996169789985175,0.9971290261924828,0.9975388905406745,0.9964807773234844
2,7,1.6514761013589847,0.56384,5000,2.0883526846214577,0.45858343337334934,833,2.0878757775401153,0.463,0.9988548206290594,0.0833487939533796,,,1.0,,1.0,0.0,0.9934732688409609,0.0998782738551247,5,0.001,0.1,0.9974437149835189,0.9977738423257335,0.997355514066127,0.9977941521713359,0.9976612790815239,0.9974923185233716,0.9967314918620247,1.0,0.9977314501914392,0.9970315349966363,0.9975876908188489,0.9970626663920135
2,8,1.6614788172351327,0.55244,5000,2.1012871000501843,0.4417767106842737,833,2.0878757775401153,0.463,0.998757897624702,0.08333909424235636,,,1.0,,1.0,0.0,0.9934732688409609,0.0998782738551247,5,0.001,0.1,0.9969956457805399,0.9977674019970341,0.9974306407026159,0.9976474830830185,0.9973129975635581,0.997639883791935,0.996169789985175,0.9977314501914392,1.0,0.9968563836541793,0.9975940117218646,0.9973572637040883
2,9,1.657907355059484,0.52776,5000,2.077665170033773,0.48619447779111646,833,2.0878757775401153,0.463,0.9986073892563482,0.08331747914344176,,,1.0,,1.0,0.0,0.9934732688409609,0.0998782738551247,5,0.001,0.1,0.9977157306750483,0.9971013008127533,0.9976452567074551,0.9972562812823653,0.996393170333422,0.9974573852591445,0.9971290261924828,0.9970315349966363,0.9968563836541793,1.0,0.9972590680063316,0.996857105635481
2,10,1.6662095949148676,0.55468,5000,2.0877431940149376,0.4645858343337335,833,2.0878757775401153,0.463,0.998981255003119,0.08338695424586898,,,1.0,,1.0,0.0,0.9934732688409609,0.0998782738551247,5,0.001,0.1,0.9976873384774864,0.9974760575342608,0.9971787663468009,0.998017398032921,0.9975188130752376,0.9974024396479734,0.9975388905406745,0.9975876908188489,0.9975940117218646,0.9972590680063316,1.0,0.9979196737930808
2,11,1.6583493002660714,0.55884,5000,2.0935164557562933,0.4837935174069628,833,2.0878757775401153,0.463,0.9986369884507053,0.0833425250351332,,,1.0,,1.0,0.0,0.9934732688409609,0.0998782738551247,5,0.001,0.1,0.9971424670930091,0.9974150987383509,0.996904952631807,0.9981811609839442,0.9965968082027378,0.9971349246151581,0.9964807773234844,0.9970626663920135,0.9973572637040883,0.996857105635481,0.9979196737930808,1.0
3,0,1.501362088607375,0.59064,5000,1.98321948228059,0.5491606714628298,834,1.9774908010190286,0.5605,0.9986804799261811,0.0833022647074366,,,1.0,,1.0,0.0,0.9968105506365006,0.09987737422716458,5,0.001,0.1,1.0,0.9970994554662215,0.9969894772797342,0.997603010346141,0.9970948696868431,0.9970031790543746,0.9968483347641303,0.9971988641196134,0.997239692715047,0.9976411964278931,0.9977420146975602,0.9970108251766062
3,1,1.5007954275532134,0.60292,5000,1.976374008037426,0.5611510791366906,834,1.9774908010190286,0.5605,0.9987887655985208,0.08337117971329222,,,1.0,,1.0,0.0,0.9968105506365006,0.09987737422716458,5,0.001,0.1,0.9970994554662215,1.0,0.9972940980921445,0.9980021078712062,0.9974893457118678,0.9973945726641891,0.9970024487008947,0.9973336279819711,0.9974125678979937,0.9969653028690362,0.9974028911215203,0.9973688368668487
3,2,1.4960126417457678,0.58104,5000,1.9724608703895852,0.5503597122302158,834,1.9774908010190286,0.5605,0.998735936773812,0.08331710114795976,,,1.0,,1.0,0.0,0.9968105506365006,0.09987737422716458,5,0.001,0.1,0.9969894772797342,0.9972940980921445,1.0,0.9974116235545815,0.997109897415008,0.9975413469221276,0.9973479355269833,0.9970102144001111,0.997389169666574,0.9975080113336978,0.9975115443153423,0.9970218069580067
3,3,1.5066898781782503,0.60652,5000,1.977186300136425,0.5611510791366906,834,1.9774908010190286,0.5605,0.9990608457552371,0.08336555675968663,,,1.0,,1.0,0.0,0.9968105506365006,0.09987737422716458,5,0.001,0.1,0.997603010346141,0.9980021078712062,0.9974116235545815,1.0,0.9976756792914527,0.9975196988088812,0.9970541399386144,0.9978400830188835,0.9978579114167943,0.9972662200392554,0.9978405728309249,0.9979557645619122
3,4,1.493666581515294,0.60796,5000,1.9710645499052826,0.5822328931572629,833,1.9774908010190286,0.5605,0.9987750263007692,0.08329655047764169,,,1.0,,1.0,0.0,0.9968105506365006,0.09987737422716458,5,0.001,0.1,0.9970948696868431,0.9974893457118678,0.997109897415008,0.9976756792914527,1.0,0.9976565180714787,0.9973124192657543,0.997774399074546,0.9974642899383906,0.9966431169722116,0.9977027978826218,0.9966808701947895
3,5,1.4842266267272317,0.60728,5000,1.9684744940863714,0.5714285714285714,833,1.9774908010190286,0.5605,0.9988172227942183,0.08334778953886939,,,1.0,,1.0,0.0,0.9968105506365006,0.09987737422716458,5,0.001,0.1,0.9970031790543746,0.9973945726641891,0.9975413469221276,0.9975196988088812,0.9976565180714787,1.0,0.9969819936195029,0.9974174220732219,0.9975947219555937,0.997521269898997,0.9972562456853872,0.9972211246045984
3,6,1.4819108833932573,0.59576,5000,1.9792637162738376,0.5342136854741897,833,1.9774908010190286,0.5605,0.9984657157787028,0.08328811927583506,,,1.0,,1.0,0.0,0.9968105506365006,0.09987737422716458,5,0.001,0.1,0.9968483347641303,0.9970024487008947,0.9973479355269833,0.9970541399386144,0.9973124192657543,0.9969819936195029,1.0,0.9967586707067594,0.9967190017092084,0.9972008708368733,0.997387069372505,0.9962853978547972
3,7,1.4899544902667878,0.6036,5000,1.9770731837661177,0.5486194477791116,833,1.9774908010190286,0.5605,0.9988219097124696,0.08334436987375984,,,1.0,,1.0,0.0,0.9968105506365006,0.09987737422716458,5,0.001,0.1,0.9971988641196134,0.9973336279819711,0.9970102144001111,0.9978400830188835,0.997774399074546,0.9974174220732219,0.9967586707067594,1.0,0.9977036186628959,0.9971862169183375,0.997767863011939,0.9971728548173319
3,8,1.4986791864322249,0.601,5000,1.9938994469466034,0.5378151260504201,833,1.9774908010190286,0.5605,0.9989031094499263,0.08334104265652319,,,1.0,,1.0,0.0,0.9968105506365006,0.09987737422716458,5,0.001,0.1,0.997239692715047,0.9974125678979937,0.997389169666574,0.9978579114167943,0.9974642899383906,0.9975947219555937,0.9967190017092084,0.9977036186628959,1.0,0.9973157601934798,0.9979469340714693,0.9974932825128615
3,9,1.5004614325845318,0.58016,5000,1.962275884769581,0.5906362545018007,833,1.9774908010190286,0.5605,0.998645618572105,0.08331947829871827,,,1.0,,1.0,0.0,0.9968105506365006,0.09987737422716458,5,0.001,0.1,0.9976411964278931,0.9969653028690362,0.9975080113336978,0.9972662200392554,0.9966431169722116,0.997521269898997,0.9972008708368733,0.9971862169183375,0.9973157601934798,1.0,0.9972731138255461,0.9965317093211351
3,10,1.5054536458033665,0.59868,5000,1.9749796920352511,0.5678271308523409,833,1.9774908010190286,0.5605,0.999007084333724,0.08337374575974242,,,1.0,,1.0,0.0,0.9968105506365006,0.09987737422716458,5,0.001,0.1,0.9977420146975602,0.9974028911215203,0.9975115443153423,0.9978405728309249,0.9977027978826218,0.9972562456853872,0.997387069372505,0.997767863011939,0.9979469340714693,0.9972731138255461,1.0,0.997551912927081
3,11,1.4942379118530613,0.60544,5000,1.9873218845438074,0.5714285714285714,833,1.9774908010190286,0.5605,0.9985825788116942,0.08333280179053498,,,1.0,,1.0,0.0,0.9968105506365006,0.09987737422716458,5,0.001,0.1,0.9970108251766062,0.9973688368668487,0.9970218069580067,0.9979557645619122,0.9966808701947895,0.9972211246045984,0.9962853978547972,0.9971728548173319,0.9974932825128615,0.9965317093211351,0.997551912927081,1.0
4,0,1.3741323228854283,0.62212,5000,1.8587771345067907,0.6115107913669064,834,1.8522311258620727,0.617,0.9986114846043346,0.08331387945333225,,,1.0,,1.0,0.0,0.9980312050552756,0.09986239650704715,5,0.001,0.1,1.0,0.9969226894924248,0.9965927966437487,0.9973715242650859,0.9971384902204756,0.9969206446788343,0.996421097633677,0.9971304053904769,0.9970360554763638,0.9972062376907316,0.9974119994754174,0.9966968989832273
4,1,1.3727034484504894,0.62868,5000,1.8520961337619357,0.6151079136690647,834,1.8522311258620727,0.617,0.998631802388166,0.08335679595554356,,,1.0,,1.0,0.0,0.9980312050552756,0.09986239650704715,5,0.001,0.1,0.9969226894924248,1.0,0.9968274620042537,0.9977401324784385,0.9971772590913486,0.9970696371304709,0.9966533419476858,0.9971218997636169,0.9969861802346995,0.9965923538497886,0.9971269752162549,0.9968719059943857
4,2,1.36553055032803,0.61668,5000,1.8465606327410098,0.605515587529976,834,1.8522311258620727,0.617,0.9985657030631876,0.08332149999093014,,,1.0,,1.0,0.0,0.9980312050552756,0.09986239650704715,5,0.001,0.1,0.9965927966437487,0.9968274620042537,1.0,0.9971481492137013,0.9968610828254395,0.9973052862299175,0.9970355016195012,0.9965426610994192,0.9969807291953725,0.9970660556876523,0.9971213008366516,0.9968190613677815
4,3,1.3773290142891512,0.63592,5000,1.8521504402160645,0.6103117505995204,834,1.8522311258620727,0.617,0.9988684417783557,0.08336098538945153,,,1.0,,1.0,0.0,0.9980312050552756,0.09986239650704715,5,0.001,0.1,0.9973715242650859,0.9977401324784385,0.9971481492137013,1.0,0.9972147901541776,0.997113888614726,0.9967630581457363,0.9973160240456903,0.9974049921800416,0.9967848148526205,0.9974663100392009,0.9976021767081706
4,4,1.3629985903478732,0.63396,5000,1.84218520588345,0.6254501800720288,833,1.8522311258620727,0.617,0.9986801549261871,0.08331259166916359,,,1.0,,1.0,0.0,0.9980312050552756,0.09986239650704715,5,0.001,0.1,0.9971384902204756,0.9971772590913486,0.9968610828254395,0.9972147901541776,1.0,0.9973921314038313,0.9970567665343124,0.9973278746849749,0.9973022890683597,0.9962715494753858,0.9973777619365308,0.9965520212232801
4,5,1.3541923114448595,0.636,5000,1.8415791811766449,0.6362545018007203,833,1.8522311258620727,0.617,0.9987263739968929,0.08334550472471683,,,1.0,,1.0,0.0,0.9980312050552756,0.09986239650704715,5,0.001,0.1,0.9969206446788343,0.9970696371304709,0.9973052862299175,0.997113888614726,0.9973921314038313,1.0,0.9965106419283586,0.9971199085101944,0.9975274175926577,0.9973031279076978,0.997045754762331,0.9969159781204959
4,6,1.3531478184803276,0.62768,5000,1.853146990140279,0.6086434573829532,833,1.8522311258620727,0.617,0.9982820284307972,0.08329457176950267,,,1.0,,1.0,0.0,0.9980312050552756,0.09986239650704715,5,0.001,0.1,0.996421097633677,0.9966533419476858,0.9970355016195012,0.9967630581457363,0.9970567665343124,0.9965106419283586,1.0,0.996098932113639,0.9963679950638197,0.9969284734576231,0.9971352999933805,0.9959310656701391
4,7,1.3578712829359019,0.63068,5000,1.8510370166213423,0.6074429771908764,833,1.8522311258620727,0.617,0.9986233591678206,0.08334008285385695,,,1.0,,1.0,0.0,0.9980312050552756,0.09986239650704715,5,0.001,0.1,0.9971304053904769,0.9971218997636169,0.9965426610994192,0.9973160240456903,0.9973278746849749,0.9971199085101944,0.996098932113639,1.0,0.9974707402233539,0.9967981090902078,0.9973792906730415,0.9966835461665258
4,8,1.3678706816047619,0.62764,5000,1.8724935231385407,0.6050420168067226,833,1.8522311258620727,0.617,0.9987741238538663,0.08334290847377848,,,1.0,,1.0,0.0,0.9980312050552756,0.09986239650704715,5,0.001,0.1,0.9970360554763638,0.9969861802346995,0.9969807291953725,0.9974049921800416,0.9973022890683597,0.9975274175926577,0.9963679950638197,0.9974707402233539,1.0,0.9970424150269153,0.9975411608878909,0.9971363119890172
4,9,1.3717002606695625,0.61764,5000,1.8311827182769775,0.6386554621848739,833,1.8522311258620727,0.617,0.9984664405945487,0.08331975400914463,,,1.0,,1.0,0.0,0.9980312050552756,0.09986239650704715,5,0.001,0.1,0.9972062376907316,0.9965923538497886,0.9970660556876523,0.9967848148526205,0.9962715494753858,0.9973031279076978,0.9969284734576231,0.9967981090902078,0.9970424150269153,1.0,0.9968527724026071,0.9962648274716186
4,10,1.376615902193033,0.62376,5000,1.8465410470962524,0.6146458583433373,833,1.8522311258620727,0.617,0.9988366182800563,0.08336498001736845,,,1.0,,1.0,0.0,0.9980312050552756,0.09986239650704715,5,0.001,0.1,0.9974119994754174,0.9971269752162549,0.9971213008366516,0.9974663100392009,0.9973777619365308,0.997045754762331,0.9971352999933805,0.9973792906730415,0.9975411608878909,0.9968527724026071,1.0,0.9970861897962592
4,11,1.3635587213904994,0.63824,5000,1.8670456100393225,0.6254501800720288,833,1.8522311258620727,0.617,0.9984206259573591,0.08332644569321095,,,1.0,,1.0,0.0,0.9980312050552756,0.09986239650704715,5,0.001,0.1,0.9966968989832273,0.9968719059943857,0.9968190613677815,0.9976021767081706,0.9965520212232801,0.9969159781204959,0.9959310656701391,0.9966835461665258,0.9971363119890172,0.9962648274716186,0.9970861897962592,1.0
5,0,1.2694448585722857,0.642,5000,1.7238084298593026,0.6402877697841727,834,1.7163859800027963,0.6492,0.9983801722987057,0.08332259997866491,,,1.0,,1.0,0.0,0.9984869832955156,0.0998343104744656,5,0.001,0.1,1.0,0.9962600689683991,0.9960403593808238,0.996739042908808,0.9966371699426034,0.9962877419482458,0.9956987298986376,0.9966889517440685,0.9964983901359641,0.9966630621164579,0.9970079231652443,0.9961902910203291
5,1,1.2675872795141427,0.64292,5000,1.7176772709246035,0.6354916067146283,834,1.7163859800027963,0.6492,0.9982683127266048,0.08334530983394972,,,1.0,,1.0,0.0,0.9984869832955156,0.0998343104744656,5,0.001,0.1,0.9962600689683991,1.0,0.9962235857399582,0.9968703191919136,0.9964117656869145,0.9964004141177499,0.995769237928879,0.9964939707961755,0.9961234509050156,0.9959505833131467,0.9965341398782456,0.9963322549253595
5,2,1.2620186558954276,0.64416,5000,1.7104782704953794,0.6270983213429256,834,1.7163859800027963,0.6492,0.9982807755962045,0.0833240652252974,,,1.0,,1.0,0.0,0.9984869832955156,0.0998343104744656,5,0.001,0.1,0.9960403593808238,0.9962235857399582,1.0,0.9964786737036797,0.9962948518497792,0.9967151536370599,0.9963932259614642,0.9958958019758064,0.9963480283244383,0.9964408131001496,0.9965926869214433,0.9960978718021565
5,3,1.2698087606840074,0.6554,5000,1.7164811646496807,0.6462829736211031,834,1.7163859800027963,0.6492,0.9985286254340707,0.0833562817729383,,,1.0,,1.0,0.0,0.9984869832955156,0.0998343104744656,5,0.001,0.1,0.996739042908808,0.9968703191919136,0.9964786737036797,1.0,0.9963402395602581,0.996498499969189,0.9961843050373002,0.996566804787074,0.996645212434814,0.996221084441711,0.9969220838736491,0.997022141992685
5,4,1.257085586809049,0.65236,5000,1.7017808666935674,0.6614645858343338,833,1.7163859800027963,0.6492,0.9983955889250054,0.0833223078147278,,,1.0,,1.0,0.0,0.9984869832955156,0.0998343104744656,5,0.001,0.1,0.9966371699426034,0.9964117656869145,0.9962948518497792,0.9963402395602581,1.0,0.996704580612417,0.9965257936675477,0.9968407596436749,0.9966451679696319,0.9956763019823311,0.996986047244401,0.9958340366483376
5,5,1.2479453586469031,0.65616,5000,1.7040652654789112,0.6626650660264105,833,1.7163859800027963,0.6492,0.9984502877924716,0.08334425889150104,,,1.0,,1.0,0.0,0.9984869832955156,0.0998343104744656,5,0.001,0.1,0.9962877419482458,0.9964004141177499,0.9967151536370599,0.996498499969189,0.996704580612417,1.0,0.9958133943470642,0.9964724272885022,0.9968209380091807,0.9968648016353263,0.9965509372805087,0.9964218378232569
5,6,1.249302650636928,0.64332,5000,1.7168197322774816,0.6422569027611045,833,1.7163859800027963,0.6492,0.9979522776108555,0.08329694672871187,,,1.0,,1.0,0.0,0.9984869832955156,0.0998343104744656,5,0.001,0.1,0.9956987298986376,0.995769237928879,0.9963932259614642,0.9961843050373002,0.9965257936675477,0.9958133943470642,1.0,0.995331122997709,0.9957709055961955,0.9963578939162953,0.9965549999107136,0.9951875375406505
5,7,1.2522384511437386,0.65232,5000,1.714426702923245,0.6470588235294118,833,1.7163859800027963,0.6492,0.9983580182515682,0.08333795532949988,,,1.0,,1.0,0.0,0.9984869832955156,0.0998343104744656,5,0.001,0.1,0.9966889517440685,0.9964939707961755,0.9958958019758064,0.996566804787074,0.9968407596436749,0.9964724272885022,0.995331122997709,1.0,0.9968482350697657,0.9961829200739291,0.9969235493006867,0.9962004763338287
5,8,1.2615479317440348,0.65016,5000,1.7412811120351155,0.6386554621848739,833,1.7163859800027963,0.6492,0.9984665743536603,0.08334319232978274,,,1.0,,1.0,0.0,0.9984869832955156,0.0998343104744656,5,0.001,0.1,0.9964983901359641,0.9961234509050156,0.9963480283244383,0.996645212434814,0.9966451679696319,0.9968209380091807,0.9957709055961955,0.9968482350697657,1.0,0.9963661788061683,0.997135489439975,0.9965436115696756
5,9,1.2667835945536376,0.63616,5000,1.6891613006591797,0.6710684273709484,833,1.7163859800027963,0.6492,0.9982128364673317,0.08332080142925193,,,1.0,,1.0,0.0,0.9984869832955156,0.0998343104744656,5,0.001,0.1,0.9966630621164579,0.9959505833131467,0.9964408131001496,0.996221084441711,0.9956763019823311,0.9968648016353263,0.9963578939162953,0.9961829200739291,0.9963661788061683,1.0,0.9964028264560819,0.9955808624140603
5,10,1.2700186742339166,0.6456,5000,1.707355989350213,0.65906362545018,833,1.7163859800027963,0.6492,0.9986704504726012,0.08336330960211491,,,1.0,,1.0,0.0,0.9984869832955156,0.0998343104744656,5,0.001,0.1,0.9970079231652443,0.9965341398782456,0.9965926869214433,0.9969220838736491,0.996986047244401,0.9965509372805087,0.9965549999107136,0.9969235493006867,0.997135489439975,0.9964028264560819,1.0,0.9965770641002265
5,11,1.25596665683066,0.65696,5000,1.736258621569033,0.65906362545018,833,1.7163859800027963,0.6492,0.9981529099943992,0.08332297106355951,,,1.0,,1.0,0.0,0.9984869832955156,0.0998343104744656,5,0.001,0.1,0.9961902910203291,0.9963322549253595,0.9960978718021565,0.997022141992685,0.9958340366483376,0.9964218378232569,0.9951875375406505,0.9962004763338287,0.9965436115696756,0.9955808624140603,0.9965770641002265,1.0
6,0,1.1840136011694646,0.657,5000,1.5840304339373554,0.6594724220623501,834,1.575798195010176,0.6647,0.9980530972547,0.08332903411947008,,,1.0,,1.0,0.0,0.9986227650821689,0.0997982384656503,5,0.001,0.1,1.0,0.9956527985735317,0.995259024278782,0.9962967847617241,0.9958341109242951,0.9955804287409732,0.9948714847360226,0.995986124109406,0.9957295902873511,0.9958703798355746,0.9962276913115516,0.9951641940143818
6,1,1.1817177345038978,0.6552,5000,1.5788019718947235,0.6558752997601919,834,1.575798195010176,0.6647,0.9979465084803465,0.0833395229075468,,,1.0,,1.0,0.0,0.9986227650821689,0.0997982384656503,5,0.001,0.1,0.9956527985735317,1.0,0.9954199587307042,0.9964839419486979,0.9955825611199013,0.9956978330026797,0.9951736286399796,0.995701307716156,0.995509625613717,0.9949546487879134,0.9957374518016441,0.9952813308060838
6,2,1.174308325682476,0.66044,5000,1.5698769843136822,0.6438848920863309,834,1.575798195010176,0.6647,0.9979391754136999,0.08332625510526306,,,1.0,,1.0,0.0,0.9986227650821689,0.0997982384656503,5,0.001,0.1,0.995259024278782,0.9954199587307042,1.0,0.9959652790031447,0.9954314596477157,0.9960337077285237,0.9957277696910845,0.9951328410325162,0.9956739989009833,0.9955320917821786,0.9958180125083952,0.9951146108101604
6,3,1.1808096600945588,0.6692,5000,1.5762313383596915,0.6522781774580336,834,1.575798195010176,0.6647,0.9983842818078114,0.0833603856590551,,,1.0,,1.0,0.0,0.9986227650821689,0.0997982384656503,5,0.001,0.1,0.9962967847617241,0.9964839419486979,0.9959652790031447,1.0,0.995951023854219,0.9959181413010859,0.9958515395336004,0.9961235682594456,0.9961607678288934,0.9952756121633193,0.9962002708659663,0.9962107310644043
6,4,1.1693224924385168,0.66604,5000,1.5558031311741582,0.6638655462184874,833,1.575798195010176,0.6647,0.9980254751109241,0.08332796317791537,,,1.0,,1.0,0.0,0.9986227650821689,0.0997982384656503,5,0.001,0.1,0.9958341109242951,0.9955825611199013,0.9954314596477157,0.995951023854219,1.0,0.9960045702986249,0.9956989040468766,0.9957683417984305,0.9959455097867689,0.9948068331782406,0.9961487918771165,0.9949699836664508
6,5,1.1607055009550349,0.67112,5000,1.5619401181185688,0.6794717887154862,833,1.575798195010176,0.6647,0.9981291687394958,0.08334477515012143,,,1.0,,1.0,0.0,0.9986227650821689,0.0997982384656503,5,0.001,0.1,0.9955804287409732,0.9956978330026797,0.9960337077285237,0.9959181413010859,0.9960045702986249,1.0,0.9950081760359918,0.9957515877559202,0.9961136238949764,0.9961197777703275,0.9957352159342583,0.9954198963391715
6,6,1.1640387492574704,0.66124,5000,1.5757620864444308,0.6650660264105642,833,1.575798195010176,0.6647,0.9975683694758984,0.08329765026808068,,,1.0,,1.0,0.0,0.9986227650821689,0.0997982384656503,5,0.001,0.1,0.9948714847360226,0.9951736286399796,0.9957277696910845,0.9958515395336004,0.9956989040468766,0.9950081760359918,1.0,0.9943538557226896,0.9948216749497996,0.9955975475162556,0.9957011271513103,0.9938639700568906
6,7,1.1641034982766316,0.6666,5000,1.5730432007047865,0.6698679471788715,833,1.575798195010176,0.6647,0.9980051621206879,0.08333690531653826,,,1.0,,1.0,0.0,0.9986227650821689,0.0997982384656503,5,0.001,0.1,0.995986124109406,0.995701307716156,0.9951328410325162,0.9961235682594456,0.9957683417984305,0.9957515877559202,0.9943538557226896,1.0,0.9962986173092871,0.9952748590376842,0.9962465937321735,0.9952597321296939
6,8,1.1731236415304196,0.6622,5000,1.605804655287001,0.6506602641056423,833,1.575798195010176,0.6647,0.998159063522266,0.08334508604165117,,,1.0,,1.0,0.0,0.9986227650821689,0.0997982384656503,5,0.001,0.1,0.9957295902873511,0.995509625613717,0.9956739989009833,0.9961607678288934,0.9959455097867689,0.9961136238949764,0.9948216749497996,0.9962986173092871,1.0,0.9954995649049815,0.9964066112283116,0.9955809427190239
6,9,1.181346875618977,0.65516,5000,1.5422648456361558,0.687875150060024,833,1.575798195010176,0.6647,0.9977360160803769,0.0833176945011548,,,1.0,,1.0,0.0,0.9986227650821689,0.0997982384656503,5,0.001,0.1,0.9958703798355746,0.9949546487879134,0.9955320917821786,0.9952756121633193,0.9948068331782406,0.9961197777703275,0.9955975475162556,0.9952748590376842,0.9954995649049815,1.0,0.9955819697527599,0.9941628156913385
6,10,1.1828297369799037,0.65948,5000,1.5635011461046007,0.6758703481392557,833,1.575798195010176,0.6647,0.9982872818901877,0.0833615649296747,,,1.0,,1.0,0.0,0.9986227650821689,0.0997982384656503,5,0.001,0.1,0.9962276913115516,0.9957374518016441,0.9958180125083952,0.9962002708659663,0.9961487918771165,0.9957352159342583,0.9957011271513103,0.9962465937321735,0.9964066112283116,0.9955819697527599,1.0,0.9954719388100118
6,11,1.1675526434448873,0.67188,5000,1.6005113831272832,0.6722689075630253,833,1.575798195010176,0.6647,0.9975544207430055,0.08331316282352857,,,1.0,,1.0,0.0,0.9986227650821689,0.0997982384656503,5,0.001,0.1,0.9951641940143818,0.9952813308060838,0.9951146108101604,0.9962107310644043,0.9949699836664508,0.9954198963391715,0.9938639700568906,0.9952597321296939,0.9955809427190239,0.9941628156913385,0.9954719388100118,1.0
7,0,1.1114711984707293,0.67,5000,1.446257542680811,0.6690647482014388,834,1.437017429370088,0.6801,0.9973429064525718,0.08332636667662524,,,1.0,,1.0,0.0,0.9985630261384912,0.09974770168091293,5,0.001,0.1,1.0,0.9943079309558921,0.9939867893133222,0.9950546614367877,0.9942773468349818,0.9943109381160244,0.9932587548651985,0.9943618738878078,0.9944074739386665,0.9948641936595569,0.995129407025389,0.9939594704668427
7,1,1.108948226187639,0.66864,5000,1.4421848941732336,0.6666666666666666,834,1.437017429370088,0.6801,0.9972160296270408,0.08332870477135858,,,1.0,,1.0,0.0,0.9985630261384912,0.09974770168091293,5,0.001,0.1,0.9943079309558921,1.0,0.9941937679154934,0.9953083032610457,0.9945914052179314,0.9941454637434163,0.9937531243497302,0.9939837310664932,0.9937460173419382,0.9939787243391951,0.9942823831315684,0.9941090487598412
7,2,1.1019863398211778,0.67132,5000,1.4313566905480843,0.6534772182254197,834,1.437017429370088,0.6801,0.9975262491614171,0.08333058180750869,,,1.0,,1.0,0.0,0.9985630261384912,0.09974770168091293,5,0.001,0.1,0.9939867893133222,0.9941937679154934,1.0,0.9950876825638776,0.9945871544117719,0.9950899384017267,0.994799416365171,0.9936234904897266,0.994849509529006,0.9949407477073139,0.9949282683471546,0.9940274767132661
7,3,1.10681191910604,0.68132,5000,1.4374746437425967,0.6762589928057554,834,1.437017429370088,0.6801,0.99793010521152,0.08336456133479161,,,1.0,,1.0,0.0,0.9985630261384912,0.09974770168091293,5,0.001,0.1,0.9950546614367877,0.9953083032610457,0.9950876825638776,1.0,0.994955513531342,0.9947549921703298,0.9948846550466683,0.9947147853618464,0.9951038067851286,0.9946478820114448,0.9950285938269459,0.9954056396423733
7,4,1.0947452882292923,0.67952,5000,1.411135925187005,0.687875150060024,833,1.437017429370088,0.6801,0.9974592677973969,0.08332946691271866,,,1.0,,1.0,0.0,0.9985630261384912,0.09974770168091293,5,0.001,0.1,0.9942773468349818,0.9945914052179314,0.9945871544117719,0.994955513531342,1.0,0.9947223657876096,0.9945637017739835,0.9948837091483637,0.994659770152208,0.9937230846393496,0.9946561889373373,0.9936918746825963
7,5,1.0878065963459622,0.684,5000,1.421547187699212,0.6986794717887155,833,1.437017429370088,0.6801,0.9975708720187676,0.0833433847538062,,,1.0,,1.0,0.0,0.9985630261384912,0.09974770168091293,5,0.001,0.1,0.9943109381160244,0.9941454637434163,0.9950899384017267,0.9947549921703298,0.9947223657876096,1.0,0.9938368450644071,0.9945397226588426,0.9950011665848871,0.995302251181629,0.9947222079524891,0.9942212308947825
7,6,1.0925377882210312,0.67244,5000,1.4368998739454482,0.6818727490996399,833,1.437017429370088,0.6801,0.9971838220882834,0.08330197583777016,,,1.0,,1.0,0.0,0.9985630261384912,0.09974770168091293,5,0.001,0.1,0.9932587548651985,0.9937531243497302,0.994799416365171,0.9948846550466683,0.9945637017739835,0.9938368450644071,1.0,0.9933174712857181,0.9946705132685218,0.9950471815427016,0.9950031248825961,0.992882467842589
7,7,1.090183689260179,0.67896,5000,1.4333168356506913,0.6866746698679472,833,1.437017429370088,0.6801,0.9973599248554111,0.08333174519238569,,,1.0,,1.0,0.0,0.9985630261384912,0.09974770168091293,5,0.001,0.1,0.9943618738878078,0.9939837310664932,0.9936234904897266,0.9947147853618464,0.9948837091483637,0.9945397226588426,0.9933174712857181,1.0,0.995040189128998,0.9943443769420344,0.9951178066449347,0.9941948675972043
7,8,1.0989243320598723,0.67284,5000,1.472195894629867,0.6698679471788715,833,1.437017429370088,0.6801,0.9977196349993128,0.08334837898368692,,,1.0,,1.0,0.0,0.9985630261384912,0.09974770168091293,5,0.001,0.1,0.9944074739386665,0.9937460173419382,0.994849509529006,0.9951038067851286,0.994659770152208,0.9950011665848871,0.9946705132685218,0.995040189128998,1.0,0.9948248929216476,0.9956278714068578,0.9944964469732813
