round,client_id,client_i_training_loss,client_i_training_accuracy,client_i_training_dataset_size,client_i_evaluation_loss,client_i_evaluation_accuracy,client_i_evaluation_dataset_size,client_i_central_evaluation_loss,client_i_central_evaluation_accuracy,client_i_cosine_similarity,client_i_importance_coefficient,client_i_tanh_val,tanh_normalization_value,client_i_q,client_i_mask_order,client_i_v_nonzero_fraction,client_i_v_sparsity,client_i_v_cosine_similarity,client_i_reward_gradient_norm,local_epochs,learning_rate,gamma,client_0_cosine_similarity,client_1_cosine_similarity,client_2_cosine_similarity,client_3_cosine_similarity,client_4_cosine_similarity,client_5_cosine_similarity,client_6_cosine_similarity,client_7_cosine_similarity,client_8_cosine_similarity,client_9_cosine_similarity,client_10_cosine_similarity,client_11_cosine_similarity
0,0,1.9269293365964464,0.40928,5000,2.2523721235769765,0.17146282973621102,834,2.251492730344827,0.1718,0.9977563467869893,0.08337767213238052,,,0.98,,0.9800166246218381,0.01998337537816186,0,0.0997225740512894,5,0.001,0.1,1.0,0.994488662895732,0.9954249483503006,0.9969456147197248,0.9918647061626001,0.995312276319127,0.9952203162557505,0.9950672985631632,0.9915625361040923,0.9950532615960823,0.9925308069164741,0.9963895136109104
0,1,1.9033775669753932,0.42008,5000,2.25204097783124,0.16546762589928057,834,2.251492730344827,0.1718,0.997980021567794,0.08339636355198239,,,0.98,,0.9800166246218381,0.01998337537816186,0,0.0997225740512894,5,0.001,0.1,0.994488662895732,1.0,0.9948082471490877,0.9960892799490438,0.9933565784136542,0.9945618287197283,0.994949133911134,0.9939671057555671,0.9948801476827682,0.9957125384872884,0.9938353909669675,0.9958876794549689
0,2,1.9335337910682533,0.40892,5000,2.2463858127593994,0.16546762589928057,834,2.251492730344827,0.1718,0.9977785088790394,0.08337952411122353,,,0.98,,0.9800166246218381,0.01998337537816186,0,0.0997225740512894,5,0.001,0.1,0.9954249483503006,0.9948082471490877,1.0,0.9952123883543285,0.9939210578846089,0.9940803976092593,0.9955694405980979,0.9935141674181859,0.9937040397127156,0.9959975262784242,0.9932890355175341,0.9946039005903472
0,3,1.926535644652737,0.39576,5000,2.2442591985066733,0.18225419664268586,834,2.251492730344827,0.1718,0.9979715078703661,0.08339565210346586,,,0.98,,0.9800166246218381,0.01998337537816186,0,0.0997225740512894,5,0.001,0.1,0.9969456147197248,0.9960892799490438,0.9952123883543285,1.0,0.9915264358210798,0.9955811938864961,0.9950320409912699,0.9956949156526154,0.9929110090988807,0.9953555533239073,0.9924009755154304,0.9956853043279009
0,4,1.9283544203278364,0.38736,5000,2.2509971724616156,0.17767106842737096,833,2.251492730344827,0.1718,0.995847096791447,0.08321812534457036,,,0.98,,0.9800166246218381,0.01998337537816186,0,0.0997225740512894,5,0.001,0.1,0.9918647061626001,0.9933565784136542,0.9939210578846089,0.9915264358210798,1.0,0.9899114443668436,0.9946929034938872,0.9885017714974027,0.9971407134775009,0.9907715107556061,0.9939942134130192,0.9913311684865574
0,5,1.9193965072085144,0.4038,5000,2.2469089031219482,0.18847539015606243,833,2.251492730344827,0.1718,0.9972060076175456,0.08333168294977172,,,0.98,,0.9800166246218381,0.01998337537816186,0,0.0997225740512894,5,0.001,0.1,0.995312276319127,0.9945618287197283,0.9940803976092593,0.9955811938864961,0.9899114443668436,1.0,0.99357499138441,0.9963044211044341,0.9911619362170115,0.9967491510913311,0.9913234904577303,0.9947130611666497
0,6,1.9234111231603441,0.38848,5000,2.2643208856935853,0.16686674669867949,833,2.251492730344827,0.1718,0.9977570375858518,0.08337772985910034,,,0.98,,0.9800166246218381,0.01998337537816186,0,0.0997225740512894,5,0.001,0.1,0.9952203162557505,0.994949133911134,0.9955694405980979,0.9950320409912699,0.9946929034938872,0.99357499138441,1.0,0.9938734522590501,0.9938166504070177,0.9953592431719838,0.9929216716739157,0.9948583644619594
0,7,1.9214941808372545,0.41184,5000,2.2490507055211952,0.1608643457382953,833,2.251492730344827,0.1718,0.9965545818583587,0.08327724644977554,,,0.98,,0.9800166246218381,0.01998337537816186,0,0.0997225740512894,5,0.001,0.1,0.9950672985631632,0.9939671057555671,0.9935141674181859,0.9956949156526154,0.9885017714974027,0.9963044211044341,0.9938734522590501,1.0,0.9890090867957168,0.9967467182665835,0.9873805259506132,0.9954193069252519
0,8,1.9203757849468548,0.40964,5000,2.2556533371960676,0.16806722689075632,833,2.251492730344827,0.1718,0.9964134334602837,0.0832654513608296,,,0.98,,0.9800166246218381,0.01998337537816186,0,0.0997225740512894,5,0.001,0.1,0.9915625361040923,0.9948801476827682,0.9937040397127156,0.9929110090988807,0.9971407134775009,0.9911619362170115,0.9938166504070177,0.9890090867957168,1.0,0.9915451062849204,0.9956892683934122,0.9923691954883291
0,9,1.9174232259677473,0.41328,5000,2.265836247691402,0.16806722689075632,833,2.251492730344827,0.1718,0.9978073164413633,0.0833819314198757,,,0.98,,0.9800166246218381,0.01998337537816186,0,0.0997225740512894,5,0.001,0.1,0.9950532615960823,0.9957125384872884,0.9959975262784242,0.9953555533239073,0.9907715107556061,0.9967491510913311,0.9953592431719838,0.9967467182665835,0.9915451062849204,1.0,0.9915323659411889,0.9956469055874086
0,10,1.930272363857099,0.41164,5000,2.246977064344618,0.1644657863145258,833,2.251492730344827,0.1718,0.9958991193576997,0.0832224726188187,,,0.98,,0.9800166246218381,0.01998337537816186,0,0.0997225740512894,5,0.001,0.1,0.9925308069164741,0.9938353909669675,0.9932890355175341,0.9924009755154304,0.9939942134130192,0.9913234904577303,0.9929216716739157,0.9873805259506132,0.9956892683934122,0.9915323659411889,1.0,0.9927372973099627
0,11,1.9286474045674513,0.403,5000,2.2424798629902027,0.18247298919567828,833,2.251492730344827,0.1718,0.997738109113379,0.08337614809820562,,,0.98,,0.9800166246218381,0.01998337537816186,0,0.0997225740512894,5,0.001,0.1,0.9963895136109104,0.9958876794549689,0.9946039005903472,0.9956853043279009,0.9913311684865574,0.9947130611666497,0.9948583644619594,0.9954193069252519,0.9923691954883291,0.9956469055874086,0.9927372973099627,1.0
1,0,1.687710241147667,0.49972,5000,2.1592268590573913,0.22661870503597123,834,2.1597702815509834,0.2432,0.9982008067484864,0.08334712269257206,,,0.98,,0.9800166246218381,0.01998337537816186,0.9863859150057098,0.09986159437266039,5,0.001,0.1,1.0,0.9961864496702295,0.9961121650532908,0.9971677170360929,0.996754658150967,0.9964909127521552,0.9964700305729355,0.9962869788965661,0.9962625193659457,0.996227418084459,0.9967892487697104,0.997081914196388
1,1,1.6587157089239473,0.5222,5000,2.161083451023808,0.2446043165467626,834,2.1597702815509834,0.2432,0.9987152763205204,0.0833751895531509,,,0.98,,0.9800166246218381,0.01998337537816186,0.9863859150057098,0.09986159437266039,5,0.001,0.1,0.9961864496702295,1.0,0.9965988068550491,0.9971754883549887,0.9968363420458038,0.9970260851948716,0.996647469145042,0.9971548878532686,0.9977751890943399,0.9979726778299827,0.9970182105691479,0.9976032295287225
1,2,1.6929246414239238,0.50032,5000,2.152185969882541,0.23381294964028776,834,2.1597702815509834,0.2432,0.9984675418732383,0.08335686735585619,,,0.98,,0.9800166246218381,0.01998337537816186,0.9863859150057098,0.09986159437266039,5,0.001,0.1,0.9961121650532908,0.9965988068550491,1.0,0.9967371986438301,0.9971682329410348,0.9969242468050237,0.9966648355397911,0.9968292312889384,0.9967239343722557,0.9975413057159137,0.99663274947574,0.9970938576539402
1,3,1.6882970929905108,0.49772,5000,2.151745628427576,0.2541966426858513,834,2.1597702815509834,0.2432,0.9986526628401274,0.08337273239797163,,,0.98,,0.9800166246218381,0.01998337537816186,0.9863859150057098,0.09986159437266039,5,0.001,0.1,0.9971677170360929,0.9971754883549887,0.9967371986438301,1.0,0.9969925337425308,0.9971873516048978,0.9971885749159388,0.9971724433171069,0.9974368686659185,0.9966369326789191,0.9966915146493189,0.9968577100882071
1,4,1.6868130437128104,0.48944,5000,2.156423498083044,0.25090036014405764,833,2.1597702815509834,0.2432,0.9985994092863704,0.08326214857393303,,,0.98,,0.9800166246218381,0.01998337537816186,0.9863859150057098,0.09986159437266039,5,0.001,0.1,0.996754658150967,0.9968363420458038,0.9971682329410348,0.9969925337425308,1.0,0.9967156864520261,0.997589114925775,0.9969349061162858,0.9973163103146353,0.9971452860489578,0.9963585173709497,0.9968000411300939
1,5,1.6795056768283723,0.50052,5000,2.1538816999506065,0.2689075630252101,833,2.1597702815509834,0.2432,0.9985591041806017,0.08333048484230403,,,0.98,,0.9800166246218381,0.01998337537816186,0.9863859150057098,0.09986159437266039,5,0.001,0.1,0.9964909127521552,0.9970260851948716,0.9969242468050237,0.9971873516048978,0.9967156864520261,1.0,0.9964811270472121,0.9975109024433921,0.9971184400938287,0.9974704869615388,0.9963474786393793,0.9968520155147214
1,6,1.6855427764023945,0.48376,5000,2.174166096581353,0.23649459783913565,833,2.1597702815509834,0.2432,0.998471385278545,0.08335589111074394,,,0.98,,0.9800166246218381,0.01998337537816186,0.9863859150057098,0.09986159437266039,5,0.001,0.1,0.9964700305729355,0.996647469145042,0.9966648355397911,0.9971885749159388,0.997589114925775,0.9964811270472121,1.0,0.9970474382525644,0.9968219075345198,0.9970309094209295,0.9964946157577258,0.9966372534702332
1,7,1.682190711862722,0.51044,5000,2.1591061177077115,0.24129651860744297,833,2.1597702815509834,0.2432,0.9986967072811087,0.08330154384067175,,,0.98,,0.9800166246218381,0.01998337537816186,0.9863859150057098,0.09986159437266039,5,0.001,0.1,0.9962869788965661,0.9971548878532686,0.9968292312889384,0.9971724433171069,0.9969349061162858,0.9975109024433921,0.9970474382525644,1.0,0.9974156011317522,0.9980103528405323,0.9963900685887306,0.997022473549262
1,8,1.6775059481335293,0.50504,5000,2.166035466723972,0.23529411764705882,833,2.1597702815509834,0.2432,0.9988114643965164,0.08329801454425236,,,0.98,,0.9800166246218381,0.01998337537816186,0.9863859150057098,0.09986159437266039,5,0.001,0.1,0.9962625193659457,0.9977751890943399,0.9967239343722557,0.9974368686659185,0.9973163103146353,0.9971184400938287,0.9968219075345198,0.9974156011317522,1.0,0.9977506255255869,0.9969830522290615,0.9975470962536089
1,9,1.676794060400337,0.50864,5000,2.1743763552771673,0.23529411764705882,833,2.1597702815509834,0.2432,0.9989657132274755,0.08337442225165446,,,0.98,,0.9800166246218381,0.01998337537816186,0.9863859150057098,0.09986159437266039,5,0.001,0.1,0.996227418084459,0.9979726778299827,0.9975413057159137,0.9966369326789191,0.9971452860489578,0.9974704869615388,0.9970309094209295,0.9980103528405323,0.9977506255255869,1.0,0.9974125196595162,0.997798826197117
1,10,1.6926976702775165,0.50012,5000,2.1529163872754133,0.23769507803121248,833,2.1597702815509834,0.2432,0.998451555653007,0.08326004243195306,,,0.98,,0.9800166246218381,0.01998337537816186,0.9863859150057098,0.09986159437266039,5,0.001,0.1,0.9967892487697104,0.9970182105691479,0.99663274947574,0.9966915146493189,0.9963585173709497,0.9963474786393793,0.9964946157577258,0.9963900685887306,0.9969830522290615,0.9974125196595162,1.0,0.9977213503657181
1,11,1.6911364921338998,0.49616,5000,2.1503599528913147,0.2533013205282113,833,2.1597702815509834,0.2432,0.9988004066003632,0.08336554040493657,,,0.98,,0.9800166246218381,0.01998337537816186,0.9863859150057098,0.09986159437266039,5,0.001,0.1,0.997081914196388,0.9976032295287225,0.9970938576539402,0.9968577100882071,0.9968000411300939,0.9968520155147214,0.9966372534702332,0.997022473549262,0.9975470962536089,0.997798826197117,0.9977213503657181,1.0
2,0,1.5093545572772906,0.55108,5000,2.0449095213854753,0.2853717026378897,834,2.0466079018748227,0.3055,0.998663608607815,0.08334183236600737,,,0.98,,0.9800166246218381,0.01998337537816186,0.9934138557979946,0.09986622630586568,5,0.001,0.1,1.0,0.9968256589445792,0.9967732600024191,0.9977347680918831,0.997230875462821,0.9971481339681394,0.9972341442427113,0.9969636657044473,0.9967269993066794,0.9966532871637035,0.9972437106255838,0.9973974507365667
2,1,1.4764468814157377,0.57584,5000,2.048808146406103,0.2997601918465228,834,2.0466079018748227,0.3055,0.9986781254151794,0.08335951207458402,,,0.98,,0.9800166246218381,0.01998337537816186,0.9934138557979946,0.09986622630586568,5,0.001,0.1,0.9968256589445792,1.0,0.9969057190436608,0.9969706858186537,0.9966436616776548,0.9970559961157611,0.9968779609672026,0.9972618949452057,0.9975199758279251,0.9976586626582703,0.9969977980806188,0.9973864970488888
2,2,1.512241539985511,0.55476,5000,2.0360611191502325,0.31534772182254195,834,2.0466079018748227,0.3055,0.9986020974260391,0.0833458227362313,,,0.98,,0.9800166246218381,0.01998337537816186,0.9934138557979946,0.09986622630586568,5,0.001,0.1,0.9967732600024191,0.9969057190436608,1.0,0.9972412547459542,0.9971999389391187,0.9969090441696502,0.997316268399028,0.9965636999437099,0.9967761972149045,0.9973681234916116,0.9969512217846466,0.9971891775730186
2,3,1.5103084850463138,0.5526,5000,2.0378129526420876,0.3117505995203837,834,2.0466079018748227,0.3055,0.9986969727038209,0.0833586135880381,,,0.98,,0.9800166246218381,0.01998337537816186,0.9934138557979946,0.09986622630586568,5,0.001,0.1,0.9977347680918831,0.9969706858186537,0.9972412547459542,1.0,0.9968407641180868,0.996838484220456,0.9974228089157742,0.9973308713511609,0.9971672647022156,0.9967020199492372,0.9969571262363346,0.99712459995265
2,4,1.5052878969793866,0.54608,5000,2.039758532135575,0.3289315726290516,833,2.0466079018748227,0.3055,0.9985024666724462,0.08328452365147225,,,0.98,,0.9800166246218381,0.01998337537816186,0.9934138557979946,0.09986622630586568,5,0.001,0.1,0.997230875462821,0.9966436616776548,0.9971999389391187,0.9968407641180868,1.0,0.9967304930427412,0.9970688930337211,0.9967676942857521,0.9969477312121663,0.997116622784202,0.9966153299925904,0.9968415335952918
2,5,1.498187966483414,0.56472,5000,2.0393823473541826,0.3241296518607443,833,2.0466079018748227,0.3055,0.998555623311683,0.08332814448926684,,,0.98,,0.9800166246218381,0.01998337537816186,0.9934138557979946,0.09986622630586568,5,0.001,0.1,0.9971481339681394,0.9970559961157611,0.9969090441696502,0.996838484220456,0.9967304930427412,1.0,0.9969096596619472,0.9973504957077332,0.9970679000434164,0.9972950760666192,0.9964281435161415,0.9969043865347482
2,6,1.5050887084310982,0.54424,5000,2.061837991078695,0.2917166866746699,833,2.0466079018748227,0.3055,0.9987155608184962,0.08334888608818203,,,0.98,,0.9800166246218381,0.01998337537816186,0.9934138557979946,0.09986622630586568,5,0.001,0.1,0.9972341442427113,0.9968779609672026,0.997316268399028,0.9974228089157742,0.9970688930337211,0.9969096596619472,1.0,0.9973356922767105,0.9970010901093997,0.9973274546538162,0.9970569067865529,0.9970031119047227
2,7,1.4978499156654261,0.5666,5000,2.0482363215199224,0.29531812725090034,833,2.0466079018748227,0.3055,0.9986762370788133,0.08331429004844677,,,0.98,,0.9800166246218381,0.01998337537816186,0.9934138557979946,0.09986622630586568,5,0.001,0.1,0.9969636657044473,0.9972618949452057,0.9965636999437099,0.9973308713511609,0.9967676942857521,0.9973504957077332,0.9973356922767105,1.0,0.9972374263365056,0.9976748340667753,0.9966767918165499,0.9969209002693581
2,8,1.4962683083904778,0.56844,5000,2.0559278285061873,0.29891956782713086,833,2.0466079018748227,0.3055,0.9986910344036182,0.0833126033909431,,,0.98,,0.9800166246218381,0.01998337537816186,0.9934138557979946,0.09986622630586568,5,0.001,0.1,0.9967269993066794,0.9975199758279251,0.9967761972149045,0.9971672647022156,0.9969477312121663,0.9970679000434164,0.9970010901093997,0.9972374263365056,1.0,0.997487334765606,0.9970024784767288,0.9973273996519402
2,9,1.495677320630687,0.5634,5000,2.061294198036194,0.2893157262905162,833,2.0466079018748227,0.3055,0.9988519651772676,0.08336465218898731,,,0.98,,0.9800166246218381,0.01998337537816186,0.9934138557979946,0.09986622630586568,5,0.001,0.1,0.9966532871637035,0.9976586626582703,0.9973681234916116,0.9967020199492372,0.997116622784202,0.9972950760666192,0.9973274546538162,0.9976748340667753,0.997487334765606,1.0,0.9972611942403721,0.9976438009947062
2,10,1.5168431496923895,0.54996,5000,2.0371948833818787,0.3037214885954382,833,2.0466079018748227,0.3055,0.9985503336430762,0.08328477701728589,,,0.98,,0.9800166246218381,0.01998337537816186,0.9934138557979946,0.09986622630586568,5,0.001,0.1,0.9972437106255838,0.9969977980806188,0.9969512217846466,0.9969571262363346,0.9966153299925904,0.9964281435161415,0.9970569067865529,0.9966767918165499,0.9970024784767288,0.9972611942403721,1.0,0.9973860916646088
2,11,1.5075637645022884,0.55364,5000,2.036668154928419,0.3217286914765906,833,2.0466079018748227,0.3055,0.9987632489789021,0.083356342360555,,,0.98,,0.9800166246218381,0.01998337537816186,0.9934138557979946,0.09986622630586568,5,0.001,0.1,0.9973974507365667,0.9973864970488888,0.9971891775730186,0.99712459995265,0.9968415335952918,0.9969043865347482,0.9970031119047227,0.9969209002693581,0.9973273996519402,0.9976438009947062,0.9973860916646088,1.0
3,0,1.3701300841987514,0.587,5000,1.9113219711515639,0.3657074340527578,834,1.9140384128680243,0.3804,0.9984988540903358,0.08333905098793229,,,0.98,,0.9800166246218381,0.01998337537816186,0.9975135528434218,0.0998483192067764,5,0.001,0.1,1.0,0.9965153698752589,0.9963320357151786,0.997452618387283,0.9966587699500347,0.9966950708031155,0.9971097747656325,0.9966789409070357,0.9964112014252278,0.9961808958474478,0.9968201554623548,0.9969569206833501
3,1,1.3398593316412275,0.61308,5000,1.9170868396759033,0.3669064748201439,834,1.9140384128680243,0.3804,0.9985478039225024,0.0833514732589468,,,0.98,,0.9800166246218381,0.01998337537816186,0.9975135528434218,0.0998483192067764,5,0.001,0.1,0.9965153698752589,1.0,0.9965960598734539,0.9966979880447623,0.9966520279775428,0.9963663732423736,0.9965787384072188,0.9969469085388643,0.9971718404711784,0.9973851205275388,0.9965839537260412,0.9969030798880079
3,2,1.3768960106145045,0.5932,5000,1.9003544471882008,0.4172661870503597,834,1.9140384128680243,0.3804,0.9984126772177546,0.08333871660326478,,,0.98,,0.9800166246218381,0.01998337537816186,0.9975135528434218,0.0998483192067764,5,0.001,0.1,0.9963320357151786,0.9965960598734539,1.0,0.996955014097625,0.9968728325162317,0.9962832365048264,0.9969400940856332,0.9962547374519377,0.9964221545790178,0.9969052079347588,0.996431128998973,0.9967862330823759
3,3,1.3745493283696995,0.58816,5000,1.9046696910151728,0.3932853717026379,834,1.9140384128680243,0.3804,0.9986751025212338,0.08335503106902796,,,0.98,,0.9800166246218381,0.01998337537816186,0.9975135528434218,0.0998483192067764,5,0.001,0.1,0.997452618387283,0.9966979880447623,0.996955014097625,1.0,0.9967362062194636,0.9964606885259164,0.9972545109262094,0.9972453989464639,0.9969608637379002,0.9964174291898356,0.996793049329749,0.9969492628237253
3,4,1.3701129001416978,0.59328,5000,1.903314890684905,0.3949579831932773,833,1.9140384128680243,0.3804,0.9983728098757556,0.08329983732516823,,,0.98,,0.9800166246218381,0.01998337537816186,0.9975135528434218,0.0998483192067764,5,0.001,0.1,0.9966587699500347,0.9966520279775428,0.9968728325162317,0.9967362062194636,1.0,0.996369474625599,0.9966802754220644,0.9964653412756191,0.9965313073265322,0.9967281817503645,0.9961067899783467,0.9965022461409553
3,5,1.3602387833747134,0.6004,5000,1.9052258994844224,0.38055222088835533,833,1.9140384128680243,0.3804,0.9982098925135409,0.08332132989797573,,,0.98,,0.9800166246218381,0.01998337537816186,0.9975135528434218,0.0998483192067764,5,0.001,0.1,0.9966950708031155,0.9963663732423736,0.9962832365048264,0.9964606885259164,0.996369474625599,1.0,0.9962504341604771,0.9968885686946076,0.9963338128886235,0.9966782762582455,0.9956223603228291,0.9964013645424653
3,6,1.370462240534983,0.58624,5000,1.929516977734036,0.36014405762304924,833,1.9140384128680243,0.3804,0.9985372443379172,0.0833446158995354,,,0.98,,0.9800166246218381,0.01998337537816186,0.9975135528434218,0.0998483192067764,5,0.001,0.1,0.9971097747656325,0.9965787384072188,0.9969400940856332,0.9972545109262094,0.9966802754220644,0.9962504341604771,1.0,0.9968957195085545,0.9964315372267383,0.9966936593902218,0.9967435100322128,0.9966930632014345
3,7,1.3589347786964125,0.61088,5000,1.9182876392647072,0.3637454981992797,833,1.9140384128680243,0.3804,0.998556126305276,0.08332400887145958,,,0.98,,0.9800166246218381,0.01998337537816186,0.9975135528434218,0.0998483192067764,5,0.001,0.1,0.9966789409070357,0.9969469085388643,0.9962547374519377,0.9972453989464639,0.9964653412756191,0.9968885686946076,0.9968957195085545,1.0,0.9969289598014869,0.9973758813170094,0.9962660896454044,0.9965518753976673
3,8,1.3578124403953553,0.6092,5000,1.9275955579898976,0.3709483793517407,833,1.9140384128680243,0.3804,0.9984929437648333,0.08332093516243662,,,0.98,,0.9800166246218381,0.01998337537816186,0.9975135528434218,0.0998483192067764,5,0.001,0.1,0.9964112014252278,0.9971718404711784,0.9964221545790178,0.9969608637379002,0.9965313073265322,0.9963338128886235,0.9964315372267383,0.9969289598014869,1.0,0.9971160548839593,0.9966376143207267,0.9967964519520179
3,9,1.3588743424719307,0.60356,5000,1.9285309226424605,0.3697478991596639,833,1.9140384128680243,0.3804,0.9986366630304598,0.08335749360933947,,,0.98,,0.9800166246218381,0.01998337537816186,0.9975135528434218,0.0998483192067764,5,0.001,0.1,0.9961808958474478,0.9973851205275388,0.9969052079347588,0.9964174291898356,0.9967281817503645,0.9966782762582455,0.9966936593902218,0.9973758813170094,0.9971160548839593,1.0,0.9969998305888947,0.9969818735064393
3,10,1.384006554154074,0.58776,5000,1.9010389336833247,0.39135654261704683,833,1.9140384128680243,0.3804,0.9983239147313436,0.08329841451576536,,,0.98,,0.9800166246218381,0.01998337537816186,0.9975135528434218,0.0998483192067764,5,0.001,0.1,0.9968201554623548,0.9965839537260412,0.996431128998973,0.996793049329749,0.9961067899783467,0.9956223603228291,0.9967435100322128,0.9962660896454044,0.9966376143207267,0.9969998305888947,1.0,0.9967129233666308
3,11,1.3695621324192946,0.59272,5000,1.903561901163172,0.39015606242497,833,1.9140384128680243,0.3804,0.9985342775636817,0.083349092799148,,,0.98,,0.9800166246218381,0.01998337537816186,0.9975135528434218,0.0998483192067764,5,0.001,0.1,0.9969569206833501,0.9969030798880079,0.9967862330823759,0.9969492628237253,0.9965022461409553,0.9964013645424653,0.9966930632014345,0.9965518753976673,0.9967964519520179,0.9969818735064393,0.9967129233666308,1.0
4,0,1.2637634003997609,0.62036,5000,1.765430869879546,0.49640287769784175,834,1.7691900878668594,0.503,0.9982596014001544,0.0833382082866758,,,0.98,,0.9800166246218381,0.01998337537816186,0.9982322555937669,0.09982171865518306,5,0.001,0.1,1.0,0.9957598182212539,0.9957428558830015,0.9971523510678536,0.9961197401603122,0.996114594044816,0.9965037397214981,0.9960974855886059,0.996033822510199,0.9954612014365644,0.9963265757384214,0.9964468011346717
4,1,1.2320827571449766,0.64052,5000,1.772942547444944,0.4952038369304556,834,1.7691900878668594,0.503,0.9981720924683269,0.08334300237632977,,,0.98,,0.9800166246218381,0.01998337537816186,0.9982322555937669,0.09982171865518306,5,0.001,0.1,0.9957598182212539,1.0,0.9959578925393251,0.9961307815876883,0.9958850925491356,0.995675794397519,0.9956851699742778,0.9960238294263303,0.9964988126491631,0.996745675260453,0.9960233960889333,0.9963236467022341
4,2,1.2687060733509672,0.62484,5000,1.751927305150915,0.5323741007194245,834,1.7691900878668594,0.503,0.9981300482780959,0.08333382118068203,,,0.98,,0.9800166246218381,0.01998337537816186,0.9982322555937669,0.09982171865518306,5,0.001,0.1,0.9957428558830015,0.9959578925393251,1.0,0.9964578907800338,0.9962523853521038,0.9958264486859566,0.9962935724503748,0.9954690043079766,0.9958036199279539,0.9962057026680542,0.9961468692971833,0.9960507527394069
4,3,1.267968201485409,0.6182,5000,1.7596044407950506,0.5191846522781774,834,1.7691900878668594,0.503,0.9985168645068597,0.08335631383462917,,,0.98,,0.9800166246218381,0.01998337537816186,0.9982322555937669,0.09982171865518306,5,0.001,0.1,0.9971523510678536,0.9961307815876883,0.9964578907800338,1.0,0.9962563674427735,0.9960516000584254,0.9966853602114244,0.9967238999205564,0.9966212212780524,0.9959366051273567,0.9964471820018028,0.9963768116219783
4,4,1.26385785607016,0.62488,5000,1.7539325025346544,0.5138055222088835,833,1.7691900878668594,0.503,0.9980383638510248,0.08330701588497151,,,0.98,,0.9800166246218381,0.01998337537816186,0.9982322555937669,0.09982171865518306,5,0.001,0.1,0.9961197401603122,0.9958850925491356,0.9962523853521038,0.9962563674427735,1.0,0.9954775856859176,0.9960193266214182,0.9957527725373648,0.9961539614769866,0.9958750357855873,0.9955238907735172,0.9957943289907635
4,5,1.2528689394331283,0.6284,5000,1.758861577069318,0.4849939975990396,833,1.7691900878668594,0.503,0.9979259878221161,0.08331657031258509,,,0.98,,0.9800166246218381,0.01998337537816186,0.9982322555937669,0.09982171865518306,5,0.001,0.1,0.996114594044816,0.995675794397519,0.9958264486859566,0.9960516000584254,0.9954775856859176,1.0,0.9958234635925746,0.9963836091959333,0.995503132336212,0.9961987872494336,0.9950585318667956,0.9956495314650848
4,6,1.2627814139530158,0.61952,5000,1.785006916081464,0.48139255702280914,833,1.7691900878668594,0.503,0.9982231853452936,0.08334044587167982,,,0.98,,0.9800166246218381,0.01998337537816186,0.9982322555937669,0.09982171865518306,5,0.001,0.1,0.9965037397214981,0.9956851699742778,0.9962935724503748,0.9966853602114244,0.9960193266214182,0.9958234635925746,1.0,0.9962004443877374,0.9960075206357367,0.9959692460350528,0.9963037855185158,0.9958308967580737
4,7,1.2511539315721791,0.6402,5000,1.77652989493476,0.4897959183673469,833,1.7691900878668594,0.503,0.998244035551155,0.08332848008728433,,,0.98,,0.9800166246218381,0.01998337537816186,0.9982322555937669,0.09982171865518306,5,0.001,0.1,0.9960974855886059,0.9960238294263303,0.9954690043079766,0.9967238999205564,0.9957527725373648,0.9963836091959333,0.9962004443877374,1.0,0.9961125762109416,0.9971059363710566,0.9959030840144709,0.9958000746654074
4,8,1.2508878446688318,0.63396,5000,1.7877462749127988,0.4921968787515006,833,1.7691900878668594,0.503,0.9983042849256083,0.08332853977050507,,,0.98,,0.9800166246218381,0.01998337537816186,0.9982322555937669,0.09982171865518306,5,0.001,0.1,0.996033822510199,0.9964988126491631,0.9958036199279539,0.9966212212780524,0.9961539614769866,0.995503132336212,0.9960075206357367,0.9961125762109416,1.0,0.9966749088495477,0.9965800215789424,0.9963052460586806
4,9,1.250914815125192,0.63228,5000,1.7833686890425506,0.48139255702280914,833,1.7691900878668594,0.503,0.9983671378142962,0.0833529909470656,,,0.98,,0.9800166246218381,0.01998337537816186,0.9982322555937669,0.09982171865518306,5,0.001,0.1,0.9954612014365644,0.996745675260453,0.9962057026680542,0.9959366051273567,0.9958750357855873,0.9961987872494336,0.9959692460350528,0.9971059363710566,0.9966749088495477,1.0,0.9965420086152815,0.9963313887696198
4,10,1.2784198805025428,0.6158,5000,1.7517788851702656,0.5282112845138055,833,1.7691900878668594,0.503,0.9982101603313139,0.08331168888732611,,,0.98,,0.9800166246218381,0.01998337537816186,0.9982322555937669,0.09982171865518306,5,0.001,0.1,0.9963265757384214,0.9960233960889333,0.9961468692971833,0.9964471820018028,0.9955238907735172,0.9950585318667956,0.9963037855185158,0.9959030840144709,0.9965800215789424,0.9965420086152815,1.0,0.9963127038703125
4,11,1.2621995124847267,0.62176,5000,1.758439094931991,0.5210084033613446,833,1.7691900878668594,0.503,0.9982148486140517,0.08334292256026564,,,0.98,,0.9800166246218381,0.01998337537816186,0.9982322555937669,0.09982171865518306,5,0.001,0.1,0.9964468011346717,0.9963236467022341,0.9960507527394069,0.9963768116219783,0.9957943289907635,0.9956495314650848,0.9958308967580737,0.9958000746654074,0.9963052460586806,0.9963313887696198,0.9963127038703125,1.0
5,0,1.175404868232217,0.64084,5000,1.6149986231768574,0.5611510791366906,834,1.6194191496973982,0.5718,0.9977186200635297,0.08333584794103593,,,0.98,,0.9800166246218381,0.01998337537816186,0.998311322169491,0.09977333453093154,5,0.001,0.1,1.0,0.9946581356343454,0.9948086761378266,0.9961881467394414,0.9951712027103976,0.9950707577144052,0.9953724681846164,0.9952700034449904,0.994332726613708,0.9941848438599917,0.9949370248575468,0.9954916538178101
5,1,1.1429470182224444,0.6586,5000,1.6239620491310403,0.5683453237410072,834,1.6194191496973982,0.5718,0.9976932673474059,0.08333797028666273,,,0.98,,0.9800166246218381,0.01998337537816186,0.998311322169491,0.09977333453093154,5,0.001,0.1,0.9946581356343454,1.0,0.9949758811956768,0.9952439334276056,0.9948677788450895,0.9946041226397374,0.9945914096567313,0.9949632302577973,0.9953061991177863,0.9959379853586552,0.9947841117941825,0.9952487509647281
5,2,1.1813224532801634,0.64296,5000,1.598911550309923,0.5827338129496403,834,1.6194191496973982,0.5718,0.9977311230824975,0.08333356038569095,,,0.98,,0.9800166246218381,0.01998337537816186,0.998311322169491,0.09977333453093154,5,0.001,0.1,0.9948086761378266,0.9949758811956768,1.0,0.9958736048299875,0.9955245111898898,0.9946737261599153,0.9951854162058262,0.9941253045557722,0.9947310466750136,0.9953117318297117,0.9948380580618451,0.9955874032409683
5,3,1.1804944160637583,0.63856,5000,1.6096924587532326,0.5815347721822542,834,1.6194191496973982,0.5718,0.9981595273269853,0.08336118994003315,,,0.98,,0.9800166246218381,0.01998337537816186,0.998311322169491,0.09977333453093154,5,0.001,0.1,0.9961881467394414,0.9952439334276056,0.9958736048299875,1.0,0.9956173180269953,0.9949874384114866,0.9956913046594773,0.9956027739410085,0.9955541039737338,0.9946849604545128,0.9955158214006441,0.9958044095702265
5,4,1.1754164041227595,0.647,5000,1.5997200078434415,0.5738295318127251,833,1.6194191496973982,0.5718,0.9976729929321791,0.08331524009294976,,,0.98,,0.9800166246218381,0.01998337537816186,0.998311322169491,0.09977333453093154,5,0.001,0.1,0.9951712027103976,0.9948677788450895,0.9955245111898898,0.9956173180269953,1.0,0.9943466535675192,0.9952100984744152,0.9946338496744218,0.9951213586790281,0.9951481119010741,0.9943630373571372,0.9949369352675064
5,5,1.165967930350334,0.64824,5000,1.607819186316596,0.553421368547419,833,1.6194191496973982,0.5718,0.9973346465953362,0.08331017719225688,,,0.98,,0.9800166246218381,0.01998337537816186,0.998311322169491,0.09977333453093154,5,0.001,0.1,0.9950707577144052,0.9946041226397374,0.9946737261599153,0.9949874384114866,0.9943466535675192,1.0,0.9944105542307551,0.995127122702976,0.994479069657592,0.9949924093145004,0.9935678733847947,0.9946296676173136
5,6,1.175780257753506,0.64304,5000,1.6353536181979709,0.56062424969988,833,1.6194191496973982,0.5718,0.997723039148877,0.0833373632447845,,,0.98,,0.9800166246218381,0.01998337537816186,0.998311322169491,0.09977333453093154,5,0.001,0.1,0.9953724681846164,0.9945914096567313,0.9951854162058262,0.9956913046594773,0.9952100984744152,0.9944105542307551,1.0,0.9952784199385739,0.9949584484270229,0.9944585322845606,0.9954597955763824,0.9949221721916959
5,7,1.1618785486099825,0.65672,5000,1.6305364546952423,0.5666266506602641,833,1.6194191496973982,0.5718,0.9977443616434438,0.08333071136291266,,,0.98,,0.9800166246218381,0.01998337537816186,0.998311322169491,0.09977333453093154,5,0.001,0.1,0.9952700034449904,0.9949632302577973,0.9941253045557722,0.9956027739410085,0.9946338496744218,0.995127122702976,0.9952784199385739,1.0,0.9951907629562811,0.9956187960231165,0.9950926901838146,0.9948912376952993
5,8,1.162987201912388,0.65084,5000,1.6430137024985418,0.56062424969988,833,1.6194191496973982,0.5718,0.9977503865485942,0.08333094249752984,,,0.98,,0.9800166246218381,0.01998337537816186,0.998311322169491,0.09977333453093154,5,0.001,0.1,0.994332726613708,0.9953061991177863,0.9947310466750136,0.9955541039737338,0.9951213586790281,0.994479069657592,0.9949584484270229,0.9951907629562811,1.0,0.9955639358452443,0.9953863618986807,0.9952424334901999
5,9,1.1645467216042196,0.64876,5000,1.6331753554167572,0.5570228091236494,833,1.6194191496973982,0.5718,0.9977954538392975,0.08334739692335315,,,0.98,,0.9800166246218381,0.01998337537816186,0.998311322169491,0.09977333453093154,5,0.001,0.1,0.9941848438599917,0.9959379853586552,0.9953117318297117,0.9946849604545128,0.9951481119010741,0.9949924093145004,0.9944585322845606,0.9956187960231165,0.9955639358452443,1.0,0.9949463834045191,0.9955572379852712
5,10,1.1938578889628124,0.63264,5000,1.5969238766917475,0.6038415366146459,833,1.6194191496973982,0.5718,0.9975955224564076,0.0833156054641416,,,0.98,,0.9800166246218381,0.01998337537816186,0.998311322169491,0.09977333453093154,5,0.001,0.1,0.9949370248575468,0.9947841117941825,0.9948380580618451,0.9955158214006441,0.9943630373571372,0.9935678733847947,0.9954597955763824,0.9950926901838146,0.9953863618986807,0.9949463834045191,1.0,0.9951217880463793
5,11,1.1716283763290212,0.64316,5000,1.60899990134769,0.5918367346938775,833,1.6194191496973982,0.5718,0.9978813758329091,0.08334399466864872,,,0.98,,0.9800166246218381,0.01998337537816186,0.998311322169491,0.09977333453093154,5,0.001,0.1,0.9954916538178101,0.9952487509647281,0.9955874032409683,0.9958044095702265,0.9949369352675064,0.9946296676173136,0.9949221721916959,0.9948912376952993,0.9952424334901999,0.9955572379852712,0.9951217880463793,1.0
6,0,1.0999304589192578,0.66132,5000,1.4668620780662254,0.5935251798561151,834,1.4715237945032578,0.6072,0.9973667688483545,0.08334124285540818,,,0.98,,0.9800166246218381,0.01998337537816186,0.9981316446863973,0.09971695398041461,5,0.001,0.1,1.0,0.9938319076560732,0.9940677780517876,0.9955300351086657,0.993737116666207,0.9936784749118208,0.9940490901995478,0.994611887090186,0.9934568262594216,0.9934051456630968,0.9937273984322437,0.9944301480833913
6,1,1.0690458263561224,0.67296,5000,1.476953422581708,0.6115107913669064,834,1.4715237945032578,0.6072,0.9971779715090252,0.08333644815791726,,,0.98,,0.9800166246218381,0.01998337537816186,0.9981316446863973,0.09971695398041461,5,0.001,0.1,0.9938319076560732,1.0,0.9940948862954092,0.9940981170388816,0.9930681855860392,0.9931439000123798,0.9931725786644087,0.9945238407254294,0.9942772423853767,0.9949478516896562,0.9932399373275275,0.9938680032283255
6,2,1.1085934926749794,0.6564,5000,1.4485704059954043,0.6258992805755396,834,1.4715237945032578,0.6072,0.9974182590468782,0.0833415020635004,,,0.98,,0.9800166246218381,0.01998337537816186,0.9981316446863973,0.09971695398041461,5,0.001,0.1,0.9940677780517876,0.9940948862954092,1.0,0.9951957050331145,0.9938766577212622,0.9935115733654666,0.9940429127425985,0.9937882367889046,0.9938658367481549,0.9943945104813612,0.994067829848914,0.9942361748283612
6,3,1.1073292050392005,0.65524,5000,1.4622855186462402,0.6223021582733813,834,1.4715237945032578,0.6072,0.997694025509528,0.08336736032994681,,,0.98,,0.9800166246218381,0.01998337537816186,0.9981316446863973,0.09971695398041461,5,0.001,0.1,0.9955300351086657,0.9940981170388816,0.9951957050331145,1.0,0.9938837560394097,0.9934371959535736,0.9940564347152998,0.9949177551271691,0.9948190159853757,0.9939372974730324,0.9938160874942482,0.9947488971729942
6,4,1.103608295340447,0.66592,5000,1.4475639087182504,0.6086434573829532,833,1.4715237945032578,0.6072,0.996679806361812,0.08330641399905263,,,0.98,,0.9800166246218381,0.01998337537816186,0.9981316446863973,0.09971695398041461,5,0.001,0.1,0.993737116666207,0.9930681855860392,0.9938766577212622,0.9938837560394097,1.0,0.9928158614432128,0.9933533817858166,0.9932549259261297,0.9936743119767563,0.993490090589834,0.9925095778339167,0.9926435796143845
6,5,1.0905354793663997,0.6656,5000,1.458775246584857,0.5822328931572629,833,1.4715237945032578,0.6072,0.9966231559329286,0.08330147808976086,,,0.98,,0.9800166246218381,0.01998337537816186,0.9981316446863973,0.09971695398041461,5,0.001,0.1,0.9936784749118208,0.9931439000123798,0.9935115733654666,0.9934371959535736,0.9928158614432128,1.0,0.9928286276551386,0.9940178337799059,0.9932510719064953,0.9936858016200117,0.9917932681239474,0.9934662855642595
6,6,1.1028630359157636,0.65904,5000,1.4874090574405812,0.5882352941176471,833,1.4715237945032578,0.6072,0.9968394168522013,0.08332514259530467,,,0.98,,0.9800166246218381,0.01998337537816186,0.9981316446863973,0.09971695398041461,5,0.001,0.1,0.9940490901995478,0.9931725786644087,0.9940429127425985,0.9940564347152998,0.9933533817858166,0.9928286276551386,1.0,0.9933504142950748,0.9927656505324561,0.9929062194518435,0.994473473359511,0.9932171518152352
6,7,1.086725127241414,0.67324,5000,1.4869009168059737,0.6074429771908764,833,1.4715237945032578,0.6072,0.9974447830083264,0.0833406105231095,,,0.98,,0.9800166246218381,0.01998337537816186,0.9981316446863973,0.09971695398041461,5,0.001,0.1,0.994611887090186,0.9945238407254294,0.9937882367889046,0.9949177551271691,0.9932549259261297,0.9940178337799059,0.9933504142950748,1.0,0.9939919127678121,0.9951874535161371,0.9932776846769156,0.9945375107484398
6,8,1.0879399425664524,0.66712,5000,1.499917224601463,0.6014405762304922,833,1.4715237945032578,0.6072,0.99721738090767,0.08333340874413542,,,0.98,,0.9800166246218381,0.01998337537816186,0.9981316446863973,0.09971695398041461,5,0.001,0.1,0.9934568262594216,0.9942772423853767,0.9938658367481549,0.9948190159853757,0.9936743119767563,0.9932510719064953,0.9927656505324561,0.9939919127678121,1.0,0.9946058402719349,0.9933794013370175,0.9946513199329521
6,9,1.0901816719656536,0.66608,5000,1.484833867461593,0.5978391356542617,833,1.4715237945032578,0.6072,0.9974281715812073,0.08335031193360645,,,0.98,,0.9800166246218381,0.01998337537816186,0.9981316446863973,0.09971695398041461,5,0.001,0.1,0.9934051456630968,0.9949478516896562,0.9943945104813612,0.9939372974730324,0.993490090589834,0.9936858016200117,0.9929062194518435,0.9951874535161371,0.9946058402719349,1.0,0.9941913652190586,0.99450867762138
6,10,1.1222202246356163,0.64908,5000,1.4437903739787914,0.6302521008403361,833,1.4715237945032578,0.6072,0.9968290889774452,0.08331145903197554,,,0.98,,0.9800166246218381,0.01998337537816186,0.9981316446863973,0.09971695398041461,5,0.001,0.1,0.9937273984322437,0.9932399373275275,0.994067829848914,0.9938160874942482,0.9925095778339167,0.9917932681239474,0.994473473359511,0.9932776846769156,0.9933794013370175,0.9941913652190586,1.0,0.9936171336746832
6,11,1.095737568284296,0.65956,5000,1.4618510449374165,0.617046818727491,833,1.4715237945032578,0.6072,0.9973166097106392,0.08334462167628232,,,0.98,,0.9800166246218381,0.01998337537816186,0.9981316446863973,0.09971695398041461,5,0.001,0.1,0.9944301480833913,0.9938680032283255,0.9942361748283612,0.9947488971729942,0.9926435796143845,0.9934662855642595,0.9932171518152352,0.9945375107484398,0.9946513199329521,0.99450867762138,0.9936171336746832,1.0
7,0,1.0370089234819837,0.67144,5000,1.3279982716948897,0.6199040767386091,834,1.3324397528133454,0.63,0.9967032587629364,0.08334548026791487,,,0.98,,0.9800166246218381,0.01998337537816186,0.9979975915171853,0.09964775143109235,5,0.001,0.1,1.0,0.9922829850169731,0.9921619037853785,0.9939632449333782,0.9924699543504973,0.9920222033058734,0.9932991242111036,0.9932339353830981,0.9920135168001851,0.9915023074905236,0.9930341683707293,0.9923246895897021
7,1,1.0041435351037675,0.68644,5000,1.3389021688037448,0.6366906474820144,834,1.3324397528133454,0.63,0.9964312907015981,0.08333375242760084,,,0.98,,0.9800166246218381,0.01998337537816186,0.9979975915171853,0.09964775143109235,5,0.001,0.1,0.9922829850169731,1.0,0.992122442359968,0.9922011507901908,0.9917156583610475,0.9917019406790565,0.9920209678037125,0.992806432124859,0.9929335196515336,0.9933329872685849,0.9921327329009124,0.9918052688770685
