round,client_id,client_i_training_loss,client_i_training_accuracy,client_i_training_dataset_size,client_i_evaluation_loss,client_i_evaluation_accuracy,client_i_evaluation_dataset_size,client_i_central_evaluation_loss,client_i_central_evaluation_accuracy,client_i_cosine_similarity,client_i_importance_coefficient,client_i_tanh_val,tanh_normalization_value,client_i_q,client_i_mask_order,client_i_v_nonzero_fraction,client_i_v_sparsity,client_i_v_cosine_similarity,client_i_reward_gradient_norm,local_epochs,learning_rate,gamma,client_0_cosine_similarity,client_1_cosine_similarity,client_2_cosine_similarity,client_3_cosine_similarity,client_4_cosine_similarity,client_5_cosine_similarity,client_6_cosine_similarity,client_7_cosine_similarity,client_8_cosine_similarity,client_9_cosine_similarity,client_10_cosine_similarity,client_11_cosine_similarity
0,0,0.3549692269770583,0.8882,5000,2.2051799297332764,0.3764988009592326,834,2.2047948989624415,0.3816,0.782232062188217,0.08251570873939598,,,0.7,,0.7,0.30000000000000004,0,0.39420274338720485,5,0.1,0.5,1.0,0.587923666612304,0.5863923945086873,0.5845154396942993,0.5889299972864898,0.5882676662205775,0.5860611873663079,0.5869201994679469,0.5684594228833045,0.572704514663688,0.5826010712511303,0.5826245919922
0,1,0.3436811845067438,0.89348,5000,2.2017698729479753,0.3932853717026379,834,2.204650459959865,0.3812,0.7845086298185447,0.0827558581791724,,,0.7393224650239145,,0.7393303549018624,0.2606696450981376,0,0.3945079574741696,5,0.1,0.5,0.587923666612304,1.0,0.5846561175733059,0.5907901268803101,0.5723209927073932,0.5856807169125593,0.5951242069753653,0.5835387280833846,0.596686748260465,0.5735022816697423,0.5767506085808112,0.5900073541917747
0,2,0.3499122231457216,0.8908,5000,2.2054085466596813,0.3764988009592326,834,2.2045382699265645,0.3815,0.7938011751178529,0.0837361055998935,,,0.8998297930941963,,0.8998393654937001,0.10016063450629986,0,0.3949694712843335,5,0.1,0.5,0.5863923945086873,0.5846561175733059,1.0,0.5982457049147453,0.5776247761591535,0.6045914406856098,0.6086245958368377,0.5884125733627409,0.587284326048971,0.6049055382757836,0.5838897214242669,0.6004457905309687
0,3,0.3473205518796091,0.892,5000,2.211122574629607,0.3800959232613909,834,2.2045382699265645,0.3815,0.793777653827754,0.08373362439768155,,,0.8994235169551069,,0.8994277395713066,0.10057226042869338,0,0.39496914640442843,5,0.1,0.5,0.5845154396942993,0.5907901268803101,0.5982457049147453,1.0,0.5829746416652596,0.586621654310258,0.600507710103937,0.6027713755596479,0.579989152397998,0.5997173074948599,0.5942037168363238,0.6045131738899794
0,4,0.32608549990661584,0.8966,5000,2.2005676251870616,0.39255702280912363,833,2.20469626603416,0.3813,0.7839269677259295,0.0826945000961443,,,0.729275591393674,,0.7292906982581195,0.27070930174188046,0,0.39444024918806986,5,0.1,0.5,0.5889299972864898,0.5723209927073932,0.5776247761591535,0.5829746416652596,1.0,0.592809505292449,0.5912712412104946,0.5829255895496849,0.585294070484881,0.5834502500452586,0.5850207602755712,0.5888456878919206
0,5,0.3545493532888662,0.88632,5000,2.20664526798107,0.37214885954381755,833,2.2045442562895463,0.3815,0.7927536376057344,0.08362560348112104,,,0.8817359940641254,,0.8817529240499975,0.1182470759500025,0,0.39495397579106334,5,0.1,0.5,0.5882676662205775,0.5856807169125593,0.6045914406856098,0.586621654310258,0.592809505292449,1.0,0.596788840200133,0.5869684148862165,0.6022615303571617,0.5838765778201302,0.5887475938144824,0.598528597973182
0,6,0.3351418891518264,0.89656,5000,2.205036896246451,0.3817527010804322,833,2.2045302208239277,0.3817,0.7943300292825515,0.0837918931063501,,,0.9089645313365733,,0.908975453039506,0.091024546960494,0,0.39497520552510473,5,0.1,0.5,0.5860611873663079,0.5951242069753653,0.6086245958368377,0.600507710103937,0.5912712412104946,0.596788840200133,1.0,0.5931722079712602,0.5828147493884036,0.589656196890776,0.5849731299569929,0.6010923426832143
0,7,0.3515917887021402,0.8914,5000,2.2065593048378274,0.3949579831932773,833,2.204545529124836,0.3812,0.792510585176259,0.08359996448669924,,,0.8775378228656486,,0.8775513277445911,0.1224486722554089,0,0.39494971142069646,5,0.1,0.5,0.5869201994679469,0.5835387280833846,0.5884125733627409,0.6027713755596479,0.5829255895496849,0.5869684148862165,0.5931722079712602,1.0,0.5902862533532234,0.6012660721370275,0.5977092317927896,0.5988678022083368
0,8,0.34909193744337197,0.89296,5000,2.207380630351879,0.3877551020408163,833,2.204628567345226,0.3811,0.7850311046376937,0.08281097274438207,,,0.7483470147575432,,0.7483560062245871,0.2516439937754129,0,0.3945637842839726,5,0.1,0.5,0.5684594228833045,0.596686748260465,0.587284326048971,0.579989152397998,0.585294070484881,0.6022615303571617,0.5828147493884036,0.5902862533532234,1.0,0.5770484058330922,0.5671636210915406,0.6046462194872375
0,9,0.3445854818033185,0.89248,5000,2.2056094805399575,0.3469387755102041,833,2.204535603142394,0.3815,0.7914321801018891,0.0834862062257928,,,0.8589108577565919,,0.8589227448421264,0.14107725515787362,0,0.3949262976410049,5,0.1,0.5,0.572704514663688,0.5735022816697423,0.6049055382757836,0.5997173074948599,0.5834502500452586,0.5838765778201302,0.589656196890776,0.6012660721370275,0.5770484058330922,1.0,0.6030076392434209,0.6134806066070368
0,10,0.35327903058640897,0.88688,5000,2.1955278096375643,0.39255702280912363,833,2.2046174782152756,0.3814,0.7864701258755803,0.08296277150471809,,,0.7732027939321447,,0.7732192159028162,0.22678078409718383,0,0.3946922564796798,5,0.1,0.5,0.5826010712511303,0.5767506085808112,0.5838897214242669,0.5942037168363238,0.5850207602755712,0.5887475938144824,0.5849731299569929,0.5977092317927896,0.5671636210915406,0.6030076392434209,1.0,0.5915090342689651
0,11,0.3534556849224932,0.88984,5000,2.199054144046925,0.38895558223289317,833,2.2045272173592076,0.3817,0.7990215643728011,0.08428679143864905,,,0.9899999998362583,,0.9900005019828322,0.009999498017167818,0,0.3949914774011205,5,0.1,0.5,0.5826245919922,0.5900073541917747,0.6004457905309687,0.6045131738899794,0.5888456878919206,0.598528597973182,0.6010923426832143,0.5988678022083368,0.6046462194872375,0.6134806066070368,0.5915090342689651,1.0
1,0,0.31392934256630717,0.90292,5000,2.0460885100894504,0.6690647482014388,834,2.0475983375939317,0.6497,0.8133426493392708,0.08286173045954738,,,0.75876097436007,,0.7587721499924702,0.24122785000752978,0.959190944857624,0.4052687673008548,5,0.1,0.5,1.0,0.6114654291013215,0.6349306979770521,0.6289472921140812,0.6252464673266392,0.635022401598543,0.6343843465160687,0.6328895417498804,0.6333790850154759,0.6305231190460787,0.6311789052764291,0.624608894209894
1,1,0.29662133371754057,0.91088,5000,2.0434596406088934,0.6726618705035972,834,2.047734950678036,0.6488,0.8004222875375744,0.08257089562924264,,,0.7,,0.7,0.30000000000000004,0.9591614843320976,0.40482944428464007,5,0.1,0.5,0.6114654291013215,1.0,0.6187386712372077,0.6229721630263129,0.6111732688963117,0.6216173259722015,0.6251720823374994,0.6110615261062157,0.621326156219757,0.6164370616703766,0.6105666532208031,0.6251464554923233
1,2,0.3041788774880634,0.9056,5000,2.05201397118745,0.6474820143884892,834,2.0471450417948227,0.6498,0.8152030195190506,0.08373337691402898,,,0.9348705376787769,,0.9348777671803624,0.06512223281963758,0.9612975876534179,0.4056799183973919,5,0.1,0.5,0.6349306979770521,0.6187386712372077,1.0,0.6265467302969246,0.6253678882634591,0.6409479279120981,0.636466829990561,0.635928160674855,0.6273797768971114,0.6303971699380189,0.6233641471650972,0.6351039744723943
1,3,0.30421314656520915,0.90736,5000,2.052076149869848,0.6714628297362111,834,2.047134532715185,0.65,0.8082831953977219,0.08349093225801617,,,0.8858864314739702,,0.8858993022438633,0.11410069775613674,0.9612491212596977,0.4056498632951445,5,0.1,0.5,0.6289472921140812,0.6229721630263129,0.6265467302969246,1.0,0.6227785113019491,0.6233779660153759,0.6202790597318624,0.6195025147332218,0.6277064564637007,0.6223408178890051,0.6257449093759422,0.6278760953178039
1,4,0.28467331803374135,0.91124,5000,2.0440945581153587,0.6566626650660264,833,2.0474929931445622,0.6495,0.8089327429341268,0.08282648340411823,,,0.7516395738105897,,0.7516590532603785,0.24834094673962148,0.9596544107320938,0.40522744337298866,5,0.1,0.5,0.6252464673266392,0.6111732688963117,0.6253678882634591,0.6227785113019491,1.0,0.6333391785221161,0.622716530934598,0.62716004316515,0.6277506344405471,0.6297201996494637,0.6220795804770886,0.6315118990506529
1,5,0.30823409991564266,0.90676,5000,2.0486251998830727,0.6290516206482593,833,2.047144378716953,0.6497,0.8171479798251424,0.08372799766031024,,,0.9337837002132918,,0.93379850409116,0.06620149590883995,0.9612536375833962,0.4056795993495488,5,0.1,0.5,0.635022401598543,0.6216173259722015,0.6409479279120981,0.6233779660153759,0.6333391785221161,1.0,0.6376961751419081,0.6325445086319642,0.6292013522350269,0.6330713974564187,0.6322706582783245,0.6356374995147542
1,6,0.29760290008678936,0.90776,5000,2.048722161187066,0.6638655462184874,833,2.04713712789761,0.6498,0.8146665179548617,0.08375159292351035,,,0.9385509444063904,,0.938567340996938,0.06143265900306205,0.9613176773888473,0.4056810128276503,5,0.1,0.5,0.6343843465160687,0.6251720823374994,0.636466829990561,0.6202790597318624,0.622716530934598,0.6376961751419081,1.0,0.6354672456481001,0.634571583113379,0.6314872511833327,0.6267587711321035,0.6249414177987417
1,7,0.30883267420421173,0.90664,5000,2.051713577023259,0.6470588235294118,833,2.0471328378866276,0.6498,0.8131841215902862,0.08357310659244839,,,0.9024891332671771,,0.9025048943326138,0.09749510566738617,0.9612224591694488,0.4056638069270314,5,0.1,0.5,0.6328895417498804,0.6110615261062157,0.635928160674855,0.6195025147332218,0.62716004316515,0.6325445086319642,0.6354672456481001,1.0,0.6234734750311238,0.6347011234985308,0.6292774770807723,0.634118704320927
1,8,0.3107927090102795,0.90452,5000,2.051825823607268,0.6206482593037215,833,2.0473690425245143,0.6494,0.8104853952610623,0.08295752428829559,,,0.7781153918107862,,0.7781286080016063,0.22187139199839367,0.9599712334916727,0.4053681964699616,5,0.1,0.5,0.6333790850154759,0.621326156219757,0.6273797768971114,0.6277064564637007,0.6277506344405471,0.6292013522350269,0.634571583113379,0.6234734750311238,1.0,0.6272910571143833,0.6203222549658937,0.6212315369648449
1,9,0.30575283713858264,0.9048,5000,2.0486186654479415,0.6434573829531812,833,2.047128394008064,0.6497,0.8136484084928205,0.0835140482260121,,,0.8905568377017737,,0.8905777822398474,0.1094222177601526,0.9611434905709632,0.4056543997518402,5,0.1,0.5,0.6305231190460787,0.6164370616703766,0.6303971699380189,0.6223408178890051,0.6297201996494637,0.6330713974564187,0.6314872511833327,0.6347011234985308,0.6272910571143833,1.0,0.6347504333880659,0.6305794368109667
1,10,0.30970709273757735,0.9052,5000,2.041285108636927,0.6446578631452581,833,2.0473175631544462,0.6496,0.8084216298076644,0.08298607390852916,,,0.783883626312744,,0.7838913709151147,0.21610862908488526,0.960321168936775,0.40539339404242597,5,0.1,0.5,0.6311789052764291,0.6105666532208031,0.6233641471650972,0.6257449093759422,0.6220795804770886,0.6322706582783245,0.6267587711321035,0.6292774770807723,0.6203222549658937,0.6347504333880659,1.0,0.6164777262642985
1,11,0.30628298440604074,0.90524,5000,2.0421841541926065,0.6350540216086434,833,2.0471446049480013,0.6498,0.8125810041906152,0.08400623773594072,,,0.9899999997979576,,0.9900005019828322,0.009999498017167818,0.9613705162415508,0.40568659948148167,5,0.1,0.5,0.624608894209894,0.6251464554923233,0.6351039744723943,0.6278760953178039,0.6315118990506529,0.6356374995147542,0.6249414177987417,0.634118704320927,0.6212315369648449,0.6305794368109667,0.6164777262642985,1.0
2,0,0.2805149790857604,0.91452,5000,1.845281472912541,0.8537170263788969,834,1.8493051125218694,0.8321,0.8111132822440983,0.08299233210104358,,,0.99,,0.9900005019828322,0.009999498017167818,0.9679858884219458,0.405974851592623,5,0.1,0.5,1.0,0.6306975763562903,0.6264751128927241,0.6176812832946167,0.6225698560880297,0.630715840499163,0.6284094734108677,0.6293530856321148,0.6352836737158932,0.6346060488726534,0.6286190704550674,0.6207720651522085
2,1,0.2718537274748087,0.91816,5000,1.8446465730667114,0.8477218225419664,834,1.8494849441150507,0.8321,0.8097899040980915,0.08275404340185571,,,0.99,,0.9900005019828322,0.009999498017167818,0.9667249124595958,0.405974851592623,5,0.1,0.5,0.6306975763562903,1.0,0.6285325585085214,0.6221880740095337,0.6316253833243645,0.6256673505966708,0.6275490525523009,0.6203439383167444,0.6312032644275931,0.6243306554591654,0.6308728301177068,0.6206719803493842
2,2,0.2771853153765866,0.91868,5000,1.8570821241096214,0.8393285371702638,834,1.848762791758528,0.832,0.812373707606055,0.08361235879954218,,,0.99,,0.9900005019828322,0.009999498017167818,0.9689821241000465,0.405974851592623,5,0.1,0.5,0.6264751128927241,0.6285325585085214,1.0,0.6290063275648106,0.6298011526641549,0.6401748394393599,0.6240421216548896,0.6219730151128835,0.6318634097969074,0.6279919546812267,0.6314934094999001,0.6222034648662811
2,3,0.277496103095306,0.91868,5000,1.8521227615850944,0.829736211031175,834,1.8487313863949273,0.8318,0.8069408847174094,0.08326308721046251,,,0.99,,0.9900005019828322,0.009999498017167818,0.96891862898108,0.405974851592623,5,0.1,0.5,0.6176812832946167,0.6221880740095337,0.6290063275648106,1.0,0.6295231311523338,0.6226261996486677,0.6194728474360857,0.6096002265763969,0.6280427172354723,0.6297300923666707,0.6334254280936634,0.6204396853152421
2,4,0.2569906217853574,0.92264,5000,1.8449921563819602,0.8379351740696278,833,1.8491612086280846,0.8317,0.8141583606960562,0.08307497298746673,,,0.99,,0.9900005019828322,0.009999498017167818,0.9678607900761845,0.405974851592623,5,0.1,0.5,0.6225698560880297,0.6316253833243645,0.6298011526641549,0.6295231311523338,1.0,0.6353008988756206,0.6308303288160838,0.6307849728562529,0.6314146683425383,0.6298051436155375,0.6390486787059857,0.6242484249462812
2,5,0.2749359159475299,0.91796,5000,1.8501029676861234,0.8211284513805522,833,1.848754519471726,0.8319,0.8147098755614576,0.08369007953019283,,,0.99,,0.9900005019828322,0.009999498017167818,0.9689783473082203,0.405974851592623,5,0.1,0.5,0.630715840499163,0.6256673505966708,0.6401748394393599,0.6226261996486677,0.6353008988756206,1.0,0.6299130914369075,0.6263997480548611,0.6345865608345597,0.6442504273960729,0.6312583757333787,0.615480895127201
2,6,0.2634968010880717,0.92084,5000,1.852556166825471,0.8307322929171669,833,1.8487574086783412,0.8321,0.8120147178267483,0.08361191050269504,,,0.99,,0.9900005019828322,0.009999498017167818,0.9689859078392311,0.405974851592623,5,0.1,0.5,0.6284094734108677,0.6275490525523009,0.6240421216548896,0.6194728474360857,0.6308303288160838,0.6299130914369075,1.0,0.6277785424204967,0.6325148859844373,0.6324673272609019,0.6339688984309787,0.623085390618058
2,7,0.2761112967221315,0.91692,5000,1.8550051759790491,0.8319327731092437,833,1.8487229019689102,0.8319,0.8094442405135825,0.08340449917693536,,,0.99,,0.9900005019828322,0.009999498017167818,0.968938371724589,0.405974851592623,5,0.1,0.5,0.6293530856321148,0.6203439383167444,0.6219730151128835,0.6096002265763969,0.6307849728562529,0.6263997480548611,0.6277785424204967,1.0,0.6329232071719761,0.6374220379112305,0.6298980597037576,0.6192963311903037
2,8,0.26979477432775933,0.9178,5000,1.8553981118732028,0.8283313325330132,833,1.8490427896237602,0.8318,0.8148189258691995,0.08318457505998839,,,0.99,,0.9900005019828322,0.009999498017167818,0.9682250213781036,0.405974851592623,5,0.1,0.5,0.6352836737158932,0.6312032644275931,0.6318634097969074,0.6280427172354723,0.6314146683425383,0.6345865608345597,0.6325148859844373,0.6329232071719761,1.0,0.633081980908179,0.6253233018625269,0.6245545101890523
2,9,0.26864968804571376,0.91848,5000,1.8515065908432007,0.8415366146458584,833,1.8487221840471506,0.8316,0.8174821687884761,0.0836451042085352,,,0.99,,0.9900005019828322,0.009999498017167818,0.9689262086922564,0.405974851592623,5,0.1,0.5,0.6346060488726534,0.6243306554591654,0.6279919546812267,0.6297300923666707,0.6298051436155375,0.6442504273960729,0.6324673272609019,0.6374220379112305,0.633081980908179,1.0,0.637145618658996,0.6333184358970204
2,10,0.27774651672003,0.9146,5000,1.8466889637487907,0.8091236494597839,833,1.8489719918741585,0.832,0.8150428119145976,0.08321123604749894,,,0.99,,0.9900005019828322,0.009999498017167818,0.968270722793182,0.405974851592623,5,0.1,0.5,0.6286190704550674,0.6308728301177068,0.6314934094999001,0.6334254280936634,0.6390486787059857,0.6312583757333787,0.6339688984309787,0.6298980597037576,0.6253233018625269,0.637145618658996,1.0,0.6218192829043572
2,11,0.27771705343999015,0.91488,5000,1.8451686479427196,0.8151260504201681,833,1.8487717465470774,0.8322,0.8055636848078763,0.08355580097378344,,,0.99,,0.9900005019828322,0.009999498017167818,0.9690099254243044,0.405974851592623,5,0.1,0.5,0.6207720651522085,0.6206719803493842,0.6222034648662811,0.6204396853152421,0.6242484249462812,0.615480895127201,0.623085390618058,0.6192963311903037,0.6245545101890523,0.6333184358970204,0.6218192829043572,1.0
3,0,0.2611327418701569,0.92324,5000,1.6130753049144038,0.919664268585132,834,1.6207797489227198,0.9005,0.7964000934509055,0.08272802914422835,,,0.7,,0.7,0.30000000000000004,0.9690672705368668,0.4026740508251026,5,0.1,0.5,1.0,0.6095184508717937,0.6086563119408716,0.6022853776456265,0.6049028155353484,0.6147703759530436,0.6189495755799086,0.6125747802644173,0.6088828769160477,0.6137133920176233,0.6067292813033774,0.6156881008138755
3,1,0.24370421253998947,0.92712,5000,1.615734616915385,0.8980815347721822,834,1.6208336162871826,0.9001,0.8050427773572724,0.08287147869225607,,,0.7401300491188738,,0.7401536067466493,0.2598463932533507,0.9699682311461472,0.4030396233472554,5,0.1,0.5,0.6095184508717937,1.0,0.6216919309967598,0.616129321800538,0.6195517675046852,0.6206960180442322,0.622071508177582,0.6147841460367478,0.6164598416485909,0.6256470881858224,0.6110780706599409,0.6238156833856774
3,2,0.2520484415381245,0.926,5000,1.6304097131446555,0.9016786570743405,834,1.61933011787768,0.9004,0.8097839741772143,0.08360522133260917,,,0.9453947474244497,,0.9454093669996486,0.054590633000351385,0.9713266133864417,0.403644136634641,5,0.1,0.5,0.6086563119408716,0.6216919309967598,1.0,0.6214934437610166,0.618370652800153,0.636013731936927,0.6239397037831313,0.6272545215219312,0.6149268972528656,0.6244362789341997,0.6218555092969316,0.6247689595081062
3,3,0.24981982321567406,0.92676,5000,1.6218677405957822,0.9136690647482014,834,1.6194883177455621,0.9001,0.8033343240107975,0.08314906994015335,,,0.8177862743649398,,0.8178003112293559,0.18219968877064407,0.9709462420073163,0.4034522071704819,5,0.1,0.5,0.6022853776456265,0.616129321800538,0.6214934437610166,1.0,0.6141503046463133,0.6224630065570168,0.612124246495791,0.6186293082520468,0.6123391936139839,0.6221025383991438,0.6235007941762957,0.6173487616741459
3,4,0.2324537118256187,0.92988,5000,1.6153741015328302,0.907563025210084,833,1.6200196343108106,0.9002,0.8070518612679795,0.08315406749583627,,,0.8191843418931222,,0.8192008433311581,0.18079915666884194,0.9709658009352736,0.4034571916886343,5,0.1,0.5,0.6049028155353484,0.6195517675046852,0.618370652800153,0.6141503046463133,1.0,0.6235755595779743,0.6229525394224001,0.6231696751904555,0.6249888333937578,0.6247009605195202,0.6209423502467051,0.6221421873999624
3,5,0.25169277436909665,0.92428,5000,1.619052286501284,0.8967587034813925,833,1.619317347249284,0.9003,0.8128813956224673,0.08376466801712583,,,0.9899999997202498,,0.9900005019828322,0.009999498017167818,0.9713323833141544,0.40364889679448535,5,0.1,0.5,0.6147703759530436,0.6206960180442322,0.636013731936927,0.6224630065570168,0.6235755595779743,1.0,0.6284078154300525,0.6254537355881943,0.623424606441725,0.6314249192493042,0.6240131603436432,0.6228510128086212
3,6,0.23906584864683972,0.92792,5000,1.6256180030328256,0.8991596638655462,833,1.6193206710175585,0.9004,0.8114996690558288,0.08366473092759484,,,0.9620425724099821,,0.962060137543296,0.037939862456704,0.9713294643570054,0.4036474296554739,5,0.1,0.5,0.6189495755799086,0.622071508177582,0.6239397037831313,0.612124246495791,0.6229525394224001,0.6284078154300525,1.0,0.6248725473867779,0.6257242306842548,0.6285306179610972,0.6250002389774139,0.6275446720028223
3,7,0.2523612635969451,0.9244,5000,1.628109538996661,0.907563025210084,833,1.6192811895102357,0.9003,0.8091495690152248,0.08344543921670398,,,0.9006956581087174,,0.9007178354500276,0.09928216454997241,0.971265595147158,0.4036200917736171,5,0.1,0.5,0.6125747802644173,0.6147841460367478,0.6272545215219312,0.6186293082520468,0.6231696751904555,0.6254537355881943,0.6248725473867779,1.0,0.6141328367047444,0.6304353220150314,0.6188509583021687,0.6280196517209505
3,8,0.24928381517529488,0.92416,5000,1.6277195745044284,0.9003601440576231,833,1.6199647550003977,0.9002,0.8039048364624428,0.08311695767138676,,,0.8088028586578871,,0.808819838361528,0.19118016163847196,0.9708748330371346,0.40341968980592136,5,0.1,0.5,0.6088828769160477,0.6164598416485909,0.6149268972528656,0.6123391936139839,0.6249888333937578,0.623424606441725,0.6257242306842548,0.6141328367047444,1.0,0.6175728560446542,0.6169070097272179,0.613156824692024
3,9,0.24568178944028676,0.92364,5000,1.6226544247733221,0.907563025210084,833,1.61926944187274,0.9002,0.8128408053289164,0.0837334654500605,,,0.9812710733054745,,0.9812860800160634,0.018713919983936567,0.971331972791261,0.40364875238348547,5,0.1,0.5,0.6137133920176233,0.6256470881858224,0.6244362789341997,0.6221025383991438,0.6247009605195202,0.6314249192493042,0.6285306179610972,0.6304353220150314,0.6175728560446542,1.0,0.6263525097277,0.628029676452856
3,10,0.24928349533776759,0.92336,5000,1.6215818987952337,0.8895558223289316,833,1.6197130329692706,0.9003,0.8062399471053524,0.0832160139331477,,,0.8365138741657961,,0.83653431052658,0.16346568947342,0.9710630760509869,0.4035106003852888,5,0.1,0.5,0.6067292813033774,0.6110780706599409,0.6218555092969316,0.6235007941762957,0.6209423502467051,0.6240131603436432,0.6250002389774139,0.6188509583021687,0.6169070097272179,0.6263525097277,1.0,0.6156688896116298
3,11,0.25176255881288057,0.92464,5000,1.6172715911158808,0.8667466986794717,833,1.6193483412837069,0.9003,0.8092990337930807,0.08355085817889714,,,0.9301866407506033,,0.9302093268410221,0.06979067315897791,0.9713116107665376,0.40363907277749655,5,0.1,0.5,0.6156881008138755,0.6238156833856774,0.6247689595081062,0.6173487616741459,0.6221421873999624,0.6228510128086212,0.6275446720028223,0.6280196517209505,0.613156824692024,0.628029676452856,0.6156688896116298,1.0
4,0,0.23468922596234995,0.92808,5000,1.3651055583247431,0.9400479616306955,834,1.3771068535673732,0.928,0.7925351612248805,0.08273964596552896,,,0.7,,0.7,0.30000000000000004,0.9686717119372885,0.39803303265301637,5,0.1,0.5,1.0,0.5902832781642329,0.5884298892008409,0.5880848860822291,0.6033427781136372,0.6051605252468328,0.611029443015489,0.5986427988182251,0.6046329848649528,0.5964627511000996,0.6054441916179801,0.6007175030987033
4,1,0.22474862268479293,0.93256,5000,1.3724861851444952,0.9292565947242206,834,1.3769780869681996,0.9275,0.7939236644678448,0.08288361451835904,,,0.741294316168194,,0.7413081672606797,0.2586918327393203,0.9694252941288846,0.3984230148102248,5,0.1,0.5,0.5902832781642329,1.0,0.6006055914961618,0.6007956647159753,0.6019335881909041,0.5996134091746467,0.6042561160818353,0.5973459715649985,0.6084590960327729,0.5989552270563956,0.5950021757377,0.6075801444526232
4,2,0.22556661176346954,0.93332,5000,1.3870814111497667,0.9268585131894485,834,1.3746974624383945,0.9276,0.7952328153558933,0.08341728835960038,,,0.894367302578805,,0.8943727724511822,0.10562722754881781,0.9708406147295104,0.3989736049242531,5,0.1,0.5,0.5884298892008409,0.6006055914961618,1.0,0.6000533607895522,0.6049026840580546,0.6148825103287792,0.5980689652769604,0.5978527829713226,0.5993632424712665,0.6025208964687204,0.603430543626093,0.6036572712906605
4,3,0.23439565956189184,0.93096,5000,1.3762515209339283,0.9328537170263789,834,1.375243158005297,0.9275,0.7916165413949489,0.0829874467954218,,,0.7710763956099013,,0.7710958285226646,0.22890417147733544,0.9699525540826356,0.39862419738462107,5,0.1,0.5,0.5880848860822291,0.6007956647159753,0.6000533607895522,1.0,0.6072334269362498,0.5985201562533011,0.6014789042562786,0.6000022870420021,0.5921806339703443,0.5970821454206776,0.6010568214222467,0.5949375887098124
4,4,0.206930360549788,0.93764,5000,1.3695299360487196,0.9243697478991597,833,1.3755156407341027,0.9275,0.8021711625375043,0.08336012234619515,,,0.8779704479516907,,0.8779780131519502,0.12202198684804977,0.9704685145231082,0.39895608336885885,5,0.1,0.5,0.6033427781136372,0.6019335881909041,0.6049026840580546,0.6072334269362498,1.0,0.6056644779530751,0.6117376456608237,0.6105850610993399,0.6150091444267284,0.6079345541864145,0.6108604950429621,0.6032790426069354
4,5,0.23010559901595115,0.932,5000,1.372071835729811,0.9243697478991597,833,1.3746892225247223,0.9276,0.8017309637014735,0.08375070230823181,,,0.9899999997131712,,0.9900005019828322,0.009999498017167818,0.9709048321655712,0.39900405146277856,5,0.1,0.5,0.6051605252468328,0.5996134091746467,0.6148825103287792,0.5985201562533011,0.6056644779530751,1.0,0.6100137602032045,0.5953367687838917,0.6134686169862112,0.6147899156225285,0.6113096580598207,0.6065494134788655
4,6,0.22017422367041561,0.93484,5000,1.3832885645054005,0.9375750300120048,833,1.3746942731138236,0.9276,0.8013167231631079,0.08366975866185931,,,0.966783036984808,,0.9667988554791426,0.03320114452085743,0.970902448050737,0.3990031654116369,5,0.1,0.5,0.611029443015489,0.6042561160818353,0.5980689652769604,0.6014789042562786,0.6117376456608237,0.6100137602032045,1.0,0.6044989017380696,0.6060791355177452,0.6137971667500719,0.609558135079132,0.6014189137196533
4,7,0.2365422200008183,0.92888,5000,1.3858687303684376,0.9315726290516206,833,1.3746838104991486,0.9275,0.796602738298902,0.08335898987322125,,,0.8776456221746944,,0.8776567441393505,0.12234325586064954,0.9707683785382185,0.3989558818065765,5,0.1,0.5,0.5986427988182251,0.5973459715649985,0.5978527829713226,0.6000022870420021,0.6105850610993399,0.5953367687838917,0.6044989017380696,1.0,0.6020639500909346,0.611004992614623,0.6033654945918047,0.6070594638043332
4,8,0.22574334420785783,0.93484,5000,1.3855937895951447,0.9195678271308524,833,1.3755691192401485,0.9276,0.7996402198637885,0.08324687941867305,,,0.8454891236556226,,0.8455047437377642,0.1544952562622358,0.9703843153801844,0.39890099087896547,5,0.1,0.5,0.6046329848649528,0.6084590960327729,0.5993632424712665,0.5921806339703443,0.6150091444267284,0.6134686169862112,0.6060791355177452,0.6020639500909346,1.0,0.6060758259564416,0.6021080822311788,0.6089826936892058
4,9,0.23037869438030728,0.92992,5000,1.378444128566318,0.9267707082833133,833,1.374629560370034,0.9275,0.8019827458794698,0.0837387668849703,,,0.9865765774999615,,0.9865970583806034,0.013402941619396591,0.9709038399161054,0.3990040130947589,5,0.1,0.5,0.5964627511000996,0.5989552270563956,0.6025208964687204,0.5970821454206776,0.6079345541864145,0.6147899156225285,0.6137971667500719,0.611004992614623,0.6060758259564416,1.0,0.6170713598275921,0.6120832644614252
4,10,0.23347794951716805,0.92896,5000,1.3809500756087127,0.921968787515006,833,1.375209865478662,0.9275,0.8002189975611106,0.08333299528847919,,,0.8701896286268083,,0.8702073189096933,0.12979268109030673,0.9705909558731527,0.39894576868046255,5,0.1,0.5,0.6054441916179801,0.5950021757377,0.603430543626093,0.6010568214222467,0.6108604950429621,0.6113096580598207,0.609558135079132,0.6033654945918047,0.6021080822311788,0.6170713598275921,1.0,0.6041700222747228
4,11,0.2351312297319246,0.92964,5000,1.3747882578108046,0.9111644657863145,833,1.3747230909122066,0.9275,0.7990233336590911,0.0835137895794597,,,0.9220466242442106,,0.9220621454746247,0.07793785452537527,0.970867858118207,0.3989919025760937,5,0.1,0.5,0.6007175030987033,0.6075801444526232,0.6036572712906605,0.5949375887098124,0.6032790426069354,0.6065494134788655,0.6014189137196533,0.6070594638043332,0.6089826936892058,0.6120832644614252,0.6041700222747228,1.0
5,0,0.218849243574841,0.93356,5000,1.1140944140928764,0.9484412470023981,834,1.130957507668212,0.9424,0.7839119754987601,0.08289109357173313,,,0.99,,0.9900005019828322,0.009999498017167818,0.966749034401054,0.39260260637039457,5,0.1,0.5,1.0,0.5749013501398459,0.5747188614629152,0.5792696405061889,0.5854398694035441,0.5792017012477892,0.5852366215144733,0.5730554728835084,0.5832446313769893,0.5851335238833353,0.5793117886156707,0.5897757388856483
5,1,0.20743057645314558,0.93836,5000,1.1285431870707758,0.9412470023980816,834,1.130816079176272,0.9421,0.7816211503792823,0.0829067353582915,,,0.99,,0.9900005019828322,0.009999498017167818,0.9678473274497892,0.39260260637039457,5,0.1,0.5,0.5749013501398459,1.0,0.579837321059127,0.5814376304743961,0.578714608298754,0.5712847365623503,0.5852947999464027,0.5725640516342824,0.5808851595134936,0.5789545140429869,0.5767402799949977,0.5864355381585838
5,2,0.21164256485985816,0.93696,5000,1.1403453129309196,0.9424460431654677,834,1.1284513846753885,0.9421,0.7844298791719166,0.08336230997239327,,,0.99,,0.9900005019828322,0.009999498017167818,0.9692548206362437,0.39260260637039457,5,0.1,0.5,0.5747188614629152,0.579837321059127,1.0,0.5867431705796485,0.5785676220757264,0.5855673143336807,0.5768976804259773,0.5766454688156605,0.5777689597175187,0.5861132226743481,0.5789468651089191,0.5889562349840343
5,3,0.2139418935237132,0.93764,5000,1.1293001130775169,0.9400479616306955,834,1.1290265712113425,0.9424,0.7854104756322734,0.08310946753493781,,,0.99,,0.9900005019828322,0.009999498017167818,0.9683471867382847,0.39260260637039457,5,0.1,0.5,0.5792696405061889,0.5814376304743961,0.5867431705796485,1.0,0.5883421337600973,0.5771796517395461,0.5775381647430372,0.5751813981009394,0.5780096440629927,0.5858466890766848,0.5861233385958682,0.5865470864852323
5,4,0.1942688501267961,0.94192,5000,1.1211936429694846,0.9387755102040817,833,1.1293186535850501,0.9424,0.7857006515917151,0.08336880548484016,,,0.99,,0.9900005019828322,0.009999498017167818,0.9691926238232865,0.39260260637039457,5,0.1,0.5,0.5854398694035441,0.578714608298754,0.5785676220757264,0.5883421337600973,1.0,0.5748304560403651,0.5802703037116184,0.573425457339949,0.5890296771433003,0.5884057965132783,0.5816346808792234,0.5844933454203639
5,5,0.21421101590867636,0.93652,5000,1.1224610341919794,0.943577430972389,833,1.1284476562429921,0.9421,0.7815673147595776,0.08348447764657752,,,0.99,,0.9900005019828322,0.009999498017167818,0.969320405927187,0.39260260637039457,5,0.1,0.5,0.5792017012477892,0.5712847365623503,0.5855673143336807,0.5771796517395461,0.5748304560403651,1.0,0.5740558043287249,0.5734896419409324,0.5830598886162749,0.5805642045733036,0.5824793603728404,0.5804301232528007
5,6,0.19922938704858445,0.94036,5000,1.1401034902643274,0.9483793517406963,833,1.1284572682060754,0.9421,0.7859637443390509,0.08358504967998312,,,0.99,,0.9900005019828322,0.009999498017167818,0.9693195276972818,0.39260260637039457,5,0.1,0.5,0.5852366215144733,0.5852947999464027,0.5768976804259773,0.5775381647430372,0.5802703037116184,0.5740558043287249,1.0,0.57681929481478,0.5845431502842331,0.5880526064864425,0.5875173752457868,0.5878311567978494
5,7,0.2139708645463844,0.93464,5000,1.140793791523686,0.9531812725090036,833,1.128436345833178,0.9421,0.779715157989212,0.08315745785266938,,,0.99,,0.9900005019828322,0.009999498017167818,0.9691918742932488,0.39260260637039457,5,0.1,0.5,0.5730554728835084,0.5725640516342824,0.5766454688156605,0.5751813981009394,0.573425457339949,0.5734896419409324,0.57681929481478,1.0,0.5790827524664036,0.5807175650913542,0.5812962606563145,0.5843582049534647
5,8,0.21342680060132674,0.93664,5000,1.1401672915176109,0.9327731092436975,833,1.12939986310447,0.9423,0.7859805463022855,0.08330295179987521,,,0.99,,0.9900005019828322,0.009999498017167818,0.9690687347506171,0.39260260637039457,5,0.1,0.5,0.5832446313769893,0.5808851595134936,0.5777689597175187,0.5780096440629927,0.5890296771433003,0.5830598886162749,0.5845431502842331,0.5790827524664036,1.0,0.583283529495921,0.579668891818582,0.587685217879289
5,9,0.21083774634571686,0.93728,5000,1.1342328610243622,0.9459783913565426,833,1.1283802152060853,0.9421,0.7900138377130725,0.08377367718353457,,,0.99,,0.9900005019828322,0.009999498017167818,0.9693202763801906,0.39260260637039457,5,0.1,0.5,0.5851335238833353,0.5789545140429869,0.5861132226743481,0.5858466890766848,0.5884057965132783,0.5805642045733036,0.5880526064864425,0.5807175650913542,0.583283529495921,1.0,0.5931412052093226,0.591609200257638
5,10,0.21503776989070472,0.93432,5000,1.13840502721292,0.9339735894357744,833,1.1290080579705895,0.9423,0.7868216583137317,0.08339011235046737,,,0.99,,0.9900005019828322,0.009999498017167818,0.9691745363314079,0.39260260637039457,5,0.1,0.5,0.5793117886156707,0.5767402799949977,0.5789468651089191,0.5861233385958682,0.5816346808792234,0.5824793603728404,0.5875173752457868,0.5812962606563145,0.579668891818582,0.5931412052093226,1.0,0.5868210572743591
5,11,0.20966704269266054,0.93636,5000,1.131379767700478,0.9339735894357744,833,1.1284865125680503,0.9421,0.7912808708462795,0.08366786156469702,,,0.99,,0.9900005019828322,0.009999498017167818,0.9692960308854536,0.39260260637039457,5,0.1,0.5,0.5897757388856483,0.5864355381585838,0.5889562349840343,0.5865470864852323,0.5844933454203639,0.5804301232528007,0.5878311567978494,0.5843582049534647,0.587685217879289,0.591609200257638,0.5868210572743591,1.0
6,0,0.20372424623602706,0.93804,5000,0.8780174321598477,0.9520383693045563,834,0.8990245187244477,0.9489,0.7685137725179062,0.08290034724506677,,,0.99,,0.9900005019828322,0.009999498017167818,0.9678349157644199,0.38617876930625405,5,0.1,0.5,1.0,0.5533030638932468,0.5534601794060672,0.5486195774262294,0.5558053433967947,0.5639498512012682,0.5579596457459811,0.5634862931498761,0.5600274607749135,0.5502611960772034,0.5610003865643328,0.557278831780042
6,1,0.1974717625428679,0.94204,5000,0.8984584035696807,0.947242206235012,834,0.8988923493284768,0.9489,0.7660113227819177,0.08282233538391996,,,0.99,,0.9900005019828322,0.009999498017167818,0.9678349157644199,0.38617876930625405,5,0.1,0.5,0.5533030638932468,1.0,0.5543285968186793,0.5539634636300089,0.5515032398707479,0.5554804771563197,0.5612453748148576,0.5561480280837128,0.5561005176933496,0.5526688976478177,0.5450170386763256,0.5620990476491938
6,2,0.19643700121884133,0.94164,5000,0.905941108862559,0.9496402877697842,834,0.8966222308314266,0.9487,0.7756896665055498,0.08347091767514406,,,0.99,,0.9900005019828322,0.009999498017167818,0.9678349157644199,0.38617876930625405,5,0.1,0.5,0.5534601794060672,0.5543285968186793,1.0,0.5658657994627172,0.556098071878136,0.5764343695314169,0.5613283658909278,0.5668160479689742,0.5609629880320959,0.561914135274499,0.5649291929353238,0.5669203863440838
6,3,0.19684694278036144,0.94324,5000,0.8967937782958701,0.947242206235012,834,0.8971757313694817,0.9491,0.7681220124724127,0.08303326493084741,,,0.99,,0.9900005019828322,0.009999498017167818,0.9678349157644199,0.38617876930625405,5,0.1,0.5,0.5486195774262294,0.5539634636300089,0.5658657994627172,1.0,0.5628728371085208,0.5604980012356658,0.5515442101476594,0.5535719724206747,0.5565338360084814,0.5533119309772648,0.56203711816918,0.5515250561134963
6,4,0.17940893388578705,0.94404,5000,0.8881988459163241,0.9459783913565426,833,0.8974731654023972,0.9489,0.7707939179458436,0.08330209433727177,,,0.99,,0.9900005019828322,0.009999498017167818,0.9678349157644199,0.38617876930625405,5,0.1,0.5,0.5558053433967947,0.5515032398707479,0.556098071878136,0.5628728371085208,1.0,0.5643720059546737,0.5536849305159811,0.5604995987738042,0.5620951821647674,0.5592794541686469,0.5594704611801187,0.5580424466473767
6,5,0.20116852177425648,0.9376,5000,0.8871785998344421,0.9519807923169268,833,0.8966236647706443,0.9487,0.779376713423487,0.0836834614621745,,,0.99,,0.9900005019828322,0.009999498017167818,0.9678349157644199,0.38617876930625405,5,0.1,0.5,0.5639498512012682,0.5554804771563197,0.5764343695314169,0.5604980012356658,0.5643720059546737,1.0,0.570215439281844,0.5657012402488466,0.5689018073096188,0.5659689625649644,0.5726948893003122,0.5584175019704656
6,6,0.18436914104256472,0.94388,5000,0.9096778211770234,0.9591836734693877,833,0.8966343033428009,0.9487,0.772457366345919,0.08350628440798938,,,0.99,,0.9900005019828322,0.009999498017167818,0.9678349157644199,0.38617876930625405,5,0.1,0.5,0.5579596457459811,0.5612453748148576,0.5613283658909278,0.5515442101476594,0.5536849305159811,0.570215439281844,1.0,0.5614272937828634,0.5550558147114415,0.5572988630311682,0.5645611774642244,0.5636639338533375
6,7,0.19750144757793112,0.94176,5000,0.9101964632670084,0.9567827130852341,833,0.8966055398170178,0.9488,0.774865588923677,0.08330407769467532,,,0.99,,0.9900005019828322,0.009999498017167818,0.9678349157644199,0.38617876930625405,5,0.1,0.5,0.5634862931498761,0.5561480280837128,0.5668160479689742,0.5535719724206747,0.5604995987738042,0.5657012402488466,0.5614272937828634,1.0,0.5592128650011984,0.5644915263436169,0.568436267252191,0.5627410040422502
6,8,0.1952925488679035,0.94192,5000,0.9083084441997387,0.9447779111644657,833,0.8975627203338062,0.9489,0.7712810728773996,0.08327506521013929,,,0.99,,0.9900005019828322,0.009999498017167818,0.9678349157644199,0.38617876930625405,5,0.1,0.5,0.5600274607749135,0.5561005176933496,0.5609629880320959,0.5565338360084814,0.5620951821647674,0.5689018073096188,0.5550558147114415,0.5592128650011984,1.0,0.5576401118531545,0.555762742413975,0.5563216481803934
6,9,0.19529751323928737,0.94008,5000,0.9051916356439944,0.9507803121248499,833,0.8965569239454909,0.9489,0.7725042281494968,0.0836347249486813,,,0.99,,0.9900005019828322,0.009999498017167818,0.9678349157644199,0.38617876930625405,5,0.1,0.5,0.5502611960772034,0.5526688976478177,0.561914135274499,0.5533119309772648,0.5592794541686469,0.5659689625649644,0.5572988630311682,0.5644915263436169,0.5576401118531545,1.0,0.5677799088336948,0.5667203415381274
6,10,0.20304549535926264,0.93976,5000,0.9106736139014915,0.9375750300120048,833,0.8971713707089043,0.949,0.7751914445206606,0.0834719797585555,,,0.99,,0.9900005019828322,0.009999498017167818,0.9678349157644199,0.38617876930625405,5,0.1,0.5,0.5610003865643328,0.5450170386763256,0.5649291929353238,0.56203711816918,0.5594704611801187,0.5726948893003122,0.5645611774642244,0.568436267252191,0.555762742413975,0.5677799088336948,1.0,0.5625717876973794
6,11,0.19849913840650754,0.94064,5000,0.9014773545441804,0.943577430972389,833,0.8966599918021181,0.9488,0.7734044060066805,0.08359544694553489,,,0.99,,0.9900005019828322,0.009999498017167818,0.9678349157644199,0.38617876930625405,5,0.1,0.5,0.557278831780042,0.5620990476491938,0.5669203863440838,0.5515250561134963,0.5580424466473767,0.5584175019704656,0.5636639338533375,0.5627410040422502,0.5563216481803934,0.5667203415381274,0.5625717876973794,1.0
7,0,0.19298588519524426,0.94112,5000,0.6710301792180097,0.960431654676259,834,0.6954626901842915,0.9532,0.7476358089258367,0.08274295204779535,,,0.99,,0.9900005019828322,0.009999498017167818,0.9664491437253661,0.37799592893988954,5,0.1,0.5,1.0,0.5229802861311926,0.521176077571743,0.5194684297854218,0.5256623457529102,0.5249611943983111,0.5242298406686712,0.5278598962409301,0.5361168771094538,0.5254539608876402,0.5313861716463216,0.5256231261043033
7,1,0.17905121341430744,0.9466,5000,0.6961436227515891,0.9508393285371702,834,0.6953633623763015,0.9533,0.7524605618349561,0.08286202276169949,,,0.99,,0.9900005019828322,0.009999498017167818,0.9664491437253661,0.37799592893988954,5,0.1,0.5,0.5229802861311926,1.0,0.5322714504872645,0.5305140955652141,0.5306862772705415,0.5225223693359987,0.5319547479848651,0.5296039680457459,0.5313399629091783,0.5323185937578043,0.5299687686998695,0.5349369695288105
