round,client_id,client_i_training_loss,client_i_training_accuracy,client_i_training_dataset_size,client_i_evaluation_loss,client_i_evaluation_accuracy,client_i_evaluation_dataset_size,client_i_central_evaluation_loss,client_i_central_evaluation_accuracy,client_i_cosine_similarity,client_i_importance_coefficient,client_i_tanh_val,tanh_normalization_value,client_i_q,client_i_mask_order,client_i_v_nonzero_fraction,client_i_v_sparsity,client_i_v_cosine_similarity,client_i_reward_gradient_norm,local_epochs,learning_rate,gamma,client_0_cosine_similarity,client_1_cosine_similarity,client_2_cosine_similarity,client_3_cosine_similarity,client_4_cosine_similarity,client_5_cosine_similarity,client_6_cosine_similarity,client_7_cosine_similarity,client_8_cosine_similarity,client_9_cosine_similarity,client_10_cosine_similarity,client_11_cosine_similarity
0,0,2.2937085274494056,0.1418286537077034,4167,2.297278199877058,0.13309352517985612,834,2.297603752039656,0.1193,0.9717881995562153,0.08308862932898697,0.08289794898685873,0.08366183046473588,0.990869414706507,,0.9989354854681388,0.0010645145318611826,0,0.1461944504022103,10,0.025,0.15,1.0,0.9327387221852064,0.9322510136615675,0.9404329534367272,0.9308774871377536,0.9214822697796408,0.9553169990033682,0.9567098935372635,0.946256436464433,0.9435853060019983,0.9584995502653276,0.9476908920532082
0,1,2.291156450907389,0.14348452123830094,4167,2.2983999252319336,0.11990407673860912,834,2.297603761093526,0.1193,0.9684326102278931,0.08280172389217616,0.08261300841510574,0.08366183046473588,0.9874635536326247,,0.9985311349870443,0.0014688650129557335,0,0.14619444914989846,10,0.025,0.15,0.9327387221852064,1.0,0.9398947819662552,0.9219007011851333,0.9407244417172062,0.9462149800510378,0.961162835984775,0.9249138932717269,0.9326749438294291,0.9281016463166086,0.9458934964666815,0.9523690502146521
0,2,2.2876155029643668,0.15322774178065754,4167,2.2981255054473877,0.11390887290167866,834,2.297603767129439,0.1193,0.9755236450919738,0.08340801276011012,0.0832151291841825,0.08366183046473588,0.994660632225393,,0.9993645921011372,0.0006354078988628498,0,0.14619445075033294,10,0.025,0.15,0.9322510136615675,0.9398947819662552,1.0,0.9563014380450792,0.9234883805378246,0.948462406881815,0.9600735816987728,0.936384400645949,0.94049246044958,0.9598712293332475,0.9593226333671404,0.9529887223851526
0,3,2.2911124540097787,0.1384929205663547,4167,2.2980758803231374,0.11031175059952038,834,2.297603758075569,0.1193,0.9726008107723474,0.08315810820530653,0.08296695000194727,0.08366183046473588,0.9916941757080823,,0.9990262580251192,0.0009737419748807596,0,0.14619445053150995,10,0.025,0.15,0.9404329534367272,0.9219007011851333,0.9563014380450792,1.0,0.9448500594502637,0.9360529396332478,0.9514857086206416,0.9413022472636756,0.9367415697882246,0.956928430404028,0.9439853041666668,0.9453604248700576
0,4,2.2923145763801807,0.1172066234701224,4167,2.2953853607177734,0.13205282112845138,833,2.2976037339319157,0.1193,0.970842111468437,0.08300773807873936,0.08281761308840614,0.08366183046473588,0.9899091691798986,,0.9988117047086201,0.0011882952913798706,0,0.14619445005771056,10,0.025,0.15,0.9308774871377536,0.9407244417172062,0.9234883805378246,0.9448500594502637,1.0,0.954690753404887,0.9385169749447922,0.9422115644492063,0.9456258861936416,0.9548772592139494,0.9414203888903798,0.9374899673330984
0,5,2.293050678571065,0.14677225821934245,4167,2.2966767719813754,0.11524609843937575,833,2.297603742985786,0.1193,0.9712699079740781,0.08304431500496844,0.08285393903232978,0.08366183046473588,0.9903433689066009,,0.9988694690630622,0.0011305309369378236,0,0.14619445024174751,10,0.025,0.15,0.9214822697796408,0.9462149800510378,0.948462406881815,0.9360529396332478,0.954690753404887,1.0,0.9441680070105071,0.9261582253486255,0.9421313517416701,0.9442098239070246,0.936665525592499,0.9595406593764626
0,6,2.291309695532828,0.13707703383729303,4167,2.297893558229719,0.12605042016806722,833,2.297603739967829,0.1193,0.9807848032179594,0.08385784577678065,0.08366183046473588,0.08366183046473588,0.999999999988047,,0.9999587397468271,4.1260253172858974e-05,0,0.14619445083096497,10,0.025,0.15,0.9553169990033682,0.961162835984775,0.9600735816987728,0.9514857086206416,0.9385169749447922,0.9441680070105071,1.0,0.9437203726814625,0.9497911865901526,0.9495826497634065,0.957068583077992,0.9601736230462287
0,7,2.2921076825170807,0.14170866330693543,4167,2.2988623550959995,0.09723889555822329,833,2.297603758075569,0.1193,0.9725806838121516,0.08315638733491935,0.08296524097695286,0.08366183046473588,0.9916737479337329,,0.9990262580251192,0.0009737419748807596,0,0.14619445053150995,10,0.025,0.15,0.9567098935372635,0.9249138932717269,0.936384400645949,0.9413022472636756,0.9422115644492063,0.9261582253486255,0.9437203726814625,1.0,0.9596227040052009,0.9545746770762636,0.9554971824538228,0.9340162024221895
0,8,2.2919365976796007,0.15477676428228518,4166,2.297281469617571,0.1404561824729892,833,2.297603758075569,0.1193,0.9742932355674286,0.08330281181102012,0.08311065581197047,0.08366183046473588,0.9934118743195423,,0.9992243072403493,0.0007756927596507257,0,0.14619445069327924,10,0.025,0.15,0.946256436464433,0.9326749438294291,0.94049246044958,0.9367415697882246,0.9456258861936416,0.9421313517416701,0.9497911865901526,0.9596227040052009,1.0,0.9522111120149501,0.94779189114792,0.9418090223179726
0,9,2.2894962859876227,0.13233317330772923,4166,2.298527887889317,0.09723889555822329,833,2.2976037460037424,0.1193,0.9796682815232185,0.08376238232365944,0.08356703443232674,0.08366183046473588,0.9988669141843846,,0.9998514630885775,0.00014853691142246994,0,0.14619445083082563,10,0.025,0.15,0.9435853060019983,0.9281016463166086,0.9598712293332475,0.956928430404028,0.9548772592139494,0.9442098239070246,0.9495826497634065,0.9545746770762636,0.9522111120149501,1.0,0.9679308386853168,0.946141888926665
0,10,2.291281070131244,0.15535285645703312,4166,2.296673059463501,0.11644657863145258,833,2.297603739967829,0.1193,0.9805691240963605,0.08383940504803265,0.08364351877996629,0.08366183046473588,0.9997811225780303,,0.9999504876961925,4.951230380745297e-05,0,0.1461944508309649,10,0.025,0.15,0.9584995502653276,0.9458934964666815,0.9593226333671404,0.9439853041666668,0.9414203888903798,0.936665525592499,0.957068583077992,0.9554971824538228,0.94779189114792,0.9679308386853168,1.0,0.9544756399088538
0,11,2.293470142104409,0.15244839174267882,4166,2.2974733284541538,0.12965186074429771,833,2.2976037460037424,0.1193,0.9774490978688718,0.08357264043530026,0.08337861461145937,0.08366183046473588,0.9966147542708559,,0.9995873974682709,0.00041260253172914485,0,0.146194450819108,10,0.025,0.15,0.9476908920532082,0.9523690502146521,0.9529887223851526,0.9453604248700576,0.9374899673330984,0.9595406593764626,0.9601736230462287,0.9340162024221895,0.9418090223179726,0.946141888926665,0.9544756399088538,1.0
1,0,2.1927497094327753,0.21279097672186226,4167,2.2865146228245328,0.15707434052757793,834,2.286812239055392,0.1575,0.9902398303195102,0.0832222714415866,0.08303067123033844,0.08345877629480493,0.9948704607895382,,0.9993893482530409,0.0006106517469590678,0.8538155977062805,0.14835191467908926,10,0.025,0.15,1.0,0.9775879315828223,0.9712874155787472,0.9760139463878744,0.9777160753740426,0.9793805455593572,0.9764154703555642,0.9770928843668959,0.9811298910440788,0.9786354738623539,0.979386859134652,0.9778192441930351
1,1,2.175257564674724,0.21747060235181184,4167,2.288007974624634,0.15347721822541965,834,2.2868122330194787,0.1575,0.9886714035483333,0.08299486510046424,0.08280482838913217,0.08345877629480493,0.9921644201401305,,0.9990757703289267,0.0009242296710733067,0.8538151688051896,0.14835191229595834,10,0.025,0.15,0.9775879315828223,1.0,0.9747700885875815,0.9697409799409017,0.9778394209030579,0.9792007049149071,0.9732603060101956,0.9732241385367136,0.9779513988846247,0.9750619742403364,0.9777557037600672,0.9775588739693102
1,2,2.173356158805616,0.21677465802735782,4167,2.286999089377267,0.15827338129496402,834,2.286812230001522,0.1575,0.9862481707775698,0.083289545334379,0.08309748095741386,0.08345877629480493,0.9956709724917302,,0.9994801208100212,0.0005198791899787558,0.8538162353356893,0.14835191516791676,10,0.025,0.15,0.9712874155787472,0.9747700885875815,1.0,0.9706065186217628,0.9689547475362059,0.9753168732550462,0.9793761042936778,0.9680530879002056,0.9740379333375938,0.9773383195659969,0.9711539690499881,0.9740361171233222
1,3,2.1863915985280817,0.20890328773698105,4167,2.2871820586068288,0.14388489208633093,834,2.286812236037435,0.1575,0.9859325283844136,0.08312549868256573,0.0829345648597317,0.08345877629480493,0.9937189177778589,,0.9992573154428875,0.0007426845571124607,0.8538164606077943,0.14835191394380212,10,0.025,0.15,0.9760139463878744,0.9697409799409017,0.9706065186217628,1.0,0.971450665141596,0.971905856088417,0.9757594796858157,0.9708488766953837,0.9713577695400525,0.9761130329192924,0.9721244340962382,0.9753557071392746
1,4,2.1803242416092843,0.20283177345812334,4167,2.28397958619254,0.1788715486194478,833,2.2868122450913053,0.1575,0.9893557478235427,0.08314384074911031,0.08295278073922525,0.08345877629480493,0.9939371797785979,,0.9992820715947913,0.0007179284052086787,0.8538162832195108,0.14835191394404587,10,0.025,0.15,0.9777160753740426,0.9778394209030579,0.9689547475362059,0.971450665141596,1.0,0.9811453877817001,0.9726451456850308,0.9769653211231485,0.9791515968257026,0.9779983393279779,0.9795272555090442,0.9786239865103006
1,5,2.1934158238497647,0.21039116870650348,4167,2.2854253564562117,0.1608643457382953,833,2.286812236037435,0.1575,0.9902512583597153,0.08319536532307399,0.0830039505454036,0.08345877629480493,0.9945502945215817,,0.9993563400505026,0.0006436599494974438,0.8538155869923687,0.1483519146788517,10,0.025,0.15,0.9793805455593572,0.9792007049149071,0.9753168732550462,0.971905856088417,0.9811453877817001,1.0,0.9785251980205762,0.9737073272270624,0.9785860342350298,0.977404396712597,0.9759959236166339,0.9814506258844196
1,6,2.1786800850521435,0.21939044876409888,4167,2.2864252839769637,0.16686674669867949,833,2.286812208875825,0.1575,0.9883925844455299,0.08363589634859796,0.08344143043868052,0.08345877629480493,0.999792162575414,,0.9999504876961925,4.951230380745297e-05,0.8538170797903455,0.1483519161794,10,0.025,0.15,0.9764154703555642,0.9732603060101956,0.9793761042936778,0.9757594796858157,0.9726451456850308,0.9785251980205762,1.0,0.970223415543287,0.9752631306976554,0.9811855598887145,0.97099512658877,0.9766418562227858
1,7,2.1845952677004266,0.21960643148548117,4167,2.289080892290388,0.13805522208883553,833,2.2868122450913053,0.1575,0.9875183111840024,0.08317581211230353,0.08298453201801158,0.08345877629480493,0.9943176224377832,,0.9993315838985988,0.0006684161014012258,0.8538158478749146,0.1483519146786579,10,0.025,0.15,0.9770928843668959,0.9732241385367136,0.9680530879002056,0.9708488766953837,0.9769653211231485,0.9737073272270624,0.970223415543287,1.0,0.9806067782230736,0.9781171244855505,0.9753502239689399,0.9759711642521173
1,8,2.1826910972595215,0.21149783965434468,4166,2.286850929260254,0.18127250900360145,833,2.2868122481092623,0.1575,0.9907463316858955,0.08337051347840356,0.08317788945972723,0.08345877629480493,0.9966344242206219,,0.9995873974682709,0.00041260253172914485,0.85381607479247,0.1483519156319228,10,0.025,0.15,0.9811298910440788,0.9779513988846247,0.9740379333375938,0.9713577695400525,0.9791515968257026,0.9785860342350298,0.9752631306976554,0.9806067782230736,1.0,0.9781864928489481,0.980094759824239,0.9820562059199283
1,9,2.169613526445447,0.21793086893903024,4166,2.2869525296347484,0.1332533013205282,833,2.286812208875825,0.1575,0.9907428873690087,0.0836532765937123,0.08345868964928783,0.08345877629480493,0.9999989618046065,,0.9999587397468271,4.1260253172858974e-05,0.8538170825247773,0.1483519161794002,10,0.025,0.15,0.9786354738623539,0.9750619742403364,0.9773383195659969,0.9761130329192924,0.9779983393279779,0.977404396712597,0.9811855598887145,0.9781171244855505,0.9781864928489481,1.0,0.9783640943847612,0.979803102209884
1,10,2.179992347052603,0.22347575612097936,4166,2.285355976649693,0.15126050420168066,833,2.286812208875825,0.1575,0.9892821489593987,0.08365336384697981,0.08345877629480493,0.08345877629480493,0.9999999999880179,,0.9999587397468271,4.1260253172858974e-05,0.8538170797774455,0.1483519161794002,10,0.025,0.15,0.979386859134652,0.9777557037600672,0.9711539690499881,0.9721244340962382,0.9795272555090442,0.9759959236166339,0.97099512658877,0.9753502239689399,0.980094759824239,0.9783640943847612,1.0,0.9801786987649294
1,11,2.191579607400027,0.20520883341334614,4166,2.287476062774658,0.16686674669867949,833,2.2868122058578684,0.1575,0.9908436493496234,0.08353975098882285,0.08334595372264256,0.08345877629480493,0.99864816406171,,0.9998267069366737,0.00017329306332625194,0.853817115666983,0.14835191617935398,10,0.025,0.15,0.9778192441930351,0.9775588739693102,0.9740361171233222,0.9753557071392746,0.9786239865103006,0.9814506258844196,0.9766418562227858,0.9759711642521173,0.9820562059199283,0.979803102209884,0.9801786987649294,1.0
2,0,2.0897637883822124,0.25169186465082793,4167,2.270491225378854,0.2158273381294964,834,2.2705111684678476,0.2209,0.9870335731100088,0.08330160834779923,0.08310946066140916,0.08339275470247429,0.9966028938236605,,0.9995873974682709,0.00041260253172914485,0.961917191512908,0.14788408860322527,10,0.025,0.15,1.0,0.9696614165122096,0.9671127117164854,0.9685169058505402,0.9728717912935317,0.9751981346842377,0.9684245182806541,0.9732503311931651,0.9717776944809841,0.9718668697179736,0.9705554961521555,0.9682360485952681
2,1,2.070954701755986,0.26023518118550515,4167,2.272285120827811,0.2170263788968825,834,2.2705111111266705,0.2209,0.9847186674410698,0.08308638129353038,0.08289571639964298,0.08339275470247429,0.9940397903199305,,0.9992903236454259,0.0007096763545740847,0.9619173706813053,0.14788408839678377,10,0.025,0.15,0.9696614165122096,1.0,0.9690090856363988,0.9635169670942246,0.9693447868503601,0.9699214018661193,0.966618691649576,0.9679457370231135,0.9663348272235472,0.9717267950718504,0.9683951118931451,0.9676736087050647
2,2,2.0788229432972996,0.25478761699064073,4167,2.2705256598336354,0.22422062350119903,834,2.270511174503761,0.2209,0.984743116744495,0.08326877586178749,0.08307685486640924,0.08339275470247429,0.9962119030821285,,0.999546137215098,0.0004538627849020038,0.961917203273486,0.14788408860303437,10,0.025,0.15,0.9671127117164854,0.9690090856363988,1.0,0.968269469404976,0.966388381553214,0.9695340670829902,0.968565110137371,0.9664833122441033,0.9675084800197978,0.9722143769198923,0.9675604249782505,0.9676747419993058
2,3,2.091294645901882,0.24677225821934246,4167,2.2705788952963695,0.2038369304556355,834,2.2705111684678476,0.2209,0.984258424423767,0.08315195837420156,0.0829608425001795,0.08339275470247429,0.9948207466604194,,0.9993810962024063,0.0006189037975936618,0.9619175307807196,0.14788408849661303,10,0.025,0.15,0.9685169058505402,0.9635169670942246,0.968269469404976,1.0,0.9662106409068187,0.9700807258259804,0.970660639361401,0.9683004307568822,0.9672909924624877,0.9680460560661851,0.9628501432123331,0.9709074200141291
2,4,2.0779181982531694,0.25293976481881447,4167,2.267155511038644,0.234093637454982,833,2.270511171485804,0.2209,0.9866317106652142,0.08324023970040928,0.08304851558770096,0.08339275470247429,0.995872074054906,,0.9995131290125596,0.0004868709874403798,0.9619175974900316,0.14788408860285707,10,0.025,0.15,0.9728717912935317,0.9693447868503601,0.966388381553214,0.9662106409068187,1.0,0.9706565768246667,0.96731033048512,0.9746866494730495,0.9712732988888185,0.972890112316811,0.9719310460767941,0.9691600204654107
2,5,2.0940815950884963,0.2510199184065275,4167,2.2682994433811734,0.2304921968787515,833,2.2705111503601074,0.2209,0.9875681989683689,0.08330236764022476,0.0831102147092158,0.08339275470247429,0.9966119359497939,,0.9995873974682709,0.00041260253172914485,0.9619171915083037,0.14788408860322527,10,0.025,0.15,0.9751981346842377,0.9699214018661193,0.9695340670829902,0.9700807258259804,0.9706565768246667,1.0,0.9722018356351697,0.9720206446665679,0.9700058781649451,0.9734069303516755,0.9676449543552723,0.9731129662214402
2,6,2.079516363505161,0.26654667626589873,4167,2.269047328404018,0.22569027611044418,833,2.2705111081087135,0.2209,0.9843560823334632,0.08346966689388612,0.08327635606381378,0.08339275470247429,0.9986042115999838,,0.9998267069366737,0.00017329306332625194,0.9619172571039281,0.14788408867968228,10,0.025,0.15,0.9684245182806541,0.966618691649576,0.968565110137371,0.970660639361401,0.96731033048512,0.9722018356351697,1.0,0.9652869723350426,0.9637813105248102,0.9715530158653924,0.9635193304567161,0.9677107111705179
2,7,2.0824397997422652,0.26258699304055677,4167,2.2739499637058804,0.20408163265306123,833,2.270511162431934,0.2209,0.9863942562511517,0.08325224072762727,0.08306043383128377,0.08339275470247429,0.9960149910700015,,0.9995213810631942,0.0004786189368057858,0.9619171917209747,0.14788408860290306,10,0.025,0.15,0.9732503311931651,0.9679457370231135,0.9664833122441033,0.9683004307568822,0.9746866494730495,0.9720206446665679,0.9652869723350426,1.0,0.9714863328644677,0.9721593084442565,0.9684366485204107,0.9698723288904122
2,8,2.079772785215667,0.25115218434949593,4166,2.2713052545275008,0.22328931572629052,833,2.2705111382882808,0.2209,0.9858060957738416,0.08335315162377133,0.08316064769925299,0.08339275470247429,0.9972167005989115,,0.9996616659239821,0.0003383340760179099,0.96191803095486,0.1478840886352002,10,0.025,0.15,0.9717776944809841,0.9663348272235472,0.9675084800197978,0.9672909924624877,0.9712732988888185,0.9700058781649451,0.9637813105248102,0.9714863328644677,1.0,0.9681279253655644,0.9736754388491763,0.9716164007050061
2,9,2.071873142863765,0.2569611137782045,4166,2.2693893568856374,0.21728691476590636,833,2.270511114144627,0.2209,0.9876396192330575,0.08358687953321814,0.08339275470247429,0.08339275470247429,0.9999999999880085,,0.9999587397468271,4.1260253172858974e-05,0.9619172570552553,0.14788408867971328,10,0.025,0.15,0.9718668697179736,0.9717267950718504,0.9722143769198923,0.9680460560661851,0.972890112316811,0.9734069303516755,0.9715530158653924,0.9721593084442565,0.9681279253655644,1.0,0.9719191545496711,0.9705700493693545
2,10,2.0761958223400696,0.2625300048007681,4166,2.2681185517992293,0.2304921968787515,833,2.2705111111266705,0.2209,0.985411640610809,0.08351466864324651,0.08332104556071818,0.08339275470247429,0.9991401034417067,,0.9998762192404813,0.00012378075951868794,0.9619172571047988,0.14788408867970285,10,0.025,0.15,0.9705554961521555,0.9683951118931451,0.9675604249782505,0.9628501432123331,0.9719310460767941,0.9676449543552723,0.9635193304567161,0.9684366485204107,0.9736754388491763,0.9719191545496711,1.0,0.9716086801030606
2,11,2.0941053596409884,0.24543927028324533,4166,2.272411516734532,0.22448979591836735,833,2.2705111201805406,0.2209,0.9862566675274632,0.0834720613602978,0.08327873392424294,0.08339275470247429,0.9986327255930472,,0.9998267069366737,0.00017329306332625194,0.9619172569929199,0.14788408867968228,10,0.025,0.15,0.9682360485952681,0.9676736087050647,0.9676747419993058,0.9709074200141291,0.9691600204654107,0.9731129662214402,0.9677107111705179,0.9698723288904122,0.9716164007050061,0.9705700493693545,0.9716086801030606,1.0
3,0,2.018465861407193,0.2743460523158147,4167,2.2488183634621755,0.25539568345323743,834,2.248370916028566,0.2605,0.9827563362592072,0.08333906749174605,0.08314666095238457,0.08337942854507469,0.9972083330654935,,0.9996616659239821,0.0003383340760179099,0.9809318182208462,0.1472963061032046,10,0.025,0.15,1.0,0.9622388858597214,0.9595743713017231,0.9582848716131493,0.9638692252442663,0.9669385153523798,0.9579056175085444,0.9656322290637012,0.9623561117111958,0.9636297179494377,0.9625210456819839,0.9576066562377766
3,1,1.9988606308445787,0.285625149988001,4167,2.250802074159895,0.2541966426858513,834,2.2483708979208257,0.2605,0.9816774136093864,0.08317117888298842,0.08297993069334854,0.08337942854507469,0.9952086760524462,,0.9994306085062138,0.0005693914937862088,0.9809317749339801,0.14729630600665392,10,0.025,0.15,0.9622388858597214,1.0,0.9605489078717531,0.956619650458917,0.9617704771140654,0.9621292345619482,0.9596263702102318,0.9617028387609657,0.9553943688678871,0.9654983385977346,0.9623014632718012,0.9600891812652678
3,2,2.009357111381762,0.2787137029037677,4167,2.248442922319685,0.2697841726618705,834,2.2483709130106093,0.2605,0.9804737425260813,0.08324465360865382,0.08305289905136655,0.08337942854507469,0.9960838122735789,,0.9995296331138288,0.0004703668861711918,0.980931867514568,0.14729630606803024,10,0.025,0.15,0.9595743713017231,0.9605489078717531,1.0,0.9602392534088735,0.9581540992730677,0.959480585976625,0.9554412457622848,0.9592473559148169,0.9599832181239969,0.9637068343217914,0.9607244757260566,0.9565692318012899
3,3,2.025695888201396,0.26969042476601873,4167,2.2481020178113664,0.2541966426858513,834,2.2483709220644794,0.2605,0.980295915716071,0.08316677612267577,0.08297555824738824,0.08337942854507469,0.9951562357079088,,0.9994223564555792,0.0005776435444208028,0.9809319115225568,0.147296306006548,10,0.025,0.15,0.9582848716131493,0.956619650458917,0.9602392534088735,1.0,0.9577058900986231,0.9612711731435595,0.9629487050507765,0.9587872216315657,0.9582348991504317,0.960897918139137,0.9563687594947083,0.960259105807158
3,4,2.0005208831844907,0.2796976241900648,4167,2.244377817426409,0.2617046818727491,833,2.2483708979208257,0.2605,0.9826066983213022,0.0832963292507076,0.0831042180257042,0.08337942854507469,0.9966992995134475,,0.99960390156954,0.00039609843045995685,0.9809318182267638,0.14729630610287991,10,0.025,0.15,0.9638692252442663,0.9617704771140654,0.9581540992730677,0.9577058900986231,1.0,0.961008173283482,0.9568646885644326,0.9659099924461646,0.9626784778560964,0.9651974005546605,0.9659424182336174,0.9596999633776996
3,5,2.023400776675253,0.27233021358291337,4167,2.245034830910819,0.27010804321728693,833,2.2483709130106093,0.2605,0.9837111525176085,0.08337055305204807,0.08317792875957894,0.08337942854507469,0.9975833393199091,,0.9997111782277897,0.0002888217722103459,0.980931801697287,0.14729630611618696,10,0.025,0.15,0.9669385153523798,0.9621292345619482,0.959480585976625,0.9612711731435595,0.961008173283482,1.0,0.9627900188859315,0.9656156814006189,0.9614022512498203,0.9657403596620436,0.962740937313201,0.9626711062517533
3,6,2.010725077715787,0.28629709623230143,4167,2.245737075805664,0.2737094837935174,833,2.248370825489865,0.2605,0.9791388695767795,0.08332528247016452,0.08313297121602946,0.08337942854507469,0.9970441470475053,,0.9996451618227129,0.0003548381772870979,0.9809317715828196,0.14729630610312597,10,0.025,0.15,0.9579056175085444,0.9596263702102318,0.9554412457622848,0.9629487050507765,0.9568646885644326,0.9627900188859315,1.0,0.9555361756709513,0.9527954077988706,0.9636393390484516,0.956126545131952,0.954172877793129
3,7,2.010510537118623,0.2908567314614831,4167,2.2531444345201765,0.24489795918367346,833,2.248370934136306,0.2605,0.9830073519476794,0.08331675150803536,0.0831244992061469,0.08337942854507469,0.996942539132576,,0.9996286577214438,0.00037134227855617485,0.9809318182308117,0.14729630610303418,10,0.025,0.15,0.9656322290637012,0.9617028387609657,0.9592473559148169,0.9587872216315657,0.9659099924461646,0.9656156814006189,0.9555361756709513,1.0,0.9632405114826587,0.9652937917425517,0.9624021403940547,0.9601632157576445
3,8,2.0081723314343076,0.27484397503600577,4166,2.250004768371582,0.2545018007202881,833,2.2483708586873887,0.2605,0.981427504881707,0.08332771379301222,0.08313538573529591,0.08337942854507469,0.9970731052606828,,0.9996451618227129,0.0003548381772870979,0.9809317516061689,0.14729630610312597,10,0.025,0.15,0.9623561117111958,0.9553943688678871,0.9599832181239969,0.9582348991504317,0.9626784778560964,0.9614022512498203,0.9527954077988706,0.9632405114826587,1.0,0.9595204488222181,0.9668207025989255,0.9624266665000897
3,9,2.003059144453569,0.2842054728756601,4166,2.245610679898943,0.2581032412965186,833,2.248370825489865,0.2605,0.9845516602022507,0.08357346006704565,0.08337942854507469,0.08337942854507469,0.9999999999880066,,0.9999587397468271,4.1260253172858974e-05,0.9809317467058021,0.14729630612619277,10,0.025,0.15,0.9636297179494377,0.9654983385977346,0.9637068343217914,0.960897918139137,0.9651974005546605,0.9657403596620436,0.9636393390484516,0.9652937917425517,0.9595204488222181,1.0,0.9662784280404603,0.9621805410304771
3,10,2.0032134970029194,0.28466154584733555,4166,2.2445715495518277,0.27010804321728693,833,2.2483708315257784,0.2605,0.9831596170244261,0.08348367073417641,0.08329026277193238,0.08337942854507469,0.9989306022396995,,0.9998597151392121,0.00014028486078787594,0.9809317466895188,0.14729630612617062,10,0.025,0.15,0.9625210456819839,0.9623014632718012,0.9607244757260566,0.9563687594947083,0.9659424182336174,0.962740937313201,0.956126545131952,0.9624021403940547,0.9668207025989255,0.9662784280404603,1.0,0.9629660485496406
3,11,2.02666331060005,0.27184349495919347,4166,2.251827137810843,0.25930372148859543,833,2.248370828507822,0.2605,0.9809182507914921,0.08338456301874603,0.08319184178115792,0.08337942854507469,0.9977502032793003,,0.9997276823290587,0.0002723176709412689,0.9809317550584982,0.14729630611624778,10,0.025,0.15,0.9576066562377766,0.9600891812652678,0.9565692318012899,0.960259105807158,0.9596999633776996,0.9626711062517533,0.954172877793129,0.9601632157576445,0.9624266665000897,0.9621805410304771,0.9629660485496406,1.0
4,0,1.9674060146013896,0.29107271418286534,4167,2.2215936524527415,0.26139088729016785,834,2.220487018174763,0.282,0.9796175369547973,0.08335189125130577,0.08315939604300569,0.08338050217943076,0.997348227323618,,0.9996781700252513,0.0003218299747487219,0.9870013577927614,0.14687233094118057,10,0.025,0.15,1.0,0.9571926713855241,0.9567666925981684,0.9522472822295635,0.9555866310380273,0.9604656163280177,0.9515756784787974,0.9581419291482972,0.9547167942744922,0.9569894954038064,0.9564375203352662,0.9502642554176947
4,1,1.9401999123168714,0.3049676025917927,4167,2.2235773631504605,0.2673860911270983,834,2.220486918582192,0.282,0.9785765917277082,0.08321430274133726,0.0830227574618087,0.08338050217943076,0.9957094919163725,,0.9994883728606558,0.0005116271393441618,0.9870013205152253,0.14687233047224102,10,0.025,0.15,0.9571926713855241,1.0,0.9540514370567656,0.9493543226791017,0.9563532160985625,0.9548555130449002,0.9533484117550911,0.9546732535844015,0.9492648196150857,0.9604756158618776,0.9558064573980071,0.9528468936478149
4,2,1.9532890876134237,0.2970962323014159,4167,2.2209268638065884,0.2961630695443645,834,2.220486987995196,0.282,0.9789595610339857,0.08327215628980976,0.08308021196257291,0.08338050217943076,0.9963985558973003,,0.9995626413163671,0.00043735868363292685,0.9870013841650384,0.14687233079247128,10,0.025,0.15,0.9567666925981684,0.9540514370567656,1.0,0.9539486671926154,0.9545468605998839,0.9553904982991898,0.950267484890436,0.9557675292833869,0.9571940791116627,0.9593463761590195,0.9561716855706185,0.9492440710748856
4,3,1.970193294684092,0.2897048236141109,4167,2.2197425024850026,0.27218225419664266,834,2.2204869729054124,0.282,0.9768924935304112,0.08315681467248097,0.08296566537303618,0.08338050217943076,0.9950247744191214,,0.9994141044049446,0.0005858955950553968,0.9870013204116747,0.1468723304713148,10,0.025,0.15,0.9522472822295635,0.9493543226791017,0.9539486671926154,1.0,0.9522020960145946,0.9546004110054935,0.9559542907558746,0.9513252384137614,0.9522532402243917,0.9549725252278679,0.9494132790542199,0.9521920554036817
4,4,1.942531591834444,0.3031197504199664,4167,2.2157559394836426,0.2845138055222089,833,2.2204869638515423,0.282,0.9800618340224071,0.08333993251742314,0.08314751999775971,0.08338050217943076,0.9972057954008613,,0.9996616659239821,0.0003383340760179099,0.9870013578139272,0.14687233094108976,10,0.025,0.15,0.9555866310380273,0.9563532160985625,0.9545468605998839,0.9522020960145946,1.0,0.9542152244553247,0.9524227009183976,0.9603621350596285,0.9560116689077729,0.9596596076164383,0.960980938385466,0.9532682847503764
4,5,1.966888998855244,0.2950803935685145,4167,2.2155680315835133,0.29891956782713086,833,2.220486987995196,0.282,0.9812685600457106,0.08342503786094903,0.08323203636636804,0.08338050217943076,0.9982194180871993,,0.9997771946328663,0.0002228053671337049,0.9870013522460035,0.1468723310379454,10,0.025,0.15,0.9604656163280177,0.9548555130449002,0.9553904982991898,0.9546004110054935,0.9542152244553247,1.0,0.9561429635423649,0.9624180852729162,0.9572116866490659,0.9611344800723566,0.9583011537626717,0.9550146451041184
4,6,1.959848792625196,0.3064554835613151,4167,2.216629777635847,0.3025210084033613,833,2.2204868642589712,0.282,0.9759359330237742,0.08322364617766775,0.08303203648870625,0.08338050217943076,0.9958207772487331,,0.9994966249112904,0.0005033750887095678,0.9870013845526056,0.1468723304723306,10,0.025,0.15,0.9515756784787974,0.9533484117550911,0.950267484890436,0.9559542907558746,0.9524227009183976,0.9561429635423649,1.0,0.9492752612438884,0.9465489985063944,0.9571316142617161,0.9503756565248295,0.9440966292750275
4,7,1.9567521120562699,0.307391408687305,4167,2.2267543247767856,0.26770708283313327,833,2.2204870332645466,0.282,0.9802841357578849,0.08335978055661578,0.08316723078480169,0.08338050217943076,0.9974421910392485,,0.9996864220758859,0.0003135779241141279,0.9870013578185376,0.14687233094122512,10,0.025,0.15,0.9581419291482972,0.9546732535844015,0.9557675292833869,0.9513252384137614,0.9603621350596285,0.9624180852729162,0.9492752612438884,1.0,0.9573761528242632,0.9596367745817305,0.9565352944863592,0.9527006763112342
4,8,1.952695548173153,0.2919587133941431,4166,2.2232124464852467,0.26770708283313327,833,2.220486969887456,0.282,0.9788359717796039,0.08331945906699087,0.08312718805612486,0.08338050217943076,0.9969619501240501,,0.9996369097720783,0.0003630902279216919,0.9870013577841779,0.1468723309409446,10,0.025,0.15,0.9547167942744922,0.9492648196150857,0.9571940791116627,0.9522532402243917,0.9560116689077729,0.9572116866490659,0.9465489985063944,0.9573761528242632,1.0,0.9535892934622457,0.9608951653128724,0.9561297320811986
4,9,1.946044290788246,0.30170427268362937,4166,2.2157652718680247,0.2797118847539016,833,2.2204869034924086,0.282,0.9820105355467545,0.08357454121779812,0.08338050217943076,0.08338050217943076,0.9999999999880067,,0.9999587397468271,4.1260253172858974e-05,0.9870013976004391,0.14687233108034833,10,0.025,0.15,0.9569894954038064,0.9604756158618776,0.9593463761590195,0.9549725252278679,0.9596596076164383,0.9611344800723566,0.9571316142617161,0.9596367745817305,0.9535892934622457,1.0,0.9605269851381869,0.9549248875742842
4,10,1.9504851565216528,0.3009841574651944,4166,2.2150521278381348,0.29411764705882354,833,2.220486897456495,0.282,0.9806206245034501,0.08347386084519985,0.08328052092882403,0.08338050217943076,0.9988009037005992,,0.9998432110379429,0.00015678896205706394,0.9870013976675865,0.1468723310803034,10,0.025,0.15,0.9564375203352662,0.9558064573980071,0.9561716855706185,0.9494132790542199,0.960980938385466,0.9583011537626717,0.9503756565248295,0.9565352944863592,0.9608951653128724,0.9605269851381869,1.0,0.9566312431006754
4,11,1.975014295722499,0.29035045607297166,4166,2.2255661146981374,0.2917166866746699,833,2.220486879348755,0.282,0.9768062108702045,0.08328857680242184,0.08309651911327777,0.08338050217943076,0.9965941310051303,,0.9995873974682709,0.00041260253172914485,0.9870014370351368,0.1468723307926615,10,0.025,0.15,0.9502642554176947,0.9528468936478149,0.9492440710748856,0.9521920554036817,0.9532682847503764,0.9550146451041184,0.9440966292750275,0.9527006763112342,0.9561297320811986,0.9549248875742842,0.9566312431006754,1.0
5,0,1.9200163079030586,0.3037197024238061,4167,2.189216375350952,0.2793764988009592,834,2.187208613262901,0.2953,0.9762028194560581,0.08332075997868654,0.08312847997821267,0.08337755780042237,0.9970126514882707,,0.9996369097720783,0.0003630902279216919,0.9908570521495608,0.14654119738908894,10,0.025,0.15,1.0,0.9523138281474817,0.9500509252657545,0.9439103537938616,0.9480524977379584,0.9562200630005743,0.944876215013184,0.9524951094508779,0.9479250272385398,0.9519276843628549,0.9516927142782278,0.9448332684074182
5,1,1.8951739979512763,0.3209503239740821,4167,2.191079889025007,0.27577937649880097,834,2.1872084472752826,0.2953,0.9764638744422558,0.08324416903113477,0.0830524178163392,0.08337755780042237,0.9961003896773091,,0.9995378851644634,0.0004621148355365978,0.9908570617109523,0.14654119733254645,10,0.025,0.15,0.9523138281474817,1.0,0.9498318556670929,0.9441202938169817,0.9512772003446495,0.9536076403601257,0.9481848180310255,0.9478068225240616,0.9452615399724809,0.9559939185612671,0.9523558939687232,0.9466794438412816
5,2,1.9071688330534733,0.31509479241660665,4167,2.188509362084525,0.30455635491606714,834,2.18720853177807,0.2953,0.9766908402349268,0.08328733441990126,0.08309528530932024,0.08337755780042237,0.9966145267438221,,0.9995873974682709,0.00041260253172914485,0.9908570381564735,0.14654119733302717,10,0.025,0.15,0.9500509252657545,0.9498318556670929,1.0,0.9505801329153012,0.95007885997065,0.950776535284681,0.945689166050519,0.9496775298186135,0.953642775384117,0.9532029704589141,0.9515527235667472,0.9449991920011267
5,3,1.9217655037388657,0.30751139908807296,4167,2.185854469026838,0.28896882494004794,834,2.1872085227242,0.2953,0.9746220563804978,0.08314866850499314,0.08295757527260877,0.08337755780042237,0.9949628828201725,,0.9993976003036754,0.0006023996963245848,0.9908569624894797,0.14654119712381747,10,0.025,0.15,0.9439103537938616,0.9441202938169817,0.9505801329153012,1.0,0.9491864874416563,0.9511754890819804,0.9495487012725408,0.9452545775250437,0.9506259515626498,0.949800126375876,0.9442717849549728,0.9474464064848247
5,4,1.8976638479666277,0.3160307175425966,4167,2.1815627983638217,0.30732292917166865,833,2.1872085227242,0.2953,0.9779510620399277,0.08337026724553201,0.0831776449304279,0.08337755780042237,0.9976023179826086,,0.9997111782277897,0.0002888217722103459,0.9908570625469585,0.14654119739270807,10,0.025,0.15,0.9480524977379584,0.9512772003446495,0.95007885997065,0.9491864874416563,1.0,0.9510613874975506,0.9488552611089806,0.9534648449047601,0.9527077446358142,0.9550150543027879,0.9567088884887567,0.9483977715649408
5,5,1.9205374771898442,0.30907127429805614,4167,2.1804735319955006,0.3085234093637455,833,2.1872085830833337,0.2953,0.9801252998607503,0.0834936667265924,0.0833001894112064,0.08337755780042237,0.9990720717630007,,0.9998762192404813,0.00012378075951868794,0.9908570885113296,0.14654119739529223,10,0.025,0.15,0.9562200630005743,0.9536076403601257,0.950776535284681,0.9511754890819804,0.9510613874975506,1.0,0.9524224986766021,0.9575734909820507,0.953747175644199,0.9573984524681165,0.954994700527728,0.951275220777046
5,6,1.91303909294533,0.32157427405807537,4167,2.1818891933986118,0.3025210084033613,833,2.1872084442573256,0.2953,0.9738154123320615,0.08316374353083332,0.08297254653401075,0.08337755780042237,0.9951424426657323,,0.9994223564555792,0.0005776435444208028,0.9908570984015793,0.14654119725907602,10,0.025,0.15,0.944876215013184,0.9481848180310255,0.945689166050519,0.9495487012725408,0.9488552611089806,0.9524224986766021,1.0,0.9441933533604114,0.9438469865836522,0.9519881450971834,0.948516341731466,0.9382832538935327
5,7,1.9101760246536947,0.32102231821454286,4167,2.195225545338222,0.2917166866746699,833,2.187208628352684,0.2953,0.9772241027366424,0.08335888023463017,0.08316633669008569,0.08337755780042237,0.9974666910748364,,0.9996864220758859,0.0003135779241141279,0.9908570521590707,0.14654119738941904,10,0.025,0.15,0.9524951094508779,0.9478068225240616,0.9496775298186135,0.9452545775250437,0.9534648449047601,0.9575734909820507,0.9441933533604114,1.0,0.9523260177516064,0.9545124062865729,0.9508995340138672,0.9480519773714091
5,8,1.9039991523280289,0.3060729716754681,4166,2.191171952656337,0.2785114045618247,833,2.1872085197062434,0.2953,0.9771655076535405,0.08333203730530768,0.08313967936412585,0.08337755780042237,0.997146972835747,,0.9996534138733475,0.0003465861266525039,0.9908570521458131,0.14654119738920338,10,0.025,0.15,0.9479250272385398,0.9452615399724809,0.953642775384117,0.9506259515626498,0.9527077446358142,0.953747175644199,0.9438469865836522,0.9523260177516064,1.0,0.9485921990047836,0.9556665676015679,0.9512761316476029
5,9,1.9016148227633851,0.3158665386461834,4166,2.1802820478166853,0.28691476590636256,833,2.1872084563291527,0.2953,0.9796783730482282,0.08357157622598088,0.08337755780042237,0.08337755780042237,0.9999999999880063,,0.9999587397468271,4.1260253172858974e-05,0.9908570437530925,0.14654119739529814,10,0.025,0.15,0.9519276843628549,0.9559939185612671,0.9532029704589141,0.949800126375876,0.9550150543027879,0.9573984524681165,0.9519881450971834,0.9545124062865729,0.9485921990047836,1.0,0.9552989949853055,0.9512087147701291
5,10,1.903600571011052,0.31629860777724433,4166,2.1797332763671875,0.3085234093637455,833,2.1872084563291527,0.2953,0.9787965079368135,0.08348060969119513,0.08328722296345123,0.08337755780042237,0.9989165569206728,,0.9998597151392121,0.00014028486078787594,0.990857043680543,0.14654119739528781,10,0.025,0.15,0.9516927142782278,0.9523558939687232,0.9515527235667472,0.9442717849549728,0.9567088884887567,0.954994700527728,0.948516341731466,0.9508995340138672,0.9556665676015679,0.9552989949853055,1.0,0.9526791251089466
5,11,1.9315891233357516,0.3041046567450792,4166,2.1938659123011996,0.31092436974789917,833,2.187208450293239,0.2953,0.9745647220977848,0.08322828710521271,0.08303664541843979,0.08337755780042237,0.9959112212929704,,0.9995131290125596,0.0004868709874403798,0.990857038977045,0.14654119733225307,10,0.025,0.15,0.9448332684074182,0.9466794438412816,0.9449991920011267,0.9474464064848247,0.9483977715649408,0.951275220777046,0.9382832538935327,0.9480519773714091,0.9512761316476029,0.9512087147701291,0.9526791251089466,1.0
6,0,1.8752682624441204,0.31979841612670984,4167,2.1524301937648227,0.2949640287769784,834,2.149330398704432,0.3172,0.9753674108311465,0.08334455717004204,0.08315211267603005,0.08334217465139958,0.9977194982352904,,0.9997194302784241,0.0002805697215758629,0.9931347961339113,0.1462166350560715,10,0.025,0.15,1.0,0.9490838827233482,0.9483581611981947,0.943098445291016,0.9439159938987046,0.9524470427157539,0.9419727570871943,0.9479733814006227,0.9454678074648933,0.9460410973288534,0.9484373068603871,0.9424799010271558
6,1,1.8498971917412497,0.3322774178065755,4167,2.1540371349879672,0.30935251798561153,834,2.149330290057991,0.3172,0.974506874903078,0.08326911875013619,0.08307719538821384,0.08334217465139958,0.9968205861523184,,0.9996204056708092,0.00037959432919076885,0.9931344706753017,0.1462166335043853,10,0.025,0.15,0.9490838827233482,1.0,0.9446167014625556,0.939881676946557,0.9458076334799884,0.9498314879612448,0.9443416455636504,0.9437223609908858,0.9415900176953543,0.9493007058911992,0.9488485333895256,0.9422225588416184
6,2,1.8662803201964406,0.32764578833693303,4167,2.1519088745117188,0.3213429256594724,834,2.149330383614649,0.3172,0.9741576809321024,0.08328446038485336,0.0830924311183039,0.08334217465139958,0.9970033955180879,,0.9996369097720783,0.0003630902279216919,0.9931344706867701,0.14621663350458808,10,0.025,0.15,0.9483581611981947,0.9446167014625556,1.0,0.9437675127443135,0.9440792104621383,0.9453863635015005,0.9419054621166025,0.9437984221810086,0.9469700487698631,0.9489999856012781,0.9474580516886034,0.9398071132500311
