round,client_id,client_i_training_loss,client_i_training_accuracy,client_i_training_dataset_size,client_i_evaluation_loss,client_i_evaluation_accuracy,client_i_evaluation_dataset_size,client_i_central_evaluation_loss,client_i_central_evaluation_accuracy,client_i_cosine_similarity,client_i_importance_coefficient,client_i_tanh_val,tanh_normalization_value,client_i_q,client_i_mask_order,client_i_v_nonzero_fraction,client_i_v_sparsity,client_i_v_cosine_similarity,client_i_reward_gradient_norm,local_epochs,learning_rate,gamma,client_0_cosine_similarity,client_1_cosine_similarity,client_2_cosine_similarity,client_3_cosine_similarity,client_4_cosine_similarity,client_5_cosine_similarity,client_6_cosine_similarity,client_7_cosine_similarity,client_8_cosine_similarity,client_9_cosine_similarity,client_10_cosine_similarity,client_11_cosine_similarity
0,0,2.2450805165965084,0.29288,5000,2.2696953084733753,0.1474820143884892,834,2.270729855607493,0.1618,0.9927377802220692,0.08315093335691433,,,0.95,,0.95001498149061,0.04998501850938997,0,0.09949141415713653,5,0.001,0.1,1.0,0.9882823496944425,0.985989744265296,0.9881818535872028,0.9887706643791642,0.9899814299808622,0.9843987201290029,0.9838458147044901,0.9861295235310904,0.9861205661247031,0.9889727754599296,0.9816084324736697
0,1,2.242606053382728,0.27444,5000,2.2690227738133184,0.16786570743405277,834,2.270729855607493,0.1618,0.9965824913954114,0.08347296333191905,,,0.95,,0.95001498149061,0.04998501850938997,0,0.09949141415713653,5,0.001,0.1,0.9882823496944425,1.0,0.9887961745303385,0.9865108277356037,0.9921654327684367,0.9940764450440476,0.9902016107810554,0.9930552113022647,0.9913716652497305,0.9923178763807401,0.9926185904828566,0.9887876416611445
0,2,2.2433109714726736,0.26192,5000,2.270790453310366,0.1630695443645084,834,2.270729855607493,0.1618,0.9955634686980557,0.0833876107946377,,,0.95,,0.95001498149061,0.04998501850938997,0,0.09949141415713653,5,0.001,0.1,0.985989744265296,0.9887961745303385,1.0,0.9900906887729248,0.9885256004740894,0.9873873274884198,0.991543609470251,0.9881425336397579,0.9927761540239882,0.9935347963116765,0.9909077898352068,0.988323308911634
0,3,2.243891847513284,0.29468,5000,2.270509852303399,0.1498800959232614,834,2.270729855607493,0.1618,0.9935998459574276,0.08322313930287321,,,0.95,,0.95001498149061,0.04998501850938997,0,0.09949141415713653,5,0.001,0.1,0.9881818535872028,0.9865108277356037,0.9900906887729248,1.0,0.9858096439677966,0.9879692768600972,0.9887296287874584,0.981949723947185,0.991159991738073,0.986993825507172,0.9852745941521088,0.9899040091382857
0,4,2.242711527636097,0.27992,5000,2.271700417553937,0.1644657863145258,833,2.270729855607493,0.1618,0.9952109446088957,0.08335808365501592,,,0.95,,0.95001498149061,0.04998501850938997,0,0.09949141415713653,5,0.001,0.1,0.9887706643791642,0.9921654327684367,0.9885256004740894,0.9858096439677966,1.0,0.9922678343796759,0.9898224261024928,0.9931433469744235,0.9893285160514628,0.9878998905581888,0.9913925225557912,0.9826830701260264
0,5,2.2414140986788804,0.28288,5000,2.2682726648118763,0.17286914765906364,833,2.270729855607493,0.1618,0.9955982160017917,0.08339052120138846,,,0.95,,0.95001498149061,0.04998501850938997,0,0.09949141415713653,5,0.001,0.1,0.9899814299808622,0.9940764450440476,0.9873873274884198,0.9879692768600972,0.9922678343796759,1.0,0.9899178070071853,0.9925896099425724,0.9881137972516677,0.9898678449691376,0.9879429662823921,0.986318236661575
0,6,2.2428020140168012,0.247,5000,2.2687746948666043,0.16686674669867949,833,2.270729855607493,0.1618,0.9954410331000144,0.08337735568552826,,,0.95,,0.95001498149061,0.04998501850938997,0,0.09949141415713653,5,0.001,0.1,0.9843987201290029,0.9902016107810554,0.991543609470251,0.9887296287874584,0.9898224261024928,0.9899178070071853,1.0,0.9924854156336994,0.9912073817872228,0.990019928374226,0.9867991997676143,0.9894302430569701
0,7,2.2406944132154916,0.23112,5000,2.2719697334148266,0.16806722689075632,833,2.270729855607493,0.1618,0.9948045857232772,0.08332404735530996,,,0.95,,0.95001498149061,0.04998501850938997,0,0.09949141415713653,5,0.001,0.1,0.9838458147044901,0.9930552113022647,0.9881425336397579,0.981949723947185,0.9931433469744235,0.9925896099425724,0.9924854156336994,1.0,0.9885492926176508,0.9899058237883824,0.9900402636326342,0.9832503997038926
0,8,2.242689491685029,0.26192,5000,2.272474765777588,0.17767106842737096,833,2.270729855607493,0.1618,0.9959162745215854,0.08341716153210807,,,0.95,,0.95001498149061,0.04998501850938997,0,0.09949141415713653,5,0.001,0.1,0.9861295235310904,0.9913716652497305,0.9927761540239882,0.991159991738073,0.9893285160514628,0.9881137972516677,0.9912073817872228,0.9885492926176508,1.0,0.9925952437575861,0.9898316594857037,0.989166646219155
0,9,2.2417764578655266,0.25,5000,2.275390148162842,0.1524609843937575,833,2.270729855607493,0.1618,0.995652506941723,0.08339506856769006,,,0.95,,0.95001498149061,0.04998501850938997,0,0.09949141415713653,5,0.001,0.1,0.9861205661247031,0.9923178763807401,0.9935347963116765,0.986993825507172,0.9878998905581888,0.9898678449691376,0.990019928374226,0.9899058237883824,0.9925952437575861,1.0,0.9897368642211198,0.9880880943354758
0,10,2.242534682705144,0.2716,5000,2.27723757425944,0.14165666266506602,833,2.270729855607493,0.1618,0.9950262065929909,0.08334261014453306,,,0.95,,0.95001498149061,0.04998501850938997,0,0.09949141415713653,5,0.001,0.1,0.9889727754599296,0.9926185904828566,0.9909077898352068,0.9852745941521088,0.9913925225557912,0.9879429662823921,0.9867991997676143,0.9900402636326342,0.9898316594857037,0.9897368642211198,1.0,0.9860861381634882
0,11,2.24402452365608,0.30528,5000,2.2659151554107666,0.16926770708283315,833,2.270729855607493,0.1618,0.9928520567898067,0.08316050507208173,,,0.95,,0.95001498149061,0.04998501850938997,0,0.09949141415713653,5,0.001,0.1,0.9816084324736697,0.9887876416611445,0.988323308911634,0.9899040091382857,0.9826830701260264,0.986318236661575,0.9894302430569701,0.9832503997038926,0.989166646219155,0.9880880943354758,0.9860861381634882,1.0
1,0,2.141747845965586,0.4182,5000,2.222076654434204,0.3009592326139089,834,2.2231157724849715,0.3003,0.9961929288002956,0.08317943897246144,,,0.95,,0.95001498149061,0.04998501850938997,0.9452649274403438,0.09974931188317011,5,0.001,0.1,1.0,0.9935471648981815,0.9931821406149726,0.9940034194306867,0.9944303945362538,0.9950012821241287,0.9919507525044294,0.9917713831417325,0.9926018774824339,0.9935446651785813,0.9935676314770111,0.990767400493143
1,1,2.137871814837122,0.43388,5000,2.221466488308377,0.28177458033573144,834,2.2231157724849715,0.3003,0.9981587603761545,0.08344047938885106,,,0.95,,0.95001498149061,0.04998501850938997,0.9452649274403438,0.09974931188317011,5,0.001,0.1,0.9935471648981815,1.0,0.9943480965799949,0.9928784759182405,0.9961774176159169,0.9969315252600331,0.9949708081384784,0.9965083488308457,0.9954678803209314,0.9965266694707685,0.9959183482697566,0.9945967344361589
1,2,2.13930116003486,0.42016,5000,2.2214211799480297,0.31894484412470026,834,2.2231157724849715,0.3003,0.9978063502846157,0.08337673662718387,,,0.95,,0.95001498149061,0.04998501850938997,0.9452649274403438,0.09974931188317011,5,0.001,0.1,0.9931821406149726,0.9943480965799949,1.0,0.9951461146473444,0.9950426356360306,0.9937897295449575,0.9953111612062288,0.9946957826099073,0.9960259162107282,0.9967339422282747,0.9955652024270265,0.993820237698717
1,3,2.1390842238808894,0.45168,5000,2.2234393314079,0.28896882494004794,834,2.2231157724849715,0.3003,0.996851563992802,0.08324500414322196,,,0.95,,0.95001498149061,0.04998501850938997,0.9452649274403438,0.09974931188317011,5,0.001,0.1,0.9940034194306867,0.9928784759182405,0.9951461146473444,1.0,0.9934921900123556,0.9946904581396148,0.9940430994140209,0.991907800884337,0.9954120783412085,0.9937832506945893,0.9924370625532404,0.9944567985995194
1,4,2.1394878647130007,0.41976,5000,2.2230162532241255,0.297719087635054,833,2.2231157724849715,0.3003,0.9979276457207056,0.08336253832763942,,,0.95,,0.95001498149061,0.04998501850938997,0.9452649274403438,0.09974931188317011,5,0.001,0.1,0.9944303945362538,0.9961774176159169,0.9950426356360306,0.9934921900123556,1.0,0.9963706361453167,0.9946454951329176,0.9963609229282613,0.9948771339730781,0.9949739869714648,0.9960877319012649,0.9926522940662684
1,5,2.132713096157001,0.4466,5000,2.2206419662193015,0.31092436974789917,833,2.2231157724849715,0.3003,0.997994293302222,0.08338459072358408,,,0.95,,0.95001498149061,0.04998501850938997,0.9452649274403438,0.09974931188317011,5,0.001,0.1,0.9950012821241287,0.9969315252600331,0.9937897295449575,0.9946904581396148,0.9963706361453167,1.0,0.9950675796731645,0.9960827103688997,0.9940680245356572,0.9955195376212599,0.9939902229975255,0.9944018916239127
1,6,2.1396118262770827,0.41916,5000,2.220279172614769,0.31812725090036015,833,2.2231157724849715,0.3003,0.9975254252640876,0.08336137423436452,,,0.95,,0.95001498149061,0.04998501850938997,0.9452649274403438,0.09974931188317011,5,0.001,0.1,0.9919507525044294,0.9949708081384784,0.9953111612062288,0.9940430994140209,0.9946454951329176,0.9950675796731645,1.0,0.9961600730878597,0.9950237968233551,0.99501523503065,0.9929925752618401,0.9951177738160687
1,7,2.135096230932102,0.40224,5000,2.2231312063005237,0.3133253301320528,833,2.2231157724849715,0.3003,0.9976345178697944,0.08333219218816683,,,0.95,,0.95001498149061,0.04998501850938997,0.9452649274403438,0.09974931188317011,5,0.001,0.1,0.9917713831417325,0.9965083488308457,0.9946957826099073,0.991907800884337,0.9963609229282613,0.9960827103688997,0.9961600730878597,1.0,0.9942597538173421,0.9954799837024064,0.9952983271148944,0.9930708754193707
1,8,2.137281276921558,0.44012,5000,2.226602068653813,0.30732292917166865,833,2.2231157724849715,0.3003,0.9977462503816121,0.08339292537068192,,,0.95,,0.95001498149061,0.04998501850938997,0.9452649274403438,0.09974931188317011,5,0.001,0.1,0.9926018774824339,0.9954678803209314,0.9960259162107282,0.9954120783412085,0.9948771339730781,0.9940680245356572,0.9950237968233551,0.9942597538173421,1.0,0.996109353273668,0.9945879369815154,0.9945055661293926
1,9,2.1363306894423855,0.42672,5000,2.227873961130778,0.2857142857142857,833,2.2231157724849715,0.3003,0.9980469682744271,0.08338908136892546,,,0.95,,0.95001498149061,0.04998501850938997,0.9452649274403438,0.09974931188317011,5,0.001,0.1,0.9935446651785813,0.9965266694707685,0.9967339422282747,0.9937832506945893,0.9949739869714648,0.9955195376212599,0.99501523503065,0.9954799837024064,0.996109353273668,1.0,0.9950362437558974,0.9938123564432408
1,10,2.1375367576149618,0.41016,5000,2.232150748923973,0.2725090036014406,833,2.2231157724849715,0.3003,0.9973646996195051,0.08333486816350004,,,0.95,,0.95001498149061,0.04998501850938997,0.9452649274403438,0.09974931188317011,5,0.001,0.1,0.9935676314770111,0.9959183482697566,0.9955652024270265,0.9924370625532404,0.9960877319012649,0.9939902229975255,0.9929925752618401,0.9952983271148944,0.9945879369815154,0.9950362437558974,1.0,0.992891797950849
1,11,2.139067402766768,0.46444,5000,2.2170943507441767,0.30732292917166865,833,2.2231157724849715,0.3003,0.9966717016713067,0.08320077049141948,,,0.95,,0.95001498149061,0.04998501850938997,0.9452649274403438,0.09974931188317011,5,0.001,0.1,0.990767400493143,0.9945967344361589,0.993820237698717,0.9944567985995194,0.9926522940662684,0.9944018916239127,0.9951177738160687,0.9930708754193707,0.9945055661293926,0.9938123564432408,0.992891797950849,1.0
2,0,1.9916493774219683,0.489,5000,2.162411831043385,0.45443645083932854,834,2.1635254252071197,0.4404,0.9977319899251516,0.08321700272722948,,,0.95,,0.95001498149061,0.04998501850938997,0.9828390221492573,0.09984113887848545,5,0.001,0.1,1.0,0.9962750420912713,0.9955429268031069,0.9960365014552971,0.9967713401759016,0.9968932665503899,0.9951107970010356,0.9954425503636716,0.9953001134608553,0.9959546433026,0.996190911790516,0.9942606626366024
2,1,1.9851918507533468,0.51536,5000,2.1620500794163457,0.4304556354916067,834,2.1635254252071197,0.4404,0.9988895246263008,0.08341445644405605,,,0.95,,0.95001498149061,0.04998501850938997,0.9828390221492573,0.09984113887848545,5,0.001,0.1,0.9962750420912713,1.0,0.9963713406748705,0.9964191430270809,0.9977960714832735,0.9975444286269591,0.9966308973047416,0.9978156653273332,0.9971197423505879,0.9977224643198724,0.9972979962957589,0.9966426781928373
2,2,1.9892050378641506,0.50104,5000,2.159712870915731,0.4568345323741007,834,2.1635254252071197,0.4404,0.9983807508775561,0.08335894211882974,,,0.95,,0.95001498149061,0.04998501850938997,0.9828390221492573,0.09984113887848545,5,0.001,0.1,0.9955429268031069,0.9963713406748705,1.0,0.9969109061690647,0.9966394862468503,0.99550378872351,0.9968986519366775,0.9963802839700037,0.9968905713438319,0.9975813899923935,0.9966468317234001,0.996176725444475
2,3,1.986721438663021,0.52152,5000,2.16448974609375,0.4244604316546763,834,2.1635254252071197,0.4404,0.9983692811981877,0.08327778297641299,,,0.95,,0.95001498149061,0.04998501850938997,0.9828390221492573,0.09984113887848545,5,0.001,0.1,0.9960365014552971,0.9964191430270809,0.9969109061690647,1.0,0.9964356775277053,0.9971110151998679,0.9964267292095916,0.9958851796479026,0.9971988319355621,0.9967152213024559,0.9955920509328435,0.9966803763031477
2,4,1.98850161786292,0.49112,5000,2.162027456142284,0.44657863145258103,833,2.1635254252071197,0.4404,0.99882879110201,0.08336469638284119,,,0.95,,0.95001498149061,0.04998501850938997,0.9828390221492573,0.09984113887848545,5,0.001,0.1,0.9967713401759016,0.9977960714832735,0.9966394862468503,0.9964356775277053,1.0,0.997495277672834,0.9967449760490839,0.9977908213147844,0.9966979800788838,0.997065816563315,0.9974291789259114,0.9960438318413022
2,5,1.97597602415996,0.52344,5000,2.1607245515894005,0.4429771908763505,833,2.1635254252071197,0.4404,0.9984540762688842,0.08336612567077133,,,0.95,,0.95001498149061,0.04998501850938997,0.9828390221492573,0.09984113887848545,5,0.001,0.1,0.9968932665503899,0.9975444286269591,0.99550378872351,0.9971110151998679,0.997495277672834,1.0,0.9962012384136012,0.9970337806938617,0.9956375674450652,0.9970400163484561,0.995772394456002,0.9961906509395718
2,6,1.989189802461369,0.52264,5000,2.159551593992445,0.4297719087635054,833,2.1635254252071197,0.4404,0.9983299228122281,0.08334788004386418,,,0.95,,0.95001498149061,0.04998501850938997,0.9828390221492573,0.09984113887848545,5,0.001,0.1,0.9951107970010356,0.9966308973047416,0.9968986519366775,0.9964267292095916,0.9967449760490839,0.9962012384136012,1.0,0.9974437944418096,0.9963931006185979,0.9965800287170911,0.9956136009813317,0.9968907758363585
2,7,1.9814512353034537,0.50968,5000,2.16156103875902,0.4525810324129652,833,2.1635254252071197,0.4404,0.9985950482094204,0.08333854096506454,,,0.95,,0.95001498149061,0.04998501850938997,0.9828390221492573,0.09984113887848545,5,0.001,0.1,0.9954425503636716,0.9978156653273332,0.9963802839700037,0.9958851796479026,0.9977908213147844,0.9970337806938617,0.9974437944418096,1.0,0.9964484718653105,0.9969406871948532,0.9969017812965953,0.9960251480062203
2,8,1.9846350729085838,0.521,5000,2.169298843101219,0.44417767106842737,833,2.1635254252071197,0.4404,0.9983619106302446,0.08336826223108638,,,0.95,,0.95001498149061,0.04998501850938997,0.9828390221492573,0.09984113887848545,5,0.001,0.1,0.9953001134608553,0.9971197423505879,0.9968905713438319,0.9971988319355621,0.9966979800788838,0.9956375674450652,0.9963931006185979,0.9964484718653105,1.0,0.9969453750095297,0.9963540886252868,0.996330369639562
2,9,1.9833597511242909,0.5158,5000,2.168588973857738,0.42016806722689076,833,2.1635254252071197,0.4404,0.9986992356127793,0.08337679292486327,,,0.95,,0.95001498149061,0.04998501850938997,0.9828390221492573,0.09984113887848545,5,0.001,0.1,0.9959546433026,0.9977224643198724,0.9975813899923935,0.9967152213024559,0.997065816563315,0.9970400163484561,0.9965800287170911,0.9969406871948532,0.9969453750095297,1.0,0.9963674834532945,0.9964433942161565
2,10,1.9859447266645491,0.49168,5000,2.17524430486891,0.42016806722689076,833,2.1635254252071197,0.4404,0.9982556889914892,0.08332922828294137,,,0.95,,0.95001498149061,0.04998501850938997,0.9828390221492573,0.09984113887848545,5,0.001,0.1,0.996190911790516,0.9972979962957589,0.9966468317234001,0.9955920509328435,0.9974291789259114,0.995772394456002,0.9956136009813317,0.9969017812965953,0.9963540886252868,0.9963674834532945,1.0,0.9958792365336232
2,11,1.985950143170205,0.538,5000,2.1561000523743807,0.46218487394957986,833,2.1635254252071197,0.4404,0.9980481289745612,0.08324028923203969,,,0.95,,0.95001498149061,0.04998501850938997,0.9828390221492573,0.09984113887848545,5,0.001,0.1,0.9942606626366024,0.9966426781928373,0.996176725444475,0.9966803763031477,0.9960438318413022,0.9961906509395718,0.9968907758363585,0.9960251480062203,0.996330369639562,0.9964433942161565,0.9958792365336232,1.0
3,0,1.8176437292888665,0.5366,5000,2.0888221440491854,0.5539568345323741,834,2.0898542221361835,0.5389,0.9985899098762674,0.08325500384330084,,,0.95,,0.95001498149061,0.04998501850938997,0.9932062525801982,0.09988059807901241,5,0.001,0.1,1.0,0.9975825912462296,0.9968940672375862,0.9972582963868113,0.9974004107875193,0.997952997359225,0.9968590638246976,0.997245466531494,0.9967545482652959,0.9973120987513184,0.9973064857904569,0.9962172220184974
3,1,1.8090043224346866,0.55728,5000,2.088733924759759,0.526378896882494,834,2.0898542221361835,0.5389,0.9991174514072609,0.08339310512301397,,,0.95,,0.95001498149061,0.04998501850938997,0.9932062525801982,0.09988059807901241,5,0.001,0.1,0.9975825912462296,1.0,0.9971942899353189,0.9971162978302056,0.9981766022777948,0.9981549803130002,0.9975942476886243,0.998267274167789,0.9976046227684549,0.9980489831843793,0.9979794000451772,0.9973810173698506
3,2,1.8143928237781404,0.5472,5000,2.083168294694689,0.5695443645083933,834,2.0898542221361835,0.5389,0.9986879934664413,0.08334520460609998,,,0.95,,0.95001498149061,0.04998501850938997,0.9932062525801982,0.09988059807901241,5,0.001,0.1,0.9968940672375862,0.9971942899353189,1.0,0.9972073837781007,0.9970138558734026,0.9965923438133077,0.9976455076639417,0.9973552416914908,0.9974983529198999,0.9978632884637854,0.9976123322276543,0.9970781515601829
3,3,1.8112947132936708,0.55828,5000,2.091566068154794,0.5215827338129496,834,2.0898542221361835,0.5389,0.9986230960946463,0.08329334448736293,,,0.95,,0.95001498149061,0.04998501850938997,0.9932062525801982,0.09988059807901241,5,0.001,0.1,0.9972582963868113,0.9971162978302056,0.9972073837781007,1.0,0.9968022996251766,0.9978017660990632,0.9971584087699408,0.997064789434542,0.9975364563373218,0.9973163353379462,0.9967831467083983,0.9971350981640608
3,4,1.8141422074311857,0.53756,5000,2.0864603254530163,0.5414165666266506,833,2.0898542221361835,0.5389,0.9988828776746443,0.08335502253547988,,,0.95,,0.95001498149061,0.04998501850938997,0.9932062525801982,0.09988059807901241,5,0.001,0.1,0.9974004107875193,0.9981766022777948,0.9970138558734026,0.9968022996251766,1.0,0.9975915357981788,0.9973777804585019,0.9981980692123394,0.9971989771915352,0.9976622262284481,0.9980290524751613,0.9968386838181377
3,5,1.7952492217349398,0.56556,5000,2.0864546210677535,0.5378151260504201,833,2.0898542221361835,0.5389,0.9988878612570146,0.0833560597905076,,,0.95,,0.95001498149061,0.04998501850938997,0.9932062525801982,0.09988059807901241,5,0.001,0.1,0.997952997359225,0.9981549803130002,0.9965923438133077,0.9978017660990632,0.9975915357981788,1.0,0.9973259540379825,0.9979335991844223,0.9968727058836344,0.9978435548787351,0.997154501988119,0.9971271796611983
3,6,1.8133825258084924,0.573,5000,2.084598435295953,0.5330132052821128,833,2.0898542221361835,0.5389,0.9987778884282249,0.0833413226690234,,,0.95,,0.95001498149061,0.04998501850938997,0.9932062525801982,0.09988059807901241,5,0.001,0.1,0.9968590638246976,0.9975942476886243,0.9976455076639417,0.9971584087699408,0.9973777804585019,0.9973259540379825,1.0,0.9979088314092505,0.9971391971726138,0.9975100258867482,0.996952863575337,0.9975606085966006
3,7,1.8023473308344555,0.56784,5000,2.085670718440303,0.5330132052821128,833,2.0898542221361835,0.5389,0.9990566554063135,0.08334459271114501,,,0.95,,0.95001498149061,0.04998501850938997,0.9932062525801982,0.09988059807901241,5,0.001,0.1,0.997245466531494,0.998267274167789,0.9973552416914908,0.997064789434542,0.9981980692123394,0.9979335991844223,0.9979088314092505,1.0,0.9973135330867062,0.9977862744737886,0.9979862264468661,0.9973135519093905
3,8,1.8096833493299544,0.5626,5000,2.098711199230618,0.5258103241296519,833,2.0898542221361835,0.5389,0.9986636736169197,0.08335013469897334,,,0.95,,0.95001498149061,0.04998501850938997,0.9932062525801982,0.09988059807901241,5,0.001,0.1,0.9967545482652959,0.9976046227684549,0.9974983529198999,0.9975364563373218,0.9971989771915352,0.9968727058836344,0.9971391971726138,0.9973135330867062,1.0,0.9975803287251981,0.9971197012100556,0.9970442429584687
3,9,1.807410951480744,0.56776,5000,2.095353470908271,0.5294117647058824,833,2.0898542221361835,0.5389,0.9990105233317851,0.08336655947602949,,,0.95,,0.95001498149061,0.04998501850938997,0.9932062525801982,0.09988059807901241,5,0.001,0.1,0.9973120987513184,0.9980489831843793,0.9978632884637854,0.9973163353379462,0.9976622262284481,0.9978435548787351,0.9975100258867482,0.9977862744737886,0.9975803287251981,1.0,0.9975784722061249,0.997317825282623
3,10,1.8100473068322345,0.54092,5000,2.1041385685956038,0.539015606242497,833,2.0898542221361835,0.5389,0.9988370161710921,0.08333179388964976,,,0.95,,0.95001498149061,0.04998501850938997,0.9932062525801982,0.09988059807901241,5,0.001,0.1,0.9973064857904569,0.9979794000451772,0.9976123322276543,0.9967831467083983,0.9980290524751613,0.997154501988119,0.996952863575337,0.9979862264468661,0.9971197012100556,0.9975784722061249,1.0,0.9972391161074076
3,11,1.8066502305352763,0.57496,5000,2.080749789873759,0.5558223289315727,833,2.0898542221361835,0.5389,0.9985457043574292,0.08326785616941366,,,0.95,,0.95001498149061,0.04998501850938997,0.9932062525801982,0.09988059807901241,5,0.001,0.1,0.9962172220184974,0.9973810173698506,0.9970781515601829,0.9971350981640608,0.9968386838181377,0.9971271796611983,0.9975606085966006,0.9973135519093905,0.9970442429584687,0.997317825282623,0.9972391161074076,1.0
4,0,1.6540839807243104,0.56484,5000,2.000814437866211,0.5875299760191847,834,2.0014761709176696,0.5896,0.9986722991370695,0.08327896506813379,,,0.95,,0.95001498149061,0.04998501850938997,0.9968619354961217,0.09988670288426146,5,0.001,0.1,1.0,0.9977963443363698,0.9972662005467362,0.9972363296141823,0.9974698140858623,0.9977620928811642,0.9968973300853528,0.9975076668071688,0.9971477946747044,0.9973645454077298,0.9974032552374006,0.9966610455235109
4,1,1.6435955380937857,0.58108,5000,2.000662441606875,0.5731414868105515,834,2.0014761709176696,0.5896,0.9992286339265759,0.08338159901653949,,,0.95,,0.95001498149061,0.04998501850938997,0.9968619354961217,0.09988670288426146,5,0.001,0.1,0.9977963443363698,1.0,0.9976150533418442,0.9974241285642849,0.998178300305121,0.9981856586849682,0.9977901846311522,0.9983305667042867,0.9978553154366687,0.9982087618532786,0.9980951546034005,0.9976976565073506
4,2,1.650196943313453,0.5778,5000,1.9915450899689287,0.6127098321342925,834,2.0014761709176696,0.5896,0.9987452734026141,0.08333662866700263,,,0.95,,0.95001498149061,0.04998501850938997,0.9968619354961217,0.09988670288426146,5,0.001,0.1,0.9972662005467362,0.9976150533418442,1.0,0.9971371452589431,0.9972891135707493,0.9968287161750935,0.9975598853620471,0.9975095861027805,0.9974484264178451,0.9975016676565993,0.9979048620859704,0.9973242397671936
4,3,1.6458007114708044,0.58284,5000,2.0040281083848743,0.5671462829736211,834,2.0014761709176696,0.5896,0.9986401375811932,0.08330143654363341,,,0.95,,0.95001498149061,0.04998501850938997,0.9968619354961217,0.09988670288426146,5,0.001,0.1,0.9972363296141823,0.9974241285642849,0.9971371452589431,1.0,0.9968234138925711,0.998079736099952,0.9971757754201724,0.9973776118291606,0.9974825460003286,0.9973698945365825,0.9968121760111599,0.9972075951411218
4,4,1.651496347120613,0.56452,5000,1.9957103331883748,0.5930372148859544,833,2.0014761709176696,0.5896,0.9988474596382602,0.08334594651820865,,,0.95,,0.95001498149061,0.04998501850938997,0.9968619354961217,0.09988670288426146,5,0.001,0.1,0.9974698140858623,0.998178300305121,0.9972891135707493,0.9968234138925711,1.0,0.997495361563527,0.997351087237462,0.9980937019370896,0.9973613428045368,0.9976177016653028,0.9978648442991714,0.9970639050661112
4,5,1.6281127726196483,0.5916,5000,1.9977050445697926,0.5846338535414166,833,2.0014761709176696,0.5896,0.9989582503442536,0.08335015799317515,,,0.95,,0.95001498149061,0.04998501850938997,0.9968619354961217,0.09988670288426146,5,0.001,0.1,0.9977620928811642,0.9981856586849682,0.9968287161750935,0.998079736099952,0.997495361563527,1.0,0.9973951594756297,0.9979834298285911,0.9972316425921461,0.9980310401533908,0.9974114222471726,0.9975334507178346
4,6,1.6477408930754205,0.60036,5000,1.9949815449891266,0.5978391356542617,833,2.0014761709176696,0.5896,0.9987755116524878,0.0833352242276348,,,0.95,,0.95001498149061,0.04998501850938997,0.9968619354961217,0.09988670288426146,5,0.001,0.1,0.9968973300853528,0.9977901846311522,0.9975598853620471,0.9971757754201724,0.997351087237462,0.9973951594756297,1.0,0.9978783647433568,0.9971180958041211,0.997572448695586,0.997354331488289,0.9976544089188026
4,7,1.6360265306606414,0.59756,5000,1.9944514610149242,0.5942376950780313,833,2.0014761709176696,0.5896,0.9991159178159325,0.08334821497984012,,,0.95,,0.95001498149061,0.04998501850938997,0.9968619354961217,0.09988670288426146,5,0.001,0.1,0.9975076668071688,0.9983305667042867,0.9975095861027805,0.9973776118291606,0.9980937019370896,0.9979834298285911,0.9978783647433568,1.0,0.997624413344129,0.9978033996762897,0.9980565621159083,0.9976616993849267
4,8,1.6439179654334002,0.5934,5000,2.014088608600475,0.5786314525810324,833,2.0014761709176696,0.5896,0.9987667342520625,0.08334034424940732,,,0.95,,0.95001498149061,0.04998501850938997,0.9968619354961217,0.09988670288426146,5,0.001,0.1,0.9971477946747044,0.9978553154366687,0.9974484264178451,0.9974825460003286,0.9973613428045368,0.9972316425921461,0.9971180958041211,0.997624413344129,1.0,0.9974989404286254,0.9975244704380619,0.9973487899077956
4,9,1.6430319231786545,0.59412,5000,2.0076405781286732,0.5834333733493398,833,2.0014761709176696,0.5896,0.9989918728514315,0.08335768117582931,,,0.95,,0.95001498149061,0.04998501850938997,0.9968619354961217,0.09988670288426146,5,0.001,0.1,0.9973645454077298,0.9982087618532786,0.9975016676565993,0.9973698945365825,0.9976177016653028,0.9980310401533908,0.997572448695586,0.9978033996762897,0.9974989404286254,1.0,0.9976852537767199,0.9976860424004019
4,10,1.6459392330449099,0.57644,5000,2.0178692738215127,0.5918367346938775,833,2.0014761709176696,0.5896,0.9989361749958431,0.08333456640844446,,,0.95,,0.95001498149061,0.04998501850938997,0.9968619354961217,0.09988670288426146,5,0.001,0.1,0.9974032552374006,0.9980951546034005,0.9979048620859704,0.9968121760111599,0.9978648442991714,0.9974114222471726,0.997354331488289,0.9980565621159083,0.9975244704380619,0.9976852537767199,1.0,0.9975604915894605
4,11,1.6387656982537289,0.5976,5000,1.9901400451306943,0.6110444177671068,833,2.0014761709176696,0.5896,0.9987463381249937,0.08328923515215082,,,0.95,,0.95001498149061,0.04998501850938997,0.9968619354961217,0.09988670288426146,5,0.001,0.1,0.9966610455235109,0.9976976565073506,0.9973242397671936,0.9972075951411218,0.9970639050661112,0.9975334507178346,0.9976544089188026,0.9976616993849267,0.9973487899077956,0.9976860424004019,0.9975604915894605,1.0
5,0,1.5122497189576458,0.58776,5000,1.8992065985997517,0.6091127098321343,834,1.8991709303932067,0.6083,0.9986589574461286,0.08329542630663767,,,0.95,,0.95001498149061,0.04998501850938997,0.9980494053578003,0.09987991317170702,5,0.001,0.1,1.0,0.997554545842316,0.9970897261429694,0.997255948557416,0.9971716789304395,0.9976339135010365,0.9972658132180824,0.9973156226501809,0.9972117799250706,0.9972345551613351,0.9972007429806284,0.996600501606217
5,1,1.501997269035145,0.59892,5000,1.8984471559524536,0.5983213429256595,834,1.8991709303932067,0.6083,0.9990576267120566,0.08337122647836802,,,0.95,,0.95001498149061,0.04998501850938997,0.9980494053578003,0.09987991317170702,5,0.001,0.1,0.997554545842316,1.0,0.9974308958848801,0.997209586214487,0.9978706754680264,0.9979073136963946,0.997596861179977,0.9979412141928946,0.9975150984433377,0.9980117851898038,0.9978396018673477,0.9974323982331933
5,2,1.5081211241187564,0.60124,5000,1.8855483708558258,0.63189448441247,834,1.8991709303932067,0.6083,0.9987582264153121,0.08333398864208462,,,0.95,,0.95001498149061,0.04998501850938997,0.9980494053578003,0.09987991317170702,5,0.001,0.1,0.9970897261429694,0.9974308958848801,1.0,0.9971061801596462,0.9971006235499533,0.9967976733395313,0.9977005685423729,0.9973168484139457,0.9976034719987071,0.997492149961616,0.9977788428686679,0.9973060733496987
5,3,1.5054803475452836,0.59976,5000,1.9028032620747883,0.580335731414868,834,1.8991709303932067,0.6083,0.9985605814296182,0.08330603065027492,,,0.95,,0.95001498149061,0.04998501850938997,0.9980494053578003,0.09987991317170702,5,0.001,0.1,0.997255948557416,0.997209586214487,0.9971061801596462,1.0,0.996744190272673,0.9978982303329869,0.996891618964309,0.9971557041716643,0.9971211226194369,0.9972187442135686,0.9967781701837876,0.9969759612762532
5,4,1.510907773910814,0.58808,5000,1.890734694622181,0.6086434573829532,833,1.8991709303932067,0.6083,0.9987725570976005,0.08334016473083969,,,0.95,,0.95001498149061,0.04998501850938997,0.9980494053578003,0.09987991317170702,5,0.001,0.1,0.9971716789304395,0.9978706754680264,0.9971006235499533,0.996744190272673,1.0,0.9971902261732075,0.9974230339426563,0.9978784131711197,0.9971655235484723,0.9975674016665481,0.9976998905585791,0.997082218795315
5,5,1.486019691767966,0.61068,5000,1.895190503862169,0.6086434573829532,833,1.8991709303932067,0.6083,0.9988576357582002,0.08334549290427859,,,0.95,,0.95001498149061,0.04998501850938997,0.9980494053578003,0.09987991317170702,5,0.001,0.1,0.9976339135010365,0.9979073136963946,0.9967976733395313,0.9978982303329869,0.9971902261732075,1.0,0.9971145300287663,0.9976154801017629,0.9969348060714197,0.9979124335265804,0.9973672829472807,0.9975425187826711
5,6,1.5065609158983655,0.61984,5000,1.8915580643547907,0.617046818727491,833,1.8991709303932067,0.6083,0.9987721012942321,0.08333357524145894,,,0.95,,0.95001498149061,0.04998501850938997,0.9980494053578003,0.09987991317170702,5,0.001,0.1,0.9972658132180824,0.997596861179977,0.9977005685423729,0.996891618964309,0.9974230339426563,0.9971145300287663,1.0,0.9975645476592176,0.9968300604845968,0.997321258577787,0.9975334663136465,0.9976477122375362
5,7,1.494484501887279,0.61772,5000,1.888459254194189,0.6086434573829532,833,1.8991709303932067,0.6083,0.9989282255187543,0.08334657961876024,,,0.95,,0.95001498149061,0.04998501850938997,0.9980494053578003,0.09987991317170702,5,0.001,0.1,0.9973156226501809,0.9979412141928946,0.9973168484139457,0.9971557041716643,0.9978784131711197,0.9976154801017629,0.9975645476592176,1.0,0.9972636380557718,0.99745272775693,0.9978919208309522,0.997363766398335
5,8,1.5013921137068682,0.61164,5000,1.9164285880547982,0.6002400960384153,833,1.8991709303932067,0.6083,0.9986666387270506,0.08333331117841626,,,0.95,,0.95001498149061,0.04998501850938997,0.9980494053578003,0.09987991317170702,5,0.001,0.1,0.9972117799250706,0.9975150984433377,0.9976034719987071,0.9971211226194369,0.9971655235484723,0.9969348060714197,0.9968300604845968,0.9972636380557718,1.0,0.9974054819539984,0.9974438851680857,0.9971303097734135
5,9,1.500490398467726,0.61748,5000,1.906014464519642,0.6002400960384153,833,1.8991709303932067,0.6083,0.9989321129700292,0.08335250963583812,,,0.95,,0.95001498149061,0.04998501850938997,0.9980494053578003,0.09987991317170702,5,0.001,0.1,0.9972345551613351,0.9980117851898038,0.997492149961616,0.9972187442135686,0.9975674016665481,0.9979124335265804,0.997321258577787,0.99745272775693,0.9974054819539984,1.0,0.9975771048754376,0.9976125846656112
5,10,1.505457271664006,0.60288,5000,1.9172078635957506,0.602641056422569,833,1.8991709303932067,0.6083,0.9989217470475257,0.08333800139942871,,,0.95,,0.95001498149061,0.04998501850938997,0.9980494053578003,0.09987991317170702,5,0.001,0.1,0.9972007429806284,0.9978396018673477,0.9977788428686679,0.9967781701837876,0.9976998905585791,0.9973672829472807,0.9975334663136465,0.9978919208309522,0.9974438851680857,0.9975771048754376,1.0,0.997571629299188
5,11,1.4951615293314502,0.61316,5000,1.8852445990950972,0.6338535414165666,833,1.8991709303932067,0.6083,0.9987199809754577,0.08330369321361433,,,0.95,,0.95001498149061,0.04998501850938997,0.9980494053578003,0.09987991317170702,5,0.001,0.1,0.996600501606217,0.9974323982331933,0.9973060733496987,0.9969759612762532,0.997082218795315,0.9975425187826711,0.9976477122375362,0.997363766398335,0.9971303097734135,0.9976125846656112,0.997571629299188,1.0
6,0,1.3940220665779843,0.60424,5000,1.7859771251678467,0.6163069544364509,834,1.7850476594778677,0.6207,0.9985024685727213,0.08330637248010157,,,0.95,,0.95001498149061,0.04998501850938997,0.9984009749589873,0.09986166203734105,5,0.001,0.1,1.0,0.997319453952481,0.9965483568661397,0.9968910086414807,0.9967085842780569,0.9971177915635328,0.9968745038576651,0.9971206112460493,0.9969333115980582,0.9969265682576159,0.9966427382385766,0.996383692019887
6,1,1.381136551100737,0.61732,5000,1.784410105811225,0.6187050359712231,834,1.7850476594778677,0.6207,0.998806903738483,0.08336268127175689,,,0.95,,0.95001498149061,0.04998501850938997,0.9984009749589873,0.09986166203734105,5,0.001,0.1,0.997319453952481,1.0,0.9968830548876825,0.996751193448798,0.9973686574777961,0.9970227379753338,0.9972845516648043,0.9974149780619036,0.9971618956942004,0.9975296047397881,0.997295948330188,0.9970802142562917
6,2,1.388794818425634,0.61776,5000,1.7673708730273776,0.6510791366906474,834,1.7850476594778677,0.6207,0.9985778415271944,0.0833324528019488,,,0.95,,0.95001498149061,0.04998501850938997,0.9984009749589873,0.09986166203734105,5,0.001,0.1,0.9965483568661397,0.9968830548876825,1.0,0.9965285824667194,0.9968384020507235,0.9965212324695686,0.9973554336436297,0.9970109301460665,0.9972653791773779,0.9970520851753683,0.9973064877252048,0.9970586508615759
6,3,1.3851864204285251,0.61588,5000,1.7898967221931175,0.5935251798561151,834,1.7850476594778677,0.6207,0.9983651151689438,0.08330844226917533,,,0.95,,0.95001498149061,0.04998501850938997,0.9984009749589873,0.09986166203734105,5,0.001,0.1,0.9968910086414807,0.996751193448798,0.9965285824667194,1.0,0.9962216370993021,0.9976514132475975,0.9964863344007133,0.9967167936146013,0.9968136536943107,0.9967617669022041,0.9962135654619334,0.9967848045385757
6,4,1.392001292128472,0.60712,5000,1.773532580446314,0.6194477791116446,833,1.7850476594778677,0.6207,0.9985907567311677,0.0833366570159644,,,0.95,,0.95001498149061,0.04998501850938997,0.9984009749589873,0.09986166203734105,5,0.001,0.1,0.9967085842780569,0.9973686574777961,0.9968384020507235,0.9962216370993021,1.0,0.9966213992444942,0.9972091729761317,0.9975705903599595,0.9969054915275298,0.997193638035018,0.9971296177541946,0.9967554558544174
6,5,1.3655548764641878,0.62964,5000,1.7806864314609103,0.6122448979591837,833,1.7850476594778677,0.6207,0.998618552486295,0.08334082153648541,,,0.95,,0.95001498149061,0.04998501850938997,0.9984009749589873,0.09986166203734105,5,0.001,0.1,0.9971177915635328,0.9970227379753338,0.9965212324695686,0.9976514132475975,0.9966213992444942,1.0,0.9967907448361215,0.9970519525191716,0.9967013576798051,0.997403123908704,0.9967965900644655,0.9971781936101961
6,6,1.3855172442782457,0.63252,5000,1.7765677063553422,0.631452581032413,833,1.7850476594778677,0.6207,0.9986439860878147,0.08333433412963531,,,0.95,,0.95001498149061,0.04998501850938997,0.9984009749589873,0.09986166203734105,5,0.001,0.1,0.9968745038576651,0.9972845516648043,0.9973554336436297,0.9964863344007133,0.9972091729761317,0.9967907448361215,1.0,0.9973114271141553,0.9965044753010881,0.9969983806883086,0.9971331461638671,0.9972129859934205
6,7,1.3733158855681207,0.63316,5000,1.769718885421753,0.60984393757503,833,1.7850476594778677,0.6207,0.9987453925581922,0.08334558174986433,,,0.95,,0.95001498149061,0.04998501850938997,0.9984009749589873,0.09986166203734105,5,0.001,0.1,0.9971206112460493,0.9974149780619036,0.9970109301460665,0.9967167936146013,0.9975705903599595,0.9970519525191716,0.9973114271141553,1.0,0.9970474215754939,0.997048857997851,0.9971695109814152,0.9969128019931107
6,8,1.3815006470983955,0.62632,5000,1.8081034377769187,0.6182472989195679,833,1.7850476594778677,0.6207,0.9985769346956422,0.08333200809167145,,,0.95,,0.95001498149061,0.04998501850938997,0.9984009749589873,0.09986166203734105,5,0.001,0.1,0.9969333115980582,0.9971618956942004,0.9972653791773779,0.9968136536943107,0.9969054915275298,0.9967013576798051,0.9965044753010881,0.9970474215754939,1.0,0.9969189662529131,0.9972201928562191,0.9968856850717898
6,9,1.380060557423124,0.63412,5000,1.7924540175331964,0.6122448979591837,833,1.7850476594778677,0.6207,0.9987333353158351,0.08334882907090577,,,0.95,,0.95001498149061,0.04998501850938997,0.9984009749589873,0.09986166203734105,5,0.001,0.1,0.9969265682576159,0.9975296047397881,0.9970520851753683,0.9967617669022041,0.997193638035018,0.997403123908704,0.9969983806883086,0.997048857997851,0.9969189662529131,1.0,0.9971085362178412,0.9972896431598426
6,10,1.3852333010381954,0.61928,5000,1.804281305383753,0.6182472989195679,833,1.7850476594778677,0.6207,0.9986446429449405,0.08333706958890574,,,0.95,,0.95001498149061,0.04998501850938997,0.9984009749589873,0.09986166203734105,5,0.001,0.1,0.9966427382385766,0.997295948330188,0.9973064877252048,0.9962135654619334,0.9971296177541946,0.9967965900644655,0.9971331461638671,0.9971695109814152,0.9972201928562191,0.9971085362178412,1.0,0.9971523242285505
6,11,1.373080410851035,0.62932,5000,1.7682352198494806,0.6470588235294118,833,1.7850476594778677,0.6207,0.9986049612826671,0.08331474999358499,,,0.95,,0.95001498149061,0.04998501850938997,0.9984009749589873,0.09986166203734105,5,0.001,0.1,0.996383692019887,0.9970802142562917,0.9970586508615759,0.9967848045385757,0.9967554558544174,0.9971781936101961,0.9972129859934205,0.9969128019931107,0.9968856850717898,0.9972896431598426,0.9971523242285505,1.0
7,0,1.293065232152392,0.6198,5000,1.6644118273699726,0.6258992805755396,834,1.6627814400310335,0.6321,0.998237220460047,0.08331148094736487,,,0.95,,0.95001498149061,0.04998501850938997,0.9985024790565168,0.09984011885312168,5,0.001,0.1,1.0,0.9967050896590438,0.9960308754928042,0.9961876153282124,0.99593698041796,0.9966890833013594,0.9963454289210361,0.9967206285445964,0.9965677723277345,0.9962770903094329,0.9963770376494081,0.9958676580688435
7,1,1.2813430720833456,0.62948,5000,1.662471886034365,0.6330935251798561,834,1.6627814400310335,0.6321,0.9987856331303336,0.08336371583082268,,,0.95,,0.95001498149061,0.04998501850938997,0.9985024790565168,0.09984011885312168,5,0.001,0.1,0.9967050896590438,1.0,0.9970479149529156,0.9964419641960325,0.9970071372768251,0.9969846106157665,0.9968897157945742,0.9971192649141923,0.9969122943887706,0.9972533270156637,0.9971650026035564,0.9967470852679503
7,2,1.2864233783855559,0.63408,5000,1.6408482789993286,0.6618705035971223,834,1.6627814400310335,0.6321,0.99842674696677,0.0833335930974485,,,0.95,,0.95001498149061,0.04998501850938997,0.9985024790565168,0.09984011885312168,5,0.001,0.1,0.9960308754928042,0.9970479149529156,1.0,0.9961620203905228,0.9963213465432097,0.9962292121144194,0.9967335470654568,0.9965361854172777,0.996700074017281,0.9965168028384966,0.9969846881588464,0.9967120736449555
