round,client_id,client_i_training_loss,client_i_training_accuracy,client_i_training_dataset_size,client_i_evaluation_loss,client_i_evaluation_accuracy,client_i_evaluation_dataset_size,client_i_central_evaluation_loss,client_i_central_evaluation_accuracy,client_i_cosine_similarity,client_i_importance_coefficient,client_i_tanh_val,tanh_normalization_value,client_i_q,client_i_mask_order,client_i_v_nonzero_fraction,client_i_v_sparsity,client_i_v_cosine_similarity,client_i_reward_gradient_norm,local_epochs,learning_rate,gamma,client_0_cosine_similarity,client_1_cosine_similarity,client_2_cosine_similarity,client_3_cosine_similarity,client_4_cosine_similarity,client_5_cosine_similarity,client_6_cosine_similarity,client_7_cosine_similarity,client_8_cosine_similarity,client_9_cosine_similarity,client_10_cosine_similarity,client_11_cosine_similarity
0,0,2.20611035823822,0.3964,5000,2.266805710615935,0.2541966426858513,834,2.2632101107710088,0.2801,0.99547430871038,0.08334180012875703,,,0.96,,0.9600139182880506,0.039986081711949395,0,0.09953727471700494,5,0.001,0.1,1.0,0.993053143532686,0.9935931261583332,0.9892162422354667,0.9880536532256586,0.9883832783386877,0.9903915465752648,0.992258166847499,0.9823751150636296,0.9916599641986075,0.9918895067588538,0.9895473638645494
0,1,2.208924528899466,0.41076,5000,2.263769918017917,0.26258992805755393,834,2.2632101107710088,0.2801,0.9975254481870259,0.08351352294953006,,,0.96,,0.9600139182880506,0.039986081711949395,0,0.09953727471700494,5,0.001,0.1,0.993053143532686,1.0,0.9934600870336132,0.9941570738601957,0.9919915436667327,0.9909560602921594,0.9903956056433139,0.9931793226633724,0.9880539860535915,0.9919700974113498,0.9942569210595581,0.9934470560637415
0,2,2.2075042903802955,0.41348,5000,2.262916953475387,0.290167865707434,834,2.2632101107710088,0.2801,0.9967026592002912,0.08344463848442575,,,0.96,,0.9600139182880506,0.039986081711949395,0,0.09953727471700494,5,0.001,0.1,0.9935931261583332,0.9934600870336132,1.0,0.9896328803292953,0.9874702500796619,0.9921652101548667,0.9908985810733548,0.9933331524784629,0.9866458268445393,0.9936235277259151,0.9925597102312996,0.9917107602613027
0,3,2.21142859944872,0.4328,5000,2.2584929201338024,0.28896882494004794,834,2.2632101107710088,0.2801,0.99585156071591,0.08337338392852758,,,0.96,,0.9600139182880506,0.039986081711949395,0,0.09953727471700494,5,0.001,0.1,0.9892162422354667,0.9941570738601957,0.9896328803292953,1.0,0.9901147757419997,0.9880010047443049,0.9844152368505161,0.9919489794763733,0.9906393667490895,0.9900205430583252,0.9928730668534625,0.9939080142207986
0,4,2.2039927339857552,0.43496,5000,2.2594381350058095,0.2929171668667467,833,2.2632101107710088,0.2801,0.9935690729593427,0.08318229246917028,,,0.96,,0.9600139182880506,0.039986081711949395,0,0.09953727471700494,5,0.001,0.1,0.9880536532256586,0.9919915436667327,0.9874702500796619,0.9901147757419997,1.0,0.9883503980834695,0.9913815748502668,0.9890235469122619,0.9785454736927037,0.9844681843852814,0.992526142049397,0.9857385178126439
0,5,2.2080705120305346,0.41948,5000,2.2559022108713784,0.2785114045618247,833,2.2632101107710088,0.2801,0.9952649622570066,0.0833242734983638,,,0.96,,0.9600139182880506,0.039986081711949395,0,0.09953727471700494,5,0.001,0.1,0.9883832783386877,0.9909560602921594,0.9921652101548667,0.9880010047443049,0.9883503980834695,1.0,0.9902126190692118,0.9937728944346224,0.985469762789123,0.9892481720197925,0.9917662734044892,0.9895948985841365
0,6,2.201711020500037,0.43276,5000,2.266259952827736,0.2653061224489796,833,2.2632101107710088,0.2801,0.9936844518623071,0.08319195207101616,,,0.96,,0.9600139182880506,0.039986081711949395,0,0.09953727471700494,5,0.001,0.1,0.9903915465752648,0.9903956056433139,0.9908985810733548,0.9844152368505161,0.9913815748502668,0.9902126190692118,1.0,0.9908984339644235,0.9771313552277752,0.9882207939573247,0.9905425038238754,0.9845539501002716
0,7,2.2093031038903885,0.44768,5000,2.266301464151453,0.2653061224489796,833,2.2632101107710088,0.2801,0.9971076176505226,0.08347854188697901,,,0.96,,0.9600139182880506,0.039986081711949395,0,0.09953727471700494,5,0.001,0.1,0.992258166847499,0.9931793226633724,0.9933331524784629,0.9919489794763733,0.9890235469122619,0.9937728944346224,0.9908984339644235,1.0,0.988288030602833,0.9913353663919181,0.9938750765943962,0.9920171585486953
0,8,2.21117561577232,0.38428,5000,2.2600684695773654,0.31212484993997597,833,2.2632101107710088,0.2801,0.9913040796461103,0.08299266565675266,,,0.96,,0.9600139182880506,0.039986081711949395,0,0.09953727471700494,5,0.001,0.1,0.9823751150636296,0.9880539860535915,0.9866458268445393,0.9906393667490895,0.9785454736927037,0.985469762789123,0.9771313552277752,0.988288030602833,1.0,0.986656798293786,0.984038367743966,0.9927658127481453
0,9,2.2089908247540713,0.4136,5000,2.2641521471518056,0.3013205282112845,833,2.2632101107710088,0.2801,0.9953095344784003,0.08332800511567846,,,0.96,,0.9600139182880506,0.039986081711949395,0,0.09953727471700494,5,0.001,0.1,0.9916599641986075,0.9919700974113498,0.9936235277259151,0.9900205430583252,0.9844681843852814,0.9892481720197925,0.9882207939573247,0.9913353663919181,0.986656798293786,1.0,0.9909733000614036,0.9902762166511044
0,10,2.209562418567147,0.42572,5000,2.2700672149658203,0.2785114045618247,833,2.2632101107710088,0.2801,0.996833703038986,0.0834556095655647,,,0.96,,0.9600139182880506,0.039986081711949395,0,0.09953727471700494,5,0.001,0.1,0.9918895067588538,0.9942569210595581,0.9925597102312996,0.9928730668534625,0.992526142049397,0.9917662734044892,0.9905425038238754,0.9938750765943962,0.984038367743966,0.9909733000614036,1.0,0.991357494067673
0,11,2.2095664057762,0.3994,5000,2.2664356143386275,0.27130852340936373,833,2.2632101107710088,0.2801,0.9958507283853402,0.08337331424523452,,,0.96,,0.9600139182880506,0.039986081711949395,0,0.09953727471700494,5,0.001,0.1,0.9895473638645494,0.9934470560637415,0.9917107602613027,0.9939080142207986,0.9857385178126439,0.9895948985841365,0.9845539501002716,0.9920171585486953,0.9927658127481453,0.9902762166511044,0.991357494067673,1.0
1,0,2.057282107347136,0.51092,5000,2.2132741345299616,0.41007194244604317,834,2.208609337243028,0.4338,0.9980120014160245,0.08334074883120557,,,0.96,,0.9600139182880506,0.039986081711949395,0.9428980014688836,0.09979436699487897,5,0.001,0.1,1.0,0.9964126087322608,0.996433501419682,0.99570946011524,0.9950593041297562,0.9947196993147285,0.9951979845192518,0.9963507392194416,0.9933462514880231,0.9965436795284308,0.9967373287059876,0.9949968024970454
1,1,2.062666732642301,0.53572,5000,2.210046644564028,0.420863309352518,834,2.208609337243028,0.4338,0.9985935926117392,0.08346485812302254,,,0.96,,0.9600139182880506,0.039986081711949395,0.9428980014688836,0.09979436699487897,5,0.001,0.1,0.9964126087322608,1.0,0.996867929240833,0.9972232166248893,0.9966810164590844,0.9964578396272691,0.9956372741875541,0.9965971532773235,0.9938307286687411,0.9961434379312412,0.9969670576707594,0.9956498930897439
1,2,2.0588731460510545,0.53004,5000,2.2089225274545177,0.447242206235012,834,2.208609337243028,0.4338,0.9984311349504588,0.0834173602250322,,,0.96,,0.9600139182880506,0.039986081711949395,0.9428980014688836,0.09979436699487897,5,0.001,0.1,0.996433501419682,0.996867929240833,1.0,0.9961126692793172,0.9956836796844558,0.9964848999991953,0.995419081040268,0.9960393718470227,0.9942075745915782,0.9969180461935202,0.9967507906977707,0.9956089714667162
1,3,2.0660056398173046,0.552,5000,2.203495599605419,0.4460431654676259,834,2.208609337243028,0.4338,0.9984592343289105,0.08337456043262018,,,0.96,,0.9600139182880506,0.039986081711949395,0.9428980014688836,0.09979436699487897,5,0.001,0.1,0.99570946011524,0.9972232166248893,0.9961126692793172,1.0,0.9960741592466322,0.9959038675238967,0.9937952117594336,0.9968021942717846,0.995473048945224,0.9956858950234242,0.9973142553525097,0.996771936124964
1,4,2.050320423484608,0.53952,5000,2.204655956338953,0.4261704681872749,833,2.208609337243028,0.4338,0.9976377513100895,0.08323082596844218,,,0.96,,0.9600139182880506,0.039986081711949395,0.9428980014688836,0.09979436699487897,5,0.001,0.1,0.9950593041297562,0.9966810164590844,0.9956836796844558,0.9960741592466322,1.0,0.9961517011419644,0.9958988347592556,0.9958675462921216,0.9916310186095684,0.9941237159441799,0.996680044136419,0.9931802480583942
1,5,2.053954395367082,0.52568,5000,2.200920511175085,0.4429771908763505,833,2.208609337243028,0.4338,0.998138954227867,0.08333409665849459,,,0.96,,0.9600139182880506,0.039986081711949395,0.9428980014688836,0.09979436699487897,5,0.001,0.1,0.9947196993147285,0.9964578396272691,0.9964848999991953,0.9959038675238967,0.9961517011419644,1.0,0.9956528115618242,0.9968965290312136,0.9937927903418265,0.9959000933269303,0.996237960851462,0.9948347144760117
1,6,2.0434696007686055,0.53192,5000,2.2121402157677545,0.4261704681872749,833,2.208609337243028,0.4338,0.9970429651271018,0.08321754914762353,,,0.96,,0.9600139182880506,0.039986081711949395,0.9428980014688836,0.09979436699487897,5,0.001,0.1,0.9951979845192518,0.9956372741875541,0.995419081040268,0.9937952117594336,0.9958988347592556,0.9956528115618242,1.0,0.9957664802353695,0.9898641113272401,0.994915150354744,0.9956490030189126,0.99211075563486
1,7,2.057789388128147,0.53808,5000,2.2121459819652416,0.4009603841536615,833,2.208609337243028,0.4338,0.9985073532639543,0.08344061690185488,,,0.96,,0.9600139182880506,0.039986081711949395,0.9428980014688836,0.09979436699487897,5,0.001,0.1,0.9963507392194416,0.9965971532773235,0.9960393718470227,0.9968021942717846,0.9958675462921216,0.9968965290312136,0.9957664802353695,1.0,0.9942384492446399,0.9959470708616431,0.9974165597693565,0.9955159118666085
1,8,2.064068622346137,0.5258,5000,2.2062596215142145,0.468187274909964,833,2.208609337243028,0.4338,0.9962864959169349,0.08307088685767351,,,0.96,,0.9600139182880506,0.039986081711949395,0.9428980014688836,0.09979436699487897,5,0.001,0.1,0.9933462514880231,0.9938307286687411,0.9942075745915782,0.995473048945224,0.9916310186095684,0.9937927903418265,0.9898641113272401,0.9942384492446399,1.0,0.9932884953239954,0.9945002319039307,0.9966982803404941
1,9,2.0603197210153956,0.52652,5000,2.2081254764839455,0.45738295318127253,833,2.208609337243028,0.4338,0.9978650633318915,0.08332754337092256,,,0.96,,0.9600139182880506,0.039986081711949395,0.9428980014688836,0.09979436699487897,5,0.001,0.1,0.9965436795284308,0.9961434379312412,0.9969180461935202,0.9956858950234242,0.9941237159441799,0.9959000933269303,0.994915150354744,0.9959470708616431,0.9932884953239954,1.0,0.996134701655265,0.9941476708583765
1,10,2.0612773134450246,0.53624,5000,2.214783377117581,0.4345738295318127,833,2.208609337243028,0.4338,0.9987930725473675,0.0834357745036886,,,0.96,,0.9600139182880506,0.039986081711949395,0.9428980014688836,0.09979436699487897,5,0.001,0.1,0.9967373287059876,0.9969670576707594,0.9967507906977707,0.9973142553525097,0.996680044136419,0.996237960851462,0.9956490030189126,0.9974165597693565,0.9945002319039307,0.996134701655265,1.0,0.9964721558966526
1,11,2.0630722381506756,0.53736,5000,2.2139184739854603,0.4249699879951981,833,2.208609337243028,0.4338,0.9975504584530189,0.08334517897941982,,,0.96,,0.9600139182880506,0.039986081711949395,0.9428980014688836,0.09979436699487897,5,0.001,0.1,0.9949968024970454,0.9956498930897439,0.9956089714667162,0.996771936124964,0.9931802480583942,0.9948347144760117,0.99211075563486,0.9955159118666085,0.9966982803404941,0.9941476708583765,0.9964721558966526,1.0
2,0,1.8629012145813864,0.56912,5000,2.1456212644223815,0.5419664268585132,834,2.1397007593331625,0.5577,0.9986342132908061,0.0833414980012208,,,0.96,,0.9600139182880506,0.039986081711949395,0.9835607840718333,0.09985222474622843,5,0.001,0.1,1.0,0.9972898155471531,0.9973826753906943,0.996751476887837,0.9966205713103643,0.9965290249669497,0.9970485308979544,0.9975705264730484,0.9950039396126708,0.9974679352497537,0.997669151035718,0.9965648038919215
2,1,1.8701851448435691,0.577,5000,2.1420693044309265,0.5335731414868106,834,2.1397007593331625,0.5577,0.9989394816561001,0.08342746153046161,,,0.96,,0.9600139182880506,0.039986081711949395,0.9835607840718333,0.09985222474622843,5,0.001,0.1,0.9972898155471531,1.0,0.9975826245837479,0.9977193742180581,0.9975143161054135,0.9974872672731921,0.9969113609248427,0.997563361637932,0.9956572728522567,0.9969926875838586,0.9976796083422009,0.9971566910748133
2,2,1.8632033179520042,0.58416,5000,2.1405793560875788,0.5587529976019184,834,2.1397007593331625,0.5577,0.9988171704986332,0.08339438547247553,,,0.96,,0.9600139182880506,0.039986081711949395,0.9835607840718333,0.09985222474622843,5,0.001,0.1,0.9973826753906943,0.9975826245837479,1.0,0.9967581663703965,0.9969207601126998,0.9973734128738653,0.9972036969776118,0.9972658782248841,0.9954046002834414,0.9974653333882465,0.9977766626995378,0.9969560547650478
2,3,1.8729775665671962,0.59512,5000,2.1340524090660944,0.5815347721822542,834,2.1397007593331625,0.5577,0.9986966892023904,0.08336424960833702,,,0.96,,0.9600139182880506,0.039986081711949395,0.9835607840718333,0.09985222474622843,5,0.001,0.1,0.996751476887837,0.9977193742180581,0.9967581663703965,1.0,0.9967920469817942,0.9969339498667832,0.9956891989289959,0.9973220053625327,0.9971903786094776,0.9962138028426667,0.9974170530602787,0.9978637974441619
2,4,1.8536460103502699,0.58372,5000,2.1348794213047735,0.5402160864345739,833,2.1397007593331625,0.5577,0.9983716413999463,0.0832656124510642,,,0.96,,0.9600139182880506,0.039986081711949395,0.9835607840718333,0.09985222474622843,5,0.001,0.1,0.9966205713103643,0.9975143161054135,0.9969207601126998,0.9967920469817942,1.0,0.9974578997515964,0.996882210915293,0.9972198527531935,0.9942880399392021,0.9956972054989094,0.997552161081801,0.995809813883365
2,5,1.8537116281545845,0.57836,5000,2.13150304335135,0.5690276110444178,833,2.1397007593331625,0.5577,0.9986645261308171,0.08333839692261674,,,0.96,,0.9600139182880506,0.039986081711949395,0.9835607840718333,0.09985222474622843,5,0.001,0.1,0.9965290249669497,0.9974872672731921,0.9973734128738653,0.9969339498667832,0.9974578997515964,1.0,0.9967237126989226,0.9975995234315788,0.9951624798044693,0.9970129101937938,0.9973684712521673,0.996614272185444
2,6,1.8430147599262796,0.57792,5000,2.1428948596671775,0.5678271308523409,833,2.1397007593331625,0.5577,0.9981400901057675,0.08324999671484719,,,0.96,,0.9600139182880506,0.039986081711949395,0.9835607840718333,0.09985222474622843,5,0.001,0.1,0.9970485308979544,0.9969113609248427,0.9972036969776118,0.9956891989289959,0.996882210915293,0.9967237126989226,1.0,0.9970916572121253,0.9932941398767469,0.9967658443832949,0.9972141796724454,0.9951551299075094
2,7,1.8603589322156966,0.57948,5000,2.143748239234642,0.5510204081632653,833,2.1397007593331625,0.5577,0.9989219793617976,0.08341203059006577,,,0.96,,0.9600139182880506,0.039986081711949395,0.9835607840718333,0.09985222474622843,5,0.001,0.1,0.9975705264730484,0.997563361637932,0.9972658782248841,0.9973220053625327,0.9972198527531935,0.9975995234315788,0.9970916572121253,1.0,0.995525727647927,0.9969645349471743,0.9981390711819138,0.9970826408010734
2,8,1.870151639743975,0.59396,5000,2.1385217860892967,0.575030012004802,833,2.1397007593331625,0.5577,0.9972251057473906,0.08313052295219799,,,0.96,,0.9600139182880506,0.039986081711949395,0.9835607840718333,0.09985222474622843,5,0.001,0.1,0.9950039396126708,0.9956572728522567,0.9954046002834414,0.9971903786094776,0.9942880399392021,0.9951624798044693,0.9932941398767469,0.995525727647927,1.0,0.9947907111416119,0.9957236029845075,0.9969904845224873
2,9,1.8651048402118076,0.57684,5000,2.1370367915542037,0.5798319327731093,833,2.1397007593331625,0.5577,0.9983406318591096,0.0833239239096084,,,0.96,,0.9600139182880506,0.039986081711949395,0.9835607840718333,0.09985222474622843,5,0.001,0.1,0.9974679352497537,0.9969926875838586,0.9974653333882465,0.9962138028426667,0.9956972054989094,0.9970129101937938,0.9967658443832949,0.9969645349471743,0.9947907111416119,1.0,0.9970018016059278,0.9960084389607281
2,10,1.8692522282813004,0.5748,5000,2.144713278169985,0.5414165666266506,833,2.1397007593331625,0.5577,0.9990635820487763,0.08341363141300691,,,0.96,,0.9600139182880506,0.039986081711949395,0.9835607840718333,0.09985222474622843,5,0.001,0.1,0.997669151035718,0.9976796083422009,0.9977766626995378,0.9974170530602787,0.997552161081801,0.9973684712521673,0.9972141796724454,0.9981390711819138,0.9957236029845075,0.9970018016059278,1.0,0.9975002400807218
2,11,1.8688465514760109,0.59408,5000,2.14773541909677,0.5522208883553421,833,2.1397007593331625,0.5577,0.998450662777647,0.08333829043409796,,,0.96,,0.9600139182880506,0.039986081711949395,0.9835607840718333,0.09985222474622843,5,0.001,0.1,0.9965648038919215,0.9971566910748133,0.9969560547650478,0.9978637974441619,0.995809813883365,0.996614272185444,0.9951551299075094,0.9970826408010734,0.9969904845224873,0.9960084389607281,0.9975002400807218,1.0
3,0,1.6745558329448578,0.60072,5000,2.061741926051952,0.6151079136690647,834,2.0543600210366537,0.6217,0.998776002889003,0.08333675031179968,,,0.96,,0.9600139182880506,0.039986081711949395,0.9935903463565491,0.09988247446528153,5,0.001,0.1,1.0,0.9974301842655543,0.9974602684312222,0.9976752946693233,0.997183688468757,0.9970253576024555,0.9971508914112308,0.9977909925600288,0.9970595056886897,0.9974223468296067,0.997770422774637,0.997262051945762
3,1,1.6793929608004867,0.60388,5000,2.057723495695326,0.5971223021582733,834,2.0543600210366537,0.6217,0.9989477250655312,0.08339500355133626,,,0.96,,0.9600139182880506,0.039986081711949395,0.9935903463565491,0.09988247446528153,5,0.001,0.1,0.9974301842655543,1.0,0.9975999995612006,0.9981960012537318,0.9976528340231876,0.9977325563517532,0.9971754121321459,0.9975524237231017,0.9976396186067938,0.9974090426067798,0.997451980138096,0.9974485458588442
3,2,1.6720038703292799,0.61656,5000,2.0557418929206,0.6187050359712231,834,2.0543600210366537,0.6217,0.9989355962378593,0.08337433047530682,,,0.96,,0.9600139182880506,0.039986081711949395,0.9935903463565491,0.09988247446528153,5,0.001,0.1,0.9974602684312222,0.9975999995612006,1.0,0.9975159595283071,0.9971463606769785,0.9976337544565919,0.9976700569572987,0.997424419884133,0.997571157059402,0.9975798463610938,0.9979477358706526,0.9975944430042051
3,3,1.6834872588230547,0.62576,5000,2.048392485689234,0.6498800959232613,834,2.0543600210366537,0.6217,0.9990503219579436,0.08335955421727936,,,0.96,,0.9600139182880506,0.039986081711949395,0.9935903463565491,0.09988247446528153,5,0.001,0.1,0.9976752946693233,0.9981960012537318,0.9975159595283071,1.0,0.9976444474983056,0.997684891403264,0.99694713039511,0.9980628894161051,0.9979076344502718,0.997114201829895,0.9977602645735969,0.9980105803796889
3,4,1.6630035613752474,0.61452,5000,2.048110334961503,0.5978391356542617,833,2.0543600210366537,0.6217,0.9986567981063191,0.08328637158849464,,,0.96,,0.9600139182880506,0.039986081711949395,0.9935903463565491,0.09988247446528153,5,0.001,0.1,0.997183688468757,0.9976528340231876,0.9971463606769785,0.9976444474983056,1.0,0.997660518446282,0.9970429505839844,0.99740301642741,0.9971948550714653,0.996595747941233,0.9975506909099685,0.9967303720308999
3,5,1.6609189131457336,0.61032,5000,2.0455167911670826,0.6398559423769508,833,2.0543600210366537,0.6217,0.99883260777108,0.08333667558067448,,,0.96,,0.9600139182880506,0.039986081711949395,0.9935903463565491,0.09988247446528153,5,0.001,0.1,0.9970253576024555,0.9977325563517532,0.9976337544565919,0.997684891403264,0.997660518446282,1.0,0.9968603171475842,0.9975131963976027,0.9977473517141267,0.997464848573236,0.9973861324633689,0.9972025928234409
3,6,1.6503931012123254,0.60688,5000,2.0570008401517517,0.6386554621848739,833,2.0543600210366537,0.6217,0.9984793731699919,0.0832710703102384,,,0.96,,0.9600139182880506,0.039986081711949395,0.9935903463565491,0.09988247446528153,5,0.001,0.1,0.9971508914112308,0.9971754121321459,0.9976700569572987,0.99694713039511,0.9970429505839844,0.9968603171475842,1.0,0.9971992768054073,0.9964783132795837,0.9972079773582394,0.9974963815514574,0.9964497826087412
3,7,1.6657765330782361,0.60408,5000,2.0591692129770913,0.6134453781512605,833,2.0543600210366537,0.6217,0.998988334859477,0.083386852164777,,,0.96,,0.9600139182880506,0.039986081711949395,0.9935903463565491,0.09988247446528153,5,0.001,0.1,0.9977909925600288,0.9975524237231017,0.997424419884133,0.9980628894161051,0.99740301642741,0.9975131963976027,0.9971992768054073,1.0,0.9978503833599455,0.9973082617270614,0.9979806026387348,0.9976902881746081
3,8,1.6777388606101844,0.62344,5000,2.0547627563829773,0.6338535414165666,833,2.0543600210366537,0.6217,0.9988604862341988,0.08321011070471618,,,0.96,,0.9600139182880506,0.039986081711949395,0.9935903463565491,0.09988247446528153,5,0.001,0.1,0.9970595056886897,0.9976396186067938,0.997571157059402,0.9979076344502718,0.9971948550714653,0.9977473517141267,0.9964783132795837,0.9978503833599455,1.0,0.997276572055008,0.9977805399359594,0.9977439057137855
3,9,1.6735329824648086,0.60412,5000,2.0487878587510853,0.6458583433373349,833,2.0543600210366537,0.6217,0.998619813130663,0.08332093352252208,,,0.96,,0.9600139182880506,0.039986081711949395,0.9935903463565491,0.09988247446528153,5,0.001,0.1,0.9974223468296067,0.9974090426067798,0.9975798463610938,0.997114201829895,0.996595747941233,0.997464848573236,0.9972079773582394,0.9973082617270614,0.997276572055008,1.0,0.9972330239623424,0.9967488330214698
3,10,1.6793866424044226,0.60708,5000,2.0576357576582165,0.6122448979591837,833,2.0543600210366537,0.6217,0.9990230355744358,0.08338895364785316,,,0.96,,0.9600139182880506,0.039986081711949395,0.9935903463565491,0.09988247446528153,5,0.001,0.1,0.997770422774637,0.997451980138096,0.9979477358706526,0.9977602645735969,0.9975506909099685,0.9973861324633689,0.9974963815514574,0.9979806026387348,0.9977805399359594,0.9972330239623424,1.0,0.9978339393992861
3,11,1.6756444407116835,0.62132,5000,2.0655608265488237,0.5978391356542617,833,2.0543600210366537,0.6217,0.998732945988451,0.08333339392500186,,,0.96,,0.9600139182880506,0.039986081711949395,0.9935903463565491,0.09988247446528153,5,0.001,0.1,0.997262051945762,0.9974485458588442,0.9975944430042051,0.9980105803796889,0.9967303720308999,0.9972025928234409,0.9964497826087412,0.9976902881746081,0.9977439057137855,0.9967488330214698,0.9978339393992861,1.0
4,0,1.5141086191128774,0.6214,5000,1.9607727880831118,0.6390887290167866,834,1.9520994055385408,0.6523,0.9987083721492296,0.08333410946222658,,,0.96,,0.9600139182880506,0.039986081711949395,0.9970916167267733,0.0998749017537261,5,0.001,0.1,1.0,0.9972104676585598,0.9970155612784999,0.9976510631322564,0.9971005679497998,0.9968986607287343,0.9969335365357126,0.9975920525721166,0.9969343504008926,0.9974664338792916,0.9977392812895768,0.9969680872276467
4,1,1.517787255906755,0.62064,5000,1.956711521855107,0.6247002398081535,834,1.9520994055385408,0.6523,0.9988389763745424,0.08337404543568665,,,0.96,,0.9600139182880506,0.039986081711949395,0.9970916167267733,0.0998749017537261,5,0.001,0.1,0.9972104676585598,1.0,0.9974247245347608,0.9980708366805869,0.9973293714469113,0.9974765167781807,0.9970242852434599,0.9972849888628273,0.9973926625290372,0.9971976153303476,0.9972844804917423,0.9973784321070845
4,2,1.5093526150010954,0.63456,5000,1.9539112559071294,0.6462829736211031,834,1.9520994055385408,0.6523,0.9987523314445463,0.08335857235146903,,,0.96,,0.9600139182880506,0.039986081711949395,0.9970916167267733,0.0998749017537261,5,0.001,0.1,0.9970155612784999,0.9974247245347608,1.0,0.997388174172511,0.9968801095826693,0.9975692843577061,0.9973628149738207,0.9971557880377835,0.9974527324923147,0.9972116606414235,0.9975296141895893,0.9970463464842215
4,3,1.520866453419825,0.64156,5000,1.945793178346422,0.6810551558752997,834,1.9520994055385408,0.6523,0.999005642353911,0.08335768682617728,,,0.96,,0.9600139182880506,0.039986081711949395,0.9970916167267733,0.0998749017537261,5,0.001,0.1,0.9976510631322564,0.9980708366805869,0.997388174172511,1.0,0.9974657742926144,0.9975692125049901,0.9968482921174417,0.997825152599697,0.9975489044572464,0.9970686703992756,0.9976836142020207,0.997952538101633
4,4,1.5013268651476332,0.63364,5000,1.9439764729252569,0.6470588235294118,833,1.9520994055385408,0.6523,0.9986540495995525,0.08330146403419061,,,0.96,,0.9600139182880506,0.039986081711949395,0.9970916167267733,0.0998749017537261,5,0.001,0.1,0.9971005679497998,0.9973293714469113,0.9968801095826693,0.9974657742926144,1.0,0.9974957072134087,0.9970245348880409,0.9974916616363101,0.9971657304382813,0.9966253387099995,0.997525061330362,0.9967574081824429
4,5,1.4970806550827755,0.63288,5000,1.942506648876049,0.6710684273709484,833,1.9520994055385408,0.6523,0.9988088967345262,0.08333730793641869,,,0.96,,0.9600139182880506,0.039986081711949395,0.9970916167267733,0.0998749017537261,5,0.001,0.1,0.9968986607287343,0.9974765167781807,0.9975692843577061,0.9975692125049901,0.9974957072134087,1.0,0.9967730996570451,0.9975488122105587,0.9975966110788866,0.9974835080585169,0.9972340731536117,0.9970703717949461
4,6,1.4899266129086732,0.62648,5000,1.954100079006619,0.6758703481392557,833,1.9520994055385408,0.6523,0.9983834075431988,0.0832833466707224,,,0.96,,0.9600139182880506,0.039986081711949395,0.9970916167267733,0.0998749017537261,5,0.001,0.1,0.9969335365357126,0.9970242852434599,0.9973628149738207,0.9968482921174417,0.9970245348880409,0.9967730996570451,1.0,0.9966263945661051,0.9966197995628477,0.9970175613578446,0.9972721946213393,0.9961158501318927
4,7,1.502690174928896,0.62384,5000,1.9578015053713764,0.6494597839135654,833,1.9520994055385408,0.6523,0.9988759991279853,0.08337024186539199,,,0.96,,0.9600139182880506,0.039986081711949395,0.9970916167267733,0.0998749017537261,5,0.001,0.1,0.9975920525721166,0.9972849888628273,0.9971557880377835,0.997825152599697,0.9974916616363101,0.9975488122105587,0.9966263945661051,1.0,0.9976940141484101,0.9971679206427517,0.9978277896476618,0.9973038534633272
4,8,1.5139784572230783,0.63828,5000,1.9543471292213157,0.6518607442977191,833,1.9520994055385408,0.6523,0.9988055556183976,0.08325959050985239,,,0.96,,0.9600139182880506,0.039986081711949395,0.9970916167267733,0.0998749017537261,5,0.001,0.1,0.9969343504008926,0.9973926625290372,0.9974527324923147,0.9975489044572464,0.9971657304382813,0.9975966110788866,0.9966197995628477,0.9976940141484101,1.0,0.997096288011124,0.9976360963591003,0.9975416792113778
4,9,1.5120682792299112,0.62364,5000,1.942948098535891,0.6722689075630253,833,1.9520994055385408,0.6523,0.9985895106258444,0.08332057450524548,,,0.96,,0.9600139182880506,0.039986081711949395,0.9970916167267733,0.0998749017537261,5,0.001,0.1,0.9974664338792916,0.9971976153303476,0.9972116606414235,0.9970686703992756,0.9966253387099995,0.9974835080585169,0.9970175613578446,0.9971679206427517,0.997096288011124,1.0,0.9971410095301385,0.9966107619830596
4,10,1.516308504608786,0.62424,5000,1.9533531930711534,0.6482593037214885,833,1.9520994055385408,0.6523,0.9989563406684,0.08337412341304291,,,0.96,,0.9600139182880506,0.039986081711949395,0.9970916167267733,0.0998749017537261,5,0.001,0.1,0.9977392812895768,0.9972844804917423,0.9975296141895893,0.9976836142020207,0.997525061330362,0.9972340731536117,0.9972721946213393,0.9978277896476618,0.9976360963591003,0.9971410095301385,1.0,0.9976083301393052
4,11,1.5113904696361276,0.63664,5000,1.9669750884727195,0.6206482593037215,833,1.9520994055385408,0.6523,0.9986118744800819,0.08332893698957589,,,0.96,,0.9600139182880506,0.039986081711949395,0.9970916167267733,0.0998749017537261,5,0.001,0.1,0.9969680872276467,0.9973784321070845,0.9970463464842215,0.997952538101633,0.9967574081824429,0.9970703717949461,0.9961158501318927,0.9973038534633272,0.9975416792113778,0.9966107619830596,0.9976083301393052,1.0
5,0,1.3829821068010513,0.63572,5000,1.844420247607761,0.6618705035971223,834,1.8347207848637248,0.6669,0.9985409173839382,0.08333219762194347,,,0.96,,0.9600139182880506,0.039986081711949395,0.9981799591408845,0.0998590654679668,5,0.001,0.1,1.0,0.996903820015941,0.9963963675266704,0.9975482305095175,0.9968714034619466,0.996648023922887,0.9963791950652058,0.9971206544603903,0.9967254931086342,0.9971904059800069,0.9972576805356466,0.996564240741509
5,1,1.3853645207775627,0.63412,5000,1.8408298669037995,0.6414868105515588,834,1.8347207848637248,0.6669,0.9985739461431126,0.08335775389309939,,,0.96,,0.9600139182880506,0.039986081711949395,0.9981799591408845,0.0998590654679668,5,0.001,0.1,0.996903820015941,1.0,0.9969521198877529,0.9976700857100684,0.9966438356227614,0.9969142278419446,0.9966958385603708,0.9968072416595697,0.9968671064159841,0.9965907726246239,0.9969589796222514,0.9969960180903061
5,2,1.376925439363832,0.64964,5000,1.836521479818556,0.6594724220623501,834,1.8347207848637248,0.6669,0.998607342435429,0.08334934310173009,,,0.96,,0.9600139182880506,0.039986081711949395,0.9981799591408845,0.0998590654679668,5,0.001,0.1,0.9963963675266704,0.9969521198877529,1.0,0.9970659792544816,0.9966536434445198,0.9971556924460371,0.9972676462754673,0.9967703101521038,0.9973087444016406,0.9966267023264044,0.9972918349910851,0.9969125236637996
5,3,1.3854254595033682,0.65484,5000,1.8283953225171123,0.6786570743405276,834,1.8347207848637248,0.6669,0.9989262633509004,0.08335909345047779,,,0.96,,0.9600139182880506,0.039986081711949395,0.9981799591408845,0.0998590654679668,5,0.001,0.1,0.9975482305095175,0.9976700857100684,0.9970659792544816,1.0,0.9970621487005767,0.9972510640448751,0.9968416916372078,0.9974516124538979,0.9973187575531006,0.9968501830151424,0.9974811505227388,0.9976815746033929
5,4,1.3693381934408928,0.65168,5000,1.8240199486414592,0.6722689075630253,833,1.8347207848637248,0.6669,0.9984372496323969,0.08330883226751691,,,0.96,,0.9600139182880506,0.039986081711949395,0.9981799591408845,0.0998590654679668,5,0.001,0.1,0.9968714034619466,0.9966438356227614,0.9966536434445198,0.9970621487005767,1.0,0.9971374343871514,0.9968536494057874,0.9968645782802149,0.9968095268269969,0.9958930957297315,0.9972266227338739,0.9963489879071675
5,5,1.364611360145982,0.65248,5000,1.8242894057874326,0.673469387755102,833,1.8347207848637248,0.6669,0.99867261632996,0.08333840971874544,,,0.96,,0.9600139182880506,0.039986081711949395,0.9981799591408845,0.0998590654679668,5,0.001,0.1,0.996648023922887,0.9969142278419446,0.9971556924460371,0.9972510640448751,0.9971374343871514,1.0,0.9966565129991932,0.9972441975549831,0.9971862367582905,0.9971871651098998,0.9969453863089814,0.9968582467929507
5,6,1.3582792250973403,0.64512,5000,1.8360839154985216,0.6854741896758704,833,1.8347207848637248,0.6669,0.9983367501249742,0.0832944783276691,,,0.96,,0.9600139182880506,0.039986081711949395,0.9981799591408845,0.0998590654679668,5,0.001,0.1,0.9963791950652058,0.9966958385603708,0.9972676462754673,0.9968416916372078,0.9968536494057874,0.9966565129991932,1.0,0.9963500091804725,0.9964457063721054,0.9967112214285853,0.9971196473093049,0.995840134853215
5,7,1.3691879884452576,0.64068,5000,1.8411160001048335,0.6650660264105642,833,1.8347207848637248,0.6669,0.9986435117705227,0.08335766667751925,,,0.96,,0.9600139182880506,0.039986081711949395,0.9981799591408845,0.0998590654679668,5,0.001,0.1,0.9971206544603903,0.9968072416595697,0.9967703101521038,0.9974516124538979,0.9968645782802149,0.9972441975549831,0.9963500091804725,1.0,0.9972844001387458,0.9966291239720886,0.9973533060401936,0.9969585276498288
5,8,1.3810506672616218,0.65112,5000,1.8398202525244818,0.6638655462184874,833,1.8347207848637248,0.6669,0.9986979818798343,0.08329156915040406,,,0.96,,0.9600139182880506,0.039986081711949395,0.9981799591408845,0.0998590654679668,5,0.001,0.1,0.9967254931086342,0.9968671064159841,0.9973087444016406,0.9973187575531006,0.9968095268269969,0.9971862367582905,0.9964457063721054,0.9972844001387458,1.0,0.9967227397738782,0.9974852539634304,0.9973361807805359
5,9,1.3810273165156128,0.64216,5000,1.8211823172039456,0.6914765906362546,833,1.8347207848637248,0.6669,0.9983476777288831,0.08331766053624622,,,0.96,,0.9600139182880506,0.039986081711949395,0.9981799591408845,0.0998590654679668,5,0.001,0.1,0.9971904059800069,0.9965907726246239,0.9966267023264044,0.9968501830151424,0.9958930957297315,0.9971871651098998,0.9967112214285853,0.9966291239720886,0.9967227397738782,1.0,0.996661792161915,0.9962277370662891
5,10,1.3853210528185413,0.64036,5000,1.8336411052280002,0.6698679471788715,833,1.8347207848637248,0.6669,0.9988223005150911,0.08336581751554546,,,0.96,,0.9600139182880506,0.039986081711949395,0.9981799591408845,0.0998590654679668,5,0.001,0.1,0.9972576805356466,0.9969589796222514,0.9972918349910851,0.9974811505227388,0.9972266227338739,0.9969453863089814,0.9971196473093049,0.9973533060401936,0.9974852539634304,0.996661792161915,1.0,0.9971951930207609
5,11,1.376693311770251,0.65012,5000,1.853544548705772,0.6398559423769508,833,1.8347207848637248,0.6669,0.9984836628813603,0.08332717773910299,,,0.96,,0.9600139182880506,0.039986081711949395,0.9981799591408845,0.0998590654679668,5,0.001,0.1,0.996564240741509,0.9969960180903061,0.9969125236637996,0.9976815746033929,0.9963489879071675,0.9968582467929507,0.995840134853215,0.9969585276498288,0.9973361807805359,0.9962277370662891,0.9971951930207609,1.0
6,0,1.2771281374487908,0.65,5000,1.7168407572640314,0.6678657074340527,834,1.7060191943622625,0.6774,0.998190844998658,0.08332831964673978,,,0.96,,0.9600139182880506,0.039986081711949395,0.998475555399369,0.0998324120642355,5,0.001,0.1,1.0,0.9961871605928316,0.9955897116279341,0.9968680642420588,0.9964956849630565,0.9960585014448289,0.9956021600165833,0.9966345842284723,0.9960045171904488,0.9965602727051855,0.9965156591253136,0.9957051043331733
6,1,1.2774063150594188,0.6462,5000,1.713945817064356,0.6546762589928058,834,1.7060191943622625,0.6774,0.9983545753694429,0.08334927838533718,,,0.96,,0.9600139182880506,0.039986081711949395,0.998475555399369,0.0998324120642355,5,0.001,0.1,0.9961871605928316,1.0,0.9962768811054877,0.9971782434563778,0.9961222983480227,0.9965122146116978,0.9961906605560146,0.9963040429311896,0.9964059195178129,0.996188211932516,0.9963696839979037,0.9964466554296059
6,2,1.268487869174617,0.66124,5000,1.70755934715271,0.6762589928057554,834,1.7060191943622625,0.6774,0.9982013128958015,0.08333917287952916,,,0.96,,0.9600139182880506,0.039986081711949395,0.998475555399369,0.0998324120642355,5,0.001,0.1,0.9955897116279341,0.9962768811054877,1.0,0.9965731038778879,0.9957363236988948,0.9963985466065055,0.9963221271955165,0.995954254824306,0.9967330936498934,0.9961806688888509,0.9965225373032136,0.9960593411375005
6,3,1.2756127678664626,0.6676,5000,1.6994017804110493,0.684652278177458,834,1.7060191943622625,0.6774,0.9986820439422117,0.08336067029489823,,,0.96,,0.9600139182880506,0.039986081711949395,0.998475555399369,0.0998324120642355,5,0.001,0.1,0.9968680642420588,0.9971782434563778,0.9965731038778879,1.0,0.9962830448789809,0.9966822242092158,0.9964046031185537,0.9969720927255925,0.9967550477753436,0.9962834227248688,0.9968820743082344,0.9972229896888026
6,4,1.2607635602070268,0.6652,5000,1.6920582585864596,0.680672268907563,833,1.7060191943622625,0.6774,0.9981298368565366,0.08331202037022743,,,0.96,,0.9600139182880506,0.039986081711949395,0.998475555399369,0.0998324120642355,5,0.001,0.1,0.9964956849630565,0.9961222983480227,0.9957363236988948,0.9962830448789809,1.0,0.9965936252379614,0.9959816260689436,0.9963892459338533,0.9961719222647253,0.9955701689807173,0.9964946555958017,0.995653225975321
6,5,1.255464886100429,0.66552,5000,1.694307283118919,0.6818727490996399,833,1.7060191943622625,0.6774,0.9984643092500353,0.08334095668407027,,,0.96,,0.9600139182880506,0.039986081711949395,0.998475555399369,0.0998324120642355,5,0.001,0.1,0.9960585014448289,0.9965122146116978,0.9963985466065055,0.9966822242092158,0.9965936252379614,1.0,0.9959665720485406,0.9965624418937131,0.9969311980509421,0.9968718658187771,0.9964783164933891,0.9964423119309042
6,6,1.2506973903649932,0.65884,5000,1.7065525275689584,0.6842737094837935,833,1.7060191943622625,0.6774,0.9979851542169962,0.08329854687409144,,,0.96,,0.9600139182880506,0.039986081711949395,0.998475555399369,0.0998324120642355,5,0.001,0.1,0.9956021600165833,0.9961906605560146,0.9963221271955165,0.9964046031185537,0.9959816260689436,0.9959665720485406,1.0,0.9954749841672057,0.9958712318692898,0.9964392551445533,0.9964397573994734,0.9950663661328674
6,7,1.2605351109413585,0.65728,5000,1.7126600256672613,0.6794717887154862,833,1.7060191943622625,0.6774,0.9984193089855771,0.08335131443226208,,,0.96,,0.9600139182880506,0.039986081711949395,0.998475555399369,0.0998324120642355,5,0.001,0.1,0.9966345842284723,0.9963040429311896,0.995954254824306,0.9969720927255925,0.9963892459338533,0.9965624418937131,0.9954749841672057,1.0,0.9969614804423509,0.9963724754809997,0.9968195691613969,0.9965123227106661
6,8,1.2701487111437852,0.663,5000,1.714907412175779,0.6746698679471789,833,1.7060191943622625,0.6774,0.9985121996475974,0.08331377517171329,,,0.96,,0.9600139182880506,0.039986081711949395,0.998475555399369,0.0998324120642355,5,0.001,0.1,0.9960045171904488,0.9964059195178129,0.9967330936498934,0.9967550477753436,0.9961719222647253,0.9969311980509421,0.9958712318692898,0.9969614804423509,1.0,0.9964654666480839,0.9969445739109952,0.9968282429313756
6,9,1.2743974891437846,0.65524,5000,1.6874219135001853,0.7022809123649459,833,1.7060191943622625,0.6774,0.9982370780422676,0.08332089639420627,,,0.96,,0.9600139182880506,0.039986081711949395,0.998475555399369,0.0998324120642355,5,0.001,0.1,0.9965602727051855,0.996188211932516,0.9961806688888509,0.9962834227248688,0.9955701689807173,0.9968718658187771,0.9964392551445533,0.9963724754809997,0.9964654666480839,1.0,0.996219254353985,0.9956253774047339
6,10,1.2765770414832291,0.65276,5000,1.702383897922657,0.6866746698679472,833,1.7060191943622625,0.6774,0.9985313585801338,0.08335993019795042,,,0.96,,0.9600139182880506,0.039986081711949395,0.998475555399369,0.0998324120642355,5,0.001,0.1,0.9965156591253136,0.9963696839979037,0.9965225373032136,0.9968820743082344,0.9964946555958017,0.9964783164933891,0.9964397573994734,0.9968195691613969,0.9969445739109952,0.996219254353985,1.0,0.9966137978661771
6,11,1.2677939089999837,0.66376,5000,1.7293650220941614,0.6554621848739496,833,1.7060191943622625,0.6774,0.9981870568173102,0.08332511866897463,,,0.96,,0.9600139182880506,0.039986081711949395,0.998475555399369,0.0998324120642355,5,0.001,0.1,0.9957051043331733,0.9964466554296059,0.9960593411375005,0.9972229896888026,0.995653225975321,0.9964423119309042,0.9950663661328674,0.9965123227106661,0.9968282429313756,0.9956253774047339,0.9966137978661771,1.0
7,0,1.1863987315991882,0.66172,5000,1.583160886058101,0.6786570743405276,834,1.571272917448903,0.6853,0.9979420073289671,0.08332803827405609,,,0.96,,0.9600139182880506,0.039986081711949395,0.9984725925960408,0.09980100641406973,5,0.001,0.1,1.0,0.995438284417156,0.994778857751518,0.9965383251841237,0.9956620865642646,0.995440179698149,0.9949021586466185,0.9960669466537148,0.9955525375161,0.9957835221480615,0.9963331919918262,0.9949861348319683
7,1,1.1853508365761702,0.66056,5000,1.5811668987627383,0.6594724220623501,834,1.571272917448903,0.6853,0.9978860932062387,0.08333908878034342,,,0.96,,0.9600139182880506,0.039986081711949395,0.9984725925960408,0.09980100641406973,5,0.001,0.1,0.995438284417156,1.0,0.9952175570094194,0.9964901237031742,0.9954999263864618,0.9954461024691048,0.9954207817710262,0.9954557303811418,0.9954226326123454,0.9951596660287839,0.9956373896930346,0.9956237017406145
