round,client_id,client_i_training_loss,client_i_training_accuracy,client_i_training_dataset_size,client_i_evaluation_loss,client_i_evaluation_accuracy,client_i_evaluation_dataset_size,client_i_central_evaluation_loss,client_i_central_evaluation_accuracy,client_i_cosine_similarity,client_i_importance_coefficient,client_i_tanh_val,tanh_normalization_value,client_i_q,client_i_mask_order,client_i_v_nonzero_fraction,client_i_v_sparsity,client_i_v_cosine_similarity,client_i_reward_gradient_norm,local_epochs,learning_rate,gamma,client_0_cosine_similarity,client_1_cosine_similarity,client_2_cosine_similarity,client_3_cosine_similarity,client_4_cosine_similarity,client_5_cosine_similarity,client_6_cosine_similarity,client_7_cosine_similarity,client_8_cosine_similarity,client_9_cosine_similarity,client_10_cosine_similarity,client_11_cosine_similarity
0,0,2.2922683614673036,0.12601391888648908,4167,2.2982901505061557,0.11270983213429256,834,2.298249347300469,0.1265,0.9616473260182025,0.08282621501650173,,,0.7685311944817044,,0.7685712399531284,0.23142876004687163,0,0.14500365504755272,10,0.025,0.15,1.0,0.9590411760145124,0.934745847127288,0.8800535461370534,0.9031594561574016,0.9268188816365065,0.932364565073607,0.9025630944005106,0.934615722795166,0.9235756795166108,0.9346874312635614,0.933503629233352
0,1,2.2934376499869606,0.1224622030237581,4167,2.2969842978886197,0.13788968824940048,834,2.298227539545373,0.1264,0.97637730106637,0.08409490058086437,,,0.9937135336378773,,0.9937449456189863,0.006255054381013703,0,0.14513022613692161,10,0.025,0.15,0.9590411760145124,1.0,0.9361323003293313,0.9005224837861334,0.9345494191314965,0.9335190005545837,0.9470499365567026,0.933007739350956,0.9459104571980907,0.9455590785954803,0.9506318681250556,0.9502288884061528
0,2,2.288830778093049,0.15073194144468444,4167,2.301250866481236,0.11151079136690648,834,2.2983754345133334,0.1264,0.9473524259206896,0.08159500224537236,,,0.55,,0.5500404350481095,0.4499595649518905,0,0.14408631312109113,10,0.025,0.15,0.934745847127288,0.9361323003293313,1.0,0.8671436556015396,0.9132307879747508,0.9090036928252295,0.9178352244067743,0.8826014934182187,0.9131905288188937,0.8887408116915898,0.9408067366056272,0.8957203592055628
0,3,2.2952261173363886,0.12639788816894648,4167,2.29946037701198,0.13908872901678657,834,2.2983058585396297,0.1269,0.9527767378997415,0.08206219558968686,,,0.6329233760248433,,0.6329652918750309,0.3670347081249691,0,0.14467769495400618,10,0.025,0.15,0.8800535461370534,0.9005224837861334,0.8671436556015396,1.0,0.9275285983690204,0.944079882185248,0.9349406720815593,0.9452985288777438,0.9201935904292223,0.9196004370447236,0.9019679303587682,0.9208013891442381
0,4,2.2953206091216116,0.1255819534437245,4167,2.2974989073617116,0.13805522208883553,833,2.298237547089782,0.1262,0.9695144731987307,0.08350380856489638,,,0.8887990563622743,,0.8888366259015366,0.11116337409846344,0,0.145101577493414,10,0.025,0.15,0.9031594561574016,0.9345494191314965,0.9132307879747508,0.9275285983690204,1.0,0.9478204130775126,0.9252216512253716,0.9427947307980802,0.9419804174285202,0.9490633544092231,0.9576544029907854,0.9134679548091734
0,5,2.2956100839557068,0.1435805135589153,4167,2.2975824219839915,0.12484993997599039,833,2.2982275425633296,0.1264,0.9756414934712976,0.08403152583169038,,,0.9824649826467542,,0.9824974006040501,0.01750259939594989,0,0.14513020386156825,10,0.025,0.15,0.9268188816365065,0.9335190005545837,0.9090036928252295,0.944079882185248,0.9478204130775126,1.0,0.9480906580666147,0.9371331778868675,0.9579263898056529,0.9336129748718789,0.9487417382237574,0.9408605074155355
0,6,2.29493312329957,0.15164386849052075,4167,2.3004266875130788,0.13085234093637454,833,2.2982279862029644,0.1264,0.9740118773362418,0.08389116778904354,,,0.9575524643282574,,0.9576009638395141,0.0423990361604859,0,0.14512972492121912,10,0.025,0.15,0.932364565073607,0.9470499365567026,0.9178352244067743,0.9349406720815593,0.9252216512253716,0.9480906580666147,1.0,0.9500683209339079,0.9505219090928227,0.9239380724180181,0.936013724560719,0.9426368451881497
0,7,2.2964701305736197,0.1431245500359971,4167,2.2958177839006697,0.12484993997599039,833,2.2982385369795786,0.1261,0.9675357806736579,0.08333338474308655,,,0.8585500837869837,,0.8586011123764256,0.14139888762357444,0,0.14509247987173612,10,0.025,0.15,0.9025630944005106,0.933007739350956,0.8826014934182187,0.9452985288777438,0.9427947307980802,0.9371331778868675,0.9500683209339079,1.0,0.9449024958660256,0.9402644126237187,0.9309486032523016,0.9239116546775396
0,8,2.2963921879277085,0.14207873259721557,4166,2.2985906260354176,0.12244897959183673,833,2.2982275274735464,0.1264,0.9767885211042636,0.08413031876209999,,,0.9999999998225073,,1.0,0.0,0,0.145130227073152,10,0.025,0.15,0.934615722795166,0.9459104571980907,0.9131905288188937,0.9201935904292223,0.9419804174285202,0.9579263898056529,0.9505219090928227,0.9449024958660256,1.0,0.9420431328144684,0.9507254946698055,0.9389257065375793
0,9,2.295419778245868,0.12928468554968794,4166,2.2985150132860457,0.12244897959183673,833,2.2982386456260198,0.1261,0.9674566307958773,0.08332656760272936,,,0.8573400916068021,,0.8573715568318727,0.14262844316812728,0,0.14509193407614981,10,0.025,0.15,0.9235756795166108,0.9455590785954803,0.8887408116915898,0.9196004370447236,0.9490633544092231,0.9336129748718789,0.9239380724180181,0.9402644126237187,0.9420431328144684,1.0,0.9381881384622707,0.9280056419222367
0,10,2.294672047730648,0.1458233317330773,4166,2.2965243543897356,0.13925570228091236,833,2.2982275425633296,0.1264,0.9750656205272987,0.08398192617598361,,,0.9736614092420224,,0.9736924625769504,0.026307537423049587,0,0.1451301499281316,10,0.025,0.15,0.9346874312635614,0.9506318681250556,0.9408067366056272,0.9019679303587682,0.9576544029907854,0.9487417382237574,0.936013724560719,0.9309486032523016,0.9507254946698055,0.9381881384622707,1.0,0.9305648541434713
0,11,2.2948562210256402,0.11377820451272204,4166,2.3005050250462125,0.11284513805522209,833,2.29823964155173,0.1261,0.9662540174042398,0.08322298709804483,,,0.8389553152752804,,0.8389859880180225,0.1610140119819775,0,0.14508333714162772,10,0.025,0.15,0.933503629233352,0.9502288884061528,0.8957203592055628,0.9208013891442381,0.9134679548091734,0.9408605074155355,0.9426368451881497,0.9239116546775396,0.9389257065375793,0.9280056419222367,0.9305648541434713,1.0
1,0,2.1839121941364175,0.20849532037437005,4167,2.288050787789481,0.16666666666666666,834,2.288091025774992,0.1709,0.9845228955432989,0.08293001011953786,,,0.7455665225848164,,0.7456057830370847,0.2543942169629153,0.8118406474557863,0.14790915052431183,10,0.025,0.15,1.0,0.9673772141025381,0.9702647006134848,0.9637786978466855,0.9659263504358551,0.9726040814667308,0.9725462638384442,0.9668967683123563,0.9776453306547924,0.9713811898900809,0.9674315511677359,0.9689354270927497
1,1,2.1955436515085625,0.20067194624430046,4167,2.286959035055978,0.17985611510791366,834,2.288024621673777,0.1705,0.9874530705932756,0.08380641192002918,,,0.9599669065867704,,0.9600023105741777,0.03999768942582227,0.8126208555461929,0.14810117910126422,10,0.025,0.15,0.9673772141025381,1.0,0.9652706463847509,0.9776715076209961,0.9752694405331604,0.9730856931381022,0.9722710398041801,0.9762329724358965,0.9789322885543925,0.9727757451233665,0.9692530660985428,0.9709310960668657
1,2,2.1730934218926863,0.21288696904247661,4167,2.291308266775949,0.1486810551558753,834,2.2884921092021315,0.1695,0.9832556269404462,0.08213059526164472,,,0.55,,0.5500404350481095,0.4499595649518905,0.8036220147489886,0.14696078501063115,10,0.025,0.15,0.9702647006134848,0.9652706463847509,1.0,0.9594955089125835,0.969809952280463,0.9696564207462699,0.9684832837228669,0.9634607235472505,0.9757801349522907,0.9704897939073137,0.9720947596215522,0.9653808457136697
1,3,2.201337909337246,0.2114950803935685,4167,2.28987649508885,0.17865707434052758,834,2.288226685946501,0.1699,0.9861212032967922,0.08251124451367603,,,0.6431209243977112,,0.6431648264593751,0.3568351735406249,0.8104658455716205,0.1476097809295543,10,0.025,0.15,0.9637786978466855,0.9776715076209961,0.9594955089125835,1.0,0.9722146622300122,0.973265457644411,0.9719559173907409,0.9766582338733368,0.9750386568433893,0.9725708403835461,0.9684968566497518,0.9725986803355317
1,4,2.1946786985252844,0.21031917446604273,4167,2.287642547062465,0.1716686674669868,833,2.2880397356009183,0.1708,0.9879569325621838,0.0834586777723826,,,0.8748982374623765,,0.8749154164809956,0.12508458351900442,0.8129812524504096,0.14807361159729734,10,0.025,0.15,0.9659263504358551,0.9752694405331604,0.969809952280463,0.9722146622300122,1.0,0.9793104991666695,0.974018718255225,0.9757512366722373,0.9774546159870761,0.9743272571403314,0.971461442214088,0.9696058635879192
1,5,2.19587037599448,0.21413486921046315,4167,2.2874698979513988,0.17286914765906364,833,2.288024691086781,0.1705,0.9895551220108803,0.08383552021156257,,,0.9670878742512619,,0.9671320823224572,0.032867917677542824,0.8126064136600245,0.1481013511704607,10,0.025,0.15,0.9726040814667308,0.9730856931381022,0.9696564207462699,0.973265457644411,0.9793104991666695,1.0,0.9736366162239342,0.9720423203237886,0.9827511525783396,0.9762558066038665,0.9759861003890324,0.9753583101858202
1,6,2.1941883412274445,0.21439884809215262,4167,2.2907752309526717,0.1716686674669868,833,2.288026049167295,0.1702,0.9882072461387997,0.08370537612070919,,,0.9352498029021303,,0.9352874189236026,0.06471258107639744,0.8126350797191723,0.14809738922145313,10,0.025,0.15,0.9725462638384442,0.9722710398041801,0.9684832837228669,0.9719559173907409,0.974018718255225,0.9736366162239342,1.0,0.9758408396104236,0.9776665669187052,0.974575128904435,0.9712376701023445,0.9758545832071397
1,7,2.20951570705934,0.20515958723302136,4167,2.2858870029449463,0.18247298919567828,833,2.28804483292978,0.1707,0.9874961429902894,0.08333877217304843,,,0.845564880859482,,0.845620636728227,0.15437936327177304,0.8127834515868648,0.14806223783088376,10,0.025,0.15,0.9668967683123563,0.9762329724358965,0.9634607235472505,0.9766582338733368,0.9757512366722373,0.9720423203237886,0.9758408396104236,1.0,0.973822104480958,0.9745104637973561,0.9683481027648297,0.9762252500373121
1,8,2.199217158014124,0.21183389342294767,4166,2.2877975531986783,0.1752701080432173,833,2.288024482847769,0.1705,0.9918281697995786,0.08397005470031389,,,0.9999999997553629,,1.0,0.0,0.8126174025201478,0.14810162412427674,10,0.025,0.15,0.9776453306547924,0.9789322885543925,0.9757801349522907,0.9750386568433893,0.9774546159870761,0.9827511525783396,0.9776665669187052,0.973822104480958,1.0,0.980735754728636,0.9753473791953401,0.9758041705318061
1,9,2.2052442547046778,0.2030484877580413,4166,2.2880469049726213,0.16566626650660263,833,2.288044015063515,0.1707,0.9888274910078741,0.08337773172363432,,,0.8550958318473454,,0.8551435031605354,0.14485649683946455,0.8127891327978465,0.1480667920128137,10,0.025,0.15,0.9713811898900809,0.9727757451233665,0.9704897939073137,0.9725708403835461,0.9743272571403314,0.9762558066038665,0.974575128904435,0.9745104637973561,0.980735754728636,1.0,0.9714887853402118,0.9764833444638268
1,10,2.1826265902230233,0.21663466154584735,4166,2.286348990031651,0.17767106842737096,833,2.2880256447610976,0.1704,0.9856955481367204,0.08367985453511587,,,0.9290062765327414,,0.929048868643858,0.07095113135614195,0.8126277701187397,0.14809668506762858,10,0.025,0.15,0.9674315511677359,0.9692530660985428,0.9720947596215522,0.9684968566497518,0.971461442214088,0.9759861003890324,0.9712376701023445,0.9683481027648297,0.9753473791953401,0.9714887853402118,1.0,0.9671656693869016
1,11,2.2016458081476618,0.19159865578492558,4166,2.290179354803903,0.1524609843937575,833,2.2880480349818364,0.1708,0.9870326634821197,0.08325575094834534,,,0.8252548102426978,,0.825312340116519,0.174687659883481,0.8126695956731034,0.14805057112502598,10,0.025,0.15,0.9689354270927497,0.9709310960668657,0.9653808457136697,0.9725986803355317,0.9696058635879192,0.9753583101858202,0.9758545832071397,0.9762252500373121,0.9758041705318061,0.9764833444638268,0.9671656693869016,1.0
2,0,2.084744574806907,0.25089992800575955,4167,2.271649054118565,0.19184652278177458,834,2.271934799001187,0.1968,0.9823969250932338,0.08302248060468395,,,0.7267586918709718,,0.7268076116915053,0.2731923883084947,0.955112251035443,0.14743363055807676,10,0.025,0.15,1.0,0.9626798351808993,0.9609270716241757,0.9605030423348021,0.9671203192522834,0.9684386348520467,0.963518588357852,0.9670546187754289,0.9707084205850521,0.9663278896297357,0.9584372430190915,0.9582519361057915
2,1,2.092096881794207,0.2464602831773458,4167,2.2710311072213307,0.20863309352517986,834,2.271769725823704,0.1959,0.9848619121141228,0.08364291362793805,,,0.9298956130624405,,0.9299318380617584,0.07006816193824161,0.9575716506500342,0.1476436030846571,10,0.025,0.15,0.9626798351808993,1.0,0.9612585047513018,0.9687953765560208,0.9667939212973682,0.967889427292775,0.968592784268318,0.9729950069554743,0.9726501668872771,0.9672082480438178,0.9581211958856026,0.9657670648584052
2,2,2.0722367062713163,0.2541156707463403,4167,2.275761774608067,0.1618705035971223,834,2.2728157707407504,0.1932,0.9809515641358579,0.08248261355865061,,,0.55,,0.5500404350481095,0.4499595649518905,0.9488945514489645,0.14658813528447928,10,0.025,0.15,0.9609270716241757,0.9612585047513018,1.0,0.9554456031414443,0.96271039531052,0.9648839337419373,0.9638300953874798,0.9625056927226069,0.9663013657268705,0.9596612738310181,0.9663594775096841,0.9633808154527973
2,3,2.1007196690097,0.24871610271178304,4167,2.274728570665632,0.19664268585131894,834,2.272228938114794,0.1954,0.9825980023144445,0.08277077559884101,,,0.6443475725091393,,0.6444026340545626,0.35559736594543745,0.9519945724398147,0.14718326854194314,10,0.025,0.15,0.9605030423348021,0.9687953765560208,0.9554456031414443,1.0,0.9653129043976317,0.9644120088768547,0.9641473342014972,0.9681915562127129,0.9707981288147837,0.9665059192136172,0.9574876720686469,0.9648612226621918
2,4,2.092360038468332,0.25281977441804654,4167,2.2718451704297746,0.1992797118847539,833,2.2717969357212886,0.1965,0.9858892334862162,0.0834618259202665,,,0.8706054108596599,,0.8706408542522817,0.12935914574771834,0.957485267466057,0.1476118952493529,10,0.025,0.15,0.9671203192522834,0.9667939212973682,0.96271039531052,0.9653129043976317,1.0,0.9712235085374945,0.9707403093870726,0.9716561539791546,0.9707630425207254,0.9682698136239336,0.9648463393983991,0.9655521457682672
2,5,2.0932065013683205,0.2518598512119031,4167,2.271392686026437,0.19567827130852342,833,2.271769167501715,0.1959,0.986822137677837,0.08372448263613333,,,0.9566022462821315,,0.9566354739152679,0.04336452608473207,0.9575886508032024,0.14764757725166128,10,0.025,0.15,0.9684386348520467,0.967889427292775,0.9648839337419373,0.9644120088768547,0.9712235085374945,1.0,0.9692388344407211,0.9685971559482193,0.9755472221213376,0.9696605301963821,0.966940567459683,0.9690330116742943
2,6,2.0907706304029987,0.2562035037197024,4167,2.275008065359933,0.1872749099639856,833,2.2717710989940016,0.1959,0.9850991517398346,0.08358830974834221,,,0.9120176736709615,,0.9120661484378868,0.0879338515621132,0.9575744485615707,0.147641861004389,10,0.025,0.15,0.963518588357852,0.968592784268318,0.9638300953874798,0.9641473342014972,0.9707403093870726,0.9692388344407211,1.0,0.9698246720242489,0.9706370442502937,0.966280563399331,0.9626399816255883,0.9661205226154799
2,7,2.1066745805017875,0.24588432925365972,4167,2.2702007634299144,0.21368547418967587,833,2.2718066143084177,0.1965,0.9863960434766432,0.08340433496468977,,,0.851782209523662,,0.8518261788054331,0.1481738211945669,0.957295727640679,0.14760527762157297,10,0.025,0.15,0.9670546187754289,0.9729950069554743,0.9625056927226069,0.9681915562127129,0.9716561539791546,0.9685971559482193,0.9698246720242489,1.0,0.9699417920422383,0.9706748318378593,0.9604483019147348,0.9691626978579231
2,8,2.0891111135482787,0.2487758041286606,4166,2.2704224586486816,0.20048019207683074,833,2.27176865143112,0.1959,0.9883500179718098,0.08385703066915731,,,0.9999999996725886,,1.0,0.0,0.9575852120207662,0.14764817479033412,10,0.025,0.15,0.9707084205850521,0.9726501668872771,0.9663013657268705,0.9707981288147837,0.9707630425207254,0.9755472221213376,0.9706370442502937,0.9699417920422383,1.0,0.9729496682870399,0.9638538816340498,0.9697952927628716
2,9,2.1005013473106153,0.24779164666346615,4166,2.2712686402457103,0.20168067226890757,833,2.2718075438390803,0.1965,0.9847431874163073,0.08337471558622528,,,0.8420844837041623,,0.8421300193097985,0.15786998069020153,0.957329537429038,0.14760077316494094,10,0.025,0.15,0.9663278896297357,0.9672082480438178,0.9596612738310181,0.9665059192136172,0.9682698136239336,0.9696605301963821,0.966280563399331,0.9706748318378593,0.9729496682870399,1.0,0.95865151678834,0.9652922659015163
2,10,2.0831040266788365,0.2531204992798848,4166,2.270260844911848,0.19327731092436976,833,2.27177878572971,0.1959,0.9801517685188215,0.08341200379217609,,,0.8542930720121682,,0.8543348021983463,0.14566519780165366,0.9574285747476662,0.14760629518539176,10,0.025,0.15,0.9584372430190915,0.9581211958856026,0.9663594775096841,0.9574876720686469,0.9648463393983991,0.966940567459683,0.9626399816255883,0.9604483019147348,0.9638538816340498,0.95865151678834,1.0,0.9594368828706977
2,11,2.106455493695808,0.23787806048967836,4166,2.2740912096840993,0.19687875150060025,833,2.2718379316450674,0.1964,0.983480427254192,0.08325851329289581,,,0.8040385138450296,,0.8040715617831031,0.19592843821689687,0.9567243805229889,0.14755527405669452,10,0.025,0.15,0.9582519361057915,0.9657670648584052,0.9633808154527973,0.9648612226621918,0.9655521457682672,0.9690330116742943,0.9661205226154799,0.9691626978579231,0.9697952927628716,0.9652922659015163,0.9594368828706977,1.0
3,0,2.014591252081322,0.2755219582433405,4167,2.249106066567557,0.21223021582733814,834,2.249655038495607,0.2175,0.9813384053241968,0.08315290381010036,,,0.7274752873106765,,0.7275172880460794,0.2724827119539206,0.9779618292021096,0.14695708383789574,10,0.025,0.15,1.0,0.9589838308943569,0.9588759539396329,0.9532673872153709,0.9625853514459776,0.9615321629545162,0.9581305755333008,0.965232068115682,0.9645399488624612,0.9599597394848309,0.9545377136067099,0.9546087113146857
3,1,2.0247733596599464,0.274562035037197,4167,2.2491238117218018,0.2278177458033573,834,2.2493646838996986,0.2168,0.9818087797828718,0.08355127495040748,,,0.9047652631441869,,0.9048125959300887,0.09518740406991133,0.9789140824936127,0.14714041322963237,10,0.025,0.15,0.9589838308943569,1.0,0.9587590982704295,0.9583258060655764,0.961146493267882,0.9603461094384196,0.9598540274490068,0.9662226073282489,0.9671680831990601,0.9577534604450374,0.9501534546704827,0.9587993955086257
3,2,2.0066456083095434,0.27921766258699304,4167,2.254218135561262,0.17266187050359713,834,2.2512106110778034,0.2101,0.9793244640548515,0.0827541162743139,,,0.55,,0.5500404350481095,0.4499595649518905,0.9733080067492154,0.14609615683430188,10,0.025,0.15,0.9588759539396329,0.9587590982704295,1.0,0.9508627110148714,0.9581714195963295,0.9596714114674648,0.9546203263006093,0.9581170544731304,0.959198149960702,0.9539026287523881,0.9592578675991035,0.9574269650721404
3,3,2.0336748856486695,0.27101031917446605,4167,2.253937244415283,0.2158273381294964,834,2.2502300588390494,0.2148,0.9781411515711566,0.08289358697747737,,,0.6120696508644482,,0.6121123599214405,0.38788764007855947,0.9759379951301337,0.1465183463764366,10,0.025,0.15,0.9532673872153709,0.9583258060655764,0.9508627110148714,1.0,0.9575719344394836,0.9549956162261843,0.9566299183859799,0.9589503261776934,0.9620036948092485,0.9578564041463657,0.9462554650009979,0.9580345305336558
3,4,2.0243013176051052,0.27648188144948405,4167,2.2500225135258267,0.21608643457382953,833,2.2494224868243253,0.2168,0.9829220002359932,0.08347563930112088,,,0.8711045857571768,,0.8711442293409912,0.12885577065900877,0.9786352847335892,0.14712238703673336,10,0.025,0.15,0.9625853514459776,0.961146493267882,0.9581714195963295,0.9575719344394836,1.0,0.9618586550564837,0.9616403585500695,0.965645505982273,0.9642072930673091,0.9594393842948589,0.9583780772541706,0.9600584218263288
3,5,2.0264314846559004,0.27703383729301656,4167,2.249333381652832,0.20768307322929172,833,2.2493631658674795,0.2168,0.982361623350291,0.08361960549629877,,,0.9351748977889469,,0.9352131504678912,0.06478684953210878,0.9789615638927566,0.14714434292724804,10,0.025,0.15,0.9615321629545162,0.9603461094384196,0.9596714114674648,0.9549956162261843,0.9618586550564837,1.0,0.9586218234775012,0.9595442351745066,0.9666333348266691,0.9599785224350253,0.9599422965000669,0.9608569510186861
3,6,2.0202237606048583,0.28195344372450204,4167,2.2530765874045238,0.20888355342136855,833,2.249387182766878,0.2168,0.9805308097032037,0.08347602933991956,,,0.8712781675310421,,0.8713092703536829,0.12869072964631711,0.9787539374778796,0.14712239413953573,10,0.025,0.15,0.9581305755333008,0.9598540274490068,0.9546203263006093,0.9566299183859799,0.9616403585500695,0.9586218234775012,1.0,0.9642505461821026,0.9603908842035591,0.958753036241034,0.953417425280495,0.9561744265354377
3,7,2.0378433440670825,0.2693784497240221,4167,2.248680898121425,0.23169267707082833,833,2.249437205399139,0.2167,0.9837005337834439,0.08346544183186395,,,0.8665663326178303,,0.8665890973907016,0.13341090260929844,0.9785972475734416,0.14712061110278005,10,0.025,0.15,0.965232068115682,0.9662226073282489,0.9581170544731304,0.9589503261776934,0.965645505982273,0.9595442351745066,0.9642505461821026,1.0,0.9619629716460676,0.9646437251664585,0.9535090288844034,0.9618336854686248
3,8,2.018915553526445,0.2742678828612578,4166,2.2466865948268344,0.22448979591836735,833,2.2493599849411203,0.2169,0.9843255008916574,0.08376526770641325,,,0.9999999995549628,,1.0,0.0,0.9790036530461693,0.14714846896255485,10,0.025,0.15,0.9645399488624612,0.9671680831990601,0.959198149960702,0.9620036948092485,0.9642072930673091,0.9666333348266691,0.9603908842035591,0.9619629716460676,1.0,0.9639480987413123,0.9542885773148001,0.9627278406799088
3,9,2.027274571765553,0.271579452712434,4166,2.2481209891183034,0.22569027611044418,833,2.2494459303119516,0.2166,0.9805983051816869,0.0833463394282348,,,0.8135613326952789,,0.8136109323166807,0.1863890676833193,0.9784636967672136,0.14709166617609426,10,0.025,0.15,0.9599597394848309,0.9577534604450374,0.9539026287523881,0.9578564041463657,0.9594393842948589,0.9599785224350253,0.958753036241034,0.9646437251664585,0.9639480987413123,1.0,0.9508941333593579,0.9562468485941444
3,10,2.016407599593654,0.2768122899663946,4166,2.2482523236955916,0.22809123649459784,833,2.249419088605084,0.2167,0.9764223456846701,0.08323365566539244,,,0.7634128666800211,,0.7634632206103217,0.23653677938967832,0.9781753500817518,0.14702703952074694,10,0.025,0.15,0.9545377136067099,0.9501534546704827,0.9592578675991035,0.9462554650009979,0.9583780772541706,0.9599422965000669,0.953417425280495,0.9535090288844034,0.9542885773148001,0.9508941333593579,1.0,0.9536314218328588
3,11,2.043417238105427,0.26356216994719156,4166,2.2517454624176025,0.21968787515006002,833,2.2494971872885015,0.2171,0.9803382429642802,0.08326613921845737,,,0.7778692560997656,,0.7779043092208414,0.22209569077915858,0.9781999925788862,0.14704346250689812,10,0.025,0.15,0.9546087113146857,0.9587993955086257,0.9574269650721404,0.9580345305336558,0.9600584218263288,0.9608569510186861,0.9561744265354377,0.9618336854686248,0.9627278406799088,0.9562468485941444,0.9536314218328588,1.0
4,0,1.9611169349063526,0.2939524838012959,4167,2.2208336762019565,0.23860911270983212,834,2.221713989595824,0.2448,0.9778663744259046,0.08320389166225436,,,1.0,,1.0,0.0,0.9850867587506452,0.146763495893848,10,0.025,0.15,1.0,0.9523829342984954,0.9515952288186984,0.94715205280444,0.955981807574935,0.9552833343789167,0.9527762375170662,0.9585466002126196,0.9583195661481964,0.9534212493112518,0.9497882528494273,0.9459640926681327
4,1,1.9718476136525471,0.2938804895608351,4167,2.22169760295323,0.2589928057553957,834,2.2213253763657583,0.245,0.978800263139484,0.08348049092735277,,,1.0,,1.0,0.0,0.9865584676234116,0.146763495893848,10,0.025,0.15,0.9523829342984954,1.0,0.9517852956582796,0.953754565322154,0.9564268987941196,0.954377770524253,0.9530033637640356,0.960145317553302,0.9618523527902724,0.9521451720852869,0.9435492743045634,0.9525409641771145
4,2,1.9544868844928163,0.2929925605951524,4167,2.226611716406686,0.19304556354916066,834,2.223734768131111,0.2363,0.9759966150503906,0.08289659131674636,,,1.0,,1.0,0.0,0.9790403740553087,0.146763495893848,10,0.025,0.15,0.9515952288186984,0.9517852956582796,1.0,0.9448727268591456,0.9509753812166509,0.9522261264294463,0.9500147954714054,0.9498889585373873,0.9526816623916692,0.94879976048212,0.954996599211077,0.951721329887205
4,3,1.983104815266349,0.2893928485721142,4167,2.227874210902623,0.2446043165467626,834,2.222458818290807,0.2419,0.9760972831901323,0.08298606826065992,,,1.0,,1.0,0.0,0.9818608222081047,0.146763495893848,10,0.025,0.15,0.94715205280444,0.953754565322154,0.9448727268591456,1.0,0.9518181125927162,0.9506252024990566,0.953057483459786,0.9527810189096889,0.9576138395745799,0.9530676612521941,0.9409265000915296,0.9549174000651994
4,4,1.9757680116277752,0.29330453563714903,4167,2.2226751191275462,0.23649459783913565,833,2.2213992649995826,0.2445,0.9803461719759105,0.08348403119831446,,,1.0,,1.0,0.0,0.9864520801428726,0.146763495893848,10,0.025,0.15,0.955981807574935,0.9564268987941196,0.9509753812166509,0.9518181125927162,1.0,0.9578369663600013,0.9583411302423244,0.9588563779060344,0.9596215266930879,0.9519805677381995,0.9546162406480155,0.9536978066494178
4,5,1.9695322726712083,0.2945764338852892,4167,2.2216222626822337,0.23289315726290516,833,2.2213229257849196,0.245,0.9803393284394947,0.08357278931975243,,,1.0,,1.0,0.0,0.9865606703444083,0.146763495893848,10,0.025,0.15,0.9552833343789167,0.954377770524253,0.9522261264294463,0.9506252024990566,0.9578369663600013,1.0,0.9558292210018926,0.9549643358162659,0.9613702336649816,0.9554473851025387,0.9560689993536404,0.9559807438696653
4,6,1.9711933948776938,0.2980081593472522,4167,2.2254094055720737,0.2460984393757503,833,2.221353235124033,0.2446,0.9787583344930441,0.08343262017378718,,,1.0,,1.0,0.0,0.9864521490489536,0.146763495893848,10,0.025,0.15,0.9527762375170662,0.9530033637640356,0.9500147954714054,0.953057483459786,0.9583411302423244,0.9558292210018926,1.0,0.9592258052032131,0.955458599489353,0.9530692839443264,0.94821783310455,0.9525369493787471
4,7,1.9865301298372673,0.28720902327813774,4167,2.221641847065517,0.2665066026410564,833,2.2214182539831233,0.2444,0.9806798139487943,0.08348858179907546,,,1.0,,1.0,0.0,0.986454391132799,0.146763495893848,10,0.025,0.15,0.9585466002126196,0.960145317553302,0.9498889585373873,0.9527810189096889,0.9588563779060344,0.9549643358162659,0.9592258052032131,1.0,0.9583827583091837,0.9582421871159038,0.949036731815573,0.954005808218004
4,8,1.96415031859369,0.2912626020163226,4166,2.217238426208496,0.24369747899159663,833,2.2213183626343933,0.245,0.9823479789112519,0.08372815938357897,,,1.0,,1.0,0.0,0.9865901983898232,0.146763495893848,10,0.025,0.15,0.9583195661481964,0.9618523527902724,0.9526816623916692,0.9576138395745799,0.9596215266930879,0.9613702336649816,0.955458599489353,0.9583827583091837,1.0,0.9605602687287413,0.948960438059433,0.9587174171941312
4,9,1.979006420843529,0.28756601056168984,4166,2.219247341156006,0.2617046818727491,833,2.2214288258854347,0.2443,0.9778712397529576,0.08332360608421227,,,1.0,,1.0,0.0,0.9862424033545477,0.146763495893848,10,0.025,0.15,0.9534212493112518,0.9521451720852869,0.94879976048212,0.9530676612521941,0.9519805677381995,0.9554473851025387,0.9530692839443264,0.9582421871159038,0.9605602687287413,1.0,0.9448194369930017,0.9496114315223072
4,10,1.964363845911893,0.2949351896303409,4166,2.2208413737160817,0.24489795918367346,833,2.2213975930515724,0.2442,0.97430115197981,0.08313782560619816,,,1.0,,1.0,0.0,0.9856743605345736,0.146763495893848,10,0.025,0.15,0.9497882528494273,0.9435492743045634,0.954996599211077,0.9409265000915296,0.9546162406480155,0.9560689993536404,0.94821783310455,0.949036731815573,0.948960438059433,0.9448194369930017,1.0,0.948411067598609
4,11,1.9930788921587395,0.28226116178588573,4166,2.223593303135463,0.2424969987995198,833,2.22149855577493,0.2443,0.9776040167492019,0.08326534426806761,,,1.0,,1.0,0.0,0.9858648793575061,0.146763495893848,10,0.025,0.15,0.9459640926681327,0.9525409641771145,0.951721329887205,0.9549174000651994,0.9536978066494178,0.9559807438696653,0.9525369493787471,0.954005808218004,0.9587174171941312,0.9496114315223072,0.948411067598609,1.0
5,0,1.9150628306648947,0.3105111591072714,4167,2.187356574194772,0.2673860911270983,834,2.1885915979554382,0.2695,0.9763567396938824,0.08326876413984181,,,1.0,,1.0,0.0,0.9883937071659673,0.14638278961612344,10,0.025,0.15,1.0,0.9494933784290956,0.9489816917716637,0.9427772378612207,0.9525198591850965,0.9508516078044356,0.948951181747536,0.9525579357868522,0.9535928564514495,0.9483630236801639,0.9442927859291768,0.9413592399815114
5,1,1.931946542407527,0.30583153347732184,4167,2.189192226954869,0.2865707434052758,834,2.1880978149703787,0.2693,0.9762318887695985,0.08343582506294467,,,1.0,,1.0,0.0,0.9883937071659673,0.14638278961612344,10,0.025,0.15,0.9494933784290956,1.0,0.9474638307468738,0.9463873260639886,0.9501783951044993,0.9491307895519061,0.9448680606856998,0.9548564189672615,0.9563426726929197,0.9466284299013076,0.9393413511310401,0.9474173666516214
5,2,1.913595033053196,0.3098632109431245,4167,2.1936726570129395,0.22661870503597123,834,2.191102990621253,0.2608,0.9743897560064986,0.08301459458630707,,,1.0,,1.0,0.0,0.9883937071659673,0.14638278961612344,10,0.025,0.15,0.9489816917716637,0.9474638307468738,1.0,0.9410600828821457,0.9459250586447882,0.9495429516444063,0.9428722521185307,0.94673011370506,0.9487435089420875,0.9432350821056628,0.9493173774792418,0.9470914357150623
5,3,1.936133413965052,0.301511879049676,4167,2.197021280016218,0.26498800959232616,834,2.189519028120403,0.2661,0.973290761460285,0.0830341665940035,,,1.0,,1.0,0.0,0.9883937071659673,0.14638278961612344,10,0.025,0.15,0.9427772378612207,0.9463873260639886,0.9410600828821457,1.0,0.946874855347449,0.9463003013102685,0.9468430851122059,0.9451894120768011,0.9497284163182125,0.9466623130547043,0.9367066111550435,0.9494666324350601
5,4,1.930271029472351,0.31010319174466044,4167,2.1903618403843472,0.26770708283313327,833,2.1881894280638874,0.2693,0.9779214081869209,0.08349302963221097,,,1.0,,1.0,0.0,0.9883937071659673,0.14638278961612344,10,0.025,0.15,0.9525198591850965,0.9501783951044993,0.9459250586447882,0.946874855347449,1.0,0.9550877077764595,0.9508122222574193,0.9527752230583675,0.9547055277299668,0.9462356075317641,0.9495584663288963,0.9472281775048265
5,5,1.9284748290524338,0.3039356851451884,4167,2.188653060368129,0.25690276110444177,833,2.1880939248241957,0.2693,0.9787454850455912,0.08357477613463607,,,1.0,,1.0,0.0,0.9883937071659673,0.14638278961612344,10,0.025,0.15,0.9508516078044356,0.9491307895519061,0.9495429516444063,0.9463003013102685,0.9550877077764595,1.0,0.9503166600359414,0.9497546501934061,0.9559075528639904,0.950001832405995,0.952579207419872,0.9520582718327957
5,6,1.928963419524106,0.31027117830573553,4167,2.1926606723240445,0.26290516206482595,833,2.1881318786476234,0.269,0.9750315486162222,0.08336712282435724,,,1.0,,1.0,0.0,0.9883937071659673,0.14638278961612344,10,0.025,0.15,0.948951181747536,0.9448680606856998,0.9428722521185307,0.9468430851122059,0.9508122222574193,0.9503166600359414,1.0,0.9522246746954823,0.9481653994473996,0.9471269442940861,0.940269772875663,0.9456495830056915
5,7,1.9419593233050723,0.30105591552675787,4167,2.1895199503217424,0.2893157262905162,833,2.1882129228567777,0.2693,0.9776824061062189,0.0834880625899914,,,1.0,,1.0,0.0,0.9883937071659673,0.14638278961612344,10,0.025,0.15,0.9525579357868522,0.9548564189672615,0.94673011370506,0.9451894120768011,0.9527752230583675,0.9497546501934061,0.9522246746954823,1.0,0.9498152310895219,0.952960704566649,0.9418581329640382,0.9503882632426663
5,8,1.919051713293249,0.30453672587614017,4166,2.1827779838017056,0.2737094837935174,833,2.188087704815442,0.2693,0.9791815415257402,0.08368509933584233,,,1.0,,1.0,0.0,0.9883937071659673,0.14638278961612344,10,0.025,0.15,0.9535928564514495,0.9563426726929197,0.9487435089420875,0.9497284163182125,0.9547055277299668,0.9559075528639904,0.9481653994473996,0.9498152310895219,1.0,0.9554929532017333,0.9433307192129947,0.9507135871106437
5,9,1.9361326506643584,0.3029284685549688,4166,2.185072592326573,0.290516206482593,833,2.1882252572458003,0.2693,0.9753295717120442,0.08330938228184429,,,1.0,,1.0,0.0,0.9883937071659673,0.14638278961612344,10,0.025,0.15,0.9483630236801639,0.9466284299013076,0.9432350821056628,0.9466623130547043,0.9462356075317641,0.950001832405995,0.9471269442940861,0.952960704566649,0.9554929532017333,1.0,0.9398709260677565,0.9450500171194219
5,10,1.9236233787103132,0.30782525204032646,4166,2.1884181840079173,0.27010804321728693,833,2.1881892681121826,0.2692,0.9715183042055832,0.0830703408669065,,,1.0,,1.0,0.0,0.9883937071659673,0.14638278961612344,10,0.025,0.15,0.9442927859291768,0.9393413511310401,0.9493173774792418,0.9367066111550435,0.9495584663288963,0.952579207419872,0.940269772875663,0.9418581329640382,0.9433307192129947,0.9398709260677565,1.0,0.9400701505313995
5,11,1.9517654278061607,0.29474315890542485,4166,2.190089089529855,0.26770708283313327,833,2.1883152496965628,0.2692,0.9748842399115709,0.08325883595111422,,,1.0,,1.0,0.0,0.9883937071659673,0.14638278961612344,10,0.025,0.15,0.9413592399815114,0.9474173666516214,0.9470914357150623,0.9494666324350601,0.9472281775048265,0.9520582718327957,0.9456495830056915,0.9503882632426663,0.9507135871106437,0.9450500171194219,0.9400701505313995,1.0
6,0,1.8788048260139696,0.3222462203023758,4167,2.14909291267395,0.29256594724220625,834,2.1506546720673767,0.2915,0.9740869890629568,0.08329964755900823,,,1.0,,1.0,0.0,0.9915762685224871,0.14608466492328703,10,0.025,0.15,1.0,0.9455052171246592,0.9423967799208318,0.9410567405859864,0.9477447456684154,0.9463178554567566,0.9426307209920785,0.9497651157200601,0.9481903227397183,0.9437769806867913,0.9409437913290891,0.9355713086912578
6,1,1.894796460686308,0.31984641228701705,4167,2.1518948759351457,0.31534772182254195,834,2.1500460196144973,0.2908,0.9748159119077963,0.08342683872015569,,,1.0,,1.0,0.0,0.9915762685224871,0.14608466492328703,10,0.025,0.15,0.9455052171246592,1.0,0.9443443698549705,0.9459343504979788,0.9478097354363514,0.9436197639913945,0.9387550225379228,0.9511625617485221,0.9522531459639029,0.943177331778843,0.9366254448986469,0.94312957805506
6,2,1.8766753521832553,0.3233741300695944,4167,2.155663081577846,0.2577937649880096,834,2.1536627177950702,0.2839,0.9726872215179629,0.08309666112939744,,,1.0,,1.0,0.0,0.9915762685224871,0.14608466492328703,10,0.025,0.15,0.9423967799208318,0.9443443698549705,1.0,0.9397197372836134,0.9416374117214347,0.9443090327193329,0.938498468872583,0.9448077658238796,0.9436638356249629,0.9394196059207321,0.9477181952414558,0.9412706625569052
6,3,1.900204534964128,0.31060715142788575,4167,2.1618171078818187,0.28776978417266186,834,2.1517730875860286,0.2886,0.9732643686378389,0.08312758704989454,,,1.0,,1.0,0.0,0.9915762685224871,0.14608466492328703,10,0.025,0.15,0.9410567405859864,0.9459343504979788,0.9397197372836134,1.0,0.9436498753003871,0.9436849387689247,0.9411576431619507,0.945277809966715,0.9449075113282072,0.9439692692222287,0.9362278374047814,0.9488905968748664
6,4,1.893521002928416,0.3209983201343892,4167,2.1534530094691684,0.2893157262905162,833,2.1501574818092055,0.2908,0.9759700826092054,0.08349986891164972,,,1.0,,1.0,0.0,0.9915762685224871,0.14608466492328703,10,0.025,0.15,0.9477447456684154,0.9478097354363514,0.9416374117214347,0.9436498753003871,1.0,0.9490251363986135,0.9456452270169488,0.9491726725608641,0.9507320974677956,0.9419145034576827,0.9464554691133013,0.9419868291328037
6,5,1.888672784241763,0.315190784737221,4167,2.1507748535701205,0.27490996398559425,833,2.150040143652807,0.2908,0.9753284036346088,0.08352957245691084,,,1.0,,1.0,0.0,0.9915762685224871,0.14608466492328703,10,0.025,0.15,0.9463178554567566,0.9436197639913945,0.9443090327193329,0.9436849387689247,0.9490251363986135,1.0,0.9412544288975015,0.94488881081576,0.9502692149495319,0.9454353333828089,0.9455290095604124,0.9439169111566378
6,6,1.8882774309678512,0.3224862011039117,4167,2.154944283621652,0.2857142857142857,833,2.150087015538276,0.2905,0.9711992069154548,0.08326644209020385,,,1.0,,1.0,0.0,0.9915762685224871,0.14608466492328703,10,0.025,0.15,0.9426307209920785,0.9387550225379228,0.938498468872583,0.9411576431619507,0.9456452270169488,0.9412544288975015,1.0,0.9476626946512108,0.9410058170936495,0.9384067620271725,0.9347902186855083,0.9403059528105426
6,7,1.9002809849652378,0.31579073674106073,4167,2.1527051585061208,0.304921968787515,833,2.150185325477697,0.2909,0.9767562469838413,0.08352241255347376,,,1.0,,1.0,0.0,0.9915762685224871,0.14608466492328703,10,0.025,0.15,0.9497651157200601,0.9511625617485221,0.9448077658238796,0.945277809966715,0.9491726725608641,0.94488881081576,0.9476626946512108,1.0,0.9475069414534715,0.9475952046305923,0.9408245264102226,0.9463282912686283
6,8,1.8805809317213116,0.31483437349975996,4166,2.143523693084717,0.2893157262905162,833,2.1500318503078026,0.2909,0.97702723506753,0.08365324065748056,,,1.0,,1.0,0.0,0.9915762685224871,0.14608466492328703,10,0.025,0.15,0.9481903227397183,0.9522531459639029,0.9436638356249629,0.9449075113282072,0.9507320974677956,0.9502692149495319,0.9410058170936495,0.9475069414534715,1.0,0.952537515186983,0.9399081244611182,0.9470357442949197
6,9,1.8970329743443113,0.31493038886221797,4166,2.146118640899658,0.29891956782713086,833,2.150199220150332,0.291,0.9730293904551448,0.08329033232920859,,,1.0,,1.0,0.0,0.9915762685224871,0.14608466492328703,10,0.025,0.15,0.9437769806867913,0.943177331778843,0.9394196059207321,0.9439692692222287,0.9419145034576827,0.9454353333828089,0.9384067620271725,0.9475952046305923,0.952537515186983,1.0,0.935279291886365,0.9399895841738886
6,10,1.8836329254237087,0.3217474795967355,4166,2.1513305050986156,0.28811524609843936,833,2.150158625614794,0.2906,0.9702415373750435,0.08305147857111672,,,1.0,,1.0,0.0,0.9915762685224871,0.14608466492328703,10,0.025,0.15,0.9409437913290891,0.9366254448986469,0.9477181952414558,0.9362278374047814,0.9464554691133013,0.9455290095604124,0.9347902186855083,0.9408245264102226,0.9399081244611182,0.935279291886365,1.0,0.9348677321071329
6,11,1.9080594405983433,0.3117138742198752,4166,2.1516102041516985,0.2929171668667467,833,2.1503116752527935,0.2909,0.9723199722227293,0.08323591797150005,,,1.0,,1.0,0.0,0.9915762685224871,0.14608466492328703,10,0.025,0.15,0.9355713086912578,0.94312957805506,0.9412706625569052,0.9488905968748664,0.9419868291328037,0.9439169111566378,0.9403059528105426,0.9463282912686283,0.9470357442949197,0.9399895841738886,0.9348677321071329,1.0
7,0,1.839684494336446,0.3339572834173266,4167,2.1068012373788014,0.30455635491606714,834,2.1088091783885714,0.3083,0.9702565742163175,0.08327851985538001,,,1.0,,1.0,0.0,0.9935229933846269,0.1456950509463543,10,0.025,0.15,1.0,0.9371099982227523,0.9366498949864652,0.9360052371227483,0.9410256486455957,0.9405786733507421,0.9388505488890792,0.9402034079104981,0.9396406995421069,0.9364777543178936,0.9332161845724142,0.9291356952807027
7,1,1.8557718392574425,0.3320854331653468,4167,2.1107822826930454,0.3225419664268585,834,2.1080868425248545,0.3086,0.9713203563090936,0.08339205273034676,,,1.0,,1.0,0.0,0.9935229933846269,0.1456950509463543,10,0.025,0.15,0.9371099982227523,1.0,0.9361534188840253,0.9409337829714857,0.9411706874388084,0.9374044280514976,0.9350886536531628,0.9433992701342152,0.9457888843812451,0.9368175420519602,0.9294169409198916,0.9378948022761922
