round,client_id,client_i_training_loss,client_i_training_accuracy,client_i_training_dataset_size,client_i_evaluation_loss,client_i_evaluation_accuracy,client_i_evaluation_dataset_size,client_i_central_evaluation_loss,client_i_central_evaluation_accuracy,client_i_cosine_similarity,client_i_importance_coefficient,client_i_tanh_val,tanh_normalization_value,client_i_q,client_i_mask_order,client_i_v_nonzero_fraction,client_i_v_sparsity,client_i_v_cosine_similarity,client_i_reward_gradient_norm,local_epochs,learning_rate,gamma,client_0_cosine_similarity,client_1_cosine_similarity,client_2_cosine_similarity,client_3_cosine_similarity,client_4_cosine_similarity,client_5_cosine_similarity,client_6_cosine_similarity,client_7_cosine_similarity,client_8_cosine_similarity,client_9_cosine_similarity,client_10_cosine_similarity,client_11_cosine_similarity
0,0,2.0715067491409886,0.40812,5000,2.2478781629491738,0.1079136690647482,834,2.2487330322448438,0.102,0.9973324713450432,0.08338906452973245,,,0.95,,0.95001498149061,0.04998501850938997,0,0.09966653800509263,5,0.001,0.1,1.0,0.9939879067156437,0.9939273839086766,0.995129617360371,0.9900166574204977,0.9932600040963938,0.9915560224426735,0.9952088530082671,0.9926455069298276,0.9956907007844431,0.9912889135644998,0.9953759355292495
0,1,2.0696122139122837,0.41036,5000,2.2505846641681813,0.08872901678657075,834,2.2487330322448438,0.102,0.9973283571455648,0.08338872053286517,,,0.95,,0.95001498149061,0.04998501850938997,0,0.09966653800509263,5,0.001,0.1,0.9939879067156437,1.0,0.9972397976782635,0.9939985627179085,0.9873338051818954,0.9881138596606555,0.9923900273558967,0.9973375451816759,0.9926567806204836,0.9945518985051671,0.9955725039894497,0.9948556085790774
0,2,2.066572394340661,0.40604,5000,2.2538183706778065,0.09592326139088729,834,2.2487330322448438,0.102,0.9970038464345172,0.08336158751012537,,,0.95,,0.95001498149061,0.04998501850938997,0,0.09966653800509263,5,0.001,0.1,0.9939273839086766,0.9972397976782635,1.0,0.9940979696667335,0.9877007910762403,0.9875133595702734,0.9942730250180905,0.9959708432206432,0.9921396342874951,0.9935188016921115,0.9942452655462976,0.993530279199049
0,3,2.059606492899026,0.42272,5000,2.248588173477738,0.1079136690647482,834,2.2487330322448438,0.102,0.996926555249671,0.08335512503167822,,,0.95,,0.95001498149061,0.04998501850938997,0,0.09966653800509263,5,0.001,0.1,0.995129617360371,0.9939985627179085,0.9940979696667335,1.0,0.9898638475418622,0.988951027012834,0.9927430012327216,0.9951040235714457,0.9932582228370287,0.9935711751573449,0.9918395877804773,0.9946757135889966
0,4,2.064418800317558,0.42704,5000,2.2491904894510903,0.10444177671068428,833,2.2487330322448438,0.102,0.9944464951277386,0.08314776199128054,,,0.95,,0.95001498149061,0.04998501850938997,0,0.09966653800509263,5,0.001,0.1,0.9900166574204977,0.9873338051818954,0.9877007910762403,0.9898638475418622,1.0,0.992166087863575,0.9886170058249499,0.9878265026175963,0.9950446357621173,0.9928510419982314,0.9903314262031105,0.991819450137434
0,5,2.0646174649524083,0.41196,5000,2.2476117081112332,0.11044417767106843,833,2.2487330322448438,0.102,0.9945304765836976,0.08315478385735978,,,0.95,,0.95001498149061,0.04998501850938997,0,0.09966653800509263,5,0.001,0.1,0.9932600040963938,0.9881138596606555,0.9875133595702734,0.988951027012834,0.992166087863575,1.0,0.9874433989533479,0.9890895402329616,0.9911942158413046,0.9951549558140561,0.9889142993888446,0.9927749207141894
0,6,2.0737334225587785,0.39576,5000,2.2549982247529208,0.10204081632653061,833,2.2487330322448438,0.102,0.9953043376695148,0.08321948800956212,,,0.95,,0.95001498149061,0.04998501850938997,0,0.09966653800509263,5,0.001,0.1,0.9915560224426735,0.9923900273558967,0.9942730250180905,0.9927430012327216,0.9886170058249499,0.9874433989533479,1.0,0.9907377984260184,0.9912959641879404,0.9918571191355309,0.9904225622399483,0.9924951166534542
0,7,2.0577291001180176,0.42652,5000,2.2519370273307517,0.09123649459783914,833,2.2487330322448438,0.102,0.9973094474319008,0.08338713945195356,,,0.95,,0.95001498149061,0.04998501850938997,0,0.09966653800509263,5,0.001,0.1,0.9952088530082671,0.9973375451816759,0.9959708432206432,0.9951040235714457,0.9878265026175963,0.9890895402329616,0.9907377984260184,1.0,0.9923324518681768,0.9952477357560429,0.994320769171219,0.9946360727125089
0,8,2.0697423237903863,0.42324,5000,2.250893963707818,0.10684273709483794,833,2.2487330322448438,0.102,0.9969317478399188,0.08335555919506474,,,0.95,,0.95001498149061,0.04998501850938997,0,0.09966653800509263,5,0.001,0.1,0.9926455069298276,0.9926567806204836,0.9921396342874951,0.9932582228370287,0.9950446357621173,0.9911942158413046,0.9912959641879404,0.9923324518681768,1.0,0.9948582427937704,0.9935376803727326,0.9943315171235759
0,9,2.0669868094146633,0.40828,5000,2.240955211498119,0.11884753901560624,833,2.2487330322448438,0.102,0.9982729993387363,0.08346770405247086,,,0.95,,0.95001498149061,0.04998501850938997,0,0.09966653800509263,5,0.001,0.1,0.9956907007844431,0.9945518985051671,0.9935188016921115,0.9935711751573449,0.9928510419982314,0.9951549558140561,0.9918571191355309,0.9952477357560429,0.9948582427937704,1.0,0.9952837459842822,0.9967507903360393
0,10,2.066265322600201,0.3872,5000,2.2550145785013833,0.0936374549819928,833,2.2487330322448438,0.102,0.9966546740041611,0.08333239246919012,,,0.95,,0.95001498149061,0.04998501850938997,0,0.09966653800509263,5,0.001,0.1,0.9912889135644998,0.9955725039894497,0.9942452655462976,0.9918395877804773,0.9903314262031105,0.9889142993888446,0.9904225622399483,0.994320769171219,0.9935376803727326,0.9952837459842822,1.0,0.9942242971234807
0,11,2.0744226982639096,0.3882,5000,2.2520652965263084,0.09603841536614646,833,2.2487330322448438,0.102,0.9979497126010524,0.08344067336871706,,,0.95,,0.95001498149061,0.04998501850938997,0,0.09966653800509263,5,0.001,0.1,0.9953759355292495,0.9948556085790774,0.993530279199049,0.9946757135889966,0.991819450137434,0.9927749207141894,0.9924951166534542,0.9946360727125089,0.9943315171235759,0.9967507903360393,0.9942242971234807,1.0
1,0,1.841137601919235,0.52004,5000,2.1745559816007263,0.26139088729016785,834,2.173486162679264,0.2374,0.9986883956732086,0.0833651456555356,,,0.95,,0.95001498149061,0.04998501850938997,0.9824251894465488,0.09987614640840213,5,0.001,0.1,1.0,0.9972381305358066,0.9968376525857598,0.9978175462089564,0.9975482290310587,0.99695173161872,0.9974031343328841,0.997265567025817,0.9973111876239866,0.9977011643916954,0.9957671593299797,0.9975772147140911
1,1,1.8427339005622134,0.5092,5000,2.1737422589902526,0.22661870503597123,834,2.173486162679264,0.2374,0.9991207597242642,0.08337888863442822,,,0.95,,0.95001498149061,0.04998501850938997,0.9824251894465488,0.09987614640840213,5,0.001,0.1,0.9972381305358066,1.0,0.9980261144084948,0.9973218792183647,0.997350011096622,0.9961610929141842,0.997801945524161,0.9982715745944598,0.997861360764777,0.9985137452871402,0.9983034165210252,0.9977472416075205
1,2,1.8419223899294617,0.51816,5000,2.179745568169488,0.22182254196642687,834,2.173486162679264,0.2374,0.9987226429917484,0.08334940210651427,,,0.95,,0.95001498149061,0.04998501850938997,0.9824251894465488,0.09987614640840213,5,0.001,0.1,0.9968376525857598,0.9980261144084948,1.0,0.9969918858439467,0.9970780711965618,0.9956469660974568,0.9981105545019314,0.9976189331963664,0.9973875318367845,0.9978569087775105,0.9975635742516449,0.996709480445078
1,3,1.8239678891601077,0.53388,5000,2.171761662871749,0.2314148681055156,834,2.173486162679264,0.2374,0.9986354670567671,0.08334262585723505,,,0.95,,0.95001498149061,0.04998501850938997,0.9824251894465488,0.09987614640840213,5,0.001,0.1,0.9978175462089564,0.9973218792183647,0.9969918858439467,1.0,0.9977062330521538,0.9962459592748982,0.9969947912335285,0.9975550122620631,0.9975544631087259,0.9972662881607444,0.9963456065858873,0.9969849771996139
1,4,1.8341339800767837,0.52768,5000,2.1738308094165943,0.22448979591836735,833,2.173486162679264,0.2374,0.998912499058138,0.08322441222675643,,,0.95,,0.95001498149061,0.04998501850938997,0.9824251894465488,0.09987614640840213,5,0.001,0.1,0.9975482290310587,0.997350011096622,0.9970780711965618,0.9977062330521538,1.0,0.9976401440366066,0.9977527673615775,0.9976098081199672,0.9978218851985532,0.9977478258363809,0.9963282501278818,0.9975299615446359
1,5,1.8348376070617871,0.5316,5000,2.1718090728477195,0.24129651860744297,833,2.173486162679264,0.2374,0.9979008512870172,0.0831960685644276,,,0.95,,0.95001498149061,0.04998501850938997,0.9824251894465488,0.09987614640840213,5,0.001,0.1,0.99695173161872,0.9961610929141842,0.9956469660974568,0.9962459592748982,0.9976401440366066,1.0,0.9966726694509067,0.9966312948235669,0.99624681269988,0.9970748365649645,0.9942514484781461,0.9964693507794429
1,6,1.846193771605279,0.51664,5000,2.182877090242174,0.22088835534213686,833,2.173486162679264,0.2374,0.9989770257691121,0.0832704769244368,,,0.95,,0.95001498149061,0.04998501850938997,0.9824251894465488,0.09987614640840213,5,0.001,0.1,0.9974031343328841,0.997801945524161,0.9981105545019314,0.9969947912335285,0.9977527673615775,0.9966726694509067,1.0,0.9974706347501762,0.9975628351862175,0.9979039842167468,0.9975225110681757,0.9976860657785362
1,7,1.824754749741524,0.52668,5000,2.1747567565352828,0.23169267707082833,833,2.173486162679264,0.2374,0.999018978622373,0.08337463428399837,,,0.95,,0.95001498149061,0.04998501850938997,0.9824251894465488,0.09987614640840213,5,0.001,0.1,0.997265567025817,0.9982715745944598,0.9976189331963664,0.9975550122620631,0.9976098081199672,0.9966312948235669,0.9974706347501762,1.0,0.9977391225478427,0.9984127080750727,0.9972967794102728,0.9975069352264654
1,8,1.8390472328586942,0.53248,5000,2.1783177764327437,0.2424969987995198,833,2.173486162679264,0.2374,0.9988653792348506,0.08335031216397748,,,0.95,,0.95001498149061,0.04998501850938997,0.9824251894465488,0.09987614640840213,5,0.001,0.1,0.9973111876239866,0.997861360764777,0.9973875318367845,0.9975544631087259,0.9978218851985532,0.99624681269988,0.9975628351862175,0.9977391225478427,1.0,0.9978533275043644,0.9969660796140006,0.9972350534686341
1,9,1.8382321675112292,0.50968,5000,2.165148558440032,0.27490996398559425,833,2.173486162679264,0.2374,0.9992340405027182,0.08343097707765121,,,0.95,,0.95001498149061,0.04998501850938997,0.9824251894465488,0.09987614640840213,5,0.001,0.1,0.9977011643916954,0.9985137452871402,0.9978569087775105,0.9972662881607444,0.9977478258363809,0.9970748365649645,0.9979039842167468,0.9984127080750727,0.9978533275043644,1.0,0.9975143315681875,0.9981098495577383
1,10,1.839778738112966,0.49104,5000,2.1804400903207286,0.23649459783913565,833,2.173486162679264,0.2374,0.998293855426877,0.08331766129863141,,,0.95,,0.95001498149061,0.04998501850938997,0.9824251894465488,0.09987614640840213,5,0.001,0.1,0.9957671593299797,0.9983034165210252,0.9975635742516449,0.9963456065858873,0.9963282501278818,0.9942514484781461,0.9975225110681757,0.9972967794102728,0.9969660796140006,0.9975143315681875,1.0,0.9968262506834552
1,11,1.8493891580848938,0.49284,5000,2.174820970605921,0.23529411764705882,833,2.173486162679264,0.2374,0.9987690548252472,0.08339939520640748,,,0.95,,0.95001498149061,0.04998501850938997,0.9824251894465488,0.09987614640840213,5,0.001,0.1,0.9975772147140911,0.9977472416075205,0.996709480445078,0.9969849771996139,0.9975299615446359,0.9964693507794429,0.9976860657785362,0.9975069352264654,0.9972350534686341,0.9981098495577383,0.9968262506834552,1.0
2,0,1.648329946493647,0.57532,5000,2.082798781218352,0.4172661870503597,834,2.0796213694654715,0.4021,0.9990261759278545,0.08335737245328048,,,0.95,,0.95001498149061,0.04998501850938997,0.9947362510423273,0.09988850974666837,5,0.001,0.1,1.0,0.9978169380648381,0.9975293757150981,0.9981786679005873,0.9978962618322169,0.9973088595187691,0.9976930849805201,0.9978223011615983,0.9975805548378842,0.9981185338354872,0.9970125713584782,0.9979979823264116
2,1,1.652461463782438,0.56464,5000,2.077887596907439,0.3908872901678657,834,2.0796213694654715,0.4021,0.999180091008492,0.08337076634922885,,,0.95,,0.95001498149061,0.04998501850938997,0.9947362510423273,0.09988850974666837,5,0.001,0.1,0.9978169380648381,1.0,0.9981443102235548,0.9978495918655823,0.9975794236425313,0.9967963225506199,0.99800401285985,0.9980794476273194,0.997926862811577,0.9983943658589282,0.998426109209869,0.9977811205271998
2,2,1.6508977785231962,0.57048,5000,2.0872936337082475,0.38609112709832133,834,2.0796213694654715,0.4021,0.9988754185490911,0.08334285377764106,,,0.95,,0.95001498149061,0.04998501850938997,0.9947362510423273,0.09988850974666837,5,0.001,0.1,0.9975293757150981,0.9981443102235548,1.0,0.9975428428455733,0.9974473772352117,0.9962436475165232,0.9981106835456615,0.9977476912392975,0.9973334471472203,0.9980997253305083,0.9977765334158734,0.9971716648684813
2,3,1.6265870947746714,0.59564,5000,2.076535392690588,0.4136690647482014,834,2.0796213694654715,0.4021,0.9989554768022408,0.08334128243912131,,,0.95,,0.95001498149061,0.04998501850938997,0.9947362510423273,0.09988850974666837,5,0.001,0.1,0.9981786679005873,0.9978495918655823,0.9975428428455733,1.0,0.9979653474070739,0.9969520834812156,0.9973228643711628,0.9979801143393506,0.9980383025929074,0.9976206207743011,0.9971361283404396,0.9975216309603964
2,4,1.6387671986203285,0.58376,5000,2.0793475486614086,0.38415366146458585,833,2.0796213694654715,0.4021,0.998956842947115,0.08326884174667394,,,0.95,,0.95001498149061,0.04998501850938997,0.9947362510423273,0.09988850974666837,5,0.001,0.1,0.9978962618322169,0.9975794236425313,0.9974473772352117,0.9979653474070739,1.0,0.9976531619033647,0.9977558086945963,0.9978940049959796,0.9977982572626682,0.9976744853640702,0.996944553878186,0.9975205231566431
2,5,1.6396548443539127,0.578,5000,2.077425550531458,0.4057623049219688,833,2.0796213694654715,0.4021,0.9981679205353752,0.08322600223637926,,,0.95,,0.95001498149061,0.04998501850938997,0.9947362510423273,0.09988850974666837,5,0.001,0.1,0.9973088595187691,0.9967963225506199,0.9962436475165232,0.9969520834812156,0.9976531619033647,1.0,0.9969739000726597,0.9970503007850475,0.9964163813738666,0.9970300195273751,0.995637849002635,0.9966132922731483
2,6,1.6549267902495755,0.57272,5000,2.09314587381151,0.36614645858343337,833,2.0796213694654715,0.4021,0.9989597093549275,0.08329717963636049,,,0.95,,0.95001498149061,0.04998501850938997,0.9947362510423273,0.09988850974666837,5,0.001,0.1,0.9976930849805201,0.99800401285985,0.9981106835456615,0.9973228643711628,0.9977558086945963,0.9969739000726597,1.0,0.9975840863348809,0.9974317488743769,0.9978674215584643,0.9978218495224193,0.9975956407815287
2,7,1.6284270127108142,0.57964,5000,2.0789923314695007,0.3985594237695078,833,2.0796213694654715,0.4021,0.9990441245169491,0.08336376981042071,,,0.95,,0.95001498149061,0.04998501850938997,0.9947362510423273,0.09988850974666837,5,0.001,0.1,0.9978223011615983,0.9980794476273194,0.9977476912392975,0.9979801143393506,0.9978940049959796,0.9970503007850475,0.9975840863348809,1.0,0.9978267839955215,0.9982118574759887,0.9974579347032065,0.997515136606392
2,8,1.6451904319653845,0.58616,5000,2.0872138606177435,0.41536614645858344,833,2.0796213694654715,0.4021,0.998816755260152,0.08334151861473454,,,0.95,,0.95001498149061,0.04998501850938997,0.9947362510423273,0.09988850974666837,5,0.001,0.1,0.9975805548378842,0.997926862811577,0.9973334471472203,0.9980383025929074,0.9977982572626682,0.9964163813738666,0.9974317488743769,0.9978267839955215,1.0,0.9976169935733568,0.9972411311293977,0.9972342818285264
2,9,1.645812916072311,0.56236,5000,2.0700720062962286,0.4417767106842737,833,2.0796213694654715,0.4021,0.9991717107918484,0.0834024348542625,,,0.95,,0.95001498149061,0.04998501850938997,0.9947362510423273,0.09988850974666837,5,0.001,0.1,0.9981185338354872,0.9983943658589282,0.9980997253305083,0.9976206207743011,0.9976744853640702,0.9970300195273751,0.9978674215584643,0.9982118574759887,0.9976169935733568,1.0,0.9980571301226105,0.9980059729462538
2,10,1.6491343422300497,0.55192,5000,2.087455184371383,0.3937575030012005,833,2.0796213694654715,0.4021,0.9986768877296263,0.08331698435573863,,,0.95,,0.95001498149061,0.04998501850938997,0.9947362510423273,0.09988850974666837,5,0.001,0.1,0.9970125713584782,0.998426109209869,0.9977765334158734,0.9971361283404396,0.996944553878186,0.995637849002635,0.9978218495224193,0.9974579347032065,0.9972411311293977,0.9980571301226105,1.0,0.997255001386049
2,11,1.6585527902955461,0.55292,5000,2.078250213905617,0.4117647058823529,833,2.0796213694654715,0.4021,0.9987975117853538,0.08337099372615821,,,0.95,,0.95001498149061,0.04998501850938997,0.9947362510423273,0.09988850974666837,5,0.001,0.1,0.9979979823264116,0.9977811205271998,0.9971716648684813,0.9975216309603964,0.9975205231566431,0.9966132922731483,0.9975956407815287,0.997515136606392,0.9972342818285264,0.9980059729462538,0.997255001386049,1.0
3,0,1.4919238918905804,0.60416,5000,1.9742816819085016,0.5479616306954437,834,1.9686868369769746,0.5317,0.9989618374327479,0.08335315766002935,,,0.95,,0.95001498149061,0.04998501850938997,0.9976417257159206,0.09988034936792917,5,0.001,0.1,1.0,0.9978224072323868,0.9973340515782133,0.9978122401343633,0.997533126527149,0.9970072196641435,0.9977374400681351,0.9977338470309383,0.9975988957701548,0.9978974801703623,0.9970904901156539,0.9976407096086698
3,1,1.499735443379469,0.58936,5000,1.9642515270798295,0.5311750599520384,834,1.9686868369769746,0.5317,0.9991625725464922,0.08336784894813569,,,0.95,,0.95001498149061,0.04998501850938997,0.9976417257159206,0.09988034936792917,5,0.001,0.1,0.9978224072323868,1.0,0.9980079774682119,0.9977179098129595,0.9974806799623483,0.9967261345239694,0.9979709447579043,0.9980196883293262,0.9977846257937731,0.9982873140392321,0.9981854477984203,0.9976097829489682
3,2,1.4972451206984794,0.59764,5000,1.9778836568196614,0.5023980815347722,834,1.9686868369769746,0.5317,0.9987433592645648,0.08333720404996484,,,0.95,,0.95001498149061,0.04998501850938997,0.9976417257159206,0.09988034936792917,5,0.001,0.1,0.9973340515782133,0.9980079774682119,1.0,0.9971815675522636,0.9971402214765412,0.9960744922543167,0.9979970640726089,0.9975643409954287,0.9971030514980829,0.997845629005356,0.9974113714159076,0.9969291234957042
3,3,1.4687922439757426,0.62452,5000,1.9639559630994443,0.5443645083932853,834,1.9686868369769746,0.5317,0.9988166739372414,0.08333860661012966,,,0.95,,0.95001498149061,0.04998501850938997,0.9976417257159206,0.09988034936792917,5,0.001,0.1,0.9978122401343633,0.9977179098129595,0.9971815675522636,1.0,0.9977807957140087,0.9970013832282812,0.9973234444429888,0.99756655443438,0.9976465454176061,0.9974398086599455,0.9970225976099664,0.9969763955077758
3,4,1.4824157990467777,0.60976,5000,1.9675521320766873,0.5162064825930373,833,1.9686868369769746,0.5317,0.9988141441079572,0.08329410527132632,,,0.95,,0.95001498149061,0.04998501850938997,0.9976417257159206,0.09988034936792917,5,0.001,0.1,0.997533126527149,0.9974806799623483,0.9971402214765412,0.9977807957140087,1.0,0.9975130004006213,0.9977592550448102,0.997510717458938,0.9974186941196069,0.9975516280229634,0.9967740932247611,0.9969795778831136
3,5,1.4842430921117211,0.61448,5000,1.9656594241106953,0.5270108043217286,833,1.9686868369769746,0.5317,0.9981410736893636,0.08324611463594975,,,0.95,,0.95001498149061,0.04998501850938997,0.9976417257159206,0.09988034936792917,5,0.001,0.1,0.9970072196641435,0.9967261345239694,0.9960744922543167,0.9970013832282812,0.9975130004006213,1.0,0.9966332285810917,0.997025130094417,0.9966725834059631,0.9966936022892763,0.9958768302954413,0.9961536325660777
3,6,1.5006445379773523,0.59832,5000,1.9870634564646967,0.48259303721488594,833,1.9686868369769746,0.5317,0.9989844163912447,0.08331697689569793,,,0.95,,0.95001498149061,0.04998501850938997,0.9976417257159206,0.09988034936792917,5,0.001,0.1,0.9977374400681351,0.9979709447579043,0.9979970640726089,0.9973234444429888,0.9977592550448102,0.9966332285810917,1.0,0.9975814311390074,0.9973853891610894,0.997825015024604,0.9977133374896147,0.9975535117329755
3,7,1.4724896733168584,0.60976,5000,1.9660631241621795,0.5402160864345739,833,1.9686868369769746,0.5317,0.9989618500653658,0.08335708084419638,,,0.95,,0.95001498149061,0.04998501850938997,0.9976417257159206,0.09988034936792917,5,0.001,0.1,0.9977338470309383,0.9980196883293262,0.9975643409954287,0.99756655443438,0.997510717458938,0.997025130094417,0.9975814311390074,1.0,0.9976750758758405,0.9980473219692311,0.9972831272654246,0.9972006020679788
3,8,1.4878280317707426,0.60924,5000,1.9793985375651606,0.5438175270108043,833,1.9686868369769746,0.5317,0.9987531514670004,0.0833367013691459,,,0.95,,0.95001498149061,0.04998501850938997,0.9976417257159206,0.09988034936792917,5,0.001,0.1,0.9975988957701548,0.9977846257937731,0.9971030514980829,0.9976465454176061,0.9974186941196069,0.9966725834059631,0.9973853891610894,0.9976750758758405,1.0,0.9975103848358045,0.9970465093793551,0.9968654427807208
3,9,1.4924469830883536,0.59184,5000,1.9578407649640683,0.5798319327731093,833,1.9686868369769746,0.5317,0.9990858262765109,0.08338479083240499,,,0.95,,0.95001498149061,0.04998501850938997,0.9976417257159206,0.09988034936792917,5,0.001,0.1,0.9978974801703623,0.9982873140392321,0.997845629005356,0.9974398086599455,0.9975516280229634,0.9966936022892763,0.997825015024604,0.9980473219692311,0.9975103848358045,1.0,0.997976296953414,0.9976178720271954
3,10,1.494917760001626,0.58072,5000,1.977657123848244,0.5186074429771909,833,1.9686868369769746,0.5317,0.9986489772455365,0.08331829526469108,,,0.95,,0.95001498149061,0.04998501850938997,0.9976417257159206,0.09988034936792917,5,0.001,0.1,0.9970904901156539,0.9981854477984203,0.9974113714159076,0.9970225976099664,0.9967740932247611,0.9958768302954413,0.9977133374896147,0.9972831272654246,0.9970465093793551,0.997976296953414,1.0,0.9970776407156018
3,11,1.50352673917819,0.58396,5000,1.9645713170369465,0.5462184873949579,833,1.9686868369769746,0.5317,0.9985778499229365,0.08334911761832821,,,0.95,,0.95001498149061,0.04998501850938997,0.9976417257159206,0.09988034936792917,5,0.001,0.1,0.9976407096086698,0.9976097829489682,0.9969291234957042,0.9969763955077758,0.9969795778831136,0.9961536325660777,0.9975535117329755,0.9972006020679788,0.9968654427807208,0.9976178720271954,0.9970776407156018,1.0
4,0,1.3655259382952551,0.61836,5000,1.8515453162016693,0.617505995203837,834,1.8433473011175283,0.6028,0.9986622277133412,0.0833485589175571,,,0.95,,0.95001498149061,0.04998501850938997,0.9980037670033565,0.09985662435916741,5,0.001,0.1,1.0,0.9972230860040276,0.9965465612091875,0.9972612915344407,0.9972248883894878,0.9963465079931808,0.9973482360855046,0.9970142792778844,0.9968634770240066,0.9971733022346208,0.9968071805446759,0.9969662696891693
4,1,1.3757448672488997,0.61228,5000,1.8351391553878784,0.6151079136690647,834,1.8433473011175283,0.6028,0.9989451317630933,0.083366699254024,,,0.95,,0.95001498149061,0.04998501850938997,0.9980037670033565,0.09985662435916741,5,0.001,0.1,0.9972230860040276,1.0,0.9975046122054843,0.9974467902457741,0.9968858700225866,0.9962052201637369,0.9975893310886256,0.9973868710216047,0.9973974788678966,0.9977668291300174,0.9978092402762216,0.9969486197365383
4,2,1.3741334835435175,0.61348,5000,1.8542834608643144,0.5671462829736211,834,1.8433473011175283,0.6028,0.998412309203964,0.08333070911072131,,,0.95,,0.95001498149061,0.04998501850938997,0.9980037670033565,0.09985662435916741,5,0.001,0.1,0.9965465612091875,0.9975046122054843,1.0,0.9966059345193585,0.9966162535021656,0.9952986133086166,0.9974797271375178,0.9969652321976818,0.9965441019490414,0.9971435509945568,0.9969835789048009,0.996091660403457
4,3,1.3435350255601726,0.64272,5000,1.8366700234236542,0.605515587529976,834,1.8433473011175283,0.6028,0.9986555367500328,0.083339419625516,,,0.95,,0.95001498149061,0.04998501850938997,0.9980037670033565,0.09985662435916741,5,0.001,0.1,0.9972612915344407,0.9974467902457741,0.9966059345193585,1.0,0.9972039423683798,0.9966363658118952,0.9969942311344756,0.9970709531593571,0.9970871062497138,0.9970195217633769,0.9967797221464845,0.9965897880606097
4,4,1.3549857893567177,0.62776,5000,1.8415992966404668,0.6002400960384153,833,1.8433473011175283,0.6028,0.9986080690276287,0.08331059740836567,,,0.95,,0.95001498149061,0.04998501850938997,0.9980037670033565,0.09985662435916741,5,0.001,0.1,0.9972248883894878,0.9968858700225866,0.9966162535021656,0.9972039423683798,1.0,0.9971458107280555,0.9974203157398213,0.9969496207826734,0.997123635617818,0.9969243685580479,0.9964159272561384,0.9962186637801197
4,5,1.3592218901701034,0.62856,5000,1.8392188372435394,0.6062424969987995,833,1.8433473011175283,0.6028,0.997925491936327,0.08325913663465662,,,0.95,,0.95001498149061,0.04998501850938997,0.9980037670033565,0.09985662435916741,5,0.001,0.1,0.9963465079931808,0.9962052201637369,0.9952986133086166,0.9966363658118952,0.9971458107280555,1.0,0.9960708429587368,0.9965699059629229,0.9962327492072758,0.996223931265846,0.9958163525420147,0.9954063969583228
4,6,1.3748703829801765,0.61744,5000,1.8672293954425387,0.5486194477791116,833,1.8433473011175283,0.6028,0.9988219732860985,0.08333152724679144,,,0.95,,0.95001498149061,0.04998501850938997,0.9980037670033565,0.09985662435916741,5,0.001,0.1,0.9973482360855046,0.9975893310886256,0.9974797271375178,0.9969942311344756,0.9974203157398213,0.9960708429587368,1.0,0.9971567884527098,0.9969536679495281,0.9972679417303837,0.9974779304698194,0.9969310693706644
4,7,1.3470284761896558,0.63012,5000,1.8390245658380013,0.6182472989195679,833,1.8433473011175283,0.6028,0.9986665371157986,0.0833511038743269,,,0.95,,0.95001498149061,0.04998501850938997,0.9980037670033565,0.09985662435916741,5,0.001,0.1,0.9970142792778844,0.9973868710216047,0.9969652321976818,0.9970709531593571,0.9969496207826734,0.9965699059629229,0.9971567884527098,1.0,0.9970218986218344,0.9975165055596655,0.9966529204426412,0.9965214324057406
4,8,1.3610630079439492,0.62936,5000,1.857480314042833,0.6254501800720288,833,1.8433473011175283,0.6028,0.9985169930528103,0.08333377961742697,,,0.95,,0.95001498149061,0.04998501850938997,0.9980037670033565,0.09985662435916741,5,0.001,0.1,0.9968634770240066,0.9973974788678966,0.9965441019490414,0.9970871062497138,0.997123635617818,0.9962327492072758,0.9969536679495281,0.9970218986218344,1.0,0.9969116608366879,0.996626633145666,0.9962729239422691
4,9,1.3660791464671966,0.61264,5000,1.830761684311761,0.6398559423769508,833,1.8433473011175283,0.6028,0.9988054051455391,0.0833725789404582,,,0.95,,0.95001498149061,0.04998501850938997,0.9980037670033565,0.09985662435916741,5,0.001,0.1,0.9971733022346208,0.9977668291300174,0.9971435509945568,0.9970195217633769,0.9969243685580479,0.996223931265846,0.9972679417303837,0.9975165055596655,0.9969116608366879,1.0,0.9975897572701623,0.9969517811697884
4,10,1.3704369819088347,0.60472,5000,1.8534006012810602,0.5918367346938775,833,1.8433473011175283,0.6028,0.9985625058222478,0.08332396116469697,,,0.95,,0.95001498149061,0.04998501850938997,0.9980037670033565,0.09985662435916741,5,0.001,0.1,0.9968071805446759,0.9978092402762216,0.9969835789048009,0.9967797221464845,0.9964159272561384,0.9958163525420147,0.9974779304698194,0.9966529204426412,0.996626633145666,0.9975897572701623,1.0,0.9966210024711589
4,11,1.3789572688424663,0.60624,5000,1.836422121083295,0.5978391356542617,833,1.8433473011175283,0.6028,0.9982237223806917,0.08333192820545887,,,0.95,,0.95001498149061,0.04998501850938997,0.9980037670033565,0.09985662435916741,5,0.001,0.1,0.9969662696891693,0.9969486197365383,0.996091660403457,0.9965897880606097,0.9962186637801197,0.9954063969583228,0.9969310693706644,0.9965214324057406,0.9962729239422691,0.9969517811697884,0.9966210024711589,1.0
5,0,1.2600084785443202,0.63424,5000,1.7185919947094388,0.6390887290167866,834,1.7076741662650063,0.6312,0.9986104624585802,0.08335260717485328,,,0.95,,0.95001498149061,0.04998501850938997,0.997071357670815,0.09983015474088724,5,0.001,0.1,1.0,0.9970747814645092,0.996339892852138,0.9968494288976989,0.9966006573162302,0.9957881816484607,0.9970823784735753,0.9968193225884996,0.9965699999340076,0.9970877749858359,0.9962595970696603,0.9965128156256684
5,1,1.2751110380622233,0.62248,5000,1.6948829536084775,0.6366906474820144,834,1.7076741662650063,0.6312,0.9987312246616403,0.08336763087166697,,,0.95,,0.95001498149061,0.04998501850938997,0.997071357670815,0.09983015474088724,5,0.001,0.1,0.9970747814645092,1.0,0.9970259456385212,0.9969033444018098,0.996000249793753,0.9960056240606089,0.9968002568166415,0.9969931024253039,0.9968557882307211,0.99732163712919,0.9971889591167068,0.9962611843678348
5,2,1.2710765566795494,0.62912,5000,1.7203061271596838,0.6067146282973621,834,1.7076741662650063,0.6312,0.9982411971736834,0.08332974016278584,,,0.95,,0.95001498149061,0.04998501850938997,0.997071357670815,0.09983015474088724,5,0.001,0.1,0.996339892852138,0.9970259456385212,1.0,0.9963374552768155,0.995833926407341,0.995146753823904,0.9969279576727148,0.9964371630652716,0.9959113371761935,0.9968518575130705,0.9964530730341942,0.9952960608078845
5,3,1.2382082166945099,0.65364,5000,1.699005299144321,0.6342925659472423,834,1.7076741662650063,0.6312,0.9983771310105677,0.08333947022089921,,,0.95,,0.95001498149061,0.04998501850938997,0.997071357670815,0.09983015474088724,5,0.001,0.1,0.9968494288976989,0.9969033444018098,0.9963374552768155,1.0,0.9964126353322428,0.9959266332247971,0.9965003005270316,0.9965923757928522,0.9966096027762307,0.9963892067936836,0.9959079500417813,0.9957614712514163
5,4,1.2482509508254422,0.6426,5000,1.7053705277266327,0.6290516206482593,833,1.7076741662650063,0.6312,0.9981101277463175,0.0833131747053579,,,0.95,,0.95001498149061,0.04998501850938997,0.997071357670815,0.09983015474088724,5,0.001,0.1,0.9966006573162302,0.996000249793753,0.995833926407341,0.9964126353322428,1.0,0.9962381869312991,0.9966450770972106,0.9961721142348244,0.9964174506800698,0.9963074221648565,0.9950232801408022,0.9953427385661895
5,5,1.2543437723141566,0.64192,5000,1.7021255978831538,0.6422569027611045,833,1.7076741662650063,0.6312,0.9977207288618862,0.08326904398125352,,,0.95,,0.95001498149061,0.04998501850938997,0.997071357670815,0.09983015474088724,5,0.001,0.1,0.9957881816484607,0.9960056240606089,0.995146753823904,0.9959266332247971,0.9962381869312991,1.0,0.9954998637551082,0.9962937822414929,0.9959192700493036,0.9958403475027598,0.995390954334047,0.9942819639224731
5,6,1.2716681690732385,0.63056,5000,1.7375441745475486,0.575030012004802,833,1.7076741662650063,0.6312,0.9985367210843104,0.08333978122775786,,,0.95,,0.95001498149061,0.04998501850938997,0.997071357670815,0.09983015474088724,5,0.001,0.1,0.9970823784735753,0.9968002568166415,0.9969279576727148,0.9965003005270316,0.9966450770972106,0.9954998637551082,1.0,0.9965206753326471,0.996441122205738,0.9966729234901558,0.996864885738731,0.9961468227423114
5,7,1.241909816158805,0.64544,5000,1.702182994948493,0.6326530612244898,833,1.7076741662650063,0.6312,0.9984934649461705,0.08335039141792719,,,0.95,,0.95001498149061,0.04998501850938997,0.997071357670815,0.09983015474088724,5,0.001,0.1,0.9968193225884996,0.9969931024253039,0.9964371630652716,0.9965923757928522,0.9961721142348244,0.9962937822414929,0.9965206753326471,1.0,0.9966713865408146,0.9970283096110399,0.9960603073680444,0.9959949793419716
5,8,1.2560274787769197,0.6416,5000,1.7256266938315497,0.6602641056422569,833,1.7076741662650063,0.6312,0.9982834615357459,0.08333298758644922,,,0.95,,0.95001498149061,0.04998501850938997,0.997071357670815,0.09983015474088724,5,0.001,0.1,0.9965699999340076,0.9968557882307211,0.9959113371761935,0.9966096027762307,0.9964174506800698,0.9959192700493036,0.996441122205738,0.9966713865408146,1.0,0.9965114450860355,0.995784476694536,0.9953765835675277
5,9,1.2634486751191936,0.62444,5000,1.6930244013115212,0.6578631452581032,833,1.7076741662650063,0.6312,0.9986297700390335,0.08336796203827673,,,0.95,,0.95001498149061,0.04998501850938997,0.997071357670815,0.09983015474088724,5,0.001,0.1,0.9970877749858359,0.99732163712919,0.9968518575130705,0.9963892067936836,0.9963074221648565,0.9958403475027598,0.9966729234901558,0.9970283096110399,0.9965114450860355,1.0,0.9970369297744377,0.9961673809186596
5,10,1.2665259204852353,0.62344,5000,1.7187790738211737,0.6266506602641057,833,1.7076741662650063,0.6312,0.998150267473326,0.08332266646106913,,,0.95,,0.95001498149061,0.04998501850938997,0.997071357670815,0.09983015474088724,5,0.001,0.1,0.9962595970696603,0.9971889591167068,0.9964530730341942,0.9959079500417813,0.9950232801408022,0.995390954334047,0.996864885738731,0.9960603073680444,0.995784476694536,0.9970369297744377,1.0,0.9955019654366762
5,11,1.2760639660677333,0.62432,5000,1.6979665358861287,0.6338535414165666,833,1.7076741662650063,0.6312,0.99774726754513,0.08331454415170327,,,0.95,,0.95001498149061,0.04998501850938997,0.997071357670815,0.09983015474088724,5,0.001,0.1,0.9965128156256684,0.9962611843678348,0.9952960608078845,0.9957614712514163,0.9953427385661895,0.9942819639224731,0.9961468227423114,0.9959949793419716,0.9953765835675277,0.9961673809186596,0.9955019654366762,1.0
6,0,1.1749416549494311,0.64544,5000,1.5811699893739488,0.6522781774580336,834,1.5672622180213562,0.6487,0.9981777940346928,0.08335267492946491,,,0.95,,0.95001498149061,0.04998501850938997,0.9983739056622033,0.09979439104802976,5,0.001,0.1,1.0,0.9963051771521894,0.9955831158979892,0.9960638419621851,0.9957236521865599,0.9947360234788717,0.9963316298290154,0.9958984607845847,0.9957781913266144,0.9958835605176635,0.9959002498111009,0.9953119762768997
6,1,1.1896335117376533,0.63716,5000,1.5491249119793926,0.657074340527578,834,1.5672622180213562,0.6487,0.9983800879451002,0.08336842113827764,,,0.95,,0.95001498149061,0.04998501850938997,0.9983739056622033,0.09979439104802976,5,0.001,0.1,0.9963051771521894,1.0,0.9962698320143273,0.9962329880572699,0.995675536826852,0.9951445937821888,0.9960785596862519,0.9959816490746508,0.9961131465706936,0.9961954256928882,0.9966323735753676,0.995308756664236
6,2,1.1850328709669173,0.64088,5000,1.5812333954705133,0.6211031175059952,834,1.5672622180213562,0.6487,0.9979010220956217,0.08332971327028157,,,0.95,,0.95001498149061,0.04998501850938997,0.9983739056622033,0.09979439104802976,5,0.001,0.1,0.9955831158979892,0.9962698320143273,1.0,0.9954518460474263,0.9954643928442569,0.9944440078061804,0.996157313822332,0.9956883623026931,0.9952244330649217,0.9958820376369028,0.9957902766450841,0.9942466072500067
6,3,1.1525103574345825,0.66792,5000,1.5568866023310908,0.6630695443645084,834,1.5672622180213562,0.6487,0.9980896044281989,0.08334176974660877,,,0.95,,0.95001498149061,0.04998501850938997,0.9983739056622033,0.09979439104802976,5,0.001,0.1,0.9960638419621851,0.9962329880572699,0.9954518460474263,1.0,0.9957450587922687,0.9953900964065084,0.9958335018862781,0.9958517235718068,0.9959335462388437,0.9955849630229916,0.9955019103938147,0.9948714791366331
6,4,1.1626849984667105,0.65592,5000,1.5641142394807603,0.6482593037214885,833,1.5672622180213562,0.6487,0.9978819208489961,0.08331893550472064,,,0.95,,0.95001498149061,0.04998501850938997,0.9983739056622033,0.09979439104802976,5,0.001,0.1,0.9957236521865599,0.995675536826852,0.9954643928442569,0.9957450587922687,1.0,0.9953939819578537,0.9962348478767667,0.9951948169032208,0.9956224048220179,0.9954362426257543,0.9951134722210649,0.9943711227250204
6,5,1.1698679530696505,0.65444,5000,1.5602028590661507,0.6578631452581032,833,1.5672622180213562,0.6487,0.9973006123828506,0.0832730992915382,,,0.95,,0.95001498149061,0.04998501850938997,0.9983739056622033,0.09979439104802976,5,0.001,0.1,0.9947360234788717,0.9951445937821888,0.9944440078061804,0.9953900964065084,0.9953939819578537,1.0,0.9947190751115677,0.9954142190486425,0.995397229726572,0.9947376292267658,0.9945569123720066,0.9930832626965261
6,6,1.1857406783255802,0.64256,5000,1.6029245500211362,0.595438175270108,833,1.5672622180213562,0.6487,0.9982804688634065,0.0833481223346457,,,0.95,,0.95001498149061,0.04998501850938997,0.9983739056622033,0.09979439104802976,5,0.001,0.1,0.9963316298290154,0.9960785596862519,0.996157313822332,0.9958335018862781,0.9962348478767667,0.9947190751115677,1.0,0.995912894786163,0.9958135853501863,0.9959104699599142,0.9964106017557157,0.9953438332756753
6,7,1.1562222020641253,0.65696,5000,1.5611481887322884,0.6482593037214885,833,1.5672622180213562,0.6487,0.9980643748410084,0.08334765420710198,,,0.95,,0.95001498149061,0.04998501850938997,0.9983739056622033,0.09979439104802976,5,0.001,0.1,0.9958984607845847,0.9959816490746508,0.9956883623026931,0.9958517235718068,0.9951948169032208,0.9954142190486425,0.995912894786163,1.0,0.9961376813376178,0.9959833943573481,0.9953393279791709,0.9947555679048589
6,8,1.1672833063799863,0.6538,5000,1.5892897226192333,0.6770708283313326,833,1.5672622180213562,0.6487,0.997950125338168,0.0833332904480335,,,0.95,,0.95001498149061,0.04998501850938997,0.9983739056622033,0.09979439104802976,5,0.001,0.1,0.9957781913266144,0.9961131465706936,0.9952244330649217,0.9959335462388437,0.9956224048220179,0.995397229726572,0.9958135853501863,0.9961376813376178,1.0,0.9955694090418725,0.9951934080138082,0.9940077233800767
6,9,1.1789409875869752,0.6422,5000,1.5504538262331928,0.6698679471788715,833,1.5672622180213562,0.6487,0.9981083417980787,0.08335985128905855,,,0.95,,0.95001498149061,0.04998501850938997,0.9983739056622033,0.09979439104802976,5,0.001,0.1,0.9958835605176635,0.9961954256928882,0.9958820376369028,0.9955849630229916,0.9954362426257543,0.9947376292267658,0.9959104699599142,0.9959833943573481,0.9955694090418725,1.0,0.9964866173332546,0.9950137037856999
6,10,1.1818161429113643,0.63892,5000,1.5788193941116333,0.6482593037214885,833,1.5672622180213562,0.6487,0.9980451979843565,0.08333002886186361,,,0.95,,0.95001498149061,0.04998501850938997,0.9983739056622033,0.09979439104802976,5,0.001,0.1,0.9959002498111009,0.9966323735753676,0.9957902766450841,0.9955019103938147,0.9951134722210649,0.9945569123720066,0.9964106017557157,0.9953393279791709,0.9951934080138082,0.9964866173332546,1.0,0.9950037341533664
6,11,1.1908856457206094,0.6382,5000,1.5553759645532679,0.6458583433373349,833,1.5672622180213562,0.6487,0.997159063848161,0.08329643897840507,,,0.95,,0.95001498149061,0.04998501850938997,0.9983739056622033,0.09979439104802976,5,0.001,0.1,0.9953119762768997,0.995308756664236,0.9942466072500067,0.9948714791366331,0.9943711227250204,0.9930832626965261,0.9953438332756753,0.9947555679048589,0.9940077233800767,0.9950137037856999,0.9950037341533664,1.0
7,0,1.0998814849337195,0.66076,5000,1.4457163634123626,0.6594724220623501,834,1.42897145512005,0.6588,0.9978418102923415,0.08335773535770509,,,0.95,,0.95001498149061,0.04998501850938997,0.9983041435651416,0.09974523238351161,5,0.001,0.1,1.0,0.995473057389298,0.9946379199680491,0.9950111370418236,0.9946079841528913,0.9937467732611148,0.9952159738855446,0.9950678270652491,0.9947560631655815,0.9952271419643571,0.9953812565640793,0.9944841980834793
7,1,1.1206136294990587,0.6474,5000,1.4045541065710563,0.6690647482014388,834,1.42897145512005,0.6588,0.9979603888590577,0.08337122467148217,,,0.95,,0.95001498149061,0.04998501850938997,0.9983041435651416,0.09974523238351161,5,0.001,0.1,0.995473057389298,1.0,0.9952573395694475,0.9954384672933091,0.9942785130328412,0.9938914819094399,0.9948986204741633,0.9952851328048054,0.9953574809110057,0.9952535639294513,0.9957308269657347,0.9941632264493979
7,2,1.1134757737445224,0.65404,5000,1.444111497313888,0.6390887290167866,834,1.42897145512005,0.6588,0.9973752549808541,0.08332858317579768,,,0.95,,0.95001498149061,0.04998501850938997,0.9983041435651416,0.09974523238351161,5,0.001,0.1,0.9946379199680491,0.9952573395694475,1.0,0.994400168836815,0.9942440722336503,0.993337504538595,0.9951540400424039,0.9945890755722178,0.9940786461660321,0.9947493217895748,0.9946101207393612,0.9929675288620364
