round,client_id,client_i_training_loss,client_i_training_accuracy,client_i_training_dataset_size,client_i_evaluation_loss,client_i_evaluation_accuracy,client_i_evaluation_dataset_size,client_i_central_evaluation_loss,client_i_central_evaluation_accuracy,client_i_cosine_similarity,client_i_importance_coefficient,client_i_tanh_val,tanh_normalization_value,client_i_q,client_i_mask_order,client_i_v_nonzero_fraction,client_i_v_sparsity,client_i_v_cosine_similarity,client_i_reward_gradient_norm,local_epochs,learning_rate,gamma,client_0_cosine_similarity,client_1_cosine_similarity,client_2_cosine_similarity,client_3_cosine_similarity,client_4_cosine_similarity,client_5_cosine_similarity,client_6_cosine_similarity,client_7_cosine_similarity,client_8_cosine_similarity,client_9_cosine_similarity,client_10_cosine_similarity,client_11_cosine_similarity
0,0,0.3471825042561551,0.89164,5000,2.196279287338257,0.3537170263788969,834,2.1934382923114035,0.3656,0.7855880091616709,0.0835128322267279,,,0.9029918252352882,,0.903006877164801,0.09699312283519901,0,0.39192696100557384,5,0.1,0.5,1.0,0.5822615500867675,0.5682543164910999,0.5856845362435912,0.5780725048677102,0.5745970675640386,0.5806536897933733,0.6006153861007668,0.5829547032184098,0.5875646065563028,0.5773049987378848,0.5719012122071087
0,1,0.336851075304684,0.89552,5000,2.1932241033624718,0.3441247002398082,834,2.193425030754016,0.3657,0.7881800274835296,0.0837883797003623,,,0.933032226294937,,0.9330505496712013,0.06694945032879873,0,0.3919430113635565,5,0.1,0.5,0.5822615500867675,1.0,0.5763117492148734,0.58140131305555,0.5776608357621941,0.5715153741475492,0.5972543354461816,0.5902822049824865,0.5870632015191124,0.5981279506407667,0.5798158702158724,0.5725527715911309
0,2,0.3393279510656977,0.8926,5000,2.1883475250667996,0.36810551558752996,834,2.193575251978426,0.3658,0.7755160857140071,0.08244212487977794,,,0.7862624729547288,,0.7862757893680036,0.21372421063199643,0,0.3916610077515061,5,0.1,0.5,0.5682543164910999,0.5763117492148734,1.0,0.579555688851389,0.5796801575459146,0.5458262765392712,0.5815749363759958,0.5771262768846961,0.5661430350225912,0.5755507666601538,0.5860589007178257,0.5590379611195372
0,3,0.340659811586189,0.89428,5000,2.192030182591191,0.36930455635491605,834,2.193433031106528,0.3658,0.7859150364517699,0.08354759723700439,,,0.9067819338426142,,0.9068018673761358,0.09319813262386423,0,0.39192974294237004,5,0.1,0.5,0.5856845362435912,0.58140131305555,0.579555688851389,1.0,0.5675594415940419,0.5822192697582382,0.582704998219247,0.5916686284026931,0.5797184133669395,0.5933117472313688,0.5834937638738722,0.565623049422452
0,4,0.34050181916185246,0.89264,5000,2.192454320413095,0.3877551020408163,833,2.1934335544086494,0.3658,0.7867415181747128,0.08363545732226746,,,0.9163605090464622,,0.9163796998142664,0.08362030018573363,0,0.39193563629399486,5,0.1,0.5,0.5780725048677102,0.5776608357621941,0.5796801575459146,0.5675594415940419,1.0,0.5805644159066486,0.590691813111208,0.5875761651092889,0.5991176193849631,0.5849760696898414,0.5833702790771792,0.5714460924760849
0,5,0.31736528341492315,0.89868,5000,2.1956962567788585,0.35414165666266506,833,2.193545738348184,0.3649,0.7771026746179373,0.0826107890286721,,,0.8046503703661465,,0.8046684403393404,0.19533155966065963,0,0.39173331101581066,5,0.1,0.5,0.5745970675640386,0.5715153741475492,0.5458262765392712,0.5822192697582382,0.5805644159066486,1.0,0.5728939268791382,0.5948554301311114,0.5788033029326253,0.581300205652792,0.5783061802948338,0.5491633253136928
0,6,0.3448666100437711,0.89168,5000,2.187855738180655,0.3793517406962785,833,2.193435558495811,0.3658,0.7863130391122414,0.08358990736524224,,,0.9113946171105314,,0.9114100697756137,0.08858993022438633,0,0.3919327098224035,5,0.1,0.5,0.5806536897933733,0.5972543354461816,0.5815749363759958,0.582704998219247,0.590691813111208,0.5728939268791382,1.0,0.5793958631920679,0.5929130819072204,0.5762300128855532,0.5835336083370917,0.5588385124504198
0,7,0.34386728282329765,0.89044,5000,2.191582379517732,0.3709483793517407,833,2.19342151998331,0.3657,0.791369770066826,0.08412746893555767,,,0.9699999998909792,,0.9700015059484965,0.029998494051503455,0,0.3919492612886953,5,0.1,0.5,0.6006153861007668,0.5902822049824865,0.5771262768846961,0.5916686284026931,0.5875761651092889,0.5948554301311114,0.5793958631920679,1.0,0.5760752121197272,0.5857179214853702,0.5871371506139432,0.5738021654710658
0,8,0.33437340550812755,0.89556,5000,2.190198121247468,0.39135654261704683,833,2.193434756403914,0.3656,0.7857831479694528,0.08353357668097766,,,0.9052534018602052,,0.9052758395662869,0.09472416043371312,0,0.3919286929753152,5,0.1,0.5,0.5829547032184098,0.5870632015191124,0.5661430350225912,0.5797184133669395,0.5991176193849631,0.5788033029326253,0.5929130819072204,0.5760752121197272,1.0,0.580584924715003,0.584800327310843,0.5635263779153417
0,9,0.34670428612334714,0.89256,5000,2.202720121101097,0.38055222088835533,833,2.193425996615864,0.3656,0.7893577917696608,0.08391358328046185,,,0.9466820185092699,,0.9466994628783696,0.05330053712163041,0,0.39194655703378944,5,0.1,0.5,0.5875646065563028,0.5981279506407667,0.5755507666601538,0.5933117472313688,0.5849760696898414,0.581300205652792,0.5762300128855532,0.5857179214853702,0.580584924715003,1.0,0.5903503890451791,0.5716115475931862
0,10,0.3186586648557976,0.90032,5000,2.1859633790122137,0.3565426170468187,833,2.193433595541567,0.3658,0.7868539210419611,0.0836474064376878,,,0.9176632109540516,,0.917679835349631,0.08232016465036895,0,0.39193639069717,5,0.1,0.5,0.5773049987378848,0.5798158702158724,0.5860589007178257,0.5834937638738722,0.5833702790771792,0.5783061802948338,0.5835336083370917,0.5871371506139432,0.584800327310843,0.5903503890451791,1.0,0.5676012736259919
0,11,0.35926135025894756,0.8914,5000,2.2002915982846862,0.33373349339735897,833,2.1939299830232564,0.3659,0.7680729790143489,0.08165087690526071,,,0.7,,0.7,0.30000000000000004,0,0.3910547805517685,5,0.1,0.5,0.5719012122071087,0.5725527715911309,0.5590379611195372,0.565623049422452,0.5714460924760849,0.5491633253136928,0.5588385124504198,0.5738021654710658,0.5635263779153417,0.5716115475931862,0.5676012736259919,1.0
1,0,0.30307093120897843,0.90756,5000,2.030111900082341,0.7206235011990407,834,2.0295496063110545,0.7316,0.8041497685180892,0.08324339008581343,,,0.8752303532781771,,0.875252246373174,0.124747753626826,0.9594828251204028,0.40501969798811255,5,0.1,0.5,1.0,0.6217294851596873,0.6184015435649376,0.6148695848891033,0.622212343186699,0.6142839276849912,0.6256242344090569,0.6110254521943197,0.6257274371793223,0.6179555068176253,0.6234230225466448,0.6217686904240252
1,1,0.3022834236976827,0.90856,5000,2.0226226117875843,0.7613908872901679,834,2.029474585201032,0.7322,0.8081871183844836,0.08356623812342362,,,0.9237741759823515,,0.9237839465890266,0.07621605341097337,0.95963496034879,0.40506488539917845,5,0.1,0.5,0.6217294851596873,1.0,0.6299858908774525,0.6208724649463422,0.6217783021624866,0.6143222177882379,0.626225545827043,0.6189952943038896,0.6305111187846524,0.6153831931398229,0.6393759987799421,0.6156977195247182
1,2,0.29866773463002627,0.90644,5000,2.0238375001483493,0.7589928057553957,834,2.029794207777078,0.7323,0.8102734151205825,0.08274830164513083,,,0.8007882545580359,,0.8008081923598213,0.19919180764017874,0.9586698058176117,0.4048176251342775,5,0.1,0.5,0.6184015435649376,0.6299858908774525,1.0,0.6160920542213398,0.6329363859327417,0.6223633674056921,0.625792312969307,0.621754223236697,0.6325504126415658,0.6282109097620273,0.6333730955578154,0.6197104728127463
1,3,0.3063474741501876,0.90704,5000,2.0240929347497447,0.7422062350119905,834,2.029535076488702,0.7317,0.8056300652764704,0.08331792711701119,,,0.8864378317381473,,0.8864514833592692,0.11354851664073085,0.9595298398796793,0.40503427308685147,5,0.1,0.5,0.6148695848891033,0.6208724649463422,0.6160920542213398,1.0,0.6219814329692612,0.6174061276503755,0.6178762124676619,0.6230372491345654,0.6258645793295289,0.6215423679855993,0.6347902205960674,0.6166655835709294
1,4,0.30074147939278634,0.908,5000,2.027657530925892,0.7539015606242497,833,2.0294902229461425,0.7321,0.8123775960198686,0.08361097612390454,,,0.9305010360232583,,0.9305255760253,0.06947442397470005,0.9596161836540401,0.4050678743995079,5,0.1,0.5,0.622212343186699,0.6217783021624866,0.6329363859327417,0.6219814329692612,1.0,0.62738172364876,0.6218202824885956,0.6340818946123187,0.6381003996193002,0.626208601653338,0.6292844954366816,0.6205782538669348
1,5,0.28731254329548994,0.912,5000,2.0286074302814625,0.7082833133253301,833,2.029746600614188,0.7317,0.8081447269594992,0.08278576216491809,,,0.8064208637707779,,0.8064354199086391,0.1935645800913609,0.958779972135578,0.4048408613916273,5,0.1,0.5,0.6142839276849912,0.6143222177882379,0.6223633674056921,0.6174061276503755,0.62738172364876,1.0,0.6243288236479373,0.6300066170447762,0.6298546119242533,0.6230903533777827,0.6340951014151522,0.6227158289124725
1,6,0.3009072941935556,0.90632,5000,2.0263117684258356,0.7286914765906363,833,2.029489369057238,0.7321,0.8107771373387003,0.08352512097253406,,,0.9175917512798248,,0.9176095577531248,0.0823904422468752,0.9595918149618127,0.40506167423300243,5,0.1,0.5,0.6256242344090569,0.626225545827043,0.625792312969307,0.6178762124676619,0.6218202824885956,0.6243288236479373,1.0,0.6274557381284743,0.6325946228963494,0.6288683734552722,0.632884793502245,0.6173965905397464
1,7,0.30848224107176064,0.9044,5000,2.0290969919275352,0.7358943577430972,833,2.029454378274302,0.7322,0.8105743949002489,0.08387366995905417,,,0.9699999998496387,,0.9700015059484965,0.029998494051503455,0.9596655250294841,0.40507601576231317,5,0.1,0.5,0.6110254521943197,0.6189952943038896,0.621754223236697,0.6230372491345654,0.6340818946123187,0.6300066170447762,0.6274557381284743,1.0,0.6360873963464688,0.619303382120325,0.6290054285537158,0.6260065197105087
1,8,0.2922243713357139,0.91152,5000,2.025573898244787,0.737094837935174,833,2.029476080458766,0.7319,0.8174329311089346,0.08371959087931637,,,0.9468324824486347,,0.9468500577280257,0.05314994227197434,0.9596005911661276,0.4050727437243784,5,0.1,0.5,0.6257274371793223,0.6305111187846524,0.6325504126415658,0.6258645793295289,0.6381003996193002,0.6298546119242533,0.6325946228963494,0.6360873963464688,1.0,0.6265034397301839,0.6383105809623542,0.629901075765968
1,9,0.30025713717458163,0.90908,5000,2.041652551403752,0.6962785114045619,833,2.029466953902199,0.7321,0.8093230275417849,0.08368861160342234,,,0.9421744009325276,,0.9421866372170071,0.05781336278299287,0.9596562553912784,0.4050716059857651,5,0.1,0.5,0.6179555068176253,0.6153831931398229,0.6282109097620273,0.6215423679855993,0.626208601653338,0.6230903533777827,0.6288683734552722,0.619303382120325,0.6265034397301839,1.0,0.6346395177992854,0.6238655703491466
1,10,0.2819182131878415,0.91408,5000,2.0198633361745766,0.723889555822329,833,2.029471598494167,0.7323,0.8187979497525257,0.0838424172166158,,,0.9653007995720789,,0.9653230259525124,0.034676974047487596,0.9596280500605368,0.4050756047499498,5,0.1,0.5,0.6234230225466448,0.6393759987799421,0.6333730955578154,0.6347902205960674,0.6292844954366816,0.6340951014151522,0.632884793502245,0.6290054285537158,0.6383105809623542,0.6346395177992854,1.0,0.6296151731983366
1,11,0.3211198493310363,0.9054,5000,2.041354285346137,0.7130852340936374,833,2.0307629866341053,0.7319,0.8060547393416628,0.08207799410885556,,,0.7,,0.7,0.30000000000000004,0.9568159811191422,0.4040600765254066,5,0.1,0.5,0.6217686904240252,0.6156977195247182,0.6197104728127463,0.6166655835709294,0.6205782538669348,0.6227158289124725,0.6173965905397464,0.6260065197105087,0.629901075765968,0.6238655703491466,0.6296151731983366,1.0
2,0,0.27515368646598026,0.91796,5000,1.8241478028120819,0.8848920863309353,834,1.8263577093331578,0.8772,0.8124230411259692,0.0833408027449762,,,0.8823134242863775,,0.8823251844786908,0.1176748155213092,0.9687105879347115,0.40520310934443377,5,0.1,0.5,1.0,0.6265089826859905,0.6229656935789052,0.6254588616612198,0.6338073322098342,0.6288970956626823,0.6269814894682243,0.6233779922725533,0.6361631105684874,0.6230472457184756,0.6315446001115796,0.6232061424518711
2,1,0.2691411946170554,0.9194,5000,1.8112416797214084,0.9088729016786571,834,1.826272030607961,0.8771,0.8060941717173644,0.08333402293816822,,,0.8810993117417647,,0.8811154058531199,0.11888459414688013,0.9687633474034297,0.4052014836810791,5,0.1,0.5,0.6265089826859905,1.0,0.6270750718767554,0.6120763199844182,0.6197891875573528,0.6192002503227613,0.6282088639458228,0.621000603667813,0.6154283142387397,0.6201206790286841,0.6257125701813614,0.6240140635158234
2,2,0.26497212340877313,0.91904,5000,1.819227929468508,0.8932853717026379,834,1.8269248682850847,0.8769,0.811979495312873,0.08299789986866893,,,0.820907148930801,,0.8209276642738819,0.17907233572611814,0.9680541689281348,0.40505326111812306,5,0.1,0.5,0.6229656935789052,0.6270750718767554,1.0,0.6216680716734976,0.6335029244603562,0.6234774931919881,0.6329639885152977,0.6267478621118933,0.6259401296908489,0.6258607089359712,0.6360918331108637,0.6235308102483528
2,3,0.28233319750399727,0.91512,5000,1.8171232011583116,0.8717026378896883,834,1.826370382461304,0.8771,0.8091231094489144,0.08327522701442089,,,0.8705702700425673,,0.8705888258621555,0.12941117413784453,0.9687207470076121,0.40518416410683145,5,0.1,0.5,0.6254588616612198,0.6120763199844182,0.6216680716734976,1.0,0.6294880246388489,0.6304797005153091,0.6214401354235176,0.6218472895507947,0.628186584752112,0.622894249084688,0.6319818041994671,0.6241347872896058
2,4,0.2699569158463674,0.91712,5000,1.823065404538755,0.8919567827130852,833,1.826294882228961,0.8771,0.8132092597839367,0.08361130176440763,,,0.930753779903972,,0.9307765674413935,0.06922343255860652,0.9688595416434856,0.4052434602908418,5,0.1,0.5,0.6338073322098342,0.6197891875573528,0.6335029244603562,0.6294880246388489,1.0,0.6341096939710449,0.6282253296861258,0.6209018796006516,0.6298151946883406,0.6241037914334905,0.6331867115965841,0.6211854134534065
2,5,0.2557607803333574,0.92256,5000,1.82046224894347,0.8787515006002401,833,1.8268305706901673,0.8773,0.8119897402390013,0.08302303371733775,,,0.8254080619844446,,0.8254254304502786,0.1745745695497214,0.9681159556442923,0.4050687498503306,5,0.1,0.5,0.6288970956626823,0.6192002503227613,0.6234774931919881,0.6304797005153091,0.6341096939710449,1.0,0.6241799132928443,0.6248701444145199,0.6351527409852644,0.6276246786041354,0.6333938939455069,0.618317499758691
2,6,0.274854149282643,0.91852,5000,1.8262747084652935,0.851140456182473,833,1.8263101627270635,0.8771,0.8107308272990763,0.08346823690581083,,,0.9051340470066903,,0.9051603835148838,0.09483961648511618,0.9688196060572382,0.40522822585640644,5,0.1,0.5,0.6269814894682243,0.6282088639458228,0.6329639885152977,0.6214401354235176,0.6282253296861258,0.6241799132928443,1.0,0.6205918572842525,0.6309207274356293,0.6256643345471842,0.6271325282508519,0.6179611638537783
2,7,0.27396513358244945,0.9154,5000,1.8285427225960627,0.8811524609843937,833,1.8262472061303476,0.8771,0.80853945218862,0.08362248937606666,,,0.9327572322211517,,0.9327744591134983,0.06722554088650168,0.9688630352967974,0.4052442797479942,5,0.1,0.5,0.6233779922725533,0.621000603667813,0.6267478621118933,0.6218472895507947,0.6209018796006516,0.6248701444145199,0.6205918572842525,1.0,0.6261828817653605,0.6256055144784944,0.6275630784900916,0.622774592484122
2,8,0.26186450516128806,0.9186,5000,1.8220438957214355,0.8883553421368547,833,1.8262791454601592,0.877,0.8131880812672158,0.08368240467526805,,,0.9434867291574085,,0.9434968124090156,0.05650318759098438,0.9688599496317948,0.4052477292604085,5,0.1,0.5,0.6361631105684874,0.6154283142387397,0.6259401296908489,0.628186584752112,0.6298151946883406,0.6351527409852644,0.6309207274356293,0.6261828817653605,1.0,0.6211472397833122,0.6314540126689194,0.6270758021521384
2,9,0.2725942965424887,0.91664,5000,1.8405204084184434,0.8427370948379351,833,1.8262867257237054,0.8771,0.8082895320299713,0.08349138760002209,,,0.9092798212233386,,0.9092967220521058,0.09070327794789423,0.9688273825369621,0.40523134868682203,5,0.1,0.5,0.6230472457184756,0.6201206790286841,0.6258607089359712,0.622894249084688,0.6241037914334905,0.6276246786041354,0.6256643345471842,0.6256055144784944,0.6211472397833122,1.0,0.6275118178624006,0.6162005552964827
2,10,0.2538447685195667,0.92288,5000,1.8140582155298304,0.8763505402160864,833,1.8262604992991438,0.877,0.8151073942754076,0.08383045919767944,,,0.9699999998209222,,0.9700015059484965,0.029998494051503455,0.9688739617572083,0.40525200756621016,5,0.1,0.5,0.6315446001115796,0.6257125701813614,0.6360918331108637,0.6319818041994671,0.6331867115965841,0.6333938939455069,0.6271325282508519,0.6275630784900916,0.6314540126689194,0.6275118178624006,1.0,0.6198979896884808
2,11,0.2875352943980485,0.916,5000,1.84362287874575,0.8523409363745498,833,1.828885871762285,0.8753,0.8053205330431438,0.08232273419717347,,,0.7,,0.7,0.30000000000000004,0.9662384429543743,0.404181837125016,5,0.1,0.5,0.6232061424518711,0.6240140635158234,0.6235308102483528,0.6241347872896058,0.6211854134534065,0.618317499758691,0.6179611638537783,0.622774592484122,0.6270758021521384,0.6162005552964827,0.6198979896884808,1.0
3,0,0.2467817047616811,0.92652,5000,1.5877218114005194,0.9244604316546763,834,1.5935282532018595,0.9179,0.8069501576671655,0.08338687088838977,,,0.8944823268176905,,0.8944882285025852,0.10551177149741475,0.9710140152002191,0.40275052533065925,5,0.1,0.5,1.0,0.6209673516476398,0.6173208667030955,0.6046497163966923,0.6164973677685296,0.62493509337871,0.6218846850914984,0.6127647915370449,0.6261543259443915,0.6202455238953353,0.6234415380808336,0.6116308443112983
3,1,0.24501852507993674,0.92628,5000,1.5697413241421734,0.947242206235012,834,1.5934388359514668,0.9179,0.8080313068297179,0.08342009177647046,,,0.9003680161899262,,0.9003865267807841,0.09961347321921588,0.9710108479766063,0.4027563146410617,5,0.1,0.5,0.6209673516476398,1.0,0.6228552683802377,0.6086600975984606,0.6129401549158223,0.6251509495358281,0.6230672110469726,0.6171259070772551,0.6205466994347769,0.6176697395477636,0.6257381290940548,0.6163452537510341
3,2,0.2427103177187549,0.927,5000,1.5854318009482489,0.9232613908872902,834,1.594241911229996,0.9179,0.8057526115792957,0.0831178233883199,,,0.8468156296498885,,0.8468299784147382,0.15317002158526183,0.9706931380202706,0.40267635488333214,5,0.1,0.5,0.6173208667030955,0.6228552683802377,1.0,0.6121226460033261,0.6168087948873223,0.6202068680084365,0.6266141060922114,0.619794066254788,0.6171615179868256,0.614431399959782,0.6202899445851006,0.602799699783075
3,3,0.2516489628999002,0.92372,5000,1.5809008457042553,0.9052757793764988,834,1.5935884024769353,0.9179,0.8014352129267159,0.08315102628630372,,,0.8526981317466457,,0.8527132172079714,0.14728678279202856,0.97091736478244,0.40268879240276045,5,0.1,0.5,0.6046497163966923,0.6086600975984606,0.6121226460033261,1.0,0.6109581167415974,0.625443247298659,0.6138373435652299,0.6110518625585302,0.6231354106551737,0.6115850281283259,0.6234375365306393,0.6025476542345041
3,4,0.246378048862906,0.925,5000,1.5880298791108307,0.929171668667467,833,1.5934581867041298,0.9179,0.8001119715153463,0.08332761378887771,,,0.8839838452605302,,0.8839917674815522,0.11600823251844783,0.9710458915869468,0.4027388292853458,5,0.1,0.5,0.6164973677685296,0.6129401549158223,0.6168087948873223,0.6109581167415974,1.0,0.617366463540753,0.616856695098471,0.6087354785752129,0.6142608559321387,0.6099451046967765,0.6108009597780116,0.5979489080742673
3,5,0.22932325710073873,0.93024,5000,1.5807932526976973,0.9255702280912365,833,1.594055779825765,0.918,0.8121388103275398,0.08335725606629404,,,0.8892355181458071,,0.8892475277345515,0.11075247226544849,0.9707602273609881,0.4027450491803702,5,0.1,0.5,0.62493509337871,0.6251509495358281,0.6202068680084365,0.625443247298659,0.617366463540753,1.0,0.6290759897975451,0.6268650788788738,0.6263221729904432,0.6146587123247619,0.6302789593747122,0.6117092213844837
3,6,0.24464679495817063,0.9248,5000,1.5977022250493367,0.8931572629051621,833,1.593438583441055,0.9179,0.8096271831852574,0.0835647175435938,,,0.9259911223044204,,0.9260077305356157,0.07399226946438431,0.9711241687842266,0.40277333888090355,5,0.1,0.5,0.6218846850914984,0.6230672110469726,0.6266141060922114,0.6138373435652299,0.616856695098471,0.6290759897975451,1.0,0.6240346433581948,0.6278462834132796,0.6149292013775027,0.6211325569027406,0.6064867926000204
3,7,0.25006707197612826,0.92524,5000,1.5992442855128535,0.9159663865546218,833,1.5933756074204612,0.9179,0.8047436426798152,0.08349659863248737,,,0.913922608357004,,0.913935043421515,0.08606495657848501,0.9711325050039523,0.4027667209747943,5,0.1,0.5,0.6127647915370449,0.6171259070772551,0.619794066254788,0.6110518625585302,0.6087354785752129,0.6268650788788738,0.6240346433581948,1.0,0.6259998924445609,0.6122095271937924,0.6172132793826122,0.6020393872240537
3,8,0.2307504644206648,0.9302,5000,1.588394491760819,0.929171668667467,833,1.5933842563781495,0.9179,0.8104451229401913,0.08373519860429883,,,0.9561949676899444,,0.9562120375483159,0.04378796245168415,0.9711700311399744,0.402782121087099,5,0.1,0.5,0.6261543259443915,0.6205466994347769,0.6171615179868256,0.6231354106551737,0.6142608559321387,0.6263221729904432,0.6278462834132796,0.6259998924445609,1.0,0.6138087883107293,0.6210226009100395,0.6165417825598959
3,9,0.2536067578087377,0.92172,5000,1.6091183026631672,0.9003601440576231,833,1.5934424350817744,0.918,0.8027608732880631,0.08334053933680226,,,0.886273843043403,,0.8862858290246474,0.11371417097535264,0.9710392589493901,0.4027416602592435,5,0.1,0.5,0.6202455238953353,0.6176697395477636,0.614431399959782,0.6115850281283259,0.6099451046967765,0.6146587123247619,0.6149292013775027,0.6122095271937924,0.6138087883107293,1.0,0.6214468202881543,0.6083933321302831
3,10,0.22660321720674112,0.93292,5000,1.5786216479760629,0.9255702280912365,833,1.593365350089515,0.9179,0.8098658075748868,0.0838131190310207,,,0.9699999998228317,,0.9700015059484965,0.029998494051503455,0.9711895115022648,0.4027835518860581,5,0.1,0.5,0.6234415380808336,0.6257381290940548,0.6202899445851006,0.6234375365306393,0.6108009597780116,0.6302789593747122,0.6211325569027406,0.6172132793826122,0.6210226009100395,0.6214468202881543,1.0,0.6117323638625488
3,11,0.2640738799230783,0.92448,5000,1.6159741834357932,0.8967587034813925,833,1.5977681551497585,0.9173,0.7948252847110221,0.08228914465714135,,,0.7,,0.7,0.30000000000000004,0.9686390327062239,0.40172663986228624,5,0.1,0.5,0.6116308443112983,0.6163452537510341,0.602799699783075,0.6025476542345041,0.5979489080742673,0.6117092213844837,0.6064867926000204,0.6020393872240537,0.6165417825598959,0.6083933321302831,0.6117323638625488,1.0
4,0,0.22794765861123611,0.93208,5000,1.3364943310066506,0.9412470023980816,834,1.3452934933165772,0.9341,0.7983704060900292,0.08349111110000693,,,0.9111844566336738,,0.911204256814417,0.08879574318558303,0.9701383501388212,0.3974286343807675,5,0.1,0.5,1.0,0.5972532830647999,0.6068624176224964,0.5914311537093376,0.5998524368763606,0.6048832455145832,0.6052869846810875,0.5977292207616677,0.6091435973735774,0.5998584477377251,0.6077193884473024,0.595047035174094
4,1,0.22445161004378728,0.93484,5000,1.3128268409658361,0.9544364508393285,834,1.3452689045915207,0.9341,0.7921720939883337,0.08329603805318549,,,0.8749010800075558,,0.8749108980472868,0.12508910195271317,0.9700773887935941,0.39738620249355994,5,0.1,0.5,0.5972532830647999,1.0,0.5949691960864204,0.5882038427135954,0.5944781871783854,0.5905830377029161,0.6014864335808048,0.6041912829300007,0.5983089393378848,0.5922365538653507,0.6038023196801491,0.590248340015465
4,2,0.22435000516047143,0.933,5000,1.335688312848409,0.934052757793765,834,1.3461161109205253,0.934,0.7960059463291426,0.08322913758125287,,,0.8624576642761252,,0.8624717634656894,0.13752823653431057,0.9698810952461505,0.3973637406968287,5,0.1,0.5,0.6068624176224964,0.5949691960864204,1.0,0.6028064390204633,0.6019404391459187,0.599114225416983,0.5994304959325295,0.5971701477352398,0.5986654437349347,0.5912397536573544,0.6081337745692574,0.5935263281930252
4,3,0.22937031439831776,0.92984,5000,1.3308951987160578,0.9280575539568345,834,1.3454044105145877,0.9342,0.791923956479973,0.08310820899429297,,,0.8399650773348513,,0.8399728929270619,0.1600271070729381,0.9698417275333524,0.3973101780877766,5,0.1,0.5,0.5914311537093376,0.5882038427135954,0.6028064390204633,1.0,0.5995250177422785,0.5976284024257104,0.5964039676466657,0.5991846035004629,0.6042490138099413,0.5908010968247631,0.5988680931630813,0.5856104740182927
4,4,0.22958937922053657,0.93016,5000,1.337066862318251,0.9459783913565426,833,1.3452902449586521,0.9342,0.7945676408971402,0.0833184100242928,,,0.8790622425401649,,0.8790723357261182,0.1209276642738818,0.9700557078979127,0.397392997798318,5,0.1,0.5,0.5998524368763606,0.5944781871783854,0.6019404391459187,0.5995250177422785,1.0,0.6001884300699547,0.6022471532339965,0.5951994280013245,0.6015390404553651,0.5931998026709017,0.6010849527269226,0.5898560971562308
4,5,0.21086852510376672,0.93588,5000,1.3261219020243045,0.9459783913565426,833,1.3459082746658082,0.9339,0.7936962587066848,0.08330761136136992,,,0.877053702866061,,0.8770744440540134,0.12292555594598664,0.9700715590109698,0.3973899226417677,5,0.1,0.5,0.6048832455145832,0.5905830377029161,0.599114225416983,0.5976284024257104,0.6001884300699547,1.0,0.59394057492745,0.6012960088284409,0.6030180178358518,0.5882550407843526,0.5994815584716137,0.5923019413790107
4,6,0.2267885958680966,0.93204,5000,1.352604576834926,0.9195678271308524,833,1.3451771724719208,0.9341,0.798175433111895,0.08360268319627338,,,0.9319367463823796,,0.9319512072687114,0.06804879273128861,0.9702261695327433,0.39744006961203027,5,0.1,0.5,0.6052869846810875,0.6014864335808048,0.5994304959325295,0.5964039676466657,0.6022471532339965,0.59394057492745,1.0,0.6038683762159125,0.6097740861585746,0.5997615682356447,0.6022912142169101,0.5979168501927382
4,7,0.22496937941107306,0.93216,5000,1.3539273606406317,0.9351740696278511,833,1.3451304035826612,0.9341,0.7962693910877419,0.08349054387337213,,,0.9110789530904719,,0.9111038602479795,0.08889613975202049,0.9701811507891115,0.39742859611965203,5,0.1,0.5,0.5977292207616677,0.6041912829300007,0.5971701477352398,0.5991846035004629,0.5951994280013245,0.6012960088284409,0.6038683762159125,1.0,0.608641332055721,0.5977420781110809,0.5993437199345596,0.5901084415881948
4,8,0.21821036106746666,0.93384,5000,1.33982695473565,0.9399759903961584,833,1.3450881882597463,0.9341,0.800776502374402,0.08380732552863829,,,0.969999999814001,,0.9700015059484965,0.029998494051503455,0.9702585197579082,0.3974485913586196,5,0.1,0.5,0.6091435973735774,0.5983089393378848,0.5986654437349347,0.6042490138099413,0.6015390404553651,0.6030180178358518,0.6097740861585746,0.608641332055721,1.0,0.6002950012613024,0.6065958258258847,0.5961471628499786
4,9,0.22754723446052166,0.93024,5000,1.3619153455451682,0.9159663865546218,833,1.345261185313947,0.9341,0.7907449889177968,0.08319306875764818,,,0.8557489019297402,,0.8557652728276693,0.14423472717233066,0.9699699367163824,0.39734964749644314,5,0.1,0.5,0.5998584477377251,0.5922365538653507,0.5912397536573544,0.5908010968247631,0.5931998026709017,0.5882550407843526,0.5997615682356447,0.5977420781110809,0.6002950012613024,1.0,0.6010440706743743,0.5880961083341185
4,10,0.2102607641636044,0.93748,5000,1.3278431053514834,0.9351740696278511,833,1.3450717754638233,0.9341,0.7990914431586992,0.08380015730817021,,,0.968666718526708,,0.9686762712715226,0.03132372872847744,0.9702695279199767,0.397448485887685,5,0.1,0.5,0.6077193884473024,0.6038023196801491,0.6081337745692574,0.5988680931630813,0.6010849527269226,0.5994815584716137,0.6022912142169101,0.5993437199345596,0.6065958258258847,0.6010440706743743,1.0,0.5915616493675906
4,11,0.2462240732019874,0.92756,5000,1.3716415740825512,0.9111644657863145,833,1.3513680890726205,0.9335,0.7868242609376901,0.08235570422149699,,,0.7,,0.7,0.30000000000000004,0.967564247431162,0.3963455600336569,5,0.1,0.5,0.595047035174094,0.590248340015465,0.5935263281930252,0.5856104740182927,0.5898560971562308,0.5923019413790107,0.5979168501927382,0.5901084415881948,0.5961471628499786,0.5880961083341185,0.5915616493675906,1.0
5,0,0.21099785914537822,0.93788,5000,1.082350982560052,0.9436450839328537,834,1.0944454163408126,0.9421,0.7864105133947322,0.08355245146925898,,,0.9183740317650028,,0.9183876311430149,0.08161236885698508,0.9693388854353137,0.39158103114882364,5,0.1,0.5,1.0,0.5848576060298942,0.5791018916727955,0.5783786788436538,0.5751163746863708,0.5817114643825461,0.5876533967257185,0.5740216227328674,0.5876998452315256,0.5794205416511462,0.5825931015373248,0.5795454541392014
5,1,0.20505195984284685,0.93844,5000,1.0538221134079828,0.9640287769784173,834,1.0944459023186193,0.9421,0.786235701265882,0.08341578097262155,,,0.891954408054578,,0.8919682746850057,0.10803172531499428,0.9692062617039657,0.39155689655156173,5,0.1,0.5,0.5848576060298942,1.0,0.5791110609228497,0.5758202675434136,0.5742623581429198,0.5815086549542601,0.5871271835197215,0.5828022868662821,0.5798723289901951,0.5826404568217349,0.5803719967039577,0.5811134105965499
5,2,0.20801497405323727,0.93832,5000,1.0845932165781658,0.9424460431654677,834,1.095423335084519,0.942,0.7831464648127797,0.08326223810670283,,,0.8622732051556508,,0.8622860298177802,0.13771397018221976,0.969114198200702,0.39151031281179577,5,0.1,0.5,0.5791018916727955,0.5791110609228497,1.0,0.577883175114762,0.5787842326763692,0.572514412989531,0.5821468264487406,0.5813295632607153,0.5746175151794718,0.5782071310877724,0.5859898345922493,0.5710118941351014
5,3,0.21548322615492496,0.93628,5000,1.080610696916227,0.935251798561151,834,1.0947118096839126,0.9419,0.7831411892207915,0.08318114436069844,,,0.8465970621151497,,0.8466141257968978,0.15338587420310223,0.9689756631129891,0.3914756929182899,5,0.1,0.5,0.5783786788436538,0.5758202675434136,0.577883175114762,1.0,0.5757012483949406,0.5784015087904507,0.5775224369228751,0.5792633783560593,0.5823603874401393,0.5748917658164118,0.5872067716805589,0.5738274991702123
5,4,0.2064232272238346,0.93792,5000,1.0836571940669306,0.9567827130852341,833,1.0946643994258234,0.942,0.7774288658768892,0.08312062989013881,,,0.8348990762253176,,0.8349078861502937,0.16509211384970635,0.9690462636671047,0.3914441011290545,5,0.1,0.5,0.5751163746863708,0.5742623581429198,0.5787842326763692,0.5757012483949406,1.0,0.5840565644110818,0.5692772867122924,0.5680891417558305,0.5755042447192293,0.5668989300137667,0.5759840228433861,0.5628415320346524
5,5,0.19373285223812955,0.94144,5000,1.0706103907691107,0.9567827130852341,833,1.0951654711089576,0.9421,0.7833146840432912,0.08332066502730216,,,0.8735676490537239,,0.8735806435419908,0.12641935645800917,0.9691957190427144,0.39153106732776094,5,0.1,0.5,0.5817114643825461,0.5815086549542601,0.572514412989531,0.5784015087904507,0.5840565644110818,1.0,0.5739899316630274,0.5821754689147801,0.575950211987318,0.573836572984535,0.5879877733064941,0.5697254513778242
5,6,0.20603650556817935,0.9368,5000,1.103922102186415,0.929171668667467,833,1.094331109104827,0.9421,0.7843107239048207,0.08355315856755624,,,0.9185107201608128,,0.9185281863360273,0.08147181366397271,0.9693614689549203,0.39158123357481955,5,0.1,0.5,0.5876533967257185,0.5871271835197215,0.5821468264487406,0.5775224369228751,0.5692772867122924,0.5739899316630274,1.0,0.5782014504648306,0.5854182560817871,0.5782936550930476,0.5807343841018768,0.5693414709973721
5,7,0.2053536909567133,0.93832,5000,1.105684306886461,0.9411764705882353,833,1.0942997050742371,0.9421,0.783267621355909,0.08344139984771258,,,0.8969067646819562,,0.896917825410371,0.10308217458962898,0.9693111143801196,0.391562518090055,5,0.1,0.5,0.5740216227328674,0.5828022868662821,0.5813295632607153,0.5792633783560593,0.5680891417558305,0.5821754689147801,0.5782014504648306,1.0,0.5759378155702108,0.5824338072648912,0.5819988423735729,0.5743595862541325
5,8,0.20185623284381857,0.93912,5000,1.0883851029254772,0.943577430972389,833,1.0941887296045931,0.9421,0.7858217694927251,0.0837432848589561,,,0.9552638248895419,,0.9552833693087697,0.04471663069123033,0.9693956225157825,0.39159605971188166,5,0.1,0.5,0.5876998452315256,0.5798723289901951,0.5746175151794718,0.5823603874401393,0.5755042447192293,0.575950211987318,0.5854182560817871,0.5759378155702108,1.0,0.5806616763869045,0.5893035341949214,0.5755994328010741
5,9,0.20815834957293597,0.93692,5000,1.1132958862516615,0.9267707082833133,833,1.0945753028598457,0.942,0.7811255587736329,0.08316694294877815,,,0.8438518027627506,,0.8438632598765122,0.15613674012348777,0.9690236824682411,0.39146851627099716,5,0.1,0.5,0.5794205416511462,0.5826404568217349,0.5782071310877724,0.5748917658164118,0.5668989300137667,0.573836572984535,0.5782936550930476,0.5824338072648912,0.5806616763869045,1.0,0.5785788731142056,0.5659730363848301
5,10,0.19300201908525103,0.94156,5000,1.0750165890764307,0.9423769507803121,833,1.0941675177778298,0.9423,0.788122797512205,0.08381951608641557,,,0.969999999806691,,0.9700015059484965,0.029998494051503455,0.9694041500184913,0.3915979151134863,5,0.1,0.5,0.5825931015373248,0.5803719967039577,0.5859898345922493,0.5872067716805589,0.5759840228433861,0.5879877733064941,0.5807343841018768,0.5819988423735729,0.5893035341949214,0.5785788731142056,1.0,0.5738581257066109
5,11,0.22758115443525612,0.93344,5000,1.123465485042996,0.9243697478991597,833,1.1019110194029518,0.9418,0.7759027986793731,0.08242278786385855,,,0.7,,0.7,0.30000000000000004,0.9666803314867541,0.3905256669873124,5,0.1,0.5,0.5795454541392014,0.5811134105965499,0.5710118941351014,0.5738274991702123,0.5628415320346524,0.5697254513778242,0.5693414709973721,0.5743595862541325,0.5755994328010741,0.5659730363848301,0.5738581257066109,1.0
6,0,0.19977485869067965,0.941,5000,0.8511185977194045,0.9460431654676259,834,0.8660457522724383,0.9478,0.7666117536594445,0.08346893879363348,,,0.909722362276588,,0.9097334471161086,0.0902665528838914,0.9677228698846164,0.38346098613477425,5,0.1,0.5,1.0,0.5452123272578101,0.5572711247416752,0.5437505188764717,0.5498502832817358,0.5481470136554698,0.5541214321100325,0.5465222165971823,0.5536677035598155,0.5519509665508276,0.5572601819251359,0.5465396644219819
6,1,0.19661302404881567,0.94232,5000,0.8201033804151747,0.9664268585131894,834,0.8660460558181373,0.9478,0.7671784952455513,0.0833969617465195,,,0.8960683452781815,,0.8960845339089403,0.10391546609105973,0.9676553096726466,0.38344923391549546,5,0.1,0.5,0.5452123272578101,1.0,0.5506472837170828,0.5439093503792848,0.5396095724902664,0.5479531883028744,0.5599268193858173,0.560547527065719,0.5530896417754047,0.558397157649435,0.555270363487288,0.5456446154973682
6,2,0.19346358435714892,0.94208,5000,0.8564213735085947,0.9532374100719424,834,0.866950736068689,0.9477,0.7689044732902024,0.08335472087579494,,,0.8880552690264243,,0.8880728879072336,0.1119271120927664,0.9675569999481791,0.38344028487831694,5,0.1,0.5,0.5572711247416752,0.5506472837170828,1.0,0.552762621226577,0.5526480821199404,0.5471861370685659,0.5584924557704243,0.5561225386698853,0.5494729800459511,0.5536835254172674,0.5590540274451848,0.5395268386417472
6,3,0.20117727608722485,0.94088,5000,0.8541217556706181,0.9388489208633094,834,0.8665345210236863,0.9479,0.7631091635667452,0.08309460722091418,,,0.8387118129155413,,0.8387279755032377,0.16127202449676226,0.9673168582892385,0.38334306758076125,5,0.1,0.5,0.5437505188764717,0.5439093503792848,0.552762621226577,1.0,0.5434036549056344,0.5479097770765652,0.5485143373209386,0.5541783351579582,0.5575928141698278,0.5469787925492514,0.548214878437627,0.536777544020796
6,4,0.19649212219793896,0.94128,5000,0.853221250904931,0.9615846338535414,833,0.8665793461921497,0.9478,0.7625942175533754,0.08303558169113953,,,0.8275146935671093,,0.8275337583454646,0.1724662416545354,0.9672313797610707,0.3833092101382172,5,0.1,0.5,0.5498502832817358,0.5396095724902664,0.5526480821199404,0.5434036549056344,1.0,0.5572660601671803,0.5496542472864037,0.5443602181190234,0.5504345621382979,0.5468676863362212,0.5480742974651004,0.5374586943278712
6,5,0.17848133421591988,0.94488,5000,0.8389468358622657,0.963985594237695,833,0.8667061883039748,0.9477,0.7676298194008825,0.08334888674354293,,,0.8869485364757854,,0.8869584860197781,0.11304151398022189,0.9675735018529871,0.3834386681269735,5,0.1,0.5,0.5481470136554698,0.5479531883028744,0.5471861370685659,0.5479097770765652,0.5572660601671803,1.0,0.5565315444363381,0.5617581653183364,0.5538252705972236,0.5488092185693959,0.5541427371193736,0.5413343407765834
6,6,0.19527046074141646,0.94128,5000,0.8773337437046899,0.9387755102040817,833,0.8659192110402897,0.9478,0.7718228533143067,0.0836541836043482,,,0.9448632286469464,,0.9448722453692083,0.05512775463079167,0.9677377705457162,0.383477872770995,5,0.1,0.5,0.5541214321100325,0.5599268193858173,0.5584924557704243,0.5485143373209386,0.5496542472864037,0.5565315444363381,1.0,0.556047436598388,0.5634858729089335,0.5550124375202984,0.5568037219874162,0.5435718048039222
6,7,0.19406948692111928,0.94148,5000,0.8788356184959412,0.9495798319327731,833,0.865911382074935,0.9478,0.769724273851914,0.08350448554281353,,,0.9164655663534917,,0.9164800963807038,0.08351990361929618,0.9676998596558528,0.3834654333561769,5,0.1,0.5,0.5465222165971823,0.560547527065719,0.5561225386698853,0.5541783351579582,0.5443602181190234,0.5617581653183364,0.556047436598388,1.0,0.5602610785073644,0.5511526157496761,0.5495088737480835,0.5430439531623226
6,8,0.18511238245510014,0.94464,5000,0.8595304577438919,0.9483793517406963,833,0.8657564147592733,0.9478,0.7719476390634467,0.08378669190300707,,,0.9699999998103004,,0.9700015059484965,0.029998494051503455,0.9677945832391475,0.3834820831737836,5,0.1,0.5,0.5536677035598155,0.5530896417754047,0.5494729800459511,0.5575928141698278,0.5504345621382979,0.5538252705972236,0.5634858729089335,0.5602610785073644,1.0,0.5549244906578046,0.5552467418946886,0.5504101147813736
6,9,0.19693941957714736,0.93884,5000,0.887304898765352,0.9303721488595438,833,0.8662890334860586,0.9479,0.7672689751117729,0.08323253328490414,,,0.8648763319914631,,0.8648863008885096,0.1351136991114904,0.9673881059051921,0.38340316802729935,5,0.1,0.5,0.5519509665508276,0.558397157649435,0.5536835254172674,0.5469787925492514,0.5468676863362212,0.5488092185693959,0.5550124375202984,0.5511526157496761,0.5549244906578046,1.0,0.5528464270386448,0.5417325935684337
6,10,0.18314572052828446,0.94472,5000,0.8449566408439919,0.9471788715486195,833,0.86573989284686,0.9478,0.7697187937663412,0.08375901964286073,,,0.9647505831480117,,0.9647608051804628,0.03523919481953719,0.9677960281563923,0.3834816010351896,5,0.1,0.5,0.5572601819251359,0.555270363487288,0.5590540274451848,0.548214878437627,0.5480742974651004,0.5541427371193736,0.5568037219874162,0.5495088737480835,0.5552467418946886,0.5528464270386448,1.0,0.5450106749818225
6,11,0.21432231559186793,0.93668,5000,0.8961065345340304,0.9315726290516206,833,0.8745085052407968,0.9468,0.7568950915816824,0.08236338895052146,,,0.7,,0.7,0.30000000000000004,0.9650691019176346,0.3823695684159355,5,0.1,0.5,0.5465396644219819,0.5456446154973682,0.5395268386417472,0.536777544020796,0.5374586943278712,0.5413343407765834,0.5435718048039222,0.5430439531623226,0.5504101147813736,0.5417325935684337,0.5450106749818225,1.0
7,0,0.18609781999698585,0.94568,5000,0.6492791208955977,0.9496402877697842,834,0.6665681216853876,0.9521,0.7510117268339934,0.08340903447188969,,,0.9069300630076682,,0.90694744239747,0.09305255760252995,0.9642519810908072,0.37572164336889585,5,0.1,0.5,1.0,0.5295095070689173,0.530047348782745,0.5227845348087903,0.5223032548556948,0.5286711861808517,0.529457276095108,0.5253608525700708,0.5303831712296216,0.5221001729927298,0.5209112862853534,0.5100370663644002
