round,client_id,client_i_training_loss,client_i_training_accuracy,client_i_training_dataset_size,client_i_evaluation_loss,client_i_evaluation_accuracy,client_i_evaluation_dataset_size,client_i_central_evaluation_loss,client_i_central_evaluation_accuracy,client_i_cosine_similarity,client_i_importance_coefficient,client_i_tanh_val,tanh_normalization_value,client_i_q,client_i_mask_order,client_i_v_nonzero_fraction,client_i_v_sparsity,client_i_v_cosine_similarity,client_i_reward_gradient_norm,local_epochs,learning_rate,gamma,client_0_cosine_similarity,client_1_cosine_similarity,client_2_cosine_similarity,client_3_cosine_similarity,client_4_cosine_similarity,client_5_cosine_similarity,client_6_cosine_similarity,client_7_cosine_similarity,client_8_cosine_similarity,client_9_cosine_similarity,client_10_cosine_similarity,client_11_cosine_similarity
0,0,0.3519231313709051,0.88856,5000,2.1918956615306713,0.3645083932853717,834,2.193694134489797,0.3556,0.7841961355086079,0.08307482331691185,,,0.8864937063920237,,0.8865067014708097,0.11349329852919032,0,0.39329058074623613,5,0.1,0.5,1.0,0.5835832441938694,0.5877462997866213,0.568757682726304,0.5890092070016055,0.5887258941011647,0.5787772207502951,0.5937850368610676,0.571873591048142,0.5783837183859403,0.5857234903145426,0.5761610922149571
0,1,0.341457523221067,0.89484,5000,2.199357933468289,0.3381294964028777,834,2.193674908659329,0.356,0.7891705255653304,0.08360179170703737,,,0.9410365709229507,,0.9410571758445861,0.05894282415541385,0,0.3933147877016898,5,0.1,0.5,0.5835832441938694,1.0,0.5955665800505936,0.5696073889694385,0.5956766886453698,0.5922685710701832,0.5852495338031457,0.5892854511345685,0.580904279388051,0.5886857617307176,0.5786335322426436,0.5900218756462364
0,2,0.3511578902471692,0.88984,5000,2.197750762656883,0.3513189448441247,834,2.193675250671923,0.3559,0.7901189327835483,0.08370226244199558,,,0.9514356039367584,,0.9514532402991818,0.04854675970081823,0,0.3933162684788151,5,0.1,0.5,0.5877462997866213,0.5955665800505936,1.0,0.5730101720464376,0.588805894578425,0.5943679705313045,0.5852107123092367,0.5822710568274858,0.5861623936961263,0.5874227300627066,0.5783983071810569,0.599473413088129
0,3,0.34427647295224056,0.89688,5000,2.188293880886502,0.3776978417266187,834,2.193909143868346,0.3551,0.7717477072545934,0.08175608310518562,,,0.75,,0.750002509914161,0.24999749008583905,0,0.39289308817992286,5,0.1,0.5,0.568757682726304,0.5696073889694385,0.5730101720464376,1.0,0.5800802755026127,0.5720019473808816,0.5620556616168286,0.5707510870562026,0.5687044501964202,0.5673721229251871,0.5822359346887386,0.5704411181128517
0,4,0.32541929353740373,0.89784,5000,2.1924989576692933,0.3577430972388956,833,2.1936767017498564,0.3559,0.7898386142808013,0.08367256654190923,,,0.9483619860767802,,0.9483760855378746,0.05162391446212544,0,0.39331588446683124,5,0.1,0.5,0.5890092070016055,0.5956766886453698,0.588805894578425,0.5800802755026127,1.0,0.5837727096929979,0.579127004906877,0.5906134254292492,0.5774750880471294,0.5925114083752224,0.5897289863064739,0.588988732382547
0,5,0.34698143024175504,0.89012,5000,2.1927403255745217,0.3457382953181273,833,2.1936985661808293,0.3556,0.7845250273020424,0.08310966489084058,,,0.8900999174711862,,0.8901159580342353,0.10988404196576473,0,0.39329357622451855,5,0.1,0.5,0.5887258941011647,0.5922685710701832,0.5943679705313045,0.5720019473808816,0.5837727096929979,1.0,0.5744536948107783,0.5854952338035645,0.5816294416413625,0.5784095979315679,0.5687695288249934,0.5857365036140072
0,6,0.3332293936306504,0.89576,5000,2.202842191413597,0.3469387755102041,833,2.1937140519626603,0.3555,0.7804438007451303,0.08267731492151581,,,0.8453503532682658,,0.8453692083730736,0.1546307916269264,0,0.3932393146416721,5,0.1,0.5,0.5787772207502951,0.5852495338031457,0.5852107123092367,0.5620556616168286,0.579127004906877,0.5744536948107783,1.0,0.5810691862406538,0.5832782587252673,0.5818651896261235,0.5756298734428801,0.5803894608710332
0,7,0.3464157047064583,0.89356,5000,2.192888586609452,0.3673469387755102,833,2.193675872997735,0.3558,0.7927240480165013,0.08397823866515995,,,0.9799999998964969,,0.9800010039656644,0.019998996034335637,0,0.3933180582400245,5,0.1,0.5,0.5937850368610676,0.5892854511345685,0.5822710568274858,0.5707510870562026,0.5906134254292492,0.5854952338035645,0.5810691862406538,1.0,0.5982594135402751,0.5997101081525774,0.5946348619008226,0.5971520077824002
0,8,0.34277551486067903,0.89532,5000,2.1965176176141807,0.33733493397358943,833,2.1936851934122203,0.3559,0.7862445313883919,0.08329182276142681,,,0.908953822648042,,0.9089654133828623,0.0910345866171377,0,0.3933049596105714,5,0.1,0.5,0.571873591048142,0.580904279388051,0.5861623936961263,0.5687044501964202,0.5774750880471294,0.5816294416413625,0.5832782587252673,0.5982594135402751,1.0,0.5933285405183848,0.5830765793036837,0.5971705490486486
0,9,0.34278728265172925,0.89108,5000,2.1795731208942555,0.38415366146458585,833,2.1936744127791528,0.3559,0.7918351614614989,0.08388407332799248,,,0.9702535951312872,,0.9702725766778776,0.029727423322122415,0,0.3933177619577662,5,0.1,0.5,0.5783837183859403,0.5886857617307176,0.5874227300627066,0.5673721229251871,0.5925114083752224,0.5784095979315679,0.5818651896261235,0.5997101081525774,0.5933285405183848,1.0,0.5984002939363249,0.6085466295810447
0,10,0.352397559386245,0.89036,5000,2.198909909636886,0.33733493397358943,833,2.193687682715468,0.3559,0.7862788395081813,0.08329545723609556,,,0.9093300020607229,,0.9093419005070027,0.0906580994929973,0,0.39330515899371205,5,0.1,0.5,0.5857234903145426,0.5786335322426436,0.5783983071810569,0.5822359346887386,0.5897289863064739,0.5687695288249934,0.5756298734428801,0.5946348619008226,0.5830765793036837,0.5984002939363249,1.0,0.586955054212948
0,11,0.3508653208304932,0.88964,5000,2.1870426072014704,0.36134453781512604,833,2.193675550789879,0.3558,0.7925131893690988,0.08395590108392914,,,0.9776879908844753,,0.9777019225942473,0.022298077405752736,0,0.3933180096861741,5,0.1,0.5,0.5761610922149571,0.5900218756462364,0.599473413088129,0.5704411181128517,0.588988732382547,0.5857365036140072,0.5803894608710332,0.5971520077824002,0.5971705490486486,0.6085466295810447,0.586955054212948,1.0
1,0,0.3131528746241787,0.90236,5000,2.0218109863775746,0.7158273381294964,834,2.0257953020711295,0.7141,0.8075289440366045,0.08306984317347238,,,0.8624452766355634,,0.8624567039807238,0.13754329601927617,0.960097261924257,0.4050314674098777,5,0.1,0.5,1.0,0.614827436071919,0.6218466623638537,0.6298481345744673,0.6266360951529559,0.6261748928212908,0.6300197282804044,0.6235990018763516,0.6205161365049536,0.6140706946030674,0.6212206683940763,0.6236008129224963
1,1,0.30447259683482303,0.90672,5000,2.031561922144007,0.7434052757793765,834,2.025720336947578,0.714,0.8025123820423641,0.08324377947923517,,,0.8885289239680492,,0.8885447517694894,0.11145524823051056,0.960185345829055,0.40506106353313537,5,0.1,0.5,0.614827436071919,1.0,0.6163491027416605,0.6263207451313575,0.61742011835426,0.622416278980255,0.6271566301689963,0.6114904890838893,0.6148007408422173,0.6159558576493054,0.6129163373203811,0.6215513601630137
1,2,0.30464960940917774,0.90752,5000,2.0322480643237077,0.7038369304556354,834,2.025696838625704,0.7141,0.8095227960135764,0.08355431804148465,,,0.935097570492595,,0.9351187189398122,0.06488128106018776,0.9602454798904286,0.4050852757692835,5,0.1,0.5,0.6218466623638537,0.6163491027416605,1.0,0.6213381530616131,0.6249597792341813,0.6321361956182703,0.6254242597463942,0.6233852338409182,0.6182338510816462,0.6276162129984901,0.6234617607183582,0.6338028898790508
1,3,0.30136496791983863,0.91012,5000,2.018656916088528,0.7278177458033573,834,2.0264090074898715,0.7144,0.811048207114778,0.08232001260840006,,,0.75,,0.750002509914161,0.24999749008583905,0.958863758580052,0.40460878515001375,5,0.1,0.5,0.6298481345744673,0.6263207451313575,0.6213381530616131,1.0,0.6391181621112603,0.6315947604061665,0.6236060323781732,0.6214476792092095,0.6171334851028105,0.6233007532576952,0.6269805579728426,0.631520157513292
1,4,0.2897809240053509,0.91136,5000,2.0235092948984215,0.7130852340936374,833,2.0256886379406476,0.7142,0.8135329734914293,0.08367429327242087,,,0.9530891657415005,,0.9531047638170774,0.04689523618292257,0.9602481057980263,0.4050884509791348,5,0.1,0.5,0.6266360951529559,0.61742011835426,0.6249597792341813,0.6391181621112603,1.0,0.6339056579493306,0.6333164022668992,0.6211532143677015,0.625932219843199,0.6314459449246925,0.6250071036357441,0.6292261484045057
1,5,0.30576296275968007,0.906,5000,2.0235142707824707,0.7142857142857143,833,2.025757428175344,0.714,0.8150047609461762,0.08335317105943109,,,0.9049333852819799,,0.9049445308970433,0.0950554691029567,0.9601830873506885,0.4050733489536288,5,0.1,0.5,0.6261748928212908,0.622416278980255,0.6321361956182703,0.6315947604061665,0.6339056579493306,1.0,0.6342392248343109,0.6335609648607965,0.6311268363963662,0.6320121625460879,0.6203142508136477,0.6271532589193686
1,6,0.29622404598008106,0.9084,5000,2.036385871745922,0.6974789915966386,833,2.0258481171184455,0.7138,0.8152393088894347,0.08307533388143501,,,0.8632686682183317,,0.8632799558255108,0.13672004417448924,0.9599972328514581,0.4050327563041139,5,0.1,0.5,0.6300197282804044,0.6271566301689963,0.6254242597463942,0.6236060323781732,0.6333164022668992,0.6342392248343109,1.0,0.6275922884519247,0.6273958099494872,0.6323260637678506,0.6329804244326187,0.6346253322859862
1,7,0.3074021771289171,0.90672,5000,2.0254784380948103,0.7298919567827131,833,2.025689092687905,0.7141,0.8074486549911872,0.08366466490363601,,,0.9516452867613757,,0.9516590532603785,0.048340946739621526,0.9602518598008235,0.4050882602938361,5,0.1,0.5,0.6235990018763516,0.6114904890838893,0.6233852338409182,0.6214476792092095,0.6211532143677015,0.6335609648607965,0.6275922884519247,1.0,0.6155323030882545,0.62987008476619,0.6159437592563295,0.6236821886571305
1,8,0.3035042006006334,0.90884,5000,2.0303799399623164,0.6998799519807923,833,2.0257417614848467,0.7138,0.8064257530842622,0.083174981221438,,,0.878211874369916,,0.8782239847397219,0.12177601526027815,0.9601749455098799,0.4050509893897838,5,0.1,0.5,0.6205161365049536,0.6148007408422173,0.6182338510816462,0.6171334851028105,0.625932219843199,0.6311268363963662,0.6273958099494872,0.6155323030882545,1.0,0.6237244485591957,0.6197663381465544,0.6262337432530241
1,9,0.299886069952801,0.90692,5000,2.0115745420809144,0.7454981992797118,833,2.0256870425166413,0.7142,0.8125475465732395,0.08377989798077695,,,0.968925744294379,,0.9689373023442598,0.031062697655740212,0.9602577290164467,0.4050898609746317,5,0.1,0.5,0.6140706946030674,0.6159558576493054,0.6276162129984901,0.6233007532576952,0.6314459449246925,0.6320121625460879,0.6323260637678506,0.62987008476619,0.6237244485591957,1.0,0.6360608543272006,0.6307883781885296
1,10,0.3042525616990533,0.90592,5000,2.035463646606163,0.680672268907563,833,2.0257282599854394,0.7139,0.8081081092420702,0.08323595878424021,,,0.887356125401075,,0.8873701119421715,0.11262988805782848,0.960180151288426,0.40505991003525654,5,0.1,0.5,0.6212206683940763,0.6129163373203811,0.6234617607183582,0.6269805579728426,0.6250071036357441,0.6203142508136477,0.6329804244326187,0.6159437592563295,0.6197663381465544,0.6360608543272006,1.0,0.6222188947006713
1,11,0.30630137419719605,0.9038,5000,2.0180673643394753,0.6998799519807923,833,2.0256908415986326,0.7142,0.8133038868501727,0.08385374559402947,,,0.979999999850039,,0.9800010039656644,0.019998996034335637,0.9602595279630383,0.40509024953042927,5,0.1,0.5,0.6236008129224963,0.6215513601630137,0.6338028898790508,0.631520157513292,0.6292261484045057,0.6271532589193686,0.6346253322859862,0.6236821886571305,0.6262337432530241,0.6307883781885296,0.6222188947006713,1.0
2,0,0.28526493700897426,0.9132,5000,1.8127963101422344,0.8800959232613909,834,1.8197690438919556,0.8655,0.8041173794557873,0.08283455699741907,,,0.8011283559518521,,0.8011495406857085,0.19885045931429146,0.968051184239235,0.40650394562701475,5,0.1,0.5,1.0,0.6211882469984299,0.6225026331459046,0.6192667026478087,0.6222700645909461,0.6197359943734163,0.6284369887327915,0.6194316602739357,0.6258759425646258,0.628157141856422,0.6217162279301157,0.6220523838156891
2,1,0.2674766296532693,0.91948,5000,1.8251978865376226,0.8812949640287769,834,1.8195000738381577,0.8652,0.8114773187881882,0.0832053560448421,,,0.8654539040206994,,0.8654736208021686,0.1345263791978314,0.9683586184522629,0.40667285390957175,5,0.1,0.5,0.6211882469984299,1.0,0.63327108906278,0.6263374029541626,0.627374739705521,0.6309801324173426,0.6381217411951203,0.6327055580372766,0.6272960279186295,0.6323483808566028,0.618649190403309,0.633332866148865
2,2,0.2732191777604211,0.91816,5000,1.8277671381279275,0.8705035971223022,834,1.819430983104645,0.8652,0.8136740326078898,0.08348687656075905,,,0.9142915739252909,,0.9143014908890116,0.08569850911098842,0.9685054692124764,0.4067203044795179,5,0.1,0.5,0.6225026331459046,0.63327108906278,1.0,0.6311152549590698,0.6304477187095187,0.6393190325572455,0.6287102600458001,0.6267296696935812,0.6266107981061764,0.6380971254152741,0.632891605985542,0.6320220533592256
2,3,0.27258233518998143,0.9184,5000,1.8108350612499096,0.8669064748201439,834,1.820839898654828,0.8647,0.8098874338514347,0.08253983202029239,,,0.75,,0.750002509914161,0.24999749008583905,0.9671894852475305,0.4062110809439882,5,0.1,0.5,0.6192667026478087,0.6263374029541626,0.6311152549590698,1.0,0.6290505521623626,0.632960374365121,0.6304771351223559,0.6229849634551513,0.625851464772368,0.6288635884202197,0.6353415225581805,0.6280544151691679
2,4,0.2557367564730678,0.92052,5000,1.8161351371694494,0.8499399759903962,833,1.8194197682907787,0.8653,0.8131074138124563,0.08354643228013225,,,0.9246231924014979,,0.9246322975754229,0.07536770242457713,0.9685201686987055,0.40672471866593896,5,0.1,0.5,0.6222700645909461,0.627374739705521,0.6304477187095187,0.6290505521623626,1.0,0.6287706480236152,0.63451065088518,0.6360621513927495,0.6277275686564964,0.6317508697672424,0.6333159188031812,0.6343464978910867
2,5,0.27769375652976475,0.91576,5000,1.8160570815757469,0.8763505402160864,833,1.8194912793918159,0.8652,0.8163590173678421,0.08344735119818603,,,0.9074347855171234,,0.9074494252296571,0.0925505747703429,0.9684604121343903,0.40671648832917984,5,0.1,0.5,0.6197359943734163,0.6309801324173426,0.6393190325572455,0.632960374365121,0.6287706480236152,1.0,0.6423937946048528,0.6309996173058386,0.6352851487849658,0.6431703541696645,0.6292446387388327,0.6359418968356868
2,6,0.2596929012091866,0.92068,5000,1.8319624176731817,0.8727490996398559,833,1.819639151469587,0.8654,0.8178831896711662,0.08331680387709157,,,0.8847876723794782,,0.8847949400130516,0.11520505998694841,0.9683839841210984,0.4066978092809974,5,0.1,0.5,0.6284369887327915,0.6381217411951203,0.6287102600458001,0.6304771351223559,0.63451065088518,0.6423937946048528,1.0,0.6309674667485855,0.6323111197044371,0.6415601187800037,0.6367697333250926,0.6406056464515312
2,7,0.27862352091747866,0.91716,5000,1.8196856092523646,0.8787515006002401,833,1.8194221197225797,0.8654,0.8127042312206981,0.08352605357875414,,,0.9210879321461425,,0.9211083780934692,0.07889162190653076,0.9685227585749211,0.4067233729055382,5,0.1,0.5,0.6194316602739357,0.6327055580372766,0.6267296696935812,0.6229849634551513,0.6360621513927495,0.6309996173058386,0.6309674667485855,1.0,0.6272074195888642,0.6385673364605207,0.6316760912356278,0.6342841243806314
2,8,0.271502032429929,0.91712,5000,1.8265861890934132,0.8463385354141657,833,1.8195161857544042,0.8653,0.8116155136005134,0.08316471237446665,,,0.8584031135976938,,0.8584157421816174,0.14158425781838258,0.9683485271270226,0.40666136372177086,5,0.1,0.5,0.6258759425646258,0.6272960279186295,0.6266107981061764,0.625851464772368,0.6277275686564964,0.6352851487849658,0.6323111197044371,0.6272074195888642,1.0,0.6359195192629837,0.6272080095437379,0.6319962446824153
2,9,0.2711525296661884,0.91892,5000,1.8064846241915669,0.8739495798319328,833,1.819395641930187,0.8655,0.8202820144440331,0.08386564708760735,,,0.9799999998265219,,0.9800010039656644,0.019998996034335637,0.9685378778485745,0.40673311881001384,5,0.1,0.5,0.628157141856422,0.6323483808566028,0.6380971254152741,0.6288635884202197,0.6317508697672424,0.6431703541696645,0.6415601187800037,0.6385673364605207,0.6359195192629837,1.0,0.6418109338017991,0.6449202140535534
2,10,0.27628050467035004,0.91528,5000,1.835323691368103,0.8319327731092437,833,1.8194856422777754,0.8652,0.8135605675446586,0.0832726215539861,,,0.8771230028813597,,0.8771346819938758,0.12286531800612421,0.9683935399850757,0.406689324803691,5,0.1,0.5,0.6217162279301157,0.618649190403309,0.632891605985542,0.6353415225581805,0.6333159188031812,0.6292446387388327,0.6367697333250926,0.6316760912356278,0.6272080095437379,0.6418109338017991,1.0,0.6333900831466278
2,11,0.2782234465050849,0.91568,5000,1.8111695757618658,0.858343337334934,833,1.819399363316667,0.8655,0.8168112280269809,0.08379375642646356,,,0.9675285379626223,,0.9675468098991015,0.03245319010089853,0.968540200211316,0.4067326706636,5,0.1,0.5,0.6220523838156891,0.633332866148865,0.6320220533592256,0.6280544151691679,0.6343464978910867,0.6359418968356868,0.6406056464515312,0.6342841243806314,0.6319962446824153,0.6449202140535534,0.6333900831466278,1.0
3,0,0.2582448454004279,0.921,5000,1.575474668432165,0.9244604316546763,834,1.5860598014947325,0.9145,0.7985906872989421,0.08269820060348365,,,0.75,,0.750002509914161,0.24999749008583905,0.9703453372771889,0.40311560758000586,5,0.1,0.5,1.0,0.609020287597206,0.6126008986781252,0.6069218379194765,0.6166148624798278,0.6121730399246215,0.616121690122526,0.6146942591981889,0.6183698630163349,0.6124529411840172,0.609250133015518,0.6109044031253464
3,1,0.24140808723250012,0.92716,5000,1.5909057105029072,0.9184652278177458,834,1.5850766539192809,0.915,0.8059756723986042,0.08320120392007156,,,0.8520225764685604,,0.8520405602128407,0.1479594397871593,0.9712334863747922,0.40358642603974654,5,0.1,0.5,0.609020287597206,1.0,0.626307402250487,0.6182012333608967,0.6244503051279616,0.6166008842585609,0.6233767246305962,0.6180280505685645,0.6210048663739787,0.6208972910767449,0.6073848077918528,0.6235891688884133
3,2,0.25010900392351304,0.92576,5000,1.59411946049443,0.9112709832134293,834,1.5849635353484475,0.9148,0.8129473256744058,0.08363067046957236,,,0.939129922369084,,0.9391446212539531,0.06085537874604685,0.9714313299428533,0.4036680033851937,5,0.1,0.5,0.6126008986781252,0.626307402250487,1.0,0.6251285315492583,0.6188228017694473,0.6343715492332214,0.6255706796252888,0.6274041237418313,0.6271128936893957,0.6296455494323633,0.6199336628957113,0.628239013111019
3,3,0.2519505724794332,0.92556,5000,1.5755158132976956,0.920863309352518,834,1.587324871803625,0.9141,0.8049455376251584,0.08272452085410473,,,0.7553384534318296,,0.7553586667335978,0.24464133326640225,0.9701900138792265,0.40315590419706127,5,0.1,0.5,0.6069218379194765,0.6182012333608967,0.6251285315492583,1.0,0.6160491201307792,0.6210425892639839,0.6181357836690541,0.6230922978901906,0.6142170988867313,0.6203135581478099,0.6191542580828227,0.6196861685052824
3,4,0.23318975602104597,0.93048,5000,1.580054901264332,0.9015606242496998,833,1.5849309573158288,0.9148,0.8071829791759404,0.08346918185730519,,,0.9063756964017697,,0.9063952612820642,0.09360473871793584,0.971421019532999,0.40365426366916857,5,0.1,0.5,0.6166148624798278,0.6244503051279616,0.6188228017694473,0.6160491201307792,1.0,0.6195401889589537,0.6181561149697484,0.61937356851872,0.6254047818909726,0.6226325900117028,0.6184669665008445,0.6195678967621325
3,5,0.24997047483090573,0.92368,5000,1.5793283824567441,0.9183673469387755,833,1.585008003841193,0.9149,0.8095610751170349,0.08348645580858734,,,0.9098793174664416,,0.9098940816224085,0.09010591837759152,0.9714054197106752,0.4036563999642332,5,0.1,0.5,0.6121730399246215,0.6166008842585609,0.6343715492332214,0.6210425892639839,0.6195401889589537,1.0,0.6208933194826646,0.6218576902802719,0.6235978502381239,0.6321294823954832,0.6192361076931183,0.6210313787636659
3,6,0.2347374712369126,0.92992,5000,1.59918271612238,0.9375750300120048,833,1.5851924122332004,0.9148,0.8083598732404623,0.08335812344057807,,,0.8838500679628172,,0.8838612519451835,0.1161387480548165,0.9713339629135684,0.40363502627591946,5,0.1,0.5,0.616121690122526,0.6233767246305962,0.6255706796252888,0.6181357836690541,0.6181561149697484,0.6208933194826646,1.0,0.6253091539613103,0.6215115296900512,0.6254079457019844,0.6180609446113353,0.6189541483113359
3,7,0.25027332605236463,0.92384,5000,1.5863786229380854,0.9279711884753902,833,1.5849597606415184,0.9148,0.8098770950829524,0.08354959594421113,,,0.9226858320608397,,0.9227046834998243,0.07729531650017574,0.9714342186604512,0.40366279102541563,5,0.1,0.5,0.6146942591981889,0.6180280505685645,0.6274041237418313,0.6230922978901906,0.61937356851872,0.6218576902802719,0.6253091539613103,1.0,0.6262307484318443,0.6274751969065471,0.620276390574173,0.6215211731877814
3,8,0.24580210919972437,0.92676,5000,1.5940848544791892,0.8967587034813925,833,1.5850603226274729,0.9149,0.8080290222787384,0.08324586090019145,,,0.8610802109192478,,0.8611013503338186,0.13889864966618137,0.97123520309025,0.40360365763016376,5,0.1,0.5,0.6183698630163349,0.6210048663739787,0.6271128936893957,0.6142170988867313,0.6254047818909726,0.6235978502381239,0.6215115296900512,0.6262307484318443,1.0,0.620357065476367,0.6102761578849546,0.6208619593853866
3,9,0.2492514515693068,0.92432,5000,1.57423080779888,0.9171668667466987,833,1.5849058628082275,0.9148,0.8115313869858292,0.08383217277628845,,,0.9799999997971731,,0.9800010039656644,0.019998996034335637,0.9714748228136176,0.4036724206323589,5,0.1,0.5,0.6124529411840172,0.6208972910767449,0.6296455494323633,0.6203135581478099,0.6226325900117028,0.6321294823954832,0.6254079457019844,0.6274751969065471,0.620357065476367,1.0,0.6262058955458389,0.6221808722477535
3,10,0.2511501421202805,0.9244,5000,1.6053568168922707,0.8955582232893158,833,1.585059419607583,0.915,0.8034104879390455,0.08315633710867917,,,0.8429223826025813,,0.842934591636966,0.15706540836303395,0.9712244292849936,0.40356548422112104,5,0.1,0.5,0.609250133015518,0.6073848077918528,0.6199336628957113,0.6191542580828227,0.6184669665008445,0.6192361076931183,0.6180609446113353,0.620276390574173,0.6102761578849546,0.6262058955458389,1.0,0.615463828635901
3,11,0.2547323419101489,0.92392,5000,1.5766083311151575,0.907563025210084,833,1.584931849671629,0.9148,0.8076044722404703,0.08364767631692675,,,0.9425791647595628,,0.9425982631394006,0.05740173686059935,0.9714580946140108,0.40366876109967026,5,0.1,0.5,0.6109044031253464,0.6235891688884133,0.628239013111019,0.6196861685052824,0.6195678967621325,0.6210313787636659,0.6189541483113359,0.6215211731877814,0.6208619593853866,0.6221808722477535,0.615463828635901,1.0
4,0,0.23601575283701443,0.9278,5000,1.3232981584690235,0.9436450839328537,834,1.3382886476790943,0.9338,0.7933112058843987,0.08271931709418896,,,0.75,,0.750002509914161,0.24999749008583905,0.969536399792725,0.3988342173015268,5,0.1,0.5,1.0,0.6029153615527408,0.6046034839664457,0.6018841856528458,0.5915760669931206,0.6006252629403206,0.6056039207430941,0.6005599773556916,0.6018290763332323,0.5968279751282455,0.6022569007992242,0.5987860129506632
4,1,0.2245065651881467,0.93488,5000,1.3419697726214375,0.935251798561151,834,1.3361754135582775,0.9334,0.8055992077202867,0.08348351670921461,,,0.9166567988847496,,0.9166758696852567,0.08332413031474328,0.9708345103889163,0.39938644877255913,5,0.1,0.5,0.6029153615527408,1.0,0.6172446730691765,0.6099534550393079,0.6113241513171959,0.6102523652436497,0.6176814926962269,0.6130207652616914,0.6100073292365366,0.6088463964521483,0.6068846710424166,0.6145438976907305
4,2,0.22814433919918387,0.93152,5000,1.3450659336867157,0.9376498800959233,834,1.336050085747204,0.9332,0.805742252856411,0.08377397500472997,,,0.9799999997819198,,0.9800010039656644,0.019998996034335637,0.9710726254763646,0.3994006049955204,5,0.1,0.5,0.6046034839664457,0.6172446730691765,1.0,0.6115302177606032,0.6061315245936058,0.6181414875041943,0.6143613559493465,0.6081506597552944,0.6061831841182588,0.6114005690236314,0.6084628543839318,0.6158741682010683
4,3,0.22718874126862568,0.93224,5000,1.3258833046312686,0.935251798561151,834,1.339186039214698,0.9332,0.797494506582676,0.08288315461950695,,,0.785729719002512,,0.7857487073942071,0.2142512926057929,0.9697926574995406,0.39906389598236164,5,0.1,0.5,0.6018841856528458,0.6099534550393079,0.6115302177606032,1.0,0.6021472064473508,0.6033375865882749,0.6021044603340466,0.597228132192232,0.5996933647410683,0.6041272498032663,0.6025925669049003,0.6127197336506657
4,4,0.21182896056431968,0.93596,5000,1.3295934332741632,0.9267707082833133,833,1.3361322567485774,0.9336,0.7944458560604138,0.08327145952451923,,,0.8704113272998694,,0.8704281913558556,0.12957180864414442,0.9709450554117337,0.3993376219187764,5,0.1,0.5,0.5915760669931206,0.6113241513171959,0.6061315245936058,0.6021472064473508,1.0,0.6024996795978892,0.5985621481165212,0.6040576064760426,0.5952634879556679,0.5963227373799569,0.6028814126028896,0.6037778992513817
4,5,0.22908548870936607,0.92996,5000,1.3282574900874384,0.9303721488595438,833,1.3361005847827314,0.9333,0.798793512109219,0.08343503382812509,,,0.9060836428608242,,0.9061041112393956,0.0938958887606044,0.9710165352213221,0.3993792552004997,5,0.1,0.5,0.6006252629403206,0.6102523652436497,0.6181414875041943,0.6033375865882749,0.6024996795978892,1.0,0.6037753878596761,0.5991131444678877,0.6079474657162691,0.6028796528693602,0.6034391225441882,0.6041436175432539
4,6,0.2195951808854985,0.93468,5000,1.3513877347663596,0.9519807923169268,833,1.3363166788515572,0.9333,0.8006020156935262,0.08341300131695088,,,0.9012787885904353,,0.9013001355353647,0.0986998644646353,0.9709643150108508,0.39937522396197944,5,0.1,0.5,0.6056039207430941,0.6176814926962269,0.6143613559493465,0.6021044603340466,0.5985621481165212,0.6037753878596761,1.0,0.6048464761706374,0.6006685094591654,0.610358237423942,0.6078952632846493,0.6082306915351946
4,7,0.23407396155344262,0.92932,5000,1.3392135567135282,0.9423769507803121,833,1.3360623029855112,0.9333,0.7976111516541474,0.08343563910327048,,,0.9062156413808344,,0.9062346267757643,0.09376537322423573,0.9710290292371236,0.3993793037673693,5,0.1,0.5,0.6005599773556916,0.6130207652616914,0.6081506597552944,0.597228132192232,0.6040576064760426,0.5991131444678877,0.6048464761706374,1.0,0.6022429569756771,0.6061751157754817,0.6051658835679046,0.6039274512160475
4,8,0.22790487974075374,0.9308,5000,1.3475074282398931,0.921968787515006,833,1.3363364165583358,0.9335,0.794597790857381,0.08312833953345573,,,0.8391996921484239,,0.8392098790221374,0.1607901209778626,0.9707416436240036,0.3992710340290874,5,0.1,0.5,0.6018290763332323,0.6100073292365366,0.6061831841182588,0.5996933647410683,0.5952634879556679,0.6079474657162691,0.6006685094591654,0.6022429569756771,1.0,0.6008898520688413,0.5951239044033773,0.5972685789731806
4,9,0.22649544428197585,0.93024,5000,1.329721177065814,0.9303721488595438,833,1.3359836602744204,0.9334,0.799023840119356,0.08367287955259314,,,0.9579530841545625,,0.9579689774609709,0.04203102253902913,0.9710759038967276,0.3993993190859465,5,0.1,0.5,0.5968279751282455,0.6088463964521483,0.6114005690236314,0.6041272498032663,0.5963227373799569,0.6028796528693602,0.610358237423942,0.6061751157754817,0.6008898520688413,1.0,0.6106735544867783,0.6081948620434612
4,10,0.22863828327127134,0.93136,5000,1.3617162792770952,0.9135654261704682,833,1.3362940050923406,0.9334,0.7978918441744383,0.08318407053686051,,,0.8513535200795777,,0.8513729230460318,0.14862707695396815,0.9707207991028567,0.399301276296782,5,0.1,0.5,0.6022569007992242,0.6068846710424166,0.6084628543839318,0.6025925669049003,0.6028814126028896,0.6034391225441882,0.6078952632846493,0.6051658835679046,0.5951239044033773,0.6106735544867783,1.0,0.6036668243941318
4,11,0.23077574648129143,0.93044,5000,1.3300968982555248,0.929171668667467,833,1.336017984932604,0.9334,0.8004349133319322,0.08359961317658433,,,0.941975138796523,,0.9419908639124542,0.058009136087545765,0.9710651212098362,0.3993966350264815,5,0.1,0.5,0.5987860129506632,0.6145438976907305,0.6158741682010683,0.6127197336506657,0.6037778992513817,0.6041436175432539,0.6082306915351946,0.6039274512160475,0.5972685789731806,0.6081948620434612,0.6036668243941318,1.0
5,0,0.21719209050320706,0.93468,5000,1.0726768330291465,0.9484412470023981,834,1.0914374622293175,0.9434,0.7804393315131531,0.08271620967113746,,,0.75,,0.750002509914161,0.24999749008583905,0.9681025927316613,0.39255965550665484,5,0.1,0.5,1.0,0.5755194523659051,0.5746104704291172,0.5774839323168236,0.5731694626404594,0.5794032898025566,0.5768905472527559,0.5798401174193718,0.5804491380308425,0.5799248906080103,0.5807417137120656,0.589241642735847
5,1,0.20471135023447454,0.93908,5000,1.0939337015151978,0.9424460431654677,834,1.0884098715294663,0.9431,0.7847218780055711,0.08337742901845992,,,0.8942973692868917,,0.894302494854676,0.10569750514532406,0.9695442622397317,0.39312733343750916,5,0.1,0.5,0.5755194523659051,1.0,0.5809573143207082,0.5863406566992975,0.5753695232035211,0.5804718131302935,0.5919129929867287,0.5836874153484387,0.5814406872415434,0.5868899425828775,0.57366587824091,0.5874987071185418
5,2,0.2135972805700864,0.93596,5000,1.0956670112080045,0.9496402877697842,834,1.08823161212781,0.9431,0.7863272723961131,0.08362796136093359,,,0.9489708419954934,,0.9489784649364992,0.05102153506350082,0.9696414383131283,0.3931610390670204,5,0.1,0.5,0.5746104704291172,0.5809573143207082,1.0,0.5903940349845754,0.577156275759073,0.5905220912871201,0.5806587142346605,0.5863577387165738,0.5763604645673583,0.5897418020474919,0.584401675210958,0.5862923393984596
5,3,0.20936785855799153,0.93776,5000,1.0775386933927182,0.9460431654676259,834,1.0916003716258575,0.9432,0.7877892001561674,0.08308415291326156,,,0.8302959594276738,,0.8303147432357814,0.16968525676421864,0.9688035530005564,0.393001557500742,5,0.1,0.5,0.5774839323168236,0.5863406566992975,0.5903940349845754,1.0,0.5913489660231046,0.5835407393735503,0.587421216356391,0.5796523529343274,0.5781107824736182,0.5840089879621628,0.5864448379355847,0.5909285209499557
5,4,0.19402347294981503,0.9416,5000,1.0813654661178589,0.9423769507803121,833,1.0885068193411294,0.9431,0.7838434651110227,0.08320484764323648,,,0.8566350738118743,,0.8566537824406405,0.1433462175593595,0.9693670330153716,0.3930702538924639,5,0.1,0.5,0.5731694626404594,0.5753695232035211,0.577156275759073,0.5913489660231046,1.0,0.5808782760997926,0.5776344577790459,0.5816824001708466,0.5835424919769282,0.5849387321666175,0.5810393224747246,0.5898506399135298
5,5,0.21410645501225428,0.93564,5000,1.0776884644119828,0.943577430972389,833,1.0883331839649821,0.9431,0.7881172948568153,0.08346444035986648,,,0.9132857847256318,,0.9133025450529592,0.08669745494704084,0.9695691820095191,0.3931450755289496,5,0.1,0.5,0.5794032898025566,0.5804718131302935,0.5905220912871201,0.5835407393735503,0.5808782760997926,1.0,0.5902443994465161,0.585999817558696,0.5833176004295614,0.592423136214981,0.5834003478423193,0.5858065905904768
5,6,0.2006155091889535,0.9408,5000,1.1038914874747947,0.957983193277311,833,1.0885487075050038,0.9431,0.7886378490160384,0.08346802514526253,,,0.914068089575303,,0.9140806184428493,0.08591938155715073,0.9695609400087768,0.39314569476518474,5,0.1,0.5,0.5768905472527559,0.5919129929867287,0.5806587142346605,0.587421216356391,0.5776344577790459,0.5902443994465161,1.0,0.5857737013158709,0.5842918944621041,0.5925224227867314,0.5869814316181916,0.5867338738668268
5,7,0.21239271311647004,0.93756,5000,1.09387825595008,0.9507803121248499,833,1.0883028804303738,0.9431,0.786317375348967,0.08340154725821948,,,0.899560673458538,,0.8995733145926409,0.1004266854073591,0.9695491347140044,0.39313287119975887,5,0.1,0.5,0.5798401174193718,0.5836874153484387,0.5863577387165738,0.5796523529343274,0.5816824001708466,0.585999817558696,0.5857737013158709,1.0,0.5832828995812267,0.592008598887641,0.5781926912187514,0.5825494186595965
5,8,0.20848750936128435,0.93828,5000,1.101693853184029,0.9339735894357744,833,1.0888194384666297,0.9432,0.7826041174266046,0.08306563511884014,,,0.8262548359626305,,0.8262737814366748,0.17372621856332515,0.9691231188852588,0.3929883896654809,5,0.1,0.5,0.5804491380308425,0.5814406872415434,0.5763604645673583,0.5781107824736182,0.5835424919769282,0.5833176004295614,0.5842918944621041,0.5832828995812267,1.0,0.5826106412788185,0.5699056395085104,0.5822968839301932
5,9,0.20577911848831137,0.93836,5000,1.0857832630475361,0.9327731092436975,833,1.0881646012726682,0.9431,0.7922912695318154,0.08377014745594559,,,0.9799999997817708,,0.9800010039656644,0.019998996034335637,0.9696422380166869,0.3931643177934609,5,0.1,0.5,0.5799248906080103,0.5868899425828775,0.5897418020474919,0.5840089879621628,0.5849387321666175,0.592423136214981,0.5925224227867314,0.592008598887641,0.5826106412788185,1.0,0.5921063303347369,0.5970251442031558
5,10,0.21311984481438281,0.9346,5000,1.1192086383148476,0.929171668667467,833,1.0886905450409594,0.9431,0.7840264489011115,0.08315289186971395,,,0.8452968069131132,,0.8453139902615331,0.1546860097384669,0.9692680584778129,0.3930439002003458,5,0.1,0.5,0.5807417137120656,0.57366587824091,0.584401675210958,0.5864448379355847,0.5810393224747246,0.5834003478423193,0.5869814316181916,0.5781926912187514,0.5699056395085104,0.5921063303347369,1.0,0.5818458050667106
5,11,0.2085059997619717,0.9368,5000,1.0854810078938801,0.9399759903961584,833,1.0882000224277997,0.9431,0.7907420600479501,0.08366671218512291,,,0.9574274033633061,,0.9574418954871743,0.04255810451282571,0.9696356478473596,0.3931625925857077,5,0.1,0.5,0.589241642735847,0.5874987071185418,0.5862923393984596,0.5909285209499557,0.5898506399135298,0.5858065905904768,0.5867338738668268,0.5825494186595965,0.5822968839301932,0.5970251442031558,0.5818458050667106,1.0
6,0,0.2045424328078842,0.93888,5000,0.843469641826771,0.9592326139088729,834,0.8648894261628294,0.9504,0.7684246007092296,0.08279722811660459,,,0.7590584997192075,,0.7590733396917826,0.2409266603082174,0.9663424376580596,0.3853815262688105,5,0.1,0.5,1.0,0.5625308668300778,0.5602724582339199,0.5600612512793632,0.5541312477321068,0.5578748948635021,0.5524510659808032,0.5527465032537172,0.55268571038623,0.5537747136251575,0.5592880812110135,0.5548615594737757
6,1,0.19302728221022114,0.94076,5000,0.8673270477188958,0.947242206235012,834,0.861495235476631,0.95,0.7731383587935815,0.08340853650883288,,,0.8986499600090954,,0.8986597058380603,0.10134029416193968,0.967640483485468,0.38589814291916597,5,0.1,0.5,0.5625308668300778,1.0,0.5725990667420975,0.558208508433746,0.5593442136294274,0.5615173009231536,0.5541775324931996,0.5556441571576634,0.5543364328061753,0.5587051319893662,0.5569575405135271,0.5667217023237815
6,2,0.1967555096473806,0.94052,5000,0.8664720610336021,0.9568345323741008,834,0.8613019351380321,0.9498,0.7783591808126118,0.08376169136823561,,,0.9792924035927684,,0.9793032478289243,0.020696752171075694,0.9677545156559769,0.38592907526518044,5,0.1,0.5,0.5602724582339199,0.5725990667420975,1.0,0.5701630387900344,0.5597319791239395,0.5756877024703837,0.5589902296767219,0.5615044457268412,0.5483314545908842,0.5641085524033442,0.5648407389455381,0.571519700379465
6,3,0.19610630652991828,0.94288,5000,0.84985970126258,0.9460431654676259,834,0.8645098489313461,0.9501,0.7742139524330217,0.0832494317366905,,,0.862318596388373,,0.8623312082726771,0.13766879172732294,0.9673669810084301,0.38584456861256694,5,0.1,0.5,0.5600612512793632,0.558208508433746,0.5701630387900344,1.0,0.5649630806807231,0.5628835721680829,0.5505191622450729,0.561016519146905,0.5421338835869886,0.5614190985075757,0.5686927361539001,0.5721475184050377
6,4,0.17623240100427465,0.9466,5000,0.8531643439222265,0.9483793517406963,833,0.8616591709109541,0.95,0.7721417073835921,0.08325724976741548,,,0.8641038333315691,,0.8641182671552633,0.1358817328447367,0.9674986190298429,0.38584847746446793,5,0.1,0.5,0.5541312477321068,0.5593442136294274,0.5597319791239395,0.5649630806807231,1.0,0.5632085945361047,0.5482827722428734,0.5532412123763522,0.5514762883758528,0.562431771519862,0.5705376674073079,0.5650944215393597
6,5,0.19601759735589763,0.94004,5000,0.848295251528422,0.9507803121248499,833,0.8613870781831467,0.9498,0.7756499248770388,0.08355589871738164,,,0.9322999248130828,,0.9323126349078862,0.06768736509211382,0.9676988490981696,0.38592099559530757,5,0.1,0.5,0.5578748948635021,0.5615173009231536,0.5756877024703837,0.5628835721680829,0.5632085945361047,1.0,0.5618648288224976,0.5580460864165022,0.5536656834775829,0.5618546297324656,0.5601281083822903,0.5667642608264257
6,6,0.18319787569106763,0.94348,5000,0.8753465568577802,0.9651860744297719,833,0.8616896968680068,0.9498,0.7672085271942846,0.08325962723014839,,,0.8646467237922437,,0.8646553887857036,0.13534461121429642,0.9675745852592975,0.3858494930767627,5,0.1,0.5,0.5524510659808032,0.5541775324931996,0.5589902296767219,0.5505191622450729,0.5482827722428734,0.5618648288224976,1.0,0.5532385664326348,0.5524249233550398,0.5538773316545867,0.5602009093704459,0.5592972754839837
6,7,0.19752260409948078,0.94092,5000,0.8689496958697284,0.957983193277311,833,0.8615277209601844,0.95,0.7675049854921591,0.0832254253194565,,,0.8568367628643675,,0.8568545755735154,0.1431454244264846,0.9675237792778932,0.38583270456865354,5,0.1,0.5,0.5527465032537172,0.5556441571576634,0.5615044457268412,0.561016519146905,0.5532412123763522,0.5580460864165022,0.5532385664326348,1.0,0.5459403912315434,0.5567820343170553,0.5570509867069857,0.5532349384762633
6,8,0.19869871010505566,0.94164,5000,0.8761892716089884,0.9399759903961584,833,0.8625726002854661,0.9501,0.7606643667676907,0.08275755852014181,,,0.75,,0.750002509914161,0.24999749008583905,0.9664348617577491,0.3853088001004129,5,0.1,0.5,0.55268571038623,0.5543364328061753,0.5483314545908842,0.5421338835869886,0.5514762883758528,0.5536656834775829,0.5524249233550398,0.5459403912315434,1.0,0.5431902222795014,0.5468112841373178,0.5559539934246405
6,9,0.19084460260049932,0.94152,5000,0.862082130379147,0.9459783913565426,833,0.8612363744086732,0.9499,0.7725917514885676,0.08365321104760061,,,0.9545210663059419,,0.954530395060489,0.04546960493951102,0.9677569299447969,0.3859269254599442,5,0.1,0.5,0.5537747136251575,0.5587051319893662,0.5641085524033442,0.5614190985075757,0.562431771519862,0.5618546297324656,0.5538773316545867,0.5567820343170553,0.5431902222795014,1.0,0.5662185071981575,0.5711829162508321
6,10,0.1961734667568687,0.9414,5000,0.8955765499009026,0.9375750300120048,833,0.8617980525897334,0.9501,0.774601378449947,0.08330935154606947,,,0.8760012053592944,,0.8760202801064204,0.12397971989357959,0.9674779659055907,0.3858699378802089,5,0.1,0.5,0.5592880812110135,0.5569575405135271,0.5648407389455381,0.5686927361539001,0.5705376674073079,0.5601281083822903,0.5602009093704459,0.5570509867069857,0.5468112841373178,0.5662185071981575,1.0,0.5647482446531702
6,11,0.1943404770017287,0.94132,5000,0.8617970899299339,0.9459783913565426,833,0.8612752212122226,0.9499,0.777710492763931,0.08376479012142267,,,0.9799999997716513,,0.9800010039656644,0.019998996034335637,0.9677569574376109,0.38592909357473915,5,0.1,0.5,0.5548615594737757,0.5667217023237815,0.571519700379465,0.5721475184050377,0.5650944215393597,0.5667642608264257,0.5592972754839837,0.5532349384762633,0.5559539934246405,0.5711829162508321,0.5647482446531702,1.0
7,0,0.18927848741032516,0.94364,5000,0.6452401644653745,0.9652278177458034,834,0.6688053036650149,0.9536,0.7499175702543699,0.08277833608706095,,,0.8100981339868571,,0.8101199738968927,0.18988002610310728,0.9641114077240401,0.37742761513647277,5,0.1,0.5,1.0,0.5247563594435307,0.5274620552506637,0.5300230081827084,0.518480094743443,0.529409833436975,0.536129493462794,0.5278723386648433,0.5161770270150816,0.5334616226655907,0.5331702657115083,0.5231945007100138
