round,client_id,client_i_training_loss,client_i_training_accuracy,client_i_training_dataset_size,client_i_evaluation_loss,client_i_evaluation_accuracy,client_i_evaluation_dataset_size,client_i_central_evaluation_loss,client_i_central_evaluation_accuracy,client_i_cosine_similarity,client_i_importance_coefficient,client_i_tanh_val,tanh_normalization_value,client_i_q,client_i_mask_order,client_i_v_nonzero_fraction,client_i_v_sparsity,client_i_v_cosine_similarity,client_i_reward_gradient_norm,local_epochs,learning_rate,gamma,client_0_cosine_similarity,client_1_cosine_similarity,client_2_cosine_similarity,client_3_cosine_similarity,client_4_cosine_similarity,client_5_cosine_similarity,client_6_cosine_similarity,client_7_cosine_similarity,client_8_cosine_similarity,client_9_cosine_similarity,client_10_cosine_similarity,client_11_cosine_similarity
0,0,2.291095914262714,0.15200383969282458,4167,2.2985401834760393,0.1510791366906475,834,2.297055280661281,0.1436,0.9703014146890105,0.08380890876862654,,,0.9050656472326406,,0.9051179218035682,0.0948820781964318,0,0.14470882988846964,10,0.025,0.15,1.0,0.9281109584467129,0.9315259623666998,0.9276066838841599,0.9283223233627844,0.914736877264996,0.9464745539141091,0.9220529046142408,0.9243004750853249,0.9370378619089942,0.9408413041917876,0.932691688019099
0,1,2.289662056980711,0.18224142068634508,4167,2.2993232522692,0.13908872901678657,834,2.2970940946023677,0.1417,0.9577634731343941,0.08272595538528636,,,0.6877327551763774,,0.6877754121899292,0.3122245878100708,0,0.14439885082308213,10,0.025,0.15,0.9281109584467129,1.0,0.9307465130184925,0.8855386432073317,0.9108437220424261,0.9247198216899308,0.9198765131670918,0.9088297830982057,0.9047707780851392,0.9175915597412561,0.9242182908494114,0.9332949000967975
0,2,2.288278892545989,0.14698824094072474,4167,2.296412365777152,0.14268585131894485,834,2.297054197214827,0.1436,0.9716415157897721,0.08392465879144853,,,0.9282949824953386,,0.9283309402386493,0.07166905976135074,0,0.14471444371672448,10,0.025,0.15,0.9315259623666998,0.9307465130184925,1.0,0.924473766933942,0.8947929533934501,0.9341020727398462,0.9363907704221771,0.9337423812721466,0.9232189018276546,0.9448992744165559,0.9447256143542964,0.9506040750493946
0,3,2.290795316840663,0.1511879049676026,4167,2.297183173043387,0.13908872901678657,834,2.297104926048955,0.1418,0.9559842076506098,0.08257227293532989,,,0.6568909370324458,,0.6569374989684936,0.3430625010315064,0,0.14428679822282922,10,0.025,0.15,0.9276066838841599,0.8855386432073317,0.924473766933942,1.0,0.913410178824192,0.9140824555656918,0.9405821193662763,0.8910198643254135,0.9150421154239495,0.9196839500193609,0.920030259776615,0.916471501985394
0,4,2.28786350813779,0.12195824334053276,4167,2.294393845966884,0.15606242496998798,833,2.2971080104006996,0.1417,0.9555866692708832,0.08253793591665284,,,0.65,,0.6500140284860788,0.3499859715139212,0,0.14426033648829087,10,0.025,0.15,0.9283223233627844,0.9108437220424261,0.8947929533934501,0.913410178824192,1.0,0.9220421596547447,0.9171830087625614,0.9010797006310632,0.9240423521459956,0.925161898926086,0.918944580574427,0.907517576027827
0,5,2.29051564245513,0.16201103911687065,4167,2.2963534082685197,0.1404561824729892,833,2.297067699553091,0.1433,0.9638047866412686,0.08324776838573694,,,0.7924529862085725,,0.792485682692149,0.20751431730785097,0,0.1446162940775371,10,0.025,0.15,0.914736877264996,0.9247198216899308,0.9341020727398462,0.9140824555656918,0.9220421596547447,1.0,0.920224607468105,0.9087545305853204,0.932120551891637,0.9249148471871415,0.9190325489305987,0.943758554455671
0,6,2.2889262416146017,0.15356371490280776,4167,2.2962960515703474,0.13205282112845138,833,2.2970603236669227,0.1434,0.9672236209405883,0.08354306711203899,,,0.8517151180741276,,0.8517601624003565,0.14823983759964354,0,0.14467783491119976,10,0.025,0.15,0.9464745539141091,0.9198765131670918,0.9363907704221771,0.9405821193662763,0.9171830087625614,0.920224607468105,1.0,0.9098490499891876,0.9179648104583733,0.9287588804286612,0.931701145584685,0.9290591308767857
0,7,2.28671041690942,0.14605231581473482,4167,2.299382380076817,0.13205282112845138,833,2.2970976044860065,0.1418,0.957186890581152,0.08267615358775139,,,0.6777382633964152,,0.6777739268208149,0.32222607317918506,0,0.14435103530951582,10,0.025,0.15,0.9220529046142408,0.9088297830982057,0.9337423812721466,0.8910198643254135,0.9010797006310632,0.9087545305853204,0.9098490499891876,1.0,0.9283168080423587,0.9429283248857377,0.928003588988275,0.9072960705131067
0,8,2.289888833508347,0.17093134901584253,4166,2.2952549116952077,0.15726290516206481,833,2.297063773191428,0.1434,0.9648370626223332,0.08333693029172964,,,0.810346475613329,,0.8103926325691935,0.18960736743080653,0,0.1446391989306035,10,0.025,0.15,0.9243004750853249,0.9047707780851392,0.9232189018276546,0.9150421154239495,0.9240423521459956,0.932120551891637,0.9179648104583733,0.9283168080423587,1.0,0.940939633083794,0.9320697384414077,0.9276725221495303
0,9,2.2882015697883835,0.1371099375900144,4166,2.29754444531032,0.12725090036014405,833,2.2970540282092515,0.1436,0.9728936789383155,0.08403281325303234,,,0.9499999997993146,,0.9500173293063326,0.04998267069366735,0,0.1447179364066291,10,0.025,0.15,0.9370378619089942,0.9175915597412561,0.9448992744165559,0.9196839500193609,0.925161898926086,0.9249148471871415,0.9287588804286612,0.9429283248857377,0.940939633083794,1.0,0.9533886833328095,0.9284274117238581
0,10,2.2882632385600696,0.16327412385981757,4166,2.2962241853986467,0.1404561824729892,833,2.2970541308197796,0.1436,0.9717224171449285,0.08393164657296767,,,0.9296973279609653,,0.9297337888465284,0.07026621115347165,0,0.14471473473474658,10,0.025,0.15,0.9408413041917876,0.9242182908494114,0.9447256143542964,0.920030259776615,0.918944580574427,0.9190325489305987,0.931701145584685,0.928003588988275,0.9320697384414077,0.9533886833328095,1.0,0.9372173087395925
0,11,2.2916901978579434,0.15746519443110898,4166,2.295740706580026,0.15846338535414164,833,2.29705812357649,0.1436,0.9685992866913451,0.08366188899939886,,,0.8755609315844517,,0.8756085887343005,0.12439141126569953,0,0.14469491039972454,10,0.025,0.15,0.932691688019099,0.9332949000967975,0.9506040750493946,0.916471501985394,0.907517576027827,0.943758554455671,0.9290591308767857,0.9072960705131067,0.9276725221495303,0.9284274117238581,0.9372173087395925,1.0
1,0,2.1965937693913777,0.21399088072954164,4167,2.2885331766945973,0.18465227817745802,834,2.286597451077232,0.1809,0.986003344438548,0.08364139275713119,,,0.9076362116654484,,0.9076843095509234,0.09231569044907662,0.8404999341470172,0.1478197191996661,10,0.025,0.15,1.0,0.9707860485985554,0.9663988636721865,0.9636257927887388,0.9685988465392472,0.9707195475176561,0.9699081653414401,0.9693700638116125,0.9695131578447214,0.968011334775974,0.9717873819768343,0.9721093124949901
1,1,2.177137217738412,0.23141348692104632,4167,2.2890876020703996,0.18465227817745802,834,2.286678794064099,0.1803,0.9849765539264662,0.08294060302760929,,,0.7032627876995385,,0.7033057714842138,0.2966942285157862,0.839773551668317,0.14752097750652562,10,0.025,0.15,0.9707860485985554,1.0,0.9680878269582897,0.9592128509645705,0.9694553242423215,0.9694250509787828,0.9650107623979224,0.9654703240020319,0.9697003415228622,0.9658770935339448,0.9745675141656753,0.9714084418362641
1,2,2.176513874530792,0.2107271418286537,4167,2.286140407834734,0.17146282973621102,834,2.2865959783143635,0.1809,0.9842325020003666,0.08365529014389876,,,0.911689148514003,,0.9117360664125035,0.08826393358749651,0.8405075830465639,0.14782090106648002,10,0.025,0.15,0.9663988636721865,0.9680878269582897,1.0,0.9684705638699247,0.9612150436725335,0.9667963050343686,0.9689840679722727,0.9633578930572355,0.9679652302243767,0.9671947999004243,0.9699624392493699,0.9713338648513661
1,3,2.196567805969354,0.21175905927525798,4167,2.2864367280687605,0.18585131894484413,834,2.2867161412782306,0.1801,0.9822664786165257,0.08275796668546058,,,0.65,,0.6500140284860788,0.3499859715139212,0.839608255618638,0.14728179870972893,10,0.025,0.15,0.9636257927887388,0.9592128509645705,0.9684705638699247,1.0,0.9601054215876947,0.9642668148483473,0.9694910460422841,0.9631157696212032,0.9658024551313495,0.9705245653847564,0.9659133492609988,0.9664538359464467
1,4,2.186260082504966,0.20753539716822655,4167,2.28318384715489,0.18967587034813926,833,2.286711538894267,0.1799,0.9849581798278846,0.08282412070533862,,,0.6692926964851617,,0.6693403310722714,0.3306596689277286,0.8397173945489079,0.14735379249448452,10,0.025,0.15,0.9685988465392472,0.9694553242423215,0.9612150436725335,0.9601054215876947,1.0,0.9703945898169658,0.9644568274087999,0.9711307472118693,0.9728373714286023,0.9689089966057655,0.9710920716394968,0.9707762477047276
1,5,2.1947033134373752,0.2165826733861291,4167,2.284817252840315,0.18007202881152462,833,2.2866159420979173,0.181,0.9860898762249157,0.08329833952383657,,,0.807590561825761,,0.8076281956066083,0.19237180439339174,0.8408045994945316,0.14773700609603801,10,0.025,0.15,0.9707195475176561,0.9694250509787828,0.9667963050343686,0.9642668148483473,0.9703945898169658,1.0,0.9677446600564894,0.9700211073424131,0.9704113746114429,0.9683071219827577,0.9684166878476014,0.975574646238226
1,6,2.188548403075247,0.21809455243580514,4167,2.2859112535204207,0.1788715486194478,833,2.286604823945444,0.1808,0.9842566852722534,0.08342087964560768,,,0.8433273073922914,,0.8433595748543513,0.1566404251456487,0.8407819366421714,0.14777792837454573,10,0.025,0.15,0.9699081653414401,0.9650107623979224,0.9689840679722727,0.9694910460422841,0.9644568274087999,0.9677446600564894,1.0,0.9608350890621937,0.9671385013866872,0.9736590783453436,0.965615016803955,0.9673234008568372
1,7,2.1843522144086434,0.21437485001199905,4167,2.2897581372942244,0.15126050420168066,833,2.2866821138164664,0.1804,0.9846546737615658,0.08289946589821069,,,0.6912658424916567,,0.6913072898615306,0.30869271013846944,0.8398632808261464,0.14745674114068322,10,0.025,0.15,0.9693700638116125,0.9654703240020319,0.9633578930572355,0.9631157696212032,0.9711307472118693,0.9700211073424131,0.9608350890621937,1.0,0.9723184151209998,0.9692823202872566,0.9714649392629447,0.9689564578070282
1,8,2.1939362587350786,0.21008161305808928,4166,2.284898008619036,0.18607442977190877,833,2.2866120036644273,0.1811,0.98724540941115,0.08339077973128255,,,0.8345491785291512,,0.8346041491310591,0.16539585086894093,0.8406445660407728,0.14777150199677444,10,0.025,0.15,0.9695131578447214,0.9697003415228622,0.9679652302243767,0.9658024551313495,0.9728373714286023,0.9704113746114429,0.9671385013866872,0.9723184151209998,1.0,0.9702737990050279,0.9744458469009508,0.9753046085454926
1,9,2.1747540351116297,0.221387421987518,4166,2.2865350246429443,0.18967587034813926,833,2.2865944150127944,0.181,0.9862271430260302,0.08378665678896084,,,0.949999999708367,,0.9500173293063326,0.04998267069366735,0.8405341851507766,0.14783105030657556,10,0.025,0.15,0.968011334775974,0.9658770935339448,0.9671947999004243,0.9705245653847564,0.9689089966057655,0.9683071219827577,0.9736590783453436,0.9692823202872566,0.9702737990050279,1.0,0.9713896758436988,0.9699836846293015
1,10,2.1837096142046377,0.22037926068170907,4166,2.285109826496669,0.18247298919567828,833,2.2865954230103314,0.181,0.9876104688898066,0.08376917699712352,,,0.9449023152567962,,0.9449423181660642,0.05505768183393578,0.8405230104508657,0.14783058596591572,10,0.025,0.15,0.9717873819768343,0.9745675141656753,0.9699624392493699,0.9659133492609988,0.9710920716394968,0.9684166878476014,0.965615016803955,0.9714649392629447,0.9744458469009508,0.9713896758436988,1.0,0.9751701127195992
1,11,2.193919559319814,0.21168987037926068,4166,2.2860971859523227,0.1836734693877551,833,2.286600912673564,0.1809,0.9879932373840064,0.08361532809553955,,,0.9000348957363047,,0.9000924229671073,0.09990757703289266,0.8406945667874149,0.1478170862340131,10,0.025,0.15,0.9721093124949901,0.9714084418362641,0.9713338648513661,0.9664538359464467,0.9707762477047276,0.975574646238226,0.9673234008568372,0.9689564578070282,0.9753046085454926,0.9699836846293015,0.9751701127195992,1.0
2,0,2.1007743257464786,0.2485961123110151,4167,2.2733708109174455,0.19544364508393286,834,2.270632097992716,0.201,0.9827613510266235,0.08355839334623862,,,0.95,,0.9500173293063326,0.04998267069366735,0.9640287988476394,0.1472524145415089,10,0.025,0.15,1.0,0.9611343382414891,0.9581050238479752,0.9603690137573803,0.9631716721673218,0.9673200585484233,0.9650018223927614,0.9614057344874444,0.956917256131507,0.9596088528265775,0.9622911120239522,0.9617417676775583
2,1,2.0770676865722195,0.2670506359491241,4167,2.273155927658081,0.2038369304556355,834,2.2707551913925363,0.2012,0.9797974332973879,0.08302951767856469,,,0.95,,0.9500173293063326,0.04998267069366735,0.9617644139922721,0.1472524145415089,10,0.025,0.15,0.9611343382414891,1.0,0.9582236805924265,0.9540431694186381,0.9613672889378723,0.959284117155137,0.9588338923321416,0.9544100009395009,0.9549238139843623,0.9589505471930738,0.9628392958195772,0.9583925584264511
2,2,2.087060231151003,0.25181185505159587,4167,2.270534413201468,0.19784172661870503,834,2.2706301333029058,0.201,0.9791272588500294,0.08344890617889032,,,0.95,,0.9500173293063326,0.04998267069366735,0.9640636924223192,0.1472524145415089,10,0.025,0.15,0.9581050238479752,0.9582236805924265,1.0,0.9577903304433257,0.9545048565014292,0.9593920714116677,0.959986135858206,0.9559812554666831,0.9554124172278573,0.9596409291925101,0.9556850340347751,0.9594597186618384
2,3,2.1049264987309773,0.24209263258939284,4167,2.2700182029179166,0.20743405275779375,834,2.2708211548720736,0.202,0.9811025174702203,0.08295918015094918,,,0.95,,0.9500173293063326,0.04998267069366735,0.9600362832520951,0.1472524145415089,10,0.025,0.15,0.9603690137573803,0.9540431694186381,0.9577903304433257,1.0,0.9560594833070842,0.9643133771401148,0.9643856378475825,0.9584123190633211,0.9587538455824787,0.9626864825355685,0.9573829005749143,0.9636580451859645
2,4,2.0881006533449344,0.25337173026157905,4167,2.2662268706730435,0.2112845138055222,833,2.270815109904808,0.2018,0.9817635860174838,0.08302149268059654,,,0.95,,0.9500173293063326,0.04998267069366735,0.9606277694539243,0.1472524145415089,10,0.025,0.15,0.9631716721673218,0.9613672889378723,0.9545048565014292,0.9560594833070842,1.0,0.9593299783732396,0.9593406727427704,0.9647632526422942,0.9632453556257529,0.9616142405202971,0.9621619863675527,0.9601113618196727
2,5,2.105683696269989,0.24698824094072475,4167,2.2672968932560513,0.20888355342136855,833,2.2706590000587172,0.2012,0.9835916933967285,0.08337361024672602,,,0.95,,0.9500173293063326,0.04998267069366735,0.9634633997138813,0.1472524145415089,10,0.025,0.15,0.9673200585484233,0.959284117155137,0.9593920714116677,0.9643133771401148,0.9593299783732396,1.0,0.9661821940636505,0.9623075077789934,0.9597456675466509,0.9636952921655833,0.9582643661588253,0.9671204071753373
2,6,2.093628616766496,0.25749940004799615,4167,2.270041057041713,0.19687875150060025,833,2.2706430079061772,0.2011,0.9816335517863569,0.08338563486524625,,,0.95,,0.9500173293063326,0.04998267069366735,0.9637718664197282,0.1472524145415089,10,0.025,0.15,0.9650018223927614,0.9588338923321416,0.959986135858206,0.9643856378475825,0.9593406727427704,0.9661821940636505,1.0,0.9540911168701252,0.9571181310937795,0.9628688087583793,0.9569310579495477,0.9591007713147567
2,7,2.0934297987909027,0.2559155267578594,4167,2.2747736317770824,0.17046818727490998,833,2.270766191844699,0.2021,0.9813515144757873,0.08305461415591585,,,0.95,,0.9500173293063326,0.04998267069366735,0.9612890291140576,0.1472524145415089,10,0.025,0.15,0.9614057344874444,0.9544100009395009,0.9559812554666831,0.9584123190633211,0.9647632526422942,0.9623075077789934,0.9540911168701252,1.0,0.9650269827066273,0.9616550826036562,0.9612460014065516,0.9614744971935868
2,8,2.0960069450465117,0.24750360057609216,4166,2.2693141869136264,0.19567827130852342,833,2.2706556290010864,0.2011,0.981143407879419,0.08335113084224628,,,0.95,,0.9500173293063326,0.04998267069366735,0.9637195274608625,0.1472524145415089,10,0.025,0.15,0.956917256131507,0.9549238139843623,0.9554124172278573,0.9587538455824787,0.9632453556257529,0.9597456675466509,0.9571181310937795,0.9650269827066273,1.0,0.9587678802616619,0.9635843258832144,0.9646231914298887
2,9,2.0819682283834977,0.2583053288526164,4166,2.269629784992763,0.2184873949579832,833,2.2706275016446655,0.2009,0.9826115435876819,0.08364319478857596,,,0.95,,0.9500173293063326,0.04998267069366735,0.9640866417114472,0.1472524145415089,10,0.025,0.15,0.9596088528265775,0.9589505471930738,0.9596409291925101,0.9626864825355685,0.9616142405202971,0.9636952921655833,0.9628688087583793,0.9616550826036562,0.9587678802616619,1.0,0.9619381500874525,0.9637911169472876
2,10,2.089090134158279,0.25950552088334133,4166,2.268214089529855,0.21008403361344538,833,2.27062956290909,0.2009,0.9819549281225292,0.08361107251299917,,,0.95,,0.9500173293063326,0.04998267069366735,0.9641002171500137,0.1472524145415089,10,0.025,0.15,0.9622911120239522,0.9628392958195772,0.9556850340347751,0.9573829005749143,0.9621619863675527,0.9582643661588253,0.9569310579495477,0.9612460014065516,0.9635843258832144,0.9619381500874525,1.0,0.9651503639071864
2,11,2.101545384435943,0.24918386941910706,4166,2.271402972085135,0.18967587034813926,833,2.270636495155624,0.201,0.9834061471727339,0.08356325255305112,,,0.95,,0.9500173293063326,0.04998267069366735,0.9639835715745246,0.1472524145415089,10,0.025,0.15,0.9617417676775583,0.9583925584264511,0.9594597186618384,0.9636580451859645,0.9601113618196727,0.9671204071753373,0.9591007713147567,0.9614744971935868,0.9646231914298887,0.9637911169472876,0.9651503639071864,1.0
3,0,2.0326420426368714,0.2743460523158147,4167,2.2526659965515137,0.2146282973621103,834,2.2489802927910527,0.2369,0.9772965151450892,0.08347733507025377,,,0.95,,0.9500173293063326,0.04998267069366735,0.9802415578439113,0.1465709644299319,10,0.025,0.15,1.0,0.9509023511298996,0.9461646697624415,0.9503083911800562,0.9535186093442448,0.9576952361148252,0.9536005056809044,0.9543855788477017,0.9463740159794682,0.9479698145639356,0.9500875415206239,0.9484671653168315
3,1,2.0045710852651886,0.29035277177825775,4167,2.2515991755894254,0.23501199040767387,834,2.249162664896325,0.2356,0.9756353855272961,0.08309622941839183,,,0.95,,0.9500173293063326,0.04998267069366735,0.9802415578439113,0.1465709644299319,10,0.025,0.15,0.9509023511298996,1.0,0.9465880364207421,0.9447320597753835,0.9554911268302407,0.9498505711325705,0.9470193184499154,0.9472672032020737,0.9424038418493135,0.9512495410233455,0.9537612640466614,0.9509774814612442
3,2,2.0219085989576397,0.2782577393808495,4167,2.2493114471435547,0.2290167865707434,834,2.248977706402163,0.2369,0.9731784100318134,0.08327560343376957,,,0.95,,0.9500173293063326,0.04998267069366735,0.9802415578439113,0.1465709644299319,10,0.025,0.15,0.9461646697624415,0.9465880364207421,1.0,0.9466453363682404,0.9430621314082638,0.9489441707099393,0.9479311162031622,0.9440265336957588,0.9444640024437438,0.951237566914217,0.9471895434825516,0.9449130636031873
3,3,2.040121206731507,0.268802495800336,4167,2.2476532459259033,0.25539568345323743,834,2.249265963518167,0.2357,0.9771131728990453,0.08310083058264162,,,0.95,,0.9500173293063326,0.04998267069366735,0.9802415578439113,0.1465709644299319,10,0.025,0.15,0.9503083911800562,0.9447320597753835,0.9466453363682404,1.0,0.9497329695987887,0.9576733283717579,0.9537261907983248,0.9504652852389908,0.9491031436536252,0.951659039868417,0.9478595092387233,0.9556987691601441
3,4,2.0172038945284756,0.28188144948404126,4167,2.2433550357818604,0.24849939975990396,833,2.2492570273483854,0.2358,0.978534234294491,0.08318561279829849,,,0.95,,0.9500173293063326,0.04998267069366735,0.9802415578439113,0.1465709644299319,10,0.025,0.15,0.9535186093442448,0.9554911268302407,0.9430621314082638,0.9497329695987887,1.0,0.9528763269785971,0.9495560812169157,0.9562125488377871,0.9524800624172838,0.9538390016214039,0.955594131065723,0.9519020572668415
3,5,2.0402203541813475,0.27163426925845935,4167,2.2438486984797885,0.24969987995198079,833,2.2490205281897437,0.236,0.9802030507650309,0.08345766613660255,,,0.95,,0.9500173293063326,0.04998267069366735,0.9802415578439113,0.1465709644299319,10,0.025,0.15,0.9576952361148252,0.9498505711325705,0.9489441707099393,0.9576733283717579,0.9528763269785971,1.0,0.9575524992807867,0.9569469548613203,0.9464669889123408,0.9581519196396316,0.9491344395848271,0.9583238136568079
3,6,2.0264618880820997,0.28622510199184065,4167,2.2481905051640103,0.2304921968787515,833,2.2489968643912785,0.2357,0.9757523604463755,0.08332024983772178,,,0.95,,0.9500173293063326,0.04998267069366735,0.9802415578439113,0.1465709644299319,10,0.025,0.15,0.9536005056809044,0.9470193184499154,0.9479311162031622,0.9537261907983248,0.9495560812169157,0.9575524992807867,1.0,0.9458596005288971,0.944754439601234,0.951278839693932,0.9437591344278049,0.9463962411488873
3,7,2.028029304562193,0.28600911927045836,4167,2.2544576099940707,0.20528211284513806,833,2.2491832443430453,0.2356,0.9779462451244599,0.08318695756041553,,,0.95,,0.9500173293063326,0.04998267069366735,0.9802415578439113,0.1465709644299319,10,0.025,0.15,0.9543855788477017,0.9472672032020737,0.9440265336957588,0.9504652852389908,0.9562125488377871,0.9569469548613203,0.9458596005288971,1.0,0.9534271269704642,0.9550260776501153,0.9504534246534262,0.9532614169017253
3,8,2.027322895237894,0.27364378300528086,4166,2.248300790786743,0.2304921968787515,833,2.2490165414689463,0.2357,0.9753175590400859,0.08328476244092144,,,0.95,,0.9500173293063326,0.04998267069366735,0.9802415578439113,0.1465709644299319,10,0.025,0.15,0.9463740159794682,0.9424038418493135,0.9444640024437438,0.9491031436536252,0.9524800624172838,0.9464669889123408,0.944754439601234,0.9534271269704642,1.0,0.9469987774965863,0.9558688161419867,0.9540001649424493
3,9,2.016926245617144,0.2837493999039846,4166,2.2467683383396695,0.2617046818727491,833,2.2489732518980774,0.2369,0.97863491188191,0.08357333342803035,,,0.95,,0.9500173293063326,0.04998267069366735,0.9802415578439113,0.1465709644299319,10,0.025,0.15,0.9479698145639356,0.9512495410233455,0.951237566914217,0.951659039868417,0.9538390016214039,0.9581519196396316,0.951278839693932,0.9550260776501153,0.9469987774965863,1.0,0.9522578082568499,0.955424603997136
3,10,2.02074729384798,0.2829092654824772,4166,2.2453689915793285,0.25210084033613445,833,2.2489765837222717,0.2369,0.977512795938948,0.08351694952684122,,,0.95,,0.9500173293063326,0.04998267069366735,0.9802415578439113,0.1465709644299319,10,0.025,0.15,0.9500875415206239,0.9537612640466614,0.9471895434825516,0.9478595092387233,0.955594131065723,0.9491344395848271,0.9437591344278049,0.9504534246534262,0.9558688161419867,0.9522578082568499,1.0,0.9559770234113069
3,11,2.0380760687770265,0.2740278444551128,4166,2.251437391553606,0.22088835534213686,833,2.2489858428134193,0.2357,0.978652440373393,0.08352446976611197,,,0.95,,0.9500173293063326,0.04998267069366735,0.9802415578439113,0.1465709644299319,10,0.025,0.15,0.9484671653168315,0.9509774814612442,0.9449130636031873,0.9556987691601441,0.9519020572668415,0.9583238136568079,0.9463962411488873,0.9532614169017253,0.9540001649424493,0.955424603997136,0.9559770234113069,1.0
4,0,1.979737531416344,0.291384689224862,4167,2.2266576290130615,0.26618705035971224,834,2.221786345107646,0.2805,0.9736263462197492,0.08343382460109805,,,0.95,,0.9500173293063326,0.04998267069366735,0.9843700464311171,0.1459903265708328,10,0.025,0.15,1.0,0.943009723981761,0.9386841561906356,0.9425276221677481,0.9440977285385261,0.9503198194160295,0.9458283067355512,0.9454370292881005,0.9389008018761235,0.9385973146824598,0.9454552126487229,0.9383919920616508
4,1,1.9507312489278388,0.31010319174466044,4167,2.2246342727116177,0.2745803357314149,834,2.2220352691940115,0.2802,0.9715954489337864,0.083131604901986,,,0.95,,0.9500173293063326,0.04998267069366735,0.9843700464311171,0.1459903265708328,10,0.025,0.15,0.943009723981761,1.0,0.9374409859247022,0.9352746822437762,0.9462129049775032,0.942176430560735,0.9386153890926637,0.939974250564549,0.9323937293729017,0.9445765149123961,0.9463329857881266,0.9417365978721678
4,2,1.9700830470431934,0.29827213822894166,4167,2.222766739981515,0.26498800959232616,834,2.221782974050015,0.2805,0.9694287076545424,0.08317206745784643,,,0.95,,0.9500173293063326,0.04998267069366735,0.9843700464311171,0.1459903265708328,10,0.025,0.15,0.9386841561906356,0.9374409859247022,1.0,0.9395909092028984,0.936141054582516,0.941594354768461,0.9385604287583587,0.9381079752218494,0.938469127222241,0.9388442572422775,0.9392111314427362,0.9357078036932798
4,3,1.9886535756515733,0.28833693304535635,4167,2.219571624483381,0.3069544364508393,834,2.2221826993966403,0.2802,0.9733481011057111,0.08319158251379144,,,0.95,,0.9500173293063326,0.04998267069366735,0.9843700464311171,0.1459903265708328,10,0.025,0.15,0.9425276221677481,0.9352746822437762,0.9395909092028984,1.0,0.9425134037903103,0.949355751183736,0.9465110147323721,0.9431351154293393,0.9431159925555007,0.9389516990974961,0.9423788396314957,0.9448712763273152
4,4,1.961524903051781,0.3041276697864171,4167,2.214927979878017,0.3037214885954382,833,2.2221706879289846,0.2801,0.9747256324223381,0.08328898983089122,,,0.95,,0.9500173293063326,0.04998267069366735,0.9843700464311171,0.1459903265708328,10,0.025,0.15,0.9440977285385261,0.9462129049775032,0.936141054582516,0.9425134037903103,1.0,0.9441940211520384,0.9387826254372602,0.9494444566714207,0.9419319296949753,0.945688096381069,0.9501116213136991,0.945144511043753
4,5,1.9901191729487795,0.2859371250299976,4167,2.214526040213449,0.29891956782713086,833,2.2218403574786607,0.2804,0.9767731514631179,0.08352421423715817,,,0.95,,0.9500173293063326,0.04998267069366735,0.9843700464311171,0.1459903265708328,10,0.025,0.15,0.9503198194160295,0.942176430560735,0.941594354768461,0.949355751183736,0.9441940211520384,1.0,0.9471332728266111,0.9494150824613469,0.9422048944245847,0.9477860538582317,0.9450916724931447,0.948721407372983
4,6,1.9747736085544934,0.30374370050395966,4167,2.2206625938415527,0.2737094837935174,833,2.22180862064603,0.2801,0.9704855411150992,0.08323416508972237,,,0.95,,0.9500173293063326,0.04998267069366735,0.9843700464311171,0.1459903265708328,10,0.025,0.15,0.9458283067355512,0.9386153890926637,0.9385604287583587,0.9465110147323721,0.9387826254372602,0.9471332728266111,1.0,0.9349489964858841,0.9378378258060711,0.9376552109299534,0.9350078794912988,0.9337993285837008
4,7,1.9735601750287142,0.3058075353971682,4167,2.228731768471854,0.2665066026410564,833,2.2220670392241657,0.2803,0.9745434062309881,0.08328388295285986,,,0.95,,0.9500173293063326,0.04998267069366735,0.9843700464311171,0.1459903265708328,10,0.025,0.15,0.9454370292881005,0.939974250564549,0.9381079752218494,0.9431351154293393,0.9494444566714207,0.9494150824613469,0.9349489964858841,1.0,0.9447433784131399,0.9464138544186772,0.9450968839171943,0.9454008812929116
4,8,1.9703656026811311,0.29366298607777247,4166,2.2220919813428606,0.26290516206482595,833,2.22183569775352,0.2802,0.9719030753858943,0.08325839225463412,,,0.95,,0.9500173293063326,0.04998267069366735,0.9843700464311171,0.1459903265708328,10,0.025,0.15,0.9389008018761235,0.9323937293729017,0.938469127222241,0.9431159925555007,0.9419319296949753,0.9422048944245847,0.9378378258060711,0.9447433784131399,1.0,0.9373681777953352,0.9474281989327662,0.9468270524869735
4,9,1.9638318878231626,0.3029524723955833,4166,2.217934710638864,0.3013205282112845,833,2.221776458281505,0.2804,0.9733331526636743,0.08348372054474153,,,0.95,,0.9500173293063326,0.04998267069366735,0.9843700464311171,0.1459903265708328,10,0.025,0.15,0.9385973146824598,0.9445765149123961,0.9388442572422775,0.9389516990974961,0.945688096381069,0.9477860538582317,0.9376552109299534,0.9464138544186772,0.9373681777953352,1.0,0.9455935977092359,0.9462622518930274
4,10,1.963220104304227,0.30340854536725875,4166,2.216660056795393,0.29891956782713086,833,2.2217811330964294,0.2804,0.9754297442976875,0.08351714033456738,,,0.95,,0.9500173293063326,0.04998267069366735,0.9843700464311171,0.1459903265708328,10,0.025,0.15,0.9454552126487229,0.9463329857881266,0.9392111314427362,0.9423788396314957,0.9501116213136991,0.9450916724931447,0.9350078794912988,0.9450968839171943,0.9474281989327662,0.9455935977092359,1.0,0.9505607857387371
4,11,1.9851649858734823,0.2950072011521844,4166,2.2260518074035645,0.24969987995198079,833,2.221792459487915,0.2802,0.9741601588797073,0.08348041528070352,,,0.95,,0.9500173293063326,0.04998267069366735,0.9843700464311171,0.1459903265708328,10,0.025,0.15,0.9383919920616508,0.9417365978721678,0.9357078036932798,0.9448712763273152,0.945144511043753,0.948721407372983,0.9337993285837008,0.9454008812929116,0.9468270524869735,0.9462622518930274,0.9505607857387371,1.0
5,0,1.9325006235729565,0.3062395008399328,4167,2.1960060937064037,0.2805755395683453,834,2.1897153673292715,0.3002,0.9713166267587853,0.08340329361368456,,,0.95,,0.9500173293063326,0.04998267069366735,0.9866233681379557,0.14566044611412474,10,0.025,0.15,1.0,0.9384036954447568,0.9329936898727396,0.9383734800439313,0.9382030346561804,0.9451128408273993,0.9396331544505864,0.9423797027583839,0.9355717285216767,0.936891920586305,0.938670635946716,0.932436957778683
5,1,1.900533913121079,0.32272618190544755,4167,2.192565952028547,0.2997601918465228,834,2.190036686160896,0.3003,0.9695491482333318,0.08315830427212813,,,0.95,,0.9500173293063326,0.04998267069366735,0.9866233681379557,0.14566044611412474,10,0.025,0.15,0.9384036954447568,1.0,0.9346423219880978,0.9306702055122438,0.9410761988978036,0.9373060368436031,0.9356996718665106,0.933805835661075,0.9292820269486406,0.9408569384172285,0.9403963987630408,0.9361350437192654
5,2,1.9282184886209892,0.3113990880729542,4167,2.1916370732443675,0.2829736211031175,834,2.1897112478183796,0.3003,0.9678043282873254,0.08312646294838644,,,0.95,,0.9500173293063326,0.04998267069366735,0.9866233681379557,0.14566044611412474,10,0.025,0.15,0.9329936898727396,0.9346423219880978,1.0,0.935481285152606,0.9335765057411604,0.9376927109823108,0.9299282112344348,0.9366024530591949,0.9344257028634465,0.9359308983780442,0.9369788981060546,0.9296946123495461
5,3,1.943549650365656,0.3053755699544036,4167,2.1865884235927036,0.3237410071942446,834,2.190234030349345,0.3002,0.9705457452342857,0.08322799315033104,,,0.95,,0.9500173293063326,0.04998267069366735,0.9866233681379557,0.14566044611412474,10,0.025,0.15,0.9383734800439313,0.9306702055122438,0.935481285152606,1.0,0.9360061638445938,0.9448514708080356,0.9400847028662197,0.9377231076465278,0.9386441821156873,0.9365290268994284,0.9352763338292347,0.9362144727765415
5,4,1.9123098395087503,0.31732661387089034,4167,2.181712968008859,0.31932773109243695,833,2.190217712257482,0.3004,0.9725488558795843,0.0833537182826673,,,0.95,,0.9500173293063326,0.04998267069366735,0.9866233681379557,0.14566044611412474,10,0.025,0.15,0.9382030346561804,0.9410761988978036,0.9335765057411604,0.9360061638445938,1.0,0.9403407068689587,0.9340349795328203,0.942786672874329,0.9380799165338882,0.9415778755586864,0.9463448090970502,0.9410802501162937
5,5,1.9427483128778862,0.3029037676985841,4167,2.1800923006875172,0.3097238895558223,833,2.189783748192123,0.3001,0.974584230614602,0.08356592078157761,,,0.95,,0.9500173293063326,0.04998267069366735,0.9866233681379557,0.14566044611412474,10,0.025,0.15,0.9451128408273993,0.9373060368436031,0.9376927109823108,0.9448514708080356,0.9403407068689587,1.0,0.9410718268743969,0.9447086541851678,0.93873792142673,0.9455907712953902,0.9398429381015544,0.9414232194056232
5,6,1.9268975405982047,0.3207343412526998,4167,2.1880600452423096,0.297719087635054,833,2.189743355859684,0.2999,0.9682151370667296,0.08317835558354142,,,0.95,,0.9500173293063326,0.04998267069366735,0.9866233681379557,0.14566044611412474,10,0.025,0.15,0.9396331544505864,0.9356996718665106,0.9299282112344348,0.9400847028662197,0.9340349795328203,0.9410718268743969,1.0,0.9309814745995783,0.9350430697835187,0.9375487440791025,0.9316108532597659,0.9270512312815523
5,7,1.9243446711337928,0.32327813774898007,4167,2.198324612208775,0.290516206482593,833,2.1900816295720356,0.3004,0.9722623522581668,0.08334120614409052,,,0.95,,0.9500173293063326,0.04998267069366735,0.9866233681379557,0.14566044611412474,10,0.025,0.15,0.9423797027583839,0.933805835661075,0.9366024530591949,0.9377231076465278,0.942786672874329,0.9447086541851678,0.9309814745995783,1.0,0.940245950309623,0.943058639114316,0.9387164395455465,0.9387557647664488
5,8,1.921346785444202,0.3100096015362458,4166,2.1911343847002303,0.28331332533013204,833,2.1897776579555077,0.3,0.970403037926015,0.08326474904990463,,,0.95,,0.9500173293063326,0.04998267069366735,0.9866233681379557,0.14566044611412474,10,0.025,0.15,0.9355717285216767,0.9292820269486406,0.9344257028634465,0.9386441821156873,0.9380799165338882,0.93873792142673,0.9350430697835187,0.940245950309623,1.0,0.934207672183379,0.9425569287714091,0.941334842743448
5,9,1.9199715115807272,0.3157225156024964,4166,2.183986016682216,0.33013205282112845,833,2.1897026496597483,0.3002,0.9726333295259114,0.08347717634452415,,,0.95,,0.9500173293063326,0.04998267069366735,0.9866233681379557,0.14566044611412474,10,0.025,0.15,0.936891920586305,0.9408569384172285,0.9359308983780442,0.9365290268994284,0.9415778755586864,0.9455907712953902,0.9375487440791025,0.943058639114316,0.934207672183379,1.0,0.9412257917622743,0.9405442568084799
5,10,1.9189944386482238,0.3171147383581373,4166,2.182718242917742,0.3157262905162065,833,2.1897084622443477,0.3002,0.9727136657880687,0.08350051216126819,,,0.95,,0.9500173293063326,0.04998267069366735,0.9866233681379557,0.14566044611412474,10,0.025,0.15,0.938670635946716,0.9403963987630408,0.9369788981060546,0.9352763338292347,0.9463448090970502,0.9398429381015544,0.9316108532597659,0.9387164395455465,0.9425569287714091,0.9412257917622743,1.0,0.9432605041247634
5,11,1.9400245626767476,0.3071051368218915,4166,2.195939540863037,0.26770708283313327,833,2.189721376081056,0.3001,0.9704011816720692,0.08340230766789594,,,0.95,,0.9500173293063326,0.04998267069366735,0.9866233681379557,0.14566044611412474,10,0.025,0.15,0.932436957778683,0.9361350437192654,0.9296946123495461,0.9362144727765415,0.9410802501162937,0.9414232194056232,0.9270512312815523,0.9387557647664488,0.941334842743448,0.9405442568084799,0.9432605041247634,1.0
6,0,1.8915722023357044,0.31977441804655626,4167,2.1612871374402727,0.29136690647482016,834,2.1537123571468304,0.3134,0.9699835578555226,0.08340435953938738,,,0.95,,0.9500173293063326,0.04998267069366735,0.9896374261927466,0.145368783593177,10,0.025,0.15,1.0,0.9343248758753826,0.9306342236158044,0.93413270554849,0.9334297521857866,0.9421281910773129,0.9357235203899449,0.937357699388497,0.9309935977440961,0.9355675968947528,0.934778725495124,0.9314400037770814
6,1,1.859380575021108,0.33798896088312935,4167,2.156627689089094,0.31534772182254195,834,2.1541116388538217,0.3134,0.9673821547519335,0.08316745832848721,,,0.95,,0.9500173293063326,0.04998267069366735,0.9896374261927466,0.145368783593177,10,0.025,0.15,0.9343248758753826,1.0,0.9345307501927026,0.9255529584637762,0.9314582669824331,0.9345401940766606,0.9317759499071918,0.9305863118186111,0.9264585680602653,0.9340453156192657,0.9350525134478622,0.9321363331443872
6,2,1.88141301761974,0.32706983441324694,4167,2.156815460750035,0.302158273381295,834,2.1537073775182796,0.3135,0.9675916475843401,0.0831545462530842,,,0.95,,0.9500173293063326,0.04998267069366735,0.9896374261927466,0.145368783593177,10,0.025,0.15,0.9306342236158044,0.9345307501927026,1.0,0.9302005706858386,0.930103642522247,0.9344213897684034,0.9287063796200705,0.9327097536031952,0.933307729043043,0.9332713303110599,0.9371165358590461,0.9279311274459221
6,3,1.900932302980712,0.3183585313174946,4167,2.1495321818760464,0.3273381294964029,834,2.154361842553827,0.3133,0.9674802629376719,0.08321389036364026,,,0.95,,0.9500173293063326,0.04998267069366735,0.9896374261927466,0.145368783593177,10,0.025,0.15,0.93413270554849,0.9255529584637762,0.9302005706858386,1.0,0.9300227312977833,0.9388223418470174,0.9342249519414032,0.9308243287643253,0.9341799319588858,0.9304566805492978,0.9305824507019722,0.932544621987822
6,4,1.8674846475774591,0.33078953683705303,4167,2.1445116656167165,0.33373349339735897,833,2.1543397420569312,0.3135,0.968960419748214,0.08334020374413488,,,0.95,,0.9500173293063326,0.04998267069366735,0.9896374261927466,0.145368783593177,10,0.025,0.15,0.9334297521857866,0.9314582669824331,0.930103642522247,0.9300227312977833,1.0,0.9363381549178703,0.9295230674433238,0.9368426575445225,0.9347164932579772,0.9364153160338763,0.9375865466934535,0.9322025789114035
6,5,1.900987697731365,0.31838252939764816,4167,2.141725403921945,0.33133253301320525,833,2.1537965792643874,0.3131,0.9730529724945449,0.08360545002923653,,,0.95,,0.9500173293063326,0.04998267069366735,0.9896374261927466,0.145368783593177,10,0.025,0.15,0.9421281910773129,0.9345401940766606,0.9344213897684034,0.9388223418470174,0.9363381549178703,1.0,0.9367952091634103,0.9399741885726056,0.9350920598495827,0.9426574439130482,0.937731875933345,0.9375901525621769
6,6,1.8834216836727027,0.3341012718982481,4167,2.15128915650504,0.30732292917166865,833,2.1537460375435744,0.3136,0.9664644603002128,0.08314993545186722,,,0.95,,0.9500173293063326,0.04998267069366735,0.9896374261927466,0.145368783593177,10,0.025,0.15,0.9357235203899449,0.9317759499071918,0.9287063796200705,0.9342249519414032,0.9295230674433238,0.9367952091634103,1.0,0.9253714281180471,0.9299321548297189,0.9334350084512455,0.9289394315263094,0.9253578191051822
6,7,1.882642179185694,0.3367650587952964,4167,2.164275884628296,0.30732292917166865,833,2.1541704075245915,0.3132,0.9694793563517923,0.08334938458665662,,,0.95,,0.9500173293063326,0.04998267069366735,0.9896374261927466,0.145368783593177,10,0.025,0.15,0.937357699388497,0.9305863118186111,0.9327097536031952,0.9308243287643253,0.9368426575445225,0.9399741885726056,0.9253714281180471,1.0,0.9343758682123642,0.9377367396387459,0.934353230129747,0.9345380310071845
6,8,1.8721185803413392,0.32616418626980315,4166,2.1564265319279263,0.29891956782713086,833,2.153787564627732,0.3136,0.9689515420797244,0.0832847250420567,,,0.95,,0.9500173293063326,0.04998267069366735,0.9896374261927466,0.145368783593177,10,0.025,0.15,0.9309935977440961,0.9264585680602653,0.933307729043043,0.9341799319588858,0.9347164932579772,0.9350920598495827,0.9299321548297189,0.9343758682123642,1.0,0.9314561253751582,0.93959611406926,0.9385055598955163
6,9,1.874978284041087,0.3324771963514162,4166,2.1460213661193848,0.34213685474189676,833,2.1536969746215435,0.3134,0.9706858102296619,0.083473117244056,,,0.95,,0.9500173293063326,0.04998267069366735,0.9896374261927466,0.145368783593177,10,0.025,0.15,0.9355675968947528,0.9340453156192657,0.9332713303110599,0.9304566805492978,0.9364153160338763,0.9426574439130482,0.9334350084512455,0.9377367396387459,0.9314561253751582,1.0,0.9369426235368111,0.9366231203775839
6,10,1.8723282272165471,0.33468554968795006,4166,2.1447674546922957,0.3241296518607443,833,2.15370347530027,0.3134,0.9708332992436703,0.08349240801556265,,,0.95,,0.9500173293063326,0.04998267069366735,0.9896374261927466,0.145368783593177,10,0.025,0.15,0.934778725495124,0.9350525134478622,0.9371165358590461,0.9305824507019722,0.9375865466934535,0.937731875933345,0.9289394315263094,0.934353230129747,0.93959611406926,0.9369426235368111,1.0,0.9376485995039527
