round,client_id,client_i_training_loss,client_i_training_accuracy,client_i_training_dataset_size,client_i_evaluation_loss,client_i_evaluation_accuracy,client_i_evaluation_dataset_size,client_i_central_evaluation_loss,client_i_central_evaluation_accuracy,client_i_cosine_similarity,client_i_importance_coefficient,client_i_tanh_val,tanh_normalization_value,client_i_q,client_i_mask_order,client_i_v_nonzero_fraction,client_i_v_sparsity,client_i_v_cosine_similarity,client_i_reward_gradient_norm,local_epochs,learning_rate,gamma,client_0_cosine_similarity,client_1_cosine_similarity,client_2_cosine_similarity,client_3_cosine_similarity,client_4_cosine_similarity,client_5_cosine_similarity,client_6_cosine_similarity,client_7_cosine_similarity,client_8_cosine_similarity,client_9_cosine_similarity,client_10_cosine_similarity,client_11_cosine_similarity
0,0,0.357929985914498,0.88852,5000,2.186449377625077,0.43764988009592326,834,2.1843041611936527,0.4394,0.7906992450226161,0.08341810449944263,,,0.7788329490677331,,0.778846443451634,0.221153556548366,0,0.3947403760119251,5,0.1,0.5,1.0,0.5846329259450752,0.5805497988357364,0.5963255770328022,0.5893684652295773,0.6100005496356132,0.5911921207825704,0.594686173505884,0.586144872712175,0.5863938292249677,0.5951801113616002,0.5803649740447369
0,1,0.3458263024082704,0.8924,5000,2.187310077525951,0.4352517985611511,834,2.1846907062652394,0.4404,0.7868659319243787,0.08301369319562421,,,0.6676412905288936,,0.6676572461221826,0.3323427538778174,0,0.3940710919238206,5,0.1,0.5,0.5846329259450752,1.0,0.5912776642525358,0.583720426893182,0.5858713544244147,0.5750295486733465,0.5962676412078157,0.6053833650510273,0.5877921612113974,0.5808667091839442,0.5720186014639987,0.5956439908382807
0,2,0.3501177645700681,0.89124,5000,2.1835530245745622,0.4556354916067146,834,2.1850675150228382,0.4402,0.7845340101923587,0.08276767741661507,,,0.6,,0.6,0.4,0,0.3931799325251875,5,0.1,0.5,0.5805497988357364,0.5912776642525358,1.0,0.5955108739092259,0.5898103825575595,0.5871994585866135,0.5712065383351449,0.5781528783632423,0.5933844502132942,0.5869176782725896,0.5794131698047984,0.5829777953134406
0,3,0.3521938864616262,0.89212,5000,2.180652627238521,0.46522781774580335,834,2.1844168905252084,0.4391,0.7892133176808842,0.08326134041619425,,,0.7357311409552307,,0.735751217308368,0.264248782691632,0,0.3945677404759384,5,0.1,0.5,0.5963255770328022,0.583720426893182,0.5955108739092259,1.0,0.5970668411183035,0.5954845951314235,0.5817585799498032,0.5825061541532506,0.5863665395134025,0.5975959978965408,0.5786483316569297,0.5857707500338183
0,4,0.3324026882838292,0.89432,5000,2.1783608507227012,0.4309723889555822,833,2.1842794342162892,0.4397,0.7932323406427214,0.08368534395423556,,,0.8523096247315336,,0.8523266904271873,0.14767330957281266,0,0.3948947308559623,5,0.1,0.5,0.5893684652295773,0.5858713544244147,0.5898103825575595,0.5970668411183035,1.0,0.6064450041367613,0.5873286260246364,0.5966424529187724,0.5869511028938165,0.5909262484428915,0.5936973880552284,0.5947421124843838
0,5,0.3537362602663932,0.89132,5000,2.1886336626829923,0.42016806722689076,833,2.1842710834722547,0.439,0.798323940645688,0.08422250346689539,,,0.999999999725053,,1.0,0.0,0,0.3949478696112518,5,0.1,0.5,0.6100005496356132,0.5750295486733465,0.5871994585866135,0.5954845951314235,0.6064450041367613,1.0,0.5946187976460802,0.5873149650671952,0.6027439008478888,0.6036882356893737,0.5993020716308295,0.6052848442296689
0,6,0.3369667108200348,0.89488,5000,2.1913226622122304,0.4489795918367347,833,2.184387793556189,0.4395,0.7895141307534621,0.08329307594203554,,,0.7444567273064961,,0.7444656392751368,0.25553436072486324,0,0.3946086174683057,5,0.1,0.5,0.5911921207825704,0.5962676412078157,0.5712065383351449,0.5817585799498032,0.5873286260246364,0.5946187976460802,1.0,0.5890192071108672,0.588769192861607,0.6056250919903353,0.596708146733096,0.5811120530858972
0,7,0.3529184472729351,0.89096,5000,2.178527655424895,0.4345738295318127,833,2.184521772610113,0.4397,0.7879034472719958,0.08312315019110271,,,0.6977361586767858,,0.6977511169118016,0.3022488830881984,0,0.39433672781216106,5,0.1,0.5,0.594686173505884,0.6053833650510273,0.5781528783632423,0.5825061541532506,0.5966424529187724,0.5873149650671952,0.5890192071108672,1.0,0.5747067847830646,0.5916043052441481,0.5806436615107093,0.5876787835400025
0,8,0.34835544370565635,0.8914,5000,2.1886927728299743,0.42737094837935174,833,2.1844455114187906,0.4391,0.7889132962334118,0.08322968840613496,,,0.7270285170143305,,0.727051854826565,0.272948145173435,0,0.394523056410168,5,0.1,0.5,0.586144872712175,0.5877921612113974,0.5933844502132942,0.5863665395134025,0.5869511028938165,0.6027439008478888,0.588769192861607,0.5747067847830646,1.0,0.5976834057896613,0.5773807668598482,0.595987660683051
0,9,0.3513379560415722,0.88884,5000,2.1809238151267722,0.4249699879951981,833,2.1842647855655075,0.4397,0.7941272079251539,0.08377975169896151,,,0.8782667471360628,,0.8782792028512625,0.12172079714873751,0,0.3949189824377588,5,0.1,0.5,0.5863938292249677,0.5808667091839442,0.5869176782725896,0.5975959978965408,0.5909262484428915,0.6036882356893737,0.6056250919903353,0.5916043052441481,0.5976834057896613,1.0,0.5912562139721781,0.594774477939782
0,10,0.355606727074286,0.88904,5000,2.186429509410152,0.45738295318127253,833,2.184895552766209,0.4402,0.7855962119878281,0.08287973881155347,,,0.6308109398617873,,0.6308317855529341,0.36916821444706593,0,0.3936417051992481,5,0.1,0.5,0.5951801113616002,0.5720186014639987,0.5794131698047984,0.5786483316569297,0.5936973880552284,0.5993020716308295,0.596708146733096,0.5806436615107093,0.5773807668598482,0.5912562139721781,1.0,0.5822205624682362
0,11,0.35330864464876,0.889,5000,2.1828702644065574,0.4381752701080432,833,2.1843827265900924,0.4396,0.7898255650798024,0.08332593200120456,,,0.7534904008896988,,0.7535013302545053,0.24649866974549473,0,0.394647872894612,5,0.1,0.5,0.5803649740447369,0.5956439908382807,0.5829777953134406,0.5857707500338183,0.5947421124843838,0.6052848442296689,0.5811120530858972,0.5876787835400025,0.595987660683051,0.594774477939782,0.5822205624682362,1.0
1,0,0.31166899187170016,0.9034,5000,2.038487438802366,0.7122302158273381,834,2.0383821592544216,0.7062,0.8142163231028275,0.08345806505336029,,,0.7867920766494926,,0.7868028713418002,0.21319712865819984,0.9600193234422933,0.4059125943950927,5,0.1,0.5,1.0,0.6251956680264443,0.6287314834577039,0.634024159381996,0.6250258959993972,0.6327601010528989,0.6315579072833709,0.6230643803982999,0.6325946106489592,0.6415888390193736,0.6292676301624185,0.6318683380411612
1,1,0.30526872414526096,0.90784,5000,2.0428295135498047,0.7110311750599521,834,2.039917190234882,0.7078,0.807909216789016,0.08297137177238186,,,0.6068889169490737,,0.6069072837708951,0.3930927162291049,0.9571502897568608,0.40422267693733444,5,0.1,0.5,0.6251956680264443,1.0,0.6256789376955587,0.6301853323958625,0.6215430651857625,0.6272777375506763,0.628070915031054,0.6213705554862569,0.6154244840521864,0.6359593877383013,0.6256977740717468,0.6196501873476893
1,2,0.31348862255549736,0.90348,5000,2.0408332038808754,0.7074340527577938,834,2.0405041021280015,0.7071,0.8120477711726801,0.0829527351369947,,,0.6,,0.6,0.4,0.9562019002047532,0.4040940846818628,5,0.1,0.5,0.6287314834577039,0.6256789376955587,1.0,0.627349421289501,0.631204628289563,0.6387355895684599,0.6297824666276073,0.6276232041906317,0.6166129029723021,0.631042758814022,0.6363781446970361,0.6242918864189282
1,3,0.30492010392948604,0.90864,5000,2.0341139281237566,0.7002398081534772,834,2.038546197711469,0.7064,0.8166768744672316,0.0834400468917121,,,0.7801317746909664,,0.7801515988153205,0.21984840118467952,0.9597659081288854,0.40588921215503565,5,0.1,0.5,0.634024159381996,0.6301853323958625,0.627349421289501,1.0,0.6325414640421926,0.6380964073322806,0.6336869142821869,0.6296016449243396,0.6232295723577795,0.6392382952273948,0.6339169830404532,0.6384456861988841
1,4,0.2860488613136113,0.91016,5000,2.031023113815873,0.7142857142857143,833,2.038330284170449,0.7061,0.8107973018194794,0.08351575922539019,,,0.8081183703341156,,0.8081321218814317,0.1918678781185683,0.9604013700619325,0.40597759254416443,5,0.1,0.5,0.6250258959993972,0.6215430651857625,0.631204628289563,0.6325414640421926,1.0,0.6293468079790964,0.6323175788570935,0.6201664608176043,0.6251972454976094,0.6339468102111218,0.6303812884162315,0.6195477298047203
1,5,0.3055264980988992,0.9068,5000,2.0421291148221052,0.6914765906362546,833,2.038269416211893,0.7064,0.8155137479152398,0.08403485794426309,,,0.9999999996303561,,1.0,0.0,0.9607245561551224,0.4061250127380217,5,0.1,0.5,0.6327601010528989,0.6272777375506763,0.6387355895684599,0.6380964073322806,0.6293468079790964,1.0,0.6388112979587216,0.6265320788665543,0.6243993155046775,0.6328682071660552,0.6306406015795569,0.6254288026396431
1,6,0.29891926394004353,0.90896,5000,2.0475177279225103,0.7142857142857143,833,2.0385926386799675,0.7063,0.8143249444363297,0.08337920710415223,,,0.7576427236904695,,0.7576577481050148,0.24234225189498515,0.9597455080195847,0.4057954645486217,5,0.1,0.5,0.6315579072833709,0.628070915031054,0.6297824666276073,0.6336869142821869,0.6323175788570935,0.6388112979587216,1.0,0.6209829958414443,0.6296150146033753,0.6305209594038723,0.6329215808021312,0.6290153756758531
1,7,0.3140241436043363,0.90584,5000,2.0327817334069147,0.7214885954381752,833,2.039453100091733,0.7076,0.8075629387977058,0.08303167062789858,,,0.62917801576706,,0.629195321520004,0.370804678479996,0.957928304342129,0.404597597811999,5,0.1,0.5,0.6230643803982999,0.6213705554862569,0.6276232041906317,0.6296016449243396,0.6201664608176043,0.6265320788665543,0.6209829958414443,1.0,0.6157301639625544,0.6391041142509539,0.6198574078783847,0.6281262471141378
1,8,0.30672763399423875,0.90744,5000,2.043647042027226,0.6746698679471789,833,2.0393390914502616,0.7071,0.8055769402161354,0.08303300042378915,,,0.6296695665893546,,0.6296822448672256,0.37031775513277443,0.9578402705418401,0.4046052418008605,5,0.1,0.5,0.6325946106489592,0.6154244840521864,0.6166129029723021,0.6232295723577795,0.6251972454976094,0.6243993155046775,0.6296150146033753,0.6157301639625544,1.0,0.6321794372846977,0.6128715057351147,0.6243478470939409
1,9,0.3019186337603031,0.90788,5000,2.035644054412842,0.7214885954381752,833,2.0382727997752426,0.7065,0.8194496092415142,0.08387913948759455,,,0.9424396356943194,,0.9424526881180664,0.05754731188193363,0.960668957455552,0.4061217088157827,5,0.1,0.5,0.6415888390193736,0.6359593877383013,0.631042758814022,0.6392382952273948,0.6339468102111218,0.6328682071660552,0.6305209594038723,0.6391041142509539,0.6321794372846977,1.0,0.6347755211640258,0.6340003390086634
1,10,0.3150462018082713,0.90308,5000,2.04584809144338,0.7058823529411765,833,2.0400108338925786,0.7073,0.8119248834343763,0.08302252628147504,,,0.6257978646959711,,0.6258169770593845,0.37418302294061545,0.9573944683669439,0.4045432211548768,5,0.1,0.5,0.6292676301624185,0.6256977740717468,0.6363781446970361,0.6339169830404532,0.6303812884162315,0.6306406015795569,0.6329215808021312,0.6198574078783847,0.6128715057351147,0.6347755211640258,1.0,0.6290890040757762
1,11,0.30870718747780773,0.9052,5000,2.0357448127534656,0.7058823529411765,833,2.0386796808852172,0.7063,0.8108953544530578,0.08328162005098833,,,0.721570273348143,,0.7215902816123688,0.2784097183876312,0.9595090201603614,0.40558921817406407,5,0.1,0.5,0.6318683380411612,0.6196501873476893,0.6242918864189282,0.6384456861988841,0.6195477298047203,0.6254288026396431,0.6290153756758531,0.6281262471141378,0.6243478470939409,0.6340003390086634,0.6290890040757762,1.0
2,0,0.28324211300795626,0.91556,5000,1.8470589010803788,0.8321342925659473,834,1.8505454764198572,0.8338,0.8139876405816182,0.08342217826896146,,,0.8077411530680112,,0.8077556347572913,0.19224436524270871,0.9681685402100599,0.4067460215145652,5,0.1,0.5,1.0,0.6250259509519094,0.6307263352632505,0.6266309550918955,0.632228457717114,0.6325260248717081,0.6323778523539335,0.6365432077750711,0.6280914615831261,0.6379188343230732,0.6362211679624293,0.6302693177304943
2,1,0.27155415050234577,0.91724,5000,1.856772537584658,0.8345323741007195,834,1.8531913456444542,0.836,0.8126346472981179,0.08305367709456805,,,0.669661572521472,,0.669670197279253,0.33032980272074697,0.9648490095857856,0.40585335653102156,5,0.1,0.5,0.6250259509519094,1.0,0.6268444641834211,0.6241580550712373,0.6288046474382031,0.6352409753677164,0.6399120977155027,0.6394955318970057,0.6214025570997532,0.6342167101038726,0.6281059561483124,0.6342786342203365
2,2,0.2757006877570585,0.91576,5000,1.855521762812579,0.8369304556354916,834,1.8540765405082094,0.8361,0.8119518816117195,0.08301763192419938,,,0.6561552329190863,,0.6561768987500628,0.3438231012499372,0.9646254381644983,0.4056894003777968,5,0.1,0.5,0.6307263352632505,0.6268444641834211,1.0,0.629021106063393,0.6256600733045309,0.6429406179107583,0.6299159165155866,0.6367017360242373,0.6167984693284609,0.6281561095744114,0.6277515049905179,0.6363307427953692
2,3,0.2759229020535898,0.91956,5000,1.8458064441327695,0.829736211031175,834,1.8510209162014362,0.8339,0.8075602062582371,0.08318683556335967,,,0.7195568423187285,,0.7195723106269766,0.2804276893730234,0.9674728810740817,0.40632122401221704,5,0.1,0.5,0.6266309550918955,0.6241580550712373,0.629021106063393,1.0,0.6299276737774454,0.6225829448142315,0.6220963030060762,0.6264476720771984,0.6245113404485416,0.6304694295838091,0.6209575895576199,0.6290932884353677
2,4,0.25821781576014935,0.9204,5000,1.8428928719626532,0.843937575030012,833,1.8504685826194933,0.8337,0.8154135703292967,0.0835098565046213,,,0.8405947091601973,,0.8406154309522614,0.15938456904773857,0.96834536386248,0.4068194203765539,5,0.1,0.5,0.632228457717114,0.6288046474382031,0.6256600733045309,0.6299276737774454,1.0,0.6357816063345421,0.635002334320645,0.6328426684629519,0.6331891476814678,0.633239583624773,0.6407432040624439,0.6348263036841831
2,5,0.2772956882300935,0.91524,5000,1.852084093623691,0.8343337334933973,833,1.850408455815178,0.8335,0.8177880035709806,0.0839352708671824,,,0.9999999996252941,,1.0,0.0,0.9687134092533849,0.4069045509909468,5,0.1,0.5,0.6325260248717081,0.6352409753677164,0.6429406179107583,0.6225829448142315,0.6357816063345421,1.0,0.6333155757326067,0.6322312422781516,0.6323441617295767,0.6484911016844399,0.6377527052077115,0.6299553995182366
2,6,0.26705215238390645,0.9208,5000,1.8620242984206588,0.8499399759903962,833,1.8508235673173168,0.8339,0.8146321160350791,0.08339249611674572,,,0.7966190741915602,,0.7966316951960243,0.20336830480397572,0.9679941983162708,0.40671359293277004,5,0.1,0.5,0.6323778523539335,0.6399120977155027,0.6299159165155866,0.6220963030060762,0.635002334320645,0.6333155757326067,1.0,0.6393173378497052,0.620035903549123,0.6329937674292653,0.6389507111427563,0.6313615699870899
2,7,0.2784812503013831,0.91624,5000,1.8443550577870123,0.8379351740696278,833,1.85212174048439,0.8346,0.8178883572935289,0.08327614362666586,,,0.7530211045182766,,0.7530344862205712,0.24696551377942877,0.9653609062035955,0.40653304075780683,5,0.1,0.5,0.6365432077750711,0.6394955318970057,0.6367017360242373,0.6264476720771984,0.6328426684629519,0.6322312422781516,0.6393173378497052,1.0,0.6332126290219253,0.639924698390119,0.630573568707853,0.6413010509296037
2,8,0.2787742966252148,0.91672,5000,1.8573762355027374,0.8235294117647058,833,1.8530060692717092,0.8351,0.8061158868047592,0.08286776712017034,,,0.6,,0.6,0.4,0.9651475220720375,0.4047599289204614,5,0.1,0.5,0.6280914615831261,0.6214025570997532,0.6167984693284609,0.6245113404485416,0.6331891476814678,0.6323441617295767,0.620035903549123,0.6332126290219253,1.0,0.6281758097900576,0.613985278186321,0.6217296788640182
2,9,0.26962467195810214,0.91756,5000,1.8487659339551572,0.82953181272509,833,1.8504111100309573,0.8333,0.8185816110648452,0.08386000591530038,,,0.971797774753603,,0.9718086441443703,0.028191355855629707,0.9687042072767591,0.4069042252029568,5,0.1,0.5,0.6379188343230732,0.6342167101038726,0.6281561095744114,0.6304694295838091,0.633239583624773,0.6484911016844399,0.6329937674292653,0.639924698390119,0.6281758097900576,1.0,0.6391260698168526,0.6387962502324771
2,10,0.2835139536660663,0.91336,5000,1.8636523441032127,0.8247298919567827,833,1.853065108338865,0.8347,0.8137818009377584,0.08312734451903174,,,0.6972651943732441,,0.6972792530495457,0.30272074695045426,0.9654706918033711,0.406135497913745,5,0.1,0.5,0.6362211679624293,0.6281059561483124,0.6277515049905179,0.6209575895576199,0.6407432040624439,0.6377527052077115,0.6389507111427563,0.630573568707853,0.613985278186321,0.6391260698168526,1.0,0.6341457673792232
2,11,0.27914881627698235,0.9156,5000,1.8468084820994624,0.8343337334933973,833,1.8510262832854882,0.8341,0.8152866389563042,0.08335079247919375,,,0.7809924732996625,,0.7810049696300386,0.21899503036996137,0.9674890401773997,0.40665801526768025,5,0.1,0.5,0.6302693177304943,0.6342786342203365,0.6363307427953692,0.6290932884353677,0.6348263036841831,0.6299553995182366,0.6313615699870899,0.6413010509296037,0.6217296788640182,0.6387962502324771,0.6341457673792232,1.0
3,0,0.2550941797981786,0.92212,5000,1.6211038342228643,0.9100719424460432,834,1.6294534910982028,0.9003,0.8090321983632851,0.08346853124499834,,,0.8669838957977511,,0.8669996486120175,0.1330003513879825,0.9715959018723105,0.4033713675316815,5,0.1,0.5,1.0,0.6199867350269561,0.6203610553909857,0.621213347839881,0.6204829257089968,0.6173118171093415,0.623893764626743,0.6223103489070592,0.6177345754244752,0.6228012342674099,0.6212808595508269,0.6253948820415285
3,1,0.24998938831245635,0.9258,5000,1.6379505395889282,0.8980815347721822,834,1.633016634292115,0.9006,0.8039789633900558,0.08304824287244834,,,0.7123439926575711,,0.7123588173284474,0.2876411826715526,0.9697653635977858,0.40274156266213845,5,0.1,0.5,0.6199867350269561,1.0,0.6152702295543457,0.6187377795945054,0.6219813615755001,0.605767243873691,0.6212441840866785,0.6161087358126484,0.6099955308165903,0.6193254864624894,0.6111209101425222,0.6259951931908718
3,2,0.256195706089923,0.9238,5000,1.6363202642511439,0.9088729016786571,834,1.6338921103614588,0.9004,0.8076702413186899,0.08315306151038067,,,0.7509107127378705,,0.7509261583253852,0.24907384167461477,0.9692361843178198,0.4030082124476644,5,0.1,0.5,0.6203610553909857,0.6152702295543457,1.0,0.6263460037952707,0.6170819804980335,0.6212986233341824,0.6156483812996618,0.6229443323073639,0.6079296255546364,0.6251046683640863,0.6225397988319591,0.6268144918446373
3,3,0.2505474156047556,0.9268,5000,1.6243926684061687,0.8932853717026379,834,1.63004833326553,0.9003,0.8081261388720481,0.08328104256587351,,,0.7979997575884686,,0.7980071281562171,0.2019928718437829,0.970643240200493,0.4032188650955069,5,0.1,0.5,0.621213347839881,0.6187377795945054,0.6263460037952707,1.0,0.6278808280372201,0.6154718144697399,0.6143348429035649,0.620186190383341,0.6118753341114342,0.6231470379646747,0.6233585910536984,0.6225091396181059
3,4,0.23391701909268547,0.92972,5000,1.622910702670062,0.9087635054021609,833,1.6293420422191438,0.8998,0.809996055301365,0.08356021708769817,,,0.9007185664678078,,0.9007379147633151,0.0992620852366849,0.9717776787025241,0.40340288139842984,5,0.1,0.5,0.6204829257089968,0.6219813615755001,0.6170819804980335,0.6278808280372201,1.0,0.6185829751665797,0.6198230251398821,0.6182069260237607,0.6209215877330134,0.6243825138712048,0.6275398416036495,0.624840781742872
3,5,0.25336321444743,0.92344,5000,1.6281470325258043,0.9111644657863145,833,1.629252858817006,0.8998,0.8032407597070262,0.08360650298854169,,,0.9177488906230309,,0.9177651724311029,0.0822348275688971,0.971942537127035,0.40341183979119777,5,0.1,0.5,0.6173118171093415,0.605767243873691,0.6212986233341824,0.6154718144697399,0.6185829751665797,1.0,0.6139217985101143,0.6133190576591484,0.6085326213908707,0.624830226361994,0.615590188025688,0.6195888490316388
3,6,0.2496978938769383,0.92472,5000,1.6434924249295835,0.9123649459783914,833,1.6298072932246395,0.9002,0.8054956403018283,0.0833255669034847,,,0.8143819363620544,,0.8143968676271272,0.18560313237287285,0.9714528033818522,0.40326866089659974,5,0.1,0.5,0.623893764626743,0.6212441840866785,0.6156483812996618,0.6143348429035649,0.6198230251398821,0.6139217985101143,1.0,0.617012999724097,0.6140361170830556,0.6208076325690224,0.6190515783874849,0.6188739627090531
3,7,0.2510392047880087,0.92512,5000,1.623233605314184,0.8991596638655462,833,1.6314185572127564,0.9003,0.8063994785860134,0.08328000334374752,,,0.7976173886736934,,0.7976306410320767,0.2023693589679233,0.9710677492391113,0.4032182119235076,5,0.1,0.5,0.6223103489070592,0.6161087358126484,0.6229443323073639,0.620186190383341,0.6182069260237607,0.6133190576591484,0.617012999724097,1.0,0.6118586037731658,0.623861162725603,0.6202956709838354,0.6218312421666242
3,8,0.25726886760609546,0.92408,5000,1.6391874551773071,0.885954381752701,833,1.634287037026768,0.9002,0.7987536196110031,0.08274290852548476,,,0.6,,0.6,0.4,0.9677626131747075,0.40115228198866726,5,0.1,0.5,0.6177345754244752,0.6099955308165903,0.6079296255546364,0.6118753341114342,0.6209215877330134,0.6085326213908707,0.6140361170830556,0.6118586037731658,1.0,0.6084335832527076,0.6119651600544602,0.6125488288236243
3,9,0.24338975468425045,0.92496,5000,1.62849728707914,0.8955582232893158,833,1.6292471203941126,0.8996,0.8110825745526795,0.08383004933100481,,,0.9999999996320623,,1.0,0.0,0.971968348419378,0.4034235918442381,5,0.1,0.5,0.6228012342674099,0.6193254864624894,0.6251046683640863,0.6231470379646747,0.6243825138712048,0.624830226361994,0.6208076325690224,0.623861162725603,0.6084335832527076,1.0,0.6307892459422708,0.6270900974521112
3,10,0.25526125512566344,0.9222,5000,1.6476270622677274,0.8823529411764706,833,1.632550999760247,0.9007,0.8079840693958324,0.08323668044177059,,,0.781677263266898,,0.781692686110135,0.21830731388986502,0.9702239437185285,0.4031601036783886,5,0.1,0.5,0.6212808595508269,0.6111209101425222,0.6225397988319591,0.6233585910536984,0.6275398416036495,0.615590188025688,0.6190515783874849,0.6202956709838354,0.6119651600544602,0.6307892459422708,1.0,0.6203316164089456
3,11,0.2539353297003041,0.92332,5000,1.625142803898564,0.9027611044417767,833,1.6300465603606007,0.9003,0.8103501499725391,0.0834671931845669,,,0.8664915730283669,,0.8665026856081522,0.13349731439184775,0.9713745364121099,0.40337074544608303,5,0.1,0.5,0.6253948820415285,0.6259951931908718,0.6268144918446373,0.6225091396181059,0.624840781742872,0.6195888490316388,0.6188739627090531,0.6218312421666242,0.6125488288236243,0.6270900974521112,0.6203316164089456,1.0
4,0,0.23517230987952203,0.92904,5000,1.3788006923816822,0.934052757793765,834,1.391549172873695,0.927,0.794283832484345,0.08337186502378617,,,1.0,,1.0,0.0,0.9708966580059094,0.39787708862631505,5,0.1,0.5,1.0,0.596564345351004,0.6000201248415714,0.5956215624981898,0.5891928475886656,0.6007403324746645,0.5966879744564908,0.5989466288001913,0.6004314579168145,0.6017355065088239,0.6039248280757327,0.6001501893609998
4,1,0.22744439977108483,0.93272,5000,1.4016859178189878,0.9388489208633094,834,1.3955040785451285,0.9271,0.793476519676479,0.08306387586618401,,,1.0,,1.0,0.0,0.9692844937484513,0.39787708862631505,5,0.1,0.5,0.596564345351004,1.0,0.6014831997933583,0.598875028004465,0.5954642427979996,0.5966734138626375,0.5982502913449897,0.5976198151178782,0.601387680469827,0.6000427378624665,0.5934803251108999,0.598508540711095
4,2,0.2366082916973503,0.93044,5000,1.3995241103348908,0.9232613908872902,834,1.39648302561178,0.9275,0.7972801916751807,0.08326686791168104,,,1.0,,1.0,0.0,0.9699443064760261,0.39787708862631505,5,0.1,0.5,0.6000201248415714,0.6014831997933583,1.0,0.5976655826610328,0.5999252277729832,0.6043661231673942,0.5994682900220788,0.598907538071645,0.5996320294218709,0.6071002594487355,0.6005294437761833,0.6049724699135308
4,3,0.23204995823941033,0.93176,5000,1.386731125690319,0.919664268585132,834,1.3922031485615447,0.9271,0.7939191916687138,0.08323431479402989,,,1.0,,1.0,0.0,0.9704968060690021,0.39787708862631505,5,0.1,0.5,0.5956215624981898,0.598875028004465,0.5976655826610328,1.0,0.5938799186232889,0.6026977595569807,0.5976611952250359,0.5993472046519598,0.5986720425477424,0.6014114006035164,0.6002939756924399,0.5952950120052692
4,4,0.21697919238299415,0.93596,5000,1.385681642426385,0.9351740696278511,833,1.3914119336551751,0.9271,0.7923716738595393,0.08336590588577325,,,1.0,,1.0,0.0,0.9709783242979443,0.39787708862631505,5,0.1,0.5,0.5891928475886656,0.5954642427979996,0.5999252277729832,0.5938799186232889,1.0,0.6035479251222493,0.5925252008211094,0.5982724246989769,0.5961483467798109,0.5963077362513164,0.6043689151189499,0.5956664041834984
4,5,0.23251067178240817,0.92976,5000,1.387711728060687,0.9327731092436975,833,1.3913174414406189,0.9268,0.7986894679192543,0.08361800643081047,,,1.0,,1.0,0.0,0.9710119350558593,0.39787708862631505,5,0.1,0.5,0.6007403324746645,0.5966734138626375,0.6043661231673942,0.6026977595569807,0.6035479251222493,1.0,0.5998866346175351,0.6014048076810782,0.6076917320489416,0.6067604046026299,0.5991688847670297,0.6024756263087572
4,6,0.22074542029814165,0.93408,5000,1.4083439288315949,0.9411764705882353,833,1.3919434147520948,0.9274,0.7946509165980632,0.08328957717284072,,,1.0,,1.0,0.0,0.9706312092316277,0.39787708862631505,5,0.1,0.5,0.5966879744564908,0.5982502913449897,0.5994682900220788,0.5976611952250359,0.5925252008211094,0.5998866346175351,1.0,0.5991333174840766,0.6030336004571805,0.5953992512201675,0.6046029970329891,0.6016186182096563
4,7,0.23505613350896698,0.92776,5000,1.3853248446076005,0.9339735894357744,833,1.3937542998371795,0.9271,0.7966537826361438,0.08332940894222085,,,1.0,,1.0,0.0,0.9704956619345805,0.39787708862631505,5,0.1,0.5,0.5989466288001913,0.5976198151178782,0.598907538071645,0.5993472046519598,0.5982724246989769,0.6014048076810782,0.5991333174840766,1.0,0.6046752808588218,0.6049706665133322,0.6028332058561614,0.6014273463360958
4,8,0.23522529311857784,0.93004,5000,1.4036389059490628,0.9183673469387755,833,1.3970293678795567,0.9273,0.7957422202418157,0.08294003095964687,,,1.0,,1.0,0.0,0.9650620681295315,0.39787708862631505,5,0.1,0.5,0.6004314579168145,0.601387680469827,0.5996320294218709,0.5986720425477424,0.5961483467798109,0.6076917320489416,0.6030336004571805,0.6046752808588218,1.0,0.5984845724998369,0.5974482841000167,0.5938183881955229
4,9,0.2308537593669003,0.9304,5000,1.3915444833260995,0.9195678271308524,833,1.3913137771831914,0.9267,0.7988274723587093,0.08377161532236857,,,1.0,,1.0,0.0,0.9710409890793267,0.39787708862631505,5,0.1,0.5,0.6017355065088239,0.6000427378624665,0.6071002594487355,0.6014114006035164,0.5963077362513164,0.6067604046026299,0.5953992512201675,0.6049706665133322,0.5984845724998369,1.0,0.6090851656326189,0.6043586979727946
4,10,0.2335986852657738,0.93012,5000,1.4140214787589178,0.9063625450180072,833,1.394973054480629,0.927,0.7974253551563019,0.08332760283475199,,,1.0,,1.0,0.0,0.970372819648886,0.39787708862631505,5,0.1,0.5,0.6039248280757327,0.5934803251108999,0.6005294437761833,0.6002939756924399,0.6043689151189499,0.5991688847670297,0.6046029970329891,0.6028332058561614,0.5974482841000167,0.6090851656326189,1.0,0.5992773110000136
4,11,0.23480610519078127,0.93016,5000,1.3868201352931835,0.9207683073229291,833,1.3922189283675659,0.9271,0.7957099804773182,0.08342092885590602,,,1.0,,1.0,0.0,0.9708940997435078,0.39787708862631505,5,0.1,0.5,0.6001501893609998,0.598508540711095,0.6049724699135308,0.5952950120052692,0.5956664041834984,0.6024756263087572,0.6016186182096563,0.6014273463360958,0.5938183881955229,0.6043586979727946,0.5992773110000136,1.0
5,0,0.21985453995787035,0.93488,5000,1.1288954240304452,0.9448441247002398,834,1.1453544861211564,0.9386,0.7857276579248121,0.0833145858351422,,,1.0,,1.0,0.0,0.9698352577136963,0.39349891845344037,5,0.1,0.5,1.0,0.5762404435706135,0.5883908647782337,0.5750862545142509,0.5789141086128552,0.5851738457621861,0.5909684364048688,0.5877444272496634,0.5857424690632302,0.5806201947421686,0.5828237873208427,0.5884851777102528
5,1,0.21456987077405879,0.9354,5000,1.156162765291002,0.9508393285371702,834,1.1494736279161593,0.9386,0.7809054697973473,0.08293932168141345,,,1.0,,1.0,0.0,0.9698352577136963,0.39349891845344037,5,0.1,0.5,0.5762404435706135,1.0,0.5814559638096121,0.5777285237813176,0.5699548011239518,0.5805410362690551,0.5912762916104316,0.5803262930332679,0.58090398770309,0.5828610297121123,0.5678729969063743,0.5870367814491053
5,2,0.21498244968465394,0.93628,5000,1.1537966154239796,0.9328537170263789,834,1.1504772947238275,0.9382,0.7925232909344938,0.08348336315310198,,,1.0,,1.0,0.0,0.9698352577136963,0.39349891845344037,5,0.1,0.5,0.5883908647782337,0.5814559638096121,1.0,0.5883290058833214,0.5839501572949383,0.6079920614881983,0.5905758487600368,0.589176905410319,0.5897760150187943,0.5945115775904876,0.5827826088598024,0.5878445648324793
5,3,0.21699131938990704,0.93632,5000,1.1406942164456402,0.9364508393285371,834,1.1460355817319485,0.9388,0.7849788019593945,0.08319637741709861,,,1.0,,1.0,0.0,0.9698352577136963,0.39349891845344037,5,0.1,0.5,0.5750862545142509,0.5777285237813176,0.5883290058833214,1.0,0.5811611145065616,0.5842065766671827,0.5824237335716926,0.5842384540149964,0.580439496309881,0.5859305184800889,0.5872040129126215,0.5870228955653919
5,4,0.19559981142390212,0.94116,5000,1.1397999039402715,0.9423769507803121,833,1.1451949157273045,0.9389,0.7844664139763651,0.08326626381212841,,,1.0,,1.0,0.0,0.9698352577136963,0.39349891845344037,5,0.1,0.5,0.5789141086128552,0.5699548011239518,0.5839501572949383,0.5811611145065616,1.0,0.5890276479406015,0.5779607837099916,0.5891817859862374,0.5896182530744293,0.5841190970210373,0.5842326035060642,0.5801607815255
5,5,0.21436035335775774,0.9352,5000,1.1382105129736442,0.9423769507803121,833,1.1450939047069977,0.9387,0.791492673256349,0.08368168374144917,,,1.0,,1.0,0.0,0.9698352577136963,0.39349891845344037,5,0.1,0.5,0.5851738457621861,0.5805410362690551,0.6079920614881983,0.5842065766671827,0.5890276479406015,1.0,0.5907180615371163,0.5853821326532803,0.5856742547705692,0.5945950915518384,0.5828825724983071,0.5871798283143336
5,6,0.2028946564835348,0.9398,5000,1.1637902568887781,0.9471788715486195,833,1.14576805799533,0.9386,0.7896201572956457,0.08339646732399116,,,1.0,,1.0,0.0,0.9698352577136963,0.39349891845344037,5,0.1,0.5,0.5909684364048688,0.5912762916104316,0.5905758487600368,0.5824237335716926,0.5779607837099916,0.5907180615371163,1.0,0.5878929658377112,0.5834868392738566,0.5862212597213035,0.5923832540434226,0.5834534386462243
5,7,0.21597769625995095,0.93652,5000,1.139382834787722,0.9495798319327731,833,1.1476694671109842,0.9383,0.7888618641014298,0.0833964149551125,,,1.0,,1.0,0.0,0.9698352577136963,0.39349891845344037,5,0.1,0.5,0.5877444272496634,0.5803262930332679,0.589176905410319,0.5842384540149964,0.5891817859862374,0.5853821326532803,0.5878929658377112,1.0,0.5857433712911603,0.5907249875847354,0.5860837593244868,0.5834750313979346
5,8,0.21560613242553392,0.93624,5000,1.1593192683325872,0.9327731092436975,833,1.1511225509948242,0.9382,0.7844929996116965,0.08298272205510786,,,1.0,,1.0,0.0,0.9698352577136963,0.39349891845344037,5,0.1,0.5,0.5857424690632302,0.58090398770309,0.5897760150187943,0.580439496309881,0.5896182530744293,0.5856742547705692,0.5834868392738566,0.5857433712911603,1.0,0.582173758020464,0.5715258888181178,0.5756094662187523
5,9,0.21130868477782436,0.93584,5000,1.1462772223684523,0.9315726290516206,833,1.145091878910796,0.9388,0.7901629100844377,0.08373754123165697,,,1.0,,1.0,0.0,0.9698352577136963,0.39349891845344037,5,0.1,0.5,0.5806201947421686,0.5828610297121123,0.5945115775904876,0.5859305184800889,0.5841190970210373,0.5945950915518384,0.5862212597213035,0.5907249875847354,0.582173758020464,1.0,0.592831591749012,0.5854651506626901
5,10,0.21411865975612857,0.93576,5000,1.1711547220194782,0.9207683073229291,833,1.1489040476445573,0.9386,0.7845224347013237,0.08324264761100629,,,1.0,,1.0,0.0,0.9698352577136963,0.39349891845344037,5,0.1,0.5,0.5828237873208427,0.5678729969063743,0.5827826088598024,0.5872040129126215,0.5842326035060642,0.5828825724983071,0.5923832540434226,0.5860837593244868,0.5715258888181178,0.592831591749012,1.0,0.5782750801406399
5,11,0.21618748370848692,0.93444,5000,1.1406069486229509,0.9303721488595438,833,1.1460579648947182,0.9385,0.7861614740760333,0.0833626111827914,,,1.0,,1.0,0.0,0.9698352577136963,0.39349891845344037,5,0.1,0.5,0.5884851777102528,0.5870367814491053,0.5878445648324793,0.5870228955653919,0.5801607815255,0.5871798283143336,0.5834534386462243,0.5834750313979346,0.5756094662187523,0.5854651506626901,0.5782750801406399,1.0
6,0,0.20500693344244153,0.93788,5000,0.8916049290586401,0.9496402877697842,834,0.9113124207185861,0.9455,0.7666025734521211,0.0831523916120899,,,0.7327514218702308,,0.7327694392851765,0.26723056071482354,0.9672756354670542,0.3850890115891137,5,0.1,0.5,1.0,0.5495778485595392,0.5542234627331072,0.5534343271145855,0.5518734376932061,0.5535900838101633,0.5601177030338483,0.5527514695649033,0.5556423134383512,0.5576047988824989,0.5482620685730869,0.5589681476373948
6,1,0.19432366782929866,0.94332,5000,0.9215985249589991,0.9592326139088729,834,0.9158076784862116,0.9454,0.769661233332635,0.08300830488853986,,,0.6751974507381058,,0.675212087746599,0.324787912253401,0.9658541489054707,0.3845254335270367,5,0.1,0.5,0.5495778485595392,1.0,0.5678889497238944,0.5516732737824527,0.558318154670217,0.5597495559530561,0.5647303641753276,0.548443963661791,0.5500662273851872,0.5621926893476932,0.5511576543474119,0.5624954287157113
6,2,0.1946422397781899,0.94044,5000,0.9185085738146747,0.9388489208633094,834,0.9158667266940157,0.9455,0.777198502970887,0.08364087361329833,,,0.927870571667186,,0.9278851463279956,0.07211485367200443,0.9686631663776892,0.38567543583183594,5,0.1,0.5,0.5542234627331072,0.5678889497238944,1.0,0.5655695504993292,0.5609198343895546,0.574510752771927,0.5730512401739393,0.557362560131913,0.5476676518332193,0.5679709248481554,0.5607156648692067,0.5632837842043107
6,3,0.19563081946140926,0.942,5000,0.9079004879351016,0.9376498800959233,834,0.9119252598704621,0.9455,0.7693630023334835,0.0831705988355225,,,0.7400241114422993,,0.740043170523568,0.25995682947643195,0.9673778554197318,0.3851422099578563,5,0.1,0.5,0.5534343271145855,0.5516732737824527,0.5655695504993292,1.0,0.5577937712895502,0.5587557686091079,0.5563808012356936,0.5534284698350842,0.5474635011293537,0.5609115399407779,0.5572056547761391,0.5595481500052017
6,4,0.18145786074055417,0.94564,5000,0.9050514499346415,0.943577430972389,833,0.9108264448162847,0.9452,0.7728531526229456,0.08334110913563594,,,0.8081327105461652,,0.8081522011947191,0.1918477988052809,0.9682532560963031,0.3854885016978565,5,0.1,0.5,0.5518734376932061,0.558318154670217,0.5609198343895546,0.5577937712895502,1.0,0.5628640776034313,0.5655315389546192,0.5623387649806696,0.5533900937082753,0.5618903631276225,0.5625940652651072,0.5566217925768588
6,5,0.1982576191781243,0.94004,5000,0.9002539118131002,0.9483793517406963,833,0.9106926702843687,0.9454,0.7754346815655261,0.08371180537389109,,,0.956203539486308,,0.9562220772049596,0.04377792279504045,0.9686750620775056,0.38568201842011623,5,0.1,0.5,0.5535900838101633,0.5597495559530561,0.574510752771927,0.5587557686091079,0.5628640776034313,1.0,0.5655694663335072,0.5558124212500128,0.5610227456133902,0.5695810462495926,0.5612387884096456,0.5531415087987885
6,6,0.18745310305421994,0.94516,5000,0.929651818893574,0.957983193277311,833,0.9113883149509613,0.9453,0.7758936569197239,0.08353626452359186,,,0.8860855384539553,,0.88610511520506,0.11389488479494003,0.9686118268380925,0.3856473199182477,5,0.1,0.5,0.5601177030338483,0.5647303641753276,0.5730512401739393,0.5563808012356936,0.5655315389546192,0.5655694663335072,1.0,0.5535754550661991,0.5543193066781689,0.566256758096674,0.5628373425429919,0.5592166888391974
6,7,0.20217454969218582,0.94024,5000,0.906495730082194,0.9567827130852341,833,0.9133593695232282,0.9453,0.7679812709631426,0.0832562073917608,,,0.7742195754865019,,0.7742282013955123,0.2257717986044877,0.9678853055482902,0.38534598489479777,5,0.1,0.5,0.5527514695649033,0.548443963661791,0.557362560131913,0.5534284698350842,0.5623387649806696,0.5558124212500128,0.5535754550661991,1.0,0.5501874869536121,0.562719146395255,0.5540757863295096,0.5576248602554572
6,8,0.19927505951101898,0.94052,5000,0.9283851462381857,0.9411764705882353,833,0.9185128023449224,0.9456,0.7635171701662447,0.08282004760441092,,,0.6,,0.6,0.4,0.9626919128873215,0.38323661465099174,5,0.1,0.5,0.5556423134383512,0.5500662273851872,0.5476676518332193,0.5474635011293537,0.5533900937082753,0.5610227456133902,0.5543193066781689,0.5501874869536121,1.0,0.556072689575727,0.5489347527507316,0.544482757180115
6,9,0.19223794332782554,0.94232,5000,0.913318536899708,0.9423769507803121,833,0.9106961288772071,0.9454,0.7774715440845668,0.08382145008331462,,,0.9999999996005602,,1.0,0.0,0.9686767708542592,0.38568385737636235,5,0.1,0.5,0.5576047988824989,0.5621926893476932,0.5679709248481554,0.5609115399407779,0.5618903631276225,0.5695810462495926,0.566256758096674,0.562719146395255,0.556072689575727,1.0,0.5678049094368658,0.5614015038289455
6,10,0.20180597539374212,0.93924,5000,0.9388727501586631,0.9279711884753902,833,0.9145742839517684,0.9454,0.7700310246788773,0.08322535319172718,,,0.7618951801897808,,0.7619095426936399,0.23809045730636014,0.9676936455447162,0.38527946165252414,5,0.1,0.5,0.5482620685730869,0.5511576543474119,0.5607156648692067,0.5572056547761391,0.5625940652651072,0.5612387884096456,0.5628373425429919,0.5540757863295096,0.5489347527507316,0.5678049094368658,1.0,0.5532439690876008
6,11,0.20183920959117496,0.93804,5000,0.9070464549241243,0.943577430972389,833,0.9116789835710495,0.9455,0.7703015818425977,0.0833155937462171,,,0.7979408486601025,,0.7979519100446765,0.20204808995532353,0.9681595052414009,0.3854505597356951,5,0.1,0.5,0.5589681476373948,0.5624954287157113,0.5632837842043107,0.5595481500052017,0.5566217925768588,0.5531415087987885,0.5592166888391974,0.5576248602554572,0.544482757180115,0.5614015038289455,0.5532439690876008,1.0
7,0,0.19327125529562877,0.94268,5000,0.6851865715450711,0.9544364508393285,834,0.707329843562251,0.9508,0.7574368557028129,0.08326357821386131,,,0.7645613636592608,,0.7645750715325536,0.23542492846744645,0.9641428600375714,0.37758823006389824,5,0.1,0.5,1.0,0.5271403963043051,0.5376797426537575,0.531364175764666,0.5301736389984921,0.529129441991816,0.5348115423639141,0.5299930324662947,0.5358688697631888,0.5359668828989463,0.5453894186611896,0.534642828080768
7,1,0.18388857688742932,0.94696,5000,0.7159611361998098,0.9616306954436451,834,0.7126221119786222,0.9511,0.7458276378175004,0.08275249497139221,,,0.6,,0.6,0.4,0.9606025516861719,0.3755706431122073,5,0.1,0.5,0.5271403963043051,1.0,0.5253471547219511,0.5248530688806109,0.525713968523722,0.5183938399378432,0.5312655795273735,0.5189030374310154,0.5259564663396653,0.5300186949689702,0.5197076805873593,0.5203813460350734
7,2,0.18564822531029415,0.94492,5000,0.711977689354508,0.9508393285371702,834,0.7110542116073755,0.9508,0.7587979654715054,0.08364269131559421,,,0.8866302632398031,,0.886647256663822,0.11335274333617795,0.9654306812981314,0.3779456897860795,5,0.1,0.5,0.5376797426537575,0.5253471547219511,1.0,0.5364003627842602,0.534897495433209,0.5393610655971491,0.533220441971936,0.5292488339789777,0.5298033968441063,0.5487577631064309,0.5330525777956778,0.5338592361395706
7,3,0.18077221987353767,0.9464,5000,0.7055776980188158,0.9424460431654677,834,0.7079992511401922,0.9508,0.7549005398554797,0.08318554961675458,,,0.7394372913412772,,0.7394458109532654,0.26055418904673455,0.9640561827472957,0.37743040388579063,5,0.1,0.5,0.531364175764666,0.5248530688806109,0.5364003627842602,1.0,0.5316608421931389,0.5335058131638165,0.5285547400672791,0.5229029287759955,0.5290711399786687,0.5424831789978143,0.5392671969179277,0.5288809481380247
