round,client_id,client_i_training_loss,client_i_training_accuracy,client_i_training_dataset_size,client_i_evaluation_loss,client_i_evaluation_accuracy,client_i_evaluation_dataset_size,client_i_central_evaluation_loss,client_i_central_evaluation_accuracy,client_i_cosine_similarity,client_i_importance_coefficient,client_i_tanh_val,tanh_normalization_value,client_i_q,client_i_mask_order,client_i_v_nonzero_fraction,client_i_v_sparsity,client_i_v_cosine_similarity,client_i_reward_gradient_norm,local_epochs,learning_rate,gamma,client_0_cosine_similarity,client_1_cosine_similarity,client_2_cosine_similarity,client_3_cosine_similarity,client_4_cosine_similarity,client_5_cosine_similarity,client_6_cosine_similarity,client_7_cosine_similarity,client_8_cosine_similarity,client_9_cosine_similarity,client_10_cosine_similarity,client_11_cosine_similarity
0,0,2.269670180118445,0.17252219822414208,4167,2.3002473626817976,0.09232613908872901,834,2.299150611780867,0.0986,0.9870503707312263,0.08351794959878595,,,0.8784595730984484,,0.878505058507039,0.12149494149296103,0,0.14771983625278617,10,0.025,0.15,1.0,0.9722384443249461,0.9674998605152075,0.9745027795426531,0.9660433542910252,0.9668591043875642,0.9683130300892524,0.9606835109523257,0.9633805510691082,0.9792961425847662,0.9737618067229898,0.9727975887928391
0,1,2.267967386679216,0.1540916726661867,4167,2.299917697906494,0.07314148681055156,834,2.2991515322576594,0.0987,0.9898441688501509,0.0837543430974406,,,0.9599999996550648,,0.9600270667260814,0.0399729332739186,0,0.14772998827266917,10,0.025,0.15,0.9722384443249461,1.0,0.9591859952900748,0.9736499153587815,0.9772227553198293,0.9735217860178309,0.9700673366492781,0.9744812881106458,0.9753775506356392,0.974418459116599,0.9702963640428145,0.9779340234208791
0,2,2.267270041957046,0.1638348932085433,4167,2.3004202161516463,0.09232613908872901,834,2.2991756638394127,0.0981,0.9793544538254986,0.08286676986236292,,,0.653844794032436,,0.6538842402336981,0.34611575976630193,0,0.1474039906615773,10,0.025,0.15,0.9674998605152075,0.9591859952900748,1.0,0.9737502193181872,0.946657468591645,0.9721330982032924,0.9703460490900061,0.9323167458138301,0.9631707097803984,0.9587622691014234,0.9665531744366417,0.9640454680121473
0,3,2.2727114366762566,0.14864410847132228,4167,2.2968904631478444,0.10191846522781775,834,2.2991517042811913,0.0986,0.9883200084862596,0.08362537830270815,,,0.9155155090361702,,0.9155567658563153,0.08444323414368471,0,0.14772612806595645,10,0.025,0.15,0.9745027795426531,0.9736499153587815,0.9737502193181872,1.0,0.9656170956072397,0.9665408513864981,0.9730985649105817,0.9564206370016317,0.9725548665605223,0.9704384323637186,0.9794666535176066,0.9743418836449668
0,4,2.272553979989254,0.15512359011279098,4167,2.2984678064073836,0.1056422569027611,833,2.299159698848483,0.0987,0.9828865353652345,0.08316563222720448,,,0.7569329282222009,,0.7569688567609051,0.24303114323909492,0,0.14763544486584435,10,0.025,0.15,0.9660433542910252,0.9772227553198293,0.946657468591645,0.9656170956072397,1.0,0.9640083433215089,0.9646831694632254,0.9606714935701789,0.9645685304604823,0.9733344703796661,0.9608811106036454,0.9724780460665596
0,5,2.2731775160991785,0.1439644828413727,4167,2.2970194135393416,0.10324129651860744,833,2.2991554344756695,0.0986,0.9842926073207315,0.08328460512888575,,,0.7979708637279521,,0.7980145566173195,0.20198544338268054,0,0.14766974432877866,10,0.025,0.15,0.9668591043875642,0.9735217860178309,0.9721330982032924,0.9665408513864981,0.9640083433215089,1.0,0.9594978060787772,0.9493428938364046,0.9713833582531588,0.966542504788057,0.9678502780557013,0.9751043388049538
0,6,2.2755613991708468,0.14955603551715863,4167,2.3009159905569896,0.10684273709483794,833,2.29915746254257,0.0987,0.9837780689325605,0.08324106814997952,,,0.7829534294448437,,0.7829875724117443,0.21701242758825567,0,0.1476589389061901,10,0.025,0.15,0.9683130300892524,0.9700673366492781,0.9703460490900061,0.9730985649105817,0.9646831694632254,0.9594978060787772,1.0,0.949713912558149,0.9693119491833572,0.9656938380502659,0.9680110362256452,0.9679647580318548
0,7,2.2669567794510814,0.14660427165826734,4167,2.3001957961491177,0.08883553421368548,833,2.2992438032657287,0.0984,0.975796447049234,0.08256571386823766,,,0.55,,0.5500404350481095,0.4499595649518905,0,0.14690109720566222,10,0.025,0.15,0.9606835109523257,0.9744812881106458,0.9323167458138301,0.9564206370016317,0.9606714935701789,0.9493428938364046,0.949713912558149,1.0,0.9534924500422881,0.9667770157452029,0.9662332743347368,0.962240272120273
0,8,2.2732846917528096,0.14241478636581853,4166,2.2998854773385182,0.1056422569027611,833,2.299155356008795,0.0986,0.9843515955023405,0.08328959633513483,,,0.7996925061965415,,0.799722731098678,0.20027726890132203,0,0.1476708417237158,10,0.025,0.15,0.9633805510691082,0.9753775506356392,0.9631707097803984,0.9725548665605223,0.9645685304604823,0.9713833582531588,0.9693119491833572,0.9534924500422881,1.0,0.9667124052926495,0.9650174746302204,0.9685162592370465
0,9,2.267693687207771,0.1587133941430629,4166,2.2965822560446605,0.11524609843937575,833,2.2991508924508395,0.0986,0.9872003607465286,0.0835306408037232,,,0.8828372157577886,,0.8828786453433678,0.1171213546566322,0,0.14772074241460928,10,0.025,0.15,0.9792961425847662,0.974418459116599,0.9587622691014234,0.9704384323637186,0.9733344703796661,0.966542504788057,0.9656938380502659,0.9667770157452029,0.9667124052926495,1.0,0.9666507047182559,0.9785278675361528
0,10,2.2738518917199335,0.1514642342774844,4166,2.2970898491995677,0.09603841536614646,833,2.2991503371468074,0.0987,0.9865371647262627,0.08347452535770634,,,0.8634810260543069,,0.8635193345546368,0.1364806654453632,0,0.1477138561068471,10,0.025,0.15,0.9737618067229898,0.9702963640428145,0.9665531744366417,0.9794666535176066,0.9608811106036454,0.9678502780557013,0.9680110362256452,0.9662332743347368,0.9650174746302204,0.9666507047182559,1.0,0.9745935792247321
0,11,2.267919411081256,0.1473115698511762,4166,2.301564727510725,0.10204081632653061,833,2.2991517404966717,0.0986,0.9890101920988985,0.08368377726783047,,,0.9356593647413354,,0.9356917694046971,0.06430823059530288,0,0.14772746144869434,10,0.025,0.15,0.9727975887928391,0.9779340234208791,0.9640454680121473,0.9743418836449668,0.9724780460665596,0.9751043388049538,0.9679647580318548,0.962240272120273,0.9685162592370465,0.9785278675361528,0.9745935792247321,1.0
1,0,2.145550255341963,0.2219102471802256,4167,2.288316113608224,0.11031175059952038,834,2.287227485753313,0.1273,0.9876115117186935,0.08342508406781887,,,0.96,,0.9600270667260814,0.0399729332739186,0.8921362624799056,0.14824355743999143,10,0.025,0.15,1.0,0.9758261023216145,0.9728220104780111,0.9752331103484944,0.9709026926380415,0.970693784032331,0.9739863198479369,0.9743739887551902,0.9704958339359583,0.9768054838623228,0.9757606817627603,0.9755906395873127
1,1,2.137135031006553,0.21243100551955843,4167,2.286837645939418,0.11390887290167866,834,2.287228300601621,0.1273,0.9899507168380797,0.0836464321696896,,,0.96,,0.9600270667260814,0.0399729332739186,0.892363122182604,0.14824355743999143,10,0.025,0.15,0.9758261023216145,1.0,0.969172234968775,0.976866030274283,0.9765915615318713,0.9775620311653156,0.9742806018195712,0.9783103880936385,0.9786165261329545,0.977437157640421,0.9745768140324199,0.9809326569714568
1,2,2.132135008320664,0.216822654187665,4167,2.2887465953826904,0.1211031175059952,834,2.2872814106035837,0.1269,0.9850543822186845,0.08294129247400535,,,0.96,,0.9600270667260814,0.0399729332739186,0.8884657429354371,0.14824355743999143,10,0.025,0.15,0.9728220104780111,0.969172234968775,1.0,0.9734813236623291,0.9661291044707023,0.974060729091381,0.9773960352451806,0.9627634922120988,0.9709607825543342,0.9709771043101169,0.9757941654837196,0.9687912519072304
1,3,2.144326692277735,0.21108711303095753,4167,2.286214930670602,0.14028776978417265,834,2.287229043018969,0.1272,0.9897280565162329,0.08355981393556505,,,0.96,,0.9600270667260814,0.0399729332739186,0.8922516922945172,0.14824355743999143,10,0.025,0.15,0.9752331103484944,0.976866030274283,0.9734813236623291,1.0,0.9727811949520123,0.9727643522041293,0.979771894439562,0.9729084685036586,0.9774417022611688,0.9808863406609497,0.9788532728410023,0.9765532497731378
1,4,2.1452909361232413,0.21725461963042955,4167,2.2875756195613315,0.12605042016806722,833,2.2872396088853666,0.1275,0.9861272234173484,0.08316006582316442,,,0.96,,0.9600270667260814,0.0399729332739186,0.8910150237760769,0.14824355743999143,10,0.025,0.15,0.9709026926380415,0.9765915615318713,0.9661291044707023,0.9727811949520123,1.0,0.9704899182491202,0.9738539236210804,0.9735317368035301,0.9735938494581813,0.9748949650443272,0.970359819929454,0.9718721286601986
1,5,2.1461849404103828,0.21579073674106072,4167,2.284888710294451,0.12605042016806722,833,2.287233093116857,0.1275,0.9867428339672938,0.08325326564681898,,,0.96,,0.9600270667260814,0.0399729332739186,0.8914103820852831,0.14824355743999143,10,0.025,0.15,0.970693784032331,0.9775620311653156,0.974060729091381,0.9727643522041293,0.9704899182491202,1.0,0.9702657398521682,0.970995295445339,0.9718525398029245,0.9712216369772222,0.9739844816812008,0.9783561632582334
1,6,2.1538654641671613,0.2079913606911447,4167,2.2888722079140797,0.13925570228091236,833,2.287236901778209,0.1274,0.9894412056367405,0.08331390084350984,,,0.96,,0.9600270667260814,0.0399729332739186,0.8913083981389136,0.14824355743999143,10,0.025,0.15,0.9739863198479369,0.9742806018195712,0.9773960352451806,0.979771894439562,0.9738539236210804,0.9702657398521682,1.0,0.9731125249030342,0.974942166249932,0.9803552933984512,0.9791459472196652,0.9771590877894755
1,7,2.1399537527199946,0.2111111111111111,4167,2.2878247669764926,0.1212484993997599,833,2.2873909020725685,0.1271,0.9871325240900038,0.08282327606311504,,,0.96,,0.9600270667260814,0.0399729332739186,0.8841521564249356,0.14824355743999143,10,0.025,0.15,0.9743739887551902,0.9783103880936385,0.9627634922120988,0.9729084685036586,0.9735317368035301,0.970995295445339,0.9731125249030342,1.0,0.9717316707500608,0.9784672530611636,0.9739508571873868,0.9768953101860124
1,8,2.1428825067751336,0.21411425828132502,4166,2.2883266040257046,0.12484993997599039,833,2.2872329271292386,0.1275,0.987885792025316,0.0832933762389252,,,0.96,,0.9600270667260814,0.0399729332739186,0.8914249511642786,0.14824355743999143,10,0.025,0.15,0.9704958339359583,0.9786165261329545,0.9709607825543342,0.9774417022611688,0.9735938494581813,0.9718525398029245,0.974942166249932,0.9717316707500608,1.0,0.9768745234756473,0.9758723455919767,0.9734017922582693
1,9,2.145877223665064,0.20693710993759,4166,2.2839577879224504,0.13805522208883553,833,2.287228134614003,0.1273,0.9905294123735441,0.08352745248744681,,,0.96,,0.9600270667260814,0.0399729332739186,0.8921598998719729,0.14824355743999143,10,0.025,0.15,0.9768054838623228,0.977437157640421,0.9709771043101169,0.9808863406609497,0.9748949650443272,0.9712216369772222,0.9803552933984512,0.9784672530611636,0.9768745234756473,1.0,0.9778090658995326,0.9813536315511429
1,10,2.1512698220484183,0.2101296207393183,4166,2.2853903429848805,0.13205282112845138,833,2.287227398232569,0.1273,0.9894188059902886,0.08345691333114029,,,0.96,,0.9600270667260814,0.0399729332739186,0.8920109999374651,0.14824355743999143,10,0.025,0.15,0.9757606817627603,0.9745768140324199,0.9757941654837196,0.9788532728410023,0.970359819929454,0.9739844816812008,0.9791459472196652,0.9739508571873868,0.9758723455919767,0.9778090658995326,1.0,0.9778333832732651
1,11,2.1302390271967107,0.21968314930388863,4166,2.2896049363272533,0.13085234093637454,833,2.2872293176530283,0.1272,0.9898316533813111,0.0835991269188005,,,0.96,,0.9600270667260814,0.0399729332739186,0.8922902793319258,0.14824355743999143,10,0.025,0.15,0.9755906395873127,0.9809326569714568,0.9687912519072304,0.9765532497731378,0.9718721286601986,0.9783561632582334,0.9771590877894755,0.9768953101860124,0.9734017922582693,0.9813536315511429,0.9778333832732651,1.0
2,0,2.0558498180273808,0.26157907367410604,4167,2.2707623754228865,0.16786570743405277,834,2.2695235632642916,0.1974,0.9838985020667963,0.08337958208480072,,,0.96,,0.9600270667260814,0.0399729332739186,0.9643484679016372,0.1476321786526386,10,0.025,0.15,1.0,0.967983346736782,0.9659024643350104,0.964992669643037,0.9595397031731974,0.9613476442537361,0.9652113761102799,0.9659481411364519,0.9643771643734896,0.966706754472196,0.9703847426328581,0.968011318467442
2,1,2.0482372999191285,0.25399568034557235,4167,2.2674929073878696,0.20503597122302158,834,2.269524154783804,0.1972,0.986407300858391,0.08359750748519644,,,0.96,,0.9600270667260814,0.0399729332739186,0.9643484679016372,0.1476321786526386,10,0.025,0.15,0.967983346736782,1.0,0.9628055727975107,0.9695997885786444,0.9661952667121223,0.9672064889314039,0.9642779526900119,0.9713407242528391,0.9685890807298249,0.9693290865236874,0.9700428057490739,0.9725877045730008
2,2,2.043983617695895,0.2615310775137989,4167,2.271061965397426,0.20983213429256595,834,2.269619072539897,0.1977,0.9824680471434738,0.0830348145503945,,,0.96,,0.9600270667260814,0.0399729332739186,0.9643484679016372,0.1476321786526386,10,0.025,0.15,0.9659024643350104,0.9628055727975107,1.0,0.9640474318522888,0.9608874470627808,0.9642867091627938,0.9684500127808038,0.9576953657731364,0.9650856857705394,0.9664806035452422,0.9661906932544059,0.9618812188247268
2,3,2.053424056371053,0.25380369570434363,4167,2.2702829837799072,0.19784172661870503,834,2.2695256818698932,0.1972,0.9851153038503873,0.08350215902435462,,,0.96,,0.9600270667260814,0.0399729332739186,0.9643484679016372,0.1476321786526386,10,0.025,0.15,0.964992669643037,0.9695997885786444,0.9640474318522888,1.0,0.9608119129220941,0.9633006999689059,0.9686760817910234,0.9627906491273114,0.9681863219659632,0.9737971442593811,0.9708320997792323,0.9676421784469845
2,4,2.055614596785921,0.2589872810175186,4167,2.271439961024693,0.20168067226890757,833,2.269540008110336,0.1972,0.9803394141967346,0.08310063801929099,,,0.96,,0.9600270667260814,0.0399729332739186,0.9643484679016372,0.1476321786526386,10,0.025,0.15,0.9595397031731974,0.9661952667121223,0.9608874470627808,0.9608119129220941,1.0,0.9580825551194405,0.9611673317743322,0.961923637833203,0.9654246646063696,0.965031464539224,0.9632440720358751,0.9562092114153845
2,5,2.0553634907260085,0.2646268298536117,4167,2.2670864377702986,0.18967587034813926,833,2.2695299673684035,0.1976,0.9814732554383957,0.08319491199396993,,,0.96,,0.9600270667260814,0.0399729332739186,0.9643484679016372,0.1476321786526386,10,0.025,0.15,0.9613476442537361,0.9672064889314039,0.9642867091627938,0.9633006999689059,0.9580825551194405,1.0,0.9604462740595632,0.9617805489666987,0.9601099872311475,0.9635758157517633,0.9638470616989006,0.9678432393202879
2,6,2.06685988036069,0.24974802015838732,4167,2.271160364151001,0.21008403361344538,833,2.2695364952087402,0.1975,0.9842966822830442,0.08332394211196192,,,0.96,,0.9600270667260814,0.0399729332739186,0.9643484679016372,0.1476321786526386,10,0.025,0.15,0.9652113761102799,0.9642779526900119,0.9684500127808038,0.9686760817910234,0.9611673317743322,0.9604462740595632,1.0,0.962991934444766,0.9650345789194682,0.9700885065697642,0.9713860672533412,0.9674175618861025
2,7,2.0512935017094467,0.25413966882649386,4167,2.269664900643485,0.19447779111644659,833,2.269780970826934,0.1988,0.983312340894065,0.08298943997229424,,,0.96,,0.9600270667260814,0.0399729332739186,0.9643484679016372,0.1476321786526386,10,0.025,0.15,0.9659481411364519,0.9713407242528391,0.9576953657731364,0.9627906491273114,0.961923637833203,0.9617805489666987,0.962991934444766,1.0,0.9643050627583456,0.9681687180832453,0.9674238907550866,0.969316024854805
2,8,2.0533771684675504,0.2582093134901584,4166,2.271338258470808,0.17767106842737096,833,2.2695296595368206,0.1977,0.9841238215168747,0.08330567475524228,,,0.96,,0.9600270667260814,0.0399729332739186,0.9643484679016372,0.1476321786526386,10,0.025,0.15,0.9643771643734896,0.9685890807298249,0.9650856857705394,0.9681863219659632,0.9654246646063696,0.9601099872311475,0.9650345789194682,0.9643050627583456,1.0,0.966535476640986,0.9685412352327787,0.9669262823314311
2,9,2.0610357855305526,0.24707153144503122,4166,2.2652035440717424,0.21968787515006002,833,2.269524867021585,0.1974,0.9866767416175647,0.08353288124977559,,,0.96,,0.9600270667260814,0.0399729332739186,0.9643484679016372,0.1476321786526386,10,0.025,0.15,0.966706754472196,0.9693290865236874,0.9664806035452422,0.9737971442593811,0.965031464539224,0.9635758157517633,0.9700885065697642,0.9681687180832453,0.966535476640986,1.0,0.9712132022735301,0.9722388181128991
2,10,2.0690053481044193,0.24774363898223717,4166,2.267734800066267,0.20768307322929172,833,2.2695235300667678,0.1973,0.9867939120201238,0.08349318473308959,,,0.96,,0.9600270667260814,0.0399729332739186,0.9643484679016372,0.1476321786526386,10,0.025,0.15,0.9703847426328581,0.9700428057490739,0.9661906932544059,0.9708320997792323,0.9632440720358751,0.9638470616989006,0.9713860672533412,0.9674238907550866,0.9685412352327787,0.9712132022735301,1.0,0.9714636324775224
2,11,2.036929873264197,0.2624099855976956,4166,2.2717318534851074,0.18967587034813926,833,2.26952634280241,0.1973,0.9856964480126104,0.08354526401962915,,,0.96,,0.9600270667260814,0.0399729332739186,0.9643484679016372,0.1476321786526386,10,0.025,0.15,0.968011318467442,0.9725877045730008,0.9618812188247268,0.9676421784469845,0.9562092114153845,0.9678432393202879,0.9674175618861025,0.969316024854805,0.9669262823314311,0.9722388181128991,0.9714636324775224,1.0
3,0,1.9924913388310057,0.2848572114230862,4167,2.247255870274135,0.23501199040767387,834,2.245804327952711,0.2449,0.9816537478229617,0.08339276798506287,,,0.96,,0.9600270667260814,0.0399729332739186,0.9839040102719849,0.14710533468086517,10,0.025,0.15,1.0,0.9616282469653834,0.9607915354371389,0.9591432042882044,0.9540350125993246,0.956682026652104,0.9590853646426633,0.9592190890446151,0.955751711514457,0.9601317226459962,0.9641295248697125,0.9619170735666646
3,1,1.9876280921878238,0.2799376049916007,4167,2.2417153290339877,0.25539568345323743,834,2.2458042917372305,0.2448,0.9816136001608861,0.08352603552347132,,,0.96,,0.9600270667260814,0.0399729332739186,0.9839040102719849,0.14710533468086517,10,0.025,0.15,0.9616282469653834,1.0,0.9545643456030093,0.9586332859150577,0.957411998072398,0.9580434627746491,0.9558073230574077,0.9635162470796613,0.9582369360645372,0.9585887173533747,0.9615009104782212,0.9640222048027797
3,2,1.9808952273744524,0.28972882169426445,4167,2.2473131588527133,0.24580335731414868,834,2.245946356012851,0.2449,0.9797975120643027,0.08311953939414395,,,0.96,,0.9600270667260814,0.0399729332739186,0.9839040102719849,0.14710533468086517,10,0.025,0.15,0.9607915354371389,0.9545643456030093,1.0,0.955808964391678,0.9562209802927207,0.9579161467593317,0.9601712262033156,0.9515025320731811,0.9562417910705103,0.9607762612052976,0.9597032341715905,0.9571594166575939
3,3,1.987562731179324,0.2781857451403888,4167,2.2487734385899136,0.2278177458033573,834,2.2458069475391245,0.2448,0.9811045775701003,0.08345061268895153,,,0.96,,0.9600270667260814,0.0399729332739186,0.9839040102719849,0.14710533468086517,10,0.025,0.15,0.9591432042882044,0.9586332859150577,0.955808964391678,1.0,0.9527527643789468,0.9555414865095759,0.9600558617514802,0.9530924922839975,0.9617482746409339,0.9647453286390802,0.9632332598433678,0.9611920938042348
3,4,1.989451086882389,0.2873050155987521,4167,2.2496442454201833,0.2545018007202881,833,2.2458254808112037,0.2451,0.9778992540865885,0.0830984914645011,,,0.96,,0.9600270667260814,0.0399729332739186,0.9839040102719849,0.14710533468086517,10,0.025,0.15,0.9540350125993246,0.957411998072398,0.9562209802927207,0.9527527643789468,1.0,0.9506172176323189,0.9549162889444236,0.9568556403949342,0.9577198855381157,0.9604106683373631,0.958424872354526,0.9491513756151274
3,5,1.9892298282998981,0.2929685625149988,4167,2.2433282988412038,0.234093637454982,833,2.245811211911938,0.2454,0.977667379478271,0.0831491710130813,,,0.96,,0.9600270667260814,0.0399729332739186,0.9839040102719849,0.14710533468086517,10,0.025,0.15,0.956682026652104,0.9580434627746491,0.9579161467593317,0.9555414865095759,0.9506172176323189,1.0,0.9526667120680478,0.9537173796167651,0.9506975807309693,0.9547952558947113,0.9569799718098736,0.9580497901792528
3,6,2.0069775277918036,0.27655387568994483,4167,2.2473914282662526,0.25690276110444177,833,2.245820787888539,0.2455,0.9803609126298883,0.08331639120795384,,,0.96,,0.9600270667260814,0.0399729332739186,0.9839040102719849,0.14710533468086517,10,0.025,0.15,0.9590853646426633,0.9558073230574077,0.9601712262033156,0.9600558617514802,0.9549162889444236,0.9526667120680478,1.0,0.954163902427803,0.9561406821182838,0.9614594331385157,0.9652612192619917,0.957594190570699
3,7,1.9863408088684082,0.2796736261099112,4167,2.2455480779920305,0.23649459783913565,833,2.246166186996653,0.245,0.9797011509362199,0.08308838806012633,,,0.96,,0.9600270667260814,0.0399729332739186,0.9839040102719849,0.14710533468086517,10,0.025,0.15,0.9592190890446151,0.9635162470796613,0.9515025320731811,0.9530924922839975,0.9568556403949342,0.9537173796167651,0.954163902427803,1.0,0.9550653037012214,0.9603232973119736,0.9610576226034101,0.9611952595622115
3,8,1.9897717779332942,0.2836773883821411,4166,2.2485488823481967,0.234093637454982,833,2.2458107652543466,0.2455,0.9797385701925984,0.08328488418150774,,,0.96,,0.9600270667260814,0.0399729332739186,0.9839040102719849,0.14710533468086517,10,0.025,0.15,0.955751711514457,0.9582369360645372,0.9562417910705103,0.9617482746409339,0.9577198855381157,0.9506975807309693,0.9561406821182838,0.9550653037012214,1.0,0.9583262745397932,0.9608682546990905,0.9592078438947567
3,9,1.9981995676503037,0.27064330292846855,4166,2.2402288573128835,0.2653061224489796,833,2.245806349983698,0.2448,0.9827619455189166,0.08352344998121905,,,0.96,,0.9600270667260814,0.0399729332739186,0.9839040102719849,0.14710533468086517,10,0.025,0.15,0.9601317226459962,0.9585887173533747,0.9607762612052976,0.9647453286390802,0.9604106683373631,0.9547952558947113,0.9614594331385157,0.9603232973119736,0.9583262745397932,1.0,0.9630674181560588,0.9628767742341019
3,10,2.008702752084443,0.26862698031685067,4166,2.24383967263358,0.2617046818727491,833,2.245804288719274,0.2448,0.9839995642123422,0.08353916039083112,,,0.96,,0.9600270667260814,0.0399729332739186,0.9839040102719849,0.14710533468086517,10,0.025,0.15,0.9641295248697125,0.9615009104782212,0.9597032341715905,0.9632332598433678,0.958424872354526,0.9569799718098736,0.9652612192619917,0.9610576226034101,0.9608682546990905,0.9630674181560588,1.0,0.9658399744494505
3,11,1.9702514359445282,0.29529524723955836,4166,2.2478367260524204,0.23649459783913565,833,2.2458080430574054,0.2449,0.9821469326779168,0.08351110810914968,,,0.96,,0.9600270667260814,0.0399729332739186,0.9839040102719849,0.14710533468086517,10,0.025,0.15,0.9619170735666646,0.9640222048027797,0.9571594166575939,0.9611920938042348,0.9491513756151274,0.9580497901792528,0.957594190570699,0.9611952595622115,0.9592078438947567,0.9628767742341019,0.9658399744494505,1.0
4,0,1.94231588009632,0.3032637389008879,4167,2.2181691782815114,0.25539568345323743,834,2.216328617892688,0.2722,0.9794365531501007,0.0834352758689147,,,0.96,,0.9600270667260814,0.0399729332739186,0.9898853682144167,0.146614688441347,10,0.025,0.15,1.0,0.9578798142931217,0.95594197632017,0.9543186481220407,0.9476850618089281,0.9510194228036373,0.952389723749294,0.9537234641576551,0.9484957576072196,0.9527125217553452,0.9561394555672166,0.9576547619131264
4,1,1.9370419646754409,0.29820014398848094,4167,2.209782566343035,0.2805755395683453,834,2.216327959978128,0.2722,0.9792334218195956,0.08351106541180248,,,0.96,,0.9600270667260814,0.0399729332739186,0.9898853682144167,0.146614688441347,10,0.025,0.15,0.9578798142931217,1.0,0.9503814071203303,0.953219735598084,0.950748644929039,0.9507954879419541,0.9483507296516748,0.9575007111258331,0.9537077648281403,0.9505157713345896,0.9532073026480866,0.9592209483585243
4,2,1.9278348716822538,0.3076073914086873,4167,2.217801400593349,0.27577937649880097,834,2.216520261160935,0.2724,0.9776926361257611,0.08320958627675963,,,0.96,,0.9600270667260814,0.0399729332739186,0.9898853682144167,0.146614688441347,10,0.025,0.15,0.95594197632017,0.9503814071203303,1.0,0.9481484464572026,0.9506898684407692,0.953984807403024,0.954137956227578,0.9480001201225495,0.9477285266881352,0.9549529916799939,0.9529151534499734,0.9508105894360727
4,3,1.9356363130338263,0.29827213822894166,4167,2.2219129289899553,0.24940047961630696,834,2.216331925573228,0.2721,0.9776143650829857,0.0834117432442083,,,0.96,,0.9600270667260814,0.0399729332739186,0.9898853682144167,0.146614688441347,10,0.025,0.15,0.9543186481220407,0.953219735598084,0.9481484464572026,1.0,0.944832832953503,0.9504305519251449,0.9510943329712629,0.9454003385834391,0.9525266855199762,0.9571619064982424,0.9543721792841183,0.9550092907101573
4,4,1.9427106051734,0.30417566594672424,4167,2.222339493887765,0.27010804321728693,833,2.216355782520922,0.2722,0.9744909905238631,0.0830923832108205,,,0.96,,0.9600270667260814,0.0399729332739186,0.9898853682144167,0.146614688441347,10,0.025,0.15,0.9476850618089281,0.950748644929039,0.9506898684407692,0.944832832953503,1.0,0.9444964710191254,0.9481155613339335,0.9481511685852166,0.9512725998628226,0.9516280186150796,0.9501150871719948,0.9424385210191866
4,5,1.9338043682502977,0.3119270458363331,4167,2.2138538360595703,0.2689075630252101,833,2.2163369112376925,0.2721,0.9754558096255268,0.08315511607160805,,,0.96,,0.9600270667260814,0.0399729332739186,0.9898853682144167,0.146614688441347,10,0.025,0.15,0.9510194228036373,0.9507954879419541,0.953984807403024,0.9504305519251449,0.9444964710191254,1.0,0.9467366793784515,0.9490680216486143,0.9453106170342455,0.9470696142290131,0.9494145934237085,0.9531167904769878
4,6,1.9557722033876361,0.2959923206143509,4167,2.2177134581974576,0.2689075630252101,833,2.2163498099846177,0.2721,0.976292622203542,0.08328574090046634,,,0.96,,0.9600270667260814,0.0399729332739186,0.9898853682144167,0.146614688441347,10,0.025,0.15,0.952389723749294,0.9483507296516748,0.954137956227578,0.9510943329712629,0.9481155613339335,0.9467366793784515,1.0,0.946599494757633,0.9472571362833129,0.9512796759521446,0.9561349178657265,0.9490458223280757
4,7,1.9364604075749716,0.29714422846172306,4167,2.215780394417899,0.2653061224489796,833,2.2168022560167917,0.2721,0.9763757667946714,0.08314747125985535,,,0.96,,0.9600270667260814,0.0399729332739186,0.9898853682144167,0.146614688441347,10,0.025,0.15,0.9537234641576551,0.9575007111258331,0.9480001201225495,0.9454003385834391,0.9481511685852166,0.9490680216486143,0.946599494757633,1.0,0.9478954373769104,0.9501067464013102,0.9517326617375709,0.9540638247713676
4,8,1.9388602628852383,0.3032885261641863,4166,2.2199065004076277,0.25570228091236497,833,2.2163362925565697,0.2721,0.9760407353855854,0.08325806297962866,,,0.96,,0.9600270667260814,0.0399729332739186,0.9898853682144167,0.146614688441347,10,0.025,0.15,0.9484957576072196,0.9537077648281403,0.9477285266881352,0.9525266855199762,0.9512725998628226,0.9453106170342455,0.9472571362833129,0.9478954373769104,1.0,0.9508880006672404,0.9505199068354552,0.9525937804441104
4,9,1.9482324968684803,0.29092654824771963,4166,2.2092398575374057,0.2893157262905162,833,2.2163313944128493,0.2722,0.9781826080145759,0.08347527082016142,,,0.96,,0.9600270667260814,0.0399729332739186,0.9898853682144167,0.146614688441347,10,0.025,0.15,0.9527125217553452,0.9505157713345896,0.9549529916799939,0.9571619064982424,0.9516280186150796,0.9470696142290131,0.9512796759521446,0.9501067464013102,0.9508880006672404,1.0,0.9509321530688271,0.9559511428620215
4,10,1.959933023741751,0.28667786845895343,4166,2.2141694681985036,0.30012004801920766,833,2.2163286903236488,0.2722,0.9790018603134895,0.08351164502255264,,,0.96,,0.9600270667260814,0.0399729332739186,0.9898853682144167,0.146614688441347,10,0.025,0.15,0.9561394555672166,0.9532073026480866,0.9529151534499734,0.9543721792841183,0.9501150871719948,0.9494145934237085,0.9561349178657265,0.9517326617375709,0.9505199068354552,0.9509321530688271,1.0,0.9573086880514065
4,11,1.9184291391661672,0.31267402784445514,4166,2.218290056501116,0.28691476590636256,833,2.2163335522518883,0.2722,0.9793810205532363,0.08350663893322188,,,0.96,,0.9600270667260814,0.0399729332739186,0.9898853682144167,0.146614688441347,10,0.025,0.15,0.9576547619131264,0.9592209483585243,0.9508105894360727,0.9550092907101573,0.9424385210191866,0.9531167904769878,0.9490458223280757,0.9540638247713676,0.9525937804441104,0.9559511428620215,0.9573086880514065,1.0
5,0,1.9004187825954322,0.31768658507319414,4167,2.1836228711264476,0.2733812949640288,834,2.18112788924688,0.2912,0.9766890958705094,0.08347465293336384,,,0.96,,0.9600270667260814,0.0399729332739186,0.9932554169331598,0.14614339144530142,10,0.025,0.15,1.0,0.9508029213998958,0.9502912915731604,0.948248938832404,0.9394638558548708,0.9451869070947543,0.9457421291485868,0.9467564266405377,0.9421502918906911,0.9484440115638191,0.9505092315081293,0.9512474427776135
5,1,1.8945433609413378,0.3138468922486201,4167,2.1717937333243236,0.31534772182254195,834,2.1811257314078416,0.291,0.975440838533104,0.08348090040253214,,,0.96,,0.9600270667260814,0.0399729332739186,0.9932554169331598,0.14614339144530142,10,0.025,0.15,0.9508029213998958,1.0,0.9432471909518599,0.9459053993221397,0.941621276463408,0.944900498838712,0.9415136525932803,0.948330087390618,0.9465990273183701,0.9440946597719914,0.947506814899476,0.9497027016166074
5,2,1.8835041403770447,0.32119030477561794,4167,2.1824586391448975,0.290167865707434,834,2.1813680159894724,0.2911,0.9752319673147993,0.08328745981885556,,,0.96,,0.9600270667260814,0.0399729332739186,0.9932554169331598,0.14614339144530142,10,0.025,0.15,0.9502912915731604,0.9432471909518599,1.0,0.9416575698922055,0.9447968549943333,0.9489436588698202,0.9469720135252828,0.9417186119490797,0.9407025215042502,0.9512191266757947,0.9492517691507549,0.9431900886489005
5,3,1.8882467345757918,0.3126709863210943,4167,2.189621686935425,0.27577937649880097,834,2.1811314262921297,0.2912,0.9739718345811923,0.08337154996247723,,,0.96,,0.9600270667260814,0.0399729332739186,0.9932554169331598,0.14614339144530142,10,0.025,0.15,0.948248938832404,0.9459053993221397,0.9416575698922055,1.0,0.934636571672989,0.9438341308537128,0.9444936242287637,0.9361990802459296,0.9449899334997548,0.9512760071572218,0.9483317868643281,0.9474828959830072
5,4,1.8982801881703464,0.31751859851211905,4167,2.18943418775286,0.27490996398559425,833,2.1811599671086177,0.2913,0.9698772356827211,0.08304043381219998,,,0.96,,0.9600270667260814,0.0399729332739186,0.9932554169331598,0.14614339144530142,10,0.025,0.15,0.9394638558548708,0.941621276463408,0.9447968549943333,0.934636571672989,1.0,0.9366759859817598,0.9404840914984435,0.9394642861996738,0.942740712480833,0.9456423170605233,0.9426155052240028,0.9313605183255893
5,5,1.8915172696113587,0.32510199184065275,4167,2.1790624346051897,0.28811524609843936,833,2.1811362097534954,0.2912,0.9730025670729551,0.0831811001450714,,,0.96,,0.9600270667260814,0.0399729332739186,0.9932554169331598,0.14614339144530142,10,0.025,0.15,0.9451869070947543,0.944900498838712,0.9489436588698202,0.9438341308537128,0.9366759859817598,1.0,0.941744367973033,0.9421487810673765,0.9389566136922455,0.9436966022868245,0.9453940528832759,0.944469426861594
5,6,1.914834985227296,0.3086633069354452,4167,2.182411330086844,0.2845138055222089,833,2.1811522501933425,0.2912,0.9734067177139992,0.08327513353342152,,,0.96,,0.9600270667260814,0.0399729332739186,0.9932554169331598,0.14614339144530142,10,0.025,0.15,0.9457421291485868,0.9415136525932803,0.9469720135252828,0.9444936242287637,0.9404840914984435,0.941744367973033,1.0,0.9398020998562016,0.9413313500129397,0.9451562385725717,0.950887568643334,0.9424585640395172
5,7,1.894520845196464,0.3132949364050876,4167,2.1803103174482072,0.2845138055222089,833,2.181709941429428,0.2912,0.9722838868981191,0.083152951224337,,,0.96,,0.9600270667260814,0.0399729332739186,0.9932554169331598,0.14614339144530142,10,0.025,0.15,0.9467564266405377,0.948330087390618,0.9417186119490797,0.9361990802459296,0.9394642861996738,0.9421487810673765,0.9398020998562016,1.0,0.9388702167294251,0.9430797688819167,0.9472517845769501,0.9439250429378088
5,8,1.8993610923940485,0.3173547767642823,4166,2.185494933809553,0.27010804321728693,833,2.1811354492284076,0.2912,0.9725695196324242,0.08323072123166604,,,0.96,,0.9600270667260814,0.0399729332739186,0.9932554169331598,0.14614339144530142,10,0.025,0.15,0.9421502918906911,0.9465990273183701,0.9407025215042502,0.9449899334997548,0.942740712480833,0.9389566136922455,0.9413313500129397,0.9388702167294251,1.0,0.9434857943442765,0.9464981103514709,0.9444827963887633
5,9,1.9051252607143287,0.30655304848775805,4166,2.172609431403024,0.31212484993997597,833,2.1811314504357835,0.2913,0.9763214481137844,0.08348743356553144,,,0.96,,0.9600270667260814,0.0399729332739186,0.9932554169331598,0.14614339144530142,10,0.025,0.15,0.9484440115638191,0.9440946597719914,0.9512191266757947,0.9512760071572218,0.9456423170605233,0.9436966022868245,0.9451562385725717,0.9430797688819167,0.9434857943442765,1.0,0.9490738114421711,0.9493791566217329
5,10,1.9189118891051322,0.3021843494959193,4166,2.178785971232823,0.31812725090036015,833,2.181127798708179,0.2911,0.977598878517533,0.08355157323070422,,,0.96,,0.9600270667260814,0.0399729332739186,0.9932554169331598,0.14614339144530142,10,0.025,0.15,0.9505092315081293,0.947506814899476,0.9492517691507549,0.9483317868643281,0.9426155052240028,0.9453940528832759,0.950887568643334,0.9472517845769501,0.9464981103514709,0.9490738114421711,1.0,0.9521344025916264
5,11,1.8786729288823676,0.3256601056168987,4166,2.1829377583095004,0.30732292917166865,833,2.1811336324184754,0.291,0.9750703929762099,0.08346609013983974,,,0.96,,0.9600270667260814,0.0399729332739186,0.9932554169331598,0.14614339144530142,10,0.025,0.15,0.9512474427776135,0.9497027016166074,0.9431900886489005,0.9474828959830072,0.9313605183255893,0.944469426861594,0.9424585640395172,0.9439250429378088,0.9444827963887633,0.9493791566217329,0.9521344025916264,1.0
6,0,1.8576287406863587,0.33280537556995443,4167,2.1447137764522006,0.29376498800959233,834,2.1414943435524085,0.3105,0.9727040368389063,0.08349542837327273,,,0.96,,0.9600270667260814,0.0399729332739186,0.9947882878665623,0.14556306679384093,10,0.025,0.15,1.0,0.943271544649357,0.9401061396900732,0.9399519569026303,0.9337149962985333,0.9365711103241379,0.937439158361251,0.9368074456396881,0.9344780048903613,0.9404983842022884,0.9410539824099068,0.9431833240690773
6,1,1.8600757905931184,0.3271898248140149,4167,2.1290863241468156,0.3345323741007194,834,2.141490546962883,0.3103,0.9716010026757209,0.08346330795199397,,,0.96,,0.9600270667260814,0.0399729332739186,0.9947882878665623,0.14556306679384093,10,0.025,0.15,0.943271544649357,1.0,0.9349674336222302,0.9372032216739703,0.9343956834117229,0.9363039561974337,0.9328961710510415,0.9402841415498587,0.9390164825797886,0.9367263770096216,0.9386176919805838,0.9405719377520261
6,2,1.8488084937586928,0.33054955603551717,4167,2.142747095652989,0.3009592326139089,834,2.141778294044205,0.3105,0.9711437834671809,0.08332845456128826,,,0.96,,0.9600270667260814,0.0399729332739186,0.9947882878665623,0.14556306679384093,10,0.025,0.15,0.9401061396900732,0.9349674336222302,1.0,0.9332167479017732,0.9361654760677356,0.9409697162173023,0.9386914209012068,0.9340575589754014,0.9327804792999275,0.9430429689115314,0.9410622235061809,0.9340182593162588
6,3,1.8462454239527384,0.32524598032157426,4167,2.1529126167297363,0.2961630695443645,834,2.1414979651004455,0.3103,0.970500318707128,0.08335959328176853,,,0.96,,0.9600270667260814,0.0399729332739186,0.9947882878665623,0.14556306679384093,10,0.025,0.15,0.9399519569026303,0.9372032216739703,0.9332167479017732,1.0,0.9283994466873943,0.9363035952609698,0.9366813526858286,0.9284714008590629,0.9376379319708936,0.9448190473413578,0.9419634723210065,0.9368125218729876
6,4,1.8651225938941494,0.33028557715382767,4167,2.1520794459751675,0.3013205282112845,833,2.1415305197993413,0.3108,0.9668327889110759,0.08303462291025669,,,0.96,,0.9600270667260814,0.0399729332739186,0.9947882878665623,0.14556306679384093,10,0.025,0.15,0.9337149962985333,0.9343956834117229,0.9361654760677356,0.9283994466873943,1.0,0.9295798992037855,0.933734100292934,0.9322586183904557,0.9335094370317061,0.9387152333613902,0.9340603812080948,0.9245606183855358
6,5,1.856124381946795,0.33933285337173025,4167,2.1399974482400075,0.31452581032412963,833,2.141502069521554,0.3107,0.968999030564634,0.08319252444220744,,,0.96,,0.9600270667260814,0.0399729332739186,0.9947882878665623,0.14556306679384093,10,0.025,0.15,0.9365711103241379,0.9363039561974337,0.9409697162173023,0.9363035952609698,0.9295798992037855,1.0,0.9327265242729477,0.9338962403131702,0.9307536642610013,0.9359043341699571,0.9363398719380095,0.9348253309582205
6,6,1.877105425343369,0.32181425485961124,4167,2.1428487982068742,0.30012004801920766,833,2.141520974002307,0.3107,0.9693867381513178,0.08326347688738284,,,0.96,,0.9600270667260814,0.0399729332739186,0.9947882878665623,0.14556306679384093,10,0.025,0.15,0.937439158361251,0.9328961710510415,0.9386914209012068,0.9366813526858286,0.933734100292934,0.9327265242729477,1.0,0.9312394015187407,0.9354775144889331,0.9368214110955724,0.9422673021464673,0.930646109438375
6,7,1.8592951817946,0.3233741300695944,4167,2.140756402696882,0.3037214885954382,833,2.142173794251454,0.3099,0.9683172337787074,0.08315282387495612,,,0.96,,0.9600270667260814,0.0399729332739186,0.9947882878665623,0.14556306679384093,10,0.025,0.15,0.9368074456396881,0.9402841415498587,0.9340575589754014,0.9284714008590629,0.9322586183904557,0.9338962403131702,0.9312394015187407,1.0,0.931089314336424,0.9349373746903462,0.9381084878251981,0.9351048361233678
6,8,1.8625444307471766,0.33125300048007683,4166,2.1462344101497104,0.290516206482593,833,2.141501152062718,0.3107,0.9690251868760865,0.08322414314177136,,,0.96,,0.9600270667260814,0.0399729332739186,0.9947882878665623,0.14556306679384093,10,0.025,0.15,0.9344780048903613,0.9390164825797886,0.9327804792999275,0.9376379319708936,0.9335094370317061,0.9307536642610013,0.9354775144889331,0.931089314336424,1.0,0.9336794669012132,0.9405808338746651,0.9354298043700964
6,9,1.8702896110939258,0.3170187229956793,4166,2.1314600876399448,0.3289315726290516,833,2.141498604907265,0.3105,0.9726534406253358,0.08350170135153853,,,0.96,,0.9600270667260814,0.0399729332739186,0.9947882878665623,0.14556306679384093,10,0.025,0.15,0.9404983842022884,0.9367263770096216,0.9430429689115314,0.9448190473413578,0.9387152333613902,0.9359043341699571,0.9368214110955724,0.9349373746903462,0.9336794669012132,1.0,0.9395775702052078,0.9417835150411725
6,10,1.885438097968246,0.31204992798847814,4166,2.1390152658735,0.33373349339735897,833,2.1414938154099863,0.3105,0.9735234969127827,0.08356985947885028,,,0.96,,0.9600270667260814,0.0399729332739186,0.9947882878665623,0.14556306679384093,10,0.025,0.15,0.9410539824099068,0.9386176919805838,0.9410622235061809,0.9419634723210065,0.9340603812080948,0.9363398719380095,0.9422673021464673,0.9381084878251981,0.9405808338746651,0.9395775702052078,1.0,0.9429569177193675
6,11,1.8378077120491954,0.33922227556409024,4166,2.143156051635742,0.32533013205282113,833,2.141500820087481,0.3103,0.9703733059622035,0.08341406374471312,,,0.96,,0.9600270667260814,0.0399729332739186,0.9947882878665623,0.14556306679384093,10,0.025,0.15,0.9431833240690773,0.9405719377520261,0.9340182593162588,0.9368125218729876,0.9245606183855358,0.9348253309582205,0.930646109438375,0.9351048361233678,0.9354298043700964,0.9417835150411725,0.9429569177193675,1.0
