round,client_id,client_i_training_loss,client_i_training_accuracy,client_i_training_dataset_size,client_i_evaluation_loss,client_i_evaluation_accuracy,client_i_evaluation_dataset_size,client_i_central_evaluation_loss,client_i_central_evaluation_accuracy,client_i_cosine_similarity,client_i_importance_coefficient,client_i_tanh_val,tanh_normalization_value,client_i_q,client_i_mask_order,client_i_v_nonzero_fraction,client_i_v_sparsity,client_i_v_cosine_similarity,client_i_reward_gradient_norm,local_epochs,learning_rate,gamma,client_0_cosine_similarity,client_1_cosine_similarity,client_2_cosine_similarity,client_3_cosine_similarity,client_4_cosine_similarity,client_5_cosine_similarity,client_6_cosine_similarity,client_7_cosine_similarity,client_8_cosine_similarity,client_9_cosine_similarity,client_10_cosine_similarity,client_11_cosine_similarity
0,0,0.3514495781866039,0.89096,5000,2.1857366915102356,0.45083932853717024,834,2.192385808347513,0.4361,0.788336995709229,0.0830849986647276,,,0.6342299678506788,,0.6342452688118067,0.36575473118819335,0,0.39385713009968726,5,0.1,0.5,1.0,0.5843576626398833,0.5989670582908072,0.5918564328876744,0.5736068518485193,0.5890077065109165,0.6037429056599565,0.5836224552899261,0.5988368046246708,0.5875625122755154,0.5819413949721624,0.5864913415323293
0,1,0.34621474489237475,0.89312,5000,2.1932876463289612,0.4196642685851319,834,2.1919659174288424,0.4363,0.7910280403610492,0.08336861524306928,,,0.7285931216890171,,0.7286080016063451,0.2713919983936549,0,0.39481142298483857,5,0.1,0.5,0.5843576626398833,1.0,0.5964463013277551,0.586282162301383,0.5878439985279779,0.5919140145313814,0.6021465814317076,0.5913446994629536,0.594968690136172,0.5899863182616415,0.5954741503500849,0.5847620369583014
0,2,0.3412099576157749,0.89056,5000,2.1835393464123762,0.46402877697841727,834,2.19166859574973,0.4378,0.7938538691819564,0.08366643709475163,,,0.8276825662167053,,0.8276994126800863,0.1723005873199137,0,0.3952201657426857,5,0.1,0.5,0.5989670582908072,0.5964463013277551,1.0,0.5932472720765845,0.6001111254588929,0.5842142845934836,0.5957070527414369,0.5868763341245924,0.5932608943605685,0.5860980573237785,0.598083891052515,0.5993267094832683
0,3,0.33308533157880427,0.8984,5000,2.188369901091964,0.44004796163069543,834,2.192593997278914,0.4359,0.7874337857229585,0.08298980688645043,,,0.6025583481229619,,0.6025801917574419,0.39741980824255807,0,0.39335651956299206,5,0.1,0.5,0.5918564328876744,0.586282162301383,0.5932472720765845,1.0,0.5881385889008997,0.5843149803052478,0.5866766031841066,0.5737082911086561,0.5924288025454315,0.5878422836366489,0.5898558342436764,0.5970719337030399
0,4,0.32785840582007625,0.89724,5000,2.193717082341512,0.4141656662665066,833,2.1930924086525034,0.4337,0.7862569494316289,0.08286577688122942,,,0.5612918518847226,,0.5613071632950153,0.4386928367049847,0,0.3925304554862413,5,0.1,0.5,0.5736068518485193,0.5878439985279779,0.6001111254588929,0.5881385889008997,1.0,0.5780734965425018,0.5927329759450447,0.5852485230733082,0.5927628523283456,0.5800208248949121,0.5897430408418186,0.5919747033414546
0,5,0.32958490205750723,0.89924,5000,2.1862765594764992,0.4369747899159664,833,2.1932263366711404,0.4336,0.785934928850634,0.08283183824878214,,,0.55,,0.5500125495708047,0.4499874504291953,0,0.3922611681285817,5,0.1,0.5,0.5890077065109165,0.5919140145313814,0.5842142845934836,0.5843149803052478,0.5780734965425018,1.0,0.6000567951739016,0.5865577941278957,0.5861673660706177,0.579165149202218,0.5918712629713927,0.5858586962129126
0,6,0.33257067396222456,0.89708,5000,2.1895983395753085,0.44417767106842737,833,2.191597976623633,0.4377,0.7972700403875441,0.08402647674987322,,,0.94747273350097,,0.9474825560965815,0.052517443903418504,0,0.3953436868882583,5,0.1,0.5,0.6037429056599565,0.6021465814317076,0.5957070527414369,0.5866766031841066,0.5927329759450447,0.6000567951739016,1.0,0.5963609142283579,0.6010426751689585,0.5944702878542972,0.592141555457446,0.5996743577771507
0,7,0.34399453687250237,0.89276,5000,2.1905327373080783,0.453781512605042,833,2.192428701601851,0.4361,0.7882224039913147,0.08307292152921104,,,0.6302117380160946,,0.6302344259826314,0.36976557401736865,0,0.39379967244965663,5,0.1,0.5,0.5836224552899261,0.5913446994629536,0.5868763341245924,0.5737082911086561,0.5852485230733082,0.5865577941278957,0.5963609142283579,1.0,0.6073144332148953,0.5928194033399645,0.5840288645780275,0.5910241275165341
0,8,0.3439600238801947,0.89296,5000,2.1925272853286177,0.44057623049219685,833,2.1915991725251316,0.4377,0.7973421128631235,0.08403407266579478,,,0.9499999996672861,,0.9500025099141609,0.04999749008583909,0,0.3953440879147172,5,0.1,0.5,0.5988368046246708,0.594968690136172,0.5932608943605685,0.5924288025454315,0.5927628523283456,0.5861673660706177,0.6010426751689585,0.6073144332148953,1.0,0.6084607290980508,0.5866818342653876,0.6035114685404295
0,9,0.34350253762617994,0.88992,5000,2.1999233916953758,0.4225690276110444,833,2.19209842026805,0.4361,0.7900645308722264,0.08326706833479526,,,0.6948070624138611,,0.6948145173435069,0.30518548265649315,0,0.3945475671716998,5,0.1,0.5,0.5875625122755154,0.5899863182616415,0.5860980573237785,0.5878422836366489,0.5800208248949121,0.579165149202218,0.5944702878542972,0.5928194033399645,0.6084607290980508,1.0,0.5972774604019279,0.5926815052175936
0,10,0.34352010307228487,0.893,5000,2.20111851338987,0.40936374549819926,833,2.192112714718706,0.4364,0.7899557798577553,0.0832556067670377,,,0.6909936404768935,,0.6910044676472065,0.30899553235279353,0,0.39451182185426203,5,0.1,0.5,0.5819413949721624,0.5954741503500849,0.598083891052515,0.5898558342436764,0.5897430408418186,0.5918712629713927,0.592141555457446,0.5840288645780275,0.5866818342653876,0.5972774604019279,1.0,0.5882533777511495
0,11,0.34413655701265405,0.89196,5000,2.1921740108066134,0.4429771908763505,833,2.1918214266292586,0.4371,0.792619854805482,0.08353638093427752,,,0.7844110848731253,,0.7844184528889112,0.2155815471110888,0,0.3950916946053772,5,0.1,0.5,0.5864913415323293,0.5847620369583014,0.5993267094832683,0.5970719337030399,0.5919747033414546,0.5858586962129126,0.5996743577771507,0.5910241275165341,0.6035114685404295,0.5926815052175936,0.5882533777511495,1.0
1,0,0.32055029384080014,0.90208,5000,2.0199802451663547,0.7422062350119905,834,2.0298877771670063,0.7266,0.8120801537402659,0.08314255374513242,,,0.636732276480074,,0.6367501631444205,0.36324983685557954,0.9568843909719412,0.40476453411496915,5,0.1,0.5,1.0,0.6210179412791895,0.6326462362141139,0.6264388187779046,0.6316097856041202,0.6289021182074216,0.6343054850731012,0.6296431706752854,0.6382584862167633,0.6313102082777322,0.6203889634567211,0.6276753267968497
1,1,0.30818054396896416,0.90824,5000,2.0339326946823686,0.7122302158273381,834,2.0291805945265406,0.7276,0.8079622868292625,0.08318675074596729,,,0.6528818923716588,,0.6528939310275589,0.3471060689724411,0.9577796727115908,0.4050053185683522,5,0.1,0.5,0.6210179412791895,1.0,0.6359995842286249,0.6161780266869832,0.6322161151398008,0.624538912880711,0.6215133960460346,0.617059440026623,0.6292093439454479,0.6253327832212221,0.6312092639315027,0.6265379985328959
1,2,0.30081995803222156,0.90596,5000,2.0226388860631874,0.7470023980815348,834,2.027445577204037,0.7298,0.8166637425097858,0.08368615903492059,,,0.8353660403300918,,0.8353847698408714,0.1646152301591286,0.960069540529754,0.4063040619593348,5,0.1,0.5,0.6326462362141139,0.6359995842286249,1.0,0.6304121090402144,0.6318247253043472,0.6242815478368365,0.6273567492930247,0.6331416176446317,0.6392910228525829,0.6387178710039795,0.6342831586721647,0.6364292221219271
1,3,0.299260138072204,0.9102,5000,2.0264833326692933,0.7266187050359713,834,2.0311052665923732,0.7234,0.8091237636335827,0.08297683747210217,,,0.5761794311315267,,0.5761959740976859,0.42380402590231414,0.9550330266032797,0.40355594243117576,5,0.1,0.5,0.6264388187779046,0.6161780266869832,0.6304121090402144,1.0,0.6284580612375038,0.6202812912796943,0.6205675621488501,0.6347603905241735,0.6312079251108843,0.6314037402863166,0.6263966555078644,0.6278176658986274
1,4,0.288718535848389,0.91148,5000,2.032320812896446,0.7286914765906363,833,2.0310789213393825,0.7243,0.8155304005103071,0.08311768893020982,,,0.627646655224558,,0.6276592540535114,0.3723407459464886,0.9543712758844273,0.4046160191314376,5,0.1,0.5,0.6316097856041202,0.6322161151398008,0.6318247253043472,0.6284580612375038,1.0,0.6373515544388494,0.6247313701638195,0.6364536028588876,0.6307630274690645,0.6384830760001959,0.6317797355949908,0.6333732426990376
1,5,0.29443428571733415,0.90904,5000,2.020812153816223,0.7154861944777912,833,2.0322451793347684,0.7227,0.8100650518959628,0.0829051916603786,,,0.55,,0.5500125495708047,0.4499874504291953,0.9533618151045996,0.4028530839478461,5,0.1,0.5,0.6289021182074216,0.624538912880711,0.6242815478368365,0.6202812912796943,0.6373515544388494,1.0,0.6331336529218571,0.6221782768094033,0.6254152315659401,0.6307119696049562,0.6311978765789068,0.6258230236212678
1,6,0.29839926260956534,0.90488,5000,2.023416797320048,0.7551020408163265,833,2.027328641269915,0.7305,0.8105654802651957,0.08371198107052642,,,0.8448014307116947,,0.8448120074293459,0.15518799257065408,0.9603317912193139,0.40632436596218174,5,0.1,0.5,0.6343054850731012,0.6215133960460346,0.6273567492930247,0.6205675621488501,0.6247313701638195,0.6331336529218571,1.0,0.6261858533323006,0.637402600575282,0.6284371489227679,0.6229383740422867,0.626700813902775
1,7,0.30006986128012086,0.9068,5000,2.030554758177863,0.723889555822329,833,2.0300486819050945,0.7263,0.8118450525022006,0.08312639724288766,,,0.6308286789400666,,0.6308468450378997,0.3691531549621003,0.956654670959885,0.40466774925681037,5,0.1,0.5,0.6296431706752854,0.617059440026623,0.6331416176446317,0.6347603905241735,0.6364536028588876,0.6221782768094033,0.6261858533323006,1.0,0.6320496931007022,0.6308377853325486,0.6246913053462967,0.6330867612810571
1,8,0.30235536125945345,0.90716,5000,2.0311781962712607,0.7262905162064826,833,2.0272768503560807,0.7304,0.8186994599577769,0.08399988025461386,,,0.9499999996345992,,0.9500025099141609,0.04999749008583909,0.9605643974097157,0.40642379038663845,5,0.1,0.5,0.6382584862167633,0.6292093439454479,0.6392910228525829,0.6312079251108843,0.6307630274690645,0.6254152315659401,0.637402600575282,0.6320496931007022,1.0,0.6377464109912757,0.6438041587687128,0.6374439127576261
1,9,0.30138853252954356,0.90744,5000,2.0358417210755526,0.7274909963985594,833,2.0286410593757993,0.7291,0.8157327668133361,0.08338988958522814,,,0.727108970335211,,0.727127152251393,0.272872847748607,0.9582466729502032,0.4058015996334001,5,0.1,0.5,0.6313102082777322,0.6253327832212221,0.6387178710039795,0.6314037402863166,0.6384830760001959,0.6307119696049562,0.6284371489227679,0.6308377853325486,0.6377464109912757,1.0,0.6298580359246068,0.6342738658417245
1,10,0.30036675353819253,0.90988,5000,2.035901493496365,0.7070828331332533,833,2.0291155786179127,0.7285,0.8122423656621242,0.08326092843167052,,,0.6799864720762766,,0.6799909643090206,0.3200090356909794,0.9578233026751355,0.4053512735187116,5,0.1,0.5,0.6203889634567211,0.6312092639315027,0.6342831586721647,0.6263966555078644,0.6317797355949908,0.6311978765789068,0.6229383740422867,0.6246913053462967,0.6438041587687128,0.6298580359246068,1.0,0.6264920184669621
1,11,0.2948964639537179,0.90804,5000,2.028521745293229,0.7130852340936374,833,2.0279640397324727,0.7291,0.813659520764405,0.08349574182636253,,,0.765787455374747,,0.7658049294714121,0.2341950705285879,0.9594804978522178,0.40604766069856696,5,0.1,0.5,0.6276753267968497,0.6265379985328959,0.6364292221219271,0.6278176658986274,0.6333732426990376,0.6258230236212678,0.626700813902775,0.6330867612810571,0.6374439127576261,0.6342738658417245,0.6264920184669621,1.0
2,0,0.28546763995104724,0.91564,5000,1.8110316197077434,0.86810551558753,834,1.8241806681544637,0.8552,0.8109413813372895,0.08311553524002951,,,0.95,,0.9500025099141609,0.04999749008583909,0.9651936544650894,0.4067856792079337,5,0.1,0.5,1.0,0.6286716425390115,0.6252822430917092,0.626097308890799,0.6318306131894627,0.6352777892810035,0.6283327243707441,0.6231348656333252,0.6343709891393232,0.6292414448411296,0.6293897902922585,0.626377985417753
2,1,0.27228882321109105,0.92088,5000,1.8317953171553436,0.8309352517985612,834,1.8232657867498672,0.8558,0.8157463842085872,0.08331178567185378,,,0.95,,0.9500025099141609,0.04999749008583909,0.9658086830023069,0.4067856792079337,5,0.1,0.5,0.6286716425390115,1.0,0.6381915573208322,0.6221329573979905,0.6472334602694282,0.6352526303735001,0.635963304452297,0.6277355287046694,0.6226340818883832,0.6369123104160481,0.6356010715437744,0.6344161003921769
2,2,0.26681531136914804,0.91964,5000,1.820329639646742,0.86810551558753,834,1.8209273019156897,0.8575,0.8108009376947879,0.08346974260363377,,,0.95,,0.9500025099141609,0.04999749008583909,0.9690383914241156,0.4067856792079337,5,0.1,0.5,0.6252822430917092,0.6381915573208322,1.0,0.6247749552881349,0.6332153439828265,0.623211638011913,0.6245134627423483,0.629112456265811,0.6243256874129812,0.633180503612934,0.6290628523696534,0.6293776129149486
2,3,0.2666661380606282,0.92176,5000,1.8207468942359641,0.8465227817745803,834,1.8258000836966517,0.8536,0.8081681914088508,0.08290965252060757,,,0.95,,0.9500025099141609,0.04999749008583909,0.9621119835779266,0.4067856792079337,5,0.1,0.5,0.626097308890799,0.6221329573979905,0.6247749552881349,1.0,0.6316935178639986,0.6319378755296936,0.625031490567276,0.6247231096976236,0.6231550765394478,0.6276408326715284,0.6265213333693247,0.6280451467442891
2,4,0.25793498818151606,0.92088,5000,1.827835241953532,0.8643457382953181,833,1.8256984827236626,0.8537,0.821736040016211,0.0834744072929047,,,0.95,,0.9500025099141609,0.04999749008583909,0.964827786567988,0.4067856792079337,5,0.1,0.5,0.6318306131894627,0.6472334602694282,0.6332153439828265,0.6316935178639986,1.0,0.643057636665615,0.6406806684193164,0.6430201847852752,0.6315471088222058,0.6454972549025876,0.6390210690785613,0.6367638589155883
2,5,0.26536155540353745,0.92108,5000,1.8126562348118536,0.8523409363745498,833,1.8272471530749774,0.8528,0.8157397348935275,0.08312556459078996,,,0.95,,0.9500025099141609,0.04999749008583909,0.9603297926086249,0.4067856792079337,5,0.1,0.5,0.6352777892810035,0.6352526303735001,0.623211638011913,0.6319378755296936,0.643057636665615,1.0,0.6362045609338852,0.6306409565979377,0.6226246486628536,0.6397891926328131,0.63788543320038,0.6301539819452132
2,6,0.26264363617330766,0.92272,5000,1.8136083240862246,0.8703481392557023,833,1.8207645629541562,0.8576,0.8129204900441426,0.08356049021233064,,,0.95,,0.9500025099141609,0.04999749008583909,0.969072399532943,0.4067856792079337,5,0.1,0.5,0.6283327243707441,0.635963304452297,0.6245134627423483,0.625031490567276,0.6406806684193164,0.6362045609338852,1.0,0.6319646930302287,0.6281287169414268,0.6315451872469385,0.6242049256733024,0.6283211108771304
2,7,0.2685348760028174,0.91952,5000,1.8265177497157343,0.858343337334934,833,1.8244017804392612,0.8551,0.8115829135791557,0.08312716681574683,,,0.95,,0.9500025099141609,0.04999749008583909,0.9649556958163231,0.4067856792079337,5,0.1,0.5,0.6231348656333252,0.6277355287046694,0.629112456265811,0.6247231096976236,0.6430201847852752,0.6306409565979377,0.6319646930302287,1.0,0.6276665463664639,0.6258990029000756,0.6297442628009502,0.6307147485905732
2,8,0.27855426854213733,0.91616,5000,1.8288856391553525,0.8547418967587035,833,1.8207009371858054,0.8576,0.8097995814422471,0.08364216382407354,,,0.95,,0.9500025099141609,0.04999749008583909,0.9692922919945893,0.4067856792079337,5,0.1,0.5,0.6343709891393232,0.6226340818883832,0.6243256874129812,0.6231550765394478,0.6315471088222058,0.6226246486628536,0.6281287169414268,0.6276665463664639,1.0,0.6286204447380795,0.6238951992550251,0.6360341489819399
2,9,0.26742110348271003,0.91888,5000,1.8286778926849365,0.8631452581032413,833,1.8225216107627453,0.8561,0.8165163821969362,0.08347274385659036,,,0.95,,0.9500025099141609,0.04999749008583909,0.9678676354950579,0.4067856792079337,5,0.1,0.5,0.6292414448411296,0.6369123104160481,0.633180503612934,0.6276408326715284,0.6454972549025876,0.6397891926328131,0.6315451872469385,0.6258990029000756,0.6286204447380795,1.0,0.6325715050109623,0.6404973526441926
2,10,0.26858406898915577,0.91908,5000,1.8261425627602472,0.851140456182473,833,1.8231317558989357,0.8558,0.8137938300850257,0.08329290104216956,,,0.95,,0.9500025099141609,0.04999749008583909,0.9667368420256164,0.4067856792079337,5,0.1,0.5,0.6293897902922585,0.6356010715437744,0.6290628523696534,0.6265213333693247,0.6390210690785613,0.63788543320038,0.6242049256733024,0.6297442628009502,0.6238951992550251,0.6325715050109623,1.0,0.6375566804310039
2,11,0.26292121697774834,0.91808,5000,1.8231477560820404,0.8427370948379351,833,1.8215908630968283,0.8566,0.8152272113612609,0.08349784632926985,,,0.95,,0.9500025099141609,0.04999749008583909,0.9684766243268343,0.4067856792079337,5,0.1,0.5,0.626377985417753,0.6344161003921769,0.6293776129149486,0.6280451467442891,0.6367638589155883,0.6301539819452132,0.6283211108771304,0.6307147485905732,0.6360341489819399,0.6404973526441926,0.6375566804310039,1.0
3,0,0.26240211994547374,0.92328,5000,1.5717739882292572,0.9088729016786571,834,1.5886743643794197,0.902,0.804394794790819,0.08312651513594921,,,0.95,,0.9500025099141609,0.04999749008583909,0.9702543246170072,0.40308921597380354,5,0.1,0.5,1.0,0.6160621767753505,0.6126431143432037,0.6150175283874435,0.6194717820325412,0.6259495022563303,0.6113409757266343,0.6196254113752826,0.6190122134912375,0.613632796185076,0.6186910540970046,0.6114939255812838
3,1,0.245733061845705,0.9264,5000,1.5997317013917145,0.894484412470024,834,1.587591272954362,0.9023,0.8077555569746563,0.0833737586353325,,,0.95,,0.9500025099141609,0.04999749008583909,0.9702543246170072,0.40308921597380354,5,0.1,0.5,0.6160621767753505,1.0,0.6227927647369689,0.6140353755474816,0.62448070186059,0.6218667054103011,0.62117786185503,0.6144133305446713,0.6181966212779197,0.6173426825249106,0.623947349094199,0.6201357963411018
3,2,0.2457667566337593,0.92392,5000,1.588947468333774,0.9112709832134293,834,1.584780129000021,0.9034,0.8023076756671357,0.08328843120289572,,,0.95,,0.9500025099141609,0.04999749008583909,0.9702543246170072,0.40308921597380354,5,0.1,0.5,0.6126431143432037,0.6227927647369689,1.0,0.6100587717930354,0.6096453608627199,0.6190025686052348,0.6045319711180673,0.6192641793969522,0.6180362428682599,0.6145065495957913,0.6171470969836526,0.6134651741782692
3,3,0.24396257552371664,0.9272,5000,1.5849624077479045,0.8932853717026379,834,1.5906087647611722,0.9012,0.8048161700043132,0.0830047892946217,,,0.95,,0.9500025099141609,0.04999749008583909,0.9702543246170072,0.40308921597380354,5,0.1,0.5,0.6150175283874435,0.6140353755474816,0.6100587717930354,1.0,0.6143873966752225,0.6276650253922409,0.6145171827480347,0.6213063538427809,0.6180681047994128,0.6162109087897453,0.6186211603349416,0.6180785252900726
3,4,0.23687246716017746,0.92864,5000,1.5941769546932645,0.907563025210084,833,1.5904078826355859,0.9016,0.8036046054317096,0.08333675187940892,,,0.95,,0.9500025099141609,0.04999749008583909,0.9702543246170072,0.40308921597380354,5,0.1,0.5,0.6194717820325412,0.62448070186059,0.6096453608627199,0.6143873966752225,1.0,0.6237897225923089,0.6157172666027472,0.6151255154378148,0.6132978978060718,0.6201444256293619,0.6089729029328803,0.6086110024870486
3,5,0.2408179422834544,0.92696,5000,1.5753746474230732,0.9027611044417767,833,1.592272897117054,0.9011,0.8120038996229197,0.08339852448834263,,,0.95,,0.9500025099141609,0.04999749008583909,0.9702543246170072,0.40308921597380354,5,0.1,0.5,0.6259495022563303,0.6218667054103011,0.6190025686052348,0.6276650253922409,0.6237897225923089,1.0,0.6188935077332465,0.6213483345527974,0.6218988740060262,0.6214291543693204,0.6255708815156618,0.6290700057299043
3,6,0.24275219105688298,0.92828,5000,1.5743043996669628,0.9099639855942377,833,1.5845740614607693,0.9034,0.8021713721836132,0.08334380846378285,,,0.95,,0.9500025099141609,0.04999749008583909,0.9702543246170072,0.40308921597380354,5,0.1,0.5,0.6113409757266343,0.62117786185503,0.6045319711180673,0.6145171827480347,0.6157172666027472,0.6188935077332465,1.0,0.61985414600085,0.6219313688103588,0.6134365454610075,0.6084113153064984,0.6095330035762977
3,7,0.23984125135051218,0.92548,5000,1.5915652734261971,0.907563025210084,833,1.588944954232286,0.9022,0.8090601453269862,0.08329692417977702,,,0.95,,0.9500025099141609,0.04999749008583909,0.9702543246170072,0.40308921597380354,5,0.1,0.5,0.6196254113752826,0.6144133305446713,0.6192641793969522,0.6213063538427809,0.6151255154378148,0.6213483345527974,0.61985414600085,1.0,0.6238543240584158,0.6201100159941593,0.6309528636862084,0.6221161357930407
3,8,0.24671939535950352,0.92668,5000,1.5973797815817374,0.9099639855942377,833,1.5845007987829824,0.9032,0.8089166229883177,0.08363316393815574,,,0.95,,0.9500025099141609,0.04999749008583909,0.9702543246170072,0.40308921597380354,5,0.1,0.5,0.6190122134912375,0.6181966212779197,0.6180362428682599,0.6180681047994128,0.6132978978060718,0.6218988740060262,0.6219313688103588,0.6238543240584158,1.0,0.6208620487224811,0.6192379944199935,0.629823448198311
3,9,0.24679834771853912,0.92476,5000,1.592742959658305,0.907563025210084,833,1.586678450861678,0.9027,0.8051813563659276,0.0833906380656677,,,0.95,,0.9500025099141609,0.04999749008583909,0.9702543246170072,0.40308921597380354,5,0.1,0.5,0.613632796185076,0.6173426825249106,0.6145065495957913,0.6162109087897453,0.6201444256293619,0.6214291543693204,0.6134365454610075,0.6201100159941593,0.6208620487224811,1.0,0.6146469224664618,0.6165392754190815
3,10,0.25035394028920654,0.9262,5000,1.5870346404888012,0.8967587034813925,833,1.5873940703206169,0.9026,0.8073432482076435,0.08334686632265674,,,0.95,,0.9500025099141609,0.04999749008583909,0.9702543246170072,0.40308921597380354,5,0.1,0.5,0.6186910540970046,0.623947349094199,0.6171470969836526,0.6186211603349416,0.6089729029328803,0.6255708815156618,0.6084113153064984,0.6309528636862084,0.6192379944199935,0.6146469224664618,1.0,0.6244909795953572
3,11,0.24664026056149393,0.92524,5000,1.5882525267424408,0.8811524609843937,833,1.585556102636904,0.9032,0.8066883897138599,0.08345982839340928,,,0.95,,0.9500025099141609,0.04999749008583909,0.9702543246170072,0.40308921597380354,5,0.1,0.5,0.6114939255812838,0.6201357963411018,0.6134651741782692,0.6180785252900726,0.6086110024870486,0.6290700057299043,0.6095330035762977,0.6221161357930407,0.629823448198311,0.6165392754190815,0.6244909795953572,1.0
4,0,0.23896469109851842,0.92868,5000,1.316290917219939,0.934052757793765,834,1.3375870633049134,0.9226,0.7949935355133563,0.08315452034498663,,,0.95,,0.9500025099141609,0.04999749008583909,0.969851085201232,0.39808241178257897,5,0.1,0.5,1.0,0.5927322683859239,0.5958017850202941,0.597674518922461,0.6070588978715264,0.6043324273771264,0.6010102016789031,0.601412490292547,0.5998898183623859,0.6003127864738045,0.6033556287990058,0.5928226379269453
4,1,0.22901666625076608,0.93112,5000,1.3522970720573708,0.9088729016786571,834,1.336399053613218,0.9235,0.7930293804701705,0.08325025011383481,,,0.95,,0.9500025099141609,0.04999749008583909,0.969851085201232,0.39808241178257897,5,0.1,0.5,0.5927322683859239,1.0,0.5938799225646896,0.5897376618947601,0.6104826329637895,0.6037264179417651,0.6018818388845795,0.5990861631857481,0.5904538976415876,0.5989664890286192,0.6024605591500828,0.5930232489373394
4,2,0.22035860605063332,0.93316,5000,1.343027362117061,0.9220623501199041,834,1.3333166974801987,0.9242,0.787231527222485,0.08299042435828188,,,0.95,,0.9500025099141609,0.04999749008583909,0.969851085201232,0.39808241178257897,5,0.1,0.5,0.5958017850202941,0.5938799225646896,1.0,0.5864955323618696,0.5959533789793346,0.586172464316216,0.5881486582348372,0.5931764796610438,0.6046254260355606,0.5931187685059851,0.590959165095282,0.5930854530445887
4,3,0.21938839134505125,0.93812,5000,1.3337979140105072,0.9232613908872902,834,1.3396998023072753,0.9222,0.7936482695532854,0.0830264103746284,,,0.95,,0.9500025099141609,0.04999749008583909,0.969851085201232,0.39808241178257897,5,0.1,0.5,0.597674518922461,0.5897376618947601,0.5864955323618696,1.0,0.6054506772982374,0.6049921545292412,0.5962658253090753,0.6072994486830663,0.601244732933744,0.5986501385018763,0.5967683992156086,0.5995456073315429
4,4,0.2181409915974423,0.93416,5000,1.3447864629604198,0.921968787515006,833,1.3394053397468104,0.9223,0.8053836185094342,0.08365828731436141,,,0.95,,0.9500025099141609,0.04999749008583909,0.969851085201232,0.39808241178257897,5,0.1,0.5,0.6070588978715264,0.6104826329637895,0.5959533789793346,0.6054506772982374,1.0,0.6163662721005404,0.6130858996371767,0.6173267428120154,0.6074620537125904,0.6146339838958182,0.604958495770238,0.6018676028157584
4,5,0.2210865602484507,0.93388,5000,1.3223261369599237,0.9255702280912365,833,1.34146941355623,0.9222,0.7988908101595464,0.08347200442140837,,,0.95,,0.9500025099141609,0.04999749008583909,0.969851085201232,0.39808241178257897,5,0.1,0.5,0.6043324273771264,0.6037264179417651,0.586172464316216,0.6049921545292412,0.6163662721005404,1.0,0.6100096929659652,0.6033334598805704,0.5975506424339216,0.5990953649708202,0.604692124796211,0.6020883528877009
4,6,0.21879426878016844,0.93448,5000,1.320927964316474,0.929171668667467,833,1.3330707169188478,0.9241,0.7988677153228132,0.083434787292673,,,0.95,,0.9500025099141609,0.04999749008583909,0.969851085201232,0.39808241178257897,5,0.1,0.5,0.6010102016789031,0.6018818388845795,0.5881486582348372,0.5962658253090753,0.6130858996371767,0.6100096929659652,1.0,0.6086378272921528,0.609006360338518,0.6081035903937687,0.5984982095789902,0.5976687187117898
4,7,0.22597069484507962,0.93124,5000,1.3401105138990614,0.9303721488595438,833,1.3378814835898794,0.9226,0.7992163618693046,0.0834158003160477,,,0.95,,0.9500025099141609,0.04999749008583909,0.969851085201232,0.39808241178257897,5,0.1,0.5,0.601412490292547,0.5990861631857481,0.5931764796610438,0.6072994486830663,0.6173267428120154,0.6033334598805704,0.6086378272921528,1.0,0.6014507712664866,0.6015172998439053,0.5996351429789774,0.6030691293955928
4,8,0.22695698049868557,0.93104,5000,1.3495600400147614,0.9279711884753902,833,1.3329935949831344,0.9241,0.7964493129825885,0.08354263024247734,,,0.95,,0.9500025099141609,0.04999749008583909,0.969851085201232,0.39808241178257897,5,0.1,0.5,0.5998898183623859,0.5904538976415876,0.6046254260355606,0.601244732933744,0.6074620537125904,0.5975506424339216,0.609006360338518,0.6014507712664866,1.0,0.6005295776411306,0.5938299950441409,0.6018481199771877
4,9,0.2239036583549278,0.93188,5000,1.3403437049300582,0.9279711884753902,833,1.335399103240845,0.9236,0.7970112118249076,0.08340093074788404,,,0.95,,0.9500025099141609,0.04999749008583909,0.969851085201232,0.39808241178257897,5,0.1,0.5,0.6003127864738045,0.5989664890286192,0.5931187685059851,0.5986501385018763,0.6146339838958182,0.5990953649708202,0.6081035903937687,0.6015172998439053,0.6005295776411306,1.0,0.5978961952039243,0.6015770665685686
4,10,0.2319421074620098,0.93196,5000,1.3339061273468866,0.9135654261704682,833,1.336167894994108,0.9235,0.7949658608957513,0.08330017392815378,,,0.95,,0.9500025099141609,0.04999749008583909,0.969851085201232,0.39808241178257897,5,0.1,0.5,0.6033556287990058,0.6024605591500828,0.590959165095282,0.5967683992156086,0.604958495770238,0.604692124796211,0.5984982095789902,0.5996351429789774,0.5938299950441409,0.5978961952039243,1.0,0.6020342572904974
4,11,0.2210872500814545,0.93504,5000,1.338328551363062,0.9159663865546218,833,1.3341623015297106,0.9238,0.7943502669265277,0.0833537805452626,,,0.95,,0.9500025099141609,0.04999749008583909,0.969851085201232,0.39808241178257897,5,0.1,0.5,0.5928226379269453,0.5930232489373394,0.5930854530445887,0.5995456073315429,0.6018676028157584,0.6020883528877009,0.5976687187117898,0.6030691293955928,0.6018481199771877,0.6015770665685686,0.6020342572904974,1.0
5,0,0.22159336963371867,0.93184,5000,1.0650800687295419,0.9436450839328537,834,1.089671274724479,0.9372,0.7826023922981628,0.08312931489720257,,,0.6000393030474325,,0.6000652577681843,0.3999347422318157,0.9633328078214226,0.3897868538977622,5,0.1,0.5,1.0,0.5717867108716955,0.581563994813263,0.5762610258357888,0.5943049647077538,0.5836504048103968,0.5756122442499454,0.5778144364355565,0.5780109010256498,0.5735604130816091,0.5853039040393839,0.575163663014779
5,1,0.21350660502590285,0.93784,5000,1.1062261219377871,0.9268585131894485,834,1.087836364778086,0.9374,0.7821551007481128,0.08317757570753456,,,0.6191130701441152,,0.61912554590633,0.38087445409367005,0.9644119179213185,0.390207106323597,5,0.1,0.5,0.5717867108716955,1.0,0.5869523233504881,0.5749428883126624,0.5944515256885984,0.5807834083113189,0.5827872620339464,0.5701862570098363,0.5729427335111462,0.5758777149732491,0.5835508289541984,0.5740963332550169
5,2,0.20569105263099455,0.93828,5000,1.0997382203737895,0.9388489208633094,834,1.0849260548814037,0.9381,0.7865935160365294,0.08316004321623106,,,0.6121838318357008,,0.6122032026504693,0.38779679734953065,0.9640463006031392,0.39006083605672676,5,0.1,0.5,0.581563994813263,0.5869523233504881,1.0,0.5741913854489208,0.59182748112726,0.5718248159554933,0.5715249337781549,0.583978628722911,0.5901495805361147,0.5893740416692085,0.5877235440172778,0.5823342772391683
5,3,0.2071662224864789,0.93984,5000,1.0870398945278592,0.9364508393285371,834,1.092925781640001,0.9363,0.7814382093226203,0.08300270449553016,,,0.55,,0.5500125495708047,0.4499874504291953,0.9599022891775482,0.38839162913428904,5,0.1,0.5,0.5762610258357888,0.5749428883126624,0.5741913854489208,1.0,0.590203904170279,0.576408989912202,0.5721982550184258,0.5805462600478826,0.5792298058213143,0.5733516971240552,0.5811694125635266,0.5842093097662454
5,4,0.1951152283864416,0.94056,5000,1.0949137851043984,0.936374549819928,833,1.0879094276946193,0.9374,0.798196116819427,0.08401479214533059,,,0.9499999996047772,,0.9500025099141609,0.04999749008583909,0.9700533671613364,0.3924999868894926,5,0.1,0.5,0.5943049647077538,0.5944515256885984,0.59182748112726,0.590203904170279,1.0,0.6006458066876539,0.5914471966274419,0.5939061020774434,0.5901181167512635,0.5935686378372343,0.5917753176526322,0.5852316280263984
5,5,0.201596475550371,0.94012,5000,1.0707390838199191,0.9471788715486195,833,1.0910707424623898,0.9364,0.7860221343837464,0.08346189501463105,,,0.7314825104279216,,0.731499422719743,0.268500577280257,0.9684110422796918,0.39178847221231405,5,0.1,0.5,0.5836504048103968,0.5807834083113189,0.5718248159554933,0.576408989912202,0.6006458066876539,1.0,0.5838327259304806,0.5800056027496386,0.5762502160732573,0.5812553960484287,0.5906829453594866,0.5782525291898956
5,6,0.20824227938013282,0.9384,5000,1.0688431329197354,0.9495798319327731,833,1.0836464739836063,0.9383,0.7812069376349541,0.08326758414788174,,,0.6546864477170923,,0.6546960493951107,0.3453039506048893,0.9660493727378578,0.39084894403639703,5,0.1,0.5,0.5756122442499454,0.5827872620339464,0.5715249337781549,0.5721982550184258,0.5914471966274419,0.5838327259304806,1.0,0.5739743768180406,0.5764916517601784,0.5768638875796992,0.578708457733097,0.5749869386003759
5,7,0.20994318299422599,0.9376,5000,1.0895999868710835,0.9411764705882353,833,1.0880524609416438,0.9374,0.7839141299215251,0.08335014701215607,,,0.6873171647143921,,0.6873299533155967,0.31267004668440335,0.9672173302526262,0.39131378961674185,5,0.1,0.5,0.5778144364355565,0.5701862570098363,0.583978628722911,0.5805462600478826,0.5939061020774434,0.5800056027496386,0.5739743768180406,1.0,0.5812496411273805,0.5759787619093195,0.5845938693997753,0.581853448857253
5,8,0.20922222293699813,0.9374,5000,1.1020681107485737,0.943577430972389,833,1.0825300361401737,0.9383,0.7840347771458817,0.08343918334056036,,,0.7225063415940326,,0.7225239696802369,0.2774760303197631,0.9682284034972309,0.3917079012803297,5,0.1,0.5,0.5780109010256498,0.5729427335111462,0.5901495805361147,0.5792298058213143,0.5901181167512635,0.5762502160732573,0.5764916517601784,0.5812496411273805,1.0,0.5741277121235725,0.5807417102491367,0.5853152848881633
5,9,0.20414175144545021,0.93928,5000,1.0890805831661932,0.9411764705882353,833,1.0859739157719352,0.9377,0.7821669853963872,0.08327873027695125,,,0.659091650788464,,0.6591034586617137,0.3408965413382863,0.966209427322197,0.39091868270731345,5,0.1,0.5,0.5735604130816091,0.5758777149732491,0.5893740416692085,0.5733516971240552,0.5935686378372343,0.5812553960484287,0.5768638875796992,0.5759787619093195,0.5741277121235725,1.0,0.5761882379479324,0.5775618540203716
5,10,0.20740754030063557,0.93772,5000,1.0845696385259982,0.921968787515006,833,1.0858819216204147,0.9379,0.7880386688280764,0.08341797371753447,,,0.7141238174088536,,0.7141358365543898,0.28586416344561016,0.9679876788493517,0.3916236161937986,5,0.1,0.5,0.5853039040393839,0.5835508289541984,0.5877235440172778,0.5811694125635266,0.5917753176526322,0.5906829453594866,0.578708457733097,0.5845938693997753,0.5807417102491367,0.5761882379479324,1.0,0.5831117526462918
5,11,0.20630666889712973,0.93768,5000,1.0899079221266288,0.9243697478991597,833,1.0845836420028736,0.938,0.7836689179119184,0.08330005602845607,,,0.667520071583028,,0.6675367702424577,0.3324632297575423,0.966516560558409,0.39104588644981675,5,0.1,0.5,0.575163663014779,0.5740963332550169,0.5823342772391683,0.5842093097662454,0.5852316280263984,0.5782525291898956,0.5749869386003759,0.581853448857253,0.5853152848881633,0.5775618540203716,0.5831117526462918,1.0
6,0,0.20711357481540388,0.9386,5000,0.8359792916863052,0.9556354916067147,834,0.8617121554411258,0.9455,0.7689564108036759,0.08313219672296326,,,0.6409781044944636,,0.6409969379047237,0.3590030620952763,0.9629120192424815,0.3834370981525901,5,0.1,0.5,1.0,0.5516785044736103,0.5621238418438825,0.5515422353957994,0.5605871808900621,0.5616577008010877,0.5521057521550885,0.5488600820472045,0.554550567998661,0.5494063272146268,0.5548746228158891,0.5658898430019217
6,1,0.1951195459534076,0.94236,5000,0.8792624341117011,0.9400479616306955,834,0.8602234378409462,0.9455,0.7670899800925355,0.08309858595883504,,,0.6282899463690609,,0.628301792078711,0.37169820792128905,0.9634744208692563,0.3831942347651169,5,0.1,0.5,0.5516785044736103,1.0,0.5619225719199397,0.5413225881048987,0.5653147288693069,0.5589229464673535,0.5523188644418933,0.5477231784008441,0.5504653040197952,0.547605585003178,0.5587978948227618,0.5596043494964131
6,2,0.18803249138828582,0.9424,5000,0.8743357084415577,0.9460431654676259,834,0.8561665886126387,0.9457,0.7749798340028949,0.08336608916471473,,,0.7292731600295824,,0.7292856784297977,0.27071432157020225,0.9628522013880348,0.38463153335702643,5,0.1,0.5,0.5621238418438825,0.5619225719199397,1.0,0.5518194958218882,0.5603787418506517,0.5562986446124877,0.548666846126425,0.5606251688203181,0.5675052304804057,0.5651324602429982,0.5647586460322297,0.5696059631452265
6,3,0.19277047455417598,0.94372,5000,0.8612552241042808,0.9448441247002398,834,0.8668290976518259,0.9446,0.7645539702983152,0.08289119691977874,,,0.55,,0.5500125495708047,0.4499874504291953,0.9606909091712253,0.3811576799165697,5,0.1,0.5,0.5515422353957994,0.5413225881048987,0.5518194958218882,1.0,0.5572813774013786,0.5538436035755818,0.5419874638526739,0.5535450442549903,0.5528406290586111,0.5487321448958244,0.5562923758926464,0.5640208515392083
6,4,0.18012574950594953,0.94588,5000,0.8664736813969083,0.9387755102040817,833,0.8581398418917062,0.9457,0.7752569493770116,0.08395079166203563,,,0.9499999996224971,,0.9500025099141609,0.04999749008583909,0.9680945078602778,0.3853805766194808,5,0.1,0.5,0.5605871808900621,0.5653147288693069,0.5603787418506517,0.5572813774013786,1.0,0.5737159533415535,0.554127528972469,0.5616457295604038,0.5607917006334361,0.5604982476626638,0.5559731831618504,0.556587821144857
6,5,0.19124165862697848,0.94344,5000,0.8403394089804755,0.9555822328931572,833,0.8615437888870605,0.9454,0.7757945226990011,0.08359795009729504,,,0.8168013151307036,,0.816821444706591,0.18317855529340898,0.9663667488222445,0.38516582126733667,5,0.1,0.5,0.5616577008010877,0.5589229464673535,0.5562986446124877,0.5538436035755818,0.5737159533415535,1.0,0.5643694107723386,0.5611498169100515,0.5576927051459462,0.5565903936408723,0.5670620697134354,0.5633689460419261
6,6,0.18709553667895829,0.94364,5000,0.839184582233429,0.9543817527010804,833,0.8562930909970317,0.9456,0.7653606745850074,0.08309790823419491,,,0.6280341034085543,,0.6280508006626173,0.3719491993373827,0.9637979123172834,0.38319168297815503,5,0.1,0.5,0.5521057521550885,0.5523188644418933,0.548666846126425,0.5419874638526739,0.554127528972469,0.5643694107723386,1.0,0.5510365725744432,0.5550119868082164,0.5511100871312834,0.5498713801686212,0.558656083070462
6,7,0.190620010768532,0.94136,5000,0.8601762365411829,0.943577430972389,833,0.8594762854301892,0.9457,0.7696240907593903,0.08330436088286941,,,0.7059705597710773,,0.7059886551879926,0.2940113448120074,0.9652074981181294,0.3843938865031706,5,0.1,0.5,0.5488600820472045,0.5477231784008441,0.5606251688203181,0.5535450442549903,0.5616457295604038,0.5611498169100515,0.5510365725744432,1.0,0.5585373290194686,0.5532467718883626,0.5593533002150892,0.5625139684623474
6,8,0.1993379383051329,0.94048,5000,0.8741307567667078,0.9507803121248499,833,0.8538389453491845,0.9463,0.7710708445198977,0.08341545961221192,,,0.7479106430149867,,0.7479243009889062,0.25207569901109383,0.9661928393357766,0.3847860783075552,5,0.1,0.5,0.554550567998661,0.5504653040197952,0.5675052304804057,0.5528406290586111,0.5607917006334361,0.5576927051459462,0.5550119868082164,0.5585373290194686,1.0,0.5483341579520918,0.5547185739460664,0.5707492219424951
6,9,0.192334093213983,0.943,5000,0.8595841151696665,0.9483793517406963,833,0.8582079084917379,0.9458,0.7663462941326289,0.08314029521771457,,,0.6440353090730424,,0.6440489935244215,0.35595100647557854,0.9640225162289887,0.3834967752609736,5,0.1,0.5,0.5494063272146268,0.547605585003178,0.5651324602429982,0.5487321448958244,0.5604982476626638,0.5565903936408723,0.5511100871312834,0.5532467718883626,0.5483341579520918,1.0,0.5494737721664541,0.5582019467860538
6,10,0.19374057504342526,0.94264,5000,0.8577569872140884,0.9351740696278511,833,0.8570007002010894,0.9458,0.7719548932091439,0.08343248900794328,,,0.7543392878680264,,0.7543496812409015,0.24565031875909848,0.966069582605559,0.3848333395363904,5,0.1,0.5,0.5548746228158891,0.5587978948227618,0.5647586460322297,0.5562923758926464,0.5559731831618504,0.5670620697134354,0.5498713801686212,0.5593533002150892,0.5547185739460664,0.5494737721664541,1.0,0.5683565648834467
6,11,0.18647824005716165,0.94248,5000,0.8622934376751935,0.9339735894357744,833,0.855553223111759,0.9458,0.7781555064969345,0.08357267651944346,,,0.8072604683069852,,0.8072787510667135,0.19272124893328646,0.9645896555367708,0.3851283611871132,5,0.1,0.5,0.5658898430019217,0.5596043494964131,0.5696059631452265,0.5640208515392083,0.556587821144857,0.5633689460419261,0.558656083070462,0.5625139684623474,0.5707492219424951,0.5582019467860538,0.5683565648834467,1.0
7,0,0.19540766399341877,0.94072,5000,0.6384621704066241,0.9544364508393285,834,0.664217229468373,0.9503,0.7483443463213265,0.08299519803974378,,,0.6248706692833806,,0.6248782691631947,0.37512173083680533,0.9607335563360166,0.37476781616801,5,0.1,0.5,1.0,0.5241299797411646,0.5346625480777831,0.5190624055690928,0.5269165666294516,0.5223065167281248,0.5195687028095084,0.5272814668547308,0.523000413904725,0.5305432108296531,0.5267393323413084,0.5180692186210828
