round,client_id,client_i_training_loss,client_i_training_accuracy,client_i_training_dataset_size,client_i_evaluation_loss,client_i_evaluation_accuracy,client_i_evaluation_dataset_size,client_i_central_evaluation_loss,client_i_central_evaluation_accuracy,client_i_cosine_similarity,client_i_importance_coefficient,client_i_tanh_val,tanh_normalization_value,client_i_q,client_i_mask_order,client_i_v_nonzero_fraction,client_i_v_sparsity,client_i_v_cosine_similarity,client_i_reward_gradient_norm,local_epochs,learning_rate,gamma,client_0_cosine_similarity,client_1_cosine_similarity,client_2_cosine_similarity,client_3_cosine_similarity,client_4_cosine_similarity,client_5_cosine_similarity,client_6_cosine_similarity,client_7_cosine_similarity,client_8_cosine_similarity,client_9_cosine_similarity,client_10_cosine_similarity,client_11_cosine_similarity
0,0,0.3483784084748121,0.88892,5000,2.205635874359696,0.2158273381294964,834,2.2040928270870124,0.2111,0.7935407303954034,0.08325049822048534,,,0.7961248424362589,,0.7961397520204809,0.20386024797951907,0,0.39697368698595203,5,0.1,0.5,1.0,0.5907098249721422,0.6139385809762,0.5963822724820724,0.6043300557711535,0.5875195388090749,0.5950549396140876,0.5955170032973105,0.5870912792594415,0.6033593629605246,0.5986200180197064,0.591478594775169
0,1,0.3450842855925298,0.89356,5000,2.205414922149093,0.20743405275779375,834,2.2041100343576256,0.2105,0.7925565157824294,0.08314724409155722,,,0.7809527546763276,,0.7809698308317855,0.2190301691682145,0,0.39692235151392874,5,0.1,0.5,0.5907098249721422,1.0,0.5981747684414843,0.6035538689790252,0.596486021621549,0.5975762612649728,0.5962755825000501,0.5886622287677078,0.5902956531551384,0.6057962757025389,0.6007330949147803,0.5863563926730662
0,2,0.34631836858821236,0.89316,5000,2.197287294599745,0.2434052757793765,834,2.203930794621428,0.2113,0.8048200265259413,0.08443381117025137,,,0.9699999998530606,,0.9700015059484965,0.029998494051503455,0,0.3971645988419672,5,0.1,0.5,0.6139385809762,0.5981747684414843,1.0,0.6196812399740832,0.6078219929867653,0.6041043079698907,0.6035595038510534,0.6089175831241483,0.5914178526215903,0.6139050514944577,0.616516303802617,0.5934781282560017
0,3,0.33935530408979603,0.89524,5000,2.187109108324404,0.2446043165467626,834,2.203953733078588,0.2113,0.7988959089636067,0.08381231095017402,,,0.8786772025982074,,0.8786908287736559,0.1213091712263441,0,0.3971282282946579,5,0.1,0.5,0.5963822724820724,0.6035538689790252,0.6196812399740832,1.0,0.6080594876211319,0.5768443535880313,0.5926137234653917,0.6072622401768112,0.6027203264837665,0.5924053405555807,0.6104819506923629,0.6050420313002347
0,4,0.3177608082901425,0.89928,5000,2.213685556694313,0.18607442977190877,833,2.203944155202506,0.2112,0.8001178838496851,0.08394050855135861,,,0.8975144663083979,,0.8975302444656392,0.10246975553436077,0,0.3971435829624133,5,0.1,0.5,0.6043300557711535,0.596486021621549,0.6078219929867653,0.6080594876211319,1.0,0.6039231918459832,0.6060188022563225,0.606181452756671,0.5926130060812561,0.600308290523364,0.6087673165120991,0.5921850380059982
0,5,0.34618635970066974,0.88868,5000,2.2069947366361267,0.1992797118847539,833,2.204275948551897,0.2099,0.789120656503327,0.08278678748757391,,,0.7279875194256568,,0.7280006023793987,0.2719993976206013,0,0.3966614357984694,5,0.1,0.5,0.5875195388090749,0.5975762612649728,0.6041043079698907,0.5768443535880313,0.6039231918459832,1.0,0.5927473881254705,0.5916308287128259,0.5981306138626942,0.5942787860849573,0.5880035800913519,0.5871106323675354
0,6,0.33095919796663104,0.896,5000,2.2053023709191217,0.2028811524609844,833,2.2040867980676717,0.2112,0.7934232305889034,0.08323817129502675,,,0.7943135328372203,,0.7943225741679635,0.20567742583203652,0,0.396967766146668,5,0.1,0.5,0.5950549396140876,0.5962755825000501,0.6035595038510534,0.5926137234653917,0.6060188022563225,0.5927473881254705,1.0,0.5934539555733005,0.5883196153062564,0.6000026472819606,0.6081388360802715,0.5866964674756702
0,7,0.3456218587471896,0.8924,5000,2.203398201200697,0.20768307322929172,833,2.204054426461363,0.2111,0.7945337834239286,0.08335467958915042,,,0.8114331781391009,,0.8114502284021886,0.1885497715978114,0,0.3970165132795492,5,0.1,0.5,0.5955170032973105,0.5886622287677078,0.6089175831241483,0.6072622401768112,0.606181452756671,0.5916308287128259,0.5934539555733005,1.0,0.5904106493682714,0.6061915312796117,0.601650218445433,0.5835895227444208
0,8,0.3381579124149244,0.8946,5000,2.214365597124453,0.1908763505402161,833,2.2045151440861126,0.2106,0.7860774171232723,0.08246752070656381,,,0.6810746872648461,,0.6810903067115105,0.3189096932884895,0,0.39629031557045236,5,0.1,0.5,0.5870912792594415,0.5902956531551384,0.5914178526215903,0.6027203264837665,0.5926130060812561,0.5981306138626942,0.5883196153062564,0.5904106493682714,1.0,0.5880681143055984,0.5867773516870096,0.5770169741579603
0,9,0.3472725825348667,0.89112,5000,2.2008010987882263,0.19447779111644659,833,2.204007921889186,0.2106,0.7965660483754415,0.08356788486425354,,,0.8427614085771915,,0.8427739571306662,0.15722604286933384,0,0.39708173779039174,5,0.1,0.5,0.6033593629605246,0.6057962757025389,0.6139050514944577,0.5924053405555807,0.600308290523364,0.5942787860849573,0.6000026472819606,0.6061915312796117,0.5880681143055984,1.0,0.6035155710944676,0.5850077192810035
0,10,0.3405082278487504,0.89296,5000,2.208142360051473,0.226890756302521,833,2.2039635455646454,0.2112,0.7982499391791423,0.0837445421459625,,,0.8687193030395508,,0.8687314893830631,0.1312685106169369,0,0.39711768226871835,5,0.1,0.5,0.5986200180197064,0.6007330949147803,0.616516303802617,0.6104819506923629,0.6087673165120991,0.5880035800913519,0.6081388360802715,0.601650218445433,0.5867773516870096,0.6035155710944676,1.0,0.5856852344905639
0,11,0.34187849457168085,0.89232,5000,2.1989833337289317,0.21368547418967587,833,2.2046628546790954,0.2102,0.784061599538798,0.08225604092764245,,,0.65,,0.650002509914161,0.349997490085839,0,0.39594089185677706,5,0.1,0.5,0.591478594775169,0.5863563926730662,0.5934781282560017,0.6050420313002347,0.5921850380059982,0.5871106323675354,0.5866964674756702,0.5835895227444208,0.5770169741579603,0.5850077192810035,0.5856852344905639,1.0
1,0,0.31090502250868424,0.90564,5000,2.0503425377386586,0.5743405275779376,834,2.0510418746418084,0.5778,0.8130924502725141,0.08318750127512493,,,0.752704224567373,,0.7527232568646153,0.24727674313538472,0.9611516736001737,0.4074624416909369,5,0.1,0.5,1.0,0.6179439324410797,0.6409718883069674,0.6352835616941068,0.63006214657628,0.6349787374596974,0.6333218166912383,0.6371221204047636,0.6312154874314049,0.6268209722864423,0.6346318570343507,0.6370644521487344
1,1,0.30271022312438034,0.909,5000,2.0541540340141013,0.5683453237410072,834,2.051191812506118,0.5774,0.8114191854876317,0.08306123279021237,,,0.728160369125581,,0.7281762963706642,0.27182370362933583,0.9608532284744982,0.4073121625985552,5,0.1,0.5,0.6179439324410797,1.0,0.6427446288050309,0.6300310768288162,0.6330867134720357,0.6324554644367615,0.6237190029650824,0.6343818339190059,0.635518671704056,0.6311598748142666,0.6278889075725628,0.6345726475470885
1,2,0.2999478952816812,0.9086,5000,2.0458708736631603,0.605515587529976,834,2.050476477930721,0.5799,0.8227923209947238,0.08430540259190486,,,0.9699999998056217,,0.9700015059484965,0.029998494051503455,0.9620633493061683,0.4078623497829332,5,0.1,0.5,0.6409718883069674,0.6427446288050309,1.0,0.6412930352713503,0.639493297266116,0.6472792115571542,0.6316437863024487,0.6461705043526825,0.6357569607210724,0.643044614303983,0.6399179916111585,0.6410071643271968
1,3,0.29942667883150514,0.91048,5000,2.031085213025411,0.60431654676259,834,2.050576345608257,0.5797,0.8165994161233491,0.08368010621000999,,,0.8484559421879962,,0.8484664424476683,0.15153355755233167,0.961877286951564,0.4077812079777709,5,0.1,0.5,0.6352835616941068,0.6300310768288162,0.6412930352713503,1.0,0.638261908766295,0.6366282193356025,0.6219144928846412,0.6374353744267788,0.6371686617458323,0.6391852364509388,0.6431510066546775,0.6307989910520323
1,4,0.28092683445140243,0.9142,5000,2.06043138327422,0.5678271308523409,833,2.050545473068286,0.5798,0.8159839811154489,0.08374333676826824,,,0.8607465916122692,,0.8607650218362533,0.13923497816374675,0.9619051249084688,0.4078004950710913,5,0.1,0.5,0.63006214657628,0.6330867134720357,0.639493297266116,0.638261908766295,1.0,0.6423434892395673,0.6227374013860028,0.6345134280321015,0.6325794315796346,0.6342842150218192,0.6441454301208687,0.6331190830908932
1,5,0.3020125695130533,0.9064,5000,2.0527237786187067,0.5786314525810324,833,2.051369889094807,0.5765,0.8201511906093671,0.08312665206989958,,,0.740876458535072,,0.7408965413382862,0.2591034586617138,0.9606250919676713,0.40739357938575116,5,0.1,0.5,0.6349787374596974,0.6324554644367615,0.6472792115571542,0.6366282193356025,0.6423434892395673,1.0,0.6299050344103694,0.6406345438219503,0.6398946499176942,0.6481134718893085,0.6338981292695276,0.6443888071082301
1,6,0.29315436117315463,0.9102,5000,2.052790950845789,0.6014405762304922,833,2.0513298065898518,0.5775,0.8063891476247539,0.08294651999773991,,,0.7058626897187387,,0.7058832387932332,0.2941167612067668,0.960577059044224,0.40714071751196085,5,0.1,0.5,0.6333218166912383,0.6237190029650824,0.6316437863024487,0.6219144928846412,0.6227374013860028,0.6299050344103694,1.0,0.6268684856463851,0.62493041893455,0.6231614760818049,0.6249795891289714,0.6308205842696432
1,7,0.3044520836809923,0.90692,5000,2.0503237424073397,0.5618247298919568,833,2.0508300058377054,0.5787,0.8182419046120418,0.08343513053453508,,,0.8008379829658291,,0.80085839064304,0.19914160935696001,0.9615306026194061,0.40766569020987276,5,0.1,0.5,0.6371221204047636,0.6343818339190059,0.6461705043526825,0.6374353744267788,0.6345134280321015,0.6406345438219503,0.6268684856463851,1.0,0.6352673764735061,0.6409145109010418,0.6343975864740097,0.6416803066348721
1,8,0.295470155117096,0.9106,5000,2.0645145884266607,0.5414165666266506,833,2.052158457402604,0.5756,0.8137014100336907,0.08269190191603751,,,0.6563704558133624,,0.6563827117112595,0.3436172882887405,0.9596864478082632,0.4066081592819987,5,0.1,0.5,0.6312154874314049,0.635518671704056,0.6357569607210724,0.6371686617458323,0.6325794315796346,0.6398946499176942,0.62493041893455,0.6352673764735061,1.0,0.6322173169897324,0.6284991296746305,0.6358968662099017
1,9,0.29370340268323375,0.90904,5000,2.04786099769451,0.5858343337334934,833,2.0507108700542025,0.5785,0.8173820230020793,0.08354597365742118,,,0.8223834825155947,,0.8223984739721901,0.17760152602780988,0.9617524840323979,0.4077271268711861,5,0.1,0.5,0.6268209722864423,0.6311598748142666,0.643044614303983,0.6391852364509388,0.6342842150218192,0.6481134718893085,0.6231614760818049,0.6409145109010418,0.6322173169897324,1.0,0.6425853232522039,0.6385104177802304
1,10,0.30112816008389187,0.90556,5000,2.058644321229723,0.5834333733493398,833,2.0506322958979744,0.5793,0.8160735588767356,0.08361711376292602,,,0.8362115764127663,,0.8362281009989458,0.16377189900105416,0.9618337296129427,0.40775867223196216,5,0.1,0.5,0.6346318570343507,0.6278889075725628,0.6399179916111585,0.6431510066546775,0.6441454301208687,0.6338981292695276,0.6249795891289714,0.6343975864740097,0.6284991296746305,0.6425853232522039,1.0,0.6320724046178819
1,11,0.29905158875118587,0.90824,5000,2.046863154128746,0.5666266506602641,833,2.0525374625818418,0.5739,0.8167760228500216,0.08265912842592046,,,0.65,,0.650002509914161,0.349997490085839,0.9591962486098774,0.4065210028649462,5,0.1,0.5,0.6370644521487344,0.6345726475470885,0.6410071643271968,0.6307989910520323,0.6331190830908932,0.6443888071082301,0.6308205842696432,0.6416803066348721,0.6358968662099017,0.6385104177802304,0.6320724046178819,1.0
2,0,0.2704566724195032,0.91928,5000,1.851960645781623,0.8249400479616307,834,1.8559423186146795,0.8075,0.8179482759779526,0.08327460487070842,,,0.7673694995578485,,0.7673811555644797,0.23261884443552028,0.9693489976965676,0.4080675509771784,5,0.1,0.5,1.0,0.6345975675929836,0.6409425032553245,0.6309760907433546,0.635803197486281,0.6333440027011525,0.6478681830827123,0.6367056448301969,0.6358507300435065,0.6504138689666908,0.636930040827191,0.6351085973640954
2,1,0.26858593867795105,0.92012,5000,1.8621003539473922,0.8177458033573142,834,1.8566064179514925,0.8067,0.8125937125523962,0.08300540309807154,,,0.7018398139306973,,0.7018573364790924,0.29814266352090757,0.9686329243176727,0.40758187290993214,5,0.1,0.5,0.6345975675929836,1.0,0.6359858457026548,0.6242197207621046,0.6328495622753876,0.6307675584553225,0.6423080052755102,0.6290200315917429,0.6343571532555821,0.6384479932924946,0.6289929384347938,0.6351838808395349
2,2,0.2670885569493102,0.91876,5000,1.8514107686501962,0.8129496402877698,834,1.8547939892394094,0.8091,0.8206839861720769,0.08410702897471167,,,0.9699999997565778,,0.9700015059484965,0.029998494051503455,0.9704589688543002,0.40843735402797904,5,0.1,0.5,0.6409425032553245,0.6359858457026548,1.0,0.639450341219293,0.6395027227722043,0.6436047471953338,0.6459224699318743,0.6376706265264783,0.6358816940594358,0.6424859602771318,0.6416706272242314,0.6374122621858777
2,3,0.26936045306598305,0.92,5000,1.8333909467414573,0.8333333333333334,834,1.8552450478648226,0.8088,0.8130223740598919,0.08342853605542452,,,0.8048397659823832,,0.8048491541589278,0.19515084584107223,0.9699821755215429,0.40823180510938034,5,0.1,0.5,0.6309760907433546,0.6242197207621046,0.639450341219293,1.0,0.6393564293208797,0.6276711895949587,0.629651456757262,0.6380233474139849,0.6311162587823294,0.6367861334134344,0.6395125907301129,0.6311324277808517
2,4,0.2513828889769354,0.92456,5000,1.8648586184890181,0.7863145258103241,833,1.8550492087111305,0.8089,0.818438592364467,0.08365829442653519,,,0.8607680523439923,,0.8607851011495407,0.13921489885045935,0.970214265755978,0.40837254981536786,5,0.1,0.5,0.635803197486281,0.6328495622753876,0.6395027227722043,0.6393564293208797,1.0,0.6448201131301045,0.6405808922910274,0.634516793379475,0.6408529859180949,0.6401111678127069,0.6353059307369774,0.6372791692501728
2,5,0.2717009203146645,0.91808,5000,1.856300499704149,0.8139255702280912,833,1.8565565587613528,0.8065,0.8167713348240165,0.08319360211414448,,,0.7476516309844939,,0.7476682897444907,0.25233171025550927,0.9691290098775693,0.4079528468768701,5,0.1,0.5,0.6333440027011525,0.6307675584553225,0.6436047471953338,0.6276711895949587,0.6448201131301045,1.0,0.6414798668378984,0.639079285165388,0.636391322843907,0.6439774110539379,0.6370989517352224,0.6288997859467906
2,6,0.2580273834122404,0.92096,5000,1.8598942933259186,0.8223289315726291,833,1.8563631308345367,0.8075,0.8212026915956765,0.08322862858500915,,,0.7561778513058092,,0.7561969780633502,0.24380302193664982,0.968694769506146,0.40800563557203984,5,0.1,0.5,0.6478681830827123,0.6423080052755102,0.6459224699318743,0.629651456757262,0.6405808922910274,0.6414798668378984,1.0,0.6410295316496204,0.6398431170472627,0.6461514213813006,0.6352190616728367,0.6414690270528519
2,7,0.26843913504319966,0.91936,5000,1.8553688084637676,0.7743097238895558,833,1.8555870520801971,0.8081,0.8160147370385854,0.08337082651570024,,,0.7907919833144703,,0.7908086943426534,0.20919130565734656,0.9697839987104878,0.40817773608585717,5,0.1,0.5,0.6367056448301969,0.6290200315917429,0.6376706265264783,0.6380233474139849,0.634516793379475,0.639079285165388,0.6410295316496204,1.0,0.6341568943065786,0.6389224558128258,0.6386896558217221,0.6306466951884632
2,8,0.2691186731621908,0.9188,5000,1.8730882008870442,0.78031212484994,833,1.8584190031971795,0.8042,0.8140454537774915,0.08281217128409687,,,0.6548029021789902,,0.6548165252748356,0.3451834747251644,0.9673181548367179,0.4070202442374879,5,0.1,0.5,0.6358507300435065,0.6343571532555821,0.6358816940594358,0.6311162587823294,0.6408529859180949,0.636391322843907,0.6398431170472627,0.6341568943065786,1.0,0.6355984508843526,0.6258007027745354,0.6326614791223327
2,9,0.2602037486222804,0.91936,5000,1.8533139449578744,0.8283313325330132,833,1.8552737731141404,0.808,0.8223007564083719,0.08366219218606841,,,0.8617168535140591,,0.8617338487023743,0.13826615129762565,0.9700935698830013,0.40837409372366973,5,0.1,0.5,0.6504138689666908,0.6384479932924946,0.6424859602771318,0.6367861334134344,0.6401111678127069,0.6439774110539379,0.6461514213813006,0.6389224558128258,0.6355984508843526,1.0,0.6423999627312971,0.6444267143157281
2,10,0.27587176854870504,0.91716,5000,1.8674764368269179,0.7851140456182473,833,1.855329093841699,0.8084,0.8153060987828712,0.08346627135445152,,,0.8140253751931403,,0.8140454796445962,0.18595452035540383,0.9699992486050272,0.40826357323116835,5,0.1,0.5,0.636930040827191,0.6289929384347938,0.6416706272242314,0.6395125907301129,0.6353059307369774,0.6370989517352224,0.6352190616728367,0.6386896558217221,0.6258007027745354,0.6423999627312971,1.0,0.6289296431253388
2,11,0.2747829626094858,0.91924,5000,1.8540641731686063,0.8055222088835534,833,1.8589424706114748,0.8038,0.8140998566142791,0.08279244053507814,,,0.65,,0.650002509914161,0.349997490085839,0.9672061262014515,0.40694857060369466,5,0.1,0.5,0.6351085973640954,0.6351838808395349,0.6374122621858777,0.6311324277808517,0.6372791692501728,0.6288997859467906,0.6414690270528519,0.6306466951884632,0.6326614791223327,0.6444267143157281,0.6289296431253388,1.0
3,0,0.25265015691969617,0.92564,5000,1.6214722571549591,0.8920863309352518,834,1.6289626219021245,0.8915,0.7994272989761726,0.08297558469387566,,,0.6710704648650779,,0.6710857888660208,0.32891421113397923,0.9696639508809264,0.4030047693040664,5,0.1,0.5,1.0,0.6172263589204304,0.6150930745778308,0.6105535236738208,0.6144476613315765,0.6184925814046476,0.6127336695128782,0.6175940194500398,0.6125748585804124,0.6082722252083039,0.620012178201475,0.6101211073858075
3,1,0.2438674380777368,0.92704,5000,1.6372886366314359,0.8968824940047961,834,1.6296428731455208,0.8911,0.8053107131717747,0.08300236174219332,,,0.6789391262486224,,0.6789468400180714,0.3210531599819286,0.9698584918153274,0.4031073124330987,5,0.1,0.5,0.6172263589204304,1.0,0.6252948991114919,0.6181637845128677,0.6109574605239444,0.6233761858467768,0.618892372525476,0.6234853618663663,0.6247822677043293,0.6219859499041047,0.6106837623892993,0.6206250118918042
3,2,0.24331776687258463,0.92772,5000,1.6231062456413552,0.8836930455635491,834,1.6263802710432596,0.8923,0.8128095257893293,0.08399284165892368,,,0.9699999997061415,,0.9700015059484965,0.029998494051503455,0.9722305868907527,0.40429194445949995,5,0.1,0.5,0.6150930745778308,0.6252948991114919,1.0,0.62942113674862,0.6204916871159837,0.6447515952582031,0.6243779670094713,0.6249265582864953,0.6228265908016528,0.6304561370875943,0.6194694991006254,0.6261386821754654
3,3,0.2448019397504343,0.92744,5000,1.6036598240887676,0.907673860911271,834,1.627115462915585,0.8921,0.8103450893931411,0.08345785145277157,,,0.8127886175633563,,0.8128055820490939,0.18719441795090608,0.9716219632954274,0.40410505416622783,5,0.1,0.5,0.6105535236738208,0.6181637845128677,0.62942113674862,1.0,0.6263212249081945,0.6291993800918285,0.6143391264456167,0.6198464764686009,0.6281462069732165,0.6273208362175502,0.6331284454477571,0.6258439398796514
3,4,0.22765341059417482,0.93132,5000,1.6365414416348492,0.8811524609843937,833,1.626838094129349,0.8922,0.8068334530123306,0.08348759656285909,,,0.8215294689192758,,0.8215501229857939,0.17844987701420612,0.9718766579129844,0.4041333008012126,5,0.1,0.5,0.6144476613315765,0.6109574605239444,0.6204916871159837,0.6263212249081945,1.0,0.6273181530793289,0.617750466735743,0.6165289294834368,0.6266235727406847,0.6207846525616474,0.6263725299220343,0.6196306403972736
3,5,0.24494458852205306,0.92728,5000,1.6262439489364624,0.8919567827130852,833,1.6285947085188601,0.8913,0.8164847548957412,0.08351623987983565,,,0.8299465490812243,,0.8299533155966066,0.17004668440339343,0.9710771598078933,0.4041564377450088,5,0.1,0.5,0.6184925814046476,0.6233761858467768,0.6447515952582031,0.6291993800918285,0.6273181530793289,1.0,0.62991363484416,0.632980307791115,0.6292710726651671,0.6321806077079121,0.6321313999047485,0.6231533959589857
3,6,0.2362606689250868,0.93008,5000,1.6350282739709925,0.9111644657863145,833,1.6287401343306032,0.8912,0.8076946451222624,0.08323318171587991,,,0.7467675213708949,,0.7467847999598414,0.25321520004015863,0.9709860342253269,0.40377000617567654,5,0.1,0.5,0.6127336695128782,0.618892372525476,0.6243779670094713,0.6143391264456167,0.617750466735743,0.62991363484416,1.0,0.620193594486434,0.6235416415672945,0.627246372382573,0.622907647040187,0.625667803528604
3,7,0.25032268035919614,0.92656,5000,1.628033783700731,0.8751500600240096,833,1.6276792025032896,0.8918,0.8082743445435566,0.08334750651854729,,,0.7803628284136359,,0.7803774910898047,0.2196225089101953,0.9713927374420013,0.4039684998256044,5,0.1,0.5,0.6175940194500398,0.6234853618663663,0.6249265582864953,0.6198464764686009,0.6165289294834368,0.632980307791115,0.620193594486434,1.0,0.6221924325785427,0.6278388935099395,0.6243979833007396,0.6124777195606588
3,8,0.24613661983756313,0.92824,5000,1.6481563912497625,0.8847539015606243,833,1.6318727518422915,0.8891,0.8089191050970715,0.08300016640962879,,,0.6782940092674821,,0.6783043019928718,0.32169569800712816,0.9692023056103914,0.40309985907721735,5,0.1,0.5,0.6125748585804124,0.6247822677043293,0.6228265908016528,0.6281462069732165,0.6266235727406847,0.6292710726651671,0.6235416415672945,0.6221924325785427,1.0,0.6243737815264692,0.6155332484259795,0.6214417190868744
3,9,0.24410070107618026,0.92504,5000,1.6264096056973492,0.8991596638655462,833,1.6269903883766443,0.892,0.8111856537880751,0.0836418056892701,,,0.866845120726205,,0.866859093419005,0.13314090658099498,0.972028909217604,0.40423243199324416,5,0.1,0.5,0.6082722252083039,0.6219859499041047,0.6304561370875943,0.6273208362175502,0.6207846525616474,0.6321806077079121,0.627246372382573,0.6278388935099395,0.6243737815264692,1.0,0.6258264281421286,0.6231227201687218
3,10,0.24666410357376953,0.92576,5000,1.6433078359674524,0.879951980792317,833,1.6272555265944606,0.8919,0.8091439085345979,0.08344098175721626,,,0.8078313153098188,,0.807845991667085,0.19215400833291496,0.971674274603451,0.404087519565083,5,0.1,0.5,0.620012178201475,0.6106837623892993,0.6194694991006254,0.6331284454477571,0.6263725299220343,0.6321313999047485,0.622907647040187,0.6243979833007396,0.6155332484259795,0.6258264281421286,1.0,0.6199717339110519
3,11,0.24829000410902652,0.92508,5000,1.629026139224017,0.8907563025210085,833,1.632888467928853,0.8888,0.8065303395577217,0.08290388191899864,,,0.65,,0.650002509914161,0.349997490085839,0.9689683034277811,0.4026859266927104,5,0.1,0.5,0.6101211073858075,0.6206250118918042,0.6261386821754654,0.6258439398796514,0.6196306403972736,0.6231533959589857,0.625667803528604,0.6124777195606588,0.6214417190868744,0.6231227201687218,0.6199717339110519,1.0
4,0,0.23395741343332135,0.92832,5000,1.3704104511826127,0.9244604316546763,834,1.3821986490926041,0.9242,0.7935860151779768,0.08292923200798528,,,0.6761188213825535,,0.6761357361578234,0.3238642638421766,0.9679685270997104,0.39787826296207895,5,0.1,0.5,1.0,0.5906589756699523,0.6051807235819617,0.5954107412512442,0.5959649285629156,0.6047901309070081,0.6082520491139727,0.6000787671198347,0.5968354272554934,0.6053944334011175,0.5999473393727435,0.6018044077093282
4,1,0.22763166683221794,0.93284,5000,1.3922703354446977,0.9364508393285371,834,1.3834139283853597,0.9239,0.7904729997198836,0.08283811072020322,,,0.65,,0.650002509914161,0.349997490085839,0.9676770141274971,0.39747511154312587,5,0.1,0.5,0.5906589756699523,1.0,0.6066800916164824,0.5969387621941562,0.5926886663273677,0.6021762271750308,0.6092361309086938,0.5947814459791879,0.5926095689847369,0.5958728584181113,0.5884161455181254,0.6043504073576164
4,2,0.22494318144051892,0.9338,5000,1.3746466857415658,0.919664268585132,834,1.3778125394266634,0.925,0.8035603934629498,0.0839545015265517,,,0.9699999997133619,,0.9700015059484965,0.029998494051503455,0.9710128397306679,0.39917316899779876,5,0.1,0.5,0.6051807235819617,0.6066800916164824,1.0,0.6042997983828874,0.6012341964855293,0.6234285986359549,0.6149154647557599,0.605232817408514,0.5939234090762617,0.6121941439076747,0.6078475597326067,0.6201722131234179
4,3,0.2251375913738635,0.93344,5000,1.35590719293665,0.934052757793765,834,1.3789204260030874,0.9249,0.795124145722107,0.0833036609044785,,,0.7834443619451836,,0.7834546458511119,0.2165453541488881,0.9702412060327685,0.39885547477674266,5,0.1,0.5,0.5954107412512442,0.5969387621941562,0.6042997983828874,1.0,0.6056107009594307,0.6028815711586224,0.6080343470827909,0.5912444701243333,0.593703234046611,0.6022046015431763,0.6093616009608522,0.6070558724113082
4,4,0.20568479567433998,0.93764,5000,1.3877915364724618,0.9183673469387755,833,1.3784561903712849,0.9248,0.7965013537985399,0.08337162316263118,,,0.8029249259785906,,0.8029365995682948,0.19706340043170523,0.9704527136902774,0.3989444304276859,5,0.1,0.5,0.5959649285629156,0.5926886663273677,0.6012341964855293,0.6056107009594307,1.0,0.6116301946217764,0.6005103537945757,0.5976207942937304,0.604377635854489,0.6034748916439843,0.611116055126414,0.6055789000855852
4,5,0.22752358591195884,0.93108,5000,1.3751442344100386,0.9339735894357744,833,1.3802627001326686,0.9245,0.8045508180705451,0.08367231141836677,,,0.8891135986208532,,0.8891270518548265,0.11087294814517346,0.970689831262668,0.39913930594204283,5,0.1,0.5,0.6047901309070081,0.6021762271750308,0.6234285986359549,0.6028815711586224,0.6116301946217764,1.0,0.6116888173613462,0.6057222633919476,0.6071528671140242,0.6191446484848837,0.609253360342925,0.6088085887477984
4,6,0.20928683541359225,0.93776,5000,1.389783501625061,0.9351740696278511,833,1.38050165191626,0.9248,0.8057738731468651,0.08352692856862502,,,0.8474413530137308,,0.8474524371266503,0.1525475628733497,0.9697668744999126,0.399075713778187,5,0.1,0.5,0.6082520491139727,0.6092361309086938,0.6149154647557599,0.6080343470827909,0.6005103537945757,0.6116888173613462,1.0,0.6101103582128531,0.6085713980012174,0.617007575378865,0.6147149839650053,0.6168421684211226
4,7,0.23046663256812913,0.93216,5000,1.3815418128614072,0.9183673469387755,833,1.379678617270229,0.9249,0.7950117802620059,0.08322637207121537,,,0.7612904473111677,,0.7613071632950154,0.23869283670498465,0.9698657526953643,0.3987238057493788,5,0.1,0.5,0.6000787671198347,0.5947814459791879,0.605232817408514,0.5912444701243333,0.5976207942937304,0.6057222633919476,0.6101103582128531,1.0,0.5964021232897463,0.6096425553949222,0.6021739157556981,0.6031886996637046
4,8,0.22929941216471847,0.932,5000,1.4031353350038882,0.9111644657863145,833,1.385642606229447,0.9229,0.7918206967035839,0.08288380641963428,,,0.6630981227377417,,0.6631092816625671,0.3368907183374329,0.9678266761881458,0.39768934776016074,5,0.1,0.5,0.5968354272554934,0.5926095689847369,0.5939234090762617,0.593703234046611,0.604377635854489,0.6071528671140242,0.6085713980012174,0.5964021232897463,1.0,0.5977740541321733,0.5947059173114483,0.6013435316049195
4,9,0.22335576349810052,0.93212,5000,1.3797743894435741,0.921968787515006,833,1.3785107318585672,0.9249,0.8026211459065977,0.08368826933705047,,,0.8936877441128883,,0.8937001154560514,0.10629988454394856,0.9708614865920884,0.39914365691548953,5,0.1,0.5,0.6053944334011175,0.5958728584181113,0.6121941439076747,0.6022046015431763,0.6034748916439843,0.6191446484848837,0.617007575378865,0.6096425553949222,0.5977740541321733,1.0,0.6128957471256319,0.6120742392500502
4,10,0.22648802325841347,0.93048,5000,1.3983192708757188,0.9135654261704682,833,1.378922069796358,0.9247,0.7990441145543493,0.08342960343488626,,,0.8195442737907529,,0.819557251142011,0.18044274885798905,0.9704534310461864,0.3990032496846029,5,0.1,0.5,0.5999473393727435,0.5884161455181254,0.6078475597326067,0.6093616009608522,0.611116055126414,0.609253360342925,0.6147149839650053,0.6021739157556981,0.5947059173114483,0.6128957471256319,1.0,0.603833482400486
4,11,0.228796676158383,0.92992,5000,1.382545135639332,0.9243697478991597,833,1.385545503978912,0.923,0.8019890196385401,0.08317558042837185,,,0.7467316336744536,,0.7467496611615883,0.25325033883841175,0.967469546094774,0.3986200514495565,5,0.1,0.5,0.6018044077093282,0.6043504073576164,0.6201722131234179,0.6070558724113082,0.6055789000855852,0.6088085887477984,0.6168421684211226,0.6031886996637046,0.6013435316049195,0.6120742392500502,0.603833482400486,1.0
5,0,0.2128424935066586,0.93684,5000,1.1146453243714791,0.9364508393285371,834,1.1303484312261636,0.9393,0.7841620599053555,0.0830584366444359,,,0.7390789584809618,,0.7390944229707344,0.26090557702926565,0.9667906152677876,0.39154990606255874,5,0.1,0.5,1.0,0.5726959610177068,0.5847849481890695,0.5713735901066382,0.579170130443065,0.5848738137411057,0.5823591358394523,0.581234889813892,0.5771770903814433,0.5855954368483017,0.5815821670767771,0.5813708080423059
5,1,0.2077527318298105,0.93632,5000,1.1423552786862408,0.9460431654676259,834,1.1329847372378024,0.9395,0.7752755168050259,0.08268472052804966,,,0.65,,0.650002509914161,0.349997490085839,0.9660216977268347,0.39043823615884193,5,0.1,0.5,0.5726959610177068,1.0,0.581133348843356,0.5738788912935691,0.5770920401053633,0.5715733283255151,0.5775584861333176,0.5721367419634633,0.5633237606288937,0.5713905211574961,0.5666877677535044,0.5716437819323824
5,2,0.20791061529771063,0.9372,5000,1.1211576461791992,0.9448441247002398,834,1.1252529691583433,0.9397,0.7922067828363226,0.08402722788549792,,,0.96999999976164,,0.9700015059484965,0.029998494051503455,0.9697096645891353,0.39215509622701356,5,0.1,0.5,0.5847849481890695,0.581133348843356,1.0,0.5860830267738403,0.5803111284309558,0.6004111661752916,0.5892089495728898,0.5851378562223555,0.577295345422451,0.5932189693788024,0.5896161640007243,0.5855709735492675
5,3,0.20617408651478922,0.94096,5000,1.1043745014402602,0.9436450839328537,834,1.1265997035434832,0.9396,0.7813164378963062,0.08320867588378969,,,0.7748899775347271,,0.7748958385623211,0.22510416143767886,0.9686481886577388,0.3917955071608167,5,0.1,0.5,0.5713735901066382,0.5738788912935691,0.5860830267738403,1.0,0.5797156755116274,0.5782896146481261,0.5723312783925506,0.5761489804239842,0.5712012560842386,0.578631321205376,0.5843345278978747,0.5815569409760432
5,4,0.19046492706391083,0.94176,5000,1.134784581484618,0.9375750300120048,833,1.1260531220954066,0.9397,0.7845593375508806,0.08336826539439728,,,0.8129297268687309,,0.8129461372421063,0.1870538627578937,0.9689668889342796,0.391968773566905,5,0.1,0.5,0.579170130443065,0.5770920401053633,0.5803111284309558,0.5797156755116274,1.0,0.5878618506518254,0.5740844002565275,0.5811135177299737,0.5736262759151577,0.5871536563546352,0.5843469392720299,0.5792837787486812
5,5,0.21507334967550176,0.93612,5000,1.1197544535001118,0.9447779111644657,833,1.1277629038015493,0.9393,0.7884757894500164,0.08370719567824247,,,0.8937171357033645,,0.8937252145976607,0.10627478540233926,0.9696044816689207,0.39212646569110926,5,0.1,0.5,0.5848738137411057,0.5715733283255151,0.6004111661752916,0.5782896146481261,0.5878618506518254,1.0,0.582797042770881,0.5840316527280823,0.5814453092581531,0.5897889429121337,0.5802847208770017,0.5776360061370005
5,6,0.1940670550094953,0.94172,5000,1.138612049597281,0.9483793517406963,833,1.1280463261726184,0.9393,0.7843142587238328,0.08346349869064756,,,0.8356295315352145,,0.8356508207419306,0.16434917925806936,0.9693255057271457,0.39203655387523206,5,0.1,0.5,0.5823591358394523,0.5775584861333176,0.5892089495728898,0.5723312783925506,0.5740844002565275,0.582797042770881,1.0,0.579483264573368,0.5716410507940385,0.5836568048615097,0.5846927265899458,0.5828241461125432
5,7,0.21247676626369832,0.93728,5000,1.1311587006957442,0.9387755102040817,833,1.127309083367308,0.9393,0.7851062765812222,0.08329038041193916,,,0.7943650655804647,,0.7943727724511822,0.2056272275488178,0.9684662414539649,0.39189475323698275,5,0.1,0.5,0.581234889813892,0.5721367419634633,0.5851378562223555,0.5761489804239842,0.5811135177299737,0.5840316527280823,0.579483264573368,1.0,0.5708156913451056,0.5892260328034242,0.5833587448702887,0.5868876850481068
5,8,0.21206518771115002,0.93716,5000,1.1530412921199091,0.9267707082833133,833,1.1350017667959293,0.9397,0.7755128364247593,0.0827236321182931,,,0.6592749650864433,,0.6592841724813011,0.3407158275186989,0.966201538284467,0.39059305362661595,5,0.1,0.5,0.5771770903814433,0.5633237606288937,0.577295345422451,0.5712012560842386,0.5736262759151577,0.5814453092581531,0.5716410507940385,0.5708156913451056,1.0,0.5718374903777611,0.56578678173676,0.5769908563166334
5,9,0.20423578043130172,0.93912,5000,1.130780886720728,0.9351740696278511,833,1.1259807155916866,0.9397,0.7902894322772559,0.08378170215852039,,,0.9114764973477516,,0.9114954068570855,0.08850459314291448,0.9696203026543646,0.39213919977086903,5,0.1,0.5,0.5855954368483017,0.5713905211574961,0.5932189693788024,0.578631321205376,0.5871536563546352,0.5897889429121337,0.5836568048615097,0.5892260328034242,0.5718374903777611,1.0,0.5914708409189942,0.5940418794080988
5,10,0.21113647441290745,0.93696,5000,1.1488911509513855,0.9303721488595438,833,1.126462400721285,0.9397,0.784932683602999,0.08342017991986352,,,0.8253040710722507,,0.8253250338838412,0.17467496611615885,0.9691217665831076,0.39200869778340264,5,0.1,0.5,0.5815821670767771,0.5666877677535044,0.5896161640007243,0.5843345278978747,0.5843469392720299,0.5802847208770017,0.5846927265899458,0.5833587448702887,0.56578678173676,0.5914708409189942,1.0,0.5746444032151551
5,11,0.2189743013613543,0.93352,5000,1.1321845209157024,0.9411764705882353,833,1.1333669024153639,0.9393,0.7853810389984885,0.08326608468632317,,,0.788573937399161,,0.7885849103960645,0.2114150896039355,0.9682526876265495,0.3918680421370266,5,0.1,0.5,0.5813708080423059,0.5716437819323824,0.5855709735492675,0.5815569409760432,0.5792837787486812,0.5776360061370005,0.5828241461125432,0.5868876850481068,0.5769908563166334,0.5940418794080988,0.5746444032151551,1.0
6,0,0.19882657168682213,0.93972,5000,0.8758895772474783,0.947242206235012,834,0.8944207761234368,0.9474,0.7685072613883508,0.0831010163499419,,,0.7405199673148033,,0.7405401335274333,0.2594598664725667,0.9654881652817247,0.38430348425571836,5,0.1,0.5,1.0,0.5493794471484283,0.5557285161540385,0.5469899137737657,0.5538384825572955,0.557744831131927,0.5560229410910781,0.5521082758230389,0.5573533925793399,0.5609185008088025,0.5567038514867804,0.5542662839097107
6,1,0.1926253120847948,0.94364,5000,0.9071133313355623,0.9484412470023981,834,0.89784715979244,0.9475,0.7670828601386418,0.08279911935692756,,,0.655479925585028,,0.6554992219266101,0.34450077807338986,0.9632101892241516,0.38326675645776487,5,0.1,0.5,0.5493794471484283,1.0,0.5552365054373491,0.5458522932380274,0.5560340547027024,0.5566852391002103,0.5574196628437921,0.5490093918305005,0.5500857085674241,0.5606727709066237,0.5541191642815233,0.5553762548021794
6,2,0.1935367812088151,0.94164,5000,0.8836062153180441,0.9580335731414868,834,0.8894010862222494,0.9474,0.7731049082929018,0.08391568353883622,,,0.9699999997183144,,0.9700015059484965,0.029998494051503455,0.9670980282053272,0.38492746849609377,5,0.1,0.5,0.5557285161540385,0.5552365054373491,1.0,0.5605472286730145,0.5574274731924022,0.5664892972400091,0.5552139055673947,0.5503524564874772,0.5525196185404766,0.5648198544969841,0.562040968545592,0.5579546032398485
6,3,0.19640398682540008,0.94216,5000,0.8706807185102392,0.9484412470023981,834,0.8909306726135766,0.9473,0.7653037392557519,0.08308865800514417,,,0.7370387992951557,,0.7370563726720546,0.2629436273279454,0.9656757761462502,0.38427411965328456,5,0.1,0.5,0.5469899137737657,0.5458522932380274,0.5605472286730145,1.0,0.5587545585584672,0.5511039234219821,0.5483020893756029,0.552548070864613,0.5494603271015976,0.5559981581169148,0.5553574903634598,0.5456643124848329
6,4,0.17626912080783658,0.94716,5000,0.8973253744619863,0.9507803121248499,833,0.8901465752254278,0.9474,0.7735111868152902,0.08348668886060835,,,0.8491583676964378,,0.8491742382410522,0.1508257617589478,0.9665230377313666,0.38482688425472444,5,0.1,0.5,0.5538384825572955,0.5560340547027024,0.5574274731924022,0.5587545585584672,1.0,0.5594097515441082,0.5547240961671791,0.5573560134717438,0.5619878155755538,0.5610042849136753,0.5718933286937119,0.5532627434121935
6,5,0.19500501120617245,0.9404,5000,0.8815447599799545,0.9531812725090036,833,0.8918040735653033,0.947,0.7715959258748485,0.083646912429284,,,0.8942910430179963,,0.8942974750263541,0.10570252497364585,0.9669991245255704,0.3848961737279687,5,0.1,0.5,0.557744831131927,0.5566852391002103,0.5664892972400091,0.5511039234219821,0.5594097515441082,1.0,0.556473540317512,0.5573536791079239,0.555123110316799,0.5668943310606241,0.5544813557348385,0.5443051841455546
6,6,0.182219322496776,0.94632,5000,0.9031411740514967,0.9543817527010804,833,0.8920735469260536,0.9471,0.7696907535181903,0.08341547308073989,,,0.8290979065723852,,0.8291099844385322,0.17089001556146777,0.9666023085439294,0.384775196565572,5,0.1,0.5,0.5560229410910781,0.5574196628437921,0.5552139055673947,0.5483020893756029,0.5547240961671791,0.556473540317512,1.0,0.5492275550912988,0.5548697004670868,0.5627009898752254,0.5589199555699198,0.5559993902224195
6,7,0.20003469947511981,0.93936,5000,0.8966309693124559,0.9447779111644657,833,0.8913850371068278,0.9471,0.7668799837978345,0.08319945253145294,,,0.7682480241590858,,0.7682596255208072,0.23174037447919282,0.9660829775358722,0.3845022194255453,5,0.1,0.5,0.5521082758230389,0.5490093918305005,0.5503524564874772,0.552548070864613,0.5573560134717438,0.5573536791079239,0.5492275550912988,1.0,0.5460634474935955,0.5590250181484232,0.5620371880617755,0.5496728904585835
6,8,0.1932499755503147,0.94064,5000,0.917449642110754,0.9327731092436975,833,0.8999513759018894,0.9472,0.765794193927141,0.08277966530890017,,,0.65,,0.650002509914161,0.349997490085839,0.9632410863178588,0.3831750724848275,5,0.1,0.5,0.5573533925793399,0.5500857085674241,0.5525196185404766,0.5494603271015976,0.5619878155755538,0.555123110316799,0.5548697004670868,0.5460634474935955,1.0,0.5492139242967853,0.5501007838788394,0.5511012095455998
6,9,0.18951374190165454,0.94216,5000,0.8973949087990655,0.9399759903961584,833,0.8900916125065983,0.9471,0.7760653525655969,0.08385532032233473,,,0.9529965496376223,,0.9530043672506401,0.04699563274935992,0.9670652545783807,0.3849257408311908,5,0.1,0.5,0.5609185008088025,0.5606727709066237,0.5648198544969841,0.5559981581169148,0.5610042849136753,0.5668943310606241,0.5627009898752254,0.5590250181484232,0.5492139242967853,1.0,0.5663919361559755,0.5593367144683797
6,10,0.19935190929218558,0.9406,5000,0.9149778242464419,0.9447779111644657,833,0.8905379953094945,0.9474,0.7738729590062599,0.08353443097485026,,,0.8626066347588628,,0.8626223583153456,0.13737764168465438,0.9666396271626269,0.3848533808228646,5,0.1,0.5,0.5567038514867804,0.5541191642815233,0.562040968545592,0.5553574903634598,0.5718933286937119,0.5544813557348385,0.5589199555699198,0.5620371880617755,0.5501007838788394,0.5663919361559755,1.0,0.5565777606734781
6,11,0.1963655050197367,0.94224,5000,0.8976705846963106,0.9447779111644657,833,0.8971691344873592,0.9474,0.76672394169756,0.08317757924097978,,,0.762086632765177,,0.7621053159981929,0.23789468400180713,0.9659923773797076,0.38446346140212795,5,0.1,0.5,0.5542662839097107,0.5553762548021794,0.5579546032398485,0.5456643124848329,0.5532627434121935,0.5443051841455546,0.5559993902224195,0.5496728904585835,0.5511012095455998,0.5593367144683797,0.5565777606734781,1.0
7,0,0.1902133972057776,0.94076,5000,0.6681032247013516,0.9568345323741008,834,0.6888606779681988,0.9525,0.7534108286077159,0.08314565293714073,,,0.7888865803474906,,0.7888961397520204,0.21110386024797956,0.9632471667589975,0.3768116315673232,5,0.1,0.5,1.0,0.5165104340157464,0.5332749348975737,0.5275927282448445,0.5267504435865435,0.5269829675082663,0.5244943158434354,0.5300413193804466,0.5353075285695257,0.534327416799365,0.5324244911740227,0.5328462124835078
