round,client_id,client_i_training_loss,client_i_training_accuracy,client_i_training_dataset_size,client_i_evaluation_loss,client_i_evaluation_accuracy,client_i_evaluation_dataset_size,client_i_central_evaluation_loss,client_i_central_evaluation_accuracy,client_i_cosine_similarity,client_i_importance_coefficient,client_i_tanh_val,tanh_normalization_value,client_i_q,client_i_mask_order,client_i_v_nonzero_fraction,client_i_v_sparsity,client_i_v_cosine_similarity,client_i_reward_gradient_norm,local_epochs,learning_rate,gamma,client_0_cosine_similarity,client_1_cosine_similarity,client_2_cosine_similarity,client_3_cosine_similarity,client_4_cosine_similarity,client_5_cosine_similarity,client_6_cosine_similarity,client_7_cosine_similarity,client_8_cosine_similarity,client_9_cosine_similarity,client_10_cosine_similarity,client_11_cosine_similarity
0,0,2.295785018891999,0.12464602831773458,4167,2.30006514276777,0.11990407673860912,834,2.2979690485362765,0.118,0.9694578857271425,0.08384566190471099,,,0.9428574088424262,,0.9429205657605915,0.05707943423940853,0,0.14452929182051774,10,0.025,0.15,1.0,0.9621101123135377,0.9092461828193488,0.8748632566016856,0.9167664987298377,0.9329046406226416,0.9309552732290222,0.9177636338574122,0.9517791051563763,0.9290967264252077,0.9392767867437356,0.9445071002740107
0,1,2.2961626197352554,0.13273338132949364,4167,2.297717332839966,0.12949640287769784,834,2.297968985159186,0.118,0.9731824101129355,0.08416778545128754,,,0.9549398799887916,,0.9549850637883514,0.04501493621164865,0,0.14452965135384438,10,0.025,0.15,0.9621101123135377,1.0,0.9062405777344107,0.8782118686444783,0.9268426623049156,0.9280526035482778,0.9314394980792822,0.9332893020050231,0.9425697849829064,0.9447127520909968,0.9536032116564536,0.9452631048263651
0,2,2.2949599598393298,0.15773938084953204,4167,2.2974746908460344,0.12829736211031176,834,2.2979706389994563,0.118,0.9254208757083066,0.08003702585388937,,,0.8,,0.8000115528708884,0.19998844712911157,0,0.14445435773845683,10,0.025,0.15,0.9092461828193488,0.9062405777344107,1.0,0.8275438683056237,0.884181325753038,0.8791622131655258,0.8929498749622475,0.8604744516986761,0.9052172518586369,0.853868550359002,0.9114374269331159,0.8697608277628489
0,3,2.2944348205219613,0.13635709143268537,4167,2.299102238246373,0.09472422062350119,834,2.2979680888260465,0.1181,0.9417723505322287,0.0814512185175569,,,0.8530446849842558,,0.8530804905018897,0.14691950949811028,0,0.14449730420288803,10,0.025,0.15,0.8748632566016856,0.8782118686444783,0.8275438683056237,1.0,0.9174453541397407,0.911013326904508,0.9395412305272417,0.9363035117891696,0.9087421402205579,0.8992808699043546,0.8843508951143583,0.9118487856677204
0,4,2.293279056115584,0.13729301655867532,4167,2.295523132596697,0.12965186074429771,833,2.29796904551832,0.118,0.9665431044309334,0.08359357074047767,,,0.9334017690716812,,0.9334472116320905,0.06655278836790945,0,0.1445286805526893,10,0.025,0.15,0.9167664987298377,0.9268426623049156,0.884181325753038,0.9174453541397407,1.0,0.9259912361864059,0.9323441137519778,0.9336088785665587,0.9413624382617384,0.9373098342334114,0.9397039078010717,0.9200075731912369
0,5,2.2940507289135095,0.1284857211423086,4167,2.2956805569784984,0.12484993997599039,833,2.2979690575901466,0.118,0.9691137218257746,0.08381589614537399,,,0.9417409306086518,,0.9418065389249228,0.05819346107507717,0,0.1445292568718383,10,0.025,0.15,0.9329046406226416,0.9280526035482778,0.8791622131655258,0.911013326904508,0.9259912361864059,1.0,0.9408380803863117,0.916831780783977,0.9451908821876437,0.9404174072641343,0.9456875433214647,0.9392019517724568
0,6,2.29542140454957,0.1320374370050396,4167,2.297928503581456,0.12364945978391356,833,2.297969060608103,0.118,0.9702484430522842,0.08391403496472319,,,0.9454220010107599,,0.9454704494066776,0.05452955059332243,0,0.1445293827123064,10,0.025,0.15,0.9309552732290222,0.9314394980792822,0.8929498749622475,0.9395412305272417,0.9323441137519778,0.9408380803863117,1.0,0.9390963559741163,0.9514627361055615,0.9150604292671085,0.9203591256400064,0.9243497893722373
0,7,2.296176359870217,0.1332133429325654,4167,2.2987047263554166,0.11764705882352941,833,2.297969136057021,0.118,0.9640640929424852,0.08337916807051288,,,0.9253597798998723,,0.9254014622633725,0.0745985377366275,0,0.14452819387639454,10,0.025,0.15,0.9177636338574122,0.9332893020050231,0.8604744516986761,0.9363035117891696,0.9336088785665587,0.916831780783977,0.9390963559741163,1.0,0.940933664674616,0.9231764670127569,0.9284224316694198,0.9169953915357423
0,8,2.2952270948525633,0.1384061449831973,4166,2.2991126605442593,0.10684273709483794,833,2.2979689429077923,0.118,0.9778248200484131,0.08456929431475012,,,0.9699999999624911,,0.9700285520951957,0.029971447904804327,0,0.1445299345231715,10,0.025,0.15,0.9517791051563763,0.9425697849829064,0.9052172518586369,0.9087421402205579,0.9413624382617384,0.9451908821876437,0.9514627361055615,0.940933664674616,1.0,0.934177800764901,0.9445012370090919,0.9400793848075952
0,9,2.291882047508702,0.13041286605856936,4166,2.3000947407313754,0.1056422569027611,833,2.297969111913367,0.1181,0.9656900470870684,0.08351979223117668,,,0.9306344249289605,,0.9306662705682363,0.06933372943176375,0,0.1445285070182233,10,0.025,0.15,0.9290967264252077,0.9447127520909968,0.853868550359002,0.8992808699043546,0.9373098342334114,0.9404174072641343,0.9150604292671085,0.9231764670127569,0.934177800764901,1.0,0.951880487210097,0.9367401504784645
0,10,2.2939421834367693,0.1312770043206913,4166,2.2982843603406633,0.1212484993997599,833,2.2979689911950993,0.118,0.9725932962314197,0.08411683466316136,,,0.9530287765194496,,0.9530705880411282,0.04692941195887179,0,0.1445296076276297,10,0.025,0.15,0.9392767867437356,0.9536032116564536,0.9114374269331159,0.8843508951143583,0.9397039078010717,0.9456875433214647,0.9203591256400064,0.9284224316694198,0.9445012370090919,0.951880487210097,1.0,0.9263101627750501
0,11,2.294761325373794,0.13590974555928947,4166,2.2971738406590054,0.11284513805522209,833,2.2979690998415405,0.118,0.9664985475513063,0.08358971714237945,,,0.9332572251899118,,0.9332821706193989,0.06671782938060111,0,0.14452864560665377,10,0.025,0.15,0.9445071002740107,0.9452631048263651,0.8697608277628489,0.9118487856677204,0.9200075731912369,0.9392019517724568,0.9243497893722373,0.9169953915357423,0.9400793848075952,0.9367401504784645,0.9263101627750501,1.0
1,0,2.2285000230326797,0.19541636669066476,4167,2.290288414273943,0.15347721822541965,834,2.288207129587101,0.1578,0.9846249916854939,0.08357368202798537,,,0.9358100700226522,,0.9358403063161196,0.06415969368388041,0.7961451024407006,0.1480422133515874,10,0.025,0.15,1.0,0.973579035009097,0.9691335383615756,0.9620335961268001,0.9628656645313011,0.9674865521448681,0.9703452451611395,0.9698370373130796,0.9731541185553794,0.9690188152064714,0.973519018926457,0.9700508170829325
1,1,2.2361536799055157,0.19349652027837774,4167,2.2881936005183627,0.16666666666666666,834,2.2882073227363295,0.1578,0.9886588088347367,0.08390289930106788,,,0.954552952907626,,0.954597217408526,0.04540278259147401,0.7961307851972635,0.14804466259333046,10,0.025,0.15,0.973579035009097,1.0,0.973711378343899,0.9674867824024603,0.977331456822471,0.9737420939489829,0.9740274154979823,0.9774120385537015,0.9730090632359715,0.9742615985909238,0.9706342970492787,0.9737003836749688
1,2,2.222682921814196,0.19798416126709864,4167,2.2874415261404857,0.17026378896882494,834,2.2882205836380582,0.1581,0.9834124660051268,0.08118818876185357,,,0.8,,0.8000115528708884,0.19998844712911157,0.7941340748107902,0.1479712426802916,10,0.025,0.15,0.9691335383615756,0.973711378343899,1.0,0.9590024615267515,0.9694795631515452,0.9725821685907327,0.9706800252000842,0.9639066555891703,0.9703651076818722,0.9617685965143633,0.975767535078627,0.9616198220940159
1,3,2.2365693554733737,0.1752099832013439,4167,2.2889183248792375,0.1474820143884892,834,2.288202617741838,0.1583,0.9846903625803967,0.0821007859518199,,,0.851955664696877,,0.8519994718687594,0.14800052813124065,0.7960137887327395,0.14801980160606293,10,0.025,0.15,0.9620335961268001,0.9674867824024603,0.9590024615267515,1.0,0.9710863976822975,0.9736708145071018,0.9705387365307436,0.9751545619167183,0.9734627724586512,0.9721151348126198,0.9656816962735305,0.9723053639145108
1,4,2.2289876453804247,0.17820974322054237,4167,2.2859537601470947,0.16926770708283315,833,2.2882073408440697,0.1578,0.9866570447559269,0.08348427284283576,,,0.930719857500054,,0.9307570431252166,0.06924295687478343,0.7961399597056038,0.1480419507619042,10,0.025,0.15,0.9628656645313011,0.977331456822471,0.9694795631515452,0.9710863976822975,1.0,0.9748053099137133,0.97530616228537,0.9772134456558041,0.9704376684971946,0.9695927106205234,0.9685529468860373,0.9687206183192866
1,5,2.2292605790224944,0.18101751859851212,4167,2.286818402154105,0.15966386554621848,833,2.2882073830954637,0.1578,0.9884552553867868,0.08367953025676125,,,0.9418361844392885,,0.9418973114819033,0.058102688518096746,0.7961311847451129,0.1480443060542623,10,0.025,0.15,0.9674865521448681,0.9737420939489829,0.9725821685907327,0.9736708145071018,0.9748053099137133,1.0,0.9771641878417668,0.9736647337837954,0.9771576690088581,0.9724627511946401,0.9716311357176557,0.9722862267356754
1,6,2.2263376329884386,0.1906647468202544,4167,2.288112538201468,0.16206482593037214,833,2.2882073348081566,0.1578,0.9883507682235987,0.08373659767126053,,,0.9450851265634161,,0.9451403673812943,0.054859632618705745,0.7961446310750625,0.14804441422253986,10,0.025,0.15,0.9703452451611395,0.9740274154979823,0.9706800252000842,0.9705387365307436,0.97530616228537,0.9771641878417668,1.0,0.9750215994107007,0.9767432784082887,0.9737456588766604,0.9706993431413418,0.9709649720689044
1,7,2.241276199167425,0.17897768178545717,4167,2.288869551249913,0.15126050420168066,833,2.2882074223289006,0.1578,0.9892373638604094,0.08343585619923256,,,0.9279634180452179,,0.9279926061626315,0.07200739383736854,0.7961433253947765,0.14804179775755344,10,0.025,0.15,0.9698370373130796,0.9774120385537015,0.9639066555891703,0.9751545619167183,0.9772134456558041,0.9736647337837954,0.9750215994107007,1.0,0.9755145873353179,0.9768657219625687,0.974710213432987,0.9763735885353332
1,8,2.2296049125266797,0.1871339414306289,4166,2.2892347063337053,0.1452581032412965,833,2.2882072412514987,0.1578,0.9893987493632284,0.08417422547502923,,,0.9699999999430684,,0.9700285520951957,0.029971447904804327,0.796126965385023,0.1480448687586308,10,0.025,0.15,0.9731541185553794,0.9730090632359715,0.9703651076818722,0.9734627724586512,0.9704376684971946,0.9771576690088581,0.9767432784082887,0.9755145873353179,1.0,0.9781800654906931,0.9760396676661791,0.9733954934023792
1,9,2.226842521898674,0.18799807969275084,4166,2.2901366778782437,0.15006002400960383,833,2.2882073438620267,0.1578,0.9872384824396618,0.08345767541045981,,,0.9292056217632845,,0.929246917859088,0.07075308214091203,0.796149337102618,0.14804189014712618,10,0.025,0.15,0.9690188152064714,0.9742615985909238,0.9617685965143633,0.9721151348126198,0.9695927106205234,0.9724627511946401,0.9737456588766604,0.9768657219625687,0.9781800654906931,1.0,0.9720175448667366,0.9718552899356678
1,10,2.223905649329677,0.18891022563610177,4166,2.2887559958866666,0.14165666266506602,833,2.2882073649877235,0.1578,0.9866440040659559,0.08380618900653777,,,0.9490470761740717,,0.9490848475846247,0.05091515241537525,0.7961282898603909,0.1480445196914518,10,0.025,0.15,0.973519018926457,0.9706342970492787,0.975767535078627,0.9656816962735305,0.9685529468860373,0.9716311357176557,0.9706993431413418,0.974710213432987,0.9760396676661791,0.9720175448667366,1.0,0.9658869254367695
1,11,2.2312576257821286,0.192870859337494,4166,2.2875022888183594,0.17286914765906364,833,2.2882073740415936,0.1578,0.9859846020025197,0.08346009709515652,,,0.9293434922712007,,0.9293789506692413,0.07062104933075875,0.7961418944072535,0.14804189288153635,10,0.025,0.15,0.9700508170829325,0.9737003836749688,0.9616198220940159,0.9723053639145108,0.9687206183192866,0.9722862267356754,0.9709649720689044,0.9763735885353332,0.9733954934023792,0.9718552899356678,0.9658869254367695,1.0
2,0,2.1438250043175437,0.2290856731461483,4167,2.275951181139265,0.18585131894484413,834,2.2739118322541443,0.1931,0.985027243900171,0.08342125699266852,,,0.9301005974960597,,0.9301463913782575,0.0698536086217425,0.9247782657858072,0.148030132470134,10,0.025,0.15,1.0,0.9748061698243442,0.9722484799220036,0.9675521446138474,0.9668939570986865,0.9706441327704903,0.9696754207678299,0.9692178957799299,0.9690503764189223,0.9673458406550063,0.9701548801228342,0.9676403271068075
2,1,2.146842687057726,0.22877369810415166,4167,2.2741235324314664,0.19664268585131894,834,2.2739120857625066,0.1931,0.9892545781935538,0.08376112677048278,,,0.9605545716432602,,0.9605964582198676,0.03940354178013239,0.924761955399995,0.1480325075222853,10,0.025,0.15,0.9748061698243442,1.0,0.9739847717729241,0.9736138590162065,0.9770910788739958,0.9765095418396649,0.9733321094237174,0.9777512291821836,0.9733610946664752,0.9733585384350466,0.9674859887343075,0.9739148854038764
2,2,2.1291193264903443,0.240220782337413,4167,2.27298150743757,0.20623501199040767,834,2.2739395914198477,0.1933,0.9855701163225081,0.08196931968718704,,,0.8,,0.8000115528708884,0.19998844712911157,0.9244690747400268,0.14795490425242994,10,0.025,0.15,0.9722484799220036,0.9739847717729241,1.0,0.9684827583165702,0.9707042074948828,0.9744118998820966,0.9714374585555483,0.965890485345345,0.9693117308564131,0.9673149842701879,0.9705910284678286,0.9680619495034092
2,3,2.1597935886094066,0.2134629229661627,4167,2.274251324789865,0.18705035971223022,834,2.2739143552659433,0.1935,0.9873507745465685,0.08258924194359689,,,0.855548029281665,,0.8555808618441683,0.14441913815583174,0.9247031630424882,0.14800529131430362,10,0.025,0.15,0.9675521446138474,0.9736138590162065,0.9684827583165702,1.0,0.9722610594985253,0.9757862931718899,0.9690769243276041,0.9741928811101246,0.9735725607906598,0.9739438949095833,0.9683568629842046,0.976299046611867
2,4,2.14900088707606,0.21927045836333092,4167,2.2716737474714006,0.20048019207683074,833,2.2739121491395973,0.1931,0.9868047193948707,0.08342380869114245,,,0.9303292420076619,,0.9303691967453912,0.0696308032546088,0.924770825353977,0.1480301375728722,10,0.025,0.15,0.9668939570986865,0.9770910788739958,0.9707042074948828,0.9722610594985253,1.0,0.9749381247301023,0.9730288566910804,0.9763520783220401,0.9703842846380428,0.9698410870699303,0.9657007068297703,0.9690969844470789
2,5,2.1465058677124254,0.22486201103911688,4167,2.273592369897025,0.20048019207683074,833,2.273911835272101,0.1931,0.9896841205281458,0.08363745135488886,,,0.9494726568776586,,0.9495139542176231,0.05048604578237692,0.9247742637181073,0.1480321501858079,10,0.025,0.15,0.9706441327704903,0.9765095418396649,0.9744118998820966,0.9757862931718899,0.9749381247301023,1.0,0.9758841185413977,0.9743651484148049,0.9775908075238794,0.9729261484294628,0.9733116605025616,0.9739669400333604
2,6,2.1418323267589914,0.23002159827213822,4167,2.273880822317941,0.19807923169267708,833,2.2739114067222497,0.1931,0.9867086453848916,0.08357613372301595,,,0.9439783008103605,,0.944018088494991,0.055981911505008974,0.9247693576566474,0.1480318665928767,10,0.025,0.15,0.9696754207678299,0.9733321094237174,0.9714374585555483,0.9690769243276041,0.9730288566910804,0.9758841185413977,1.0,0.9724381107806664,0.97173488800203,0.9719768755503673,0.967320681056849,0.9691318188734167
2,7,2.1613438096913424,0.2226541876649868,4167,2.274789128984724,0.1872749099639856,833,2.2739122608039954,0.1931,0.9877839709337978,0.08342573250234801,,,0.9305016247864281,,0.9305424898087175,0.06945751019128255,0.9247694048274455,0.14803014096141537,10,0.025,0.15,0.9692178957799299,0.9777512291821836,0.965890485345345,0.9741928811101246,0.9763520783220401,0.9743651484148049,0.9724381107806664,1.0,0.9700883809725097,0.9735557438350042,0.9711248933393044,0.9727859588686275
2,8,2.1445542613665265,0.22635621699471917,4166,2.2749664102281844,0.19327731092436976,833,2.273911974098109,0.1931,0.9873505607493346,0.08386653881263514,,,0.9699999999103952,,0.9700285520951957,0.029971447904804327,0.9247552159929706,0.14803266970945891,10,0.025,0.15,0.9690503764189223,0.9733610946664752,0.9693117308564131,0.9735725607906598,0.9703842846380428,0.9775908075238794,0.97173488800203,0.9700883809725097,1.0,0.976795959413553,0.9692355321043677,0.9713577022635365
2,9,2.1478072108644426,0.2270523283725396,4166,2.275881290435791,0.18127250900360145,833,2.273911952972412,0.1931,0.986759515638841,0.08340595821029892,,,0.9287297526808377,,0.9287765509729168,0.07122344902708322,0.9247707519172019,0.14802998688308205,10,0.025,0.15,0.9673458406550063,0.9733585384350466,0.9673149842701879,0.9739438949095833,0.9698410870699303,0.9729261484294628,0.9719768755503673,0.9735557438350042,0.976795959413553,1.0,0.9668853110874573,0.971725656949746
2,10,2.1392751982717804,0.22755640902544408,4166,2.2747054440634593,0.17767106842737096,833,2.2739120133315462,0.1931,0.9841447474595241,0.08353587566557488,,,0.9403709843598911,,0.9404036903170437,0.05959630968295626,0.9247645460824968,0.14803167760306388,10,0.025,0.15,0.9701548801228342,0.9674859887343075,0.9705910284678286,0.9683568629842046,0.9657007068297703,0.9733116605025616,0.967320681056849,0.9711248933393044,0.9692355321043677,0.9668853110874573,1.0,0.9645506537251526
2,11,2.1535279721924754,0.22342774843975036,4166,2.273288215909685,0.2028811524609844,833,2.273912333234956,0.1931,0.9861459209825257,0.08338755564616042,,,0.9270807940234358,,0.927109636744731,0.07289036325526899,0.9247631324656599,0.14802982874227705,10,0.025,0.15,0.9676403271068075,0.9739148854038764,0.9680619495034092,0.976299046611867,0.9690969844470789,0.9739669400333604,0.9691318188734167,0.9727859588686275,0.9713577022635365,0.971725656949746,0.9645506537251526,1.0
3,0,2.065895794015942,0.25742740580753537,4167,2.256311757223947,0.2314148681055156,834,2.2544854622852952,0.2178,0.9822768884333374,0.08333301419404922,,,0.9191612745010022,,0.9192124242874354,0.08078757571256456,0.9654968064843459,0.14758984220670962,10,0.025,0.15,1.0,0.969469003172721,0.9645411953016719,0.9608466520850477,0.9637082223812854,0.9641474677628193,0.9652487071573651,0.9639966873987941,0.9632183129090532,0.9613812828702147,0.9615067718653572,0.9601438455982855
3,1,2.0697302980856462,0.2560835133189345,4167,2.25498788697379,0.22062350119904076,834,2.254487583908854,0.2179,0.9872301784105454,0.08370340518593687,,,0.9677195632586699,,0.9677592381706854,0.03224076182931457,0.9655981946387232,0.1475941374365012,10,0.025,0.15,0.969469003172721,1.0,0.9667993697977476,0.9691284387678291,0.9718769474826608,0.9715790823245243,0.9671837236653693,0.9700858581730848,0.9718931794571037,0.9684943831173813,0.9594766945180812,0.9705821324942812
3,2,2.054582582459305,0.26844252459803214,4167,2.2535636765616283,0.22422062350119903,834,2.2545548571815974,0.219,0.9818617354029439,0.08242408054366283,,,0.8,,0.8000115528708884,0.19998844712911157,0.9648043959607583,0.14750256591950464,10,0.025,0.15,0.9645411953016719,0.9667993697977476,1.0,0.9606326948023367,0.9634661544709117,0.9671569222832728,0.9653702070008716,0.9586995118665665,0.9633644237359718,0.962642339667465,0.961943522513744,0.9593117169181021
3,3,2.0883983796293086,0.24427645788336932,4167,2.2545370715005055,0.23261390887290168,834,2.2545050458063054,0.2183,0.984066258761303,0.08287796521533647,,,0.8595043168773735,,0.8595418461487679,0.14045815385123206,0.9652261398060328,0.14756100766862756,10,0.025,0.15,0.9608466520850477,0.9691284387678291,0.9606326948023367,1.0,0.9655691006413551,0.9682021527058965,0.9622928219551695,0.965709974588364,0.9696983256903883,0.9669743081953837,0.9614537935164886,0.9690945168399733
3,4,2.0772526206392232,0.24986801055915528,4167,2.2525863647460938,0.22328931572629052,833,2.2544859149788,0.2178,0.984403944084582,0.083403631375692,,,0.9284191926808882,,0.9284547209981681,0.07154527900183194,0.9655100116555119,0.14759106708374933,10,0.025,0.15,0.9637082223812854,0.9718769474826608,0.9634661544709117,0.9655691006413551,1.0,0.9684654742247365,0.9666102108169609,0.9682989911785654,0.966959525965048,0.9654889371206902,0.959890090759839,0.9629509977363151
3,5,2.07219994393262,0.2521958243340533,4167,2.255138431276594,0.2304921968787515,833,2.2544874752624127,0.2179,0.9868689845009359,0.08361540622695188,,,0.9561828926744576,,0.9562311234341734,0.04376887656582662,0.9655761304853606,0.14759378909827348,10,0.025,0.15,0.9641474677628193,0.9715790823245243,0.9671569222832728,0.9682021527058965,0.9684654742247365,1.0,0.9700077638369468,0.9670689768826463,0.9742851092681974,0.9665014559645784,0.9669469779381589,0.9679567933891667
3,6,2.0679188096162044,0.25855531557475403,4167,2.254794188908168,0.20408163265306123,833,2.2544855407521696,0.2179,0.9839563026614248,0.08348304499886525,,,0.9388303250512697,,0.938877060949646,0.06112293905035404,0.96554021811853,0.14759279396577218,10,0.025,0.15,0.9652487071573651,0.9671837236653693,0.9653702070008716,0.9622928219551695,0.9666102108169609,0.9700077638369468,1.0,0.9656820484522295,0.9668855526040375,0.9670852633489188,0.9598242102083585,0.9617692232808287
3,7,2.0864826765927402,0.2537556995440365,4167,2.255685806274414,0.2028811524609844,833,2.2544864491571355,0.2178,0.9841269593649218,0.08339582702914157,,,0.9273960422218849,,0.9274397187701143,0.07256028122988567,0.9655081624669656,0.1475909011600685,10,0.025,0.15,0.9639966873987941,0.9700858581730848,0.9586995118665665,0.965709974588364,0.9682989911785654,0.9670689768826463,0.9656820484522295,1.0,0.9651883581276748,0.9663041593872195,0.9635912644205165,0.9653275882706162
3,8,2.069646520686872,0.25367258761401823,4166,2.2553301538739885,0.21728691476590636,833,2.254487580890897,0.2179,0.9857632342684305,0.08372079980999818,,,0.9699999998689,,0.9700285520951957,0.029971447904804327,0.9655986665464297,0.14759417325413773,10,0.025,0.15,0.9632183129090532,0.9718931794571037,0.9633644237359718,0.9696983256903883,0.966959525965048,0.9742851092681974,0.9668855526040375,0.9651883581276748,1.0,0.9701001790106418,0.9598716519361439,0.9677043631724258
3,9,2.076696982166984,0.2538166106577052,4166,2.2565367221832275,0.20168067226890757,833,2.254486083984375,0.2178,0.9840846634861002,0.08338225865777377,,,0.9256172276468022,,0.9256572758330445,0.07434272416695553,0.9655081229513692,0.1475907089155059,10,0.025,0.15,0.9613812828702147,0.9684943831173813,0.962642339667465,0.9669743081953837,0.9654889371206902,0.9665014559645784,0.9670852633489188,0.9663041593872195,0.9701001790106418,1.0,0.959224010254461,0.9653326586927642
3,10,2.0637252041787812,0.25662506000960156,4166,2.255730084010533,0.2064825930372149,833,2.254485106166405,0.2178,0.9798798072027233,0.08332589493619809,,,0.9182279392254502,,0.918271690515093,0.08172830948490695,0.9655044372598475,0.14758972221087058,10,0.025,0.15,0.9615067718653572,0.9594766945180812,0.961943522513744,0.9614537935164886,0.959890090759839,0.9669469779381589,0.9598242102083585,0.9635912644205165,0.9598716519361439,0.959224010254461,1.0,0.9561728257807577
3,11,2.082858667229161,0.2470955352856457,4166,2.2537079198019847,0.2184873949579832,833,2.254486421995525,0.2178,0.9829682815042986,0.083334671826394,,,0.9193785902344153,,0.9194352296545691,0.08056477034543086,0.9654980138168963,0.1475899438719686,10,0.025,0.15,0.9601438455982855,0.9705821324942812,0.9593117169181021,0.9690945168399733,0.9629509977363151,0.9679567933891667,0.9617692232808287,0.9653275882706162,0.9677043631724258,0.9653326586927642,0.9561728257807577,1.0
4,0,2.0024908047733887,0.28132949364050874,4167,2.2318551199776784,0.2541966426858513,834,2.2303146259694158,0.244,0.9791259361906387,0.08330486179739803,,,0.97,,0.9700285520951957,0.029971447904804327,0.9756719983175842,0.14699995745978642,10,0.025,0.15,1.0,0.9603861429490942,0.9565561460891937,0.9527249463429777,0.9576422776285587,0.956687387677593,0.9595808554498125,0.9585779949115389,0.9571021367314304,0.9530959386804899,0.9518757372445007,0.9502565986924107
4,1,2.0074705051653314,0.27998560115190785,4167,2.2311974934169223,0.24580335731414868,834,2.230317109747778,0.2439,0.983318160160527,0.08366993565463116,,,0.97,,0.9700285520951957,0.029971447904804327,0.9756514358814572,0.14699995745978642,10,0.025,0.15,0.9603861429490942,1.0,0.9575406941501934,0.9612729362137616,0.9637596754130896,0.9644467598378214,0.9572648027414882,0.9602581788052976,0.9648685719878056,0.9604455423034693,0.9512982276995546,0.9620574286175549
4,2,1.9935461925737785,0.29008879289656825,4167,2.2294412340436662,0.26019184652278177,834,2.230403534973724,0.2433,0.9776285092662038,0.08269474482439491,,,0.97,,0.9700285520951957,0.029971447904804327,0.9750890764692693,0.14699995745978642,10,0.025,0.15,0.9565561460891937,0.9575406941501934,1.0,0.9526305910063285,0.9537754152894978,0.9584606160889992,0.9550681961480424,0.9523752785578193,0.9554572167794844,0.9535242673301291,0.9535801738320029,0.9484113758798862
4,3,2.0286730466466962,0.26743460523158147,4167,2.23028108051845,0.2529976019184652,834,2.2303423157221154,0.2441,0.9800897382207641,0.08305511727250915,,,0.97,,0.9700285520951957,0.029971447904804327,0.9755055768324056,0.14699995745978642,10,0.025,0.15,0.9527249463429777,0.9612729362137616,0.9526305910063285,1.0,0.957666390546758,0.9616678158821029,0.9531225131557312,0.9568881700010972,0.9610326681743635,0.9572117480446929,0.9509126161652589,0.9608765168641791
4,4,2.016252581639723,0.27556995440364773,4167,2.22900196484157,0.2424969987995198,833,2.2303152899198895,0.244,0.9805294184864612,0.08339410800675406,,,0.97,,0.9700285520951957,0.029971447904804327,0.9756718925083774,0.14699995745978642,10,0.025,0.15,0.9576422776285587,0.9637596754130896,0.9537754152894978,0.957666390546758,1.0,0.9606160020366218,0.9563531054814095,0.9607367935906519,0.9603581268702324,0.9576916516115317,0.9504230823505325,0.9518872865216338
4,5,2.0105014963583514,0.27628989680825533,4167,2.2318030084882463,0.26290516206482595,833,2.2303171429453017,0.2439,0.983511032138696,0.08362185012961705,,,0.97,,0.9700285520951957,0.029971447904804327,0.9756656618805841,0.14699995745978642,10,0.025,0.15,0.956687387677593,0.9644467598378214,0.9584606160889992,0.9616678158821029,0.9606160020366218,1.0,0.9608429847043539,0.9594798879564631,0.9667973624227651,0.9573579405826641,0.9582298426792075,0.9613205455633892
4,6,2.0022963357694223,0.2821934245260379,4167,2.2309885365622386,0.22929171668667467,833,2.23031439358675,0.2439,0.9795693707278729,0.08341194974966251,,,0.97,,0.9700285520951957,0.029971447904804327,0.9756787337832924,0.14699995745978642,10,0.025,0.15,0.9595808554498125,0.9572648027414882,0.9550681961480424,0.9531225131557312,0.9563531054814095,0.9608429847043539,1.0,0.958803074833896,0.9592549395897174,0.9579740473982085,0.9509682671281465,0.9503690973152484
4,7,2.0235663464575104,0.2787377009839213,4167,2.231814214161464,0.21248499399759904,833,2.2303158452239216,0.244,0.9806088161588841,0.08339186857148795,,,0.97,,0.9700285520951957,0.029971447904804327,0.9756707963236789,0.14699995745978642,10,0.025,0.15,0.9585779949115389,0.9602581788052976,0.9523752785578193,0.9568881700010972,0.9607367935906519,0.9594798879564631,0.958803074833896,1.0,0.9577865179791151,0.9564138284752016,0.9538767822432495,0.9566591037148162
4,8,2.006130541815902,0.2754680748919827,4166,2.2307655130113875,0.25210084033613445,833,2.230317130873475,0.2439,0.9826161697351908,0.08365785850255703,,,0.97,,0.9700285520951957,0.029971447904804327,0.9756507033716822,0.14699995745978642,10,0.025,0.15,0.9571021367314304,0.9648685719878056,0.9554572167794844,0.9610326681743635,0.9603581268702324,0.9667973624227651,0.9592549395897174,0.9577865179791151,1.0,0.9624113845842337,0.9508155740433204,0.9594196890576496
4,9,2.016173116727309,0.27273163706192993,4166,2.2323994977133617,0.24009603841536614,833,2.2303152808660194,0.244,0.9795896874745441,0.08335035589578743,,,0.97,,0.9700285520951957,0.029971447904804327,0.97566920697272,0.14699995745978642,10,0.025,0.15,0.9530959386804899,0.9604455423034693,0.9535242673301291,0.9572117480446929,0.9576916516115317,0.9573579405826641,0.9579740473982085,0.9564138284752016,0.9624113845842337,1.0,0.949397382922112,0.9543568343818819
4,10,2.002345637480418,0.28089294287085936,4166,2.232379913330078,0.23769507803121248,833,2.2303138624263714,0.244,0.9752201534759377,0.08317348808273933,,,0.97,,0.9700285520951957,0.029971447904804327,0.9756726865067993,0.14699995745978642,10,0.025,0.15,0.9518757372445007,0.9512982276995546,0.9535801738320029,0.9509126161652589,0.9504230823505325,0.9582298426792075,0.9509682671281465,0.9538767822432495,0.9508155740433204,0.949397382922112,1.0,0.9472298395790091
4,11,2.024914886373462,0.2695631301008161,4166,2.2291977405548096,0.2388955582232893,833,2.2303159931038,0.244,0.9781408740276033,0.08327386151246138,,,0.97,,0.9700285520951957,0.029971447904804327,0.9756721512127557,0.14699995745978642,10,0.025,0.15,0.9502565986924107,0.9620574286175549,0.9484113758798862,0.9608765168641791,0.9518872865216338,0.9613205455633892,0.9503690973152484,0.9566591037148162,0.9594196890576496,0.9543568343818819,0.9472298395790091,1.0
5,0,1.94800220041564,0.2996400287976962,4167,2.202611344201224,0.2745803357314149,834,2.2016235786148264,0.2732,0.9763556620491802,0.08328833514612312,,,0.97,,0.9700285520951957,0.029971447904804327,0.98299151857211,0.1465800040552804,10,0.025,0.15,1.0,0.9538883984869492,0.9512061997104623,0.9453213086281299,0.9530276620145586,0.951326503673633,0.9542076476894853,0.9509048807150791,0.9523904695613817,0.9478426310140328,0.9450142881479605,0.94400001478711
5,1,1.9537736274979332,0.2988480921526278,4167,2.2029209477560863,0.2829736211031175,834,2.2016263732427284,0.2732,0.9797160219125706,0.08362344677237324,,,0.97,,0.9700285520951957,0.029971447904804327,0.98299151857211,0.1465800040552804,10,0.025,0.15,0.9538883984869492,1.0,0.9486411827107459,0.9543779646191783,0.9569031032489621,0.958389463321233,0.9503804259508689,0.9519253630515873,0.9604749490830072,0.9526545840092407,0.9447039023987857,0.955955356464668
5,2,1.9388691851587005,0.30691144708423324,4167,2.200835875102452,0.2829736211031175,834,2.2017326596417006,0.2726,0.9749081595217836,0.08286395290177664,,,0.97,,0.9700285520951957,0.029971447904804327,0.98299151857211,0.1465800040552804,10,0.025,0.15,0.9512061997104623,0.9486411827107459,1.0,0.9446408672830635,0.9482199335034581,0.9519855355462306,0.9498775372099831,0.9464330057859566,0.9520183926173015,0.9477219123084947,0.9486272091945182,0.9431766129760887
5,3,1.9721725073727694,0.2866090712742981,4167,2.2020561695098877,0.2805755395683453,834,2.2016595556766174,0.2745,0.9772966251523144,0.08316452673280297,,,0.97,,0.9700285520951957,0.029971447904804327,0.98299151857211,0.1465800040552804,10,0.025,0.15,0.9453213086281299,0.9543779646191783,0.9446408672830635,1.0,0.9513190077920759,0.9554511258906909,0.9496236173116607,0.9500056539411365,0.9564326943716261,0.9538532833652079,0.9454915751606852,0.953741446277268
5,4,1.964255156661525,0.29469642428605713,4167,2.2012747015271867,0.2773109243697479,833,2.20162460773806,0.2732,0.9784189191872532,0.08341067095604573,,,0.97,,0.9700285520951957,0.029971447904804327,0.98299151857211,0.1465800040552804,10,0.025,0.15,0.9530276620145586,0.9569031032489621,0.9482199335034581,0.9513190077920759,1.0,0.9568027149035537,0.9526591124799283,0.9536944119975945,0.9553961384065527,0.9512029805360948,0.9469939841916355,0.9470143526982014
5,5,1.9578197479248047,0.29604031677465803,4167,2.203879083905901,0.27130852340936373,833,2.2016265633740004,0.2732,0.981070191918483,0.08363778445883774,,,0.97,,0.9700285520951957,0.029971447904804327,0.98299151857211,0.1465800040552804,10,0.025,0.15,0.951326503673633,0.958389463321233,0.9519855355462306,0.9554511258906909,0.9568027149035537,1.0,0.9555043465592012,0.9518931019281998,0.9622606316301074,0.9523639141679272,0.9521791429694052,0.9560729293950989
5,6,1.947992382627545,0.3012479001679866,4167,2.2026747976030623,0.2725090036014406,833,2.2016229176823097,0.2732,0.9773096717018519,0.08338560276803136,,,0.97,,0.9700285520951957,0.029971447904804327,0.98299151857211,0.1465800040552804,10,0.025,0.15,0.9542076476894853,0.9503804259508689,0.9498775372099831,0.9496236173116607,0.9526591124799283,0.9555043465592012,1.0,0.9531888094414661,0.9530688900163213,0.951056289722793,0.9448436359075763,0.9458482227562602
5,7,1.9693950082316543,0.29817614590832736,4167,2.2033152920859203,0.24849939975990396,833,2.20162522943714,0.2732,0.9767659829523249,0.08335549080899014,,,0.97,,0.9700285520951957,0.029971447904804327,0.98299151857211,0.1465800040552804,10,0.025,0.15,0.9509048807150791,0.9519253630515873,0.9464330057859566,0.9500056539411365,0.9536944119975945,0.9518931019281998,0.9531888094414661,1.0,0.9506200807775039,0.9485023332227154,0.9487205315235115,0.9480044044373723
5,8,1.950072094527158,0.2969515122419587,4166,2.2016143117632185,0.28331332533013204,833,2.2016264004043387,0.2732,0.9804572025738933,0.08364010070204811,,,0.97,,0.9700285520951957,0.029971447904804327,0.98299151857211,0.1465800040552804,10,0.025,0.15,0.9523904695613817,0.9604749490830072,0.9520183926173015,0.9564326943716261,0.9553961384065527,0.9622606316301074,0.9530688900163213,0.9506200807775039,1.0,0.956502951525519,0.9444647610780775,0.9533770857435856
5,9,1.964441187092752,0.2913106096975516,4166,2.203690835407802,0.2665066026410564,833,2.201624302924434,0.2732,0.9764181628993238,0.08331850105181689,,,0.97,,0.9700285520951957,0.029971447904804327,0.98299151857211,0.1465800040552804,10,0.025,0.15,0.9478426310140328,0.9526545840092407,0.9477219123084947,0.9538532833652079,0.9512029805360948,0.9523639141679272,0.951056289722793,0.9485023332227154,0.956502951525519,1.0,0.9409056203900332,0.9472155081504172
5,10,1.9501511151140387,0.3015602496399424,4166,2.2046725749969482,0.26410564225690275,833,2.201622317108927,0.2732,0.9724338944671523,0.08307946346432984,,,0.97,,0.9700285520951957,0.029971447904804327,0.98299151857211,0.1465800040552804,10,0.025,0.15,0.9450142881479605,0.9447039023987857,0.9486272091945182,0.9454915751606852,0.9469939841916355,0.9521791429694052,0.9448436359075763,0.9487205315235115,0.9444647610780775,0.9409056203900332,1.0,0.9413437979362737
5,11,1.9750510439728246,0.2867258761401824,4166,2.1998167719159807,0.27010804321728693,833,2.201625428622282,0.2732,0.9752175103779818,0.0832321242368243,,,0.97,,0.9700285520951957,0.029971447904804327,0.98299151857211,0.1465800040552804,10,0.025,0.15,0.94400001478711,0.955955356464668,0.9431766129760887,0.953741446277268,0.9470143526982014,0.9560729293950989,0.9458482227562602,0.9480044044373723,0.9533770857435856,0.9472155081504172,0.9413437979362737,1.0
6,0,1.900698099714337,0.31941444684425246,4167,2.1695659841809953,0.29136690647482016,834,2.169128188604041,0.2932,0.9743933912786719,0.08329298297753705,,,0.97,,0.9700285520951957,0.029971447904804327,0.9890949684471242,0.1462169607905064,10,0.025,0.15,1.0,0.9495564786301867,0.9454182053432236,0.9424927483529837,0.9480313047867204,0.9465936669787699,0.9502411136300054,0.9480424973373951,0.9459304952777391,0.9422307027563688,0.9414643816353878,0.9378230053101471
6,1,1.9070328712463378,0.3132229421646268,4167,2.1708359718322754,0.2949640287769784,834,2.169130654274663,0.2933,0.9758138084278734,0.08354667081767532,,,0.97,,0.9700285520951957,0.029971447904804327,0.9890949684471242,0.1462169607905064,10,0.025,0.15,0.9495564786301867,1.0,0.9429078856481705,0.947718207871304,0.9495655957136171,0.9509107421471809,0.9441331034444018,0.9454962077196811,0.9529381349240863,0.9442273444626768,0.9380512219094301,0.9486931066444908
6,2,1.8934465401100389,0.3235901127909767,4167,2.1683158533913747,0.3105515587529976,834,2.1692607101005845,0.292,0.972885407841138,0.082981188835339,,,0.97,,0.9700285520951957,0.029971447904804327,0.9890949684471242,0.1462169607905064,10,0.025,0.15,0.9454182053432236,0.9429078856481705,1.0,0.9397918696522076,0.9422545033986988,0.9484520195258629,0.944828474543933,0.9426260933379005,0.9478663434311502,0.9421562463257899,0.944335599963132,0.9398510209045093
6,3,1.922856249592521,0.3042956563474922,4167,2.1705079078674316,0.302158273381295,834,2.1691723895978323,0.2935,0.975749349008091,0.08326052405392029,,,0.97,,0.9700285520951957,0.029971447904804327,0.9890949684471242,0.1462169607905064,10,0.025,0.15,0.9424927483529837,0.947718207871304,0.9397918696522076,1.0,0.9486082333429707,0.9509707390562023,0.9460405301904694,0.9470380260844237,0.9510999496984103,0.9508937096258772,0.9387606188419354,0.9503070775199852
6,4,1.915441883694042,0.31487880969522436,4167,2.1698291642325267,0.290516206482593,833,2.169129646277126,0.2932,0.9758938658105626,0.08341758194291336,,,0.97,,0.9700285520951957,0.029971447904804327,0.9890949684471242,0.1462169607905064,10,0.025,0.15,0.9480313047867204,0.9495655957136171,0.9422545033986988,0.9486082333429707,1.0,0.9508598972602447,0.9474892929626392,0.9499012561429347,0.9497503896443473,0.9452604644499085,0.9413125503780466,0.9422379969094145
6,5,1.9100924304037383,0.31101511879049676,4167,2.1719034058707103,0.297719087635054,833,2.1691311009322543,0.2933,0.9786218919080785,0.08364702156597757,,,0.97,,0.9700285520951957,0.029971447904804327,0.9890949684471242,0.1462169607905064,10,0.025,0.15,0.9465936669787699,0.9509107421471809,0.9484520195258629,0.9509707390562023,0.9508598972602447,1.0,0.9514412933642986,0.9471853409531319,0.956286421763314,0.9460569231790821,0.9470017507929464,0.9513264544814495
6,6,1.8971198146993464,0.3198944084473242,4167,2.170405694416591,0.29531812725090034,833,2.1691265981408616,0.2933,0.9753124197685528,0.08338312481616812,,,0.97,,0.9700285520951957,0.029971447904804327,0.9890949684471242,0.1462169607905064,10,0.025,0.15,0.9502411136300054,0.9441331034444018,0.944828474543933,0.9460405301904694,0.9474892929626392,0.9514412933642986,1.0,0.9487913980501281,0.9476942346293599,0.9454030911335193,0.939952732069444,0.9425019698960212
6,7,1.9234119509205674,0.31451883849292056,4167,2.1709586211613248,0.2725090036014406,833,2.1691302257248117,0.2932,0.9750259413214687,0.08335515476756943,,,0.97,,0.9700285520951957,0.029971447904804327,0.9890949684471242,0.1462169607905064,10,0.025,0.15,0.9480424973373951,0.9454962077196811,0.9426260933379005,0.9470380260844237,0.9499012561429347,0.9471853409531319,0.9487913980501281,1.0,0.9439436106282547,0.9439291597919884,0.943456397395037,0.9447987005811793
6,8,1.903707047664758,0.3100336053768603,4166,2.1685403755732944,0.2917166866746699,833,2.169130762921104,0.2933,0.977267038064624,0.08360431930356896,,,0.97,,0.9700285520951957,0.029971447904804327,0.9890949684471242,0.1462169607905064,10,0.025,0.15,0.9459304952777391,0.9529381349240863,0.9478663434311502,0.9510999496984103,0.9497503896443473,0.956286421763314,0.9476942346293599,0.9439436106282547,1.0,0.9510076765583747,0.9372282310593192,0.9474504953320666
6,9,1.9155674125209,0.3073451752280365,4166,2.1715553488050188,0.29411764705882354,833,2.1691290185421326,0.2932,0.9735865170872777,0.08328536922017898,,,0.97,,0.9700285520951957,0.029971447904804327,0.9890949684471242,0.1462169607905064,10,0.025,0.15,0.9422307027563688,0.9442273444626768,0.9421562463257899,0.9508937096258772,0.9452604644499085,0.9460569231790821,0.9454030911335193,0.9439291597919884,0.9510076765583747,1.0,0.9352329075154266,0.9419603540070761
6,10,1.90243870381153,0.3200912145943351,4166,2.1732444081987654,0.2773109243697479,833,2.1691261273396165,0.2932,0.9696621485673603,0.0830095770228444,,,0.97,,0.9700285520951957,0.029971447904804327,0.9890949684471242,0.1462169607905064,10,0.025,0.15,0.9414643816353878,0.9380512219094301,0.944335599963132,0.9387606188419354,0.9413125503780466,0.9470017507929464,0.939952732069444,0.943456397395037,0.9372282310593192,0.9352329075154266,1.0,0.935899046271347
