round,client_id,client_i_training_loss,client_i_training_accuracy,client_i_training_dataset_size,client_i_evaluation_loss,client_i_evaluation_accuracy,client_i_evaluation_dataset_size,client_i_central_evaluation_loss,client_i_central_evaluation_accuracy,client_i_cosine_similarity,client_i_importance_coefficient,client_i_tanh_val,tanh_normalization_value,client_i_q,client_i_mask_order,client_i_v_nonzero_fraction,client_i_v_sparsity,client_i_v_cosine_similarity,client_i_reward_gradient_norm,local_epochs,learning_rate,gamma,client_0_cosine_similarity,client_1_cosine_similarity,client_2_cosine_similarity,client_3_cosine_similarity,client_4_cosine_similarity,client_5_cosine_similarity,client_6_cosine_similarity,client_7_cosine_similarity,client_8_cosine_similarity,client_9_cosine_similarity,client_10_cosine_similarity,client_11_cosine_similarity
0,0,2.1362293032324238,0.37392,5000,2.255471935978642,0.2697841726618705,834,2.2566746682785572,0.2635,0.9841319635903653,0.08242330100022854,,,0.75,,0.7500024163694532,0.2499975836305468,0,0.09947002839827346,5,0.001,0.1,1.0,0.9742397908829241,0.9776545506568325,0.9796548616561019,0.9723629897637545,0.9808453694847349,0.9712318790886422,0.9856903482482176,0.9788183484228452,0.9710238662865929,0.9801994754121458,0.9787872961932106
0,1,2.132213502173211,0.38276,5000,2.2605554969222457,0.25059952038369304,834,2.2566492374712666,0.2635,0.9939606457361297,0.08324647559155106,,,0.90828137415227,,0.9083036119890587,0.09169638801094127,0,0.09949761634802134,5,0.001,0.1,0.9742397908829241,1.0,0.983931614486412,0.9923815902421451,0.9852943617929597,0.9924347045536912,0.9832989802554025,0.9916592528123569,0.9938238395371521,0.9835561084669141,0.9933855372632817,0.9938571919064666
0,2,2.131996840883972,0.36312,5000,2.2601335931707314,0.2709832134292566,834,2.256649424854559,0.2635,0.9953741809356236,0.08336486239487899,,,0.9310449848246233,,0.931065812238428,0.06893418776157201,0,0.0994989000919729,5,0.001,0.1,0.9776545506568325,0.983931614486412,1.0,0.991007222140281,0.9946683517429868,0.991592983880325,0.9903918354649746,0.9919222163609187,0.9911909899098353,0.9945755505271804,0.9898221853585514,0.9879830437341903
0,3,2.1260872707245455,0.40872,5000,2.255536158879598,0.25539568345323743,834,2.2566498849338616,0.2635,0.997144981283439,0.08351317097084152,,,0.9595620035098101,,0.9595789717864702,0.040421028213529775,0,0.09949955750005235,5,0.001,0.1,0.9796548616561019,0.9923815902421451,0.991007222140281,1.0,0.9898548085620847,0.9943102404841507,0.986009170333249,0.9962521463993915,0.9966374591122322,0.9893196278875243,0.9962473643643003,0.9942093612435497
0,4,2.134746928731347,0.38364,5000,2.2545942023948387,0.2581032412965186,833,2.256649582530744,0.2635,0.9952176439276229,0.08335175206272287,,,0.9285241084380851,,0.9285382897903558,0.0714617102096442,0,0.09949864032023019,5,0.001,0.1,0.9723629897637545,0.9852943617929597,0.9946683517429868,0.9898548085620847,1.0,0.9919712241080298,0.9928006110083326,0.9892098017856282,0.9905220949692864,0.9974238430779774,0.9887401406222946,0.9900232689616596
0,5,2.133900991063209,0.37912,5000,2.258934665609289,0.2665066026410564,833,2.2566500814578023,0.2635,0.9977931418670848,0.08356745590097164,,,0.9699999998077183,,0.9700176878243976,0.029982312175602432,0,0.09949964993594403,5,0.001,0.1,0.9808453694847349,0.9924347045536912,0.991592983880325,0.9943102404841507,0.9919712241080298,1.0,0.9895876062976208,0.9951127620521591,0.9949831166291311,0.9927860950938041,0.9943701526376354,0.9956286157908625
0,6,2.126880781969447,0.37976,5000,2.2609110408359103,0.28331332533013204,833,2.2566485397351053,0.2635,0.9929249282227991,0.08315973188287096,,,0.8916021501411254,,0.8916258300229072,0.10837416997709282,0,0.09949666629153163,5,0.001,0.1,0.9712318790886422,0.9832989802554025,0.9903918354649746,0.986009170333249,0.9928006110083326,0.9895876062976208,1.0,0.9877905060941724,0.9874468169051549,0.9931737549570435,0.9861538624006241,0.9876115120253447
0,7,2.1237844524869494,0.38884,5000,2.2626152215180575,0.27130852340936373,833,2.2566500738405955,0.2635,0.9975990767838812,0.08355120250675388,,,0.9668747702409347,,0.9668909057519258,0.03310909424807418,0,0.09949964715369589,5,0.001,0.1,0.9856903482482176,0.9916592528123569,0.9919222163609187,0.9962521463993915,0.9892098017856282,0.9951127620521591,0.9877905060941724,1.0,0.9953480651373278,0.9884820809305402,0.9962719219950876,0.9935666389898421
0,8,2.1302343704138593,0.40924,5000,2.255956667440909,0.26290516206482595,833,2.2566500806960814,0.2635,0.9975035531634435,0.08354320218524086,,,0.9653364551664787,,0.9653540947796755,0.03464590522032451,0,0.09949964551151551,5,0.001,0.1,0.9788183484228452,0.9938238395371521,0.9911909899098353,0.9966374591122322,0.9905220949692864,0.9949831166291311,0.9874468169051549,0.9953480651373278,1.0,0.9905115291141356,0.9958929978223258,0.9949899327946584
0,9,2.1334340022627716,0.37928,5000,2.2547275137018272,0.2773109243697479,833,2.256649510167277,0.2635,0.9948884788479793,0.0833241837350575,,,0.9232232247228276,,0.923241607948889,0.07675839205111101,0,0.0994983615540587,5,0.001,0.1,0.9710238662865929,0.9835561084669141,0.9945755505271804,0.9893196278875243,0.9974238430779774,0.9927860950938041,0.9931737549570435,0.9884820809305402,0.9905115291141356,1.0,0.9880712299487885,0.9900175881485498
0,10,2.1183453701104327,0.40768,5000,2.2561654161523887,0.25090036014405764,833,2.256649990051318,0.2635,0.996820921898959,0.0834860302568142,,,0.9543433420532945,,0.9543644465064131,0.045635553493586944,0,0.0994994611618419,5,0.001,0.1,0.9801994754121458,0.9933855372632817,0.9898221853585514,0.9962473643643003,0.9887401406222946,0.9943701526376354,0.9861538624006241,0.9962719219950876,0.9958929978223258,0.9880712299487885,1.0,0.9928597247278871
0,11,2.1381819179862926,0.3814,5000,2.254067897796631,0.24489795918367346,833,2.2566496114761305,0.2635,0.9966131813617148,0.08346863151206786,,,0.9509978825894034,,0.9510201911831512,0.048979808816848824,0,0.09949932522242412,5,0.001,0.1,0.9787872961932106,0.9938571919064666,0.9879830437341903,0.9942093612435497,0.9900232689616596,0.9956286157908625,0.9876115120253447,0.9935666389898421,0.9949899327946584,0.9900175881485498,0.9928597247278871,1.0
1,0,1.9218736566555727,0.48568,5000,2.1843443799901894,0.4556354916067146,834,2.1877547757694136,0.4349,0.9988944973328389,0.08278606610650413,,,0.97,,0.9700176878243976,0.029982312175602432,0.9732994378119637,0.09985572385228408,5,0.001,0.1,1.0,0.9962141413931136,0.9979294976057489,0.997494713248932,0.9975847077454555,0.9972840304132662,0.9958385615738262,0.998107218262834,0.9968879833334588,0.9975963194269656,0.9972548544130184,0.9973028416112046
1,1,1.930116493990467,0.49904,5000,2.1914910033897117,0.43764988009592326,834,2.1877186519269363,0.4348,0.9978630310013191,0.08325758224691603,,,0.97,,0.9700176878243976,0.029982312175602432,0.9736250086779887,0.09985572385228408,5,0.001,0.1,0.9962141413931136,1.0,0.9958805952920466,0.9960912053432096,0.9963703494343494,0.9961775689058556,0.9948240047800492,0.9963573556326751,0.9961048947735118,0.9957615712854064,0.996605601564125,0.9967239558310457
1,2,1.9253668461635614,0.47684,5000,2.192481517791748,0.4244604316546763,834,2.187718086730177,0.4348,0.9988970287867882,0.08336355575148875,,,0.97,,0.9700176878243976,0.029982312175602432,0.9736558874188034,0.09985572385228408,5,0.001,0.1,0.9979294976057489,0.9958805952920466,1.0,0.9980663133993776,0.9977542291231191,0.9973235376401312,0.9947440326794096,0.9978852006390908,0.9972084817175131,0.9980581920780635,0.9976931638721223,0.9969541423138428
1,3,1.9149162953066978,0.50492,5000,2.18688882721795,0.4184652278177458,834,2.187717929815713,0.4348,0.9987636550509752,0.08345020048476982,,,0.97,,0.9700176878243976,0.029982312175602432,0.9736758842376543,0.09985572385228408,5,0.001,0.1,0.997494713248932,0.9960912053432096,0.9980663133993776,1.0,0.9975344701424174,0.9965897829300541,0.9947684054768263,0.9979510236734666,0.9972902055981039,0.9975088600751819,0.9976643904199652,0.9969336744415067
1,4,1.9226099761428348,0.49648,5000,2.1862007953502514,0.4417767106842737,833,2.1877183952270607,0.4348,0.9988858890586253,0.0833551563576161,,,0.97,,0.9700176878243976,0.029982312175602432,0.9736493338464802,0.09985572385228408,5,0.001,0.1,0.9975847077454555,0.9963703494343494,0.9977542291231191,0.9975344701424174,1.0,0.9972294223502626,0.9957403580694675,0.9971611447797999,0.9966411202249243,0.9985779618978069,0.9973473080577547,0.9974266616715965
1,5,1.9261178176114513,0.49008,5000,2.190120123050831,0.4309723889555822,833,2.1877180037026207,0.4348,0.9986661719277877,0.08348034408271036,,,0.97,,0.9700176878243976,0.029982312175602432,0.9736785782380587,0.09985572385228408,5,0.001,0.1,0.9972840304132662,0.9961775689058556,0.9973235376401312,0.9965897829300541,0.9972294223502626,1.0,0.9967438017241517,0.9970572058168711,0.9966192766361255,0.9977625331456941,0.9965215119209629,0.9974216481184005
1,6,1.9159257989020864,0.4974,5000,2.192868638921667,0.43937575030012005,833,2.187718713626313,0.4347,0.9971873931173953,0.08318258016151665,,,0.97,,0.9700176878243976,0.029982312175602432,0.9736038937684371,0.09985572385228408,5,0.001,0.1,0.9958385615738262,0.9948240047800492,0.9947440326794096,0.9947684054768263,0.9957403580694675,0.9967438017241517,1.0,0.9953798779841354,0.9946119601897947,0.9958292272777928,0.9949512147829583,0.9955981228298106
1,7,1.912746862393276,0.49388,5000,2.196334467993842,0.4177671068427371,833,2.187718010558107,0.4348,0.9988711418086718,0.08347699238792747,,,0.97,,0.9700176878243976,0.029982312175602432,0.9736786778933779,0.09985572385228408,5,0.001,0.1,0.998107218262834,0.9963573556326751,0.9978852006390908,0.9979510236734666,0.9971611447797999,0.9970572058168711,0.9953798779841354,1.0,0.9972928226261414,0.9970909625854192,0.9980530657757466,0.9968506633440356
1,8,1.9225309062155949,0.51632,5000,2.1863663726382785,0.43577430972388953,833,2.1877180219839176,0.4348,0.9984354708201496,0.08345802448699252,,,0.97,,0.9700176878243976,0.029982312175602432,0.9736785484122561,0.09985572385228408,5,0.001,0.1,0.9968879833334588,0.9961048947735118,0.9972084817175131,0.9972902055981039,0.9966411202249243,0.9966192766361255,0.9946119601897947,0.9972928226261414,1.0,0.9970968266296544,0.997204820357709,0.9969970536915032
1,9,1.923876826930198,0.4904,5000,2.1885880364312067,0.44057623049219685,833,2.187718500344517,0.4348,0.9989609984881517,0.08334067445135349,,,0.97,,0.9700176878243976,0.029982312175602432,0.9736420952432817,0.09985572385228408,5,0.001,0.1,0.9975963194269656,0.9957615712854064,0.9980581920780635,0.9975088600751819,0.9985779618978069,0.9977625331456941,0.9958292272777928,0.9970909625854192,0.9970968266296544,1.0,0.9971519052718059,0.9978307171262284
1,10,1.905577882991475,0.50932,5000,2.1864835862760192,0.4381752701080432,833,2.187718041026935,0.4348,0.9986628940132694,0.08343030440483044,,,0.97,,0.9700176878243976,0.029982312175602432,0.9736730591463603,0.09985572385228408,5,0.001,0.1,0.9972548544130184,0.996605601564125,0.9976931638721223,0.9976643904199652,0.9973473080577547,0.9965215119209629,0.9949512147829583,0.9980530657757466,0.997204820357709,0.9971519052718059,1.0,0.9962382884502423
1,11,1.9326417300351866,0.49484,5000,2.18432057345355,0.4369747899159664,833,2.1877178620225703,0.4348,0.9986283287040163,0.08341851907737435,,,0.97,,0.9700176878243976,0.029982312175602432,0.9736680436986628,0.09985572385228408,5,0.001,0.1,0.9973028416112046,0.9967239558310457,0.9969541423138428,0.9969336744415067,0.9974266616715965,0.9974216481184005,0.9955981228298106,0.9968506633440356,0.9969970536915032,0.9978307171262284,0.9962382884502423,1.0
2,0,1.7250696457115708,0.534,5000,2.095901286160504,0.5311750599520384,834,2.1019656505828466,0.5082,0.9988325604239026,0.08299760649406022,,,0.97,,0.9700176878243976,0.029982312175602432,0.9924480605894742,0.09988359905061635,5,0.001,0.1,1.0,0.9966883529393253,0.9981266037896334,0.9975617427313168,0.9975962118222318,0.9975063561464513,0.9965332611366435,0.9981166432382319,0.9974454288915764,0.9976494183942735,0.9972370427460805,0.9976101106446597
2,1,1.7332280081548508,0.5452,5000,2.1057236547823304,0.5179856115107914,834,2.1019181390159045,0.5083,0.9983657296278196,0.08327166454364479,,,0.97,,0.9700176878243976,0.029982312175602432,0.9924480605894742,0.09988359905061635,5,0.001,0.1,0.9966883529393253,1.0,0.9971119670123535,0.996951250470939,0.9971154310456098,0.9972015881585966,0.9959561208358515,0.9969301792722445,0.9974038252183417,0.9968860716910831,0.9970883021135701,0.9971275725520061
2,2,1.7293613869673128,0.52752,5000,2.108056571748522,0.5035971223021583,834,2.1019160092448272,0.5083,0.9992270934820787,0.08336444373393295,,,0.97,,0.9700176878243976,0.029982312175602432,0.9924480605894742,0.09988359905061635,5,0.001,0.1,0.9981266037896334,0.9971119670123535,1.0,0.9984742425162495,0.9981589733510117,0.9980821015429366,0.9963116757342668,0.9980111285018066,0.9982294547093208,0.9983737772590339,0.997958732812679,0.9979437316963673
2,3,1.7185366729262528,0.5436,5000,2.101270975889983,0.49640287769784175,834,2.1019150616642768,0.5084,0.9989655348879447,0.0834091313087868,,,0.97,,0.9700176878243976,0.029982312175602432,0.9924480605894742,0.09988359905061635,5,0.001,0.1,0.9975617427313168,0.996951250470939,0.9984742425162495,1.0,0.9979403591737187,0.997321815180764,0.9960525397724087,0.9978892312080097,0.9981859390294949,0.99789079765435,0.9977228498067392,0.9976529439380873
2,4,1.7228901234402019,0.5464,5000,2.100974206571226,0.5090036014405762,833,2.1019165812970733,0.5083,0.9990989772718285,0.08335515875851163,,,0.97,,0.9700176878243976,0.029982312175602432,0.9924480605894742,0.09988359905061635,5,0.001,0.1,0.9975962118222318,0.9971154310456098,0.9981589733510117,0.9979403591737187,1.0,0.9979487809487204,0.9965318777416585,0.9976789117528002,0.9980362295482925,0.9985720203916314,0.9977040184112183,0.9979631758956851
2,5,1.7282560597559449,0.53732,5000,2.1044644161506936,0.5186074429771909,833,2.1019148994177677,0.5084,0.9989142073803393,0.0834259582643806,,,0.97,,0.9700176878243976,0.029982312175602432,0.9924480605894742,0.09988359905061635,5,0.001,0.1,0.9975063561464513,0.9972015881585966,0.9980821015429366,0.997321815180764,0.9979487809487204,1.0,0.9963344488295696,0.9976086397516245,0.9975701122975842,0.9983790481705268,0.9975251494229531,0.997551697899323
2,6,1.717580959295771,0.54212,5000,2.108288129170736,0.503001200480192,833,2.101919354722142,0.5084,0.9977832172257676,0.08320687564167166,,,0.97,,0.9700176878243976,0.029982312175602432,0.9924480605894742,0.09988359905061635,5,0.001,0.1,0.9965332611366435,0.9959561208358515,0.9963116757342668,0.9960525397724087,0.9965318777416585,0.9963344488295696,1.0,0.9961040063713344,0.996389114160382,0.9968212557520104,0.9958682289943126,0.9965868834363654
2,7,1.7167889950381723,0.54464,5000,2.112896203994751,0.48619447779111646,833,2.101914896370885,0.5084,0.9989155663172993,0.08342394693128095,,,0.97,,0.9700176878243976,0.029982312175602432,0.9924480605894742,0.09988359905061635,5,0.001,0.1,0.9981166432382319,0.9969301792722445,0.9980111285018066,0.9978892312080097,0.9976789117528002,0.9976086397516245,0.9961040063713344,1.0,0.9979560072649156,0.9976277581290085,0.9980748636250087,0.9970507596721144
2,8,1.7226256894457872,0.55476,5000,2.100347563072487,0.49939975990396157,833,2.1019149047498122,0.5084,0.9990807043539487,0.08341764564105876,,,0.97,,0.9700176878243976,0.029982312175602432,0.9924480605894742,0.09988359905061635,5,0.001,0.1,0.9974454288915764,0.9974038252183417,0.9982294547093208,0.9981859390294949,0.9980362295482925,0.9975701122975842,0.996389114160382,0.9979560072649156,1.0,0.9981555908962693,0.9979275144887049,0.9977241842680253
2,9,1.7250976184371172,0.53856,5000,2.1062910821702747,0.524609843937575,833,2.101917135068022,0.5083,0.9991987511675002,0.08334949871682217,,,0.97,,0.9700176878243976,0.029982312175602432,0.9924480605894742,0.09988359905061635,5,0.001,0.1,0.9976494183942735,0.9968860716910831,0.9983737772590339,0.99789079765435,0.9985720203916314,0.9983790481705268,0.9968212557520104,0.9976277581290085,0.9981555908962693,1.0,0.9978451775060398,0.998240576205994
2,10,1.7074682423263599,0.55792,5000,2.1002110728511103,0.5006002400960384,833,2.10191525057101,0.5084,0.9988122287969357,0.08339198386196411,,,0.97,,0.9700176878243976,0.029982312175602432,0.9924480605894742,0.09988359905061635,5,0.001,0.1,0.9972370427460805,0.9970883021135701,0.997958732812679,0.9977228498067392,0.9977040184112183,0.9975251494229531,0.9958682289943126,0.9980748636250087,0.9979275144887049,0.9978451775060398,1.0,0.9968532773610943
2,11,1.7340865424484204,0.5426,5000,2.098066003234298,0.5090036014405762,833,2.1019152924656486,0.5083,0.9988534018038407,0.08338608610388533,,,0.97,,0.9700176878243976,0.029982312175602432,0.9924480605894742,0.09988359905061635,5,0.001,0.1,0.9976101106446597,0.9971275725520061,0.9979437316963673,0.9976529439380873,0.9979631758956851,0.997551697899323,0.9965868834363654,0.9970507596721144,0.9977241842680253,0.998240576205994,0.9968532773610943,1.0
3,0,1.5614415950076594,0.562,5000,1.9898608128229778,0.5503597122302158,834,1.998620158186355,0.5313,0.9987525169442134,0.08312235739347124,,,0.97,,0.9700176878243976,0.029982312175602432,0.9965548145358779,0.09989099649478553,5,0.001,0.1,1.0,0.9964169974572571,0.9978671891306549,0.9972658006927259,0.9975179433570437,0.9976949503208269,0.9975517019355601,0.9981242686889554,0.9974572774716847,0.9976147588780794,0.9971832633510258,0.9972972565647721
3,1,1.5706463160788178,0.569,5000,2.0024572257642395,0.552757793764988,834,1.9985633936172096,0.5316,0.9982155173557251,0.08327306940921896,,,0.97,,0.9700176878243976,0.029982312175602432,0.9965548145358779,0.09989099649478553,5,0.001,0.1,0.9964169974572571,1.0,0.9968621063916839,0.9967140348499777,0.9966982648049373,0.9972546060805124,0.9971244853311477,0.9967305524819232,0.9972048362870733,0.9967634365632473,0.9966955279332435,0.9970811464361249
3,2,1.565611834662735,0.55192,5000,2.0066035897643477,0.526378896882494,834,1.9985598337155182,0.5315,0.9991822245697634,0.0833611553034025,,,0.97,,0.9700176878243976,0.029982312175602432,0.9965548145358779,0.09989099649478553,5,0.001,0.1,0.9978671891306549,0.9968621063916839,1.0,0.9980937126652436,0.998054681648265,0.9980826723126393,0.9976740859074172,0.9979072628349183,0.9980857976582413,0.9985758532091255,0.9980187723336799,0.9979083921403639
3,3,1.5527019525029857,0.56696,5000,1.998015249216998,0.513189448441247,834,1.9985580809961874,0.5315,0.998857069947125,0.08337806272934807,,,0.97,,0.9700176878243976,0.029982312175602432,0.9965548145358779,0.09989099649478553,5,0.001,0.1,0.9972658006927259,0.9967140348499777,0.9980937126652436,1.0,0.9976867554061304,0.9975141972762844,0.9971398052926069,0.9979015070621543,0.9978697372490185,0.997774212270219,0.9978102086087167,0.9974601215248635
3,4,1.5565860283602575,0.57468,5000,1.9986147615644667,0.5438175270108043,833,1.9985606868427022,0.5315,0.999014413478669,0.08335004656902303,,,0.97,,0.9700176878243976,0.029982312175602432,0.9965548145358779,0.09989099649478553,5,0.001,0.1,0.9975179433570437,0.9966982648049373,0.998054681648265,0.9976867554061304,1.0,0.9979182571233158,0.9977414382569115,0.9977848786422965,0.9978948912162062,0.9984426077431406,0.9975858664627418,0.997793473838447
3,5,1.5629895202673165,0.56528,5000,2.0012123673050493,0.5330132052821128,833,1.9985577462199398,0.5315,0.9989975212689326,0.08339291297143162,,,0.97,,0.9700176878243976,0.029982312175602432,0.9965548145358779,0.09989099649478553,5,0.001,0.1,0.9976949503208269,0.9972546060805124,0.9980826723126393,0.9975141972762844,0.9979182571233158,1.0,0.9978100022341179,0.9977960414060733,0.9977538765304872,0.9980954689387656,0.9973121702171206,0.9976843965219538
3,6,1.5534362776264263,0.568,5000,2.006261039663244,0.5186074429771909,833,1.9985656361229502,0.5317,0.9989151692366345,0.08325592227072597,,,0.97,,0.9700176878243976,0.029982312175602432,0.9965548145358779,0.09989099649478553,5,0.001,0.1,0.9975517019355601,0.9971244853311477,0.9976740859074172,0.9971398052926069,0.9977414382569115,0.9978100022341179,1.0,0.9975941958197105,0.998002794582318,0.9982495043496254,0.9973889944638124,0.9976580064479579
3,7,1.5530335663230557,0.57136,5000,2.0114891087567366,0.5186074429771909,833,1.9985577389835931,0.5315,0.9989627871398918,0.08339055877088819,,,0.97,,0.9700176878243976,0.029982312175602432,0.9965548145358779,0.09989099649478553,5,0.001,0.1,0.9981242686889554,0.9967305524819232,0.9979072628349183,0.9979015070621543,0.9977848786422965,0.9977960414060733,0.9975941958197105,1.0,0.9978885267365891,0.9977261538314675,0.9979174592078545,0.9971301123979689
3,8,1.5554759335366024,0.57784,5000,1.9969949987199571,0.5282112845138055,833,1.9985577534562864,0.5315,0.9991034425453288,0.08339123424561917,,,0.97,,0.9700176878243976,0.029982312175602432,0.9965548145358779,0.09989099649478553,5,0.001,0.1,0.9974572774716847,0.9972048362870733,0.9980857976582413,0.9978697372490185,0.9978948912162062,0.9977538765304872,0.998002794582318,0.9978885267365891,1.0,0.9982644176630835,0.9979582236055708,0.997804471682985
3,9,1.558014689129629,0.56352,5000,2.0067893354981035,0.5354141656662665,833,1.9985616268060458,0.5315,0.9992297532750114,0.08335352542248618,,,0.97,,0.9700176878243976,0.029982312175602432,0.9965548145358779,0.09989099649478553,5,0.001,0.1,0.9976147588780794,0.9967634365632473,0.9985758532091255,0.997774212270219,0.9984426077431406,0.9980954689387656,0.9982495043496254,0.9977261538314675,0.9982644176630835,1.0,0.9979296564083913,0.9982642468089062
3,10,1.5444537370068252,0.58024,5000,1.9971341601124517,0.5282112845138055,833,1.9985584161532954,0.5315,0.9988403698964748,0.08336700963402578,,,0.97,,0.9700176878243976,0.029982312175602432,0.9965548145358779,0.09989099649478553,5,0.001,0.1,0.9971832633510258,0.9966955279332435,0.9980187723336799,0.9978102086087167,0.9975858664627418,0.9973121702171206,0.9973889944638124,0.9979174592078545,0.9979582236055708,0.9979296564083913,1.0,0.9972305370154168
3,11,1.5687693791784298,0.56736,5000,1.9942650221012257,0.5282112845138055,833,1.998558640099181,0.5315,0.9988636697606466,0.08336414528035915,,,0.97,,0.9700176878243976,0.029982312175602432,0.9965548145358779,0.09989099649478553,5,0.001,0.1,0.9972972565647721,0.9970811464361249,0.9979083921403639,0.9974601215248635,0.997793473838447,0.9976843965219538,0.9976580064479579,0.9971301123979689,0.997804471682985,0.9982642468089062,0.9972305370154168,1.0
4,0,1.4271395391719357,0.58476,5000,1.8684584652936016,0.5635491606714629,834,1.8799298891244225,0.549,0.9985573513750475,0.08319800070661128,,,0.97,,0.9700176878243976,0.029982312175602432,0.9977709780745283,0.0998740933261379,5,0.001,0.1,1.0,0.9960743403569047,0.9972891239520427,0.9967939017829833,0.9971245403020645,0.9974795420537175,0.9970786510760716,0.9976512133389395,0.9969533932948486,0.9974214455615615,0.9966014950980001,0.9971545606573843
4,1,1.4361795294816326,0.58588,5000,1.8843339240109478,0.579136690647482,834,1.8798640052350566,0.549,0.9981557178313064,0.08327745535594515,,,0.97,,0.9700176878243976,0.029982312175602432,0.9977709780745283,0.0998740933261379,5,0.001,0.1,0.9960743403569047,1.0,0.996853477606871,0.9963779331989111,0.9963521481323098,0.9968194855905466,0.9971687396481682,0.9964000664158331,0.9970273936068634,0.9967814884083551,0.9964226885691784,0.9965261531900959
4,2,1.4326054059016478,0.57352,5000,1.8900198494946514,0.5419664268585132,834,1.8798592235333622,0.549,0.9989718601413311,0.0833578097835457,,,0.97,,0.9700176878243976,0.029982312175602432,0.9977709780745283,0.0998740933261379,5,0.001,0.1,0.9972891239520427,0.996853477606871,1.0,0.997832328990586,0.9974770593650502,0.9977373960417455,0.9975194280382292,0.9973947317587318,0.9971960187314476,0.9981774124900747,0.9977533124685144,0.9973514449276668
4,3,1.4193820500829417,0.58488,5000,1.8788032487586692,0.5191846522781774,834,1.8798566515834187,0.549,0.9985907115072452,0.08335587634075267,,,0.97,,0.9700176878243976,0.029982312175602432,0.9977709780745283,0.0998740933261379,5,0.001,0.1,0.9967939017829833,0.9963779331989111,0.997832328990586,1.0,0.9971290417221736,0.9969746210494861,0.9967894183995208,0.9972255109232315,0.9972170570678669,0.9974516596221626,0.9974294450193658,0.9967913010258824
4,4,1.4203547800422474,0.595,5000,1.8809302118089464,0.5690276110444178,833,1.8798603333604222,0.549,0.9988050919010149,0.08334561564596678,,,0.97,,0.9700176878243976,0.029982312175602432,0.9977709780745283,0.0998740933261379,5,0.001,0.1,0.9971245403020645,0.9963521481323098,0.9974770593650502,0.9971290417221736,1.0,0.9976322548623213,0.997348207247481,0.9975034866903769,0.9973160181651907,0.9983086504734794,0.9969258570751948,0.9974657216276027
4,5,1.4285137313186742,0.58384,5000,1.8826796566998516,0.5582232893157263,833,1.8798561918849763,0.549,0.9988836200512725,0.08337443580204537,,,0.97,,0.9700176878243976,0.029982312175602432,0.9977709780745283,0.0998740933261379,5,0.001,0.1,0.9974795420537175,0.9968194855905466,0.9977373960417455,0.9969746210494861,0.9976322548623213,1.0,0.9975892549512508,0.9975580108255213,0.9974968445815743,0.9979779831485862,0.9968046018909621,0.9974543524374304
4,6,1.419686076291807,0.585,5000,1.889013581805759,0.539015606242497,833,1.879867104676585,0.549,0.9988269010824727,0.08328860231994697,,,0.97,,0.9700176878243976,0.029982312175602432,0.9977709780745283,0.0998740933261379,5,0.001,0.1,0.9970786510760716,0.9971687396481682,0.9975194280382292,0.9967894183995208,0.997348207247481,0.9975892549512508,1.0,0.9973923369875916,0.9976179805481462,0.9979922764236125,0.9971574969714342,0.9971941947956501
4,7,1.4203872563732658,0.58832,5000,1.8947151369518704,0.5366146458583433,833,1.8798561922658366,0.549,0.9988006230216822,0.08337031357413392,,,0.97,,0.9700176878243976,0.029982312175602432,0.9977709780745283,0.0998740933261379,5,0.001,0.1,0.9976512133389395,0.9964000664158331,0.9973947317587318,0.9972255109232315,0.9975034866903769,0.9975580108255213,0.9973923369875916,1.0,0.9974557294463088,0.997666404693522,0.9972574021881682,0.9970248449636362
4,8,1.4188458694773876,0.59392,5000,1.8787162745440449,0.5522208883553421,833,1.8798562113088542,0.549,0.9988457280092359,0.08337218348490444,,,0.97,,0.9700176878243976,0.029982312175602432,0.9977709780745283,0.0998740933261379,5,0.001,0.1,0.9969533932948486,0.9970273936068634,0.9971960187314476,0.9972170570678669,0.9973160181651907,0.9974968445815743,0.9976179805481462,0.9974557294463088,1.0,0.9980680194557671,0.9973892947263893,0.9973313321640774
4,9,1.422106633216712,0.58196,5000,1.892392145262824,0.5462184873949579,833,1.879861575726884,0.549,0.9992120170177121,0.08336088189686026,,,0.97,,0.9700176878243976,0.029982312175602432,0.9977709780745283,0.0998740933261379,5,0.001,0.1,0.9974214455615615,0.9967814884083551,0.9981774124900747,0.9974516596221626,0.9983086504734794,0.9979779831485862,0.9979922764236125,0.997666404693522,0.9980680194557671,1.0,0.997664029476526,0.9979503988878062
4,10,1.410599154879333,0.5944,5000,1.8792720547428838,0.5402160864345739,833,1.8798571131861628,0.549,0.9985927317191428,0.08334916376249145,,,0.97,,0.9700176878243976,0.029982312175602432,0.9977709780745283,0.0998740933261379,5,0.001,0.1,0.9966014950980001,0.9964226885691784,0.9977533124685144,0.9974294450193658,0.9969258570751948,0.9968046018909621,0.9971574969714342,0.9972574021881682,0.9973892947263893,0.997664029476526,1.0,0.9966310906621582
4,11,1.435405906066773,0.58536,5000,1.8756600220998128,0.5426170468187275,833,1.8798575142321114,0.549,0.998662571421483,0.08334966132679612,,,0.97,,0.9700176878243976,0.029982312175602432,0.9977709780745283,0.0998740933261379,5,0.001,0.1,0.9971545606573843,0.9965261531900959,0.9973514449276668,0.9967913010258824,0.9974657216276027,0.9974543524374304,0.9971941947956501,0.9970248449636362,0.9973313321640774,0.9979503988878062,0.9966310906621582,1.0
5,0,1.3170528839348228,0.60012,5000,1.7363474898868136,0.580335731414868,834,1.750431828224621,0.5651,0.9986109941712384,0.08325052457881792,,,0.97,,0.9700176878243976,0.029982312175602432,0.9981694320941161,0.09986041887034093,5,0.001,0.1,1.0,0.9957773800104452,0.9972752358224395,0.9966583287334814,0.9969004301890481,0.9972393406249929,0.9972928599632541,0.9974061216970824,0.9968621386359835,0.9974637419375331,0.9966831718234591,0.9970652837855684
5,1,1.3272170379662969,0.60196,5000,1.7552991928877655,0.5971223021582733,834,1.7503572786197115,0.565,0.9979114758194324,0.08327667159732557,,,0.97,,0.9700176878243976,0.029982312175602432,0.9981694320941161,0.09986041887034093,5,0.001,0.1,0.9957773800104452,1.0,0.9963195271588922,0.9959915077072544,0.9959176410202952,0.9962924790108277,0.9965806642150462,0.9959913404258217,0.9966808833627693,0.9965009215469376,0.9960183455986379,0.9961688263105604
5,2,1.3228622037893647,0.59036,5000,1.7628725987893563,0.5599520383693045,834,1.7503512118951963,0.565,0.9987535537863184,0.08335312616541178,,,0.97,,0.9700176878243976,0.029982312175602432,0.9981694320941161,0.09986041887034093,5,0.001,0.1,0.9972752358224395,0.9963195271588922,1.0,0.9969035570717341,0.9970903523758737,0.9975042381728668,0.9973149403884096,0.9970906872071837,0.9968976864594485,0.9977105374163145,0.9972900985725112,0.9969303802803152
5,3,1.3097810873560085,0.60432,5000,1.7484857550373785,0.5251798561151079,834,1.7503477072182554,0.565,0.9983771930360308,0.08333979328482433,,,0.97,,0.9700176878243976,0.029982312175602432,0.9981694320941161,0.09986041887034093,5,0.001,0.1,0.9966583287334814,0.9959915077072544,0.9969035570717341,1.0,0.9972055893822137,0.9968868899529412,0.9962596452013631,0.9969180668298041,0.9968406439056533,0.9971845400440003,0.9965177452075193,0.9964497859779814
5,4,1.3099948874704397,0.60708,5000,1.7518439911029957,0.5786314525810324,833,1.7503526043206359,0.565,0.99869542574421,0.0833437721911779,,,0.97,,0.9700176878243976,0.029982312175602432,0.9981694320941161,0.09986041887034093,5,0.001,0.1,0.9969004301890481,0.9959176410202952,0.9970903523758737,0.9972055893822137,1.0,0.9972852620271615,0.9972419324413531,0.9970815269966831,0.9970393879831168,0.997968777532876,0.9968878938214722,0.9970113318406907
5,5,1.3198021827989324,0.6036,5000,1.753539456261529,0.5762304921968787,833,1.7503471881055985,0.565,0.9987388544249387,0.0833628473809373,,,0.97,,0.9700176878243976,0.029982312175602432,0.9981694320941161,0.09986041887034093,5,0.001,0.1,0.9972393406249929,0.9962924790108277,0.9975042381728668,0.9968868899529412,0.9972852620271615,1.0,0.9972739926098672,0.9971152589198404,0.9971374041715482,0.9976810211939632,0.9968701186252554,0.9968644482526519
5,6,1.310140747705083,0.60416,5000,1.7609528656359072,0.5618247298919568,833,1.7503612471845584,0.565,0.9987230431287223,0.08330970102943568,,,0.97,,0.9700176878243976,0.029982312175602432,0.9981694320941161,0.09986041887034093,5,0.001,0.1,0.9972928599632541,0.9965806642150462,0.9973149403884096,0.9962596452013631,0.9972419324413531,0.9972739926098672,1.0,0.9972593797639536,0.9973405849834658,0.9977094089342864,0.9968816848490508,0.9968090496271106
5,7,1.3115055447930744,0.60664,5000,1.766922566625807,0.5546218487394958,833,1.7503471694434414,0.565,0.9986577374200007,0.08335770139846038,,,0.97,,0.9700176878243976,0.029982312175602432,0.9981694320941161,0.09986041887034093,5,0.001,0.1,0.9974061216970824,0.9959913404258217,0.9970906872071837,0.9969180668298041,0.9970815269966831,0.9971152589198404,0.9972593797639536,1.0,0.9971588368977368,0.9973413260118558,0.9972030658589813,0.9966132324049394
5,8,1.3066945858062453,0.61188,5000,1.750307736573396,0.5642256902761105,833,1.7503471881055985,0.565,0.9987149774847798,0.08336069554292715,,,0.97,,0.9700176878243976,0.029982312175602432,0.9981694320941161,0.09986041887034093,5,0.001,0.1,0.9968621386359835,0.9966808833627693,0.9968976864594485,0.9968406439056533,0.9970393879831168,0.9971374041715482,0.9973405849834658,0.9971588368977368,1.0,0.9977249747894539,0.9971295115873434,0.9970521451505274
5,9,1.311144780505235,0.59972,5000,1.7674665451049805,0.5678271308523409,833,1.7503541601351655,0.565,0.9990835281386236,0.08336566017413671,,,0.97,,0.9700176878243976,0.029982312175602432,0.9981694320941161,0.09986041887034093,5,0.001,0.1,0.9974637419375331,0.9965009215469376,0.9977105374163145,0.9971845400440003,0.997968777532876,0.9976810211939632,0.9977094089342864,0.9973413260118558,0.9977249747894539,1.0,0.9974272522613156,0.997568523954872
5,10,1.3011131076296423,0.6118,5000,1.750991287054839,0.5498199279711885,833,1.750348342112459,0.565,0.9985144933561536,0.08334010833662325,,,0.97,,0.9700176878243976,0.029982312175602432,0.9981694320941161,0.09986041887034093,5,0.001,0.1,0.9966831718234591,0.9960183455986379,0.9972900985725112,0.9965177452075193,0.9968878938214722,0.9968701186252554,0.9968816848490508,0.9972030658589813,0.9971295115873434,0.9974272522613156,1.0,0.9965529706511911
5,11,1.326340997750592,0.60544,5000,1.7468239642955639,0.5642256902761105,833,1.7503489671042933,0.565,0.9984830409992399,0.08333939831992199,,,0.97,,0.9700176878243976,0.029982312175602432,0.9981694320941161,0.09986041887034093,5,0.001,0.1,0.9970652837855684,0.9961688263105604,0.9969303802803152,0.9964497859779814,0.9970113318406907,0.9968644482526519,0.9968090496271106,0.9966132324049394,0.9970521451505274,0.997568523954872,0.9965529706511911,1.0
6,0,1.22614396901647,0.61528,5000,1.599655725337841,0.5983213429256595,834,1.6159923156610312,0.5853,0.998259961301315,0.08327932509582582,,,0.97,,0.9700176878243976,0.029982312175602432,0.9982858418434948,0.09983584549462045,5,0.001,0.1,1.0,0.9952834342619931,0.9971761957786502,0.9961642082336315,0.9956931106860069,0.9964259704115992,0.9966874282158833,0.996780256628977,0.9962095695759112,0.9968652360683938,0.9960417276921684,0.9961476204919988
6,1,1.2353075547582784,0.61884,5000,1.6208109105074848,0.6151079136690647,834,1.6159111265176402,0.5855,0.9976064656763052,0.08327426697227272,,,0.97,,0.9700176878243976,0.029982312175602432,0.9982858418434948,0.09983584549462045,5,0.001,0.1,0.9952834342619931,1.0,0.9960269952406445,0.9956505933877384,0.9952651035974164,0.9956988714509165,0.9961575209446835,0.9952479321916131,0.9961691285429868,0.9958024906883214,0.9950752847600433,0.9952683272014657
6,2,1.2319453151362716,0.60668,5000,1.631028135617574,0.5779376498800959,834,1.6159040448002921,0.5855,0.9988568688782775,0.0833615172078513,,,0.97,,0.9700176878243976,0.029982312175602432,0.9982858418434948,0.09983584549462045,5,0.001,0.1,0.9971761957786502,0.9960269952406445,1.0,0.9971110246056768,0.9970285541328551,0.997394710760914,0.9968981305562293,0.9969052564197771,0.9966769202968996,0.9976925351809326,0.9969938929150098,0.996717560330461
6,3,1.2185329297545608,0.62252,5000,1.6125978937855474,0.5491606714628298,834,1.615899713656392,0.5855,0.9983131502239285,0.08333578979602421,,,0.97,,0.9700176878243976,0.029982312175602432,0.9982858418434948,0.09983584549462045,5,0.001,0.1,0.9961642082336315,0.9956505933877384,0.9971110246056768,1.0,0.9965689686572965,0.9964812885409153,0.99608109822569,0.9966972996674596,0.9965080587169363,0.9967750826561391,0.996257764248268,0.9958124140942325
6,4,1.2178338506419188,0.62632,5000,1.6173172659344144,0.6002400960384153,833,1.6159056950681887,0.5855,0.9982630574093946,0.08333661310605732,,,0.97,,0.9700176878243976,0.029982312175602432,0.9982858418434948,0.09983584549462045,5,0.001,0.1,0.9956931106860069,0.9952651035974164,0.9970285541328551,0.9965689686572965,1.0,0.996694948266107,0.9965349602219415,0.9961194638072365,0.9963981203538428,0.9969338185646887,0.9961301563841906,0.996139776915608
6,5,1.2262720537793106,0.61784,5000,1.6197093857659235,0.5990396158463386,833,1.6158991027563905,0.5855,0.9984461563485073,0.08335422194900939,,,0.97,,0.9700176878243976,0.029982312175602432,0.9982858418434948,0.09983584549462045,5,0.001,0.1,0.9964259704115992,0.9956988714509165,0.997394710760914,0.9964812885409153,0.996694948266107,1.0,0.9968327805635063,0.9964137956705462,0.9965663190182071,0.9968197273317239,0.9962825069333654,0.9960898116842387
6,6,1.2172857964874073,0.61956,5000,1.6278383599387274,0.5726290516206483,833,1.615915818717152,0.5855,0.9985404477213035,0.08332467127357554,,,0.97,,0.9700176878243976,0.029982312175602432,0.9982858418434948,0.09983584549462045,5,0.001,0.1,0.9966874282158833,0.9961575209446835,0.9968981305562293,0.99608109822569,0.9965349602219415,0.9968327805635063,1.0,0.9967115059722822,0.9969697906436794,0.997406833623429,0.9962476059659072,0.9963050163804211
6,7,1.2203455142154815,0.621,5000,1.6338093236640647,0.581032412965186,833,1.6158990863793956,0.5855,0.9983753221733292,0.08334877953085068,,,0.97,,0.9700176878243976,0.029982312175602432,0.9982858418434948,0.09983584549462045,5,0.001,0.1,0.996780256628977,0.9952479321916131,0.9969052564197771,0.9966972996674596,0.9961194638072365,0.9964137956705462,0.9967115059722822,1.0,0.996716754678016,0.996898296068107,0.9966245212098453,0.9957373544210579
6,8,1.213140651147077,0.62916,5000,1.6176212584530865,0.5870348139255702,833,1.6158991004712284,0.5855,0.9985134995020907,0.08335507598258844,,,0.97,,0.9700176878243976,0.029982312175602432,0.9982858418434948,0.09983584549462045,5,0.001,0.1,0.9962095695759112,0.9961691285429868,0.9966769202968996,0.9965080587169363,0.9963981203538428,0.9965663190182071,0.9969697906436794,0.996716754678016,1.0,0.9972338193041306,0.9967215923651639,0.9963375843806341
6,9,1.2164989065212808,0.61788,5000,1.6376562604197749,0.5870348139255702,833,1.6159074729243026,0.5855,0.9988191485879847,0.08336798666626853,,,0.97,,0.9700176878243976,0.029982312175602432,0.9982858418434948,0.09983584549462045,5,0.001,0.1,0.9968652360683938,0.9958024906883214,0.9976925351809326,0.9967750826561391,0.9969338185646887,0.9968197273317239,0.997406833623429,0.996898296068107,0.9972338193041306,1.0,0.996965541333239,0.9967758879821353
6,10,1.2099471478705193,0.62448,5000,1.618391337218108,0.5726290516206483,833,1.6159005088928027,0.5855,0.9982455789211341,0.08333380191069287,,,0.97,,0.9700176878243976,0.029982312175602432,0.9982858418434948,0.09983584549462045,5,0.001,0.1,0.9960417276921684,0.9950752847600433,0.9969938929150098,0.996257764248268,0.9961301563841906,0.9962825069333654,0.9962476059659072,0.9966245212098453,0.9967215923651639,0.996965541333239,1.0,0.9959572218114044
6,11,1.2340959644621345,0.61836,5000,1.6136879170382465,0.5858343337334934,833,1.6159013334554606,0.5855,0.9980777909559804,0.08332795050898324,,,0.97,,0.9700176878243976,0.029982312175602432,0.9982858418434948,0.09983584549462045,5,0.001,0.1,0.9961476204919988,0.9952683272014657,0.996717560330461,0.9958124140942325,0.996139776915608,0.9960898116842387,0.9963050163804211,0.9957373544210579,0.9963375843806341,0.9967758879821353,0.9959572218114044,1.0
7,0,1.1484112962036377,0.62996,5000,1.4636740110538624,0.6115107913669064,834,1.4819563452047282,0.6047,0.9978638526302255,0.08329539099982834,,,0.97,,0.9700176878243976,0.029982312175602432,0.9982699131226105,0.09980118436649066,5,0.001,0.1,1.0,0.9942284227495568,0.996664195267713,0.9952105954833388,0.9952262075387994,0.9956130900503517,0.9958931703511714,0.9959301523824123,0.9952207222384779,0.9958743598893562,0.9952261750989809,0.9954888727928138
7,1,1.1582501629355606,0.63228,5000,1.4865448872248332,0.6247002398081535,834,1.4818763793847811,0.6048,0.9970544671169829,0.08326615916552868,,,0.97,,0.9700176878243976,0.029982312175602432,0.9982699131226105,0.09980118436649066,5,0.001,0.1,0.9942284227495568,1.0,0.9954001237888428,0.9943754866460863,0.9942279173657276,0.9947332164760977,0.9951069908933227,0.9943601112720295,0.9950137167133952,0.9952403911519403,0.9941486808029323,0.9940490810456513
