round,client_id,client_i_training_loss,client_i_training_accuracy,client_i_training_dataset_size,client_i_evaluation_loss,client_i_evaluation_accuracy,client_i_evaluation_dataset_size,client_i_central_evaluation_loss,client_i_central_evaluation_accuracy,client_i_cosine_similarity,client_i_importance_coefficient,client_i_tanh_val,tanh_normalization_value,client_i_q,client_i_mask_order,client_i_v_nonzero_fraction,client_i_v_sparsity,client_i_v_cosine_similarity,client_i_reward_gradient_norm,local_epochs,learning_rate,gamma,client_0_cosine_similarity,client_1_cosine_similarity,client_2_cosine_similarity,client_3_cosine_similarity,client_4_cosine_similarity,client_5_cosine_similarity,client_6_cosine_similarity,client_7_cosine_similarity,client_8_cosine_similarity,client_9_cosine_similarity,client_10_cosine_similarity,client_11_cosine_similarity
0,0,2.192341460391974,0.34184,5000,2.2601998735357216,0.23381294964028776,834,2.25764311616794,0.2468,0.9972660980861117,0.08339828299634287,,,0.97,,0.9700176878243976,0.029982312175602432,0,0.09964893547257007,5,0.001,0.1,1.0,0.9858338726678612,0.9951729700611144,0.9928658254064843,0.9949247078063292,0.9959293232953235,0.9921397112645003,0.9961448331380643,0.9923040123989145,0.9931118236291151,0.9931025417776993,0.9936519847972574
0,1,2.193795352528809,0.28028,5000,2.2548408155088073,0.23860911270983212,834,2.25764311616794,0.2468,0.9911494461554841,0.08288676629114294,,,0.97,,0.9700176878243976,0.029982312175602432,0,0.09964893547257007,5,0.001,0.1,0.9858338726678612,1.0,0.9843996944587873,0.9841312128423553,0.9869653241045245,0.9855824153019902,0.987884299985511,0.985999834714685,0.9883667036436286,0.983258013795616,0.990800827914813,0.9888172581698178
0,2,2.1895478594834636,0.3254,5000,2.260358457212095,0.2182254196642686,834,2.25764311616794,0.2468,0.9971201987012019,0.08338608188149996,,,0.97,,0.9700176878243976,0.029982312175602432,0,0.09964893547257007,5,0.001,0.1,0.9951729700611144,0.9843996944587873,1.0,0.9951437845511902,0.9943136035503101,0.9951170626673562,0.9895909965538003,0.9952570242207721,0.9942035627780846,0.9943855880129712,0.993875651704858,0.9919770221677946
0,3,2.190379562651276,0.3596,5000,2.2548616020767778,0.2529976019184652,834,2.25764311616794,0.2468,0.9965135302628242,0.08333534807413813,,,0.97,,0.9700176878243976,0.029982312175602432,0,0.09964893547257007,5,0.001,0.1,0.9928658254064843,0.9841312128423553,0.9951437845511902,1.0,0.9927512285637395,0.9940033437174356,0.9889508937594471,0.9954392353732758,0.9943390147374442,0.9936555895679393,0.99346171778144,0.9914406493017963
0,4,2.1906360822118773,0.35876,5000,2.260996200420238,0.24489795918367346,833,2.25764311616794,0.2468,0.9976662694475548,0.08343174809107808,,,0.97,,0.9700176878243976,0.029982312175602432,0,0.09964893547257007,5,0.001,0.1,0.9949247078063292,0.9869653241045245,0.9943136035503101,0.9927512285637395,1.0,0.9957625755191564,0.9921286476386514,0.9937569264114494,0.9944764485185105,0.996505433211109,0.9929705922077118,0.995411317294267
0,5,2.192587672069574,0.33964,5000,2.257079036147506,0.2785114045618247,833,2.25764311616794,0.2468,0.9977128408371386,0.08343564271251915,,,0.97,,0.9700176878243976,0.029982312175602432,0,0.09964893547257007,5,0.001,0.1,0.9959293232953235,0.9855824153019902,0.9951170626673562,0.9940033437174356,0.9957625755191564,1.0,0.9925705847197754,0.9945008633765147,0.993781737586208,0.9960467308677355,0.9922723282402849,0.9949567344939008
0,6,2.189356231082017,0.36556,5000,2.25548928755301,0.27490996398559425,833,2.25764311616794,0.2468,0.9955405392339791,0.08325397984019109,,,0.97,,0.9700176878243976,0.029982312175602432,0,0.09964893547257007,5,0.001,0.1,0.9921397112645003,0.987884299985511,0.9895909965538003,0.9889508937594471,0.9921286476386514,0.9925705847197754,1.0,0.991309313236603,0.9921221324637274,0.9926624075632771,0.993462811013351,0.9917257937766859
0,7,2.187723727135142,0.334,5000,2.2571335898505316,0.24849939975990396,833,2.25764311616794,0.2468,0.9971909269987759,0.08339199667052993,,,0.97,,0.9700176878243976,0.029982312175602432,0,0.09964893547257007,5,0.001,0.1,0.9961448331380643,0.985999834714685,0.9952570242207721,0.9954392353732758,0.9937569264114494,0.9945008633765147,0.991309313236603,1.0,0.9930276328594477,0.9919446331496066,0.9946149213603288,0.9922875019478649
0,8,2.191655037509408,0.34448,5000,2.256873475180732,0.2665066026410564,833,2.25764311616794,0.2468,0.9971293088126185,0.08338684373197448,,,0.97,,0.9700176878243976,0.029982312175602432,0,0.09964893547257007,5,0.001,0.1,0.9923040123989145,0.9883667036436286,0.9942035627780846,0.9943390147374442,0.9944764485185105,0.993781737586208,0.9921221324637274,0.9930276328594477,1.0,0.9950433505051949,0.993949610014982,0.9919316921831204
0,9,2.1922482464723525,0.37172,5000,2.264668420509056,0.226890756302521,833,2.25764311616794,0.2468,0.9970487298186047,0.08338010515963233,,,0.97,,0.9700176878243976,0.029982312175602432,0,0.09964893547257007,5,0.001,0.1,0.9931118236291151,0.983258013795616,0.9943855880129712,0.9936555895679393,0.996505433211109,0.9960467308677355,0.9926624075632771,0.9919446331496066,0.9950433505051949,1.0,0.9914446785793198,0.9945240954676519
0,10,2.186321679042403,0.3222,5000,2.258628253583555,0.24369747899159663,833,2.25764311616794,0.2468,0.996902810994792,0.08336790241917401,,,0.97,,0.9700176878243976,0.029982312175602432,0,0.09964893547257007,5,0.001,0.1,0.9931025417776993,0.990800827914813,0.993875651704858,0.99346171778144,0.9929705922077118,0.9922723282402849,0.993462811013351,0.9946149213603288,0.993949610014982,0.9914446785793198,1.0,0.9908817844234992
0,11,2.194021618745889,0.35596,5000,2.2590149773491754,0.234093637454982,833,2.25764311616794,0.2468,0.9966325596224814,0.08334530213177693,,,0.97,,0.9700176878243976,0.029982312175602432,0,0.09964893547257007,5,0.001,0.1,0.9936519847972574,0.9888172581698178,0.9919770221677946,0.9914406493017963,0.995411317294267,0.9949567344939008,0.9917257937766859,0.9922875019478649,0.9919316921831204,0.9945240954676519,0.9908817844234992,1.0
1,0,2.038513966274869,0.46664,5000,2.202382237822921,0.3657074340527578,834,2.2010807381651274,0.3755,0.9986126310828751,0.08338030734565087,,,0.97,,0.9700176878243976,0.029982312175602432,0.9635976218177321,0.09983921001298285,5,0.001,0.1,1.0,0.994572533068513,0.997495102907902,0.9962232065816619,0.9971675103623215,0.9976065456973515,0.9971215306796767,0.9976122591287514,0.9963364508686331,0.9967608985290168,0.9967226304249993,0.9964497209773189
1,1,2.0439658016156237,0.42988,5000,2.1986258029937744,0.36330935251798563,834,2.2010807381651274,0.3755,0.9968964601077223,0.08301120691821015,,,0.97,,0.9700176878243976,0.029982312175602432,0.9635976218177321,0.09983921001298285,5,0.001,0.1,0.994572533068513,1.0,0.9944071263404776,0.9945998273868921,0.9948556473935241,0.9946777806039269,0.9947496284032167,0.9948391533290557,0.9954609637765418,0.9938174474113071,0.9958556275826735,0.995715721809349
1,2,2.036808012853003,0.44096,5000,2.2050699216348155,0.36211031175059955,834,2.2010807381651274,0.3755,0.9986593728699351,0.08337433332263007,,,0.97,,0.9700176878243976,0.029982312175602432,0.9635976218177321,0.09983921001298285,5,0.001,0.1,0.997495102907902,0.9944071263404776,1.0,0.9973657750733373,0.9972073091976349,0.9974833022270405,0.995818842627033,0.9970069756881396,0.9971576969546918,0.9974822404302528,0.9971646899169154,0.9960370134685728
1,3,2.0346045363480876,0.46752,5000,2.1981847992649786,0.3764988009592326,834,2.2010807381651274,0.3755,0.9983734888492835,0.08333399122268112,,,0.97,,0.9700176878243976,0.029982312175602432,0.9635976218177321,0.09983921001298285,5,0.001,0.1,0.9962232065816619,0.9945998273868921,0.9973657750733373,1.0,0.9967305207112561,0.99669462041632,0.9955090834309845,0.9970421772626717,0.997352067631239,0.99699621446824,0.9970506624814236,0.9956419181373968
1,4,2.0357260899938594,0.49384,5000,2.2052474198517977,0.375750300120048,833,2.2010807381651274,0.3755,0.9987350175005965,0.08340478139884558,,,0.97,,0.9700176878243976,0.029982312175602432,0.9635976218177321,0.09983921001298285,5,0.001,0.1,0.9971675103623215,0.9948556473935241,0.9972073091976349,0.9967305207112561,1.0,0.9975275947468017,0.996746810996488,0.9962404378942977,0.9968605079163624,0.9981652077036045,0.9966563507263237,0.9973767926369963
1,5,2.038889925950652,0.47384,5000,2.2005998381861933,0.4021608643457383,833,2.2010807381651274,0.3755,0.9988117055726343,0.08340964526233922,,,0.97,,0.9700176878243976,0.029982312175602432,0.9635976218177321,0.09983921001298285,5,0.001,0.1,0.9976065456973515,0.9946777806039269,0.9974833022270405,0.99669462041632,0.9975275947468017,1.0,0.9976061576474697,0.996464290638388,0.9968487158354395,0.9979793134890925,0.9963458934628432,0.9972185918428528
1,6,2.0315461139010775,0.48536,5000,2.199933316972521,0.4177671068427371,833,2.2010807381651274,0.3755,0.998332863402149,0.0832827779814062,,,0.97,,0.9700176878243976,0.029982312175602432,0.9635976218177321,0.09983921001298285,5,0.001,0.1,0.9971215306796767,0.9947496284032167,0.995818842627033,0.9955090834309845,0.996746810996488,0.9976061576474697,1.0,0.9962252870322744,0.9965756348145858,0.9971900692625355,0.9964265654308364,0.9967551344642089
1,7,2.031447345891576,0.45212,5000,2.2020053686919034,0.3697478991596639,833,2.2010807381651274,0.3755,0.9982913320896158,0.08336608109409946,,,0.97,,0.9700176878243976,0.029982312175602432,0.9635976218177321,0.09983921001298285,5,0.001,0.1,0.9976122591287514,0.9948391533290557,0.9970069756881396,0.9970421772626717,0.9962404378942977,0.996464290638388,0.9962252870322744,1.0,0.9963558340872736,0.9955620873765374,0.9975936151207342,0.9952808916543164
1,8,2.037404671444255,0.47936,5000,2.20081306386877,0.3997599039615846,833,2.2010807381651274,0.3755,0.9985534942932435,0.08337138298814521,,,0.97,,0.9700176878243976,0.029982312175602432,0.9635976218177321,0.09983921001298285,5,0.001,0.1,0.9963364508686331,0.9954609637765418,0.9971576969546918,0.997352067631239,0.9968605079163624,0.9968487158354395,0.9965756348145858,0.9963558340872736,1.0,0.9973132351962367,0.9968855313511957,0.99622001284962
1,9,2.0385434934288074,0.49584,5000,2.2103987093325013,0.34813925570228094,833,2.2010807381651274,0.3755,0.9986834093621059,0.08337144374192305,,,0.97,,0.9700176878243976,0.029982312175602432,0.9635976218177321,0.09983921001298285,5,0.001,0.1,0.9967608985290168,0.9938174474113071,0.9974822404302528,0.99699621446824,0.9981652077036045,0.9979793134890925,0.9971900692625355,0.9955620873765374,0.9973132351962367,1.0,0.9961755779327418,0.9974700466341122
1,10,2.0272632082556465,0.46236,5000,2.2016993363698325,0.3673469387755102,833,2.2010807381651274,0.3755,0.9984866334337167,0.08335760841723641,,,0.97,,0.9700176878243976,0.029982312175602432,0.9635976218177321,0.09983921001298285,5,0.001,0.1,0.9967226304249993,0.9958556275826735,0.9971646899169154,0.9970506624814236,0.9966563507263237,0.9963458934628432,0.9964265654308364,0.9975936151207342,0.9968855313511957,0.9961755779327418,1.0,0.9956915510020758
1,11,2.0417860946837503,0.47656,5000,2.202160667490076,0.3577430972388956,833,2.2010807381651274,0.3755,0.998260236087306,0.08333644030683278,,,0.97,,0.9700176878243976,0.029982312175602432,0.9635976218177321,0.09983921001298285,5,0.001,0.1,0.9964497209773189,0.995715721809349,0.9960370134685728,0.9956419181373968,0.9973767926369963,0.9972185918428528,0.9967551344642089,0.9952808916543164,0.99622001284962,0.9974700466341122,0.9956915510020758,1.0
2,0,1.8496539390770492,0.53388,5000,2.129503515031603,0.46522781774580335,834,2.129768172011208,0.4651,0.9990568312748751,0.08336887083023523,,,0.97,,0.9700176878243976,0.029982312175602432,0.9897140104750612,0.09988484554289039,5,0.001,0.1,1.0,0.996666699919606,0.9981233434704612,0.997349597526582,0.9979117320815055,0.9981985727836382,0.9977715609843245,0.9980856840142721,0.9973963026387523,0.997919596311748,0.9975774807055159,0.9978700338371329
2,1,1.858520705229158,0.51988,5000,2.127683153858891,0.46522781774580335,834,2.129768172011208,0.4651,0.9980493035354417,0.08311003168389287,,,0.97,,0.9700176878243976,0.029982312175602432,0.9897140104750612,0.09988484554289039,5,0.001,0.1,0.996666699919606,1.0,0.9966520104085034,0.9963681112861712,0.9965402766780285,0.99657259236205,0.9965514700817178,0.996391458443052,0.9971825053513289,0.9961835824922506,0.9966755287702984,0.9970292292323203
2,2,1.8489124413508518,0.5128,5000,2.1352584538636386,0.45323741007194246,834,2.129768172011208,0.4651,0.9991133422062333,0.0833670314453958,,,0.97,,0.9700176878243976,0.029982312175602432,0.9897140104750612,0.09988484554289039,5,0.001,0.1,0.9981233434704612,0.9966520104085034,1.0,0.9979656070981586,0.9980092543649158,0.9981000708764786,0.9971636786846059,0.9977625625591864,0.9978301107477047,0.9984108735471509,0.9978711529169824,0.9976586270532073
2,3,1.8436024410709455,0.53288,5000,2.126776421511615,0.46882494004796166,834,2.129768172011208,0.4651,0.998762611789689,0.08333097568157326,,,0.97,,0.9700176878243976,0.029982312175602432,0.9897140104750612,0.09988484554289039,5,0.001,0.1,0.997349597526582,0.9963681112861712,0.9979656070981586,1.0,0.9976369125146918,0.9974842196361363,0.9967097956811668,0.9975656793871225,0.997772342680538,0.9977551231479597,0.9975112432625607,0.997226196993349
2,4,1.845502571239593,0.56284,5000,2.13456564479404,0.47418967587034816,833,2.129768172011208,0.4651,0.9990003547989352,0.0833820551130731,,,0.97,,0.9700176878243976,0.029982312175602432,0.9897140104750612,0.09988484554289039,5,0.001,0.1,0.9979117320815055,0.9965402766780285,0.9980092543649158,0.9976369125146918,1.0,0.9979394419078969,0.997520293230418,0.9971441105795538,0.9975442637897387,0.9985681560371751,0.9974329452633949,0.997945362179418
2,5,1.8501993279548208,0.54488,5000,2.129091836788036,0.48139255702280914,833,2.129768172011208,0.4651,0.9990198293728642,0.08338566601275632,,,0.97,,0.9700176878243976,0.029982312175602432,0.9897140104750612,0.09988484554289039,5,0.001,0.1,0.9981985727836382,0.99657259236205,0.9981000708764786,0.9974842196361363,0.9979394419078969,1.0,0.9977890244970498,0.9973901813276581,0.99740041406937,0.9982815414705383,0.9971613004366525,0.9981089508089499
2,6,1.840393979989799,0.55604,5000,2.1299656938623497,0.49339735894357745,833,2.129768172011208,0.4651,0.9987457135067015,0.08329902757014919,,,0.97,,0.9700176878243976,0.029982312175602432,0.9897140104750612,0.09988484554289039,5,0.001,0.1,0.9977715609843245,0.9965514700817178,0.9971636786846059,0.9967097956811668,0.997520293230418,0.9977890244970498,1.0,0.9974888188613715,0.9971512039729744,0.9980827720372489,0.9973983842320028,0.9975181748989279
2,7,1.8403363523969225,0.52668,5000,2.132404018331457,0.4477791116446579,833,2.129768172011208,0.4651,0.998767393327912,0.08335080675255135,,,0.97,,0.9700176878243976,0.029982312175602432,0.9897140104750612,0.09988484554289039,5,0.001,0.1,0.9980856840142721,0.996391458443052,0.9977625625591864,0.9975656793871225,0.9971441105795538,0.9973901813276581,0.9974888188613715,1.0,0.9975365540806878,0.9971803272248497,0.9979319439128085,0.9969248998218061
2,8,1.8472269155417278,0.55572,5000,2.130490356021457,0.4729891956782713,833,2.129768172011208,0.4651,0.9988659481828309,0.08335723835704986,,,0.97,,0.9700176878243976,0.029982312175602432,0.9897140104750612,0.09988484554289039,5,0.001,0.1,0.9973963026387523,0.9971825053513289,0.9978301107477047,0.997772342680538,0.9975442637897387,0.99740041406937,0.9971512039729744,0.9975365540806878,1.0,0.9977579959871203,0.9975889274353233,0.9974254100231684
2,9,1.8486003013173486,0.56136,5000,2.1419960569452354,0.4561824729891957,833,2.129768172011208,0.4651,0.9991376731735849,0.0833660448420759,,,0.97,,0.9700176878243976,0.029982312175602432,0.9897140104750612,0.09988484554289039,5,0.001,0.1,0.997919596311748,0.9961835824922506,0.9984108735471509,0.9977551231479597,0.9985681560371751,0.9982815414705383,0.9980827720372489,0.9971803272248497,0.9977579959871203,1.0,0.9975234943501833,0.9981740812708976
2,10,1.835166424398969,0.53772,5000,2.130555161723384,0.45018007202881155,833,2.129768172011208,0.4651,0.9987791258012542,0.08334599014086479,,,0.97,,0.9700176878243976,0.029982312175602432,0.9897140104750612,0.09988484554289039,5,0.001,0.1,0.9975774807055159,0.9966755287702984,0.9978711529169824,0.9975112432625607,0.9974329452633949,0.9971613004366525,0.9973983842320028,0.9979319439128085,0.9975889274353233,0.9975234943501833,1.0,0.9968717159177731
2,11,1.8543561264208168,0.54616,5000,2.1307521396213107,0.4525810324129652,833,2.129768172011208,0.4651,0.9988798686823077,0.08333626157038224,,,0.97,,0.9700176878243976,0.029982312175602432,0.9897140104750612,0.09988484554289039,5,0.001,0.1,0.9978700338371329,0.9970292292323203,0.9976586270532073,0.997226196993349,0.997945362179418,0.9981089508089499,0.9975181748989279,0.9969248998218061,0.9974254100231684,0.9981740812708976,0.9968717159177731,1.0
3,0,1.6725940635249872,0.5786,5000,2.0403785838021173,0.5539568345323741,834,2.042540878152695,0.5464,0.9989700944751797,0.08335857052416118,,,0.97,,0.9700176878243976,0.029982312175602432,0.9954309793983279,0.09988634439549275,5,0.001,0.1,1.0,0.9967546055387528,0.9979751752603352,0.9971009611839078,0.9979347595460295,0.9980489986786165,0.9976902082332567,0.9979215230349718,0.9973097164175869,0.9978668828685888,0.9975558186297561,0.9978543190522534
3,1,1.6811558955793928,0.5696,5000,2.040887196858724,0.5431654676258992,834,2.042540878152695,0.5464,0.9982469416175883,0.0831765195599709,,,0.97,,0.9700176878243976,0.029982312175602432,0.9954309793983279,0.09988634439549275,5,0.001,0.1,0.9967546055387528,1.0,0.9968831158248956,0.9963666266360823,0.9970691917225725,0.9970455816334738,0.9966588931262996,0.9968277039225852,0.9971388110391924,0.9966354247568525,0.9968743127032856,0.9971028338397322
3,2,1.6718779021008,0.56072,5000,2.0499572135784008,0.5275779376498801,834,2.042540878152695,0.5464,0.9991386139371831,0.0833628811676788,,,0.97,,0.9700176878243976,0.029982312175602432,0.9954309793983279,0.09988634439549275,5,0.001,0.1,0.9979751752603352,0.9968831158248956,1.0,0.9976224270953484,0.9980839396914915,0.9979187354125101,0.9976155951582968,0.997809946054906,0.9979181671037396,0.9984079761997856,0.9980639828296765,0.9977337738941326
3,3,1.6633335011779882,0.57136,5000,2.039267071971187,0.5671462829736211,834,2.042540878152695,0.5464,0.9985495051710587,0.08332176087164965,,,0.97,,0.9700176878243976,0.029982312175602432,0.9954309793983279,0.09988634439549275,5,0.001,0.1,0.9971009611839078,0.9963666266360823,0.9976224270953484,1.0,0.9975397572811535,0.9973394692581379,0.9965119862409341,0.997332273361969,0.9974391449541417,0.9974296353079793,0.9973195341239095,0.9969707546838333
3,4,1.665098791365411,0.60692,5000,2.0480519753915294,0.5582232893157263,833,2.042540878152695,0.5464,0.9991044481768009,0.08337099066904977,,,0.97,,0.9700176878243976,0.029982312175602432,0.9954309793983279,0.09988634439549275,5,0.001,0.1,0.9979347595460295,0.9970691917225725,0.9980839396914915,0.9975397572811535,1.0,0.9980013794069524,0.997601143167227,0.9976461573015506,0.9977155717605675,0.9984110126157943,0.997707030599381,0.997913618318695
3,5,1.6720870241238053,0.59064,5000,2.0416670816916005,0.5714285714285714,833,2.042540878152695,0.5464,0.9989696627115183,0.08336885494313034,,,0.97,,0.9700176878243976,0.029982312175602432,0.9954309793983279,0.09988634439549275,5,0.001,0.1,0.9980489986786165,0.9970455816334738,0.9979187354125101,0.9973394692581379,0.9980013794069524,1.0,0.9973115141922276,0.9974506578510299,0.9975210059720094,0.9981300206193089,0.9972032897539244,0.9980373425197189
3,6,1.6592781055505108,0.59464,5000,2.0444160567389593,0.5582232893157263,833,2.042540878152695,0.5464,0.9987397626567435,0.0833083111913053,,,0.97,,0.9700176878243976,0.029982312175602432,0.9954309793983279,0.09988634439549275,5,0.001,0.1,0.9976902082332567,0.9966588931262996,0.9976155951582968,0.9965119862409341,0.997601143167227,0.9973115141922276,1.0,0.9978130530074051,0.9976439741591274,0.9977475229953578,0.9973118969336426,0.9973488352771421
3,7,1.6620486968641828,0.56968,5000,2.0470301663434065,0.531812725090036,833,2.042540878152695,0.5464,0.9988981425286922,0.08334517206664237,,,0.97,,0.9700176878243976,0.029982312175602432,0.9954309793983279,0.09988634439549275,5,0.001,0.1,0.9979215230349718,0.9968277039225852,0.997809946054906,0.997332273361969,0.9976461573015506,0.9974506578510299,0.9978130530074051,1.0,0.9978532163841618,0.9974026312581723,0.9979096383353389,0.997185036497231
3,8,1.6654790110648818,0.5976,5000,2.0448106041661016,0.5450180072028812,833,2.042540878152695,0.5464,0.9989342819908046,0.08335028205535146,,,0.97,,0.9700176878243976,0.029982312175602432,0.9954309793983279,0.09988634439549275,5,0.001,0.1,0.9973097164175869,0.9971388110391924,0.9979181671037396,0.9974391449541417,0.9977155717605675,0.9975210059720094,0.9976439741591274,0.9978532163841618,1.0,0.9979225482901448,0.9976815385165682,0.9974418779081299
3,9,1.6695684410204554,0.59432,5000,2.058228276394032,0.5330132052821128,833,2.042540878152695,0.5464,0.9991110205601579,0.08336138570836274,,,0.97,,0.9700176878243976,0.029982312175602432,0.9954309793983279,0.09988634439549275,5,0.001,0.1,0.9978668828685888,0.9966354247568525,0.9984079761997856,0.9974296353079793,0.9984110126157943,0.9981300206193089,0.9977475229953578,0.9974026312581723,0.9979225482901448,1.0,0.9976004827490138,0.9981472192493329
3,10,1.6550311935935051,0.58488,5000,2.0437717879260027,0.531812725090036,833,2.042540878152695,0.5464,0.9988273718710844,0.08333993472085996,,,0.97,,0.9700176878243976,0.029982312175602432,0.9954309793983279,0.09988634439549275,5,0.001,0.1,0.9975558186297561,0.9968743127032856,0.9980639828296765,0.9973195341239095,0.997707030599381,0.9972032897539244,0.9973118969336426,0.9979096383353389,0.9976815385165682,0.9976004827490138,1.0,0.9970762163537329
3,11,1.6776050286687862,0.59448,5000,2.04331162682286,0.5354141656662665,833,2.042540878152695,0.5464,0.9988697332619246,0.08333533652183742,,,0.97,,0.9700176878243976,0.029982312175602432,0.9954309793983279,0.09988634439549275,5,0.001,0.1,0.9978543190522534,0.9971028338397322,0.9977337738941326,0.9969707546838333,0.997913618318695,0.9980373425197189,0.9973488352771421,0.997185036497231,0.9974418779081299,0.9981472192493329,0.9970762163537329,1.0
4,0,1.5197919015671797,0.60508,5000,1.9354072676764593,0.6067146282973621,834,1.939711880760071,0.6015,0.998803457553864,0.08334898887653176,,,0.97,,0.9700176878243976,0.029982312175602432,0.9969259037618979,0.0998797927580386,5,0.001,0.1,1.0,0.9964339815720059,0.9979943784924755,0.9969461844496234,0.997618218057166,0.9977576182044263,0.9974903118727325,0.997354808369852,0.9969560095698812,0.9977247716616952,0.9973570447126422,0.9975982287462506
4,1,1.5296458596636535,0.60576,5000,1.93884782437925,0.6031175059952039,834,1.939711880760071,0.6015,0.9981935648899023,0.08321767419026307,,,0.97,,0.9700176878243976,0.029982312175602432,0.9969259037618979,0.0998797927580386,5,0.001,0.1,0.9964339815720059,1.0,0.9970140243908363,0.9961495703498758,0.9968688835181311,0.99665149118343,0.9972158481240364,0.9964091162567907,0.9967432797680909,0.9968425851484174,0.9967101913678339,0.9968919672811305
4,2,1.5200752208946617,0.59164,5000,1.9493902700918693,0.580335731414868,834,1.939711880760071,0.6015,0.9991849952416779,0.08336394551113838,,,0.97,,0.9700176878243976,0.029982312175602432,0.9969259037618979,0.0998797927580386,5,0.001,0.1,0.9979943784924755,0.9970140243908363,1.0,0.9976840607889037,0.9979794016029435,0.9980642501177861,0.9976425743814049,0.9975582687603227,0.9977683227542926,0.9984451098962934,0.9978748800502335,0.9977795935661783
4,3,1.5111830448648733,0.60264,5000,1.9362061862592344,0.6247002398081535,834,1.939711880760071,0.6015,0.9985004988725663,0.08331664020790651,,,0.97,,0.9700176878243976,0.029982312175602432,0.9969259037618979,0.0998797927580386,5,0.001,0.1,0.9969461844496234,0.9961495703498758,0.9976840607889037,1.0,0.997387578513475,0.9972451375650837,0.9966231192685505,0.9972252636137058,0.9971873089659306,0.9971642417637079,0.9971371848719802,0.9968519536280624
4,4,1.5120627148136212,0.6294,5000,1.9457882951807093,0.6182472989195679,833,1.939711880760071,0.6015,0.9989379000238361,0.08336094364031493,,,0.97,,0.9700176878243976,0.029982312175602432,0.9969259037618979,0.0998797927580386,5,0.001,0.1,0.997618218057166,0.9968688835181311,0.9979794016029435,0.997387578513475,1.0,0.9976785403927229,0.9975595797374414,0.997150847685675,0.9973931565491025,0.998233096711752,0.9973816321674844,0.9975923428081555
4,5,1.5197277742586317,0.618,5000,1.9387982642209087,0.6290516206482593,833,1.939711880760071,0.6015,0.9989440666737811,0.0833598330543997,,,0.97,,0.9700176878243976,0.029982312175602432,0.9969259037618979,0.0998797927580386,5,0.001,0.1,0.9977576182044263,0.99665149118343,0.9980642501177861,0.9972451375650837,0.9976785403927229,1.0,0.9978401331807732,0.9975128696092493,0.9974034191334413,0.9980028855195427,0.9971359434772107,0.9976245853317726
4,6,1.5075468059558017,0.62504,5000,1.943519084541886,0.5978391356542617,833,1.939711880760071,0.6015,0.9988981159001079,0.08332122534481833,,,0.97,,0.9700176878243976,0.029982312175602432,0.9969259037618979,0.0998797927580386,5,0.001,0.1,0.9974903118727325,0.9972158481240364,0.9976425743814049,0.9966231192685505,0.9975595797374414,0.9978401331807732,1.0,0.9977476753554658,0.9976811045313889,0.9979412015583983,0.9972149702920136,0.9974123682535166
4,7,1.5107197487430208,0.60476,5000,1.9460679690043132,0.5882352941176471,833,1.939711880760071,0.6015,0.9987226425529374,0.08333816494636162,,,0.97,,0.9700176878243976,0.029982312175602432,0.9969259037618979,0.0998797927580386,5,0.001,0.1,0.997354808369852,0.9964091162567907,0.9975582687603227,0.9972252636137058,0.997150847685675,0.9975128696092493,0.9977476753554658,1.0,0.9976459253683034,0.997347555750555,0.9974099524645021,0.9969016228281103
4,8,1.5102470806449841,0.6236,5000,1.9440322319666545,0.5882352941176471,833,1.939711880760071,0.6015,0.9987994030646679,0.08334377563134866,,,0.97,,0.9700176878243976,0.029982312175602432,0.9969259037618979,0.0998797927580386,5,0.001,0.1,0.9969560095698812,0.9967432797680909,0.9977683227542926,0.9971873089659306,0.9973931565491025,0.9974034191334413,0.9976811045313889,0.9976459253683034,1.0,0.9978959553709673,0.9972016856473943,0.997308021665898
4,9,1.5162585786953093,0.61796,5000,1.9592915464330602,0.5858343337334934,833,1.939711880760071,0.6015,0.9991298739892808,0.08336124957985516,,,0.97,,0.9700176878243976,0.029982312175602432,0.9969259037618979,0.0998797927580386,5,0.001,0.1,0.9977247716616952,0.9968425851484174,0.9984451098962934,0.9971642417637079,0.998233096711752,0.9980028855195427,0.9979412015583983,0.997347555750555,0.9978959553709673,1.0,0.997546518883312,0.9980000230542
4,10,1.503799213041925,0.61284,5000,1.941393088411402,0.5966386554621849,833,1.939711880760071,0.6015,0.9986886243814374,0.08333385559454637,,,0.97,,0.9700176878243976,0.029982312175602432,0.9969259037618979,0.0998797927580386,5,0.001,0.1,0.9973570447126422,0.9967101913678339,0.9978748800502335,0.9971371848719802,0.9973816321674844,0.9971359434772107,0.9972149702920136,0.9974099524645021,0.9972016856473943,0.997546518883312,1.0,0.9968866990110152
4,11,1.5266469054920657,0.61872,5000,1.9399499849036888,0.5990396158463386,833,1.939711880760071,0.6015,0.9987712750250803,0.08333370342251553,,,0.97,,0.9700176878243976,0.029982312175602432,0.9969259037618979,0.0998797927580386,5,0.001,0.1,0.9975982287462506,0.9968919672811305,0.9977795935661783,0.9968519536280624,0.9975923428081555,0.9976245853317726,0.9974123682535166,0.9969016228281103,0.997308021665898,0.9980000230542,0.9968866990110152,1.0
5,0,1.3935888953269666,0.62648,5000,1.8166678040115922,0.6294964028776978,834,1.8232660849635212,0.6273,0.9985207034577173,0.0833421771544898,,,0.97,,0.9700176878243976,0.029982312175602432,0.9980344187654555,0.09985441226858324,5,0.001,0.1,1.0,0.9959356487687621,0.9973372611184307,0.9965379931771919,0.9966037016166617,0.997123315675949,0.9970854550149542,0.9969322905044817,0.9964751169452601,0.9971366369607254,0.996563493576033,0.9970720585443772
5,1,1.4030384453238955,0.62432,5000,1.8235312082149364,0.6306954436450839,834,1.8232660849635212,0.6273,0.9980934312002447,0.08324785782969676,,,0.97,,0.9700176878243976,0.029982312175602432,0.9980344187654555,0.09985441226858324,5,0.001,0.1,0.9959356487687621,1.0,0.9967488579373388,0.995822555412697,0.9960988989087738,0.9964338766569188,0.9969219781844397,0.996327617241206,0.9966277980286152,0.9966087566212943,0.995920310078983,0.9962439123422964
5,2,1.3948535358829863,0.61344,5000,1.8356694159684357,0.5995203836930456,834,1.8232660849635212,0.6273,0.9988912065262846,0.08336330774418327,,,0.97,,0.9700176878243976,0.029982312175602432,0.9980344187654555,0.09985441226858324,5,0.001,0.1,0.9973372611184307,0.9967488579373388,1.0,0.9970511350124585,0.9969716733659392,0.9977219560181372,0.9971105319531316,0.9972251449822447,0.9970336742229614,0.9979272748036749,0.9970981776006472,0.9970169399562673
5,3,1.3839467168613604,0.62348,5000,1.819169834808067,0.658273381294964,834,1.8232660849635212,0.6273,0.9982918461988041,0.08331495271650291,,,0.97,,0.9700176878243976,0.029982312175602432,0.9980344187654555,0.09985441226858324,5,0.001,0.1,0.9965379931771919,0.995822555412697,0.9970511350124585,1.0,0.9969244222239162,0.9969014142968526,0.9960905530548807,0.996738031371749,0.9966563008939935,0.9965344908663424,0.9967027617797963,0.9961023304617878
5,4,1.3841091631324427,0.64456,5000,1.829424540201823,0.6410564225690276,833,1.8232660849635212,0.6273,0.9985365723684791,0.08335002058831385,,,0.97,,0.9700176878243976,0.029982312175602432,0.9980344187654555,0.09985441226858324,5,0.001,0.1,0.9966037016166617,0.9960988989087738,0.9969716733659392,0.9969244222239162,1.0,0.9971777341942512,0.9971541849090617,0.9965554312722035,0.9965451747223437,0.9978280635987434,0.9966870365283268,0.996446528573574
5,5,1.39236420408176,0.63624,5000,1.8226449048077618,0.6530612244897959,833,1.8232660849635212,0.6273,0.9987392127514417,0.08335587999525723,,,0.97,,0.9700176878243976,0.029982312175602432,0.9980344187654555,0.09985441226858324,5,0.001,0.1,0.997123315675949,0.9964338766569188,0.9977219560181372,0.9969014142968526,0.9971777341942512,1.0,0.997356771962661,0.9970150407553,0.9967831472641957,0.9974997072943983,0.9964685666708999,0.9969396697569992
5,6,1.3818599256740254,0.63908,5000,1.8292347899189703,0.6242496998799519,833,1.8232660849635212,0.6273,0.9987363215479872,0.08333211054554224,,,0.97,,0.9700176878243976,0.029982312175602432,0.9980344187654555,0.09985441226858324,5,0.001,0.1,0.9970854550149542,0.9969219781844397,0.9971105319531316,0.9960905530548807,0.9971541849090617,0.997356771962661,1.0,0.9972676676783271,0.9972986108752112,0.9978366784403513,0.9965428915014464,0.9967230204990928
5,7,1.3860111143179001,0.62532,5000,1.8314079929281164,0.6194477791116446,833,1.8232660849635212,0.6273,0.9985826075650722,0.08333753742472799,,,0.97,,0.9700176878243976,0.029982312175602432,0.9980344187654555,0.09985441226858324,5,0.001,0.1,0.9969322905044817,0.996327617241206,0.9972251449822447,0.996738031371749,0.9965554312722035,0.9970150407553,0.9972676676783271,1.0,0.9971696055502081,0.9969298617354295,0.996947460852944,0.9964376719256406
5,8,1.381343357122628,0.6398,5000,1.8300079239739313,0.6122448979591837,833,1.8232660849635212,0.6273,0.9985380833869167,0.08333954109701953,,,0.97,,0.9700176878243976,0.029982312175602432,0.9980344187654555,0.09985441226858324,5,0.001,0.1,0.9964751169452601,0.9966277980286152,0.9970336742229614,0.9966563008939935,0.9965451747223437,0.9967831472641957,0.9972986108752112,0.9971696055502081,1.0,0.997476199436703,0.9964821277245136,0.996464822940478
5,9,1.3889982858281227,0.63844,5000,1.8470887696301495,0.6074429771908764,833,1.8232660849635212,0.6273,0.9989244290471553,0.08336272676601288,,,0.97,,0.9700176878243976,0.029982312175602432,0.9980344187654555,0.09985441226858324,5,0.001,0.1,0.9971366369607254,0.9966087566212943,0.9979272748036749,0.9965344908663424,0.9978280635987434,0.9974997072943983,0.9978366784403513,0.9969298617354295,0.997476199436703,1.0,0.9968507969614202,0.9970119129612836
5,10,1.377349577436022,0.63268,5000,1.8257307785528678,0.6182472989195679,833,1.8232660849635212,0.6273,0.9983295833672708,0.08332672804654527,,,0.97,,0.9700176878243976,0.029982312175602432,0.9980344187654555,0.09985441226858324,5,0.001,0.1,0.996563493576033,0.995920310078983,0.9970981776006472,0.9967027617797963,0.9966870365283268,0.9964685666708999,0.9965428915014464,0.996947460852944,0.9964821277245136,0.9968507969614202,1.0,0.9962501701316491
5,11,1.3995776537117686,0.63976,5000,1.8233242564731174,0.6338535414165666,833,1.8232660849635212,0.6273,0.9983458604880192,0.08332716009170828,,,0.97,,0.9700176878243976,0.029982312175602432,0.9980344187654555,0.09985441226858324,5,0.001,0.1,0.9970720585443772,0.9962439123422964,0.9970169399562673,0.9961023304617878,0.996446528573574,0.9969396697569992,0.9967230204990928,0.9964376719256406,0.996464822940478,0.9970119129612836,0.9962501701316491,1.0
6,0,1.2890587979820882,0.64136,5000,1.6881544678299516,0.6486810551558753,834,1.6969481782791334,0.643,0.9984142031719354,0.08334100331470289,,,0.97,,0.9700176878243976,0.029982312175602432,0.9977076994142628,0.09983445721667662,5,0.001,0.1,1.0,0.9950517232542694,0.9972885738637394,0.9964163045388744,0.99632841764937,0.9968598650336093,0.9964464522749981,0.997061528677488,0.9960495311385998,0.9968397079421207,0.9963054104438213,0.9964888149121625
6,1,1.2987788876910118,0.63984,5000,1.6983859715638336,0.6486810551558753,834,1.6969481782791334,0.643,0.997536237808902,0.08325481800603618,,,0.97,,0.9700176878243976,0.029982312175602432,0.9977076994142628,0.09983445721667662,5,0.001,0.1,0.9950517232542694,1.0,0.9960217997706065,0.9949332223405762,0.9952949631632119,0.9956360881012616,0.9965141623590354,0.9952645159732412,0.9956216401265761,0.9958558604095692,0.995059637483728,0.9953711287230226
6,2,1.2898091483268008,0.63084,5000,1.7124561292153817,0.6163069544364509,834,1.6969481782791334,0.643,0.9988464897324334,0.08336791629468983,,,0.97,,0.9700176878243976,0.029982312175602432,0.9977076994142628,0.09983445721667662,5,0.001,0.1,0.9972885738637394,0.9960217997706065,1.0,0.9972144447927335,0.9971753381806193,0.9975237732449702,0.9967178117428552,0.9966186525783468,0.9964634867427934,0.9977377374518954,0.9971059006205054,0.9964475364871623
6,3,1.2789076334351948,0.64104,5000,1.6917382964381464,0.6714628297362111,834,1.6969481782791334,0.643,0.99831245182157,0.08332102226350238,,,0.97,,0.9700176878243976,0.029982312175602432,0.9977076994142628,0.09983445721667662,5,0.001,0.1,0.9964163045388744,0.9949332223405762,0.9972144447927335,1.0,0.9969953406155561,0.9968309277866801,0.9954445253910932,0.9966749808341919,0.9964547473559524,0.9967603408079914,0.9965252207768265,0.9956681893291173
6,4,1.279518343992294,0.65652,5000,1.7028225748627275,0.6506602641056423,833,1.6969481782791334,0.643,0.9984691076007868,0.08334758590928208,,,0.97,,0.9700176878243976,0.029982312175602432,0.9977076994142628,0.09983445721667662,5,0.001,0.1,0.99632841764937,0.9952949631632119,0.9971753381806193,0.9969953406155561,1.0,0.9971625508722524,0.9963855402089216,0.9962652269697971,0.9961828861274894,0.9974900792717625,0.9963688090479188,0.996144710563302
6,5,1.2860434139610095,0.65004,5000,1.6968147269001714,0.6638655462184874,833,1.6969481782791334,0.643,0.9986263581924202,0.08335625531372066,,,0.97,,0.9700176878243976,0.029982312175602432,0.9977076994142628,0.09983445721667662,5,0.001,0.1,0.9968598650336093,0.9956360881012616,0.9975237732449702,0.9968309277866801,0.9971625508722524,1.0,0.9966160947308651,0.9965975878903716,0.9965534212726215,0.9973511365232706,0.9963579806861893,0.9961882625196268
6,6,1.275576313969436,0.65596,5000,1.7051133844587538,0.6362545018007203,833,1.6969481782791334,0.643,0.9983128124409787,0.08333155673556596,,,0.97,,0.9700176878243976,0.029982312175602432,0.9977076994142628,0.09983445721667662,5,0.001,0.1,0.9964464522749981,0.9965141623590354,0.9967178117428552,0.9954445253910932,0.9963855402089216,0.9966160947308651,1.0,0.9964549764998599,0.9962336887059291,0.9971390167228757,0.995757155557445,0.9962140534397257
6,7,1.281229045056993,0.64172,5000,1.7067117072917797,0.6386554621848739,833,1.6969481782791334,0.643,0.9983663001918874,0.08333661153772523,,,0.97,,0.9700176878243976,0.029982312175602432,0.9977076994142628,0.09983445721667662,5,0.001,0.1,0.997061528677488,0.9952645159732412,0.9966186525783468,0.9966749808341919,0.9962652269697971,0.9965975878903716,0.9964549764998599,1.0,0.9969340977122997,0.9964803508850377,0.996401747438679,0.9958095619673041
6,8,1.2750690700142246,0.65728,5000,1.7066268037866663,0.6278511404561825,833,1.6969481782791334,0.643,0.998276309960368,0.08333493561031984,,,0.97,,0.9700176878243976,0.029982312175602432,0.9977076994142628,0.09983445721667662,5,0.001,0.1,0.9960495311385998,0.9956216401265761,0.9964634867427934,0.9964547473559524,0.9961828861274894,0.9965534212726215,0.9962336887059291,0.9969340977122997,1.0,0.9967821406417757,0.9962319230090685,0.9959778949591912
6,9,1.281832150365137,0.65384,5000,1.725251069775334,0.6218487394957983,833,1.6969481782791334,0.643,0.998801585161919,0.08336611051963477,,,0.97,,0.9700176878243976,0.029982312175602432,0.9977076994142628,0.09983445721667662,5,0.001,0.1,0.9968397079421207,0.9958558604095692,0.9977377374518954,0.9967603408079914,0.9974900792717625,0.9973511365232706,0.9971390167228757,0.9964803508850377,0.9967821406417757,1.0,0.9968367663621006,0.9965037044862406
6,10,1.2719584246349942,0.64848,5000,1.7012872872529206,0.6350540216086434,833,1.6969481782791334,0.643,0.9981759852742518,0.08332383905956511,,,0.97,,0.9700176878243976,0.029982312175602432,0.9977076994142628,0.09983445721667662,5,0.001,0.1,0.9963054104438213,0.995059637483728,0.9971059006205054,0.9965252207768265,0.9963688090479188,0.9963579806861893,0.995757155557445,0.996401747438679,0.9962319230090685,0.9968367663621006,1.0,0.9953327309223414
6,11,1.296460339521906,0.6532,5000,1.69708666978059,0.6566626650660264,833,1.6969481782791334,0.643,0.997997583191057,0.08331834543525503,,,0.97,,0.9700176878243976,0.029982312175602432,0.9977076994142628,0.09983445721667662,5,0.001,0.1,0.9964888149121625,0.9953711287230226,0.9964475364871623,0.9956681893291173,0.996144710563302,0.9961882625196268,0.9962140534397257,0.9958095619673041,0.9959778949591912,0.9965037044862406,0.9953327309223414,1.0
7,0,1.1998875176071362,0.65644,5000,1.5550152769795171,0.6654676258992805,834,1.5657140953472246,0.6582,0.9981377561321361,0.0833381472064264,,,0.97,,0.9700176878243976,0.029982312175602432,0.9977082916059898,0.09981342932537812,5,0.001,0.1,1.0,0.9947863107487461,0.9965796613219053,0.9956932294276816,0.995562137928238,0.9962473330741654,0.9962117551291875,0.9962445846093247,0.9955523491087755,0.9965497814361522,0.9958977340055283,0.9959814023814946
7,1,1.210679873843102,0.65132,5000,1.5684958166546292,0.658273381294964,834,1.5657140953472246,0.6582,0.9974604810666668,0.08326342240507306,,,0.97,,0.9700176878243976,0.029982312175602432,0.9977082916059898,0.09981342932537812,5,0.001,0.1,0.9947863107487461,1.0,0.9959355197219982,0.9950430250629206,0.9947904505066008,0.9951847737877355,0.9959405248165084,0.9946020241666873,0.9953293899081733,0.9957477074980622,0.9949249987153297,0.9949154794893525
7,2,1.201918630994809,0.64548,5000,1.5844667973341766,0.6223021582733813,834,1.5657140953472246,0.6582,0.9985811494639792,0.08336896752725825,,,0.97,,0.9700176878243976,0.029982312175602432,0.9977082916059898,0.09981342932537812,5,0.001,0.1,0.9965796613219053,0.9959355197219982,1.0,0.9968136812865508,0.9963744024998934,0.9969883267828594,0.9964100640935974,0.995771961310259,0.9960573633294155,0.9973826925261261,0.9963002526242101,0.996002684328689
