round,client_id,client_i_training_loss,client_i_training_accuracy,client_i_training_dataset_size,client_i_evaluation_loss,client_i_evaluation_accuracy,client_i_evaluation_dataset_size,client_i_central_evaluation_loss,client_i_central_evaluation_accuracy,client_i_cosine_similarity,client_i_importance_coefficient,client_i_tanh_val,tanh_normalization_value,client_i_q,client_i_mask_order,client_i_v_nonzero_fraction,client_i_v_sparsity,client_i_v_cosine_similarity,client_i_reward_gradient_norm,local_epochs,learning_rate,gamma,client_0_cosine_similarity,client_1_cosine_similarity,client_2_cosine_similarity,client_3_cosine_similarity,client_4_cosine_similarity,client_5_cosine_similarity,client_6_cosine_similarity,client_7_cosine_similarity,client_8_cosine_similarity,client_9_cosine_similarity,client_10_cosine_similarity,client_11_cosine_similarity
0,0,2.2989680124051644,0.13522918166546677,4167,2.2989164761134555,0.10431654676258993,834,2.2990533249287664,0.1,0.9546916392597815,0.08406144006967209,,,0.8780488498507215,,0.8780924559753098,0.12190754402469017,0,0.141956548792176,10,0.025,0.15,1.0,0.9020661716128304,0.8673909259137234,0.893327869317783,0.8726286231423277,0.8867618254462545,0.8639713479375821,0.9129694154713976,0.8683105301002121,0.9432644190883778,0.9210254303967623,0.9107760297438496
0,1,2.298622423952276,0.11067914566834654,4167,2.2998295511518205,0.10431654676258993,834,2.299054725260674,0.1,0.9506663012994981,0.08370700551531599,,,0.8581716724881052,,0.8582050139459656,0.1417949860540344,0,0.14194951166119069,10,0.025,0.15,0.9020661716128304,1.0,0.820551667116842,0.8596141633448074,0.9381999177559418,0.9038852689689001,0.8466393392002354,0.9391854498188319,0.895209908851899,0.9020153414656245,0.8888367637745982,0.9005626575774556
0,2,2.297835024920377,0.11279097672186225,4167,2.301706688744681,0.0803357314148681,834,2.299079608313645,0.1,0.9186348701816506,0.08088660978068225,,,0.7,,0.7000132032810154,0.29998679671898465,0,0.14175681833231504,10,0.025,0.15,0.8673909259137234,0.820551667116842,1.0,0.8978499878040253,0.773931506197963,0.8673603137139475,0.9205152546807666,0.7802925856122364,0.8531816974308432,0.8734933256599196,0.8892559156626546,0.8891702546947436
0,3,2.2992102348443235,0.10544756419486441,4167,2.2990530899592807,0.09952038369304557,834,2.2990548731405522,0.1,0.949205773516622,0.08357840475708003,,,0.8509595650651515,,0.8510092257926095,0.1489907742073905,0,0.14194764782910435,10,0.025,0.15,0.893327869317783,0.8596141633448074,0.8978499878040253,1.0,0.8483914145783906,0.8701105782147335,0.880277622544411,0.8535345763181096,0.91079019159811,0.9141555774459598,0.9355627254153448,0.9165876874844383
0,4,2.2982565569155144,0.11291096712263018,4167,2.2980713844299316,0.11284513805522209,833,2.2990655959406987,0.1,0.9292581678105376,0.08182200049769468,,,0.7524579981180965,,0.7525044973675958,0.24749550263240416,0,0.14185856663466406,10,0.025,0.15,0.8726286231423277,0.9381999177559418,0.773931506197963,0.8483914145783906,1.0,0.8622407355938323,0.8325116646053853,0.9257286368555645,0.8774874039771188,0.8949418704674336,0.8517956429141276,0.8757745386939846
0,5,2.2975552327705153,0.13112550995920327,4167,2.299929755074637,0.09483793517406963,833,2.299055174936222,0.1,0.9472300856810865,0.08340444370227072,,,0.8412035898134881,,0.8412387978412635,0.15876120215873646,0,0.14194432706554438,10,0.025,0.15,0.8867618254462545,0.9038852689689001,0.8673603137139475,0.8701105782147335,0.8622407355938323,1.0,0.8225709852622257,0.8723095214353891,0.9174020975845457,0.9202813391356478,0.8922915155834079,0.9425509106220541
0,6,2.2991313392465766,0.10304775617950564,4167,2.3002840110233853,0.09963985594237695,833,2.2990728269649456,0.1,0.9197747523234246,0.08098697740768014,,,0.7056287545860935,,0.7056741100163391,0.29432588998366094,0,0.141791014353181,10,0.025,0.15,0.8639713479375821,0.8466393392002354,0.9205152546807666,0.880277622544411,0.8325116646053853,0.8225709852622257,1.0,0.8274878997468419,0.8778562701917686,0.8548523030692086,0.8695289301802878,0.8497137175245115
0,7,2.299127151749351,0.11732661387089033,4167,2.298903397151402,0.10684273709483794,833,2.2990573750266545,0.1,0.9409362480072331,0.08285026574923127,,,0.8101245278889853,,0.8101698272020598,0.18983017279794023,0,0.14192550752904898,10,0.025,0.15,0.9129694154713976,0.9391854498188319,0.7802925856122364,0.8535345763181096,0.9257286368555645,0.8723095214353891,0.8274878997468419,1.0,0.883984780075802,0.9233949170944159,0.8899421922173603,0.8774379137872019
0,8,2.2991103042255747,0.10871339414306289,4166,2.2980756078447615,0.10324129651860744,833,2.2990543932854375,0.1,0.9519680779531239,0.08382162809673684,,,0.8645998645271187,,0.8646333613903054,0.13536663860969456,0,0.14195116628728055,10,0.025,0.15,0.8683105301002121,0.895209908851899,0.8531816974308432,0.91079019159811,0.8774874039771188,0.9174020975845457,0.8778562701917686,0.883984780075802,1.0,0.9094596064082562,0.9076712680132303,0.9102298256861299
0,9,2.2990745732278537,0.12220355256841095,4166,2.299652235848563,0.09003601440576231,833,2.299052600619159,0.1,0.9692625056596008,0.08534441769539142,,,0.9499999999439186,,0.9500173293063326,0.04998267069366735,0,0.1419627282849816,10,0.025,0.15,0.9432644190883778,0.9020153414656245,0.8734933256599196,0.9141555774459598,0.8949418704674336,0.9202813391356478,0.8548523030692086,0.9233949170944159,0.9094596064082562,1.0,0.923547774227866,0.9485881820676773
0,10,2.299602423292218,0.1314930388862218,4166,2.2984227452959334,0.11044417767106843,833,2.2990527967863446,0.1,0.9604343787290582,0.08456709334019474,,,0.9064065808299293,,0.9064630060570051,0.09353699394299486,0,0.14196033455371643,10,0.025,0.15,0.9210254303967623,0.8888367637745982,0.8892559156626546,0.9355627254153448,0.8517956429141276,0.8922915155834079,0.8695289301802878,0.8899421922173603,0.9076712680132303,0.923547774227866,1.0,0.9382800861129486
0,11,2.2981796662012735,0.12875660105616898,4166,2.2981981890542165,0.0936374549819928,833,2.2990526458885094,0.1,0.9650069627005803,0.08496971338804984,,,0.9289860669511394,,0.9290323645425889,0.07096763545741114,0,0.1419619422172704,10,0.025,0.15,0.9107760297438496,0.9005626575774556,0.8891702546947436,0.9165876874844383,0.8757745386939846,0.9425509106220541,0.8497137175245115,0.8774379137872019,0.9102298256861299,0.9485881820676773,0.9382800861129486,1.0
1,0,2.227783312580802,0.18149748020158388,4167,2.2894982269832065,0.13189448441247004,834,2.2901595121697533,0.1209,0.9897009722551353,0.08379754975224969,,,0.8783474979515152,,0.8783895297981549,0.12161047020184512,0.7528440278348035,0.14837918840499822,10,0.025,0.15,1.0,0.9767422031164189,0.9711812940775391,0.9806405536577625,0.9763177004816841,0.976202812149434,0.9739299438903118,0.9781506139907004,0.973252937395759,0.9805764130902734,0.9805112499987849,0.9802650010897865
1,1,2.231175473242095,0.17165826733861292,4167,2.290306465966361,0.13069544364508393,834,2.2901658166812946,0.1209,0.9892160865809454,0.08356369694250154,,,0.8581125152415445,,0.858138997540889,0.14186100245911104,0.7524824141969343,0.14836077899188238,10,0.025,0.15,0.9767422031164189,1.0,0.9703495835997465,0.9762191584512147,0.9790637270666959,0.9762759120881269,0.9724935136607686,0.9822739958978044,0.9779469165529395,0.9757306541161568,0.9762571109201466,0.9789607574570379
1,2,2.2284280618031818,0.18216942644588432,4167,2.2924508026668002,0.10551558752997602,834,2.290225867983661,0.1219,0.9863945268365996,0.0817364131500937,,,0.7,,0.7000132032810154,0.29998679671898465,0.7503756898984163,0.14819976640873986,10,0.025,0.15,0.9711812940775391,0.9703495835997465,1.0,0.9760800948999222,0.9684959424342711,0.9783522041222125,0.9789749081413902,0.9663402618959072,0.9763640888409956,0.9753186612404804,0.9770468927930719,0.9714205602454432
1,3,2.2351173133561106,0.17664986801055915,4167,2.2910848004477367,0.1079136690647482,834,2.2901655782627155,0.1209,0.9910517160028216,0.08354400869945292,,,0.8564089169050195,,0.8564473271607994,0.1435526728392006,0.7524401521417059,0.14836049421109543,10,0.025,0.15,0.9806405536577625,0.9762191584512147,0.9760800948999222,1.0,0.9771554626629583,0.9736186528678936,0.9806671091668164,0.9757824130144854,0.981254562785619,0.9814719372588145,0.9824465789852858,0.9788508223179556
1,4,2.2335236708323163,0.16822654187664987,4167,2.2902675015585765,0.13565426170468187,833,2.2901976712142367,0.1222,0.9888139737391676,0.08239049718406391,,,0.7565970497960196,,0.7566387747355218,0.24336122526447823,0.7514083669926037,0.1482973226345638,10,0.025,0.15,0.9763177004816841,0.9790637270666959,0.9684959424342711,0.9771554626629583,1.0,0.9744542677892001,0.9757934960106129,0.9765808737738889,0.977016154984993,0.9794799321395637,0.9771361088027317,0.9764787873469227
1,5,2.2331870396931968,0.18012958963282938,4167,2.2912560871669223,0.11524609843937575,833,2.29016730151599,0.1209,0.9871435257632475,0.08331034027073662,,,0.8361898884484775,,0.8362380551567065,0.16376194484329354,0.7523582351581576,0.14835663889141426,10,0.025,0.15,0.976202812149434,0.9762759120881269,0.9783522041222125,0.9736186528678936,0.9744542677892001,1.0,0.9698848865280224,0.9693236291692948,0.9733248722680219,0.9734366774788321,0.9744986520243791,0.9785560259871781
1,6,2.2443731676448477,0.16801055915526758,4167,2.29131065096174,0.11764705882352941,833,2.290221588521064,0.122,0.9879082419204119,0.0818472213711563,,,0.7095880927825461,,0.7096350943209387,0.29036490567906126,0.7505343206640873,0.14822636463837138,10,0.025,0.15,0.9739299438903118,0.9724935136607686,0.9789749081413902,0.9806671091668164,0.9757934960106129,0.9698848865280224,1.0,0.9699135415152029,0.9780749855845663,0.9770344935165598,0.9774027575125667,0.9737098732280253
1,7,2.231854575691801,0.17446604271658267,4167,2.2900430134364536,0.12364945978391356,833,2.2901734279680857,0.1209,0.9882871164543053,0.0830063022842656,,,0.8098818727096838,,0.8099222656830223,0.19007773431697772,0.7524636089150566,0.1483261122581223,10,0.025,0.15,0.9781506139907004,0.9822739958978044,0.9663402618959072,0.9757824130144854,0.9765808737738889,0.9693236291692948,0.9699135415152029,1.0,0.9792905845486027,0.9800036054518262,0.9766347997793068,0.9768581710018975
1,8,2.2369723211635244,0.17532405184829572,4166,2.289776699883597,0.12004801920768307,833,2.290164944491809,0.1209,0.9901161324980121,0.08366339988334487,,,0.8667396824167891,,0.8667871466059316,0.1332128533940684,0.7525675078758512,0.1483620870951423,10,0.025,0.15,0.973252937395759,0.9779469165529395,0.9763640888409956,0.981254562785619,0.977016154984993,0.9733248722680219,0.9780749855845663,0.9792905845486027,1.0,0.9791024245305128,0.9806446494307087,0.9768870810169911
1,9,2.2325274828708532,0.17738838214114258,4166,2.289638110569545,0.12244897959183673,833,2.2901588602911067,0.1209,0.9908875326832407,0.08462562750005186,,,0.9499999999134713,,0.9500173293063326,0.04998267069366735,0.7526771555155587,0.14838324576087433,10,0.025,0.15,0.9805764130902734,0.9757306541161568,0.9753186612404804,0.9814719372588145,0.9794799321395637,0.9734366774788321,0.9770344935165598,0.9800036054518262,0.9791024245305128,1.0,0.9786426349018714,0.9810195314853378
1,10,2.2368284810673105,0.18022083533365338,4166,2.2897917202540805,0.12364945978391356,833,2.2901603571976286,0.1209,0.99079515127364,0.08414421104377609,,,0.9083436534298578,,0.9084022379561321,0.09159776204386794,0.7525291940221996,0.14838194887655842,10,0.025,0.15,0.9805112499987849,0.9762571109201466,0.9770468927930719,0.9824465789852858,0.9771361088027317,0.9744986520243791,0.9774027575125667,0.9766347997793068,0.9806446494307087,0.9786426349018714,1.0,0.9797083410979228
1,11,2.231397776892691,0.17930868939030245,4166,2.289127826690674,0.12004801920768307,833,2.2901594518106196,0.1209,0.990138172408736,0.08437073191830695,,,0.9279442132200769,,0.9279761020613623,0.07202389793863773,0.7526188699141987,0.14838273714468556,10,0.025,0.15,0.9802650010897865,0.9789607574570379,0.9714205602454432,0.9788508223179556,0.9764787873469227,0.9785560259871781,0.9737098732280253,0.9768581710018975,0.9768870810169911,0.9810195314853378,0.9797083410979228,1.0
2,0,2.1281511281475876,0.22836573074154068,4167,2.2752348354884555,0.16906474820143885,834,2.2765516842467877,0.1625,0.986315497457805,0.08360580511571368,,,0.871549265146664,,0.8715815880246242,0.12841841197537585,0.9298116549833728,0.14798834266444819,10,0.025,0.15,1.0,0.9706098619044181,0.9681631072210396,0.9725425519616216,0.9678667698581674,0.9703116662284066,0.9704514494729475,0.9704200429664566,0.9669065868015057,0.9751789381229571,0.974856464927635,0.9712070391637221
2,1,2.1302538214307845,0.2245980321574274,4167,2.275660991668701,0.17026378896882494,834,2.2765625217292884,0.1625,0.9873442698828788,0.08349509358271763,,,0.857406580840145,,0.857445825287584,0.14255417471241605,0.9299128150730083,0.14798470097659183,10,0.025,0.15,0.9706098619044181,1.0,0.9669021898293859,0.9721321073865247,0.9751633754934054,0.9694023246976976,0.9706395913051167,0.9741009315464321,0.9723702960123712,0.9721181959122182,0.9722606231701002,0.9751579309157359
2,2,2.1234646034963203,0.23294936405087593,4167,2.278742892401559,0.15467625899280577,834,2.2767071180705782,0.1637,0.9840604064048035,0.08226288592745333,,,0.7,,0.7000132032810154,0.29998679671898465,0.9282361999680746,0.14776716495654457,10,0.025,0.15,0.9681631072210396,0.9669021898293859,1.0,0.9690755609647279,0.9662362234254047,0.9703930918324206,0.9715500302926988,0.9637579805448097,0.969594754045902,0.971730664836337,0.9707123553741458,0.9646425451161919
2,3,2.1331056190259527,0.22529397648188146,4167,2.278977632522583,0.14268585131894485,834,2.2765618215633343,0.1624,0.9880512852768687,0.0835058889869072,,,0.8587856241004324,,0.8588321697941939,0.14116783020580614,0.9299015601167869,0.1479851596898426,10,0.025,0.15,0.9725425519616216,0.9721321073865247,0.9690755609647279,1.0,0.9702763837140268,0.9683380286530101,0.9752519136737506,0.9697488875570354,0.974848804761929,0.9768094773209672,0.9763252952873381,0.973821693487238
2,4,2.132976268638264,0.22548596112311015,4167,2.2781595502580916,0.17046818727490998,833,2.2766290133512475,0.1638,0.9864686438784058,0.08274393180530754,,,0.761450508391814,,0.7614909805086564,0.23850901949134362,0.9287432602698611,0.14788871776076892,10,0.025,0.15,0.9678667698581674,0.9751633754934054,0.9662362234254047,0.9702763837140268,1.0,0.9670564868102136,0.9739377117256202,0.9695671128861041,0.9704384342360786,0.9761849770761496,0.9723391871155495,0.9718053650792081
2,5,2.1328534588669283,0.230093592512599,4167,2.277890614100865,0.15726290516206481,833,2.2765685063374193,0.1625,0.9823677746856951,0.08317764800251048,,,0.8168549553330748,,0.8169117525705137,0.18308824742948626,0.9297435716430128,0.1479699083244078,10,0.025,0.15,0.9703116662284066,0.9694023246976976,0.9703930918324206,0.9683380286530101,0.9670564868102136,1.0,0.9627486579846294,0.960641881076972,0.9624312657211549,0.9670567891148261,0.9653313186671529,0.9683753325699098
2,6,2.1469349434881497,0.2197024238060955,4167,2.277476821626936,0.1644657863145258,833,2.276685621165022,0.1638,0.9877137865233079,0.08244961060673525,,,0.7238528734979621,,0.7238946378174976,0.27610536218250237,0.9282863319074749,0.14780544423360564,10,0.025,0.15,0.9704514494729475,0.9706395913051167,0.9715500302926988,0.9752519136737506,0.9739377117256202,0.9627486579846294,1.0,0.9700698417720517,0.9762746328852897,0.9751831405171713,0.9759265405233801,0.9737732004984617
2,7,2.131393271865267,0.22610991120710344,4167,2.2761287689208984,0.16206482593037214,833,2.2765903744516494,0.1625,0.985793074299537,0.08310140409783842,,,0.8071152882460714,,0.8071495766698025,0.19285042333019753,0.9289386891641475,0.14792440162328072,10,0.025,0.15,0.9704200429664566,0.9741009315464321,0.9637579805448097,0.9697488875570354,0.9695671128861041,0.960641881076972,0.9700698417720517,1.0,0.9735962324058917,0.975169936309446,0.9722272851481134,0.9732063432237479
2,8,2.1324300162719956,0.22870859337493998,4166,2.2770859173366,0.16566626650660263,833,2.276561866832685,0.1625,0.9869170461026233,0.08354266474327887,,,0.8634834897917749,,0.8635193345546368,0.1364806654453632,0.9299291138720218,0.14798649878004785,10,0.025,0.15,0.9669065868015057,0.9723702960123712,0.969594754045902,0.974848804761929,0.9704384342360786,0.9624312657211549,0.9762746328852897,0.9735962324058917,1.0,0.9735929029145515,0.9739938999017161,0.9718280522749364
2,9,2.136351764202118,0.22052328372539606,4166,2.274524518421718,0.17286914765906364,833,2.2765459772906724,0.1625,0.9895221741614637,0.08421993189093507,,,0.9499999998722564,,0.9500173293063326,0.04998267069366735,0.9299799461182733,0.14801067207832855,10,0.025,0.15,0.9751789381229571,0.9721181959122182,0.971730664836337,0.9768094773209672,0.9761849770761496,0.9670567891148261,0.9751831405171713,0.975169936309446,0.9735929029145515,1.0,0.9754085267610986,0.9779382398682602
2,10,2.1402600313677933,0.22119539126260201,4166,2.276550258908953,0.16326530612244897,833,2.2765471241142174,0.1624,0.9884291571903959,0.08388790634363764,,,0.90758587760286,,0.9076430492977505,0.09235695070224947,0.9300052963401831,0.14800784656002272,10,0.025,0.15,0.974856464927635,0.9722606231701002,0.9707123553741458,0.9763252952873381,0.9723391871155495,0.9653313186671529,0.9759265405233801,0.9722272851481134,0.9739938999017161,0.9754085267610986,1.0,0.9741761227645197
2,11,2.1251313827254554,0.22921267402784445,4166,2.27554988861084,0.15726290516206481,833,2.2765451926219313,0.1624,0.9878052621902106,0.08400722889696509,,,0.922828564219963,,0.9228763347691902,0.07712366523080982,0.9300025015303338,0.1480092085603946,10,0.025,0.15,0.9712070391637221,0.9751579309157359,0.9646425451161919,0.973821693487238,0.9718053650792081,0.9683753325699098,0.9737732004984617,0.9732063432237479,0.9718280522749364,0.9779382398682602,0.9741761227645197,1.0
3,0,2.0526597926110934,0.26205903527717783,4167,2.255141632897513,0.21103117505995203,834,2.2571467960937115,0.2033,0.9828612496980454,0.08349429794920415,,,0.8660840671686407,,0.8661187305045304,0.13388126949546963,0.9676869711945618,0.147446490703176,10,0.025,0.15,1.0,0.9623324012467313,0.9621808807025892,0.9653630016918524,0.9601901192400368,0.9629135279568951,0.9625267334514689,0.9623346729786075,0.9600940910666441,0.9648915643911935,0.968191421354398,0.963626852568503
3,1,2.0520136721206432,0.2586033117350612,4167,2.2548584938049316,0.21103117505995203,834,2.257165812238862,0.2033,0.9835527600357953,0.0834484490003455,,,0.8576679733304827,,0.8577181429585252,0.14228185704147478,0.9676834336169515,0.1474445954456958,10,0.025,0.15,0.9623324012467313,1.0,0.9593650725540769,0.9627534647304783,0.9660270040099502,0.9609152035155009,0.9632968924743359,0.9660856947341164,0.9652012015338389,0.9634717642662466,0.9641716655780638,0.9692417345778823
3,2,2.0446787068338104,0.26779457643388527,4167,2.259248767580305,0.18944844124700239,834,2.2574224109891095,0.2039,0.9805119866360492,0.08258951004542292,,,0.7,,0.7000132032810154,0.29998679671898465,0.9646320715228418,0.1472236821923212,10,0.025,0.15,0.9621808807025892,0.9593650725540769,1.0,0.9593233092537191,0.9599375558100166,0.9636612849801294,0.9659411644094257,0.9566643454732051,0.9590158872148105,0.9630530244249764,0.9630076759147337,0.9555505379403311
3,3,2.0530648256793165,0.2603311735061195,4167,2.2616175583430698,0.18225419664268586,834,2.257164665415317,0.2033,0.9835079740204277,0.08345365492334364,,,0.8586235794579357,,0.8586671287815022,0.1413328712184978,0.9677017318182604,0.1474448068205294,10,0.025,0.15,0.9653630016918524,0.9627534647304783,0.9593233092537191,1.0,0.9612450401830281,0.9620068925145865,0.9650578586611631,0.9616660827498354,0.9659861015649135,0.9689065681473671,0.9663900873596124,0.9635660128508647
3,4,2.054218156048746,0.2574754019678426,4167,2.2607063906533376,0.21368547418967587,833,2.2572800690614723,0.2033,0.9831900986056807,0.08297324854059594,,,0.7704395469271427,,0.7704857157003515,0.22951428429964849,0.9663648912303254,0.14737045737276522,10,0.025,0.15,0.9601901192400368,0.9660270040099502,0.9599375558100166,0.9612450401830281,1.0,0.9602030508637555,0.9662907909294592,0.9635587158672052,0.9631440657829912,0.9692731055133182,0.9670358468897635,0.9620084482414598
3,5,2.053449306704781,0.26433885289176867,4167,2.2587105887276784,0.1908763505402161,833,2.257198149644876,0.2034,0.979758044035151,0.08312938574764149,,,0.7991002996561566,,0.7991285834529881,0.2008714165470119,0.9671409823139311,0.1473933955351129,10,0.025,0.15,0.9629135279568951,0.9609152035155009,0.9636612849801294,0.9620068925145865,0.9602030508637555,1.0,0.9554819788055009,0.95768885212294,0.9569287558090903,0.9588041661947442,0.9593518377732153,0.9603706450312868
3,6,2.0678779710422863,0.2538756899448044,4167,2.2577902589525496,0.20048019207683074,833,2.2573756628398653,0.2036,0.9839566339453699,0.0828165588682977,,,0.7416773829438956,,0.7417355712894654,0.25826442871053457,0.9653715365567461,0.14730390593519857,10,0.025,0.15,0.9625267334514689,0.9632968924743359,0.9659411644094257,0.9650578586611631,0.9662907909294592,0.9554819788055009,1.0,0.962039655235385,0.9668152403159449,0.9678844218926753,0.9702831371889598,0.9624916499200241
3,7,2.0551973379019537,0.25776337892968565,4167,2.2561978612627303,0.20888355342136855,833,2.2572302667400503,0.2034,0.9825168040334672,0.08317192648230322,,,0.8069091333103585,,0.8069432754039378,0.19305672459606216,0.9669317204575021,0.1473993844039604,10,0.025,0.15,0.9623346729786075,0.9660856947341164,0.9566643454732051,0.9616660827498354,0.9635587158672052,0.95768885212294,0.962039655235385,1.0,0.9628728491274576,0.9659183587774239,0.9641799469535017,0.9677147694295133
3,8,2.0543913635340605,0.2601536245799328,4166,2.2589448179517473,0.20888355342136855,833,2.257164037680324,0.2034,0.9828112589176982,0.08345372065280368,,,0.8586356448447637,,0.858691884933406,0.14130811506659402,0.9676872993731672,0.14744480682116864,10,0.025,0.15,0.9600940910666441,0.9652012015338389,0.9590158872148105,0.9659861015649135,0.9631440657829912,0.9569287558090903,0.9668152403159449,0.9628728491274576,1.0,0.964506846835358,0.9653479945986441,0.9642002761861832
3,9,2.0596793218092486,0.2523283725396063,4166,2.25324399130685,0.2112845138055222,833,2.2571340452266644,0.2034,0.9852718230630356,0.08395145270274926,,,0.9499999998164386,,0.9500173293063326,0.04998267069366735,0.9677059954971445,0.1474626632091697,10,0.025,0.15,0.9648915643911935,0.9634717642662466,0.9630530244249764,0.9689065681473671,0.9692731055133182,0.9588041661947442,0.9678844218926753,0.9659183587774239,0.964506846835358,1.0,0.9680436049760048,0.9681490924308991
3,10,2.0646448825344894,0.25064810369659146,4166,2.257507937295096,0.2184873949579832,833,2.2571359405034706,0.2034,0.9853154377812802,0.08374802781075556,,,0.9126590569452315,,0.9127098083873842,0.08729019161261575,0.9677390414469333,0.14746112504914546,10,0.025,0.15,0.968191421354398,0.9641716655780638,0.9630076759147337,0.9663900873596124,0.9670358468897635,0.9593518377732153,0.9702831371889598,0.9641799469535017,0.9653479945986441,0.9680436049760048,1.0,0.967542223341529
3,11,2.0410310712727635,0.26649063850216037,4166,2.25623665537153,0.1992797118847539,833,2.257132792774635,0.2034,0.9837178189846213,0.08376976727653677,,,0.9166495821058002,,0.9166790447426185,0.08332095525738148,0.9677226221192183,0.1474613455496312,10,0.025,0.15,0.963626852568503,0.9692417345778823,0.9555505379403311,0.9635660128508647,0.9620084482414598,0.9603706450312868,0.9624916499200241,0.9677147694295133,0.9642002761861832,0.9681490924308991,0.967542223341529,1.0
4,0,1.9967138174808388,0.28272138228941684,4167,2.229245662689209,0.2422062350119904,834,2.2318866615053974,0.233,0.9791104362724209,0.08343980931126783,,,0.8696114797679722,,0.8696506081761318,0.13034939182386818,0.982856890429624,0.14682522202808795,10,0.025,0.15,1.0,0.9552744105031077,0.952919199719596,0.9533922416098938,0.9534221741264632,0.9550717530496219,0.9554716483318945,0.9540988071870554,0.9511139447747947,0.9558820615381232,0.9609438496795516,0.9536821927636507
4,1,1.993143912156423,0.28132949364050874,4167,2.2274788788386752,0.2434052757793765,834,2.2319158511825754,0.2331,0.9797884345526389,0.08343352793802318,,,0.8680743965312429,,0.8681157267580993,0.13188427324190066,0.9828419545582507,0.14682496037978665,10,0.025,0.15,0.9552744105031077,1.0,0.9483276863279884,0.9515037564712526,0.9573032141525729,0.9546679101227261,0.9557101249293257,0.9596878917545957,0.9573027659110585,0.953442615246103,0.955951861737144,0.9600792820590497
4,2,1.9865707050670276,0.2886969042476602,4167,2.2340098449162076,0.2158273381294964,834,2.2323791950563843,0.2328,0.9749900286333023,0.08274668288483714,,,0.7,,0.7000132032810154,0.29998679671898465,0.9817130226650158,0.1466379300837164,10,0.025,0.15,0.952919199719596,0.9483276863279884,1.0,0.9460483124070733,0.9512487516773377,0.9559545412108438,0.9569667553141494,0.9469436113254303,0.9475552557477115,0.9520915524995326,0.951937221928887,0.9435286465798648
4,3,1.9948075001890009,0.2837293016558675,4167,2.2390590735844205,0.22422062350119903,834,2.2319168350364587,0.2331,0.9775981643805062,0.08336550909583895,,,0.8514298479538923,,0.8514795926787807,0.1485204073212193,0.9827824308558615,0.1468216596236062,10,0.025,0.15,0.9533922416098938,0.9515037564712526,0.9460483124070733,1.0,0.9509568799378408,0.9541062810847052,0.9547683122564055,0.9515822962418283,0.9556877158575214,0.9582294226229229,0.9548946371164945,0.9522957931424723
4,4,1.9983308358625933,0.2802975761939045,4167,2.238032136644636,0.234093637454982,833,2.2321065769919866,0.2333,0.9796434395823612,0.08313516122351106,,,0.7950625793040297,,0.7951015827433117,0.20489841725668834,0.9825761608846066,0.14678743348103826,10,0.025,0.15,0.9534221741264632,0.9573032141525729,0.9512487516773377,0.9509568799378408,1.0,0.9498855422645117,0.9588799111132298,0.956834013665708,0.955952596074871,0.9612268182806524,0.9601049650172143,0.9519757511635927
4,5,1.9952869144353,0.2916486681065515,4167,2.233719519206456,0.22328931572629052,833,2.2319998016840294,0.2328,0.976984511095692,0.08314516808766065,,,0.7975113086721908,,0.7975441897311482,0.20245581026885184,0.9826359455479788,0.14678899680789864,10,0.025,0.15,0.9550717530496219,0.9546679101227261,0.9559545412108438,0.9541062810847052,0.9498855422645117,1.0,0.9493155146599656,0.9527816494898115,0.9494653782443827,0.9509750000105122,0.9514924617720495,0.9528413023816593
4,6,2.0101220925649006,0.27432205423566114,4167,2.2320993627820696,0.23529411764705882,833,2.2322445700440228,0.2332,0.9802113606092043,0.08305680550935984,,,0.7758885468062338,,0.7759320691191761,0.22406793088082388,0.9823194446985455,0.1467728970394579,10,0.025,0.15,0.9554716483318945,0.9557101249293257,0.9569667553141494,0.9547683122564055,0.9588799111132298,0.9493155146599656,1.0,0.9559528400352326,0.9553582937452813,0.9577812544227299,0.9612948889482582,0.9530949501035652
4,7,1.9949684153903615,0.2785457163426926,4167,2.230251823152815,0.234093637454982,833,2.232024859778489,0.2331,0.9793817733401468,0.0832494242213047,,,0.8230233024845102,,0.823076034394547,0.17692396560545298,0.9826132879657704,0.14681151215655214,10,0.025,0.15,0.9540988071870554,0.9596878917545957,0.9469436113254303,0.9515822962418283,0.956834013665708,0.9527816494898115,0.9559528400352326,1.0,0.9542926185775347,0.957494050635457,0.9552594288664186,0.9596457928646714
4,8,1.9974045500610813,0.2828132501200192,4166,2.2351791518075124,0.22929171668667467,833,2.231914559497109,0.2331,0.9782259872189372,0.08338596888131082,,,0.8564364590962332,,0.8564638312620686,0.1435361687379314,0.9827855412011731,0.14682280602315087,10,0.025,0.15,0.9511139447747947,0.9573027659110585,0.9475552557477115,0.9556877158575214,0.955952596074871,0.9494653782443827,0.9553582937452813,0.9542926185775347,1.0,0.9535475176570638,0.9557346732930547,0.9548757686712115
4,9,2.0017168431571037,0.27479596735477674,4166,2.2258790901729038,0.24489795918367346,833,2.2318656897243065,0.2331,0.9805251691138475,0.08376832131800871,,,0.949999999755295,,0.9500173293063326,0.04998267069366735,0.9829399784776448,0.14683467639556647,10,0.025,0.15,0.9558820615381232,0.953442615246103,0.9520915524995326,0.9582294226229229,0.9612268182806524,0.9509750000105122,0.9577812544227299,0.957494050635457,0.9535475176570638,1.0,0.958415563662563,0.95857914930074
4,10,2.0087451002814554,0.27124339894383104,4166,2.2326202733176097,0.2460984393757503,833,2.2318687227707876,0.2331,0.9812163761073991,0.08366509522036229,,,0.9247400608684713,,0.9247743064151441,0.07522569358485587,0.9829230966965777,0.14683415780026798,10,0.025,0.15,0.9609438496795516,0.955951861737144,0.951937221928887,0.9548946371164945,0.9601049650172143,0.9514924617720495,0.9612948889482582,0.9552594288664186,0.9557346732930547,0.958415563662563,1.0,0.9598506864838736
4,11,1.9798904357534466,0.28924627940470476,4166,2.2311783177512035,0.22448979591836735,833,2.23186471794225,0.2331,0.9790640166500019,0.08360852630851463,,,0.9108973671239055,,0.9109521216022182,0.08904787839778183,0.9829263485352137,0.14683361197341432,10,0.025,0.15,0.9536821927636507,0.9600792820590497,0.9435286465798648,0.9522957931424723,0.9519757511635927,0.9528413023816593,0.9530949501035652,0.9596457928646714,0.9548757686712115,0.95857914930074,0.9598506864838736,1.0
5,0,1.9507719321684405,0.3011759059275258,4167,2.1978154523032054,0.2565947242206235,834,2.2009569874292687,0.257,0.9750627627005551,0.08340376494750937,,,0.95,,0.9500173293063326,0.04998267069366735,0.9892717490190405,0.1462387725161794,10,0.025,0.15,1.0,0.9483352439046298,0.9437981463254883,0.9456901701016713,0.9450493450454337,0.946860287856842,0.947293610396232,0.9463773714930733,0.9424759181630308,0.9457798765746794,0.9495868089229696,0.9460377516388923
5,1,1.9490950898690658,0.2967602591792657,4167,2.1937470776694163,0.2685851318944844,834,2.200998535639123,0.2571,0.9754609539635241,0.08341284812329326,,,0.95,,0.9500173293063326,0.04998267069366735,0.9892721756330805,0.1462387725161794,10,0.025,0.15,0.9483352439046298,1.0,0.93765812048267,0.9419506502583781,0.9487556915788699,0.9456767041527804,0.9451502728125875,0.9528153084217066,0.9492038630032488,0.9430195203257913,0.9477201013271221,0.9516243072296812
5,2,1.9405328916780877,0.3023758099352052,4167,2.2032159055982317,0.24700239808153476,834,2.2015913679629944,0.2577,0.9707680583474902,0.08283488456098366,,,0.95,,0.9500173293063326,0.04998267069366735,0.9882813252298205,0.1462387725161794,10,0.025,0.15,0.9437981463254883,0.93765812048267,1.0,0.9372865347364397,0.9444913542192065,0.9477981885295215,0.947831387961701,0.9390731225394882,0.9377254705545294,0.9453817669631647,0.9425099796558687,0.9340378294877693
5,3,1.9477648893992106,0.30100791936645066,4167,2.211261510848999,0.2565947242206235,834,2.201000304161748,0.2571,0.9742179806832513,0.08333026157681053,,,0.95,,0.9500173293063326,0.04998267069366735,0.9892730053095904,0.1462387725161794,10,0.025,0.15,0.9456901701016713,0.9419506502583781,0.9372865347364397,1.0,0.9445139962699525,0.947740351487771,0.9474781359544376,0.9435991953658524,0.946143298036953,0.950151203534121,0.9472241219382097,0.945618111830905
5,4,1.9537849231199784,0.2954403647708183,4167,2.210090296609061,0.2617046818727491,833,2.201237521594084,0.2577,0.9765830013644033,0.08326473555233527,,,0.95,,0.9500173293063326,0.04998267069366735,0.9891930379842222,0.1462387725161794,10,0.025,0.15,0.9450493450454337,0.9487556915788699,0.9444913542192065,0.9445139962699525,1.0,0.944827134477077,0.9503552447618546,0.9481005369213785,0.9481011552438985,0.9530917149273431,0.9526641226198377,0.9452812420955798
5,5,1.9450408747701935,0.3080153587712983,4167,2.203073399407523,0.24369747899159663,833,2.201103171215782,0.2574,0.9740340166333077,0.08318789761296796,,,0.95,,0.9500173293063326,0.04998267069366735,0.9891972007918314,0.1462387725161794,10,0.025,0.15,0.946860287856842,0.9456767041527804,0.9477981885295215,0.947740351487771,0.944827134477077,1.0,0.9426694725122395,0.9473122257870046,0.9410993745315566,0.9426157816160236,0.9443925812035516,0.9445036489682808
5,6,1.967892784060854,0.29030477561795054,4167,2.200619970049177,0.25090036014405764,833,2.201417080963714,0.2577,0.9758637831467959,0.0831928123370851,,,0.95,,0.9500173293063326,0.04998267069366735,0.9891194249188399,0.1462387725161794,10,0.025,0.15,0.947293610396232,0.9451502728125875,0.947831387961701,0.9474781359544376,0.9503552447618546,0.9426694725122395,1.0,0.946862997270368,0.9429508165637561,0.948588473710804,0.9540401387888487,0.9436877019566137
5,7,1.9514143618670377,0.2958483321334293,4167,2.1985928331102644,0.2617046818727491,833,2.2011381885673424,0.257,0.9753598577488057,0.08329561117584469,,,0.95,,0.9500173293063326,0.04998267069366735,0.9892378882783406,0.1462387725161794,10,0.025,0.15,0.9463773714930733,0.9528153084217066,0.9390731225394882,0.9435991953658524,0.9481005369213785,0.9473122257870046,0.946862997270368,1.0,0.9429105635363514,0.945958670038956,0.9470853781551264,0.9507496132634016
5,8,1.9534205620939082,0.29721555448871817,4166,2.2058345590318953,0.2388955582232893,833,2.200995891909056,0.2571,0.9732680614605359,0.08331198144477384,,,0.95,,0.9500173293063326,0.04998267069366735,0.9892807352837357,0.1462387725161794,10,0.025,0.15,0.9424759181630308,0.9492038630032488,0.9377254705545294,0.946143298036953,0.9481011552438985,0.9410993745315566,0.9429508165637561,0.9429105635363514,1.0,0.942645537167819,0.9474210775789669,0.9456069774196202
5,9,1.9586915099259579,0.28893422947671626,4166,2.192601067679269,0.27611044417767105,833,2.2009300551837003,0.2569,0.9757303669279608,0.08362883135277285,,,0.95,,0.9500173293063326,0.04998267069366735,0.9892857081501624,0.1462387725161794,10,0.025,0.15,0.9457798765746794,0.9430195203257913,0.9453817669631647,0.950151203534121,0.9530917149273431,0.9426157816160236,0.948588473710804,0.945958670038956,0.942645537167819,1.0,0.9489296746368068,0.9487417626211886
5,10,1.9649195555484655,0.28840614498319733,4166,2.2020235742841447,0.2689075630252101,833,2.200934029832671,0.257,0.9774618906277347,0.08362134669428355,,,0.95,,0.9500173293063326,0.04998267069366735,0.9892861384391451,0.1462387725161794,10,0.025,0.15,0.9495868089229696,0.9477201013271221,0.9425099796558687,0.9472241219382097,0.9526641226198377,0.9443925812035516,0.9540401387888487,0.9470853781551264,0.9474210775789669,0.9489296746368068,1.0,0.953624046669049
5,11,1.93128602215738,0.3060729716754681,4166,2.2004966735839844,0.2581032412965186,833,2.200928651833836,0.257,0.9752727097636735,0.08351502462133996,,,0.95,,0.9500173293063326,0.04998267069366735,0.9892797349351395,0.1462387725161794,10,0.025,0.15,0.9460377516388923,0.9516243072296812,0.9340378294877693,0.945618111830905,0.9452812420955798,0.9445036489682808,0.9436877019566137,0.9507496132634016,0.9456069774196202,0.9487417626211886,0.953624046669049,1.0
6,0,1.9116590214498115,0.3112071034317255,4167,2.1614841393062045,0.2733812949640288,834,2.165072552765472,0.2824,0.9707213431955289,0.08338028108270433,,,0.95,,0.9500173293063326,0.04998267069366735,0.9912228664176812,0.14559331135287865,10,0.025,0.15,1.0,0.939442684733585,0.9337005160691866,0.9357862969723487,0.934677837159729,0.9399068853467332,0.9390435815900453,0.9361114872441204,0.9339342357238941,0.9360194748621314,0.9402332340763513,0.9375257528359745
6,1,1.9124139547348022,0.3093832493400528,4167,2.1545658111572266,0.30335731414868106,834,2.1651265138312232,0.2823,0.9717832359427026,0.08342056088230274,,,0.95,,0.9500173293063326,0.04998267069366735,0.9912228664176812,0.14559331135287865,10,0.025,0.15,0.939442684733585,1.0,0.9285565344840229,0.9329585673068086,0.9390451492482098,0.9385523413298743,0.9374407916569878,0.9442540527519651,0.9409727145300995,0.9314321781238262,0.9398630747640924,0.9461974579597218
6,2,1.903046668659557,0.3152387808975282,4167,2.1675990649632046,0.2745803357314149,834,2.165849242029311,0.2821,0.9665638924209782,0.08289194750809337,,,0.95,,0.9500173293063326,0.04998267069366735,0.9912228664176812,0.14559331135287865,10,0.025,0.15,0.9337005160691866,0.9285565344840229,1.0,0.9263902843898463,0.9344646540230565,0.9389811792825014,0.939275244968722,0.9306267438786943,0.9292902323363015,0.9383379748761926,0.9322946081529321,0.9265409040761838
6,3,1.9077467416272018,0.31262299016078715,4167,2.178816931588309,0.2841726618705036,834,2.16512916661516,0.2823,0.9688711410230367,0.08327434188169289,,,0.95,,0.9500173293063326,0.04998267069366735,0.9912228664176812,0.14559331135287865,10,0.025,0.15,0.9357862969723487,0.9329585673068086,0.9263902843898463,1.0,0.9343668889676561,0.9382274657066312,0.9354815680425598,0.9331252164378395,0.9354286520919315,0.9413075397132196,0.9363381526541428,0.9354293749801709
6,4,1.9164027365771208,0.308615310775138,4167,2.1776726245880127,0.2785114045618247,833,2.165412425994873,0.283,0.9714878373382113,0.08331909933830443,,,0.95,,0.9500173293063326,0.04998267069366735,0.9912228664176812,0.14559331135287865,10,0.025,0.15,0.934677837159729,0.9390451492482098,0.9344646540230565,0.9343668889676561,1.0,0.9347013743199062,0.9405378242468652,0.9375608260603706,0.9384459859111914,0.9432330165002305,0.9436255798160247,0.934728495144376
6,5,1.9048947728041448,0.32371010319174465,4167,2.1675332614353726,0.2737094837935174,833,2.1652515236335463,0.2823,0.9704465311877021,0.08323748644345509,,,0.95,,0.9500173293063326,0.04998267069366735,0.9912228664176812,0.14559331135287865,10,0.025,0.15,0.9399068853467332,0.9385523413298743,0.9389811792825014,0.9382274657066312,0.9347013743199062,1.0,0.9326841042148241,0.9398125530126243,0.9349093789980766,0.9335951622864391,0.935281592257095,0.9367359222837432
6,6,1.9296086127107794,0.3025677945764339,4167,2.1641532693590437,0.2857142857142857,833,2.1656331865093374,0.2831,0.9716547393590038,0.08327995614288418,,,0.95,,0.9500173293063326,0.04998267069366735,0.9912228664176812,0.14559331135287865,10,0.025,0.15,0.9390435815900453,0.9374407916569878,0.939275244968722,0.9354815680425598,0.9405378242468652,0.9326841042148241,1.0,0.9384210692432488,0.937552437250792,0.9390905089709061,0.9447053871567155,0.9331880377080853
6,7,1.910420080387231,0.3087832973362131,4167,2.1620924132210866,0.27490996398559425,833,2.1652961079078383,0.2826,0.9708834804528663,0.08331852114861864,,,0.95,,0.9500173293063326,0.04998267069366735,0.9912228664176812,0.14559331135287865,10,0.025,0.15,0.9361114872441204,0.9442540527519651,0.9306267438786943,0.9331252164378395,0.9375608260603706,0.9398125530126243,0.9384210692432488,1.0,0.9332965787450312,0.9355032401371881,0.9371384823953626,0.9424827820601863
6,8,1.9174079515717246,0.3100336053768603,4166,2.1714207444872176,0.2665066026410564,833,2.165122204189059,0.2823,0.9695296717725159,0.08328449634006332,,,0.95,,0.9500173293063326,0.04998267069366735,0.9912228664176812,0.14559331135287865,10,0.025,0.15,0.9339342357238941,0.9409727145300995,0.9292902323363015,0.9354286520919315,0.9384459859111914,0.9349093789980766,0.937552437250792,0.9332965787450312,1.0,0.9298062597643525,0.9402134003075495,0.9387071646223605
6,9,1.917510597633593,0.3043927028324532,4166,2.1540781429835727,0.3097238895558223,833,2.165038872368728,0.2819,0.9706566780405129,0.0835177018710542,,,0.95,,0.9500173293063326,0.04998267069366735,0.9912228664176812,0.14559331135287865,10,0.025,0.15,0.9360194748621314,0.9314321781238262,0.9383379748761926,0.9413075397132196,0.9432330165002305,0.9335951622864391,0.9390905089709061,0.9355032401371881,0.9298062597643525,1.0,0.9388654361616321,0.9382986080949021
