round,client_id,client_i_training_loss,client_i_training_accuracy,client_i_training_dataset_size,client_i_evaluation_loss,client_i_evaluation_accuracy,client_i_evaluation_dataset_size,client_i_central_evaluation_loss,client_i_central_evaluation_accuracy,client_i_cosine_similarity,client_i_importance_coefficient,client_i_tanh_val,tanh_normalization_value,client_i_q,client_i_mask_order,client_i_v_nonzero_fraction,client_i_v_sparsity,client_i_v_cosine_similarity,client_i_reward_gradient_norm,local_epochs,learning_rate,gamma,client_0_cosine_similarity,client_1_cosine_similarity,client_2_cosine_similarity,client_3_cosine_similarity,client_4_cosine_similarity,client_5_cosine_similarity,client_6_cosine_similarity,client_7_cosine_similarity,client_8_cosine_similarity,client_9_cosine_similarity,client_10_cosine_similarity,client_11_cosine_similarity
0,0,0.33076391799766924,0.89792,5000,2.17640452031736,0.43285371702637887,834,2.1811799721215097,0.4127,0.7953818226542837,0.0837729959048845,,,0.8412213436016067,,0.8412378896641735,0.15876211033582655,0,0.395525800127308,5,0.1,0.5,1.0,0.5835977827654557,0.6102688700512874,0.6185393149002081,0.5855098729604693,0.5987776980464166,0.5969555589134431,0.5830203763116274,0.5883735150575075,0.5939865169367702,0.5895842485688549,0.6031305415063551
0,1,0.34302986469831626,0.88984,5000,2.181878593232897,0.42805755395683454,834,2.1815707112272706,0.4106,0.7839941138246722,0.08257359398497953,,,0.6935133462855123,,0.6935244214647859,0.3064755785352141,0,0.39488059556311456,5,0.1,0.5,0.5835977827654557,1.0,0.5826674481132316,0.5905738399914617,0.5892927106015927,0.589172793221286,0.5882988167884272,0.5915990429984844,0.5733279008998615,0.5800673272363435,0.5890107994961135,0.5860153549479784
0,2,0.3438006213183995,0.89084,5000,2.1738586249174894,0.44364508393285373,834,2.181238140922766,0.4123,0.7925837681111935,0.08347829290174354,,,0.8049282631299333,,0.8049395110687214,0.19506048893127859,0,0.3954514688108695,5,0.1,0.5,0.6102688700512874,0.5826674481132316,1.0,0.6073144852918433,0.5809205944252105,0.5998205842538132,0.5883691721527625,0.5875827808910632,0.5980018134519087,0.598684085028926,0.5849463487038993,0.5866020115375248
0,3,0.3276214240723924,0.89612,5000,2.1867954907593905,0.40167865707434053,834,2.181083777461189,0.4126,0.8037682315627193,0.08465628815413222,,,0.9499999998768486,,0.9500025099141609,0.04999749008583909,0,0.39560159137305967,5,0.1,0.5,0.6185393149002081,0.5905738399914617,0.6073144852918433,1.0,0.5905965401812362,0.6212130970803083,0.5990068584436101,0.5981439497604343,0.6116294746657138,0.6022042882833688,0.589351074227083,0.6027960419101048
0,4,0.3455910531009079,0.89084,5000,2.189158316011782,0.4069627851140456,833,2.181527870531661,0.4111,0.7842615990782384,0.08260176666936002,,,0.6969828511443925,,0.696993122835199,0.303006877164801,0,0.39490661996979076,5,0.1,0.5,0.5855098729604693,0.5892927106015927,0.5809205944252105,0.5905965401812362,1.0,0.585710272046284,0.596492039952969,0.5826911901528381,0.5860531079052027,0.5849766015462499,0.576769150963499,0.5871513675636731
0,5,0.32418927807289705,0.89804,5000,2.1856927783400923,0.4009603841536615,833,2.181134034269534,0.413,0.7979170794734763,0.08404001993420326,,,0.8741057203492053,,0.8741177651724311,0.12588223482756888,0,0.39556549283600173,5,0.1,0.5,0.5987776980464166,0.589172793221286,0.5998205842538132,0.6212130970803083,0.585710272046284,1.0,0.6006222099708826,0.602705265452455,0.6007690830135725,0.5998515059445655,0.5853850418420767,0.5917877115899356
0,6,0.34312723901265174,0.89392,5000,2.178063401469478,0.42136854741896757,833,2.1811936107306433,0.4126,0.7945638208171012,0.0836868404728584,,,0.8306111835616042,,0.8306309924200592,0.16936900757994078,0,0.3955081502817261,5,0.1,0.5,0.5969555589134431,0.5882988167884272,0.5883691721527625,0.5990068584436101,0.596492039952969,0.6006222099708826,1.0,0.5937166183202951,0.5914004008643426,0.5975541106609139,0.5835487331630147,0.6080132638793522
0,7,0.3393147129844281,0.8954,5000,2.1856519469508418,0.4057623049219688,833,2.1813213177763235,0.4121,0.7892950842564925,0.08313191473311386,,,0.762271314901637,,0.7622860298177803,0.23771397018221974,0,0.39530540835524886,5,0.1,0.5,0.5830203763116274,0.5915990429984844,0.5875827808910632,0.5981439497604343,0.5826911901528381,0.602705265452455,0.5937166183202951,1.0,0.581271290383309,0.5941015818404556,0.5941682451697233,0.5849534799535582
0,8,0.32453700934839286,0.89748,5000,2.18630991158662,0.39015606242497,833,2.181320232324326,0.4118,0.7897101634367575,0.08317563263749406,,,0.7676552350002197,,0.7676723056071483,0.23232769439285172,0,0.39532802481790025,5,0.1,0.5,0.5883735150575075,0.5733279008998615,0.5980018134519087,0.6116294746657138,0.5860531079052027,0.6007690830135725,0.5914004008643426,0.581271290383309,1.0,0.6007830512707665,0.5791899846382963,0.5870951608990247
0,9,0.36615140886894265,0.88784,5000,2.179451077072709,0.4021608643457383,833,2.1812920349474534,0.412,0.791396149858079,0.08335320789700618,,,0.7895238726271288,,0.7895336579488982,0.21046634205110182,0,0.3954065483855877,5,0.1,0.5,0.5939865169367702,0.5800673272363435,0.598684085028926,0.6022042882833688,0.5849766015462499,0.5998515059445655,0.5975541106609139,0.5941015818404556,0.6007830512707665,1.0,0.5645616340206815,0.5971316611562181
0,10,0.35913563413770905,0.89008,5000,2.1904889742533364,0.4225690276110444,833,2.1818143536869328,0.4104,0.7806394050295821,0.08222026178885851,,,0.65,,0.650002509914161,0.349997490085839,0,0.394444216140864,5,0.1,0.5,0.5895842485688549,0.5890107994961135,0.5849463487038993,0.589351074227083,0.576769150963499,0.5853850418420767,0.5835487331630147,0.5941682451697233,0.5791899846382963,0.5645616340206815,1.0,0.5752573052258834
0,11,0.3355222169499678,0.89392,5000,2.1773556161809853,0.3877551020408163,833,2.181296011891228,0.4121,0.7909781741819644,0.08330918492136583,,,0.7841023825829518,,0.784117263189599,0.21588273681040104,0,0.39538864867122747,5,0.1,0.5,0.6031305415063551,0.5860153549479784,0.5866020115375248,0.6027960419101048,0.5871513675636731,0.5917877115899356,0.6080132638793522,0.5849534799535582,0.5870951608990247,0.5971316611562181,0.5752573052258834,1.0
1,0,0.2952977819819074,0.91148,5000,2.0101406574249268,0.7613908872901679,834,2.0170514301750986,0.7376,0.8075985241699758,0.08350334498355397,,,0.8200244608210523,,0.8200441744892325,0.1799558255107675,0.9614530012092616,0.4054095060293559,5,0.1,0.5,1.0,0.6159345922037031,0.6210102636666396,0.6216251460695374,0.6256535854273065,0.634257818295674,0.6211598587949979,0.6204745264680355,0.6240859946387403,0.6340674722801951,0.6168596035157562,0.623033236265478
1,1,0.299196377886566,0.90884,5000,2.0185243553585477,0.7434052757793765,834,2.0182382359672277,0.7379,0.8042159459271431,0.08259249714141766,,,0.6758112221881494,,0.6758295266301892,0.32417047336981075,0.9596589726355672,0.40452722607626257,5,0.1,0.5,0.6159345922037031,1.0,0.620324458018484,0.6274977366874749,0.6259283146125002,0.6298528695672246,0.6204831008225233,0.6166395883129169,0.6246541420753606,0.6244515932551505,0.612481643142445,0.6124024050580191
1,2,0.3081283839692356,0.90636,5000,2.007720563146803,0.7685851318944844,834,2.017176871863417,0.7377,0.8082798015410023,0.08333217897847497,,,0.7929239915720914,,0.792932081722805,0.20706791827719495,0.9612451766863049,0.40533176112959796,5,0.1,0.5,0.6210102636666396,0.620324458018484,1.0,0.6223893789589446,0.630894641521272,0.6288112912797864,0.6222849640760908,0.6289135187495716,0.6280771504594004,0.6264075025240644,0.6212270962382417,0.6159943396756633
1,3,0.2936441072636539,0.90912,5000,2.024653258147063,0.7398081534772182,834,2.0168619094946134,0.7374,0.8144033880434249,0.08432426780846045,,,0.9499999998416714,,0.9500025099141609,0.04999749008583909,0.9618027825896582,0.40553873746952107,5,0.1,0.5,0.6216251460695374,0.6274977366874749,0.6223893789589446,1.0,0.6417323008156083,0.6369104136847513,0.6281045760665557,0.624963987667114,0.6336217934710422,0.632333186064222,0.6274807760972945,0.6240875264636417
1,4,0.2971615707454313,0.90972,5000,2.0247207659262196,0.7442977190876351,833,2.0177364318896407,0.738,0.8144445485092747,0.08296711712911183,,,0.7351242700790938,,0.7351438180814216,0.2648561819185784,0.9600609011481268,0.40505475120612816,5,0.1,0.5,0.6256535854273065,0.6259283146125002,0.630894641521272,0.6417323008156083,1.0,0.6377147573528371,0.627718754806057,0.6269182672798401,0.6281706063218259,0.6504916042840777,0.6206596419114916,0.6139382944390943
1,5,0.2834169024281251,0.9128,5000,2.027089141033314,0.7394957983193278,833,2.0169628348213413,0.7376,0.8180145209295836,0.08404243097095444,,,0.9053771756743905,,0.9054013352743336,0.09459866472566636,0.9617030937257768,0.4055244606968788,5,0.1,0.5,0.634257818295674,0.6298528695672246,0.6288112912797864,0.6369104136847513,0.6377147573528371,1.0,0.6297712902834982,0.6331442908228925,0.6377619638857155,0.6403762769471625,0.6275552235547787,0.6223503346212071
1,6,0.3017336686301953,0.90768,5000,2.014137374030219,0.7166866746698679,833,2.0170644814975724,0.7377,0.8107501432648483,0.08355606054027802,,,0.8283708396670311,,0.8283821093318608,0.17161789066813915,0.961432048218301,0.4054281194068177,5,0.1,0.5,0.6211598587949979,0.6204831008225233,0.6222849640760908,0.6281045760665557,0.627718754806057,0.6297712902834982,1.0,0.6282409744952835,0.6313184060828287,0.6352234426140471,0.6268115173322945,0.618267809058953
1,7,0.2996798993711164,0.9098,5000,2.022471485314546,0.7178871548619448,833,2.017328287465885,0.7386,0.811601329075008,0.08321873173552377,,,0.7749620515387324,,0.7749711359871493,0.22502886401285072,0.9609897228113615,0.4052647474046825,5,0.1,0.5,0.6204745264680355,0.6166395883129169,0.6289135187495716,0.624963987667114,0.6269182672798401,0.6331442908228925,0.6282409744952835,1.0,0.6383378920591052,0.6345913461840758,0.626009008196096,0.621886493008147
1,8,0.2888173753407541,0.911,5000,2.0264513271826283,0.7322929171668667,833,2.0172686333092638,0.738,0.8163806409319742,0.08341397726633934,,,0.805874997724644,,0.805893278449877,0.19410672155012298,0.9611168168841288,0.40537187033481065,5,0.1,0.5,0.6240859946387403,0.6246541420753606,0.6280771504594004,0.6336217934710422,0.6281706063218259,0.6377619638857155,0.6313184060828287,0.6383378920591052,1.0,0.6400298003572038,0.636546937338203,0.6238592918236286
1,9,0.3206950108621531,0.90424,5000,2.0128055899231523,0.7250900360144058,833,2.0171940121026086,0.7376,0.8180860179890311,0.08359075453322168,,,0.8338638900449926,,0.8338738015159881,0.1661261984840119,0.9612708626868066,0.4054394868822036,5,0.1,0.5,0.6340674722801951,0.6244515932551505,0.6264075025240644,0.632333186064222,0.6504916042840777,0.6403762769471625,0.6352234426140471,0.6345913461840758,0.6400298003572038,1.0,0.6215538289243681,0.6226856785554803
1,10,0.3194677004341487,0.90452,5000,2.0250501014568187,0.7563025210084033,833,2.018767247565638,0.7374,0.8062451451232627,0.08242947399419591,,,0.65,,0.650002509914161,0.349997490085839,0.9588090634962956,0.4041958591735134,5,0.1,0.5,0.6168596035157562,0.612481643142445,0.6212270962382417,0.6274807760972945,0.6206596419114916,0.6275552235547787,0.6268115173322945,0.626009008196096,0.636546937338203,0.6215538289243681,1.0,0.6148451438238617
1,11,0.30269415211762973,0.90704,5000,2.014459587909557,0.7106842737094838,833,2.0173805639766655,0.7384,0.8027864088411735,0.083029164918468,,,0.7449482079961874,,0.7449525626223583,0.2550474373776417,0.9608586988461683,0.4051145205083277,5,0.1,0.5,0.623033236265478,0.6124024050580191,0.6159943396756633,0.6240875264636417,0.6139382944390943,0.6223503346212071,0.618267809058953,0.621886493008147,0.6238592918236286,0.6226856785554803,0.6148451438238617,1.0
2,0,0.2642890467053386,0.92112,5000,1.8047154347101848,0.9052757793764988,834,1.814408237180009,0.8777,0.80869699579384,0.08329907733305758,,,0.792945086612373,,0.7929521610360926,0.20704783896390744,0.9682884777168324,0.4062438003709524,5,0.1,0.5,1.0,0.6227546642106897,0.6274638888171692,0.632281952467151,0.6266081830131691,0.6214161838196588,0.6373907144957036,0.617787651051238,0.6247679944014459,0.6275723957863719,0.6178404243446911,0.6320702219306421
2,1,0.2710251579073015,0.9168,5000,1.8161013258828058,0.8896882494004796,834,1.8164733594979723,0.8788,0.8124590181692523,0.08282805971496605,,,0.7022097851057408,,0.7022288037749109,0.2977711962250891,0.9666033768440877,0.4057078291735562,5,0.1,0.5,0.6227546642106897,1.0,0.6279665874160997,0.6361731446288137,0.628961675615415,0.632056150725147,0.633280510970131,0.6308013492303712,0.6343048744861262,0.6333017055001648,0.618334932998893,0.6307167285953513
2,2,0.27498748420506336,0.91596,5000,1.802741289138794,0.8872901678657075,834,1.8145533872488588,0.8778,0.8126665486079307,0.08332402603905248,,,0.7977511241653197,,0.7977661763967673,0.20223382360323272,0.9682046287353003,0.4062604158738541,5,0.1,0.5,0.6274638888171692,0.6279665874160997,1.0,0.6335331804254346,0.628100688190064,0.6298613349313756,0.6284268020468042,0.6254813296774414,0.6340939688042514,0.6286951875389727,0.630988075233338,0.6329657138848855
2,3,0.2630329891410508,0.91992,5000,1.8245037087687739,0.8513189448441247,834,1.8140311222106884,0.8779,0.8165430977718118,0.0841143678527818,,,0.9499999998073632,,0.9500025099141609,0.04999749008583909,0.9688986242153563,0.4064585426762764,5,0.1,0.5,0.632281952467151,0.6361731446288137,0.6335331804254346,1.0,0.6410798728826904,0.6334719101360563,0.633694439531423,0.6333333274062274,0.6322334303745663,0.6245024416601329,0.6260947499732118,0.634685592752309
2,4,0.2766084351855668,0.91836,5000,1.8204130949797455,0.8811524609843937,833,1.815410838340418,0.8783,0.811398915932559,0.08303872529324179,,,0.7427917167102678,,0.7428040761005974,0.2571959238994026,0.9675498010000938,0.4060117397346151,5,0.1,0.5,0.6266081830131691,0.628961675615415,0.628100688190064,0.6410798728826904,1.0,0.6335503761025848,0.6291458929876482,0.6285084801698254,0.6298697217129121,0.6365690177217078,0.6135370105150606,0.6205460604157809
2,5,0.2544063585068864,0.92448,5000,1.8297096270102042,0.8751500600240096,833,1.8141847460414655,0.8779,0.8125092317870638,0.08378785826434093,,,0.8871022549798402,,0.887119120526078,0.112880879473922,0.9688146159229681,0.40643079105569263,5,0.1,0.5,0.6214161838196588,0.632056150725147,0.6298613349313756,0.6334719101360563,0.6335503761025848,1.0,0.6302968741722498,0.6320717755907965,0.6287263656475327,0.6280613470496208,0.6208480178081439,0.6325000058246927
2,6,0.2766374428062492,0.91796,5000,1.8119000947033916,0.8691476590636255,833,1.814301082501396,0.8779,0.8177273774800519,0.08364795564182731,,,0.8601518689480478,,0.8601726820942723,0.13982731790572767,0.9685559162971373,0.40640148150777966,5,0.1,0.5,0.6373907144957036,0.633280510970131,0.6284268020468042,0.633694439531423,0.6291458929876482,0.6302968741722498,1.0,0.6353290235572212,0.6339911943303702,0.6406494273239409,0.6387377814118242,0.6350990558156766
2,7,0.26869352143317177,0.92048,5000,1.820543611491168,0.8751500600240096,833,1.8147743487129577,0.8779,0.8118129583745227,0.08321938012008324,,,0.7775924747976287,,0.7776065458561318,0.22239345414386824,0.9680293105977051,0.40618613524983793,5,0.1,0.5,0.617787651051238,0.6308013492303712,0.6254813296774414,0.6333333274062274,0.6285084801698254,0.6320717755907965,0.6353290235572212,1.0,0.6327165364151409,0.6299845860144387,0.6252868246099679,0.628389578946584
2,8,0.2602756614814613,0.92148,5000,1.8300822310977511,0.8787515006002401,833,1.8146616906022872,0.8779,0.8151186390695788,0.08346335016775713,,,0.8245900710318659,,0.8246021786054917,0.17539782139450832,0.9683625299155584,0.4063365305805863,5,0.1,0.5,0.6247679944014459,0.6343048744861262,0.6340939688042514,0.6322334303745663,0.6298697217129121,0.6287263656475327,0.6339911943303702,0.6327165364151409,1.0,0.6373761100206724,0.6334256163179026,0.6297096176677334
2,9,0.29142211019091163,0.91092,5000,1.8074245232122916,0.8679471788715486,833,1.8145152871220256,0.8779,0.8146354462531396,0.08356335296930577,,,0.8438542853659041,,0.8438682797048341,0.15613172029516587,0.9685372002181262,0.40637545003485565,5,0.1,0.5,0.6275723957863719,0.6333017055001648,0.6286951875389727,0.6245024416601329,0.6365690177217078,0.6280613470496208,0.6406494273239409,0.6299845860144387,0.6373761100206724,1.0,0.6281474019570193,0.6309109120984185
2,10,0.2836394670638879,0.91512,5000,1.8198518267384283,0.8835534213685474,833,1.8178492948270073,0.879,0.8077630871349113,0.08255703258205044,,,0.65,,0.650002509914161,0.349997490085839,0.9658528871702505,0.4051041003907954,5,0.1,0.5,0.6178404243446911,0.618334932998893,0.630988075233338,0.6260947499732118,0.6135370105150606,0.6208480178081439,0.6387377814118242,0.6252868246099679,0.6334256163179026,0.6281474019570193,1.0,0.6305003155888652
2,11,0.26597794427589816,0.91804,5000,1.8122975605505485,0.8691476590636255,833,1.8148666837344916,0.8785,0.8136156430533827,0.08315681402153548,,,0.7655399451304217,,0.7655589578836404,0.23444104211635963,0.9678162604223434,0.4061332040081893,5,0.1,0.5,0.6320702219306421,0.6307167285953513,0.6329657138848855,0.634685592752309,0.6205460604157809,0.6325000058246927,0.6350990558156766,0.628389578946584,0.6297096176677334,0.6309109120984185,0.6305003155888652,1.0
3,0,0.24011825003489187,0.92656,5000,1.5694958280633997,0.9364508393285371,834,1.5829368768789518,0.9202,0.8064692926753563,0.08332901643993944,,,0.8082233769159606,,0.8082375382761909,0.19176246172380906,0.9708805634609413,0.40278327271875564,5,0.1,0.5,1.0,0.6165101624583529,0.6155847458263108,0.6188543905533997,0.6174144182867356,0.6191473057722725,0.6179865124425671,0.6134783848789757,0.6209665427584774,0.6178839637648621,0.6144476936806057,0.6275099349636183
3,1,0.2501305704402506,0.92488,5000,1.584363372237594,0.9256594724220624,834,1.5855744372541531,0.9214,0.8071383207925866,0.08304021527712445,,,0.7431251478095395,,0.7431454244264846,0.25685457557351543,0.9699812530697919,0.4024677040197987,5,0.1,0.5,0.6165101624583529,1.0,0.6256234930431764,0.6162905555718938,0.6102892975854995,0.618301096155418,0.6189218299867076,0.6175909392536088,0.6320613151157908,0.6159384444234749,0.6130794626137823,0.623789563165852
3,2,0.25163857801016537,0.92532,5000,1.5683209057207461,0.919664268585132,834,1.5830858096527978,0.9203,0.8070299827293683,0.08336510532454183,,,0.8163581172859186,,0.8163746799859445,0.18362532001405552,0.9709227718645427,0.40280879528283114,5,0.1,0.5,0.6155847458263108,0.6256234930431764,1.0,0.6263031363379173,0.6179226968462128,0.6189182997002822,0.6141954720451023,0.6184842605227449,0.6260971416880575,0.6104558328374543,0.611492997457986,0.6199922629662549
3,3,0.23955947198685568,0.9278,5000,1.5962560044394598,0.9124700239808153,834,1.5823626148814973,0.9198,0.8090123495330938,0.08395799289757269,,,0.9499999997745915,,0.9500025099141609,0.04999749008583909,0.9715848629452786,0.40297210748943146,5,0.1,0.5,0.6188543905533997,0.6162905555718938,0.6263031363379173,1.0,0.6211957806016247,0.6196916405335825,0.6175395257461327,0.6195254836448448,0.6272901905494255,0.6124750543694683,0.6188892693894354,0.6226513660496658
3,4,0.24964170667526733,0.92448,5000,1.5871609272780243,0.9183673469387755,833,1.5846051187180101,0.921,0.8003312386413738,0.0829424019398015,,,0.721077192806006,,0.7210983384368255,0.27890166156317453,0.9700161909292504,0.40230623470247373,5,0.1,0.5,0.6174144182867356,0.6102892975854995,0.6179226968462128,0.6211957806016247,1.0,0.6074629666775629,0.6127142759756682,0.6170214789275166,0.6215975185321486,0.611656531786425,0.5969609417853597,0.6072193498401793
3,5,0.23688919678045686,0.92936,5000,1.6027609728000782,0.9087635054021609,833,1.5825763129578612,0.9202,0.8025236036269292,0.08351530542769042,,,0.8502144931788328,,0.850233422016967,0.14976657798303294,0.9713446125069976,0.4028906212538164,5,0.1,0.5,0.6191473057722725,0.618301096155418,0.6189182997002822,0.6196916405335825,0.6074629666775629,1.0,0.6172222533324999,0.607242145282311,0.6248767998677661,0.6097578945127627,0.6018562855701142,0.6147478065527417
3,6,0.24890693480943799,0.92704,5000,1.5803132807766949,0.9159663865546218,833,1.5826921409692247,0.9201,0.8071450980439825,0.08358378310925108,,,0.8656499428129731,,0.8656643742783997,0.1343356257216003,0.9713371338217217,0.4029155358294792,5,0.1,0.5,0.6179865124425671,0.6189218299867076,0.6141954720451023,0.6175395257461327,0.6127142759756682,0.6172222533324999,1.0,0.61835087958122,0.6239818323778508,0.6172227383238599,0.6215627460277884,0.6251082896456508
3,7,0.24546172141696618,0.92896,5000,1.5897827457498621,0.929171668667467,833,1.583540716110327,0.9203,0.805068824063007,0.08322735676602598,,,0.7853084250549746,,0.7853270418151699,0.21467295818483012,0.9707731136088451,0.4026955492111366,5,0.1,0.5,0.6134783848789757,0.6175909392536088,0.6184842605227449,0.6195254836448448,0.6170214789275166,0.607242145282311,0.61835087958122,1.0,0.6290365552334385,0.6097208355202349,0.6168679997700761,0.6193682848383313
3,8,0.2339346346110224,0.9278,5000,1.6057278315226238,0.9195678271308524,833,1.5831257843742736,0.9203,0.815730283830318,0.08376088287962499,,,0.9055697316189533,,0.9055920887505647,0.09440791124943526,0.9712226082305916,0.40295610192696923,5,0.1,0.5,0.6209665427584774,0.6320613151157908,0.6260971416880575,0.6272901905494255,0.6215975185321486,0.6248767998677661,0.6239818323778508,0.6290365552334385,1.0,0.6266452202685753,0.6321817086624996,0.6240008523305861
3,9,0.26900664842598565,0.92044,5000,1.5711899201075237,0.907563025210084,833,1.5830475956487198,0.9202,0.8022867776752708,0.08335826945258748,,,0.814817253827167,,0.8148285728628081,0.18517142713719192,0.9711017776037361,0.40280419191086736,5,0.1,0.5,0.6178839637648621,0.6159384444234749,0.6104558328374543,0.6124750543694683,0.611656531786425,0.6097578945127627,0.6172227383238599,0.6097208355202349,0.6266452202685753,1.0,0.605948212989859,0.6203980688815822
3,10,0.26126425432598893,0.92448,5000,1.5849406410146643,0.9315726290516206,833,1.5883635278707875,0.9216,0.8004425866224604,0.08262707575944654,,,0.65,,0.650002509914161,0.349997490085839,0.9687171936560004,0.4015187429351067,5,0.1,0.5,0.6144476936806057,0.6130794626137823,0.611492997457986,0.6188892693894354,0.5969609417853597,0.6018562855701142,0.6215627460277884,0.6168679997700761,0.6321817086624996,0.605948212989859,1.0,0.6116166461981122
3,11,0.2464094115349992,0.92672,5000,1.5822576858379223,0.9183673469387755,833,1.5834961044140898,0.9207,0.8081280374857484,0.08329259472639367,,,0.8000136140821106,,0.800040158626575,0.19995984137342504,0.9707062548403432,0.40275517371701713,5,0.1,0.5,0.6275099349636183,0.623789563165852,0.6199922629662549,0.6226513660496658,0.6072193498401793,0.6147478065527417,0.6251082896456508,0.6193682848383313,0.6240008523305861,0.6203980688815822,0.6116166461981122,1.0
4,0,0.2231400779946737,0.93388,5000,1.3206357337810375,0.9484412470023981,834,1.3376252700726445,0.9366,0.8005138382569866,0.08347084167341824,,,0.8582233844879007,,0.85823502836203,0.14176497163796997,0.9705615781450436,0.39819568607898326,5,0.1,0.5,1.0,0.6001161541646781,0.6040441789290997,0.6106805885626574,0.6009780139924006,0.5887202075525825,0.6109271532029519,0.6058964088545663,0.6078043893888382,0.6143352656333482,0.5913804018379679,0.6164550053452527
4,1,0.2266289498099381,0.93068,5000,1.337860628410622,0.9436450839328537,834,1.3406911330482068,0.9367,0.7961278149792888,0.0831251162981782,,,0.7859815009020867,,0.7859946789819788,0.21400532101802117,0.9697902730204087,0.3979962159740833,5,0.1,0.5,0.6001161541646781,1.0,0.604221588164932,0.6070910789513634,0.6043401743073846,0.5911201077053013,0.6080964914766066,0.6022561904153882,0.6092634545668184,0.6050808850710627,0.587730915080133,0.591477289662016
4,2,0.22785633595268817,0.93124,5000,1.3202319542566936,0.9412470023980816,834,1.3378309628453118,0.9366,0.7987222882820851,0.08343211841144017,,,0.8501318714424948,,0.8501531047638171,0.1498468952361829,0.9706055284935902,0.3981821892385922,5,0.1,0.5,0.6040441789290997,0.604221588164932,1.0,0.6133507464481254,0.5977287302970655,0.5991067552460324,0.6041883727151451,0.6000828494051565,0.6149373445808386,0.5968984883387453,0.5943969164324462,0.6050442174397149
4,3,0.217306066732735,0.93344,5000,1.3540862666236029,0.9292565947242206,834,1.336935265376545,0.9366,0.8011063284236238,0.0839100537092762,,,0.9499999997910424,,0.9500025099141609,0.04999749008583909,0.970976259165003,0.39825794613481547,5,0.1,0.5,0.6106805885626574,0.6070910789513634,0.6133507464481254,1.0,0.607146958525761,0.597090709970679,0.6037719117476595,0.6068889761751758,0.6138610689969085,0.6009409697636661,0.5898806104826995,0.603367070506672
4,4,0.22528106222688488,0.9322,5000,1.3392748832702637,0.9327731092436975,833,1.339826005335433,0.9367,0.7932102180792574,0.08295787627494111,,,0.7510354565708182,,0.7510566738617539,0.2489433261382461,0.9693401037530427,0.3978158597545368,5,0.1,0.5,0.6009780139924006,0.6043401743073846,0.5977287302970655,0.607146958525761,1.0,0.5884980193550278,0.6051603538089858,0.5968765811219113,0.6005504817108213,0.608397371357622,0.5818813867701591,0.5918176741497584
4,5,0.21832369117505232,0.93416,5000,1.361021668822677,0.9351740696278511,833,1.3375375823091014,0.9367,0.7858085901230006,0.08307985719867655,,,0.7765242760885283,,0.776542342251895,0.223457657748105,0.970278394927109,0.397955037447676,5,0.1,0.5,0.5887202075525825,0.5911201077053013,0.5991067552460324,0.597090709970679,0.5884980193550278,1.0,0.592746608880867,0.5892523208637781,0.6003858218740681,0.5930547368291266,0.5799582352677157,0.5899102010918557
4,6,0.2280911312889379,0.93068,5000,1.3355405154051605,0.9315726290516206,833,1.3372847889178097,0.9366,0.8017052466229581,0.08368205964385969,,,0.9023589473498076,,0.9023743787962452,0.09762562120375484,0.9708588238965419,0.3982417723614613,5,0.1,0.5,0.6109271532029519,0.6080964914766066,0.6041883727151451,0.6037719117476595,0.6051603538089858,0.592746608880867,1.0,0.6060770983621664,0.6098012381220842,0.6129539543159024,0.603379620926661,0.6046101959280054
4,7,0.22561200681634863,0.93508,5000,1.3452043091809307,0.936374549819928,833,1.3384298672691322,0.9367,0.7968727338476603,0.08327570802029083,,,0.8174487591277642,,0.8174589629034688,0.18254103709653124,0.9703155661899372,0.398107055031186,5,0.1,0.5,0.6058964088545663,0.6022561904153882,0.6000828494051565,0.6068889761751758,0.5968765811219113,0.5892523208637781,0.6060770983621664,1.0,0.6106702111226526,0.5997104363496197,0.5983291901156799,0.6010483785113863
4,8,0.2171949145989196,0.9346,5000,1.3677506667596322,0.936374549819928,833,1.337744563913193,0.9367,0.8047527058006764,0.0839065971379847,,,0.9492777235604559,,0.9492896942924552,0.050710305707544756,0.9709459260905853,0.3982578604082783,5,0.1,0.5,0.6078043893888382,0.6092634545668184,0.6149373445808386,0.6138610689969085,0.6005504817108213,0.6003858218740681,0.6098012381220842,0.6106702111226526,1.0,0.6170922022001107,0.6062146544163663,0.5993431956625874
4,9,0.25377996368570976,0.92468,5000,1.3209958915357236,0.9255702280912365,833,1.3377756840123918,0.9367,0.799584606296237,0.08345776568910473,,,0.8554910604984034,,0.855504241754932,0.144495758245068,0.970614056759754,0.39819113816924595,5,0.1,0.5,0.6143352656333482,0.6050808850710627,0.5968984883387453,0.6009409697636661,0.608397371357622,0.5930547368291266,0.6129539543159024,0.5997104363496197,0.6170922022001107,1.0,0.5912031150748412,0.602701815120926
4,10,0.24477640463240966,0.92796,5000,1.3359878283959847,0.9483793517406963,833,1.345059056632435,0.9363,0.7853929735828595,0.08247435453655784,,,0.65,,0.650002509914161,0.349997490085839,0.9676095247640301,0.3967919700208314,5,0.1,0.5,0.5913804018379679,0.587730915080133,0.5943969164324462,0.5898806104826995,0.5818813867701591,0.5799582352677157,0.603379620926661,0.5983291901156799,0.6062146544163663,0.5912031150748412,1.0,0.5859545924375434
4,11,0.22337647081489206,0.93292,5000,1.33904465481087,0.9339735894357744,833,1.3384094630567411,0.9366,0.7942608090228657,0.08322765140627172,,,0.8074069728889435,,0.8074243260880478,0.19257567391195218,0.9704268545942569,0.3980767015031218,5,0.1,0.5,0.6164550053452527,0.591477289662016,0.6050442174397149,0.603367070506672,0.5918176741497584,0.5899102010918557,0.6046101959280054,0.6010483785113863,0.5993431956625874,0.602701815120926,0.5859545924375434,1.0
5,0,0.20646385376723142,0.9392,5000,1.0682118623344987,0.9496402877697842,834,1.0879843916755896,0.9425,0.7817048984471588,0.08328273190382081,,,0.8290569853260997,,0.8290748456402791,0.1709251543597209,0.9690742577364555,0.3927628863405252,5,0.1,0.5,1.0,0.5851431525471188,0.5735924992079744,0.5843600911281487,0.5751622381015995,0.5737998149837427,0.5801354569374363,0.577492724338083,0.5811538576393027,0.5848574445171532,0.5637023545651964,0.5905788684348184
5,1,0.21230575753536052,0.93568,5000,1.0858328298286155,0.9520383693045563,834,1.0910006864383197,0.943,0.7885040823432541,0.08329083634549822,,,0.8306308137543951,,0.8306510717333467,0.16934892826665326,0.9686996820930666,0.39276665905891295,5,0.1,0.5,0.5851431525471188,1.0,0.5830306561406424,0.5867349610537611,0.5814558119515401,0.5929942901703701,0.5858306392216073,0.5841353563667855,0.5897987230484086,0.590265050337124,0.5716716204577599,0.5847977554630982
5,2,0.20889892363416587,0.9374,5000,1.0682888803658661,0.9496402877697842,834,1.0882195384738544,0.9425,0.7818098112499948,0.08326054232458253,,,0.824747917285738,,0.8247577932834697,0.17524220671653035,0.9690449387941258,0.3927516573543417,5,0.1,0.5,0.5735924992079744,0.5830306561406424,1.0,0.5858154825148865,0.5751679900980919,0.5878441943623218,0.5747253866577102,0.5747255985270983,0.5787094154210455,0.5813042138280542,0.5728098273168652,0.5835959153404322
5,3,0.20310797307070844,0.9398,5000,1.1069590427257396,0.9364508393285371,834,1.0871763355054034,0.9427,0.7910654110339636,0.08390552889332668,,,0.9499999998058066,,0.9500025099141609,0.04999749008583909,0.9693825446339659,0.3928831970148485,5,0.1,0.5,0.5843600911281487,0.5867349610537611,0.5858154825148865,1.0,0.5906332483699641,0.5921380811947622,0.583740467348317,0.5897154055358989,0.5918313197459497,0.5901229494906423,0.5718554297145119,0.5892124012175145
5,4,0.210024866483109,0.93568,5000,1.0884328837747927,0.9351740696278511,833,1.0905384227109793,0.9431,0.7815929035930208,0.0829359623373343,,,0.7617166522683342,,0.7617338487023744,0.23826615129762563,0.9680480228908265,0.39249178605729873,5,0.1,0.5,0.5751622381015995,0.5814558119515401,0.5751679900980919,0.5906332483699641,1.0,0.5815608728240369,0.5785833471123452,0.5731666398054085,0.5795961321948677,0.5930449591083232,0.5626200997980925,0.5804934146312671
5,5,0.2007651155393357,0.93924,5000,1.1119190476558827,0.936374549819928,833,1.0879526989528547,0.9427,0.7880375784725427,0.08324417894140122,,,0.8215702575950505,,0.8215902816123689,0.1784097183876311,0.9685370977511525,0.3927432714064714,5,0.1,0.5,0.5737998149837427,0.5929942901703701,0.5878441943623218,0.5921380811947622,0.5815608728240369,1.0,0.584315517281469,0.5869344486584235,0.5850616987141469,0.5875585358901264,0.5732514516097935,0.5862604900650973
5,6,0.2093176228842538,0.93744,5000,1.084999473006637,0.9411764705882353,833,1.0875698884074299,0.9428,0.7863495702163303,0.08358727272071664,,,0.8881967773419814,,0.8882084232719241,0.11179157672807594,0.9692873635729946,0.39285632320029706,5,0.1,0.5,0.5801354569374363,0.5858306392216073,0.5747253866577102,0.583740467348317,0.5785833471123452,0.584315517281469,1.0,0.5833465199995355,0.5846616080140996,0.5931395055025614,0.5789847304038815,0.5854175179700476
5,7,0.20108242052826722,0.941,5000,1.0966447547630027,0.9423769507803121,833,1.0887970076963163,0.9429,0.7851192543571887,0.08327241909846632,,,0.8270543074257071,,0.8270769539681743,0.17292304603182573,0.9689282655202661,0.39275785755069426,5,0.1,0.5,0.577492724338083,0.5841353563667855,0.5747255985270983,0.5897154055358989,0.5731666398054085,0.5869344486584235,0.5833465199995355,1.0,0.5891379386231564,0.5849089857966654,0.5773114214852686,0.5823390867479747
5,8,0.1986807405159684,0.94084,5000,1.1237430175145466,0.9447779111644657,833,1.0879689990141141,0.9426,0.7894785727724456,0.0838474013174331,,,0.9387120129153335,,0.9387279755032378,0.06127202449676217,0.9693785042011651,0.39288120915887437,5,0.1,0.5,0.5811538576393027,0.5897987230484086,0.5787094154210455,0.5918313197459497,0.5795961321948677,0.5850616987141469,0.5846616080140996,0.5891379386231564,1.0,0.5923593042592481,0.5814880670828445,0.5874555912938623
5,9,0.22613741142592234,0.93208,5000,1.0681201374089275,0.9315726290516206,833,1.0880246971742795,0.9425,0.7919138812117366,0.08363309643931403,,,0.8970954373471225,,0.8971085788866021,0.10289142111339789,0.9692391623046673,0.3928633472321571,5,0.1,0.5,0.5848574445171532,0.590265050337124,0.5813042138280542,0.5901229494906423,0.5930449591083232,0.5875585358901264,0.5931395055025614,0.5849089857966654,0.5923593042592481,1.0,0.5755548332030853,0.5932763673602054
5,10,0.22124379043983425,0.93452,5000,1.0832143867457356,0.9531812725090036,833,1.0973735912539326,0.9434,0.7744249754139795,0.08236067657147415,,,0.65,,0.650002509914161,0.349997490085839,0.9659175761265496,0.3913421038797984,5,0.1,0.5,0.5637023545651964,0.5716716204577599,0.5728098273168652,0.5718554297145119,0.5626200997980925,0.5732514516097935,0.5789847304038815,0.5773114214852686,0.5814880670828445,0.5755548332030853,1.0,0.5772967030467984
5,11,0.20482136895049624,0.9372,5000,1.0915226561051827,0.9387755102040817,833,1.0887381596306263,0.9429,0.7890723647803709,0.08337935310663194,,,0.8478201773895441,,0.8478339440791125,0.1521660559208875,0.9689166357246107,0.392802708720714,5,0.1,0.5,0.5905788684348184,0.5847977554630982,0.5835959153404322,0.5892124012175145,0.5804934146312671,0.5862604900650973,0.5854175179700476,0.5823390867479747,0.5874555912938623,0.5932763673602054,0.5772967030467984,1.0
6,0,0.19179036563238616,0.942,5000,0.8394600749015808,0.9520383693045563,834,0.8609556610972736,0.9487,0.7636883457563169,0.08306617088111481,,,0.7810276114072627,,0.7810501480849354,0.21894985191506455,0.9666376205513662,0.3848173557320854,5,0.1,0.5,1.0,0.5570733307286128,0.5502988669434042,0.5472974199648536,0.5479879506093901,0.5454718429242141,0.5534654230502266,0.5458007042719356,0.5558014936743148,0.5558824565293082,0.5428274297055191,0.5573903027161221
6,1,0.19261827101088633,0.94216,5000,0.8560540013843112,0.9568345323741008,834,0.8633468741426071,0.9487,0.7768376527774994,0.08353719607191688,,,0.8597276551111125,,0.8597409768585914,0.1402590231414086,0.9670675709837024,0.3850724021237245,5,0.1,0.5,0.5570733307286128,1.0,0.5661802108742788,0.562347928167243,0.563243493492039,0.5639811658220917,0.5692585580516976,0.5599442107320473,0.5729420388131568,0.5608492523991079,0.5481258662580043,0.5567579404318629
6,2,0.19618382642496449,0.94016,5000,0.8389117320378622,0.9592326139088729,834,0.8609525595610135,0.9486,0.7730665788113436,0.08338329532182989,,,0.8340135404641293,,0.8340294161939662,0.1659705838060338,0.9669546077044072,0.3850175155577838,5,0.1,0.5,0.5502988669434042,0.5661802108742788,1.0,0.5657048389217365,0.5542405498637832,0.5644903589988977,0.5595519797084898,0.5542634634775051,0.5724584146911722,0.5492896540001899,0.5491593114803303,0.5603765331212018
6,3,0.19050187161014337,0.94128,5000,0.8811584291634736,0.9436450839328537,834,0.8598909585620649,0.9487,0.7740163844111468,0.08385082442280947,,,0.912129448908984,,0.9121479845389288,0.08785201546107124,0.9673758574097854,0.38512987937557447,5,0.1,0.5,0.5472974199648536,0.562347928167243,0.5657048389217365,1.0,0.5641218674362675,0.5622514036406752,0.564415548114287,0.5575049925242626,0.5730458349779688,0.5575308838147405,0.5458870174067397,0.5512867032958385
6,4,0.20000479320586204,0.9398,5000,0.8597919389053628,0.9483793517406963,833,0.863365043085604,0.9488,0.765944625685653,0.08291277710241929,,,0.7553982027833204,,0.7554138848451383,0.24458611515486173,0.9660736829435288,0.3846689657462578,5,0.1,0.5,0.5479879506093901,0.563243493492039,0.5542405498637832,0.5641218674362675,1.0,0.5565216897645415,0.5568764349847256,0.5457767169556245,0.5585450481952843,0.5574961828100924,0.5330741121730207,0.5439134542914429
6,5,0.1819015154932406,0.94528,5000,0.8828801468566612,0.9423769507803121,833,0.860750793839415,0.9485,0.7696497717162221,0.08325130949160083,,,0.811961024356384,,0.8119773103759852,0.1880226896240148,0.9668836886839187,0.3849493713752825,5,0.1,0.5,0.5454718429242141,0.5639811658220917,0.5644903589988977,0.5622514036406752,0.5565216897645415,1.0,0.5564865947072132,0.5553202616635041,0.5615250530219882,0.551501064723744,0.5441556463057665,0.5528571506875302
6,6,0.19525337688518082,0.94116,5000,0.8583278788460625,0.9471788715486195,833,0.86022134177601,0.9485,0.7760702656100554,0.08370944609979704,,,0.8885076120791762,,0.8885196526278801,0.11148034737211987,0.9673047448339929,0.385110959946601,5,0.1,0.5,0.5534654230502266,0.5692585580516976,0.5595519797084898,0.564415548114287,0.5568764349847256,0.5564865947072132,1.0,0.5604023871396181,0.5732713951377356,0.5627649780940219,0.5580300988267201,0.5576009768993984
6,7,0.19001654862325376,0.9434,5000,0.8696949459888317,0.9483793517406963,833,0.8615910361369197,0.9485,0.7676921400024953,0.0832009941862626,,,0.8035542197811386,,0.8035741177651724,0.1964258822348276,0.9668477115251918,0.3849190139393128,5,0.1,0.5,0.5458007042719356,0.5599442107320473,0.5542634634775051,0.5575049925242626,0.5457767169556245,0.5553202616635041,0.5604023871396181,1.0,0.5672590823234175,0.5481863936025334,0.549248451920655,0.5526042241430419
6,8,0.1827189619611403,0.9442,5000,0.900649713145362,0.9495798319327731,833,0.8605778148760811,0.9484,0.7815223673765198,0.08407748228264307,,,0.9499999998329175,,0.9500025099141609,0.04999749008583909,0.9674031928488039,0.3851439022159419,5,0.1,0.5,0.5558014936743148,0.5729420388131568,0.5724584146911722,0.5730458349779688,0.5585450481952843,0.5615250530219882,0.5732713951377356,0.5672590823234175,1.0,0.568445316450471,0.5626074238873136,0.5552958062668283
6,9,0.2104917617799465,0.9372,5000,0.8396268233104989,0.9387755102040817,833,0.860659260528918,0.9484,0.7688818450059673,0.08348575493164223,,,0.8511327432744498,,0.8511520505998695,0.14884794940013046,0.9672274016979686,0.38505665565471037,5,0.1,0.5,0.5558824565293082,0.5608492523991079,0.5492896540001899,0.5575308838147405,0.5574961828100924,0.551501064723744,0.5627649780940219,0.5481863936025334,0.568445316450471,1.0,0.5409302815961261,0.5524183550718643
6,10,0.20620317751672237,0.93908,5000,0.8533610127590321,0.9555822328931572,833,0.8708240587871295,0.9488,0.7590587626398163,0.08228196158771608,,,0.65,,0.650002509914161,0.349997490085839,0.9638757485514461,0.3835289158220481,5,0.1,0.5,0.5428274297055191,0.5481258662580043,0.5491593114803303,0.5458870174067397,0.5330741121730207,0.5441556463057665,0.5580300988267201,0.549248451920655,0.5626074238873136,0.5409302815961261,1.0,0.5474538559462061
6,11,0.19664267702324756,0.94024,5000,0.8651490299789993,0.9399759903961584,833,0.8614557200727372,0.9487,0.7668407770674267,0.08324278762024778,,,0.8105371691974252,,0.8105617187892175,0.18943828121078254,0.96695880776081,0.3849450728050778,5,0.1,0.5,0.5573903027161221,0.5567579404318629,0.5603765331212018,0.5512867032958385,0.5439134542914429,0.5528571506875302,0.5576009768993984,0.5526042241430419,0.5552958062668283,0.5524183550718643,0.5474538559462061,1.0
7,0,0.1770576761299922,0.94664,5000,0.6443183996059276,0.9556354916067147,834,0.6645646956972421,0.9523,0.7505586501477107,0.08306163022082835,,,0.7694810228604227,,0.7694894834596657,0.23051051654033428,0.9640597956004465,0.3761742708929333,5,0.1,0.5,1.0,0.5246770294432622,0.528613733906246,0.52367974571373,0.5213124455537639,0.5230031814146822,0.5316923751485889,0.524973710703855,0.520201167217337,0.533875873343066,0.5167624923007443,0.535744359407076
