round,client_id,client_i_training_loss,client_i_training_accuracy,client_i_training_dataset_size,client_i_evaluation_loss,client_i_evaluation_accuracy,client_i_evaluation_dataset_size,client_i_central_evaluation_loss,client_i_central_evaluation_accuracy,client_i_cosine_similarity,client_i_importance_coefficient,client_i_tanh_val,tanh_normalization_value,client_i_q,client_i_mask_order,client_i_v_nonzero_fraction,client_i_v_sparsity,client_i_v_cosine_similarity,client_i_reward_gradient_norm,local_epochs,learning_rate,gamma,client_0_cosine_similarity,client_1_cosine_similarity,client_2_cosine_similarity,client_3_cosine_similarity,client_4_cosine_similarity,client_5_cosine_similarity,client_6_cosine_similarity,client_7_cosine_similarity,client_8_cosine_similarity,client_9_cosine_similarity,client_10_cosine_similarity,client_11_cosine_similarity
0,0,0.3359325809445778,0.89568,5000,2.183297872543335,0.3980815347721823,834,2.1758751892053283,0.4116,0.7863394181057449,0.08315893757819616,,,0.8383165937996987,,0.8383314090658099,0.16166859093419006,0,0.39390354148432505,5,0.1,0.5,1.0,0.5732758299802146,0.5991896547886845,0.5936092118482277,0.5861737862024379,0.6058811410414018,0.576051452767328,0.5813920115428539,0.5826948831149231,0.5886573411138796,0.5748456621441401,0.5737458629685667
0,1,0.3426717960044362,0.89088,5000,2.1829346462532326,0.407673860911271,834,2.175877144542365,0.412,0.7887972759678284,0.08341886712493242,,,0.8677432199698658,,0.8677576426886201,0.1322423573113799,0,0.39394621881767455,5,0.1,0.5,0.5732758299802146,1.0,0.6019079080922523,0.5880874779541115,0.5819586225669886,0.6002787532359037,0.5875600844759676,0.5663093324727457,0.6008559543613785,0.6015321571477116,0.5754554613878468,0.5815364186110895
0,2,0.3513046023738422,0.89004,5000,2.17288045529966,0.4184652278177458,834,2.1758496113859427,0.4122,0.7998183946515709,0.08458440009906597,,,0.999693217765351,,0.9996988103006877,0.00030118969931225426,0,0.39399425016557676,5,0.1,0.5,0.5991896547886845,0.6019079080922523,1.0,0.5970686359236608,0.5887111029661178,0.6020782014780136,0.5905279726327313,0.5920520781987001,0.610630969631825,0.599298565191081,0.5855430989003851,0.5959639912160362
0,3,0.3491662150462437,0.89272,5000,2.1733157634735107,0.42326139088729015,834,2.1758859721235573,0.412,0.7883443022350952,0.08337096311109618,,,0.8623200061609337,,0.8623312082726771,0.13766879172732294,0,0.39393976984585827,5,0.1,0.5,0.5936092118482277,0.5880874779541115,0.5970686359236608,1.0,0.5732005498621998,0.5960954969138407,0.586089733619461,0.5759759874749321,0.5853126901059086,0.5960414467227538,0.5763083408316226,0.5866851726725826
0,4,0.3330533985167172,0.89552,5000,2.1812216264230235,0.4009603841536615,833,2.175880480879031,0.4115,0.7852683771972474,0.08304567017482982,,,0.8254935901128236,,0.8255107675317505,0.17448923246824954,0,0.39387772303896523,5,0.1,0.5,0.5861737862024379,0.5819586225669886,0.5887111029661178,0.5732005498621998,1.0,0.5957871448672242,0.5735554966998077,0.5896871278345448,0.592365771878092,0.5837090102531902,0.5668617872275776,0.5933788202572403
0,5,0.33696548571679624,0.8956,5000,2.175531404989737,0.3997599039615846,833,2.1758496098625013,0.4122,0.7998440186169132,0.08458710994889079,,,0.99999999988679,,1.0,0.0,0,0.39399425016599016,5,0.1,0.5,0.6058811410414018,0.6002787532359037,0.6020782014780136,0.5960954969138407,0.5957871448672242,1.0,0.6031022114685874,0.5837476412978427,0.5969468089998946,0.5986442558847269,0.5802023582403794,0.6004504581013239
0,6,0.3398029013934314,0.89412,5000,2.175744339271828,0.3997599039615846,833,2.175903238808385,0.4123,0.7828278033468135,0.08278756849022634,,,0.7962738962300676,,0.7962853270418152,0.2037146729581848,0,0.3938010780156658,5,0.1,0.5,0.576051452767328,0.5875600844759676,0.5905279726327313,0.586089733619461,0.5735554966998077,0.6031022114685874,1.0,0.5739732332403054,0.5771353735953485,0.5847714674635598,0.5802668853327893,0.5692775797262222
0,7,0.34106107847943046,0.89288,5000,2.174350800337615,0.4261704681872749,833,2.175963586130843,0.4122,0.7805172711948566,0.08254321930134827,,,0.7686111225039459,,0.7686260729883038,0.23137392701169623,0,0.39369910680850523,5,0.1,0.5,0.5813920115428539,0.5663093324727457,0.5920520781987001,0.5759759874749321,0.5896871278345448,0.5837476412978427,0.5739732332403054,1.0,0.5920335813960208,0.5749952026494357,0.5749925247955494,0.5753046973392792
0,8,0.34474605215582876,0.89216,5000,2.1787349383036294,0.3937575030012005,833,2.175860644910282,0.412,0.7928382505399356,0.0838462183990253,,,0.9161236613008994,,0.9161437678831384,0.08385623211686155,0,0.3939824621317444,5,0.1,0.5,0.5826948831149231,0.6008559543613785,0.610630969631825,0.5853126901059086,0.592365771878092,0.5969468089998946,0.5771353735953485,0.5920335813960208,1.0,0.6012915906586975,0.5705178788321357,0.5871833941656001
0,9,0.3462328143750027,0.8916,5000,2.1835239639988653,0.41536614645858344,833,2.1758626939389654,0.4119,0.7916469793388144,0.08372023610032357,,,0.9018612042062636,,0.9018774157923799,0.0981225842076201,0,0.39397509473489783,5,0.1,0.5,0.5886573411138796,0.6015321571477116,0.599298565191081,0.5960414467227538,0.5837090102531902,0.5986442558847269,0.5847714674635598,0.5749952026494357,0.6012915906586975,1.0,0.570148189927321,0.5866151771782547
0,10,0.3390955263653853,0.895,5000,2.1662669093520552,0.43577430972388953,833,2.1761610805036162,0.4114,0.7747865297263133,0.08193716756200219,,,0.7,,0.7,0.30000000000000004,0,0.39327449563720684,5,0.1,0.5,0.5748456621441401,0.5754554613878468,0.5855430989003851,0.5763083408316226,0.5668617872275776,0.5802023582403794,0.5802668853327893,0.5749925247955494,0.5705178788321357,0.570148189927321,1.0,0.5711321299638822
0,11,0.3514002284141862,0.89108,5000,2.1690461194073714,0.42737094837935174,833,2.175882222172551,0.4117,0.7848331421795888,0.08299964211006293,,,0.820282752513796,,0.8203052055619697,0.17969479443803027,0,0.39386641590022503,5,0.1,0.5,0.5737458629685667,0.5815364186110895,0.5959639912160362,0.5866851726725826,0.5933788202572403,0.6004504581013239,0.5692775797262222,0.5753046973392792,0.5871833941656001,0.5866151771782547,0.5711321299638822,1.0
1,0,0.29856813310936187,0.91148,5000,2.0273789079100997,0.7230215827338129,834,2.017110165315695,0.7218,0.8060845647415731,0.08311334487887241,,,0.8274150574225922,,0.8274283419507052,0.17257165804929475,0.9593744339979079,0.4043990219822184,5,0.1,0.5,1.0,0.6164348443494954,0.6140369822388244,0.6206566623294604,0.6165012315431176,0.6249387147180634,0.6195335753455202,0.628129383250815,0.6198429176897378,0.6236356532041587,0.61580683061029,0.6276162192656514
1,1,0.30419927582998946,0.90612,5000,2.0187560584810047,0.7062350119904077,834,2.017099640620783,0.7223,0.8082389516451948,0.08336041159320348,,,0.8655155273953024,,0.865533858742031,0.13446614125796896,0.9595950536600221,0.4044779800681016,5,0.1,0.5,0.6164348443494954,1.0,0.6235185230771297,0.6241522916886891,0.614273549006428,0.625501026222555,0.6294151421795666,0.6236806085691282,0.6236206955886974,0.621116167293391,0.6189511379309182,0.6260871479211754
1,2,0.3093896503674436,0.9042,5000,2.014696549486231,0.7170263788968825,834,2.0170481719148046,0.7224,0.8060546290398491,0.08405569097563788,,,0.9727354388463803,,0.9727473520405602,0.027252647959439824,0.9598173613263021,0.4045432214226834,5,0.1,0.5,0.6140369822388244,0.6235185230771297,1.0,0.6203146475215361,0.6194205643496601,0.6167556060754956,0.6255049926715858,0.6217044518214738,0.6146719972210282,0.6268928148533729,0.6168776441725946,0.6206530772645711
1,3,0.3143129552364539,0.90272,5000,2.011973085226836,0.7517985611510791,834,2.017111833484028,0.7222,0.8105531715237991,0.08340931756827244,,,0.8730573795612079,,0.8730736408814819,0.12692635911851813,0.9595959090498146,0.40448917848869576,5,0.1,0.5,0.6206566623294604,0.6241522916886891,0.6203146475215361,1.0,0.6332151860775932,0.6257680167241799,0.6254966975337511,0.62595077469684,0.6224920445096458,0.6296486850906431,0.6224339510819878,0.6194202650425134
1,4,0.29447632524523004,0.9062,5000,2.0205576066617614,0.723889555822329,833,2.0171249922091206,0.7222,0.8097388536424067,0.08316567014694712,,,0.8354842030802421,,0.8355002258922745,0.16449977410772554,0.9593224521227656,0.4044191918031567,5,0.1,0.5,0.6165012315431176,0.614273549006428,0.6194205643496601,0.6332151860775932,1.0,0.6330448797703854,0.630242007491839,0.6242892660764513,0.6236861313454439,0.6279013382981805,0.6175747229964968,0.6227793558910827
1,5,0.29512831291100783,0.90976,5000,2.0206370486153498,0.7286914765906363,833,2.017046865563804,0.7224,0.8110789020598341,0.08423249103896066,,,0.9999999998457887,,1.0,0.0,0.9598174208012353,0.4045436218077597,5,0.1,0.5,0.6249387147180634,0.625501026222555,0.6167556060754956,0.6257680167241799,0.6330448797703854,1.0,0.6273572908498232,0.6197256296882216,0.6213762113382908,0.633187138125455,0.6166867308447427,0.6247800491193888
1,6,0.30223463844555387,0.9096,5000,2.0180972284740872,0.7058823529411765,833,2.017144867025625,0.7217,0.8122156136554664,0.08308112632528955,,,0.8224465935942231,,0.8224587119120526,0.17754128808794745,0.9591520328798924,0.40438539597305906,5,0.1,0.5,0.6195335753455202,0.6294151421795666,0.6255049926715858,0.6254966975337511,0.630242007491839,0.6273572908498232,1.0,0.6272183451574288,0.6205189174659776,0.6265605084938944,0.6240207540586665,0.6324409012726971
1,7,0.30502162842661334,0.9062,5000,2.0157678568804704,0.7322929171668667,833,2.017359477643388,0.7207,0.8096952099780077,0.08283162170382284,,,0.7839701708839331,,0.7839767079965865,0.21602329200341353,0.9588377374805039,0.40425032931464067,5,0.1,0.5,0.628129383250815,0.6236806085691282,0.6217044518214738,0.62595077469684,0.6242892660764513,0.6197256296882216,0.6272183451574288,1.0,0.6195026752694155,0.6241283106668885,0.6253155592116956,0.6254728096322071
1,8,0.3038359948024628,0.90664,5000,2.0220075492505676,0.7178871548619448,833,2.0170747544437932,0.7224,0.8062825981108875,0.08357509381804622,,,0.8986219443541432,,0.8986295868681291,0.1013704131318709,0.9597370096803687,0.4045178666541461,5,0.1,0.5,0.6198429176897378,0.6236206955886974,0.6146719972210282,0.6224920445096458,0.6236861313454439,0.6213762113382908,0.6205189174659776,0.6195026752694155,1.0,0.6188791744294223,0.6156483512530629,0.625678320239598
1,9,0.3046087585840445,0.90664,5000,2.0266247104715416,0.7106842737094838,833,2.0170906770724457,0.7224,0.811912411033522,0.08368781612427405,,,0.9160049935249557,,0.9160283118317354,0.08397168816826461,0.9597251856456046,0.4045297500025618,5,0.1,0.5,0.6236356532041587,0.621116167293391,0.6268928148533729,0.6296486850906431,0.6279013382981805,0.633187138125455,0.6265605084938944,0.6241283106668885,0.6188791744294223,1.0,0.623502226386541,0.6255769723424552
1,10,0.3034013377538153,0.91072,5000,2.006127114649172,0.7334933973589436,833,2.018088663347994,0.7199,0.8055777224140358,0.08228710783727548,,,0.7,,0.7,0.30000000000000004,0.9575622336510096,0.4036855736137175,5,0.1,0.5,0.61580683061029,0.6189511379309182,0.6168776441725946,0.6224339510819878,0.6175747229964968,0.6166867308447427,0.6240207540586665,0.6253155592116956,0.6156483512530629,0.623502226386541,1.0,0.6311520570938539
1,11,0.3114618114296608,0.90308,5000,2.010324133767022,0.7154861944777912,833,2.0171265590686005,0.7218,0.81160780609244,0.08320030798939786,,,0.8408257484996117,,0.8408463430550676,0.15915365694493244,0.9593296364765539,0.4044316903380477,5,0.1,0.5,0.6276162192656514,0.6260871479211754,0.6206530772645711,0.6194202650425134,0.6227793558910827,0.6247800491193888,0.6324409012726971,0.6254728096322071,0.625678320239598,0.6255769723424552,0.6311520570938539,1.0
2,0,0.26859215169338285,0.91944,5000,1.8333976842738964,0.86810551558753,834,1.8199368871439,0.8622,0.8119798132394368,0.08318608358558265,,,0.8167717101888691,,0.8167863059083379,0.1832136940916621,0.9668039036877013,0.4058327895000743,5,0.1,0.5,1.0,0.6318412237003704,0.6253187903610582,0.6238086081723936,0.6302949463305266,0.6356344692799332,0.6323513599483725,0.619737547693575,0.6288231874285845,0.6249195773680819,0.6351020064381813,0.6255014970934192
2,1,0.27102801382992486,0.91724,5000,1.815649081159521,0.8729016786570744,834,1.8198736220503007,0.8622,0.8127217968988975,0.0833752074779588,,,0.852317801834866,,0.8523317102555092,0.14766828974449075,0.967100386018373,0.4059250666664328,5,0.1,0.5,0.6318412237003704,1.0,0.6348181579719896,0.6219833868246554,0.639263409413388,0.6270228146001224,0.6331854626872361,0.6277041801539703,0.6280061927686427,0.6289932849257774,0.6231766121290305,0.623389949120992
2,2,0.27815912554432065,0.91536,5000,1.818524166389748,0.8537170263788969,834,1.8197584719703601,0.862,0.8131916880115867,0.08385113334023615,,,0.9417687120538831,,0.9417850509512574,0.05821494904874258,0.9674082703487688,0.406015823458763,5,0.1,0.5,0.6253187903610582,0.6348181579719896,1.0,0.6255518297199774,0.6273051060890869,0.6354373664939973,0.6298647458137703,0.6273440501868373,0.6319559929522002,0.629622293514016,0.6271912123150247,0.6264006718399644
2,3,0.2790247202951722,0.91628,5000,1.8110848312024717,0.8669064748201439,834,1.8199186336499054,0.8623,0.808308911213208,0.08325401263054333,,,0.8295390661652092,,0.8295517293308569,0.17044827066914314,0.966989833824557,0.4058716631168947,5,0.1,0.5,0.6238086081723936,0.6219833868246554,0.6255518297199774,1.0,0.632497043604783,0.6327105064220762,0.624303295295594,0.6168521306363288,0.6205901675958327,0.6237319752603239,0.6266895886752398,0.6274292634553342
2,4,0.26594719945091255,0.92012,5000,1.8208355241351657,0.8667466986794717,833,1.8199201346205447,0.862,0.8162849908874021,0.08337044503622547,,,0.8514226944627358,,0.8514381808142162,0.14856181918578382,0.9669741602969885,0.40592316010611673,5,0.1,0.5,0.6302949463305266,0.639263409413388,0.6273051060890869,0.632497043604783,1.0,0.6364522263627044,0.6320997568902752,0.6276445735188689,0.6327523701297809,0.630949263578422,0.633225407446113,0.6325298894094287
2,5,0.2666150577046025,0.9198,5000,1.8275509940253363,0.8715486194477791,833,1.8197581897528408,0.8621,0.8187381047018195,0.08416095440041284,,,0.9999999998120487,,1.0,0.0,0.9674063051117668,0.40602116725719384,5,0.1,0.5,0.6356344692799332,0.6270228146001224,0.6354373664939973,0.6327105064220762,0.6364522263627044,1.0,0.6387856758740462,0.6272484742244915,0.6335040946244604,0.6370035626324371,0.6319287817289923,0.6384667990396521
2,6,0.26622034904612285,0.92012,5000,1.822130353362472,0.8643457382953181,833,1.8199673034131718,0.862,0.8135702758788272,0.08322011840299758,,,0.8231686002051745,,0.8231815671904021,0.17681843280959786,0.9667886339793454,0.4058531184035763,5,0.1,0.5,0.6323513599483725,0.6331854626872361,0.6298647458137703,0.624303295295594,0.6320997568902752,0.6387856758740462,1.0,0.6261878528452576,0.6359364257730736,0.625606316742862,0.6253173217972378,0.6251566253367322
2,7,0.2673277240839733,0.9192,5000,1.8190091804221824,0.8631452581032413,833,1.820620055396717,0.862,0.8067736755272414,0.08281874660490116,,,0.7477302272952241,,0.7477486069976407,0.2522513930023593,0.9661141920566378,0.40550724567887125,5,0.1,0.5,0.619737547693575,0.6277041801539703,0.6273440501868373,0.6168521306363288,0.6276445735188689,0.6272484742244915,0.6261878528452576,1.0,0.6204276674457002,0.6175238667085566,0.622853807810506,0.63032972999721
2,8,0.2727607790772228,0.919,5000,1.8266719535545066,0.8607442977190877,833,1.8198277893157813,0.8622,0.8117734237624175,0.08348411878052779,,,0.872787828618696,,0.8728025701521008,0.12719742984789917,0.9672328189808115,0.4059599612496842,5,0.1,0.5,0.6288231874285845,0.6280061927686427,0.6319559929522002,0.6205901675958327,0.6327523701297809,0.6335040946244604,0.6359364257730736,0.6204276674457002,1.0,0.623587354836681,0.62584444683542,0.6277200252763351
2,9,0.27416475973311505,0.91656,5000,1.8322271947507505,0.8415366146458584,833,1.8198392189348849,0.8622,0.809810504895441,0.08349033929663978,,,0.8739569830445277,,0.8739671703227749,0.12603282967722507,0.9672577650014761,0.4059614963089309,5,0.1,0.5,0.6249195773680819,0.6289932849257774,0.629622293514016,0.6237319752603239,0.630949263578422,0.6370035626324371,0.625606316742862,0.6175238667085566,0.623587354836681,1.0,0.6208198719307254,0.6266054414324402
2,10,0.2701438162843608,0.92016,5000,1.8078174458609686,0.8547418967587035,833,1.8220271451023822,0.8612,0.8098198036474934,0.08256479670627459,,,0.7,,0.7,0.30000000000000004,0.9648592283284075,0.405107797683714,5,0.1,0.5,0.6351020064381813,0.6231766121290305,0.6271912123150247,0.6266895886752398,0.633225407446113,0.6319287817289923,0.6253173217972378,0.622853807810506,0.62584444683542,0.6208198719307254,1.0,0.6238044977334576
2,11,0.2747584666772063,0.91516,5000,1.812406442783497,0.858343337334934,833,1.8199321519071683,0.8618,0.8114186556187893,0.08322404373769995,,,0.8239063721773928,,0.8239194819537172,0.17608051804628277,0.9668602045910331,0.4058549563352676,5,0.1,0.5,0.6255014970934192,0.623389949120992,0.6264006718399644,0.6274292634553342,0.6325298894094287,0.6384667990396521,0.6251566253367322,0.63032972999721,0.6277200252763351,0.6266054414324402,0.6238044977334576,1.0
3,0,0.2463212537163999,0.92588,5000,1.6095110133842185,0.9184652278177458,834,1.5930405542873347,0.9114,0.8046499300963256,0.08320117043227704,,,0.8220508060411986,,0.8220721851312686,0.17792781486873144,0.9701753228962096,0.40264321282215815,5,0.1,0.5,1.0,0.6110992389955175,0.6177556100427946,0.6161364286279006,0.6138965171063021,0.6171180748898282,0.6282722166675239,0.6169782049295989,0.6200178847581396,0.6143501306847413,0.6152803488812062,0.6089543142616395
3,1,0.250211619122464,0.9238,5000,1.5830032207347728,0.9244604316546763,834,1.592961761898126,0.9115,0.8000482668143541,0.0831659981089887,,,0.8139082679643908,,0.8139199839365494,0.1860800160634506,0.9702663585775384,0.40261311460391735,5,0.1,0.5,0.6110992389955175,1.0,0.6109382111635391,0.6160704199440151,0.6169997999729362,0.6138457243425854,0.6172239231965212,0.602910634460507,0.6159205176631498,0.6139315364354266,0.607002273276509,0.6084488392351607
3,2,0.2551238311336014,0.92356,5000,1.5929780006408691,0.9052757793764988,834,1.5926236565501546,0.9114,0.8088197624355138,0.08378739752535592,,,0.9577647987712035,,0.9577782239847398,0.042221776015260226,0.9708274068104081,0.4028232315679779,5,0.1,0.5,0.6177556100427946,0.6109382111635391,1.0,0.6258045953523748,0.6196179620577338,0.6180226221957901,0.6299856034506448,0.6133510392856877,0.6248357783042708,0.6230731343032866,0.6134436221446704,0.6202437424272428
3,3,0.25346400846436523,0.92408,5000,1.580571629382946,0.9184652278177458,834,1.5929785266090124,0.9115,0.8075705640714449,0.08334807049826845,,,0.8560587779063151,,0.8560815220119472,0.1439184779880528,0.9703287277069059,0.40273600095572015,5,0.1,0.5,0.6161364286279006,0.6160704199440151,0.6258045953523748,1.0,0.6175627407700585,0.6211572686772019,0.6266764433305764,0.6101934424436886,0.6225694239899845,0.6219310213111081,0.6155887959328822,0.6139437681208575
3,4,0.24599020982481493,0.92624,5000,1.5911048429983634,0.9087635054021609,833,1.5929718904982741,0.9114,0.8062169743515021,0.08337802149647,,,0.8629925576653386,,0.8630038652678078,0.1369961347321922,0.9704673856924735,0.40274939128277093,5,0.1,0.5,0.6138965171063021,0.6169997999729362,0.6196179620577338,0.6175627407700585,1.0,0.6213147016802492,0.6199847749953074,0.6142020418683581,0.6229573371620811,0.61741658820196,0.6173249931952008,0.6128067317973154
3,5,0.24439950068036367,0.9278,5000,1.6046879600595545,0.907563025210084,833,1.5926233830924232,0.9115,0.8081632449376627,0.08396983574420269,,,0.9999999997684959,,1.0,0.0,0.9708329790790717,0.40282508543129175,5,0.1,0.5,0.6171180748898282,0.6138457243425854,0.6180226221957901,0.6211572686772019,0.6213147016802492,1.0,0.6287014635484278,0.6138224445626733,0.6241813694171499,0.6175309835610121,0.6152024888922039,0.6184264422472094
3,6,0.23683972457056024,0.92956,5000,1.5964367036466245,0.9171668667466987,833,1.5929705822429718,0.9114,0.811464269270445,0.08346142859102812,,,0.8823016444648599,,0.8823151448220471,0.11768485517795291,0.9703362833545879,0.4027799849302486,5,0.1,0.5,0.6282722166675239,0.6172239231965212,0.6299856034506448,0.6266764433305764,0.6199847749953074,0.6287014635484278,1.0,0.6196510323581947,0.623777522036648,0.6187361374952883,0.6164105150054178,0.6160015137823813
3,7,0.2483275760098651,0.92628,5000,1.592642863591512,0.9063625450180072,833,1.5942879012598397,0.9113,0.8014432651890167,0.08284585520208763,,,0.7397938630645017,,0.7398022187641182,0.2601977812358818,0.9693127639653744,0.40219298762107014,5,0.1,0.5,0.6169782049295989,0.602910634460507,0.6133510392856877,0.6101934424436886,0.6142020418683581,0.6138224445626733,0.6196510323581947,1.0,0.6149748626721714,0.6151729175073027,0.6127903241342396,0.6165402603075393
3,8,0.2516352997155516,0.92372,5000,1.600495082360727,0.907563025210084,833,1.5927304029464722,0.9116,0.8089222436580211,0.08354772718704985,,,0.9022801257929598,,0.9022990813714171,0.09770091862858288,0.970635879229197,0.40280066767022976,5,0.1,0.5,0.6200178847581396,0.6159205176631498,0.6248357783042708,0.6225694239899845,0.6229573371620811,0.6241813694171499,0.623777522036648,0.6149748626721714,1.0,0.6195948434517008,0.6161506830227254,0.6146963602348962
3,9,0.2493806429741204,0.92632,5000,1.608774291144477,0.8979591836734694,833,1.5928095080220281,0.9114,0.8061030783537424,0.0834535104810376,,,0.8804685693061431,,0.880482907484564,0.11951709251543596,0.9706118349857862,0.4027774551292918,5,0.1,0.5,0.6143501306847413,0.6139315364354266,0.6230731343032866,0.6219310213111081,0.61741658820196,0.6175309835610121,0.6187361374952883,0.6151729175073027,0.6195948434517008,1.0,0.6095649859079143,0.6211026580869085
3,10,0.25222234995501813,0.92536,5000,1.581148593514054,0.9123649459783914,833,1.5964574452025442,0.9109,0.8013405471413724,0.08267396253135108,,,0.7,,0.7,0.30000000000000004,0.9685191183755473,0.4018202550351174,5,0.1,0.5,0.6152803488812062,0.607002273276509,0.6134436221446704,0.6155887959328822,0.6173249931952008,0.6152024888922039,0.6164105150054178,0.6127903241342396,0.6161506830227254,0.6095649859079143,1.0,0.611997599630565
3,11,0.25469969949524873,0.9206,5000,1.583953579266866,0.9123649459783914,833,1.5930472905643451,0.9112,0.8029497362588245,0.08316702220188299,,,0.814145349698162,,0.8141559158676773,0.18584408413232267,0.9701702714173478,0.4026145161605857,5,0.1,0.5,0.6089543142616395,0.6084488392351607,0.6202437424272428,0.6139437681208575,0.6128067317973154,0.6184264422472094,0.6160015137823813,0.6165402603075393,0.6146963602348962,0.6211026580869085,0.611997599630565,1.0
4,0,0.2257665668252728,0.93228,5000,1.3709784437108923,0.9364508393285371,834,1.3506820571308318,0.9334,0.7946419396783244,0.0832116604207995,,,0.8141038162432732,,0.8141207770694242,0.1858792229305758,0.9693684025792103,0.3975879067737086,5,0.1,0.5,1.0,0.5984782455615856,0.5963399589078742,0.5958199904120135,0.6028108712344104,0.6000981340320509,0.6015076360224361,0.5891662519575758,0.608046128082357,0.6013836078223499,0.601111835415799,0.5925405431075247
4,1,0.23385031625842023,0.92852,5000,1.334708227051629,0.9448441247002398,834,1.3508455132524047,0.9332,0.7907708325279422,0.08305264751789926,,,0.7756395442193733,,0.7756588524672456,0.22434114753275436,0.9690128831765462,0.3974129066387826,5,0.1,0.5,0.5984782455615856,1.0,0.5962434912841387,0.5907847541204369,0.6024655189323675,0.6005294610847759,0.6037763969058707,0.5821105330612343,0.5972406504599925,0.6026512849790229,0.5802317072482026,0.5958225614093677
4,2,0.23790784895681083,0.92888,5000,1.352840507472003,0.9316546762589928,834,1.350123169323126,0.9334,0.793685805696038,0.08356833857145783,,,0.9003821317867025,,0.9004015862657497,0.09959841373425027,0.9700048342397934,0.39777657092161683,5,0.1,0.5,0.5963399589078742,0.5962434912841387,1.0,0.5949001488684424,0.5971577945026706,0.5985386615975872,0.6037114901762101,0.5904304750387223,0.6010610683806361,0.6019197100265066,0.5948692555022508,0.6001605760607275
4,3,0.23799411722571606,0.9274,5000,1.3340266236552485,0.9448441247002398,834,1.3505770040396303,0.9334,0.7920007041195835,0.08321691016249004,,,0.8153736974211979,,0.8153907936348577,0.18460920636514233,0.9695164348861997,0.39759205396610736,5,0.1,0.5,0.5958199904120135,0.5907847541204369,0.5949001488684424,1.0,0.5980799497562541,0.6098588190205353,0.6056995268589793,0.5903267955376832,0.5872564959942773,0.5984629235758018,0.600489919132911,0.5896622575132834
4,4,0.22313524473244978,0.9314,5000,1.3462026560748066,0.929171668667467,833,1.3505194587067675,0.9335,0.7997298175315654,0.0835075925228299,,,0.8856880252319166,,0.8857035289393103,0.11429647106068974,0.9698387125040553,0.39775982153807843,5,0.1,0.5,0.6028108712344104,0.6024655189323675,0.5971577945026706,0.5980799497562541,1.0,0.6048630296022154,0.6095736537599684,0.599074169682325,0.6123252297998608,0.6019773617562196,0.6037425415945546,0.6030082022785923
4,5,0.22293788533491693,0.93292,5000,1.3663009228529754,0.9207683073229291,833,1.3500855951644362,0.9334,0.8019759346197742,0.08398016298755553,,,0.9999999997581059,,1.0,0.0,0.9700753591433818,0.39780746645169496,5,0.1,0.5,0.6000981340320509,0.6005294610847759,0.5985386615975872,0.6098588190205353,0.6048630296022154,1.0,0.6083289595892408,0.5979069748843696,0.6136966488231153,0.6049386030790729,0.6001176717005319,0.6148040642618451
4,6,0.2205897772288733,0.93488,5000,1.3546378568366721,0.9399759903961584,833,1.3505402795803814,0.9335,0.7995544284217638,0.0835569613980995,,,0.8976300614645061,,0.8976457005170423,0.10235429948295771,0.9699233883004367,0.3977738618680005,5,0.1,0.5,0.6015076360224361,0.6037763969058707,0.6037114901762101,0.6056995268589793,0.6095736537599684,0.6083289595892408,1.0,0.5914404591527203,0.6086957009535511,0.6000264805864942,0.6017142470741994,0.5984178383126735
4,7,0.2311608368744421,0.93036,5000,1.3507726236625954,0.929171668667467,833,1.353015974687692,0.9333,0.7879269071660304,0.08273995049108694,,,0.7,,0.7,0.30000000000000004,0.9678251150684257,0.39680326041785063,5,0.1,0.5,0.5891662519575758,0.5821105330612343,0.5904304750387223,0.5903267955376832,0.599074169682325,0.5979069748843696,0.5914404591527203,1.0,0.5943228405352455,0.5912105235093005,0.6026777253949263,0.5963817620274179
4,8,0.22808177778319377,0.93116,5000,1.3583845606556646,0.9327731092436975,833,1.3502382009554976,0.9334,0.7996203228415211,0.08361670682607666,,,0.9120821238568254,,0.9121028060840319,0.08789719391596806,0.9699808442479075,0.3977868502117891,5,0.1,0.5,0.608046128082357,0.5972406504599925,0.6010610683806361,0.5872564959942773,0.6123252297998608,0.6136966488231153,0.6086957009535511,0.5943228405352455,1.0,0.6055532202349633,0.5983565415305896,0.6065327416306742
4,9,0.23316045522772869,0.93016,5000,1.3700197449436895,0.9255702280912365,833,1.3503451587293094,0.9334,0.7973050230843921,0.0834728955311186,,,0.8772950300519492,,0.8773053561568195,0.12269464384318052,0.9698614164583967,0.39774786814833696,5,0.1,0.5,0.6013836078223499,0.6026512849790229,0.6019197100265066,0.5984629235758018,0.6019773617562196,0.6049386030790729,0.6000264805864942,0.5912105235093005,0.6055532202349633,1.0,0.5980910989826815,0.6052699302001404
4,10,0.22766205013794885,0.93316,5000,1.3392926940211543,0.9303721488595438,833,1.35509732660775,0.933,0.7937761178501106,0.08283044081243005,,,0.7218890685736042,,0.7219065307966468,0.2780934692033532,0.9678484312079648,0.397023218963074,5,0.1,0.5,0.601111835415799,0.5802317072482026,0.5948692555022508,0.600489919132911,0.6037425415945546,0.6001176717005319,0.6017142470741994,0.6026777253949263,0.5983565415305896,0.5980910989826815,1.0,0.6002515917380752
4,11,0.23126661979777227,0.93012,5000,1.340699056784312,0.9351740696278511,833,1.3506090275395792,0.9334,0.7962634276313902,0.08324573275815628,,,0.8223457112635999,,0.8223583153456152,0.1776416846543848,0.969378177639364,0.3976165285463717,5,0.1,0.5,0.5925405431075247,0.5958225614093677,0.6001605760607275,0.5896622575132834,0.6030082022785923,0.6148040642618451,0.5984178383126735,0.5963817620274179,0.6065327416306742,0.6052699302001404,0.6002515917380752,1.0
5,0,0.2055543385345228,0.9386,5000,1.1295258733961318,0.9436450839328537,834,1.1055390111173684,0.9424,0.779957972983771,0.08314266119881311,,,1.0,,1.0,0.0,0.967813105104885,0.39153145548658086,5,0.1,0.5,1.0,0.5736176852220679,0.5683724391512082,0.5746255460791228,0.580547024730324,0.5693952764187437,0.5803005876492692,0.5741935587767195,0.5742678929560096,0.5739552372934231,0.587291549482638,0.5732296085079633
5,1,0.21739388024434447,0.93132,5000,1.0848154447696827,0.9520383693045563,834,1.105686884528151,0.9424,0.7769862230418159,0.08293161592862187,,,1.0,,1.0,0.0,0.967330813078807,0.39153145548658086,5,0.1,0.5,0.5736176852220679,1.0,0.5722677534828065,0.571978127446068,0.5814128884183426,0.5606548348990057,0.5810266850673597,0.5657164382316051,0.5719443724982682,0.5737011685194562,0.5692349202648396,0.58102691421396
5,2,0.21643000528346865,0.93496,5000,1.1096289466928553,0.9436450839328537,834,1.1049633111816626,0.9422,0.7822026193996672,0.08346035735496778,,,1.0,,1.0,0.0,0.9683041598667821,0.39153145548658086,5,0.1,0.5,0.5683724391512082,0.5722677534828065,1.0,0.5732719417878073,0.5757253233945444,0.5726323747358216,0.5839646575040749,0.5821856278956171,0.5771602193330791,0.5861918525629191,0.5760117784953407,0.5811929556074739
5,3,0.2155194508119421,0.93408,5000,1.08512294071692,0.9532374100719424,834,1.1054146809699816,0.9425,0.7788553377871493,0.08310734409782292,,,1.0,,1.0,0.0,0.9678271002906923,0.39153145548658086,5,0.1,0.5,0.5746255460791228,0.571978127446068,0.5732719417878073,1.0,0.5789576613978638,0.574069508950526,0.5756879442641905,0.5650502346790839,0.5696406605039014,0.5781605217030672,0.5806219242067685,0.5772119358477462
5,4,0.20098955793733334,0.93876,5000,1.1002753840552435,0.9387755102040817,833,1.1053848957863097,0.9424,0.787463459221712,0.08360497489410652,,,1.0,,1.0,0.0,0.9682784916112388,0.39153145548658086,5,0.1,0.5,0.580547024730324,0.5814128884183426,0.5757253233945444,0.5789576613978638,1.0,0.5809285049211858,0.5845347354946993,0.5826517954042536,0.5801253944010983,0.5825226595126538,0.5836202121187323,0.5877376260446191
5,5,0.20472344288033,0.93744,5000,1.1238189096804019,0.9327731092436975,833,1.1049246418590364,0.9422,0.7801125708284635,0.08366230369784704,,,1.0,,1.0,0.0,0.9683660433022935,0.39153145548658086,5,0.1,0.5,0.5693952764187437,0.5606548348990057,0.5726323747358216,0.574069508950526,0.5809285049211858,1.0,0.5828264539082754,0.5728821785116461,0.5786149337430958,0.5801152608195754,0.5712611936738358,0.5837133583675598
5,6,0.20677367455094672,0.94028,5000,1.10933444014302,0.9507803121248499,833,1.1054062748107667,0.9423,0.7887787682937639,0.08368432620936378,,,1.0,,1.0,0.0,0.9682972828666976,0.39153145548658086,5,0.1,0.5,0.5803005876492692,0.5810266850673597,0.5839646575040749,0.5756879442641905,0.5845347354946993,0.5828264539082754,1.0,0.5834604617727,0.5833528127594971,0.5809466127219964,0.5866921785550805,0.5880562714489851
5,7,0.20715892795105553,0.93564,5000,1.105141125343464,0.9387755102040817,833,1.107879001111649,0.9424,0.7810376073186721,0.08286506392150303,,,1.0,,1.0,0.0,0.9658182208923157,0.39153145548658086,5,0.1,0.5,0.5741935587767195,0.5657164382316051,0.5821856278956171,0.5650502346790839,0.5826517954042536,0.5728821785116461,0.5834604617727,1.0,0.5744477479948167,0.5792463510576583,0.587381329138601,0.575010085174437
5,8,0.21204736813024921,0.93652,5000,1.1127168205049303,0.9411764705882353,833,1.1050824671507644,0.9421,0.7826426509040695,0.08350821597974947,,,1.0,,1.0,0.0,0.9683262949880779,0.39153145548658086,5,0.1,0.5,0.5742678929560096,0.5719443724982682,0.5771602193330791,0.5696406605039014,0.5801253944010983,0.5786149337430958,0.5833528127594971,0.5744477479948167,1.0,0.5838638495316926,0.5787034583058468,0.5806579912184483
5,9,0.2127755628685188,0.93704,5000,1.128597586243241,0.9315726290516206,833,1.1051789533596832,0.9421,0.7852585710784408,0.08350411359053982,,,1.0,,1.0,0.0,0.9682477435202692,0.39153145548658086,5,0.1,0.5,0.5739552372934231,0.5737011685194562,0.5861918525629191,0.5781605217030672,0.5825226595126538,0.5801152608195754,0.5809466127219964,0.5792463510576583,0.5838638495316926,1.0,0.5727286591349722,0.5866325456743998
5,10,0.21304249184170537,0.93652,5000,1.0938271681467693,0.9375750300120048,833,1.110021973760745,0.9425,0.785481977831476,0.08308212014909384,,,1.0,,1.0,0.0,0.9663911281232188,0.39153145548658086,5,0.1,0.5,0.587291549482638,0.5692349202648396,0.5760117784953407,0.5806219242067685,0.5836202121187323,0.5712611936738358,0.5866921785550805,0.587381329138601,0.5787034583058468,0.5727286591349722,1.0,0.5900774935255075
5,11,0.213371998430556,0.93468,5000,1.0956366150467485,0.9459783913565426,833,1.1054572463035583,0.9424,0.7879500695593528,0.08344690297757068,,,1.0,,1.0,0.0,0.9678945428020947,0.39153145548658086,5,0.1,0.5,0.5732296085079633,0.58102691421396,0.5811929556074739,0.5772119358477462,0.5877376260446191,0.5837133583675598,0.5880562714489851,0.575010085174437,0.5806579912184483,0.5866325456743998,0.5900774935255075,1.0
6,0,0.18746198723685875,0.94452,5000,0.9020549875718576,0.9496402877697842,834,0.8751145580325264,0.9495,0.7680194744855513,0.08316685013648463,,,1.0,,1.0,0.0,0.9667802836253356,0.38455009041482985,5,0.1,0.5,1.0,0.5488633094764706,0.5469294111426047,0.5520248665336281,0.5608429325081398,0.546674905005366,0.5596536122000437,0.5576601320154531,0.5557553027618313,0.5554046447255667,0.5533307778357829,0.5520656729497893
6,1,0.20034654868624296,0.93916,5000,0.8494056948909053,0.9616306954436451,834,0.875234321093026,0.9495,0.7648630996602865,0.0829129908002705,,,1.0,,1.0,0.0,0.9667802836253356,0.38455009041482985,5,0.1,0.5,0.5488633094764706,1.0,0.5534337458608425,0.5520950729380556,0.5591071877421628,0.5479224867830597,0.5547336044174418,0.5444527510784819,0.5503973445936947,0.5514994745784398,0.5478616551303466,0.5507926469317495
6,2,0.21055546173363165,0.9388,5000,0.8810738236815842,0.9532374100719424,834,0.8745664257211045,0.9495,0.7643031900678428,0.08324903263245081,,,1.0,,1.0,0.0,0.9667802836253356,0.38455009041482985,5,0.1,0.5,0.5469294111426047,0.5534337458608425,1.0,0.5461509396352378,0.5500142392677524,0.55230255001808,0.5534496868485561,0.5485715706807363,0.5499331479739525,0.5502549043896365,0.5490046914005445,0.5531375654122617
6,3,0.2016151098398029,0.93916,5000,0.8519010985339129,0.9544364508393285,834,0.8749850797957887,0.9495,0.7692206909542209,0.08318563183645465,,,1.0,,1.0,0.0,0.9667802836253356,0.38455009041482985,5,0.1,0.5,0.5520248665336281,0.5520950729380556,0.5461509396352378,1.0,0.5504028831135022,0.5594433037434886,0.5652492776003762,0.5551012199582411,0.5483790542409567,0.5532493831209873,0.5569786242515885,0.561387693400814
6,4,0.19963350781702263,0.93848,5000,0.8697922472600583,0.9423769507803121,833,0.8749752602638147,0.9494,0.7702925054212508,0.08355853704725683,,,1.0,,1.0,0.0,0.9667802836253356,0.38455009041482985,5,0.1,0.5,0.5608429325081398,0.5591071877421628,0.5500142392677524,0.5504028831135022,1.0,0.5472904943166684,0.555584345449957,0.555571608209292,0.5543124778152827,0.5600905341663327,0.5521061080736371,0.5624435094949228
6,5,0.19845119638154934,0.94144,5000,0.8942095107502408,0.9411764705882353,833,0.8745256146303,0.9495,0.7681231591686755,0.08352027522468707,,,1.0,,1.0,0.0,0.9667802836253356,0.38455009041482985,5,0.1,0.5,0.546674905005366,0.5479224867830597,0.55230255001808,0.5594433037434886,0.5472904943166684,1.0,0.5551777340676918,0.553689260970547,0.557126264464555,0.5631720012178307,0.5463874709053743,0.5581493174128445
6,6,0.1887358473744362,0.94396,5000,0.8782382121792546,0.9555822328931572,833,0.874999175056482,0.9495,0.7740002688659177,0.08374329065171653,,,1.0,,1.0,0.0,0.9667802836253356,0.38455009041482985,5,0.1,0.5,0.5596536122000437,0.5547336044174418,0.5534496868485561,0.5652492776003762,0.555584345449957,0.5551777340676918,1.0,0.5641578475533444,0.5623044130075888,0.5541134463692696,0.5564766823798981,0.5607015612880332
6,7,0.19877234478866693,0.93864,5000,0.8742070705802353,0.9483793517406963,833,0.8772700615584279,0.9493,0.7696902405378049,0.08303919551801962,,,1.0,,1.0,0.0,0.9667802836253356,0.38455009041482985,5,0.1,0.5,0.5576601320154531,0.5444527510784819,0.5485715706807363,0.5551012199582411,0.555571608209292,0.553689260970547,0.5641578475533444,1.0,0.5534660874920141,0.5559945290021248,0.5593930914735329,0.5580096640925951
6,8,0.19288595936255185,0.94212,5000,0.8819188166547705,0.9507803121248499,833,0.8746799758067146,0.9495,0.7688097638262759,0.08344088702272216,,,1.0,,1.0,0.0,0.9667802836253356,0.38455009041482985,5,0.1,0.5,0.5557553027618313,0.5503973445936947,0.5499331479739525,0.5483790542409567,0.5543124778152827,0.557126264464555,0.5623044130075888,0.5534660874920141,1.0,0.5556568794191812,0.5516424893599536,0.5555050278985749
6,9,0.1981066117620772,0.9414,5000,0.8996151288350424,0.9447779111644657,833,0.8747635158106161,0.9496,0.7704784366838454,0.08349723753593669,,,1.0,,1.0,0.0,0.9667802836253356,0.38455009041482985,5,0.1,0.5,0.5554046447255667,0.5514994745784398,0.5502549043896365,0.5532493831209873,0.5600905341663327,0.5631720012178307,0.5541134463692696,0.5559945290021248,0.5556568794191812,1.0,0.5476204486146367,0.5628457540117683
6,10,0.19929716277120124,0.94056,5000,0.8656991510479538,0.9423769507803121,833,0.8792891311950196,0.9493,0.7676295318307045,0.083112288726068,,,1.0,,1.0,0.0,0.9667802836253356,0.38455009041482985,5,0.1,0.5,0.5533307778357829,0.5478616551303466,0.5490046914005445,0.5569786242515885,0.5521061080736371,0.5463874709053743,0.5564766823798981,0.5593930914735329,0.5516424893599536,0.5476204486146367,1.0,0.5651940487536117
6,11,0.19901556869802675,0.9384,5000,0.866901652680503,0.9531812725090036,833,0.8750349966862712,0.9495,0.7737262484949353,0.08357378286793256,,,1.0,,1.0,0.0,0.9667802836253356,0.38455009041482985,5,0.1,0.5,0.5520656729497893,0.5507926469317495,0.5531375654122617,0.561387693400814,0.5624435094949228,0.5581493174128445,0.5607015612880332,0.5580096640925951,0.5555050278985749,0.5628457540117683,0.5651940487536117,1.0
7,0,0.182229367341953,0.9458,5000,0.7083354658550687,0.9544364508393285,834,0.6786363675190618,0.9543,0.7372376631163838,0.08268425637252905,,,0.7,,0.7,0.30000000000000004,0.9607672719484569,0.37509486399491665,5,0.1,0.5,1.0,0.5191913552416884,0.4967402889819846,0.514729086769787,0.5186069004746149,0.514096897059058,0.5292033748279803,0.5107502235383705,0.5139830896379756,0.5167536461563992,0.5123027957985037,0.5098232558436716
7,1,0.1822942488275136,0.94464,5000,0.6487854763313576,0.9664268585131894,834,0.6779373419551423,0.9545,0.7568484934126012,0.08321186902373283,,,0.8149743554515042,,0.8149791677124643,0.18502083228753574,0.9628852415233556,0.3759204728318645,5,0.1,0.5,0.5191913552416884,1.0,0.5291357193758471,0.5282578271164132,0.5447700374630551,0.5267040185072741,0.5451327623147847,0.5183614837101178,0.5311238263509374,0.5344662021865535,0.5245523307288624,0.5327992503773109
7,2,0.19119552344997312,0.94208,5000,0.6845521330833435,0.9580335731414868,834,0.6777146235822489,0.9544,0.743894474270443,0.08297748152186597,,,0.7638979608814628,,0.7639074343657447,0.2360925656342553,0.9622101508421693,0.3756619332203312,5,0.1,0.5,0.4967402889819846,0.5291357193758471,1.0,0.5237774122646064,0.5235166150430314,0.5183551787501681,0.5256372704095162,0.5154675221175646,0.5184754726337443,0.5248387630175568,0.5199688743107084,0.5199119120921158
