round,client_id,client_i_training_loss,client_i_training_accuracy,client_i_training_dataset_size,client_i_evaluation_loss,client_i_evaluation_accuracy,client_i_evaluation_dataset_size,client_i_central_evaluation_loss,client_i_central_evaluation_accuracy,client_i_cosine_similarity,client_i_importance_coefficient,client_i_tanh_val,tanh_normalization_value,client_i_q,client_i_mask_order,client_i_v_nonzero_fraction,client_i_v_sparsity,client_i_v_cosine_similarity,client_i_reward_gradient_norm,local_epochs,learning_rate,gamma,client_0_cosine_similarity,client_1_cosine_similarity,client_2_cosine_similarity,client_3_cosine_similarity,client_4_cosine_similarity,client_5_cosine_similarity,client_6_cosine_similarity,client_7_cosine_similarity,client_8_cosine_similarity,client_9_cosine_similarity,client_10_cosine_similarity,client_11_cosine_similarity
0,0,0.3365198617172279,0.89516,5000,2.1861598315062345,0.4028776978417266,834,2.1781522968706613,0.4137,0.7977151840829612,0.08349997101674253,,,0.7717209812192652,,0.7717333467195422,0.2282666532804578,0,0.3977905150674812,5,0.1,0.5,1.0,0.585442383413205,0.6062914468577186,0.6067859803450119,0.6003956196370381,0.607742048972702,0.6034796394790221,0.5951348973114854,0.6103613763202576,0.5995676570129674,0.6072786993421542,0.5984751730536143
0,1,0.3473291667492669,0.89068,5000,2.1726485093434653,0.4196642685851319,834,2.18021744737229,0.4108,0.7867089440269038,0.0823479047855593,,,0.55,,0.5500125495708047,0.4499874504291953,0,0.3949056927951993,5,0.1,0.5,0.585442383413205,1.0,0.6031216627800683,0.5917432174336421,0.5994467088419005,0.5838292878982058,0.5976848634618943,0.5777751157412009,0.5928440849393257,0.5990594088134393,0.5921445350786283,0.592715773580901
0,2,0.34618653245270253,0.8938,5000,2.182558633663036,0.4088729016786571,834,2.178086608362655,0.4135,0.8065649630472733,0.08442631202387045,,,0.9499999998075448,,0.9500025099141609,0.04999749008583909,0,0.3980594878121936,5,0.1,0.5,0.6062914468577186,0.6031216627800683,1.0,0.6058467912592558,0.6101204797069124,0.6158214263649019,0.6205043970767901,0.5974009249239832,0.6020763900125142,0.6202459640192003,0.6133825424263842,0.6106890689322615
0,3,0.3459891467871275,0.89136,5000,2.1779680340378373,0.4184652278177458,834,2.1784826650406224,0.4127,0.7940867455618061,0.08312016815301645,,,0.6986259964554605,,0.6986396265247728,0.30136037347522715,0,0.3973458851390521,5,0.1,0.5,0.6067859803450119,0.5917432174336421,0.6058467912592558,1.0,0.5952516915772761,0.5953073177077087,0.6049941311642472,0.6019944222320139,0.5909174594030816,0.596195489305709,0.6067696631390672,0.5904845462316012
0,4,0.33744127126054685,0.89352,5000,2.1714111698998346,0.43937575030012005,833,2.178153468397098,0.4137,0.7978095878310294,0.08350985262660136,,,0.7736227470853442,,0.7736358616535315,0.2263641383464685,0,0.3977981302799098,5,0.1,0.5,0.6003956196370381,0.5994467088419005,0.6101204797069124,0.5952516915772761,1.0,0.6015958097614692,0.615673485510839,0.5942158958947364,0.5971793255630709,0.6038324355205311,0.6019321889013716,0.602213162500669
0,5,0.3299442132353593,0.89852,5000,2.1749233493098505,0.4249699879951981,833,2.178235740326464,0.414,0.7963962045367999,0.08336190826442981,,,0.7451501052713007,,0.7451734350685206,0.25482656493147937,0,0.39766732778511077,5,0.1,0.5,0.607742048972702,0.5838292878982058,0.6158214263649019,0.5953073177077087,0.6015958097614692,1.0,0.6091679995772693,0.5979759340687102,0.6009852785982129,0.6040708784064331,0.5981345068340129,0.593723585748591
0,6,0.3319984847276359,0.89792,5000,2.1789453206238925,0.42737094837935174,833,2.17806438287607,0.4142,0.8034589007647173,0.08410118832590828,,,0.8874282974360834,,0.8874403895386778,0.11255961046132223,0,0.3980338589944258,5,0.1,0.5,0.6034796394790221,0.5976848634618943,0.6205043970767901,0.6049941311642472,0.615673485510839,0.6091679995772693,1.0,0.5953532286328791,0.6087879123389949,0.606759242632726,0.6097685366016138,0.6036539585347006
0,7,0.3427313747453936,0.8906,5000,2.187981296468664,0.38895558223289317,833,2.1800503951672927,0.4121,0.7872796330599713,0.08240764104064323,,,0.5614965448453171,,0.5615079564278902,0.4384920435721098,0,0.3952056365496465,5,0.1,0.5,0.5951348973114854,0.5777751157412009,0.5974009249239832,0.6019944222320139,0.5942158958947364,0.5979759340687102,0.5953532286328791,1.0,0.5957357800859749,0.5916573701867418,0.593286736606037,0.5807288006892709
0,8,0.3476382243144474,0.88988,5000,2.17611316398338,0.4369747899159664,833,2.178510931734079,0.4127,0.7938457818409229,0.08309494553708624,,,0.693771776271244,,0.6937804327092013,0.3062195672907987,0,0.3973033040659272,5,0.1,0.5,0.6103613763202576,0.5928440849393257,0.6020763900125142,0.5909174594030816,0.5971793255630709,0.6009852785982129,0.6087879123389949,0.5957357800859749,1.0,0.5924841056590364,0.6016885659649059,0.5909283868167504
0,9,0.34528390515571944,0.8936,5000,2.1797679441946523,0.39015606242497,833,2.1781701279905277,0.4136,0.7975410222399598,0.08348174081486973,,,0.7682124865358371,,0.7682244867225541,0.23177551327744594,0,0.3977764962312899,5,0.1,0.5,0.5995676570129674,0.5990594088134393,0.6202459640192003,0.596195489305709,0.6038324355205311,0.6040708784064331,0.606759242632726,0.5916573701867418,0.5924841056590364,1.0,0.604034044857254,0.6013844720205663
0,10,0.3435861471660767,0.89388,5000,2.1749929498743126,0.4021608643457383,833,2.178119984678567,0.4137,0.7993551753863226,0.08367163532629909,,,0.8047586470452286,,0.8047738567340997,0.19522614326590026,0,0.3979014138254891,5,0.1,0.5,0.6072786993421542,0.5921445350786283,0.6133825424263842,0.6067696631390672,0.6019321889013716,0.5981345068340129,0.6097685366016138,0.593286736606037,0.6016885659649059,0.604034044857254,1.0,0.6082025227641005
0,11,0.352561004942722,0.8884,5000,2.1669970662505538,0.39735894357743096,833,2.1787465418489598,0.4124,0.7927164321589414,0.08297673208497346,,,0.6710209986802338,,0.671040610411124,0.32895938958887605,0,0.3970802532905185,5,0.1,0.5,0.5984751730536143,0.592715773580901,0.6106890689322615,0.5904845462316012,0.602213162500669,0.593723585748591,0.6036539585347006,0.5807288006892709,0.5909283868167504,0.6013844720205663,0.6082025227641005,1.0
1,0,0.3006586360045157,0.90948,5000,2.0286135187855474,0.7122302158273381,834,2.016950517416762,0.7276,0.8126491821193549,0.08338257066792316,,,0.7620808023657881,,0.762100296169871,0.23789970383012904,0.9590627311996432,0.40688732995795307,5,0.1,0.5,1.0,0.633003682669567,0.6313398606221974,0.6192310942040062,0.6391207789798189,0.632116756585625,0.6386557006863963,0.6289114877667265,0.6347791029545963,0.6297236970995761,0.6318206062284901,0.6223542753896066
1,1,0.3068257049426057,0.90532,5000,2.009279961939211,0.7458033573141487,834,2.0219602462963557,0.7204,0.8147393283964466,0.08269445120608952,,,0.5780408266694506,,0.5780533105767782,0.4219466894232218,0.9536545567409739,0.40454886668521545,5,0.1,0.5,0.633003682669567,1.0,0.6314682284958089,0.6254686355730724,0.6405470956590091,0.6287585136070178,0.644835768224935,0.629565025995614,0.638066033876583,0.6415416775036872,0.6230600196101669,0.6302632715918246
1,2,0.30611763131703923,0.90564,5000,2.024105575349596,0.7386091127098321,834,2.0164300268069626,0.7278,0.8137299922953505,0.0840318401236653,,,0.9357302069862381,,0.9357512173083681,0.06424878269163192,0.9599383777461316,0.40719970470945355,5,0.1,0.5,0.6313398606221974,0.6314682284958089,1.0,0.6250299844617353,0.6322079929555439,0.6329604793585036,0.6334183775418765,0.629337995529231,0.6318078628046757,0.6406100071696714,0.6254690645164037,0.6339834515104611
1,3,0.3115267395700334,0.90452,5000,2.0153836188492953,0.7398081534772182,834,2.018532821164725,0.726,0.8062950078245013,0.08291092951334207,,,0.6359387130326403,,0.6359570302695647,0.36404296973043526,0.9568236309924667,0.40568578723316856,5,0.1,0.5,0.6192310942040062,0.6254686355730724,0.6250299844617353,1.0,0.6362223801416269,0.6246008163594571,0.6266874028865381,0.6206086996289496,0.6291843792126951,0.631406374116153,0.6167804134283238,0.6255496632730467
1,4,0.295356830234408,0.90684,5000,2.0074901050991483,0.7490996398559424,833,2.016685911641715,0.7271,0.8200381210064789,0.0836458990158434,,,0.8325088972524783,,0.8325284875257266,0.1674715124742734,0.9592664149052542,0.4071074162658066,5,0.1,0.5,0.6391207789798189,0.6405470956590091,0.6322079929555439,0.6362223801416269,1.0,0.6381949021612535,0.6478807535461232,0.6325283744122902,0.6337844029457689,0.642767131312466,0.6322733945067316,0.6378110266664222
1,5,0.2963507913966562,0.90788,5000,2.01638631467466,0.7154861944777912,833,2.017057534985649,0.728,0.8155935867531037,0.08339373442421254,,,0.7650665883377488,,0.7650870940213844,0.23491290597861558,0.9589098031526933,0.40690065095026867,5,0.1,0.5,0.632116756585625,0.6287585136070178,0.6329604793585036,0.6246008163594571,0.6381949021612535,1.0,0.645635353634583,0.628608912334298,0.6396825092437779,0.6338234821082049,0.6339968701294195,0.6319789574223731
1,6,0.2935871249776642,0.91108,5000,2.0158513387044272,0.7322929171668667,833,2.0164181759563116,0.7277,0.8214424939571822,0.08408519441295986,,,0.9499999997325465,,0.9500025099141609,0.04999749008583909,0.9598802493076558,0.4072022851813016,5,0.1,0.5,0.6386557006863963,0.644835768224935,0.6334183775418765,0.6266874028865381,0.6478807535461232,0.645635353634583,1.0,0.6382948126488271,0.632808963669398,0.6425996172875208,0.6382752319323193,0.635508605574553
1,7,0.3066493374787888,0.90628,5000,2.0276068537323564,0.709483793517407,833,2.0220614138502664,0.7217,0.8105876934709981,0.0825896074704601,,,0.55,,0.5500125495708047,0.4499874504291953,0.9532187649582833,0.4037962189472732,5,0.1,0.5,0.6289114877667265,0.629565025995614,0.629337995529231,0.6206086996289496,0.6325283744122902,0.628608912334298,0.6382948126488271,1.0,0.6302954622596949,0.6301688315104688,0.6310074031342707,0.6264623882344481
1,8,0.3016188799976045,0.90692,5000,2.0170858877676503,0.737094837935174,833,2.017857364191415,0.7273,0.8146800195471511,0.08318569549462722,,,0.709425843280562,,0.7094372772451182,0.2905627227548818,0.95814127873402,0.4065485303385575,5,0.1,0.5,0.6347791029545963,0.638066033876583,0.6318078628046757,0.6291843792126951,0.6337844029457689,0.6396825092437779,0.632808963669398,0.6302954622596949,1.0,0.6318497377335952,0.6291522880585105,0.6314717541715096
1,9,0.30319039207545057,0.90744,5000,2.0207212059586137,0.7046818727490997,833,2.0167352547660804,0.7274,0.8185934763224778,0.08357712676358285,,,0.8141155159624216,,0.814130816726068,0.18586918327393198,0.9592080395520239,0.4070662864092933,5,0.1,0.5,0.6297236970995761,0.6415416775036872,0.6406100071696714,0.631406374116153,0.642767131312466,0.6338234821082049,0.6425996172875208,0.6301688315104688,0.6318497377335952,1.0,0.6331893279559299,0.6415994198730488
1,10,0.30280357872367286,0.90976,5000,2.014134402628298,0.7166866746698679,833,2.0168116770613307,0.727,0.8112494046549248,0.08344727919479429,,,0.7793873259757642,,0.7793936047387179,0.22060639526128212,0.9592291241922734,0.4069584342392279,5,0.1,0.5,0.6318206062284901,0.6230600196101669,0.6254690645164037,0.6167804134283238,0.6322733945067316,0.6339968701294195,0.6382752319323193,0.6310074031342707,0.6291522880585105,0.6331893279559299,1.0,0.6316051819960079
1,11,0.3145289875234768,0.90208,5000,2.0059249621850475,0.7130852340936374,833,2.0184482766416507,0.7272,0.8131849290386945,0.08305567171249972,,,0.6746505244152526,,0.674664926459515,0.32533507354048496,0.9574804441216522,0.4062051635268438,5,0.1,0.5,0.6223542753896066,0.6302632715918246,0.6339834515104611,0.6255496632730467,0.6378110266664222,0.6319789574223731,0.635508605574553,0.6264623882344481,0.6314717541715096,0.6415994198730488,0.6316051819960079,1.0
2,0,0.2650464996054864,0.92004,5000,1.8334489707593564,0.8501199040767387,834,1.8184914101426974,0.8581,0.8106802758883644,0.08319365880402228,,,0.7032002893882859,,0.7032177099543195,0.29678229004568046,0.9679477241310063,0.40706712415025553,5,0.1,0.5,1.0,0.6296305279646756,0.6312111094841246,0.6248454884185982,0.6234684895657445,0.6360268558957771,0.6332717032179036,0.6357107139179784,0.6345979693311785,0.6298872412643106,0.6320250828548468,0.6238566016457887
2,1,0.27607231014853073,0.91512,5000,1.807954470316569,0.8776978417266187,834,1.8260116603808663,0.8529,0.8163978078328483,0.08293810684585276,,,0.6313613308618259,,0.631378946840018,0.36862105315998195,0.9646290594350514,0.40613799205882856,5,0.1,0.5,0.6296305279646756,1.0,0.6400618015452442,0.6261536706003129,0.6379488494856222,0.6386365213885576,0.6458783560621016,0.6321516205886212,0.6339926292048473,0.632186428224545,0.6327076119967036,0.6439931320632403
2,2,0.2779556311666965,0.91592,5000,1.82774641778734,0.8561151079136691,834,1.8168670220877796,0.8592,0.8197142468256884,0.0839359944185446,,,0.9118804255389434,,0.9118969931228352,0.08810300687716477,0.969587296108691,0.4078110485500408,5,0.1,0.5,0.6312111094841246,0.6400618015452442,1.0,0.6288724392343562,0.6382863354775273,0.6472763083368085,0.6450445412628159,0.6384584239967489,0.635048418307174,0.6381026364792597,0.6378894541125508,0.6398063731913941
2,3,0.28544934827739454,0.91264,5000,1.8160233983287104,0.854916067146283,834,1.82336994900871,0.8553,0.8039528344421883,0.08264868105450641,,,0.55,,0.5500125495708047,0.4499874504291953,0.9635859751457009,0.4041860074239975,5,0.1,0.5,0.6248454884185982,0.6261536706003129,0.6288724392343562,1.0,0.6250169953263977,0.6294710158885727,0.6284816048143106,0.6157326150268886,0.6245026141618246,0.6228359859345471,0.6179411686303053,0.6268434504566742
2,4,0.2736738707680421,0.918,5000,1.8062870105107625,0.8643457382953181,833,1.817522887604686,0.8587,0.8157797869633142,0.08354459933290131,,,0.8018542080668141,,0.801872395964058,0.19812760403594198,0.9690444894968897,0.40763851844579785,5,0.1,0.5,0.6234684895657445,0.6379488494856222,0.6382863354775273,0.6250169953263977,1.0,0.6340693753660913,0.6411330217094406,0.6358207555658381,0.6392212869349488,0.6339521061411624,0.635997494494448,0.6383160005181493
2,5,0.26342553297297994,0.92148,5000,1.8217684074684426,0.8499399759903962,833,1.8179677366829528,0.8589,0.8228563681073858,0.08362398944217363,,,0.8241717939240174,,0.8241855328547764,0.17581446714522364,0.9687788727726356,0.4076990626309115,5,0.1,0.5,0.6360268558957771,0.6386365213885576,0.6472763083368085,0.6294710158885727,0.6340693753660913,1.0,0.6488103823582205,0.6441876060332261,0.64463882629804,0.6442932537181433,0.6454949156694726,0.6406215087387289
2,6,0.2642478435994334,0.9222,5000,1.8156691348111187,0.8703481392557023,833,1.8168680797369716,0.8592,0.8226041870860162,0.08407159677172578,,,0.949999999718887,,0.9500025099141609,0.04999749008583909,0.9696069766779691,0.4078217144166569,5,0.1,0.5,0.6332717032179036,0.6458783560621016,0.6450445412628159,0.6284816048143106,0.6411330217094406,0.6488103823582205,1.0,0.6462791427699747,0.642702464373108,0.6385089765262226,0.637313630820434,0.6408087687910511
2,7,0.26911967488207444,0.91652,5000,1.8296326884516962,0.8643457382953181,833,1.826618116122846,0.8528,0.8159894827384063,0.0828547253650258,,,0.6079217188709488,,0.6079363485768786,0.3920636514231214,0.9634193039019028,0.40569117476164623,5,0.1,0.5,0.6357107139179784,0.6321516205886212,0.6384584239967489,0.6157326150268886,0.6358207555658381,0.6441876060332261,0.6462791427699747,1.0,0.6344274432939668,0.6318183307979245,0.6405888920857661,0.6345487821906306
2,8,0.2761174862741665,0.91536,5000,1.819824461583738,0.8739495798319328,833,1.8196929655136012,0.8582,0.814867014866004,0.08320915540886879,,,0.707556585308863,,0.7075749209377039,0.2924250790622961,0.9676978979548715,0.4071076790216906,5,0.1,0.5,0.6345979693311785,0.6339926292048473,0.635048418307174,0.6245026141618246,0.6392212869349488,0.64463882629804,0.642702464373108,0.6344274432939668,1.0,0.6278516568591013,0.6263889297644261,0.6328831043472859
2,9,0.27029760961723365,0.91788,5000,1.824312408765157,0.843937575030012,833,1.817711043281677,0.8587,0.8138676914713154,0.08343278856064316,,,0.7704227547975875,,0.7704382310124994,0.22956176898750058,0.9687778326141875,0.40751927241539515,5,0.1,0.5,0.6298872412643106,0.632186428224545,0.6381026364792597,0.6228359859345471,0.6339521061411624,0.6442932537181433,0.6385089765262226,0.6318183307979245,0.6278516568591013,1.0,0.6315242095113126,0.6337506304759664
2,10,0.2715252160314162,0.91992,5000,1.8163210153579712,0.8475390156062425,833,1.8178526147866783,0.8587,0.8146577298788685,0.08337453212189472,,,0.7540461168836149,,0.7540585311982331,0.24594146880176693,0.9685184670112236,0.4074385760196603,5,0.1,0.5,0.6320250828548468,0.6327076119967036,0.6378894541125508,0.6179411686303053,0.635997494494448,0.6454949156694726,0.637313630820434,0.6405888920857661,0.6263889297644261,0.6315242095113126,1.0,0.6352094408204586
2,11,0.2770742615732323,0.91492,5000,1.8085963902650055,0.8379351740696278,833,1.820502616346073,0.8575,0.8162727980258262,0.08317217187384086,,,0.6971600355893306,,0.6971738366547864,0.3028261633452136,0.9671801928532167,0.4070086478528344,5,0.1,0.5,0.6238566016457887,0.6439931320632403,0.6398063731913941,0.6268434504566742,0.6383160005181493,0.6406215087387289,0.6408087687910511,0.6345487821906306,0.6328831043472859,0.6337506304759664,0.6352094408204586,1.0
3,0,0.24689990211468024,0.92736,5000,1.6094248294830322,0.9064748201438849,834,1.5924045201688528,0.9038,0.8051222306050322,0.08315699727002013,,,0.6804463772330567,,0.6804578083429547,0.31954219165704534,0.9690412250743389,0.4027546070097994,5,0.1,0.5,1.0,0.6146241093410644,0.6176921683860699,0.6177969345353711,0.6194050099254492,0.6232992279606172,0.6268004981713449,0.610065173039556,0.6216454063721651,0.6198095586290946,0.6142037894009018,0.6171531589327008
3,1,0.2519119799504899,0.92416,5000,1.5789973470899794,0.920863309352518,834,1.6026322845452892,0.9003,0.8040344063899553,0.0829498434560071,,,0.6163853405580569,,0.6164047989558757,0.38359520104412426,0.9672994525662862,0.40175462739138385,5,0.1,0.5,0.6146241093410644,1.0,0.614396092587069,0.6122504744008437,0.6203449727167254,0.6208548063359178,0.6258101247456921,0.6109789402991717,0.6193862583605657,0.6211195260695651,0.6176869094294447,0.6156720236873139
3,2,0.2518773263854206,0.92448,5000,1.6034239486411765,0.9052757793764988,834,1.5895781216149132,0.9055,0.8065950896277838,0.08369994101948275,,,0.8483483761052566,,0.848361026052909,0.15163897394709103,0.970918673281837,0.403690499569333,5,0.1,0.5,0.6176921683860699,0.614396092587069,1.0,0.6175419715498425,0.6160197474100569,0.6237290108200858,0.6262609155173773,0.6159653268053743,0.6253630883751042,0.6218844830246414,0.6185334015844127,0.6160172366603357
3,3,0.2559174965758612,0.92392,5000,1.5889894388340138,0.894484412470024,834,1.6012159323159116,0.9009,0.8033745459439704,0.08273517355359945,,,0.55,,0.5500125495708047,0.4499874504291953,0.9643381266311809,0.40005307216687186,5,0.1,0.5,0.6177969345353711,0.6122504744008437,0.6175419715498425,1.0,0.6154761313773819,0.6251932257594299,0.6178107237673881,0.6170116844759592,0.6069502830786868,0.6194031982365045,0.6230057473458933,0.6157024439254467
3,4,0.24457156468348898,0.92648,5000,1.5773705729731806,0.9087635054021609,833,1.590751413339243,0.9053,0.8068927397023946,0.08345111654134506,,,0.7714009440941132,,0.7714170975352643,0.22858290246473567,0.9703808084135239,0.40346020694693574,5,0.1,0.5,0.6194050099254492,0.6203449727167254,0.6160197474100569,0.6154761313773819,1.0,0.620397346024125,0.6236827850765311,0.6232251626326765,0.616663090666976,0.6243516331052894,0.6173555325278256,0.6212549185507397
3,5,0.24372756990372754,0.92732,5000,1.6002164990813643,0.8895558223289316,833,1.5908630225605096,0.9052,0.814052841987412,0.08375325716376217,,,0.8648360642046836,,0.8648461422619347,0.13515385773806532,0.9707739180367561,0.4037157005473307,5,0.1,0.5,0.6232992279606172,0.6208548063359178,0.6237290108200858,0.6251932257594299,0.620397346024125,1.0,0.6349238209319903,0.6234111782912288,0.6339730921457193,0.6258294759887777,0.623766325294768,0.6317976767260044
3,6,0.2377223272333337,0.92904,5000,1.5878564605006464,0.9159663865546218,833,1.589432198399553,0.9055,0.8134494516401943,0.08402865130297665,,,0.9499999996907562,,0.9500025099141609,0.04999749008583909,0.9711135627236132,0.4037673270888104,5,0.1,0.5,0.6268004981713449,0.6258101247456921,0.6262609155173773,0.6178107237673881,0.6236827850765311,0.6349238209319903,1.0,0.6218793302816701,0.6232021957688273,0.6289016296158584,0.6254506047847579,0.6245431861261144
3,7,0.24959577513312933,0.92448,5000,1.602503811871564,0.907563025210084,833,1.6036023533763215,0.9002,0.8049538325719159,0.08292667112098713,,,0.6092194391691186,,0.6092314642839215,0.3907685357160785,0.9668309398274708,0.40160938163534515,5,0.1,0.5,0.610065173039556,0.6109789402991717,0.6159653268053743,0.6170116844759592,0.6232251626326765,0.6234111782912288,0.6218793302816701,1.0,0.6149548584177318,0.618144068715178,0.6256939616807201,0.6211357506270266
3,8,0.24819065080184466,0.92556,5000,1.5954949723349676,0.9087635054021609,833,1.5936006638950433,0.9038,0.8073527056938716,0.08324500289851433,,,0.7076615739284894,,0.7076803373324633,0.29231966266753673,0.9694223466294595,0.4030369378939747,5,0.1,0.5,0.6216454063721651,0.6193862583605657,0.6253630883751042,0.6069502830786868,0.616663090666976,0.6339730921457193,0.6232021957688273,0.6149548584177318,1.0,0.6251344622865733,0.6165074756322417,0.6201648239812155
3,9,0.2522404644495932,0.92524,5000,1.6006325792383265,0.885954381752701,833,1.590969187383073,0.9052,0.8092748093902439,0.08346009744219458,,,0.774178232175615,,0.7741930625972592,0.22580693740274083,0.9702738685210122,0.40347298744093596,5,0.1,0.5,0.6198095586290946,0.6211195260695651,0.6218844830246414,0.6194031982365045,0.6243516331052894,0.6258294759887777,0.6289016296158584,0.618144068715178,0.6251344622865733,1.0,0.6191659501565946,0.6179248651107162
3,10,0.2502923033348504,0.92596,5000,1.59104264665533,0.9027611044417767,833,1.5912286359281205,0.9047,0.8076562416857178,0.0833651023696873,,,0.7448015931172078,,0.744812007429346,0.25518799257065405,0.96995972655382,0.403317804451228,5,0.1,0.5,0.6142037894009018,0.6176869094294447,0.6185334015844127,0.6230057473458933,0.6173555325278256,0.623766325294768,0.6254506047847579,0.6256939616807201,0.6165074756322417,0.6191659501565946,1.0,0.6250085720103046
3,11,0.25530418788504067,0.92136,5000,1.5834777531800446,0.9003601440576231,833,1.5946019293782048,0.9037,0.8075717588914111,0.08322814586142328,,,0.7024486393925433,,0.7024597158777169,0.29754028412228306,0.9692376707042385,0.4029880959050723,5,0.1,0.5,0.6171531589327008,0.6156720236873139,0.6160172366603357,0.6157024439254467,0.6212549185507397,0.6317976767260044,0.6245431861261144,0.6211357506270266,0.6201648239812155,0.6179248651107162,0.6250085720103046,1.0
4,0,0.2232833452427843,0.93228,5000,1.3679848909378052,0.9268585131894485,834,1.348821051966268,0.9241,0.7943859540896016,0.08308968739701467,,,0.6568093784486122,,0.6568244566035841,0.34317554339641587,0.9682389015588709,0.3976450940085166,5,0.1,0.5,1.0,0.5967427542169971,0.6020551691657461,0.5920123184789662,0.607108597336605,0.6036051028072886,0.607393104158847,0.601965480283888,0.6036266181132379,0.5976194430762302,0.6014976785259911,0.5942516356854138
4,1,0.23253181193581526,0.92892,5000,1.3323515212094341,0.9436450839328537,834,1.3605856567906875,0.9213,0.7949395331893623,0.0829713242173386,,,0.6252671976115128,,0.6252848752572662,0.37471512474273383,0.9667779262663531,0.39711912157762735,5,0.1,0.5,0.5967427542169971,1.0,0.6095874265834574,0.5971521370337987,0.6042223673936625,0.5975620383780675,0.6156438539492466,0.593880417771768,0.5952663152969708,0.6010170070565869,0.5982911246583209,0.604746478041443
4,2,0.2350036442089992,0.93028,5000,1.359545800420973,0.9292565947242206,834,1.3440667566019124,0.9255,0.7999616559961596,0.08364580604779531,,,0.8050074506684857,,0.805034887806837,0.19496511219316304,0.970639759719548,0.3988264010394814,5,0.1,0.5,0.6020551691657461,0.6095874265834574,1.0,0.6006705347462911,0.6049463412562986,0.6093976978305276,0.6188562050647813,0.5976079608443605,0.5974234942207762,0.6104322438699351,0.6007342226482264,0.6069363029408598
4,3,0.23848411701204386,0.927,5000,1.344145938202187,0.9124700239808153,834,1.3608866004517284,0.9215,0.7909471800148241,0.08268888132346848,,,0.55,,0.5500125495708047,0.4499874504291953,0.9641226617178249,0.3952548103587873,5,0.1,0.5,0.5920123184789662,0.5971521370337987,0.6006705347462911,1.0,0.604766864811045,0.6007174849059664,0.6064777116704319,0.5911645987818643,0.5911522355810741,0.5965633316786706,0.5984345694352305,0.5978758201758573
4,4,0.21733092735432516,0.93412,5000,1.33164088372831,0.9267707082833133,833,1.3454747664661835,0.9251,0.803564746517579,0.0836064522014645,,,0.7945201847721209,,0.7945283871291602,0.20547161287083981,0.9702633704808818,0.3987896730898463,5,0.1,0.5,0.607108597336605,0.6042223673936625,0.6049463412562986,0.604766864811045,1.0,0.6050865947997165,0.6209722684489661,0.6096108437043442,0.6123213161705061,0.6088750330383798,0.6005362599170486,0.6159923217430149
4,5,0.22258517035656863,0.93292,5000,1.3602248474403664,0.9051620648259304,833,1.3454590952053618,0.9255,0.8013272043050487,0.08372904222705657,,,0.8271887626747465,,0.8272074695045429,0.17279253049545706,0.970795463965574,0.39888762685644075,5,0.1,0.5,0.6036051028072886,0.5975620383780675,0.6093976978305276,0.6007174849059664,0.6050865947997165,1.0,0.6158724919772536,0.6058451788005038,0.6113252726979422,0.6125021936190942,0.6028614651203945,0.6067226078066489
4,6,0.22138701341275102,0.93604,5000,1.3416323352743078,0.9375750300120048,833,1.3437228831239403,0.9258,0.8092640578541928,0.08418989585646475,,,0.9499999997335136,,0.9500025099141609,0.04999749008583909,0.9710563873509344,0.39900575133339217,5,0.1,0.5,0.607393104158847,0.6156438539492466,0.6188562050647813,0.6064777116704319,0.6209722684489661,0.6158724919772536,1.0,0.611210137281675,0.6106436393666572,0.6136649302991306,0.609387852618057,0.6162130206645436
4,7,0.2268001404970552,0.9308,5000,1.3570332129796345,0.929171668667467,833,1.3617373872488832,0.9215,0.7944922105226079,0.08294026326473534,,,0.6169898753338761,,0.6170071783545003,0.38299282164549975,0.9664931306888658,0.39695710623685687,5,0.1,0.5,0.601965480283888,0.593880417771768,0.5976079608443605,0.5911645987818643,0.6096108437043442,0.6058451788005038,0.611210137281675,1.0,0.5971246091374265,0.5948530538267195,0.6094483031159855,0.5972366749996516
4,8,0.2350250432244057,0.93028,5000,1.3525061121693365,0.9255702280912365,833,1.3496380256006892,0.9241,0.7948655570671751,0.0831649852601094,,,0.6768752369434704,,0.676893730234426,0.323106269765574,0.9687913835544542,0.3979163883584874,5,0.1,0.5,0.6036266181132379,0.5952663152969708,0.5974234942207762,0.5911522355810741,0.6123213161705061,0.6113252726979422,0.6106436393666572,0.5971246091374265,1.0,0.5999781409307843,0.5920697870813472,0.6010396144994932
4,9,0.22977824139402836,0.93032,5000,1.3583917573646263,0.9135654261704682,833,1.3459463812672674,0.9249,0.7976847927969477,0.08340665791866615,,,0.7412777202194518,,0.7412981276040359,0.2587018723959641,0.9699731382122602,0.3985151219814657,5,0.1,0.5,0.5976194430762302,0.6010170070565869,0.6104322438699351,0.5965633316786706,0.6088750330383798,0.6125021936190942,0.6136649302991306,0.5948530538267195,0.5999781409307843,1.0,0.5991116698385456,0.6032771586340421
4,10,0.2300404760595055,0.93064,5000,1.3461152337215565,0.9183673469387755,833,1.3464523999454876,0.9249,0.7956297302653805,0.08327158050515716,,,0.7052814229286158,,0.705305958536218,0.294694041463782,0.9694281759345956,0.3982274410478067,5,0.1,0.5,0.6014976785259911,0.5982911246583209,0.6007342226482264,0.5984345694352305,0.6005362599170486,0.6028614651203945,0.609387852618057,0.6094483031159855,0.5920697870813472,0.5991116698385456,1.0,0.6065133253353614
4,11,0.2351519091220893,0.928,5000,1.3402119565893102,0.9183673469387755,833,1.3500642711742998,0.9243,0.798913248789833,0.083295423780729,,,0.7116353322431004,,0.7116560413633853,0.28834395863661466,0.9692326093622572,0.3982859354949854,5,0.1,0.5,0.5942516356854138,0.604746478041443,0.6069363029408598,0.5978758201758573,0.6159923217430149,0.6067226078066489,0.6162130206645436,0.5972366749996516,0.6010396144994932,0.6032771586340421,0.6065133253353614,1.0
5,0,0.20695779423472607,0.93816,5000,1.1270173942601238,0.9304556354916067,834,1.105417439731927,0.9361,0.7843804574157116,0.08319037145467986,,,0.6798853409964533,,0.6798955875709051,0.32010441242909493,0.9669561539660776,0.3908291793809507,5,0.1,0.5,1.0,0.5776170664763252,0.580160837716295,0.5754128170359938,0.5816066326443038,0.5826775040921791,0.587192201325295,0.5706228666731645,0.5915430145134843,0.5740922926368649,0.5868679628139291,0.5710816298551095
5,1,0.21621549919034075,0.93476,5000,1.0863469088519062,0.9484412470023981,834,1.118657484222144,0.9339,0.7798769546517077,0.08295265887000168,,,0.6151886156031032,,0.6152100798152703,0.3847899201847297,0.9659192216166119,0.3898262040042599,5,0.1,0.5,0.5776170664763252,1.0,0.5801137219162931,0.5710148217212084,0.5754225712683739,0.5743341748181048,0.5848453902333373,0.5646172729859176,0.58347913811359,0.5732247566377797,0.5729868104657492,0.579459389670921
5,2,0.21457722770690824,0.93548,5000,1.1164401526804324,0.9376498800959233,834,1.099736424871146,0.9371,0.7838478104950037,0.0835435960321182,,,0.776020232296583,,0.7760353395913859,0.22396466040861407,0.969080944385234,0.391595705334306,5,0.1,0.5,0.580160837716295,0.5801137219162931,1.0,0.5739267440057602,0.5793482412238878,0.5733222824519072,0.5883632051541492,0.5727707117410198,0.5852479880361912,0.5847366006927024,0.5756702876139228,0.5774241926683171
5,3,0.2201306059671815,0.934,5000,1.101367003387875,0.9364508393285371,834,1.1208815607019127,0.9338,0.7784396278309725,0.08271313895284373,,,0.55,,0.5500125495708047,0.4499874504291953,0.9636357514608911,0.3881718207577048,5,0.1,0.5,0.5754128170359938,0.5710148217212084,0.5739267440057602,1.0,0.5701932266508921,0.575741222154723,0.5820594661450312,0.5724743693156482,0.5755858169230155,0.5782654058108747,0.5783592348518478,0.5720897731580648
5,4,0.20200076007468115,0.93828,5000,1.0883437682081152,0.9399759903961584,833,1.1013236874208663,0.9369,0.7824004898107233,0.08346632139181408,,,0.7549888839125938,,0.754997239094423,0.24500276090557704,0.9688465917975896,0.39148104961838126,5,0.1,0.5,0.5816066326443038,0.5754225712683739,0.5793482412238878,0.5701932266508921,1.0,0.5702714593266037,0.5876163575236532,0.5692117000472006,0.5872641945200268,0.5832408572531483,0.5755596252246844,0.5779011335841633
5,5,0.20879885373565896,0.93856,5000,1.1187292999691434,0.929171668667467,833,1.1011284644992207,0.9371,0.7833258492344185,0.08358089574481578,,,0.7861718583575824,,0.7861854324582099,0.21381456754179007,0.9692304357782562,0.39164052435363916,5,0.1,0.5,0.5826775040921791,0.5743341748181048,0.5733222824519072,0.575741222154723,0.5702714593266037,1.0,0.5885886007050103,0.5769623601378744,0.5932508024815455,0.5731418333469243,0.5773477016795816,0.5801835283625302
5,6,0.2068070071933281,0.939,5000,1.0963987950925473,0.9447779111644657,833,1.0991934235103595,0.9371,0.7916683884536672,0.0841828429174334,,,0.9499999997278363,,0.9500025099141609,0.04999749008583909,0.969842119838807,0.39190970421890353,5,0.1,0.5,0.587192201325295,0.5848453902333373,0.5883632051541492,0.5820594661450312,0.5876163575236532,0.5885886007050103,1.0,0.5750432100568853,0.5938577927624653,0.5815025706951796,0.5901239720698541,0.5828124914359084
5,7,0.21257796113076768,0.93696,5000,1.1132498405597828,0.936374549819928,833,1.1207431385311455,0.9337,0.7761925181969108,0.08280217542089757,,,0.5742324903894842,,0.5742432608804778,0.42575673911952217,0.9647651843972571,0.3888796115571593,5,0.1,0.5,0.5706228666731645,0.5646172729859176,0.5727707117410198,0.5724743693156482,0.5692117000472006,0.5769623601378744,0.5750432100568853,1.0,0.5796247119759298,0.5756559306281713,0.5741036230084294,0.5716495718447816
5,8,0.21302224215665821,0.9352,5000,1.1092119172767356,0.9411764705882353,833,1.1054631026027302,0.9362,0.7924708506157345,0.08352555197671202,,,0.7711092962635745,,0.7711259474925958,0.22887405250740422,0.9674379698757868,0.391571350463879,5,0.1,0.5,0.5915430145134843,0.58347913811359,0.5852479880361912,0.5755858169230155,0.5872641945200268,0.5932508024815455,0.5938577927624653,0.5796247119759298,1.0,0.5901133930176033,0.5860476781937984,0.5884947614418697
5,9,0.20974988524214763,0.93704,5000,1.1161929965019226,0.9267707082833133,833,1.1017913469872154,0.937,0.7844266814750465,0.083404013584752,,,0.7380309635365452,,0.7380502986797851,0.2619497013202149,0.9684936892878644,0.39137186151048065,5,0.1,0.5,0.5740922926368649,0.5732247566377797,0.5847366006927024,0.5782654058108747,0.5832408572531483,0.5731418333469243,0.5815025706951796,0.5756559306281713,0.5901133930176033,1.0,0.5808738007451676,0.5829481997565392
5,10,0.2138466408114382,0.93764,5000,1.100997871822781,0.9279711884753902,833,1.1024128870842176,0.9367,0.7850888617395372,0.08333697466146459,,,0.7197854052861765,,0.7197982029014608,0.2802017970985392,0.9678893710197187,0.39122915067014236,5,0.1,0.5,0.5868679628139291,0.5729868104657492,0.5756702876139228,0.5783592348518478,0.5755596252246844,0.5773477016795816,0.5901239720698541,0.5741036230084294,0.5860476781937984,0.5808738007451676,1.0,0.5867365390725328
5,11,0.21829038812618726,0.93208,5000,1.0979273451699152,0.929171668667467,833,1.1062145932033038,0.9359,0.7836269904495655,0.08330145899246713,,,0.7101193310755909,,0.7101400532101803,0.28985994678981974,0.967859131157451,0.3911455984552582,5,0.1,0.5,0.5710816298551095,0.579459389670921,0.5774241926683171,0.5720897731580648,0.5779011335841633,0.5801835283625302,0.5828124914359084,0.5716495718447816,0.5884947614418697,0.5829481997565392,0.5867365390725328,1.0
6,0,0.192470786520013,0.94268,5000,0.9028513232866923,0.9424460431654677,834,0.8792774191679665,0.9444,0.7617439238245004,0.08287885600175557,,,0.5797286255623036,,0.5797399728929271,0.4202600271070729,0.9615252182457771,0.38306184973901397,5,0.1,0.5,1.0,0.5461509984403408,0.5492635364993442,0.5490626205958808,0.5564726757544799,0.5445506905337187,0.5563396868863756,0.5583578066104392,0.5582792916851089,0.5483305806180363,0.5508422720810052,0.5388111203559327
6,1,0.20264466917201593,0.93732,5000,0.8574851044902095,0.9568345323741008,834,0.8926547988535116,0.9431,0.7631698166533001,0.08276950085537692,,,0.55,,0.5500125495708047,0.4499874504291953,0.9605149198251621,0.38220984183602125,5,0.1,0.5,0.5461509984403408,1.0,0.5575256542329704,0.5488674922018375,0.5551150552936918,0.5446124286045004,0.5600991574873943,0.5535187555460125,0.5489794289509337,0.5488688368809894,0.5466790061986394,0.5604865973714601
6,2,0.20229026176699788,0.93912,5000,0.8877457159536856,0.9424460431654677,834,0.8714170284545459,0.9451,0.7730758601023973,0.0835172717095551,,,0.7532844403435142,,0.7533005371216305,0.24669946287836952,0.9661575601208746,0.3855203502901843,5,0.1,0.5,0.5492635364993442,0.5575256542329704,1.0,0.5585963605384466,0.5585185643873481,0.5578950496981464,0.5704086615602078,0.5632928719030811,0.5602684142186504,0.5602995873019493,0.560244907997683,0.5631626873591501
6,3,0.2064083954381644,0.9374,5000,0.8728744453854032,0.947242206235012,834,0.8939019089308791,0.943,0.7704702245766024,0.08286678639807625,,,0.5764474564509255,,0.5764570051704232,0.4235429948295768,0.9608892250986941,0.38297331201244156,5,0.1,0.5,0.5490626205958808,0.5488674922018375,0.5585963605384466,1.0,0.5634382701971624,0.5622169216003222,0.5674338663575622,0.5614891318348795,0.5483970784554539,0.5617997004117453,0.5643212807079693,0.5540980819497263
6,4,0.190880384046442,0.94088,5000,0.8618700393924007,0.9483793517406963,833,0.8728237510108339,0.945,0.7759896771917806,0.08356842077922194,,,0.7671895155991455,,0.7672054615732142,0.23279453842678577,0.9661922091856222,0.38559577536693485,5,0.1,0.5,0.5564726757544799,0.5551150552936918,0.5585185643873481,0.5634382701971624,1.0,0.562890053106661,0.5707564341859143,0.5663247225825192,0.5642761069277016,0.5610205737724362,0.5555782953800867,0.5725167597260885
6,5,0.19028480295151187,0.9434,5000,0.8920458025402493,0.9411764705882353,833,0.8727279105506385,0.9452,0.7724584079605912,0.08352050010421541,,,0.7541620920974741,,0.754173987249636,0.24582601275036398,0.9661734522901605,0.3855258056478765,5,0.1,0.5,0.5445506905337187,0.5446124286045004,0.5578950496981464,0.5622169216003222,0.562890053106661,1.0,0.5702005123560154,0.5724414678909747,0.5643566859372577,0.5536689176947405,0.5585010199313735,0.562234694986237
6,6,0.18702438303334698,0.94484,5000,0.8661743667390611,0.9507803121248499,833,0.8705245452567031,0.9453,0.781381105049458,0.08424087928927254,,,0.9499999997281461,,0.9500025099141609,0.04999749008583909,0.9672458616535483,0.38593964064432856,5,0.1,0.5,0.5563396868863756,0.5600991574873943,0.5704086615602078,0.5674338663575622,0.5707564341859143,0.5702005123560154,1.0,0.5713486908606821,0.5672762915586905,0.5624040018051348,0.5655283824422924,0.5713834026002712
6,7,0.1958043918339832,0.94128,5000,0.88188385742682,0.9459783913565426,833,0.8922512674103149,0.9427,0.776473987088713,0.08313907173130936,,,0.6504692925130859,,0.6504844134330606,0.3495155865669394,0.9616825247878836,0.38448792561624934,5,0.1,0.5,0.5583578066104392,0.5535187555460125,0.5632928719030811,0.5614891318348795,0.5663247225825192,0.5724414678909747,0.5713486908606821,1.0,0.5624887403602173,0.5614945660397269,0.5653694638768215,0.5586565152686953
6,8,0.20469798625915483,0.93888,5000,0.8809747188179581,0.9471788715486195,833,0.8768854849635602,0.9448,0.7724914508838259,0.08348446331204316,,,0.7443653487668423,,0.7443752823653431,0.2556247176346569,0.9660975884856717,0.38546487970656923,5,0.1,0.5,0.5582792916851089,0.5489794289509337,0.5602684142186504,0.5483970784554539,0.5642761069277016,0.5643566859372577,0.5672762915586905,0.5624887403602173,1.0,0.5586233591965282,0.5587953929242712,0.5623176694950887
6,9,0.20155233651589435,0.93936,5000,0.889987775573024,0.9351740696278511,833,0.8737194867560658,0.945,0.7702543867982152,0.083323603559839,,,0.7006349940493436,,0.7006575975101651,0.2993424024898349,0.9655027520031598,0.38510700769832107,5,0.1,0.5,0.5483305806180363,0.5488688368809894,0.5602995873019493,0.5617997004117453,0.5610205737724362,0.5536689176947405,0.5624040018051348,0.5614945660397269,0.5586233591965282,1.0,0.556057239822255,0.5615759905819961
6,10,0.2015943892982308,0.94148,5000,0.8723954403841937,0.9387755102040817,833,0.8742848236720783,0.9446,0.7712198030773652,0.08331269427662256,,,0.6976692626079382,,0.6976808393152955,0.30231916068470455,0.965315692873612,0.3850764722473383,5,0.1,0.5,0.5508422720810052,0.5466790061986394,0.560244907997683,0.5643212807079693,0.5555782953800867,0.5585010199313735,0.5655283824422924,0.5653694638768215,0.5587953929242712,0.556057239822255,1.0,0.5615254918706919
6,11,0.20130752142708583,0.93824,5000,0.8711111148198446,0.9387755102040817,833,0.8777107571641477,0.9449,0.7737389445915258,0.08337795198271207,,,0.7154098260257062,,0.7154309522614326,0.2845690477385674,0.96536915021116,0.38524448266828776,5,0.1,0.5,0.5388111203559327,0.5604865973714601,0.5631626873591501,0.5540980819497263,0.5725167597260885,0.562234694986237,0.5713834026002712,0.5586565152686953,0.5623176694950887,0.5615759905819961,0.5615254918706919,1.0
7,0,0.18221094242896244,0.946,5000,0.7071088618702359,0.947242206235012,834,0.6828261057789714,0.9494,0.7497308865509008,0.08281051248635982,,,0.5568672057258209,,0.5568796747151248,0.4431203252848752,0.9586797964756804,0.37438038452246936,5,0.1,0.5,1.0,0.5290990319806425,0.524211113855354,0.526074754948632,0.5321424036957813,0.5289369207493071,0.5406902751475198,0.5227895754219579,0.5325963040521191,0.5262420634543528,0.5272217580085414,0.512083590105648
