round,client_id,client_i_training_loss,client_i_training_accuracy,client_i_training_dataset_size,client_i_evaluation_loss,client_i_evaluation_accuracy,client_i_evaluation_dataset_size,client_i_central_evaluation_loss,client_i_central_evaluation_accuracy,client_i_cosine_similarity,client_i_importance_coefficient,client_i_tanh_val,tanh_normalization_value,client_i_q,client_i_mask_order,client_i_v_nonzero_fraction,client_i_v_sparsity,client_i_v_cosine_similarity,client_i_reward_gradient_norm,local_epochs,learning_rate,gamma,client_0_cosine_similarity,client_1_cosine_similarity,client_2_cosine_similarity,client_3_cosine_similarity,client_4_cosine_similarity,client_5_cosine_similarity,client_6_cosine_similarity,client_7_cosine_similarity,client_8_cosine_similarity,client_9_cosine_similarity,client_10_cosine_similarity,client_11_cosine_similarity
0,0,2.2289642476731806,0.30108,5000,2.259439053358855,0.11151079136690648,834,2.2638066904232526,0.1008,0.9916862439288604,0.08317821195405613,,,0.95,,0.95001498149061,0.04998501850938997,0,0.09935340674774264,5,0.001,0.1,1.0,0.9842209623905046,0.983138324326466,0.97920550008493,0.9843012315052041,0.9923571752019548,0.9858279429714293,0.9771424239163479,0.9797848219872584,0.9873808795100377,0.9877633249913442,0.9821852634131165
0,1,2.2290572300078764,0.29244,5000,2.2642316906540483,0.10191846522781775,834,2.2638066904232526,0.1008,0.9943029942425454,0.0833976932804888,,,0.95,,0.95001498149061,0.04998501850938997,0,0.09935340674774264,5,0.001,0.1,0.9842209623905046,1.0,0.9806516992766853,0.9847008873504968,0.9936036139318588,0.988561515762532,0.9826960363937504,0.9926085658682453,0.9895411694318698,0.9868774736178905,0.987357484843353,0.9836864585797299
0,2,2.230029264984617,0.2546,5000,2.26151967048645,0.10431654676258993,834,2.2638066904232526,0.1008,0.993933156614284,0.08336667295241584,,,0.95,,0.95001498149061,0.04998501850938997,0,0.09935340674774264,5,0.001,0.1,0.983138324326466,0.9806516992766853,1.0,0.9875274751019792,0.9833677475980035,0.9849615759676211,0.992616271186782,0.9784843716384594,0.9881538887307467,0.9926048849772467,0.9908159040532628,0.9877743627764625
0,3,2.227277463864369,0.24976,5000,2.2635258303748236,0.10671462829736211,834,2.2638066904232526,0.1008,0.99224668299114,0.08322521907893561,,,0.95,,0.95001498149061,0.04998501850938997,0,0.09935340674774264,5,0.001,0.1,0.97920550008493,0.9847008873504968,0.9875274751019792,1.0,0.9883130556773944,0.9816080624549366,0.9854978251327079,0.9823414588543278,0.9911903278234173,0.9825242665382669,0.9821820933767396,0.9848986920221622
0,4,2.2292175538980277,0.29212,5000,2.264346140402335,0.09243697478991597,833,2.2638066904232526,0.1008,0.9944650962067869,0.0834112896690869,,,0.95,,0.95001498149061,0.04998501850938997,0,0.09935340674774264,5,0.001,0.1,0.9843012315052041,0.9936036139318588,0.9833677475980035,0.9883130556773944,1.0,0.9861866859128752,0.9844039013648004,0.9932697856181785,0.99014114614561,0.9847444058101931,0.9874447087868174,0.9806622336403132
0,5,2.225184853061749,0.3084,5000,2.263775657724451,0.0936374549819928,833,2.2638066904232526,0.1008,0.9941535175378301,0.0833851558422586,,,0.95,,0.95001498149061,0.04998501850938997,0,0.09935340674774264,5,0.001,0.1,0.9923571752019548,0.988561515762532,0.9849615759676211,0.9816080624549366,0.9861866859128752,1.0,0.9887776185224857,0.9821588620180662,0.9813231612668332,0.9906140540383901,0.9885604779875935,0.9876145538660706
0,6,2.229481629049702,0.2824,5000,2.268681835245203,0.08523409363745499,833,2.2638066904232526,0.1008,0.9945150650058331,0.08341548082872394,,,0.95,,0.95001498149061,0.04998501850938997,0,0.09935340674774264,5,0.001,0.1,0.9858279429714293,0.9826960363937504,0.992616271186782,0.9854978251327079,0.9844039013648004,0.9887776185224857,1.0,0.9825614221470782,0.9852072955605281,0.9911187832259889,0.9883609430119872,0.9899662280612962
0,7,2.2270870725060723,0.31696,5000,2.261001807672006,0.0936374549819928,833,2.2638066904232526,0.1008,0.9910719329427053,0.08312668629286547,,,0.95,,0.95001498149061,0.04998501850938997,0,0.09935340674774264,5,0.001,0.1,0.9771424239163479,0.9926085658682453,0.9784843716384594,0.9823414588543278,0.9932697856181785,0.9821588620180662,0.9825614221470782,1.0,0.9881095516772975,0.9820027175802846,0.9811139135399239,0.9761906995521644
0,8,2.2303219072378364,0.25116,5000,2.268485775700322,0.11404561824729892,833,2.2638066904232526,0.1008,0.9938315274587706,0.08335814875286203,,,0.95,,0.95001498149061,0.04998501850938997,0,0.09935340674774264,5,0.001,0.1,0.9797848219872584,0.9895411694318698,0.9881538887307467,0.9911903278234173,0.99014114614561,0.9813231612668332,0.9852072955605281,0.9881095516772975,1.0,0.986973242668133,0.9851883943533711,0.9832718394707651
0,9,2.229586985156794,0.29028,5000,2.263945040879426,0.09843937575030012,833,2.2638066904232526,0.1008,0.9951104513041862,0.08346541917164452,,,0.95,,0.95001498149061,0.04998501850938997,0,0.09935340674774264,5,0.001,0.1,0.9873808795100377,0.9868774736178905,0.9926048849772467,0.9825242665382669,0.9847444058101931,0.9906140540383901,0.9911187832259889,0.9820027175802846,0.986973242668133,1.0,0.9914279733057237,0.9878640356292535
0,10,2.228502046074837,0.28516,5000,2.262628193254824,0.11164465786314526,833,2.2638066904232526,0.1008,0.9946502817413375,0.08342682220444067,,,0.95,,0.95001498149061,0.04998501850938997,0,0.09935340674774264,5,0.001,0.1,0.9877633249913442,0.987357484843353,0.9908159040532628,0.9821820933767396,0.9874447087868174,0.9885604779875935,0.9883609430119872,0.9811139135399239,0.9851883943533711,0.9914279733057237,1.0,0.988431159330561
0,11,2.2275976727722555,0.2532,5000,2.26738194183067,0.09603841536614646,833,2.2638066904232526,0.1008,0.9924610588968763,0.0832431999722215,,,0.95,,0.95001498149061,0.04998501850938997,0,0.09935340674774264,5,0.001,0.1,0.9821852634131165,0.9836864585797299,0.9877743627764625,0.9848986920221622,0.9806622336403132,0.9876145538660706,0.9899662280612962,0.9761906995521644,0.9832718394707651,0.9878640356292535,0.988431159330561,1.0
1,0,2.1184181073668658,0.4356,5000,2.210695734730473,0.31534772182254195,834,2.2145289955809475,0.2912,0.9965160846749849,0.0832058649228081,,,0.95,,0.95001498149061,0.04998501850938997,0.9562302118049884,0.09975161171218883,5,0.001,0.1,1.0,0.9939899598263191,0.992557811273255,0.9938233770972872,0.995700614510581,0.9955317005625902,0.9935044820953808,0.992994635388211,0.9928750089775046,0.992814143949875,0.9935596956231287,0.9911542217379307
1,1,2.1174241448663604,0.44376,5000,2.2156915841279208,0.26618705035971224,834,2.2145289955809475,0.2912,0.9981074060207509,0.08339189752573604,,,0.95,,0.95001498149061,0.04998501850938997,0.9562302118049884,0.09975161171218883,5,0.001,0.1,0.9939899598263191,1.0,0.9938822865380244,0.9935651544699873,0.9965979818359169,0.9962216486426927,0.9938296060030412,0.9962597452844932,0.995319242851578,0.9964697870911111,0.9963552910291736,0.9950477521332645
1,2,2.1189967141789237,0.41048,5000,2.210647468213682,0.3381294964028777,834,2.2145289955809475,0.2912,0.9975022923766896,0.08335332819281571,,,0.95,,0.95001498149061,0.04998501850938997,0.9562302118049884,0.09975161171218883,5,0.001,0.1,0.992557811273255,0.9938822865380244,1.0,0.9953326395070458,0.9948001560579248,0.9930446574070847,0.9955437013699412,0.9950211641008253,0.996017148266934,0.9964006193001024,0.9949459733622136,0.9927487638743557
1,3,2.1169941241574137,0.41476,5000,2.214711630785907,0.28776978417266186,834,2.2145289955809475,0.2912,0.9972432190145282,0.0832581819829707,,,0.95,,0.95001498149061,0.04998501850938997,0.9562302118049884,0.09975161171218883,5,0.001,0.1,0.9938233770972872,0.9935651544699873,0.9953326395070458,1.0,0.9950335708222899,0.9949545649470911,0.994348393120263,0.9934334914128156,0.9955278452351031,0.9941069751546496,0.9930471991469167,0.994034209061635
1,4,2.1190385994637846,0.44304,5000,2.213407419345997,0.28691476590636256,833,2.2145289955809475,0.2912,0.9983533906146709,0.08340818143768293,,,0.95,,0.95001498149061,0.04998501850938997,0.9562302118049884,0.09975161171218883,5,0.001,0.1,0.995700614510581,0.9965979818359169,0.9948001560579248,0.9950335708222899,1.0,0.9966078694473395,0.9950985470820338,0.9967720386134404,0.9951020511994508,0.9950359923341076,0.9961360514783375,0.9936030345622898
1,5,2.110477717818728,0.45668,5000,2.2143228937078407,0.2965186074429772,833,2.2145289955809475,0.2912,0.997672040907138,0.0833701483448013,,,0.95,,0.95001498149061,0.04998501850938997,0.9562302118049884,0.09975161171218883,5,0.001,0.1,0.9955317005625902,0.9962216486426927,0.9930446574070847,0.9949545649470911,0.9966078694473395,1.0,0.9946785127953062,0.9957654494727759,0.9935578261584805,0.994455389904447,0.9935620945877097,0.9939565081006958
1,6,2.1191063581758245,0.45556,5000,2.218499607510037,0.26770708283313327,833,2.2145289955809475,0.2912,0.9973852529940068,0.08337949238676277,,,0.95,,0.95001498149061,0.04998501850938997,0.9562302118049884,0.09975161171218883,5,0.001,0.1,0.9935044820953808,0.9938296060030412,0.9955437013699412,0.994348393120263,0.9950985470820338,0.9946785127953062,1.0,0.9961121342160212,0.9944747141378493,0.9945784255455575,0.992939911501725,0.9937915598164457
1,7,2.1135603503816447,0.48248,5000,2.2101646176090948,0.3013205282112845,833,2.2145289955809475,0.2912,0.9978315316940649,0.0832167288977949,,,0.95,,0.95001498149061,0.04998501850938997,0.9562302118049884,0.09975161171218883,5,0.001,0.1,0.992994635388211,0.9962597452844932,0.9950211641008253,0.9934334914128156,0.9967720386134404,0.9957654494727759,0.9961121342160212,1.0,0.994561255737685,0.995371879671497,0.9953828118513635,0.9925695102018948
1,8,2.120838921692721,0.41804,5000,2.2210807270473905,0.2773109243697479,833,2.2145289955809475,0.2912,0.9977208283930303,0.08335515498852461,,,0.95,,0.95001498149061,0.04998501850938997,0.9562302118049884,0.09975161171218883,5,0.001,0.1,0.9928750089775046,0.995319242851578,0.996017148266934,0.9955278452351031,0.9951020511994508,0.9935578261584805,0.9944747141378493,0.994561255737685,1.0,0.9962684345337933,0.9947396303241655,0.9944694390554691
1,9,2.1166509874307424,0.45672,5000,2.215343369377984,0.28331332533013204,833,2.2145289955809475,0.2912,0.9978708728408062,0.08342580944169664,,,0.95,,0.95001498149061,0.04998501850938997,0.9562302118049884,0.09975161171218883,5,0.001,0.1,0.992814143949875,0.9964697870911111,0.9964006193001024,0.9941069751546496,0.9950359923341076,0.994455389904447,0.9945784255455575,0.995371879671497,0.9962684345337933,1.0,0.9952315217608662,0.9939680045845711
1,10,2.1144972055580964,0.43912,5000,2.2142829011987755,0.2917166866746699,833,2.2145289955809475,0.2912,0.9974389004734572,0.08338818247063079,,,0.95,,0.95001498149061,0.04998501850938997,0.9562302118049884,0.09975161171218883,5,0.001,0.1,0.9935596956231287,0.9963552910291736,0.9949459733622136,0.9930471991469167,0.9961360514783375,0.9935620945877097,0.992939911501725,0.9953828118513635,0.9947396303241655,0.9952315217608662,1.0,0.9936343512509157
1,11,2.1159647889957305,0.4114,5000,2.215665896733602,0.28211284513805523,833,2.2145289955809475,0.2912,0.9965561845800396,0.0832470294077755,,,0.95,,0.95001498149061,0.04998501850938997,0.9562302118049884,0.09975161171218883,5,0.001,0.1,0.9911542217379307,0.9950477521332645,0.9927487638743557,0.994034209061635,0.9936030345622898,0.9939565081006958,0.9937915598164457,0.9925695102018948,0.9944694390554691,0.9939680045845711,0.9936343512509157,1.0
2,0,1.959947521823227,0.51192,5000,2.1494113251014992,0.43884892086330934,834,2.1528239608191835,0.4177,0.9980550348020126,0.08323932654503689,,,0.95,,0.95001498149061,0.04998501850938997,0.9835660100291899,0.0998545405317531,5,0.001,0.1,1.0,0.996769210416369,0.996248515052936,0.9964335310416357,0.9968897209847016,0.9970829053630612,0.995684317288895,0.9960035482285164,0.9958426948750696,0.9967127020743601,0.9964152130393721,0.9951653476685901
2,1,1.9543238831173841,0.52156,5000,2.154654926723904,0.3920863309352518,834,2.1528239608191835,0.4177,0.9989204122021673,0.08338134187543096,,,0.95,,0.95001498149061,0.04998501850938997,0.9835660100291899,0.0998545405317531,5,0.001,0.1,0.996769210416369,1.0,0.9967314716371289,0.9962892228169075,0.9976124232370981,0.9976592200752596,0.9967954151166194,0.9978516348522086,0.9971527442456137,0.9979452657299194,0.9977215837909321,0.9970819652874762
2,2,1.9594463893562366,0.5122,5000,2.146917970092208,0.4580335731414868,834,2.1528239608191835,0.4177,0.9986107086067018,0.08334769322569681,,,0.95,,0.95001498149061,0.04998501850938997,0.9835660100291899,0.0998545405317531,5,0.001,0.1,0.996248515052936,0.9967314716371289,1.0,0.9969927716900909,0.9969450626601318,0.99642124862484,0.9971324632771602,0.9970227125905233,0.9974205389296104,0.9977029149668075,0.9972590681920936,0.9960229069068632
2,3,1.9556454254563447,0.51888,5000,2.1533672279781766,0.4028776978417266,834,2.1528239608191835,0.4177,0.9982787913977237,0.08327863192175343,,,0.95,,0.95001498149061,0.04998501850938997,0.9835660100291899,0.0998545405317531,5,0.001,0.1,0.9964335310416357,0.9962892228169075,0.9969927716900909,1.0,0.996248240631286,0.9975480919191082,0.9964370539058048,0.9962681638828972,0.9969053414908045,0.9968688947501959,0.9957921270125228,0.9961446585447811
2,4,1.9574382203399756,0.52568,5000,2.1501068539089627,0.3949579831932773,833,2.1528239608191835,0.4177,0.9987489195166186,0.08338579282115051,,,0.95,,0.95001498149061,0.04998501850938997,0.9835660100291899,0.0998545405317531,5,0.001,0.1,0.9968897209847016,0.9976124232370981,0.9969450626601318,0.996248240631286,1.0,0.9973346942174911,0.9967783563940584,0.9979923969653187,0.9968852070137216,0.9972140696902232,0.9976602637154174,0.9959945767806874
2,5,1.943880557558339,0.5322,5000,2.152381455456769,0.43937575030012005,833,2.1528239608191835,0.4177,0.9987345340443163,0.08336200477679256,,,0.95,,0.95001498149061,0.04998501850938997,0.9835660100291899,0.0998545405317531,5,0.001,0.1,0.9970829053630612,0.9976592200752596,0.99642124862484,0.9975480919191082,0.9973346942174911,1.0,0.9968996303189392,0.9975898350203145,0.9962599173089788,0.9972076038596274,0.996626069426191,0.9967572098585269
2,6,1.9598904810134012,0.54944,5000,2.1558565210413048,0.3937575030012005,833,2.1528239608191835,0.4177,0.9983726930614512,0.08335605613167564,,,0.95,,0.95001498149061,0.04998501850938997,0.9835660100291899,0.0998545405317531,5,0.001,0.1,0.995684317288895,0.9967954151166194,0.9971324632771602,0.9964370539058048,0.9967783563940584,0.9968996303189392,1.0,0.9973884172528942,0.996405728646015,0.9969045348935548,0.9958892188474328,0.9967334356539098
2,7,1.9472119662412413,0.5648,5000,2.146787722905477,0.4189675870348139,833,2.1528239608191835,0.4177,0.99879121260648,0.08326974990838541,,,0.95,,0.95001498149061,0.04998501850938997,0.9835660100291899,0.0998545405317531,5,0.001,0.1,0.9960035482285164,0.9978516348522086,0.9970227125905233,0.9962681638828972,0.9979923969653187,0.9975898350203145,0.9973884172528942,1.0,0.9969279922269305,0.9973748061274841,0.9973717691617838,0.9962734417575361
2,8,1.960255868875297,0.51624,5000,2.1614563641724764,0.41656662665066024,833,2.1528239608191835,0.4177,0.99852182426145,0.08334594465337211,,,0.95,,0.95001498149061,0.04998501850938997,0.9835660100291899,0.0998545405317531,5,0.001,0.1,0.9958426948750696,0.9971527442456137,0.9974205389296104,0.9969053414908045,0.9968852070137216,0.9962599173089788,0.996405728646015,0.9969279922269305,1.0,0.997580718362556,0.9969733877463336,0.9964804835551367
2,9,1.9536428939005372,0.54628,5000,2.1547048180191606,0.40336134453781514,833,2.1528239608191835,0.4177,0.9988830570375818,0.08340093262147558,,,0.95,,0.95001498149061,0.04998501850938997,0.9835660100291899,0.0998545405317531,5,0.001,0.1,0.9967127020743601,0.9979452657299194,0.9977029149668075,0.9968688947501959,0.9972140696902232,0.9972076038596274,0.9969045348935548,0.9973748061274841,0.997580718362556,1.0,0.9972329443604495,0.9964168091050714
2,10,1.951572187235401,0.52716,5000,2.1535653979689986,0.4237695078031212,833,2.1528239608191835,0.4177,0.9985608503123455,0.08336745831974483,,,0.95,,0.95001498149061,0.04998501850938997,0.9835660100291899,0.0998545405317531,5,0.001,0.1,0.9964152130393721,0.9977215837909321,0.9972590681920936,0.9957921270125228,0.9976602637154174,0.996626069426191,0.9958892188474328,0.9973717691617838,0.9969733877463336,0.9972329443604495,1.0,0.9963593615518125
2,11,1.9539975618860523,0.50788,5000,2.150970353020562,0.4297719087635054,833,2.1528239608191835,0.4177,0.9980704206614331,0.08326506719948529,,,0.95,,0.95001498149061,0.04998501850938997,0.9835660100291899,0.0998545405317531,5,0.001,0.1,0.9951653476685901,0.9970819652874762,0.9960229069068632,0.9961446585447811,0.9959945767806874,0.9967572098585269,0.9967334356539098,0.9962734417575361,0.9964804835551367,0.9964168091050714,0.9963593615518125,1.0
3,0,1.7804986470823834,0.56264,5000,2.0736028618282742,0.5383693045563549,834,2.076599310000484,0.5155,0.9986163191399785,0.08326827972420842,,,0.95,,0.95001498149061,0.04998501850938997,0.9936249876993167,0.0998845428517846,5,0.001,0.1,1.0,0.9976246110914123,0.9972579193052987,0.9971568560567042,0.9975065189534482,0.9978957738642306,0.9967886207152441,0.9971963077897081,0.9970384754770856,0.9973686117830254,0.9974754950127838,0.9962598255054002
3,1,1.7713733790027109,0.56116,5000,2.079144526410986,0.47721822541966424,834,2.076599310000484,0.5155,0.9991924749695896,0.0833739542580793,,,0.95,,0.95001498149061,0.04998501850938997,0.9936249876993167,0.0998845428517846,5,0.001,0.1,0.9976246110914123,1.0,0.997669630218257,0.9971740464738618,0.9982018800210012,0.9981556906651837,0.9975348402174905,0.9983010464581019,0.9978069865597691,0.9982711126769532,0.9981930012619148,0.9975379709690803
3,2,1.7780385471453333,0.56672,5000,2.0682859773989075,0.5551558752997602,834,2.076599310000484,0.5155,0.9989074782544959,0.08334412412371697,,,0.95,,0.95001498149061,0.04998501850938997,0.9936249876993167,0.0998845428517846,5,0.001,0.1,0.9972579193052987,0.997669630218257,1.0,0.9975044418818912,0.9973238507971312,0.9973003005134934,0.9978815028371592,0.9974872974577812,0.9978550250431906,0.997953404247683,0.9978493763620462,0.9969728579668411
3,3,1.7732229688364989,0.56804,5000,2.077668631518329,0.5023980815347722,834,2.076599310000484,0.5155,0.9985831785801421,0.08329131135496015,,,0.95,,0.95001498149061,0.04998501850938997,0.9936249876993167,0.0998845428517846,5,0.001,0.1,0.9971568560567042,0.9971740464738618,0.9975044418818912,1.0,0.9967115946184002,0.9980331870622089,0.9971461467099912,0.9968991294991034,0.9974113510338937,0.9975120458441176,0.9967607623151266,0.99686184440289
3,4,1.7767114283932242,0.56812,5000,2.0722547107272677,0.5114045618247299,833,2.076599310000484,0.5155,0.9988744561358035,0.08336642021934058,,,0.95,,0.95001498149061,0.04998501850938997,0.9936249876993167,0.0998845428517846,5,0.001,0.1,0.9975065189534482,0.9982018800210012,0.9973238507971312,0.9967115946184002,1.0,0.9977082658542038,0.9972907146380512,0.9982104215937078,0.9973350522229508,0.9976113515792496,0.997860901754145,0.9968983390802826
3,5,1.7578188478567038,0.5796,5000,2.0758628447850547,0.5282112845138055,833,2.076599310000484,0.5155,0.9990525326606386,0.08335758090547069,,,0.95,,0.95001498149061,0.04998501850938997,0.9936249876993167,0.0998845428517846,5,0.001,0.1,0.9978957738642306,0.9981556906651837,0.9973003005134934,0.9980331870622089,0.9977082658542038,1.0,0.9974751475004928,0.9980290785252145,0.99721292175584,0.9979780246338762,0.9974824708398661,0.9975246738514186
3,6,1.7783391123364685,0.59476,5000,2.0786060801258794,0.49339735894357745,833,2.076599310000484,0.5155,0.9987090620417379,0.0833428486830005,,,0.95,,0.95001498149061,0.04998501850938997,0.9936249876993167,0.0998845428517846,5,0.001,0.1,0.9967886207152441,0.9975348402174905,0.9978815028371592,0.9971461467099912,0.9972907146380512,0.9974751475004928,1.0,0.9976484751200754,0.9971026802904512,0.9974781798286412,0.9970633465114468,0.9972679523118925
3,7,1.7614082701646598,0.6028,5000,2.0678810366877802,0.503001200480192,833,2.076599310000484,0.5155,0.9989684315756013,0.08329829817751117,,,0.95,,0.95001498149061,0.04998501850938997,0.9936249876993167,0.0998845428517846,5,0.001,0.1,0.9971963077897081,0.9983010464581019,0.9974872974577812,0.9968991294991034,0.9982104215937078,0.9980290785252145,0.9976484751200754,1.0,0.997367280758799,0.9976605058061235,0.9978610552961752,0.9971268109153858
3,8,1.7780635024331937,0.56792,5000,2.0879418320126004,0.5198079231692677,833,2.076599310000484,0.5155,0.9988052536455582,0.08333975289731657,,,0.95,,0.95001498149061,0.04998501850938997,0.9936249876993167,0.0998845428517846,5,0.001,0.1,0.9970384754770856,0.9978069865597691,0.9978550250431906,0.9974113510338937,0.9973350522229508,0.99721292175584,0.9971026802904512,0.997367280758799,1.0,0.9978176366644473,0.9976255178430423,0.9972576354178903
3,9,1.7711095115941042,0.5878,5000,2.079301127681026,0.5066026410564226,833,2.076599310000484,0.5155,0.9990300363039316,0.08338072455705539,,,0.95,,0.95001498149061,0.04998501850938997,0.9936249876993167,0.0998845428517846,5,0.001,0.1,0.9973686117830254,0.9982711126769532,0.997953404247683,0.9975120458441176,0.9976113515792496,0.9979780246338762,0.9974781798286412,0.9976605058061235,0.9978176366644473,1.0,0.9976788857039572,0.9971934068645978
3,10,1.769385992949176,0.57396,5000,2.078237462926794,0.5150060024009604,833,2.076599310000484,0.5155,0.9989126878753543,0.08335641175513939,,,0.95,,0.95001498149061,0.04998501850938997,0.9936249876993167,0.0998845428517846,5,0.001,0.1,0.9974754950127838,0.9981930012619148,0.9978493763620462,0.9967607623151266,0.997860901754145,0.9974824708398661,0.9970633465114468,0.9978610552961752,0.9976255178430423,0.9976788857039572,1.0,0.9972667889125976
3,11,1.7687959496382695,0.55868,5000,2.071365126857051,0.5354141656662665,833,2.076599310000484,0.5155,0.9984995025535698,0.08328029334420081,,,0.95,,0.95001498149061,0.04998501850938997,0.9936249876993167,0.0998845428517846,5,0.001,0.1,0.9962598255054002,0.9975379709690803,0.9969728579668411,0.99686184440289,0.9968983390802826,0.9975246738514186,0.9972679523118925,0.9971268109153858,0.9972576354178903,0.9971934068645978,0.9972667889125976,1.0
4,0,1.6162483694447074,0.5928,5000,1.9829411992320307,0.5911270983213429,834,1.9853750966227472,0.5808,0.9986561974205059,0.08328598994356011,,,0.95,,0.95001498149061,0.04998501850938997,0.9970795234263534,0.09988869696805204,5,0.001,0.1,1.0,0.9975813234456115,0.9972373978156492,0.9972767410762499,0.9973039221279841,0.9978984270390998,0.9970759054311779,0.9974596128957212,0.997052393495071,0.9975601439152006,0.99743119903397,0.9966635141059984
4,1,1.60546849700296,0.59436,5000,1.9885190239659063,0.5467625899280576,834,1.9853750966227472,0.5808,0.999181200585299,0.0833677290025007,,,0.95,,0.95001498149061,0.04998501850938997,0.9970795234263534,0.09988869696805204,5,0.001,0.1,0.9975813234456115,1.0,0.9978005460689389,0.997341973323845,0.997956991614854,0.9980423504403858,0.9979186342655764,0.9982091583735301,0.9978116432780142,0.9982859166573885,0.998150318463718,0.9977315723186754
4,2,1.612716491434984,0.60444,5000,1.974056561787923,0.6079136690647482,834,1.9853750966227472,0.5808,0.9988951437786033,0.08334020652229082,,,0.95,,0.95001498149061,0.04998501850938997,0.9970795234263534,0.09988869696805204,5,0.001,0.1,0.9972373978156492,0.9978005460689389,1.0,0.9973038426864759,0.9973883909754809,0.9972257381566415,0.9979122695079117,0.9976414192209795,0.9978128420844845,0.9977410256969478,0.9979695992610773,0.9973693491312811
4,3,1.6072836487915865,0.60532,5000,1.98714577710187,0.5683453237410072,834,1.9853750966227472,0.5808,0.9986241254744493,0.08329907716294782,,,0.95,,0.95001498149061,0.04998501850938997,0.9970795234263534,0.09988869696805204,5,0.001,0.1,0.9972767410762499,0.997341973323845,0.9973038426864759,1.0,0.9970228290632782,0.9980508800555483,0.9970974328531185,0.9971847329486437,0.9973328775493927,0.9975492899982674,0.9968372092465612,0.9971581048593029
4,4,1.6125180142700293,0.598,5000,1.9790992869271173,0.5714285714285714,833,1.9853750966227472,0.5808,0.9988550257324506,0.08335258307207859,,,0.95,,0.95001498149061,0.04998501850938997,0.9970795234263534,0.09988869696805204,5,0.001,0.1,0.9973039221279841,0.997956991614854,0.9973883909754809,0.9970228290632782,1.0,0.9976377920771214,0.9974439253202926,0.9979639229835604,0.997442947605357,0.9978478749383802,0.9977710454828579,0.9971409792310224
4,5,1.590601770437447,0.61388,5000,1.9845085629710444,0.5918367346938775,833,1.9853750966227472,0.5808,0.9990053015038705,0.08335201278796532,,,0.95,,0.95001498149061,0.04998501850938997,0.9970795234263534,0.09988869696805204,5,0.001,0.1,0.9978984270390998,0.9980423504403858,0.9972257381566415,0.9980508800555483,0.9976377920771214,1.0,0.9974268187204319,0.9980263561739156,0.9971326486104777,0.9980929794775902,0.9976017807413987,0.9975876085592904
4,6,1.6126002756653317,0.61956,5000,1.9862726308681347,0.5678271308523409,833,1.9853750966227472,0.5808,0.9988110356592413,0.0833367101292987,,,0.95,,0.95001498149061,0.04998501850938997,0.9970795234263534,0.09988869696805204,5,0.001,0.1,0.9970759054311779,0.9979186342655764,0.9979122695079117,0.9970974328531185,0.9974439253202926,0.9974268187204319,1.0,0.9976230182321978,0.9971990044830152,0.9975240102275311,0.9975071326086694,0.9976662384008615
4,7,1.5946575155683385,0.62684,5000,1.9732998741997614,0.5798319327731093,833,1.9853750966227472,0.5808,0.9990224517177381,0.08331621602549542,,,0.95,,0.95001498149061,0.04998501850938997,0.9970795234263534,0.09988869696805204,5,0.001,0.1,0.9974596128957212,0.9982091583735301,0.9976414192209795,0.9971847329486437,0.9979639229835604,0.9980263561739156,0.9976230182321978,1.0,0.9975522898448054,0.9977822202523088,0.9980074385781557,0.9974790852032147
4,8,1.611973903741047,0.60768,5000,2.0000402530034385,0.5786314525810324,833,1.9853750966227472,0.5808,0.9987837213792414,0.08333393040905537,,,0.95,,0.95001498149061,0.04998501850938997,0.9970795234263534,0.09988869696805204,5,0.001,0.1,0.997052393495071,0.9978116432780142,0.9978128420844845,0.9973328775493927,0.997442947605357,0.9971326486104777,0.9971990044830152,0.9975522898448054,1.0,0.9978050006964563,0.9976528138713565,0.9972723961836103
4,9,1.6060218915058548,0.6184,5000,1.9892151399894997,0.5786314525810324,833,1.9853750966227472,0.5808,0.9990975234569817,0.08336917990337561,,,0.95,,0.95001498149061,0.04998501850938997,0.9970795234263534,0.09988869696805204,5,0.001,0.1,0.9975601439152006,0.9982859166573885,0.9977410256969478,0.9975492899982674,0.9978478749383802,0.9980929794775902,0.9975240102275311,0.9977822202523088,0.9978050006964563,1.0,0.9979309774681603,0.9977078772596132
4,10,1.6052876863509986,0.60696,5000,1.987988723648919,0.5774309723889556,833,1.9853750966227472,0.5808,0.9989859704800756,0.08335067205300206,,,0.95,,0.95001498149061,0.04998501850938997,0.9970795234263534,0.09988869696805204,5,0.001,0.1,0.99743119903397,0.998150318463718,0.9979695992610773,0.9968372092465612,0.9977710454828579,0.9976017807413987,0.9975071326086694,0.9980074385781557,0.9976528138713565,0.9979309774681603,1.0,0.9976310694947489
4,11,1.6015930609338602,0.60044,5000,1.9765327197534066,0.60984393757503,833,1.9853750966227472,0.5808,0.9987286034600612,0.0832956929884296,,,0.95,,0.95001498149061,0.04998501850938997,0.9970795234263534,0.09988869696805204,5,0.001,0.1,0.9966635141059984,0.9977315723186754,0.9973693491312811,0.9971581048593029,0.9971409792310224,0.9975876085592904,0.9976662384008615,0.9974790852032147,0.9972723961836103,0.9977078772596132,0.9976310694947489,1.0
5,0,1.476060559491443,0.6126,5000,1.878253323060495,0.6091127098321343,834,1.8800337451715439,0.6144,0.9984251236409819,0.08329356400040415,,,0.95,,0.95001498149061,0.04998501850938997,0.9980895070990513,0.09987576721090727,5,0.001,0.1,1.0,0.9971745544650057,0.9967374895292367,0.9970963265043685,0.9968468729929285,0.9973869096525427,0.9967389389111505,0.9971468441833876,0.9969069209886844,0.9970511352482894,0.9968758652748224,0.9962593162579159
5,1,1.4645161467752639,0.61784,5000,1.883887935567785,0.5887290167865707,834,1.8800337451715439,0.6144,0.9991122296839812,0.0833658616072279,,,0.95,,0.95001498149061,0.04998501850938997,0.9980895070990513,0.09987576721090727,5,0.001,0.1,0.9971745544650057,1.0,0.9977227494757992,0.9971415208828766,0.9976560813829909,0.9978826825854723,0.9976779177948286,0.9980151353905193,0.9976602290354656,0.9980953012571856,0.998005914620317,0.9974209611547314
5,2,1.47116261477683,0.6306,5000,1.8648303349812825,0.645083932853717,834,1.8800337451715439,0.6144,0.998814573832293,0.08333937845476282,,,0.95,,0.95001498149061,0.04998501850938997,0.9980895070990513,0.09987576721090727,5,0.001,0.1,0.9967374895292367,0.9977227494757992,1.0,0.9969928012659649,0.9970902821074435,0.9971403332249744,0.9975111853266356,0.9975561768299489,0.9977430201117039,0.9974468425967675,0.997812877021936,0.9971326975046975
5,3,1.4665827338862572,0.63052,5000,1.8828214097906042,0.5959232613908872,834,1.8800337451715439,0.6144,0.998486690502544,0.08330357604126591,,,0.95,,0.95001498149061,0.04998501850938997,0.9980895070990513,0.09987576721090727,5,0.001,0.1,0.9970963265043685,0.9971415208828766,0.9969928012659649,1.0,0.9964437589990234,0.9978933505330562,0.9966023801791156,0.9970672632778346,0.9969865937539495,0.9972199692298999,0.9966793404938085,0.9968354864019101
5,4,1.4723518872716623,0.61956,5000,1.8710958825217352,0.6086434573829532,833,1.8800337451715439,0.6144,0.9986489875603897,0.08334162366897646,,,0.95,,0.95001498149061,0.04998501850938997,0.9980895070990513,0.09987576721090727,5,0.001,0.1,0.9968468729929285,0.9976560813829909,0.9970902821074435,0.9964437589990234,1.0,0.9973279617451576,0.9970152112310073,0.9976585632776429,0.9970103053745151,0.9974320849027062,0.9974832420046079,0.9969369464651591
5,5,1.4488598875938707,0.63744,5000,1.879093293790464,0.6290516206482593,833,1.8800337451715439,0.6144,0.9989380718590373,0.08335060375785658,,,0.95,,0.95001498149061,0.04998501850938997,0.9980895070990513,0.09987576721090727,5,0.001,0.1,0.9973869096525427,0.9978826825854723,0.9971403332249744,0.9978933505330562,0.9973279617451576,1.0,0.9971076902594073,0.9977523532724271,0.9969081792738818,0.9978589037763443,0.9975314785208548,0.9975771054210982
5,6,1.471466577660506,0.6348,5000,1.8795226370846783,0.5978391356542617,833,1.8800337451715439,0.6144,0.9985831758739044,0.08332976643219961,,,0.95,,0.95001498149061,0.04998501850938997,0.9980895070990513,0.09987576721090727,5,0.001,0.1,0.9967389389111505,0.9976779177948286,0.9975111853266356,0.9966023801791156,0.9970152112310073,0.9971076902594073,1.0,0.9973452191408788,0.9967352255670746,0.9969937574397884,0.997213013077376,0.9971728788976044
5,7,1.453487895096943,0.64656,5000,1.864005486170451,0.6086434573829532,833,1.8800337451715439,0.6144,0.9989280958716631,0.08332833129135035,,,0.95,,0.95001498149061,0.04998501850938997,0.9980895070990513,0.09987576721090727,5,0.001,0.1,0.9971468441833876,0.9980151353905193,0.9975561768299489,0.9970672632778346,0.9976585632776429,0.9977523532724271,0.9973452191408788,1.0,0.9973679653820771,0.9974171463028326,0.9977273195831426,0.9971936862344366
5,8,1.4687960503966946,0.62708,5000,1.8987874587376912,0.6086434573829532,833,1.8800337451715439,0.6144,0.9986966093145128,0.08333172281662943,,,0.95,,0.95001498149061,0.04998501850938997,0.9980895070990513,0.09987576721090727,5,0.001,0.1,0.9969069209886844,0.9976602290354656,0.9977430201117039,0.9969865937539495,0.9970103053745151,0.9969081792738818,0.9967352255670746,0.9973679653820771,1.0,0.9975727770417829,0.9975984563068903,0.9969832419633969
5,9,1.4642107688697281,0.63788,5000,1.8851498232947455,0.6110444177671068,833,1.8800337451715439,0.6144,0.9989346319750936,0.08336101958251238,,,0.95,,0.95001498149061,0.04998501850938997,0.9980895070990513,0.09987576721090727,5,0.001,0.1,0.9970511352482894,0.9980953012571856,0.9974468425967675,0.9972199692298999,0.9974320849027062,0.9978589037763443,0.9969937574397884,0.9974171463028326,0.9975727770417829,1.0,0.9976395706755254,0.9975971040063257
5,10,1.4640357781367697,0.63008,5000,1.8837014966540866,0.617046818727491,833,1.8800337451715439,0.6144,0.9989073600317103,0.08334879044106816,,,0.95,,0.95001498149061,0.04998501850938997,0.9980895070990513,0.09987576721090727,5,0.001,0.1,0.9968758652748224,0.998005914620317,0.997812877021936,0.9966793404938085,0.9974832420046079,0.9975314785208548,0.997213013077376,0.9977273195831426,0.9975984563068903,0.9976395706755254,1.0,0.997430908825758
5,11,1.457797165964819,0.62856,5000,1.8674445063979537,0.6530612244897959,833,1.8800337451715439,0.6144,0.9986187190353688,0.08330576190574611,,,0.95,,0.95001498149061,0.04998501850938997,0.9980895070990513,0.09987576721090727,5,0.001,0.1,0.9962593162579159,0.9974209611547314,0.9971326975046975,0.9968354864019101,0.9969369464651591,0.9975771054210982,0.9971728788976044,0.9971936862344366,0.9969832419633969,0.9975971040063257,0.997430908825758,1.0
6,0,1.3578819317422854,0.63132,5000,1.7619117939913715,0.6306954436450839,834,1.7630213217232555,0.6382,0.9982036023248735,0.08329722462587641,,,0.95,,0.95001498149061,0.04998501850938997,0.9983635686133743,0.09985666198727852,5,0.001,0.1,1.0,0.9968981679193222,0.996169426776712,0.9967656825644039,0.9960766819825582,0.9967220908477489,0.9964864969256221,0.9967390882089574,0.9966561701665104,0.9965477900216156,0.996441213004732,0.9957740061047604
6,1,1.3459223183856648,0.63756,5000,1.7676133314768474,0.6270983213429256,834,1.7630213217232555,0.6382,0.9989052104705474,0.08336420574511977,,,0.95,,0.95001498149061,0.04998501850938997,0.9983635686133743,0.09985666198727852,5,0.001,0.1,0.9968981679193222,1.0,0.9972087750340978,0.9967526107209846,0.9973678252367209,0.9973588379313975,0.9973555850563635,0.9975210483246539,0.9970079090432212,0.9974557173021027,0.997707870800508,0.9970466414341281
6,2,1.3526891989313115,0.65108,5000,1.7435316333064326,0.6654676258992805,834,1.7630213217232555,0.6382,0.9985881171099952,0.08333773062873157,,,0.95,,0.95001498149061,0.04998501850938997,0.9983635686133743,0.09985666198727852,5,0.001,0.1,0.996169426776712,0.9972087750340978,1.0,0.9964369996493234,0.9965072026570412,0.9965656820732357,0.997327092735664,0.9971584828069504,0.9973303287282212,0.9969149500573745,0.9973193110712948,0.9969439479303872
6,3,1.3478916587343641,0.6458,5000,1.7671633738058585,0.6235011990407674,834,1.7630213217232555,0.6382,0.9983038426589378,0.08330659979864566,,,0.95,,0.95001498149061,0.04998501850938997,0.9983635686133743,0.09985666198727852,5,0.001,0.1,0.9967656825644039,0.9967526107209846,0.9964369996493234,1.0,0.9959052640751512,0.9973507526216575,0.9964528555187505,0.9966943213948826,0.996526182546997,0.9967775148053655,0.9962407180439736,0.9965748270204445
6,4,1.3545287416239453,0.63432,5000,1.7510627508163452,0.6242496998799519,833,1.7630213217232555,0.6382,0.9984004746644825,0.08333305114941794,,,0.95,,0.95001498149061,0.04998501850938997,0.9983635686133743,0.09985666198727852,5,0.001,0.1,0.9960766819825582,0.9973678252367209,0.9965072026570412,0.9959052640751512,1.0,0.996942995686854,0.996652581332368,0.9972426464227405,0.996285135156869,0.9968196358026453,0.9971827145427133,0.9966504817730587
6,5,1.3293199014511838,0.6538,5000,1.761847941963761,0.6530612244897959,833,1.7630213217232555,0.6382,0.9986732896436602,0.08334736349873285,,,0.95,,0.95001498149061,0.04998501850938997,0.9983635686133743,0.09985666198727852,5,0.001,0.1,0.9967220908477489,0.9973588379313975,0.9965656820732357,0.9973507526216575,0.996942995686854,1.0,0.996748022262684,0.9972326848651561,0.9962629103362314,0.9972238361895822,0.9972680266820987,0.9972269504962951
6,6,1.3540096404446158,0.65284,5000,1.761058591030262,0.6278511404561825,833,1.7630213217232555,0.6382,0.9985620180958789,0.08333099374770782,,,0.95,,0.95001498149061,0.04998501850938997,0.9983635686133743,0.09985666198727852,5,0.001,0.1,0.9964864969256221,0.9973555850563635,0.997327092735664,0.9964528555187505,0.996652581332368,0.996748022262684,1.0,0.9969532689502776,0.9966101646301664,0.9968420233027788,0.9971119272496661,0.9970298631974502
6,7,1.3352089886452743,0.65776,5000,1.7425888909233942,0.6374549819927972,833,1.7630213217232555,0.6382,0.9987432950298942,0.08333596454614661,,,0.95,,0.95001498149061,0.04998501850938997,0.9983635686133743,0.09985666198727852,5,0.001,0.1,0.9967390882089574,0.9975210483246539,0.9971584828069504,0.9966943213948826,0.9972426464227405,0.9972326848651561,0.9969532689502776,1.0,0.996940769555734,0.9968840196532719,0.9974758940637743,0.9968997916347734
6,8,1.350938301633118,0.64436,5000,1.7865401815485071,0.6386554621848739,833,1.7630213217232555,0.6382,0.998463610453392,0.08332901728538919,,,0.95,,0.95001498149061,0.04998501850938997,0.9983635686133743,0.09985666198727852,5,0.001,0.1,0.9966561701665104,0.9970079090432212,0.9973303287282212,0.996526182546997,0.996285135156869,0.9962629103362314,0.9966101646301664,0.996940769555734,1.0,0.9971234133641168,0.9970689285241733,0.99657883481631
6,9,1.3441720066556506,0.65548,5000,1.7696411300588537,0.6206482593037215,833,1.7630213217232555,0.6382,0.998665376583539,0.08335349553339055,,,0.95,,0.95001498149061,0.04998501850938997,0.9983635686133743,0.09985666198727852,5,0.001,0.1,0.9965477900216156,0.9974557173021027,0.9969149500573745,0.9967775148053655,0.9968196358026453,0.9972238361895822,0.9968420233027788,0.9968840196532719,0.9971234133641168,1.0,0.9970262508222487,0.9971921658261584
6,10,1.346013959198241,0.65084,5000,1.7674502796596951,0.6338535414165666,833,1.7630213217232555,0.6382,0.9987681113971286,0.08334931195829483,,,0.95,,0.95001498149061,0.04998501850938997,0.9983635686133743,0.09985666198727852,5,0.001,0.1,0.996441213004732,0.997707870800508,0.9973193110712948,0.9962407180439736,0.9971827145427133,0.9972680266820987,0.9971119272496661,0.9974758940637743,0.9970689285241733,0.9970262508222487,1.0,0.9971955813689831
6,11,1.3389414404607882,0.64816,5000,1.7467883692847357,0.6758703481392557,833,1.7630213217232555,0.6382,0.9985238582445986,0.08331504148254687,,,0.95,,0.95001498149061,0.04998501850938997,0.9983635686133743,0.09985666198727852,5,0.001,0.1,0.9957740061047604,0.9970466414341281,0.9969439479303872,0.9965748270204445,0.9966504817730587,0.9972269504962951,0.9970298631974502,0.9968997916347734,0.99657883481631,0.9971921658261584,0.9971955813689831,1.0
7,0,1.2569698740722268,0.6482,5000,1.6379638777838812,0.6462829736211031,834,1.6383141591526067,0.6593,0.9980685421388954,0.08330285602830793,,,0.95,,0.95001498149061,0.04998501850938997,0.9979280324306861,0.09983265638059977,5,0.001,0.1,1.0,0.9964390697289407,0.995716478196324,0.996251754641279,0.9957017564989289,0.9964407183129871,0.9960155050596072,0.9965578052578254,0.9962442854085828,0.9962876026241594,0.9959984696391054,0.9951296001862906
7,1,1.2448191781712186,0.656,5000,1.643887956937154,0.6618705035971223,834,1.6383141591526067,0.6593,0.9986779061067462,0.08336360522448029,,,0.95,,0.95001498149061,0.04998501850938997,0.9979280324306861,0.09983265638059977,5,0.001,0.1,0.9964390697289407,1.0,0.9965799765270141,0.9961072364702726,0.9968563077342735,0.9969460907474725,0.9970274228181474,0.9969247792912184,0.9966155814145378,0.9971110364176964,0.997066965344151,0.996405587795325
7,2,1.2503655774578168,0.66688,5000,1.6142803783769961,0.6858513189448441,834,1.6383141591526067,0.6593,0.9982813181131913,0.08333456656954355,,,0.95,,0.95001498149061,0.04998501850938997,0.9979280324306861,0.09983265638059977,5,0.001,0.1,0.995716478196324,0.9965799765270141,1.0,0.9957351292127647,0.995888271814719,0.996288019828307,0.9966838605478653,0.9965072866911703,0.9968183531405624,0.9960769150945529,0.9969156675202382,0.9961199950704307
