round,client_id,client_i_training_loss,client_i_training_accuracy,client_i_training_dataset_size,client_i_evaluation_loss,client_i_evaluation_accuracy,client_i_evaluation_dataset_size,client_i_central_evaluation_loss,client_i_central_evaluation_accuracy,client_i_cosine_similarity,client_i_importance_coefficient,client_i_tanh_val,tanh_normalization_value,client_i_q,client_i_mask_order,client_i_v_nonzero_fraction,client_i_v_sparsity,client_i_v_cosine_similarity,client_i_reward_gradient_norm,local_epochs,learning_rate,gamma,client_0_cosine_similarity,client_1_cosine_similarity,client_2_cosine_similarity,client_3_cosine_similarity,client_4_cosine_similarity,client_5_cosine_similarity,client_6_cosine_similarity,client_7_cosine_similarity,client_8_cosine_similarity,client_9_cosine_similarity,client_10_cosine_similarity,client_11_cosine_similarity
0,0,0.32983762874345113,0.89728,5000,2.18945230378045,0.35611510791366907,834,2.1821184287817714,0.3531,0.7973818549478251,0.08379251891870361,,,0.9341235155338944,,0.9341348325887254,0.06586516741127457,0,0.39650178395567076,5,0.1,0.5,1.0,0.5946742134305569,0.60251375285036,0.5954487708763759,0.603849327040765,0.6065512601014575,0.599379189470974,0.6005560335563529,0.6053860619095319,0.5975095101563406,0.60154823667079,0.5805859018611629
0,1,0.3431762701446179,0.892,5000,2.1759425004323325,0.3657074340527578,834,2.1824370237965933,0.3541,0.7836876303082181,0.08235346739016547,,,0.7114669244151368,,0.7114853672004418,0.28851463279955825,0,0.3958633745626847,5,0.1,0.5,0.5946742134305569,1.0,0.5987017925799529,0.5798081931943214,0.5978347439308942,0.579982224395176,0.590904997509881,0.5790284793625564,0.5847640792669548,0.5949741617955753,0.5879273608989816,0.5690857683338445
0,2,0.34998814295858716,0.88952,5000,2.185328174520422,0.3800959232613909,834,2.182125074794879,0.3531,0.7981017686002555,0.08386817072588582,,,0.9458287068804996,,0.9458460920636514,0.054153907936348555,0,0.3965038781775629,5,0.1,0.5,0.60251375285036,0.5987017925799529,1.0,0.5867333937529585,0.6084665406809748,0.6009454369283868,0.6073677736347514,0.5970501115295547,0.6071794687464007,0.6006071983923866,0.5905547141351883,0.5947328785426829
0,3,0.34362660379024446,0.89484,5000,2.1799805959065757,0.35731414868105515,834,2.1822854611820306,0.3534,0.7867498063725852,0.08267525480508309,,,0.761255335357765,,0.7612720244967622,0.23872797550323777,0,0.39617379689862825,5,0.1,0.5,0.5954487708763759,0.5798081931943214,0.5867333937529585,1.0,0.594130881383049,0.5901270246253696,0.600353023036426,0.594100386201792,0.5803610800100131,0.5894631946464043,0.5970684094434732,0.5792317706600277
0,4,0.33565751190184595,0.89452,5000,2.185237725575765,0.36014405762304924,833,2.182123800436148,0.3531,0.8008184706095792,0.08415365415280383,,,0.9899999998452754,,0.9900005019828322,0.009999498017167818,0,0.39650608972742046,5,0.1,0.5,0.603849327040765,0.5978347439308942,0.6084665406809748,0.594130881383049,1.0,0.6031927207852805,0.6038384078608959,0.6032835801812537,0.614315719397704,0.5975841324541152,0.5933604145202779,0.6008491238094307
0,5,0.33607140572824673,0.89596,5000,2.1885064707862005,0.34093637454981995,833,2.1821175375685526,0.3531,0.7975446925930543,0.0838096306405015,,,0.9367711188810519,,0.9367853019426735,0.06321469805732649,0,0.3965023717363689,5,0.1,0.5,0.6065512601014575,0.579982224395176,0.6009454369283868,0.5901270246253696,0.6031927207852805,1.0,0.6042684085749285,0.605136938101713,0.6118863230221836,0.5930692537450665,0.5933556045832921,0.6010366472029477
0,6,0.3315912679525887,0.89808,5000,2.1871074217337148,0.32292917166866747,833,2.182118364035512,0.3529,0.7959996769172231,0.0836472733527811,,,0.9116504616215912,,0.911671100848351,0.08832889915164899,0,0.3964945346745439,5,0.1,0.5,0.599379189470974,0.590904997509881,0.6073677736347514,0.600353023036426,0.6038384078608959,0.6042684085749285,1.0,0.5946009444750411,0.6077151551927955,0.5919287682807354,0.5970162706726257,0.5774763066089407
0,7,0.33652334493958647,0.89512,5000,2.180956796363548,0.3673469387755102,833,2.1821456382068964,0.3528,0.7933702977871077,0.08337096621193318,,,0.8688989653319033,,0.8689071833743286,0.1310928166256714,0,0.3964622793332612,5,0.1,0.5,0.6005560335563529,0.5790284793625564,0.5970501115295547,0.594100386201792,0.6032835801812537,0.605136938101713,0.5946009444750411,1.0,0.6035270508668552,0.5889553499837175,0.5910620820050186,0.5925267352168485
0,8,0.33539646767008646,0.89572,5000,2.1823281976911755,0.3349339735894358,833,2.1821231567821564,0.3531,0.7982546199461523,0.08388423304184316,,,0.9483139413878191,,0.9483258872546559,0.05167411274534406,0,0.39650418884761346,5,0.1,0.5,0.6053860619095319,0.5847640792669548,0.6071794687464007,0.5803610800100131,0.614315719397704,0.6118863230221836,0.6077151551927955,0.6035270508668552,1.0,0.5927463794393024,0.5991523088101189,0.5892739861337881
0,9,0.34512195620614633,0.89064,5000,2.184388037081118,0.3469387755102041,833,2.1822069620552917,0.3525,0.7902259999178968,0.08304054906354055,,,0.8177753228150717,,0.8177952914010341,0.18220470859896587,0,0.39637298671064525,5,0.1,0.5,0.5975095101563406,0.5949741617955753,0.6006071983923866,0.5894631946464043,0.5975841324541152,0.5930692537450665,0.5919287682807354,0.5889553499837175,0.5927463794393024,1.0,0.5916971166411029,0.5813710296848285
0,10,0.33721850881602167,0.89608,5000,2.1875045034620495,0.34813925570228094,833,2.182176920552604,0.3529,0.7910289448035516,0.08312492617107618,,,0.8308305322775354,,0.8308518648662215,0.16914813513377847,0,0.39640225912253124,5,0.1,0.5,0.60154823667079,0.5879273608989816,0.5905547141351883,0.5970684094434732,0.5933604145202779,0.5933556045832921,0.5970162706726257,0.5910620820050186,0.5991523088101189,0.5916971166411029,1.0,0.584804515925264
0,11,0.3462911694696185,0.8904,5000,2.1845505149276168,0.3553421368547419,833,2.182464355858751,0.3543,0.7829823709755513,0.0822793555256825,,,0.7,,0.7,0.30000000000000004,0,0.39576795099521644,5,0.1,0.5,0.5805859018611629,0.5690857683338445,0.5947328785426829,0.5792317706600277,0.6008491238094307,0.6010366472029477,0.5774763066089407,0.5925267352168485,0.5892739861337881,0.5813710296848285,0.584804515925264,1.0
1,0,0.29349751817596376,0.91312,5000,2.0216213773798057,0.6894484412470024,834,2.0114117422804667,0.6919,0.8168625204084177,0.08374674972108437,,,0.9514429475854811,,0.9514582601275037,0.048541739872496326,0.9627135754529723,0.40685602878387284,5,0.1,0.5,1.0,0.6311143711458759,0.6300865957596287,0.6271979325831339,0.634706523341666,0.6339882403873273,0.6479501257922529,0.6373044947069249,0.6380678253471361,0.6337998192473742,0.6296527913966704,0.6302315895592653
1,1,0.30027491521790245,0.90808,5000,2.001829394587764,0.7134292565947242,834,2.012197525356524,0.6922,0.8105119079546603,0.08257541792819702,,,0.7241319083970572,,0.7241453742282014,0.27585462577179864,0.9607947955557578,0.4062757772697784,5,0.1,0.5,0.6311143711458759,1.0,0.6330620386314565,0.6268486468416087,0.6324985553645865,0.6278599098112357,0.638688864326913,0.6260291992995333,0.6312490749038501,0.6313860190715761,0.6184635330702849,0.621228786828979
1,2,0.302543313033689,0.90812,5000,2.0185767632943614,0.7074340527577938,834,2.011419634468639,0.692,0.8130823013154361,0.08366530045541658,,,0.9356367367983212,,0.9356558405702525,0.06434415942974747,0.9627096456826173,0.4068531319948915,5,0.1,0.5,0.6300865957596287,0.6330620386314565,1.0,0.6292578370138007,0.6323998046817879,0.6203948609625204,0.6411828290230546,0.6256496219728225,0.6365750081533058,0.6348720623609231,0.6273850301454044,0.6261127456024542
1,3,0.3087571572251381,0.90668,5000,2.006075620651245,0.6870503597122302,834,2.011796407044505,0.6932,0.8093858373918337,0.08274882324528757,,,0.7577832982662656,,0.7577983032980272,0.24220169670197278,0.9616018338448719,0.4064930364358253,5,0.1,0.5,0.6271979325831339,0.6268486468416087,0.6292578370138007,1.0,0.6228282531516746,0.6282411810759881,0.6439261196944859,0.6203067779396598,0.6259037681351881,0.6357255283908791,0.6243247092407811,0.6216238111329104
1,4,0.2967186993421026,0.90932,5000,2.0127185538963035,0.7106842737094838,833,2.011415697896062,0.6917,0.8157159704087165,0.0839454338732799,,,0.9899999998059379,,0.9900005019828322,0.009999498017167818,0.9627213125216635,0.4068578564180355,5,0.1,0.5,0.634706523341666,0.6324985553645865,0.6323998046817879,0.6228282531516746,1.0,0.6310796441133132,0.6429956389939167,0.6345475007911264,0.638117375307955,0.6373581727199343,0.6273888233874847,0.627375255305982
1,5,0.2915401786886108,0.9086,5000,2.0208519476431386,0.6698679471788715,833,2.0114122731997943,0.6919,0.8149869187787869,0.0836928469143469,,,0.9409824588588307,,0.9410019577330455,0.05899804226695449,0.9627113862969282,0.40685431834972924,5,0.1,0.5,0.6339882403873273,0.6278599098112357,0.6203948609625204,0.6282411810759881,0.6310796441133132,1.0,0.6409444986870214,0.6284311196606396,0.6437466418791765,0.6411585984529569,0.6301896265354776,0.6297583180054841
1,6,0.2898237969150921,0.91216,5000,2.0150805137775563,0.6770708283313326,833,2.0114100474519088,0.6919,0.8240291986208959,0.08389996066677866,,,0.9811753765115003,,0.9811957231062698,0.01880427689373021,0.9626785674251082,0.40685777387097316,5,0.1,0.5,0.6479501257922529,0.638688864326913,0.6411828290230546,0.6439261196944859,0.6429956389939167,0.6409444986870214,1.0,0.6416461109515119,0.6429903643712489,0.6353121025505152,0.6321790287425629,0.6369688448368013
1,7,0.2986880480887214,0.9088,5000,2.0088110897276135,0.7070828331332533,833,2.0114468602707594,0.6923,0.8105712376736106,0.08324957920346891,,,0.854961021884106,,0.8549671201244917,0.14503287987550828,0.962470895444418,0.4067910250869464,5,0.1,0.5,0.6373044947069249,0.6260291992995333,0.6256496219728225,0.6203067779396598,0.6345475007911264,0.6284311196606396,0.6416461109515119,1.0,0.6264741644190325,0.6286612985362816,0.6218912630652512,0.6234869329517203
1,8,0.29647677415258183,0.90936,5000,2.013483312394884,0.6746698679471789,833,2.0114134553903207,0.6919,0.8167935543763688,0.08380493294488829,,,0.9627341027872032,,0.9627478540233924,0.03725214597660764,0.9627168094439006,0.4068570986092947,5,0.1,0.5,0.6380678253471361,0.6312490749038501,0.6365750081533058,0.6259037681351881,0.638117375307955,0.6437466418791765,0.6429903643712489,0.6264741644190325,1.0,0.6333475621442803,0.6271129354180162,0.6293081840835135
1,9,0.3012341925340473,0.90828,5000,2.01695618364546,0.6770708283313326,833,2.0115098599046943,0.6925,0.8158283638494946,0.08321409083574181,,,0.8480740767878214,,0.8480899553235279,0.15191004467647207,0.9622640518067025,0.40678050962670587,5,0.1,0.5,0.6337998192473742,0.6313860190715761,0.6348720623609231,0.6357255283908791,0.6373581727199343,0.6411585984529569,0.6353121025505152,0.6286612985362816,0.6333475621442803,1.0,0.6291754563980907,0.626517332404986
1,10,0.303781339170257,0.90768,5000,2.01395994204062,0.6902761104441777,833,2.0115243855375833,0.6925,0.8082337859984645,0.08300579779580192,,,0.8076523041936173,,0.8076702976758194,0.19232970232418056,0.9622032474317085,0.4066907541712861,5,0.1,0.5,0.6296527913966704,0.6184635330702849,0.6273850301454044,0.6243247092407811,0.6273888233874847,0.6301896265354776,0.6321790287425629,0.6218912630652512,0.6271129354180162,0.6291754563980907,1.0,0.6250445555878417
1,11,0.30404845184889756,0.90564,5000,2.009211946416784,0.7010804321728692,833,2.0123927901728083,0.6923,0.8083431436056163,0.08245106641570805,,,0.7,,0.7,0.30000000000000004,0.9604466698759238,0.4060646864191248,5,0.1,0.5,0.6302315895592653,0.621228786828979,0.6261127456024542,0.6216238111329104,0.627375255305982,0.6297583180054841,0.6369688448368013,0.6234869329517203,0.6293081840835135,0.626517332404986,0.6250445555878417,1.0
2,0,0.26507405613424484,0.92104,5000,1.8143288250322696,0.8441247002398081,834,1.8013770172771173,0.8525,0.8134018957077781,0.08353612249102546,,,0.8890205896598495,,0.889031675116711,0.110968324883289,0.9692191699599347,0.40768594334210356,5,0.1,0.5,1.0,0.6327579344419455,0.6280856328020202,0.6275812621840958,0.6366177797623446,0.6266587302539085,0.6417458175423595,0.6276423369799518,0.633489021584301,0.6350474047617052,0.6360431000629719,0.6317100740475838
2,1,0.27345274163137195,0.91656,5000,1.7876978229593348,0.8621103117505995,834,1.8028135886207557,0.8526,0.8153930443110098,0.08283214015974458,,,0.7330192513096173,,0.7330354901862356,0.2669645098137644,0.9677011620014869,0.4071277370019143,5,0.1,0.5,0.6327579344419455,1.0,0.6381114714664577,0.6289641183466265,0.6358276875619395,0.6351049568486148,0.6423722010048886,0.6318322914721528,0.631626151010207,0.6369114951839914,0.6348249143102883,0.6336596988098417
2,2,0.28180073675978334,0.91392,5000,1.8128628289258037,0.8465227817745803,834,1.8013814775326762,0.8527,0.8136299466898286,0.08349028321712348,,,0.8788626812011243,,0.8788715425932433,0.1211284574067567,0.9691957534502142,0.40767572348492903,5,0.1,0.5,0.6280856328020202,0.6381114714664577,1.0,0.6251110990664733,0.6379513160739944,0.6353463144403844,0.6403886740794097,0.6307876563332091,0.6310266683220771,0.6375888977372696,0.6264917433355537,0.6290327794778657
2,3,0.27611447349309354,0.9184,5000,1.7920090798978452,0.8657074340527577,834,1.802547648311042,0.852,0.8078092310976337,0.08268313522324905,,,0.7,,0.7,0.30000000000000004,0.9674766428834539,0.4068283707153547,5,0.1,0.5,0.6275812621840958,0.6289641183466265,0.6251110990664733,1.0,0.6402861827505951,0.6353942882175402,0.6347049794830931,0.6220547123954957,0.6203253676862093,0.6264104676434512,0.6219859160141898,0.6241773054607829
2,4,0.2661266777522055,0.91808,5000,1.7998130100744743,0.8487394957983193,833,1.801387519882129,0.8525,0.8208384172187042,0.08392561379182013,,,0.9753312277254214,,0.9753476231112896,0.02465237688871036,0.9692760547407293,0.4077156956440398,5,0.1,0.5,0.6366177797623446,0.6358276875619395,0.6379513160739944,0.6402861827505951,1.0,0.640419829690244,0.6443894983392904,0.6408698476952568,0.6372619196205556,0.6389832075655185,0.6390700714875052,0.6376761172890725
2,5,0.26720708192438836,0.91936,5000,1.8140874880331535,0.82953181272509,833,1.8013799643745056,0.8527,0.8185094415160293,0.08367798066829898,,,0.9204561307626056,,0.9204758797249134,0.0795241202750866,0.9692513789241174,0.40770582094609975,5,0.1,0.5,0.6266587302539085,0.6351049568486148,0.6353463144403844,0.6353942882175402,0.640419829690244,1.0,0.6459673110469241,0.633769267281979,0.6386552897712833,0.6367570524975391,0.6407548890971223,0.6388348111252862
2,6,0.262918019798958,0.923,5000,1.8040126429663763,0.8523409363745498,833,1.8013803936041202,0.8526,0.8236078422907829,0.08399180909793796,,,0.9899999997784017,,0.9900005019828322,0.009999498017167818,0.9692770304487829,0.4077159181096719,5,0.1,0.5,0.6417458175423595,0.6423722010048886,0.6403886740794097,0.6347049794830931,0.6443894983392904,0.6459673110469241,1.0,0.6374241958996454,0.6408626022236408,0.6440217401707897,0.642139032375458,0.6426400501256894
2,7,0.27014294509319176,0.91544,5000,1.7970777264347784,0.8595438175270108,833,1.8014393168897294,0.8524,0.812355342853188,0.08317159998856853,,,0.8082429966503913,,0.8082576175894784,0.19174238241052155,0.9688573496068462,0.40752862298662135,5,0.1,0.5,0.6276423369799518,0.6318322914721528,0.6307876563332091,0.6220547123954957,0.6408698476952568,0.633769267281979,0.6374241958996454,1.0,0.6284489878694496,0.6324658988480507,0.6344672923493672,0.6295021849320085
2,8,0.2709827656389042,0.91916,5000,1.8063849431497079,0.8475390156062425,833,1.8013650487406185,0.8525,0.813224031050748,0.08356834814654275,,,0.8961617424509485,,0.8961799106470558,0.10382008935294418,0.9692284172224573,0.4076916996792448,5,0.1,0.5,0.633489021584301,0.631626151010207,0.6310266683220771,0.6203253676862093,0.6372619196205556,0.6386552897712833,0.6408626022236408,0.6284489878694496,1.0,0.6298827817191792,0.6360946694575319,0.6275353130732355
2,9,0.2733797125292906,0.91832,5000,1.8108962774276733,0.8559423769507803,833,1.801439618911987,0.8524,0.8165970199035303,0.08329553237796046,,,0.8357062123463106,,0.8357261181667587,0.16427388183324132,0.968966652258722,0.4076046901941286,5,0.1,0.5,0.6350474047617052,0.6369114951839914,0.6375888977372696,0.6264104676434512,0.6389832075655185,0.6367570524975391,0.6440217401707897,0.6324658988480507,0.6298827817191792,1.0,0.6348412094617464,0.6380697011046831
2,10,0.2733778238071093,0.91888,5000,1.80159655323735,0.8703481392557023,833,1.8015392150360936,0.8525,0.8156708005247992,0.08312586827026497,,,0.7981089223371468,,0.7981225842076201,0.20187741579237994,0.9686777752148485,0.40749275675421603,5,0.1,0.5,0.6360431000629719,0.6348249143102883,0.6264917433355537,0.6219859160141898,0.6390700714875052,0.6407548890971223,0.642139032375458,0.6344672923493672,0.6360946694575319,0.6348412094617464,1.0,0.6360460981770725
2,11,0.27976593548776046,0.91228,5000,1.7957792193801314,0.8451380552220888,833,1.8032790011110398,0.852,0.813997157732675,0.08270156656746358,,,0.7040843558670415,,0.7041011997389689,0.2958988002610311,0.9672202611918741,0.4068729038554648,5,0.1,0.5,0.6317100740475838,0.6336596988098417,0.6290327794778657,0.6241773054607829,0.6376761172890725,0.6388348111252862,0.6426400501256894,0.6295021849320085,0.6275353130732355,0.6380697011046831,0.6360460981770725,1.0
3,0,0.24118484386782738,0.92992,5000,1.5802081867500588,0.9004796163069544,834,1.5639887693971872,0.9101,0.807042754986224,0.08341328453755995,,,0.85264939037869,,0.8526630189247528,0.14733698107524718,0.9709804398685271,0.40422878354401187,5,0.1,0.5,1.0,0.6161912222974651,0.6181484518948932,0.6154873070388386,0.6241313294146527,0.6195137458559541,0.6281143837965165,0.624752198207694,0.6260365313957711,0.6220776438109845,0.6239593079011487,0.6115216835677829
3,1,0.2451040911381459,0.9266,5000,1.545997350304215,0.9280575539568345,834,1.5661495048017167,0.9088,0.8025903486520518,0.08279216689302228,,,0.7075988779740338,,0.7076150795642789,0.29238492043572106,0.9693246694971123,0.40344225250621324,5,0.1,0.5,0.6161912222974651,1.0,0.6159913065838108,0.6126117427195731,0.624355263127297,0.618798844789647,0.6258021825280703,0.6118438171249556,0.6212064312236523,0.6183549984113018,0.6151416439055222,0.6096269967816778
3,2,0.25249217066937574,0.92652,5000,1.580187033723902,0.907673860911271,834,1.5640296258103734,0.9099,0.8061174881131937,0.08335070571684369,,,0.8380352668058069,,0.8380502986797852,0.1619497013202148,0.9709334091701156,0.4041974032582042,5,0.1,0.5,0.6181484518948932,0.6159913065838108,1.0,0.6138285431962849,0.6234530216883918,0.6212052380117201,0.6276320960020285,0.6242683580917135,0.622760623445464,0.6262579331212241,0.6115172207422006,0.616104285777442
3,3,0.2513857243736838,0.92368,5000,1.5501258947231151,0.920863309352518,834,1.5659503414988898,0.9098,0.8044874689560073,0.08275962790291383,,,0.7,,0.7,0.30000000000000004,0.9688667809706943,0.40335911784355777,5,0.1,0.5,0.6154873070388386,0.6126117427195731,0.6138285431962849,1.0,0.6281659732512858,0.6213868719624831,0.6253063629093201,0.6163261716405438,0.6189507744158389,0.621724866536961,0.6211198589448542,0.6141548948377488
3,4,0.24262950069798975,0.92552,5000,1.5594810865543507,0.9003601440576231,833,1.5639615371204412,0.9099,0.8143634558433508,0.08392615523065418,,,0.9724208338159868,,0.9724311028562823,0.027568897143717686,0.9711683621932106,0.40430828784657225,5,0.1,0.5,0.6241313294146527,0.624355263127297,0.6234530216883918,0.6281659732512858,1.0,0.6200214901936061,0.6299568379808103,0.634948810598505,0.6341702012568297,0.6384339349882256,0.6168861851021299,0.6248992162575215
3,5,0.24100871270724164,0.92864,5000,1.5805452841299552,0.8931572629051621,833,1.5639565428986717,0.9099,0.8097278217716231,0.08360073298043484,,,0.8964244995348587,,0.8964359218914714,0.10356407810852863,0.9711067439095474,0.40428486404588415,5,0.1,0.5,0.6195137458559541,0.618798844789647,0.6212052380117201,0.6213868719624831,0.6200214901936061,1.0,0.6329628064728732,0.6234469771198151,0.6255362402119174,0.6258486220963826,0.6215500382379116,0.6252148183572811
3,6,0.23655158358560816,0.92896,5000,1.5658449376070942,0.921968787515006,833,1.563953147147791,0.9102,0.815266389667106,0.08400143059485034,,,0.9899999997664686,,0.9900005019828322,0.009999498017167818,0.9711687914308056,0.4043086788676923,5,0.1,0.5,0.6281143837965165,0.6258021825280703,0.6276320960020285,0.6253063629093201,0.6299568379808103,0.6329628064728732,1.0,0.6250581169507758,0.631719994454323,0.6300781858897386,0.6254418923311361,0.6257439199670447
3,7,0.24421785142284574,0.92768,5000,1.5585144890679254,0.9099639855942377,833,1.5641456278749168,0.91,0.8089576969445453,0.0832387052670203,,,0.8118796378693159,,0.8118969931228353,0.18810300687716475,0.9705595534545133,0.40411824265711394,5,0.1,0.5,0.624752198207694,0.6118438171249556,0.6242683580917135,0.6163261716405438,0.634948810598505,0.6234469771198151,0.6250581169507758,1.0,0.6225546604737011,0.6216394683675501,0.6247709959923363,0.6205269348688911
3,8,0.24409984173668417,0.92604,5000,1.5722835549601801,0.9111644657863145,833,1.5639386988295534,0.9099,0.8115402969943913,0.08359130746029673,,,0.8942233440247291,,0.8942322172581698,0.10576778274183019,0.9710789274980238,0.4042832408621759,5,0.1,0.5,0.6260365313957711,0.6212064312236523,0.622760623445464,0.6189507744158389,0.6341702012568297,0.6255362402119174,0.631719994454323,0.6225546604737011,1.0,0.6265183037672035,0.6263760600805081,0.617574271936332
3,9,0.2473204800687066,0.9268,5000,1.5772308420251917,0.907563025210084,833,1.5640313541546416,0.9102,0.8114576048137117,0.08340783698250025,,,0.8513772148742411,,0.8513930023593194,0.14860699764068064,0.9708750082085631,0.40422615294988384,5,0.1,0.5,0.6220776438109845,0.6183549984113018,0.6262579331212241,0.621724866536961,0.6384339349882256,0.6258486220963826,0.6300781858897386,0.6216394683675501,0.6265183037672035,1.0,0.6212775256989489,0.6216180267161441
3,10,0.2466136937545743,0.92732,5000,1.561079497690554,0.9207683073229291,833,1.5642662059765655,0.9099,0.8070070381433571,0.08314047369713834,,,0.7889394756134217,,0.7889463380352392,0.21105366196476083,0.9704193325493522,0.40402606529728735,5,0.1,0.5,0.6239593079011487,0.6151416439055222,0.6115172207422006,0.6211198589448542,0.6168861851021299,0.6215500382379116,0.6254418923311361,0.6247709959923363,0.6263760600805081,0.6212775256989489,1.0,0.6236024038300536
3,11,0.2472454334336339,0.92356,5000,1.555086338961566,0.9003601440576231,833,1.566761806750069,0.9091,0.8046523477631741,0.08277757273676532,,,0.7041906833078507,,0.7042066161337283,0.29579338386627174,0.9689388628019779,0.40340669411465546,5,0.1,0.5,0.6115216835677829,0.6096269967816778,0.616104285777442,0.6141548948377488,0.6248992162575215,0.6252148183572811,0.6257439199670447,0.6205269348688911,0.617574271936332,0.6216180267161441,0.6236024038300536,1.0
4,0,0.22403012797604227,0.93288,5000,1.3340774244732327,0.9172661870503597,834,1.3144730021016666,0.9309,0.7995254508613102,0.08345785006148483,,,0.8455902651329418,,0.8456101601325234,0.15438983986747656,0.9702412197985427,0.39864227729107204,5,0.1,0.5,1.0,0.6034106923078242,0.6037927397052492,0.6022752133763773,0.604970925773891,0.6012724006382714,0.6102071774598924,0.6055593715933429,0.6157834583877178,0.6008156833699115,0.6018002968124259,0.6010563852751829
4,1,0.22422440802666602,0.93144,5000,1.292575310777735,0.9460431654676259,834,1.3173831278523698,0.9303,0.7980776707280052,0.08299410882360787,,,0.7331004896170912,,0.7331208272677074,0.26687917273229256,0.9684262352989409,0.39806714395927223,5,0.1,0.5,0.6034106923078242,1.0,0.6058443359231757,0.5994838631926764,0.6086875357273361,0.6020231541434167,0.616484640080585,0.5966601751302969,0.6075437585477289,0.5966817110710789,0.5949156330550515,0.6082619542883698
4,2,0.23435546509969007,0.9302,5000,1.3343185627901997,0.9304556354916067,834,1.314537243340343,0.9309,0.7957949945635546,0.08328565963284466,,,0.803822009300473,,0.8038351488379097,0.19616485116209026,0.9699714683592381,0.39851087311179145,5,0.1,0.5,0.6037927397052492,0.6058443359231757,1.0,0.6023334663964601,0.6002185506392363,0.6021742315877717,0.6030575129617194,0.6042183199706005,0.6031481893304476,0.5995465275770071,0.5921074027284106,0.5992086351227586
4,3,0.2323327260602052,0.92888,5000,1.2963928514056735,0.9364508393285371,834,1.3174596126087177,0.9301,0.7947973448125971,0.08285765142595576,,,0.7,,0.7,0.30000000000000004,0.9679529791909591,0.3977332821987371,5,0.1,0.5,0.6022752133763773,0.5994838631926764,0.6023334663964601,1.0,0.6066859781113911,0.6049490553598172,0.609689878801492,0.5991890873528996,0.600363159220357,0.596116060151255,0.5922017610302199,0.5954688376707415
4,4,0.22288609952992125,0.93284,5000,1.3067271841896906,0.9207683073229291,833,1.3143398940753632,0.931,0.8012996570239975,0.08386102863142074,,,0.9433893460008058,,0.9434014356709001,0.05659856432909993,0.9705037695571707,0.39874496181839886,5,0.1,0.5,0.604970925773891,0.6086875357273361,0.6002185506392363,0.6066859781113911,1.0,0.6088763123822641,0.6164260993162474,0.6051417167520289,0.6100876993159384,0.6003207986154585,0.598753386449955,0.605353617022454
4,5,0.2253242843707276,0.93316,5000,1.3347034984164767,0.9243697478991597,833,1.3144115902745306,0.9311,0.7988293197789744,0.08355814424621408,,,0.8699186392438756,,0.8699262085236685,0.13007379147633147,0.9703930210633835,0.3986880961399753,5,0.1,0.5,0.6012724006382714,0.6020231541434167,0.6021742315877717,0.6049490553598172,0.6088763123822641,1.0,0.6182247498047583,0.6052808130032322,0.6078688825821267,0.593770389953048,0.5934347292733383,0.6054690300712404
4,6,0.21945945222737492,0.93612,5000,1.3159185338903356,0.9387755102040817,833,1.3143253977687215,0.9311,0.8053592153153287,0.08405318193755215,,,0.9899999997574298,,0.9900005019828322,0.009999498017167818,0.970518733931234,0.39874924100848436,5,0.1,0.5,0.6102071774598924,0.616484640080585,0.6030575129617194,0.609689878801492,0.6164260993162474,0.6182247498047583,1.0,0.604135005438811,0.6133565428534016,0.5998352054207791,0.6044575164832399,0.6082088361572523
4,7,0.22274878571984494,0.93168,5000,1.3079170297693323,0.9303721488595438,833,1.3147618968646748,0.931,0.795659102055631,0.08320641870456413,,,0.7846005264865821,,0.7846142261934642,0.21538577380653579,0.9697132100342731,0.3984226752206294,5,0.1,0.5,0.6055593715933429,0.5966601751302969,0.6042183199706005,0.5991890873528996,0.6051417167520289,0.6052808130032322,0.604135005438811,1.0,0.6021615011444397,0.5967430509130363,0.5952666466251972,0.6004099206193025
4,8,0.22691163689989574,0.9322,5000,1.3259758684370253,0.936374549819928,833,1.3143352228231704,0.9311,0.8012816229172844,0.08363771129460666,,,0.8892192290579637,,0.889227448421264,0.110772551578736,0.9704403830518631,0.39871259624845945,5,0.1,0.5,0.6157834583877178,0.6075437585477289,0.6031481893304476,0.600363159220357,0.6100876993159384,0.6078688825821267,0.6133565428534016,0.6021615011444397,1.0,0.5983617494984026,0.6018386625840497,0.6063814450553754
4,9,0.23443343576020118,0.9304,5000,1.3319023450215657,0.9351740696278511,833,1.3146894728413785,0.9309,0.7912681724478483,0.08316520647518819,,,0.7746036703686491,,0.7746147281762964,0.2253852718237036,0.9697250327903764,0.3983681371545544,5,0.1,0.5,0.6008156833699115,0.5966817110710789,0.5995465275770071,0.596116060151255,0.6003207986154585,0.593770389953048,0.5998352054207791,0.5967430509130363,0.5983617494984026,1.0,0.5919453301148132,0.597866889704374
4,10,0.22977673078525312,0.93188,5000,1.309466474586063,0.9267707082833133,833,1.3152899936365243,0.9309,0.790880425270125,0.08297382813340476,,,0.728180999819938,,0.7281963756839516,0.27180362431604843,0.9689724335255423,0.39802311579159005,5,0.1,0.5,0.6018002968124259,0.5949156330550515,0.5921074027284106,0.5922017610302199,0.598753386449955,0.5934347292733383,0.6044575164832399,0.5952666466251972,0.6018386625840497,0.5919453301148132,1.0,0.6028385631832736
4,11,0.23076493096282813,0.92868,5000,1.304552482234107,0.9243697478991597,833,1.3181399080319145,0.9301,0.7970722253458734,0.08294921063315623,,,0.7222095294167538,,0.7222277998092466,0.27777220019075344,0.968243290900097,0.39796735401099587,5,0.1,0.5,0.6010563852751829,0.6082619542883698,0.5992086351227586,0.5954688376707415,0.605353617022454,0.6054690300712404,0.6082088361572523,0.6004099206193025,0.6063814450553754,0.597866889704374,0.6028385631832736,1.0
5,0,0.20164013503498998,0.93908,5000,1.09006667137146,0.9304556354916067,834,1.0666066796634905,0.9411,0.7815975771944089,0.08337954079385734,,,0.8366363569590596,,0.8366547864063049,0.16334521359369514,0.9690194860136883,0.39120573087063226,5,0.1,0.5,1.0,0.5619950894911697,0.5745208333424292,0.5717827417767561,0.5826728344977372,0.5714422907498681,0.5916797172487414,0.5841437231432429,0.5806424495301367,0.5722152733684115,0.570438512536042,0.5784029574594066
5,1,0.20708290042747168,0.93624,5000,1.0412563615375094,0.9532374100719424,834,1.0702742317233223,0.9412,0.768830085974411,0.08261951285514463,,,0.7,,0.7,0.30000000000000004,0.9670670350377273,0.3903313847967808,5,0.1,0.5,0.5619950894911697,1.0,0.5694638864244996,0.5532626980542708,0.5840934088936709,0.5616923816266822,0.5747375699137912,0.5620195415417356,0.5673799373480986,0.5607818572882032,0.5604542051127643,0.566528658996398
5,2,0.21747673954992633,0.93596,5000,1.0877735725155584,0.9412470023980816,834,1.0666899157408327,0.9411,0.7819773054274365,0.08327768433880127,,,0.8183247999191983,,0.8183374328597962,0.1816625671402038,0.96874335895475,0.391149043716163,5,0.1,0.5,0.5745208333424292,0.5694638864244996,1.0,0.5737221991970177,0.580479322647522,0.5763687432334764,0.5882416447590537,0.5788105674414383,0.5800633851643345,0.5764407492930915,0.5658035709431142,0.5805312331722745
5,3,0.21616283753222437,0.93532,5000,1.045250669673637,0.9484412470023981,834,1.0699490080245386,0.9409,0.776780794619149,0.08280822983451713,,,0.7339271745739387,,0.7339390592841725,0.26606094071582753,0.967108457438239,0.3906681627450644,5,0.1,0.5,0.5717827417767561,0.5532626980542708,0.5737221991970177,1.0,0.5797913977237843,0.5741422613431992,0.5819815265297007,0.5704079498736564,0.5711376216043476,0.5690151042100982,0.5715449235292911,0.5810756388124763
5,4,0.20237705018667942,0.93924,5000,1.0577822349689625,0.9315726290516206,833,1.066505386235234,0.9412,0.7942769318822954,0.08409593548468085,,,0.9654284127678601,,0.9654485216605592,0.03455147833944083,0.9694131080315953,0.39133680041418734,5,0.1,0.5,0.5826728344977372,0.5840934088936709,0.580479322647522,0.5797913977237843,1.0,0.5862680550529856,0.5998941302666573,0.590889078644464,0.5921849618404927,0.5852363732974886,0.5815375240166898,0.5940987378702461
5,5,0.2045246988712887,0.93944,5000,1.089175608423021,0.9351740696278511,833,1.0665729815205827,0.9413,0.7808356312939236,0.0834198215401781,,,0.8438779518432984,,0.8438933788464434,0.15610662115355656,0.9691224909632375,0.39122440077972664,5,0.1,0.5,0.5714422907498681,0.5616923816266822,0.5763687432334764,0.5741422613431992,0.5862680550529856,1.0,0.5886972430278421,0.5780000318286844,0.5777351492044653,0.5655123006709161,0.5661381479503859,0.5862896043198336
5,6,0.1992474816727695,0.94052,5000,1.067295981778039,0.9483793517406963,833,1.0664852610030495,0.9412,0.7945065369563653,0.08423261281620471,,,0.9899999998202219,,0.9900005019828322,0.009999498017167818,0.9694259463345094,0.39133747558266807,5,0.1,0.5,0.5916797172487414,0.5747375699137912,0.5882416447590537,0.5819815265297007,0.5998941302666573,0.5886972430278421,1.0,0.5874871038046086,0.5930359943173088,0.5812787017935213,0.5795534127520426,0.5917157194992455
5,7,0.20838064805420625,0.93756,5000,1.0594346744042855,0.9399759903961584,833,1.0668943120648686,0.9411,0.7847104102571786,0.0833209195836225,,,0.8260975488455238,,0.8261181667586969,0.17388183324130313,0.9685919357321058,0.3911748366363608,5,0.1,0.5,0.5841437231432429,0.5620195415417356,0.5788105674414383,0.5704079498736564,0.590889078644464,0.5780000318286844,0.5874871038046086,1.0,0.5849274407346374,0.5745158259632138,0.5759284628328034,0.5832938890695467
5,8,0.21332428827525893,0.9372,5000,1.078523459257903,0.9471788715486195,833,1.0665637033815962,0.9413,0.7860264275131322,0.08365589554543694,,,0.8863188811937839,,0.8863310074795442,0.11366899252045581,0.9693135478043361,0.3912995657335893,5,0.1,0.5,0.5806424495301367,0.5673799373480986,0.5800633851643345,0.5711376216043476,0.5921849618404927,0.5777351492044653,0.5930359943173088,0.5849274407346374,1.0,0.5793042723280698,0.5699108746355876,0.5842781932795861
5,9,0.21352594964455363,0.93644,5000,1.0870928389054757,0.943577430972389,833,1.0668476810470557,0.9413,0.7783691480439169,0.08306999184704984,,,0.7809862443277685,,0.7809999498017168,0.21900005019828317,0.9682651988271168,0.3909889825137718,5,0.1,0.5,0.5722152733684115,0.5607818572882032,0.5764407492930915,0.5690151042100982,0.5852363732974886,0.5655123006709161,0.5812787017935213,0.5745158259632138,0.5793042723280698,1.0,0.5684770815555934,0.5783910977540543
5,10,0.21139401108453607,0.93708,5000,1.059284841572797,0.9387755102040817,833,1.0676727472021939,0.9412,0.7758377309008995,0.08285276004858484,,,0.7419327305737935,,0.7419507052858793,0.25804929471412075,0.9675989106495148,0.3907345620400802,5,0.1,0.5,0.570438512536042,0.5604542051127643,0.5658035709431142,0.5715449235292911,0.5815375240166898,0.5661381479503859,0.5795534127520426,0.5759284628328034,0.5699108746355876,0.5684770815555934,1.0,0.5786817111237863
5,11,0.2087424303428715,0.93588,5000,1.0567155458309032,0.9387755102040817,833,1.0703998493691222,0.9408,0.7880691946999479,0.08326709531192197,,,0.8164211250898504,,0.8164349179258069,0.1835650820741931,0.9675773904530289,0.3911423174605003,5,0.1,0.5,0.5784029574594066,0.566528658996398,0.5805312331722745,0.5810756388124763,0.5940987378702461,0.5862896043198336,0.5917157194992455,0.5832938890695467,0.5842781932795861,0.5783910977540543,0.5786817111237863,1.0
6,0,0.18328286720629616,0.94464,5000,0.8671749918549149,0.9436450839328537,834,0.8406690898032996,0.948,0.770531880293558,0.08335530009461369,,,0.8083139239590963,,0.8083278951859847,0.1916721048140153,0.9667929855485176,0.3851828519278073,5,0.1,0.5,1.0,0.5566993735454517,0.5558359855082827,0.5552188776296666,0.5589521359490356,0.5539435887928206,0.5675738028581514,0.5612865437776056,0.5555301455268129,0.5591996470535806,0.5544484806276793,0.5481177990310327
6,1,0.19623770677027808,0.94236,5000,0.8123935836332815,0.9556354916067147,834,0.8446634187104222,0.948,0.7674325330580586,0.08273440783428537,,,0.7,,0.7,0.30000000000000004,0.9647347060025712,0.38437769433511715,5,0.1,0.5,0.5566993735454517,1.0,0.5593957277871552,0.5449990995038119,0.5614309996415218,0.552056196207302,0.5721048147113843,0.5454785772043694,0.5500261708448824,0.5618247759743984,0.548790694961892,0.5492388032567252
6,2,0.2020404758172074,0.93952,5000,0.8614842935844704,0.9496402877697842,834,0.8407737797441573,0.9478,0.7708113404001236,0.08329668616433629,,,0.7980887928169355,,0.7981025048943327,0.20189749510566735,0.966646254924855,0.3851409136896155,5,0.1,0.5,0.5558359855082827,0.5593957277871552,1.0,0.5496216324922563,0.5534628994065562,0.5540628958907813,0.5705119046059066,0.5565299202115587,0.5510003443077401,0.5628737495228896,0.5597776810293956,0.5569338660253822
6,3,0.19630515871652562,0.9412,5000,0.8170801511517277,0.9544364508393285,834,0.8443532966958067,0.9478,0.7643683840750948,0.08275286742314265,,,0.7032202535472843,,0.7032327694392851,0.29676723056071486,0.9650566785438405,0.38441694790876224,5,0.1,0.5,0.5552188776296666,0.5449990995038119,0.5496216324922563,1.0,0.5579295906957114,0.5494389454440327,0.5665172896874725,0.5509489607449136,0.53908594236429,0.5529866905976148,0.5514477760959814,0.5546016873567988
6,4,0.18676568276017524,0.94324,5000,0.8317013449139066,0.9411764705882353,833,0.8402884368317577,0.948,0.7767980550954757,0.08405894773942436,,,0.931064427329392,,0.9310827769690276,0.06891722303097236,0.9674036341915402,0.3853967580359133,5,0.1,0.5,0.5589521359490356,0.5614309996415218,0.5534628994065562,0.5579295906957114,1.0,0.5578230769640001,0.5747835543066803,0.5691457356705525,0.5601221321720684,0.5652332039650653,0.5570807031158534,0.5650164421835624
6,5,0.1935798559658182,0.94312,5000,0.8642409024415193,0.9399759903961584,833,0.8406759466226108,0.9479,0.7683604691710451,0.08330552652791967,,,0.7996309838380231,,0.7996435921891472,0.20035640781085284,0.9667173731860054,0.3851476741414328,5,0.1,0.5,0.5539435887928206,0.552056196207302,0.5540628958907813,0.5494389454440327,0.5578230769640001,1.0,0.5688188913215586,0.5561646816470447,0.5509264106717248,0.5587748777062098,0.5464497180508134,0.55794347356339
6,6,0.18599415448476458,0.94504,5000,0.8392691788850007,0.9495798319327731,833,0.840283748250419,0.948,0.7837449518964374,0.08439678649074411,,,0.9899999998255511,,0.9900005019828322,0.009999498017167818,0.9674274951536473,0.3854049527717987,5,0.1,0.5,0.5675738028581514,0.5721048147113843,0.5705119046059066,0.5665172896874725,0.5747835543066803,0.5688188913215586,1.0,0.5646781273155397,0.562028135224035,0.5633182553474999,0.5653606009738488,0.5690220921325829
6,7,0.19320962157954646,0.93964,5000,0.8327290459915444,0.9519807923169268,833,0.8409436293684256,0.9481,0.7715088687200814,0.08335045701041498,,,0.8074690536214486,,0.8074845640279102,0.19251543597208975,0.966738900650167,0.3851792888428414,5,0.1,0.5,0.5612865437776056,0.5454785772043694,0.5565299202115587,0.5509489607449136,0.5691457356705525,0.5561646816470447,0.5646781273155397,1.0,0.5503912734433563,0.5547917419566609,0.5661670493116773,0.56046571097283
6,8,0.19829380768262278,0.93864,5000,0.8523246071956776,0.9507803121248499,833,0.8406516041237706,0.9479,0.764674860060674,0.08333383845566697,,,0.8045699663074372,,0.8045831032578685,0.19541689674213147,0.9668278218657796,0.38516851795693896,5,0.1,0.5,0.5555301455268129,0.5500261708448824,0.5510003443077401,0.53908594236429,0.5601221321720684,0.5509264106717248,0.562028135224035,0.5503912734433563,1.0,0.5514979317908858,0.5483082158350472,0.5520719288768645
6,9,0.19548474892107828,0.94128,5000,0.862328741285536,0.9495798319327731,833,0.8410072583740893,0.9479,0.7723408507228487,0.08321113953596586,,,0.7831652841950494,,0.783178555293409,0.21682144470659104,0.9662513519929905,0.3850678509394974,5,0.1,0.5,0.5591996470535806,0.5618247759743984,0.5628737495228896,0.5529866905976148,0.5652332039650653,0.5587748777062098,0.5633182553474999,0.5547917419566609,0.5514979317908858,1.0,0.5533192909539888,0.5613927245605631
6,10,0.19583043570565,0.9408,5000,0.8327801933994999,0.9447779111644657,833,0.841942067725209,0.9477,0.7680466201734177,0.08291302299285495,,,0.7311592041637265,,0.7311781537071432,0.26882184629285677,0.9655402516820021,0.38470320546987,5,0.1,0.5,0.5544484806276793,0.548790694961892,0.5597776810293956,0.5514477760959814,0.5570807031158534,0.5464497180508134,0.5653606009738488,0.5661670493116773,0.5483082158350472,0.5533192909539888,1.0,0.5554605793157448
6,11,0.19646223462157095,0.94008,5000,0.832399852849819,0.9471788715486195,833,0.8442914061272107,0.9482,0.7708524581546617,0.08329101973063109,,,0.7971002901270492,,0.7971186185432458,0.20288138145675416,0.9666165517376202,0.3851364552727323,5,0.1,0.5,0.5481177990310327,0.5492388032567252,0.5569338660253822,0.5546016873567988,0.5650164421835624,0.55794347356339,0.5690220921325829,0.56046571097283,0.5520719288768645,0.5613927245605631,0.5554605793157448,1.0
7,0,0.17306451082917726,0.94792,5000,0.675085531340705,0.9484412470023981,834,0.6473121844922392,0.9503,0.7507956018052858,0.08323904359754272,,,0.8055729753211168,,0.8055920887505648,0.19440791124943524,0.9646545373284867,0.37669965449207,5,0.1,0.5,1.0,0.5166918197234778,0.5225009638875346,0.5231615206071973,0.5394685417359031,0.5217661602220792,0.5344122875093592,0.524047620373653,0.5350527337307314,0.5271238673960272,0.5200730377734235,0.5273843459181098
