round,client_id,client_i_training_loss,client_i_training_accuracy,client_i_training_dataset_size,client_i_evaluation_loss,client_i_evaluation_accuracy,client_i_evaluation_dataset_size,client_i_central_evaluation_loss,client_i_central_evaluation_accuracy,client_i_cosine_similarity,client_i_importance_coefficient,client_i_tanh_val,tanh_normalization_value,client_i_q,client_i_mask_order,client_i_v_nonzero_fraction,client_i_v_sparsity,client_i_v_cosine_similarity,client_i_reward_gradient_norm,local_epochs,learning_rate,gamma,client_0_cosine_similarity,client_1_cosine_similarity,client_2_cosine_similarity,client_3_cosine_similarity,client_4_cosine_similarity,client_5_cosine_similarity,client_6_cosine_similarity,client_7_cosine_similarity,client_8_cosine_similarity,client_9_cosine_similarity,client_10_cosine_similarity,client_11_cosine_similarity
0,0,0.34707381556012257,0.89044,5000,2.2014240600444652,0.27817745803357313,834,2.201110758339635,0.2933,0.7832267155080966,0.08261136284560078,,,0.6875616585498877,,0.6875759249033683,0.3124240750966317,0,0.39428023624496666,5,0.1,0.5,1.0,0.5804726674446726,0.5889485054059047,0.5683928086661422,0.5910676263296852,0.5779186071110062,0.5847401928274231,0.5789560140793466,0.6052298588611862,0.5844634531269445,0.5910916240919027,0.5743810044233113
0,1,0.3451861898124123,0.89396,5000,2.1946313116285534,0.2997601918465228,834,2.2008429289625857,0.2959,0.7950570927388558,0.08385917981437792,,,0.9291776052239451,,0.9291953215200041,0.07080467847999594,0,0.3950298442519047,5,0.1,0.5,0.5804726674446726,1.0,0.5918639004463521,0.5842821647555438,0.6074143632884977,0.5959596845635112,0.6063930879441731,0.5910392753382255,0.5961088964615169,0.5905196400806271,0.6017050863816557,0.5920657422492211
0,2,0.3436645180627609,0.893,5000,2.1971037829363786,0.3069544364508393,834,2.2008430302714386,0.2963,0.7942282444149653,0.08377175648180625,,,0.9122497449774181,,0.9122634405903318,0.08773655940966818,0,0.3950240900107175,5,0.1,0.5,0.5889485054059047,0.5918639004463521,1.0,0.597599949032828,0.5943968595364334,0.6026408414455707,0.5990971625868328,0.6005968651324032,0.5896757978387256,0.5935516677544705,0.5885166978304834,0.583078066842354
0,3,0.34882243759218295,0.88944,5000,2.1984040825455278,0.2853717026378897,834,2.2012326778314364,0.2937,0.78138756293487,0.08241737699508409,,,0.65,,0.650002509914161,0.349997490085839,0,0.39391016069802187,5,0.1,0.5,0.5683928086661422,0.5842821647555438,0.597599949032828,1.0,0.5938384498142097,0.5861617627245468,0.5724567692706768,0.5949840357963334,0.5823668427916152,0.5820460783946924,0.5791165180518278,0.5669802397096467
0,4,0.3443082585741001,0.89304,5000,2.2036673669461853,0.2917166866746699,833,2.200841721635276,0.2961,0.796871767771395,0.08405058387988237,,,0.9662393503687026,,0.9662567140203805,0.03374328597961951,0,0.39503523542301777,5,0.1,0.5,0.5910676263296852,0.6074143632884977,0.5943968595364334,0.5938384498142097,1.0,0.597397687035235,0.5867883705304942,0.601619826530808,0.6062706254458153,0.5898490303829677,0.5949077131996515,0.5914786331650981
0,5,0.3315137120212909,0.89476,5000,2.2020558692790844,0.29531812725090034,833,2.2008224135389725,0.296,0.7930960207776355,0.08365233443468525,,,0.8891259442190661,,0.8891370915114704,0.11086290848852964,0,0.3950100684488354,5,0.1,0.5,0.5779186071110062,0.5959596845635112,0.6026408414455707,0.5861617627245468,0.597397687035235,1.0,0.5956834043962206,0.5834225308160473,0.6016711993449085,0.577503957832771,0.5946756114122648,0.60619657162701
0,6,0.34713543198860375,0.89016,5000,2.2101255611137107,0.27490996398559425,833,2.200860709808886,0.2961,0.7907604921770093,0.08340599298993838,,,0.8414266238324386,,0.8414437026253702,0.15855629737462984,0,0.3949606774640768,5,0.1,0.5,0.5847401928274231,0.6063930879441731,0.5990971625868328,0.5724567692706768,0.5867883705304942,0.5956834043962206,1.0,0.5906539389622962,0.598287517308709,0.5917195918995664,0.5826721129224098,0.5885968894174942
0,7,0.3497220928335835,0.88944,5000,2.193924179783574,0.32653061224489793,833,2.200891276898856,0.2961,0.7896004923899366,0.08328364123480385,,,0.8177355410183997,,0.8177501129461372,0.1822498870538628,0,0.394917835317303,5,0.1,0.5,0.5789560140793466,0.5910392753382255,0.6005968651324032,0.5949840357963334,0.601619826530808,0.5834225308160473,0.5906539389622962,1.0,0.5928909200235626,0.5961369260976521,0.5860604398612178,0.5697304741843375
0,8,0.33640527236305034,0.8958,5000,2.2008504690947355,0.2845138055222089,833,2.2008395324499843,0.2961,0.7975455381745028,0.08412165026480471,,,0.9799999998063691,,0.9800010039656644,0.019998996034335637,0,0.3950356993500472,5,0.1,0.5,0.6052298588611862,0.5961088964615169,0.5896757978387256,0.5823668427916152,0.6062706254458153,0.6016711993449085,0.598287517308709,0.5928909200235626,1.0,0.5896624541577759,0.6038541331895354,0.5953988617674872
0,9,0.3489894116249908,0.89012,5000,2.201316559756244,0.28331332533013204,833,2.2010551199745447,0.2936,0.785849778801786,0.0828880322048442,,,0.7411334008982984,,0.7411525525827016,0.25884744741729837,0,0.39464351146196613,5,0.1,0.5,0.5844634531269445,0.5905196400806271,0.5935516677544705,0.5820460783946924,0.5898490303829677,0.577503957832771,0.5917195918995664,0.5961369260976521,0.5896624541577759,1.0,0.5851359834785121,0.569942473709648
0,10,0.3315412045308169,0.89628,5000,2.189401803193269,0.3205282112845138,833,2.2008608522506568,0.2963,0.7903035312567895,0.0833577947305595,,,0.8320939505644335,,0.8321118417750113,0.1678881582249887,0,0.394945848202045,5,0.1,0.5,0.5910916240919027,0.6017050863816557,0.5885166978304834,0.5791165180518278,0.5949077131996515,0.5946756114122648,0.5826721129224098,0.5860604398612178,0.6038541331895354,0.5851359834785121,1.0,0.5850207398216045
0,11,0.36238288263891155,0.88976,5000,2.1945915707835444,0.29531812725090034,833,2.201121879461855,0.2938,0.7829321573233698,0.0825802941236129,,,0.6815457933525971,,0.6815621705737663,0.31843782942623367,0,0.3942281526784256,5,0.1,0.5,0.5743810044233113,0.5920657422492211,0.583078066842354,0.5669802397096467,0.5914786331650981,0.60619657162701,0.5885968894174942,0.5697304741843375,0.5953988617674872,0.569942473709648,0.5850207398216045,1.0
1,0,0.3092543477228113,0.90704,5000,2.0405412603307655,0.6834532374100719,834,2.042299366606691,0.6741,0.8155922481667368,0.0828906043426802,,,0.7061729241339185,,0.7061894483208674,0.2938105516791326,0.9588228016305923,0.4066260553306559,5,0.1,0.5,1.0,0.6334548333463349,0.6337248778698841,0.6337530487763413,0.6380756685818303,0.6398718056098274,0.6354623395963387,0.631516800036546,0.6407857417466223,0.631050057073135,0.6273721994714414,0.6307576744584885
1,1,0.3032786906607876,0.9078,5000,2.0292703840467663,0.6990407673860911,834,2.0414651434261577,0.6763,0.8099439801354776,0.08351823317442092,,,0.8497108924218936,,0.8497213995281362,0.1502786004718638,0.9606968522616608,0.40724333694983234,5,0.1,0.5,0.6334548333463349,1.0,0.6320060476465117,0.6221810939912986,0.6251220799147815,0.633210647394933,0.6297158498693295,0.6314432132649148,0.6345671598866099,0.6208000883821785,0.6305653521908965,0.6220032658717554
1,2,0.29971818896900315,0.90704,5000,2.037384412906788,0.6738609112709832,834,2.0414486563624665,0.6765,0.8165986527128816,0.08369177146643611,,,0.8893988936676935,,0.8894031424125295,0.11059685758747051,0.9607527984686955,0.4072861106119065,5,0.1,0.5,0.6337248778698841,0.6320060476465117,1.0,0.6332585893376088,0.6375144963211865,0.6330668634248998,0.636169230154306,0.6352762114724537,0.6345304409884509,0.6375284364701811,0.6430930529269356,0.6244631131758295
1,3,0.3042587892383717,0.90476,5000,2.0386653741200766,0.6762589928057554,834,2.0427365859095663,0.6729,0.8122101817885589,0.08264498468420141,,,0.65,,0.650002509914161,0.349997490085839,0.957795134314217,0.40601820027219976,5,0.1,0.5,0.6337530487763413,0.6221810939912986,0.6332585893376088,1.0,0.6237700274786124,0.6324302899421445,0.6326859054227828,0.6314289283099831,0.6412729264993683,0.6259079624399962,0.6370302463331234,0.6300837596577612
1,4,0.30976266915061673,0.90556,5000,2.043965842988756,0.6782713085234093,833,2.041431472324335,0.6766,0.8140095527381493,0.08378590127991364,,,0.9109262701975736,,0.9109482455700015,0.08905175442999846,0.9608091679953195,0.40729912862985923,5,0.1,0.5,0.6380756685818303,0.6251220799147815,0.6375144963211865,0.6237700274786124,1.0,0.6449397665861206,0.632808852369853,0.6336885974197531,0.6353996699763471,0.6273450790787094,0.62935702657216,0.6259759647749148
1,5,0.29015474732917773,0.9112,5000,2.0369110769695706,0.6794717887154862,833,2.0414393172858243,0.6765,0.8173131898153204,0.08363775021228709,,,0.87704429701315,,0.8770593845690478,0.12294061543095225,0.9607087006487823,0.4072759525734418,5,0.1,0.5,0.6398718056098274,0.633210647394933,0.6330668634248998,0.6324302899421445,0.6449397665861206,1.0,0.6331500988665774,0.639248086039399,0.6402909456435366,0.6270491067043716,0.6364591449472198,0.6283294515532949
1,6,0.3059005102035916,0.90272,5000,2.0516298788565175,0.6686674669867947,833,2.0415072761023767,0.6761,0.8146472266324745,0.08338244681885833,,,0.8186567141990316,,0.8186737613573616,0.18132623864263842,0.9604597899031005,0.40718513417607183,5,0.1,0.5,0.6354623395963387,0.6297158498693295,0.636169230154306,0.6326859054227828,0.632808852369853,0.6331500988665774,1.0,0.6370039737765227,0.6395608420478217,0.6298098191794013,0.6291118538150701,0.6276821328381104
1,7,0.3063653750493411,0.905,5000,2.038782892403779,0.6770708283313326,833,2.0415507547390725,0.6758,0.8162187512225816,0.08335627309277314,,,0.8126708141339036,,0.812685106169369,0.18731489383063105,0.9603675056894461,0.40717041579097624,5,0.1,0.5,0.631516800036546,0.6314432132649148,0.6352762114724537,0.6314289283099831,0.6336885974197531,0.639248086039399,0.6370039737765227,1.0,0.6414383747910869,0.6259738941412758,0.6417424732359251,0.6301913385968682
1,8,0.29619927724028466,0.90904,5000,2.0409185312412403,0.6602641056422569,833,2.0414288432453387,0.6769,0.8213502959138597,0.08408793052495184,,,0.9799999997713011,,0.9800010039656644,0.019998996034335637,0.960839138656155,0.4073122406283678,5,0.1,0.5,0.6407857417466223,0.6345671598866099,0.6345304409884509,0.6412729264993683,0.6353996699763471,0.6402909456435366,0.6395608420478217,0.6414383747910869,1.0,0.6362407144889379,0.6404363003931839,0.6412937632296044
1,9,0.31022416671299063,0.90288,5000,2.045157542935124,0.6554621848739496,833,2.0421509738928214,0.6732,0.8107141814298473,0.08290376320165965,,,0.7091823395517229,,0.7091963254856684,0.29080367451433164,0.9593140501890766,0.4066509004700323,5,0.1,0.5,0.631050057073135,0.6208000883821785,0.6375284364701811,0.6259079624399962,0.6273450790787094,0.6270491067043716,0.6298098191794013,0.6259738941412758,0.6362407144889379,1.0,0.6294779187368862,0.6359373799853563
1,10,0.28736998079386156,0.91136,5000,2.027821183204651,0.6926770708283313,833,2.041507811972889,0.6759,0.8160243428438345,0.08339847960032387,,,0.8223233922756055,,0.8223382360323277,0.1776617639676723,0.9604568826972172,0.4071933588615264,5,0.1,0.5,0.6273721994714414,0.6305653521908965,0.6430930529269356,0.6370302463331234,0.62935702657216,0.6364591449472198,0.6291118538150701,0.6417424732359251,0.6404363003931839,0.6294779187368862,1.0,0.6321781512255285
1,11,0.3203428256817779,0.904,5000,2.039325709696169,0.6650660264105642,833,2.0424522706114066,0.6742,0.8107514109143805,0.08270186160149377,,,0.6630076834233163,,0.6630239445810954,0.33697605541890463,0.9582265540038287,0.4061873487660119,5,0.1,0.5,0.6307576744584885,0.6220032658717554,0.6244631131758295,0.6300837596577612,0.6259759647749148,0.6283294515532949,0.6276821328381104,0.6301913385968682,0.6412937632296044,0.6359373799853563,0.6321781512255285,1.0
2,0,0.27818586746123947,0.91696,5000,1.8391136946501556,0.8477218225419664,834,1.8432326979530504,0.8541,0.8150783927042493,0.08306300686693523,,,0.7702405663183355,,0.770257517192912,0.22974248280708798,0.9685622346832022,0.4069254346486012,5,0.1,0.5,1.0,0.6407873721888561,0.6299191698481513,0.6249317303278226,0.6394675174350889,0.6250227504555678,0.6351637451014521,0.6355428124980715,0.6332035707367697,0.6374734833257978,0.6415332128852849,0.6249297234272876
2,1,0.26814810057247807,0.91924,5000,1.8222191598680284,0.8741007194244604,834,1.8419006244062235,0.856,0.8199521905429715,0.0836468371587568,,,0.9138207416740023,,0.9138346468550775,0.08616535314492246,0.9698664421500494,0.407216351422127,5,0.1,0.5,0.6407873721888561,1.0,0.6387182049639827,0.6339753773956224,0.6426436222745315,0.63708551282343,0.6394113159741631,0.6354804073290674,0.6404056338033917,0.6382993151444206,0.6426707715782994,0.6233251307456152
2,2,0.2718236490455308,0.91668,5000,1.8369734596323084,0.8537170263788969,834,1.841868464177409,0.8558,0.8131021357584566,0.0835233607869879,,,0.8834544531151363,,0.8834646855077556,0.11653531449224441,0.969931344167503,0.40719551916894636,5,0.1,0.5,0.6299191698481513,0.6387182049639827,1.0,0.6315857930488581,0.63257348237298,0.6274912853673342,0.6325545904182975,0.6370332760842599,0.628688569130369,0.6310746729439328,0.6342841313515303,0.6212538965313181
2,3,0.2799405369017819,0.91516,5000,1.838974608315362,0.8441247002398081,834,1.8442332862665096,0.854,0.8116049340073036,0.08278009799701982,,,0.7006653734563986,,0.7006877164800964,0.2993122835199036,0.9675447789400502,0.40647108784768887,5,0.1,0.5,0.6249317303278226,0.6339753773956224,0.6315857930488581,1.0,0.6280239378469781,0.6333248014631138,0.6324998270395812,0.6334089938375151,0.6382795677225523,0.6325024537682207,0.6282733461009187,0.6182571322016909
2,4,0.2721448526521967,0.91784,5000,1.843187446947451,0.8823529411764706,833,1.8418846777833688,0.8558,0.816479278335725,0.08370288841920993,,,0.9276053121519356,,0.9276241152552582,0.07237588474474177,0.9699688037337211,0.40722159573184424,5,0.1,0.5,0.6394675174350889,0.6426436222745315,0.63257348237298,0.6280239378469781,1.0,0.6417491757614979,0.6381578895417219,0.6335960900810768,0.635889181960382,0.6329244465799233,0.6311802724392704,0.6214693986898195
2,5,0.2626030522309671,0.92132,5000,1.8311514148005732,0.8703481392557023,833,1.8418699624820258,0.8559,0.8129378072521687,0.08348197760150979,,,0.8732771719583388,,0.8732894934993223,0.12671050650067772,0.9699009007427007,0.4071857079797045,5,0.1,0.5,0.6250227504555678,0.63708551282343,0.6274912853673342,0.6333248014631138,0.6417491757614979,1.0,0.6378245753463557,0.6327500575158499,0.6331051767462389,0.6238293347032039,0.628556877686454,0.6229531485183887
2,6,0.2729935662702295,0.9172,5000,1.85441173447503,0.8391356542617047,833,1.8419406231219015,0.8561,0.8167806526506961,0.08344694798077602,,,0.8646624098295983,,0.864675468098991,0.13532453190100902,0.9697019516721632,0.40717585831902436,5,0.1,0.5,0.6351637451014521,0.6394113159741631,0.6325545904182975,0.6324998270395812,0.6381578895417219,0.6378245753463557,1.0,0.6376498265793251,0.642233236375077,0.6313017555515468,0.6318171577045085,0.6237438944197181
2,7,0.27724424226648486,0.91448,5000,1.8438425373148035,0.8535414165666266,833,1.8419821353766104,0.8562,0.8171138446483711,0.08344124447829811,,,0.8632597592693376,,0.8632749359971889,0.13672506400281115,0.9696653174257779,0.4071740542790256,5,0.1,0.5,0.6355428124980715,0.6354804073290674,0.6370332760842599,0.6334089938375151,0.6335960900810768,0.6327500575158499,0.6376498265793251,1.0,0.6354960591438085,0.6353471076860553,0.6394371504688756,0.630153049380448
2,8,0.2637829247553637,0.91764,5000,1.8401152734403257,0.8403361344537815,833,1.8418592991539464,0.8559,0.8168708519114851,0.08391593737027077,,,0.979999999754072,,0.9800010039656644,0.019998996034335637,0.970011118260305,0.4072280885175624,5,0.1,0.5,0.6332035707367697,0.6404056338033917,0.628688569130369,0.6382795677225523,0.635889181960382,0.6331051767462389,0.642233236375077,0.6354960591438085,1.0,0.626638101914407,0.6343752061909149,0.6320148425284324
2,9,0.2817633335270984,0.91344,5000,1.8490321194684063,0.8211284513805522,833,1.8431588476077436,0.8545,0.8127246766352066,0.08298989411812878,,,0.7522600993206198,,0.7522764921439686,0.24772350785603137,0.9685567307928333,0.4068373413584559,5,0.1,0.5,0.6374734833257978,0.6382993151444206,0.6310746729439328,0.6325024537682207,0.6329244465799233,0.6238293347032039,0.6313017555515468,0.6353471076860553,0.626638101914407,1.0,0.6354779545626831,0.6201787279362794
2,10,0.2544642817656136,0.92328,5000,1.8268455046194572,0.8787515006002401,833,1.841938898967097,0.8561,0.8160956003387506,0.08343372638377235,,,0.8614108498422827,,0.8614276391747402,0.1385723608252598,0.9696942212517599,0.4071715634974977,5,0.1,0.5,0.6415332128852849,0.6426707715782994,0.6342841313515303,0.6282733461009187,0.6311802724392704,0.628556877686454,0.6318171577045085,0.6394371504688756,0.6343752061909149,0.6354779545626831,1.0,0.6281672975352967
2,11,0.28879861531862216,0.91428,5000,1.8460086010120533,0.8607442977190877,833,1.8444213745312188,0.8536,0.8045964714778495,0.08257408083833462,,,0.65,,0.650002509914161,0.349997490085839,0.9673445214659471,0.4058821050121271,5,0.1,0.5,0.6249297234272876,0.6233251307456152,0.6212538965313181,0.6182571322016909,0.6214693986898195,0.6229531485183887,0.6237438944197181,0.630153049380448,0.6320148425284324,0.6201787279362794,0.6281672975352967,1.0
3,0,0.2513034976755601,0.9246,5000,1.6059468101572107,0.907673860911271,834,1.612809686234203,0.9112,0.8106070823474244,0.0832111343546943,,,0.8106564016218252,,0.8106771748406204,0.1893228251593796,0.9707568465638947,0.4043260344759686,5,0.1,0.5,1.0,0.6210132660953287,0.6194415168429023,0.6189115021650365,0.6309813543891772,0.6228512148195713,0.623174681729856,0.6175732692103241,0.6279335559885615,0.6284039561401997,0.6324337956995222,0.627720191764371
3,1,0.24353746199612594,0.92824,5000,1.5825011553587738,0.9316546762589928,834,1.6111972191082402,0.9118,0.8094733309581116,0.0835580450360222,,,0.9182689072078454,,0.9182822147482556,0.08171778525174445,0.9714090600714438,0.4044824569605072,5,0.1,0.5,0.6210132660953287,1.0,0.6190315799841025,0.6225585828660609,0.6263527139743243,0.6263336058762978,0.6206778526255283,0.6240669566136734,0.6233734108018316,0.6235533836049347,0.6279259199034559,0.6218882551507754
3,2,0.24441751911168455,0.92824,5000,1.6053768308074385,0.9124700239808153,834,1.6111834224420614,0.9114,0.807416779658885,0.08340468565447126,,,0.870696467983296,,0.8707143215702023,0.12928567842979766,0.9713250993077519,0.4044460850434993,5,0.1,0.5,0.6194415168429023,0.6190315799841025,1.0,0.6193573875200271,0.6321664444501294,0.6196607517422174,0.618642093532974,0.6255936394232431,0.616931861662108,0.6164388386575753,0.6345714542011707,0.6154493838239301
3,3,0.2540786502443871,0.9234,5000,1.6088621263150815,0.8980815347721822,834,1.6145798280216253,0.9109,0.8060711793401015,0.08286589056206989,,,0.7035609688143937,,0.7035791375934943,0.29642086240650567,0.9697624845449284,0.4037109964241308,5,0.1,0.5,0.6189115021650365,0.6225585828660609,0.6193573875200271,1.0,0.6207511911587131,0.6288371727920685,0.6177048606341495,0.6217910020314209,0.628134783232716,0.6114712040575068,0.6215590811596682,0.6164921882125238
3,4,0.24795536498663723,0.92516,5000,1.6101535779458505,0.921968787515006,833,1.6111739877694713,0.9114,0.8105272073016436,0.08363185264879797,,,0.941164201500084,,0.9411826715526329,0.05881732844736709,0.971440085874485,0.40448933126175074,5,0.1,0.5,0.6309813543891772,0.6263527139743243,0.6321664444501294,0.6207511911587131,1.0,0.6303347301066865,0.6206812806134194,0.6179526278329982,0.6218040400723586,0.6214309459093752,0.6317454601138803,0.6124570976116226
3,5,0.23237824516020905,0.9304,5000,1.5945535015176844,0.9195678271308524,833,1.6111788521178614,0.9117,0.8118561329140056,0.08353193606879927,,,0.9101698444451558,,0.9101902514933989,0.08980974850660106,0.9713428328668324,0.4044787279867098,5,0.1,0.5,0.6228512148195713,0.6263336058762978,0.6196607517422174,0.6288371727920685,0.6303347301066865,1.0,0.6229559725293241,0.6211218194988584,0.6269448565366889,0.6223117145566498,0.635800816799777,0.6234982941947842
3,6,0.2532741012899976,0.92288,5000,1.6252744815967701,0.8991596638655462,833,1.6112699866675722,0.912,0.8067595372653747,0.08333121817916861,,,0.8479066851315982,,0.8479192811605843,0.15208071883941565,0.9712339977172204,0.40441314763206593,5,0.1,0.5,0.623174681729856,0.6206778526255283,0.618642093532974,0.6177048606341495,0.6206812806134194,0.6229559725293241,1.0,0.6207993973546093,0.6229638059085939,0.6234547654989058,0.6265951860385057,0.6136303388661695
3,7,0.2493807417073637,0.92492,5000,1.6177240830880624,0.9183673469387755,833,1.6113015801761859,0.9118,0.8079058348372556,0.0833673732635795,,,0.8591220769674364,,0.859133577631645,0.140866422368355,0.971260206197259,0.40443104626860393,5,0.1,0.5,0.6175732692103241,0.6240669566136734,0.6255936394232431,0.6217910020314209,0.6179526278329982,0.6211218194988584,0.6207993973546093,1.0,0.6239940232272357,0.616595254831141,0.6286566935238586,0.6243449749758622
3,8,0.24085776286116642,0.92872,5000,1.6090831403379087,0.9039615846338536,833,1.611148835751957,0.9116,0.8100733451342413,0.08375704770058623,,,0.9799999996897977,,0.9800010039656644,0.019998996034335637,0.9714658206297587,0.4044927870772921,5,0.1,0.5,0.6279335559885615,0.6233734108018316,0.616931861662108,0.628134783232716,0.6218040400723586,0.6269448565366889,0.6229638059085939,0.6239940232272357,1.0,0.6234931846026084,0.624997282373365,0.6208878391284536
3,9,0.2541474714946405,0.92308,5000,1.6221201817194622,0.8883553421368547,833,1.6130454258416027,0.9109,0.8062762603252588,0.0830118862492556,,,0.7488491728058893,,0.7488579890567743,0.25114201094322575,0.9703336213717907,0.4040567215223989,5,0.1,0.5,0.6284039561401997,0.6235533836049347,0.6164388386575753,0.6114712040575068,0.6214309459093752,0.6223117145566498,0.6234547654989058,0.616595254831141,0.6234931846026084,1.0,0.6268458365053242,0.6146329920708687
3,10,0.23153293448363899,0.93084,5000,1.594554238849216,0.929171668667467,833,1.6112101302741053,0.9119,0.8157518593129465,0.08363570433862422,,,0.9423590047023274,,0.9423723708649164,0.05762762913508357,0.9713117275324312,0.4044895461285112,5,0.1,0.5,0.6324337956995222,0.6279259199034559,0.6345714542011707,0.6215590811596682,0.6317454601138803,0.635800816799777,0.6265951860385057,0.6286566935238586,0.624997282373365,0.6268458365053242,1.0,0.6275402715104514
3,11,0.26425442044403713,0.92392,5000,1.6214119019331756,0.907563025210084,833,1.615217641138802,0.9108,0.8050286931398593,0.08269322594393096,,,0.65,,0.650002509914161,0.349997490085839,0.9686413178311651,0.40306351200380947,5,0.1,0.5,0.627720191764371,0.6218882551507754,0.6154493838239301,0.6164921882125238,0.6124570976116226,0.6234982941947842,0.6136303388661695,0.6243449749758622,0.6208878391284536,0.6146329920708687,0.6275402715104514,1.0
4,0,0.22545365913931256,0.93372,5000,1.3544791671964858,0.935251798561151,834,1.3641078456903037,0.9322,0.7993784280180282,0.0833128161691478,,,0.98,,0.9800010039656644,0.019998996034335637,0.9708675906524079,0.3988251235369539,5,0.1,0.5,1.0,0.6109978270094228,0.6008742919172545,0.5913290130036426,0.6067904212478777,0.5987155755714024,0.6114895371113194,0.6069289280349046,0.6051362939336169,0.604773597717126,0.608636901289525,0.6063167749771402
4,1,0.22710423685912826,0.93232,5000,1.3261339090488575,0.9496402877697842,834,1.3623205537613208,0.9326,0.8046225058122775,0.0837270503525426,,,0.98,,0.9800010039656644,0.019998996034335637,0.9712802895124102,0.3988251235369539,5,0.1,0.5,0.6109978270094228,1.0,0.6075318697901746,0.6064599451110034,0.6014214719112221,0.6127930887119454,0.6165487137389996,0.6179873808672248,0.6051275487233208,0.6095023191226182,0.6065697242026334,0.6057067372635998
4,2,0.22531249356177296,0.9326,5000,1.3556230553874262,0.9328537170263789,834,1.3623067140579224,0.9326,0.7965406094968485,0.08334220384137118,,,0.98,,0.9800010039656644,0.019998996034335637,0.9711804169771345,0.3988251235369539,5,0.1,0.5,0.6008742919172545,0.6075318697901746,1.0,0.5974927005345356,0.6072904287628957,0.5959042307815077,0.6110503472929971,0.6066809877316593,0.5964796391953019,0.5993098264250858,0.6064392805122508,0.5948371446878713
4,3,0.23805959493212497,0.92912,5000,1.3606697056028578,0.9232613908872902,834,1.3660854066903598,0.9325,0.7905470086047544,0.0827741347545909,,,0.98,,0.9800010039656644,0.019998996034335637,0.9693124212250065,0.3988251235369539,5,0.1,0.5,0.5913290130036426,0.6064599451110034,0.5974927005345356,1.0,0.5953617909702581,0.5980609809110219,0.6014856466854739,0.6019405547078707,0.5990803073790811,0.5918656197932195,0.5926238069486186,0.5934488940668415
4,4,0.22932818346378056,0.93152,5000,1.3580348844881411,0.943577430972389,833,1.3622986611466819,0.9326,0.7968157824233164,0.08350289933801354,,,0.98,,0.9800010039656644,0.019998996034335637,0.9712932109899851,0.3988251235369539,5,0.1,0.5,0.6067904212478777,0.6014214719112221,0.6072904287628957,0.5953617909702581,1.0,0.6113458460566031,0.6029630327822663,0.5974355641562432,0.603877757817359,0.595282895960865,0.6085570849067728,0.5950485816644498
4,5,0.2149575015790998,0.93636,5000,1.3412855399979486,0.9387755102040817,833,1.362296639539944,0.9327,0.7967512113002152,0.08343419551006823,,,0.98,,0.9800010039656644,0.019998996034335637,0.9712733535345325,0.3988251235369539,5,0.1,0.5,0.5987155755714024,0.6127930887119454,0.5959042307815077,0.5980609809110219,0.6113458460566031,1.0,0.6017588915617008,0.6075049165073597,0.6049822942773967,0.5932577784717326,0.6024798563437045,0.5984321856167394
4,6,0.22755916158069567,0.93176,5000,1.377295003996955,0.9207683073229291,833,1.362402243736072,0.9326,0.8020931717470283,0.08348768619417671,,,0.98,,0.9800010039656644,0.019998996034335637,0.971093393738978,0.3988251235369539,5,0.1,0.5,0.6114895371113194,0.6165487137389996,0.6110503472929971,0.6014856466854739,0.6029630327822663,0.6017588915617008,1.0,0.6092307979811254,0.6126547010165343,0.6071556256524373,0.6055113766614814,0.5975191566526379
4,7,0.2265013976633596,0.93212,5000,1.3729406860139635,0.9303721488595438,833,1.3624281967029024,0.9327,0.8001044467572116,0.08344212440630021,,,0.98,,0.9800010039656644,0.019998996034335637,0.9711443922187574,0.3988251235369539,5,0.1,0.5,0.6069289280349046,0.6179873808672248,0.6066809877316593,0.6019405547078707,0.5974355641562432,0.6075049165073597,0.6092307979811254,1.0,0.6032427384797505,0.606404190929374,0.6019716607315982,0.5989051800097741
4,8,0.2218187623123407,0.93312,5000,1.3593554805826258,0.929171668667467,833,1.3622704531057193,0.9326,0.7977100140007951,0.08361745100710766,,,0.98,,0.9800010039656644,0.019998996034335637,0.9713003619622272,0.3988251235369539,5,0.1,0.5,0.6051362939336169,0.6051275487233208,0.5964796391953019,0.5990803073790811,0.603877757817359,0.6049822942773967,0.6126547010165343,0.6032427384797505,1.0,0.6034036886734409,0.6000359787676044,0.5994449553894593
4,9,0.2321109554048177,0.92976,5000,1.3761836599420618,0.907563025210084,833,1.3643541911158699,0.9322,0.7959128922727473,0.0830590249659472,,,0.98,,0.9800010039656644,0.019998996034335637,0.970164435267964,0.3988251235369539,5,0.1,0.5,0.604773597717126,0.6095023191226182,0.5993098264250858,0.5918656197932195,0.595282895960865,0.5932577784717326,0.6071556256524373,0.606404190929374,0.6034036886734409,1.0,0.6029507372170649,0.605945703780499
4,10,0.21393937226859439,0.93764,5000,1.3434426607909027,0.9471788715486195,833,1.3623242698157558,0.9326,0.7979580302085809,0.08354543895882113,,,0.98,,0.9800010039656644,0.019998996034335637,0.9712924443993333,0.3988251235369539,5,0.1,0.5,0.608636901289525,0.6065697242026334,0.6064392805122508,0.5926238069486186,0.6085570849067728,0.6024798563437045,0.6055113766614814,0.6019716607315982,0.6000359787676044,0.6029507372170649,1.0,0.6005990356939581
4,11,0.2453672753552058,0.92792,5000,1.378084456479108,0.9267707082833133,833,1.3668309035011754,0.9323,0.793280195084043,0.08275497450191285,,,0.98,,0.9800010039656644,0.019998996034335637,0.9676779767436354,0.3988251235369539,5,0.1,0.5,0.6063167749771402,0.6057067372635998,0.5948371446878713,0.5934488940668415,0.5950485816644498,0.5984321856167394,0.5975191566526379,0.5989051800097741,0.5994449553894593,0.605945703780499,0.6005990356939581,1.0
5,0,0.21029826625529083,0.93852,5000,1.1032974455091689,0.9412470023980816,834,1.1151939950431118,0.9416,0.7950053365245502,0.08354414066587226,,,0.9417268258803982,,0.9417448923246825,0.0582551076753175,0.9697199463931305,0.39431020169858905,5,0.1,0.5,1.0,0.5991750030719928,0.5889832972128982,0.5833868252739425,0.5997062079591078,0.5973382330425863,0.5909155216703895,0.5932775794283018,0.5972542316317481,0.5949460035761572,0.5943555179711122,0.5841490719566838
5,1,0.20691106716159044,0.9394,5000,1.0707366444446422,0.9592326139088729,834,1.113348447476713,0.9422,0.791135034901077,0.08368467729535696,,,0.979999999727664,,0.9800010039656644,0.019998996034335637,0.9697287002717168,0.39431420128571243,5,0.1,0.5,0.5991750030719928,1.0,0.5899886807681661,0.5865552238201902,0.5927081270853314,0.5960457304966864,0.5949304545557942,0.5892002066603635,0.5838614829027691,0.5825882491429198,0.592073324482224,0.5777430092209936
5,2,0.20750958789970464,0.93764,5000,1.1057920279326263,0.9412470023980816,834,1.1133134458392573,0.9419,0.7888844619188121,0.083348713829141,,,0.8885050763332354,,0.8885196526278801,0.11148034737211987,0.9696569414714535,0.39428103949676085,5,0.1,0.5,0.5889832972128982,0.5899886807681661,1.0,0.5856405664331004,0.5999209831707498,0.5872469784012053,0.5943476158428739,0.5918320304286517,0.5820892909465816,0.5784048730803574,0.5931864699528898,0.5737706347270204
5,3,0.21828720008918814,0.93556,5000,1.112330887052748,0.934052757793765,834,1.1173210448731248,0.9422,0.7848967030622109,0.08282941253286066,,,0.7470806742785959,,0.7471010491441192,0.25289895085588077,0.9686213131362539,0.3938196386613703,5,0.1,0.5,0.5833868252739425,0.5865552238201902,0.5856405664331004,1.0,0.5794408255600033,0.5925741947785071,0.5861681396443772,0.5863220677794361,0.5880348629536312,0.5762690470204803,0.5865054507719685,0.5797037939747988
5,4,0.20850006212705782,0.93716,5000,1.1049980190065172,0.9495798319327731,833,1.113334185780047,0.9422,0.791670373713799,0.08355385902581293,,,0.9443734844838048,,0.944380302193665,0.05561969780633502,0.9697208091517924,0.3943107368194354,5,0.1,0.5,0.5997062079591078,0.5927081270853314,0.5999209831707498,0.5794408255600033,1.0,0.5970239571802158,0.5882794431766527,0.5918634873654038,0.593210625417736,0.5894916408906488,0.590667442491622,0.5686085129582218
5,5,0.195196512686148,0.94124,5000,1.0886046687761943,0.9531812725090036,833,1.1133291898444058,0.9422,0.7925868473490089,0.08354019588884266,,,0.9406525213549792,,0.9406756688921238,0.05932433110787616,0.9697189054285354,0.3943099719653011,5,0.1,0.5,0.5973382330425863,0.5960457304966864,0.5872469784012053,0.5925741947785071,0.5970239571802158,1.0,0.589960943679874,0.5968541965835749,0.5880637785783015,0.5831182833686429,0.5934105617508327,0.5784108220075168
5,6,0.21426109099422527,0.93508,5000,1.1269334863733362,0.9303721488595438,833,1.113424872437986,0.9419,0.7879390587094488,0.08341261211967305,,,0.9059068767822956,,0.9059284172481301,0.09407158275186989,0.9696906074254336,0.3942949005248689,5,0.1,0.5,0.5909155216703895,0.5949304545557942,0.5943476158428739,0.5861681396443772,0.5882794431766527,0.589960943679874,1.0,0.5887343498067565,0.5895513884493799,0.5792301322648317,0.5848882648005054,0.5687185402640543
5,7,0.20850185308557975,0.93864,5000,1.1275845633612738,0.9411764705882353,833,1.1134567519727225,0.942,0.7917799011166133,0.08351713829192549,,,0.9343731092291367,,0.9343808041764972,0.06561919582350284,0.9697157027862088,0.39430826883593767,5,0.1,0.5,0.5932775794283018,0.5892002066603635,0.5918320304286517,0.5863220677794361,0.5918634873654038,0.5968541965835749,0.5887343498067565,1.0,0.5957424771528285,0.5883014325423864,0.592612274148662,0.5776217661048496
5,8,0.20259964268737632,0.93948,5000,1.1096942557228937,0.9387755102040817,833,1.1132982251362298,0.9422,0.7887414613534766,0.08352742398620959,,,0.9371742733592192,,0.9371868882084232,0.06281311179157678,0.969716019184774,0.3943090991747651,5,0.1,0.5,0.5972542316317481,0.5838614829027691,0.5820892909465816,0.5880348629536312,0.593210625417736,0.5880637785783015,0.5895513884493799,0.5957424771528285,1.0,0.5847845651879866,0.5845878396950054,0.5756164336839766
5,9,0.2119418627149455,0.93512,5000,1.1296368572447035,0.921968787515006,833,1.115386488529059,0.9415,0.7846293640067357,0.08301019129074756,,,0.7963132256345501,,0.7963254856683901,0.20367451433160988,0.9692048548169381,0.39407900589926026,5,0.1,0.5,0.5949460035761572,0.5825882491429198,0.5784048730803574,0.5762690470204803,0.5894916408906488,0.5831182833686429,0.5792301322648317,0.5883014325423864,0.5847845651879866,1.0,0.5938801959461191,0.5755953867466238
5,10,0.1953553279725372,0.94088,5000,1.0939063672666196,0.9543817527010804,833,1.1133566102661645,0.9419,0.7909998124924905,0.08355869652442441,,,0.9456909091724566,,0.9457105566989609,0.05428944330103913,0.9697211746471094,0.3943110080328276,5,0.1,0.5,0.5943555179711122,0.592073324482224,0.5931864699528898,0.5865054507719685,0.590667442491622,0.5934105617508327,0.5848882648005054,0.592612274148662,0.5845878396950054,0.5938801959461191,1.0,0.5783701297342094
5,11,0.2210938018835654,0.93468,5000,1.1340718732939825,0.9387755102040817,833,1.1188443076496306,0.9421,0.7751142924603515,0.08247293854913354,,,0.65,,0.650002509914161,0.349997490085839,0.9661655801481492,0.39276819524458806,5,0.1,0.5,0.5841490719566838,0.5777430092209936,0.5737706347270204,0.5797037939747988,0.5686085129582218,0.5784108220075168,0.5687185402640543,0.5776217661048496,0.5756164336839766,0.5755953867466238,0.5783701297342094,1.0
6,0,0.19832595094896047,0.94172,5000,0.8725872525462398,0.9508393285371702,834,0.8866152435826798,0.9482,0.7758820688891891,0.08361162902087904,,,0.9470919149323963,,0.947111088800763,0.052888911199237,0.9674671538699894,0.38601370710988436,5,0.1,0.5,1.0,0.5611232461325438,0.5629719905001105,0.5617572493440718,0.5673795402595083,0.5677737781091461,0.562484313445139,0.5563669873694593,0.5605933230504524,0.5594908872861992,0.5633814415728925,0.5636476750514408
6,1,0.19395646564128577,0.94268,5000,0.8382003020357203,0.9640287769784173,834,0.8848793950324623,0.948,0.7701603166778446,0.08350366382544837,,,0.9175379332604952,,0.9175543396415843,0.08244566035841572,0.9674474320293323,0.3860044452339201,5,0.1,0.5,0.5611232461325438,1.0,0.5539126724338985,0.5572284254709416,0.5486218975745999,0.5625151547481502,0.5587534679476573,0.555488070924355,0.5596797673568967,0.5493239579536021,0.5673047700099397,0.5592190856537578
6,2,0.19110969403390862,0.94244,5000,0.8771532840198941,0.9508393285371702,834,0.8848603207844133,0.948,0.7760480973799887,0.08348613196108112,,,0.9127388274364656,,0.9127553837658752,0.08724461623412483,0.9673688847914655,0.3860018984571426,5,0.1,0.5,0.5629719905001105,0.5539126724338985,1.0,0.5576966581916517,0.5636170755288827,0.565962738665721,0.566930643002895,0.572627013479152,0.5631777929078245,0.5526172946568095,0.5743169282890452,0.5555368898750562
6,3,0.20011275682218704,0.9414,5000,0.884332643614875,0.9376498800959233,834,0.8888081725413045,0.9488,0.7705947167600834,0.08294410093784949,,,0.7643653181560986,,0.7643742783996788,0.23562572160032125,0.9662222528778315,0.3856207134363213,5,0.1,0.5,0.5617572493440718,0.5572284254709416,0.5576966581916517,1.0,0.5591464321692226,0.5652750284985506,0.5531395019091845,0.5597136707626921,0.5628616797524362,0.5445914549978099,0.5629071972116989,0.5573477165788523
6,4,0.19592236445113353,0.94232,5000,0.8721378357322128,0.9603841536614646,833,0.884885440619228,0.948,0.7720811827504636,0.08348368519986737,,,0.9120690603344086,,0.9120877465990663,0.08791225340093367,0.967436520675802,0.3860015706432775,5,0.1,0.5,0.5673795402595083,0.5486218975745999,0.5636170755288827,0.5591464321692226,1.0,0.5713030568019976,0.5566378748699943,0.5583452576567898,0.5588108115414858,0.5563689878465251,0.5640958241373402,0.5472301297714729
6,5,0.18413999953253823,0.9436,5000,0.858160999086168,0.9615846338535414,833,0.8848383999861087,0.948,0.7769088456766735,0.08364530497971169,,,0.9563102437295028,,0.9563274935997189,0.043672506400281086,0.9674703559541789,0.3860151360815559,5,0.1,0.5,0.5677737781091461,0.5625151547481502,0.565962738665721,0.5652750284985506,0.5713030568019976,1.0,0.5567930869703378,0.5613278436374866,0.5649477726597277,0.5538308699978003,0.5733456238757308,0.553261103817323
6,6,0.2009550684831657,0.93908,5000,0.897250422724971,0.936374549819928,833,0.8850055098914491,0.9479,0.7695448258888711,0.08329899795685289,,,0.8615134773679614,,0.8615330555694996,0.13846694443050045,0.9672993665591852,0.38594783910548347,5,0.1,0.5,0.562484313445139,0.5587534679476573,0.566930643002895,0.5531395019091845,0.5566378748699943,0.5567930869703378,1.0,0.5584836215795939,0.5571770650502752,0.5506275922038973,0.5614507813912023,0.5462799188269586
6,7,0.19555280728408012,0.94212,5000,0.9015739957491556,0.9459783913565426,833,0.8849841434353838,0.9479,0.7732316711860037,0.08349970523743537,,,0.9164543244445609,,0.9164750765523819,0.08352492344761808,0.967443162639641,0.3860038176620442,5,0.1,0.5,0.5563669873694593,0.555488070924355,0.572627013479152,0.5597136707626921,0.5583452576567898,0.5613278436374866,0.5584836215795939,1.0,0.5626484215581687,0.5503678989326959,0.5729736372050256,0.5541061064664216
6,8,0.18695865287178545,0.94404,5000,0.8804753179903384,0.9411764705882353,833,0.884848668362005,0.948,0.7724952661242349,0.08348056527450291,,,0.9112150238398588,,0.9112343757843482,0.08876562421565182,0.9674347025299368,0.3860010443006639,5,0.1,0.5,0.5605933230504524,0.5596797673568967,0.5631777929078245,0.5628616797524362,0.5588108115414858,0.5649477726597277,0.5571770650502752,0.5626484215581687,1.0,0.551494913427838,0.5589424574275552,0.555276044200383
6,9,0.19936266750806148,0.9402,5000,0.9044289125336541,0.9327731092436975,833,0.8870547560457224,0.9483,0.7627495763262815,0.08278806132515519,,,0.7216516284780307,,0.7216705988655188,0.27832940113448124,0.9659238840602026,0.3853231631007261,5,0.1,0.5,0.5594908872861992,0.5493239579536021,0.5526172946568095,0.5445914549978099,0.5563689878465251,0.5538308699978003,0.5506275922038973,0.5503678989326959,0.551494913427838,1.0,0.5555976901432625,0.5436889712181481
6,10,0.18527183428252483,0.94376,5000,0.8648318096443459,0.957983193277311,833,0.8848597736785206,0.9479,0.7790033871917179,0.08373184726576606,,,0.9799999997262638,,0.9800010039656644,0.019998996034335637,0.9674772593704191,0.38601674068215086,5,0.1,0.5,0.5633814415728925,0.5673047700099397,0.5743169282890452,0.5629071972116989,0.5640958241373402,0.5733456238757308,0.5614507813912023,0.5729736372050256,0.5589424574275552,0.5555976901432625,1.0,0.5613985375721954
6,11,0.21220466767372503,0.9364,5000,0.9091288800592776,0.943577430972389,833,0.8907512275936504,0.9491,0.7655590868021824,0.0825263070154504,,,0.65,,0.650002509914161,0.349997490085839,0.9639961786246994,0.3844765900341771,5,0.1,0.5,0.5636476750514408,0.5592190856537578,0.5555368898750562,0.5573477165788523,0.5472301297714729,0.553261103817323,0.5462799188269586,0.5541061064664216,0.555276044200383,0.5436889712181481,0.5613985375721954,1.0
7,0,0.18333314735750864,0.94648,5000,0.6671628455320994,0.9580335731414868,834,0.6825312719748805,0.9521,0.7623765452032968,0.08368064135647993,,,0.942093585153478,,0.9421113397921791,0.05788866020782091,0.9650776838300374,0.37895840410628173,5,0.1,0.5,1.0,0.5405959321536989,0.5335233607365276,0.5327851777707432,0.5382336200959625,0.5449099282246435,0.5403403403748253,0.5457579027440191,0.5455840346705589,0.5353934677344385,0.5416133416865702,0.533458147675167
