round,client_id,client_i_training_loss,client_i_training_accuracy,client_i_training_dataset_size,client_i_evaluation_loss,client_i_evaluation_accuracy,client_i_evaluation_dataset_size,client_i_central_evaluation_loss,client_i_central_evaluation_accuracy,client_i_cosine_similarity,client_i_importance_coefficient,client_i_tanh_val,tanh_normalization_value,client_i_q,client_i_mask_order,client_i_v_nonzero_fraction,client_i_v_sparsity,client_i_v_cosine_similarity,client_i_reward_gradient_norm,local_epochs,learning_rate,gamma,client_0_cosine_similarity,client_1_cosine_similarity,client_2_cosine_similarity,client_3_cosine_similarity,client_4_cosine_similarity,client_5_cosine_similarity,client_6_cosine_similarity,client_7_cosine_similarity,client_8_cosine_similarity,client_9_cosine_similarity,client_10_cosine_similarity,client_11_cosine_similarity
0,0,2.2125787628684073,0.34376,5000,2.2677477995554605,0.37290167865707435,834,2.2636929792337144,0.3684,0.9923351037923527,0.08308991613948612,,,0.98,,0.9800166246218381,0.01998337537816186,0,0.09952421207761572,5,0.001,0.1,1.0,0.988505425403052,0.9849213477912028,0.9871088172199314,0.9910058831327037,0.990095873664184,0.9856276674783624,0.9857478496079384,0.9835679214035854,0.9853684472527435,0.988787202484715,0.9806289768894024
0,1,2.2103990797783917,0.3608,5000,2.2646374525847257,0.35251798561151076,834,2.2636929792337144,0.3684,0.9967824901544876,0.08346230340912664,,,0.98,,0.9800166246218381,0.01998337537816186,0,0.09952421207761572,5,0.001,0.1,0.988505425403052,1.0,0.9903535096541466,0.9871780931834673,0.9938717688386106,0.9930381097656974,0.9911998939978686,0.9942031646646203,0.9908862540301315,0.9915423164431132,0.9942173418446849,0.98948425388071
0,2,2.216522834255437,0.39712,5000,2.2623125623773643,0.36930455635491605,834,2.2636929792337144,0.3684,0.9958041352736091,0.08338038408097208,,,0.98,,0.9800166246218381,0.01998337537816186,0,0.09952421207761572,5,0.001,0.1,0.9849213477912028,0.9903535096541466,1.0,0.9900742582816345,0.9919631441123821,0.9867482967188723,0.9925691317311266,0.9916302389097051,0.9922318173550448,0.992337199409001,0.9918184202719754,0.9881483661548909
0,3,2.216236488075013,0.36572,5000,2.2674421204460993,0.3369304556354916,834,2.2636929792337144,0.3684,0.9943305369346664,0.08325699717070548,,,0.98,,0.9800166246218381,0.01998337537816186,0,0.09952421207761572,5,0.001,0.1,0.9871088172199314,0.9871780931834673,0.9900742582816345,1.0,0.9898550742169195,0.9905612602669175,0.9885304878612309,0.9876292533690175,0.9898813799708983,0.9874591999674646,0.9872538466939175,0.9896650125167229
0,4,2.2137604136375866,0.3624,5000,2.2569435437520347,0.375750300120048,833,2.2636929792337144,0.3684,0.9967879454408072,0.08346276018958425,,,0.98,,0.9800166246218381,0.01998337537816186,0,0.09952421207761572,5,0.001,0.1,0.9910058831327037,0.9938717688386106,0.9919631441123821,0.9898550742169195,1.0,0.9927509383412613,0.9910786646883963,0.9939173624531873,0.9895792413224092,0.990019142665231,0.9937572278393184,0.9867468360640445
0,5,2.210319728000908,0.36,5000,2.272033108605279,0.3565426170468187,833,2.2636929792337144,0.3684,0.9954274575544416,0.08334884421104545,,,0.98,,0.9800166246218381,0.01998337537816186,0,0.09952421207761572,5,0.001,0.1,0.990095873664184,0.9930381097656974,0.9867482967188723,0.9905612602669175,0.9927509383412613,1.0,0.9888972264098669,0.9916895589914774,0.987354689171372,0.9893396277390848,0.9891759045680664,0.9886456183980041
0,6,2.2180464349734557,0.38668,5000,2.26271382967631,0.3709483793517407,833,2.2636929792337144,0.3684,0.9956992741388508,0.08337160387873993,,,0.98,,0.9800166246218381,0.01998337537816186,0,0.09952421207761572,5,0.001,0.1,0.9856276674783624,0.9911998939978686,0.9925691317311266,0.9885304878612309,0.9910786646883963,0.9888972264098669,1.0,0.9939450394165712,0.9912702917867264,0.9896081949292709,0.9899451035490521,0.9888716823652507
0,7,2.210889562679704,0.37968,5000,2.2660540916301586,0.3697478991596639,833,2.2636929792337144,0.3684,0.9964038185118125,0.08343059658457308,,,0.98,,0.9800166246218381,0.01998337537816186,0,0.09952421207761572,5,0.001,0.1,0.9857478496079384,0.9942031646646203,0.9916302389097051,0.9876292533690175,0.9939173624531873,0.9916895589914774,0.9939450394165712,1.0,0.9911137752285047,0.9902550500586335,0.9926713151040819,0.987155083525512
0,8,2.214894504000427,0.38816,5000,2.259703309447677,0.4021608643457383,833,2.2636929792337144,0.3684,0.9950253623666414,0.08331517609298057,,,0.98,,0.9800166246218381,0.01998337537816186,0,0.09952421207761572,5,0.001,0.1,0.9835679214035854,0.9908862540301315,0.9922318173550448,0.9898813799708983,0.9895792413224092,0.987354689171372,0.9912702917867264,0.9911137752285047,1.0,0.9893675180160243,0.9906384803423489,0.9876035503044144
0,9,2.214918446085256,0.38808,5000,2.2618725299835205,0.3349339735894358,833,2.2636929792337144,0.3684,0.9950242667637228,0.08331508435627359,,,0.98,,0.9800166246218381,0.01998337537816186,0,0.09952421207761572,5,0.001,0.1,0.9853684472527435,0.9915423164431132,0.992337199409001,0.9874591999674646,0.990019142665231,0.9893396277390848,0.9896081949292709,0.9902550500586335,0.9893675180160243,1.0,0.990304458607882,0.9878806790979436
0,10,2.210983990104335,0.3786,5000,2.2552187177870007,0.3817527010804322,833,2.2636929792337144,0.3684,0.9960556023231663,0.08340143984729506,,,0.98,,0.9800166246218381,0.01998337537816186,0,0.09952421207761572,5,0.001,0.1,0.988787202484715,0.9942173418446849,0.9918184202719754,0.9872538466939175,0.9937572278393184,0.9891759045680664,0.9899451035490521,0.9926713151040819,0.9906384803423489,0.990304458607882,1.0,0.9872296766932678
0,11,2.213796207403681,0.4106,5000,2.2647967868381076,0.39735894357743096,833,2.2636929792337144,0.3684,0.9932305578422443,0.08316489403921767,,,0.98,,0.9800166246218381,0.01998337537816186,0,0.09952421207761572,5,0.001,0.1,0.9806289768894024,0.98948425388071,0.9881483661548909,0.9896650125167229,0.9867468360640445,0.9886456183980041,0.9888716823652507,0.987155083525512,0.9876035503044144,0.9878806790979436,0.9872296766932678,1.0
1,0,2.0823518343032545,0.44608,5000,2.215197704456471,0.4184652278177458,834,2.2101432675370773,0.4216,0.9961953059794308,0.08313807530243647,,,0.98,,0.9800166246218381,0.01998337537816186,0.957305803754301,0.09976185230854598,5,0.001,0.1,1.0,0.9938025189109434,0.9927994935481285,0.9943784357844758,0.9949689147851287,0.9959982184675654,0.9923088357773665,0.9923114872602542,0.9915394780306807,0.9938338550189637,0.9931015436270593,0.9908457743326422
1,1,2.0761952249867144,0.47236,5000,2.21110596480193,0.42565947242206237,834,2.2101432675370773,0.4216,0.9982953784630428,0.083434330124307,,,0.98,,0.9800166246218381,0.01998337537816186,0.957305803754301,0.09976185230854598,5,0.001,0.1,0.9938025189109434,1.0,0.9948877102043636,0.9936092668637577,0.9967772983225285,0.995974416753072,0.9952746274552277,0.9966044780809219,0.9953639490790452,0.9966105401899538,0.9967921692859429,0.9953011111082862
1,2,2.0855084006194096,0.50932,5000,2.206840064790514,0.42326139088729015,834,2.2101432675370773,0.4216,0.9979032816482261,0.08337141520290416,,,0.98,,0.9800166246218381,0.01998337537816186,0.957305803754301,0.09976185230854598,5,0.001,0.1,0.9927994935481285,0.9948877102043636,1.0,0.9945180713821041,0.9954892509237282,0.9933092775402157,0.9962911485633907,0.9957046255465215,0.9962465579137028,0.9968609896990726,0.9958554487537448,0.994346647156648
1,3,2.083404134185451,0.49824,5000,2.2146122367293746,0.40047961630695444,834,2.2101432675370773,0.4216,0.9968565685815614,0.0832619250643494,,,0.98,,0.9800166246218381,0.01998337537816186,0.957305803754301,0.09976185230854598,5,0.001,0.1,0.9943784357844758,0.9936092668637577,0.9945180713821041,1.0,0.9942538743541615,0.9954244998087874,0.9934550396003053,0.9929832874736829,0.9940869604892663,0.9945750853000096,0.9925912549240614,0.9939243540854424
1,4,2.079342406418673,0.46012,5000,2.2014131634323686,0.4345738295318127,833,2.2101432675370773,0.4216,0.9983106645562463,0.08343510389983562,,,0.98,,0.9800166246218381,0.01998337537816186,0.957305803754301,0.09976185230854598,5,0.001,0.1,0.9949689147851287,0.9967772983225285,0.9954892509237282,0.9942538743541615,1.0,0.9964105349925011,0.9954808167138005,0.9969429608009699,0.9948839241835612,0.995903745277019,0.9964517484537643,0.9936176995751423
1,5,2.0721270122345845,0.46984,5000,2.217957531964337,0.40456182472989194,833,2.2101432675370773,0.4216,0.9975725069552804,0.08334138647270743,,,0.98,,0.9800166246218381,0.01998337537816186,0.957305803754301,0.09976185230854598,5,0.001,0.1,0.9959982184675654,0.995974416753072,0.9933092775402157,0.9954244998087874,0.9964105349925011,1.0,0.9941710084404876,0.9951028605866444,0.9926497143069644,0.9956531752421259,0.9939059737845384,0.9937603266087905
1,6,2.0863074231299623,0.50968,5000,2.207957382555361,0.4189675870348139,833,2.2101432675370773,0.4216,0.9977316504713212,0.08336048722189099,,,0.98,,0.9800166246218381,0.01998337537816186,0.957305803754301,0.09976185230854598,5,0.001,0.1,0.9923088357773665,0.9952746274552277,0.9962911485633907,0.9934550396003053,0.9954808167138005,0.9941710084404876,1.0,0.9966393451460744,0.9948109912323115,0.9958307854079109,0.994666473292897,0.9953240357789244
1,7,2.0725879212093963,0.48748,5000,2.2118297064745867,0.40936374549819926,833,2.2101432675370773,0.4216,0.9980284901451459,0.08340626172559543,,,0.98,,0.9800166246218381,0.01998337537816186,0.957305803754301,0.09976185230854598,5,0.001,0.1,0.9923114872602542,0.9966044780809219,0.9957046255465215,0.9929832874736829,0.9969429608009699,0.9951028605866444,0.9966393451460744,1.0,0.9948553900175028,0.99592535767373,0.9965903588108559,0.9941356306856755
1,8,2.0838696481315955,0.51164,5000,2.207328452004327,0.44657863145258103,833,2.2101432675370773,0.4216,0.9973854258942708,0.08331469168518388,,,0.98,,0.9800166246218381,0.01998337537816186,0.957305803754301,0.09976185230854598,5,0.001,0.1,0.9915394780306807,0.9953639490790452,0.9962465579137028,0.9940869604892663,0.9948839241835612,0.9926497143069644,0.9948109912323115,0.9948553900175028,1.0,0.9959264540028459,0.9953051146755922,0.9944425141011571
1,9,2.0806156386235717,0.50004,5000,2.2093794875674777,0.3985594237695078,833,2.2101432675370773,0.4216,0.9983642116062972,0.08334623828258914,,,0.98,,0.9800166246218381,0.01998337537816186,0.957305803754301,0.09976185230854598,5,0.001,0.1,0.9938338550189637,0.9966105401899538,0.9968609896990726,0.9945750853000096,0.995903745277019,0.9956531752421259,0.9958307854079109,0.99592535767373,0.9959264540028459,1.0,0.9958564857007917,0.9948534297594454
1,10,2.075880011175848,0.46332,5000,2.203872053711503,0.42857142857142855,833,2.2101432675370773,0.4216,0.9978271597218632,0.08338187444891708,,,0.98,,0.9800166246218381,0.01998337537816186,0.957305803754301,0.09976185230854598,5,0.001,0.1,0.9931015436270593,0.9967921692859429,0.9958554487537448,0.9925912549240614,0.9964517484537643,0.9939059737845384,0.994666473292897,0.9965903588108559,0.9953051146755922,0.9958564857007917,1.0,0.9942740195154902
1,11,2.0810182739974588,0.51428,5000,2.209340625339084,0.45018007202881155,833,2.2101432675370773,0.4216,0.9969429142390678,0.08320821056928344,,,0.98,,0.9800166246218381,0.01998337537816186,0.957305803754301,0.09976185230854598,5,0.001,0.1,0.9908457743326422,0.9953011111082862,0.994346647156648,0.9939243540854424,0.9936176995751423,0.9937603266087905,0.9953240357789244,0.9941356306856755,0.9944425141011571,0.9948534297594454,0.9942740195154902,1.0
2,0,1.9043736258889459,0.52032,5000,2.1496684374632657,0.49160671462829736,834,2.1435670913598788,0.494,0.9980107560903495,0.08319804364971166,,,0.98,,0.9800166246218381,0.01998337537816186,0.9849756276547174,0.09984924390909179,5,0.001,0.1,1.0,0.9965156223693378,0.9960880066943972,0.9962158029439595,0.997086995335903,0.9973757475371658,0.9959252285450282,0.9959151781048569,0.995338665661677,0.9963688191022277,0.9963140771055664,0.9949378227771845
2,1,1.893413912870322,0.54044,5000,2.144737711659184,0.5011990407673861,834,2.1435670913598788,0.494,0.998786492102823,0.08340476356822243,,,0.98,,0.9800166246218381,0.01998337537816186,0.9849756276547174,0.09984924390909179,5,0.001,0.1,0.9965156223693378,1.0,0.9970467463023612,0.9961511979325829,0.9976715560953469,0.9972361072505123,0.9968327456261037,0.9974164666186878,0.9969975539337216,0.9975410613155897,0.997184123700788,0.9967708298103419
2,2,1.9035898258731623,0.56556,5000,2.1378722102553755,0.5059952038369304,834,2.1435670913598788,0.494,0.9987204327879307,0.08336404810306272,,,0.98,,0.9800166246218381,0.01998337537816186,0.9849756276547174,0.09984924390909179,5,0.001,0.1,0.9960880066943972,0.9970467463023612,1.0,0.9969299733289537,0.9970404120690469,0.9960969739514507,0.9975099266462096,0.996961488573601,0.9972261751244601,0.9975389312297804,0.9973429973404738,0.9967938098019595
2,3,1.9018585896036428,0.5558,5000,2.1487970175566495,0.47961630695443647,834,2.1435670913598788,0.494,0.998333230182625,0.0832844043578358,,,0.98,,0.9800166246218381,0.01998337537816186,0.9849756276547174,0.09984924390909179,5,0.001,0.1,0.9962158029439595,0.9961511979325829,0.9969299733289537,1.0,0.9963277363617896,0.9972555803407511,0.9966654458015018,0.9962802816792261,0.9968478402734373,0.9965808626136524,0.9959979768674202,0.9966910566841624
2,4,1.8985217695782899,0.52364,5000,2.1328330834706626,0.5018007202881153,833,2.1435670913598788,0.494,0.9988134456981368,0.08340610807319952,,,0.98,,0.9800166246218381,0.01998337537816186,0.9849756276547174,0.09984924390909179,5,0.001,0.1,0.997086995335903,0.9976715560953469,0.9970404120690469,0.9963277363617896,1.0,0.9973893143901839,0.9970351097662692,0.9976936828728887,0.9964070418158514,0.9972872162513042,0.9975634358652392,0.9961844195241195
2,5,1.8849130422446378,0.54032,5000,2.1509321883872703,0.47418967587034816,833,2.1435670913598788,0.494,0.998534913305909,0.08333964465637052,,,0.98,,0.9800166246218381,0.01998337537816186,0.9849756276547174,0.09984924390909179,5,0.001,0.1,0.9973757475371658,0.9972361072505123,0.9960969739514507,0.9972555803407511,0.9973893143901839,1.0,0.9965667160645295,0.9968732913115254,0.9957272240749961,0.9972364311033373,0.9961833792085061,0.9964160492542399
2,6,1.9046982507037509,0.57044,5000,2.1400509940253363,0.4921968787515006,833,2.1435670913598788,0.494,0.9985310780826676,0.08335123461409373,,,0.98,,0.9800166246218381,0.01998337537816186,0.9849756276547174,0.09984924390909179,5,0.001,0.1,0.9959252285450282,0.9968327456261037,0.9975099266462096,0.9966654458015018,0.9970351097662692,0.9965667160645295,1.0,0.9973477544427047,0.9962117965630013,0.9966483804044156,0.9964767029480749,0.9970872607487077
2,7,1.8861719283328695,0.55964,5000,2.143625400684498,0.4729891956782713,833,2.1435670913598788,0.494,0.9985919763024694,0.0833812719433363,,,0.98,,0.9800166246218381,0.01998337537816186,0.9849756276547174,0.09984924390909179,5,0.001,0.1,0.9959151781048569,0.9974164666186878,0.996961488573601,0.9962802816792261,0.9976936828728887,0.9968732913115254,0.9973477544427047,1.0,0.9965724910993329,0.9963886225925243,0.9973902633557764,0.9961923674932706
2,8,1.9020263011288492,0.56932,5000,2.1427571332013167,0.5258103241296519,833,2.1435670913598788,0.494,0.9982734479847375,0.0833148344907602,,,0.98,,0.9800166246218381,0.01998337537816186,0.9849756276547174,0.09984924390909179,5,0.001,0.1,0.995338665661677,0.9969975539337216,0.9972261751244601,0.9968478402734373,0.9964070418158514,0.9957272240749961,0.9962117965630013,0.9965724910993329,1.0,0.9967921033333585,0.9965768281948041,0.996523839553659
2,9,1.8981872016457235,0.56844,5000,2.1436856676031044,0.47418967587034816,833,2.1435670913598788,0.494,0.9986296204964489,0.08334567693735434,,,0.98,,0.9800166246218381,0.01998337537816186,0.9849756276547174,0.09984924390909179,5,0.001,0.1,0.9963688191022277,0.9975410613155897,0.9975389312297804,0.9965808626136524,0.9972872162513042,0.9972364311033373,0.9966483804044156,0.9963886225925243,0.9967921033333585,1.0,0.9965548412206149,0.996550938563582
2,10,1.8929630666781383,0.52484,5000,2.139433984403257,0.49339735894357745,833,2.1435670913598788,0.494,0.9984853715187013,0.08336287530265801,,,0.98,,0.9800166246218381,0.01998337537816186,0.9849756276547174,0.09984924390909179,5,0.001,0.1,0.9963140771055664,0.997184123700788,0.9973429973404738,0.9959979768674202,0.9975634358652392,0.9961833792085061,0.9964767029480749,0.9973902633557764,0.9965768281948041,0.9965548412206149,1.0,0.9961719501939166
2,11,1.8967972573201368,0.57272,5000,2.1400050852033825,0.5150060024009604,833,2.1435670913598788,0.494,0.998197868891082,0.0832470943033949,,,0.98,,0.9800166246218381,0.01998337537816186,0.9849756276547174,0.09984924390909179,5,0.001,0.1,0.9949378227771845,0.9967708298103419,0.9967938098019595,0.9966910566841624,0.9961844195241195,0.9964160492542399,0.9970872607487077,0.9961923674932706,0.996523839553659,0.996550938563582,0.9961719501939166,1.0
3,0,1.7148761586778483,0.56488,5000,2.0689408514234753,0.5179856115107914,834,2.061583394440599,0.5252,0.9985119337099283,0.08324286732087763,,,0.98,,0.9800166246218381,0.01998337537816186,0.9921186673335269,0.09987445759088152,5,0.001,0.1,1.0,0.9971749142293823,0.9967754164441636,0.9969637941241666,0.9972548157903494,0.9972377539308304,0.9968894788613363,0.9972380759188298,0.9966575430769921,0.9971910074458008,0.9973779048820505,0.9963438063525424
3,1,1.7000818535021156,0.5856,5000,2.0629525979359946,0.5299760191846523,834,2.061583394440599,0.5252,0.9989536954206757,0.08338388553767234,,,0.98,,0.9800166246218381,0.01998337537816186,0.9921186673335269,0.09987445759088152,5,0.001,0.1,0.9971749142293823,1.0,0.9973960117656876,0.9968153753848533,0.9977241988118718,0.9971405647813907,0.9975456550714156,0.9980778279391866,0.9975827791255258,0.9978603027932477,0.9978334921735443,0.9972403965393908
3,2,1.7111133391690103,0.6046,5000,2.0530709513911494,0.5431654676258992,834,2.061583394440599,0.5252,0.9987655940614331,0.08335284802788209,,,0.98,,0.9800166246218381,0.01998337537816186,0.9921186673335269,0.09987445759088152,5,0.001,0.1,0.9967754164441636,0.9973960117656876,1.0,0.9971495219484986,0.9971479835495449,0.9965233713301074,0.997729684171787,0.9974516232774648,0.9975839776902463,0.9975311962178331,0.9976919139150958,0.9971581399283772
3,3,1.7093832111662361,0.59668,5000,2.067692262155038,0.5083932853717026,834,2.061583394440599,0.5252,0.9985043424271149,0.08329557881489666,,,0.98,,0.9800166246218381,0.01998337537816186,0.9921186673335269,0.09987445759088152,5,0.001,0.1,0.9969637941241666,0.9968153753848533,0.9971495219484986,1.0,0.9965026574919096,0.9976107173169975,0.996912636052757,0.9971055150701603,0.997105238548157,0.9973053805659944,0.9965935522062596,0.9969478504356669
3,4,1.7090923747439293,0.5668,5000,2.0485667564250805,0.5486194477791116,833,2.061583394440599,0.5252,0.9988061517480487,0.08337994820227443,,,0.98,,0.9800166246218381,0.01998337537816186,0.9921186673335269,0.09987445759088152,5,0.001,0.1,0.9972548157903494,0.9977241988118718,0.9971479835495449,0.9965026574919096,1.0,0.9970493130025817,0.9974498709063222,0.9980324369489931,0.9969442703450461,0.997588181084981,0.9980497215724949,0.9968792704613216
3,5,1.6917983058151926,0.58392,5000,2.068682485156589,0.5078031212484994,833,2.061583394440599,0.5252,0.9985636061753379,0.08333136489773069,,,0.98,,0.9800166246218381,0.01998337537816186,0.9921186673335269,0.09987445759088152,5,0.001,0.1,0.9972377539308304,0.9971405647813907,0.9965233713301074,0.9976107173169975,0.9970493130025817,1.0,0.9969908577725927,0.9975633312887657,0.9963166702921096,0.9975079770322146,0.9968407458036588,0.996938962739088
3,6,1.7116212588206978,0.61044,5000,2.0569376018312244,0.5294117647058824,833,2.061583394440599,0.5252,0.998759982440626,0.08334480967253337,,,0.98,,0.9800166246218381,0.01998337537816186,0.9921186673335269,0.09987445759088152,5,0.001,0.1,0.9968894788613363,0.9975456550714156,0.997729684171787,0.996912636052757,0.9974498709063222,0.9969908577725927,1.0,0.9976951848054162,0.9967537636600207,0.9973120059261908,0.997338955045294,0.997453600295124
3,7,1.6949277885400567,0.60448,5000,2.0590420034196644,0.5018007202881153,833,2.061583394440599,0.5252,0.9990272990131975,0.0833718559080977,,,0.98,,0.9800166246218381,0.01998337537816186,0.9921186673335269,0.09987445759088152,5,0.001,0.1,0.9972380759188298,0.9980778279391866,0.9974516232774648,0.9971055150701603,0.9980324369489931,0.9975633312887657,0.9976951848054162,1.0,0.9973634280709993,0.9975384609761269,0.9980279229910203,0.9971801741576368
3,8,1.709851111727915,0.60572,5000,2.063765428684376,0.553421368547419,833,2.061583394440599,0.5252,0.998604956894823,0.08331748581620936,,,0.98,,0.9800166246218381,0.01998337537816186,0.9921186673335269,0.09987445759088152,5,0.001,0.1,0.9966575430769921,0.9975827791255258,0.9975839776902463,0.997105238548157,0.9969442703450461,0.9963166702921096,0.9967537636600207,0.9973634280709993,1.0,0.9974326637225129,0.9974089017402635,0.9970659009902729
3,9,1.7044449600444478,0.60076,5000,2.062579137307626,0.4957983193277311,833,2.061583394440599,0.5252,0.9989461115694052,0.08334740878313081,,,0.98,,0.9800166246218381,0.01998337537816186,0.9921186673335269,0.09987445759088152,5,0.001,0.1,0.9971910074458008,0.9978603027932477,0.9975311962178331,0.9973053805659944,0.997588181084981,0.9975079770322146,0.9973120059261908,0.9975384609761269,0.9974326637225129,1.0,0.997679660377934,0.9973561638497993
3,10,1.703595110717093,0.58064,5000,2.058979281672725,0.5234093637454982,833,2.061583394440599,0.5252,0.9989239286229864,0.0833572389151814,,,0.98,,0.9800166246218381,0.01998337537816186,0.9921186673335269,0.09987445759088152,5,0.001,0.1,0.9973779048820505,0.9978334921735443,0.9976919139150958,0.9965935522062596,0.9980497215724949,0.9968407458036588,0.997338955045294,0.9980279229910203,0.9974089017402635,0.997679660377934,1.0,0.9971929241270522
3,11,1.7020680060052569,0.60428,5000,2.0550178775080927,0.5426170468187275,833,2.061583394440599,0.5252,0.9985665558434615,0.08327470810351369,,,0.98,,0.9800166246218381,0.01998337537816186,0.9921186673335269,0.09987445759088152,5,0.001,0.1,0.9963438063525424,0.9972403965393908,0.9971581399283772,0.9969478504356669,0.9968792704613216,0.996938962739088,0.997453600295124,0.9971801741576368,0.9970659009902729,0.9973561638497993,0.9971929241270522,1.0
4,0,1.5494396041912637,0.5998,5000,1.9723349147372775,0.539568345323741,834,1.963452185304782,0.5455,0.9985769729656546,0.08327371078321923,,,0.98,,0.9800166246218381,0.01998337537816186,0.9958024553805,0.0998705294685142,5,0.001,0.1,1.0,0.9975174719748968,0.9970559262629378,0.9968269468796839,0.9970363616371751,0.9972064303082405,0.9967605813393731,0.997111971726775,0.9969382339094021,0.9971355610548306,0.997373148684232,0.9964519543158177
4,1,1.5344996912464215,0.61588,5000,1.9650021968064484,0.5479616306954437,834,1.963452185304782,0.5455,0.9989048713272135,0.08337076730471751,,,0.98,,0.9800166246218381,0.01998337537816186,0.9958024553805,0.0998705294685142,5,0.001,0.1,0.9975174719748968,1.0,0.9975591418495963,0.9966550686679373,0.9975497042472873,0.9970150525916469,0.9974241040430633,0.9975715542136452,0.9973050221925781,0.99773306685328,0.9979648769307886,0.9970444350721475
4,2,1.5428196892616854,0.62984,5000,1.9517105685340033,0.5539568345323741,834,1.963452185304782,0.5455,0.9987797635453346,0.0833476970194262,,,0.98,,0.9800166246218381,0.01998337537816186,0.9958024553805,0.0998705294685142,5,0.001,0.1,0.9970559262629378,0.9975591418495963,1.0,0.9968189807616018,0.9971037538989935,0.9964935313922092,0.9976246678976012,0.9972518665058041,0.9975319443714068,0.997459133078749,0.9978354645122751,0.9971067475626004
4,3,1.541888622189783,0.62276,5000,1.9707073591373585,0.5335731414868106,834,1.963452185304782,0.5455,0.9983854852546254,0.0832998539053233,,,0.98,,0.9800166246218381,0.01998337537816186,0.9958024553805,0.0998705294685142,5,0.001,0.1,0.9968269468796839,0.9966550686679373,0.9968189807616018,1.0,0.9962244764873591,0.9976338927883328,0.9966702069951962,0.9970041545200944,0.9969637702824891,0.9971265627998556,0.9963758307598114,0.9968194683574313
4,4,1.5445553863883779,0.6024,5000,1.947954742996781,0.5666266506602641,833,1.963452185304782,0.5455,0.9986110449182843,0.08335886986608847,,,0.98,,0.9800166246218381,0.01998337537816186,0.9958024553805,0.0998705294685142,5,0.001,0.1,0.9970363616371751,0.9975497042472873,0.9971037538989935,0.9962244764873591,1.0,0.996654136960042,0.9970626252197627,0.9975800192821125,0.9968512974564618,0.9972957535555147,0.9977618486296381,0.9966975132059295
4,5,1.5222412107856411,0.61544,5000,1.9702772873419303,0.5354141656662665,833,1.963452185304782,0.5455,0.998594377935849,0.08332854015920167,,,0.98,,0.9800166246218381,0.01998337537816186,0.9958024553805,0.0998705294685142,5,0.001,0.1,0.9972064303082405,0.9970150525916469,0.9964935313922092,0.9976338927883328,0.996654136960042,1.0,0.996868421739312,0.9976281116009208,0.9965438618056016,0.9976530513315405,0.9967508613285647,0.9971741457306913
4,6,1.5431528835539605,0.63716,5000,1.9571432581654302,0.5510204081632653,833,1.963452185304782,0.5455,0.9986834712802637,0.08333966005608118,,,0.98,,0.9800166246218381,0.01998337537816186,0.9958024553805,0.0998705294685142,5,0.001,0.1,0.9967605813393731,0.9974241040430633,0.9976246678976012,0.9966702069951962,0.9970626252197627,0.996868421739312,1.0,0.9975052536042197,0.9967599226653616,0.9972470203890936,0.9972758175876821,0.997488681869608
4,7,1.5253023313868577,0.6372,5000,1.9576103996347498,0.5102040816326531,833,1.963452185304782,0.5455,0.9988916317249126,0.08336296331141951,,,0.98,,0.9800166246218381,0.01998337537816186,0.9958024553805,0.0998705294685142,5,0.001,0.1,0.997111971726775,0.9975715542136452,0.9972518665058041,0.9970041545200944,0.9975800192821125,0.9976281116009208,0.9975052536042197,1.0,0.997413574760872,0.9973166984674192,0.9976176149657371,0.9971804224548705
4,8,1.539883310551856,0.62856,5000,1.9695906815705475,0.5822328931572629,833,1.963452185304782,0.5455,0.9986456520685283,0.08332168419412171,,,0.98,,0.9800166246218381,0.01998337537816186,0.9958024553805,0.0998705294685142,5,0.001,0.1,0.9969382339094021,0.9973050221925781,0.9975319443714068,0.9969637702824891,0.9968512974564618,0.9965438618056016,0.9967599226653616,0.997413574760872,1.0,0.9973902932305798,0.9973792362690992,0.9971582517202281
4,9,1.5365626180247896,0.62916,5000,1.9656215597082067,0.5186074429771909,833,1.963452185304782,0.5455,0.9989120320749099,0.08334863048329144,,,0.98,,0.9800166246218381,0.01998337537816186,0.9958024553805,0.0998705294685142,5,0.001,0.1,0.9971355610548306,0.99773306685328,0.997459133078749,0.9971265627998556,0.9972957535555147,0.9976530513315405,0.9972470203890936,0.9973166984674192,0.9973902932305798,1.0,0.9975164972702198,0.9975532950419024
4,10,1.537407601790823,0.61404,5000,1.962000361195317,0.5414165666266506,833,1.963452185304782,0.5455,0.9988729617677785,0.08335339745917898,,,0.98,,0.9800166246218381,0.01998337537816186,0.9958024553805,0.0998705294685142,5,0.001,0.1,0.997373148684232,0.9979648769307886,0.9978354645122751,0.9963758307598114,0.9977618486296381,0.9967508613285647,0.9972758175876821,0.9976176149657371,0.9973792362690992,0.9975164972702198,1.0,0.9971061535698168
4,11,1.5321276214472048,0.62924,5000,1.9537469413545396,0.5654261704681873,833,1.963452185304782,0.5455,0.998607634334603,0.08329422545793079,,,0.98,,0.9800166246218381,0.01998337537816186,0.9958024553805,0.0998705294685142,5,0.001,0.1,0.9964519543158177,0.9970444350721475,0.9971067475626004,0.9968194683574313,0.9966975132059295,0.9971741457306913,0.997488681869608,0.9971804224548705,0.9971582517202281,0.9975532950419024,0.9971061535698168,1.0
5,0,1.4110646410352865,0.62408,5000,1.860269996854994,0.564748201438849,834,1.8501527819770593,0.5825,0.9984552601513716,0.0832912211581089,,,0.98,,0.9800166246218381,0.01998337537816186,0.9973535220501829,0.09986270609342753,5,0.001,0.1,1.0,0.9972631219136179,0.9967078491890301,0.9967057381098785,0.9964644312755527,0.9971330044751298,0.9965738779814407,0.9971557626388835,0.9968849789246486,0.9968220559397557,0.9969078111004385,0.9963989040345779
5,1,1.3962517793011513,0.64256,5000,1.8519940376281738,0.5815347721822542,834,1.8501527819770593,0.5825,0.9989192690175612,0.08336571502724092,,,0.98,,0.9800166246218381,0.01998337537816186,0.9973535220501829,0.09986270609342753,5,0.001,0.1,0.9972631219136179,1.0,0.9974026939684684,0.9967584213687093,0.9972279329050735,0.9973479259910951,0.9973002546140463,0.9975262277376896,0.9972426478210559,0.9976498453810447,0.9977217013090112,0.9971335780965103
5,2,1.40285845015459,0.64832,5000,1.8342988226148818,0.5887290167865707,834,1.8501527819770593,0.5825,0.998673836137234,0.0833436462579228,,,0.98,,0.9800166246218381,0.01998337537816186,0.9973535220501829,0.09986270609342753,5,0.001,0.1,0.9967078491890301,0.9974026939684684,1.0,0.9965647870500812,0.9967062544058819,0.9965538659431029,0.997454462795495,0.997238355319876,0.9972992121918675,0.9969638326822838,0.9975479536083859,0.9971945851358678
5,3,1.4040987757360859,0.63872,5000,1.8585983647240534,0.5599520383693045,834,1.8501527819770593,0.5825,0.9982717561837656,0.08330133025113011,,,0.98,,0.9800166246218381,0.01998337537816186,0.9973535220501829,0.09986270609342753,5,0.001,0.1,0.9967057381098785,0.9967584213687093,0.9965647870500812,1.0,0.9959773555556332,0.9975360276410397,0.9964409765325594,0.996785992018028,0.9963406476328697,0.9966958256043188,0.9964712272919589,0.9965411630744869
5,4,1.4094929794597018,0.62564,5000,1.8322714346426505,0.60984393757503,833,1.8501527819770593,0.5825,0.9984673167637066,0.08334383231527942,,,0.98,,0.9800166246218381,0.01998337537816186,0.9973535220501829,0.09986270609342753,5,0.001,0.1,0.9964644312755527,0.9972279329050735,0.9967062544058819,0.9959773555556332,1.0,0.9968487104151128,0.9968510785182848,0.9974726809416561,0.9966299606998312,0.9969773270319786,0.9973457501832048,0.9966564468542808
5,5,1.3858543942688377,0.6418,5000,1.8565015130572848,0.5786314525810324,833,1.8501527819770593,0.5825,0.998722425071078,0.08333346693215886,,,0.98,,0.9800166246218381,0.01998337537816186,0.9973535220501829,0.09986270609342753,5,0.001,0.1,0.9971330044751298,0.9973479259910951,0.9965538659431029,0.9975360276410397,0.9968487104151128,1.0,0.9968268691355069,0.997447956951345,0.9963948775172525,0.9975838997858674,0.9973220138630527,0.9972222358822338
5,6,1.4044750074672092,0.65392,5000,1.8423086051587705,0.5966386554621849,833,1.8501527819770593,0.5825,0.9985556950178777,0.08333490472805948,,,0.98,,0.9800166246218381,0.01998337537816186,0.9973535220501829,0.09986270609342753,5,0.001,0.1,0.9965738779814407,0.9973002546140463,0.997454462795495,0.9964409765325594,0.9968510785182848,0.9968268691355069,1.0,0.9971823647132313,0.9964393269291183,0.996692026271308,0.997225722052904,0.9972313078260151
5,7,1.3871534051409193,0.65664,5000,1.840201148280391,0.553421368547419,833,1.8501527819770593,0.5825,0.9988174989999706,0.08335764474222775,,,0.98,,0.9800166246218381,0.01998337537816186,0.9973535220501829,0.09986270609342753,5,0.001,0.1,0.9971557626388835,0.9975262277376896,0.997238355319876,0.996785992018028,0.9974726809416561,0.997447956951345,0.9971823647132313,1.0,0.9970685386238112,0.9968446097357443,0.9976877986396083,0.9969446772746388
5,8,1.400447830500876,0.64736,5000,1.8613311493838276,0.6050420168067226,833,1.8501527819770593,0.5825,0.9984762389137469,0.08332131694358931,,,0.98,,0.9800166246218381,0.01998337537816186,0.9973535220501829,0.09986270609342753,5,0.001,0.1,0.9968849789246486,0.9972426478210559,0.9972992121918675,0.9963406476328697,0.9966299606998312,0.9963948775172525,0.9964393269291183,0.9970685386238112,1.0,0.9968599841386625,0.9972700682506854,0.9968367188972715
5,9,1.3981412331010126,0.6522,5000,1.8538792707301952,0.5630252100840336,833,1.8501527819770593,0.5825,0.9986849881162306,0.08334457861765135,,,0.98,,0.9800166246218381,0.01998337537816186,0.9973535220501829,0.09986270609342753,5,0.001,0.1,0.9968220559397557,0.9976498453810447,0.9969638326822838,0.9966958256043188,0.9969773270319786,0.9975838997858674,0.996692026271308,0.9968446097357443,0.9968599841386625,1.0,0.9973352476001572,0.9973430610752827
5,10,1.4005766523871452,0.63788,5000,1.8494253820843167,0.5870348139255702,833,1.8501527819770593,0.5825,0.9988802974290706,0.08335380551614274,,,0.98,,0.9800166246218381,0.01998337537816186,0.9973535220501829,0.09986270609342753,5,0.001,0.1,0.9969078111004385,0.9977217013090112,0.9975479536083859,0.9964712272919589,0.9973457501832048,0.9973220138630527,0.997225722052904,0.9976877986396083,0.9972700682506854,0.9973352476001572,1.0,0.9972721577787564
5,11,1.3909710794497447,0.651,5000,1.8369139741968226,0.6014405762304922,833,1.8501527819770593,0.5825,0.9986020029961591,0.08330853751048856,,,0.98,,0.9800166246218381,0.01998337537816186,0.9973535220501829,0.09986270609342753,5,0.001,0.1,0.9963989040345779,0.9971335780965103,0.9971945851358678,0.9965411630744869,0.9966564468542808,0.9972222358822338,0.9972313078260151,0.9969446772746388,0.9968367188972715,0.9973430610752827,0.9972721577787564,1.0
6,0,1.2978835410373226,0.64236,5000,1.736325012312995,0.6079136690647482,834,1.7252177571336302,0.6239,0.9982400539990172,0.08330220312976384,,,0.98,,0.9800166246218381,0.01998337537816186,0.9981192465698768,0.0998404155232874,5,0.001,0.1,1.0,0.9965271515312843,0.9960956058225875,0.9962125398259594,0.9959665330370738,0.9966163942844328,0.9962937480028763,0.9967169309578797,0.9966470795238018,0.9963628582955978,0.9962731751664188,0.9960567757792557
6,1,1.283421141630525,0.65972,5000,1.7275869404828106,0.6258992805755396,834,1.7252177571336302,0.6239,0.9986720846917023,0.08336183396835502,,,0.98,,0.9800166246218381,0.01998337537816186,0.9981192465698768,0.0998404155232874,5,0.001,0.1,0.9965271515312843,1.0,0.9968925887552558,0.9962356271962081,0.9967138921914854,0.9967932554987383,0.9967950348030777,0.9971233146678489,0.9970569719705596,0.9970159163747224,0.9971604592822453,0.9966271819035917
6,2,1.2879963506558898,0.6638,5000,1.7050213946236505,0.6438848920863309,834,1.7252177571336302,0.6239,0.9984374569213205,0.0833407262731911,,,0.98,,0.9800166246218381,0.01998337537816186,0.9981192465698768,0.0998404155232874,5,0.001,0.1,0.9960956058225875,0.9968925887552558,1.0,0.9961664961670473,0.9963424737157347,0.9960416787203555,0.9969591911691033,0.9967104622272224,0.9969372722901111,0.9964268215594936,0.9969573625435451,0.9966012485920954
6,3,1.2912303472780118,0.65536,5000,1.7347854066778112,0.605515587529976,834,1.7252177571336302,0.6239,0.9980580549274518,0.08330252828853359,,,0.98,,0.9800166246218381,0.01998337537816186,0.9981192465698768,0.0998404155232874,5,0.001,0.1,0.9962125398259594,0.9962356271962081,0.9961664961670473,1.0,0.9955971378521049,0.9971468474134176,0.9960635909866866,0.9964176406171764,0.9958497662352326,0.9962081737851373,0.9956866085709867,0.9960036755220817
6,4,1.2967432457929964,0.644,5000,1.70491533809238,0.6470588235294118,833,1.7252177571336302,0.6239,0.9982833692784552,0.08333586673765074,,,0.98,,0.9800166246218381,0.01998337537816186,0.9981192465698768,0.0998404155232874,5,0.001,0.1,0.9959665330370738,0.9967138921914854,0.9963424737157347,0.9955971378521049,1.0,0.9965770589163153,0.9964492815658486,0.9970934089187997,0.9960365025260485,0.996612109439544,0.9967055619276547,0.9961905987051097
6,5,1.270983975859964,0.66036,5000,1.7307529935130366,0.6146458583433373,833,1.7252177571336302,0.6239,0.9985183985846376,0.08333709611076338,,,0.98,,0.9800166246218381,0.01998337537816186,0.9981192465698768,0.0998404155232874,5,0.001,0.1,0.9966163942844328,0.9967932554987383,0.9960416787203555,0.9971468474134176,0.9965770589163153,1.0,0.9965003490569206,0.9969041689828215,0.9959294063948647,0.9971935830188722,0.996679994693144,0.9967191530956478
6,6,1.2911553631922241,0.66932,5000,1.7159761322869196,0.6278511404561825,833,1.7252177571336302,0.6239,0.9983585406743852,0.08333281799127774,,,0.98,,0.9800166246218381,0.01998337537816186,0.9981192465698768,0.0998404155232874,5,0.001,0.1,0.9962937480028763,0.9967950348030777,0.9969591911691033,0.9960635909866866,0.9964492815658486,0.9965003490569206,1.0,0.9965992103152017,0.9958730018281925,0.9963207324350077,0.9966213863384491,0.9967106026008745
6,7,1.2738191815698223,0.67016,5000,1.7103988726933796,0.6038415366146459,833,1.7252177571336302,0.6239,0.998584741036439,0.0833540653289465,,,0.98,,0.9800166246218381,0.01998337537816186,0.9981192465698768,0.0998404155232874,5,0.001,0.1,0.9967169309578797,0.9971233146678489,0.9967104622272224,0.9964176406171764,0.9970934089187997,0.9969041689828215,0.9965992103152017,1.0,0.9967628775186624,0.9962117415908379,0.9970269258931929,0.9963286939675916
6,8,1.2863239103062138,0.66288,5000,1.7425560421413846,0.631452581032413,833,1.7252177571336302,0.6239,0.9983408652279991,0.08332391431915928,,,0.98,,0.9800166246218381,0.01998337537816186,0.9981192465698768,0.0998404155232874,5,0.001,0.1,0.9966470795238018,0.9970569719705596,0.9969372722901111,0.9958497662352326,0.9960365025260485,0.9959294063948647,0.9958730018281925,0.9967628775186624,1.0,0.9964189883872256,0.9969921067579056,0.9964708887972913
6,9,1.283093139927858,0.66624,5000,1.7306040878649112,0.6014405762304922,833,1.7252177571336302,0.6239,0.9984524374321576,0.08334178161360928,,,0.98,,0.9800166246218381,0.01998337537816186,0.9981192465698768,0.0998404155232874,5,0.001,0.1,0.9963628582955978,0.9970159163747224,0.9964268215594936,0.9962081737851373,0.996612109439544,0.9971935830188722,0.9963207324350077,0.9962117415908379,0.9964189883872256,1.0,0.9966293369934427,0.9969107016942268
6,10,1.2872358190026252,0.65808,5000,1.7246449744259869,0.6290516206482593,833,1.7252177571336302,0.6239,0.9985414684997824,0.08335031404957755,,,0.98,,0.9800166246218381,0.01998337537816186,0.9981192465698768,0.0998404155232874,5,0.001,0.1,0.9962731751664188,0.9971604592822453,0.9969573625435451,0.9956866085709867,0.9967055619276547,0.996679994693144,0.9966213863384491,0.9970269258931929,0.9969921067579056,0.9966293369934427,1.0,0.9966437218013483
6,11,1.2755448654199102,0.66436,5000,1.7079790300793118,0.6482593037214885,833,1.7252177571336302,0.6239,0.9983648836504666,0.083316852189172,,,0.98,,0.9800166246218381,0.01998337537816186,0.9981192465698768,0.0998404155232874,5,0.001,0.1,0.9960567757792557,0.9966271819035917,0.9966012485920954,0.9960036755220817,0.9961905987051097,0.9967191530956478,0.9967106026008745,0.9963286939675916,0.9964708887972913,0.9969107016942268,0.9966437218013483,1.0
7,0,1.204404870947455,0.65956,5000,1.6052599571369313,0.6342925659472423,834,1.5934288383672794,0.653,0.9979854567168984,0.08331013131381632,,,0.98,,0.9800166246218381,0.01998337537816186,0.9982756743207746,0.09981124460818072,5,0.001,0.1,1.0,0.996131632125233,0.9954693801463852,0.9956535927668574,0.9950411706611758,0.9959535084989025,0.9955778430792057,0.9964706825434118,0.9962286838730946,0.9958096254774422,0.9955323034490081,0.9953570321457803
7,1,1.1887486418341375,0.67008,5000,1.5963458529225103,0.6534772182254197,834,1.5934288383672794,0.653,0.9984728954037133,0.0833624412913307,,,0.98,,0.9800166246218381,0.01998337537816186,0.9982756743207746,0.09981124460818072,5,0.001,0.1,0.996131632125233,1.0,0.9963195389061685,0.9957167798377902,0.9962715790682244,0.9963557267114596,0.996398844625699,0.9963283760951492,0.9963775557063036,0.9965409067739397,0.9967523435483696,0.9958673564860662
7,2,1.194209524476604,0.67692,5000,1.5689395003848605,0.6750599520383693,834,1.5934288383672794,0.653,0.998051280249288,0.08333588442663979,,,0.98,,0.9800166246218381,0.01998337537816186,0.9982756743207746,0.09981124460818072,5,0.001,0.1,0.9954693801463852,0.9963195389061685,1.0,0.9952515092267226,0.9955305295268786,0.995287313630792,0.9960595335155792,0.9960696968249332,0.9962703097833506,0.9954394093736461,0.9964680628418959,0.9958463217112952
