round,client_id,client_i_training_loss,client_i_training_accuracy,client_i_training_dataset_size,client_i_evaluation_loss,client_i_evaluation_accuracy,client_i_evaluation_dataset_size,client_i_central_evaluation_loss,client_i_central_evaluation_accuracy,client_i_cosine_similarity,client_i_importance_coefficient,client_i_tanh_val,tanh_normalization_value,client_i_q,client_i_mask_order,client_i_v_nonzero_fraction,client_i_v_sparsity,client_i_v_cosine_similarity,client_i_reward_gradient_norm,local_epochs,learning_rate,gamma,client_0_cosine_similarity,client_1_cosine_similarity,client_2_cosine_similarity,client_3_cosine_similarity,client_4_cosine_similarity,client_5_cosine_similarity,client_6_cosine_similarity,client_7_cosine_similarity,client_8_cosine_similarity,client_9_cosine_similarity,client_10_cosine_similarity,client_11_cosine_similarity
0,0,2.1831842862876356,0.27136,5000,2.2590618839970342,0.17985611510791366,834,2.2599890483454015,0.1595,0.9961283640640972,0.08328990628537315,,,1.0,,1.0,0.0,0,0.09966477640102515,5,0.001,0.1,1.0,0.9946022648450034,0.9945837129786729,0.9915485216218478,0.9911347493913133,0.9897737629072937,0.9924060251177542,0.992757967397265,0.9879292086330728,0.9913938688056781,0.9954012608409957,0.9919376718602242
0,1,2.1886121166739496,0.3038,5000,2.2625709463048866,0.15827338129496402,834,2.2599890483454015,0.1595,0.9980899637130253,0.08345392274833387,,,1.0,,1.0,0.0,0,0.09966477640102515,5,0.001,0.1,0.9946022648450034,1.0,0.9958969454891232,0.9942328983593414,0.9952698527260972,0.9933021002718757,0.992499443237602,0.9952120352194239,0.9923684840513439,0.9938158071435298,0.9952615878491583,0.994467880939705
0,2,2.187797283822564,0.26024,5000,2.257381863064236,0.18585131894484413,834,2.2599890483454015,0.1595,0.9978140194948527,0.08343085005117884,,,1.0,,1.0,0.0,0,0.09966477640102515,5,0.001,0.1,0.9945837129786729,0.9958969454891232,1.0,0.9937703170968293,0.9933253007049788,0.9935678397043485,0.9914532620739505,0.994437826399286,0.9922929105449881,0.9950811625237177,0.9946972796922843,0.9945225126935455
0,3,2.191374677609486,0.29716,5000,2.261065624378346,0.15347721822541965,834,2.2599890483454015,0.1595,0.9968633537355105,0.08335136143820403,,,1.0,,1.0,0.0,0,0.09966477640102515,5,0.001,0.1,0.9915485216218478,0.9942328983593414,0.9937703170968293,1.0,0.9933347595923494,0.9927840496338912,0.9868866476498377,0.9943151288888571,0.9928041678837324,0.9912859599643792,0.9947753849421391,0.9965214880880005
0,4,2.184527050917316,0.31524,5000,2.26170567229942,0.15126050420168066,833,2.2599890483454015,0.1595,0.9964654328434038,0.08331808982883299,,,1.0,,1.0,0.0,0,0.09966477640102515,5,0.001,0.1,0.9911347493913133,0.9952698527260972,0.9933253007049788,0.9933347595923494,1.0,0.993243429243545,0.9922173290950371,0.9941255917563863,0.9883492149923799,0.9912612457942754,0.9941997617691241,0.9910390445676008
0,5,2.1855335047290585,0.31896,5000,2.2656421308164245,0.12484993997599039,833,2.2599890483454015,0.1595,0.9967612333691646,0.0833428227839004,,,1.0,,1.0,0.0,0,0.09966477640102515,5,0.001,0.1,0.9897737629072937,0.9933021002718757,0.9935678397043485,0.9927840496338912,0.993243429243545,1.0,0.9921780250909106,0.9956408517140286,0.9930381193356932,0.9917221572464061,0.9930364823197215,0.9927511685108394
0,6,2.181553096680125,0.31144,5000,2.2589754263559976,0.14285714285714285,833,2.2599890483454015,0.1595,0.9946173939279259,0.08316356859077298,,,1.0,,1.0,0.0,0,0.09966477640102515,5,0.001,0.1,0.9924060251177542,0.992499443237602,0.9914532620739505,0.9868866476498377,0.9922173290950371,0.9921780250909106,1.0,0.9929766282542472,0.9839537041439055,0.9907535007445846,0.9934746371471572,0.9865989512692738
0,7,2.1858548727764444,0.33296,5000,2.260237764429163,0.17286914765906364,833,2.2599890483454015,0.1595,0.9978411971545196,0.08343312247389902,,,1.0,,1.0,0.0,0,0.09966477640102515,5,0.001,0.1,0.992757967397265,0.9952120352194239,0.994437826399286,0.9943151288888571,0.9941255917563863,0.9956408517140286,0.9929766282542472,1.0,0.9929268459000729,0.9925862561096525,0.994716328644144,0.9942586485003401
0,8,2.1903523268972993,0.34228,5000,2.2593820006759078,0.13805522208883553,833,2.2599890483454015,0.1595,0.9948363557836887,0.08318187678588564,,,1.0,,1.0,0.0,0,0.09966477640102515,5,0.001,0.1,0.9879292086330728,0.9923684840513439,0.9922929105449881,0.9928041678837324,0.9883492149923799,0.9930381193356932,0.9839537041439055,0.9929268459000729,1.0,0.987982587049698,0.990759906638722,0.995611739381828
0,9,2.185030661874516,0.25612,5000,2.259579790963067,0.17046818727490998,833,2.2599890483454015,0.1595,0.9957414593656992,0.08325755577992278,,,1.0,,1.0,0.0,0,0.09966477640102515,5,0.001,0.1,0.9913938688056781,0.9938158071435298,0.9950811625237177,0.9912859599643792,0.9912612457942754,0.9917221572464061,0.9907535007445846,0.9925862561096525,0.987982587049698,1.0,0.9914176457445585,0.9915415301896555
0,10,2.188427214561754,0.29128,5000,2.257910313429656,0.1644657863145258,833,2.2599890483454015,0.1595,0.9976619882395991,0.08341813816638634,,,1.0,,1.0,0.0,0,0.09966477640102515,5,0.001,0.1,0.9954012608409957,0.9952615878491583,0.9946972796922843,0.9947753849421391,0.9941997617691241,0.9930364823197215,0.9934746371471572,0.994716328644144,0.990759906638722,0.9914176457445585,1.0,0.9940705349988219
0,11,2.191119170644481,0.3202,5000,2.2642306839978255,0.1716686674669868,833,2.2599890483454015,0.1595,0.9969521386537141,0.08335878506730998,,,1.0,,1.0,0.0,0,0.09966477640102515,5,0.001,0.1,0.9919376718602242,0.994467880939705,0.9945225126935455,0.9965214880880005,0.9910390445676008,0.9927511685108394,0.9865989512692738,0.9942586485003401,0.995611739381828,0.9915415301896555,0.9940705349988219,1.0
1,0,2.014267787204427,0.39452,5000,2.2023540602789984,0.4172661870503597,834,2.201470336975,0.4217,0.9979889578150835,0.08329450599327072,,,1.0,,1.0,0.0,0.9617821878840319,0.09983671408002011,5,0.001,0.1,1.0,0.9971026563309494,0.9970863867197101,0.9956106396671092,0.9959178345884362,0.9947120627058977,0.9958544477021712,0.9963329636192131,0.9943679249264329,0.9964581488805483,0.9968100372598291,0.9960548281514726
1,1,2.021938728678758,0.44,5000,2.20436124448423,0.39688249400479614,834,2.201470336975,0.4217,0.9988809409977736,0.08342388766296832,,,1.0,,1.0,0.0,0.9617821878840319,0.09983671408002011,5,0.001,0.1,0.9971026563309494,1.0,0.99728372153058,0.9969877069431519,0.9974515587665639,0.9963835855495756,0.9963703230394216,0.9969992979320332,0.9966990830733158,0.9963158158308082,0.9979466802732031,0.9974504580687678
1,2,2.019164127453118,0.38824,5000,2.1984185112847223,0.44964028776978415,834,2.201470336975,0.4217,0.9985019695661852,0.08339750476741703,,,1.0,,1.0,0.0,0.9617821878840319,0.09983671408002011,5,0.001,0.1,0.9970863867197101,0.99728372153058,1.0,0.9962742424874159,0.9964282339364493,0.996338075568169,0.9961550321337487,0.9967346866050019,0.9956056724672173,0.9972497433997785,0.9968906137784431,0.9964050975945504
1,3,2.0272004400848584,0.43864,5000,2.201295852661133,0.420863309352518,834,2.201470336975,0.4217,0.9985567532389494,0.08335052345220507,,,1.0,,1.0,0.0,0.9617821878840319,0.09983671408002011,5,0.001,0.1,0.9956106396671092,0.9969877069431519,0.9962742424874159,1.0,0.9969989542259174,0.9969664634053961,0.9944837411601778,0.9975094551643376,0.9967107360043314,0.9967050253530431,0.9969094842308871,0.9979513238644371
1,4,2.0138836553901625,0.43128,5000,2.2032249327059144,0.4237695078031212,833,2.201470336975,0.4217,0.9983976836742787,0.08332498375216345,,,1.0,,1.0,0.0,0.9617821878840319,0.09983671408002011,5,0.001,0.1,0.9959178345884362,0.9974515587665639,0.9964282339364493,0.9969989542259174,1.0,0.9967649035867119,0.9960281873449462,0.9967996340579136,0.995439377950837,0.9952164845396081,0.9978130060638214,0.9963443121745447
1,5,2.012252116203308,0.43108,5000,2.2055620264123985,0.40336134453781514,833,2.201470336975,0.4217,0.9982993909748373,0.08333697951198762,,,1.0,,1.0,0.0,0.9617821878840319,0.09983671408002011,5,0.001,0.1,0.9947120627058977,0.9963835855495756,0.996338075568169,0.9969664634053961,0.9967649035867119,1.0,0.9959934664771641,0.9974536999852603,0.9965076172753923,0.9961558394155455,0.9963250215471523,0.9964276654854309
1,6,2.0057979957313297,0.42504,5000,2.199336016619647,0.4117647058823529,833,2.201470336975,0.4217,0.997632654132979,0.08320552328770879,,,1.0,,1.0,0.0,0.9617821878840319,0.09983671408002011,5,0.001,0.1,0.9958544477021712,0.9963703230394216,0.9961550321337487,0.9944837411601778,0.9960281873449462,0.9959934664771641,1.0,0.9965546066507233,0.9936748422017955,0.9959289031955942,0.9964093126136602,0.9945938047717128
1,7,2.013672281070879,0.43912,5000,2.2019958231184216,0.42857142857142855,833,2.201470336975,0.4217,0.9988058430057092,0.08340870699407103,,,1.0,,1.0,0.0,0.9617821878840319,0.09983671408002011,5,0.001,0.1,0.9963329636192131,0.9969992979320332,0.9967346866050019,0.9975094551643376,0.9967996340579136,0.9974536999852603,0.9965546066507233,1.0,0.9964165044726052,0.9968478656217913,0.9973782125843822,0.9970659343697907
1,8,2.0222544967748557,0.4688,5000,2.202952340797142,0.4009603841536615,833,2.201470336975,0.4217,0.9978092528971831,0.08322245187670009,,,1.0,,1.0,0.0,0.9617821878840319,0.09983671408002011,5,0.001,0.1,0.9943679249264329,0.9966990830733158,0.9956056724672173,0.9967107360043314,0.995439377950837,0.9965076172753923,0.9936748422017955,0.9964165044726052,1.0,0.9949162647761983,0.9967088388160605,0.9971110568557934
1,9,2.017095825474733,0.39492,5000,2.1982623117941396,0.460984393757503,833,2.201470336975,0.4217,0.9981323019464472,0.08327929264997794,,,1.0,,1.0,0.0,0.9617821878840319,0.09983671408002011,5,0.001,0.1,0.9964581488805483,0.9963158158308082,0.9972497433997785,0.9967050253530431,0.9952164845396081,0.9961558394155455,0.9959289031955942,0.9968478656217913,0.9949162647761983,1.0,0.9960167211082572,0.9962175213114827
1,10,2.022907229745464,0.41836,5000,2.198027637269762,0.4429771908763505,833,2.201470336975,0.4217,0.99884716001711,0.08340085090359685,,,1.0,,1.0,0.0,0.9617821878840319,0.09983671408002011,5,0.001,0.1,0.9968100372598291,0.9979466802732031,0.9968906137784431,0.9969094842308871,0.9978130060638214,0.9963250215471523,0.9964093126136602,0.9973782125843822,0.9967088388160605,0.9960167211082572,1.0,0.9973789212990177
1,11,2.0245945989705953,0.45476,5000,2.2080686533892595,0.40336134453781514,833,2.201470336975,0.4217,0.998547857249134,0.08335478914793308,,,1.0,,1.0,0.0,0.9617821878840319,0.09983671408002011,5,0.001,0.1,0.9960548281514726,0.9974504580687678,0.9964050975945504,0.9979513238644371,0.9963443121745447,0.9964276654854309,0.9945938047717128,0.9970659343697907,0.9971110568557934,0.9962175213114827,0.9973789212990177,1.0
2,0,1.8166863207604476,0.48368,5000,2.1296935699604176,0.4832134292565947,834,2.1268943963340297,0.5174,0.9988060780649698,0.08330777102635287,,,1.0,,1.0,0.0,0.989010347279402,0.09988605907341129,5,0.001,0.1,1.0,0.9978201424677016,0.9976740876300834,0.9976749268763367,0.9972369949046975,0.996493156252594,0.9971293466439483,0.9978856288277047,0.9971496708968469,0.9978653842204598,0.9979857219280059,0.9971006197574703
2,1,1.8232119522276957,0.51812,5000,2.1304646421361855,0.4904076738609113,834,2.1268943963340297,0.5174,0.9991047100832489,0.08339674200684252,,,1.0,,1.0,0.0,0.989010347279402,0.09988605907341129,5,0.001,0.1,0.9978201424677016,1.0,0.9980689829454944,0.9981562655055103,0.9979109478717918,0.9974469221433556,0.9973965881966913,0.9978913361035753,0.9977929101995472,0.9972497371806657,0.9982749865135446,0.9975831035494389
2,2,1.8211775779724122,0.49364,5000,2.1234114699893527,0.5383693045563549,834,2.1268943963340297,0.5174,0.9990505819548678,0.08337881786970408,,,1.0,,1.0,0.0,0.989010347279402,0.09988605907341129,5,0.001,0.1,0.9976740876300834,0.9980689829454944,1.0,0.9976499383451682,0.9974095218280846,0.9975675075336108,0.9973988544511846,0.9976622565637343,0.9978783876266667,0.998050925929096,0.9980308728364274,0.9975534310557095
2,3,1.830564565871172,0.5188,5000,2.1258077268247253,0.511990407673861,834,2.1268943963340297,0.5174,0.9990981133108257,0.08335154410860952,,,1.0,,1.0,0.0,0.989010347279402,0.09988605907341129,5,0.001,0.1,0.9976749268763367,0.9981562655055103,0.9976499383451682,1.0,0.9979495209764585,0.9975224561524727,0.9965871591459621,0.9981220014587067,0.9979606032247267,0.997290531371658,0.9982271391337203,0.998372822688895
2,4,1.8135510109032795,0.51536,5000,2.127878604111848,0.5078031212484994,833,2.1268943963340297,0.5174,0.9987027433596407,0.08332312433815185,,,1.0,,1.0,0.0,0.989010347279402,0.09988605907341129,5,0.001,0.1,0.9972369949046975,0.9979109478717918,0.9974095218280846,0.9979495209764585,1.0,0.9972301361576987,0.9970696950325875,0.997657707938952,0.9970360805481466,0.9963517429080236,0.9981514573667246,0.996771209690186
2,5,1.8102703276713183,0.51096,5000,2.1290744057408086,0.49939975990396157,833,2.1268943963340297,0.5174,0.9985848375493347,0.08332667473095694,,,1.0,,1.0,0.0,0.989010347279402,0.09988605907341129,5,0.001,0.1,0.996493156252594,0.9974469221433556,0.9975675075336108,0.9975224561524727,0.9972301361576987,1.0,0.996704717171664,0.9973961903302344,0.9976309036394032,0.9968878799906237,0.9973674066108567,0.9971155694064165
2,6,1.8046130692123608,0.50736,5000,2.1235685613420276,0.5402160864345739,833,2.1268943963340297,0.5174,0.9983814613245015,0.08323950581172772,,,1.0,,1.0,0.0,0.989010347279402,0.09988605907341129,5,0.001,0.1,0.9971293466439483,0.9973965881966913,0.9973988544511846,0.9965871591459621,0.9970696950325875,0.996704717171664,1.0,0.9974676116999861,0.9964906377599598,0.9969749351913199,0.9976135240590316,0.9960964364989598
2,7,1.8125891150942275,0.51016,5000,2.127294390289872,0.5426170468187275,833,2.1268943963340297,0.5174,0.9991210853229661,0.08338796208644815,,,1.0,,1.0,0.0,0.989010347279402,0.09988605907341129,5,0.001,0.1,0.9978856288277047,0.9978913361035753,0.9976622565637343,0.9981220014587067,0.997657707938952,0.9973961903302344,0.9974676116999861,1.0,0.9979605557559356,0.9974975861952685,0.998458250755827,0.9977900788326549
2,8,1.8225456769299355,0.5434,5000,2.1310112917864763,0.5162064825930373,833,2.1268943963340297,0.5174,0.9988838306837461,0.08326609859233186,,,1.0,,1.0,0.0,0.989010347279402,0.09988605907341129,5,0.001,0.1,0.9971496708968469,0.9977929101995472,0.9978783876266667,0.9979606032247267,0.9970360805481466,0.9976309036394032,0.9964906377599598,0.9979605557559356,1.0,0.9970531103150592,0.9981384520355928,0.9978566529726097
2,9,1.8173320220534208,0.492,5000,2.1197970619908086,0.5450180072028812,833,2.1268943963340297,0.5174,0.998588081403018,0.08329140735044674,,,1.0,,1.0,0.0,0.989010347279402,0.09988605907341129,5,0.001,0.1,0.9978653842204598,0.9972497371806657,0.998050925929096,0.997290531371658,0.9963517429080236,0.9968878799906237,0.9969749351913199,0.9974975861952685,0.9970531103150592,1.0,0.9973155798683006,0.9968665702802378
2,10,1.8259629245016984,0.5068,5000,2.1218127497920283,0.5438175270108043,833,2.1268943963340297,0.5174,0.9992711949222364,0.08338798932040549,,,1.0,,1.0,0.0,0.989010347279402,0.09988605907341129,5,0.001,0.1,0.9979857219280059,0.9982749865135446,0.9980308728364274,0.9982271391337203,0.9981514573667246,0.9973674066108567,0.9976135240590316,0.998458250755827,0.9981384520355928,0.9973155798683006,1.0,0.9980248782763959
2,11,1.8240140184475357,0.52936,5000,2.1372012120706065,0.4897959183673469,833,2.1268943963340297,0.5174,0.9987325687761196,0.08334236275802209,,,1.0,,1.0,0.0,0.989010347279402,0.09988605907341129,5,0.001,0.1,0.9971006197574703,0.9975831035494389,0.9975534310557095,0.998372822688895,0.996771209690186,0.9971155694064165,0.9960964364989598,0.9977900788326549,0.9978566529726097,0.9968665702802378,0.9980248782763959,1.0
3,0,1.6421685722223514,0.53752,5000,2.040158916402746,0.5155875299760192,834,2.0354838588367254,0.5578,0.9989321357368361,0.08331789653619165,,,1.0,,1.0,0.0,0.9955701117955128,0.0998924879619697,5,0.001,0.1,1.0,0.9978532518625839,0.9977859957859649,0.9978286063309595,0.9975034309266876,0.9971942499106904,0.9970687254786745,0.9978905820062156,0.9975187517766589,0.9980312163101676,0.9980828445547253,0.9975397882404767
3,1,1.6477145485817246,0.55684,5000,2.039980835384793,0.5383693045563549,834,2.0354838588367254,0.5578,0.9990298036347648,0.08337560173191068,,,1.0,,1.0,0.0,0.9955701117955128,0.0998924879619697,5,0.001,0.1,0.9978532518625839,1.0,0.9978671764471178,0.9980647933178347,0.9977674952742032,0.9978629211539668,0.9971841531703165,0.9978918555143951,0.9976670334593368,0.9975170206552311,0.9979828527058935,0.9978073687638794
3,2,1.6440470152599795,0.5462,5000,2.031541104669924,0.5731414868105515,834,2.0354838588367254,0.5578,0.9990657889292298,0.08336577269545588,,,1.0,,1.0,0.0,0.9955701117955128,0.0998924879619697,5,0.001,0.1,0.9977859957859649,0.9978671764471178,1.0,0.9976295529663047,0.9975914113443122,0.9979910089885997,0.9976799239959354,0.9976599622800931,0.9979479877412533,0.9981879610726828,0.9979901017844436,0.9975680171024899
3,3,1.6523290635673864,0.56424,5000,2.0335130250012434,0.5563549160671463,834,2.0354838588367254,0.5578,0.9990761258177197,0.08334938314583906,,,1.0,,1.0,0.0,0.9955701117955128,0.0998924879619697,5,0.001,0.1,0.9978286063309595,0.9980647933178347,0.9976295529663047,1.0,0.997945402105123,0.9978986187148657,0.9966208678804838,0.99804581563946,0.9980935173676629,0.9974454547094499,0.9980834903710442,0.9983657144371992
3,4,1.6363630453492426,0.5608,5000,2.035197942345231,0.5486194477791116,833,2.0354838588367254,0.5578,0.9988458923011346,0.08332452734400894,,,1.0,,1.0,0.0,0.9955701117955128,0.0998924879619697,5,0.001,0.1,0.9975034309266876,0.9977674952742032,0.9975914113443122,0.997945402105123,1.0,0.9976781561184997,0.9970254763257684,0.9978420014811762,0.9975044411691139,0.9969088462706218,0.9981430810738183,0.9973530049030771
3,5,1.6308218793504556,0.5584,5000,2.0358127576333507,0.5378151260504201,833,2.0354838588367254,0.5578,0.9989384570811161,0.08332969150122528,,,1.0,,1.0,0.0,0.9955701117955128,0.0998924879619697,5,0.001,0.1,0.9971942499106904,0.9978629211539668,0.9979910089885997,0.9978986187148657,0.9976781561184997,1.0,0.9970390584107521,0.997640244386492,0.9980179366222641,0.9978817267002027,0.9975801437554094,0.9975891863045382
3,6,1.6253744486031259,0.5534,5000,2.0312506755193076,0.5834333733493398,833,2.0354838588367254,0.5578,0.9983424263522123,0.08325700834034806,,,1.0,,1.0,0.0,0.9955701117955128,0.0998924879619697,5,0.001,0.1,0.9970687254786745,0.9971841531703165,0.9976799239959354,0.9966208678804838,0.9970254763257684,0.9970390584107521,1.0,0.9971351064413593,0.996443277672252,0.99714985823042,0.9974093821260419,0.9964756116545932
3,7,1.6332391117788425,0.55076,5000,2.0356759980872825,0.5762304921968787,833,2.0354838588367254,0.5578,0.99904069228979,0.08337056964291427,,,1.0,,1.0,0.0,0.9955701117955128,0.0998924879619697,5,0.001,0.1,0.9978905820062156,0.9978918555143951,0.9976599622800931,0.99804581563946,0.9978420014811762,0.997640244386492,0.9971351064413593,1.0,0.9978171558417598,0.99756026190701,0.9982593856619068,0.9978543175930846
3,8,1.6435191193963312,0.57684,5000,2.0425855892675893,0.5618247298919568,833,2.0354838588367254,0.5578,0.9989476889811423,0.08329284665852695,,,1.0,,1.0,0.0,0.9955701117955128,0.0998924879619697,5,0.001,0.1,0.9975187517766589,0.9976670334593368,0.9979479877412533,0.9980935173676629,0.9975044411691139,0.9980179366222641,0.996443277672252,0.9978171558417598,1.0,0.997653230151449,0.9980430601006408,0.9977779455760598
3,9,1.642514775513084,0.54568,5000,2.023764689763387,0.5882352941176471,833,2.0354838588367254,0.5578,0.9988300491760219,0.08330456852433941,,,1.0,,1.0,0.0,0.9955701117955128,0.0998924879619697,5,0.001,0.1,0.9980312163101676,0.9975170206552311,0.9981879610726828,0.9974454547094499,0.9969088462706218,0.9978817267002027,0.99714985823042,0.99756026190701,0.997653230151449,1.0,0.99755858694751,0.9971808467324786
3,10,1.6484356388164934,0.54948,5000,2.0285324167322227,0.5858343337334934,833,2.0354838588367254,0.5578,0.9991752691574354,0.08337492933851796,,,1.0,,1.0,0.0,0.9955701117955128,0.0998924879619697,5,0.001,0.1,0.9980828445547253,0.9979828527058935,0.9979901017844436,0.9980834903710442,0.9981430810738183,0.9975801437554094,0.9974093821260419,0.9982593856619068,0.9980430601006408,0.99755858694751,1.0,0.9980772450066517
3,11,1.644440092782306,0.571,5000,2.050569348865085,0.5282112845138055,833,2.0354838588367254,0.5578,0.9988731918544398,0.08333720454072185,,,1.0,,1.0,0.0,0.9955701117955128,0.0998924879619697,5,0.001,0.1,0.9975397882404767,0.9978073687638794,0.9975680171024899,0.9983657144371992,0.9973530049030771,0.9975891863045382,0.9964756116545932,0.9978543175930846,0.9977779455760598,0.9971808467324786,0.9980772450066517,1.0
4,0,1.4943076810259728,0.57364,5000,1.9349495790622853,0.552757793764988,834,1.928361154592837,0.586,0.9988860561133426,0.08332510880223123,,,1.0,,1.0,0.0,0.9969967123150727,0.09988476558429502,5,0.001,0.1,1.0,0.9975912951580108,0.9975002700920085,0.9978028663599453,0.9973514101829845,0.9972515029033152,0.9972600367734258,0.9977889890509428,0.9974668115020828,0.9978132032661091,0.9978448605383093,0.9971485264920915
4,1,1.498510754108429,0.58488,5000,1.934140713126571,0.5635491606714629,834,1.928361154592837,0.586,0.9988869303463912,0.0833605205006646,,,1.0,,1.0,0.0,0.9969967123150727,0.09988476558429502,5,0.001,0.1,0.9975912951580108,1.0,0.9976449650002686,0.9979295963398153,0.9972103460243384,0.9977518526541332,0.9971238232571394,0.9975858878376253,0.997599337333593,0.9972122503295021,0.9977843170194634,0.9973946801638814
4,2,1.4936990885977532,0.5862,5000,1.924033805176064,0.592326139088729,834,1.928361154592837,0.586,0.9989007117282586,0.08335493832307286,,,1.0,,1.0,0.0,0.9969967123150727,0.09988476558429502,5,0.001,0.1,0.9975002700920085,0.9976449650002686,1.0,0.9974403386392497,0.9971119363818937,0.9978015699722191,0.997627078269732,0.9973226306848552,0.9977944024337426,0.9978839551475737,0.997763125625944,0.9971045407857381
4,3,1.5021590992903253,0.59656,5000,1.925539776130959,0.5899280575539568,834,1.928361154592837,0.586,0.999060086198936,0.08335003203856153,,,1.0,,1.0,0.0,0.9969967123150727,0.09988476558429502,5,0.001,0.1,0.9978028663599453,0.9979295963398153,0.9974403386392497,1.0,0.9975911078075829,0.9977263405443281,0.9971111285215674,0.9981129896148289,0.9979444800065129,0.9972407538232461,0.9978527468238552,0.9981521488088655
4,4,1.4865329399989669,0.59572,5000,1.9261125679369326,0.5762304921968787,833,1.928361154592837,0.586,0.9985900724143012,0.08331962253711084,,,1.0,,1.0,0.0,0.9969967123150727,0.09988476558429502,5,0.001,0.1,0.9973514101829845,0.9972103460243384,0.9971119363818937,0.9975911078075829,1.0,0.9973914882200818,0.9970215514195628,0.9976233472185378,0.9971529274945973,0.9962634795616347,0.9978406940743405,0.9967131432177532
4,5,1.4791615141425163,0.59228,5000,1.9264541731940374,0.5822328931572629,833,1.928361154592837,0.586,0.9989503749652521,0.08333441692827474,,,1.0,,1.0,0.0,0.9969967123150727,0.09988476558429502,5,0.001,0.1,0.9972515029033152,0.9977518526541332,0.9978015699722191,0.9977263405443281,0.9973914882200818,1.0,0.9973616019897736,0.9977388440583528,0.9979481612704827,0.9977439672946132,0.9976837498334412,0.9971914654136186
4,6,1.4753600128896678,0.5816,5000,1.923368564358464,0.6086434573829532,833,1.928361154592837,0.586,0.998551348746606,0.0832769717453486,,,1.0,,1.0,0.0,0.9969967123150727,0.09988476558429502,5,0.001,0.1,0.9972600367734258,0.9971238232571394,0.997627078269732,0.9971111285215674,0.9970215514195628,0.9973616019897736,1.0,0.9972031617021972,0.9970216594209248,0.9973679274994184,0.9975434405537918,0.9961688837224922
4,7,1.4838661114121698,0.58788,5000,1.928374789379261,0.6014405762304922,833,1.928361154592837,0.586,0.9990059533235386,0.08336127610502858,,,1.0,,1.0,0.0,0.9969967123150727,0.09988476558429502,5,0.001,0.1,0.9977889890509428,0.9975858878376253,0.9973226306848552,0.9981129896148289,0.9976233472185378,0.9977388440583528,0.9972031617021972,1.0,0.9979048659596829,0.997307027893061,0.9981458713351239,0.9975217487053699
4,8,1.492112262081948,0.60412,5000,1.9388510474452265,0.5858343337334934,833,1.928361154592837,0.586,0.9989781902207279,0.08331272219385624,,,1.0,,1.0,0.0,0.9969967123150727,0.09988476558429502,5,0.001,0.1,0.9974668115020828,0.997599337333593,0.9977944024337426,0.9979444800065129,0.9971529274945973,0.9979481612704827,0.9970216594209248,0.9979048659596829,1.0,0.9976187182911255,0.9978902927019374,0.9975826960550731
4,9,1.4950694879149176,0.582,5000,1.9114472027178164,0.6146458583433373,833,1.928361154592837,0.586,0.9986912738872766,0.08331065027336926,,,1.0,,1.0,0.0,0.9969967123150727,0.09988476558429502,5,0.001,0.1,0.9978132032661091,0.9972122503295021,0.9978839551475737,0.9972407538232461,0.9962634795616347,0.9977439672946132,0.9973679274994184,0.997307027893061,0.9976187182911255,1.0,0.9972105189778551,0.9968244044374168
4,10,1.4995588775652988,0.58472,5000,1.9193782894699662,0.6050420168067226,833,1.928361154592837,0.586,0.9990752901043294,0.08336618703758818,,,1.0,,1.0,0.0,0.9969967123150727,0.09988476558429502,5,0.001,0.1,0.9978448605383093,0.9977843170194634,0.997763125625944,0.9978527468238552,0.9978406940743405,0.9976837498334412,0.9975434405537918,0.9981458713351239,0.9978902927019374,0.9972105189778551,1.0,0.9975268118726165
4,11,1.4941877286904937,0.60476,5000,1.9485583040449355,0.5594237695078031,833,1.928361154592837,0.586,0.9985949563124622,0.0833275535148934,,,1.0,,1.0,0.0,0.9969967123150727,0.09988476558429502,5,0.001,0.1,0.9971485264920915,0.9973946801638814,0.9971045407857381,0.9981521488088655,0.9967131432177532,0.9971914654136186,0.9961688837224922,0.9975217487053699,0.9975826960550731,0.9968244044374168,0.9975268118726165,1.0
5,0,1.3733392570428788,0.60608,5000,1.8166844756514937,0.5767386091127098,834,1.808241455699689,0.6031,0.9986914249021912,0.08332767596517682,,,1.0,,1.0,0.0,0.9979433464099077,0.0998710478531912,5,0.001,0.1,1.0,0.9972873319399135,0.9967880046838274,0.9976694178458926,0.9970880185143066,0.9969386450119484,0.9968355748111296,0.997301421891805,0.9971167833283262,0.997427448169761,0.9973842244383833,0.9970062346501161
5,1,1.376122450297046,0.60756,5000,1.8155263000064426,0.5911270983213429,834,1.808241455699689,0.6031,0.9987276939237442,0.08335056130173502,,,1.0,,1.0,0.0,0.9979433464099077,0.0998710478531912,5,0.001,0.1,0.9972873319399135,1.0,0.9972040963335226,0.9977462741875597,0.9971020338547206,0.9972625244078266,0.9967962500683626,0.9973263277254807,0.9971552221777347,0.9968818553782798,0.997324303280162,0.9971901374190544
5,2,1.371581588960757,0.61672,5000,1.8033985826704237,0.6031175059952039,834,1.808241455699689,0.6031,0.9986946558606102,0.08334607198212794,,,1.0,,1.0,0.0,0.9979433464099077,0.0998710478531912,5,0.001,0.1,0.9967880046838274,0.9972040963335226,1.0,0.9972304655249269,0.9969755132885929,0.9973827142974636,0.9970809027118845,0.9969686671780071,0.9974183202325154,0.9973114336448728,0.9975236762228136,0.9969972385805591
5,3,1.3774788135176252,0.62072,5000,1.8046157978199147,0.5995203836930456,834,1.808241455699689,0.6031,0.9990052393178043,0.08335308722759965,,,1.0,,1.0,0.0,0.9979433464099077,0.0998710478531912,5,0.001,0.1,0.9976694178458926,0.9977462741875597,0.9972304655249269,1.0,0.9974648718304944,0.9974037991602394,0.9970625653945493,0.9978798611074826,0.997468700099604,0.9969758172738585,0.9976477780278165,0.9980534586253446
5,4,1.3632696237533715,0.62304,5000,1.802877911814937,0.602641056422569,833,1.808241455699689,0.6031,0.9985989456921565,0.08332132704600484,,,1.0,,1.0,0.0,0.9979433464099077,0.0998710478531912,5,0.001,0.1,0.9970880185143066,0.9971020338547206,0.9969755132885929,0.9974648718304944,1.0,0.9970764592799718,0.9969989031118485,0.9973502590670602,0.997083015656176,0.9963063497379013,0.9975706337781474,0.9967186571718569
5,5,1.355149195832052,0.62208,5000,1.8039998169298526,0.6038415366146459,833,1.808241455699689,0.6031,0.9987457113801467,0.08333513584619247,,,1.0,,1.0,0.0,0.9979433464099077,0.0998710478531912,5,0.001,0.1,0.9969386450119484,0.9972625244078266,0.9973827142974636,0.9974037991602394,0.9970764592799718,1.0,0.996901813573602,0.9972474185779664,0.997674596569707,0.9976402672885063,0.9970109786487166,0.9969544516718812
5,6,1.3543835933800716,0.61268,5000,1.8026783068974812,0.6134453781512605,833,1.808241455699689,0.6031,0.9983802888771003,0.08328811621429505,,,1.0,,1.0,0.0,0.9979433464099077,0.0998710478531912,5,0.001,0.1,0.9968355748111296,0.9967962500683626,0.9970809027118845,0.9970625653945493,0.9969989031118485,0.996901813573602,1.0,0.9965497785563341,0.9966380743027837,0.9970912565884734,0.9970688506281379,0.9960924401865392
5,7,1.3597712242679232,0.61292,5000,1.8080323228129633,0.6194477791116446,833,1.808241455699689,0.6031,0.9988174070410015,0.08335392006224021,,,1.0,,1.0,0.0,0.9979433464099077,0.0998710478531912,5,0.001,0.1,0.997301421891805,0.9973263277254807,0.9969686671780071,0.9978798611074826,0.9973502590670602,0.9972474185779664,0.9965497785563341,1.0,0.9974421549592607,0.9970055749326713,0.997868733652456,0.9974111190394973
5,8,1.3690355984268674,0.62544,5000,1.822789814737108,0.6038415366146459,833,1.808241455699689,0.6031,0.9987900358718216,0.08332326296908453,,,1.0,,1.0,0.0,0.9979433464099077,0.0998710478531912,5,0.001,0.1,0.9971167833283262,0.9971552221777347,0.9974183202325154,0.997468700099604,0.997083015656176,0.997674596569707,0.9966380743027837,0.9974421549592607,1.0,0.9973555550840127,0.9975043050298481,0.9971682853547628
5,9,1.3721295061384797,0.61376,5000,1.7853538504353277,0.6302521008403361,833,1.808241455699689,0.6031,0.9985834735929605,0.08331532582094461,,,1.0,,1.0,0.0,0.9979433464099077,0.0998710478531912,5,0.001,0.1,0.997427448169761,0.9968818553782798,0.9973114336448728,0.9969758172738585,0.9963063497379013,0.9976402672885063,0.9970912565884734,0.9970055749326713,0.9973555550840127,1.0,0.9970358839820921,0.9965187968021783
5,10,1.3759921155917416,0.61488,5000,1.7969580667990226,0.6230492196878752,833,1.808241455699689,0.6031,0.9989050040195417,0.08335975861212472,,,1.0,,1.0,0.0,0.9979433464099077,0.0998710478531912,5,0.001,0.1,0.9973842244383833,0.997324303280162,0.9975236762228136,0.9976477780278165,0.9975706337781474,0.9970109786487166,0.9970688506281379,0.997868733652456,0.9975043050298481,0.9970358839820921,1.0,0.9974619606412313
5,11,1.368843864103791,0.62508,5000,1.8337991105185614,0.5702280912364946,833,1.808241455699689,0.6031,0.9985855156637929,0.08332575695247428,,,1.0,,1.0,0.0,0.9979433464099077,0.0998710478531912,5,0.001,0.1,0.9970062346501161,0.9971901374190544,0.9969972385805591,0.9980534586253446,0.9967186571718569,0.9969544516718812,0.9960924401865392,0.9974111190394973,0.9971682853547628,0.9965187968021783,0.9974619606412313,1.0
6,0,1.2724161053159435,0.63004,5000,1.6892383451815005,0.5959232613908872,834,1.6789894046874854,0.6213,0.9984700226484526,0.0833313566786559,,,1.0,,1.0,0.0,0.9981780834659405,0.09984238007606795,5,0.001,0.1,1.0,0.9967701733266828,0.9964607468147667,0.9969020728221213,0.9965894897495147,0.9961491727822991,0.9962771903912295,0.9968841415725659,0.9964779891319587,0.9970187465576785,0.9969878254398374,0.9962371144428712
6,1,1.2739479252487231,0.62772,5000,1.6881287980962683,0.6151079136690647,834,1.6789894046874854,0.6213,0.9984030792249012,0.083343230955105,,,1.0,,1.0,0.0,0.9981780834659405,0.09984238007606795,5,0.001,0.1,0.9967701733266828,1.0,0.9966260911405885,0.9971419832647276,0.9963875340500875,0.996539505314462,0.9962472298960996,0.9966344239609228,0.9963441824042437,0.9962250371338628,0.9966185758790073,0.9964168562070297
6,2,1.2689000523014433,0.63864,5000,1.6739265962883279,0.6223021582733813,834,1.6789894046874854,0.6213,0.9985006338313088,0.08334362660082788,,,1.0,,1.0,0.0,0.9981780834659405,0.09984238007606795,5,0.001,0.1,0.9964607468147667,0.9966260911405885,1.0,0.9966319475707061,0.9964682114358298,0.9968757617433537,0.9967289342807019,0.9964346285115594,0.9968544919119563,0.9966499641608526,0.99703406952327,0.9963561678454964
6,3,1.2725175423227297,0.64272,5000,1.6746587444234777,0.6187050359712231,834,1.6789894046874854,0.6213,0.99862077520694,0.08335180678681804,,,1.0,,1.0,0.0,0.9981780834659405,0.09984238007606795,5,0.001,0.1,0.9969020728221213,0.9971419832647276,0.9966319475707061,1.0,0.9967509799504339,0.9967025627788261,0.9964379333499562,0.9971754303821655,0.9963710383037047,0.9963310264801165,0.9969038851672894,0.9972109142690491
6,4,1.2601171758524172,0.64508,5000,1.6696651114357843,0.6266506602641057,833,1.6789894046874854,0.6213,0.9983507456750408,0.08332361303650537,,,1.0,,1.0,0.0,0.9981780834659405,0.09984238007606795,5,0.001,0.1,0.9965894897495147,0.9963875340500875,0.9964682114358298,0.9967509799504339,1.0,0.9965234056603309,0.9962758232329735,0.9966989122837752,0.9965575642183648,0.9958110497692344,0.9970188421114103,0.9962439324314613
6,5,1.2518975079439247,0.64336,5000,1.6721672349505954,0.6182472989195679,833,1.6789894046874854,0.6213,0.9984262957088742,0.08333452024761744,,,1.0,,1.0,0.0,0.9981780834659405,0.09984238007606795,5,0.001,0.1,0.9961491727822991,0.996539505314462,0.9968757617433537,0.9967025627788261,0.9965234056603309,1.0,0.9960267686040825,0.9966768533262379,0.997165461981894,0.9967578228331578,0.9964005266548077,0.996412746029823
6,6,1.252190089377628,0.63288,5000,1.6731615552195795,0.6290516206482593,833,1.6789894046874854,0.6213,0.9981219923341184,0.08329586193817459,,,1.0,,1.0,0.0,0.9981780834659405,0.09984238007606795,5,0.001,0.1,0.9962771903912295,0.9962472298960996,0.9967289342807019,0.9964379333499562,0.9962758232329735,0.9960267686040825,1.0,0.995988577527918,0.9960233988897703,0.996535147037004,0.9966729060472497,0.9953729575723929
6,7,1.2563941628310331,0.63684,5000,1.67841284804874,0.631452581032413,833,1.6789894046874854,0.6213,0.9985353853119409,0.08334956135105466,,,1.0,,1.0,0.0,0.9981780834659405,0.09984238007606795,5,0.001,0.1,0.9968841415725659,0.9966344239609228,0.9964346285115594,0.9971754303821655,0.9966989122837752,0.9966768533262379,0.995988577527918,1.0,0.9967882927516695,0.9963622753254315,0.9971827543645095,0.9967101994836483
6,8,1.2662531617340769,0.64764,5000,1.6982727668903492,0.6254501800720288,833,1.6789894046874854,0.6213,0.9984446655207548,0.08332783181654926,,,1.0,,1.0,0.0,0.9981780834659405,0.09984238007606795,5,0.001,0.1,0.9964779891319587,0.9963441824042437,0.9968544919119563,0.9963710383037047,0.9965575642183648,0.997165461981894,0.9960233988897703,0.9967882927516695,1.0,0.9965536559412472,0.9968651570391308,0.9964497813546066
6,9,1.2704534026467875,0.6346,5000,1.6496213409635756,0.6470588235294118,833,1.6789894046874854,0.6213,0.9983018845927699,0.08331835549445817,,,1.0,,1.0,0.0,0.9981780834659405,0.09984238007606795,5,0.001,0.1,0.9970187465576785,0.9962250371338628,0.9966499641608526,0.9963310264801165,0.9958110497692344,0.9967578228331578,0.996535147037004,0.9963622753254315,0.9965536559412472,1.0,0.9965162474649071,0.9959801539630863
6,10,1.2737510003861348,0.63468,5000,1.6650698008360687,0.6350540216086434,833,1.6789894046874854,0.6213,0.9986556405957017,0.0833570235729115,,,1.0,,1.0,0.0,0.9981780834659405,0.09984238007606795,5,0.001,0.1,0.9969878254398374,0.9966185758790073,0.99703406952327,0.9969038851672894,0.9970188421114103,0.9964005266548077,0.9966729060472497,0.9971827543645095,0.9968651570391308,0.9965162474649071,1.0,0.9967767458146362
6,11,1.2647168040275574,0.64828,5000,1.709985375404358,0.5906362545018007,833,1.6789894046874854,0.6213,0.9982541380759978,0.08332321152132216,,,1.0,,1.0,0.0,0.9981780834659405,0.09984238007606795,5,0.001,0.1,0.9962371144428712,0.9964168562070297,0.9963561678454964,0.9972109142690491,0.9962439324314613,0.996412746029823,0.9953729575723929,0.9967101994836483,0.9964497813546066,0.9959801539630863,0.9967767458146362,1.0
7,0,1.1870511967665072,0.64988,5000,1.5579107337527804,0.6247002398081535,834,1.5457287954446226,0.6398,0.9981920086748077,0.08333411621025565,,,1.0,,1.0,0.0,0.9979586540999558,0.09981302157696041,5,0.001,0.1,1.0,0.9958841497219483,0.9955404157265396,0.9964916468050558,0.9960965197472136,0.9959525299598024,0.9954499246743568,0.9963186435998762,0.9961843434744688,0.9961820867652156,0.9964163876519435,0.9953903875970188
7,1,1.1879292611103909,0.64212,5000,1.5566362893139873,0.6378896882494005,834,1.5457287954446226,0.6398,0.9979978486844026,0.08333513150195981,,,1.0,,1.0,0.0,0.9979586540999558,0.09981302157696041,5,0.001,0.1,0.9958841497219483,1.0,0.9958792048439634,0.996560270965066,0.995508025517081,0.9958967302592935,0.9955652703335972,0.9957840115394778,0.9959234012519971,0.9952910230583106,0.995765198624221,0.9955236549526526
7,2,1.1818929054175213,0.65864,5000,1.5405746124408863,0.6366906474820144,834,1.5457287954446226,0.6398,0.9981644230050296,0.08334075142734555,,,1.0,,1.0,0.0,0.9979586540999558,0.09981302157696041,5,0.001,0.1,0.9955404157265396,0.9958792048439634,1.0,0.9962438012462899,0.9957681362872414,0.9964394439236917,0.9961639232105608,0.995512422356721,0.9962934497768814,0.9960433601018016,0.996207506492122,0.9954848480957446
7,3,1.184526407187152,0.66044,5000,1.5406981662467674,0.6354916067146283,834,1.5457287954446226,0.6398,0.9985113484868636,0.08335696797172824,,,1.0,,1.0,0.0,0.9979586540999558,0.09981302157696041,5,0.001,0.1,0.9964916468050558,0.996560270965066,0.9962438012462899,1.0,0.9962542456428561,0.9962896600207606,0.996035309979888,0.9965710033126786,0.9964212232841199,0.9957539633844512,0.9962407776519552,0.9968694140681079
7,4,1.172779863313505,0.66212,5000,1.5314770495450054,0.6422569027611045,833,1.5457287954446226,0.6398,0.9980107594749089,0.08332351568602975,,,1.0,,1.0,0.0,0.9979586540999558,0.09981302157696041,5,0.001,0.1,0.9960965197472136,0.995508025517081,0.9957681362872414,0.9962542456428561,1.0,0.9959510767240259,0.9957235735006015,0.9959549062804768,0.9961279439215001,0.9949988423190604,0.9961506736362821,0.9952026314522361
7,5,1.1651940221239807,0.664,5000,1.5363459189732869,0.6290516206482593,833,1.5457287954446226,0.6398,0.9982504214474337,0.0833379422241084,,,1.0,,1.0,0.0,0.9979586540999558,0.09981302157696041,5,0.001,0.1,0.9959525299598024,0.9958967302592935,0.9964394439236917,0.9962896600207606,0.9959510767240259,1.0,0.9954780143661085,0.9960965627929427,0.9965414083905246,0.9964247033632269,0.9958241158463971,0.9957125250906909
7,6,1.1661924430519153,0.65228,5000,1.5402364289319073,0.6446578631452581,833,1.5457287954446226,0.6398,0.9978148961331571,0.0833001718799379,,,1.0,,1.0,0.0,0.9979586540999558,0.09981302157696041,5,0.001,0.1,0.9954499246743568,0.9955652703335972,0.9961639232105608,0.996035309979888,0.9957235735006015,0.9954780143661085,1.0,0.9950300209106814,0.9956123413207496,0.9959870152351656,0.9960267705152535,0.9943201050299839
7,7,1.1697026983947512,0.6554,5000,1.544690525090253,0.6482593037214885,833,1.5457287954446226,0.6398,0.998178678468074,0.08334485167628325,,,1.0,,1.0,0.0,0.9979586540999558,0.09981302157696041,5,0.001,0.1,0.9963186435998762,0.9957840115394778,0.995512422356721,0.9965710033126786,0.9959549062804768,0.9960965627929427,0.9950300209106814,1.0,0.9964175924894425,0.995716983983195,0.9965286233991322,0.995815539169237
7,8,1.1797219703911217,0.66336,5000,1.5705687249148335,0.6422569027611045,833,1.5457287954446226,0.6398,0.998365079852308,0.08333754123111685,,,1.0,,1.0,0.0,0.9979586540999558,0.09981302157696041,5,0.001,0.1,0.9961843434744688,0.9959234012519971,0.9962934497768814,0.9964212232841199,0.9961279439215001,0.9965414083905246,0.9956123413207496,0.9964175924894425,1.0,0.9960988833868876,0.9965289571087268,0.9958305974347321
