round,client_id,client_i_training_loss,client_i_training_accuracy,client_i_training_dataset_size,client_i_evaluation_loss,client_i_evaluation_accuracy,client_i_evaluation_dataset_size,client_i_central_evaluation_loss,client_i_central_evaluation_accuracy,client_i_cosine_similarity,client_i_importance_coefficient,client_i_tanh_val,tanh_normalization_value,client_i_q,client_i_mask_order,client_i_v_nonzero_fraction,client_i_v_sparsity,client_i_v_cosine_similarity,client_i_reward_gradient_norm,local_epochs,learning_rate,gamma,client_0_cosine_similarity,client_1_cosine_similarity,client_2_cosine_similarity,client_3_cosine_similarity,client_4_cosine_similarity,client_5_cosine_similarity,client_6_cosine_similarity,client_7_cosine_similarity,client_8_cosine_similarity,client_9_cosine_similarity,client_10_cosine_similarity,client_11_cosine_similarity
0,0,2.2963244907783738,0.1185505159587233,4167,2.3016085624694824,0.11870503597122302,834,2.2997549123401884,0.1222,0.9498945659709451,0.0819816498488094,,,0.7,,0.7000132032810154,0.29998679671898465,0,0.1445057062982507,10,0.025,0.15,1.0,0.9478006874179126,0.9034096147994775,0.8708247681298699,0.8871913985147108,0.9141146347033046,0.9029538049362484,0.8828209793447008,0.9334357180082908,0.9263334956851498,0.9134664731664293,0.9237696370796882
0,1,2.2970846190597074,0.14324454043676507,4167,2.297902856554304,0.12470023980815348,834,2.2997186878059486,0.1221,0.9685476725772629,0.08359152583839205,,,0.930299836500702,,0.9303361885428529,0.06966381145714706,0,0.14483286628025238,10,0.025,0.15,0.9478006874179126,1.0,0.9250393851074596,0.8941887655276247,0.9330759768211581,0.9198707030226679,0.9224051199147256,0.9307584816171053,0.9276477234057372,0.9437892558356485,0.9331058850841789,0.944561827649606
0,2,2.292269320198984,0.12706983441324693,4167,2.2952602931431363,0.14028776978417265,834,2.299735669848285,0.122,0.9547610044112881,0.08240165293811982,,,0.7600832880444759,,0.7601293921539503,0.23987060784604974,0,0.14470140754261787,10,0.025,0.15,0.9034096147994775,0.9250393851074596,1.0,0.8954314973726395,0.926419224540158,0.9259080446671749,0.9309648811323981,0.8898580347070117,0.9093831600532375,0.9041862555877342,0.9481764379866959,0.9037184051394822
0,3,2.294602818922563,0.13870890328773697,4167,2.300737108503069,0.11990407673860912,834,2.2997361436674866,0.122,0.9544550510567686,0.08237524731198105,,,0.7563058471597065,,0.7563499529633114,0.24365004703668858,0,0.14469975289299222,10,0.025,0.15,0.8708247681298699,0.8941887655276247,0.8954314973726395,1.0,0.9268670903807363,0.9391034761639122,0.940424658863408,0.9392755576553637,0.895023144559462,0.9241901058063792,0.9124645266157774,0.9211536372421457
0,4,2.2953073031974562,0.15910727141828654,4167,2.2965073585510254,0.11884753901560624,833,2.2997185791595074,0.1221,0.9723412012998727,0.08391893032576322,,,0.977136487521707,,0.9771830799953789,0.0228169200046211,0,0.14483335418801202,10,0.025,0.15,0.8871913985147108,0.9330759768211581,0.926419224540158,0.9268670903807363,1.0,0.943771470269863,0.9416681140765703,0.9479193407795536,0.9287757650759024,0.9454959753288869,0.9559175530727894,0.9290952012430548
0,5,2.296197022813739,0.12229421646268299,4167,2.3017331191471646,0.11044417767106843,833,2.2997185761415504,0.1221,0.973805591781779,0.08404531608691017,,,0.9952165261808982,,0.9952385667838458,0.004761433216154187,0,0.14483336506567762,10,0.025,0.15,0.9141146347033046,0.9198707030226679,0.9259080446671749,0.9391034761639122,0.943771470269863,1.0,0.9551661065621657,0.9304027088896749,0.9340822819625406,0.935438367840729,0.9473348266966676,0.9379694617127092
0,6,2.294450215137366,0.1204943604511639,4167,2.2975451946258545,0.12965186074429771,833,2.299718582177464,0.1221,0.9716992542643542,0.08386352641150506,,,0.9692107140598256,,0.9692611113861794,0.03073888861382057,0,0.144833339618499,10,0.025,0.15,0.9029538049362484,0.9224051199147256,0.9309648811323981,0.940424658863408,0.9416681140765703,0.9551661065621657,1.0,0.9397763868227371,0.9298860615611573,0.9273165110772638,0.9481861707943992,0.920003716027109
0,7,2.2966168309703017,0.14802015838732901,4167,2.2986510140555247,0.1212484993997599,833,2.2997206313700618,0.1221,0.9646314382301815,0.08325353111300889,,,0.8819482053828156,,0.8819956759254675,0.11800432407453254,0,0.14480462794661456,10,0.025,0.15,0.8828209793447008,0.9307584816171053,0.8898580347070117,0.9392755576553637,0.9479193407795536,0.9304027088896749,0.9397763868227371,1.0,0.9267524566742092,0.9333078134125995,0.9302765555134767,0.925715092768476
0,8,2.296847329717694,0.12364378300528084,4166,2.302050386156355,0.12845138055222088,833,2.299720555921144,0.1221,0.9655675272345158,0.08333432125933656,,,0.893505590927123,,0.8935485468138833,0.1064514531861167,0,0.14480531779638522,10,0.025,0.15,0.9334357180082908,0.9276477234057372,0.9093831600532375,0.895023144559462,0.9287757650759024,0.9340822819625406,0.9298860615611573,0.9267524566742092,1.0,0.9360618475940619,0.935708060315615,0.9309732659134359
0,9,2.2962097456960966,0.15554488718194912,4166,2.300203732081822,0.11764705882352941,833,2.299718591231334,0.1221,0.9707824460065452,0.08378440031029048,,,0.9578913774832367,,0.9579310458648974,0.04206895413510259,0,0.144833289109552,10,0.025,0.15,0.9263334956851498,0.9437892558356485,0.9041862555877342,0.9241901058063792,0.9454959753288869,0.935438367840729,0.9273165110772638,0.9333078134125995,0.9360618475940619,1.0,0.9396731020744391,0.9323567548095923
0,10,2.2952600703094945,0.14387902064330294,4166,2.2985682487487793,0.12004801920768307,833,2.2997185701056373,0.1221,0.9741930286370698,0.0840787542323074,,,0.9999999998569455,,1.0,0.0,0,0.14483336520546986,10,0.025,0.15,0.9134664731664293,0.9331058850841789,0.9481764379866959,0.9124645266157774,0.9559175530727894,0.9473348266966676,0.9481861707943992,0.9302765555134767,0.935708060315615,0.9396731020744391,1.0,0.9233517665594103
0,11,2.2962550950772833,0.13667786845895344,4166,2.301903622491019,0.11524609843937575,833,2.299720555921144,0.1221,0.9659941840374435,0.08337114432357577,,,0.8987732921218871,,0.8988051030681125,0.10119489693188755,0,0.14480555909340628,10,0.025,0.15,0.9237696370796882,0.944561827649606,0.9037184051394822,0.9211536372421457,0.9290952012430548,0.9379694617127092,0.920003716027109,0.925715092768476,0.9309732659134359,0.9323567548095923,0.9233517665594103,1.0
1,0,2.1773558486591686,0.21607871370290377,4167,2.2913782255990163,0.15467625899280577,834,2.2897781631614587,0.1607,0.9882712369593665,0.08247815486180382,,,0.7,,0.7000132032810154,0.29998679671898465,0.7447339983840299,0.14824095878136032,10,0.025,0.15,1.0,0.9763186448422689,0.9742762860945865,0.972304176850521,0.9754192513674362,0.9771738238953913,0.973622485681181,0.9743128169796096,0.978569260235904,0.975709254596989,0.9753447189614047,0.9759906347167528
1,1,2.1809212601546086,0.2199424046076314,4167,2.2881122657230923,0.1618705035971223,834,2.289732821380036,0.1604,0.9901422877308229,0.0835296924279422,,,0.9430318964721579,,0.9430856067732831,0.056914393226716875,0.7444742350101714,0.14834825296987886,10,0.025,0.15,0.9763186448422689,1.0,0.9761962672759981,0.9765759904642477,0.9800908104140164,0.9748747038649115,0.9756016009100646,0.9797384517961979,0.9834689167538183,0.9809125813473929,0.9728397497449022,0.9742165705247514
1,2,2.153594540827202,0.22584593232541397,4167,2.2849233150482178,0.18585131894484413,834,2.2897505911090708,0.1605,0.98652769213397,0.08268019405973803,,,0.7466954020634614,,0.7467280619233879,0.2532719380766121,0.7459649397974373,0.14828921190703878,10,0.025,0.15,0.9742762860945865,0.9761962672759981,1.0,0.9709839373275166,0.9754367267242144,0.9733122151675568,0.9716995629511536,0.9690187713454923,0.979668147335623,0.9721955093298527,0.9759950513880681,0.9694783990567528
1,3,2.1835096724105605,0.21185505159587234,4167,2.2917472634996687,0.14628297362110312,834,2.289750814437866,0.1605,0.988010966937539,0.08271199310592323,,,0.7540448137718552,,0.7540888910894358,0.24591110891056422,0.7459734251739661,0.14829531630346823,10,0.025,0.15,0.972304176850521,0.9765759904642477,0.9709839373275166,1.0,0.9758496678647632,0.9732439532938959,0.9733875039671732,0.9767885838644522,0.9798554061283029,0.9792964991202652,0.9715649116472006,0.9759822446103757
1,4,2.174087752356674,0.22476601871850252,4167,2.2863423143114363,0.17767106842737096,833,2.2897324984586693,0.1604,0.9903305767065237,0.08373731868210472,,,0.9910185818093595,,0.9910547771121123,0.008945222887887683,0.7445039331035362,0.14834869460458203,10,0.025,0.15,0.9754192513674362,0.9800908104140164,0.9754367267242144,0.9758496678647632,1.0,0.9784295649037013,0.9783733938351966,0.9794133243718143,0.9807057545864832,0.9795067124922582,0.9764218438569807,0.9732399054729797
1,5,2.180107019886826,0.21725461963042955,4167,2.2914915084838867,0.1404561824729892,833,2.28973256183576,0.1604,0.9891287815717763,0.08377617900669058,,,0.9999999997688795,,1.0,0.0,0.7445028190735516,0.14834869592765712,10,0.025,0.15,0.9771738238953913,0.9748747038649115,0.9733122151675568,0.9732439532938959,0.9784295649037013,1.0,0.9755380076793919,0.9743090560240061,0.9813181448583679,0.9776406709121808,0.9760499735446864,0.9767172520858588
1,6,2.172358285297047,0.2164386849052076,4167,2.2880471774509976,0.16566626650660263,833,2.28973254372802,0.1604,0.9879138460684045,0.08362492322852685,,,0.9650416874809987,,0.9650855737650806,0.03491442623491936,0.7445031291164048,0.14834859463637612,10,0.025,0.15,0.973622485681181,0.9756016009100646,0.9716995629511536,0.9733875039671732,0.9783733938351966,0.9755380076793919,1.0,0.9741929777304151,0.9798502489863974,0.9763298574034602,0.9730177705171891,0.9725887468052541
1,7,2.1938066189939325,0.20746340292776577,4167,2.2890235696520125,0.15606242496998798,833,2.289732887775083,0.1604,0.988716449845517,0.08327545574112866,,,0.8842725842623247,,0.8843227542044197,0.11567724579558025,0.7450719347666026,0.14834391737846547,10,0.025,0.15,0.9743128169796096,0.9797384517961979,0.9690187713454923,0.9767885838644522,0.9794133243718143,0.9743090560240061,0.9741929777304151,1.0,0.9766738294545537,0.9780260103867945,0.9734296981504581,0.9780081774399554
1,8,2.1811602509383,0.21488238118098896,4166,2.291721854891096,0.16926770708283315,833,2.2897325648537166,0.1606,0.9927852469883783,0.08345699775090595,,,0.9262306657862875,,0.9262761796306382,0.07372382036936176,0.745033917533366,0.14834750654573048,10,0.025,0.15,0.978569260235904,0.9834689167538183,0.979668147335623,0.9798554061283029,0.9807057545864832,0.9813181448583679,0.9798502489863974,0.9766738294545537,1.0,0.9840051307499222,0.979053864453676,0.9790321478953943
1,9,2.1839819452979348,0.22129140662506,4166,2.2902930123465404,0.16206482593037214,833,2.289732558817803,0.1604,0.9904983138443803,0.08365994582200924,,,0.973136127078297,,0.9731808354376063,0.02681916456239375,0.7444919767250244,0.14834864872124442,10,0.025,0.15,0.975709254596989,0.9809125813473929,0.9721955093298527,0.9792964991202652,0.9795067124922582,0.9776406709121808,0.9763298574034602,0.9780260103867945,0.9840051307499222,1.0,0.9759526815388334,0.9753629760930467
1,10,2.1721553621870098,0.22405184829572733,4166,2.288783073425293,0.15966386554621848,833,2.289732558817803,0.1604,0.9877283604731799,0.08375139281150804,,,0.9942714017467795,,0.9943143371127725,0.005685662887227494,0.7445030058850063,0.1483486956566795,10,0.025,0.15,0.9753447189614047,0.9728397497449022,0.9759950513880681,0.9715649116472006,0.9764218438569807,0.9760499735446864,0.9730177705171891,0.9734296981504581,0.979053864453676,0.9759526815388334,1.0,0.9723352203799074
1,11,2.187100565072262,0.21418626980316852,4166,2.2917154175894603,0.148859543817527,833,2.28973259805124,0.1605,0.9877874085325468,0.08331775250171854,,,0.8940482330568201,,0.8940931821557657,0.10590681784423428,0.7450636043604433,0.14834495851324073,10,0.025,0.15,0.9759906347167528,0.9742165705247514,0.9694783990567528,0.9759822446103757,0.9732399054729797,0.9767172520858588,0.9725887468052541,0.9780081774399554,0.9790321478953943,0.9753629760930467,0.9723352203799074,1.0
2,0,2.0700529340541722,0.2638588912886969,4167,2.2745909690856934,0.2014388489208633,834,2.2734546359581285,0.2035,0.9846091024902652,0.08279809099418138,,,1.0,,1.0,0.0,0.9630997737012333,0.1477290270289249,10,0.025,0.15,1.0,0.968428887299422,0.9657347989890853,0.9632754283726047,0.9699841233387988,0.9682057141299649,0.965386785273601,0.9704054538475935,0.97053996898815,0.9654822941208973,0.9653211220649456,0.9639561987560904
2,1,2.0763511119466838,0.26318694504439644,4167,2.2722830091203963,0.20503597122302158,834,2.2734049724627146,0.2024,0.9865480317180886,0.08350929710484445,,,1.0,,1.0,0.0,0.963999893133349,0.1477290270289249,10,0.025,0.15,0.968428887299422,1.0,0.9651061253678923,0.9660809689311982,0.969769584386765,0.9708849179060649,0.9675554905390794,0.9746211359089245,0.9765700931972153,0.9710091046588831,0.9595207443408342,0.9696879261978323
2,2,2.0527296084346194,0.2674826013918887,4167,2.268093006951468,0.2290167865707434,834,2.2734250267849694,0.2034,0.9810782132816293,0.08280808037831947,,,1.0,,1.0,0.0,0.9636327422159311,0.1477290270289249,10,0.025,0.15,0.9657347989890853,0.9651061253678923,1.0,0.9609263561657363,0.9637358936654669,0.9628747903077768,0.9591177007748914,0.9634730212367497,0.9673843482774349,0.9598392648954678,0.9638150203997414,0.9630014268230193
2,3,2.083231090415608,0.25303575713942883,4167,2.2764834335872104,0.19544364508393286,834,2.273425545873521,0.2034,0.982638162266152,0.08287830270940152,,,1.0,,1.0,0.0,0.9636884439721703,0.1477290270289249,10,0.025,0.15,0.9632754283726047,0.9660809689311982,0.9609263561657363,1.0,0.9663972703598027,0.9646446269444852,0.9636539230099099,0.9676823798141948,0.9695298152112238,0.9676032045468445,0.9560122906108156,0.9675671445861944
2,4,2.0748466043761282,0.2643148548116151,4167,2.2700228691101074,0.2148859543817527,833,2.273404737062092,0.2024,0.986166431363162,0.08362492002284154,,,1.0,,1.0,0.0,0.9640121392647668,0.1477290270289249,10,0.025,0.15,0.9699841233387988,0.969769584386765,0.9637358936654669,0.9663972703598027,1.0,0.968919709384531,0.9692518818705296,0.9733545714587808,0.9718910399992984,0.9686591900708253,0.9661526283276664,0.9665273904949219
2,5,2.0751743779037937,0.2564194864410847,4167,2.2750761849539622,0.17286914765906364,833,2.2734047732775724,0.2024,0.9865307397099984,0.08366069926877674,,,1.0,,1.0,0.0,0.964011946373512,0.1477290270289249,10,0.025,0.15,0.9682057141299649,0.9708849179060649,0.9628747903077768,0.9646446269444852,0.968919709384531,1.0,0.9685854639628059,0.9702156015178172,0.9766432908158087,0.970687354673229,0.9661214946974692,0.9710968053809105
2,6,2.070041239261627,0.25653947684185263,4167,2.2721960885184154,0.20408163265306123,833,2.2734046646311312,0.2024,0.9838172881135336,0.08347940060676999,,,1.0,,1.0,0.0,0.9640081281769942,0.1477290270289249,10,0.025,0.15,0.965386785273601,0.9675554905390794,0.9591177007748914,0.9636539230099099,0.9692518818705296,0.9685854639628059,1.0,0.9689808984317023,0.9706698443318668,0.9673638056119089,0.962039422157143,0.9642438316131101
2,7,2.0914546789545003,0.24936405087592992,4167,2.2732554163251604,0.20528211284513806,833,2.273402739174758,0.2047,0.9868704187397548,0.08336301667398949,,,1.0,,1.0,0.0,0.9639982597577451,0.1477290270289249,10,0.025,0.15,0.9704054538475935,0.9746211359089245,0.9634730212367497,0.9676823798141948,0.9733545714587808,0.9702156015178172,0.9689808984317023,1.0,0.9703772494270206,0.969861463446961,0.9636937730051116,0.9704504442743226
2,8,2.0725173567280626,0.2558089294287086,4166,2.27487621988569,0.20168067226890757,833,2.2734017824824853,0.2048,0.9889526099400633,0.08354250400807779,,,1.0,,1.0,0.0,0.9640174545278514,0.1477290270289249,10,0.025,0.15,0.97053996898815,0.9765700931972153,0.9673843482774349,0.9695298152112238,0.9718910399992984,0.9766432908158087,0.9706698443318668,0.9703772494270206,1.0,0.9742097499156872,0.9657205793858868,0.9741052008471371
2,9,2.0813470446702205,0.26077772443590974,4166,2.2740322521754672,0.1992797118847539,833,2.2734047521518757,0.2024,0.9852294830280195,0.08354681594488056,,,1.0,,1.0,0.0,0.9640112290364066,0.1477290270289249,10,0.025,0.15,0.9654822941208973,0.9710091046588831,0.9598392648954678,0.9676032045468445,0.9686591900708253,0.970687354673229,0.9673638056119089,0.969861463446961,0.9742097499156872,1.0,0.9617331695024675,0.9670935800258031
2,10,2.0686600591197157,0.2594095055208833,4166,2.2727557931627547,0.19807923169267708,833,2.2734047642237023,0.2024,0.9809090025450892,0.08346300242907172,,,1.0,,1.0,0.0,0.9640120278417162,0.1477290270289249,10,0.025,0.15,0.9653211220649456,0.9595207443408342,0.9638150203997414,0.9560122906108156,0.9661526283276664,0.9661214946974692,0.962039422157143,0.9636937730051116,0.9657205793858868,0.9617331695024675,1.0,0.9623417394091105
2,11,2.088771492423433,0.25532885261641863,4166,2.275235891342163,0.21248499399759904,833,2.273402153691159,0.2047,0.9849219796554529,0.08332586985884528,,,1.0,,1.0,0.0,0.9640097933067457,0.1477290270289249,10,0.025,0.15,0.9639561987560904,0.9696879261978323,0.9630014268230193,0.9675671445861944,0.9665273904949219,0.9710968053809105,0.9642438316131101,0.9704504442743226,0.9741052008471371,0.9670935800258031,0.9623417394091105,1.0
3,0,2.0039984648877924,0.28706503479721623,4167,2.251035247530256,0.22541966426858512,834,2.2505384789237493,0.2309,0.9807047694357446,0.08301506144247724,,,1.0,,1.0,0.0,0.9824748013877638,0.14704951800935318,10,0.025,0.15,1.0,0.9598957280393209,0.9577835205695537,0.9546704718998789,0.9609017286363494,0.9590446196536289,0.9565173244177491,0.9606038373277297,0.9629417738018816,0.9564143971299707,0.9542096026662311,0.9542209193861703
3,1,2.0116351503314394,0.28428125749940003,4167,2.2500763620649065,0.2314148681055156,834,2.2504802383954012,0.231,0.9828159532162669,0.0835229323890946,,,1.0,,1.0,0.0,0.9824748013877638,0.14704951800935318,10,0.025,0.15,0.9598957280393209,1.0,0.9569632870442655,0.9574388182727834,0.9621575030406203,0.9598041808802092,0.9577551504120106,0.9671026831116951,0.9691107039599403,0.9604283039876116,0.9503300073321873,0.9606901077136814
3,2,1.9901031801194855,0.2908807295416367,4167,2.2445337091173445,0.2529976019184652,834,2.250505003748061,0.2311,0.9775322841161439,0.08291810737202589,,,1.0,,1.0,0.0,0.9824748013877638,0.14704951800935318,10,0.025,0.15,0.9577835205695537,0.9569632870442655,1.0,0.9529435889635812,0.9511511641272746,0.9550507828898515,0.949342214585102,0.955229895756769,0.9587887444029343,0.9519170682524077,0.9551169536280257,0.9556723746518472
3,3,2.021210438554937,0.2779697624190065,4167,2.254779032298497,0.22661870503597123,834,2.2505059815660307,0.2311,0.9777530289298095,0.08296865259618799,,,1.0,,1.0,0.0,0.9824748013877638,0.14704951800935318,10,0.025,0.15,0.9546704718998789,0.9574388182727834,0.9529435889635812,1.0,0.9544197782098808,0.952435772653065,0.9514031956312741,0.9578363702784198,0.9592933674145588,0.9577245412806331,0.9439470671856415,0.9603787584571476
3,4,2.012039259347049,0.28860091192704584,4167,2.247278928756714,0.25690276110444177,833,2.250480048264129,0.231,0.9806752533139717,0.08352475710923041,,,1.0,,1.0,0.0,0.9824748013877638,0.14704951800935318,10,0.025,0.15,0.9609017286363494,0.9621575030406203,0.9511511641272746,0.9544197782098808,1.0,0.9568070198933316,0.9599787232853112,0.962144452903038,0.9615076642118365,0.9593349761110432,0.9550910135207771,0.9529235978098274
3,5,2.0125403342824995,0.2789536837053036,4167,2.2521955966949463,0.20048019207683074,833,2.2504800543000427,0.231,0.9817407233093619,0.08358148836493966,,,1.0,,1.0,0.0,0.9824748013877638,0.14704951800935318,10,0.025,0.15,0.9590446196536289,0.9598041808802092,0.9550507828898515,0.952435772653065,0.9568070198933316,1.0,0.9578119310797978,0.9609463155593936,0.9678055454844449,0.9591066294311109,0.9580388804721882,0.9620735700218477
3,6,2.007208673520522,0.283993280537557,4167,2.249637876238142,0.22809123649459784,833,2.2504799064201646,0.231,0.9788497917046948,0.08337554560129108,,,1.0,,1.0,0.0,0.9824748013877638,0.14704951800935318,10,0.025,0.15,0.9565173244177491,0.9577551504120106,0.949342214585102,0.9514031956312741,0.9599787232853112,0.9578119310797978,1.0,0.9611370056440579,0.959630689300552,0.9588053138076342,0.9508801436280507,0.9517133455460274
3,7,2.025747918721401,0.2757619390448764,4167,2.251260450908116,0.234093637454982,833,2.2504761943334266,0.2316,0.982693406053646,0.08342860515159492,,,1.0,,1.0,0.0,0.9824748013877638,0.14704951800935318,10,0.025,0.15,0.9606038373277297,0.9671026831116951,0.955229895756769,0.9578363702784198,0.962144452903038,0.9609463155593936,0.9611370056440579,1.0,0.9624643103397656,0.9590946496344837,0.9524366624057242,0.9612986955555659
3,8,2.0052622332717434,0.2814690350456073,4166,2.2514768668583462,0.23169267707082833,833,2.2504743775234948,0.2315,0.9849307319442178,0.083612183372581,,,1.0,,1.0,0.0,0.9824748013877638,0.14704951800935318,10,0.025,0.15,0.9629417738018816,0.9691107039599403,0.9587887444029343,0.9592933674145588,0.9615076642118365,0.9678055454844449,0.959630689300552,0.9624643103397656,1.0,0.9646482572057155,0.9552596612634378,0.9650839378698626
3,9,2.0194349213079974,0.28451752280364856,4166,2.251051596232823,0.22448979591836735,833,2.250480039210259,0.231,0.9804423650848141,0.08346894933661715,,,1.0,,1.0,0.0,0.9824748013877638,0.14704951800935318,10,0.025,0.15,0.9564143971299707,0.9604283039876116,0.9519170682524077,0.9577245412806331,0.9593349761110432,0.9591066294311109,0.9588053138076342,0.9590946496344837,0.9646482572057155,1.0,0.9500126990813114,0.9562213376844723
3,10,2.0042826869271018,0.28622179548727794,4166,2.2503233637128557,0.22208883553421369,833,2.250480072407783,0.231,0.9755580786517402,0.08325841882659915,,,1.0,,1.0,0.0,0.9824748013877638,0.14704951800935318,10,0.025,0.15,0.9542096026662311,0.9503300073321873,0.9551169536280257,0.9439470671856415,0.9550910135207771,0.9580388804721882,0.9508801436280507,0.9524366624057242,0.9552596612634378,0.9500126990813114,1.0,0.9509877055389262
3,11,2.0291033015106663,0.2789726356216995,4166,2.2519973005567278,0.24009603841536614,833,2.2504751953897597,0.2316,0.9802210763114098,0.0833252984373608,,,1.0,,1.0,0.0,0.9824748013877638,0.14704951800935318,10,0.025,0.15,0.9542209193861703,0.9606901077136814,0.9556723746518472,0.9603787584571476,0.9529235978098274,0.9620735700218477,0.9517133455460274,0.9612986955555659,0.9650839378698626,0.9562213376844723,0.9509877055389262,1.0
4,0,1.9532862049160582,0.30359971202303815,4167,2.2212461062840054,0.2577937649880096,834,2.221527929547467,0.2677,0.9789600907252342,0.0831891874183355,,,1.0,,1.0,0.0,0.9872630149949349,0.14660201750541033,10,0.025,0.15,1.0,0.9547548837380495,0.9525075224368973,0.9472068498087803,0.9586942958029109,0.9550324939664292,0.952855922265311,0.9573966524670924,0.9574237208821598,0.9498062691319156,0.9490625647153476,0.9467707278643474
4,1,1.9632187641028203,0.30422366210703145,4167,2.221764530454363,0.2685851318944844,834,2.22146295293977,0.2683,0.9791684437506333,0.08350999797097974,,,1.0,,1.0,0.0,0.9872630149949349,0.14660201750541033,10,0.025,0.15,0.9547548837380495,1.0,0.9516821076602733,0.9518368408241946,0.9542473686792904,0.9537552742893153,0.9497731937106305,0.9594532903151609,0.961041782479967,0.9507569835006122,0.9430065302557362,0.9533824207591677
4,2,1.9450269865267205,0.30556755459563234,4167,2.215026821408953,0.290167865707434,834,2.221491741228707,0.2676,0.9748671473827273,0.08299603947507343,,,1.0,,1.0,0.0,0.9872630149949349,0.14660201750541033,10,0.025,0.15,0.9525075224368973,0.9516821076602733,1.0,0.9436798363738461,0.9465103712192302,0.9492962438007606,0.9463138437311756,0.9497609834375609,0.9504950942645549,0.9447127653220108,0.9501237996438437,0.9485631588529913
4,3,1.971549476999225,0.2956563474922006,4167,2.2274693080357144,0.2673860911270983,834,2.221493108363091,0.2676,0.9732488706976475,0.08297462854258475,,,1.0,,1.0,0.0,0.9872630149949349,0.14660201750541033,10,0.025,0.15,0.9472068498087803,0.9518368408241946,0.9436798363738461,1.0,0.9473272021467655,0.9450407987538234,0.9445533466572613,0.9494908782739375,0.9497932597061076,0.9487879243330058,0.9329875772368083,0.9538998702064481
4,4,1.96428349126469,0.30203983681305496,4167,2.2186014652252197,0.29531812725090034,833,2.2214627386648442,0.2683,0.9791577043989829,0.08351077674758564,,,1.0,,1.0,0.0,0.9872630149949349,0.14660201750541033,10,0.025,0.15,0.9586942958029109,0.9542473686792904,0.9465103712192302,0.9473272021467655,1.0,0.9533945101697653,0.9543815326196594,0.9592134199138876,0.9569529024954219,0.9509156324633441,0.9526322237170268,0.9492844986251264
4,5,1.9629428220517708,0.2992800575953924,4167,2.2231316907065257,0.2388955582232893,833,2.221462762808498,0.2683,0.9791893524910392,0.08354688512054761,,,1.0,,1.0,0.0,0.9872630149949349,0.14660201750541033,10,0.025,0.15,0.9550324939664292,0.9537552742893153,0.9492962438007606,0.9450407987538234,0.9533945101697653,1.0,0.9525557778202716,0.9545048503647565,0.9593823494026928,0.9517471171948376,0.9520673706283163,0.9571046998028093
4,6,1.9615087267124292,0.3013198944084473,4167,2.2209559168134416,0.2545018007202881,833,2.2214625787131395,0.2683,0.976390776564507,0.08332846982993541,,,1.0,,1.0,0.0,0.9872630149949349,0.14660201750541033,10,0.025,0.15,0.952855922265311,0.9497731937106305,0.9463138437311756,0.9445533466572613,0.9543815326196594,0.9525557778202716,1.0,0.9571433289962774,0.9522671470979598,0.9483917828517048,0.9466012389210751,0.9463412575066077
4,7,1.9773789456396391,0.29090472762179026,4167,2.2231878212520053,0.2725090036014406,833,2.2214579099341285,0.2685,0.9801490697861286,0.08348358594777487,,,1.0,,1.0,0.0,0.9872630149949349,0.14660201750541033,10,0.025,0.15,0.9573966524670924,0.9594532903151609,0.9497609834375609,0.9494908782739375,0.9592134199138876,0.9545048503647565,0.9571433289962774,1.0,0.9542249811230634,0.9522065568330954,0.9479261437194296,0.9539142280915504
4,8,1.9553923758593472,0.29870379260681706,4166,2.2219439234052385,0.2725090036014406,833,2.2214550971984863,0.2685,0.9808508952452206,0.08361993706267302,,,1.0,,1.0,0.0,0.9872630149949349,0.14660201750541033,10,0.025,0.15,0.9574237208821598,0.961041782479967,0.9504950942645549,0.9497932597061076,0.9569529024954219,0.9593823494026928,0.9522671470979598,0.9542249811230634,1.0,0.9582522010295894,0.947577012733792,0.9559397959239329
4,9,1.9698512467471037,0.30259241478636584,4166,2.2219160284314836,0.26410564225690275,833,2.221462702449364,0.2683,0.9761487703068495,0.08337834809643589,,,1.0,,1.0,0.0,0.9872630149949349,0.14660201750541033,10,0.025,0.15,0.9498062691319156,0.9507569835006122,0.9447127653220108,0.9487879243330058,0.9509156324633441,0.9517471171948376,0.9483917828517048,0.9522065568330954,0.9582522010295894,1.0,0.9438717885528639,0.9488236534616034
4,10,1.9555814081972296,0.30175228036485835,4166,2.221897874559675,0.2665066026410564,833,2.2214627899701083,0.2683,0.9729326226200083,0.08314350683659091,,,1.0,,1.0,0.0,0.9872630149949349,0.14660201750541033,10,0.025,0.15,0.9490625647153476,0.9430065302557362,0.9501237996438437,0.9329875772368083,0.9526322237170268,0.9520673706283163,0.9466012389210751,0.9479261437194296,0.947577012733792,0.9438717885528639,1.0,0.9448475756624237
4,11,1.9822860157851017,0.29474315890542485,4166,2.222491843359811,0.2689075630252101,833,2.2214564100096497,0.2684,0.9770433269372827,0.08331863695148303,,,1.0,,1.0,0.0,0.9872630149949349,0.14660201750541033,10,0.025,0.15,0.9467707278643474,0.9533824207591677,0.9485631588529913,0.9538998702064481,0.9492844986251264,0.9571046998028093,0.9463412575066077,0.9539142280915504,0.9559397959239329,0.9488236534616034,0.9448475756624237,1.0
5,0,1.9097984440398938,0.3195344372450204,4167,2.185910088675363,0.2853717026378897,834,2.1870963754533213,0.2995,0.9766788526308315,0.0832947952398848,,,1.0,,1.0,0.0,0.989973081845767,0.1462689982074404,10,0.025,0.15,1.0,0.9493835814342741,0.9472747286754348,0.9456740510456447,0.9526709547564582,0.9491192304247755,0.9491739929337969,0.9517879414813121,0.9529501291487548,0.9445628186778106,0.9443985124138282,0.9416610373845272
5,1,1.9196841767339996,0.3142308615310775,4167,2.188413109098162,0.2997601918465228,834,2.1870167406299448,0.2998,0.976161464307979,0.08347648069428086,,,1.0,,1.0,0.0,0.989973081845767,0.1462689982074404,10,0.025,0.15,0.9493835814342741,1.0,0.9462083691368764,0.9490851046589343,0.9489099858054824,0.947009825307695,0.9416552656298421,0.9530907354386413,0.9559865658263819,0.9439050183381454,0.9377020229710815,0.9494684468773839
5,2,1.9005514993812098,0.32035037197024235,4167,2.1801734992436,0.3261390887290168,834,2.187053520468217,0.2994,0.9729890066792162,0.08305507855215531,,,1.0,,1.0,0.0,0.989973081845767,0.1462689982074404,10,0.025,0.15,0.9472747286754348,0.9462083691368764,1.0,0.943318868015222,0.9396969448304836,0.9437639498528937,0.9411023373781593,0.9447326671199818,0.9475346210636906,0.9423855028194126,0.9455636517727415,0.9440938196354862
5,3,1.9265411647883328,0.3094552435805136,4167,2.1949451650891985,0.29136690647482016,834,2.18705512602118,0.2994,0.9745586291398587,0.08309295342913779,,,1.0,,1.0,0.0,0.989973081845767,0.1462689982074404,10,0.025,0.15,0.9456740510456447,0.9490851046589343,0.943318868015222,1.0,0.9449141386315745,0.9448339539357079,0.9450704613953747,0.9477864685771816,0.9471372611214385,0.9491049024154237,0.934326926965191,0.9527505304489459
5,4,1.919161450140404,0.3165106791456683,4167,2.184598275593349,0.3133253301320528,833,2.187016447888145,0.2997,0.9758504452394813,0.0834668322238535,,,1.0,,1.0,0.0,0.989973081845767,0.1462689982074404,10,0.025,0.15,0.9526709547564582,0.9489099858054824,0.9396969448304836,0.9449141386315745,1.0,0.9465883247043522,0.9472758682601718,0.9522741479353916,0.9521585697503987,0.9441082236430464,0.9462024869039011,0.9439611080337068
5,5,1.9207305713133378,0.3088792896568274,4167,2.1885968957628523,0.28811524609843936,833,2.1870165112652358,0.2997,0.9767256109862702,0.08351768400298011,,,1.0,,1.0,0.0,0.989973081845767,0.1462689982074404,10,0.025,0.15,0.9491192304247755,0.947009825307695,0.9437639498528937,0.9448339539357079,0.9465883247043522,1.0,0.9465281608643756,0.9487839200030045,0.9547187807867974,0.9471258768382773,0.9482942930317685,0.9522281019302706
5,6,1.9174589482220736,0.3137029037676986,4167,2.1868581431252614,0.28331332533013204,833,2.1870163030262235,0.2997,0.9733889384425682,0.08327383376222516,,,1.0,,1.0,0.0,0.989973081845767,0.1462689982074404,10,0.025,0.15,0.9491739929337969,0.9416552656298421,0.9411023373781593,0.9450704613953747,0.9472758682601718,0.9465281608643756,1.0,0.9511065226776887,0.9456897989204417,0.940950294429992,0.9395647847095144,0.9419816749303536
5,7,1.935636670661695,0.3073434125269978,4167,2.189825943538121,0.3013205282112845,833,2.1870131190819078,0.2995,0.9770293848292709,0.08348840494325396,,,1.0,,1.0,0.0,0.989973081845767,0.1462689982074404,10,0.025,0.15,0.9517879414813121,0.9530907354386413,0.9447326671199818,0.9477864685771816,0.9522741479353916,0.9487839200030045,0.9511065226776887,1.0,0.947273265824377,0.9444964687766596,0.9417649056333729,0.9494990810620291
5,8,1.9110092098062688,0.3129140662506001,4166,2.187164102281843,0.31092436974789917,833,2.1870092802409884,0.2995,0.9785066580370975,0.0836209048915533,,,1.0,,1.0,0.0,0.989973081845767,0.1462689982074404,10,0.025,0.15,0.9529501291487548,0.9559865658263819,0.9475346210636906,0.9471372611214385,0.9521585697503987,0.9547187807867974,0.9456897989204417,0.947273265824377,1.0,0.9534933145413915,0.9422451488083871,0.950594305891824
5,9,1.9280217683676517,0.31034565530484876,4166,2.1873760563986644,0.3025210084033613,833,2.1870164991934087,0.2997,0.9737200778629782,0.08331548734121276,,,1.0,,1.0,0.0,0.989973081845767,0.1462689982074404,10,0.025,0.15,0.9445628186778106,0.9439050183381454,0.9423855028194126,0.9491049024154237,0.9441082236430464,0.9471258768382773,0.940950294429992,0.9444964687766596,0.9534933145413915,1.0,0.9386138139511631,0.9451909290050899
5,10,1.9130263292428218,0.3166586653864618,4166,2.188019480024065,0.30012004801920766,833,2.1870165112652358,0.2997,0.9706751843583101,0.08307097542626503,,,1.0,,1.0,0.0,0.989973081845767,0.1462689982074404,10,0.025,0.15,0.9443985124138282,0.9377020229710815,0.9455636517727415,0.934326926965191,0.9462024869039011,0.9482942930317685,0.9395647847095144,0.9417649056333729,0.9422451488083871,0.9386138139511631,1.0,0.9398009649609843
5,11,1.940808275974158,0.30796927508401345,4166,2.1872715268816267,0.29411764705882354,833,2.1870112358769283,0.2995,0.975194828074406,0.08332656949319737,,,1.0,,1.0,0.0,0.989973081845767,0.1462689982074404,10,0.025,0.15,0.9416610373845272,0.9494684468773839,0.9440938196354862,0.9527505304489459,0.9439611080337068,0.9522281019302706,0.9419816749303536,0.9494990810620291,0.950594305891824,0.9451909290050899,0.9398009649609843,1.0
6,0,1.873905929290887,0.32918166546676264,4167,2.145996332168579,0.2961630695443645,834,2.1481807352621343,0.3194,0.9736244458035395,0.08335626485423683,,,1.0,,1.0,0.0,0.9918400883485108,0.14582887387896873,10,0.025,0.15,1.0,0.9435554027915468,0.9425218043781574,0.9405578569642277,0.9456324500828381,0.9415302684686128,0.9421483553229161,0.9449935042943376,0.9457966078394212,0.9397217518830615,0.9370934026361569,0.9350349305730631
6,1,1.882052432045792,0.32663786897048236,4167,2.1509251594543457,0.32014388489208634,834,2.148080324824852,0.321,0.9731381385056629,0.08345297425291974,,,1.0,,1.0,0.0,0.9918400883485108,0.14582887387896873,10,0.025,0.15,0.9435554027915468,1.0,0.9402241418706244,0.944163766826218,0.9416246959325038,0.9387624139923082,0.9364571898615996,0.9468727378349289,0.9482518317588948,0.9380991516621886,0.931794750734479,0.9429666316772344
6,2,1.8675978989312143,0.33035757139428845,4167,2.140832015446254,0.34652278177458035,834,2.148126728927033,0.3193,0.9703293605241271,0.08310029297161856,,,1.0,,1.0,0.0,0.9918400883485108,0.14582887387896873,10,0.025,0.15,0.9425218043781574,0.9402241418706244,1.0,0.9371642187465419,0.9339998810200765,0.9400138832879787,0.934403594527733,0.9397489052477227,0.9378588295133035,0.9356867373733749,0.9402074375997097,0.9385395273325535
6,3,1.8877543496363092,0.3194624430045596,4167,2.1581593922206332,0.3237410071942446,834,2.148128434072567,0.3193,0.972397079721477,0.08319118573569236,,,1.0,,1.0,0.0,0.9918400883485108,0.14582887387896873,10,0.025,0.15,0.9405578569642277,0.944163766826218,0.9371642187465419,1.0,0.940958334776063,0.939945261875768,0.9399387010693167,0.9435216089576939,0.9399883343002173,0.9434910462682489,0.9277789355409422,0.9468891261306966
6,4,1.8870492079041221,0.32843772498200147,4167,2.146688904081072,0.3325330132052821,833,2.1480798872211313,0.321,0.9734542336856448,0.08345730390405216,,,1.0,,1.0,0.0,0.9918400883485108,0.14582887387896873,10,0.025,0.15,0.9456324500828381,0.9416246959325038,0.9339998810200765,0.940958334776063,1.0,0.9433929579395496,0.9415063021948643,0.9469308049742314,0.9462633739087253,0.9375191834439571,0.9413581856255646,0.9372815377001553
6,5,1.882172448346109,0.32342212622990163,4167,2.149606943130493,0.3037214885954382,833,2.148079908346828,0.321,0.9736713393871488,0.08349588993303679,,,1.0,,1.0,0.0,0.9918400883485108,0.14582887387896873,10,0.025,0.15,0.9415302684686128,0.9387624139923082,0.9400138832879787,0.939945261875768,0.9433929579395496,1.0,0.9402008864696376,0.9435091295405054,0.9471808475730101,0.9418144508675859,0.9388862532466477,0.943745745374821
6,6,1.8750089302207484,0.3269738420926326,4167,2.1482413836887906,0.29891956782713086,833,2.14807975141308,0.321,0.97057009642932,0.08324367803889172,,,1.0,,1.0,0.0,0.9918400883485108,0.14582887387896873,10,0.025,0.15,0.9421483553229161,0.9364571898615996,0.934403594527733,0.9399387010693167,0.9415063021948643,0.9402008864696376,1.0,0.9473907359795041,0.9378668126528821,0.9365762400080669,0.931873140355318,0.9346045550399467
6,7,1.8961755019245725,0.3191984641228702,4167,2.1519199098859514,0.31812725090036015,833,2.148079301737532,0.3208,0.9747386163396847,0.08351255237198003,,,1.0,,1.0,0.0,0.9918400883485108,0.14582887387896873,10,0.025,0.15,0.9449935042943376,0.9468727378349289,0.9397489052477227,0.9435216089576939,0.9469308049742314,0.9435091295405054,0.9473907359795041,1.0,0.9404582405068228,0.9395799346686845,0.9348557331211214,0.9435983820345063
6,8,1.872453885006182,0.3230676908305329,4166,2.1477136271340505,0.33733493397358943,833,2.1480743583244615,0.3208,0.9744101177778521,0.08358393374964508,,,1.0,,1.0,0.0,0.9918400883485108,0.14582887387896873,10,0.025,0.15,0.9457966078394212,0.9482518317588948,0.9378588295133035,0.9399883343002173,0.9462633739087253,0.9471808475730101,0.9378668126528821,0.9404582405068228,1.0,0.947392366310805,0.9336129954337825,0.9428277812024729
6,9,1.8878628756060745,0.3205472875660106,4166,2.1483286108289446,0.31932773109243695,833,2.1480799113647846,0.321,0.9711326806229549,0.08328783085838484,,,1.0,,1.0,0.0,0.9918400883485108,0.14582887387896873,10,0.025,0.15,0.9397217518830615,0.9380991516621886,0.9356867373733749,0.9434910462682489,0.9375191834439571,0.9418144508675859,0.9365762400080669,0.9395799346686845,0.947392366310805,1.0,0.9316004967045242,0.9380112229068669
6,10,1.8765214631051728,0.32503600576092173,4166,2.149653468813215,0.3325330132052821,833,2.1480799053288715,0.321,0.9670581715276957,0.08300347165671874,,,1.0,,1.0,0.0,0.9918400883485108,0.14582887387896873,10,0.025,0.15,0.9370934026361569,0.931794750734479,0.9402074375997097,0.9277789355409422,0.9413581856255646,0.9388862532466477,0.931873140355318,0.9348557331211214,0.9336129954337825,0.9316004967045242,1.0,0.9331297577618366
6,11,1.9025247833945536,0.32028324531925106,4166,2.1472582135881697,0.31812725090036015,833,2.148077023180225,0.3208,0.9717436940300618,0.0833146216728231,,,1.0,,1.0,0.0,0.9918400883485108,0.14582887387896873,10,0.025,0.15,0.9350349305730631,0.9429666316772344,0.9385395273325535,0.9468891261306966,0.9372815377001553,0.943745745374821,0.9346045550399467,0.9435983820345063,0.9428277812024729,0.9380112229068669,0.9331297577618366,1.0
7,0,1.8333800973314227,0.34386849052075835,4167,2.102816036769322,0.31534772182254195,834,2.105723924274686,0.3312,0.9715936428623734,0.08341345372468219,,,1.0,,1.0,0.0,0.9939996945308636,0.14543674002716744,10,0.025,0.15,1.0,0.9392033279453589,0.9399310383632886,0.9348853274319435,0.9397971312237421,0.9393560617037776,0.9373781191082367,0.9386325369158307,0.939615813135543,0.9357718361175753,0.929759171211055,0.9300360799423875
7,1,1.8494324510747737,0.3371010319174466,4167,2.109659569604056,0.33093525179856115,834,2.1056070146681387,0.3312,0.9705643366595758,0.08343983450007086,,,1.0,,1.0,0.0,0.9939996945308636,0.14543674002716744,10,0.025,0.15,0.9392033279453589,1.0,0.9357823968619119,0.9382250079762007,0.9353503081916392,0.9354415451664032,0.9274976932682005,0.9395700594216562,0.9426732797156664,0.9331849374417363,0.9265455952144901,0.9388201625915148
7,2,1.828465377923214,0.3439644828413727,4167,2.0978805337633406,0.35251798561151076,834,2.1056610210032405,0.331,0.9696497796603313,0.08319124541518796,,,1.0,,1.0,0.0,0.9939996945308636,0.14543674002716744,10,0.025,0.15,0.9399310383632886,0.9357823968619119,1.0,0.9332321773089799,0.9289175110391286,0.9385619718892741,0.9314372179092787,0.9333942435762066,0.9345407616488902,0.9342266122327819,0.9358747621861329,0.9361002150927191
7,3,1.8564964464216522,0.3293016558675306,4167,2.1183235304696217,0.33213429256594723,834,2.1056627231308176,0.3311,0.9697182254103199,0.08324985204895023,,,1.0,,1.0,0.0,0.9939996945308636,0.14543674002716744,10,0.025,0.15,0.9348853274319435,0.9382250079762007,0.9332321773089799,1.0,0.9340366053021791,0.9373813358204364,0.9333234116897108,0.9362973324762363,0.933897052185928,0.9374311752607092,0.9223654725622152,0.9415873490179072
