round,client_id,client_i_training_loss,client_i_training_accuracy,client_i_training_dataset_size,client_i_evaluation_loss,client_i_evaluation_accuracy,client_i_evaluation_dataset_size,client_i_central_evaluation_loss,client_i_central_evaluation_accuracy,client_i_cosine_similarity,client_i_importance_coefficient,client_i_tanh_val,tanh_normalization_value,client_i_q,client_i_mask_order,client_i_v_nonzero_fraction,client_i_v_sparsity,client_i_v_cosine_similarity,client_i_reward_gradient_norm,local_epochs,learning_rate,gamma,client_0_cosine_similarity,client_1_cosine_similarity,client_2_cosine_similarity,client_3_cosine_similarity,client_4_cosine_similarity,client_5_cosine_similarity,client_6_cosine_similarity,client_7_cosine_similarity,client_8_cosine_similarity,client_9_cosine_similarity,client_10_cosine_similarity,client_11_cosine_similarity
0,0,2.1733450974628425,0.32272,5000,2.256619338636045,0.13908872901678657,834,2.2565548564679325,0.1437,0.9969195987239198,0.08336470424527345,,,0.95,,0.95001498149061,0.04998501850938997,0,0.09965419694791074,5,0.001,0.1,1.0,0.9914098472125289,0.9913505737035104,0.9954688532120807,0.9946757912131409,0.9963367196368135,0.9935225432179398,0.9902538000282778,0.9951715478757887,0.992823270166976,0.985307040868697,0.9953763151660403
0,1,2.1729964906243002,0.28616,5000,2.256895162441112,0.12829736211031176,834,2.2565548564679325,0.1437,0.9974302145344934,0.08340740311094517,,,0.95,,0.95001498149061,0.04998501850938997,0,0.09965419694791074,5,0.001,0.1,0.9914098472125289,1.0,0.9960002021734864,0.991840914833918,0.9916808957585799,0.9886994971844661,0.9941197501221141,0.9947849624817995,0.9937312963037032,0.9953142238969397,0.9956182276591042,0.994602701053714
0,2,2.173832120409437,0.34528,5000,2.256552501961037,0.1354916067146283,834,2.2565548564679325,0.1437,0.997016600541206,0.08337281575980247,,,0.95,,0.95001498149061,0.04998501850938997,0,0.09965419694791074,5,0.001,0.1,0.9913505737035104,0.9960002021734864,1.0,0.9919374779241141,0.9930950840097835,0.989301808599579,0.996683466615804,0.9907084577298138,0.9934502226077737,0.9922850090871101,0.9942264610258089,0.9938175384659963
0,3,2.1638475853926056,0.31312,5000,2.251078376063594,0.15707434052757793,834,2.2565548564679325,0.1437,0.996586686377645,0.08333686535102128,,,0.95,,0.95001498149061,0.04998501850938997,0,0.09965419694791074,5,0.001,0.1,0.9954688532120807,0.991840914833918,0.9919374779241141,1.0,0.9948352023703226,0.992128836870883,0.9920770532104154,0.9917618926272307,0.9951109180180444,0.9910908271220463,0.9879513166003536,0.9935118658526126
0,4,2.171078718088235,0.31768,5000,2.2648277282714844,0.12605042016806722,833,2.2565548564679325,0.1437,0.9970127552198365,0.0833724942052066,,,0.95,,0.95001498149061,0.04998501850938997,0,0.09965419694791074,5,0.001,0.1,0.9946757912131409,0.9916808957585799,0.9930950840097835,0.9948352023703226,1.0,0.9940183729566779,0.9940110688238363,0.9903165977985248,0.9953196431155336,0.9918604657330307,0.9879395983871609,0.9950575963280028
0,5,2.1756312042284924,0.33864,5000,2.2527377517135054,0.14645858343337334,833,2.2565548564679325,0.1437,0.9948300348246283,0.08318997011757748,,,0.95,,0.95001498149061,0.04998501850938997,0,0.09965419694791074,5,0.001,0.1,0.9963367196368135,0.9886994971844661,0.989301808599579,0.992128836870883,0.9940183729566779,1.0,0.9911211567700314,0.9878347498045524,0.9919111940908796,0.9912409974538855,0.9811757682377882,0.9929390807488516
0,6,2.1745138871441982,0.36812,5000,2.259362980171486,0.13805522208883553,833,2.2565548564679325,0.1437,0.99702207600584,0.08337327363071845,,,0.95,,0.95001498149061,0.04998501850938997,0,0.09965419694791074,5,0.001,0.1,0.9935225432179398,0.9941197501221141,0.996683466615804,0.9920770532104154,0.9940110688238363,0.9911211567700314,1.0,0.9885504164188454,0.9947710264576813,0.9911112997062907,0.9920444960527198,0.9949095026191385
0,7,2.169087524322947,0.30444,5000,2.2615283771797463,0.14285714285714285,833,2.2565548564679325,0.1437,0.9954883695122043,0.08324502157468038,,,0.95,,0.95001498149061,0.04998501850938997,0,0.09965419694791074,5,0.001,0.1,0.9902538000282778,0.9947849624817995,0.9907084577298138,0.9917618926272307,0.9903165977985248,0.9878347498045524,0.9885504164188454,1.0,0.9899580935179704,0.9968081902982348,0.9917637335266131,0.9918400059068228
0,8,2.171355339220375,0.26972,5000,2.2591275550701,0.15966386554621848,833,2.2565548564679325,0.1437,0.9973670615191899,0.08340212211090293,,,0.95,,0.95001498149061,0.04998501850938997,0,0.09965419694791074,5,0.001,0.1,0.9951715478757887,0.9937312963037032,0.9934502226077737,0.9951109180180444,0.9953196431155336,0.9919111940908796,0.9947710264576813,0.9899580935179704,1.0,0.9919880117317432,0.9903898258357064,0.9952455209027331
0,9,2.173816816973838,0.31832,5000,2.2579837375217013,0.14165666266506602,833,2.2565548564679325,0.1437,0.9967847705415637,0.0833534296033059,,,0.95,,0.95001498149061,0.04998501850938997,0,0.09965419694791074,5,0.001,0.1,0.992823270166976,0.9953142238969397,0.9922850090871101,0.9910908271220463,0.9918604657330307,0.9912409974538855,0.9911112997062907,0.9968081902982348,0.9919880117317432,1.0,0.9917655929865387,0.9937960665359701
0,10,2.1711864864750274,0.28508,5000,2.2555180655585394,0.15366146458583432,833,2.2565548564679325,0.1437,0.9942433187561998,0.08314090757373432,,,0.95,,0.95001498149061,0.04998501850938997,0,0.09965419694791074,5,0.001,0.1,0.985307040868697,0.9956182276591042,0.9942264610258089,0.9879513166003536,0.9879395983871609,0.9811757682377882,0.9920444960527198,0.9917637335266131,0.9903898258357064,0.9917655929865387,1.0,0.991509857063203
0,11,2.1764150570911966,0.31228,5000,2.2453254682046397,0.15606242496998798,833,2.2565548564679325,0.1437,0.9978318969578228,0.08344099271683139,,,0.95,,0.95001498149061,0.04998501850938997,0,0.09965419694791074,5,0.001,0.1,0.9953763151660403,0.994602701053714,0.9938175384659963,0.9935118658526126,0.9950575963280028,0.9929390807488516,0.9949095026191385,0.9918400059068228,0.9952455209027331,0.9937960665359701,0.991509857063203,1.0
1,0,2.0266264942800922,0.44304,5000,2.1958499219682484,0.328537170263789,834,2.195453454130374,0.3303,0.998222956698328,0.08336435453404818,,,0.95,,0.95001498149061,0.04998501850938997,0.9723582410671479,0.09978569111141532,5,0.001,0.1,1.0,0.9959378442518511,0.9932931071001662,0.9973364046330971,0.9964925110781849,0.9971631975305928,0.9956583599684912,0.9952648772544092,0.9971740313848133,0.9964726780717607,0.9906235950851847,0.9975969425236308
1,1,2.0276917954159392,0.4338,5000,2.193375746409098,0.3213429256594724,834,2.195453454130374,0.3303,0.9986179766837876,0.08340329967636459,,,0.95,,0.95001498149061,0.04998501850938997,0.9723582410671479,0.09978569111141532,5,0.001,0.1,0.9959378442518511,1.0,0.9965053891514444,0.9964129393345381,0.9960407829890808,0.9941624265604256,0.9972741844865025,0.9957929379686093,0.9973852055914237,0.9960250340444596,0.9951593748192371,0.9970499051447077
1,2,2.0264363144613373,0.46912,5000,2.193586826324463,0.3381294964028777,834,2.195453454130374,0.3303,0.9973970999186551,0.08334266758542098,,,0.95,,0.95001498149061,0.04998501850938997,0.9723582410671479,0.09978569111141532,5,0.001,0.1,0.9932931071001662,0.9965053891514444,1.0,0.9941724716079141,0.9942821795686044,0.9914972961109664,0.9962426819440726,0.9955214944625669,0.9950659760833761,0.995859193435868,0.9963210765628433,0.9943730885276932
1,3,2.011299603000568,0.4376,5000,2.1894594121862343,0.3513189448441247,834,2.195453454130374,0.3303,0.9981571056017349,0.08334515183597316,,,0.95,,0.95001498149061,0.04998501850938997,0.9723582410671479,0.09978569111141532,5,0.001,0.1,0.9973364046330971,0.9964129393345381,0.9941724716079141,1.0,0.9969060576815707,0.9952026756541436,0.9956991607632298,0.9954847114549098,0.9973395355044931,0.9951642125505574,0.9918913487596221,0.9966165799708284
1,4,2.023009429312056,0.44056,5000,2.2036222881740994,0.32653061224489793,833,2.195453454130374,0.3303,0.998167134840327,0.08336733078815198,,,0.95,,0.95001498149061,0.04998501850938997,0.9723582410671479,0.09978569111141532,5,0.001,0.1,0.9964925110781849,0.9960407829890808,0.9942821795686044,0.9969060576815707,1.0,0.9965039642559066,0.9962926391246634,0.994418368515896,0.9975596584077134,0.9951915427297024,0.9915043269915,0.9971524825974596
1,5,2.027519243082423,0.44988,5000,2.193031010804353,0.3217286914765906,833,2.195453454130374,0.3303,0.9968136783243585,0.08321167224108691,,,0.95,,0.95001498149061,0.04998501850938997,0.9723582410671479,0.09978569111141532,5,0.001,0.1,0.9971631975305928,0.9941624265604256,0.9914972961109664,0.9952026756541436,0.9965039642559066,1.0,0.9946634864804557,0.9930946987497622,0.9955250895775651,0.9949283094553194,0.9875436813749826,0.9958570998123746
1,6,2.0291789669899423,0.48856,5000,2.200389994515313,0.30612244897959184,833,2.195453454130374,0.3303,0.9979225456422016,0.08335991237578286,,,0.95,,0.95001498149061,0.04998501850938997,0.9723582410671479,0.09978569111141532,5,0.001,0.1,0.9956583599684912,0.9972741844865025,0.9962426819440726,0.9956991607632298,0.9962926391246634,0.9946634864804557,1.0,0.9933329495787913,0.9966862433637299,0.9942822262991275,0.9930211584149277,0.9962622194942505
1,7,2.0222068738026224,0.45156,5000,2.200193272696601,0.30612244897959184,833,2.195453454130374,0.3303,0.9977464725087467,0.08327555655855003,,,0.95,,0.95001498149061,0.04998501850938997,0.9723582410671479,0.09978569111141532,5,0.001,0.1,0.9952648772544092,0.9957929379686093,0.9955214944625669,0.9954847114549098,0.994418368515896,0.9930946987497622,0.9933329495787913,1.0,0.9951414485337321,0.9981080651386175,0.9956755528341887,0.9954895898517541
1,8,2.024155775452875,0.41312,5000,2.1992763148413763,0.33133253301320525,833,2.195453454130374,0.3303,0.9987014182038506,0.08340275414403686,,,0.95,,0.95001498149061,0.04998501850938997,0.9723582410671479,0.09978569111141532,5,0.001,0.1,0.9971740313848133,0.9973852055914237,0.9950659760833761,0.9973395355044931,0.9975596584077134,0.9955250895775651,0.9966862433637299,0.9951414485337321,1.0,0.9962183878912834,0.9933447475553188,0.9973018569493652
1,9,2.027462958226538,0.44396,5000,2.1976173365557634,0.3577430972388956,833,2.195453454130374,0.3303,0.9982778417892164,0.08335921049146532,,,0.95,,0.95001498149061,0.04998501850938997,0.9723582410671479,0.09978569111141532,5,0.001,0.1,0.9964726780717607,0.9960250340444596,0.995859193435868,0.9951642125505574,0.9951915427297024,0.9949283094553194,0.9942822262991275,0.9981080651386175,0.9962183878912834,1.0,0.995132383568307,0.9963013156158937
1,10,2.02522850492198,0.42008,5000,2.1940519456510192,0.33133253301320525,833,2.195453454130374,0.3303,0.9957251185887489,0.08314643272907982,,,0.95,,0.95001498149061,0.04998501850938997,0.9723582410671479,0.09978569111141532,5,0.001,0.1,0.9906235950851847,0.9951593748192371,0.9963210765628433,0.9918913487596221,0.9915043269915,0.9875436813749826,0.9930211584149277,0.9956755528341887,0.9933447475553188,0.995132383568307,1.0,0.9929081269943191
1,11,2.032732588470362,0.43968,5000,2.1827876523688987,0.3433373349339736,833,2.195453454130374,0.3303,0.998548380619936,0.08342165704003925,,,0.95,,0.95001498149061,0.04998501850938997,0.9723582410671479,0.09978569111141532,5,0.001,0.1,0.9975969425236308,0.9970499051447077,0.9943730885276932,0.9966165799708284,0.9971524825974596,0.9958570998123746,0.9962622194942505,0.9954895898517541,0.9973018569493652,0.9963013156158937,0.9929081269943191,1.0
2,0,1.8610905358745793,0.53,5000,2.1226587295532227,0.4724220623501199,834,2.1216057070527974,0.4667,0.9987800952382043,0.08335917176269907,,,0.95,,0.95001498149061,0.04998501850938997,0.990401257517116,0.09985648757030152,5,0.001,0.1,1.0,0.9969037069205443,0.9963758190481417,0.9977995006171859,0.9972267582759805,0.9965953760994337,0.9972963838075071,0.9973567067255044,0.9977565092615057,0.998083620340086,0.9947857840777377,0.9980276296187937
2,1,1.862870674528134,0.5278,5000,2.116972419950697,0.4616306954436451,834,2.1216057070527974,0.4667,0.9990369621631021,0.08339134521852556,,,0.95,,0.95001498149061,0.04998501850938997,0.990401257517116,0.09985648757030152,5,0.001,0.1,0.9969037069205443,1.0,0.9982434581314077,0.9973727755444823,0.9972279823435075,0.9938406719481577,0.9980040674700423,0.9979400283285406,0.9980148273956074,0.9982640228177095,0.9977676055114908,0.997707959191126
2,2,1.8612480237985114,0.55032,5000,2.11800605279428,0.4784172661870504,834,2.1216057070527974,0.4667,0.9985922246505574,0.08333980869412842,,,0.95,,0.95001498149061,0.04998501850938997,0.990401257517116,0.09985648757030152,5,0.001,0.1,0.9963758190481417,0.9982434581314077,1.0,0.9966846111112334,0.9968930948971859,0.9933045783607091,0.9985712521414876,0.9967965691192113,0.9973481745176244,0.9975310923009327,0.99741800780912,0.9967921539947552
2,3,1.8408085897469977,0.53456,5000,2.1148420528129295,0.4952038369304556,834,2.1216057070527974,0.4667,0.9987250119717366,0.08334561797935973,,,0.95,,0.95001498149061,0.04998501850938997,0.990401257517116,0.09985648757030152,5,0.001,0.1,0.9977995006171859,0.9973727755444823,0.9966846111112334,1.0,0.9975420805523882,0.9947026479588529,0.997137276377392,0.99781665243387,0.9980076258722973,0.9975430410944363,0.9958440243351061,0.9970983789618691
2,4,1.855474432562567,0.53488,5000,2.129941799022533,0.4561824729891957,833,2.1216057070527974,0.4667,0.9987717009455379,0.08336072599578034,,,0.95,,0.95001498149061,0.04998501850938997,0.990401257517116,0.09985648757030152,5,0.001,0.1,0.9972267582759805,0.9972279823435075,0.9968930948971859,0.9975420805523882,1.0,0.9955318875200687,0.9976308850054779,0.9970979172741564,0.9979260840292085,0.9976662123123382,0.9956638794029162,0.9977004995933884
2,5,1.8600486790298656,0.53712,5000,2.1202565210836903,0.4489795918367347,833,2.1216057070527974,0.4667,0.9962543574826559,0.08318401985513438,,,0.95,,0.95001498149061,0.04998501850938997,0.990401257517116,0.09985648757030152,5,0.001,0.1,0.9965953760994337,0.9938406719481577,0.9933045783607091,0.9947026479588529,0.9955318875200687,1.0,0.9941200586477253,0.9941017266571195,0.9948154527016039,0.9954433949740257,0.9903670006798029,0.9951249782492727
2,6,1.8632840000140438,0.54896,5000,2.129290395312839,0.4561824729891957,833,2.1216057070527974,0.4667,0.9990013801610551,0.08336358982029007,,,0.95,,0.95001498149061,0.04998501850938997,0.990401257517116,0.09985648757030152,5,0.001,0.1,0.9972963838075071,0.9980040674700423,0.9985712521414876,0.997137276377392,0.9976308850054779,0.9941200586477253,1.0,0.9974538800806495,0.997902185544218,0.9980801522855604,0.9971804989255284,0.9974839593411838
2,7,1.854634471152239,0.53676,5000,2.126043505138821,0.44657863145258103,833,2.1216057070527974,0.4667,0.9987854869885898,0.08330489105545205,,,0.95,,0.95001498149061,0.04998501850938997,0.990401257517116,0.09985648757030152,5,0.001,0.1,0.9973567067255044,0.9979400283285406,0.9967965691192113,0.99781665243387,0.9970979172741564,0.9941017266571195,0.9974538800806495,1.0,0.9975487463100056,0.9981754425580773,0.9965006342859195,0.9974869225454339
2,8,1.8574432262189828,0.51612,5000,2.127108132397687,0.45858343337334934,833,2.1216057070527974,0.4667,0.9990947755388254,0.08339287665595299,,,0.95,,0.95001498149061,0.04998501850938997,0.990401257517116,0.09985648757030152,5,0.001,0.1,0.9977565092615057,0.9980148273956074,0.9973481745176244,0.9980076258722973,0.9979260840292085,0.9948154527016039,0.997902185544218,0.9975487463100056,1.0,0.9982818279035859,0.9967344308362385,0.9976423610681352
2,9,1.8627580837079674,0.5304,5000,2.1238146358066134,0.4729891956782713,833,2.1216057070527974,0.4667,0.9992478538174467,0.0833711145646043,,,0.95,,0.95001498149061,0.04998501850938997,0.990401257517116,0.09985648757030152,5,0.001,0.1,0.998083620340086,0.9982640228177095,0.9975310923009327,0.9975430410944363,0.9976662123123382,0.9954433949740257,0.9980801522855604,0.9981754425580773,0.9982818279035859,1.0,0.996564098467951,0.9981806920532156
2,10,1.8614481423311173,0.50956,5000,2.1200715524178966,0.4669867947178872,833,2.1216057070527974,0.4667,0.9976667319206973,0.08318959790350436,,,0.95,,0.95001498149061,0.04998501850938997,0.990401257517116,0.09985648757030152,5,0.001,0.1,0.9947857840777377,0.9977676055114908,0.99741800780912,0.9958440243351061,0.9956638794029162,0.9903670006798029,0.9971804989255284,0.9965006342859195,0.9967344308362385,0.996564098467951,1.0,0.9960480630169752
2,11,1.8687269626909,0.52336,5000,2.1076262880254677,0.48619447779111646,833,2.1216057070527974,0.4667,0.9988708245734425,0.08339724049456891,,,0.95,,0.95001498149061,0.04998501850938997,0.990401257517116,0.09985648757030152,5,0.001,0.1,0.9980276296187937,0.997707959191126,0.9967921539947552,0.9970983789618691,0.9977004995933884,0.9951249782492727,0.9974839593411838,0.9974869225454339,0.9976423610681352,0.9981806920532156,0.9960480630169752,1.0
3,0,1.6978966466940133,0.59208,5000,2.0364280939102173,0.539568345323741,834,2.0346524174601885,0.5354,0.9990317677904728,0.0833538641920841,,,0.95,,0.95001498149061,0.04998501850938997,0.9954565139174729,0.09988833696298557,5,0.001,0.1,1.0,0.9977990244992426,0.9972995187253518,0.9979436313917937,0.9975970079648082,0.9976269522476251,0.9978333493472146,0.9978112338910841,0.9977210795810991,0.9983862690078357,0.9966178892971002,0.9983957804625812
3,1,1.7032159594213887,0.57908,5000,2.027552935812208,0.5335731414868106,834,2.0346524174601885,0.5354,0.9992183787097046,0.08337961421295108,,,0.95,,0.95001498149061,0.04998501850938997,0.9954565139174729,0.09988833696298557,5,0.001,0.1,0.9977990244992426,1.0,0.9984117243573271,0.9977284632491501,0.9975953587573788,0.9966140158146366,0.9982233884770069,0.9981498926913056,0.9980599448530936,0.9985914343006335,0.9981724929522039,0.9979227990031095
3,2,1.7018211445231346,0.59992,5000,2.0294382837083607,0.5563549160671463,834,2.0346524174601885,0.5354,0.9988759803002738,0.0833369638174818,,,0.95,,0.95001498149061,0.04998501850938997,0.9954565139174729,0.09988833696298557,5,0.001,0.1,0.9972995187253518,0.9984117243573271,1.0,0.9970498594695134,0.9975556745587448,0.995937047413712,0.9987409240639584,0.9974814481498424,0.997495465281462,0.9980381098327727,0.9978810367808174,0.9972737939153395
3,3,1.6778648308128308,0.59588,5000,2.0270357882535017,0.5611510791366906,834,2.0346524174601885,0.5354,0.9987786922483851,0.08333738620494528,,,0.95,,0.95001498149061,0.04998501850938997,0.9954565139174729,0.09988833696298557,5,0.001,0.1,0.9979436313917937,0.9977284632491501,0.9970498594695134,1.0,0.9976567687967968,0.9967912760320498,0.9972003762976727,0.9979063820463363,0.9979026268069996,0.9978430380083488,0.9965031602677905,0.9974724042512675
3,4,1.6934270091876862,0.59588,5000,2.0428754312020763,0.524609843937575,833,2.0346524174601885,0.5354,0.998905629694608,0.08335074647189984,,,0.95,,0.95001498149061,0.04998501850938997,0.9954565139174729,0.09988833696298557,5,0.001,0.1,0.9975970079648082,0.9975953587573788,0.9975556745587448,0.9976567687967968,1.0,0.997707213465463,0.997888239550572,0.9974009720050331,0.9978374261372325,0.997840626312096,0.9966032787935045,0.9978378689648771
3,5,1.6958379116787272,0.59544,5000,2.034140525040803,0.5186074429771909,833,2.0346524174601885,0.5354,0.9980524665437072,0.08321486274686829,,,0.95,,0.95001498149061,0.04998501850938997,0.9954565139174729,0.09988833696298557,5,0.001,0.1,0.9976269522476251,0.9966140158146366,0.995937047413712,0.9967912760320498,0.997707213465463,1.0,0.9966541640797741,0.9965365506749735,0.9966894076647428,0.9972752503390749,0.9945095442800115,0.996956535472627
3,6,1.7041443361598216,0.59648,5000,2.0452010190045393,0.5234093637454982,833,2.0346524174601885,0.5354,0.9990970976678639,0.0833586815256301,,,0.95,,0.95001498149061,0.04998501850938997,0.9954565139174729,0.09988833696298557,5,0.001,0.1,0.9978333493472146,0.9982233884770069,0.9987409240639584,0.9972003762976727,0.997888239550572,0.9966541640797741,1.0,0.997629393872546,0.9978596838964864,0.998216591800327,0.9978562693860773,0.9977127659546943
3,7,1.6928393906089152,0.59128,5000,2.038428231521889,0.5150060024009604,833,2.0346524174601885,0.5354,0.9989593822435712,0.0833182450010669,,,0.95,,0.95001498149061,0.04998501850938997,0.9954565139174729,0.09988833696298557,5,0.001,0.1,0.9978112338910841,0.9981498926913056,0.9974814481498424,0.9979063820463363,0.9974009720050331,0.9965365506749735,0.997629393872546,1.0,0.9978126778604195,0.9984106634580585,0.9972826565687772,0.9977431341999575
3,8,1.6979088497769301,0.5878,5000,2.0421457158194647,0.5210084033613446,833,2.0346524174601885,0.5354,0.9990012575197353,0.08337354631111196,,,0.95,,0.95001498149061,0.04998501850938997,0.9954565139174729,0.09988833696298557,5,0.001,0.1,0.9977210795810991,0.9980599448530936,0.997495465281462,0.9979026268069996,0.9978374261372325,0.9966894076647428,0.9978596838964864,0.9978126778604195,1.0,0.9981906522289711,0.9973187943791956,0.9977771544497879
3,9,1.702610304704897,0.5876,5000,2.0368411276075573,0.5414165666266506,833,2.0346524174601885,0.5354,0.9993443952396757,0.0833712762353697,,,0.95,,0.95001498149061,0.04998501850938997,0.9954565139174729,0.09988833696298557,5,0.001,0.1,0.9983862690078357,0.9985914343006335,0.9980381098327727,0.9978430380083488,0.997840626312096,0.9972752503390749,0.998216591800327,0.9984106634580585,0.9981906522289711,1.0,0.9976623136295024,0.9983241915260155
3,10,1.7023710891699335,0.56144,5000,2.033297582908913,0.5270108043217286,833,2.0346524174601885,0.5354,0.9983940183224156,0.08322930557525852,,,0.95,,0.95001498149061,0.04998501850938997,0.9954565139174729,0.09988833696298557,5,0.001,0.1,0.9966178892971002,0.9981724929522039,0.9978810367808174,0.9965031602677905,0.9966032787935045,0.9945095442800115,0.9978562693860773,0.9972826565687772,0.9973187943791956,0.9976623136295024,1.0,0.9969828675735883
3,11,1.7077578184710946,0.577,5000,2.0197685338832714,0.5630252100840336,833,2.0346524174601885,0.5354,0.9989791215990849,0.08337550770533238,,,0.95,,0.95001498149061,0.04998501850938997,0.9954565139174729,0.09988833696298557,5,0.001,0.1,0.9983957804625812,0.9979227990031095,0.9972737939153395,0.9974724042512675,0.9978378689648771,0.996956535472627,0.9977127659546943,0.9977431341999575,0.9977771544497879,0.9983241915260155,0.9969828675735883,1.0
4,0,1.5534767174417046,0.634,5000,1.9376681204195376,0.5635491606714629,834,1.9349830470526943,0.5748,0.9989728993944307,0.08334904229995667,,,0.95,,0.95001498149061,0.04998501850938997,0.9971915082221893,0.09988711584079482,5,0.001,0.1,1.0,0.9978212100462811,0.9973798123108217,0.9980362770827966,0.9975918544415537,0.997340818480198,0.9979508434676865,0.997862318752375,0.9973265406393618,0.9981776143995045,0.9967228087226055,0.9979924665410592
4,1,1.5600056753796376,0.61448,5000,1.9251471448827673,0.5839328537170264,834,1.9349830470526943,0.5748,0.9992042300349331,0.08337229696558983,,,0.95,,0.95001498149061,0.04998501850938997,0.9971915082221893,0.09988711584079482,5,0.001,0.1,0.9978212100462811,1.0,0.9982785213580937,0.9980217168620811,0.997579978178698,0.9966927744473123,0.9980848779985234,0.9982943400741975,0.9978953506039031,0.998522056621874,0.9980863615942647,0.9976980525929844
4,2,1.5587411695225224,0.6228,5000,1.928217260925858,0.5899280575539568,834,1.9349830470526943,0.5748,0.9988143996706713,0.08333356437845268,,,0.95,,0.95001498149061,0.04998501850938997,0.9971915082221893,0.09988711584079482,5,0.001,0.1,0.9973798123108217,0.9982785213580937,1.0,0.997334440179835,0.9973348395000134,0.9960210222227961,0.9986038152273626,0.9977834748480224,0.997031719790553,0.9978898227954303,0.9976403411611356,0.9970050904219723
4,3,1.5327168600574421,0.641,5000,1.9265419907040067,0.5935251798561151,834,1.9349830470526943,0.5748,0.9989350709919618,0.08333771769109893,,,0.95,,0.95001498149061,0.04998501850938997,0.9971915082221893,0.09988711584079482,5,0.001,0.1,0.9980362770827966,0.9980217168620811,0.997334440179835,1.0,0.9978106328908131,0.9971691061462782,0.9975551794139356,0.9980095507192184,0.9977994834533601,0.9977450038138617,0.9968980854829764,0.9973702962045435
4,4,1.5488651697802696,0.635,5000,1.9428163722709373,0.5546218487394958,833,1.9349830470526943,0.5748,0.9989136884592187,0.08334521974617455,,,0.95,,0.95001498149061,0.04998501850938997,0.9971915082221893,0.09988711584079482,5,0.001,0.1,0.9975918544415537,0.997579978178698,0.9973348395000134,0.9978106328908131,1.0,0.9979452956577768,0.997866304899235,0.9974863891338913,0.9976938609593742,0.9977553221034904,0.9967894686490184,0.9976402156969094
4,5,1.5503162255712375,0.63176,5000,1.935228634763647,0.5666266506602641,833,1.9349830470526943,0.5748,0.9981175993925115,0.08323620845910043,,,0.95,,0.95001498149061,0.04998501850938997,0.9971915082221893,0.09988711584079482,5,0.001,0.1,0.997340818480198,0.9966927744473123,0.9960210222227961,0.9971691061462782,0.9979452956577768,1.0,0.9966525207800278,0.9967436187573661,0.996510867101302,0.9972536774429301,0.9948965860736618,0.9967286664512544
4,6,1.561049775712809,0.62588,5000,1.9486689611717507,0.5642256902761105,833,1.9349830470526943,0.5748,0.9990565971341492,0.08335469724628271,,,0.95,,0.95001498149061,0.04998501850938997,0.9971915082221893,0.09988711584079482,5,0.001,0.1,0.9979508434676865,0.9980848779985234,0.9986038152273626,0.9975551794139356,0.997866304899235,0.9966525207800278,1.0,0.9979307736489682,0.997533457123725,0.9980306949006297,0.9975505248845254,0.9974467750111174
4,7,1.546686970504226,0.62436,5000,1.9381233188841078,0.56062424969988,833,1.9349830470526943,0.5748,0.9991028173145293,0.08333139440648854,,,0.95,,0.95001498149061,0.04998501850938997,0.9971915082221893,0.09988711584079482,5,0.001,0.1,0.997862318752375,0.9982943400741975,0.9977834748480224,0.9980095507192184,0.9974863891338913,0.9967436187573661,0.9979307736489682,1.0,0.997790486253007,0.9983147307039437,0.9977993857164178,0.9977457558581918
4,8,1.5524728367283087,0.62864,5000,1.9449919285597626,0.5690276110444178,833,1.9349830470526943,0.5748,0.9988504446318135,0.08335715891138827,,,0.95,,0.95001498149061,0.04998501850938997,0.9971915082221893,0.09988711584079482,5,0.001,0.1,0.9973265406393618,0.9978953506039031,0.997031719790553,0.9977994834533601,0.9976938609593742,0.996510867101302,0.997533457123725,0.997790486253007,1.0,0.9977438186147012,0.9976367054663897,0.9977721854782771
4,9,1.5590006179870315,0.62076,5000,1.9368198403605708,0.5870348139255702,833,1.9349830470526943,0.5748,0.9991969172896087,0.08336694837052123,,,0.95,,0.95001498149061,0.04998501850938997,0.9971915082221893,0.09988711584079482,5,0.001,0.1,0.9981776143995045,0.998522056621874,0.9978898227954303,0.9977450038138617,0.9977553221034904,0.9972536774429301,0.9980306949006297,0.9983147307039437,0.9977438186147012,1.0,0.9975374981156684,0.9979174946566202
4,10,1.5582092781735073,0.59148,5000,1.9339951541688707,0.5666266506602641,833,1.9349830470526943,0.5748,0.9985180575194316,0.0832579879936587,,,0.95,,0.95001498149061,0.04998501850938997,0.9971915082221893,0.09988711584079482,5,0.001,0.1,0.9967228087226055,0.9980863615942647,0.9976403411611356,0.9968980854829764,0.9967894686490184,0.9948965860736618,0.9975505248845254,0.9977993857164178,0.9976367054663897,0.9975374981156684,1.0,0.9971949730974226
4,11,1.5648086429401569,0.61256,5000,1.9191306255481861,0.5978391356542617,833,1.9349830470526943,0.5748,0.998831913204985,0.08335776353128761,,,0.95,,0.95001498149061,0.04998501850938997,0.9971915082221893,0.09988711584079482,5,0.001,0.1,0.9979924665410592,0.9976980525929844,0.9970050904219723,0.9973702962045435,0.9976402156969094,0.9967286664512544,0.9974467750111174,0.9977457558581918,0.9977721854782771,0.9979174946566202,0.9971949730974226,1.0
5,0,1.4271647023547227,0.66096,5000,1.828546131098712,0.5899280575539568,834,1.824560785065063,0.6032,0.9988673029183806,0.08334704158425256,,,0.95,,0.95001498149061,0.04998501850938997,0.9978571430353739,0.09987325085594555,5,0.001,0.1,1.0,0.9974446466805642,0.9972489460761427,0.9975491777665452,0.9974269049573785,0.9971065208009122,0.9976300424419826,0.9976399510887459,0.9970662811459747,0.9979562138734932,0.9964700308978385,0.9977777171709269
5,1,1.436028370811681,0.64116,5000,1.8118767650039107,0.6091127098321343,834,1.824560785065063,0.6032,0.9989851276691524,0.08336510404490172,,,0.95,,0.95001498149061,0.04998501850938997,0.9978571430353739,0.09987325085594555,5,0.001,0.1,0.9974446466805642,1.0,0.9977438500966107,0.9973490893242671,0.9972614998717948,0.9964994346704682,0.9974775554858923,0.9980028335277409,0.9975111048619038,0.9982760633110402,0.9977888056381155,0.9973733811519276
5,2,1.4345045756382548,0.64804,5000,1.8165195606372975,0.6199040767386091,834,1.824560785065063,0.6032,0.9986993832530106,0.08333213108627362,,,0.95,,0.95001498149061,0.04998501850938997,0.9978571430353739,0.09987325085594555,5,0.001,0.1,0.9972489460761427,0.9977438500966107,1.0,0.9969371675966975,0.9971858025854502,0.9957544145397715,0.9983460494002272,0.9975918514395778,0.9968690129797573,0.9976071911493135,0.9972729795412938,0.9967465708943101
5,3,1.4054019896847427,0.66768,5000,1.8151492940054998,0.6258992805755396,834,1.824560785065063,0.6032,0.9986916969630009,0.08333442984044034,,,0.95,,0.95001498149061,0.04998501850938997,0.9978571430353739,0.09987325085594555,5,0.001,0.1,0.9975491777665452,0.9973490893242671,0.9969371675966975,1.0,0.9975321328847133,0.9967129107153923,0.9970395515847528,0.9975043652092582,0.9977515200508146,0.9971504455399862,0.9967152440718745,0.9969708505106613
5,4,1.4217279124411808,0.6602,5000,1.8318507229840313,0.5774309723889556,833,1.824560785065063,0.6032,0.9987977111860838,0.08334245159720977,,,0.95,,0.95001498149061,0.04998501850938997,0.9978571430353739,0.09987325085594555,5,0.001,0.1,0.9974269049573785,0.9972614998717948,0.9971858025854502,0.9975321328847133,1.0,0.9977661116729337,0.9975123498037097,0.9972880199499699,0.9973911648912933,0.9973503915625322,0.9964977362761797,0.997271589486433
5,5,1.423966871401307,0.65788,5000,1.8253611105459708,0.595438175270108,833,1.824560785065063,0.6032,0.9980295243419294,0.08325081334746197,,,0.95,,0.95001498149061,0.04998501850938997,0.9978571430353739,0.09987325085594555,5,0.001,0.1,0.9971065208009122,0.9964994346704682,0.9957544145397715,0.9967129107153923,0.9977661116729337,1.0,0.9961690024224431,0.9964975281947457,0.9965039437219962,0.9969399092062624,0.9948892307866837,0.9964409798564633
5,6,1.4348366382015738,0.64884,5000,1.841495324064184,0.5834333733493398,833,1.824560785065063,0.6032,0.9988710776046943,0.08335063103247294,,,0.95,,0.95001498149061,0.04998501850938997,0.9978571430353739,0.09987325085594555,5,0.001,0.1,0.9976300424419826,0.9974775554858923,0.9983460494002272,0.9970395515847528,0.9975123498037097,0.9961690024224431,1.0,0.9975930120492661,0.9972286565532399,0.9978196338636188,0.9973506683589429,0.9971948674089802
5,7,1.4201067019420064,0.65092,5000,1.8269184916107744,0.5990396158463386,833,1.824560785065063,0.6032,0.9989639098499896,0.08333933773161331,,,0.95,,0.95001498149061,0.04998501850938997,0.9978571430353739,0.09987325085594555,5,0.001,0.1,0.9976399510887459,0.9980028335277409,0.9975918514395778,0.9975043652092582,0.9972880199499699,0.9964975281947457,0.9975930120492661,1.0,0.9974452273762091,0.9980244766350327,0.9975178804049579,0.9973696021103174
5,8,1.426564603094842,0.65728,5000,1.8375191511931244,0.5918367346938775,833,1.824560785065063,0.6032,0.9987708074840453,0.08334890443348614,,,0.95,,0.95001498149061,0.04998501850938997,0.9978571430353739,0.09987325085594555,5,0.001,0.1,0.9970662811459747,0.9975111048619038,0.9968690129797573,0.9977515200508146,0.9973911648912933,0.9965039437219962,0.9972286565532399,0.9974452273762091,1.0,0.9975610079301284,0.9974292889291007,0.9974029489513379
5,9,1.4348094307692947,0.64424,5000,1.825962781906128,0.6218487394957983,833,1.824560785065063,0.6032,0.9990787787407891,0.08336484675065034,,,0.95,,0.95001498149061,0.04998501850938997,0.9978571430353739,0.09987325085594555,5,0.001,0.1,0.9979562138734932,0.9982760633110402,0.9976071911493135,0.9971504455399862,0.9973503915625322,0.9969399092062624,0.9978196338636188,0.9980244766350327,0.9975610079301284,1.0,0.997498022624966,0.9976673820225095
5,10,1.4332285471782562,0.62516,5000,1.8239994004920677,0.5990396158463386,833,1.824560785065063,0.6032,0.9984521708272551,0.08327780900824923,,,0.95,,0.95001498149061,0.04998501850938997,0.9978571430353739,0.09987325085594555,5,0.001,0.1,0.9964700308978385,0.9977888056381155,0.9972729795412938,0.9967152440718745,0.9964977362761797,0.9948892307866837,0.9973506683589429,0.9975178804049579,0.9974292889291007,0.997498022624966,1.0,0.9969129233449034
5,11,1.4395694551953844,0.63672,5000,1.8076494932174683,0.6254501800720288,833,1.824560785065063,0.6032,0.9986848044328923,0.08334649954298803,,,0.95,,0.95001498149061,0.04998501850938997,0.9978571430353739,0.09987325085594555,5,0.001,0.1,0.9977777171709269,0.9973733811519276,0.9967465708943101,0.9969708505106613,0.997271589486433,0.9964409798564633,0.9971948674089802,0.9973696021103174,0.9974029489513379,0.9976673820225095,0.9969129233449034,1.0
6,0,1.3170517937392945,0.67904,5000,1.7119541918789898,0.6091127098321343,834,1.706332555975015,0.6262,0.9988660284996248,0.08334735662028935,,,0.95,,0.95001498149061,0.04998501850938997,0.9981614682008234,0.09986820204754862,5,0.001,0.1,1.0,0.9974885617605903,0.9971274292750578,0.9976109008883862,0.9973059164436688,0.9968304844343111,0.9974920526984088,0.9974509210988434,0.9972755722028182,0.9976752295616717,0.996823702716958,0.997632715203938
6,1,1.328436965167902,0.65624,5000,1.690635915155764,0.6282973621103117,834,1.706332555975015,0.6262,0.9990308559954736,0.08336375247838033,,,0.95,,0.95001498149061,0.04998501850938997,0.9981614682008234,0.09986820204754862,5,0.001,0.1,0.9974885617605903,1.0,0.9979606682053265,0.9975759054691116,0.9970201957511068,0.9961769433851939,0.9974620241996551,0.9978044070782448,0.9977089651624664,0.998116842941797,0.9980636009128128,0.9973101770468089
6,2,1.3271090298701245,0.6628,5000,1.6973072025511,0.6354916067146283,834,1.706332555975015,0.6262,0.9986749996020139,0.0833320479542549,,,0.95,,0.95001498149061,0.04998501850938997,0.9981614682008234,0.09986820204754862,5,0.001,0.1,0.9971274292750578,0.9979606682053265,1.0,0.9968633039703887,0.996778813201667,0.9956251982795724,0.99803176291992,0.9974395358027772,0.9969350264663464,0.9974985623069167,0.9974014749779887,0.9967621123239452
6,3,1.2960607343418582,0.68508,5000,1.6957458390129938,0.6522781774580336,834,1.706332555975015,0.6262,0.9987107284431824,0.0833346107089595,,,0.95,,0.95001498149061,0.04998501850938997,0.9981614682008234,0.09986820204754862,5,0.001,0.1,0.9976109008883862,0.9975759054691116,0.9968633039703887,1.0,0.9973746229265236,0.9967838721269265,0.997018700232912,0.9973658111022051,0.9977736643193007,0.9970001187890486,0.9968423917114942,0.9966437377372849
6,4,1.314439571359355,0.6798,5000,1.7131665415234036,0.6002400960384153,833,1.706332555975015,0.6262,0.9986126081204099,0.08333636298508595,,,0.95,,0.95001498149061,0.04998501850938997,0.9981614682008234,0.09986820204754862,5,0.001,0.1,0.9973059164436688,0.9970201957511068,0.996778813201667,0.9973746229265236,1.0,0.9976539892488763,0.9972984118135685,0.9968721307163763,0.9971945726916788,0.9969821664393831,0.9963194614867938,0.996877421771585
6,5,1.3149160493710998,0.67648,5000,1.7074035980083324,0.6230492196878752,833,1.706332555975015,0.6262,0.9979320454615774,0.08325820439809523,,,0.95,,0.95001498149061,0.04998501850938997,0.9981614682008234,0.09986820204754862,5,0.001,0.1,0.9968304844343111,0.9961769433851939,0.9956251982795724,0.9967838721269265,0.9976539892488763,1.0,0.9959880911383358,0.9962605069242951,0.9966144999676366,0.996445763013902,0.9952459571495668,0.995899363014244
6,6,1.3276488433218305,0.664,5000,1.7264507699895788,0.6074429771908764,833,1.706332555975015,0.6262,0.9988228698556118,0.08334816479956404,,,0.95,,0.95001498149061,0.04998501850938997,0.9981614682008234,0.09986820204754862,5,0.001,0.1,0.9974920526984088,0.9974620241996551,0.99803176291992,0.997018700232912,0.9972984118135685,0.9959880911383358,1.0,0.9975417515171727,0.997443537084796,0.9975324804804658,0.9973175046700318,0.9970694675129147
6,7,1.3093901710905087,0.6714,5000,1.707643813557095,0.6194477791116446,833,1.706332555975015,0.6262,0.9988490373008176,0.08334208413135437,,,0.95,,0.95001498149061,0.04998501850938997,0.9981614682008234,0.09986820204754862,5,0.001,0.1,0.9974509210988434,0.9978044070782448,0.9974395358027772,0.9973658111022051,0.9968721307163763,0.9962605069242951,0.9975417515171727,1.0,0.9975103534031786,0.9976108001955161,0.9976664176613327,0.99698746317061
6,8,1.3183709524239704,0.67384,5000,1.7224869904694733,0.6218487394957983,833,1.706332555975015,0.6262,0.9988017892768012,0.08334642566222843,,,0.95,,0.95001498149061,0.04998501850938997,0.9981614682008234,0.09986820204754862,5,0.001,0.1,0.9972755722028182,0.9977089651624664,0.9969350264663464,0.9977736643193007,0.9971945726916788,0.9966144999676366,0.997443537084796,0.9975103534031786,1.0,0.9974990536252664,0.9971896879129171,0.9967987883559015
6,9,1.325485166470716,0.66468,5000,1.7071235356507477,0.6518607442977191,833,1.706332555975015,0.6262,0.9989360732537764,0.08336053564533122,,,0.95,,0.95001498149061,0.04998501850938997,0.9981614682008234,0.09986820204754862,5,0.001,0.1,0.9976752295616717,0.998116842941797,0.9974985623069167,0.9970001187890486,0.9969821664393831,0.996445763013902,0.9975324804804658,0.9976108001955161,0.9974990536252664,1.0,0.9977745277568859,0.9974169168946969
6,10,1.325327394950162,0.64632,5000,1.7062623942339863,0.6218487394957983,833,1.706332555975015,0.6262,0.9985853213444341,0.08329584259856194,,,0.95,,0.95001498149061,0.04998501850938997,0.9981614682008234,0.09986820204754862,5,0.001,0.1,0.996823702716958,0.9980636009128128,0.9974014749779887,0.9968423917114942,0.9963194614867938,0.9952459571495668,0.9973175046700318,0.9976664176613327,0.9971896879129171,0.9977745277568859,1.0,0.9967057984277695
6,11,1.3313459238428977,0.65752,5000,1.6883125658388491,0.6434573829531812,833,1.706332555975015,0.6262,0.9984814446512227,0.0833346120178947,,,0.95,,0.95001498149061,0.04998501850938997,0.9981614682008234,0.09986820204754862,5,0.001,0.1,0.997632715203938,0.9973101770468089,0.9967621123239452,0.9966437377372849,0.996877421771585,0.995899363014244,0.9970694675129147,0.99698746317061,0.9967987883559015,0.9974169168946969,0.9967057984277695,1.0
7,0,1.2214699452090416,0.69152,5000,1.5912222111666645,0.6354916067146283,834,1.5838378336482917,0.6481,0.9986257584694981,0.08334688232909451,,,0.95,,0.95001498149061,0.04998501850938997,0.9983450958550487,0.09984636305123867,5,0.001,0.1,1.0,0.9970123235741026,0.9965833886134927,0.9968618751182678,0.9968172619607351,0.9964641781682589,0.9970919811133875,0.9969814055792701,0.9967633345822478,0.9972733062498739,0.9962710148251112,0.9970830999354198
7,1,1.2355436506544708,0.67132,5000,1.5651335363034848,0.6486810551558753,834,1.5838378336482917,0.6481,0.9988084575691647,0.08336283435546091,,,0.95,,0.95001498149061,0.04998501850938997,0.9983450958550487,0.09984636305123867,5,0.001,0.1,0.9970123235741026,1.0,0.9974664489264705,0.997120795800238,0.9965592433857181,0.9956023916363964,0.9970519808409057,0.9973125962164943,0.9973479593724446,0.9976982125428588,0.9975623376266513,0.9966569032825793
7,2,1.2330262635923495,0.67568,5000,1.5740785996119182,0.6690647482014388,834,1.5838378336482917,0.6481,0.9984197124033795,0.08333084346694908,,,0.95,,0.95001498149061,0.04998501850938997,0.9983450958550487,0.09984636305123867,5,0.001,0.1,0.9965833886134927,0.9974664489264705,1.0,0.9963900666931004,0.9963566351546747,0.9949404092501021,0.9975548792933567,0.9969717300575194,0.996642922687848,0.9969808693895367,0.9965732848208044,0.9962730511903438
