round,client_id,client_i_training_loss,client_i_training_accuracy,client_i_training_dataset_size,client_i_evaluation_loss,client_i_evaluation_accuracy,client_i_evaluation_dataset_size,client_i_central_evaluation_loss,client_i_central_evaluation_accuracy,client_i_cosine_similarity,client_i_importance_coefficient,client_i_tanh_val,tanh_normalization_value,client_i_q,client_i_mask_order,client_i_v_nonzero_fraction,client_i_v_sparsity,client_i_v_cosine_similarity,client_i_reward_gradient_norm,local_epochs,learning_rate,gamma,client_0_cosine_similarity,client_1_cosine_similarity,client_2_cosine_similarity,client_3_cosine_similarity,client_4_cosine_similarity,client_5_cosine_similarity,client_6_cosine_similarity,client_7_cosine_similarity,client_8_cosine_similarity,client_9_cosine_similarity,client_10_cosine_similarity,client_11_cosine_similarity
0,0,2.0810841203495194,0.37624,5000,2.2393387953440347,0.2997601918465228,834,2.2418211070112526,0.2738,0.9966366105731528,0.08332365145515977,,,0.99,,0.9900107286803723,0.00998927131962768,0,0.09967524244222667,5,0.001,0.1,1.0,0.994026839952508,0.9908306798798918,0.9931363746004671,0.9940529209559302,0.9940942389426269,0.9932485454584199,0.9888909202780317,0.9935365183125375,0.9906355786037175,0.9930070100116348,0.9953397634384125
0,1,2.0752694047940006,0.39792,5000,2.246414387667621,0.27218225419664266,834,2.2418211070112526,0.2738,0.9974627664513572,0.08339272209104936,,,0.99,,0.9900107286803723,0.00998927131962768,0,0.09967524244222667,5,0.001,0.1,0.994026839952508,1.0,0.9901273664867916,0.9929096252808358,0.9943349824287803,0.9952406529468452,0.9940880784255586,0.9928206341460589,0.9961011040290945,0.9937621963366381,0.9919347450257371,0.9953348407757084
0,2,2.0868567753749288,0.43544,5000,2.239758853559141,0.27697841726618705,834,2.2418211070112526,0.2738,0.9958294921048477,0.08325617243901426,,,0.99,,0.9900107286803723,0.00998927131962768,0,0.09967524244222667,5,0.001,0.1,0.9908306798798918,0.9901273664867916,1.0,0.9913773114584669,0.9919521566140566,0.9914716192927862,0.992783011009966,0.9933052590878307,0.9919322937541603,0.9950261740808769,0.9930102474867972,0.9893293052302222
0,3,2.0788413149536034,0.38208,5000,2.242980365399961,0.2793764988009592,834,2.2418211070112526,0.2738,0.996338367298026,0.08329871687174004,,,0.99,,0.9900107286803723,0.00998927131962768,0,0.09967524244222667,5,0.001,0.1,0.9931363746004671,0.9929096252808358,0.9913773114584669,1.0,0.9922241431384909,0.9932326030036004,0.9914553460280177,0.9922479876956095,0.993339831923238,0.9930925861519077,0.9923597914996964,0.9918564936138383
0,4,2.084073253194238,0.43444,5000,2.234625330677739,0.2809123649459784,833,2.2418211070112526,0.2738,0.9971942549063867,0.08337027322438377,,,0.99,,0.9900107286803723,0.00998927131962768,0,0.09967524244222667,5,0.001,0.1,0.9940529209559302,0.9943349824287803,0.9919521566140566,0.9922241431384909,1.0,0.9948221397664749,0.9958876625922752,0.9916988477074866,0.9961921131191744,0.9924031871093244,0.9899158444564343,0.9939853941194638
0,5,2.0810522310293402,0.41748,5000,2.246007521947225,0.29411764705882354,833,2.2418211070112526,0.2738,0.9974727127581965,0.08339355365051201,,,0.99,,0.9900107286803723,0.00998927131962768,0,0.09967524244222667,5,0.001,0.1,0.9940942389426269,0.9952406529468452,0.9914716192927862,0.9932326030036004,0.9948221397664749,1.0,0.9945393599968736,0.9928741880906312,0.9959751650469749,0.9937646150756905,0.989951668218838,0.9948337833517629
0,6,2.0853813930681557,0.43424,5000,2.250608373571325,0.26770708283313327,833,2.2418211070112526,0.2738,0.9971025368488056,0.08336260515020211,,,0.99,,0.9900107286803723,0.00998927131962768,0,0.09967524244222667,5,0.001,0.1,0.9932485454584199,0.9940880784255586,0.992783011009966,0.9914553460280177,0.9958876625922752,0.9945393599968736,1.0,0.9927224481763779,0.9949638457624105,0.9936412012455852,0.990321097455424,0.9927217522916068
0,7,2.0809241180966613,0.44536,5000,2.245896542513812,0.24369747899159663,833,2.2418211070112526,0.2738,0.996054298169518,0.08327496731568132,,,0.99,,0.9900107286803723,0.00998927131962768,0,0.09967524244222667,5,0.001,0.1,0.9888909202780317,0.9928206341460589,0.9933052590878307,0.9922479876956095,0.9916988477074866,0.9928741880906312,0.9927224481763779,1.0,0.9936833818825204,0.9951893457357838,0.98922055515847,0.9911807682589989
0,8,2.078597391942504,0.41784,5000,2.241440048924199,0.2665066026410564,833,2.2418211070112526,0.2738,0.9978473394550565,0.08342487425822781,,,0.99,,0.9900107286803723,0.00998927131962768,0,0.09967524244222667,5,0.001,0.1,0.9935365183125375,0.9961011040290945,0.9919322937541603,0.993339831923238,0.9961921131191744,0.9959751650469749,0.9949638457624105,0.9936833818825204,1.0,0.9936126158367726,0.9907248704669483,0.9952192145428815
0,9,2.084212325940466,0.4334,5000,2.248821223223651,0.25690276110444177,833,2.2418211070112526,0.2738,0.9970420671318648,0.08335754958876225,,,0.99,,0.9900107286803723,0.00998927131962768,0,0.09967524244222667,5,0.001,0.1,0.9906355786037175,0.9937621963366381,0.9950261740808769,0.9930925861519077,0.9924031871093244,0.9937646150756905,0.9936412012455852,0.9951893457357838,0.9936126158367726,1.0,0.9929644712061798,0.9915570974953449
0,10,2.090881754030847,0.39224,5000,2.2441042529212103,0.28691476590636256,833,2.2418211070112526,0.2738,0.995273997367195,0.08320973038640019,,,0.99,,0.9900107286803723,0.00998927131962768,0,0.09967524244222667,5,0.001,0.1,0.9930070100116348,0.9919347450257371,0.9930102474867972,0.9923597914996964,0.9899158444564343,0.989951668218838,0.990321097455424,0.98922055515847,0.9907248704669483,0.9929644712061798,1.0,0.9910908332814253
0,11,2.0857887380442044,0.39468,5000,2.240706373144079,0.2605042016806723,833,2.2418211070112526,0.2738,0.9967745465195189,0.08333518356886724,,,0.99,,0.9900107286803723,0.00998927131962768,0,0.09967524244222667,5,0.001,0.1,0.9953397634384125,0.9953348407757084,0.9893293052302222,0.9918564936138383,0.9939853941194638,0.9948337833517629,0.9927217522916068,0.9911807682589989,0.9952192145428815,0.9915570974953449,0.9910908332814253,1.0
1,0,1.8725308535205332,0.47832,5000,2.1662491162618003,0.49160671462829736,834,2.1707094576412116,0.4561,0.9983936056788433,0.08332383516569244,,,0.99,,0.9900107286803723,0.00998927131962768,0.9801449356778646,0.09985039875199073,5,0.001,0.1,1.0,0.9961524212052687,0.9966925906849942,0.9972234444953548,0.996854218723618,0.9972921898073823,0.9963684818075046,0.9958288690235808,0.9960455109822589,0.9961219100637891,0.9967936721574486,0.9974276928718712
1,1,1.8635537653212335,0.506,5000,2.176169845792982,0.47002398081534774,834,2.1707094576412116,0.4561,0.9985422105318341,0.08337098979467793,,,0.99,,0.9900107286803723,0.00998927131962768,0.9801449356778646,0.09985039875199073,5,0.001,0.1,0.9961524212052687,1.0,0.9961786428688052,0.9968152885616905,0.9962644520181564,0.9968861505561383,0.9959581338676317,0.9971641693365839,0.9973009075465191,0.997868421758828,0.9970554666805378,0.9969338494740534
1,2,1.879766933933185,0.52724,5000,2.1660215236522533,0.44244604316546765,834,2.1707094576412116,0.4561,0.9984830824766694,0.08328534111440637,,,0.99,,0.9900107286803723,0.00998927131962768,0.9801449356778646,0.09985039875199073,5,0.001,0.1,0.9966925906849942,0.9961786428688052,1.0,0.9964783604147838,0.9970280846817546,0.9971192616439755,0.9972449595598828,0.9968025665183908,0.996743234123888,0.9970183676585791,0.9960430172138955,0.9965246831603504
1,3,1.8731246240579398,0.48548,5000,2.172905604044596,0.46402877697841727,834,2.1707094576412116,0.4561,0.9984898916868249,0.08331165162352316,,,0.99,,0.9900107286803723,0.00998927131962768,0.9801449356778646,0.09985039875199073,5,0.001,0.1,0.9972234444953548,0.9968152885616905,0.9964783604147838,1.0,0.9971083318615634,0.9971796870571262,0.9959235168156286,0.9964112913094391,0.9969790973769714,0.9966039613446233,0.996502503952749,0.9967283328448946
1,4,1.8774582706439267,0.52244,5000,2.1601217057969837,0.4765906362545018,833,2.1707094576412116,0.4561,0.9985174496572333,0.08335642363834236,,,0.99,,0.9900107286803723,0.00998927131962768,0.9801449356778646,0.09985039875199073,5,0.001,0.1,0.996854218723618,0.9962644520181564,0.9970280846817546,0.9971083318615634,1.0,0.9968413453091173,0.9969227648463288,0.9963693829430917,0.9970020431886364,0.997424244439181,0.996053979430189,0.9964124872386521
1,5,1.871186684043544,0.5178,5000,2.1748799041465476,0.468187274909964,833,2.1707094576412116,0.4561,0.9987208892759352,0.08337726692586422,,,0.99,,0.9900107286803723,0.00998927131962768,0.9801449356778646,0.09985039875199073,5,0.001,0.1,0.9972921898073823,0.9968861505561383,0.9971192616439755,0.9971796870571262,0.9968413453091173,1.0,0.9964705328094183,0.9969266572699464,0.9968506800156659,0.9973976766030167,0.9967058593504773,0.9970494330807113
1,6,1.8784598897217186,0.5316,5000,2.180486069785224,0.44657863145258103,833,2.1707094576412116,0.4561,0.9981927259403102,0.0833412400991372,,,0.99,,0.9900107286803723,0.00998927131962768,0.9801449356778646,0.09985039875199073,5,0.001,0.1,0.9963684818075046,0.9959581338676317,0.9972449595598828,0.9959235168156286,0.9969227648463288,0.9964705328094183,1.0,0.996544472487238,0.9962298397541314,0.9968039691901921,0.9959573354537152,0.9959679122326863
1,7,1.8719746550177312,0.53268,5000,2.1775584485795765,0.42016806722689076,833,2.1707094576412116,0.4561,0.9983937728915319,0.08329398460626197,,,0.99,,0.9900107286803723,0.00998927131962768,0.9801449356778646,0.09985039875199073,5,0.001,0.1,0.9958288690235808,0.9971641693365839,0.9968025665183908,0.9964112913094391,0.9963693829430917,0.9969266572699464,0.996544472487238,1.0,0.9972504556243245,0.9977796130011812,0.9952562559883918,0.9964671044152021
1,8,1.8712125196578397,0.51812,5000,2.1733457159113,0.4369747899159664,833,2.1707094576412116,0.4561,0.9986295153874399,0.08339352529823496,,,0.99,,0.9900107286803723,0.00998927131962768,0.9801449356778646,0.09985039875199073,5,0.001,0.1,0.9960455109822589,0.9973009075465191,0.996743234123888,0.9969790973769714,0.9970020431886364,0.9968506800156659,0.9962298397541314,0.9972504556243245,1.0,0.9976483554689889,0.9966459587668517,0.9969265696545866
1,9,1.8741879818545786,0.52332,5000,2.1768564736401594,0.45738295318127253,833,2.1707094576412116,0.4561,0.9988767723407295,0.08336021853305717,,,0.99,,0.9900107286803723,0.00998927131962768,0.9801449356778646,0.09985039875199073,5,0.001,0.1,0.9961219100637891,0.997868421758828,0.9970183676585791,0.9966039613446233,0.997424244439181,0.9973976766030167,0.9968039691901921,0.9977796130011812,0.9976483554689889,1.0,0.9968404157017329,0.9970798367981482
1,10,1.8863721158094466,0.48836,5000,2.1735222516236483,0.46218487394957986,833,2.1707094576412116,0.4561,0.9982505641741293,0.08324935519973732,,,0.99,,0.9900107286803723,0.00998927131962768,0.9801449356778646,0.09985039875199073,5,0.001,0.1,0.9967936721574486,0.9970554666805378,0.9960430172138955,0.996502503952749,0.996053979430189,0.9967058593504773,0.9959573354537152,0.9952562559883918,0.9966459587668517,0.9968404157017329,1.0,0.9972351033541099
1,11,1.880776764177213,0.49944,5000,2.170551556128043,0.4369747899159664,833,2.1707094576412116,0.4561,0.998556592004434,0.08333616800106462,,,0.99,,0.9900107286803723,0.00998927131962768,0.9801449356778646,0.09985039875199073,5,0.001,0.1,0.9974276928718712,0.9969338494740534,0.9965246831603504,0.9967283328448946,0.9964124872386521,0.9970494330807113,0.9959679122326863,0.9964671044152021,0.9969265696545866,0.9970798367981482,0.9972351033541099,1.0
2,0,1.6777894903140462,0.54808,5000,2.0765336442876747,0.5431654676258992,834,2.0827228398368764,0.5219,0.9986450586628247,0.08332445477450749,,,0.99,,0.9900107286803723,0.00998927131962768,0.9933004100009236,0.09987397200398317,5,0.001,0.1,1.0,0.9969464059279707,0.9969977345613574,0.9976013728633725,0.997329821955857,0.9974662846350979,0.9970282471413451,0.9967817502942189,0.9971399955533313,0.9967712048602237,0.997160399781083,0.9974151017832374
2,1,1.6614482777133868,0.57544,5000,2.0886717725683144,0.5431654676258992,834,2.0827228398368764,0.5219,0.9987752638847063,0.08335757232390595,,,0.99,,0.9900107286803723,0.00998927131962768,0.9933004100009236,0.09987397200398317,5,0.001,0.1,0.9969464059279707,1.0,0.9970235221812959,0.9971628105554252,0.9971538132353729,0.9974035516141138,0.9968848215631738,0.9974478309384089,0.9977356961473837,0.9977074034409472,0.9972419986185008,0.9974888885234594
2,2,1.6803032772556232,0.58928,5000,2.075062795921608,0.5107913669064749,834,2.0827228398368764,0.5219,0.9988004971603692,0.08330586672301175,,,0.99,,0.9900107286803723,0.00998927131962768,0.9933004100009236,0.09987397200398317,5,0.001,0.1,0.9969977345613574,0.9970235221812959,1.0,0.9970092904748373,0.9979696492921049,0.9973745900289311,0.9973825463335882,0.9972946039233821,0.9974645133294364,0.99773852785781,0.9969440152052849,0.9973027544343925
2,3,1.677741694070731,0.55604,5000,2.0855318440331354,0.5275779376498801,834,2.0827228398368764,0.5219,0.9984985458441289,0.08331225527060004,,,0.99,,0.9900107286803723,0.00998927131962768,0.9933004100009236,0.09987397200398317,5,0.001,0.1,0.9976013728633725,0.9971628105554252,0.9970092904748373,1.0,0.9970728027653193,0.9972139556484606,0.9967236222545124,0.9968958477399164,0.997326453402751,0.9963190224552473,0.9968331365282004,0.9967243180776341
2,4,1.6775754504902347,0.5824,5000,2.0685493416256375,0.5498199279711885,833,2.0827228398368764,0.5219,0.9989316712447057,0.08335368818349248,,,0.99,,0.9900107286803723,0.00998927131962768,0.9933004100009236,0.09987397200398317,5,0.001,0.1,0.997329821955857,0.9971538132353729,0.9979696492921049,0.9970728027653193,1.0,0.9973216926689848,0.9978269529831577,0.9974195281344197,0.9979060716332918,0.9979947057488731,0.9970643969594436,0.997012455148958
2,5,1.6706567832618762,0.57624,5000,2.0868270662095814,0.5270108043217286,833,2.0827228398368764,0.5219,0.9987582303894348,0.08336087173992313,,,0.99,,0.9900107286803723,0.00998927131962768,0.9933004100009236,0.09987397200398317,5,0.001,0.1,0.9974662846350979,0.9974035516141138,0.9973745900289311,0.9972139556484606,0.9973216926689848,1.0,0.9970659945442791,0.9972421514177576,0.997483591388129,0.9975740318823035,0.996775873953343,0.9970705689483926
2,6,1.6814093832757062,0.58932,5000,2.0935584527474864,0.49939975990396157,833,2.0827228398368764,0.5219,0.9986108170456179,0.08333402241373397,,,0.99,,0.9900107286803723,0.00998927131962768,0.9933004100009236,0.09987397200398317,5,0.001,0.1,0.9970282471413451,0.9968848215631738,0.9973825463335882,0.9967236222545124,0.9978269529831577,0.9970659945442791,1.0,0.9972130985437901,0.9969585991284193,0.997427773299857,0.9966985207642375,0.9970169058329563
2,7,1.6709920422286744,0.59468,5000,2.0926676944450096,0.4921968787515006,833,2.0827228398368764,0.5219,0.9986681736014122,0.08330689634746323,,,0.99,,0.9900107286803723,0.00998927131962768,0.9933004100009236,0.09987397200398317,5,0.001,0.1,0.9967817502942189,0.9974478309384089,0.9972946039233821,0.9968958477399164,0.9974195281344197,0.9972421514177576,0.9972130985437901,1.0,0.9972352188029365,0.9979455897565721,0.9961013566263344,0.9973378497838977
2,8,1.6721583437767757,0.57636,5000,2.0890200667911105,0.4969987995198079,833,2.0827228398368764,0.5219,0.9989546303392564,0.08337717998719234,,,0.99,,0.9900107286803723,0.00998927131962768,0.9933004100009236,0.09987397200398317,5,0.001,0.1,0.9971399955533313,0.9977356961473837,0.9974645133294364,0.997326453402751,0.9979060716332918,0.997483591388129,0.9969585991284193,0.9972352188029365,1.0,0.9978242923651859,0.9974697937656932,0.9978017320061373
2,9,1.6726152489139776,0.58152,5000,2.0879596251028554,0.5162064825930373,833,2.0827228398368764,0.5219,0.9989350100292408,0.08335612297727064,,,0.99,,0.9900107286803723,0.00998927131962768,0.9933004100009236,0.09987397200398317,5,0.001,0.1,0.9967712048602237,0.9977074034409472,0.99773852785781,0.9963190224552473,0.9979947057488731,0.9975740318823035,0.997427773299857,0.9979455897565721,0.9978242923651859,1.0,0.997165023486546,0.9976438882426801
2,10,1.692283268643033,0.55296,5000,2.0857407870116056,0.5294117647058824,833,2.0827228398368764,0.5219,0.998508942062129,0.08327439048065306,,,0.99,,0.9900107286803723,0.00998927131962768,0.9933004100009236,0.09987397200398317,5,0.001,0.1,0.997160399781083,0.9972419986185008,0.9969440152052849,0.9968331365282004,0.9970643969594436,0.996775873953343,0.9966985207642375,0.9961013566263344,0.9974697937656932,0.997165023486546,1.0,0.9975544140813977
2,11,1.683776505965336,0.56348,5000,2.0836492997628673,0.5270108043217286,833,2.0827228398368764,0.5219,0.9987894940349048,0.08333667877824612,,,0.99,,0.9900107286803723,0.00998927131962768,0.9933004100009236,0.09987397200398317,5,0.001,0.1,0.9974151017832374,0.9974888885234594,0.9973027544343925,0.9967243180776341,0.997012455148958,0.9970705689483926,0.9970169058329563,0.9973378497838977,0.9978017320061373,0.9976438882426801,0.9975544140813977,1.0
3,0,1.5122194885448286,0.5994,5000,1.9704038522861622,0.552757793764988,834,1.9780505495711256,0.5458,0.9987250231281308,0.0833285416636496,,,0.99,,0.9900107286803723,0.00998927131962768,0.9959645546096514,0.09987048136146139,5,0.001,0.1,1.0,0.9970762820131323,0.9969977662401912,0.997519781009809,0.9972703451076617,0.9972960734484917,0.9971919432988487,0.9969980555316994,0.997166865089,0.9968727065727812,0.9974191921537853,0.9973693548300022
3,1,1.4936569789412675,0.62172,5000,1.9843981354324907,0.5587529976019184,834,1.9780505495711256,0.5458,0.9987637207268355,0.08335009863413034,,,0.99,,0.9900107286803723,0.00998927131962768,0.9959645546096514,0.09987048136146139,5,0.001,0.1,0.9970762820131323,1.0,0.9969128533615944,0.9971692539629662,0.997199719551839,0.9970800509948097,0.9968011607033682,0.9975142916623269,0.9977002524457711,0.997582039951575,0.99725423348041,0.997350383779612
3,2,1.5134547499334736,0.6248,5000,1.9670624335606892,0.5371702637889688,834,1.9780505495711256,0.5458,0.998709664165269,0.08331664757318809,,,0.99,,0.9900107286803723,0.00998927131962768,0.9959645546096514,0.09987048136146139,5,0.001,0.1,0.9969977662401912,0.9969128533615944,1.0,0.9972157635763877,0.9977899945916486,0.9971390579022732,0.9970777632732787,0.996954018327742,0.9972244800150221,0.9975167527943878,0.9969840633277327,0.997181828591015
3,3,1.5132420839018124,0.59804,5000,1.9816071413181446,0.552757793764988,834,1.9780505495711256,0.5458,0.9986058779844936,0.08331721547802748,,,0.99,,0.9900107286803723,0.00998927131962768,0.9959645546096514,0.09987048136146139,5,0.001,0.1,0.997519781009809,0.9971692539629662,0.9972157635763877,1.0,0.9973462780415364,0.9970496856015107,0.9969449600872524,0.9970409012533535,0.9972277995779425,0.9964377881079455,0.9970998122119515,0.9966988260747225
3,4,1.5113982676700422,0.62552,5000,1.9600153984846893,0.5678271308523409,833,1.9780505495711256,0.5458,0.9988431050229042,0.08335027890606829,,,0.99,,0.9900107286803723,0.00998927131962768,0.9959645546096514,0.09987048136146139,5,0.001,0.1,0.9972703451076617,0.997199719551839,0.9977899945916486,0.9973462780415364,1.0,0.9970715724754484,0.9973161659566955,0.9974217967833346,0.9976538710176401,0.9976134225462917,0.9969632001325598,0.9969458138424467
3,5,1.5025990783788596,0.61384,5000,1.9818881043681391,0.5642256902761105,833,1.9780505495711256,0.5458,0.9985566217937027,0.08334543790936332,,,0.99,,0.9900107286803723,0.00998927131962768,0.9959645546096514,0.09987048136146139,5,0.001,0.1,0.9972960734484917,0.9970800509948097,0.9971390579022732,0.9970496856015107,0.9970715724754484,1.0,0.996670805933156,0.9971204838469029,0.9970840851421773,0.9972115268423045,0.9965581492175536,0.9968768732433637
3,6,1.5138162384367293,0.62352,5000,1.9897904572663483,0.5270108043217286,833,1.9780505495711256,0.5458,0.9985236172667619,0.08332790841983634,,,0.99,,0.9900107286803723,0.00998927131962768,0.9959645546096514,0.09987048136146139,5,0.001,0.1,0.9971919432988487,0.9968011607033682,0.9970777632732787,0.9969449600872524,0.9973161659566955,0.996670805933156,1.0,0.9972002328515469,0.9966285501013816,0.9971067830121002,0.9970270039366003,0.9967991189189752
3,7,1.501638062972172,0.6296,5000,1.9915833208296034,0.5078031212484994,833,1.9780505495711256,0.5458,0.9986956077353165,0.0833168252892127,,,0.99,,0.9900107286803723,0.00998927131962768,0.9959645546096514,0.09987048136146139,5,0.001,0.1,0.9969980555316994,0.9975142916623269,0.996954018327742,0.9970409012533535,0.9974217967833346,0.9971204838469029,0.9972002328515469,1.0,0.9970258063601646,0.9978386252226218,0.9963827977167238,0.99732829773086
3,8,1.5048778549121444,0.61536,5000,1.9884898397657607,0.5306122448979592,833,1.9780505495711256,0.5458,0.9988489476820369,0.08336487289818052,,,0.99,,0.9900107286803723,0.00998927131962768,0.9959645546096514,0.09987048136146139,5,0.001,0.1,0.997166865089,0.9977002524457711,0.9972244800150221,0.9972277995779425,0.9976538710176401,0.9970840851421773,0.9966285501013816,0.9970258063601646,1.0,0.9977688768790052,0.9975336149971961,0.9976471736686608
3,9,1.5026892509430076,0.62292,5000,1.9820328641820837,0.5426170468187275,833,1.9780505495711256,0.5458,0.9988494768211887,0.08335197759257731,,,0.99,,0.9900107286803723,0.00998927131962768,0.9959645546096514,0.09987048136146139,5,0.001,0.1,0.9968727065727812,0.997582039951575,0.9975167527943878,0.9964377881079455,0.9976134225462917,0.9972115268423045,0.9971067830121002,0.9978386252226218,0.9977688768790052,1.0,0.997161124648462,0.9975584955477287
3,10,1.526180719266272,0.59852,5000,1.980677154329088,0.5474189675870348,833,1.9780505495711256,0.5458,0.9986105923077838,0.08329414853602904,,,0.99,,0.9900107286803723,0.00998927131962768,0.9959645546096514,0.09987048136146139,5,0.001,0.1,0.9974191921537853,0.99725423348041,0.9969840633277327,0.9970998122119515,0.9969632001325598,0.9965581492175536,0.9970270039366003,0.9963827977167238,0.9975336149971961,0.997161124648462,1.0,0.997425021007326
3,11,1.515441249814003,0.60716,5000,1.9801327210885507,0.56062424969988,833,1.9780505495711256,0.5458,0.99872531892312,0.08333604709973708,,,0.99,,0.9900107286803723,0.00998927131962768,0.9959645546096514,0.09987048136146139,5,0.001,0.1,0.9973693548300022,0.997350383779612,0.997181828591015,0.9966988260747225,0.9969458138424467,0.9968768732433637,0.9967991189189752,0.99732829773086,0.9976471736686608,0.9975584955477287,0.997425021007326,1.0
4,0,1.3763371121351886,0.63664,5000,1.8491027840861567,0.565947242206235,834,1.857938031799877,0.5641,0.9985229725454042,0.08332978869346004,,,0.99,,0.9900107286803723,0.00998927131962768,0.9976255881726853,0.09985417525112877,5,0.001,0.1,1.0,0.9967242700247917,0.9968618055271915,0.9970028806341458,0.9968780785358566,0.9968748023689104,0.9968580614612208,0.9965861278436152,0.9965942411980171,0.9965224473855473,0.9968827054410703,0.9970176051470955
4,1,1.35569758734126,0.64812,5000,1.8644401762220595,0.5779376498800959,834,1.857938031799877,0.5641,0.9985156158723256,0.08334277104648719,,,0.99,,0.9900107286803723,0.00998927131962768,0.9976255881726853,0.09985417525112877,5,0.001,0.1,0.9967242700247917,1.0,0.9966563480921167,0.9966732178084601,0.9968283901917625,0.9963400361765523,0.9965614717493002,0.9969664141084423,0.9972492819583635,0.9973086778671533,0.9966250746362698,0.9967803460542963
4,2,1.3755995176400349,0.64904,5000,1.8435367169203583,0.5515587529976019,834,1.857938031799877,0.5641,0.9986576541571146,0.08332684167162453,,,0.99,,0.9900107286803723,0.00998927131962768,0.9976255881726853,0.09985417525112877,5,0.001,0.1,0.9968618055271915,0.9966563480921167,1.0,0.9970970851685799,0.9973202499221715,0.9970004801030989,0.9969104670547787,0.9966758598644341,0.9968355273698435,0.997291623728853,0.9967959345762056,0.9969715571888657
4,3,1.377630992224262,0.63216,5000,1.862474415037367,0.5683453237410072,834,1.857938031799877,0.5641,0.998384251013748,0.08331836550144218,,,0.99,,0.9900107286803723,0.00998927131962768,0.9976255881726853,0.09985417525112877,5,0.001,0.1,0.9970028806341458,0.9966732178084601,0.9970970851685799,1.0,0.996816730450009,0.9965999517971222,0.996600342149329,0.9964388242980797,0.9967354943821826,0.9962178823621356,0.9965565614227118,0.9964021773405988
4,4,1.3717525301465563,0.65316,5000,1.8356855224680018,0.5882352941176471,833,1.857938031799877,0.5641,0.998688300502542,0.08334845521629833,,,0.99,,0.9900107286803723,0.00998927131962768,0.9976255881726853,0.09985417525112877,5,0.001,0.1,0.9968780785358566,0.9968283901917625,0.9973202499221715,0.996816730450009,1.0,0.9964744520078036,0.997208386885181,0.9969961319183569,0.9973483590395795,0.9975496327096202,0.9968090262524368,0.9965534780286001
4,5,1.3644891974273001,0.64644,5000,1.8612645467122395,0.5798319327731093,833,1.857938031799877,0.5641,0.9982869496199285,0.08333253236295911,,,0.99,,0.9900107286803723,0.00998927131962768,0.9976255881726853,0.09985417525112877,5,0.001,0.1,0.9968748023689104,0.9963400361765523,0.9970004801030989,0.9965999517971222,0.9964744520078036,1.0,0.9962693906585296,0.9967019165876093,0.9964891946451973,0.996873765030648,0.9960163378273134,0.9963335901308241
4,6,1.3781564982074082,0.6498,5000,1.8707627764454595,0.5522208883553421,833,1.857938031799877,0.5641,0.9984531571083834,0.08332714697420732,,,0.99,,0.9900107286803723,0.00998927131962768,0.9976255881726853,0.09985417525112877,5,0.001,0.1,0.9968580614612208,0.9965614717493002,0.9969104670547787,0.996600342149329,0.997208386885181,0.9962693906585296,1.0,0.9969952392752429,0.9962443671195843,0.9968558054617698,0.9967973961770787,0.9966656536315567
4,7,1.3611193206659549,0.65404,5000,1.8753978632114552,0.517406962785114,833,1.857938031799877,0.5641,0.9985146993876426,0.08332233660714115,,,0.99,,0.9900107286803723,0.00998927131962768,0.9976255881726853,0.09985417525112877,5,0.001,0.1,0.9965861278436152,0.9969664141084423,0.9966758598644341,0.9964388242980797,0.9969961319183569,0.9967019165876093,0.9969952392752429,1.0,0.9964574537318064,0.997627422672728,0.9961596115239526,0.9970986478013127
4,8,1.3673019419809815,0.6444,5000,1.872872167163425,0.553421368547419,833,1.857938031799877,0.5641,0.9986042026595421,0.08335469060726744,,,0.99,,0.9900107286803723,0.00998927131962768,0.9976255881726853,0.09985417525112877,5,0.001,0.1,0.9965942411980171,0.9972492819583635,0.9968355273698435,0.9967354943821826,0.9973483590395795,0.9964891946451973,0.9962443671195843,0.9964574537318064,1.0,0.9974671207729368,0.9971647763835984,0.99718871243516
4,9,1.364949460621852,0.6504,5000,1.8604659813421744,0.5702280912364946,833,1.857938031799877,0.5641,0.9988020102915195,0.08335316706420565,,,0.99,,0.9900107286803723,0.00998927131962768,0.9976255881726853,0.09985417525112877,5,0.001,0.1,0.9965224473855473,0.9973086778671533,0.997291623728853,0.9962178823621356,0.9975496327096202,0.996873765030648,0.9968558054617698,0.997627422672728,0.9974671207729368,1.0,0.9971358284472509,0.9972950775491879
4,10,1.391723793707076,0.62708,5000,1.8595177641621343,0.5678271308523409,833,1.857938031799877,0.5641,0.9984786588906824,0.08330726684866767,,,0.99,,0.9900107286803723,0.00998927131962768,0.9976255881726853,0.09985417525112877,5,0.001,0.1,0.9968827054410703,0.9966250746362698,0.9967959345762056,0.9965565614227118,0.9968090262524368,0.9960163378273134,0.9967973961770787,0.9961596115239526,0.9971647763835984,0.9971358284472509,1.0,0.9973296786218643
4,11,1.377161460013906,0.6414,5000,1.8612591293123033,0.5762304921968787,833,1.857938031799877,0.5641,0.9985925595104909,0.08333663740623933,,,0.99,,0.9900107286803723,0.00998927131962768,0.9976255881726853,0.09985417525112877,5,0.001,0.1,0.9970176051470955,0.9967803460542963,0.9969715571888657,0.9964021773405988,0.9965534780286001,0.9963335901308241,0.9966656536315567,0.9970986478013127,0.99718871243516,0.9972950775491879,0.9973296786218643,1.0
5,0,1.2637736750256483,0.65592,5000,1.7158481589070074,0.5983213429256595,834,1.7260210266509377,0.5954,0.9983084236109059,0.0833305270185999,,,0.99,,0.9900107286803723,0.00998927131962768,0.9981169014850917,0.09983280065264978,5,0.001,0.1,1.0,0.9961680456523142,0.9960794416126583,0.9967762480947745,0.9965927063684769,0.9963880028301471,0.996559238883687,0.9963568172769589,0.9959338853678241,0.9958542230877031,0.9963896896177695,0.9965734069353914
5,1,1.2413451679952585,0.66636,5000,1.7323560847176447,0.6103117505995204,834,1.7260210266509377,0.5954,0.9983083435687737,0.08333848651418954,,,0.99,,0.9900107286803723,0.00998927131962768,0.9981169014850917,0.09983280065264978,5,0.001,0.1,0.9961680456523142,1.0,0.9960777026589064,0.9961239889243093,0.996436927488381,0.9960008629074903,0.9960707529789248,0.9966842509218641,0.9966302356696481,0.9969020270907052,0.9962798919553102,0.9962949270050931
5,2,1.2622169605485953,0.66676,5000,1.7078402307298448,0.5827338129496403,834,1.7260210266509377,0.5954,0.9983074204328628,0.08332868722807908,,,0.99,,0.9900107286803723,0.00998927131962768,0.9981169014850917,0.09983280065264978,5,0.001,0.1,0.9960794416126583,0.9960777026589064,1.0,0.9964044940005458,0.9968476598769237,0.9964050887712352,0.996180583429808,0.9961045826424697,0.9961163671158562,0.9966567046403979,0.9964560019366454,0.9963308280576737
5,3,1.2658306742170053,0.65356,5000,1.7319857235308047,0.60431654676259,834,1.7260210266509377,0.5954,0.9982555740000998,0.08332181524277223,,,0.99,,0.9900107286803723,0.00998927131962768,0.9981169014850917,0.09983280065264978,5,0.001,0.1,0.9967762480947745,0.9961239889243093,0.9964044940005458,1.0,0.9968605488885066,0.996184289458451,0.9963661041835796,0.9963856264806765,0.9959351722220303,0.9957285160151805,0.9962051865607481,0.9960687990923245
5,4,1.2616681751172254,0.6692,5000,1.6993723798681188,0.6134453781512605,833,1.7260210266509377,0.5954,0.9985573377160498,0.08335000988762799,,,0.99,,0.9900107286803723,0.00998927131962768,0.9981169014850917,0.09983280065264978,5,0.001,0.1,0.9965927063684769,0.996436927488381,0.9968476598769237,0.9968605488885066,1.0,0.9962693745786944,0.9966614314949255,0.9966619252893116,0.9967519832403812,0.9969953338419654,0.9964899856173283,0.9960847018876827
5,5,1.25269816574777,0.66284,5000,1.7286410773241963,0.6014405762304922,833,1.7260210266509377,0.5954,0.9981044849261667,0.08332562678370656,,,0.99,,0.9900107286803723,0.00998927131962768,0.9981169014850917,0.09983280065264978,5,0.001,0.1,0.9963880028301471,0.9960008629074903,0.9964050887712352,0.996184289458451,0.9962693745786944,1.0,0.9958387068455605,0.9962554602176055,0.9959648573602876,0.9963187995096326,0.9957754829971838,0.9958271374704606
5,6,1.2663840227825627,0.66624,5000,1.7402998076544867,0.5786314525810324,833,1.7260210266509377,0.5954,0.9982157367434255,0.08332591501641702,,,0.99,,0.9900107286803723,0.00998927131962768,0.9981169014850917,0.09983280065264978,5,0.001,0.1,0.996559238883687,0.9960707529789248,0.996180583429808,0.9963661041835796,0.9966614314949255,0.9958387068455605,1.0,0.9965583904340141,0.995445265136679,0.9962650669203721,0.9963842106958667,0.9962316748264972
5,7,1.24818915257788,0.67188,5000,1.7476369981412534,0.56062424969988,833,1.7260210266509377,0.5954,0.9983953292745588,0.08332876187692594,,,0.99,,0.9900107286803723,0.00998927131962768,0.9981169014850917,0.09983280065264978,5,0.001,0.1,0.9963568172769589,0.9966842509218641,0.9961045826424697,0.9963856264806765,0.9966619252893116,0.9962554602176055,0.9965583904340141,1.0,0.9959550082311149,0.99719819343638,0.9960185780021434,0.9965337426273547
5,8,1.2547587032530718,0.66232,5000,1.745382101447494,0.575030012004802,833,1.7260210266509377,0.5954,0.9982446702668044,0.08334374147507506,,,0.99,,0.9900107286803723,0.00998927131962768,0.9981169014850917,0.09983280065264978,5,0.001,0.1,0.9959338853678241,0.9966302356696481,0.9961163671158562,0.9959351722220303,0.9967519832403812,0.9959648573602876,0.995445265136679,0.9959550082311149,1.0,0.9968490814235511,0.9966986861880927,0.9966256762925598
5,9,1.2521573573161082,0.66524,5000,1.7272310080351654,0.6074429771908764,833,1.7260210266509377,0.5954,0.9985256846493866,0.0833518779367822,,,0.99,,0.9900107286803723,0.00998927131962768,0.9981169014850917,0.09983280065264978,5,0.001,0.1,0.9958542230877031,0.9969020270907052,0.9966567046403979,0.9957285160151805,0.9969953338419654,0.9963187995096326,0.9962650669203721,0.99719819343638,0.9968490814235511,1.0,0.9967718591896555,0.9967331783664649
5,10,1.2824805482177977,0.65048,5000,1.7255550667091653,0.6134453781512605,833,1.7260210266509377,0.5954,0.9983634535008458,0.08331849067485268,,,0.99,,0.9900107286803723,0.00998927131962768,0.9981169014850917,0.09983280065264978,5,0.001,0.1,0.9963896896177695,0.9962798919553102,0.9964560019366454,0.9962051865607481,0.9964899856173283,0.9957754829971838,0.9963842106958667,0.9960185780021434,0.9966986861880927,0.9967718591896555,1.0,0.9968618065587145
5,11,1.2636159383567276,0.66192,5000,1.730936571403786,0.5990396158463386,833,1.7260210266509377,0.5954,0.9983497201659606,0.08333606034497189,,,0.99,,0.9900107286803723,0.00998927131962768,0.9981169014850917,0.09983280065264978,5,0.001,0.1,0.9965734069353914,0.9962949270050931,0.9963308280576737,0.9960687990923245,0.9960847018876827,0.9958271374704606,0.9962316748264972,0.9965337426273547,0.9966256762925598,0.9967331783664649,0.9968618065587145,1.0
6,0,1.1701942866015587,0.67192,5000,1.5766405838507194,0.6390887290167866,834,1.587685464670102,0.6359,0.9980752402343849,0.08333437806101703,,,0.99,,0.9900107286803723,0.00998927131962768,0.9984149254687531,0.0997989569651772,5,0.001,0.1,1.0,0.9954932403736051,0.9954758985447011,0.9961820610461051,0.9959950581886592,0.9958290176264925,0.9960573534677377,0.9957172043540634,0.9953965191847771,0.9953081280741597,0.9958210257503262,0.995548956353996
6,1,1.147059431197537,0.68144,5000,1.5938569572236803,0.6474820143884892,834,1.587685464670102,0.6359,0.9979544767147976,0.08333536162958141,,,0.99,,0.9900107286803723,0.00998927131962768,0.9984149254687531,0.0997989569651772,5,0.001,0.1,0.9954932403736051,1.0,0.9953472248277421,0.9956001664815343,0.9956299370775745,0.9949072576951322,0.9953751008773641,0.9962843097916393,0.9958036236496349,0.9962976093320383,0.9953784506509509,0.9952603932060297
6,2,1.1690139854789539,0.68168,5000,1.5658518782368414,0.6390887290167866,834,1.587685464670102,0.6359,0.9980324743660461,0.08333186895065388,,,0.99,,0.9900107286803723,0.00998927131962768,0.9984149254687531,0.0997989569651772,5,0.001,0.1,0.9954758985447011,0.9953472248277421,1.0,0.9959298223742905,0.9961080021435567,0.9957299043504877,0.9955761373674559,0.9954699000185102,0.9954126834559547,0.9959537327740571,0.9958479040558049,0.9954609425214296
6,3,1.173128274975309,0.66992,5000,1.5954561410126862,0.6390887290167866,834,1.587685464670102,0.6359,0.9980032380044396,0.0833267099653484,,,0.99,,0.9900107286803723,0.00998927131962768,0.9984149254687531,0.0997989569651772,5,0.001,0.1,0.9961820610461051,0.9956001664815343,0.9959298223742905,1.0,0.9960833431136034,0.9953565161314117,0.9958123129716394,0.9957582939315093,0.9953611880215625,0.9951144424845861,0.9955160572747626,0.9952483092366915
6,4,1.1680194228318086,0.68232,5000,1.556438669010445,0.6542617046818727,833,1.587685464670102,0.6359,0.9981747294588549,0.08334954030390601,,,0.99,,0.9900107286803723,0.00998927131962768,0.9984149254687531,0.0997989569651772,5,0.001,0.1,0.9959950581886592,0.9956299370775745,0.9961080021435567,0.9960833431136034,1.0,0.9954201664934014,0.9958401806726286,0.9959337218538502,0.9960037594955153,0.9962459154794319,0.9956505271033935,0.9951040531727632
6,5,1.158824991952082,0.6768,5000,1.5893883616835982,0.6386554621848739,833,1.587685464670102,0.6359,0.9976602473331421,0.08331797505806632,,,0.99,,0.9900107286803723,0.00998927131962768,0.9984149254687531,0.0997989569651772,5,0.001,0.1,0.9958290176264925,0.9949072576951322,0.9957299043504877,0.9953565161314117,0.9954201664934014,1.0,0.9948372751718816,0.9954527491078557,0.9952148729665775,0.9956335037472255,0.9949148057555152,0.994558485934791
6,6,1.1725295466981875,0.67876,5000,1.6032445783968325,0.6182472989195679,833,1.587685464670102,0.6359,0.9978672748564826,0.08332483536296006,,,0.99,,0.9900107286803723,0.00998927131962768,0.9984149254687531,0.0997989569651772,5,0.001,0.1,0.9960573534677377,0.9953751008773641,0.9955761373674559,0.9958123129716394,0.9958401806726286,0.9948372751718816,1.0,0.9960263737955581,0.9946306839603991,0.9954292870310963,0.9956275189241561,0.9951218559021583
6,7,1.1530613401133543,0.6876,5000,1.6138049099180434,0.6074429771908764,833,1.587685464670102,0.6359,0.9981357567331695,0.08333524902292641,,,0.99,,0.9900107286803723,0.00998927131962768,0.9984149254687531,0.0997989569651772,5,0.001,0.1,0.9957172043540634,0.9962843097916393,0.9954699000185102,0.9957582939315093,0.9959337218538502,0.9954527491078557,0.9960263737955581,1.0,0.9951254260732867,0.9967015098391151,0.9954338299477317,0.9956454916844063
6,8,1.1612855203592094,0.6764,5000,1.6114309010682282,0.6074429771908764,833,1.587685464670102,0.6359,0.9979042509395684,0.08333696347237246,,,0.99,,0.9900107286803723,0.00998927131962768,0.9984149254687531,0.0997989569651772,5,0.001,0.1,0.9953965191847771,0.9958036236496349,0.9954126834559547,0.9953611880215625,0.9960037594955153,0.9952148729665775,0.9946306839603991,0.9951254260732867,1.0,0.9962098169296779,0.996056765784538,0.9955601337630455
6,9,1.1580918554287807,0.67952,5000,1.5878361110334043,0.6554621848739496,833,1.587685464670102,0.6359,0.9982395001252476,0.08335277713260808,,,0.99,,0.9900107286803723,0.00998927131962768,0.9984149254687531,0.0997989569651772,5,0.001,0.1,0.9953081280741597,0.9962976093320383,0.9959537327740571,0.9951144424845861,0.9962459154794319,0.9956335037472255,0.9954292870310963,0.9967015098391151,0.9962098169296779,1.0,0.996158223156332,0.9957379595783058
6,10,1.1906848764723275,0.66772,5000,1.5840476442266394,0.6422569027611045,833,1.587685464670102,0.6359,0.9980456005262369,0.08332603833722262,,,0.99,,0.9900107286803723,0.00998927131962768,0.9984149254687531,0.0997989569651772,5,0.001,0.1,0.9958210257503262,0.9953784506509509,0.9958479040558049,0.9955160572747626,0.9956505271033935,0.9949148057555152,0.9956275189241561,0.9954338299477317,0.996056765784538,0.996158223156332,1.0,0.9960645749081214
6,11,1.1683576404668723,0.67728,5000,1.5940841833750408,0.6422569027611045,833,1.587685464670102,0.6359,0.9977819175150322,0.08332830270333734,,,0.99,,0.9900107286803723,0.00998927131962768,0.9984149254687531,0.0997989569651772,5,0.001,0.1,0.995548956353996,0.9952603932060297,0.9954609425214296,0.9952483092366915,0.9951040531727632,0.994558485934791,0.9951218559021583,0.9956454916844063,0.9955601337630455,0.9957379595783058,0.9960645749081214,1.0
7,0,1.0917571965296557,0.68412,5000,1.437136212984721,0.6654676258992805,834,1.448900057104068,0.663,0.9976908259959096,0.08333823567331683,,,0.99,,0.9900107286803723,0.00998927131962768,0.9984903925806639,0.09975588616742276,5,0.001,0.1,1.0,0.9946770091844349,0.9945719187248129,0.9953835186474885,0.9948015579003036,0.9949690734747227,0.9952793890064163,0.9948806427486906,0.9941480698199305,0.9942755919574338,0.9950195492468831,0.9950578071888455
7,1,1.0668038223959078,0.69616,5000,1.4547534386316936,0.6774580335731415,834,1.448900057104068,0.663,0.997657561354136,0.08333776500794118,,,0.99,,0.9900107286803723,0.00998927131962768,0.9984903925806639,0.09975588616742276,5,0.001,0.1,0.9946770091844349,1.0,0.9944299969214057,0.9946058810701647,0.994552621157562,0.9940811272339272,0.9943723284321153,0.9955522405895642,0.9951685865727771,0.9954604701664486,0.9947322625923359,0.9950327041711391
