round,client_id,client_i_training_loss,client_i_training_accuracy,client_i_training_dataset_size,client_i_evaluation_loss,client_i_evaluation_accuracy,client_i_evaluation_dataset_size,client_i_central_evaluation_loss,client_i_central_evaluation_accuracy,client_i_cosine_similarity,client_i_importance_coefficient,client_i_tanh_val,tanh_normalization_value,client_i_q,client_i_mask_order,client_i_v_nonzero_fraction,client_i_v_sparsity,client_i_v_cosine_similarity,client_i_reward_gradient_norm,local_epochs,learning_rate,gamma,client_0_cosine_similarity,client_1_cosine_similarity,client_2_cosine_similarity,client_3_cosine_similarity,client_4_cosine_similarity,client_5_cosine_similarity,client_6_cosine_similarity,client_7_cosine_similarity,client_8_cosine_similarity,client_9_cosine_similarity,client_10_cosine_similarity,client_11_cosine_similarity
0,0,2.2098859376968094,0.34144,5000,2.265060124573884,0.27697841726618705,834,2.265669017554091,0.289,0.9961940196803643,0.08330732710504903,,,0.96,,0.9600139182880506,0.039986081711949395,0,0.09965048415100537,5,0.001,0.1,1.0,0.9934405375573246,0.994739088250403,0.9919050295825199,0.9915527983696903,0.9905261692103087,0.992558018696915,0.9918909014047413,0.9863843783166227,0.9936143092237496,0.9945393364943274,0.9913973355943003
0,1,2.2146716069264016,0.34508,5000,2.268642637464735,0.2745803357314149,834,2.265669017554091,0.289,0.9974620977876069,0.08341337090333313,,,0.96,,0.9600139182880506,0.039986081711949395,0,0.09965048415100537,5,0.001,0.1,0.9934405375573246,1.0,0.9946349518904898,0.9950282847526941,0.9931493283448711,0.9920691516537878,0.9906147063199358,0.9936784990534816,0.9927630861626509,0.9931748130562816,0.9943367141351284,0.9948215849092624
0,2,2.21396058547269,0.34736,5000,2.2606852407808655,0.30815347721822545,834,2.265669017554091,0.289,0.997139002988413,0.0833863519054365,,,0.96,,0.9600139182880506,0.039986081711949395,0,0.09965048415100537,5,0.001,0.1,0.994739088250403,0.9946349518904898,1.0,0.9929690862054369,0.9914468534540051,0.992128258121386,0.9925626139320459,0.9923113109945766,0.9897007615320976,0.9957592732359805,0.9942334827923274,0.9933623899394056
0,3,2.216990445677642,0.35464,5000,2.262478651823821,0.302158273381295,834,2.265669017554091,0.289,0.9969140425538989,0.08336753945310942,,,0.96,,0.9600139182880506,0.039986081711949395,0,0.09965048415100537,5,0.001,0.1,0.9919050295825199,0.9950282847526941,0.9929690862054369,1.0,0.9937579179727342,0.9915840997046077,0.9870106144345631,0.9933373894278856,0.9926986038019985,0.9925529404648588,0.994610461459535,0.995703552569166
0,4,2.213298468984616,0.36372,5000,2.266147163179186,0.2689075630252101,833,2.265669017554091,0.289,0.9963394096479326,0.08331948542897663,,,0.96,,0.9600139182880506,0.039986081711949395,0,0.09965048415100537,5,0.001,0.1,0.9915527983696903,0.9931493283448711,0.9914468534540051,0.9937579179727342,1.0,0.9931239679096789,0.9911212608803365,0.9938502847468896,0.9895331209239071,0.9888511630216118,0.9957836302690825,0.9921161600810209
0,5,2.2124366114853293,0.33972,5000,2.2648294501834445,0.30612244897959184,833,2.265669017554091,0.289,0.996431195555861,0.08332716108101264,,,0.96,,0.9600139182880506,0.039986081711949395,0,0.09965048415100537,5,0.001,0.1,0.9905261692103087,0.9920691516537878,0.992128258121386,0.9915840997046077,0.9931239679096789,1.0,0.9929060550487449,0.9944495138984515,0.9910345715074074,0.9909142333921985,0.9941391687915596,0.992508877354583
0,6,2.211636875541347,0.3688,5000,2.2643763135980675,0.26770708283313327,833,2.265669017554091,0.289,0.9946046524914726,0.08317441531308956,,,0.96,,0.9600139182880506,0.039986081711949395,0,0.09965048415100537,5,0.001,0.1,0.992558018696915,0.9906147063199358,0.9925626139320459,0.9870106144345631,0.9911212608803365,0.9929060550487449,1.0,0.9918679770144363,0.9834624884083509,0.9903061312696628,0.9935790311968273,0.9875532577515886
0,7,2.211406401919711,0.37624,5000,2.2641455597347684,0.2845138055222089,833,2.265669017554091,0.289,0.9972972437033706,0.08339958488088292,,,0.96,,0.9600139182880506,0.039986081711949395,0,0.09965048415100537,5,0.001,0.1,0.9918909014047413,0.9936784990534816,0.9923113109945766,0.9933373894278856,0.9938502847468896,0.9944495138984515,0.9918679770144363,1.0,0.9929214623174908,0.9921871792882224,0.9951072435735544,0.9941385612678272
0,8,2.214176341075047,0.35364,5000,2.267142313498038,0.2857142857142857,833,2.265669017554091,0.289,0.9944627693573501,0.08316255025022878,,,0.96,,0.9600139182880506,0.039986081711949395,0,0.09965048415100537,5,0.001,0.1,0.9863843783166227,0.9927630861626509,0.9897007615320976,0.9926986038019985,0.9895331209239071,0.9910345715074074,0.9834624884083509,0.9929214623174908,1.0,0.9884506142773559,0.9904254625271852,0.9944709585190588
0,9,2.214749418853954,0.33248,5000,2.2591520768624767,0.32292917166866747,833,2.265669017554091,0.289,0.9961050112913263,0.08329988372470927,,,0.96,,0.9600139182880506,0.039986081711949395,0,0.09965048415100537,5,0.001,0.1,0.9936143092237496,0.9931748130562816,0.9957592732359805,0.9925529404648588,0.9888511630216118,0.9909142333921985,0.9903061312696628,0.9921871792882224,0.9884506142773559,1.0,0.9926100844396444,0.9930627936623183
0,10,2.2144757140214275,0.364,5000,2.2620555736400463,0.28811524609843936,833,2.265669017554091,0.289,0.9979830089534711,0.08345693241447456,,,0.96,,0.9600139182880506,0.039986081711949395,0,0.09965048415100537,5,0.001,0.1,0.9945393364943274,0.9943367141351284,0.9942334827923274,0.994610461459535,0.9957836302690825,0.9941391687915596,0.9935790311968273,0.9951072435735544,0.9904254625271852,0.9926100844396444,1.0,0.9945761292072564
0,11,2.214040623500848,0.3526,5000,2.2724537672819913,0.28211284513805523,833,2.265669017554091,0.289,0.9971275906256025,0.08338539753969759,,,0.96,,0.9600139182880506,0.039986081711949395,0,0.09965048415100537,5,0.001,0.1,0.9913973355943003,0.9948215849092624,0.9933623899394056,0.995703552569166,0.9921161600810209,0.992508877354583,0.9875532577515886,0.9941385612678272,0.9944709585190588,0.9930627936623183,0.9945761292072564,1.0
1,0,2.071512508392334,0.4298,5000,2.212375773323907,0.4136690647482014,834,2.211416859215441,0.4277,0.9983654333590051,0.08331678930559322,,,0.96,,0.9600139182880506,0.039986081711949395,0.9574724858627284,0.09983829911730628,5,0.001,0.1,1.0,0.9974779775932912,0.9973387599618463,0.9965725221413699,0.9959496675950422,0.9950998269171575,0.9959081143461079,0.9970425493860792,0.9950597232633701,0.996916382863924,0.9974633378284167,0.9961938032898543
1,1,2.0799996707090145,0.43068,5000,2.2145391216984502,0.41127098321342925,834,2.211416859215441,0.4277,0.9990010595317876,0.08340234148342336,,,0.96,,0.9600139182880506,0.039986081711949395,0.9574724858627284,0.09983829911730628,5,0.001,0.1,0.9974779775932912,1.0,0.9976308100259883,0.9976032971991805,0.9970801178088177,0.9966082272155375,0.9959422482976275,0.9973976159296267,0.9969091947287477,0.9966872314614716,0.997812359224359,0.9974874126515328
1,2,2.077838663994127,0.44192,5000,2.2052345982304327,0.45443645083932854,834,2.211416859215441,0.4277,0.9987479360763948,0.08337760070179374,,,0.96,,0.9600139182880506,0.039986081711949395,0.9574724858627284,0.09983829911730628,5,0.001,0.1,0.9973387599618463,0.9976308100259883,1.0,0.9966782959758358,0.9964313192640485,0.9963376282438784,0.996219639687381,0.9969363383974519,0.9961052421366585,0.9977838437348429,0.9974707634219495,0.9966729583275005
1,3,2.085600795867337,0.44668,5000,2.2067998162022344,0.4412470023980815,834,2.211416859215441,0.4277,0.9985842652281729,0.08336078026137858,,,0.96,,0.9600139182880506,0.039986081711949395,0.9574724858627284,0.09983829911730628,5,0.001,0.1,0.9965725221413699,0.9976032971991805,0.9966782959758358,1.0,0.9965979046355228,0.9958258202244719,0.9939704575318354,0.9973635078017388,0.9969585160178445,0.9961470725795898,0.9977395283973942,0.9981834463651068
1,4,2.076265371377301,0.44648,5000,2.211875217932242,0.4069627851140456,833,2.211416859215441,0.4277,0.9981255972774583,0.08331650435549139,,,0.96,,0.9600139182880506,0.039986081711949395,0.9574724858627284,0.09983829911730628,5,0.001,0.1,0.9959496675950422,0.9970801178088177,0.9964313192640485,0.9965979046355228,1.0,0.9967006672583794,0.9960587973709261,0.9966411801032472,0.9949751695872848,0.9944139857635099,0.9977791972894907,0.9955211334105507
1,5,2.073263930211401,0.43296,5000,2.2079230856012413,0.45138055222088835,833,2.211416859215441,0.4277,0.998161701524506,0.0833223771145304,,,0.96,,0.9600139182880506,0.039986081711949395,0.9574724858627284,0.09983829911730628,5,0.001,0.1,0.9950998269171575,0.9966082272155375,0.9963376282438784,0.9958258202244719,0.9967006672583794,1.0,0.9960298188023511,0.9973088874433459,0.9961799222542513,0.9955106951703545,0.9968980211866604,0.9960857138503368
1,6,2.0696837833732555,0.44936,5000,2.210296383610478,0.4249699879951981,833,2.211416859215441,0.4277,0.997339394552226,0.08320215749953175,,,0.96,,0.9600139182880506,0.039986081711949395,0.9574724858627284,0.09983829911730628,5,0.001,0.1,0.9959081143461079,0.9959422482976275,0.996219639687381,0.9939704575318354,0.9960587973709261,0.9960298188023511,1.0,0.9963999699216065,0.9929149242826372,0.9951974503168832,0.996283849666636,0.9938133529294799
1,7,2.071510488516206,0.45684,5000,2.2099446897153503,0.4117647058823529,833,2.211416859215441,0.4277,0.9988934355356637,0.08339041278135088,,,0.96,,0.9600139182880506,0.039986081711949395,0.9574724858627284,0.09983829911730628,5,0.001,0.1,0.9970425493860792,0.9973976159296267,0.9969363383974519,0.9973635078017388,0.9966411801032472,0.9973088874433459,0.9963999699216065,1.0,0.9967986980449867,0.9963331047724961,0.9978906554180947,0.9972359424668426
1,8,2.079057312011719,0.44268,5000,2.2149158318837485,0.4129651860744298,833,2.211416859215441,0.4277,0.9978717457395304,0.08321206418082439,,,0.96,,0.9600139182880506,0.039986081711949395,0.9574724858627284,0.09983829911730628,5,0.001,0.1,0.9950597232633701,0.9969091947287477,0.9961052421366585,0.9969585160178445,0.9949751695872848,0.9961799222542513,0.9929149242826372,0.9967986980449867,1.0,0.9951053748871787,0.9962879585163021,0.9978174228383788
1,9,2.078934508220405,0.43116,5000,2.200319846471151,0.46938775510204084,833,2.211416859215441,0.4277,0.9979767179677125,0.08329967732229403,,,0.96,,0.9600139182880506,0.039986081711949395,0.9574724858627284,0.09983829911730628,5,0.001,0.1,0.996916382863924,0.9966872314614716,0.9977838437348429,0.9961470725795898,0.9944139857635099,0.9955106951703545,0.9951974503168832,0.9963331047724961,0.9951053748871787,1.0,0.9964379536625005,0.9958342709982276
1,10,2.080507146021363,0.45248,5000,2.205717183925487,0.4381752701080432,833,2.211416859215441,0.4277,0.9990707850904331,0.08343130780710988,,,0.96,,0.9600139182880506,0.039986081711949395,0.9574724858627284,0.09983829911730628,5,0.001,0.1,0.9974633378284167,0.997812359224359,0.9974707634219495,0.9977395283973942,0.9977791972894907,0.9968980211866604,0.996283849666636,0.9978906554180947,0.9962879585163021,0.9964379536625005,1.0,0.9974061951042436
1,11,2.0791156082396296,0.44456,5000,2.221819489090531,0.39615846338535415,833,2.211416859215441,0.4277,0.9984682364984064,0.08336798718667843,,,0.96,,0.9600139182880506,0.039986081711949395,0.9574724858627284,0.09983829911730628,5,0.001,0.1,0.9961938032898543,0.9974874126515328,0.9966729583275005,0.9981834463651068,0.9955211334105507,0.9960857138503368,0.9938133529294799,0.9972359424668426,0.9978174228383788,0.9958342709982276,0.9974061951042436,1.0
2,0,1.9036522991338354,0.4762,5000,2.1460642461423522,0.434052757793765,834,2.1438493172581583,0.4569,0.998746899663203,0.08331904974239271,,,0.96,,0.9600139182880506,0.039986081711949395,0.9883915374345826,0.09988750669080176,5,0.001,0.1,1.0,0.9978058735413223,0.9977765439470923,0.9975469714596273,0.9971272382894297,0.9967617912980012,0.9969719812463963,0.9976896219416339,0.9967965628892602,0.9978061041604335,0.9978338538284582,0.9973655442882351
2,1,1.9127701485992237,0.47004,5000,2.1471707026163735,0.4412470023980815,834,2.1438493172581583,0.4569,0.9992630479209298,0.08338816498620617,,,0.96,,0.9600139182880506,0.039986081711949395,0.9883915374345826,0.09988750669080176,5,0.001,0.1,0.9978058735413223,1.0,0.9981011142990299,0.9982926165489019,0.9979704118953988,0.9979888479506653,0.9969598017396304,0.9982237833503412,0.9979572417901926,0.997849475774563,0.9983079997473077,0.9982098075935897
2,2,1.908821565937844,0.48552,5000,2.1364136978431985,0.47721822541966424,834,2.1438493172581583,0.4569,0.9989857261421293,0.08336404491511154,,,0.96,,0.9600139182880506,0.039986081711949395,0.9883915374345826,0.09988750669080176,5,0.001,0.1,0.9977765439470923,0.9981011142990299,1.0,0.997492040886875,0.9973476023352479,0.9977319784193036,0.9970651120567035,0.9976817718191702,0.9974861522603014,0.9981445263661134,0.9979414220424189,0.9975759177934298
2,3,1.919995786733688,0.48936,5000,2.1379043526119657,0.473621103117506,834,2.1438493172581583,0.4569,0.9990019584545082,0.08335425497315237,,,0.96,,0.9600139182880506,0.039986081711949395,0.9883915374345826,0.09988750669080176,5,0.001,0.1,0.9975469714596273,0.9982926165489019,0.997492040886875,1.0,0.9974704963226395,0.9973219950411865,0.9957683792632267,0.9980784817564671,0.9980966091144575,0.9974485890253615,0.9983765826295578,0.9986436012534933
2,4,1.905970695368044,0.48572,5000,2.1439377113624856,0.44417767106842737,833,2.1438493172581583,0.4569,0.9987204951389964,0.08331802288959715,,,0.96,,0.9600139182880506,0.039986081711949395,0.9883915374345826,0.09988750669080176,5,0.001,0.1,0.9971272382894297,0.9979704118953988,0.9973476023352479,0.9974704963226395,1.0,0.9978069905772794,0.9971550874285535,0.9977242414783105,0.9969421718260333,0.9964554647172734,0.99809769739322,0.9970681945610124
2,5,1.9026984837404481,0.47452,5000,2.1374662982092962,0.4729891956782713,833,2.1438493172581583,0.4569,0.9988705124513334,0.08332646526668722,,,0.96,,0.9600139182880506,0.039986081711949395,0.9883915374345826,0.09988750669080176,5,0.001,0.1,0.9967617912980012,0.9979888479506653,0.9977319784193036,0.9973219950411865,0.9978069905772794,1.0,0.9969807292986039,0.9980077306352575,0.9977200891694742,0.9975198210556258,0.9976098080347576,0.9975150814842562
2,6,1.8955922518566155,0.48916,5000,2.1426361048663103,0.4549819927971189,833,2.1438493172581583,0.4569,0.9980090460677503,0.08322494883625363,,,0.96,,0.9600139182880506,0.039986081711949395,0.9883915374345826,0.09988750669080176,5,0.001,0.1,0.9969719812463963,0.9969598017396304,0.9970651120567035,0.9957683792632267,0.9971550874285535,0.9969807292986039,1.0,0.9971340434887447,0.9951547628806328,0.9966136974888307,0.9970695840791736,0.9957695577596097
2,7,1.9005887699734634,0.4922,5000,2.142015735308329,0.4477791116446579,833,2.1438493172581583,0.4569,0.9991742396706095,0.08337798463121453,,,0.96,,0.9600139182880506,0.039986081711949395,0.9883915374345826,0.09988750669080176,5,0.001,0.1,0.9976896219416339,0.9982237833503412,0.9976817718191702,0.9980784817564671,0.9977242414783105,0.9980077306352575,0.9971340434887447,1.0,0.997988460016229,0.9976486333484026,0.9983769263897824,0.998049480655626
2,8,1.9102579458503965,0.4806,5000,2.1500405823742903,0.4417767106842737,833,2.1438493172581583,0.4569,0.9987582823495624,0.08325520275869354,,,0.96,,0.9600139182880506,0.039986081711949395,0.9883915374345826,0.09988750669080176,5,0.001,0.1,0.9967965628892602,0.9979572417901926,0.9974861522603014,0.9980966091144575,0.9969421718260333,0.9977200891694742,0.9951547628806328,0.997988460016229,1.0,0.997276127050096,0.9978803626528975,0.9983202167052883
2,9,1.910810193590298,0.47796,5000,2.127597208376284,0.49819927971188477,833,2.1438493172581583,0.4569,0.9987643137519593,0.08330911917344609,,,0.96,,0.9600139182880506,0.039986081711949395,0.9883915374345826,0.09988750669080176,5,0.001,0.1,0.9978061041604335,0.997849475774563,0.9981445263661134,0.9974485890253615,0.9964554647172734,0.9975198210556258,0.9966136974888307,0.9976486333484026,0.997276127050096,1.0,0.997603340289403,0.9973257064624113
2,10,1.914101538232937,0.48932,5000,2.135837537271005,0.47058823529411764,833,2.1438493172581583,0.4569,0.9992394597718892,0.08340516503358247,,,0.96,,0.9600139182880506,0.039986081711949395,0.9883915374345826,0.09988750669080176,5,0.001,0.1,0.9978338538284582,0.9983079997473077,0.9979414220424189,0.9983765826295578,0.99809769739322,0.9976098080347576,0.9970695840791736,0.9983769263897824,0.9978803626528975,0.997603340289403,1.0,0.9982859324321298
2,11,1.9119778347622818,0.48404,5000,2.1581977385061757,0.4261704681872749,833,2.1438493172581583,0.4569,0.9989679584714942,0.08335757679366257,,,0.96,,0.9600139182880506,0.039986081711949395,0.9883915374345826,0.09988750669080176,5,0.001,0.1,0.9973655442882351,0.9982098075935897,0.9975759177934298,0.9986436012534933,0.9970681945610124,0.9975150814842562,0.9957695577596097,0.998049480655626,0.9983202167052883,0.9973257064624113,0.9982859324321298,1.0
3,0,1.7338213660914428,0.51468,5000,2.0655587072725647,0.4412470023980815,834,2.0618389544014732,0.4715,0.9989796811957634,0.08332367197872731,,,0.96,,0.9600139182880506,0.039986081711949395,0.9952513024655694,0.09990076444772454,5,0.001,0.1,1.0,0.9979492838734605,0.9978708982527,0.998024417781358,0.9977223338725976,0.9972805442530016,0.9973361023880075,0.9980052176270012,0.9976749805446551,0.9981395037050723,0.9984042574094484,0.9974531458151845
3,1,1.7429012716196146,0.51296,5000,2.0654809254187123,0.4460431654676259,834,2.0618389544014732,0.4715,0.9991987585284836,0.08337311893910536,,,0.96,,0.9600139182880506,0.039986081711949395,0.9952513024655694,0.09990076444772454,5,0.001,0.1,0.9979492838734605,1.0,0.998162217044058,0.9983414188744086,0.9981586041829515,0.9981423966407543,0.9974163995808002,0.9981645402472855,0.998064864651245,0.9977879806854695,0.9982090416151269,0.9980887866197861
3,2,1.7371500886929263,0.5272,5000,2.0532813955236366,0.4952038369304556,834,2.0618389544014732,0.4715,0.9990523989879129,0.08335360689918153,,,0.96,,0.9600139182880506,0.039986081711949395,0.9952513024655694,0.09990076444772454,5,0.001,0.1,0.9978708982527,0.998162217044058,1.0,0.9976300269459237,0.9978365914877445,0.9979450314479671,0.9976964558686076,0.99770284242197,0.9978798368471206,0.9982561410258495,0.9982107434363553,0.997541531308075
3,3,1.7479497458524764,0.53024,5000,2.0546716672402843,0.4892086330935252,834,2.0618389544014732,0.4715,0.9991276358018849,0.08335003223305869,,,0.96,,0.9600139182880506,0.039986081711949395,0.9952513024655694,0.09990076444772454,5,0.001,0.1,0.998024417781358,0.9983414188744086,0.9976300269459237,1.0,0.9980325685449047,0.9978514458268155,0.9969610342967375,0.9983262035256374,0.9982704959307608,0.9975588228043186,0.9981895304201133,0.998447140219333
3,4,1.7325377973021976,0.52628,5000,2.0611275655251964,0.4645858343337335,833,2.0618389544014732,0.4715,0.9989932403625961,0.08332347993604677,,,0.96,,0.9600139182880506,0.039986081711949395,0.9952513024655694,0.09990076444772454,5,0.001,0.1,0.9977223338725976,0.9981586041829515,0.9978365914877445,0.9980325685449047,1.0,0.9980262089321239,0.9977183578634194,0.9979673340782581,0.9976881075035653,0.9970800049514214,0.9984288762108818,0.997364435230128
3,5,1.7280046929219726,0.51652,5000,2.0522454491368047,0.49339735894357745,833,2.0618389544014732,0.4715,0.9990086215502869,0.08332915264256578,,,0.96,,0.9600139182880506,0.039986081711949395,0.9952513024655694,0.09990076444772454,5,0.001,0.1,0.9972805442530016,0.9981423966407543,0.9979450314479671,0.9978514458268155,0.9980262089321239,1.0,0.9973273472944905,0.9981211651445644,0.9981020498332565,0.9978628342042014,0.9978479618123817,0.9977009962483556
3,6,1.7228546488816572,0.5288,5000,2.060611089070638,0.4657863145258103,833,2.0618389544014732,0.4715,0.9984361708076313,0.08324843573659875,,,0.96,,0.9600139182880506,0.039986081711949395,0.9952513024655694,0.09990076444772454,5,0.001,0.1,0.9973361023880075,0.9974163995808002,0.9976964558686076,0.9969610342967375,0.9977183578634194,0.9973273472944905,1.0,0.9972504325519224,0.9964972175894895,0.9971606928952497,0.9975836381604324,0.9964010755612779
3,7,1.727696896814237,0.5334,5000,2.0594711656923645,0.4669867947178872,833,2.0618389544014732,0.4715,0.9991679619759374,0.08336588315007265,,,0.96,,0.9600139182880506,0.039986081711949395,0.9952513024655694,0.09990076444772454,5,0.001,0.1,0.9980052176270012,0.9981645402472855,0.99770284242197,0.9983262035256374,0.9979673340782581,0.9981211651445644,0.9972504325519224,1.0,0.9983183823115666,0.9977687050822285,0.9984187958843543,0.9980729333704478
3,8,1.7389266474231793,0.5206,5000,2.0711976952022977,0.4645858343337335,833,2.0618389544014732,0.4715,0.9990627406594363,0.08328720528626964,,,0.96,,0.9600139182880506,0.039986081711949395,0.9952513024655694,0.09990076444772454,5,0.001,0.1,0.9976749805446551,0.998064864651245,0.9978798368471206,0.9982704959307608,0.9976881075035653,0.9981020498332565,0.9964972175894895,0.9983183823115666,1.0,0.9977406300855224,0.9983058188654402,0.9983141870394079
3,9,1.7393589273379866,0.52296,5000,2.0399978205009743,0.5114045618247299,833,2.0618389544014732,0.4715,0.9988724118983188,0.08331412153251357,,,0.96,,0.9600139182880506,0.039986081711949395,0.9952513024655694,0.09990076444772454,5,0.001,0.1,0.9981395037050723,0.9977879806854695,0.9982561410258495,0.9975588228043186,0.9970800049514214,0.9978628342042014,0.9971606928952497,0.9977687050822285,0.9977406300855224,1.0,0.9979663962354199,0.997253647888237
3,10,1.7434804611145311,0.52792,5000,2.0511693248042353,0.4837935174069628,833,2.0618389544014732,0.4715,0.9993017463337341,0.0833868657907416,,,0.96,,0.9600139182880506,0.039986081711949395,0.9952513024655694,0.09990076444772454,5,0.001,0.1,0.9984042574094484,0.9982090416151269,0.9982107434363553,0.9981895304201133,0.9984288762108818,0.9978479618123817,0.9975836381604324,0.9984187958843543,0.9983058188654402,0.9979663962354199,1.0,0.9981551997214976
3,11,1.739325203257761,0.52828,5000,2.0802850414205483,0.43577430972388953,833,2.0618389544014732,0.4715,0.9988907908756627,0.08334442587511845,,,0.96,,0.9600139182880506,0.039986081711949395,0.9952513024655694,0.09990076444772454,5,0.001,0.1,0.9974531458151845,0.9980887866197861,0.997541531308075,0.998447140219333,0.997364435230128,0.9977009962483556,0.9964010755612779,0.9980729333704478,0.9983141870394079,0.997253647888237,0.9981551997214976,1.0
4,0,1.5817258567567085,0.55192,5000,1.9710063757719818,0.4556354916067146,834,1.9655834303115503,0.4909,0.9988831490824404,0.08332552407658816,,,0.96,,0.9600139182880506,0.039986081711949395,0.9971332215134268,0.09989414851536384,5,0.001,0.1,1.0,0.997778078197433,0.997572452822134,0.9979589760494908,0.9975792643784113,0.9972404111409616,0.9973259579000903,0.9977876806254155,0.9974650507429956,0.9977729968226152,0.9980175602334194,0.9974126163155526
4,1,1.5884050124769757,0.55392,5000,1.9697057008743286,0.46522781774580335,834,1.9655834303115503,0.4909,0.9990793954925178,0.08336217582421654,,,0.96,,0.9600139182880506,0.039986081711949395,0.9971332215134268,0.09989414851536384,5,0.001,0.1,0.997778078197433,1.0,0.9978075585870825,0.9983394297111842,0.9979285195176968,0.9979740274166147,0.9972698915176299,0.997922089076022,0.9979206725678693,0.9976279682732546,0.9979122370597925,0.9977817915378414
4,2,1.5819072958010776,0.56636,5000,1.9559876477276836,0.5167865707434053,834,1.9655834303115503,0.4909,0.9989464995803379,0.08334592320816521,,,0.96,,0.9600139182880506,0.039986081711949395,0.9971332215134268,0.09989414851536384,5,0.001,0.1,0.997572452822134,0.9978075585870825,1.0,0.9977058005204447,0.9978161093958949,0.9978983438968037,0.9976592170629724,0.9974314692880761,0.9977755213162266,0.9978296397113806,0.9978370341187363,0.9973373146152856
4,3,1.5923323534096883,0.56904,5000,1.9572411466527868,0.5023980815347722,834,1.9655834303115503,0.4909,0.99918344892859,0.08335137804605597,,,0.96,,0.9600139182880506,0.039986081711949395,0.9971332215134268,0.09989414851536384,5,0.001,0.1,0.9979589760494908,0.9983394297111842,0.9977058005204447,1.0,0.9980083628764959,0.9977963742401279,0.9971149916045456,0.9981557295999618,0.9982863298171328,0.997571034715388,0.9981083211566621,0.9984644623952312
4,4,1.5765774476300378,0.56264,5000,1.9635432340480663,0.49339735894357745,833,1.9655834303115503,0.4909,0.9989312576571125,0.0833269588503628,,,0.96,,0.9600139182880506,0.039986081711949395,0.9971332215134268,0.09989414851536384,5,0.001,0.1,0.9975792643784113,0.9979285195176968,0.9978161093958949,0.9980083628764959,1.0,0.997838946693339,0.9975354358128741,0.9976476745215977,0.9977413272422303,0.9969656097916005,0.9982359030496546,0.9971906021951368
4,5,1.5732367403947625,0.55824,5000,1.9526231951183743,0.5126050420168067,833,1.9655834303115503,0.4909,0.9989728558976074,0.08333177952431257,,,0.96,,0.9600139182880506,0.039986081711949395,0.9971332215134268,0.09989414851536384,5,0.001,0.1,0.9972404111409616,0.9979740274166147,0.9978983438968037,0.9977963742401279,0.997838946693339,1.0,0.9972126929594481,0.9979247532669365,0.9980405968714796,0.9978100854768935,0.9977181592163359,0.9975320397725197
4,6,1.567307694322744,0.56432,5000,1.9643721403899017,0.48139255702280914,833,1.9655834303115503,0.4909,0.9984768069466566,0.0832662794568841,,,0.96,,0.9600139182880506,0.039986081711949395,0.9971332215134268,0.09989414851536384,5,0.001,0.1,0.9973259579000903,0.9972698915176299,0.9976592170629724,0.9971149916045456,0.9975354358128741,0.9972126929594481,1.0,0.9971116330057526,0.9966431501297316,0.9972551047293411,0.9975513836486188,0.9963635689627297
4,7,1.5718097840145135,0.56796,5000,1.9626476764678955,0.48739495798319327,833,1.9655834303115503,0.4909,0.9990417397961355,0.08335652397024786,,,0.96,,0.9600139182880506,0.039986081711949395,0.9971332215134268,0.09989414851536384,5,0.001,0.1,0.9977876806254155,0.997922089076022,0.9974314692880761,0.9981557295999618,0.9976476745215977,0.9979247532669365,0.9971116330057526,1.0,0.9981564714856649,0.9975763965932574,0.9981185003698108,0.9979785487330235
4,8,1.583132944365216,0.5624,5000,1.9785446016876787,0.48619447779111646,833,1.9655834303115503,0.4909,0.9990458286824634,0.08330841424203367,,,0.96,,0.9600139182880506,0.039986081711949395,0.9971332215134268,0.09989414851536384,5,0.001,0.1,0.9974650507429956,0.9979206725678693,0.9977755213162266,0.9982863298171328,0.9977413272422303,0.9980405968714796,0.9966431501297316,0.9981564714856649,1.0,0.9975139201792111,0.9981553964976261,0.9981625952822634
4,9,1.5865022019975503,0.56164,5000,1.9378412034776475,0.5294117647058824,833,1.9655834303115503,0.4909,0.9987588981768923,0.08331565844147568,,,0.96,,0.9600139182880506,0.039986081711949395,0.9971332215134268,0.09989414851536384,5,0.001,0.1,0.9977729968226152,0.9976279682732546,0.9978296397113806,0.997571034715388,0.9969656097916005,0.9978100854768935,0.9972551047293411,0.9975763965932574,0.9975139201792111,1.0,0.9975396080999707,0.9969599504618345
4,10,1.5885196240084947,0.56468,5000,1.9519791735543146,0.5042016806722689,833,1.9655834303115503,0.4909,0.9991567577145055,0.08337310134582067,,,0.96,,0.9600139182880506,0.039986081711949395,0.9971332215134268,0.09989414851536384,5,0.001,0.1,0.9980175602334194,0.9979122370597925,0.9978370341187363,0.9981083211566621,0.9982359030496546,0.9977181592163359,0.9975513836486188,0.9981185003698108,0.9981553964976261,0.9975396080999707,1.0,0.9979955612753472
4,11,1.5835362548281433,0.57084,5000,1.9884045256508722,0.4561824729891957,833,1.9655834303115503,0.4909,0.9988222154548729,0.08333628301383667,,,0.96,,0.9600139182880506,0.039986081711949395,0.9971332215134268,0.09989414851536384,5,0.001,0.1,0.9974126163155526,0.9977817915378414,0.9973373146152856,0.9984644623952312,0.9971906021951368,0.9975320397725197,0.9963635689627297,0.9979785487330235,0.9981625952822634,0.9969599504618345,0.9979955612753472,1.0
5,0,1.452150233156362,0.59064,5000,1.8637711560284649,0.4988009592326139,834,1.8564827209844377,0.5292,0.9988117229489821,0.08332792365078455,,,0.96,,0.9600139182880506,0.039986081711949395,0.9979146776444376,0.09988307607042149,5,0.001,0.1,1.0,0.9976049073125142,0.9972376015526626,0.9977715752436896,0.997441932900319,0.9971298132884248,0.9970918937146322,0.9974909590486462,0.9973872816121641,0.9976577862318344,0.9979926094068963,0.9969228169283888
5,1,1.4572687755724427,0.58792,5000,1.8613321163036205,0.5179856115107914,834,1.8564827209844377,0.5292,0.9989923494710141,0.08335622709521755,,,0.96,,0.9600139182880506,0.039986081711949395,0.9979146776444376,0.09988307607042149,5,0.001,0.1,0.9976049073125142,1.0,0.9978443514531478,0.9980195532381483,0.9977038051373883,0.9977060724986277,0.9971216414278739,0.9976167936917265,0.9977222074536451,0.9973663595291176,0.997743883586507,0.9974435466760313
5,2,1.4498954427470068,0.60256,5000,1.845809225682859,0.5539568345323741,834,1.8564827209844377,0.5292,0.9989048128649846,0.08334343626472807,,,0.96,,0.9600139182880506,0.039986081711949395,0.9979146776444376,0.09988307607042149,5,0.001,0.1,0.9972376015526626,0.9978443514531478,1.0,0.9973910796230391,0.9976297605066041,0.9978622622531539,0.9975067250068224,0.9973239082571933,0.9975941319434275,0.9976797703916016,0.9978047467234784,0.9969704994947506
5,3,1.458636287215409,0.60512,5000,1.8471070307272452,0.5311750599520384,834,1.8564827209844377,0.5292,0.998963723493837,0.08334868226929365,,,0.96,,0.9600139182880506,0.039986081711949395,0.9979146776444376,0.09988307607042149,5,0.001,0.1,0.9977715752436896,0.9980195532381483,0.9973910796230391,1.0,0.99764437686216,0.9976188162504472,0.9969268344972355,0.9976719062305097,0.9978046726774815,0.997018358690588,0.9978434922752653,0.9978393977164732
5,4,1.4434954690325792,0.60156,5000,1.8525337775548298,0.5366146458583433,833,1.8564827209844377,0.5292,0.9988507406634564,0.0833300626321574,,,0.96,,0.9600139182880506,0.039986081711949395,0.9979146776444376,0.09988307607042149,5,0.001,0.1,0.997441932900319,0.9977038051373883,0.9976297605066041,0.99764437686216,1.0,0.9976506919511279,0.9973730775387378,0.9976270489648422,0.9975342041844512,0.9967657667090274,0.9979651295109653,0.996861007036036
5,5,1.4402164474414412,0.5948,5000,1.840227312511868,0.5378151260504201,833,1.8564827209844377,0.5292,0.9989003616040255,0.08333461997659643,,,0.96,,0.9600139182880506,0.039986081711949395,0.9979146776444376,0.09988307607042149,5,0.001,0.1,0.9971298132884248,0.9977060724986277,0.9978622622531539,0.9976188162504472,0.9976506919511279,1.0,0.9969582075705663,0.997590869202982,0.9977029778078255,0.9977012781405333,0.9974879063220397,0.9973826003259225
5,6,1.4349623185813807,0.59892,5000,1.8554412082389549,0.517406962785114,833,1.8564827209844377,0.5292,0.9984247032667471,0.08327910583498709,,,0.96,,0.9600139182880506,0.039986081711949395,0.9979146776444376,0.09988307607042149,5,0.001,0.1,0.9970918937146322,0.9971216414278739,0.9975067250068224,0.9969268344972355,0.9973730775387378,0.9969582075705663,1.0,0.9966872085266142,0.9965900693235433,0.997248014536701,0.9975180156102357,0.9960712066656167
5,7,1.4390021259617654,0.6,5000,1.852966754524796,0.5186074429771909,833,1.8564827209844377,0.5292,0.9988943938833478,0.08334960019917084,,,0.96,,0.9600139182880506,0.039986081711949395,0.9979146776444376,0.09988307607042149,5,0.001,0.1,0.9974909590486462,0.9976167936917265,0.9973239082571933,0.9976719062305097,0.9976270489648422,0.997590869202982,0.9966872085266142,1.0,0.9979709301189815,0.9973340772998074,0.9978125293093565,0.9975927754305743
5,8,1.4508775538699643,0.5978,5000,1.873577842005977,0.5426170468187275,833,1.8564827209844377,0.5292,0.9989288715183864,0.08332121292731785,,,0.96,,0.9600139182880506,0.039986081711949395,0.9979146776444376,0.09988307607042149,5,0.001,0.1,0.9973872816121641,0.9977222074536451,0.9975941319434275,0.9978046726774815,0.9975342041844512,0.9977029778078255,0.9965900693235433,0.9979709301189815,1.0,0.9973451571483888,0.9978792025171719,0.9976023622401734
5,9,1.4549212884751095,0.599,5000,1.8227804060335513,0.5630252100840336,833,1.8564827209844377,0.5292,0.9986631821551237,0.08331708042583343,,,0.96,,0.9600139182880506,0.039986081711949395,0.9979146776444376,0.09988307607042149,5,0.001,0.1,0.9976577862318344,0.9973663595291176,0.9976797703916016,0.997018358690588,0.9967657667090274,0.9977012781405333,0.997248014536701,0.9973340772998074,0.9973451571483888,1.0,0.9972670769115444,0.9965660569613662
5,10,1.4577511949903645,0.60004,5000,1.8397736725983795,0.5402160864345739,833,1.8564827209844377,0.5292,0.9990712813134381,0.08336547375548312,,,0.96,,0.9600139182880506,0.039986081711949395,0.9979146776444376,0.09988307607042149,5,0.001,0.1,0.9979926094068963,0.997743883586507,0.9978047467234784,0.9978434922752653,0.9979651295109653,0.9974879063220397,0.9975180156102357,0.9978125293093565,0.9978792025171719,0.9972670769115444,1.0,0.9975246929001461
5,11,1.4488055207926755,0.6044,5000,1.8840430621747617,0.4921968787515006,833,1.8564827209844377,0.5292,0.9985655129080525,0.08332657496843009,,,0.96,,0.9600139182880506,0.039986081711949395,0.9979146776444376,0.09988307607042149,5,0.001,0.1,0.9969228169283888,0.9974435466760313,0.9969704994947506,0.9978393977164732,0.996861007036036,0.9973826003259225,0.9960712066656167,0.9975927754305743,0.9976023622401734,0.9965660569613662,0.9975246929001461,1.0
6,0,1.3420924867794013,0.61776,5000,1.746328561394303,0.5431654676258992,834,1.737354831192821,0.5647,0.9985814308412864,0.0833299756284695,,,0.96,,0.9600139182880506,0.039986081711949395,0.9982361261883955,0.09985823587567341,5,0.001,0.1,1.0,0.9967786466180945,0.9965799014844281,0.9974894153768695,0.9970839963448331,0.9965446116106668,0.9965580660099622,0.9970151180253382,0.9969908190771556,0.9970493493792757,0.9975602902734553,0.9963433410184722
6,1,1.345410076372183,0.61552,5000,1.7433954300703827,0.5479616306954437,834,1.737354831192821,0.5647,0.9985842394770981,0.08334742307439522,,,0.96,,0.9600139182880506,0.039986081711949395,0.9982361261883955,0.09985823587567341,5,0.001,0.1,0.9967786466180945,1.0,0.9969362181534254,0.9974916312412199,0.9970076020705746,0.9969811047659564,0.9963554042764821,0.9970516004263394,0.9970822494096873,0.9964436113063969,0.9968905348568114,0.9970075292930125
6,2,1.3369155224721143,0.63024,5000,1.7258645075338859,0.5887290167865707,834,1.737354831192821,0.5647,0.9985945758304109,0.08333991284346237,,,0.96,,0.9600139182880506,0.039986081711949395,0.9982361261883955,0.09985823587567341,5,0.001,0.1,0.9965799014844281,0.9969362181534254,1.0,0.9969543029558722,0.9970614804801301,0.9970431109741842,0.9971331208964136,0.9966003026445426,0.9972280295671134,0.997261898738625,0.9972317258536971,0.9961210300023627
6,3,1.344877208494077,0.63224,5000,1.7272511720657349,0.5635491606714629,834,1.737354831192821,0.5647,0.9988971086317533,0.08335289438140508,,,0.96,,0.9600139182880506,0.039986081711949395,0.9982361261883955,0.09985823587567341,5,0.001,0.1,0.9974894153768695,0.9974916312412199,0.9969543029558722,1.0,0.9974204141403844,0.9971408967606954,0.9968035850880516,0.9974226310774326,0.9973682001222519,0.9966392206835881,0.9974603244413065,0.9975850296851762
6,4,1.330473364082871,0.63032,5000,1.7304716949109678,0.5714285714285714,833,1.737354831192821,0.5647,0.9986580729859188,0.08333376102111893,,,0.96,,0.9600139182880506,0.039986081711949395,0.9982361261883955,0.09985823587567341,5,0.001,0.1,0.9970839963448331,0.9970076020705746,0.9970614804801301,0.9974204141403844,1.0,0.9970356021607057,0.9970223700691706,0.9972358441781372,0.9971955540386862,0.9961434325194918,0.9974348574892563,0.9962707680286402
6,5,1.326363975606906,0.62384,5000,1.7177582890899092,0.5654261704681873,833,1.737354831192821,0.5647,0.9985925600257319,0.08333444128415024,,,0.96,,0.9600139182880506,0.039986081711949395,0.9982361261883955,0.09985823587567341,5,0.001,0.1,0.9965446116106668,0.9969811047659564,0.9970431109741842,0.9971408967606954,0.9970356021607057,1.0,0.9962973934213173,0.9971730406278851,0.9971525185118713,0.997024401465933,0.9968307165134551,0.9969033378729594
6,6,1.3236472994658597,0.62612,5000,1.736501971880595,0.5498199279711885,833,1.737354831192821,0.5647,0.9982219308692218,0.08328843546778199,,,0.96,,0.9600139182880506,0.039986081711949395,0.9982361261883955,0.09985823587567341,5,0.001,0.1,0.9965580660099622,0.9963554042764821,0.9971331208964136,0.9968035850880516,0.9970223700691706,0.9962973934213173,1.0,0.9961729043044711,0.9960399042159146,0.9968914964097862,0.9968729930914367,0.9955408210833793
6,7,1.326569545800519,0.6324,5000,1.7330353348343461,0.5618247298919568,833,1.737354831192821,0.5647,0.9986817406020626,0.08334650612293386,,,0.96,,0.9600139182880506,0.039986081711949395,0.9982361261883955,0.09985823587567341,5,0.001,0.1,0.9970151180253382,0.9970516004263394,0.9966003026445426,0.9974226310774326,0.9972358441781372,0.9971730406278851,0.9961729043044711,1.0,0.9972180103503414,0.9967316590731106,0.997281414892244,0.997292100710575
6,8,1.337512206423814,0.62512,5000,1.7590590097286083,0.5726290516206483,833,1.737354831192821,0.5647,0.9987035189180113,0.08332980083356535,,,0.96,,0.9600139182880506,0.039986081711949395,0.9982361261883955,0.09985823587567341,5,0.001,0.1,0.9969908190771556,0.9970822494096873,0.9972280295671134,0.9973682001222519,0.9971955540386862,0.9971525185118713,0.9960399042159146,0.9972180103503414,1.0,0.9968320576551125,0.9973989319247036,0.9969500512424836
6,9,1.3451091641833068,0.62144,5000,1.6975180087266144,0.6014405762304922,833,1.737354831192821,0.5647,0.9983700184354778,0.08331650263406187,,,0.96,,0.9600139182880506,0.039986081711949395,0.9982361261883955,0.09985823587567341,5,0.001,0.1,0.9970493493792757,0.9964436113063969,0.997261898738625,0.9966392206835881,0.9961434325194918,0.997024401465933,0.9968914964097862,0.9967316590731106,0.9968320576551125,1.0,0.9966909926688132,0.9957531247836513
6,10,1.3451983937791958,0.6236,5000,1.7175819564748693,0.5822328931572629,833,1.737354831192821,0.5647,0.998799067696485,0.08336002724001695,,,0.96,,0.9600139182880506,0.039986081711949395,0.9982361261883955,0.09985823587567341,5,0.001,0.1,0.9975602902734553,0.9968905348568114,0.9972317258536971,0.9974603244413065,0.9974348574892563,0.9968307165134551,0.9968729930914367,0.997281414892244,0.9973989319247036,0.9966909926688132,1.0,0.9969477112295122
6,11,1.3356928329558888,0.63444,5000,1.7699828324494538,0.5282112845138055,833,1.737354831192821,0.5647,0.9983078790818458,0.08332031946863863,,,0.96,,0.9600139182880506,0.039986081711949395,0.9982361261883955,0.09985823587567341,5,0.001,0.1,0.9963433410184722,0.9970075292930125,0.9961210300023627,0.9975850296851762,0.9962707680286402,0.9969033378729594,0.9955408210833793,0.997292100710575,0.9969500512424836,0.9957531247836513,0.9969477112295122,1.0
7,0,1.2489014477486824,0.63756,5000,1.6229293523011383,0.5743405275779376,834,1.6121967253974452,0.5928,0.9981792952665609,0.08332629746816445,,,0.96,,0.9600139182880506,0.039986081711949395,0.9983341175637159,0.09983332729865099,5,0.001,0.1,1.0,0.9959349653278218,0.9959040251821991,0.9968668023778088,0.996586131171849,0.9957389291037511,0.995675933068097,0.9962727900967268,0.9964283976351191,0.9964436466027428,0.9969497009800746,0.9953882241358045
7,1,1.2516134970507045,0.63468,5000,1.619718595787331,0.5815347721822542,834,1.6121967253974452,0.5928,0.9983377102684673,0.08334211142712383,,,0.96,,0.9600139182880506,0.039986081711949395,0.9983341175637159,0.09983332729865099,5,0.001,0.1,0.9959349653278218,1.0,0.9964347669161392,0.9972748070270404,0.9964560829988165,0.9965276556560067,0.995955467303516,0.9964925014420689,0.9966506303936029,0.9959146689983093,0.9963592562096388,0.9960858740853672
