round,client_id,client_i_training_loss,client_i_training_accuracy,client_i_training_dataset_size,client_i_evaluation_loss,client_i_evaluation_accuracy,client_i_evaluation_dataset_size,client_i_central_evaluation_loss,client_i_central_evaluation_accuracy,client_i_cosine_similarity,client_i_importance_coefficient,client_i_tanh_val,tanh_normalization_value,client_i_q,client_i_mask_order,client_i_v_nonzero_fraction,client_i_v_sparsity,client_i_v_cosine_similarity,client_i_reward_gradient_norm,local_epochs,learning_rate,gamma,client_0_cosine_similarity,client_1_cosine_similarity,client_2_cosine_similarity,client_3_cosine_similarity,client_4_cosine_similarity,client_5_cosine_similarity,client_6_cosine_similarity,client_7_cosine_similarity,client_8_cosine_similarity,client_9_cosine_similarity,client_10_cosine_similarity,client_11_cosine_similarity
0,0,2.177045436725495,0.3652,5000,2.2493017514546714,0.29856115107913667,834,2.253381677328969,0.2887,0.99803592560645,0.08341495635035463,,,0.98,,0.9800166246218381,0.01998337537816186,0,0.09970592600874023,5,0.001,0.1,1.0,0.9903388890750736,0.9955002980898607,0.9931959116678774,0.9958334320184145,0.9957757922620883,0.995673957049082,0.996541738595827,0.9946999680107843,0.9939798881336224,0.9951269448633042,0.9945455522622738
0,1,2.1785539482809178,0.3622,5000,2.256841641885263,0.2841726618705036,834,2.253381677328969,0.2887,0.993558523189906,0.08304073903256415,,,0.98,,0.9800166246218381,0.01998337537816186,0,0.09970592600874023,5,0.001,0.1,0.9903388890750736,1.0,0.9890755667377378,0.9895496870151306,0.9896678895901627,0.9890055693946073,0.9885497901682168,0.990261666658273,0.9915803004964242,0.9861266220562651,0.991762573330497,0.9917229887985736
0,2,2.1766589445672975,0.35288,5000,2.2556999877647117,0.29136690647482016,834,2.253381677328969,0.2887,0.997179890497631,0.08334340969616669,,,0.98,,0.9800166246218381,0.01998337537816186,0,0.09970592600874023,5,0.001,0.1,0.9955002980898607,0.9890755667377378,1.0,0.9949215342214636,0.9943530339425115,0.993646714848408,0.9924909474294854,0.995382436699156,0.9953690805627814,0.9931859826726113,0.9950285198601979,0.9920160438754732
0,3,2.1736489567787025,0.36952,5000,2.254006959773876,0.29136690647482016,834,2.253381677328969,0.2887,0.9970201516949349,0.08333005886889436,,,0.98,,0.9800166246218381,0.01998337537816186,0,0.09970592600874023,5,0.001,0.1,0.9931959116678774,0.9895496870151306,0.9949215342214636,1.0,0.9937422113162548,0.9933226353100818,0.9927806571638946,0.9953208591937674,0.9950325147803224,0.9936107852708542,0.9947512179617573,0.99283091607954
0,4,2.1745858446048323,0.38064,5000,2.2512381165115922,0.2917166866746699,833,2.253381677328969,0.2887,0.9979199990170368,0.08340526730896078,,,0.98,,0.9800166246218381,0.01998337537816186,0,0.09970592600874023,5,0.001,0.1,0.9958334320184145,0.9896678895901627,0.9943530339425115,0.9937422113162548,1.0,0.9959440554867772,0.9946268938381189,0.9940277873153526,0.9952040346686026,0.997076931623492,0.9938106302547427,0.9955384435768935
0,5,2.1767461998447493,0.3706,5000,2.2568132435833967,0.28331332533013204,833,2.253381677328969,0.2887,0.9973865509457523,0.08336068219289461,,,0.98,,0.9800166246218381,0.01998337537816186,0,0.09970592600874023,5,0.001,0.1,0.9957757922620883,0.9890055693946073,0.993646714848408,0.9933226353100818,0.9959440554867772,1.0,0.99501937835708,0.9934157101229646,0.9936916325321962,0.9963992548425765,0.9928890663314268,0.9943329816894341
0,6,2.1725315168405035,0.3766,5000,2.25367898411221,0.3013205282112845,833,2.253381677328969,0.2887,0.9971394201414244,0.08334002721973488,,,0.98,,0.9800166246218381,0.01998337537816186,0,0.09970592600874023,5,0.001,0.1,0.995673957049082,0.9885497901682168,0.9924909474294854,0.9927806571638946,0.9946268938381189,0.99501937835708,1.0,0.9944037972862516,0.9938229991932508,0.9947737189708279,0.9939080025410633,0.9944358002835562
0,7,2.172153237974568,0.33852,5000,2.258162675080476,0.297719087635054,833,2.253381677328969,0.2887,0.9975673562170536,0.08337579373690475,,,0.98,,0.9800166246218381,0.01998337537816186,0,0.09970592600874023,5,0.001,0.1,0.996541738595827,0.990261666658273,0.995382436699156,0.9953208591937674,0.9940277873153526,0.9934157101229646,0.9944037972862516,1.0,0.9949235657915805,0.9920427874856047,0.9965351881703574,0.9927505371292248
0,8,2.176667677824664,0.39532,5000,2.254534633071334,0.2737094837935174,833,2.253381677328969,0.2887,0.9977322933830185,0.08338957903876265,,,0.98,,0.9800166246218381,0.01998337537816186,0,0.09970592600874023,5,0.001,0.1,0.9946999680107843,0.9915803004964242,0.9953690805627814,0.9950325147803224,0.9952040346686026,0.9936916325321962,0.9938229991932508,0.9949235657915805,1.0,0.994598801533915,0.995336588739014,0.9933200139172899
0,9,2.178142987846569,0.39464,5000,2.2535917229122586,0.2845138055222089,833,2.253381677328969,0.2887,0.9968995925081059,0.08331998263912249,,,0.98,,0.9800166246218381,0.01998337537816186,0,0.09970592600874023,5,0.001,0.1,0.9939798881336224,0.9861266220562651,0.9931859826726113,0.9936107852708542,0.997076931623492,0.9963992548425765,0.9947737189708279,0.9920427874856047,0.994598801533915,1.0,0.99146558018464,0.9943561212004529
0,10,2.1669860396415563,0.36536,5000,2.2550078144779913,0.2773109243697479,833,2.253381677328969,0.2887,0.9973352503401297,0.08335639453383448,,,0.98,,0.9800166246218381,0.01998337537816186,0,0.09970592600874023,5,0.001,0.1,0.9951269448633042,0.991762573330497,0.9950285198601979,0.9947512179617573,0.9938106302547427,0.9928890663314268,0.9939080025410633,0.9965351881703574,0.995336588739014,0.99146558018464,1.0,0.9922146819750205
0,11,2.179279612583719,0.36236,5000,2.25301202138265,0.2893157262905162,833,2.253381677328969,0.2887,0.9969370030836705,0.0833231093818055,,,0.98,,0.9800166246218381,0.01998337537816186,0,0.09970592600874023,5,0.001,0.1,0.9945455522622738,0.9917229887985736,0.9920160438754732,0.99283091607954,0.9955384435768935,0.9943329816894341,0.9944358002835562,0.9927505371292248,0.9933200139172899,0.9943561212004529,0.9922146819750205,1.0
1,0,2.0163840568749007,0.48696,5000,2.1897286309136286,0.4628297362110312,834,2.194921482866184,0.4508,0.9985988467605119,0.08339484321463204,,,0.98,,0.9800166246218381,0.01998337537816186,0.9708128258724638,0.09982445707337799,5,0.001,0.1,1.0,0.9944000718648676,0.9972827514494622,0.9966621343325284,0.9972797055576338,0.9973876767057043,0.9975017765943516,0.9970656696076962,0.9964862758021911,0.996731258043748,0.9957518729188948,0.9955897074520564
1,1,2.022720100165932,0.48968,5000,2.1992373731401234,0.4364508393285372,834,2.194921482866184,0.4508,0.9970057063019111,0.08311390163683491,,,0.98,,0.9800166246218381,0.01998337537816186,0.9708128258724638,0.09982445707337799,5,0.001,0.1,0.9944000718648676,1.0,0.9947205375192765,0.9947806053614072,0.9948159357059838,0.9940724628270486,0.9944981312232919,0.9949248820467786,0.9951840064846943,0.9935961264870184,0.9956357425346603,0.9964567165831751
1,2,2.0196432081757076,0.4648,5000,2.199554761250814,0.4364508393285372,834,2.194921482866184,0.4508,0.9985773995963914,0.08335026990012792,,,0.98,,0.9800166246218381,0.01998337537816186,0.9708128258724638,0.09982445707337799,5,0.001,0.1,0.9972827514494622,0.9947205375192765,1.0,0.9975935483180968,0.9969805489560489,0.9965611445074304,0.9958188206103696,0.9968472017353099,0.9970608134458411,0.9970159286031374,0.9964992080252316,0.995505194328266
1,3,2.0118263962921823,0.4794,5000,2.194951816841408,0.45323741007194246,834,2.194921482866184,0.4508,0.9985682978838899,0.08334178776630496,,,0.98,,0.9800166246218381,0.01998337537816186,0.9708128258724638,0.09982445707337799,5,0.001,0.1,0.9966621343325284,0.9947806053614072,0.9975935483180968,1.0,0.9969390351328875,0.9963748152655375,0.995967826197585,0.9973953102961276,0.997485436784492,0.9968949010211845,0.9965163856042479,0.9951673280167364
1,4,2.0137229770611804,0.50452,5000,2.1943304891939515,0.4777911164465786,833,2.194921482866184,0.4508,0.9986932604878717,0.0833919484064874,,,0.98,,0.9800166246218381,0.01998337537816186,0.9708128258724638,0.09982445707337799,5,0.001,0.1,0.9972797055576338,0.9948159357059838,0.9969805489560489,0.9969390351328875,1.0,0.9972059380064134,0.9971037200027433,0.9957861323545303,0.9970576076664718,0.9981365230343,0.9952988684182618,0.9966685261430731
1,5,2.017725203902858,0.49364,5000,2.198062437551993,0.4729891956782713,833,2.194921482866184,0.4508,0.9983094017160394,0.08335221249650916,,,0.98,,0.9800166246218381,0.01998337537816186,0.9708128258724638,0.09982445707337799,5,0.001,0.1,0.9973876767057043,0.9940724628270486,0.9965611445074304,0.9963748152655375,0.9972059380064134,1.0,0.9974164283533407,0.9953167264370353,0.9962190025809903,0.9978615711592922,0.9944304964640482,0.995827739327057
1,6,2.008878070685514,0.49688,5000,2.1959304809570312,0.46218487394957986,833,2.194921482866184,0.4508,0.9983220617132581,0.0833399530514034,,,0.98,,0.9800166246218381,0.01998337537816186,0.9708128258724638,0.09982445707337799,5,0.001,0.1,0.9975017765943516,0.9944981312232919,0.9958188206103696,0.995967826197585,0.9971037200027433,0.9974164283533407,1.0,0.9957938401834617,0.9963540344620563,0.9975708380499368,0.9949969908343186,0.9958048933732612
1,7,2.0091550360819337,0.45564,5000,2.2025535636478,0.4417767106842737,833,2.194921482866184,0.4508,0.9982466495900854,0.0833594550710468,,,0.98,,0.9800166246218381,0.01998337537816186,0.9708128258724638,0.09982445707337799,5,0.001,0.1,0.9970656696076962,0.9949248820467786,0.9968472017353099,0.9973953102961276,0.9957861323545303,0.9953167264370353,0.9957938401834617,1.0,0.996744931668282,0.995062122124369,0.9977205077081299,0.9952670121095141
1,8,2.0164813465373532,0.50624,5000,2.196256081263224,0.4369747899159664,833,2.194921482866184,0.4508,0.9985259201104776,0.08337692472717126,,,0.98,,0.9800166246218381,0.01998337537816186,0.9708128258724638,0.09982445707337799,5,0.001,0.1,0.9964862758021911,0.9951840064846943,0.9970608134458411,0.997485436784492,0.9970576076664718,0.9962190025809903,0.9963540344620563,0.996744931668282,1.0,0.9971193111826896,0.9961711827948444,0.9953873476205798
1,9,2.019390311058919,0.502,5000,2.1972714530097113,0.43577430972388953,833,2.194921482866184,0.4508,0.998451037483817,0.08333182264598323,,,0.98,,0.9800166246218381,0.01998337537816186,0.9708128258724638,0.09982445707337799,5,0.001,0.1,0.996731258043748,0.9935961264870184,0.9970159286031374,0.9968949010211845,0.9981365230343,0.9978615711592922,0.9975708380499368,0.995062122124369,0.9971193111826896,1.0,0.994183880748139,0.9961969873422516
1,10,2.001741512717715,0.4748,5000,2.1961130654370344,0.4417767106842737,833,2.194921482866184,0.4508,0.9977881655504711,0.08333275728336746,,,0.98,,0.9800166246218381,0.01998337537816186,0.9708128258724638,0.09982445707337799,5,0.001,0.1,0.9957518729188948,0.9956357425346603,0.9964992080252316,0.9965163856042479,0.9952988684182618,0.9944304964640482,0.9949969908343186,0.9977205077081299,0.9961711827948444,0.994183880748139,1.0,0.9952323882600731
1,11,2.022442734772992,0.48344,5000,2.193360063764784,0.45138055222088835,833,2.194921482866184,0.4508,0.9978433380646099,0.08331412380013149,,,0.98,,0.9800166246218381,0.01998337537816186,0.9708128258724638,0.09982445707337799,5,0.001,0.1,0.9955897074520564,0.9964567165831751,0.995505194328266,0.9951673280167364,0.9966685261430731,0.995827739327057,0.9958048933732612,0.9952670121095141,0.9953873476205798,0.9961969873422516,0.9952323882600731,1.0
2,0,1.8263265017491237,0.55428,5000,2.115394804212782,0.5167865707434053,834,2.1220722327978847,0.5077,0.999038731161376,0.08337570066185283,,,0.98,,0.9800166246218381,0.01998337537816186,0.9894556516973704,0.09988947022041564,5,0.001,0.1,1.0,0.9966960688123657,0.9982402966031011,0.997529488483318,0.9979695524875317,0.9982106316330231,0.9981193592448753,0.9980665503985997,0.9972737806395486,0.9978753065708431,0.9975176923513821,0.9977110471475852
2,1,1.8363666745507794,0.55936,5000,2.1272645791371665,0.5083932853717026,834,2.1220722327978847,0.5077,0.9983060960116511,0.08317979344208754,,,0.98,,0.9800166246218381,0.01998337537816186,0.9894556516973704,0.09988947022041564,5,0.001,0.1,0.9966960688123657,1.0,0.9970342943174567,0.9968224640562935,0.9968511223167054,0.9967254210923931,0.9971274305697712,0.9967989461114191,0.9970377784321548,0.9968333866988164,0.9972407938084465,0.99727321947909
2,2,1.830108141443532,0.53268,5000,2.129243991993092,0.4856115107913669,834,2.1220722327978847,0.5077,0.9991617678158263,0.08335234046213459,,,0.98,,0.9800166246218381,0.01998337537816186,0.9894556516973704,0.09988947022041564,5,0.001,0.1,0.9982402966031011,0.9970342943174567,1.0,0.9982144300875975,0.9980941706437626,0.998060791407896,0.9975774102317515,0.9977646363270475,0.9977092569002719,0.9984959342721306,0.997914837308443,0.9975801267723472
2,3,1.8190096521073846,0.5448,5000,2.12131377502724,0.5143884892086331,834,2.1220722327978847,0.5077,0.9989674847408938,0.08334086963062752,,,0.98,,0.9800166246218381,0.01998337537816186,0.9894556516973704,0.09988947022041564,5,0.001,0.1,0.997529488483318,0.9968224640562935,0.9982144300875975,1.0,0.9979844191715235,0.9976079567687053,0.9973851085086991,0.9978711471645251,0.9979377320005476,0.998057088810511,0.9977708658448565,0.9971767525712398
2,4,1.8215216395201956,0.57224,5000,2.1229919857449002,0.5234093637454982,833,2.1220722327978847,0.5077,0.999053180952179,0.0833743919869059,,,0.98,,0.9800166246218381,0.01998337537816186,0.9894556516973704,0.09988947022041564,5,0.001,0.1,0.9979695524875317,0.9968511223167054,0.9980941706437626,0.9979844191715235,1.0,0.9980088554908936,0.9978932593250146,0.9971741724272866,0.997532614815761,0.9985997172866449,0.9974448713340013,0.9978309358977063
2,5,1.8278061845499998,0.56384,5000,2.124990048231902,0.5150060024009604,833,2.1220722327978847,0.5077,0.998947018619229,0.08334660123647436,,,0.98,,0.9800166246218381,0.01998337537816186,0.9894556516973704,0.09988947022041564,5,0.001,0.1,0.9982106316330231,0.9967254210923931,0.998060791407896,0.9976079567687053,0.9980088554908936,1.0,0.9980163068436709,0.9970522203379815,0.9972474718368136,0.9983314692947038,0.9970811213939481,0.9977695463234224
2,6,1.8161174090804568,0.5674,5000,2.1240412217599376,0.5138055222088835,833,2.1220722327978847,0.5077,0.9989760746618515,0.08334002185940974,,,0.98,,0.9800166246218381,0.01998337537816186,0.9894556516973704,0.09988947022041564,5,0.001,0.1,0.9981193592448753,0.9971274305697712,0.9975774102317515,0.9973851085086991,0.9978932593250146,0.9980163068436709,1.0,0.9975570114069287,0.997534563737566,0.9982777138814011,0.9974066820437952,0.9975664997294893
2,7,1.8187895103624672,0.53736,5000,2.1323943932851157,0.49459783913565425,833,2.1220722327978847,0.5077,0.9987353554017934,0.08334421136542398,,,0.98,,0.9800166246218381,0.01998337537816186,0.9894556516973704,0.09988947022041564,5,0.001,0.1,0.9980665503985997,0.9967989461114191,0.9977646363270475,0.9978711471645251,0.9971741724272866,0.9970522203379815,0.9975570114069287,1.0,0.9975676487032689,0.9970001443023236,0.9980567027279228,0.996665722474631
2,8,1.8231828938623902,0.56024,5000,2.124190339335689,0.5186074429771909,833,2.1220722327978847,0.5077,0.9988207259338958,0.08335767822460707,,,0.98,,0.9800166246218381,0.01998337537816186,0.9894556516973704,0.09988947022041564,5,0.001,0.1,0.9972737806395486,0.9970377784321548,0.9977092569002719,0.9979377320005476,0.997532614815761,0.9972474718368136,0.997534563737566,0.9975676487032689,1.0,0.9980181381567187,0.9975203741419247,0.9972194140447205
2,9,1.828023521763504,0.56084,5000,2.1272770828670926,0.4909963985594238,833,2.1220722327978847,0.5077,0.9991852703213344,0.0833417877103869,,,0.98,,0.9800166246218381,0.01998337537816186,0.9894556516973704,0.09988947022041564,5,0.001,0.1,0.9978753065708431,0.9968333866988164,0.9984959342721306,0.998057088810511,0.9985997172866449,0.9983314692947038,0.9982777138814011,0.9970001443023236,0.9980181381567187,1.0,0.9973347316048555,0.9981440933186062
2,10,1.8098461737298661,0.55144,5000,2.1235353151957193,0.49939975990396157,833,2.1220722327978847,0.5077,0.9987864027124644,0.08332948859281171,,,0.98,,0.9800166246218381,0.01998337537816186,0.9894556516973704,0.09988947022041564,5,0.001,0.1,0.9975176923513821,0.9972407938084465,0.997914837308443,0.9977708658448565,0.9974448713340013,0.9970811213939481,0.9974066820437952,0.9980567027279228,0.9975203741419247,0.9973347316048555,1.0,0.996900191276135
2,11,1.833794355999892,0.55996,5000,2.119577487309774,0.5114045618247299,833,2.1220722327978847,0.5077,0.9987570162988609,0.08331711482727801,,,0.98,,0.9800166246218381,0.01998337537816186,0.9894556516973704,0.09988947022041564,5,0.001,0.1,0.9977110471475852,0.99727321947909,0.9975801267723472,0.9971767525712398,0.9978309358977063,0.9977695463234224,0.9975664997294893,0.996665722474631,0.9972194140447205,0.9981440933186062,0.996900191276135,1.0
3,0,1.6478002876233144,0.58792,5000,2.024758952635306,0.5431654676258992,834,2.033055492864249,0.5305,0.9989285051557175,0.08336045662481083,,,0.98,,0.9800166246218381,0.01998337537816186,0.9957848801377684,0.09988930553410123,5,0.001,0.1,1.0,0.9968739974188766,0.9981820556937242,0.9973872452926911,0.9976403803254671,0.9980933414234993,0.9978935545823856,0.9980359412009341,0.9970179415330472,0.9977992576380672,0.9974167445943954,0.9975304465623329
3,1,1.6607027099390699,0.58852,5000,2.0390802886750965,0.5335731414868106,834,2.033055492864249,0.5305,0.9984200327778452,0.08322392361768974,,,0.98,,0.9800166246218381,0.01998337537816186,0.9957848801377684,0.09988930553410123,5,0.001,0.1,0.9968739974188766,1.0,0.9971953798285426,0.9969739243798386,0.9968656402136729,0.9968459516776834,0.9973695268522078,0.9969660056027594,0.9972214329648621,0.9971227949569178,0.997119946860383,0.9972297011798972
3,2,1.6534300565719604,0.56848,5000,2.04300887937899,0.5023980815347722,834,2.033055492864249,0.5305,0.9991787564245772,0.08335420902748271,,,0.98,,0.9800166246218381,0.01998337537816186,0.9957848801377684,0.09988930553410123,5,0.001,0.1,0.9981820556937242,0.9971953798285426,1.0,0.9981823548790324,0.9980630583488334,0.998388126455633,0.9977248553649661,0.9976625316580678,0.9974896777182373,0.9986221123859272,0.9977771955386266,0.9975838920485042
3,3,1.640659412380996,0.57684,5000,2.031381699774,0.5371702637889688,834,2.033055492864249,0.5305,0.9989136227584623,0.08333861913856032,,,0.98,,0.9800166246218381,0.01998337537816186,0.9957848801377684,0.09988930553410123,5,0.001,0.1,0.9973872452926911,0.9969739243798386,0.9981823548790324,1.0,0.9980085223940846,0.9976913523028135,0.9971009965267252,0.9978343208151633,0.9978704480888305,0.9979314526717641,0.9975902363968726,0.997122576210089
3,4,1.642530800278779,0.60372,5000,2.035511533419291,0.5402160864345739,833,2.033055492864249,0.5305,0.9990148268567308,0.08336243995458614,,,0.98,,0.9800166246218381,0.01998337537816186,0.9957848801377684,0.09988930553410123,5,0.001,0.1,0.9976403803254671,0.9968656402136729,0.9980630583488334,0.9980085223940846,1.0,0.9980562927954177,0.9977969383807679,0.9972633089344437,0.9975215660848303,0.9985286548220519,0.9973774965283952,0.9977836945129276
3,5,1.649604999487567,0.598,5000,2.036068589599044,0.5450180072028812,833,2.033055492864249,0.5305,0.9989942968777191,0.08334473707079565,,,0.98,,0.9800166246218381,0.01998337537816186,0.9957848801377684,0.09988930553410123,5,0.001,0.1,0.9980933414234993,0.9968459516776834,0.998388126455633,0.9976913523028135,0.9980562927954177,1.0,0.9979612061162336,0.9972915131950526,0.9972777957771299,0.9983060460862272,0.9971131529223607,0.9976350598093799
3,6,1.6372596721740285,0.59876,5000,2.036216245757209,0.5378151260504201,833,2.033055492864249,0.5305,0.9989568146634672,0.0833394931986456,,,0.98,,0.9800166246218381,0.01998337537816186,0.9957848801377684,0.09988930553410123,5,0.001,0.1,0.9978935545823856,0.9973695268522078,0.9977248553649661,0.9971009965267252,0.9977969383807679,0.9979612061162336,1.0,0.9976316550869605,0.9974373235638686,0.9983023097542457,0.9973913557219424,0.9976023038253929
3,7,1.6408355551160825,0.57992,5000,2.0458778981809265,0.5114045618247299,833,2.033055492864249,0.5305,0.9988202802640708,0.08333765583760915,,,0.98,,0.9800166246218381,0.01998337537816186,0.9957848801377684,0.09988930553410123,5,0.001,0.1,0.9980359412009341,0.9969660056027594,0.9976625316580678,0.9978343208151633,0.9972633089344437,0.9972915131950526,0.9976316550869605,1.0,0.9976001281295931,0.9974148056812658,0.997848836102173,0.9970257135726598
3,8,1.6437168690809019,0.59516,5000,2.0364691063209817,0.539015606242497,833,2.033055492864249,0.5305,0.9987745498937365,0.08334443745177891,,,0.98,,0.9800166246218381,0.01998337537816186,0.9957848801377684,0.09988930553410123,5,0.001,0.1,0.9970179415330472,0.9972214329648621,0.9974896777182373,0.9978704480888305,0.9975215660848303,0.9972777957771299,0.9974373235638686,0.9976001281295931,1.0,0.9979498588216216,0.9973509764462634,0.9972899549886427
3,9,1.6492316277163803,0.58892,5000,2.0415463315116034,0.5198079231692677,833,2.033055492864249,0.5305,0.9992311294317054,0.08334942861529647,,,0.98,,0.9800166246218381,0.01998337537816186,0.9957848801377684,0.09988930553410123,5,0.001,0.1,0.9977992576380672,0.9971227949569178,0.9986221123859272,0.9979314526717641,0.9985286548220519,0.9983060460862272,0.9983023097542457,0.9974148056812658,0.9979498588216216,1.0,0.9975192952599717,0.9980023952145353
3,10,1.631857044833481,0.58312,5000,2.0348402659098306,0.5198079231692677,833,2.033055492864249,0.5305,0.9987292126119934,0.08332568940888345,,,0.98,,0.9800166246218381,0.01998337537816186,0.9957848801377684,0.09988930553410123,5,0.001,0.1,0.9974167445943954,0.997119946860383,0.9977771955386266,0.9975902363968726,0.9973774965283952,0.9971131529223607,0.9973913557219424,0.997848836102173,0.9973509764462634,0.9975192952599717,1.0,0.9969789404893113
3,11,1.6550852008685943,0.59528,5000,2.0298631014647306,0.5366146458583433,833,2.033055492864249,0.5305,0.9987542442065547,0.08331891005386127,,,0.98,,0.9800166246218381,0.01998337537816186,0.9957848801377684,0.09988930553410123,5,0.001,0.1,0.9975304465623329,0.9972297011798972,0.9975838920485042,0.997122576210089,0.9977836945129276,0.9976350598093799,0.9976023038253929,0.9970257135726598,0.9972899549886427,0.9980023952145353,0.9969789404893113,1.0
4,0,1.4977764699109801,0.61416,5000,1.9184396090330902,0.5719424460431655,834,1.928538755106088,0.5586,0.9988651727594066,0.08335044455659621,,,0.98,,0.9800166246218381,0.01998337537816186,0.9974737088313911,0.09988503619435744,5,0.001,0.1,1.0,0.9965791543605481,0.9980615930940162,0.9972908199382449,0.9976100771998739,0.9977420096304925,0.9978453453178187,0.997918811900294,0.9968119403425548,0.9977860647340554,0.9972902866377132,0.9976639785266858
4,1,1.511605153114173,0.6072,5000,1.935555550787184,0.5671462829736211,834,1.928538755106088,0.5586,0.9983135229247898,0.08324892269847106,,,0.98,,0.9800166246218381,0.01998337537816186,0.9974737088313911,0.09988503619435744,5,0.001,0.1,0.9965791543605481,1.0,0.9972299728315033,0.9966154200406546,0.9968461639023772,0.99681132142886,0.9972361851996913,0.996702432145002,0.9970780660918923,0.9971442652378929,0.9968909484039286,0.9968602344520676
4,2,1.5025639784563878,0.59528,5000,1.9414078880239416,0.5251798561151079,834,1.928538755106088,0.5586,0.9991532529916439,0.0833559107274432,,,0.98,,0.9800166246218381,0.01998337537816186,0.9974737088313911,0.09988503619435744,5,0.001,0.1,0.9980615930940162,0.9972299728315033,1.0,0.9978627521676556,0.9980364107350667,0.9981650538883857,0.997809061996643,0.9975267322504726,0.9973555837142513,0.9986000867816118,0.9978351337308857,0.9975712729348267
4,3,1.4900276018555756,0.60012,5000,1.9258759198365387,0.5755395683453237,834,1.928538755106088,0.5586,0.9987954054846959,0.0833348027723015,,,0.98,,0.9800166246218381,0.01998337537816186,0.9974737088313911,0.09988503619435744,5,0.001,0.1,0.9972908199382449,0.9966154200406546,0.9978627521676556,1.0,0.9978722492818398,0.9976230313413506,0.9971178508939189,0.9977832516683782,0.9973440222426487,0.9976718232213451,0.9973956328729368,0.9971876545743802
4,4,1.4915991782382796,0.6296,5000,1.9322046394701358,0.5678271308523409,833,1.928538755106088,0.5586,0.999007212189123,0.08335624464419414,,,0.98,,0.9800166246218381,0.01998337537816186,0.9974737088313911,0.09988503619435744,5,0.001,0.1,0.9976100771998739,0.9968461639023772,0.9980364107350667,0.9978722492818398,1.0,0.9979686138354069,0.9978666796962391,0.9972796891036274,0.9972996839597981,0.998346947651605,0.997508019999136,0.9976681709726242
4,5,1.4994303879464508,0.62024,5000,1.9317889699229487,0.5678271308523409,833,1.928538755106088,0.5586,0.9989536049661112,0.08334365962346867,,,0.98,,0.9800166246218381,0.01998337537816186,0.9974737088313911,0.09988503619435744,5,0.001,0.1,0.9977420096304925,0.99681132142886,0.9981650538883857,0.9976230313413506,0.9979686138354069,1.0,0.9978923033310501,0.9973493740526392,0.9972824119869108,0.9981447723243418,0.9971556541580185,0.9975259186783955
4,6,1.4877964648471516,0.6226,5000,1.9330894902900413,0.5714285714285714,833,1.928538755106088,0.5586,0.9989736382805857,0.0833410907299928,,,0.98,,0.9800166246218381,0.01998337537816186,0.9974737088313911,0.09988503619435744,5,0.001,0.1,0.9978453453178187,0.9972361851996913,0.997809061996643,0.9971178508939189,0.9978666796962391,0.9978923033310501,1.0,0.9976279214148661,0.9974839073839141,0.9983257987722575,0.9972684946476483,0.9974277699485499
4,7,1.4931680380918417,0.612,5000,1.9433811549787168,0.539015606242497,833,1.928538755106088,0.5586,0.9987931634391499,0.0833341397429141,,,0.98,,0.9800166246218381,0.01998337537816186,0.9974737088313911,0.09988503619435744,5,0.001,0.1,0.997918811900294,0.996702432145002,0.9975267322504726,0.9977832516683782,0.9972796891036274,0.9973493740526392,0.9976279214148661,1.0,0.9975010735384672,0.9974015644815788,0.9975682883346165,0.9970787502450981
4,8,1.4906338525425857,0.62028,5000,1.93370313556106,0.5630252100840336,833,1.928538755106088,0.5586,0.9986770691359271,0.08333455142180678,,,0.98,,0.9800166246218381,0.01998337537816186,0.9974737088313911,0.09988503619435744,5,0.001,0.1,0.9968119403425548,0.9970780660918923,0.9973555837142513,0.9973440222426487,0.9972996839597981,0.9972824119869108,0.9974839073839141,0.9975010735384672,1.0,0.9978402185514562,0.9971340924772764,0.9972159918196004
4,9,1.498359058768886,0.61628,5000,1.9407117852458247,0.5426170468187275,833,1.928538755106088,0.5586,0.9992131924542523,0.08335491388480679,,,0.98,,0.9800166246218381,0.01998337537816186,0.9974737088313911,0.09988503619435744,5,0.001,0.1,0.9977860647340554,0.9971442652378929,0.9986000867816118,0.9976718232213451,0.998346947651605,0.9981447723243418,0.9983257987722575,0.9974015644815788,0.9978402185514562,1.0,0.9976660259568407,0.9978444324076245
4,10,1.4818059315347367,0.61208,5000,1.9311576596012823,0.5450180072028812,833,1.928538755106088,0.5586,0.9987153715678764,0.08332429168212573,,,0.98,,0.9800166246218381,0.01998337537816186,0.9974737088313911,0.09988503619435744,5,0.001,0.1,0.9972902866377132,0.9968909484039286,0.9978351337308857,0.9973956328729368,0.997508019999136,0.9971556541580185,0.9972684946476483,0.9975682883346165,0.9971340924772764,0.9976660259568407,1.0,0.9970936049309246
4,11,1.5051274211543382,0.6248,5000,1.9251412903821026,0.5666266506602641,833,1.928538755106088,0.5586,0.998743035193259,0.08332102751587904,,,0.98,,0.9800166246218381,0.01998337537816186,0.9974737088313911,0.09988503619435744,5,0.001,0.1,0.9976639785266858,0.9968602344520676,0.9975712729348267,0.9971876545743802,0.9976681709726242,0.9975259186783955,0.9974277699485499,0.9970787502450981,0.9972159918196004,0.9978444324076245,0.9970936049309246,1.0
5,0,1.3722136014586042,0.63492,5000,1.7985127766927083,0.5995203836930456,834,1.8104319058287257,0.5856,0.9986662534804729,0.08334396007141107,,,0.98,,0.9800166246218381,0.01998337537816186,0.9981523119442942,0.09986621251843872,5,0.001,0.1,1.0,0.9961252406527012,0.9976879841411839,0.9969750670838203,0.9969773176260253,0.997460529007039,0.9974041640181194,0.997463109626194,0.9964949592417116,0.9972395970911929,0.9969423697009971,0.9971904529939258
5,1,1.386526290018847,0.62536,5000,1.818619520575912,0.5899280575539568,834,1.8104319058287257,0.5856,0.9980979910656858,0.08326336421136575,,,0.98,,0.9800166246218381,0.01998337537816186,0.9981523119442942,0.09986621251843872,5,0.001,0.1,0.9961252406527012,1.0,0.9967618447208064,0.9963295247458157,0.9964465198293807,0.9964795687382424,0.9967635636821678,0.9961843867139223,0.9965776381488721,0.9967760845757111,0.9962276731056364,0.9964839788416479
5,2,1.3773647269625573,0.618,5000,1.8264500388392695,0.5491606714628298,834,1.8104319058287257,0.5856,0.9989844658637881,0.08335758227559786,,,0.98,,0.9800166246218381,0.01998337537816186,0.9981523119442942,0.09986621251843872,5,0.001,0.1,0.9976879841411839,0.9967618447208064,1.0,0.9975459441352225,0.9975116104044179,0.997652045369928,0.9974928334561328,0.9971291515867376,0.996933346485879,0.998274472355416,0.997498585800772,0.9972865200604595
5,3,1.3643421418347936,0.6248,5000,1.8069846409338493,0.6019184652278178,834,1.8104319058287257,0.5856,0.9986721333348457,0.08333455797479644,,,0.98,,0.9800166246218381,0.01998337537816186,0.9981523119442942,0.09986621251843872,5,0.001,0.1,0.9969750670838203,0.9963295247458157,0.9975459441352225,1.0,0.9975684919502936,0.9974262814688051,0.9967282763199983,0.9974882979098857,0.9970548144436089,0.9973083601525796,0.996809702714336,0.996797113299793
5,4,1.3657266285009444,0.64632,5000,1.8147306972079806,0.6002400960384153,833,1.8104319058287257,0.5856,0.9987886022604775,0.08335146558570575,,,0.98,,0.9800166246218381,0.01998337537816186,0.9981523119442942,0.09986621251843872,5,0.001,0.1,0.9969773176260253,0.9964465198293807,0.9975116104044179,0.9975684919502936,1.0,0.9975677190108161,0.9973939918282281,0.9970718732731599,0.9968536107798157,0.9978918796214874,0.9969328066835907,0.9972111631434076
5,5,1.3731125716950483,0.63948,5000,1.8140510938785694,0.6122448979591837,833,1.8104319058287257,0.5856,0.9987626748962489,0.08334291138915544,,,0.98,,0.9800166246218381,0.01998337537816186,0.9981523119442942,0.09986621251843872,5,0.001,0.1,0.997460529007039,0.9964795687382424,0.997652045369928,0.9974262814688051,0.9975677190108161,1.0,0.9973110351233272,0.9970261274071337,0.99678573097775,0.9975786610118266,0.9967754147360625,0.9970534749357005
5,6,1.3638641858556468,0.63864,5000,1.8167472062287506,0.5906362545018007,833,1.8104319058287257,0.5856,0.9987919621446338,0.08334228132970152,,,0.98,,0.9800166246218381,0.01998337537816186,0.9981523119442942,0.09986621251843872,5,0.001,0.1,0.9974041640181194,0.9967635636821678,0.9974928334561328,0.9967282763199983,0.9973939918282281,0.9973110351233272,1.0,0.9973666070262103,0.9971955606946605,0.9979635646624974,0.9968157625401022,0.99703258298732
5,7,1.3680706835856105,0.6328,5000,1.8270648188061185,0.5786314525810324,833,1.8104319058287257,0.5856,0.9986446453108911,0.08333326422146951,,,0.98,,0.9800166246218381,0.01998337537816186,0.9981523119442942,0.09986621251843872,5,0.001,0.1,0.997463109626194,0.9961843867139223,0.9971291515867376,0.9974882979098857,0.9970718732731599,0.9970261274071337,0.9973666070262103,1.0,0.9972560333355887,0.9970431872813057,0.9969569391994222,0.9967168275819672
5,8,1.3630860724266927,0.64048,5000,1.8174955933182328,0.581032412965186,833,1.8104319058287257,0.5856,0.998506658028934,0.08332906316244587,,,0.98,,0.9800166246218381,0.01998337537816186,0.9981523119442942,0.09986621251843872,5,0.001,0.1,0.9964949592417116,0.9965776381488721,0.996933346485879,0.9970548144436089,0.9968536107798157,0.99678573097775,0.9971955606946605,0.9972560333355887,1.0,0.9975761106288941,0.9965155866859318,0.9968060947804495
5,9,1.370625980340751,0.63428,5000,1.8263424988146182,0.5630252100840336,833,1.8104319058287257,0.5856,0.9990262205427098,0.08335831861400175,,,0.98,,0.9800166246218381,0.01998337537816186,0.9981523119442942,0.09986621251843872,5,0.001,0.1,0.9972395970911929,0.9967760845757111,0.998274472355416,0.9973083601525796,0.9978918796214874,0.9975786610118266,0.9979635646624974,0.9970431872813057,0.9975761106288941,1.0,0.9971932507573396,0.9974295277166464
5,10,1.358459422770579,0.63556,5000,1.8140450451109145,0.5702280912364946,833,1.8104319058287257,0.5856,0.9984459624449049,0.08332081273999377,,,0.98,,0.9800166246218381,0.01998337537816186,0.9981523119442942,0.09986621251843872,5,0.001,0.1,0.9969423697009971,0.9962276731056364,0.997498585800772,0.996809702714336,0.9969328066835907,0.9967754147360625,0.9968157625401022,0.9969569391994222,0.9965155866859318,0.9971932507573396,1.0,0.9966539497716588
5,11,1.3793574040103111,0.641,5000,1.8071934073059648,0.5906362545018007,833,1.8104319058287257,0.5856,0.9985577320400262,0.08332241842435548,,,0.98,,0.9800166246218381,0.01998337537816186,0.9981523119442942,0.09986621251843872,5,0.001,0.1,0.9971904529939258,0.9964839788416479,0.9972865200604595,0.996797113299793,0.9972111631434076,0.9970534749357005,0.99703258298732,0.9967168275819672,0.9968060947804495,0.9974295277166464,0.9966539497716588,1.0
6,0,1.2697936648775818,0.65048,5000,1.6688972667411521,0.6330935251798561,834,1.6825446351267659,0.6142,0.9984823056660207,0.0833437098337871,,,0.98,,0.9800166246218381,0.01998337537816186,0.9985933864189619,0.09983628101835809,5,0.001,0.1,1.0,0.9952709319586783,0.9973494382711475,0.9963333796827473,0.9963703873859112,0.9969881471067003,0.9967807510466524,0.9969843928901713,0.9960009769564593,0.9970397721352116,0.9964682922553295,0.9965830348042036
6,1,1.28333175114006,0.63936,5000,1.6916977167129517,0.6127098321342925,834,1.6825446351267659,0.6142,0.9976409377131129,0.08326712293055184,,,0.98,,0.9800166246218381,0.01998337537816186,0.9985933864189619,0.09983628101835809,5,0.001,0.1,0.9952709319586783,1.0,0.9960867963461982,0.9955538521585718,0.9955635844951188,0.9956472605684946,0.9959382226953571,0.9954238173317493,0.9956331639999546,0.9961634381061341,0.995110482121871,0.9957033651053847
6,2,1.2756535017566317,0.6388,5000,1.70200686984592,0.5851318944844125,834,1.6825446351267659,0.6142,0.9988037808039588,0.0833624409637512,,,0.98,,0.9800166246218381,0.01998337537816186,0.9985933864189619,0.09983628101835809,5,0.001,0.1,0.9973494382711475,0.9960867963461982,1.0,0.9969057486322281,0.996889460865458,0.9974375309375683,0.996984669120747,0.9966309792653057,0.9963568500416086,0.9979655260593371,0.9968066808052728,0.9966070615842141
6,3,1.2613615854530578,0.6456,5000,1.6782094593401309,0.6354916067146283,834,1.6825446351267659,0.6142,0.9982698380091871,0.08333108546204056,,,0.98,,0.9800166246218381,0.01998337537816186,0.9985933864189619,0.09983628101835809,5,0.001,0.1,0.9963333796827473,0.9955538521585718,0.9969057486322281,1.0,0.9969437938736552,0.9966295075191158,0.9957663969986772,0.996885248157047,0.99588963388599,0.9966698340970025,0.995876517758257,0.9961709221812192
6,4,1.2617454266851875,0.6586,5000,1.6871137045047901,0.6278511404561825,833,1.6825446351267659,0.6142,0.9983879001284662,0.08334526563381683,,,0.98,,0.9800166246218381,0.01998337537816186,0.9985933864189619,0.09983628101835809,5,0.001,0.1,0.9963703873859112,0.9955635844951188,0.996889460865458,0.9969437938736552,1.0,0.9969267347895574,0.9965908716874482,0.9963995758372683,0.9956296644484298,0.9972530836740755,0.9961541830357433,0.9963170584843882
6,5,1.2709072245913706,0.65376,5000,1.6868575811386108,0.6410564225690276,833,1.6825446351267659,0.6142,0.9985588148655623,0.08334553628930784,,,0.98,,0.9800166246218381,0.01998337537816186,0.9985933864189619,0.09983628101835809,5,0.001,0.1,0.9969881471067003,0.9956472605684946,0.9974375309375683,0.9966295075191158,0.9969267347895574,1.0,0.9968749895749285,0.9965352132377545,0.9961470657677245,0.9973917424561412,0.996256660825378,0.9962512778586626
6,6,1.2593831703161738,0.653,5000,1.6907585285328053,0.6146458583433373,833,1.6825446351267659,0.6142,0.9984962557872294,0.08334313056436107,,,0.98,,0.9800166246218381,0.01998337537816186,0.9985933864189619,0.09983628101835809,5,0.001,0.1,0.9967807510466524,0.9959382226953571,0.996984669120747,0.9957663969986772,0.9965908716874482,0.9968749895749285,1.0,0.9967713730793756,0.9966640901650075,0.9975936185316859,0.9961138719719891,0.9962582534296411
6,7,1.265153310860798,0.65228,5000,1.7004784301475242,0.6014405762304922,833,1.6825446351267659,0.6142,0.998413171276384,0.08333491859958315,,,0.98,,0.9800166246218381,0.01998337537816186,0.9985933864189619,0.09983628101835809,5,0.001,0.1,0.9969843928901713,0.9954238173317493,0.9966309792653057,0.996885248157047,0.9963995758372683,0.9965352132377545,0.9967713730793756,1.0,0.9964883765008713,0.9966292172653513,0.996426119202932,0.9961677879622007
6,8,1.256920833800249,0.65692,5000,1.6919227397000347,0.6158463385354142,833,1.6825446351267659,0.6142,0.9981197400869147,0.08332287059898451,,,0.98,,0.9800166246218381,0.01998337537816186,0.9985933864189619,0.09983628101835809,5,0.001,0.1,0.9960009769564593,0.9956331639999546,0.9963568500416086,0.99588963388599,0.9956296644484298,0.9961470657677245,0.9966640901650075,0.9964883765008713,1.0,0.9971374441381156,0.9959675401495423,0.9959124259831621
6,9,1.2660652183423375,0.64996,5000,1.7022660749929923,0.5918367346938775,833,1.6825446351267659,0.6142,0.9989049470968651,0.08336615805253829,,,0.98,,0.9800166246218381,0.01998337537816186,0.9985933864189619,0.09983628101835809,5,0.001,0.1,0.9970397721352116,0.9961634381061341,0.9979655260593371,0.9966698340970025,0.9972530836740755,0.9973917424561412,0.9975936185316859,0.9966292172653513,0.9971374441381156,1.0,0.9968139826630351,0.9965750779384851
6,10,1.2552245924427252,0.65036,5000,1.6876259203310366,0.5966386554621849,833,1.6825446351267659,0.6142,0.9981146153413734,0.08331764526238554,,,0.98,,0.9800166246218381,0.01998337537816186,0.9985933864189619,0.09983628101835809,5,0.001,0.1,0.9964682922553295,0.995110482121871,0.9968066808052728,0.995876517758257,0.9961541830357433,0.996256660825378,0.9961138719719891,0.996426119202932,0.9959675401495423,0.9968139826630351,1.0,0.9957712860486607
6,11,1.2765365227012877,0.65632,5000,1.6798586138972529,0.6146458583433373,833,1.6825446351267659,0.6142,0.9981606457412613,0.08332011580889216,,,0.98,,0.9800166246218381,0.01998337537816186,0.9985933864189619,0.09983628101835809,5,0.001,0.1,0.9965830348042036,0.9957033651053847,0.9966070615842141,0.9961709221812192,0.9963170584843882,0.9962512778586626,0.9962582534296411,0.9961677879622007,0.9959124259831621,0.9965750779384851,0.9957712860486607,1.0
7,0,1.1809397996610898,0.6648,5000,1.5348566903008356,0.6510791366906474,834,1.5503521422608593,0.6393,0.9981005158939771,0.08334246555230357,,,0.98,,0.9800166246218381,0.01998337537816186,0.9984753713212633,0.09980147894750792,5,0.001,0.1,1.0,0.9945451276343737,0.9970346042392207,0.9949228137399665,0.9954560801474964,0.9959556220570521,0.9961846789722753,0.9963483131609783,0.9952820643497771,0.9961120065057142,0.9955646133025631,0.996021945102181
7,1,1.1975973886289415,0.65212,5000,1.5601251831761114,0.63189448441247,834,1.5503521422608593,0.6393,0.9973314029207866,0.08327065991593428,,,0.98,,0.9800166246218381,0.01998337537816186,0.9984753713212633,0.09980147894750792,5,0.001,0.1,0.9945451276343737,1.0,0.9954493163619975,0.9940951365452555,0.9947507134180388,0.9948244617870495,0.9956231630842536,0.9944225831739993,0.9952226175929061,0.9957650683511262,0.9947766415137032,0.9947476980691002
7,2,1.187026043606412,0.65436,5000,1.5727200508117676,0.6091127098321343,834,1.5503521422608593,0.6393,0.9985785266373725,0.0833693863114529,,,0.98,,0.9800166246218381,0.01998337537816186,0.9984753713212633,0.09980147894750792,5,0.001,0.1,0.9970346042392207,0.9954493163619975,1.0,0.9958389797168542,0.9963417201742925,0.996880049681767,0.996438594588455,0.9959463178091116,0.9957059022925584,0.9973577151277433,0.996171240566016,0.9959876341084003
