round,client_id,client_i_training_loss,client_i_training_accuracy,client_i_training_dataset_size,client_i_evaluation_loss,client_i_evaluation_accuracy,client_i_evaluation_dataset_size,client_i_central_evaluation_loss,client_i_central_evaluation_accuracy,client_i_cosine_similarity,client_i_importance_coefficient,client_i_tanh_val,tanh_normalization_value,client_i_q,client_i_mask_order,client_i_v_nonzero_fraction,client_i_v_sparsity,client_i_v_cosine_similarity,client_i_reward_gradient_norm,local_epochs,learning_rate,gamma,client_0_cosine_similarity,client_1_cosine_similarity,client_2_cosine_similarity,client_3_cosine_similarity,client_4_cosine_similarity,client_5_cosine_similarity,client_6_cosine_similarity,client_7_cosine_similarity,client_8_cosine_similarity,client_9_cosine_similarity,client_10_cosine_similarity,client_11_cosine_similarity
0,0,2.199196084289794,0.31588,5000,2.2596470956449157,0.21942446043165467,834,2.2607194486136635,0.2229,0.9964012298129921,0.08329816275368068,,,0.98,,0.9800166246218381,0.01998337537816186,0,0.09968219183575003,5,0.001,0.1,1.0,0.9950147440418867,0.9946097319916589,0.992797398582628,0.9930979372352412,0.9890418744323152,0.9915199867476601,0.9923043331244554,0.9901607404310413,0.9933680357984556,0.9946388644640207,0.9922615821106162
0,1,2.202510934726448,0.31892,5000,2.2575208169442638,0.24820143884892087,834,2.2607194486136635,0.2229,0.9982881731452059,0.08345590936025926,,,0.98,,0.9800166246218381,0.01998337537816186,0,0.09968219183575003,5,0.001,0.1,0.9950147440418867,1.0,0.9956085235029553,0.9961022053111248,0.9942528728014887,0.9927435237533144,0.9915260156406798,0.994872833717844,0.9948434686953794,0.9948555778661204,0.9955109185614566,0.9960559034284692
0,2,2.2007022373235907,0.31152,5000,2.2612194573437727,0.2170263788968825,834,2.2607194486136635,0.2229,0.9975852689802298,0.0833971472634427,,,0.98,,0.9800166246218381,0.01998337537816186,0,0.09968219183575003,5,0.001,0.1,0.9946097319916589,0.9956085235029553,1.0,0.994121203139129,0.9916491837936324,0.9929865022839949,0.9920942571350514,0.9948770690620087,0.9929115744587294,0.9964476356782948,0.9944354596770599,0.9932374028682127
0,3,2.2045052443340327,0.31016,5000,2.2629199469531023,0.21342925659472423,834,2.2607194486136635,0.2229,0.9975231335130149,0.08339195279949987,,,0.98,,0.9800166246218381,0.01998337537816186,0,0.09968219183575003,5,0.001,0.1,0.992797398582628,0.9961022053111248,0.994121203139129,1.0,0.9934040978522148,0.9917621046030812,0.9875701904324726,0.9943720368636049,0.9955147562392177,0.9942690452695576,0.9957895375168915,0.9965327119285433
0,4,2.202351263526139,0.3282,5000,2.2638422118292914,0.2184873949579832,833,2.2607194486136635,0.2229,0.9960117425236941,0.08326560199939446,,,0.98,,0.9800166246218381,0.01998337537816186,0,0.09968219183575003,5,0.001,0.1,0.9930979372352412,0.9942528728014887,0.9916491837936324,0.9934040978522148,1.0,0.9913238226361647,0.9921988315027365,0.9922066649792498,0.9902635102900763,0.9891969259377351,0.9958110153632054,0.9907513721575131
0,5,2.1996067130641572,0.32092,5000,2.2616855921568693,0.23289315726290516,833,2.2607194486136635,0.2229,0.9959948418430876,0.08326418911911924,,,0.98,,0.9800166246218381,0.01998337537816186,0,0.09968219183575003,5,0.001,0.1,0.9890418744323152,0.9927435237533144,0.9929865022839949,0.9917621046030812,0.9913238226361647,1.0,0.9928526455283425,0.9958025247141112,0.9924603580615748,0.9919107572617195,0.9921732492562598,0.9908967088615466
0,6,2.1964859564592882,0.32656,5000,2.2521192497677274,0.2424969987995198,833,2.2607194486136635,0.2229,0.9944961953202482,0.08313890374387624,,,0.98,,0.9800166246218381,0.01998337537816186,0,0.09968219183575003,5,0.001,0.1,0.9915199867476601,0.9915260156406798,0.9920942571350514,0.9875701904324726,0.9921988315027365,0.9928526455283425,1.0,0.9935525080241201,0.9856158357976796,0.9903925622288271,0.9926349251053471,0.986069708454963
0,7,2.198189293654861,0.31592,5000,2.2530300793824374,0.21608643457382953,833,2.2607194486136635,0.2229,0.9977471914103961,0.08341068381933796,,,0.98,,0.9800166246218381,0.01998337537816186,0,0.09968219183575003,5,0.001,0.1,0.9923043331244554,0.994872833717844,0.9948770690620087,0.9943720368636049,0.9922066649792498,0.9958025247141112,0.9935525080241201,1.0,0.9942086199134382,0.9940332925167341,0.9952658623721956,0.9934196925091201
0,8,2.200375078741912,0.3,5000,2.27082653398867,0.20168067226890757,833,2.2607194486136635,0.2229,0.9963358881700856,0.08329270025660365,,,0.98,,0.9800166246218381,0.01998337537816186,0,0.09968219183575003,5,0.001,0.1,0.9901607404310413,0.9948434686953794,0.9929115744587294,0.9955147562392177,0.9902635102900763,0.9924603580615748,0.9856158357976796,0.9942086199134382,1.0,0.9923769383333867,0.9930899635725281,0.9965878556131055
0,9,2.1996741226524303,0.31836,5000,2.2505360179477267,0.24009603841536614,833,2.2607194486136635,0.2229,0.9967894231933325,0.08333061533845075,,,0.98,,0.9800166246218381,0.01998337537816186,0,0.09968219183575003,5,0.001,0.1,0.9933680357984556,0.9948555778661204,0.9964476356782948,0.9942690452695576,0.9891969259377351,0.9919107572617195,0.9903925622288271,0.9940332925167341,0.9923769383333867,1.0,0.9936472487379838,0.9929607257543294
0,10,2.204164364535338,0.32212,5000,2.2523985262270325,0.22809123649459784,833,2.2607194486136635,0.2229,0.9979395992401991,0.08342676892465745,,,0.98,,0.9800166246218381,0.01998337537816186,0,0.09968219183575003,5,0.001,0.1,0.9946388644640207,0.9955109185614566,0.9944354596770599,0.9957895375168915,0.9958110153632054,0.9921732492562598,0.9926349251053471,0.9952658623721956,0.9930899635725281,0.9936472487379838,1.0,0.994219948848957
0,11,2.202435696808396,0.30216,5000,2.2614239233511464,0.19687875150060025,833,2.2607194486136635,0.2229,0.9967505385639074,0.08332736462167767,,,0.98,,0.9800166246218381,0.01998337537816186,0,0.09968219183575003,5,0.001,0.1,0.9922615821106162,0.9960559034284692,0.9932374028682127,0.9965327119285433,0.9907513721575131,0.9908967088615466,0.986069708454963,0.9934196925091201,0.9965878556131055,0.9929607257543294,0.994219948848957,1.0
1,0,2.034631708625016,0.40512,5000,2.204383699982255,0.26019184652278177,834,2.204650592499267,0.2723,0.9983230255922343,0.08331181955716283,,,0.98,,0.9800166246218381,0.01998337537816186,0.9627254973368266,0.09983217845965,5,0.001,0.1,1.0,0.9974112495346966,0.9970338660514573,0.9969498562719568,0.996105530650735,0.9945211100268041,0.9952412489676369,0.9968503450607431,0.9952570050170841,0.9967898989463262,0.9975387202296868,0.9960655548366673
1,1,2.042601371722616,0.42944,5000,2.201042316578053,0.290167865707434,834,2.204650592499267,0.2723,0.9990565887041121,0.0834322445428848,,,0.98,,0.9800166246218381,0.01998337537816186,0.9627254973368266,0.09983217845965,5,0.001,0.1,0.9974112495346966,1.0,0.9976230098911493,0.9978094843117221,0.9973594946672801,0.9963562024315221,0.9958833690561887,0.9974736414663055,0.9970571021870489,0.996443899374424,0.9977147428419045,0.9974184455298407
1,2,2.0389123936367644,0.4224,5000,2.204246485674823,0.28896882494004794,834,2.204650592499267,0.2723,0.9988424316337668,0.0833892928604028,,,0.98,,0.9800166246218381,0.01998337537816186,0.9627254973368266,0.09983217845965,5,0.001,0.1,0.9970338660514573,0.9976230098911493,1.0,0.9966999319310614,0.9965300745784916,0.9972586114271645,0.9961259796897046,0.9971580351813978,0.9962936726204324,0.9975576883743532,0.9971620761496715,0.996545575339882
1,3,2.0479888738340635,0.43048,5000,2.2064801498695656,0.2517985611510791,834,2.204650592499267,0.2723,0.9986000206726237,0.08337828229329963,,,0.98,,0.9800166246218381,0.01998337537816186,0.9627254973368266,0.09983217845965,5,0.001,0.1,0.9969498562719568,0.9978094843117221,0.9966999319310614,1.0,0.9969385365587463,0.9953845786117989,0.9935047777295268,0.996809786412409,0.9972154876363537,0.9960667433518569,0.9978182740064834,0.9978796561209491
1,4,2.040060666260446,0.43104,5000,2.2071733827944153,0.2797118847539016,833,2.204650592499267,0.2723,0.9982063591415908,0.0832880841079803,,,0.98,,0.9800166246218381,0.01998337537816186,0.9627254973368266,0.09983217845965,5,0.001,0.1,0.996105530650735,0.9973594946672801,0.9965300745784916,0.9969385365587463,1.0,0.9960347638547175,0.9957461906801208,0.9967983840353811,0.9953163281652848,0.9942975648895268,0.997606062678977,0.9956381213027261
1,5,2.0332853258035746,0.41936,5000,2.204900202927766,0.27130852340936373,833,2.204650592499267,0.2723,0.9978751615430628,0.0832765268453708,,,0.98,,0.9800166246218381,0.01998337537816186,0.9627254973368266,0.09983217845965,5,0.001,0.1,0.9945211100268041,0.9963562024315221,0.9972586114271645,0.9953845786117989,0.9960347638547175,1.0,0.9953823293793892,0.997140962999246,0.9956153668641812,0.9956711491333009,0.9957650390677412,0.995275708479897
1,6,2.0267182899888154,0.42336,5000,2.194763519145824,0.30012004801920766,833,2.204650592499267,0.2723,0.9970558931677728,0.0831732439065097,,,0.98,,0.9800166246218381,0.01998337537816186,0.9627254973368266,0.09983217845965,5,0.001,0.1,0.9952412489676369,0.9958833690561887,0.9961259796897046,0.9935047777295268,0.9957461906801208,0.9953823293793892,1.0,0.9967415187425579,0.9922624082379454,0.9945816039107142,0.9959049520288744,0.9932250150733536
1,7,2.0339748534427327,0.42,5000,2.1955284939871893,0.2581032412965186,833,2.204650592499267,0.2723,0.9988604623402314,0.08339817686794455,,,0.98,,0.9800166246218381,0.01998337537816186,0.9627254973368266,0.09983217845965,5,0.001,0.1,0.9968503450607431,0.9974736414663055,0.9971580351813978,0.996809786412409,0.9967983840353811,0.997140962999246,0.9967415187425579,1.0,0.9962995399543926,0.9965115625304374,0.9979873907764648,0.9964335549217925
1,8,2.038737903430963,0.4352,5000,2.216733561621772,0.24489795918367346,833,2.204650592499267,0.2723,0.9978644544823834,0.0832936671627065,,,0.98,,0.9800166246218381,0.01998337537816186,0.9627254973368266,0.09983217845965,5,0.001,0.1,0.9952570050170841,0.9970571021870489,0.9962936726204324,0.9972154876363537,0.9953163281652848,0.9956153668641812,0.9922624082379454,0.9962995399543926,1.0,0.9949130641913325,0.996320011060649,0.997717243506633
1,9,2.036223987409264,0.42488,5000,2.18997761938307,0.2845138055222089,833,2.204650592499267,0.2723,0.9979229583369732,0.08331880899765572,,,0.98,,0.9800166246218381,0.01998337537816186,0.9627254973368266,0.09983217845965,5,0.001,0.1,0.9967898989463262,0.996443899374424,0.9975576883743532,0.9960667433518569,0.9942975648895268,0.9956711491333009,0.9945816039107142,0.9965115625304374,0.9949130641913325,1.0,0.9965560432020625,0.9955819697574773
1,10,2.0451373499669847,0.42656,5000,2.193785724816499,0.2845138055222089,833,2.204650592499267,0.2723,0.9989825007006652,0.08341198117260719,,,0.98,,0.9800166246218381,0.01998337537816186,0.9627254973368266,0.09983217845965,5,0.001,0.1,0.9975387202296868,0.9977147428419045,0.9971620761496715,0.9978182740064834,0.997606062678977,0.9957650390677412,0.9959049520288744,0.9979873907764648,0.996320011060649,0.9965560432020625,1.0,0.9972898832513385
1,11,2.0425890738797037,0.43788,5000,2.208785507414076,0.2533013205282113,833,2.204650592499267,0.2723,0.9982654827132915,0.08332787168547517,,,0.98,,0.9800166246218381,0.01998337537816186,0.9627254973368266,0.09983217845965,5,0.001,0.1,0.9960655548366673,0.9974184455298407,0.996545575339882,0.9978796561209491,0.9956381213027261,0.995275708479897,0.9932250150733536,0.9964335549217925,0.997717243506633,0.9955819697574773,0.9972898832513385,1.0
2,0,1.8394014189957053,0.46068,5000,2.1337422529856362,0.3752997601918465,834,2.1332021955484017,0.3817,0.9989009265600088,0.08331892686349707,,,0.98,,0.9800166246218381,0.01998337537816186,0.9890259592491193,0.09989387539907674,5,0.001,0.1,1.0,0.998114227661743,0.997965755523651,0.9975000501634544,0.9973542808977655,0.9970297409192102,0.9973367218448941,0.9980919561172301,0.9973053912996476,0.9980626817881185,0.9980714682829476,0.9972560901278426
2,1,1.8484551498085071,0.4864,5000,2.129374724847299,0.3920863309352518,834,2.1332021955484017,0.3817,0.9992196837585392,0.08340305278093328,,,0.98,,0.9800166246218381,0.01998337537816186,0.9890259592491193,0.09989387539907674,5,0.001,0.1,0.998114227661743,1.0,0.9981916698433385,0.9981593053779134,0.9979962815420367,0.9980808857334073,0.9973769832346374,0.998115696942536,0.9979020456603629,0.9977909283866139,0.9982323600857019,0.9979470291320073
2,2,1.842546319961548,0.48164,5000,2.1318167492195412,0.3908872901678657,834,2.1332021955484017,0.3817,0.9991051666162025,0.0833730211156643,,,0.98,,0.9800166246218381,0.01998337537816186,0.9890259592491193,0.09989387539907674,5,0.001,0.1,0.997965755523651,0.9981916698433385,1.0,0.997683484547286,0.9977646807959389,0.9979216798797134,0.9975718441899244,0.9979159289355564,0.997786669936563,0.9981159830475435,0.9981698571376417,0.9974485862969252
2,3,1.8569203202132207,0.492,5000,2.1347523000505237,0.3609112709832134,834,2.1332021955484017,0.3817,0.9990007861551509,0.08336290143403292,,,0.98,,0.9800166246218381,0.01998337537816186,0.9890259592491193,0.09989387539907674,5,0.001,0.1,0.9975000501634544,0.9981593053779134,0.997683484547286,1.0,0.9979472441496652,0.9974580417771467,0.9963677656747936,0.998055649320953,0.9981956469102098,0.9971517710511567,0.9982402649789747,0.9985232956742005
2,4,1.8439483912887087,0.48432,5000,2.1349499843738697,0.38415366146458585,833,2.1332021955484017,0.3817,0.9988901610321473,0.08330402593266657,,,0.98,,0.9800166246218381,0.01998337537816186,0.9890259592491193,0.09989387539907674,5,0.001,0.1,0.9973542808977655,0.9979962815420367,0.9977646807959389,0.9979472441496652,1.0,0.9977852902219253,0.9973074208992065,0.9980318463399422,0.9974654823463158,0.9967694937007908,0.9982932196975575,0.9972450085800849
2,5,1.8329453749261844,0.48092,5000,2.1327421930101185,0.37815126050420167,833,2.1332021955484017,0.3817,0.9988567494194588,0.08329586130055916,,,0.98,,0.9800166246218381,0.01998337537816186,0.9890259592491193,0.09989387539907674,5,0.001,0.1,0.9970297409192102,0.9980808857334073,0.9979216798797134,0.9974580417771467,0.9977852902219253,1.0,0.9970413317704464,0.9978728362118446,0.9979257655719801,0.9972413047271393,0.9977564742163484,0.997447099424291
2,6,1.8269869613040024,0.48276,5000,2.1221238330558494,0.40816326530612246,833,2.1332021955484017,0.3817,0.998313780508262,0.08321501050870425,,,0.98,,0.9800166246218381,0.01998337537816186,0.9890259592491193,0.09989387539907674,5,0.001,0.1,0.9973367218448941,0.9973769832346374,0.9975718441899244,0.9963677656747936,0.9973074208992065,0.9970413317704464,1.0,0.9975381299293395,0.996239797679636,0.9967711432465486,0.997454219104907,0.9960510948352183
2,7,1.8373106812215914,0.476,5000,2.122799555460612,0.3709483793517407,833,2.1332021955484017,0.3817,0.9992125219584707,0.08338193288969602,,,0.98,,0.9800166246218381,0.01998337537816186,0.9890259592491193,0.09989387539907674,5,0.001,0.1,0.9980919561172301,0.998115696942536,0.9979159289355564,0.998055649320953,0.9980318463399422,0.9978728362118446,0.9975381299293395,1.0,0.9980951433200316,0.9975874686438804,0.9987062923689676,0.997811407973903
2,8,1.8433227182193925,0.5042,5000,2.1473547794200756,0.35414165666266506,833,2.1332021955484017,0.3817,0.9989474185366491,0.08330929698691848,,,0.98,,0.9800166246218381,0.01998337537816186,0.9890259592491193,0.09989387539907674,5,0.001,0.1,0.9973053912996476,0.9979020456603629,0.997786669936563,0.9981956469102098,0.9974654823463158,0.9979257655719801,0.996239797679636,0.9980951433200316,1.0,0.9971909887435239,0.9981471393545714,0.9983906018506667
2,9,1.8405755225260547,0.47944,5000,2.113566248505204,0.3985594237695078,833,2.1332021955484017,0.3817,0.9986717631411346,0.08331581706804454,,,0.98,,0.9800166246218381,0.01998337537816186,0.9890259592491193,0.09989387539907674,5,0.001,0.1,0.9980626817881185,0.9977909283866139,0.9981159830475435,0.9971517710511567,0.9967694937007908,0.9972413047271393,0.9967711432465486,0.9975874686438804,0.9971909887435239,1.0,0.9977469147105343,0.9969123141130204
2,10,1.8517978031923816,0.48128,5000,2.1195472832079285,0.39735894357743096,833,2.1332021955484017,0.3817,0.9993133159289601,0.0833936498251118,,,0.98,,0.9800166246218381,0.01998337537816186,0.9890259592491193,0.09989387539907674,5,0.001,0.1,0.9980714682829476,0.9982323600857019,0.9981698571376417,0.9982402649789747,0.9982932196975575,0.9977564742163484,0.997454219104907,0.9987062923689676,0.9981471393545714,0.9977469147105343,1.0,0.998211742423993
2,11,1.8485244597599004,0.50508,5000,2.141216525325069,0.3697478991596639,833,2.1332021955484017,0.3817,0.9988307089718544,0.08332650329417157,,,0.98,,0.9800166246218381,0.01998337537816186,0.9890259592491193,0.09989387539907674,5,0.001,0.1,0.9972560901278426,0.9979470291320073,0.9974485862969252,0.9985232956742005,0.9972450085800849,0.997447099424291,0.9960510948352183,0.997811407973903,0.9983906018506667,0.9969123141130204,0.998211742423993,1.0
3,0,1.6606545720130774,0.5172,5000,2.0461273855633206,0.486810551558753,834,2.044654309559173,0.4892,0.9990930326276733,0.08332542434750176,,,0.98,,0.9800166246218381,0.01998337537816186,0.9954440696793715,0.09990644831839066,5,0.001,0.1,1.0,0.9981168323760657,0.9980968719804316,0.9982735902865727,0.9978392358158463,0.9976566067316995,0.9975539211427645,0.9983063150886284,0.9977092774765512,0.9982608178762613,0.9981926976371729,0.9978933021178262
3,1,1.6672984575769705,0.53016,5000,2.0407186481687756,0.4832134292565947,834,2.044654309559173,0.4892,0.9992227904505261,0.08338119132690593,,,0.98,,0.9800166246218381,0.01998337537816186,0.9954440696793715,0.09990644831839066,5,0.001,0.1,0.9981168323760657,1.0,0.9982099378618764,0.9985951629197896,0.9980895816984535,0.9983064505112272,0.9975870011371437,0.9981597487967293,0.9979355719120667,0.9979903043486443,0.9981899599519092,0.9982730400812299
3,2,1.6627164536980308,0.53248,5000,2.042135927412245,0.5071942446043165,834,2.044654309559173,0.4892,0.9991420016364708,0.08336017111876459,,,0.98,,0.9800166246218381,0.01998337537816186,0.9954440696793715,0.09990644831839066,5,0.001,0.1,0.9980968719804316,0.9982099378618764,1.0,0.9980285845284046,0.9979124178864378,0.9981171680059613,0.9978519241459257,0.9979022980430247,0.9980027560847406,0.9981561276028259,0.9982276476135864,0.997980523124999
3,3,1.6761357348436003,0.53492,5000,2.0461404058668347,0.47002398081534774,834,2.044654309559173,0.4892,0.9992534920772725,0.08335756425495838,,,0.98,,0.9800166246218381,0.01998337537816186,0.9954440696793715,0.09990644831839066,5,0.001,0.1,0.9982735902865727,0.9985951629197896,0.9980285845284046,1.0,0.9981527553368381,0.9981022385452295,0.9973516830659046,0.998457092920437,0.9981232600763352,0.9976413424437457,0.9984130343282317,0.9986829880016944
3,4,1.6604138338641756,0.52784,5000,2.0448678776069924,0.5018007202881153,833,2.044654309559173,0.4892,0.9990054878770106,0.08331346316275555,,,0.98,,0.9800166246218381,0.01998337537816186,0.9954440696793715,0.09990644831839066,5,0.001,0.1,0.9978392358158463,0.9980895816984535,0.9979124178864378,0.9981527553368381,1.0,0.9980945471817293,0.997869550446509,0.9981886681055198,0.997658118109952,0.9970870676387579,0.9982848246646457,0.9976740551177332
3,5,1.651385179902338,0.52992,5000,2.0432348516252308,0.4885954381752701,833,2.044654309559173,0.4892,0.9990287164509501,0.08330920680071825,,,0.98,,0.9800166246218381,0.01998337537816186,0.9954440696793715,0.09990644831839066,5,0.001,0.1,0.9976566067316995,0.9983064505112272,0.9981171680059613,0.9981022385452295,0.9980945471817293,1.0,0.9973832270919335,0.9980651861270907,0.9978829382774883,0.9979497393312768,0.997834208480891,0.9977368471509008
3,6,1.6454283180510163,0.5292,5000,2.0322368012534247,0.5078031212484994,833,2.044654309559173,0.4892,0.9986410412465669,0.08324712495377191,,,0.98,,0.9800166246218381,0.01998337537816186,0.9954440696793715,0.09990644831839066,5,0.001,0.1,0.9975539211427645,0.9975870011371437,0.9978519241459257,0.9973516830659046,0.997869550446509,0.9973832270919335,1.0,0.9976808320011582,0.9968238445029693,0.9975425232079932,0.9978708912320249,0.9969691891289504
3,7,1.6548530007623563,0.52564,5000,2.033429357740614,0.48739495798319327,833,2.044654309559173,0.4892,0.9992407785948574,0.0833688226606238,,,0.98,,0.9800166246218381,0.01998337537816186,0.9954440696793715,0.09990644831839066,5,0.001,0.1,0.9983063150886284,0.9981597487967293,0.9979022980430247,0.998457092920437,0.9981886681055198,0.9980651861270907,0.9976808320011582,1.0,0.9982043527113598,0.9979035314554654,0.9986536151153053,0.9981480746631683
3,8,1.6626773588216988,0.55028,5000,2.0610091244732893,0.46218487394957986,833,2.044654309559173,0.4892,0.9989487712429941,0.08331486474767984,,,0.98,,0.9800166246218381,0.01998337537816186,0.9954440696793715,0.09990644831839066,5,0.001,0.1,0.9977092774765512,0.9979355719120667,0.9980027560847406,0.9981232600763352,0.997658118109952,0.9978829382774883,0.9968238445029693,0.9982043527113598,1.0,0.997520891654711,0.9981822326723491,0.9981261547796167
3,9,1.6609547830691003,0.52632,5000,2.0197808610068426,0.5138055222088835,833,2.044654309559173,0.4892,0.9988756327489408,0.08331650221321228,,,0.98,,0.9800166246218381,0.01998337537816186,0.9954440696793715,0.09990644831839066,5,0.001,0.1,0.9982608178762613,0.9979903043486443,0.9981561276028259,0.9976413424437457,0.9970870676387579,0.9979497393312768,0.9975425232079932,0.9979035314554654,0.997520891654711,1.0,0.9977847424256316,0.9974566807571503
3,10,1.6719932228136973,0.52912,5000,2.0279850606565124,0.4909963985594238,833,2.044654309559173,0.4892,0.999272831209272,0.08337704093983772,,,0.98,,0.9800166246218381,0.01998337537816186,0.9954440696793715,0.09990644831839066,5,0.001,0.1,0.9981926976371729,0.9981899599519092,0.9982276476135864,0.9984130343282317,0.9982848246646457,0.997834208480891,0.9978708912320249,0.9986536151153053,0.9981822326723491,0.9977847424256316,1.0,0.9984199493842856
3,11,1.6658535387106002,0.5476,5000,2.0570719330399125,0.47058823529411764,833,2.044654309559173,0.4892,0.9990482174264324,0.08332862347327014,,,0.98,,0.9800166246218381,0.01998337537816186,0.9954440696793715,0.09990644831839066,5,0.001,0.1,0.9978933021178262,0.9982730400812299,0.997980523124999,0.9986829880016944,0.9976740551177332,0.9977368471509008,0.9969691891289504,0.9981480746631683,0.9981261547796167,0.9974566807571503,0.9984199493842856,1.0
4,0,1.5131095820931113,0.55556,5000,1.9424220985836453,0.5419664268585132,834,1.9397157202132593,0.5513,0.9989452199126819,0.08332942620665766,,,0.98,,0.9800166246218381,0.01998337537816186,0.9975251393305185,0.0998916067844559,5,0.001,0.1,1.0,0.9977495976183283,0.9977478983618872,0.9977672897346612,0.9975357881413003,0.997517880190673,0.9973476263450592,0.9980250131273058,0.9973685904661942,0.997884862959285,0.9978958765656339,0.9975082919247712
4,1,1.5190680303391377,0.56656,5000,1.936090729854725,0.5515587529976019,834,1.9397157202132593,0.5513,0.998992194032705,0.08336513624654918,,,0.98,,0.9800166246218381,0.01998337537816186,0.9975251393305185,0.0998916067844559,5,0.001,0.1,0.9977495976183283,1.0,0.9978711694386495,0.9981727633379053,0.99773478029099,0.9979291400474188,0.9971610487060283,0.9976966985109786,0.9977300728363949,0.9974933919084821,0.9977047017155289,0.9976669898140942
4,2,1.51246883155434,0.56872,5000,1.9361077811982896,0.564748201438849,834,1.9397157202132593,0.5513,0.9989730259557263,0.08335162890035248,,,0.98,,0.9800166246218381,0.01998337537816186,0.9975251393305185,0.0998916067844559,5,0.001,0.1,0.9977478983618872,0.9978711694386495,1.0,0.9976939923047187,0.9975746259366587,0.9979922111644097,0.9975639413124308,0.9974829639222962,0.9975837703663162,0.9979313766288663,0.9978600189947424,0.9973797404113032
4,3,1.5255104612392985,0.56704,5000,1.941144929991828,0.5407673860911271,834,1.9397157202132593,0.5513,0.999031244042178,0.08335190926554796,,,0.98,,0.9800166246218381,0.01998337537816186,0.9975251393305185,0.0998916067844559,5,0.001,0.1,0.9977672897346612,0.9981727633379053,0.9976939923047187,1.0,0.9978538120153735,0.9977579420865582,0.9969629373866808,0.9980206389501899,0.9976889152576984,0.997354341543428,0.9980117192971626,0.9980941328992791
4,4,1.5097906844631122,0.5604,5000,1.937243691197148,0.5630252100840336,833,1.9397157202132593,0.5513,0.9988875470804645,0.08332023088559304,,,0.98,,0.9800166246218381,0.01998337537816186,0.9975251393305185,0.0998916067844559,5,0.001,0.1,0.9975357881413003,0.99773478029099,0.9975746259366587,0.9978538120153735,1.0,0.9978130007179462,0.997519718062277,0.9979067118794637,0.9975789623654623,0.9969479682978356,0.9978948984217759,0.9972976784869566
4,5,1.5009901554721177,0.56712,5000,1.9372204233098913,0.5546218487394958,833,1.9397157202132593,0.5513,0.9990109010708416,0.0833216018838284,,,0.98,,0.9800166246218381,0.01998337537816186,0.9975251393305185,0.0998916067844559,5,0.001,0.1,0.997517880190673,0.9979291400474188,0.9979922111644097,0.9977579420865582,0.9978130007179462,1.0,0.9972836037640223,0.9979175017519876,0.9976825301748594,0.9979346352755559,0.9977080844137236,0.997600038874006
4,6,1.4972738294844414,0.56348,5000,1.9264833309032299,0.5666266506602641,833,1.9397157202132593,0.5513,0.9985110089415724,0.08326740342504586,,,0.98,,0.9800166246218381,0.01998337537816186,0.9975251393305185,0.0998916067844559,5,0.001,0.1,0.9973476263450592,0.9971610487060283,0.9975639413124308,0.9969629373866808,0.997519718062277,0.9972836037640223,1.0,0.9971308785802342,0.9966870037208875,0.9972465219695955,0.9975194544487851,0.9967244026636988
4,7,1.5059110267147138,0.56276,5000,1.928109716486048,0.553421368547419,833,1.9397157202132593,0.5513,0.9990676027128996,0.08335998582801311,,,0.98,,0.9800166246218381,0.01998337537816186,0.9975251393305185,0.0998916067844559,5,0.001,0.1,0.9980250131273058,0.9976966985109786,0.9974829639222962,0.9980206389501899,0.9979067118794637,0.9979175017519876,0.9971308785802342,1.0,0.997975357893188,0.9975397277361809,0.9983598243376554,0.9977592295915524
4,8,1.5152619727098258,0.58032,5000,1.9583832599498607,0.5270108043217286,833,1.9397157202132593,0.5513,0.9988678438062634,0.0833204544258227,,,0.98,,0.9800166246218381,0.01998337537816186,0.9975251393305185,0.0998916067844559,5,0.001,0.1,0.9973685904661942,0.9977300728363949,0.9975837703663162,0.9976889152576984,0.9975789623654623,0.9976825301748594,0.9966870037208875,0.997975357893188,1.0,0.997334202991823,0.9980238982139552,0.9977675569470214
4,9,1.5135263144590292,0.56284,5000,1.9091414610544841,0.5726290516206483,833,1.9397157202132593,0.5513,0.9987622871575398,0.08331805197246257,,,0.98,,0.9800166246218381,0.01998337537816186,0.9975251393305185,0.0998916067844559,5,0.001,0.1,0.997884862959285,0.9974933919084821,0.9979313766288663,0.997354341543428,0.9969479682978356,0.9979346352755559,0.9972465219695955,0.9975397277361809,0.997334202991823,1.0,0.9975495118072201,0.9969400195257443
4,10,1.5234312106089987,0.56168,5000,1.9201523551234492,0.5366146458583433,833,1.9397157202132593,0.5513,0.9991297766228003,0.0833670314042128,,,0.98,,0.9800166246218381,0.01998337537816186,0.9975251393305185,0.0998916067844559,5,0.001,0.1,0.9978958765656339,0.9977047017155289,0.9978600189947424,0.9980117192971626,0.9978948984217759,0.9977080844137236,0.9975194544487851,0.9983598243376554,0.9980238982139552,0.9975495118072201,1.0,0.9980319058133955
4,11,1.5153533243829278,0.58012,5000,1.9569822329062003,0.5426170468187275,833,1.9397157202132593,0.5513,0.9988135800942667,0.08332713955591445,,,0.98,,0.9800166246218381,0.01998337537816186,0.9975251393305185,0.0998916067844559,5,0.001,0.1,0.9975082919247712,0.9976669898140942,0.9973797404113032,0.9980941328992791,0.9972976784869566,0.997600038874006,0.9967244026636988,0.9977592295915524,0.9977675569470214,0.9969400195257443,0.9980319058133955,1.0
5,0,1.3931929027198986,0.58496,5000,1.8253458076053195,0.580335731414868,834,1.8213130437527982,0.59,0.998757343146872,0.08333220581762243,,,0.98,,0.9800166246218381,0.01998337537816186,0.9980583505997304,0.09987180695606977,5,0.001,0.1,1.0,0.997153056671267,0.9971377962359852,0.9974987145404937,0.9970247857077986,0.9969817007067999,0.996890431274531,0.9976853243642275,0.9970038887566237,0.9976309687576436,0.9975933027653163,0.997123782165409
5,1,1.3983703883590213,0.58832,5000,1.8183621477197718,0.5839328537170264,834,1.8213130437527982,0.59,0.9987883473191501,0.08335510411393493,,,0.98,,0.9800166246218381,0.01998337537816186,0.9980583505997304,0.09987180695606977,5,0.001,0.1,0.997153056671267,1.0,0.9973918996227493,0.9978601971988863,0.9971398313491289,0.9974181723729855,0.9967852320960424,0.9972200384992699,0.9973510666163827,0.9971585518603278,0.9972498392608945,0.9973663524276
5,2,1.3909971710982596,0.5938,5000,1.8168455847987421,0.5995203836930456,834,1.8213130437527982,0.59,0.9987698035477023,0.08334622282444076,,,0.98,,0.9800166246218381,0.01998337537816186,0.9980583505997304,0.09987180695606977,5,0.001,0.1,0.9971377962359852,0.9973918996227493,1.0,0.9973064939147019,0.9969086555567638,0.9975973646409385,0.9973589603478481,0.9969622971722539,0.9971803795673384,0.9974567935952766,0.9975341880137555,0.9970381289521848
5,3,1.4039512340430242,0.59524,5000,1.8227389609372173,0.5863309352517986,834,1.8213130437527982,0.59,0.9988640418005227,0.08334943619942213,,,0.98,,0.9800166246218381,0.01998337537816186,0.9980583505997304,0.09987180695606977,5,0.001,0.1,0.9974987145404937,0.9978601971988863,0.9973064939147019,1.0,0.9972625482892964,0.9973732859583859,0.9968901136693631,0.9975372962354726,0.9972419066145373,0.9968643656566245,0.9975984795513642,0.9975681778809123
5,4,1.3864577044347288,0.58844,5000,1.814942752873456,0.6014405762304922,833,1.8213130437527982,0.59,0.9986047323976086,0.08332164180598545,,,0.98,,0.9800166246218381,0.01998337537816186,0.9980583505997304,0.09987180695606977,5,0.001,0.1,0.9970247857077986,0.9971398313491289,0.9969086555567638,0.9972625482892964,1.0,0.9973669244551426,0.997110188468117,0.9973055649065631,0.9972257882701402,0.9962941640433197,0.9974904242346566,0.996766485548214
5,5,1.3776005577889219,0.59908,5000,1.8175142606099446,0.5942376950780313,833,1.8213130437527982,0.59,0.9987605044005314,0.08332750991054223,,,0.98,,0.9800166246218381,0.01998337537816186,0.9980583505997304,0.09987180695606977,5,0.001,0.1,0.9969817007067999,0.9974181723729855,0.9975973646409385,0.9973732859583859,0.9973669244551426,1.0,0.9969300066308522,0.997284048668263,0.9972412628152086,0.9975012595148486,0.9972025975069307,0.9968654895383116
5,6,1.3759020540364988,0.59016,5000,1.807793864497432,0.6110444177671068,833,1.8213130437527982,0.59,0.9984266357121336,0.08328349970294906,,,0.98,,0.9800166246218381,0.01998337537816186,0.9980583505997304,0.09987180695606977,5,0.001,0.1,0.996890431274531,0.9967852320960424,0.9973589603478481,0.9968901136693631,0.997110188468117,0.9969300066308522,1.0,0.996675414609618,0.996610430996938,0.9970514482383463,0.9973478733507319,0.9961129784617851
5,7,1.3836030875801282,0.58812,5000,1.809321712564539,0.602641056422569,833,1.8213130437527982,0.59,0.9988234806158898,0.08335307973337162,,,0.98,,0.9800166246218381,0.01998337537816186,0.9980583505997304,0.09987180695606977,5,0.001,0.1,0.9976853243642275,0.9972200384992699,0.9969622971722539,0.9975372962354726,0.9973055649065631,0.997284048668263,0.996675414609618,1.0,0.9975527120022736,0.997126892905732,0.9978815208148285,0.9972842340287136
5,8,1.392431013143746,0.60448,5000,1.8424454000261095,0.5714285714285714,833,1.8213130437527982,0.59,0.998730427759798,0.08332583558474228,,,0.98,,0.9800166246218381,0.01998337537816186,0.9980583505997304,0.09987180695606977,5,0.001,0.1,0.9970038887566237,0.9973510666163827,0.9971803795673384,0.9972419066145373,0.9972257882701402,0.9972412628152086,0.996610430996938,0.9975527120022736,1.0,0.9971253619677212,0.9975395620325074,0.9973289496928116
5,9,1.3933871139386658,0.5904,5000,1.7847366642068934,0.60984393757503,833,1.8213130437527982,0.59,0.9985802384583176,0.08331951516069595,,,0.98,,0.9800166246218381,0.01998337537816186,0.9980583505997304,0.09987180695606977,5,0.001,0.1,0.9976309687576436,0.9971585518603278,0.9974567935952766,0.9968643656566245,0.9962941640433197,0.9975012595148486,0.9970514482383463,0.997126892905732,0.9971253619677212,1.0,0.9970903328887301,0.9963018989490664
5,10,1.399587388934603,0.59048,5000,1.7991126554983634,0.5762304921968787,833,1.8213130437527982,0.59,0.9989545602719702,0.08336163060905209,,,0.98,,0.9800166246218381,0.01998337537816186,0.9980583505997304,0.09987180695606977,5,0.001,0.1,0.9975933027653163,0.9972498392608945,0.9975341880137555,0.9975984795513642,0.9974904242346566,0.9972025975069307,0.9973478733507319,0.9978815208148285,0.9975395620325074,0.9970903328887301,1.0,0.9975583901850102
5,11,1.390792602870115,0.60192,5000,1.8437492405926739,0.5630252100840336,833,1.8213130437527982,0.59,0.9985564051529806,0.0833243185372409,,,0.98,,0.9800166246218381,0.01998337537816186,0.9980583505997304,0.09987180695606977,5,0.001,0.1,0.997123782165409,0.9973663524276,0.9970381289521848,0.9975681778809123,0.996766485548214,0.9968654895383116,0.9961129784617851,0.9972842340287136,0.9973289496928116,0.9963018989490664,0.9975583901850102,1.0
6,0,1.292837959414075,0.60576,5000,1.6991534453851205,0.6103117505995204,834,1.6934943587635272,0.6159,0.9985721126525144,0.08333669804051623,,,0.98,,0.9800166246218381,0.01998337537816186,0.9979840734920894,0.09984464654429988,5,0.001,0.1,1.0,0.9967808189225902,0.9965713126324302,0.9968949038216871,0.9967251061208207,0.9965871657231677,0.9961357520785123,0.9972760859707914,0.9964554212228897,0.9971572109009116,0.9970036419373616,0.9966617571365264
6,1,1.2968153562515405,0.61072,5000,1.6915668867252491,0.6031175059952039,834,1.6934943587635272,0.6159,0.9984834232893525,0.08334787825650071,,,0.98,,0.9800166246218381,0.01998337537816186,0.9979840734920894,0.09984464654429988,5,0.001,0.1,0.9967808189225902,1.0,0.9965972212330078,0.9971981514166341,0.9965830362460729,0.9970067075354756,0.9960339114807966,0.996770790961061,0.99640031281567,0.9964410324116589,0.9965064733897953,0.9968672897155184
6,2,1.289279472448264,0.61436,5000,1.68844320597472,0.6163069544364509,834,1.6934943587635272,0.6159,0.9984204120495805,0.08334039776629917,,,0.98,,0.9800166246218381,0.01998337537816186,0.9979840734920894,0.09984464654429988,5,0.001,0.1,0.9965713126324302,0.9965972212330078,1.0,0.9966400354612057,0.9962867375796678,0.9970158227286662,0.996634913401157,0.9961436880582506,0.9963173956048225,0.9968357737028669,0.997019589090585,0.9963690601218435
6,3,1.2998479414138064,0.6186,5000,1.695019452660172,0.60431654676259,834,1.6934943587635272,0.6159,0.9985353559722964,0.0833460785389431,,,0.98,,0.9800166246218381,0.01998337537816186,0.9979840734920894,0.09984464654429988,5,0.001,0.1,0.9968949038216871,0.9971981514166341,0.9966400354612057,1.0,0.996487365701681,0.9967894577150042,0.9962659151080117,0.9968587304075245,0.9963652540348549,0.9961923703529505,0.9968044969081816,0.9973114663734938
6,4,1.2853094329499894,0.61564,5000,1.6821534324575353,0.6254501800720288,833,1.6934943587635272,0.6159,0.9984008138340458,0.08332469033422857,,,0.98,,0.9800166246218381,0.01998337537816186,0.9979840734920894,0.09984464654429988,5,0.001,0.1,0.9967251061208207,0.9965830362460729,0.9962867375796678,0.996487365701681,1.0,0.9969907316851648,0.9967985705071589,0.9968746330744889,0.9963669884975728,0.9956480009797494,0.9970188614624343,0.9964175710919908
6,5,1.2753315836001353,0.62124,5000,1.6881735413162797,0.6302521008403361,833,1.6934943587635272,0.6159,0.998584508843739,0.08333421828979368,,,0.98,,0.9800166246218381,0.01998337537816186,0.9979840734920894,0.09984464654429988,5,0.001,0.1,0.9965871657231677,0.9970067075354756,0.9970158227286662,0.9967894577150042,0.9969907316851648,1.0,0.9963084582886872,0.9967482516485107,0.996686122167141,0.9969374413369888,0.9968200570335597,0.9965078637517487
6,6,1.2750029550995796,0.60996,5000,1.6801776532773618,0.6326530612244898,833,1.6934943587635272,0.6159,0.998127981848149,0.08329249252146007,,,0.98,,0.9800166246218381,0.01998337537816186,0.9979840734920894,0.09984464654429988,5,0.001,0.1,0.9961357520785123,0.9960339114807966,0.996634913401157,0.9962659151080117,0.9967985705071589,0.9963084582886872,1.0,0.9959820546235411,0.9957464613641739,0.9966081155286067,0.9969014575266265,0.9955148943927671
6,7,1.2809466011205297,0.61388,5000,1.681324874913251,0.6386554621848739,833,1.6934943587635272,0.6159,0.998562220819352,0.08334918014585398,,,0.98,,0.9800166246218381,0.01998337537816186,0.9979840734920894,0.09984464654429988,5,0.001,0.1,0.9972760859707914,0.996770790961061,0.9961436880582506,0.9968587304075245,0.9968746330744889,0.9967482516485107,0.9959820546235411,1.0,0.9968854669420938,0.9964722253780885,0.9973917698079061,0.9967260960547173
6,8,1.2892011772295473,0.62372,5000,1.7172778977288141,0.6050420168067226,833,1.6934943587635272,0.6159,0.9983021176817144,0.08332407659882211,,,0.98,,0.9800166246218381,0.01998337537816186,0.9979840734920894,0.09984464654429988,5,0.001,0.1,0.9964554212228897,0.99640031281567,0.9963173956048225,0.9963652540348549,0.9963669884975728,0.996686122167141,0.9957464613641739,0.9968854669420938,1.0,0.9963551354828709,0.9968203400224667,0.9966156245509619
6,9,1.293042800153137,0.61296,5000,1.6511285569932725,0.6350540216086434,833,1.6934943587635272,0.6159,0.9982911521236416,0.08331984651898956,,,0.98,,0.9800166246218381,0.01998337537816186,0.9979840734920894,0.09984464654429988,5,0.001,0.1,0.9971572109009116,0.9964410324116589,0.9968357737028669,0.9961923703529505,0.9956480009797494,0.9969374413369888,0.9966081155286067,0.9964722253780885,0.9963551354828709,1.0,0.9964911244636002,0.9957454851894612
6,10,1.298073241665105,0.61136,5000,1.6688576097841616,0.6050420168067226,833,1.6934943587635272,0.6159,0.9987072669720922,0.08335910588238955,,,0.98,,0.9800166246218381,0.01998337537816186,0.9979840734920894,0.09984464654429988,5,0.001,0.1,0.9970036419373616,0.9965064733897953,0.997019589090585,0.9968044969081816,0.9970188614624343,0.9968200570335597,0.9969014575266265,0.9973917698079061,0.9968203400224667,0.9964911244636002,1.0,0.9970901152483201
6,11,1.2885459058603663,0.62272,5000,1.7211110591888428,0.5846338535414166,833,1.6934943587635272,0.6159,0.9983699938138716,0.0833253371062033,,,0.98,,0.9800166246218381,0.01998337537816186,0.9979840734920894,0.09984464654429988,5,0.001,0.1,0.9966617571365264,0.9968672897155184,0.9963690601218435,0.9973114663734938,0.9964175710919908,0.9965078637517487,0.9955148943927671,0.9967260960547173,0.9966156245509619,0.9957454851894612,0.9970901152483201,1.0
7,0,1.2091412081839932,0.629,5000,1.5694202846950955,0.6282973621103117,834,1.5619354270898496,0.6316,0.9981277067353221,0.08333667029099712,,,0.98,,0.9800166246218381,0.01998337537816186,0.9977507115101389,0.09980882429766101,5,0.001,0.1,1.0,0.9959079191562397,0.9954350109858143,0.9961740541140512,0.995981135136164,0.9957672942257112,0.9951628431626601,0.9963952584413567,0.9956283597153455,0.9961984860106134,0.9961917840856468,0.9957921328028971
7,1,1.211159702243319,0.62852,5000,1.5614036321640015,0.6079136690647482,834,1.5619354270898496,0.6316,0.9981897156647954,0.08334552952554766,,,0.98,,0.9800166246218381,0.01998337537816186,0.9977507115101389,0.09980882429766101,5,0.001,0.1,0.9959079191562397,1.0,0.9958048050556731,0.9965662161753795,0.9959935566139297,0.9964550377126538,0.9954640023101523,0.9959603023007575,0.9953236268039067,0.995552362511352,0.9961737744769458,0.9961748479899851
7,2,1.2026369104719465,0.63192,5000,1.5565159144224945,0.6378896882494005,834,1.5619354270898496,0.6316,0.9979883977787832,0.08333444237884421,,,0.98,,0.9800166246218381,0.01998337537816186,0.9977507115101389,0.09980882429766101,5,0.001,0.1,0.9954350109858143,0.9958048050556731,1.0,0.9957336258387524,0.9957572190313635,0.9962531070521353,0.9959955988242406,0.9949183193627678,0.995646778689438,0.9957956040042787,0.9962258478746641,0.9954002811712034
