round,client_id,client_i_training_loss,client_i_training_accuracy,client_i_training_dataset_size,client_i_evaluation_loss,client_i_evaluation_accuracy,client_i_evaluation_dataset_size,client_i_central_evaluation_loss,client_i_central_evaluation_accuracy,client_i_cosine_similarity,client_i_importance_coefficient,client_i_tanh_val,tanh_normalization_value,client_i_q,client_i_mask_order,client_i_v_nonzero_fraction,client_i_v_sparsity,client_i_v_cosine_similarity,client_i_reward_gradient_norm,local_epochs,learning_rate,gamma,client_0_cosine_similarity,client_1_cosine_similarity,client_2_cosine_similarity,client_3_cosine_similarity,client_4_cosine_similarity,client_5_cosine_similarity,client_6_cosine_similarity,client_7_cosine_similarity,client_8_cosine_similarity,client_9_cosine_similarity,client_10_cosine_similarity,client_11_cosine_similarity
0,0,0.3434302589458645,0.89116,5000,2.1966344162269875,0.4172661870503597,834,2.1922232944744464,0.4352,0.7864253469774307,0.08322087999106885,,,0.8856391571817926,,0.8856583504844134,0.11434164951558656,0,0.3937058363876312,5,0.1,0.5,1.0,0.5782683537192251,0.574502301389022,0.5845409722658197,0.5894995710609013,0.5832563179301928,0.5886515708787668,0.5844277734676496,0.584531665750891,0.5841401561076257,0.599903040775343,0.5798847027936122
0,1,0.34178756057361886,0.89316,5000,2.1924019124772816,0.44004796163069543,834,2.192350792046934,0.435,0.7764117528732468,0.0821612242762239,,,0.8,,0.8,0.19999999999999996,0,0.3935251684326008,5,0.1,0.5,0.5782683537192251,1.0,0.5733351774055243,0.5762845470174269,0.5606633873985387,0.5675491815223586,0.5900977046996528,0.5790702743959283,0.5805139687566416,0.580859033308728,0.5662110685167301,0.5841267027167306
0,2,0.34386259230909644,0.89288,5000,2.197567621866862,0.4448441247002398,834,2.19226865341869,0.4346,0.7824715848840514,0.08280248610034423,,,0.8518254385657322,,0.8518447869082877,0.1481552130917123,0,0.3936594096593127,5,0.1,0.5,0.574502301389022,0.5733351774055243,1.0,0.5789902759471419,0.5816821048935644,0.5973847627437695,0.5703990164376654,0.5845213727621115,0.5758375660259925,0.5924926540475054,0.5795470915904325,0.5855516181346649
0,3,0.34239720689951425,0.89436,5000,2.194405370288425,0.4352517985611511,834,2.1922214434931453,0.4349,0.7847057793301102,0.08303891239126526,,,0.8709329165951007,,0.8709502535013303,0.12904974649866974,0,0.39368849509671333,5,0.1,0.5,0.5845409722658197,0.5762845470174269,0.5789902759471419,1.0,0.574624017473081,0.5965351192075298,0.5834752831073927,0.5767241140097145,0.5832257067336104,0.5826371806901185,0.5903787530079747,0.5879407876092908
0,4,0.3214368022290195,0.8998,5000,2.199336855499833,0.44057623049219685,833,2.1922369368921832,0.435,0.785691780840789,0.08314325276343994,,,0.8793654871063457,,0.8793735254254305,0.12062647457456954,0,0.3936989157497181,5,0.1,0.5,0.5894995710609013,0.5606633873985387,0.5816821048935644,0.574624017473081,1.0,0.5936574610076136,0.5853874277621887,0.5815020897686529,0.599435555327117,0.5752397845270415,0.59621601108127,0.5867669167094993
0,5,0.3425441630528706,0.89168,5000,2.1864251560635037,0.4369747899159664,833,2.1921635786184486,0.4352,0.7935379715033103,0.08397355012608518,,,0.9464683822741481,,0.9464836102605291,0.053516389739470926,0,0.39374041533573567,5,0.1,0.5,0.5832563179301928,0.5675491815223586,0.5973847627437695,0.5965351192075298,0.5936574610076136,1.0,0.5787588706237685,0.5831805378229895,0.6113667311078966,0.5972286367806775,0.5958237849630184,0.5940783004833555
0,6,0.3291918015380384,0.89676,5000,2.201987381334658,0.4309723889555822,833,2.1921901542919513,0.4352,0.78969583254657,0.08356696838726302,,,0.9136092970538772,,0.9136238140655589,0.08637618593444107,0,0.39372836068526873,5,0.1,0.5,0.5886515708787668,0.5900977046996528,0.5703990164376654,0.5834752831073927,0.5853874277621887,0.5787588706237685,1.0,0.5835658447944375,0.5949959574674526,0.5934722197345838,0.6022762815756132,0.5914318652008198
0,7,0.3469992961082014,0.8922,5000,2.195985202436094,0.44417767106842737,833,2.1922267374520104,0.4352,0.7861875325262206,0.08319571405767115,,,0.8836052991129127,,0.8836203001857337,0.11637969981426632,0,0.39370374742138714,5,0.1,0.5,0.5844277734676496,0.5790702743959283,0.5845213727621115,0.5767241140097145,0.5815020897686529,0.5831805378229895,0.5835658447944375,1.0,0.5801024517511286,0.5975578710728047,0.5896610982339261,0.5890456838358793
0,8,0.3462173572866021,0.89372,5000,2.201849593056573,0.3949579831932773,833,2.1921701225609826,0.4352,0.7906180112448572,0.08366455491988871,,,0.9214960363874921,,0.921509964359219,0.07849003564078105,0,0.3937323875230683,5,0.1,0.5,0.584531665750891,0.5805139687566416,0.5758375660259925,0.5832257067336104,0.599435555327117,0.6113667311078966,0.5949959574674526,0.5801024517511286,1.0,0.5880383713215764,0.5971664294269103,0.5760120936123224
0,9,0.34225108822819533,0.89168,5000,2.1846794287363687,0.4381752701080432,833,2.1921720619018847,0.4352,0.7909718168293212,0.08370199523408765,,,0.9245218842243891,,0.9245369208373073,0.07546307916269268,0,0.39373387344538935,5,0.1,0.5,0.5841401561076257,0.580859033308728,0.5924926540475054,0.5826371806901185,0.5752397845270415,0.5972286367806775,0.5934722197345838,0.5975578710728047,0.5880383713215764,1.0,0.5927846822856719,0.5901193225510699
0,10,0.3507075982203909,0.88872,5000,2.197631588688603,0.44537815126050423,833,2.192159122552354,0.4352,0.7939509156143023,0.08401724858066319,,,0.949999999919182,,0.9500025099141609,0.04999749008583909,0,0.3937411092366426,5,0.1,0.5,0.599903040775343,0.5662110685167301,0.5795470915904325,0.5903787530079747,0.59621601108127,0.5958237849630184,0.6022762815756132,0.5896610982339261,0.5971664294269103,0.5927846822856719,1.0,0.5927537215861143
0,11,0.35051786336264795,0.8912,5000,2.181636404108118,0.4549819927971189,833,2.1921982049180295,0.4352,0.7891878534934711,0.08351321317199892,,,0.9092649130574043,,0.9092766427388184,0.09072335726118164,0,0.39372562492771984,5,0.1,0.5,0.5798847027936122,0.5841267027167306,0.5855516181346649,0.5879407876092908,0.5867669167094993,0.5940783004833555,0.5914318652008198,0.5890456838358793,0.5760120936123224,0.5901193225510699,0.5927537215861143,1.0
1,0,0.3080743770346425,0.90304,5000,2.0269269325115062,0.7266187050359713,834,2.0246496246264765,0.724,0.8126435935361628,0.08328414651578507,,,0.893926717963829,,0.8939360473871794,0.10606395261282064,0.9603427638512834,0.40592911937088405,5,0.1,0.5,1.0,0.6240770429722452,0.6260364017226535,0.6321421352191836,0.6302747961280972,0.6296960088978765,0.6251505512957787,0.6231233817360239,0.6337822637151458,0.6377891210137915,0.6270080765268592,0.6290335766151598
1,1,0.30360646890061105,0.90704,5000,2.0265526948151766,0.7386091127098321,834,2.025080407008576,0.7237,0.8047696484200102,0.082309740370102,,,0.8,,0.8,0.19999999999999996,0.9597230887492053,0.4056919420876946,5,0.1,0.5,0.6240770429722452,1.0,0.6223141154618278,0.6270455074129166,0.6243450662290412,0.6248721912311059,0.6213446209515852,0.6161218520148493,0.6241885130147596,0.6192823182037864,0.616745247381602,0.6260314197431697
1,2,0.3048979406191665,0.90764,5000,2.031390662546511,0.7182254196642686,834,2.0247303388370113,0.724,0.8132159037332439,0.08302748711620225,,,0.8691863413311658,,0.8691983334169971,0.13080166658300285,0.9602333406607806,0.4058950199704033,5,0.1,0.5,0.6260364017226535,0.6223141154618278,1.0,0.6311295810036988,0.6305076298361693,0.6397600960673794,0.6342884265210743,0.6199563352491527,0.6301771273650576,0.633152949677933,0.6193144829554982,0.6388706078514096
1,3,0.307870274499818,0.90776,5000,2.0255271240516945,0.7110311750599521,834,2.0246620848536874,0.7242,0.8127334582117102,0.08316698706941378,,,0.8826332729000148,,0.8826464534912906,0.11735354650870944,0.9602727306077014,0.40591544106698657,5,0.1,0.5,0.6321421352191836,0.6270455074129166,0.6311295810036988,1.0,0.6365087878959085,0.6312634606896312,0.6257509051258958,0.6231575184432288,0.6286688940338997,0.6336899079838988,0.624515698042631,0.6260598562697327
1,4,0.27941169968693497,0.91268,5000,2.0320217830163463,0.7046818727490997,833,2.0246651020293798,0.724,0.8132783818966766,0.0832549175720767,,,0.8911092288046737,,0.8911249435269314,0.10887505647306861,0.9603105595751655,0.4059261970247925,5,0.1,0.5,0.6302747961280972,0.6243450662290412,0.6305076298361693,0.6365087878959085,1.0,0.6285264549594507,0.6243744081714495,0.6275826605002793,0.6273870979624542,0.6295313648312806,0.6355205492064042,0.6301397109237404
1,5,0.3052403281573325,0.9058,5000,2.01773903104994,0.7250900360144058,833,2.0245762191260583,0.7241,0.8150629921328452,0.08386585693551654,,,0.9499999999036062,,0.9500025099141609,0.04999749008583909,0.9605089286541142,0.40596237847744293,5,0.1,0.5,0.6296960088978765,0.6248721912311059,0.6397600960673794,0.6312634606896312,0.6285264549594507,1.0,0.630670048879448,0.626099712028879,0.6323114672195062,0.6397066274060514,0.6310496016240476,0.6244407737071402
1,6,0.29417518033960444,0.91,5000,2.0367204215791492,0.7214885954381752,833,2.024596383396429,0.7243,0.8124753060456935,0.08350706622109383,,,0.9154147970178026,,0.9154359720897546,0.08456402791024542,0.960435780513256,0.40594776565937246,5,0.1,0.5,0.6251505512957787,0.6213446209515852,0.6342884265210743,0.6257509051258958,0.6243744081714495,0.630670048879448,1.0,0.6196431359582604,0.6337456457546073,0.6355840784189453,0.6290632230306162,0.6352463466867673
1,7,0.31683359936259353,0.90428,5000,2.028566258924979,0.7466986794717887,833,2.0246795236873933,0.724,0.8068491006095648,0.08306591477435764,,,0.8728905295955379,,0.8729029667185382,0.12709703328146182,0.9603052760944271,0.4059008945021712,5,0.1,0.5,0.6231233817360239,0.6161218520148493,0.6199563352491527,0.6231575184432288,0.6275826605002793,0.626099712028879,0.6196431359582604,1.0,0.6342452900659467,0.6276074896860745,0.6232732570062152,0.6209056883550856
1,8,0.29948017676924443,0.911,5000,2.0378901958465576,0.7178871548619448,833,2.024566411210325,0.7243,0.8124181916102823,0.08356958671700974,,,0.9214413856357719,,0.9214597660760002,0.07854023392399978,0.9604462245990186,0.4059515190190238,5,0.1,0.5,0.6337822637151458,0.6241885130147596,0.6301771273650576,0.6286688940338997,0.6273870979624542,0.6323114672195062,0.6337456457546073,0.6342452900659467,1.0,0.6263872586031686,0.617107964359565,0.6260872395355176
1,9,0.3024931452515873,0.90828,5000,2.01718803246816,0.7298919567827131,833,2.024578308906799,0.7242,0.817298392959611,0.08376412304813312,,,0.9401934831960086,,0.9402138446865117,0.0597861553134883,0.960482804753547,0.4059596797046702,5,0.1,0.5,0.6377891210137915,0.6192823182037864,0.633152949677933,0.6336899079838988,0.6295313648312806,0.6397066274060514,0.6355840784189453,0.6276074896860745,0.6263872586031686,1.0,0.6440234677636985,0.6343812303783246
1,10,0.3079274070644929,0.90548,5000,2.0336237174493297,0.7298919567827131,833,2.024560211565548,0.7242,0.8100744144514737,0.08372118519145375,,,0.9360545397255038,,0.9360775061492896,0.06392249385071036,0.9604985310829462,0.4059582912034338,5,0.1,0.5,0.6270080765268592,0.616745247381602,0.6193144829554982,0.624515698042631,0.6355205492064042,0.6310496016240476,0.6290632230306162,0.6232732570062152,0.617107964359565,0.6440234677636985,1.0,0.6217676721424725
1,11,0.3122737866198306,0.90604,5000,2.0135863666181213,0.7190876350540216,833,2.024605757512224,0.7243,0.8122297261384827,0.08346298846885566,,,0.9111659746747833,,0.9111841775011295,0.08881582249887054,0.9604297770044767,0.40594485062720503,5,0.1,0.5,0.6290335766151598,0.6260314197431697,0.6388706078514096,0.6260598562697327,0.6301397109237404,0.6244407737071402,0.6352463466867673,0.6209056883550856,0.6260872395355176,0.6343812303783246,0.6217676721424725,1.0
2,0,0.2844252560447878,0.91152,5000,1.8170204913174663,0.8597122302158273,834,1.817984058453252,0.8537,0.8068883460340984,0.08312557763342823,,,0.8658585622978617,,0.8658752070679183,0.13412479293208168,0.9678179936075701,0.4058895550742519,5,0.1,0.5,1.0,0.6224982731747714,0.6139508049891979,0.618424112457717,0.6244287306788526,0.6188117771826027,0.6255531635410317,0.627636433178703,0.6288749684672935,0.6302172908125422,0.6265395465505482,0.6248542747084866
2,1,0.2712613384719867,0.92124,5000,1.8224035148267392,0.8633093525179856,834,1.8187248520196055,0.8528,0.8111440863543475,0.08262952903663039,,,0.8,,0.8,0.19999999999999996,0.9671465095749167,0.4056825635539964,5,0.1,0.5,0.6224982731747714,1.0,0.6210527473828183,0.6323596241065286,0.6306862248950209,0.6287511009666318,0.6329466763125741,0.6234997392088288,0.6308850537454,0.6307952718911994,0.6219843481943197,0.6321775008260594
2,2,0.2783304245418804,0.91688,5000,1.8258646196789212,0.8669064748201439,834,1.8181383419341552,0.8533,0.807163965665928,0.08296550762334716,,,0.8446066510960246,,0.8446212539531148,0.15537874604688517,0.9677325076647558,0.40584360830226407,5,0.1,0.5,0.6139508049891979,0.6210527473828183,1.0,0.6326505021355588,0.6244000193860669,0.6370802797876277,0.6284740894403521,0.6148923405261084,0.6245462213643996,0.6169460515400713,0.6259836131148663,0.6256162710916887
2,3,0.270423527076176,0.918,5000,1.818489017309966,0.841726618705036,834,1.8179539883860385,0.8536,0.8121606720549196,0.08323156119494703,,,0.8799296130656542,,0.87993574619748,0.12006425380251995,0.9678423409060927,0.40591211489086876,5,0.1,0.5,0.618424112457717,0.6323596241065286,0.6326505021355588,1.0,0.632799636785248,0.6292507484111152,0.6300299420371485,0.6245131541950197,0.6246601606165043,0.6333295035973104,0.6314216582949645,0.6243414772636084
2,4,0.2550796617047897,0.92216,5000,1.8261181778377957,0.851140456182473,833,1.8178957845456303,0.8537,0.8155508528782904,0.08340763335331391,,,0.903306071109442,,0.9033231263490789,0.09667687365092115,0.9679218921458767,0.40593930362796055,5,0.1,0.5,0.6244287306788526,0.6306862248950209,0.6244000193860669,0.632799636785248,1.0,0.6268090096074448,0.6261640663861668,0.6345551779754328,0.6346578079402552,0.6356633760557528,0.6484972200400269,0.6276464765533504
2,5,0.278356097236418,0.91608,5000,1.8095020188225641,0.8643457382953181,833,1.8177869194231855,0.8536,0.8121932751724843,0.08369466812088375,,,0.9414146299153323,,0.9414286431404046,0.05857135685959536,0.9680311184432147,0.4059597539087872,5,0.1,0.5,0.6188117771826027,0.6287511009666318,0.6370802797876277,0.6292507484111152,0.6268090096074448,1.0,0.6255740974077768,0.6224343158911212,0.6301221985385237,0.6310256337371773,0.6324119643903713,0.6286719980615049
2,6,0.2629590373076973,0.92124,5000,1.8336164907172874,0.8559423769507803,833,1.8178162624279912,0.8536,0.81262229551097,0.08347242339682004,,,0.9119080087906974,,0.9119271120927664,0.08807288790723355,0.967973981795356,0.40594597159086254,5,0.1,0.5,0.6255531635410317,0.6329466763125741,0.6284740894403521,0.6300299420371485,0.6261640663861668,0.6255740974077768,1.0,0.6295724455213976,0.6236697415988367,0.6283527042482935,0.6356717447896847,0.6307879857063821
2,7,0.2763289501404117,0.91784,5000,1.8225204503094707,0.851140456182473,833,1.818014407310242,0.8538,0.8110298200752334,0.08312540614721813,,,0.865835794699436,,0.8658551277546308,0.1341448722453692,0.9677791195070572,0.4058895368665911,5,0.1,0.5,0.627636433178703,0.6234997392088288,0.6148923405261084,0.6245131541950197,0.6345551779754328,0.6224343158911212,0.6295724455213976,1.0,0.6235607349783646,0.6379600767659498,0.637872843345521,0.6265439299661176
2,8,0.2739939382809932,0.91812,5000,1.8344224514784637,0.8391356542617047,833,1.81778244088633,0.8535,0.8110858271686051,0.08346029600379518,,,0.9102978990671856,,0.9103157472014457,0.0896842527985543,0.967978034233871,0.40594486355337467,5,0.1,0.5,0.6288749684672935,0.6308850537454,0.6245462213643996,0.6246601606165043,0.6346578079402552,0.6301221985385237,0.6236697415988367,0.6235607349783646,1.0,0.6251873224923898,0.6296788805980784,0.6256645338176863
2,9,0.26903765872595414,0.91584,5000,1.8113396918332134,0.843937575030012,833,1.8177894289120318,0.8537,0.8147489224443224,0.08371633256637183,,,0.9442909392971869,,0.944299984940515,0.055700015059484964,0.9680214165945104,0.4059605209333233,5,0.1,0.5,0.6302172908125422,0.6307952718911994,0.6169460515400713,0.6333295035973104,0.6356633760557528,0.6310256337371773,0.6283527042482935,0.6379600767659498,0.6251873224923898,1.0,0.6356772910559063,0.6311525590502083
2,10,0.2786704612314511,0.9144,5000,1.8307374936562997,0.8487394957983193,833,1.8177688533124832,0.8536,0.8168007184614795,0.083759333375773,,,0.9499999998672336,,0.9500025099141609,0.04999749008583909,0.9680151799205504,0.4059617944785169,5,0.1,0.5,0.6265395465505482,0.6219843481943197,0.6259836131148663,0.6314216582949645,0.6484972200400269,0.6324119643903713,0.6356717447896847,0.637872843345521,0.6296788805980784,0.6356772910559063,1.0,0.6306413929152435
2,11,0.27909345960861465,0.91396,5000,1.8067659978513364,0.8571428571428571,833,1.8178318510421168,0.8536,0.8117153006607017,0.08341173154747114,,,0.9038501733948929,,0.9038652678078409,0.09613473219215907,0.9679611050603594,0.40593975091851175,5,0.1,0.5,0.6248542747084866,0.6321775008260594,0.6256162710916887,0.6243414772636084,0.6276464765533504,0.6286719980615049,0.6307879857063821,0.6265439299661176,0.6256645338176863,0.6311525590502083,0.6306413929152435,1.0
3,0,0.25473063286204056,0.92328,5000,1.5789527672308463,0.9052757793764988,834,1.5837226462440368,0.9016,0.8038497027948358,0.08313892168719342,,,0.8561025732363866,,0.8561216806385221,0.14387831936147788,0.9697518930443225,0.40263641169172265,5,0.1,0.5,1.0,0.6119500940590515,0.6129886312712046,0.6160630501856148,0.6174611974754783,0.6113947285300881,0.6203483724297589,0.6051887024981722,0.621766211628944,0.6176937780075922,0.6181528827643072,0.6177182150631741
3,1,0.24628379010019977,0.92744,5000,1.5900943235114768,0.9136690647482014,834,1.5847503506718352,0.9014,0.8013352336714805,0.08272241725829134,,,0.8,,0.8,0.19999999999999996,0.9692192129528611,0.40244156828318894,5,0.1,0.5,0.6119500940590515,1.0,0.6106650145291528,0.6161830433857314,0.6134977410752291,0.6103825852886502,0.6198206011792475,0.6063076542105749,0.6095278989819812,0.6147103971385556,0.6148294710005551,0.6209046886706112
3,2,0.25362065593314587,0.92648,5000,1.5915294620725844,0.9160671462829736,834,1.5838963897845235,0.9015,0.806222090418497,0.08311558569726951,,,0.8529592475166562,,0.8529742482807088,0.14702575171929122,0.9696644976201556,0.4026285936285505,5,0.1,0.5,0.6129886312712046,0.6106650145291528,1.0,0.6237243773215458,0.6166923790632997,0.6306301287958215,0.6208194264819761,0.6061463320506452,0.6092995715481171,0.6269968075476599,0.6113351799329759,0.6250240506112609
3,3,0.25275257782547905,0.92492,5000,1.5834231818163838,0.8980815347721822,834,1.5835975492343355,0.9017,0.8071755306897542,0.08332519011646956,,,0.8811926742531719,,0.8812107825912354,0.11878921740876458,0.9698797946244363,0.40268396815749025,5,0.1,0.5,0.6160630501856148,0.6161830433857314,0.6237243773215458,1.0,0.6170397635588701,0.6198815177088765,0.6183458977692521,0.6120438859444078,0.6153998515776526,0.6242157455872449,0.6206718412268064,0.6188483691181881
3,4,0.22891870496948813,0.92996,5000,1.592119331713076,0.9063625450180072,833,1.5835147482899432,0.9015,0.8072439107972843,0.08344427845900092,,,0.8972337100617874,,0.8972491340796145,0.10275086592038551,0.9699657758952044,0.4027052017238735,5,0.1,0.5,0.6174611974754783,0.6134977410752291,0.6166923790632997,0.6170397635588701,1.0,0.620643547568469,0.6178502478667559,0.6117412531685348,0.6155661028216298,0.6246688487996286,0.6276586461115152,0.6193574272735416
3,5,0.25236413270697755,0.9216,5000,1.5739621056450739,0.9039615846338536,833,1.5833620518541183,0.9015,0.8067610790079037,0.08361768528976732,,,0.920591371463868,,0.920611415089604,0.07938858491039602,0.9700477795558047,0.402725405305914,5,0.1,0.5,0.6113947285300881,0.6103825852886502,0.6306301287958215,0.6198815177088765,0.620643547568469,1.0,0.6170430466628345,0.6038422866680203,0.61427081933818,0.6268835551642458,0.6222900169733754,0.6189661045723758
3,6,0.23573215431919334,0.92968,5000,1.6019166752144143,0.9039615846338536,833,1.583424626447903,0.9016,0.8069745020671335,0.08347782384527387,,,0.90175222741605,,0.9017719993976206,0.09822800060237935,0.9699804925268142,0.40270992986113135,5,0.1,0.5,0.6203483724297589,0.6198206011792475,0.6208194264819761,0.6183458977692521,0.6178502478667559,0.6170430466628345,1.0,0.6056341567988222,0.6146070595109607,0.624973825152078,0.6186591556384298,0.6212992173340923
3,7,0.25339316303847703,0.925,5000,1.5904122502715499,0.9039615846338536,833,1.5838083626744084,0.9016,0.7954031087169096,0.08284414949303043,,,0.8163971644495631,,0.8164148386125194,0.1835851613874806,0.9695268032737716,0.40251317287816624,5,0.1,0.5,0.6051887024981722,0.6063076542105749,0.6061463320506452,0.6120438859444078,0.6117412531685348,0.6038422866680203,0.6056341567988222,1.0,0.6005681051275628,0.619232887972698,0.6081105133723582,0.610330853924239
3,8,0.24806649102621778,0.92452,5000,1.602227180092423,0.8919567827130852,833,1.5834112281616504,0.9016,0.8012937533287928,0.08327161333984484,,,0.8739759561926188,,0.8739872496360624,0.12601275036393755,0.9699281321614248,0.40267201241532485,5,0.1,0.5,0.621766211628944,0.6095278989819812,0.6092995715481171,0.6153998515776526,0.6155661028216298,0.61427081933818,0.6146070595109607,0.6005681051275628,1.0,0.6170812187237567,0.608081888506851,0.6183360285186923
3,9,0.24443749561668582,0.9248,5000,1.5787571447866935,0.885954381752701,833,1.5833266322224284,0.9015,0.8126080116117617,0.08383601438361338,,,0.9499999998653014,,0.9500025099141609,0.04999749008583909,0.9700785072546182,0.40273819755907264,5,0.1,0.5,0.6176937780075922,0.6147103971385556,0.6269968075476599,0.6242157455872449,0.6246688487996286,0.6268835551642458,0.624973825152078,0.619232887972698,0.6170812187237567,1.0,0.6298584693200359,0.6263443231374665
3,10,0.24944705349885543,0.92608,5000,1.6007977812378495,0.885954381752701,833,1.583327534861458,0.9015,0.8076018755961363,0.08368987735830033,,,0.930315543719697,,0.9303348225490689,0.06966517745093115,0.9700578289141518,0.4027310319897662,5,0.1,0.5,0.6181528827643072,0.6148294710005551,0.6113351799329759,0.6206718412268064,0.6276586461115152,0.6222900169733754,0.6186591556384298,0.6081105133723582,0.608081888506851,0.6298584693200359,1.0,0.6243767339804204
3,11,0.25597626954127267,0.92304,5000,1.57435820279298,0.9015606242496998,833,1.5834401453645846,0.9016,0.8092346945056574,0.08351644307194513,,,0.9069541840875985,,0.9069725415390794,0.09302745846092064,0.9699808159124459,0.4027146911319903,5,0.1,0.5,0.6177182150631741,0.6209046886706112,0.6250240506112609,0.6188483691181881,0.6193574272735416,0.6189661045723758,0.6212992173340923,0.610330853924239,0.6183360285186923,0.6263443231374665,0.6243767339804204,1.0
4,0,0.23125150895968175,0.92828,5000,1.3253714420177318,0.9256594724220624,834,1.3343818248651278,0.9243,0.7945952803077692,0.08317650037986228,,,0.8573269442605377,,0.857341498920737,0.14265850107926303,0.9692224776762541,0.39758167066115746,5,0.1,0.5,1.0,0.5930370842789559,0.5953260759537715,0.5937273579089207,0.5986858496190387,0.6037701895205392,0.6030961208939176,0.6019200831149552,0.603047539143741,0.6021491648099605,0.5850645927076487,0.605150162592758
4,1,0.22373403886178878,0.93276,5000,1.3429062631395128,0.9376498800959233,834,1.3356394565905245,0.9239,0.7908715687340577,0.08276881132769895,,,0.8,,0.8,0.19999999999999996,0.9685444347679308,0.3973604859655552,5,0.1,0.5,0.5930370842789559,1.0,0.5992637497258686,0.5957525852739342,0.5934794750547372,0.6014207425434713,0.600668197092845,0.5972206647518351,0.591970577011753,0.5961412215787986,0.578429389100798,0.6041440233966202
4,2,0.23222362404558688,0.93208,5000,1.341096736766674,0.9328537170263789,834,1.3345688516720415,0.9243,0.7998858827311668,0.08334631285260315,,,0.8812050202302099,,0.8812208222478791,0.11877917775212088,0.9692221599190747,0.3976302733876114,5,0.1,0.5,0.5953260759537715,0.5992637497258686,1.0,0.602690210059405,0.6000509937398968,0.6151627663031168,0.6103456989414402,0.6030984702644779,0.6022963433128117,0.6100884028710031,0.5861196538034097,0.6110758814543967
4,3,0.23487099174433831,0.93032,5000,1.3333476958451447,0.9304556354916067,834,1.3342356358092433,0.9245,0.7917969678031592,0.0832024523727258,,,0.8609761677077767,,0.8609959339390593,0.13900406606094073,0.9693261253288369,0.3975902669051638,5,0.1,0.5,0.5937273579089207,0.5957525852739342,0.602690210059405,1.0,0.595531374210993,0.5946583505213848,0.5959555176788031,0.5940249758063403,0.5940073327912527,0.6036439940476271,0.5857964986852472,0.6015986479773154
4,4,0.20978755990316153,0.93708,5000,1.342448808528759,0.9231692677070829,833,1.33411028666999,0.9245,0.7969480914570514,0.08346217989433655,,,0.8974975927381978,,0.8975051453240299,0.10249485467597008,0.9694633362167865,0.397652973896426,5,0.1,0.5,0.5986858496190387,0.5934794750547372,0.6000509937398968,0.595531374210993,1.0,0.6058687077115195,0.6023718146586066,0.6065386514608487,0.6071650024814609,0.6017819335144498,0.6017555516815688,0.5927290314743007
4,5,0.23296746408098204,0.9286,5000,1.3230784866544936,0.921968787515006,833,1.3339308740231937,0.9248,0.8009879328437082,0.0837191317188869,,,0.9336287148408832,,0.9336428894131821,0.06635711058681792,0.9695596327256225,0.3976812805972456,5,0.1,0.5,0.6037701895205392,0.6014207425434713,0.6151627663031168,0.5946583505213848,0.6058687077115195,1.0,0.6059428427521917,0.6003837004536762,0.6085478402546309,0.606606850460875,0.5965012656587313,0.6048683840916002
4,6,0.21819959307433504,0.93412,5000,1.3549687023516055,0.9339735894357744,833,1.3340137069598554,0.9248,0.7995180247354566,0.08357454099106246,,,0.913297178954407,,0.9133075648812811,0.08669243511871894,0.9694894537298133,0.3976687809702708,5,0.1,0.5,0.6030961208939176,0.600668197092845,0.6103456989414402,0.5959555176788031,0.6023718146586066,0.6059428427521917,1.0,0.6040348564202532,0.5994599001269812,0.6051504576128724,0.5921724496878465,0.6111787605317067
4,7,0.23247092760340043,0.92968,5000,1.3415816889868841,0.921968787515006,833,1.3344977595173895,0.9244,0.7960817852494042,0.08303236889247377,,,0.8370599841843096,,0.837081471813664,0.162918528186336,0.9688899698456761,0.3975222229830086,5,0.1,0.5,0.6019200831149552,0.5972206647518351,0.6030984702644779,0.5940249758063403,0.6065386514608487,0.6003837004536762,0.6040348564202532,1.0,0.5959800943785579,0.6092596756515672,0.5879842127738888,0.600125876673245
4,8,0.22632698453132324,0.93224,5000,1.3533455663257175,0.9231692677070829,833,1.3340239757166121,0.9247,0.793240259554269,0.08321735305152722,,,0.8630714174540238,,0.8630841825209578,0.13691581747904225,0.9693195708932753,0.397595586572303,5,0.1,0.5,0.603047539143741,0.591970577011753,0.6022963433128117,0.5940073327912527,0.6071650024814609,0.6085478402546309,0.5994599001269812,0.5959800943785579,1.0,0.6005843948261851,0.5755237429590638,0.5928578182800573
4,9,0.2261194047203679,0.9306,5000,1.3316409102192632,0.9099639855942377,833,1.3338777638091066,0.9247,0.8001630297974954,0.0838355585362933,,,0.9499999998593855,,0.9500025099141609,0.04999749008583909,0.9696027192977966,0.3976865153981552,5,0.1,0.5,0.6021491648099605,0.5961412215787986,0.6100884028710031,0.6036439940476271,0.6017819335144498,0.606606850460875,0.6051504576128724,0.6092596756515672,0.6005843948261851,1.0,0.5950408919735065,0.6043861229575389
4,10,0.23054359987567943,0.931,5000,1.3548535108566284,0.9111644657863145,833,1.3339311284379076,0.9248,0.7827554225385939,0.08312844565189387,,,0.8505697583682933,,0.8505898298278199,0.14941017017218006,0.9693526214342016,0.39756458477852974,5,0.1,0.5,0.5850645927076487,0.578429389100798,0.5861196538034097,0.5857964986852472,0.6017555516815688,0.5965012656587313,0.5921724496878465,0.5879842127738888,0.5755237429590638,0.5950408919735065,1.0,0.5847296138075596
4,11,0.2319181061343877,0.92952,5000,1.327239782721908,0.921968787515006,833,1.334033660233592,0.9246,0.7976939533960726,0.08353634433063577,,,0.9079261791407003,,0.9079413684052006,0.09205863159479943,0.9694988475750725,0.3976641464992046,5,0.1,0.5,0.605150162592758,0.6041440233966202,0.6110758814543967,0.6015986479773154,0.5927290314743007,0.6048683840916002,0.6111787605317067,0.600125876673245,0.5928578182800573,0.6043861229575389,0.5847296138075596,1.0
5,0,0.21610960519581937,0.93372,5000,1.0735348794195387,0.9388489208633094,834,1.0867210011512707,0.9375,0.7798316550623058,0.08309997517484224,,,0.95,,0.9500025099141609,0.04999749008583909,0.9693971522700008,0.39173725228922973,5,0.1,0.5,1.0,0.576494191954393,0.5703057587069633,0.5730660208996978,0.572542475266759,0.5747226814987615,0.5815787540433014,0.5714525054775216,0.5823264397954361,0.572928329498717,0.5744942960254648,0.5826944683172025
5,1,0.20366905642388639,0.93908,5000,1.0966545740763347,0.9448441247002398,834,1.0880034303131956,0.9375,0.7806032665174976,0.08285441005196355,,,0.95,,0.9500025099141609,0.04999749008583909,0.9688594128133995,0.39173725228922973,5,0.1,0.5,0.576494191954393,1.0,0.5766733746258402,0.5799349812275701,0.5753562590118889,0.571661316699865,0.5825056556890958,0.5754779201611283,0.5791049018156086,0.5745992520865368,0.5722156749550544,0.5779317540687511
5,2,0.2140045889943933,0.93592,5000,1.091091518048887,0.9532374100719424,834,1.0869105460163884,0.9376,0.7850077485728959,0.0833958206392176,,,0.95,,0.9500025099141609,0.04999749008583909,0.9694964762966317,0.39173725228922973,5,0.1,0.5,0.5703057587069633,0.5766733746258402,1.0,0.582672032451315,0.5760118749381867,0.5941187287939307,0.5894245429753855,0.5798289734805449,0.5696797523826348,0.5772801085413793,0.58255055568644,0.5817561565555531
5,3,0.2163208252068158,0.93572,5000,1.084636922235842,0.9364508393285371,834,1.086573883557853,0.9377,0.7839499661504349,0.0832623383421909,,,0.95,,0.9500025099141609,0.04999749008583909,0.9694031974398813,0.39173725228922973,5,0.1,0.5,0.5730660208996978,0.5799349812275701,0.582672032451315,1.0,0.5787402464705454,0.5773835489656708,0.5814836645167514,0.575320035402526,0.5759208271725016,0.5722612629343464,0.5915769543785075,0.5828833101449203
5,4,0.1953152196475892,0.94048,5000,1.0927984846962824,0.9327731092436975,833,1.0864425153016282,0.9376,0.7834446963422218,0.0834182988823753,,,0.95,,0.9500025099141609,0.04999749008583909,0.9695753332942046,0.39173725228922973,5,0.1,0.5,0.572542475266759,0.5753562590118889,0.5760118749381867,0.5787402464705454,1.0,0.5799290933882315,0.5833825506729691,0.5781547228284195,0.5734706584284808,0.5800014500708582,0.5884566561142818,0.5790471051489605
5,5,0.2171503084456655,0.93344,5000,1.0737260425532307,0.9375750300120048,833,1.0862669647692111,0.9377,0.7861066898959663,0.08368391902219952,,,0.95,,0.9500025099141609,0.04999749008583909,0.9696295296794236,0.39173725228922973,5,0.1,0.5,0.5747226814987615,0.571661316699865,0.5941187287939307,0.5773835489656708,0.5799290933882315,1.0,0.5854298049354282,0.5784632287284535,0.5809651636548226,0.5822963220473493,0.582578276519244,0.5812233435190828
5,6,0.19863112453715343,0.9402,5000,1.1094091689145122,0.9471788715486195,833,1.0863500921109233,0.9376,0.788431044018306,0.08366903016404577,,,0.95,,0.9500025099141609,0.04999749008583909,0.9696053874692907,0.39173725228922973,5,0.1,0.5,0.5815787540433014,0.5825056556890958,0.5894245429753855,0.5814836645167514,0.5833825506729691,0.5854298049354282,1.0,0.5827722392321237,0.5832011787092234,0.5757815540896714,0.5849027349158787,0.5810335850924782
5,7,0.21437249988388674,0.93648,5000,1.0941036718863029,0.9375750300120048,833,1.0868419351669165,0.9377,0.7821340339251812,0.08308461980710023,,,0.95,,0.9500025099141609,0.04999749008583909,0.9692638312671491,0.39173725228922973,5,0.1,0.5,0.5714525054775216,0.5754779201611283,0.5798289734805449,0.575320035402526,0.5781547228284195,0.5784632287284535,0.5827722392321237,1.0,0.5769018182647787,0.5774180994411423,0.5819054436613513,0.5772612218265091
5,8,0.20762119366650938,0.93816,5000,1.1051338955208108,0.936374549819928,833,1.0863671146642666,0.9376,0.780294801520992,0.08314361146443833,,,0.95,,0.9500025099141609,0.04999749008583909,0.9694179390109976,0.39173725228922973,5,0.1,0.5,0.5823264397954361,0.5791049018156086,0.5696797523826348,0.5759208271725016,0.5734706584284808,0.5809651636548226,0.5832011787092234,0.5769018182647787,1.0,0.5725091405746999,0.5710799011632604,0.5716238175471586
5,9,0.21083038089215567,0.93652,5000,1.0870159224227622,0.9243697478991597,833,1.086214286450761,0.9377,0.7819035032762567,0.08361381500692544,,,0.95,,0.9500025099141609,0.04999749008583909,0.9696355740984226,0.39173725228922973,5,0.1,0.5,0.572928329498717,0.5745992520865368,0.5772801085413793,0.5722612629343464,0.5800014500708582,0.5822963220473493,0.5757815540896714,0.5774180994411423,0.5725091405746999,1.0,0.58713540096529,0.5765055742738598
5,10,0.21399575795646117,0.93532,5000,1.1109735281379134,0.9279711884753902,833,1.0862679272033156,0.9377,0.7862461487234963,0.08329367636574354,,,0.95,,0.9500025099141609,0.04999749008583909,0.9693425071220023,0.39173725228922973,5,0.1,0.5,0.5744942960254648,0.5722156749550544,0.58255055568644,0.5915769543785075,0.5884566561142818,0.582578276519244,0.5849027349158787,0.5819054436613513,0.5710799011632604,0.58713540096529,1.0,0.5761432247652757
5,11,0.21446214086571885,0.93412,5000,1.081493984769892,0.9351740696278511,833,1.0863709636389638,0.9376,0.7838017691923514,0.08348048507895775,,,0.95,,0.9500025099141609,0.04999749008583909,0.9696001029675752,0.39173725228922973,5,0.1,0.5,0.5826944683172025,0.5779317540687511,0.5817561565555531,0.5828833101449203,0.5790471051489605,0.5812233435190828,0.5810335850924782,0.5772612218265091,0.5716238175471586,0.5765055742738598,0.5761432247652757,1.0
6,0,0.2034577873001575,0.93792,5000,0.8409840839880484,0.947242206235012,834,0.8578539281226576,0.9466,0.7678182514074617,0.08314043422550692,,,0.95,,0.9500025099141609,0.04999749008583909,0.967086247646178,0.38441354897462177,5,0.1,0.5,1.0,0.5430876801368699,0.5563078463256392,0.5483407162776723,0.5561444537573467,0.5502400471974178,0.5538156529483325,0.5551891289430858,0.5566517600822264,0.5510935442294589,0.5560076555251658,0.5582499784802748
6,1,0.1899684974099183,0.9438,5000,0.8671044905980428,0.947242206235012,834,0.8590577728451251,0.9461,0.7624466359577093,0.08278482697005339,,,0.95,,0.9500025099141609,0.04999749008583909,0.967086247646178,0.38441354897462177,5,0.1,0.5,0.5430876801368699,1.0,0.5481100240447414,0.5488274136566017,0.5487376771833777,0.5450081760660119,0.54930457689279,0.555912878637451,0.5442986737510714,0.5531997469262067,0.5481258161549896,0.5523314208411715
6,2,0.1993310920318743,0.9406,5000,0.8592630404013174,0.9568345323741008,834,0.85802937563235,0.9466,0.7719789201630989,0.0834869852684578,,,0.95,,0.9500025099141609,0.04999749008583909,0.967086247646178,0.38441354897462177,5,0.1,0.5,0.5563078463256392,0.5481100240447414,1.0,0.5474870081640744,0.5480601554854312,0.5675488482539481,0.5580657767629255,0.5594634296856347,0.5502206884775843,0.5645105918954467,0.5593128171574725,0.562745623539889
6,3,0.20053873106030523,0.93976,5000,0.8549301778828656,0.9388489208633094,834,0.8577148642022008,0.9466,0.760868771004814,0.0830035183677004,,,0.95,,0.9500025099141609,0.04999749008583909,0.967086247646178,0.38441354897462177,5,0.1,0.5,0.5483407162776723,0.5488274136566017,0.5474870081640744,1.0,0.5449517362201051,0.5469471120890956,0.5398607730639052,0.5489208316546091,0.5373020610322651,0.5526402111821483,0.5572814265349495,0.5476454467418946
6,4,0.17750451678623724,0.9448,5000,0.8621674400788767,0.9483793517406963,833,0.8575885530097035,0.9467,0.770133611504139,0.08343673994404507,,,0.95,,0.9500025099141609,0.04999749008583909,0.967086247646178,0.38441354897462177,5,0.1,0.5,0.5561444537573467,0.5487376771833777,0.5480601554854312,0.5449517362201051,1.0,0.556853531515824,0.5525338889298328,0.5539739352926449,0.5596492186334325,0.5576053481613219,0.5698634357682478,0.5564254020903634
6,5,0.20376445801371032,0.93804,5000,0.8434442657011526,0.9531812725090036,833,0.8574249685381929,0.9468,0.7707237523116709,0.08363644707055046,,,0.95,,0.9500025099141609,0.04999749008583909,0.967086247646178,0.38441354897462177,5,0.1,0.5,0.5502400471974178,0.5450081760660119,0.5675488482539481,0.5469471120890956,0.556853531515824,1.0,0.5564372323572444,0.5558116817356928,0.5500916484891458,0.5625280851370086,0.562818650157249,0.5544466610381195
6,6,0.18509198407743388,0.94392,5000,0.8803846615332144,0.9543817527010804,833,0.8575023187996861,0.9467,0.7690976589319239,0.08356881492169865,,,0.95,,0.9500025099141609,0.04999749008583909,0.967086247646178,0.38441354897462177,5,0.1,0.5,0.5538156529483325,0.54930457689279,0.5580657767629255,0.5398607730639052,0.5525338889298328,0.5564372323572444,1.0,0.5574660872170328,0.5455465947194067,0.5594040144830947,0.5602651434491888,0.5611410166111942
6,7,0.19889492856540308,0.9406,5000,0.8657916320694817,0.9519807923169268,833,0.8579700954805929,0.9467,0.7705332950417871,0.08322628754862306,,,0.95,,0.9500025099141609,0.04999749008583909,0.967086247646178,0.38441354897462177,5,0.1,0.5,0.5551891289430858,0.555912878637451,0.5594634296856347,0.5489208316546091,0.5539739352926449,0.5558116817356928,0.5574660872170328,1.0,0.5486473953808306,0.5579283469269328,0.561291759740498,0.5556558259459389
6,8,0.1961724970691428,0.93932,5000,0.875511438758285,0.9399759903961584,833,0.857526895908502,0.9466,0.7619552855300554,0.08296209208684975,,,0.95,,0.9500025099141609,0.04999749008583909,0.967086247646178,0.38441354897462177,5,0.1,0.5,0.5566517600822264,0.5442986737510714,0.5502206884775843,0.5373020610322651,0.5596492186334325,0.5500916484891458,0.5455465947194067,0.5486473953808306,1.0,0.5474557821135292,0.5409050259405311,0.5500679586840801
6,9,0.19601446628855293,0.93948,5000,0.8608836796548631,0.936374549819928,833,0.8573754087042885,0.9468,0.7736690304621723,0.08369360375907954,,,0.95,,0.9500025099141609,0.04999749008583909,0.967086247646178,0.38441354897462177,5,0.1,0.5,0.5510935442294589,0.5531997469262067,0.5645105918954467,0.5526402111821483,0.5576053481613219,0.5625280851370086,0.5594040144830947,0.5579283469269328,0.5474557821135292,1.0,0.5675644074776379,0.5623753126265725
6,10,0.19833359620504223,0.941,5000,0.8848002663365117,0.9411764705882353,833,0.857428288688294,0.9468,0.7745254913075854,0.08350844884853482,,,0.95,,0.9500025099141609,0.04999749008583909,0.967086247646178,0.38441354897462177,5,0.1,0.5,0.5560076555251658,0.5481258161549896,0.5593128171574725,0.5572814265349495,0.5698634357682478,0.562818650157249,0.5602651434491888,0.561291759740498,0.5409050259405311,0.5675644074776379,1.0,0.5624025946049929
6,11,0.20287775669460464,0.93948,5000,0.8540949446183664,0.9447779111644657,833,0.8575235220570915,0.9468,0.7721997811238732,0.0835518009889001,,,0.95,,0.9500025099141609,0.04999749008583909,0.967086247646178,0.38441354897462177,5,0.1,0.5,0.5582499784802748,0.5523314208411715,0.562745623539889,0.5476454467418946,0.5564254020903634,0.5544466610381195,0.5611410166111942,0.5556558259459389,0.5500679586840801,0.5623753126265725,0.5624025946049929,1.0
7,0,0.18553769428173233,0.94312,5000,0.6432947428138168,0.9568345323741008,834,0.6626347052022672,0.9509,0.7496105069673928,0.08307670851434665,,,0.8550035148501702,,0.8550273580643541,0.14497264193564585,0.964094146292876,0.37645118243774855,5,0.1,0.5,1.0,0.5167605073438485,0.5265756686713629,0.5223304689427364,0.5279016694036031,0.5288183488347619,0.5315036792316357,0.520325315363595,0.5292888874338775,0.5227901067198204,0.5180765906939248,0.5315000841793118
