round,client_id,client_i_training_loss,client_i_training_accuracy,client_i_training_dataset_size,client_i_evaluation_loss,client_i_evaluation_accuracy,client_i_evaluation_dataset_size,client_i_central_evaluation_loss,client_i_central_evaluation_accuracy,client_i_cosine_similarity,client_i_importance_coefficient,client_i_tanh_val,tanh_normalization_value,client_i_q,client_i_mask_order,client_i_v_nonzero_fraction,client_i_v_sparsity,client_i_v_cosine_similarity,client_i_reward_gradient_norm,local_epochs,learning_rate,gamma,client_0_cosine_similarity,client_1_cosine_similarity,client_2_cosine_similarity,client_3_cosine_similarity,client_4_cosine_similarity,client_5_cosine_similarity,client_6_cosine_similarity,client_7_cosine_similarity,client_8_cosine_similarity,client_9_cosine_similarity,client_10_cosine_similarity,client_11_cosine_similarity
0,0,0.3383961700092835,0.89496,5000,2.205104359874019,0.34652278177458035,834,2.200947054658835,0.3464,0.7931637966919166,0.08414617407064187,,,0.9330304349934454,,0.9330505496712013,0.06694945032879873,0,0.392744070142135,5,0.1,0.5,1.0,0.5946887267188172,0.5839292604528131,0.5918019243246045,0.5988254602059048,0.5782295579190411,0.5990075248885313,0.5820398170613538,0.5948179805805874,0.5810570371975803,0.6019868217754122,0.569996315115717
0,1,0.3525637487020747,0.88912,5000,2.1994191893824824,0.37050359712230213,834,2.2009956006424876,0.346,0.7848807011172381,0.08326742644628277,,,0.8584443932193395,,0.8584559008081923,0.14154409919180766,0,0.3926838336563327,5,0.1,0.5,0.5946887267188172,1.0,0.5767538255333968,0.5821029263873745,0.591173576977166,0.5673782582992172,0.5984902705115891,0.5765133160372852,0.5840302632843127,0.5829262011434092,0.582701241076488,0.5615451639255777
0,2,0.3502633041565775,0.88872,5000,2.201270474327935,0.3369304556354916,834,2.200988949297335,0.346,0.7854884673604422,0.08333190392786755,,,0.863917090956052,,0.8639275136790322,0.1360724863209678,0,0.3926914766735707,5,0.1,0.5,0.5839292604528131,0.5767538255333968,1.0,0.5793825891841033,0.5872175759231091,0.5716097862024451,0.598097683960731,0.5837955221502942,0.5926395905777508,0.5855394012533144,0.5795518747095688,0.5655154804208115
0,3,0.3524178661750096,0.89112,5000,2.2025475943530046,0.33093525179856115,834,2.200978757474369,0.3464,0.7878067501810766,0.08357784887717523,,,0.8847923226547689,,0.8847999598413734,0.11520004015862662,0,0.39271521951936106,5,0.1,0.5,0.5918019243246045,0.5821029263873745,0.5793825891841033,1.0,0.592326289415183,0.5930349463001613,0.5895078000716655,0.5782302131897954,0.5931424238701409,0.5823034255245082,0.5864853948065926,0.5575668417174038
0,4,0.33911476240131505,0.89492,5000,2.2021239775198476,0.3325330132052821,833,2.200938756473529,0.3465,0.7961588810071606,0.08446392040147277,,,0.9599999999151223,,0.9600020079313287,0.03999799206867127,0,0.3927494852116281,5,0.1,0.5,0.5988254602059048,0.591173576977166,0.5872175759231091,0.592326289415183,1.0,0.5899918349126252,0.6073720745581582,0.5759300678706257,0.5997629083661766,0.5993410012722159,0.5899443011938755,0.5727270643508522
0,5,0.34098396907519,0.89368,5000,2.1986968782213,0.3349339735894358,833,2.201122398193652,0.3451,0.7779427206532112,0.08253138111206604,,,0.7959705878584844,,0.7959841373425028,0.20401586265749716,0,0.39254011278841444,5,0.1,0.5,0.5782295579190411,0.5673782582992172,0.5716097862024451,0.5930349463001613,0.5899918349126252,1.0,0.5761590385575885,0.556395091216821,0.5859964670009201,0.5661823159796463,0.5730562477743117,0.5748726594324808
0,6,0.3384702886081046,0.89516,5000,2.1970124068083585,0.36014405762304924,833,2.200942187263562,0.3466,0.79465153509742,0.08430400716307902,,,0.946426938494026,,0.9464434516339542,0.05355654836604584,0,0.3927473539643178,5,0.1,0.5,0.5990075248885313,0.5984902705115891,0.598097683960731,0.5895078000716655,0.6073720745581582,0.5761590385575885,1.0,0.5792250334711798,0.600955409092682,0.5825822162272115,0.5916873209324536,0.5673195042530965
0,7,0.3418240581858595,0.89076,5000,2.200523191028171,0.3385354141656663,833,2.2012587294410975,0.3459,0.7733307296554066,0.08204209831961877,,,0.7544414095310449,,0.754450077807339,0.24554992219266103,0,0.3923703424374488,5,0.1,0.5,0.5820398170613538,0.5765133160372852,0.5837955221502942,0.5782302131897954,0.5759300678706257,0.556395091216821,0.5792250334711798,1.0,0.5695626881904554,0.5662035548562638,0.5681886926833081,0.5533494720537219
0,8,0.34773928918668134,0.89152,5000,2.1941376350544117,0.3517406962785114,833,2.2009434372472305,0.3465,0.7941257196859627,0.08424822378601862,,,0.9416921760020509,,0.9417097535264294,0.05829024647357062,0,0.39274635392561386,5,0.1,0.5,0.5948179805805874,0.5840302632843127,0.5926395905777508,0.5931424238701409,0.5997629083661766,0.5859964670009201,0.600955409092682,0.5695626881904554,1.0,0.5888914427808862,0.6011700955424322,0.5744782566222811
0,9,0.3492858461074673,0.89168,5000,2.206582131209197,0.31932773109243695,833,2.2010307548145134,0.3458,0.7827470146706389,0.08304106519291175,,,0.8392313797989245,,0.8392450178203905,0.16075498217960948,0,0.39265218888108055,5,0.1,0.5,0.5810570371975803,0.5829262011434092,0.5855394012533144,0.5823034255245082,0.5993410012722159,0.5661823159796463,0.5825822162272115,0.5662035548562638,0.5888914427808862,1.0,0.5825970190540423,0.5605679758841986
0,10,0.35020262698411564,0.89404,5000,2.1995272724716752,0.3577430972388956,833,2.2009698202053958,0.3464,0.7884421947753609,0.08364526273502641,,,0.8905142531368103,,0.8905326037849506,0.10946739621504942,0,0.3927203652043323,5,0.1,0.5,0.6019868217754122,0.582701241076488,0.5795518747095688,0.5864853948065926,0.5899443011938755,0.5730562477743117,0.5916873209324536,0.5681886926833081,0.6011700955424322,0.5825970190540423,1.0,0.5745054844069163
0,11,0.35939269333627005,0.885,5000,2.2012164857652454,0.37334933973589435,833,2.2014987940986317,0.3444,0.767284780740037,0.08140068796783931,,,0.7,,0.7,0.30000000000000004,0,0.39201157305288875,5,0.1,0.5,0.569996315115717,0.5615451639255777,0.5655154804208115,0.5575668417174038,0.5727270643508522,0.5748726594324808,0.5673195042530965,0.5533494720537219,0.5744782566222811,0.5605679758841986,0.5745054844069163,1.0
1,0,0.29942261412514337,0.90828,5000,2.0469076147785894,0.7086330935251799,834,2.0406215206121865,0.7091,0.8018272926811145,0.08360109653839368,,,0.897112882927402,,0.8971286581998895,0.10287134180011048,0.9601593154692036,0.40477211293731497,5,0.1,0.5,1.0,0.6141643529650314,0.6161436969769106,0.6135061702819573,0.6282394661847609,0.6125466512691836,0.6166474209373122,0.6172509053668214,0.6190384121042825,0.6201586535269672,0.6238966783052026,0.6040387236276185
1,1,0.30805645706784573,0.90744,5000,2.0361105821750782,0.6966426858513189,834,2.040744869853742,0.709,0.8057934808717626,0.08315777348855218,,,0.8488762356104522,,0.8488881080267054,0.15111189197329455,0.959936234929607,0.4047100197743152,5,0.1,0.5,0.6141643529650314,1.0,0.6295027870071592,0.6187082806536003,0.6180079174669412,0.6281815109992566,0.6404111320272821,0.6163109501212839,0.6171458383376853,0.6139924415035095,0.6193976204783099,0.6126066484677648
1,2,0.3061604143755072,0.90684,5000,2.0440185997221203,0.697841726618705,834,2.0407164862361578,0.7092,0.8110618611206065,0.0833839080801743,,,0.873481260199494,,0.8734902866321972,0.1265097133678028,0.9600273782351096,0.4047474988661297,5,0.1,0.5,0.6161436969769106,0.6295027870071592,1.0,0.621794670042289,0.6319677945174177,0.628501683886066,0.6359097666383874,0.6273633365241345,0.6245278472266406,0.62204909594996,0.6220006233764359,0.6196751034840512
1,3,0.3141756311236958,0.90572,5000,2.037813389742816,0.7062350119904077,834,2.04068473619394,0.7091,0.80788676070322,0.08343607085826764,,,0.8791569351522402,,0.8791677124642338,0.12083228753576625,0.9601128204171743,0.4047545203100967,5,0.1,0.5,0.6135061702819573,0.6187082806536003,0.621794670042289,1.0,0.6214263828963593,0.6297821093952048,0.6266626904515713,0.6276436792179094,0.6263628001597186,0.6199848424762489,0.6288678459479922,0.6128062978553547
1,4,0.30009626948814483,0.90664,5000,2.038490056991577,0.7046818727490997,833,2.040578245735778,0.7097,0.8111215044904598,0.08413501253213987,,,0.9552066759219726,,0.955228151197229,0.044771848802770964,0.9602251622430197,0.40479630997746274,5,0.1,0.5,0.6282394661847609,0.6180079174669412,0.6319677945174177,0.6214263828963593,1.0,0.6303208103526362,0.6225388806423652,0.6270261903831197,0.6313291888831426,0.6250656051195984,0.6210968192306616,0.6179384467657588
1,5,0.30181307498733423,0.90952,5000,2.041719401324237,0.7022809123649459,833,2.0409477076972253,0.7085,0.8151102396892197,0.08299520673745943,,,0.8311878365057209,,0.8312082726770744,0.16879172732292558,0.9596212282288558,0.4046736441360938,5,0.1,0.5,0.6125466512691836,0.6281815109992566,0.628501683886066,0.6297821093952048,0.6303208103526362,1.0,0.638844366505977,0.6256990092053314,0.633369016540545,0.6366588593995463,0.6324346309009506,0.6260326986188743
1,6,0.29319067195022275,0.91196,5000,2.038113236427307,0.7286914765906363,833,2.0405837232693314,0.7096,0.8154248505300773,0.08417906598774076,,,0.959999999891193,,0.9600020079313287,0.03999799206867127,0.9602224728801381,0.40479691279346247,5,0.1,0.5,0.6166474209373122,0.6404111320272821,0.6359097666383874,0.6266626904515713,0.6225388806423652,0.638844366505977,1.0,0.6277753561879053,0.6337422384473327,0.6249072496041406,0.6301517513009227,0.6200969348440052
1,7,0.31011478643935575,0.9056,5000,2.040234830644396,0.7442977190876351,833,2.0412405839743326,0.7067,0.8094578888847046,0.08247461717155666,,,0.7745440520322677,,0.774554490236434,0.22544550976356603,0.9589665017159131,0.4044767521445025,5,0.1,0.5,0.6172509053668214,0.6163109501212839,0.6273633365241345,0.6276436792179094,0.6270261903831197,0.6256990092053314,0.6277753561879053,1.0,0.6281601579982122,0.6195917983042946,0.6330822045444566,0.6197251267569178
1,8,0.3069134183916127,0.90608,5000,2.036012954182095,0.7166866746698679,833,2.0405908103187245,0.7097,0.8117788595897288,0.08401518380618335,,,0.9421684727550707,,0.9421866372170071,0.05781336278299287,0.9602130836130036,0.40479391276449245,5,0.1,0.5,0.6190384121042825,0.6171458383376853,0.6245278472266406,0.6263628001597186,0.6313291888831426,0.633369016540545,0.6337422384473327,0.6281601579982122,1.0,0.6281332259916064,0.6274548764238516,0.6128953188432232
1,9,0.310437324038072,0.90584,5000,2.0500362316767373,0.6818727490996399,833,2.04077977608568,0.7087,0.8098588746639611,0.08314957324098603,,,0.8479839913432043,,0.8479945785854124,0.15200542141458762,0.9598898667916356,0.40470827981395946,5,0.1,0.5,0.6201586535269672,0.6139924415035095,0.62204909594996,0.6199848424762489,0.6250656051195984,0.6366588593995463,0.6249072496041406,0.6195917983042946,0.6281332259916064,1.0,0.6349038304524423,0.6237633719409099
1,10,0.30437719321625817,0.90756,5000,2.036921982411985,0.709483793517407,833,2.040653896027099,0.7091,0.813695830464767,0.08368297789920814,,,0.9060221474577519,,0.9060438732995332,0.09395612670046682,0.9601466934940696,0.40477849411368666,5,0.1,0.5,0.6238966783052026,0.6193976204783099,0.6220006233764359,0.6288678459479922,0.6210968192306616,0.6324346309009506,0.6301517513009227,0.6330822045444566,0.6274548764238516,0.6349038304524423,1.0,0.6308257904884055
1,11,0.3168721135966717,0.90088,5000,2.0401227430061057,0.7034813925570228,833,2.04194777918319,0.7061,0.8019719454846733,0.08178951365933813,,,0.7,,0.7,0.30000000000000004,0.9579167946174397,0.4039669429817677,5,0.1,0.5,0.6040387236276185,0.6126066484677648,0.6196751034840512,0.6128062978553547,0.6179384467657588,0.6260326986188743,0.6200969348440052,0.6197251267569178,0.6128953188432232,0.6237633719409099,0.6308257904884055,1.0
2,0,0.269221042654222,0.92008,5000,1.8505402273601956,0.8561151079136691,834,1.8418932105786503,0.8598,0.806162774312828,0.08335127202310849,,,0.8518511182990822,,0.8518698860498971,0.1481301139501029,0.9673637391284514,0.4052863170373077,5,0.1,0.5,1.0,0.6168171534226061,0.6126590009511698,0.6197109202392435,0.6285974514115987,0.6260029473564293,0.6297148315182637,0.631449131349331,0.6175823822857454,0.6207916609247661,0.624383015410864,0.6139914120512048
2,1,0.27846794672381536,0.9154,5000,1.8340518518730446,0.8693045563549161,834,1.8421550265516335,0.8594,0.8072736195735598,0.08309674388943611,,,0.8184436346163656,,0.8184528889111993,0.18154711108880073,0.9671443793837186,0.4052062725695402,5,0.1,0.5,0.6168171534226061,1.0,0.6241027505125517,0.6189072238671773,0.6267166808107975,0.6232392782389607,0.6371211158417865,0.6246400303167438,0.6211952870390567,0.6278666187288484,0.6206346685820824,0.6131465940758519
2,2,0.2836398527216,0.91212,5000,1.84907567942584,0.8621103117505995,834,1.842013612341957,0.8598,0.8096950105294011,0.08333058392975859,,,0.8491357519030712,,0.8491491390994428,0.15085086090055722,0.9673273859358082,0.4052815505256983,5,0.1,0.5,0.6126590009511698,0.6241027505125517,1.0,0.6180557055931095,0.6289938367771314,0.6310407371268094,0.6335865516806607,0.6281913213425224,0.6308951972817182,0.6284643382163629,0.6193833853127533,0.6217348935576605
2,3,0.27933894108957164,0.91584,5000,1.8334568164966725,0.8657074340527577,834,1.8419845862129627,0.8599,0.8076265405688648,0.08329308231243711,,,0.8442135664822822,,0.8442246875156869,0.1557753124843131,0.9673314285809225,0.40527181733055556,5,0.1,0.5,0.6197109202392435,0.6189072238671773,0.6180557055931095,1.0,0.6322837329532263,0.633583318418116,0.6310131880153963,0.6278587554217167,0.6146368256232421,0.6165981868720508,0.6221319609052095,0.6220335213487078
2,4,0.2659044291503775,0.91928,5000,1.8376656108432345,0.8607442977190877,833,1.8417595145039665,0.8595,0.8148034530068318,0.084005147929598,,,0.9376740423169307,,0.9376888710406104,0.06231112895938962,0.9675453011846935,0.4053641357933241,5,0.1,0.5,0.6285974514115987,0.6267166808107975,0.6289938367771314,0.6322837329532263,1.0,0.6275079191848973,0.6351727490803484,0.6339683362254079,0.6213029117998858,0.6288255372155175,0.6324419470589973,0.6277539953303165
2,5,0.27124945355377567,0.91816,5000,1.847679094032005,0.8475390156062425,833,1.8423111469220048,0.8594,0.8160148868264282,0.08329349750396313,,,0.8442680614566908,,0.8442799056272275,0.15572009437277246,0.9672245983787751,0.4052718746221345,5,0.1,0.5,0.6260029473564293,0.6232392782389607,0.6310407371268094,0.633583318418116,0.6275079191848973,1.0,0.6417214131647258,0.631085581520548,0.6284417715030357,0.6306973220828318,0.63393384864908,0.6331327831984858
2,6,0.2656597165319665,0.92168,5000,1.8419167465633817,0.8607442977190877,833,1.8417647242926942,0.8596,0.8188531848130586,0.08417524707151729,,,0.9599999998687474,,0.9600020079313287,0.03999799206867127,0.9675575206221958,0.4053686642766353,5,0.1,0.5,0.6297148315182637,0.6371211158417865,0.6335865516806607,0.6310131880153963,0.6351727490803484,0.6417214131647258,1.0,0.6375175288521252,0.620058110413117,0.6375046365173416,0.630313016850801,0.6292253476045679
2,7,0.27109597717147843,0.9176,5000,1.8414689434899225,0.8739495798319328,833,1.842915957728133,0.8586,0.8142880196831607,0.08288909282273553,,,0.7911888886579979,,0.7912052607800814,0.20879473921991865,0.9665848615408307,0.40510854614665576,5,0.1,0.5,0.631449131349331,0.6246400303167438,0.6281913213425224,0.6278587554217167,0.6339683362254079,0.631085581520548,0.6375175288521252,1.0,0.6223828489157605,0.6253144577045155,0.6339858845723558,0.6294410167047578
2,8,0.28204101705627077,0.9148,5000,1.8393983708487616,0.8547418967587035,833,1.8418179262941257,0.8597,0.8055198655507957,0.08360275292534954,,,0.8848586448813749,,0.8848652176095577,0.11513478239044228,0.9674796770539904,0.4053311841195588,5,0.1,0.5,0.6175823822857454,0.6211952870390567,0.6308951972817182,0.6146368256232421,0.6213029117998858,0.6284417715030357,0.620058110413117,0.6223828489157605,1.0,0.6192398055813945,0.6196624289942864,0.6183331716639593
2,9,0.2750154567467179,0.91888,5000,1.8555385580769292,0.8451380552220888,833,1.84212971190675,0.8596,0.8105115454147597,0.08320402714169706,,,0.8325248422519413,,0.8325385271823703,0.1674614728176297,0.9672147571839037,0.4052458064687441,5,0.1,0.5,0.6207916609247661,0.6278666187288484,0.6284643382163629,0.6165981868720508,0.6288255372155175,0.6306973220828318,0.6375046365173416,0.6253144577045155,0.6192398055813945,1.0,0.6235692101987333,0.6273203819637485
2,10,0.2778968478926713,0.91772,5000,1.8361679094809074,0.8727490996398559,833,1.8418960434179337,0.8598,0.810724722329714,0.08356421825905959,,,0.8798008690798309,,0.8798102504894333,0.12018974951056671,0.9674511783027333,0.40532584076023626,5,0.1,0.5,0.624383015410864,0.6206346685820824,0.6193833853127533,0.6221319609052095,0.6324419470589973,0.63393384864908,0.630313016850801,0.6339858845723558,0.6196624289942864,0.6235692101987333,1.0,0.6254925754226646
2,11,0.28389704296258605,0.91196,5000,1.841389369081568,0.8463385354141657,833,1.8440858247561958,0.8581,0.8073453914354994,0.08219433419133981,,,0.7,,0.7,0.30000000000000004,0.9653682290792963,0.4044641942411943,5,0.1,0.5,0.6139914120512048,0.6131465940758519,0.6217348935576605,0.6220335213487078,0.6277539953303165,0.6331327831984858,0.6292253476045679,0.6294410167047578,0.6183331716639593,0.6273203819637485,0.6254925754226646,1.0
3,0,0.2505448996830898,0.9242,5000,1.6239228557657313,0.8980815347721822,834,1.6132799318423285,0.9069,0.8043840030916808,0.08340425409124051,,,0.827420938839878,,0.8274333617790272,0.17256663822097285,0.9706712349626601,0.401199169309407,5,0.1,0.5,1.0,0.6121961985354148,0.6094269820081396,0.6138151788797921,0.610081898473419,0.6067007480880278,0.6233337543800681,0.6121272702406545,0.6178931721987055,0.60956177083068,0.6213335623629666,0.6114826997296263
3,1,0.25416380886854545,0.92372,5000,1.6013738181855943,0.9124700239808153,834,1.6137431277253758,0.9066,0.7980556253158035,0.083014330808527,,,0.7615911683203598,,0.7616083529943276,0.2383916470056724,0.9701351490484643,0.40091794989004187,5,0.1,0.5,0.6121961985354148,1.0,0.6026380889435901,0.6006289210462471,0.6161421329843136,0.604524228328076,0.6155711066185277,0.6018860125288406,0.6111601582919586,0.6085280398348436,0.6055214745709014,0.6093862047612781
3,2,0.26258210517157604,0.9218,5000,1.624174435933431,0.9088729016786571,834,1.61342684643718,0.907,0.7985117544476144,0.08318543423621341,,,0.790478131164215,,0.7904924451583756,0.20950755484162442,0.9704360202464323,0.4010678830991538,5,0.1,0.5,0.6094269820081396,0.6026380889435901,1.0,0.6057492569490998,0.6068575728485399,0.6066274808487624,0.6212956392887062,0.6068821909368965,0.6120400073736104,0.609517402959744,0.6038525635810846,0.6065867529519632
3,3,0.2520770292349492,0.92484,5000,1.5991005897521973,0.9088729016786571,834,1.6134700558056085,0.907,0.7974240628175508,0.08312256047339849,,,0.7798633113745325,,0.7798704884292957,0.22012951157070426,0.9703623365976229,0.40101872947211364,5,0.1,0.5,0.6138151788797921,0.6006289210462471,0.6057492569490998,1.0,0.6094313978118516,0.6114986972117114,0.6154892273770064,0.6027768128363866,0.5995254118774168,0.6069476271187365,0.6036791845684354,0.6117517795466523
3,4,0.2492695957137521,0.92552,5000,1.6073533738100971,0.9015606242496998,833,1.613007634211653,0.9069,0.8051479738943306,0.08386483877916219,,,0.9051802972954375,,0.9052055619697806,0.09479443803021936,0.97100432453736,0.4013274977052573,5,0.1,0.5,0.610081898473419,0.6161421329843136,0.6068575728485399,0.6094313978118516,1.0,0.6141596954611961,0.6233131475438995,0.6117175156985264,0.6240870275462436,0.6091458854399892,0.6123516387042234,0.615027995351946
3,5,0.24201907584811472,0.92724,5000,1.6242611364082054,0.8943577430972389,833,1.6138103849971637,0.9067,0.8026640711239685,0.08330584618037908,,,0.8108069778980448,,0.8108277696902766,0.1891722303097234,0.9705764118046982,0.4011481033121164,5,0.1,0.5,0.6067007480880278,0.604524228328076,0.6066274808487624,0.6114986972117114,0.6141596954611961,1.0,0.6265516441081218,0.609381523913331,0.616221923242147,0.6127301522878608,0.6098167577441399,0.6134114550658726
3,6,0.23813003072823594,0.93104,5000,1.6160032881630793,0.9147659063625451,833,1.6129638505058166,0.907,0.8112132479625096,0.08418954716264006,,,0.9599999998311726,,0.9600020079313287,0.03999799206867127,0.9710605790739553,0.4013502306053289,5,0.1,0.5,0.6233337543800681,0.6155711066185277,0.6212956392887062,0.6154892273770064,0.6233131475438995,0.6265516441081218,1.0,0.6137170464637045,0.6204649983450835,0.6155691962478255,0.6143950297653606,0.6203743150654891
3,7,0.24593389599708615,0.92632,5000,1.6124174418272796,0.9159663865546218,833,1.6147267365227111,0.9062,0.7998965958262089,0.08294083348164993,,,0.7491827988368924,,0.7491943175543396,0.25080568244566037,0.9699479788707116,0.4008364381512949,5,0.1,0.5,0.6121272702406545,0.6018860125288406,0.6068821909368965,0.6027768128363866,0.6117175156985264,0.609381523913331,0.6137170464637045,1.0,0.616836764799588,0.6044027150812682,0.613181653009586,0.6140741450786552
3,8,0.24931089632735132,0.92484,5000,1.6133097719263148,0.9147659063625451,833,1.6130461742321904,0.9069,0.8063822794555644,0.08364092408557239,,,0.8673773407949013,,0.8673911952211234,0.1326088047788766,0.9708694579244642,0.40128485064970504,5,0.1,0.5,0.6178931721987055,0.6111601582919586,0.6120400073736104,0.5995254118774168,0.6240870275462436,0.616221923242147,0.6204649983450835,0.616836764799588,1.0,0.6130476528136578,0.6157849330932696,0.6190464951644323
3,9,0.2557108537003303,0.92204,5000,1.6315039219679657,0.8979591836734694,833,1.6135591485629828,0.9068,0.8010631796283595,0.083190562921333,,,0.7913439942184551,,0.7913558556297374,0.20864414437026257,0.9704322462844749,0.40107188530572724,5,0.1,0.5,0.60956177083068,0.6085280398348436,0.609517402959744,0.6069476271187365,0.6091458854399892,0.6127301522878608,0.6155691962478255,0.6044027150812682,0.6130476528136578,1.0,0.6119251335084157,0.6154092347568244
3,10,0.2491395106645906,0.92692,5000,1.6055419268431488,0.9135654261704682,833,1.6132212214576551,0.907,0.8028319020139523,0.08349135414067282,,,0.8421258218785773,,0.8421464785904322,0.15785352140956777,0.9707764606972578,0.4012368329501382,5,0.1,0.5,0.6213335623629666,0.6055214745709014,0.6038525635810846,0.6036791845684354,0.6123516387042234,0.6098167577441399,0.6143950297653606,0.613181653009586,0.6157849330932696,0.6119251335084157,1.0,0.6203802950225213
3,11,0.25695673260173413,0.9196,5000,1.6131621422591034,0.9003601440576231,833,1.6166333036300855,0.9054,0.8047558438013442,0.08264951363921128,,,0.7,,0.7,0.30000000000000004,0.9688471696771663,0.4004041799145307,5,0.1,0.5,0.6114826997296263,0.6093862047612781,0.6065867529519632,0.6117517795466523,0.615027995351946,0.6134114550658726,0.6203743150654891,0.6140741450786552,0.6190464951644323,0.6154092347568244,0.6203802950225213,1.0
4,0,0.22615618626972672,0.93336,5000,1.3800397758130674,0.9232613908872902,834,1.367345671303356,0.9276,0.792843087104337,0.08328047372765923,,,0.7913571680891479,,0.791370915114703,0.20862908488529697,0.969211069881429,0.3975569748417941,5,0.1,0.5,1.0,0.592387051634206,0.5970639499689069,0.5904106149786069,0.606552614699958,0.6027951275220944,0.6041158169526634,0.5873905738854643,0.6004077422455483,0.5965930679631107,0.5967109138789289,0.5955519724728234
4,1,0.23272211875760584,0.92844,5000,1.3515478284270674,0.934052757793765,834,1.368232533192863,0.9272,0.7884916516986412,0.08286854242627288,,,0.7142729634568495,,0.714286431404046,0.285713568595954,0.9682772223829087,0.39700113432144596,5,0.1,0.5,0.592387051634206,1.0,0.5901817704676361,0.5924730799934852,0.6032365791023847,0.5947725920445892,0.597607043687928,0.5881910743234836,0.5965225552520262,0.5925027716838581,0.5917145630048347,0.5908074102418438
4,2,0.23973001532410834,0.92828,5000,1.3812390742478546,0.9268585131894485,834,1.3675413367847284,0.9274,0.7957710037623317,0.08323740088384311,,,0.7832969990861065,,0.7833040510014557,0.21669594899854427,0.9690100702663795,0.3975182514292922,5,0.1,0.5,0.5970639499689069,0.5901817704676361,1.0,0.5959514988723154,0.602542213711737,0.6041731322753858,0.6097622320903305,0.598639897294572,0.6081808228884878,0.6028758447118441,0.5963130382594029,0.5933015755317119
4,3,0.23668621417734131,0.92816,5000,1.348916354002776,0.934052757793765,834,1.367715576586251,0.9274,0.7901321574140001,0.082998037245939,,,0.7385051719449433,,0.7385221625420411,0.26147783745795894,0.9686129421220108,0.3972258438060945,5,0.1,0.5,0.5904106149786069,0.5924730799934852,0.5959514988723154,1.0,0.5963867019920295,0.5988980722822185,0.6043681293740485,0.5897214522708187,0.5920427086790018,0.596509180755671,0.5944631915905411,0.5943491268562903
4,4,0.2247785724853729,0.9312,5000,1.360418094529046,0.9183673469387755,833,1.3667075104606798,0.9279,0.8037308290616861,0.08396838807706282,,,0.920085745646759,,0.9201094322574168,0.07989056774258319,0.9697469773327938,0.3978437159815717,5,0.1,0.5,0.606552614699958,0.6032365791023847,0.602542213711737,0.5963867019920295,1.0,0.6112095191650793,0.6150732607863115,0.6065754442521005,0.6151959522972554,0.6113826016067802,0.6006820328095609,0.6030021280140955
4,5,0.22894283399745158,0.9324,5000,1.3828207077803436,0.9111644657863145,833,1.3677954430016466,0.9276,0.7984018818161734,0.08340969445337831,,,0.8155380857094903,,0.8155614677978014,0.18443853220219864,0.9692946785066463,0.3976547610207271,5,0.1,0.5,0.6027951275220944,0.5947725920445892,0.6041731322753858,0.5988980722822185,0.6112095191650793,1.0,0.6095003223890788,0.5948540278711709,0.6070393070770765,0.5991406286660657,0.5992189541051091,0.601946594324071
4,6,0.2222521907821962,0.9354,5000,1.3720274987044159,0.9327731092436975,833,1.3666746582086093,0.9279,0.8036506943555015,0.0841816863881882,,,0.9599999998128712,,0.9600020079313287,0.03999799206867127,0.9698188182685673,0.39785723458196076,5,0.1,0.5,0.6041158169526634,0.597607043687928,0.6097622320903305,0.6043681293740485,0.6150732607863115,0.6095003223890788,1.0,0.6049551789314885,0.6112682322139583,0.6067411490435748,0.6023766619202352,0.6038213527723194
4,7,0.2285969746257564,0.93148,5000,1.366285800933838,0.9255702280912365,833,1.3692162836702486,0.9272,0.7914497627545999,0.0829232446891889,,,0.724509331546083,,0.7245268811806637,0.27547311881933634,0.9683908890853273,0.3971024410624357,5,0.1,0.5,0.5873905738854643,0.5881910743234836,0.598639897294572,0.5897214522708187,0.6065754442521005,0.5948540278711709,0.6049551789314885,1.0,0.6003990981752331,0.5922667956901905,0.6006863553631735,0.595245925281893
4,8,0.23089581370134216,0.93152,5000,1.368865136747007,0.929171668667467,833,1.3667483306921329,0.9279,0.8005433619032045,0.08370771331183337,,,0.8713059931059894,,0.8713217207971488,0.12867827920285124,0.969608477052672,0.39779079790272925,5,0.1,0.5,0.6004077422455483,0.5965225552520262,0.6081808228884878,0.5920427086790018,0.6151959522972554,0.6070393070770765,0.6112682322139583,0.6003990981752331,1.0,0.6029585353076764,0.6045430791695934,0.6038514377553209
4,9,0.22910478677820106,0.93164,5000,1.3897012957820185,0.9231692677070829,833,1.3676603746871216,0.9273,0.7959372244142319,0.08324663662767616,,,0.7850252726238592,,0.7850459314291451,0.21495406857085486,0.9690261152753121,0.3975276110081669,5,0.1,0.5,0.5965930679631107,0.5925027716838581,0.6028758447118441,0.596509180755671,0.6113826016067802,0.5991406286660657,0.6067411490435748,0.5922667956901905,0.6029585353076764,1.0,0.5999202500574581,0.5996763215632881
4,10,0.2338806541743362,0.93072,5000,1.356358340492955,0.9375750300120048,833,1.3672012094491588,0.9279,0.7941983145397059,0.08338591322101273,,,0.8110879325506807,,0.8111088800763014,0.18889111992369856,0.9693595588375845,0.3976390094688417,5,0.1,0.5,0.5967109138789289,0.5917145630048347,0.5963130382594029,0.5944631915905411,0.6006820328095609,0.5992189541051091,0.6023766619202352,0.6006863553631735,0.6045430791695934,0.5999202500574581,1.0,0.5959865186001467
4,11,0.23903300448255554,0.92708,5000,1.3664292362001207,0.9303721488595438,833,1.3714400602224917,0.9266,0.7932456924778803,0.08279226894794531,,,0.7,,0.7,0.30000000000000004,0.9677566424132329,0.3968455812955558,5,0.1,0.5,0.5955519724728234,0.5908074102418438,0.5933015755317119,0.5943491268562903,0.6030021280140955,0.601946594324071,0.6038213527723194,0.595245925281893,0.6038514377553209,0.5996763215632881,0.5959865186001467,1.0
5,0,0.21064902291971313,0.93704,5000,1.1348522857383445,0.935251798561151,834,1.1193477115311181,0.9395,0.778786084988137,0.08311413978566573,,,0.7575048248949178,,0.7575222127403243,0.24247778725967573,0.9683877353073317,0.3915334740300366,5,0.1,0.5,1.0,0.5741064707809579,0.5744716956961576,0.5651211467771919,0.5837886814147486,0.5781623835642327,0.5842839217558394,0.5679749247585386,0.5859753650813394,0.5700627794702913,0.571667226863505,0.5713951646209817
5,1,0.21557140495082375,0.9344,5000,1.0993080933888753,0.9484412470023981,834,1.120467230344352,0.9392,0.7823658123641484,0.08296464133887622,,,0.7292283189387893,,0.7292455198032227,0.2707544801967773,0.9675339920346212,0.39132476689333506,5,0.1,0.5,0.5741064707809579,1.0,0.5757703292290288,0.5819994116717961,0.5879101712567391,0.5813080555513146,0.5863494965389633,0.5669967918605257,0.5823583208195646,0.576390290971392,0.569678781801712,0.5800154372864754
5,2,0.22001598014193735,0.93564,5000,1.1351413550200287,0.9448441247002398,834,1.1193740541180863,0.9394,0.7825330123448857,0.08321722809367828,,,0.7770032024240723,,0.7770242457707947,0.22297575422920535,0.968420677450865,0.391645717426273,5,0.1,0.5,0.5744716956961576,0.5757703292290288,1.0,0.5808934605577356,0.5852783642476339,0.5858648370928561,0.5883926823067686,0.5661107219056454,0.5828564762763888,0.5797737057582023,0.5673210762294778,0.5758074321624775
5,3,0.21705579781892953,0.93608,5000,1.0972495807541742,0.9424460431654677,834,1.1199373865660769,0.9393,0.7794736281364203,0.08294944206117766,,,0.7263534899649638,,0.7263741780031123,0.2736258219968877,0.9677958529447964,0.3912995608860524,5,0.1,0.5,0.5651211467771919,0.5819994116717961,0.5808934605577356,1.0,0.5785706978726625,0.5897809547046271,0.5777758003403511,0.5676253186708913,0.5714680632235385,0.5716662728197344,0.5684659729274443,0.581867108393166
5,4,0.20472663715600398,0.93696,5000,1.1125477729020294,0.9303721488595438,833,1.1185100341376406,0.9395,0.7904878123347622,0.08398614801319042,,,0.9224386176460388,,0.9224536920837307,0.07754630791626926,0.9693751909272634,0.39199770627491026,5,0.1,0.5,0.5837886814147486,0.5879101712567391,0.5852783642476339,0.5785706978726625,1.0,0.5834853283051499,0.595500228066648,0.5765792533542822,0.5892847675422862,0.5850200484225776,0.5786069743207327,0.5898257188022202
5,5,0.20573657211628119,0.93828,5000,1.1378791950367115,0.9351740696278511,833,1.1196482086333985,0.9394,0.7918004964579594,0.08365868881743803,,,0.8605021755094946,,0.8605240700768034,0.13947592992319657,0.9689871543130268,0.3919266656900897,5,0.1,0.5,0.5781623835642327,0.5813080555513146,0.5858648370928561,0.5897809547046271,0.5834853283051499,1.0,0.5926793956674365,0.5847235957280775,0.5934467681698756,0.5823857893147226,0.5857901419426067,0.5914241396784808
5,6,0.2031972257918708,0.94028,5000,1.1255652904510498,0.9447779111644657,833,1.1184487161925807,0.9395,0.7920766463803309,0.08418473578431107,,,0.9599999998108575,,0.9600020079313287,0.03999799206867127,0.969426869556437,0.39201072638034384,5,0.1,0.5,0.5842839217558394,0.5863494965389633,0.5883926823067686,0.5777758003403511,0.595500228066648,0.5926793956674365,1.0,0.5823728204687616,0.5876235276215006,0.5848201913359111,0.5830116333710181,0.584938230406088
5,7,0.21148982905859876,0.93552,5000,1.1180341442426045,0.9327731092436975,833,1.1217711076568873,0.9387,0.7769365452235674,0.08281011063800403,,,0.7,,0.7,0.30000000000000004,0.9672644349897694,0.3910358553365884,5,0.1,0.5,0.5679749247585386,0.5669967918605257,0.5661107219056454,0.5676253186708913,0.5765792533542822,0.5847235957280775,0.5823728204687616,1.0,0.5764035223501265,0.5715246640173263,0.5714558669781583,0.5798217504075849
5,8,0.21023486190517046,0.93792,5000,1.1215414581475434,0.936374549819928,833,1.118571454914995,0.9395,0.7872379185849536,0.0836974024343967,,,0.8678245647651941,,0.8678329401134481,0.13216705988655186,0.9691890377465592,0.39193927878808177,5,0.1,0.5,0.5859753650813394,0.5823583208195646,0.5828564762763888,0.5714680632235385,0.5892847675422862,0.5934467681698756,0.5876235276215006,0.5764035223501265,1.0,0.5801793415210369,0.5755325995051092,0.5793684839040948
5,9,0.21517087598064333,0.93688,5000,1.1448351873291864,0.9351740696278511,833,1.1195500472102302,0.9394,0.7817415197968651,0.08319554366778656,,,0.7729017564823245,,0.772913006375182,0.227086993624818,0.9683934940739984,0.39162312657860543,5,0.1,0.5,0.5700627794702913,0.576390290971392,0.5797737057582023,0.5716662728197344,0.5850200484225776,0.5823857893147226,0.5848201913359111,0.5715246640173263,0.5801793415210369,1.0,0.5710018583691094,0.5823062887099171
5,10,0.21139109202891967,0.93584,5000,1.1062341288284019,0.9483793517406963,833,1.1191354946206553,0.9394,0.7785474758203537,0.08317626083523112,,,0.769254553843674,,0.7692686110135033,0.2307313889864967,0.9684776387137818,0.3916033775123747,5,0.1,0.5,0.571667226863505,0.569678781801712,0.5673210762294778,0.5684659729274443,0.5786069743207327,0.5857901419426067,0.5830116333710181,0.5714558669781583,0.5755325995051092,0.5710018583691094,1.0,0.5818496376856745
5,11,0.2183725574707826,0.93248,5000,1.117256917335369,0.9387755102040817,833,1.1236203122443664,0.9381,0.7861165532104916,0.08304565853024425,,,0.7445521108808703,,0.7445660358415742,0.2554339641584258,0.9672980193205502,0.39144540529587063,5,0.1,0.5,0.5713951646209817,0.5800154372864754,0.5758074321624775,0.581867108393166,0.5898257188022202,0.5914241396784808,0.584938230406088,0.5798217504075849,0.5793684839040948,0.5823062887099171,0.5818496376856745,1.0
6,0,0.19017836693674325,0.94288,5000,0.9064062149436386,0.9400479616306955,834,0.88794432813748,0.9447,0.7700893153753727,0.0832035167557981,,,0.7894957463506296,,0.7894985191506451,0.21050148084935494,0.9664167840407804,0.38446862200837234,5,0.1,0.5,1.0,0.5512291589994248,0.5589847232911067,0.5444016499846457,0.5614393354762894,0.5532219544493128,0.562344105592089,0.5561714908713258,0.5605530127037383,0.5528882284072938,0.5571293599409076,0.5546362907724054
6,1,0.20225825058414962,0.93916,5000,0.8639993159859268,0.9532374100719424,834,0.8893889889549523,0.9449,0.7586555952183599,0.0826979686741916,,,0.7,,0.7,0.30000000000000004,0.9653750019879171,0.3837610706517374,5,0.1,0.5,0.5512291589994248,1.0,0.5437641301818965,0.5402678755507365,0.5532948268840486,0.5425099977741942,0.5521023509765646,0.5397852578905543,0.5522475828532948,0.5504204576693623,0.5430506057696606,0.539558770143929
6,2,0.20578022422091027,0.9386,5000,0.9041548459618179,0.9508393285371702,834,0.8879504523719081,0.9449,0.767399512087933,0.08317762253381761,,,0.7849117655056256,,0.7849204357210984,0.21507956427890162,0.9665940579008501,0.38444554146214904,5,0.1,0.5,0.5589847232911067,0.5437641301818965,1.0,0.5528294127236745,0.5566274084376979,0.5499952706978535,0.5623955617310648,0.5460162892076347,0.5558154022716475,0.5569456162334321,0.5491418084543286,0.5551026949115578
6,3,0.20363601890991734,0.9402,5000,0.8634490834342109,0.9484412470023981,834,0.8887147949145625,0.9449,0.7640063561418312,0.0828772483010016,,,0.7317373650313085,,0.7317554339641584,0.26824456603584157,0.9658347429848513,0.384083000325269,5,0.1,0.5,0.5444016499846457,0.5402678755507365,0.5528294127236745,1.0,0.5602965730806262,0.5575033493970174,0.5572797687275034,0.5446986835370091,0.5400376062907926,0.5552545819429162,0.5485780854533936,0.5565730201875473
6,4,0.18918656903930056,0.94288,5000,0.8829136358367072,0.9387755102040817,833,0.8871761899405775,0.9451,0.7761059250296986,0.08400339994332874,,,0.9310968036306699,,0.9311128959389589,0.06888710406104115,0.9675513979955657,0.3847943997771591,5,0.1,0.5,0.5614393354762894,0.5532948268840486,0.5566274084376979,0.5602965730806262,1.0,0.5578030698204659,0.5686211382626338,0.5496244517515486,0.5669050580671336,0.5635572496709096,0.5610459311787446,0.564748604937754
6,5,0.19343252687709062,0.94048,5000,0.9074792508725766,0.9411764705882353,833,0.8881723593218258,0.9447,0.7707107491189494,0.08359196492936719,,,0.8582616273359407,,0.8582751869886049,0.14172481301139506,0.9672390005305177,0.38470439735357254,5,0.1,0.5,0.5532219544493128,0.5425099977741942,0.5499952706978535,0.5575033493970174,0.5578030698204659,1.0,0.565170073014256,0.5541957886174443,0.5607593332413175,0.5615673213389114,0.5520011100683507,0.5611142894682597
6,6,0.19028978068737468,0.94432,5000,0.8946159504078053,0.9507803121248499,833,0.887123923713026,0.9451,0.7769426941581011,0.0841666697743894,,,0.9599999998229728,,0.9600020079313287,0.03999799206867127,0.9676104919099519,0.3848032673219147,5,0.1,0.5,0.562344105592089,0.5521023509765646,0.5623955617310648,0.5572797687275034,0.5686211382626338,0.565170073014256,1.0,0.5563506560349819,0.5639502678381335,0.5600250056081286,0.5582776255524913,0.5641514321799179
6,7,0.19482502832676574,0.94164,5000,0.885183040742521,0.9423769507803121,833,0.8905289702522107,0.9452,0.7640784775567158,0.08278604347338556,,,0.7155916324783528,,0.71561166608102,0.28438833391898,0.9652129997802517,0.3839321226758108,5,0.1,0.5,0.5561714908713258,0.5397852578905543,0.5460162892076347,0.5446986835370091,0.5496244517515486,0.5541957886174443,0.5563506560349819,1.0,0.552184235823887,0.5456769941122694,0.556933987789547,0.5575857823815239
6,8,0.19468615646918963,0.94004,5000,0.8906380269262526,0.9423769507803121,833,0.8871502788683858,0.9449,0.773714063461016,0.08372438435347973,,,0.8817034632828078,,0.8817228050800663,0.11827719491993371,0.9673197970346189,0.38474600353269495,5,0.1,0.5,0.5605530127037383,0.5522475828532948,0.5558154022716475,0.5400376062907926,0.5669050580671336,0.5607593332413175,0.5639502678381335,0.552184235823887,1.0,0.5712975153325832,0.5541210583232595,0.5654566343614545
6,9,0.19690014305079628,0.93988,5000,0.9152910576926337,0.9399759903961584,833,0.8881590145464522,0.9449,0.7722981002216384,0.0833365235889827,,,0.8130415696633481,,0.8130565734651874,0.18694342653481255,0.966635372520234,0.384573667906392,5,0.1,0.5,0.5528882284072938,0.5504204576693623,0.5569456162334321,0.5552545819429162,0.5635572496709096,0.5615673213389114,0.5600250056081286,0.5456769941122694,0.5712975153325832,1.0,0.5477967916136367,0.5674635847276384
6,10,0.19886134191161128,0.94376,5000,0.8744738079883434,0.9495798319327731,833,0.8877567942150104,0.9448,0.7674137111004136,0.08315055765949468,,,0.780120547389004,,0.7801365393303549,0.21986346066964513,0.9664902670796761,0.38442067570526645,5,0.1,0.5,0.5571293599409076,0.5430506057696606,0.5491418084543286,0.5485780854533936,0.5610459311787446,0.5520011100683507,0.5582776255524913,0.556933987789547,0.5541210583232595,0.5477967916136367,1.0,0.5599442546388339
6,11,0.20356924345147362,0.938,5000,0.8854349376978697,0.9423769507803121,833,0.8919623844539777,0.9449,0.7736657339542594,0.08328410001276314,,,0.8037611723068188,,0.8037749108980473,0.1962250891019527,0.9662852888049985,0.38453571388250307,5,0.1,0.5,0.5546362907724054,0.539558770143929,0.5551026949115578,0.5565730201875473,0.564748604937754,0.5611142894682597,0.5641514321799179,0.5575857823815239,0.5654566343614545,0.5674635847276384,0.5599442546388339,1.0
7,0,0.1809414676497364,0.9476,5000,0.7082184111630475,0.9436450839328537,834,0.6869957715558549,0.9504,0.7505814721535566,0.08314088481062884,,,0.7951175183690651,,0.7951357863561066,0.2048642136438934,0.9641554923163079,0.37645435608826555,5,0.1,0.5,1.0,0.5246918354097054,0.5187198560695222,0.533853700391516,0.5366927441671188,0.5253574095477792,0.5335355296959041,0.514357570082971,0.5294379840214888,0.5190107530706322,0.5298816230448029,0.5220924803822922
