round,client_id,client_i_training_loss,client_i_training_accuracy,client_i_training_dataset_size,client_i_evaluation_loss,client_i_evaluation_accuracy,client_i_evaluation_dataset_size,client_i_central_evaluation_loss,client_i_central_evaluation_accuracy,client_i_cosine_similarity,client_i_importance_coefficient,client_i_tanh_val,tanh_normalization_value,client_i_q,client_i_mask_order,client_i_v_nonzero_fraction,client_i_v_sparsity,client_i_v_cosine_similarity,client_i_reward_gradient_norm,local_epochs,learning_rate,gamma,client_0_cosine_similarity,client_1_cosine_similarity,client_2_cosine_similarity,client_3_cosine_similarity,client_4_cosine_similarity,client_5_cosine_similarity,client_6_cosine_similarity,client_7_cosine_similarity,client_8_cosine_similarity,client_9_cosine_similarity,client_10_cosine_similarity,client_11_cosine_similarity
0,0,2.271524761662339,0.14230861531077513,4167,2.2973982266017368,0.12949640287769784,834,2.297195971766605,0.1387,0.9876982557816905,0.08337588756335464,,,0.99,,0.9900232707827895,0.00997672921721049,0,0.14807908960431948,10,0.025,0.15,1.0,0.972181060021506,0.9748177357942414,0.9762149645700974,0.9677708381999868,0.9719599769242465,0.9698859942189239,0.9701592181708847,0.9670343965880964,0.9801536640166291,0.9784839262753523,0.9719347655740613
0,1,2.276749001127301,0.13170146388288936,4167,2.2972889627729143,0.1354916067146283,834,2.297195971766605,0.1387,0.9894591629557477,0.08352453336453357,,,0.99,,0.9900232707827895,0.00997672921721049,0,0.14807908960431948,10,0.025,0.15,0.972181060021506,1.0,0.971667910016592,0.9674958435858546,0.9803543608901962,0.9766855873976346,0.9744967582301679,0.9762257686570199,0.9757809726658448,0.9746506016646798,0.972609551713847,0.979307876213023
0,2,2.269514788280834,0.13698104151667867,4167,2.2953460897718156,0.15947242206235013,834,2.297195971766605,0.1387,0.9866073104258757,0.08328379614090681,,,0.99,,0.9900232707827895,0.00997672921721049,0,0.14807908960431948,10,0.025,0.15,0.9748177357942414,0.971667910016592,1.0,0.9745156337989057,0.9625239140878783,0.9737341048269657,0.977108575886357,0.9563014418440586,0.9719516678761118,0.9741782902548297,0.9743413988907131,0.9765330615617832
0,3,2.2737296118880765,0.13614110871130308,4167,2.2986110619136264,0.13069544364508393,834,2.297195971766605,0.1387,0.9861339739829346,0.08324383976170367,,,0.99,,0.9900232707827895,0.00997672921721049,0,0.14807908960431948,10,0.025,0.15,0.9762149645700974,0.9674958435858546,0.9745156337989057,1.0,0.9689315840546967,0.9660538882611606,0.9647290246723615,0.9577506559040679,0.9756121632869302,0.9760800597398438,0.9830318843587075,0.9716534339727998
0,4,2.2776257009217233,0.1476601871850252,4167,2.297616107123239,0.12605042016806722,833,2.297195971766605,0.1387,0.9865479632869795,0.08327878639187582,,,0.99,,0.9900232707827895,0.00997672921721049,0,0.14807908960431948,10,0.025,0.15,0.9677708381999868,0.9803543608901962,0.9625239140878783,0.9689315840546967,1.0,0.9683320211592747,0.9681821485838682,0.9747996621228437,0.9753577158331812,0.9752933602653105,0.9716136509249534,0.9738112642424325
0,5,2.2771419293952713,0.1550995920326374,4167,2.2996436527797153,0.12845138055222088,833,2.297195971766605,0.1387,0.9859450954733602,0.08322789570866396,,,0.99,,0.9900232707827895,0.00997672921721049,0,0.14807908960431948,10,0.025,0.15,0.9719599769242465,0.9766855873976346,0.9737341048269657,0.9660538882611606,0.9683320211592747,1.0,0.9633429048618082,0.9604167315929918,0.9744065029037512,0.9721710996454025,0.9732016581170794,0.9795256224909591
0,6,2.277273517666441,0.14552435805135588,4167,2.295830624444144,0.148859543817527,833,2.297195971766605,0.1387,0.9841734190550877,0.08307834082893845,,,0.99,,0.9900232707827895,0.00997672921721049,0,0.14807908960431948,10,0.025,0.15,0.9698859942189239,0.9744967582301679,0.977108575886357,0.9647290246723615,0.9681821485838682,0.9633429048618082,1.0,0.9644227830223856,0.9678646463644356,0.9707268899474721,0.966343503730764,0.9717352573898654
0,7,2.279814618284052,0.1556755459563235,4167,2.297447000231062,0.13565426170468187,833,2.297195971766605,0.1387,0.9823361332482762,0.08292324757656733,,,0.99,,0.9900232707827895,0.00997672921721049,0,0.14807908960431948,10,0.025,0.15,0.9701592181708847,0.9762257686570199,0.9563014418440586,0.9577506559040679,0.9747996621228437,0.9604167315929918,0.9644227830223856,1.0,0.9694355426265494,0.9774654165307317,0.9646195658247055,0.9654784278221431
0,8,2.2739537809834336,0.16764282285165627,4166,2.2991653169904436,0.13565426170468187,833,2.297195971766605,0.1387,0.9881760182283877,0.08341621756070418,,,0.99,,0.9900232707827895,0.00997672921721049,0,0.14807908960431948,10,0.025,0.15,0.9670343965880964,0.9757809726658448,0.9719516678761118,0.9756121632869302,0.9753577158331812,0.9744065029037512,0.9678646463644356,0.9694355426265494,1.0,0.9739593452890759,0.9756116861392458,0.9792486691372695
0,9,2.2776845202301486,0.15348055688910225,4166,2.297509329659598,0.1452581032412965,833,2.297195971766605,0.1387,0.9901706690691866,0.08358459467715357,,,0.99,,0.9900232707827895,0.00997672921721049,0,0.14807908960431948,10,0.025,0.15,0.9801536640166291,0.9746506016646798,0.9741782902548297,0.9760800597398438,0.9752933602653105,0.9721710996454025,0.9707268899474721,0.9774654165307317,0.9739593452890759,1.0,0.9776284563064195,0.9775836072777591
0,10,2.279183102376533,0.1331733077292367,4166,2.2950974873134067,0.13805522208883553,833,2.297195971766605,0.1387,0.9891472164104244,0.0834982006055797,,,0.99,,0.9900232707827895,0.00997672921721049,0,0.14807908960431948,10,0.025,0.15,0.9784839262753523,0.972609551713847,0.9743413988907131,0.9830318843587075,0.9716136509249534,0.9732016581170794,0.966343503730764,0.9646195658247055,0.9756116861392458,0.9776284563064195,1.0,0.9802833678964802
0,11,2.275808081482396,0.13230916946711474,4166,2.296984536307199,0.15126050420168066,833,2.297195971766605,0.1387,0.9899345141784015,0.08356465982001843,,,0.99,,0.9900232707827895,0.00997672921721049,0,0.14807908960431948,10,0.025,0.15,0.9719347655740613,0.979307876213023,0.9765330615617832,0.9716534339727998,0.9738112642424325,0.9795256224909591,0.9717352573898654,0.9654784278221431,0.9792486691372695,0.9775836072777591,0.9802833678964802,1.0
1,0,2.1624621496056067,0.19944804415646747,4167,2.285630600793021,0.1366906474820144,834,2.2852977982050255,0.1484,0.9887002737451066,0.08334430362109674,,,0.99,,0.9900232707827895,0.00997672921721049,0.8765478268286698,0.14837569329449657,10,0.025,0.15,1.0,0.9772022976923347,0.976442557275092,0.9770467298914769,0.9718034810884048,0.9751636597019081,0.9750730384943636,0.9772909639140501,0.9734881827529517,0.9797996347767959,0.9792087539306783,0.9733862278287835
1,1,2.1622488769617947,0.19565634749220062,4167,2.2848732812064037,0.15467625899280577,834,2.2852977982050255,0.1484,0.9904208262184866,0.08349152799881807,,,0.99,,0.9900232707827895,0.00997672921721049,0.8765478268286698,0.14837569329449657,10,0.025,0.15,0.9772022976923347,1.0,0.9748229764575855,0.9784501665343797,0.9795698792332193,0.9764578012965981,0.9756832643835313,0.9809639065936213,0.9793366467407639,0.9802040130125471,0.9759969857334151,0.9776147646631586
1,2,2.1516986521807584,0.20338372930165588,4167,2.2834890569959367,0.17026378896882494,834,2.2852977982050255,0.1484,0.9876420836567517,0.08325334400620207,,,0.99,,0.9900232707827895,0.00997672921721049,0.8765478268286698,0.14837569329449657,10,0.025,0.15,0.976442557275092,0.9748229764575855,1.0,0.9760827685715903,0.9736358317481636,0.9757075173525294,0.9755903173571064,0.9732212658563132,0.9735090019280411,0.9782539341010307,0.9743619317688424,0.9717493205413542
1,3,2.1637951348767137,0.19397648188144948,4167,2.287346124649048,0.14628297362110312,834,2.2852977982050255,0.1484,0.990523102711908,0.08332207886128659,,,0.99,,0.9900232707827895,0.00997672921721049,0.8765478268286698,0.14837569329449657,10,0.025,0.15,0.9770467298914769,0.9784501665343797,0.9760827685715903,1.0,0.977257003320798,0.9750986131772252,0.9787475642669783,0.9770821285529661,0.9808213489314349,0.9816113359615088,0.9792655594386284,0.9761059698640103
1,4,2.167318365429387,0.19464842812574995,4167,2.287029879433768,0.13925570228091236,833,2.2852977982050255,0.1484,0.9889580225096111,0.0832928889355146,,,0.99,,0.9900232707827895,0.00997672921721049,0.8765478268286698,0.14837569329449657,10,0.025,0.15,0.9718034810884048,0.9795698792332193,0.9736358317481636,0.977257003320798,1.0,0.971723037047859,0.9756158830010586,0.9791441067789356,0.9778638102128241,0.980975645903047,0.9771040164193099,0.9742984653638866
1,5,2.164355413118998,0.20518358531317496,4167,2.2877499716622487,0.13205282112845138,833,2.2852977982050255,0.1484,0.9855505857428016,0.083151186511699,,,0.99,,0.9900232707827895,0.00997672921721049,0.8765478268286698,0.14837569329449657,10,0.025,0.15,0.9751636597019081,0.9764578012965981,0.9757075173525294,0.9750986131772252,0.971723037047859,1.0,0.967378034535595,0.9719295109978666,0.9725793534464198,0.9727234448511508,0.9702769793558138,0.9695245395512607
1,6,2.170347895044269,0.19858411327093833,4167,2.2833622864314487,0.1644657863145258,833,2.2852977982050255,0.1484,0.988382439552251,0.0831508726505972,,,0.99,,0.9900232707827895,0.00997672921721049,0.8765478268286698,0.14837569329449657,10,0.025,0.15,0.9750730384943636,0.9756832643835313,0.9755903173571064,0.9787475642669783,0.9756158830010586,0.967378034535595,1.0,0.9752449994707932,0.976910576484345,0.9797899796889427,0.9789599107319367,0.9732132296067901
1,7,2.164772829503724,0.2011999040076794,4167,2.2849738597869873,0.13805522208883553,833,2.2852977982050255,0.1484,0.9897797932601055,0.0831006810085933,,,0.99,,0.9900232707827895,0.00997672921721049,0.8765478268286698,0.14837569329449657,10,0.025,0.15,0.9772909639140501,0.9809639065936213,0.9732212658563132,0.9770821285529661,0.9791441067789356,0.9719295109978666,0.9752449994707932,1.0,0.9775358849204033,0.981582817293015,0.9788385989360405,0.975983500932508
1,8,2.1612438415036057,0.20657705232837253,4166,2.288385970251901,0.1404561824729892,833,2.2852977982050255,0.1484,0.9899431906757573,0.08340938895180756,,,0.99,,0.9900232707827895,0.00997672921721049,0.8765478268286698,0.14837569329449657,10,0.025,0.15,0.9734881827529517,0.9793366467407639,0.9735090019280411,0.9808213489314349,0.9778638102128241,0.9725793534464198,0.976910576484345,0.9775358849204033,1.0,0.9786596489739051,0.980571828494194,0.9793590049043894
1,9,2.1655358552932737,0.19495919347095536,4166,2.2850875854492188,0.14765906362545017,833,2.2852977982050255,0.1484,0.9917296175952424,0.08357089155561455,,,0.99,,0.9900232707827895,0.00997672921721049,0.8765478268286698,0.14837569329449657,10,0.025,0.15,0.9797996347767959,0.9802040130125471,0.9782539341010307,0.9816113359615088,0.980975645903047,0.9727234448511508,0.9797899796889427,0.981582817293015,0.9786596489739051,1.0,0.9794452548668727,0.9787846737017533
1,10,2.1724041725649976,0.19047047527604416,4166,2.283330270222255,0.1524609843937575,833,2.2852977982050255,0.1484,0.9902150785261642,0.0834686556581591,,,0.99,,0.9900232707827895,0.00997672921721049,0.8765478268286698,0.14837569329449657,10,0.025,0.15,0.9792087539306783,0.9759969857334151,0.9743619317688424,0.9792655594386284,0.9771040164193099,0.9702769793558138,0.9789599107319367,0.9788385989360405,0.980571828494194,0.9794452548668727,1.0,0.9798228708878116
1,11,2.157366393551682,0.20184829572731636,4166,2.2848049572535922,0.15846338535414164,833,2.2852977982050255,0.1484,0.9881967962887919,0.08344418024061108,,,0.99,,0.9900232707827895,0.00997672921721049,0.8765478268286698,0.14837569329449657,10,0.025,0.15,0.9733862278287835,0.9776147646631586,0.9717493205413542,0.9761059698640103,0.9742984653638866,0.9695245395512607,0.9732132296067901,0.975983500932508,0.9793590049043894,0.9787846737017533,0.9798228708878116,1.0
2,0,2.086945649349328,0.23702903767698585,4167,2.2679335730416432,0.1606714628297362,834,2.267511485498163,0.1679,0.9864632238528181,0.08333023370687861,,,0.99,,0.9900232707827895,0.00997672921721049,0.9705401744485292,0.14801542970490242,10,0.025,0.15,1.0,0.9722529737116885,0.9707423029771898,0.9704744702736013,0.965962388992324,0.9704199258996908,0.9698126058142811,0.9698705677801701,0.9683633786812221,0.9740007127057354,0.9756701737551831,0.973340120038643
2,1,2.084740903160789,0.23544516438684907,4167,2.2657580375671387,0.17386091127098321,834,2.267511485498163,0.1679,0.9884370668847127,0.08348493278199301,,,0.99,,0.9900232707827895,0.00997672921721049,0.9705401744485292,0.14801542970490242,10,0.025,0.15,0.9722529737116885,1.0,0.9677579831027643,0.973491761601116,0.9736535317332756,0.9713525456665334,0.9697668108320192,0.9762003831896077,0.9749317801939161,0.9739978086746017,0.9737103791151368,0.9771304212253612
2,2,2.07373006921826,0.24271658267338614,4167,2.265816722597395,0.18944844124700239,834,2.267511485498163,0.1679,0.9831943766357194,0.08316820762633893,,,0.99,,0.9900232707827895,0.00997672921721049,0.9705401744485292,0.14801542970490242,10,0.025,0.15,0.9707423029771898,0.9677579831027643,1.0,0.9653322284464626,0.9656750428838036,0.970173841655184,0.9673288513293561,0.9642743179722648,0.9665266452124444,0.9696220086410412,0.9687533111269181,0.9660689976514949
2,3,2.0837979168602914,0.23213342932565395,4167,2.2705135686056956,0.17266187050359713,834,2.267511485498163,0.1679,0.9876221865532036,0.083354120329163,,,0.99,,0.9900232707827895,0.00997672921721049,0.9705401744485292,0.14801542970490242,10,0.025,0.15,0.9704744702736013,0.973491761601116,0.9653322284464626,1.0,0.9719669544833105,0.9688793993774361,0.9731046916735548,0.9726802855828891,0.9741097542280739,0.9766475903185985,0.976239360940036,0.9717100579096498
2,4,2.0899751197208056,0.23213342932565395,4167,2.271134069987706,0.14765906362545017,833,2.267511485498163,0.1679,0.9860765565871792,0.08328602187402916,,,0.99,,0.9900232707827895,0.00997672921721049,0.9705401744485292,0.14801542970490242,10,0.025,0.15,0.965962388992324,0.9736535317332756,0.9656750428838036,0.9719669544833105,1.0,0.9660583273954536,0.9696003478420049,0.9745505117292342,0.9716278356974828,0.9752894249448902,0.9743178954446438,0.9676486031950265
2,5,2.0853929660537025,0.24499640028797695,4167,2.2703402723584856,0.15486194477791115,833,2.267511485498163,0.1679,0.9836515217673324,0.08312009513642418,,,0.99,,0.9900232707827895,0.00997672921721049,0.9705401744485292,0.14801542970490242,10,0.025,0.15,0.9704199258996908,0.9713525456665334,0.970173841655184,0.9688793993774361,0.9660583273954536,1.0,0.9628049016131112,0.9670668976094732,0.967202171265589,0.9669583496876085,0.967706040569959,0.9690793045663642
2,6,2.09452746925932,0.2353971682265419,4167,2.265017339161464,0.1788715486194478,833,2.267511485498163,0.1679,0.9855609828176837,0.08318181443571468,,,0.99,,0.9900232707827895,0.00997672921721049,0.9705401744485292,0.14801542970490242,10,0.025,0.15,0.9698126058142811,0.9697668108320192,0.9673288513293561,0.9731046916735548,0.9696003478420049,0.9628049016131112,1.0,0.970341388818443,0.9687037596530896,0.9733294296821476,0.9742990991192131,0.9711990698625981
2,7,2.084913197069457,0.23606911447084233,4167,2.26667959349496,0.15486194477791115,833,2.267511485498163,0.1679,0.9870934468309034,0.08320058227492078,,,0.99,,0.9900232707827895,0.00997672921721049,0.9705401744485292,0.14801542970490242,10,0.025,0.15,0.9698705677801701,0.9762003831896077,0.9642743179722648,0.9726802855828891,0.9745505117292342,0.9670668976094732,0.970341388818443,1.0,0.9702271476533738,0.9749005766520692,0.9739455676084234,0.9743844162471103
2,8,2.0849436004956563,0.2385021603456553,4166,2.27196775163923,0.1644657863145258,833,2.267511485498163,0.1679,0.9867776697822727,0.08338052574666863,,,0.99,,0.9900232707827895,0.00997672921721049,0.9705401744485292,0.14801542970490242,10,0.025,0.15,0.9683633786812221,0.9749317801939161,0.9665266452124444,0.9741097542280739,0.9716278356974828,0.967202171265589,0.9687037596530896,0.9702271476533738,1.0,0.9725266430576938,0.9751603046085401,0.9752170972250702
2,9,2.088496493931973,0.2300288046087374,4166,2.2665181500571117,0.17767106842737096,833,2.267511485498163,0.1679,0.9890523304545455,0.08355377480702751,,,0.99,,0.9900232707827895,0.00997672921721049,0.9705401744485292,0.14801542970490242,10,0.025,0.15,0.9740007127057354,0.9739978086746017,0.9696220086410412,0.9766475903185985,0.9752894249448902,0.9669583496876085,0.9733294296821476,0.9749005766520692,0.9725266430576938,1.0,0.976139444916951,0.978089428935234
2,10,2.0957312457489246,0.22878060489678348,4166,2.265780414853777,0.16806722689075632,833,2.267511485498163,0.1679,0.9891480943636738,0.0834938965364221,,,0.99,,0.9900232707827895,0.00997672921721049,0.9705401744485292,0.14801542970490242,10,0.025,0.15,0.9756701737551831,0.9737103791151368,0.9687533111269181,0.976239360940036,0.9743178954446438,0.967706040569959,0.9742990991192131,0.9739455676084234,0.9751603046085401,0.976139444916951,1.0,0.9767225481505145
2,11,2.075156639922749,0.242534805568891,4166,2.2665535722460066,0.1716686674669868,833,2.267511485498163,0.1679,0.988129609969666,0.08344579474441957,,,0.99,,0.9900232707827895,0.00997672921721049,0.9705401744485292,0.14801542970490242,10,0.025,0.15,0.973340120038643,0.9771304212253612,0.9660689976514949,0.9717100579096498,0.9676486031950265,0.9690793045663642,0.9711990698625981,0.9743844162471103,0.9752170972250702,0.978089428935234,0.9767225481505145,1.0
3,0,2.0328179652040657,0.263618910487161,4167,2.2437897409711565,0.1882494004796163,834,2.2433146404314646,0.1911,0.9828704431226004,0.08330684648735359,,,0.99,,0.9900232707827895,0.00997672921721049,0.9849994313079703,0.14754450246568687,10,0.025,0.15,1.0,0.9662735631190066,0.964065606879774,0.9627890811618595,0.9560343013698187,0.961166576493855,0.9635774108478192,0.9637796632889243,0.9610842953150203,0.9681157295126,0.9692168216048588,0.9652316746418557
3,1,2.024444473512245,0.26241900647948163,4167,2.2393080166407993,0.19784172661870503,834,2.2433146404314646,0.1911,0.985901234391672,0.083500657840765,,,0.99,,0.9900232707827895,0.00997672921721049,0.9849994313079703,0.14754450246568687,10,0.025,0.15,0.9662735631190066,1.0,0.9611572803958013,0.9686781092874278,0.9659901538493906,0.9646171438250558,0.9642726498427793,0.9701508961384099,0.9684080495049666,0.9686802081935576,0.9659745612111444,0.9728526145514339
3,2,2.0185813116304803,0.2665946724262059,4167,2.2419583116258894,0.20863309352517986,834,2.2433146404314646,0.1911,0.9802244710124731,0.08312100844290196,,,0.99,,0.9900232707827895,0.00997672921721049,0.9849994313079703,0.14754450246568687,10,0.025,0.15,0.964065606879774,0.9611572803958013,1.0,0.9584033098736747,0.9607402008936161,0.963100351637862,0.9617798677219742,0.9570591257884424,0.9605440193128203,0.9644664754624385,0.9611760987622066,0.9577199981474245
3,3,2.0245728564984873,0.25793136549076073,4167,2.247720548084804,0.1882494004796163,834,2.2433146404314646,0.1911,0.9844483758950359,0.08337280576684114,,,0.99,,0.9900232707827895,0.00997672921721049,0.9849994313079703,0.14754450246568687,10,0.025,0.15,0.9627890811618595,0.9686781092874278,0.9584033098736747,1.0,0.9654122771253518,0.9628672898275631,0.9651257971630841,0.9659807607091582,0.9684850508750662,0.9707428946746633,0.9662243416063443,0.9652353952850515
3,4,2.0342133251103487,0.257739380849532,4167,2.249310391289847,0.16566626650660263,833,2.2433146404314646,0.1911,0.9825798610172733,0.08327014267592256,,,0.99,,0.9900232707827895,0.00997672921721049,0.9849994313079703,0.14754450246568687,10,0.025,0.15,0.9560343013698187,0.9659901538493906,0.9607402008936161,0.9654122771253518,1.0,0.9587455751542606,0.9648448832514331,0.9684704649278938,0.9656383167672344,0.9677192823250248,0.9647741820905977,0.9595700325231814
3,5,2.027261570005706,0.27129829613630907,4167,2.2465902737208774,0.1716686674669868,833,2.2433146404314646,0.1911,0.9803374376575502,0.08309499938866433,,,0.99,,0.9900232707827895,0.00997672921721049,0.9849994313079703,0.14754450246568687,10,0.025,0.15,0.961166576493855,0.9646171438250558,0.963100351637862,0.9628672898275631,0.9587455751542606,1.0,0.9583047166270658,0.9614176841190758,0.9618786663866231,0.9594795885924932,0.9582756668651504,0.961718396848495
3,6,2.038724290602135,0.25797936165106794,4167,2.240220138004848,0.20768307322929172,833,2.2433146404314646,0.1911,0.9831786575974125,0.08322530545171819,,,0.99,,0.9900232707827895,0.00997672921721049,0.9849994313079703,0.14754450246568687,10,0.025,0.15,0.9635774108478192,0.9642726498427793,0.9617798677219742,0.9651257971630841,0.9648448832514331,0.9583047166270658,1.0,0.9642819726842519,0.9628754729276383,0.9676422750112553,0.9678735133673104,0.9644599371266456
3,7,2.026079832423817,0.2599232061435085,4167,2.241835423878261,0.18487394957983194,833,2.2433146404314646,0.1911,0.9841372034025332,0.08326799973972727,,,0.99,,0.9900232707827895,0.00997672921721049,0.9849994313079703,0.14754450246568687,10,0.025,0.15,0.9637796632889243,0.9701508961384099,0.9570591257884424,0.9659807607091582,0.9684704649278938,0.9614176841190758,0.9642819726842519,1.0,0.9643282835062312,0.9677780463834286,0.9651931246508801,0.9678938042527048
3,8,2.0280511234745835,0.26495439270283244,4166,2.249239478792463,0.17767106842737096,833,2.2433146404314646,0.1911,0.9839063347320047,0.08337149623408985,,,0.99,,0.9900232707827895,0.00997672921721049,0.9849994313079703,0.14754450246568687,10,0.025,0.15,0.9610842953150203,0.9684080495049666,0.9605440193128203,0.9684850508750662,0.9656383167672344,0.9618786663866231,0.9628754729276383,0.9643282835062312,1.0,0.9659486110255492,0.9676543423776524,0.9666946992726058
3,9,2.0308989510391697,0.2541046567450792,4166,2.2411718368530273,0.2112845138055222,833,2.2433146404314646,0.1911,0.9863400270381718,0.08355736534032651,,,0.99,,0.9900232707827895,0.00997672921721049,0.9849994313079703,0.14754450246568687,10,0.025,0.15,0.9681157295126,0.9686802081935576,0.9644664754624385,0.9707428946746633,0.9677192823250248,0.9594795885924932,0.9676422750112553,0.9677780463834286,0.9659486110255492,1.0,0.9707675804540106,0.9708591208933284
3,10,2.0413624326388042,0.2501680268843015,4166,2.241797685623169,0.2028811524609844,833,2.2433146404314646,0.1911,0.9850100552803973,0.08347725572437194,,,0.99,,0.9900232707827895,0.00997672921721049,0.9849994313079703,0.14754450246568687,10,0.025,0.15,0.9692168216048588,0.9659745612111444,0.9611760987622066,0.9662243416063443,0.9647741820905977,0.9582756668651504,0.9678735133673104,0.9651931246508801,0.9676543423776524,0.9707675804540106,1.0,0.9693843244132037
3,11,2.014554080096158,0.2689630340854537,4166,2.242026226861136,0.18847539015606243,833,2.2433146404314646,0.1911,0.9845951615149527,0.08343411690731752,,,0.99,,0.9900232707827895,0.00997672921721049,0.9849994313079703,0.14754450246568687,10,0.025,0.15,0.9652316746418557,0.9728526145514339,0.9577199981474245,0.9652353952850515,0.9595700325231814,0.961718396848495,0.9644599371266456,0.9678938042527048,0.9666946992726058,0.9708591208933284,0.9693843244132037,1.0
4,0,1.9866749665953896,0.28152147828173746,4167,2.2145279135022844,0.22182254196642687,834,2.2138597210751305,0.2217,0.9809413030541639,0.08332570946239672,,,0.99,,0.9900232707827895,0.00997672921721049,0.9883541905580275,0.14710131963742568,10,0.025,0.15,1.0,0.9617518108367794,0.9582238064518511,0.9571395390670616,0.9523356441483267,0.9578454117466629,0.9591679571140915,0.9582289910205875,0.9552188706545909,0.9608694077543743,0.9628360130804446,0.9601908587678293
4,1,1.979726447842338,0.27936165106791455,4167,2.2069295815059116,0.24820143884892087,834,2.2138597210751305,0.2217,0.9828176628575339,0.08350637647360831,,,0.99,,0.9900232707827895,0.00997672921721049,0.9883541905580275,0.14710131963742568,10,0.025,0.15,0.9617518108367794,1.0,0.9528546217707968,0.9610714851163662,0.9593675348928906,0.957740192505368,0.9589719191780057,0.9643009249659883,0.9616650900499575,0.9621243703013894,0.9600817014555517,0.9658564820498358
4,2,1.9673075509793831,0.28507319414446847,4167,2.2130046572004045,0.23381294964028776,834,2.2138597210751305,0.2217,0.976406857941613,0.08306357512752939,,,0.99,,0.9900232707827895,0.00997672921721049,0.9883541905580275,0.14710131963742568,10,0.025,0.15,0.9582238064518511,0.9528546217707968,1.0,0.9515706639295671,0.9548539315629285,0.9569922910702903,0.9544996384612058,0.948099140132251,0.9514625062930491,0.9582552517153,0.9542271887134849,0.9495430720722555
4,3,1.9742773941068938,0.2775377969762419,4167,2.2201657635825023,0.22302158273381295,834,2.2138597210751305,0.2217,0.9811314116909433,0.08337261961557817,,,0.99,,0.9900232707827895,0.00997672921721049,0.9883541905580275,0.14710131963742568,10,0.025,0.15,0.9571395390670616,0.9610714851163662,0.9515706639295671,1.0,0.9576127978269559,0.9564934670704656,0.9595526790596781,0.955429070147691,0.9606305615834839,0.9657302641716542,0.962149525349612,0.9586019643707223
4,4,1.9893632260235874,0.27732181425485963,4167,2.2225708961486816,0.19807923169267708,833,2.2138597210751305,0.2217,0.9796692038446985,0.08326169922285932,,,0.99,,0.9900232707827895,0.00997672921721049,0.9883541905580275,0.14710131963742568,10,0.025,0.15,0.9523356441483267,0.9593675348928906,0.9548539315629285,0.9576127978269559,1.0,0.9520728325344169,0.9599790158689367,0.9604591960891318,0.9586144971689406,0.9622738543935376,0.9608487571699114,0.95043321543538
4,5,1.978302129832181,0.2897048236141109,4167,2.2178591660090854,0.20768307322929172,833,2.2138597210751305,0.2217,0.9781212524406581,0.08310323385195194,,,0.99,,0.9900232707827895,0.00997672921721049,0.9883541905580275,0.14710131963742568,10,0.025,0.15,0.9578454117466629,0.957740192505368,0.9569922910702903,0.9564934670704656,0.9520728325344169,1.0,0.9538982618245253,0.9545096022725833,0.9549706499026944,0.9539782062329245,0.9553047049119933,0.9569540379317658
4,6,1.9967953071449742,0.2772738180945524,4167,2.210012469972883,0.23289315726290516,833,2.2138597210751305,0.2217,0.9810280292622315,0.0832781746837179,,,0.99,,0.9900232707827895,0.00997672921721049,0.9883541905580275,0.14710131963742568,10,0.025,0.15,0.9591679571140915,0.9589719191780057,0.9544996384612058,0.9595526790596781,0.9599790158689367,0.9538982618245253,1.0,0.9575876410276283,0.9572692892040486,0.9615049956305834,0.9640664172765435,0.9583574543560532
4,7,1.980788041606094,0.2775137988960883,4167,2.2116007464272633,0.21728691476590636,833,2.2138597210751305,0.2217,0.9800676145836859,0.08327332474678292,,,0.99,,0.9900232707827895,0.00997672921721049,0.9883541905580275,0.14710131963742568,10,0.025,0.15,0.9582289910205875,0.9643009249659883,0.948099140132251,0.955429070147691,0.9604591960891318,0.9545096022725833,0.9575876410276283,1.0,0.9552702996635207,0.9604554772302399,0.9590487243554489,0.9601292287922664
4,8,1.9845702514503942,0.2798847815650504,4166,2.2213070733206615,0.20768307322929172,833,2.2138597210751305,0.2217,0.9801731102067389,0.083340664976934,,,0.99,,0.9900232707827895,0.00997672921721049,0.9883541905580275,0.14710131963742568,10,0.025,0.15,0.9552188706545909,0.9616650900499575,0.9514625062930491,0.9606305615834839,0.9586144971689406,0.9549706499026944,0.9572692892040486,0.9552702996635207,1.0,0.9586658437361341,0.9615453716079397,0.959402575144125
4,9,1.9858291275573499,0.2740518482957273,4166,2.2106639317103793,0.23169267707082833,833,2.2138597210751305,0.2217,0.9834083898181112,0.08356059402352477,,,0.99,,0.9900232707827895,0.00997672921721049,0.9883541905580275,0.14710131963742568,10,0.025,0.15,0.9608694077543743,0.9621243703013894,0.9582552517153,0.9657302641716542,0.9622738543935376,0.9539782062329245,0.9615049956305834,0.9604554772302399,0.9586658437361341,1.0,0.9639778888711358,0.964875352785334
4,10,1.9965881116462476,0.2743638982237158,4166,2.2123329639434814,0.22448979591836735,833,2.2138597210751305,0.2217,0.9829914843352521,0.08349757453313658,,,0.99,,0.9900232707827895,0.00997672921721049,0.9883541905580275,0.14710131963742568,10,0.025,0.15,0.9628360130804446,0.9600817014555517,0.9542271887134849,0.962149525349612,0.9608487571699114,0.9553047049119933,0.9640664172765435,0.9590487243554489,0.9615453716079397,0.9639778888711358,1.0,0.9637541889292225
4,11,1.9711016824751189,0.2885501680268843,4166,2.212362289428711,0.21368547418967587,833,2.2138597210751305,0.2217,0.9813151774037373,0.08341645328197995,,,0.99,,0.9900232707827895,0.00997672921721049,0.9883541905580275,0.14710131963742568,10,0.025,0.15,0.9601908587678293,0.9658564820498358,0.9495430720722555,0.9586019643707223,0.95043321543538,0.9569540379317658,0.9583574543560532,0.9601292287922664,0.959402575144125,0.964875352785334,0.9637541889292225,1.0
5,0,1.9453282684990854,0.2992800575953924,4167,2.1801960127694264,0.2589928057553957,834,2.179396629333496,0.2547,0.9779750374294274,0.08333110833557937,,,0.99,,0.9900232707827895,0.00997672921721049,0.9906235712184214,0.14668519011686695,10,0.025,0.15,1.0,0.9581845642001261,0.9503729274382389,0.9520664284618418,0.9442472946227092,0.9519805831448577,0.9538696491819388,0.9511125103540485,0.9485396106928858,0.9563735462028654,0.9562395864052964,0.9533317831679701
5,1,1.9425800576354517,0.2959203263738901,4167,2.1689536230904713,0.28896882494004794,834,2.179396629333496,0.2547,0.9806075138592082,0.08352844663067789,,,0.99,,0.9900232707827895,0.00997672921721049,0.9906235712184214,0.14668519011686695,10,0.025,0.15,0.9581845642001261,1.0,0.9471406379166584,0.9561271928349478,0.9527932347797669,0.9534713407154405,0.9537242705168019,0.9565221473605935,0.9558691276250588,0.958644527477646,0.9538210276909719,0.9608147399278107
5,2,1.9261875582463814,0.30232781377489804,4167,2.1792027269090926,0.2637889688249401,834,2.179396629333496,0.2547,0.9741420936858275,0.083044348667993,,,0.99,,0.9900232707827895,0.00997672921721049,0.9906235712184214,0.14668519011686695,10,0.025,0.15,0.9503729274382389,0.9471406379166584,1.0,0.9462889556476877,0.9497408834475918,0.9532312655927173,0.9484460658223861,0.9441782913253381,0.9461147201579359,0.952252000256603,0.9492546029825008,0.9445345883682394
5,3,1.933413931456479,0.29344852411807054,4167,2.1880576269967213,0.2673860911270983,834,2.179396629333496,0.2547,0.978705907532539,0.08338388772311643,,,0.99,,0.9900232707827895,0.00997672921721049,0.9906235712184214,0.14668519011686695,10,0.025,0.15,0.9520664284618418,0.9561271928349478,0.9462889556476877,1.0,0.950548642839676,0.9529943943533863,0.9534341221498317,0.9481617458924895,0.9547998354575356,0.9591868122028824,0.9573643893212751,0.9538814750143221
5,4,1.9503581646716956,0.2951043916486681,4167,2.190911361149379,0.22208883553421369,833,2.179396629333496,0.2547,0.9762892552384215,0.08323668838282447,,,0.99,,0.9900232707827895,0.00997672921721049,0.9906235712184214,0.14668519011686695,10,0.025,0.15,0.9442472946227092,0.9527932347797669,0.9497408834475918,0.950548642839676,1.0,0.9463913032220781,0.9529773511271716,0.9543750375186151,0.9510507110544618,0.955296934844802,0.9552744105589391,0.9438933791933706
5,5,1.93346246806058,0.3079673626109911,4167,2.1841794082096646,0.23649459783913565,833,2.179396629333496,0.2547,0.9765580532989968,0.08314747207040325,,,0.99,,0.9900232707827895,0.00997672921721049,0.9906235712184214,0.14668519011686695,10,0.025,0.15,0.9519805831448577,0.9534713407154405,0.9532312655927173,0.9529943943533863,0.9463913032220781,1.0,0.9501742701615256,0.9482546865193778,0.9512531537163733,0.9493825598657557,0.9513668359312775,0.9513645726425186
5,6,1.957023832653508,0.2896088312934965,4167,2.1748473984854564,0.26410564225690275,833,2.179396629333496,0.2547,0.9781015450108387,0.08330583881544243,,,0.99,,0.9900232707827895,0.00997672921721049,0.9906235712184214,0.14668519011686695,10,0.025,0.15,0.9538696491819388,0.9537242705168019,0.9484460658223861,0.9534341221498317,0.9529773511271716,0.9501742701615256,1.0,0.9510737965530849,0.9498671701956495,0.9544302183396944,0.9580221910097609,0.9518182859883533
5,7,1.9423668478474472,0.294528437724982,4167,2.176434244428362,0.24369747899159663,833,2.179396629333496,0.2547,0.9764707619180794,0.08324978076862415,,,0.99,,0.9900232707827895,0.00997672921721049,0.9906235712184214,0.14668519011686695,10,0.025,0.15,0.9511125103540485,0.9565221473605935,0.9441782913253381,0.9481617458924895,0.9543750375186151,0.9482546865193778,0.9510737965530849,1.0,0.9463676986157966,0.9537064137629646,0.9506704641777665,0.9542733348146726
5,8,1.9446571360934863,0.2949351896303409,4166,2.188312189919608,0.24489795918367346,833,2.179396629333496,0.2547,0.9768582611824472,0.08330401780835724,,,0.99,,0.9900232707827895,0.00997672921721049,0.9906235712184214,0.14668519011686695,10,0.025,0.15,0.9485396106928858,0.9558691276250588,0.9461147201579359,0.9547998354575356,0.9510507110544618,0.9512531537163733,0.9498671701956495,0.9463676986157966,1.0,0.9511237786800288,0.9542805084202152,0.9539428435574956
5,9,1.9472653764666934,0.2907585213634181,4166,2.174891471862793,0.27010804321728693,833,2.179396629333496,0.2547,0.9803231327727805,0.08355271074753352,,,0.99,,0.9900232707827895,0.00997672921721049,0.9906235712184214,0.14668519011686695,10,0.025,0.15,0.9563735462028654,0.958644527477646,0.952252000256603,0.9591868122028824,0.955296934844802,0.9493825598657557,0.9544302183396944,0.9537064137629646,0.9511237786800288,1.0,0.956305336112969,0.9570501317916593
5,10,1.9541710521235611,0.28670187229956795,4166,2.1778067520686557,0.24729891956782712,833,2.179396629333496,0.2547,0.9801294768641067,0.08350745172507695,,,0.99,,0.9900232707827895,0.00997672921721049,0.9906235712184214,0.14668519011686695,10,0.025,0.15,0.9562395864052964,0.9538210276909719,0.9492546029825008,0.9573643893212751,0.9552744105589391,0.9513668359312775,0.9580221910097609,0.9506704641777665,0.9542805084202152,0.956305336112969,1.0,0.9589181020021738
5,11,1.9305739066817544,0.30588094095055207,4166,2.1778214999607632,0.24849939975990396,833,2.179396629333496,0.2547,0.978621785659948,0.08340824832437134,,,0.99,,0.9900232707827895,0.00997672921721049,0.9906235712184214,0.14668519011686695,10,0.025,0.15,0.9533317831679701,0.9608147399278107,0.9445345883682394,0.9538814750143221,0.9438933791933706,0.9513645726425186,0.9518182859883533,0.9542733348146726,0.9539428435574956,0.9570501317916593,0.9589181020021738,1.0
6,0,1.907473573178956,0.3102231821454284,4167,2.1426374231066023,0.28177458033573144,834,2.1414182155947143,0.2777,0.9739795255758882,0.08330199829020236,,,0.99,,0.9900232707827895,0.00997672921721049,0.9916613236773347,0.1462352698075181,10,0.025,0.15,1.0,0.9501501276313435,0.9427540958897044,0.9460335497738829,0.9391986618860511,0.9454040946238553,0.9451483746241942,0.9453188533300754,0.9398487404731409,0.9473062764695867,0.9470868536094641,0.9461270742399934
6,1,1.9037234689250138,0.310535157187425,4167,2.1270735945020403,0.3129496402877698,834,2.1414182155947143,0.2777,0.9774458211603803,0.08353704739479131,,,0.99,,0.9900232707827895,0.00997672921721049,0.9916613236773347,0.1462352698075181,10,0.025,0.15,0.9501501276313435,1.0,0.9408437513008473,0.9504301265985506,0.947871098789152,0.9477706814498759,0.9467771643842177,0.9514904135047458,0.948016733600736,0.9517384663767234,0.9451353223861361,0.9545867958538272
6,2,1.8916029554424865,0.3161027117830574,4167,2.141996451786586,0.2949640287769784,834,2.1414182155947143,0.2777,0.9716246269457217,0.08304780806911914,,,0.99,,0.9900232707827895,0.00997672921721049,0.9916613236773347,0.1462352698075181,10,0.025,0.15,0.9427540958897044,0.9408437513008473,1.0,0.9395817704331773,0.9451190875980606,0.9468090937266432,0.9444211305664585,0.93776512908914,0.9391806153841806,0.9496153696185459,0.9427367200901319,0.9382351446149153
6,3,1.8943043369235415,0.30403167746580273,4167,2.1526407854897633,0.2805755395683453,834,2.1414182155947143,0.2777,0.9758325164631916,0.08339502473244739,,,0.99,,0.9900232707827895,0.00997672921721049,0.9916613236773347,0.1462352698075181,10,0.025,0.15,0.9460335497738829,0.9504301265985506,0.9395817704331773,1.0,0.9458624498850584,0.9485698146860001,0.9466730419231378,0.9405296899196252,0.94696774910483,0.953180989522981,0.9499541142812992,0.9482150416131014
6,4,1.9144339644547665,0.3076073914086873,4167,2.155535731996809,0.2533013205282113,833,2.1414182155947143,0.2777,0.9742387718162249,0.08325200502196979,,,0.99,,0.9900232707827895,0.00997672921721049,0.9916613236773347,0.1462352698075181,10,0.025,0.15,0.9391986618860511,0.947871098789152,0.9451190875980606,0.9458624498850584,1.0,0.9416456147809277,0.9494255036058286,0.9472026641329154,0.9449156903932794,0.9511872551950186,0.947349807010967,0.9377077810128104
6,5,1.8982117985234117,0.3211183105351572,4167,2.1472842693328857,0.25690276110444177,833,2.1414182155947143,0.2777,0.9739294127494548,0.08318671029935042,,,0.99,,0.9900232707827895,0.00997672921721049,0.9916613236773347,0.1462352698075181,10,0.025,0.15,0.9454040946238553,0.9477706814498759,0.9468090937266432,0.9485698146860001,0.9416456147809277,1.0,0.9445155959911804,0.9414151953860052,0.9443180794872117,0.9426310473370236,0.9440461682605656,0.9468217798508929
6,6,1.923318905541391,0.30189584833213345,4167,2.136293956211635,0.2797118847539016,833,2.1414182155947143,0.2777,0.9755487768778367,0.08333747624896806,,,0.99,,0.9900232707827895,0.00997672921721049,0.9916613236773347,0.1462352698075181,10,0.025,0.15,0.9451483746241942,0.9467771643842177,0.9444211305664585,0.9466730419231378,0.9494255036058286,0.9445155959911804,1.0,0.9452758158970141,0.9447094420570231,0.9484277993313848,0.9523465765150418,0.9450431524913903
6,7,1.906330845933972,0.30758339332853374,4167,2.1377317224230086,0.27130852340936373,833,2.1414182155947143,0.2777,0.9736204624146226,0.0832399669557527,,,0.99,,0.9900232707827895,0.00997672921721049,0.9916613236773347,0.1462352698075181,10,0.025,0.15,0.9453188533300754,0.9514904135047458,0.93776512908914,0.9405296899196252,0.9472026641329154,0.9414151953860052,0.9452758158970141,1.0,0.939407043617594,0.9500120192446035,0.9448081958494338,0.9469844720727778
6,8,1.911022502003294,0.30892942870859336,4166,2.15154572895595,0.2785114045618247,833,2.1414182155947143,0.2777,0.9732251327749278,0.08326065748157864,,,0.99,,0.9900232707827895,0.00997672921721049,0.9916613236773347,0.1462352698075181,10,0.025,0.15,0.9398487404731409,0.948016733600736,0.9391806153841806,0.94696774910483,0.9449156903932794,0.9443180794872117,0.9447094420570231,0.939407043617594,1.0,0.9430550678305512,0.9496776053705379,0.9454705213850775
6,9,1.9127826528115706,0.3026884301488238,4166,2.1357790742601668,0.28811524609843936,833,2.1414182155947143,0.2777,0.9775309582904224,0.08355483817232666,,,0.99,,0.9900232707827895,0.00997672921721049,0.9916613236773347,0.1462352698075181,10,0.025,0.15,0.9473062764695867,0.9517384663767234,0.9496153696185459,0.953180989522981,0.9511872551950186,0.9426310473370236,0.9484277993313848,0.9500120192446035,0.9430550678305512,1.0,0.9476479298243371,0.9510067556837133
6,10,1.9223659750187037,0.29951992318771004,4166,2.1395267077854703,0.2689075630252101,833,2.1414182155947143,0.2777,0.976360073720336,0.08348868553336404,,,0.99,,0.9900232707827895,0.00997672921721049,0.9916613236773347,0.1462352698075181,10,0.025,0.15,0.9470868536094641,0.9451353223861361,0.9427367200901319,0.9499541142812992,0.947349807010967,0.9440461682605656,0.9523465765150418,0.9448081958494338,0.9496776053705379,0.9476479298243371,1.0,0.9513405158012144
6,11,1.893488153183099,0.3156985117618819,4166,2.140041317258562,0.2653061224489796,833,2.1414182155947143,0.2777,0.9754543036821934,0.08339778180012955,,,0.99,,0.9900232707827895,0.00997672921721049,0.9916613236773347,0.1462352698075181,10,0.025,0.15,0.9461270742399934,0.9545867958538272,0.9382351446149153,0.9482150416131014,0.9377077810128104,0.9468217798508929,0.9450431524913903,0.9469844720727778,0.9454705213850775,0.9510067556837133,0.9513405158012144,1.0
