round,client_id,client_i_training_loss,client_i_training_accuracy,client_i_training_dataset_size,client_i_evaluation_loss,client_i_evaluation_accuracy,client_i_evaluation_dataset_size,client_i_central_evaluation_loss,client_i_central_evaluation_accuracy,client_i_cosine_similarity,client_i_importance_coefficient,client_i_tanh_val,tanh_normalization_value,client_i_q,client_i_mask_order,client_i_v_nonzero_fraction,client_i_v_sparsity,client_i_v_cosine_similarity,client_i_reward_gradient_norm,local_epochs,learning_rate,gamma,client_0_cosine_similarity,client_1_cosine_similarity,client_2_cosine_similarity,client_3_cosine_similarity,client_4_cosine_similarity,client_5_cosine_similarity,client_6_cosine_similarity,client_7_cosine_similarity,client_8_cosine_similarity,client_9_cosine_similarity,client_10_cosine_similarity,client_11_cosine_similarity
0,0,0.3434626407351843,0.89352,5000,2.1649114555782742,0.302158273381295,834,2.1655098028457203,0.3033,0.7845891954469165,0.08253109705976229,,,0.8,,0.8,0.19999999999999996,0,0.39594367810932574,5,0.1,0.5,1.0,0.5902252360346458,0.5935326007467948,0.5787817925364577,0.5823517114413429,0.577402529837629,0.5980424632845794,0.5860407872996519,0.580747160350273,0.5917655532124767,0.5939091784352585,0.5859677752996452
0,1,0.33992737337211326,0.8948,5000,2.1580373446146646,0.31414868105515587,834,2.165481266503136,0.3022,0.7980825110877666,0.08395046167665415,,,0.9530876046615073,,0.9531047638170774,0.04689523618292257,0,0.3961062551421102,5,0.1,0.5,0.5902252360346458,1.0,0.5909377566676052,0.5941610158773147,0.5912970867172179,0.6014282534099298,0.6009841295237208,0.6108989646544178,0.6014603888389105,0.6066585353300749,0.6019829626072944,0.5970078630674127
0,2,0.3368204916655353,0.89452,5000,2.162084844377306,0.3129496402877698,834,2.165480425563483,0.3023,0.7942841392317442,0.08355091016850487,,,0.9099934042048203,,0.9099994980171678,0.09000050198283216,0,0.3960958241845833,5,0.1,0.5,0.5935326007467948,0.5909377566676052,1.0,0.5809800920721077,0.5931188179974899,0.6006702972697094,0.6030460560796436,0.6059067776686008,0.5964585270792382,0.5971541285191296,0.595413646049351,0.5937139322442953
0,3,0.34299027287656336,0.8934,5000,2.1564717999211065,0.30935251798561153,834,2.165475192542274,0.3034,0.787245110111964,0.08281047326360948,,,0.8301325208036021,,0.8301541087294815,0.16984589127051852,0,0.39601287962442194,5,0.1,0.5,0.5787817925364577,0.5941610158773147,0.5809800920721077,1.0,0.5866876694156843,0.5857182041280007,0.6008969167654907,0.5898372403797632,0.5929283271402239,0.5832390749337626,0.5935527157080012,0.5972324230947027
0,4,0.338580002136837,0.8926,5000,2.1649947784565113,0.2965186074429772,833,2.16548021532857,0.3028,0.7906140640715349,0.08316485421588456,,,0.8683547862284342,,0.8683700617438883,0.1316299382561117,0,0.3960665030880381,5,0.1,0.5,0.5823517114413429,0.5912970867172179,0.5931188179974899,0.5866876694156843,1.0,0.5855646411695965,0.6075604332026855,0.5945510355263093,0.6017623417089791,0.5955849976127509,0.5913486830182025,0.5862153150376442
0,5,0.326925536439677,0.89688,5000,2.163508909719962,0.29891956782713086,833,2.165475356312225,0.3034,0.7876897056064871,0.08285724035411207,,,0.8351766523655879,,0.8351990361929622,0.1648009638070378,0,0.3960219580506359,5,0.1,0.5,0.577402529837629,0.6014282534099298,0.6006702972697094,0.5857182041280007,0.5855646411695965,1.0,0.5881891021491136,0.5963887468709548,0.5885797802530027,0.5875100843806372,0.585932480365789,0.590857939202337
0,6,0.34397679510152646,0.8926,5000,2.1680059256377042,0.31452581032412963,833,2.165485081200402,0.3025,0.79957318884443,0.08410726637309142,,,0.9699999998921436,,0.9700015059484965,0.029998494051503455,0,0.39610743144170396,5,0.1,0.5,0.5980424632845794,0.6009841295237208,0.6030460560796436,0.6008969167654907,0.6075604332026855,0.5881891021491136,1.0,0.6030544392307987,0.5927479782915599,0.5980908899944677,0.6060627992279524,0.6025382400454364
0,7,0.3428321275385512,0.89268,5000,2.168968015246921,0.28331332533013204,833,2.165481816465481,0.3024,0.796939890692811,0.08383026920489213,,,0.9401240733874318,,0.9401435670900056,0.05985643290999443,0,0.3961045096250571,5,0.1,0.5,0.5860407872996519,0.6108989646544178,0.6059067776686008,0.5898372403797632,0.5945510355263093,0.5963887468709548,0.6030544392307987,1.0,0.600250150392651,0.5891828001619416,0.6053903250926755,0.5946784997574687
0,8,0.3353343140642354,0.89348,5000,2.1651640468173556,0.304921968787515,833,2.1654860691521494,0.3026,0.7920083344929699,0.08331151780511925,,,0.8841733978098367,,0.8841825209577833,0.11581747904221673,0,0.3960803748669337,5,0.1,0.5,0.580747160350273,0.6014603888389105,0.5964585270792382,0.5929283271402239,0.6017623417089791,0.5885797802530027,0.5927479782915599,0.600250150392651,1.0,0.5871038527858043,0.6042281358056493,0.5830308456123642
0,9,0.3484504289664091,0.89096,5000,2.1604520170776933,0.2929171668667467,833,2.1654796767920352,0.3028,0.7904410332885647,0.08314665307262831,,,0.8663916758408428,,0.8664073088700367,0.1335926911299633,0,0.3960644769613506,5,0.1,0.5,0.5917655532124767,0.6066585353300749,0.5971541285191296,0.5832390749337626,0.5955849976127509,0.5875100843806372,0.5980908899944677,0.5891828001619416,0.5871038527858043,1.0,0.5976419715320933,0.5804659130693518
0,10,0.3304939370210858,0.89584,5000,2.1667434109581842,0.290516206482593,833,2.1654790255208365,0.3022,0.7959139240126359,0.083722347561116,,,0.928484029849501,,0.9284975653832639,0.07150243461673611,0,0.3961020105186877,5,0.1,0.5,0.5939091784352585,0.6019829626072944,0.595413646049351,0.5935527157080012,0.5913486830182025,0.585932480365789,0.6060627992279524,0.6053903250926755,0.6042281358056493,0.5976419715320933,1.0,0.5909634275044274
0,11,0.35846727998440814,0.88912,5000,2.161942897019563,0.3097238895558223,833,2.16547923575575,0.3033,0.7892076120782135,0.08301690924462532,,,0.8523979693525929,,0.8524120275086592,0.1475879724913408,0,0.396047918446104,5,0.1,0.5,0.5859677752996452,0.5970078630674127,0.5937139322442953,0.5972324230947027,0.5862153150376442,0.590857939202337,0.6025382400454364,0.5946784997574687,0.5830308456123642,0.5804659130693518,0.5909634275044274,1.0
1,0,0.30442303056075315,0.90648,5000,2.001204503907098,0.670263788968825,834,2.002397486196158,0.6775,0.8130481291793735,0.08285978736275636,,,0.8,,0.8,0.19999999999999996,0.9580501904438216,0.4055252651372423,5,0.1,0.5,1.0,0.6276008782225008,0.6189103245452678,0.6255374759839339,0.6307411295751695,0.6280944062442433,0.6420923483069791,0.621992774163363,0.6356197317116106,0.6188293705642579,0.6364657392741178,0.6342453584802811
1,1,0.3016499128880774,0.9084,5000,1.9894159679059629,0.7038369304556354,834,2.002216008143684,0.6767,0.8147346844002777,0.0838569170515985,,,0.9445933551358111,,0.9446061944681492,0.055393805531850804,0.9585534179497052,0.40570595278444016,5,0.1,0.5,0.6276008782225008,1.0,0.6308152567347676,0.6288116766183189,0.6359909740885227,0.6371335238472428,0.6293149359059138,0.6268783578357583,0.6272735034965192,0.6213770941124194,0.6363443042830362,0.6287928295174138
1,2,0.3068521615983859,0.9054,5000,1.998340332949603,0.684652278177458,834,2.00224253316276,0.6768,0.8073958672272954,0.08333736689034359,,,0.8692536056349887,,0.8692635911851815,0.13073640881481852,0.958406575749783,0.405664340738046,5,0.1,0.5,0.6189103245452678,0.6308152567347676,1.0,0.6188290977148396,0.6327915820666478,0.6266464778373564,0.6294452877915594,0.6190997859269451,0.625051964190177,0.6114505461856472,0.6335945095207397,0.6137759403897421
1,3,0.3063885254346451,0.9054,5000,1.991783451150965,0.6750599520383693,834,2.0023455722644306,0.6776,0.8084874497871154,0.08288579805767031,,,0.8037717998863213,,0.803784950554691,0.196215049445309,0.9581295413759139,0.40553719016508705,5,0.1,0.5,0.6255374759839339,0.6288116766183189,0.6188290977148396,1.0,0.6261562065437598,0.6287721852105268,0.6238593182320322,0.621081670740192,0.6312919150881068,0.6218972996729762,0.6273506638007305,0.621037971546233
1,4,0.30351019539650836,0.90652,5000,2.000727163420783,0.6758703481392557,833,2.0022556983624784,0.6773,0.8143446396671797,0.08332392459978501,,,0.8673043447571661,,0.8673209176246173,0.13267908237538273,0.9583774970416759,0.4056621290889932,5,0.1,0.5,0.6307411295751695,0.6359909740885227,0.6327915820666478,0.6261562065437598,1.0,0.6421875162173397,0.6318672631935962,0.6226393354637243,0.6249477244810598,0.6213637574154282,0.6334303651171115,0.627899644867801
1,5,0.2837003833667678,0.91308,5000,1.996327731344435,0.687875150060024,833,2.002260728385121,0.6778,0.8160415800593797,0.08317959054447097,,,0.8463745243418813,,0.8463882335224135,0.15361176647758645,0.9582658322829335,0.4056331862120847,5,0.1,0.5,0.6280944062442433,0.6371335238472428,0.6266464778373564,0.6287721852105268,0.6421875162173397,1.0,0.6356772722802572,0.6299080108480286,0.6328469144071636,0.6189198651108136,0.6377086276671291,0.6298685258959217
1,6,0.30175755095674067,0.90716,5000,2.005756696065267,0.6530612244897959,833,2.002214686177409,0.6769,0.8167903033560501,0.08403212371804292,,,0.9699999998549904,,0.9700015059484965,0.029998494051503455,0.9585581211133555,0.40570841668087,5,0.1,0.5,0.6420923483069791,0.6293149359059138,0.6294452877915594,0.6238593182320322,0.6318672631935962,0.6356772722802572,1.0,0.6294823734572266,0.6303742725232504,0.6278347768064059,0.6389265865398209,0.6308679169824146
1,7,0.30923430341040825,0.90648,5000,2.0089232524236045,0.6746698679471789,833,2.002239414678214,0.6767,0.8053810067849468,0.08345195661901737,,,0.8858702138038665,,0.8858842427588977,0.11411575724110234,0.9584632114126387,0.4056801370846259,5,0.1,0.5,0.621992774163363,0.6268783578357583,0.6190997859269451,0.621081670740192,0.6226393354637243,0.6299080108480286,0.6294823734572266,1.0,0.6141315655139024,0.6132885496022502,0.6205436549918524,0.6206279989621756
1,8,0.2965047149663898,0.9056,5000,2.000096144499602,0.687875150060024,833,2.0022598596426624,0.6772,0.8119105042920854,0.08333619008419138,,,0.8690829574717698,,0.8690979368505597,0.1309020631494403,0.9583885150796266,0.405664241398201,5,0.1,0.5,0.6356197317116106,0.6272735034965192,0.625051964190177,0.6312919150881068,0.6249477244810598,0.6328469144071636,0.6303742725232504,0.6141315655139024,1.0,0.6211738852228063,0.6296799034000669,0.6334762736060705
1,9,0.30605272828619096,0.90472,5000,1.9988526061729148,0.687875150060024,833,2.002350186387571,0.6776,0.8024928452981829,0.08289946727623172,,,0.8057539674980133,,0.805777822398474,0.19422217760152605,0.9581747112190867,0.40554312311128604,5,0.1,0.5,0.6188293705642579,0.6213770941124194,0.6114505461856472,0.6218972996729762,0.6213637574154282,0.6189198651108136,0.6278347768064059,0.6132885496022502,0.6211738852228063,1.0,0.6215565236330514,0.6170013390943193
1,10,0.28666019312159463,0.9112,5000,2.003576883563289,0.6518607442977191,833,2.002205289590854,0.6769,0.8163118950043081,0.08376097938381237,,,0.9306814744403219,,0.9307012700165654,0.06929872998343456,0.9585368206635237,0.4057030689681084,5,0.1,0.5,0.6364657392741178,0.6363443042830362,0.6335945095207397,0.6273506638007305,0.6334303651171115,0.6377086276671291,0.6389265865398209,0.6205436549918524,0.6296799034000669,0.6215565236330514,1.0,0.6311106077802059
1,11,0.32428852874239916,0.90356,5000,2.000266997902482,0.6746698679471789,833,2.0023194159181736,0.6774,0.8100280737551293,0.08307589841207942,,,0.8313381720083248,,0.8313538476984087,0.1686461523015913,0.9582715555643521,0.4056053009785473,5,0.1,0.5,0.6342453584802811,0.6287928295174138,0.6137759403897421,0.621037971546233,0.627899644867801,0.6298685258959217,0.6308679169824146,0.6206279989621756,0.6334762736060705,0.6170013390943193,0.6311106077802059,1.0
2,0,0.2791852539618778,0.91716,5000,1.7978915241029527,0.8645083932853717,834,1.799832738245638,0.8687,0.8127121374111469,0.08299068211060275,,,0.97,,0.9700015059484965,0.029998494051503455,0.9687843286194003,0.4067872332687916,5,0.1,0.5,1.0,0.6308294356898858,0.6338634440056525,0.6291541580672662,0.6279253408017992,0.6278133584282928,0.6348618789211229,0.6326075248429671,0.6262359666699777,0.6326426880487525,0.6308304763729788,0.6297193380798753
2,1,0.27029887993529345,0.91852,5000,1.7795490865354184,0.8920863309352518,834,1.7995727184100654,0.8686,0.8130937696101826,0.08366262873199272,,,0.97,,0.9700015059484965,0.029998494051503455,0.9692237788594914,0.4067872332687916,5,0.1,0.5,0.6308294356898858,1.0,0.6225957367904242,0.6323892587741603,0.6260178431458587,0.634465885694667,0.632150196610385,0.6309957439927969,0.6325366662595271,0.6338391334973377,0.6346226420719083,0.625377705772167
2,2,0.27185282964010243,0.91708,5000,1.7948200437757704,0.8633093525179856,834,1.7996131459744975,0.8685,0.8134471801563897,0.08333171422642048,,,0.97,,0.9700015059484965,0.029998494051503455,0.9691152080673825,0.4067872332687916,5,0.1,0.5,0.6338634440056525,0.6225957367904242,1.0,0.6368603336014914,0.6269376465687225,0.6279021042396964,0.637429688367418,0.6348812861616805,0.6319524272859219,0.6273054076606005,0.6398369545241072,0.6219666595292769
2,3,0.2815758581077502,0.91352,5000,1.7883862389458551,0.8729016786570744,834,1.7997773634359098,0.8686,0.8150094505362326,0.08308773497035984,,,0.97,,0.9700015059484965,0.029998494051503455,0.9688077183534852,0.4067872332687916,5,0.1,0.5,0.6291541580672662,0.6323892587741603,0.6368603336014914,1.0,0.6310801938071228,0.6347475530051744,0.6339069521202708,0.6359447818922979,0.6313029319246345,0.6235410643258537,0.6379617609747431,0.6318361649476057
2,4,0.2705037664076325,0.91928,5000,1.7965076102150812,0.8619447779111644,833,1.7996479802238294,0.8685,0.8090376117116757,0.08316952679254903,,,0.97,,0.9700015059484965,0.029998494051503455,0.9691082115958469,0.4067872332687916,5,0.1,0.5,0.6279253408017992,0.6260178431458587,0.6269376465687225,0.6310801938071228,1.0,0.6373007715715048,0.6241600109226897,0.6218848409590703,0.6247788536124913,0.6269354629398622,0.6296618894101325,0.6219701795159671
2,5,0.26096038484803524,0.92012,5000,1.7886909908718533,0.8739495798319328,833,1.7996557151166777,0.8686,0.8160661874150489,0.08331854642895564,,,0.97,,0.9700015059484965,0.029998494051503455,0.9690185269145324,0.4067872332687916,5,0.1,0.5,0.6278133584282928,0.634465885694667,0.6279021042396964,0.6347475530051744,0.6373007715715048,1.0,0.6373805814367787,0.6379699116081987,0.6367182778364768,0.6309628451895611,0.6354738924675387,0.6270038172478183
2,6,0.2740984316826294,0.91712,5000,1.803721167423107,0.858343337334934,833,1.7995681968359902,0.8686,0.8175781683006852,0.08393427520670162,,,0.97,,0.9700015059484965,0.029998494051503455,0.969225958735177,0.4067872332687916,5,0.1,0.5,0.6348618789211229,0.632150196610385,0.637429688367418,0.6339069521202708,0.6241600109226897,0.6373805814367787,1.0,0.6363163030117505,0.6376103707703272,0.6357710387826724,0.6377178870076892,0.631563747797651
2,7,0.2735701705453692,0.91708,5000,1.8098684196118955,0.8715486194477791,833,1.7996057260531586,0.8685,0.8148201093811898,0.08345514200667893,,,0.97,,0.9700015059484965,0.029998494051503455,0.9691602818414204,0.4067872332687916,5,0.1,0.5,0.6326075248429671,0.6309957439927969,0.6348812861616805,0.6359447818922979,0.6218848409590703,0.6379699116081987,0.6363163030117505,1.0,0.6326919304634031,0.6331102161142355,0.6322935603653485,0.6257804940841397
2,8,0.26815481185082607,0.91832,5000,1.79563127623664,0.8751500600240096,833,1.7996461958930896,0.8686,0.8129728942970645,0.08331444732593876,,,0.97,,0.9700015059484965,0.029998494051503455,0.9691150783120336,0.4067872332687916,5,0.1,0.5,0.6262359666699777,0.6325366662595271,0.6319524272859219,0.6313029319246345,0.6247788536124913,0.6367182778364768,0.6376103707703272,0.6326919304634031,1.0,0.6292805382539332,0.6255568270132634,0.6282265632947989
2,9,0.27193206391493036,0.9182,5000,1.7976424958970811,0.8571428571428571,833,1.799781665253563,0.8685,0.8129336590972578,0.08302459530847542,,,0.97,,0.9700015059484965,0.029998494051503455,0.9688143993320482,0.4067872332687916,5,0.1,0.5,0.6326426880487525,0.6338391334973377,0.6273054076606005,0.6235410643258537,0.6269354629398622,0.6309628451895611,0.6357710387826724,0.6331102161142355,0.6292805382539332,1.0,0.6400351390841682,0.6249343430747685
2,10,0.2574368661578009,0.92052,5000,1.8002819661740903,0.8679471788715486,833,1.7995563768350278,0.8686,0.8166156008086806,0.08372169853301487,,,0.97,,0.9700015059484965,0.029998494051503455,0.9692260235806697,0.4067872332687916,5,0.1,0.5,0.6308304763729788,0.6346226420719083,0.6398369545241072,0.6379617609747431,0.6296618894101325,0.6354738924675387,0.6377178870076892,0.6322935603653485,0.6255568270132634,0.6400351390841682,1.0,0.6266524486943169
2,11,0.2915359465417209,0.91256,5000,1.7994669190159551,0.8619447779111644,833,1.7997271397624153,0.8685,0.8085578855968228,0.08298900835831002,,,0.97,,0.9700015059484965,0.029998494051503455,0.968951409819562,0.4067872332687916,5,0.1,0.5,0.6297193380798753,0.625377705772167,0.6219666595292769,0.6318361649476057,0.6219701795159671,0.6270038172478183,0.631563747797651,0.6257804940841397,0.6282265632947989,0.6249343430747685,0.6266524486943169,1.0
3,0,0.2517690229211833,0.92444,5000,1.565697815683153,0.9100719424460432,834,1.5694283898265218,0.9146,0.8069238862022565,0.08314156669177411,,,0.97,,0.9700015059484965,0.029998494051503455,0.9707099600756618,0.40296025033949273,5,0.1,0.5,1.0,0.6192680760870363,0.6165809018727388,0.6123971785915883,0.6232559442954706,0.6244668574099852,0.619959688229519,0.6147838242602319,0.6163624220001125,0.6153761819234009,0.6250256508884696,0.6178395806347364
3,1,0.2462026339967492,0.92588,5000,1.5409840212927923,0.9364508393285371,834,1.5691016226911698,0.9142,0.8072603180692864,0.08359859453266072,,,0.97,,0.9700015059484965,0.029998494051503455,0.9707099600756618,0.40296025033949273,5,0.1,0.5,0.6192680760870363,1.0,0.6198116396978185,0.6108360169319916,0.6113668283490946,0.6244363223427356,0.6302706734099374,0.6205100846123239,0.6152048548027821,0.6171575047085097,0.6265806455323844,0.6099130378571771
3,2,0.24884491169018447,0.92396,5000,1.5634755514286183,0.9124700239808153,834,1.5691548669681001,0.9142,0.8068370049642692,0.08336453562918726,,,0.97,,0.9700015059484965,0.029998494051503455,0.9707099600756618,0.40296025033949273,5,0.1,0.5,0.6165809018727388,0.6198116396978185,1.0,0.6149045687409233,0.6175299494620742,0.6164652810097488,0.6315956966486322,0.6228639324104698,0.6141761290799425,0.6180611294880478,0.6225102942081413,0.6082860165366809
3,3,0.2545422667293412,0.92368,5000,1.5570996381618358,0.9292565947242206,834,1.5693746778530815,0.9146,0.8007792434356348,0.08299156677986975,,,0.97,,0.9700015059484965,0.029998494051503455,0.9707099600756618,0.40296025033949273,5,0.1,0.5,0.6123971785915883,0.6108360169319916,0.6149045687409233,1.0,0.6146959586653366,0.6159593839628748,0.6155061230613438,0.617558425110957,0.6116672142498734,0.6060415206980038,0.620736221299427,0.6051118487046345
3,4,0.25105644042609604,0.92416,5000,1.5646296695426658,0.9111644657863145,833,1.5692102116898607,0.9143,0.8013752701862478,0.08306655809141007,,,0.97,,0.9700015059484965,0.029998494051503455,0.9707099600756618,0.40296025033949273,5,0.1,0.5,0.6232559442954706,0.6113668283490946,0.6175299494620742,0.6146959586653366,1.0,0.6186468698565291,0.6142774525572892,0.6155288690237485,0.6111071839272144,0.6046720015319851,0.6208643544861921,0.5988784300709976
3,5,0.22949542950106203,0.92916,5000,1.5528520698900576,0.9231692677070829,833,1.5692216561625179,0.9144,0.8108859536982498,0.08349703078351815,,,0.97,,0.9700015059484965,0.029998494051503455,0.9707099600756618,0.40296025033949273,5,0.1,0.5,0.6244668574099852,0.6244363223427356,0.6164652810097488,0.6159593839628748,0.6186468698565291,1.0,0.6209888464518272,0.6224072267693567,0.6234669634090136,0.6190113658284513,0.6350309180909353,0.6212210520625931
3,6,0.24640836283612025,0.9244,5000,1.5744638884509052,0.8955582232893158,833,1.569093936167586,0.9143,0.8101341290191666,0.08387884673400635,,,0.97,,0.9700015059484965,0.029998494051503455,0.9707099600756618,0.40296025033949273,5,0.1,0.5,0.619959688229519,0.6302706734099374,0.6315956966486322,0.6155061230613438,0.6142774525572892,0.6209888464518272,1.0,0.6188454506953648,0.6239153664552085,0.6230310874214795,0.6215736041541764,0.6120595751843642
3,7,0.2509060986197678,0.92532,5000,1.5830378223348547,0.9207683073229291,833,1.5691437519396456,0.9141,0.8065977156407256,0.08343798416357126,,,0.97,,0.9700015059484965,0.029998494051503455,0.9707099600756618,0.40296025033949273,5,0.1,0.5,0.6147838242602319,0.6205100846123239,0.6228639324104698,0.617558425110957,0.6155288690237485,0.6224072267693567,0.6188454506953648,1.0,0.6175877988290988,0.6196586377535043,0.6157310149935732,0.6145885410519255
3,8,0.24197496109327693,0.92708,5000,1.5638056287059077,0.9195678271308524,833,1.5692010782778072,0.9145,0.8050467554890314,0.08329065173819658,,,0.97,,0.9700015059484965,0.029998494051503455,0.9707099600756618,0.40296025033949273,5,0.1,0.5,0.6163624220001125,0.6152048548027821,0.6141761290799425,0.6116672142498734,0.6111071839272144,0.6234669634090136,0.6239153664552085,0.6175877988290988,1.0,0.6146799806719792,0.6189508503972138,0.6185389988558471
3,9,0.24820273297417694,0.92364,5000,1.569189120222021,0.8991596638655462,833,1.569379697973355,0.9146,0.8031058022392612,0.08303087156858906,,,0.97,,0.9700015059484965,0.029998494051503455,0.9707099600756618,0.40296025033949273,5,0.1,0.5,0.6153761819234009,0.6171575047085097,0.6180611294880478,0.6060415206980038,0.6046720015319851,0.6190113658284513,0.6230310874214795,0.6196586377535043,0.6146799806719792,1.0,0.6215892117520595,0.6088576236370538
3,10,0.23535582251063766,0.92864,5000,1.568681248912105,0.9159663865546218,833,1.5690812855102003,0.9142,0.8120241817253789,0.08380389613541031,,,0.97,,0.9700015059484965,0.029998494051503455,0.9707099600756618,0.40296025033949273,5,0.1,0.5,0.6250256508884696,0.6265806455323844,0.6225102942081413,0.620736221299427,0.6208643544861921,0.6350309180909353,0.6215736041541764,0.6157310149935732,0.6189508503972138,0.6215892117520595,1.0,0.6227834418535434
3,11,0.26675977761246217,0.92212,5000,1.570973100485625,0.8979591836734694,833,1.569302591652916,0.9144,0.7999694528053883,0.08289789715180622,,,0.97,,0.9700015059484965,0.029998494051503455,0.9707099600756618,0.40296025033949273,5,0.1,0.5,0.6178395806347364,0.6099130378571771,0.6082860165366809,0.6051118487046345,0.5988784300709976,0.6212210520625931,0.6120595751843642,0.6145885410519255,0.6185389988558471,0.6088576236370538,0.6227834418535434,1.0
4,0,0.22805920106293573,0.9322,5000,1.315754771232605,0.9292565947242206,834,1.3220290532127357,0.9338,0.7938586851748544,0.08317960771261919,,,0.8743484370692219,,0.874353697103559,0.12564630289644096,0.9707048519868181,0.3972545671506955,5,0.1,0.5,1.0,0.6020854043743312,0.5949462031394811,0.5937357089780654,0.5986416118482004,0.6020725537532304,0.6053704502000502,0.5871892684579968,0.601390474008085,0.5974889571055587,0.597390313633068,0.5902489446460115
4,1,0.22784806772663146,0.93244,5000,1.2853629191716511,0.9532374100719424,834,1.3215977300089388,0.9335,0.8001056853005648,0.08370283931232776,,,0.946591446125614,,0.9466091059685758,0.05339089403142416,0.9708256369652891,0.39730358118462494,5,0.1,0.5,0.6020854043743312,1.0,0.5978385336838727,0.5979445982741372,0.6030177401547328,0.6122588814777654,0.6043205343340883,0.6021806366810418,0.603241182351786,0.6007220046822587,0.608019853323246,0.5962982300526796
4,2,0.22780634666122734,0.9306,5000,1.3157161165166784,0.9292565947242206,834,1.3217062306480285,0.9335,0.7940036610780853,0.0833331507947412,,,0.8955482542791627,,0.8955624717634657,0.1044375282365343,0.9707615923864856,0.39727861383960966,5,0.1,0.5,0.5949462031394811,0.5978385336838727,1.0,0.596264099639985,0.6038185082504274,0.5973871416135742,0.6119802196340316,0.5911399983200136,0.5975301235790315,0.5880401367967723,0.6045726562686268,0.5872498090223347
4,3,0.23739720549386967,0.92972,5000,1.3089980416827731,0.9400479616306955,834,1.3220009281993292,0.9337,0.7944769525740659,0.08310139801656506,,,0.8635499612442088,,0.8635610662115356,0.1364389337884644,0.9706681150505131,0.39723859719313326,5,0.1,0.5,0.5937357089780654,0.5979445982741372,0.596264099639985,1.0,0.5982478446852468,0.60359376108802,0.6083848756004031,0.5944395651808849,0.6047938715569394,0.5926474547276663,0.5984701920969429,0.588613708234128
4,4,0.2281901460467203,0.93216,5000,1.315634837856999,0.9315726290516206,833,1.3217959160241075,0.9335,0.7945818710042702,0.08315500732181505,,,0.8709518412660555,,0.8709703328146178,0.12902966718538222,0.9706969622608269,0.3972497527531343,5,0.1,0.5,0.5986416118482004,0.6030177401547328,0.6038185082504274,0.5982478446852468,1.0,0.6072593460389358,0.5966067862180457,0.593132871336224,0.6053366850440898,0.5898275667934408,0.5994584210569387,0.5824432843794665
4,5,0.21673095849740087,0.93472,5000,1.2998801116590146,0.9519807923169268,833,1.321769253133585,0.9335,0.8000354822338303,0.08363275349343191,,,0.9369146405732778,,0.9369308769640078,0.06306912303599221,0.9708205753468805,0.3973011116504814,5,0.1,0.5,0.6020725537532304,0.6122588814777654,0.5973871416135742,0.60359376108802,0.6072593460389358,1.0,0.6022513310827641,0.6007094783505267,0.6047171641250235,0.5936002184992446,0.61404970786674,0.589790274613
4,6,0.22637457068843447,0.9332,5000,1.3285437976872478,0.9231692677070829,833,1.3215847716163904,0.9335,0.7996187607977164,0.08387237952359936,,,0.9699999998619292,,0.9700015059484965,0.029998494051503455,0.9708332107873539,0.3973066842579411,5,0.1,0.5,0.6053704502000502,0.6043205343340883,0.6119802196340316,0.6083848756004031,0.5966067862180457,0.6022513310827641,1.0,0.6014021216307324,0.6053385080111681,0.5958429238288897,0.601661838603619,0.5888196963582221
4,7,0.2302611816686335,0.93236,5000,1.3396346304151747,0.9315726290516206,833,1.3216763574856158,0.9335,0.7907612447030646,0.08326842747438948,,,0.8866118532266778,,0.8866271773505346,0.11337282264946535,0.9707474634697416,0.39726964005607074,5,0.1,0.5,0.5871892684579968,0.6021806366810418,0.5911399983200136,0.5944395651808849,0.593132871336224,0.6007094783505267,0.6014021216307324,1.0,0.5959300048228523,0.5931120392817899,0.5961266836423168,0.5841652622285924
4,8,0.2208296751805172,0.93276,5000,1.314700135478267,0.9375750300120048,833,1.3217513488885313,0.9335,0.7973734548468798,0.08340204810134227,,,0.9050609609802007,,0.9050850860900557,0.09491491390994433,0.9707785287559093,0.3972862076672193,5,0.1,0.5,0.601390474008085,0.603241182351786,0.5975301235790315,0.6047938715569394,0.6053366850440898,0.6047171641250235,0.6053385080111681,0.5959300048228523,1.0,0.5944496740701414,0.601804145559769,0.5888324031375803
4,9,0.2310319429032125,0.92892,5000,1.324766249568374,0.9231692677070829,833,1.3220586906225917,0.9337,0.7891500042489593,0.08294088909989031,,,0.8413883656383159,,0.8414035439987952,0.15859645600120476,0.970585265376225,0.39719596976285043,5,0.1,0.5,0.5974889571055587,0.6007220046822587,0.5880401367967723,0.5926474547276663,0.5898275667934408,0.5936002184992446,0.5958429238288897,0.5931120392817899,0.5944496740701414,1.0,0.5970071336800644,0.5834663843453218
4,10,0.21619734436000704,0.93408,5000,1.3188869070123743,0.9351740696278511,833,1.3215792700886346,0.9335,0.7981320131887535,0.08377037193701035,,,0.9559157300932943,,0.955930927162291,0.044069072837709,0.9708250874877524,0.39730515388528653,5,0.1,0.5,0.597390313633068,0.608019853323246,0.6045726562686268,0.5984701920969429,0.5994584210569387,0.61404970786674,0.601661838603619,0.5961266836423168,0.601804145559769,0.5970071336800644,1.0,0.5895305663269466
4,11,0.24758499505437292,0.92768,5000,1.3256769533510562,0.9159663865546218,833,1.322035764352963,0.9335,0.7831227465885275,0.082641127212268,,,0.8,,0.8,0.19999999999999996,0.9702700886266613,0.39707045025865095,5,0.1,0.5,0.5902489446460115,0.5962982300526796,0.5872498090223347,0.588613708234128,0.5824432843794665,0.589790274613,0.5888196963582221,0.5841652622285924,0.5888324031375803,0.5834663843453218,0.5895305663269466,1.0
5,0,0.2190406117279818,0.93492,5000,1.0693260828653972,0.935251798561151,834,1.0783097816351503,0.9409,0.7761616713483676,0.08307426360633623,,,0.8723879979391014,,0.8724009838863511,0.12759901611364888,0.9684410944348483,0.39024709763415744,5,0.1,0.5,1.0,0.5669380954691846,0.5705123683761119,0.5679231520121971,0.5666657486280243,0.5750704773121172,0.5759163698550753,0.5660184883708539,0.5733230005034841,0.5745585230532496,0.5723245631746181,0.5618931585476062
5,1,0.2096901372804716,0.93696,5000,1.0345688307726826,0.9580335731414868,834,1.0777009754135205,0.9409,0.7801164143278977,0.0835641322762893,,,0.9415832439570513,,0.9416043371316701,0.05839566286832987,0.9686487840509994,0.39029559157484733,5,0.1,0.5,0.5669380954691846,1.0,0.5682179242961383,0.575629982765899,0.571886674359455,0.5736300190705089,0.5756219759106521,0.5720448791840242,0.5755724695726786,0.5799908195639315,0.5790597758042488,0.5669519570843903
5,2,0.2094310280801669,0.93604,5000,1.0717031602506284,0.9364508393285371,834,1.077870084264408,0.9408,0.7817831912980083,0.08337527586212844,,,0.9149067756677434,,0.9149189297726018,0.08508107022739819,0.9685720742189581,0.39028555201704546,5,0.1,0.5,0.5705123683761119,0.5682179242961383,1.0,0.5811071472410865,0.5789564936581587,0.5776453305533383,0.5822448947670797,0.5727255834398798,0.5781300533386401,0.5712578416884315,0.5758625130428132,0.5663618422641268
5,3,0.2182532193518843,0.93336,5000,1.0665410094790988,0.9496402877697842,834,1.0782572067202851,0.9409,0.7803156507727138,0.08316831612325089,,,0.8856731648536151,,0.8856884694543447,0.11431153054565535,0.9684465127613971,0.39026321353694904,5,0.1,0.5,0.5679231520121971,0.575629982765899,0.5811071472410865,1.0,0.5720838813961231,0.5779610778611792,0.5696438904002792,0.5743911008006523,0.576301633669884,0.5731575005802211,0.5750913002826199,0.5672002936433123
5,4,0.21470012582102968,0.93672,5000,1.0698913975998208,0.9399759903961584,833,1.0780692309998094,0.9409,0.7779291128289444,0.08312009257747037,,,0.8788614613934602,,0.8788715425932433,0.1211284574067567,0.9684562127975265,0.3902554179050939,5,0.1,0.5,0.5666657486280243,0.571886674359455,0.5789564936581587,0.5720838813961231,1.0,0.5808217182443097,0.5734657544061819,0.5664296351784248,0.5737246866990782,0.5685740657317893,0.5741921118610461,0.5609662587529438
5,5,0.19825612687903224,0.93968,5000,1.051859270643305,0.9567827130852341,833,1.0779015762737383,0.9409,0.7860900322718255,0.08372777222479752,,,0.9646978197401401,,0.9647055870689223,0.03529441293107771,0.9686634700358089,0.3902994007115057,5,0.1,0.5,0.5750704773121172,0.5736300190705089,0.5776453305533383,0.5779610778611792,0.5808217182443097,1.0,0.57832325928197,0.5831472143220714,0.5829669922282794,0.5791391797087418,0.5835015913391579,0.5696734624597597
5,6,0.20877576083905852,0.936,5000,1.0862242932672854,0.9315726290516206,833,1.0776876074056656,0.9409,0.7826019486410574,0.08376530907988551,,,0.9699999998587473,,0.9700015059484965,0.029998494051503455,0.968679764791021,0.3902998129443413,5,0.1,0.5,0.5759163698550753,0.5756219759106521,0.5822448947670797,0.5696438904002792,0.5734657544061819,0.57832325928197,1.0,0.5758901762745074,0.580215613944398,0.5749446510150901,0.5723455965956186,0.5693686763898732
5,7,0.21819850303778413,0.93472,5000,1.0993698173099093,0.943577430972389,833,1.0778690184267183,0.9409,0.7794610489478494,0.08325006433055863,,,0.8972203154740617,,0.8972340745946489,0.10276592540535112,0.9685278149518461,0.3902737839587215,5,0.1,0.5,0.5660184883708539,0.5720448791840242,0.5727255834398798,0.5743911008006523,0.5664296351784248,0.5831472143220714,0.5758901762745074,1.0,0.5768927051442887,0.5767180600211873,0.5749616550427715,0.5623309101887565
5,8,0.2010119582693594,0.93888,5000,1.0699950368316085,0.9459783913565426,833,1.0778740075068733,0.9409,0.7844144335144183,0.08351417951905975,,,0.9345272848035404,,0.934541438682797,0.06545856131720296,0.9686036393583228,0.3902936686693953,5,0.1,0.5,0.5733230005034841,0.5755724695726786,0.5781300533386401,0.576301633669884,0.5737246866990782,0.5829669922282794,0.580215613944398,0.5768927051442887,1.0,0.5783503326483929,0.5796076423533444,0.5722433561324818
5,9,0.212816003900745,0.93456,5000,1.0845678117540147,0.9339735894357744,833,1.0783474395831172,0.941,0.7822812303033315,0.08313009964430627,,,0.8802749860667054,,0.8802921540083329,0.11970784599166706,0.9683571951744804,0.3902571565916469,5,0.1,0.5,0.5745585230532496,0.5799908195639315,0.5712578416884315,0.5731575005802211,0.5685740657317893,0.5791391797087418,0.5749446510150901,0.5767180600211873,0.5783503326483929,1.0,0.5857899445129797,0.5671344994409436
5,10,0.1996780644787867,0.94,5000,1.073024074236552,0.936374549819928,833,1.077686935568008,0.9409,0.7840690253691786,0.08374870294947596,,,0.9676543399919817,,0.9676723056071482,0.03232769439285177,0.9686686505889601,0.3902996554975582,5,0.1,0.5,0.5723245631746181,0.5790597758042488,0.5758625130428132,0.5750913002826199,0.5741921118610461,0.5835015913391579,0.5723455965956186,0.5749616550427715,0.5796076423533444,0.5857899445129797,1.0,0.5695385488703514
5,11,0.23157768161955533,0.932,5000,1.0842623489874381,0.9243697478991597,833,1.0785002995984623,0.941,0.7718554727030867,0.08256179180644127,,,0.8,,0.8,0.19999999999999996,0.9678856219811972,0.39005765166755413,5,0.1,0.5,0.5618931585476062,0.5669519570843903,0.5663618422641268,0.5672002936433123,0.5609662587529438,0.5696734624597597,0.5693686763898732,0.5623309101887565,0.5722433561324818,0.5671344994409436,0.5695385488703514,1.0
6,0,0.19831863265176108,0.94312,5000,0.841580574159269,0.9424460431654677,834,0.8527179223279984,0.9467,0.7705740355663412,0.0832338312190154,,,0.898349594660488,,0.8983585161387481,0.10164148386125194,0.9667351875830514,0.38420530265197644,5,0.1,0.5,1.0,0.5603019551844558,0.550649564690871,0.551773186444535,0.5481725811480949,0.5572672819451373,0.5655700006233152,0.5528248369190516,0.5525591384083859,0.5601424833609717,0.5577173196552224,0.5502595213883394
6,1,0.1971569625684505,0.9402,5000,0.8045135615048585,0.9640287769784173,834,0.8521382324992658,0.9468,0.7731987156711932,0.08365663572389895,,,0.9515343054133062,,0.9515536368656192,0.04844636313438078,0.9668751099579244,0.38423467854932897,5,0.1,0.5,0.5603019551844558,1.0,0.5590397791266012,0.5512730767839201,0.5523419355031228,0.5659454085592551,0.5635973411942568,0.5556415149075571,0.5503071560017582,0.5605783642912364,0.5639000875191734,0.5458421747291057
6,2,0.19215271730794553,0.94156,5000,0.8473148434250443,0.9412470023980816,834,0.8522847342414978,0.9467,0.7677538554697512,0.08333655612525373,,,0.9112713927073202,,0.9112895938958887,0.0887104061041113,0.9668326406052083,0.3842168455581743,5,0.1,0.5,0.550649564690871,0.5590397791266012,1.0,0.5555084637044956,0.5555020115826275,0.5507968283583302,0.566764475940098,0.5505772605363339,0.5453940605452451,0.5496185996334272,0.5559192096679664,0.539791432067075
6,3,0.2023223310436128,0.9382,5000,0.8424713920663904,0.9520383693045563,834,0.8527047567474194,0.9466,0.7670742547040064,0.08317314054118216,,,0.8907152953361651,,0.8907333969178254,0.10926660308217462,0.9667669411198804,0.3841970298686633,5,0.1,0.5,0.551773186444535,0.5512730767839201,0.5555084637044956,1.0,0.5510334024825242,0.5578987004461149,0.5522545316976156,0.5554438113018424,0.5472850521664251,0.5527716399434035,0.5550371522605145,0.5442286082550005
6,4,0.2052205358513269,0.93736,5000,0.8417907666277002,0.9447779111644657,833,0.852577832750619,0.9468,0.761784472587509,0.08295323636933334,,,0.8630534808615566,,0.8630691230359921,0.13693087696400785,0.966667943452874,0.3841556361507014,5,0.1,0.5,0.5481725811480949,0.5523419355031228,0.5555020115826275,0.5510334024825242,1.0,0.5592559573596174,0.5506648922646056,0.5437421214936194,0.5410420659512425,0.543680630941107,0.5489102526950745,0.531521049517472
6,5,0.18202758277262188,0.945,5000,0.8246882017011996,0.9615846338535414,833,0.8523413104752001,0.9468,0.7742324028975679,0.08380343315296007,,,0.9699999998742097,,0.9700015059484965,0.029998494051503455,0.9668999038332047,0.38423668476733136,5,0.1,0.5,0.5572672819451373,0.5659454085592551,0.5507968283583302,0.5578987004461149,0.5592559573596174,1.0,0.5590043636675066,0.5635127129033901,0.5531130661750021,0.5607461533471152,0.5642512486592471,0.5457055983050352
6,6,0.1953462818649354,0.94,5000,0.8619019609910471,0.9375750300120048,833,0.8521230279828031,0.9468,0.7732170904371394,0.08379272812226082,,,0.9686534107183151,,0.9686662316148787,0.03133376838512125,0.9669010772799564,0.3842366135481578,5,0.1,0.5,0.5655700006233152,0.5635973411942568,0.566764475940098,0.5522545316976156,0.5506648922646056,0.5590043636675066,1.0,0.5599004808302365,0.5526696536368068,0.5558245357505223,0.5533811327173418,0.5483595924762266
6,7,0.1987227253423808,0.93952,5000,0.8757922737686722,0.9507803121248499,833,0.8522864187868259,0.9467,0.7699619928738535,0.08333050111087376,,,0.9105097305568854,,0.9105315998192862,0.08946840018071378,0.9668070221124042,0.3842163809459454,5,0.1,0.5,0.5528248369190516,0.5556415149075571,0.5505772605363339,0.5554438113018424,0.5437421214936194,0.5635127129033901,0.5599004808302365,1.0,0.5541500523633575,0.5620092462744799,0.555201499042029,0.5476450630962549
6,8,0.19051144094485195,0.94164,5000,0.843229560940354,0.9519807923169268,833,0.8522928372358742,0.9469,0.7644520836282488,0.08331307750280767,,,0.9083180094551425,,0.9083329150143065,0.09166708498569354,0.9668441800023646,0.38421447829789634,5,0.1,0.5,0.5525591384083859,0.5503071560017582,0.5453940605452451,0.5472850521664251,0.5410420659512425,0.5531130661750021,0.5526696536368068,0.5541500523633575,1.0,0.5512664752260169,0.5526947909649605,0.5480132185108704
6,9,0.2003797644547596,0.9378,5000,0.8635501696003808,0.9351740696278511,833,0.852762130883555,0.9466,0.7693198841328753,0.08322698301496649,,,0.897488156933807,,0.897500125495708,0.10249987450429199,0.9667686041852014,0.38420432328195986,5,0.1,0.5,0.5601424833609717,0.5605783642912364,0.5496185996334272,0.5527716399434035,0.543680630941107,0.5607461533471152,0.5558245357505223,0.5620092462744799,0.5512664752260169,1.0,0.5553669150905851,0.5433567922680977
6,10,0.18669667417186483,0.943,5000,0.8450336787435744,0.9459783913565426,833,0.8521237196251988,0.9468,0.7717030416316408,0.08372789938766498,,,0.9604985839411007,,0.9605140304201596,0.03948596957984041,0.9668990417351031,0.38423589251573176,5,0.1,0.5,0.5577173196552224,0.5639000875191734,0.5559192096679664,0.5550371522605145,0.5489102526950745,0.5642512486592471,0.5533811327173418,0.555201499042029,0.5526947909649605,0.5553669150905851,1.0,0.5517199034878004
6,11,0.21364826411008836,0.93644,5000,0.8606659372647604,0.9303721488595438,833,0.8531248988434911,0.9465,0.7582459076500322,0.08245197772978265,,,0.8,,0.8,0.19999999999999996,0.9659865853452133,0.38396970341578845,5,0.1,0.5,0.5502595213883394,0.5458421747291057,0.539791432067075,0.5442286082550005,0.531521049517472,0.5457055983050352,0.5483595924762266,0.5476450630962549,0.5480132185108704,0.5433567922680977,0.5517199034878004,1.0
7,0,0.18797161041397104,0.94596,5000,0.6450656354427338,0.947242206235012,834,0.6574487351000119,0.9522,0.7604878856090377,0.08355567219445477,,,0.9408026554935716,,0.9408212439134581,0.059178756086541884,0.9653695176851875,0.3761861736328692,5,0.1,0.5,1.0,0.5233882536164657,0.53356871939586,0.5291063325153195,0.5275932362826969,0.539557151390655,0.5430417346862318,0.5339679695723669,0.535239486146015,0.5312886970535984,0.5392651218263,0.5305177255772305
