round,client_id,client_i_training_loss,client_i_training_accuracy,client_i_training_dataset_size,client_i_evaluation_loss,client_i_evaluation_accuracy,client_i_evaluation_dataset_size,client_i_central_evaluation_loss,client_i_central_evaluation_accuracy,client_i_cosine_similarity,client_i_importance_coefficient,client_i_tanh_val,tanh_normalization_value,client_i_q,client_i_mask_order,client_i_v_nonzero_fraction,client_i_v_sparsity,client_i_v_cosine_similarity,client_i_reward_gradient_norm,local_epochs,learning_rate,gamma,client_0_cosine_similarity,client_1_cosine_similarity,client_2_cosine_similarity,client_3_cosine_similarity,client_4_cosine_similarity,client_5_cosine_similarity,client_6_cosine_similarity,client_7_cosine_similarity,client_8_cosine_similarity,client_9_cosine_similarity,client_10_cosine_similarity,client_11_cosine_similarity
0,0,0.33855013078683693,0.89368,5000,2.213452109584102,0.290167865707434,834,2.210749137134979,0.2963,0.7961957472977729,0.08401308538614731,,,0.8784717318653528,,0.8784799959841374,0.1215200040158626,0,0.3948424594607762,5,0.1,0.5,1.0,0.5934319707690974,0.5914622442213231,0.5949751314175957,0.5977244307222315,0.5739519202701318,0.6091712004324562,0.5940048536774988,0.6036140462215955,0.6053252694843478,0.58857537929112,0.593346067712239
0,1,0.34354898502492603,0.89136,5000,2.2053841220008,0.3225419664268585,834,2.2112949351533153,0.2938,0.7846654546600828,0.08279643048289619,,,0.6904501049283234,,0.6904673460167662,0.3095326539832338,0,0.3941230419127609,5,0.1,0.5,0.5934319707690974,1.0,0.5817156404928736,0.5690704626874857,0.5971481381920862,0.5734314842035868,0.6004284518603618,0.5790509394587602,0.6022332657679444,0.5911886939265963,0.5733947812946588,0.5752155905181435
0,2,0.3580080974408111,0.88804,5000,2.2163699291370533,0.29376498800959233,834,2.211289057716394,0.2933,0.7842363749976395,0.08275115479982373,,,0.6834532091206289,,0.6834646855077556,0.31653531449224437,0,0.3940589123235191,5,0.1,0.5,0.5914622442213231,0.5817156404928736,1.0,0.5705373812258082,0.5842714815406689,0.5728538930598677,0.5984361414484263,0.589126877947573,0.5946150989542257,0.5986881980610794,0.5752249312701136,0.5753111236119941
0,3,0.3522471169140309,0.88876,5000,2.215127300333094,0.29256594724220625,834,2.211483485401629,0.2935,0.7828013344644817,0.08259973200806184,,,0.6600523584880142,,0.6600773053561568,0.33992269464384317,0,0.3938180823405989,5,0.1,0.5,0.5949751314175957,0.5690704626874857,0.5705373812258082,1.0,0.5841908898548741,0.5713736690521871,0.601120035109283,0.5904015675130669,0.5906458978290597,0.5894064045102092,0.5742037933178485,0.5827178399201409
0,4,0.3406350643890109,0.8912,5000,2.210282882054647,0.3037214885954382,833,2.21074401380155,0.2963,0.795324214733606,0.08392112290081798,,,0.8642598661484684,,0.8642688620049195,0.13573113799508052,0,0.39482850866934494,5,0.1,0.5,0.5977244307222315,0.5971481381920862,0.5842714815406689,0.5841908898548741,1.0,0.5991743401782551,0.5993153710692635,0.5976609566842587,0.5997578083969934,0.6052737344455338,0.5839644444349004,0.5888413664696084
0,5,0.33408617831345433,0.89552,5000,2.2147095556612366,0.2725090036014406,833,2.2119363839633928,0.292,0.779118666261732,0.08221114375044238,,,0.6,,0.6,0.4,0,0.39293773612328564,5,0.1,0.5,0.5739519202701318,0.5734314842035868,0.5728538930598677,0.5713736690521871,0.5991743401782551,1.0,0.5920680666766791,0.5841383905254716,0.5879932926761713,0.5825723986152808,0.5807644490650727,0.5654203518378685
0,6,0.3299593503391192,0.89704,5000,2.2102161248524985,0.3037214885954382,833,2.2107339613734722,0.2966,0.8018086532789822,0.08460534872222288,,,0.9699999998454601,,0.9700015059484965,0.029998494051503455,0,0.3948762679599169,5,0.1,0.5,0.6091712004324562,0.6004284518603618,0.5984361414484263,0.601120035109283,0.5993153710692635,0.5920680666766791,1.0,0.6054111137793036,0.603266334116785,0.610340020174441,0.5961938000943126,0.5830257357090524
0,7,0.349873860424776,0.8878,5000,2.2144195591961897,0.3037214885954382,833,2.2107609476144323,0.2958,0.793258208465774,0.08370312178541792,,,0.8305700135188718,,0.8305908337934843,0.1694091662065157,0,0.3947806950560842,5,0.1,0.5,0.5940048536774988,0.5790509394587602,0.589126877947573,0.5904015675130669,0.5976609566842587,0.5841383905254716,0.6054111137793036,1.0,0.5964318537499288,0.5939577357541341,0.6036404895916254,0.583918545267884
0,8,0.34657145359072905,0.89232,5000,2.2107686908156783,0.29531812725090034,833,2.210758622081135,0.2966,0.7978983569202128,0.08419274156752582,,,0.9062357653820197,,0.9062547060890518,0.09374529391094821,0,0.394861282179648,5,0.1,0.5,0.6036140462215955,0.6022332657679444,0.5946150989542257,0.5906458978290597,0.5997578083969934,0.5879932926761713,0.603266334116785,0.5964318537499288,1.0,0.6078029404919386,0.584047552671039,0.5913101292722751
0,9,0.3489533448751992,0.8922,5000,2.211600338971173,0.290516206482593,833,2.210755563010804,0.2964,0.7970689826660724,0.08410522754818239,,,0.8927113647875864,,0.8927262687616083,0.10727373123839168,0,0.39485336124685444,5,0.1,0.5,0.6053252694843478,0.5911886939265963,0.5986881980610794,0.5894064045102092,0.6052737344455338,0.5825723986152808,0.610340020174441,0.5939577357541341,0.6078029404919386,1.0,0.5787700664745329,0.5905327409199431
0,10,0.3437234403096899,0.89236,5000,2.2080837620629206,0.2857142857142857,833,2.2114821478200795,0.2935,0.7828164726858005,0.08260132936484822,,,0.660299213714564,,0.6603132372872847,0.33968676271271525,0,0.3938193227055821,5,0.1,0.5,0.58857537929112,0.5733947812946588,0.5752249312701136,0.5742037933178485,0.5839644444349004,0.5807644490650727,0.5961938000943126,0.6036404895916254,0.584047552671039,0.5787700664745329,1.0,0.5800068435284221
0,11,0.35427452363311107,0.88864,5000,2.2081148977632874,0.28811524609843936,833,2.211588268462842,0.2928,0.78185201584388,0.0824995616836134,,,0.6445720548100553,,0.6445810953265398,0.35541890467346016,0,0.3936312836355142,5,0.1,0.5,0.593346067712239,0.5752155905181435,0.5753111236119941,0.5827178399201409,0.5888413664696084,0.5654203518378685,0.5830257357090524,0.583918545267884,0.5913101292722751,0.5905327409199431,0.5800068435284221,1.0
1,0,0.29590649033783917,0.91004,5000,2.0580286273249873,0.7074340527577938,834,2.053778603815804,0.7002,0.8124645073598877,0.08377861589367255,,,0.8265473451101554,,0.8265649314793434,0.1734350685206566,0.9599589633374056,0.4061794656074269,5,0.1,0.5,1.0,0.6255580978619749,0.6273343677743433,0.6218100372424211,0.6314432358195161,0.6382178582428797,0.6352032276725157,0.6215857772871652,0.6370824669996648,0.6278960297189805,0.6272234455193098,0.6259934386648413
1,1,0.3051785178162205,0.90616,5000,2.046361790763007,0.7122302158273381,834,2.0560634475165664,0.6967,0.8062807756834786,0.08275951234700218,,,0.6231618071514606,,0.6231765473620802,0.37682345263791983,0.9567835751467243,0.40448105865943956,5,0.1,0.5,0.6255580978619749,1.0,0.6184646468846073,0.616553365931848,0.6264537060512926,0.6272266010723664,0.6358103060157185,0.6187179283595414,0.6335480493401128,0.6221065254955518,0.6147590244586818,0.6250711474058581
1,2,0.31848741367423705,0.90128,5000,2.0622820765883834,0.7158273381294964,834,2.0558417155719795,0.697,0.8101027265206142,0.08286252511382866,,,0.6437203726339075,,0.6437327443401436,0.3562672556598564,0.9573454075019928,0.404809473811416,5,0.1,0.5,0.6273343677743433,0.6184646468846073,1.0,0.6194949319734359,0.6271549957240561,0.6300977203749317,0.6393481320516842,0.6225691947687225,0.6285655541600089,0.6333945521087503,0.6254321258196426,0.6299527354191995
1,3,0.3113951239639976,0.90412,5000,2.0577444676999694,0.6918465227817746,834,2.056554515140887,0.6949,0.8072482733754296,0.08266317552172504,,,0.6039355792590739,,0.6039506048893127,0.39604939511068726,0.9561119393934615,0.4041181645880244,5,0.1,0.5,0.6218100372424211,0.616553365931848,0.6194949319734359,1.0,0.6303590439447943,0.6331505050707,0.633914129278958,0.6166750798569608,0.6264958515888521,0.6305624303644571,0.6205419141586477,0.6252262849502844
1,4,0.29179906328060445,0.90836,5000,2.0509196873064393,0.7154861944777912,833,2.053796384281244,0.7001,0.8136215698982203,0.08375808700362247,,,0.8224503332214497,,0.8224687515686964,0.17753124843130363,0.9599182153538172,0.40616915834811584,5,0.1,0.5,0.6314432358195161,0.6264537060512926,0.6271549957240561,0.6303590439447943,1.0,0.6288964678435383,0.6396830337380727,0.6284070169702214,0.6302604624543343,0.6313009560203048,0.6328922207459295,0.6241117552122852
1,5,0.2976914099542199,0.90832,5000,2.0625109054424144,0.6794717887154862,833,2.056907422245501,0.6947,0.817511668821709,0.08276335379565138,,,0.6239284565293469,,0.6239395612670047,0.37606043873299533,0.9557169429171155,0.4044919580561974,5,0.1,0.5,0.6382178582428797,0.6272266010723664,0.6300977203749317,0.6331505050707,0.6288964678435383,1.0,0.6483530687834952,0.6331331328605749,0.6395504850432626,0.6354886779565881,0.6320115750059271,0.6301446345753636
1,6,0.29759965844357467,0.90992,5000,2.0537958674960666,0.6842737094837935,833,2.053533122562372,0.7008,0.8218776137952977,0.08449741385070245,,,0.969999999800427,,0.9700015059484965,0.029998494051503455,0.9602270614750916,0.40630141888012716,5,0.1,0.5,0.6352032276725157,0.6358103060157185,0.6393481320516842,0.633914129278958,0.6396830337380727,0.6483530687834952,1.0,0.6314454372138226,0.639106461559859,0.6407000689669298,0.6351224070147937,0.6301209339653151
1,7,0.30342236258753924,0.90568,5000,2.058012935850355,0.709483793517407,833,2.0539728780143176,0.7002,0.8113052553762103,0.08353345650675008,,,0.7776201541904879,,0.7776316449977411,0.22236835500225893,0.9596230379786297,0.40601459504820986,5,0.1,0.5,0.6215857772871652,0.6187179283595414,0.6225691947687225,0.6166750798569608,0.6284070169702214,0.6331331328605749,0.6314454372138226,1.0,0.6387731096475797,0.6322178393830008,0.6394966379324786,0.6263720527791163
1,8,0.2991614580344243,0.9086,5000,2.0566003057691784,0.7022809123649459,833,2.0536371614224613,0.7003,0.8171340799610035,0.08405975601742893,,,0.8826553191220053,,0.8826715526329,0.11732844736710002,0.960139636100261,0.4062678864169471,5,0.1,0.5,0.6370824669996648,0.6335480493401128,0.6285655541600089,0.6264958515888521,0.6302604624543343,0.6395504850432626,0.639106461559859,0.6387731096475797,1.0,0.6371204509865253,0.6292703769369584,0.6242331782697793
1,9,0.30936293485841365,0.90632,5000,2.057617681997794,0.6890756302521008,833,2.0536919394240214,0.7003,0.8153131134310491,0.08393858661925703,,,0.8584731805043533,,0.8584809999498018,0.14151900005019824,0.9600779861572066,0.40623876105150286,5,0.1,0.5,0.6278960297189805,0.6221065254955518,0.6333945521087503,0.6305624303644571,0.6313009560203048,0.6354886779565881,0.6407000689669298,0.6322178393830008,0.6371204509865253,1.0,0.6241903123327486,0.6316964829983029
1,10,0.305736366558559,0.90872,5000,2.04992362746486,0.6782713085234093,833,2.056378694007191,0.6956,0.8094859777136377,0.08274206180849951,,,0.6196791510733501,,0.6196927865067015,0.38030721349329855,0.9565320125497003,0.40441940122045483,5,0.1,0.5,0.6272234455193098,0.6147590244586818,0.6254321258196426,0.6205419141586477,0.6328922207459295,0.6320115750059271,0.6351224070147937,0.6394966379324786,0.6292703769369584,0.6241903123327486,1.0,0.6154218105671618
1,11,0.3183468308204868,0.9016,5000,2.0503321488698325,0.6926770708283313,833,2.0567741116014915,0.6943,0.8085845412021927,0.08264345552185987,,,0.6,,0.6,0.4,0.9558548051506616,0.4040353627160504,5,0.1,0.5,0.6259934386648413,0.6250711474058581,0.6299527354191995,0.6252262849502844,0.6241117552122852,0.6301446345753636,0.6301209339653151,0.6263720527791163,0.6242331782697793,0.6316964829983029,0.6154218105671618,1.0
2,0,0.27086696767835483,0.91888,5000,1.8621527133164582,0.8717026378896883,834,1.8550928145551835,0.8666,0.808232541203037,0.0835263092619017,,,0.780831072953203,,0.7808493549520606,0.21915064504793935,0.9685191099118402,0.4052647692584796,5,0.1,0.5,1.0,0.6217182280264988,0.6227114956389228,0.6259472587284627,0.622955665665419,0.6239703458575763,0.6273401151024273,0.6212827251849212,0.6271233884958324,0.6197726925513604,0.6299627983685928,0.6224474929689239
2,1,0.2774040497459803,0.91648,5000,1.8461775338208233,0.8800959232613909,834,1.8608076816168837,0.8635,0.8074159891912875,0.08282401661705159,,,0.6,,0.6,0.4,0.9645895328997873,0.403065302782631,5,0.1,0.5,0.6217182280264988,1.0,0.6238077528894806,0.6323863501871129,0.6251812794148655,0.6185997370973005,0.623391290018712,0.6100195649216352,0.6347341768161717,0.6237738248369401,0.6241933263742375,0.6240737490249573
2,2,0.28312484434788016,0.91304,5000,1.8684545667083174,0.8597122302158273,834,1.859880255434079,0.8631,0.8087293320999002,0.08293784034498175,,,0.6293081053889397,,0.6293208172280508,0.3706791827719492,0.9654460241438174,0.4036701718193328,5,0.1,0.5,0.6227114956389228,0.6238077528894806,1.0,0.6233412935336742,0.628975843898371,0.6259752810293285,0.6242667376429332,0.6206117741691687,0.632981973842223,0.6310431812670694,0.620831451691757,0.6194672945007099
2,3,0.27779186891902025,0.91848,5000,1.857389798870793,0.8657074340527577,834,1.8603184546906346,0.8634,0.8154240321165019,0.08303901249122295,,,0.6553585957250282,,0.6553787460468852,0.3446212539531148,0.964610876589152,0.4041069274259706,5,0.1,0.5,0.6259472587284627,0.6323863501871129,0.6233412935336742,1.0,0.642015669828845,0.6249680530516785,0.6393908094189578,0.62064542139007,0.638462627534523,0.6316775897629352,0.6305901735329549,0.6305208127939846
2,4,0.2704211957029002,0.91532,5000,1.8503376377953424,0.8667466986794717,833,1.8549581598549987,0.8663,0.8134147476685762,0.0836930871190494,,,0.8237741666535365,,0.8237839465890266,0.17621605341097335,0.9687377925853327,0.40542559520899757,5,0.1,0.5,0.622955665665419,0.6251812794148655,0.628975843898371,0.642015669828845,1.0,0.6230444713781632,0.6327131492460671,0.6227781405385312,0.633526708824329,0.6252083508552825,0.6300621560216716,0.6293729135433066
2,5,0.27180294981760206,0.91772,5000,1.8710438013076782,0.8499399759903962,833,1.8614236588676136,0.8635,0.8093185244541331,0.08289276925162993,,,0.6177028946128491,,0.617719993976206,0.382280006023794,0.96492332685016,0.40344821280338583,5,0.1,0.5,0.6239703458575763,0.6185997370973005,0.6259752810293285,0.6249680530516785,0.6230444713781632,1.0,0.6355480793673695,0.6107196744385341,0.6345865309812438,0.6247643896651218,0.6289189350169737,0.6291347653052349
2,6,0.2600286863465455,0.9224,5000,1.8559523865028664,0.8667466986794717,833,1.8544333487653886,0.8666,0.8156853472689787,0.08426098358390112,,,0.9699999997425132,,0.9700015059484965,0.029998494051503455,0.9691071851615481,0.40557841617812923,5,0.1,0.5,0.6273401151024273,0.623391290018712,0.6242667376429332,0.6393908094189578,0.6327131492460671,0.6355480793673695,1.0,0.6280652670689632,0.6383058786529939,0.6274462649476772,0.6306299927706625,0.6274999626575586
2,7,0.271537220797199,0.91532,5000,1.8603095787542838,0.8703481392557023,833,1.8561249636232662,0.866,0.804313901258396,0.08322782192219975,,,0.7039745284670077,,0.7039857436875658,0.29601425631243417,0.9674174470055832,0.40471842373293804,5,0.1,0.5,0.6212827251849212,0.6100195649216352,0.6206117741691687,0.62064542139007,0.6227781405385312,0.6107196744385341,0.6280652670689632,1.0,0.6270305973399222,0.6206690076451877,0.6253969278549365,0.6206960980422387
2,8,0.2746326020749725,0.91464,5000,1.8592844009399414,0.858343337334934,833,1.8545807222969615,0.8667,0.8181146128721206,0.08405612943346245,,,0.9172527638225827,,0.9172732292555594,0.08272677074444057,0.9690189688879148,0.4055651692658113,5,0.1,0.5,0.6271233884958324,0.6347341768161717,0.632981973842223,0.638462627534523,0.633526708824329,0.6345865309812438,0.6383058786529939,0.6270305973399222,1.0,0.6329927878398033,0.6288176763542401,0.6316752367296803
2,9,0.2759166783587948,0.91368,5000,1.8622061588146068,0.8535414165666266,833,1.8548120743931291,0.8667,0.8108016354466899,0.08372149899506039,,,0.8310898491704416,,0.831107876110637,0.16889212388936303,0.9688199962880901,0.40544569645373907,5,0.1,0.5,0.6197726925513604,0.6237738248369401,0.6310431812670694,0.6316775897629352,0.6252083508552825,0.6247643896651218,0.6274462649476772,0.6206690076451877,0.6329927878398033,1.0,0.625324320815637,0.6268911437226995
2,10,0.2748862306664514,0.91828,5000,1.8510919676886664,0.8631452581032413,833,1.8604260226027272,0.8636,0.8118529608951343,0.08296689416651855,,,0.6367890803933288,,0.6368053812559611,0.3631946187440389,0.9650426139575736,0.4038054414176241,5,0.1,0.5,0.6299627983685928,0.6241933263742375,0.620831451691757,0.6305901735329549,0.6300621560216716,0.6289189350169737,0.6306299927706625,0.6253969278549365,0.6288176763542401,0.625324320815637,1.0,0.6303437921290271
2,11,0.2838337052895266,0.91072,5000,1.8512608431003712,0.8619447779111644,833,1.8614843531538503,0.8632,0.8104721689389147,0.08285363681302034,,,0.6076268089341249,,0.6076451985342102,0.3923548014657898,0.9645326063637722,0.4032396120300566,5,0.1,0.5,0.6224474929689239,0.6240737490249573,0.6194672945007099,0.6305208127939846,0.6293729135433066,0.6291347653052349,0.6274999626575586,0.6206960980422387,0.6316752367296803,0.6268911437226995,0.6303437921290271,1.0
3,0,0.23851951679013148,0.92868,5000,1.6353665855195787,0.9160671462829736,834,1.6252050129369424,0.9144,0.806634183102321,0.08346153443597149,,,0.7684775093381361,,0.7684905376236133,0.2315094623763867,0.9704166350664899,0.402952053359729,5,0.1,0.5,1.0,0.6224291764524769,0.6144071018246473,0.6073033601872477,0.6250939412926138,0.6245741653962126,0.6262306985605727,0.6138427360120516,0.6237276246870949,0.6191771660363391,0.6182000476363924,0.6118701773945638
3,1,0.2521722724898511,0.9252,5000,1.613718103479456,0.9280575539568345,834,1.6337997913360596,0.9134,0.8056016852903628,0.08296026822920921,,,0.6430798574006511,,0.6430952261432659,0.35690477385673414,0.9666647874812406,0.4016370846932597,5,0.1,0.5,0.6224291764524769,1.0,0.6193222038185066,0.6125321617760974,0.6236094911869734,0.6167305386090803,0.6226867482143963,0.6074496359874381,0.6195563220882409,0.6163227977197343,0.6192818550427494,0.6202636454461429
3,2,0.25616850288181453,0.92276,5000,1.643014051296093,0.9220623501199041,834,1.6322380334805375,0.9131,0.8053338942058715,0.0830263384379604,,,0.659608099138573,,0.6596205009788665,0.3403794990211335,0.9675690291491078,0.4018965224469255,5,0.1,0.5,0.6144071018246473,0.6193222038185066,1.0,0.6071595799096448,0.6174584081756849,0.6225215316084299,0.6274846218472026,0.6142123972231109,0.6236658211756224,0.6214955171163953,0.6159030608441194,0.6133397210776238
3,3,0.2535249927407427,0.92356,5000,1.6271114216910467,0.9124700239808153,834,1.6341904458908227,0.9131,0.7965779269340357,0.08278806024625711,,,0.6,,0.6,0.4,0.9669656903294453,0.40077391014047414,5,0.1,0.5,0.6073033601872477,0.6125321617760974,0.6071595799096448,1.0,0.6125473169225519,0.6138001446100685,0.6190986652151994,0.6025137796943842,0.6085156147239141,0.6113115513473873,0.6105943008961939,0.6065064177003608
3,4,0.24189725401247764,0.92564,5000,1.6177404721577961,0.9063625450180072,833,1.624598698875013,0.9146,0.8113970058298475,0.08373809453589882,,,0.8376622791922339,,0.8376788313839667,0.1623211686160333,0.9708966822012437,0.4032108830734268,5,0.1,0.5,0.6250939412926138,0.6236094911869734,0.6174584081756849,0.6125473169225519,1.0,0.6259850383792658,0.6357054255633164,0.6217361657334555,0.6209750691859903,0.6243068431243333,0.6204525903833109,0.6243721676253539
3,5,0.24364612163044513,0.92548,5000,1.6468588555300678,0.9051620648259304,833,1.633437948866774,0.9131,0.8108185869247736,0.08318772004897865,,,0.6999796119486809,,0.6999849405150343,0.30001505948496565,0.9672016767191163,0.4024067604617314,5,0.1,0.5,0.6245741653962126,0.6167305386090803,0.6225215316084299,0.6138001446100685,0.6259850383792658,1.0,0.6309047835064784,0.6186890987168888,0.6288503553162074,0.6208374332854895,0.6244842363907293,0.6228522332758102
3,6,0.24654452904086013,0.92792,5000,1.6264879880128083,0.9207683073229291,833,1.6238173433005239,0.9149,0.8157786666092528,0.08426710306333558,,,0.9699999997498381,,0.9700015059484965,0.029998494051503455,0.9712679943456576,0.4033189106902208,5,0.1,0.5,0.6262306985605727,0.6226867482143963,0.6274846218472026,0.6190986652151994,0.6357054255633164,0.6309047835064784,1.0,0.6276116942423825,0.6266875737589825,0.6264383167324395,0.6255384171303003,0.6238416783852332
3,7,0.25027059025018455,0.92424,5000,1.6303071092676233,0.9099639855942377,833,1.627232604895156,0.9142,0.8023431750281913,0.08311416883460317,,,0.6815799084470044,,0.6815973093720195,0.31840269062798054,0.9688663454859032,0.4021968644721042,5,0.1,0.5,0.6138427360120516,0.6074496359874381,0.6142123972231109,0.6025137796943842,0.6217361657334555,0.6186890987168888,0.6276116942423825,1.0,0.6181179862787706,0.6075820196327567,0.6236967577160819,0.61123332467735
3,8,0.24846351051548865,0.92372,5000,1.6307265890969171,0.9207683073229291,833,1.62405478763885,0.9149,0.8084203436863274,0.08387481740406617,,,0.8718651167325567,,0.8718789217408764,0.12812107825912356,0.9711614234720235,0.40327062554423376,5,0.1,0.5,0.6237276246870949,0.6195563220882409,0.6236658211756224,0.6085156147239141,0.6209750691859903,0.6288503553162074,0.6266875737589825,0.6181179862787706,1.0,0.6157770132464138,0.619390399674742,0.6166092826367078
3,9,0.2516673954790992,0.92428,5000,1.635405249065823,0.8991596638655462,833,1.6247030576577963,0.9146,0.8058221254067002,0.08356253161046938,,,0.7937431433735113,,0.7937503137392701,0.20624968626072993,0.9707607015093475,0.4030741936083807,5,0.1,0.5,0.6191771660363391,0.6163227977197343,0.6214955171163953,0.6113115513473873,0.6243068431243333,0.6208374332854895,0.6264383167324395,0.6075820196327567,0.6157770132464138,1.0,0.6167678728753745,0.6181700267152372
3,10,0.2486937059445461,0.9268,5000,1.621809200004295,0.9207683073229291,833,1.6326400849004141,0.9136,0.8067108339478234,0.08309359774064523,,,0.676433806744334,,0.6764469655137795,0.3235530344862205,0.9678896546293272,0.40212850511819226,5,0.1,0.5,0.6182000476363924,0.6192818550427494,0.6159030608441194,0.6105943008961939,0.6204525903833109,0.6244842363907293,0.6255384171303003,0.6236967577160819,0.619390399674742,0.6167678728753745,1.0,0.6159632447659741
3,11,0.25591225112450255,0.92164,5000,1.6218063831329346,0.907563025210084,833,1.6347878478205622,0.9132,0.8040493784588965,0.08292576541260475,,,0.6344485710121786,,0.6344561016013253,0.36554389839867474,0.9669050150735725,0.4014838196216954,5,0.1,0.5,0.6118701773945638,0.6202636454461429,0.6133397210776238,0.6065064177003608,0.6243721676253539,0.6228522332758102,0.6238416783852332,0.61123332467735,0.6166092826367078,0.6181700267152372,0.6159632447659741,1.0
4,0,0.22515158185937031,0.93256,5000,1.3911515915835346,0.9316546762589928,834,1.3778172335304772,0.9325,0.7949862942674165,0.08334398691651844,,,0.7497697454058112,,0.7497766176396767,0.25022338236032327,0.9689371964346412,0.39802915874574885,5,0.1,0.5,1.0,0.5945022466922667,0.5951332540986662,0.5935741082547448,0.606344301747234,0.60677766525904,0.5999461836979889,0.6032945073403453,0.6037662381958733,0.6011923250259934,0.5970718718987125,0.6021312220776769
4,1,0.236460540989402,0.929,5000,1.3659571011861165,0.9436450839328537,834,1.3904839003809726,0.9317,0.79035551007053,0.08284846312064924,,,0.6028023054188891,,0.6028211435168918,0.39717885648310824,0.9658355591596433,0.39594620472926784,5,0.1,0.5,0.5945022466922667,1.0,0.60037939216647,0.5963303713231842,0.5961060900093699,0.594552116598941,0.6071117583563665,0.5932275910712567,0.6012333752349114,0.5938744620007813,0.590781255026093,0.5937147750308003
4,2,0.2426269198809365,0.9258,5000,1.3994506332609389,0.9388489208633094,834,1.3871349035360563,0.9317,0.7961580126605807,0.08309553941652298,,,0.6760826826454149,,0.6761005973595703,0.3238994026404297,0.9672732473269514,0.39727080817382954,5,0.1,0.5,0.5951332540986662,0.60037939216647,1.0,0.5952013786307156,0.5995479499926687,0.6073711779656799,0.6041823297297687,0.605755981606236,0.6033788460364121,0.6059876850354302,0.5997490213493664,0.6003878915605121
4,3,0.23627736874044855,0.92872,5000,1.379035335999948,0.9280575539568345,834,1.390997661569248,0.9312,0.7933575639325531,0.0828390147080044,,,0.6,,0.6,0.4,0.9652308283230837,0.39587617284016946,5,0.1,0.5,0.5935741082547448,0.5963303713231842,0.5952013786307156,1.0,0.6022424809338469,0.6073367667751622,0.6039368374020214,0.5937786671999086,0.5960796568289499,0.5983112790439911,0.6004966474362258,0.6041880641780006
4,4,0.2274172886292551,0.9304,5000,1.3687678133999859,0.921968787515006,833,1.3763784025423824,0.9328,0.8004484691509955,0.08371915448705827,,,0.861040723445595,,0.8610611917072436,0.1389388082927564,0.9700070397242309,0.398488331320867,5,0.1,0.5,0.606344301747234,0.5961060900093699,0.5995479499926687,0.6022424809338469,1.0,0.6056729152371976,0.6125474831153666,0.6064160303023479,0.6082205563505808,0.6115193102289964,0.6013267082355521,0.6046447272472103
4,5,0.22346276624460415,0.93264,5000,1.403853553312796,0.9315726290516206,833,1.3867000817490842,0.9318,0.8023310957486117,0.08341898419001297,,,0.7720131924074944,,0.7720295165905326,0.22797048340946735,0.9681686460543087,0.3981760644426144,5,0.1,0.5,0.60677766525904,0.594552116598941,0.6073711779656799,0.6073367667751622,0.6056729152371976,1.0,0.6094129239905701,0.6041554332036747,0.610047534898873,0.6127089385208171,0.6066452956998226,0.6106336022796898
4,6,0.21798608150024704,0.9368,5000,1.3795124027464125,0.9339735894357744,833,1.3755808127954745,0.933,0.8008914774960123,0.08408652779213345,,,0.9699999997034099,,0.9700015059484965,0.029998494051503455,0.9703478680789491,0.39856321419694557,5,0.1,0.5,0.5999461836979889,0.6071117583563665,0.6041823297297687,0.6039368374020214,0.6125474831153666,0.6094129239905701,1.0,0.6070889975907118,0.6093039197576696,0.6013808275858519,0.5996359846583319,0.6019175646435133
4,7,0.22758898192328536,0.93108,5000,1.3819211014994868,0.9351740696278511,833,1.3808983728146782,0.9324,0.7972930312859068,0.08319369294621293,,,0.7051940454184344,,0.7052156016264244,0.2947843983735756,0.9678179598475066,0.3976250510938306,5,0.1,0.5,0.6032945073403453,0.5932275910712567,0.605755981606236,0.5937786671999086,0.6064160303023479,0.6041554332036747,0.6070889975907118,1.0,0.6024508603915174,0.5999711668624861,0.6053714049969823,0.6059463295244554
4,8,0.23152501209383938,0.9298,5000,1.3847947385576036,0.9387755102040817,833,1.3757844477796708,0.9329,0.7991072757977704,0.08376314268776107,,,0.8740871872094208,,0.8740976858591436,0.1259023141408564,0.9701684229421104,0.39850913684604133,5,0.1,0.5,0.6037662381958733,0.6012333752349114,0.6033788460364121,0.5960796568289499,0.6082205563505808,0.610047534898873,0.6093039197576696,0.6024508603915174,1.0,0.6052389149978625,0.6001049020614941,0.60132353431427
4,9,0.23293206704733002,0.93148,5000,1.3915244296745017,0.9267707082833133,833,1.3766849570380995,0.9329,0.7978089073487549,0.0835099764407979,,,0.7990005909300055,,0.7990161136489132,0.20098388635108677,0.9695763320047293,0.39831100129533287,5,0.1,0.5,0.6011923250259934,0.5938744620007813,0.6059876850354302,0.5983112790439911,0.6115193102289964,0.6127089385208171,0.6013808275858519,0.5999711668624861,0.6052389149978625,1.0,0.5960718926951176,0.6040189784575181
4,10,0.22578093222799195,0.93228,5000,1.3755292274333812,0.9315726290516206,833,1.3875515552374502,0.9316,0.7947233260341189,0.08309005166555868,,,0.6744550701730518,,0.6744641333266402,0.32553586667335976,0.9674334642097048,0.39724580581525804,5,0.1,0.5,0.5970718718987125,0.590781255026093,0.5997490213493664,0.6004966474362258,0.6013267082355521,0.6066452956998226,0.5996359846583319,0.6053714049969823,0.6001049020614941,0.5960718926951176,1.0,0.605877460280016
4,11,0.23277089204639195,0.92792,5000,1.3746345617153026,0.9255702280912365,833,1.3899440045554798,0.932,0.7979525307106711,0.0830914656287695,,,0.6748744376283841,,0.6748807790773556,0.32511922092264445,0.966687479533132,0.3972520586573112,5,0.1,0.5,0.6021312220776769,0.5937147750308003,0.6003878915605121,0.6041880641780006,0.6046447272472103,0.6106336022796898,0.6019175646435133,0.6059463295244554,0.60132353431427,0.6040189784575181,0.605877460280016,1.0
5,0,0.20575846322592656,0.93824,5000,1.1444837031541046,0.9400479616306955,834,1.128816712588167,0.9422,0.7856486501593333,0.08334694925370267,,,0.7351498245000712,,0.735168917223031,0.264831082776969,0.9673167475953337,0.39206283177923656,5,0.1,0.5,1.0,0.5828746733327216,0.5776866887720413,0.587544263552591,0.5873453888398882,0.577508444440266,0.5932250488076076,0.5751731937423368,0.5835991192792306,0.5832904605956484,0.5838872442099124,0.572937723849987
5,1,0.21051539723185977,0.93684,5000,1.115419167059439,0.9532374100719424,834,1.1447615383532102,0.9408,0.783834643627244,0.08295191902876432,,,0.6,,0.6,0.4,0.9635381611861953,0.38993923679691,5,0.1,0.5,0.5828746733327216,1.0,0.5799546000664166,0.5845624916588243,0.586847424333449,0.5754274769916584,0.5906724976954937,0.5696088291529134,0.5826757765691059,0.5825222036102573,0.5774783569967444,0.5778389518592316
5,2,0.22167101877913542,0.93496,5000,1.1532153067765412,0.9436450839328537,834,1.1400935695575067,0.9412,0.7833970297751759,0.08310167278985993,,,0.6512345467576697,,0.6512524471663069,0.3487475528336931,0.9655070507685878,0.3910043946873412,5,0.1,0.5,0.5776866887720413,0.5799546000664166,1.0,0.5812734733403554,0.5749149500781803,0.5799112165899962,0.5857210802169397,0.5776939121177332,0.5856538619158175,0.581616396324704,0.5820501128035551,0.5787092745764107
5,3,0.2155159924541167,0.93476,5000,1.1278699459852997,0.9400479616306955,834,1.1443656589657354,0.9406,0.7873698485801243,0.08306997067413559,,,0.6403884516845793,,0.6404045981627429,0.35959540183725713,0.9638667714054491,0.39080987322487104,5,0.1,0.5,0.587544263552591,0.5845624916588243,0.5812734733403554,1.0,0.586091784225879,0.5853066858505679,0.588832628553252,0.5769489597628151,0.5834118372298407,0.5838313379248924,0.5841667953836799,0.5819120144934717
5,4,0.20521178301661067,0.937,5000,1.1182342061290034,0.9327731092436975,833,1.1265182333251538,0.9427,0.7877195090996864,0.08367056785903751,,,0.8458679289762201,,0.8458862506902264,0.15411374930977362,0.9685774257635124,0.3926250759034818,5,0.1,0.5,0.5873453888398882,0.586847424333449,0.5749149500781803,0.586091784225879,1.0,0.5785265323478955,0.5841647938503168,0.5879878619256859,0.5886037528635393,0.5847591876006867,0.583628225809618,0.5799634265398519
5,5,0.21064116753234416,0.93576,5000,1.1576294280864574,0.9387755102040817,833,1.1380014225316886,0.9414,0.783906405300044,0.08333578688540286,,,0.7313308961713318,,0.7313488278700868,0.2686511721299132,0.9673482728295729,0.3920287467670638,5,0.1,0.5,0.577508444440266,0.5754274769916584,0.5799112165899962,0.5853066858505679,0.5785265323478955,1.0,0.5854080897037912,0.5727565227926921,0.589774887513589,0.5879809117695309,0.5778460392566621,0.5778353447583027
5,6,0.20310755524855512,0.94204,5000,1.1305987746627242,0.9411764705882353,833,1.1256567064565592,0.9428,0.7910529619880317,0.084033394225885,,,0.9699999996578748,,0.9700015059484965,0.029998494051503455,0.9689097185887313,0.39273551737391443,5,0.1,0.5,0.5932250488076076,0.5906724976954937,0.5857210802169397,0.588832628553252,0.5841647938503168,0.5854080897037912,1.0,0.5765082482859468,0.5946168641980978,0.583915562670042,0.5866736390424101,0.5827116321724372
5,7,0.2130660746988075,0.93412,5000,1.1337064151410703,0.9459783913565426,833,1.1340287143049148,0.942,0.7802492921812676,0.08305654368233761,,,0.6357947384178455,,0.6358114552482305,0.36418854475176954,0.9650625481180518,0.39072380609291807,5,0.1,0.5,0.5751731937423368,0.5696088291529134,0.5776939121177332,0.5769489597628151,0.5879878619256859,0.5727565227926921,0.5765082482859468,1.0,0.5794810466361942,0.5791645490407178,0.5840178959404672,0.5756561252783402
5,8,0.20920034725171555,0.93796,5000,1.136592432304665,0.9471788715486195,833,1.125900513828753,0.9428,0.7886158106184545,0.08373150163920587,,,0.8667149152977476,,0.8667285778826365,0.13327142211736354,0.9686855167586823,0.3926656897365812,5,0.1,0.5,0.5835991192792306,0.5826757765691059,0.5856538619158175,0.5834118372298407,0.5886037528635393,0.589774887513589,0.5946168641980978,0.5794810466361942,1.0,0.5831875667681122,0.5780574338440141,0.5818655190850702
5,9,0.21375760530495339,0.93736,5000,1.145981779804936,0.9411764705882353,833,1.1272740253625206,0.9423,0.7865616894161555,0.08349001904812581,,,0.7840976173191282,,0.7841072235329551,0.21589277646704486,0.9680727176873659,0.39240041868266023,5,0.1,0.5,0.5832904605956484,0.5825222036102573,0.581616396324704,0.5838313379248924,0.5847591876006867,0.5879809117695309,0.583915562670042,0.5791645490407178,0.5831875667681122,1.0,0.5810515963200377,0.5816267178682759
5,10,0.21039284437488479,0.93832,5000,1.1290876026506778,0.936374549819928,833,1.139989118987379,0.9414,0.7850805205379704,0.08315722923382718,,,0.670241810450451,,0.670257517192912,0.32974248280708796,0.9657339086199223,0.39130636430352767,5,0.1,0.5,0.5838872442099124,0.5774783569967444,0.5820501128035551,0.5841667953836799,0.583628225809618,0.5778460392566621,0.5866736390424101,0.5840178959404672,0.5780574338440141,0.5810515963200377,1.0,0.5822401520922451
5,11,0.21383903607915922,0.93368,5000,1.1288642993679754,0.9339735894357744,833,1.143430955493793,0.9406,0.7821319742957961,0.08305444567971573,,,0.6350769586930355,,0.6351036594548466,0.3648963405451534,0.9651799042462392,0.39071223867623234,5,0.1,0.5,0.572937723849987,0.5778389518592316,0.5787092745764107,0.5819120144934717,0.5799634265398519,0.5778353447583027,0.5827116321724372,0.5756561252783402,0.5818655190850702,0.5816267178682759,0.5822401520922451,1.0
6,0,0.19057920493606692,0.94284,5000,0.9113933554402104,0.9484412470023981,834,0.893206145054997,0.9496,0.7677695655985851,0.08321405192883091,,,0.97,,0.9700015059484965,0.029998494051503455,0.9658719135394319,0.38570350225734656,5,0.1,0.5,1.0,0.549627430727771,0.553598338956489,0.5489619551233792,0.562317577710958,0.5508265720959178,0.5610959544597955,0.5496934648680729,0.5556867552825826,0.5569813699498316,0.5602130192575495,0.5579578128068654
6,1,0.19871683817499192,0.9394,5000,0.8757789841404667,0.9592326139088729,834,0.9084326114517431,0.9482,0.7696129837634346,0.08301366975358512,,,0.97,,0.9700015059484965,0.029998494051503455,0.9602670169422473,0.38570350225734656,5,0.1,0.5,0.549627430727771,1.0,0.556664037563601,0.5529681472215345,0.5656427424964422,0.5579668885184415,0.5628296099253458,0.5534248098423271,0.5558121033448197,0.5632569158552304,0.5563436068130854,0.5515866720227092
6,2,0.20796782666176652,0.93764,5000,0.9173455613630789,0.9508393285371702,834,0.9040070254200945,0.9487,0.7663445636844776,0.08299869640777574,,,0.97,,0.9700015059484965,0.029998494051503455,0.9630588774969915,0.38570350225734656,5,0.1,0.5,0.553598338956489,0.556664037563601,1.0,0.5472197205137437,0.5539032947013219,0.5474546434350068,0.5544924294437431,0.5508630644589324,0.559847275155733,0.5627787422204789,0.5546553630425931,0.5536694583845052
6,3,0.20518080605087197,0.93844,5000,0.8880169833147967,0.9532374100719424,834,0.9080846934272839,0.9482,0.7655710158923694,0.0829500041034311,,,0.97,,0.9700015059484965,0.029998494051503455,0.9625429600982266,0.38570350225734656,5,0.1,0.5,0.5489619551233792,0.5529681472215345,0.5472197205137437,1.0,0.5595857997539303,0.5574903676794273,0.5571152404667973,0.5503269220130605,0.5457081372293444,0.56545397419648,0.5538112862588521,0.5494999413249485
6,4,0.18819008814052318,0.94152,5000,0.8836415895709285,0.9387755102040817,833,0.8910142766020168,0.9499,0.7784594910923379,0.08380996823003563,,,0.97,,0.9700015059484965,0.029998494051503455,0.9672779988365989,0.38570350225734656,5,0.1,0.5,0.562317577710958,0.5656427424964422,0.5539032947013219,0.5595857997539303,1.0,0.5583404807341402,0.5697833712810554,0.5672089105996562,0.5677103027785074,0.5723933381488597,0.5613564470243181,0.566009444237815
6,5,0.19223489709981498,0.9412,5000,0.922103813400975,0.9459783913565426,833,0.9019498630834464,0.9486,0.7719750278066593,0.08335537646962261,,,0.97,,0.9700015059484965,0.029998494051503455,0.9657869351868132,0.38570350225734656,5,0.1,0.5,0.5508265720959178,0.5579668885184415,0.5474546434350068,0.5574903676794273,0.5583404807341402,1.0,0.5635418132559915,0.5547220836824068,0.5622722101414886,0.5645596139114608,0.5661283178935966,0.5626898722108721
6,6,0.1948661708622981,0.94284,5000,0.8951100464220401,0.9495798319327731,833,0.8902257096272307,0.95,0.7738054199341348,0.08388922812411415,,,0.97,,0.9700015059484965,0.029998494051503455,0.9675817365091747,0.38570350225734656,5,0.1,0.5,0.5610959544597955,0.5628296099253458,0.5544924294437431,0.5571152404667973,0.5697833712810554,0.5635418132559915,1.0,0.5539012175105845,0.5638152174802823,0.5599711390944045,0.5571943901112831,0.5554907329049319
6,7,0.19163351211590088,0.9416,5000,0.8956256685433565,0.9543817527010804,833,0.898196756649322,0.9493,0.7680438989937868,0.08302849039377545,,,0.97,,0.9700015059484965,0.029998494051503455,0.962321739857365,0.38570350225734656,5,0.1,0.5,0.5496934648680729,0.5534248098423271,0.5508630644589324,0.5503269220130605,0.5672089105996562,0.5547220836824068,0.5539012175105845,1.0,0.5514894214770956,0.5593101643079192,0.5605060020389113,0.559699646699461
6,8,0.19647459705615308,0.94136,5000,0.9013432794147067,0.9555822328931572,833,0.8904435516546328,0.95,0.7714996553166054,0.0836046336923062,,,0.97,,0.9700015059484965,0.029998494051503455,0.9673959526746349,0.38570350225734656,5,0.1,0.5,0.5556867552825826,0.5558121033448197,0.559847275155733,0.5457081372293444,0.5677103027785074,0.5622722101414886,0.5638152174802823,0.5514894214770956,1.0,0.5687104082378326,0.5570311570856605,0.551301275564167
6,9,0.19458239661043236,0.94152,5000,0.9121410890861794,0.9471788715486195,833,0.8917297833262922,0.9499,0.7794897571628677,0.08372502716865363,,,0.97,,0.9700015059484965,0.029998494051503455,0.9667245072106054,0.38570350225734656,5,0.1,0.5,0.5569813699498316,0.5632569158552304,0.5627787422204789,0.56545397419648,0.5723933381488597,0.5645596139114608,0.5599711390944045,0.5593101643079192,0.5687104082378326,1.0,0.5708467886067506,0.5705725060083575
6,10,0.19687016128034443,0.94256,5000,0.8944040757638437,0.943577430972389,833,0.9038998235147983,0.949,0.7731945131073803,0.08327847069091554,,,0.97,,0.9700015059484965,0.029998494051503455,0.9638579402475658,0.38570350225734656,5,0.1,0.5,0.5602130192575495,0.5563436068130854,0.5546553630425931,0.5538112862588521,0.5613564470243181,0.5661283178935966,0.5571943901112831,0.5605060020389113,0.5570311570856605,0.5708467886067506,1.0,0.5601894110870892
6,11,0.19919221912552218,0.93836,5000,0.8953258958127763,0.9447779111644657,833,0.907194340952669,0.9484,0.7710194331587994,0.08313238303695403,,,0.97,,0.9700015059484965,0.029998494051503455,0.9622893479860535,0.38570350225734656,5,0.1,0.5,0.5579578128068654,0.5515866720227092,0.5536694583845052,0.5494999413249485,0.566009444237815,0.5626898722108721,0.5554907329049319,0.559699646699461,0.551301275564167,0.5705725060083575,0.5601894110870892,1.0
7,0,0.17079261479021351,0.94796,5000,0.7105922897656759,0.9508393285371702,834,0.6904016927408334,0.9534,0.7540456992038236,0.0832475919649579,,,0.7508451499988098,,0.7508609005572009,0.2491390994427991,0.9637219342742582,0.37654220956869705,5,0.1,0.5,1.0,0.521995749105057,0.5264033957751278,0.5267951935074756,0.5321128222593408,0.533951786408623,0.5330487088883687,0.5255718201189649,0.5355258521260866,0.5320013909915565,0.5320074416795677,0.5255369840710546
