round,client_id,client_i_training_loss,client_i_training_accuracy,client_i_training_dataset_size,client_i_evaluation_loss,client_i_evaluation_accuracy,client_i_evaluation_dataset_size,client_i_central_evaluation_loss,client_i_central_evaluation_accuracy,client_i_cosine_similarity,client_i_importance_coefficient,client_i_tanh_val,tanh_normalization_value,client_i_q,client_i_mask_order,client_i_v_nonzero_fraction,client_i_v_sparsity,client_i_v_cosine_similarity,client_i_reward_gradient_norm,local_epochs,learning_rate,gamma,client_0_cosine_similarity,client_1_cosine_similarity,client_2_cosine_similarity,client_3_cosine_similarity,client_4_cosine_similarity,client_5_cosine_similarity,client_6_cosine_similarity,client_7_cosine_similarity,client_8_cosine_similarity,client_9_cosine_similarity,client_10_cosine_similarity,client_11_cosine_similarity
0,0,2.2180697128271603,0.22284,5000,2.2682422002156577,0.1606714628297362,834,2.266535618815559,0.1858,0.9934724400364027,0.083170062114539,,,1.0,,1.0,0.0,0,0.09954227479220688,5,0.001,0.1,1.0,0.988145510606131,0.9884744404611516,0.9889383458469339,0.9896776095430295,0.9905762811642361,0.9875766847800455,0.9866723390021929,0.985730152156816,0.9883767867758025,0.9894176911068946,0.9835147002547776
0,1,2.221294692215646,0.26644,5000,2.264524742409035,0.18465227817745802,834,2.266535618815559,0.1858,0.9961669643455797,0.08339563833098158,,,1.0,,1.0,0.0,0,0.09954227479220688,5,0.001,0.1,0.988145510606131,1.0,0.9890256825506749,0.9869392917446148,0.994064930528699,0.9943142374663215,0.9876385985079521,0.9939769650729198,0.9911693392701173,0.9925615900407344,0.9932452074327339,0.9882054765336804
0,2,2.220356250872278,0.2678,5000,2.2594878850159823,0.19784172661870503,834,2.266535618815559,0.1858,0.9962513253929716,0.08340270074486332,,,1.0,,1.0,0.0,0,0.09954227479220688,5,0.001,0.1,0.9884744404611516,0.9890256825506749,1.0,0.991901376126569,0.9910774740723868,0.9892247794083692,0.9927088551512452,0.991346625209623,0.9927011144680921,0.9937862797824117,0.9919146223648246,0.9881332788336178
0,3,2.2179345723170383,0.22796,5000,2.26361381566083,0.19424460431654678,834,2.266535618815559,0.1858,0.9947593636140996,0.08327779888667311,,,1.0,,1.0,0.0,0,0.09954227479220688,5,0.001,0.1,0.9889383458469339,0.9869392917446148,0.991901376126569,1.0,0.9876444886059175,0.9903339034548194,0.9919884678181387,0.9860098531198697,0.9914214987158255,0.9885367647146148,0.9872492496168344,0.991509697173511
0,4,2.21755600112259,0.2522,5000,2.2734000947740345,0.18847539015606243,833,2.266535618815559,0.1858,0.9961590424399603,0.08339497513655779,,,1.0,,1.0,0.0,0,0.09954227479220688,5,0.001,0.1,0.9896776095430295,0.994064930528699,0.9910774740723868,0.9876444886059175,1.0,0.9941025748902841,0.9885404627388756,0.9942470166525373,0.9909133528366935,0.990864172451491,0.9934470933457333,0.9846130262745981
0,5,2.21768465224345,0.2584,5000,2.2645798877433494,0.1992797118847539,833,2.266535618815559,0.1858,0.9960504639385915,0.08338588532154206,,,1.0,,1.0,0.0,0,0.09954227479220688,5,0.001,0.1,0.9905762811642361,0.9943142374663215,0.9892247794083692,0.9903339034548194,0.9941025748902841,1.0,0.98921862748759,0.9929983911402079,0.9891969595586603,0.9906321324415757,0.9896017585578387,0.9876955781196899
0,6,2.22143358030137,0.26552,5000,2.2668689533516213,0.19687875150060025,833,2.266535618815559,0.1858,0.9953407481823324,0.08332647038343913,,,1.0,,1.0,0.0,0,0.09954227479220688,5,0.001,0.1,0.9875766847800455,0.9876385985079521,0.9927088551512452,0.9919884678181387,0.9885404627388756,0.98921862748759,1.0,0.99197445298967,0.9904159148454972,0.9911386542990285,0.9874170638783656,0.9907998346675324
0,7,2.2189101768906707,0.27632,5000,2.267372475730048,0.18607442977190877,833,2.266535618815559,0.1858,0.9960548693156387,0.08338625412440753,,,1.0,,1.0,0.0,0,0.09954227479220688,5,0.001,0.1,0.9866723390021929,0.9939769650729198,0.991346625209623,0.9860098531198697,0.9942470166525373,0.9929983911402079,0.99197445298967,1.0,0.9904715011466843,0.9932613879897005,0.9921749885893646,0.984814325409087
0,8,2.221528354875601,0.24828,5000,2.272341525113141,0.18967587034813926,833,2.266535618815559,0.1858,0.9956958177914641,0.08335619557787471,,,1.0,,1.0,0.0,0,0.09954227479220688,5,0.001,0.1,0.985730152156816,0.9911693392701173,0.9927011144680921,0.9914214987158255,0.9909133528366935,0.9891969595586603,0.9904159148454972,0.9904715011466843,1.0,0.9935989258037745,0.9895156159129742,0.9885245759185487
0,9,2.221922244235968,0.28092,5000,2.258537672184132,0.19567827130852342,833,2.266535618815559,0.1858,0.9963877372922602,0.0834141206752809,,,1.0,,1.0,0.0,0,0.09954227479220688,5,0.001,0.1,0.9883767867758025,0.9925615900407344,0.9937862797824117,0.9885367647146148,0.990864172451491,0.9906321324415757,0.9911386542990285,0.9932613879897005,0.9935989258037745,1.0,0.9909898334264492,0.988177450919979
0,10,2.2171702518584624,0.26012,5000,2.269832699387162,0.16926770708283315,833,2.266535618815559,0.1858,0.9955802427947368,0.08334652004056806,,,1.0,,1.0,0.0,0,0.09954227479220688,5,0.001,0.1,0.9894176911068946,0.9932452074327339,0.9919146223648246,0.9872492496168344,0.9934470933457333,0.9896017585578387,0.9874170638783656,0.9921749885893646,0.9895156159129742,0.9909898334264492,1.0,0.9873052742769504
0,11,2.2209700222987276,0.26524,5000,2.264861583709717,0.16686674669867949,833,2.266535618815559,0.1858,0.9931537042706227,0.08314337866327279,,,1.0,,1.0,0.0,0,0.09954227479220688,5,0.001,0.1,0.9835147002547776,0.9882054765336804,0.9881332788336178,0.991509697173511,0.9846130262745981,0.9876955781196899,0.9907998346675324,0.984814325409087,0.9885245759185487,0.988177450919979,0.9873052742769504,1.0
1,0,2.0907560558076117,0.36368,5000,2.216684906571,0.2841726618705036,834,2.214406779779794,0.294,0.9969670579155525,0.08320501347893736,,,1.0,,1.0,0.0,0.958160176091635,0.09978398893318535,5,0.001,0.1,1.0,0.9941203568449061,0.9949140884246216,0.9948655037010783,0.995170162645755,0.9948026537839187,0.9937326093467695,0.9941499768894065,0.9939296995319632,0.9952117196404834,0.9945927337484388,0.9922771782965465
1,1,2.0910358485142897,0.39968,5000,2.212456288161101,0.29256594724220625,834,2.214406779779794,0.294,0.9982279216438138,0.08338409266157322,,,1.0,,1.0,0.0,0.958160176091635,0.09978398893318535,5,0.001,0.1,0.9941203568449061,1.0,0.9953675837475117,0.994933300117287,0.9965070299018126,0.9967473475088802,0.9948057284954107,0.9964297528708702,0.9959606907072114,0.9965422314209678,0.9960893743623771,0.9953460579033379
1,2,2.092804694935015,0.40148,5000,2.2047381665971546,0.30335731414868106,834,2.214406779779794,0.294,0.9982437671600433,0.08338893643447716,,,1.0,,1.0,0.0,0.958160176091635,0.09978398893318535,5,0.001,0.1,0.9949140884246216,0.9953675837475117,1.0,0.9960899457127108,0.9955289304132988,0.9942607710054521,0.9961226151377873,0.9958275853258456,0.9967879503579421,0.9972289796084299,0.9962018036108207,0.9947112930820495
1,3,2.0882709791705865,0.37112,5000,2.211831119325426,0.29256594724220625,834,2.214406779779794,0.294,0.9978372192456105,0.08329919418012795,,,1.0,,1.0,0.0,0.958160176091635,0.09978398893318535,5,0.001,0.1,0.9948655037010783,0.994933300117287,0.9960899457127108,1.0,0.9946516211926199,0.9959733859060126,0.995379901360994,0.9943910313042015,0.9967751824696567,0.9957009430579529,0.9940080931604837,0.9954145475774707
1,4,2.088867622424083,0.37228,5000,2.220243568773623,0.29891956782713086,833,2.214406779779794,0.294,0.9981225031874013,0.08338028240559056,,,1.0,,1.0,0.0,0.958160176091635,0.09978398893318535,5,0.001,0.1,0.995170162645755,0.9965070299018126,0.9955289304132988,0.9946516211926199,1.0,0.9962287149133283,0.9953340313931084,0.996715368605042,0.9951261170104025,0.9957417574357698,0.996433133806878,0.9941504739761504
1,5,2.082717813959547,0.38728,5000,2.212877556129738,0.290516206482593,833,2.214406779779794,0.294,0.9978054293217025,0.08336446981496244,,,1.0,,1.0,0.0,0.958160176091635,0.09978398893318535,5,0.001,0.1,0.9948026537839187,0.9967473475088802,0.9942607710054521,0.9959733859060126,0.9962287149133283,1.0,0.9951997850984375,0.9956528534408747,0.9944167137388767,0.9954627730773462,0.9941646332048413,0.9948856546968118
1,6,2.093240967525798,0.38744,5000,2.213985310660468,0.30732292917166865,833,2.214406779779794,0.294,0.9977251675953794,0.08332543247188112,,,1.0,,1.0,0.0,0.958160176091635,0.09978398893318535,5,0.001,0.1,0.9937326093467695,0.9948057284954107,0.9961226151377873,0.995379901360994,0.9953340313931084,0.9951997850984375,1.0,0.9965308921497836,0.9952598187504031,0.9953182346912178,0.993685034153088,0.9954678234114107
1,7,2.0861787112655152,0.38608,5000,2.213684329280147,0.290516206482593,833,2.214406779779794,0.294,0.9979447172497217,0.08336919296448538,,,1.0,,1.0,0.0,0.958160176091635,0.09978398893318535,5,0.001,0.1,0.9941499768894065,0.9964297528708702,0.9958275853258456,0.9943910313042015,0.996715368605042,0.9956528534408747,0.9965308921497836,1.0,0.9951477079377176,0.9959213776291906,0.9952364562355216,0.9934523762325672
1,8,2.0916603020042372,0.39768,5000,2.2217632134755454,0.2929171668667467,833,2.214406779779794,0.294,0.9980345411047228,0.08335365453288125,,,1.0,,1.0,0.0,0.958160176091635,0.09978398893318535,5,0.001,0.1,0.9939296995319632,0.9959606907072114,0.9967879503579421,0.9967751824696567,0.9951261170104025,0.9944167137388767,0.9952598187504031,0.9951477079377176,1.0,0.9967108260660371,0.995205626449727,0.9952181775164296
1,9,2.0910891599715895,0.42208,5000,2.205579978448373,0.297719087635054,833,2.214406779779794,0.294,0.9983624831169265,0.08339977435769234,,,1.0,,1.0,0.0,0.958160176091635,0.09978398893318535,5,0.001,0.1,0.9952117196404834,0.9965422314209678,0.9972289796084299,0.9957009430579529,0.9957417574357698,0.9954627730773462,0.9953182346912178,0.9959213776291906,0.9967108260660371,1.0,0.995616868050201,0.9950061612238497
1,10,2.086382068646182,0.3778,5000,2.2192926141950817,0.2725090036014406,833,2.214406779779794,0.294,0.9976236617040651,0.08333445413286278,,,1.0,,1.0,0.0,0.958160176091635,0.09978398893318535,5,0.001,0.1,0.9945927337484388,0.9960893743623771,0.9962018036108207,0.9940080931604837,0.996433133806878,0.9941646332048413,0.993685034153088,0.9952364562355216,0.995205626449727,0.995616868050201,1.0,0.9943834179703974
1,11,2.0889342736286722,0.41748,5000,2.2106411545364946,0.304921968787515,833,2.214406779779794,0.294,0.9971794517236531,0.08319550256452843,,,1.0,,1.0,0.0,0.958160176091635,0.09978398893318535,5,0.001,0.1,0.9922771782965465,0.9953460579033379,0.9947112930820495,0.9954145475774707,0.9941504739761504,0.9948856546968118,0.9954678234114107,0.9934523762325672,0.9952181775164296,0.9950061612238497,0.9943834179703974,1.0
2,0,1.9177354596982337,0.45908,5000,2.1522318875348128,0.36211031175059955,834,2.1492429556557164,0.3606,0.9983525466755475,0.08324483241199264,,,1.0,,1.0,0.0,0.9862317220294544,0.0998656698762472,5,0.001,0.1,1.0,0.9967819695584978,0.9970993954815351,0.9968889542893131,0.9971294646271646,0.997529193830295,0.9963198232848345,0.996550280942194,0.9963501423630083,0.9969338670592304,0.9968754078910423,0.9956815346921846
2,1,1.9111998898208522,0.48992,5000,2.1476908789740667,0.3501199040767386,834,2.1492429556557164,0.3606,0.9988960659885943,0.08337218973228068,,,1.0,,1.0,0.0,0.9862317220294544,0.0998656698762472,5,0.001,0.1,0.9967819695584978,1.0,0.996988557821333,0.997111717629131,0.9977862405879641,0.9978851857349293,0.9970602667486504,0.9977921060649101,0.9977447672133896,0.997250052583652,0.9973240179774552,0.9969223596534865
2,2,1.914102732907435,0.48572,5000,2.1359291076660156,0.37889688249400477,834,2.1492429556557164,0.3606,0.9988179481841786,0.08337263880067601,,,1.0,,1.0,0.0,0.9862317220294544,0.0998656698762472,5,0.001,0.1,0.9970993954815351,0.996988557821333,1.0,0.9973667362122136,0.9971308498033218,0.996737960056071,0.9975207798519606,0.9972417301916846,0.9975874355226386,0.9977845491832105,0.9975957463866447,0.996658014560078
2,3,1.9085354331192697,0.463,5000,2.146829861181754,0.354916067146283,834,2.1492429556557164,0.3606,0.9986458081068318,0.08331205106991595,,,1.0,,1.0,0.0,0.9862317220294544,0.0998656698762472,5,0.001,0.1,0.9968889542893131,0.997111717629131,0.9973667362122136,1.0,0.9967157347459502,0.9981086996613651,0.9972179417280084,0.9968177065939574,0.9975633443513973,0.9968425784122698,0.9960405741221073,0.9969784815008568
2,4,1.9122643062263538,0.46656,5000,2.1538094414605036,0.37214885954381755,833,2.1492429556557164,0.3606,0.9988203240012582,0.08336740863783801,,,1.0,,1.0,0.0,0.9862317220294544,0.0998656698762472,5,0.001,0.1,0.9971294646271646,0.9977862405879641,0.9971308498033218,0.9967157347459502,1.0,0.9976082530146034,0.9972327008843553,0.9979336496780947,0.9969887419424083,0.9970289671687393,0.9975948989519807,0.9965903032397843
2,5,1.899590221028419,0.4848,5000,2.148080905278524,0.3589435774309724,833,2.1492429556557164,0.3606,0.9988310048748857,0.08335805673100735,,,1.0,,1.0,0.0,0.9862317220294544,0.0998656698762472,5,0.001,0.1,0.997529193830295,0.9978851857349293,0.996737960056071,0.9981086996613651,0.9976082530146034,1.0,0.9972235707626597,0.9974971580233399,0.996980448642385,0.996774942043149,0.9965478759087942,0.9969774028142286
2,6,1.9148661461605387,0.4816,5000,2.1478068033854165,0.37695078031212487,833,2.1492429556557164,0.3606,0.9986406074892621,0.08332797312176898,,,1.0,,1.0,0.0,0.9862317220294544,0.0998656698762472,5,0.001,0.1,0.9963198232848345,0.9970602667486504,0.9975207798519606,0.9972179417280084,0.9972327008843553,0.9972235707626597,1.0,0.9976518281409665,0.996953086988163,0.9967326148573731,0.9962867753553174,0.9973895272078692
2,7,1.9051698567760977,0.4886,5000,2.1463877624935574,0.37214885954381755,833,2.1492429556557164,0.3606,0.9987723980760173,0.08335906154522743,,,1.0,,1.0,0.0,0.9862317220294544,0.0998656698762472,5,0.001,0.1,0.996550280942194,0.9977921060649101,0.9972417301916846,0.9968177065939574,0.9979336496780947,0.9974971580233399,0.9976518281409665,1.0,0.9970339822517499,0.9972969293370565,0.9969700990550473,0.9963788580388467
2,8,1.9122731135908966,0.49344,5000,2.1590139954178422,0.34093637454981995,833,2.1492429556557164,0.3606,0.9987104199470795,0.08334753270046641,,,1.0,,1.0,0.0,0.9862317220294544,0.0998656698762472,5,0.001,0.1,0.9963501423630083,0.9977447672133896,0.9975874355226386,0.9975633443513973,0.9969887419424083,0.996980448642385,0.996953086988163,0.9970339822517499,1.0,0.9973750612496873,0.9968440660361044,0.9970024917723317
2,9,1.911787406502256,0.50672,5000,2.139404018719991,0.3565426170468187,833,2.1492429556557164,0.3606,0.9986340336529066,0.08337334904131177,,,1.0,,1.0,0.0,0.9862317220294544,0.0998656698762472,5,0.001,0.1,0.9969338670592304,0.997250052583652,0.9977845491832105,0.9968425784122698,0.9970289671687393,0.996774942043149,0.9967326148573731,0.9972969293370565,0.9973750612496873,1.0,0.997040259033716,0.9964466623235552
2,10,1.9086007992932752,0.47772,5000,2.155994830308137,0.33133253301320525,833,2.1492429556557164,0.3606,0.9984664974805155,0.08332788602970063,,,1.0,,1.0,0.0,0.9862317220294544,0.0998656698762472,5,0.001,0.1,0.9968754078910423,0.9973240179774552,0.9975957463866447,0.9960405741221073,0.9975948989519807,0.9965478759087942,0.9962867753553174,0.9969700990550473,0.9968440660361044,0.997040259033716,1.0,0.9963808963298494
2,11,1.9062191137083018,0.51256,5000,2.143113056818644,0.37214885954381755,833,2.1492429556557164,0.3606,0.998291200731937,0.083237020177814,,,1.0,,1.0,0.0,0.9862317220294544,0.0998656698762472,5,0.001,0.1,0.9956815346921846,0.9969223596534865,0.996658014560078,0.9969784815008568,0.9965903032397843,0.9969774028142286,0.9973895272078692,0.9963788580388467,0.9970024917723317,0.9964466623235552,0.9963808963298494,1.0
3,0,1.7349060785998205,0.51728,5000,2.0721736086739435,0.40047961630695444,834,2.06854465708565,0.4075,0.9986854887154489,0.08327153990921746,,,1.0,,1.0,0.0,0.9950174781908742,0.09989188254452305,5,0.001,0.1,1.0,0.997762034626358,0.9972764481152243,0.9970468147920071,0.9976378240724586,0.9980336941538178,0.9970681160400714,0.9975623643972702,0.9970140939766895,0.9976042421464257,0.9974158236518927,0.9968490056730881
3,1,1.7241317747504847,0.55032,5000,2.067401338506628,0.39688249400479614,834,2.06854465708565,0.4075,0.9991797960048246,0.08336558237883965,,,1.0,,1.0,0.0,0.9950174781908742,0.09989188254452305,5,0.001,0.1,0.997762034626358,1.0,0.9978056412788892,0.9971992242017863,0.9982192886191522,0.9981267039233963,0.9977027610624092,0.9982847197308172,0.9979728762906567,0.9983213142750945,0.9980985213990695,0.9976990907105058
3,2,1.728122803511893,0.54252,5000,2.051018569204542,0.43764988009592326,834,2.06854465708565,0.4075,0.9989417438626461,0.0833581754128182,,,1.0,,1.0,0.0,0.9950174781908742,0.09989188254452305,5,0.001,0.1,0.9972764481152243,0.9978056412788892,1.0,0.9975517207943662,0.9975370739467583,0.9971192483480109,0.9978739251039681,0.997851033956261,0.997954739540873,0.9979382860342276,0.9979451924184592,0.9974855445548176
3,3,1.723429115258964,0.53136,5000,2.066409327365734,0.39688249400479614,834,2.06854465708565,0.4075,0.9986373418873515,0.08331120191823645,,,1.0,,1.0,0.0,0.9950174781908742,0.09989188254452305,5,0.001,0.1,0.9970468147920071,0.9971992242017863,0.9975517207943662,1.0,0.9969459992438464,0.9978823899420135,0.9975824491149069,0.9973751723175363,0.9976967166502538,0.9975526729547309,0.9966272731658188,0.9972313584678382
3,4,1.7282779245619562,0.5284,5000,2.0716063093256065,0.40936374549819926,833,2.06854465708565,0.4075,0.9989695909892609,0.0833558671574476,,,1.0,,1.0,0.0,0.9950174781908742,0.09989188254452305,5,0.001,0.1,0.9976378240724586,0.9982192886191522,0.9975370739467583,0.9969459992438464,1.0,0.997732722599376,0.9976048101584942,0.9983783687562389,0.9974506331769962,0.9979015129135498,0.9979489821391547,0.9973151788933274
3,5,1.7121052939421053,0.54836,5000,2.067676862080892,0.3997599039615846,833,2.06854465708565,0.4075,0.9989809516942277,0.08335049957137533,,,1.0,,1.0,0.0,0.9950174781908742,0.09989188254452305,5,0.001,0.1,0.9980336941538178,0.9981267039233963,0.9971192483480109,0.9978823899420135,0.997732722599376,1.0,0.9976593827417342,0.9981369521730445,0.9972138900456787,0.9980602441337187,0.9972340886841716,0.997610750071533
3,6,1.7279135819453342,0.54988,5000,2.066220195205123,0.4297719087635054,833,2.06854465708565,0.4075,0.9988740930897536,0.08332860501467283,,,1.0,,1.0,0.0,0.9950174781908742,0.09989188254452305,5,0.001,0.1,0.9970681160400714,0.9977027610624092,0.9978739251039681,0.9975824491149069,0.9976048101584942,0.9976593827417342,1.0,0.9979046052553293,0.9974162830339411,0.9977031025484117,0.9971286731689623,0.9978851975205452
3,7,1.7176473799784473,0.55056,5000,2.062807869028162,0.4309723889555822,833,2.06854465708565,0.4075,0.9991411649173608,0.08335628601561229,,,1.0,,1.0,0.0,0.9950174781908742,0.09989188254452305,5,0.001,0.1,0.9975623643972702,0.9982847197308172,0.997851033956261,0.9973751723175363,0.9983783687562389,0.9981369521730445,0.9979046052553293,1.0,0.9977124026436595,0.9979149502452339,0.9980131448146906,0.9975955308014198
3,8,1.72564176419738,0.55428,5000,2.0816623016639992,0.3745498199279712,833,2.06854465708565,0.4075,0.9988591981591586,0.08334011748037423,,,1.0,,1.0,0.0,0.9950174781908742,0.09989188254452305,5,0.001,0.1,0.9970140939766895,0.9979728762906567,0.997954739540873,0.9976967166502538,0.9974506331769962,0.9972138900456787,0.9974162830339411,0.9977124026436595,1.0,0.9980446787292847,0.9974725588409444,0.9974006411393135
3,9,1.7230512984998667,0.56044,5000,2.057618812278465,0.4141656662665066,833,2.06854465708565,0.4075,0.999136301663685,0.08336488958986042,,,1.0,,1.0,0.0,0.9950174781908742,0.09989188254452305,5,0.001,0.1,0.9976042421464257,0.9983213142750945,0.9979382860342276,0.9975526729547309,0.9979015129135498,0.9980602441337187,0.9977031025484117,0.9979149502452339,0.9980446787292847,1.0,0.9977241154297248,0.9979059923455029
3,10,1.7246684255114026,0.53772,5000,2.0768677128685846,0.375750300120048,833,2.06854465708565,0.4075,0.998836163842104,0.08332732757688366,,,1.0,,1.0,0.0,0.9950174781908742,0.09989188254452305,5,0.001,0.1,0.9974158236518927,0.9980985213990695,0.9979451924184592,0.9966272731658188,0.9979489821391547,0.9972340886841716,0.9971286731689623,0.9980131448146906,0.9974725588409444,0.9977241154297248,1.0,0.9974656306307829
3,11,1.7169989027035464,0.56508,5000,2.059680863663002,0.4237695078031212,833,2.06854465708565,0.4075,0.9987833523676668,0.08326990797466192,,,1.0,,1.0,0.0,0.9950174781908742,0.09989188254452305,5,0.001,0.1,0.9968490056730881,0.9976990907105058,0.9974855445548176,0.9972313584678382,0.9973151788933274,0.997610750071533,0.9978851975205452,0.9975955308014198,0.9974006411393135,0.9979059923455029,0.9974656306307829,1.0
4,0,1.5770688062260865,0.56456,5000,1.9764122742193717,0.47002398081534774,834,1.972214858752851,0.4835,0.9987426684397993,0.08328965938995865,,,1.0,,1.0,0.0,0.9975487915991834,0.09989219767990462,5,0.001,0.1,1.0,0.997791684574395,0.997428342292659,0.9971630715299354,0.9974352538227094,0.9978092530045231,0.9973127475899308,0.9975955243580619,0.9975125411036958,0.9974893643616654,0.9975380500540769,0.9969172842677174
4,1,1.562802310582179,0.59004,5000,1.9715395017906472,0.46522781774580335,834,1.972214858752851,0.4835,0.9992183680038326,0.08336267394068883,,,1.0,,1.0,0.0,0.9975487915991834,0.09989219767990462,5,0.001,0.1,0.997791684574395,1.0,0.9979812487750196,0.9973767474601964,0.9981751670062018,0.99803399335594,0.9979656328411202,0.9981555251167262,0.9980714001123091,0.9983104725956345,0.9982286821992538,0.9976020543560142
4,2,1.5673390996683936,0.58696,5000,1.949954796720434,0.5179856115107914,834,1.972214858752851,0.4835,0.9989918109908487,0.08335082095007694,,,1.0,,1.0,0.0,0.9975487915991834,0.09989219767990462,5,0.001,0.1,0.997428342292659,0.9979812487750196,1.0,0.9974572269213047,0.9975899154322122,0.9973770570356557,0.9980632967648182,0.9977814695559141,0.9980785558002273,0.9977862122564181,0.9979917845322214,0.9974421385433359
4,3,1.562044979128868,0.57216,5000,1.970475638354266,0.4616306954436451,834,1.972214858752851,0.4835,0.9985864206392027,0.08330893615619657,,,1.0,,1.0,0.0,0.9975487915991834,0.09989219767990462,5,0.001,0.1,0.9971630715299354,0.9973767474601964,0.9974572269213047,1.0,0.996815692111112,0.9979788813702355,0.9974664775359554,0.9972384257892242,0.9974967854461434,0.9974480918947298,0.9967189381554784,0.9969588576287395
4,4,1.5685514308085107,0.57924,5000,1.973431600464715,0.48259303721488594,833,1.972214858752851,0.4835,0.9988792129453429,0.08334577191082762,,,1.0,,1.0,0.0,0.9975487915991834,0.09989219767990462,5,0.001,0.1,0.9974352538227094,0.9981751670062018,0.9975899154322122,0.996815692111112,1.0,0.9976711843523675,0.9975782978102308,0.9980898127485179,0.9974219978707227,0.9977381911142399,0.997999084814982,0.9971124058759041
4,5,1.5510286675896614,0.59272,5000,1.9714180805065014,0.48619447779111646,833,1.972214858752851,0.4835,0.9989947074622664,0.08334620791153959,,,1.0,,1.0,0.0,0.9975487915991834,0.09989219767990462,5,0.001,0.1,0.9978092530045231,0.99803399335594,0.9973770570356557,0.9979788813702355,0.9976711843523675,1.0,0.9976799533945142,0.9980195917107628,0.9973525266831861,0.9978999777148136,0.9975460334033431,0.9976441867337957
4,6,1.5669777162515435,0.59448,5000,1.9690710262016013,0.49819927971188477,833,1.972214858752851,0.4835,0.9989364029708006,0.08333090148936956,,,1.0,,1.0,0.0,0.9975487915991834,0.09989219767990462,5,0.001,0.1,0.9973127475899308,0.9979656328411202,0.9980632967648182,0.9974664775359554,0.9975782978102308,0.9976799533945142,1.0,0.997877939316112,0.997527370178405,0.9975887462483434,0.9975989582787893,0.9976544259787641
4,7,1.5549334229937024,0.60256,5000,1.9627855221430461,0.4969987995198079,833,1.972214858752851,0.4835,0.9990525665282062,0.08335162312324214,,,1.0,,1.0,0.0,0.9975487915991834,0.09989219767990462,5,0.001,0.1,0.9975955243580619,0.9981555251167262,0.9977814695559141,0.9972384257892242,0.9980898127485179,0.9980195917107628,0.997877939316112,1.0,0.9979081119515442,0.9977185264517932,0.9979582400488154,0.9973621086471477
4,8,1.5645844263635624,0.59536,5000,1.989568206999037,0.44657863145258103,833,1.972214858752851,0.4835,0.9989481316155575,0.08333833896392889,,,1.0,,1.0,0.0,0.9975487915991834,0.09989219767990462,5,0.001,0.1,0.9975125411036958,0.9980714001123091,0.9980785558002273,0.9974967854461434,0.9974219978707227,0.9973525266831861,0.997527370178405,0.9979081119515442,1.0,0.9979890484769454,0.9978550100994891,0.9972405121383081
4,9,1.5618270362258717,0.60396,5000,1.9605770464296695,0.4921968787515006,833,1.972214858752851,0.4835,0.9990503245883625,0.08335682613233737,,,1.0,,1.0,0.0,0.9975487915991834,0.09989219767990462,5,0.001,0.1,0.9974893643616654,0.9983104725956345,0.9977862122564181,0.9974480918947298,0.9977381911142399,0.9978999777148136,0.9975887462483434,0.9977185264517932,0.9979890484769454,1.0,0.9979923165905031,0.9977175026626606
4,10,1.5652792766595343,0.5832,5000,1.9817989225740786,0.4729891956782713,833,1.972214858752851,0.4835,0.9989887983724084,0.08333180909663684,,,1.0,,1.0,0.0,0.9975487915991834,0.09989219767990462,5,0.001,0.1,0.9975380500540769,0.9982286821992538,0.9979917845322214,0.9967189381554784,0.997999084814982,0.9975460334033431,0.9975989582787893,0.9979582400488154,0.9978550100994891,0.9979923165905031,1.0,0.9975143447984941
4,11,1.5540732196182203,0.60796,5000,1.960038626635516,0.5114045618247299,833,1.972214858752851,0.4835,0.9986736348651014,0.08328643093519676,,,1.0,,1.0,0.0,0.9975487915991834,0.09989219767990462,5,0.001,0.1,0.9969172842677174,0.9976020543560142,0.9974421385433359,0.9969588576287395,0.9971124058759041,0.9976441867337957,0.9976544259787641,0.9973621086471477,0.9972405121383081,0.9977175026626606,0.9975143447984941,1.0
5,0,1.4426498290080174,0.5968,5000,1.866547664006551,0.5419664268585132,834,1.8618575384060796,0.5376,0.9986199685505504,0.08330133639358453,,,1.0,,1.0,0.0,0.9981598016686586,0.09987816432126159,5,0.001,0.1,1.0,0.9974313427964531,0.9970872126304462,0.9968442677016559,0.9969768815687994,0.9973905745168804,0.9970217744817503,0.9975620369112487,0.9974065399590034,0.9971776174482686,0.9972575253642832,0.9966845845352068
5,1,1.4280174250815325,0.61696,5000,1.861611803372701,0.5107913669064749,834,1.8618575384060796,0.5376,0.9989896885590025,0.0833580404429475,,,1.0,,1.0,0.0,0.9981598016686586,0.09987816432126159,5,0.001,0.1,0.9974313427964531,1.0,0.9974457683608225,0.9968378086034103,0.9978023036431188,0.9974166134428532,0.9976812551120718,0.9979542186350134,0.9977748063849401,0.9978552978953544,0.9979289460513862,0.9971407662448065
5,2,1.433394406935212,0.61912,5000,1.8342828750610352,0.5719424460431655,834,1.8618575384060796,0.5376,0.998747866252354,0.0833429678783973,,,1.0,,1.0,0.0,0.9981598016686586,0.09987816432126159,5,0.001,0.1,0.9970872126304462,0.9974457683608225,1.0,0.9968617338836684,0.9972707224810171,0.9967826471911666,0.9975576396571045,0.9974658350453,0.997714948372975,0.9972981370563782,0.9977903963897714,0.9970963581405481
5,3,1.4294367743905183,0.60708,5000,1.8608705202738445,0.511990407673861,834,1.8618575384060796,0.5376,0.9984317039032233,0.08330708084195743,,,1.0,,1.0,0.0,0.9981598016686586,0.09987816432126159,5,0.001,0.1,0.9968442677016559,0.9968378086034103,0.9968617338836684,1.0,0.9964961799347644,0.9977049676324053,0.9969808656258822,0.9971010469239684,0.9969904013692701,0.9971768169254889,0.9965999771476222,0.9969897036959992
5,4,1.434506780782323,0.60956,5000,1.8607839787447895,0.5282112845138055,833,1.8618575384060796,0.5376,0.9987506241332597,0.08333996085162522,,,1.0,,1.0,0.0,0.9981598016686586,0.09987816432126159,5,0.001,0.1,0.9969768815687994,0.9978023036431188,0.9972707224810171,0.9964961799347644,1.0,0.9971077122705804,0.9973253004644893,0.9979042258671065,0.9973023756662218,0.9975187066025597,0.9976434359449982,0.9970562681182268
5,5,1.4153672325383326,0.62744,5000,1.8608632308465463,0.5426170468187275,833,1.8618575384060796,0.5376,0.9987405527181074,0.08333990316630167,,,1.0,,1.0,0.0,0.9981598016686586,0.09987816432126159,5,0.001,0.1,0.9973905745168804,0.9974166134428532,0.9967826471911666,0.9977049676324053,0.9971077122705804,1.0,0.9970307334927213,0.9977122686369869,0.9969391890046015,0.997552914177541,0.9973785217460818,0.9972682144646504
5,6,1.4322190059218438,0.626,5000,1.857800148151539,0.5366146458583433,833,1.8618575384060796,0.5376,0.9987477770285375,0.08333075053631879,,,1.0,,1.0,0.0,0.9981598016686586,0.09987816432126159,5,0.001,0.1,0.9970217744817503,0.9976812551120718,0.9975576396571045,0.9969808656258822,0.9973253004644893,0.9970307334927213,1.0,0.9974966264582832,0.9971402234457025,0.9972674322903714,0.9974964844306499,0.9973726362016113
5,7,1.4208844613877072,0.63004,5000,1.8476080143893208,0.5462184873949579,833,1.8618575384060796,0.5376,0.9990037488144894,0.08335171793597851,,,1.0,,1.0,0.0,0.9981598016686586,0.09987816432126159,5,0.001,0.1,0.9975620369112487,0.9979542186350134,0.9974658350453,0.9971010469239684,0.9979042258671065,0.9977122686369869,0.9974966264582832,1.0,0.9976877876470374,0.9974834898843757,0.9979273082989781,0.9971432586003715
5,8,1.4290028215213946,0.61832,5000,1.8840334238829437,0.5330132052821128,833,1.8618575384060796,0.5376,0.9988456610603367,0.08333847017876034,,,1.0,,1.0,0.0,0.9981598016686586,0.09987816432126159,5,0.001,0.1,0.9974065399590034,0.9977748063849401,0.997714948372975,0.9969904013692701,0.9973023756662218,0.9969391890046015,0.9971402234457025,0.9976877876470374,1.0,0.9977224683533081,0.997801303122548,0.9970636669463526
5,9,1.4265003367594093,0.63444,5000,1.8502704037560358,0.5522208883553421,833,1.8618575384060796,0.5376,0.9989224044995328,0.08335228313344581,,,1.0,,1.0,0.0,0.9981598016686586,0.09987816432126159,5,0.001,0.1,0.9971776174482686,0.9978552978953544,0.9972981370563782,0.9971768169254889,0.9975187066025597,0.997552914177541,0.9972674322903714,0.9974834898843757,0.9977224683533081,1.0,0.9976249524865043,0.9977854897592011
5,10,1.4312604933028008,0.61544,5000,1.8724537822935317,0.5162064825930373,833,1.8618575384060796,0.5376,0.9989502142634401,0.08333784038897099,,,1.0,,1.0,0.0,0.9981598016686586,0.09987816432126159,5,0.001,0.1,0.9972575253642832,0.9979289460513862,0.9977903963897714,0.9965999771476222,0.9976434359449982,0.9973785217460818,0.9974964844306499,0.9979273082989781,0.997801303122548,0.9976249524865043,1.0,0.9973479061094769
5,11,1.417991577971513,0.63168,5000,1.8460142700760453,0.5594237695078031,833,1.8618575384060796,0.5376,0.9986290014749365,0.08329964825171178,,,1.0,,1.0,0.0,0.9981598016686586,0.09987816432126159,5,0.001,0.1,0.9966845845352068,0.9971407662448065,0.9970963581405481,0.9969897036959992,0.9970562681182268,0.9972682144646504,0.9973726362016113,0.9971432586003715,0.9970636669463526,0.9977854897592011,0.9973479061094769,1.0
6,0,1.33124222482086,0.62752,5000,1.7452566314626623,0.5731414868105515,834,1.740188001824644,0.5723,0.9984134728725402,0.08330859273754523,,,1.0,,1.0,0.0,0.9982597177928506,0.09985720958421444,5,0.001,0.1,1.0,0.997077106054774,0.9964708670062257,0.9965153123104943,0.9963911245093379,0.9969787544293344,0.9967334782001068,0.9971987530589812,0.9969496766897263,0.9967487026996572,0.9965902230715589,0.9962008184455937
6,1,1.3165061861846097,0.64088,5000,1.7405108213424683,0.5467625899280576,834,1.740188001824644,0.5723,0.9988397050603526,0.08335712308282041,,,1.0,,1.0,0.0,0.9982597177928506,0.09985720958421444,5,0.001,0.1,0.997077106054774,1.0,0.9972763326561334,0.9965313315054082,0.9972722883014921,0.9971786137359053,0.9974814389664017,0.9975332656880094,0.9972690845008687,0.997370684634817,0.9973705124876943,0.9965993852247952
6,2,1.3200547367903837,0.64452,5000,1.7070028826042458,0.6115107913669064,834,1.740188001824644,0.5723,0.99853749033322,0.08333812569643798,,,1.0,,1.0,0.0,0.9982597177928506,0.09985720958421444,5,0.001,0.1,0.9964708670062257,0.9972763326561334,1.0,0.9963056866873652,0.9967747652589428,0.9964250833200605,0.9973225181363203,0.9972107063703518,0.9971847333005155,0.9966021618429176,0.9971796294743752,0.9965867002727548
6,3,1.3192716688107533,0.63412,5000,1.7403003286432337,0.5551558752997602,834,1.740188001824644,0.5723,0.9982535998620303,0.08330695542957597,,,1.0,,1.0,0.0,0.9982597177928506,0.09985720958421444,5,0.001,0.1,0.9965153123104943,0.9965313315054082,0.9963056866873652,1.0,0.9961400273321742,0.9974722680436845,0.9965599255637434,0.9966547724026983,0.9964687916481375,0.9966060789843404,0.9962553790464986,0.9964297153450236
6,4,1.3236347289601709,0.63088,5000,1.736442345160025,0.56062424969988,833,1.740188001824644,0.5723,0.998505951191909,0.08333526370641246,,,1.0,,1.0,0.0,0.9982597177928506,0.09985720958421444,5,0.001,0.1,0.9963911245093379,0.9972722883014921,0.9967747652589428,0.9961400273321742,1.0,0.9969010221936349,0.9968403986899029,0.9973922485692343,0.996631027447554,0.9969459574464065,0.9969813571231295,0.9966909898784877
6,5,1.3042543536538531,0.64836,5000,1.7387307440793072,0.5738295318127251,833,1.740188001824644,0.5723,0.9986592566808306,0.08334017640473208,,,1.0,,1.0,0.0,0.9982597177928506,0.09985720958421444,5,0.001,0.1,0.9969787544293344,0.9971786137359053,0.9964250833200605,0.9974722680436845,0.9969010221936349,1.0,0.9969045218648049,0.9973197973806389,0.9964142606104481,0.9972154038899516,0.996880316716138,0.9971090630774097
6,6,1.321343293994855,0.6496,5000,1.735074758529663,0.5678271308523409,833,1.740188001824644,0.5723,0.9985984084109059,0.08333259969285549,,,1.0,,1.0,0.0,0.9982597177928506,0.09985720958421444,5,0.001,0.1,0.9967334782001068,0.9974814389664017,0.9973225181363203,0.9965599255637434,0.9968403986899029,0.9969045218648049,1.0,0.9972062567316226,0.9965723464874617,0.9965878013512769,0.9970444198618734,0.9968166632962424
6,7,1.3096185099547077,0.65388,5000,1.7207483097358987,0.5906362545018007,833,1.740188001824644,0.5723,0.998803382181208,0.08335207350097468,,,1.0,,1.0,0.0,0.9982597177928506,0.09985720958421444,5,0.001,0.1,0.9971987530589812,0.9975332656880094,0.9972107063703518,0.9966547724026983,0.9973922485692343,0.9973197973806389,0.9972062567316226,1.0,0.9971974371370683,0.9968316123830547,0.9972972259250832,0.9966831321334153
6,8,1.317954337065387,0.64076,5000,1.767709038875721,0.5678271308523409,833,1.740188001824644,0.5723,0.9985517868301109,0.08333582894961673,,,1.0,,1.0,0.0,0.9982597177928506,0.09985720958421444,5,0.001,0.1,0.9969496766897263,0.9972690845008687,0.9971847333005155,0.9964687916481375,0.996631027447554,0.9964142606104481,0.9965723464874617,0.9971974371370683,1.0,0.9969789291638997,0.9974179566236681,0.996426471417239
6,9,1.31343457554556,0.65404,5000,1.72936772858655,0.5798319327731093,833,1.740188001824644,0.5723,0.9986247202833402,0.08334665362947002,,,1.0,,1.0,0.0,0.9982597177928506,0.09985720958421444,5,0.001,0.1,0.9967487026996572,0.997370684634817,0.9966021618429176,0.9966060789843404,0.9969459574464065,0.9972154038899516,0.9965878013512769,0.9968316123830547,0.9969789291638997,1.0,0.9972004625139728,0.9972967312019515
6,10,1.3194571394069938,0.6388,5000,1.7513240929003115,0.5582232893157263,833,1.740188001824644,0.5723,0.99867952626106,0.08333956564168019,,,1.0,,1.0,0.0,0.9982597177928506,0.09985720958421444,5,0.001,0.1,0.9965902230715589,0.9973705124876943,0.9971796294743752,0.9962553790464986,0.9969813571231295,0.996880316716138,0.9970444198618734,0.9972972259250832,0.9974179566236681,0.9972004625139728,1.0,0.996823739908803
6,11,1.3066489665371597,0.65296,5000,1.7205545858100608,0.5822328931572629,833,1.740188001824644,0.5723,0.9983974866487735,0.08330704152787886,,,1.0,,1.0,0.0,0.9982597177928506,0.09985720958421444,5,0.001,0.1,0.9962008184455937,0.9965993852247952,0.9965867002727548,0.9964297153450236,0.9966909898784877,0.9971090630774097,0.9968166632962424,0.9966831321334153,0.996426471417239,0.9972967312019515,0.996823739908803,1.0
7,0,1.2364211577518731,0.64568,5000,1.6170420470061126,0.6091127098321343,834,1.6119148270390666,0.6196,0.9980186508535035,0.0833096914381762,,,1.0,,1.0,0.0,0.9982536166602665,0.09982810277541586,5,0.001,0.1,1.0,0.9962926135372867,0.9956033798405943,0.9958033074153362,0.9954095467414295,0.99635705871452,0.9959684231239756,0.9965875085552067,0.9965275243918488,0.9960481337486702,0.9956182042648387,0.9954220219889165
7,1,1.2217803291454437,0.65712,5000,1.612883068897106,0.5947242206235012,834,1.6119148270390666,0.6196,0.9985863116583871,0.08335777948110162,,,1.0,,1.0,0.0,0.9982536166602665,0.09982810277541586,5,0.001,0.1,0.9962926135372867,1.0,0.9966106826337181,0.9959673039410526,0.996450567463273,0.9966098563603412,0.9969262680047619,0.9967935040666513,0.9968773152841325,0.9970233175119778,0.9967992788599664,0.9960849408423587
7,2,1.2262917186044584,0.66184,5000,1.573145897300155,0.6474820143884892,834,1.6119148270390666,0.6196,0.9982381410461428,0.08333488938003393,,,1.0,,1.0,0.0,0.9982536166602665,0.09982810277541586,5,0.001,0.1,0.9956033798405943,0.9966106826337181,1.0,0.9955323111296571,0.9960393889467708,0.9958780096448655,0.9964942291408813,0.9967627780778113,0.9966975843185221,0.9958511467288375,0.9967847759203519,0.9960111711654238
7,3,1.225771076208467,0.65432,5000,1.6135917990295976,0.6079136690647482,834,1.6119148270390666,0.6196,0.9979745904475372,0.08330726500882006,,,1.0,,1.0,0.0,0.9982536166602665,0.09982810277541586,5,0.001,0.1,0.9958033074153362,0.9959673039410526,0.9955323111296571,1.0,0.9954315635120508,0.9969250619913578,0.996081468036579,0.9963291171864085,0.9959075423467444,0.9959197839296848,0.9957948643381429,0.9954177982900846
7,4,1.2308788875865329,0.64864,5000,1.6052187592894942,0.6158463385354142,833,1.6119148270390666,0.6196,0.9980851732253374,0.0833281963575916,,,1.0,,1.0,0.0,0.9982536166602665,0.09982810277541586,5,0.001,0.1,0.9954095467414295,0.996450567463273,0.9960393889467708,0.9954315635120508,1.0,0.9959826964312707,0.9960119566161048,0.9967557328478709,0.9957774130976899,0.9962688880320071,0.9961929741333003,0.9961123889603497
7,5,1.2089980871814072,0.66364,5000,1.6096429030100505,0.6254501800720288,833,1.6119148270390666,0.6196,0.9984319289437901,0.0833424024876619,,,1.0,,1.0,0.0,0.9982536166602665,0.09982810277541586,5,0.001,0.1,0.99635705871452,0.9966098563603412,0.9958780096448655,0.9969250619913578,0.9959826964312707,1.0,0.9963665407414506,0.9967467809265842,0.9957721159029137,0.9968753723933362,0.9963751278918016,0.9966989726382287
7,6,1.2275831361485134,0.66784,5000,1.6058091190126207,0.6194477791116446,833,1.6119148270390666,0.6196,0.998281576925042,0.083332902309754,,,1.0,,1.0,0.0,0.9982536166602665,0.09982810277541586,5,0.001,0.1,0.9959684231239756,0.9969262680047619,0.9964942291408813,0.996081468036579,0.9960119566161048,0.9963665407414506,1.0,0.9963228312185151,0.9958321150219754,0.9959599945825788,0.9967190342993658,0.9961034576287588
7,7,1.2158443245158834,0.6658,5000,1.5868670565110665,0.6338535414165666,833,1.6119148270390666,0.6196,0.9985704517088714,0.08335417056336786,,,1.0,,1.0,0.0,0.9982536166602665,0.09982810277541586,5,0.001,0.1,0.9965875085552067,0.9967935040666513,0.9967627780778113,0.9963291171864085,0.9967557328478709,0.9967467809265842,0.9963228312185151,1.0,0.996729157233207,0.9962740068301098,0.9968069053453948,0.9961378387772348
7,8,1.2230563246140813,0.6584,5000,1.645640214284261,0.6050420168067226,833,1.6119148270390666,0.6196,0.9983101991758302,0.08333580676274226,,,1.0,,1.0,0.0,0.9982536166602665,0.09982810277541586,5,0.001,0.1,0.9965275243918488,0.9968773152841325,0.9966975843185221,0.9959075423467444,0.9957774130976899,0.9957721159029137,0.9958321150219754,0.996729157233207,1.0,0.9964320736972356,0.9968884144419632,0.9956876336920842
