round,client_id,client_i_training_loss,client_i_training_accuracy,client_i_training_dataset_size,client_i_evaluation_loss,client_i_evaluation_accuracy,client_i_evaluation_dataset_size,client_i_central_evaluation_loss,client_i_central_evaluation_accuracy,client_i_cosine_similarity,client_i_importance_coefficient,client_i_tanh_val,tanh_normalization_value,client_i_q,client_i_mask_order,client_i_v_nonzero_fraction,client_i_v_sparsity,client_i_v_cosine_similarity,client_i_reward_gradient_norm,local_epochs,learning_rate,gamma,client_0_cosine_similarity,client_1_cosine_similarity,client_2_cosine_similarity,client_3_cosine_similarity,client_4_cosine_similarity,client_5_cosine_similarity,client_6_cosine_similarity,client_7_cosine_similarity,client_8_cosine_similarity,client_9_cosine_similarity,client_10_cosine_similarity,client_11_cosine_similarity
0,0,0.3340023583999485,0.89384,5000,2.1911742422315807,0.3669064748201439,834,2.1888659343171044,0.3931,0.7933427950880033,0.08362549127733966,,,,,,,0,0,5,0.1,0.5,1.0,0.58517111894482,0.6057303943425176,0.5941478873526795,0.5746853527835756,0.5866910530167634,0.6078601898125968,0.594862704316375,0.5918082680351024,0.5875909940330515,0.588044211675932,0.6097347980150585
0,1,0.3507684935441917,0.88904,5000,2.1863872828306974,0.4196642685851319,834,2.1888659343171044,0.3931,0.792016220956116,0.08348565839024251,,,,,,,0,0,5,0.1,0.5,0.58517111894482,1.0,0.5981426770200776,0.5931025768113058,0.5826383169754373,0.5907569668441286,0.5949907520529868,0.6019107651168327,0.5938100560044896,0.5983730549867328,0.574696610807024,0.6001490626076361
0,2,0.3467093474522328,0.89008,5000,2.1909748448265924,0.39928057553956836,834,2.1888659343171044,0.3931,0.7994862529646922,0.08427306718810691,,,,,,,0,0,5,0.1,0.5,0.6057303943425176,0.5981426770200776,1.0,0.5922023958076952,0.5921165796918039,0.6045049496721259,0.5983872191852021,0.5950181217884978,0.5944398227433543,0.599076822748035,0.5862882931005278,0.6187017830984951
0,3,0.33701212264502506,0.89312,5000,2.1844420344741255,0.4064748201438849,834,2.1888659343171044,0.3931,0.79165974395027,0.08344808249628151,,,,,,,0,0,5,0.1,0.5,0.5941478873526795,0.5931025768113058,0.5922023958076952,1.0,0.5892690694879075,0.5978573049372096,0.5990522391102093,0.5938067466946408,0.5936093256054321,0.5934469283278626,0.5799797044854068,0.5838859345894333
0,4,0.35149737346656384,0.88976,5000,2.18725225660536,0.4057623049219688,833,2.1888659343171044,0.3931,0.7773759728241408,0.08194244409493556,,,,,,,0,0,5,0.1,0.5,0.5746853527835756,0.5826383169754373,0.5921165796918039,0.5892690694879075,1.0,0.5777104516992083,0.5895307310587137,0.5769432171055956,0.5763866795050218,0.5708477835903926,0.5650445659181706,0.57967931966589
0,5,0.32619105373527024,0.89744,5000,2.1895158644075745,0.39135654261704683,833,2.1888659343171044,0.3931,0.7901948292575302,0.08329366726541505,,,,,,,0,0,5,0.1,0.5,0.5866910530167634,0.5907569668441286,0.6045049496721259,0.5978573049372096,0.5777104516992083,1.0,0.5925662214001469,0.5939112977568785,0.5977520005065449,0.5933831505582633,0.5743738218342019,0.5869554601740563
0,6,0.3433844077276291,0.89248,5000,2.1864727249851934,0.4069627851140456,833,2.1888659343171044,0.3931,0.7991061458324116,0.0842330004655353,,,,,,,0,0,5,0.1,0.5,0.6078601898125968,0.5949907520529868,0.5983872191852021,0.5990522391102093,0.5895307310587137,0.5925662214001469,1.0,0.6026151637039797,0.5936977212750064,0.5981183743090897,0.6039007600633804,0.6002836608632005
0,7,0.3430416722847208,0.89568,5000,2.187843781930429,0.382953181272509,833,2.1888659343171044,0.3931,0.7917108034510177,0.08345346462852099,,,,,,,0,0,5,0.1,0.5,0.594862704316375,0.6019107651168327,0.5950181217884978,0.5938067466946408,0.5769432171055956,0.5939112977568785,0.6026151637039797,1.0,0.5921179610335128,0.5895970699062536,0.5754783941788641,0.5945830648946754
0,8,0.33441535260789335,0.89232,5000,2.186841434902615,0.38535414165666265,833,2.1888659343171044,0.3931,0.7897290356369244,0.0832445684135717,,,,,,,0,0,5,0.1,0.5,0.5918082680351024,0.5938100560044896,0.5944398227433543,0.5936093256054321,0.5763866795050218,0.5977520005065449,0.5936977212750064,0.5921179610335128,1.0,0.5876157921679793,0.5789311646549647,0.5918749717245247
0,9,0.36631894788873876,0.88388,5000,2.1945181246157044,0.37334933973589435,833,2.1888659343171044,0.3931,0.7891637065056657,0.08318497762050267,,,,,,,0,0,5,0.1,0.5,0.5875909940330515,0.5983730549867328,0.599076822748035,0.5934469283278626,0.5708477835903926,0.5933831505582633,0.5981183743090897,0.5895970699062536,0.5876157921679793,1.0,0.5749182601453462,0.5937123359308351
0,10,0.356408525860993,0.88912,5000,2.1821964846716986,0.4069627851140456,833,2.1888659343171044,0.3931,0.7782117741837518,0.08203054510214264,,,,,,,0,0,5,0.1,0.5,0.588044211675932,0.574696610807024,0.5862882931005278,0.5799797044854068,0.5650445659181706,0.5743738218342019,0.6039007600633804,0.5754783941788641,0.5789311646549647,0.5749182601453462,1.0,0.5811254052357142
0,11,0.3415905524152005,0.89112,5000,2.18676730438515,0.37214885954381755,833,2.1888659343171044,0.3931,0.7948563446026004,0.08378503305740552,,,,,,,0,0,5,0.1,0.5,0.6097347980150585,0.6001490626076361,0.6187017830984951,0.5838859345894333,0.57967931966589,0.5869554601740563,0.6002836608632005,0.5945830648946754,0.5918749717245247,0.5937123359308351,0.5811254052357142,1.0
1,0,0.294079192042066,0.91056,5000,2.026916097711634,0.7446043165467626,834,2.0254993629150877,0.7385,0.8135248840563233,0.08357117765772391,,,,,,,0,0,5,0.1,0.5,1.0,0.6220557161790536,0.6287668287603533,0.6313460413815681,0.6279780197665303,0.6294550121084814,0.640405601118162,0.6244383059020644,0.6222298414412211,0.6383864914939559,0.6302803167964427,0.6327197851799695
1,1,0.3023656711427222,0.90644,5000,2.0217276634993375,0.7673860911270983,834,2.0254993629150877,0.7385,0.8107268148914868,0.08338142151054237,,,,,,,0,0,5,0.1,0.5,0.6220557161790536,1.0,0.6270528121336114,0.6258165599521534,0.6273425230134363,0.6345835554884887,0.638960802299974,0.6263641932934658,0.6349135249560758,0.6249869308536752,0.6136033960391364,0.6255426316466797
1,2,0.3074078335800463,0.90312,5000,2.025790541260331,0.7206235011990407,834,2.0254993629150877,0.7385,0.8132024310305599,0.0839879705843768,,,,,,,0,0,5,0.1,0.5,0.6287668287603533,0.6270528121336114,1.0,0.6315053890229327,0.6292816516053721,0.6276728160848349,0.63388748568794,0.6217138952300665,0.6303797499229845,0.635307175931872,0.6296937119181334,0.626884145269852
1,3,0.29918587340077585,0.908,5000,2.023977359135946,0.7242206235011991,834,2.0254993629150877,0.7385,0.8144845988989038,0.08348730582885726,,,,,,,0,0,5,0.1,0.5,0.6313460413815681,0.6258165599521534,0.6315053890229327,1.0,0.630768311567274,0.6376806455569068,0.6337581420027057,0.6330419053579172,0.6313954189926909,0.6270915399775603,0.6317134006164852,0.6242140789100957
1,4,0.30335901398804915,0.90604,5000,2.0245533254411487,0.7346938775510204,833,2.0254993629150877,0.7385,0.8106070001652079,0.08235727894410892,,,,,,,0,0,5,0.1,0.5,0.6279780197665303,0.6273425230134363,0.6292816516053721,0.630768311567274,1.0,0.6210192711176522,0.6370130103921696,0.6269321178554139,0.6302476045054712,0.6320693471821203,0.6180377632512608,0.6263001352074951
1,5,0.2852252827482713,0.91356,5000,2.0294981400171914,0.7503001200480192,833,2.0254993629150877,0.7385,0.8123808318662448,0.08331206387741553,,,,,,,0,0,5,0.1,0.5,0.6294550121084814,0.6345835554884887,0.6276728160848349,0.6376806455569068,0.6210192711176522,1.0,0.6313467071368604,0.6305750068108538,0.6383537531011888,0.6335531586837627,0.6172613504747557,0.6167302200492264
1,6,0.30283386318048666,0.90748,5000,2.022418251744023,0.7250900360144058,833,2.0254993629150877,0.7385,0.8202514963038876,0.08420670045006999,,,,,,,0,0,5,0.1,0.5,0.640405601118162,0.638960802299974,0.63388748568794,0.6337581420027057,0.6370130103921696,0.6313467071368604,1.0,0.6331128724793639,0.6378821115921596,0.6433637548841044,0.6319477748714128,0.6294434718873099
1,7,0.30431644874298647,0.90884,5000,2.025478473416081,0.7478991596638656,833,2.0254993629150877,0.7385,0.8100519844868226,0.08333666838861686,,,,,,,0,0,5,0.1,0.5,0.6244383059020644,0.6263641932934658,0.6217138952300665,0.6330419053579172,0.6269321178554139,0.6305750068108538,0.6331128724793639,1.0,0.6225831264645828,0.6243485653802897,0.626798702760562,0.6251710030054611
1,8,0.2921781466739952,0.90908,5000,2.029712270807337,0.7358943577430972,833,2.0254993629150877,0.7385,0.8131678509665612,0.08330698996436686,,,,,,,0,0,5,0.1,0.5,0.6222298414412211,0.6349135249560758,0.6303797499229845,0.6313954189926909,0.6302476045054712,0.6383537531011888,0.6378821115921596,0.6225831264645828,1.0,0.6351430985399272,0.6213912509918804,0.6217343342181593
1,9,0.32267819463044023,0.90308,5000,2.0265490699697426,0.7418967587034814,833,2.0254993629150877,0.7385,0.8145803287356075,0.08331673894803857,,,,,,,0,0,5,0.1,0.5,0.6383864914939559,0.6249869308536752,0.635307175931872,0.6270915399775603,0.6320693471821203,0.6335531586837627,0.6433637548841044,0.6243485653802897,0.6351430985399272,1.0,0.6216097117202902,0.6242902640801407
1,10,0.30713897047291516,0.90808,5000,2.017990310986837,0.7418967587034814,833,2.0254993629150877,0.7385,0.8059923350055905,0.08225498096488322,,,,,,,0,0,5,0.1,0.5,0.6302803167964427,0.6136033960391364,0.6296937119181334,0.6317134006164852,0.6180377632512608,0.6172613504747557,0.6319477748714128,0.626798702760562,0.6213912509918804,0.6216097117202902,1.0,0.619343016784768
1,11,0.3062591940223886,0.90596,5000,2.0236561784037836,0.7274909963985594,833,2.0254993629150877,0.7385,0.8078927241982361,0.08348070288099965,,,,,,,0,0,5,0.1,0.5,0.6327197851799695,0.6255426316466797,0.626884145269852,0.6242140789100957,0.6263001352074951,0.6167302200492264,0.6294434718873099,0.6251710030054611,0.6217343342181593,0.6242902640801407,0.619343016784768,1.0
2,0,0.2659818589722939,0.91916,5000,1.8207277456919353,0.8729016786570744,834,1.8215261187416296,0.8729,0.8118527131207991,0.08344482279650069,,,,,,,0,0,5,0.1,0.5,1.0,0.6313044425734916,0.633383590707745,0.6288805763793871,0.6227075716202303,0.6314556302228076,0.6319708082638105,0.6204881077072134,0.6313237114412712,0.6300114741209489,0.6230762911347618,0.6363364980815522
2,1,0.27133250167581496,0.916,5000,1.817081265979343,0.8896882494004796,834,1.8215261187416296,0.8729,0.8168243467794618,0.08349233192449766,,,,,,,0,0,5,0.1,0.5,0.6313044425734916,1.0,0.6354929322721301,0.6359124253917618,0.6293353813569753,0.6317418510516424,0.6435554087252371,0.6255282629175748,0.6420355215305704,0.6413307812122356,0.6221774821541088,0.6318065383414636
2,2,0.2726469459842629,0.91828,5000,1.8187319658420704,0.8621103117505995,834,1.8215261187416296,0.8729,0.816053421713323,0.08386626308729318,,,,,,,0,0,5,0.1,0.5,0.633383590707745,0.6354929322721301,1.0,0.6335247819101502,0.6360360498172145,0.6237803442571169,0.6361529178939258,0.6290509150921704,0.6386336665300377,0.6325877260068551,0.6258402177703398,0.6357519056714686
2,3,0.27060430574106276,0.9182,5000,1.8236845113612987,0.8669064748201439,834,1.8215261187416296,0.8729,0.8131360066297103,0.083434033750494,,,,,,,0,0,5,0.1,0.5,0.6288805763793871,0.6359124253917618,0.6335247819101502,1.0,0.6380232462677463,0.6221833254460892,0.636983826129162,0.622682575774527,0.6418431630616488,0.6295896969981172,0.6160837544269087,0.6281753019104102
2,4,0.2743178060717264,0.91576,5000,1.8215203417672052,0.8667466986794717,833,1.8215261187416296,0.8729,0.8108553829271241,0.08260813676005233,,,,,,,0,0,5,0.1,0.5,0.6227075716202303,0.6293353813569753,0.6360360498172145,0.6380232462677463,1.0,0.6246635119141095,0.6339831864023615,0.6206326872900423,0.6413119027200823,0.6317824222732494,0.6180339873360532,0.6201000964341745
2,5,0.2597020058993511,0.92324,5000,1.8304830348050152,0.865546218487395,833,1.8215261187416296,0.8729,0.8084484010386812,0.08315525197053142,,,,,,,0,0,5,0.1,0.5,0.6314556302228076,0.6317418510516424,0.6237803442571169,0.6221833254460892,0.6246635119141095,1.0,0.6324863933987148,0.624444743380094,0.6313682186072798,0.6339557257107438,0.6122497167797184,0.6205287774029054
2,6,0.2697480915333767,0.91956,5000,1.8175558514065213,0.8739495798319328,833,1.8215261187416296,0.8729,0.8203687413383903,0.08416083124383676,,,,,,,0,0,5,0.1,0.5,0.6319708082638105,0.6435554087252371,0.6361529178939258,0.636983826129162,0.6339831864023615,0.6324863933987148,1.0,0.6389048757475491,0.639636937616559,0.6365177276844989,0.6378271782432624,0.6335015323958403
2,7,0.27168383689798936,0.91712,5000,1.8232381829509028,0.8691476590636255,833,1.8215261187416296,0.8729,0.8080010823555412,0.08315595323762728,,,,,,,0,0,5,0.1,0.5,0.6204881077072134,0.6255282629175748,0.6290509150921704,0.622682575774527,0.6206326872900423,0.624444743380094,0.6389048757475491,1.0,0.6314973166990836,0.6236503135794732,0.6224007981578905,0.6251010838154758
2,8,0.25997705197519366,0.92172,5000,1.8334517832155581,0.8775510204081632,833,1.8215261187416296,0.8729,0.8205951155007701,0.08357427679024315,,,,,,,0,0,5,0.1,0.5,0.6313237114412712,0.6420355215305704,0.6386336665300377,0.6418431630616488,0.6413119027200823,0.6313682186072798,0.639636937616559,0.6314973166990836,1.0,0.6421124938803139,0.6363213522881895,0.6315813117584717
2,9,0.2911333778244295,0.91112,5000,1.8165764234684132,0.8595438175270108,833,1.8215261187416296,0.8729,0.8149907154488336,0.08338583629008513,,,,,,,0,0,5,0.1,0.5,0.6300114741209489,0.6413307812122356,0.6325877260068551,0.6295896969981172,0.6317824222732494,0.6339557257107438,0.6365177276844989,0.6236503135794732,0.6421124938803139,1.0,0.6234013274261304,0.6278309465586662
2,10,0.280601086665633,0.91548,5000,1.8126206662919786,0.8979591836734694,833,1.8215261187416296,0.8729,0.8054140495517852,0.08235133870581038,,,,,,,0,0,5,0.1,0.5,0.6230762911347618,0.6221774821541088,0.6258402177703398,0.6160837544269087,0.6180339873360532,0.6122497167797184,0.6378271782432624,0.6224007981578905,0.6363213522881895,0.6234013274261304,1.0,0.6266345579226649
2,11,0.2775007106601053,0.9176,5000,1.8204560544755723,0.8727490996398559,833,1.8215261187416296,0.8729,0.8114465372680257,0.08337092344302807,,,,,,,0,0,5,0.1,0.5,0.6363364980815522,0.6318065383414636,0.6357519056714686,0.6281753019104102,0.6201000964341745,0.6205287774029054,0.6335015323958403,0.6251010838154758,0.6315813117584717,0.6278309465586662,0.6266345579226649,1.0
3,0,0.24438314865503435,0.92712,5000,1.5859785300713998,0.919664268585132,834,1.5897399297537513,0.916,0.8036241218856549,0.08330201866328144,,,,,,,0,0,5,0.1,0.5,1.0,0.618571161024727,0.6142912475613511,0.6291730997621515,0.6057019434414506,0.6088043572513584,0.6197929886505404,0.6045071363228426,0.6112306306419777,0.6228276573719045,0.6210538271042869,0.6224526771717389
3,1,0.24420311260422703,0.92604,5000,1.5846649099279333,0.9268585131894485,834,1.5897399297537513,0.916,0.8112906368227397,0.0836008081378078,,,,,,,0,0,5,0.1,0.5,0.618571161024727,1.0,0.6210331917967045,0.6238498365781829,0.6113363764480514,0.6197613568978354,0.6296708813289094,0.6198950895474851,0.6354301591874995,0.6255002210232218,0.6213555806023713,0.6258976030976352
3,2,0.2507176894575927,0.92404,5000,1.584807108949732,0.919664268585132,834,1.5897399297537513,0.916,0.8085706598575783,0.08375369388061214,,,,,,,0,0,5,0.1,0.5,0.6142912475613511,0.6210331917967045,1.0,0.6276279481720113,0.6152503863993555,0.6164586366763435,0.6261334981634874,0.6164170539438675,0.6286332924002808,0.6222663328573309,0.620388395791605,0.6158424980795296
3,3,0.24260388519525955,0.92492,5000,1.5960878442834925,0.9052757793764988,834,1.5897399297537513,0.916,0.8099321799727434,0.08351481967409377,,,,,,,0,0,5,0.1,0.5,0.6291730997621515,0.6238498365781829,0.6276279481720113,1.0,0.6133206897600857,0.6245800341098824,0.6260157481119202,0.618358577528448,0.6266597555115275,0.6193580457611967,0.6123665033524285,0.6180356758841525
3,4,0.25459118929638225,0.92272,5000,1.5896133096129805,0.907563025210084,833,1.5897399297537513,0.916,0.7967168450130135,0.08250688055030475,,,,,,,0,0,5,0.1,0.5,0.6057019434414506,0.6113363764480514,0.6152503863993555,0.6133206897600857,1.0,0.6079738273456812,0.6206352769766992,0.6051039489530775,0.6136226550398131,0.6180850250108408,0.5995709057707304,0.6046714571279449
3,5,0.23361275604315054,0.93188,5000,1.6021751253693193,0.9147659063625451,833,1.5897399297537513,0.916,0.803272212069834,0.08309791058941383,,,,,,,0,0,5,0.1,0.5,0.6088043572513584,0.6197613568978354,0.6164586366763435,0.6245800341098824,0.6079738273456812,1.0,0.6207073198375872,0.6144928502221998,0.6234676313434805,0.6172647956112678,0.6115097778340479,0.6112211239529157
3,6,0.2550269276983324,0.92456,5000,1.5855710947955097,0.9159663865546218,833,1.5897399297537513,0.916,0.8137253248822602,0.08412857455135415,,,,,,,0,0,5,0.1,0.5,0.6197929886505404,0.6296708813289094,0.6261334981634874,0.6260157481119202,0.6206352769766992,0.6207073198375872,1.0,0.6222747020210829,0.6302081807933894,0.6282105727615722,0.6238144839005065,0.6255283090602775
3,7,0.2471945001049691,0.92736,5000,1.5923560195498996,0.9099639855942377,833,1.5897399297537513,0.916,0.8021493307659214,0.08305922267555779,,,,,,,0,0,5,0.1,0.5,0.6045071363228426,0.6198950895474851,0.6164170539438675,0.618358577528448,0.6051039489530775,0.6144928502221998,0.6222747020210829,1.0,0.6199367074589477,0.6146485374708129,0.6151761607196647,0.6145845690111318
3,8,0.2412467570809327,0.9268,5000,1.6096975715072066,0.9123649459783914,833,1.5897399297537513,0.916,0.8125262033345622,0.08369817736777758,,,,,,,0,0,5,0.1,0.5,0.6112306306419777,0.6354301591874995,0.6286332924002808,0.6266597555115275,0.6136226550398131,0.6234676313434805,0.6302081807933894,0.6199367074589477,1.0,0.6307665008066613,0.6224089609377126,0.6215301331181924
3,9,0.266579068077218,0.92204,5000,1.5777098072899713,0.9123649459783914,833,1.5897399297537513,0.916,0.8090391984663314,0.08345175297100574,,,,,,,0,0,5,0.1,0.5,0.6228276573719045,0.6255002210232218,0.6222663328573309,0.6193580457611967,0.6180850250108408,0.6172647956112678,0.6282105727615722,0.6146485374708129,0.6307665008066613,1.0,0.6140262884764729,0.6180115482771177
3,10,0.25675885523165204,0.92332,5000,1.5786597198910184,0.9351740696278511,833,1.5897399297537513,0.916,0.8033489779512455,0.08256800290343867,,,,,,,0,0,5,0.1,0.5,0.6210538271042869,0.6213555806023713,0.620388395791605,0.6123665033524285,0.5995709057707304,0.6115097778340479,0.6238144839005065,0.6151761607196647,0.6224089609377126,0.6140262884764729,1.0,0.6189309471247986
3,11,0.24539587514380076,0.9258,5000,1.5889816593240809,0.9123649459783914,833,1.5897399297537513,0.916,0.8054905081343511,0.08331813803535218,,,,,,,0,0,5,0.1,0.5,0.6224526771717389,0.6258976030976352,0.6158424980795296,0.6180356758841525,0.6046714571279449,0.6112211239529157,0.6255283090602775,0.6145845690111318,0.6215301331181924,0.6180115482771177,0.6189309471247986,1.0
4,0,0.22531450019072694,0.93356,5000,1.331843654314677,0.934052757793765,834,1.3397384622988229,0.9326,0.7980887271910646,0.08329674684426029,,,,,,,0,0,5,0.1,0.5,1.0,0.6011491020562327,0.6026189792236325,0.6076148965267556,0.6018290717076271,0.6016043225972154,0.6117725096932104,0.5998597374178377,0.6037958831710326,0.6066099578245003,0.5990435122410926,0.6118949919814541
4,1,0.22270921046614267,0.9322,5000,1.3337694141599867,0.9388489208633094,834,1.3397384622988229,0.9326,0.8001780940253401,0.08356846464282458,,,,,,,0,0,5,0.1,0.5,0.6011491020562327,1.0,0.6044153438594942,0.6070620093407596,0.6019898726239487,0.6075840082515569,0.6089752808115033,0.6036581231197484,0.6174368332205972,0.6083820394489958,0.6026999772222262,0.6030515045094863
4,2,0.23333197205452022,0.9302,5000,1.3326698453338057,0.935251798561151,834,1.3397384622988229,0.9326,0.7973557462856797,0.08357135037532927,,,,,,,0,0,5,0.1,0.5,0.6026189792236325,0.6044153438594942,1.0,0.6087910305278512,0.6012504579932422,0.6063407365634119,0.6019445652329726,0.604175552854063,0.6073184158146923,0.6011659497509644,0.5978088262145318,0.6028672667753988
4,3,0.22055930607080174,0.93368,5000,1.3497369377701371,0.9244604316546763,834,1.3397384622988229,0.9326,0.8016202884816865,0.08356176171165905,,,,,,,0,0,5,0.1,0.5,0.6076148965267556,0.6070620093407596,0.6087910305278512,1.0,0.6130013518159162,0.6075321417832541,0.6108377626291561,0.6046292726146962,0.6169893981384987,0.601834581680322,0.5971566414773097,0.6052161120014099
4,4,0.2334273086866708,0.9288,5000,1.3390991157955594,0.9243697478991597,833,1.3397384622988229,0.9326,0.7960052064989919,0.0826952892875411,,,,,,,0,0,5,0.1,0.5,0.6018290717076271,0.6019898726239487,0.6012504579932422,0.6130013518159162,1.0,0.600381739220828,0.6084155879481409,0.5994615852804731,0.6091651774812415,0.6081172185521649,0.5954271865300289,0.5925446613552323
4,5,0.21505875564032015,0.93808,5000,1.354888911600466,0.9315726290516206,833,1.3397384622988229,0.9326,0.7969902884164682,0.0831226369257786,,,,,,,0,0,5,0.1,0.5,0.6016043225972154,0.6075840082515569,0.6063407365634119,0.6075321417832541,0.600381739220828,1.0,0.608077956079786,0.6032795086081246,0.6086480593977962,0.598678693003006,0.5990428841033533,0.5970529781557242
4,6,0.22645337030552565,0.9326,5000,1.3362105775762487,0.9315726290516206,833,1.3397384622988229,0.9326,0.8027125308910609,0.08400796469534746,,,,,,,0,0,5,0.1,0.5,0.6117725096932104,0.6089752808115033,0.6019445652329726,0.6108377626291561,0.6084155879481409,0.608077956079786,1.0,0.5988370832810148,0.6169865805613799,0.612083028167125,0.6068210736355971,0.6035549993604039
4,7,0.22561708365294156,0.9348,5000,1.3433607949150934,0.9387755102040817,833,1.3397384622988229,0.9326,0.7958787153158504,0.08305802938065326,,,,,,,0,0,5,0.1,0.5,0.5998597374178377,0.6036581231197484,0.604175552854063,0.6046292726146962,0.5994615852804731,0.6032795086081246,0.5988370832810148,1.0,0.6124436950783866,0.5967007283772089,0.6013112462202546,0.6035153361476893
4,8,0.222171696437416,0.9326,5000,1.3671429068953902,0.9375750300120048,833,1.3397384622988229,0.9326,0.8064856600308632,0.08385386965852136,,,,,,,0,0,5,0.1,0.5,0.6037958831710326,0.6174368332205972,0.6073184158146923,0.6169893981384987,0.6091651774812415,0.6086480593977962,0.6169865805613799,0.6124436950783866,1.0,0.6171425034025847,0.610310305153937,0.6062127818891914
4,9,0.24640410348630634,0.92572,5000,1.3229019156208746,0.9267707082833133,833,1.3397384622988229,0.9326,0.7983704238419743,0.08340613725332156,,,,,,,0,0,5,0.1,0.5,0.6066099578245003,0.6083820394489958,0.6011659497509644,0.601834581680322,0.6081172185521649,0.598678693003006,0.612083028167125,0.5967007283772089,0.6171425034025847,1.0,0.5977363627366673,0.6012995298321738
4,10,0.23446436652878097,0.93088,5000,1.3266815256189417,0.9423769507803121,833,1.3397384622988229,0.9326,0.7931676742873719,0.08263664469590883,,,,,,,0,0,5,0.1,0.5,0.5990435122410926,0.6026999772222262,0.5978088262145318,0.5971566414773097,0.5954271865300289,0.5990428841033533,0.6068210736355971,0.6013112462202546,0.610310305153937,0.5977363627366673,1.0,0.5968146613645551
4,11,0.22544133758504584,0.93092,5000,1.338883117393211,0.9255702280912365,833,1.3397384622988229,0.9326,0.7956204146257456,0.08322110452885469,,,,,,,0,0,5,0.1,0.5,0.6118949919814541,0.6030515045094863,0.6028672667753988,0.6052161120014099,0.5925446613552323,0.5970529781557242,0.6035549993604039,0.6035153361476893,0.6062127818891914,0.6012995298321738,0.5968146613645551,1.0
5,0,0.2069113651990511,0.93728,5000,1.0798205424238134,0.9364508393285371,834,1.0914134032810077,0.9402,0.7793698644263606,0.08309596491224279,,,,,,,0,0,5,0.1,0.5,1.0,0.578579955688563,0.5810979080864573,0.5786476726435322,0.5747891441515897,0.5780385161808306,0.574910830932272,0.5722512267183508,0.5678138564940474,0.5778722457868852,0.5698664360281004,0.5919831510631619
5,1,0.20621576749595108,0.93692,5000,1.083583860485642,0.9484412470023981,834,1.0914134032810077,0.9402,0.7861315824359301,0.08351546639575835,,,,,,,0,0,5,0.1,0.5,0.578579955688563,1.0,0.5840344592825825,0.5780248558798704,0.5833007186513512,0.580326214069622,0.591794327524152,0.5859440146397982,0.5846836433826756,0.5815392010798616,0.5775555401474208,0.5823397208559241
5,2,0.21015993068113353,0.93588,5000,1.0825048155254788,0.9424460431654677,834,1.0914134032810077,0.9402,0.7869208072757974,0.08354516039332156,,,,,,,0,0,5,0.1,0.5,0.5810979080864573,0.5840344592825825,1.0,0.586078157566165,0.5835118713752135,0.5888509878532043,0.5783219778677916,0.5822917094633236,0.5835836509974844,0.5796302821593271,0.5823653171967615,0.5859332547935354
5,3,0.20134858517539778,0.93816,5000,1.104071921772427,0.9376498800959233,834,1.0914134032810077,0.9402,0.7859066635633531,0.08350307329878552,,,,,,,0,0,5,0.1,0.5,0.5786476726435322,0.5780248558798704,0.586078157566165,1.0,0.587215625269939,0.587032919867784,0.5851022778481492,0.5834338333306212,0.5914146267156897,0.5779473565218542,0.5689788873651043,0.5821365847859085
5,4,0.2142808147367968,0.93532,5000,1.0898155150590119,0.9351740696278511,833,1.0914134032810077,0.9402,0.7847441056979226,0.08288300312344851,,,,,,,0,0,5,0.1,0.5,0.5747891441515897,0.5833007186513512,0.5835118713752135,0.587215625269939,1.0,0.5842984029730239,0.5846996395529769,0.5893896342501929,0.5806832638586961,0.5906784345599178,0.5695338387557869,0.5712996593408369
5,5,0.19423823359594414,0.941,5000,1.1076774486788996,0.9339735894357744,833,1.0914134032810077,0.9402,0.7882569929253341,0.08329223677303556,,,,,,,0,0,5,0.1,0.5,0.5780385161808306,0.580326214069622,0.5888509878532043,0.587032919867784,0.5842984029730239,1.0,0.5843250797858939,0.588609645542303,0.5874877674546463,0.5885118660910542,0.5782499205638355,0.5846924727567256
5,6,0.20490572981856717,0.93816,5000,1.0888599267712347,0.9423769507803121,833,1.0914134032810077,0.9402,0.7885468344494951,0.08389420796389378,,,,,,,0,0,5,0.1,0.5,0.574910830932272,0.591794327524152,0.5783219778677916,0.5851022778481492,0.5846996395529769,0.5843250797858939,1.0,0.5897453365850218,0.5820420479264174,0.5878139707970926,0.5857390519153703,0.5843501746932473
5,7,0.20819879798989765,0.9386,5000,1.0954941467002586,0.9447779111644657,833,1.0914134032810077,0.9402,0.787942826262477,0.08323799907409786,,,,,,,0,0,5,0.1,0.5,0.5722512267183508,0.5859440146397982,0.5822917094633236,0.5834338333306212,0.5893896342501929,0.588609645542303,0.5897453365850218,1.0,0.5859744422655443,0.5812705327293689,0.5788353154045933,0.5900691891708136
5,8,0.19855653905030934,0.94068,5000,1.1253196508796126,0.9471788715486195,833,1.0914134032810077,0.9402,0.7867312321813958,0.08372733382419266,,,,,,,0,0,5,0.1,0.5,0.5678138564940474,0.5846836433826756,0.5835836509974844,0.5914146267156897,0.5806832638586961,0.5874877674546463,0.5820420479264174,0.5859744422655443,1.0,0.5886130426402832,0.578239280619253,0.5818522530924893
5,9,0.2252629089952227,0.93352,5000,1.0710554829350225,0.9351740696278511,833,1.0914134032810077,0.9402,0.7858870228605808,0.08339835918117652,,,,,,,0,0,5,0.1,0.5,0.5778722457868852,0.5815392010798616,0.5796302821593271,0.5779473565218542,0.5906784345599178,0.5885118660910542,0.5878139707970926,0.5812705327293689,0.5886130426402832,1.0,0.5731259368317176,0.5796711707566422
5,10,0.2171140712650291,0.93604,5000,1.0764994047306202,0.9423769507803121,833,1.0914134032810077,0.9402,0.7783442434054536,0.08261865509086665,,,,,,,0,0,5,0.1,0.5,0.5698664360281004,0.5775555401474208,0.5823653171967615,0.5689788873651043,0.5695338387557869,0.5782499205638355,0.5857390519153703,0.5788353154045933,0.578239280619253,0.5731259368317176,1.0,0.5769408817721651
5,11,0.2149352264910889,0.93444,5000,1.0908757315741644,0.936374549819928,833,1.0914134032810077,0.9402,0.7862810265836533,0.08328853996918015,,,,,,,0,0,5,0.1,0.5,0.5919831510631619,0.5823397208559241,0.5859332547935354,0.5821365847859085,0.5712996593408369,0.5846924727567256,0.5843501746932473,0.5900691891708136,0.5818522530924893,0.5796711707566422,0.5769408817721651,1.0
6,0,0.18977244009922264,0.94256,5000,0.8490350400960004,0.9496402877697842,834,0.8634571897716948,0.9487,0.7703039739698508,0.08318930586522782,,,,,,,0,0,5,0.1,0.5,1.0,0.5598178360873249,0.5637093145449047,0.5621334883838112,0.5486508651220504,0.5536146571741238,0.5635710402913001,0.5524287344622983,0.5571886039002772,0.5541360755849715,0.5418363506010608,0.5604523728493966
6,1,0.19203419314199097,0.9414,5000,0.8527411001699942,0.9544364508393285,834,0.8634571897716948,0.9487,0.7772831777721345,0.0837187185637975,,,,,,,0,0,5,0.1,0.5,0.5598178360873249,1.0,0.5648315447665678,0.5573487275169556,0.5496654531792516,0.565782647247027,0.5696601960852647,0.559746053422803,0.5741582326822202,0.5640198620105393,0.5519633892256197,0.5627935724015279
6,2,0.19534633509387636,0.94036,5000,0.8520120691370081,0.9532374100719424,834,0.8634571897716948,0.9487,0.7766279650492258,0.08371549504597367,,,,,,,0,0,5,0.1,0.5,0.5637093145449047,0.5648315447665678,1.0,0.5703647430103851,0.5528536649419086,0.5594368258161527,0.5620044353516099,0.5587194426401183,0.5684295012317391,0.5596031030421997,0.5539037140158648,0.5598174872529426
6,3,0.18439458627669011,0.9408,5000,0.8776131515149717,0.9436450839328537,834,0.8634571897716948,0.9487,0.7726120892799133,0.0835449633579416,,,,,,,0,0,5,0.1,0.5,0.5621334883838112,0.5573487275169556,0.5703647430103851,1.0,0.5585242156944414,0.5570759600884488,0.5638143830907167,0.552937647811171,0.5645594040762832,0.5507168370114461,0.5409038879990644,0.55834588124408
6,4,0.20330226065318105,0.93812,5000,0.8615486047886036,0.9447779111644657,833,0.8634571897716948,0.9487,0.7598827163810411,0.08267696926020811,,,,,,,0,0,5,0.1,0.5,0.5486508651220504,0.5496654531792516,0.5528536649419086,0.5585242156944414,1.0,0.5494901038155899,0.5537139389311087,0.539358146479859,0.5464377238814603,0.5541586120288843,0.5327545928099132,0.5368743545564426
6,5,0.18071454984616417,0.94564,5000,0.8800078255158884,0.9387755102040817,833,0.8634571897716948,0.9487,0.769032057015591,0.0832763240477528,,,,,,,0,0,5,0.1,0.5,0.5536146571741238,0.565782647247027,0.5594368258161527,0.5570759600884488,0.5494901038155899,1.0,0.5613754899848947,0.5550158487687217,0.5594567724142188,0.554548545360789,0.5441906464724195,0.5447808734443558
6,6,0.19910875318370239,0.94012,5000,0.861169558984262,0.9495798319327731,833,0.8634571897716948,0.9487,0.7764010064323195,0.08394231244562256,,,,,,,0,0,5,0.1,0.5,0.5635710402913001,0.5696601960852647,0.5620044353516099,0.5638143830907167,0.5537139389311087,0.5613754899848947,1.0,0.5545452553088565,0.5628480020140589,0.5671914590947736,0.5570506249622695,0.5540151699307088
6,7,0.1954644891302914,0.94228,5000,0.8682743200549373,0.9531812725090036,833,0.8634571897716948,0.9487,0.7662777650725929,0.08314229318109428,,,,,,,0,0,5,0.1,0.5,0.5524287344622983,0.559746053422803,0.5587194426401183,0.552937647811171,0.539358146479859,0.5550158487687217,0.5545452553088565,1.0,0.5590098226121745,0.5474608423065304,0.545673987460707,0.5547534184337796
6,8,0.183483236858467,0.94424,5000,0.9027083140832407,0.9495798319327731,833,0.8634571897716948,0.9487,0.7760143110646849,0.0838163381523528,,,,,,,0,0,5,0.1,0.5,0.5571886039002772,0.5741582326822202,0.5684295012317391,0.5645594040762832,0.5464377238814603,0.5594567724142188,0.5628480020140589,0.5590098226121745,1.0,0.5680552338070495,0.5532228963307151,0.5536119163255888
6,9,0.21289197623219555,0.93432,5000,0.841774066289266,0.9495798319327731,833,0.8634571897716948,0.9487,0.7697200497277186,0.08337209168682147,,,,,,,0,0,5,0.1,0.5,0.5541360755849715,0.5640198620105393,0.5596031030421997,0.5507168370114461,0.5541586120288843,0.554548545360789,0.5671914590947736,0.5474608423065304,0.5680552338070495,1.0,0.541988502097039,0.548615976911617
6,10,0.20299138243185583,0.93904,5000,0.8475319610701667,0.9567827130852341,833,0.8634571897716948,0.9487,0.7580722838220023,0.08243499161874765,,,,,,,0,0,5,0.1,0.5,0.5418363506010608,0.5519633892256197,0.5539037140158648,0.5409038879990644,0.5327545928099132,0.5441906464724195,0.5570506249622695,0.545673987460707,0.5532228963307151,0.541988502097039,1.0,0.5437214240305807
6,11,0.19914411077169097,0.93944,5000,0.8635292936254431,0.9411764705882353,833,0.8634571897716948,0.9487,0.7661054390227651,0.08317019677445975,,,,,,,0,0,5,0.1,0.5,0.5604523728493966,0.5627935724015279,0.5598174872529426,0.55834588124408,0.5368743545564426,0.5447808734443558,0.5540151699307088,0.5547534184337796,0.5536119163255888,0.548615976911617,0.5437214240305807,1.0
7,0,0.17814385445557154,0.94728,5000,0.6503131400655817,0.9556354916067147,834,0.6661143336242761,0.9535,0.7507132349446763,0.08311431609227704,,,,,,,0,0,5,0.1,0.5,1.0,0.5255203958722753,0.5276495985861349,0.5332738990756498,0.5250055652182944,0.5214545316128651,0.5291118927335505,0.5192115726790265,0.5220434480201872,0.5299367965790824,0.5312315817193329,0.5300531102167596
7,1,0.17680080973715254,0.94544,5000,0.6528139666274742,0.9580335731414868,834,0.6661143336242761,0.9535,0.7568340411054384,0.08369114212755384,,,,,,,0,0,5,0.1,0.5,0.5255203958722753,1.0,0.5381956328039125,0.5320058666724786,0.527035426109726,0.5341778859208912,0.5322046776526563,0.5261344531312879,0.5398807886999555,0.5331284117271479,0.5297647295133704,0.5286701269673949
7,2,0.18314291041368133,0.94476,5000,0.651869742958634,0.9580335731414868,834,0.6661143336242761,0.9535,0.7557422429001187,0.08365003453210466,,,,,,,0,0,5,0.1,0.5,0.5276495985861349,0.5381956328039125,1.0,0.5410087684242247,0.5332396080729401,0.5268260551503503,0.5334541901395056,0.5261772449747171,0.5372502694362965,0.519514079202475,0.5279874747286935,0.5255649255735065
7,3,0.17567983436706672,0.94628,5000,0.6803000348585623,0.9460431654676259,834,0.6661143336242761,0.9535,0.7601665112438716,0.08369225164085788,,,,,,,0,0,5,0.1,0.5,0.5332738990756498,0.5320058666724786,0.5410087684242247,1.0,0.5380123074367241,0.5350361730870622,0.5357370846541976,0.5382433457515245,0.5438913734045611,0.5262277515913288,0.5289447600616062,0.525524869510611
7,4,0.1834807800882419,0.9446,5000,0.6635337460924078,0.9543817527010804,833,0.6661143336242761,0.9535,0.7491054897626747,0.08270995363225818,,,,,,,0,0,5,0.1,0.5,0.5250055652182944,0.527035426109726,0.5332396080729401,0.5380123074367241,1.0,0.5223497976568463,0.5251646860063709,0.5214445757200362,0.5274270445832308,0.5300432644451382,0.5219438156258136,0.5110183958639355
7,5,0.17250362472656142,0.94748,5000,0.6815477455103839,0.9399759903961584,833,0.6661143336242761,0.9535,0.7502851052523377,0.08315799667067773,,,,,,,0,0,5,0.1,0.5,0.5214545316128651,0.5341778859208912,0.5268260551503503,0.5350361730870622,0.5223497976568463,1.0,0.5295855622925909,0.5299065465132541,0.5330397888704306,0.5243874283132495,0.5180251988794141,0.5150558498719613
7,6,0.18084561785439823,0.94604,5000,0.6652449380468439,0.9567827130852341,833,0.6661143336242761,0.9535,0.7563779965600954,0.0838263405190466,,,,,,,0,0,5,0.1,0.5,0.5291118927335505,0.5322046776526563,0.5334541901395056,0.5357370846541976,0.5251646860063709,0.5295855622925909,1.0,0.5289211894041048,0.5342403701491474,0.5335036551785202,0.5357126443522756,0.5237943532395201
7,7,0.18054326173973975,0.94564,5000,0.6711426112386916,0.9555822328931572,833,0.6661143336242761,0.9535,0.7546026048525522,0.08322113208854927,,,,,,,0,0,5,0.1,0.5,0.5192115726790265,0.5261344531312879,0.5261772449747171,0.5382433457515245,0.5214445757200362,0.5299065465132541,0.5289211894041048,1.0,0.5469870710546975,0.522074606603162,0.5361136315248816,0.534637776994712
7,8,0.17439329630953326,0.94784,5000,0.7080753092412595,0.9519807923169268,833,0.6661143336242761,0.9535,0.7620331777439641,0.08394262339592927,,,,,,,0,0,5,0.1,0.5,0.5220434480201872,0.5398807886999555,0.5372502694362965,0.5438913734045611,0.5274270445832308,0.5330397888704306,0.5342403701491474,0.5469870710546975,1.0,0.5420757459199891,0.5403789130949674,0.526123397870135
7,9,0.20468565702355307,0.93672,5000,0.6455821494261423,0.9531812725090036,833,0.6661143336242761,0.9535,0.7524880582656177,0.08330140552711666,,,,,,,0,0,5,0.1,0.5,0.5299367965790824,0.5331284117271479,0.519514079202475,0.5262277515913288,0.5300432644451382,0.5243874283132495,0.5335036551785202,0.522074606603162,0.5420757459199891,1.0,0.5232383291338938,0.5252171653662407
7,10,0.1870696423610874,0.94376,5000,0.6505090185889492,0.9603841536614646,833,0.6661143336242761,0.9535,0.7529545896268546,0.08268326948755297,,,,,,,0,0,5,0.1,0.5,0.5312315817193329,0.5297647295133704,0.5279874747286935,0.5289447600616062,0.5219438156258136,0.5180251988794141,0.5357126443522756,0.5361136315248816,0.5403789130949674,0.5232383291338938,1.0,0.5255197395425054
7,11,0.1829788611463277,0.94436,5000,0.6667194576175125,0.9519807923169268,833,0.6661143336242761,0.9535,0.7481372366528698,0.083009534286076,,,,,,,0,0,5,0.1,0.5,0.5300531102167596,0.5286701269673949,0.5255649255735065,0.525524869510611,0.5110183958639355,0.5150558498719613,0.5237943532395201,0.534637776994712,0.526123397870135,0.5252171653662407,0.5255197395425054,1.0
8,0,0.16713735069871946,0.94976,5000,0.4924145136718397,0.9556354916067147,834,0.5077929232067193,0.9569,0.739170392617357,0.08330388400796766,,,,,,,0,0,5,0.1,0.5,1.0,0.5107691085132062,0.5069385258563611,0.5042656402760156,0.49527431950340717,0.4912153801259945,0.4963880070696915,0.5012454350214122,0.505760257900478,0.5029663939202716,0.5023459967494617,0.5110291700788996
8,1,0.16527575595055227,0.9482,5000,0.4916717200367539,0.960431654676259,834,0.5077929232067193,0.9569,0.7427403640027858,0.08382597152041976,,,,,,,0,0,5,0.1,0.5,0.5107691085132062,1.0,0.503684573881738,0.5054389592585143,0.4973337465747632,0.49965402758086597,0.5058761436071767,0.5089044066736759,0.5120303740166819,0.5026935636675429,0.5021720950805185,0.5077126830927955
8,2,0.17316815394220078,0.94704,5000,0.49171731979758654,0.9592326139088729,834,0.5077929232067193,0.9569,0.738168603704714,0.08363363176301551,,,,,,,0,0,5,0.1,0.5,0.5069385258563611,0.503684573881738,1.0,0.5104975470726659,0.4954707740784031,0.49730436789530624,0.4975247611882747,0.49475336061260117,0.5086144921193703,0.49341367187688207,0.5062976381928765,0.5016551331264045
8,3,0.16446337610079795,0.94952,5000,0.5218474313064858,0.9508393285371702,834,0.5077929232067193,0.9569,0.7386119122562596,0.08367838333108175,,,,,,,0,0,5,0.1,0.5,0.5042656402760156,0.5054389592585143,0.5104975470726659,1.0,0.5021078570115916,0.49990578158930105,0.5013284757174966,0.5007844839303408,0.5114345360886421,0.49731210090728606,0.49512984972612994,0.4914965914476711
8,4,0.1843529841749911,0.94416,5000,0.5046021077367995,0.957983193277311,833,0.5077929232067193,0.9569,0.7269443265960674,0.08258850516973304,,,,,,,0,0,5,0.1,0.5,0.49527431950340717,0.4973337465747632,0.4954707740784031,0.5021078570115916,1.0,0.48590616643268975,0.4898915039074723,0.49242626133357487,0.49892019018992695,0.4935099938587541,0.4888100585544581,0.4829963093066144
8,5,0.15421923793033715,0.95392,5000,0.5215707918008169,0.9471788715486195,833,0.5077929232067193,0.9569,0.727950500374492,0.08293054652007266,,,,,,,0,0,5,0.1,0.5,0.4912153801259945,0.49965402758086597,0.49730436789530624,0.49990578158930105,0.48590616643268975,1.0,0.49031885871951475,0.49416150311344587,0.49878527453252275,0.48994788480278906,0.48758097631510555,0.494002097709288
8,6,0.17159759970619134,0.94812,5000,0.5076994046016976,0.9603841536614646,833,0.5077929232067193,0.9569,0.7355132941137049,0.08365858704749045,,,,,,,0,0,5,0.1,0.5,0.4963880070696915,0.5058761436071767,0.4975247611882747,0.5013284757174966,0.4898915039074723,0.49031885871951475,1.0,0.5001896977507543,0.5066776675964573,0.499496329697681,0.5062644059689356,0.4976430396376859
8,7,0.16961211771971196,0.94952,5000,0.5120219599317621,0.9591836734693877,833,0.5077929232067193,0.9569,0.7351251471986822,0.08323145333709282,,,,,,,0,0,5,0.1,0.5,0.5012454350214122,0.5089044066736759,0.49475336061260117,0.5007844839303408,0.49242626133357487,0.49416150311344587,0.5001896977507543,1.0,0.507863164804585,0.4898061755127957,0.5029091126598202,0.4987632638677805
