round,client_id,client_i_training_loss,client_i_training_accuracy,client_i_training_dataset_size,client_i_evaluation_loss,client_i_evaluation_accuracy,client_i_evaluation_dataset_size,client_i_central_evaluation_loss,client_i_central_evaluation_accuracy,client_i_cosine_similarity,client_i_importance_coefficient,client_i_tanh_val,tanh_normalization_value,client_i_q,client_i_mask_order,client_i_v_nonzero_fraction,client_i_v_sparsity,client_i_v_cosine_similarity,client_i_reward_gradient_norm,local_epochs,learning_rate,gamma,client_0_cosine_similarity,client_1_cosine_similarity,client_2_cosine_similarity,client_3_cosine_similarity,client_4_cosine_similarity,client_5_cosine_similarity,client_6_cosine_similarity,client_7_cosine_similarity,client_8_cosine_similarity,client_9_cosine_similarity,client_10_cosine_similarity,client_11_cosine_similarity
0,0,2.2927881435914474,0.1325893928485721,4167,2.2953156403132846,0.11870503597122302,834,2.29788488979581,0.1097,0.9696170756451732,0.08339363275124095,,,0.8624206158592422,,0.8624548200227756,0.13754517997722437,0,0.14530546916442802,10,0.025,0.15,1.0,0.9310464644402737,0.9281051863383536,0.9234419194321845,0.9224698616988132,0.9144231034165449,0.9512120455982488,0.9335106795600118,0.945552302990868,0.9441296775230739,0.9428654925345314,0.9369724322916312
0,1,2.2902177984064274,0.15565154787616992,4167,2.2990871838160922,0.11630695443645084,834,2.297887150245377,0.1097,0.9661938354819846,0.08309921092208919,,,0.8085752775779823,,0.8086184416827582,0.1913815583172418,0,0.14527591055207506,10,0.025,0.15,0.9310464644402737,1.0,0.934699259262184,0.9157973224920769,0.9255634900699199,0.9437883196562159,0.954481713987289,0.9042263894472111,0.9237468758650486,0.9330266631592966,0.9310988435862567,0.9364441822252444
0,2,2.288691925280022,0.13827693784497241,4167,2.297455140522548,0.11630695443645084,834,2.2978806073152565,0.1098,0.9727117683373895,0.0836597972736437,,,0.9110981163983015,,0.9111501708174481,0.08884982918255191,0,0.14533363389604426,10,0.025,0.15,0.9281051863383536,0.934699259262184,1.0,0.9463125311299642,0.9138957445103707,0.9331864448020176,0.9539557455590864,0.9242054367006398,0.9372495216304668,0.9390051576699702,0.952300315801499,0.9467942910255267
0,3,2.291706504243793,0.1447084233261339,4167,2.297094072614397,0.09712230215827339,834,2.297887708567366,0.1098,0.9657472058605704,0.08306079775099352,,,0.8015500845137958,,0.8015876945420937,0.19841230545790633,0,0.14527082365319782,10,0.025,0.15,0.9234419194321845,0.9157973224920769,0.9463125311299642,1.0,0.9367998339915509,0.9212498305798258,0.9437235888843759,0.9217776930199209,0.9274309771314608,0.9338144593679818,0.9312119177181734,0.9271657825672919
0,4,2.292366473602526,0.1476841852651788,4167,2.294879913330078,0.1092436974789916,833,2.297887684423712,0.1098,0.9658166612376378,0.08306677138362978,,,0.8026425723602093,,0.8026852172764932,0.19731478272350678,0,0.1452718338301972,10,0.025,0.15,0.9224698616988132,0.9255634900699199,0.9138957445103707,0.9367998339915509,1.0,0.9358441653387609,0.923441063305342,0.9298021401304589,0.9474943306662014,0.9465300674205003,0.9318018963031147,0.9158960670380043
0,5,2.2922554290655888,0.15039596832253418,4167,2.2984728813171387,0.09963985594237695,833,2.2979005348833303,0.1097,0.9627693415890888,0.08280468126369492,,,0.754710218944953,,0.7547573071908369,0.2452426928091631,0,0.14520639739710792,10,0.025,0.15,0.9144231034165449,0.9437883196562159,0.9331864448020176,0.9212498305798258,0.9358441653387609,1.0,0.9305407185887874,0.8946026093196595,0.936197182265765,0.936841936587913,0.9095013666143076,0.9379295695618602
0,6,2.2908258734327376,0.14187664986801055,4167,2.3008575439453125,0.0936374549819928,833,2.297880172729492,0.1098,0.9749521172059584,0.08385248244335958,,,0.9463373450078942,,0.9463864270271163,0.053613572972883716,0,0.1453367205804941,10,0.025,0.15,0.9512120455982488,0.954481713987289,0.9539557455590864,0.9437235888843759,0.923441063305342,0.9305407185887874,1.0,0.9128507324414655,0.9423914342399717,0.9393542144112031,0.9407786277081406,0.9430238263065425
0,7,2.2931016141718086,0.1201103911687065,4167,2.2975101470947266,0.1092436974789916,833,2.297916457622866,0.1098,0.959291116271775,0.0825055303390424,,,0.7,,0.7000132032810154,0.29998679671898465,0,0.14507744016421595,10,0.025,0.15,0.9335106795600118,0.9042263894472111,0.9242054367006398,0.9217776930199209,0.9298021401304589,0.8946026093196595,0.9128507324414655,1.0,0.9498891313081882,0.9331556617089053,0.9362299514128752,0.9134196920438493
0,8,2.2928277506972803,0.13766202592414786,4166,2.3000902788979665,0.10084033613445378,833,2.2978802602502366,0.1098,0.9741165668041364,0.08378061945217995,,,0.9331946813639705,,0.9332161542143222,0.06678384578567775,0,0.1453353206280512,10,0.025,0.15,0.945552302990868,0.9237468758650486,0.9372495216304668,0.9274309771314608,0.9474943306662014,0.936197182265765,0.9423914342399717,0.9498891313081882,1.0,0.9488806896152893,0.9385280135662204,0.9286912329329845
0,9,2.2917900706782484,0.14517522803648583,4166,2.2972965921674455,0.12845138055222088,833,2.2978802270527128,0.1098,0.9751849720351237,0.08387250953508012,,,0.9499999998171149,,0.9500173293063326,0.04998267069366735,0,0.14533683756490337,10,0.025,0.15,0.9441296775230739,0.9330266631592966,0.9390051576699702,0.9338144593679818,0.9465300674205003,0.936841936587913,0.9393542144112031,0.9331556617089053,0.9488806896152893,1.0,0.9534496090603962,0.9302888564099077
0,10,2.289963562560804,0.14020643302928468,4166,2.2972255774906705,0.12364945978391356,833,2.297880703889871,0.1098,0.9724945526179962,0.08364111525123931,,,0.9076814546003615,,0.907733821854731,0.09226617814526905,0,0.14533324931223435,10,0.025,0.15,0.9428654925345314,0.9310988435862567,0.952300315801499,0.9312119177181734,0.9318018963031147,0.9095013666143076,0.9407786277081406,0.9362299514128752,0.9385280135662204,0.9534496090603962,1.0,0.9394316902218396
0,11,2.2926505385023175,0.1486317810849736,4166,2.299858978816441,0.10444177671068428,833,2.2978859521165678,0.1098,0.9680964846785397,0.08326285163380663,,,0.8385027102836254,,0.8385486293343896,0.16145137066561044,0,0.14529662187932788,10,0.025,0.15,0.9369724322916312,0.9364441822252444,0.9467942910255267,0.9271657825672919,0.9158960670380043,0.9379295695618602,0.9430238263065425,0.9134196920438493,0.9286912329329845,0.9302888564099077,0.9394316902218396,1.0
1,0,2.2014718702345184,0.19284857211423087,4167,2.2860511371067593,0.15227817745803357,834,2.2877228199681148,0.1469,0.9858947928398261,0.08334507507200302,,,0.95,,0.9500173293063326,0.04998267069366735,0.8342283523916094,0.14800126930233978,10,0.025,0.15,1.0,0.9704952943256964,0.9676663592400622,0.9691007825618271,0.9659968576835863,0.9730636045213409,0.967416274863823,0.9742640352743475,0.9740773389524385,0.9727353675248267,0.9726496802936503,0.9657059294489129
1,1,2.181230866909027,0.20686345092392608,4167,2.289491449083601,0.1486810551558753,834,2.287727277490157,0.1469,0.9864505902151713,0.08318170949335671,,,0.95,,0.9500173293063326,0.04998267069366735,0.8339587359182814,0.14800126930233978,10,0.025,0.15,0.9704952943256964,1.0,0.9720344912299179,0.9661755310916414,0.9652663454967213,0.9709135890946385,0.9677221483719634,0.9727952645542689,0.9744063233671296,0.9753310108183707,0.9777416512358393,0.9668793313745491
1,2,2.1814145164056256,0.20477561795056395,4167,2.2874666282108853,0.1642685851318945,834,2.287717073778563,0.147,0.9872791737639363,0.08355394269616476,,,0.95,,0.9500173293063326,0.04998267069366735,0.834312766291586,0.14800126930233978,10,0.025,0.15,0.9676663592400622,0.9720344912299179,1.0,0.9762452744073757,0.961955930815993,0.9690264047941914,0.9748244134066709,0.9715023527846534,0.9734974397222368,0.9754100339565032,0.9737678458615261,0.9734328035477531
1,3,2.200178773836656,0.1939284857211423,4167,2.2870428221566335,0.12829736211031176,834,2.2877285299421866,0.1468,0.9863182654233446,0.0831537532314185,,,0.95,,0.9500173293063326,0.04998267069366735,0.8339271893875612,0.14800126930233978,10,0.025,0.15,0.9691007825618271,0.9661755310916414,0.9762452744073757,1.0,0.9626940809802207,0.96990805941745,0.9738624656454822,0.9721498513902908,0.9742070788704325,0.9739872108089342,0.969975359819585,0.9698703441010496
1,4,2.194818868781581,0.20573554115670747,4167,2.284233433859689,0.14405762304921968,833,2.287728336792958,0.1468,0.9822445547090689,0.08302534228239145,,,0.95,,0.9500173293063326,0.04998267069366735,0.833951627519826,0.14800126930233978,10,0.025,0.15,0.9659968576835863,0.9652663454967213,0.961955930815993,0.9626940809802207,1.0,0.9709548306886359,0.9570400606702365,0.9686854220129665,0.973068817479548,0.967559090802753,0.9679539245028309,0.9689516199129169
1,5,2.2056954340501265,0.200407967362611,4167,2.287612097603934,0.13085234093637454,833,2.2877450381653217,0.1466,0.9863943807617847,0.08299843299417647,,,0.95,,0.9500173293063326,0.04998267069366735,0.8344258341577583,0.14800126930233978,10,0.025,0.15,0.9730636045213409,0.9709135890946385,0.9690264047941914,0.96990805941745,0.9709548306886359,1.0,0.9706378851915264,0.9692758947952278,0.974315179937219,0.9732956214524541,0.9679213754431053,0.9699255169298985
1,6,2.1904329314376367,0.20482361411087113,4167,2.289819206510271,0.13925570228091236,833,2.287716596941405,0.147,0.9845803879732413,0.08358514334642393,,,0.95,,0.9500173293063326,0.04998267069366735,0.8343578434166238,0.14800126930233978,10,0.025,0.15,0.967416274863823,0.9677221483719634,0.9748244134066709,0.9738624656454822,0.9570400606702365,0.9706378851915264,1.0,0.963614591915393,0.9709904239309362,0.9744992569896267,0.9695780103802906,0.9670913700526672
1,7,2.2017294237107943,0.19239260859131269,4167,2.2882403305598666,0.1452581032412965,833,2.2877694142015677,0.1465,0.9874967932421562,0.08284987805792349,,,0.95,,0.9500173293063326,0.04998267069366735,0.8344797227532799,0.14800126930233978,10,0.025,0.15,0.9742640352743475,0.9727952645542689,0.9715023527846534,0.9721498513902908,0.9686854220129665,0.9692758947952278,0.963614591915393,1.0,0.9780824987787652,0.9759731813210452,0.9747067619125112,0.971328290963714
1,8,2.201056150595347,0.19771963514162266,4166,2.2898270743233815,0.15126050420168066,833,2.2877165788336646,0.147,0.9900617670852457,0.08371860519935384,,,0.95,,0.9500173293063326,0.04998267069366735,0.8343227064096752,0.14800126930233978,10,0.025,0.15,0.9740773389524385,0.9744063233671296,0.9734974397222368,0.9742070788704325,0.973068817479548,0.974315179937219,0.9709904239309362,0.9780824987787652,1.0,0.9769768954809981,0.9777213105605467,0.9750583733847954
1,9,2.1856769854372198,0.207273163706193,4166,2.28631363596235,0.1608643457382953,833,2.2877165516720543,0.147,0.9894236176835338,0.08375452469128158,,,0.95,,0.9500173293063326,0.04998267069366735,0.8343699924253373,0.14800126930233978,10,0.025,0.15,0.9727353675248267,0.9753310108183707,0.9754100339565032,0.9739872108089342,0.967559090802753,0.9732956214524541,0.9744992569896267,0.9759731813210452,0.9769768954809981,1.0,0.9786137555674346,0.9703602449266308
1,10,2.1894053961291458,0.20746519443110897,4166,2.2863447666168213,0.15846338535414164,833,2.287717285035532,0.147,0.9883576382861728,0.08357740257953958,,,0.95,,0.9500173293063326,0.04998267069366735,0.8343243160541798,0.14800126930233978,10,0.025,0.15,0.9726496802936503,0.9777416512358393,0.9737678458615261,0.969975359819585,0.9679539245028309,0.9679213754431053,0.9695780103802906,0.9747067619125112,0.9777213105605467,0.9786137555674346,1.0,0.9715323817314878
1,11,2.2027539003979077,0.19767162746039366,4166,2.2902651514325822,0.13925570228091236,833,2.2877244828622554,0.1469,0.9856384169509825,0.0832561903559669,,,0.95,,0.9500173293063326,0.04998267069366735,0.8342097241309141,0.14800126930233978,10,0.025,0.15,0.9657059294489129,0.9668793313745491,0.9734328035477531,0.9698703441010496,0.9689516199129169,0.9699255169298985,0.9670913700526672,0.971328290963714,0.9750583733847954,0.9703602449266308,0.9715323817314878,1.0
2,0,2.098389078631546,0.24238060955123591,4167,2.2712795734405518,0.17865707434052758,834,2.2721155987510198,0.1781,0.9838852764927272,0.08332479643012117,,,0.95,,0.9500173293063326,0.04998267069366735,0.9584802587585326,0.14765439431048608,10,0.025,0.15,1.0,0.9668086289909501,0.9607465414841767,0.9623776584834413,0.9672750597639743,0.9720171062134564,0.9605797447268447,0.9711980219277045,0.9674957759611882,0.9648989338449536,0.9673094619866575,0.9614470227158799
2,1,2.0740219242645033,0.2512119030477562,4167,2.2748371192387173,0.17146282973621102,834,2.2721223559560655,0.1781,0.984500398937012,0.08324402313917448,,,0.95,,0.9500173293063326,0.04998267069366735,0.9584802587585326,0.14765439431048608,10,0.025,0.15,0.9668086289909501,1.0,0.9646177846367912,0.9641385687496618,0.9665656571752058,0.9680937804732749,0.9613559392975906,0.9675443663746605,0.9671867867096228,0.967406818474381,0.9718881195414988,0.9638078154909039
2,2,2.0841325593717173,0.24732421406287497,4167,2.2719785485948836,0.18944844124700239,834,2.272108005571969,0.1782,0.9814786901743259,0.08337548692011398,,,0.95,,0.9500173293063326,0.04998267069366735,0.9584802587585326,0.14765439431048608,10,0.025,0.15,0.9607465414841767,0.9646177846367912,1.0,0.9650888121173243,0.9588903117634887,0.963972613154007,0.964641240871751,0.9637533134844743,0.9606609401377703,0.965567689100075,0.9627938125651209,0.9628206483728756
2,3,2.104501275943987,0.23774898008159348,4167,2.2716804231916154,0.17146282973621102,834,2.2721245409567143,0.1781,0.9844263079231359,0.08322437978545924,,,0.95,,0.9500173293063326,0.04998267069366735,0.9584802587585326,0.14765439431048608,10,0.025,0.15,0.9623776584834413,0.9641385687496618,0.9650888121173243,1.0,0.9644244271466617,0.9701674316086141,0.9674768735653638,0.9685597443122052,0.9673295264955962,0.9677420322004083,0.9664100563349118,0.9648378049082066
2,4,2.0890423586874296,0.24977201823854092,4167,2.2673570769173756,0.2112845138055222,833,2.2721238920960247,0.1781,0.9837827733760219,0.08312431173234543,,,0.95,,0.9500173293063326,0.04998267069366735,0.9584802587585326,0.14765439431048608,10,0.025,0.15,0.9672750597639743,0.9665656571752058,0.9588903117634887,0.9644244271466617,1.0,0.9686616482604544,0.9592429202065409,0.9680916654544512,0.9691084007092056,0.9663489536463343,0.9690310650774883,0.9633919821923475
2,5,2.105161412556966,0.24204463642908566,4167,2.271106277193342,0.1716686674669868,833,2.2721439554721496,0.1784,0.9868500589584228,0.0832072654906411,,,0.95,,0.9500173293063326,0.04998267069366735,0.9584802587585326,0.14765439431048608,10,0.025,0.15,0.9720171062134564,0.9680937804732749,0.963972613154007,0.9701674316086141,0.9686616482604544,1.0,0.9680535102765693,0.9704261650576623,0.9703058803395376,0.9690175758250212,0.9681462617751925,0.9683885135779622
2,6,2.092598034035076,0.2510199184065275,4167,2.2732013634272983,0.1752701080432173,833,2.272107664542862,0.1782,0.9816377554320349,0.0833998886617166,,,0.95,,0.9500173293063326,0.04998267069366735,0.9584802587585326,0.14765439431048608,10,0.025,0.15,0.9605797447268447,0.9613559392975906,0.964641240871751,0.9674768735653638,0.9592429202065409,0.9680535102765693,1.0,0.9596036747959956,0.9622749518253295,0.9659573117190161,0.9620063395115882,0.9642139415572357
2,7,2.0959036975195913,0.24682025437964963,4167,2.273824691772461,0.16686674669867949,833,2.2721797363667546,0.1786,0.985835013868997,0.08308271882159504,,,0.95,,0.9500173293063326,0.04998267069366735,0.9584802587585326,0.14765439431048608,10,0.025,0.15,0.9711980219277045,0.9675443663746605,0.9637533134844743,0.9685597443122052,0.9680916654544512,0.9704261650576623,0.9596036747959956,1.0,0.9709659519412697,0.9694928334968256,0.9694230387216592,0.966262768623707
2,8,2.0948395396723893,0.24155064810369659,4166,2.2742292199816023,0.16206482593037214,833,2.2721074864834168,0.1782,0.9853594338978003,0.0836029706061916,,,0.95,,0.9500173293063326,0.04998267069366735,0.9584802587585326,0.14765439431048608,10,0.025,0.15,0.9674957759611882,0.9671867867096228,0.9606609401377703,0.9673295264955962,0.9691084007092056,0.9703058803395376,0.9622749518253295,0.9709659519412697,1.0,0.9661773751633312,0.9721335322755456,0.9657709622537952
2,9,2.0812032356406704,0.2512962073931829,4166,2.269493647984096,0.18967587034813926,833,2.2721074412140667,0.1782,0.9853691630703083,0.08362543553069472,,,0.95,,0.9500173293063326,0.04998267069366735,0.9584802587585326,0.14765439431048608,10,0.025,0.15,0.9648989338449536,0.967406818474381,0.965567689100075,0.9677420322004083,0.9663489536463343,0.9690175758250212,0.9659573117190161,0.9694928334968256,0.9661773751633312,1.0,0.9690118265432864,0.9678537666808789
2,10,2.088303635337136,0.25520883341334616,4166,2.269765956061227,0.1836734693877551,833,2.2721082983137686,0.1782,0.9859128355070035,0.08353386062996569,,,0.95,,0.9500173293063326,0.04998267069366735,0.9584802587585326,0.14765439431048608,10,0.025,0.15,0.9673094619866575,0.9718881195414988,0.9627938125651209,0.9664100563349118,0.9690310650774883,0.9681462617751925,0.9620063395115882,0.9694230387216592,0.9721335322755456,0.9690118265432864,1.0,0.9678122219923244
2,11,2.1020914019960344,0.2382861257801248,4166,2.275700466973441,0.16686674669867949,833,2.2721176449256606,0.1781,0.9834192422441433,0.08325486225198096,,,0.95,,0.9500173293063326,0.04998267069366735,0.9584802587585326,0.14765439431048608,10,0.025,0.15,0.9614470227158799,0.9638078154909039,0.9628206483728756,0.9648378049082066,0.9633919821923475,0.9683885135779622,0.9642139415572357,0.966262768623707,0.9657709622537952,0.9678537666808789,0.9678122219923244,1.0
3,0,2.0295831701972267,0.27067434605231583,4167,2.2508223056793213,0.20743405275779375,834,2.2506681393973436,0.216,0.9796800138176903,0.08332457851297816,,,0.95,,0.9500173293063326,0.04998267069366735,0.9809175661665366,0.14696656851759818,10,0.025,0.15,1.0,0.9594610347919874,0.9520313557436604,0.9531503937116245,0.9589790726906342,0.9622882978932922,0.9526489283331773,0.961935637184419,0.9557129480887993,0.9551750388770046,0.9569922577632153,0.9501911480200989
3,1,2.0025031021147064,0.2817134629229662,4167,2.2543440886906216,0.21342925659472423,834,2.250677808930602,0.216,0.9793737056741305,0.08326472306439357,,,0.95,,0.9500173293063326,0.04998267069366735,0.9809175661665366,0.14696656851759818,10,0.025,0.15,0.9594610347919874,1.0,0.9524226978729364,0.9542351863654953,0.9589128271364972,0.9565234902456128,0.9522366534758249,0.9579774681306695,0.9550791373536862,0.9562408228189752,0.9608474533340833,0.9510378309913256
3,2,2.0161063183437693,0.2765298776097912,4167,2.250791447503226,0.21342925659472423,834,2.2506587927854516,0.2161,0.9775263578907264,0.08328587124666682,,,0.95,,0.9500173293063326,0.04998267069366735,0.9809175661665366,0.14696656851759818,10,0.025,0.15,0.9520313557436604,0.9524226978729364,1.0,0.9572444484099484,0.951270451310808,0.9557279835476282,0.9538076018928616,0.9570326671240037,0.9509878716828881,0.9567817174515639,0.9540797044636202,0.9518000227311808
3,3,2.0362129377596307,0.26498680105591554,4167,2.250598294394357,0.22302158273381295,834,2.2506809898569613,0.2159,0.9803511177462146,0.08328436671002999,,,0.95,,0.9500173293063326,0.04998267069366735,0.9809175661665366,0.14696656851759818,10,0.025,0.15,0.9531503937116245,0.9542351863654953,0.9572444484099484,1.0,0.9575768239710453,0.9616393247327026,0.9581059025061297,0.9591627683335605,0.9568005843534286,0.9579097005709715,0.9558721356335116,0.9547842464708001
3,4,2.014556703423009,0.27940964722822176,4167,2.2440615722111295,0.24489795918367346,833,2.2506798430334163,0.2159,0.9805551958915529,0.08322918609082183,,,0.95,,0.9500173293063326,0.04998267069366735,0.9809175661665366,0.14696656851759818,10,0.025,0.15,0.9589790726906342,0.9589128271364972,0.951270451310808,0.9575768239710453,1.0,0.9574353926671287,0.9515782370996005,0.9616975138425451,0.9594245681572035,0.9575461151299101,0.9616141733412195,0.9528890057949044
3,5,2.035084582458843,0.27199424046076315,4167,2.248567206518991,0.21968787515006002,833,2.2507021789309345,0.2174,0.9823571667803735,0.08333901615926692,,,0.95,,0.9500173293063326,0.04998267069366735,0.9809175661665366,0.14696656851759818,10,0.025,0.15,0.9622882978932922,0.9565234902456128,0.9557279835476282,0.9616393247327026,0.9574353926671287,1.0,0.9590206338589949,0.9624321896725897,0.95969970423441,0.9592583493201545,0.9582283325071602,0.95781766998095
3,6,2.0263030471223775,0.2806575473962083,4167,2.2502733639308383,0.21248499399759904,833,2.250658678103097,0.2161,0.9773141739036983,0.08329404647392995,,,0.95,,0.9500173293063326,0.04998267069366735,0.9809175661665366,0.14696656851759818,10,0.025,0.15,0.9526489283331773,0.9522366534758249,0.9538076018928616,0.9581059025061297,0.9515782370996005,0.9590206338589949,1.0,0.9512658140489794,0.9528407785659154,0.9574754012375528,0.9507076116336461,0.9509790064009633
3,7,2.0239179542570405,0.2817614590832733,4167,2.2540667738233293,0.20888355342136855,833,2.2507515889179857,0.2174,0.9818655289047236,0.08324609476798443,,,0.95,,0.9500173293063326,0.04998267069366735,0.9809175661665366,0.14696656851759818,10,0.025,0.15,0.961935637184419,0.9579774681306695,0.9570326671240037,0.9591627683335605,0.9616975138425451,0.9624321896725897,0.9512658140489794,1.0,0.9592832525911509,0.9594359327409426,0.9583762152338461,0.9557605935579581
3,8,2.021838550495379,0.27095535285645705,4166,2.252921853746687,0.18247298919567828,833,2.2506583551817303,0.2161,0.9798281424015466,0.0835012329105755,,,0.95,,0.9500173293063326,0.04998267069366735,0.9809175661665366,0.14696656851759818,10,0.025,0.15,0.9557129480887993,0.9550791373536862,0.9509878716828881,0.9568005843534286,0.9594245681572035,0.95969970423441,0.9528407785659154,0.9592832525911509,1.0,0.953181302822504,0.9622651067936928,0.9548730202245846
3,9,2.014806652430332,0.2815890542486798,4166,2.2466233798435757,0.23649459783913565,833,2.2506581831581984,0.2161,0.9803511078271483,0.08353211320603643,,,0.95,,0.9500173293063326,0.04998267069366735,0.9809175661665366,0.14696656851759818,10,0.025,0.15,0.9551750388770046,0.9562408228189752,0.9567817174515639,0.9579097005709715,0.9575461151299101,0.9592583493201545,0.9574754012375528,0.9594359327409426,0.953181302822504,1.0,0.9595084042645479,0.9537682857543137
3,10,2.015740757999998,0.28499759961593857,4166,2.2469020571027483,0.22088835534213686,833,2.250659179083909,0.2161,0.9810239332234408,0.08349741924119698,,,0.95,,0.9500173293063326,0.04998267069366735,0.9809175661665366,0.14696656851759818,10,0.025,0.15,0.9569922577632153,0.9608474533340833,0.9540797044636202,0.9558721356335116,0.9616141733412195,0.9582283325071602,0.9507076116336461,0.9583762152338461,0.9622651067936928,0.9595084042645479,1.0,0.9557320196861163
3,11,2.0349308570226032,0.2688910225636102,4166,2.2556942871638705,0.2112845138055222,833,2.2506705326370047,0.2161,0.9772186186919664,0.08320135161611937,,,0.95,,0.9500173293063326,0.04998267069366735,0.9809175661665366,0.14696656851759818,10,0.025,0.15,0.9501911480200989,0.9510378309913256,0.9518000227311808,0.9547842464708001,0.9528890057949044,0.95781766998095,0.9509790064009633,0.9557605935579581,0.9548730202245846,0.9537682857543137,0.9557320196861163,1.0
4,0,1.9761541095646944,0.2911687065034797,4167,2.224545410701207,0.25059952038369304,834,2.2233672081669673,0.2673,0.9751930007899813,0.0833029174369545,,,0.95,,0.9500173293063326,0.04998267069366735,0.9866588545612706,0.14639311978546543,10,0.025,0.15,1.0,0.9498179374907967,0.9443407781925229,0.9414709358588843,0.9500702761750764,0.9542805398229728,0.9448393089442538,0.9524501992544908,0.9456513624878702,0.9462155293647063,0.9497980798591787,0.9420765073086568
4,1,1.9481560324177598,0.30395968322534195,4167,2.2281063284192766,0.2637889688249401,834,2.223380402673649,0.2673,0.9746308497828647,0.08324758302127955,,,0.95,,0.9500173293063326,0.04998267069366735,0.9866588545612706,0.14639311978546543,10,0.025,0.15,0.9498179374907967,1.0,0.9442617619815534,0.9419770864218205,0.9498022601811604,0.9473974962309841,0.9436023878318722,0.9485001569147915,0.9440451292143617,0.9492423121972569,0.9517541764873704,0.9440541085966954
4,2,1.962323732809587,0.29580033597312216,4167,2.223973887307303,0.2673860911270983,834,2.2233554260640203,0.2674,0.9738592826187383,0.08323554351335065,,,0.95,,0.9500173293063326,0.04998267069366735,0.9866588545612706,0.14639311978546543,10,0.025,0.15,0.9443407781925229,0.9442617619815534,1.0,0.9487862784895489,0.9437141645212694,0.9481524542385995,0.9449977453968709,0.9499521203145561,0.9437373608187044,0.9468358475787415,0.9474514114346984,0.9431859132642824
4,3,1.9817530848763205,0.28845692344612434,4167,2.223613773073469,0.26139088729016785,834,2.2233845644359347,0.2672,0.9757022590711872,0.08329462198634272,,,0.95,,0.9500173293063326,0.04998267069366735,0.9866588545612706,0.14639311978546543,10,0.025,0.15,0.9414709358588843,0.9419770864218205,0.9487862784895489,1.0,0.9481338401769598,0.9536254759086817,0.9487821421331322,0.9504734615979883,0.948149108352556,0.9484253938464106,0.9495052587567643,0.9476675397077803
4,4,1.9604323903719585,0.3008879289656827,4167,2.2146901403154646,0.30732292917166865,833,2.223382925685448,0.2672,0.9768767343786012,0.08329872609789918,,,0.95,,0.9500173293063326,0.04998267069366735,0.9866588545612706,0.14639311978546543,10,0.025,0.15,0.9500702761750764,0.9498022601811604,0.9437141645212694,0.9481338401769598,1.0,0.9492594901174306,0.9447547496348314,0.9533985466141731,0.9507510198732103,0.949580523626548,0.9556749925020055,0.9456284543506377
4,5,1.98374514652021,0.29092872570194384,4167,2.2197297981807163,0.2857142857142857,833,2.2234066588969172,0.2688,0.9790515781141582,0.08343748880781052,,,0.95,,0.9500173293063326,0.04998267069366735,0.9866588545612706,0.14639311978546543,10,0.025,0.15,0.9542805398229728,0.9473974962309841,0.9481524542385995,0.9536254759086817,0.9492594901174306,1.0,0.9516141592320108,0.9564158776233873,0.9521231478661072,0.951351900207883,0.9513569133956558,0.9506147692668238
4,6,1.9735334847912644,0.30170386369090474,4167,2.2214011464800154,0.2665066026410564,833,2.2233556041234657,0.2673,0.9738135134210226,0.08323911090718146,,,0.95,,0.9500173293063326,0.04998267069366735,0.9866588545612706,0.14639311978546543,10,0.025,0.15,0.9448393089442538,0.9436023878318722,0.9449977453968709,0.9487821421331322,0.9447547496348314,0.9516141592320108,1.0,0.9443989549117248,0.9463193581092825,0.9503583305822056,0.9449212962335638,0.9402674912874104
4,7,1.9689580939032816,0.3042716582673386,4167,2.228567123413086,0.2545018007202881,833,2.2234708025485657,0.2683,0.978241695286022,0.08335363139926433,,,0.95,,0.9500173293063326,0.04998267069366735,0.9866588545612706,0.14639311978546543,10,0.025,0.15,0.9524501992544908,0.9485001569147915,0.9499521203145561,0.9504734615979883,0.9533985466141731,0.9564158776233873,0.9443989549117248,1.0,0.9504784464448196,0.9508970843117842,0.9502624958645081,0.9495350089913757
4,8,1.96713939074314,0.2927508401344215,4166,2.225976194654192,0.23769507803121248,833,2.223355190663398,0.2674,0.9756393954419116,0.08342674156061922,,,0.95,,0.9500173293063326,0.04998267069366735,0.9866588545612706,0.14639311978546543,10,0.025,0.15,0.9456513624878702,0.9440451292143617,0.9437373608187044,0.948149108352556,0.9507510198732103,0.9521231478661072,0.9463193581092825,0.9504784464448196,1.0,0.944185612003928,0.9524430547040527,0.9482484832408888
4,9,1.9611165158676378,0.30319251080172827,4166,2.217817647116525,0.290516206482593,833,2.223354852652248,0.2673,0.9763951754719108,0.08347045496964951,,,0.95,,0.9500173293063326,0.04998267069366735,0.9866588545612706,0.14639311978546543,10,0.025,0.15,0.9462155293647063,0.9492423121972569,0.9468358475787415,0.9484253938464106,0.949580523626548,0.951351900207883,0.9503583305822056,0.9508970843117842,0.944185612003928,1.0,0.9514453516562458,0.9464311481524497
4,10,1.9626232779387272,0.30528084493518964,4166,2.218071937561035,0.28691476590636256,833,2.2233559059191355,0.2673,0.978072715675155,0.08350361368539415,,,0.95,,0.9500173293063326,0.04998267069366735,0.9866588545612706,0.14639311978546543,10,0.025,0.15,0.9497980798591787,0.9517541764873704,0.9474514114346984,0.9495052587567643,0.9556749925020055,0.9513569133956558,0.9449212962335638,0.9502624958645081,0.9524430547040527,0.9514453516562458,1.0,0.9500196531620513
4,11,1.9819616505593964,0.29087854056649065,4166,2.2298920495169505,0.2424969987995198,833,2.223370099369484,0.2673,0.9740531347138217,0.08318956661425433,,,0.95,,0.9500173293063326,0.04998267069366735,0.9866588545612706,0.14639311978546543,10,0.025,0.15,0.9420765073086568,0.9440541085966954,0.9431859132642824,0.9476675397077803,0.9456284543506377,0.9506147692668238,0.9402674912874104,0.9495350089913757,0.9482484832408888,0.9464311481524497,0.9500196531620513,1.0
5,0,1.9328028852289374,0.3072714182865371,4167,2.1931600911276683,0.2673860911270983,834,2.190939474709426,0.2959,0.9720653600091276,0.08327243268867654,,,0.95,,0.9500173293063326,0.04998267069366735,0.9889399728219282,0.14600228401873236,10,0.025,0.15,1.0,0.9438219817707909,0.9379371414539555,0.9355122494929208,0.9419924123104909,0.9490672729526766,0.9405257701934139,0.9467841994070197,0.9387356244122529,0.9416564511157424,0.9436854444260393,0.9342778389839311
5,1,1.9033588857361765,0.32378209743220543,4167,2.1967247894832065,0.28776978417266186,834,2.190956049327609,0.296,0.9729559542804883,0.08326719285141701,,,0.95,,0.9500173293063326,0.04998267069366735,0.9889399728219282,0.14600228401873236,10,0.025,0.15,0.9438219817707909,1.0,0.9387925091698589,0.937321303514281,0.9459537747963077,0.9449194451117053,0.9410080084425643,0.9439635520127425,0.9372818886739365,0.9444267320874459,0.9479115241143078,0.9390419283509218
5,2,1.921399270765709,0.3142548596112311,4167,2.192260946546282,0.2961630695443645,834,2.1909251846844637,0.2956,0.971236491111915,0.08320369230974455,,,0.95,,0.9500173293063326,0.04998267069366735,0.9889399728219282,0.14600228401873236,10,0.025,0.15,0.9379371414539555,0.9387925091698589,1.0,0.9436867967710046,0.9382343557585067,0.9427661052959844,0.9402788316842118,0.9459272796108887,0.9366276534581363,0.9415754075117124,0.9424777708203215,0.9360742069587902
5,3,1.9386546398654128,0.30693544516438687,4167,2.191277163369315,0.29376498800959233,834,2.190961578224279,0.296,0.9725271488350322,0.0832823470491305,,,0.95,,0.9500173293063326,0.04998267069366735,0.9889399728219282,0.14600228401873236,10,0.025,0.15,0.9355122494929208,0.937321303514281,0.9436867967710046,1.0,0.941090146621562,0.9452790398856272,0.9439067583582073,0.9439220556015194,0.9422780695203946,0.9425717754374504,0.9433758147452652,0.9404673901355939
5,4,1.9132137370832039,0.3164386849052076,4167,2.180351597922189,0.3397358943577431,833,2.19095943849298,0.296,0.9742015587356644,0.08333946479842755,,,0.95,,0.9500173293063326,0.04998267069366735,0.9889399728219282,0.14600228401873236,10,0.025,0.15,0.9419924123104909,0.9459537747963077,0.9382343557585067,0.941090146621562,1.0,0.9437080336418926,0.9417158672482043,0.9470531408346352,0.9449321204925939,0.9444349743481147,0.9494067677778613,0.940429643121112
5,5,1.9385095592701074,0.3074154067674586,4167,2.185375894818987,0.3097238895558223,833,2.190983035896398,0.2968,0.976503604262301,0.0835004326410867,,,0.95,,0.9500173293063326,0.04998267069366735,0.9889399728219282,0.14600228401873236,10,0.025,0.15,0.9490672729526766,0.9449194451117053,0.9427661052959844,0.9452790398856272,0.9437080336418926,1.0,0.9475895043498316,0.9490891981755807,0.9452875652777831,0.9466860376006306,0.9482503272244447,0.943121364960353
5,6,1.9283091447570107,0.3199424046076314,4167,2.1873416900634766,0.29891956782713086,833,2.1909253868875624,0.2956,0.9725014890758451,0.08324713320543103,,,0.95,,0.9500173293063326,0.04998267069366735,0.9889399728219282,0.14600228401873236,10,0.025,0.15,0.9405257701934139,0.9410080084425643,0.9402788316842118,0.9439067583582073,0.9417158672482043,0.9475895043498316,1.0,0.9397927606864802,0.9435132003211517,0.9457471020082803,0.9420982587092168,0.9329560389030054
5,7,1.9206079558892684,0.3226781857451404,4167,2.1981078556605746,0.29531812725090034,833,2.19106320489811,0.2971,0.9754476201801576,0.08341408155066406,,,0.95,,0.9500173293063326,0.04998267069366735,0.9889399728219282,0.14600228401873236,10,0.025,0.15,0.9467841994070197,0.9439635520127425,0.9459272796108887,0.9439220556015194,0.9470531408346352,0.9490891981755807,0.9397927606864802,1.0,0.9451627517719553,0.9444817969083319,0.9449697159099264,0.9423374254148618
5,8,1.918035430619211,0.3111617858857417,4166,2.1941289561135426,0.26770708283313327,833,2.1909251907203773,0.2956,0.972663075195567,0.08336859786101437,,,0.95,,0.9500173293063326,0.04998267069366735,0.9889399728219282,0.14600228401873236,10,0.025,0.15,0.9387356244122529,0.9372818886739365,0.9366276534581363,0.9422780695203946,0.9449321204925939,0.9452875652777831,0.9435132003211517,0.9451627517719553,1.0,0.9387249808914868,0.9468591012773108,0.9414992722750727
5,9,1.9168730450398994,0.3186269803168507,4166,2.183665786470686,0.3205282112845138,833,2.1909244362312026,0.2956,0.9738230889007784,0.08343347892040577,,,0.95,,0.9500173293063326,0.04998267069366735,0.9889399728219282,0.14600228401873236,10,0.025,0.15,0.9416564511157424,0.9444267320874459,0.9415754075117124,0.9425717754374504,0.9444349743481147,0.9466860376006306,0.9457471020082803,0.9444817969083319,0.9387249808914868,1.0,0.9448026597672176,0.9393270159521396
5,10,1.915995682369579,0.3225396063370139,4166,2.183917215892247,0.3133253301320528,833,2.190925776203976,0.2956,0.9759337282179822,0.08352280847448681,,,0.95,,0.9500173293063326,0.04998267069366735,0.9889399728219282,0.14600228401873236,10,0.025,0.15,0.9436854444260393,0.9479115241143078,0.9424777708203215,0.9433758147452652,0.9494067677778613,0.9482503272244447,0.9420982587092168,0.9449697159099264,0.9468591012773108,0.9448026597672176,1.0,0.945231158769816
5,11,1.942028865669713,0.3087373979836774,4166,2.1988857133047923,0.2653061224489796,833,2.1909429755391954,0.296,0.9704117562247119,0.08314833764951515,,,0.95,,0.9500173293063326,0.04998267069366735,0.9889399728219282,0.14600228401873236,10,0.025,0.15,0.9342778389839311,0.9390419283509218,0.9360742069587902,0.9404673901355939,0.940429643121112,0.943121364960353,0.9329560389030054,0.9423374254148618,0.9414992722750727,0.9393270159521396,0.945231158769816,1.0
6,0,1.8935249906597715,0.32159827213822895,4167,2.15769784791129,0.29256594724220625,834,2.154299651520162,0.3177,0.9702907848345034,0.08327905719950413,,,0.95,,0.9500173293063326,0.04998267069366735,0.9913062324958446,0.14561898731876863,10,0.025,0.15,1.0,0.9402368266359854,0.9326026585485653,0.9323902011406117,0.9371490672386042,0.94397910325317,0.9358228378606298,0.9403101060409291,0.9335645026857136,0.9365904535713565,0.9384572367819495,0.9323946240475668
6,1,1.8629569512425046,0.3357571394288457,4167,2.1611113207680837,0.29856115107913667,834,2.154319660573066,0.3176,0.9701579202781278,0.08327147401023059,,,0.95,,0.9500173293063326,0.04998267069366735,0.9913062324958446,0.14561898731876863,10,0.025,0.15,0.9402368266359854,1.0,0.9356390863377715,0.9334216831468655,0.9380483796103514,0.9393815570528309,0.934557757404149,0.93704205244465,0.9309441970770254,0.9392022388436753,0.9405249617890725,0.9329657254852445
6,2,1.8771332224210104,0.3281257499400048,4167,2.156890392303467,0.3225419664268585,834,2.1542829229861877,0.3175,0.9690416622880178,0.08319568930776045,,,0.95,,0.9500173293063326,0.04998267069366735,0.9913062324958446,0.14561898731876863,10,0.025,0.15,0.9326026585485653,0.9356390863377715,1.0,0.937483994799185,0.932837688041649,0.9363490669861886,0.9360393858800186,0.9383290053331808,0.9314483763356679,0.9384739484932798,0.9385803963719951,0.9312308410772573
6,3,1.8974440585483203,0.3183585313174946,4167,2.154437712260655,0.31774580335731417,834,2.154326366472848,0.3178,0.9705804599835129,0.08329465441836996,,,0.95,,0.9500173293063326,0.04998267069366735,0.9913062324958446,0.14561898731876863,10,0.025,0.15,0.9323902011406117,0.9334216831468655,0.937483994799185,1.0,0.936299603019587,0.9405585350519838,0.9387938236546545,0.9368567179229729,0.938287815713331,0.9396710480329395,0.9381116196581789,0.9350055417483162
6,4,1.869482468474995,0.32942164626829856,4167,2.142157861164638,0.3553421368547419,833,2.154323804227612,0.3177,0.9715393524784874,0.08336134801184164,,,0.95,,0.9500173293063326,0.04998267069366735,0.9913062324958446,0.14561898731876863,10,0.025,0.15,0.9371490672386042,0.9380483796103514,0.932837688041649,0.936299603019587,1.0,0.9353767287521081,0.9358802897409921,0.9417836854919727,0.9396382509046552,0.9397914893001975,0.944538067562855,0.936655230295831
6,5,1.8960065744139931,0.32313414926805856,4167,2.1466430595942905,0.32653061224489793,833,2.1543480776533297,0.3174,0.9734625172845939,0.08352388061432993,,,0.95,,0.9500173293063326,0.04998267069366735,0.9913062324958446,0.14561898731876863,10,0.025,0.15,0.94397910325317,0.9393815570528309,0.9363490669861886,0.9405585350519838,0.9353767287521081,1.0,0.9424862471640117,0.939952686169448,0.9399715732062867,0.9425034248883263,0.9419626703705773,0.9377838282029457
6,6,1.8846696243141636,0.3350131989440845,4167,2.1490209443228587,0.3277310924369748,833,2.15428315838681,0.3175,0.9699722302785395,0.08325298033031563,,,0.95,,0.9500173293063326,0.04998267069366735,0.9913062324958446,0.14561898731876863,10,0.025,0.15,0.9358228378606298,0.934557757404149,0.9360393858800186,0.9387938236546545,0.9358802897409921,0.9424862471640117,1.0,0.934416401419948,0.9365123625662004,0.941485883137897,0.9371838732469964,0.9266237239566015
6,7,1.8808494734041619,0.33779697624190064,4167,2.163422243935721,0.3277310924369748,833,2.1544427509549298,0.3178,0.9714565316821485,0.08340490156402466,,,0.95,,0.9500173293063326,0.04998267069366735,0.9913062324958446,0.14561898731876863,10,0.025,0.15,0.9403101060409291,0.93704205244465,0.9383290053331808,0.9368567179229729,0.9417836854919727,0.939952686169448,0.934416401419948,1.0,0.9397786044830719,0.9360125729388693,0.9370948306066071,0.9354232370082153
6,8,1.8767366008325057,0.3251800288046087,4166,2.158134835106986,0.2857142857142857,833,2.1542832609973375,0.3175,0.9698016695693101,0.0833227127274546,,,0.95,,0.9500173293063326,0.04998267069366735,0.9913062324958446,0.14561898731876863,10,0.025,0.15,0.9335645026857136,0.9309441970770254,0.9314483763356679,0.938287815713331,0.9396382509046552,0.9399715732062867,0.9365123625662004,0.9397786044830719,1.0,0.9307374437847217,0.9401524305284403,0.9367036712038936
6,9,1.8736956816731076,0.3341574651944311,4166,2.145258937563215,0.3385354141656663,833,2.154281908952737,0.3175,0.9717506818307214,0.08342652340890683,,,0.95,,0.9500173293063326,0.04998267069366735,0.9913062324958446,0.14561898731876863,10,0.025,0.15,0.9365904535713565,0.9392022388436753,0.9384739484932798,0.9396710480329395,0.9397914893001975,0.9425034248883263,0.941485883137897,0.9360125729388693,0.9307374437847217,1.0,0.9402719251846083,0.9356717508082016
6,10,1.8739651391000458,0.3371099375900144,4166,2.1452245712280273,0.32533013205282113,833,2.1542835809007475,0.3175,0.973188701678445,0.0835288178857332,,,0.95,,0.9500173293063326,0.04998267069366735,0.9913062324958446,0.14561898731876863,10,0.025,0.15,0.9384572367819495,0.9405249617890725,0.9385803963719951,0.9381116196581789,0.944538067562855,0.9419626703705773,0.9371838732469964,0.9370948306066071,0.9401524305284403,0.9402719251846083,1.0,0.9402254649994617
6,11,1.8978012659332968,0.3233077292366779,4166,2.163487877164568,0.29411764705882354,833,2.1543035145047345,0.3177,0.9683240385568623,0.08313796052152836,,,0.95,,0.9500173293063326,0.04998267069366735,0.9913062324958446,0.14561898731876863,10,0.025,0.15,0.9323946240475668,0.9329657254852445,0.9312308410772573,0.9350055417483162,0.936655230295831,0.9377838282029457,0.9266237239566015,0.9354232370082153,0.9367036712038936,0.9356717508082016,0.9402254649994617,1.0
