round,client_id,client_i_training_loss,client_i_training_accuracy,client_i_training_dataset_size,client_i_evaluation_loss,client_i_evaluation_accuracy,client_i_evaluation_dataset_size,client_i_central_evaluation_loss,client_i_central_evaluation_accuracy,client_i_cosine_similarity,client_i_importance_coefficient,client_i_tanh_val,tanh_normalization_value,client_i_q,client_i_mask_order,client_i_v_nonzero_fraction,client_i_v_sparsity,client_i_v_cosine_similarity,client_i_reward_gradient_norm,local_epochs,learning_rate,gamma,client_0_cosine_similarity,client_1_cosine_similarity,client_2_cosine_similarity,client_3_cosine_similarity,client_4_cosine_similarity,client_5_cosine_similarity,client_6_cosine_similarity,client_7_cosine_similarity,client_8_cosine_similarity,client_9_cosine_similarity,client_10_cosine_similarity,client_11_cosine_similarity
0,0,2.281767760623585,0.13899688024958004,4167,2.2969020094190324,0.13908872901678657,834,2.296425704714618,0.1326,0.9674820233911171,0.082694777412978,,,0.8969573816339753,,0.8969979039791388,0.10300209602086119,0,0.14623476325779322,10,0.025,0.15,1.0,0.9739233305796466,0.948737431193549,0.8788022385030924,0.9240979940303488,0.9347563745730947,0.9466518165123785,0.9373667916298536,0.9489375228667365,0.9209205477666396,0.9574191069825005,0.9473753664215159
0,1,2.2835315574299204,0.15322774178065754,4167,2.2955221108027866,0.1342925659472422,834,2.2964255206192594,0.1326,0.9792354001411837,0.08369938819715658,,,0.9570241199118674,,0.9570563284976317,0.04294367150236833,0,0.14624245504387276,10,0.025,0.15,0.9739233305796466,1.0,0.9558513564904456,0.9008402074240067,0.9469809713356169,0.9478856613853669,0.9562202831213943,0.9542909078747475,0.9580755000942167,0.9454174770884456,0.9621169822325089,0.9548936561474874
0,2,2.2753897746404013,0.15620350371970243,4167,2.2954932962145125,0.14628297362110312,834,2.296426054797595,0.1326,0.9707942288248615,0.08297788560978923,,,0.9138847192954866,,0.9139146077800333,0.0860853922199667,0,0.14623759185096455,10,0.025,0.15,0.948737431193549,0.9558513564904456,1.0,0.9018376285282486,0.9480108457540942,0.9468668742443289,0.9561111029200833,0.938342277728333,0.9488665915372471,0.9221459126966147,0.9577306550747546,0.9332326168735486
0,3,2.2845055681286435,0.1443484521238301,4167,2.2977860314505443,0.1223021582733813,834,2.296433089654657,0.1324,0.9485101819408293,0.08107317394344084,,,0.8,,0.8000115528708884,0.19998844712911157,0,0.14618167827150122,10,0.025,0.15,0.8788022385030924,0.9008402074240067,0.9018376285282486,1.0,0.938743856481335,0.929737051221594,0.9261645772819862,0.92962505127326,0.9201530661633195,0.9147283430860994,0.918663922606009,0.937730594315694
0,4,2.286585889440594,0.16640268778497722,4167,2.2954208169664656,0.13805522208883553,833,2.296425505529476,0.1326,0.9795805998169562,0.08372889387236383,,,0.9587882953500552,,0.9588305193840669,0.04116948061593306,0,0.14624250320967966,10,0.025,0.15,0.9240979940303488,0.9469809713356169,0.9480108457540942,0.938743856481335,1.0,0.9559426244676186,0.9562406642685688,0.9605150038540504,0.9588527947133613,0.9606462148076438,0.9595669439757478,0.9509390101610641
0,5,2.287636658639619,0.140220782337413,4167,2.294993911470686,0.14645858343337334,833,2.2964254632780823,0.1326,0.980039368258208,0.0837681067499328,,,0.9611328746549492,,0.9611741017642884,0.03882589823571159,0,0.14624256899156526,10,0.025,0.15,0.9347563745730947,0.9478856613853669,0.9468668742443289,0.929737051221594,0.9559426244676186,1.0,0.9615903431933114,0.9586212311286885,0.9655643806477874,0.9533355484446725,0.9568609485821173,0.9547429085655155
0,6,2.284769007653901,0.17576193904487641,4167,2.2962699277060374,0.12244897959183673,833,2.296425336523901,0.1326,0.9815617832971982,0.08389823399750501,,,0.9689133200232847,,0.9689557855126999,0.031044214487300104,0,0.14624271353128762,10,0.025,0.15,0.9466518165123785,0.9562202831213943,0.9561111029200833,0.9261645772819862,0.9562406642685688,0.9615903431933114,1.0,0.9649829827525073,0.9702057114146222,0.9413159255114887,0.9553963113733417,0.9488306519716155
0,7,2.288207354690089,0.16321094312455003,4167,2.29689131464277,0.12484993997599039,833,2.2964255085474328,0.1326,0.9787564791034778,0.08365845279199767,,,0.954576548865743,,0.9546219735604298,0.04537802643957023,0,0.14624237774736126,10,0.025,0.15,0.9373667916298536,0.9542909078747475,0.938342277728333,0.92962505127326,0.9605150038540504,0.9586212311286885,0.9649829827525073,1.0,0.9635930944176504,0.9508660535631249,0.9511428080933556,0.9415442676709974
0,8,2.2881158460270274,0.14968795007201152,4166,2.2978526864733015,0.11524609843937575,833,2.2964253093622906,0.1326,0.9837311357492686,0.08408365771992773,,,0.9799999999402089,,0.9800300374643098,0.019969962535690167,0,0.1462428156504075,10,0.025,0.15,0.9489375228667365,0.9580755000942167,0.9488665915372471,0.9201530661633195,0.9588527947133613,0.9655643806477874,0.9702057114146222,0.9635930944176504,1.0,0.9566726275004548,0.9586543482770339,0.9595270700432438
0,9,2.2868362260587287,0.1485597695631301,4166,2.297310931341989,0.13445378151260504,833,2.2964260819592055,0.1326,0.9709284371804734,0.08298935696514878,,,0.9145706037304601,,0.9146077800333383,0.08539221996666169,0,0.14623768063207235,10,0.025,0.15,0.9209205477666396,0.9454174770884456,0.9221459126966147,0.9147283430860994,0.9606462148076438,0.9533355484446725,0.9413159255114887,0.9508660535631249,0.9566726275004548,1.0,0.9453250522957511,0.9479507342593553
0,10,2.2815187764890266,0.16346615458473357,4166,2.2955800465175082,0.1332533013205282,833,2.2964253516136846,0.1326,0.981377586609873,0.083882489928168,,,0.9679719655134701,,0.9680233037909921,0.03197669620900789,0,0.14624269978584178,10,0.025,0.15,0.9574191069825005,0.9621169822325089,0.9577306550747546,0.918663922606009,0.9595669439757478,0.9568609485821173,0.9553963113733417,0.9511428080933556,0.9586543482770339,0.9453250522957511,1.0,0.9586897235053016
0,11,2.2850793795152144,0.14819971195391263,4166,2.295562641961234,0.13445378151260504,833,2.2964255115653893,0.1326,0.977435964308717,0.08354558281159168,,,0.9478279337012929,,0.9478800481919757,0.05211995180802431,0,0.14624210430498527,10,0.025,0.15,0.9473753664215159,0.9548936561474874,0.9332326168735486,0.937730594315694,0.9509390101610641,0.9547429085655155,0.9488306519716155,0.9415442676709974,0.9595270700432438,0.9479507342593553,0.9586897235053016,1.0
1,0,2.1721968094507855,0.2021118310535157,4167,2.285689285823277,0.15947242206235013,834,2.2856211209598976,0.1653,0.982602244569511,0.08279242925072233,,,0.8794187568571264,,0.8794622963806505,0.12053770361934946,0.8661167979066959,0.1480637051123894,10,0.025,0.15,1.0,0.9678681650896528,0.9664035085856655,0.9614932191230121,0.9650217297261895,0.9686743156676847,0.9688422646542593,0.967353567024806,0.9733903235420293,0.9666172224100841,0.9700382329436426,0.9642037546898792
1,1,2.1743215040727093,0.20813534917206625,4167,2.2849197728293285,0.1618705035971223,834,2.2856195063530644,0.1653,0.9897385345543822,0.0836425887770357,,,0.9539827998569363,,0.9540278259147398,0.04597217408526022,0.8664160505841866,0.1480744227733061,10,0.025,0.15,0.9678681650896528,1.0,0.9730489213357263,0.974773239057561,0.9769881141536225,0.9774674925613888,0.9718190191255518,0.9780900322218626,0.9805147151265863,0.9773739900097654,0.9700742996042554,0.9762105746676454
1,2,2.151358324469942,0.21435085193184544,4167,2.2846502235957553,0.19184652278177458,834,2.2856213593784767,0.1653,0.9852358997472875,0.08305219548864803,,,0.9022017997274258,,0.9022462081827334,0.09775379181726662,0.8662110648080912,0.14806833158542326,10,0.025,0.15,0.9664035085856655,0.9730489213357263,1.0,0.9644130550406623,0.9737405994694784,0.9743831017561361,0.9698065299290495,0.9683490395715084,0.9783759045052873,0.9674480091982577,0.9703548068777774,0.964597231710623
1,3,2.179914347330729,0.21802255819534438,4167,2.2873388699122836,0.15587529976019185,834,2.2856287895878658,0.1663,0.9854814309104845,0.08188691755911216,,,0.8,,0.8000115528708884,0.19998844712911157,0.8669542608883191,0.1479950488462038,10,0.025,0.15,0.9614932191230121,0.974773239057561,0.9644130550406623,1.0,0.9713305844347141,0.970929936343495,0.9662013988390658,0.9773326711559288,0.9725905256426546,0.9737794620185689,0.9663336295290832,0.9755155036333142
1,4,2.1796446576262967,0.21223902087832974,4167,2.2853491646902904,0.1752701080432173,833,2.285619322257706,0.1653,0.9880331478834155,0.08360547588277005,,,0.9507277784659844,,0.9507682659140797,0.0492317340859203,0.8664217830675017,0.14807434208876952,10,0.025,0.15,0.9650217297261895,0.9769881141536225,0.9737405994694784,0.9713305844347141,1.0,0.9759096372384883,0.9714717354427074,0.9772357910861298,0.9792527063194637,0.9718123322195967,0.9706265022499423,0.9705295148911036
1,5,2.181752319046945,0.20964722822174225,4167,2.2843433107648576,0.16806722689075632,833,2.28561941883232,0.1653,0.989597422686485,0.08368034233419672,,,0.9572940111913042,,0.9573368982192074,0.04266310178079258,0.8664189064648926,0.14807449580900914,10,0.025,0.15,0.9686743156676847,0.9774674925613888,0.9743831017561361,0.970929936343495,0.9759096372384883,1.0,0.9719029801078425,0.974790330251557,0.9816297166588918,0.9759823049742814,0.9762147930101347,0.9745268602602704
1,6,2.168219645095594,0.2267578593712503,4167,2.2861927918025424,0.16326530612244897,833,2.2856192287010484,0.1653,0.9855587564753157,0.08362956570109438,,,0.952840598700067,,0.9528890429271674,0.04711095707283264,0.8664107347638915,0.14807440244585515,10,0.025,0.15,0.9688422646542593,0.9718190191255518,0.9698065299290495,0.9662013988390658,0.9714717354427074,0.9719029801078425,1.0,0.9721977859987169,0.9778838687522623,0.9706275129894671,0.967871138785513,0.9658994601403185
1,7,2.184636044502258,0.21339092872570195,4167,2.2865630899156844,0.15606242496998798,833,2.2856193071679223,0.1653,0.9886227669726769,0.08358120158362409,,,0.9485987781674656,,0.9486392368503573,0.05136076314964266,0.8664196618869412,0.14807429858768134,10,0.025,0.15,0.967353567024806,0.9780900322218626,0.9683490395715084,0.9773326711559288,0.9772357910861298,0.974790330251557,0.9721977859987169,1.0,0.975259269667601,0.9746704709017141,0.969972669796629,0.9758636965658997
1,8,2.1804763967340643,0.2087614018242919,4166,2.286766154425485,0.14285714285714285,833,2.285619430904147,0.1653,0.9915875655178165,0.08393923002106159,,,0.979999999912294,,0.9800300374643098,0.019969962535690167,0.8663912101154712,0.14807479071080795,10,0.025,0.15,0.9733903235420293,0.9805147151265863,0.9783759045052873,0.9725905256426546,0.9792527063194637,0.9816297166588918,0.9778838687522623,0.975259269667601,1.0,0.9783173182591498,0.9735657554676675,0.9751889971373545
1,9,2.18354466864557,0.21092174747959674,4166,2.2861268179757253,0.15726290516206481,833,2.2856210062775433,0.1653,0.987680598397161,0.08313851680037079,,,0.9097726917775412,,0.9098298427159149,0.09017015728408506,0.8662203702468061,0.14806947102221754,10,0.025,0.15,0.9666172224100841,0.9773739900097654,0.9674480091982577,0.9737794620185689,0.9718123322195967,0.9759823049742814,0.9706275129894671,0.9746704709017141,0.9783173182591498,1.0,0.9709870253123062,0.9724440809190646
1,10,2.1657053896875094,0.214018242918867,4166,2.2844226700919017,0.18127250900360145,833,2.285619189467611,0.1653,0.9854909919790444,0.08361767101216683,,,0.9517973637903678,,0.95184928454721,0.04815071545279004,0.866411128751753,0.1480743819444629,10,0.025,0.15,0.9700382329436426,0.9700742996042554,0.9703548068777774,0.9663336295290832,0.9706265022499423,0.9762147930101347,0.967871138785513,0.969972669796629,0.9735657554676675,0.9709870253123062,1.0,0.9677368114351046
1,11,2.181058941826676,0.20261641862698032,4166,2.2842038358960832,0.17046818727490998,833,2.285619479191454,0.1654,0.9862225923291014,0.08343386558919741,,,0.9356765358307948,,0.9357000214553316,0.0642999785446684,0.8663929630619621,0.14807172331356389,10,0.025,0.15,0.9642037546898792,0.9762105746676454,0.964597231710623,0.9755155036333142,0.9705295148911036,0.9745268602602704,0.9658994601403185,0.9758636965658997,0.9751889971373545,0.9724440809190646,0.9677368114351046,1.0
2,0,2.0821445674607246,0.2451403887688985,4167,2.2685272012438094,0.18944844124700239,834,2.2689983210986173,0.2,0.9838822935813573,0.08298988717091034,,,0.8731510662008645,,0.8731824858477332,0.12681751415226683,0.9625936958195699,0.14760664562236608,10,0.025,0.15,1.0,0.9677111751710892,0.9656773900279915,0.9616560470170202,0.9661172461647687,0.9682919237930098,0.9646925960239694,0.9659056561981569,0.9720907005056904,0.9653261552012506,0.9621976947094235,0.960384098180861
2,1,2.084680357123866,0.24480441564674826,4167,2.268835578645979,0.1906474820143885,834,2.2689888718761977,0.2001,0.9867494991072633,0.08360722204795812,,,0.949997896738586,,0.9500173293063326,0.04998267069366735,0.9628906402472743,0.1476278653533203,10,0.025,0.15,0.9677111751710892,1.0,0.9662847607543326,0.969053714897716,0.9718674219312593,0.968627867784975,0.964205603030949,0.971022350912054,0.9745922045708022,0.9706740907700818,0.9609941590694339,0.9686357355812999
2,2,2.0614561745614717,0.253899688024958,4167,2.267512764249529,0.23980815347721823,834,2.268994702568537,0.2002,0.9816972125211916,0.0830791587034985,,,0.8842637290224626,,0.8843145021537853,0.11568549784621474,0.9627260094818286,0.14761575499301655,10,0.025,0.15,0.9656773900279915,0.9662847607543326,1.0,0.9598250626921534,0.9645763825732627,0.963563669121171,0.9611514288667095,0.9623011897189929,0.9687823219275878,0.9618144958023431,0.9598096274067884,0.9603964254866716
2,3,2.091256521687363,0.25106791456683464,4167,2.271610362189157,0.19304556354916066,834,2.2690401016911372,0.2038,0.982981511935736,0.08240224153682192,,,0.8,,0.8000115528708884,0.19998844712911157,0.9613811068983752,0.14753276389719297,10,0.025,0.15,0.9616560470170202,0.969053714897716,0.9598250626921534,1.0,0.9652000944950941,0.9635743998409084,0.9604523461381262,0.9674935252426218,0.9692574807371884,0.9665702811860956,0.9570126713293633,0.9697713513257377
2,4,2.0893865845420145,0.2499640028797696,4167,2.2697109835488454,0.2028811524609844,833,2.2689879513994047,0.2001,0.9855442709724745,0.08354521756356854,,,0.9422794795850777,,0.9423346701655362,0.05766532983446382,0.9629080691063813,0.1476273908716724,10,0.025,0.15,0.9661172461647687,0.9718674219312593,0.9645763825732627,0.9652000944950941,1.0,0.9677239075449098,0.9662653509269065,0.9703185513803305,0.9722231260212436,0.9666679347640407,0.9629651917985831,0.9654428259151169
2,5,2.089485620729851,0.2488120950323974,4167,2.2675868443080356,0.20408163265306123,833,2.268988977504682,0.2001,0.985686943343592,0.08359601674209147,,,0.9486030423846965,,0.9486392368503573,0.05136076314964266,0.9628889167797489,0.14762781709716424,10,0.025,0.15,0.9682919237930098,0.968627867784975,0.963563669121171,0.9635743998409084,0.9677239075449098,1.0,0.9635145042159782,0.9660987568093721,0.9753252893782159,0.9705658367815975,0.9670137058455904,0.966712225636091
2,6,2.0775514295606903,0.2613390928725702,4167,2.2702582563672746,0.19687875150060025,833,2.2689888024631935,0.2001,0.9820588594178593,0.0834469481285195,,,0.930046743507755,,0.9300886270238155,0.06991137297618455,0.9628765134633676,0.14762590843289694,10,0.025,0.15,0.9646925960239694,0.964205603030949,0.9611514288667095,0.9604523461381262,0.9662653509269065,0.9635145042159782,1.0,0.9652699887465892,0.9682764721136286,0.9655881230196646,0.9566694183644265,0.9621181301698534
2,7,2.0962426427638894,0.24662826973842092,4167,2.2707258633204868,0.1872749099639856,833,2.2689886062960083,0.2001,0.9844686311458345,0.083495336373241,,,0.9360701894207961,,0.9361043719364261,0.06389562806357385,0.9628749419180911,0.14762644660974522,10,0.025,0.15,0.9659056561981569,0.971022350912054,0.9623011897189929,0.9674935252426218,0.9703185513803305,0.9660987568093721,0.9652699887465892,1.0,0.967235791683011,0.9654783028317473,0.9578758153089363,0.9677653658203839
2,8,2.083520589091561,0.24903984637542007,4166,2.2694172859191895,0.18487394957983194,833,2.2689884644520433,0.2001,0.9885390881922325,0.08384823842458176,,,0.9799999998755184,,0.9800300374643098,0.019969962535690167,0.9629117308774652,0.14762867530868876,10,0.025,0.15,0.9720907005056904,0.9745922045708022,0.9687823219275878,0.9692574807371884,0.9722231260212436,0.9753252893782159,0.9682764721136286,0.967235791683011,1.0,0.9742442577877712,0.9626296464870532,0.9700661014643012
2,9,2.095479423710794,0.24630340854536725,4166,2.269271203449794,0.19207683073229292,833,2.2689933897573735,0.2002,0.985272065831363,0.08324841924845237,,,0.9053335517368309,,0.9053819874238749,0.09461801257612512,0.9627517759447646,0.14762218467959684,10,0.025,0.15,0.9653261552012506,0.9706740907700818,0.9618144958023431,0.9665702811860956,0.9666679347640407,0.9705658367815975,0.9655881230196646,0.9654783028317473,0.9742442577877712,1.0,0.9614025375132015,0.9680142323616008
2,10,2.0802112738291423,0.2526884301488238,4166,2.267758471625192,0.21008403361344538,833,2.268988648547402,0.2001,0.9795400237744883,0.08335785974046997,,,0.9189568788105581,,0.9189978709709363,0.08100212902906367,0.9628519121347251,0.14762447835873443,10,0.025,0.15,0.9621976947094235,0.9609941590694339,0.9598096274067884,0.9570126713293633,0.9629651917985831,0.9670137058455904,0.9566694183644265,0.9578758153089363,0.9626296464870532,0.9614025375132015,1.0,0.9598751487076402
2,11,2.095466142712217,0.24087854056649063,4166,2.2668043204716275,0.21248499399759904,833,2.2689890801152095,0.2003,0.9838209019787449,0.08338345431988638,,,0.9221429328959888,,0.9221831625158852,0.07781683748411483,0.9628480731001301,0.1476249375474593,10,0.025,0.15,0.960384098180861,0.9686357355812999,0.9603964254866716,0.9697713513257377,0.9654428259151169,0.966712225636091,0.9621181301698534,0.9677653658203839,0.9700661014643012,0.9680142323616008,0.9598751487076402,1.0
3,0,2.0191647244222235,0.27523398128149745,4167,2.2452050958360945,0.20983213429256595,834,2.246341092677056,0.2266,0.980811929116612,0.08312119705892099,,,0.8683289029621645,,0.8683550362265022,0.13164496377349777,0.9839590422394214,0.147098797183557,10,0.025,0.15,1.0,0.9613608797602279,0.9596304973228499,0.9544676938353407,0.9605953397869176,0.9586438721094448,0.9580687022718878,0.957031115410861,0.9667439289735489,0.9583322153147308,0.9564709040305771,0.9527116291978467
3,1,2.0246791980483314,0.2687544996400288,4167,2.246917724609375,0.21942446043165467,834,2.2463173353219332,0.2265,0.9828558281781397,0.08356882027820302,,,0.9420036186333969,,0.9420623524945949,0.05793764750540509,0.9840520458620489,0.14712165044449088,10,0.025,0.15,0.9613608797602279,1.0,0.9577084915491234,0.9616405998249451,0.9648931693439535,0.9583196840400386,0.9563740239870331,0.9628797290808648,0.9686419959658817,0.9610157872155863,0.9542266445009621,0.9608079834634128
3,2,2.0001811901728312,0.28020158387329014,4167,2.2441275460379466,0.24940047961630696,834,2.2463379117506967,0.2264,0.9778000186826871,0.08307843588505937,,,0.8612908021883121,,0.8613242890858378,0.1386757109141622,0.9839188337276138,0.147096298909825,10,0.025,0.15,0.9596304973228499,0.9577084915491234,1.0,0.9527017219945365,0.9574000365023806,0.9519882443940353,0.9534158145120618,0.9522908523500158,0.96042882470501,0.9549055800425299,0.9548850721348567,0.9532813215982774
3,3,2.0240902362447795,0.27468202543796494,4167,2.2504168237958635,0.20623501199040767,834,2.2464300771302814,0.2272,0.9792033176995365,0.08270605323060383,,,0.8,,0.8000115528708884,0.19998844712911157,0.9836527742626445,0.14704733253866525,10,0.025,0.15,0.9544676938353407,0.9616405998249451,0.9527017219945365,1.0,0.9583051287265838,0.9529359656204964,0.9528042214559136,0.958947334959858,0.9621679415316512,0.9594318694451855,0.9488998422385254,0.9631730087418351
3,4,2.0248363556283895,0.2733621310295176,4167,2.2483321257999966,0.21368547418967587,833,2.246315621122529,0.2264,0.9821870345403743,0.08350879776000891,,,0.9321244573849813,,0.9321516396824611,0.06784836031753894,0.9840349752747494,0.14712058965247102,10,0.025,0.15,0.9605953397869176,0.9648931693439535,0.9574000365023806,0.9583051287265838,1.0,0.9574146974625061,0.9603901349582263,0.9619950921845247,0.9652153702002073,0.9592422868524227,0.9563542024796335,0.9581961101339695
3,5,2.022628385731668,0.2742260619150468,4167,2.2446887152535573,0.23529411764705882,833,2.2463169369516494,0.2265,0.9805984638285461,0.0834885380570475,,,0.928789894317276,,0.9288343153273588,0.07116568467264117,0.9840445703410522,0.14712028505266836,10,0.025,0.15,0.9586438721094448,0.9583196840400386,0.9519882443940353,0.9529359656204964,0.9574146974625061,1.0,0.957295794473634,0.9558214488308922,0.9664547294571695,0.9618913401816208,0.9597579647791579,0.9607004870524413
3,6,2.0113028659965053,0.28444924406047517,4167,2.248177868979318,0.24369747899159663,833,2.2463156844996197,0.2265,0.9793345637709471,0.08335541375210775,,,0.9068788430293241,,0.9069333729431763,0.09306662705682367,0.984034230380737,0.14711750685070332,10,0.025,0.15,0.9580687022718878,0.9563740239870331,0.9534158145120618,0.9528042214559136,0.9603901349582263,0.957295794473634,1.0,0.9593426294283312,0.9598664715322263,0.9603796461616705,0.9503402341564441,0.9581830074768984
3,7,2.033022481022459,0.2687305015598752,4167,2.249216760907854,0.21368547418967587,833,2.2463160617442073,0.2265,0.9805673485457309,0.08342535778166661,,,0.9183909949210747,,0.9184449835784192,0.0815550164215808,0.9840472160725252,0.14711919408572935,10,0.025,0.15,0.957031115410861,0.9628797290808648,0.9522908523500158,0.958947334959858,0.9619950921845247,0.9558214488308922,0.9593426294283312,1.0,0.9589344901594392,0.9596795285109211,0.9511866948502263,0.9628799065656223
3,8,2.014648255073663,0.2729236677868459,4166,2.2457490307944163,0.22088835534213686,833,2.246315922918199,0.2265,0.9853798237421973,0.08379967373070372,,,0.9799999998354091,,0.9800300374643098,0.019969962535690167,0.9840765822300559,0.14712278372509938,10,0.025,0.15,0.9667439289735489,0.9686419959658817,0.96042882470501,0.9621679415316512,0.9652153702002073,0.9664547294571695,0.9598664715322263,0.9589344901594392,1.0,0.9684742045724968,0.9565269737867526,0.9640481461926395
3,9,2.034734489701011,0.2688190110417667,4166,2.246347257069179,0.21728691476590636,833,2.2463228823263433,0.2265,0.9822795843008222,0.0833285358034525,,,0.9024549768407505,,0.9024937697017709,0.09750623029822914,0.9840413092207703,0.14711667260511957,10,0.025,0.15,0.9583322153147308,0.9610157872155863,0.9549055800425299,0.9594318694451855,0.9592422868524227,0.9618913401816208,0.9603796461616705,0.9596795285109211,0.9684742045724968,1.0,0.954744765847269,0.9631149807150341
3,10,2.0170057105295585,0.2738118098895823,4166,2.24533554485866,0.24129651860744297,833,2.2463210956959783,0.2265,0.9770937291137827,0.08322757676996466,,,0.885838037043505,,0.8858906438249905,0.1141093561750095,0.9840051622697678,0.1471069765698635,10,0.025,0.15,0.9564709040305771,0.9542266445009621,0.9548850721348567,0.9488998422385254,0.9563542024796335,0.9597579647791579,0.9503402341564441,0.9511866948502263,0.9565269737867526,0.954744765847269,1.0,0.9567416813717062
3,11,2.032203391826514,0.2666586653864618,4166,2.242980650493077,0.2460984393757503,833,2.2463162247138686,0.2265,0.9816543852009068,0.08339159989226116,,,0.9128347529826059,,0.9128831014507105,0.0871168985492895,0.9840481132508659,0.14711840476205948,10,0.025,0.15,0.9527116291978467,0.9608079834634128,0.9532813215982774,0.9631730087418351,0.9581961101339695,0.9607004870524413,0.9581830074768984,0.9628799065656223,0.9640481461926395,0.9631149807150341,0.9567416813717062,1.0
4,0,1.9674072388446693,0.29268058555315574,4167,2.21581608908517,0.22302158273381295,834,2.217821353598486,0.2529,0.9780652967419333,0.08320909781375194,,,0.98,,0.9800300374643098,0.019969962535690167,0.9902585515633875,0.14667861644368038,10,0.025,0.15,1.0,0.9544257882460354,0.9542837004642005,0.949101686923205,0.9554941912913026,0.9553287481101839,0.9519909201479245,0.9514178310258308,0.9601085888915591,0.9489014845009186,0.9483706060595861,0.9475285827187429
4,1,1.9768676313486966,0.2839692824574034,4167,2.2191552434648787,0.2422062350119904,834,2.217788590660578,0.2532,0.9793373455046716,0.08352720853439365,,,0.98,,0.9800300374643098,0.019969962535690167,0.9904482654312723,0.14667861644368038,10,0.025,0.15,0.9544257882460354,1.0,0.9498500315816203,0.9578052659292605,0.9577233471123622,0.9530588694607903,0.9484156675950934,0.9554707836831725,0.9632620299310969,0.9525553225551727,0.9454757067434184,0.9536137100323849
4,2,1.9545185446739197,0.2990880729541637,4167,2.214787176677159,0.2697841726618705,834,2.2178160601024386,0.2529,0.9751542812191998,0.08308794699553208,,,0.98,,0.9800300374643098,0.019969962535690167,0.9902424135176483,0.14667861644368038,10,0.025,0.15,0.9542837004642005,0.9498500315816203,1.0,0.9422189005970748,0.9486520653531785,0.9515434523758048,0.9480858320521487,0.9473581080137544,0.9542533236567134,0.9462806728271852,0.9519341964128346,0.9483812102815398
4,3,1.975481634429007,0.2899688024958003,4167,2.224095957619803,0.24580335731414868,834,2.2179478150379808,0.2508,0.9763536059707348,0.082896761318976,,,0.98,,0.9800300374643098,0.019969962535690167,0.9899612181561369,0.14667861644368038,10,0.025,0.15,0.949101686923205,0.9578052659292605,0.9422189005970748,1.0,0.9533091329700084,0.9498676928872571,0.9451773387791489,0.9531287861934605,0.956148076164646,0.9528479238374451,0.9399872253174996,0.957501176900931
4,4,1.9765133388114697,0.2896328293736501,4167,2.2211706978934154,0.25210084033613445,833,2.2177859258048143,0.2531,0.9796593197069532,0.08350057850375978,,,0.98,,0.9800300374643098,0.019969962535690167,0.9904371094308969,0.14667861644368038,10,0.025,0.15,0.9554941912913026,0.9577233471123622,0.9486520653531785,0.9533091329700084,1.0,0.9554445673339214,0.9537708075373985,0.9559968573900718,0.9599908302312395,0.9504481485223383,0.9511706063270077,0.9534488582326305
4,5,1.9736907265403054,0.2889848812095032,4167,2.2156470843723843,0.26410564225690275,833,2.2177875011782104,0.2531,0.979955756880985,0.08349769907046148,,,0.98,,0.9800300374643098,0.019969962535690167,0.9904341152316567,0.14667861644368038,10,0.025,0.15,0.9553287481101839,0.9530588694607903,0.9515434523758048,0.9498676928872571,0.9554445673339214,1.0,0.95307134431803,0.9525429104001494,0.9628190234863656,0.9546699877977487,0.9535965013889864,0.9569803533239137
4,6,1.965028711160024,0.29990400767938563,4167,2.2201150826045444,0.2605042016806723,833,2.2177867225453824,0.2532,0.9758320434600098,0.08328122792611786,,,0.98,,0.9800300374643098,0.019969962535690167,0.9904080909097114,0.14667861644368038,10,0.025,0.15,0.9519909201479245,0.9484156675950934,0.9480858320521487,0.9451773387791489,0.9537708075373985,0.95307134431803,1.0,0.9533249995776591,0.9527022709972035,0.950217498673858,0.9432834496070264,0.9505785468023932
4,7,1.9841486544320077,0.2851931845452364,4167,2.2220637117113387,0.2533013205282113,833,2.2177870394308354,0.2532,0.9781425464016495,0.08339964438897153,,,0.98,,0.9800300374643098,0.019969962535690167,0.9904255860218812,0.14667861644368038,10,0.025,0.15,0.9514178310258308,0.9554707836831725,0.9473581080137544,0.9531287861934605,0.9559968573900718,0.9525429104001494,0.9533249995776591,1.0,0.9542658376633356,0.9514489910082956,0.9466593754220837,0.9561014261389479
4,8,1.965041527964852,0.29080652904464716,4166,2.2160366603306363,0.24729891956782712,833,2.2177863694444486,0.2531,0.9826893297807926,0.08377898638564524,,,0.98,,0.9800300374643098,0.019969962535690167,0.9904482514495276,0.14667861644368038,10,0.025,0.15,0.9601085888915591,0.9632620299310969,0.9542533236567134,0.956148076164646,0.9599908302312395,0.9628190234863656,0.9527022709972035,0.9542658376633356,1.0,0.961101443078148,0.9480217085929544,0.9582080207935778
4,9,1.9826218377460132,0.2871099375900144,4166,2.2175914560045515,0.24009603841536614,833,2.217796992652024,0.2533,0.9770606625208961,0.08330458747990267,,,0.98,,0.9800300374643098,0.019969962535690167,0.9904124435711923,0.14667861644368038,10,0.025,0.15,0.9489014845009186,0.9525553225551727,0.9462806728271852,0.9528479238374451,0.9504481485223383,0.9546699877977487,0.950217498673858,0.9514489910082956,0.961101443078148,1.0,0.9442960011138313,0.9522760823272528
4,10,1.9698260415684092,0.29205472875660105,4166,2.2174741881234303,0.2545018007202881,833,2.2177924295014972,0.2532,0.9733549698789119,0.08312160215053346,,,0.98,,0.9800300374643098,0.019969962535690167,0.9903103045946792,0.14667861644368038,10,0.025,0.15,0.9483706060595861,0.9454757067434184,0.9519341964128346,0.9399872253174996,0.9511706063270077,0.9535965013889864,0.9432834496070264,0.9466593754220837,0.9480217085929544,0.9442960011138313,1.0,0.9488542929584067
4,11,1.9850163062413533,0.28226116178588573,4166,2.2131296566554477,0.2857142857142857,833,2.2177881772005104,0.2534,0.9786307374554573,0.08339465943195433,,,0.98,,0.9800300374643098,0.019969962535690167,0.9904131547030242,0.14667861644368038,10,0.025,0.15,0.9475285827187429,0.9536137100323849,0.9483812102815398,0.957501176900931,0.9534488582326305,0.9569803533239137,0.9505785468023932,0.9561014261389479,0.9582080207935778,0.9522760823272528,0.9488542929584067,1.0
5,0,1.9285268425941466,0.3094552435805136,4167,2.181349754333496,0.2733812949640288,834,2.1841922138310688,0.275,0.9757550907846803,0.08328637393478212,,,0.98,,0.9800300374643098,0.019969962535690167,0.9920360191652339,0.14622615635450387,10,0.025,0.15,1.0,0.9493165285891363,0.9484593739036499,0.9421100130267411,0.9492606286937277,0.9494716996744603,0.9491134129270389,0.9465421260728263,0.9533671510042521,0.9474147271378609,0.940668150214996,0.9387535202266746
5,1,1.935935660203298,0.30148788096952245,4167,2.1863769463130405,0.2577937649880096,834,2.1841488669190228,0.2751,0.9770319523561698,0.08352485712995132,,,0.98,,0.9800300374643098,0.019969962535690167,0.9920360191652339,0.14622615635450387,10,0.025,0.15,0.9493165285891363,1.0,0.9439493098066353,0.9528246787363555,0.9533477908810756,0.9448847769252023,0.9448176543253347,0.9498164329209933,0.9588963292093005,0.9492076486587001,0.9364797315865561,0.9456735415950244
5,2,1.917190130551656,0.31281497480201587,4167,2.1803090572357178,0.30335731414868106,834,2.1841846629034114,0.275,0.9705516044433541,0.0830418842760372,,,0.98,,0.9800300374643098,0.019969962535690167,0.9920360191652339,0.14622615635450387,10,0.025,0.15,0.9484593739036499,0.9439493098066353,1.0,0.9356610941791909,0.940889397027063,0.9433356374759972,0.9400235600327517,0.9368218350761145,0.9451488173578968,0.9419499957293287,0.9401878793273726,0.9373060445976095
5,3,1.9359873161171421,0.3020158387329014,4167,2.1932007925851003,0.26139088729016785,834,2.184361448770837,0.2738,0.9742895563778534,0.08304531850506644,,,0.98,,0.9800300374643098,0.019969962535690167,0.9920360191652339,0.14622615635450387,10,0.025,0.15,0.9421100130267411,0.9528246787363555,0.9356610941791909,1.0,0.9481479091633976,0.9443541341181331,0.9421067258661667,0.9462465402741085,0.9490173287365482,0.9498633978742294,0.9354071160960133,0.9517748934589911
5,4,1.9382369420745156,0.3040556755459563,4167,2.189022813524519,0.27130852340936373,833,2.184145043167887,0.2751,0.977176091405574,0.0835130703317753,,,0.98,,0.9800300374643098,0.019969962535690167,0.9920360191652339,0.14622615635450387,10,0.025,0.15,0.9492606286937277,0.9533477908810756,0.940889397027063,0.9481479091633976,1.0,0.9494348312630118,0.9494232758177692,0.9501746343246653,0.9527640718346551,0.948115552032469,0.9430310475970296,0.9463349448087323
5,5,1.934524848244407,0.3025677945764339,4167,2.181215967450823,0.28331332533013204,833,2.184146856959862,0.2751,0.9761720835058509,0.08347858222325148,,,0.98,,0.9800300374643098,0.019969962535690167,0.9920360191652339,0.14622615635450387,10,0.025,0.15,0.9494716996744603,0.9448847769252023,0.9433356374759972,0.9443541341181331,0.9494348312630118,1.0,0.9463095815533018,0.944852815994854,0.9530396854645188,0.9479170469520837,0.9459519570449781,0.9496417547156921
5,6,1.9218211455778642,0.31243100551955844,4167,2.186577933175223,0.2797118847539016,833,2.184147285509713,0.275,0.9738780720207642,0.0832698729879498,,,0.98,,0.9800300374643098,0.019969962535690167,0.9920360191652339,0.14622615635450387,10,0.025,0.15,0.9491134129270389,0.9448176543253347,0.9400235600327517,0.9421067258661667,0.9494232758177692,0.9463095815533018,1.0,0.9478433998955638,0.9467581440841282,0.94611299879536,0.9357977683605677,0.9441782311175938
5,7,1.9437067035472755,0.29644828413726904,4167,2.189880609512329,0.27010804321728693,833,2.1841473217251934,0.275,0.9750932168156503,0.08338274854131358,,,0.98,,0.9800300374643098,0.019969962535690167,0.9920360191652339,0.14622615635450387,10,0.025,0.15,0.9465421260728263,0.9498164329209933,0.9368218350761145,0.9462465402741085,0.9501746343246653,0.944852815994854,0.9478433998955638,1.0,0.9470240671511441,0.9468738152272772,0.9383511991243996,0.9520763272489947
5,8,1.920975267164635,0.3037445991358617,4166,2.181103433881487,0.26290516206482595,833,2.184145827836628,0.2752,0.9784847586741484,0.08372801624646822,,,0.98,,0.9800300374643098,0.019969962535690167,0.9920360191652339,0.14622615635450387,10,0.025,0.15,0.9533671510042521,0.9588963292093005,0.9451488173578968,0.9490173287365482,0.9527640718346551,0.9530396854645188,0.9467581440841282,0.9470240671511441,1.0,0.9568766597391506,0.9366759866510642,0.9464977474866622
5,9,1.9444082455201583,0.30184829572731636,4166,2.1838505268096924,0.2617046818727491,833,2.18416104135634,0.2749,0.9761010898531629,0.08335674660804548,,,0.98,,0.9800300374643098,0.019969962535690167,0.9920360191652339,0.14622615635450387,10,0.025,0.15,0.9474147271378609,0.9492076486587001,0.9419499957293287,0.9498633978742294,0.948115552032469,0.9479170469520837,0.94611299879536,0.9468738152272772,0.9568766597391506,1.0,0.9369136896860836,0.9472094732626809
5,10,1.93069444027814,0.3045607297167547,4166,2.1847922801971436,0.2809123649459784,833,2.18415320975871,0.2749,0.9687505175503927,0.08300404345068721,,,0.98,,0.9800300374643098,0.019969962535690167,0.9920360191652339,0.14622615635450387,10,0.025,0.15,0.940668150214996,0.9364797315865561,0.9401878793273726,0.9354071160960133,0.9430310475970296,0.9459519570449781,0.9357977683605677,0.9383511991243996,0.9366759866510642,0.9369136896860836,1.0,0.9432053205071195
5,11,1.9419437993656505,0.2965914546327412,4166,2.178095374788557,0.297719087635054,833,2.1841505237772494,0.2749,0.9747500917949006,0.08336848576467176,,,0.98,,0.9800300374643098,0.019969962535690167,0.9920360191652339,0.14622615635450387,10,0.025,0.15,0.9387535202266746,0.9456735415950244,0.9373060445976095,0.9517748934589911,0.9463349448087323,0.9496417547156921,0.9441782311175938,0.9520763272489947,0.9464977474866622,0.9472094732626809,0.9432053205071195,1.0
6,0,1.8924311385010228,0.3228701703863691,4167,2.1425566332680837,0.3009592326139089,834,2.14633522758001,0.3007,0.9727596868598221,0.08331925063604965,,,0.98,,0.9800300374643098,0.019969962535690167,0.9929644818640666,0.14584554016026585,10,0.025,0.15,1.0,0.9445846853255372,0.9441358052307222,0.937326086877298,0.9422849541554102,0.9411330728954685,0.9442772554887164,0.9397163209900865,0.9484705928274774,0.9378399519212121,0.9357300918573783,0.9342920148768238
6,1,1.902727520827091,0.31478281737461006,4167,2.149620703288487,0.2745803357314149,834,2.1462807444077505,0.3007,0.9743842862650819,0.08351997653900686,,,0.98,,0.9800300374643098,0.019969962535690167,0.9929644818640666,0.14584554016026585,10,0.025,0.15,0.9445846853255372,1.0,0.9396506712528432,0.9478649962396712,0.9465327615006882,0.938701073157818,0.9386708468182599,0.944535976114221,0.9538933225075604,0.9410481513089096,0.9309644077521718,0.9421005884115873
6,2,1.8786375320318973,0.3266858651307895,4167,2.141748939241682,0.31534772182254195,834,2.146325060083896,0.3008,0.9700053560740881,0.08307796549437474,,,0.98,,0.9800300374643098,0.019969962535690167,0.9929644818640666,0.14584554016026585,10,0.025,0.15,0.9441358052307222,0.9396506712528432,1.0,0.9342765442392574,0.9367374955999288,0.9384402451469223,0.9385387002976063,0.936177865820858,0.9399076581331987,0.9343720469071876,0.936882678828848,0.9387578424330256
6,3,1.9007685766075597,0.31199904007679385,4167,2.1583328247070312,0.28896882494004794,834,2.1465464241897005,0.2998,0.9724463801924991,0.08315968936962191,,,0.98,,0.9800300374643098,0.019969962535690167,0.9929644818640666,0.14584554016026585,10,0.025,0.15,0.937326086877298,0.9478649962396712,0.9342765442392574,1.0,0.9435414414819686,0.9400082694710371,0.9365553992233262,0.9424365838160184,0.9429985206673736,0.9418205916350167,0.9311694018635026,0.9482693563996216
6,4,1.9029090509270177,0.315598752099832,4167,2.1530470507485524,0.29411764705882354,833,2.146275683294369,0.3007,0.9745044140603615,0.08351659116170804,,,0.98,,0.9800300374643098,0.019969962535690167,0.9929644818640666,0.14584554016026585,10,0.025,0.15,0.9422849541554102,0.9465327615006882,0.9367374955999288,0.9435414414819686,1.0,0.9435818792226176,0.9425265209775942,0.9449420797987128,0.946888159785757,0.9418326465995528,0.9391017992402606,0.942019819565369
6,5,1.899537613175132,0.3125029997600192,4167,2.142699275697981,0.31092436974789917,833,2.1462777385228797,0.3007,0.9731763657242734,0.0834519195568321,,,0.98,,0.9800300374643098,0.019969962535690167,0.9929644818640666,0.14584554016026585,10,0.025,0.15,0.9411330728954685,0.938701073157818,0.9384402451469223,0.9400082694710371,0.9435818792226176,1.0,0.9401780615218954,0.9409156312817915,0.9468574541115576,0.9400729017892024,0.9398081449990598,0.9448349102319573
6,6,1.8892609480655556,0.3226781857451404,4167,2.1488591602870395,0.30732292917166865,833,2.146279552314855,0.3008,0.9707344929149426,0.083242990591637,,,0.98,,0.9800300374643098,0.019969962535690167,0.9929644818640666,0.14584554016026585,10,0.025,0.15,0.9442772554887164,0.9386708468182599,0.9385387002976063,0.9365553992233262,0.9425265209775942,0.9401780615218954,1.0,0.942205617729592,0.9404635068017134,0.9337538383712549,0.9302135898316136,0.9387956719056761
6,7,1.9114147168217284,0.3071274298056155,4167,2.1534714017595564,0.29411764705882354,833,2.146279223357575,0.3008,0.9732411520358548,0.0833946586659159,,,0.98,,0.9800300374643098,0.019969962535690167,0.9929644818640666,0.14584554016026585,10,0.025,0.15,0.9397163209900865,0.944535976114221,0.936177865820858,0.9424365838160184,0.9449420797987128,0.9409156312817915,0.942205617729592,1.0,0.9415196910093035,0.9407702046666818,0.9354158948391164,0.9467114488521808
6,8,1.8882452690240108,0.31529044647143545,4166,2.14183361189706,0.3037214885954382,833,2.1462768904770475,0.3007,0.975554170771355,0.08368399031959939,,,0.98,,0.9800300374643098,0.019969962535690167,0.9929644818640666,0.14584554016026585,10,0.025,0.15,0.9484705928274774,0.9538933225075604,0.9399076581331987,0.9429985206673736,0.946888159785757,0.9468574541115576,0.9404635068017134,0.9415196910093035,1.0,0.9478401417481728,0.9307329497066152,0.9424843417571122
6,9,1.902811534838243,0.31209793566970717,4166,2.1455808707645962,0.28211284513805523,833,2.1462962838667856,0.3008,0.9709923409935334,0.08330522067657177,,,0.98,,0.9800300374643098,0.019969962535690167,0.9929644818640666,0.14584554016026585,10,0.025,0.15,0.9378399519212121,0.9410481513089096,0.9343720469071876,0.9418205916350167,0.9418326465995528,0.9400729017892024,0.9337538383712549,0.9407702046666818,0.9478401417481728,1.0,0.9303550704803031,0.9393753232395201
6,10,1.8946870973615935,0.31752280364858376,4166,2.147991486958095,0.3085234093637455,833,2.1462856727310373,0.301,0.9665723707632994,0.08294257954752682,,,0.98,,0.9800300374643098,0.019969962535690167,0.9929644818640666,0.14584554016026585,10,0.025,0.15,0.9357300918573783,0.9309644077521718,0.936882678828848,0.9311694018635026,0.9391017992402606,0.9398081449990598,0.9302135898316136,0.9354158948391164,0.9307329497066152,0.9303550704803031,1.0,0.9375135371750002
