round,client_id,client_i_training_loss,client_i_training_accuracy,client_i_training_dataset_size,client_i_evaluation_loss,client_i_evaluation_accuracy,client_i_evaluation_dataset_size,client_i_central_evaluation_loss,client_i_central_evaluation_accuracy,client_i_cosine_similarity,client_i_importance_coefficient,client_i_tanh_val,tanh_normalization_value,client_i_q,client_i_mask_order,client_i_v_nonzero_fraction,client_i_v_sparsity,client_i_v_cosine_similarity,client_i_reward_gradient_norm,local_epochs,learning_rate,gamma,client_0_cosine_similarity,client_1_cosine_similarity,client_2_cosine_similarity,client_3_cosine_similarity,client_4_cosine_similarity,client_5_cosine_similarity,client_6_cosine_similarity,client_7_cosine_similarity,client_8_cosine_similarity,client_9_cosine_similarity,client_10_cosine_similarity,client_11_cosine_similarity
0,0,2.285971036824313,0.1595872330213583,4167,2.2987751620156422,0.16546762589928057,834,2.298961056938654,0.159,0.9742200693653194,0.08389575196484932,,,0.8706103754246999,,0.8706408542522817,0.12935914574771834,0,0.14514137034518945,10,0.025,0.15,1.0,0.9280946018512464,0.9280512478184766,0.9503106426676639,0.9489705746862181,0.9216109151213675,0.9429648380049155,0.9356369209643289,0.934960690771999,0.9451835768482456,0.9394745736607691,0.9376418174441359
0,1,2.290627762043115,0.14581233501319896,4167,2.300137315477644,0.14148681055155876,834,2.299002719830863,0.1571,0.9617710133346871,0.08282369140093294,,,0.7017585579753726,,0.7018038982687198,0.2981961017312802,0,0.14500944578493674,10,0.025,0.15,0.9280946018512464,1.0,0.906180272505842,0.9449004070560661,0.9146648708530191,0.9406282343752124,0.8921685754731771,0.9135849808462903,0.9312991745034106,0.9285899141856883,0.933668077053213,0.934564100295312
0,2,2.2892490740978357,0.17501799856011518,4167,2.3018747057233537,0.14028776978417265,834,2.2990139556836477,0.1573,0.9570238517223751,0.08241488572582194,,,0.6373707952412165,,0.637413147167071,0.362586852832929,0,0.14485744447557825,10,0.025,0.15,0.9280512478184766,0.906180272505842,1.0,0.9275716331974069,0.9167859739228837,0.9254701658520619,0.890166672434357,0.9421418407287706,0.9058955232959974,0.8898789297480657,0.9328658896718515,0.9482018539174792
0,3,2.2853350458723125,0.15512359011279098,4167,2.2956551824297224,0.16786570743405277,834,2.2989556246165987,0.159,0.9808105607188893,0.08446329747670249,,,0.9599999998424978,,0.9600270667260814,0.0399729332739186,0,0.14515315412854402,10,0.025,0.15,0.9503106426676639,0.9449004070560661,0.9275716331974069,1.0,0.9539302961290791,0.943632684902126,0.9289356455673109,0.9498667015698709,0.9602614360563683,0.9451465275340372,0.946674983920195,0.938201794960775
0,4,2.2850236972173055,0.1687305015598752,4167,2.293432814734323,0.1992797118847539,833,2.298962523665609,0.1587,0.9709504234491692,0.08361418375308693,,,0.8262627836073556,,0.826319090293938,0.17368090970606198,0,0.14513119271021085,10,0.025,0.15,0.9489705746862181,0.9146648708530191,0.9167859739228837,0.9539302961290791,1.0,0.9102697591757373,0.9432494845587545,0.9405606911783498,0.946070023533509,0.9305224671909866,0.9307191294245787,0.939189578701304
0,5,2.2879874099384656,0.14840412766978642,4167,2.3003526415143694,0.16566626650660263,833,2.298998319649998,0.1575,0.9636425253347657,0.08298485817576659,,,0.7271426675668065,,0.7271872060206962,0.2728127939793038,0,0.14503740357823522,10,0.025,0.15,0.9216109151213675,0.9406282343752124,0.9254701658520619,0.943632684902126,0.9102697591757373,1.0,0.8860035695501077,0.924701768341637,0.93823723617071,0.9286937548888905,0.9340168393931226,0.9368113525993956
0,6,2.2841367692658396,0.1716822654187665,4167,2.3003203868865967,0.148859543817527,833,2.2990506630909593,0.1574,0.9542685889665756,0.08217761403739415,,,0.6,,0.6000148536911423,0.39998514630885773,0,0.14470444733817123,10,0.025,0.15,0.9429648380049155,0.8921685754731771,0.890166672434357,0.9289356455673109,0.9432494845587545,0.8860035695501077,1.0,0.9224098321426895,0.9209098232399497,0.9314800312028535,0.911203591541228,0.9117252845616757
0,7,2.2872233296885636,0.16177105831533478,4167,2.299834660121373,0.15366146458583432,833,2.2989639058897766,0.1587,0.9695704810041883,0.08349534888945565,,,0.8075460400054975,,0.8075869353534353,0.1924130646465647,0,0.14512238746825942,10,0.025,0.15,0.9356369209643289,0.9135849808462903,0.9421418407287706,0.9498667015698709,0.9405606911783498,0.924701768341637,0.9224098321426895,1.0,0.9460109045781616,0.9099304855941985,0.936284992448077,0.937776798034926
0,8,2.283934869188251,0.14630340854536725,4166,2.2982374600001743,0.1404561824729892,833,2.2989621041696284,0.1588,0.9717189529362009,0.0836803662936126,,,0.8366866744091479,,0.8367249261441468,0.16327507385585316,0,0.1451342791310873,10,0.025,0.15,0.934960690771999,0.9312991745034106,0.9058955232959974,0.9602614360563683,0.946070023533509,0.93823723617071,0.9209098232399497,0.9460109045781616,1.0,0.9357228484068969,0.9403853242337754,0.9241164166768355
0,9,2.2809595303101973,0.15453672587614017,4166,2.2976268359592984,0.16926770708283315,833,2.2989966507199444,0.1576,0.9644286597034589,0.08305255677496493,,,0.7378053408318815,,0.7378406033899424,0.2621593966100576,0,0.1450468559638106,10,0.025,0.15,0.9451835768482456,0.9285899141856883,0.8898789297480657,0.9451465275340372,0.9305224671909866,0.9286937548888905,0.9314800312028535,0.9099304855941985,0.9357228484068969,1.0,0.936606944238222,0.9174613600611548
0,10,2.2900116645928583,0.164306289006241,4166,2.2999211720057895,0.15606242496998798,833,2.298961687691604,0.159,0.9726297710385031,0.08375880213372583,,,0.8490404859400018,,0.8490782459441171,0.15092175405588293,0,0.14513724034044773,10,0.025,0.15,0.9394745736607691,0.933668077053213,0.9328658896718515,0.946674983920195,0.9307191294245787,0.9340168393931226,0.911203591541228,0.936284992448077,0.9403853242337754,0.936606944238222,1.0,0.9525519126511105
0,11,2.290299969730955,0.15554488718194912,4166,2.299202169690813,0.1524609843937575,833,2.2989623335343374,0.1588,0.9712344551518381,0.08363864337368661,,,0.8301152258399924,,0.8301645458896536,0.1698354541103464,0,0.145132381344978,10,0.025,0.15,0.9376418174441359,0.934564100295312,0.9482018539174792,0.938201794960775,0.939189578701304,0.9368113525993956,0.9117252845616757,0.937776798034926,0.9241164166768355,0.9174613600611548,0.9525519126511105,1.0
1,0,2.1846433820146505,0.21495080393568514,4167,2.2870263372148787,0.19184652278177458,834,2.2876940739305716,0.1804,0.9890109638924947,0.0838052182254458,,,0.8838713899921873,,0.8839184037233252,0.1160815962766748,0.8353190978400603,0.147763954457991,10,0.025,0.15,1.0,0.9688965992653826,0.9740753481701291,0.9756701505940482,0.9774883163471961,0.9642907258977242,0.9742432372969937,0.9696939585667587,0.971536004090486,0.9673266211908076,0.9709767548136838,0.9776158172617906
1,1,2.1907867857904146,0.20909527237820974,4167,2.28950081552778,0.16906474820143885,834,2.2877829014500484,0.1792,0.9845751397208301,0.08300043232236988,,,0.7105347316911776,,0.7105758280932811,0.2894241719067189,0.8347438631612976,0.1476080397347074,10,0.025,0.15,0.9688965992653826,1.0,0.9618123574544581,0.9711581851746866,0.9607057428700951,0.973201788209086,0.9560049326943865,0.9589082466557095,0.9747245115371209,0.9733064758001021,0.9739894622368126,0.9668837216452303
1,2,2.192517019401897,0.21190304775617952,4167,2.29160703931536,0.1630695443645084,834,2.2878201158740854,0.1791,0.9841176306519201,0.08273358195369594,,,0.6530598790682072,,0.6530920433727782,0.34690795662722185,0.833384243854407,0.14744729441117502,10,0.025,0.15,0.9740753481701291,0.9618123574544581,1.0,0.9721666028086242,0.9700771366380936,0.9645315860009847,0.9602608492296567,0.9670983097535106,0.9630587133656566,0.9615488749842342,0.9674798098109272,0.9722104150803625
1,3,2.1710090741966708,0.21768658507319413,4167,2.2846103055136546,0.19664268585131894,834,2.2876816761644583,0.1805,0.9891218224234739,0.0841586762451298,,,0.9599999997846176,,0.9600270667260814,0.0399729332739186,0.8353781752033842,0.14777477960789562,10,0.025,0.15,0.9756701505940482,0.9711581851746866,0.9721666028086242,1.0,0.9721907001670939,0.9707887242503438,0.9673867089905465,0.9694188913247698,0.9730465904299076,0.9748398351558681,0.9709805576071253,0.975282278754529
1,4,2.1742330435550574,0.215598752099832,4167,2.2819350446973528,0.2148859543817527,833,2.2877033541474163,0.1804,0.9853733999554966,0.08351362750079135,,,0.8210679019961941,,0.8211120463435163,0.1788879536564837,0.83521290193372,0.14773975699959657,10,0.025,0.15,0.9774883163471961,0.9607057428700951,0.9700771366380936,0.9721907001670939,1.0,0.9606970397679605,0.9739471947035669,0.9675129030115929,0.9671225403741596,0.9589810970440484,0.9649890554654316,0.9751425913312357
1,5,2.1846809054865983,0.2089752819774418,4167,2.288588762283325,0.17647058823529413,833,2.287771973428847,0.1791,0.9829103561384324,0.08304576983496786,,,0.7202996305287175,,0.7203462560446271,0.2796537439553729,0.834890390992259,0.14762478006561094,10,0.025,0.15,0.9642907258977242,0.973201788209086,0.9645315860009847,0.9707887242503438,0.9606970397679605,1.0,0.9497277069770704,0.957117401735471,0.9682448979226509,0.9734053049228832,0.9718083381770583,0.9660695549320908
1,6,2.1793744079994433,0.21850251979841612,4167,2.288562434060233,0.17286914765906364,833,2.287889881979061,0.1788,0.9810327712636205,0.0824872298945784,,,0.6,,0.6000148536911423,0.39998514630885773,0.8326468420306459,0.14720524455998726,10,0.025,0.15,0.9742432372969937,0.9560049326943865,0.9602608492296567,0.9673867089905465,0.9739471947035669,0.9497277069770704,1.0,0.9678131082919192,0.9601451412510735,0.9572132468128574,0.9583686066524405,0.9728467313154322
1,7,2.186886476386677,0.22174226061915048,4167,2.2886617864881242,0.18007202881152462,833,2.287723649906207,0.1806,0.9824001243508638,0.08334390565467995,,,0.7845128163104387,,0.7845472099816805,0.21545279001831952,0.8344257415258913,0.14770872539934285,10,0.025,0.15,0.9696939585667587,0.9589082466557095,0.9670983097535106,0.9694188913247698,0.9675129030115929,0.957117401735471,0.9678131082919192,1.0,0.965008729705719,0.9574960772391529,0.9611547297792583,0.9725075645297981
1,8,2.1732052600745,0.21216994719155066,4166,2.2865218094417026,0.15846338535414164,833,2.287702005120772,0.1804,0.9854553342044506,0.08355708379416554,,,0.8304276194649542,,0.8304698717631331,0.16953012823686686,0.8351826473175624,0.14774398645627146,10,0.025,0.15,0.971536004090486,0.9747245115371209,0.9630587133656566,0.9730465904299076,0.9671225403741596,0.9682448979226509,0.9601451412510735,0.965008729705719,1.0,0.9728210248967961,0.9690996226669696,0.9649340705509968
1,9,2.161486111987721,0.2227796447431589,4166,2.286736454282488,0.1836734693877551,833,2.2877649355538283,0.179,0.9841259590844705,0.0831269420518929,,,0.7377826912718222,,0.7378158472380386,0.2621841527619614,0.8349766595021383,0.1476486654526894,10,0.025,0.15,0.9673266211908076,0.9733064758001021,0.9615488749842342,0.9748398351558681,0.9589810970440484,0.9734053049228832,0.9572132468128574,0.9574960772391529,0.9728210248967961,1.0,0.969892204616166,0.9673886661686464
1,10,2.1870819518060394,0.21200192030724915,4166,2.2888372285025462,0.17406962785114047,833,2.287699113918256,0.1804,0.9854974087981385,0.08360680035931038,,,0.841135688817901,,0.8411727814361869,0.1588272185638131,0.8352427978742099,0.14774840112627446,10,0.025,0.15,0.9709767548136838,0.9739894622368126,0.9674798098109272,0.9709805576071253,0.9649890554654316,0.9718083381770583,0.9583686066524405,0.9611547297792583,0.9690996226669696,0.969892204616166,1.0,0.9715180039776679
1,11,2.185211313493324,0.20895343254920787,4166,2.2878791945321217,0.17647058823529413,833,2.2876997989944265,0.1804,0.9882098289332403,0.08362073216297211,,,0.8441363530710895,,0.844176527867175,0.155823472132825,0.835261541400774,0.14774942261919446,10,0.025,0.15,0.9776158172617906,0.9668837216452303,0.9722104150803625,0.975282278754529,0.9751425913312357,0.9660695549320908,0.9728467313154322,0.9725075645297981,0.9649340705509968,0.9673886661686464,0.9715180039776679,1.0
2,0,2.086252595800342,0.25027597792176626,4167,2.269594192504883,0.21942446043165467,834,2.2709219878232934,0.1992,0.9850724358235377,0.08370252619167232,,,0.8967801052266987,,0.896816358865178,0.10318364113482204,0.9632235624019204,0.1473913772727798,10,0.025,0.15,1.0,0.9647094694051876,0.964765220509366,0.9641160479530513,0.9670528159197452,0.96158419548601,0.9647690142195215,0.965463091816198,0.9670900640116388,0.9619391509230689,0.9652341462880527,0.96913659259248
2,1,2.0916033593091097,0.2505159587233021,4167,2.273252555302211,0.17865707434052758,834,2.2710535526275635,0.1986,0.9811280177647576,0.08307784040071359,,,0.7083076899131111,,0.7083395223713093,0.29166047762869074,0.9623211397272348,0.14720077469740153,10,0.025,0.15,0.9647094694051876,1.0,0.9562184106670268,0.9624490979217836,0.9539622988668178,0.9675429660821007,0.9533086641401902,0.9565030741221398,0.9653215700215971,0.9643058000939065,0.9653262541523394,0.9599705198318755
2,2,2.0977111913941124,0.24641228701703863,4167,2.2759850025177,0.17865707434052758,834,2.2711414838139015,0.1997,0.9823042682306936,0.08295138218400928,,,0.6701542920233811,,0.6701902922876335,0.3298097077123665,0.9609487987476447,0.14708493548937737,10,0.025,0.15,0.964765220509366,0.9562184106670268,1.0,0.9679309005492679,0.9643087047842637,0.9568630327669326,0.958817203144386,0.9660337414133328,0.9606602886430068,0.9597030513604864,0.9615912558747914,0.9666681566995026
2,3,2.0732664689873204,0.24989200863930885,4167,2.2679087093898227,0.20863309352517986,834,2.2709006840669654,0.1992,0.9848089074126847,0.08391206650937136,,,0.9599999996982924,,0.9600270667260814,0.0399729332739186,0.9633430531220901,0.14740119062363108,10,0.025,0.15,0.9641160479530513,0.9624490979217836,0.9679309005492679,1.0,0.9660947257535991,0.9647505254830679,0.9591042381093875,0.9636457717538713,0.9649619225557106,0.9660898351470973,0.9654454732875724,0.9680001955112386
2,4,2.0773705146529458,0.24792416606671466,4167,2.2648677485329762,0.23529411764705882,833,2.2709420753430716,0.1992,0.9826904509564415,0.0834452451382088,,,0.8191564706531127,,0.8192140746975624,0.18078592530243764,0.9628989285647326,0.14735478945325692,10,0.025,0.15,0.9670528159197452,0.9539622988668178,0.9643087047842637,0.9660947257535991,1.0,0.9615477546980423,0.9638616187971182,0.9605858872274186,0.9647259563096432,0.9576938827773603,0.9623914763787123,0.9656041147508796
2,5,2.087766189286203,0.24895608351331894,4167,2.271596942629133,0.19687875150060025,833,2.271032879624186,0.1986,0.9822516484123567,0.08314230652086567,,,0.7277576046491445,,0.7278061098182899,0.27219389018171014,0.962341896385126,0.147235438384813,10,0.025,0.15,0.96158419548601,0.9675429660821007,0.9568630327669326,0.9647505254830679,0.9615477546980423,1.0,0.9570342956177812,0.9584689023761167,0.9636003482983967,0.9659026589764411,0.9627720478696793,0.9628116005296281
2,6,2.084636431751829,0.2517878569714423,4167,2.2709714685167586,0.20168067226890757,833,2.2712849544573435,0.1989,0.9798250640928047,0.08271885802746967,,,0.6,,0.6000148536911423,0.39998514630885773,0.9591628350093383,0.14677502939895898,10,0.025,0.15,0.9647690142195215,0.9533086641401902,0.958817203144386,0.9591042381093875,0.9638616187971182,0.9570342956177812,1.0,0.9609003464903925,0.9583600274116204,0.9567549723197736,0.9581524693029855,0.9634828992657893
2,7,2.0926326553026837,0.2586513078953684,4167,2.2719473838806152,0.18847539015606243,833,2.2709665147564078,0.1991,0.9814373380110217,0.08329982353122886,,,0.7752816748710132,,0.7753296694228515,0.22467033057714847,0.9627076266239415,0.14730554074654797,10,0.025,0.15,0.965463091816198,0.9565030741221398,0.9660337414133328,0.9636457717538713,0.9605858872274186,0.9584689023761167,0.9609003464903925,1.0,0.960952677919938,0.9533008329126094,0.9618269969774617,0.9654680204072185
2,8,2.0752767555641407,0.25211233797407584,4166,2.269365208489554,0.1872749099639856,833,2.2709390422965905,0.1992,0.983233133233417,0.08348968363029508,,,0.8325638989276356,,0.8326071528774901,0.1673928471225099,0.9629877835414045,0.14736398627471892,10,0.025,0.15,0.9670900640116388,0.9653215700215971,0.9606602886430068,0.9649619225557106,0.9647259563096432,0.9636003482983967,0.9583600274116204,0.960952677919938,1.0,0.9643497220505687,0.964198857708431,0.9599999709720625
2,9,2.064534892457904,0.26356216994719156,4166,2.2706162248338972,0.1992797118847539,833,2.2710208168512658,0.1986,0.9815730425358893,0.08317035488106485,,,0.7362200064979388,,0.736264461718737,0.26373553828126295,0.9623544434846218,0.14724817226103182,10,0.025,0.15,0.9619391509230689,0.9643058000939065,0.9597030513604864,0.9660898351470973,0.9576938827773603,0.9659026589764411,0.9567549723197736,0.9533008329126094,0.9643497220505687,1.0,0.9629840006719823,0.9618181126573838
2,10,2.089623362006563,0.2506000960153625,4166,2.2718590327671597,0.18847539015606243,833,2.270935927765279,0.1992,0.983306064727603,0.08352272938540518,,,0.8425340525178187,,0.842575630044066,0.157424369955934,0.9630458878407231,0.14736926595100436,10,0.025,0.15,0.9652341462880527,0.9653262541523394,0.9615912558747914,0.9654454732875724,0.9623914763787123,0.9627720478696793,0.9581524693029855,0.9618269969774617,0.964198857708431,0.9629840006719823,1.0,0.965128429032122
2,11,2.089086868907466,0.2444071051368219,4166,2.27110709462847,0.20168067226890757,833,2.270934430858757,0.1992,0.9844101964278609,0.08356718359969553,,,0.8559462242999096,,0.8559769602746282,0.14402303972537178,0.9630637396822619,0.14737542317318308,10,0.025,0.15,0.96913659259248,0.9599705198318755,0.9666681566995026,0.9680001955112386,0.9656041147508796,0.9628116005296281,0.9634828992657893,0.9654680204072185,0.9599999709720625,0.9618181126573838,0.965128429032122,1.0
3,0,2.0202723709019748,0.2753299736021118,4167,2.246362107140677,0.24700239808153476,834,2.248562082459655,0.2154,0.9817291648390408,0.08366688661805215,,,0.96,,0.9600270667260814,0.0399729332739186,0.9815255149397935,0.1467737671510133,10,0.025,0.15,1.0,0.9612632827652767,0.9554262666150117,0.955948439447545,0.9560262361579012,0.9563081525839646,0.9528605087191053,0.9597636022834002,0.9588910775655763,0.9531747556183202,0.9571025609049881,0.9604119435089623
3,1,2.023482983762568,0.2769378449724022,4167,2.251349517277309,0.19544364508393286,834,2.2487192485905902,0.2139,0.9779633549058584,0.08315830219398299,,,0.96,,0.9600270667260814,0.0399729332739186,0.9800805084251905,0.1467737671510133,10,0.025,0.15,0.9612632827652767,1.0,0.9471652820318088,0.9520307171297461,0.9469382315583206,0.9598885077528407,0.9439693015495588,0.9537858807599106,0.9538132732065943,0.9561090080651717,0.9544607821360881,0.9538066238990165
3,2,2.0293988925037962,0.2706263498920086,4167,2.2548466750553677,0.18944844124700239,834,2.248845848856093,0.2145,0.9773482232344686,0.08306013519658963,,,0.96,,0.9600270667260814,0.0399729332739186,0.9793891632858174,0.1467737671510133,10,0.025,0.15,0.9554262666150117,0.9471652820318088,1.0,0.9578589148802784,0.9521802611412435,0.9478795422781877,0.9492791510999427,0.9554320212652212,0.9503008871579157,0.9510502904181892,0.9537751050686405,0.9557240128731298
3,3,2.006665037617539,0.2747540196784257,4167,2.245260545185634,0.22661870503597123,834,2.2485351773756967,0.2156,0.9805077152802487,0.08375666046141773,,,0.96,,0.9600270667260814,0.0399729332739186,0.9816195798305299,0.1467737671510133,10,0.025,0.15,0.955948439447545,0.9520307171297461,0.9578589148802784,1.0,0.9574574260340335,0.9578501880712349,0.9498200935934108,0.9560327765621326,0.9543312682141596,0.9573613925182005,0.9565311754607211,0.9574882650797361
3,4,2.010268360195738,0.2716582673386129,4167,2.2419915539877757,0.24369747899159663,833,2.248588966417916,0.2153,0.9781336132962717,0.08339091480683844,,,0.96,,0.9600270667260814,0.0399729332739186,0.9812767357917443,0.1467737671510133,10,0.025,0.15,0.9560262361579012,0.9469382315583206,0.9521802611412435,0.9574574260340335,1.0,0.9579290882020504,0.952087717397838,0.9502078449648703,0.9543638483372271,0.9500230602452491,0.9542923539424357,0.9535406707409768
3,5,2.021602642174923,0.2769618430525558,4167,2.2491821561540877,0.20168067226890757,833,2.248691646358635,0.2137,0.9801074867696264,0.08326789173250682,,,0.96,,0.9600270667260814,0.0399729332739186,0.9803995133787575,0.1467737671510133,10,0.025,0.15,0.9563081525839646,0.9598885077528407,0.9478795422781877,0.9578501880712349,0.9579290882020504,1.0,0.9519936363299836,0.9559984647981946,0.9565431377980879,0.9583333422889977,0.9500544942937892,0.9556318062281643
3,6,2.0198338678388885,0.271826253899688,4167,2.247361625943865,0.226890756302521,833,2.2490264735644376,0.2142,0.9745847745119752,0.08282653177586559,,,0.96,,0.9600270667260814,0.0399729332739186,0.977401403162606,0.1467737671510133,10,0.025,0.15,0.9528605087191053,0.9439693015495588,0.9492791510999427,0.9498200935934108,0.952087717397838,0.9519936363299836,1.0,0.9487280963488809,0.9467295558145005,0.9493495503300619,0.9483818877859916,0.9506596124943004
3,7,2.025220268422907,0.2823854091672666,4167,2.249847650527954,0.2064825930372149,833,2.248619236523592,0.215,0.9781267465023964,0.08330081369494248,,,0.96,,0.9600270667260814,0.0399729332739186,0.9809211778302139,0.1467737671510133,10,0.025,0.15,0.9597636022834002,0.9537858807599106,0.9554320212652212,0.9560327765621326,0.9502078449648703,0.9559984647981946,0.9487280963488809,1.0,0.9504851693708708,0.9462258218421348,0.9514667340973276,0.9569234043986761
3,8,2.0059338497393058,0.2774603936629861,4166,2.2469052587236678,0.20768307322929172,833,2.2485851728463473,0.2154,0.977713121986113,0.08340470186464709,,,0.96,,0.9600270667260814,0.0399729332739186,0.9813392893778166,0.1467737671510133,10,0.025,0.15,0.9588910775655763,0.9538132732065943,0.9503008871579157,0.9543312682141596,0.9543638483372271,0.9565431377980879,0.9467295558145005,0.9504851693708708,1.0,0.9546517299482506,0.9514041869510279,0.9485793308097864
3,9,1.9985966574062,0.28924627940470476,4166,2.2492292608533586,0.2112845138055222,833,2.2486763936054857,0.2141,0.9778003062902131,0.0832101769215889,,,0.96,,0.9600270667260814,0.0399729332739186,0.980497930093825,0.1467737671510133,10,0.025,0.15,0.9531747556183202,0.9561090080651717,0.9510502904181892,0.9573613925182005,0.9500230602452491,0.9583333422889977,0.9493495503300619,0.9462258218421348,0.9546517299482506,1.0,0.9526085745636995,0.9524321701809021
3,10,2.0204838713010154,0.2750120019203072,4166,2.2489584514072964,0.20048019207683074,833,2.2485815784599206,0.2154,0.9782875624395586,0.08344381170133035,,,0.96,,0.9600270667260814,0.0399729332739186,0.9813682703021627,0.1467737671510133,10,0.025,0.15,0.9571025609049881,0.9544607821360881,0.9537751050686405,0.9565311754607211,0.9542923539424357,0.9500544942937892,0.9483818877859916,0.9514667340973276,0.9514041869510279,0.9526085745636995,1.0,0.9567228902068378
3,11,2.0215446175950946,0.2695631301008161,4166,2.248774221965245,0.22208883553421369,833,2.248580576498297,0.2154,0.9795752298921612,0.08351317303223782,,,0.96,,0.9600270667260814,0.0399729332739186,0.9814338420500418,0.1467737671510133,10,0.025,0.15,0.9604119435089623,0.9538066238990165,0.9557240128731298,0.9574882650797361,0.9535406707409768,0.9556318062281643,0.9506596124943004,0.9569234043986761,0.9485793308097864,0.9524321701809021,0.9567228902068378,1.0
4,0,1.965219128854347,0.2957763378929686,4167,2.2180399213518416,0.2637889688249401,834,2.2209514877464196,0.2401,0.9784712685733514,0.08367059991919057,,,0.96,,0.9600270667260814,0.0399729332739186,0.9877952333017468,0.14616891849261515,10,0.025,0.15,1.0,0.9540815080686073,0.9482257032257508,0.9478417657265547,0.9456600609166459,0.9484170063886885,0.9444868025532634,0.9509228912239893,0.9501594282698111,0.9465585031950924,0.9526169483240802,0.9525842156481517
4,1,1.9718739440946869,0.296976241900648,4167,2.22446186201913,0.2302158273381295,834,2.2211344061018545,0.2398,0.9738056163185912,0.08320376608236986,,,0.96,,0.9600270667260814,0.0399729332739186,0.9877952333017468,0.14616891849261515,10,0.025,0.15,0.9540815080686073,1.0,0.93818980823771,0.9409341137876808,0.9366017602982405,0.9509088774427931,0.9360156770397859,0.946568877783606,0.9435133297277238,0.9479983534529939,0.9481600829847038,0.944293530820399
4,2,1.978015896768281,0.2890808735301176,4167,2.2283617428370883,0.2146282973621103,834,2.221297909941854,0.2399,0.9730230293214358,0.08311750151701533,,,0.96,,0.9600270667260814,0.0399729332739186,0.9877952333017468,0.14616891849261515,10,0.025,0.15,0.9482257032257508,0.93818980823771,1.0,0.9486970595774992,0.942773126810494,0.9376763324816955,0.9420885808136258,0.9450808057756003,0.9417769388906045,0.9445406092413184,0.9451788499984572,0.9439664384713762
4,3,1.9584552746830564,0.2948644108471322,4167,2.2169998713902066,0.24100719424460432,834,2.2209184592283227,0.2404,0.9756080691691746,0.08363288844831895,,,0.96,,0.9600270667260814,0.0399729332739186,0.9877952333017468,0.14616891849261515,10,0.025,0.15,0.9478417657265547,0.9409341137876808,0.9486970595774992,1.0,0.9466558370446227,0.948392835602565,0.9408387415532647,0.9451611333825319,0.9457431393347699,0.9465249454773397,0.9484229332916699,0.9487715245050967
4,4,1.9600060806129918,0.28888888888888886,4167,2.2137085710253035,0.25690276110444177,833,2.2209867103190364,0.2399,0.9736435645653685,0.08334247917424488,,,0.96,,0.9600270667260814,0.0399729332739186,0.9877952333017468,0.14616891849261515,10,0.025,0.15,0.9456600609166459,0.9366017602982405,0.942773126810494,0.9466558370446227,1.0,0.9484241040567161,0.9453307231244978,0.9397230220905863,0.9463614353690782,0.9433832757077814,0.9483173016674721,0.9420304561423406
4,5,1.9699440854968446,0.29498440124790015,4167,2.2215136119297574,0.23649459783913565,833,2.2210997659948806,0.2399,0.9759474338453402,0.08334138548498791,,,0.96,,0.9600270667260814,0.0399729332739186,0.9877952333017468,0.14616891849261515,10,0.025,0.15,0.9484170063886885,0.9509088774427931,0.9376763324816955,0.948392835602565,0.9484241040567161,1.0,0.9433097788421624,0.9475763548632441,0.9485319774542863,0.9490852508668199,0.9419499807729412,0.9479915232312806
4,6,1.9705625371499496,0.2890328773698104,4167,2.218428475516183,0.24969987995198079,833,2.2215134765528424,0.2402,0.9708208825931401,0.08290114901708273,,,0.96,,0.9600270667260814,0.0399729332739186,0.9877952333017468,0.14616891849261515,10,0.025,0.15,0.9444868025532634,0.9360156770397859,0.9420885808136258,0.9408387415532647,0.9453307231244978,0.9433097788421624,1.0,0.939645304627394,0.9378497682416955,0.940833220911825,0.9425456072072804,0.9397228992052182
4,7,1.9709071014866684,0.2993760499160067,4167,2.222665582384382,0.2304921968787515,833,2.221021489252018,0.2405,0.9736715509500046,0.083287616232957,,,0.96,,0.9600270667260814,0.0399729332739186,0.9877952333017468,0.14616891849261515,10,0.025,0.15,0.9509228912239893,0.946568877783606,0.9450808057756003,0.9451611333825319,0.9397230220905863,0.9475763548632441,0.939645304627394,1.0,0.9421237329523736,0.9367439621649879,0.9446131339947184,0.9474611116208542
4,8,1.955440398418542,0.2971915506481037,4166,2.2194882801600864,0.23289315726290516,833,2.220981972127021,0.2398,0.9737214134802588,0.08335355002652163,,,0.96,,0.9600270667260814,0.0399729332739186,0.9877952333017468,0.14616891849261515,10,0.025,0.15,0.9501594282698111,0.9435133297277238,0.9417769388906045,0.9457431393347699,0.9463614353690782,0.9485319774542863,0.9378497682416955,0.9421237329523736,1.0,0.9461494415198719,0.9451837068290299,0.9387384062223046
4,9,1.945814889127558,0.30729716754680747,4166,2.222663606916155,0.24129651860744297,833,2.221081649200826,0.2399,0.9741023196549762,0.08324554443550866,,,0.96,,0.9600270667260814,0.0399729332739186,0.9877952333017468,0.14616891849261515,10,0.025,0.15,0.9465585031950924,0.9479983534529939,0.9445406092413184,0.9465249454773397,0.9433832757077814,0.9490852508668199,0.940833220911825,0.9367439621649879,0.9461494415198719,1.0,0.9455831225436346,0.9433474454607353
4,10,1.9695104913278059,0.2918867018722996,4166,2.2205992426191057,0.24969987995198079,833,2.220977822436562,0.2399,0.9759154556412295,0.0834492422971904,,,0.96,,0.9600270667260814,0.0399729332739186,0.9877952333017468,0.14616891849261515,10,0.025,0.15,0.9526169483240802,0.9481600829847038,0.9451788499984572,0.9484229332916699,0.9483173016674721,0.9419499807729412,0.9425456072072804,0.9446131339947184,0.9451837068290299,0.9455831225436346,1.0,0.9491871053847559
4,11,1.9702522469289374,0.2900864138262122,4166,2.220985037939889,0.23769507803121248,833,2.2209777288799044,0.24,0.9747521341089775,0.08345427736461199,,,0.96,,0.9600270667260814,0.0399729332739186,0.9877952333017468,0.14616891849261515,10,0.025,0.15,0.9525842156481517,0.944293530820399,0.9439664384713762,0.9487715245050967,0.9420304561423406,0.9479915232312806,0.9397228992052182,0.9474611116208542,0.9387384062223046,0.9433474454607353,0.9491871053847559,1.0
5,0,1.9235218409335975,0.309719222462203,4167,2.1846890449523926,0.2793764988009592,834,2.18831760068483,0.2622,0.9736494191722499,0.08364051187279178,,,0.96,,0.9600270667260814,0.0399729332739186,0.9905633657423643,0.14559650029104376,10,0.025,0.15,1.0,0.9449625357825445,0.938315521672537,0.9402941311395348,0.9365643124334346,0.9362408681100187,0.9338858015036245,0.9431158564808679,0.9423683268795402,0.936526613335267,0.944442212412532,0.9438426170856073
5,1,1.9305426756540933,0.3099832013438925,4167,2.193009785243443,0.2577937649880096,834,2.1885259302356577,0.2625,0.9694733212672111,0.08321483773865117,,,0.96,,0.9600270667260814,0.0399729332739186,0.9905633657423643,0.14559650029104376,10,0.025,0.15,0.9449625357825445,1.0,0.9288943827442111,0.9333002699737319,0.927644998365314,0.9428181795672428,0.926131686859312,0.9377829890883946,0.9342762019320359,0.9397285810303598,0.9406011932712023,0.9360637852922749
5,2,1.9344223311453155,0.3056635469162467,4167,2.1966543878827776,0.24100719424460432,834,2.1887232050111023,0.2624,0.9681047888013914,0.08311670451999525,,,0.96,,0.9600270667260814,0.0399729332739186,0.9905633657423643,0.14559650029104376,10,0.025,0.15,0.938315521672537,0.9288943827442111,1.0,0.9377342637784187,0.9313135427859385,0.9276456272537004,0.9323623214201298,0.9372793826449928,0.933931593259698,0.9376229393730121,0.9354599183182554,0.9358279885492783
5,3,1.9148809920657766,0.3089992800575954,4167,2.1832574095044817,0.26258992805755393,834,2.188278340086152,0.2624,0.9723631105860147,0.08357516193268788,,,0.96,,0.9600270667260814,0.0399729332739186,0.9905633657423643,0.14559650029104376,10,0.025,0.15,0.9402941311395348,0.9333002699737319,0.9377342637784187,1.0,0.9401329993008254,0.9386720573669259,0.9331523115168434,0.9392467640285288,0.9414847160181361,0.9390571417996528,0.942184601834013,0.9403288630510354
5,4,1.9211202560049114,0.303839692824574,4167,2.180086067744664,0.27130852340936373,833,2.1883621155461177,0.2622,0.9698526270398296,0.08331320899495472,,,0.96,,0.9600270667260814,0.0399729332739186,0.9905633657423643,0.14559650029104376,10,0.025,0.15,0.9365643124334346,0.927644998365314,0.9313135427859385,0.9401329993008254,1.0,0.9389334597726703,0.9356449477505488,0.9310392747113929,0.9420213448386848,0.9347992394003156,0.9427228302155342,0.9357376375406137
5,5,1.926696748083288,0.31199904007679385,4167,2.18905884878976,0.2545018007202881,833,2.1884844967081576,0.2626,0.9713722892725948,0.08336211580553675,,,0.96,,0.9600270667260814,0.0399729332739186,0.9905633657423643,0.14559650029104376,10,0.025,0.15,0.9362408681100187,0.9428181795672428,0.9276456272537004,0.9386720573669259,0.9389334597726703,1.0,0.9355468912734202,0.9403808240633522,0.9413462069513006,0.9405528317241556,0.9338364030224513,0.9383228171122903
5,6,1.9306317463065639,0.30681545476361893,4167,2.1843932696751187,0.2725090036014406,833,2.188969980312299,0.2621,0.9665582003801906,0.0829321137479221,,,0.96,,0.9600270667260814,0.0399729332739186,0.9905633657423643,0.14559650029104376,10,0.025,0.15,0.9338858015036245,0.926131686859312,0.9323623214201298,0.9331523115168434,0.9356449477505488,0.9355468912734202,1.0,0.9317566281655631,0.9339882361824154,0.9321174467252948,0.9316744329118328,0.932318450512644
5,7,1.9251575137629653,0.31667866570674347,4167,2.1906489644731795,0.25210084033613445,833,2.18839954424508,0.2624,0.9704189514586866,0.08329767532728378,,,0.96,,0.9600270667260814,0.0399729332739186,0.9905633657423643,0.14559650029104376,10,0.025,0.15,0.9431158564808679,0.9377829890883946,0.9372793826449928,0.9392467640285288,0.9310392747113929,0.9403808240633522,0.9317566281655631,1.0,0.9379599889473045,0.9289132269282304,0.9362563485981635,0.939451087958094
5,8,1.9136013908819718,0.3111377820451272,4166,2.1873124667576382,0.25090036014405764,833,2.1883563723745225,0.2623,0.9718736972829358,0.08338601756228467,,,0.96,,0.9600270667260814,0.0399729332739186,0.9905633657423643,0.14559650029104376,10,0.025,0.15,0.9423683268795402,0.9342762019320359,0.933931593259698,0.9414847160181361,0.9420213448386848,0.9413462069513006,0.9339882361824154,0.9379599889473045,1.0,0.9383679843633155,0.941819580880146,0.9325170673837712
5,9,1.9045043403452093,0.32049927988478155,4166,2.1910859516688754,0.2653061224489796,833,2.1884632804725745,0.2625,0.970307869318515,0.08326796850562176,,,0.96,,0.9600270667260814,0.0399729332739186,0.9905633657423643,0.14559650029104376,10,0.025,0.15,0.936526613335267,0.9397285810303598,0.9376229393730121,0.9390571417996528,0.9347992394003156,0.9405528317241556,0.9321174467252948,0.9289132269282304,0.9383679843633155,1.0,0.9384970335910524,0.9357761859433471
5,10,1.9264745784528328,0.3098655784925588,4166,2.1869615486689975,0.27130852340936373,833,2.1883516341825073,0.2623,0.9726150011263839,0.08346952971773342,,,0.96,,0.9600270667260814,0.0399729332739186,0.9905633657423643,0.14559650029104376,10,0.025,0.15,0.944442212412532,0.9406011932712023,0.9354599183182554,0.942184601834013,0.9427228302155342,0.9338364030224513,0.9316744329118328,0.9362563485981635,0.941819580880146,0.9384970335910524,1.0,0.9411326493466432
5,11,1.9283687407320196,0.30520883341334615,4166,2.188079459326608,0.2653061224489796,833,2.188352765916269,0.2624,0.9711286810601191,0.08342415427453674,,,0.96,,0.9600270667260814,0.0399729332739186,0.9905633657423643,0.14559650029104376,10,0.025,0.15,0.9438426170856073,0.9360637852922749,0.9358279885492783,0.9403288630510354,0.9357376375406137,0.9383228171122903,0.932318450512644,0.939451087958094,0.9325170673837712,0.9357761859433471,0.9411326493466432,1.0
6,0,1.8849392280434116,0.3240940724742021,4167,2.1474668979644775,0.30455635491606714,834,2.151599096346505,0.2897,0.969777273619883,0.08360601569346778,,,0.96,,0.9600270667260814,0.0399729332739186,0.9918252706849879,0.14509021387982318,10,0.025,0.15,1.0,0.9374968001657242,0.933172409158264,0.9334192300892966,0.926502006483779,0.9285081729886547,0.9259849637061609,0.9359561452433598,0.9352048029503981,0.930703246912139,0.9339929500230493,0.9352338120351182
6,1,1.892006154493852,0.3219102471802256,4167,2.157623665673392,0.28776978417266186,834,2.151830006249343,0.2892,0.9662888729392577,0.08322779733615246,,,0.96,,0.9600270667260814,0.0399729332739186,0.9918252706849879,0.14509021387982318,10,0.025,0.15,0.9374968001657242,1.0,0.9223668184616042,0.9253129940988649,0.9192162537351322,0.9361832758449723,0.9191099980404185,0.9332169188450672,0.9293650641363014,0.9316078713968857,0.932976638967119,0.9291198830818396
6,2,1.8974965138868851,0.3208543316534677,4167,2.160703148160662,0.29136690647482016,834,2.1520567906053762,0.289,0.9654593151743108,0.08313977595839595,,,0.96,,0.9600270667260814,0.0399729332739186,0.9918252706849879,0.14509021387982318,10,0.025,0.15,0.933172409158264,0.9223668184616042,1.0,0.9308296875294213,0.9240607364900741,0.9211312329183177,0.9254758456441392,0.9314776504210476,0.9302169588929504,0.9311651437629177,0.9280109743074448,0.9285716230881595
6,3,1.8796264218561578,0.3193424526037917,4167,2.1452346529279436,0.29136690647482016,834,2.151554584503174,0.2902,0.9687900635871627,0.08353319432913844,,,0.96,,0.9600270667260814,0.0399729332739186,0.9918252706849879,0.14509021387982318,10,0.025,0.15,0.9334192300892966,0.9253129940988649,0.9308296875294213,1.0,0.930206133466015,0.9327109493901923,0.9244001653114002,0.9336125647934336,0.9359430358291547,0.9329405457212916,0.9332804698227286,0.932085449058437
6,4,1.8826179060068997,0.31612670986321095,4167,2.1421829972948347,0.29411764705882354,833,2.151652997053122,0.289,0.9653831114337643,0.08325927006167197,,,0.96,,0.9600270667260814,0.0399729332739186,0.9918252706849879,0.14509021387982318,10,0.025,0.15,0.926502006483779,0.9192162537351322,0.9240607364900741,0.930206133466015,1.0,0.9315163831962251,0.9278895247228599,0.9236580838451203,0.9334817896315946,0.929778061168,0.9327019608780645,0.9264226849146533
6,5,1.8894635287198154,0.323110151187905,4167,2.1526151384626115,0.2725090036014406,833,2.1517819362350656,0.2893,0.968333107092866,0.08338601225342478,,,0.96,,0.9600270667260814,0.0399729332739186,0.9918252706849879,0.14509021387982318,10,0.025,0.15,0.9285081729886547,0.9361832758449723,0.9211312329183177,0.9327109493901923,0.9315163831962251,1.0,0.9266154858195651,0.9370296687522169,0.9364822812450274,0.9308235321435232,0.9271057433803948,0.931532000810538
6,6,1.8937659017967454,0.3156227501799856,4167,2.146092346736363,0.2893157262905162,833,2.152328044553346,0.2889,0.9623058533948229,0.08292215775217769,,,0.96,,0.9600270667260814,0.0399729332739186,0.9918252706849879,0.14509021387982318,10,0.025,0.15,0.9259849637061609,0.9191099980404185,0.9254758456441392,0.9244001653114002,0.9278895247228599,0.9266154858195651,1.0,0.9232830848388234,0.9268490073176088,0.9256504556848277,0.9222226330836933,0.9226097513402425
6,7,1.8898938731713728,0.3255579553635709,4167,2.1546923092433383,0.27490996398559425,833,2.151690830158282,0.2892,0.9682246681369269,0.08334246669731406,,,0.96,,0.9600270667260814,0.0399729332739186,0.9918252706849879,0.14509021387982318,10,0.025,0.15,0.9359561452433598,0.9332169188450672,0.9314776504210476,0.9336125647934336,0.9236580838451203,0.9370296687522169,0.9232830848388234,1.0,0.9336093766866074,0.923606280283842,0.9299509279196602,0.932992619559235
6,8,1.8764430681864421,0.3239078252520403,4166,2.1513332298823764,0.2737094837935174,833,2.1516461704350727,0.2891,0.9695926987295137,0.08344200314363515,,,0.96,,0.9600270667260814,0.0399729332739186,0.9918252706849879,0.14509021387982318,10,0.025,0.15,0.9352048029503981,0.9293650641363014,0.9302169588929504,0.9359430358291547,0.9334817896315946,0.9364822812450274,0.9268490073176088,0.9336093766866074,1.0,0.9323876702255953,0.9339874980489407,0.9266886821131417
6,9,1.8639476057254907,0.33612578012482,4166,2.155480521065848,0.29891956782713086,833,2.15175753303721,0.2891,0.96739994183008,0.08329708014122175,,,0.96,,0.9600270667260814,0.0399729332739186,0.9918252706849879,0.14509021387982318,10,0.025,0.15,0.930703246912139,0.9316078713968857,0.9311651437629177,0.9329405457212916,0.929778061168,0.9308235321435232,0.9256504556848277,0.923606280283842,0.9323876702255953,1.0,0.9315070887533559,0.9287139682911141
6,10,1.8880922248869232,0.3226116178588574,4166,2.148972817829677,0.29891956782713086,833,2.151641109321691,0.2891,0.9683365591103181,0.08345280423654358,,,0.96,,0.9600270667260814,0.0399729332739186,0.9918252706849879,0.14509021387982318,10,0.025,0.15,0.9339929500230493,0.932976638967119,0.9280109743074448,0.9332804698227286,0.9327019608780645,0.9271057433803948,0.9222226330836933,0.9299509279196602,0.9339874980489407,0.9315070887533559,1.0,0.9338151374411253
