round,client_id,client_i_training_loss,client_i_training_accuracy,client_i_training_dataset_size,client_i_evaluation_loss,client_i_evaluation_accuracy,client_i_evaluation_dataset_size,client_i_central_evaluation_loss,client_i_central_evaluation_accuracy,client_i_cosine_similarity,client_i_importance_coefficient,client_i_tanh_val,tanh_normalization_value,client_i_q,client_i_mask_order,client_i_v_nonzero_fraction,client_i_v_sparsity,client_i_v_cosine_similarity,client_i_reward_gradient_norm,local_epochs,learning_rate,gamma,client_0_cosine_similarity,client_1_cosine_similarity,client_2_cosine_similarity,client_3_cosine_similarity,client_4_cosine_similarity,client_5_cosine_similarity,client_6_cosine_similarity,client_7_cosine_similarity,client_8_cosine_similarity,client_9_cosine_similarity,client_10_cosine_similarity,client_11_cosine_similarity
0,0,2.218647842650201,0.31164,5000,2.271941573531539,0.3057553956834532,834,2.2691879310546974,0.3037,0.9939322514143806,0.08319271656397206,,,0.97,,0.9700176878243976,0.029982312175602432,0,0.09956122062074549,5,0.001,0.1,1.0,0.9911163774653703,0.9867051345752419,0.9891654969676515,0.99108162518723,0.9922184174172993,0.9880734194686935,0.9860739320588209,0.9861149311893951,0.9897684059791013,0.9903133036069696,0.9842224424633276
0,1,2.2173794706915593,0.32492,5000,2.2669907499242714,0.28896882494004794,834,2.2691879310546974,0.3037,0.9967430852966088,0.08342798502028774,,,0.97,,0.9700176878243976,0.029982312175602432,0,0.09956122062074549,5,0.001,0.1,0.9911163774653703,1.0,0.9890862102750423,0.9901486104062797,0.9925271916858771,0.9951050345135015,0.9904117420699542,0.9915669045135174,0.9895637711996912,0.99476605494581,0.9932517867800318,0.9908918113885221
0,2,2.2177732479800083,0.35344,5000,2.265530074084247,0.32014388489208634,834,2.2691879310546974,0.3037,0.9957744559175574,0.08334691016908707,,,0.97,,0.9700176878243976,0.029982312175602432,0,0.09956122062074549,5,0.001,0.1,0.9867051345752419,0.9890862102750423,1.0,0.9906534438103884,0.9934000336719775,0.9878524835794895,0.9888948830178707,0.9923816525392881,0.9948568397131333,0.9922538808409057,0.9936881959640625,0.9870901864343764
0,3,2.2159458278850384,0.32948,5000,2.2700007138428866,0.2973621103117506,834,2.2691879310546974,0.3037,0.9952879117168031,0.08330618613207993,,,0.97,,0.9700176878243976,0.029982312175602432,0,0.09956122062074549,5,0.001,0.1,0.9891654969676515,0.9901486104062797,0.9906534438103884,1.0,0.9901791413544808,0.9927509239633651,0.989751621076289,0.9857281324352644,0.9903992258909128,0.9912720612101156,0.9888052103289341,0.9921961638889968
0,4,2.215256544890677,0.32012,5000,2.269828681592588,0.3277310924369748,833,2.2691879310546974,0.3037,0.9969510990252441,0.08344539589224924,,,0.97,,0.9700176878243976,0.029982312175602432,0,0.09956122062074549,5,0.001,0.1,0.99108162518723,0.9925271916858771,0.9934000336719775,0.9901791413544808,1.0,0.9930608241098077,0.9900319380990894,0.9948307824609329,0.992985192030272,0.9906509040498297,0.9949256674887761,0.9872474063071075
0,5,2.2133390144178064,0.34264,5000,2.2687778384597213,0.297719087635054,833,2.2691879310546974,0.3037,0.9964954791927771,0.0834072602431349,,,0.97,,0.9700176878243976,0.029982312175602432,0,0.09956122062074549,5,0.001,0.1,0.9922184174172993,0.9951050345135015,0.9878524835794895,0.9927509239633651,0.9930608241098077,1.0,0.9909857151568765,0.9908125548241927,0.9877479514003116,0.9929040829509895,0.9906666625983922,0.9913726079335131
0,6,2.2194253863802382,0.29592,5000,2.264070184142501,0.32292917166866747,833,2.2691879310546974,0.3037,0.994857606468918,0.08327016932864854,,,0.97,,0.9700176878243976,0.029982312175602432,0,0.09956122062074549,5,0.001,0.1,0.9880734194686935,0.9904117420699542,0.9888948830178707,0.989751621076289,0.9900319380990894,0.9909857151568765,1.0,0.9906522208517311,0.9881004769155518,0.9907420614256297,0.9883137485205189,0.9899511988386077
0,7,2.2134738715590943,0.31692,5000,2.2729041046566434,0.2809123649459784,833,2.2691879310546974,0.3037,0.9953484309514362,0.08331125162776773,,,0.97,,0.9700176878243976,0.029982312175602432,0,0.09956122062074549,5,0.001,0.1,0.9860739320588209,0.9915669045135174,0.9923816525392881,0.9857281324352644,0.9948307824609329,0.9908125548241927,0.9906522208517311,1.0,0.9918077668469708,0.9896853502238632,0.9932538129612002,0.9849799657821874
0,8,2.217192780136303,0.33536,5000,2.2692841865398266,0.33133253301320525,833,2.2691879310546974,0.3037,0.9953698699306163,0.0833130460829892,,,0.97,,0.9700176878243976,0.029982312175602432,0,0.09956122062074549,5,0.001,0.1,0.9861149311893951,0.9895637711996912,0.9948568397131333,0.9903992258909128,0.992985192030272,0.9877479514003116,0.9881004769155518,0.9918077668469708,1.0,0.9912493464687677,0.9925940696594409,0.9866096435192518
0,9,2.2195608603726527,0.36168,5000,2.2668593724568686,0.304921968787515,833,2.2691879310546974,0.3037,0.9964775193525794,0.08340575699390139,,,0.97,,0.9700176878243976,0.029982312175602432,0,0.09956122062074549,5,0.001,0.1,0.9897684059791013,0.99476605494581,0.9922538808409057,0.9912720612101156,0.9906509040498297,0.9929040829509895,0.9907420614256297,0.9896853502238632,0.9912493464687677,1.0,0.9926703195252352,0.9893002188035099
0,10,2.213630115302505,0.30272,5000,2.2764798358634666,0.27130852340936373,833,2.2691879310546974,0.3037,0.996503542486152,0.0834079351455534,,,0.97,,0.9700176878243976,0.029982312175602432,0,0.09956122062074549,5,0.001,0.1,0.9903133036069696,0.9932517867800318,0.9936881959640625,0.9888052103289341,0.9949256674887761,0.9906666625983922,0.9883137485205189,0.9932538129612002,0.9925940696594409,0.9926703195252352,1.0,0.9870908163432552
0,11,2.220264781660335,0.3298,5000,2.266962439925582,0.29531812725090034,833,2.2691879310546974,0.3037,0.993605733245117,0.08316538680032884,,,0.97,,0.9700176878243976,0.029982312175602432,0,0.09956122062074549,5,0.001,0.1,0.9842224424633276,0.9908918113885221,0.9870901864343764,0.9921961638889968,0.9872474063071075,0.9913726079335131,0.9899511988386077,0.9849799657821874,0.9866096435192518,0.9893002188035099,0.9870908163432552,1.0
1,0,2.100252178975731,0.38168,5000,2.2188387270326966,0.38968824940047964,834,2.215537527498727,0.3867,0.9969558083564873,0.08321747057453067,,,0.97,,0.9700176878243976,0.029982312175602432,0.9590790555737736,0.09978732675205061,5,0.001,0.1,1.0,0.9950306974533729,0.9939444383276037,0.9938256732015455,0.9959372714679507,0.9959972200468695,0.9941056265583459,0.9942881441925047,0.9939697087749724,0.9944353509205291,0.9944018050710091,0.9920919186348038
1,1,2.094921210617017,0.4234,5000,2.212401133996469,0.3645083932853717,834,2.215537527498727,0.3867,0.9983267369788861,0.08340604614781559,,,0.97,,0.9700176878243976,0.029982312175602432,0.9590790555737736,0.09978732675205061,5,0.001,0.1,0.9950306974533729,1.0,0.9951720684709159,0.9939874574622474,0.9971070551845835,0.9969853783387681,0.9952890894556408,0.9972428077659208,0.9958912745918617,0.9965854703828704,0.9961257494289908,0.9950149646777299
1,2,2.0983195216792403,0.43128,5000,2.2102875444624157,0.4052757793764988,834,2.215537527498727,0.3867,0.9981335023238037,0.08335007564778316,,,0.97,,0.9700176878243976,0.029982312175602432,0.9590790555737736,0.09978732675205061,5,0.001,0.1,0.9939444383276037,0.9951720684709159,1.0,0.9964451980086156,0.9962840847826887,0.9945026737597911,0.9956058674025811,0.9956996071043698,0.9965478762620281,0.9972702431590708,0.9964191014581935,0.9942314976881176
1,3,2.095249169191737,0.42176,5000,2.217434706511321,0.37410071942446044,834,2.215537527498727,0.3867,0.9974469926016858,0.08330293146060207,,,0.97,,0.9700176878243976,0.029982312175602432,0.9590790555737736,0.09978732675205061,5,0.001,0.1,0.9938256732015455,0.9939874574622474,0.9964451980086156,1.0,0.9951592971754389,0.9954781803231557,0.9946685576910282,0.9939347906112513,0.9959699245666205,0.9956331963956786,0.9940324676724975,0.9947741800241637
1,4,2.093775628023087,0.40328,5000,2.215070441917137,0.4237695078031212,833,2.215537527498727,0.3867,0.998604863177298,0.08342570532766762,,,0.97,,0.9700176878243976,0.029982312175602432,0.9590790555737736,0.09978732675205061,5,0.001,0.1,0.9959372714679507,0.9971070551845835,0.9962840847826887,0.9951592971754389,1.0,0.9970139227952325,0.9957317525663721,0.9973654117958749,0.9957089536960542,0.996482973384041,0.9966958234941723,0.994275395622176
1,5,2.0881979990916646,0.4352,5000,2.2160470397384078,0.38535414165666265,833,2.215537527498727,0.3867,0.9981565166408054,0.08338783789368136,,,0.97,,0.9700176878243976,0.029982312175602432,0.9590790555737736,0.09978732675205061,5,0.001,0.1,0.9959972200468695,0.9969853783387681,0.9945026737597911,0.9954781803231557,0.9970139227952325,1.0,0.9952864729799953,0.9966903982543431,0.9945944996565971,0.9960848261377885,0.9946812242644418,0.9950834189157289
1,6,2.1007881396895,0.4068,5000,2.209224983497902,0.4141656662665066,833,2.215537527498727,0.3867,0.9976804316334619,0.0832883749510823,,,0.97,,0.9700176878243976,0.029982312175602432,0.9590790555737736,0.09978732675205061,5,0.001,0.1,0.9941056265583459,0.9952890894556408,0.9956058674025811,0.9946685576910282,0.9957317525663721,0.9952864729799953,1.0,0.9965098933342483,0.9950810975840064,0.9951731100168685,0.9939456019467162,0.9953100233847163
1,7,2.089179056009669,0.42244,5000,2.218929326092755,0.3697478991596639,833,2.215537527498727,0.3867,0.9982042586926427,0.08333048674674892,,,0.97,,0.9700176878243976,0.029982312175602432,0.9590790555737736,0.09978732675205061,5,0.001,0.1,0.9942881441925047,0.9972428077659208,0.9956996071043698,0.9939347906112513,0.9973654117958749,0.9966903982543431,0.9965098933342483,1.0,0.9953022209223441,0.9959336080864185,0.9960560409260328,0.9939441488306343
1,8,2.0967411463427696,0.42564,5000,2.2170438324963606,0.39735894357743096,833,2.215537527498727,0.3867,0.9979749350795348,0.08332418384841604,,,0.97,,0.9700176878243976,0.029982312175602432,0.9590790555737736,0.09978732675205061,5,0.001,0.1,0.9939697087749724,0.9958912745918617,0.9965478762620281,0.9959699245666205,0.9957089536960542,0.9945944996565971,0.9950810975840064,0.9953022209223441,1.0,0.9967663760371887,0.9956668246784183,0.9947279132307366
1,9,2.0978757739826372,0.44572,5000,2.2134582378246166,0.3937575030012005,833,2.215537527498727,0.3867,0.9983700440774967,0.08339380944619482,,,0.97,,0.9700176878243976,0.029982312175602432,0.9590790555737736,0.09978732675205061,5,0.001,0.1,0.9944353509205291,0.9965854703828704,0.9972702431590708,0.9956331963956786,0.996482973384041,0.9960848261377885,0.9951731100168685,0.9959336080864185,0.9967663760371887,1.0,0.9961950764218248,0.9943905586688484
1,10,2.0902147226272874,0.38612,5000,2.223604440689087,0.3457382953181273,833,2.215537527498727,0.3867,0.9977443977603833,0.08337494677154025,,,0.97,,0.9700176878243976,0.029982312175602432,0.9590790555737736,0.09978732675205061,5,0.001,0.1,0.9944018050710091,0.9961257494289908,0.9964191014581935,0.9940324676724975,0.9966958234941723,0.9946812242644418,0.9939456019467162,0.9960560409260328,0.9956668246784183,0.9961950764218248,1.0,0.9932367348744795
1,11,2.1002433465544583,0.45224,5000,2.2112856176164417,0.37695078031212487,833,2.215537527498727,0.3867,0.996876046404278,0.08319813118393735,,,0.97,,0.9700176878243976,0.029982312175602432,0.9590790555737736,0.09978732675205061,5,0.001,0.1,0.9920919186348038,0.9950149646777299,0.9942314976881176,0.9947741800241637,0.994275395622176,0.9950834189157289,0.9953100233847163,0.9939441488306343,0.9947279132307366,0.9943905586688484,0.9932367348744795,1.0
2,0,1.935667450564682,0.44216,5000,2.1541154119703503,0.42805755395683454,834,2.15023781392521,0.421,0.9981976574797895,0.08324753340232902,,,0.97,,0.9700176878243976,0.029982312175602432,0.9852700621779786,0.09986547100977236,5,0.001,0.1,1.0,0.9968561706223751,0.9965492305353765,0.9964437384318058,0.997245356622154,0.9974588817251568,0.9962958797728999,0.9965188032143523,0.9963425298079869,0.9967682798150216,0.9965272858874292,0.9952536261549795
2,1,1.9261448509374242,0.48212,5000,2.146635744306776,0.40167865707434053,834,2.15023781392521,0.421,0.9989314231726171,0.08338685439474065,,,0.97,,0.9700176878243976,0.029982312175602432,0.9852700621779786,0.09986547100977236,5,0.001,0.1,0.9968561706223751,1.0,0.9969966475212726,0.9965284148258472,0.9979614775551265,0.9977232779920485,0.997220489479748,0.9978418452673683,0.9973986570117835,0.9976928030757508,0.9975757124613853,0.9972521987736538
2,2,1.9313567199524801,0.48336,5000,2.142766899532742,0.44244604316546765,834,2.15023781392521,0.421,0.9987934863307761,0.08334808012670618,,,0.97,,0.9700176878243976,0.029982312175602432,0.9852700621779786,0.09986547100977236,5,0.001,0.1,0.9965492305353765,0.9969966475212726,1.0,0.9973585055715635,0.9974896117168756,0.9966659168315786,0.9973648970287956,0.997267064629454,0.9976250763339332,0.9978248088407742,0.9975021790689185,0.9967530628954091
2,3,1.9261212522057212,0.4774,5000,2.153124791604501,0.4088729016786571,834,2.15023781392521,0.421,0.9984149594741032,0.08330695334094948,,,0.97,,0.9700176878243976,0.029982312175602432,0.9852700621779786,0.09986547100977236,5,0.001,0.1,0.9964437384318058,0.9965284148258472,0.9973585055715635,1.0,0.9967412549901009,0.9973091024560653,0.9968905000510481,0.9964983904159146,0.9972031008585318,0.9968339000437185,0.9960379662154029,0.997019635035503
2,4,1.9264008619223432,0.45504,5000,2.148350812770702,0.43937575030012005,833,2.15023781392521,0.421,0.9989772903663727,0.08340039020542668,,,0.97,,0.9700176878243976,0.029982312175602432,0.9852700621779786,0.09986547100977236,5,0.001,0.1,0.997245356622154,0.9979614775551265,0.9974896117168756,0.9967412549901009,1.0,0.9976912424051487,0.9973268064433599,0.9979101044164617,0.9972006705875505,0.9973962033691749,0.997801283986562,0.9968328682999391
2,5,1.914630773568609,0.486,5000,2.1512407020286277,0.41656662665066024,833,2.15023781392521,0.421,0.9987461328850527,0.08336970846190944,,,0.97,,0.9700176878243976,0.029982312175602432,0.9852700621779786,0.09986547100977236,5,0.001,0.1,0.9974588817251568,0.9977232779920485,0.9966659168315786,0.9973091024560653,0.9976912424051487,1.0,0.996964496548685,0.9974546019984653,0.996489345032902,0.997477747861917,0.9965252410225311,0.9970694676127219
2,6,1.933950883263995,0.48692,5000,2.1423745861759893,0.45138055222088835,833,2.15023781392521,0.421,0.9986044547764603,0.08330414289740289,,,0.97,,0.9700176878243976,0.029982312175602432,0.9852700621779786,0.09986547100977236,5,0.001,0.1,0.9962958797728999,0.997220489479748,0.9973648970287956,0.9968905000510481,0.9973268064433599,0.996964496548685,1.0,0.9977019438606408,0.9966915038385199,0.9968797339302184,0.9965894566763129,0.9972089782076916
2,7,1.9175050159928146,0.4928,5000,2.1527394453684487,0.4177671068427371,833,2.15023781392521,0.421,0.9987822078225049,0.08333570375798464,,,0.97,,0.9700176878243976,0.029982312175602432,0.9852700621779786,0.09986547100977236,5,0.001,0.1,0.9965188032143523,0.9978418452673683,0.997267064629454,0.9964983904159146,0.9979101044164617,0.9974546019984653,0.9977019438606408,1.0,0.9969266827926847,0.9971315567901781,0.9973631498768816,0.9966467700009923
2,8,1.9288908142952403,0.48716,5000,2.15393771065606,0.4309723889555822,833,2.15023781392521,0.421,0.998636508106787,0.08332713623872881,,,0.97,,0.9700176878243976,0.029982312175602432,0.9852700621779786,0.09986547100977236,5,0.001,0.1,0.9963425298079869,0.9973986570117835,0.9976250763339332,0.9972031008585318,0.9972006705875505,0.996489345032902,0.9966915038385199,0.9969266827926847,1.0,0.9975126085724801,0.9971864211822122,0.9969399917242991
2,9,1.9284444225821527,0.50812,5000,2.1488373191268355,0.4189675870348139,833,2.15023781392521,0.421,0.9988124806482432,0.0833755117182947,,,0.97,,0.9700176878243976,0.029982312175602432,0.9852700621779786,0.09986547100977236,5,0.001,0.1,0.9967682798150216,0.9976928030757508,0.9978248088407742,0.9968339000437185,0.9973962033691749,0.997477747861917,0.9968797339302184,0.9971315567901781,0.9975126085724801,1.0,0.9971485421621307,0.9969566063971655
2,10,1.9208162401891817,0.45048,5000,2.1594703550691956,0.38055222088835533,833,2.15023781392521,0.421,0.9985770439779666,0.08335634601192954,,,0.97,,0.9700176878243976,0.029982312175602432,0.9852700621779786,0.09986547100977236,5,0.001,0.1,0.9965272858874292,0.9975757124613853,0.9975021790689185,0.9960379662154029,0.997801283986562,0.9965252410225311,0.9965894566763129,0.9973631498768816,0.9971864211822122,0.9971485421621307,1.0,0.9965436192977121
2,11,1.9301610489559782,0.50756,5000,2.1435933907826743,0.41536614645858344,833,2.15023781392521,0.421,0.9983824883316824,0.08324163944359791,,,0.97,,0.9700176878243976,0.029982312175602432,0.9852700621779786,0.09986547100977236,5,0.001,0.1,0.9952536261549795,0.9972521987736538,0.9967530628954091,0.997019635035503,0.9968328682999391,0.9970694676127219,0.9972089782076916,0.9966467700009923,0.9969399917242991,0.9969566063971655,0.9965436192977121,1.0
3,0,1.7574247118773734,0.49116,5000,2.0744345629656755,0.45323741007194246,834,2.070167485898295,0.447,0.9986304573158117,0.08327314854662111,,,0.97,,0.9700176878243976,0.029982312175602432,0.9938415688395729,0.09988650477927967,5,0.001,0.1,1.0,0.997663475674561,0.9971326820726419,0.9969539650147121,0.9976660151970129,0.9979847505450803,0.9971662478337368,0.9974663973769587,0.9969498795607472,0.997408794277576,0.9973210489299694,0.9962544331793206
3,1,1.7457287396594976,0.5258,5000,2.066306749979655,0.434052757793765,834,2.070167485898295,0.447,0.9990947945725643,0.08337356156391586,,,0.97,,0.9700176878243976,0.029982312175602432,0.9938415688395729,0.09988650477927967,5,0.001,0.1,0.997663475674561,1.0,0.9975850676251059,0.9969722629660643,0.9981274552609145,0.9979747231597995,0.9977664015150564,0.9983230113426484,0.9975448408773944,0.997994622158014,0.9980183789502121,0.9975600044099321
3,2,1.752683232999911,0.52544,5000,2.0597466627756753,0.47721822541966424,834,2.070167485898295,0.447,0.9989751974506935,0.0833459265785124,,,0.97,,0.9700176878243976,0.029982312175602432,0.9938415688395729,0.09988650477927967,5,0.001,0.1,0.9971326820726419,0.9975850676251059,1.0,0.9976159250255701,0.9978188115838152,0.9970387791663087,0.9979612434711957,0.9977942338095556,0.9978174892680151,0.9979057177910073,0.997962542364042,0.9974657126417477
3,3,1.745043720105651,0.52268,5000,2.074263744884067,0.42685851318944845,834,2.070167485898295,0.447,0.9985324389866811,0.08330641995289108,,,0.97,,0.9700176878243976,0.029982312175602432,0.9938415688395729,0.09988650477927967,5,0.001,0.1,0.9969539650147121,0.9969722629660643,0.9976159250255701,1.0,0.9971222260961092,0.997606357885349,0.9970618651297904,0.9970237451564864,0.997257561287316,0.9971922539981468,0.9966176614534694,0.9973692988348585
3,4,1.7490571523168283,0.502,5000,2.066624994631167,0.4669867947178872,833,2.070167485898295,0.447,0.9990839970075597,0.08338151289033913,,,0.97,,0.9700176878243976,0.029982312175602432,0.9938415688395729,0.09988650477927967,5,0.001,0.1,0.9976660151970129,0.9981274552609145,0.9978188115838152,0.9971222260961092,1.0,0.9977529535464742,0.9977682408805529,0.9983576471630858,0.9974412918633081,0.9978382334463575,0.9980707161825045,0.9974369512265214
3,5,1.732084335946733,0.53068,5000,2.0715520028714782,0.4345738295318127,833,2.070167485898295,0.447,0.9988869438057469,0.08335634033781548,,,0.97,,0.9700176878243976,0.029982312175602432,0.9938415688395729,0.09988650477927967,5,0.001,0.1,0.9979847505450803,0.9979747231597995,0.9970387791663087,0.997606357885349,0.9977529535464742,1.0,0.9972925026768066,0.9978453038438716,0.9970329457254351,0.9978759781073506,0.9970468398045885,0.9975892469892137
3,6,1.7534674161558699,0.54224,5000,2.060635050137838,0.47418967587034816,833,2.070167485898295,0.447,0.9988304345090104,0.08331431364938242,,,0.97,,0.9700176878243976,0.029982312175602432,0.9938415688395729,0.09988650477927967,5,0.001,0.1,0.9971662478337368,0.9977664015150564,0.9979612434711957,0.9970618651297904,0.9977682408805529,0.9972925026768066,1.0,0.9981223143170168,0.996894372988937,0.997304683972669,0.9975913904139471,0.9974348001522393
3,7,1.736175417520438,0.53908,5000,2.070811289328116,0.453781512605042,833,2.070167485898295,0.447,0.9990901115519644,0.08334204626410838,,,0.97,,0.9700176878243976,0.029982312175602432,0.9938415688395729,0.09988650477927967,5,0.001,0.1,0.9974663973769587,0.9983230113426484,0.9977942338095556,0.9970237451564864,0.9983576471630858,0.9978453038438716,0.9981223143170168,1.0,0.9973444931274196,0.9975806351346748,0.9980900547010368,0.9975272157009798
3,8,1.7493717702331057,0.53284,5000,2.0769490003585815,0.44657863145258103,833,2.070167485898295,0.447,0.9987074062186779,0.08332444213727007,,,0.97,,0.9700176878243976,0.029982312175602432,0.9938415688395729,0.09988650477927967,5,0.001,0.1,0.9969498795607472,0.9975448408773944,0.9978174892680151,0.997257561287316,0.9974412918633081,0.9970329457254351,0.996894372988937,0.9973444931274196,1.0,0.9977272374281996,0.997474212106429,0.9974044084349007
3,9,1.7475823236878512,0.55116,5000,2.069724334610833,0.44057623049219685,833,2.070167485898295,0.447,0.9989615384936265,0.0833623060733165,,,0.97,,0.9700176878243976,0.029982312175602432,0.9938415688395729,0.09988650477927967,5,0.001,0.1,0.997408794277576,0.997994622158014,0.9979057177910073,0.9971922539981468,0.9978382334463575,0.9978759781073506,0.997304683972669,0.9975806351346748,0.9977272374281996,1.0,0.9975423459741457,0.9975627903165253
3,10,1.7433247361213537,0.5118,5000,2.0806343996966326,0.4117647058823529,833,2.070167485898295,0.447,0.9988833555905164,0.08334803105005244,,,0.97,,0.9700176878243976,0.029982312175602432,0.9938415688395729,0.09988650477927967,5,0.001,0.1,0.9973210489299694,0.9980183789502121,0.997962542364042,0.9966176614534694,0.9980707161825045,0.9970468398045885,0.9975913904139471,0.9980900547010368,0.997474212106429,0.9975423459741457,1.0,0.9972611484362836
3,11,1.7476919983602632,0.55248,5000,2.060676208248845,0.44417767106842737,833,2.070167485898295,0.447,0.9987053335242576,0.08327195095577511,,,0.97,,0.9700176878243976,0.029982312175602432,0.9938415688395729,0.09988650477927967,5,0.001,0.1,0.9962544331793206,0.9975600044099321,0.9974657126417477,0.9973692988348585,0.9974369512265214,0.9975892469892137,0.9974348001522393,0.9975272157009798,0.9974044084349007,0.9975627903165253,0.9972611484362836,1.0
4,0,1.5993546926291884,0.53788,5000,1.9790800235889576,0.5071942446043165,834,1.9744677006627043,0.502,0.9987203808878892,0.08329024940564494,,,0.97,,0.9700176878243976,0.029982312175602432,0.9966420224262855,0.09989115417982439,5,0.001,0.1,1.0,0.9977021494376346,0.9972686533691169,0.9971751279204729,0.9975360330422517,0.9979805474180371,0.9973241992986965,0.9975570452894972,0.9973190292104618,0.9975399238477471,0.997460270612632,0.9967425965006029
4,1,1.5862166005335037,0.56244,5000,1.970664827911942,0.4784172661870504,834,1.9744677006627043,0.502,0.9991726484915242,0.08336641422574699,,,0.97,,0.9700176878243976,0.029982312175602432,0.9966420224262855,0.09989115417982439,5,0.001,0.1,0.9977021494376346,1.0,0.9978248129479023,0.9973978350585748,0.9980010279545831,0.9980236986850076,0.9979178223073673,0.998280159691,0.9978931276535895,0.9981204987720546,0.9980565398396729,0.9978067469785358
4,2,1.5933970607010421,0.56236,5000,1.960264629787869,0.5359712230215827,834,1.9744677006627043,0.502,0.9989559761797764,0.08334247714242214,,,0.97,,0.9700176878243976,0.029982312175602432,0.9966420224262855,0.09989115417982439,5,0.001,0.1,0.9972686533691169,0.9978248129479023,1.0,0.9975254659241996,0.997687475776279,0.9971759475711989,0.9979958367761018,0.9975825196265271,0.99796861684124,0.9978111269241465,0.9981586169340995,0.9974288823960645
4,3,1.5860576204433563,0.5582,5000,1.979912448812414,0.4748201438848921,834,1.9744677006627043,0.502,0.998658510139956,0.08330865347902698,,,0.97,,0.9700176878243976,0.029982312175602432,0.9966420224262855,0.09989115417982439,5,0.001,0.1,0.9971751279204729,0.9973978350585748,0.9975254659241996,1.0,0.9971028602739271,0.9978123512707446,0.9972809132615856,0.9973864530138855,0.9975143761550386,0.9974127796344607,0.9968673507132318,0.9973883528350819
4,4,1.5930145723804547,0.54208,5000,1.9689646297030978,0.5186074429771909,833,1.9744677006627043,0.502,0.9989515553623971,0.08336415463120457,,,0.97,,0.9700176878243976,0.029982312175602432,0.9966420224262855,0.09989115417982439,5,0.001,0.1,0.9975360330422517,0.9980010279545831,0.997687475776279,0.9971028602739271,1.0,0.997632488622945,0.9977168052112998,0.9980599686771703,0.9974806422538732,0.9978318320045407,0.997925363560821,0.9973991699228342
4,5,1.5702494185441618,0.56748,5000,1.9759931829240587,0.48619447779111646,833,1.9744677006627043,0.502,0.9989354368476062,0.08334819962027691,,,0.97,,0.9700176878243976,0.029982312175602432,0.9966420224262855,0.09989115417982439,5,0.001,0.1,0.9979805474180371,0.9980236986850076,0.9971759475711989,0.9978123512707446,0.997632488622945,1.0,0.9973379857559045,0.9978312653815731,0.9972626425845297,0.9979468256257685,0.9973979903775014,0.9977802918539777
4,6,1.591925278590743,0.58504,5000,1.9631432427300348,0.5270108043217286,833,1.9744677006627043,0.502,0.9988750889309443,0.08332048294621228,,,0.97,,0.9700176878243976,0.029982312175602432,0.9966420224262855,0.09989115417982439,5,0.001,0.1,0.9973241992986965,0.9979178223073673,0.9979958367761018,0.9972809132615856,0.9977168052112998,0.9973379857559045,1.0,0.9977920262616135,0.9971722536609534,0.9975845137929263,0.9977714397214055,0.9975653236633478
4,7,1.575606573994752,0.5814,5000,1.9724245689533375,0.5114045618247299,833,1.9744677006627043,0.502,0.9990397394079749,0.08334280106125955,,,0.97,,0.9700176878243976,0.029982312175602432,0.9966420224262855,0.09989115417982439,5,0.001,0.1,0.9975570452894972,0.998280159691,0.9975825196265271,0.9973864530138855,0.9980599686771703,0.9978312653815731,0.9977920262616135,1.0,0.9975547616957986,0.9977368121393478,0.997955523662689,0.9976953117907937
4,8,1.5908593959869093,0.57024,5000,1.9851922459072537,0.5006002400960384,833,1.9744677006627043,0.502,0.9988526823071207,0.08332597024602552,,,0.97,,0.9700176878243976,0.029982312175602432,0.9966420224262855,0.09989115417982439,5,0.001,0.1,0.9973190292104618,0.9978931276535895,0.99796861684124,0.9975143761550386,0.9974806422538732,0.9972626425845297,0.9971722536609534,0.9975547616957986,1.0,0.9978614354248078,0.9976553088721892,0.9975081467942408
4,9,1.588080649467031,0.58852,5000,1.9750851304442794,0.5066026410564226,833,1.9744677006627043,0.502,0.999017798894706,0.08335451553928155,,,0.97,,0.9700176878243976,0.029982312175602432,0.9966420224262855,0.09989115417982439,5,0.001,0.1,0.9975399238477471,0.9981204987720546,0.9978111269241465,0.9974127796344607,0.9978318320045407,0.9979468256257685,0.9975845137929263,0.9977368121393478,0.9978614354248078,1.0,0.9976162961300433,0.997706444761935
4,10,1.5863127152631238,0.55508,5000,1.9861350456873577,0.4789915966386555,833,1.9744677006627043,0.502,0.9989585317294932,0.08334384999514599,,,0.97,,0.9700176878243976,0.029982312175602432,0.9966420224262855,0.09989115417982439,5,0.001,0.1,0.997460270612632,0.9980565398396729,0.9981586169340995,0.9968673507132318,0.997925363560821,0.9973979903775014,0.9977714397214055,0.997955523662689,0.9976553088721892,0.9976162961300433,1.0,0.9975935214644844
4,11,1.584431837470668,0.58624,5000,1.961791060588978,0.49819927971188477,833,1.9744677006627043,0.502,0.9988045605962059,0.0832922317077527,,,0.97,,0.9700176878243976,0.029982312175602432,0.9966420224262855,0.09989115417982439,5,0.001,0.1,0.9967425965006029,0.9978067469785358,0.9974288823960645,0.9973883528350819,0.9973991699228342,0.9977802918539777,0.9975653236633478,0.9976953117907937,0.9975081467942408,0.997706444761935,0.9975935214644844,1.0
5,0,1.4653950180977013,0.57468,5000,1.8696470216468528,0.5575539568345323,834,1.8649196381005235,0.5662,0.9985851498706674,0.0832992702778099,,,0.97,,0.9700176878243976,0.029982312175602432,0.9977422377448711,0.09988218179865584,5,0.001,0.1,1.0,0.997446770086776,0.9970526292511022,0.997086876862165,0.9971586416436158,0.9976696638267357,0.9971353954786163,0.9971986588455292,0.9970963069075138,0.9973416185328582,0.9971296136411915,0.9965913109267172
5,1,1.4533977474376654,0.59516,5000,1.8613821400536432,0.5515587529976019,834,1.8649196381005235,0.5662,0.9990993570059962,0.08336256813181353,,,0.97,,0.9700176878243976,0.029982312175602432,0.9977422377448711,0.09988218179865584,5,0.001,0.1,0.997446770086776,1.0,0.9978712802130024,0.997205195032687,0.9977545697197484,0.997838513783657,0.9978699051317043,0.9979781998983964,0.997685631280753,0.9979858443556219,0.997866212997145,0.9975662425434283
5,2,1.4608443844090602,0.59316,5000,1.846431599722968,0.605515587529976,834,1.8649196381005235,0.5662,0.9988937845891398,0.08334125592981234,,,0.97,,0.9700176878243976,0.029982312175602432,0.9977422377448711,0.09988218179865584,5,0.001,0.1,0.9970526292511022,0.9978712802130024,1.0,0.9973039209116141,0.997426667170645,0.9971515449030887,0.9977371925624242,0.997426616490148,0.997794193985877,0.9976817304897909,0.9979196523864444,0.9972396156430855
5,3,1.4527788625401297,0.59244,5000,1.8719339503182306,0.5347721822541966,834,1.8649196381005235,0.5662,0.9985484593310612,0.08330937123388467,,,0.97,,0.9700176878243976,0.029982312175602432,0.9977422377448711,0.09988218179865584,5,0.001,0.1,0.997086876862165,0.997205195032687,0.9973039209116141,1.0,0.9968067286224781,0.9977687368869671,0.996945840567347,0.9970229807555715,0.9972097616970582,0.9970939722897558,0.9969096400696372,0.9971139513235658
5,4,1.4631766621474247,0.57716,5000,1.8570715144828513,0.581032412965186,833,1.8649196381005235,0.5662,0.9987901629123727,0.08335120403410601,,,0.97,,0.9700176878243976,0.029982312175602432,0.9977422377448711,0.09988218179865584,5,0.001,0.1,0.9971586416436158,0.9977545697197484,0.997426667170645,0.9968067286224781,1.0,0.9974092857950567,0.9974509189205786,0.9978622161704591,0.9971563386160721,0.9975399215241086,0.9976226429360143,0.9971742476044654
5,5,1.4365723899974945,0.59884,5000,1.866345242217735,0.5510204081632653,833,1.8649196381005235,0.5662,0.9988927099374622,0.0833447301729826,,,0.97,,0.9700176878243976,0.029982312175602432,0.9977422377448711,0.09988218179865584,5,0.001,0.1,0.9976696638267357,0.997838513783657,0.9971515449030887,0.9977687368869671,0.9974092857950567,1.0,0.9973708518488877,0.9976245787806958,0.9970531303971047,0.9978559128193963,0.9972832176113318,0.9975670603474965
5,6,1.45960233849325,0.6128,5000,1.8515638731144093,0.5858343337334934,833,1.8649196381005235,0.5662,0.9988344803893684,0.08332585555490271,,,0.97,,0.9700176878243976,0.029982312175602432,0.9977422377448711,0.09988218179865584,5,0.001,0.1,0.9971353954786163,0.9978699051317043,0.9977371925624242,0.996945840567347,0.9974509189205786,0.9973708518488877,1.0,0.9975699865666706,0.9969634889776108,0.9974742436383954,0.9978557460681855,0.9975212588740041
5,7,1.4444186411086162,0.61068,5000,1.8594126966264513,0.5738295318127251,833,1.8649196381005235,0.5662,0.9988785714065388,0.08334096357957836,,,0.97,,0.9700176878243976,0.029982312175602432,0.9977422377448711,0.09988218179865584,5,0.001,0.1,0.9971986588455292,0.9979781998983964,0.997426616490148,0.9970229807555715,0.9978622161704591,0.9976245787806958,0.9975699865666706,1.0,0.9972609635937378,0.9973947511299899,0.9977263558132952,0.9973571694672331
5,8,1.4568641413548948,0.6008,5000,1.8805165688196819,0.5426170468187275,833,1.8649196381005235,0.5662,0.9987308161492637,0.08332587473966194,,,0.97,,0.9700176878243976,0.029982312175602432,0.9977422377448711,0.09988218179865584,5,0.001,0.1,0.9970963069075138,0.997685631280753,0.997794193985877,0.9972097616970582,0.9971563386160721,0.9970531303971047,0.9969634889776108,0.9972609635937378,1.0,0.997543128668759,0.9976379296450004,0.9972514517532699
5,9,1.4534886191605003,0.61676,5000,1.8665448162290785,0.5786314525810324,833,1.8649196381005235,0.5662,0.9989466027204991,0.08335034225603466,,,0.97,,0.9700176878243976,0.029982312175602432,0.9977422377448711,0.09988218179865584,5,0.001,0.1,0.9973416185328582,0.9979858443556219,0.9976817304897909,0.9970939722897558,0.9975399215241086,0.9978559128193963,0.9974742436383954,0.9973947511299899,0.997543128668759,1.0,0.9976629734195469,0.9976637393870483
5,10,1.4533461815232684,0.58956,5000,1.8774902025858562,0.5522208883553421,833,1.8649196381005235,0.5662,0.9989393127724425,0.0833435670605998,,,0.97,,0.9700176878243976,0.029982312175602432,0.9977422377448711,0.09988218179865584,5,0.001,0.1,0.9971296136411915,0.997866212997145,0.9979196523864444,0.9969096400696372,0.9976226429360143,0.9972832176113318,0.9978557460681855,0.9977263558132952,0.9976379296450004,0.9976629734195469,1.0,0.9975366702975997
5,11,1.4499728007681052,0.60756,5000,1.8490153992617573,0.5798319327731093,833,1.8649196381005235,0.5662,0.9987249344603365,0.08330499702881353,,,0.97,,0.9700176878243976,0.029982312175602432,0.9977422377448711,0.09988218179865584,5,0.001,0.1,0.9965913109267172,0.9975662425434283,0.9972396156430855,0.9971139513235658,0.9971742476044654,0.9975670603474965,0.9975212588740041,0.9973571694672331,0.9972514517532699,0.9976637393870483,0.9975366702975997,1.0
6,0,1.3547953952649596,0.59944,5000,1.7497351655253657,0.5851318944844125,834,1.7450571517213085,0.5986,0.9983044549157714,0.08330353083862513,,,0.97,,0.9700176878243976,0.029982312175602432,0.9982614730778968,0.09985804821775816,5,0.001,0.1,1.0,0.9967651311490221,0.9965335371385974,0.9963188916117485,0.9964020748188782,0.9970336898611438,0.9965635423797621,0.996838637054827,0.9968104735903707,0.9966395709241146,0.9967098513567292,0.9960358100033231
6,1,1.3422121451918487,0.61572,5000,1.7421851599657978,0.5863309352517986,834,1.7450571517213085,0.5986,0.9987150361917544,0.08335559946313828,,,0.97,,0.9700176878243976,0.029982312175602432,0.9982614730778968,0.09985804821775816,5,0.001,0.1,0.9967651311490221,1.0,0.9970695439251034,0.9963879772054456,0.9972147302676482,0.9971168263885153,0.9973614400401545,0.9974586322084897,0.9969342831203766,0.9973205287376052,0.9971378865422715,0.9968016328890731
6,2,1.3496935415419804,0.61376,5000,1.7216933965682983,0.6342925659472423,834,1.7450571517213085,0.5986,0.9986879261869366,0.08334165496790634,,,0.97,,0.9700176878243976,0.029982312175602432,0.9982614730778968,0.09985804821775816,5,0.001,0.1,0.9965335371385974,0.9970695439251034,1.0,0.996803143523444,0.9969528651742736,0.9965967667211888,0.9974145176564398,0.9970579711997499,0.9973346412232524,0.9968657368173741,0.9976852136414035,0.9969308652056785
6,3,1.3429300730395468,0.61124,5000,1.753704066629763,0.5671462829736211,834,1.7450571517213085,0.5986,0.9982511121998981,0.08330800347183762,,,0.97,,0.9700176878243976,0.029982312175602432,0.9982614730778968,0.09985804821775816,5,0.001,0.1,0.9963188916117485,0.9963879772054456,0.996803143523444,1.0,0.9963319580924282,0.9972645876545014,0.996337924340726,0.9965593933473083,0.9966775742328933,0.9964494771635235,0.9962764456582834,0.9966045550369894
6,4,1.3540309937136947,0.60244,5000,1.734582989304154,0.6062424969987995,833,1.7450571517213085,0.5986,0.9985555238215236,0.08334348215299221,,,0.97,,0.9700176878243976,0.029982312175602432,0.9982614730778968,0.09985804821775816,5,0.001,0.1,0.9964020748188782,0.9972147302676482,0.9969528651742736,0.9963319580924282,1.0,0.996989096787245,0.9970351655339351,0.9973603514538703,0.9966984171456748,0.9969602274511924,0.9971493929625713,0.9965630944897118
6,5,1.3265882961309639,0.62048,5000,1.7462618969104908,0.5882352941176471,833,1.7450571517213085,0.5986,0.9987061656862722,0.08334437420774414,,,0.97,,0.9700176878243976,0.029982312175602432,0.9982614730778968,0.09985804821775816,5,0.001,0.1,0.9970336898611438,0.9971168263885153,0.9965967667211888,0.9972645876545014,0.996989096787245,1.0,0.9969802181743052,0.997129346941426,0.9967612479183389,0.9973919009101717,0.9969240875187505,0.9972757744218828
6,6,1.3487052420901644,0.62924,5000,1.7298565926375213,0.6194477791116446,833,1.7450571517213085,0.5986,0.9986184436706077,0.08332996823585302,,,0.97,,0.9700176878243976,0.029982312175602432,0.9982614730778968,0.09985804821775816,5,0.001,0.1,0.9965635423797621,0.9973614400401545,0.9974145176564398,0.996337924340726,0.9970351655339351,0.9969802181743052,1.0,0.9971119081254001,0.99633570323813,0.9968444980855241,0.9973925098504856,0.9970349336329318
6,7,1.335252725546527,0.62668,5000,1.7349309126536052,0.6122448979591837,833,1.7450571517213085,0.5986,0.9987012165543229,0.08334190464421434,,,0.97,,0.9700176878243976,0.029982312175602432,0.9982614730778968,0.09985804821775816,5,0.001,0.1,0.996838637054827,0.9974586322084897,0.9970579711997499,0.9965593933473083,0.9973603514538703,0.997129346941426,0.9971119081254001,1.0,0.9969956310718154,0.9966350807514777,0.9973351362103311,0.9969217694941754
6,8,1.34544336188371,0.61568,5000,1.7668423961710047,0.5870348139255702,833,1.7450571517213085,0.5986,0.9985412621632475,0.08332748890597967,,,0.97,,0.9700176878243976,0.029982312175602432,0.9982614730778968,0.09985804821775816,5,0.001,0.1,0.9968104735903707,0.9969342831203766,0.9973346412232524,0.9966775742328933,0.9966984171456748,0.9967612479183389,0.99633570323813,0.9969956310718154,1.0,0.9969422382544908,0.9972188442552498,0.9967788254365986
6,9,1.342942906792756,0.63044,5000,1.7474700168327049,0.6146458583433373,833,1.7450571517213085,0.5986,0.9986098152929913,0.08334470597663302,,,0.97,,0.9700176878243976,0.029982312175602432,0.9982614730778968,0.09985804821775816,5,0.001,0.1,0.9966395709241146,0.9973205287376052,0.9968657368173741,0.9964494771635235,0.9969602274511924,0.9973919009101717,0.9968444980855241,0.9966350807514777,0.9969422382544908,1.0,0.9969922976667814,0.997266798703473
6,10,1.344661002250234,0.61644,5000,1.7578738044809412,0.5762304921968787,833,1.7450571517213085,0.5986,0.9987471410931112,0.08334498345447153,,,0.97,,0.9700176878243976,0.029982312175602432,0.9982614730778968,0.09985804821775816,5,0.001,0.1,0.9967098513567292,0.9971378865422715,0.9976852136414035,0.9962764456582834,0.9971493929625713,0.9969240875187505,0.9973925098504856,0.9973351362103311,0.9972188442552498,0.9969922976667814,1.0,0.9971324578211479
6,11,1.337041388043932,0.62492,5000,1.7262586840876826,0.6062424969987995,833,1.7450571517213085,0.5986,0.9985294212598431,0.08331430368060469,,,0.97,,0.9700176878243976,0.029982312175602432,0.9982614730778968,0.09985804821775816,5,0.001,0.1,0.9960358100033231,0.9968016328890731,0.9969308652056785,0.9966045550369894,0.9965630944897118,0.9972757744218828,0.9970349336329318,0.9969217694941754,0.9967788254365986,0.997266798703473,0.9971324578211479,1.0
7,0,1.2607068518924105,0.61728,5000,1.6235433905212968,0.5911270983213429,834,1.6190109610938417,0.6112,0.9981531207087785,0.08330967924976641,,,0.97,,0.9700176878243976,0.029982312175602432,0.9983233721315722,0.0998319409502152,5,0.001,0.1,1.0,0.9964942065605252,0.9960954168457341,0.9960371472430974,0.9961013545595306,0.9965887851138805,0.9959001060074197,0.9962691213219228,0.9965028628081922,0.9963138676217397,0.9958263601069234,0.995582944785243
7,1,1.2498129461221634,0.63232,5000,1.6170003325850875,0.6031175059952039,834,1.6190109610938417,0.6112,0.9985620777020544,0.08335481379649634,,,0.97,,0.9700176878243976,0.029982312175602432,0.9983233721315722,0.0998319409502152,5,0.001,0.1,0.9964942065605252,1.0,0.9966567935520971,0.9960648064267645,0.9967377171728987,0.9965452910684801,0.9967051416894214,0.9966624165887386,0.9967317805622761,0.9967734903118021,0.9967062535928592,0.9965312426351507
