round,client_id,client_i_training_loss,client_i_training_accuracy,client_i_training_dataset_size,client_i_evaluation_loss,client_i_evaluation_accuracy,client_i_evaluation_dataset_size,client_i_central_evaluation_loss,client_i_central_evaluation_accuracy,client_i_cosine_similarity,client_i_importance_coefficient,client_i_tanh_val,tanh_normalization_value,client_i_q,client_i_mask_order,client_i_v_nonzero_fraction,client_i_v_sparsity,client_i_v_cosine_similarity,client_i_reward_gradient_norm,local_epochs,learning_rate,gamma,client_0_cosine_similarity,client_1_cosine_similarity,client_2_cosine_similarity,client_3_cosine_similarity,client_4_cosine_similarity,client_5_cosine_similarity,client_6_cosine_similarity,client_7_cosine_similarity,client_8_cosine_similarity,client_9_cosine_similarity,client_10_cosine_similarity,client_11_cosine_similarity
0,0,2.1195671275922447,0.442,5000,2.248282202967891,0.3057553956834532,834,2.242843514433303,0.3299,0.9970376556885572,0.08335346133252436,,,1.0,,1.0,0.0,0,0.09967969146245456,5,0.001,0.1,1.0,0.9885904124202127,0.9942494080211529,0.9921770398281814,0.9918172122935843,0.9944556062501864,0.9932685695486207,0.9964545568999791,0.9926010272504087,0.9943594216844073,0.9953003052540922,0.9928548933799937
0,1,2.126788433038505,0.42932,5000,2.239450975700661,0.31774580335731417,834,2.242843514433303,0.3299,0.9942578068839864,0.08312106286841414,,,1.0,,1.0,0.0,0,0.09967969146245456,5,0.001,0.1,0.9885904124202127,1.0,0.9902164148322673,0.9917416401485356,0.987100036619847,0.9910540384100491,0.9898396760441336,0.98884078327308,0.9927385535029871,0.9891628086119139,0.9906310860689177,0.9929616672758697
0,2,2.1206129799982545,0.44056,5000,2.244456141083329,0.31414868105515587,834,2.242843514433303,0.3299,0.9973511124475217,0.08337966666758738,,,1.0,,1.0,0.0,0,0.09967969146245456,5,0.001,0.1,0.9942494080211529,0.9902164148322673,1.0,0.9956942319658283,0.9919033367676527,0.9949331123213766,0.9926696080011841,0.9933218903818586,0.9944249700493432,0.9952194295301686,0.9942938830478777,0.992951600943368
0,3,2.1200287501523447,0.45992,5000,2.239069629598547,0.3537170263788969,834,2.242843514433303,0.3299,0.9972387815065148,0.08337027567548767,,,1.0,,1.0,0.0,0,0.09967969146245456,5,0.001,0.1,0.9921770398281814,0.9917416401485356,0.9956942319658283,1.0,0.9903649603946899,0.9939343430127979,0.9927391233705782,0.9939342100723215,0.9956297837988237,0.9947875849732081,0.9932826592330064,0.9942486555082617
0,4,2.1197092689526307,0.4432,5000,2.244228000994082,0.33133253301320525,833,2.242843514433303,0.3299,0.9954131850706353,0.08321765377494192,,,1.0,,1.0,0.0,0,0.09967969146245456,5,0.001,0.1,0.9918172122935843,0.987100036619847,0.9919033367676527,0.9903649603946899,1.0,0.9923466870293451,0.9934836514082868,0.9909679827920528,0.9918870875302958,0.9938555878152296,0.9907314611224148,0.9922392416751341
0,5,2.1203273012379933,0.44516,5000,2.2410260836283364,0.36014405762304924,833,2.242843514433303,0.3299,0.9976181344165225,0.08340199000235918,,,1.0,,1.0,0.0,0,0.09967969146245456,5,0.001,0.1,0.9944556062501864,0.9910540384100491,0.9949331123213766,0.9939343430127979,0.9923466870293451,1.0,0.995670595408038,0.9928365057300684,0.9939280911459726,0.9951938555728029,0.9941535599036179,0.9945654916390944
0,6,2.1148181755831286,0.42616,5000,2.245459724355627,0.3445378151260504,833,2.242843514433303,0.3299,0.9969486693673549,0.08334602197670751,,,1.0,,1.0,0.0,0,0.09967969146245456,5,0.001,0.1,0.9932685695486207,0.9898396760441336,0.9926696080011841,0.9927391233705782,0.9934836514082868,0.995670595408038,1.0,0.9923396565910846,0.9936686924899498,0.9946948397648145,0.9922107343979226,0.9944788908654733
0,7,2.115951661699137,0.44964,5000,2.24350725279914,0.33733493397358943,833,2.242843514433303,0.3299,0.9967134401439418,0.0833263565509674,,,1.0,,1.0,0.0,0,0.09967969146245456,5,0.001,0.1,0.9964545568999791,0.98884078327308,0.9933218903818586,0.9939342100723215,0.9909679827920528,0.9928365057300684,0.9923396565910846,1.0,0.9933651923733855,0.9935155513863401,0.994685742817939,0.9919882557495128
0,8,2.1204300587344322,0.46236,5000,2.243705537584093,0.3325330132052821,833,2.242843514433303,0.3299,0.9975053853257897,0.0833925640524755,,,1.0,,1.0,0.0,0,0.09967969146245456,5,0.001,0.1,0.9926010272504087,0.9927385535029871,0.9944249700493432,0.9956297837988237,0.9918870875302958,0.9939280911459726,0.9936686924899498,0.9933651923733855,1.0,0.9953470470170014,0.9930302155156129,0.9951025700924259
0,9,2.121238342212264,0.44992,5000,2.2473362463491933,0.3241296518607443,833,2.242843514433303,0.3299,0.9976701596373077,0.08340633936890948,,,1.0,,1.0,0.0,0,0.09967969146245456,5,0.001,0.1,0.9943594216844073,0.9891628086119139,0.9952194295301686,0.9947875849732081,0.9938555878152296,0.9951938555728029,0.9946948397648145,0.9935155513863401,0.9953470470170014,1.0,0.992608256396093,0.9949498059585928
0,10,2.112263564850874,0.45416,5000,2.243416265205101,0.3133253301320528,833,2.242843514433303,0.3299,0.9966779214305915,0.08332338714687024,,,1.0,,1.0,0.0,0,0.09967969146245456,5,0.001,0.1,0.9953003052540922,0.9906310860689177,0.9942938830478777,0.9932826592330064,0.9907314611224148,0.9941535599036179,0.9922107343979226,0.994685742817939,0.9930302155156129,0.992608256396093,1.0,0.9908975654408868
0,11,2.1239050591827198,0.44172,5000,2.238031846505624,0.3241296518607443,833,2.242843514433303,0.3299,0.9971304684468557,0.08336122058275514,,,1.0,,1.0,0.0,0,0.09967969146245456,5,0.001,0.1,0.9928548933799937,0.9929616672758697,0.992951600943368,0.9942486555082617,0.9922392416751341,0.9945654916390944,0.9944788908654733,0.9919882557495128,0.9951025700924259,0.9949498059585928,0.9908975654408868,1.0
1,0,1.9361795600052851,0.51784,5000,2.1802005149700023,0.41127098321342925,834,2.1760915239778953,0.4347,0.9987117443551154,0.083348408825208,,,1.0,,1.0,0.0,0.9770653080731334,0.099862732399167,5,0.001,0.1,1.0,0.99521519882735,0.9976651496910863,0.996797469637033,0.9973468667909196,0.9974048455484308,0.9974371030236971,0.9977605363357848,0.9966793656049471,0.9973912079415422,0.9972078573049169,0.9971789801081521
1,1,1.945844372822221,0.52476,5000,2.17300424752412,0.42206235011990406,834,2.1760915239778953,0.4347,0.9975338771515865,0.08316787939806303,,,1.0,,1.0,0.0,0.9770653080731334,0.099862732399167,5,0.001,0.1,0.99521519882735,1.0,0.9953544574272613,0.9958193290478411,0.9960461879492757,0.9958984768860407,0.9955711705014466,0.9956002420698545,0.9965176485640965,0.9952372942333035,0.996154735626765,0.9965715157230197
1,2,1.9369897439980963,0.50328,5000,2.1793455282847085,0.4148681055155875,834,2.1760915239778953,0.4347,0.9987693755791397,0.08336633876022925,,,1.0,,1.0,0.0,0.9770653080731334,0.099862732399167,5,0.001,0.1,0.9976651496910863,0.9953544574272613,1.0,0.9977494221194135,0.99744389169024,0.9971618608694376,0.996261994712407,0.9974326109746148,0.9974036443970894,0.9977760529918014,0.9975743584533836,0.9969507164902213
1,3,1.9320777466342707,0.5122,5000,2.171590045646385,0.4856115107913669,834,2.1760915239778953,0.4347,0.9986489644773288,0.08335669363587445,,,1.0,,1.0,0.0,0.9770653080731334,0.099862732399167,5,0.001,0.1,0.996797469637033,0.9958193290478411,0.9977494221194135,1.0,0.9971272320759852,0.9965417670109993,0.9961308404191576,0.9978621676275828,0.9977367235227986,0.9972115558631105,0.997377125586402,0.9969795759089551
1,4,1.9345367414936139,0.53076,5000,2.179133830247102,0.43217286914765907,833,2.1760915239778953,0.4347,0.9989004053714646,0.08327121675049495,,,1.0,,1.0,0.0,0.9770653080731334,0.099862732399167,5,0.001,0.1,0.9973468667909196,0.9960461879492757,0.99744389169024,0.9971272320759852,1.0,0.997713547521487,0.9972557638282756,0.9968182793766879,0.9975129300912167,0.9983166407970862,0.9970203413359274,0.9977482194241055
1,5,1.9370177587885766,0.52292,5000,2.1737909052107067,0.46938775510204084,833,2.1760915239778953,0.4347,0.9987213861534693,0.0833784792101887,,,1.0,,1.0,0.0,0.9770653080731334,0.099862732399167,5,0.001,0.1,0.9974048455484308,0.9958984768860407,0.9971618608694376,0.9965417670109993,0.997713547521487,1.0,0.997661190190101,0.9966510291094272,0.9970273109221817,0.9978279167626456,0.9968411369297095,0.997471274503242
1,6,1.9264400623406575,0.51192,5000,2.1795067963776766,0.4369747899159664,833,2.1760915239778953,0.4347,0.9985212330539557,0.08333769800190641,,,1.0,,1.0,0.0,0.9770653080731334,0.099862732399167,5,0.001,0.1,0.9974371030236971,0.9955711705014466,0.996261994712407,0.9961308404191576,0.9972557638282756,0.997661190190101,1.0,0.9966866372642242,0.9969389029228412,0.9976304684315461,0.9970724828531353,0.9971564098650891
1,7,1.9295977496797112,0.51116,5000,2.1782444141529225,0.43217286914765907,833,2.1760915239778953,0.4347,0.9986093249635201,0.0833284817755612,,,1.0,,1.0,0.0,0.9770653080731334,0.099862732399167,5,0.001,0.1,0.9977605363357848,0.9956002420698545,0.9974326109746148,0.9978621676275828,0.9968182793766879,0.9966510291094272,0.9966866372642242,1.0,0.9972818276341785,0.9965558998189055,0.997590126857035,0.9966197824314595
1,8,1.9337334546313925,0.54512,5000,2.1775458918677435,0.43217286914765907,833,2.1760915239778953,0.4347,0.9988076862778272,0.0833754842984286,,,1.0,,1.0,0.0,0.9770653080731334,0.099862732399167,5,0.001,0.1,0.9966793656049471,0.9965176485640965,0.9974036443970894,0.9977367235227986,0.9975129300912167,0.9970273109221817,0.9969389029228412,0.9972818276341785,1.0,0.9975727919477959,0.9973982895970601,0.997166802320605
1,9,1.936658760240883,0.52928,5000,2.1844018918496593,0.4261704681872749,833,2.1760915239778953,0.4347,0.9988965733289956,0.08338680057258595,,,1.0,,1.0,0.0,0.9770653080731334,0.099862732399167,5,0.001,0.1,0.9973912079415422,0.9952372942333035,0.9977760529918014,0.9972115558631105,0.9983166407970862,0.9978279167626456,0.9976304684315461,0.9965558998189055,0.9975727919477959,1.0,0.9968623786279105,0.9979153767446589
1,10,1.9227060515409822,0.52668,5000,2.1764383669252747,0.41536614645858344,833,2.1760915239778953,0.4347,0.9986746769722068,0.08332877010075455,,,1.0,,1.0,0.0,0.9770653080731334,0.099862732399167,5,0.001,0.1,0.9972078573049169,0.996154735626765,0.9975743584533836,0.997377125586402,0.9970203413359274,0.9968411369297095,0.9970724828531353,0.997590126857035,0.9973982895970601,0.9968623786279105,1.0,0.9965449613410415
1,11,1.9392908580743584,0.5282,5000,2.170727818100541,0.4381752701080432,833,2.1760915239778953,0.4347,0.9987297658372452,0.08335374867070466,,,1.0,,1.0,0.0,0.9770653080731334,0.099862732399167,5,0.001,0.1,0.9971789801081521,0.9965715157230197,0.9969507164902213,0.9969795759089551,0.9977482194241055,0.997471274503242,0.9971564098650891,0.9966197824314595,0.997166802320605,0.9979153767446589,0.9965449613410415,1.0
2,0,1.7492256492566152,0.5536,5000,2.096225765016344,0.5011990407673861,834,2.093867720887303,0.5118,0.9989201440212802,0.08334438084365979,,,1.0,,1.0,0.0,0.9937859974005433,0.09988644052062318,5,0.001,0.1,1.0,0.9962315611929408,0.9981792949212551,0.9973013829552296,0.9978488140824893,0.9978307981034259,0.9979652060273445,0.9981371073126163,0.9971081658216364,0.9977260690277261,0.9976323748127555,0.9974654025218043
2,1,1.7590140458125219,0.56876,5000,2.0914531460514776,0.4988009592326139,834,2.093867720887303,0.5118,0.9980918627849461,0.08320695460739584,,,1.0,,1.0,0.0,0.9937859974005433,0.09988644052062318,5,0.001,0.1,0.9962315611929408,1.0,0.9966678370892441,0.99696445683031,0.9964703901292984,0.9965772309186199,0.9965165772163883,0.9964448131538199,0.9972705690325253,0.9963109672201027,0.9969631606368643,0.9970898926596847
2,2,1.7505597696182833,0.53608,5000,2.0989375202744096,0.486810551558753,834,2.093867720887303,0.5118,0.9990889550759581,0.08336082290519954,,,1.0,,1.0,0.0,0.9937859974005433,0.09988644052062318,5,0.001,0.1,0.9981792949212551,0.9966678370892441,1.0,0.9979505787162222,0.9980520413197613,0.9979756374263024,0.9973914521268068,0.9977875986163375,0.9975532949871658,0.9983933650333309,0.9978733667153488,0.9976248384703954
2,3,1.743751775231331,0.5648,5000,2.088465028338962,0.564748201438849,834,2.093867720887303,0.5118,0.9989138370680467,0.08334925732464787,,,1.0,,1.0,0.0,0.9937859974005433,0.09988644052062318,5,0.001,0.1,0.9973013829552296,0.99696445683031,0.9979505787162222,1.0,0.9978452483340802,0.9974723345599167,0.9970080499414674,0.9979723080858285,0.9979593677464579,0.9977956280054516,0.9976099634242218,0.9974722920933807
2,4,1.7448431551076804,0.57024,5000,2.098509117409035,0.5042016806722689,833,2.093867720887303,0.5118,0.9990700807343094,0.08330188755835696,,,1.0,,1.0,0.0,0.9937859974005433,0.09988644052062318,5,0.001,0.1,0.9978488140824893,0.9964703901292984,0.9980520413197613,0.9978452483340802,1.0,0.9980298620105129,0.9978458000054334,0.9975143865265717,0.9977115408846238,0.9985712257619769,0.997624349428656,0.9977110347836919
2,5,1.749754370094105,0.5696,5000,2.0913858943515353,0.5462184873949579,833,2.093867720887303,0.5118,0.998964293499081,0.08336424398900769,,,1.0,,1.0,0.0,0.9937859974005433,0.09988644052062318,5,0.001,0.1,0.9978307981034259,0.9965772309186199,0.9979756374263024,0.9974723345599167,0.9980298620105129,1.0,0.9978578811731634,0.997509257593314,0.9975058803918372,0.9981570140682574,0.9973044288144468,0.9977345232939112
2,6,1.738509806098452,0.55808,5000,2.0984116395314536,0.4921968787515006,833,2.093867720887303,0.5118,0.9988493415692605,0.08333552830348655,,,1.0,,1.0,0.0,0.9937859974005433,0.09988644052062318,5,0.001,0.1,0.9979652060273445,0.9965165772163883,0.9973914521268068,0.9970080499414674,0.9978458000054334,0.9978578811731634,1.0,0.9976984839882462,0.9974348109092006,0.9980468904961568,0.9974425389852815,0.9973706425273736
2,7,1.7421284125868681,0.55232,5000,2.0974343176241272,0.5102040816326531,833,2.093867720887303,0.5118,0.9988914008262996,0.08333123451112198,,,1.0,,1.0,0.0,0.9937859974005433,0.09988644052062318,5,0.001,0.1,0.9981371073126163,0.9964448131538199,0.9977875986163375,0.9979723080858285,0.9975143865265717,0.997509257593314,0.9976984839882462,1.0,0.997680134274244,0.9973936653401603,0.997891400196496,0.9970533091097972
2,8,1.7423629924749873,0.58184,5000,2.0963066948784723,0.5078031212484994,833,2.093867720887303,0.5118,0.9988923630244511,0.08336008623210978,,,1.0,,1.0,0.0,0.9937859974005433,0.09988644052062318,5,0.001,0.1,0.9971081658216364,0.9972705690325253,0.9975532949871658,0.9979593677464579,0.9977115408846238,0.9975058803918372,0.9974348109092006,0.997680134274244,1.0,0.9977802734880411,0.9976527461743367,0.997437634748041
2,9,1.74900685601933,0.57204,5000,2.1063156304536044,0.4969987995198079,833,2.093867720887303,0.5118,0.9990819942056723,0.08337314488906747,,,1.0,,1.0,0.0,0.9937859974005433,0.09988644052062318,5,0.001,0.1,0.9977260690277261,0.9963109672201027,0.9983933650333309,0.9977956280054516,0.9985712257619769,0.9981570140682574,0.9980468904961568,0.9973936653401603,0.9977802734880411,1.0,0.9973073797695271,0.9978824365406509
2,10,1.7332921562680772,0.567,5000,2.094220929675632,0.5066026410564226,833,2.093867720887303,0.5118,0.9988225359709771,0.08332918888027034,,,1.0,,1.0,0.0,0.9937859974005433,0.09988644052062318,5,0.001,0.1,0.9976323748127555,0.9969631606368643,0.9978733667153488,0.9976099634242218,0.997624349428656,0.9973044288144468,0.9974425389852815,0.997891400196496,0.9976527461743367,0.9973073797695271,1.0,0.9969567953058582
2,11,1.7531874374219567,0.5674,5000,2.088126946378637,0.5258103241296519,833,2.093867720887303,0.5118,0.9987842645695606,0.08334326995567612,,,1.0,,1.0,0.0,0.9937859974005433,0.09988644052062318,5,0.001,0.1,0.9974654025218043,0.9970898926596847,0.9976248384703954,0.9974722920933807,0.9977110347836919,0.9977345232939112,0.9973706425273736,0.9970533091097972,0.997437634748041,0.9978824365406509,0.9969567953058582,1.0
3,0,1.5865576974145925,0.59136,5000,1.9965231506912797,0.5467625899280576,834,1.9962148350267745,0.5531,0.9987220282696521,0.08333696351782831,,,1.0,,1.0,0.0,0.9971705545987867,0.09988195400347896,5,0.001,0.1,1.0,0.9958554297665276,0.9977809539469018,0.9968152026803013,0.9975172234139641,0.9976354383135093,0.9977559321442268,0.9977975550987995,0.9968334119553895,0.9976219154545996,0.9975617373369403,0.9973397416363352
3,1,1.5975489230672266,0.59672,5000,1.9948664020608973,0.5407673860911271,834,1.9962148350267745,0.5531,0.9979963312734368,0.08322927574172581,,,1.0,,1.0,0.0,0.9971705545987867,0.09988195400347896,5,0.001,0.1,0.9958554297665276,1.0,0.9967559452361862,0.9968065332924019,0.9964032919795982,0.9962728162390214,0.9967207703683494,0.9963659211097546,0.9968297290227857,0.9964572476150176,0.9964938321850823,0.9968627529249868
3,2,1.589510033388806,0.57636,5000,2.0033732299451477,0.5155875299760192,834,1.9962148350267745,0.5531,0.9990387356176132,0.0833572665547002,,,1.0,,1.0,0.0,0.9971705545987867,0.09988195400347896,5,0.001,0.1,0.9977809539469018,0.9967559452361862,1.0,0.9976808320410385,0.9979318589300712,0.9978666059476448,0.9974690531603906,0.9976751816777485,0.9973496482019947,0.9982745764807603,0.997998577702349,0.9975276698043619
3,3,1.5796814043051117,0.58952,5000,1.9897697810773496,0.5959232613908872,834,1.9962148350267745,0.5531,0.998728291363567,0.0833401558228904,,,1.0,,1.0,0.0,0.9971705545987867,0.09988195400347896,5,0.001,0.1,0.9968152026803013,0.9968065332924019,0.9976808320410385,1.0,0.997743444842092,0.9972227627000306,0.9968900136679893,0.9976897737769442,0.9974956805348845,0.9974988263233859,0.9973943022862555,0.9973536213720856
3,4,1.5829453462248395,0.60588,5000,2.0023355748918323,0.5522208883553421,833,1.9962148350267745,0.5531,0.9990096153181854,0.08332018858180576,,,1.0,,1.0,0.0,0.9971705545987867,0.09988195400347896,5,0.001,0.1,0.9975172234139641,0.9964032919795982,0.9979318589300712,0.997743444842092,1.0,0.997943786629188,0.997846447854991,0.9974722652169379,0.9973717108880251,0.9984342781058282,0.9976756909890301,0.997622669471654
3,5,1.5878664125302795,0.603,5000,1.9935160963623613,0.5786314525810324,833,1.9962148350267745,0.5531,0.9989380543044708,0.08335611503747704,,,1.0,,1.0,0.0,0.9971705545987867,0.09988195400347896,5,0.001,0.1,0.9976354383135093,0.9962728162390214,0.9978666059476448,0.9972227627000306,0.997943786629188,1.0,0.9978760756774122,0.9975913414042372,0.9973720006502791,0.998193291041301,0.99752847701117,0.9976008357746594
3,6,1.5751650467040432,0.59768,5000,2.0021529109389693,0.5378151260504201,833,1.9962148350267745,0.5531,0.9989385197866792,0.08333852207696642,,,1.0,,1.0,0.0,0.9971705545987867,0.09988195400347896,5,0.001,0.1,0.9977559321442268,0.9967207703683494,0.9974690531603906,0.9968900136679893,0.997846447854991,0.9978760756774122,1.0,0.9977401949320889,0.9974778979372448,0.9981586383135269,0.9976839153694412,0.9974916311650355
3,7,1.5814778550415283,0.59028,5000,2.001112558223583,0.5474189675870348,833,1.9962148350267745,0.5531,0.9988696788359065,0.08333366750346016,,,1.0,,1.0,0.0,0.9971705545987867,0.09988195400347896,5,0.001,0.1,0.9977975550987995,0.9963659211097546,0.9976751816777485,0.9976897737769442,0.9974722652169379,0.9975913414042372,0.9977401949320889,1.0,0.9974973734670772,0.9975149066022097,0.9978048107853307,0.9971357961458537
3,8,1.5776392588190213,0.6086,5000,2.000070819148311,0.5522208883553421,833,1.9962148350267745,0.5531,0.9987609942858113,0.08334785134494556,,,1.0,,1.0,0.0,0.9971705545987867,0.09988195400347896,5,0.001,0.1,0.9968334119553895,0.9968297290227857,0.9973496482019947,0.9974956805348845,0.9973717108880251,0.9973720006502791,0.9974778979372448,0.9974973734670772,1.0,0.9977812495460985,0.9975555124388897,0.9974182170023767
3,9,1.5854449233431724,0.60876,5000,2.0130793739248207,0.5354141656662665,833,1.9962148350267745,0.5531,0.9991423119412707,0.08336816489050494,,,1.0,,1.0,0.0,0.9971705545987867,0.09988195400347896,5,0.001,0.1,0.9976219154545996,0.9964572476150176,0.9982745764807603,0.9974988263233859,0.9984342781058282,0.998193291041301,0.9981586383135269,0.9975149066022097,0.9977812495460985,1.0,0.9978249621325627,0.9977916757574125
3,10,1.5707930881506318,0.59708,5000,1.9971269457428544,0.5582232893157263,833,1.9962148350267745,0.5531,0.9989018623624782,0.0833334518094192,,,1.0,,1.0,0.0,0.9971705545987867,0.09988195400347896,5,0.001,0.1,0.9975617373369403,0.9964938321850823,0.997998577702349,0.9973943022862555,0.9976756909890301,0.99752847701117,0.9976839153694412,0.9978048107853307,0.9975555124388897,0.9978249621325627,1.0,0.9971492103480213
3,11,1.5920205729022907,0.60656,5000,1.9903431203630235,0.5762304921968787,833,1.9962148350267745,0.5531,0.9987869367292626,0.08333837711827634,,,1.0,,1.0,0.0,0.9971705545987867,0.09988195400347896,5,0.001,0.1,0.9973397416363352,0.9968627529249868,0.9975276698043619,0.9973536213720856,0.997622669471654,0.9976008357746594,0.9974916311650355,0.9971357961458537,0.9974182170023767,0.9977916757574125,0.9971492103480213,1.0
4,0,1.45155229340693,0.62132,5000,1.8824915223651462,0.5863309352517986,834,1.8844579496322729,0.5901,0.998744016233425,0.08333662419529661,,,1.0,,1.0,0.0,0.9979830421378159,0.09987111077991917,5,0.001,0.1,1.0,0.9961146156719315,0.9978845538113593,0.9969482300611264,0.9973816984621446,0.9974469884978973,0.9973799267473032,0.9976719793609936,0.9963999963443646,0.9974481504693179,0.9973392717789299,0.9974637886392812
4,1,1.4628649909784839,0.61764,5000,1.884454952345954,0.5827338129496403,834,1.8844579496322729,0.5901,0.9980461191053753,0.08324806501200552,,,1.0,,1.0,0.0,0.9979830421378159,0.09987111077991917,5,0.001,0.1,0.9961146156719315,1.0,0.9968765048303525,0.9965508342958579,0.9963605099098103,0.9964498192502705,0.9965569549598591,0.9960245958191192,0.9966977466083587,0.9964789949332132,0.9965003978341109,0.9965101790277656
4,2,1.4554443202200968,0.60544,5000,1.8941723947171811,0.5599520383693045,834,1.8844579496322729,0.5901,0.9990597000586944,0.08335926263693379,,,1.0,,1.0,0.0,0.9979830421378159,0.09987111077991917,5,0.001,0.1,0.9978845538113593,0.9968765048303525,1.0,0.9976803385987951,0.9978341072817566,0.9977979187060845,0.9972992927499904,0.9974518313457421,0.9970209262247853,0.9979572144330584,0.9979193454740662,0.9975405205478529
4,3,1.4450570757222023,0.60848,5000,1.8768504460652669,0.6223021582733813,834,1.8844579496322729,0.5901,0.9986638119261116,0.08333599321881606,,,1.0,,1.0,0.0,0.9979830421378159,0.09987111077991917,5,0.001,0.1,0.9969482300611264,0.9965508342958579,0.9976803385987951,1.0,0.9975024719030839,0.9971233792400719,0.9966383507238488,0.9975066692784612,0.9971782616764295,0.9971654722877746,0.9971788684826217,0.9970457607908044
4,4,1.4463899558516824,0.62824,5000,1.8917419115702312,0.5990396158463386,833,1.8844579496322729,0.5901,0.9988881151971485,0.08333098832449864,,,1.0,,1.0,0.0,0.9979830421378159,0.09987111077991917,5,0.001,0.1,0.9973816984621446,0.9963605099098103,0.9978341072817566,0.9975024719030839,1.0,0.9977315276136799,0.9974471767919747,0.99722480135942,0.9968796189997507,0.9980314675832158,0.9974146672113492,0.9973985111913889
4,5,1.4524086045611435,0.62592,5000,1.8818698105988678,0.6278511404561825,833,1.8844579496322729,0.5901,0.9988460858780159,0.0833516622960367,,,1.0,,1.0,0.0,0.9979830421378159,0.09987111077991917,5,0.001,0.1,0.9974469884978973,0.9964498192502705,0.9977979187060845,0.9971233792400719,0.9977315276136799,1.0,0.9974601312134735,0.9973958809922325,0.9970023176063928,0.9976569171527522,0.9972528075727253,0.9973844754161336
4,6,1.439943347994689,0.62524,5000,1.891864948802524,0.5738295318127251,833,1.8844579496322729,0.5901,0.9987250746624466,0.08333696859464229,,,1.0,,1.0,0.0,0.9979830421378159,0.09987111077991917,5,0.001,0.1,0.9973799267473032,0.9965569549598591,0.9972992927499904,0.9966383507238488,0.9974471767919747,0.9974601312134735,1.0,0.9972658644620291,0.9970680955904083,0.9977081156869825,0.9971842641379062,0.9972445140286111
4,7,1.4466222330263465,0.61712,5000,1.8905530064194291,0.5726290516206483,833,1.8844579496322729,0.5901,0.9987160465768375,0.08333370035159476,,,1.0,,1.0,0.0,0.9979830421378159,0.09987111077991917,5,0.001,0.1,0.9976719793609936,0.9960245958191192,0.9974518313457421,0.9975066692784612,0.99722480135942,0.9973958809922325,0.9972658644620291,1.0,0.9970610183920832,0.9971369049122645,0.9973377928302869,0.9970667504873312
4,8,1.4404619734758024,0.6306,5000,1.8900367816289265,0.5726290516206483,833,1.8844579496322729,0.5901,0.9984720651289106,0.08333452371533184,,,1.0,,1.0,0.0,0.9979830421378159,0.09987111077991917,5,0.001,0.1,0.9963999963443646,0.9966977466083587,0.9970209262247853,0.9971782616764295,0.9968796189997507,0.9970023176063928,0.9970680955904083,0.9970610183920832,1.0,0.9969255377366206,0.9971259965641109,0.9968612833633477
4,9,1.4496044222716313,0.62544,5000,1.9059908478348344,0.5822328931572629,833,1.8844579496322729,0.5901,0.9989051696022063,0.08336095825471222,,,1.0,,1.0,0.0,0.9979830421378159,0.09987111077991917,5,0.001,0.1,0.9974481504693179,0.9964789949332132,0.9979572144330584,0.9971654722877746,0.9980314675832158,0.9976569171527522,0.9977081156869825,0.9971369049122645,0.9969255377366206,1.0,0.997316216821919,0.9975849442985617
4,10,1.4357000942442828,0.62276,5000,1.886312965993528,0.5894357743097239,833,1.8844579496322729,0.5901,0.9987525975009544,0.08333474773669124,,,1.0,,1.0,0.0,0.9979830421378159,0.09987111077991917,5,0.001,0.1,0.9973392717789299,0.9965003978341109,0.9979193454740662,0.9971788684826217,0.9974146672113492,0.9972528075727253,0.9971842641379062,0.9973377928302869,0.9971259965641109,0.997316216821919,1.0,0.997013006255747
4,11,1.4574991182157189,0.62396,5000,1.8787440326478746,0.6122448979591837,833,1.8844579496322729,0.5901,0.9987134851707834,0.0833365056634403,,,1.0,,1.0,0.0,0.9979830421378159,0.09987111077991917,5,0.001,0.1,0.9974637886392812,0.9965101790277656,0.9975405205478529,0.9970457607908044,0.9973985111913889,0.9973844754161336,0.9972445140286111,0.9970667504873312,0.9968612833633477,0.9975849442985617,0.997013006255747,1.0
5,0,1.341026665906238,0.63684,5000,1.7573379940456815,0.6270983213429256,834,1.7615092471003913,0.6267,0.9984195050254,0.08333137585163371,,,1.0,,1.0,0.0,0.9983558104888208,0.09985427594878109,5,0.001,0.1,1.0,0.9955047126594608,0.9973375734078583,0.9963964104640737,0.9966944555757113,0.9969153454414371,0.9970630527794265,0.997049224278743,0.9959790331031992,0.9969634326290059,0.996732171640454,0.996937735522498
5,1,1.350498891332347,0.62932,5000,1.7630094996205083,0.617505995203837,834,1.7615092471003913,0.6267,0.9978331499818048,0.08325814165050771,,,1.0,,1.0,0.0,0.9983558104888208,0.09985427594878109,5,0.001,0.1,0.9955047126594608,1.0,0.9965498579004444,0.9960440515862489,0.9957967502688116,0.996129960937361,0.9964328763139674,0.9957056947628976,0.9962634899713683,0.9963177744159749,0.9958909856308201,0.9959164639281887
5,2,1.34376549007027,0.61992,5000,1.7742397299519292,0.5935251798561151,834,1.7615092471003913,0.6267,0.9988902482319225,0.08336045269321743,,,1.0,,1.0,0.0,0.9983558104888208,0.09985427594878109,5,0.001,0.1,0.9973375734078583,0.9965498579004444,1.0,0.997312856244229,0.9972077396998243,0.9975573353766574,0.997257559294911,0.997025181396755,0.9966087200743894,0.9979518441506484,0.9974661619684887,0.996938837646637
5,3,1.3318277429623209,0.62912,5000,1.7525214221742418,0.645083932853717,834,1.7615092471003913,0.6267,0.9985030955991433,0.08333368689795131,,,1.0,,1.0,0.0,0.9983558104888208,0.09985427594878109,5,0.001,0.1,0.9963964104640737,0.9960440515862489,0.997312856244229,1.0,0.997116653452534,0.996927695308472,0.9963999850333136,0.997042523783405,0.9967411996923147,0.9971004481872088,0.9968018379457347,0.996691687736529
5,4,1.3344875196742405,0.64324,5000,1.76961585327431,0.6458583433373349,833,1.7615092471003913,0.6267,0.9985995468969763,0.08333373073899931,,,1.0,,1.0,0.0,0.9983558104888208,0.09985427594878109,5,0.001,0.1,0.9966944555757113,0.9957967502688116,0.9972077396998243,0.997116653452534,1.0,0.9973245313433576,0.9971722892995357,0.9965827531444963,0.9965570366322938,0.9976426150633558,0.9969345291461261,0.9967013673311287
5,5,1.3407398385606755,0.64532,5000,1.7590847236138802,0.6518607442977191,833,1.7615092471003913,0.6267,0.9987292276476014,0.08335059464620385,,,1.0,,1.0,0.0,0.9983558104888208,0.09985427594878109,5,0.001,0.1,0.9969153454414371,0.996129960937361,0.9975573353766574,0.996927695308472,0.9973245313433576,1.0,0.9972930507629805,0.996879701699853,0.9967240976679445,0.9976099399043183,0.9969947810339622,0.9969277402302298
5,6,1.3286611792388237,0.64148,5000,1.770404409479212,0.6302521008403361,833,1.7615092471003913,0.6267,0.998730730865031,0.08334163226420827,,,1.0,,1.0,0.0,0.9983558104888208,0.09985427594878109,5,0.001,0.1,0.9970630527794265,0.9964328763139674,0.997257559294911,0.9963999850333136,0.9971722892995357,0.9972930507629805,1.0,0.9971846588855158,0.9970884990506768,0.9976580374935935,0.9968819878759486,0.9968710642312959
5,7,1.3351633742356757,0.6336,5000,1.7686209148830838,0.6062424969987995,833,1.7615092471003913,0.6267,0.9985106440944779,0.08333252443631177,,,1.0,,1.0,0.0,0.9983558104888208,0.09985427594878109,5,0.001,0.1,0.997049224278743,0.9957056947628976,0.997025181396755,0.997042523783405,0.9965827531444963,0.996879701699853,0.9971846588855158,1.0,0.9969037650374538,0.996906053093197,0.9968520073283232,0.996534063562379
5,8,1.3259202278343736,0.64432,5000,1.7692263082221702,0.6086434573829532,833,1.7615092471003913,0.6267,0.9983936257978449,0.08332925244903262,,,1.0,,1.0,0.0,0.9983558104888208,0.09985427594878109,5,0.001,0.1,0.9959790331031992,0.9962634899713683,0.9966087200743894,0.9967411996923147,0.9965570366322938,0.9967240976679445,0.9970884990506768,0.9969037650374538,1.0,0.9970940568449259,0.9966463613519476,0.9966578902612101
5,9,1.3363481764580794,0.63772,5000,1.7879384888543024,0.6122448979591837,833,1.7615092471003913,0.6267,0.9989174144540685,0.08336236935380485,,,1.0,,1.0,0.0,0.9983558104888208,0.09985427594878109,5,0.001,0.1,0.9969634326290059,0.9963177744159749,0.9979518441506484,0.9971004481872088,0.9976426150633558,0.9976099399043183,0.9976580374935935,0.996906053093197,0.9970940568449259,1.0,0.9972747372744322,0.9970199670908515
5,10,1.324100729386518,0.63804,5000,1.764724329665855,0.6410564225690276,833,1.7615092471003913,0.6267,0.9985458477555385,0.08333430298730946,,,1.0,,1.0,0.0,0.9983558104888208,0.09985427594878109,5,0.001,0.1,0.996732171640454,0.9958909856308201,0.9974661619684887,0.9968018379457347,0.9969345291461261,0.9969947810339622,0.9968819878759486,0.9968520073283232,0.9966463613519476,0.9972747372744322,1.0,0.9966118033634593
5,11,1.3459971891846627,0.64156,5000,1.7563864125145807,0.6410564225690276,833,1.7615092471003913,0.6267,0.9984391128891081,0.08333193603081979,,,1.0,,1.0,0.0,0.9983558104888208,0.09985427594878109,5,0.001,0.1,0.996937735522498,0.9959164639281887,0.996938837646637,0.996691687736529,0.9967013673311287,0.9969277402302298,0.9968710642312959,0.996534063562379,0.9966578902612101,0.9970199670908515,0.9966118033634593,1.0
6,0,1.2458892769874281,0.65088,5000,1.6253491242726643,0.6510791366906474,834,1.6316198373374087,0.6509,0.9981653036245229,0.08333020548140328,,,1.0,,1.0,0.0,0.9984884148397632,0.09982251047321575,5,0.001,0.1,1.0,0.9946631044655077,0.9967996389684964,0.9959394729333543,0.9959579066165885,0.9963307063455559,0.9962937188735684,0.9965451672624936,0.9954821547634615,0.9963464389208265,0.9959390063494666,0.996424948996374
6,1,1.257244910404181,0.64112,5000,1.6347345378663805,0.645083932853717,834,1.6316198373374087,0.6509,0.997432194622062,0.08326162420403989,,,1.0,,1.0,0.0,0.9984884148397632,0.09982251047321575,5,0.001,0.1,0.9946631044655077,1.0,0.9957179805723133,0.9951431037789968,0.9950426986824744,0.9954952672911599,0.9957064062026074,0.9949046828388312,0.9954932794043241,0.9956110577895282,0.9950495509609144,0.995118949696758
6,2,1.2511160571104403,0.63976,5000,1.6474688229737458,0.617505995203837,834,1.6316198373374087,0.6509,0.9985396847214694,0.08336012413790186,,,1.0,,1.0,0.0,0.9984884148397632,0.09982251047321575,5,0.001,0.1,0.9967996389684964,0.9957179805723133,1.0,0.996584227625204,0.9967553187036735,0.9968376452793721,0.9965149465249131,0.9961546033448794,0.9958186835440251,0.9972351968377707,0.9964682008916071,0.996319817936755
6,3,1.2390858628947263,0.64396,5000,1.6211047878971807,0.6714628297362111,834,1.6316198373374087,0.6509,0.9981784402044205,0.08333204695505293,,,1.0,,1.0,0.0,0.9984884148397632,0.09982251047321575,5,0.001,0.1,0.9959394729333543,0.9951431037789968,0.996584227625204,1.0,0.9966833898963348,0.996470952144537,0.9956732009397623,0.9964342435956188,0.9957762718559277,0.9964909795670163,0.9958189285283876,0.9958652277225908
6,4,1.2411192402718174,0.6598,5000,1.6399980518552992,0.6614645858343338,833,1.6316198373374087,0.6509,0.9983203239734278,0.08333665388654012,,,1.0,,1.0,0.0,0.9984884148397632,0.09982251047321575,5,0.001,0.1,0.9959579066165885,0.9950426986824744,0.9967553187036735,0.9966833898963348,1.0,0.9967953061628732,0.9964972818314212,0.9960734741049978,0.995732595674903,0.9969597480475001,0.9960029053367039,0.9960784918232345
6,5,1.2474541667160715,0.65824,5000,1.629586727530868,0.6758703481392557,833,1.6316198373374087,0.6509,0.9984879155620695,0.08335240683369308,,,1.0,,1.0,0.0,0.9984884148397632,0.09982251047321575,5,0.001,0.1,0.9963307063455559,0.9954952672911599,0.9968376452793721,0.996470952144537,0.9967953061628732,1.0,0.9967556501609054,0.9964950720714733,0.9961198143641605,0.9968144202420245,0.996300474471918,0.9961711271208838
6,6,1.2343126231697714,0.65628,5000,1.6419999113789312,0.6470588235294118,833,1.6316198373374087,0.6509,0.9983971794670806,0.08334398100071524,,,1.0,,1.0,0.0,0.9984884148397632,0.09982251047321575,5,0.001,0.1,0.9962937188735684,0.9957064062026074,0.9965149465249131,0.9956732009397623,0.9964972818314212,0.9967556501609054,1.0,0.9967485373505259,0.9960555365722144,0.9971548173887983,0.9960619374066106,0.9960380312750055
6,7,1.2417540319406304,0.64976,5000,1.6393509573406644,0.6326530612244898,833,1.6316198373374087,0.6509,0.9982893004900567,0.08333491258576696,,,1.0,,1.0,0.0,0.9984884148397632,0.09982251047321575,5,0.001,0.1,0.9965451672624936,0.9949046828388312,0.9961546033448794,0.9964342435956188,0.9960734741049978,0.9964950720714733,0.9967485373505259,1.0,0.9962375332822336,0.9965063324668858,0.9960681969331407,0.99604001448244
6,8,1.2307748178008255,0.65896,5000,1.6419558701691803,0.6458583433373349,833,1.6316198373374087,0.6509,0.9980299184075971,0.08332453287842821,,,1.0,,1.0,0.0,0.9984884148397632,0.09982251047321575,5,0.001,0.1,0.9954821547634615,0.9954932794043241,0.9958186835440251,0.9957762718559277,0.995732595674903,0.9961198143641605,0.9960555365722144,0.9962375332822336,1.0,0.9965051512466271,0.9958560510339945,0.9960246424705609
6,9,1.2419620135027891,0.656,5000,1.6630373928281996,0.6374549819927972,833,1.6316198373374087,0.6509,0.9986491558074299,0.08336483342643414,,,1.0,,1.0,0.0,0.9984884148397632,0.09982251047321575,5,0.001,0.1,0.9963464389208265,0.9956110577895282,0.9972351968377707,0.9964909795670163,0.9969597480475001,0.9968144202420245,0.9971548173887983,0.9965063324668858,0.9965051512466271,1.0,0.996389004011264,0.9965042455170062
6,10,1.230951311481986,0.64952,5000,1.6364292612782232,0.6650660264105642,833,1.6316198373374087,0.6509,0.9980790026519764,0.08332921494937291,,,1.0,,1.0,0.0,0.9984884148397632,0.09982251047321575,5,0.001,0.1,0.9959390063494666,0.9950495509609144,0.9964682008916071,0.9958189285283876,0.9960029053367039,0.996300474471918,0.9960619374066106,0.9960681969331407,0.9958560510339945,0.996389004011264,1.0,0.9957345654757447
6,11,1.2525168093906087,0.65652,5000,1.6272019280327692,0.6602641056422569,833,1.6316198373374087,0.6509,0.9981316795773835,0.08332946366065128,,,1.0,,1.0,0.0,0.9984884148397632,0.09982251047321575,5,0.001,0.1,0.996424948996374,0.995118949696758,0.996319817936755,0.9958652277225908,0.9960784918232345,0.9961711271208838,0.9960380312750055,0.99604001448244,0.9960246424705609,0.9965042455170062,0.9957345654757447,1.0
7,0,1.1670461782983914,0.66228,5000,1.4921398118690208,0.6630695443645084,834,1.5004305211118996,0.6617,0.9978168852771157,0.08333110918137925,,,1.0,,1.0,0.0,0.998454192490912,0.09978264529088787,5,0.001,0.1,1.0,0.9938101589839965,0.9962628152248747,0.9947523712712538,0.9949801694037398,0.995642513607776,0.9956254152854473,0.9956798157257065,0.9942759560257244,0.9957130300945473,0.9951973472847084,0.9958356464297178
7,1,1.179632779139622,0.65344,5000,1.505038164280079,0.6642685851318945,834,1.5004305211118996,0.6617,0.9969371039565489,0.08326063615565354,,,1.0,,1.0,0.0,0.998454192490912,0.09978264529088787,5,0.001,0.1,0.9938101589839965,1.0,0.9951541180237442,0.9939339142967327,0.9938386149601027,0.9946190555750407,0.9950473185178603,0.9936973953819099,0.9942659145546715,0.9949108697895731,0.9939991353765519,0.9939703003072045
7,2,1.1717409045832932,0.65044,5000,1.5196222552546748,0.6366906474820144,834,1.5004305211118996,0.6617,0.998384552223917,0.08336778912247396,,,1.0,,1.0,0.0,0.998454192490912,0.09978264529088787,5,0.001,0.1,0.9962628152248747,0.9951541180237442,1.0,0.9959276290372879,0.9961019011563812,0.9964172426312928,0.9960330866739164,0.9954463797919025,0.9948477051383048,0.9967191642160675,0.9960101620155026,0.9956515073168378
7,3,1.159629389434863,0.65736,5000,1.4881720322149772,0.6726618705035972,834,1.5004305211118996,0.6617,0.9976337435293692,0.08332632600357147,,,1.0,,1.0,0.0,0.998454192490912,0.09978264529088787,5,0.001,0.1,0.9947523712712538,0.9939339142967327,0.9959276290372879,1.0,0.9956327279346942,0.9953432714187376,0.9947904311966632,0.9956165011132487,0.9946995715866987,0.9954056773914701,0.9946586252893658,0.9948219297863582
7,4,1.1604848245906223,0.66676,5000,1.5084041047979284,0.6710684273709484,833,1.5004305211118996,0.6617,0.9978761675121576,0.08333697869854634,,,1.0,,1.0,0.0,0.998454192490912,0.09978264529088787,5,0.001,0.1,0.9949801694037398,0.9938386149601027,0.9961019011563812,0.9956327279346942,1.0,0.9959001081442876,0.9958022519104838,0.9952392406419919,0.994554998046717,0.9962610185590736,0.9950093988072838,0.995164060141692
7,5,1.1678553624517598,0.6676,5000,1.498673880541766,0.6794717887154862,833,1.5004305211118996,0.6617,0.9981052525068975,0.08335403792308521,,,1.0,,1.0,0.0,0.998454192490912,0.09978264529088787,5,0.001,0.1,0.995642513607776,0.9946190555750407,0.9964172426312928,0.9953432714187376,0.9959001081442876,1.0,0.9960449138028459,0.9955625590704642,0.9950473615890489,0.9960953383310869,0.995246805644328,0.9953082763634513
7,6,1.1560673627883766,0.6688,5000,1.5120914158997711,0.6614645858343338,833,1.5004305211118996,0.6617,0.9981444123799419,0.08335013363946463,,,1.0,,1.0,0.0,0.998454192490912,0.09978264529088787,5,0.001,0.1,0.9956254152854473,0.9950473185178603,0.9960330866739164,0.9947904311966632,0.9958022519104838,0.9960449138028459,1.0,0.9958929504726984,0.995347102345782,0.9965022983305857,0.9952579077389508,0.9953534272143553
7,7,1.1634828053462278,0.66304,5000,1.5080728619186967,0.6446578631452581,833,1.5004305211118996,0.6617,0.9978337031842223,0.08333453958034664,,,1.0,,1.0,0.0,0.998454192490912,0.09978264529088787,5,0.001,0.1,0.9956798157257065,0.9936973953819099,0.9954463797919025,0.9956165011132487,0.9952392406419919,0.9955625590704642,0.9958929504726984,1.0,0.9952432151746067,0.9954669562009741,0.9951482695925551,0.9949833935926968
7,8,1.1496213772494321,0.67268,5000,1.5140910281075373,0.65906362545018,833,1.5004305211118996,0.6617,0.9974795721333145,0.08331673926451089,,,1.0,,1.0,0.0,0.998454192490912,0.09978264529088787,5,0.001,0.1,0.9942759560257244,0.9942659145546715,0.9948477051383048,0.9946995715866987,0.994554998046717,0.9950473615890489,0.995347102345782,0.9952432151746067,1.0,0.9956808287495532,0.9948869293985618,0.9948880824533703
