round,client_id,client_i_training_loss,client_i_training_accuracy,client_i_training_dataset_size,client_i_evaluation_loss,client_i_evaluation_accuracy,client_i_evaluation_dataset_size,client_i_central_evaluation_loss,client_i_central_evaluation_accuracy,client_i_cosine_similarity,client_i_importance_coefficient,client_i_tanh_val,tanh_normalization_value,client_i_q,client_i_mask_order,client_i_v_nonzero_fraction,client_i_v_sparsity,client_i_v_cosine_similarity,client_i_reward_gradient_norm,local_epochs,learning_rate,gamma,client_0_cosine_similarity,client_1_cosine_similarity,client_2_cosine_similarity,client_3_cosine_similarity,client_4_cosine_similarity,client_5_cosine_similarity,client_6_cosine_similarity,client_7_cosine_similarity,client_8_cosine_similarity,client_9_cosine_similarity,client_10_cosine_similarity,client_11_cosine_similarity
0,0,2.296908546939041,0.14223662107031437,4167,2.2963362080710277,0.14388489208633093,834,2.2991512153722065,0.1424,0.967049495513241,0.08433130842934371,,,0.8827461625462745,,0.882796124837022,0.11720387516297803,0,0.14333937319229714,10,0.025,0.15,1.0,0.8851179177202955,0.9241484147225738,0.9325422372612082,0.9270018869327498,0.9038209790460476,0.9521332661883783,0.910449848851335,0.9032720527183011,0.9077722994552649,0.9219546557159752,0.9211892491190642
0,1,2.2988933086395265,0.15056395488360932,4167,2.297150100980486,0.1486810551558753,834,2.2991570883159396,0.1425,0.9463498823338354,0.08252620385972277,,,0.706565234572149,,0.7066148437886814,0.29338515621131855,0,0.1432901172487202,10,0.025,0.15,0.8851179177202955,1.0,0.8688361382119973,0.9305512297752996,0.8890144074106059,0.9238759775977026,0.8724894843446293,0.8521079027800902,0.8974090876210573,0.9165909761263508,0.9049627392777957,0.9110921866121675
0,2,2.2982501167239566,0.14370050395968323,4167,2.3005193982805525,0.13189448441247004,834,2.2991529989846144,0.1423,0.9544675593235175,0.08323410384325292,,,0.7756573404313676,,0.7757010117014078,0.22429898829859218,0,0.14332329738230254,10,0.025,0.15,0.9241484147225738,0.8688361382119973,1.0,0.9364881319852653,0.8713410785296272,0.9125149732579704,0.9127061915272239,0.9320548516196238,0.8717956878256162,0.8549205220005408,0.9194529835129993,0.9408588473474835
0,3,2.2980937083562214,0.14036477081833454,4167,2.2994932447160994,0.13908872901678657,834,2.2991510735282414,0.1424,0.9773010062894575,0.08522528885242124,,,0.9699999999023985,,0.9700285520951957,0.029971447904804327,0,0.14334079265527114,10,0.025,0.15,0.9325422372612082,0.9305512297752996,0.9364881319852653,1.0,0.9132602639478711,0.9348168427588013,0.9164043048331503,0.9212120621551014,0.9270995616097054,0.9171413987864284,0.9470971002183899,0.9303532589992112
0,4,2.2967589089364715,0.12982961363090953,4167,2.300701856613159,0.13565426170468187,833,2.299153234385237,0.1425,0.9535279140442979,0.08315216231262426,,,0.7676597234795651,,0.7677130266871317,0.2322869733128683,0,0.1433210013991657,10,0.025,0.15,0.9270018869327498,0.8890144074106059,0.8713410785296272,0.9132602639478711,1.0,0.8750824728166058,0.903779453412341,0.90041577242261,0.9356224113324888,0.8872879569045208,0.9211963285746149,0.9103576776189171
0,5,2.2978211850831003,0.12548596112311014,4167,2.302314451762608,0.1404561824729892,833,2.2991539194614075,0.1423,0.9518280778326387,0.08300392852261672,,,0.7531918820480104,,0.7532389298740737,0.2467610701259263,0,0.1433158124764168,10,0.025,0.15,0.9038209790460476,0.9238759775977026,0.9125149732579704,0.9348168427588013,0.8750824728166058,1.0,0.8639456406558955,0.8749882990486397,0.8934672300321037,0.9123346742833189,0.9118271114624684,0.9081877258163971
0,6,2.296640885959972,0.1247900167986561,4167,2.296233688082014,0.1368547418967587,833,2.2991726700263686,0.1424,0.9454104287546842,0.08244427904625042,,,0.6985692492400096,,0.6986021026225017,0.30139789737749834,0,0.1432109905494535,10,0.025,0.15,0.9521332661883783,0.8724894843446293,0.9127061915272239,0.9164043048331503,0.903779453412341,0.8639456406558955,1.0,0.8965331026199997,0.8641781044724822,0.8539154089479918,0.8826787675050419,0.9224865895865114
0,7,2.2969165975397283,0.12390208783297336,4167,2.2987824167524065,0.13925570228091236,833,2.2991561950007573,0.1425,0.9477207953362383,0.08264575398385998,,,0.7182335069616752,,0.7182749913353468,0.2817250086646532,0,0.14329754584393323,10,0.025,0.15,0.910449848851335,0.8521079027800902,0.9320548516196238,0.9212120621551014,0.90041577242261,0.8749882990486397,0.8965331026199997,1.0,0.9296437342479523,0.8306787086188242,0.9084560061452992,0.9112150957869215
0,8,2.297202879732305,0.13062890062409985,4166,2.2973693098340715,0.15126050420168066,833,2.2991537444199186,0.1423,0.9522282269500546,0.08303882342592321,,,0.7565976772299462,,0.7566387747355218,0.24336122526447823,0,0.1433169532265134,10,0.025,0.15,0.9032720527183011,0.8974090876210573,0.8717956878256162,0.9270995616097054,0.9356224113324888,0.8934672300321037,0.8641781044724822,0.9296437342479523,1.0,0.8819024835376027,0.9183484325865781,0.8967284547498594
0,9,2.296599205334981,0.1227796447431589,4166,2.2999673570905412,0.1368547418967587,833,2.2991794211955012,0.1425,0.939703995696107,0.08194665098426702,,,0.65,,0.6500140284860788,0.3499859715139212,0,0.14315983009108868,10,0.025,0.15,0.9077722994552649,0.9165909761263508,0.8549205220005408,0.9171413987864284,0.8872879569045208,0.9123346742833189,0.8539154089479918,0.8306787086188242,0.8819024835376027,1.0,0.9312027817969679,0.8821124377793726
0,10,2.2980428435585716,0.15091214594335092,4166,2.2994254997798373,0.14405762304921968,833,2.2991512395158598,0.1424,0.967259619410033,0.08434963223100117,,,0.8845345932191322,,0.884595071875361,0.11540492812463898,0,0.1433394538893174,10,0.025,0.15,0.9219546557159752,0.9049627392777957,0.9194529835129993,0.9470971002183899,0.9211963285746149,0.9118271114624684,0.8826787675050419,0.9084560061452992,0.9183484325865781,0.9312027817969679,1.0,0.9246640536022439
0,11,2.2979448072838062,0.12047527604416707,4166,2.300099883760725,0.15966386554621848,833,2.2991511912285527,0.1423,0.964418401180382,0.08410186450871658,,,0.8603520899067059,,0.86039180736413,0.13960819263587,0,0.14333802419736308,10,0.025,0.15,0.9211892491190642,0.9110921866121675,0.9408588473474835,0.9303532589992112,0.9103576776189171,0.9081877258163971,0.9224865895865114,0.9112150957869215,0.8967284547498594,0.8821124377793726,0.9246640536022439,1.0
1,0,2.236538527951096,0.19558435325173987,4167,2.2872496332441057,0.19424460431654678,834,2.2902277692963806,0.188,0.9919066849624103,0.08400643981404442,,,0.8861675661470519,,0.8862124737997392,0.11378752620026078,0.7389700501789728,0.1485091299527551,10,0.025,0.15,1.0,0.975977396953227,0.9812644805262765,0.9812960403291555,0.9804605884425817,0.9792417279084249,0.9870171556509729,0.9774091991558873,0.9774661736072641,0.9792292853535435,0.9818312391700633,0.9834881090512838
1,1,2.23911015698404,0.19848812095032398,4167,2.2888006142207553,0.18585131894484413,834,2.2902501776248596,0.1878,0.9890268370952735,0.08280256514527334,,,0.7046483968278704,,0.7046921159908237,0.2953078840091763,0.7386865264116683,0.14839807346783784,10,0.025,0.15,0.975977396953227,1.0,0.9737854773683946,0.9786341788960072,0.9778438347057046,0.9801203516082947,0.968458836402987,0.9698177570910934,0.9839707838703495,0.9811014924904288,0.9818863584212063,0.9792703751217267
1,2,2.2394594669342043,0.18406527477801776,4167,2.2922403471810475,0.16906474820143885,834,2.290233002433294,0.1875,0.9903796823545868,0.08328191984539234,,,0.7769250791370576,,0.7769635754484989,0.22303642455150108,0.7389944868220896,0.14846704079663334,10,0.025,0.15,0.9812644805262765,0.9737854773683946,1.0,0.9817666008244362,0.9739907227970728,0.9797467790450285,0.9800351281899136,0.9835147664425474,0.9728381224826083,0.9750630275866862,0.9798816447268954,0.9847570462919615
1,3,2.232591070550861,0.19702423806095512,4167,2.289755480630057,0.18705035971223022,834,2.2902239666709416,0.1882,0.9920907285409345,0.08456243477443347,,,0.9699999998492208,,0.9700285520951957,0.029971447904804327,0.7392478929888703,0.14851458310456028,10,0.025,0.15,0.9812960403291555,0.9786341788960072,0.9817666008244362,1.0,0.9809400617661634,0.9762056390386864,0.9809064792956315,0.979396217944844,0.9819944604277082,0.9813830535539344,0.9818412726972827,0.9823323456373702
1,4,2.2274180610974628,0.19642428605711543,4167,2.2917360237666538,0.1788715486194478,833,2.2902336150785034,0.1875,0.9899684669594291,0.08321818792347806,,,0.7673156357081963,,0.7673581885098447,0.23264181149015528,0.7389039121458468,0.14846243388466765,10,0.025,0.15,0.9804605884425817,0.9778438347057046,0.9739907227970728,0.9809400617661634,1.0,0.9754903107427071,0.9756914253443606,0.9744589907925176,0.9862327177744693,0.9769535091504904,0.9786402135158423,0.9811383987394234
1,5,2.2349620363929055,0.18480921526277896,4167,2.2929024696350098,0.18967587034813926,833,2.2902385735813575,0.1879,0.9886801586899205,0.0830852663091309,,,0.7472738309865392,,0.7473057054678087,0.2526942945321913,0.7389499374251861,0.14843216758051295,10,0.025,0.15,0.9792417279084249,0.9801203516082947,0.9797467790450285,0.9762056390386864,0.9754903107427071,1.0,0.970419782312952,0.9732916197261248,0.9768229824653175,0.9780198086288132,0.9776588695346379,0.9796551373407242
1,6,2.2361306869622433,0.19640028797696185,4167,2.286888974053519,0.18607442977190877,833,2.2902560566045063,0.1854,0.9876861986608877,0.08270874657179315,,,0.6905025143979171,,0.6905563532537836,0.3094436467462164,0.7424168070078676,0.14837167799627365,10,0.025,0.15,0.9870171556509729,0.968458836402987,0.9800351281899136,0.9809064792956315,0.9756914253443606,0.970419782312952,1.0,0.9755659186453517,0.9694490553912936,0.9704003554296106,0.9742991817346455,0.9823886087944387
1,7,2.2425355607813056,0.18773698104151668,4167,2.2898427418300082,0.18127250900360145,833,2.2902472170093393,0.1878,0.9879813967048301,0.082842266339966,,,0.7106345082301031,,0.7106748527008961,0.28932514729910386,0.738711261808494,0.14840363827212721,10,0.025,0.15,0.9774091991558873,0.9698177570910934,0.9835147664425474,0.979396217944844,0.9744589907925176,0.9732916197261248,0.9755659186453517,1.0,0.9758611756719496,0.9697809916663652,0.9786760981744246,0.9804595129451685
1,8,2.239695893273209,0.20168026884301488,4166,2.2885001386914934,0.20168067226890757,833,2.290233334408531,0.1876,0.9903177670653623,0.08315976560356249,,,0.75850676942347,,0.7585532504827449,0.2414467495172551,0.7390039196619516,0.14845808555344805,10,0.025,0.15,0.9774661736072641,0.9839707838703495,0.9728381224826083,0.9819944604277082,0.9862327177744693,0.9768229824653175,0.9694490553912936,0.9758611756719496,1.0,0.9799075280775527,0.9827546805060192,0.9787530180072834
1,9,2.2239155653751257,0.1987037926068171,4166,2.2909501620701382,0.1788715486194478,833,2.2902787003336074,0.1855,0.9888458356010138,0.08244012507419557,,,0.65,,0.6500140284860788,0.3499859715139212,0.7421455132586753,0.1482891566996237,10,0.025,0.15,0.9792292853535435,0.9811014924904288,0.9750630275866862,0.9813830535539344,0.9769535091504904,0.9780198086288132,0.9704003554296106,0.9697809916663652,0.9799075280775527,1.0,0.9797989210126182,0.9771507773406987
1,10,2.2298085877389617,0.18912626020163226,4166,2.2903738021850586,0.19447779111644659,833,2.2902277783502507,0.188,0.9915423543016121,0.08400591591787669,,,0.8860885735412252,,0.8861299532933934,0.11387004670660661,0.7389615514241833,0.14850912972285307,10,0.025,0.15,0.9818312391700633,0.9818863584212063,0.9798816447268954,0.9818412726972827,0.9786402135158423,0.9776588695346379,0.9742991817346455,0.9786760981744246,0.9827546805060192,0.9797989210126182,1.0,0.9830204920743498
1,11,2.2370000557465985,0.18960633701392224,4166,2.2913172245025635,0.19207683073229292,833,2.2902276093446754,0.1883,0.9925581429189437,0.08388636668085343,,,0.8680630441733252,,0.8681074747074649,0.13189252529253515,0.7389221586949368,0.14850437206297148,10,0.025,0.15,0.9834881090512838,0.9792703751217267,0.9847570462919615,0.9823323456373702,0.9811383987394234,0.9796551373407242,0.9823886087944387,0.9804595129451685,0.9787530180072834,0.9771507773406987,0.9830204920743498,1.0
2,0,2.142509390007366,0.2185505159587233,4167,2.2730492183140347,0.22541966426858512,834,2.2762897225874887,0.2192,0.9924350205600231,0.08385210714804545,,,0.9059211740202338,,0.9059596309682956,0.09404036903170443,0.9426818560185979,0.14837517700614553,10,0.025,0.15,1.0,0.9793685065348555,0.9812019104006596,0.979771776897289,0.9818075584003604,0.9819124599858426,0.9767419211830078,0.9791996673720865,0.9804703522716428,0.9781658633152209,0.9790777656955096,0.9828919482719922
2,1,2.141585524154432,0.22351811855051595,4167,2.2759926319122314,0.2182254196642686,834,2.2763650266430044,0.2192,0.9874129296593168,0.08294847099467052,,,0.7011903431756465,,0.7012345067749336,0.2987654932250664,0.9412862615090544,0.14817575605971547,10,0.025,0.15,0.9793685065348555,1.0,0.9712504192653774,0.9751588063557433,0.9728354150934315,0.9744666749342898,0.9687297759455271,0.9695335913636459,0.9789237339035876,0.977234888060639,0.9809236233679569,0.972816091285635
2,2,2.1501102870160884,0.21459083273338134,4167,2.279301847730364,0.18944844124700239,834,2.2763166910485375,0.2192,0.9893756935569756,0.08330708194482403,,,0.78243844010126,,0.7824759452724002,0.21752405472759984,0.9422662276004407,0.14829640119437468,10,0.025,0.15,0.9812019104006596,0.9712504192653774,1.0,0.9773803457244049,0.9787616275236712,0.9784912550758214,0.9774749143429973,0.9793383747441595,0.9700594180887798,0.9721569984121236,0.9755145843104461,0.9827463158846336
2,3,2.13338544477116,0.22925365970722342,4167,2.2747031279972623,0.2290167865707434,834,2.2762859863570974,0.219,0.9906022112230436,0.08413493677061637,,,0.9699999997734365,,0.9700285520951957,0.029971447904804327,0.9428476220495358,0.14838267337933783,10,0.025,0.15,0.979771776897289,0.9751588063557433,0.9773803457244049,1.0,0.9820014051207595,0.977030386766735,0.9771033158413178,0.9750506366168414,0.9800397972419035,0.9796658169772218,0.9766385608596163,0.9788736869278182
2,4,2.126973261977687,0.22399808015358771,4167,2.2778311456952776,0.21008403361344538,833,2.2763164828095257,0.2193,0.9911751073671571,0.0833261456816745,,,0.7867575841171588,,0.7868000198049215,0.21319998019507846,0.9422084073967082,0.14830023941681322,10,0.025,0.15,0.9818075584003604,0.9728354150934315,0.9787616275236712,0.9820014051207595,1.0,0.9802226015961327,0.9797056204819502,0.9764440769768346,0.9799609806565867,0.9733031020766812,0.9790787589820465,0.981585134288176
2,5,2.142396400191567,0.22630189584833213,4167,2.2785041672842845,0.22569027611044418,833,2.276327232771282,0.2192,0.9895513562204628,0.08319173709187687,,,0.7563055242265218,,0.7563499529633114,0.24365004703668858,0.941802786318752,0.1482737501465127,10,0.025,0.15,0.9819124599858426,0.9744666749342898,0.9784912550758214,0.977030386766735,0.9802226015961327,1.0,0.9750750575685169,0.975946812867156,0.9732474039919855,0.9750862898848314,0.9752464984907665,0.9798302127003959
2,6,2.142707963062055,0.22625389968802495,4167,2.2725467000688826,0.21968787515006002,833,2.2763825851150705,0.2155,0.9870860724881237,0.08288014008551103,,,0.6857090637333177,,0.6857371556831873,0.31426284431681273,0.9409605372930826,0.1481161935379962,10,0.025,0.15,0.9767419211830078,0.9687297759455271,0.9774749143429973,0.9771033158413178,0.9797056204819502,0.9750750575685169,1.0,0.9725915757495337,0.9697579914137041,0.9705332843586283,0.9711198834666768,0.9785393126946633
2,7,2.152815242247148,0.2234461243100552,4167,2.275758607046945,0.21968787515006002,833,2.2763577563853206,0.2192,0.9872973514301178,0.08296916208315508,,,0.7058781854235479,,0.7059299235860111,0.29407007641398886,0.941358438722487,0.1481835959165806,10,0.025,0.15,0.9791996673720865,0.9695335913636459,0.9793383747441595,0.9750506366168414,0.9764440769768346,0.975946812867156,0.9725915757495337,1.0,0.9715055371821403,0.9670008092776712,0.975187364480092,0.9779896816165706
2,8,2.1361715190338364,0.23254920787325972,4166,2.2746916157858714,0.23289315726290516,833,2.2763175028788893,0.2192,0.988394923539136,0.08320012872215408,,,0.758206760063953,,0.7582396725586308,0.24176032744136922,0.9421022787020786,0.14827538853684444,10,0.025,0.15,0.9804703522716428,0.9789237339035876,0.9700594180887798,0.9800397972419035,0.9799609806565867,0.9732474039919855,0.9697579914137041,0.9715055371821403,1.0,0.977697655642978,0.9777250215783574,0.9733910494856843
2,9,2.1311550609993213,0.23322131541046567,4166,2.2769831929888045,0.20408163265306123,833,2.276430887512014,0.2155,0.9873243232336277,0.08272252825509215,,,0.65,,0.6500140284860788,0.3499859715139212,0.9402301925590371,0.1480378911304061,10,0.025,0.15,0.9781658633152209,0.977234888060639,0.9721569984121236,0.9796658169772218,0.9733031020766812,0.9750862898848314,0.9705332843586283,0.9670008092776712,0.977697655642978,1.0,0.9751859231504929,0.9742372978652527
2,10,2.1399157599969345,0.21812289966394624,4166,2.275843722479684,0.22569027611044418,833,2.276291228547881,0.2193,0.9892029942225393,0.0837470884657003,,,0.8821277899126748,,0.8821689689887937,0.11783103101120629,0.9426664709787117,0.1483705157833423,10,0.025,0.15,0.9790777656955096,0.9809236233679569,0.9755145843104461,0.9766385608596163,0.9790787589820465,0.9752464984907665,0.9711198834666768,0.975187364480092,0.9777250215783574,0.9751859231504929,1.0,0.9765135932579337
2,11,2.146650341424075,0.22097935669707153,4166,2.277469975607736,0.2184873949579832,833,2.2762929759448087,0.2193,0.990652789193937,0.08372047275667965,,,0.8760976458099158,,0.8761532240761829,0.1238467759238171,0.9426849345537353,0.1483689660136112,10,0.025,0.15,0.9828919482719922,0.972816091285635,0.9827463158846336,0.9788736869278182,0.981585134288176,0.9798302127003959,0.9785393126946633,0.9779896816165706,0.9733910494856843,0.9742372978652527,0.9765135932579337,1.0
3,0,2.070931324814305,0.2409887209023278,4167,2.2531064578465054,0.22541966426858512,834,2.2567317214193223,0.232,0.9888719114425844,0.08376692046035346,,,0.9329335517376462,,0.9329603406446502,0.06703965935534983,0.9644989094775118,0.14779932447898342,10,0.025,0.15,1.0,0.9736394331875718,0.9703016058016177,0.9731006080848934,0.9717887934263649,0.9722559755417891,0.9684489355994605,0.9716996498136117,0.9743496279356703,0.9698892769053974,0.9716552241579609,0.9755063721314641
3,1,2.0686986955729396,0.24910007199424047,4167,2.258198090962001,0.22541966426858512,834,2.256928226615809,0.2315,0.9834152527073318,0.08303289894000146,,,0.6995261154925781,,0.6995593404961132,0.30044065950388676,0.9631977710430152,0.1474872690339187,10,0.025,0.15,0.9736394331875718,1.0,0.9608406496965542,0.9665355170013245,0.9607319975050069,0.9678986673822413,0.9632825974922099,0.9652560264455359,0.9680004456688789,0.9668227944700338,0.9703221412721649,0.9650870815245469
3,2,2.082420634500908,0.23520518358531317,4167,2.2613187517438615,0.2158273381294964,834,2.256825981260855,0.2314,0.9841521110722777,0.08327785019709115,,,0.7774168085268827,,0.7774586984865739,0.2225413015134261,0.9635218172631448,0.14766757547331016,10,0.025,0.15,0.9703016058016177,0.9608406496965542,1.0,0.9691029229063153,0.9688867003657511,0.9684497342085622,0.968059190143907,0.9686117034163497,0.9616752358746373,0.9625112050876187,0.9671668556313787,0.9713392432519468
3,3,2.0600702516960374,0.25358771298296134,4167,2.2537282535008023,0.23621103117505995,834,2.2567263645461844,0.232,0.9870912476032415,0.08388348731405733,,,0.9699999996820156,,0.9700285520951957,0.029971447904804327,0.9644511019851367,0.14780529269699139,10,0.025,0.15,0.9731006080848934,0.9665355170013245,0.9691029229063153,1.0,0.9729321993459493,0.9705189127872563,0.9713464708984894,0.9677144579241541,0.9724159283702746,0.9695833494353551,0.9686788486173737,0.9695590091997347
3,4,2.0586978865392283,0.2458603311735061,4167,2.2578770433153426,0.226890756302521,833,2.2568151920656616,0.2323,0.9862143567568697,0.08335650410796536,,,0.802427529846052,,0.8024789160106286,0.1975210839893714,0.9636132385605203,0.147704063507921,10,0.025,0.15,0.9717887934263649,0.9607319975050069,0.9688867003657511,0.9729321993459493,1.0,0.9748270092605935,0.971692685138675,0.9655313298949519,0.9702273670987706,0.9622409782868533,0.9715087561330802,0.9709176510863706
3,5,2.074241277665803,0.25157187425006,4167,2.258282797677176,0.23769507803121248,833,2.2568367432944383,0.2315,0.986891646789624,0.08329562780744541,,,0.7830698123425782,,0.7831031011206285,0.21689689887937147,0.9635257114402314,0.1476758205049018,10,0.025,0.15,0.9722559755417891,0.9678986673822413,0.9684497342085622,0.9705189127872563,0.9748270092605935,1.0,0.9702526805025639,0.9683893008661542,0.9682285275950623,0.9669531559382192,0.9704148994334716,0.9712389890068012
3,6,2.0749577403068544,0.24406047516198703,4167,2.252558844430106,0.22929171668667467,833,2.2569553821901733,0.2319,0.9841109558863859,0.08301334998455978,,,0.6933098514670724,,0.6933537984189071,0.3066462015810929,0.9628487529507704,0.1474703862534219,10,0.025,0.15,0.9684489355994605,0.9632825974922099,0.968059190143907,0.9713464708984894,0.971692685138675,0.9702526805025639,1.0,0.9624304579651263,0.9656978708346001,0.9637107424686009,0.9638764020469571,0.9678493143547661
3,7,2.0805214553168327,0.24756419486441084,4167,2.25619329724993,0.24009603841536614,833,2.2569128591803054,0.2315,0.9838244006059639,0.08305892635814914,,,0.7078024299785831,,0.7078443993332343,0.2921556006667657,0.9633211090263112,0.1475131738868118,10,0.025,0.15,0.9716996498136117,0.9652560264455359,0.9686117034163497,0.9677144579241541,0.9655313298949519,0.9683893008661542,0.9624304579651263,1.0,0.9654124927648057,0.9612806674584728,0.9689635127868508,0.9679057590677466
3,8,2.0594646125128775,0.25494479116658664,4166,2.255441325051444,0.24369747899159663,833,2.2568268413785137,0.2317,0.9853538101799273,0.08325091007416449,,,0.7688502681052575,,0.7688930699278771,0.2311069300721229,0.9635588167195519,0.14765520302196875,10,0.025,0.15,0.9743496279356703,0.9680004456688789,0.9616752358746373,0.9724159283702746,0.9702273670987706,0.9682285275950623,0.9656978708346001,0.9654124927648057,1.0,0.9715157428157507,0.967647975169538,0.9660694499499926
3,9,2.0584753542235403,0.25698511761881904,4166,2.257657596043178,0.226890756302521,833,2.257061234003381,0.2314,0.9829072667666786,0.08287714882691243,,,0.65,,0.6500140284860788,0.3499859715139212,0.9627827128837,0.1473118518176336,10,0.025,0.15,0.9698892769053974,0.9668227944700338,0.9625112050876187,0.9695833494353551,0.9622409782868533,0.9669531559382192,0.9637107424686009,0.9612806674584728,0.9715157428157507,1.0,0.9638435762732335,0.9641692455477561
3,10,2.074101203138178,0.23807009121459433,4166,2.2552951063428606,0.24129651860744297,833,2.256742558901823,0.2323,0.9855284993302611,0.08359372086784918,,,0.8778587729685873,,0.8779026588107145,0.1220973411892855,0.9644874190389371,0.14778200708247807,10,0.025,0.15,0.9716552241579609,0.9703221412721649,0.9671668556313787,0.9686788486173737,0.9715087561330802,0.9704148994334716,0.9638764020469571,0.9689635127868508,0.967647975169538,0.9638435762732335,1.0,0.9690203990839061
3,11,2.07776736201662,0.24356697071531444,4166,2.258076156888689,0.22809123649459784,833,2.256745742846139,0.2323,0.9860013449985503,0.08359265506145079,,,0.8775198630973047,,0.8775725767853312,0.12242742321466882,0.9644422809146773,0.14778200354675192,10,0.025,0.15,0.9755063721314641,0.9650870815245469,0.9713392432519468,0.9695590091997347,0.9709176510863706,0.9712389890068012,0.9678493143547661,0.9679057590677466,0.9660694499499926,0.9641692455477561,0.9690203990839061,1.0
4,0,2.0096428567712956,0.2638588912886969,4167,2.2277532645634244,0.2434052757793765,834,2.231921663767175,0.2452,0.9854094142750722,0.08373338379351093,,,0.97,,0.9700285520951957,0.029971447904804327,0.9747046881739938,0.14720076462184262,10,0.025,0.15,1.0,0.9648527932700817,0.9633978105580262,0.967158109567183,0.9623158383899706,0.9630192424277099,0.9598734344301865,0.9631551238206113,0.9661362097975481,0.9617429593471747,0.963569706411117,0.9688038271746402
4,1,2.009381084731131,0.27057835373170147,4167,2.2354349749428883,0.2302158273381295,834,2.232196059408067,0.2463,0.9795760969466475,0.08309068465493427,,,0.97,,0.9700285520951957,0.029971447904804327,0.9721539009023987,0.14720076462184262,10,0.025,0.15,0.9648527932700817,1.0,0.952947377305561,0.9579033363353369,0.9492857146305459,0.9601237394776063,0.9549215155912355,0.9561068290928516,0.9598275217829725,0.9588113908265467,0.9632340955826638,0.9576543292283589
4,2,2.02580997727134,0.2583873290136789,4167,2.238236836024693,0.23381294964028776,834,2.2320569255683997,0.2457,0.9802480479296026,0.08326374223708963,,,0.97,,0.9700285520951957,0.029971447904804327,0.9737063680678018,0.14720076462184262,10,0.025,0.15,0.9633978105580262,0.952947377305561,1.0,0.9610337862518185,0.9588557782770043,0.9582538807109586,0.9575969728862453,0.9593312872572317,0.9564659932753331,0.9568293611848485,0.9567724101550857,0.9619555515782283
4,3,2.0003012906421316,0.27446604271658265,4167,2.227400302886963,0.2422062350119904,834,2.2319136239305326,0.2454,0.9835424298008,0.08374468433412499,,,0.97,,0.9700285520951957,0.029971447904804327,0.974746480563033,0.14720076462184262,10,0.025,0.15,0.967158109567183,0.9579033363353369,0.9610337862518185,1.0,0.9632345234857513,0.9627679208398187,0.962215490507425,0.9586570955686575,0.9651069648668249,0.9613994347812468,0.9599563135661058,0.9625553775737891
4,4,2.003195318669984,0.2646268298536117,4167,2.2323572635650635,0.24129651860744297,833,2.232041398181191,0.246,0.9805587236461841,0.0833223950322463,,,0.97,,0.9700285520951957,0.029971447904804327,0.9740467026697948,0.14720076462184262,10,0.025,0.15,0.9623158383899706,0.9492857146305459,0.9588557782770043,0.9632345234857513,1.0,0.9643748164175563,0.958811481728012,0.9539129614441259,0.9629905470511029,0.9538029072279053,0.9597503871139466,0.9596801160516095
4,5,2.0138289852575824,0.27470602351811857,4167,2.232788256236485,0.2424969987995198,833,2.232070261919046,0.2459,0.9829270950550976,0.08336176729067368,,,0.97,,0.9700285520951957,0.029971447904804327,0.9737771335188814,0.14720076462184262,10,0.025,0.15,0.9630192424277099,0.9601237394776063,0.9582538807109586,0.9627679208398187,0.9643748164175563,1.0,0.9611730067677771,0.9611888267128427,0.962760584206208,0.9602415439992075,0.9594774033217283,0.9616511526122171
4,6,2.016203027060538,0.26457883369330454,4167,2.2269998618534634,0.25570228091236497,833,2.2322304158271113,0.2464,0.9792556134451675,0.08306820242716635,,,0.97,,0.9700285520951957,0.029971447904804327,0.971998820535912,0.14720076462184262,10,0.025,0.15,0.9598734344301865,0.9549215155912355,0.9575969728862453,0.962215490507425,0.958811481728012,0.9611730067677771,1.0,0.9528733375302586,0.9582046430870029,0.955588167217164,0.9542346816451462,0.956412887664556
4,7,2.017710092573455,0.2716822654187665,4167,2.231363296508789,0.2545018007202881,833,2.232171598869034,0.2462,0.9793606234707156,0.08309975169488806,,,0.97,,0.9700285520951957,0.029971447904804327,0.9723328231591,0.14720076462184262,10,0.025,0.15,0.9631551238206113,0.9561068290928516,0.9593312872572317,0.9586570955686575,0.9539129614441259,0.9611888267128427,0.9528733375302586,1.0,0.9567564402069444,0.9521135826877273,0.9576841157593897,0.9613036193002192
4,8,1.9981954130259427,0.2774843975036006,4166,2.2313328129904613,0.25090036014405764,833,2.2320570764662344,0.246,0.9824383964636096,0.08331828099167567,,,0.97,,0.9700285520951957,0.029971447904804327,0.9735777127890397,0.14720076462184262,10,0.025,0.15,0.9661362097975481,0.9598275217829725,0.9564659932753331,0.9651069648668249,0.9629905470511029,0.962760584206208,0.9582046430870029,0.9567564402069444,1.0,0.9629310017886222,0.9595632662334014,0.9585186432801963
4,9,1.9960892232981595,0.2806769083053289,4166,2.2332760265895297,0.24369747899159663,833,2.232373349274261,0.2465,0.9796398995535763,0.08299660332610065,,,0.97,,0.9700285520951957,0.029971447904804327,0.970679256525885,0.14720076462184262,10,0.025,0.15,0.9617429593471747,0.9588113908265467,0.9568293611848485,0.9613994347812468,0.9538029072279053,0.9602415439992075,0.955588167217164,0.9521135826877273,0.9629310017886222,1.0,0.9561881280860901,0.9568599377532981
4,10,2.015820935278228,0.26183389342294766,4166,2.229257958275931,0.25690276110444177,833,2.2319377766379827,0.2454,0.9808985147988714,0.0834798848066083,,,0.97,,0.9700285520951957,0.029971447904804327,0.9745197704001621,0.14720076462184262,10,0.025,0.15,0.963569706411117,0.9632340955826638,0.9567724101550857,0.9599563135661058,0.9597503871139466,0.9594774033217283,0.9542346816451462,0.9576841157593897,0.9595632662334014,0.9561881280860901,1.0,0.9605350591482352
4,11,2.0168424111424073,0.2638982237157945,4166,2.2333434990474155,0.25210084033613445,833,2.231942541991608,0.2455,0.9821724144154479,0.08352061941098128,,,0.97,,0.9700285520951957,0.029971447904804327,0.9745196720251167,0.14720076462184262,10,0.025,0.15,0.9688038271746402,0.9576543292283589,0.9619555515782283,0.9625553775737891,0.9596801160516095,0.9616511526122171,0.956412887664556,0.9613036193002192,0.9585186432801963,0.9568599377532981,0.9605350591482352,1.0
5,0,1.956151455821413,0.28874490040796735,4167,2.1972838810511996,0.2709832134292566,834,2.202158414864842,0.2682,0.9810237189499377,0.0837014880325152,,,0.97,,0.9700285520951957,0.029971447904804327,0.9846443518087681,0.1465971916294799,10,0.025,0.15,1.0,0.9573638062271103,0.955441825906936,0.958033707807081,0.9530568748209322,0.951653738748803,0.9501096062388761,0.9543891358619669,0.9560742297668784,0.9550578095251636,0.9551058782393972,0.9587139747416672
5,1,1.9584719852967696,0.2906167506599472,4167,2.2078311102730885,0.26139088729016785,834,2.202518110033832,0.2674,0.9757188521220133,0.08313144456683984,,,0.97,,0.9700285520951957,0.029971447904804327,0.9846443518087681,0.1465971916294799,10,0.025,0.15,0.9573638062271103,1.0,0.9450226380778198,0.94990803074204,0.938723840729156,0.9530192708377649,0.9440986146570753,0.9477344548406,0.950747131836388,0.9522675615727143,0.9555522181703423,0.9486782561125428
5,2,1.9735249978123288,0.2796976241900648,4167,2.210151876722063,0.24700239808153476,834,2.2023380013960825,0.2668,0.9763760186408856,0.08325983864628886,,,0.97,,0.9700285520951957,0.029971447904804327,0.9846443518087681,0.1465971916294799,10,0.025,0.15,0.955441825906936,0.9450226380778198,1.0,0.9522376606051187,0.9492773008257427,0.9474527918806533,0.9474044297592613,0.9545250149037193,0.9484415935266736,0.9505994685161061,0.9490317100832522,0.9513033111945084
5,3,1.949154337608453,0.2935445164386849,4167,2.1961863040924072,0.2697841726618705,834,2.2021464878999732,0.2684,0.9796035670475155,0.08366225828700694,,,0.97,,0.9700285520951957,0.029971447904804327,0.9846443518087681,0.1465971916294799,10,0.025,0.15,0.958033707807081,0.94990803074204,0.9522376606051187,1.0,0.9539294809286544,0.9546613630477269,0.9521135132676242,0.9497428516235447,0.9577476285238623,0.9535692324953138,0.9520371289906555,0.9543366246751077
5,4,1.9559873992746526,0.28507319414446847,4167,2.201647009168352,0.25690276110444177,833,2.202317307267008,0.2673,0.9758720378714725,0.08327970415647487,,,0.97,,0.9700285520951957,0.029971447904804327,0.9846443518087681,0.1465971916294799,10,0.025,0.15,0.9530568748209322,0.938723840729156,0.9492773008257427,0.9539294809286544,1.0,0.9548216708027624,0.9475291115459383,0.9458543772803043,0.9546218700869743,0.9465425069664916,0.9507593139011017,0.9496189150023031
5,5,1.9602822842019978,0.2962083033357331,4167,2.2024669306618825,0.25570228091236497,833,2.202353752112087,0.2669,0.9785217738108462,0.08339028203353718,,,0.97,,0.9700285520951957,0.029971447904804327,0.9846443518087681,0.1465971916294799,10,0.025,0.15,0.951653738748803,0.9530192708377649,0.9474527918806533,0.9546613630477269,0.9548216708027624,1.0,0.9503559064418438,0.9533502287236059,0.9544013329230003,0.9530960192434066,0.9518052439181359,0.9512660536943743
5,6,1.9655063062003164,0.2836573074154068,4167,2.1962455340794156,0.2773109243697479,833,2.2025602165656752,0.268,0.9738464448807899,0.08305660765507114,,,0.97,,0.9700285520951957,0.029971447904804327,0.9846443518087681,0.1465971916294799,10,0.025,0.15,0.9501096062388761,0.9440986146570753,0.9474044297592613,0.9521135132676242,0.9475291115459383,0.9503559064418438,1.0,0.9431406855049929,0.9493558283544092,0.9470275817025328,0.944000101462705,0.9460562118258459
5,7,1.9615723089738326,0.2946004319654428,4167,2.201514891215733,0.2773109243697479,833,2.2024837264531776,0.2671,0.9759912881618572,0.08314591714833476,,,0.97,,0.9700285520951957,0.029971447904804327,0.9846443518087681,0.1465971916294799,10,0.025,0.15,0.9543891358619669,0.9477344548406,0.9545250149037193,0.9497428516235447,0.9458543772803043,0.9533502287236059,0.9431406855049929,1.0,0.9496166490445832,0.9442633979603742,0.9494317029961006,0.9542432279085152
5,8,1.9455691695213317,0.29654344695151225,4166,2.202623571668352,0.2725090036014406,833,2.2023379018035114,0.267,0.9787282690069238,0.08337011314455749,,,0.97,,0.9700285520951957,0.029971447904804327,0.9846443518087681,0.1465971916294799,10,0.025,0.15,0.9560742297668784,0.950747131836388,0.9484415935266736,0.9577476285238623,0.9546218700869743,0.9544013329230003,0.9493558283544092,0.9496166490445832,1.0,0.953983353223354,0.9514646111193295,0.951821934885443
5,9,1.9407252152760823,0.30182429188670185,4166,2.204209770475115,0.2581032412965186,833,2.202743204334114,0.2683,0.9767402289223065,0.08310651047426594,,,0.97,,0.9700285520951957,0.029971447904804327,0.9846443518087681,0.1465971916294799,10,0.025,0.15,0.9550578095251636,0.9522675615727143,0.9505994685161061,0.9535692324953138,0.9465425069664916,0.9530960192434066,0.9470275817025328,0.9442633979603742,0.953983353223354,1.0,0.9495543855504869,0.9491951085816575
5,10,1.9660590453581377,0.28226116178588573,4166,2.1979637486594066,0.28691476590636256,833,2.2021800928478,0.2683,0.9773826695137349,0.08342624720092838,,,0.97,,0.9700285520951957,0.029971447904804327,0.9846443518087681,0.1465971916294799,10,0.025,0.15,0.9551058782393972,0.9555522181703423,0.9490317100832522,0.9520371289906555,0.9507593139011017,0.9518052439181359,0.944000101462705,0.9494317029961006,0.9514646111193295,0.9495543855504869,1.0,0.9536669273944288
5,11,1.9637471011190704,0.2872779644743159,4166,2.203708137784685,0.27611044417767105,833,2.202186967753157,0.2684,0.9779404971699456,0.08346958865417951,,,0.97,,0.9700285520951957,0.029971447904804327,0.9846443518087681,0.1465971916294799,10,0.025,0.15,0.9587139747416672,0.9486782561125428,0.9513033111945084,0.9543366246751077,0.9496189150023031,0.9512660536943743,0.9460562118258459,0.9542432279085152,0.951821934885443,0.9491951085816575,0.9536669273944288,1.0
6,0,1.9119218811844334,0.3045356371490281,4167,2.1623456478118896,0.28776978417266186,834,2.16806502281865,0.2876,0.9771189156951459,0.08366996705617125,,,0.97,,0.9700285520951957,0.029971447904804327,0.9887363763704655,0.1460678803531736,10,0.025,0.15,1.0,0.9486253412282097,0.9482446903971474,0.9515046505470044,0.9451373569416722,0.9422576154083859,0.9413383079170169,0.9472404972776473,0.9470320830330883,0.9461063076175467,0.9490699594222224,0.9512587610062968
6,1,1.9137960834936663,0.30863930885529156,4167,2.175891774041312,0.27817745803357313,834,2.1685163159913654,0.2872,0.972894469787671,0.08317933414363372,,,0.97,,0.9700285520951957,0.029971447904804327,0.9887363763704655,0.1460678803531736,10,0.025,0.15,0.9486253412282097,1.0,0.9365255489341386,0.944747916375382,0.9326231528113467,0.946397510960523,0.9369804947629669,0.9407881040593846,0.9432928369554813,0.9453891720501791,0.9504181352136547,0.9430023250512505
6,2,1.927150387836225,0.3003599712023038,4167,2.1777335575648715,0.2745803357314149,834,2.168290458148039,0.2874,0.9719921797707436,0.08322942953182727,,,0.97,,0.9700285520951957,0.029971447904804327,0.9887363763704655,0.1460678803531736,10,0.025,0.15,0.9482446903971474,0.9365255489341386,1.0,0.9438597768437512,0.9411579038765373,0.9365957124387208,0.9375540082537173,0.9460534182922083,0.9406042619219016,0.943471113868752,0.9407213837903337,0.9433985053415773
6,3,1.9036992441524159,0.3092392608591313,4167,2.160689285823277,0.29256594724220625,834,2.168049009540413,0.2876,0.9773235953487014,0.08365234677595378,,,0.97,,0.9700285520951957,0.029971447904804327,0.9887363763704655,0.1460678803531736,10,0.025,0.15,0.9515046505470044,0.944747916375382,0.9438597768437512,1.0,0.946586071276289,0.9500553503243626,0.945124952680228,0.945247734094766,0.9516283270575958,0.9460735795401856,0.9472682814359958,0.9481289827315463
6,4,1.9116374438459223,0.3008879289656827,4167,2.16634007862636,0.290516206482593,833,2.1682645127743103,0.2871,0.9722067121366351,0.08324872134093854,,,0.97,,0.9700285520951957,0.029971447904804327,0.9887363763704655,0.1460678803531736,10,0.025,0.15,0.9451373569416722,0.9326231528113467,0.9411579038765373,0.946586071276289,1.0,0.9480725486750569,0.9388095238754453,0.9372194626714481,0.9470317048556544,0.9380239152961787,0.943250516776734,0.9427176489384593
6,5,1.9124246517817178,0.3130789536837053,4167,2.1680257320404053,0.2797118847539016,833,2.1683094652393198,0.2872,0.975071922195484,0.08341056339650732,,,0.97,,0.9700285520951957,0.029971447904804327,0.9887363763704655,0.1460678803531736,10,0.025,0.15,0.9422576154083859,0.946397510960523,0.9365957124387208,0.9500553503243626,0.9480725486750569,1.0,0.944155628512125,0.9465703271909921,0.9474475752892897,0.9442174251480733,0.9434434952105826,0.9449090643292989
6,6,1.921145822062637,0.2966642668586513,4167,2.1610192230769565,0.30012004801920766,833,2.1685660187202163,0.2884,0.9699735129746826,0.08303780570290378,,,0.97,,0.9700285520951957,0.029971447904804327,0.9887363763704655,0.1460678803531736,10,0.025,0.15,0.9413383079170169,0.9369804947629669,0.9375540082537173,0.945124952680228,0.9388095238754453,0.944155628512125,1.0,0.9362065008731045,0.9403293624786946,0.9386815379311381,0.9376985815530885,0.9378679462130539
6,7,1.9124029177607913,0.31689464842812576,4167,2.1674770627702986,0.3025210084033613,833,2.168471976171566,0.2872,0.9725634233044018,0.08317750697443256,,,0.97,,0.9700285520951957,0.029971447904804327,0.9887363763704655,0.1460678803531736,10,0.025,0.15,0.9472404972776473,0.9407881040593846,0.9460534182922083,0.945247734094766,0.9372194626714481,0.9465703271909921,0.9362065008731045,1.0,0.9410172503305912,0.9339979371380427,0.9413732011483231,0.9491801952601892
6,8,1.9010821768731783,0.31082573211713876,4166,2.1698454788752963,0.28691476590636256,833,2.168291595917714,0.2872,0.9746214926257597,0.08338339613759319,,,0.97,,0.9700285520951957,0.029971447904804327,0.9887363763704655,0.1460678803531736,10,0.025,0.15,0.9470320830330883,0.9432928369554813,0.9406042619219016,0.9516283270575958,0.9470317048556544,0.9474475752892897,0.9403293624786946,0.9410172503305912,1.0,0.9423082908384883,0.9452398376500927,0.9428789297023034
6,9,1.894354370507327,0.3201152184349496,4166,2.1708524567740306,0.28331332533013204,833,2.1687902287591863,0.288,0.9721625483915001,0.08314004285891131,,,0.97,,0.9700285520951957,0.029971447904804327,0.9887363763704655,0.1460678803531736,10,0.025,0.15,0.9461063076175467,0.9453891720501791,0.943471113868752,0.9460735795401856,0.9380239152961787,0.9442174251480733,0.9386815379311381,0.9339979371380427,0.9423082908384883,1.0,0.9420864311455444,0.9399204584002988
6,10,1.9212858481840653,0.30170427268362937,4166,2.1621932642800465,0.2893157262905162,833,2.1680924198295495,0.2875,0.9746231850294541,0.08341820875693996,,,0.97,,0.9700285520951957,0.029971447904804327,0.9887363763704655,0.1460678803531736,10,0.025,0.15,0.9490699594222224,0.9504181352136547,0.9407213837903337,0.9472682814359958,0.943250516776734,0.9434434952105826,0.9376985815530885,0.9413732011483231,0.9452398376500927,0.9420864311455444,1.0,0.9482321104724049
