round,client_id,client_i_training_loss,client_i_training_accuracy,client_i_training_dataset_size,client_i_evaluation_loss,client_i_evaluation_accuracy,client_i_evaluation_dataset_size,client_i_central_evaluation_loss,client_i_central_evaluation_accuracy,client_i_cosine_similarity,client_i_importance_coefficient,client_i_tanh_val,tanh_normalization_value,client_i_q,client_i_mask_order,client_i_v_nonzero_fraction,client_i_v_sparsity,client_i_v_cosine_similarity,client_i_reward_gradient_norm,local_epochs,learning_rate,gamma,client_0_cosine_similarity,client_1_cosine_similarity,client_2_cosine_similarity,client_3_cosine_similarity,client_4_cosine_similarity,client_5_cosine_similarity,client_6_cosine_similarity,client_7_cosine_similarity,client_8_cosine_similarity,client_9_cosine_similarity,client_10_cosine_similarity,client_11_cosine_similarity
0,0,0.3492532371905199,0.88972,5000,2.1870477729373508,0.381294964028777,834,2.189193001189552,0.3854,0.7836822541139421,0.0826795768393569,,,0.7,,0.7,0.30000000000000004,0,0.3942971708205622,5,0.1,0.5,1.0,0.5951985993232083,0.5828895768461063,0.5861006405204687,0.5842488121838094,0.5857446891857382,0.576159228596792,0.5833365971026686,0.59644473771752,0.5750821405039551,0.5684865402907007,0.5944775086247469
0,1,0.3412560895702262,0.893,5000,2.1794315267492226,0.4136690647482014,834,2.188999106708807,0.3856,0.785852937037961,0.08290858693199096,,,0.7527281636694054,,0.7527433361779027,0.24725666382209732,0,0.3946138712183435,5,0.1,0.5,0.5951985993232083,1.0,0.5934840143444285,0.595951205956371,0.583599197399419,0.5958317435280325,0.57768862581093,0.5861375532401386,0.5815798544466612,0.5808486178687482,0.5698782710140282,0.5885463078135954
0,2,0.3523197690807995,0.89216,5000,2.189551035563151,0.3752997601918465,834,2.188781537948706,0.3859,0.7903445586741668,0.08338245931362842,,,0.8618343616102806,,0.8618493047537774,0.1381506952462226,0,0.3948920907399835,5,0.1,0.5,0.5828895768461063,0.5934840143444285,1.0,0.5963790466680019,0.5821491945084709,0.599243539270041,0.5886021103917434,0.5738473532222104,0.5930202637250322,0.5914429624810918,0.5763692471358302,0.6138907311994146
0,3,0.34505665521760276,0.8934,5000,2.1776349986041033,0.4064748201438849,834,2.1887142345928154,0.3865,0.7960324827467621,0.0839825432799909,,,0.9999999997697562,,1.0,0.0,0,0.3949394681289597,5,0.1,0.5,0.5861006405204687,0.595951205956371,0.5963790466680019,1.0,0.5813914251401775,0.5997871794595729,0.6070163188469452,0.5906813318341747,0.6003677665755581,0.5961598097694953,0.5934136893498835,0.5979828768874628
0,4,0.330430983384822,0.89508,5000,2.198146184285482,0.3877551020408163,833,2.189066714752977,0.3852,0.78501270524012,0.08281994129898372,,,0.7323180525165638,,0.7323327142211736,0.26766728577882637,0,0.3945116549184152,5,0.1,0.5,0.5842488121838094,0.583599197399419,0.5821491945084709,0.5813914251401775,1.0,0.5957003488523849,0.588157528826546,0.5811745202047793,0.592552416978421,0.5808697935653762,0.579715695609367,0.5912208811702236
0,5,0.3471088255512392,0.89072,5000,2.196500230718542,0.3745498199279712,833,2.1887211152158987,0.3866,0.7940259168585077,0.08377084776478652,,,0.9512584109367628,,0.9512775463079163,0.04872245369208372,0,0.3949374777183409,5,0.1,0.5,0.5857446891857382,0.5958317435280325,0.599243539270041,0.5997871794595729,0.5957003488523849,1.0,0.5928034578772308,0.5987584138445312,0.5996285611495504,0.5849531662387828,0.5764528587547001,0.59730800534054
0,6,0.3358063525621109,0.89456,5000,2.186648792690701,0.3745498199279712,833,2.1887185405999325,0.3866,0.7944519732017348,0.08381579730649534,,,0.9616077661325381,,0.9616284323076151,0.03837156769238492,0,0.39493850762659694,5,0.1,0.5,0.576159228596792,0.57768862581093,0.5886021103917434,0.6070163188469452,0.588157528826546,0.5928034578772308,1.0,0.5952929771320471,0.5964577327943945,0.6048102818115453,0.6047192433145637,0.5985428513339579
0,7,0.35095655855360874,0.89284,5000,2.1907798095985695,0.368547418967587,833,2.188828920023129,0.3856,0.7891991870827108,0.08326162100446896,,,0.8340120850040034,,0.8340294161939662,0.1659705838060338,0,0.39485396741724355,5,0.1,0.5,0.5833365971026686,0.5861375532401386,0.5738473532222104,0.5906813318341747,0.5811745202047793,0.5987584138445312,0.5952929771320471,1.0,0.6025236115289543,0.5847936293293099,0.5896565067621611,0.5942590837584262
0,8,0.34375426949945037,0.89276,5000,2.193797323438856,0.382953181272509,833,2.188726355854315,0.3866,0.7923498745782138,0.08359402295374593,,,0.9105455870165615,,0.9105667386175392,0.08943326138246077,0,0.3949272227537029,5,0.1,0.5,0.59644473771752,0.5815798544466612,0.5930202637250322,0.6003677665755581,0.592552416978421,0.5996285611495504,0.5964577327943945,0.6025236115289543,1.0,0.5874992644733286,0.5792474269433011,0.5810038796774666
0,9,0.34548709881936857,0.89176,5000,2.1899137055432356,0.37695078031212487,833,2.1888585661927733,0.3861,0.7880627365926125,0.08314172388401364,,,0.8064065113013619,,0.8064253802519954,0.1935746197480046,0,0.39479537825563843,5,0.1,0.5,0.5750821405039551,0.5808486178687482,0.5914429624810918,0.5961598097694953,0.5808697935653762,0.5849531662387828,0.6048102818115453,0.5847936293293099,0.5874992644733286,1.0,0.5956167908324331,0.5876132246315473
0,10,0.34898887086351205,0.88972,5000,2.1992410553826227,0.37815126050420167,833,2.1892093134383424,0.3855,0.7838956044922065,0.08270208560346483,,,0.7051825043351937,,0.7052055619697807,0.2947944380302193,0,0.3943378851116624,5,0.1,0.5,0.5684865402907007,0.5698782710140282,0.5763692471358302,0.5934136893498835,0.579715695609367,0.5764528587547001,0.6047192433145637,0.5896565067621611,0.5792474269433011,0.5956167908324331,1.0,0.5966350511356091
0,11,0.3476134525469629,0.88912,5000,2.1817293961842856,0.4069627851140456,833,2.18871405406501,0.3865,0.7956367585196877,0.08394079381907375,,,0.9903874434713478,,0.9904020882485819,0.009597911751418109,0,0.3949394449454493,5,0.1,0.5,0.5944775086247469,0.5885463078135954,0.6138907311994146,0.5979828768874628,0.5912208811702236,0.59730800534054,0.5985428513339579,0.5942590837584262,0.5810038796774666,0.5876132246315473,0.5966350511356091,1.0
1,0,0.3079275786449575,0.90572,5000,2.028886017975984,0.697841726618705,834,2.0324576327595087,0.6952,0.8121681672715398,0.08281564514559112,,,1.0,,1.0,0.0,0.9575300235214528,0.4073231280612364,5,0.1,0.5,1.0,0.6307977998454656,0.6289522903579375,0.6275961765122339,0.631078546594583,0.6254658359078784,0.6365814214359239,0.636882322936983,0.6354668643855957,0.6363955193244937,0.6362044560262872,0.617198124679303
1,1,0.2997443447162391,0.91056,5000,2.0236945152282715,0.737410071942446,834,2.032142372557911,0.6964,0.8143847355090532,0.0830438847566503,,,1.0,,1.0,0.0,0.9583659727429089,0.4073231280612364,5,0.1,0.5,0.6307977998454656,1.0,0.639639233897881,0.6327252359801911,0.6336443987565769,0.6330266101106898,0.6365726276245868,0.6301872503132634,0.6330993810784836,0.6326554612912719,0.6326253989714529,0.6281162344257563
1,2,0.3097336385577063,0.906,5000,2.033916817771064,0.6942446043165468,834,2.031789255218384,0.697,0.8192682451422274,0.08352648199740094,,,1.0,,1.0,0.0,0.9590403387063043,0.4073231280612364,5,0.1,0.5,0.6289522903579375,0.639639233897881,1.0,0.6437753215553065,0.6282452491359006,0.6469378291648005,0.6441413072364484,0.63554799612641,0.6332691596588613,0.6395813138611398,0.6384491954042829,0.630040962036807
1,3,0.3069063520201357,0.9076,5000,2.0179109926576966,0.7338129496402878,834,2.0317027945868884,0.6976,0.8145577067575815,0.08375900636528272,,,1.0,,1.0,0.0,0.9591496145605287,0.4073231280612364,5,0.1,0.5,0.6275961765122339,0.6327252359801911,0.6437753215553065,1.0,0.6271180340987734,0.6301488920249281,0.6352990651772682,0.6278782238194865,0.6354989406711672,0.6335711604752238,0.6363547864105259,0.6300430100103334
1,4,0.2816907438170758,0.91248,5000,2.0412402594531023,0.6722689075630253,833,2.032273140197364,0.6963,0.8114818453606162,0.08288447409456622,,,1.0,,1.0,0.0,0.9580569860634884,0.4073231280612364,5,0.1,0.5,0.631078546594583,0.6336443987565769,0.6282452491359006,0.6271180340987734,1.0,0.6307595246595431,0.6402094309291085,0.6308454325273212,0.6340129847365548,0.6361734515963886,0.624593111922617,0.6184798869804875
1,5,0.3071518658873904,0.90324,5000,2.0373459347972163,0.6962785114045619,833,2.0317128481575475,0.6977,0.8160286148191007,0.08367034459089351,,,1.0,,1.0,0.0,0.9591436103464392,0.4073231280612364,5,0.1,0.5,0.6254658359078784,0.6330266101106898,0.6469378291648005,0.6301488920249281,0.6307595246595431,1.0,0.6367088648013925,0.6373285069711717,0.6384045938437329,0.6410310857344315,0.6274323871382625,0.6280439064460852
1,6,0.2922122856210561,0.9116,5000,2.0310617685317993,0.6986794717887155,833,2.0317083593374625,0.6976,0.8188317262339138,0.08379743618860776,,,1.0,,1.0,0.0,0.9591489204296866,0.4073231280612364,5,0.1,0.5,0.6365814214359239,0.6365726276245868,0.6441413072364484,0.6352990651772682,0.6402094309291085,0.6367088648013925,1.0,0.6342314228265454,0.6392590875641171,0.6404584229266918,0.6306463808799649,0.6285257769406445
1,7,0.31404145390839333,0.90648,5000,2.033308254347907,0.695078031212485,833,2.0318513106995115,0.6969,0.8154185473421932,0.08331291219368024,,,1.0,,1.0,0.0,0.9589786946167654,0.4073231280612364,5,0.1,0.5,0.636882322936983,0.6301872503132634,0.63554799612641,0.6278782238194865,0.6308454325273212,0.6373285069711717,0.6342314228265454,1.0,0.6369478149645883,0.6408761738262121,0.6320317862569833,0.6289303578628346
1,8,0.3055430566358149,0.90788,5000,2.0379487011167736,0.673469387755102,833,2.0317199755781377,0.6975,0.8152452982983361,0.08352636948305772,,,1.0,,1.0,0.0,0.9591246751966134,0.4073231280612364,5,0.1,0.5,0.6354668643855957,0.6330993810784836,0.6332691596588613,0.6354989406711672,0.6340129847365548,0.6384045938437329,0.6392590875641171,0.6369478149645883,1.0,0.6383454782623409,0.6200583443061437,0.6240523657153416
1,9,0.30676301842092707,0.90556,5000,2.0342937972810535,0.680672268907563,833,2.0319171820204858,0.697,0.8195743513583102,0.0833781671545465,,,1.0,,1.0,0.0,0.9588393340577975,0.4073231280612364,5,0.1,0.5,0.6363955193244937,0.6326554612912719,0.6395813138611398,0.6335711604752238,0.6361734515963886,0.6410310857344315,0.6404584229266918,0.6408761738262121,0.6383454782623409,1.0,0.6395470151981845,0.6341489241677243
1,10,0.3127403488501337,0.9016,5000,2.045917171019095,0.6830732292917167,833,2.0324878509813984,0.6955,0.8116600453974524,0.08281284920006689,,,1.0,,1.0,0.0,0.9576165359688017,0.4073231280612364,5,0.1,0.5,0.6362044560262872,0.6326253989714529,0.6384491954042829,0.6363547864105259,0.624593111922617,0.6274323871382625,0.6306463808799649,0.6320317862569833,0.6200583443061437,0.6395470151981845,1.0,0.6195645500089021
1,11,0.3083544378257861,0.9038,5000,2.023281203375922,0.6986794717887155,833,2.0317029450267268,0.6976,0.8071044705157149,0.0834724288296562,,,1.0,,1.0,0.0,0.9591489854439877,0.4073231280612364,5,0.1,0.5,0.617198124679303,0.6281162344257563,0.630040962036807,0.6300430100103334,0.6184798869804875,0.6280439064460852,0.6285257769406445,0.6289303578628346,0.6240523657153416,0.6341489241677243,0.6195645500089021,1.0
2,0,0.27905953714541,0.91428,5000,1.8293765606703583,0.8597122302158273,834,1.835899315322169,0.846,0.8116663157553698,0.08296238966683271,,,1.0,,1.0,0.0,0.9687763717434514,0.40624860217760767,5,0.1,0.5,1.0,0.6237593535856912,0.6258268791222071,0.6150617570239053,0.6286784771115328,0.6353665950323288,0.6290503133751228,0.634181015370047,0.6284676674414557,0.6349486592522511,0.6275371757694463,0.633161892277312
2,1,0.2686809897683798,0.91852,5000,1.828334371248881,0.8609112709832134,834,1.8354534573448351,0.8475,0.8071988090666201,0.08295783473256323,,,1.0,,1.0,0.0,0.9687763717434514,0.40624860217760767,5,0.1,0.5,0.6237593535856912,1.0,0.6297991670046604,0.620213173971971,0.6231463345601268,0.6261003705503916,0.6278550200077178,0.6234439751645283,0.6228566853664812,0.627942561956562,0.6223087824623479,0.6240014201839726
2,2,0.2748788492089719,0.91716,5000,1.8385493402127866,0.8501199040767387,834,1.8349596452408325,0.8476,0.8142357576312765,0.08352153320182498,,,1.0,,1.0,0.0,0.9687763717434514,0.40624860217760767,5,0.1,0.5,0.6258268791222071,0.6297991670046604,1.0,0.6350866956869727,0.6254840689024354,0.6395902266080746,0.6318307156455141,0.629296994072498,0.6233107324235598,0.6382576714861291,0.6312213369540217,0.628104891531191
2,3,0.2743900334177788,0.91804,5000,1.8179112937715318,0.8741007194244604,834,1.834849863006665,0.848,0.8079714285598424,0.08345731163478595,,,1.0,,1.0,0.0,0.9687763717434514,0.40624860217760767,5,0.1,0.5,0.6150617570239053,0.620213173971971,0.6350866956869727,1.0,0.628016805356088,0.6240107393258787,0.6250806788564683,0.619704100508513,0.6203134387212171,0.6300690147017517,0.6261088825698895,0.6320334577347073
2,4,0.2539428944302023,0.92312,5000,1.8449265029695299,0.8187274909963985,833,1.8356539148111313,0.847,0.8109277301084449,0.0829821867314454,,,1.0,,1.0,0.0,0.9687763717434514,0.40624860217760767,5,0.1,0.5,0.6286784771115328,0.6231463345601268,0.6254840689024354,0.628016805356088,1.0,0.6279088846921768,0.6248463515571382,0.6284944536569412,0.6231389980574707,0.6343292867077716,0.6331609358833747,0.6313627892040226
2,5,0.2727052270796648,0.9174,5000,1.8373549161133942,0.8547418967587035,833,1.8348639552204753,0.8479,0.8137784154827649,0.08360070022869759,,,1.0,,1.0,0.0,0.9687763717434514,0.40624860217760767,5,0.1,0.5,0.6353665950323288,0.6261003705503916,0.6395902266080746,0.6240107393258787,0.6279088846921768,1.0,0.6365885191289367,0.631727153423703,0.6262587037532967,0.6338679340812878,0.6203965387568867,0.630925812071831
2,6,0.26090996007073175,0.92116,5000,1.8359973298178778,0.8499399759903962,833,1.8348575122059343,0.848,0.814688276089996,0.08371633877177596,,,1.0,,1.0,0.0,0.9687763717434514,0.40624860217760767,5,0.1,0.5,0.6290503133751228,0.6278550200077178,0.6318307156455141,0.6250806788564683,0.6248463515571382,0.6365885191289367,1.0,0.6319525589669451,0.6307495828473593,0.627827742954289,0.6406930286281958,0.6346601876635855
2,7,0.27575449529370877,0.91752,5000,1.8366093988771792,0.8547418967587035,833,1.8350383923076594,0.8476,0.8137435320511869,0.0833632701884034,,,1.0,,1.0,0.0,0.9687763717434514,0.40624860217760767,5,0.1,0.5,0.634181015370047,0.6234439751645283,0.629296994072498,0.619704100508513,0.6284944536569412,0.631727153423703,0.6319525589669451,1.0,0.6268113415770427,0.6408338714054438,0.6322037078685087,0.6354511967847214
2,8,0.274544484078718,0.91848,5000,1.8434667763886627,0.82953181272509,833,1.8348757329459389,0.8479,0.8084716205492182,0.08332096668860031,,,1.0,,1.0,0.0,0.9687763717434514,0.40624860217760767,5,0.1,0.5,0.6284676674414557,0.6228566853664812,0.6233107324235598,0.6203134387212171,0.6231389980574707,0.6262587037532967,0.6307495828473593,0.6268113415770427,1.0,0.627114451532472,0.6184040792185534,0.634214256692196
2,9,0.27088460202097514,0.91768,5000,1.8391441680766918,0.8415366146458584,833,1.8351412756374468,0.8475,0.8186018072155398,0.08357537914614556,,,1.0,,1.0,0.0,0.9687763717434514,0.40624860217760767,5,0.1,0.5,0.6349486592522511,0.627942561956562,0.6382576714861291,0.6300690147017517,0.6343292867077716,0.6338679340812878,0.627827742954289,0.6408338714054438,0.627114451532472,1.0,0.645000484489955,0.641057762482131
2,10,0.28134767632860286,0.916,5000,1.852586613761054,0.8307322929171669,833,1.8359424923174679,0.8464,0.812742311350789,0.0829979679217959,,,1.0,,1.0,0.0,0.9687763717434514,0.40624860217760767,5,0.1,0.5,0.6275371757694463,0.6223087824623479,0.6312213369540217,0.6261088825698895,0.6331609358833747,0.6203965387568867,0.6406930286281958,0.6322037078685087,0.6184040792185534,0.645000484489955,1.0,0.6294777172118637
2,11,0.2755710044401182,0.91556,5000,1.8262436257468329,0.8487394957983193,833,1.834850397353736,0.848,0.815912168124358,0.08354412108712918,,,1.0,,1.0,0.0,0.9687763717434514,0.40624860217760767,5,0.1,0.5,0.633161892277312,0.6240014201839726,0.628104891531191,0.6320334577347073,0.6313627892040226,0.630925812071831,0.6346601876635855,0.6354511967847214,0.634214256692196,0.641057762482131,0.6294777172118637,1.0
3,0,0.2557248431628653,0.92132,5000,1.5974885357750788,0.907673860911271,834,1.6070647030211866,0.9032,0.8025797094337991,0.08291867327691566,,,1.0,,1.0,0.0,0.9708623381433354,0.40371672221344485,5,0.1,0.5,1.0,0.6127123907304506,0.6208832944510378,0.6187168036144413,0.6172335150710005,0.6142436300180293,0.6192769759844782,0.6105902891912537,0.6159416675828878,0.6141347472837135,0.6176152784280519,0.6166950515509262
3,1,0.24570788669809224,0.92848,5000,1.6005595525105794,0.9088729016786571,834,1.6064948883300392,0.9035,0.8045762689878998,0.08298524955122759,,,1.0,,1.0,0.0,0.9708623381433354,0.40371672221344485,5,0.1,0.5,0.6127123907304506,1.0,0.6231837075801373,0.6203879459318885,0.6255855865216966,0.6102196725205012,0.6257926305880439,0.6058309300102633,0.615247064090273,0.6265097539706606,0.6122548188290983,0.6196325015910593
3,2,0.2503305187567499,0.92432,5000,1.6097917998278584,0.9100719424460432,834,1.6058675922905674,0.9033,0.8103203414767348,0.08355878872217681,,,1.0,,1.0,0.0,0.9708623381433354,0.40371672221344485,5,0.1,0.5,0.6208832944510378,0.6231837075801373,1.0,0.6232865017283883,0.6231990147974393,0.6258469749024189,0.6295054110208039,0.6210787363097636,0.6199479572609814,0.6222579110474799,0.6158301550871849,0.6254060482397072
3,3,0.24736899807930562,0.92564,5000,1.5860085752275255,0.919664268585132,834,1.6057405319457618,0.9034,0.8081803627043864,0.08344166464705909,,,1.0,,1.0,0.0,0.9708623381433354,0.40371672221344485,5,0.1,0.5,0.6187168036144413,0.6203879459318885,0.6232865017283883,1.0,0.6226879669086931,0.6263004073834051,0.6214567929949026,0.6106221146053384,0.6129023484070921,0.6255932519466303,0.626083487152355,0.6219977543480877
3,4,0.22888629361779494,0.93224,5000,1.6156215844330963,0.8847539015606243,833,1.6067636249164423,0.9033,0.8114574860859031,0.08324123164213415,,,1.0,,1.0,0.0,0.9708623381433354,0.40371672221344485,5,0.1,0.5,0.6172335150710005,0.6255855865216966,0.6231990147974393,0.6226879669086931,1.0,0.6252421675936782,0.6252841420601232,0.6279381306617485,0.621340431353643,0.6287555598681283,0.6206508676245457,0.625978673137191
3,5,0.2502497716955129,0.92464,5000,1.603954584510238,0.8991596638655462,833,1.6057580880844555,0.9034,0.8081133491663451,0.08353429098915559,,,1.0,,1.0,0.0,0.9708623381433354,0.40371672221344485,5,0.1,0.5,0.6142436300180293,0.6102196725205012,0.6258469749024189,0.6263004073834051,0.6252421675936782,1.0,0.6234660299534173,0.6135910039171472,0.6202364633722488,0.6313986803645613,0.6192829032077738,0.6188090058909362
3,6,0.23405055305119724,0.92952,5000,1.6078683844319097,0.9111644657863145,833,1.6057499890891127,0.9034,0.8124711286566098,0.08376277161533112,,,1.0,,1.0,0.0,0.9708623381433354,0.40371672221344485,5,0.1,0.5,0.6192769759844782,0.6257926305880439,0.6295054110208039,0.6214567929949026,0.6252841420601232,0.6234660299534173,1.0,0.6185158213078965,0.621585117709357,0.6267024154426509,0.6333312607717856,0.6255644488966389
3,7,0.25211489061783454,0.92536,5000,1.607663914009377,0.9087635054021609,833,1.6059636791674092,0.9033,0.8022735911825043,0.08317349487912862,,,1.0,,1.0,0.0,0.9708623381433354,0.40371672221344485,5,0.1,0.5,0.6105902891912537,0.6058309300102633,0.6210787363097636,0.6106221146053384,0.6279381306617485,0.6135910039171472,0.6185158213078965,1.0,0.6098229160838641,0.622366458004894,0.6169296556938075,0.6159239068996555
3,8,0.24927283344066636,0.92288,5000,1.6162975585019146,0.8919567827130852,833,1.60577407812539,0.9033,0.8033638233089104,0.08318348003964084,,,1.0,,1.0,0.0,0.9708623381433354,0.40371672221344485,5,0.1,0.5,0.6159416675828878,0.615247064090273,0.6199479572609814,0.6129023484070921,0.621340431353643,0.6202364633722488,0.621585117709357,0.6098229160838641,1.0,0.6140049194532914,0.6100870545096204,0.6228370223203172
3,9,0.25264312494546176,0.92452,5000,1.6126728499377216,0.9039615846338536,833,1.6061003299566885,0.9033,0.8115242431864527,0.08363641304082024,,,1.0,,1.0,0.0,0.9708623381433354,0.40371672221344485,5,0.1,0.5,0.6141347472837135,0.6265097539706606,0.6222579110474799,0.6255932519466303,0.6287555598681283,0.6313986803645613,0.6267024154426509,0.622366458004894,0.6140049194532914,1.0,0.6315614915717596,0.6186403401962854
3,10,0.2504538714624704,0.92544,5000,1.627429926836932,0.8919567827130852,833,1.6071183871918213,0.9034,0.8066074740636962,0.08308262911851272,,,1.0,,1.0,0.0,0.9708623381433354,0.40371672221344485,5,0.1,0.5,0.6176152784280519,0.6122548188290983,0.6158301550871849,0.626083487152355,0.6206508676245457,0.6192829032077738,0.6333312607717856,0.6169296556938075,0.6100870545096204,0.6315614915717596,1.0,0.6131664036478196
3,11,0.2546940246911328,0.92256,5000,1.599850959248013,0.9039615846338536,833,1.6057413816452026,0.9034,0.8076684451297576,0.08348131247789776,,,1.0,,1.0,0.0,0.9708623381433354,0.40371672221344485,5,0.1,0.5,0.6166950515509262,0.6196325015910593,0.6254060482397072,0.6219977543480877,0.625978673137191,0.6188090058909362,0.6255644488966389,0.6159239068996555,0.6228370223203172,0.6186403401962854,0.6131664036478196,1.0
4,0,0.23423802667552499,0.92916,5000,1.3467999829186335,0.9316546762589928,834,1.3595999433590582,0.93,0.7938851903352385,0.08291074762522095,,,1.0,,1.0,0.0,0.9705622959661018,0.3990456348784356,5,0.1,0.5,1.0,0.590231733778291,0.6016349954522864,0.5981106511609965,0.5972503288491463,0.6053000916424888,0.6006113086508046,0.6032080642133956,0.6029163219555259,0.6027604667970513,0.5983442775142525,0.6046624529806441
4,1,0.2245234938326535,0.93332,5000,1.353841154663651,0.9388489208633094,834,1.3589392062574148,0.9302,0.7927787126879214,0.08291629304968332,,,1.0,,1.0,0.0,0.9705622959661018,0.3990456348784356,5,0.1,0.5,0.590231733778291,1.0,0.6064738624722037,0.6005709589207248,0.5942748388584167,0.5982525571629248,0.6044574988381244,0.5987710396147443,0.6024524550965449,0.6031333441112341,0.5928755642005735,0.6025667838296322
4,2,0.22704040779180493,0.9314,5000,1.3603893915812175,0.9364508393285371,834,1.3582149702139175,0.9302,0.804854833129897,0.083720204204649,,,1.0,,1.0,0.0,0.9705622959661018,0.3990456348784356,5,0.1,0.5,0.6016349954522864,0.6064738624722037,1.0,0.6100226528004469,0.6076421083296529,0.6239505574518748,0.6109057285699429,0.6114607744823941,0.6016237875688547,0.6123414488789605,0.6066236603248202,0.6143006969536764
4,3,0.23233651219612095,0.9324,5000,1.3360511550196894,0.9400479616306955,834,1.3580785970718334,0.9303,0.7962600082874222,0.08334157158627746,,,1.0,,1.0,0.0,0.9705622959661018,0.3990456348784356,5,0.1,0.5,0.5981106511609965,0.6005709589207248,0.6100226528004469,1.0,0.6070816569914697,0.6078901901504338,0.5995004996783051,0.6010795063537869,0.5965128848095858,0.6006924011527803,0.602329844575379,0.601501444862975
4,4,0.20961110973404423,0.93748,5000,1.367407895900585,0.9171668667466987,833,1.3592587762747328,0.9301,0.7976214393531077,0.08325595040508407,,,1.0,,1.0,0.0,0.9705622959661018,0.3990456348784356,5,0.1,0.5,0.5972503288491463,0.5942748388584167,0.6076421083296529,0.6070816569914697,1.0,0.6081758194831871,0.6060614237416089,0.605039368720449,0.608594530517274,0.6026174007248228,0.6054422892008416,0.5970774378548545
4,5,0.22617718078504512,0.92992,5000,1.351798035480358,0.9267707082833133,833,1.3580987026897102,0.9303,0.8033152677816354,0.08365004209321643,,,1.0,,1.0,0.0,0.9705622959661018,0.3990456348784356,5,0.1,0.5,0.6053000916424888,0.5982525571629248,0.6239505574518748,0.6078901901504338,0.6081758194831871,1.0,0.6096177239870201,0.6048358731217073,0.6114979401895025,0.6094488677107619,0.6027687454686257,0.6106123100613287
4,6,0.2155335395377438,0.93672,5000,1.3620180068192658,0.9387755102040817,833,1.3580894592090156,0.9303,0.7997223151523942,0.08367622326726955,,,1.0,,1.0,0.0,0.9705622959661018,0.3990456348784356,5,0.1,0.5,0.6006113086508046,0.6044574988381244,0.6109057285699429,0.5995004996783051,0.6060614237416089,0.6096177239870201,1.0,0.6031590486861746,0.6060882941607451,0.601204801048923,0.6053647971526364,0.6099716059864799
4,7,0.2323140785560771,0.93092,5000,1.3607890826684457,0.9423769507803121,833,1.3583247951044441,0.9302,0.7967016081607973,0.08317872640988923,,,1.0,,1.0,0.0,0.9705622959661018,0.3990456348784356,5,0.1,0.5,0.6032080642133956,0.5987710396147443,0.6114607744823941,0.6010795063537869,0.605039368720449,0.6048358731217073,0.6031590486861746,1.0,0.6016285899780055,0.5998729181282991,0.5993899089165992,0.6023625964605105
4,8,0.22826297278427016,0.93188,5000,1.3704148751718026,0.9159663865546218,833,1.358117861869617,0.9303,0.7966221930135745,0.08318258625954333,,,1.0,,1.0,0.0,0.9705622959661018,0.3990456348784356,5,0.1,0.5,0.6029163219555259,0.6024524550965449,0.6016237875688547,0.5965128848095858,0.608594530517274,0.6114979401895025,0.6060882941607451,0.6016285899780055,1.0,0.6011181638679571,0.5949906012050569,0.6025769233174687
4,9,0.22572846754934567,0.93196,5000,1.3672465527499165,0.9279711884753902,833,1.3584852869899129,0.9302,0.7995380739450508,0.08358576399524946,,,1.0,,1.0,0.0,0.9705622959661018,0.3990456348784356,5,0.1,0.5,0.6027604667970513,0.6031333441112341,0.6123414488789605,0.6006924011527803,0.6026174007248228,0.6094488677107619,0.601204801048923,0.5998729181282991,0.6011181638679571,1.0,0.6127233120897261,0.6098732211947856
4,10,0.23375241418019127,0.92936,5000,1.3830757406022813,0.9183673469387755,833,1.3596602480251567,0.9301,0.795940728045137,0.08309168683113097,,,1.0,,1.0,0.0,0.9705622959661018,0.3990456348784356,5,0.1,0.5,0.5983442775142525,0.5928755642005735,0.6066236603248202,0.602329844575379,0.6054422892008416,0.6027687454686257,0.6053647971526364,0.5993899089165992,0.5949906012050569,0.6127233120897261,1.0,0.6030013816566678
4,11,0.2287694427048325,0.93184,5000,1.355173110961914,0.9267707082833133,833,1.3580797430806266,0.9303,0.799754174973037,0.08349020427278622,,,1.0,,1.0,0.0,0.9705622959661018,0.3990456348784356,5,0.1,0.5,0.6046624529806441,0.6025667838296322,0.6143006969536764,0.601501444862975,0.5970774378548545,0.6106123100613287,0.6099716059864799,0.6023625964605105,0.6025769233174687,0.6098732211947856,0.6030013816566678,1.0
5,0,0.22035712728359896,0.9332,5000,1.0953829774150141,0.9448441247002398,834,1.111266636239073,0.942,0.7819349429378757,0.08290075180862387,,,1.0,,1.0,0.0,0.9697482786940168,0.39310847249021746,5,0.1,0.5,1.0,0.5729489506550225,0.585398662612642,0.5750572938860027,0.571444348017071,0.574348944210342,0.584476443512695,0.5846592257715386,0.5752138128819033,0.5867489450924176,0.578394240374821,0.5905751709276507
5,1,0.2033534236845507,0.9384,5000,1.106207013130188,0.9496402877697842,834,1.1105689619676755,0.9421,0.7829365491324445,0.08293968234476164,,,1.0,,1.0,0.0,0.9697482786940168,0.39310847249021746,5,0.1,0.5,0.5729489506550225,1.0,0.5859576061453967,0.579511765342042,0.5744454860321684,0.5765544136855871,0.5921924250245071,0.5754350679829184,0.5762630621281454,0.5855414733158383,0.57924490241141,0.5905428277211288
5,2,0.21320944944467798,0.93632,5000,1.109624814104151,0.947242206235012,834,1.1097963640865045,0.9421,0.7915981128937413,0.08378147308671215,,,1.0,,1.0,0.0,0.9697482786940168,0.39310847249021746,5,0.1,0.5,0.585398662612642,0.5859576061453967,1.0,0.5851862553963599,0.5819417762328468,0.5901122958814871,0.5945900930913376,0.5839371598532136,0.578908741406031,0.5903896200356573,0.5884396820549538,0.6015202453776933
5,3,0.21405813744303528,0.93596,5000,1.0872824412805062,0.9496402877697842,834,1.109660323435506,0.9423,0.783516532299569,0.08324425192527221,,,1.0,,1.0,0.0,0.9697482786940168,0.39310847249021746,5,0.1,0.5,0.5750572938860027,0.579511765342042,0.5851862553963599,1.0,0.5767804083564424,0.5803155896725808,0.5863719089534265,0.5772962008578664,0.5736052974867277,0.5808342951980197,0.5818883974549268,0.5951545634871509
5,4,0.19348030275647427,0.94068,5000,1.1179945248144645,0.9351740696278511,833,1.1109125202837082,0.9421,0.7812980957386765,0.08310902033259535,,,1.0,,1.0,0.0,0.9697482786940168,0.39310847249021746,5,0.1,0.5,0.571444348017071,0.5744454860321684,0.5819417762328468,0.5767804083564424,1.0,0.5756691320318607,0.5808141836361204,0.5778852058329986,0.5776600757577343,0.5807626852498884,0.5824737168032812,0.5916585294464332
5,5,0.22640929226259326,0.93352,5000,1.100182467036777,0.9399759903961584,833,1.1096816718007048,0.9423,0.7828429390562653,0.08342668352789501,,,1.0,,1.0,0.0,0.9697482786940168,0.39310847249021746,5,0.1,0.5,0.574348944210342,0.5765544136855871,0.5901122958814871,0.5803155896725808,0.5756691320318607,1.0,0.5865458166578985,0.5712192678423368,0.5796264863575308,0.5843865188597654,0.5798140659330293,0.5854588918678107
5,6,0.19637583336855172,0.94212,5000,1.1147579926031608,0.9519807923169268,833,1.1096719379623097,0.9423,0.7928373547631009,0.08379566726805669,,,1.0,,1.0,0.0,0.9697482786940168,0.39310847249021746,5,0.1,0.5,0.584476443512695,0.5921924250245071,0.5945900930913376,0.5863719089534265,0.5808141836361204,0.5865458166578985,1.0,0.5870090663790652,0.5864413539310714,0.5938514226208761,0.5891044116859417,0.5969490183061621
5,7,0.2198262007847713,0.9346,5000,1.1128075498121757,0.9483793517406963,833,1.1099130423685994,0.9421,0.7829849265810225,0.08311674247105309,,,1.0,,1.0,0.0,0.9697482786940168,0.39310847249021746,5,0.1,0.5,0.5846592257715386,0.5754350679829184,0.5839371598532136,0.5772962008578664,0.5778852058329986,0.5712192678423368,0.5870090663790652,1.0,0.5783936315158995,0.5838489901864053,0.5789568769153075,0.5892410163793488
5,8,0.2156718563567254,0.93568,5000,1.1225238420345165,0.9279711884753902,833,1.109703076342805,0.9423,0.7807038512049742,0.08303909945403025,,,1.0,,1.0,0.0,0.9697482786940168,0.39310847249021746,5,0.1,0.5,0.5752138128819033,0.5762630621281454,0.578908741406031,0.5736052974867277,0.5776600757577343,0.5796264863575308,0.5864413539310714,0.5783936315158995,1.0,0.5789269624252777,0.5758737522946306,0.585391312872674
5,9,0.20511323394977554,0.93624,5000,1.1208198136753507,0.9423769507803121,833,1.110083670661853,0.9421,0.7906814882721108,0.08365940334900904,,,1.0,,1.0,0.0,0.9697482786940168,0.39310847249021746,5,0.1,0.5,0.5867489450924176,0.5855414733158383,0.5903896200356573,0.5808342951980197,0.5807626852498884,0.5843865188597654,0.5938514226208761,0.5838489901864053,0.5789269624252777,1.0,0.5945968598103908,0.5985594187403384
5,10,0.21510703903237346,0.93544,5000,1.1370820999145508,0.929171668667467,833,1.11132726520776,0.9421,0.7863655009930561,0.08317747236204782,,,1.0,,1.0,0.0,0.9697482786940168,0.39310847249021746,5,0.1,0.5,0.578394240374821,0.57924490241141,0.5884396820549538,0.5818883974549268,0.5824737168032812,0.5798140659330293,0.5891044116859417,0.5789568769153075,0.5758737522946306,0.5945968598103908,1.0,0.5913168716052185
5,11,0.2125919972931978,0.93656,5000,1.1091341928199485,0.9399759903961584,833,1.109661573609605,0.9423,0.7967722095702391,0.08380975206994307,,,1.0,,1.0,0.0,0.9697482786940168,0.39310847249021746,5,0.1,0.5,0.5905751709276507,0.5905428277211288,0.6015202453776933,0.5951545634871509,0.5916585294464332,0.5854588918678107,0.5969490183061621,0.5892410163793488,0.585391312872674,0.5985594187403384,0.5913168716052185,1.0
6,0,0.20155070112175813,0.93988,5000,0.8606336138866566,0.9508393285371702,834,0.879181178042683,0.9481,0.7659119214021194,0.0829271583704219,,,1.0,,1.0,0.0,0.9677642203218099,0.38458227755531404,5,0.1,0.5,1.0,0.5486186648843239,0.548429808288447,0.5491215745487595,0.5561200539029358,0.5517029279419194,0.5495860578164252,0.557855579188334,0.550335316691833,0.5489376424969906,0.556470566460647,0.5545351307473844
6,1,0.19045155896467103,0.94248,5000,0.8733585896315398,0.9520383693045563,834,0.8784968782537661,0.9482,0.7690494488745018,0.0830645023321345,,,1.0,,1.0,0.0,0.9677642203218099,0.38458227755531404,5,0.1,0.5,0.5486186648843239,1.0,0.5598560466746941,0.5524222286224751,0.5552991333027839,0.5557940461745867,0.5593776784105505,0.5486227226504672,0.553299186720073,0.552004513119571,0.5601482891322194,0.5548795915834455
6,2,0.19463009087184954,0.942,5000,0.8751740985446506,0.9520383693045563,834,0.8777438543094233,0.9481,0.7743300673391833,0.08381812296596006,,,1.0,,1.0,0.0,0.9677642203218099,0.38458227755531404,5,0.1,0.5,0.548429808288447,0.5598560466746941,1.0,0.5655737525714345,0.5594744296349163,0.5685751998744157,0.5544218434828648,0.554459496930905,0.5437382158787283,0.557360658265965,0.5644531465439532,0.5682032080695594
6,3,0.19762296813753713,0.94144,5000,0.8555713538770322,0.9556354916067147,834,0.8776175829168326,0.9481,0.7672429929229582,0.0832055005180252,,,1.0,,1.0,0.0,0.9677642203218099,0.38458227755531404,5,0.1,0.5,0.5491215745487595,0.5524222286224751,0.5655737525714345,1.0,0.555817742482191,0.5590050209088765,0.5473150450795057,0.5513308715851069,0.5446367897532427,0.5508679857970445,0.553569779511077,0.5523714920044744
6,4,0.18014577021644373,0.94664,5000,0.8858064501373856,0.943577430972389,833,0.8788376041113759,0.9482,0.7708246120677636,0.0832413567743489,,,1.0,,1.0,0.0,0.9677642203218099,0.38458227755531404,5,0.1,0.5,0.5561200539029358,0.5552991333027839,0.5594744296349163,0.555817742482191,1.0,0.563613495995245,0.5523418491650748,0.5577745573844731,0.5489386168123753,0.5524783272440431,0.5591540728419986,0.5548705091965933
6,5,0.19741106675285253,0.94,5000,0.8663543904269183,0.9495798319327731,833,0.877638577272336,0.9481,0.7753890913730702,0.08361684787823356,,,1.0,,1.0,0.0,0.9677642203218099,0.38458227755531404,5,0.1,0.5,0.5517029279419194,0.5557940461745867,0.5685751998744157,0.5590050209088765,0.563613495995245,1.0,0.5605481487822398,0.5571064793514274,0.5554495960511007,0.5609314781748794,0.5641048457203122,0.5593781055040062
6,6,0.18606417613240422,0.9448,5000,0.8825027677747939,0.9567827130852341,833,0.8776291753537357,0.9481,0.7674988641028772,0.08358569169631606,,,1.0,,1.0,0.0,0.9677642203218099,0.38458227755531404,5,0.1,0.5,0.5495860578164252,0.5593776784105505,0.5544218434828648,0.5473150450795057,0.5523418491650748,0.5605481487822398,1.0,0.5457674857640342,0.5512912110806301,0.5479342536398545,0.559555642831191,0.553369489944927
6,7,0.20114883591723481,0.93928,5000,0.8811487952868143,0.9555822328931572,833,0.8778568456728999,0.9481,0.7669492273281937,0.0831092747334452,,,1.0,,1.0,0.0,0.9677642203218099,0.38458227755531404,5,0.1,0.5,0.557855579188334,0.5486227226504672,0.554459496930905,0.5513308715851069,0.5577745573844731,0.5571064793514274,0.5457674857640342,1.0,0.5486741546571483,0.548606594080397,0.5559460113792742,0.5539848562588726
6,8,0.19738370835792962,0.9422,5000,0.8916109557505008,0.936374549819928,833,0.8776599814335759,0.9481,0.7620922853844232,0.08288496798579545,,,1.0,,1.0,0.0,0.9677642203218099,0.38458227755531404,5,0.1,0.5,0.550335316691833,0.553299186720073,0.5437382158787283,0.5446367897532427,0.5489386168123753,0.5554495960511007,0.5512912110806301,0.5486741546571483,1.0,0.5377907396165447,0.5430188847229787,0.5585203448700531
6,9,0.20064273421848372,0.93896,5000,0.8917177142920317,0.9459783913565426,833,0.8780223849101569,0.9482,0.7658834643894764,0.08343675696021115,,,1.0,,1.0,0.0,0.9677642203218099,0.38458227755531404,5,0.1,0.5,0.5489376424969906,0.552004513119571,0.557360658265965,0.5508679857970445,0.5524783272440431,0.5609314781748794,0.5479342536398545,0.548606594080397,0.5377907396165447,1.0,0.5608895133314304,0.5494703394648204
6,10,0.19845863714559112,0.93956,5000,0.9072415497567918,0.9351740696278511,833,0.8792357450476089,0.9481,0.7731518210859685,0.08336986577759253,,,1.0,,1.0,0.0,0.9677642203218099,0.38458227755531404,5,0.1,0.5,0.556470566460647,0.5601482891322194,0.5644531465439532,0.553569779511077,0.5591540728419986,0.5641048457203122,0.559555642831191,0.5559460113792742,0.5430188847229787,0.5608895133314304,1.0,0.5595596130756579
6,11,0.19808942408413643,0.93972,5000,0.8785035566047386,0.943577430972389,833,0.8776188346143728,0.9481,0.7715860640070353,0.08373995400751555,,,1.0,,1.0,0.0,0.9677642203218099,0.38458227755531404,5,0.1,0.5,0.5545351307473844,0.5548795915834455,0.5682032080695594,0.5523714920044744,0.5548705091965933,0.5593781055040062,0.553369489944927,0.5539848562588726,0.5585203448700531,0.5494703394648204,0.5595596130756579,1.0
7,0,0.18986148567288924,0.94216,5000,0.6576413821291041,0.9556354916067147,834,0.6786943110414206,0.9524,0.7481515318396751,0.08284378856816398,,,1.0,,1.0,0.0,0.9645575059789375,0.377087013098645,5,0.1,0.5,1.0,0.5212339046019746,0.5214451661413559,0.5140575737949251,0.5238799859219001,0.5191615873941138,0.5261336234271179,0.5232577947398747,0.5305614848080403,0.5318316900996037,0.5281396966060373,0.5334313004609345
7,1,0.1771250029207225,0.94544,5000,0.6735028955671523,0.9532374100719424,834,0.6780901290357303,0.9525,0.7503656125910186,0.08301575354270942,,,1.0,,1.0,0.0,0.9645575059789375,0.377087013098645,5,0.1,0.5,0.5212339046019746,1.0,0.5244426297273996,0.5311584004734871,0.5266102844171586,0.5234507658700651,0.5296961172947083,0.5222804853906906,0.5303437449183185,0.5261519576927874,0.5220379820230726,0.5349609853970824
7,2,0.18185192881757098,0.94416,5000,0.6718854308128357,0.9556354916067147,834,0.6774149746559679,0.9524,0.7539389918134604,0.08365362081094474,,,1.0,,1.0,0.0,0.9645575059789375,0.377087013098645,5,0.1,0.5,0.5214451661413559,0.5244426297273996,1.0,0.5326775390497113,0.5287628046279688,0.5373142026609996,0.5248845682754478,0.5279024564621777,0.524465257657283,0.5386814411015228,0.5242034772289046,0.5355636312237729
7,3,0.18519641457000974,0.94416,5000,0.6576936664404692,0.9592326139088729,834,0.6773068508781945,0.9525,0.7484647025743808,0.08304349171594265,,,1.0,,1.0,0.0,0.9645575059789375,0.377087013098645,5,0.1,0.5,0.5140575737949251,0.5311584004734871,0.5326775390497113,1.0,0.5205206220118007,0.5256087382571616,0.5184422404427357,0.5203457996943962,0.5177875687071574,0.5363585827604804,0.5260882780432254,0.5311935721410567
7,4,0.1680109625700031,0.9496,5000,0.6835420396592882,0.9519807923169268,833,0.6783947131504267,0.9524,0.7546158311289707,0.08328707102312888,,,1.0,,1.0,0.0,0.9645575059789375,0.377087013098645,5,0.1,0.5,0.5238799859219001,0.5266102844171586,0.5287628046279688,0.5205206220118007,1.0,0.5271721454869702,0.5270355713939963,0.533751630794502,0.532682891161876,0.5352112021533902,0.5399026312821568,0.5342921450247625
7,5,0.18658738416993315,0.9426,5000,0.664241945302045,0.9507803121248499,833,0.6773258228652393,0.9525,0.7549422957547208,0.08355305312431903,,,1.0,,1.0,0.0,0.9645575059789375,0.377087013098645,5,0.1,0.5,0.5191615873941138,0.5234507658700651,0.5373142026609996,0.5256087382571616,0.5271721454869702,1.0,0.5333769653081565,0.5240715567108275,0.5313382664478793,0.5504465923945652,0.529247071227039,0.5293403973368889
7,6,0.1728125656861886,0.94952,5000,0.6814705663257175,0.9603841536614646,833,0.6773173142545901,0.9525,0.7544305542264163,0.0835137051980898,,,1.0,,1.0,0.0,0.9645575059789375,0.377087013098645,5,0.1,0.5,0.5261336234271179,0.5296961172947083,0.5248845682754478,0.5184422404427357,0.5270355713939963,0.5333769653081565,1.0,0.5327491465866893,0.5343614367386863,0.5343927886848627,0.5314283216481438,0.5337231068460286
7,7,0.18688163571089364,0.94352,5000,0.6808286331318043,0.957983193277311,833,0.6775171061674246,0.9524,0.7524993517650495,0.0831221498255791,,,1.0,,1.0,0.0,0.9645575059789375,0.377087013098645,5,0.1,0.5,0.5232577947398747,0.5222804853906906,0.5279024564621777,0.5203457996943962,0.533751630794502,0.5240715567108275,0.5327491465866893,1.0,0.5314399697519986,0.5357780752810799,0.530762957442043,0.529069803995188
