round,client_id,client_i_training_loss,client_i_training_accuracy,client_i_training_dataset_size,client_i_evaluation_loss,client_i_evaluation_accuracy,client_i_evaluation_dataset_size,client_i_central_evaluation_loss,client_i_central_evaluation_accuracy,client_i_cosine_similarity,client_i_importance_coefficient,client_i_tanh_val,tanh_normalization_value,client_i_q,client_i_mask_order,client_i_v_nonzero_fraction,client_i_v_sparsity,client_i_v_cosine_similarity,client_i_reward_gradient_norm,local_epochs,learning_rate,gamma,client_0_cosine_similarity,client_1_cosine_similarity,client_2_cosine_similarity,client_3_cosine_similarity,client_4_cosine_similarity,client_5_cosine_similarity,client_6_cosine_similarity,client_7_cosine_similarity,client_8_cosine_similarity,client_9_cosine_similarity,client_10_cosine_similarity,client_11_cosine_similarity
0,0,2.157099812805273,0.429,5000,2.2518250942230225,0.3105515587529976,834,2.252184116040556,0.2951,0.9952375531613615,0.08323535413789881,,,0.96,,0.9600139182880506,0.039986081711949395,0,0.09964088339730016,5,0.001,0.1,1.0,0.9912857188865739,0.9893788868402636,0.9900933436285714,0.9904495054755226,0.9927517402742624,0.9926706495166439,0.9937974722529295,0.9909302225136832,0.9922634138445091,0.9845730133965499,0.991770867620678
0,1,2.1488980352498923,0.37736,5000,2.254811339908176,0.2853717026378897,834,2.252184116040556,0.2951,0.9980410282124489,0.08346981900304863,,,0.96,,0.9600139182880506,0.039986081711949395,0,0.09964088339730016,5,0.001,0.1,0.9912857188865739,1.0,0.9954775860291364,0.9919320558096274,0.9933737589622014,0.9874588965538982,0.9946314993080645,0.9962574589064154,0.9966570103713589,0.9948098321301674,0.9959032161788588,0.9956986978525304
0,2,2.149447315513708,0.38488,5000,2.252034134334988,0.2733812949640288,834,2.252184116040556,0.2951,0.9967700212389613,0.08336352004435889,,,0.96,,0.9600139182880506,0.039986081711949395,0,0.09964088339730016,5,0.001,0.1,0.9893788868402636,0.9954775860291364,1.0,0.9902181624428948,0.9945953970550812,0.986568028567307,0.9958582907920976,0.992368614314868,0.9952650867525951,0.9925688333097707,0.9931045503940569,0.9928849798803594
0,3,2.1450256914090198,0.42872,5000,2.249350256390042,0.2949640287769784,834,2.252184116040556,0.2951,0.994845607534803,0.0832025742925988,,,0.96,,0.9600139182880506,0.039986081711949395,0,0.09964088339730016,5,0.001,0.1,0.9900933436285714,0.9919320558096274,0.9902181624428948,1.0,0.9908655018064915,0.9842256794706955,0.9889406924230655,0.9932384929781721,0.9934158415208754,0.9909125847341372,0.9893007601113651,0.9921352614470468
0,4,2.1507454241916633,0.44064,5000,2.2527168415210865,0.29891956782713086,833,2.252184116040556,0.2951,0.9970153021005947,0.08338403377931237,,,0.96,,0.9600139182880506,0.039986081711949395,0,0.09964088339730016,5,0.001,0.1,0.9904495054755226,0.9933737589622014,0.9945953970550812,0.9908655018064915,1.0,0.990946914120572,0.9945968247645184,0.9923060923984889,0.9954826392222514,0.993798547819276,0.9905593334580525,0.9942467012375651
0,5,2.1558854406806316,0.44184,5000,2.2513711629090487,0.30732292917166865,833,2.252184116040556,0.2951,0.9929266557776707,0.08304208534343174,,,0.96,,0.9600139182880506,0.039986081711949395,0,0.09964088339730016,5,0.001,0.1,0.9927517402742624,0.9874588965538982,0.986568028567307,0.9842256794706955,0.990946914120572,1.0,0.9913818455511452,0.9901911227311406,0.9877673870169842,0.992382960245537,0.97945803428591,0.9892010345098506
0,6,2.154232392493327,0.3896,5000,2.2510257562001548,0.2809123649459784,833,2.252184116040556,0.2951,0.9972312675428151,0.08340209575859327,,,0.96,,0.9600139182880506,0.039986081711949395,0,0.09964088339730016,5,0.001,0.1,0.9926706495166439,0.9946314993080645,0.9958582907920976,0.9889406924230655,0.9945968247645184,0.9913818455511452,1.0,0.9937465274632487,0.9943952629389144,0.9930544120388933,0.9918445786923021,0.9926829122812303
0,7,2.1470912658484878,0.40464,5000,2.2517904528865107,0.2845138055222089,833,2.252184116040556,0.2951,0.9974974975535681,0.08342436154745621,,,0.96,,0.9600139182880506,0.039986081711949395,0,0.09964088339730016,5,0.001,0.1,0.9937974722529295,0.9962574589064154,0.992368614314868,0.9932384929781721,0.9923060923984889,0.9901911227311406,0.9937465274632487,1.0,0.9943139484733348,0.9940169206597759,0.9923380486400984,0.9944120852847103
0,8,2.1520137505926145,0.4058,5000,2.2505767522034823,0.31212484993997597,833,2.252184116040556,0.2951,0.9978907790099527,0.08345725311308701,,,0.96,,0.9600139182880506,0.039986081711949395,0,0.09964088339730016,5,0.001,0.1,0.9909302225136832,0.9966570103713589,0.9952650867525951,0.9934158415208754,0.9954826392222514,0.9877673870169842,0.9943952629389144,0.9943139484733348,1.0,0.9943512805972683,0.9941363250882208,0.9949742102202789
0,9,2.153854956900238,0.4198,5000,2.254541458906951,0.28211284513805523,833,2.252184116040556,0.2951,0.9972264159868771,0.08340169000523785,,,0.96,,0.9600139182880506,0.039986081711949395,0,0.09964088339730016,5,0.001,0.1,0.9922634138445091,0.9948098321301674,0.9925688333097707,0.9909125847341372,0.993798547819276,0.992382960245537,0.9930544120388933,0.9940169206597759,0.9943512805972683,1.0,0.9902686411345817,0.9953180594075175
0,10,2.1431601020181255,0.37828,5000,2.2493834142331726,0.3205282112845138,833,2.252184116040556,0.2951,0.99478204777248,0.08319725855736645,,,0.96,,0.9600139182880506,0.039986081711949395,0,0.09964088339730016,5,0.001,0.1,0.9845730133965499,0.9959032161788588,0.9931045503940569,0.9893007601113651,0.9905593334580525,0.97945803428591,0.9918445786923021,0.9923380486400984,0.9941363250882208,0.9902686411345817,1.0,0.9930318969988101
0,11,2.153443327527137,0.4088,5000,2.243360854961254,0.290516206482593,833,2.252184116040556,0.2951,0.9974448019031427,0.08341995441760992,,,0.96,,0.9600139182880506,0.039986081711949395,0,0.09964088339730016,5,0.001,0.1,0.991770867620678,0.9956986978525304,0.9928849798803594,0.9921352614470468,0.9942467012375651,0.9892010345098506,0.9926829122812303,0.9944120852847103,0.9949742102202789,0.9953180594075175,0.9930318969988101,1.0
1,0,1.9557814412815555,0.53536,5000,2.189660416709052,0.42326139088729015,834,2.188161539955261,0.4362,0.9968170141095078,0.08324660605941347,,,0.96,,0.9600139182880506,0.039986081711949395,0.9656548649123485,0.09976423418381851,5,0.001,0.1,1.0,0.9943495688608978,0.9938055170434696,0.9947121836608819,0.9943571529189029,0.9941199984009487,0.9948611176607722,0.9951639057973766,0.9930682088487953,0.9948541372194898,0.9885639651983815,0.9957479700406173
1,1,1.9486705852921602,0.48108,5000,2.188553156676116,0.4316546762589928,834,2.188161539955261,0.4362,0.9984200400671072,0.08344219941676394,,,0.96,,0.9600139182880506,0.039986081711949395,0.9656548649123485,0.09976423418381851,5,0.001,0.1,0.9943495688608978,1.0,0.9969844705390745,0.9951430437265426,0.9948327976460107,0.9936118152773116,0.9968985180672002,0.9972176343209656,0.996371522833796,0.9967784302544457,0.9935965911167953,0.9969883756436452
1,2,1.9504006370617326,0.47336,5000,2.18793726850439,0.44004796163069543,834,2.188161539955261,0.4362,0.9981270194656786,0.08336752799202528,,,0.96,,0.9600139182880506,0.039986081711949395,0.9656548649123485,0.09976423418381851,5,0.001,0.1,0.9938055170434696,0.9969844705390745,1.0,0.9940151866867927,0.9959336497721988,0.9943486764311065,0.9973079106463539,0.9957488144734932,0.9955734170633219,0.99550220981293,0.9938410483907109,0.9962119573286748
1,3,1.9374873578928078,0.54108,5000,2.183092311576561,0.4304556354916067,834,2.188161539955261,0.4362,0.9973577685970596,0.0832439564606366,,,0.96,,0.9600139182880506,0.039986081711949395,0.9656548649123485,0.09976423418381851,5,0.001,0.1,0.9947121836608819,0.9951430437265426,0.9940151866867927,1.0,0.994603924096341,0.9932828684258678,0.994145081650089,0.9966714393951794,0.9958753504484468,0.9955070273386335,0.990309608414727,0.9958064222251805
1,4,1.9479912233960097,0.53548,5000,2.189262125227186,0.43217286914765907,833,2.188161539955261,0.4362,0.9980652354174769,0.08337811756047167,,,0.96,,0.9600139182880506,0.039986081711949395,0.9656548649123485,0.09976423418381851,5,0.001,0.1,0.9943571529189029,0.9948327976460107,0.9959336497721988,0.994603924096341,1.0,0.9958061515240073,0.9967105738788359,0.9955220082195679,0.9958088012113198,0.9960444347954966,0.9924532312371322,0.9964670756983145
1,5,1.9524074908274753,0.5296,5000,2.1867295194555214,0.4381752701080432,833,2.188161539955261,0.4362,0.9964537754794761,0.08311631466485105,,,0.96,,0.9600139182880506,0.039986081711949395,0.9656548649123485,0.09976423418381851,5,0.001,0.1,0.9941199984009487,0.9936118152773116,0.9943486764311065,0.9932828684258678,0.9958061515240073,1.0,0.9944141740082674,0.9946694574375595,0.9921874128929774,0.9951406470064038,0.9860846589999217,0.9955988902325309
1,6,1.9545056350671561,0.49548,5000,2.189808969144468,0.40936374549819926,833,2.188161539955261,0.4362,0.9984051641332706,0.08340017338453538,,,0.96,,0.9600139182880506,0.039986081711949395,0.9656548649123485,0.09976423418381851,5,0.001,0.1,0.9948611176607722,0.9968985180672002,0.9973079106463539,0.994145081650089,0.9967105738788359,0.9944141740082674,1.0,0.9960562762477494,0.9959913197694142,0.996691117787078,0.9930784549232765,0.9964448579377057
1,7,1.9408846388956544,0.51716,5000,2.186504081443504,0.44417767106842737,833,2.188161539955261,0.4362,0.9983985336671817,0.08341361854734994,,,0.96,,0.9600139182880506,0.039986081711949395,0.9656548649123485,0.09976423418381851,5,0.001,0.1,0.9951639057973766,0.9972176343209656,0.9957488144734932,0.9966714393951794,0.9955220082195679,0.9946694574375595,0.9960562762477494,1.0,0.995607294007569,0.9974736935712318,0.9914875075307832,0.9969037718042013
1,8,1.9523390069888655,0.51664,5000,2.1871916982862682,0.44657863145258103,833,2.188161539955261,0.4362,0.997960946427098,0.08341966769928463,,,0.96,,0.9600139182880506,0.039986081711949395,0.9656548649123485,0.09976423418381851,5,0.001,0.1,0.9930682088487953,0.996371522833796,0.9955734170633219,0.9958753504484468,0.9958088012113198,0.9921874128929774,0.9959913197694142,0.995607294007569,1.0,0.9957396157831648,0.9949528948862306,0.996102416913279
1,9,1.9510776823493325,0.51948,5000,2.191155919322261,0.42857142857142855,833,2.188161539955261,0.4362,0.998333003408388,0.08339759457730869,,,0.96,,0.9600139182880506,0.039986081711949395,0.9656548649123485,0.09976423418381851,5,0.001,0.1,0.9948541372194898,0.9967784302544457,0.99550220981293,0.9955070273386335,0.9960444347954966,0.9951406470064038,0.996691117787078,0.9974736935712318,0.9957396157831648,1.0,0.9912474738871693,0.9967581782311128
1,10,1.9429750794817688,0.47704,5000,2.185178527125606,0.453781512605042,833,2.188161539955261,0.4362,0.9946997655042793,0.08315487506568567,,,0.96,,0.9600139182880506,0.039986081711949395,0.9656548649123485,0.09976423418381851,5,0.001,0.1,0.9885639651983815,0.9935965911167953,0.9938410483907109,0.990309608414727,0.9924532312371322,0.9860846589999217,0.9930784549232765,0.9914875075307832,0.9949528948862306,0.9912474738871693,1.0,0.9926227045143022
1,11,1.9559030760625364,0.5162,5000,2.1763149279135243,0.4561824729891957,833,2.188161539955261,0.4362,0.9986597377171761,0.08341934857167384,,,0.96,,0.9600139182880506,0.039986081711949395,0.9656548649123485,0.09976423418381851,5,0.001,0.1,0.9957479700406173,0.9969883756436452,0.9962119573286748,0.9958064222251805,0.9964670756983145,0.9955988902325309,0.9964448579377057,0.9969037718042013,0.996102416913279,0.9967581782311128,0.9926227045143022,1.0
2,0,1.7494968506940611,0.57796,5000,2.110360525272511,0.5407673860911271,834,2.1065513569706926,0.5451,0.9973073581768033,0.08324086663497307,,,0.96,,0.9600139182880506,0.039986081711949395,0.9892978487753856,0.0998524376678049,5,0.001,0.1,1.0,0.9959755060525802,0.9942807540268731,0.9972775401186157,0.9949362497228144,0.9947173710247885,0.9966378130949864,0.9954352572877052,0.9949154849938517,0.9952262024753983,0.9935561296333654,0.9970747586775237
2,1,1.7471186291639973,0.54552,5000,2.1042573716905384,0.5515587529976019,834,2.1065513569706926,0.5451,0.9989389253151869,0.0834134762292391,,,0.96,,0.9600139182880506,0.039986081711949395,0.9892978487753856,0.0998524376678049,5,0.001,0.1,0.9959755060525802,1.0,0.9976480476967973,0.9972247267281805,0.9967061733776936,0.9957174755896394,0.9979212315225146,0.9975569662820285,0.9975810677666084,0.9979210612791636,0.9976493070954049,0.9976724314962087
2,2,1.7476460068089188,0.54848,5000,2.1064711941613092,0.552757793764988,834,2.1065513569706926,0.5451,0.9985226243531663,0.0833542469764192,,,0.96,,0.9600139182880506,0.039986081711949395,0.9892978487753856,0.0998524376678049,5,0.001,0.1,0.9942807540268731,0.9976480476967973,1.0,0.9962962303218419,0.9971961769655422,0.9957103370591868,0.9978284175445495,0.9971129070350282,0.9972745578404214,0.9974444527847771,0.9975485129375739,0.9962468679099636
2,3,1.7263301904034463,0.59236,5000,2.099608333022506,0.5443645083932853,834,2.1065513569706926,0.5451,0.9985701168729565,0.08327999919179138,,,0.96,,0.9600139182880506,0.039986081711949395,0.9892978487753856,0.0998524376678049,5,0.001,0.1,0.9972775401186157,0.9972247267281805,0.9962962303218419,1.0,0.9970217033173807,0.9961779982920252,0.9971497294376641,0.9970544586763966,0.9972364631096453,0.9967151108845975,0.9958332741504672,0.9971761426281338
2,4,1.7415655871105802,0.58356,5000,2.107679102155897,0.5498199279711885,833,2.1065513569706926,0.5451,0.9986999587839482,0.08336646480155135,,,0.96,,0.9600139182880506,0.039986081711949395,0.9892978487753856,0.0998524376678049,5,0.001,0.1,0.9949362497228144,0.9967061733776936,0.9971961769655422,0.9970217033173807,1.0,0.9976969089322175,0.9972571618918956,0.9973290644207398,0.9976352348299926,0.9975931531854977,0.9964043688725418,0.9969400443807722
2,5,1.7453012499839637,0.57056,5000,2.1044646015873663,0.524609843937575,833,2.1065513569706926,0.5451,0.9978582417133872,0.0831787455713483,,,0.96,,0.9600139182880506,0.039986081711949395,0.9892978487753856,0.0998524376678049,5,0.001,0.1,0.9947173710247885,0.9957174755896394,0.9957103370591868,0.9961779982920252,0.9976969089322175,1.0,0.9961690679178756,0.9966037087121289,0.9963092361858293,0.99694322685171,0.9944356183292549,0.9961576283446916
2,6,1.7519386955127594,0.5588,5000,2.1119107758557356,0.5054021608643458,833,2.1065513569706926,0.5451,0.9989574527145659,0.08338830161653428,,,0.96,,0.9600139182880506,0.039986081711949395,0.9892978487753856,0.0998524376678049,5,0.001,0.1,0.9966378130949864,0.9979212315225146,0.9978284175445495,0.9971497294376641,0.9972571618918956,0.9961690679178756,1.0,0.997435137741239,0.9972033834876768,0.9974924280201193,0.9970069796352434,0.99769654739125
2,7,1.7340134066381272,0.57328,5000,2.103423162742897,0.5474189675870348,833,2.1065513569706926,0.5451,0.9988046936159963,0.08339161638076922,,,0.96,,0.9600139182880506,0.039986081711949395,0.9892978487753856,0.0998524376678049,5,0.001,0.1,0.9954352572877052,0.9975569662820285,0.9971129070350282,0.9970544586763966,0.9973290644207398,0.9966037087121289,0.997435137741239,1.0,0.9975728802642927,0.9980851387958879,0.9968455820661797,0.9969360862045308
2,8,1.7455748108541889,0.57524,5000,2.106860046033506,0.5486194477791116,833,2.1065513569706926,0.5451,0.9987891986337322,0.08339482592069199,,,0.96,,0.9600139182880506,0.039986081711949395,0.9892978487753856,0.0998524376678049,5,0.001,0.1,0.9949154849938517,0.9975810677666084,0.9972745578404214,0.9972364631096453,0.9976352348299926,0.9963092361858293,0.9972033834876768,0.9975728802642927,1.0,0.9979689789294888,0.997290652877633,0.9967934065326802
2,9,1.7455460243164354,0.56524,5000,2.1100362318533437,0.5546218487394958,833,2.1065513569706926,0.5451,0.9989891355663623,0.08338774276552147,,,0.96,,0.9600139182880506,0.039986081711949395,0.9892978487753856,0.0998524376678049,5,0.001,0.1,0.9952262024753983,0.9979210612791636,0.9974444527847771,0.9967151108845975,0.9975931531854977,0.99694322685171,0.9974924280201193,0.9980851387958879,0.9979689789294888,1.0,0.9974216322502152,0.9973660911668045
2,10,1.7417633307207923,0.54468,5000,2.103649271859063,0.5522208883553421,833,2.1065513569706926,0.5451,0.9981740958204186,0.08321258753849173,,,0.96,,0.9600139182880506,0.039986081711949395,0.9892978487753856,0.0998524376678049,5,0.001,0.1,0.9935561296333654,0.9976493070954049,0.9975485129375739,0.9958332741504672,0.9964043688725418,0.9944356183292549,0.9970069796352434,0.9968455820661797,0.997290652877633,0.9974216322502152,1.0,0.9964218769776553
2,11,1.7533381686089144,0.56632,5000,2.0916509672447487,0.5690276110444178,833,2.1065513569706926,0.5451,0.9986806415795851,0.08339112637266911,,,0.96,,0.9600139182880506,0.039986081711949395,0.9892978487753856,0.0998524376678049,5,0.001,0.1,0.9970747586775237,0.9976724314962087,0.9962468679099636,0.9971761426281338,0.9969400443807722,0.9961576283446916,0.99769654739125,0.9969360862045308,0.9967934065326802,0.9973660911668045,0.9964218769776553,1.0
3,0,1.5725118416130164,0.60492,5000,2.0141901440090604,0.5815347721822542,834,2.0074605964624084,0.5852,0.9985935049304301,0.08327380691994464,,,0.96,,0.9600139182880506,0.039986081711949395,0.9942970300735468,0.09986802932956669,5,0.001,0.1,1.0,0.9968960414542818,0.9959255763672322,0.9979767334915746,0.9970874091985419,0.9970689166583601,0.9974928245833207,0.9974983503726381,0.9970909792834176,0.9972245391136122,0.9956479357010524,0.9974109709543841
3,1,1.5748772025108337,0.57788,5000,2.0020277676758944,0.5827338129496403,834,2.0074605964624084,0.5852,0.9988446559745808,0.08338775972512684,,,0.96,,0.9600139182880506,0.039986081711949395,0.9942970300735468,0.09986802932956669,5,0.001,0.1,0.9968960414542818,1.0,0.9975684040895643,0.9974994173854882,0.996642716951009,0.9960085332867069,0.9973260122771364,0.9975370500574889,0.997714677617997,0.9980215861015006,0.9979010354445916,0.9972082105981097
3,2,1.5738506165279704,0.58592,5000,2.0077429789083974,0.5947242206235012,834,2.0074605964624084,0.5852,0.9984402802859773,0.08333838834015944,,,0.96,,0.9600139182880506,0.039986081711949395,0.9942970300735468,0.09986802932956669,5,0.001,0.1,0.9959255763672322,0.9975684040895643,1.0,0.9965563842170926,0.9967750902017072,0.9955522617878138,0.9975861709534316,0.9969352903306123,0.9969353333248467,0.9978775633177119,0.9972215099582816,0.9965435352207678
3,3,1.5477398189010134,0.6214,5000,1.9986690591882776,0.5887290167865707,834,2.0074605964624084,0.5852,0.9988019302836515,0.08330453047542635,,,0.96,,0.9600139182880506,0.039986081711949395,0.9942970300735468,0.09986802932956669,5,0.001,0.1,0.9979767334915746,0.9974994173854882,0.9965563842170926,1.0,0.9973947860101186,0.997406250437944,0.9970848394166374,0.9976289773489571,0.9976695942448633,0.9973485558686986,0.9962032360824257,0.997048848907455
3,4,1.563285573728525,0.60692,5000,2.008296569188436,0.5870348139255702,833,2.0074605964624084,0.5852,0.9987293341569345,0.0833552095915255,,,0.96,,0.9600139182880506,0.039986081711949395,0.9942970300735468,0.09986802932956669,5,0.001,0.1,0.9970874091985419,0.996642716951009,0.9967750902017072,0.9973947860101186,1.0,0.9977225967072887,0.9975619927353419,0.9973246388515492,0.997449068465092,0.9975379763343304,0.9961139080295195,0.997334710627744
3,5,1.5666928674764693,0.6,5000,2.0042036727622703,0.5786314525810324,833,2.0074605964624084,0.5852,0.9981217726626659,0.08322048832658403,,,0.96,,0.9600139182880506,0.039986081711949395,0.9942970300735468,0.09986802932956669,5,0.001,0.1,0.9970689166583601,0.9960085332867069,0.9955522617878138,0.997406250437944,0.9977225967072887,1.0,0.9964524094796595,0.9970697125721367,0.9966495885345142,0.9967710061795912,0.9948164495992117,0.9961530201463742
3,6,1.5762298244579582,0.59224,5000,2.0174865590201483,0.5474189675870348,833,2.0074605964624084,0.5852,0.9989203126240542,0.08337476402559071,,,0.96,,0.9600139182880506,0.039986081711949395,0.9942970300735468,0.09986802932956669,5,0.001,0.1,0.9974928245833207,0.9973260122771364,0.9975861709534316,0.9970848394166374,0.9975619927353419,0.9964524094796595,1.0,0.9975543680195725,0.9975337563604668,0.997821023027072,0.9972444739184527,0.9975732027861526
3,7,1.556788540873558,0.60456,5000,2.002538080568667,0.5774309723889556,833,2.0074605964624084,0.5852,0.9988463763007117,0.08337441043205857,,,0.96,,0.9600139182880506,0.039986081711949395,0.9942970300735468,0.09986802932956669,5,0.001,0.1,0.9974983503726381,0.9975370500574889,0.9969352903306123,0.9976289773489571,0.9973246388515492,0.9970697125721367,0.9975543680195725,1.0,0.9973275743043691,0.9979087256528503,0.9964230896759355,0.9971378946416188
3,8,1.5706868481484189,0.60584,5000,2.009302364455329,0.602641056422569,833,2.0074605964624084,0.5852,0.9988606991350688,0.08337684083724972,,,0.96,,0.9600139182880506,0.039986081711949395,0.9942970300735468,0.09986802932956669,5,0.001,0.1,0.9970909792834176,0.997714677617997,0.9969353333248467,0.9976695942448633,0.997449068465092,0.9966495885345142,0.9975337563604668,0.9973275743043691,1.0,0.997783107632868,0.9971253255582,0.9972378293931616
3,9,1.5704582276617645,0.59388,5000,2.011266249197501,0.5846338535414166,833,2.0074605964624084,0.5852,0.9991152282943496,0.08338071214323062,,,0.96,,0.9600139182880506,0.039986081711949395,0.9942970300735468,0.09986802932956669,5,0.001,0.1,0.9972245391136122,0.9980215861015006,0.9978775633177119,0.9973485558686986,0.9975379763343304,0.9967710061795912,0.997821023027072,0.9979087256528503,0.997783107632868,1.0,0.9975136519631052,0.9977588157775786
3,10,1.568148864682313,0.58192,5000,2.0046700018423573,0.5870348139255702,833,2.0074605964624084,0.5852,0.9982321289318482,0.083244802471262,,,0.96,,0.9600139182880506,0.039986081711949395,0.9942970300735468,0.09986802932956669,5,0.001,0.1,0.9956479357010524,0.9979010354445916,0.9972215099582816,0.9962032360824257,0.9961139080295195,0.9948164495992117,0.9972444739184527,0.9964230896759355,0.9971253255582,0.9975136519631052,1.0,0.9967752692716361
3,11,1.578363816981103,0.59472,5000,1.9897036949793498,0.60984393757503,833,2.0074605964624084,0.5852,0.9986659480530723,0.08336828671184134,,,0.96,,0.9600139182880506,0.039986081711949395,0.9942970300735468,0.09986802932956669,5,0.001,0.1,0.9974109709543841,0.9972082105981097,0.9965435352207678,0.997048848907455,0.997334710627744,0.9961530201463742,0.9975732027861526,0.9971378946416188,0.9972378293931616,0.9977588157775786,0.9967752692716361,1.0
4,0,1.4305543689211462,0.62276,5000,1.9020290463059037,0.6079136690647482,834,1.891948736132905,0.6122,0.9987472291775283,0.08329871392590377,,,0.96,,0.9600139182880506,0.039986081711949395,0.9966460855956318,0.09986880720484013,5,0.001,0.1,1.0,0.997283234177892,0.9969802728557171,0.9975881753985648,0.9970996263926502,0.9968952108534822,0.9974453036518012,0.9973771165585192,0.9971421555921789,0.9973812859446921,0.9966797499822473,0.9973830628158489
4,1,1.4361890721472965,0.60176,5000,1.8824906393333718,0.6151079136690647,834,1.891948736132905,0.6122,0.9988907077085778,0.08337322212254675,,,0.96,,0.9600139182880506,0.039986081711949395,0.9966460855956318,0.09986880720484013,5,0.001,0.1,0.997283234177892,1.0,0.9977052228866673,0.9973770821608604,0.9967317342369535,0.9962264137164805,0.9974614598112361,0.9976330300336591,0.997542634941326,0.9980134409985058,0.9977244912751045,0.9972717482498759
4,2,1.4346723239892607,0.61148,5000,1.892714500427246,0.6258992805755396,834,1.891948736132905,0.6122,0.9986545040052768,0.08333532353251673,,,0.96,,0.9600139182880506,0.039986081711949395,0.9966460855956318,0.09986880720484013,5,0.001,0.1,0.9969802728557171,0.9977052228866673,1.0,0.997063354771283,0.9969070355555987,0.9959792634225276,0.9977865097302417,0.9972794539932202,0.9968600230953343,0.9976775887471722,0.9972638497018801,0.9966381797939394
4,3,1.4047074281485976,0.6392,5000,1.881475572232847,0.6151079136690647,834,1.891948736132905,0.6122,0.9987171262522473,0.08331658249887397,,,0.96,,0.9600139182880506,0.039986081711949395,0.9966460855956318,0.09986880720484013,5,0.001,0.1,0.9975881753985648,0.9973770821608604,0.997063354771283,1.0,0.9972771726862638,0.9971070171428478,0.9967905884783544,0.9972150551967903,0.9975212355141712,0.9972660491858963,0.9968347928894822,0.996853853753851
4,4,1.4207196697308,0.62724,5000,1.8923406247739438,0.6134453781512605,833,1.891948736132905,0.6122,0.9986258832303595,0.08334471484729879,,,0.96,,0.9600139182880506,0.039986081711949395,0.9966460855956318,0.09986880720484013,5,0.001,0.1,0.9970996263926502,0.9967317342369535,0.9969070355555987,0.9972771726862638,1.0,0.9974935255785596,0.9973205969475303,0.9972545016067943,0.9970914644768554,0.9972506829254819,0.9964408681956779,0.9969321354504429
4,5,1.4247531974391572,0.6194,5000,1.887213601006402,0.6086434573829532,833,1.891948736132905,0.6122,0.9981090071951506,0.08324541993392565,,,0.96,,0.9600139182880506,0.039986081711949395,0.9966460855956318,0.09986880720484013,5,0.001,0.1,0.9968952108534822,0.9962264137164805,0.9959792634225276,0.9971070171428478,0.9974935255785596,1.0,0.9963342089715793,0.9969762019743678,0.9965953567388003,0.996604426689989,0.9955488580992318,0.995849474224199
4,6,1.4360648412613353,0.6116,5000,1.9073478513293796,0.5726290516206483,833,1.891948736132905,0.6122,0.9988308287498665,0.08336332041166404,,,0.96,,0.9600139182880506,0.039986081711949395,0.9966460855956318,0.09986880720484013,5,0.001,0.1,0.9974453036518012,0.9974614598112361,0.9977865097302417,0.9967905884783544,0.9973205969475303,0.9963342089715793,1.0,0.9975349085332823,0.9971889272030139,0.9976222536923477,0.9974193174929694,0.9973492065065007
4,7,1.4147199100749508,0.62444,5000,1.8853164028238367,0.6002400960384153,833,1.891948736132905,0.6122,0.9988755113239217,0.08336454568826719,,,0.96,,0.9600139182880506,0.039986081711949395,0.9966460855956318,0.09986880720484013,5,0.001,0.1,0.9973771165585192,0.9976330300336591,0.9972794539932202,0.9972150551967903,0.9972545016067943,0.9969762019743678,0.9975349085332823,1.0,0.9974452724495272,0.9978755204330301,0.9969246920533188,0.9972731582606731
4,8,1.4268412506504424,0.62568,5000,1.8954392230069195,0.6350540216086434,833,1.891948736132905,0.6122,0.9987062928857636,0.08336057461672078,,,0.96,,0.9600139182880506,0.039986081711949395,0.9966460855956318,0.09986880720484013,5,0.001,0.1,0.9971421555921789,0.997542634941326,0.9968600230953343,0.9975212355141712,0.9970914644768554,0.9965953567388003,0.9971889272030139,0.9974452724495272,1.0,0.9975115788830942,0.9969923128802445,0.9968700857067397
4,9,1.4292855994716571,0.61324,5000,1.8954599345171894,0.6182472989195679,833,1.891948736132905,0.6122,0.9990241919498654,0.08337320857325912,,,0.96,,0.9600139182880506,0.039986081711949395,0.9966460855956318,0.09986880720484013,5,0.001,0.1,0.9973812859446921,0.9980134409985058,0.9976775887471722,0.9972660491858963,0.9972506829254819,0.996604426689989,0.9976222536923477,0.9978755204330301,0.9975115788830942,1.0,0.9977740733651722,0.9975936138717469
4,10,1.428460918262506,0.60632,5000,1.8894573405936912,0.602641056422569,833,1.891948736132905,0.6122,0.9985253575814655,0.0832737671963029,,,0.96,,0.9600139182880506,0.039986081711949395,0.9966460855956318,0.09986880720484013,5,0.001,0.1,0.9966797499822473,0.9977244912751045,0.9972638497018801,0.9968347928894822,0.9964408681956779,0.9955488580992318,0.9974193174929694,0.9969246920533188,0.9969923128802445,0.9977740733651722,1.0,0.9969924139132095
4,11,1.4388777883948793,0.61696,5000,1.8714159727096558,0.631452581032413,833,1.891948736132905,0.6122,0.9985599712143587,0.08335060665272023,,,0.96,,0.9600139182880506,0.039986081711949395,0.9966460855956318,0.09986880720484013,5,0.001,0.1,0.9973830628158489,0.9972717482498759,0.9966381797939394,0.996853853753851,0.9969321354504429,0.995849474224199,0.9973492065065007,0.9972731582606731,0.9968700857067397,0.9975936138717469,0.9969924139132095,1.0
5,0,1.3172905423838621,0.6392,5000,1.7770803018852517,0.6151079136690647,834,1.7635902055917076,0.6281,0.9985934903799214,0.08331784421130425,,,0.96,,0.9600139182880506,0.039986081711949395,0.9980611067092496,0.09984142444542884,5,0.001,0.1,1.0,0.9970985365627298,0.9963092610459812,0.9971299235365245,0.9967320407497855,0.9962617126603416,0.9972200784177008,0.9967346437189153,0.9964596965918747,0.997018428809689,0.9962666192449806,0.996905927917084
5,1,1.325350142056775,0.6194,5000,1.749161998430888,0.63189448441247,834,1.7635902055917076,0.6281,0.9987147784296206,0.08336745346945958,,,0.96,,0.9600139182880506,0.039986081711949395,0.9980611067092496,0.09984142444542884,5,0.001,0.1,0.9970985365627298,1.0,0.9972513358211607,0.9969932037294564,0.9962692884224905,0.9957721244504874,0.9970742583786042,0.996992058816499,0.9967855089403307,0.9975060556497534,0.9971091022420231,0.996735702834342
5,2,1.3215790888306442,0.6302,5000,1.7650672329796686,0.6390887290167866,834,1.7635902055917076,0.6281,0.9983737568526674,0.08333320359921453,,,0.96,,0.9600139182880506,0.039986081711949395,0.9980611067092496,0.09984142444542884,5,0.001,0.1,0.9963092610459812,0.9972513358211607,1.0,0.9967921676541539,0.9964269570438542,0.9950238114670511,0.9974200452000676,0.9965072310585588,0.9959392765038937,0.9969935843643156,0.9967603985603288,0.9960778686932763
5,3,1.2922686869171773,0.65656,5000,1.751770465462296,0.6402877697841727,834,1.7635902055917076,0.6281,0.9985840740984143,0.08332849870091374,,,0.96,,0.9600139182880506,0.039986081711949395,0.9980611067092496,0.09984142444542884,5,0.001,0.1,0.9971299235365245,0.9969932037294564,0.9967921676541539,1.0,0.9969567799160215,0.9966442595343995,0.9966753051681999,0.9967921586340778,0.9968561557323262,0.9965522726623005,0.9963233555353105,0.9963086996009325
5,4,1.3059724334698575,0.64336,5000,1.7634105285008748,0.6302521008403361,833,1.7635902055917076,0.6281,0.9983963215804876,0.08333969143990747,,,0.96,,0.9600139182880506,0.039986081711949395,0.9980611067092496,0.09984142444542884,5,0.001,0.1,0.9967320407497855,0.9962692884224905,0.9964269570438542,0.9969567799160215,1.0,0.9968889414744107,0.9970493258717964,0.9964494909640492,0.9963264178448288,0.9967253366058176,0.9957659778185282,0.996183396517832
5,5,1.3112330723719992,0.63644,5000,1.7572904957665338,0.6242496998799519,833,1.7635902055917076,0.6281,0.9977799457162043,0.08325890062417332,,,0.96,,0.9600139182880506,0.039986081711949395,0.9980611067092496,0.09984142444542884,5,0.001,0.1,0.9962617126603416,0.9957721244504874,0.9950238114670511,0.9966442595343995,0.9968889414744107,1.0,0.9956498384243422,0.9963467653171244,0.9959960260012554,0.9959201913990363,0.994919120715421,0.99497077181465
5,6,1.3241002406284308,0.63096,5000,1.7847735661047477,0.5918367346938775,833,1.7635902055917076,0.6281,0.9987012806256339,0.08336094527428028,,,0.96,,0.9600139182880506,0.039986081711949395,0.9980611067092496,0.09984142444542884,5,0.001,0.1,0.9972200784177008,0.9970742583786042,0.9974200452000676,0.9966753051681999,0.9970493258717964,0.9956498384243422,1.0,0.9969991469017813,0.9964371489586934,0.9970626232770189,0.9970490644912294,0.9967889877544714
5,7,1.301185631600155,0.64144,5000,1.7561231101000752,0.6254501800720288,833,1.7635902055917076,0.6281,0.9984891982965887,0.08335485114715956,,,0.96,,0.9600139182880506,0.039986081711949395,0.9980611067092496,0.09984142444542884,5,0.001,0.1,0.9967346437189153,0.996992058816499,0.9965072310585588,0.9967921586340778,0.9964494909640492,0.9963467653171244,0.9969991469017813,1.0,0.9964276129624148,0.9971451184584369,0.9961269036839042,0.9963637855772093
5,8,1.3116537749387656,0.64304,5000,1.7692935422614768,0.6458583433373349,833,1.7635902055917076,0.6281,0.9982280348750581,0.08334398597426973,,,0.96,,0.9600139182880506,0.039986081711949395,0.9980611067092496,0.09984142444542884,5,0.001,0.1,0.9964596965918747,0.9967855089403307,0.9959392765038937,0.9968561557323262,0.9963264178448288,0.9959960260012554,0.9964371489586934,0.9964276129624148,1.0,0.9966276471609302,0.9961814606760252,0.995719418885437
5,9,1.3176868106149564,0.62948,5000,1.7663248600783172,0.6290516206482593,833,1.7635902055917076,0.6281,0.9987068377291748,0.08336718885113448,,,0.96,,0.9600139182880506,0.039986081711949395,0.9980611067092496,0.09984142444542884,5,0.001,0.1,0.997018428809689,0.9975060556497534,0.9969935843643156,0.9965522726623005,0.9967253366058176,0.9959201913990363,0.9970626232770189,0.9971451184584369,0.9966276471609302,1.0,0.9971787902154432,0.9967620113383941
5,10,1.3162960396450796,0.62304,5000,1.76155690352122,0.6218487394957983,833,1.7635902055917076,0.6281,0.9982456376787108,0.08329131695568363,,,0.96,,0.9600139182880506,0.039986081711949395,0.9980611067092496,0.09984142444542884,5,0.001,0.1,0.9962666192449806,0.9971091022420231,0.9967603985603288,0.9963233555353105,0.9957659778185282,0.994919120715421,0.9970490644912294,0.9961269036839042,0.9961814606760252,0.9971787902154432,1.0,0.9962885432148538
5,11,1.3278238840163894,0.63176,5000,1.7405884795718722,0.6422569027611045,833,1.7635902055917076,0.6281,0.9981737228760402,0.0833361197524994,,,0.96,,0.9600139182880506,0.039986081711949395,0.9980611067092496,0.09984142444542884,5,0.001,0.1,0.996905927917084,0.996735702834342,0.9960778686932763,0.9963086996009325,0.996183396517832,0.99497077181465,0.9967889877544714,0.9963637855772093,0.995719418885437,0.9967620113383941,0.9962885432148538,1.0
6,0,1.2223866594824822,0.65248,5000,1.6445169713762071,0.6294964028776978,834,1.6278187923918899,0.6424,0.9983179771648931,0.08333199789929423,,,0.96,,0.9600139182880506,0.039986081711949395,0.9982886069474805,0.09980635865629897,5,0.001,0.1,1.0,0.9964167919674913,0.9957816502085519,0.9964633586884085,0.9960214915846084,0.9955081609568981,0.9966979655725976,0.9957955106825924,0.9960619056567475,0.9960870589003414,0.9959901782893898,0.9958119674403989
6,1,1.2344891431984628,0.6362,5000,1.6078598455146507,0.6462829736211031,834,1.6278187923918899,0.6424,0.9983306591134093,0.08336283576670607,,,0.96,,0.9600139182880506,0.039986081711949395,0.9982886069474805,0.09980635865629897,5,0.001,0.1,0.9964167919674913,1.0,0.9965446636502134,0.9961547685472342,0.9949782520774109,0.9951242594980958,0.996231959539684,0.9961763367540325,0.9963139095883495,0.9965841137673414,0.9965776628939029,0.9956829197048075
6,2,1.2306911202752666,0.64392,5000,1.630286733309428,0.6390887290167866,834,1.6278187923918899,0.6424,0.9980436428536589,0.08333256264678295,,,0.96,,0.9600139182880506,0.039986081711949395,0.9982886069474805,0.09980635865629897,5,0.001,0.1,0.9957816502085519,0.9965446636502134,1.0,0.9960047365382197,0.9954659669650369,0.9944037929306385,0.9965649709125919,0.9958598016489469,0.9953192454900635,0.9964244863148286,0.9959769936186716,0.9950022950845312
6,3,1.197748481392101,0.66988,5000,1.6151834108211376,0.6594724220623501,834,1.6278187923918899,0.6424,0.99822740019286,0.08333560893724991,,,0.96,,0.9600139182880506,0.039986081711949395,0.9982886069474805,0.09980635865629897,5,0.001,0.1,0.9964633586884085,0.9961547685472342,0.9960047365382197,1.0,0.9962323306627129,0.9960792477467415,0.9957578467109227,0.9957366176246619,0.9963390572855609,0.9958209716737351,0.9957919756064443,0.9951707788716231
6,4,1.2109060431741605,0.6616,5000,1.626887321472168,0.6422569027611045,833,1.6278187923918899,0.6424,0.9978192974661736,0.08332929967328113,,,0.96,,0.9600139182880506,0.039986081711949395,0.9982886069474805,0.09980635865629897,5,0.001,0.1,0.9960214915846084,0.9949782520774109,0.9954659669650369,0.9962323306627129,1.0,0.9962104656173374,0.9960846749844007,0.9951552414769075,0.995649258759742,0.9954359142946575,0.9947614820953469,0.9946686470151322
6,5,1.2169019173664652,0.65344,5000,1.6198027222244828,0.6386554621848739,833,1.6278187923918899,0.6424,0.9975022403734038,0.08326951029055908,,,0.96,,0.9600139182880506,0.039986081711949395,0.9982886069474805,0.09980635865629897,5,0.001,0.1,0.9955081609568981,0.9951242594980958,0.9944037929306385,0.9960792477467415,0.9962104656173374,1.0,0.9950300959785744,0.9954682289616973,0.9956618907287403,0.994968538725115,0.9946441642509604,0.9937714933606878
6,6,1.2304027960558606,0.64568,5000,1.654826561609904,0.6122448979591837,833,1.6278187923918899,0.6424,0.9983622808785728,0.08335986470446481,,,0.96,,0.9600139182880506,0.039986081711949395,0.9982886069474805,0.09980635865629897,5,0.001,0.1,0.9966979655725976,0.996231959539684,0.9965649709125919,0.9957578467109227,0.9960846749844007,0.9950300959785744,1.0,0.9960537612436445,0.9959502915884159,0.9962372602004845,0.9966312416096061,0.9959246898791064
6,7,1.2070090657586505,0.6572,5000,1.6205045161423859,0.6482593037214885,833,1.6278187923918899,0.6424,0.9981079990024035,0.08334791800490114,,,0.96,,0.9600139182880506,0.039986081711949395,0.9982886069474805,0.09980635865629897,5,0.001,0.1,0.9957955106825924,0.9961763367540325,0.9958598016489469,0.9957366176246619,0.9951552414769075,0.9954682289616973,0.9960537612436445,1.0,0.995896051537985,0.9965273588549842,0.9957191780426446,0.9957312322383159
6,8,1.218481933235363,0.65788,5000,1.636624530509666,0.6578631452581032,833,1.6278187923918899,0.6424,0.9980448088827782,0.0833392137948711,,,0.96,,0.9600139182880506,0.039986081711949395,0.9982886069474805,0.09980635865629897,5,0.001,0.1,0.9960619056567475,0.9963139095883495,0.9953192454900635,0.9963390572855609,0.995649258759742,0.9956618907287403,0.9959502915884159,0.995896051537985,1.0,0.9957342146238489,0.9955802073415794,0.9948574853746573
6,9,1.2262213564222786,0.64588,5000,1.6289601370140359,0.6386554621848739,833,1.6278187923918899,0.6424,0.9983013138706662,0.08336172612941527,,,0.96,,0.9600139182880506,0.039986081711949395,0.9982886069474805,0.09980635865629897,5,0.001,0.1,0.9960870589003414,0.9965841137673414,0.9964244863148286,0.9958209716737351,0.9954359142946575,0.994968538725115,0.9962372602004845,0.9965273588549842,0.9957342146238489,1.0,0.9966567410559937,0.9959572867997288
6,10,1.2252044269233753,0.64188,5000,1.6262697511249118,0.6410564225690276,833,1.6278187923918899,0.6424,0.9981014978671718,0.08330873863412218,,,0.96,,0.9600139182880506,0.039986081711949395,0.9982886069474805,0.09980635865629897,5,0.001,0.1,0.9959901782893898,0.9965776628939029,0.9959769936186716,0.9957919756064443,0.9947614820953469,0.9946441642509604,0.9966312416096061,0.9957191780426446,0.9955802073415794,0.9966567410559937,1.0,0.995713861481851
6,11,1.2352773453779282,0.64684,5000,1.6028546735092446,0.6554621848739496,833,1.6278187923918899,0.6424,0.9976214978571661,0.08332072351835212,,,0.96,,0.9600139182880506,0.039986081711949395,0.9982886069474805,0.09980635865629897,5,0.001,0.1,0.9958119674403989,0.9956829197048075,0.9950022950845312,0.9951707788716231,0.9946686470151322,0.9937714933606878,0.9959246898791064,0.9957312322383159,0.9948574853746573,0.9959572867997288,0.995713861481851,1.0
7,0,1.1440631022119219,0.66756,5000,1.5110508468416002,0.645083932853717,834,1.4912088096332246,0.6579,0.997835018509094,0.08333862446291476,,,0.96,,0.9600139182880506,0.039986081711949395,0.9980852833103883,0.09976439565325021,5,0.001,0.1,1.0,0.9954375627846114,0.9946047879368858,0.9956999119150255,0.9946283682913273,0.9942903634669865,0.9956503646111409,0.9951328177809382,0.995076394043831,0.9952007908987408,0.995126079531612,0.9949831392702336
7,1,1.1576352642599943,0.6516,5000,1.4653072423405118,0.6594724220623501,834,1.4912088096332246,0.6579,0.9979409300187035,0.08336096194812258,,,0.96,,0.9600139182880506,0.039986081711949395,0.9980852833103883,0.09976439565325021,5,0.001,0.1,0.9954375627846114,1.0,0.9956380064290723,0.995561595597643,0.9940755615954544,0.994225119626803,0.9951466019126082,0.9955090144296687,0.9952856319362413,0.9959372007350268,0.9954931141206904,0.9947872739682531
