round,client_id,client_i_training_loss,client_i_training_accuracy,client_i_training_dataset_size,client_i_evaluation_loss,client_i_evaluation_accuracy,client_i_evaluation_dataset_size,client_i_central_evaluation_loss,client_i_central_evaluation_accuracy,client_i_cosine_similarity,client_i_importance_coefficient,client_i_tanh_val,tanh_normalization_value,client_i_q,client_i_mask_order,client_i_v_nonzero_fraction,client_i_v_sparsity,client_i_v_cosine_similarity,client_i_reward_gradient_norm,local_epochs,learning_rate,gamma,client_0_cosine_similarity,client_1_cosine_similarity,client_2_cosine_similarity,client_3_cosine_similarity,client_4_cosine_similarity,client_5_cosine_similarity,client_6_cosine_similarity,client_7_cosine_similarity,client_8_cosine_similarity,client_9_cosine_similarity,client_10_cosine_similarity,client_11_cosine_similarity
0,0,2.234377149411827,0.33724,5000,2.265308044574879,0.31534772182254195,834,2.2681618193848827,0.303,0.9959989358519424,0.08334988370404513,,,1.0,,1.0,0.0,0,0.09958011874512455,5,0.001,0.1,1.0,0.992735477128375,0.9897853147410223,0.9926002479340152,0.9917352230121784,0.9913574912431625,0.9890974022861397,0.9880745159576364,0.9917863332723365,0.9892717072430122,0.9919601610851422,0.9933989383605192
0,1,2.2374456247706322,0.31796,5000,2.26749939388699,0.3057553956834532,834,2.2681618193848827,0.303,0.9967639641555087,0.08341390487699749,,,1.0,,1.0,0.0,0,0.09958011874512455,5,0.001,0.1,0.992735477128375,1.0,0.9873963304288689,0.9936592294313591,0.991258685062517,0.9930138843550351,0.9917251854235686,0.9905788954398177,0.9933969319756619,0.991296794387237,0.9915766218085705,0.9943065685894081
0,2,2.238531870143429,0.33876,5000,2.263989943045157,0.33213429256594723,834,2.2681618193848827,0.303,0.9938136021739387,0.08316700468544422,,,1.0,,1.0,0.0,0,0.09958011874512455,5,0.001,0.1,0.9897853147410223,0.9873963304288689,1.0,0.984555704332265,0.9912347222778094,0.9875466282605628,0.9907863024133386,0.9902347263619274,0.9903211925673188,0.9924488451924083,0.9846055159635416,0.986773635680299
0,3,2.234467925235724,0.33144,5000,2.2730252742767334,0.30935251798561153,834,2.2681618193848827,0.303,0.9951451303958042,0.08327843324068279,,,1.0,,1.0,0.0,0,0.09958011874512455,5,0.001,0.1,0.9926002479340152,0.9936592294313591,0.984555704332265,1.0,0.9891414330525596,0.9925862303407321,0.9892633551283125,0.9883440768892513,0.9923778300176505,0.9881338232995861,0.9904961233476018,0.9904421123360718
0,4,2.2378462542394164,0.35656,5000,2.263045593544289,0.290516206482593,833,2.2681618193848827,0.303,0.9961841566564199,0.08336538385365078,,,1.0,,1.0,0.0,0,0.09958011874512455,5,0.001,0.1,0.9917352230121784,0.991258685062517,0.9912347222778094,0.9891414330525596,1.0,0.9922369249810938,0.9938096965127098,0.9895149524064386,0.9944107741503398,0.990164976826606,0.9895092839441376,0.9909994561596238
0,5,2.2383937346707485,0.33616,5000,2.2723994696581804,0.28211284513805523,833,2.2681618193848827,0.303,0.9965228064976133,0.08339372366794556,,,1.0,,1.0,0.0,0,0.09958011874512455,5,0.001,0.1,0.9913574912431625,0.9930138843550351,0.9875466282605628,0.9925862303407321,0.9922369249810938,1.0,0.9904968007741729,0.9917554087243213,0.9947260002386126,0.9927761245230936,0.9903105037878863,0.9912568658903775
0,6,2.2412289795602205,0.33876,5000,2.2749768363104925,0.26770708283313327,833,2.2681618193848827,0.303,0.995625877442833,0.08331866441866759,,,1.0,,1.0,0.0,0,0.09958011874512455,5,0.001,0.1,0.9890974022861397,0.9917251854235686,0.9907863024133386,0.9892633551283125,0.9938096965127098,0.9904968007741729,1.0,0.9904750937114107,0.9915162189077402,0.9907187436914259,0.9889349953465048,0.990521113478073
0,7,2.2404544089250504,0.33308,5000,2.269062324806496,0.297719087635054,833,2.2681618193848827,0.303,0.9951083114839254,0.08327535206066067,,,1.0,,1.0,0.0,0,0.09958011874512455,5,0.001,0.1,0.9880745159576364,0.9905788954398177,0.9902347263619274,0.9883440768892513,0.9895149524064386,0.9917554087243213,0.9904750937114107,1.0,0.9915149540169627,0.9947567798880995,0.9855074936378567,0.990403297312749
0,8,2.237508121721304,0.33304,5000,2.263136484004833,0.31452581032412963,833,2.2681618193848827,0.303,0.9972641646736699,0.08345576401310367,,,1.0,,1.0,0.0,0,0.09958011874512455,5,0.001,0.1,0.9917863332723365,0.9933969319756619,0.9903211925673188,0.9923778300176505,0.9944107741503398,0.9947260002386126,0.9915162189077402,0.9915149540169627,1.0,0.9926354424256293,0.99136796647552,0.9928681635962042
0,9,2.2387285344919583,0.32872,5000,2.2717345820532904,0.30012004801920766,833,2.2681618193848827,0.303,0.9961275254103071,0.08336064468415208,,,1.0,,1.0,0.0,0,0.09958011874512455,5,0.001,0.1,0.9892717072430122,0.991296794387237,0.9924488451924083,0.9881338232995861,0.990164976826606,0.9927761245230936,0.9907187436914259,0.9947567798880995,0.9926354424256293,1.0,0.9903025959607589,0.990833573554198
0,10,2.238091202146688,0.33308,5000,2.2683917063253896,0.31812725090036015,833,2.2681618193848827,0.303,0.9948087076311416,0.0832502797986452,,,1.0,,1.0,0.0,0,0.09958011874512455,5,0.001,0.1,0.9919601610851422,0.9915766218085705,0.9846055159635416,0.9904961233476018,0.9895092839441376,0.9903105037878863,0.9889349953465048,0.9855074936378567,0.99136796647552,0.9903025959607589,1.0,0.9930087825023345
0,11,2.2399085391099285,0.33376,5000,2.267992408187301,0.3025210084033613,833,2.2681618193848827,0.303,0.9962508013546828,0.08337096099600479,,,1.0,,1.0,0.0,0,0.09958011874512455,5,0.001,0.1,0.9933989383605192,0.9943065685894081,0.986773635680299,0.9904421123360718,0.9909994561596238,0.9912568658903775,0.990521113478073,0.990403297312749,0.9928681635962042,0.990833573554198,0.9930087825023345,1.0
1,0,2.1311724167720527,0.4028,5000,2.2163962964658386,0.40167865707434053,834,2.2204097056160337,0.3861,0.9976655877402023,0.08335501379883103,,,1.0,,1.0,0.0,0.9460075193243134,0.09973091057239407,5,0.001,0.1,1.0,0.9942401324300691,0.9945537020162802,0.9948941114960567,0.9955047307038517,0.9959458259965177,0.9927943616432577,0.9936725697104354,0.995465897751362,0.9948408873742546,0.9938686772680062,0.9939862027472056
1,1,2.134697899545074,0.406,5000,2.219766784597326,0.38968824940047964,834,2.2204097056160337,0.3861,0.9976432252880626,0.08339357138260968,,,1.0,,1.0,0.0,0.9460075193243134,0.09973091057239407,5,0.001,0.1,0.9942401324300691,1.0,0.9913237226831266,0.9960074965537754,0.9928045782017905,0.995196143186925,0.995048473057227,0.993451504879714,0.9947571208109173,0.994051796038399,0.9961298689582212,0.9964827469259874
1,2,2.1392339545450394,0.40864,5000,2.2147493980549,0.3932853717026379,834,2.2204097056160337,0.3861,0.9963428171800288,0.08320009524421193,,,1.0,,1.0,0.0,0.9460075193243134,0.09973091057239407,5,0.001,0.1,0.9945537020162802,0.9913237226831266,1.0,0.9906089886119579,0.9968893710755244,0.994413290868727,0.9925615371624984,0.9941752039235421,0.9939599212904991,0.9959825151100303,0.9898870587927942,0.9895939440473833
1,3,2.1332680360526797,0.40232,5000,2.2263281080457897,0.3752997601918465,834,2.2204097056160337,0.3861,0.9969523397507195,0.08328814391379533,,,1.0,,1.0,0.0,0.9460075193243134,0.09973091057239407,5,0.001,0.1,0.9948941114960567,0.9960074965537754,0.9906089886119579,1.0,0.9923498828763906,0.9947869591840276,0.994106631791482,0.9924881750242924,0.9945815487833003,0.9922243149561387,0.9943568169499042,0.994824748696545
1,4,2.137766999651672,0.40612,5000,2.214181970666956,0.3937575030012005,833,2.2204097056160337,0.3861,0.9975463747015817,0.08336067420571755,,,1.0,,1.0,0.0,0.9460075193243134,0.09973091057239407,5,0.001,0.1,0.9955047307038517,0.9928045782017905,0.9968893710755244,0.9923498828763906,1.0,0.9955686667654033,0.9947305854851825,0.9948074349731898,0.99588761896006,0.996365178128306,0.9917789785536282,0.9916561584869309
1,5,2.137534320278532,0.40672,5000,2.223787192945127,0.3673469387755102,833,2.2204097056160337,0.3861,0.9982269111332939,0.08340003756668633,,,1.0,,1.0,0.0,0.9460075193243134,0.09973091057239407,5,0.001,0.1,0.9959458259965177,0.995196143186925,0.994413290868727,0.9947869591840276,0.9955686667654033,1.0,0.9933986271707447,0.9958621440658311,0.997216995197504,0.9969243622798789,0.9931228127830735,0.9940431991437018
1,6,2.1439970387015372,0.41232,5000,2.226457887225681,0.38535414165666265,833,2.2204097056160337,0.3861,0.9969112567245182,0.08331150080715839,,,1.0,,1.0,0.0,0.9460075193243134,0.09973091057239407,5,0.001,0.1,0.9927943616432577,0.995048473057227,0.9925615371624984,0.994106631791482,0.9947305854851825,0.9933986271707447,1.0,0.9927086309063917,0.9935129129642588,0.9931892331016512,0.9941708670797946,0.9945199905785203
1,7,2.139092335123925,0.41228,5000,2.2221286296844482,0.3709483793517407,833,2.2204097056160337,0.3861,0.9970592821218546,0.08328970683079483,,,1.0,,1.0,0.0,0.9460075193243134,0.09973091057239407,5,0.001,0.1,0.9936725697104354,0.993451504879714,0.9941752039235421,0.9924881750242924,0.9948074349731898,0.9958621440658311,0.9927086309063917,1.0,0.9953147432799659,0.9971617322637898,0.9899947692907242,0.9928745982753168
1,8,2.135807385414269,0.39904,5000,2.2171736469975225,0.3817527010804322,833,2.2204097056160337,0.3861,0.9980573269625221,0.0834326257880648,,,1.0,,1.0,0.0,0.9460075193243134,0.09973091057239407,5,0.001,0.1,0.995465897751362,0.9947571208109173,0.9939599212904991,0.9945815487833003,0.99588761896006,0.997216995197504,0.9935129129642588,0.9953147432799659,1.0,0.9964707876723237,0.993015064525527,0.9942637477147394
1,9,2.1385853926846936,0.4168,5000,2.221878316667345,0.39015606242497,833,2.2204097056160337,0.3861,0.9979227026684823,0.08336991879641158,,,1.0,,1.0,0.0,0.9460075193243134,0.09973091057239407,5,0.001,0.1,0.9948408873742546,0.994051796038399,0.9959825151100303,0.9922243149561387,0.996365178128306,0.9969243622798789,0.9931892331016512,0.9971617322637898,0.9964707876723237,1.0,0.9926762649275049,0.9929569699403489
1,10,2.138783312755026,0.40108,5000,2.2203070410975703,0.38895558223289317,833,2.2204097056160337,0.3861,0.9964286225353131,0.08325395886020749,,,1.0,,1.0,0.0,0.9460075193243134,0.09973091057239407,5,0.001,0.1,0.9938686772680062,0.9961298689582212,0.9898870587927942,0.9943568169499042,0.9917789785536282,0.9931228127830735,0.9941708670797946,0.9899947692907242,0.993015064525527,0.9926762649275049,1.0,0.9959626923890867
1,11,2.140928457648891,0.40656,5000,2.2218006716834173,0.3949579831932773,833,2.2204097056160337,0.3861,0.9969473597910699,0.08334475280551092,,,1.0,,1.0,0.0,0.9460075193243134,0.09973091057239407,5,0.001,0.1,0.9939862027472056,0.9964827469259874,0.9895939440473833,0.994824748696545,0.9916561584869309,0.9940431991437018,0.9945199905785203,0.9928745982753168,0.9942637477147394,0.9929569699403489,0.9959626923890867,1.0
2,0,1.9772821787815944,0.44432,5000,2.155427517714324,0.42685851318944845,834,2.1605051477877097,0.4126,0.9986566674993007,0.08334461194573912,,,1.0,,1.0,0.0,0.9768985906042502,0.0998719250377546,5,0.001,0.1,1.0,0.9973316925762186,0.9968456691811427,0.9975792208725711,0.9970832828693498,0.9973377084720794,0.9968395308901506,0.9960488146950423,0.9970685360100611,0.9965576291639494,0.9979040812211796,0.9979346341510836
2,1,1.9771685123443603,0.44868,5000,2.1597500288927995,0.41007194244604317,834,2.1605051477877097,0.4126,0.9988558266669312,0.0833746834125172,,,1.0,,1.0,0.0,0.9768985906042502,0.0998719250377546,5,0.001,0.1,0.9973316925762186,1.0,0.9966917820173576,0.9972511101145904,0.9970280346324977,0.997659451621516,0.996885986800816,0.9973761031680383,0.9976675735048045,0.9979588924535985,0.9973998172444273,0.9976642420865816
2,2,1.9873200700541211,0.45164,5000,2.1527993590743453,0.4040767386091127,834,2.1605051477877097,0.4126,0.9986291060555896,0.08324872524254019,,,1.0,,1.0,0.0,0.9768985906042502,0.0998719250377546,5,0.001,0.1,0.9968456691811427,0.9966917820173576,1.0,0.9964513239964039,0.9979187148611723,0.9974692364564833,0.9973806882734987,0.9971008918591376,0.9974197587234354,0.9977919143455238,0.9963653473976384,0.9967689210321146
2,3,1.9805122231222263,0.4364,5000,2.167207682574237,0.4052757793764988,834,2.1605051477877097,0.4126,0.9983781789426586,0.08329461888812675,,,1.0,,1.0,0.0,0.9768985906042502,0.0998719250377546,5,0.001,0.1,0.9975792208725711,0.9972511101145904,0.9964513239964039,1.0,0.9967141059255485,0.9973248564827215,0.9964608997898232,0.9964755065231153,0.9971956593366108,0.9964748279305341,0.9967312956484177,0.9965349969204745
2,4,1.984731106697374,0.45528,5000,2.152961660314489,0.4261704681872749,833,2.1605051477877097,0.4126,0.9988425746803071,0.08335408292911728,,,1.0,,1.0,0.0,0.9768985906042502,0.0998719250377546,5,0.001,0.1,0.9970832828693498,0.9970280346324977,0.9979187148611723,0.9967141059255485,1.0,0.997764582386476,0.9980099987335393,0.9971518151678332,0.9979332748826766,0.9977457053537815,0.9966449275396168,0.9967636058790283
2,5,1.9832452950204253,0.4502,5000,2.1632855821538857,0.41656662665066024,833,2.1605051477877097,0.4126,0.9990254645522174,0.08338412342798902,,,1.0,,1.0,0.0,0.9768985906042502,0.0998719250377546,5,0.001,0.1,0.9973377084720794,0.997659451621516,0.9974692364564833,0.9973248564827215,0.997764582386476,1.0,0.9972839871546926,0.9976913629284732,0.998005202705266,0.9982470704362764,0.9970007501851842,0.9971638123419575
2,6,1.9924569984909835,0.45956,5000,2.165951552214446,0.40456182472989194,833,2.1605051477877097,0.4126,0.9985925513369754,0.08331586017378577,,,1.0,,1.0,0.0,0.9768985906042502,0.0998719250377546,5,0.001,0.1,0.9968395308901506,0.996885986800816,0.9973806882734987,0.9964608997898232,0.9980099987335393,0.9972839871546926,1.0,0.9969944383728522,0.99674250862561,0.9975634628775181,0.996824046400354,0.996778375824237
2,7,1.9846492342128874,0.46428,5000,2.163363712805289,0.4009603841536615,833,2.1605051477877097,0.4126,0.9985248407670503,0.08330031065367957,,,1.0,,1.0,0.0,0.9768985906042502,0.0998719250377546,5,0.001,0.1,0.9960488146950423,0.9973761031680383,0.9971008918591376,0.9964755065231153,0.9971518151678332,0.9976913629284732,0.9969944383728522,1.0,0.9973052179347712,0.9984170886100746,0.9953871025250098,0.9970018052613231
2,8,1.9825428786551118,0.4434,5000,2.159380144543118,0.40816326530612246,833,2.1605051477877097,0.4126,0.9989332568492678,0.08340113084457493,,,1.0,,1.0,0.0,0.9768985906042502,0.0998719250377546,5,0.001,0.1,0.9970685360100611,0.9976675735048045,0.9974197587234354,0.9971956593366108,0.9979332748826766,0.998005202705266,0.99674250862561,0.9973052179347712,1.0,0.9980778357794132,0.996952047408844,0.9974740521259576
2,9,1.9835218294410948,0.45788,5000,2.160011715359158,0.4261704681872749,833,2.1605051477877097,0.4126,0.9990445060211639,0.08336626892485156,,,1.0,,1.0,0.0,0.9768985906042502,0.0998719250377546,5,0.001,0.1,0.9965576291639494,0.9979588924535985,0.9977919143455238,0.9964748279305341,0.9977457053537815,0.9982470704362764,0.9975634628775181,0.9984170886100746,0.9980778357794132,1.0,0.9969778272051947,0.9973649707233372
2,10,1.985558463357816,0.43932,5000,2.15996637167754,0.4129651860744298,833,2.1605051477877097,0.4126,0.9984371163227242,0.08327555851380992,,,1.0,,1.0,0.0,0.9768985906042502,0.0998719250377546,5,0.001,0.1,0.9979040812211796,0.9973998172444273,0.9963653473976384,0.9967312956484177,0.9966449275396168,0.9970007501851842,0.996824046400354,0.9953871025250098,0.996952047408844,0.9969778272051947,1.0,0.9977136300559174
2,11,1.9889495671934383,0.45376,5000,2.1633478270636664,0.40936374549819926,833,2.1605051477877097,0.4126,0.99870950289836,0.08334002504326872,,,1.0,,1.0,0.0,0.9768985906042502,0.0998719250377546,5,0.001,0.1,0.9979346341510836,0.9976642420865816,0.9967689210321146,0.9965349969204745,0.9967636058790283,0.9971638123419575,0.996778375824237,0.9970018052613231,0.9974740521259576,0.9973649707233372,0.9977136300559174,1.0
3,0,1.8049819392003832,0.49124,5000,2.080099688635932,0.45443645083932854,834,2.086126953649064,0.4424,0.9988067119504287,0.08333720699403083,,,1.0,,1.0,0.0,0.9913766027332951,0.09989010364366947,5,0.001,0.1,1.0,0.997662870506087,0.9974021235640146,0.9979557317815939,0.9974027889907633,0.9977020535581154,0.99720775922445,0.9966506046897861,0.9973723083758848,0.9969195996644201,0.9980717526941871,0.9981609658677333
3,1,1.8019914028750863,0.49792,5000,2.0852776368459067,0.45323741007194246,834,2.086126953649064,0.4424,0.9990249760378161,0.08336268951105673,,,1.0,,1.0,0.0,0.9913766027332951,0.09989010364366947,5,0.001,0.1,0.997662870506087,1.0,0.9973752760253806,0.9975766735670286,0.9975568250425372,0.9980024948874854,0.9972526584011532,0.9977523370358439,0.9980786721554242,0.998112500733779,0.997724214813107,0.9980282277725921
3,2,1.8151553840394232,0.50996,5000,2.0762016243404813,0.43764988009592326,834,2.086126953649064,0.4424,0.9988844674349212,0.08328092202046226,,,1.0,,1.0,0.0,0.9913766027332951,0.09989010364366947,5,0.001,0.1,0.9974021235640146,0.9973752760253806,1.0,0.9973217143321326,0.9981473709355251,0.9979298288746619,0.9976463081323591,0.9973976728285279,0.997705668191113,0.9978945222141882,0.9971340020498788,0.9974877610758975
3,3,1.808422781403657,0.48336,5000,2.0935271227801286,0.4412470023980815,834,2.086126953649064,0.4424,0.9987004321052764,0.08330312320539353,,,1.0,,1.0,0.0,0.9913766027332951,0.09989010364366947,5,0.001,0.1,0.9979557317815939,0.9975766735670286,0.9973217143321326,1.0,0.9974177720157273,0.9977927435409167,0.997037704388885,0.9970262439447619,0.9975052314800118,0.996978282181424,0.9974317764084125,0.9971914738080717
3,4,1.8124950978406675,0.51444,5000,2.076603474440398,0.46218487394957986,833,2.086126953649064,0.4424,0.9990191687755392,0.08334987062375077,,,1.0,,1.0,0.0,0.9913766027332951,0.09989010364366947,5,0.001,0.1,0.9974027889907633,0.9975568250425372,0.9981473709355251,0.9974177720157273,1.0,0.9979908484583053,0.9981347298433417,0.9975412049636744,0.9981420722286196,0.9981607486066283,0.997291622331577,0.9972683053785959
3,5,1.8073211668403286,0.50248,5000,2.0882870003029153,0.42857142857142855,833,2.086126953649064,0.4424,0.9990875109106622,0.08337049590202468,,,1.0,,1.0,0.0,0.9913766027332951,0.09989010364366947,5,0.001,0.1,0.9977020535581154,0.9980024948874854,0.9979298288746619,0.9977927435409167,0.9979908484583053,1.0,0.9974151873247065,0.9978716158808543,0.9980751403385388,0.9982135358927746,0.9972535003478873,0.9976254701870069
3,6,1.8190216008265307,0.52532,5000,2.091201075801143,0.4297719087635054,833,2.086126953649064,0.4424,0.9986983055250545,0.0833160789702998,,,1.0,,1.0,0.0,0.9913766027332951,0.09989010364366947,5,0.001,0.1,0.99720775922445,0.9972526584011532,0.9976463081323591,0.997037704388885,0.9981347298433417,0.9974151873247065,1.0,0.9971994848037332,0.9970361019876589,0.9977565393894857,0.9972229733247228,0.9973002869420408
3,7,1.8090863950692924,0.51484,5000,2.090495136049059,0.4261704681872749,833,2.086126953649064,0.4424,0.9987363022747459,0.08330777078632143,,,1.0,,1.0,0.0,0.9913766027332951,0.09989010364366947,5,0.001,0.1,0.9966506046897861,0.9977523370358439,0.9973976728285279,0.9970262439447619,0.9975412049636744,0.9978716158808543,0.9971994848037332,1.0,0.9976360855732288,0.9984936226909396,0.9963919637942431,0.997702931479329
3,8,1.809864606219492,0.49824,5000,2.087637194880733,0.44057623049219685,833,2.086126953649064,0.4424,0.9990406645663963,0.08337941242347047,,,1.0,,1.0,0.0,0.9913766027332951,0.09989010364366947,5,0.001,0.1,0.9973723083758848,0.9980786721554242,0.997705668191113,0.9975052314800118,0.9981420722286196,0.9980751403385388,0.9970361019876589,0.9976360855732288,1.0,0.9982251234789973,0.9975172165192899,0.9980164495382877
3,9,1.8088704911007243,0.5112,5000,2.0835748690145985,0.45018007202881155,833,2.086126953649064,0.4424,0.9990997513686781,0.08335994318350073,,,1.0,,1.0,0.0,0.9913766027332951,0.09989010364366947,5,0.001,0.1,0.9969195996644201,0.998112500733779,0.9978945222141882,0.996978282181424,0.9981607486066283,0.9982135358927746,0.9977565393894857,0.9984936226909396,0.9982251234789973,1.0,0.9974706189226806,0.9977943601532298
3,10,1.8152466684390025,0.48612,5000,2.0849371486239963,0.4477791116446579,833,2.086126953649064,0.4424,0.9987287104095239,0.08329234866004052,,,1.0,,1.0,0.0,0.9913766027332951,0.09989010364366947,5,0.001,0.1,0.9980717526941871,0.997724214813107,0.9971340020498788,0.9974317764084125,0.997291622331577,0.9972535003478873,0.9972229733247228,0.9963919637942431,0.9975172165192899,0.9974706189226806,1.0,0.9980648533840069
3,11,1.8164225069580564,0.5088,5000,2.0904727511935763,0.4369747899159664,833,2.086126953649064,0.4424,0.9989846769401561,0.08334013771964832,,,1.0,,1.0,0.0,0.9913766027332951,0.09989010364366947,5,0.001,0.1,0.9981609658677333,0.9980282277725921,0.9974877610758975,0.9971914738080717,0.9972683053785959,0.9976254701870069,0.9973002869420408,0.997702931479329,0.9980164495382877,0.9977943601532298,0.9980648533840069,1.0
4,0,1.6446647042681457,0.54376,5000,1.990886021543432,0.47601918465227816,834,1.9976967085664645,0.4627,0.998748567991996,0.08332906444801937,,,1.0,,1.0,0.0,0.9954134672316999,0.09989544780523203,5,0.001,0.1,1.0,0.9975304646611659,0.9974086589495108,0.9978440160775487,0.9976268346817624,0.9976375355569478,0.9973632059726881,0.9970196268606693,0.9970824287305048,0.996880437204013,0.9980514510334741,0.9980078211359272
4,1,1.6355463500994785,0.54676,5000,1.9968643718295627,0.46642685851318944,834,1.9976967085664645,0.4627,0.9990894397280059,0.0833556894032564,,,1.0,,1.0,0.0,0.9954134672316999,0.09989544780523203,5,0.001,0.1,0.9975304646611659,1.0,0.9977121109608746,0.9977280885997598,0.9979183317949141,0.998067069023901,0.997539685252174,0.9980747278730182,0.9981707462835887,0.998216459043255,0.9978146659344065,0.9977646950895861
4,2,1.6540314828514293,0.55652,5000,1.9854565152415522,0.45443645083932854,834,1.9976967085664645,0.4627,0.9989726243781074,0.08330178379023297,,,1.0,,1.0,0.0,0.9954134672316999,0.09989544780523203,5,0.001,0.1,0.9974086589495108,0.9977121109608746,1.0,0.9975573871705715,0.9982608330271189,0.9979801924089097,0.9977826783592676,0.9974320017739557,0.9977292599793207,0.9980214890086109,0.9976339898422651,0.9976203659534305
4,3,1.6488015897714408,0.53224,5000,2.005424000598766,0.460431654676259,834,1.9976967085664645,0.4627,0.9988210790203501,0.08331050593827487,,,1.0,,1.0,0.0,0.9954134672316999,0.09989544780523203,5,0.001,0.1,0.9978440160775487,0.9977280885997598,0.9975573871705715,1.0,0.9978491807284913,0.99794466727506,0.9974607061225672,0.9975778269421313,0.9975614354535539,0.996998399804542,0.9975606177144569,0.997239812604865
4,4,1.6499371369173572,0.56144,5000,1.9860879447725084,0.4801920768307323,833,1.9976967085664645,0.4627,0.9991356630338099,0.08334932116284291,,,1.0,,1.0,0.0,0.9954134672316999,0.09989544780523203,5,0.001,0.1,0.9976268346817624,0.9979183317949141,0.9982608330271189,0.9978491807284913,1.0,0.9980061478627948,0.9983059072699679,0.997834909192866,0.9980283113260358,0.9982109362789963,0.9976739534937912,0.9973766580383137
4,5,1.6454016896569805,0.55184,5000,1.9988828897476196,0.453781512605042,833,1.9976967085664645,0.4627,0.9990234690355975,0.08335834695419927,,,1.0,,1.0,0.0,0.9954134672316999,0.09989544780523203,5,0.001,0.1,0.9976375355569478,0.998067069023901,0.9979801924089097,0.99794466727506,0.9980061478627948,1.0,0.997591847858231,0.9979672407377094,0.9977560999027161,0.9980271085794401,0.9974276764495076,0.9973407939630436
4,6,1.6553392191601406,0.5722,5000,2.0025639269087048,0.4429771908763505,833,1.9976967085664645,0.4627,0.998856747990428,0.08331960086129811,,,1.0,,1.0,0.0,0.9954134672316999,0.09989544780523203,5,0.001,0.1,0.9973632059726881,0.997539685252174,0.9977826783592676,0.9974607061225672,0.9983059072699679,0.997591847858231,1.0,0.9976604527158208,0.9972424734470597,0.9978251576916901,0.9976407584613719,0.9973367169438634
4,7,1.6441985643593369,0.5594,5000,2.0040454113924944,0.4429771908763505,833,1.9976967085664645,0.4627,0.9988972509607448,0.08331581376321737,,,1.0,,1.0,0.0,0.9954134672316999,0.09989544780523203,5,0.001,0.1,0.9970196268606693,0.9980747278730182,0.9974320017739557,0.9975778269421313,0.997834909192866,0.9979672407377094,0.9976604527158208,1.0,0.9974934132272214,0.9984269375934332,0.9969932295766227,0.9977538760083343
4,8,1.647242818212813,0.54952,5000,2.0023077152393483,0.47539015606242496,833,1.9976967085664645,0.4627,0.9989731769404846,0.08336219114916574,,,1.0,,1.0,0.0,0.9954134672316999,0.09989544780523203,5,0.001,0.1,0.9970824287305048,0.9981707462835887,0.9977292599793207,0.9975614354535539,0.9980283113260358,0.9977560999027161,0.9972424734470597,0.9974934132272214,1.0,0.9982276485658885,0.9978975384457205,0.99795349700135
4,9,1.6440840932214336,0.55928,5000,1.9930066400104098,0.4801920768307323,833,1.9976967085664645,0.4627,0.9990835878129384,0.08335381664082268,,,1.0,,1.0,0.0,0.9954134672316999,0.09989544780523203,5,0.001,0.1,0.996880437204013,0.998216459043255,0.9980214890086109,0.996998399804542,0.9982109362789963,0.9980271085794401,0.9978251576916901,0.9984269375934332,0.9982276485658885,1.0,0.9978448193586384,0.9977876289515686
4,10,1.655994017868285,0.53452,5000,1.9955746421107539,0.468187274909964,833,1.9976967085664645,0.4627,0.9989407404419701,0.08330776111962172,,,1.0,,1.0,0.0,0.9954134672316999,0.09989544780523203,5,0.001,0.1,0.9980514510334741,0.9978146659344065,0.9976339898422651,0.9975606177144569,0.9976739534937912,0.9974276764495076,0.9976407584613719,0.9969932295766227,0.9978975384457205,0.9978448193586384,1.0,0.9982177845912564
4,11,1.653700009121257,0.557,5000,2.0036701140580355,0.45138055222088835,833,1.9976967085664645,0.4627,0.9989110458250243,0.08333610476904843,,,1.0,,1.0,0.0,0.9954134672316999,0.09989544780523203,5,0.001,0.1,0.9980078211359272,0.9977646950895861,0.9976203659534305,0.997239812604865,0.9973766580383137,0.9973407939630436,0.9973367169438634,0.9977538760083343,0.99795349700135,0.9977876289515686,0.9982177845912564,1.0
5,0,1.5057762833917216,0.58016,5000,1.8885925345950656,0.511990407673861,834,1.896075383923686,0.5076,0.9987585014606519,0.08332723224821995,,,1.0,,1.0,0.0,0.997429939666296,0.0998866469499561,5,0.001,0.1,1.0,0.997378557419316,0.9973156170929423,0.9977163279606505,0.9975385522415904,0.9977208204239432,0.9975056340842196,0.9969638971864236,0.9970584647410883,0.9968650797783543,0.9976976967056812,0.9977561107166864
5,1,1.4924954265545887,0.58512,5000,1.8954347901874118,0.511990407673861,834,1.896075383923686,0.5076,0.9989885203339927,0.08335098115375605,,,1.0,,1.0,0.0,0.997429939666296,0.0998866469499561,5,0.001,0.1,0.997378557419316,1.0,0.9974106392861412,0.9973745011554306,0.9976597073590325,0.997807309863233,0.9973760747654422,0.9979464052987354,0.9979484566449995,0.9981400698066779,0.9974710202114023,0.9977596636180515
5,2,1.5131088777712196,0.59188,5000,1.8810861463899966,0.5071942446043165,834,1.896075383923686,0.5076,0.9988481990536361,0.08331339924593385,,,1.0,,1.0,0.0,0.997429939666296,0.0998866469499561,5,0.001,0.1,0.9973156170929423,0.9974106392861412,1.0,0.9974018514803055,0.997935835676912,0.9977272769957842,0.9976826751875689,0.9972388840986808,0.9974101536005021,0.9977427310775047,0.9974040917437579,0.9973225324440056
5,3,1.5096876794365561,0.57068,5000,1.9040522222165708,0.5035971223021583,834,1.896075383923686,0.5076,0.998690768081232,0.08331366677753188,,,1.0,,1.0,0.0,0.997429939666296,0.0998866469499561,5,0.001,0.1,0.9977163279606505,0.9973745011554306,0.9974018514803055,1.0,0.9977238454889804,0.9976063315435098,0.9974160086994651,0.9973052778412625,0.9972523686272047,0.996618467896805,0.9971510362592777,0.9971393060815379
5,4,1.5092094487445369,0.60024,5000,1.8820148176617093,0.5126050420168067,833,1.896075383923686,0.5076,0.9990506916712387,0.083349082732652,,,1.0,,1.0,0.0,0.997429939666296,0.0998866469499561,5,0.001,0.1,0.9975385522415904,0.9976597073590325,0.997935835676912,0.9977238454889804,1.0,0.997719297757719,0.9981460449398615,0.997838916873258,0.9977889896697024,0.9980356298798547,0.9972904960848045,0.9973409516022853
5,5,1.5018558597868414,0.59016,5000,1.8962645751458627,0.49939975990396157,833,1.896075383923686,0.5076,0.9988985629940513,0.08334970756678112,,,1.0,,1.0,0.0,0.997429939666296,0.0998866469499561,5,0.001,0.1,0.9977208204239432,0.997807309863233,0.9977272769957842,0.9976063315435098,0.997719297757719,1.0,0.997518544665498,0.9976251060186763,0.9974125712955321,0.9977558878839032,0.9971374565766294,0.9971638108980894
5,6,1.5126049716001864,0.60528,5000,1.9009523656633165,0.49339735894357745,833,1.896075383923686,0.5076,0.9988477505382798,0.08332430970549441,,,1.0,,1.0,0.0,0.997429939666296,0.0998866469499561,5,0.001,0.1,0.9975056340842196,0.9973760747654422,0.9976826751875689,0.9974160086994651,0.9981460449398615,0.997518544665498,1.0,0.9975979006247819,0.9969627791947662,0.9977012848155695,0.9974451092923206,0.9972346628960637
5,7,1.499675113684053,0.59564,5000,1.904852483007643,0.4885954381752701,833,1.896075383923686,0.5076,0.9988711561400864,0.08332274291277479,,,1.0,,1.0,0.0,0.997429939666296,0.0998866469499561,5,0.001,0.1,0.9969638971864236,0.9979464052987354,0.9972388840986808,0.9973052778412625,0.997838916873258,0.9976251060186763,0.9975979006247819,1.0,0.9974919151912122,0.998295010382267,0.9967813672494236,0.9977817925631367
5,8,1.5048402777902639,0.5876,5000,1.9039606032548126,0.5258103241296519,833,1.896075383923686,0.5076,0.9988492962975866,0.08335047477465148,,,1.0,,1.0,0.0,0.997429939666296,0.0998866469499561,5,0.001,0.1,0.9970584647410883,0.9979484566449995,0.9974101536005021,0.9972523686272047,0.9977889896697024,0.9974125712955321,0.9969627791947662,0.9974919151912122,1.0,0.9979836675625888,0.9974721003417533,0.9978219010325625
5,9,1.5002515718435785,0.59264,5000,1.8893908394707575,0.5282112845138055,833,1.896075383923686,0.5076,0.9989949293278578,0.08335003966023312,,,1.0,,1.0,0.0,0.997429939666296,0.0998866469499561,5,0.001,0.1,0.9968650797783543,0.9981400698066779,0.9977427310775047,0.996618467896805,0.9980356298798547,0.9977558878839032,0.9977012848155695,0.998295010382267,0.9979836675625888,1.0,0.9975042934775772,0.9977071077867824
5,10,1.5166227937503984,0.573,5000,1.8928299568317555,0.5186074429771909,833,1.896075383923686,0.5076,0.9987296411167675,0.08331323825017721,,,1.0,,1.0,0.0,0.997429939666296,0.0998866469499561,5,0.001,0.1,0.9976976967056812,0.9974710202114023,0.9974040917437579,0.9971510362592777,0.9972904960848045,0.9971374565766294,0.9974451092923206,0.9967813672494236,0.9974721003417533,0.9975042934775772,1.0,0.9978164732008341
5,11,1.5113717278097845,0.59612,5000,1.9036210819526955,0.4897959183673469,833,1.896075383923686,0.5076,0.9988693024297006,0.0833351249717941,,,1.0,,1.0,0.0,0.997429939666296,0.0998866469499561,5,0.001,0.1,0.9977561107166864,0.9977596636180515,0.9973225324440056,0.9971393060815379,0.9973409516022853,0.9971638108980894,0.9972346628960637,0.9977817925631367,0.9978219010325625,0.9977071077867824,0.9978164732008341,1.0
6,0,1.3867323974135575,0.6114,5000,1.775419866597211,0.5683453237410072,834,1.7834205242772452,0.5653,0.9987087533697867,0.08332979988737658,,,1.0,,1.0,0.0,0.9980847711817076,0.09987023211114708,5,0.001,0.1,1.0,0.9971017940494465,0.9971796461884063,0.9972813363818686,0.9972495404289511,0.9975486265396865,0.9974570869059728,0.9969896497944232,0.996528633563676,0.9965979157104956,0.9976036535472091,0.9974156270662718
6,1,1.37194015956988,0.6182,5000,1.7829940760577168,0.5695443645083933,834,1.7834205242772452,0.5653,0.9988027074834217,0.08334739528474154,,,1.0,,1.0,0.0,0.9980847711817076,0.09987023211114708,5,0.001,0.1,0.9971017940494465,1.0,0.9969920908539015,0.9969435495966147,0.9973233409058302,0.9972101186127966,0.9970797118531347,0.9977425692721732,0.9975397290669953,0.9976904337434354,0.9972398366503809,0.9972149683363548
6,2,1.392492900684381,0.62492,5000,1.765538427564833,0.564748201438849,834,1.7834205242772452,0.5653,0.998712882149739,0.0833214505880006,,,1.0,,1.0,0.0,0.9980847711817076,0.09987023211114708,5,0.001,0.1,0.9971796461884063,0.9969920908539015,1.0,0.9971444256767248,0.9975492250219633,0.9974660953723119,0.9974508379400724,0.996847853016551,0.9969300275325322,0.997282036383681,0.9972552321727275,0.9969056280845568
6,3,1.390658619145679,0.60436,5000,1.7916929986741807,0.5743405275779376,834,1.7834205242772452,0.5653,0.998406395820271,0.08331172301674135,,,1.0,,1.0,0.0,0.9980847711817076,0.09987023211114708,5,0.001,0.1,0.9972813363818686,0.9969435495966147,0.9971444256767248,1.0,0.9971094703393373,0.9967994286914359,0.9971010497834577,0.9969234399160278,0.9964652278402218,0.9961995206363667,0.9968324151780135,0.9965305846014092
6,4,1.3893376138559572,0.63144,5000,1.7666697281378287,0.5630252100840336,833,1.7834205242772452,0.5653,0.998881698231756,0.08334878052082431,,,1.0,,1.0,0.0,0.9980847711817076,0.09987023211114708,5,0.001,0.1,0.9972495404289511,0.9973233409058302,0.9975492250219633,0.9971094703393373,1.0,0.9972617881534579,0.9976576166438269,0.9975897348319843,0.9973732999312602,0.9977750212051367,0.9973166645072445,0.9968194210756394
6,5,1.3810114893943641,0.61812,5000,1.782448406572695,0.5510204081632653,833,1.7834205242772452,0.5653,0.998614235370543,0.08334053150571845,,,1.0,,1.0,0.0,0.9980847711817076,0.09987023211114708,5,0.001,0.1,0.9975486265396865,0.9972101186127966,0.9974660953723119,0.9967994286914359,0.9972617881534579,1.0,0.9970728345080367,0.99706158829763,0.9969798445479341,0.9971064802454551,0.9968513155079796,0.9964615256102785
6,6,1.3923819550283396,0.63364,5000,1.788502397360625,0.5462184873949579,833,1.7834205242772452,0.5653,0.9987267003793374,0.08332858697802392,,,1.0,,1.0,0.0,0.9980847711817076,0.09987023211114708,5,0.001,0.1,0.9974570869059728,0.9970797118531347,0.9974508379400724,0.9971010497834577,0.9976576166438269,0.9970728345080367,1.0,0.9974375110430119,0.9964814815325279,0.9971916112618954,0.9973413397121161,0.9968975415031956
6,7,1.3784998243781412,0.62844,5000,1.795031812455919,0.5486194477791116,833,1.7834205242772452,0.5653,0.9987963392224471,0.08332987374638792,,,1.0,,1.0,0.0,0.9980847711817076,0.09987023211114708,5,0.001,0.1,0.9969896497944232,0.9977425692721732,0.996847853016551,0.9969234399160278,0.9975897348319843,0.99706158829763,0.9974375110430119,1.0,0.9969587987137754,0.9980797144068386,0.9967991443069631,0.9975724822307998
6,8,1.3847307336558203,0.6184,5000,1.79484345736327,0.5798319327731093,833,1.7834205242772452,0.5653,0.9985830629824278,0.08333999589993933,,,1.0,,1.0,0.0,0.9980847711817076,0.09987023211114708,5,0.001,0.1,0.996528633563676,0.9975397290669953,0.9969300275325322,0.9964652278402218,0.9973732999312602,0.9969798445479341,0.9964814815325279,0.9969587987137754,1.0,0.9976244894749335,0.9973115078436224,0.9972525352218651
6,9,1.3790861841220006,0.62552,5000,1.7749934549684878,0.5966386554621849,833,1.7834205242772452,0.5653,0.9988054322264236,0.08334690588942194,,,1.0,,1.0,0.0,0.9980847711817076,0.09987023211114708,5,0.001,0.1,0.9965979157104956,0.9976904337434354,0.997282036383681,0.9961995206363667,0.9977750212051367,0.9971064802454551,0.9971916112618954,0.9980797144068386,0.9976244894749335,1.0,0.9972344330191265,0.9973289929823844
6,10,1.399221766526532,0.60664,5000,1.7785593492013436,0.5894357743097239,833,1.7834205242772452,0.5653,0.9987525954033333,0.08332263358013088,,,1.0,,1.0,0.0,0.9980847711817076,0.09987023211114708,5,0.001,0.1,0.9976036535472091,0.9972398366503809,0.9972552321727275,0.9968324151780135,0.9973166645072445,0.9968513155079796,0.9973413397121161,0.9967991443069631,0.9973115078436224,0.9972344330191265,1.0,0.9976934679699181
6,11,1.3897785815463704,0.62952,5000,1.7927853222246524,0.531812725090036,833,1.7834205242772452,0.5653,0.998636972004616,0.08333232310269321,,,1.0,,1.0,0.0,0.9980847711817076,0.09987023211114708,5,0.001,0.1,0.9974156270662718,0.9972149683363548,0.9969056280845568,0.9965305846014092,0.9968194210756394,0.9964615256102785,0.9968975415031956,0.9975724822307998,0.9972525352218651,0.9973289929823844,0.9976934679699181,1.0
7,0,1.2853982517673712,0.63872,5000,1.6551756064097087,0.617505995203837,834,1.6634533481476026,0.6065,0.9984899736976611,0.08333216877633028,,,1.0,,1.0,0.0,0.998283638097257,0.09984589288409977,5,0.001,0.1,1.0,0.9967030909054034,0.9966355054010241,0.996755189506609,0.996671688871318,0.9972286610891405,0.9969984329284739,0.9964432026645775,0.9958851359401005,0.9962468335758008,0.9970728691720321,0.9967744479490308
7,1,1.2677709092000486,0.646,5000,1.6634334767306294,0.6091127098321343,834,1.6634533481476026,0.6065,0.9985971771063715,0.08334641972798425,,,1.0,,1.0,0.0,0.998283638097257,0.09984589288409977,5,0.001,0.1,0.9967030909054034,1.0,0.996578813141976,0.9963187365304854,0.996699761483274,0.9967135578904458,0.9966155422723123,0.9972890179294887,0.9969874242377735,0.9973153296536214,0.9968447405666737,0.9966324438350671
7,2,1.2898539234118855,0.6462,5000,1.6427427044621221,0.6067146282973621,834,1.6634533481476026,0.6065,0.9984600054201003,0.08332608111359617,,,1.0,,1.0,0.0,0.998283638097257,0.09984589288409977,5,0.001,0.1,0.9966355054010241,0.996578813141976,1.0,0.996512490930729,0.9970501059289172,0.9971340443126644,0.9967454236024638,0.9961655102841034,0.9963416183349197,0.9970178571216054,0.9967016641995505,0.9961729497832056
7,3,1.2888066540098495,0.63196,5000,1.6719371477762859,0.6199040767386091,834,1.6634533481476026,0.6065,0.9981823551849761,0.08331115368967133,,,1.0,,1.0,0.0,0.998283638097257,0.09984589288409977,5,0.001,0.1,0.996755189506609,0.9963187365304854,0.996512490930729,1.0,0.9967213835581554,0.9965475609553569,0.9965382754970795,0.9964740397577977,0.9958625900381475,0.9956725052447528,0.9963173459644966,0.9960099712141539
7,4,1.2864164359250645,0.6536,5000,1.6436677243974473,0.6038415366146459,833,1.6634533481476026,0.6065,0.9985790643791129,0.08334668462014427,,,1.0,,1.0,0.0,0.998283638097257,0.09984589288409977,5,0.001,0.1,0.996671688871318,0.996699761483274,0.9970501059289172,0.9967213835581554,1.0,0.996642869990175,0.9970488073632374,0.9968284403414084,0.996824987263381,0.9973239944217053,0.9965945009520637,0.9960750008226097
7,5,1.2772571544738331,0.6428,5000,1.6610001546365243,0.5834333733493398,833,1.6634533481476026,0.6065,0.998415417397918,0.083336343668426,,,1.0,,1.0,0.0,0.998283638097257,0.09984589288409977,5,0.001,0.1,0.9972286610891405,0.9967135578904458,0.9971340443126644,0.9965475609553569,0.996642869990175,1.0,0.9964649408404165,0.9966244337893341,0.9962701115919245,0.9968190246595061,0.9962023657601278,0.9958735847463588
7,6,1.289851043026918,0.65608,5000,1.6692335075802274,0.5858343337334934,833,1.6634533481476026,0.6065,0.9984359263708551,0.08332968043370485,,,1.0,,1.0,0.0,0.998283638097257,0.09984589288409977,5,0.001,0.1,0.9969984329284739,0.9966155422723123,0.9967454236024638,0.9965382754970795,0.9970488073632374,0.9964649408404165,1.0,0.9968790461668514,0.9956157409003884,0.9968263426243827,0.9967604410752079,0.9962744091898782
7,7,1.2724088819922914,0.65036,5000,1.6782581982789215,0.5858343337334934,833,1.6634533481476026,0.6065,0.998506626033,0.08333275156452535,,,1.0,,1.0,0.0,0.998283638097257,0.09984589288409977,5,0.001,0.1,0.9964432026645775,0.9972890179294887,0.9961655102841034,0.9964740397577977,0.9968284403414084,0.9966244337893341,0.9968790461668514,1.0,0.9962344786521649,0.9976706368995377,0.9962703544191361,0.99673482817553
7,8,1.281854014032206,0.64632,5000,1.6783558792538114,0.6050420168067226,833,1.6634533481476026,0.6065,0.9982784325227748,0.08333159369338854,,,1.0,,1.0,0.0,0.998283638097257,0.09984589288409977,5,0.001,0.1,0.9958851359401005,0.9969874242377735,0.9963416183349197,0.9958625900381475,0.996824987263381,0.9962701115919245,0.9956157409003884,0.9962344786521649,1.0,0.9974025891200988,0.9967966553786102,0.9966580618229961
