round,client_id,client_i_training_loss,client_i_training_accuracy,client_i_training_dataset_size,client_i_evaluation_loss,client_i_evaluation_accuracy,client_i_evaluation_dataset_size,client_i_central_evaluation_loss,client_i_central_evaluation_accuracy,client_i_cosine_similarity,client_i_importance_coefficient,client_i_tanh_val,tanh_normalization_value,client_i_q,client_i_mask_order,client_i_v_nonzero_fraction,client_i_v_sparsity,client_i_v_cosine_similarity,client_i_reward_gradient_norm,local_epochs,learning_rate,gamma,client_0_cosine_similarity,client_1_cosine_similarity,client_2_cosine_similarity,client_3_cosine_similarity,client_4_cosine_similarity,client_5_cosine_similarity,client_6_cosine_similarity,client_7_cosine_similarity,client_8_cosine_similarity,client_9_cosine_similarity,client_10_cosine_similarity,client_11_cosine_similarity
0,0,2.2880094954461763,0.12099832013438924,4167,2.2972492490495955,0.11630695443645084,834,2.297942393942724,0.1142,0.9772385359208988,0.08330312771027464,,,0.8263610695090229,,0.8264098628509184,0.17359013714908156,0,0.14660993186829696,10,0.025,0.15,1.0,0.9729829626479093,0.9538202874424031,0.9258933098054123,0.9469457296153968,0.9542645539406345,0.9482854127112919,0.939954415232225,0.9637803670936692,0.95013882665921,0.9594833077458265,0.9485476912509245
0,1,2.291059548927076,0.1232301415886729,4167,2.2988054071153914,0.10671462829736211,834,2.297939068154444,0.1142,0.9813024271687438,0.08364954758543938,,,0.885873472249639,,0.8859236520275289,0.11407634797247113,0,0.1466235868599572,10,0.025,0.15,0.9729829626479093,1.0,0.9557831191286558,0.934681760416538,0.9568393368076291,0.9487381630253152,0.9554754227081154,0.9565572608042685,0.9662931525086179,0.9584255444647751,0.9579056727004229,0.9480867320828198
0,2,2.283163046836853,0.1373170146388289,4167,2.2937732424054826,0.1354916067146283,834,2.297975380209428,0.1137,0.9696887238971412,0.08265955612351666,,,0.7158001744525738,,0.715840636398145,0.284159363601855,0,0.14645151211993787,10,0.025,0.15,0.9538202874424031,0.9557831191286558,1.0,0.9182541872211346,0.951016889931004,0.9519644935708885,0.9492016731191296,0.9265124415872111,0.9576611609394897,0.9250021396609198,0.9554966665206306,0.9308104655713184
0,3,2.2892533417904017,0.1283417326613871,4167,2.2994960716792514,0.1091127098321343,834,2.297977103462702,0.1137,0.9689612119491581,0.08259754053726424,,,0.7051463499758626,,0.7051954910795333,0.2948045089204667,0,0.14644132351662967,10,0.025,0.15,0.9258933098054123,0.934681760416538,0.9182541872211346,1.0,0.9539957162594715,0.9473491786176135,0.9544745158890634,0.9648147826700572,0.9490440292568048,0.9465005952761222,0.938139961826106,0.9338413003789957
0,4,2.288642167322563,0.14036477081833454,4167,2.2990016596657887,0.11644657863145258,833,2.2979369435129287,0.1142,0.9831735934350667,0.08380905214519742,,,0.9132751898755996,,0.9133122080837088,0.08668779191629117,0,0.14663641804425673,10,0.025,0.15,0.9469457296153968,0.9568393368076291,0.951016889931004,0.9539957162594715,1.0,0.9633277502442208,0.9614420842146632,0.9591345055854131,0.9628348806516454,0.9661311901979087,0.9635225084358372,0.9485301192416823
0,5,2.2874678936871615,0.1312215022798176,4167,2.2962643759591237,0.11644657863145258,833,2.297939324680763,0.1142,0.9808462328343892,0.083610660032914,,,0.8791928749357951,,0.8792394910135168,0.12076050898648316,0,0.14662261599779872,10,0.025,0.15,0.9542645539406345,0.9487381630253152,0.9519644935708885,0.9473491786176135,0.9633277502442208,1.0,0.9633421161014295,0.9474389361908847,0.9693708820081557,0.9505435452697779,0.9557157246145673,0.9543623670573678
0,6,2.288286133968469,0.13566114710823135,4167,2.297318799155099,0.11404561824729892,833,2.297940172726595,0.1142,0.9801412231666163,0.08355056261735709,,,0.8688685781656063,,0.8688996715683848,0.13110032843161523,0,0.14662013777840427,10,0.025,0.15,0.9482854127112919,0.9554754227081154,0.9492016731191296,0.9544745158890634,0.9614420842146632,0.9633421161014295,1.0,0.962434473179297,0.9674618529423867,0.947479772556624,0.9509567599689012,0.9375873820436915
0,7,2.2913355588912965,0.1337892968562515,4167,2.298774685178484,0.11164465786314526,833,2.2979424029965942,0.1142,0.9772144190266708,0.08330107190440329,,,0.8260078970852014,,0.8260550246736313,0.17394497532636866,0,0.14660986851092542,10,0.025,0.15,0.939954415232225,0.9565572608042685,0.9265124415872111,0.9648147826700572,0.9591345055854131,0.9474389361908847,0.962434473179297,1.0,0.9616949374494148,0.9606367515386232,0.9545039638647518,0.9301279097906264
0,8,2.2891388799204972,0.12342774843975036,4166,2.297187430518014,0.10444177671068428,833,2.2979364455500737,0.1142,0.9870471298423734,0.0841392455280486,,,0.9699999998282073,,0.9700285520951957,0.029971447904804327,0,0.14663881108787408,10,0.025,0.15,0.9637803670936692,0.9662931525086179,0.9576611609394897,0.9490440292568048,0.9628348806516454,0.9693708820081557,0.9674618529423867,0.9616949374494148,1.0,0.9610463919438774,0.9665136190679479,0.9534663020634288
0,9,2.2897488579605563,0.1284445511281805,4166,2.298875059400286,0.1056422569027611,833,2.2979423396195036,0.1142,0.9773010231595866,0.08330845433446446,,,0.8272761446151553,,0.8273175884207226,0.17268241157927744,0,0.14661019023938912,10,0.025,0.15,0.95013882665921,0.9584255444647751,0.9250021396609198,0.9465005952761222,0.9661311901979087,0.9505435452697779,0.947479772556624,0.9606367515386232,0.9610463919438774,1.0,0.9554326712218323,0.9435015535494696
0,10,2.288337885249745,0.1385501680268843,4166,2.2977329322269986,0.12364945978391356,833,2.297940549971182,0.1142,0.979590272217663,0.08350359768957771,,,0.8608003468166946,,0.8608374180983974,0.13916258190160258,0,0.14661862094747566,10,0.025,0.15,0.9594833077458265,0.9579056727004229,0.9554966665206306,0.938139961826106,0.9635225084358372,0.9557157246145673,0.9509567599689012,0.9545039638647518,0.9665136190679479,0.9554326712218323,1.0,0.9340204529180043
0,11,2.289037744204203,0.13811809889582333,4166,2.2991760117667064,0.1092436974789916,833,2.2979974203471896,0.1135,0.9686097859326954,0.08256758379154247,,,0.7,,0.7000132032810154,0.29998679671898465,0,0.14632415552936837,10,0.025,0.15,0.9485476912509245,0.9480867320828198,0.9308104655713184,0.9338413003789957,0.9485301192416823,0.9543623670573678,0.9375873820436915,0.9301279097906264,0.9534663020634288,0.9435015535494696,0.9340204529180043,1.0
1,0,2.1935363018151484,0.19704823614110872,4167,2.2865639414106096,0.12350119904076738,834,2.2872600525240356,0.1187,0.9842112125322449,0.08324865679831092,,,0.8066859417622665,,0.8067204700368041,0.19327952996319586,0.8591633076191363,0.14790751510488645,10,0.025,0.15,1.0,0.9717593497765693,0.9685833656495654,0.9678237351108604,0.9648340463285039,0.9632961736494309,0.9698204113542694,0.9669488304441254,0.9719273866540827,0.9675994303067371,0.9679573680741826,0.9676154177292864
1,1,2.2046149037101053,0.19479241660667146,4167,2.28772166797093,0.11031175059952038,834,2.2872531776186786,0.1187,0.9876935102924307,0.08357504830236138,,,0.885080252829698,,0.8851314551666088,0.11486854483339115,0.85921524687128,0.14793240518020367,10,0.025,0.15,0.9717593497765693,1.0,0.9671231650548494,0.9742428021738083,0.9759461180975239,0.9694064868934316,0.9693286215856224,0.9770387440530379,0.9751754626591056,0.9726288581493289,0.9657931099665434,0.970788490527451
1,2,2.1762595971425376,0.2115190784737221,4167,2.2832159655434743,0.13788968824940048,834,2.2873201400418823,0.1189,0.9827427127874688,0.08280447424834407,,,0.7,,0.7000132032810154,0.29998679671898465,0.8574747581107528,0.14780336507010292,10,0.025,0.15,0.9685833656495654,0.9671231650548494,1.0,0.964650931119285,0.9672375760288907,0.9642813891154567,0.9698532639795262,0.9632472637585701,0.9696249006408576,0.9620882209217378,0.9689728796547586,0.9653340767004412
1,3,2.2096910021521827,0.18819294456443483,4167,2.2889201641082764,0.1211031175059952,834,2.2873075611983675,0.1188,0.9878727053783708,0.08293263053369881,,,0.7307812047025373,,0.730809856249278,0.26919014375072203,0.8584260356663103,0.1478517642064283,10,0.025,0.15,0.9678237351108604,0.9742428021738083,0.964650931119285,1.0,0.9761324077532657,0.9729515235445487,0.968701040722505,0.9772033503193086,0.9753278215770551,0.9731869088632216,0.9684285314769088,0.9730092364967056
1,4,2.1979778170585633,0.20023998080153588,4167,2.288524321147374,0.12004801920768307,833,2.28725398944903,0.1184,0.9873752000553035,0.08366300932676475,,,0.9062071627624433,,0.906248452740506,0.09375154725949397,0.8586930280439152,0.14793478803644558,10,0.025,0.15,0.9648340463285039,0.9759461180975239,0.9672375760288907,0.9761324077532657,1.0,0.9693817044452185,0.9724510288283378,0.9778051288428978,0.9723609819118322,0.9729691331532954,0.9680063901043869,0.9683007141926251
1,5,2.1997587857824383,0.18879289656827453,4167,2.285879748208182,0.12244897959183673,833,2.2872542882267433,0.1188,0.9855010768542796,0.08347998428842215,,,0.862247312058916,,0.8622815269594494,0.13771847304055063,0.8591815011421652,0.14792658802029343,10,0.025,0.15,0.9632961736494309,0.9694064868934316,0.9642813891154567,0.9729515235445487,0.9693817044452185,1.0,0.9686550803286987,0.9704423074172274,0.9773248811470144,0.9731702112752011,0.9669728565803284,0.9673600256037762
1,6,2.1963162144025166,0.19815214782817375,4167,2.2869570595877513,0.12364945978391356,833,2.2872553445115873,0.1188,0.9859123521308479,0.08345629120909835,,,0.8565565921486075,,0.8565876120215874,0.1434123879784126,0.859186737535669,0.1479254936203512,10,0.025,0.15,0.9698204113542694,0.9693286215856224,0.9698532639795262,0.968701040722505,0.9724510288283378,0.9686550803286987,1.0,0.9734515459369667,0.972379138727128,0.9698034374987425,0.9648079865490471,0.9689407444990608
1,7,2.2132297859047396,0.18893688504919606,4167,2.2879843711853027,0.11764705882352941,833,2.287259077724022,0.1187,0.9879753724614726,0.08336946438952224,,,0.8357021010899395,,0.8357346800679969,0.1642653199320031,0.8591560437602648,0.1479201907146525,10,0.025,0.15,0.9669488304441254,0.9770387440530379,0.9632472637585701,0.9772033503193086,0.9778051288428978,0.9704423074172274,0.9734515459369667,1.0,0.970870026092139,0.9755436189212828,0.9702477660545619,0.9698575978908188
1,8,2.200646045352473,0.1925588094095055,4166,2.286409888948713,0.10324129651860744,833,2.287252812445918,0.1185,0.9892912613703781,0.08392860819142355,,,0.969999999759815,,0.9700285520951957,0.029971447904804327,0.8586897137882031,0.1479378882560073,10,0.025,0.15,0.9719273866540827,0.9751754626591056,0.9696249006408576,0.9753278215770551,0.9723609819118322,0.9773248811470144,0.972379138727128,0.970870026092139,1.0,0.9796266774214482,0.9706606676524957,0.9727405562245466
1,9,2.202314201629523,0.19807969275084014,4166,2.2883852549961636,0.10444177671068428,833,2.287259382537649,0.1187,0.9873509815404732,0.08335376388460256,,,0.8319310768711257,,0.8319634929279927,0.16803650707200735,0.8591441120486646,0.147919283982858,10,0.025,0.15,0.9675994303067371,0.9726288581493289,0.9620882209217378,0.9731869088632216,0.9729691331532954,0.9731702112752011,0.9698034374987425,0.9755436189212828,0.9796266774214482,1.0,0.970115787825507,0.968434723027512
1,10,2.1935179219101415,0.20100816130580892,4166,2.287728650229318,0.12484993997599039,833,2.2872568625438063,0.1188,0.9841013850188708,0.08336862127159009,,,0.8354995968929266,,0.8355366308527669,0.16446336914723314,0.8591904746793115,0.1479201803747609,10,0.025,0.15,0.9679573680741826,0.9657931099665434,0.9689728796547586,0.9684285314769088,0.9680063901043869,0.9669728565803284,0.9648079865490471,0.9702477660545619,0.9706606676524957,0.970115787825507,1.0,0.964827790024501
1,11,2.2010896603266397,0.1943831012962074,4166,2.2882631165640697,0.11404561824729892,833,2.2873269425162785,0.1188,0.984951888727705,0.08281944755586135,,,0.7035963623827544,,0.7036606096615009,0.2963393903384991,0.8582966283804709,0.14782244029611824,10,0.025,0.15,0.9676154177292864,0.970788490527451,0.9653340767004412,0.9730092364967056,0.9683007141926251,0.9673600256037762,0.9689407444990608,0.9698575978908188,0.9727405562245466,0.968434723027512,0.964827790024501,1.0
2,0,2.114581996744329,0.23794096472282217,4167,2.2710972172873363,0.14388489208633093,834,2.271836241589317,0.1373,0.982142613487989,0.08324486706169351,,,0.97,,0.9700285520951957,0.029971447904804327,0.9598793930160975,0.14748914513675576,10,0.025,0.15,1.0,0.9642516899249669,0.9638461199577305,0.9636493889111303,0.9611410795178639,0.9611850915064889,0.9631345953799941,0.962068238269437,0.9638122835778632,0.9623325651791406,0.9606631093596653,0.9623997555490761
2,1,2.121585125272924,0.2374610031197504,4167,2.2719807624816895,0.12709832134292565,834,2.271826345709306,0.1373,0.9863158993993469,0.08358171859479578,,,0.97,,0.9700285520951957,0.029971447904804327,0.9601759891795466,0.14748914513675576,10,0.025,0.15,0.9642516899249669,1.0,0.9593075735961032,0.970415974763166,0.9713567861028344,0.9707138178414956,0.960943105300198,0.9722226300100602,0.9715234877184635,0.9685158157520681,0.9585361172665843,0.9697330003191121
2,2,2.096210386175098,0.24814014878809695,4167,2.26757482119969,0.1606714628297362,834,2.27190804783302,0.1371,0.9796334404086262,0.08288938131472315,,,0.97,,0.9700285520951957,0.029971447904804327,0.9589877770365555,0.14748914513675576,10,0.025,0.15,0.9638461199577305,0.9593075735961032,1.0,0.9587142006898698,0.9577748246548301,0.9613733570687836,0.9602674013902452,0.9566495930112547,0.9630715783849083,0.9571841011642704,0.9606537468952911,0.9602314078333922
2,3,2.132829760060166,0.22668586513078953,4167,2.273946762084961,0.1342925659472422,834,2.271894702428504,0.1371,0.9845941861341093,0.0831295089430313,,,0.97,,0.9700285520951957,0.029971447904804327,0.9592882671479279,0.14748914513675576,10,0.025,0.15,0.9636493889111303,0.970415974763166,0.9587142006898698,1.0,0.9666012344313206,0.9693404966384463,0.955747314667402,0.9676734332879942,0.9673371403883825,0.9668188468049644,0.9617727876081198,0.9694159939198614
2,4,2.1214820536700163,0.23700503959683225,4167,2.2735139642442976,0.14405762304921968,833,2.2718276947359497,0.1371,0.9838150103865397,0.08355478178448816,,,0.97,,0.9700285520951957,0.029971447904804327,0.9602122734860882,0.14748914513675576,10,0.025,0.15,0.9611410795178639,0.9713567861028344,0.9577748246548301,0.9666012344313206,1.0,0.9643360386267144,0.9638111628579421,0.9705851294594589,0.9645902741333386,0.9671712356189265,0.9585572307707303,0.9620352743983284
2,5,2.119715227502765,0.22738180945524358,4167,2.27068601335798,0.1452581032412965,833,2.2718281534653677,0.1374,0.984877878146087,0.08347638313427803,,,0.97,,0.9700285520951957,0.029971447904804327,0.9601483617773167,0.14748914513675576,10,0.025,0.15,0.9611850915064889,0.9707138178414956,0.9613733570687836,0.9693404966384463,0.9643360386267144,1.0,0.9583843958920443,0.9645357303048235,0.9732087775934793,0.9668230141446001,0.9644484990913635,0.9662408183650152
2,6,2.116277046998342,0.23527717782577393,4167,2.2721310683659146,0.13925570228091236,833,2.271829553797275,0.1373,0.9799994208926701,0.08330337075608936,,,0.97,,0.9700285520951957,0.029971447904804327,0.9601219604011448,0.14748914513675576,10,0.025,0.15,0.9631345953799941,0.960943105300198,0.9602674013902452,0.955747314667402,0.9638111628579421,0.9583843958920443,1.0,0.9627821675208331,0.960934836988897,0.9609095647574072,0.9552963381932583,0.9608499137295966
2,7,2.1356933745470914,0.22483801295896327,4167,2.272398437772478,0.1404561824729892,833,2.271834304061117,0.1373,0.9845728295955269,0.08339829882243811,,,0.97,,0.9700285520951957,0.029971447904804327,0.9600395356943349,0.14748914513675576,10,0.025,0.15,0.962068238269437,0.9722226300100602,0.9566495930112547,0.9676734332879942,0.9705851294594589,0.9645357303048235,0.9627821675208331,1.0,0.9633410896574744,0.9682454515277116,0.9626485649802742,0.9662842163205372
2,8,2.1184528184659555,0.23442150744119059,4166,2.2708159514835904,0.12965186074429771,833,2.27182579342323,0.1372,0.9854196297509035,0.08377072957237541,,,0.97,,0.9700285520951957,0.029971447904804327,0.9602532196846895,0.14748914513675576,10,0.025,0.15,0.9638122835778632,0.9715234877184635,0.9630715783849083,0.9673371403883825,0.9645902741333386,0.9732087775934793,0.960934836988897,0.9633410896574744,1.0,0.9698638611988463,0.9614296187603778,0.967732004363731
2,9,2.123847779721925,0.23252520403264523,4166,2.272883483341762,0.11884753901560624,833,2.271834771844405,0.1373,0.9842878707390449,0.08337936098251772,,,0.97,,0.9700285520951957,0.029971447904804327,0.960046163793254,0.14748914513675576,10,0.025,0.15,0.9623325651791406,0.9685158157520681,0.9571841011642704,0.9668188468049644,0.9671712356189265,0.9668230141446001,0.9609095647574072,0.9682454515277116,0.9698638611988463,1.0,0.9611659307695366,0.9646158629709525
2,10,2.112696601044048,0.23631781084973597,4166,2.273306676319667,0.13445378151260504,833,2.27183166938492,0.1372,0.9798504930393255,0.08324445161267642,,,0.97,,0.9700285520951957,0.029971447904804327,0.9600394811034183,0.14748914513675576,10,0.025,0.15,0.9606631093596653,0.9585361172665843,0.9606537468952911,0.9617727876081198,0.9585572307707303,0.9644484990913635,0.9552963381932583,0.9626485649802742,0.9614296187603778,0.9611659307695366,1.0,0.956192413646323
2,11,2.124482822779453,0.22926068170907346,4166,2.2725118568965366,0.12725090036014405,833,2.2719128795816927,0.1368,0.9835920198243043,0.08302714742089312,,,0.97,,0.9700285520951957,0.029971447904804327,0.9589907810108423,0.14748914513675576,10,0.025,0.15,0.9623997555490761,0.9697330003191121,0.9602314078333922,0.9694159939198614,0.9620352743983284,0.9662408183650152,0.9608499137295966,0.9662842163205372,0.967732004363731,0.9646158629709525,0.956192413646323,1.0
3,0,2.0507763707276547,0.2679145668346532,4167,2.250174249921526,0.19664268585131894,834,2.2511002836348135,0.1903,0.9792558043165,0.08325041177704583,,,0.97,,0.9700285520951957,0.029971447904804327,0.9760558977026708,0.14701934157531052,10,0.025,0.15,1.0,0.9587592884855682,0.9570043421033536,0.956995433049246,0.9547374194172453,0.9565846099852167,0.958610079755562,0.9566944241143707,0.9578402310413078,0.9553073707918589,0.949949062476466,0.9551222915871415
3,1,2.0564291874567666,0.2658027357811375,4167,2.2509961468832835,0.18705035971223022,834,2.2510870861101755,0.1904,0.9827936330437886,0.08357347810988733,,,0.97,,0.9700285520951957,0.029971447904804327,0.9760558977026708,0.14701934157531052,10,0.025,0.15,0.9587592884855682,1.0,0.9525382060774648,0.9615593009769867,0.9642049555833516,0.9614310623367028,0.9567220527609289,0.964849306460946,0.9658848988369385,0.9596485016532905,0.9489087287202923,0.9644774214693329
3,2,2.034430785973867,0.2723062155027598,4167,2.2464410918099538,0.22302158273381295,834,2.2511862229697313,0.1903,0.9764165383715625,0.08293854491821445,,,0.97,,0.9700285520951957,0.029971447904804327,0.9760558977026708,0.14701934157531052,10,0.025,0.15,0.9570043421033536,0.9525382060774648,1.0,0.9514235564099494,0.9482130909536562,0.9553611280702833,0.9544832852350541,0.9503447162474603,0.9575955056251892,0.9494824121945196,0.9547847535623754,0.9531931675418613
3,3,2.0722169583494012,0.2501559875209983,4167,2.254088435854231,0.19184652278177458,834,2.2511722136147414,0.1904,0.9807378316838595,0.08322733823761944,,,0.97,,0.9700285520951957,0.029971447904804327,0.9760558977026708,0.14701934157531052,10,0.025,0.15,0.956995433049246,0.9615593009769867,0.9514235564099494,1.0,0.9581169622089605,0.9604784871963139,0.9496551330846594,0.9596342136913382,0.9606230460904066,0.959327820748706,0.9530414988127904,0.9642001535413717
3,4,2.0621344219554554,0.26217902567794577,4167,2.2533940928322926,0.19807923169267708,833,2.2510889994947214,0.1904,0.9805110036150462,0.08348263637522521,,,0.97,,0.9700285520951957,0.029971447904804327,0.9760558977026708,0.14701934157531052,10,0.025,0.15,0.9547374194172453,0.9642049555833516,0.9482130909536562,0.9581169622089605,1.0,0.9590094936122546,0.9559158369787423,0.9638779933753636,0.9588020478090001,0.9612027399634472,0.9519275201415682,0.9561176677102025
3,5,2.055409248669942,0.2563954883609311,4167,2.250220571245466,0.21008403361344538,833,2.2510894370984427,0.1903,0.982137905351918,0.08348710063553043,,,0.97,,0.9700285520951957,0.029971447904804327,0.9760558977026708,0.14701934157531052,10,0.025,0.15,0.9565846099852167,0.9614310623367028,0.9553611280702833,0.9604784871963139,0.9590094936122546,1.0,0.9558302356818007,0.9580386483180159,0.966755211823049,0.9567064655082952,0.9583006281148432,0.9628541211628167
3,6,2.0534768411607454,0.2640508759299256,4167,2.2521073137010847,0.1836734693877551,833,2.251091419895993,0.1903,0.9781294011625093,0.08324992958481843,,,0.97,,0.9700285520951957,0.029971447904804327,0.9760558977026708,0.14701934157531052,10,0.025,0.15,0.958610079755562,0.9567220527609289,0.9544832852350541,0.9496551330846594,0.9559158369787423,0.9558302356818007,1.0,0.9586026852470578,0.956511922527836,0.9546644251549513,0.948990637622126,0.9543156477263534
3,7,2.071783395608266,0.25694744420446364,4167,2.251586539404733,0.1836734693877551,833,2.2510969880261,0.1904,0.9816394892999873,0.08342266888133151,,,0.97,,0.9700285520951957,0.029971447904804327,0.9760558977026708,0.14701934157531052,10,0.025,0.15,0.9566944241143707,0.964849306460946,0.9503447162474603,0.9596342136913382,0.9638779933753636,0.9580386483180159,0.9586026852470578,1.0,0.956874813202227,0.9613229464819854,0.95539332022065,0.9598786629711699
3,8,2.0519088914900117,0.2656505040806529,4166,2.249685049057007,0.18487394957983194,833,2.2510864976086196,0.1903,0.982943601131825,0.08369509687314508,,,0.97,,0.9700285520951957,0.029971447904804327,0.9760558977026708,0.14701934157531052,10,0.025,0.15,0.9578402310413078,0.9658848988369385,0.9575955056251892,0.9606230460904066,0.9588020478090001,0.966755211823049,0.956511922527836,0.956874813202227,1.0,0.9627398035664229,0.9544043920699983,0.9626708844931596
3,9,2.0608856219233886,0.26046567450792124,4166,2.251908847263881,0.17046818727490998,833,2.251097591617439,0.1904,0.9801848163098732,0.08336368308978402,,,0.97,,0.9700285520951957,0.029971447904804327,0.9760558977026708,0.14701934157531052,10,0.025,0.15,0.9553073707918589,0.9596485016532905,0.9494824121945196,0.959327820748706,0.9612027399634472,0.9567064655082952,0.9546644251549513,0.9613229464819854,0.9627398035664229,1.0,0.9513886146535834,0.9565897225823903
3,10,2.049454211105,0.26375420067210753,4166,2.253744534083775,0.18127250900360145,833,2.2510941088954106,0.1904,0.9757315196362752,0.08313558716850696,,,0.97,,0.9700285520951957,0.029971447904804327,0.9760558977026708,0.14701934157531052,10,0.025,0.15,0.949949062476466,0.9489087287202923,0.9547847535623754,0.9530414988127904,0.9519275201415682,0.9583006281148432,0.948990637622126,0.95539332022065,0.9544043920699983,0.9513886146535834,1.0,0.9490724805898161
3,11,2.0632614923245978,0.256505040806529,4166,2.2513040815080916,0.17286914765906364,833,2.251190496396415,0.1917,0.9810273041902278,0.08317352434889144,,,0.97,,0.9700285520951957,0.029971447904804327,0.9760558977026708,0.14701934157531052,10,0.025,0.15,0.9551222915871415,0.9644774214693329,0.9531931675418613,0.9642001535413717,0.9561176677102025,0.9628541211628167,0.9543156477263534,0.9598786629711699,0.9626708844931596,0.9565897225823903,0.9490724805898161,1.0
4,0,1.9985393675890837,0.2869450443964483,4167,2.224074738366263,0.2529976019184652,834,2.2253495530237126,0.2424,0.9757415953960971,0.0832533843266335,,,0.97,,0.9700285520951957,0.029971447904804327,0.9807977699907022,0.14649379472698607,10,0.025,0.15,1.0,0.951697023003581,0.9512250810346186,0.9472272798745713,0.9508895030695494,0.949090056368806,0.950747530963269,0.9504657362415863,0.9510833451095599,0.9458024043972353,0.9429072603534351,0.9441064669529867
4,1,2.0029521082386825,0.2838252939764819,4167,2.225004196166992,0.2589928057553957,834,2.2253318798692923,0.2424,0.9787168966868224,0.08355005491119356,,,0.97,,0.9700285520951957,0.029971447904804327,0.9807977699907022,0.14649379472698607,10,0.025,0.15,0.951697023003581,1.0,0.9427460392233002,0.9542346804545209,0.9579226290722838,0.952256593133365,0.9495771205213436,0.9559399093502272,0.9578677183170589,0.9512199637408114,0.9403449421034625,0.9560455700986517
4,2,1.9832752823829651,0.29169666426685864,4167,2.2201573167528426,0.2853717026378897,834,2.225452423095703,0.2423,0.9730577265099802,0.08297312751790382,,,0.97,,0.9700285520951957,0.029971447904804327,0.9807977699907022,0.14649379472698607,10,0.025,0.15,0.9512250810346186,0.9427460392233002,1.0,0.9437909844035622,0.9430676568804954,0.9469328855640394,0.9457403993180549,0.9454634553746173,0.9512238585992823,0.9402277864404174,0.9494530359221544,0.9441561936518987
4,3,2.019735144846367,0.27086633069354454,4167,2.229471376964024,0.2302158273381295,834,2.2254378946521616,0.2425,0.9771224001180261,0.08328406218757056,,,0.97,,0.9700285520951957,0.029971447904804327,0.9807977699907022,0.14649379472698607,10,0.025,0.15,0.9472272798745713,0.9542346804545209,0.9437909844035622,1.0,0.9513806288167612,0.9508987942234233,0.944582986776961,0.9509782718703766,0.9540394559320676,0.95145868037983,0.945825935523067,0.9569842327453459
4,4,2.0113165815671286,0.2836093112550996,4167,2.228621550968715,0.226890756302521,833,2.2253346292278433,0.2425,0.9786747003869889,0.08349249566453641,,,0.97,,0.9700285520951957,0.029971447904804327,0.9807977699907022,0.14649379472698607,10,0.025,0.15,0.9508895030695494,0.9579226290722838,0.9430676568804954,0.9513806288167612,1.0,0.954135775728749,0.951256002825595,0.9589951641802668,0.9545486036235832,0.95309219641913,0.9462261573207914,0.9478932924294767
4,5,2.002504446289756,0.2787137029037677,4167,2.2246224199022566,0.2545018007202881,833,2.225335145298439,0.2424,0.9784148063069419,0.083486796570014,,,0.97,,0.9700285520951957,0.029971447904804327,0.9807977699907022,0.14649379472698607,10,0.025,0.15,0.949090056368806,0.952256593133365,0.9469328855640394,0.9508987942234233,0.954135775728749,1.0,0.9498841960522454,0.9497854169449598,0.9587063381229584,0.9474774204685157,0.9515746194204,0.955669556214089
4,6,2.0004771503535186,0.28327333813294936,4167,2.2272134508405412,0.22569027611044418,833,2.225337776956679,0.2424,0.9754200190493718,0.0832426179281977,,,0.97,,0.9700285520951957,0.029971447904804327,0.9807977699907022,0.14649379472698607,10,0.025,0.15,0.950747530963269,0.9495771205213436,0.9457403993180549,0.944582986776961,0.951256002825595,0.9498841960522454,1.0,0.9518906887804994,0.9505768216558466,0.9485972558243001,0.9432184886447519,0.9453792334688615
4,7,2.0180228222500194,0.27564194864410846,4167,2.2258148193359375,0.24489795918367346,833,2.225344353084323,0.2424,0.9781856141936207,0.0834394846963547,,,0.97,,0.9700285520951957,0.029971447904804327,0.9807977699907022,0.14649379472698607,10,0.025,0.15,0.9504657362415863,0.9559399093502272,0.9454634553746173,0.9509782718703766,0.9589951641802668,0.9497854169449598,0.9518906887804994,1.0,0.9505303461948391,0.95223440978295,0.9465437768131038,0.9509272074626238
4,8,1.9956930496475913,0.28542966874699954,4166,2.223278454371861,0.24729891956782712,833,2.2253314875349215,0.2425,0.9799830207178756,0.08366649185247661,,,0.97,,0.9700285520951957,0.029971447904804327,0.9807977699907022,0.14649379472698607,10,0.025,0.15,0.9510833451095599,0.9578677183170589,0.9512238585992823,0.9540394559320676,0.9545486036235832,0.9587063381229584,0.9505768216558466,0.9505303461948391,1.0,0.953733550736301,0.9476114454919542,0.9547616946847072
4,9,2.010313153628147,0.2775324051848296,4166,2.225696120943342,0.22208883553421369,833,2.2253449536577055,0.2423,0.975324799537693,0.08330987486409017,,,0.97,,0.9700285520951957,0.029971447904804327,0.9807977699907022,0.14649379472698607,10,0.025,0.15,0.9458024043972353,0.9512199637408114,0.9402277864404174,0.95145868037983,0.95309219641913,0.9474774204685157,0.9485972558243001,0.95223440978295,0.953733550736301,1.0,0.9414871531334019,0.9448888116099639
4,10,1.9958406726519267,0.2838214114258281,4166,2.2295734201158797,0.22088835534213686,833,2.225341090673133,0.2424,0.9724599567134191,0.08307553922876382,,,0.97,,0.9700285520951957,0.029971447904804327,0.9807977699907022,0.14649379472698607,10,0.025,0.15,0.9429072603534351,0.9403449421034625,0.9494530359221544,0.945825935523067,0.9462261573207914,0.9515746194204,0.9432184886447519,0.9465437768131038,0.9476114454919542,0.9414871531334019,1.0,0.9417033074047338
4,11,2.013105276136687,0.2757321171387422,4166,2.224914721080235,0.24129651860744297,833,2.2254578373100182,0.2455,0.9763633827816918,0.0832260702522651,,,0.97,,0.9700285520951957,0.029971447904804327,0.9807977699907022,0.14649379472698607,10,0.025,0.15,0.9441064669529867,0.9560455700986517,0.9441561936518987,0.9569842327453459,0.9478932924294767,0.955669556214089,0.9453792334688615,0.9509272074626238,0.9547616946847072,0.9448888116099639,0.9417033074047338,1.0
5,0,1.9520615895589193,0.30441564674826016,4167,2.193624121802194,0.290167865707434,834,2.1953185087517846,0.2797,0.9725609066054931,0.08323045167649638,,,0.97,,0.9700285520951957,0.029971447904804327,0.9835853968557284,0.14613045562296062,10,0.025,0.15,1.0,0.9484217971515193,0.94316709947302,0.9418657649809038,0.9463109812436389,0.9428205441497158,0.945761703797002,0.9432041046797683,0.9445641483542191,0.9420312931311736,0.9356802877242557,0.9358501540530162
5,1,1.9535565520777847,0.3003839692824574,4167,2.1949424062456404,0.29256594724220625,834,2.1952946578400043,0.2799,0.976904636317596,0.08355565021871629,,,0.97,,0.9700285520951957,0.029971447904804327,0.9835853968557284,0.14613045562296062,10,0.025,0.15,0.9484217971515193,1.0,0.9394799316729373,0.9496531177822374,0.9515719872840203,0.9483196704422812,0.9445800383150444,0.9504473258220248,0.9551342546376294,0.946939467487138,0.9348234280991735,0.950837154076541
5,2,1.9367319670590488,0.3088072954163667,4167,2.1897216864994595,0.2973621103117506,834,2.195440379879143,0.2799,0.9711543418140534,0.08301111775260189,,,0.97,,0.9700285520951957,0.029971447904804327,0.9835853968557284,0.14613045562296062,10,0.025,0.15,0.94316709947302,0.9394799316729373,1.0,0.9404020476774178,0.938762721311177,0.9419485366624454,0.9414223280999828,0.9409489744798055,0.9445464752021663,0.9375289919849624,0.9445777270464464,0.9407099416069347
5,3,1.9699446060440757,0.28855291576673864,4167,2.200791665485927,0.27697841726618705,834,2.1954245084448707,0.2799,0.9754999593651301,0.08334520850622815,,,0.97,,0.9700285520951957,0.029971447904804327,0.9835853968557284,0.14613045562296062,10,0.025,0.15,0.9418657649809038,0.9496531177822374,0.9404020476774178,1.0,0.9455050899963456,0.9466182628358857,0.9433123845187456,0.947894575901944,0.9505996107940246,0.9465555329786046,0.9408197297863338,0.9507722202738227
5,4,1.9625021251765165,0.29916006719462446,4167,2.1997660228184293,0.27490996398559425,833,2.1952981284902067,0.2803,0.975685623278814,0.08348029638463403,,,0.97,,0.9700285520951957,0.029971447904804327,0.9835853968557284,0.14613045562296062,10,0.025,0.15,0.9463109812436389,0.9515719872840203,0.938762721311177,0.9455050899963456,1.0,0.9515166372666668,0.9438404002033649,0.950202758011002,0.9499830115460521,0.9465035757629233,0.9391498129382954,0.9426531936994254
5,5,1.9554748596567095,0.29385649148068155,4167,2.1945835522242954,0.28691476590636256,833,2.195299082164523,0.2799,0.9764300936129052,0.08350102559307993,,,0.97,,0.9700285520951957,0.029971447904804327,0.9835853968557284,0.14613045562296062,10,0.025,0.15,0.9428205441497158,0.9483196704422812,0.9419485366624454,0.9466182628358857,0.9515166372666668,1.0,0.9464142948249814,0.9440919273523456,0.9540176019712582,0.9434502951094746,0.944602000017908,0.9509475880088676
5,6,1.950218548196735,0.30343172546196306,4167,2.19818445614406,0.25570228091236497,833,2.1953026795689063,0.28,0.9734402500639714,0.08325243842344889,,,0.97,,0.9700285520951957,0.029971447904804327,0.9835853968557284,0.14613045562296062,10,0.025,0.15,0.945761703797002,0.9445800383150444,0.9414223280999828,0.9433123845187456,0.9438404002033649,0.9464142948249814,1.0,0.9470363173176014,0.9457291643722989,0.9434334499947679,0.9386315246807053,0.9398096890700116
5,7,1.967214133161487,0.29553635709143267,4167,2.195848192487444,0.2893157262905162,833,2.1953101278860356,0.2798,0.9753617171339164,0.08343692403117386,,,0.97,,0.9700285520951957,0.029971447904804327,0.9835853968557284,0.14613045562296062,10,0.025,0.15,0.9432041046797683,0.9504473258220248,0.9409489744798055,0.947894575901944,0.950202758011002,0.9440919273523456,0.9470363173176014,1.0,0.9460837554349938,0.9481024071759242,0.9396457006658583,0.9446354727299909
5,8,1.9437855818054892,0.3001200192030725,4166,2.192502634865897,0.2929171668667467,833,2.195294392259815,0.2804,0.97776147054744,0.08365565337571615,,,0.97,,0.9700285520951957,0.029971447904804327,0.9835853968557284,0.14613045562296062,10,0.025,0.15,0.9445641483542191,0.9551342546376294,0.9445464752021663,0.9505996107940246,0.9499830115460521,0.9540176019712582,0.9457291643722989,0.9460837554349938,1.0,0.9523665425809046,0.9403382114585846,0.9468310293106171
5,9,1.962290421037963,0.2929908785405665,4166,2.1949216638292586,0.2545018007202881,833,2.195310794854466,0.2798,0.9733994876087145,0.0832927480850772,,,0.97,,0.9700285520951957,0.029971447904804327,0.9835853968557284,0.14613045562296062,10,0.025,0.15,0.9420312931311736,0.946939467487138,0.9375289919849624,0.9465555329786046,0.9465035757629233,0.9434502951094746,0.9434334499947679,0.9481024071759242,0.9523665425809046,1.0,0.9343247705247042,0.9381451711466552
5,10,1.9491038712588225,0.29944791166586654,4166,2.201192923954555,0.2533013205282113,833,2.195306681379487,0.2799,0.9690090608228552,0.0830046186996326,,,0.97,,0.9700285520951957,0.029971447904804327,0.9835853968557284,0.14613045562296062,10,0.025,0.15,0.9356802877242557,0.9348234280991735,0.9445777270464464,0.9408197297863338,0.9391498129382954,0.944602000017908,0.9386315246807053,0.9396457006658583,0.9403382114585846,0.9343247705247042,1.0,0.9357618873291056
5,11,1.9683835062113675,0.2901344215074412,4166,2.1940648215157643,0.2917166866746699,833,2.195445531531225,0.2811,0.9731846994071083,0.08323386725319458,,,0.97,,0.9700285520951957,0.029971447904804327,0.9835853968557284,0.14613045562296062,10,0.025,0.15,0.9358501540530162,0.950837154076541,0.9407099416069347,0.9507722202738227,0.9426531936994254,0.9509475880088676,0.9398096890700116,0.9446354727299909,0.9468310293106171,0.9381451711466552,0.9357618873291056,1.0
6,0,1.9049063317703478,0.3198944084473242,4167,2.1602669784000943,0.3105515587529976,834,2.1621994851510737,0.301,0.9715563510107166,0.08322866707707255,,,0.97,,0.9700285520951957,0.029971447904804327,0.9867776364734879,0.14592226398437402,10,0.025,0.15,1.0,0.9422008844891413,0.939605415582391,0.9388313511763865,0.9429259768131633,0.9410769014622105,0.9435961378985079,0.9418462485114946,0.944271968271515,0.937908106378697,0.9357748919810757,0.9337438641370133
6,1,1.9084242011561539,0.3151187904967603,4167,2.1620206151689803,0.2997601918465228,834,2.1621679414676716,0.3011,0.9747229532299646,0.08353333722543457,,,0.97,,0.9700285520951957,0.029971447904804327,0.9867776364734879,0.14592226398437402,10,0.025,0.15,0.9422008844891413,1.0,0.9357386713689134,0.9467136728319634,0.9479915598377924,0.9449095950233429,0.941667534521059,0.9448277592991746,0.951491133258545,0.9420063237169891,0.9337176431904235,0.9472014412342835
6,2,1.8906548565084285,0.3232541396688265,4167,2.156238147190639,0.3249400479616307,834,2.1623407406142996,0.3012,0.9693039998403931,0.08301937748206668,,,0.97,,0.9700285520951957,0.029971447904804327,0.9867776364734879,0.14592226398437402,10,0.025,0.15,0.939605415582391,0.9357386713689134,1.0,0.934578412422427,0.9356773297715881,0.9386010448520639,0.9393149030072533,0.9361521841517519,0.9417899148194133,0.9338295427967986,0.9423704265947996,0.9380666647489835
6,3,1.92636307405703,0.30254379649628027,4167,2.16917245728629,0.28776978417266186,834,2.1623230252084853,0.3007,0.9738321565548228,0.0833739439342078,,,0.97,,0.9700285520951957,0.029971447904804327,0.9867776364734879,0.14592226398437402,10,0.025,0.15,0.9388313511763865,0.9467136728319634,0.934578412422427,1.0,0.9445217333553383,0.943685306850185,0.9402864764689017,0.9436984836874562,0.9462539581280012,0.9422047559958445,0.9395168884084827,0.9479548820536645
6,4,1.9146821600018125,0.3132949364050876,4167,2.167839220591954,0.31092436974789917,833,2.162171907062772,0.3016,0.9749746936320965,0.0834948684165185,,,0.97,,0.9700285520951957,0.029971447904804327,0.9867776364734879,0.14592226398437402,10,0.025,0.15,0.9429259768131633,0.9479915598377924,0.9356773297715881,0.9445217333553383,1.0,0.9502583952098137,0.9407217302910683,0.9478196988064205,0.9492167727268538,0.9414578795493298,0.9389438912850784,0.9419254664451138
6,5,1.9130041508963613,0.3053275737940965,4167,2.1613527025495256,0.3025210084033613,833,2.1621736484237863,0.3011,0.9754119374223456,0.08352196320861112,,,0.97,,0.9700285520951957,0.029971447904804327,0.9867776364734879,0.14592226398437402,10,0.025,0.15,0.9410769014622105,0.9449095950233429,0.9386010448520639,0.943685306850185,0.9502583952098137,1.0,0.9462942188272148,0.9414892334295297,0.9500240135738781,0.938490491302923,0.9431741504952397,0.9485997382846495
6,6,1.9037189396944914,0.31790256779457643,4167,2.16582076890128,0.28331332533013204,833,2.162178462064719,0.3011,0.97213432751468,0.08326112886768147,,,0.97,,0.9700285520951957,0.029971447904804327,0.9867776364734879,0.14592226398437402,10,0.025,0.15,0.9435961378985079,0.941667534521059,0.9393149030072533,0.9402864764689017,0.9407217302910683,0.9462942188272148,1.0,0.9421048133337785,0.942612719240301,0.9382123212100443,0.9348223846300725,0.93888291381033
6,7,1.921434343222416,0.30863930885529156,4167,2.1627448967524936,0.31212484993997597,833,2.162187057205393,0.301,0.9734362822564521,0.08341784860459805,,,0.97,,0.9700285520951957,0.029971447904804327,0.9867776364734879,0.14592226398437402,10,0.025,0.15,0.9418462485114946,0.9448277592991746,0.9361521841517519,0.9436984836874562,0.9478196988064205,0.9414892334295297,0.9421048133337785,1.0,0.9424127006921252,0.94209034660941,0.9362872070217642,0.9448474827247606
6,8,1.896387675675479,0.3153864618338934,4166,2.1587514196123396,0.31092436974789917,833,2.1621674314329895,0.3017,0.9765431922780533,0.08365462332853867,,,0.97,,0.9700285520951957,0.029971447904804327,0.9867776364734879,0.14592226398437402,10,0.025,0.15,0.944271968271515,0.951491133258545,0.9417899148194133,0.9462539581280012,0.9492167727268538,0.9500240135738781,0.942612719240301,0.9424127006921252,1.0,0.9489160006224793,0.9375151064793623,0.945186267607625
6,9,1.9191589843143115,0.3054488718194911,4166,2.1610868658338274,0.2857142857142857,833,2.16218773624565,0.301,0.9705736873803794,0.08323521887343606,,,0.97,,0.9700285520951957,0.029971447904804327,0.9867776364734879,0.14592226398437402,10,0.025,0.15,0.937908106378697,0.9420063237169891,0.9338295427967986,0.9422047559958445,0.9414578795493298,0.938490491302923,0.9382123212100443,0.94209034660941,0.9489160006224793,1.0,0.9312066610250043,0.9338856320479954
6,10,1.9041938279614303,0.3158185309649544,4166,2.1695710250309537,0.27490996398559425,833,2.162183161023297,0.301,0.9686039262507189,0.08299252860564445,,,0.97,,0.9700285520951957,0.029971447904804327,0.9867776364734879,0.14592226398437402,10,0.025,0.15,0.9357748919810757,0.9337176431904235,0.9423704265947996,0.9395168884084827,0.9389438912850784,0.9431741504952397,0.9348223846300725,0.9362872070217642,0.9375151064793623,0.9312066610250043,1.0,0.9342183638312839
