round,client_id,client_i_training_loss,client_i_training_accuracy,client_i_training_dataset_size,client_i_evaluation_loss,client_i_evaluation_accuracy,client_i_evaluation_dataset_size,client_i_central_evaluation_loss,client_i_central_evaluation_accuracy,client_i_cosine_similarity,client_i_importance_coefficient,client_i_tanh_val,tanh_normalization_value,client_i_q,client_i_mask_order,client_i_v_nonzero_fraction,client_i_v_sparsity,client_i_v_cosine_similarity,client_i_reward_gradient_norm,local_epochs,learning_rate,gamma,client_0_cosine_similarity,client_1_cosine_similarity,client_2_cosine_similarity,client_3_cosine_similarity,client_4_cosine_similarity,client_5_cosine_similarity,client_6_cosine_similarity,client_7_cosine_similarity,client_8_cosine_similarity,client_9_cosine_similarity,client_10_cosine_similarity,client_11_cosine_similarity
0,0,0.36222980187339765,0.89076,5000,2.1740594616642706,0.513189448441247,834,2.183997828358659,0.4748,0.7849408494394362,0.08354662904328193,,,,,,,0,0,5,0.1,0.5,1.0,0.5632389033726088,0.5785873678457568,0.5805818466143059,0.568785148410023,0.5881266967973457,0.584060229077538,0.5690904235797678,0.5700122239895501,0.5961132186728302,0.5867416321398924,0.5893720247022084
0,1,0.34449707842936184,0.89384,5000,2.190351865909718,0.47002398081534774,834,2.183997828358659,0.4748,0.7793025341753245,0.0829465045445554,,,,,,,0,0,5,0.1,0.5,0.5632389033726088,1.0,0.5858536107206339,0.5603218428747613,0.5789726934709243,0.584806292901648,0.5812492207925155,0.5724200441442026,0.57383848671457,0.568268075183355,0.582213928588195,0.5705532796053253
0,2,0.3494360485831928,0.88808,5000,2.178871852380258,0.4856115107913669,834,2.183997828358659,0.4748,0.7831413656048476,0.08335509765782133,,,,,,,0,0,5,0.1,0.5,0.5785873678457568,0.5858536107206339,1.0,0.5783599571122733,0.5784965200163321,0.5773321511110451,0.5756021932419759,0.5696493619821177,0.582439523126022,0.559092558576968,0.585741207158964,0.58664868309907
0,3,0.34008909897273704,0.89612,5000,2.19281448258294,0.4676258992805755,834,2.183997828358659,0.4748,0.7747380264046917,0.08246067272964785,,,,,,,0,0,5,0.1,0.5,0.5805818466143059,0.5603218428747613,0.5783599571122733,1.0,0.5674261982886645,0.5760269943061332,0.5655670467541187,0.5759906191179609,0.5675228765633415,0.5596345211227718,0.5709848076899395,0.5764350106368712
0,4,0.32998133443687466,0.89556,5000,2.185776427940086,0.4657863145258103,833,2.183997828358659,0.4748,0.7842607433151568,0.08347424069183379,,,,,,,0,0,5,0.1,0.5,0.568785148410023,0.5789726934709243,0.5784965200163321,0.5674261982886645,1.0,0.5823872905307932,0.5851574913840516,0.57818462354159,0.5867570381382057,0.580616645255388,0.571761582811474,0.5897747248843488
0,5,0.33520017693495485,0.89824,5000,2.184673212192677,0.46218487394957986,833,2.183997828358659,0.4748,0.7857210205703284,0.08362966799852228,,,,,,,0,0,5,0.1,0.5,0.5881266967973457,0.584806292901648,0.5773321511110451,0.5760269943061332,0.5823872905307932,1.0,0.5708577998687702,0.576500863711842,0.5685255353699743,0.5787303260185311,0.589838681688275,0.5889069857299638
0,6,0.33728049647086744,0.89476,5000,2.180982501418502,0.48619447779111646,833,2.183997828358659,0.4748,0.779478761872098,0.08296526166494225,,,,,,,0,0,5,0.1,0.5,0.584060229077538,0.5812492207925155,0.5756021932419759,0.5655670467541187,0.5851574913840516,0.5708577998687702,1.0,0.5782040121440313,0.5686493625613414,0.5684905467446766,0.5721073937063462,0.5734467853507034
0,7,0.33950459660997817,0.89152,5000,2.1817402751357466,0.4849939975990396,833,2.183997828358659,0.4748,0.7808750381633065,0.08311387691082585,,,,,,,0,0,5,0.1,0.5,0.5690904235797678,0.5724200441442026,0.5696493619821177,0.5759906191179609,0.57818462354159,0.576500863711842,0.5782040121440313,1.0,0.5752837308277453,0.5748961718446001,0.5759716689819891,0.5903189132557126
0,8,0.3434626604056662,0.8942,5000,2.1897459824879966,0.46938775510204084,833,2.183997828358659,0.4748,0.7816782935043558,0.08319937287660926,,,,,,,0,0,5,0.1,0.5,0.5700122239895501,0.57383848671457,0.582439523126022,0.5675228765633415,0.5867570381382057,0.5685255353699743,0.5686493625613414,0.5752837308277453,1.0,0.5761460546047743,0.5770719693412737,0.5978104098524453
0,9,0.341890070600447,0.89292,5000,2.180918013608014,0.4801920768307323,833,2.183997828358659,0.4748,0.7816977681905323,0.0832014457008009,,,,,,,0,0,5,0.1,0.5,0.5961132186728302,0.568268075183355,0.559092558576968,0.5596345211227718,0.580616645255388,0.5787303260185311,0.5684905467446766,0.5748961718446001,0.5761460546047743,1.0,0.5877628772791536,0.5944891880235433
0,10,0.3461258929412646,0.8942,5000,2.188818763803553,0.4369747899159664,833,2.183997828358659,0.4748,0.7866408403788503,0.08372757071868792,,,,,,,0,0,5,0.1,0.5,0.5867416321398924,0.582213928588195,0.585741207158964,0.5709848076899395,0.571761582811474,0.589838681688275,0.5721073937063462,0.5759716689819891,0.5770719693412737,0.5877628772791536,1.0,0.5904857939507474
0,11,0.34000050071982824,0.89228,5000,2.1778243294468633,0.47539015606242496,833,2.183997828358659,0.4748,0.7927673723325217,0.08437965946247127,,,,,,,0,0,5,0.1,0.5,0.5893720247022084,0.5705532796053253,0.58664868309907,0.5764350106368712,0.5897747248843488,0.5889069857299638,0.5734467853507034,0.5903189132557126,0.5978104098524453,0.5944891880235433,0.5904857939507474,1.0
1,0,0.3226970639880628,0.90276,5000,2.0008913940853543,0.7673860911270983,834,2.014594708387844,0.7395,0.8085367170820954,0.08340912744954312,,,,,,,0,0,5,0.1,0.5,1.0,0.6199771675392007,0.6214867590058839,0.6109146203791957,0.6374882268859389,0.6268376174612798,0.6223281598524038,0.6195919951821062,0.6306652819080082,0.6275132217742547,0.6177665715129163,0.6273605920674596
1,1,0.3080740679221548,0.90864,5000,2.025264576629356,0.7230215827338129,834,2.014594708387844,0.7395,0.8052575592557534,0.08289802036576481,,,,,,,0,0,5,0.1,0.5,0.6199771675392007,1.0,0.6265769479421637,0.6146439219293048,0.6306901315971328,0.6196764882198829,0.6251951664431505,0.6130764751939873,0.6249135852148356,0.6217706662269185,0.624844888749378,0.6116273183042457
1,2,0.3010623853819765,0.90736,5000,2.012609349356757,0.7529976019184652,834,2.014594708387844,0.7395,0.8132398556584493,0.0834461698954496,,,,,,,0,0,5,0.1,0.5,0.6214867590058839,0.6265769479421637,1.0,0.6222865323303496,0.6425814442018615,0.6217930441094044,0.6240395016578276,0.6270581665857827,0.6296808160468066,0.6265677590240011,0.6395693516835157,0.6269831107960799
1,3,0.2996426825981089,0.90864,5000,2.02219021320343,0.7122302158273381,834,2.014594708387844,0.7395,0.8021607935420513,0.08246886132526439,,,,,,,0,0,5,0.1,0.5,0.6109146203791957,0.6146439219293048,0.6222865323303496,1.0,0.6235923887236907,0.6147422000683056,0.6179738470401201,0.6118189791219346,0.619523946149412,0.6250821948774224,0.6230046943338947,0.6214404328833707
1,4,0.28958400398801276,0.91044,5000,2.01765568168075,0.7298919567827131,833,2.014594708387844,0.7395,0.821871017684602,0.08382545275751181,,,,,,,0,0,5,0.1,0.5,0.6374882268859389,0.6306901315971328,0.6425814442018615,0.6235923887236907,1.0,0.6426722428456757,0.6333534484869665,0.6390501798510597,0.6345403513756733,0.641962669471764,0.6358562474183911,0.6302628104592739
1,5,0.2943480828468492,0.90904,5000,2.0128129411626747,0.7575030012004802,833,2.014594708387844,0.7395,0.8097841775813968,0.08350748100829955,,,,,,,0,0,5,0.1,0.5,0.6268376174612798,0.6196764882198829,0.6217930441094044,0.6147422000683056,0.6426722428456757,1.0,0.6239455929651265,0.6214969142193725,0.6247493823554191,0.6251276408782794,0.6277124697350911,0.6249484069262486
1,6,0.30017302325292,0.90832,5000,2.0105244009583085,0.7611044417767107,833,2.014594708387844,0.7395,0.8097041162184613,0.08306522493687521,,,,,,,0,0,5,0.1,0.5,0.6223281598524038,0.6251951664431505,0.6240395016578276,0.6179738470401201,0.6333534484869665,0.6239455929651265,1.0,0.6224284479494973,0.6250748725609545,0.6338355543816727,0.6242314231909994,0.6236512986050549
1,7,0.30608161394217404,0.90332,5000,2.0128805019237377,0.7382953181272509,833,2.014594708387844,0.7395,0.8056065459048783,0.08302087739837326,,,,,,,0,0,5,0.1,0.5,0.6195919951821062,0.6130764751939873,0.6270581665857827,0.6118189791219346,0.6390501798510597,0.6214969142193725,0.6224284479494973,1.0,0.623868818488963,0.6195810980805023,0.6168647592284934,0.6206317055879887
1,8,0.3091101749094239,0.9038,5000,2.023513493714509,0.7490996398559424,833,2.014594708387844,0.7395,0.8115683235197853,0.0832849754059352,,,,,,,0,0,5,0.1,0.5,0.6306652819080082,0.6249135852148356,0.6296808160468066,0.619523946149412,0.6345403513756733,0.6247493823554191,0.6250748725609545,0.623868818488963,1.0,0.626679276792223,0.6305306834311696,0.6228663658518767
1,9,0.3061157142162133,0.90616,5000,2.0100130240122476,0.7394957983193278,833,2.014594708387844,0.7395,0.8135319051131508,0.08335470452792787,,,,,,,0,0,5,0.1,0.5,0.6275132217742547,0.6217706662269185,0.6265677590240011,0.6250821948774224,0.641962669471764,0.6251276408782794,0.6338355543816727,0.6195810980805023,0.626679276792223,1.0,0.6286805387965513,0.6352981602251078
1,10,0.3029674995880408,0.90804,5000,2.015230726312708,0.7106842737094838,833,2.014594708387844,0.7395,0.8129251449527753,0.08368158469788149,,,,,,,0,0,5,0.1,0.5,0.6177665715129163,0.624844888749378,0.6395693516835157,0.6230046943338947,0.6358562474183911,0.6277124697350911,0.6242314231909994,0.6168647592284934,0.6305306834311696,0.6286805387965513,1.0,0.6347704778020375
1,11,0.30447440942879883,0.903,5000,2.009396544209233,0.7322929171668667,833,2.014594708387844,0.7395,0.8107596877387545,0.08403752023117367,,,,,,,0,0,5,0.1,0.5,0.6273605920674596,0.6116273183042457,0.6269831107960799,0.6214404328833707,0.6302628104592739,0.6249484069262486,0.6236512986050549,0.6206317055879887,0.6228663658518767,0.6352981602251078,0.6347704778020375,1.0
2,0,0.28720846285414736,0.91256,5000,1.788145286065561,0.8657074340527577,834,1.8060444692453257,0.8595,0.816276780417365,0.08349224477330575,,,,,,,0,0,5,0.1,0.5,1.0,0.634993342057098,0.633098167860977,0.6368011018782664,0.6299160726857164,0.6366258783122319,0.6313814854102617,0.6299543237706244,0.6285840605787468,0.6339587705408475,0.6295075309983891,0.6399389206231197
2,1,0.2773072231145706,0.91656,5000,1.8208386809737593,0.8465227817745803,834,1.8060444692453257,0.8595,0.8153373379252644,0.08312189340001289,,,,,,,0,0,5,0.1,0.5,0.634993342057098,1.0,0.6306896534227516,0.6293866697926395,0.6365887952024742,0.6322109510226577,0.6269737945298115,0.6235104202659685,0.6318057441404313,0.6332795533581312,0.6383065011380791,0.639909352857397
2,2,0.2777023969135087,0.91532,5000,1.8084668141824227,0.8585131894484412,834,1.8060444692453257,0.8595,0.8100472511795263,0.08330009760482096,,,,,,,0,0,5,0.1,0.5,0.633098167860977,0.6306896534227516,1.0,0.6284393235226214,0.6237493126011237,0.6222664185060958,0.6207429639597634,0.6251213103829691,0.6300602411324581,0.6305569443449556,0.6285184361787735,0.630557073921271
2,3,0.2739541707584148,0.92008,5000,1.811506160983333,0.8621103117505995,834,1.8060444692453257,0.8595,0.8121949881161619,0.08272908219593136,,,,,,,0,0,5,0.1,0.5,0.6368011018782664,0.6293866697926395,0.6284393235226214,1.0,0.629356409609611,0.6261516375964963,0.6273517366654846,0.6298916451259544,0.6291576464388342,0.6246697795752852,0.6306015405719705,0.6372308013793948
2,4,0.263380408001423,0.91936,5000,1.8106819258795843,0.8571428571428571,833,1.8060444692453257,0.8595,0.8150163694875181,0.08372347867983715,,,,,,,0,0,5,0.1,0.5,0.6299160726857164,0.6365887952024742,0.6237493126011237,0.629356409609611,1.0,0.633636251405723,0.6295641345417896,0.6290986310499177,0.6315668087845346,0.6377884893846741,0.63290315745504,0.6364012240361611
2,5,0.2671102027141839,0.91892,5000,1.8011832546304773,0.8679471788715486,833,1.8060444692453257,0.8595,0.8112311995399105,0.08338177501103704,,,,,,,0,0,5,0.1,0.5,0.6366258783122319,0.6322109510226577,0.6222664185060958,0.6261516375964963,0.633636251405723,1.0,0.630418861838879,0.6226491021912375,0.627113410026509,0.6319948626981563,0.6240512090254754,0.6279393195882867
2,6,0.27147876918434527,0.91692,5000,1.7998697360356648,0.879951980792317,833,1.8060444692453257,0.8595,0.8111424613091203,0.08308649461885845,,,,,,,0,0,5,0.1,0.5,0.6313814854102617,0.6269737945298115,0.6207429639597634,0.6273517366654846,0.6295641345417896,0.630418861838879,1.0,0.6311777742363291,0.6325155533478493,0.6267859738929197,0.629529973841374,0.6297255613257332
2,7,0.2737688933362722,0.91548,5000,1.8046012322107952,0.8631452581032413,833,1.8060444692453257,0.8595,0.8094251690095837,0.08299747881065078,,,,,,,0,0,5,0.1,0.5,0.6299543237706244,0.6235104202659685,0.6251213103829691,0.6298916451259544,0.6290986310499177,0.6226491021912375,0.6311777742363291,1.0,0.626412359209787,0.6274159148753143,0.6225101043282042,0.6318953462808586
2,8,0.27993480878389754,0.9148,5000,1.8192372366234109,0.8703481392557023,833,1.8060444692453257,0.8595,0.8116572800174278,0.08324958371560982,,,,,,,0,0,5,0.1,0.5,0.6285840605787468,0.6318057441404313,0.6300602411324581,0.6291576464388342,0.6315668087845346,0.627113410026509,0.6325155533478493,0.626412359209787,1.0,0.6247630180488898,0.6208141747206427,0.6374123717528074
2,9,0.2725942043907893,0.91764,5000,1.800057918937118,0.8535414165666266,833,1.8060444692453257,0.8595,0.8136621592394503,0.08336536923480589,,,,,,,0,0,5,0.1,0.5,0.6339587705408475,0.6332795533581312,0.6305569443449556,0.6246697795752852,0.6377884893846741,0.6319948626981563,0.6267859738929197,0.6274159148753143,0.6247630180488898,1.0,0.6282607195122499,0.6398231453961615
2,10,0.27144854569653415,0.91788,5000,1.803389725861726,0.8403361344537815,833,1.8060444692453257,0.8595,0.8124383731726916,0.0835387810934539,,,,,,,0,0,5,0.1,0.5,0.6295075309983891,0.6383065011380791,0.6285184361787735,0.6306015405719705,0.63290315745504,0.6240512090254754,0.629529973841374,0.6225101043282042,0.6208141747206427,0.6282607195122499,1.0,0.6410122965830694
2,11,0.2699965001516946,0.91752,5000,1.8031058797129877,0.8487394957983193,833,1.8060444692453257,0.8595,0.8193338034160342,0.08401372086167615,,,,,,,0,0,5,0.1,0.5,0.6399389206231197,0.639909352857397,0.630557073921271,0.6372308013793948,0.6364012240361611,0.6279393195882867,0.6297255613257332,0.6318953462808586,0.6374123717528074,0.6398231453961615,0.6410122965830694,1.0
3,0,0.26141609246516306,0.9192,5000,1.5485323976587366,0.9064748201438849,834,1.570734399957017,0.9051,0.8010689225247762,0.08328377457404475,,,,,,,0,0,5,0.1,0.5,1.0,0.606608768408023,0.6126683507057731,0.6137207767654911,0.6148557360322391,0.613803957890562,0.6230800473170017,0.6048036291015326,0.6126755362833594,0.6124068523454009,0.6128458748348162,0.6150345882759872
3,1,0.25125742584087285,0.926,5000,1.5886140531963773,0.9016786570743405,834,1.570734399957017,0.9051,0.8068894896773646,0.08324135134056532,,,,,,,0,0,5,0.1,0.5,0.606608768408023,1.0,0.6277246573508365,0.6158787730156235,0.6257952455092147,0.6140762898884058,0.6270360020895653,0.608739431294793,0.6124631385525148,0.6187740351274844,0.6218065065646464,0.6215323063974951
3,2,0.25181406296932013,0.92252,5000,1.5772133005989923,0.9064748201438849,834,1.570734399957017,0.9051,0.8079917221928188,0.08339791645924596,,,,,,,0,0,5,0.1,0.5,0.6126683507057731,0.6277246573508365,1.0,0.6132573063254727,0.6290649170055232,0.6072525440022177,0.6173038146506785,0.6183878221998708,0.6168647483784787,0.6233243018036321,0.6198731387011164,0.6245230268727947
3,3,0.24347650257004486,0.92864,5000,1.5746404948057953,0.9004796163069544,834,1.570734399957017,0.9051,0.8028193176405155,0.08283900912467139,,,,,,,0,0,5,0.1,0.5,0.6137207767654911,0.6158787730156235,0.6132573063254727,1.0,0.6162791043383953,0.6082924011090161,0.613569911782351,0.6130738718471848,0.6110265728234833,0.6177965935229166,0.6229720600237761,0.6170740322409307
3,4,0.23439947364756922,0.92888,5000,1.5765156834213823,0.9039615846338536,833,1.570734399957017,0.9051,0.8101028885483753,0.08375218175471505,,,,,,,0,0,5,0.1,0.5,0.6148557360322391,0.6257952455092147,0.6290649170055232,0.6162791043383953,1.0,0.6109209169184657,0.6270456336589454,0.6222821064182322,0.6165696260253781,0.6233214239692346,0.6199369871196382,0.6227644709201701
3,5,0.24364391206793345,0.92688,5000,1.5635298093159993,0.9039615846338536,833,1.570734399957017,0.9051,0.8001673938031668,0.08317910552254228,,,,,,,0,0,5,0.1,0.5,0.613803957890562,0.6140762898884058,0.6072525440022177,0.6082924011090161,0.6109209169184657,1.0,0.6209098337965587,0.6067328840719458,0.6049104275889413,0.6118744046409972,0.6164016878416064,0.6190742288526544
3,6,0.24177900165746546,0.92748,5000,1.5621002824218184,0.9207683073229291,833,1.570734399957017,0.9051,0.8094335030448346,0.08330663528516513,,,,,,,0,0,5,0.1,0.5,0.6230800473170017,0.6270360020895653,0.6173038146506785,0.613569911782351,0.6270456336589454,0.6209098337965587,1.0,0.6234674932682959,0.6144159675155981,0.6206534644182492,0.6157912053716201,0.6219212311253215
3,7,0.24931935728853866,0.92308,5000,1.5687335950356942,0.9087635054021609,833,1.570734399957017,0.9051,0.8026131642540687,0.08300971184110204,,,,,,,0,0,5,0.1,0.5,0.6048036291015326,0.608739431294793,0.6183878221998708,0.6130738718471848,0.6222821064182322,0.6067328840719458,0.6234674932682959,1.0,0.6096217226818902,0.6147019651475161,0.6166201208137384,0.6212557817931941
3,8,0.25384062866259155,0.92332,5000,1.5886327469790424,0.9063625450180072,833,1.570734399957017,0.9051,0.800919831272368,0.08311773698168264,,,,,,,0,0,5,0.1,0.5,0.6126755362833594,0.6124631385525148,0.6168647483784787,0.6110265728234833,0.6165696260253781,0.6049104275889413,0.6144159675155981,0.6096217226818902,1.0,0.6020168860138361,0.6164869097606646,0.6250405018707489
3,9,0.24525242229318542,0.92484,5000,1.5632409078103524,0.9111644657863145,833,1.570734399957017,0.9051,0.8055044659126609,0.08335441228475389,,,,,,,0,0,5,0.1,0.5,0.6124068523454009,0.6187740351274844,0.6233243018036321,0.6177965935229166,0.6233214239692346,0.6118744046409972,0.6206534644182492,0.6147019651475161,0.6020168860138361,1.0,0.6170546769964544,0.6240089211282476
3,10,0.24522300729421292,0.928,5000,1.5651195623256542,0.8931572629051621,833,1.570734399957017,0.9051,0.8075084797012266,0.08353925911964007,,,,,,,0,0,5,0.1,0.5,0.6128458748348162,0.6218065065646464,0.6198731387011164,0.6229720600237761,0.6199369871196382,0.6164016878416064,0.6157912053716201,0.6166201208137384,0.6164869097606646,0.6170546769964544,1.0,0.6247764644538097
3,11,0.24521568944131966,0.92464,5000,1.5698429655145716,0.8979591836734694,833,1.570734399957017,0.9051,0.8110875802540649,0.08397890571187151,,,,,,,0,0,5,0.1,0.5,0.6150345882759872,0.6215323063974951,0.6245230268727947,0.6170740322409307,0.6227644709201701,0.6190742288526544,0.6219212311253215,0.6212557817931941,0.6250405018707489,0.6240089211282476,0.6247764644538097,1.0
4,0,0.2407670925923024,0.92944,5000,1.2967095021848325,0.9364508393285371,834,1.3226196510723223,0.9244,0.7977101892257574,0.08333064886669801,,,,,,,0,0,5,0.1,0.5,1.0,0.6051094140907667,0.6041708073124562,0.6001842828144569,0.5996851192104498,0.6051417561575835,0.6051045003158907,0.5959387562987735,0.6060737060999467,0.6065475149417539,0.5995914045683842,0.6005358828106308
4,1,0.23723658995857094,0.93088,5000,1.3424674051779288,0.9184652278177458,834,1.3226196510723223,0.9244,0.7939871102285453,0.08317207811662565,,,,,,,0,0,5,0.1,0.5,0.6051094140907667,1.0,0.6026911934651354,0.5922019231353248,0.6030541487382823,0.5966643016502394,0.6068202478393254,0.586717501875953,0.5991920044226496,0.6056637292504596,0.5985032766272717,0.5959721295378807
4,2,0.22688430165694018,0.93088,5000,1.333226654264662,0.9280575539568345,834,1.3226196510723223,0.9244,0.7993244137259414,0.08346309412208042,,,,,,,0,0,5,0.1,0.5,0.6041708073124562,0.6026911934651354,1.0,0.6048607624214667,0.6017629239476309,0.5906925269915306,0.6075633569236537,0.6045117438614498,0.6086331061894134,0.6108705781663174,0.6006017022637961,0.606595801511054
4,3,0.22526106049371944,0.93432,5000,1.324412226676941,0.9256594724220624,834,1.3226196510723223,0.9244,0.7941413417763393,0.08290983341867403,,,,,,,0,0,5,0.1,0.5,0.6001842828144569,0.5922019231353248,0.6048607624214667,1.0,0.6015888544579688,0.5957919069127277,0.5998036619706668,0.5963398023507241,0.6022895161272075,0.6052937735317981,0.5999005122871519,0.5978052508107322
4,4,0.2219702766947211,0.93292,5000,1.3292626628169306,0.9231692677070829,833,1.3226196510723223,0.9244,0.797058450056891,0.08361942262133348,,,,,,,0,0,5,0.1,0.5,0.5996851192104498,0.6030541487382823,0.6017629239476309,0.6015888544579688,1.0,0.6068730386514507,0.6061288069592237,0.6018422603594207,0.6003384330585382,0.6098407423024262,0.5964772158656186,0.5921011841391557
4,5,0.22566051445130236,0.93116,5000,1.3126832379235163,0.9279711884753902,833,1.3226196510723223,0.9244,0.7945275192560285,0.08314959165558575,,,,,,,0,0,5,0.1,0.5,0.6051417561575835,0.5966643016502394,0.5906925269915306,0.5957919069127277,0.6068730386514507,1.0,0.6087383360656293,0.595016322271602,0.5962071510010059,0.6079957216345777,0.6000785693370163,0.5948993422036142
4,6,0.2202775983495792,0.9324,5000,1.31165372883832,0.9339735894357744,833,1.3226196510723223,0.9244,0.8004924656465338,0.08344326751496356,,,,,,,0,0,5,0.1,0.5,0.6051045003158907,0.6068202478393254,0.6075633569236537,0.5998036619706668,0.6061288069592237,0.6087383360656293,1.0,0.605205581010699,0.6095941735704005,0.6047425226783755,0.6009821319524781,0.5999142864863808
4,7,0.23296578677288096,0.92876,5000,1.320191220000938,0.9243697478991597,833,1.3226196510723223,0.9244,0.7935902276589365,0.08300409236479948,,,,,,,0,0,5,0.1,0.5,0.5959387562987735,0.586717501875953,0.6045117438614498,0.5963398023507241,0.6018422603594207,0.595016322271602,0.605205581010699,1.0,0.603130479489887,0.6045887208808647,0.5983787821114034,0.598286692970056
4,8,0.23298613202408147,0.93056,5000,1.344232024969878,0.9243697478991597,833,1.3226196510723223,0.9244,0.7982190430615279,0.08323801364592573,,,,,,,0,0,5,0.1,0.5,0.6060737060999467,0.5991920044226496,0.6086331061894134,0.6022895161272075,0.6003384330585382,0.5962071510010059,0.6095941735704005,0.603130479489887,1.0,0.6082442272080147,0.5939454563683104,0.6060682207369003
4,9,0.22262962421129465,0.93132,5000,1.3141324211049963,0.9315726290516206,833,1.3226196510723223,0.9244,0.8030369950426823,0.08356413703069994,,,,,,,0,0,5,0.1,0.5,0.6065475149417539,0.6056637292504596,0.6108705781663174,0.6052937735317981,0.6098407423024262,0.6079957216345777,0.6047425226783755,0.6045887208808647,0.6082442272080147,1.0,0.606800705456291,0.6080402801820892
4,10,0.2315174060357604,0.9312,5000,1.3159737322065566,0.9063625450180072,833,1.3226196510723223,0.9244,0.7946598240036641,0.08339380383187525,,,,,,,0,0,5,0.1,0.5,0.5995914045683842,0.5985032766272717,0.6006017022637961,0.5999005122871519,0.5964772158656186,0.6000785693370163,0.6009821319524781,0.5983787821114034,0.5939454563683104,0.606800705456291,1.0,0.6023905987671563
4,11,0.22344453892178218,0.93064,5000,1.3235487319805004,0.9123649459783914,833,1.3226196510723223,0.9244,0.7953953833462538,0.08371201681073863,,,,,,,0,0,5,0.1,0.5,0.6005358828106308,0.5959721295378807,0.606595801511054,0.5978052508107322,0.5921011841391557,0.5948993422036142,0.5999142864863808,0.598286692970056,0.6060682207369003,0.6080402801820892,0.6023905987671563,1.0
5,0,0.22677002034630556,0.9324,5000,1.0483687321345012,0.9424460431654677,834,1.076975171177532,0.9361,0.7808953846611343,0.08321915373337205,,,,,,,0,0,5,0.1,0.5,1.0,0.5794236884827847,0.5750884201297645,0.5759243166289233,0.5758728227520536,0.5772761521769793,0.5786368877434339,0.5707362401229497,0.5718508862311373,0.5785316955636474,0.5807536247609387,0.5834190616356405
5,1,0.21626777620808144,0.93492,5000,1.097931616836124,0.9280575539568345,834,1.076975171177532,0.9361,0.7853707230893684,0.08327063358916392,,,,,,,0,0,5,0.1,0.5,0.5794236884827847,1.0,0.5807682748829405,0.5755510351439667,0.5840314524163561,0.5797428806863487,0.5862001044077001,0.5751083763825834,0.5756347713760057,0.5820298606627472,0.584446355979558,0.5874341201599127
5,2,0.21407246419293866,0.93608,5000,1.0904866545288652,0.9388489208633094,834,1.076975171177532,0.9361,0.782530864951786,0.08336530219891528,,,,,,,0,0,5,0.1,0.5,0.5750884201297645,0.5807682748829405,1.0,0.5771249936952303,0.5818590454651121,0.5696151400099245,0.5754787953151299,0.5737372586375082,0.5798874991850594,0.5778961102025251,0.580158095932152,0.5905794244312559
5,3,0.20855568108759867,0.94036,5000,1.077134244971805,0.9388489208633094,834,1.076975171177532,0.9361,0.7792576483443251,0.08288006364312259,,,,,,,0,0,5,0.1,0.5,0.5759243166289233,0.5755510351439667,0.5771249936952303,1.0,0.5813846604620451,0.5760866784689334,0.5703156976835824,0.5707340818486704,0.5810525336183673,0.5678341747470675,0.5784409858643974,0.5798333096835557
5,4,0.20018633956528584,0.93976,5000,1.0849881944832978,0.9411764705882353,833,1.076975171177532,0.9361,0.787849128017838,0.08365705790352695,,,,,,,0,0,5,0.1,0.5,0.5758728227520536,0.5840314524163561,0.5818590454651121,0.5813846604620451,1.0,0.5851391522452518,0.5816433020428032,0.5830508161608049,0.5815554267547751,0.586276643651781,0.5847920967588341,0.5859309114950595
5,5,0.2097047311037328,0.93784,5000,1.0647482342190213,0.9399759903961584,833,1.076975171177532,0.9361,0.7811755230025517,0.08310792340890263,,,,,,,0,0,5,0.1,0.5,0.5772761521769793,0.5797428806863487,0.5696151400099245,0.5760866784689334,0.5851391522452518,1.0,0.5799360387538108,0.5724411323051485,0.5724134565515764,0.5722383770562139,0.5818228536599301,0.5843524712080052
5,6,0.20639684977852235,0.93712,5000,1.063473889121303,0.9471788715486195,833,1.076975171177532,0.9361,0.7847609750345211,0.08343054211599649,,,,,,,0,0,5,0.1,0.5,0.5786368877434339,0.5862001044077001,0.5754787953151299,0.5703156976835824,0.5816433020428032,0.5799360387538108,1.0,0.5797057950291808,0.5849757410267705,0.576662910629737,0.5783256956004295,0.5914263433463739
5,7,0.21404624999127095,0.93316,5000,1.0731399456659954,0.9339735894357744,833,1.076975171177532,0.9361,0.7811865959897362,0.08301100313796973,,,,,,,0,0,5,0.1,0.5,0.5707362401229497,0.5751083763825834,0.5737372586375082,0.5707340818486704,0.5830508161608049,0.5724411323051485,0.5797057950291808,1.0,0.5795636552672961,0.5765216303282182,0.579418264358177,0.5908310566197335
5,8,0.21580575881763153,0.93464,5000,1.100681437386407,0.9375750300120048,833,1.076975171177532,0.9361,0.7836687437775196,0.08325482158071837,,,,,,,0,0,5,0.1,0.5,0.5718508862311373,0.5756347713760057,0.5798874991850594,0.5810525336183673,0.5815554267547751,0.5724134565515764,0.5849757410267705,0.5795636552672961,1.0,0.5759821876084078,0.576740819372545,0.5943953366271973
5,9,0.215044585813525,0.93452,5000,1.0681183183634724,0.9447779111644657,833,1.076975171177532,0.9361,0.7822792310126643,0.08342402225085563,,,,,,,0,0,5,0.1,0.5,0.5785316955636474,0.5820298606627472,0.5778961102025251,0.5678341747470675,0.586276643651781,0.5722383770562139,0.576662910629737,0.5765216303282182,0.5759821876084078,1.0,0.5778106437946451,0.5874959850029036
5,10,0.21083729526378026,0.93652,5000,1.0706641596776467,0.9183673469387755,833,1.076975171177532,0.9361,0.7860811898346471,0.08344393238151723,,,,,,,0,0,5,0.1,0.5,0.5807536247609387,0.584446355979558,0.580158095932152,0.5784409858643974,0.5847920967588341,0.5818228536599301,0.5783256956004295,0.579418264358177,0.576740819372545,0.5778106437946451,1.0,0.5932721834440204
5,11,0.20464617926983317,0.93644,5000,1.079974529919801,0.921968787515006,833,1.076975171177532,0.9361,0.7940013675012234,0.08393554405593921,,,,,,,0,0,5,0.1,0.5,0.5834190616356405,0.5874341201599127,0.5905794244312559,0.5798333096835557,0.5859309114950595,0.5843524712080052,0.5914263433463739,0.5908310566197335,0.5943953366271973,0.5874959850029036,0.5932721834440204,1.0
6,0,0.208885600946986,0.9378,5000,0.8173487539644595,0.9544364508393285,834,0.8479294455089508,0.9448,0.7719826661340589,0.08323498380447354,,,,,,,0,0,5,0.1,0.5,1.0,0.549703010499686,0.5637267349751796,0.551970426448165,0.5622501096826941,0.5689179379788127,0.5678155897690333,0.5564804523349204,0.5638171533170641,0.5626280489832688,0.5556255749507647,0.5548693175212094
6,1,0.19400984597849144,0.94316,5000,0.8688078081166303,0.9400479616306955,834,0.8479294455089508,0.9448,0.7677508272917863,0.08311989387990647,,,,,,,0,0,5,0.1,0.5,0.549703010499686,1.0,0.5668164533468782,0.542757100542837,0.5665595133213928,0.5541664294895466,0.5638153118669088,0.5533279427993509,0.559317719494635,0.5489041556139681,0.5578283585457147,0.5549873674573386
6,2,0.19199407886310368,0.9416,5000,0.8641654032248037,0.9424460431654677,834,0.8479294455089508,0.9448,0.7781447950262436,0.08355117036961113,,,,,,,0,0,5,0.1,0.5,0.5637267349751796,0.5668164533468782,1.0,0.5570892343787714,0.5713218532910251,0.555978199054638,0.5630900918850609,0.5660978198007427,0.567065509699631,0.5711454178871609,0.5648359788710964,0.5669101360714347
6,3,0.1957614673147346,0.94268,5000,0.845924801296658,0.9436450839328537,834,0.8479294455089508,0.9448,0.7625557177102094,0.0826736456745512,,,,,,,0,0,5,0.1,0.5,0.551970426448165,0.542757100542837,0.5570892343787714,1.0,0.5592978478933082,0.54693128875741,0.5493866103314546,0.5552625018662483,0.5553130875124803,0.5537636669562949,0.5481743430682261,0.5522783987256011
6,4,0.1849051805830021,0.945,5000,0.8572769297493829,0.9459783913565426,833,0.8479294455089508,0.9448,0.7781316119020288,0.08374678251337439,,,,,,,0,0,5,0.1,0.5,0.5622501096826941,0.5665595133213928,0.5713218532910251,0.5592978478933082,1.0,0.5729433961239923,0.5604836919635592,0.5588418392067939,0.5661565726588172,0.5702266387683415,0.5641380791008288,0.5603142203638858
6,5,0.19151300629304283,0.94284,5000,0.8333454970960263,0.9507803121248499,833,0.8479294455089508,0.9448,0.7722085601571951,0.08316822020106444,,,,,,,0,0,5,0.1,0.5,0.5689179379788127,0.5541664294895466,0.555978199054638,0.54693128875741,0.5729433961239923,1.0,0.5613746940436815,0.5556874227976053,0.5611721243552628,0.5653518650196294,0.5560793262811218,0.5617573678774872
6,6,0.19000898083956663,0.9432,5000,0.8325603670544095,0.9555822328931572,833,0.8479294455089508,0.9448,0.7731770898498509,0.08341929918223324,,,,,,,0,0,5,0.1,0.5,0.5678155897690333,0.5638153118669088,0.5630900918850609,0.5493866103314546,0.5604836919635592,0.5613746940436815,1.0,0.5641522966800235,0.5666589082466588,0.561986893107984,0.5524446881285184,0.5565812085291789
6,7,0.19590680964504648,0.93892,5000,0.8430502789991873,0.9471788715486195,833,0.8479294455089508,0.9448,0.7719122593019278,0.0830926029044989,,,,,,,0,0,5,0.1,0.5,0.5564804523349204,0.5533279427993509,0.5660978198007427,0.5552625018662483,0.5588418392067939,0.5556874227976053,0.5641522966800235,1.0,0.5686448084539609,0.5607054964836989,0.5546938879763634,0.564306110529443
6,8,0.20017179524033646,0.94176,5000,0.8720604689032944,0.9519807923169268,833,0.8479294455089508,0.9448,0.777037364873313,0.08343774856700403,,,,,,,0,0,5,0.1,0.5,0.5638171533170641,0.559317719494635,0.567065509699631,0.5553130875124803,0.5661565726588172,0.5611721243552628,0.5666589082466588,0.5686448084539609,1.0,0.5665064807164397,0.5558859886209512,0.5738372978680876
6,9,0.19225949652754007,0.9416,5000,0.8398182546650922,0.9471788715486195,833,0.8479294455089508,0.9448,0.7750977266503782,0.08348285375944885,,,,,,,0,0,5,0.1,0.5,0.5626280489832688,0.5489041556139681,0.5711454178871609,0.5537636669562949,0.5702266387683415,0.5653518650196294,0.561986893107984,0.5607054964836989,0.5665064807164397,1.0,0.558238328834079,0.5660595357657107
6,10,0.19814295887377611,0.9408,5000,0.844737030841686,0.9327731092436975,833,0.8479294455089508,0.9448,0.7690576286662638,0.08328258561983742,,,,,,,0,0,5,0.1,0.5,0.5556255749507647,0.5578283585457147,0.5648359788710964,0.5481743430682261,0.5641380791008288,0.5560793262811218,0.5524446881285184,0.5546938879763634,0.5558859886209512,0.558238328834079,1.0,0.5614463071264983
6,11,0.1945614690405975,0.94036,5000,0.8528171910179986,0.9255702280912365,833,0.8479294455089508,0.9448,0.7740682185131748,0.0837902135239963,,,,,,,0,0,5,0.1,0.5,0.5548693175212094,0.5549873674573386,0.5669101360714347,0.5522783987256011,0.5603142203638858,0.5617573678774872,0.5565812085291789,0.564306110529443,0.5738372978680876,0.5660595357657107,0.5614463071264983,1.0
7,0,0.1959455165027338,0.94076,5000,0.6239024455900546,0.9580335731414868,834,0.6553495182587316,0.9497,0.7548465143868992,0.08326233700803244,,,,,,,0,0,5,0.1,0.5,1.0,0.5221661428654987,0.5335431303419262,0.5252105322562447,0.5387368344647051,0.5323508322440661,0.5336186485634958,0.5203347628889665,0.534079432570499,0.5320862407328961,0.5345711916285915,0.5325127344207815
7,1,0.1869129607608174,0.94376,5000,0.6761041835502342,0.9460431654676259,834,0.6553495182587316,0.9497,0.7438335190749051,0.08279192099940239,,,,,,,0,0,5,0.1,0.5,0.5221661428654987,1.0,0.5289249704420043,0.5131149405786156,0.5257780123365239,0.5238896828057839,0.5201270182137404,0.5072691583302709,0.5211781075940302,0.5212719539641071,0.5319129250570276,0.5244791782536609
7,2,0.17866962217862248,0.94612,5000,0.6722059260915827,0.947242206235012,834,0.6553495182587316,0.9497,0.7593955122872118,0.0836385550427911,,,,,,,0,0,5,0.1,0.5,0.5335431303419262,0.5289249704420043,1.0,0.5227733408372772,0.5414109408854885,0.5251323031830798,0.5309722066488916,0.5303407639231179,0.5425628305534959,0.542439904345553,0.538535866312023,0.5419413063257422
7,3,0.1808051742903983,0.94672,5000,0.6521858528808311,0.9508393285371702,834,0.6553495182587316,0.9497,0.7446535720052128,0.08251897868951741,,,,,,,0,0,5,0.1,0.5,0.5252105322562447,0.5131149405786156,0.5227733408372772,1.0,0.5251044343649274,0.5182504378461378,0.5230903241026063,0.5158528498880649,0.5304426393093719,0.5211876916303955,0.5267839606628869,0.5283356099838329
7,4,0.17129610203396362,0.94868,5000,0.6660500389558298,0.9495798319327731,833,0.6553495182587316,0.9497,0.7625378629941385,0.08388299800160043,,,,,,,0,0,5,0.1,0.5,0.5387368344647051,0.5257780123365239,0.5414109408854885,0.5251044343649274,1.0,0.5420065799821148,0.5357771005604453,0.5334534606163205,0.543487568975511,0.5416882283726442,0.53917841288136,0.5394172184824417
7,5,0.18260727782561711,0.9456,5000,0.639463785621855,0.9555822328931572,833,0.6553495182587316,0.9497,0.7542196471027078,0.08319478889461483,,,,,,,0,0,5,0.1,0.5,0.5323508322440661,0.5238896828057839,0.5251323031830798,0.5182504378461378,0.5420065799821148,1.0,0.5299010654734819,0.5135246803068285,0.5336344039765917,0.5371173549679631,0.544154937667124,0.5338726484789043
7,6,0.18148194623541586,0.946,5000,0.6391375373910975,0.957983193277311,833,0.6553495182587316,0.9497,0.7535134795181198,0.08333963512391424,,,,,,,0,0,5,0.1,0.5,0.5336186485634958,0.5201270182137404,0.5309722066488916,0.5230903241026063,0.5357771005604453,0.5299010654734819,1.0,0.5217233151305648,0.5348633387690322,0.5324500334164555,0.5314095010748947,0.5321661391886974
7,7,0.18493045843651246,0.94444,5000,0.6486020088195801,0.9495798319327731,833,0.6553495182587316,0.9497,0.7457354900611272,0.08284122464159858,,,,,,,0,0,5,0.1,0.5,0.5203347628889665,0.5072691583302709,0.5303407639231179,0.5158528498880649,0.5334534606163205,0.5135246803068285,0.5217233151305648,1.0,0.5280558375714509,0.5189340581619202,0.5340266912458095,0.5338903090629598
7,8,0.18546489127288768,0.9448,5000,0.6779786193812335,0.957983193277311,833,0.6553495182587316,0.9497,0.7599645986061377,0.08358203514704617,,,,,,,0,0,5,0.1,0.5,0.534079432570499,0.5211781075940302,0.5425628305534959,0.5304426393093719,0.543487568975511,0.5336344039765917,0.5348633387690322,0.5280558375714509,1.0,0.5365904796431276,0.534244177834302,0.5452443923152678
7,9,0.1836489409668027,0.94444,5000,0.647636475386443,0.9531812725090036,833,0.6553495182587316,0.9497,0.7571351040960563,0.08351173859834884,,,,,,,0,0,5,0.1,0.5,0.5320862407328961,0.5212719539641071,0.542439904345553,0.5211876916303955,0.5416882283726442,0.5371173549679631,0.5324500334164555,0.5189340581619202,0.5365904796431276,1.0,0.5336251073162754,0.5410460193884673
7,10,0.18735176729821382,0.94332,5000,0.6569314063699158,0.9339735894357744,833,0.6553495182587316,0.9497,0.7615013145438848,0.0835317358539833,,,,,,,0,0,5,0.1,0.5,0.5345711916285915,0.5319129250570276,0.538535866312023,0.5267839606628869,0.53917841288136,0.544154937667124,0.5314095010748947,0.5340266912458095,0.534244177834302,0.5336251073162754,1.0,0.5507777797516518
7,11,0.17878516711484474,0.94488,5000,0.6612223839318311,0.936374549819928,833,0.6553495182587316,0.9497,0.7623034413853099,0.0839040519991502,,,,,,,0,0,5,0.1,0.5,0.5325127344207815,0.5244791782536609,0.5419413063257422,0.5283356099838329,0.5394172184824417,0.5338726484789043,0.5321661391886974,0.5338903090629598,0.5452443923152678,0.5410460193884673,0.5507777797516518,1.0
8,0,0.17986365577538208,0.94684,5000,0.46845894279303374,0.960431654676259,834,0.49956501092011935,0.9542,0.7423263173537685,0.08347134568982979,,,,,,,0,0,5,0.1,0.5,1.0,0.4979542669582613,0.5066412450285688,0.505418585599122,0.5102215442430219,0.5135811265215793,0.5094819261305343,0.4926846098367035,0.5069285982267248,0.5074945549850904,0.5107377223048735,0.5055940640446219
8,1,0.17528599632850544,0.94752,5000,0.5196198324362437,0.9484412470023981,834,0.49956501092011935,0.9542,0.7340627423514507,0.08285360099623183,,,,,,,0,0,5,0.1,0.5,0.4979542669582613,1.0,0.5065504292470183,0.49138020703230606,0.5085130092002778,0.4998344750877066,0.4942947422681545,0.48825961006686064,0.4961418550450816,0.5014357841357089,0.504646676837636,0.5073374167701905
8,2,0.16848657994626007,0.94724,5000,0.5166958426987683,0.9508393285371702,834,0.49956501092011935,0.9542,0.739833599030113,0.08363853268884763,,,,,,,0,0,5,0.1,0.5,0.5066412450285688,0.5065504292470183,1.0,0.4976158870883441,0.5067100572867933,0.4962317103885394,0.49666771783017805,0.5000606463647214,0.5020389147557373,0.515525768252418,0.5030988675496425,0.5113143909613298
8,3,0.1685000199023753,0.95056,5000,0.49487200489750616,0.960431654676259,834,0.49956501092011935,0.9542,0.7316924068324732,0.08258223905392574,,,,,,,0,0,5,0.1,0.5,0.505418585599122,0.49138020703230606,0.4976158870883441,1.0,0.4924146766953733,0.5012847869425306,0.4836372172448565,0.49468322969180006,0.5050225124395561,0.4982570999227838,0.5065390237658028,0.500999199519775
8,4,0.1586456569967566,0.9524,5000,0.5099743968910642,0.9519807923169268,833,0.49956501092011935,0.9542,0.7411735530115003,0.08385344519137578,,,,,,,0,0,5,0.1,0.5,0.5102215442430219,0.5085130092002778,0.5067100572867933,0.4924146766953733,1.0,0.5145870561966793,0.5001944163551562,0.49946782728896866,0.4988993333427888,0.5144782583051517,0.502986736595055,0.504439448056467
8,5,0.16668397359265263,0.95044,5000,0.4838086548778746,0.957983193277311,833,0.49956501092011935,0.9542,0.7390171357302576,0.08330641500889538,,,,,,,0,0,5,0.1,0.5,0.5135811265215793,0.4998344750877066,0.4962317103885394,0.5012847869425306,0.5145870561966793,1.0,0.5003238139719547,0.4939625332693245,0.5014778206247997,0.5004530842469622,0.5099892509072429,0.5061531115488539
8,6,0.1686283767955959,0.95008,5000,0.4826345051880236,0.9615846338535414,833,0.49956501092011935,0.9542,0.7326546013769663,0.0831767552272098,,,,,,,0,0,5,0.1,0.5,0.5094819261305343,0.4942947422681545,0.49666771783017805,0.4836372172448565,0.5001944163551562,0.5003238139719547,1.0,0.49228819524345613,0.5055889780259024,0.5019911681655274,0.49398220975735085,0.5021992050611003
8,7,0.17626043913446984,0.94592,5000,0.4910283530199969,0.9555822328931572,833,0.49956501092011935,0.9542,0.7269955490989538,0.08263344336384114,,,,,,,0,0,5,0.1,0.5,0.4926846098367035,0.48825961006686064,0.5000606463647214,0.49468322969180006,0.49946782728896866,0.4939625332693245,0.49228819524345613,1.0,0.4889832126246114,0.49079805389720726,0.4886786687640286,0.5038715070438957
