round,client_id,client_i_training_loss,client_i_training_accuracy,client_i_training_dataset_size,client_i_evaluation_loss,client_i_evaluation_accuracy,client_i_evaluation_dataset_size,client_i_central_evaluation_loss,client_i_central_evaluation_accuracy,client_i_cosine_similarity,client_i_importance_coefficient,client_i_tanh_val,tanh_normalization_value,client_i_q,client_i_mask_order,client_i_v_nonzero_fraction,client_i_v_sparsity,client_i_v_cosine_similarity,client_i_reward_gradient_norm,local_epochs,learning_rate,gamma,client_0_cosine_similarity,client_1_cosine_similarity,client_2_cosine_similarity,client_3_cosine_similarity,client_4_cosine_similarity,client_5_cosine_similarity,client_6_cosine_similarity,client_7_cosine_similarity,client_8_cosine_similarity,client_9_cosine_similarity,client_10_cosine_similarity,client_11_cosine_similarity
0,0,0.35414809617362203,0.887,5000,2.209992558867843,0.2541966426858513,834,2.206497000429196,0.2519,0.7885119885265177,0.08354280679086278,,,0.9191829640006256,,0.9191958235028362,0.08080417649716376,0,0.39325969807499367,5,0.1,0.5,1.0,0.5755177419778599,0.5958084685850762,0.584963420387154,0.5746457858787619,0.6013656695975322,0.5707951235762522,0.5793159844918605,0.6017108403763411,0.5848600941572589,0.5898630723480445,0.5834600844613045
0,1,0.34418648862914675,0.8912,5000,2.2062792866318315,0.26019184652278177,834,2.2066142741864483,0.2513,0.7806736202227519,0.08271233205073761,,,0.8,,0.8,0.19999999999999996,0,0.3930970341130137,5,0.1,0.5,0.5755177419778599,1.0,0.5736642685162087,0.5760591637898285,0.5623751543577951,0.5841584295044058,0.5843868893016795,0.574282724831219,0.5786940970860823,0.5761595516649399,0.5873575275885966,0.5956689345245855
0,2,0.34960751930595774,0.88984,5000,2.205811615343447,0.2517985611510791,834,2.2065445561759387,0.2512,0.7826696433229775,0.08292381060101796,,,0.8303496773919562,,0.8303649415190001,0.1696350584809999,0,0.39317150170438164,5,0.1,0.5,0.5958084685850762,0.5736642685162087,1.0,0.5888704557677895,0.5659788154459279,0.5903966691976037,0.5892588559084864,0.5718138258642527,0.5847129729767557,0.5757664863546419,0.5765265806342957,0.5743663858472078
0,3,0.35109187980081624,0.8896,5000,2.2003528983504683,0.24820143884892087,834,2.2064996382679802,0.252,0.7884318392342359,0.08353431497724807,,,0.9179642881427801,,0.9179760052206215,0.0820239947793785,0,0.3932592459161486,5,0.1,0.5,0.584963420387154,0.5760591637898285,0.5888704557677895,1.0,0.5780895361222299,0.5860848221373286,0.5990680354315308,0.5853854388646572,0.590256458228078,0.5753991546909358,0.5934803014905322,0.5838930146443744
0,4,0.3280305427220312,0.89552,5000,2.2122290575945818,0.23289315726290516,833,2.206594484682662,0.2503,0.781304622119187,0.08277918667094074,,,0.8095944300385877,,0.8096079514080619,0.19039204859193815,0,0.3931272153329799,5,0.1,0.5,0.5746457858787619,0.5623751543577951,0.5659788154459279,0.5780895361222299,1.0,0.571299394231676,0.5820221665255819,0.5832826483094867,0.5926244606914732,0.5856024828313305,0.5967607326098283,0.581598965914731
0,5,0.35172813054275026,0.88692,5000,2.201688254321063,0.2689075630252101,833,2.2064868962041104,0.2521,0.7903175990225447,0.08373411113499966,,,0.9466374038033266,,0.9466542844234728,0.05334571557652723,0,0.39326541526360576,5,0.1,0.5,0.6013656695975322,0.5841584295044058,0.5903966691976037,0.5860848221373286,0.571299394231676,1.0,0.5844030765558368,0.5757192825045162,0.5954720764512236,0.5880195818068242,0.5969998433229322,0.5854295462416039
0,6,0.3389752388925879,0.895,5000,2.1987146889721907,0.2617046818727491,833,2.206536803382654,0.2513,0.7846534342891371,0.08313399315728959,,,0.8605133642897727,,0.8605341097334471,0.13946589026655287,0,0.3932184718733243,5,0.1,0.5,0.5707951235762522,0.5843868893016795,0.5892588559084864,0.5990680354315308,0.5820221665255819,0.5844030765558368,1.0,0.5700463735270641,0.5770164354614868,0.5816397612973457,0.5858979545337852,0.581352961326415
0,7,0.3512708683065168,0.89344,5000,2.213794160772253,0.25690276110444177,833,2.2065442880502526,0.2513,0.7826966238635089,0.08292666918797353,,,0.8307599184863063,,0.8307815872697154,0.1692184127302846,0,0.3931723771819836,5,0.1,0.5,0.5793159844918605,0.574282724831219,0.5718138258642527,0.5853854388646572,0.5832826483094867,0.5757192825045162,0.5700463735270641,1.0,0.59077813597393,0.5756842097133732,0.5835442291296621,0.5975655845833208
0,8,0.35066164716437553,0.89016,5000,2.2140684127807617,0.2304921968787515,833,2.206487456830546,0.2521,0.7913956772621419,0.08384833347199216,,,0.9630296623755653,,0.9630490437227047,0.03695095627729528,0,0.3932668287003623,5,0.1,0.5,0.6017108403763411,0.5786940970860823,0.5847129729767557,0.590256458228078,0.5926244606914732,0.5954720764512236,0.5770164354614868,0.59077813597393,1.0,0.578195218807433,0.5901692913802234,0.5898937604933525
0,9,0.35078324780674874,0.8884,5000,2.2123769654168024,0.234093637454982,833,2.2065281548058264,0.2514,0.7849837819855193,0.08316899347963629,,,0.8655363252020192,,0.8655589578836403,0.13444104211635965,0,0.39322419497606753,5,0.1,0.5,0.5848600941572589,0.5761595516649399,0.5757664863546419,0.5753991546909358,0.5856024828313305,0.5880195818068242,0.5816397612973457,0.5756842097133732,0.578195218807433,1.0,0.5907428452615796,0.5969362105520718
0,10,0.35534673925180726,0.88716,5000,2.209176222483317,0.2689075630252101,833,2.206484582858345,0.2521,0.7925117743195533,0.08396658390088091,,,0.9799999998564881,,0.9800010039656644,0.019998996034335637,0,0.39326735600430085,5,0.1,0.5,0.5898630723480445,0.5873575275885966,0.5765265806342957,0.5934803014905322,0.5967607326098283,0.5969998433229322,0.5858979545337852,0.5835442291296621,0.5901692913802234,0.5907428452615796,1.0,0.5887155603484294
0,11,0.34742173934770615,0.88928,5000,2.2042582388277405,0.25210084033613445,833,2.206486900012714,0.2521,0.7902680798060276,0.08372886457642083,,,0.9458844604902833,,0.945901310175192,0.05409868982480803,0,0.3932653080729466,5,0.1,0.5,0.5834600844613045,0.5956689345245855,0.5743663858472078,0.5838930146443744,0.581598965914731,0.5854295462416039,0.581352961326415,0.5975655845833208,0.5898937604933525,0.5969362105520718,0.5887155603484294,1.0
1,0,0.3125503538022186,0.9034,5000,2.0557600922054715,0.5743405275779376,834,2.054681209710459,0.5849,0.8174399927301358,0.0836899548879564,,,0.98,,0.9800010039656644,0.019998996034335637,0.9600247623876326,0.4055875116097552,5,0.1,0.5,1.0,0.6293377235451911,0.6287789161871883,0.6300793171277637,0.6361430153488593,0.6397156552821532,0.6326001819255579,0.635311455908471,0.6232565409790901,0.6337769120279741,0.6285146113714185,0.6386352813440358
1,1,0.30261580397250354,0.9082,5000,2.0559142430623374,0.6019184652278178,834,2.0548646819477265,0.5836,0.8070014678623292,0.08277753483529277,,,0.98,,0.9800010039656644,0.019998996034335637,0.9595827884464889,0.4055875116097552,5,0.1,0.5,0.6293377235451911,1.0,0.6244047130765772,0.6310481975258774,0.6202737271653387,0.6331605892232685,0.617263433361361,0.6251718207196935,0.6145994757727284,0.6235830435631184,0.6163035640655574,0.6231034810754534
1,2,0.31188362845735756,0.90548,5000,2.0553291108873157,0.592326139088729,834,2.0547589219797153,0.5838,0.8106244762403306,0.08304345956788382,,,0.98,,0.9800010039656644,0.019998996034335637,0.9597805707686621,0.4055875116097552,5,0.1,0.5,0.6287789161871883,0.6244047130765772,1.0,0.6276349891924218,0.6281189043575037,0.6354428207436343,0.6239986040730101,0.623710288512914,0.619093616586512,0.6325715728612812,0.6223273547011138,0.6264695768244554
1,3,0.30764711425657487,0.90752,5000,2.0478246212005615,0.5863309352517986,834,2.0546830858285436,0.5849,0.8120835811077983,0.0834979265608406,,,0.98,,0.9800010039656644,0.019998996034335637,0.9600205429150429,0.4055875116097552,5,0.1,0.5,0.6300793171277637,0.6310481975258774,0.6276349891924218,1.0,0.6286007506862964,0.6310955737495971,0.623925769236052,0.6310606568581718,0.6235562458621723,0.6244055557640896,0.6263831411297485,0.626268749185242
1,4,0.2876230298903338,0.90936,5000,2.0625638564427695,0.5738295318127251,833,2.054829739153195,0.5833,0.8098067172104925,0.08291936948050965,,,0.98,,0.9800010039656644,0.019998996034335637,0.9596803017424629,0.4055875116097552,5,0.1,0.5,0.6361430153488593,0.6202737271653387,0.6281189043575037,0.6286007506862964,1.0,0.6236178296944604,0.6264023019337185,0.6213293067485274,0.6195401123360194,0.6280723109382323,0.6261431232943298,0.6269516752429792
1,5,0.3103315402593487,0.90432,5000,2.0495458443959556,0.5978391356542617,833,2.0546676575566254,0.585,0.8150682730801502,0.08373391186067893,,,0.98,,0.9800010039656644,0.019998996034335637,0.9600479694641338,0.4055875116097552,5,0.1,0.5,0.6397156552821532,0.6331605892232685,0.6354428207436343,0.6310955737495971,0.6236178296944604,1.0,0.6284575391893661,0.6338081660443048,0.6214345919728649,0.6307396367986862,0.6300324893803236,0.6247489780684514
1,6,0.2961286042775413,0.90736,5000,2.0500208889996565,0.6074429771908764,833,2.0547398324972526,0.5843,0.8101475454937379,0.08316584172204072,,,0.98,,0.9800010039656644,0.019998996034335637,0.9599017190162237,0.4055875116097552,5,0.1,0.5,0.6326001819255579,0.617263433361361,0.6239986040730101,0.623925769236052,0.6264023019337185,0.6284575391893661,1.0,0.6222485541785848,0.6245011927942193,0.6280512142018161,0.6271453136438501,0.6322213098833854
1,7,0.3061592431632197,0.90552,5000,2.0617600370336464,0.5594237695078031,833,2.05475817625515,0.5838,0.8121180009594274,0.08309732724755269,,,0.98,,0.9800010039656644,0.019998996034335637,0.9597835346289892,0.4055875116097552,5,0.1,0.5,0.635311455908471,0.6251718207196935,0.623710288512914,0.6310606568581718,0.6213293067485274,0.6338081660443048,0.6222485541785848,1.0,0.6211553675265274,0.632713514561927,0.6295694494279785,0.6308492553452911
1,8,0.30290929218457574,0.90632,5000,2.0630221057821205,0.5654261704681873,833,2.0546691836640476,0.585,0.8037987717628542,0.0834172398479645,,,0.98,,0.9800010039656644,0.019998996034335637,0.9600480571995456,0.4055875116097552,5,0.1,0.5,0.6232565409790901,0.6145994757727284,0.619093616586512,0.6235562458621723,0.6195401123360194,0.6214345919728649,0.6245011927942193,0.6211553675265274,1.0,0.6141202369193921,0.6188785847779927,0.6217094968904495
1,9,0.3045756247879309,0.90544,5000,2.0576667255825467,0.5642256902761105,833,2.0547284862865656,0.5843,0.812771850651136,0.0832803159636651,,,0.98,,0.9800010039656644,0.019998996034335637,0.9599250905008813,0.4055875116097552,5,0.1,0.5,0.6337769120279741,0.6235830435631184,0.6325715728612812,0.6244055557640896,0.6280723109382323,0.6307396367986862,0.6280512142018161,0.632713514561927,0.6141202369193921,1.0,0.6289004286384205,0.6354418897959027
1,10,0.3138828204565082,0.90312,5000,2.0587305581128157,0.595438175270108,833,2.054666473461797,0.585,0.8100115956061112,0.08371164926987404,,,0.98,,0.9800010039656644,0.019998996034335637,0.9600518273120647,0.4055875116097552,5,0.1,0.5,0.6285146113714185,0.6163035640655574,0.6223273547011138,0.6263831411297485,0.6261431232943298,0.6300324893803236,0.6271453136438501,0.6295694494279785,0.6188785847779927,0.6289004286384205,1.0,0.6276423524435326
1,11,0.30670167692954753,0.90488,5000,2.050800597226178,0.5978391356542617,833,2.054667584431438,0.585,0.8132013084797294,0.08366546875574074,,,0.98,,0.9800010039656644,0.019998996034335637,0.9600475877792182,0.4055875116097552,5,0.1,0.5,0.6386352813440358,0.6231034810754534,0.6264695768244554,0.626268749185242,0.6269516752429792,0.6247489780684514,0.6322213098833854,0.6308492553452911,0.6217094968904495,0.6354418897959027,0.6276423524435326,1.0
2,0,0.28542572665754945,0.91276,5000,1.858708099082664,0.854916067146283,834,1.861442694648767,0.823,0.8115247772172598,0.08350128747462374,,,0.9347397487097597,,0.9347522714723157,0.06524772852768435,0.9691148679270805,0.4067304328114531,5,0.1,0.5,1.0,0.6173206773255032,0.6352657577026686,0.6256435518793991,0.6255866139226991,0.6331787500147414,0.6350794354785315,0.6301025044878915,0.6273375242533776,0.628756812188116,0.6252159142440745,0.6366884779927079
2,1,0.2758224006576143,0.916,5000,1.863848915806523,0.8237410071942446,834,1.8619325454242694,0.8222,0.8043265612417309,0.08264826944488668,,,0.8,,0.8,0.19999999999999996,0.9686227092300053,0.40652284263527566,5,0.1,0.5,0.6173206773255032,1.0,0.6289814077439518,0.6258896370135344,0.6250546815223682,0.6201307651685146,0.631243709081898,0.6238225770323306,0.6188175503387104,0.6186493392738815,0.615704250142791,0.6285746065507931
2,2,0.2778961503118941,0.91592,5000,1.8628892810256392,0.8453237410071942,834,1.8615653636737373,0.8223,0.8202143481114768,0.0833763349245719,,,0.9150026803152995,,0.915029365995683,0.08497063400431704,0.9690942533913961,0.40672253828154686,5,0.1,0.5,0.6352657577026686,0.6289814077439518,1.0,0.6368559684618027,0.6397712212296941,0.6467400472397411,0.6336649685746196,0.640334721365935,0.6256278413470274,0.6377093368284604,0.6357683553858755,0.6471158257547082
2,3,0.2729666302407718,0.91888,5000,1.8537453633767587,0.8285371702637889,834,1.8614630581091007,0.8229,0.8104970881788569,0.0833387019144625,,,0.909058301476209,,0.9090758496059435,0.09092415039405655,0.9690885283298353,0.40671926822718324,5,0.1,0.5,0.6256435518793991,0.6258896370135344,0.6368559684618027,1.0,0.6290562223018227,0.6231708603469168,0.631971717301386,0.6293789647674627,0.6198153651938924,0.6301659874251392,0.6257684554416266,0.633428658680169
2,4,0.258730095825425,0.92128,5000,1.8711986144383748,0.8127250900360145,833,1.8617153228662264,0.8223,0.814240465727714,0.08308665762464701,,,0.8692462657517844,,0.8692535515285377,0.13074644847146233,0.9690003186083069,0.40668242921334485,5,0.1,0.5,0.6255866139226991,0.6250546815223682,0.6397712212296941,0.6290562223018227,1.0,0.6357958605902487,0.6234596172031015,0.6314013123524451,0.6312666788837984,0.6342547839452369,0.6349323983920573,0.6395408707123436
2,5,0.2791902195650396,0.9146,5000,1.8562691741519504,0.8283313325330132,833,1.8614088597769936,0.8229,0.8149127320188779,0.08364811976133983,,,0.9579328638901088,,0.9579438783193615,0.04205612168063855,0.9691235326885771,0.40673510520540834,5,0.1,0.5,0.6331787500147414,0.6201307651685146,0.6467400472397411,0.6231708603469168,0.6357958605902487,1.0,0.6331416601742195,0.6269528333264522,0.625730559038542,0.6385762834927659,0.6321235811655009,0.6375878531428869
2,6,0.26055144791900636,0.92044,5000,1.8604771163728502,0.8127250900360145,833,1.8615678845883938,0.8225,0.8126709357348227,0.08319490745535035,,,0.8863450309342021,,0.8863561066211536,0.1136438933788464,0.969049900019555,0.4067019259969404,5,0.1,0.5,0.6350794354785315,0.631243709081898,0.6336649685746196,0.631971717301386,0.6234596172031015,0.6331416601742195,1.0,0.6265586597956408,0.6275026135532158,0.6344245659002657,0.6247592161810529,0.6319322694935438
2,7,0.2729014114660632,0.91736,5000,1.8685679524033159,0.8043217286914766,833,1.861602116316652,0.8223,0.8144074543399286,0.08321002285206788,,,0.888732606207372,,0.8887455449023643,0.11125445509763565,0.969052087822861,0.4067042180277261,5,0.1,0.5,0.6301025044878915,0.6238225770323306,0.640334721365935,0.6293789647674627,0.6314013123524451,0.6269528333264522,0.6265586597956408,1.0,0.6311326428145075,0.6378106147938287,0.630358401212374,0.6431413133822836
2,8,0.27493505916753963,0.91748,5000,1.8707583259653162,0.8079231692677071,833,1.8614797470287774,0.8228,0.8083309840086762,0.08321008783711778,,,0.8887428710188857,,0.8887505647306863,0.11124943526931375,0.9690520886396788,0.4067042191632439,5,0.1,0.5,0.6273375242533776,0.6188175503387104,0.6256278413470274,0.6198153651938924,0.6312666788837984,0.625730559038542,0.6275026135532158,0.6311326428145075,1.0,0.6274226215245732,0.6296110744816811,0.6260157622892494
2,9,0.2781552281883207,0.91504,5000,1.863387902577718,0.8199279711884754,833,1.8615096986484223,0.8225,0.8172773443443312,0.08343068745054433,,,0.9235880154852054,,0.9236032327694392,0.07639676723056077,0.9691072742502852,0.4067265057338376,5,0.1,0.5,0.628756812188116,0.6186493392738815,0.6377093368284604,0.6301659874251392,0.6342547839452369,0.6385762834927659,0.6344245659002657,0.6378106147938287,0.6274226215245732,1.0,0.6446203597528815,0.6456869763423855
2,10,0.2806716493799523,0.91424,5000,1.8674843311309814,0.8127250900360145,833,1.861420210938865,0.8229,0.8130054493092952,0.08356709962538132,,,0.945135206186619,,0.9451583755835551,0.05484162441644491,0.9691199703475588,0.40673305500869233,5,0.1,0.5,0.6252159142440745,0.615704250142791,0.6357683553858755,0.6257684554416266,0.6349323983920573,0.6321235811655009,0.6247592161810529,0.630358401212374,0.6296110744816811,0.6446203597528815,1.0,0.6357042427135352
2,11,0.2760215341487223,0.9164,5000,1.8579713326913339,0.8223289315726291,833,1.861410504712845,0.8229,0.8202312634504091,0.08378782363500674,,,0.9799999998420434,,0.9800010039656644,0.019998996034335637,0.9691263568451387,0.40673659256152506,5,0.1,0.5,0.6366884779927079,0.6285746065507931,0.6471158257547082,0.633428658680169,0.6395408707123436,0.6375878531428869,0.6319322694935438,0.6431413133822836,0.6260157622892494,0.6456869763423855,0.6357042427135352,1.0
3,0,0.2581351228865089,0.9216,5000,1.6296914330235235,0.9172661870503597,834,1.637096123192638,0.8983,0.8056286915755372,0.08337792141731604,,,0.8921234391828365,,0.8921339290196275,0.10786607098037249,0.970604905958611,0.40374433464687354,5,0.1,0.5,1.0,0.6140676204847104,0.621674661810668,0.6145185316692913,0.6187418689670706,0.6123853410844722,0.6154911346936673,0.621248973730254,0.6182912089822404,0.6264146328721317,0.6173215806706984,0.6259709338267753
3,1,0.24628969569453987,0.92484,5000,1.641470988591512,0.9004796163069544,834,1.637854494606725,0.8979,0.8071090422721523,0.0828646156664399,,,0.8,,0.8,0.19999999999999996,0.9700275949862345,0.40356129121500595,5,0.1,0.5,0.6140676204847104,1.0,0.6242886802562813,0.6227681938931524,0.6196678036286427,0.607609686143176,0.6278198511435679,0.6186105972030916,0.6236312430115367,0.6268135154960346,0.6110249666018688,0.6281687564387813
3,2,0.2511148642250307,0.92532,5000,1.6389923448915835,0.9124700239808153,834,1.6372289417650754,0.8983,0.809418072304235,0.08342725073987936,,,0.9009766165324695,,0.9009989458360524,0.09900105416394755,0.9706006875744662,0.4037508819285734,5,0.1,0.5,0.621674661810668,0.6242886802562813,1.0,0.621626347682287,0.6174842527630033,0.627475467421746,0.6166222992950555,0.6219917097870615,0.6195782902692449,0.6245424660604093,0.6217164701081951,0.6264292524129391
3,3,0.24841700640928213,0.92688,5000,1.6282043147970129,0.9052757793764988,834,1.6371458692672534,0.8983,0.8064035325870377,0.0832972575844599,,,0.8776466294301823,,0.8776567441393505,0.12234325586064954,0.9705505400065684,0.40373038793148774,5,0.1,0.5,0.6145185316692913,0.6227681938931524,0.621626347682287,1.0,0.619964386713187,0.6156757981526139,0.6206029794215191,0.6134469304699001,0.6176184693074396,0.6194759591779018,0.61999558809891,0.6287382045528468
3,4,0.23204842216815727,0.92724,5000,1.6485538217756484,0.8895558223289316,833,1.637446125094502,0.8979,0.8057598846248113,0.08310790947380779,,,0.843664155775307,,0.843677526228603,0.15632247377139696,0.9704210907666353,0.4036801078847053,5,0.1,0.5,0.6187418689670706,0.6196678036286427,0.6174842527630033,0.619964386713187,1.0,0.6136182463715227,0.616188308315555,0.6187518062259839,0.6152449783066374,0.6212925796709111,0.6238835167070385,0.6244888586537898
3,5,0.2555234208697109,0.922,5000,1.6317091032310769,0.9063625450180072,833,1.6370519963316261,0.8983,0.8033468318415091,0.08339562602153451,,,0.8953009002324993,,0.8953215200040159,0.10467847999598412,0.970611841895093,0.4037468541153927,5,0.1,0.5,0.6123853410844722,0.607609686143176,0.627475467421746,0.6156757981526139,0.6136182463715227,1.0,0.6131283357218024,0.6203211694608864,0.6170902686455988,0.6257408891507044,0.6061363437344465,0.6241134509562268
3,6,0.23978977179285257,0.92768,5000,1.6401768260531955,0.8943577430972389,833,1.6372538679324018,0.8982,0.807070865813213,0.08322529082030015,,,0.864730690323832,,0.8647407258671753,0.13525927413282468,0.97051269036094,0.40371426416691103,5,0.1,0.5,0.6154911346936673,0.6278198511435679,0.6166222992950555,0.6206029794215191,0.616188308315555,0.6131283357218024,1.0,0.6220487552458785,0.6178384754659448,0.6220770867394817,0.6239967293603113,0.625794346389117
3,7,0.2496783730129053,0.92548,5000,1.6451532619970817,0.8883553421368547,833,1.6372970220760796,0.8981,0.807627794257968,0.08325471245362263,,,0.8700110169973923,,0.8700316249184278,0.12996837508157222,0.9705260987085026,0.40372142969923575,5,0.1,0.5,0.621248973730254,0.6186105972030916,0.6219917097870615,0.6134469304699001,0.6187518062259839,0.6203211694608864,0.6220487552458785,1.0,0.6217987071439014,0.6263561003932209,0.6192023835999102,0.6230794394090285
3,8,0.25227977041344923,0.92484,5000,1.647685139267533,0.8919567827130852,833,1.63715206815031,0.8984,0.8061655294275348,0.08320378860123849,,,0.8608716679640742,,0.8608854977159781,0.1391145022840219,0.9704988809247306,0.4037086714344421,5,0.1,0.5,0.6182912089822404,0.6236312430115367,0.6195782902692449,0.6176184693074396,0.6152449783066374,0.6170902686455988,0.6178384754659448,0.6217987071439014,1.0,0.6216527876310419,0.6114709467024563,0.6285113931979224
3,9,0.24772687869585433,0.92396,5000,1.6390272025708799,0.9003601440576231,833,1.6371449228292836,0.8984,0.8123812813750669,0.08356652711718753,,,0.9259726717152815,,0.9259876512223282,0.07401234877767182,0.9706315257126235,0.40376333817603843,5,0.1,0.5,0.6264146328721317,0.6268135154960346,0.6245424660604093,0.6194759591779018,0.6212925796709111,0.6257408891507044,0.6220770867394817,0.6263561003932209,0.6216527876310419,1.0,0.6264300140748473,0.6311129953560907
3,10,0.26078539199201733,0.92124,5000,1.647216452492608,0.8847539015606243,833,1.6370564017432947,0.8983,0.8053426870337805,0.08341153626426716,,,0.8981563256320073,,0.898167762662517,0.10183223733748303,0.9706156862421487,0.40374902265135454,5,0.1,0.5,0.6173215806706984,0.6110249666018688,0.6217164701081951,0.61999558809891,0.6238835167070385,0.6061363437344465,0.6239967293603113,0.6192023835999102,0.6114709467024563,0.6264300140748473,1.0,0.6219107787858881
3,11,0.24833612707651154,0.925,5000,1.6343799829483032,0.8883553421368547,833,1.6370189269891562,0.8984,0.8142325839900433,0.08386756383994659,,,0.9799999998205291,,0.9800010039656644,0.019998996034335637,0.9706685621027582,0.4037713289781057,5,0.1,0.5,0.6259709338267753,0.6281687564387813,0.6264292524129391,0.6287382045528468,0.6244888586537898,0.6241134509562268,0.625794346389117,0.6230794394090285,0.6285113931979224,0.6311129953560907,0.6219107787858881,1.0
4,0,0.23856461115513639,0.92668,5000,1.3807113744594433,0.9400479616306955,834,1.3935110294780793,0.9297,0.7967564501820259,0.08334187433816295,,,0.98,,0.9800010039656644,0.019998996034335637,0.9703974596895001,0.39868111688799407,5,0.1,0.5,1.0,0.5969008906510345,0.603994789898757,0.5994601277884605,0.5961225906954226,0.6014909241744445,0.6081146768211543,0.6088415942292651,0.6027025585300788,0.6008680491375304,0.6017615000606558,0.60313912560112
4,1,0.22816476396812946,0.93276,5000,1.39926368660397,0.934052757793765,834,1.3943564899432392,0.9296,0.7942646137062381,0.08291326503637804,,,0.98,,0.9800010039656644,0.019998996034335637,0.9699382639654975,0.39868111688799407,5,0.1,0.5,0.5969008906510345,1.0,0.6041520420174353,0.6033596821598959,0.5978135398297613,0.6007023295532945,0.6063314034904062,0.597632033022632,0.6031647297559355,0.599364122421225,0.589259132623551,0.6033661110070416
4,2,0.23041179722566513,0.93204,5000,1.394470832965992,0.9412470023980816,834,1.3936632262251247,0.9299,0.8024447322596016,0.08357379348003821,,,0.98,,0.9800010039656644,0.019998996034335637,0.9704139370007064,0.39868111688799407,5,0.1,0.5,0.603994789898757,0.6041520420174353,1.0,0.6120451475771781,0.6049637696865122,0.616369441269119,0.6117138108668806,0.6067843910187491,0.5991293233814525,0.6089567678365222,0.6024619155093142,0.6070264733187264
4,3,0.22815918189586157,0.93344,5000,1.3844236223785966,0.934052757793765,834,1.3935614889041303,0.9297,0.79639595696737,0.08327560840653739,,,0.98,,0.9800010039656644,0.019998996034335637,0.9703570237730967,0.39868111688799407,5,0.1,0.5,0.5994601277884605,0.6033596821598959,0.6120451475771781,1.0,0.6043379886601931,0.5990576865636144,0.6010183480457552,0.5982099604920155,0.600074520342788,0.5977851022538133,0.5974674329305057,0.6075316703458392
4,4,0.21345492228865623,0.93544,5000,1.404051590848852,0.9243697478991597,833,1.3938964513924936,0.9298,0.7950482217511211,0.08310250231893546,,,0.98,,0.9800010039656644,0.019998996034335637,0.97023130858544,0.39868111688799407,5,0.1,0.5,0.5961225906954226,0.5978135398297613,0.6049637696865122,0.6043379886601931,1.0,0.6009605668968463,0.5986714907115953,0.600775013300189,0.5973233193368571,0.6008313491144668,0.603914141547495,0.6026264358740397
4,5,0.2372092234089401,0.93044,5000,1.3879346538473059,0.9279711884753902,833,1.393464160803408,0.9297,0.799160771171297,0.08343780958759235,,,0.98,,0.9800010039656644,0.019998996034335637,0.9704027396024625,0.39868111688799407,5,0.1,0.5,0.6014909241744445,0.6007023295532945,0.616369441269119,0.5990576865636144,0.6009605668968463,1.0,0.6057327048672764,0.602161749344927,0.603276939030206,0.6107969533571896,0.6013223184846871,0.6044221963220613
4,6,0.2161924449928627,0.93636,5000,1.4006447306385748,0.936374549819928,833,1.3936791122911838,0.9298,0.7991805640727871,0.08332521716237642,,,0.98,,0.9800010039656644,0.019998996034335637,0.9703228367304855,0.39868111688799407,5,0.1,0.5,0.6081146768211543,0.6063314034904062,0.6117138108668806,0.6010183480457552,0.5986714907115953,0.6057327048672764,1.0,0.6056105826447458,0.6083545703229399,0.5991603664951937,0.6020081609511929,0.600668125484782
4,7,0.23002514255939016,0.93108,5000,1.4027543818509136,0.9303721488595438,833,1.3937374143935621,0.9298,0.7981744970141198,0.08330956849642103,,,0.98,,0.9800010039656644,0.019998996034335637,0.9703410215060833,0.39868111688799407,5,0.1,0.5,0.6088415942292651,0.597632033022632,0.6067843910187491,0.5982099604920155,0.600775013300189,0.602161749344927,0.6056105826447458,1.0,0.6053421072654037,0.6040192693342535,0.6058978843209154,0.602275152684157
4,8,0.22836735633551886,0.9316,5000,1.405872110967283,0.921968787515006,833,1.3935709190063965,0.9297,0.7959968292933766,0.08319947376855868,,,0.98,,0.9800010039656644,0.019998996034335637,0.9703072810424898,0.39868111688799407,5,0.1,0.5,0.6027025585300788,0.6031647297559355,0.5991293233814525,0.600074520342788,0.5973233193368571,0.603276939030206,0.6083545703229399,0.6053421072654037,1.0,0.5987148786154847,0.5964177441853972,0.602512976405107
4,9,0.23075479024926285,0.92828,5000,1.3955930074055989,0.9231692677070829,833,1.3935615391776965,0.9299,0.7968102488613982,0.08346919395496143,,,0.98,,0.9800010039656644,0.019998996034335637,0.970448107050125,0.39868111688799407,5,0.1,0.5,0.6008680491375304,0.599364122421225,0.6089567678365222,0.5977851022538133,0.6008313491144668,0.6107969533571896,0.5991603664951937,0.6040192693342535,0.5987148786154847,1.0,0.6012040561550358,0.6013105476761115
4,10,0.23721079516764373,0.92784,5000,1.4068117848149053,0.921968787515006,833,1.393469970447187,0.9297,0.7951997211219429,0.08330973919287234,,,0.98,,0.9800010039656644,0.019998996034335637,0.9704086819645363,0.39868111688799407,5,0.1,0.5,0.6017615000606558,0.589259132623551,0.6024619155093142,0.5974674329305057,0.603914141547495,0.6013223184846871,0.6020081609511929,0.6058978843209154,0.5964177441853972,0.6012040561550358,1.0,0.606562291447653
4,11,0.23291630303000757,0.92928,5000,1.392566188617989,0.9207683073229291,833,1.3934317789138697,0.9298,0.7988828534872828,0.08374195425716571,,,0.98,,0.9800010039656644,0.019998996034335637,0.9704725955206193,0.39868111688799407,5,0.1,0.5,0.60313912560112,0.6033661110070416,0.6070264733187264,0.6075316703458392,0.6026264358740397,0.6044221963220613,0.600668125484782,0.602275152684157,0.602512976405107,0.6013105476761115,0.606562291447653,1.0
5,0,0.22070188273076607,0.93396,5000,1.126800298690796,0.9496402877697842,834,1.1449217398326619,0.9402,0.7779515713489613,0.08311690660094681,,,0.8485407681106741,,0.848556799357462,0.15144320064253802,0.9693743308958963,0.3920438545589407,5,0.1,0.5,1.0,0.5682334054603327,0.579584397907369,0.5634533805654199,0.5715063998688362,0.5722365619010648,0.5716330044035349,0.5793809978156699,0.578166118233579,0.5783639026426356,0.5748498494757861,0.5839486220959694
5,1,0.20754535951752476,0.93964,5000,1.1519902812110052,0.9448441247002398,834,1.1459808372460996,0.9403,0.7780457153316133,0.08283358713702896,,,0.8,,0.8,0.19999999999999996,0.9690654458291669,0.39190252305381557,5,0.1,0.5,0.5682334054603327,1.0,0.5840621201443176,0.5658284547703367,0.5775297387977376,0.5682138508541461,0.5823730109114917,0.5712510380764025,0.5778511969639816,0.5756292529145617,0.569130317411993,0.5843704218196728
5,2,0.21472916380638718,0.93824,5000,1.1445560146261144,0.9556354916067147,834,1.1450282201980249,0.9402,0.7926896572660165,0.08379074582674378,,,0.9639887968164279,,0.9639977912755384,0.03600220872446158,0.9695769841415623,0.39213492620485574,5,0.1,0.5,0.579584397907369,0.5840621201443176,1.0,0.5845388219013417,0.5819998694233838,0.5970255998834428,0.5890871589566382,0.584688637277261,0.581206801562612,0.5933367912807214,0.5847030433990099,0.5986640324242462
5,3,0.2157478913498722,0.93772,5000,1.1354251150731687,0.9424460431654677,834,1.1449678742085783,0.9402,0.7789841857382245,0.08310893655100145,,,0.8471752694580982,,0.8471964258822349,0.15280357411776513,0.969373971820968,0.3920409188406421,5,0.1,0.5,0.5634533805654199,0.5658284547703367,0.5845388219013417,1.0,0.5755930816244376,0.5719289661370428,0.5748516283366255,0.5730646422330266,0.5807761780530036,0.5736604375256736,0.5800395735737981,0.5876657146620531
5,4,0.19374315133614906,0.93972,5000,1.1534130617424294,0.936374549819928,833,1.1452754562655196,0.9402,0.7831931438530813,0.08314131617450317,,,0.852722829707484,,0.852733296521259,0.14726670347874105,0.9693951602463867,0.392051926890682,5,0.1,0.5,0.5715063998688362,0.5775297387977376,0.5819998694233838,0.5755930816244376,1.0,0.5793604131075918,0.5762556060090317,0.5851560438274778,0.5776322554323287,0.5804003784304468,0.5787446325795363,0.5877585689873924
5,5,0.2152217353106874,0.9362,5000,1.1384138531155057,0.9411764705882353,833,1.1448560760805782,0.9402,0.7838752672219561,0.08338956239574795,,,0.8952545431773634,,0.8952713217207972,0.10472867827920285,0.9695204337128597,0.3921086920092818,5,0.1,0.5,0.5722365619010648,0.5682138508541461,0.5970255998834428,0.5719289661370428,0.5793604131075918,1.0,0.5805421497122591,0.5763863549402073,0.5875333221462752,0.5804111151955257,0.5783285867685124,0.5846332736662729
5,6,0.19801856262941553,0.94136,5000,1.1555822646176372,0.943577430972389,833,1.1450659516520394,0.9402,0.785984117884715,0.08338849220278839,,,0.8950711883609834,,0.8950906079012098,0.10490939209879024,0.9695200013520384,0.39210859979344614,5,0.1,0.5,0.5716330044035349,0.5823730109114917,0.5890871589566382,0.5748516283366255,0.5762556060090317,0.5805421497122591,1.0,0.579437209076468,0.584660901907849,0.585323177221215,0.5837462140356127,0.5891591703214264
5,7,0.21305327494169,0.93596,5000,1.156127934102659,0.9399759903961584,833,1.145120455243717,0.9402,0.7830243879206232,0.08327385220309846,,,0.8754300611182396,,0.875448019677727,0.12455198032227299,0.9694739330677871,0.3920877359115019,5,0.1,0.5,0.5793809978156699,0.5712510380764025,0.584688637277261,0.5730646422330266,0.5851560438274778,0.5763863549402073,0.579437209076468,1.0,0.5727601364919813,0.5837276940367122,0.5836535934008045,0.5798008622328161
5,8,0.2114939717291172,0.93792,5000,1.158777325241654,0.9255702280912365,833,1.144959121847305,0.9402,0.7832997210342978,0.08320991721637049,,,0.8644761600977942,,0.8644847146227599,0.1355152853772401,0.9694242534157904,0.3920720855979752,5,0.1,0.5,0.578166118233579,0.5778511969639816,0.581206801562612,0.5807761780530036,0.5776322554323287,0.5875333221462752,0.584660901907849,0.5727601364919813,1.0,0.5803619896180965,0.5705497985617757,0.5809746961798778
5,9,0.21396660372780957,0.93476,5000,1.1480445905967995,0.9303721488595438,833,1.1449301120953057,0.9402,0.7878393622864008,0.08355007675360815,,,0.9227552666207229,,0.9227749610963305,0.0772250389036695,0.9695514596670786,0.39212580422475396,5,0.1,0.5,0.5783639026426356,0.5756292529145617,0.5933367912807214,0.5736604375256736,0.5804003784304468,0.5804111151955257,0.585323177221215,0.5837276940367122,0.5803619896180965,1.0,0.5911278349803575,0.591419570371218
5,10,0.22381327982137728,0.933,5000,1.1604819452321087,0.936374549819928,833,1.1448465343862295,0.9402,0.7841165595570242,0.08331240800734407,,,0.8820357786617027,,0.8820541137493098,0.11794588625069025,0.9694871980791878,0.39209582462270304,5,0.1,0.5,0.5748498494757861,0.569130317411993,0.5847030433990099,0.5800395735737981,0.5787446325795363,0.5783285867685124,0.5837462140356127,0.5836535934008045,0.5705497985617757,0.5911278349803575,1.0,0.5846470323665366
5,11,0.2146799562048096,0.93508,5000,1.146582912515711,0.936374549819928,833,1.1447971512715276,0.9402,0.7921497129763901,0.0838841989308184,,,0.9799999998286713,,0.9800010039656644,0.019998996034335637,0.9695787010096023,0.39213572310552464,5,0.1,0.5,0.5839486220959694,0.5843704218196728,0.5986640324242462,0.5876657146620531,0.5877585689873924,0.5846332736662729,0.5891591703214264,0.5798008622328161,0.5809746961798778,0.591419570371218,0.5846470323665366,1.0
6,0,0.205102167936386,0.93856,5000,0.8844611755123845,0.9532374100719424,834,0.9070313656672883,0.9475,0.766001721312527,0.08301388603414635,,,0.8270854022045101,,0.8271020531097837,0.17289794689021631,0.9673503613744538,0.38531514606601713,5,0.1,0.5,1.0,0.5493868788595626,0.5539101132394552,0.5522528412845309,0.5484507348190103,0.5489118399332071,0.558266275201664,0.5565304898108369,0.558647323492474,0.5516663477394904,0.557215400313689,0.5522394028953654
6,1,0.19335900358351504,0.94228,5000,0.9138903728237858,0.9496402877697842,834,0.9080828605368495,0.9474,0.7666843113765522,0.08284750309351778,,,0.8,,0.8,0.19999999999999996,0.9670408338271248,0.38522320481531835,5,0.1,0.5,0.5493868788595626,1.0,0.5626706967314168,0.5560979439876088,0.5623625965538555,0.5468045844349226,0.5631004190639393,0.548713249108105,0.5598084082873708,0.5524698763023772,0.5434140369038073,0.5504903208846778
6,2,0.1971468415953646,0.94232,5000,0.9046314976833485,0.9664268585131894,834,0.9070816824611384,0.9474,0.7797360215942963,0.0839532252482019,,,0.9799999998372104,,0.9800010039656644,0.019998996034335637,0.9677954931931048,0.38546115121916785,5,0.1,0.5,0.5539101132394552,0.5626706967314168,1.0,0.5689955330887398,0.5646590705419564,0.5730039900416466,0.572262724770748,0.5592141625928382,0.5568352961081253,0.5733783168756835,0.558040435228131,0.5679329444255725
6,3,0.1949676147697695,0.94312,5000,0.8975468344158597,0.947242206235012,834,0.9070817965288132,0.9475,0.770463818376854,0.08316647073665025,,,0.8519245955855173,,0.8519351438180814,0.14806485618191856,0.9674508184668414,0.3853745221176905,5,0.1,0.5,0.5522528412845309,0.5560979439876088,0.5689955330887398,1.0,0.55629672059002,0.551547221843691,0.5586781537331625,0.5535194138597441,0.5540235438447402,0.555323491307329,0.5588711751192259,0.563077311229742
6,4,0.18059569793118602,0.94528,5000,0.9127365350723267,0.943577430972389,833,0.907310067083889,0.9475,0.7716991123173856,0.08323197314858125,,,0.8625877030279877,,0.8626022790020581,0.1373977209979419,0.9675016680368306,0.38539385802868537,5,0.1,0.5,0.5484507348190103,0.5623625965538555,0.5646590705419564,0.55629672059002,1.0,0.559954479184943,0.5567094876066688,0.5593686025588562,0.5561761411224652,0.5583643486441895,0.5607346812236581,0.5569494267089041
6,5,0.19964683626787322,0.94032,5000,0.8989428767451534,0.9483793517406963,833,0.9068850570212538,0.9473,0.769783974071855,0.08333113929358581,,,0.8787309140589517,,0.8787460468851965,0.12125395311480347,0.9676466579809975,0.3854160455284908,5,0.1,0.5,0.5489118399332071,0.5468045844349226,0.5730039900416466,0.551547221843691,0.559954479184943,1.0,0.5609055104222713,0.5535561314975862,0.5577907867147084,0.5667191919126557,0.55178748571684,0.5498846087200361
6,6,0.18315868768485108,0.94592,5000,0.9193977603205928,0.9543817527010804,833,0.9070738108394245,0.9475,0.7749835301171134,0.08351446829303869,,,0.9085749573675541,,0.908588926258722,0.09141107374127799,0.9677031424299418,0.38544318483512413,5,0.1,0.5,0.558266275201664,0.5631004190639393,0.572262724770748,0.5586781537331625,0.5567094876066688,0.5609055104222713,1.0,0.5562340553490769,0.560842710360353,0.5637158534900352,0.5583712354317684,0.559973538385311
6,7,0.19912510096647176,0.9406,5000,0.9199305353341279,0.9471788715486195,833,0.9071692018844069,0.9475,0.768937703714605,0.08322336374350027,,,0.8611861819436817,,0.861201746900256,0.13879825309974403,0.9675832219129196,0.3853915074449321,5,0.1,0.5,0.5565304898108369,0.548713249108105,0.5592141625928382,0.5535194138597441,0.5593686025588562,0.5535561314975862,0.5562340553490769,1.0,0.5562657329820113,0.558795124963452,0.55516280143429,0.5563872701976662
6,8,0.19649903939526742,0.94184,5000,0.9222859409120348,0.9339735894357744,833,0.9070305833801294,0.9475,0.7693196382271226,0.08319388404122441,,,0.8563871947999612,,0.856402791024547,0.14359720897545303,0.9675163804086047,0.3853829709828683,5,0.1,0.5,0.558647323492474,0.5598084082873708,0.5568352961081253,0.5540235438447402,0.5561761411224652,0.5577907867147084,0.560842710360353,0.5562657329820113,1.0,0.5523856700411411,0.549861087865043,0.5550812309370232
6,9,0.19314910721947337,0.93988,5000,0.9122061133384705,0.9387755102040817,833,0.9069587184598271,0.9474,0.7740546182801671,0.08359026018614024,,,0.92091308470646,,0.9209326841022037,0.07906731589779625,0.9677479376205869,0.3854500184428171,5,0.1,0.5,0.5516663477394904,0.5524698763023772,0.5733783168756835,0.555323491307329,0.5583643486441895,0.5667191919126557,0.5637158534900352,0.558795124963452,0.5523856700411411,1.0,0.5643462167592616,0.5623351879847496
6,10,0.20509005526234958,0.93728,5000,0.925844982818321,0.9447779111644657,833,0.906910841266949,0.9474,0.7685929443026227,0.08323709073570873,,,0.8634207926773284,,0.8634305506751669,0.13656944932483306,0.9675935624239871,0.38539495609441915,5,0.1,0.5,0.557215400313689,0.5434140369038073,0.558040435228131,0.5588711751192259,0.5607346812236581,0.55178748571684,0.5583712354317684,0.55516280143429,0.549861087865043,0.5643462167592616,1.0,0.5525425421779253
6,11,0.20108010724044528,0.93928,5000,0.9113512922216345,0.9411764705882353,833,0.9068526875096768,0.9473,0.7707143264600164,0.08369673544570445,,,0.9382461431271809,,0.9382561116409819,0.06174388835901812,0.9677878352401196,0.3854563379718464,5,0.1,0.5,0.5522394028953654,0.5504903208846778,0.5679329444255725,0.563077311229742,0.5569494267089041,0.5498846087200361,0.559973538385311,0.5563872701976662,0.5550812309370232,0.5623351879847496,0.5525425421779253,1.0
7,0,0.18930226819186358,0.94148,5000,0.6752399404843649,0.9592326139088729,834,0.7011822919114329,0.9515,0.7509146161414966,0.08289611102807827,,,0.8,,0.8,0.19999999999999996,0.9649034198106056,0.3783324716443796,5,0.1,0.5,1.0,0.5207167028434898,0.532222709095775,0.5181543300770889,0.5334174385711496,0.5251557002574585,0.5311897405951358,0.5341630789405728,0.5270603667177017,0.5374070644579927,0.5291581612179207,0.5355805944206237
