round,client_id,client_i_training_loss,client_i_training_accuracy,client_i_training_dataset_size,client_i_evaluation_loss,client_i_evaluation_accuracy,client_i_evaluation_dataset_size,client_i_central_evaluation_loss,client_i_central_evaluation_accuracy,client_i_cosine_similarity,client_i_importance_coefficient,client_i_tanh_val,tanh_normalization_value,client_i_q,client_i_mask_order,client_i_v_nonzero_fraction,client_i_v_sparsity,client_i_v_cosine_similarity,client_i_reward_gradient_norm,local_epochs,learning_rate,gamma,client_0_cosine_similarity,client_1_cosine_similarity,client_2_cosine_similarity,client_3_cosine_similarity,client_4_cosine_similarity,client_5_cosine_similarity,client_6_cosine_similarity,client_7_cosine_similarity,client_8_cosine_similarity,client_9_cosine_similarity,client_10_cosine_similarity,client_11_cosine_similarity
0,0,2.2395514849644558,0.31608,5000,2.2677867854083025,0.2529976019184652,834,2.2640068660528896,0.2774,0.9957474723141279,0.08347601008791002,,,0.96,,0.9600139182880506,0.039986081711949395,0,0.09940448238596071,5,0.001,0.1,1.0,0.9792801152032696,0.9921080518937426,0.9885761664550884,0.9914143413827161,0.9909917008123179,0.9911280686494572,0.9925552022138578,0.9875383357405587,0.9875663375144487,0.9881621367167722,0.9884996214124163
0,1,2.2431236640662906,0.37576,5000,2.2598249735655607,0.29856115107913667,834,2.2640068660528896,0.2774,0.9881073802334884,0.0828355219909492,,,0.96,,0.9600139182880506,0.039986081711949395,0,0.09940448238596071,5,0.001,0.1,0.9792801152032696,1.0,0.9778653969636615,0.9810837619408186,0.9790284794273003,0.9808395481258014,0.9799790433965508,0.983895013209971,0.9826162277732082,0.9727256682353598,0.9838154707784228,0.9855561564386744
0,2,2.2404781065169415,0.27992,5000,2.267156000490542,0.2793764988009592,834,2.2640068660528896,0.2774,0.9941521179086459,0.0833422675235063,,,0.96,,0.9600139182880506,0.039986081711949395,0,0.09940448238596071,5,0.001,0.1,0.9921080518937426,0.9778653969636615,1.0,0.9908821478770254,0.9902762686683461,0.9882163854015231,0.9838164131342652,0.9908693999481303,0.9869684212034809,0.9847416863139429,0.9879049621621905,0.985140685882085
0,3,2.2383744570859676,0.31332,5000,2.262838531423498,0.29376498800959233,834,2.2640068660528896,0.2774,0.9954533920464379,0.08345135660088153,,,0.96,,0.9600139182880506,0.039986081711949395,0,0.09940448238596071,5,0.001,0.1,0.9885761664550884,0.9810837619408186,0.9908821478770254,1.0,0.9899606943773546,0.9879889469347599,0.9874173235424519,0.992596446075615,0.9900559206245096,0.9884573212514763,0.9895173693875136,0.987776029368291
0,4,2.2380568267433505,0.3182,5000,2.2693441443973117,0.28811524609843936,833,2.2640068660528896,0.2774,0.9957772808271953,0.08347850901038455,,,0.96,,0.9600139182880506,0.039986081711949395,0,0.09940448238596071,5,0.001,0.1,0.9914143413827161,0.9790284794273003,0.9902762686683461,0.9899606943773546,1.0,0.990325898546423,0.9886690115478698,0.9878127975624234,0.9915895637590524,0.9927821028215046,0.9869832809074021,0.9893332112028873
0,5,2.237960799332637,0.31076,5000,2.2573753109684698,0.297719087635054,833,2.2640068660528896,0.2774,0.9943895034387613,0.08336216814837115,,,0.96,,0.9600139182880506,0.039986081711949395,0,0.09940448238596071,5,0.001,0.1,0.9909917008123179,0.9808395481258014,0.9882163854015231,0.9879889469347599,0.990325898546423,1.0,0.9894135314268215,0.9877787590845876,0.9865318782536353,0.9877692549968752,0.9823251550974953,0.9894404240964343
0,6,2.2365239082627997,0.29348,5000,2.265066323456941,0.2785114045618247,833,2.2640068660528896,0.2774,0.9942728509542338,0.083352388877777,,,0.96,,0.9600139182880506,0.039986081711949395,0,0.09940448238596071,5,0.001,0.1,0.9911280686494572,0.9799790433965508,0.9838164131342652,0.9874173235424519,0.9886690115478698,0.9894135314268215,1.0,0.9912650818352123,0.9872450791130586,0.9893689003894001,0.987171506988185,0.9847560270283738
0,7,2.239294121371713,0.30116,5000,2.268227568379155,0.24369747899159663,833,2.2640068660528896,0.2774,0.9955525794646807,0.08345967173112895,,,0.96,,0.9600139182880506,0.039986081711949395,0,0.09940448238596071,5,0.001,0.1,0.9925552022138578,0.983895013209971,0.9908693999481303,0.992596446075615,0.9878127975624234,0.9877787590845876,0.9912650818352123,1.0,0.9871219032919303,0.9844116506012901,0.991432409105869,0.9857566258980811
0,8,2.2397767577201697,0.34608,5000,2.2593819123727306,0.3013205282112845,833,2.2640068660528896,0.2774,0.9948647210977595,0.08340200683759653,,,0.96,,0.9600139182880506,0.039986081711949395,0,0.09940448238596071,5,0.001,0.1,0.9875383357405587,0.9826162277732082,0.9869684212034809,0.9900559206245096,0.9915895637590524,0.9865318782536353,0.9872450791130586,0.9871219032919303,1.0,0.9928070647820116,0.9910708830181404,0.9837448613991288
0,9,2.2382321275723207,0.3022,5000,2.269394795099894,0.2725090036014406,833,2.2640068660528896,0.2774,0.9934139623413489,0.08328038608941246,,,0.96,,0.9600139182880506,0.039986081711949395,0,0.09940448238596071,5,0.001,0.1,0.9875663375144487,0.9727256682353598,0.9847416863139429,0.9884573212514763,0.9927821028215046,0.9877692549968752,0.9893689003894001,0.9844116506012901,0.9928070647820116,1.0,0.984974932255458,0.9843797767732674
0,10,2.2378598152452214,0.32552,5000,2.260823223325941,0.26770708283313327,833,2.2640068660528896,0.2774,0.9937838310051978,0.08331139310793181,,,0.96,,0.9600139182880506,0.039986081711949395,0,0.09940448238596071,5,0.001,0.1,0.9881621367167722,0.9838154707784228,0.9879049621621905,0.9895173693875136,0.9869832809074021,0.9823251550974953,0.987171506988185,0.991432409105869,0.9910708830181404,0.984974932255458,1.0,0.9810385841490278
0,11,2.240804671026339,0.33452,5000,2.258828216128879,0.2545018007202881,833,2.2640068660528896,0.2774,0.993031460431275,0.0832483199941506,,,0.96,,0.9600139182880506,0.039986081711949395,0,0.09940448238596071,5,0.001,0.1,0.9884996214124163,0.9855561564386744,0.985140685882085,0.987776029368291,0.9893332112028873,0.9894404240964343,0.9847560270283738,0.9857566258980811,0.9837448613991288,0.9843797767732674,0.9810385841490278,1.0
1,0,2.134130113140033,0.42384,5000,2.2207547117162636,0.354916067146283,834,2.2173831988447392,0.3663,0.9983763886530928,0.08344058907280641,,,0.96,,0.9600139182880506,0.039986081711949395,0.9407089228712922,0.09977658324202651,5,0.001,0.1,1.0,0.9927482125846409,0.9964607963973435,0.9956174225666666,0.9954744841929449,0.9972996851421441,0.996424780970751,0.9973398035976436,0.9960497740513287,0.9942770183365475,0.9958824966087488,0.9961586946221159
1,1,2.142053658795205,0.4694,5000,2.213255361274437,0.3776978417266187,834,2.2173831988447392,0.3663,0.995143293285335,0.08294330826263752,,,0.96,,0.9600139182880506,0.039986081711949395,0.9407089228712922,0.09977658324202651,5,0.001,0.1,0.9927482125846409,1.0,0.9915580235304071,0.9919939531477536,0.9913429435870248,0.9930947607875706,0.9909663874175281,0.993288305689844,0.9934047286777945,0.988678142236258,0.9939431446430492,0.994077490194987
1,2,2.136346004115548,0.43532,5000,2.2219656661704734,0.37050359712230213,834,2.2173831988447392,0.3663,0.9979681409893423,0.08334536616821195,,,0.96,,0.9600139182880506,0.039986081711949395,0.9407089228712922,0.09977658324202651,5,0.001,0.1,0.9964607963973435,0.9915580235304071,1.0,0.9968216902066339,0.9950884015896733,0.9963302716153818,0.9941641450072963,0.9965792102691579,0.9964493974982905,0.9948589181933278,0.9960107378221275,0.9945214914678213
1,3,2.131031949353066,0.45512,5000,2.2159558490470603,0.37889688249400477,834,2.2173831988447392,0.3663,0.9981160257742793,0.08341705971362601,,,0.96,,0.9600139182880506,0.039986081711949395,0.9407089228712922,0.09977658324202651,5,0.001,0.1,0.9956174225666666,0.9919939531477536,0.9968216902066339,1.0,0.9949420324645032,0.9960474525860721,0.9946440831435236,0.9969731021103928,0.9968372008674022,0.995217345426619,0.9964082678511093,0.9951113358711418
1,4,2.1303296833281307,0.43504,5000,2.2236021006548845,0.37334933973589435,833,2.2173831988447392,0.3663,0.9978703918583046,0.08342578538674454,,,0.96,,0.9600139182880506,0.039986081711949395,0.9407089228712922,0.09977658324202651,5,0.001,0.1,0.9954744841929449,0.9913429435870248,0.9950884015896733,0.9949420324645032,1.0,0.9961799539104353,0.9965034622165534,0.9945227283296625,0.996156054832564,0.9977164659638647,0.9941978676291214,0.9955486186594569
1,5,2.1314421536816153,0.42756,5000,2.209822248529505,0.39135654261704683,833,2.2173831988447392,0.3663,0.9985657631957997,0.08337686871347909,,,0.96,,0.9600139182880506,0.039986081711949395,0.9407089228712922,0.09977658324202651,5,0.001,0.1,0.9972996851421441,0.9930947607875706,0.9963302716153818,0.9960474525860721,0.9961799539104353,1.0,0.9966777190258042,0.9957589548482578,0.9964031814681085,0.9962095198347198,0.9949715530868012,0.9970354015516577
1,6,2.127681209327309,0.41524,5000,2.2197966752228915,0.3589435774309724,833,2.2173831988447392,0.3663,0.9977350859957784,0.08334405053774277,,,0.96,,0.9600139182880506,0.039986081711949395,0.9407089228712922,0.09977658324202651,5,0.001,0.1,0.996424780970751,0.9909663874175281,0.9941641450072963,0.9946440831435236,0.9965034622165534,0.9966777190258042,1.0,0.9953792477720758,0.9954029143385918,0.9964265372189411,0.994458855936249,0.9950046157922812
1,7,2.1329578627446653,0.43152,5000,2.2231749870159008,0.33373349339735897,833,2.2173831988447392,0.3663,0.9981498233604665,0.08342325168507898,,,0.96,,0.9600139182880506,0.039986081711949395,0.9407089228712922,0.09977658324202651,5,0.001,0.1,0.9973398035976436,0.993288305689844,0.9965792102691579,0.9969731021103928,0.9945227283296625,0.9957589548482578,0.9953792477720758,1.0,0.9961253236404717,0.9930796666097224,0.9971438353651633,0.9948326802651332
1,8,2.1347330421399158,0.48216,5000,2.2130890687306723,0.37815126050420167,833,2.2173831988447392,0.3663,0.9984362669524922,0.08339712620090764,,,0.96,,0.9600139182880506,0.039986081711949395,0.9407089228712922,0.09977658324202651,5,0.001,0.1,0.9960497740513287,0.9934047286777945,0.9964493974982905,0.9968372008674022,0.996156054832564,0.9964031814681085,0.9954029143385918,0.9961253236404717,1.0,0.9959577768289908,0.9961397373523195,0.9955314113182367
1,9,2.1312890042165282,0.44328,5000,2.224480717270463,0.3577430972388956,833,2.2173831988447392,0.3663,0.9972768244368438,0.0832850861563137,,,0.96,,0.9600139182880506,0.039986081711949395,0.9407089228712922,0.09977658324202651,5,0.001,0.1,0.9942770183365475,0.988678142236258,0.9948589181933278,0.995217345426619,0.9977164659638647,0.9962095198347198,0.9964265372189411,0.9930796666097224,0.9959577768289908,1.0,0.9930804050856772,0.9950570734338849
1,10,2.1289156254689403,0.45832,5000,2.2136015273906566,0.3637454981992797,833,2.2173831988447392,0.3663,0.9977457385247305,0.08331924627031072,,,0.96,,0.9600139182880506,0.039986081711949395,0.9407089228712922,0.09977658324202651,5,0.001,0.1,0.9958824966087488,0.9939431446430492,0.9960107378221275,0.9964082678511093,0.9941978676291214,0.9949715530868012,0.994458855936249,0.9971438353651633,0.9961397373523195,0.9930804050856772,1.0,0.9939602650029715
1,11,2.13545551861927,0.429,5000,2.211371563099049,0.3565426170468187,833,2.2173831988447392,0.3663,0.9977986019391999,0.08328226183214046,,,0.96,,0.9600139182880506,0.039986081711949395,0.9407089228712922,0.09977658324202651,5,0.001,0.1,0.9961586946221159,0.994077490194987,0.9945214914678213,0.9951113358711418,0.9955486186594569,0.9970354015516577,0.9950046157922812,0.9948326802651332,0.9955314113182367,0.9950570734338849,0.9939602650029715,1.0
2,0,1.971573735042742,0.49232,5000,2.160893961235329,0.45323741007194246,834,2.158150761272199,0.4409,0.9989371666388797,0.08340734884099557,,,0.96,,0.9600139182880506,0.039986081711949395,0.9836641095823091,0.09986814925588337,5,0.001,0.1,1.0,0.9962114275958263,0.9977830381846593,0.997306824853803,0.9970794092341613,0.9980655448516124,0.9971579020461087,0.9981104218296096,0.9974894037772972,0.9973041165828616,0.9975667116457371,0.9973637155275399
2,1,1.9825941778292322,0.51848,5000,2.154148225431089,0.4304556354916067,834,2.158150761272199,0.4409,0.9978085555946304,0.08306598282014062,,,0.96,,0.9600139182880506,0.039986081711949395,0.9836641095823091,0.09986814925588337,5,0.001,0.1,0.9962114275958263,1.0,0.996071991113809,0.9960791383773983,0.9955433417388954,0.9965936331793294,0.995499004334776,0.9964884241117621,0.9967117325275557,0.9952618300850214,0.9968368253007911,0.9966430566327257
2,2,1.9756864811964097,0.50552,5000,2.1643934073271573,0.44964028776978415,834,2.158150761272199,0.4409,0.9988172974099866,0.0833450878942978,,,0.96,,0.9600139182880506,0.039986081711949395,0.9836641095823091,0.09986814925588337,5,0.001,0.1,0.9977830381846593,0.996071991113809,1.0,0.9980675849272618,0.9966853172374665,0.9977363596971315,0.9961127778164177,0.9978290786605846,0.997792213555856,0.9974819466615895,0.9977245289187731,0.9967188102316473
2,3,1.965264981719339,0.5236,5000,2.156452267258256,0.4592326139088729,834,2.158150761272199,0.4409,0.9988433146497825,0.08338989122865197,,,0.96,,0.9600139182880506,0.039986081711949395,0.9836641095823091,0.09986814925588337,5,0.001,0.1,0.997306824853803,0.9960791383773983,0.9980675849272618,1.0,0.9967891460862155,0.9974798301923524,0.9962574108267988,0.9980911460425973,0.9981045879175484,0.9975106448359288,0.9977193061887852,0.9969084165293057
2,4,1.9657677966318312,0.50764,5000,2.1653689984922058,0.4309723889555822,833,2.158150761272199,0.4409,0.9984707015360368,0.08338321603761721,,,0.96,,0.9600139182880506,0.039986081711949395,0.9836641095823091,0.09986814925588337,5,0.001,0.1,0.9970794092341613,0.9955433417388954,0.9966853172374665,0.9967891460862155,1.0,0.9973231110753303,0.9977372995070417,0.9962975898343585,0.9971353350511333,0.997882271223029,0.9964258756203729,0.996950114963456
2,5,1.9691192593544151,0.49368,5000,2.1496588477381953,0.4645858343337335,833,2.158150761272199,0.4409,0.9990459372812026,0.08337178500926229,,,0.96,,0.9600139182880506,0.039986081711949395,0.9836641095823091,0.09986814925588337,5,0.001,0.1,0.9980655448516124,0.9965936331793294,0.9977363596971315,0.9974798301923524,0.9973231110753303,1.0,0.9973721371205782,0.9972576527654562,0.9976983146239885,0.9982312028720015,0.9971271780520276,0.9978614102165313
2,6,1.9616987421254444,0.47996,5000,2.1620795020350703,0.4381752701080432,833,2.158150761272199,0.4409,0.9983059614464377,0.08332777799833636,,,0.96,,0.9600139182880506,0.039986081711949395,0.9836641095823091,0.09986814925588337,5,0.001,0.1,0.9971579020461087,0.995499004334776,0.9961127778164177,0.9962574108267988,0.9977372995070417,0.9973721371205782,1.0,0.9967059774890237,0.9966639293140985,0.9973598797979772,0.9965625568956311,0.9964474956835335
2,7,1.9676578008445205,0.50912,5000,2.165686748645924,0.40336134453781514,833,2.158150761272199,0.4409,0.9987897132287921,0.08339195828465913,,,0.96,,0.9600139182880506,0.039986081711949395,0.9836641095823091,0.09986814925588337,5,0.001,0.1,0.9981104218296096,0.9964884241117621,0.9978290786605846,0.9980911460425973,0.9962975898343585,0.9972576527654562,0.9967059774890237,1.0,0.9975615759161259,0.9966455492320135,0.998270758555968,0.9964145760970331
2,8,1.9716742987845355,0.54824,5000,2.1544322702619763,0.4297719087635054,833,2.158150761272199,0.4409,0.9990003467122185,0.08338273581337255,,,0.96,,0.9600139182880506,0.039986081711949395,0.9836641095823091,0.09986814925588337,5,0.001,0.1,0.9974894037772972,0.9967117325275557,0.997792213555856,0.9981045879175484,0.9971353350511333,0.9976983146239885,0.9966639293140985,0.9975615759161259,1.0,0.9980954398808378,0.997734438579171,0.9972127343022211
2,9,1.969377350503472,0.51472,5000,2.167385392718845,0.43577430972388953,833,2.158150761272199,0.4409,0.9988696065648196,0.08330981147096109,,,0.96,,0.9600139182880506,0.039986081711949395,0.9836641095823091,0.09986814925588337,5,0.001,0.1,0.9973041165828616,0.9952618300850214,0.9974819466615895,0.9975106448359288,0.997882271223029,0.9982312028720015,0.9973598797979772,0.9966455492320135,0.9980954398808378,1.0,0.9970511455125881,0.997805559481616
2,10,1.9625990358887204,0.52576,5000,2.153727398978339,0.4549819927971189,833,2.158150761272199,0.4409,0.9987585297669435,0.08332717405269871,,,0.96,,0.9600139182880506,0.039986081711949395,0.9836641095823091,0.09986814925588337,5,0.001,0.1,0.9975667116457371,0.9968368253007911,0.9977245289187731,0.9977193061887852,0.9964258756203729,0.9971271780520276,0.9965625568956311,0.998270758555968,0.997734438579171,0.9970511455125881,1.0,0.9962845610759268
2,11,1.9745641167756098,0.49324,5000,2.151257700390286,0.44057623049219685,833,2.158150761272199,0.4409,0.9985334591662911,0.08329723054900683,,,0.96,,0.9600139182880506,0.039986081711949395,0.9836641095823091,0.09986814925588337,5,0.001,0.1,0.9973637155275399,0.9966430566327257,0.9967188102316473,0.9969084165293057,0.996950114963456,0.9978614102165313,0.9964474956835335,0.9964145760970331,0.9972127343022211,0.997805559481616,0.9962845610759268,1.0
3,0,1.7865054584612512,0.54584,5000,2.0857179076583297,0.5299760191846523,834,2.083711466469323,0.5217,0.9990800318141931,0.08337979312242509,,,0.96,,0.9600139182880506,0.039986081711949395,0.9935434419105839,0.09990463520732627,5,0.001,0.1,1.0,0.9971039238033211,0.9983575776849126,0.9977941891484119,0.9979912465599874,0.9981501178744119,0.998220635979879,0.9985435161628796,0.9977421866758852,0.997959062512119,0.9979285492730858,0.9977362347116424
3,1,1.7989667754264393,0.56796,5000,2.080138820189017,0.5107913669064749,834,2.083711466469323,0.5217,0.9984626468226737,0.08315056854539811,,,0.96,,0.9600139182880506,0.039986081711949395,0.9935434419105839,0.09990463520732627,5,0.001,0.1,0.9971039238033211,1.0,0.9973197345523458,0.9971479036920652,0.9972108793586584,0.9973940798159335,0.9973810514339694,0.9972204542258537,0.9974295023838189,0.996988236996008,0.9972860941061996,0.9976577918414964
3,2,1.7916736549632564,0.54632,5000,2.0918433842835604,0.5143884892086331,834,2.083711466469323,0.5217,0.9992289645545895,0.08334642515464148,,,0.96,,0.9600139182880506,0.039986081711949395,0.9935434419105839,0.09990463520732627,5,0.001,0.1,0.9983575776849126,0.9973197345523458,1.0,0.9982774392747769,0.9982991179627236,0.9983469170350617,0.997820899658783,0.9981957904017162,0.9981870460630098,0.9984229802908008,0.9981673422905759,0.9979193829620073
3,3,1.778856493864849,0.56496,5000,2.081562554394757,0.5179856115107914,834,2.083711466469323,0.5217,0.9989916027361407,0.08336623574116282,,,0.96,,0.9600139182880506,0.039986081711949395,0.9935434419105839,0.09990463520732627,5,0.001,0.1,0.9977941891484119,0.9971479036920652,0.9982774392747769,1.0,0.9980574477481181,0.9978309212283711,0.9973287902667809,0.9982000638716525,0.9982346356510862,0.9980707427526729,0.9978262742950587,0.9976993151274659
3,4,1.7793218960427934,0.55904,5000,2.0919694900512695,0.531812725090036,833,2.083711466469323,0.5217,0.9991585015508555,0.08336752880499083,,,0.96,,0.9600139182880506,0.039986081711949395,0.9935434419105839,0.09990463520732627,5,0.001,0.1,0.9979912465599874,0.9972108793586584,0.9982991179627236,0.9980574477481181,1.0,0.9983472518173191,0.998193304029618,0.9977803052493613,0.9980116173033199,0.9987384168828877,0.997664070880785,0.9981757511911356
3,5,1.784725748353703,0.5488,5000,2.074397563934326,0.5510204081632653,833,2.083711466469323,0.5217,0.9991693295244273,0.08336086952265771,,,0.96,,0.9600139182880506,0.039986081711949395,0.9935434419105839,0.09990463520732627,5,0.001,0.1,0.9981501178744119,0.9973940798159335,0.9983469170350617,0.9978309212283711,0.9983472518173191,1.0,0.9982738274272279,0.9978488517548354,0.9980015210962725,0.998631225523418,0.9975705518617636,0.9982047142475269
3,6,1.7759071583960466,0.5418,5000,2.089312615217986,0.5138055222088835,833,2.083711466469323,0.5217,0.9990857450246131,0.083331190256195,,,0.96,,0.9600139182880506,0.039986081711949395,0.9935434419105839,0.09990463520732627,5,0.001,0.1,0.998220635979879,0.9973810514339694,0.997820899658783,0.9973287902667809,0.998193304029618,0.9982738274272279,1.0,0.9980674627827066,0.9979170052965972,0.998540392671164,0.9979900351861539,0.9978655861401325
3,7,1.7818191976304267,0.55956,5000,2.093096000176889,0.49819927971188477,833,2.083711466469323,0.5217,0.9990700031166277,0.08337003309242581,,,0.96,,0.9600139182880506,0.039986081711949395,0.9935434419105839,0.09990463520732627,5,0.001,0.1,0.9985435161628796,0.9972204542258537,0.9981957904017162,0.9982000638716525,0.9977803052493613,0.9978488517548354,0.9980674627827066,1.0,0.9980333579958223,0.9977270647207297,0.998480614189356,0.9973097928937126
3,8,1.7836519784988112,0.5852,5000,2.080671575334337,0.5150060024009604,833,2.083711466469323,0.5217,0.9991242761763266,0.08336612991339276,,,0.96,,0.9600139182880506,0.039986081711949395,0.9935434419105839,0.09990463520732627,5,0.001,0.1,0.9977421866758852,0.9974295023838189,0.9981870460630098,0.9982346356510862,0.9980116173033199,0.9980015210962725,0.9979170052965972,0.9980333579958223,1.0,0.9984944417354481,0.9980140497680595,0.9979944030548019
3,9,1.784075440418948,0.56576,5000,2.0956315994262695,0.5234093637454982,833,2.083711466469323,0.5217,0.9992728870585795,0.0833262135167184,,,0.96,,0.9600139182880506,0.039986081711949395,0.9935434419105839,0.09990463520732627,5,0.001,0.1,0.997959062512119,0.996988236996008,0.9984229802908008,0.9980707427526729,0.9987384168828877,0.998631225523418,0.998540392671164,0.9977270647207297,0.9984944417354481,1.0,0.9978318881315082,0.9984364421831255
3,10,1.7747316056755698,0.57036,5000,2.078381997567636,0.5426170468187275,833,2.083711466469323,0.5217,0.9989477465347423,0.08332636675163128,,,0.96,,0.9600139182880506,0.039986081711949395,0.9935434419105839,0.09990463520732627,5,0.001,0.1,0.9979285492730858,0.9972860941061996,0.9981673422905759,0.9978262742950587,0.997664070880785,0.9975705518617636,0.9979900351861539,0.998480614189356,0.9980140497680595,0.9978318881315082,1.0,0.9971844984042949
3,11,1.7911627708726627,0.54164,5000,2.0760481048513344,0.5114045618247299,833,2.083711466469323,0.5217,0.9989675194769362,0.08330864557836073,,,0.96,,0.9600139182880506,0.039986081711949395,0.9935434419105839,0.09990463520732627,5,0.001,0.1,0.9977362347116424,0.9976577918414964,0.9979193829620073,0.9976993151274659,0.9981757511911356,0.9982047142475269,0.9978655861401325,0.9973097928937126,0.9979944030548019,0.9984364421831255,0.9971844984042949,1.0
4,0,1.6174511519966612,0.58668,5000,1.9944107267591689,0.5743405275779376,834,1.9932414845536692,0.5722,0.9990654195433729,0.08336305708503035,,,0.96,,0.9600139182880506,0.039986081711949395,0.9969558301607937,0.0999026796336219,5,0.001,0.1,1.0,0.9968128762568612,0.9981919767728453,0.9978256084097661,0.9980299929282053,0.9981014033020652,0.9982284514977491,0.9984404872477165,0.9977113007973097,0.9981343078009755,0.9978993134100397,0.9977428105787851
4,1,1.629730573505353,0.60088,5000,1.9902669279663652,0.564748201438849,834,1.9932414845536692,0.5722,0.9983525583240578,0.08319950748316167,,,0.96,,0.9600139182880506,0.039986081711949395,0.9969558301607937,0.0999026796336219,5,0.001,0.1,0.9968128762568612,1.0,0.997242981276828,0.9969572444732216,0.9972255200644882,0.9970157541506768,0.9975056394287808,0.9970387765579416,0.9972528547104259,0.9970629512540399,0.9969918460694807,0.9974765511590503
4,2,1.6225451275801204,0.57512,5000,2.003535994776973,0.5623501199040767,834,1.9932414845536692,0.5722,0.9992030514611333,0.08334703945666841,,,0.96,,0.9600139182880506,0.039986081711949395,0.9969558301607937,0.0999026796336219,5,0.001,0.1,0.9981919767728453,0.997242981276828,1.0,0.998236565778793,0.9980988561316517,0.9983543558201402,0.9979919614805114,0.9980472636340396,0.9979694632995725,0.9985574373315143,0.998170213358622,0.9979089964718905
4,3,1.609336787803917,0.59152,5000,1.9903982568670202,0.5743405275779376,834,1.9932414845536692,0.5722,0.9990262931546908,0.08335348197457741,,,0.96,,0.9600139182880506,0.039986081711949395,0.9969558301607937,0.0999026796336219,5,0.001,0.1,0.9978256084097661,0.9969572444732216,0.998236565778793,1.0,0.9981695047027143,0.9979216977861273,0.9973166234270708,0.998292666433869,0.9980476887763431,0.9983008543875086,0.998019496530469,0.9975620628550993
4,4,1.6095177321676994,0.59848,5000,2.002558196032489,0.5774309723889556,833,1.9932414845536692,0.5722,0.9991549272645553,0.08335842584694256,,,0.96,,0.9600139182880506,0.039986081711949395,0.9969558301607937,0.0999026796336219,5,0.001,0.1,0.9980299929282053,0.9972255200644882,0.9980988561316517,0.9981695047027143,1.0,0.9981541079472427,0.9981495921236324,0.9979370194068655,0.9979749478155707,0.9986510720089979,0.9978444223417315,0.9979578159836376
4,5,1.6175572159184013,0.5842,5000,1.983144552619369,0.5858343337334934,833,1.9932414845536692,0.5722,0.9991006775232564,0.08335259216258487,,,0.96,,0.9600139182880506,0.039986081711949395,0.9969558301607937,0.0999026796336219,5,0.001,0.1,0.9981014033020652,0.9970157541506768,0.9983543558201402,0.9979216977861273,0.9981541079472427,1.0,0.9980519683253387,0.9979066373021582,0.9979440218225434,0.9984890073791838,0.9976335308740607,0.9979697035293161
4,6,1.607378012511381,0.58696,5000,2.000821921560499,0.5714285714285714,833,1.9932414845536692,0.5722,0.9990549942169054,0.08333292058068517,,,0.96,,0.9600139182880506,0.039986081711949395,0.9969558301607937,0.0999026796336219,5,0.001,0.1,0.9982284514977491,0.9975056394287808,0.9979919614805114,0.9973166234270708,0.9981495921236324,0.9980519683253387,1.0,0.9979589444299053,0.9978558134456683,0.9983063945357006,0.9977516232950233,0.9978794844641513
4,7,1.613256971395699,0.59324,5000,2.0045390438150474,0.5462184873949579,833,1.9932414845536692,0.5722,0.9990850878859727,0.08335770757909602,,,0.96,,0.9600139182880506,0.039986081711949395,0.9969558301607937,0.0999026796336219,5,0.001,0.1,0.9984404872477165,0.9970387765579416,0.9980472636340396,0.998292666433869,0.9979370194068655,0.9979066373021582,0.9979589444299053,1.0,0.9981075096349121,0.9980398083910924,0.9982624421676609,0.9973231183445839
4,8,1.6128327778949858,0.60904,5000,1.9911731923068012,0.5654261704681873,833,1.9932414845536692,0.5722,0.9990678047835788,0.08335475667727651,,,0.96,,0.9600139182880506,0.039986081711949395,0.9969558301607937,0.0999026796336219,5,0.001,0.1,0.9977113007973097,0.9972528547104259,0.9979694632995725,0.9980476887763431,0.9979749478155707,0.9979440218225434,0.9978558134456683,0.9981075096349121,1.0,0.9985190974041006,0.9979950889674679,0.9977708845299555
4,9,1.6163428523737913,0.6026,5000,2.0081956916385226,0.5870348139255702,833,1.9932414845536692,0.5722,0.99934129807679,0.08333910825979002,,,0.96,,0.9600139182880506,0.039986081711949395,0.9969558301607937,0.0999026796336219,5,0.001,0.1,0.9981343078009755,0.9970629512540399,0.9985574373315143,0.9983008543875086,0.9986510720089979,0.9984890073791838,0.9983063945357006,0.9980398083910924,0.9985190974041006,1.0,0.9981872894218001,0.9981787639652839
4,10,1.6047321647595447,0.60308,5000,1.987013507772375,0.5870348139255702,833,1.9932414845536692,0.5722,0.9989775217346708,0.0833274630714438,,,0.96,,0.9600139182880506,0.039986081711949395,0.9969558301607937,0.0999026796336219,5,0.001,0.1,0.9978993134100397,0.9969918460694807,0.998170213358622,0.998019496530469,0.9978444223417315,0.9976335308740607,0.9977516232950233,0.9982624421676609,0.9979950889674679,0.9981872894218001,1.0,0.9973112422746694
4,11,1.6232874264383013,0.58576,5000,1.984581020143297,0.5702280912364946,833,1.9932414845536692,0.5722,0.9988951612037962,0.08331393982274334,,,0.96,,0.9600139182880506,0.039986081711949395,0.9969558301607937,0.0999026796336219,5,0.001,0.1,0.9977428105787851,0.9974765511590503,0.9979089964718905,0.9975620628550993,0.9979578159836376,0.9979697035293161,0.9978794844641513,0.9973231183445839,0.9977708845299555,0.9981787639652839,0.9973112422746694,1.0
5,0,1.4767556860948066,0.61424,5000,1.8880067622220074,0.6103117505995204,834,1.8878460345557704,0.6039,0.9989870767277472,0.08335424288057053,,,0.96,,0.9600139182880506,0.039986081711949395,0.9980255398350691,0.09989037952742198,5,0.001,0.1,1.0,0.9966164329690351,0.9979122131347716,0.9976978095810797,0.9976995133282193,0.9980740160925159,0.9979635945237991,0.9981194525294373,0.9973041128887725,0.9980980911550206,0.9975767707762533,0.997641688109973
5,1,1.4885124403959626,0.62036,5000,1.8856754435433283,0.5935251798561151,834,1.8878460345557704,0.6039,0.9982052551644361,0.08322872949699626,,,0.96,,0.9600139182880506,0.039986081711949395,0.9980255398350691,0.09989037952742198,5,0.001,0.1,0.9966164329690351,1.0,0.9970554436456053,0.9967383098843903,0.996853757394949,0.9968132405516821,0.9973185143411825,0.9966422978120479,0.9968621775974105,0.9966557345875954,0.9969165883143994,0.996867597257811
5,2,1.4811551266415104,0.59988,5000,1.900381044105247,0.5959232613908872,834,1.8878460345557704,0.6039,0.9991001634549415,0.08334807096471236,,,0.96,,0.9600139182880506,0.039986081711949395,0.9980255398350691,0.09989037952742198,5,0.001,0.1,0.9979122131347716,0.9970554436456053,1.0,0.9978084330878971,0.9981176566479585,0.9980017836608797,0.9977188678083785,0.99792994735727,0.9977699990630768,0.9983732553987957,0.9976914667560003,0.997681085063516
5,3,1.4688185448859148,0.614,5000,1.8842644117496632,0.6031175059952039,834,1.8878460345557704,0.6039,0.9988576093660964,0.08334419363414627,,,0.96,,0.9600139182880506,0.039986081711949395,0.9980255398350691,0.09989037952742198,5,0.001,0.1,0.9976978095810797,0.9967383098843903,0.9978084330878971,1.0,0.997920613101854,0.997677794306773,0.9970583068162951,0.9978013426672622,0.9974665292848411,0.9979333179397779,0.9976115775138692,0.997438271794559
5,4,1.4690807597652362,0.62356,5000,1.8979580490677446,0.6254501800720288,833,1.8878460345557704,0.6039,0.9990722266973727,0.0833541511140848,,,0.96,,0.9600139182880506,0.039986081711949395,0.9980255398350691,0.09989037952742198,5,0.001,0.1,0.9976995133282193,0.996853757394949,0.9981176566479585,0.997920613101854,1.0,0.9980370771487027,0.9977931979328057,0.9978179982674873,0.9976535058002427,0.9984342929278823,0.9975846272643839,0.9978125796981068
5,5,1.4761703710647145,0.61324,5000,1.8773018254174128,0.617046818727491,833,1.8878460345557704,0.6039,0.9990284908657963,0.08334916268028425,,,0.96,,0.9600139182880506,0.039986081711949395,0.9980255398350691,0.09989037952742198,5,0.001,0.1,0.9980740160925159,0.9968132405516821,0.9980017836608797,0.997677794306773,0.9980370771487027,1.0,0.9978346872670925,0.9978331358088207,0.9975144018902223,0.9983411865922199,0.9973639561731438,0.997709299849906
5,6,1.4656647743692823,0.61784,5000,1.897468474176195,0.5930372148859544,833,1.8878460345557704,0.6039,0.9989630013439569,0.08333498732454168,,,0.96,,0.9600139182880506,0.039986081711949395,0.9980255398350691,0.09989037952742198,5,0.001,0.1,0.9979635945237991,0.9973185143411825,0.9977188678083785,0.9970583068162951,0.9977931979328057,0.9978346872670925,1.0,0.9979557804431874,0.9975696145541046,0.9980987411699194,0.9975328376997237,0.9975730025612229
5,7,1.4723029585400964,0.61492,5000,1.901030178423281,0.5774309723889556,833,1.8878460345557704,0.6039,0.9989970747492374,0.08335128541311335,,,0.96,,0.9600139182880506,0.039986081711949395,0.9980255398350691,0.09989037952742198,5,0.001,0.1,0.9981194525294373,0.9966422978120479,0.99792994735727,0.9978013426672622,0.9978179982674873,0.9978331358088207,0.9979557804431874,1.0,0.9978802734593346,0.9979175359395915,0.9976174217940363,0.9973082978362439
5,8,1.469049664591528,0.62788,5000,1.8871452587622184,0.5966386554621849,833,1.8878460345557704,0.6039,0.9988435167082265,0.08334452044033765,,,0.96,,0.9600139182880506,0.039986081711949395,0.9980255398350691,0.09989037952742198,5,0.001,0.1,0.9973041128887725,0.9968621775974105,0.9977699990630768,0.9974665292848411,0.9976535058002427,0.9975144018902223,0.9975696145541046,0.9978802734593346,1.0,0.9981534744480841,0.9973054422124114,0.9975042306494913
5,9,1.4740920689455264,0.62212,5000,1.9062407988089103,0.6086434573829532,833,1.8878460345557704,0.6039,0.9992302570269678,0.08334740619334213,,,0.96,,0.9600139182880506,0.039986081711949395,0.9980255398350691,0.09989037952742198,5,0.001,0.1,0.9980980911550206,0.9966557345875954,0.9983732553987957,0.9979333179397779,0.9984342929278823,0.9983411865922199,0.9980987411699194,0.9979175359395915,0.9981534744480841,1.0,0.9976104268090042,0.99800272520919
5,10,1.4626597500910425,0.61932,5000,1.8810335353568748,0.6158463385354142,833,1.8878460345557704,0.6039,0.9987507655695703,0.08332479175830201,,,0.96,,0.9600139182880506,0.039986081711949395,0.9980255398350691,0.09989037952742198,5,0.001,0.1,0.9975767707762533,0.9969165883143994,0.9976914667560003,0.9976115775138692,0.9975846272643839,0.9973639561731438,0.9975328376997237,0.9976174217940363,0.9973054422124114,0.9976104268090042,1.0,0.9970617706861629
5,11,1.4826351387485577,0.61508,5000,1.878160344229804,0.60984393757503,833,1.8878460345557704,0.6039,0.9988114471814872,0.08331845809956866,,,0.96,,0.9600139182880506,0.039986081711949395,0.9980255398350691,0.09989037952742198,5,0.001,0.1,0.997641688109973,0.996867597257811,0.997681085063516,0.997438271794559,0.9978125796981068,0.997709299849906,0.9975730025612229,0.9973082978362439,0.9975042306494913,0.99800272520919,0.9970617706861629,1.0
6,0,1.3576274088993194,0.635,5000,1.7693985479849357,0.6330935251798561,834,1.7703578064616876,0.625,0.998829661849504,0.08334808307915097,,,0.96,,0.9600139182880506,0.039986081711949395,0.9982209674058978,0.09987697895819976,5,0.001,0.1,1.0,0.9965066478154851,0.9979894381104258,0.9970944400491263,0.99721388615137,0.9974783623441422,0.9976527958027454,0.9978502077819565,0.9970464961744532,0.9976370924042915,0.9972146943999378,0.9975271876598705
6,1,1.3719287446350048,0.63724,5000,1.7692234295385856,0.6199040767386091,834,1.7703578064616876,0.625,0.9981976950829279,0.08325072313779504,,,0.96,,0.9600139182880506,0.039986081711949395,0.9982209674058978,0.09987697895819976,5,0.001,0.1,0.9965066478154851,1.0,0.9970885253641661,0.9963979052312112,0.9965083438941958,0.9967988159870403,0.9971258035735158,0.9965362526155032,0.9968637829765877,0.9967588517227799,0.9964802752422008,0.9965778095711907
6,2,1.3638760302476822,0.61976,5000,1.7854964865578546,0.6223021582733813,834,1.7703578064616876,0.625,0.9990907758386128,0.08335272553447243,,,0.96,,0.9600139182880506,0.039986081711949395,0.9982209674058978,0.09987697895819976,5,0.001,0.1,0.9979894381104258,0.9970885253641661,1.0,0.9977480567142251,0.9976941104538832,0.9979218797171338,0.9975902273760262,0.9976980731653003,0.9973128258989546,0.9981623493240905,0.9976888514643133,0.9974469588331983
6,3,1.3504373974101558,0.63096,5000,1.7657078637017145,0.617505995203837,834,1.7703578064616876,0.625,0.998652037785064,0.08333618839129041,,,0.96,,0.9600139182880506,0.039986081711949395,0.9982209674058978,0.09987697895819976,5,0.001,0.1,0.9970944400491263,0.9963979052312112,0.9977480567142251,1.0,0.9976547776100332,0.9972714138077111,0.9966058039975618,0.9974219698029844,0.9969196060980462,0.9976938118981329,0.9971870894879927,0.9970877319624321
6,4,1.3499005247073568,0.64724,5000,1.7810055370684024,0.6410564225690276,833,1.7703578064616876,0.625,0.998848001464344,0.0833486186906916,,,0.96,,0.9600139182880506,0.039986081711949395,0.9982209674058978,0.09987697895819976,5,0.001,0.1,0.99721388615137,0.9965083438941958,0.9976941104538832,0.9976547776100332,1.0,0.9976559240295328,0.9973777181628927,0.9973549552650717,0.9971989542960239,0.9981611011069049,0.9973934630290415,0.9972177362367125
6,5,1.3583755563019189,0.63192,5000,1.7595544876875702,0.6410564225690276,833,1.7703578064616876,0.625,0.9988583406890814,0.08334589348926902,,,0.96,,0.9600139182880506,0.039986081711949395,0.9982209674058978,0.09987697895819976,5,0.001,0.1,0.9974783623441422,0.9967988159870403,0.9979218797171338,0.9972714138077111,0.9976559240295328,1.0,0.9974972113733961,0.9973402341295166,0.9971001091723299,0.9980277036897657,0.9971160266670857,0.9973476872904145
6,6,1.3478184135096847,0.63652,5000,1.7821237864317718,0.6134453781512605,833,1.7703578064616876,0.625,0.9987916566634936,0.08333504910674179,,,0.96,,0.9600139182880506,0.039986081711949395,0.9982209674058978,0.09987697895819976,5,0.001,0.1,0.9976527958027454,0.9971258035735158,0.9975902273760262,0.9966058039975618,0.9973777181628927,0.9974972113733961,1.0,0.997481021583722,0.9973310960285207,0.9977704831850025,0.9971089728562932,0.9972159753191191
6,7,1.3542508641625666,0.6358,5000,1.7854528736185145,0.6002400960384153,833,1.7703578064616876,0.625,0.9988261514106858,0.083346156280379,,,0.96,,0.9600139182880506,0.039986081711949395,0.9982209674058978,0.09987697895819976,5,0.001,0.1,0.9978502077819565,0.9965362526155032,0.9976980731653003,0.9974219698029844,0.9973549552650717,0.9973402341295166,0.997481021583722,1.0,0.9975174664926489,0.9976686457963089,0.9972700873451901,0.9970302266075056
6,8,1.3488948196362538,0.64556,5000,1.7716605442541618,0.6134453781512605,833,1.7703578064616876,0.625,0.9986802981415677,0.08333730084596959,,,0.96,,0.9600139182880506,0.039986081711949395,0.9982209674058978,0.09987697895819976,5,0.001,0.1,0.9970464961744532,0.9968637829765877,0.9973128258989546,0.9969196060980462,0.9971989542960239,0.9971001091723299,0.9973310960285207,0.9975174664926489,1.0,0.9976571208943024,0.9972283924337929,0.9972462752308782
6,9,1.3557057501404148,0.6424,5000,1.792495431723418,0.6230492196878752,833,1.7703578064616876,0.625,0.9991379463677527,0.08335384025471314,,,0.96,,0.9600139182880506,0.039986081711949395,0.9982209674058978,0.09987697895819976,5,0.001,0.1,0.9976370924042915,0.9967588517227799,0.9981623493240905,0.9976938118981329,0.9981611011069049,0.9980277036897657,0.9977704831850025,0.9976686457963089,0.9976571208943024,1.0,0.9976871174620929,0.9976819269778512
6,10,1.3440413545651042,0.6394,5000,1.7636729302229706,0.6374549819927972,833,1.7703578064616876,0.625,0.9986630569594636,0.0833246468806266,,,0.96,,0.9600139182880506,0.039986081711949395,0.9982209674058978,0.09987697895819976,5,0.001,0.1,0.9972146943999378,0.9964802752422008,0.9976888514643133,0.9971870894879927,0.9973934630290415,0.9971160266670857,0.9971089728562932,0.9972700873451901,0.9972283924337929,0.9976871174620929,1.0,0.9968404758240399
6,11,1.3658355374245128,0.63564,5000,1.759906080034044,0.6374549819927972,833,1.7703578064616876,0.625,0.9986634039148126,0.08332077430890031,,,0.96,,0.9600139182880506,0.039986081711949395,0.9982209674058978,0.09987697895819976,5,0.001,0.1,0.9975271876598705,0.9965778095711907,0.9974469588331983,0.9970877319624321,0.9972177362367125,0.9973476872904145,0.9972159753191191,0.9970302266075056,0.9972462752308782,0.9976819269778512,0.9968404758240399,1.0
7,0,1.259655522692735,0.65028,5000,1.642543567551507,0.6474820143884892,834,1.6447042360092505,0.6403,0.9985461925289738,0.08334415552758867,,,0.96,,0.9600139182880506,0.039986081711949395,0.9983493498502881,0.09984910306800975,5,0.001,0.1,1.0,0.9957298594989117,0.9976578547574902,0.9964638537243163,0.99652997183403,0.9967678742157323,0.9972516982052557,0.9971614932751016,0.9963564117657945,0.9969474958972837,0.99675319665929,0.996853820979686
7,1,1.2724550024718995,0.651,5000,1.6446385913425021,0.6330935251798561,834,1.6447042360092505,0.6403,0.9977453538426084,0.08325859982871082,,,0.96,,0.9600139182880506,0.039986081711949395,0.9983493498502881,0.09984910306800975,5,0.001,0.1,0.9957298594989117,1.0,0.996410400536577,0.9955681998506986,0.9954070676997042,0.9961977064221059,0.9963558334430749,0.9955581215130375,0.9958407863431108,0.9963007626165437,0.9955985425686429,0.9959164736574102
