round,client_id,client_i_training_loss,client_i_training_accuracy,client_i_training_dataset_size,client_i_evaluation_loss,client_i_evaluation_accuracy,client_i_evaluation_dataset_size,client_i_central_evaluation_loss,client_i_central_evaluation_accuracy,client_i_cosine_similarity,client_i_importance_coefficient,client_i_tanh_val,tanh_normalization_value,client_i_q,client_i_mask_order,client_i_v_nonzero_fraction,client_i_v_sparsity,client_i_v_cosine_similarity,client_i_reward_gradient_norm,local_epochs,learning_rate,gamma,client_0_cosine_similarity,client_1_cosine_similarity,client_2_cosine_similarity,client_3_cosine_similarity,client_4_cosine_similarity,client_5_cosine_similarity,client_6_cosine_similarity,client_7_cosine_similarity,client_8_cosine_similarity,client_9_cosine_similarity,client_10_cosine_similarity,client_11_cosine_similarity
0,0,2.20952784605087,0.27836,5000,2.264209835617631,0.11390887290167866,834,2.2654347983412086,0.1035,0.9965377912877377,0.08335871579875923,,,0.97,,0.9700176878243976,0.029982312175602432,0,0.09962335235977754,5,0.001,0.1,1.0,0.9936090162984893,0.9894742940310017,0.993547100131992,0.9909163582821087,0.9932501592098965,0.9904031803454267,0.990638980331723,0.9935557641030736,0.9901941059652626,0.9930770728610302,0.9947560978154881
0,1,2.2072698032780056,0.2774,5000,2.26142152150472,0.10551558752997602,834,2.2654347983412086,0.1035,0.9967727266470909,0.08337836774775968,,,0.97,,0.9700176878243976,0.029982312175602432,0,0.09962335235977754,5,0.001,0.1,0.9936090162984893,1.0,0.9875266592677567,0.9925222439824589,0.9912024953707224,0.9943994787701943,0.9920628791180521,0.9926423096487813,0.9940038212769403,0.9924093430307788,0.9921618477240948,0.9936906424303743
0,2,2.2103260629495995,0.28856,5000,2.2616393477828414,0.11750599520383694,834,2.2654347983412086,0.1035,0.9937627181071892,0.08312658557891159,,,0.97,,0.9700176878243976,0.029982312175602432,0,0.09962335235977754,5,0.001,0.1,0.9894742940310017,0.9875266592677567,1.0,0.9883490961546885,0.9909924403958178,0.9899381290026552,0.9919703714174817,0.9892052835121712,0.9892275003580845,0.989668282279951,0.986039117287559,0.9878554775056364
0,3,2.21173751582006,0.29136,5000,2.2640831382186324,0.09592326139088729,834,2.2654347983412086,0.1035,0.9958584024949844,0.08330188606506815,,,0.97,,0.9700176878243976,0.029982312175602432,0,0.09962335235977754,5,0.001,0.1,0.993547100131992,0.9925222439824589,0.9883490961546885,1.0,0.990769194258155,0.9943507809413448,0.9900715607424447,0.9921178360368001,0.9928559815025869,0.9898317422152891,0.9901146046073389,0.9907700232683
0,4,2.2106673732684676,0.28772,5000,2.2613064183129206,0.10324129651860744,833,2.2654347983412086,0.1035,0.9965467410327908,0.08335946442993096,,,0.97,,0.9700176878243976,0.029982312175602432,0,0.09962335235977754,5,0.001,0.1,0.9909163582821087,0.9912024953707224,0.9909924403958178,0.990769194258155,1.0,0.9937129232758546,0.9958910605684955,0.9929121990376454,0.9938514672623004,0.9942185803891562,0.9890006383134298,0.9900617646059833
0,5,2.2089382432828284,0.30268,5000,2.268067315772728,0.08643457382953182,833,2.2654347983412086,0.1035,0.9977719380410103,0.08346195010593696,,,0.97,,0.9700176878243976,0.029982312175602432,0,0.09962335235977754,5,0.001,0.1,0.9932501592098965,0.9943994787701943,0.9899381290026552,0.9943507809413448,0.9937129232758546,1.0,0.9926633267305356,0.9950461986507232,0.9952191298319369,0.9950800311095153,0.9917273592338232,0.9927886047919673
0,6,2.212319288436015,0.2668,5000,2.2661940168451378,0.0936374549819928,833,2.2654347983412086,0.1035,0.9961044793094828,0.08332246997811567,,,0.97,,0.9700176878243976,0.029982312175602432,0,0.09962335235977754,5,0.001,0.1,0.9904031803454267,0.9920628791180521,0.9919703714174817,0.9900715607424447,0.9958910605684955,0.9926633267305356,1.0,0.9915713610032492,0.991762652005235,0.9932337376392958,0.9887900967676728,0.9898217395993274
0,7,2.207543918433463,0.30612,5000,2.269031454015661,0.10684273709483794,833,2.2654347983412086,0.1035,0.9964398651611448,0.08335052444241801,,,0.97,,0.9700176878243976,0.029982312175602432,0,0.09962335235977754,5,0.001,0.1,0.990638980331723,0.9926423096487813,0.9892052835121712,0.9921178360368001,0.9929121990376454,0.9950461986507232,0.9915713610032492,1.0,0.993495283353318,0.9953159834201344,0.9864984375646729,0.9928075684504994
0,8,2.20900462782307,0.30048,5000,2.2779703581774675,0.10444177671068428,833,2.2654347983412086,0.1035,0.9973386264133213,0.08342570431461764,,,0.97,,0.9700176878243976,0.029982312175602432,0,0.09962335235977754,5,0.001,0.1,0.9935557641030736,0.9940038212769403,0.9892275003580845,0.9928559815025869,0.9938514672623004,0.9952191298319369,0.991762652005235,0.993495283353318,1.0,0.9944491449526985,0.9913594776960817,0.9932157404280646
0,9,2.20865186247856,0.3032,5000,2.263411663196705,0.10444177671068428,833,2.2654347983412086,0.1035,0.9967888149657845,0.08337971350865042,,,0.97,,0.9700176878243976,0.029982312175602432,0,0.09962335235977754,5,0.001,0.1,0.9901941059652626,0.9924093430307788,0.989668282279951,0.9898317422152891,0.9942185803891562,0.9950800311095153,0.9932337376392958,0.9953159834201344,0.9944491449526985,1.0,0.9897070602316296,0.9923150594467306
0,10,2.212063887164851,0.26868,5000,2.2668491469489203,0.10324129651860744,833,2.2654347983412086,0.1035,0.9946249937529852,0.08319871349129634,,,0.97,,0.9700176878243976,0.029982312175602432,0,0.09962335235977754,5,0.001,0.1,0.9930770728610302,0.9921618477240948,0.986039117287559,0.9901146046073389,0.9890006383134298,0.9917273592338232,0.9887900967676728,0.9864984375646729,0.9913594776960817,0.9897070602316296,1.0,0.9920792815433419
0,11,2.210621002525281,0.29844,5000,2.2676282900351064,0.10684273709483794,833,2.2654347983412086,0.1035,0.9962650869560753,0.0833359045385352,,,0.97,,0.9700176878243976,0.029982312175602432,0,0.09962335235977754,5,0.001,0.1,0.9947560978154881,0.9936906424303743,0.9878554775056364,0.9907700232683,0.9900617646059833,0.9927886047919673,0.9898217395993274,0.9928075684504994,0.9932157404280646,0.9923150594467306,0.9920792815433419,1.0
1,0,2.0678838687337886,0.4482,5000,2.208171005602236,0.26618705035971224,834,2.209367368929683,0.2701,0.9983477867660389,0.08335358915174307,,,0.97,,0.9700176878243976,0.029982312175602432,0.9508758490505892,0.0998202743129511,5,0.001,0.1,1.0,0.9965726198275722,0.9954384014416066,0.9966026094025319,0.9963541228821925,0.9966054519012775,0.9960926235113919,0.9948370104512033,0.9965403333010582,0.9955104854771705,0.9973704757652924,0.9967181389228184
1,1,2.063752152813468,0.43656,5000,2.205667319121184,0.290167865707434,834,2.209367368929683,0.2701,0.9984125854979399,0.08336773401811302,,,0.97,,0.9700176878243976,0.029982312175602432,0.9508758490505892,0.0998202743129511,5,0.001,0.1,0.9965726198275722,1.0,0.994593152756817,0.9961916099276998,0.9956959780057156,0.9971081650741727,0.9955777362905601,0.9963512153182104,0.9969370175903418,0.9969117932215811,0.9967701999153619,0.9967027742612661
1,2,2.07129925588134,0.43408,5000,2.203706626538877,0.302158273381295,834,2.209367368929683,0.2701,0.9976472727825112,0.08318860377186543,,,0.97,,0.9700176878243976,0.029982312175602432,0.9508758490505892,0.0998202743129511,5,0.001,0.1,0.9954384014416066,0.994593152756817,1.0,0.9948946144817993,0.9967352333460172,0.9961960724347473,0.996934743243492,0.994740391115796,0.9954096900018513,0.9968143173318518,0.9940980277704127,0.9944056540459412
1,3,2.071730871868741,0.45676,5000,2.2081155600371183,0.28776978417266186,834,2.209367368929683,0.2701,0.9978442559113568,0.08330247953263303,,,0.97,,0.9700176878243976,0.029982312175602432,0.9508758490505892,0.0998202743129511,5,0.001,0.1,0.9966026094025319,0.9961916099276998,0.9948946144817993,1.0,0.9951816612462016,0.9970359640542262,0.9955109796507478,0.9953604125152078,0.99628018117895,0.9957664415605648,0.9950684048530242,0.9947150644526129
1,4,2.0673973830642214,0.4604,5000,2.2037918081989996,0.26770708283313327,833,2.209367368929683,0.2701,0.9983510249248335,0.08335415283914267,,,0.97,,0.9700176878243976,0.029982312175602432,0.9508758490505892,0.0998202743129511,5,0.001,0.1,0.9963541228821925,0.9956959780057156,0.9967352333460172,0.9951816612462016,1.0,0.9965334184108694,0.9975989255059167,0.9960357583983364,0.9972565390068961,0.9968747137896934,0.9951012544726434,0.9953114629165752
1,5,2.0661832492063,0.44688,5000,2.2111909654405384,0.23529411764705882,833,2.209367368929683,0.2701,0.9988063258418881,0.083431707728309,,,0.97,,0.9700176878243976,0.029982312175602432,0.9508758490505892,0.0998202743129511,5,0.001,0.1,0.9966054519012775,0.9971081650741727,0.9961960724347473,0.9970359640542262,0.9965334184108694,1.0,0.9966554029435641,0.996752735777173,0.9969884614542288,0.9979378077405471,0.9959915230044075,0.9963229585499014
1,6,2.072055468893355,0.43412,5000,2.210278272628784,0.25090036014405764,833,2.209367368929683,0.2701,0.998195187460172,0.08332643251796609,,,0.97,,0.9700176878243976,0.029982312175602432,0.9508758490505892,0.0998202743129511,5,0.001,0.1,0.9960926235113919,0.9955777362905601,0.996934743243492,0.9955109796507478,0.9975989255059167,0.9966554029435641,1.0,0.9952938484975253,0.9958997036909214,0.9970632940573287,0.9950214143037507,0.9951667753307413
1,7,2.0651433220334874,0.4508,5000,2.214253725828948,0.27490996398559425,833,2.209367368929683,0.2701,0.99784807874675,0.08333243431030969,,,0.97,,0.9700176878243976,0.029982312175602432,0.9508758490505892,0.0998202743129511,5,0.001,0.1,0.9948370104512033,0.9963512153182104,0.994740391115796,0.9953604125152078,0.9960357583983364,0.996752735777173,0.9952938484975253,1.0,0.9963311744342989,0.9974454944330111,0.9933374774019718,0.9961618870692758
1,8,2.068292091150952,0.45532,5000,2.225072180783307,0.25090036014405764,833,2.209367368929683,0.2701,0.9985738049432729,0.08340197120156373,,,0.97,,0.9700176878243976,0.029982312175602432,0.9508758490505892,0.0998202743129511,5,0.001,0.1,0.9965403333010582,0.9969370175903418,0.9954096900018513,0.99628018117895,0.9972565390068961,0.9969884614542288,0.9958997036909214,0.9963311744342989,1.0,0.9970059261487996,0.9963705984925988,0.9963231783532018
1,9,2.065769226839588,0.43576,5000,2.2055454872272633,0.27611044417767105,833,2.209367368929683,0.2701,0.9987123676395201,0.0833782365384449,,,0.97,,0.9700176878243976,0.029982312175602432,0.9508758490505892,0.0998202743129511,5,0.001,0.1,0.9955104854771705,0.9969117932215811,0.9968143173318518,0.9957664415605648,0.9968747137896934,0.9979378077405471,0.9970632940573287,0.9974454944330111,0.9970059261487996,1.0,0.9952628119090414,0.9964115368871781
1,10,2.0724594984844233,0.4278,5000,2.210546405227096,0.2653061224489796,833,2.209367368929683,0.2701,0.9976851359978931,0.08323406422670072,,,0.97,,0.9700176878243976,0.029982312175602432,0.9508758490505892,0.0998202743129511,5,0.001,0.1,0.9973704757652924,0.9967701999153619,0.9940980277704127,0.9950684048530242,0.9951012544726434,0.9959915230044075,0.9950214143037507,0.9933374774019718,0.9963705984925988,0.9952628119090414,1.0,0.9963154523386133
1,11,2.0704224177986195,0.46132,5000,2.213152594036526,0.2737094837935174,833,2.209367368929683,0.2701,0.9980068951895894,0.08332859416320855,,,0.97,,0.9700176878243976,0.029982312175602432,0.9508758490505892,0.0998202743129511,5,0.001,0.1,0.9967181389228184,0.9967027742612661,0.9944056540459412,0.9947150644526129,0.9953114629165752,0.9963229585499014,0.9951667753307413,0.9961618870692758,0.9963231783532018,0.9964115368871781,0.9963154523386133,1.0
2,0,1.8975247979923417,0.52384,5000,2.1379256071867765,0.41007194244604317,834,2.139465992443097,0.4059,0.9988042777566685,0.08334594244433685,,,0.97,,0.9700176878243976,0.029982312175602432,0.9880999113440931,0.09987982286297734,5,0.001,0.1,1.0,0.9973831876171648,0.9971262325758301,0.9978733851439594,0.9973770421019171,0.9976929326769661,0.9973371254482579,0.996610719730398,0.9973186242216292,0.9969340286575974,0.9978996900378552,0.9976979879508441
2,1,1.8905332964696702,0.5226,5000,2.1363049701408103,0.4172661870503597,834,2.139465992443097,0.4059,0.9989146566372322,0.08335817817870984,,,0.97,,0.9700176878243976,0.029982312175602432,0.9880999113440931,0.09987982286297734,5,0.001,0.1,0.9973831876171648,1.0,0.9966668309935195,0.9975573216597161,0.9972116328058898,0.9979816687581493,0.997083813316688,0.9976279057249583,0.9978515994705335,0.9980921229303477,0.997361085512084,0.9977533724968928
2,2,1.9039399186517023,0.51044,5000,2.1316560286062733,0.43884892086330934,834,2.139465992443097,0.4059,0.9985441863889509,0.08323638136953324,,,0.97,,0.9700176878243976,0.029982312175602432,0.9880999113440931,0.09987982286297734,5,0.001,0.1,0.9971262325758301,0.9966668309935195,1.0,0.9967467651713322,0.9975638138041746,0.9974284651459072,0.9977201280746376,0.9966956649085916,0.9972586713829783,0.9975527277761305,0.9967119755695473,0.996666442553922
2,3,1.9017946881093797,0.52712,5000,2.138066883440371,0.434052757793765,834,2.139465992443097,0.4059,0.9986025349721406,0.08330809175700983,,,0.97,,0.9700176878243976,0.029982312175602432,0.9880999113440931,0.09987982286297734,5,0.001,0.1,0.9978733851439594,0.9975573216597161,0.9967467651713322,1.0,0.9969086763926663,0.9978551752047049,0.9968631051438115,0.9971656108214165,0.9972594497835651,0.9967708436455452,0.9969153570028542,0.9969166461797059
2,4,1.8970439362677798,0.55336,5000,2.1319132910834417,0.3937575030012005,833,2.139465992443097,0.4059,0.9988590659105286,0.08334805627315033,,,0.97,,0.9700176878243976,0.029982312175602432,0.9880999113440931,0.09987982286297734,5,0.001,0.1,0.9973770421019171,0.9972116328058898,0.9975638138041746,0.9969086763926663,1.0,0.9976518011236363,0.9982818028573351,0.9974540377872138,0.9978536613878223,0.9980387657496563,0.9968268389396084,0.9967377735350511
2,5,1.8942335142451487,0.5234,5000,2.1404345256310924,0.3505402160864346,833,2.139465992443097,0.4059,0.9990854550569767,0.0834029183080684,,,0.97,,0.9700176878243976,0.029982312175602432,0.9880999113440931,0.09987982286297734,5,0.001,0.1,0.9976929326769661,0.9979816687581493,0.9974284651459072,0.9978551752047049,0.9976518011236363,1.0,0.9974298590738048,0.9978015874995209,0.9978181813128204,0.9981164477345298,0.9973797066616172,0.9974615832519071
2,6,1.9027949983147299,0.53336,5000,2.1404759265758373,0.382953181272509,833,2.139465992443097,0.4059,0.9987191018441002,0.08332654142198906,,,0.97,,0.9700176878243976,0.029982312175602432,0.9880999113440931,0.09987982286297734,5,0.001,0.1,0.9973371254482579,0.997083813316688,0.9977201280746376,0.9968631051438115,0.9982818028573351,0.9974298590738048,1.0,0.9970308489872732,0.9970092625248823,0.9976594756500604,0.9969650374370046,0.9968500542032317
2,7,1.8926271865322333,0.53264,5000,2.1459158703132912,0.40336134453781514,833,2.139465992443097,0.4059,0.9986375128755671,0.08332758852469568,,,0.97,,0.9700176878243976,0.029982312175602432,0.9880999113440931,0.09987982286297734,5,0.001,0.1,0.996610719730398,0.9976279057249583,0.9966956649085916,0.9971656108214165,0.9974540377872138,0.9978015874995209,0.9970308489872732,1.0,0.9973793530309607,0.9982369851442984,0.9959615250503993,0.9972844349002661
2,8,1.8971123557181875,0.5284,5000,2.1585911026707403,0.3793517406962785,833,2.139465992443097,0.4059,0.9989768682874225,0.08338117978484257,,,0.97,,0.9700176878243976,0.029982312175602432,0.9880999113440931,0.09987982286297734,5,0.001,0.1,0.9973186242216292,0.9978515994705335,0.9972586713829783,0.9972594497835651,0.9978536613878223,0.9978181813128204,0.9970092625248823,0.9973793530309607,1.0,0.9982130293091708,0.9975530286173656,0.9978015631905943
2,9,1.8934037741582106,0.5154,5000,2.1335426701439753,0.41536614645858344,833,2.139465992443097,0.4059,0.9990848113619366,0.08337010961894982,,,0.97,,0.9700176878243976,0.029982312175602432,0.9880999113440931,0.09987982286297734,5,0.001,0.1,0.9969340286575974,0.9980921229303477,0.9975527277761305,0.9967708436455452,0.9980387657496563,0.9981164477345298,0.9976594756500604,0.9982369851442984,0.9982130293091708,1.0,0.9972303595590283,0.9977655101572913
2,10,1.9033961933889207,0.50304,5000,2.140362677750764,0.42136854741896757,833,2.139465992443097,0.4059,0.9985873685765037,0.083265650816572,,,0.97,,0.9700176878243976,0.029982312175602432,0.9880999113440931,0.09987982286297734,5,0.001,0.1,0.9978996900378552,0.997361085512084,0.9967119755695473,0.9969153570028542,0.9968268389396084,0.9973797066616172,0.9969650374370046,0.9959615250503993,0.9975530286173656,0.9972303595590283,1.0,0.9978486417927752
2,11,1.9012277325247504,0.5232,5000,2.1447352921521223,0.4237695078031212,833,2.139465992443097,0.4059,0.9987654124072246,0.08332936150214247,,,0.97,,0.9700176878243976,0.029982312175602432,0.9880999113440931,0.09987982286297734,5,0.001,0.1,0.9976979879508441,0.9977533724968928,0.996666442553922,0.9969166461797059,0.9967377735350511,0.9974615832519071,0.9968500542032317,0.9972844349002661,0.9978015631905943,0.9977655101572913,0.9978486417927752,1.0
3,0,1.729708387137978,0.5664,5000,2.053523160793163,0.46882494004796166,834,2.055411961512825,0.4622,0.9989717983209838,0.0833429539433066,,,0.97,,0.9700176878243976,0.029982312175602432,0.9954237185217034,0.09989132100505017,5,0.001,0.1,1.0,0.9976397390095015,0.997562227870001,0.9979874683608985,0.9976479682546687,0.9978743425373877,0.9976487001559687,0.9972264705928693,0.9975897363096051,0.9975115993245,0.9979209798538817,0.9980252286337034
3,1,1.7191409361590246,0.56684,5000,2.0529223812950983,0.4628297362110312,834,2.055411961512825,0.4622,0.9989730720937278,0.08335049752720937,,,0.97,,0.9700176878243976,0.029982312175602432,0.9954237185217034,0.09989132100505017,5,0.001,0.1,0.9976397390095015,1.0,0.997263422447301,0.9974898972885193,0.9975095199648252,0.9978565300733356,0.9972353439336257,0.9981049543825409,0.9980547105642015,0.9982742998629827,0.9975161251536472,0.9977034598420235
3,2,1.7366780050241264,0.55796,5000,2.044820463215863,0.4904076738609113,834,2.055411961512825,0.4622,0.9988206601973861,0.08327089787165516,,,0.97,,0.9700176878243976,0.029982312175602432,0.9954237185217034,0.09989132100505017,5,0.001,0.1,0.997562227870001,0.997263422447301,1.0,0.9972457846355104,0.9979423648097157,0.9978983862437985,0.9978563920878674,0.9970400108148127,0.997562539157784,0.9980389371151128,0.9973583571544107,0.9970566560190387
3,3,1.7350867216754111,0.56528,5000,2.053739803808707,0.4856115107913669,834,2.055411961512825,0.4622,0.9987199599181673,0.08331161813332832,,,0.97,,0.9700176878243976,0.029982312175602432,0.9954237185217034,0.09989132100505017,5,0.001,0.1,0.9979874683608985,0.9974898972885193,0.9972457846355104,1.0,0.9974101880402437,0.9977767576064376,0.9972925320407201,0.9975379810315826,0.9975218489904712,0.9971219631200274,0.997130258651262,0.997101234904475
3,4,1.7295254204683244,0.59468,5000,2.0455085657261036,0.46338535414165666,833,2.055411961512825,0.4622,0.9990107698122518,0.08334550773499941,,,0.97,,0.9700176878243976,0.029982312175602432,0.9954237185217034,0.09989132100505017,5,0.001,0.1,0.9976479682546687,0.9975095199648252,0.9979423648097157,0.9974101880402437,1.0,0.9978203187744448,0.9983065900446462,0.9977648014808977,0.9979269356063989,0.9983317246714458,0.9973068684399639,0.997133615331656
3,5,1.7256580627647935,0.56348,5000,2.0552760230170355,0.4069627851140456,833,2.055411961512825,0.4622,0.9989829373583989,0.08337824880541081,,,0.97,,0.9700176878243976,0.029982312175602432,0.9954237185217034,0.09989132100505017,5,0.001,0.1,0.9978743425373877,0.9978565300733356,0.9978983862437985,0.9977767576064376,0.9978203187744448,1.0,0.9976243497042208,0.9978565642229998,0.997634799534761,0.9980453624033399,0.9971119767462214,0.9972664613455737
3,6,1.735004655267023,0.57584,5000,2.056650929980808,0.44417767106842737,833,2.055411961512825,0.4622,0.9988338083222412,0.0833266048261898,,,0.97,,0.9700176878243976,0.029982312175602432,0.9954237185217034,0.09989132100505017,5,0.001,0.1,0.9976487001559687,0.9972353439336257,0.9978563920878674,0.9972925320407201,0.9983065900446462,0.9976243497042208,1.0,0.9973517507688986,0.9971431736180828,0.9979219214956286,0.9974070255683416,0.9971931194983248
3,7,1.7230969228562276,0.57384,5000,2.0638372279979564,0.44537815126050423,833,2.055411961512825,0.4622,0.9988572524550484,0.08332800344952998,,,0.97,,0.9700176878243976,0.029982312175602432,0.9954237185217034,0.09989132100505017,5,0.001,0.1,0.9972264705928693,0.9981049543825409,0.9970400108148127,0.9975379810315826,0.9977648014808977,0.9978565642229998,0.9973517507688986,1.0,0.9975524714482062,0.9983652988375713,0.9966457901441651,0.9978136065903285
3,8,1.7288823525617076,0.5678,5000,2.0784360302819147,0.43337334933973587,833,2.055411961512825,0.4622,0.9990004766331704,0.08336548560830918,,,0.97,,0.9700176878243976,0.029982312175602432,0.9954237185217034,0.09989132100505017,5,0.001,0.1,0.9975897363096051,0.9980547105642015,0.997562539157784,0.9975218489904712,0.9979269356063989,0.997634799534761,0.9971431736180828,0.9975524714482062,1.0,0.9983420537749772,0.9977935792367035,0.9978547481797694
3,9,1.7237832699611688,0.5618,5000,2.0475435477715953,0.4837935174069628,833,2.055411961512825,0.4622,0.9992227849388883,0.08336587206616454,,,0.97,,0.9700176878243976,0.029982312175602432,0.9954237185217034,0.09989132100505017,5,0.001,0.1,0.9975115993245,0.9982742998629827,0.9980389371151128,0.9971219631200274,0.9983317246714458,0.9980453624033399,0.9979219214956286,0.9983652988375713,0.9983420537749772,1.0,0.9977889590974965,0.9978995806244471
3,10,1.7392962683537962,0.54524,5000,2.055795740198206,0.4921968787515006,833,2.055411961512825,0.4622,0.9987381567985124,0.0832861822399405,,,0.97,,0.9700176878243976,0.029982312175602432,0.9954237185217034,0.09989132100505017,5,0.001,0.1,0.9979209798538817,0.9975161251536472,0.9973583571544107,0.997130258651262,0.9973068684399639,0.9971119767462214,0.9974070255683416,0.9966457901441651,0.9977935792367035,0.9977889590974965,1.0,0.9978558221081112
3,11,1.7347441983071104,0.56444,5000,2.062341094017029,0.46938775510204084,833,2.055411961512825,0.4622,0.9988274189392108,0.08332812779395629,,,0.97,,0.9700176878243976,0.029982312175602432,0.9954237185217034,0.09989132100505017,5,0.001,0.1,0.9980252286337034,0.9977034598420235,0.9970566560190387,0.997101234904475,0.997133615331656,0.9972664613455737,0.9971931194983248,0.9978136065903285,0.9978547481797694,0.9978995806244471,0.9978558221081112,1.0
4,0,1.582426852101733,0.59852,5000,1.9555709582787972,0.5575539568345323,834,1.9578136811241174,0.5405,0.9988889967917485,0.08334025386419232,,,0.97,,0.9700176878243976,0.029982312175602432,0.9972987448258793,0.09988571857306318,5,0.001,0.1,1.0,0.9974054275082553,0.9975284124025735,0.9978673954323299,0.9976448783925792,0.997652443556515,0.9976152943358213,0.997035457113489,0.9974588046436664,0.9972972956545297,0.9977101567047603,0.9977559824890783
4,1,1.5681335695230278,0.59904,5000,1.9562541467172128,0.5611510791366906,834,1.9578136811241174,0.5405,0.9988595989669687,0.08334393066048291,,,0.97,,0.9700176878243976,0.029982312175602432,0.9972987448258793,0.09988571857306318,5,0.001,0.1,0.9974054275082553,1.0,0.9971585729667086,0.9973351968538053,0.9972952663773539,0.9974981788615869,0.9972404093494452,0.9979027690674751,0.9977293508522876,0.998061868714087,0.9975510788481348,0.9974400541001559
4,2,1.5888693594628838,0.58952,5000,1.9442200042583324,0.5671462829736211,834,1.9578136811241174,0.5405,0.9988170358309513,0.08329374857402495,,,0.97,,0.9700176878243976,0.029982312175602432,0.9972987448258793,0.09988571857306318,5,0.001,0.1,0.9975284124025735,0.9971585729667086,1.0,0.9974924678323196,0.9978357650375376,0.9978152083616463,0.9976200722687562,0.9970125136553851,0.9974646424675018,0.9978455420433551,0.9972183514199217,0.9971188936266601
4,3,1.5872313057541088,0.59044,5000,1.9559627771377563,0.5455635491606715,834,1.9578136811241174,0.5405,0.9987278974181849,0.08331584049272941,,,0.97,,0.9700176878243976,0.029982312175602432,0.9972987448258793,0.09988571857306318,5,0.001,0.1,0.9978673954323299,0.9973351968538053,0.9974924678323196,1.0,0.9976837219305669,0.9975867763070534,0.9973458676267899,0.9973694802167349,0.997272575466087,0.9968509229883582,0.9971197267376629,0.9971171240563853
4,4,1.580067451820252,0.6226,5000,1.9452779999485723,0.5378151260504201,833,1.9578136811241174,0.5405,0.9990108804727416,0.08334575325548005,,,0.97,,0.9700176878243976,0.029982312175602432,0.9972987448258793,0.09988571857306318,5,0.001,0.1,0.9976448783925792,0.9972952663773539,0.9978357650375376,0.9976837219305669,1.0,0.9976505267039258,0.9979932437803309,0.9977928633152068,0.9978216783000816,0.998003687239315,0.9973367141964479,0.9973736974577628
4,5,1.5762104601617073,0.59692,5000,1.9565459269064445,0.5078031212484994,833,1.9578136811241174,0.5405,0.9988337981755211,0.08336011438315925,,,0.97,,0.9700176878243976,0.029982312175602432,0.9972987448258793,0.09988571857306318,5,0.001,0.1,0.997652443556515,0.9974981788615869,0.9978152083616463,0.9975867763070534,0.9976505267039258,1.0,0.9974344975959535,0.9975734259442797,0.9973704434015179,0.9977114755084903,0.9969845139933519,0.9970309955129842
4,6,1.586456099665089,0.6106,5000,1.9592976835038927,0.5270108043217286,833,1.9578136811241174,0.5405,0.9987750154030383,0.08332655055737118,,,0.97,,0.9700176878243976,0.029982312175602432,0.9972987448258793,0.09988571857306318,5,0.001,0.1,0.9976152943358213,0.9972404093494452,0.9976200722687562,0.9973458676267899,0.9979932437803309,0.9974344975959535,1.0,0.99726367931152,0.9968129626432719,0.9975887919903921,0.9974172516535551,0.9972737189631103
4,7,1.5731582425202533,0.604,5000,1.9686748760717887,0.5210084033613446,833,1.9578136811241174,0.5405,0.9988249924011579,0.08332902103209158,,,0.97,,0.9700176878243976,0.029982312175602432,0.9972987448258793,0.09988571857306318,5,0.001,0.1,0.997035457113489,0.9979027690674751,0.9970125136553851,0.9973694802167349,0.9977928633152068,0.9975734259442797,0.99726367931152,1.0,0.9973840595219876,0.9983126635487186,0.9968453851563515,0.9977111223136302
4,8,1.5806070779539219,0.59748,5000,1.9850777475922197,0.5090036014405762,833,1.9578136811241174,0.5405,0.9988845554151686,0.08335392637173039,,,0.97,,0.9700176878243976,0.029982312175602432,0.9972987448258793,0.09988571857306318,5,0.001,0.1,0.9974588046436664,0.9977293508522876,0.9974646424675018,0.997272575466087,0.9978216783000816,0.9973704434015179,0.9968129626432719,0.9973840595219876,1.0,0.9980400970076887,0.997695997247854,0.9978665369777023
4,9,1.5754210377954374,0.60076,5000,1.948086835719921,0.5474189675870348,833,1.9578136811241174,0.5405,0.9990711999804809,0.08336018679451969,,,0.97,,0.9700176878243976,0.029982312175602432,0.9972987448258793,0.09988571857306318,5,0.001,0.1,0.9972972956545297,0.998061868714087,0.9978455420433551,0.9968509229883582,0.998003687239315,0.9977114755084903,0.9975887919903921,0.9983126635487186,0.9980400970076887,1.0,0.9976787709426538,0.9977632202639446
4,10,1.5941526875374423,0.5792,5000,1.9573692657329418,0.575030012004802,833,1.9578136811241174,0.5405,0.9987597771534383,0.08330127268658373,,,0.97,,0.9700176878243976,0.029982312175602432,0.9972987448258793,0.09988571857306318,5,0.001,0.1,0.9977101567047603,0.9975510788481348,0.9972183514199217,0.9971197267376629,0.9973367141964479,0.9969845139933519,0.9974172516535551,0.9968453851563515,0.997695997247854,0.9976787709426538,1.0,0.9978659842013969
4,11,1.5852870039119842,0.59352,5000,1.9664780740384702,0.5294117647058824,833,1.9578136811241174,0.5405,0.9988344138043409,0.08332940132763461,,,0.97,,0.9700176878243976,0.029982312175602432,0.9972987448258793,0.09988571857306318,5,0.001,0.1,0.9977559824890783,0.9974400541001559,0.9971188936266601,0.9971171240563853,0.9973736974577628,0.9970309955129842,0.9972737189631103,0.9977111223136302,0.9978665369777023,0.9977632202639446,0.9978659842013969,1.0
5,0,1.4550737401482405,0.62056,5000,1.8456264778419778,0.6067146282973621,834,1.8483939521228925,0.5797,0.9986897075277311,0.08333568056068837,,,0.97,,0.9700176878243976,0.029982312175602432,0.9978470305943262,0.09987480163411017,5,0.001,0.1,1.0,0.9971883233573422,0.9971270000287783,0.9976229072004579,0.9973058200683695,0.9975050760303362,0.9973944309929227,0.9966418682564953,0.9967113368116074,0.9970269574301288,0.9974022230716516,0.9973520313210517
5,1,1.4414068685215748,0.62316,5000,1.8479567412976865,0.5959232613908872,834,1.8483939521228925,0.5797,0.9988724896551452,0.08334383422881012,,,0.97,,0.9700176878243976,0.029982312175602432,0.9978470305943262,0.09987480163411017,5,0.001,0.1,0.9971883233573422,1.0,0.997219923955374,0.997262729847265,0.9974992648028187,0.9975219882949823,0.9971838407572227,0.9976034655849366,0.9975578299992064,0.9979963267390797,0.9971149698757015,0.9973191605787515
5,2,1.4615326713604533,0.6202,5000,1.8314587540096707,0.5995203836930456,834,1.8483939521228925,0.5797,0.9987808716506531,0.0833101057063984,,,0.97,,0.9700176878243976,0.029982312175602432,0.9978470305943262,0.09987480163411017,5,0.001,0.1,0.9971270000287783,0.997219923955374,1.0,0.9974044347627448,0.9976241748820405,0.9976076850852111,0.9974565892443862,0.9966748300954048,0.9972925268689684,0.9977296614983197,0.9970962346578738,0.9971384955063635
5,3,1.461092821731689,0.61172,5000,1.8465531358012446,0.580335731414868,834,1.8483939521228925,0.5797,0.9986165625410331,0.08331834961465205,,,0.97,,0.9700176878243976,0.029982312175602432,0.9978470305943262,0.09987480163411017,5,0.001,0.1,0.9976229072004579,0.997262729847265,0.9974044347627448,1.0,0.9973919075706978,0.9974822554192261,0.9971383729865776,0.9970652827098944,0.9967328597045351,0.9967529499566858,0.9967537815814008,0.996794472448606
5,4,1.4546160679713935,0.6412,5000,1.8327764493447762,0.5930372148859544,833,1.8483939521228925,0.5797,0.9989429745898601,0.08334722665424159,,,0.97,,0.9700176878243976,0.029982312175602432,0.9978470305943262,0.09987480163411017,5,0.001,0.1,0.9973058200683695,0.9974992648028187,0.9976241748820405,0.9973919075706978,1.0,0.997541218269151,0.9978292576495034,0.9973612926421972,0.997540698555152,0.9980679621829921,0.9972276981351722,0.996923484315734
5,5,1.4485248048594044,0.62064,5000,1.8461475548920807,0.553421368547419,833,1.8483939521228925,0.5797,0.9987700198974614,0.08335045101418191,,,0.97,,0.9700176878243976,0.029982312175602432,0.9978470305943262,0.09987480163411017,5,0.001,0.1,0.9975050760303362,0.9975219882949823,0.9976076850852111,0.9974822554192261,0.997541218269151,1.0,0.9971547238730731,0.9973395736462103,0.9970762249245219,0.9977186210858112,0.9965773242929759,0.996714708758373
5,6,1.4611760019496747,0.63436,5000,1.8503455718358357,0.56062424969988,833,1.8483939521228925,0.5797,0.9986767460527437,0.08332685937409255,,,0.97,,0.9700176878243976,0.029982312175602432,0.9978470305943262,0.09987480163411017,5,0.001,0.1,0.9973944309929227,0.9971838407572227,0.9974565892443862,0.9971383729865776,0.9978292576495034,0.9971547238730731,1.0,0.9968619756793918,0.9964482113727369,0.9974866564904689,0.9971853066912236,0.9969836119897552
5,7,1.445604220697075,0.62688,5000,1.862147295916522,0.5630252100840336,833,1.8483939521228925,0.5797,0.9985967764870538,0.08332579335616165,,,0.97,,0.9700176878243976,0.029982312175602432,0.9978470305943262,0.09987480163411017,5,0.001,0.1,0.9966418682564953,0.9976034655849366,0.9966748300954048,0.9970652827098944,0.9973612926421972,0.9973395736462103,0.9968619756793918,1.0,0.9969019832704036,0.9980131694347709,0.9963517500899002,0.9973483064872287
5,8,1.4539262108742053,0.6234,5000,1.8800421202624287,0.5438175270108043,833,1.8483939521228925,0.5797,0.9986748788432194,0.08334358596988532,,,0.97,,0.9700176878243976,0.029982312175602432,0.9978470305943262,0.09987480163411017,5,0.001,0.1,0.9967113368116074,0.9975578299992064,0.9972925268689684,0.9967328597045351,0.997540698555152,0.9970762249245219,0.9964482113727369,0.9969019832704036,1.0,0.9979656467241517,0.9974087379839169,0.9974632461167866
5,9,1.4480164057130267,0.62624,5000,1.8371631348574604,0.5846338535414166,833,1.8483939521228925,0.5797,0.9990791944502996,0.08336047362360077,,,0.97,,0.9700176878243976,0.029982312175602432,0.9978470305943262,0.09987480163411017,5,0.001,0.1,0.9970269574301288,0.9979963267390797,0.9977296614983197,0.9967529499566858,0.9980679621829921,0.9977186210858112,0.9974866564904689,0.9980131694347709,0.9979656467241517,1.0,0.9975349468009171,0.9976520110195761
5,10,1.47024327190059,0.60336,5000,1.8467928215309426,0.6074429771908764,833,1.8483939521228925,0.5797,0.998597422859028,0.08330879892321236,,,0.97,,0.9700176878243976,0.029982312175602432,0.9978470305943262,0.09987480163411017,5,0.001,0.1,0.9974022230716516,0.9971149698757015,0.9970962346578738,0.9967537815814008,0.9972276981351722,0.9965773242929759,0.9971853066912236,0.9963517500899002,0.9974087379839169,0.9975349468009171,1.0,0.9975199480962036
5,11,1.4576174691224555,0.62312,5000,1.8589491755874068,0.5678271308523409,833,1.8483939521228925,0.5797,0.998683981256782,0.08332884097407495,,,0.97,,0.9700176878243976,0.029982312175602432,0.9978470305943262,0.09987480163411017,5,0.001,0.1,0.9973520313210517,0.9973191605787515,0.9971384955063635,0.996794472448606,0.996923484315734,0.996714708758373,0.9969836119897552,0.9973483064872287,0.9974632461167866,0.9976520110195761,0.9975199480962036,1.0
6,0,1.349131497759728,0.63976,5000,1.727184944682651,0.6342925659472423,834,1.7303479186262185,0.6071,0.9985711004497285,0.08333522533257262,,,0.97,,0.9700176878243976,0.029982312175602432,0.9980339080860191,0.09985566082190903,5,0.001,0.1,1.0,0.9967207557453092,0.9968178089718136,0.9969207693014014,0.997131103639517,0.9971537608591309,0.9972260262102689,0.9964099567821365,0.9963852453761872,0.9967398707570182,0.9971030271766401,0.9969547460474315
6,1,1.3331390914643646,0.64116,5000,1.7312266959084406,0.6270983213429256,834,1.7303479186262185,0.6071,0.9986347467707084,0.08334227978946356,,,0.97,,0.9700176878243976,0.029982312175602432,0.9980339080860191,0.09985566082190903,5,0.001,0.1,0.9967207557453092,1.0,0.9966292292278793,0.9963314335534978,0.9971044005475581,0.9968824897600819,0.9969318022874947,0.9974009885175884,0.9970284819652107,0.9974818609484992,0.9968900726606481,0.9969234718287806
6,2,1.3530079165841364,0.63884,5000,1.7099999012770477,0.6151079136690647,834,1.7303479186262185,0.6071,0.9985747036254514,0.08331965795819304,,,0.97,,0.9700176878243976,0.029982312175602432,0.9980339080860191,0.09985566082190903,5,0.001,0.1,0.9968178089718136,0.9966292292278793,1.0,0.9967574539722802,0.9971636130461377,0.997160811062592,0.9969533267609789,0.9964605951908162,0.9967192798146303,0.9974458675223338,0.9968146123041258,0.9966842133738022
6,3,1.354852505094686,0.6274,5000,1.7288441172352544,0.6127098321342925,834,1.7303479186262185,0.6071,0.9982519979182188,0.08331429782072527,,,0.97,,0.9700176878243976,0.029982312175602432,0.9980339080860191,0.09985566082190903,5,0.001,0.1,0.9969207693014014,0.9963314335534978,0.9967574539722802,1.0,0.996909493656148,0.9970121384141731,0.9966294872384643,0.996633716617481,0.9958979217407972,0.996330263241602,0.9963501446031785,0.9959671738820057
6,4,1.3479090903215347,0.6558,5000,1.710947279576902,0.6194477791116446,833,1.7303479186262185,0.6071,0.9987800492888917,0.08334904997744984,,,0.97,,0.9700176878243976,0.029982312175602432,0.9980339080860191,0.09985566082190903,5,0.001,0.1,0.997131103639517,0.9971044005475581,0.9971636130461377,0.996909493656148,1.0,0.9970001628334978,0.9973375467404019,0.997222137172092,0.9969299293910432,0.9977132099961704,0.9970303906599044,0.9965241853937735
6,5,1.3393265305810673,0.63492,5000,1.7273588842815824,0.5858343337334934,833,1.7303479186262185,0.6071,0.9985398761409517,0.08334327545179446,,,0.97,,0.9700176878243976,0.029982312175602432,0.9980339080860191,0.09985566082190903,5,0.001,0.1,0.9971537608591309,0.9968824897600819,0.997160811062592,0.9970121384141731,0.9970001628334978,1.0,0.9967964161119244,0.9968913154447522,0.9965099702636055,0.9972649192808825,0.9963549484281075,0.9961611571031201
6,6,1.3539709841369822,0.64876,5000,1.7330725678691157,0.5942376950780313,833,1.7303479186262185,0.6071,0.9985286087888118,0.08332844431257302,,,0.97,,0.9700176878243976,0.029982312175602432,0.9980339080860191,0.09985566082190903,5,0.001,0.1,0.9972260262102689,0.9969318022874947,0.9969533267609789,0.9966294872384643,0.9973375467404019,0.9967964161119244,1.0,0.9967523631649654,0.995842244965616,0.9969607639865433,0.9969663330355412,0.99665785706292
6,7,1.3355509272046908,0.64468,5000,1.7474694384468927,0.5870348139255702,833,1.7303479186262185,0.6071,0.9985344203914132,0.08332797815742499,,,0.97,,0.9700176878243976,0.029982312175602432,0.9980339080860191,0.09985566082190903,5,0.001,0.1,0.9964099567821365,0.9974009885175884,0.9964605951908162,0.996633716617481,0.997222137172092,0.9968913154447522,0.9967523631649654,1.0,0.9962082843333372,0.997801986122011,0.9962733346486758,0.997068495686301
6,8,1.3464669296695928,0.63876,5000,1.7660672708793923,0.5570228091236494,833,1.7303479186262185,0.6071,0.9983395934412216,0.0833326011496164,,,0.97,,0.9700176878243976,0.029982312175602432,0.9980339080860191,0.09985566082190903,5,0.001,0.1,0.9963852453761872,0.9970284819652107,0.9967192798146303,0.9958979217407972,0.9969299293910432,0.9965099702636055,0.995842244965616,0.9962082843333372,1.0,0.9974825726057207,0.997014318578439,0.9967699154197779
6,9,1.3384643758178516,0.64596,5000,1.7181767534326624,0.6206482593037215,833,1.7303479186262185,0.6071,0.9989194922738781,0.08336167429982651,,,0.97,,0.9700176878243976,0.029982312175602432,0.9980339080860191,0.09985566082190903,5,0.001,0.1,0.9967398707570182,0.9974818609484992,0.9974458675223338,0.996330263241602,0.9977132099961704,0.9972649192808825,0.9969607639865433,0.997801986122011,0.9974825726057207,1.0,0.9972352243915982,0.9972801115696455
6,10,1.3632267667229767,0.62408,5000,1.7271549304326375,0.6302521008403361,833,1.7303479186262185,0.6071,0.9985485936738122,0.08331801385174235,,,0.97,,0.9700176878243976,0.029982312175602432,0.9980339080860191,0.09985566082190903,5,0.001,0.1,0.9971030271766401,0.9968900726606481,0.9968146123041258,0.9963501446031785,0.9970303906599044,0.9963549484281075,0.9969663330355412,0.9962733346486758,0.997014318578439,0.9972352243915982,1.0,0.9972617089180559
6,11,1.3477054378029647,0.64004,5000,1.7428051056685272,0.6014405762304922,833,1.7303479186262185,0.6071,0.9984617598744874,0.08332750189861785,,,0.97,,0.9700176878243976,0.029982312175602432,0.9980339080860191,0.09985566082190903,5,0.001,0.1,0.9969547460474315,0.9969234718287806,0.9966842133738022,0.9959671738820057,0.9965241853937735,0.9961611571031201,0.99665785706292,0.997068495686301,0.9967699154197779,0.9972801115696455,0.9972617089180559,1.0
7,0,1.2555926666897572,0.65508,5000,1.603810601764255,0.6438848920863309,834,1.6075053942470123,0.6256,0.9983808038868195,0.08333699607594476,,,0.97,,0.9700176878243976,0.029982312175602432,0.9981302344910435,0.09983031018283403,5,0.001,0.1,1.0,0.9962825016350472,0.9962490989587186,0.9967152985083574,0.9967573081202975,0.996874382230417,0.9966741016978539,0.9959050767544887,0.9958311968535477,0.9961237095571795,0.9963122030719654,0.9965173050150333
7,1,1.2395783440322632,0.65728,5000,1.609692723662765,0.6462829736211031,834,1.6075053942470123,0.6256,0.9984308857037514,0.08334293922123506,,,0.97,,0.9700176878243976,0.029982312175602432,0.9981302344910435,0.09983031018283403,5,0.001,0.1,0.9962825016350472,1.0,0.9961706537757161,0.9961006012412645,0.9967422886918872,0.9964877174530258,0.9962273349131956,0.9968817256684015,0.9964422000074168,0.9971268998983346,0.9961590602253851,0.9962203944447018
