round,client_id,client_i_training_loss,client_i_training_accuracy,client_i_training_dataset_size,client_i_evaluation_loss,client_i_evaluation_accuracy,client_i_evaluation_dataset_size,client_i_central_evaluation_loss,client_i_central_evaluation_accuracy,client_i_cosine_similarity,client_i_importance_coefficient,client_i_tanh_val,tanh_normalization_value,client_i_q,client_i_mask_order,client_i_v_nonzero_fraction,client_i_v_sparsity,client_i_v_cosine_similarity,client_i_reward_gradient_norm,local_epochs,learning_rate,gamma,client_0_cosine_similarity,client_1_cosine_similarity,client_2_cosine_similarity,client_3_cosine_similarity,client_4_cosine_similarity,client_5_cosine_similarity,client_6_cosine_similarity,client_7_cosine_similarity,client_8_cosine_similarity,client_9_cosine_similarity,client_10_cosine_similarity,client_11_cosine_similarity
0,0,0.3395064214102117,0.89452,5000,2.2107710043589273,0.4028776978417266,834,2.2013141788994544,0.4446,0.7898438672184153,0.0834236570796687,,,0.8079322809867808,,0.8079463882335224,0.19205361176647762,0,0.3943629040098107,5,0.1,0.5,1.0,0.5753858363805208,0.5897675120228247,0.6017869796048635,0.5893837985802262,0.5733357044968974,0.5936063143609573,0.5862463452049633,0.5879913812804227,0.5972276698256511,0.5867295847096268,0.5966734508811405
0,1,0.34626121881186583,0.89168,5000,2.1927206781175403,0.4832134292565947,834,2.2018314832315657,0.4443,0.7827621786257277,0.08267568601194121,,,0.6756904694876641,,0.6757090507504643,0.3242909492495357,0,0.39368271323945186,5,0.1,0.5,0.5753858363805208,1.0,0.5822912934048563,0.5922173645709943,0.5870469242058347,0.5710291025992127,0.593632922062654,0.5769811357818455,0.5843658797470326,0.5892158702807722,0.5786680068906903,0.5802517798250598
0,2,0.348876041924925,0.89156,5000,2.1999663335305675,0.4448441247002398,834,2.201278320135781,0.4447,0.7913262241620905,0.08358022427284618,,,0.835613470995946,,0.835635761256965,0.16436423874303496,0,0.3944166207686422,5,0.1,0.5,0.5897675120228247,0.5822912934048563,1.0,0.6088866178608799,0.584699152178832,0.5884572898847715,0.5893942699440389,0.5803230384556368,0.5867964909031319,0.5850156092075788,0.5998444142255185,0.5966936440249277
0,3,0.3303257245677197,0.89356,5000,2.2003565982536033,0.4364508393285372,834,2.201228614051502,0.4449,0.7985227646315411,0.08434032604637477,,,0.9699999998231993,,0.9700015059484965,0.029998494051503455,0,0.39449399919722244,5,0.1,0.5,0.6017869796048635,0.5922173645709943,0.6088866178608799,1.0,0.6059800776366137,0.5814330650586098,0.5913666126097477,0.5812992935226159,0.6098255118447534,0.5997669516699372,0.5848743365457466,0.6028683912136835
0,4,0.34316620715199764,0.8922,5000,2.209288473482485,0.4429771908763505,833,2.201297293836697,0.4445,0.7901095770602976,0.08345172147017912,,,0.8128940849921054,,0.8129059786155314,0.18709402138446862,0,0.3943740515071006,5,0.1,0.5,0.5893837985802262,0.5870469242058347,0.584699152178832,0.6059800776366137,1.0,0.5796839977775111,0.5839018731022135,0.5742494322528456,0.5945816061489771,0.6047426022380145,0.5867592363168558,0.5896215816242294
0,5,0.33324024021791615,0.89692,5000,2.1944243643018932,0.4525810324129652,833,2.2029903970968228,0.4447,0.7760313213129761,0.08196476989849637,,,0.55,,0.5500125495708047,0.4499874504291953,0,0.39174953288232606,5,0.1,0.5,0.5733357044968974,0.5710291025992127,0.5884572898847715,0.5814330650586098,0.5796839977775111,1.0,0.5805105043349237,0.5603567432659927,0.585131981561052,0.5793418774157518,0.5728154054225841,0.5752635905045298
0,6,0.34293980187718653,0.89316,5000,2.1997547414567737,0.42857142857142855,833,2.2013253053537194,0.4448,0.7895957238294761,0.08339744806565388,,,0.8032985088524451,,0.8033130866924351,0.19668691330756494,0,0.3943519445265594,5,0.1,0.5,0.5936063143609573,0.593632922062654,0.5893942699440389,0.5913666126097477,0.5839018731022135,0.5805105043349237,1.0,0.5811518202330144,0.5954520506673225,0.5880857530042322,0.5926929766591514,0.5859900922513241
0,7,0.3439606186429596,0.89396,5000,2.1995716006667525,0.4369747899159664,833,2.2020260533585714,0.4442,0.7807791762315642,0.08246624042581362,,,0.638660342367696,,0.6386727573916972,0.36132724260830285,0,0.39328938957581255,5,0.1,0.5,0.5862463452049633,0.5769811357818455,0.5803230384556368,0.5812992935226159,0.5742494322528456,0.5603567432659927,0.5811518202330144,1.0,0.5888622104089986,0.5850584413363678,0.586156333637492,0.5916265185146509
0,8,0.3303898836136054,0.89708,5000,2.1998385323418512,0.4669867947178872,833,2.20124156101824,0.4447,0.7947811567265675,0.08394513577175715,,,0.9001300809758725,,0.900155614677978,0.099844385322022,0,0.39447877736346393,5,0.1,0.5,0.5879913812804227,0.5843658797470326,0.5867964909031319,0.6098255118447534,0.5945816061489771,0.585131981561052,0.5954520506673225,0.5888622104089986,1.0,0.5987887103043377,0.5983734958859254,0.5947108478603391
0,9,0.37083201273967314,0.886,5000,2.213336803294994,0.4369747899159664,833,2.201260154620527,0.4447,0.7938355572902327,0.08384526114287723,,,0.8824721762576989,,0.8824807991566689,0.11751920084333112,0,0.39446820520826054,5,0.1,0.5,0.5972276698256511,0.5892158702807722,0.5850156092075788,0.5997669516699372,0.6047426022380145,0.5793418774157518,0.5880857530042322,0.5850584413363678,0.5987887103043377,1.0,0.5992301890683734,0.5894536793791594
0,10,0.3602213118154152,0.88916,5000,2.201430082321167,0.45018007202881155,833,2.2013445334693493,0.4449,0.7892401115915992,0.08335988814448814,,,0.7966578883404601,,0.7966718538225993,0.2033281461774007,0,0.39433516308917355,5,0.1,0.5,0.5867295847096268,0.5786680068906903,0.5998444142255185,0.5848743365457466,0.5867592363168558,0.5728154054225841,0.5926929766591514,0.586156333637492,0.5983734958859254,0.5992301890683734,1.0,0.5862743195507696
0,11,0.3396639643189539,0.89308,5000,2.202277731012415,0.4561824729891957,833,2.2012849836684643,0.4444,0.7910366722265436,0.08354964166990353,,,0.8302064452592653,,0.8302294061543095,0.1697705938456905,0,0.3944076120959539,5,0.1,0.5,0.5966734508811405,0.5802517798250598,0.5966936440249277,0.6028683912136835,0.5896215816242294,0.5752635905045298,0.5859900922513241,0.5916265185146509,0.5947108478603391,0.5894536793791594,0.5862743195507696,1.0
1,0,0.29294324900100754,0.90936,5000,2.050285639586272,0.7086330935251799,834,2.043852043989748,0.7256,0.8169935543807563,0.08349778668793258,,,0.8124043925897129,,0.8124240750966317,0.18757592490336827,0.9614133599981417,0.4068526777996654,5,0.1,0.5,1.0,0.6379065023453656,0.6276609364162259,0.6314028672777596,0.6305228077873315,0.6339229651402128,0.6383475763311265,0.6261703935930855,0.6347268598159334,0.6386448629166207,0.6333371677038759,0.6471358625804707
1,1,0.30562100354463434,0.90504,5000,2.034998072518243,0.7685851318944844,834,2.0457716384253946,0.7243,0.8124609793572332,0.08284622274769744,,,0.6328299670250171,,0.6328447367100045,0.3671552632899955,0.958711345551237,0.40552741809964965,5,0.1,0.5,0.6379065023453656,1.0,0.6314669251300685,0.6360007128243284,0.6237954206137517,0.6407320172475762,0.6300791804076012,0.6224322458662416,0.6389619282531153,0.6280753799175377,0.6179608306304486,0.6314457963750275
1,2,0.31310679216448006,0.90304,5000,2.0411830875608654,0.7206235011990407,834,2.0438283125813395,0.7257,0.8124598308887162,0.08344359589823158,,,0.7974691278665891,,0.7974800461824205,0.20251995381757948,0.96145106845815,0.4068107208868313,5,0.1,0.5,0.6276609364162259,0.6314669251300685,1.0,0.6355489573800909,0.6288943148076468,0.6348519332787679,0.6379687949599044,0.6257848752230568,0.6388393270687398,0.6242717685660686,0.6215309504443658,0.6280003517688441
1,3,0.2891937740479305,0.91088,5000,2.045340657234192,0.7266187050359713,834,2.043682380606191,0.7258,0.8160267145316104,0.08406960316138373,,,0.9699999997243948,,0.9700015059484965,0.029998494051503455,0.9618580138591482,0.40699192473572726,5,0.1,0.5,0.6314028672777596,0.6360007128243284,0.6355489573800909,1.0,0.6369003851300608,0.6443198959819239,0.6354702244753847,0.6254163449552763,0.6452893340840494,0.6237455243607334,0.6233928448166451,0.6289751587041378
1,4,0.3105589844025434,0.90344,5000,2.053205825664379,0.7118847539015606,833,2.0439523599399165,0.7255,0.8123094113439789,0.0833534959341311,,,0.7726371070968333,,0.7726519753024447,0.22734802469755533,0.9612478491758822,0.4067220095998048,5,0.1,0.5,0.6305228077873315,0.6237954206137517,0.6288943148076468,0.6369003851300608,1.0,0.6362977496972186,0.6429570934060068,0.6259426154810281,0.6362117776730745,0.6341011834269119,0.6178273920637755,0.6203928104427849
1,5,0.2956774702900724,0.9096,5000,2.0415506186308683,0.723889555822329,833,2.048389770733282,0.7232,0.818286315530257,0.08257918513416251,,,0.5592330057852699,,0.5592440138547262,0.4407559861452738,0.9555008023800662,0.4041200684669721,5,0.1,0.5,0.6339229651402128,0.6407320172475762,0.6348519332787679,0.6443198959819239,0.6362977496972186,1.0,0.6437142790652479,0.6345452416774832,0.6407974899309982,0.6325131713516684,0.6204704630451287,0.6365941211271304
1,6,0.3025689446017336,0.90752,5000,2.0427781299308494,0.7178871548619448,833,2.0438533651943023,0.726,0.8201922840315964,0.08359166816459142,,,0.8382786179743973,,0.8382962702675568,0.16170372973244318,0.9614755944967571,0.406907433093484,5,0.1,0.5,0.6383475763311265,0.6300791804076012,0.6379687949599044,0.6354702244753847,0.6429570934060068,0.6437142790652479,1.0,0.6284906191794166,0.645723447638205,0.6385951538765446,0.6369728353091338,0.6327993988308858
1,7,0.2993526884443631,0.909,5000,2.0444088335390442,0.7034813925570228,833,2.047088413192822,0.724,0.8077946319626396,0.08254568429677575,,,0.55,,0.5500125495708047,0.4499874504291953,0.956205916561825,0.40388002988939004,5,0.1,0.5,0.6261703935930855,0.6224322458662416,0.6257848752230568,0.6254163449552763,0.6259426154810281,0.6345452416774832,0.6284906191794166,1.0,0.6305276424021442,0.6312739894022199,0.6193013895702447,0.6244545526834436
1,8,0.290436940973589,0.90768,5000,2.0453739254562944,0.751500600240096,833,2.0436921226330838,0.7261,0.8208445692274243,0.0839760692219623,,,0.9442215574178023,,0.9442297073440088,0.055770292655991205,0.9618347241994987,0.4069894996715058,5,0.1,0.5,0.6347268598159334,0.6389619282531153,0.6388393270687398,0.6452893340840494,0.6362117776730745,0.6407974899309982,0.645723447638205,0.6305276424021442,1.0,0.6433585857990427,0.6278333109477839,0.6328012354504688
1,9,0.3268213760036572,0.90088,5000,2.0536928795002125,0.7022809123649459,833,2.043778699426986,0.7261,0.813493623865995,0.08365457849347144,,,0.855617033244338,,0.8556347572913007,0.14436524270869933,0.9617305489465355,0.4069340696868323,5,0.1,0.5,0.6386448629166207,0.6280753799175377,0.6242717685660686,0.6237455243607334,0.6341011834269119,0.6325131713516684,0.6385951538765446,0.6312739894022199,0.6433585857990427,1.0,0.6182056641210304,0.6310116491115467
1,10,0.3132451604992436,0.90436,5000,2.0448696127644292,0.7226890756302521,833,2.0445889984837735,0.7254,0.804477851284691,0.08302060945888269,,,0.6808918555879515,,0.6809045730636012,0.3190954269363988,0.9599894557768235,0.40610359417482406,5,0.1,0.5,0.6333371677038759,0.6179608306304486,0.6215309504443658,0.6233928448166451,0.6178273920637755,0.6204704630451287,0.6369728353091338,0.6193013895702447,0.6278333109477839,0.6182056641210304,1.0,0.6209039388216696
1,11,0.30049783867683,0.90632,5000,2.044327660843178,0.7394957983193278,833,2.043839958148262,0.7257,0.8124052742144154,0.08342150080077733,,,0.7913796035879564,,0.7913960142563125,0.20860398574368755,0.9614123576799951,0.40679125861818743,5,0.1,0.5,0.6471358625804707,0.6314457963750275,0.6280003517688441,0.6289751587041378,0.6203928104427849,0.6365941211271304,0.6327993988308858,0.6244545526834436,0.6328012354504688,0.6310116491115467,0.6209039388216696,1.0
2,0,0.27010018900007154,0.9198,5000,1.849483640105636,0.8489208633093526,834,1.8470982972044534,0.8606,0.8114809513393793,0.08336024211757084,,,0.7482221418998034,,0.7482355303448622,0.25176446965513777,0.9677830123729338,0.4064943276155835,5,0.1,0.5,1.0,0.6297506972714754,0.6294829196544431,0.6346518878242327,0.6271069521039389,0.6317849875673873,0.6290518851364831,0.6298522169570451,0.6273730543291908,0.6311960369488308,0.6169813327453406,0.6369704400666958
2,1,0.2679849415323489,0.91744,5000,1.83807607933327,0.8932853717026379,834,1.8503093570946885,0.8603,0.8154519263164218,0.08306792666558657,,,0.6446077302692599,,0.6446212539531148,0.35537874604688524,0.9658819873191464,0.4055182347593577,5,0.1,0.5,0.6297506972714754,1.0,0.6340814211843375,0.6315826571423664,0.6309406039067933,0.6327978416849314,0.6323739281675244,0.6341138286848587,0.6413398813229956,0.6351499679651459,0.6267512225980183,0.6369690920290773
2,2,0.2741803984857716,0.9166,5000,1.8429663887730352,0.8669064748201439,834,1.8472001484026923,0.8608,0.8111967956181745,0.08331457077897184,,,0.7320334360165096,,0.7320516038351489,0.2679483961648511,0.9675700311471496,0.4063936609377531,5,0.1,0.5,0.6294829196544431,0.6340814211843375,1.0,0.6342020328334544,0.6243720692115724,0.6302820889374836,0.6255823415000773,0.6284325484854677,0.6320926035936307,0.6321109338206462,0.6206085428140332,0.6304150540883123
2,3,0.2650123364950536,0.91872,5000,1.8516976877495095,0.8561151079136691,834,1.8464953503288781,0.8613,0.8172523711778323,0.08393856185282993,,,0.953213902329991,,0.9532252396968024,0.046774760303197604,0.9687630413335686,0.4069186571480924,5,0.1,0.5,0.6346518878242327,0.6315826571423664,0.6342020328334544,1.0,0.633489722187759,0.6353904841841849,0.6351270206943876,0.6397878901326804,0.6421204469476166,0.6320531380573828,0.6227507804733838,0.6369188945372882
2,4,0.27903844423497176,0.91396,5000,1.8568236253879689,0.851140456182473,833,1.8473515445812823,0.8607,0.8128708766315111,0.0833132560903333,,,0.7315674302380442,,0.7315847598012148,0.26841524019878515,0.9675516781112512,0.40639038628721047,5,0.1,0.5,0.6271069521039389,0.6309406039067933,0.6243720692115724,0.633489722187759,1.0,0.6353974727821551,0.6330832774596293,0.6307234648208717,0.6371204370328474,0.6374819072569332,0.6220427556737571,0.6266464538016463
2,5,0.25941296829278493,0.92148,5000,1.8515531266177143,0.8571428571428571,833,1.8555825495491394,0.8605,0.8128478306897181,0.08280102073040185,,,0.55,,0.5500125495708047,0.4499874504291953,0.9633875897751433,0.40361214501819764,5,0.1,0.5,0.6317849875673873,0.6327978416849314,0.6302820889374836,0.6353904841841849,0.6353974727821551,1.0,0.6276084426227044,0.6304292811788322,0.6349686413700424,0.6274771048272174,0.619729498741728,0.6357300573620698
2,6,0.27852546635505027,0.91664,5000,1.8461502216480397,0.8571428571428571,833,1.8467972465216542,0.8614,0.8145938605166998,0.08353046602646617,,,0.8085598696727097,,0.8085788866020782,0.19142111339792178,0.9682910390239078,0.40675011048835086,5,0.1,0.5,0.6290518851364831,0.6323739281675244,0.6255823415000773,0.6351270206943876,0.6330832774596293,0.6276084426227044,1.0,0.6374639770069251,0.6409761312687146,0.6346076233320037,0.6268605429057966,0.6314241483984022
2,7,0.27065965681437665,0.9194,5000,1.8517555793126423,0.8523409363745498,833,1.8537942612894809,0.8607,0.8139294226225888,0.08281649303664902,,,0.5554843283086324,,0.5554992219266102,0.44450077807338984,0.9631412609554717,0.4037622791021562,5,0.1,0.5,0.6298522169570451,0.6341138286848587,0.6284325484854677,0.6397878901326804,0.6307234648208717,0.6304292811788322,0.6374639770069251,1.0,0.6371576666785023,0.6247580392819057,0.6291708760697798,0.6303979790623169
2,8,0.25981596455476275,0.92108,5000,1.8525575046186094,0.865546218487395,833,1.8464981473672886,0.8613,0.8203917775484778,0.0839859185433388,,,0.9699999996455391,,0.9700015059484965,0.029998494051503455,0.968762655385301,0.40691999297898407,5,0.1,0.5,0.6273730543291908,0.6413398813229956,0.6320926035936307,0.6421204469476166,0.6371204370328474,0.6349686413700424,0.6409761312687146,0.6371576666785023,1.0,0.6457195926608575,0.6308019863356579,0.6394672666536874
2,9,0.2964591539447095,0.9108,5000,1.8524063384091412,0.8475390156062425,833,1.846702732598058,0.8617,0.8151702270743846,0.08359205485201572,,,0.8303907030378779,,0.8304101199738969,0.1695898800261031,0.9684115590711414,0.40680521401088593,5,0.1,0.5,0.6311960369488308,0.6351499679651459,0.6321109338206462,0.6320531380573828,0.6374819072569332,0.6274771048272174,0.6346076233320037,0.6247580392819057,0.6457195926608575,1.0,0.6243591558226084,0.6344578297475966
2,10,0.28692204334957017,0.91476,5000,1.8503008595219366,0.8595438175270108,833,1.8505522085074038,0.8599,0.8052134832402278,0.08282718756949953,,,0.5592751225394768,,0.559289192309623,0.44071080769037696,0.9634634977464801,0.40386423307523467,5,0.1,0.5,0.6169813327453406,0.6267512225980183,0.6206085428140332,0.6227507804733838,0.6220427556737571,0.619729498741728,0.6268605429057966,0.6291708760697798,0.6308019863356579,0.6243591558226084,1.0,0.6251345132962691
2,11,0.26983935021718214,0.91812,5000,1.8465865144023188,0.879951980792317,833,1.846909089972036,0.8606,0.8155785681718026,0.0834523017363365,,,0.7808536814526588,,0.7808694342653482,0.21913056573465184,0.9680208511914841,0.40665306782589394,5,0.1,0.5,0.6369704400666958,0.6369690920290773,0.6304150540883123,0.6369188945372882,0.6266464538016463,0.6357300573620698,0.6314241483984022,0.6303979790623169,0.6394672666536874,0.6344578297475966,0.6251345132962691,1.0
3,0,0.23882456254080578,0.92964,5000,1.6158936597682811,0.9052757793764988,834,1.617150205392807,0.9095,0.8107909687976409,0.08346109907001775,,,0.8216530631363648,,0.8216756186938406,0.17832438130615935,0.9704681478655829,0.40367949559706734,5,0.1,0.5,1.0,0.6219274790072046,0.621574712466292,0.628518819774343,0.62555898759432,0.6244789599555999,0.6173271414480391,0.6227297972151791,0.623152193804422,0.625184194865944,0.6142980758772407,0.6330251757609419
3,1,0.24987469762682346,0.92284,5000,1.607812276592961,0.9256594724220624,834,1.6209690913605614,0.9086,0.8090882047781764,0.08320817667405428,,,0.7447453512470918,,0.7447567893178053,0.2552432106821947,0.9684520206424536,0.4033466707339459,5,0.1,0.5,0.6219274790072046,1.0,0.6205949231772122,0.6265158980347577,0.6234624838286252,0.6211640983218677,0.6176327456611271,0.6300249787780411,0.6264111384086827,0.6276511244180748,0.6099209142956545,0.6172930304896183
3,2,0.24913824253128308,0.9258,5000,1.6107287451072976,0.9124700239808153,834,1.617330232367348,0.9094,0.8098486308474482,0.08339801123103038,,,0.8024695451008244,,0.8024848150193263,0.19751518498067366,0.9702325498149149,0.4036215618118725,5,0.1,0.5,0.621574712466292,0.6205949231772122,1.0,0.6326363990679769,0.622193972190832,0.6160781807381884,0.6138192700655133,0.6302579373166324,0.6287773745293486,0.6198455731531579,0.6204683211504285,0.6225946171433564
3,3,0.2364508336635342,0.92888,5000,1.6256884777987446,0.9040767386091128,834,1.616427898026122,0.9099,0.8138004206547846,0.08394895993217036,,,0.9699999996959237,,0.9700015059484965,0.029998494051503455,0.9714312240805102,0.40382296927707173,5,0.1,0.5,0.628518819774343,0.6265158980347577,0.6326363990679769,1.0,0.6306562717590698,0.6254407736880926,0.6215637284514953,0.6285204098385848,0.6314358358120513,0.6241719733122082,0.6107236433404142,0.6241602408345083
3,4,0.24791525251760035,0.92672,5000,1.6267714412124068,0.9063625450180072,833,1.6174913256313093,0.9096,0.8086364834036064,0.08335489321297007,,,0.7893583767616715,,0.7893680036142764,0.2106319963857236,0.9702419600230989,0.4035739150993252,5,0.1,0.5,0.62555898759432,0.6234624838286252,0.622193972190832,0.6306562717590698,1.0,0.6193991223050834,0.6197596925845009,0.6183493531766616,0.6226245196422273,0.6296289318556999,0.6080622041703447,0.6173093714865101
3,5,0.237699221157629,0.92944,5000,1.6270811955134075,0.8967587034813925,833,1.6281356244041516,0.9069,0.8055087969593957,0.0829066734678086,,,0.6530653652525589,,0.6530796646754681,0.3469203353245319,0.965114813504931,0.40245977131047245,5,0.1,0.5,0.6244789599555999,0.6211640983218677,0.6160781807381884,0.6254407736880926,0.6193991223050834,1.0,0.6089252983084866,0.6249949990158516,0.6246414513370633,0.6213769623109708,0.6032673553186744,0.6193385801062904
3,6,0.2496419095665596,0.9256,5000,1.6171223631611578,0.907563025210084,833,1.6169328746704248,0.9097,0.8013062923207191,0.08324325084548191,,,0.7554105762882972,,0.7554289443301039,0.24457105566989612,0.9705229142450624,0.4034100501112929,5,0.1,0.5,0.6173271414480391,0.6176327456611271,0.6138192700655133,0.6215637284514953,0.6197596925845009,0.6089252983084866,1.0,0.6208541854618033,0.618505335906196,0.6148333237815578,0.6029215381252688,0.6088849528490062
3,7,0.24694924776555058,0.92672,5000,1.6241271495819092,0.9027611044417767,833,1.625234588647422,0.9076,0.8115314071141864,0.08312682765227537,,,0.7200090399148606,,0.7200341348325887,0.2799658651674113,0.9645883157157588,0.40317303670918575,5,0.1,0.5,0.6227297972151791,0.6300249787780411,0.6302579373166324,0.6285204098385848,0.6183493531766616,0.6249949990158516,0.6208541854618033,1.0,0.6280454613491605,0.6196842745272849,0.6195024655727769,0.6244929843843037
3,8,0.23631579138480935,0.93012,5000,1.6265524095959134,0.9171668667466987,833,1.6164259202183244,0.9099,0.8127056444484003,0.08394216355851525,,,0.9679333833926582,,0.9679433763365293,0.03205662366347073,0.971429459577426,0.4038228534613832,5,0.1,0.5,0.623152193804422,0.6264111384086827,0.6287773745293486,0.6314358358120513,0.6226245196422273,0.6246414513370633,0.618505335906196,0.6280454613491605,1.0,0.6291295601440541,0.6181949157819696,0.6226363921011782
3,9,0.2714703420046598,0.919,5000,1.6167896412037037,0.9051620648259304,833,1.616728369420329,0.9097,0.807609554058945,0.0835037256796529,,,0.834614805809047,,0.8346267757642689,0.1653732242357311,0.971060812873504,0.4037115531499468,5,0.1,0.5,0.625184194865944,0.6276511244180748,0.6198455731531579,0.6241719733122082,0.6296289318556999,0.6213769623109708,0.6148333237815578,0.6196842745272849,0.6291295601440541,1.0,0.6002409176005813,0.6140649825907393
3,10,0.2632970465115823,0.92244,5000,1.6215889233129996,0.9135654261704682,833,1.624116535384815,0.9078,0.7952867196573321,0.08256772775638166,,,0.55,,0.5500125495708047,0.4499874504291953,0.9660012887881083,0.40034779910769186,5,0.1,0.5,0.6142980758772407,0.6099209142956545,0.6204683211504285,0.6107236433404142,0.6080622041703447,0.6032673553186744,0.6029215381252688,0.6195024655727769,0.6181949157819696,0.6002409176005813,1.0,0.6025037948554467
3,11,0.24375607813026307,0.92644,5000,1.6160659834190652,0.9135654261704682,833,1.617021894302612,0.9097,0.8055240074812526,0.08333849091964146,,,0.784370827735676,,0.7843782942623362,0.21562170573766382,0.9706301694070106,0.4035534838753301,5,0.1,0.5,0.6330251757609419,0.6172930304896183,0.6225946171433564,0.6241602408345083,0.6173093714865101,0.6193385801062904,0.6088849528490062,0.6244929843843037,0.6226363921011782,0.6140649825907393,0.6025037948554467,1.0
4,0,0.22491909335219082,0.93436,5000,1.3645410670174494,0.9292565947242206,834,1.3699737429237975,0.9306,0.7984297075037491,0.0834365829691814,,,0.8224933509229098,,0.8225038903669495,0.17749610963305051,0.9703669729968265,0.398806922753443,5,0.1,0.5,1.0,0.6030352737642696,0.6055966352164883,0.6077001750810171,0.6116848860352218,0.6038397878175172,0.6086194776702373,0.595577503541072,0.6059981297149099,0.5999589589051082,0.5934930481377774,0.6087466332789779
4,1,0.2214212422858283,0.93384,5000,1.3594809373219807,0.9412470023980816,834,1.3742651303355304,0.9296,0.7974336652364792,0.08323355264334516,,,0.7670617241728566,,0.7670799658651674,0.23292003413483264,0.9695758207575701,0.39858318522843916,5,0.1,0.5,0.6030352737642696,1.0,0.6062532543973056,0.6021665070421861,0.6042277187830248,0.6082051114540683,0.6109017585404708,0.5990230987853096,0.6094994616401379,0.6010465580772404,0.5907079744946958,0.6008742074577332
4,2,0.22193695854715956,0.93196,5000,1.3599573771158855,0.934052757793765,834,1.3700987645231497,0.9306,0.8003546085202087,0.08346199801909282,,,0.8294322037997961,,0.8294412931077757,0.1705587068922243,0.970298925837416,0.39882582894951185,5,0.1,0.5,0.6055966352164883,0.6062532543973056,1.0,0.6133036627401783,0.6089758631138212,0.6004618338287045,0.6087772541729787,0.6082018773136566,0.6133854187483464,0.5957104228226012,0.6001317987232152,0.6021765027233065
4,3,0.21719002558220962,0.93276,5000,1.3824986660922016,0.9220623501199041,834,1.3689465522766113,0.9308,0.8017210474243807,0.08387615419456163,,,0.9425057086580468,,0.9425229657145726,0.057477034285427386,0.97092012216758,0.39895702268736655,5,0.1,0.5,0.6077001750810171,0.6021665070421861,0.6133036627401783,1.0,0.6105152537656302,0.6106930437918576,0.6115252500654352,0.6090740191364253,0.6166517831061842,0.5967796553143344,0.596805098313072,0.5982785879963107
4,4,0.23049237722898744,0.93008,5000,1.3774451282289293,0.9315726290516206,833,1.3702755496143915,0.9306,0.8008723603580857,0.08345144712703555,,,0.8265515843258826,,0.8265749711359871,0.1734250288640129,0.9702106517703573,0.39881871427978477,5,0.1,0.5,0.6116848860352218,0.6042277187830248,0.6089758631138212,0.6105152537656302,1.0,0.60596624245805,0.6120236269272176,0.6022068849439086,0.6043148229888329,0.6105310901922507,0.5913705520482655,0.6062977115069287
4,5,0.21774685186850037,0.93456,5000,1.384933802816603,0.9207683073229291,833,1.3824676507578109,0.9285,0.7970306346573623,0.0830189728841097,,,0.7084768547792564,,0.7084935495206064,0.2915064504793936,0.9680966156024112,0.3981590926839902,5,0.1,0.5,0.6038397878175172,0.6082051114540683,0.6004618338287045,0.6106930437918576,0.60596624245805,1.0,0.6018665525349916,0.6044813627083575,0.6106784982615452,0.6011443472422094,0.5871546060514086,0.5989102704663677
4,6,0.22739388805155636,0.93232,5000,1.3697233155921653,0.9315726290516206,833,1.3697478123747122,0.9307,0.8010344962250726,0.08338288799695716,,,0.8078334736536925,,0.8078510114954068,0.19214898850459317,0.9698147234548926,0.39876145302334276,5,0.1,0.5,0.6086194776702373,0.6109017585404708,0.6087772541729787,0.6115252500654352,0.6120236269272176,0.6018665525349916,1.0,0.6075489762271707,0.6119032706836944,0.6021784119456637,0.5955423571126741,0.5993000024498562
4,7,0.22795627068425678,0.93232,5000,1.3790229161580403,0.9255702280912365,833,1.3789502180422457,0.9291,0.7981950195557678,0.08320610626336783,,,0.759568274688022,,0.7595803423522915,0.24041965764770845,0.9693146628138262,0.3985409762515911,5,0.1,0.5,0.595577503541072,0.5990230987853096,0.6082018773136566,0.6090740191364253,0.6022068849439086,0.6044813627083575,0.6075489762271707,1.0,0.6119411548651106,0.5971628554163803,0.6008002835524244,0.6076234623477522
4,8,0.21630865551655887,0.9344,5000,1.384833468331231,0.9279711884753902,833,1.3689424058499808,0.9306,0.8047277775199653,0.0839768579841064,,,0.9699999997269786,,0.9700015059484965,0.029998494051503455,0.9709263942597718,0.39896019664134824,5,0.1,0.5,0.6059981297149099,0.6094994616401379,0.6133854187483464,0.6166517831061842,0.6043148229888329,0.6106784982615452,0.6119032706836944,0.6119411548651106,1.0,0.6088596681661567,0.603169219286238,0.6059684120546872
4,9,0.24721920365930364,0.92544,5000,1.3632909810101543,0.929171668667467,833,1.3697099083909592,0.9309,0.7929384159446653,0.08327275426728815,,,0.7777646069932135,,0.7777772200190753,0.22222277998092466,0.9700717001617535,0.3986378609129669,5,0.1,0.5,0.5999589589051082,0.6010465580772404,0.5957104228226012,0.5967796553143344,0.6105310901922507,0.6011443472422094,0.6021784119456637,0.5971628554163803,0.6088596681661567,1.0,0.5852987037511143,0.5927694205263477
4,10,0.24089934416233924,0.9288,5000,1.375408199098375,0.9339735894357744,833,1.380782756180809,0.9292,0.7868841475688174,0.08243851711635065,,,0.55,,0.5500125495708047,0.4499874504291953,0.9652147579183601,0.39534729904974314,5,0.1,0.5,0.5934930481377774,0.5907079744946958,0.6001317987232152,0.596805098313072,0.5913705520482655,0.5871546060514086,0.5955423571126741,0.6008002835524244,0.603169219286238,0.5852987037511143,1.0,0.5936218390369166
4,11,0.23257418571479002,0.92824,5000,1.3700776320916634,0.9339735894357744,833,1.3700613019565424,0.9307,0.7952610424201558,0.08324416853460362,,,0.769960089820621,,0.7699663671502435,0.23003363284975653,0.9698848180675129,0.39859761484967565,5,0.1,0.5,0.6087466332789779,0.6008742074577332,0.6021765027233065,0.5982785879963107,0.6062977115069287,0.5989102704663677,0.5993000024498562,0.6076234623477522,0.6059684120546872,0.5927694205263477,0.5936218390369166,1.0
5,0,0.21470880160333625,0.9356,5000,1.1118350139370672,0.9388489208633094,834,1.121226959716017,0.9409,0.7806715574549825,0.08323230664276589,,,0.7964726663964552,,0.7964811003463682,0.2035188996536318,0.9691144974390771,0.39251375672746264,5,0.1,0.5,1.0,0.5724130236866188,0.581972597250316,0.579973033719795,0.581737719781061,0.5783270553437806,0.583318000562782,0.5727999512493529,0.5778961254120487,0.5809625551446268,0.5665080052364024,0.5822094933368718
5,1,0.2060920788615847,0.93836,5000,1.1095531384150188,0.947242206235012,834,1.1255223815814375,0.9411,0.7858399817414994,0.08327842094932268,,,0.8087905759514642,,0.8088047788765624,0.19119522112343756,0.9687882736267011,0.3925600897380063,5,0.1,0.5,0.5724130236866188,1.0,0.5866458009208786,0.579511635823129,0.5811578003418766,0.5878303052182698,0.5943150738318702,0.578003432436787,0.5844649253361167,0.5854507143167397,0.569617054329023,0.5884948964516974
5,2,0.2126713914695866,0.93496,5000,1.1083363780268916,0.9520383693045563,834,1.1213703486866082,0.9413,0.7878724076972125,0.08350261268919046,,,0.868675973366478,,0.8686913307564881,0.13130866924351192,0.969331433477727,0.392700024110012,5,0.1,0.5,0.581972597250316,0.5866458009208786,1.0,0.5913359291245269,0.5845219288850364,0.5847682446050723,0.5879881081870623,0.5874895207959153,0.5820219850694945,0.5769928597046403,0.5790383128305618,0.5831755905061212
5,3,0.20264377153425175,0.9402,5000,1.1363853878445096,0.9316546762589928,834,1.120178697017816,0.941,0.7884495895089012,0.08379973965014303,,,0.9480435992649816,,0.9480598363535967,0.0519401636464033,0.9697391990945347,0.3927564783881233,5,0.1,0.5,0.579973033719795,0.579511635823129,0.5913359291245269,1.0,0.5936990416200882,0.5882291456254137,0.5864194218804556,0.5847272137022925,0.5891916047250223,0.5814044358107389,0.570134589189324,0.5845789099391691
5,4,0.21180139016953242,0.93508,5000,1.1274142618532534,0.9399759903961584,833,1.1215014166344468,0.9412,0.7854959096154138,0.08341195767293284,,,0.844460488534371,,0.8444706591034586,0.15552934089654136,0.9692761776173558,0.3926572599029564,5,0.1,0.5,0.581737719781061,0.5811578003418766,0.5845219288850364,0.5936990416200882,1.0,0.5836267401333326,0.5935596208846803,0.5723399647704427,0.580178318302353,0.5924990637461267,0.5644892624262048,0.5756013372952631
5,5,0.1999606936914953,0.93892,5000,1.1392353464055944,0.9327731092436975,833,1.133942660432273,0.9399,0.7849362643699037,0.083103203820925,,,0.7619871238073241,,0.7619998996034336,0.23800010039656638,0.9680096558640764,0.3923493757955439,5,0.1,0.5,0.5783270553437806,0.5878303052182698,0.5847682446050723,0.5882291456254137,0.5836267401333326,1.0,0.5872706657239882,0.5867776798146599,0.5828927890377666,0.5785073402766902,0.5648675155102184,0.5772467598818171
5,6,0.21069750318950292,0.937,5000,1.1210466490851507,0.9423769507803121,833,1.1209984435060154,0.9411,0.7932391229910681,0.08363853109378748,,,0.9049820731367362,,0.904994729180262,0.09500527081973797,0.9692069516270825,0.39273791903540345,5,0.1,0.5,0.583318000562782,0.5943150738318702,0.5879881081870623,0.5864194218804556,0.5935596208846803,0.5872706657239882,1.0,0.5879759936106882,0.5937134534144205,0.5939945659069548,0.5794887497058007,0.5888562064349335
5,7,0.2096789443485771,0.9378,5000,1.131404338059602,0.9375750300120048,833,1.130315428724685,0.9408,0.7854590868898884,0.08324667627431823,,,0.8003110375011473,,0.8003313086692435,0.1996686913307565,0.9687052828380447,0.39252923935416884,5,0.1,0.5,0.5727999512493529,0.578003432436787,0.5874895207959153,0.5847272137022925,0.5723399647704427,0.5867776798146599,0.5879759936106882,1.0,0.5836758395987823,0.5840867168883083,0.5800404113047304,0.5866280631897374
5,8,0.20030010149867578,0.9394,5000,1.141435197106114,0.9351740696278511,833,1.1201722709515605,0.941,0.7888727751524711,0.08388193737838084,,,0.9699999997328832,,0.9700015059484965,0.029998494051503455,0.9697496306464632,0.3927593237490352,5,0.1,0.5,0.5778961254120487,0.5844649253361167,0.5820219850694945,0.5891916047250223,0.580178318302353,0.5828927890377666,0.5937134534144205,0.5836758395987823,1.0,0.5893140143516966,0.5840783791969409,0.5854425212037762
5,9,0.2297934118065105,0.92996,5000,1.107813870465314,0.9447779111644657,833,1.1209866341691428,0.9411,0.7862886381551671,0.08332040662101013,,,0.8200056574536736,,0.8200291150042669,0.1799708849957331,0.9688701444510351,0.39259628494486865,5,0.1,0.5,0.5809625551446268,0.5854507143167397,0.5769928597046403,0.5814044358107389,0.5924990637461267,0.5785073402766902,0.5939945659069548,0.5840867168883083,0.5893140143516966,1.0,0.5662476426331204,0.582348883146604
5,10,0.22394519167459884,0.93328,5000,1.127964214042381,0.9411764705882353,833,1.1353775531339187,0.9397,0.7734056645067234,0.08230959195280012,,,0.55,,0.5500125495708047,0.4499874504291953,0.9636613363548169,0.389081284639907,5,0.1,0.5,0.5665080052364024,0.569617054329023,0.5790383128305618,0.570134589189324,0.5644892624262048,0.5648675155102184,0.5794887497058007,0.5800404113047304,0.5840783791969409,0.5662476426331204,1.0,0.570290549312629
5,11,0.20945574451048093,0.9354,5000,1.1218875160923711,0.9459783913565426,833,1.121348298014924,0.9408,0.7855300988918659,0.08327461525442344,,,0.8077740106149537,,0.8077857537272225,0.1922142462727775,0.9688186098390676,0.3925565768747453,5,0.1,0.5,0.5822094933368718,0.5884948964516974,0.5831755905061212,0.5845789099391691,0.5756013372952631,0.5772467598818171,0.5888562064349335,0.5866280631897374,0.5854425212037762,0.582348883146604,0.570290549312629,1.0
6,0,0.19266120382246507,0.94296,5000,0.878029774736475,0.9460431654676259,834,0.890029531317397,0.9486,0.7673167100842858,0.08314398936824133,,,0.7618916362754257,,0.761904522865318,0.23809547713468204,0.9664742655419141,0.3849658570722899,5,0.1,0.5,1.0,0.5632405445458903,0.5585539614871805,0.5573753653092096,0.5585703077410923,0.5509872236300116,0.5526036874800829,0.544865705055834,0.5510161292458153,0.5592236439622507,0.5418309410581661,0.5591611049053539
6,1,0.19304910804601802,0.94284,5000,0.8761281856784114,0.960431654676259,834,0.8939454566937285,0.9486,0.779498335463625,0.08360622943159358,,,0.8691519370533152,,0.8691682144470659,0.13083178555293407,0.9670559235946279,0.38532071852689087,5,0.1,0.5,0.5632405445458903,1.0,0.5597133821697357,0.5673712634306748,0.5586828782530407,0.5601808826665395,0.5653153798527802,0.5680609482079785,0.5774519005584612,0.5700147883397215,0.5567327357710752,0.5630503100324351
6,2,0.1945596796834165,0.94012,5000,0.8742261551044606,0.9532374100719424,834,0.8901293232037236,0.9483,0.7694761889695342,0.08340223943910054,,,0.8218171651778412,,0.8218312333718187,0.17816876662818126,0.9671161659258782,0.385218710300148,5,0.1,0.5,0.5585539614871805,0.5597133821697357,1.0,0.5602332403368117,0.5513751713959255,0.5583864742349951,0.5597935464956113,0.5599098407675619,0.561836702194435,0.5513972975325904,0.5462132995930049,0.5485293152205719
6,3,0.1877716508121556,0.94296,5000,0.9068189351646988,0.9412470023980816,834,0.8889652250673824,0.9486,0.7726613322476222,0.08371483707610917,,,0.8943537521730115,,0.8943627327945384,0.10563726720546163,0.9674723043162158,0.3853504252501861,5,0.1,0.5,0.5573753653092096,0.5673712634306748,0.5602332403368117,1.0,0.5609888003106023,0.5614832747745696,0.5591855844961524,0.5583695354863407,0.566160984228666,0.5557302917470608,0.5470555609876606,0.549867510469292
6,4,0.1957067480026062,0.93992,5000,0.8947537254404139,0.9471788715486195,833,0.8902896305623527,0.9484,0.7660539370230895,0.08322011950354796,,,0.7795572214521658,,0.7795692987299835,0.22043070127001652,0.966721359796388,0.38505859233698864,5,0.1,0.5,0.5585703077410923,0.5586828782530407,0.5513751713959255,0.5609888003106023,1.0,0.5513957569301663,0.5585788086988026,0.5460538685687016,0.5583065749217538,0.5598918913458651,0.5358847993547046,0.5449093688467355
6,5,0.18445123302139294,0.9438,5000,0.9086146001462583,0.9411764705882353,833,0.9020515996427201,0.9468,0.7686438672061543,0.08310413668603393,,,0.752644037420903,,0.7526579990964309,0.24734200090356906,0.9662533113173661,0.38491117143860903,5,0.1,0.5,0.5509872236300116,0.5601808826665395,0.5583864742349951,0.5614832747745696,0.5513957569301663,1.0,0.5523134766673516,0.5605160949363461,0.5626019456930348,0.5568432584071913,0.5413488932433482,0.5542555022533122
6,6,0.19452583648725622,0.94176,5000,0.8897329789620859,0.9459783913565426,833,0.8896897349494715,0.9484,0.7744544751333272,0.08366988603861812,,,0.8839231076144192,,0.8839315295416896,0.11606847045831037,0.9674168791001759,0.38533969746318636,5,0.1,0.5,0.5526036874800829,0.5653153798527802,0.5597935464956113,0.5591855844961524,0.5585788086988026,0.5523134766673516,1.0,0.5543593753534266,0.5766652147396205,0.5696315216278399,0.5544935903838738,0.558315951274634
6,7,0.1916563404617226,0.94436,5000,0.9009213072282297,0.9447779111644657,833,0.898611473580138,0.9476,0.7704924175095273,0.08326607285178143,,,0.7902204467847502,,0.7902364339139601,0.20976356608603985,0.9667228629321644,0.38510615554285277,5,0.1,0.5,0.544865705055834,0.5680609482079785,0.5599098407675619,0.5583695354863407,0.5460538685687016,0.5605160949363461,0.5543593753534266,1.0,0.567113884426662,0.5592064737322954,0.5561531627102752,0.5522055491228728
6,8,0.18381503905662022,0.94404,5000,0.9160835301434552,0.9447779111644657,833,0.8889203566712693,0.9486,0.7803086989467317,0.084040835847575,,,0.9699999997679554,,0.9700015059484965,0.029998494051503455,0.9675638297082073,0.38538186097651106,5,0.1,0.5,0.5510161292458153,0.5774519005584612,0.561836702194435,0.566160984228666,0.5583065749217538,0.5626019456930348,0.5766652147396205,0.567113884426662,1.0,0.5788735764352451,0.5533088884515535,0.5608240926020471
6,9,0.219223159469759,0.93508,5000,0.8715467585457696,0.9519807923169268,833,0.8897708749618775,0.9484,0.7748763729743859,0.0834708532670722,,,0.8377386319853473,,0.8377541288087947,0.16224587119120526,0.9670475593755389,0.38526105483406586,5,0.1,0.5,0.5592236439622507,0.5700147883397215,0.5513972975325904,0.5557302917470608,0.5598918913458651,0.5568432584071913,0.5696315216278399,0.5592064737322954,0.5788735764352451,1.0,0.5520586795619307,0.5539461543091193
6,10,0.21435340538763317,0.93704,5000,0.8970230221748352,0.9531812725090036,833,0.9061949698688885,0.9467,0.7590527432588877,0.0822308388114609,,,0.55,,0.5500125495708047,0.4499874504291953,0.9608942991383744,0.3817023624236613,5,0.1,0.5,0.5418309410581661,0.5567327357710752,0.5462132995930049,0.5470555609876606,0.5358847993547046,0.5413488932433482,0.5544935903838738,0.5561531627102752,0.5533088884515535,0.5520586795619307,1.0,0.5410354159250514
6,11,0.1958759896074582,0.9408,5000,0.8922597147800304,0.9507803121248499,833,0.8901425474367964,0.9486,0.7661165789437522,0.08312996167886577,,,0.758636587003562,,0.7586516741127454,0.24134832588725463,0.9664976461313308,0.38494766617662646,5,0.1,0.5,0.5591611049053539,0.5630503100324351,0.5485293152205719,0.549867510469292,0.5449093688467355,0.5542555022533122,0.558315951274634,0.5522055491228728,0.5608240926020471,0.5539461543091193,0.5410354159250514,1.0
