round,client_id,client_i_training_loss,client_i_training_accuracy,client_i_training_dataset_size,client_i_evaluation_loss,client_i_evaluation_accuracy,client_i_evaluation_dataset_size,client_i_central_evaluation_loss,client_i_central_evaluation_accuracy,client_i_cosine_similarity,client_i_importance_coefficient,client_i_tanh_val,tanh_normalization_value,client_i_q,client_i_mask_order,client_i_v_nonzero_fraction,client_i_v_sparsity,client_i_v_cosine_similarity,client_i_reward_gradient_norm,local_epochs,learning_rate,gamma,client_0_cosine_similarity,client_1_cosine_similarity,client_2_cosine_similarity,client_3_cosine_similarity,client_4_cosine_similarity,client_5_cosine_similarity,client_6_cosine_similarity,client_7_cosine_similarity,client_8_cosine_similarity,client_9_cosine_similarity,client_10_cosine_similarity,client_11_cosine_similarity
0,0,2.121126497171487,0.33716,5000,2.2492331398857965,0.2290167865707434,834,2.2462995059954856,0.2493,0.9979612376322393,0.08336948570090301,,,1.0,,1.0,0.0,0,0.09975285028289196,5,0.001,0.1,1.0,0.9910775734037605,0.9963834915509538,0.9956827948356459,0.994696843147309,0.9963126978316839,0.9951899284187004,0.9968957369127444,0.9944030627474244,0.9947660378799232,0.9962129813053107,0.9943159471780538
0,1,2.1263452774400164,0.3342,5000,2.2489768310829445,0.2517985611510791,834,2.2462995059954856,0.2493,0.9950084459327398,0.08312281006252527,,,1.0,,1.0,0.0,0,0.09975285028289196,5,0.001,0.1,0.9910775734037605,1.0,0.9915115550836895,0.9909742308397408,0.9921131832272138,0.9931667044399529,0.9908485000447046,0.9908250045923761,0.9936481429191967,0.990049609466093,0.9931903827023328,0.9931862822088637
0,2,2.119818064361621,0.32724,5000,2.2528848824677645,0.23501199040767387,834,2.2462995059954856,0.2493,0.9979938384260443,0.0833722091648117,,,1.0,,1.0,0.0,0,0.09975285028289196,5,0.001,0.1,0.9963834915509538,0.9915115550836895,1.0,0.9958904815974873,0.995220612229564,0.9960532221018865,0.9932340008586339,0.9963967697077325,0.9960172816373593,0.9951329628410572,0.9961651552631129,0.994321804702575
0,3,2.112759542161492,0.35772,5000,2.245161913059376,0.26258992805755393,834,2.2462995059954856,0.2493,0.9975331824588388,0.08333372605582633,,,1.0,,1.0,0.0,0,0.09975285028289196,5,0.001,0.1,0.9956827948356459,0.9909742308397408,0.9958904815974873,1.0,0.9941869035627614,0.9952579134695041,0.9935646650996313,0.9959366097184243,0.9952535313073196,0.9946630516536179,0.9957522507759413,0.9936506947759939
0,4,2.117096190391832,0.36568,5000,2.248954340263649,0.24009603841536614,833,2.2462995059954856,0.2493,0.9978960427694478,0.08336403933487563,,,1.0,,1.0,0.0,0,0.09975285028289196,5,0.001,0.1,0.994696843147309,0.9921131832272138,0.995220612229564,0.9941869035627614,1.0,0.995666724757108,0.9950061063238074,0.9936284553345477,0.9963622551543637,0.9972827340208713,0.9940270140591024,0.9969658583986803
0,5,2.1196238906520186,0.33,5000,2.245308487503617,0.2533013205282113,833,2.2462995059954856,0.2493,0.998132405591496,0.08338378503858626,,,1.0,,1.0,0.0,0,0.09975285028289196,5,0.001,0.1,0.9963126978316839,0.9931667044399529,0.9960532221018865,0.9952579134695041,0.995666724757108,1.0,0.9959075677133065,0.9947069705972407,0.995003891141011,0.9957385281491976,0.9946074086638366,0.9955644052734274
0,6,2.1119272405174887,0.33196,5000,2.246120956208971,0.2533013205282113,833,2.2462995059954856,0.2493,0.9972539110054167,0.08331039577348191,,,1.0,,1.0,0.0,0,0.09975285028289196,5,0.001,0.1,0.9951899284187004,0.9908485000447046,0.9932340008586339,0.9935646650996313,0.9950061063238074,0.9959075677133065,1.0,0.9941840466957887,0.9942284504691993,0.9961378165094084,0.99391159306956,0.9952574786174473
0,7,2.1108535239650945,0.34104,5000,2.2508942815992565,0.2533013205282113,833,2.2462995059954856,0.2493,0.9975653176777337,0.08333641062569852,,,1.0,,1.0,0.0,0,0.09975285028289196,5,0.001,0.1,0.9968957369127444,0.9908250045923761,0.9963967697077325,0.9959366097184243,0.9936284553345477,0.9947069705972407,0.9941840466957887,1.0,0.9946903475990221,0.9934032624557166,0.9971564008589786,0.9933741936670495
0,8,2.1173880434339973,0.3906,5000,2.245427440713953,0.25090036014405764,833,2.2462995059954856,0.2493,0.9979493303954527,0.08336849097268154,,,1.0,,1.0,0.0,0,0.09975285028289196,5,0.001,0.1,0.9944030627474244,0.9936481429191967,0.9960172816373593,0.9952535313073196,0.9963622551543637,0.995003891141011,0.9942284504691993,0.9946903475990221,1.0,0.9957947353886423,0.9952649945415861,0.9951278679830075
0,9,2.1189937145087367,0.35672,5000,2.2478621624134205,0.25210084033613445,833,2.2462995059954856,0.2493,0.9976852597366734,0.08334643056173474,,,1.0,,1.0,0.0,0,0.09975285028289196,5,0.001,0.1,0.9947660378799232,0.990049609466093,0.9951329628410572,0.9946630516536179,0.9972827340208713,0.9957385281491976,0.9961378165094084,0.9934032624557166,0.9957947353886423,1.0,0.9933736113510809,0.996291195138517
0,10,2.108468915094995,0.35044,5000,2.243515032309073,0.23289315726290516,833,2.2462995059954856,0.2493,0.9977484879742875,0.08335171263628122,,,1.0,,1.0,0.0,0,0.09975285028289196,5,0.001,0.1,0.9962129813053107,0.9931903827023328,0.9961651552631129,0.9957522507759413,0.9940270140591024,0.9946074086638366,0.99391159306956,0.9971564008589786,0.9952649945415861,0.9933736113510809,1.0,0.9937286159571695
0,11,2.121003986467981,0.33268,5000,2.2398546978279397,0.2773109243697479,833,2.2462995059954856,0.2493,0.9976143176361197,0.083340504072594,,,1.0,,1.0,0.0,0,0.09975285028289196,5,0.001,0.1,0.9943159471780538,0.9931862822088637,0.994321804702575,0.9936506947759939,0.9969658583986803,0.9955644052734274,0.9952574786174473,0.9933741936670495,0.9951278679830075,0.996291195138517,0.9937286159571695,1.0
1,0,1.9008299949062857,0.46024,5000,2.180923232325801,0.3537170263788969,834,2.1793579522032327,0.3695,0.9987525652266146,0.0833558694572309,,,1.0,,1.0,0.0,0.9772252103489356,0.09987413843264023,5,0.001,0.1,1.0,0.9957029587847013,0.9977100925501131,0.9969167843182186,0.9973657774983123,0.9974283534455366,0.9975198865250948,0.9979420377276301,0.9970291846639086,0.9975769669992326,0.997565509579815,0.9971833313809224
1,1,1.908404934330351,0.46108,5000,2.183989957526878,0.36211031175059955,834,2.1793579522032327,0.3695,0.9978862550536387,0.08317664834155548,,,1.0,,1.0,0.0,0.9772252103489356,0.09987413843264023,5,0.001,0.1,0.9957029587847013,1.0,0.9960935516369879,0.9957070610440961,0.9965867378636666,0.9967324397808758,0.9966529253215517,0.9957710526551676,0.9967342500989322,0.9964685945389707,0.9961478067162045,0.9969755256637125
1,2,1.9013648742323468,0.45052,5000,2.187675714492798,0.35611510791366907,834,2.1793579522032327,0.3695,0.9989941609704585,0.08336533670138231,,,1.0,,1.0,0.0,0.9772252103489356,0.09987413843264023,5,0.001,0.1,0.9977100925501131,0.9960935516369879,1.0,0.9978268005294612,0.9976934823924272,0.9979119339139598,0.9971588842528394,0.9977510464097468,0.9977255863987611,0.9981547011848567,0.9975597138989666,0.9972506030468014
1,3,1.8879298709760046,0.46944,5000,2.1784750090705023,0.37290167865707435,834,2.1793579522032327,0.3695,0.9985537284303003,0.0833275243530661,,,1.0,,1.0,0.0,0.9772252103489356,0.09987413843264023,5,0.001,0.1,0.9969167843182186,0.9957070610440961,0.9978268005294612,1.0,0.9971118465959328,0.9971239903123837,0.9967358072560509,0.9976640506084395,0.9973604703063733,0.9974021187762071,0.9972394861649951,0.9964708010665638
1,4,1.8949715670506666,0.48456,5000,2.182360878697148,0.3589435774309724,833,2.1793579522032327,0.3695,0.9989740752801926,0.0833596787037112,,,1.0,,1.0,0.0,0.9772252103489356,0.09987413843264023,5,0.001,0.1,0.9973657774983123,0.9965867378636666,0.9976934823924272,0.9971118465959328,1.0,0.9979057427567513,0.9976158194435806,0.997135071386657,0.997782165461388,0.998578561859494,0.9968980871881428,0.9979241530800486
1,5,1.899802809763866,0.45892,5000,2.178937938478258,0.3793517406962785,833,2.1793579522032327,0.3695,0.9989158284377165,0.08336990696288457,,,1.0,,1.0,0.0,0.9772252103489356,0.09987413843264023,5,0.001,0.1,0.9974283534455366,0.9967324397808758,0.9979119339139598,0.9971239903123837,0.9979057427567513,1.0,0.9978365033262658,0.9969134796360439,0.9974365449061867,0.9983246380602516,0.9964991578419109,0.9977866764568518
1,6,1.8870553218635024,0.46612,5000,2.1800058947669134,0.3673469387755102,833,2.1793579522032327,0.3695,0.9988255516436731,0.08332199094216489,,,1.0,,1.0,0.0,0.9772252103489356,0.09987413843264023,5,0.001,0.1,0.9975198865250948,0.9966529253215517,0.9971588842528394,0.9967358072560509,0.9976158194435806,0.9978365033262658,1.0,0.9971575452934363,0.9974249802422602,0.9983171701811252,0.996920489844705,0.9974795458968904
1,7,1.8900692232095513,0.46272,5000,2.186053435007731,0.3445378151260504,833,2.1793579522032327,0.3695,0.9986796449748667,0.08333323434100959,,,1.0,,1.0,0.0,0.9772252103489356,0.09987413843264023,5,0.001,0.1,0.9979420377276301,0.9957710526551676,0.9977510464097468,0.9976640506084395,0.997135071386657,0.9969134796360439,0.9971575452934363,1.0,0.99757032202054,0.9970757198470711,0.9976485542094143,0.9964392210706845
1,8,1.894946982906123,0.49612,5000,2.178449171560782,0.38535414165666265,833,2.1793579522032327,0.3695,0.9988855556837293,0.08335955159409031,,,1.0,,1.0,0.0,0.9772252103489356,0.09987413843264023,5,0.001,0.1,0.9970291846639086,0.9967342500989322,0.9977255863987611,0.9973604703063733,0.997782165461388,0.9974365449061867,0.9974249802422602,0.99757032202054,1.0,0.9979849231926281,0.9971752782779888,0.9973135262691313
1,9,1.8974859299933076,0.47252,5000,2.182892357861554,0.39255702280912363,833,2.1793579522032327,0.3695,0.9991958695762503,0.08335603911104382,,,1.0,,1.0,0.0,0.9772252103489356,0.09987413843264023,5,0.001,0.1,0.9975769669992326,0.9964685945389707,0.9981547011848567,0.9974021187762071,0.998578561859494,0.9983246380602516,0.9983171701811252,0.9970757198470711,0.9979849231926281,1.0,0.9971351005720005,0.9982366028456999
1,10,1.883221500238795,0.46928,5000,2.174763079042788,0.368547418967587,833,2.1793579522032327,0.3695,0.9985208021303065,0.08333749110418552,,,1.0,,1.0,0.0,0.9772252103489356,0.09987413843264023,5,0.001,0.1,0.997565509579815,0.9961478067162045,0.9975597138989666,0.9972394861649951,0.9968980871881428,0.9964991578419109,0.996920489844705,0.9976485542094143,0.9971752782779888,0.9971351005720005,1.0,0.9963764117455429
1,11,1.9015854051917982,0.46204,5000,2.1714102780377424,0.39255702280912363,833,2.1793579522032327,0.3695,0.9987101321500155,0.08333672838767536,,,1.0,,1.0,0.0,0.9772252103489356,0.09987413843264023,5,0.001,0.1,0.9971833313809224,0.9969755256637125,0.9972506030468014,0.9964708010665638,0.9979241530800486,0.9977866764568518,0.9974795458968904,0.9964392210706845,0.9973135262691313,0.9982366028456999,0.9963764117455429,1.0
2,0,1.6951537501280476,0.54216,5000,2.0932099642576993,0.4952038369304556,834,2.0932756544302067,0.4829,0.9990149583859806,0.08334914859840457,,,1.0,,1.0,0.0,0.9935260046222512,0.09989531635972308,5,0.001,0.1,1.0,0.9969051204580216,0.9982315198349907,0.9977179373224789,0.9977730168913618,0.9979701584140992,0.9980557548778264,0.9982203722503581,0.9974157359246474,0.9978462478152854,0.9978159158445671,0.9976757900168101
2,1,1.7033984880538504,0.5434,5000,2.0998821523454456,0.47961630695443647,834,2.0932756544302067,0.4829,0.9984259906212788,0.08322025220136377,,,1.0,,1.0,0.0,0.9935260046222512,0.09989531635972308,5,0.001,0.1,0.9969051204580216,1.0,0.9972863987153926,0.9970757526674059,0.9971744592264014,0.9972541446157962,0.9974358458340448,0.9968986913037641,0.9972958175952764,0.9970094125695671,0.9968450728120607,0.997394356237621
2,2,1.698125494969119,0.53512,5000,2.1037629180484347,0.473621103117506,834,2.0932756544302067,0.4829,0.9992082507986842,0.08336119122243563,,,1.0,,1.0,0.0,0.9935260046222512,0.09989531635972308,5,0.001,0.1,0.9982315198349907,0.9972863987153926,1.0,0.9982331855293075,0.9980860245195439,0.9983490470402634,0.9976447093721491,0.9980558195480139,0.9977901400837935,0.998263186010842,0.9981042664341747,0.9979003281561805
2,3,1.6824607458084253,0.54624,5000,2.0925043335667364,0.486810551558753,834,2.0932756544302067,0.4829,0.9990101746214325,0.08333161437166488,,,1.0,,1.0,0.0,0.9935260046222512,0.09989531635972308,5,0.001,0.1,0.9977179373224789,0.9970757526674059,0.9982331855293075,1.0,0.997964563255997,0.9978327129264523,0.9972791506167482,0.9980511880220068,0.9979435791241709,0.9980182999222935,0.9977911130539202,0.9976635209669097
2,4,1.688402500425934,0.55928,5000,2.096434752146403,0.47058823529411764,833,2.0932756544302067,0.4829,0.9990419350918598,0.08335235481353975,,,1.0,,1.0,0.0,0.9935260046222512,0.09989531635972308,5,0.001,0.1,0.9977730168913618,0.9971744592264014,0.9980860245195439,0.997964563255997,1.0,0.9979787506675251,0.997828379376028,0.9977441566494513,0.9978360054570046,0.9985393000183329,0.9972046953831253,0.9978217454227035
2,5,1.6960795076030075,0.54128,5000,2.0937422381507025,0.4957983193277311,833,2.0932756544302067,0.4829,0.9990418091448826,0.08335862222372613,,,1.0,,1.0,0.0,0.9935260046222512,0.09989531635972308,5,0.001,0.1,0.9979701584140992,0.9972541446157962,0.9983490470402634,0.9978327129264523,0.9979787506675251,1.0,0.997880820753909,0.9976689477389868,0.9976163436801914,0.9981494423958714,0.9973084512194224,0.9979406780614352
2,6,1.682928387982071,0.54836,5000,2.095182922151354,0.4801920768307323,833,2.0932756544302067,0.4829,0.9989490504394399,0.08332624900408185,,,1.0,,1.0,0.0,0.9935260046222512,0.09989531635972308,5,0.001,0.1,0.9980557548778264,0.9974358458340448,0.9976447093721491,0.9972791506167482,0.997828379376028,0.997880820753909,1.0,0.9975744595706257,0.9977121584567249,0.9981374598362381,0.9975052760769301,0.9977853299547167
2,7,1.6854001582048501,0.54388,5000,2.102203704692699,0.4801920768307323,833,2.0932756544302067,0.4829,0.9989307803403821,0.08333255331637412,,,1.0,,1.0,0.0,0.9935260046222512,0.09989531635972308,5,0.001,0.1,0.9982203722503581,0.9968986913037641,0.9980558195480139,0.9980511880220068,0.9977441566494513,0.9976689477389868,0.9975744595706257,1.0,0.9979387627829495,0.997473858360002,0.9978627585099766,0.9971300704473485
2,8,1.6859499827312057,0.56188,5000,2.0926543606652155,0.48259303721488594,833,2.0932756544302067,0.4829,0.998973668833146,0.08335007384587308,,,1.0,,1.0,0.0,0.9935260046222512,0.09989531635972308,5,0.001,0.1,0.9974157359246474,0.9972958175952764,0.9977901400837935,0.9979435791241709,0.9978360054570046,0.9976163436801914,0.9977121584567249,0.9979387627829495,1.0,0.9982035571866505,0.9976455553264697,0.9977357605710222
2,9,1.6919778858780101,0.54804,5000,2.099549381821244,0.4789915966386555,833,2.0932756544302067,0.4829,0.9991512557877056,0.08335365109484788,,,1.0,,1.0,0.0,0.9935260046222512,0.09989531635972308,5,0.001,0.1,0.9978462478152854,0.9970094125695671,0.998263186010842,0.9980182999222935,0.9985393000183329,0.9981494423958714,0.9981374598362381,0.997473858360002,0.9982035571866505,1.0,0.9974394216551622,0.9981808801429943
2,10,1.6792691719000508,0.55476,5000,2.0872632044332997,0.47539015606242496,833,2.0932756544302067,0.4829,0.9987733500475141,0.08333008290254433,,,1.0,,1.0,0.0,0.9935260046222512,0.09989531635972308,5,0.001,0.1,0.9978159158445671,0.9968450728120607,0.9981042664341747,0.9977911130539202,0.9972046953831253,0.9973084512194224,0.9975052760769301,0.9978627585099766,0.9976455553264697,0.9974394216551622,1.0,0.9972096527987568
2,11,1.6981280361770825,0.53808,5000,2.083815261169716,0.4957983193277311,833,2.0932756544302067,0.4829,0.998915618437584,0.08333420640514398,,,1.0,,1.0,0.0,0.9935260046222512,0.09989531635972308,5,0.001,0.1,0.9976757900168101,0.997394356237621,0.9979003281561805,0.9976635209669097,0.9978217454227035,0.9979406780614352,0.9977853299547167,0.9971300704473485,0.9977357605710222,0.9981808801429943,0.9972096527987568,1.0
3,0,1.5285303555476437,0.58692,5000,1.9865841688933197,0.5695443645083933,834,1.9884093649471148,0.5662,0.9989281034875465,0.08334402894810247,,,1.0,,1.0,0.0,0.9973498316259946,0.09988972637414482,5,0.001,0.1,1.0,0.996644406204567,0.99802433538356,0.9976078753169705,0.9977363053876682,0.9977277384171538,0.9977931273038619,0.9978547835140396,0.997428819661151,0.9979057131682686,0.9976415639753617,0.997551839967309
3,1,1.5381908832082323,0.58748,5000,1.997231055189062,0.564748201438849,834,1.9884093649471148,0.5662,0.9982916403260588,0.08324445435228722,,,1.0,,1.0,0.0,0.9973498316259946,0.09988972637414482,5,0.001,0.1,0.996644406204567,1.0,0.9969785778117219,0.9967805303935163,0.996877235465481,0.9970224024018585,0.997201124146326,0.9968233720671483,0.9972157638127279,0.9970303197453144,0.9966871996820408,0.9970325380475208
3,2,1.5338578225700719,0.5766,5000,2.0016890234417386,0.5587529976019184,834,1.9884093649471148,0.5662,0.999065396672644,0.08335584376740537,,,1.0,,1.0,0.0,0.9973498316259946,0.09988972637414482,5,0.001,0.1,0.99802433538356,0.9969785778117219,1.0,0.9979853553323945,0.9979336501171048,0.9981277907902928,0.9975546648203336,0.9975569150973258,0.9974895406699356,0.9983767238404542,0.9978399885524103,0.9976945318207744
3,3,1.5167777389477772,0.58456,5000,1.9875534198902272,0.564748201438849,834,1.9884093649471148,0.5662,0.9989209138436971,0.08333304555114743,,,1.0,,1.0,0.0,0.9973498316259946,0.09988972637414482,5,0.001,0.1,0.9976078753169705,0.9967805303935163,0.9979853553323945,1.0,0.9980105153618914,0.9976428659038116,0.9972662299663861,0.9978679877564341,0.9976053218115757,0.9979635705969131,0.9976621958869227,0.9974384505908576
3,4,1.522196034185446,0.60008,5000,1.9918538243682296,0.5726290516206483,833,1.9884093649471148,0.5662,0.9990540397295347,0.08335005908139365,,,1.0,,1.0,0.0,0.9973498316259946,0.09988972637414482,5,0.001,0.1,0.9977363053876682,0.996877235465481,0.9979336501171048,0.9980105153618914,1.0,0.9979042328802469,0.9978550018051974,0.9976395644548138,0.9976877756664314,0.9984656083359827,0.9976451669111448,0.9976710467581583
3,5,1.5301665571085208,0.5906,5000,1.9898888534969754,0.5702280912364946,833,1.9884093649471148,0.5662,0.9989271797564283,0.08334980803294437,,,1.0,,1.0,0.0,0.9973498316259946,0.09988972637414482,5,0.001,0.1,0.9977277384171538,0.9970224024018585,0.9981277907902928,0.9976428659038116,0.9979042328802469,1.0,0.9976590742572876,0.9973481828675157,0.9975045473013934,0.9981345371732833,0.9972607997818913,0.9975733434363505
3,6,1.517848982400955,0.59596,5000,1.9917900959650676,0.5558223289315727,833,1.9884093649471148,0.5662,0.9989488428462636,0.08333065701594546,,,1.0,,1.0,0.0,0.9973498316259946,0.09988972637414482,5,0.001,0.1,0.9977931273038619,0.997201124146326,0.9975546648203336,0.9972662299663861,0.9978550018051974,0.9976590742572876,1.0,0.9976597783344392,0.9977168419729091,0.998343815123884,0.9975679922489465,0.997548792224635
3,7,1.5207454838570515,0.5886,5000,1.9995236485092729,0.5510204081632653,833,1.9884093649471148,0.5662,0.9988369501975187,0.08333091161769367,,,1.0,,1.0,0.0,0.9973498316259946,0.09988972637414482,5,0.001,0.1,0.9978547835140396,0.9968233720671483,0.9975569150973258,0.9978679877564341,0.9976395644548138,0.9973481828675157,0.9976597783344392,1.0,0.997739982887392,0.9974974304320626,0.9977773222807685,0.9970595600642321
3,8,1.5183396892183145,0.5996,5000,1.9884362794734813,0.5678271308523409,833,1.9884093649471148,0.5662,0.9989156487483433,0.08334419434008594,,,1.0,,1.0,0.0,0.9973498316259946,0.09988972637414482,5,0.001,0.1,0.997428819661151,0.9972157638127279,0.9974895406699356,0.9976053218115757,0.9976877756664314,0.9975045473013934,0.9977168419729091,0.997739982887392,1.0,0.9980554921429976,0.9976512471448923,0.9976728418118834
3,9,1.5245840676271232,0.5956,5000,1.9978900485568576,0.5726290516206483,833,1.9884093649471148,0.5662,0.9992372413916666,0.08335676617069224,,,1.0,,1.0,0.0,0.9973498316259946,0.09988972637414482,5,0.001,0.1,0.9979057131682686,0.9970303197453144,0.9983767238404542,0.9979635705969131,0.9984656083359827,0.9981345371732833,0.998343815123884,0.9974974304320626,0.9980554921429976,1.0,0.9978855203144421,0.9979632734716104
3,10,1.513884297222089,0.59196,5000,1.9816066379900332,0.5666266506602641,833,1.9884093649471148,0.5662,0.9988372764633229,0.08332940737562841,,,1.0,,1.0,0.0,0.9973498316259946,0.09988972637414482,5,0.001,0.1,0.9976415639753617,0.9966871996820408,0.9978399885524103,0.9976621958869227,0.9976451669111448,0.9972607997818913,0.9975679922489465,0.9977773222807685,0.9976512471448923,0.9978855203144421,1.0,0.9972095555695991
3,11,1.5330913025862092,0.58672,5000,1.9777694543202717,0.5798319327731093,833,1.9884093649471148,0.5662,0.9988028186721577,0.08333082374667385,,,1.0,,1.0,0.0,0.9973498316259946,0.09988972637414482,5,0.001,0.1,0.997551839967309,0.9970325380475208,0.9976945318207744,0.9974384505908576,0.9976710467581583,0.9975733434363505,0.997548792224635,0.9970595600642321,0.9976728418118834,0.9979632734716104,0.9972095555695991,1.0
4,0,1.397684322952465,0.6138,5000,1.8638777556242767,0.6127098321342925,834,1.8675107285618402,0.6051,0.9987630528928654,0.08334162775860737,,,1.0,,1.0,0.0,0.998268333990418,0.09987093460262035,5,0.001,0.1,1.0,0.9964007811784461,0.9975602101375176,0.9970882377371272,0.9971541790159146,0.9972443864042935,0.9974817361174628,0.9976721209916197,0.9969050009805389,0.9976098322231766,0.9972948711268228,0.997275139071296
4,1,1.4070307314016257,0.6126,5000,1.878493075017576,0.5971223021582733,834,1.8675107285618402,0.6051,0.9981366237004773,0.08326035016502094,,,1.0,,1.0,0.0,0.998268333990418,0.09987093460262035,5,0.001,0.1,0.9964007811784461,1.0,0.9966886208634538,0.9962680503088348,0.9965198668073617,0.996603485908587,0.9968936991101007,0.9964485496490512,0.9966947994745317,0.9968344449590327,0.9962847750475181,0.9965468815933315
4,2,1.402554915019661,0.60404,5000,1.8840297416404441,0.5911270983213429,834,1.8675107285618402,0.6051,0.9989619800121944,0.08335529293094665,,,1.0,,1.0,0.0,0.998268333990418,0.09987093460262035,5,0.001,0.1,0.9975602101375176,0.9966886208634538,1.0,0.9976388793289037,0.9975447438557324,0.9978261633834625,0.9974440759450193,0.9973215595748075,0.9971265093346708,0.997938600616989,0.9975356363232,0.9974451934154895
4,3,1.3855828716496754,0.6118,5000,1.8663757686261777,0.5959232613908872,834,1.8675107285618402,0.6051,0.9986372744637362,0.08333083323715847,,,1.0,,1.0,0.0,0.998268333990418,0.09987093460262035,5,0.001,0.1,0.9970882377371272,0.9962680503088348,0.9976388793289037,1.0,0.9975167771525244,0.9972409955141842,0.9968094463430429,0.9974114239520804,0.9968658509433435,0.997456022551542,0.9969844665122256,0.9968990933551948
4,4,1.3892999097799799,0.6274,5000,1.8712807452237163,0.6230492196878752,833,1.8675107285618402,0.6051,0.9988016938594834,0.08334657260017393,,,1.0,,1.0,0.0,0.998268333990418,0.09987093460262035,5,0.001,0.1,0.9971541790159146,0.9965198668073617,0.9975447438557324,0.9975167771525244,1.0,0.9973954843053596,0.9975256138463341,0.9973001349121332,0.9970655054886643,0.9980308829898916,0.996946696644635,0.9971494310511165
4,5,1.3985487899203208,0.61532,5000,1.8700792568701285,0.60984393757503,833,1.8675107285618402,0.6051,0.998722140168853,0.0833438511239342,,,1.0,,1.0,0.0,0.998268333990418,0.09987093460262035,5,0.001,0.1,0.9972443864042935,0.996603485908587,0.9978261633834625,0.9972409955141842,0.9973954843053596,1.0,0.9974169386170134,0.9969343596249611,0.9969267951357518,0.9977397493977683,0.9967904438620417,0.9970771861558864
4,6,1.3863390652237424,0.61924,5000,1.8725618521372478,0.602641056422569,833,1.8675107285618402,0.6051,0.998827873667691,0.08333551999932633,,,1.0,,1.0,0.0,0.998268333990418,0.09987093460262035,5,0.001,0.1,0.9974817361174628,0.9968936991101007,0.9974440759450193,0.9968094463430429,0.9975256138463341,0.9974169386170134,1.0,0.9973434554590578,0.9974061653984428,0.9979542328264117,0.9969625356542414,0.9972261039710749
4,7,1.3889660990921555,0.61588,5000,1.8806700441572402,0.595438175270108,833,1.8675107285618402,0.6051,0.9987123856767112,0.0833319488422127,,,1.0,,1.0,0.0,0.998268333990418,0.09987093460262035,5,0.001,0.1,0.9976721209916197,0.9964485496490512,0.9973215595748075,0.9974114239520804,0.9973001349121332,0.9969343596249611,0.9973434554590578,1.0,0.9973629107596271,0.997199993107538,0.9972147593778047,0.9968705555946259
4,8,1.3838483180969383,0.6278,5000,1.8686372174157038,0.5978391356542617,833,1.8675107285618402,0.6051,0.9986482646656974,0.083338024481519,,,1.0,,1.0,0.0,0.998268333990418,0.09987093460262035,5,0.001,0.1,0.9969050009805389,0.9966947994745317,0.9971265093346708,0.9968658509433435,0.9970655054886643,0.9969267951357518,0.9974061653984428,0.9973629107596271,1.0,0.997621980176747,0.9971601772349092,0.9971755987620232
4,9,1.392400485542929,0.61964,5000,1.8805882974907204,0.6074429771908764,833,1.8675107285618402,0.6051,0.9990817559278549,0.08335972422815194,,,1.0,,1.0,0.0,0.998268333990418,0.09987093460262035,5,0.001,0.1,0.9976098322231766,0.9968344449590327,0.997938600616989,0.997456022551542,0.9980308829898916,0.9977397493977683,0.9979542328264117,0.997199993107538,0.997621980176747,1.0,0.9975104723543345,0.9976094348578336
4,10,1.3842306060396183,0.61732,5000,1.8608549259327076,0.6086434573829532,833,1.8675107285618402,0.6051,0.9985845017182702,0.08332689907536574,,,1.0,,1.0,0.0,0.998268333990418,0.09987093460262035,5,0.001,0.1,0.9972948711268228,0.9962847750475181,0.9975356363232,0.9969844665122256,0.996946696644635,0.9967904438620417,0.9969625356542414,0.9972147593778047,0.9971601772349092,0.9975104723543345,1.0,0.9968622529515019
4,11,1.402367545085348,0.61872,5000,1.8561952820530645,0.6194477791116446,833,1.8675107285618402,0.6051,0.9986337035692963,0.08332935555758277,,,1.0,,1.0,0.0,0.998268333990418,0.09987093460262035,5,0.001,0.1,0.997275139071296,0.9965468815933315,0.9974451934154895,0.9968990933551948,0.9971494310511165,0.9970771861558864,0.9972261039710749,0.9968705555946259,0.9971755987620232,0.9976094348578336,0.9968622529515019,1.0
5,0,1.2905408524403905,0.6316,5000,1.7298032884244565,0.6414868105515588,834,1.73518066627149,0.6275,0.9982483774980834,0.0833327500739908,,,1.0,,1.0,0.0,0.9984594572116269,0.0998424115596942,5,0.001,0.1,1.0,0.9951106226725732,0.9970631153090052,0.9962971511360529,0.9962121462207816,0.9964157391084716,0.9965638583424388,0.9969721754415269,0.9959213544060593,0.9966091640343815,0.9964434932727105,0.996492565840518
5,1,1.2993907856333786,0.62792,5000,1.7479586954470034,0.6247002398081535,834,1.73518066627149,0.6275,0.9977116816371389,0.08326558102861814,,,1.0,,1.0,0.0,0.9984594572116269,0.0998424115596942,5,0.001,0.1,0.9951106226725732,1.0,0.9960790531486639,0.9957168089695156,0.9957351502221747,0.9958890068290639,0.9962047954023548,0.9954980999193498,0.9959871260874212,0.9963436260966356,0.9954585598990691,0.9956534374659323
5,2,1.296733577312178,0.6226,5000,1.7555322028972484,0.6115107913669064,834,1.73518066627149,0.6275,0.9987629227190623,0.08335773897957584,,,1.0,,1.0,0.0,0.9984594572116269,0.0998424115596942,5,0.001,0.1,0.9970631153090052,0.9960790531486639,1.0,0.9971135308585864,0.9969945396151021,0.9974012980787976,0.9969289135842796,0.9964755467492586,0.9964093276170425,0.9977013968141752,0.9971980852687123,0.9969012194556048
5,3,1.2786272413411717,0.63328,5000,1.7332766276818734,0.617505995203837,834,1.73518066627149,0.6275,0.9984563818436951,0.08333284395184413,,,1.0,,1.0,0.0,0.9984594572116269,0.0998424115596942,5,0.001,0.1,0.9962971511360529,0.9957168089695156,0.9971135308585864,1.0,0.9970850557043923,0.9970118525976944,0.9964792691403462,0.996796715025859,0.9962649701566925,0.9971484984664415,0.9963402871188234,0.9963399425668747
5,4,1.2818551487224117,0.64432,5000,1.7389381991492376,0.6398559423769508,833,1.73518066627149,0.6275,0.9985420132282543,0.08334526053565347,,,1.0,,1.0,0.0,0.9984594572116269,0.0998424115596942,5,0.001,0.1,0.9962121462207816,0.9957351502221747,0.9969945396151021,0.9970850557043923,1.0,0.9971222396379694,0.9970828726617157,0.9965970388261028,0.996285404191685,0.9976220675073362,0.9962970975901466,0.9965857563493264
5,5,1.290880472037443,0.63512,5000,1.7388941756001226,0.6374549819927972,833,1.73518066627149,0.6275,0.9985676137940774,0.08334441784470888,,,1.0,,1.0,0.0,0.9984594572116269,0.0998424115596942,5,0.001,0.1,0.9964157391084716,0.9958890068290639,0.9974012980787976,0.9970118525976944,0.9971222396379694,1.0,0.9969807791824236,0.9963959524627783,0.996358267112018,0.9974214339720882,0.9963098354153371,0.996619847097536
5,6,1.279286014730004,0.6392,5000,1.7419358050381695,0.6158463385354142,833,1.73518066627149,0.6275,0.9986271971072268,0.0833412317702621,,,1.0,,1.0,0.0,0.9984594572116269,0.0998424115596942,5,0.001,0.1,0.9965638583424388,0.9962047954023548,0.9969289135842796,0.9964792691403462,0.9970828726617157,0.9969807791824236,1.0,0.9966263026901305,0.9969476013343136,0.9976379097183833,0.9964798599315324,0.9967085600711452
5,7,1.2829353965771426,0.63676,5000,1.7500816539481834,0.6230492196878752,833,1.73518066627149,0.6275,0.9983197666177654,0.0833291184942992,,,1.0,,1.0,0.0,0.9984594572116269,0.0998424115596942,5,0.001,0.1,0.9969721754415269,0.9954980999193498,0.9964755467492586,0.996796715025859,0.9965970388261028,0.9963959524627783,0.9966263026901305,1.0,0.9965920620030753,0.9964796157829697,0.996504315498298,0.9960196667468871
5,8,1.2750249014538564,0.64324,5000,1.7378955682118733,0.6278511404561825,833,1.73518066627149,0.6275,0.9983154880863919,0.08333270644491136,,,1.0,,1.0,0.0,0.9984594572116269,0.0998424115596942,5,0.001,0.1,0.9959213544060593,0.9959871260874212,0.9964093276170425,0.9962649701566925,0.996285404191685,0.996358267112018,0.9969476013343136,0.9965920620030753,1.0,0.9970020009735726,0.996662102017953,0.9964762133613739
5,9,1.284133632471607,0.63968,5000,1.7521441026970193,0.6254501800720288,833,1.73518066627149,0.6275,0.998898318002529,0.08336482684966066,,,1.0,,1.0,0.0,0.9984594572116269,0.0998424115596942,5,0.001,0.1,0.9966091640343815,0.9963436260966356,0.9977013968141752,0.9971484984664415,0.9976220675073362,0.9974214339720882,0.9976379097183833,0.9964796157829697,0.9970020009735726,1.0,0.9969010331795161,0.9970214472858082
5,10,1.2758949464293803,0.63656,5000,1.729224443435669,0.6278511404561825,833,1.73518066627149,0.6275,0.9983100219716894,0.08332570705134192,,,1.0,,1.0,0.0,0.9984594572116269,0.0998424115596942,5,0.001,0.1,0.9964434932727105,0.9954585598990691,0.9971980852687123,0.9963402871188234,0.9962970975901466,0.9963098354153371,0.9964798599315324,0.996504315498298,0.996662102017953,0.9969010331795161,1.0,0.9962460321187324
5,11,1.295469824068106,0.63656,5000,1.7240245783770527,0.6374549819927972,833,1.73518066627149,0.6275,0.9983287165452774,0.08332781697513347,,,1.0,,1.0,0.0,0.9984594572116269,0.0998424115596942,5,0.001,0.1,0.996492565840518,0.9956534374659323,0.9969012194556048,0.9963399425668747,0.9965857563493264,0.996619847097536,0.9967085600711452,0.9960196667468871,0.9964762133613739,0.9970214472858082,0.9962460321187324,1.0
6,0,1.2012455757256526,0.64556,5000,1.5903476344214544,0.6534772182254197,834,1.5974588973072772,0.6424,0.997828193482199,0.08332574416145512,,,1.0,,1.0,0.0,0.9984622858976695,0.09980522745750098,5,0.001,0.1,1.0,0.9944300605582782,0.9960086827934425,0.9959205611591232,0.9950872399086926,0.9955518789149875,0.9959062399466421,0.9961692478070305,0.9947686967079268,0.9956996057566566,0.9953431907992196,0.9957299530678692
6,1,1.2120971814082686,0.64212,5000,1.611698724605419,0.6402877697841727,834,1.5974588973072772,0.6424,0.9974475000318295,0.08327225527302615,,,1.0,,1.0,0.0,0.9984622858976695,0.09980522745750098,5,0.001,0.1,0.9944300605582782,1.0,0.9955341916611283,0.9950804452384623,0.9948751207537473,0.9952764580807304,0.9957116816142692,0.9948343377959247,0.9952380761382805,0.9956618317281631,0.9944617801753237,0.9949564772943946
6,2,1.2084133886987236,0.63892,5000,1.6216797343006841,0.6211031175059952,834,1.5974588973072772,0.6424,0.9984319737383092,0.08336056297771116,,,1.0,,1.0,0.0,0.9984622858976695,0.09980522745750098,5,0.001,0.1,0.9960086827934425,0.9955341916611283,1.0,0.9963920659212717,0.9965841290007171,0.9966545811010975,0.996066300488683,0.9957018434455013,0.9955020572546603,0.9972161200833543,0.9959293749344289,0.9962560863757708
6,3,1.1907487347627141,0.64844,5000,1.5943525234858196,0.6342925659472423,834,1.5974588973072772,0.6424,0.9981382636374759,0.08333581155325709,,,1.0,,1.0,0.0,0.9984622858976695,0.09980522745750098,5,0.001,0.1,0.9959205611591232,0.9950804452384623,0.9963920659212717,1.0,0.9961830554903006,0.9961662335889255,0.9957936456058017,0.9962302091542119,0.9949978432493439,0.9963897880782651,0.9954662135280318,0.9957088283587238
6,4,1.1916755775737156,0.65736,5000,1.6005082527796428,0.6518607442977191,833,1.5974588973072772,0.6424,0.9981657912968648,0.08334431611887756,,,1.0,,1.0,0.0,0.9984622858976695,0.09980522745750098,5,0.001,0.1,0.9950872399086926,0.9948751207537473,0.9965841290007171,0.9961830554903006,1.0,0.9963623393371231,0.9961641024273333,0.9958481140497558,0.995514826500905,0.9968841633671923,0.9953818232128949,0.9957725993243315
6,5,1.2014458042800806,0.65088,5000,1.6024211954187464,0.6506602641056423,833,1.5974588973072772,0.6424,0.9982130896403292,0.08334532614544181,,,1.0,,1.0,0.0,0.9984622858976695,0.09980522745750098,5,0.001,0.1,0.9955518789149875,0.9952764580807304,0.9966545811010975,0.9961662335889255,0.9963623393371231,1.0,0.9962394494100424,0.9956300921051952,0.9953902707084711,0.9967678249506077,0.9955540433740544,0.9956311930548657
6,6,1.1905333323843161,0.6532,5000,1.605997571238765,0.6398559423769508,833,1.5974588973072772,0.6424,0.998285231341493,0.0833457008242894,,,1.0,,1.0,0.0,0.9984622858976695,0.09980522745750098,5,0.001,0.1,0.9959062399466421,0.9957116816142692,0.996066300488683,0.9957936456058017,0.9961641024273333,0.9962394494100424,1.0,0.9960760182455197,0.9959636095010955,0.9968164143775937,0.995511440622956,0.9958401944846105
6,7,1.1949042468313957,0.65476,5000,1.6134651413670293,0.6290516206482593,833,1.5974588973072772,0.6424,0.9979945654806552,0.08332888756329349,,,1.0,,1.0,0.0,0.9984622858976695,0.09980522745750098,5,0.001,0.1,0.9961692478070305,0.9948343377959247,0.9957018434455013,0.9962302091542119,0.9958481140497558,0.9956300921051952,0.9960760182455197,1.0,0.9956715683614684,0.9958409483286315,0.9953538442297618,0.9952520841374053
6,8,1.1847057097277065,0.65916,5000,1.602507370489615,0.6374549819927972,833,1.5974588973072772,0.6424,0.9977780144693934,0.08332409750165795,,,1.0,,1.0,0.0,0.9984622858976695,0.09980522745750098,5,0.001,0.1,0.9947686967079268,0.9952380761382805,0.9955020572546603,0.9949978432493439,0.995514826500905,0.9953902707084711,0.9959636095010955,0.9956715683614684,1.0,0.9962075252291088,0.9951855653485857,0.9955748583998986
6,9,1.1926309845250123,0.65436,5000,1.6183806746094316,0.6410564225690276,833,1.5974588973072772,0.6424,0.998606618477935,0.08337054838630356,,,1.0,,1.0,0.0,0.9984622858976695,0.09980522745750098,5,0.001,0.1,0.9956996057566566,0.9956618317281631,0.9972161200833543,0.9963897880782651,0.9968841633671923,0.9967678249506077,0.9968164143775937,0.9958409483286315,0.9962075252291088,1.0,0.9961873507564779,0.9962652872518721
6,10,1.1864433162531276,0.65292,5000,1.5931389464272394,0.6566626650660264,833,1.5974588973072772,0.6424,0.9977594881961909,0.08331920624109414,,,1.0,,1.0,0.0,0.9984622858976695,0.09980522745750098,5,0.001,0.1,0.9953431907992196,0.9944617801753237,0.9959293749344289,0.9954662135280318,0.9953818232128949,0.9955540433740544,0.995511440622956,0.9953538442297618,0.9951855653485857,0.9961873507564779,1.0,0.9954180642890424
6,11,1.2075581833055824,0.6516,5000,1.5874582617371171,0.6530612244897959,833,1.5974588973072772,0.6424,0.997977652165459,0.08332754325359264,,,1.0,,1.0,0.0,0.9984622858976695,0.09980522745750098,5,0.001,0.1,0.9957299530678692,0.9949564772943946,0.9962560863757708,0.9957088283587238,0.9957725993243315,0.9956311930548657,0.9958401944846105,0.9952520841374053,0.9955748583998986,0.9962652872518721,0.9954180642890424,1.0
7,0,1.1262214344018584,0.66172,5000,1.4519125973736797,0.6678657074340527,834,1.460535460005934,0.6553,0.9974958297209829,0.08332607723781729,,,1.0,,1.0,0.0,0.9984223291438598,0.09975764774863523,5,0.001,0.1,1.0,0.9933012739894141,0.9957216180532523,0.9944683373364033,0.9936118476006183,0.9948811597703195,0.994973983139744,0.9952591497290254,0.9939442034144327,0.9951045820322646,0.9946797023361245,0.9949935519069333
7,1,1.1360599802178182,0.6528,5000,1.4757779439290364,0.6474820143884892,834,1.460535460005934,0.6553,0.9967432190076686,0.08326896237647867,,,1.0,,1.0,0.0,0.9984223291438598,0.09975764774863523,5,0.001,0.1,0.9933012739894141,1.0,0.994555132774082,0.99364811442466,0.9929836328953328,0.9938367972250368,0.9948892638787981,0.9934245761501337,0.9937721819539463,0.9949113144204632,0.993345350394138,0.993266904365416
7,2,1.1338704445559509,0.65168,5000,1.4885625486020688,0.6235011990407674,834,1.460535460005934,0.6553,0.9982069619394472,0.08337039913360322,,,1.0,,1.0,0.0,0.9984223291438598,0.09975764774863523,5,0.001,0.1,0.9957216180532523,0.994555132774082,1.0,0.9956438920756172,0.9955169782287449,0.9961682398627355,0.9953386204832954,0.9950957037929072,0.9941200320044578,0.9964326523747902,0.9956292393010263,0.9952284061759072
7,3,1.1174835490572983,0.66352,5000,1.4557731460641932,0.6510791366906474,834,1.460535460005934,0.6553,0.9974477913125911,0.08333070228778926,,,1.0,,1.0,0.0,0.9984223291438598,0.09975764774863523,5,0.001,0.1,0.9944683373364033,0.99364811442466,0.9956438920756172,1.0,0.9946850741445782,0.9954336426599883,0.994303611838,0.9952942771096767,0.9935832372759096,0.9952449570228561,0.9941092977359283,0.9939491245523089
7,4,1.1190356043493672,0.67208,5000,1.4623740469967876,0.6614645858343338,833,1.460535460005934,0.6553,0.9974368549236037,0.08333556654030434,,,1.0,,1.0,0.0,0.9984223291438598,0.09975764774863523,5,0.001,0.1,0.9936118476006183,0.9929836328953328,0.9955169782287449,0.9946850741445782,1.0,0.9956548478937726,0.9945518538438131,0.9947622008245258,0.9939347841916135,0.9956527264075284,0.9943609117514587,0.9945165643371554
7,5,1.125519061088562,0.667,5000,1.4667433323683563,0.6686674669867947,833,1.460535460005934,0.6553,0.9979035478217338,0.08335125491701215,,,1.0,,1.0,0.0,0.9984223291438598,0.09975764774863523,5,0.001,0.1,0.9948811597703195,0.9938367972250368,0.9961682398627355,0.9954336426599883,0.9956548478937726,1.0,0.9950348746442799,0.9948762782142713,0.9943168293215824,0.9959765750568133,0.9948963186422223,0.9947429935156337
7,6,1.1158234516526484,0.6654,5000,1.470619554872866,0.6530612244897959,833,1.460535460005934,0.6553,0.9977492494772274,0.08334650273452297,,,1.0,,1.0,0.0,0.9984223291438598,0.09975764774863523,5,0.001,0.1,0.994973983139744,0.9948892638787981,0.9953386204832954,0.994303611838,0.9945518538438131,0.9950348746442799,1.0,0.9950178658072566,0.9947170108187358,0.9961234122972148,0.9944156431378282,0.9946064265510491
7,7,1.1195703648457862,0.66588,5000,1.4768898266333121,0.6494597839135654,833,1.460535460005934,0.6553,0.9975771789450547,0.08333063228092154,,,1.0,,1.0,0.0,0.9984223291438598,0.09975764774863523,5,0.001,0.1,0.9952591497290254,0.9934245761501337,0.9950957037929072,0.9952942771096767,0.9947622008245258,0.9948762782142713,0.9950178658072566,1.0,0.9946317889664309,0.9949261668248744,0.9946326697827644,0.9939925691036646
7,8,1.10790682757736,0.6732,5000,1.46846099253054,0.6494597839135654,833,1.460535460005934,0.6553,0.9972098207305097,0.08331583228662097,,,1.0,,1.0,0.0,0.9984223291438598,0.09975764774863523,5,0.001,0.1,0.9939442034144327,0.9937721819539463,0.9941200320044578,0.9935832372759096,0.9939347841916135,0.9943168293215824,0.9947170108187358,0.9946317889664309,1.0,0.9955045828291098,0.9944183527747249,0.9945734211643564
