round,client_id,client_i_training_loss,client_i_training_accuracy,client_i_training_dataset_size,client_i_evaluation_loss,client_i_evaluation_accuracy,client_i_evaluation_dataset_size,client_i_central_evaluation_loss,client_i_central_evaluation_accuracy,client_i_cosine_similarity,client_i_importance_coefficient,client_i_tanh_val,tanh_normalization_value,client_i_q,client_i_mask_order,client_i_v_nonzero_fraction,client_i_v_sparsity,client_i_v_cosine_similarity,client_i_reward_gradient_norm,local_epochs,learning_rate,gamma,client_0_cosine_similarity,client_1_cosine_similarity,client_2_cosine_similarity,client_3_cosine_similarity,client_4_cosine_similarity,client_5_cosine_similarity,client_6_cosine_similarity,client_7_cosine_similarity,client_8_cosine_similarity,client_9_cosine_similarity,client_10_cosine_similarity,client_11_cosine_similarity
0,0,2.2832507747592348,0.1609311255099592,4167,2.293635061808995,0.1606714628297362,834,2.297834613655187,0.1488,0.9757587905861509,0.08316881738195192,,,0.8270938892974617,,0.8271442953573963,0.1728557046426037,0,0.14663691819911642,10,0.025,0.15,1.0,0.9374593300234336,0.9541662167505077,0.9521379768273194,0.9614543325343298,0.9403021707595974,0.9639528150278751,0.9366146344470361,0.9345067651508963,0.9505418994101577,0.9519023529137105,0.9648206811206077
0,1,2.281678706226927,0.16918646508279336,4167,2.2979378359658376,0.1354916067146283,834,2.2978345653678796,0.1488,0.9756048308556752,0.08315569462166357,,,0.8248451248172894,,0.8248914855341553,0.17510851446584474,0,0.14663635923520998,10,0.025,0.15,0.9374593300234336,1.0,0.9344522475366779,0.9655879590468978,0.9402207959374028,0.9575851717603575,0.946367175233478,0.9449096244433207,0.9603766266352004,0.9516975438614799,0.9528390924524442,0.9545616984252232
0,2,2.2827059117230504,0.15951523878089752,4167,2.29760319846017,0.15227817745803357,834,2.297834224338773,0.1488,0.9766284645138382,0.08324294405421098,,,0.8397965085594725,,0.8398359492333844,0.16016405076661555,0,0.1466396370371227,10,0.025,0.15,0.9541662167505077,0.9344522475366779,1.0,0.9596209666004206,0.9549691282917863,0.9495756682783237,0.9443632329437275,0.9598918707924564,0.9382547107445153,0.94161365485463,0.9539098274272203,0.9672439019154068
0,3,2.276276597109708,0.16676265898728101,4167,2.3000170503343855,0.14028776978417265,834,2.2978348762174194,0.1488,0.9869120176543372,0.08411946288389632,,,0.9899999998286363,,0.9900232707827895,0.00997672921721049,0,0.14665333110733336,10,0.025,0.15,0.9521379768273194,0.9655879590468978,0.9596209666004206,1.0,0.9583742234362991,0.9639620188423943,0.9556469495216795,0.9634237771633376,0.9669872811757538,0.9654920229636742,0.9648099787608742,0.9626721509796415
0,4,2.279867979974458,0.16606671466282696,4167,2.298107385635376,0.148859543817527,833,2.297833355167244,0.1488,0.9785102964516876,0.08340334203196173,,,0.8672828961129776,,0.8673235298971794,0.13267647010282058,0,0.14664460978576596,10,0.025,0.15,0.9614543325343298,0.9402207959374028,0.9549691282917863,0.9583742234362991,1.0,0.9451605728438185,0.9541511671924978,0.9475096564679694,0.9583417406002603,0.9462533251361904,0.947976329546266,0.9657306864063417
0,5,2.2815180655681724,0.16832253419726423,4167,2.2945563111986433,0.15486194477791115,833,2.297833892363536,0.1488,0.9769706802631832,0.08327211281952172,,,0.8447949754917312,,0.8448366919179416,0.15516330808205836,0,0.1466409534405916,10,0.025,0.15,0.9403021707595974,0.9575851717603575,0.9495756682783237,0.9639620188423943,0.9451605728438185,1.0,0.9338042318802477,0.955121739496225,0.9563346935695649,0.956044478952489,0.9545182855984167,0.9496707652561521
0,6,2.2806910139141663,0.15615550755939525,4167,2.297226463045393,0.1524609843937575,833,2.2978402029109906,0.1488,0.9739038307045995,0.08301070984438425,,,0.8,,0.8000115528708884,0.19998844712911157,0,0.14660635350416068,10,0.025,0.15,0.9639528150278751,0.946367175233478,0.9443632329437275,0.9556469495216795,0.9541511671924978,0.9338042318802477,1.0,0.9430695877247158,0.9383767033396199,0.9376273218753429,0.9463196856605113,0.9624150734955289
0,7,2.2782251632574835,0.15267578593712502,4167,2.2996803351811,0.15966386554621848,833,2.2978346377988403,0.1488,0.9759163706508976,0.08318224872149443,,,0.8293955330538558,,0.8294383654338103,0.17056163456618967,0,0.14663747009087139,10,0.025,0.15,0.9366146344470361,0.9449096244433207,0.9598918707924564,0.9634237771633376,0.9475096564679694,0.955121739496225,0.9430695877247158,1.0,0.9661292782641667,0.9340352066478729,0.9481633374925392,0.9508384588021782
0,8,2.278502013466575,0.16188190110417666,4166,2.2980519022260393,0.15726290516206481,833,2.2978344084341313,0.1488,0.9762128869422899,0.08320752229271665,,,0.8337265051971232,,0.8337706920169662,0.1662293079830338,0,0.1466384265552068,10,0.025,0.15,0.9345067651508963,0.9603766266352004,0.9382547107445153,0.9669872811757538,0.9583417406002603,0.9563346935695649,0.9383767033396199,0.9661292782641667,1.0,0.9457893225541453,0.9426182989203353,0.9454786102279902
0,9,2.2727099657058716,0.17316370619299087,4166,2.2981044905526296,0.1368547418967587,833,2.2978365330756465,0.1488,0.9744885375694312,0.08306054734411504,,,0.8085403373004306,,0.8085854334802198,0.19141456651978017,0,0.14662977147966746,10,0.025,0.15,0.9505418994101577,0.9516975438614799,0.94161365485463,0.9654920229636742,0.9462533251361904,0.956044478952489,0.9376273218753429,0.9340352066478729,0.9457893225541453,1.0,0.9533790924399422,0.9504950392872287
0,10,2.2819192373391353,0.1655784925588094,4166,2.298997129712786,0.1452581032412965,833,2.2978332827362835,0.1488,0.9782299506640314,0.08337944675390496,,,0.8631881133571269,,0.8632222607317919,0.13677773926820813,0,0.14664404371850273,10,0.025,0.15,0.9519023529137105,0.9528390924524442,0.9539098274272203,0.9648099787608742,0.947976329546266,0.9545182855984167,0.9463196856605113,0.9481633374925392,0.9426182989203353,0.9533790924399422,1.0,0.9604259960212818
0,11,2.2803665312853725,0.16305808929428708,4166,2.298564910888672,0.14165666266506602,833,2.297834942612467,0.1488,0.9831305714367706,0.08379715125017838,,,0.9347674925264455,,0.9348087999867967,0.06519120001320333,0,0.14665228955203924,10,0.025,0.15,0.9648206811206077,0.9545616984252232,0.9672439019154068,0.9626721509796415,0.9657306864063417,0.9496707652561521,0.9624150734955289,0.9508384588021782,0.9454786102279902,0.9504950392872287,0.9604259960212818,1.0
1,0,2.1650485519206883,0.2163666906647468,4167,2.2819135189056396,0.17026378896882494,834,2.286416539663001,0.1558,0.9884094149442505,0.08333221645938091,,,0.99,,0.9900232707827895,0.00997672921721049,0.8766603144014147,0.14779800728313178,10,0.025,0.15,1.0,0.9666532786517915,0.9747174492630113,0.9694918278874977,0.9728843098425229,0.9704863759780261,0.9726578207917501,0.9719902561999155,0.9685344351227245,0.9721408496738851,0.9704349091310625,0.9768447335643922
1,1,2.1638410073338132,0.22001439884809215,4167,2.287388869694301,0.14148681055155876,834,2.286416581914395,0.1557,0.9829663092401908,0.08314753984228344,,,0.99,,0.9900232707827895,0.00997672921721049,0.8766549016411342,0.14779800728313178,10,0.025,0.15,0.9666532786517915,1.0,0.9583147959600256,0.9648374548183317,0.9599438738117237,0.9707995514593424,0.9642769124799313,0.9612322105321389,0.974026068051223,0.9691842576490324,0.9674812899968462,0.9657804844205877
1,2,2.1677075563055097,0.20551955843532518,4167,2.286935942513602,0.15707434052757793,834,2.2864160447181026,0.1557,0.9857774943837698,0.08329252267943589,,,0.99,,0.9900232707827895,0.00997672921721049,0.8766647841972752,0.14779800728313178,10,0.025,0.15,0.9747174492630113,0.9583147959600256,1.0,0.9714738854087357,0.9702489376310898,0.9641310835036799,0.9664514391251418,0.9711797619261128,0.9638931710594844,0.9681752799295791,0.9696908346845184,0.9773310016557094
1,3,2.1492114468054337,0.2184065274778018,4167,2.287659134183611,0.1474820143884892,834,2.286415670491472,0.1557,0.9859512170594851,0.08383845054863862,,,0.99,,0.9900232707827895,0.00997672921721049,0.8768412860267945,0.14779800728313178,10,0.025,0.15,0.9694918278874977,0.9648374548183317,0.9714738854087357,1.0,0.9677947814679019,0.9666626262163563,0.9660329183440884,0.9709164254562949,0.9685520479263048,0.9695610160516578,0.9718909340935744,0.9702031831195536
1,4,2.1555926373510648,0.21634269258459324,4167,2.285797800336565,0.15606242496998798,833,2.286414593080931,0.1557,0.9838346043275558,0.08332836092557089,,,0.99,,0.9900232707827895,0.00997672921721049,0.8766565899677438,0.14779800728313178,10,0.025,0.15,0.9728843098425229,0.9599438738117237,0.9702489376310898,0.9677947814679019,1.0,0.9622719889452458,0.9691876006677251,0.9615675773946185,0.9705954080911241,0.961709548316351,0.9649995995170586,0.971425105633492
1,5,2.1618983149528503,0.21958243340532757,4167,2.2828714166368758,0.1608643457382953,833,2.286415432072893,0.1557,0.9849575479531637,0.08328390142742245,,,0.99,,0.9900232707827895,0.00997672921721049,0.8766590073700836,0.14779800728313178,10,0.025,0.15,0.9704863759780261,0.9707995514593424,0.9641310835036799,0.9666626262163563,0.9622719889452458,1.0,0.9697106688198885,0.9655715199374858,0.9670728117459262,0.9714670337255799,0.9684375864585492,0.9694220108241055
1,6,2.160649578860312,0.21651067914566835,4167,2.285618884222848,0.16326530612244897,833,2.286420496204231,0.1558,0.9846952979244401,0.08311426290899235,,,0.99,,0.9900232707827895,0.00997672921721049,0.8766302786474212,0.14779800728313178,10,0.025,0.15,0.9726578207917501,0.9642769124799313,0.9664514391251418,0.9660329183440884,0.9691876006677251,0.9697106688198885,1.0,0.9649811236049439,0.9655012925835497,0.9641096893459318,0.969073925343565,0.9710004396684834
1,7,2.1627278197895397,0.21063114950803935,4167,2.2887730257851735,0.16806722689075632,833,2.2864165668246113,0.1558,0.9841939138508082,0.08320373445756579,,,0.99,,0.9900232707827895,0.00997672921721049,0.8766469697496375,0.14779800728313178,10,0.025,0.15,0.9719902561999155,0.9612322105321389,0.9711797619261128,0.9709164254562949,0.9615675773946185,0.9655715199374858,0.9649811236049439,1.0,0.9646895862255197,0.965468735805797,0.9677364055803428,0.97160507120759
1,8,2.1545579437053566,0.21214594335093614,4166,2.2864746706826344,0.16566626650660263,833,2.286416219759591,0.1557,0.9846384461253512,0.0832337349647716,,,0.99,,0.9900232707827895,0.00997672921721049,0.876658315399398,0.14779800728313178,10,0.025,0.15,0.9685344351227245,0.974026068051223,0.9638931710594844,0.9685520479263048,0.9705954080911241,0.9670728117459262,0.9655012925835497,0.9646895862255197,1.0,0.9682019601071434,0.9652954854263285,0.9658942400901404
1,9,2.136905454866814,0.2354776764282285,4166,2.2866034507751465,0.14765906362545017,833,2.2864191411416743,0.1558,0.9848460778331897,0.0831498747354877,,,0.99,,0.9900232707827895,0.00997672921721049,0.8766590567844103,0.14779800728313178,10,0.025,0.15,0.9721408496738851,0.9691842576490324,0.9681752799295791,0.9695610160516578,0.961709548316351,0.9714670337255799,0.9641096893459318,0.965468735805797,0.9682019601071434,1.0,0.9668930251141632,0.9678431124332861
1,10,2.1628457083846584,0.21339414306289006,4166,2.2878268446241106,0.1524609843937575,833,2.2864147017273724,0.1557,0.9856945154012763,0.08337397178600887,,,0.99,,0.9900232707827895,0.00997672921721049,0.8766551276798502,0.14779800728313178,10,0.025,0.15,0.9704349091310625,0.9674812899968462,0.9696908346845184,0.9718909340935744,0.9649995995170586,0.9684375864585492,0.969073925343565,0.9677364055803428,0.9652954854263285,0.9668930251141632,1.0,0.9726852784464932
1,11,2.1569264274654967,0.21493038886221796,4166,2.2869023936135426,0.13805522208883553,833,2.2864158062995235,0.1557,0.9878516191851652,0.08370142926444156,,,0.99,,0.9900232707827895,0.00997672921721049,0.8768021565696398,0.14779800728313178,10,0.025,0.15,0.9768447335643922,0.9657804844205877,0.9773310016557094,0.9702031831195536,0.971425105633492,0.9694220108241055,0.9710004396684834,0.97160507120759,0.9658942400901404,0.9678431124332861,0.9726852784464932,1.0
2,0,2.076210370930758,0.24970002399808017,4167,2.2639686039515903,0.1750599520383693,834,2.2692585323430317,0.1634,0.9853583390418981,0.08347594479338961,,,0.99,,0.9900232707827895,0.00997672921721049,0.9729052952452308,0.14714270350426262,10,0.025,0.15,1.0,0.9637508053122541,0.9625687816466845,0.9634218618511589,0.9638514150080228,0.9648467822850281,0.9616883332625253,0.9611948068187467,0.9656818323713817,0.9608092991226954,0.9638071869929722,0.9674155800119455
2,1,2.075120447621201,0.2570194384449244,4167,2.2711648600442067,0.1486810551558753,834,2.269258625899689,0.1634,0.9794548021416329,0.0831700634505313,,,0.99,,0.9900232707827895,0.00997672921721049,0.9729052952452308,0.14714270350426262,10,0.025,0.15,0.9637508053122541,1.0,0.9492343746361551,0.9601445885754633,0.9494899470290281,0.9657973445037641,0.954596640096927,0.9493080977641432,0.9623358079986699,0.9596320783479944,0.9615298566459695,0.9538349050940863
2,2,2.07948699611606,0.243364530837533,4167,2.270812068666731,0.18105515587529977,834,2.269257919697822,0.1634,0.9804673815087568,0.08329249060969632,,,0.99,,0.9900232707827895,0.00997672921721049,0.9729052952452308,0.14714270350426262,10,0.025,0.15,0.9625687816466845,0.9492343746361551,1.0,0.963478282956369,0.9597179390411988,0.954426527181466,0.9548184218417676,0.9583357863206368,0.9573093988500027,0.9565063424206356,0.960819171973474,0.9642005285995673
2,3,2.0592720793955253,0.25670746340292777,4167,2.2693534919193814,0.15947242206235013,834,2.2692562115343313,0.1635,0.9834200508211091,0.08372553250048795,,,0.99,,0.9900232707827895,0.00997672921721049,0.9729052952452308,0.14714270350426262,10,0.025,0.15,0.9634218618511589,0.9601445885754633,0.963478282956369,1.0,0.9601687503592283,0.9617379410476109,0.9603734746908619,0.9597617386212157,0.9627606023045144,0.9601406573445369,0.9634535991203733,0.9605667079560107
2,4,2.066710282094551,0.2497960163186945,4167,2.2674415792737688,0.1716686674669868,833,2.269255731679216,0.1634,0.9787898927847017,0.0832601046107831,,,0.99,,0.9900232707827895,0.00997672921721049,0.9729052952452308,0.14714270350426262,10,0.025,0.15,0.9638514150080228,0.9494899470290281,0.9597179390411988,0.9601687503592283,1.0,0.9552559334760627,0.9579343655732122,0.9481869182966031,0.961070199094264,0.9517063574194699,0.9561160941025963,0.9581902122685692
2,5,2.0740826234673007,0.25471562275018,4167,2.2653086526053294,0.15966386554621848,833,2.2692570052569425,0.1634,0.9824218632764412,0.08335068356942402,,,0.99,,0.9900232707827895,0.00997672921721049,0.9729052952452308,0.14714270350426262,10,0.025,0.15,0.9648467822850281,0.9657973445037641,0.954426527181466,0.9617379410476109,0.9552559334760627,1.0,0.9599346664077388,0.9574984968113207,0.9620650991792139,0.9643697104277541,0.9599442309844369,0.9586578521738217
2,6,2.073746095642899,0.2517638588912887,4167,2.2679313250950406,0.17286914765906364,833,2.269261308863193,0.1633,0.9791359598390627,0.08313915473358313,,,0.99,,0.9900232707827895,0.00997672921721049,0.9729052952452308,0.14714270350426262,10,0.025,0.15,0.9616883332625253,0.954596640096927,0.9548184218417676,0.9603734746908619,0.9579343655732122,0.9599346664077388,1.0,0.9510773223817058,0.9569141746025497,0.9545788294540412,0.9587122384243012,0.9552694134699579
2,7,2.0738799022905754,0.249652027837773,4167,2.2722710200718472,0.1716686674669868,833,2.269258305996279,0.1634,0.9774096604678493,0.08313829874519811,,,0.99,,0.9900232707827895,0.00997672921721049,0.9729052952452308,0.14714270350426262,10,0.025,0.15,0.9611948068187467,0.9493080977641432,0.9583357863206368,0.9597617386212157,0.9481869182966031,0.9574984968113207,0.9510773223817058,1.0,0.9524388645888251,0.9498673018768171,0.956654837294895,0.9611511056237734
2,8,2.064398784348459,0.25206433029284686,4166,2.2695895603724887,0.16686674669867949,833,2.269258019290393,0.1634,0.9819116920082989,0.08330312854227051,,,0.99,,0.9900232707827895,0.00997672921721049,0.9729052952452308,0.14714270350426262,10,0.025,0.15,0.9656818323713817,0.9623358079986699,0.9573093988500027,0.9627606023045144,0.961070199094264,0.9620650991792139,0.9569141746025497,0.9524388645888251,1.0,0.9621235490872633,0.9604216038535954,0.9554120520404202
2,9,2.047328956560655,0.2684589534325492,4166,2.269336155482701,0.15006002400960383,833,2.2692621538910687,0.1634,0.9796254472092266,0.083177050722541,,,0.99,,0.9900232707827895,0.00997672921721049,0.9729052952452308,0.14714270350426262,10,0.025,0.15,0.9608092991226954,0.9596320783479944,0.9565063424206356,0.9601406573445369,0.9517063574194699,0.9643697104277541,0.9545788294540412,0.9498673018768171,0.9621235490872633,1.0,0.9575226299435768,0.9544081187948814
2,10,2.0754570317990853,0.25086413826212195,4166,2.271061216081892,0.15126050420168066,833,2.2692560304569294,0.1634,0.9821075439704499,0.08339608345955858,,,0.99,,0.9900232707827895,0.00997672921721049,0.9729052952452308,0.14714270350426262,10,0.025,0.15,0.9638071869929722,0.9615298566459695,0.960819171973474,0.9634535991203733,0.9561160941025963,0.9599442309844369,0.9587122384243012,0.956654837294895,0.9604216038535954,0.9575226299435768,1.0,0.961757853331631
2,11,2.069968103278767,0.24884781565050407,4166,2.2694852352142334,0.1524609843937575,833,2.2692565978327885,0.1635,0.9812825621245039,0.08357146426253649,,,0.99,,0.9900232707827895,0.00997672921721049,0.9729052952452308,0.14714270350426262,10,0.025,0.15,0.9674155800119455,0.9538349050940863,0.9642005285995673,0.9605667079560107,0.9581902122685692,0.9586578521738217,0.9552694134699579,0.9611511056237734,0.9554120520404202,0.9544081187948814,0.961757853331631,1.0
3,0,2.01365287881909,0.2777297816174706,4167,2.239513567515782,0.20503597122302158,834,2.2459428793267358,0.185,0.9812278809075584,0.08355405874383956,,,0.99,,0.9900232707827895,0.00997672921721049,0.9842963294924115,0.14657363806458934,10,0.025,0.15,1.0,0.958470568272594,0.9538432729176173,0.9542039897978137,0.9563513142065216,0.9551664988983296,0.9520988540345423,0.954185465945942,0.9574794690464874,0.9542682522763327,0.9533161659117382,0.9563101391459042
3,1,2.015852017836137,0.2798176145908327,4167,2.2491209506988525,0.17146282973621102,834,2.245943217337886,0.185,0.977051606076756,0.08322898994772591,,,0.99,,0.9900232707827895,0.00997672921721049,0.9842963294924115,0.14657363806458934,10,0.025,0.15,0.958470568272594,1.0,0.9429392220965338,0.9501389576072351,0.941547747352413,0.9579227020433281,0.9475768203204197,0.9484702401071506,0.9545096575906088,0.9537357434197828,0.9526724524063629,0.9488876843755842
3,2,2.016880701527451,0.2712502999760019,4167,2.2484367915562222,0.2026378896882494,834,2.245942257627656,0.185,0.976462120422018,0.08328551009125475,,,0.99,,0.9900232707827895,0.00997672921721049,0.9842963294924115,0.14657363806458934,10,0.025,0.15,0.9538432729176173,0.9429392220965338,1.0,0.9545790001121883,0.948135508157089,0.9438233954798025,0.947603658250441,0.9529641084695388,0.9485326746295469,0.9513462964277926,0.9522514549434308,0.9538429666234521
3,3,1.9990193908864802,0.27892968562514997,4167,2.2445505687168668,0.1882494004796163,834,2.2459385213972647,0.1851,0.9788851995180141,0.08363215206844497,,,0.99,,0.9900232707827895,0.00997672921721049,0.9842963294924115,0.14657363806458934,10,0.025,0.15,0.9542039897978137,0.9501389576072351,0.9545790001121883,1.0,0.9510682819231221,0.9524664584434562,0.9521853106696023,0.9514332685392132,0.9538800028276537,0.9530330214248207,0.9535529839348991,0.9515291065853945
3,4,2.009549414389061,0.2732421406287497,4167,2.242799554552351,0.1908763505402161,833,2.245939297012136,0.185,0.9742668793389139,0.08319403748503539,,,0.99,,0.9900232707827895,0.00997672921721049,0.9842963294924115,0.14657363806458934,10,0.025,0.15,0.9563513142065216,0.941547747352413,0.948135508157089,0.9510682819231221,1.0,0.9472350269724966,0.9484998645056361,0.9394217600113866,0.9528069786160234,0.9468608089910789,0.9445866373947356,0.9476225015142639
3,5,2.0134782776688085,0.2826013918886489,4167,2.2418078013828824,0.17406962785114047,833,2.2459410081935833,0.185,0.9780751880191664,0.08337399364486965,,,0.99,,0.9900232707827895,0.00997672921721049,0.9842963294924115,0.14657363806458934,10,0.025,0.15,0.9551664988983296,0.9579227020433281,0.9438233954798025,0.9524664584434562,0.9472350269724966,1.0,0.9500415739149992,0.9532959262524551,0.9529243172680923,0.9555283387513126,0.9500096389468615,0.950386807160839
3,6,2.013722732934085,0.27564194864410846,4167,2.2438275473458424,0.1992797118847539,833,2.2459456467930274,0.1846,0.9749488031632554,0.08314143933107832,,,0.99,,0.9900232707827895,0.00997672921721049,0.9842963294924115,0.14657363806458934,10,0.025,0.15,0.9520988540345423,0.9475768203204197,0.947603658250441,0.9521853106696023,0.9484998645056361,0.9500415739149992,1.0,0.9469643504773814,0.9463221985092948,0.9484364804290845,0.9464884859629077,0.9460241249022389
3,7,2.011265241016041,0.27808975281977444,4167,2.249647685459682,0.20048019207683074,833,2.2459424236152747,0.185,0.9758389236815624,0.0831698797575397,,,0.99,,0.9900232707827895,0.00997672921721049,0.9842963294924115,0.14657363806458934,10,0.025,0.15,0.954185465945942,0.9484702401071506,0.9529641084695388,0.9514332685392132,0.9394217600113866,0.9532959262524551,0.9469643504773814,1.0,0.9474974319004129,0.9438020993913564,0.9507280387517489,0.9538788182464963
3,8,2.0034956234874146,0.27810849735957754,4166,2.246868746621268,0.18007202881152462,833,2.2459421761428255,0.185,0.9778433419492689,0.0833370413396915,,,0.99,,0.9900232707827895,0.00997672921721049,0.9842963294924115,0.14657363806458934,10,0.025,0.15,0.9574794690464874,0.9545096575906088,0.9485326746295469,0.9538800028276537,0.9528069786160234,0.9529243172680923,0.9463221985092948,0.9474974319004129,1.0,0.9552245366585225,0.9505134229902347,0.9463963740634042
3,9,1.9888861555041688,0.293302928468555,4166,2.2459630966186523,0.17286914765906364,833,2.245948109445693,0.185,0.9773723755530472,0.08324375039877627,,,0.99,,0.9900232707827895,0.00997672921721049,0.9842963294924115,0.14657363806458934,10,0.025,0.15,0.9542682522763327,0.9537357434197828,0.9513462964277926,0.9530330214248207,0.9468608089910789,0.9555283387513126,0.9484364804290845,0.9438020993913564,0.9552245366585225,1.0,0.9502611096461322,0.948130710307828
3,10,2.0160008975953767,0.2767162746039366,4166,2.247971398489816,0.15966386554621848,833,2.245939794974991,0.185,0.9770011434483267,0.0833671119297474,,,0.99,,0.9900232707827895,0.00997672921721049,0.9842963294924115,0.14657363806458934,10,0.025,0.15,0.9533161659117382,0.9526724524063629,0.9522514549434308,0.9535529839348991,0.9445866373947356,0.9500096389468615,0.9464884859629077,0.9507280387517489,0.9505134229902347,0.9502611096461322,1.0,0.9517595332713237
3,11,2.010946383259513,0.2738118098895823,4166,2.245820624487741,0.1752701080432173,833,2.245939278904396,0.1852,0.9768927684628983,0.08347203526199662,,,0.99,,0.9900232707827895,0.00997672921721049,0.9842963294924115,0.14657363806458934,10,0.025,0.15,0.9563101391459042,0.9488876843755842,0.9538429666234521,0.9515291065853945,0.9476225015142639,0.950386807160839,0.9460241249022389,0.9538788182464963,0.9463963740634042,0.948130710307828,0.9517595332713237,1.0
4,0,1.9664463166034583,0.2960883129349652,4167,2.2099127769470215,0.23741007194244604,834,2.217511768582501,0.2207,0.9778881335239198,0.08358500830265118,,,0.99,,0.9900232707827895,0.00997672921721049,0.9850412137433058,0.14615405489146358,10,0.025,0.15,1.0,0.9531376967851968,0.9461104493793301,0.9504972389462324,0.9478690202993157,0.9480339717682553,0.9428509795765083,0.94664271619748,0.9516340201671165,0.9482993026822674,0.9488662603186063,0.9496852206654002
4,1,1.9659905722647002,0.2976481881449484,4167,2.222015483038766,0.20503597122302158,834,2.217512526089632,0.2207,0.9749440791403166,0.08328785348819429,,,0.99,,0.9900232707827895,0.00997672921721049,0.9850412137433058,0.14615405489146358,10,0.025,0.15,0.9531376967851968,1.0,0.9373459652073688,0.9462208469011075,0.9376352576240362,0.95267440812151,0.9406843984755445,0.9439848508357079,0.9501265428569623,0.9475337840147128,0.9478277275238232,0.9422082020611747
4,2,1.9679689252015315,0.28951283897288216,4167,2.2209418501172746,0.23261390887290168,834,2.217511050308807,0.2207,0.9729980184391472,0.08325943664487112,,,0.99,,0.9900232707827895,0.00997672921721049,0.9850412137433058,0.14615405489146358,10,0.025,0.15,0.9461104493793301,0.9373459652073688,1.0,0.9499379473964669,0.9405743234971461,0.9371214964434725,0.9402279875557327,0.9458906208833784,0.942911645244672,0.9446379223653281,0.9458183514322096,0.9460186579529142
4,3,1.9528531096198343,0.29815214782817373,4167,2.2146427971976146,0.22661870503597123,834,2.2175043021576313,0.2206,0.9773955039784281,0.08361730122204737,,,0.99,,0.9900232707827895,0.00997672921721049,0.9850412137433058,0.14615405489146358,10,0.025,0.15,0.9504972389462324,0.9462208469011075,0.9499379473964669,1.0,0.9460257202144406,0.9497965793410106,0.9453641841281524,0.9478546100938726,0.9497484416937843,0.9464067802662576,0.9490580144725949,0.9469104932641419
4,4,1.9615252834377868,0.2905927525797936,4167,2.2128617082323347,0.2304921968787515,833,2.2175070062468323,0.2207,0.9714121847112617,0.08315114191254466,,,0.99,,0.9900232707827895,0.00997672921721049,0.9850412137433058,0.14615405489146358,10,0.025,0.15,0.9478690202993157,0.9376352576240362,0.9405743234971461,0.9460257202144406,1.0,0.9442704601938193,0.939887075823421,0.9320041651861438,0.9488012492367168,0.9419320331170118,0.9402905342248612,0.9388179478449671
4,5,1.9662472222790575,0.29827213822894166,4167,2.2131500244140625,0.21008403361344538,833,2.21750934818123,0.2207,0.9761474698062139,0.08341682597645264,,,0.99,,0.9900232707827895,0.00997672921721049,0.9850412137433058,0.14615405489146358,10,0.025,0.15,0.9480339717682553,0.95267440812151,0.9371214964434725,0.9497965793410106,0.9442704601938193,1.0,0.9442466701556941,0.9486257067357119,0.9469106342543893,0.9507908635254075,0.9448543651258888,0.9460699987803796
4,6,1.9693082083355298,0.2922246220302376,4167,2.2141922201429094,0.22929171668667467,833,2.2175150460834745,0.2203,0.9709070198573799,0.0831021221158113,,,0.99,,0.9900232707827895,0.00997672921721049,0.9850412137433058,0.14615405489146358,10,0.025,0.15,0.9428509795765083,0.9406843984755445,0.9402279875557327,0.9453641841281524,0.939887075823421,0.9442466701556941,1.0,0.9386755532374955,0.9388977868401358,0.9425841932520771,0.9401328794395045,0.9387212166529804
4,7,1.9614112651709354,0.30071994240460764,4167,2.222069944654192,0.23769507803121248,833,2.2175108571595783,0.2207,0.9728513877386232,0.08318307847477936,,,0.99,,0.9900232707827895,0.00997672921721049,0.9850412137433058,0.14615405489146358,10,0.025,0.15,0.94664271619748,0.9439848508357079,0.9458906208833784,0.9478546100938726,0.9320041651861438,0.9486257067357119,0.9386755532374955,1.0,0.9431381818872367,0.9356211738684237,0.9446780569084435,0.9478189832171211
4,8,1.9551500696124453,0.2960393662986078,4166,2.2193410396575928,0.21368547418967587,833,2.2175106277948693,0.2207,0.9755321240509529,0.08337390185489203,,,0.99,,0.9900232707827895,0.00997672921721049,0.9850412137433058,0.14615405489146358,10,0.025,0.15,0.9516340201671165,0.9501265428569623,0.942911645244672,0.9497484416937843,0.9488012492367168,0.9469106342543893,0.9388977868401358,0.9431381818872367,1.0,0.9488116117749712,0.9451428440787809,0.9400838992270455
4,9,1.9401910716837103,0.3113778204512722,4166,2.2175897530147006,0.20888355342136855,833,2.2175189965887916,0.2207,0.974138526279429,0.08327074481679184,,,0.99,,0.9900232707827895,0.00997672921721049,0.9850412137433058,0.14615405489146358,10,0.025,0.15,0.9482993026822674,0.9475337840147128,0.9446379223653281,0.9464067802662576,0.9419320331170118,0.9507908635254075,0.9425841932520771,0.9356211738684237,0.9488116117749712,1.0,0.943382643046677,0.9399692870259664
4,10,1.965768682234215,0.29894383101296207,4166,2.2195726803370883,0.20408163265306123,833,2.217507839202881,0.2207,0.9746221374094781,0.08336286828786366,,,0.99,,0.9900232707827895,0.00997672921721049,0.9850412137433058,0.14615405489146358,10,0.025,0.15,0.9488662603186063,0.9478277275238232,0.9458183514322096,0.9490580144725949,0.9402905342248612,0.9448543651258888,0.9401328794395045,0.9446780569084435,0.9451428440787809,0.943382643046677,1.0,0.9454819426079434
4,11,1.96171060294816,0.292726836293807,4166,2.217104503086635,0.21248499399759904,833,2.217505439927306,0.2206,0.9734526395608661,0.0833897169031004,,,0.99,,0.9900232707827895,0.00997672921721049,0.9850412137433058,0.14615405489146358,10,0.025,0.15,0.9496852206654002,0.9422082020611747,0.9460186579529142,0.9469104932641419,0.9388179478449671,0.9460699987803796,0.9387212166529804,0.9478189832171211,0.9400838992270455,0.9399692870259664,0.9454819426079434,1.0
5,0,1.91968222061793,0.3142068634509239,4167,2.175605399268014,0.2829736211031175,834,2.1844137710861014,0.2601,0.9746779663384844,0.08355635999413034,,,0.99,,0.9900232707827895,0.00997672921721049,0.9867708515471747,0.14589332137672162,10,0.025,0.15,1.0,0.946161709257061,0.944949209687469,0.9459310764169298,0.9426638822050856,0.9395523349368675,0.9345186889988384,0.9425014172731642,0.9455950269128426,0.9440205413130741,0.9434856919152836,0.9463390069703342
5,1,1.9223821726712313,0.3138468922486201,4167,2.1904289722442627,0.24820143884892087,834,2.1844151985796194,0.2602,0.973083432818345,0.08332029422295702,,,0.99,,0.9900232707827895,0.00997672921721049,0.9867708515471747,0.14589332137672162,10,0.025,0.15,0.946161709257061,1.0,0.9343514842296787,0.9434893142037548,0.937098705763836,0.9484712788347184,0.9377571122519909,0.9405082424199074,0.9439478572955121,0.9431118987523567,0.9446522376380567,0.9377389166748266
5,2,1.924114999626622,0.30614350851931843,4167,2.1886720997946605,0.27577937649880097,834,2.184412847591352,0.2601,0.9717639313438049,0.08325967033155485,,,0.99,,0.9900232707827895,0.00997672921721049,0.9867708515471747,0.14589332137672162,10,0.025,0.15,0.944949209687469,0.9343514842296787,1.0,0.9460801325333461,0.9378291972176339,0.9335054726313923,0.9346716390857379,0.9437969169236649,0.9381213097432206,0.9428762829452212,0.9419712963468034,0.9437660108086531
5,3,1.9091008811286,0.3148548116150708,4167,2.1799086162022183,0.2565947242206235,834,2.184401584576957,0.26,0.9762872671295536,0.08362883350424703,,,0.99,,0.9900232707827895,0.00997672921721049,0.9867708515471747,0.14589332137672162,10,0.025,0.15,0.9459310764169298,0.9434893142037548,0.9460801325333461,1.0,0.9433193503800328,0.9472007651471104,0.9420755863747536,0.9454296689661893,0.9461949968536948,0.9451079859015749,0.9461897828566899,0.9434829366099073
5,4,1.917109686316866,0.3054955603551716,4167,2.1782093048095703,0.2653061224489796,833,2.184407360946076,0.2601,0.9711824150102195,0.08317362556063915,,,0.99,,0.9900232707827895,0.00997672921721049,0.9867708515471747,0.14589332137672162,10,0.025,0.15,0.9426638822050856,0.937098705763836,0.9378291972176339,0.9433193503800328,1.0,0.9437907390209745,0.9375404162757279,0.9324280021506974,0.9442882292563866,0.9400705606083293,0.9375463509158656,0.9386320570720943
5,5,1.916859969587037,0.31739860811135107,4167,2.180131503513881,0.24849939975990396,833,2.184410581105872,0.2601,0.9736540806892044,0.08341879387088469,,,0.99,,0.9900232707827895,0.00997672921721049,0.9867708515471747,0.14589332137672162,10,0.025,0.15,0.9395523349368675,0.9484712788347184,0.9335054726313923,0.9472007651471104,0.9437907390209745,1.0,0.9389942857769048,0.9447211192733082,0.9410415199849214,0.9441023036908794,0.9401735154487351,0.9423488207741832
5,6,1.926446053837285,0.30451163906887446,4167,2.179725408554077,0.2773109243697479,833,2.184418762786479,0.26,0.9685069409032137,0.08305602914808508,,,0.99,,0.9900232707827895,0.00997672921721049,0.9867708515471747,0.14589332137672162,10,0.025,0.15,0.9345186889988384,0.9377571122519909,0.9346716390857379,0.9420755863747536,0.9375404162757279,0.9389942857769048,1.0,0.9356420856020594,0.935761202854363,0.9380460874822576,0.9344698268591072,0.9345840497010143
5,7,1.9164284659154487,0.3161027117830574,4167,2.1897519656590054,0.2737094837935174,833,2.1844124009337604,0.26,0.9717053429320797,0.08321045861896632,,,0.99,,0.9900232707827895,0.00997672921721049,0.9867708515471747,0.14589332137672162,10,0.025,0.15,0.9425014172731642,0.9405082424199074,0.9437969169236649,0.9454296689661893,0.9324280021506974,0.9447211192733082,0.9356420856020594,1.0,0.9381159905232823,0.933120452203176,0.9401974874514705,0.9448104643465396
5,8,1.9082663124257868,0.3126260201632261,4166,2.1873555864606584,0.24489795918367346,833,2.184412120263788,0.26,0.9728749866296243,0.08336680241430686,,,0.99,,0.9900232707827895,0.00997672921721049,0.9867708515471747,0.14589332137672162,10,0.025,0.15,0.9455950269128426,0.9439478572955121,0.9381213097432206,0.9461949968536948,0.9442882292563866,0.9410415199849214,0.935761202854363,0.9381159905232823,1.0,0.9449616199677502,0.9412158241185339,0.9355676469810844
5,9,1.8956023367968473,0.32602016322611616,4166,2.184555326189314,0.24969987995198079,833,2.1844236458404156,0.2602,0.9727372931150415,0.08329841052077361,,,0.99,,0.9900232707827895,0.00997672921721049,0.9867708515471747,0.14589332137672162,10,0.025,0.15,0.9440205413130741,0.9431118987523567,0.9428762829452212,0.9451079859015749,0.9400705606083293,0.9441023036908794,0.9380460874822576,0.933120452203176,0.9449616199677502,1.0,0.9406958314707293,0.9371550847392608
5,10,1.9206846071012091,0.314114258281325,4166,2.1861370631626675,0.25690276110444177,833,2.184408679793153,0.2601,0.9727426004579629,0.08335565119198496,,,0.99,,0.9900232707827895,0.00997672921721049,0.9867708515471747,0.14589332137672162,10,0.025,0.15,0.9434856919152836,0.9446522376380567,0.9419712963468034,0.9461897828566899,0.9375463509158656,0.9401735154487351,0.9344698268591072,0.9401974874514705,0.9412158241185339,0.9406958314707293,1.0,0.9426645045189314
5,11,1.9195530624100656,0.30691310609697553,4166,2.1838578156062534,0.24009603841536614,833,2.1844031629683096,0.2599,0.9722146698400177,0.08335507062147002,,,0.99,,0.9900232707827895,0.00997672921721049,0.9867708515471747,0.14589332137672162,10,0.025,0.15,0.9463390069703342,0.9377389166748266,0.9437660108086531,0.9434829366099073,0.9386320570720943,0.9423488207741832,0.9345840497010143,0.9448104643465396,0.9355676469810844,0.9371550847392608,0.9426645045189314,1.0
6,0,1.8762982946453672,0.3288936885049196,4167,2.137857028416225,0.3117505995203837,834,2.147880590414699,0.2896,0.9720895302783863,0.08350848366345072,,,0.99,,0.9900232707827895,0.00997672921721049,0.9896637060375831,0.14564414151124203,10,0.025,0.15,1.0,0.9427043514653956,0.9403656178723911,0.9420703756249624,0.9370722735398394,0.9345540300262039,0.9315586875006617,0.9388132076794338,0.9408981475859278,0.9399751492689106,0.9367824116867801,0.9413410761165457
6,1,1.880705290852171,0.3279097672186225,4167,2.1556709834507535,0.2673860911270983,834,2.1478828055949153,0.2896,0.9715606573233813,0.08334489876729874,,,0.99,,0.9900232707827895,0.00997672921721049,0.9896637060375831,0.14564414151124203,10,0.025,0.15,0.9427043514653956,1.0,0.9347348920398172,0.9391704255468029,0.932933957668397,0.9442838516091449,0.9336880208022925,0.9373190251705541,0.939396541409453,0.9401383054640104,0.9426641766868805,0.9330954296309117
6,2,1.8821306998079472,0.3229661627069834,4167,2.1527486869267056,0.2997601918465228,834,2.1478793077831027,0.2896,0.9711382927091863,0.08329354015516903,,,0.99,,0.9900232707827895,0.00997672921721049,0.9896637060375831,0.14564414151124203,10,0.025,0.15,0.9403656178723911,0.9347348920398172,1.0,0.9443686144667679,0.9361613537529978,0.9311503078685673,0.9351308476569353,0.9424473854330582,0.9351842837999618,0.9408274756603595,0.9362185397374008,0.9386880363056893
6,3,1.8659474741328845,0.3271898248140149,4167,2.1419053077697754,0.29136690647482016,834,2.147862533979778,0.2895,0.9745104628774349,0.08363239045978633,,,0.99,,0.9900232707827895,0.00997672921721049,0.9896637060375831,0.14564414151124203,10,0.025,0.15,0.9420703756249624,0.9391704255468029,0.9443686144667679,1.0,0.9391094451698923,0.9431288594161426,0.9375161461274378,0.9420544533109811,0.9424755737862739,0.9417540277877459,0.9421031388670434,0.9405630490404775
6,4,1.8755441557277333,0.31977441804655626,4167,2.1400630133492604,0.2965186074429772,833,2.1478721552257296,0.2896,0.9695773251308478,0.08318927712980605,,,0.99,,0.9900232707827895,0.00997672921721049,0.9896637060375831,0.14564414151124203,10,0.025,0.15,0.9370722735398394,0.932933957668397,0.9361613537529978,0.9391094451698923,1.0,0.9403402479775214,0.9337396477748295,0.9289886974905555,0.9412561174220239,0.9386158683841909,0.9340426094639224,0.9348868808492657
6,5,1.8781249877178308,0.32999760019198465,4167,2.143832206726074,0.2857142857142857,833,2.147876492029504,0.2896,0.9717540631548492,0.08341226575015473,,,0.99,,0.9900232707827895,0.00997672921721049,0.9896637060375831,0.14564414151124203,10,0.025,0.15,0.9345540300262039,0.9442838516091449,0.9311503078685673,0.9431288594161426,0.9403402479775214,1.0,0.9343399594199098,0.9411585667482931,0.9382493554221181,0.9400941198201497,0.9371099755085469,0.937934624718035
6,6,1.88707360607205,0.3174946004319654,4167,2.1418349742889404,0.3037214885954382,833,2.1478885457485535,0.2898,0.967500446950362,0.08304862463714001,,,0.99,,0.9900232707827895,0.00997672921721049,0.9896637060375831,0.14564414151124203,10,0.025,0.15,0.9315586875006617,0.9336880208022925,0.9351308476569353,0.9375161461274378,0.9337396477748295,0.9343399594199098,1.0,0.9335063612975807,0.9326624546341825,0.9364423750657848,0.9314929855354943,0.9330004449109461
6,7,1.8755645527984157,0.33078953683705303,4167,2.1540350232805525,0.2929171668667467,833,2.1478786589224126,0.2896,0.9702164538293226,0.0832329603675984,,,0.99,,0.9900232707827895,0.00997672921721049,0.9896637060375831,0.14564414151124203,10,0.025,0.15,0.9388132076794338,0.9373190251705541,0.9424473854330582,0.9420544533109811,0.9289886974905555,0.9411585667482931,0.9335063612975807,1.0,0.9363084678604122,0.9297653793957225,0.9353402682110288,0.9388471471926673
6,8,1.86304340579293,0.33163706192990877,4166,2.152163164956229,0.27130852340936373,833,2.147878269605999,0.2896,0.9714228233427902,0.08336923107178061,,,0.99,,0.9900232707827895,0.00997672921721049,0.9896637060375831,0.14564414151124203,10,0.025,0.15,0.9408981475859278,0.939396541409453,0.9351842837999618,0.9424755737862739,0.9412561174220239,0.9382493554221181,0.9326624546341825,0.9363084678604122,1.0,0.9424158357121251,0.9371361558322252,0.9325195757901913
6,9,1.8531664711056333,0.3384541526644263,4166,2.147998401096889,0.27611044417767105,833,2.147893700418593,0.2895,0.9714822366913721,0.08332877521845322,,,0.99,,0.9900232707827895,0.00997672921721049,0.9896637060375831,0.14564414151124203,10,0.025,0.15,0.9399751492689106,0.9401383054640104,0.9408274756603595,0.9417540277877459,0.9386158683841909,0.9400941198201497,0.9364423750657848,0.9297653793957225,0.9424158357121251,1.0,0.9349933459256211,0.9342263883105772
6,10,1.8781166369264777,0.3287806048967835,4166,2.148775271006993,0.2917166866746699,833,2.1478740957718863,0.2896,0.9702439856060705,0.0833238593635231,,,0.99,,0.9900232707827895,0.00997672921721049,0.9896637060375831,0.14564414151124203,10,0.025,0.15,0.9367824116867801,0.9426641766868805,0.9362185397374008,0.9421031388670434,0.9340426094639224,0.9371099755085469,0.9314929855354943,0.9353402682110288,0.9371361558322252,0.9349933459256211,1.0,0.9368835887203044
6,11,1.874557949557449,0.32217954872779647,4166,2.1473197596413747,0.28691476590636256,833,2.1478646073160292,0.2897,0.970004717892281,0.0833156934158389,,,0.99,,0.9900232707827895,0.00997672921721049,0.9896637060375831,0.14564414151124203,10,0.025,0.15,0.9413410761165457,0.9330954296309117,0.9386880363056893,0.9405630490404775,0.9348868808492657,0.937934624718035,0.9330004449109461,0.9388471471926673,0.9325195757901913,0.9342263883105772,0.9368835887203044,1.0
