round,client_id,client_i_training_loss,client_i_training_accuracy,client_i_training_dataset_size,client_i_evaluation_loss,client_i_evaluation_accuracy,client_i_evaluation_dataset_size,client_i_central_evaluation_loss,client_i_central_evaluation_accuracy,client_i_cosine_similarity,client_i_importance_coefficient,client_i_tanh_val,tanh_normalization_value,client_i_q,client_i_mask_order,client_i_v_nonzero_fraction,client_i_v_sparsity,client_i_v_cosine_similarity,client_i_reward_gradient_norm,local_epochs,learning_rate,gamma,client_0_cosine_similarity,client_1_cosine_similarity,client_2_cosine_similarity,client_3_cosine_similarity,client_4_cosine_similarity,client_5_cosine_similarity,client_6_cosine_similarity,client_7_cosine_similarity,client_8_cosine_similarity,client_9_cosine_similarity,client_10_cosine_similarity,client_11_cosine_similarity
0,0,0.3351495486225897,0.8936,5000,2.1815696204150163,0.4052757793764988,834,2.178001024471685,0.4221,0.7936081912263032,0.08319788272491133,,,0.8694104883993914,,0.8694192058631595,0.13058079413684054,0,0.3973993435749595,5,0.1,0.5,1.0,0.5940567159752851,0.6042865487115995,0.6012711280750264,0.6027884601248998,0.5919609029969367,0.5972497059469207,0.6014123725813328,0.6026294802082209,0.5839282275934946,0.6001564008345885,0.5903320424863173
0,1,0.3445782552479179,0.89064,5000,2.1718522089499013,0.43285371702637887,834,2.1780103273665943,0.4218,0.7915423960595733,0.08298131517191051,,,0.8506249026257371,,0.8506400281110386,0.14935997188896144,0,0.3973731662431274,5,0.1,0.5,0.5940567159752851,1.0,0.5977493077869455,0.5924100761897442,0.6005768721526076,0.5979616184773832,0.6025890302591064,0.5893071800705314,0.5983058856660906,0.5852909717221759,0.5963929480847634,0.5957261656268942
0,2,0.34906086513570916,0.89212,5000,2.1794605784946017,0.45083932853717024,834,2.1779948179714217,0.4222,0.8024703808529874,0.08412695001705645,,,0.9499999999132576,,0.9500025099141609,0.04999749008583909,0,0.3974472105113079,5,0.1,0.5,0.6042865487115995,0.5977493077869455,1.0,0.6083562860662587,0.6019414339342444,0.6090285403085693,0.6137499442145569,0.6061098222181002,0.6063620065304938,0.6057546568666,0.605517560449831,0.5957505568231302
0,3,0.34920003222432106,0.89068,5000,2.166091530411332,0.43884892086330934,834,2.178010226819462,0.4218,0.7918280423925201,0.08301126089370629,,,0.8532224659151302,,0.8532352793534461,0.14676472064655388,0,0.3973772384482522,5,0.1,0.5,0.6012711280750264,0.5924100761897442,0.6083562860662587,1.0,0.6006258208207008,0.6033199172864234,0.5968472965199467,0.6033535318402115,0.5929039395767974,0.5868526394694409,0.5872633015118753,0.5798875568297254
0,4,0.33703412965984103,0.89204,5000,2.17506100513317,0.4225690276110444,833,2.1779914054626857,0.4225,0.7991463170194126,0.0837784719191067,,,0.9197721790390463,,0.9197831434164951,0.08021685658350486,0,0.3974384125350928,5,0.1,0.5,0.6027884601248998,0.6005768721526076,0.6019414339342444,0.6006258208207008,1.0,0.6016461775723426,0.6070845663447902,0.5970703573448791,0.5989961093654916,0.6046196915337149,0.6051179916553666,0.6024315928830714
0,5,0.33695146153164895,0.89324,5000,2.1788299878438315,0.43337334933973587,833,2.178005442451745,0.4226,0.7953517674804014,0.0833806704711999,,,0.885265933218792,,0.885281863360273,0.11471813663972696,0,0.39741595760379567,5,0.1,0.5,0.5919609029969367,0.5979616184773832,0.6090285403085693,0.6033199172864234,0.6016461775723426,1.0,0.6063645084835194,0.5896092662149319,0.5962811308481715,0.603302491323934,0.6037802230891445,0.5834488387167228
0,6,0.3335904779980422,0.89688,5000,2.184164621211864,0.39135654261704683,833,2.177992178609196,0.4224,0.8001155210386645,0.08388007838338175,,,0.9285857659469132,,0.9286029817780231,0.07139701822197686,0,0.39744190776589117,5,0.1,0.5,0.5972497059469207,0.6025890302591064,0.6137499442145569,0.5968472965199467,0.6070845663447902,0.6063645084835194,1.0,0.6028529162335091,0.6090698461027884,0.6006824132768386,0.6069826162583559,0.5886712772611994
0,7,0.33539897851812045,0.8944,5000,2.1747356520758734,0.4237695078031212,833,2.17799883147779,0.4225,0.7946240621598297,0.08330438151326251,,,0.878648447159326,,0.8786607098037247,0.12133929019627532,0,0.3974096976429415,5,0.1,0.5,0.6014123725813328,0.5893071800705314,0.6061098222181002,0.6033535318402115,0.5970703573448791,0.5896092662149319,0.6028529162335091,1.0,0.6106467001659506,0.5876319619414335,0.5990549334696033,0.5927131316838977
0,8,0.3463524271010356,0.8926,5000,2.183630007284659,0.39615846338535415,833,2.177998302843624,0.4224,0.7975829641964556,0.0836145778889543,,,0.9055556201937499,,0.905582049093921,0.09441795090607896,0,0.39743111624715455,5,0.1,0.5,0.6026294802082209,0.5983058856660906,0.6063620065304938,0.5929039395767974,0.5989961093654916,0.5962811308481715,0.6090698461027884,0.6106467001659506,1.0,0.5988094456670827,0.5997119283461977,0.5942700850211151
0,9,0.34486584547598653,0.89292,5000,2.1841315693325467,0.4417767106842737,833,2.1780145084515166,0.4216,0.7910011120304485,0.08292456968254454,,,0.8457026636154061,,0.8457256161839265,0.1542743838160735,0,0.39736479154474574,5,0.1,0.5,0.5839282275934946,0.5852909717221759,0.6057546568666,0.5868526394694409,0.6046196915337149,0.603302491323934,0.6006824132768386,0.5876319619414335,0.5988094456670827,1.0,0.5994894105730436,0.5888416632535348
0,10,0.34796249517921807,0.89252,5000,2.1787529521518283,0.43337334933973587,833,2.178009056054746,0.4225,0.7955566542420217,0.08340214976659228,,,0.887129098500757,,0.8871442196676874,0.11285578033231258,0,0.39741761600855097,5,0.1,0.5,0.6001564008345885,0.5963929480847634,0.605517560449831,0.5872633015118753,0.6051179916553666,0.6037802230891445,0.6069826162583559,0.5990549334696033,0.5997119283461977,0.5994894105730436,1.0,0.5851906746997788
0,11,0.35170217893519407,0.89016,5000,2.188761861236007,0.3985594237695078,833,2.1780728196945436,0.4224,0.7859753256247995,0.08239769156737345,,,0.8,,0.8,0.19999999999999996,0,0.39725512488613296,5,0.1,0.5,0.5903320424863173,0.5957261656268942,0.5957505568231302,0.5798875568297254,0.6024315928830714,0.5834488387167228,0.5886712772611994,0.5927131316838977,0.5942700850211151,0.5888416632535348,0.5851906746997788,1.0
1,0,0.2952458480989952,0.90936,5000,2.017143695442765,0.7697841726618705,834,2.0119251047079554,0.7795,0.8127115506611788,0.08320794055975243,,,0.8709760536339729,,0.8709954319562271,0.12900456804377292,0.9616989153768168,0.4068291511536043,5,0.1,0.5,1.0,0.6271206641998311,0.6304453045449576,0.6235380816220849,0.6290511440896988,0.6275142946655478,0.6340718563212066,0.6291247527488292,0.6410349094073674,0.6321806835271777,0.6349766311487146,0.6276277716850902
1,1,0.30400598444353055,0.90768,5000,2.003735414257756,0.8057553956834532,834,2.0119967331139805,0.7791,0.8091636742457379,0.08294155167705262,,,0.8408639891255991,,0.8408814818533206,0.15911851814667943,0.961609908154794,0.4067832684907313,5,0.1,0.5,0.6271206641998311,1.0,0.6268163484607515,0.6237791903201707,0.6302062589532105,0.6293383448020093,0.6331542739055862,0.6246908829814718,0.6272765140197701,0.6321545276489177,0.624671853028467,0.6238460502127746
1,2,0.3091749176899102,0.90764,5000,2.015328786991261,0.7925659472422062,834,2.0118763058330305,0.7794,0.8151686082105337,0.08390703247166732,,,0.9499999998869619,,0.9500025099141609,0.04999749008583909,0.9618398062833862,0.40687590848988253,5,0.1,0.5,0.6304453045449576,0.6268163484607515,1.0,0.6246614625356955,0.6323090591077505,0.6333070408969786,0.6359794263314587,0.6355353895365508,0.6403780529806502,0.638532958646549,0.6333160385813407,0.6252585469971919
1,3,0.3108867784321403,0.90516,5000,1.996379600630866,0.7865707434052758,834,2.0119997571451593,0.7789,0.8075346303850367,0.08290469864733012,,,0.8366981966304835,,0.8367150243461674,0.1632849756538326,0.9616033022220063,0.40677508182987715,5,0.1,0.5,0.6235380816220849,0.6237791903201707,0.6246614625356955,1.0,0.6337030365685935,0.6330593913234046,0.629359741382319,0.6218913517136132,0.6219930488355456,0.6243849396519028,0.6271437992020256,0.6234894197728891
1,4,0.2955263300348002,0.90548,5000,2.007459450651098,0.7935174069627852,833,2.0118953153348196,0.7792,0.8165859278040315,0.08372612597665212,,,0.9295506928713223,,0.9295667888158226,0.07043321118417745,0.9618031646767844,0.4068710501271751,5,0.1,0.5,0.6290511440896988,0.6302062589532105,0.6323090591077505,0.6337030365685935,1.0,0.634853711310088,0.6412571087253733,0.634181219016927,0.6440111125304482,0.6366201419956391,0.6314006949384577,0.624304234259968
1,5,0.29564740640010423,0.91012,5000,2.0148397904855235,0.7623049219687875,833,2.011937218352248,0.7793,0.8158196771730954,0.08343672928496479,,,0.8968378718245862,,0.8968525676421867,0.10314743235781332,0.9617556816530958,0.40685408551860996,5,0.1,0.5,0.6275142946655478,0.6293383448020093,0.6333070408969786,0.6330593913234046,0.634853711310088,1.0,0.6402461656844252,0.6330148853920745,0.6368773082444944,0.634824458711193,0.6319993540832115,0.6312036357815803
1,6,0.29782733331155625,0.90916,5000,2.0187985367245145,0.7707082833133253,833,2.0118850964707686,0.7794,0.8175664810735275,0.08382732821126897,,,0.9409903903027208,,0.9410069775613674,0.05899302243863258,0.961819381723332,0.40687411915070026,5,0.1,0.5,0.6340718563212066,0.6331542739055862,0.6359794263314587,0.629359741382319,0.6412571087253733,0.6402461656844252,1.0,0.6370581766352758,0.6398575959824117,0.6326137209210394,0.6291661365542865,0.6282789318564567
1,7,0.2959203549915818,0.90864,5000,2.0072396066453724,0.7815126050420168,833,2.011926302894617,0.7794,0.8140628922521836,0.08332526459046612,,,0.8842381265306636,,0.8842477787259676,0.1157522212740324,0.9617481618221176,0.4068436292568043,5,0.1,0.5,0.6291247527488292,0.6246908829814718,0.6355353895365508,0.6218913517136132,0.634181219016927,0.6330148853920745,0.6370581766352758,1.0,0.6365318569434187,0.6247443157815743,0.6397865452488514,0.6327659423672934
1,8,0.30823004479775096,0.90576,5000,2.01944461133745,0.7887154861944778,833,2.0119061946107175,0.7792,0.8178301040112198,0.08366112287078263,,,0.9222028722815553,,0.9222227799809246,0.07777722001907539,0.961783777225408,0.4068683090742042,5,0.1,0.5,0.6410349094073674,0.6272765140197701,0.6403780529806502,0.6219930488355456,0.6440111125304482,0.6368773082444944,0.6398575959824117,0.6365318569434187,1.0,0.6337344389050702,0.6307817746646428,0.6322400309470221
1,9,0.3031681831540528,0.90584,5000,2.0228297489660756,0.7743097238895558,833,2.0119645313713876,0.7794,0.8144690611377963,0.08308850914549865,,,0.8574757663326105,,0.857492093770393,0.14250790622960696,0.961641430764186,0.40681117667623046,5,0.1,0.5,0.6321806835271777,0.6321545276489177,0.638532958646549,0.6243849396519028,0.6366201419956391,0.634824458711193,0.6326137209210394,0.6247443157815743,0.6337344389050702,1.0,0.634342544713359,0.6308948171109812
1,10,0.30644534638115933,0.90632,5000,2.0084093102702387,0.7671068427370948,833,2.011939197683487,0.7794,0.8141724425923569,0.08339365156543482,,,0.8919684528900815,,0.8919783143416495,0.10802168565835046,0.9617563849395848,0.406850357458478,5,0.1,0.5,0.6349766311487146,0.624671853028467,0.6333160385813407,0.6271437992020256,0.6314006949384577,0.6319993540832115,0.6291661365542865,0.6397865452488514,0.6307817746646428,0.634342544713359,1.0,0.6325694679863446
1,11,0.3129204957775629,0.90328,5000,2.0208926024260343,0.7575030012004802,833,2.0122053821246846,0.7785,0.8098538052458877,0.08258004499912962,,,0.8,,0.8,0.19999999999999996,0.9611095693208682,0.4066758874870381,5,0.1,0.5,0.6276277716850902,0.6238460502127746,0.6252585469971919,0.6234894197728891,0.624304234259968,0.6312036357815803,0.6282789318564567,0.6327659423672934,0.6322400309470221,0.6308948171109812,0.6325694679863446,1.0
2,0,0.2646047531336451,0.91972,5000,1.8138157350045663,0.8860911270983214,834,1.8065123664685332,0.889,0.8123018412718112,0.0831880359682089,,,0.8659596422305825,,0.8659756036343557,0.13402439636564434,0.9695866936186534,0.4069957863796356,5,0.1,0.5,1.0,0.6302033690954055,0.6401921543915602,0.6290635042295329,0.6265192345823483,0.6286108281015611,0.6390955588859814,0.6283036491014364,0.6366215580464428,0.6238722425376056,0.6319753865228523,0.6215243867374057
2,1,0.27216888024430175,0.91704,5000,1.795095509952969,0.9016786570743405,834,1.8066343328061576,0.889,0.8129689325360575,0.08303529280938877,,,0.8474923100519247,,0.847502635409869,0.15249736459013097,0.9694258504222454,0.4069652742997396,5,0.1,0.5,0.6302033690954055,1.0,0.6337249569896342,0.6263330110923296,0.6343358258060827,0.6349934862616736,0.6388435515010054,0.6267458873807241,0.6322647916325097,0.6244192546474102,0.638793478951102,0.6230379643005586
2,2,0.2790838990431682,0.91636,5000,1.8120434284210205,0.8932853717026379,834,1.8063909439994885,0.8892,0.8169519396853352,0.08381137094901286,,,0.9413236339013367,,0.9413382862306109,0.05866171376938911,0.9697533968777895,0.40705112829959256,5,0.1,0.5,0.6401921543915602,0.6337249569896342,1.0,0.631187917079271,0.6354387970349784,0.631967459498021,0.6398853345897083,0.636458870998832,0.6370399464912591,0.6338091020436872,0.6360973397688053,0.6226016487565114
2,3,0.28322640412315064,0.91548,5000,1.7862718679286815,0.894484412470024,834,1.8066614889108334,0.889,0.8119775155679527,0.08297649295019219,,,0.8403831436563254,,0.8404045981627428,0.15959540183725718,0.9693942119848502,0.4069512594426956,5,0.1,0.5,0.6290635042295329,0.6263330110923296,0.631187917079271,1.0,0.6307897938331594,0.6367611789714601,0.6378347678871035,0.6185510146934413,0.6284378799137852,0.6307629025788133,0.6403434111023769,0.6241883994510576
2,4,0.26464989942373934,0.918,5000,1.8002797850856074,0.8871548619447779,833,1.8064386475200471,0.8892,0.8138619827413602,0.08358449005550586,,,0.9138927174678302,,0.9139049244515838,0.08609507554841622,0.9697146817294154,0.40704044129066164,5,0.1,0.5,0.6265192345823483,0.6343358258060827,0.6354387970349784,0.6307897938331594,1.0,0.6281503537839294,0.6390986454347358,0.6298021347947497,0.6378544061805959,0.6266657506018674,0.6358897006466796,0.6244450811760636
2,5,0.2684178179901117,0.91852,5000,1.813329568615666,0.879951980792317,833,1.8065017659824116,0.8892,0.8155860065389421,0.08345329022428842,,,0.8980300701087449,,0.898047286782792,0.101952713217208,0.9696737473916106,0.4070301936544124,5,0.1,0.5,0.6286108281015611,0.6349934862616736,0.631967459498021,0.6367611789714601,0.6281503537839294,1.0,0.6412779800646252,0.6247975280194454,0.6374173901782813,0.6283191487740638,0.6370758336218726,0.637927499132668
2,6,0.2640078160807989,0.92112,5000,1.8151046964857314,0.8835534213685474,833,1.8064087058027711,0.8892,0.82053085995117,0.08388313310359488,,,0.9499999998790954,,0.9500025099141609,0.04999749008583909,0.9697408217719621,0.40705298891436126,5,0.1,0.5,0.6390955588859814,0.6388435515010054,0.6398853345897083,0.6378347678871035,0.6390986454347358,0.6412779800646252,1.0,0.6304023331376398,0.6392561049944928,0.6353512331253625,0.640943084799393,0.631825952825373
2,7,0.2697399368177459,0.91812,5000,1.800675149317141,0.8871548619447779,833,1.806513272535306,0.889,0.8095177746343858,0.08316874762590788,,,0.8636275952361377,,0.8636413834646856,0.13635861653531445,0.9695986367618146,0.4069926250611102,5,0.1,0.5,0.6283036491014364,0.6267458873807241,0.636458870998832,0.6185510146934413,0.6298021347947497,0.6247975280194454,0.6304023331376398,1.0,0.6344022142283597,0.6245824631241614,0.6327095562829862,0.6215107257215176
2,8,0.2753198900420195,0.91676,5000,1.815850509537591,0.9003601440576231,833,1.8064476430606538,0.8891,0.8172350975579472,0.08365880759929428,,,0.9228780414485854,,0.9228954369760555,0.07710456302394453,0.9697159600773932,0.407044870567588,5,0.1,0.5,0.6366215580464428,0.6322647916325097,0.6370399464912591,0.6284378799137852,0.6378544061805959,0.6374173901782813,0.6392561049944928,0.6344022142283597,1.0,0.6365197330893603,0.6359821934407942,0.6264464281427972
2,9,0.27702953287157095,0.9152,5000,1.8221534313978973,0.8823529411764706,833,1.8065951910262672,0.889,0.8113262669536668,0.08307524965816591,,,0.8523232720726122,,0.8523367300838312,0.14766326991616885,0.9695225520305396,0.4069742931257912,5,0.1,0.5,0.6238722425376056,0.6244192546474102,0.6338091020436872,0.6307629025788133,0.6266657506018674,0.6283191487740638,0.6353512331253625,0.6245824631241614,0.6365197330893603,1.0,0.6296261157251148,0.6332170618449118
2,10,0.2765310160127605,0.9204,5000,1.7992156788154885,0.8835534213685474,833,1.80651291795432,0.8892,0.8183986067653719,0.0835226047689761,,,0.9064105090851797,,0.9064304000803173,0.09356959991968272,0.9696561525107218,0.40703596544638854,5,0.1,0.5,0.6319753865228523,0.638793478951102,0.6360973397688053,0.6403434111023769,0.6358897006466796,0.6370758336218726,0.640943084799393,0.6327095562829862,0.6359821934407942,0.6296261157251148,1.0,0.6354941406673213
2,11,0.27538924915063534,0.9166,5000,1.813121415950634,0.885954381752701,833,1.8070626807289,0.8883,0.8085367750019179,0.08264248428746383,,,0.8,,0.8,0.19999999999999996,0.9690649568698351,0.40683782954925585,5,0.1,0.5,0.6215243867374057,0.6230379643005586,0.6226016487565114,0.6241883994510576,0.6244450811760636,0.637927499132668,0.631825952825373,0.6215107257215176,0.6264464281427972,0.6332170618449118,0.6354941406673213,1.0
3,0,0.24079544370412637,0.92596,5000,1.5818131941336173,0.9172661870503597,834,1.572034298421476,0.921,0.8069159176502282,0.08319522734120215,,,0.8732653432368517,,0.8732794538426786,0.12672054615732142,0.9711592417016414,0.40400783314752037,5,0.1,0.5,1.0,0.6214451479229148,0.6230073532778476,0.6158104212436067,0.6231110097822264,0.6222746124619473,0.617205177574525,0.61926618108623,0.6268750143282937,0.6225004410767577,0.6245420257470093,0.6095838124336151
3,1,0.25236262191015824,0.9232,5000,1.55660022188116,0.9364508393285371,834,1.5721442623260302,0.9209,0.804737314727891,0.08301818276814785,,,0.8491584047349406,,0.8491742382410522,0.1508257617589478,0.9710616501075404,0.40396652877421885,5,0.1,0.5,0.6214451479229148,1.0,0.6199581396602835,0.6171776612434173,0.625827903756386,0.6172467934353575,0.623943111086231,0.6079055359072812,0.6221602262722797,0.6252819100018767,0.6143589009891878,0.6098908490348774
3,2,0.2530202253620811,0.925,5000,1.5802054228606048,0.9232613908872902,834,1.57185461422125,0.9213,0.8076522016772796,0.0836335819913044,,,0.9329530727714965,,0.9329702324180513,0.06702976758194867,0.9713515731558522,0.40405554544877165,5,0.1,0.5,0.6230073532778476,0.6199581396602835,1.0,0.620430619136213,0.6234009403586004,0.6267344577602976,0.6200528858054757,0.613215464225143,0.6263827665500359,0.6254622924260538,0.6162299798486868,0.6151188113929508
3,3,0.25205605798430597,0.92588,5000,1.547746808440597,0.9244604316546763,834,1.572181788496316,0.9209,0.8058360974781541,0.0830175410877189,,,0.8490710315363637,,0.8490838813312584,0.15091611866874155,0.9710277670346519,0.40396643172537644,5,0.1,0.5,0.6158104212436067,0.6171776612434173,0.620430619136213,1.0,0.6249290166942263,0.6238804627467796,0.6214327300364579,0.6102531627170281,0.6199895322432777,0.6210026647019906,0.627327833915173,0.6138884186457264
3,4,0.2431298806160024,0.92652,5000,1.5646831856833563,0.9135654261704682,833,1.571913442672632,0.9211,0.8141986249617431,0.08371148746509895,,,0.9435609238528817,,0.9435771296621656,0.05642287033783444,0.971328793030224,0.40405907731922136,5,0.1,0.5,0.6231110097822264,0.625827903756386,0.6234009403586004,0.6249290166942263,1.0,0.6252211456436503,0.6281596263384895,0.6267476346118864,0.6294290518846317,0.635422886313777,0.6306320005320798,0.6216785162968463
3,5,0.2422582280472111,0.9256,5000,1.5828215237017031,0.9111644657863145,833,1.571988020080347,0.9212,0.8106075484249384,0.08349948677760778,,,0.914694252327486,,0.9147080969830832,0.0852919030169168,0.9712902400086237,0.40404697187202326,5,0.1,0.5,0.6222746124619473,0.6172467934353575,0.6267344577602976,0.6238804627467796,0.6252211456436503,1.0,0.6269041031488993,0.6175663041667329,0.6283313478341502,0.6285281229148957,0.6214073724064499,0.6221728080076104
3,6,0.24100569399061855,0.92824,5000,1.581650491114016,0.9267707082833133,833,1.571868679013115,0.9212,0.809881491905515,0.08375877689851802,,,0.9499999998638369,,0.9500025099141609,0.04999749008583909,0.971363881633453,0.4040605448873363,5,0.1,0.5,0.617205177574525,0.623943111086231,0.6200528858054757,0.6214327300364579,0.6281596263384895,0.6269041031488993,1.0,0.6210599354220466,0.6259629858251232,0.6210399859133106,0.6276765025949004,0.6178419586694895
3,7,0.2419572061271804,0.92536,5000,1.5657911477265534,0.9231692677070829,833,1.5720095280260324,0.9211,0.8031588623217166,0.08305153730034866,,,0.8537000613508616,,0.8537171828723458,0.14628281712765423,0.9711209973778842,0.40397558386939575,5,0.1,0.5,0.61926618108623,0.6079055359072812,0.613215464225143,0.6102531627170281,0.6267476346118864,0.6175663041667329,0.6210599354220466,1.0,0.6189645121425154,0.6199207502367404,0.6231585449940703,0.611210974912156
3,8,0.2517659116832978,0.92316,5000,1.5830449263254802,0.9267707082833133,833,1.5719252348707888,0.9211,0.8111431698589179,0.08365422023970442,,,0.9357632407217675,,0.9357813362782993,0.06421866372170071,0.9713367010888947,0.40405661390088216,5,0.1,0.5,0.6268750143282937,0.6221602262722797,0.6263827665500359,0.6199895322432777,0.6294290518846317,0.6283313478341502,0.6259629858251232,0.6189645121425154,1.0,0.632104471256175,0.6188899809162882,0.6154233167029508
3,9,0.2475987858477102,0.925,5000,1.5921562954231545,0.9207683073229291,833,1.5721217569070882,0.921,0.8122332823788978,0.08330584441218922,,,0.8883273069081639,,0.8883389388082927,0.11166106119170727,0.9711567964247323,0.4040260738431087,5,0.1,0.5,0.6225004410767577,0.6252819100018767,0.6254622924260538,0.6210026647019906,0.635422886313777,0.6285281229148957,0.6210399859133106,0.6199207502367404,0.632104471256175,1.0,0.6233013739352109,0.6231794471070249
3,10,0.2529746832361647,0.9252,5000,1.5611640170768455,0.9159663865546218,833,1.5720010386488308,0.9211,0.8092179692094441,0.08349695683381016,,,0.9143497673286495,,0.914361728828874,0.08563827117112599,0.9713000561311925,0.4040467255502297,5,0.1,0.5,0.6245420257470093,0.6143589009891878,0.6162299798486868,0.627327833915173,0.6306320005320798,0.6214073724064499,0.6276765025949004,0.6231585449940703,0.6188899809162882,0.6233013739352109,1.0,0.6190053334749839
3,11,0.2569601198314292,0.91988,5000,1.576229492823283,0.9111644657863145,833,1.5727467734973652,0.9209,0.8018401642713642,0.08265715688434937,,,0.8,,0.8,0.19999999999999996,0.9706508757243041,0.4038189906886324,5,0.1,0.5,0.6095838124336151,0.6098908490348774,0.6151188113929508,0.6138884186457264,0.6216785162968463,0.6221728080076104,0.6178419586694895,0.611210974912156,0.6154233167029508,0.6231794471070249,0.6190053334749839,1.0
4,0,0.22211332595165653,0.93356,5000,1.335314984674807,0.934052757793765,834,1.3225525678537142,0.9375,0.7955872531691703,0.0831650797641924,,,0.8535367395767804,,0.853551528537724,0.14644847146227602,0.9715264666728156,0.3987965608513144,5,0.1,0.5,1.0,0.6036963010680352,0.598413482335742,0.5982295857152079,0.6043924166094566,0.5997860800262559,0.6011720302635936,0.5919104869137098,0.6101898355933351,0.5967963711857319,0.6121635842507351,0.600280832492693
4,1,0.2295264517188452,0.9294,5000,1.3024457958009508,0.9484412470023981,834,1.3227148547340124,0.9375,0.7951255653630995,0.08303119458267207,,,0.8345802669059285,,0.8345966567943376,0.1654033432056624,0.9714026707428444,0.3987527080905108,5,0.1,0.5,0.6036963010680352,1.0,0.6010077196879606,0.601271203726955,0.6076929078200284,0.5995724472692903,0.606095339848494,0.5902492031568164,0.6065801599509042,0.5986804309702248,0.5994235389557176,0.5991711823584597
4,2,0.23871993361527374,0.93008,5000,1.3328380187352498,0.9424460431654677,834,1.3224386936559465,0.9377,0.7949040468337272,0.08343265633157443,,,0.8914222458691037,,0.8914361728828875,0.10856382711711254,0.9717118688496585,0.3988528458869716,5,0.1,0.5,0.598413482335742,0.6010077196879606,1.0,0.6075140324652801,0.6037513512129916,0.6041758881047926,0.5987284037246454,0.5927628231778294,0.6026556724191401,0.6004557819275228,0.6040324382905757,0.5949175536127397
4,3,0.2351055627320982,0.9296,5000,1.2948687650539257,0.9388489208633094,834,1.3227521817143353,0.9375,0.7968850168536098,0.08309234477012963,,,0.843238371142659,,0.8432508408212439,0.1567491591787561,0.9714368549540328,0.3987738728202992,5,0.1,0.5,0.5982295857152079,0.601271203726955,0.6075140324652801,1.0,0.6088611554853154,0.6090622594717906,0.6060911413028526,0.5897257001997692,0.6039021932066609,0.6030688694211253,0.6065055276551233,0.595969152069301
4,4,0.22476031202348365,0.93148,5000,1.314405463359974,0.936374549819928,833,1.3224682297569494,0.9377,0.8015326096266188,0.08371644508296829,,,0.9316031953140247,,0.9316249184277897,0.06837508157221028,0.9717893108703285,0.39888221157781967,5,0.1,0.5,0.6043924166094566,0.6076929078200284,0.6037513512129916,0.6088611554853154,1.0,0.6028667438557447,0.6149309689495829,0.5935078058409865,0.6153377113929897,0.6075330964586498,0.611249987325964,0.6013324648977182
4,5,0.22508892842752348,0.9322,5000,1.337501221232944,0.9267707082833133,833,1.3225736054368675,0.9377,0.8001278498447427,0.08352631015110451,,,0.90468245921223,,0.9046985593092717,0.09530144069072832,0.971726938274954,0.39886576589074385,5,0.1,0.5,0.5997860800262559,0.5995724472692903,0.6041758881047926,0.6090622594717906,0.6028667438557447,1.0,0.6087639935428361,0.5978118518802478,0.619810653167871,0.6020045064828468,0.6097258677893443,0.605462725205812
4,6,0.22580874745265408,0.93252,5000,1.3325918868735984,0.9423769507803121,833,1.3224164247512817,0.9376,0.8010592427088615,0.08373132376582193,,,0.9337098313262449,,0.933723206666332,0.06627679333366798,0.9717980149841764,0.39888303961637483,5,0.1,0.5,0.6011720302635936,0.606095339848494,0.5987284037246454,0.6060911413028526,0.6149309689495829,0.6087639935428361,1.0,0.5946242549854441,0.6208908503370039,0.5993678681588782,0.6093416970787209,0.6067113722308004
4,7,0.22805315397774717,0.932,5000,1.3168759169401947,0.9375750300120048,833,1.322630814089181,0.9376,0.7879801032078155,0.08280329869541618,,,0.8023130502542526,,0.8023292003413484,0.19767079965865164,0.9712701256009562,0.3986474146571682,5,0.1,0.5,0.5919104869137098,0.5902492031568164,0.5927628231778294,0.5897257001997692,0.5935078058409865,0.5978118518802478,0.5946242549854441,1.0,0.6036028471715429,0.5915261131014024,0.6037155299897512,0.5954972149429736
4,8,0.22794905347025887,0.93044,5000,1.3348936946303755,0.943577430972389,833,1.3224593747538118,0.9377,0.8063332770764502,0.08384637745797215,,,0.9499999998584124,,0.9500025099141609,0.04999749008583909,0.9718012532423149,0.3988877890981678,5,0.1,0.5,0.6101898355933351,0.6065801599509042,0.6026556724191401,0.6039021932066609,0.6153377113929897,0.619810653167871,0.6208908503370039,0.6036028471715429,1.0,0.6135893590552147,0.6154857965190307,0.605623558372923
4,9,0.22866082152078865,0.93112,5000,1.3471773553777624,0.9315726290516206,833,1.3226897887909375,0.9375,0.7959921610243379,0.08325280630034022,,,0.8659577234833673,,0.8659756036343557,0.13402439636564434,0.971597260426053,0.39881864119466276,5,0.1,0.5,0.5967963711857319,0.5986804309702248,0.6004557819275228,0.6030688694211253,0.6075330964586498,0.6020045064828468,0.5993678681588782,0.5915261131014024,0.6135893590552147,1.0,0.6052316368735007,0.6021147375884471
4,10,0.2263265481088192,0.93324,5000,1.309263582582827,0.936374549819928,833,1.3225712117295676,0.9377,0.8027158175019081,0.08361520094129016,,,0.917268286976811,,0.9172832689122032,0.08271673108779676,0.9717526862258316,0.39887482260735374,5,0.1,0.5,0.6121635842507351,0.5994235389557176,0.6040324382905757,0.6065055276551233,0.611249987325964,0.6097258677893443,0.6093416970787209,0.6037155299897512,0.6154857965190307,0.6052316368735007,1.0,0.6069746053905136
4,11,0.23374683116592324,0.92732,5000,1.3243154287338257,0.9339735894357744,833,1.3233933494494745,0.9375,0.7950065431101265,0.08278696215651818,,,0.8,,0.8,0.19999999999999996,0.971110466854261,0.3986366056369749,5,0.1,0.5,0.600280832492693,0.5991711823584597,0.5949175536127397,0.595969152069301,0.6013324648977182,0.605462725205812,0.6067113722308004,0.5954972149429736,0.605623558372923,0.6021147375884471,0.6069746053905136,1.0
5,0,0.20401186153506207,0.93924,5000,1.091021180152893,0.9424460431654677,834,1.0750037391726581,0.9437,0.7848028413297533,0.08317570974498535,,,0.8480563083008033,,0.8480748958385623,0.15192510416143767,0.9698350750089425,0.3929454061643858,5,0.1,0.5,1.0,0.5836514295291227,0.5802867208926963,0.5774563179747059,0.5822895488769733,0.5792719335416856,0.5924767562387562,0.5775929943468964,0.5894342786913691,0.5792919479164519,0.5835761979652164,0.5785579307645012
5,1,0.21175116092266194,0.93552,5000,1.0501398642857869,0.947242206235012,834,1.0751924729956606,0.9437,0.7832414653975376,0.0830313286828239,,,0.8292414656233188,,0.8292555594598665,0.1707444405401335,0.9696931428838361,0.3928961934503514,5,0.1,0.5,0.5836514295291227,1.0,0.5818034547340134,0.5792203667615388,0.5838098995950038,0.579176276930983,0.59292146430183,0.5704249543936909,0.5845244452259774,0.5831140672287353,0.5742393979852518,0.5769441934795506
5,2,0.21728083906327464,0.93576,5000,1.0861238395726238,0.9448441247002398,834,1.074867398403704,0.9436,0.7850294794167147,0.08336248507586999,,,0.8723957085934806,,0.8724060037146729,0.12759399628532708,0.9699935938590755,0.39299021139576273,5,0.1,0.5,0.5802867208926963,0.5818034547340134,1.0,0.5791110476731806,0.584205726636316,0.584205210320769,0.5902963889604703,0.5779272569216237,0.5873389207148152,0.5856276013874072,0.5755231664752001,0.5783863240991206
5,3,0.2135182339131571,0.93596,5000,1.0449670045464128,0.947242206235012,834,1.0752307806913846,0.9437,0.7844273326949529,0.08311389881223291,,,0.8400014917059146,,0.8400281110386025,0.15997188896139747,0.9697628519658544,0.39292605545077863,5,0.1,0.5,0.5774563179747059,0.5792203667615388,0.5791110476731806,1.0,0.5804143497121854,0.586662542680647,0.5933627452318152,0.5764918347098014,0.5814190265069752,0.5836618551898689,0.5820454985259818,0.5809067720719931
5,4,0.20235634427399013,0.93732,5000,1.0658218308731362,0.9447779111644657,833,1.0748632953951534,0.9436,0.7879882415290844,0.08365618369530096,,,0.9106686873100991,,0.9106872144972642,0.0893127855027358,0.9701357996765823,0.3930296078778873,5,0.1,0.5,0.5822895488769733,0.5838098995950038,0.584205726636316,0.5804143497121854,1.0,0.5819786248146885,0.5980417794119592,0.5799750002030042,0.5886487183845588,0.5847945297387996,0.584650722208919,0.5823802604494308
5,5,0.20608706321258832,0.9378,5000,1.092076462728006,0.9351740696278511,833,1.0749893613135852,0.9437,0.7868685579410764,0.08348974897206843,,,0.8889799485876406,,0.8889915164901361,0.11100848350986392,0.9700699074566609,0.3930109265541315,5,0.1,0.5,0.5792719335416856,0.579176276930983,0.584205210320769,0.586662542680647,0.5819786248146885,1.0,0.5942240953550632,0.580319930759474,0.5890134241293247,0.586311049149936,0.57842284091878,0.5820283697291677
5,6,0.20237070504400975,0.94048,5000,1.0844686450781647,0.9471788715486195,833,1.0747611638836967,0.9436,0.7962872118968897,0.08395800374136242,,,0.9499999998696862,,0.9500025099141609,0.04999749008583909,0.9701522711686574,0.39304622136510603,5,0.1,0.5,0.5924767562387562,0.59292146430183,0.5902963889604703,0.5933627452318152,0.5980417794119592,0.5942240953550632,1.0,0.5880694994390294,0.5951362208440425,0.5872646562251616,0.5832404774347083,0.5945228431874887
5,7,0.21268021139927257,0.93504,5000,1.0695328778690762,0.9483793517406963,833,1.0752555786992033,0.9439,0.7811913169595448,0.08280693595532558,,,0.8,,0.8,0.19999999999999996,0.9694151159021129,0.39279189881524956,5,0.1,0.5,0.5775929943468964,0.5704249543936909,0.5779272569216237,0.5764918347098014,0.5799750002030042,0.580319930759474,0.5880694994390294,1.0,0.5849906512574786,0.5727297763910651,0.5831977638283816,0.579944717163901
5,8,0.21009096264554436,0.93668,5000,1.088021300457142,0.9483793517406963,833,1.0748147149436391,0.9436,0.7906035351486956,0.08383498998666067,,,0.9339696119003006,,0.9339792179107475,0.06602078208925255,0.9701683999935264,0.3930415908931712,5,0.1,0.5,0.5894342786913691,0.5845244452259774,0.5873389207148152,0.5814190265069752,0.5886487183845588,0.5890134241293247,0.5951362208440425,0.5849906512574786,1.0,0.5886777807729229,0.5831752495135543,0.5829175896913148
5,9,0.20656878216203992,0.93904,5000,1.1016306391468755,0.936374549819928,833,1.0750764518880997,0.9437,0.7857451160135572,0.08326747192324811,,,0.8600141850604746,,0.8600371467295819,0.13996285327041813,0.9698988980440109,0.39297025007427094,5,0.1,0.5,0.5792919479164519,0.5831140672287353,0.5856276013874072,0.5836618551898689,0.5847945297387996,0.586311049149936,0.5872646562251616,0.5727297763910651,0.5886777807729229,1.0,0.5793510534787808,0.5815216462161598
5,10,0.21196145928363985,0.93668,5000,1.063001654766224,0.9459783913565426,833,1.0749867425178186,0.9435,0.7830856203164683,0.08341610184676808,,,0.8793827129430827,,0.879393604738718,0.12060639526128203,0.9700646880738826,0.39299981624068114,5,0.1,0.5,0.5835761979652164,0.5742393979852518,0.5755231664752001,0.5820454985259818,0.584650722208919,0.57842284091878,0.5832404774347083,0.5831977638283816,0.5831752495135543,0.5793510534787808,1.0,0.578106854698893
5,11,0.2151412374251018,0.9344,5000,1.0767278605037265,0.9375750300120048,833,1.0759442743782799,0.944,0.7837822014961549,0.08288714156335344,,,0.8104518963519519,,0.8104713618794237,0.1895286381205763,0.9694627248819516,0.3928341401662278,5,0.1,0.5,0.5785579307645012,0.5769441934795506,0.5783863240991206,0.5809067720719931,0.5823802604494308,0.5820283697291677,0.5945228431874887,0.579944717163901,0.5829175896913148,0.5815216462161598,0.578106854698893,1.0
6,0,0.19031221417437313,0.94224,5000,0.8666352938722681,0.947242206235012,834,0.8475278158919118,0.9499,0.7669241677018133,0.08302420152994258,,,0.8211947195131113,,0.8212137944882285,0.1787862055117715,0.9671905126124856,0.3861601243467318,5,0.1,0.5,1.0,0.5509218286641271,0.5538242998665374,0.5467229788994368,0.5627412352983405,0.5502563764388939,0.558096238680556,0.5522864160013973,0.5655589709902988,0.5546268226811611,0.5632465785605969,0.553490882636663
6,1,0.19660098390226627,0.9408,5000,0.8198403517405192,0.9556354916067147,834,0.8477212535306669,0.9497,0.7668303804434682,0.08292385403044603,,,0.8096535918644536,,0.8096681893479243,0.19033181065207572,0.967050227154109,0.38611958508024463,5,0.1,0.5,0.5509218286641271,1.0,0.5547606306949621,0.5473065996580143,0.5606819546712445,0.5537124551578816,0.5667676054587792,0.5500422040575133,0.5548238596888236,0.5608043235819185,0.5586352184497181,0.5532205702111811
6,2,0.20322045741727351,0.93928,5000,0.8575309360468829,0.9484412470023981,834,0.8474023264056196,0.95,0.772712219067751,0.08335444958448367,,,0.8591770805315876,,0.8591887957431856,0.14081120425681437,0.9675207898946582,0.38625968728095694,5,0.1,0.5,0.5538242998665374,0.5547606306949621,1.0,0.5552151303160499,0.5652929447909719,0.5615262127367968,0.5696104429066905,0.560130905055044,0.5656223358016843,0.5647533596110845,0.5592995887412561,0.5543898437154854
6,3,0.2065892495416627,0.9362,5000,0.8179063399632772,0.9544364508393285,834,0.8477769673061066,0.9499,0.7635856815522215,0.0828645775484308,,,0.8028361081310934,,0.8028512624868229,0.19714873751317707,0.9670422429066334,0.38609286330635395,5,0.1,0.5,0.5467229788994368,0.5473065996580143,0.5552151303160499,1.0,0.5582109557777541,0.5572775219003481,0.5633207859102565,0.5409705954327154,0.5481239336411771,0.5513953789215241,0.5582050460995166,0.5543970485803411
6,4,0.1865161073899822,0.94164,5000,0.8394781284862094,0.9471788715486195,833,0.8473009455699129,0.9501,0.7789346333899599,0.0837719183127927,,,0.9071908318149734,,0.9072084734702073,0.09279152652979272,0.9676878125823561,0.38632179636441627,5,0.1,0.5,0.5627412352983405,0.5606819546712445,0.5652929447909719,0.5582109557777541,1.0,0.5604694404167566,0.5818354386551764,0.565059065348921,0.5717075025917518,0.5644882747831054,0.5670609274971914,0.5630310179414879
6,5,0.19159688495846974,0.94128,5000,0.8645127459808633,0.9399759903961584,833,0.8475035901267689,0.9501,0.771742945649086,0.0834056924789031,,,0.8650706084077026,,0.8650921138497063,0.1349078861502937,0.9675832943402009,0.3862705082910561,5,0.1,0.5,0.5502563764388939,0.5537124551578816,0.5615262127367968,0.5572775219003481,0.5604694404167566,1.0,0.5741138756550992,0.5530045527973554,0.563947558924085,0.5655081625984184,0.5572794002239043,0.5576380506694129
6,6,0.18574356858286367,0.94456,5000,0.8549734155337015,0.9495798319327731,833,0.8471857960612629,0.9502,0.7837233556243639,0.08414413436499565,,,0.9499999998849884,,0.9500025099141609,0.04999749008583909,0.9677704995354662,0.3863402546395385,5,0.1,0.5,0.558096238680556,0.5667676054587792,0.5696104429066905,0.5633207859102565,0.5818354386551764,0.5741138756550992,1.0,0.5665296481780155,0.5715734999060935,0.5696605696946839,0.5707522710696151,0.5712602292938763
6,7,0.19482060666700268,0.94088,5000,0.8414960437350802,0.9519807923169268,833,0.8478249593283802,0.9497,0.768720806818959,0.08283991822848209,,,0.8,,0.8,0.19999999999999996,0.9668766345654148,0.38608016956122193,5,0.1,0.5,0.5522864160013973,0.5500422040575133,0.560130905055044,0.5409705954327154,0.565059065348921,0.5530045527973554,0.5665296481780155,1.0,0.560560410366874,0.555813888668828,0.5682334269774325,0.5577325444677318
6,8,0.20002900417894126,0.94012,5000,0.859381722079383,0.9555822328931572,833,0.8472662286255688,0.9502,0.7762322035236573,0.08379649701083232,,,0.9100176674903641,,0.9100396566437428,0.08996034335625724,0.9677228249592243,0.38632383166049095,5,0.1,0.5,0.5655589709902988,0.5548238596888236,0.5656223358016843,0.5481239336411771,0.5717075025917518,0.563947558924085,0.5715734999060935,0.560560410366874,1.0,0.5657604006591666,0.5643552596948778,0.562569078090646
6,9,0.19429493216667207,0.9418,5000,0.8747281365924411,0.9519807923169268,833,0.8475758981780884,0.9499,0.7747227834423821,0.08336171169054299,,,0.8600123070539146,,0.86003212690126,0.13996787309874004,0.9674695195892342,0.3862614472575868,5,0.1,0.5,0.5546268226811611,0.5608043235819185,0.5647533596110845,0.5513953789215241,0.5644882747831054,0.5655081625984184,0.5696605696946839,0.555813888668828,0.5657604006591666,1.0,0.5663867437491187,0.5643934991067674
6,10,0.19516119761926354,0.94152,5000,0.8365337892814919,0.9519807923169268,833,0.8474474187476185,0.95,0.7763229617284406,0.08351819663176117,,,0.8780098923525276,,0.878023191606847,0.12197680839315295,0.9675986344984302,0.38629106914451733,5,0.1,0.5,0.5632465785605969,0.5586352184497181,0.5592995887412561,0.5582050460995166,0.5670609274971914,0.5572794002239043,0.5707522710696151,0.5682334269774325,0.5643552596948778,0.5663867437491187,1.0,0.5643128801052716
6,11,0.198540892036169,0.93856,5000,0.8494098903956236,0.9447779111644657,833,0.8483515507496965,0.9499,0.7715770959310305,0.082994848588387,,,0.8178187903962312,,0.8178304301992871,0.18216956980071286,0.9670559147208373,0.38614858345426983,5,0.1,0.5,0.553490882636663,0.5532205702111811,0.5543898437154854,0.5543970485803411,0.5630310179414879,0.5576380506694129,0.5712602292938763,0.5577325444677318,0.562569078090646,0.5643934991067674,0.5643128801052716,1.0
7,0,0.17133527830670214,0.94816,5000,0.6760695223455075,0.9508393285371702,834,0.6539810982565529,0.9538,0.7544414745443728,0.08304088632412922,,,0.8274043837494734,,0.8274233221223835,0.17257667787761655,0.9646489801903191,0.3782336016460653,5,0.1,0.5,1.0,0.5365905177609902,0.5289145133106402,0.5220426981829347,0.541106032047535,0.5213251116979365,0.5381608322418017,0.5296822165550471,0.5365915573583561,0.5295717751646187,0.5380775667101294,0.5310043258923433
