round,client_id,client_i_training_loss,client_i_training_accuracy,client_i_training_dataset_size,client_i_evaluation_loss,client_i_evaluation_accuracy,client_i_evaluation_dataset_size,client_i_central_evaluation_loss,client_i_central_evaluation_accuracy,client_i_cosine_similarity,client_i_importance_coefficient,client_i_tanh_val,tanh_normalization_value,client_i_q,client_i_mask_order,client_i_v_nonzero_fraction,client_i_v_sparsity,client_i_v_cosine_similarity,client_i_reward_gradient_norm,local_epochs,learning_rate,gamma,client_0_cosine_similarity,client_1_cosine_similarity,client_2_cosine_similarity,client_3_cosine_similarity,client_4_cosine_similarity,client_5_cosine_similarity,client_6_cosine_similarity,client_7_cosine_similarity,client_8_cosine_similarity,client_9_cosine_similarity,client_10_cosine_similarity,client_11_cosine_similarity
0,0,2.171823605306589,0.30568,5000,2.258282935177838,0.16906474820143885,834,2.2540335350524123,0.1942,0.996895061265011,0.08335615706939474,0.08316363235939019,0.0832560794670086,0.9988896053091962,,0.9988933027904234,0.0011066972095765681,0,0.0996620762105731,5,0.001,0.1,1.0,0.9851745236996738,0.9950903576907818,0.9937542605558034,0.9948916885641162,0.9942510389963782,0.9925434704543229,0.9955806857651244,0.993077382982433,0.9924335977463874,0.9932205016155118,0.9923143037211437
0,1,2.1736244772649873,0.26964,5000,2.2519317203097873,0.21223021582733814,834,2.2540335350524123,0.1942,0.9925771448086382,0.08299511112149606,0.08280507272328147,0.0832560794670086,0.9945828971576732,,0.9945776669469655,0.005422333053034523,0,0.09966207619436702,5,0.001,0.1,0.9851745236996738,1.0,0.9861870532317137,0.9834881806307189,0.9884537909107157,0.9900939357948358,0.9908845279482915,0.9884776041255782,0.9900338373180815,0.9872260077879842,0.9896391936326248,0.9910331855611284
0,2,2.170035808709017,0.31712,5000,2.2571189403533936,0.17865707434052758,834,2.2540335365758537,0.1942,0.9964361873420311,0.08331778796888939,0.08312552850529695,0.0832560794670086,0.9984319347782666,,0.9984196943775916,0.0015803056224084067,0,0.099662076210144,5,0.001,0.1,0.9950903576907818,0.9861870532317137,1.0,0.9942248518667032,0.9932537317477558,0.9929921462171571,0.9914935689340402,0.9934950652905739,0.992748814418274,0.9926751013679233,0.994389312389516,0.9902939222259325
0,3,2.1678524521505755,0.31956,5000,2.2523774394282587,0.20623501199040767,834,2.25403353276725,0.1942,0.9955631229732739,0.08324478601163075,0.0830530305410549,0.0832560794670086,0.9975611519512911,,0.9975449686355244,0.0024550313644755573,0,0.09966207620894148,5,0.001,0.1,0.9937542605558034,0.9834881806307189,0.9942248518667032,1.0,0.9927427993739413,0.9918966916733549,0.9891100894974832,0.9940922512879382,0.9932304597812364,0.9920697675831502,0.9912427775933849,0.9905504131578177
0,4,2.1713445951984185,0.32004,5000,2.253376174856115,0.1908763505402161,833,2.2540335350524123,0.1942,0.9980083877732688,0.08344924873259758,0.0832560794670086,0.0832560794670086,0.9999999999879888,,0.9999613380887484,3.866191125156959e-05,0,0.0996620762107597,5,0.001,0.1,0.9948916885641162,0.9884537909107157,0.9932537317477558,0.9927427993739413,1.0,0.9959116619603443,0.9937933680666977,0.9947000221740594,0.9962613967347332,0.9971085905759954,0.9927574305066267,0.9957721213888803
0,5,2.1707944868476527,0.30452,5000,2.2589865172350847,0.2112845138055222,833,2.2540335350524123,0.1942,0.9979176768988427,0.08344166387217408,0.08324854717685583,0.0832560794670086,0.9999095286350149,,0.9998791815273388,0.00012081847266121049,0,0.09966207621075966,5,0.001,0.1,0.9942510389963782,0.9900939357948358,0.9929921462171571,0.9918966916733549,0.9959116619603443,1.0,0.9956393817145262,0.994617271588874,0.995306683088868,0.9960025316441642,0.9920067151142729,0.9958436904829594
0,6,2.168605462760682,0.28612,5000,2.2543443220633046,0.18967587034813926,833,2.2540335342906914,0.1942,0.9967655865553103,0.08334533094069005,0.08315288109656647,0.0832560794670086,0.9987604704412993,,0.99874832062323,0.0012516793767699541,0,0.09966207621055598,5,0.001,0.1,0.9925434704543229,0.9908845279482915,0.9914935689340402,0.9891100894974832,0.9937933680666977,0.9956393817145262,1.0,0.992755220138522,0.9930964774548477,0.9949860343483564,0.992762913804978,0.9937183114709603
0,7,2.1679920939123556,0.2962,5000,2.2549290833649813,0.19567827130852342,833,2.2540335350524123,0.1942,0.9974182084231971,0.08339990042652685,0.0832070730211056,0.0832560794670086,0.9994113769562998,,0.9993910748977876,0.0006089251022124431,0,0.0996620762107483,5,0.001,0.1,0.9955806857651244,0.9884776041255782,0.9934950652905739,0.9940922512879382,0.9947000221740594,0.994617271588874,0.992755220138522,1.0,0.9948516460498273,0.9920351876887049,0.9957725247951903,0.992210893636917
0,8,2.1723223292903535,0.3374,5000,2.2501787962736906,0.20768307322929172,833,2.2540335350524123,0.1942,0.9976732118188777,0.08342122273408911,0.08322824766787061,0.0832560794670086,0.9996657084946129,,0.9996423773209229,0.00035762267907712975,0,0.09966207621075866,5,0.001,0.1,0.993077382982433,0.9900338373180815,0.992748814418274,0.9932304597812364,0.9962613967347332,0.995306683088868,0.9930964774548477,0.9948516460498273,1.0,0.9955340065442775,0.9935015000879989,0.9939958723228663
0,9,2.1730241265266566,0.31912,5000,2.256469302707248,0.19327731092436976,833,2.2540335350524123,0.1942,0.997201651934179,0.08338179288701304,0.08318909082054733,0.0832560794670086,0.9991953903199704,,0.9991784343859038,0.0008215656140961869,0,0.09966207621071067,5,0.001,0.1,0.9924335977463874,0.9872260077879842,0.9926751013679233,0.9920697675831502,0.9971085905759954,0.9960025316441642,0.9949860343483564,0.9920351876887049,0.9955340065442775,1.0,0.9903718131671443,0.9955558345914111
0,10,2.165002094712227,0.29848,5000,2.256337192323473,0.1788715486194478,833,2.2540335365758537,0.1942,0.9962693676767844,0.08330383921263723,0.08311167611684593,0.0832560794670086,0.998265551872183,,0.9982505485158659,0.0017494514841340791,0,0.09966207621010297,5,0.001,0.1,0.9932205016155118,0.9896391936326248,0.994389312389516,0.9912427775933849,0.9927574305066267,0.9920067151142729,0.992762913804978,0.9957725247951903,0.9935015000879989,0.9903718131671443,1.0,0.9891841685390959
0,11,2.1737537599672936,0.31032,5000,2.2522959885773837,0.19687875150060025,833,2.2540335342906914,0.1942,0.9967396115795758,0.08334315902286105,0.08315072419586012,0.0832560794670086,0.9987345636159943,,0.9987241569286978,0.0012758430713022406,0,0.09966207621055256,5,0.001,0.1,0.9923143037211437,0.9910331855611284,0.9902939222259325,0.9905504131578177,0.9957721213888803,0.9958436904829594,0.9937183114709603,0.992210893636917,0.9939958723228663,0.9955558345914111,0.9891841685390959,1.0
1,0,2.008658721796267,0.41692,5000,2.1967330861974648,0.27577937649880097,834,2.1939381136300082,0.2861,0.9987999756643048,0.08335306047638591,0.08316055718221425,0.08322278404078733,0.9992522857737872,,0.9992315945138748,0.0007684054861252232,0.9702626729885825,0.09986219711450581,5,0.001,0.1,1.0,0.9954594556836464,0.9979521003709857,0.9962165985399852,0.9974707376517168,0.9978301106555301,0.9977584076711332,0.997867484814064,0.9970250122579536,0.9973739528628861,0.9971560151261694,0.9969740289371152
1,1,2.0145142181663758,0.395,5000,2.191973580254449,0.2973621103117506,834,2.1939381113448464,0.2861,0.9976434932534564,0.08309433039559648,0.08290361087266383,0.08322278404078733,0.9961648342722681,,0.996157972569374,0.003842027430626005,0.9702626745682309,0.09986219711143972,5,0.001,0.1,0.9954594556836464,1.0,0.9956674954491922,0.9950737189900112,0.9961406378150098,0.9961899901731855,0.9955232744933692,0.9960322528474738,0.9966197171846435,0.9955108129121778,0.9966327018479586,0.9964003638866611
1,2,2.007521648771444,0.42128,5000,2.198337934635304,0.2541966426858513,834,2.1939381128682878,0.2861,0.9988553486899356,0.08333131856345276,0.08313896559032025,0.08322278404078733,0.9989928424958122,,0.9989754593518331,0.0010245406481669272,0.9702626740164997,0.0998621971144873,5,0.001,0.1,0.9979521003709857,0.9956674954491922,1.0,0.997264618271348,0.9974759374629859,0.9977097331107253,0.9964684462103783,0.9977096056859428,0.9974733159274624,0.9976737236200978,0.9975444518961517,0.9968109094468816
1,3,2.0005672817776916,0.4276,5000,2.192566606733534,0.290167865707434,834,2.1939381151534496,0.2861,0.9980885938317057,0.08326180433150542,0.08306993144797285,0.08322278404078733,0.9981633323665581,,0.9981490609988305,0.0018509390011695048,0.9702626749079922,0.09986219711423837,5,0.001,0.1,0.9962165985399852,0.9950737189900112,0.997264618271348,1.0,0.9964409450322026,0.99622281421017,0.9957193638433878,0.9972075028124469,0.9970925914659045,0.9965719581580703,0.9967922707206881,0.9959647868712653
1,4,2.0050982267233977,0.44228,5000,2.1945251888699002,0.290516206482593,833,2.193938112106567,0.2861,0.9989726744291088,0.08341572099931423,0.08322278404078733,0.08322278404078733,0.999999999987984,,0.9999613380887484,3.866191125156959e-05,0.9702626731766268,0.09986219711451799,5,0.001,0.1,0.9974707376517168,0.9961406378150098,0.9974759374629859,0.9964409450322026,1.0,0.9978826818680507,0.9973763930898968,0.9968486994482013,0.9977828477163004,0.9986849194988392,0.9969833801576807,0.9980653938976459
1,5,2.0078229456190853,0.42336,5000,2.1984510156843395,0.28691476590636256,833,2.193938112106567,0.2861,0.998903104510186,0.08340882434524974,0.08321593514923722,0.08322278404078733,0.9999177041163791,,0.9998888470051517,0.00011115299484831809,0.9702626731768198,0.09986219711451799,5,0.001,0.1,0.9978301106555301,0.9961899901731855,0.9977097331107253,0.99622281421017,0.9978826818680507,1.0,0.9976108394232007,0.9971700307044918,0.9973122230531688,0.9980665310929256,0.9967503716106617,0.997574205748281
1,6,2.0037349140568144,0.4144,5000,2.194388645666617,0.2917166866746699,833,2.1939381128682878,0.2861,0.998529689953406,0.08333769802109489,0.08314530094923207,0.08322278404078733,0.9990689677899222,,0.9990527831743362,0.0009472168256637881,0.9702626729473016,0.09986219711449125,5,0.001,0.1,0.9977584076711332,0.9955232744933692,0.9964684462103783,0.9957193638433878,0.9973763930898968,0.9976108394232007,1.0,0.9969051714961974,0.9970057904419339,0.9978459555181783,0.9968100058627116,0.9968218661417056
1,7,2.002069488604357,0.40232,5000,2.195964248092086,0.29411764705882354,833,2.1939381128682878,0.2861,0.9987094323372635,0.08337696291481203,0.08318429427187865,0.08322278404078733,0.9995375092247653,,0.9995167261093553,0.0004832738906447309,0.9702626731932795,0.09986219711451487,5,0.001,0.1,0.997867484814064,0.9960322528474738,0.9977096056859428,0.9972075028124469,0.9968486994482013,0.9971700307044918,0.9969051714961974,1.0,0.9971629182441599,0.996676313000803,0.9982430926054701,0.9961806072488029
1,8,2.0071194458918966,0.45316,5000,2.191393083996243,0.3157262905162065,833,2.1939381128682878,0.2861,0.9988566983863938,0.08339479145085996,0.08320199941485093,0.08322278404078733,0.9997502531647348,,0.9997245338823325,0.00027546611766748885,0.9702626731871438,0.09986219711451777,5,0.001,0.1,0.9970250122579536,0.9966197171846435,0.9974733159274624,0.9970925914659045,0.9977828477163004,0.9973122230531688,0.9970057904419339,0.9971629182441599,1.0,0.9978519735381456,0.9975151764558904,0.9969260662972875
1,9,2.008377149454348,0.43176,5000,2.1987908857840077,0.2773109243697479,833,2.1939381136300082,0.2861,0.9989582054941049,0.08337388804627108,0.08318124067949946,0.08322278404078733,0.9995008174412068,,0.9994780641981036,0.0005219358018964115,0.9702626729958672,0.09986219711451423,5,0.001,0.1,0.9973739528628861,0.9955108129121778,0.9976737236200978,0.9965719581580703,0.9986849194988392,0.9980665310929256,0.9978459555181783,0.996676313000803,0.9978519735381456,1.0,0.9966793154270893,0.9980420942494478
1,10,1.9962035633196498,0.41396,5000,2.196655935711331,0.27130852340936373,833,2.193938112106567,0.2861,0.9986318345775487,0.08331555078476444,0.08312330677937337,0.08322278404078733,0.9988046871591797,,0.998791815273388,0.0012081847266119938,0.9702626740092374,0.09986219711446599,5,0.001,0.1,0.9971560151261694,0.9966327018479586,0.9975444518961517,0.9967922707206881,0.9969833801576807,0.9967503716106617,0.9968100058627116,0.9982430926054701,0.9975151764558904,0.9966793154270893,1.0,0.9959712145909689
1,11,2.0113689834145223,0.428,5000,2.1927908261617026,0.28811524609843936,833,2.1939381128682878,0.2861,0.9985198847786838,0.08333604967069297,0.08314366399388466,0.08322278404078733,0.9990492982322853,,0.9990334522187104,0.0009665477812895729,0.9702626729467873,0.09986219711449029,5,0.001,0.1,0.9969740289371152,0.9964003638866611,0.9968109094468816,0.9959647868712653,0.9980653938976459,0.997574205748281,0.9968218661417056,0.9961806072488029,0.9969260662972875,0.9980420942494478,0.9959712145909689,1.0
2,0,1.8236079548574557,0.50092,5000,2.1199829755006014,0.3776978417266187,834,2.118987394217104,0.3837,0.99901282215353,0.0833470493570506,0.0831545876308623,0.08319900515715582,0.9994661291056414,,0.9994442350257585,0.0005557649742414794,0.992286386609343,0.0998961824589126,5,0.001,0.1,1.0,0.9969001729140335,0.998250271399555,0.9978464708912571,0.9978556305152771,0.9978342785670851,0.9980660894012876,0.9980195079494883,0.9978093716246529,0.997883403894736,0.9976965758431842,0.9975544779946125
2,1,1.8315633371377447,0.48324,5000,2.1172933843400745,0.3872901678657074,834,2.118987394217104,0.3837,0.9984180052261616,0.08316921379975073,0.08297797914070516,0.08319900515715582,0.9973434055247354,,0.9973274953847343,0.0026725046152656917,0.9922863867509238,0.0998961824583582,5,0.001,0.1,0.9969001729140335,1.0,0.9970905976149971,0.9973036195042816,0.997220020240292,0.99716347834125,0.9971422597938301,0.9968892925548571,0.9974987715004681,0.9969716221942317,0.9970191735508761,0.9973983831646493
2,2,1.823251706020088,0.49944,5000,2.1249292956458197,0.3657074340527578,834,2.118987391931942,0.3837,0.9990522022071118,0.08333498914977522,0.08314261080411608,0.08319900515715582,0.9993221751398044,,0.999299252858565,0.0007007471414349764,0.9922863866024383,0.09989618245890833,5,0.001,0.1,0.998250271399555,0.9970905976149971,1.0,0.9982430340025622,0.9979499162324961,0.9980066133627112,0.9973062041482397,0.9976401799931859,0.9979896890753724,0.9983603846549084,0.9977589120125963,0.9975934983285291
2,3,1.812877701953718,0.50788,5000,2.117700311872694,0.381294964028777,834,2.118987384314735,0.3837,0.9989761524466196,0.08328991233321593,0.08309784542204249,0.08319900515715582,0.9987841232485768,,0.9987676515788558,0.0012323484211441693,0.9922863867820148,0.09989618245888118,5,0.001,0.1,0.9978464708912571,0.9973036195042816,0.9982430340025622,1.0,0.997904705604775,0.9974368090851949,0.9972289645045089,0.9979061908835972,0.9981800117358052,0.9978924391647747,0.9978227273229154,0.9975153789631984
2,4,1.8176708244214392,0.51892,5000,2.121166370533131,0.39015606242497,833,2.118987394217104,0.3837,0.9992082513240353,0.08339177632146352,0.08319900515715582,0.08319900515715582,0.9999999999879805,,0.9999613380887484,3.866191125156959e-05,0.9922863866435325,0.09989618245891611,5,0.001,0.1,0.9978556305152771,0.997220020240292,0.9979499162324961,0.997904705604775,1.0,0.9982845233497436,0.998245680868031,0.9977988331147233,0.9980862638415134,0.9988000633823063,0.9979485312490128,0.9979632366614005
2,5,1.8234480596651697,0.4994,5000,2.1231360700395374,0.3937575030012005,833,2.118987394217104,0.3837,0.9990603304342012,0.08338277408330744,0.08319006522646698,0.08319900515715582,0.9998925476131373,,0.9998646833106195,0.00013531668938049357,0.9922863866432216,0.0998961824589161,5,0.001,0.1,0.9978342785670851,0.99716347834125,0.9980066133627112,0.9974368090851949,0.9982845233497436,1.0,0.9981437489918289,0.9979046953002165,0.9977268818970856,0.9984189088698568,0.9975797850242957,0.9977843843643691
2,6,1.8168378722136187,0.50332,5000,2.1199748516082764,0.3985594237695078,833,2.118987394217104,0.3837,0.9989795642252403,0.08333655660868128,0.08314416742745592,0.08319900515715582,0.9993408847786621,,0.9993185838141908,0.0006814161858091916,0.9922863866054327,0.09989618245890866,5,0.001,0.1,0.9980660894012876,0.9971422597938301,0.9973062041482397,0.9972289645045089,0.998245680868031,0.9981437489918289,1.0,0.997798348025935,0.9977839318774308,0.9983961985537105,0.997638745430174,0.9975671027102475
2,7,1.8165286648804975,0.49264,5000,2.1222661512869374,0.38535414165666265,833,2.1189873934553836,0.3837,0.9988994741668616,0.0833580472684267,0.08316550948515192,0.08319900515715582,0.9995974029624485,,0.999579551715139,0.00042044828486098584,0.9922863866434548,0.09989618245891531,5,0.001,0.1,0.9980195079494883,0.9968892925548571,0.9976401799931859,0.9979061908835972,0.9977988331147233,0.9979046953002165,0.997798348025935,1.0,0.9976955812239697,0.9975755151582472,0.9984490214424446,0.9966801871579157
2,8,1.8189787097797272,0.52484,5000,2.117604034918326,0.41656662665066024,833,2.118987394217104,0.3837,0.9990718764408045,0.0833745424233101,0.08318189052879064,0.08319900515715582,0.9997942928604416,,0.9997680285324905,0.00023197146750952857,0.9922863866439382,0.099896182458916,5,0.001,0.1,0.9978093716246529,0.9974987715004681,0.9979896890753724,0.9981800117358052,0.9980862638415134,0.9977268818970856,0.9977839318774308,0.9976955812239697,1.0,0.9982084693481785,0.997765909066196,0.9976800927375481
2,9,1.8221880376718607,0.51576,5000,2.1266369113215693,0.37214885954381755,833,2.118987391931942,0.3837,0.9992352296791169,0.08336699708853061,0.0831743973971918,0.08319900515715582,0.9997042301056696,,0.9996810392321744,0.00031896076782556015,0.9922863866465443,0.09989618245891581,5,0.001,0.1,0.997883403894736,0.9969716221942317,0.9983603846549084,0.9978924391647747,0.9988000633823063,0.9984189088698568,0.9983961985537105,0.9975755151582472,0.9982084693481785,1.0,0.9977137355841688,0.9981597919189298
2,10,1.8084923531599106,0.49892,5000,2.1222854013796204,0.368547418967587,833,2.118987391931942,0.3837,0.9988811657445494,0.08331980162326055,0.0831275282452767,0.08319900515715582,0.999140892216881,,0.999125274257933,0.0008747257420670396,0.9922863866012328,0.0998961824589045,5,0.001,0.1,0.9976965758431842,0.9970191735508761,0.9977589120125963,0.9978227273229154,0.9979485312490128,0.9975797850242957,0.997638745430174,0.9984490214424446,0.997765909066196,0.9977137355841688,1.0,0.9967463198889084
2,11,1.827219895952067,0.51212,5000,2.1185807122124567,0.3673469387755102,833,2.118987394978825,0.3837,0.9987562685402577,0.08332833994322733,0.08313600755784623,0.08319900515715582,0.9992428082500524,,0.9992267617749684,0.0007732382250316139,0.9922863865949787,0.09989618245890697,5,0.001,0.1,0.9975544779946125,0.9973983831646493,0.9975934983285291,0.9975153789631984,0.9979632366614005,0.9977843843643691,0.9975671027102475,0.9966801871579157,0.9976800927375481,0.9981597919189298,0.9967463198889084,1.0
3,0,1.6512183006402035,0.55376,5000,2.027203392099451,0.460431654676259,834,2.02836773494562,0.4628,0.9990487057740732,0.08334251385938875,0.0831500834930414,0.08318123920246447,0.9996254478687572,,0.9996037154096713,0.00039628459032869934,0.9961700443568767,0.09990206880899664,5,0.001,0.1,1.0,0.9970163980971015,0.9982129955467502,0.9976451899175991,0.9979628962997695,0.9980434097812488,0.9980624832959756,0.9983192862433278,0.9978640564616985,0.9981580639709707,0.9978866620418025,0.9977209937480453
3,1,1.6607123977059772,0.53992,5000,2.0271288995389587,0.47002398081534774,834,2.0283677353264804,0.4628,0.9984620365668667,0.08321454475265343,0.0830229978049897,0.08318123920246447,0.9980976311486812,,0.9980862353930466,0.001913764606953361,0.9961700444399219,0.09990206880864605,5,0.001,0.1,0.9970163980971015,1.0,0.9973960057694469,0.9971418643676866,0.9972205321456481,0.9973591393519574,0.9972842146784587,0.997102249455912,0.9975691806329446,0.9972513000423598,0.9970681520022443,0.9974580353239607
3,2,1.6530711096563158,0.54788,5000,2.036122450122127,0.43764988009592326,834,2.028367726185832,0.4628,0.9991446812108132,0.0833382164790644,0.08314581582300631,0.08318123920246447,0.9995741421888232,,0.9995553880206068,0.00044461197939316133,0.9961700443577102,0.09990206880899627,5,0.001,0.1,0.9982129955467502,0.9973960057694469,1.0,0.9982449088203743,0.9980472934369784,0.9981933849292407,0.9975056142036238,0.9979785272361095,0.9979300225861201,0.9985068800006456,0.9982270351094367,0.9978015300828081
3,3,1.640289770266053,0.55212,5000,2.0272093790548817,0.47002398081534774,834,2.028367725043251,0.4628,0.9988914265988943,0.08330240573102991,0.0831102525369159,0.08318123920246447,0.9991466024403058,,0.9991301069968394,0.0008698930031606489,0.9961700443818419,0.09990206880896402,5,0.001,0.1,0.9976451899175991,0.9971418643676866,0.9982449088203743,1.0,0.9978415565349881,0.9976229711107065,0.9970963195932366,0.9980057509131196,0.998074935392772,0.998005798137583,0.9979123582429925,0.9974175424205056
3,4,1.6429724416155724,0.5706,5000,2.0322280636540166,0.4669867947178872,833,2.028367733422179,0.4628,0.9991710800086324,0.0833738865589451,0.08318123920246447,0.08318123920246447,0.999999999987978,,0.9999613380887484,3.866191125156959e-05,0.9961700443266064,0.09990206880899749,5,0.001,0.1,0.9979628962997695,0.9972205321456481,0.9980472934369784,0.9978415565349881,1.0,0.9982386503331779,0.9982216958563189,0.9980098224786428,0.9980496484338317,0.9986750739762107,0.9980199207904003,0.9980715305353954
3,5,1.651428573146747,0.55392,5000,2.032254351509942,0.4885954381752701,833,2.028367733422179,0.4628,0.9991313420588204,0.08336708462113761,0.08317448432424931,0.08318123920246447,0.9999187932365539,,0.9998888470051517,0.00011115299484831809,0.9961700443266863,0.09990206880899748,5,0.001,0.1,0.9980434097812488,0.9973591393519574,0.9981933849292407,0.9976229711107065,0.9982386503331779,1.0,0.9982094499486819,0.9981146150586581,0.99796454540336,0.998451692640576,0.9976330756810894,0.9980516664143565
3,6,1.644204351628662,0.55476,5000,2.030077263160988,0.4801920768307323,833,2.02836773494562,0.4628,0.9989909842660243,0.08333421770423177,0.08314184469129027,0.08318123920246447,0.9995264014752432,,0.9995022278926359,0.000497772107364125,0.9961700443573899,0.09990206880898862,5,0.001,0.1,0.9980624832959756,0.9972842146784587,0.9975056142036238,0.9970963195932366,0.9982216958563189,0.9982094499486819,1.0,0.9980332685642415,0.9979106063046221,0.9985174122838374,0.9976157015284578,0.9977437800592965
3,7,1.645463719793186,0.5416,5000,2.0330983576951205,0.4561824729891957,833,2.028367732660458,0.4628,0.9990915963034894,0.08335064114817148,0.083158154584812,0.08318123920246447,0.9997224780626794,,0.9997003701878002,0.00029962981219977536,0.9961700443266372,0.09990206880899714,5,0.001,0.1,0.9983192862433278,0.997102249455912,0.9979785272361095,0.9980057509131196,0.9980098224786428,0.9981146150586581,0.9980332685642415,1.0,0.9981624905796016,0.9980271951387218,0.9982240851499009,0.9974293378247144
3,8,1.6448455503791761,0.5714,5000,2.028288903059783,0.4765906362545018,833,2.028367732660458,0.4628,0.9991355097653761,0.08336217199785963,0.08316960568448044,0.08318123920246447,0.9998601425141602,,0.9998308541382743,0.00016914586172567248,0.9961700443266204,0.09990206880899745,5,0.001,0.1,0.9978640564616985,0.9975691806329446,0.9979300225861201,0.998074935392772,0.9980496484338317,0.99796454540336,0.9979106063046221,0.9981624905796016,1.0,0.9984445851585662,0.9981370859664878,0.9978264939255442
3,9,1.6488966707211392,0.5618,5000,2.039127243889703,0.43937575030012005,833,2.028367726947553,0.4628,0.9993397170616573,0.0833641355111753,0.08317155561549613,0.08318123920246447,0.9998835844709568,,0.9998550178328066,0.00014498216719338597,0.9961700443264166,0.09990206880899746,5,0.001,0.1,0.9981580639709707,0.9972513000423598,0.9985068800006456,0.998005798137583,0.9986750739762107,0.998451692640576,0.9985174122838374,0.9980271951387218,0.9984445851585662,1.0,0.998099815561279,0.9982426588894825
3,10,1.6353713568608472,0.5522,5000,2.032556273319103,0.4525810324129652,833,2.028367726947553,0.4628,0.9989896247508104,0.08332390076976535,0.08313159906452974,0.08318123920246447,0.9994032291486629,,0.9993862421588812,0.0006137578411188338,0.9961700443671467,0.09990206880898703,5,0.001,0.1,0.9978866620418025,0.9970681520022443,0.9982270351094367,0.9979123582429925,0.9980199207904003,0.9976330756810894,0.9976157015284578,0.9982240851499009,0.9981370859664878,0.998099815561279,1.0,0.9973613107396625
3,11,1.6569243880593854,0.56108,5000,2.0290388928519354,0.4549819927971189,833,2.02836773456476,0.4628,0.9989011518203773,0.08332628086657731,0.08313396271235159,0.08318123920246447,0.9994316447847423,,0.9994104058534133,0.0005895941465866583,0.9961700443668416,0.0999020688089874,5,0.001,0.1,0.9977209937480453,0.9974580353239607,0.9978015300828081,0.9974175424205056,0.9980715305353954,0.9980516664143565,0.9977437800592965,0.9974293378247144,0.9978264939255442,0.9982426588894825,0.9973613107396625,1.0
4,0,1.5063499279082961,0.59048,5000,1.9201068966477006,0.5467625899280576,834,1.9236768716440413,0.541,0.9989303973618566,0.08333971339413963,0.08314730238938327,0.08317218233486512,0.9997008621658936,,0.999676206493268,0.00032379350673195084,0.997787086984669,0.09989025902680135,5,0.001,0.1,1.0,0.9968138543937867,0.9975472045584517,0.9971782682025065,0.9977574264480041,0.9978687911009854,0.9980046322870489,0.9982027961288645,0.9974335085848497,0.9978976767358797,0.997738305310886,0.9976212962234967
4,1,1.5138739218377764,0.57796,5000,1.9230928862536396,0.5539568345323741,834,1.9236768632651138,0.541,0.9982748206501658,0.0832400909349961,0.08304836784832932,0.08317218233486512,0.9985113473753061,,0.9985018509390011,0.0014981490609988768,0.9977870869395601,0.09989025902665553,5,0.001,0.1,0.9968138543937867,1.0,0.9964763126440915,0.9964500556310396,0.9968992509787907,0.9972958888832211,0.9972034797082762,0.9969273836297632,0.9972878946951607,0.9969912580611059,0.9967858337750505,0.9970800631628302
4,2,1.5078251695177358,0.57824,5000,1.9337342889220626,0.5059952038369304,834,1.923676867835438,0.541,0.998907910126562,0.08333635269945834,0.08314396492784434,0.08317218233486512,0.999660735029089,,0.9996423773209229,0.00035762267907712975,0.9977870869842335,0.09989025902680121,5,0.001,0.1,0.9975472045584517,0.9964763126440915,1.0,0.9981534425796631,0.9978746285813686,0.9977425487603905,0.9975240964949027,0.9974259242675511,0.9974989570340802,0.9983817791990071,0.9976791135118231,0.9974901489326938
4,3,1.494082568557399,0.58504,5000,1.922503740699203,0.5431654676258992,834,1.9236768670737172,0.541,0.9986889853695414,0.08330732980949306,0.0831151426012213,0.08317218233486512,0.9993141969701662,,0.9992944201196586,0.0007055798803413671,0.9977870869871676,0.09989025902677796,5,0.001,0.1,0.9971782682025065,0.9964500556310396,0.9981534425796631,1.0,0.9978325801109186,0.9973314385604191,0.9969432212559757,0.9975576623424031,0.9976034759062713,0.9976915267512224,0.9973320358663097,0.9970973310669125
4,4,1.4969521809535422,0.60232,5000,1.929038409833555,0.531812725090036,833,1.9236768685971586,0.541,0.9991106367724595,0.08336476659611207,0.08317218233486512,0.08317218233486512,0.9999999999879767,,0.9999613380887484,3.866191125156959e-05,0.9977870869835823,0.09989025902680168,5,0.001,0.1,0.9977574264480041,0.9968992509787907,0.9978746285813686,0.9978325801109186,1.0,0.99800235518808,0.9980509446012316,0.9977174524186084,0.9978190618417024,0.9985160047005048,0.9979077911069938,0.9978459967808174
4,5,1.5061625011407647,0.5874,5000,1.927551101755213,0.5642256902761105,833,1.9236768685971586,0.541,0.9990212770550172,0.08335771211058031,0.08316517664541614,0.08317218233486512,0.9999157688273623,,0.9998888470051517,0.00011115299484831809,0.9977870869835208,0.09989025902680167,5,0.001,0.1,0.9978687911009854,0.9972958888832211,0.9977425487603905,0.9973314385604191,0.99800235518808,1.0,0.9979033637187137,0.9978193359498932,0.9977506722966676,0.998089660206134,0.997551870079632,0.9977970788388567
4,6,1.49712001874948,0.5892,5000,1.9263031129483823,0.5402160864345739,833,1.923676872405762,0.541,0.998995734195081,0.08333673503367775,0.08314434461900623,0.08317218233486512,0.9996653001511193,,0.9996423773209229,0.00035762267907712975,0.9977870869841882,0.09989025902680121,5,0.001,0.1,0.9980046322870489,0.9972034797082762,0.9975240964949027,0.9969432212559757,0.9980509446012316,0.9979033637187137,1.0,0.9977655368710837,0.9978051199743859,0.998404187548754,0.9975665549151317,0.9976760796858735
4,7,1.5006364800368146,0.58124,5000,1.9299171544887401,0.553421368547419,833,1.923676867835438,0.541,0.9989535630291766,0.08334544433970068,0.08315299371148972,0.08317218233486512,0.9997692903584288,,0.9997438648379583,0.00025613516204170406,0.9977870869844623,0.09989025902680153,5,0.001,0.1,0.9982027961288645,0.9969273836297632,0.9974259242675511,0.9975576623424031,0.9977174524186084,0.9978193359498932,0.9977655368710837,1.0,0.9978555928341513,0.9977883401067504,0.9979365682968829,0.9973449215378667
4,8,1.4963418952219045,0.60016,5000,1.9252777452822085,0.5558223289315727,833,1.9236768685971586,0.541,0.9989852535944526,0.08335353733468555,0.08316103074269654,0.08317218233486512,0.9998659215995613,,0.9998405196160872,0.00015948038391278008,0.9977870869835539,0.09989025902680164,5,0.001,0.1,0.9974335085848497,0.9972878946951607,0.9974989570340802,0.9976034759062713,0.9978190618417024,0.9977506722966676,0.9978051199743859,0.9978555928341513,1.0,0.9981850307231218,0.9978454054795709,0.9976368261028723
4,9,1.5010645167083496,0.5938,5000,1.9377408998983878,0.5234093637454982,833,1.9236768701206,0.541,0.999262591658514,0.08336369146316533,0.08317111463917538,0.08317218233486512,0.9999871628150211,,0.9999565053498419,4.34946501580713e-05,0.9977870869835146,0.09989025902680168,5,0.001,0.1,0.9978976767358797,0.9969912580611059,0.9983817791990071,0.9976915267512224,0.9985160047005048,0.998089660206134,0.998404187548754,0.9977883401067504,0.9981850307231218,1.0,0.9980261619394956,0.998073392205882
4,10,1.4903177913586805,0.58408,5000,1.928977891250893,0.5378151260504201,833,1.9236768674545777,0.541,0.9989066761212083,0.0833275350181332,0.08313520819601547,0.08317218233486512,0.9995554506469441,,0.9995312243260746,0.00046877567392544783,0.9977870869837783,0.09989025902679774,5,0.001,0.1,0.997738305310886,0.9967858337750505,0.9976791135118231,0.9973320358663097,0.9979077911069938,0.997551870079632,0.9975665549151317,0.9979365682968829,0.9978454054795709,0.9980261619394956,1.0,0.9974101973797247
4,11,1.5101751751960464,0.59836,5000,1.9254957879031147,0.5354141656662665,833,1.9236768720249018,0.541,0.9988477037808118,0.08332709126585784,0.0831347675107012,0.08317218233486512,0.9995501521769281,,0.9995312243260746,0.00046877567392544783,0.997787086983604,0.09989025902679774,5,0.001,0.1,0.9976212962234967,0.9970800631628302,0.9974901489326938,0.9970973310669125,0.9978459967808174,0.9977970788388567,0.9976760796858735,0.9973449215378667,0.9976368261028723,0.998073392205882,0.9974101973797247,1.0
5,0,1.3827095674101715,0.61636,5000,1.8006367815865412,0.5755395683453237,834,1.8067450809021728,0.5772,0.9986249381874607,0.0833351309780364,0.08314275165196026,0.08317255951911838,0.9996416141533926,,0.9996278791042035,0.00037212089579652385,0.9983210434857165,0.09986887908126761,5,0.001,0.1,1.0,0.9960103850820585,0.997649740924641,0.9969697286594732,0.9967297284117859,0.9970081921308229,0.9974817866245738,0.9976226563275506,0.9969965906141413,0.9974527190364287,0.9970587391404193,0.9968255670962174
5,1,1.3925360151157258,0.60456,5000,1.8070822733419913,0.5863309352517986,834,1.8067450736658262,0.5772,0.9980846636911492,0.08325660403514795,0.08306476703461978,0.08317255951911838,0.9987039897999949,,0.9986903277563526,0.0013096722436474195,0.9983210434479496,0.09986887908122402,5,0.001,0.1,0.9960103850820585,1.0,0.9964568814236308,0.9957962763790752,0.9966151655539601,0.996927095628792,0.9969678622740695,0.9960224054990842,0.9967559736571459,0.9964910773510526,0.9965415133153852,0.9967515277265621
5,2,1.38492168643672,0.60244,5000,1.8195702279055561,0.5467625899280576,834,1.8067450824256142,0.5772,0.9989229004543454,0.08334268671359575,0.08315025515214294,0.08317255951911838,0.9997318302081344,,0.9997100356656131,0.00028996433438688296,0.9983210434854204,0.09986887908126789,5,0.001,0.1,0.997649740924641,0.9964568814236308,1.0,0.9976464968712896,0.9974115382765171,0.9973601608114502,0.997428895038785,0.9975322445037546,0.9972181629245932,0.9984292567001787,0.9971823730159769,0.9970610262540847
5,3,1.3719444202010038,0.60832,5000,1.8053038031966597,0.5743405275779376,834,1.8067450774744296,0.5772,0.998449500241075,0.08330961074927479,0.08311740778355206,0.08317255951911838,0.9993368998515312,,0.9993137510752844,0.0006862489247155823,0.9983210434722521,0.09986887908126173,5,0.001,0.1,0.9969697286594732,0.9957962763790752,0.9976464968712896,1.0,0.9969846110399767,0.996606009323291,0.9964866443135223,0.9974629418736974,0.9971987694854318,0.9975443749715002,0.9965498685951519,0.9964584924031106
5,4,1.3745927654254209,0.628,5000,1.8134706903387,0.5786314525810324,833,1.8067450824256142,0.5772,0.9987895130126252,0.08335580551197318,0.08316328323339625,0.08317255951911838,0.999888469384907,,0.999859850571713,0.00014014942828699528,0.9983210434852192,0.0998688790812681,5,0.001,0.1,0.9967297284117859,0.9966151655539601,0.9974115382765171,0.9969846110399767,1.0,0.9974957903828621,0.9976056295887482,0.9970848973022665,0.997182660300823,0.9979127765943151,0.9974346676257176,0.9973201686701418
5,5,1.3830659320400018,0.61248,5000,1.810824813666167,0.6038415366146459,833,1.8067450824256142,0.5772,0.9987153060687958,0.08334908461570627,0.08315660881600248,0.08317255951911838,0.9998082215551868,,0.9997825267492099,0.00021747325079013446,0.9983210434856956,0.09986887908126803,5,0.001,0.1,0.9970081921308229,0.996927095628792,0.9973601608114502,0.996606009323291,0.9974957903828621,1.0,0.997472698741133,0.9970385279294314,0.9970763274796829,0.9973802486230183,0.9972421909493444,0.9972817134672175
5,6,1.3734381306702923,0.61424,5000,1.810364255198726,0.5894357743097239,833,1.8067450797595916,0.5772,0.9988879259185557,0.08334179238328768,0.08314936700513721,0.08317255951911838,0.9997211518424467,,0.9997003701878002,0.00029962981219977536,0.9983210434854529,0.09986887908126786,5,0.001,0.1,0.9974817866245738,0.9969678622740695,0.997428895038785,0.9964866443135223,0.9976056295887482,0.997472698741133,1.0,0.99746008913249,0.9974745206403743,0.9980880977667996,0.997120156516308,0.9973714473073314
5,7,1.3785337795117858,0.60772,5000,1.8143727911843195,0.5906362545018007,833,1.8067450831873348,0.5772,0.9987445066452433,0.08334250427774476,0.08315007397764428,0.08317255951911838,0.9997296519115939,,0.9997052029267067,0.00029479707329327365,0.998321043485667,0.09986887908126788,5,0.001,0.1,0.9976226563275506,0.9960224054990842,0.9975322445037546,0.9974629418736974,0.9970848973022665,0.9970385279294314,0.99746008913249,1.0,0.9974973578252668,0.9976013691763238,0.9970814467608841,0.9968345333531747
5,8,1.371491131888833,0.62188,5000,1.8105417931521381,0.5870348139255702,833,1.8067450828064744,0.5772,0.9987596052599409,0.08334795431528916,0.08315548633153165,0.08317255951911838,0.9997947257041836,,0.9997680285324905,0.00023197146750952857,0.998321043485716,0.099868879081268,5,0.001,0.1,0.9969965906141413,0.9967559736571459,0.9972181629245932,0.9971987694854318,0.997182660300823,0.9970763274796829,0.9974745206403743,0.9974973578252668,1.0,0.9978457050464801,0.9970899873784357,0.9970837967333146
5,9,1.3771516805241821,0.61968,5000,1.8242965892509178,0.5618247298919568,833,1.8067450805213123,0.5772,0.9990993615209659,0.08336514640776688,0.08317255951911838,0.08317255951911838,0.9999999999879767,,0.9999613380887484,3.866191125156959e-05,0.9983210434852312,0.09986887908126812,5,0.001,0.1,0.9974527190364287,0.9964910773510526,0.9984292567001787,0.9975443749715002,0.9979127765943151,0.9973802486230183,0.9980880977667996,0.9976013691763238,0.9978457050464801,1.0,0.9972496866306326,0.9974953842885631
5,10,1.3677933120423822,0.61092,5000,1.8136316096341167,0.5690276110444178,833,1.8067450831873348,0.5772,0.9986064562455785,0.08332706653240685,0.08313474294819269,0.08317255951911838,0.9995453239368383,,0.9995215588482617,0.00047844115173834023,0.9983210434815022,0.0998688790812668,5,0.001,0.1,0.9970587391404193,0.9965415133153852,0.9971823730159769,0.9965498685951519,0.9974346676257176,0.9972421909493444,0.997120156516308,0.9970814467608841,0.9970899873784357,0.9972496866306326,1.0,0.9970344474110785
5,11,1.3894357997141067,0.62404,5000,1.810048708209285,0.5630252100840336,833,1.8067450797595916,0.5772,0.998600850026565,0.08332661347977044,0.08313429302676074,0.08317255951911838,0.9995399144431958,,0.9995167261093553,0.0004832738906447309,0.9983210434816535,0.09986887908126676,5,0.001,0.1,0.9968255670962174,0.9967515277265621,0.9970610262540847,0.9964584924031106,0.9973201686701418,0.9972817134672175,0.9973714473073314,0.9968345333531747,0.9970837967333146,0.9974953842885631,0.9970344474110785,1.0
6,0,1.2799999726046423,0.63224,5000,1.672854604544463,0.6091127098321343,834,1.6813850852247245,0.6043,0.9984449384653297,0.08333204616536502,0.08313968816294064,0.08317473123962467,0.9995786812032772,,0.9995650534984197,0.00043494650158026893,0.9981479970741326,0.09985186551271986,5,0.001,0.1,1.0,0.9956236548952438,0.9973592569735845,0.9966437385114536,0.9961948799084982,0.9968947455654512,0.997008498677801,0.9971603964066571,0.9964372928030504,0.9969839400779881,0.9967209676115362,0.9965668383416815
6,1,1.2902110673060083,0.62548,5000,1.682821167839898,0.6067146282973621,834,1.6813850844630038,0.6043,0.997915530807332,0.08326680167765481,0.08307489430730762,0.08317473123962467,0.9987996723063857,,0.9987869825344816,0.0012130174655183845,0.9981479970984323,0.09985186551258594,5,0.001,0.1,0.9956236548952438,1.0,0.9965568145594292,0.9958349463447972,0.9961598234814609,0.9963573811573765,0.9964914848365174,0.995738165688875,0.9963198311385574,0.9965447057489963,0.9954859843825518,0.9961423001025502
6,2,1.282219960355455,0.62356,5000,1.6974840826458402,0.564748201438849,834,1.681385082558702,0.6043,0.9989631529145832,0.0833534059407753,0.08316090025747322,0.08317473123962467,0.9998337117181486,,0.999806690443742,0.00019330955625795898,0.9981479970717678,0.09985186551272049,5,0.001,0.1,0.9973592569735845,0.9965568145594292,1.0,0.9974201465309377,0.9971946318598893,0.9976215385865842,0.9972214589800465,0.9971719070221979,0.9968516321169716,0.9980158467074473,0.9971632719925607,0.9972270994772421
6,3,1.270060331046961,0.62864,5000,1.6790493638427169,0.6031175059952039,834,1.6813850901759089,0.6043,0.9984388267897285,0.08331619849852849,0.08312395001773482,0.08317473123962467,0.9993894633366118,,0.9993717439421618,0.0006282560578382279,0.998147997086632,0.0998518655127024,5,0.001,0.1,0.9966437385114536,0.9958349463447972,0.9974201465309377,1.0,0.9967951629431921,0.9968458500595495,0.9962458186631846,0.9970479843135608,0.9967649599104264,0.997051809740959,0.9964594798483838,0.9964121185389858
6,4,1.2705082801496907,0.64692,5000,1.6893463090614036,0.6050420168067226,833,1.6813850882716073,0.6043,0.998440918845673,0.08334459518311807,0.08315215042627315,0.08317473123962467,0.9997285135279104,,0.9997052029267067,0.00029479707329327365,0.9981479970731835,0.09985186551272034,5,0.001,0.1,0.9961948799084982,0.9961598234814609,0.9971946318598893,0.9967951629431921,1.0,0.9970045714492228,0.996885972643459,0.9964568622948691,0.9963222903062942,0.9975525724939481,0.9964214240389832,0.9965573146502654
