round,client_id,client_i_training_loss,client_i_training_accuracy,client_i_training_dataset_size,client_i_evaluation_loss,client_i_evaluation_accuracy,client_i_evaluation_dataset_size,client_i_central_evaluation_loss,client_i_central_evaluation_accuracy,client_i_cosine_similarity,client_i_importance_coefficient,client_i_tanh_val,tanh_normalization_value,client_i_q,client_i_mask_order,client_i_v_nonzero_fraction,client_i_v_sparsity,client_i_v_cosine_similarity,client_i_reward_gradient_norm,local_epochs,learning_rate,gamma,client_0_cosine_similarity,client_1_cosine_similarity,client_2_cosine_similarity,client_3_cosine_similarity,client_4_cosine_similarity,client_5_cosine_similarity,client_6_cosine_similarity,client_7_cosine_similarity,client_8_cosine_similarity,client_9_cosine_similarity,client_10_cosine_similarity,client_11_cosine_similarity
0,0,2.285722069306807,0.13402927765778738,4167,2.2967484337942943,0.10311750599520383,834,2.297082556953913,0.1096,0.9807189684173441,0.08325154479981464,,,0.8261718489108576,,0.8262118136356885,0.17378818636431148,0,0.14718545836120142,10,0.025,0.15,1.0,0.9752017124419746,0.9489040882491273,0.9316607219027948,0.954642049234714,0.9643930204677967,0.9593780063572096,0.9475148442123535,0.9697825400516222,0.9639144984577673,0.9698279523026745,0.9678370232096537
0,1,2.286332938887856,0.13165346772258218,4167,2.2963476181030273,0.11151079136690648,834,2.2970926158035856,0.1096,0.9870991607391919,0.08379314834172526,,,0.9424049034979558,,0.9424501988744203,0.057549801125579725,0,0.14725165607087953,10,0.025,0.15,0.9752017124419746,1.0,0.9597103871922433,0.9471474576901856,0.9654690107035675,0.9617443029449296,0.9672999068159281,0.9638904883138539,0.973748252643459,0.9720069125872608,0.9731884088905868,0.9688073895563729
0,2,2.2799818486878367,0.16508279337652987,4167,2.297603062220982,0.1354916067146283,834,2.2971535724929617,0.1178,0.9683040843814272,0.0821976666677657,,,0.6,,0.6000148536911423,0.39998514630885773,0,0.1466399491832122,10,0.025,0.15,0.9489040882491273,0.9597103871922433,1.0,0.9125950251769043,0.9530077869369618,0.9516912858628491,0.9482084377208019,0.9272633655439084,0.9531844262972845,0.9373268717168146,0.9692842093156614,0.945626807165326
0,3,2.289292238697861,0.10765538756899448,4167,2.295198236192976,0.11510791366906475,834,2.2971518281139907,0.1182,0.9701127547931625,0.08235120158516784,,,0.6329499921150321,,0.6329983000775693,0.3670016999224307,0,0.1468343488810072,10,0.025,0.15,0.9316607219027948,0.9471474576901856,0.9125950251769043,1.0,0.9489168839818436,0.9554251041272704,0.9639890768031959,0.9723421742651901,0.953239020006391,0.9536086910456837,0.9385955804487033,0.9505854625673449
0,4,2.279603319457083,0.11219102471802256,4167,2.297417231968471,0.11404561824729892,833,2.2970808035210717,0.1097,0.9833208519628058,0.08347241421452421,,,0.8735724376256095,,0.8735950883794623,0.12640491162053769,0,0.14719650594652342,10,0.025,0.15,0.954642049234714,0.9654690107035675,0.9530077869369618,0.9489168839818436,1.0,0.9696132204022073,0.9598346640425497,0.9527649742865231,0.9720740255361493,0.9749271506918208,0.971915373508381,0.9605414786462297
0,5,2.28456729108637,0.1424286057115431,4167,2.3003649371010915,0.09003601440576231,833,2.29709304133548,0.1096,0.98575719809753,0.08367923144342941,,,0.9179572992387517,,0.9180076248947864,0.08199237510521362,0,0.14725010112267434,10,0.025,0.15,0.9643930204677967,0.9617443029449296,0.9516912858628491,0.9554251041272704,0.9696132204022073,1.0,0.9668428948693812,0.9576746246327481,0.9777004099583998,0.966589337101069,0.9726792547656989,0.9680528076352444
0,6,2.2852558374404905,0.14266858651307895,4167,2.2968335832868303,0.10684273709483794,833,2.2970809242393395,0.1096,0.9841744064053878,0.08354487098165533,,,0.8891223199979559,,0.8891502038256507,0.11084979617434931,0,0.14719921232492658,10,0.025,0.15,0.9593780063572096,0.9672999068159281,0.9482084377208019,0.9639890768031959,0.9598346640425497,0.9668428948693812,1.0,0.9708786341688437,0.9720040486863565,0.9623579333760972,0.9640282125495463,0.9589337155100073
0,7,2.2899760686989987,0.10986321094312455,4167,2.297487361090524,0.10684273709483794,833,2.297123918050452,0.1187,0.9784348031563163,0.0830576459432793,,,0.7845593877062229,,0.7846049743361225,0.21539502566387747,0,0.14709073793859706,10,0.025,0.15,0.9475148442123535,0.9638904883138539,0.9272633655439084,0.9723421742651901,0.9527649742865231,0.9576746246327481,0.9708786341688437,1.0,0.9648473345780375,0.9631860871004311,0.9554942918785532,0.9502848860411891
0,8,2.2850109367659597,0.11560249639942391,4166,2.298165661948068,0.09123649459783914,833,2.2970924860314477,0.1096,0.9897117210729924,0.08401492409061548,,,0.9899999997853909,,0.9900232707827895,0.00997672921721049,0,0.1472523134503567,10,0.025,0.15,0.9697825400516222,0.973748252643459,0.9531844262972845,0.953239020006391,0.9720740255361493,0.9777004099583998,0.9720040486863565,0.9648473345780375,1.0,0.9752847531550812,0.9772026054732869,0.969929114619655
0,9,2.282344682288892,0.1328372539606337,4166,2.295814207621983,0.11644657863145258,833,2.297080824646769,0.1096,0.9847307517609191,0.08359209818106897,,,0.8992577072741839,,0.8992919740555528,0.10070802594444717,0,0.14720028618699194,10,0.025,0.15,0.9639144984577673,0.9720069125872608,0.9373268717168146,0.9536086910456837,0.9749271506918208,0.966589337101069,0.9623579333760972,0.9631860871004311,0.9752847531550812,1.0,0.9710814488155838,0.9600369522347657
0,10,2.2840008692307907,0.12885261641862697,4166,2.2988942010062083,0.12484993997599039,833,2.2970929538147358,0.1096,0.9865720153888365,0.08374839988047957,,,0.9328014760160921,,0.9328283078344969,0.06717169216550312,0,0.1472508637110955,10,0.025,0.15,0.9698279523026745,0.9731884088905868,0.9692842093156614,0.9385955804487033,0.971915373508381,0.9726792547656989,0.9640282125495463,0.9554942918785532,0.9772026054732869,0.9710814488155838,1.0,0.9587121357203735
0,11,2.283990024797844,0.11536245799327892,4166,2.294136013303484,0.12484993997599039,833,2.297081678728514,0.1096,0.9812527178527938,0.08329685387047422,,,0.8358955882805958,,0.8359409813338614,0.1640590186661386,0,0.14718821278523275,10,0.025,0.15,0.9678370232096537,0.9688073895563729,0.945626807165326,0.9505854625673449,0.9605414786462297,0.9680528076352444,0.9589337155100073,0.9502848860411891,0.969929114619655,0.9600369522347657,0.9587121357203735,1.0
1,0,2.2096226583827625,0.19167266618670506,4167,2.285048689161028,0.1498800959232614,834,2.285871140564544,0.1571,0.9895499473516792,0.08327951198250953,,,0.8193839038039302,,0.8194368800646961,0.18056311993530394,0.8659354687324817,0.14840164174260745,10,0.025,0.15,1.0,0.9788008744066987,0.9762229948133767,0.9693964349172601,0.974166543175005,0.9776164705915146,0.9796497816870262,0.9768194127419406,0.9821505052137289,0.9778048920089587,0.9835729320814305,0.9755396938783515
1,1,2.209062785090822,0.18003359731221502,4167,2.2856526034218922,0.15587529976019185,834,2.285890277427963,0.1567,0.9904054200678295,0.08364050364753954,,,0.922432661262421,,0.9224719842880956,0.07752801571190437,0.8670466630425485,0.14844628328216541,10,0.025,0.15,0.9788008744066987,1.0,0.9776747945094758,0.9764200684521743,0.9846943066021738,0.9796458731887916,0.9771042606643255,0.9848673554046542,0.9825035713878926,0.9815985105366591,0.9729167332538629,0.9656797635087725
1,2,2.1923659404118854,0.19697624190064794,4167,2.286172764641898,0.1774580335731415,834,2.2860557399218595,0.1557,0.9858446719798349,0.08251098490204604,,,0.6,,0.6000148536911423,0.39998514630885773,0.862100952154437,0.14764334878696653,10,0.025,0.15,0.9762229948133767,0.9776747945094758,1.0,0.962978064283843,0.9772447724055748,0.9769025728224509,0.977378888559128,0.9702212827220713,0.9751080663158915,0.96689353974124,0.9806831742911957,0.9667435213511469
1,3,2.216807421770963,0.16529877609791216,4167,2.2846176283700124,0.1486810551558753,834,2.28601723984827,0.1554,0.9876560611537688,0.08266413197407411,,,0.6437173957453747,,0.6437589741050651,0.3562410258949349,0.8628066656284142,0.14797700546919249,10,0.025,0.15,0.9693964349172601,0.9764200684521743,0.962978064283843,1.0,0.981352577411042,0.9821471179434725,0.9758010736309252,0.9847684737740575,0.9808798550175857,0.9830769675456639,0.9686065906815211,0.9640535740637122
1,4,2.2032539761427676,0.16618670506359493,4167,2.2865071296691895,0.16806722689075632,833,2.2858623100232474,0.1573,0.9915827980680423,0.08348126710589787,,,0.8769769642263213,,0.8770196893928142,0.12298031060718584,0.8660428776448981,0.14841942903396274,10,0.025,0.15,0.974166543175005,0.9846943066021738,0.9772447724055748,0.981352577411042,1.0,0.9811899799072811,0.9793183117728897,0.9865477766280505,0.9821617114305516,0.9818364983707173,0.9768471983929581,0.9706137970935688
1,5,2.2102864532759696,0.18063354931605471,4167,2.2891816071101596,0.1404561824729892,833,2.2858907391753376,0.1567,0.9917470969999779,0.08361385683488612,,,0.9148260564563624,,0.9148635936030104,0.0851364063969896,0.86701875686302,0.14844578820210047,10,0.025,0.15,0.9776164705915146,0.9796458731887916,0.9769025728224509,0.9821471179434725,0.9811899799072811,1.0,0.9813798309942683,0.982242234344822,0.9854871606250085,0.980497103517026,0.9796120639650142,0.9711374839117181
1,6,2.206051299788735,0.18502519798416125,4167,2.2859558377947127,0.16806722689075632,833,2.285862201376806,0.1571,0.9902768740690173,0.08348355868582191,,,0.8776311191187054,,0.8776798534435807,0.12232014655641932,0.8661390285353544,0.14841953737717786,10,0.025,0.15,0.9796497816870262,0.9771042606643255,0.977378888559128,0.9758010736309252,0.9793183117728897,0.9813798309942683,1.0,0.9809042217493186,0.9823080216168625,0.977719522953575,0.9766520257082603,0.9722078343549259
1,7,2.2196577700701625,0.16491480681545476,4167,2.286675895963396,0.14285714285714285,833,2.285915637318092,0.1554,0.9917034241131044,0.0832299392781915,,,0.8052328690884729,,0.8052681091251176,0.1947318908748824,0.8662772981276831,0.14839180133021432,10,0.025,0.15,0.9768194127419406,0.9848673554046542,0.9702212827220713,0.9847684737740575,0.9865477766280505,0.982242234344822,0.9809042217493186,1.0,0.983754617700807,0.9865415395102444,0.9733295900233544,0.9674027521687502
1,8,2.2077335913976035,0.17133941430628902,4166,2.2866154057638988,0.15486194477791115,833,2.285886157917071,0.1567,0.9934998863890088,0.08387719981555788,,,0.9899999997145398,,0.9900232707827895,0.00997672921721049,0.8671544700443952,0.14845019881842428,10,0.025,0.15,0.9821505052137289,0.9825035713878926,0.9751080663158915,0.9808798550175857,0.9821617114305516,0.9854871606250085,0.9823080216168625,0.983754617700807,1.0,0.9864499487952654,0.9818140955830621,0.9759209908573355
1,9,2.2074300173557164,0.17100336053768603,4166,2.284506150654384,0.15726290516206481,833,2.2858613382411908,0.1571,0.9910117296173113,0.08353642103829703,,,0.8927212174965751,,0.8927563499529633,0.10724365004703673,0.8661632652565407,0.14842145440426968,10,0.025,0.15,0.9778048920089587,0.9815985105366591,0.96689353974124,0.9830769675456639,0.9818364983707173,0.980497103517026,0.977719522953575,0.9865415395102444,0.9864499487952654,1.0,0.9768695919621859,0.9697485141272945
1,10,2.2057303956060696,0.17628420547287565,4166,2.2885738781520297,0.15006002400960383,833,2.2858911797970154,0.1567,0.9893333747069952,0.08357824581660381,,,0.9046605276053883,,0.9046888151705699,0.09531118482943013,0.8670203597986417,0.1484449467270784,10,0.025,0.15,0.9835729320814305,0.9729167332538629,0.9806831742911957,0.9686065906815211,0.9768471983929581,0.9796120639650142,0.9766520257082603,0.9733295900233544,0.9818140955830621,0.9768695919621859,1.0,0.9782406640005115
1,11,2.2141489512992627,0.1816610657705233,4166,2.282636438097273,0.17406962785114047,833,2.2858736756481703,0.1571,0.9832816852716276,0.0831043789185748,,,0.7693903821339168,,0.7694377052697595,0.23056229473024048,0.8652047261339774,0.14831616313935495,10,0.025,0.15,0.9755396938783515,0.9656797635087725,0.9667435213511469,0.9640535740637122,0.9706137970935688,0.9711374839117181,0.9722078343549259,0.9674027521687502,0.9759209908573355,0.9697485141272945,0.9782406640005115,1.0
2,0,2.126483575141791,0.22407007439404847,4167,2.268187011991228,0.18345323741007194,834,2.269582120678093,0.1881,0.9885687086637371,0.08330411050023326,,,0.99,,0.9900232707827895,0.00997672921721049,0.9373691822246989,0.1482680943512063,10,0.025,0.15,1.0,0.9782929650976147,0.976232699149659,0.9697694399658613,0.9739577563152371,0.974023830384171,0.976724049900245,0.9759505090881709,0.9754779589772322,0.9755892494799814,0.9781105518407075,0.9716817859054997
2,1,2.1256126244862874,0.22140628749700025,4167,2.269948789051601,0.19784172661870503,834,2.269588573069512,0.189,0.9899449802272874,0.08357095256611417,,,0.99,,0.9900232707827895,0.00997672921721049,0.9375854360374796,0.1482680943512063,10,0.025,0.15,0.9782929650976147,1.0,0.9763741832061792,0.9747549947384047,0.9824544931139826,0.9770238139607568,0.9752832235563155,0.9808550859657795,0.9798022155703617,0.9776940956915169,0.9692243426219623,0.9702958143273054
2,2,2.1100079995213132,0.23640508759299256,4167,2.2697005612509593,0.19544364508393286,834,2.269831470296353,0.1832,0.986049494519666,0.08274933196604405,,,0.99,,0.9900232707827895,0.00997672921721049,0.9321408950980936,0.1482680943512063,10,0.025,0.15,0.976232699149659,0.9763741832061792,1.0,0.9656105355485107,0.976604484631439,0.9734897929870322,0.973862281429002,0.9681923107076097,0.9723376229361423,0.9689539277080065,0.9757990941265878,0.9686930785753253
2,3,2.1413803588260305,0.2107751379889609,4167,2.2690111568995883,0.17625899280575538,834,2.269762250441539,0.1824,0.986605873421638,0.08286164624926501,,,0.99,,0.9900232707827895,0.00997672921721049,0.9350678665263561,0.1482680943512063,10,0.025,0.15,0.9697694399658613,0.9747549947384047,0.9656105355485107,1.0,0.977319134159481,0.9805155800923336,0.97403198732141,0.9779689225258748,0.97732519889375,0.9747181734890342,0.9657806006634413,0.9648527007317316
2,4,2.1284726493286366,0.21135109191264698,4167,2.270456211907523,0.19687875150060025,833,2.2695686032500446,0.1881,0.9904544660129574,0.08348942643633869,,,0.99,,0.9900232707827895,0.00997672921721049,0.9375016389012932,0.1482680943512063,10,0.025,0.15,0.9739577563152371,0.9824544931139826,0.976604484631439,0.977319134159481,1.0,0.9795165892898107,0.9772625315974137,0.9820115227106159,0.9782138213567272,0.9769283632925485,0.9729446328208953,0.9709312465367929
2,5,2.131693957791184,0.21939044876409888,4167,2.2732323919023787,0.18487394957983194,833,2.2695889593679692,0.1889,0.9899841294151045,0.0835558158379302,,,0.99,,0.9900232707827895,0.00997672921721049,0.9375830186630992,0.1482680943512063,10,0.025,0.15,0.974023830384171,0.9770238139607568,0.9734897929870322,0.9805155800923336,0.9795165892898107,1.0,0.9768786315015034,0.9791726290697402,0.9816110307128608,0.9747240221869276,0.9741108380766461,0.9714597438125213
2,6,2.1250498710256633,0.23218142548596113,4167,2.270241907664708,0.18847539015606243,833,2.269568111323103,0.1882,0.988623278351752,0.08343150135644026,,,0.99,,0.9900232707827895,0.00997672921721049,0.9375018985533624,0.1482680943512063,10,0.025,0.15,0.976724049900245,0.9752832235563155,0.973862281429002,0.97403198732141,0.9772625315974137,0.9768786315015034,1.0,0.9769417193879931,0.9790866647162673,0.9769475831923824,0.969396150225534,0.9699880373537118
2,7,2.139927724274722,0.21223902087832974,4167,2.2710787568773543,0.15846338535414164,833,2.2696292943592313,0.1833,0.9899097084364535,0.08331704311856203,,,0.99,,0.9900232707827895,0.00997672921721049,0.937288502705996,0.1482680943512063,10,0.025,0.15,0.9759505090881709,0.9808550859657795,0.9681923107076097,0.9779689225258748,0.9820115227106159,0.9791726290697402,0.9769417193879931,1.0,0.9797796762511957,0.9809238402953023,0.9692963010470187,0.970565583660397
2,8,2.1269380753690545,0.21500240038406146,4166,2.2700497763497487,0.19207683073229292,833,2.269582905346834,0.1892,0.9909423101046176,0.08374899249393573,,,0.99,,0.9900232707827895,0.00997672921721049,0.9375597144034503,0.1482680943512063,10,0.025,0.15,0.9754779589772322,0.9798022155703617,0.9723376229361423,0.97732519889375,0.9782138213567272,0.9816110307128608,0.9790866647162673,0.9797796762511957,1.0,0.9821742487976525,0.9733564973408307,0.9746143860909624
2,9,2.131147439552076,0.21896303408545367,4166,2.2681664739336287,0.18847539015606243,833,2.2695668709429007,0.1883,0.9892365341211052,0.0834839177001461,,,0.99,,0.9900232707827895,0.00997672921721049,0.9375112189974284,0.1482680943512063,10,0.025,0.15,0.9755892494799814,0.9776940956915169,0.9689539277080065,0.9747181734890342,0.9769283632925485,0.9747240221869276,0.9769475831923824,0.9809238402953023,0.9821742487976525,1.0,0.972496582291267,0.9724499949865444
2,10,2.126354895216046,0.2185549687950072,4166,2.2730816091809953,0.18007202881152462,833,2.269589541833612,0.1889,0.9861617894800604,0.0834100365521106,,,0.99,,0.9900232707827895,0.00997672921721049,0.9375838687085859,0.1482680943512063,10,0.025,0.15,0.9781105518407075,0.9692243426219623,0.9757990941265878,0.9657806006634413,0.9729446328208953,0.9741108380766461,0.969396150225534,0.9692963010470187,0.9733564973408307,0.972496582291267,1.0,0.9767059532441396
2,11,2.139309339451067,0.21617858857417185,4166,2.265772683279855,0.2028811524609844,833,2.2695850873295265,0.1876,0.9848942451346153,0.08307722522287993,,,0.99,,0.9900232707827895,0.00997672921721049,0.9373078764322913,0.1482680943512063,10,0.025,0.15,0.9716817859054997,0.9702958143273054,0.9686930785753253,0.9648527007317316,0.9709312465367929,0.9714597438125213,0.9699880373537118,0.970565583660397,0.9746143860909624,0.9724499949865444,0.9767059532441396,1.0
3,0,2.0502068981979833,0.2560835133189345,4167,2.246405839920044,0.23980815347721823,834,2.248452132261252,0.2402,0.985473413436995,0.08329790337437092,,,0.99,,0.9900232707827895,0.00997672921721049,0.9604335690924561,0.1479021526501721,10,0.025,0.15,1.0,0.97233584658798,0.9702245454975466,0.9660196595212349,0.9691963373236789,0.9694664490942323,0.9704184357486092,0.9706715659457891,0.9675386118405929,0.9702951331832385,0.9696172178576773,0.9644888777468975
3,1,2.051864216183171,0.25581953443724503,4167,2.2493104934692383,0.25539568345323743,834,2.248443570318101,0.2399,0.9881217441271481,0.08354823738506707,,,0.99,,0.9900232707827895,0.00997672921721049,0.9604335690924561,0.1479021526501721,10,0.025,0.15,0.97233584658798,1.0,0.9700319420041947,0.9702678528682088,0.9776564932582585,0.9727969166949667,0.9678887233717152,0.975911064808208,0.977279060301307,0.9728928995295447,0.9644068222549868,0.9700224683313153
3,2,2.0369235949082807,0.26527477801775856,4167,2.2483974184308733,0.2529976019184652,834,2.2487884443017503,0.2339,0.9841506737762072,0.0829131251229261,,,0.99,,0.9900232707827895,0.00997672921721049,0.9604335690924561,0.1479021526501721,10,0.025,0.15,0.9702245454975466,0.9700319420041947,1.0,0.9618728005825371,0.9700788421133172,0.9700805521745857,0.9681591293071196,0.9644018055352683,0.9664567449516347,0.9667808225550422,0.9707392583391428,0.9659901454333741
3,3,2.070388602849209,0.24223662107031438,4167,2.248746292931693,0.21942446043165467,834,2.2486850189257273,0.2315,0.9845892177852138,0.08299656131962359,,,0.99,,0.9900232707827895,0.00997672921721049,0.9604335690924561,0.1479021526501721,10,0.025,0.15,0.9660196595212349,0.9702678528682088,0.9618728005825371,1.0,0.9697211500624254,0.9732131951570776,0.9700253896420621,0.9707454167569354,0.9720821337552786,0.969191577718334,0.9609529454885883,0.9658273003777993
3,4,2.060281657450127,0.2466762658987281,4167,2.249708924974714,0.25090036014405764,833,2.2484326966201205,0.2402,0.9877029568846335,0.08348441487533022,,,0.99,,0.9900232707827895,0.00997672921721049,0.9604335690924561,0.1479021526501721,10,0.025,0.15,0.9691963373236789,0.9776564932582585,0.9700788421133172,0.9697211500624254,1.0,0.9735223490496142,0.9721942960296895,0.9752782535837431,0.9722812800772237,0.9722022582762697,0.9676942688292091,0.966733300430575
3,5,2.060344138651183,0.2482601391888649,4167,2.2525566646030972,0.22448979591836735,833,2.248444019993649,0.2399,0.9875685288896093,0.08352096670469929,,,0.99,,0.9900232707827895,0.00997672921721049,0.9604335690924561,0.1479021526501721,10,0.025,0.15,0.9694664490942323,0.9727969166949667,0.9700805521745857,0.9732131951570776,0.9735223490496142,1.0,0.9714707687010143,0.9714312723680989,0.9742367169594729,0.9696511793794576,0.9693309460752624,0.9697833636711403
3,6,2.0510117451349896,0.2632589392848572,4167,2.24971182005746,0.2545018007202881,833,2.248431293270256,0.24,0.9860559775802806,0.08339530146947466,,,0.99,,0.9900232707827895,0.00997672921721049,0.9604335690924561,0.1479021526501721,10,0.025,0.15,0.9704184357486092,0.9678887233717152,0.9681591293071196,0.9700253896420621,0.9721942960296895,0.9714707687010143,1.0,0.9711285280231204,0.972499043024857,0.9729241529883716,0.9632840197667484,0.9671224042925032
3,7,2.066749675346143,0.24574034077273818,4167,2.2508062975747243,0.2148859543817527,833,2.2485032564477074,0.234,0.9872693172588292,0.08336412078415749,,,0.99,,0.9900232707827895,0.00997672921721049,0.9604335690924561,0.1479021526501721,10,0.025,0.15,0.9706715659457891,0.975911064808208,0.9644018055352683,0.9707454167569354,0.9752782535837431,0.9714312723680989,0.9711285280231204,1.0,0.972665091406517,0.9742456584816851,0.9648876148073031,0.970098459635581
3,8,2.0532464482567527,0.24757561209793566,4166,2.248593432562692,0.234093637454982,833,2.2484363483477243,0.24,0.9875398353311503,0.08363907931294969,,,0.99,,0.9900232707827895,0.00997672921721049,0.9604335690924561,0.1479021526501721,10,0.025,0.15,0.9675386118405929,0.977279060301307,0.9664567449516347,0.9720821337552786,0.9722812800772237,0.9742367169594729,0.972499043024857,0.972665091406517,1.0,0.9750059886582755,0.9646072738108183,0.9698836182873675
3,9,2.060171697356484,0.24939990398463754,4166,2.246880224772862,0.234093637454982,833,2.248429636412029,0.2401,0.9868160272047063,0.08345225375727428,,,0.99,,0.9900232707827895,0.00997672921721049,0.9604335690924561,0.1479021526501721,10,0.025,0.15,0.9702951331832385,0.9728928995295447,0.9667808225550422,0.969191577718334,0.9722022582762697,0.9696511793794576,0.9729241529883716,0.9742456584816851,0.9750059886582755,1.0,0.9656775479637711,0.9671859290124839
3,10,2.0528551148645806,0.25,4166,2.252826247896467,0.21968787515006002,833,2.2484446235849886,0.2399,0.9827492693976914,0.08327482520464452,,,0.99,,0.9900232707827895,0.00997672921721049,0.9604335690924561,0.1479021526501721,10,0.025,0.15,0.9696172178576773,0.9644068222549868,0.9707392583391428,0.9609529454885883,0.9676942688292091,0.9693309460752624,0.9632840197667484,0.9648876148073031,0.9646072738108183,0.9656775479637711,1.0,0.9668417815316372
3,11,2.069600762381698,0.24277484397503601,4166,2.2439870153154646,0.2581032412965186,833,2.2484560857845257,0.2391,0.9840897654406534,0.08311321068948234,,,0.99,,0.9900232707827895,0.00997672921721049,0.9604335690924561,0.1479021526501721,10,0.025,0.15,0.9644888777468975,0.9700224683313153,0.9659901454333741,0.9658273003777993,0.966733300430575,0.9697833636711403,0.9671224042925032,0.970098459635581,0.9698836182873675,0.9671859290124839,0.9668417815316372,1.0
4,0,1.9858483856374567,0.28209743220542355,4167,2.219034194946289,0.2577937649880096,834,2.2220967117744155,0.2656,0.98266830512215,0.08329662811190768,,,0.99,,0.9900232707827895,0.00997672921721049,0.9799929919957768,0.1474692442409137,10,0.025,0.15,1.0,0.9641706594660906,0.9637552585333892,0.9612821046222376,0.9646935787621213,0.9643912825427251,0.9644204832083446,0.967281072866982,0.9630144438594042,0.9642161430521704,0.9606326807176379,0.9551878670081545
4,1,1.989656592137886,0.2802495800335973,4167,2.223484788622175,0.2829736211031175,834,2.222073183784002,0.266,0.9843158774349615,0.08350456437640033,,,0.99,,0.9900232707827895,0.00997672921721049,0.9799929919957768,0.1474692442409137,10,0.025,0.15,0.9641706594660906,1.0,0.961579793462913,0.9634790309807479,0.9712431614963911,0.9637231119146354,0.9611574416055851,0.9696676824216119,0.9714523346470358,0.9655320594618031,0.955411276786391,0.9649370211285571
4,2,1.9764017296559884,0.287952963762899,4167,2.2218594551086426,0.2745803357314149,834,2.222544775733465,0.2634,0.9819382811050602,0.08303554169178512,,,0.99,,0.9900232707827895,0.00997672921721049,0.9799929919957768,0.1474692442409137,10,0.025,0.15,0.9637552585333892,0.961579793462913,1.0,0.9578016318522007,0.9636958165047661,0.9644864738743182,0.9634226221945313,0.9628673102368939,0.9599765705984902,0.9616918747837224,0.9657438474289366,0.9596058308038257
4,3,2.0072451259150648,0.268802495800336,4167,2.223679406302316,0.26019184652278177,834,2.2224009731147865,0.2611,0.98212728113895,0.08309315310116554,,,0.99,,0.9900232707827895,0.00997672921721049,0.9799929919957768,0.1474692442409137,10,0.025,0.15,0.9612821046222376,0.9634790309807479,0.9578016318522007,1.0,0.964812643364789,0.9653412767492346,0.9636242363771735,0.9653772471750715,0.9634779382435161,0.9642213070158087,0.9536179407572635,0.9637541650615059
4,4,1.999105068770322,0.27326613870890326,4167,2.2240470136914934,0.2797118847539016,833,2.2220705370359783,0.2658,0.9855050020874265,0.0835038012291527,,,0.99,,0.9900232707827895,0.00997672921721049,0.9799929919957768,0.1474692442409137,10,0.025,0.15,0.9646935787621213,0.9712431614963911,0.9636958165047661,0.964812643364789,1.0,0.9680988774394595,0.9662383916114566,0.9704149982515987,0.9675814757566095,0.9658220744192786,0.9623097429924767,0.9615055271192924
4,5,1.9983030622655695,0.27199424046076315,4167,2.2265683582850864,0.24969987995198079,833,2.2220739684527433,0.266,0.9843870570361843,0.08349005140530429,,,0.99,,0.9900232707827895,0.00997672921721049,0.9799929919957768,0.1474692442409137,10,0.025,0.15,0.9643912825427251,0.9637231119146354,0.9644864738743182,0.9653412767492346,0.9680988774394595,1.0,0.9658498376577949,0.9663747837540178,0.9663450981519711,0.9621820366249852,0.9619066672552763,0.9645585278785379
4,6,1.98913921659643,0.2833933285337173,4167,2.2238459246499196,0.2929171668667467,833,2.2220677846594703,0.2658,0.9832726246532038,0.08337633856884052,,,0.99,,0.9900232707827895,0.00997672921721049,0.9799929919957768,0.1474692442409137,10,0.025,0.15,0.9644204832083446,0.9611574416055851,0.9634226221945313,0.9636242363771735,0.9662383916114566,0.9658498376577949,1.0,0.9675868325056947,0.9634354746701784,0.965688692275813,0.9571043617027379,0.9616253413736067
4,7,2.004424187992558,0.2716582673386129,4167,2.2254528318132674,0.2388955582232893,833,2.222154861764063,0.2629,0.9856804624905753,0.0834352850552937,,,0.99,,0.9900232707827895,0.00997672921721049,0.9799929919957768,0.1474692442409137,10,0.025,0.15,0.967281072866982,0.9696676824216119,0.9628673102368939,0.9653772471750715,0.9704149982515987,0.9663747837540178,0.9675868325056947,1.0,0.9666645879085279,0.9665005925167168,0.9599496726333351,0.9658626055378654
4,8,1.9869088555827286,0.27205952952472395,4166,2.221738474709647,0.26410564225690275,833,2.222064314009268,0.2659,0.9840603279438718,0.08355231003156213,,,0.99,,0.9900232707827895,0.00997672921721049,0.9799929919957768,0.1474692442409137,10,0.025,0.15,0.9630144438594042,0.9714523346470358,0.9599765705984902,0.9634779382435161,0.9675814757566095,0.9663450981519711,0.9634354746701784,0.9666645879085279,1.0,0.9687891061205061,0.9555763575341345,0.9629760696738767
4,9,1.998887099280502,0.2758041286605857,4166,2.220273699079241,0.25210084033613445,833,2.22206580186192,0.2658,0.9835427642835065,0.08342024579509899,,,0.99,,0.9900232707827895,0.00997672921721049,0.9799929919957768,0.1474692442409137,10,0.025,0.15,0.9642161430521704,0.9655320594618031,0.9616918747837224,0.9642213070158087,0.9658220744192786,0.9621820366249852,0.965688692275813,0.9665005925167168,0.9687891061205061,1.0,0.9583033032166329,0.9603395907110416
4,10,1.9881758173306783,0.2767402784445511,4166,2.2276474407741,0.24489795918367346,833,2.222074550918386,0.266,0.9787427455591298,0.08315492687554973,,,0.99,,0.9900232707827895,0.00997672921721049,0.9799929919957768,0.1474692442409137,10,0.025,0.15,0.9606326807176379,0.955411276786391,0.9657438474289366,0.9536179407572635,0.9623097429924767,0.9619066672552763,0.9571043617027379,0.9599496726333351,0.9555763575341345,0.9583033032166329,1.0,0.9562469108774441
4,11,2.010164582006859,0.26805088814210276,4166,2.2168759618486678,0.27611044417767105,833,2.2221028593522085,0.2643,0.9812660536370532,0.08313715375793915,,,0.99,,0.9900232707827895,0.00997672921721049,0.9799929919957768,0.1474692442409137,10,0.025,0.15,0.9551878670081545,0.9649370211285571,0.9596058308038257,0.9637541650615059,0.9615055271192924,0.9645585278785379,0.9616253413736067,0.9658626055378654,0.9629760696738767,0.9603395907110416,0.9562469108774441,1.0
5,0,1.9340238842097195,0.30031197504199664,4167,2.1866153308323453,0.26258992805755393,834,2.191026488436928,0.2842,0.9800950491724547,0.08331526748268205,,,0.99,,0.9900232707827895,0.00997672921721049,0.9872685412014667,0.14699336696421578,10,0.025,0.15,1.0,0.9587589349909688,0.9572947127343443,0.9561976336084841,0.9586188909600866,0.9593579169540275,0.9580627320836816,0.9610438480148927,0.9566251149227795,0.95710535217573,0.9521216975456772,0.9501869692724868
5,1,1.9408428401658029,0.3015598752099832,4167,2.1933016777038574,0.2949640287769784,834,2.190986434115639,0.2837,0.9806817263550615,0.0834627820728884,,,0.99,,0.9900232707827895,0.00997672921721049,0.9872685412014667,0.14699336696421578,10,0.025,0.15,0.9587589349909688,1.0,0.9531815262524306,0.957611270570207,0.9628208421414653,0.9556559958009387,0.9532401278239018,0.9618457559598522,0.9641459013370618,0.9570480675648424,0.947120605069263,0.9607245286655717
5,2,1.9263576406421083,0.30631149508039357,4167,2.1906468187059676,0.2973621103117506,834,2.1916107588176486,0.2834,0.9786838209847684,0.08310811578746341,,,0.99,,0.9900232707827895,0.00997672921721049,0.9872685412014667,0.14699336696421578,10,0.025,0.15,0.9572947127343443,0.9531815262524306,1.0,0.9521408154282064,0.9549566311294657,0.9591079411392385,0.9559581240083528,0.9554759385998732,0.9532067992870421,0.9538986299325898,0.958378432276889,0.9553662932859737
5,3,1.9557492447621894,0.28389728821694266,4167,2.194408212389265,0.29136690647482016,834,2.1914193298243267,0.2795,0.9799281343061195,0.08318415521108598,,,0.99,,0.9900232707827895,0.00997672921721049,0.9872685412014667,0.14699336696421578,10,0.025,0.15,0.9561976336084841,0.957611270570207,0.9521408154282064,1.0,0.9581915251735031,0.9594888801400018,0.9581646785818666,0.9596115214173992,0.9554234158614443,0.959220041930937,0.9466559940428739,0.9608126806239506
5,4,1.9483885230440081,0.29188864890808736,4167,2.194017171859741,0.29891956782713086,833,2.190994078599954,0.2841,0.981805161759742,0.08349883395165303,,,0.99,,0.9900232707827895,0.00997672921721049,0.9872685412014667,0.14699336696421578,10,0.025,0.15,0.9586188909600866,0.9628208421414653,0.9549566311294657,0.9581915251735031,1.0,0.9625354033485949,0.9581893464757505,0.9611963789941221,0.9622465536517119,0.956996193396598,0.9530069164338477,0.9566074337430844
5,5,1.9477995850823142,0.2900167986561075,4167,2.1956266335078647,0.2773109243697479,833,2.190987674495842,0.2837,0.9819382778196324,0.0834946683819084,,,0.99,,0.9900232707827895,0.00997672921721049,0.9872685412014667,0.14699336696421578,10,0.025,0.15,0.9593579169540275,0.9556559958009387,0.9591079411392385,0.9594888801400018,0.9625354033485949,1.0,0.959782014156993,0.9591202201377801,0.9603203378699107,0.9559212177466826,0.9543893408385352,0.9613139637023724
5,6,1.9366226799560315,0.30367170626349893,4167,2.193260840007237,0.31212484993997597,833,2.1909892830667617,0.284,0.9796184443499564,0.08334900976974362,,,0.99,,0.9900232707827895,0.00997672921721049,0.9872685412014667,0.14699336696421578,10,0.025,0.15,0.9580627320836816,0.9532401278239018,0.9559581240083528,0.9581646785818666,0.9581893464757505,0.959782014156993,1.0,0.95979852936621,0.9549438627721675,0.9576129109100684,0.9494116571257324,0.9545873680006072
5,7,1.9538116726008328,0.28994480441564674,4167,2.1952321529388428,0.25930372148859543,833,2.1910915344576294,0.2825,0.9821056324205228,0.08346628015230494,,,0.99,,0.9900232707827895,0.00997672921721049,0.9872685412014667,0.14699336696421578,10,0.025,0.15,0.9610438480148927,0.9618457559598522,0.9554759385998732,0.9596115214173992,0.9611963789941221,0.9591202201377801,0.95979852936621,1.0,0.9585245238531993,0.9587075520674582,0.9518522297303187,0.9617872243808478
5,8,1.936569020242402,0.29212674027844454,4166,2.1901517595563615,0.28691476590636256,833,2.1909769637675227,0.2837,0.9807282974873397,0.08349378844283065,,,0.99,,0.9900232707827895,0.00997672921721049,0.9872685412014667,0.14699336696421578,10,0.025,0.15,0.9566251149227795,0.9641459013370618,0.9532067992870421,0.9554234158614443,0.9622465536517119,0.9603203378699107,0.9549438627721675,0.9585245238531993,1.0,0.9617801207575944,0.9469589231212157,0.9584829877689992
5,9,1.9452673716978592,0.2956553048487758,4166,2.189010109220232,0.27490996398559425,833,2.190986892845057,0.284,0.979696113240824,0.08337865615425125,,,0.99,,0.9900232707827895,0.00997672921721049,0.9872685412014667,0.14699336696421578,10,0.025,0.15,0.95710535217573,0.9570480675648424,0.9538986299325898,0.959220041930937,0.956996193396598,0.9559212177466826,0.9576129109100684,0.9587075520674582,0.9617801207575944,1.0,0.9485400361393742,0.9537890039371574
5,10,1.9382710059483845,0.2938070091214594,4166,2.197731086186,0.26410564225690275,833,2.190988262997398,0.2837,0.9743040453387536,0.08303947158768168,,,0.99,,0.9900232707827895,0.00997672921721049,0.9872685412014667,0.14699336696421578,10,0.025,0.15,0.9521216975456772,0.947120605069263,0.958378432276889,0.9466559940428739,0.9530069164338477,0.9543893408385352,0.9494116571257324,0.9518522297303187,0.9469589231212157,0.9485400361393742,1.0,0.9489885793448404
5,11,1.9586853041793362,0.28790206433029286,4166,2.1849453449249268,0.2857142857142857,833,2.1910354155528395,0.2832,0.979855441770555,0.08320897100550666,,,0.99,,0.9900232707827895,0.00997672921721049,0.9872685412014667,0.14699336696421578,10,0.025,0.15,0.9501869692724868,0.9607245286655717,0.9553662932859737,0.9608126806239506,0.9566074337430844,0.9613139637023724,0.9545873680006072,0.9617872243808478,0.9584829877689992,0.9537890039371574,0.9489885793448404,1.0
6,0,1.8913542826970418,0.31550275977921766,4167,2.1504333359854564,0.2841726618705036,834,2.1561080836042574,0.2964,0.9769106663872661,0.08330517240924434,,,0.99,,0.9900232707827895,0.00997672921721049,0.990965211143247,0.14661536534609415,10,0.025,0.15,1.0,0.9539025034781717,0.9518048693698037,0.9496055269874041,0.95278778391437,0.9532271665269384,0.952624488572022,0.9548449736719002,0.9517060533554654,0.9505263144819023,0.9451225471587787,0.9422150368822538
6,1,1.8936020598267065,0.3154307655387569,4167,2.1593808106013705,0.3105515587529976,834,2.156053684934785,0.2955,0.978780273172038,0.0834572227396302,,,0.99,,0.9900232707827895,0.00997672921721049,0.990965211143247,0.14661536534609415,10,0.025,0.15,0.9539025034781717,1.0,0.9500970216302498,0.9538446036988185,0.9584271756033785,0.9516292526760609,0.9485122316925102,0.9572043339519962,0.9594610036467903,0.9509727484907081,0.9409970725952933,0.9551482193639851
6,2,1.8835939544619935,0.3234701223902088,4167,2.1554600851876393,0.2949640287769784,834,2.1568328609949425,0.2969,0.97728995325851,0.08318943245800545,,,0.99,,0.9900232707827895,0.00997672921721049,0.990965211143247,0.14661536534609415,10,0.025,0.15,0.9518048693698037,0.9500970216302498,1.0,0.94869100298728,0.9514841587309212,0.9529865808489455,0.9514944223267883,0.9522848495788875,0.9482106123488403,0.9505442805178103,0.953346966415668,0.9520530797569862
6,3,1.9104243462735957,0.2967122630189585,4167,2.161555222102574,0.30815347721822545,834,2.156595999681497,0.2934,0.9773561286964321,0.08323860148338154,,,0.99,,0.9900232707827895,0.00997672921721049,0.990965211143247,0.14661536534609415,10,0.025,0.15,0.9496055269874041,0.9538446036988185,0.94869100298728,1.0,0.951932704400282,0.9540861124987624,0.9536107986260866,0.9535439789687612,0.9480520648093699,0.9525690197393037,0.9424090741626893,0.9553361325970603
6,4,1.9003552545200695,0.3132469402447804,4167,2.160078389304025,0.3097238895558223,833,2.156070178068137,0.2963,0.9794551303864117,0.08350147521629592,,,0.99,,0.9900232707827895,0.00997672921721049,0.990965211143247,0.14661536534609415,10,0.025,0.15,0.95278778391437,0.9584271756033785,0.9514841587309212,0.951932704400282,1.0,0.9573762252409761,0.9534710657163767,0.9548728096356207,0.9567486967505286,0.9534923979369629,0.9469978009576353,0.950512758284286
6,5,1.9052742477619287,0.3050395968322534,4167,2.1608682019369945,0.2965186074429772,833,2.1560554564753667,0.2955,0.9795107369894686,0.08350070919481803,,,0.99,,0.9900232707827895,0.00997672921721049,0.990965211143247,0.14661536534609415,10,0.025,0.15,0.9532271665269384,0.9516292526760609,0.9529865808489455,0.9540861124987624,0.9573762252409761,1.0,0.9553178950774323,0.9536641945016032,0.9547256329188172,0.950922277750501,0.9487380014341656,0.9561245472563237
6,6,1.8905049880345663,0.31826253899688023,4167,2.1585005692073276,0.3217286914765906,833,2.1560626905175706,0.2963,0.9771780999514683,0.08333473833401635,,,0.99,,0.9900232707827895,0.00997672921721049,0.990965211143247,0.14661536534609415,10,0.025,0.15,0.952624488572022,0.9485122316925102,0.9514944223267883,0.9536107986260866,0.9534710657163767,0.9553178950774323,1.0,0.9541429459103304,0.9486700368190504,0.9513036866407018,0.9426175199642369,0.9497380128760429
6,7,1.9078761274164373,0.3046796256299496,4167,2.16118928364345,0.2737094837935174,833,2.156181878681424,0.2944,0.979339029321805,0.08347756885324004,,,0.99,,0.9900232707827895,0.00997672921721049,0.990965211143247,0.14661536534609415,10,0.025,0.15,0.9548449736719002,0.9572043339519962,0.9522848495788875,0.9535439789687612,0.9548728096356207,0.9536641945016032,0.9541429459103304,1.0,0.9510537176527519,0.9526265885442221,0.9464129418253833,0.9561403225024244
6,8,1.890219925027905,0.3101536245799328,4166,2.154657636369978,0.297719087635054,833,2.156044561651689,0.2955,0.9779219466647622,0.08344846216217341,,,0.99,,0.9900232707827895,0.00997672921721049,0.990965211143247,0.14661536534609415,10,0.025,0.15,0.9517060533554654,0.9594610036467903,0.9482106123488403,0.9480520648093699,0.9567486967505286,0.9547256329188172,0.9486700368190504,0.9510537176527519,1.0,0.9588168027067572,0.9389631537227109,0.9536833518151674
6,9,1.9012552853786584,0.307225156024964,4166,2.153843675340925,0.2773109243697479,833,2.1560598596741882,0.2963,0.9772510738874433,0.08335544357136951,,,0.99,,0.9900232707827895,0.00997672921721049,0.990965211143247,0.14661536534609415,10,0.025,0.15,0.9505263144819023,0.9509727484907081,0.9505442805178103,0.9525690197393037,0.9534923979369629,0.950922277750501,0.9513036866407018,0.9526265885442221,0.9588168027067572,1.0,0.9424550426219677,0.9480921618725655
6,10,1.8947240298444574,0.31409025444071054,4166,2.1642580032348633,0.2773109243697479,833,2.1560559453843515,0.2955,0.9710661045662111,0.08294445080792752,,,0.99,,0.9900232707827895,0.00997672921721049,0.990965211143247,0.14661536534609415,10,0.025,0.15,0.9451225471587787,0.9409970725952933,0.953346966415668,0.9424090741626893,0.9469978009576353,0.9487380014341656,0.9426175199642369,0.9464129418253833,0.9389631537227109,0.9424550426219677,1.0,0.9420120259222768
