round,client_id,client_i_training_loss,client_i_training_accuracy,client_i_training_dataset_size,client_i_evaluation_loss,client_i_evaluation_accuracy,client_i_evaluation_dataset_size,client_i_central_evaluation_loss,client_i_central_evaluation_accuracy,client_i_cosine_similarity,client_i_importance_coefficient,client_i_tanh_val,tanh_normalization_value,client_i_q,client_i_mask_order,client_i_v_nonzero_fraction,client_i_v_sparsity,client_i_v_cosine_similarity,client_i_reward_gradient_norm,local_epochs,learning_rate,gamma,client_0_cosine_similarity,client_1_cosine_similarity,client_2_cosine_similarity,client_3_cosine_similarity,client_4_cosine_similarity,client_5_cosine_similarity,client_6_cosine_similarity,client_7_cosine_similarity,client_8_cosine_similarity,client_9_cosine_similarity,client_10_cosine_similarity,client_11_cosine_similarity
0,0,0.3492005461435409,0.89264,5000,2.191271093156603,0.37410071942446044,834,2.1941413947949395,0.3805,0.7893993844343465,0.08350603518808788,,,0.7882997836856214,,0.7883088198383615,0.21169118016163846,0,0.39359443617298756,5,0.1,0.5,1.0,0.5990762963831195,0.595787160797524,0.5912514344625464,0.5786476459992139,0.5780945371788615,0.5892334985418575,0.5804261232117831,0.5873756804251054,0.5882553647720368,0.5858658184979326,0.5883379539336292
0,1,0.33863956325918815,0.89528,5000,2.192456598635073,0.381294964028777,834,2.193926142427487,0.3797,0.7991045888963233,0.08453269312738962,,,0.959999999832758,,0.9600020079313287,0.03999799206867127,0,0.39388163957960665,5,0.1,0.5,0.5990762963831195,1.0,0.602179495915987,0.5940217652290634,0.5916488206923376,0.5983275030377913,0.6068892989167652,0.5859575101313904,0.6078574070452772,0.5960539934582786,0.5896018555058102,0.5824828250938295
0,2,0.3435743809268353,0.88976,5000,2.192383704362092,0.3752997601918465,834,2.1942245427031106,0.3804,0.7884588399601771,0.08340654038038388,,,0.7716600838066972,,0.7716781286080016,0.22832187139199844,0,0.39351343215699314,5,0.1,0.5,0.595787160797524,0.602179495915987,1.0,0.5815377095084218,0.5781178245749681,0.5789911891178915,0.5894944315111584,0.5835591519346045,0.5912959322322645,0.5768074942473242,0.5944549139769664,0.5812350555273447
0,3,0.34899860345966116,0.89076,5000,2.1979469811474837,0.40047961630695444,834,2.19438349019986,0.3803,0.7857534961147127,0.08312035756492969,,,0.723798328308561,,0.723809045730636,0.276190954269364,0,0.39319434367583456,5,0.1,0.5,0.5912514344625464,0.5940217652290634,0.5815377095084218,1.0,0.5773993736131224,0.5871396932747417,0.5809270433007451,0.5788997625513478,0.5832651232204591,0.5839182330179492,0.5790406275457628,0.5904854297183864
0,4,0.3403812574685379,0.89296,5000,2.196821892703021,0.3637454981992797,833,2.1958327956093004,0.3719,0.7759296976988801,0.08208115425115839,,,0.55,,0.5500125495708047,0.4499874504291953,0,0.3902214170717968,5,0.1,0.5,0.5786476459992139,0.5916488206923376,0.5781178245749681,0.5773993736131224,1.0,0.5872185108425908,0.568013623929344,0.569916097438671,0.5757920785751569,0.5822398284489807,0.5686331589403854,0.5573928884857181
0,5,0.32700040921699375,0.89832,5000,2.1897674843117043,0.3637454981992797,833,2.194068091365095,0.3792,0.7911907119015017,0.08369552945101139,,,0.8199911627292944,,0.8199989960343357,0.18000100396566432,0,0.39371450852053297,5,0.1,0.5,0.5780945371788615,0.5983275030377913,0.5789911891178915,0.5871396932747417,0.5872185108425908,1.0,0.5959379930649263,0.5903446632059844,0.5926218236388833,0.5906278618151477,0.5847787485057503,0.5952027705685968
0,6,0.3444227950831365,0.89192,5000,2.200923107288502,0.37334933973589435,833,2.194188526263252,0.3805,0.7888278582691896,0.08344557671168218,,,0.7781885937075392,,0.7781988855981126,0.22180111440188743,0,0.39354676514675896,5,0.1,0.5,0.5892334985418575,0.6068892989167652,0.5894944315111584,0.5809270433007451,0.568013623929344,0.5959379930649263,1.0,0.5776477049131142,0.6021518037240227,0.5854147336079848,0.5803678230717508,0.5808708062088859
0,7,0.3468940749527163,0.89368,5000,2.1935468867973045,0.39615846338535415,833,2.1945653091223476,0.3811,0.7828790007876063,0.08281628118399187,,,0.6729440190653352,,0.672953165001757,0.32704683499824305,0,0.392679997195176,5,0.1,0.5,0.5804261232117831,0.5859575101313904,0.5835591519346045,0.5788997625513478,0.569916097438671,0.5903446632059844,0.5776477049131142,1.0,0.5967959305230705,0.5854818557316095,0.5836544575981627,0.5680297548747214
0,8,0.3331205527464248,0.89628,5000,2.186233723605121,0.40456182472989194,833,2.1939739320224847,0.3802,0.7936371980722885,0.08395432919711365,,,0.8632733219018089,,0.8632849756538327,0.13671502434616734,0,0.3938157162546835,5,0.1,0.5,0.5873756804251054,0.6078574070452772,0.5912959322322645,0.5832651232204591,0.5757920785751569,0.5926218236388833,0.6021518037240227,0.5967959305230705,1.0,0.5862166779858959,0.5915431037395602,0.5874968589214117
0,9,0.3490531051685666,0.89256,5000,2.198041801099424,0.3817527010804322,833,2.1941568676275187,0.3808,0.789258022921162,0.0834910813640452,,,0.7857988778609408,,0.7858139651623914,0.21418603483760856,0,0.3935829950751102,5,0.1,0.5,0.5882553647720368,0.5960539934582786,0.5768074942473242,0.5839182330179492,0.5822398284489807,0.5906278618151477,0.5854147336079848,0.5854818557316095,0.5862166779858959,1.0,0.596861451446559,0.5891377002750873
0,10,0.32675017384147853,0.89956,5000,2.185371337113557,0.3817527010804322,833,2.1943627995804857,0.3804,0.7861865986036544,0.08316617299422285,,,0.7314605873837305,,0.7314793434064555,0.2685206565935445,0,0.3932544070877185,5,0.1,0.5,0.5858658184979326,0.5896018555058102,0.5944549139769664,0.5790406275457628,0.5686331589403854,0.5847787485057503,0.5803678230717508,0.5836544575981627,0.5915431037395602,0.596861451446559,1.0,0.5771784419953059
0,11,0.3636549636626699,0.89036,5000,2.200434093122129,0.36614645858343337,833,2.194635653267272,0.3798,0.7825761901812489,0.0827842485859833,,,0.6675868267705313,,0.6676020280106421,0.33239797198935794,0,0.392615621210036,5,0.1,0.5,0.5883379539336292,0.5824828250938295,0.5812350555273447,0.5904854297183864,0.5573928884857181,0.5952027705685968,0.5808708062088859,0.5680297548747214,0.5874968589214117,0.5891377002750873,0.5771784419953059,1.0
1,0,0.30594482385986455,0.90676,5000,2.027829483703331,0.749400479616307,834,2.0324307143116913,0.7434,0.8164734863874946,0.08357587551452575,,,0.8246972816642582,,0.824707595000251,0.17529240499974896,0.959916419581958,0.40621819998664466,5,0.1,0.5,1.0,0.630622004752108,0.6356655821046339,0.6334057096493104,0.6379915078020791,0.6293070745523487,0.6287612717086443,0.6366581557747328,0.6399854470894966,0.6286364549732821,0.6338103710156442,0.6278570705520862
1,1,0.29824912274244486,0.90952,5000,2.0258328252368503,0.7637889688249401,834,2.0319297466034327,0.7432,0.8120784411371375,0.08410142973905912,,,0.9599999997425523,,0.9600020079313287,0.03999799206867127,0.9608674099276775,0.406389450486634,5,0.1,0.5,0.630622004752108,1.0,0.6266346990223116,0.6206678519769565,0.6246147159689586,0.6351058511381482,0.6309672767443538,0.633321953500168,0.6254767829386395,0.630122819685037,0.6369186562100877,0.620620096152797
1,2,0.30285864698160797,0.90732,5000,2.0302673975626626,0.7230215827338129,834,2.0327212578191545,0.7429,0.8125767999126887,0.0833746091022486,,,0.772881709896867,,0.7728929270618945,0.2271070729381055,0.9596374354626525,0.4059934156504768,5,0.1,0.5,0.6356655821046339,0.6266346990223116,1.0,0.6288026746765774,0.632863820463726,0.628746918828673,0.6292042796355295,0.6265223454986882,0.6309461156777536,0.6269472060922062,0.6346283488038883,0.6241228622246426
1,3,0.30694612599790666,0.9058,5000,2.034937964545356,0.7350119904076738,834,2.0332025986509965,0.7406,0.8128194997010768,0.08319394250472112,,,0.7263695127337118,,0.726384217659756,0.273615782340244,0.9588897154440212,0.40566349428546516,5,0.1,0.5,0.6334057096493104,0.6206678519769565,0.6288026746765774,1.0,0.6321947132810847,0.637396256750348,0.6229685706459892,0.6347872100499747,0.6280914740359488,0.623435883451823,0.6360580430173572,0.6310976850120007
1,4,0.3044984428722198,0.90496,5000,2.0368499711707786,0.7430972388955582,833,2.038307481299574,0.7301,0.8128663100435104,0.08250887317416666,,,0.55,,0.5500125495708047,0.4499874504291953,0.9528983855723956,0.40234333886682644,5,0.1,0.5,0.6379915078020791,0.6246147159689586,0.632863820463726,0.6321947132810847,1.0,0.6344710994725129,0.6255260208834863,0.6282896561158211,0.6367129395102484,0.6208377427454159,0.6395036677243169,0.6207217550266682
1,5,0.28652534752099473,0.91012,5000,2.0231570226174815,0.7478991596638656,833,2.032214659471481,0.7432,0.8161994330491066,0.08369156065132775,,,0.8544801522414435,,0.854490236433914,0.14550976356608603,0.9603000906925304,0.40629639235996906,5,0.1,0.5,0.6293070745523487,0.6351058511381482,0.628746918828673,0.637396256750348,0.6344710994725129,1.0,0.6299796302882459,0.6392374642740043,0.6385938523824493,0.6192022346020515,0.6422341648781567,0.6248487184537465
1,6,0.30876157248013053,0.90508,5000,2.039721855410823,0.7202881152460985,833,2.0327466882455845,0.7418,0.8095031947641236,0.08329350852958027,,,0.7520025552682956,,0.7520255007278751,0.2479744992721249,0.9595146725806066,0.40586340362006196,5,0.1,0.5,0.6287612717086443,0.6309672767443538,0.6292042796355295,0.6229685706459892,0.6255260208834863,0.6299796302882459,1.0,0.6235648233858502,0.6278280397886821,0.6221926450217314,0.6340364593327036,0.6197090930990319
1,7,0.30500668814987136,0.90652,5000,2.0382343530654907,0.7334933973589436,833,2.033802857033361,0.7405,0.8145325816272976,0.08305258971126248,,,0.6899785633889604,,0.6899854424978665,0.31001455750213347,0.957867655944377,0.4052896785307157,5,0.1,0.5,0.6366581557747328,0.633321953500168,0.6265223454986882,0.6347872100499747,0.6282896561158211,0.6392374642740043,0.6235648233858502,1.0,0.6307778286602547,0.6265294695251745,0.6377898940599973,0.629178891384475
1,8,0.29313408242194516,0.91,5000,2.0230600701438055,0.751500600240096,833,2.0320899421795486,0.7434,0.8139455508038425,0.08378418676223055,,,0.8783265299987482,,0.8783394407911249,0.12166055920887509,0.9606126155138245,0.4063368729888751,5,0.1,0.5,0.6399854470894966,0.6254767829386395,0.6309461156777536,0.6280914740359488,0.6367129395102484,0.6385938523824493,0.6278280397886821,0.6307778286602547,1.0,0.6211582868105832,0.6277425417698608,0.6287725172382786
1,9,0.30601000596834405,0.90504,5000,2.0393146541383533,0.7274909963985594,833,2.032887349494349,0.7411,0.8068984146484874,0.08323298721814873,,,0.7364214837896657,,0.7364339139601426,0.26356608603985743,0.9592929221527887,0.40574644551362377,5,0.1,0.5,0.6286364549732821,0.630122819685037,0.6269472060922062,0.623435883451823,0.6208377427454159,0.6192022346020515,0.6221926450217314,0.6265294695251745,0.6211582868105832,1.0,0.632102160672068,0.6180064650493944
1,10,0.28597997380242607,0.91084,5000,2.024064267123187,0.765906362545018,833,2.0328497574352227,0.7424,0.8184603666905047,0.08342039804438524,,,0.784669967016325,,0.7846794839616485,0.21532051603835145,0.9592990554949904,0.4060571541287334,5,0.1,0.5,0.6338103710156442,0.6369186562100877,0.6346283488038883,0.6360580430173572,0.6395036677243169,0.6422341648781567,0.6340364593327036,0.6377898940599973,0.6277425417698608,0.632102160672068,1.0,0.6287224880260002
1,11,0.3173889482832828,0.90676,5000,2.044991343109696,0.7262905162064826,833,2.0352254054797725,0.7364,0.8070169169534669,0.08277003904834357,,,0.6172365495240825,,0.617253149942272,0.382746850057728,0.9563411780131996,0.40411739371363076,5,0.1,0.5,0.6278570705520862,0.620620096152797,0.6241228622246426,0.6310976850120007,0.6207217550266682,0.6248487184537465,0.6197090930990319,0.629178891384475,0.6287725172382786,0.6180064650493944,0.6287224880260002,1.0
2,0,0.2745828391212946,0.91828,5000,1.8232530885272555,0.8788968824940048,834,1.8306814409292544,0.8721,0.8111896656721049,0.0835009959184649,,,0.8572626189943013,,0.8572762411525526,0.14272375884744737,0.9672227137699093,0.4053870668900615,5,0.1,0.5,1.0,0.6197148474084615,0.6296857569271791,0.6310885375702431,0.6279125321144351,0.6256488424641934,0.629703922440029,0.6265772795084004,0.6263997255170936,0.6228418044278002,0.6266352934187328,0.6271264379547822
2,1,0.26807101152208485,0.9186,5000,1.81774757526539,0.8884892086330936,834,1.829956151426029,0.8723,0.8084212794186453,0.08375218630251463,,,0.959999999590998,,0.9600020079313287,0.03999799206867127,0.9677127119052962,0.40548944774668916,5,0.1,0.5,0.6197148474084615,1.0,0.6184965029708013,0.6284133267857382,0.6266423970160208,0.6202865168064557,0.6297800102613975,0.6228900471008456,0.6245085059758011,0.6276644474876423,0.6255053090926218,0.6200619966941004
2,2,0.27024480299252995,0.91724,5000,1.8276294116620664,0.8609112709832134,834,1.8311350684577283,0.8717,0.812346950548817,0.08340817960127414,,,0.8193005555145056,,0.8193162993825611,0.18068370061743888,0.9667280588954976,0.40527191574031185,5,0.1,0.5,0.6296857569271791,0.6184965029708013,1.0,0.6250030707742749,0.6370694573852259,0.6312039933552342,0.6330629344759647,0.6267125737505084,0.6291729510639726,0.622740386441681,0.626561675869689,0.6258285078417521
2,3,0.28287048969999146,0.91376,5000,1.8314958943261042,0.8597122302158273,834,1.8321285803858844,0.8712,0.811675102821665,0.08326532333913839,,,0.7608720522531844,,0.7608854977159781,0.23911450228402187,0.965944851768871,0.4049534755624123,5,0.1,0.5,0.6310885375702431,0.6284133267857382,0.6250030707742749,1.0,0.6295438094043374,0.6265102399614454,0.6307381524042998,0.6313121033104718,0.6289812301901846,0.6126654863799702,0.6338699519704575,0.6215032722471255
2,4,0.2697819150450408,0.91852,5000,1.8377022919831452,0.8835534213685474,833,1.842110128067553,0.8677,0.8113176154161217,0.08279985235374548,,,0.5704934676431882,,0.5705085086090056,0.4294914913909944,0.9601475894129313,0.4017667154800755,5,0.1,0.5,0.6279125321144351,0.6266423970160208,0.6370694573852259,0.6295438094043374,1.0,0.632559638405275,0.6257589369643669,0.6241496274325803,0.6254991867865158,0.6251872991558736,0.6316888879838428,0.6131305646618421
2,5,0.2552426202845564,0.92012,5000,1.8157824410332575,0.8667466986794717,833,1.830338647952095,0.8717,0.8114768360590734,0.08358749208974743,,,0.8926397298770627,,0.8926509713367803,0.10734902866321971,0.9674670130185116,0.40544806239699877,5,0.1,0.5,0.6256488424641934,0.6202865168064557,0.6312039933552342,0.6265102399614454,0.632559638405275,1.0,0.6286021896109256,0.6264364483586967,0.6311036408713384,0.6222753058174685,0.6330309324284317,0.6178882709452408
2,6,0.2728403264739711,0.91728,5000,1.8394467521596838,0.858343337334934,833,1.8311996551367422,0.8714,0.8136695526699089,0.08340058143487056,,,0.81619288992215,,0.8162140454796446,0.1837859545203554,0.9664450641305797,0.4052600368484256,5,0.1,0.5,0.629703922440029,0.6297800102613975,0.6330629344759647,0.6307381524042998,0.6257589369643669,0.6286021896109256,1.0,0.6330462863333155,0.6285466379477509,0.6289634955254358,0.6310002740848688,0.6193520298141058
2,7,0.27486452745499124,0.9176,5000,1.84319034770683,0.8679471788715486,833,1.8333062401975686,0.8712,0.8115398922407411,0.08316714234350664,,,0.7207158243237577,,0.7207369107976507,0.2792630892023493,0.9650256941262976,0.40459711471891724,5,0.1,0.5,0.6265772795084004,0.6228900471008456,0.6267125737505084,0.6313121033104718,0.6241496274325803,0.6264364483586967,0.6330462863333155,1.0,0.6236634465768073,0.6253666793071951,0.6378527693083136,0.6209790634219512
2,8,0.2640317264976941,0.92,5000,1.81912041593481,0.879951980792317,833,1.8301626596207055,0.8721,0.8124466546547593,0.0836824989350242,,,0.9314977238222402,,0.9315094623763868,0.06849053762361323,0.9675974287529322,0.4054805174875481,5,0.1,0.5,0.6263997255170936,0.6245085059758011,0.6291729510639726,0.6289812301901846,0.6254991867865158,0.6311036408713384,0.6285466379477509,0.6236634465768073,1.0,0.6249678419559681,0.632944065002894,0.6287483958625585
2,9,0.2770906000706563,0.91688,5000,1.840881692038642,0.8559423769507803,833,1.8321847005393177,0.8716,0.8078152946447389,0.08315680378870595,,,0.71648733427468,,0.7165051955223132,0.2834948044776868,0.9656438959663477,0.4045507860806835,5,0.1,0.5,0.6228418044278002,0.6276644474876423,0.622740386441681,0.6126654863799702,0.6251872991558736,0.6222753058174685,0.6289634955254358,0.6253666793071951,0.6249678419559681,1.0,0.6298095581951498,0.6194005330961091
2,10,0.25851720040723397,0.92172,5000,1.822336475054423,0.9027611044417767,833,1.8311908199383429,0.8718,0.8149540208377429,0.08352919756666824,,,0.8687971507634291,,0.8688067868078911,0.13119321319210886,0.9668940916459275,0.40541116004791533,5,0.1,0.5,0.6266352934187328,0.6255053090926218,0.626561675869689,0.6338699519704575,0.6316888879838428,0.6330309324284317,0.6310002740848688,0.6378527693083136,0.632944065002894,0.6298095581951498,1.0,0.6217001756879048
2,11,0.2945158450205804,0.91436,5000,1.8528517484664917,0.858343337334934,833,1.8384207532809564,0.8686,0.8049158290171551,0.08274974632633944,,,0.55,,0.5500125495708047,0.4499874504291953,0.9602427762742575,0.40112094107948437,5,0.1,0.5,0.6271264379547822,0.6200619966941004,0.6258285078417521,0.6215032722471255,0.6131305646618421,0.6178882709452408,0.6193520298141058,0.6209790634219512,0.6287483958625585,0.6194005330961091,0.6217001756879048,1.0
3,0,0.247528095514911,0.92728,5000,1.587543452227557,0.9292565947242206,834,1.598071157360991,0.9161,0.80881006938315,0.08356042915729389,,,0.887676933480565,,0.8876913809547713,0.11230861904522871,0.9697320022225532,0.4026927507046741,5,0.1,0.5,1.0,0.6175561726842319,0.6132452218035923,0.6165882187239073,0.627500791264989,0.6203555289486185,0.6222601014134458,0.6176524777464013,0.6179438320542351,0.619113874691922,0.6268555766674513,0.618058310149186
3,1,0.2477195064684044,0.92808,5000,1.5765321828700878,0.9364508393285371,834,1.5972328959181668,0.9163,0.805840615864171,0.08362333205691286,,,0.9134335504642677,,0.9134481200742934,0.08655187992570657,0.970000093048202,0.40272204526250194,5,0.1,0.5,0.6175561726842319,1.0,0.609588830194184,0.612568050403945,0.6218898997925842,0.6188455652803316,0.6192681260167675,0.613419912395262,0.614348930801107,0.6212212546887419,0.624474462276358,0.6140534726398715
3,2,0.24719244114769873,0.92672,5000,1.5955529742770724,0.894484412470024,834,1.5994331573906797,0.9161,0.8006394795760491,0.08321388066720029,,,0.7457770086807518,,0.7457958937804328,0.25420410621956724,0.9685051869749441,0.40205113479355253,5,0.1,0.5,0.6132452218035923,0.609588830194184,1.0,0.6133333652542764,0.6160672610470872,0.6133715737719703,0.6168201094404,0.6106921136749845,0.6111001206311591,0.6120010291907925,0.618351875510287,0.603924055992251
3,3,0.25291107232403603,0.92392,5000,1.5981301510775532,0.907673860911271,834,1.600377019601889,0.916,0.8051894920737507,0.08327792010254984,,,0.7719989987343489,,0.7720094372772451,0.22799056272275486,0.9685649347386741,0.40225251309607,5,0.1,0.5,0.6165882187239073,0.612568050403945,0.6133333652542764,1.0,0.6226884207958586,0.621139380816452,0.6152113366353416,0.6147789694607326,0.6167251057957802,0.6159660594453241,0.6243683726309341,0.6097891839728208
3,4,0.2513662919342803,0.92336,5000,1.6053767380891022,0.9267707082833133,833,1.6135993559901325,0.9136,0.8079063681108972,0.08306417876480102,,,0.6844791259887588,,0.6844887304854174,0.31551126951458264,0.9623628924383374,0.40136376537538243,5,0.1,0.5,0.627500791264989,0.6218898997925842,0.6160672610470872,0.6226884207958586,1.0,0.6264356101188696,0.6213100646559495,0.6142196417365866,0.61625660190197,0.6149666291259971,0.6235156175424015,0.6065602607553228
3,5,0.2316203614886684,0.92956,5000,1.5774688279187237,0.921968787515006,833,1.597731500007093,0.9163,0.8066152243355504,0.0835411930909312,,,0.8798004127386281,,0.8798102504894333,0.12018974951056671,0.9698195950424684,0.40268035024984455,5,0.1,0.5,0.6203555289486185,0.6188455652803316,0.6133715737719703,0.621139380816452,0.6264356101188696,1.0,0.6165916803528829,0.6151754161159125,0.6107593720474557,0.6125061865474272,0.6303189949370537,0.6099628504810481
3,6,0.2498662365339459,0.9266,5000,1.6098218891355727,0.8979591836734694,833,1.5989682563958458,0.9162,0.8062327200134978,0.08340396326463097,,,0.8236094247847185,,0.8236233120827268,0.17637668791727323,0.9692735483949735,0.40252730341077053,5,0.1,0.5,0.6222601014134458,0.6192681260167675,0.6168201094404,0.6152113366353416,0.6213100646559495,0.6165916803528829,1.0,0.6145138327100155,0.6193565946015377,0.6196073198846531,0.6218935214815535,0.6057132051802959
3,7,0.25297070466527705,0.9238,5000,1.618081397480435,0.907563025210084,833,1.6026414171956218,0.915,0.8020646617207472,0.08310383585640505,,,0.700717368189355,,0.700737914763315,0.29926208523668496,0.9675060795323269,0.4015836514923329,5,0.1,0.5,0.6176524777464013,0.613419912395262,0.6106921136749845,0.6147789694607326,0.6142196417365866,0.6151754161159125,0.6145138327100155,1.0,0.6074013350644322,0.6172979451768127,0.6162998062396615,0.6119914089975019
3,8,0.23739523482242017,0.92652,5000,1.5848894869839703,0.9279711884753902,833,1.5975685751857087,0.9164,0.8036428597091974,0.08350047441654343,,,0.863127488173258,,0.8631444204608203,0.1368555795391797,0.9698141348832677,0.4026482667718305,5,0.1,0.5,0.6179438320542351,0.614348930801107,0.6111001206311591,0.6167251057957802,0.61625660190197,0.6107593720474557,0.6193565946015377,0.6074013350644322,1.0,0.6158963969341442,0.6223924401877124,0.6141049409928396
3,9,0.25039074839905473,0.92536,5000,1.610554156480012,0.8955582232893158,833,1.6005972296285171,0.9162,0.8061065174997912,0.08323798244634739,,,0.7556458747883269,,0.7556648762612319,0.2443351237387681,0.9677660368440878,0.40213341244348744,5,0.1,0.5,0.619113874691922,0.6212212546887419,0.6120010291907925,0.6159660594453241,0.6149666291259971,0.6125061865474272,0.6196073198846531,0.6172979451768127,0.6158963969341442,1.0,0.6301547207812149,0.6137375530518927
3,10,0.23049454528802804,0.93208,5000,1.5895645044468067,0.9315726290516206,833,1.5986090696657809,0.9163,0.8133374159374027,0.08373705680099919,,,0.9599999995905337,,0.9600020079313287,0.03999799206867127,0.9698618615730518,0.4027430407501082,5,0.1,0.5,0.6268555766674513,0.624474462276358,0.618351875510287,0.6243683726309341,0.6235156175424015,0.6303189949370537,0.6218935214815535,0.6162998062396615,0.6223924401877124,0.6301547207812149,1.0,0.6220808413473067
3,11,0.2691720409971324,0.92096,5000,1.631375586545026,0.9087635054021609,833,1.61264542459299,0.9141,0.7994437965068547,0.08273575337538479,,,0.55,,0.5500125495708047,0.4499874504291953,0.96217949401858,0.39815981107598086,5,0.1,0.5,0.618058310149186,0.6140534726398715,0.603924055992251,0.6097891839728208,0.6065602607553228,0.6099628504810481,0.6057132051802959,0.6119914089975019,0.6141049409928396,0.6137375530518927,0.6220808413473067,1.0
4,0,0.22820726218307094,0.93272,5000,1.334586571764063,0.9448441247002398,834,1.3484572911033996,0.9347,0.7984008914772477,0.08360962461621829,,,0.96,,0.9600020079313287,0.03999799206867127,0.9698820195590129,0.3974176898101101,5,0.1,0.5,1.0,0.601038324663649,0.5991136002588051,0.6005437165155341,0.5989674055242633,0.6040507558263268,0.6069771562228119,0.6003441254049403,0.608470160273768,0.5950987719074888,0.5989621829566097,0.6005127369687396
4,1,0.22465960180600453,0.933,5000,1.318340919635914,0.9556354916067147,834,1.3475960100801607,0.9348,0.7960822778331351,0.08357025746744616,,,0.96,,0.9600020079313287,0.03999799206867127,0.9699480632424559,0.3974176898101101,5,0.1,0.5,0.601038324663649,1.0,0.5905952507407997,0.5968683017525943,0.6016157234889867,0.6068135769333308,0.602343085661559,0.6055159473548001,0.5987858702097058,0.5947913523144316,0.5998708582158779,0.5933931719604774
4,2,0.22742527161018958,0.93212,5000,1.3450810379452176,0.9220623501199041,834,1.3499464413609368,0.9349,0.7916677174375933,0.0831429623109149,,,0.96,,0.9600020079313287,0.03999799206867127,0.9682899282900942,0.3974176898101101,5,0.1,0.5,0.5991136002588051,0.5905952507407997,1.0,0.5969915449327953,0.601611937320486,0.6025237118304914,0.5992772977668653,0.6001313873673217,0.5863951830425972,0.5845458467216752,0.5987888140994483,0.5915711742766122
4,3,0.23732261546193414,0.93084,5000,1.3484588199191623,0.9220623501199041,834,1.350946327748771,0.9348,0.7933160654833061,0.08324335828209084,,,0.96,,0.9600020079313287,0.03999799206867127,0.9688333933826259,0.3974176898101101,5,0.1,0.5,0.6005437165155341,0.5968683017525943,0.5969915449327953,1.0,0.5955816580607124,0.6042582505667056,0.5983033667406944,0.6001317603952334,0.5951069789484708,0.5895354122191664,0.5982916642459539,0.5912853523083388
4,4,0.23059441256959726,0.93148,5000,1.3539886474609375,0.9483793517406963,833,1.3655985113911735,0.9332,0.7944404278224764,0.0831404524702322,,,0.96,,0.9600020079313287,0.03999799206867127,0.9665372291559274,0.3974176898101101,5,0.1,0.5,0.5989674055242633,0.6016157234889867,0.601611937320486,0.5955816580607124,1.0,0.6098206190373995,0.5964226888644967,0.5965833125031448,0.5981795557231289,0.591372739879296,0.5959639140239833,0.5925284756966812
4,5,0.21821511737575197,0.93468,5000,1.3224573952180367,0.9459783913565426,833,1.3481076780599528,0.9348,0.8010114780251301,0.08368829528570323,,,0.96,,0.9600020079313287,0.03999799206867127,0.9698317250178071,0.3974176898101101,5,0.1,0.5,0.6040507558263268,0.6068135769333308,0.6025237118304914,0.6042582505667056,0.6098206190373995,1.0,0.601331367685797,0.6107639647743733,0.6031799587379736,0.5977446016270752,0.6048406852308691,0.5937351659407089
4,6,0.23133933426349595,0.93172,5000,1.3632594965122364,0.9123649459783914,833,1.3494511698000728,0.9352,0.7978836752492234,0.0834873290197845,,,0.96,,0.9600020079313287,0.03999799206867127,0.969448376785024,0.3974176898101101,5,0.1,0.5,0.6069771562228119,0.602343085661559,0.5992772977668653,0.5983033667406944,0.5964226888644967,0.601331367685797,1.0,0.604521100754437,0.6047809764258589,0.5919622611258505,0.6066539768520409,0.5972578444896778
4,7,0.23108964275663635,0.93172,5000,1.3737169680772003,0.9315726290516206,833,1.3534679542334316,0.9346,0.7963861839302308,0.08323503665931174,,,0.96,,0.9600020079313287,0.03999799206867127,0.9670688271700908,0.3974176898101101,5,0.1,0.5,0.6003441254049403,0.6055159473548001,0.6001313873673217,0.6001317603952334,0.5965833125031448,0.6107639647743733,0.604521100754437,1.0,0.5994563759077427,0.5922659809919559,0.6010511210431662,0.5861521775037933
4,8,0.22155130130719322,0.93408,5000,1.334126768288789,0.9471788715486195,833,1.347963104994533,0.9349,0.7953724726378014,0.08346358904456773,,,0.96,,0.9600020079313287,0.03999799206867127,0.9697572789024546,0.3974176898101101,5,0.1,0.5,0.608470160273768,0.5987858702097058,0.5863951830425972,0.5951069789484708,0.5981795557231289,0.6031799587379736,0.6047809764258589,0.5994563759077427,1.0,0.5907801718145188,0.6045239993320394,0.5957350067746677
4,9,0.23682128308447684,0.92784,5000,1.3635850703274761,0.9135654261704682,833,1.3511973044361931,0.9347,0.7876990025141135,0.0830199409119691,,,0.96,,0.9600020079313287,0.03999799206867127,0.9684961922293163,0.3974176898101101,5,0.1,0.5,0.5950987719074888,0.5947913523144316,0.5845458467216752,0.5895354122191664,0.591372739879296,0.5977446016270752,0.5919622611258505,0.5922659809919559,0.5907801718145188,1.0,0.599186158465291,0.5861938811388664
4,10,0.21508216044041,0.93552,5000,1.3404154424314145,0.9483793517406963,833,1.3490555069317072,0.9349,0.7972918828698039,0.08368835889695168,,,0.96,,0.9600020079313287,0.03999799206867127,0.9699978031120755,0.3974176898101101,5,0.1,0.5,0.5989621829566097,0.5998708582158779,0.5987888140994483,0.5982916642459539,0.5959639140239833,0.6048406852308691,0.6066539768520409,0.6010511210431662,0.6045239993320394,0.599186158465291,1.0,0.5944797091370561
4,11,0.2496069604240263,0.92812,5000,1.3872906676045171,0.9267707082833133,833,1.3645639964185965,0.9334,0.7884189587747266,0.08271079503480956,,,0.96,,0.9600020079313287,0.03999799206867127,0.9586288271389333,0.3974176898101101,5,0.1,0.5,0.6005127369687396,0.5933931719604774,0.5915711742766122,0.5912853523083388,0.5925284756966812,0.5937351659407089,0.5972578444896778,0.5861521775037933,0.5957350067746677,0.5861938811388664,0.5944797091370561,1.0
5,0,0.2133473546238272,0.93568,5000,1.0816996274171051,0.9496402877697842,834,1.098542515462199,0.9438,0.784178560125015,0.08356758262950714,,,0.8676156383580218,,0.8676321469805732,0.13236785301942677,0.9692005322803257,0.39129994679356184,5,0.1,0.5,1.0,0.577863829536632,0.5772970451821416,0.5674895765572472,0.5796655075235635,0.5741265722433275,0.5831718070510714,0.5798244290767147,0.5820300612402687,0.5786191381468786,0.5872147662544329,0.5773804375125574
5,1,0.20786678451943882,0.9398,5000,1.0609272188610501,0.9628297362110312,834,1.097716470305531,0.9439,0.7843396672332029,0.08354691337909317,,,0.8598392520047239,,0.8598463932533508,0.14015360674664923,0.9691734478553515,0.39128081483066113,5,0.1,0.5,0.577863829536632,1.0,0.578435786462657,0.5741137790345633,0.5714425414980978,0.5840390431217695,0.5839242962634774,0.5786482261553606,0.5765705580203154,0.580366180111007,0.5859593762517191,0.5749805773678708
5,2,0.21058207462974796,0.93544,5000,1.0950487587187026,0.935251798561151,834,1.101245755966479,0.9439,0.7825909734738659,0.08319939148192049,,,0.7290911849717949,,0.7291049646102103,0.27089503538978965,0.9673113534575531,0.3904834171939661,5,0.1,0.5,0.5772970451821416,0.578435786462657,1.0,0.5784670894302204,0.5745978530689069,0.5764399511917999,0.5854293500766571,0.5786372802389037,0.5716298957575392,0.5719759179865138,0.5864935681561724,0.5726759117579597
5,3,0.2163585624983831,0.93668,5000,1.100174903869629,0.9316546762589928,834,1.102606695109663,0.9436,0.7783699837161148,0.08311791224664214,,,0.6984362748707733,,0.6984438532202198,0.30155614677978015,0.9663013424437557,0.39010897942727357,5,0.1,0.5,0.5674895765572472,0.5741137790345633,0.5784670894302204,1.0,0.5726075894746578,0.5808558934469273,0.5731151589235772,0.5749645341220222,0.5734521431210213,0.5723151981998245,0.5780652403379439,0.5665040933222993
5,4,0.21233150095554293,0.93788,5000,1.1034443930343345,0.9543817527010804,833,1.117679523393369,0.9428,0.7797670675468081,0.08309825528081044,,,0.6910407400652359,,0.6910596857587471,0.3089403142412529,0.9660483852936022,0.39000890764867463,5,0.1,0.5,0.5796655075235635,0.5714425414980978,0.5745978530689069,0.5726075894746578,1.0,0.5861965177567083,0.5756098423422645,0.5725819711147987,0.5740129324437548,0.5718066709768793,0.5787405540870628,0.5682752553351647
5,5,0.19550856753922763,0.94108,5000,1.0687021922182154,0.9567827130852341,833,1.098136875956965,0.9439,0.7860403467082162,0.08368579807106868,,,0.9120918011649237,,0.9121078259123538,0.08789217408764616,0.9693657262413384,0.39136818607255813,5,0.1,0.5,0.5741265722433275,0.5840390431217695,0.5764399511917999,0.5808558934469273,0.5861965177567083,1.0,0.5785727267279333,0.580963511466501,0.5744126830846451,0.5791086167698144,0.589806693942248,0.577269236125333
5,6,0.21854197822962027,0.93328,5000,1.115688959757487,0.9267707082833133,833,1.09965277099,0.9438,0.7850074979814348,0.08351494073067667,,,0.8478101913544698,,0.8478239044224688,0.1521760955775312,0.9690779247673937,0.3912463307708579,5,0.1,0.5,0.5831718070510714,0.5839242962634774,0.5854293500766571,0.5731151589235772,0.5756098423422645,0.5785727267279333,1.0,0.5822176347520415,0.5747934259934988,0.5844847241470935,0.5808808798706239,0.5708752778351129
5,7,0.21049947949944978,0.93576,5000,1.1269359500319869,0.9423769507803121,833,1.1043813950337542,0.9438,0.7839903077533333,0.08331028892132403,,,0.7708140978554952,,0.7708297776216053,0.22917022237839468,0.9681723534613464,0.39085751039144395,5,0.1,0.5,0.5798244290767147,0.5786482261553606,0.5786372802389037,0.5749645341220222,0.5725819711147987,0.580963511466501,0.5822176347520415,1.0,0.578023099727903,0.5755024539081206,0.584353564995165,0.5790713395498229
5,8,0.20131041644152942,0.93996,5000,1.0839461595923812,0.9555822328931572,833,1.0986269314449055,0.9438,0.7807892747919031,0.08335049070850664,,,0.7859392051024324,,0.7859545203554038,0.2140454796445962,0.9684151679076606,0.39096072208662463,5,0.1,0.5,0.5820300612402687,0.5765705580203154,0.5716298957575392,0.5734521431210213,0.5740129324437548,0.5744126830846451,0.5747934259934988,0.578023099727903,1.0,0.5700739875417657,0.5826485721285904,0.5759037696909823
5,9,0.21341058079532946,0.93428,5000,1.118864863007157,0.921968787515006,833,1.1032519666150735,0.9437,0.7813088958847094,0.0830719148891069,,,0.6811307017967199,,0.6811505446513729,0.3188494553486271,0.9656569929973672,0.3898619620920655,5,0.1,0.5,0.5786191381468786,0.580366180111007,0.5719759179865138,0.5723151981998245,0.5718066709768793,0.5791086167698144,0.5844847241470935,0.5755024539081206,0.5700739875417657,1.0,0.5881461466143377,0.5681950149142443
5,10,0.197394968513518,0.94084,5000,1.0889060077843842,0.9555822328931572,833,1.0990958682264382,0.9442,0.7896546764380143,0.08381313569369182,,,0.9599999996237703,,0.9600020079313287,0.03999799206867127,0.9694104543553501,0.3913906446898104,5,0.1,0.5,0.5872147662544329,0.5859593762517191,0.5864935681561724,0.5780652403379439,0.5787405540870628,0.589806693942248,0.5808808798706239,0.584353564995165,0.5826485721285904,0.5881461466143377,1.0,0.5733783836526907
5,11,0.22848531039087636,0.93348,5000,1.146714170773824,0.9315726290516206,833,1.120736776639859,0.9424,0.7772864891176102,0.0827233759676519,,,0.55,,0.5500125495708047,0.4499874504291953,0.957703701711091,0.3866746406109247,5,0.1,0.5,0.5773804375125574,0.5749805773678708,0.5726759117579597,0.5665040933222993,0.5682752553351647,0.577269236125333,0.5708752778351129,0.5790713395498229,0.5759037696909823,0.5681950149142443,0.5733783836526907,1.0
6,0,0.19657352751085333,0.9432,5000,0.8495463265313042,0.9520383693045563,834,0.8686501511369651,0.9501,0.770277600034152,0.08356851200631817,,,0.8791556997794394,,0.8791677124642338,0.12083228753576625,0.9667656052278139,0.38397913234985454,5,0.1,0.5,1.0,0.5567978935093355,0.5574521410685508,0.5450753882087331,0.5554859868866403,0.5581248713954189,0.5499428909890562,0.5570596685732544,0.5611538645539987,0.5552582127175922,0.5515697390509282,0.5506084263760683
6,1,0.19852213552043696,0.93944,5000,0.824576962877203,0.9664268585131894,834,0.8678527049744091,0.95,0.771473701784567,0.08359698359924483,,,0.8894927904240822,,0.889498519150645,0.11050148084935496,0.9667656718397611,0.38399727521529703,5,0.1,0.5,0.5567978935093355,1.0,0.5518179362280384,0.5471830716188458,0.5560101217899561,0.5588819052604138,0.5535091870880533,0.5623138299923949,0.557881448692901,0.556321831533582,0.5620739574749477,0.5467763869200075
6,2,0.19821482781664865,0.94016,5000,0.8656429957460474,0.9460431654676259,834,0.8718872498780393,0.9499,0.7680229622752311,0.08324068713520502,,,0.7601333669934572,,0.7601526027809848,0.23984739721901516,0.9649020743021894,0.3834285808435461,5,0.1,0.5,0.5574521410685508,0.5518179362280384,1.0,0.5461287133632786,0.5528366824175167,0.5528151650605397,0.5526298453912409,0.5560151759318291,0.5558844057297526,0.5525365250646748,0.5528178483123498,0.5487646542897305
6,3,0.19737906487373885,0.93988,5000,0.8732010633857162,0.9412470023980816,834,0.8746833454686612,0.9499,0.7623802256644221,0.08298584733163403,,,0.6676094904347667,,0.6676271271522514,0.33237287284774863,0.9631114609954482,0.3822925066116294,5,0.1,0.5,0.5450753882087331,0.5471830716188458,0.5461287133632786,1.0,0.5530103512833316,0.5567679493734428,0.5397160589580547,0.5518653142357581,0.5538415192563831,0.5446384464790756,0.5520638552070863,0.5377990045088471
6,4,0.19978720468385916,0.9394,5000,0.8709034897662975,0.9615846338535414,833,0.8875221410117591,0.9494,0.769429633653849,0.08322243875711864,,,0.7535079864296624,,0.7535264293961147,0.2464735706038853,0.9639930750486218,0.3833733876338055,5,0.1,0.5,0.5554859868866403,0.5560101217899561,0.5528366824175167,0.5530103512833316,1.0,0.5658170814909538,0.5465146395881274,0.5562185997804079,0.553680345166018,0.5436027013305067,0.5672816689620734,0.5425639211391086
6,5,0.18303319699824996,0.94576,5000,0.8368335134453244,0.9675870348139256,833,0.8681726320483052,0.9501,0.7727348452426915,0.08373519594555333,,,0.9396731071938352,,0.9396817428843933,0.06031825711560668,0.9670427132818981,0.38404354013735587,5,0.1,0.5,0.5581248713954189,0.5588819052604138,0.5528151650605397,0.5567679493734428,0.5658170814909538,1.0,0.5471222146732061,0.5633623190152016,0.5611321122462537,0.5506928758616542,0.5567469692062914,0.5490869400714045
6,6,0.19662836121549462,0.94,5000,0.8877214943921125,0.9315726290516206,833,0.8706165323623072,0.9499,0.7610481695822287,0.08320597922002784,,,0.7475320746738758,,0.7475528336930877,0.25244716630691233,0.9653854872803815,0.38332031440864117,5,0.1,0.5,0.5499428909890562,0.5535091870880533,0.5526298453912409,0.5397160589580547,0.5465146395881274,0.5471222146732061,1.0,0.5456416803475879,0.5495709459839931,0.5391099772251264,0.548785135061048,0.5411041727906076
6,7,0.19814921626524562,0.941,5000,0.8982969412097225,0.9495798319327731,833,0.8742620927838091,0.9499,0.7717269041346976,0.08344662579315523,,,0.8349028602195792,,0.8349129059786156,0.16508709402138444,0.9657822055373031,0.383854207074042,5,0.1,0.5,0.5570596685732544,0.5623138299923949,0.5560151759318291,0.5518653142357581,0.5562185997804079,0.5633623190152016,0.5456416803475879,1.0,0.5594898143404576,0.5528367294296239,0.5563090752137776,0.5521098462514714
6,8,0.18453738674414671,0.9446,5000,0.8534970923706338,0.9591836734693877,833,0.868838652825584,0.95,0.7720422163625057,0.08348487018769543,,,0.8487881308480878,,0.8487977511169118,0.1512022488830882,0.9660317087969862,0.38390233512403543,5,0.1,0.5,0.5611538645539987,0.557881448692901,0.5558844057297526,0.5538415192563831,0.553680345166018,0.5611321122462537,0.5495709459839931,0.5594898143404576,1.0,0.556696572258733,0.5549199108221333,0.5516803600397081
6,9,0.20218998506594046,0.93792,5000,0.8945727458706608,0.9243697478991597,833,0.874914102470532,0.95,0.765339877695879,0.08305976356324059,,,0.6944460214358736,,0.6944530897043321,0.30554691029566794,0.9636068887323399,0.38270660521666666,5,0.1,0.5,0.5552582127175922,0.556321831533582,0.5525365250646748,0.5446384464790756,0.5436027013305067,0.5506928758616542,0.5391099772251264,0.5528367294296239,0.556696572258733,1.0,0.5594308065290257,0.5444608352986557
6,10,0.18186485218269763,0.9454,5000,0.8573196243356775,0.957983193277311,833,0.8690516861102071,0.95,0.7718952115352421,0.08379118258889422,,,0.9599999996369332,,0.9600020079313287,0.03999799206867127,0.967102238421003,0.38404894248223975,5,0.1,0.5,0.5515697390509282,0.5620739574749477,0.5528178483123498,0.5520638552070863,0.5672816689620734,0.5567469692062914,0.548785135061048,0.5563090752137776,0.5549199108221333,0.5594308065290257,1.0,0.5501682857417443
6,11,0.21162656850662012,0.9372,5000,0.9239901039335463,0.9351740696278511,833,0.8949762687515527,0.9493,0.7607359497749532,0.08266191387191275,,,0.55,,0.5500125495708047,0.4499874504291953,0.9579394201612821,0.3793573928708702,5,0.1,0.5,0.5506084263760683,0.5467763869200075,0.5487646542897305,0.5377990045088471,0.5425639211391086,0.5490869400714045,0.5411041727906076,0.5521098462514714,0.5516803600397081,0.5444608352986557,0.5501682857417443,1.0
7,0,0.18002951280718113,0.94592,5000,0.6484354204601712,0.9556354916067147,834,0.668990951186171,0.9536,0.7614996692654711,0.08382213019355786,,,0.9599999996551769,,0.9600020079313287,0.03999799206867127,0.9643222779153088,0.3761382740889685,5,0.1,0.5,1.0,0.5371575680704407,0.536279475358801,0.525251744669802,0.5315906190676042,0.5347823101113532,0.5396420489442421,0.5363996460176714,0.5392007145821718,0.531188576410235,0.5286761510303783,0.532812288324909
