round,client_id,client_i_training_loss,client_i_training_accuracy,client_i_training_dataset_size,client_i_evaluation_loss,client_i_evaluation_accuracy,client_i_evaluation_dataset_size,client_i_central_evaluation_loss,client_i_central_evaluation_accuracy,client_i_cosine_similarity,client_i_importance_coefficient,client_i_tanh_val,tanh_normalization_value,client_i_q,client_i_mask_order,client_i_v_nonzero_fraction,client_i_v_sparsity,client_i_v_cosine_similarity,client_i_reward_gradient_norm,local_epochs,learning_rate,gamma,client_0_cosine_similarity,client_1_cosine_similarity,client_2_cosine_similarity,client_3_cosine_similarity,client_4_cosine_similarity,client_5_cosine_similarity,client_6_cosine_similarity,client_7_cosine_similarity,client_8_cosine_similarity,client_9_cosine_similarity,client_10_cosine_similarity,client_11_cosine_similarity
0,0,2.2771985935442376,0.15802735781137509,4167,2.2998716490609303,0.145083932853717,834,2.2962912788873986,0.1425,0.9877484377180029,0.0834000303276212,,,0.96,,0.9600270667260814,0.0399729332739186,0,0.14804367920831873,10,0.025,0.15,1.0,0.9651447766466689,0.9711724451874545,0.9713931268842627,0.9687692941806263,0.9624689821612384,0.9745751016937679,0.977545004412177,0.9780509636292835,0.9760752997254726,0.9788314212818288,0.9743743181270954
0,1,2.265420114632809,0.15202783777297815,4167,2.2983007771628245,0.1498800959232614,834,2.2962912788873986,0.1425,0.9836367763489692,0.08305286431876721,,,0.96,,0.9600270667260814,0.0399729332739186,0,0.14804367920831873,10,0.025,0.15,0.9651447766466689,1.0,0.9660668503640026,0.9591962504749109,0.9709712675890563,0.9700196749859932,0.9696499444566682,0.9686432294918883,0.9688493792382444,0.9679446920081638,0.9728784734050167,0.9703370716229917
0,2,2.266162768277255,0.1482361411087113,4167,2.296172176088606,0.14628297362110312,834,2.2962912788873986,0.1425,0.9869672137372705,0.08333406808339201,,,0.96,,0.9600270667260814,0.0399729332739186,0,0.14804367920831873,10,0.025,0.15,0.9711724451874545,0.9660668503640026,1.0,0.975216514312668,0.9625423206713098,0.9677026672574278,0.9811456182696084,0.9672884489186332,0.9720187504714536,0.9724499220073368,0.9765789254426067,0.976964349211958
0,3,2.2766850673791135,0.14574034077273818,4167,2.2972445487976074,0.1354916067146283,834,2.2962912788873986,0.1425,0.9859707234284709,0.08324992993768453,,,0.96,,0.9600270667260814,0.0399729332739186,0,0.14804367920831873,10,0.025,0.15,0.9713931268842627,0.9591962504749109,0.975216514312668,1.0,0.9704000286546736,0.9673630431303389,0.9746365338999852,0.9713718924541374,0.9736523784491942,0.9727138611107777,0.9664342967010008,0.974965431716852
0,4,2.272551306811246,0.1607151427885769,4167,2.29317535672869,0.14405762304921968,833,2.2962912788873986,0.1425,0.9859066738351192,0.08324452194327621,,,0.96,,0.9600270667260814,0.0399729332739186,0,0.14804367920831873,10,0.025,0.15,0.9687692941806263,0.9709712675890563,0.9625423206713098,0.9704000286546736,1.0,0.972917088799375,0.9672063922468414,0.969702932177398,0.9763505945738086,0.981634262717148,0.967762199591018,0.9683299828402536
0,5,2.2725503704764627,0.153491720662347,4167,2.2939607415880476,0.14165666266506602,833,2.2962912788873986,0.1425,0.9834963672033022,0.08304100894490911,,,0.96,,0.9600270667260814,0.0399729332739186,0,0.14804367920831873,10,0.025,0.15,0.9624689821612384,0.9700196749859932,0.9677026672574278,0.9673630431303389,0.972917088799375,1.0,0.9679045608950484,0.9602958509581971,0.9680047522444071,0.9729411770350972,0.9612757370181692,0.9771451143104976
0,6,2.271940056482951,0.14732421406287496,4167,2.2958571229662215,0.14405762304921968,833,2.2962912788873986,0.1425,0.9878290781948521,0.08340683916472794,,,0.96,,0.9600270667260814,0.0399729332739186,0,0.14804367920831873,10,0.025,0.15,0.9745751016937679,0.9696499444566682,0.9811456182696084,0.9746365338999852,0.9672063922468414,0.9679045608950484,1.0,0.9666253306246821,0.9744268483589777,0.9739284271888654,0.9749075602051518,0.974347071805503
0,7,2.276919000076525,0.15536357091432684,4167,2.2949748039245605,0.16566626650660263,833,2.2962912788873986,0.1425,0.9861328105900534,0.08326361568364524,,,0.96,,0.9600270667260814,0.0399729332739186,0,0.14804367920831873,10,0.025,0.15,0.977545004412177,0.9686432294918883,0.9672884489186332,0.9713718924541374,0.969702932177398,0.9602958509581971,0.9666253306246821,1.0,0.978714806004996,0.9721445915255535,0.9767528358728766,0.9701803710647362
0,8,2.2803809888435134,0.15177628420547287,4166,2.296453986849104,0.13805522208883553,833,2.2962912788873986,0.1425,0.989431767968945,0.08354216144989797,,,0.96,,0.9600270667260814,0.0399729332739186,0,0.14804367920831873,10,0.025,0.15,0.9780509636292835,0.9688493792382444,0.9720187504714536,0.9736523784491942,0.9763505945738086,0.9680047522444071,0.9744268483589777,0.978714806004996,1.0,0.978958620193495,0.9762949763234233,0.973018613260557
0,9,2.269976982203397,0.16101776284205474,4166,2.2949935708727156,0.1368547418967587,833,2.2962912788873986,0.1425,0.9896265596386324,0.08355860858414707,,,0.96,,0.9600270667260814,0.0399729332739186,0,0.14804367920831873,10,0.025,0.15,0.9760752997254726,0.9679446920081638,0.9724499220073368,0.9727138611107777,0.981634262717148,0.9729411770350972,0.9739284271888654,0.9721445915255535,0.978958620193495,1.0,0.9777524018521102,0.9741048734500163
0,10,2.2698199568372783,0.1614018242918867,4166,2.295649903161185,0.13805522208883553,833,2.2962912788873986,0.1425,0.9881963159242292,0.08343784669316125,,,0.96,,0.9600270667260814,0.0399729332739186,0,0.14804367920831873,10,0.025,0.15,0.9788314212818288,0.9728784734050167,0.9765789254426067,0.9664342967010008,0.967762199591018,0.9612757370181692,0.9749075602051518,0.9767528358728766,0.9762949763234233,0.9777524018521102,1.0,0.9742409565034604
0,11,2.270421611179005,0.14647143542966876,4166,2.298325334276472,0.12484993997599039,833,2.2962912788873986,0.1425,0.9885594160926836,0.08346850486877024,,,0.96,,0.9600270667260814,0.0399729332739186,0,0.14804367920831873,10,0.025,0.15,0.9743743181270954,0.9703370716229917,0.976964349211958,0.974965431716852,0.9683299828402536,0.9771451143104976,0.974347071805503,0.9701803710647362,0.973018613260557,0.9741048734500163,0.9742409565034604,1.0
1,0,2.1958937377640697,0.1939284857211423,4167,2.2876692840031216,0.1774580335731415,834,2.283815073061593,0.1824,0.9896989986946461,0.08342559382556222,,,0.96,,0.9600270667260814,0.0399729332739186,0.8839197708013982,0.14821798187579496,10,0.025,0.15,1.0,0.9722216561987614,0.970790968807454,0.9787216550567848,0.9779853331830829,0.9793239020651108,0.9741814316484557,0.9730653888487893,0.9767983663773956,0.9793256699680355,0.9749672606357301,0.9778976792659021
1,1,2.175259325721047,0.20376769858411328,4167,2.2860360145568848,0.1750599520383693,834,2.283815073061593,0.1824,0.9874121897449102,0.08313772271675016,,,0.96,,0.9600270667260814,0.0399729332739186,0.8839197708013982,0.14821798187579496,10,0.025,0.15,0.9722216561987614,1.0,0.9649292005982637,0.9678002933725774,0.9761457781626777,0.9752327809036541,0.970627541477298,0.9742938467420166,0.9766632780457022,0.9749198242479999,0.9773460010780577,0.9780850467076003
1,2,2.1809036641409905,0.19239260859131269,4167,2.2838423933301653,0.18585131894484413,834,2.283815073061593,0.1824,0.9835488399789842,0.08318566973222988,,,0.96,,0.9600270667260814,0.0399729332739186,0.8839197708013982,0.14821798187579496,10,0.025,0.15,0.970790968807454,0.9649292005982637,1.0,0.9781908451125746,0.9598626438638469,0.9668476620404663,0.9773976240828465,0.964441748678693,0.9661617851115194,0.9715521469581491,0.9729596790074073,0.9692089976546302
1,3,2.197273861278187,0.1884809215262779,4167,2.2844652448381697,0.16546762589928057,834,2.283815073061593,0.1824,0.988552357176179,0.08329601243497833,,,0.96,,0.9600270667260814,0.0399729332739186,0.8839197708013982,0.14821798187579496,10,0.025,0.15,0.9787216550567848,0.9678002933725774,0.9781908451125746,1.0,0.9700053080365665,0.9718907677559431,0.974940722028131,0.9711619099083307,0.9767402732025655,0.9787029065128589,0.9765571133095715,0.9769591718407717
1,4,2.181492110815915,0.20107991360691144,4167,2.2804200308663503,0.19207683073229292,833,2.283815073061593,0.1824,0.9876424616327053,0.08326319546425355,,,0.96,,0.9600270667260814,0.0399729332739186,0.8839197708013982,0.14821798187579496,10,0.025,0.15,0.9779853331830829,0.9761457781626777,0.9598626438638469,0.9700053080365665,1.0,0.9798333445773031,0.96665789072953,0.9721407019747249,0.9778531029631193,0.982394892494504,0.9709310831904125,0.9771326170958751
1,5,2.1913434649958754,0.19503239740820735,4167,2.281086274555751,0.19567827130852342,833,2.283815073061593,0.1824,0.9880019902845097,0.08314953667580623,,,0.96,,0.9600270667260814,0.0399729332739186,0.8839197708013982,0.14821798187579496,10,0.025,0.15,0.9793239020651108,0.9752327809036541,0.9668476620404663,0.9718907677559431,0.9798333445773031,1.0,0.9707732731303397,0.968419641777411,0.9744475154044647,0.9789084452760134,0.9707463398636468,0.9788377326319724
1,6,2.186176151217836,0.2017518598512119,4167,2.2829109260014127,0.18247298919567828,833,2.283815073061593,0.1824,0.9856803941676109,0.08329955493021368,,,0.96,,0.9600270667260814,0.0399729332739186,0.8839197708013982,0.14821798187579496,10,0.025,0.15,0.9741814316484557,0.970627541477298,0.9773976240828465,0.974940722028131,0.96665789072953,0.9707732731303397,1.0,0.9663075238043546,0.9709554585696912,0.972317324229231,0.9736414360494375,0.9698179988736849
1,7,2.192383801575863,0.19467242620590353,4167,2.2828050000326976,0.21008403361344538,833,2.283815073061593,0.1824,0.9864216775702755,0.08323539007202405,,,0.96,,0.9600270667260814,0.0399729332739186,0.8839197708013982,0.14821798187579496,10,0.025,0.15,0.9730653888487893,0.9742938467420166,0.964441748678693,0.9711619099083307,0.9721407019747249,0.968419641777411,0.9663075238043546,1.0,0.9813092185246398,0.9730713114100041,0.9774774685890719,0.9747434682600076
1,8,2.193329479116382,0.19786365818530965,4166,2.2841780866895403,0.17046818727490998,833,2.283815073061593,0.1824,0.9902761222147067,0.08353181183037386,,,0.96,,0.9600270667260814,0.0399729332739186,0.8839197708013982,0.14821798187579496,10,0.025,0.15,0.9767983663773956,0.9766632780457022,0.9661617851115194,0.9767402732025655,0.9778531029631193,0.9744475154044647,0.9709554585696912,0.9813092185246398,1.0,0.9766868863801554,0.9823394206314611,0.9821241862172585
1,9,2.1757046367182875,0.20765722515602497,4166,2.281724384852818,0.18247298919567828,833,2.283815073061593,0.1824,0.9903725755970736,0.08354506468094361,,,0.96,,0.9600270667260814,0.0399729332739186,0.8839197708013982,0.14821798187579496,10,0.025,0.15,0.9793256699680355,0.9749198242479999,0.9715521469581491,0.9787029065128589,0.982394892494504,0.9789084452760134,0.972317324229231,0.9730713114100041,0.9766868863801554,1.0,0.9783956943313952,0.9769632169622942
1,10,2.18464017347856,0.2042246759481517,4166,2.282637459891183,0.18847539015606243,833,2.283815073061593,0.1824,0.9896432881744374,0.08344707326780994,,,0.96,,0.9600270667260814,0.0399729332739186,0.8839197708013982,0.14821798187579496,10,0.025,0.15,0.9749672606357301,0.9773460010780577,0.9729596790074073,0.9765571133095715,0.9709310831904125,0.9707463398636468,0.9736414360494375,0.9774774685890719,0.9823394206314611,0.9783956943313952,1.0,0.9792139909414105
1,11,2.188949669129921,0.19176668266922708,4166,2.2867408820561,0.16326530612244897,833,2.283815073061593,0.1824,0.9901809415951208,0.08348337436905445,,,0.96,,0.9600270667260814,0.0399729332739186,0.8839197708013982,0.14821798187579496,10,0.025,0.15,0.9778976792659021,0.9780850467076003,0.9692089976546302,0.9769591718407717,0.9771326170958751,0.9788377326319724,0.9698179988736849,0.9747434682600076,0.9821241862172585,0.9769632169622942,0.9792139909414105,1.0
2,0,2.124327531005397,0.2171826253899688,4167,2.2699292387281145,0.19664268585131894,834,2.2657901637161832,0.207,0.9871803486309488,0.08342847434575189,,,0.96,,0.9600270667260814,0.0399729332739186,0.9597929545676855,0.1478999842117277,10,0.025,0.15,1.0,0.9696887285608226,0.9656684000950526,0.9686864412496803,0.9725443906132665,0.9751537076558903,0.9728845273558101,0.969968022673836,0.9723875511064927,0.9715403545454834,0.9707354991931048,0.9710478286743622
2,1,2.1029863328644725,0.2294936405087593,4167,2.268904515675136,0.1906474820143885,834,2.2657901637161832,0.207,0.9838655667360215,0.08314356473013425,,,0.96,,0.9600270667260814,0.0399729332739186,0.9597929545676855,0.1478999842117277,10,0.025,0.15,0.9696887285608226,1.0,0.9598494164346939,0.9597616491251335,0.9715887650680787,0.9689041214536517,0.9665132243426107,0.9648547237659048,0.9701368119307743,0.9705733516769461,0.9708851638559964,0.9684084907510243
2,2,2.1166975324804134,0.21838252939764818,4167,2.2662790843418668,0.20503597122302158,834,2.2657901637161832,0.207,0.9815097140820027,0.08309670239845625,,,0.96,,0.9600270667260814,0.0399729332739186,0.9597929545676855,0.1478999842117277,10,0.025,0.15,0.9656684000950526,0.9598494164346939,1.0,0.9708536302497331,0.959771162214485,0.965050027355083,0.9723665985567216,0.962450239889862,0.9613316713970133,0.96920254515657,0.9649966348715606,0.9617614808428866
2,3,2.131001395890207,0.2150707943364531,4167,2.266486440386091,0.1882494004796163,834,2.2657901637161832,0.207,0.9842350695372801,0.0832530940362244,,,0.96,,0.9600270667260814,0.0399729332739186,0.9597929545676855,0.1478999842117277,10,0.025,0.15,0.9686864412496803,0.9597616491251335,0.9708536302497331,1.0,0.9615914027908108,0.9648088512859306,0.9715752950176355,0.9682069367664713,0.9707050752274872,0.9713957896227947,0.9697122397572275,0.9681704098658125
2,4,2.1092481837128148,0.22764578833693305,4167,2.2611938885280063,0.2184873949579832,833,2.2657901637161832,0.207,0.9867536838698093,0.08331455913595366,,,0.96,,0.9600270667260814,0.0399729332739186,0.9597929545676855,0.1478999842117277,10,0.025,0.15,0.9725443906132665,0.9715887650680787,0.959771162214485,0.9615914027908108,1.0,0.9744944780807916,0.9679891580094807,0.9720254156517459,0.975859457967058,0.9752161244102443,0.9701587169110232,0.9740391821174507
2,5,2.12562191955971,0.2209263258939285,4167,2.2620249475751604,0.22448979591836735,833,2.2657901637161832,0.207,0.9867438158763256,0.08324419765925271,,,0.96,,0.9600270667260814,0.0399729332739186,0.9597929545676855,0.1478999842117277,10,0.025,0.15,0.9751537076558903,0.9689041214536517,0.965050027355083,0.9648088512859306,0.9744944780807916,1.0,0.9713929430268271,0.9662411232486837,0.9704835100613843,0.9750359314681505,0.9676237013087878,0.9760172337664687
2,6,2.1151257034504054,0.22723782097432205,4167,2.264066900525774,0.2064825930372149,833,2.2657901637161832,0.207,0.9856892148203127,0.08330244058349891,,,0.96,,0.9600270667260814,0.0399729332739186,0.9597929545676855,0.1478999842117277,10,0.025,0.15,0.9728845273558101,0.9665132243426107,0.9723665985567216,0.9715752950176355,0.9679891580094807,0.9713929430268271,1.0,0.9659246581969984,0.9689303991213233,0.9716707353699262,0.9677277350209832,0.9657384509617583
2,7,2.123745739821232,0.22296616270698344,4167,2.265543188367571,0.22569027611044418,833,2.2657901637161832,0.207,0.98513741072162,0.08324500232240457,,,0.96,,0.9600270667260814,0.0399729332739186,0.9597929545676855,0.1478999842117277,10,0.025,0.15,0.969968022673836,0.9648547237659048,0.962450239889862,0.9682069367664713,0.9720254156517459,0.9662411232486837,0.9659246581969984,1.0,0.9748689351077756,0.9718205136472681,0.9694340064031127,0.9703635313817043
2,8,2.1199006069790234,0.22184349495919348,4166,2.266439369746617,0.1992797118847539,833,2.2657901637161832,0.207,0.9881325994191393,0.08352481558158506,,,0.96,,0.9600270667260814,0.0399729332739186,0.9597929545676855,0.1478999842117277,10,0.025,0.15,0.9723875511064927,0.9701368119307743,0.9613316713970133,0.9707050752274872,0.975859457967058,0.9704835100613843,0.9689303991213233,0.9748689351077756,1.0,0.973034191497407,0.9773756443691854,0.9763925052050033
2,9,2.1034593658013776,0.23346135381661065,4166,2.26257746560233,0.21728691476590636,833,2.2657901637161832,0.207,0.9885988827612855,0.0835481059139675,,,0.96,,0.9600270667260814,0.0399729332739186,0.9597929545676855,0.1478999842117277,10,0.025,0.15,0.9715403545454834,0.9705733516769461,0.96920254515657,0.9713957896227947,0.9752161244102443,0.9750359314681505,0.9716707353699262,0.9718205136472681,0.973034191497407,1.0,0.9742816967000728,0.9732803789070505
2,10,2.1147059545372473,0.23106096975516083,4166,2.264000858579363,0.22569027611044418,833,2.2657901637161832,0.207,0.9869797493263613,0.083435204694265,,,0.96,,0.9600270667260814,0.0399729332739186,0.9597929545676855,0.1478999842117277,10,0.025,0.15,0.9707354991931048,0.9708851638559964,0.9649966348715606,0.9697122397572275,0.9701587169110232,0.9676237013087878,0.9677277350209832,0.9694340064031127,0.9773756443691854,0.9742816967000728,1.0,0.97494824824815
2,11,2.120560627272635,0.22090734517522803,4166,2.269733190536499,0.18607442977190877,833,2.2657901637161832,0.207,0.9871728689074832,0.083463838598506,,,0.96,,0.9600270667260814,0.0399729332739186,0.9597929545676855,0.1478999842117277,10,0.025,0.15,0.9710478286743622,0.9684084907510243,0.9617614808428866,0.9681704098658125,0.9740391821174507,0.9760172337664687,0.9657384509617583,0.9703635313817043,0.9763925052050033,0.9732803789070505,0.97494824824815,1.0
3,0,2.0630953550338744,0.2406527477801776,4167,2.246927636010306,0.22062350119904076,834,2.2423285894756075,0.2272,0.9813228239010806,0.0833916547632766,,,0.96,,0.9600270667260814,0.0399729332739186,0.9673333978396247,0.14720045518372288,10,0.025,0.15,1.0,0.959794028100321,0.9555017768369367,0.9551461044487669,0.9605025675637211,0.9642819050456013,0.9595928995315369,0.9614156836331192,0.9608587038642616,0.9598769650976388,0.9607129585157437,0.9583698360519313
3,1,2.0405050176562685,0.25406767458603313,4167,2.2466889449528287,0.2026378896882494,834,2.2423285894756075,0.2272,0.9807092415212638,0.0831958249040646,,,0.96,,0.9600270667260814,0.0399729332739186,0.9673333978396247,0.14720045518372288,10,0.025,0.15,0.959794028100321,1.0,0.955004156650187,0.9505159551761179,0.9623083554035216,0.9616667696052985,0.9559301950361931,0.9565955786157602,0.9619195534207975,0.9636947854010091,0.9622182204219105,0.9592874285012386
3,2,2.060743054476651,0.24353251739860812,4167,2.24353449685233,0.2170263788968825,834,2.2423285894756075,0.2272,0.9780103142328954,0.08307919803844563,,,0.96,,0.9600270667260814,0.0399729332739186,0.9673333978396247,0.14720045518372288,10,0.025,0.15,0.9555017768369367,0.955004156650187,1.0,0.9621399027394906,0.9501630067168289,0.9571453867277538,0.9595048083899693,0.9544157615165177,0.9527981670811331,0.9628909349594694,0.9555944658731687,0.9520692141345499
3,3,2.0721779751055167,0.237485001199904,4167,2.243076358522688,0.2158273381294964,834,2.2423285894756075,0.2272,0.9790188266370782,0.08320851796313954,,,0.96,,0.9600270667260814,0.0399729332739186,0.9673333978396247,0.14720045518372288,10,0.025,0.15,0.9551461044487669,0.9505159551761179,0.9621399027394906,1.0,0.9503442558170861,0.9565549931849248,0.962199598177359,0.9591415279651857,0.9586780057721833,0.9619431957084492,0.955550215432386,0.9567962594612965
3,4,2.048990169438449,0.2507799376049916,4167,2.2358927045549666,0.23769507803121248,833,2.2423285894756075,0.2272,0.9813952645437849,0.08332368145636239,,,0.96,,0.9600270667260814,0.0399729332739186,0.9673333978396247,0.14720045518372288,10,0.025,0.15,0.9605025675637211,0.9623083554035216,0.9501630067168289,0.9503442558170861,1.0,0.9617169627699467,0.9561258367839409,0.9613357351819848,0.9662926605882147,0.9637730159108414,0.9622474472902561,0.9621022159855241
3,5,2.0699704097978997,0.24305255579553636,4167,2.2371223654065813,0.25570228091236497,833,2.2423285894756075,0.2272,0.9827645620667814,0.08332473518124549,,,0.96,,0.9600270667260814,0.0399729332739186,0.9673333978396247,0.14720045518372288,10,0.025,0.15,0.9642819050456013,0.9616667696052985,0.9571453867277538,0.9565549931849248,0.9617169627699467,1.0,0.9607149225391842,0.959543329470091,0.9602127364988258,0.9655387932083983,0.959485793698019,0.9662338753453271
3,6,2.0573172999150824,0.25140388768898486,4167,2.23952511378697,0.21968787515006002,833,2.2423285894756075,0.2272,0.9793456895354817,0.08324960342513887,,,0.96,,0.9600270667260814,0.0399729332739186,0.9673333978396247,0.14720045518372288,10,0.025,0.15,0.9595928995315369,0.9559301950361931,0.9595048083899693,0.962199598177359,0.9561258367839409,0.9607149225391842,1.0,0.9545135539035675,0.9559790144099037,0.9627499256178398,0.952377050245777,0.9531632894438711
3,7,2.0618644526510526,0.24991600671946243,4167,2.2433598041534424,0.25090036014405764,833,2.2423285894756075,0.2272,0.9812815149544692,0.08327704356392952,,,0.96,,0.9600270667260814,0.0399729332739186,0.9673333978396247,0.14720045518372288,10,0.025,0.15,0.9614156836331192,0.9565955786157602,0.9544157615165177,0.9591415279651857,0.9613357351819848,0.959543329470091,0.9545135539035675,1.0,0.9617682546723864,0.9642290008030738,0.959988812957601,0.9626722384778962
3,8,2.055812901800329,0.24383101296207393,4166,2.243278741836548,0.21008403361344538,833,2.2423285894756075,0.2272,0.9829419385861455,0.08350374194534965,,,0.96,,0.9600270667260814,0.0399729332739186,0.9673333978396247,0.14720045518372288,10,0.025,0.15,0.9608587038642616,0.9619195534207975,0.9527981670811331,0.9586780057721833,0.9662926605882147,0.9602127364988258,0.9559790144099037,0.9617682546723864,1.0,0.962233149690274,0.9702543182567707,0.9640503094855551
3,9,2.0431614713235335,0.2532645223235718,4166,2.237793888364519,0.2460984393757503,833,2.2423285894756075,0.2272,0.9846607095849589,0.08357396827115202,,,0.96,,0.9600270667260814,0.0399729332739186,0.9673333978396247,0.14720045518372288,10,0.025,0.15,0.9598769650976388,0.9636947854010091,0.9628909349594694,0.9619431957084492,0.9637730159108414,0.9655387932083983,0.9627499256178398,0.9642290008030738,0.962233149690274,1.0,0.965312825760455,0.9630868321873133
3,10,2.053037881489956,0.2541766682669227,4166,2.2396620341709683,0.24849939975990396,833,2.2423285894756075,0.2272,0.9825393790286175,0.08343533914592641,,,0.96,,0.9600270667260814,0.0399729332739186,0.9673333978396247,0.14720045518372288,10,0.025,0.15,0.9607129585157437,0.9622182204219105,0.9555944658731687,0.955550215432386,0.9622474472902561,0.959485793698019,0.952377050245777,0.959988812957601,0.9702543182567707,0.965312825760455,1.0,0.9665831512463232
3,11,2.063815632733432,0.24243879020643302,4166,2.2475458213261197,0.20168067226890757,833,2.2423285894756075,0.2272,0.9820369500702556,0.08343669134196932,,,0.96,,0.9600270667260814,0.0399729332739186,0.9673333978396247,0.14720045518372288,10,0.025,0.15,0.9583698360519313,0.9592874285012386,0.9520692141345499,0.9567962594612965,0.9621022159855241,0.9662338753453271,0.9531632894438711,0.9626722384778962,0.9640503094855551,0.9630868321873133,0.9665831512463232,1.0
4,0,2.012162215420694,0.26100311975041995,4167,2.21958259173802,0.22661870503597123,834,2.2142542857158034,0.2406,0.9755556188731414,0.08332685829681602,,,0.96,,0.9600270667260814,0.0399729332739186,0.9744943153303841,0.1465294571701825,10,0.025,0.15,1.0,0.9487329953415689,0.94680287987618,0.9412284996267873,0.9515539635777297,0.9550403655628226,0.9475970401603153,0.9499205419726003,0.9479109451434924,0.9490777467341937,0.9515926036124226,0.9463192037952541
4,1,1.9874288660107238,0.27628989680825533,4167,2.22008170400347,0.2170263788968825,834,2.2142542857158034,0.2406,0.9758321199270242,0.08321474883697852,,,0.96,,0.9600270667260814,0.0399729332739186,0.9744943153303841,0.1465294571701825,10,0.025,0.15,0.9487329953415689,1.0,0.9492677518119366,0.9408010315082502,0.9518149612546354,0.9518433749748524,0.9484185792564958,0.9447547577801338,0.9491057896938853,0.9553741839072366,0.9511407297049248,0.9478662719345338
4,2,2.0102721965674197,0.26498680105591554,4167,2.216371842793056,0.2290167865707434,834,2.2142542857158034,0.2406,0.9758623204244085,0.08314360487118268,,,0.96,,0.9600270667260814,0.0399729332739186,0.9744943153303841,0.1465294571701825,10,0.025,0.15,0.94680287987618,0.9492677518119366,1.0,0.9533117012546892,0.945814856819553,0.9477104460063974,0.9487491771356106,0.9488510080816437,0.9471348718040408,0.9584958202797902,0.9484855445769376,0.9449453511906867
4,3,2.0198712345325585,0.25994720422366213,4167,2.214961051940918,0.22541966426858512,834,2.2142542857158034,0.2406,0.9747414802815552,0.08318709888598785,,,0.96,,0.9600270667260814,0.0399729332739186,0.9744943153303841,0.1465294571701825,10,0.025,0.15,0.9412284996267873,0.9408010315082502,0.9533117012546892,1.0,0.9431072348492573,0.949501129912057,0.9515136531573225,0.9506719593403785,0.9492757941650544,0.9540431871166671,0.9433804365469473,0.9495262776038734
4,4,1.9956275286096514,0.2713462922966163,4167,2.2056198120117188,0.25090036014405764,833,2.2142542857158034,0.2406,0.9783791311111099,0.083376724902535,,,0.96,,0.9600270667260814,0.0399729332739186,0.9744943153303841,0.1465294571701825,10,0.025,0.15,0.9515539635777297,0.9518149612546354,0.945814856819553,0.9431072348492573,1.0,0.9527871140614953,0.9485390088956889,0.953497431518008,0.9561764609413538,0.9565107168289797,0.955973245644192,0.9530954613108599
4,5,2.019643719991048,0.2623230141588673,4167,2.207350526537214,0.2617046818727491,833,2.2142542857158034,0.2406,0.9783399768737936,0.08337610211608204,,,0.96,,0.9600270667260814,0.0399729332739186,0.9744943153303841,0.1465294571701825,10,0.025,0.15,0.9550403655628226,0.9518433749748524,0.9477104460063974,0.949501129912057,0.9527871140614953,1.0,0.9513401956399764,0.9490742055142605,0.9505589225654147,0.9554729648452577,0.9505238600718803,0.954590389480788
4,6,2.0056609067049895,0.2718982481401488,4167,2.210167476109096,0.2424969987995198,833,2.2142542857158034,0.2406,0.9744273617597756,0.08320228344146864,,,0.96,,0.9600270667260814,0.0399729332739186,0.9744943153303841,0.1465294571701825,10,0.025,0.15,0.9475970401603153,0.9484185792564958,0.9487491771356106,0.9515136531573225,0.9485390088956889,0.9513401956399764,1.0,0.9436360555261797,0.9442955208667242,0.9564218778588051,0.9404102063188395,0.941740338855075
4,7,2.0075419678832547,0.2732421406287497,4167,2.216860362461635,0.27010804321728693,833,2.2142542857158034,0.2406,0.9763702118043649,0.08328249255740566,,,0.96,,0.9600270667260814,0.0399729332739186,0.9744943153303841,0.1465294571701825,10,0.025,0.15,0.9499205419726003,0.9447547577801338,0.9488510080816437,0.9506719593403785,0.953497431518008,0.9490742055142605,0.9436360555261797,1.0,0.9502897941166558,0.9548775666953455,0.9470235313075419,0.9527831905535253
4,8,2.000884938962532,0.26200192030724917,4166,2.2155719825199673,0.2148859543817527,833,2.2142542857158034,0.2406,0.9772632356072375,0.0834517599713975,,,0.96,,0.9600270667260814,0.0399729332739186,0.9744943153303841,0.1465294571701825,10,0.025,0.15,0.9479109451434924,0.9491057896938853,0.9471348718040408,0.9492757941650544,0.9561764609413538,0.9505589225654147,0.9442955208667242,0.9502897941166558,1.0,0.9504638458108843,0.9581120042017126,0.9523912665471302
4,9,1.9905127705949726,0.27556409025444073,4166,2.208113636289324,0.2737094837935174,833,2.2142542857158034,0.2406,0.9810272331170165,0.08361770747842649,,,0.96,,0.9600270667260814,0.0399729332739186,0.9744943153303841,0.1465294571701825,10,0.025,0.15,0.9490777467341937,0.9553741839072366,0.9584958202797902,0.9540431871166671,0.9565107168289797,0.9554729648452577,0.9564218778588051,0.9548775666953455,0.9504638458108843,1.0,0.9553707745691566,0.9537565833711349
4,10,1.9987981821551468,0.27352376380220833,4166,2.210378204073225,0.2617046818727491,833,2.2142542857158034,0.2406,0.9774905426183608,0.08341685554145478,,,0.96,,0.9600270667260814,0.0399729332739186,0.9744943153303841,0.1465294571701825,10,0.025,0.15,0.9515926036124226,0.9511407297049248,0.9484855445769376,0.9433804365469473,0.955973245644192,0.9505238600718803,0.9404102063188395,0.9470235313075419,0.9581120042017126,0.9553707745691566,1.0,0.9563720695609392
4,11,2.0150091460256867,0.26072971675468076,4166,2.2209507397242954,0.21368547418967587,833,2.2142542857158034,0.2406,0.9770626203086914,0.08340376310026466,,,0.96,,0.9600270667260814,0.0399729332739186,0.9744943153303841,0.1465294571701825,10,0.025,0.15,0.9463192037952541,0.9478662719345338,0.9449453511906867,0.9495262776038734,0.9530954613108599,0.954590389480788,0.941740338855075,0.9527831905535253,0.9523912665471302,0.9537565833711349,0.9563720695609392,1.0
5,0,1.9664001952518115,0.2771298296136309,4167,2.188730307987758,0.23980815347721823,834,2.182580824139752,0.2533,0.9728610883548142,0.08326985843130467,,,0.96,,0.9600270667260814,0.0399729332739186,0.9815799486906173,0.14620290983902914,10,0.025,0.15,1.0,0.9430002258579566,0.9441259759349301,0.9368055642178491,0.9476892255839696,0.949640729366349,0.9429617548870656,0.9440653340603591,0.9418291612103281,0.9427794697508886,0.9467358320066716,0.9391932695825483
5,1,1.9396677298979326,0.2925845932325414,4167,2.190003361020769,0.23501199040767387,834,2.182580824139752,0.2533,0.973961764607361,0.08323632326380265,,,0.96,,0.9600270667260814,0.0399729332739186,0.9815799486906173,0.14620290983902914,10,0.025,0.15,0.9430002258579566,1.0,0.947108669010026,0.9378098041815504,0.9493696188308021,0.9467408642573508,0.94289819729852,0.9430066123198532,0.9411857327147412,0.9499502054389942,0.9473307916065421,0.9433570453321394
5,2,1.9604718479243193,0.28447324214062875,4167,2.1859586579459056,0.2434052757793765,834,2.182580824139752,0.2533,0.9747959601867988,0.08321946322479712,,,0.96,,0.9600270667260814,0.0399729332739186,0.9815799486906173,0.14620290983902914,10,0.025,0.15,0.9441259759349301,0.947108669010026,1.0,0.9484145763114596,0.9441758518241807,0.9447069665399509,0.9435393113483082,0.9455885027193959,0.9442325751541386,0.9520658543602645,0.9478387353946899,0.9397788639887794
5,3,1.9709873073028796,0.2786897048236141,4167,2.1831767559051514,0.2422062350119904,834,2.182580824139752,0.2533,0.9727217085274257,0.08317881116259869,,,0.96,,0.9600270667260814,0.0399729332739186,0.9815799486906173,0.14620290983902914,10,0.025,0.15,0.9368055642178491,0.9378098041815504,0.9484145763114596,1.0,0.9398792665212854,0.9454616625635471,0.9452651165462016,0.945766313034366,0.9440403599563127,0.9486770437240021,0.9397154294295511,0.9454588960627425
5,4,1.9438600991711472,0.2906167506599472,4167,2.1717639650617326,0.2689075630252101,833,2.182580824139752,0.2533,0.9768810634737214,0.08343168414496499,,,0.96,,0.9600270667260814,0.0399729332739186,0.9815799486906173,0.14620290983902914,10,0.025,0.15,0.9476892255839696,0.9493696188308021,0.9441758518241807,0.9398792665212854,1.0,0.9469061850890285,0.9457377712395885,0.9491505560778107,0.9517948328742059,0.9504496947124195,0.9535237318726946,0.9471067838839796
5,5,1.9730537981698006,0.2822654187664987,4167,2.173729317528861,0.27490996398559425,833,2.182580824139752,0.2533,0.9760846431963465,0.08340535345196873,,,0.96,,0.9600270667260814,0.0399729332739186,0.9815799486906173,0.14620290983902914,10,0.025,0.15,0.949640729366349,0.9467408642573508,0.9447069665399509,0.9454616625635471,0.9469061850890285,1.0,0.947074449782315,0.9455478573142528,0.9462180959414002,0.94930551577737,0.9475458668843302,0.9473455262800589
5,6,1.9575394178881789,0.2923926085913127,4167,2.1768849917820523,0.2605042016806723,833,2.182580824139752,0.2533,0.9724073351680574,0.08317796849239267,,,0.96,,0.9600270667260814,0.0399729332739186,0.9815799486906173,0.14620290983902914,10,0.025,0.15,0.9429617548870656,0.94289819729852,0.9435393113483082,0.9452651165462016,0.9457377712395885,0.947074449782315,1.0,0.9410192779724496,0.9402397026738306,0.9502063662744118,0.9386058225768766,0.9360583829148336
5,7,1.9602943048332677,0.2896568274538037,4167,2.1869636603764127,0.2797118847539016,833,2.182580824139752,0.2533,0.9744555154849676,0.0832943395446049,,,0.96,,0.9600270667260814,0.0399729332739186,0.9815799486906173,0.14620290983902914,10,0.025,0.15,0.9440653340603591,0.9430066123198532,0.9455885027193959,0.945766313034366,0.9491505560778107,0.9455478573142528,0.9410192779724496,1.0,0.945177182821267,0.94791447937873,0.9433896293362563,0.9468713406437737
5,8,1.9536614616711934,0.2804608737397984,4166,2.1843671798706055,0.2304921968787515,833,2.182580824139752,0.2533,0.9747057700956313,0.08340726333259323,,,0.96,,0.9600270667260814,0.0399729332739186,0.9815799486906173,0.14620290983902914,10,0.025,0.15,0.9418291612103281,0.9411857327147412,0.9442325751541386,0.9440403599563127,0.9517948328742059,0.9462180959414002,0.9402397026738306,0.945177182821267,1.0,0.9430875217774575,0.95422239737529,0.9482778062381974
5,9,1.942822164477724,0.28802208353336534,4166,2.1745037010737827,0.27010804321728693,833,2.182580824139752,0.2533,0.9771881317118624,0.08359084818238402,,,0.96,,0.9600270667260814,0.0399729332739186,0.9815799486906173,0.14620290983902914,10,0.025,0.15,0.9427794697508886,0.9499502054389942,0.9520658543602645,0.9486770437240021,0.9504496947124195,0.94930551577737,0.9502063662744118,0.94791447937873,0.9430875217774575,1.0,0.9486785841847902,0.9461739510826583
5,10,1.947348582022118,0.29258281325012003,4166,2.177158764430455,0.2665066026410564,833,2.182580824139752,0.2533,0.9762834964796427,0.08343705663214665,,,0.96,,0.9600270667260814,0.0399729332739186,0.9815799486906173,0.14620290983902914,10,0.025,0.15,0.9467358320066716,0.9473307916065421,0.9478387353946899,0.9397154294295511,0.9535237318726946,0.9475458668843302,0.9386058225768766,0.9433896293362563,0.95422239737529,0.9486785841847902,1.0,0.9511741924541887
5,11,1.970954088008765,0.2783005280844935,4166,2.1909376553126743,0.22809123649459784,833,2.182580824139752,0.2533,0.9738915630723138,0.08335103013644157,,,0.96,,0.9600270667260814,0.0399729332739186,0.9815799486906173,0.14620290983902914,10,0.025,0.15,0.9391932695825483,0.9433570453321394,0.9397788639887794,0.9454588960627425,0.9471067838839796,0.9473455262800589,0.9360583829148336,0.9468713406437737,0.9482778062381974,0.9461739510826583,0.9511741924541887,1.0
6,0,1.9239611116322604,0.2907367410607151,4167,2.155093329293387,0.24940047961630696,834,2.1479802010934566,0.2675,0.971302129166749,0.08322750215181099,,,0.96,,0.9600270667260814,0.0399729332739186,0.9877370386851309,0.14600153133748833,10,0.025,0.15,1.0,0.9403707748204084,0.9426499296735703,0.9359021780505585,0.9429423401790853,0.9466984567624748,0.9389534745632537,0.9417283567981128,0.9381674514044976,0.940654524381947,0.9425873880390597,0.9343214528459721
6,1,1.8969402540813793,0.3078473722102232,4167,2.157160316194807,0.2529976019184652,834,2.1479802010934566,0.2675,0.9713569541849051,0.0832085210254013,,,0.96,,0.9600270667260814,0.0399729332739186,0.9877370386851309,0.14600153133748833,10,0.025,0.15,0.9403707748204084,1.0,0.9430428647186166,0.9335915809764469,0.9437137847925965,0.9432873867276615,0.9369744548564941,0.9394887655363527,0.9366580698272922,0.9467068318931254,0.9434609332816947,0.938319493798742
6,2,1.9159906033313636,0.2982481401487881,4167,2.152653694152832,0.2577937649880096,834,2.1479802010934566,0.2675,0.9735719014469844,0.08327027458940058,,,0.96,,0.9600270667260814,0.0399729332739186,0.9877370386851309,0.14600153133748833,10,0.025,0.15,0.9426499296735703,0.9430428647186166,1.0,0.9451357888569204,0.942338772448528,0.9429364020545102,0.9395421826234542,0.9429837620906266,0.9427197085296202,0.9478720370553188,0.9455655289549211,0.9367306173660903
6,3,1.9276014790390477,0.29596832253419725,4167,2.148315634046282,0.2589928057553957,834,2.1479802010934566,0.2675,0.9720698719159471,0.08319614127465284,,,0.96,,0.9600270667260814,0.0399729332739186,0.9877370386851309,0.14600153133748833,10,0.025,0.15,0.9359021780505585,0.9335915809764469,0.9451357888569204,1.0,0.9406039350941361,0.9446401322330371,0.9423244522003861,0.9426645625147794,0.9447134356567168,0.9450682738473828,0.9388059858557222,0.9405540801562069
6,4,1.9009679227164298,0.303551715862731,4167,2.1347238336290633,0.28811524609843936,833,2.1479802010934566,0.2675,0.9755256513618942,0.08346538295710251,,,0.96,,0.9600270667260814,0.0399729332739186,0.9877370386851309,0.14600153133748833,10,0.025,0.15,0.9429423401790853,0.9437137847925965,0.942338772448528,0.9406039350941361,1.0,0.944645463721137,0.9424213994716394,0.9466596631744685,0.9488466712535788,0.9475108846306818,0.9506740553039493,0.943819884274324
6,5,1.928496650132266,0.29568034557235423,4167,2.137394428253174,0.28811524609843936,833,2.1479802010934566,0.2675,0.9753830003943226,0.08344442690433765,,,0.96,,0.9600270667260814,0.0399729332739186,0.9877370386851309,0.14600153133748833,10,0.025,0.15,0.9466984567624748,0.9432873867276615,0.9429364020545102,0.9446401322330371,0.944645463721137,1.0,0.9447366963020758,0.9444329715836215,0.945933348635087,0.9469592658378907,0.9450905439087788,0.9431928038226343
6,6,1.9120229309255428,0.3099832013438925,4167,2.140584945678711,0.2773109243697479,833,2.1479802010934566,0.2675,0.9705135233196924,0.0831448911646957,,,0.96,,0.9600270667260814,0.0399729332739186,0.9877370386851309,0.14600153133748833,10,0.025,0.15,0.9389534745632537,0.9369744548564941,0.9395421826234542,0.9423244522003861,0.9424213994716394,0.9447366963020758,1.0,0.9371384691135503,0.9398431515979213,0.9470777503442483,0.9374174939343167,0.9293931033878065
6,7,1.9120109261888447,0.3119030477561795,4167,2.154252733503069,0.28691476590636256,833,2.1479802010934566,0.2675,0.9735820046410802,0.08331697432351527,,,0.96,,0.9600270667260814,0.0399729332739186,0.9877370386851309,0.14600153133748833,10,0.025,0.15,0.9417283567981128,0.9394887655363527,0.9429837620906266,0.9426645625147794,0.9466596631744685,0.9444329715836215,0.9371384691135503,1.0,0.9452241782532977,0.946440554394515,0.9415773187980839,0.9432312539999517
6,8,1.9068992296854654,0.29788766202592415,4166,2.150388547352382,0.24849939975990396,833,2.1479802010934566,0.2675,0.9744252415836452,0.08341439210681693,,,0.96,,0.9600270667260814,0.0399729332739186,0.9877370386851309,0.14600153133748833,10,0.025,0.15,0.9381674514044976,0.9366580698272922,0.9427197085296202,0.9447134356567168,0.9488466712535788,0.945933348635087,0.9398431515979213,0.9452241782532977,1.0,0.940784266119413,0.951708243849362,0.9467489562422168
6,9,1.8983636910265143,0.3084733557369179,4166,2.137697219848633,0.2737094837935174,833,2.1479802010934566,0.2675,0.9758372204026996,0.0835741076349038,,,0.96,,0.9600270667260814,0.0399729332739186,0.9877370386851309,0.14600153133748833,10,0.025,0.15,0.940654524381947,0.9467068318931254,0.9478720370553188,0.9450682738473828,0.9475108846306818,0.9469592658378907,0.9470777503442483,0.946440554394515,0.940784266119413,1.0,0.9465004065522825,0.942177831796014
6,10,1.9034690524592544,0.30669707153144504,4166,2.1406937667301724,0.2893157262905162,833,2.1479802010934566,0.2675,0.9751983724158341,0.08345804264300666,,,0.96,,0.9600270667260814,0.0399729332739186,0.9877370386851309,0.14600153133748833,10,0.025,0.15,0.9425873880390597,0.9434609332816947,0.9455655289549211,0.9388059858557222,0.9506740553039493,0.9450905439087788,0.9374174939343167,0.9415773187980839,0.951708243849362,0.9465004065522825,1.0,0.9469514494469847
6,11,1.930135519215555,0.293590974555929,4166,2.158311673573085,0.2388955582232893,833,2.1479802010934566,0.2675,0.9713503569001887,0.08327934322435565,,,0.96,,0.9600270667260814,0.0399729332739186,0.9877370386851309,0.14600153133748833,10,0.025,0.15,0.9343214528459721,0.938319493798742,0.9367306173660903,0.9405540801562069,0.943819884274324,0.9431928038226343,0.9293931033878065,0.9432312539999517,0.9467489562422168,0.942177831796014,0.9469514494469847,1.0
