round,client_id,client_i_training_loss,client_i_training_accuracy,client_i_training_dataset_size,client_i_evaluation_loss,client_i_evaluation_accuracy,client_i_evaluation_dataset_size,client_i_central_evaluation_loss,client_i_central_evaluation_accuracy,client_i_cosine_similarity,client_i_importance_coefficient,client_i_tanh_val,tanh_normalization_value,client_i_q,client_i_mask_order,client_i_v_nonzero_fraction,client_i_v_sparsity,client_i_v_cosine_similarity,client_i_reward_gradient_norm,local_epochs,learning_rate,gamma,client_0_cosine_similarity,client_1_cosine_similarity,client_2_cosine_similarity,client_3_cosine_similarity,client_4_cosine_similarity,client_5_cosine_similarity,client_6_cosine_similarity,client_7_cosine_similarity,client_8_cosine_similarity,client_9_cosine_similarity,client_10_cosine_similarity,client_11_cosine_similarity
0,0,2.2022732450703906,0.33828,5000,2.2539195307978876,0.2973621103117506,834,2.2581621678873374,0.2674,0.9967080832334926,0.08337098118799284,,,0.99,,0.9900107286803723,0.00998927131962768,0,0.09962580170988618,5,0.001,0.1,1.0,0.9855788607571057,0.9940342338611761,0.9891181633365431,0.9941312706786645,0.993227689911677,0.993863127398454,0.9942473600703685,0.993054505507027,0.9930819604054767,0.9930010444709763,0.9924025970983429
0,1,2.2068306133245965,0.2844,5000,2.258122938650626,0.23860911270983212,834,2.2581621678873374,0.2674,0.9919364548952904,0.08297185195134636,,,0.99,,0.9900107286803723,0.00998927131962768,0,0.09962580170988618,5,0.001,0.1,0.9855788607571057,1.0,0.9848660417037449,0.9860712117984906,0.9878426522128243,0.9870216548730661,0.9873042720845637,0.9887738474462185,0.9888149271128311,0.9847059382517959,0.9897958440826697,0.9879202887127905
0,2,2.204422505190418,0.3442,5000,2.2591547259577998,0.2577937649880096,834,2.2581621678873374,0.2674,0.9960259903330745,0.08331392661471725,,,0.99,,0.9900107286803723,0.00998927131962768,0,0.09962580170988618,5,0.001,0.1,0.9940342338611761,0.9848660417037449,1.0,0.9920538136074837,0.9933213686694726,0.9919895173841294,0.990254237925029,0.9932344968235919,0.9933437024610017,0.9928941553750639,0.9938135239983621,0.9877812350054966
0,3,2.2015134777992396,0.37428,5000,2.25923400455051,0.2517985611510791,834,2.2581621678873374,0.2674,0.9953240710424203,0.08325521363650323,,,0.99,,0.9900107286803723,0.00998927131962768,0,0.09962580170988618,5,0.001,0.1,0.9891181633365431,0.9860712117984906,0.9920538136074837,1.0,0.9923791054712333,0.991235112252435,0.9904109580129062,0.9933473290795332,0.992407697763681,0.992231850649596,0.9910204194344475,0.9889191530533376
0,4,2.2012453243231316,0.33868,5000,2.259068409601847,0.2581032412965186,833,2.2581621678873374,0.2674,0.9978621036689633,0.08346751077136298,,,0.99,,0.9900107286803723,0.00998927131962768,0,0.09962580170988618,5,0.001,0.1,0.9941312706786645,0.9878426522128243,0.9933213686694726,0.9923791054712333,1.0,0.9949510955805946,0.9944151307616587,0.9942510758819992,0.9948041136636142,0.996399120161644,0.9929977574153532,0.9940445473961406
0,5,2.201691976170631,0.3428,5000,2.2560845657631203,0.25570228091236497,833,2.2581621678873374,0.2674,0.9969203775628024,0.08338873883121149,,,0.99,,0.9900107286803723,0.00998927131962768,0,0.09962580170988618,5,0.001,0.1,0.993227689911677,0.9870216548730661,0.9919895173841294,0.991235112252435,0.9949510955805946,1.0,0.9948840583436298,0.9928518551375737,0.992342923619358,0.9950780366782241,0.9913184750338461,0.993378393895462
0,6,2.2011680648585035,0.33004,5000,2.2648928695254855,0.27130852340936373,833,2.2581621678873374,0.2674,0.9969235933439021,0.0833890078195242,,,0.99,,0.9900107286803723,0.00998927131962768,0,0.09962580170988618,5,0.001,0.1,0.993863127398454,0.9873042720845637,0.990254237925029,0.9904109580129062,0.9944151307616587,0.9948840583436298,1.0,0.9929625608816279,0.9931290237944828,0.9950162502421612,0.9922851279523369,0.9937925102012947
0,7,2.2000335640208735,0.36564,5000,2.260538657506307,0.2689075630252101,833,2.2581621678873374,0.2674,0.996912821409667,0.08338810678667256,,,0.99,,0.9900107286803723,0.00998927131962768,0,0.09962580170988618,5,0.001,0.1,0.9942473600703685,0.9887738474462185,0.9932344968235919,0.9933473290795332,0.9942510758819992,0.9928518551375737,0.9929625608816279,1.0,0.9927156896434611,0.990999773026036,0.9945831317287667,0.9902213582702528
0,8,2.2026499262281285,0.37356,5000,2.2553130520714655,0.2893157262905162,833,2.2581621678873374,0.2674,0.9971776810674872,0.08341026132712533,,,0.99,,0.9900107286803723,0.00998927131962768,0,0.09962580170988618,5,0.001,0.1,0.993054505507027,0.9888149271128311,0.9933437024610017,0.992407697763681,0.9948041136636142,0.992342923619358,0.9931290237944828,0.9927156896434611,1.0,0.9954908461224061,0.9935541265677539,0.9916973436197268
0,9,2.202025033562047,0.37272,5000,2.2609703187589294,0.2809123649459784,833,2.2581621678873374,0.2674,0.9971759978602094,0.0834101205330005,,,0.99,,0.9900107286803723,0.00998927131962768,0,0.09962580170988618,5,0.001,0.1,0.9930819604054767,0.9847059382517959,0.9928941553750639,0.992231850649596,0.996399120161644,0.9950780366782241,0.9950162502421612,0.990999773026036,0.9954908461224061,1.0,0.9914803940477387,0.9939564519736833
0,10,2.2019791200662113,0.37576,5000,2.2582776104962385,0.2737094837935174,833,2.2581621678873374,0.2674,0.9964715988146124,0.08335120013236645,,,0.99,,0.9900107286803723,0.00998927131962768,0,0.09962580170988618,5,0.001,0.1,0.9930010444709763,0.9897958440826697,0.9938135239983621,0.9910204194344475,0.9929977574153532,0.9913184750338461,0.9922851279523369,0.9945831317287667,0.9935541265677539,0.9914803940477387,1.0,0.989063774943111
0,11,2.2020099415141305,0.309,5000,2.261840749669958,0.2653061224489796,833,2.2581621678873374,0.2674,0.9956572209728235,0.08328308040817656,,,0.99,,0.9900107286803723,0.00998927131962768,0,0.09962580170988618,5,0.001,0.1,0.9924025970983429,0.9879202887127905,0.9877812350054966,0.9889191530533376,0.9940445473961406,0.993378393895462,0.9937925102012947,0.9902213582702528,0.9916973436197268,0.9939564519736833,0.989063774943111,1.0
1,0,2.081092821412785,0.42432,5000,2.197654512193468,0.4052757793764988,834,2.203002333260192,0.3766,0.9983777672835559,0.08336532948542719,,,0.99,,0.9900107286803723,0.00998927131962768,0.9670651701638622,0.0998102700913371,5,0.001,0.1,1.0,0.9938593220411085,0.9967754073890098,0.9952933623258502,0.9966661895456955,0.9971180763362031,0.9966927699671375,0.9970902633550772,0.9956926659823471,0.9960114050882348,0.9958850490077178,0.9967041287007588
1,1,2.0895505361496265,0.40488,5000,2.2029050721062555,0.3609112709832134,834,2.203002333260192,0.3766,0.9963559279356625,0.08305525343972324,,,0.99,,0.9900107286803723,0.00998927131962768,0.9670651701638622,0.0998102700913371,5,0.001,0.1,0.9938593220411085,1.0,0.9939297988089734,0.993450145825978,0.9936906305634255,0.9937325133647555,0.9934092521094419,0.9943177857047787,0.9950119456140016,0.9921861025128522,0.9953551369330466,0.9946710870640647
1,2,2.0826287886139694,0.44976,5000,2.2046976177780717,0.3609112709832134,834,2.203002333260192,0.3766,0.9983336529936815,0.08332891075355274,,,0.99,,0.9900107286803723,0.00998927131962768,0.9670651701638622,0.0998102700913371,5,0.001,0.1,0.9967754073890098,0.9939297988089734,1.0,0.9965806641817108,0.9969433422159413,0.9967838882186633,0.994644732312936,0.9968493271173778,0.9963207350357013,0.996494200128211,0.996661259135541,0.9952798906206892
1,3,2.0777064253570168,0.47396,5000,2.203032131548281,0.37410071942446044,834,2.203002333260192,0.3766,0.9980001825944261,0.08328213390138366,,,0.99,,0.9900107286803723,0.00998927131962768,0.9670651701638622,0.0998102700913371,5,0.001,0.1,0.9952933623258502,0.993450145825978,0.9965806641817108,1.0,0.9960243735382925,0.9960318841342035,0.994768019702707,0.9970023921813563,0.9964774808382613,0.9962231634977747,0.9964161774127753,0.9950043149644678
1,4,2.0777970581297662,0.43448,5000,2.205561399459839,0.37815126050420167,833,2.203002333260192,0.3766,0.9985716094396876,0.08343079385045266,,,0.99,,0.9900107286803723,0.00998927131962768,0.9670651701638622,0.0998102700913371,5,0.001,0.1,0.9966661895456955,0.9936906305634255,0.9969433422159413,0.9960243735382925,1.0,0.9970061505790945,0.9964333057470661,0.9962139757297549,0.9964111778070344,0.9977556804478841,0.9961175261156285,0.9968426978868541
1,5,2.0779886769640976,0.43108,5000,2.2007575123398393,0.3697478991596639,833,2.203002333260192,0.3766,0.9985514223634278,0.08338182710044774,,,0.99,,0.9900107286803723,0.00998927131962768,0.9670651701638622,0.0998102700913371,5,0.001,0.1,0.9971180763362031,0.9937325133647555,0.9967838882186633,0.9960318841342035,0.9970061505790945,1.0,0.9969576663900405,0.9960451545939919,0.9960582749874402,0.9975231967325014,0.9955821240979863,0.9970276396898615
1,6,2.0758710267437492,0.4162,5000,2.2105357470335782,0.37214885954381755,833,2.203002333260192,0.3766,0.9980304377714464,0.08336517377382584,,,0.99,,0.9900107286803723,0.00998927131962768,0.9670651701638622,0.0998102700913371,5,0.001,0.1,0.9966927699671375,0.9934092521094419,0.994644732312936,0.994768019702707,0.9964333057470661,0.9969576663900405,1.0,0.9957912884938257,0.9960039074231183,0.9968866306953665,0.9955724791141788,0.9964650497013621
1,7,2.076014613042212,0.43816,5000,2.205759790208605,0.35294117647058826,833,2.203002333260192,0.3766,0.9982876071064003,0.08337292300654552,,,0.99,,0.9900107286803723,0.00998927131962768,0.9670651701638622,0.0998102700913371,5,0.001,0.1,0.9970902633550772,0.9943177857047787,0.9968493271173778,0.9970023921813563,0.9962139757297549,0.9960451545939919,0.9957912884938257,1.0,0.9961263681271644,0.9950300077482718,0.9974880449249693,0.9947582027493433
1,8,2.079865373775458,0.48108,5000,2.2005379553194397,0.39015606242497,833,2.203002333260192,0.3766,0.998305630257691,0.08338709339937084,,,0.99,,0.9900107286803723,0.00998927131962768,0.9670651701638622,0.0998102700913371,5,0.001,0.1,0.9956926659823471,0.9950119456140016,0.9963207350357013,0.9964774808382613,0.9964111778070344,0.9960582749874402,0.9960039074231183,0.9961263681271644,1.0,0.9969273093781087,0.9960141421548355,0.9958854480029576
1,9,2.079244159437289,0.46612,5000,2.209012614356147,0.3997599039615846,833,2.203002333260192,0.3766,0.9982848534839746,0.08338633633144334,,,0.99,,0.9900107286803723,0.00998927131962768,0.9670651701638622,0.0998102700913371,5,0.001,0.1,0.9960114050882348,0.9921861025128522,0.996494200128211,0.9962231634977747,0.9977556804478841,0.9975231967325014,0.9968866306953665,0.9950300077482718,0.9969273093781087,1.0,0.9947267106777403,0.9969014858828
1,10,2.0775269655665016,0.45652,5000,2.202113072077433,0.3877551020408163,833,2.203002333260192,0.3766,0.9980735043827447,0.0833433745491946,,,0.99,,0.9900107286803723,0.00998927131962768,0.9670651701638622,0.0998102700913371,5,0.001,0.1,0.9958850490077178,0.9953551369330466,0.996661259135541,0.9964161774127753,0.9961175261156285,0.9955821240979863,0.9955724791141788,0.9974880449249693,0.9960141421548355,0.9947267106777403,1.0,0.9943361042661603
1,11,2.080493618728249,0.41448,5000,2.2064533498552112,0.3673469387755102,833,2.203002333260192,0.3766,0.9980504993532371,0.08330085040863246,,,0.99,,0.9900107286803723,0.00998927131962768,0.9670651701638622,0.0998102700913371,5,0.001,0.1,0.9967041287007588,0.9946710870640647,0.9952798906206892,0.9950043149644678,0.9968426978868541,0.9970276396898615,0.9964650497013621,0.9947582027493433,0.9958854480029576,0.9969014858828,0.9943361042661603,1.0
2,0,1.9210604499100121,0.49936,5000,2.1294570145783602,0.4712230215827338,834,2.136204099502807,0.4489,0.9987727542815393,0.08335435410392988,,,0.99,,0.9900107286803723,0.00998927131962768,0.9872866466455948,0.09987295688578407,5,0.001,0.1,1.0,0.9961903109565318,0.9978405749184694,0.9968871642389083,0.9972513150505378,0.9977836167909461,0.997711106816585,0.9977631726333476,0.9969156575850915,0.9973031314998382,0.9969148680558877,0.9974807812869438
2,1,1.9334867463749685,0.48824,5000,2.1361335206914833,0.4352517985611511,834,2.136204099502807,0.4489,0.9980114913676024,0.0831396450199498,,,0.99,,0.9900107286803723,0.00998927131962768,0.9872866466455948,0.09987295688578407,5,0.001,0.1,0.9961903109565318,1.0,0.9966527954304077,0.996300309246488,0.9962937690768221,0.9966131191682359,0.9962771590835231,0.9964217327228595,0.996771723754252,0.9956700695844252,0.9967915429256414,0.9969532974274261
2,2,1.9237169821550892,0.52096,5000,2.1385797218040183,0.42565947242206237,834,2.136204099502807,0.4489,0.9990036560269308,0.08333947407016828,,,0.99,,0.9900107286803723,0.00998927131962768,0.9872866466455948,0.09987295688578407,5,0.001,0.1,0.9978405749184694,0.9966527954304077,1.0,0.9978432314880771,0.9978501056368368,0.9979088276422242,0.9966079663635931,0.9977934484708619,0.9974759715136147,0.9978500865145782,0.9977525124126521,0.9972352833275012
2,3,1.9165188573727943,0.53032,5000,2.1351909107632108,0.44244604316546765,834,2.136204099502807,0.4489,0.9986941265800814,0.08330080054369611,,,0.99,,0.9900107286803723,0.00998927131962768,0.9872866466455948,0.09987295688578407,5,0.001,0.1,0.9968871642389083,0.996300309246488,0.9978432314880771,1.0,0.997234519002138,0.9972749821935472,0.9964637884597684,0.9978128060426126,0.997628108978648,0.9974996980866526,0.9973222708983246,0.9968358465420288
2,4,1.9156556609329904,0.5082,5000,2.1402459939320884,0.46338535414165666,833,2.136204099502807,0.4489,0.9988842818498842,0.08339809660317549,,,0.99,,0.9900107286803723,0.00998927131962768,0.9872866466455948,0.09987295688578407,5,0.001,0.1,0.9972513150505378,0.9962937690768221,0.9978501056368368,0.997234519002138,1.0,0.9979256247629811,0.9973239875366467,0.9972719748573962,0.9971879159159838,0.9982398865467413,0.9972243123770096,0.9975728462065588
2,5,1.9182186749330752,0.50308,5000,2.133468407171744,0.45018007202881155,833,2.136204099502807,0.4489,0.9990340042286117,0.08337290208607984,,,0.99,,0.9900107286803723,0.00998927131962768,0.9872866466455948,0.09987295688578407,5,0.001,0.1,0.9977836167909461,0.9966131191682359,0.9979088276422242,0.9972749821935472,0.9979256247629811,1.0,0.9978965181753274,0.9975234423964057,0.9970895744104185,0.9979897792183114,0.9971743264526886,0.9979929938109958
2,6,1.9125864413133853,0.495,5000,2.144587092929416,0.4429771908763505,833,2.136204099502807,0.4489,0.9986761912527686,0.08335114215153945,,,0.99,,0.9900107286803723,0.00998927131962768,0.9872866466455948,0.09987295688578407,5,0.001,0.1,0.997711106816585,0.9962771590835231,0.9966079663635931,0.9964637884597684,0.9973239875366467,0.9978965181753274,1.0,0.9972141364455693,0.9972783174504247,0.9978751204153982,0.9966817248558707,0.9975541280078912
2,7,1.9135344907736322,0.50572,5000,2.139673859984786,0.4309723889555822,833,2.136204099502807,0.4489,0.9987979191431153,0.08335982265701748,,,0.99,,0.9900107286803723,0.00998927131962768,0.9872866466455948,0.09987295688578407,5,0.001,0.1,0.9977631726333476,0.9964217327228595,0.9977934484708619,0.9978128060426126,0.9972719748573962,0.9975234423964057,0.9972141364455693,1.0,0.9973412137465052,0.996593920043217,0.9979936214704641,0.9966149869866157
2,8,1.9171715765242363,0.54208,5000,2.1343984603881836,0.44657863145258103,833,2.136204099502807,0.4489,0.9987239115826032,0.08336612349496898,,,0.99,,0.9900107286803723,0.00998927131962768,0.9872866466455948,0.09987295688578407,5,0.001,0.1,0.9969156575850915,0.996771723754252,0.9974759715136147,0.997628108978648,0.9971879159159838,0.9970895744104185,0.9972783174504247,0.9973412137465052,1.0,0.997697380464204,0.9969466902956321,0.9971257999974168
2,9,1.9176769973366123,0.53484,5000,2.1463029561219393,0.468187274909964,833,2.136204099502807,0.4489,0.9988582784759512,0.08336999580614929,,,0.99,,0.9900107286803723,0.00998927131962768,0.9872866466455948,0.09987295688578407,5,0.001,0.1,0.9973031314998382,0.9956700695844252,0.9978500865145782,0.9974996980866526,0.9982398865467413,0.9979897792183114,0.9978751204153982,0.996593920043217,0.997697380464204,1.0,0.9964947522914638,0.9978497302353398
2,10,1.9144529694964172,0.51476,5000,2.1347675500092684,0.4717887154861945,833,2.136204099502807,0.4489,0.9985677909311761,0.08333427625619086,,,0.99,,0.9900107286803723,0.00998927131962768,0.9872866466455948,0.09987295688578407,5,0.001,0.1,0.9969148680558877,0.9967915429256414,0.9977525124126521,0.9973222708983246,0.9972243123770096,0.9971743264526886,0.9966817248558707,0.9979936214704641,0.9969466902956321,0.9964947522914638,1.0,0.9962924249646226
2,11,1.9209247086458145,0.48524,5000,2.139346440633138,0.4381752701080432,833,2.136204099502807,0.4489,0.9987278878961574,0.08331336720713473,,,0.99,,0.9900107286803723,0.00998927131962768,0.9872866466455948,0.09987295688578407,5,0.001,0.1,0.9974807812869438,0.9969532974274261,0.9972352833275012,0.9968358465420288,0.9975728462065588,0.9979929938109958,0.9975541280078912,0.9966149869866157,0.9971257999974168,0.9978497302353398,0.9962924249646226,1.0
3,0,1.7528138974669634,0.56136,5000,2.0476522269072355,0.5347721822541966,834,2.056091533682217,0.5184,0.9988813093759461,0.08334587422755177,,,0.99,,0.9900107286803723,0.00998927131962768,0.9942820388150875,0.09988921842036388,5,0.001,0.1,1.0,0.9967475179346948,0.9982495705733948,0.997391128485172,0.9973209732750301,0.9979418828489174,0.9978605158815842,0.9977827889461507,0.9972636855170484,0.9975374222405008,0.9974521459487328,0.9977469924103332
3,1,1.7657633016823204,0.5508,5000,2.0561318662431507,0.5035971223021583,834,2.056091533682217,0.5184,0.9983325946234561,0.08319651380627374,,,0.99,,0.9900107286803723,0.00998927131962768,0.9942820388150875,0.09988921842036388,5,0.001,0.1,0.9967475179346948,1.0,0.9972607845850644,0.9969421992383463,0.9965728929378698,0.9971380217891623,0.9970074222328996,0.9967931979343116,0.9971121140292263,0.9966726790611223,0.9971727912523981,0.9973077953087176
3,2,1.7563506843178136,0.56308,5000,2.059363104678966,0.49640287769784175,834,2.056091533682217,0.5184,0.9991851247687903,0.0833465549953589,,,0.99,,0.9900107286803723,0.00998927131962768,0.9942820388150875,0.09988921842036388,5,0.001,0.1,0.9982495705733948,0.9972607845850644,1.0,0.9982516897106002,0.9979359473034024,0.9982478476169347,0.9973658007386457,0.9977676289186729,0.9977074999301574,0.9984389348308763,0.9980035178355683,0.9977078897074159
3,3,1.7449529158841273,0.569,5000,2.0538252812844737,0.5179856115107914,834,2.056091533682217,0.5184,0.9989782895829654,0.08331616673104957,,,0.99,,0.9900107286803723,0.00998927131962768,0.9942820388150875,0.09988921842036388,5,0.001,0.1,0.997391128485172,0.9969421992383463,0.9982516897106002,1.0,0.9976752070641534,0.9976561217236535,0.9970355427394566,0.9980102834309095,0.9979208396809864,0.9980021353984303,0.9979425519188538,0.9976309945952645
3,4,1.7456724586000867,0.56248,5000,2.0614826016955905,0.5342136854741897,833,2.056091533682217,0.5184,0.9988511748951217,0.08337172315207388,,,0.99,,0.9900107286803723,0.00998927131962768,0.9942820388150875,0.09988921842036388,5,0.001,0.1,0.9973209732750301,0.9965728929378698,0.9979359473034024,0.9976752070641534,1.0,0.9979819392842008,0.9973241825261332,0.9975112045967377,0.9971016645657715,0.9983504351814368,0.9975071682877984,0.9976499817028753
3,5,1.750110889240435,0.55672,5000,2.0530484517415366,0.5306122448979592,833,2.056091533682217,0.5184,0.9991134108136138,0.08336473757859408,,,0.99,,0.9900107286803723,0.00998927131962768,0.9942820388150875,0.09988921842036388,5,0.001,0.1,0.9979418828489174,0.9971380217891623,0.9982478476169347,0.9976561217236535,0.9979819392842008,1.0,0.9980481040873204,0.997678189032038,0.9975124652555022,0.9981472826936696,0.9975952036250634,0.9981294539100964
3,6,1.7410569247166823,0.55436,5000,2.065339627089324,0.5054021608643458,833,2.056091533682217,0.5184,0.9988387408365379,0.08334253099909182,,,0.99,,0.9900107286803723,0.00998927131962768,0.9942820388150875,0.09988921842036388,5,0.001,0.1,0.9978605158815842,0.9970074222328996,0.9973658007386457,0.9970355427394566,0.9973241825261332,0.9980481040873204,1.0,0.9974054863832025,0.9976770732589596,0.9980555637210609,0.9972569821532797,0.9977479852449677
3,7,1.7427329693630242,0.55804,5000,2.0602351162168713,0.4957983193277311,833,2.056091533682217,0.5184,0.9988363014009318,0.0833477748663322,,,0.99,,0.9900107286803723,0.00998927131962768,0.9942820388150875,0.09988921842036388,5,0.001,0.1,0.9977827889461507,0.9967931979343116,0.9977676289186729,0.9980102834309095,0.9975112045967377,0.997678189032038,0.9974054863832025,1.0,0.9976057515762095,0.9971629148935561,0.9978863410330197,0.9971515352267206
3,8,1.7460489806096264,0.58756,5000,2.0553164305510343,0.5078031212484994,833,2.056091533682217,0.5184,0.9988283802211138,0.08335138269557407,,,0.99,,0.9900107286803723,0.00998927131962768,0.9942820388150875,0.09988921842036388,5,0.001,0.1,0.9972636855170484,0.9971121140292263,0.9977074999301574,0.9979208396809864,0.9971016645657715,0.9975124652555022,0.9976770732589596,0.9976057515762095,1.0,0.9979070552918163,0.9973546515033729,0.9974983334389189
3,9,1.7494072807822258,0.58156,5000,2.0709333508102983,0.5354141656662665,833,2.056091533682217,0.5184,0.9990895985460865,0.08336218707877151,,,0.99,,0.9900107286803723,0.00998927131962768,0.9942820388150875,0.09988921842036388,5,0.001,0.1,0.9975374222405008,0.9966726790611223,0.9984389348308763,0.9980021353984303,0.9983504351814368,0.9981472826936696,0.9980555637210609,0.9971629148935561,0.9979070552918163,1.0,0.9974477482408346,0.9980678234747346
3,10,1.7434617218697905,0.561,5000,2.0545823265005043,0.539015606242497,833,2.056091533682217,0.5184,0.9988426330800991,0.08333231501240823,,,0.99,,0.9900107286803723,0.00998927131962768,0.9942820388150875,0.09988921842036388,5,0.001,0.1,0.9974521459487328,0.9971727912523981,0.9980035178355683,0.9979425519188538,0.9975071682877984,0.9975952036250634,0.9972569821532797,0.9978863410330197,0.9973546515033729,0.9974477482408346,1.0,0.9972137482066813
3,11,1.7518049510421267,0.54812,5000,2.0590326256222196,0.5198079231692677,833,2.056091533682217,0.5184,0.9989276781521412,0.08332223885692014,,,0.99,,0.9900107286803723,0.00998927131962768,0.9942820388150875,0.09988921842036388,5,0.001,0.1,0.9977469924103332,0.9973077953087176,0.9977078897074159,0.9976309945952645,0.9976499817028753,0.9981294539100964,0.9977479852449677,0.9971515352267206,0.9974983334389189,0.9980678234747346,0.9972137482066813,1.0
4,0,1.5965114522132144,0.60088,5000,1.95193941504867,0.5719424460431655,834,1.9622401322800511,0.5706,0.9988378606529741,0.08333942920758276,,,0.99,,0.9900107286803723,0.00998927131962768,0.9963539863780644,0.09988872985371462,5,0.001,0.1,1.0,0.9965196635651249,0.9980061885969734,0.997387121657219,0.9973521792130174,0.9979151387904511,0.9978576413019233,0.9980348899326811,0.9969686911190613,0.9976521010459928,0.9974202065182941,0.9976017004813647
4,1,1.6103405847670926,0.594,5000,1.9626463386747572,0.5635491606714629,834,1.9622401322800511,0.5706,0.9983577769832754,0.08323235303125709,,,0.99,,0.9900107286803723,0.00998927131962768,0.9963539863780644,0.09988872985371462,5,0.001,0.1,0.9965196635651249,1.0,0.9971611973192578,0.9969057679262301,0.9966378631918192,0.9970833243989383,0.9971050679655136,0.9969100598991893,0.9971109359171602,0.9971074994951157,0.9971093186929447,0.9973175394770883
4,2,1.602897300993561,0.59504,5000,1.9667664810463235,0.5611510791366906,834,1.9622401322800511,0.5706,0.9990930943205565,0.08334808352427071,,,0.99,,0.9900107286803723,0.00998927131962768,0.9963539863780644,0.09988872985371462,5,0.001,0.1,0.9980061885969734,0.9971611973192578,1.0,0.998178535434808,0.9975155245046653,0.998134708088946,0.9974690539878065,0.997776842381439,0.997368723861526,0.998505609353937,0.997924311231538,0.9977349949042076
4,3,1.5903230618519388,0.602,5000,1.9585670365227594,0.5707434052757794,834,1.9622401322800511,0.5706,0.9989861037119052,0.08332599763574784,,,0.99,,0.9900107286803723,0.00998927131962768,0.9963539863780644,0.09988872985371462,5,0.001,0.1,0.997387121657219,0.9969057679262301,0.998178535434808,1.0,0.9975566631671917,0.9977450075822183,0.9971585251618906,0.9982161625702286,0.9977646482087618,0.9980709156806414,0.9978297911929914,0.9976805728003109
4,4,1.5906113182663157,0.609,5000,1.9688036662560922,0.5978391356542617,833,1.9622401322800511,0.5706,0.9987296187524058,0.08335178574508763,,,0.99,,0.9900107286803723,0.00998927131962768,0.9963539863780644,0.09988872985371462,5,0.001,0.1,0.9973521792130174,0.9966378631918192,0.9975155245046653,0.9975566631671917,1.0,0.99780175950272,0.9973070841334188,0.9972416055849069,0.996950574307643,0.998052021017104,0.9973198972025589,0.9976824940150337
4,5,1.5963885182787658,0.60008,5000,1.959175909007037,0.5846338535414166,833,1.9622401322800511,0.5706,0.9990854059097218,0.0833589843704008,,,0.99,,0.9900107286803723,0.00998927131962768,0.9963539863780644,0.09988872985371462,5,0.001,0.1,0.9979151387904511,0.9970833243989383,0.998134708088946,0.9977450075822183,0.99780175950272,1.0,0.9979281547347038,0.9978608670523025,0.9974403140792893,0.9981718093241762,0.9976803549726643,0.9979214066634055
4,6,1.585588697794896,0.59664,5000,1.9722545235245317,0.5594237695078031,833,1.9622401322800511,0.5706,0.9988809657461324,0.08333877033514638,,,0.99,,0.9900107286803723,0.00998927131962768,0.9963539863780644,0.09988872985371462,5,0.001,0.1,0.9978576413019233,0.9971050679655136,0.9974690539878065,0.9971585251618906,0.9973070841334188,0.9979281547347038,1.0,0.9978870444054522,0.9975482490254266,0.9980146668419165,0.9973563404755248,0.9976012550705198
4,7,1.587588868930841,0.59744,5000,1.9670548924693354,0.5498199279711885,833,1.9622401322800511,0.5706,0.9989891909365588,0.08334547834289695,,,0.99,,0.9900107286803723,0.00998927131962768,0.9963539863780644,0.09988872985371462,5,0.001,0.1,0.9980348899326811,0.9969100598991893,0.997776842381439,0.9982161625702286,0.9972416055849069,0.9978608670523025,0.9978870444054522,1.0,0.9977114758974606,0.997570069685253,0.9979473406152817,0.9973738226757356
4,8,1.5890407897864178,0.62092,5000,1.9628259076012506,0.5570228091236494,833,1.9622401322800511,0.5706,0.9987296936078969,0.08333931605714551,,,0.99,,0.9900107286803723,0.00998927131962768,0.9963539863780644,0.09988872985371462,5,0.001,0.1,0.9969686911190613,0.9971109359171602,0.997368723861526,0.9977646482087618,0.996950574307643,0.9974403140792893,0.9975482490254266,0.9977114758974606,1.0,0.9978496954242458,0.9972749650670746,0.997431999770857
4,9,1.5939596331802903,0.61336,5000,1.9820902524171051,0.5822328931572629,833,1.9622401322800511,0.5706,0.9991648890281284,0.08335998556365073,,,0.99,,0.9900107286803723,0.00998927131962768,0.9963539863780644,0.09988872985371462,5,0.001,0.1,0.9976521010459928,0.9971074994951157,0.998505609353937,0.9980709156806414,0.998052021017104,0.9981718093241762,0.9980146668419165,0.997570069685253,0.9978496954242458,1.0,0.9975757424920426,0.9980654500332823
4,10,1.5875522527725074,0.59572,5000,1.9613124617823847,0.5870348139255702,833,1.9622401322800511,0.5706,0.9988556058653217,0.083331687812534,,,0.99,,0.9900107286803723,0.00998927131962768,0.9963539863780644,0.09988872985371462,5,0.001,0.1,0.9974202065182941,0.9971093186929447,0.997924311231538,0.9978297911929914,0.9973198972025589,0.9976803549726643,0.9973563404755248,0.9979473406152817,0.9972749650670746,0.9975757424920426,1.0,0.9974915704507539
4,11,1.5983515151746714,0.58996,5000,1.9650960189324838,0.5618247298919568,833,1.9622401322800511,0.5706,0.9989367577630212,0.08332812837427966,,,0.99,,0.9900107286803723,0.00998927131962768,0.9963539863780644,0.09988872985371462,5,0.001,0.1,0.9976017004813647,0.9973175394770883,0.9977349949042076,0.9976805728003109,0.9976824940150337,0.9979214066634055,0.9976012550705198,0.9973738226757356,0.997431999770857,0.9980654500332823,0.9974915704507539,1.0
5,0,1.4605577318531693,0.62528,5000,1.8439178157735754,0.6199040767386091,834,1.8559507371518558,0.6052,0.9986958615151557,0.08333287193255634,,,0.99,,0.9900107286803723,0.00998927131962768,0.996965365138334,0.0998826018163656,5,0.001,0.1,1.0,0.9963696906804141,0.9979889190881335,0.997097903528979,0.9974507651817963,0.9976960233911345,0.9976768166100836,0.9976756343187793,0.9967019420301961,0.997198461599609,0.997094777664691,0.997328749450068
5,1,1.4764067068980757,0.62184,5000,1.8568672824788977,0.5899280575539568,834,1.8559507371518558,0.6052,0.9982771940221804,0.0832537032167181,,,0.99,,0.9900107286803723,0.00998927131962768,0.996965365138334,0.0998826018163656,5,0.001,0.1,0.9963696906804141,1.0,0.9973331916117176,0.9966466636689555,0.9966731197463857,0.9969975820800376,0.9971403580237798,0.996505845772223,0.9970013003613312,0.9966794836337569,0.9967391325973809,0.9971806649905078
5,2,1.468567310928539,0.61988,5000,1.8620685074064467,0.6103117505995204,834,1.8559507371518558,0.6052,0.9991917303249893,0.08335418164362782,,,0.99,,0.9900107286803723,0.00998927131962768,0.996965365138334,0.0998826018163656,5,0.001,0.1,0.9979889190881335,0.9973331916117176,1.0,0.9980185409768794,0.9979969948168327,0.998218315767866,0.9976063507543859,0.997640532867953,0.9974052086450896,0.9983131703346042,0.9978739363371879,0.9978283705390393
5,3,1.4542033348873162,0.6234,5000,1.8505461878246732,0.6091127098321343,834,1.8559507371518558,0.6052,0.9988962323520219,0.08333110245007602,,,0.99,,0.9900107286803723,0.00998927131962768,0.996965365138334,0.0998826018163656,5,0.001,0.1,0.997097903528979,0.9966466636689555,0.9980185409768794,1.0,0.9979593913326298,0.9977369631397099,0.9969579704893919,0.9978222123729046,0.997520758179679,0.9978638840636842,0.9975405326834971,0.9975169385634725
5,4,1.4556380643206797,0.63384,5000,1.8634723689821031,0.6326530612244898,833,1.8559507371518558,0.6052,0.998908548830938,0.08334731273816606,,,0.99,,0.9900107286803723,0.00998927131962768,0.996965365138334,0.0998826018163656,5,0.001,0.1,0.9974507651817963,0.9966731197463857,0.9979969948168327,0.9979593913326298,1.0,0.9980118228787205,0.9973838788626513,0.9972732196261592,0.9969941837308779,0.9981892805029677,0.9975169297427298,0.9973790673617836
5,5,1.4629123531329404,0.62872,5000,1.853025480552956,0.6218487394957983,833,1.8559507371518558,0.6052,0.9990512170521024,0.08335633109800243,,,0.99,,0.9900107286803723,0.00998927131962768,0.996965365138334,0.0998826018163656,5,0.001,0.1,0.9976960233911345,0.9969975820800376,0.998218315767866,0.9977369631397099,0.9980118228787205,1.0,0.9976827037698184,0.9977316118497086,0.997245001136737,0.9979289952218457,0.9975967352803287,0.9976930529995103
5,6,1.449940749186619,0.62504,5000,1.8665918950681333,0.5942376950780313,833,1.8559507371518558,0.6052,0.9988633214104061,0.0833378723120887,,,0.99,,0.9900107286803723,0.00998927131962768,0.996965365138334,0.0998826018163656,5,0.001,0.1,0.9976768166100836,0.9971403580237798,0.9976063507543859,0.9969579704893919,0.9973838788626513,0.9976827037698184,1.0,0.9978348643046211,0.9974313124097518,0.9977377562675855,0.9972566184248318,0.9975790105058335
5,7,1.4522476716406028,0.62292,5000,1.8613675435384114,0.5834333733493398,833,1.8559507371518558,0.6052,0.99883267220569,0.08334099640742897,,,0.99,,0.9900107286803723,0.00998927131962768,0.996965365138334,0.0998826018163656,5,0.001,0.1,0.9976756343187793,0.996505845772223,0.997640532867953,0.9978222123729046,0.9972732196261592,0.9977316118497086,0.9978348643046211,1.0,0.9975543687572557,0.9972445735939582,0.9975056151273564,0.9971310659169936
5,8,1.4520341811666064,0.63996,5000,1.858333464022036,0.5822328931572629,833,1.8559507371518558,0.6052,0.9986416015288383,0.08333105143280596,,,0.99,,0.9900107286803723,0.00998927131962768,0.996965365138334,0.0998826018163656,5,0.001,0.1,0.9967019420301961,0.9970013003613312,0.9974052086450896,0.997520758179679,0.9969941837308779,0.997245001136737,0.9974313124097518,0.9975543687572557,1.0,0.9974132597648271,0.9970990618886781,0.9972640425275167
5,9,1.4589667470591843,0.62996,5000,1.8810869631943878,0.6038415366146459,833,1.8559507371518558,0.6052,0.9989697160708291,0.08335431475231579,,,0.99,,0.9900107286803723,0.00998927131962768,0.996965365138334,0.0998826018163656,5,0.001,0.1,0.997198461599609,0.9966794836337569,0.9983131703346042,0.9978638840636842,0.9981892805029677,0.9979289952218457,0.9977377562675855,0.9972445735939582,0.9974132597648271,1.0,0.997428173574754,0.9975645304746665
5,10,1.451681904580183,0.62532,5000,1.8559043054227475,0.6158463385354142,833,1.8559507371518558,0.6052,0.9987579026229059,0.08333012728528459,,,0.99,,0.9900107286803723,0.00998927131962768,0.996965365138334,0.0998826018163656,5,0.001,0.1,0.997094777664691,0.9967391325973809,0.9978739363371879,0.9975405326834971,0.9975169297427298,0.9975967352803287,0.9972566184248318,0.9975056151273564,0.9970990618886781,0.997428173574754,1.0,0.997372535403988
5,11,1.4641289794520966,0.62324,5000,1.8588149150212605,0.5990396158463386,833,1.8559507371518558,0.6052,0.9988257626598281,0.08333013473092929,,,0.99,,0.9900107286803723,0.00998927131962768,0.996965365138334,0.0998826018163656,5,0.001,0.1,0.997328749450068,0.9971806649905078,0.9978283705390393,0.9975169385634725,0.9973790673617836,0.9976930529995103,0.9975790105058335,0.9971310659169936,0.9972640425275167,0.9975645304746665,0.997372535403988,1.0
6,0,1.3440609126333978,0.64132,5000,1.7261344503473353,0.645083932853717,834,1.739688602880167,0.6256,0.9985334163626821,0.08332964239835344,,,0.99,,0.9900107286803723,0.00998927131962768,0.9972345713262659,0.0998639053649383,5,0.001,0.1,1.0,0.9958783570448575,0.9975677048251617,0.9966275612655111,0.9969555140047158,0.9972884800338944,0.9973151356432698,0.9974615135759543,0.9961469008094443,0.9967973695627191,0.9968984401928525,0.9971556201858481
6,1,1.3609428327554352,0.64152,5000,1.741277120731495,0.6163069544364509,834,1.739688602880167,0.6256,0.9979866493166704,0.08326344711636731,,,0.99,,0.9900107286803723,0.00998927131962768,0.9972345713262659,0.0998639053649383,5,0.001,0.1,0.9958783570448575,1.0,0.9970497353899332,0.9961647994833266,0.9960351376662022,0.9966087070545679,0.9965634537251363,0.9961867796089005,0.9962226409770313,0.9960865649019155,0.9962890086947829,0.9964598008481169
6,2,1.3538952543477345,0.63636,5000,1.7478211367571796,0.6306954436450839,834,1.739688602880167,0.6256,0.9990304443401717,0.08335875168537829,,,0.99,,0.9900107286803723,0.00998927131962768,0.9972345713262659,0.0998639053649383,5,0.001,0.1,0.9975677048251617,0.9970497353899332,1.0,0.9977862944620234,0.9974611477892916,0.9979436635708634,0.9972278795222416,0.9971915041281175,0.9967512552645997,0.9980371986599391,0.9975503468608986,0.9974821190552082
6,3,1.3374121737328304,0.64136,5000,1.7321438215397023,0.6235011990407674,834,1.739688602880167,0.6256,0.9987229965280482,0.08333467601792777,,,0.99,,0.9900107286803723,0.00998927131962768,0.9972345713262659,0.0998639053649383,5,0.001,0.1,0.9966275612655111,0.9961647994833266,0.9977862944620234,1.0,0.9973781761517542,0.9976455294549089,0.9967182496886108,0.9975757231753062,0.9969427593960071,0.9973443223833709,0.9970582971786838,0.9971227815880411
6,4,1.3396844601934883,0.64908,5000,1.747778645268193,0.6434573829531812,833,1.739688602880167,0.6256,0.9986405643744063,0.08334195608945869,,,0.99,,0.9900107286803723,0.00998927131962768,0.9972345713262659,0.0998639053649383,5,0.001,0.1,0.9969555140047158,0.9960351376662022,0.9974611477892916,0.9973781761517542,1.0,0.9975365322803682,0.9969349001262999,0.9967431211784269,0.9963981757643734,0.9977421613158252,0.9970713596389477,0.9971198585634558
6,5,1.3470425826728725,0.64628,5000,1.737081598352503,0.6470588235294118,833,1.739688602880167,0.6256,0.9989134671041423,0.08335629433905434,,,0.99,,0.9900107286803723,0.00998927131962768,0.9972345713262659,0.0998639053649383,5,0.001,0.1,0.9972884800338944,0.9966087070545679,0.9979436635708634,0.9976455294549089,0.9975365322803682,1.0,0.9973171486825607,0.9973223045314026,0.9967639833829315,0.9975743556508692,0.9973086277407721,0.9973372935167405
6,6,1.3335822283842003,0.64616,5000,1.7507227350164343,0.6194477791116446,833,1.739688602880167,0.6256,0.9986911822624126,0.08333780066773644,,,0.99,,0.9900107286803723,0.00998927131962768,0.9972345713262659,0.0998639053649383,5,0.001,0.1,0.9973151356432698,0.9965634537251363,0.9972278795222416,0.9967182496886108,0.9969349001262999,0.9973171486825607,1.0,0.9975252323040258,0.9969662768034467,0.9974808877039709,0.9969135783765558,0.9970208845908107
6,7,1.3357789609082944,0.6438,5000,1.7456341716978285,0.6086434573829532,833,1.739688602880167,0.6256,0.998704494247699,0.08334014609038018,,,0.99,,0.9900107286803723,0.00998927131962768,0.9972345713262659,0.0998639053649383,5,0.001,0.1,0.9974615135759543,0.9961867796089005,0.9971915041281175,0.9975757231753062,0.9967431211784269,0.9973223045314026,0.9975252323040258,1.0,0.9971814398649277,0.9968295436662036,0.9970936160948536,0.9970321641256457
6,8,1.3337784833968824,0.65824,5000,1.7443502434977778,0.6014405762304922,833,1.739688602880167,0.6256,0.9983236002158485,0.08332175418959484,,,0.99,,0.9900107286803723,0.00998927131962768,0.9972345713262659,0.0998639053649383,5,0.001,0.1,0.9961469008094443,0.9962226409770313,0.9967512552645997,0.9969427593960071,0.9963981757643734,0.9967639833829315,0.9969662768034467,0.9971814398649277,1.0,0.9970354956439752,0.9965841321303821,0.9965859836877172
6,9,1.343255891769555,0.64584,5000,1.7701904597105804,0.6242496998799519,833,1.739688602880167,0.6256,0.998817580669202,0.08335196312163531,,,0.99,,0.9900107286803723,0.00998927131962768,0.9972345713262659,0.0998639053649383,5,0.001,0.1,0.9967973695627191,0.9960865649019155,0.9980371986599391,0.9973443223833709,0.9977421613158252,0.9975743556508692,0.9974808877039709,0.9968295436662036,0.9970354956439752,1.0,0.9971108095301293,0.9974583770887417
6,10,1.3376057391713378,0.64152,5000,1.7411771880255804,0.6350540216086434,833,1.739688602880167,0.6256,0.9986144442662243,0.08333057448958563,,,0.99,,0.9900107286803723,0.00998927131962768,0.9972345713262659,0.0998639053649383,5,0.001,0.1,0.9968984401928525,0.9962890086947829,0.9975503468608986,0.9970582971786838,0.9970713596389477,0.9973086277407721,0.9969135783765558,0.9970936160948536,0.9965841321303821,0.9971108095301293,1.0,0.997185867218718
6,11,1.3500566111248768,0.6408,5000,1.7427811401861686,0.6122448979591837,833,1.739688602880167,0.6256,0.9986892617403379,0.08333299379452777,,,0.99,,0.9900107286803723,0.00998927131962768,0.9972345713262659,0.0998639053649383,5,0.001,0.1,0.9971556201858481,0.9964598008481169,0.9974821190552082,0.9971227815880411,0.9971198585634558,0.9973372935167405,0.9970208845908107,0.9970321641256457,0.9965859836877172,0.9974583770887417,0.997185867218718,1.0
7,0,1.2458133891889245,0.65544,5000,1.6014787444361933,0.658273381294964,834,1.6165154814339293,0.6436,0.9982910272106854,0.08332651702257797,,,0.99,,0.9900107286803723,0.00998927131962768,0.9977184371042672,0.09984321387911473,5,0.001,0.1,1.0,0.9952030628611737,0.9973721701648214,0.9962464174834841,0.9962096219633687,0.9968530606979306,0.9968865177659908,0.9968178324020405,0.995534368180573,0.9965820447114533,0.9962416108407729,0.9967620800900494
7,1,1.261966741920277,0.65272,5000,1.6187352383578266,0.6378896882494005,834,1.6165154814339293,0.6436,0.9978074297992688,0.08327031169106662,,,0.99,,0.9900107286803723,0.00998927131962768,0.9977184371042672,0.09984321387911473,5,0.001,0.1,0.9952030628611737,1.0,0.9966847172661459,0.9958635241541066,0.9954366887039022,0.9961157932525948,0.99626468312917,0.9954821646647807,0.9959966010258806,0.9961837832813537,0.9957546854080406,0.9959335983772104
7,2,1.254306037714527,0.6478,5000,1.6269451247321234,0.6498800959232613,834,1.6165154814339293,0.6436,0.9988680360374957,0.08336299352543378,,,0.99,,0.9900107286803723,0.00998927131962768,0.9977184371042672,0.09984321387911473,5,0.001,0.1,0.9973721701648214,0.9966847172661459,1.0,0.9974127046752979,0.9970212229461243,0.9975396467676435,0.9968564393314778,0.9966574712292439,0.9962644889384253,0.9976940103347091,0.9970596930839115,0.997059401029154
