round,client_id,client_i_training_loss,client_i_training_accuracy,client_i_training_dataset_size,client_i_evaluation_loss,client_i_evaluation_accuracy,client_i_evaluation_dataset_size,client_i_central_evaluation_loss,client_i_central_evaluation_accuracy,client_i_cosine_similarity,client_i_importance_coefficient,client_i_tanh_val,tanh_normalization_value,client_i_q,client_i_mask_order,client_i_v_nonzero_fraction,client_i_v_sparsity,client_i_v_cosine_similarity,client_i_reward_gradient_norm,local_epochs,learning_rate,gamma,client_0_cosine_similarity,client_1_cosine_similarity,client_2_cosine_similarity,client_3_cosine_similarity,client_4_cosine_similarity,client_5_cosine_similarity,client_6_cosine_similarity,client_7_cosine_similarity,client_8_cosine_similarity,client_9_cosine_similarity,client_10_cosine_similarity,client_11_cosine_similarity
0,0,2.189812426961911,0.27228,5000,2.2665437769006798,0.19424460431654678,834,2.2699412438816156,0.1888,0.9970070513488619,0.0834061255171293,,,0.98,,0.9800166246218381,0.01998337537816186,0,0.09961368234916555,5,0.001,0.1,1.0,0.9925119814762481,0.992371769059972,0.9877655403796033,0.9937505394318024,0.9946847105666299,0.993222308128017,0.9933298697194607,0.99370650966098,0.9952335053687655,0.9860563470490066,0.9952333142997328
0,1,2.18674627944922,0.31664,5000,2.2620701260036893,0.19664268585131894,834,2.2699412438816156,0.1888,0.997485299649013,0.08344613409850972,,,0.98,,0.9800166246218381,0.01998337537816186,0,0.09961368234916555,5,0.001,0.1,0.9925119814762481,1.0,0.9954442349718137,0.9845472877456005,0.9922802207973727,0.9905800664303834,0.9949590533116066,0.995815142158577,0.9933215094990978,0.9954878680913254,0.9940551898401324,0.994580650760629
0,2,2.187679577177497,0.30392,5000,2.2719578831284135,0.17386091127098321,834,2.2699412438816156,0.1888,0.9972563156280989,0.08342697809558683,,,0.98,,0.9800166246218381,0.01998337537816186,0,0.09961368234916555,5,0.001,0.1,0.992371769059972,0.9954442349718137,1.0,0.9839960115151067,0.9935634558243946,0.9902833518811994,0.9970255924243645,0.9937533992526525,0.9924622709077032,0.9945314374220628,0.9933240635802271,0.9940904242498692
0,3,2.184720544602461,0.25816,5000,2.265287231515955,0.2026378896882494,834,2.2699412438816156,0.1888,0.9896863340053991,0.0827936998890475,,,0.98,,0.9800166246218381,0.01998337537816186,0,0.09961368234916555,5,0.001,0.1,0.9877655403796033,0.9845472877456005,0.9839960115151067,1.0,0.9865964578552472,0.9814530829830389,0.9837681053590054,0.9865143797804026,0.9864756135911734,0.9840555409081188,0.9804547231523097,0.9847304105489267
0,4,2.1883024287071957,0.30028,5000,2.273267525213736,0.16926770708283315,833,2.2699412438816156,0.1888,0.9969893869152983,0.08340464777235206,,,0.98,,0.9800166246218381,0.01998337537816186,0,0.09961368234916555,5,0.001,0.1,0.9937505394318024,0.9922802207973727,0.9935634558243946,0.9865964578552472,1.0,0.9931913590816956,0.994061908101852,0.9926429392279178,0.9932888904110004,0.9945716476809439,0.9891133468535551,0.9945944750443647
0,5,2.1881674679980914,0.27608,5000,2.2641285083912037,0.19567827130852342,833,2.2699412438816156,0.1888,0.9948550855401193,0.0832260995783862,,,0.98,,0.9800166246218381,0.01998337537816186,0,0.09961368234916555,5,0.001,0.1,0.9946847105666299,0.9905800664303834,0.9902833518811994,0.9814530829830389,0.9931913590816956,1.0,0.9918547580306799,0.9908538353217188,0.9898631792301474,0.9941566763553511,0.9829128674877141,0.9923086759661325
0,6,2.189760651102491,0.301,5000,2.2697091102600098,0.17647058823529413,833,2.2699412438816156,0.1888,0.9972716304185528,0.08342825927743318,,,0.98,,0.9800166246218381,0.01998337537816186,0,0.09961368234916555,5,0.001,0.1,0.993222308128017,0.9949590533116066,0.9970255924243645,0.9837681053590054,0.994061908101852,0.9918547580306799,1.0,0.9925904911473119,0.9925911379159573,0.9946253441737268,0.9920309735808054,0.9942994058950233
0,7,2.1850596916903355,0.30444,5000,2.2718188144542553,0.20048019207683074,833,2.2699412438816156,0.1888,0.9972277239508639,0.08342458621579323,,,0.98,,0.9800166246218381,0.01998337537816186,0,0.09961368234916555,5,0.001,0.1,0.9933298697194607,0.995815142158577,0.9937533992526525,0.9865143797804026,0.9926429392279178,0.9908538353217188,0.9925904911473119,1.0,0.9924106702747737,0.995919094814623,0.9923508695693265,0.9943235457326413
0,8,2.1907653031075838,0.28616,5000,2.2697827551099987,0.18967587034813926,833,2.2699412438816156,0.1888,0.9963996852359776,0.08335531539078408,,,0.98,,0.9800166246218381,0.01998337537816186,0,0.09961368234916555,5,0.001,0.1,0.99370650966098,0.9933215094990978,0.9924622709077032,0.9864756135911734,0.9932888904110004,0.9898631792301474,0.9925911379159573,0.9924106702747737,1.0,0.9936921880588413,0.9892634506532537,0.9935307370087613
0,9,2.1883406856257444,0.30664,5000,2.270659888232196,0.20168067226890757,833,2.2699412438816156,0.1888,0.9979436077345907,0.08348447455122716,,,0.98,,0.9800166246218381,0.01998337537816186,0,0.09961368234916555,5,0.001,0.1,0.9952335053687655,0.9954878680913254,0.9945314374220628,0.9840555409081188,0.9945716476809439,0.9941566763553511,0.9946253441737268,0.995919094814623,0.9936921880588413,1.0,0.9907195714930579,0.9960687811588844
0,10,2.1879910939817977,0.34432,5000,2.265830640439634,0.18247298919567828,833,2.2699412438816156,0.1888,0.9939418058679209,0.08314969779279345,,,0.98,,0.9800166246218381,0.01998337537816186,0,0.09961368234916555,5,0.001,0.1,0.9860563470490066,0.9940551898401324,0.9933240635802271,0.9804547231523097,0.9891133468535551,0.9829128674877141,0.9920309735808054,0.9923508695693265,0.9892634506532537,0.9907195714930579,1.0,0.99094414165609
0,11,2.1922047132139753,0.3008,5000,2.269501465338248,0.18247298919567828,833,2.2699412438816156,0.1888,0.9975791085217873,0.08345398182095727,,,0.98,,0.9800166246218381,0.01998337537816186,0,0.09961368234916555,5,0.001,0.1,0.9952333142997328,0.994580650760629,0.9940904242498692,0.9847304105489267,0.9945944750443647,0.9923086759661325,0.9942994058950233,0.9943235457326413,0.9935307370087613,0.9960687811588844,0.99094414165609,1.0
1,0,1.990457165013453,0.4098,5000,2.2067516644795737,0.27697841726618705,834,2.208516190227228,0.2747,0.9986397647574212,0.08337848640392295,,,0.98,,0.9800166246218381,0.01998337537816186,0.9510476490952305,0.09986241123900871,5,0.001,0.1,1.0,0.9967269831357654,0.9967117993682412,0.9974492205097827,0.9973921022602088,0.9972705262892262,0.9971701616824714,0.9971148993177158,0.996969117418458,0.9976750478672374,0.9949938487108083,0.9977121789602353
1,1,1.9864964397090257,0.42756,5000,2.198222275133486,0.28896882494004794,834,2.208516190227228,0.2747,0.9988952024208706,0.08341126517891972,,,0.98,,0.9800166246218381,0.01998337537816186,0.9510476490952305,0.09986241123900871,5,0.001,0.1,0.9967269831357654,1.0,0.9977150133958588,0.9965104854247235,0.9966594046477082,0.9960698529148466,0.9975123684763239,0.9980475766805974,0.9973470651412075,0.9981874772185378,0.9977723428432181,0.9976923657290108
1,2,1.9867875036919953,0.41544,5000,2.2124134522897227,0.26139088729016785,834,2.208516190227228,0.2747,0.9987841363920686,0.08339593346035867,,,0.98,,0.9800166246218381,0.01998337537816186,0.9510476490952305,0.09986241123900871,5,0.001,0.1,0.9967117993682412,0.9977150133958588,1.0,0.9968735184526918,0.9972051243147457,0.9957742652300183,0.9984514119671423,0.9973999244337395,0.9969636723788043,0.9976479946960848,0.9970834937763023,0.9970858805837145
1,3,1.9764377149047365,0.41472,5000,2.202324946721395,0.29136690647482016,834,2.208516190227228,0.2747,0.998409009924412,0.08299548102347991,,,0.98,,0.9800166246218381,0.01998337537816186,0.9510476490952305,0.09986241123900871,5,0.001,0.1,0.9974492205097827,0.9965104854247235,0.9968735184526918,1.0,0.9975335741328374,0.9961573349798033,0.9966942556910053,0.9972561477065759,0.99722016831886,0.9967411906861564,0.9953802446749302,0.9966262388231163
1,4,1.9859388150986592,0.4266,5000,2.212281765761199,0.25090036014405764,833,2.208516190227228,0.2747,0.9987013619474409,0.08337956827184022,,,0.98,,0.9800166246218381,0.01998337537816186,0.9510476490952305,0.09986241123900871,5,0.001,0.1,0.9973921022602088,0.9966594046477082,0.9972051243147457,0.9975335741328374,1.0,0.9970896126703434,0.9975175953761888,0.9970372798785031,0.9971881870024908,0.9972444955993371,0.9957168934528432,0.9973422037432013
1,5,1.984122315485766,0.41112,5000,2.202953471077813,0.28211284513805523,833,2.208516190227228,0.2747,0.9978410045832037,0.08324230892416903,,,0.98,,0.9800166246218381,0.01998337537816186,0.9510476490952305,0.09986241123900871,5,0.001,0.1,0.9972705262892262,0.9960698529148466,0.9957742652300183,0.9961573349798033,0.9970896126703434,1.0,0.996237376196997,0.9964363288374073,0.9957110583949987,0.9968975235199622,0.9935204465560442,0.9964514817814409
1,6,1.9909227838941441,0.4276,5000,2.2111338067937782,0.24849939975990396,833,2.208516190227228,0.2747,0.9988976222539437,0.08340038190485721,,,0.98,,0.9800166246218381,0.01998337537816186,0.9510476490952305,0.09986241123900871,5,0.001,0.1,0.9971701616824714,0.9975123684763239,0.9984514119671423,0.9966942556910053,0.9975175953761888,0.996237376196997,1.0,0.9974222864588711,0.9971730171603126,0.997694493894876,0.9971328117685867,0.9972649799277722
1,7,1.9771839696130935,0.43648,5000,2.20714247668231,0.2917166866746699,833,2.208516190227228,0.2747,0.9989298486727685,0.08339916958960722,,,0.98,,0.9800166246218381,0.01998337537816186,0.9510476490952305,0.09986241123900871,5,0.001,0.1,0.9971148993177158,0.9980475766805974,0.9973999244337395,0.9972561477065759,0.9970372798785031,0.9964363288374073,0.9974222864588711,1.0,0.9973005393109615,0.9982576811357747,0.9970032722149217,0.9973844189372282
1,8,1.989972069157157,0.42296,5000,2.208236817960386,0.2797118847539016,833,2.208516190227228,0.2747,0.9986085231646779,0.08334631978459188,,,0.98,,0.9800166246218381,0.01998337537816186,0.9510476490952305,0.09986241123900871,5,0.001,0.1,0.996969117418458,0.9973470651412075,0.9969636723788043,0.99722016831886,0.9971881870024908,0.9957110583949987,0.9971730171603126,0.9973005393109615,1.0,0.9974775456652261,0.9963682388460212,0.9970943772020704
1,9,1.9867936018925563,0.42668,5000,2.2084286742740207,0.2773109243697479,833,2.208516190227228,0.2747,0.9991165421532487,0.08344192048801302,,,0.98,,0.9800166246218381,0.01998337537816186,0.9510476490952305,0.09986241123900871,5,0.001,0.1,0.9976750478672374,0.9981874772185378,0.9976479946960848,0.9967411906861564,0.9972444955993371,0.9968975235199622,0.997694493894876,0.9982576811357747,0.9974775456652261,1.0,0.9969229732689895,0.9981444090945601
1,10,1.9884813797701697,0.4482,5000,2.206036920900698,0.290516206482593,833,2.208516190227228,0.2747,0.9978760635082772,0.08319658860043597,,,0.98,,0.9800166246218381,0.01998337537816186,0.9510476490952305,0.09986241123900871,5,0.001,0.1,0.9949938487108083,0.9977723428432181,0.9970834937763023,0.9953802446749302,0.9957168934528432,0.9935204465560442,0.9971328117685867,0.9970032722149217,0.9963682388460212,0.9969229732689895,1.0,0.996140256383728
1,11,1.9936211689262633,0.4292,5000,2.2060665863531606,0.25690276110444177,833,2.208516190227228,0.2747,0.9987867209585178,0.08341257636980418,,,0.98,,0.9800166246218381,0.01998337537816186,0.9510476490952305,0.09986241123900871,5,0.001,0.1,0.9977121789602353,0.9976923657290108,0.9970858805837145,0.9966262388231163,0.9973422037432013,0.9964514817814409,0.9972649799277722,0.9973844189372282,0.9970943772020704,0.9981444090945601,0.996140256383728,1.0
2,0,1.7763420114092008,0.50988,5000,2.128884103563097,0.3872901678657074,834,2.1290599637138197,0.3754,0.9988402912636107,0.08336004964372093,,,0.98,,0.9800166246218381,0.01998337537816186,0.9890312070429713,0.09988704396713736,5,0.001,0.1,1.0,0.9975000292328529,0.9971449788477907,0.997913658138945,0.9976934537460456,0.9973909892695083,0.997491634663447,0.9976550105964532,0.997241901165664,0.9978335679467133,0.9967167331696569,0.9979617559793732
2,1,1.7776950120925903,0.50764,5000,2.1160587381433555,0.38489208633093525,834,2.1290599637138197,0.3754,0.9990746505258898,0.08338771193306418,,,0.98,,0.9800166246218381,0.01998337537816186,0.9890312070429713,0.09988704396713736,5,0.001,0.1,0.9975000292328529,1.0,0.9981355719504276,0.9976786707726725,0.9971503048965759,0.9966898818248519,0.9978603886406598,0.9980749296164142,0.9977486650570848,0.9984685221117846,0.9981867233004817,0.9978569927808248
2,2,1.776420929325614,0.50788,5000,2.134664367746424,0.354916067146283,834,2.1290599637138197,0.3754,0.998884782053716,0.08337218349357678,,,0.98,,0.9800166246218381,0.01998337537816186,0.9890312070429713,0.09988704396713736,5,0.001,0.1,0.9971449788477907,0.9981355719504276,1.0,0.9975996330522726,0.9970642104937197,0.9960852846693922,0.9983508255337992,0.9978612961914433,0.9974795885010187,0.9980803166395734,0.9978406226434543,0.9974322638737256
2,3,1.7576062314829248,0.513,5000,2.1211222807566323,0.3824940047961631,834,2.1290599637138197,0.3754,0.9989322912982909,0.08312817075725455,,,0.98,,0.9800166246218381,0.01998337537816186,0.9890312070429713,0.09988704396713736,5,0.001,0.1,0.997913658138945,0.9976786707726725,0.9975996330522726,1.0,0.9977134136002295,0.9971333543796019,0.9975063647237199,0.9979974671026478,0.9978451816213633,0.9978494614781367,0.9968845058491482,0.9975338292547533
2,4,1.7680436934635138,0.5186,5000,2.1334028155715377,0.3433373349339736,833,2.1290599637138197,0.3754,0.9987523980111022,0.08335787650757515,,,0.98,,0.9800166246218381,0.01998337537816186,0.9890312070429713,0.09988704396713736,5,0.001,0.1,0.9976934537460456,0.9971503048965759,0.9970642104937197,0.9977134136002295,1.0,0.9974925437668438,0.9975734543691437,0.997609840666582,0.9974364734298764,0.9977122219337541,0.9965780750682862,0.9974661919203833
2,5,1.771480046563847,0.50732,5000,2.123469211437084,0.3985594237695078,833,2.1290599637138197,0.3754,0.9981475569141628,0.08325419346881428,,,0.98,,0.9800166246218381,0.01998337537816186,0.9890312070429713,0.09988704396713736,5,0.001,0.1,0.9973909892695083,0.9966898818248519,0.9960852846693922,0.9971333543796019,0.9974925437668438,1.0,0.9968002702036951,0.9971049906112126,0.9965504473737768,0.9971964672158536,0.9952626274378495,0.996537095457832
2,6,1.7794733454467384,0.51856,5000,2.1349840694003634,0.3505402160864346,833,2.1290599637138197,0.3754,0.9990748535570358,0.08338104517342512,,,0.98,,0.9800166246218381,0.01998337537816186,0.9890312070429713,0.09988704396713736,5,0.001,0.1,0.997491634663447,0.9978603886406598,0.9983508255337992,0.9975063647237199,0.9975734543691437,0.9968002702036951,1.0,0.9980013079827846,0.9978256704446693,0.998256351381263,0.9979153860777721,0.9977707289992032
2,7,1.760300485495549,0.52412,5000,2.125025819849085,0.39135654261704683,833,2.1290599637138197,0.3754,0.9991295759575979,0.08338206782741318,,,0.98,,0.9800166246218381,0.01998337537816186,0.9890312070429713,0.09988704396713736,5,0.001,0.1,0.9976550105964532,0.9980749296164142,0.9978612961914433,0.9979974671026478,0.997609840666582,0.9971049906112126,0.9980013079827846,1.0,0.9978713769115878,0.9985077597704582,0.9975716570447635,0.99775420189367
2,8,1.7772936559786463,0.5126,5000,2.128372580916793,0.3673469387755102,833,2.1290599637138197,0.3754,0.9988414603078213,0.08334036372178386,,,0.98,,0.9800166246218381,0.01998337537816186,0.9890312070429713,0.09988704396713736,5,0.001,0.1,0.997241901165664,0.9977486650570848,0.9974795885010187,0.9978451816213633,0.9974364734298764,0.9965504473737768,0.9978256704446693,0.9978713769115878,1.0,0.998011438585539,0.9970825390708904,0.9974643731264414
2,9,1.774436734588283,0.51084,5000,2.1278148933693215,0.38895558223289317,833,2.1290599637138197,0.3754,0.999296038694035,0.08341365356850379,,,0.98,,0.9800166246218381,0.01998337537816186,0.9890312070429713,0.09988704396713736,5,0.001,0.1,0.9978335679467133,0.9984685221117846,0.9980803166395734,0.9978494614781367,0.9977122219337541,0.9971964672158536,0.998256351381263,0.9985077597704582,0.998011438585539,1.0,0.99794167683366,0.9981454072201426
2,10,1.7760752368125186,0.5192,5000,2.128074557692916,0.39255702280912363,833,2.1290599637138197,0.3754,0.998570581103108,0.08323981098729925,,,0.98,,0.9800166246218381,0.01998337537816186,0.9890312070429713,0.09988704396713736,5,0.001,0.1,0.9967167331696569,0.9981867233004817,0.9978406226434543,0.9968845058491482,0.9965780750682862,0.9952626274378495,0.9979153860777721,0.9975716570447635,0.9970825390708904,0.99794167683366,1.0,0.9973306332642036
2,11,1.7816559253984197,0.51052,5000,2.124347201100102,0.3625450180072029,833,2.1290599637138197,0.3754,0.9988997940151032,0.08338287291756896,,,0.98,,0.9800166246218381,0.01998337537816186,0.9890312070429713,0.09988704396713736,5,0.001,0.1,0.9979617559793732,0.9978569927808248,0.9974322638737256,0.9975338292547533,0.9974661919203833,0.996537095457832,0.9977707289992032,0.99775420189367,0.9974643731264414,0.9981454072201426,0.9973306332642036,1.0
3,0,1.5976172038703966,0.56792,5000,2.033552196290758,0.47601918465227816,834,2.0319594944627903,0.4601,0.9990016747238059,0.0833544132462683,,,0.98,,0.9800166246218381,0.01998337537816186,0.995964874179172,0.09988553114211302,5,0.001,0.1,1.0,0.997513237349088,0.9973780836704796,0.9980392800567779,0.9980258409294346,0.9973566059077501,0.9978201399278527,0.9977437199593788,0.9976535284052982,0.9978981280903457,0.9969556653653345,0.9979228028622323
3,1,1.6046246382081584,0.55232,5000,2.0159408030686556,0.4724220623501199,834,2.0319594944627903,0.4601,0.998962529271343,0.0833701117474254,,,0.98,,0.9800166246218381,0.01998337537816186,0.995964874179172,0.09988553114211302,5,0.001,0.1,0.997513237349088,1.0,0.9977514557351967,0.9978063489038133,0.9973599071165683,0.9966684530386869,0.9979659620184216,0.9976298971044909,0.9978956144199751,0.9980244320481702,0.9977188460549813,0.9975025871870931
3,2,1.6009120508364052,0.56168,5000,2.039569205707974,0.42206235011990406,834,2.0319594944627903,0.4601,0.9988543896457529,0.08335710018021411,,,0.98,,0.9800166246218381,0.01998337537816186,0.995964874179172,0.09988553114211302,5,0.001,0.1,0.9973780836704796,0.9977514557351967,1.0,0.997477132410155,0.9974475712500466,0.996178154434212,0.9981574736987324,0.9977845936646436,0.9971228689800707,0.9980770478912072,0.9978135939678092,0.9973517452389147
3,3,1.5774302159904674,0.58172,5000,2.022181753759031,0.45323741007194246,834,2.0319594944627903,0.4601,0.9989381572677233,0.08321018111238622,,,0.98,,0.9800166246218381,0.01998337537816186,0.995964874179172,0.09988553114211302,5,0.001,0.1,0.9980392800567779,0.9978063489038133,0.997477132410155,1.0,0.9978839300270039,0.9972542841018305,0.9975458334151007,0.9976752223618786,0.9976529103295378,0.9977574077264896,0.9969470041408682,0.997512072136077
3,4,1.5884109754471263,0.57196,5000,2.0369282122011536,0.43937575030012005,833,2.0319594944627903,0.4601,0.9989788066519643,0.08335234272754925,,,0.98,,0.9800166246218381,0.01998337537816186,0.995964874179172,0.09988553114211302,5,0.001,0.1,0.9980258409294346,0.9973599071165683,0.9974475712500466,0.9978839300270039,1.0,0.9977364136234055,0.9978067295893809,0.9977423154524415,0.9978418243560561,0.9978184483238578,0.9968292953229008,0.9975409058672345
3,5,1.593264275599437,0.5664,5000,2.026197014031587,0.48739495798319327,833,2.0319594944627903,0.4601,0.9982024203822624,0.08326371109405263,,,0.98,,0.9800166246218381,0.01998337537816186,0.995964874179172,0.09988553114211302,5,0.001,0.1,0.9973566059077501,0.9966684530386869,0.996178154434212,0.9972542841018305,0.9977364136234055,1.0,0.9967685915573347,0.9971777274686175,0.9967417602032157,0.9969750535738203,0.9954890361025119,0.9963846601143576
3,6,1.6023715507452656,0.56996,5000,2.041542070883292,0.4249699879951981,833,2.0319594944627903,0.4601,0.9990421613198852,0.08336859377253511,,,0.98,,0.9800166246218381,0.01998337537816186,0.995964874179172,0.09988553114211302,5,0.001,0.1,0.9978201399278527,0.9979659620184216,0.9981574736987324,0.9975458334151007,0.9978067295893809,0.9967685915573347,1.0,0.9975658399816093,0.997785896494449,0.9980232189087876,0.9976957642237693,0.9976549115478615
3,7,1.5819294566561461,0.57648,5000,2.025420140337061,0.47418967587034816,833,2.0319594944627903,0.4601,0.9989493464093196,0.0833662254824083,,,0.98,,0.9800166246218381,0.01998337537816186,0.995964874179172,0.09988553114211302,5,0.001,0.1,0.9977437199593788,0.9976298971044909,0.9977845936646436,0.9976752223618786,0.9977423154524415,0.9971777274686175,0.9975658399816093,1.0,0.997425810079898,0.9983137774381803,0.9972199115153769,0.9973995235894573
3,8,1.5977856540376214,0.57108,5000,2.0313692931775695,0.46938775510204084,833,2.0319594944627903,0.4601,0.9988088060143623,0.08333611800878304,,,0.98,,0.9800166246218381,0.01998337537816186,0.995964874179172,0.09988553114211302,5,0.001,0.1,0.9976535284052982,0.9978956144199751,0.9971228689800707,0.9976529103295378,0.9978418243560561,0.9967417602032157,0.997785896494449,0.997425810079898,1.0,0.9977217832390846,0.9969428646216153,0.9972101214609478
3,9,1.597594936562192,0.56448,5000,2.029230978753832,0.4849939975990396,833,2.0319594944627903,0.4601,0.9991889498835319,0.08339332562932152,,,0.98,,0.9800166246218381,0.01998337537816186,0.995964874179172,0.09988553114211302,5,0.001,0.1,0.9978981280903457,0.9980244320481702,0.9980770478912072,0.9977574077264896,0.9978184483238578,0.9969750535738203,0.9980232189087876,0.9983137774381803,0.9977217832390846,1.0,0.9977997969240884,0.9981400261448092
3,10,1.600625303748307,0.56512,5000,2.032473193274604,0.4657863145258103,833,2.0319594944627903,0.4601,0.9985390361502448,0.08326575550316467,,,0.98,,0.9800166246218381,0.01998337537816186,0.995964874179172,0.09988553114211302,5,0.001,0.1,0.9969556653653345,0.9977188460549813,0.9978135939678092,0.9969470041408682,0.9968292953229008,0.9954890361025119,0.9976957642237693,0.9972199115153769,0.9969428646216153,0.9977997969240884,1.0,0.9973507584157792
3,11,1.6064126458137657,0.56144,5000,2.024954972443757,0.45138055222088835,833,2.0319594944627903,0.4601,0.998806882449096,0.08336212149589123,,,0.98,,0.9800166246218381,0.01998337537816186,0.995964874179172,0.09988553114211302,5,0.001,0.1,0.9979228028622323,0.9975025871870931,0.9973517452389147,0.997512072136077,0.9975409058672345,0.9963846601143576,0.9976549115478615,0.9973995235894573,0.9972101214609478,0.9981400261448092,0.9973507584157792,1.0
4,0,1.4503946027937968,0.6044,5000,1.9221575922436185,0.5299760191846523,834,1.9185767040465966,0.5143,0.9989618523778735,0.08335287159706394,,,0.98,,0.9800166246218381,0.01998337537816186,0.9969058086852066,0.09987548679853903,5,0.001,0.1,1.0,0.9977085452401938,0.9971912478295988,0.9977266473453263,0.9978655660187501,0.9970695341222496,0.9977473855891004,0.9977778290729574,0.9972181083736447,0.9977410508800042,0.996958499447548,0.9976366850295442
4,1,1.4610420244514561,0.58736,5000,1.8989060234140467,0.5143884892086331,834,1.9185767040465966,0.5143,0.9990538634340052,0.08336546741838707,,,0.98,,0.9800166246218381,0.01998337537816186,0.9969058086852066,0.09987548679853903,5,0.001,0.1,0.9977085452401938,1.0,0.9977932534992533,0.9976523357507542,0.9974091621732015,0.9967628763030858,0.9976730503648621,0.9979247429760344,0.9973977746233712,0.9981762280135534,0.9976603734915008,0.9975848922442531
4,2,1.4558532059572304,0.5968,5000,1.9285884830686781,0.4892086330935252,834,1.9185767040465966,0.5143,0.9987315410255404,0.08334708624534343,,,0.98,,0.9800166246218381,0.01998337537816186,0.9969058086852066,0.09987548679853903,5,0.001,0.1,0.9971912478295988,0.9977932534992533,1.0,0.9972714259690943,0.9971916166534693,0.9960603644802147,0.9980275264413935,0.997565827544257,0.997011176347178,0.9975584842576486,0.997386578343864,0.9968225379024885
4,3,1.4294431417610995,0.61664,5000,1.9072673762286152,0.5203836930455635,834,1.9185767040465966,0.5143,0.9987455289730313,0.08325744716716406,,,0.98,,0.9800166246218381,0.01998337537816186,0.9969058086852066,0.09987548679853903,5,0.001,0.1,0.9977266473453263,0.9976523357507542,0.9972714259690943,1.0,0.9975326933777213,0.9970015854500395,0.9970768171119129,0.9974942586018702,0.9971984529726422,0.9973202701916163,0.9967920804217912,0.9969866218416088
4,4,1.440395682708473,0.60364,5000,1.9237644893151742,0.4789915966386555,833,1.9185767040465966,0.5143,0.998820337756299,0.08334703477316124,,,0.98,,0.9800166246218381,0.01998337537816186,0.9969058086852066,0.09987548679853903,5,0.001,0.1,0.9978655660187501,0.9974091621732015,0.9971916166534693,0.9975326933777213,1.0,0.9976632551044576,0.9975489630440593,0.997601336843778,0.99713931463908,0.9975307199280725,0.9963649853482558,0.9970978276919753
4,5,1.4468384478502212,0.6028,5000,1.9126522408591375,0.5270108043217286,833,1.9185767040465966,0.5143,0.9981402950672453,0.08327073858666469,,,0.98,,0.9800166246218381,0.01998337537816186,0.9969058086852066,0.09987548679853903,5,0.001,0.1,0.9970695341222496,0.9967628763030858,0.9960603644802147,0.9970015854500395,0.9976632551044576,1.0,0.9963739094166743,0.997274510851268,0.9963619731710783,0.9966606183845952,0.9955020016291725,0.9960678869774032
4,6,1.457211723297265,0.60332,5000,1.9323003027174208,0.4717887154861945,833,1.9185767040465966,0.5143,0.9989349809425948,0.0833606998335808,,,0.98,,0.9800166246218381,0.01998337537816186,0.9969058086852066,0.09987548679853903,5,0.001,0.1,0.9977473855891004,0.9976730503648621,0.9980275264413935,0.9970768171119129,0.9975489630440593,0.9963739094166743,1.0,0.9976445685156008,0.9974516020058631,0.9976641032567531,0.9977552741567852,0.9973546108044664
4,7,1.4345817941009618,0.61068,5000,1.9097718883443762,0.524609843937575,833,1.9185767040465966,0.5143,0.9990110140853807,0.0833617014649033,,,0.98,,0.9800166246218381,0.01998337537816186,0.9969058086852066,0.09987548679853903,5,0.001,0.1,0.9977778290729574,0.9979247429760344,0.997565827544257,0.9974942586018702,0.997601336843778,0.997274510851268,0.9976445685156008,1.0,0.9976078400232937,0.9980383190931377,0.9970828415016267,0.9972176637737871
4,8,1.449870999527585,0.6078,5000,1.9185527739701447,0.5330132052821128,833,1.9185767040465966,0.5143,0.9986162526705185,0.08333049924441768,,,0.98,,0.9800166246218381,0.01998337537816186,0.9969058086852066,0.09987548679853903,5,0.001,0.1,0.9972181083736447,0.9973977746233712,0.997011176347178,0.9971984529726422,0.99713931463908,0.9963619731710783,0.9974516020058631,0.9976078400232937,1.0,0.997481517054508,0.996689476783174,0.9969418153454851
4,9,1.4521506815958933,0.59736,5000,1.9140591224034627,0.5426170468187275,833,1.9185767040465966,0.5143,0.9990279756441722,0.08337886663880081,,,0.98,,0.9800166246218381,0.01998337537816186,0.9969058086852066,0.09987548679853903,5,0.001,0.1,0.9977410508800042,0.9981762280135534,0.9975584842576486,0.9973202701916163,0.9975307199280725,0.9966606183845952,0.9976641032567531,0.9980383190931377,0.997481517054508,1.0,0.997509712994326,0.9977506664894068
4,10,1.4555555301866714,0.597,5000,1.920469292887935,0.5282112845138055,833,1.9185767040465966,0.5143,0.9984465029024305,0.08328187464204938,,,0.98,,0.9800166246218381,0.01998337537816186,0.9969058086852066,0.09987548679853903,5,0.001,0.1,0.996958499447548,0.9976603734915008,0.997386578343864,0.9967920804217912,0.9963649853482558,0.9955020016291725,0.9977552741567852,0.9970828415016267,0.996689476783174,0.997509712994326,1.0,0.9967643760330851
4,11,1.459870984523919,0.59616,5000,1.9088723041393139,0.5114045618247299,833,1.9185767040465966,0.5143,0.9985935669572428,0.0833457123884635,,,0.98,,0.9800166246218381,0.01998337537816186,0.9969058086852066,0.09987548679853903,5,0.001,0.1,0.9976366850295442,0.9975848922442531,0.9968225379024885,0.9969866218416088,0.9970978276919753,0.9960678869774032,0.9973546108044664,0.9972176637737871,0.9969418153454851,0.9977506664894068,0.9967643760330851,1.0
5,0,1.3307432648482596,0.6296,5000,1.7974279942335907,0.5839328537170264,834,1.791687071513825,0.5667,0.9987580922109303,0.08335122118781714,,,0.98,,0.9800166246218381,0.01998337537816186,0.9979610655499378,0.09985723977294576,5,0.001,0.1,1.0,0.9972984304040937,0.9968073390513373,0.9972179699013725,0.9973282165333834,0.9963066410978606,0.9973576393134348,0.9973004734839768,0.9970744041854653,0.9972919169915849,0.9966818846690269,0.9973537227404252
5,1,1.3441144881734424,0.60632,5000,1.7680186563067966,0.5611510791366906,834,1.791687071513825,0.5667,0.9989023347768092,0.08336360102172315,,,0.98,,0.9800166246218381,0.01998337537816186,0.9979610655499378,0.09985723977294576,5,0.001,0.1,0.9972984304040937,1.0,0.9974514267791443,0.9974441180815681,0.9969039812176635,0.9964753733618718,0.9973000255374797,0.9974487980669251,0.99717098561933,0.9974673128284642,0.9976216699516844,0.997165333474954
5,2,1.3379270686465463,0.61996,5000,1.8041304217444525,0.5371702637889688,834,1.791687071513825,0.5667,0.9985303065566543,0.08334032139071368,,,0.98,,0.9800166246218381,0.01998337537816186,0.9979610655499378,0.09985723977294576,5,0.001,0.1,0.9968073390513373,0.9974514267791443,1.0,0.996963662701815,0.9969005426042675,0.995556380404686,0.9974356774555521,0.9971826312127086,0.9964399200288916,0.9971559584925896,0.9969393964593269,0.9964559671357432
5,3,1.3101767682725456,0.64364,5000,1.7789170256367437,0.579136690647482,834,1.791687071513825,0.5667,0.9986058656210349,0.08328778972463383,,,0.98,,0.9800166246218381,0.01998337537816186,0.9979610655499378,0.09985723977294576,5,0.001,0.1,0.9972179699013725,0.9974441180815681,0.996963662701815,1.0,0.99717870274935,0.996664243996971,0.9968308640114352,0.9969037263001065,0.9969973530481386,0.9968495873700328,0.9966404398447128,0.9965078983306144
5,4,1.3196187585782093,0.63072,5000,1.7968072096506755,0.5486194477791116,833,1.791687071513825,0.5667,0.9986222819228089,0.08334325841052499,,,0.98,,0.9800166246218381,0.01998337537816186,0.9979610655499378,0.09985723977294576,5,0.001,0.1,0.9973282165333834,0.9969039812176635,0.9969005426042675,0.99717870274935,1.0,0.9970199879230566,0.9973272630381371,0.9970588720122135,0.9970246496961731,0.9968932569017122,0.9962923199103861,0.9964644680519616
5,5,1.3283421880120685,0.62348,5000,1.7853921431082267,0.5822328931572629,833,1.791687071513825,0.5667,0.9979196934223157,0.083273793771668,,,0.98,,0.9800166246218381,0.01998337537816186,0.9979610655499378,0.09985723977294576,5,0.001,0.1,0.9963066410978606,0.9964753733618718,0.995556380404686,0.996664243996971,0.9970199879230566,1.0,0.9960944987431853,0.9965960308284604,0.9961396678820321,0.9961085672917861,0.9957295604898855,0.9952859349458678
5,6,1.3380982222830413,0.62488,5000,1.8103284394299541,0.5090036014405762,833,1.791687071513825,0.5667,0.9987466005867001,0.0833556508849788,,,0.98,,0.9800166246218381,0.01998337537816186,0.9979610655499378,0.09985723977294576,5,0.001,0.1,0.9973576393134348,0.9973000255374797,0.9974356774555521,0.9968308640114352,0.9973272630381371,0.9960944987431853,1.0,0.9971182246693601,0.9969217612485342,0.9971360172427051,0.9974684735619003,0.9968903226751096
5,7,1.3142608823290296,0.63496,5000,1.781155272766396,0.575030012004802,833,1.791687071513825,0.5667,0.998726855915563,0.08335562785046682,,,0.98,,0.9800166246218381,0.01998337537816186,0.9979610655499378,0.09985723977294576,5,0.001,0.1,0.9973004734839768,0.9974487980669251,0.9971826312127086,0.9969037263001065,0.9970588720122135,0.9965960308284604,0.9971182246693601,1.0,0.997339073524516,0.9973431636163469,0.9966694012726678,0.9966836633862379
5,8,1.3295893890842512,0.63168,5000,1.7928021881315443,0.5786314525810324,833,1.791687071513825,0.5667,0.9984973574502134,0.08332908609284506,,,0.98,,0.9800166246218381,0.01998337537816186,0.9979610655499378,0.09985723977294576,5,0.001,0.1,0.9970744041854653,0.99717098561933,0.9964399200288916,0.9969973530481386,0.9970246496961731,0.9961396678820321,0.9969217612485342,0.997339073524516,1.0,0.9969996134810951,0.9963784915895008,0.9964092207790853
5,9,1.3348945151468752,0.61848,5000,1.7849313903737951,0.5942376950780313,833,1.791687071513825,0.5667,0.9987591401482019,0.08336719624860219,,,0.98,,0.9800166246218381,0.01998337537816186,0.9979610655499378,0.09985723977294576,5,0.001,0.1,0.9972919169915849,0.9974673128284642,0.9971559584925896,0.9968495873700328,0.9968932569017122,0.9961085672917861,0.9971360172427051,0.9973431636163469,0.9969996134810951,1.0,0.9976039728861815,0.9971810991679843
5,10,1.3369522236714697,0.6188,5000,1.7948618200090196,0.5786314525810324,833,1.791687071513825,0.5667,0.9984841708564526,0.0832988418612887,,,0.98,,0.9800166246218381,0.01998337537816186,0.9979610655499378,0.09985723977294576,5,0.001,0.1,0.9966818846690269,0.9976216699516844,0.9969393964593269,0.9966404398447128,0.9962923199103861,0.9957295604898855,0.9974684735619003,0.9966694012726678,0.9963784915895008,0.9976039728861815,1.0,0.9967126257402693
5,11,1.3426980227421803,0.619,5000,1.7793792618645563,0.5726290516206483,833,1.791687071513825,0.5667,0.9983485196521342,0.08333361155473774,,,0.98,,0.9800166246218381,0.01998337537816186,0.9979610655499378,0.09985723977294576,5,0.001,0.1,0.9973537227404252,0.997165333474954,0.9964559671357432,0.9965078983306144,0.9964644680519616,0.9952859349458678,0.9968903226751096,0.9966836633862379,0.9964092207790853,0.9971810991679843,0.9967126257402693,1.0
6,0,1.23174455613847,0.64648,5000,1.6642611512431391,0.6258992805755396,834,1.6564302254027832,0.6039,0.998526147308819,0.08335185288020219,,,0.98,,0.9800166246218381,0.01998337537816186,0.9984572392045928,0.09982895557856618,5,0.001,0.1,1.0,0.9967680655622948,0.9961822588637241,0.9966557778021162,0.996749039100856,0.9957979402801446,0.9969244137205335,0.9966399899917385,0.9965787959904527,0.9965660830135271,0.9963763966058647,0.9966119367885149
6,1,1.2476909772605653,0.62548,5000,1.628736208986353,0.5983213429256595,834,1.6564302254027832,0.6039,0.9985726589732357,0.0833609469082077,,,0.98,,0.9800166246218381,0.01998337537816186,0.9984572392045928,0.09982895557856618,5,0.001,0.1,0.9967680655622948,1.0,0.9968644803659672,0.9965924853017254,0.996041201643987,0.9954467571744107,0.9966682758520966,0.9969041043525999,0.9965881165182219,0.9968490201302463,0.9972243526942648,0.9964605216959046
6,2,1.2423688489920015,0.63668,5000,1.6713274010905512,0.579136690647482,834,1.6564302254027832,0.6039,0.9982723216822249,0.08333697460068665,,,0.98,,0.9800166246218381,0.01998337537816186,0.9984572392045928,0.09982895557856618,5,0.001,0.1,0.9961822588637241,0.9968644803659672,1.0,0.9964074261150833,0.9963289149064432,0.9951338332107631,0.996990222093056,0.9965354395587377,0.9959376457664165,0.9964011760246236,0.9964686414339001,0.9955599442529485
6,3,1.2106808914500438,0.66236,5000,1.64242982422864,0.6019184652278178,834,1.6564302254027832,0.6039,0.9982524240080201,0.08330411419028991,,,0.98,,0.9800166246218381,0.01998337537816186,0.9984572392045928,0.09982895557856618,5,0.001,0.1,0.9966557778021162,0.9965924853017254,0.9964074261150833,1.0,0.9963485121771826,0.9959874238450636,0.9960503610320858,0.9961611811368521,0.9963825394688023,0.995949196124113,0.9962522651766554,0.9957877869715223
6,4,1.2214265914479638,0.64672,5000,1.6614852746327717,0.5906362545018007,833,1.6564302254027832,0.6039,0.9982641034302295,0.08333851062008425,,,0.98,,0.9800166246218381,0.01998337537816186,0.9984572392045928,0.09982895557856618,5,0.001,0.1,0.996749039100856,0.996041201643987,0.9963289149064432,0.9963485121771826,1.0,0.9963848831181161,0.9968398973586083,0.996342230271387,0.996352285816713,0.996152698239288,0.995624531650027,0.9955481114443242
6,5,1.2312667636355017,0.64192,5000,1.6492683975784868,0.6122448979591837,833,1.6564302254027832,0.6039,0.9976730815609802,0.08327682952303359,,,0.98,,0.9800166246218381,0.01998337537816186,0.9984572392045928,0.09982895557856618,5,0.001,0.1,0.9957979402801446,0.9954467571744107,0.9951338332107631,0.9959874238450636,0.9963848831181161,1.0,0.9955596574245463,0.9960371535745106,0.9959952275816376,0.9954232010706653,0.9952024350214683,0.9946675103584239
6,6,1.2405858011002753,0.64304,5000,1.6805452196686357,0.5402160864345739,833,1.6564302254027832,0.6039,0.9985313132537554,0.08335473640541839,,,0.98,,0.9800166246218381,0.01998337537816186,0.9984572392045928,0.09982895557856618,5,0.001,0.1,0.9969244137205335,0.9966682758520966,0.996990222093056,0.9960503610320858,0.9968398973586083,0.9955596574245463,1.0,0.9965897140258818,0.9964545382543193,0.9964845634999037,0.9970628426912624,0.9962877164356727
6,7,1.217665119535604,0.65388,5000,1.6450169660426952,0.617046818727491,833,1.6564302254027832,0.6039,0.9984559962186396,0.08335229108923999,,,0.98,,0.9800166246218381,0.01998337537816186,0.9984572392045928,0.09982895557856618,5,0.001,0.1,0.9966399899917385,0.9969041043525999,0.9965354395587377,0.9961611811368521,0.996342230271387,0.9960371535745106,0.9965897140258818,1.0,0.9969055390432628,0.9967032104384429,0.9962469851952364,0.9959444671826262
6,8,1.2305571062549665,0.64836,5000,1.6591688836062397,0.6206482593037215,833,1.6564302254027832,0.6039,0.9982950827916459,0.083330818610305,,,0.98,,0.9800166246218381,0.01998337537816186,0.9984572392045928,0.09982895557856618,5,0.001,0.1,0.9965787959904527,0.9965881165182219,0.9959376457664165,0.9963825394688023,0.996352285816713,0.9959952275816376,0.9964545382543193,0.9969055390432628,1.0,0.9964052492720561,0.9959159980650859,0.9955676899535223
6,9,1.2381235714171344,0.63712,5000,1.6472206248177423,0.6386554621848739,833,1.6564302254027832,0.6039,0.9983904361360798,0.08335726984760486,,,0.98,,0.9800166246218381,0.01998337537816186,0.9984572392045928,0.09982895557856618,5,0.001,0.1,0.9965660830135271,0.9968490201302463,0.9964011760246236,0.995949196124113,0.996152698239288,0.9954232010706653,0.9964845634999037,0.9967032104384429,0.9964052492720561,1.0,0.9970162424326531,0.9962733738487942
6,10,1.2399926214461114,0.63712,5000,1.660667759400827,0.6122448979591837,833,1.6564302254027832,0.6039,0.9983323027447966,0.0833134709992513,,,0.98,,0.9800166246218381,0.01998337537816186,0.9984572392045928,0.09982895557856618,5,0.001,0.1,0.9963763966058647,0.9972243526942648,0.9964686414339001,0.9962522651766554,0.995624531650027,0.9952024350214683,0.9970628426912624,0.9962469851952364,0.9959159980650859,0.9970162424326531,1.0,0.9961392737295023
6,11,1.246416001790648,0.63744,5000,1.6417638372491907,0.60984393757503,833,1.6564302254027832,0.6039,0.9979416131304293,0.0833221843256761,,,0.98,,0.9800166246218381,0.01998337537816186,0.9984572392045928,0.09982895557856618,5,0.001,0.1,0.9966119367885149,0.9964605216959046,0.9955599442529485,0.9957877869715223,0.9955481114443242,0.9946675103584239,0.9962877164356727,0.9959444671826262,0.9955676899535223,0.9962733738487942,0.9961392737295023,1.0
7,0,1.1504741335370738,0.66032,5000,1.528930496286463,0.6462829736211031,834,1.5192465450817023,0.6295,0.9980746462491947,0.08335267940478354,,,0.98,,0.9800166246218381,0.01998337537816186,0.998529893592839,0.09978258301961472,5,0.001,0.1,1.0,0.9962325006996307,0.9953371601407157,0.9956620823737156,0.9957340516297506,0.9942929805226397,0.9961301981225155,0.9958101100009915,0.9951511837873108,0.9956668840786087,0.9954431250518114,0.9954119852231474
7,1,1.1683110115634407,0.63908,5000,1.487740362132037,0.6342925659472423,834,1.5192465450817023,0.6295,0.9981540166039777,0.08336082034482663,,,0.98,,0.9800166246218381,0.01998337537816186,0.998529893592839,0.09978258301961472,5,0.001,0.1,0.9962325006996307,1.0,0.995977023302125,0.9957422491730594,0.994993535805031,0.9939546935836576,0.9957841267980521,0.9958458140476439,0.9952744312002888,0.9962886090654048,0.9961575372339764,0.995571618515666
7,2,1.1615148108476288,0.64988,5000,1.5362781683603923,0.60431654676259,834,1.5192465450817023,0.6295,0.9977908341005607,0.08333438984628451,,,0.98,,0.9800166246218381,0.01998337537816186,0.998529893592839,0.09978258301961472,5,0.001,0.1,0.9953371601407157,0.995977023302125,1.0,0.9956178779110986,0.9955849368343874,0.9933039088619142,0.9961586429467272,0.9955346856918011,0.9947300844688552,0.9955022496008957,0.995268700492652,0.9944588062438442
