round,client_id,client_i_training_loss,client_i_training_accuracy,client_i_training_dataset_size,client_i_evaluation_loss,client_i_evaluation_accuracy,client_i_evaluation_dataset_size,client_i_central_evaluation_loss,client_i_central_evaluation_accuracy,client_i_cosine_similarity,client_i_importance_coefficient,client_i_tanh_val,tanh_normalization_value,client_i_q,client_i_mask_order,client_i_v_nonzero_fraction,client_i_v_sparsity,client_i_v_cosine_similarity,client_i_reward_gradient_norm,local_epochs,learning_rate,gamma,client_0_cosine_similarity,client_1_cosine_similarity,client_2_cosine_similarity,client_3_cosine_similarity,client_4_cosine_similarity,client_5_cosine_similarity,client_6_cosine_similarity,client_7_cosine_similarity,client_8_cosine_similarity,client_9_cosine_similarity,client_10_cosine_similarity,client_11_cosine_similarity
0,0,0.3354712441231415,0.89588,5000,2.2003508850380227,0.35611510791366907,834,2.20312089737231,0.3493,0.7841000890140856,0.0834827281029614,,,0.7333920683814762,,0.7334019376537323,0.2665980623462677,0,0.3908170538095668,5,0.1,0.5,1.0,0.5696293805182937,0.590577583476411,0.583093074152662,0.5894227853226454,0.5798392501270557,0.5815306398270292,0.5754539152823741,0.5623703945629154,0.5634978103958586,0.5693494627847686,0.5997883903361002
0,1,0.35608779551212194,0.88672,5000,2.2015233128159135,0.34652278177458035,834,2.2041213923749834,0.3502,0.7758607515260701,0.08260549013181741,,,0.5677821820247323,,0.567797801315195,0.43220219868480503,0,0.38852191334704417,5,0.1,0.5,0.5696293805182937,1.0,0.5712646748115456,0.584411738272505,0.5558635860824261,0.5841239232470546,0.5606682994447629,0.5597833441292089,0.5733018152739482,0.5603634504603058,0.5838188540189065,0.5839367723729699
0,2,0.35769776873836284,0.88448,5000,2.191813866297404,0.37170263788968827,834,2.2029310986637687,0.3492,0.7899784059074502,0.08410858944105772,,,0.851545669213466,,0.851563676522263,0.14843632347773705,0,0.3912701025384934,5,0.1,0.5,0.590577583476411,0.5712646748115456,1.0,0.5818339327995828,0.5790841071489062,0.593794769206957,0.5847201062869471,0.5873517689482757,0.5873495399251873,0.569916430311806,0.5754927988312953,0.5983782640457596
0,3,0.3354949283348337,0.89248,5000,2.205878142957334,0.3333333333333333,834,2.2029998470038272,0.3495,0.7870081996632832,0.08379235312918164,,,0.7918448110718878,,0.7918578384619246,0.2081421615380754,0,0.3911172372177898,5,0.1,0.5,0.583093074152662,0.584411738272505,0.5818339327995828,1.0,0.5684091157303027,0.5753618034191438,0.5710264099026149,0.5832897082608802,0.5939849784720033,0.5847648746406173,0.5805846551305128,0.585106427855489
0,4,0.35755392327952157,0.88644,5000,2.2035114941773593,0.36494597839135656,833,2.2039018477113865,0.3495,0.776834846934625,0.08270920156263868,,,0.5873614054933746,,0.5873751317704935,0.4126248682295065,0,0.38896252102699785,5,0.1,0.5,0.5894227853226454,0.5558635860824261,0.5790841071489062,0.5684091157303027,1.0,0.5784970165255382,0.581074161765834,0.5624913232912712,0.5621988122047769,0.5698777690854777,0.5654172302753612,0.5839789902533845
0,5,0.333440005870619,0.89472,5000,2.218364874521891,0.3445378151260504,833,2.203113083641369,0.3495,0.7848480855945669,0.08356236690931428,,,0.748426727280803,,0.7484413433060589,0.25155865669394106,0,0.3909111989249254,5,0.1,0.5,0.5798392501270557,0.5841239232470546,0.593794769206957,0.5753618034191438,0.5784970165255382,1.0,0.5742373842396866,0.5774621025514606,0.5637582078314853,0.569748828229221,0.5860698168166821,0.588685038115046
0,6,0.344489018933456,0.89268,5000,2.191357798046536,0.37214885954381755,833,2.203311477606289,0.3495,0.781429430287085,0.08319838445922793,,,0.6797120863538494,,0.6797198935796396,0.3202801064203604,0,0.39035921405184193,5,0.1,0.5,0.5815306398270292,0.5606682994447629,0.5847201062869471,0.5710264099026149,0.581074161765834,0.5742373842396866,1.0,0.5754557358858052,0.5664550619203508,0.5801189520721247,0.5709734985481388,0.5932086415266302
0,7,0.3443101981868315,0.89588,5000,2.203366765269527,0.33013205282112845,833,2.203404251378946,0.3494,0.780692959769368,0.0831199728267746,,,0.6649091002009473,,0.6649164198584409,0.33508358014155915,0,0.39019358164167245,5,0.1,0.5,0.5754539152823741,0.5597833441292089,0.5873517689482757,0.5832897082608802,0.5624913232912712,0.5774621025514606,0.5754557358858052,1.0,0.5749411830112281,0.5779557589365901,0.5735476025866605,0.5848192499560068
0,8,0.3402353789170931,0.8918,5000,2.2132919894324408,0.33733493397358943,833,2.2036297031865715,0.3491,0.7788263068315538,0.08292123126067417,,,0.6273895567487529,,0.6274032428090959,0.3725967571909041,0,0.3896873118443907,5,0.1,0.5,0.5623703945629154,0.5733018152739482,0.5873495399251873,0.5939849784720033,0.5621988122047769,0.5637582078314853,0.5664550619203508,0.5749411830112281,1.0,0.5593876083671536,0.5912197315208044,0.5800520778503145
0,9,0.3701312406024166,0.88604,5000,2.206929736667209,0.36134453781512604,833,2.2044076104514514,0.3498,0.7749760615948211,0.08251129765560082,,,0.55,,0.5500125495708047,0.4499874504291953,0,0.38806493636660977,5,0.1,0.5,0.5634978103958586,0.5603634504603058,0.569916430311806,0.5847648746406173,0.5698777690854777,0.569748828229221,0.5801189520721247,0.5779557589365901,0.5593876083671536,1.0,0.5615819264482116,0.5816431014578475
0,10,0.355940231996452,0.88672,5000,2.1999699716214782,0.3517406962785114,833,2.203138151107886,0.3498,0.7824337223937603,0.08330531091677106,,,0.6998982605331919,,0.6999046232618844,0.3000953767381156,0,0.39055448073906573,5,0.1,0.5,0.5693494627847686,0.5838188540189065,0.5754927988312953,0.5805846551305128,0.5654172302753612,0.5860698168166821,0.5709734985481388,0.5735476025866605,0.5912197315208044,0.5615819264482116,1.0,0.5908459893985558
0,11,0.34541306205710787,0.88868,5000,2.2124508575156883,0.32653061224489793,833,2.2028972637919955,0.3492,0.7953741697201658,0.08468307360398024,,,0.9599999998112143,,0.9600020079313287,0.03999799206867127,0,0.39134695827334054,5,0.1,0.5,0.5997883903361002,0.5839367723729699,0.5983782640457596,0.585106427855489,0.5839789902533845,0.588685038115046,0.5932086415266302,0.5848192499560068,0.5800520778503145,0.5816431014578475,0.5908459893985558,1.0
1,0,0.30561286071967925,0.90656,5000,2.0464966738665544,0.6870503597122302,834,2.050001953356563,0.6944,0.8118356048980215,0.08351828032741704,,,0.77002524377073,,0.7700466844033934,0.2299533155966066,0.9575309829572087,0.4043247644205347,5,0.1,0.5,1.0,0.6237167835184529,0.6247599824455468,0.6193958417246407,0.6243616112164645,0.6263305501362595,0.6230489815582119,0.6309550265645456,0.6248853011283584,0.6277881785364559,0.6262640578489593,0.6325548809757068
1,1,0.30726394833771475,0.90364,5000,2.049804263644748,0.7206235011990407,834,2.0539089894523257,0.6923,0.8072704143112323,0.08277878320684426,,,0.55,,0.5500125495708047,0.4499874504291953,0.9524380486586697,0.4010258202680423,5,0.1,0.5,0.6237167835184529,1.0,0.6230863330770148,0.6167543636973913,0.6218302586682232,0.6195846229824232,0.6261547021772055,0.6316721927493132,0.6221575187926333,0.6302108568330756,0.6095085586742054,0.6192641311446002
1,2,0.31205378267676775,0.90216,5000,2.0376622588546187,0.7338129496402878,834,2.0494475958827203,0.6948,0.8103493491160286,0.08388067155682859,,,0.8778488124817094,,0.8778575372722253,0.12214246272777474,0.9588164493384493,0.4046334370620945,5,0.1,0.5,0.6247599824455468,0.6230863330770148,1.0,0.6225358808538406,0.6231096282529012,0.6266056649013015,0.6203489795296593,0.6295717168958965,0.6273707495309255,0.6205623284542052,0.6252500121952651,0.62365078641271
1,3,0.3028464087397809,0.90492,5000,2.056198791221336,0.6642685851318945,834,2.0498092334491376,0.6938,0.805716999848832,0.08351007029170017,,,0.7675824822511568,,0.7675970081823201,0.23240299181767987,0.9578905974336362,0.404311946417811,5,0.1,0.5,0.6193958417246407,0.6167543636973913,0.6225358808538406,1.0,0.6264490683867111,0.616653159273007,0.6222862563740563,0.625395203212214,0.6290442424961389,0.623721421094415,0.6109013976528996,0.6104050969390288
1,4,0.3086828933714349,0.90344,5000,2.0527272621790567,0.7010804321728692,833,2.053064441528564,0.6924,0.8072657801200911,0.0828472513710218,,,0.570371579678401,,0.5703880327292806,0.4296119672707194,0.9531148724680587,0.40159229865965473,5,0.1,0.5,0.6243616112164645,0.6218302586682232,0.6231096282529012,0.6264490683867111,1.0,0.6235975271162157,0.621541509197492,0.6230244365486015,0.6329843514758564,0.6238900389737158,0.6068830272996469,0.615705736406237
1,5,0.29637116053301815,0.90792,5000,2.070557117462158,0.6662665066026411,833,2.0500576176201575,0.6944,0.8087138885915558,0.08346225641836454,,,0.7533562481744817,,0.7533708147181366,0.2466291852818634,0.9575595382514899,0.40423150969100635,5,0.1,0.5,0.6263305501362595,0.6195846229824232,0.6266056649013015,0.616653159273007,0.6235975271162157,1.0,0.6208346485278085,0.6278908262699081,0.6258003569026784,0.6253563049279519,0.6186171127549381,0.6222045270551617
1,6,0.3060361258543221,0.90612,5000,2.0357255273395114,0.7106842737094838,833,2.0506813084355557,0.6936,0.8093080676614559,0.08324209039425975,,,0.6878494574432804,,0.6878570352893931,0.3121429647106069,0.9564606694421807,0.4036773696690748,5,0.1,0.5,0.6230489815582119,0.6261547021772055,0.6203489795296593,0.6222862563740563,0.621541509197492,0.6208346485278085,1.0,0.6291766386439146,0.6279218466130617,0.6294191444406307,0.6208105053859576,0.6195319902380064
1,7,0.30695436596751785,0.90552,5000,2.0508952229111284,0.6782713085234093,833,2.0505164579842416,0.6942,0.8147137975906013,0.08337847444920235,,,0.7284282969010223,,0.7284423472717233,0.2715576527282767,0.9560822451665495,0.4040600025596566,5,0.1,0.5,0.6309550265645456,0.6316721927493132,0.6295717168958965,0.625395203212214,0.6230244365486015,0.6278908262699081,0.6291766386439146,1.0,0.6322668837932883,0.6307843927671447,0.6273348771558632,0.6257139010323749
1,8,0.2990838050972789,0.90628,5000,2.0648915061244257,0.6938775510204082,833,2.0511997119306375,0.6932,0.814399581797518,0.08323601647349706,,,0.6860422619055595,,0.6860599367501632,0.3139400632498368,0.955137867169398,0.4036591049892837,5,0.1,0.5,0.6248853011283584,0.6221575187926333,0.6273707495309255,0.6290442424961389,0.6329843514758564,0.6258003569026784,0.6279218466130617,0.6322668837932883,1.0,0.6291036589984678,0.6360448172125498,0.6240513637861689
1,9,0.33209591800002913,0.89776,5000,2.0532053532423795,0.6746698679471789,833,2.0541365516071504,0.6912,0.8101205960627573,0.08281571937227827,,,0.5609897504364594,,0.561005973595703,0.43899402640429697,0.9524104785790103,0.4013398920160295,5,0.1,0.5,0.6277881785364559,0.6302108568330756,0.6205623284542052,0.623721421094415,0.6238900389737158,0.6253563049279519,0.6294191444406307,0.6307843927671447,0.6291036589984678,1.0,0.6144456934369641,0.6168142054956808
1,10,0.3172633756414815,0.90372,5000,2.0450664405469543,0.7034813925570228,833,2.0506319771178614,0.6932,0.8053101540230966,0.08317360732533433,,,0.667473443101515,,0.6674815521309171,0.3325184478690829,0.9565431502845799,0.40343152628128004,5,0.1,0.5,0.6262640578489593,0.6095085586742054,0.6252500121952651,0.6109013976528996,0.6068830272996469,0.6186171127549381,0.6208105053859576,0.6273348771558632,0.6360448172125498,0.6144456934369641,1.0,0.6252568778122846
1,11,0.30799618216978897,0.90524,5000,2.0606430459905556,0.6938775510204082,833,2.049403541004315,0.6952,0.8073618426433472,0.0841567788132518,,,0.9599999997024664,,0.9600020079313287,0.03999799206867127,0.9591107145753215,0.4046780704608778,5,0.1,0.5,0.6325548809757068,0.6192641311446002,0.62365078641271,0.6104050969390288,0.615705736406237,0.6222045270551617,0.6195319902380064,0.6257139010323749,0.6240513637861689,0.6168142054956808,0.6252568778122846,1.0
2,0,0.2736242805091534,0.91624,5000,1.8523214039979157,0.8477218225419664,834,1.8581376608949118,0.8467,0.8126985019935302,0.08353300469046211,,,0.820332803273669,,0.8203554038451885,0.17964459615481154,0.967167134411697,0.4050742834155664,5,0.1,0.5,1.0,0.6285305903527616,0.6309355934414974,0.6401701487294577,0.623317950584413,0.6180860108523426,0.6321948981358616,0.6258323505526808,0.6176874227247174,0.6278099162731365,0.6185786379953309,0.6399840962320136
2,1,0.28006812636117645,0.91544,5000,1.8594289046746713,0.8525179856115108,834,1.8656627663408225,0.8443,0.8093592900021402,0.08292763583013635,,,0.6040407273451771,,0.6040560212840721,0.3959439787159279,0.9617618716229598,0.4027887816791323,5,0.1,0.5,0.6285305903527616,1.0,0.6281380703995209,0.6328991124216719,0.6151480567453091,0.6226192622023289,0.6322211014516345,0.6221673669712644,0.6215664812772197,0.6331210852656457,0.615813536256662,0.6219147406427522
2,2,0.2821422071474942,0.91472,5000,1.8440723110128332,0.86810551558753,834,1.8572435249535801,0.8462,0.8114564839164408,0.08372946329927718,,,0.890525446337218,,0.8905476632699162,0.10945233673008381,0.9679185084833449,0.40520679837033896,5,0.1,0.5,0.6309355934414974,0.6281380703995209,1.0,0.6335952230386527,0.6209158053646096,0.6168877606468117,0.6310295498733298,0.6319726350717977,0.6271985410561505,0.6205405625112583,0.62124069999351,0.6270817298029571
2,3,0.2663151207222799,0.91776,5000,1.868152962790595,0.8333333333333334,834,1.8576586185552824,0.8461,0.8195939747669794,0.08376761958417203,,,0.9041582950192366,,0.904176497163797,0.095823502836203,0.9671487891334279,0.4052184420937307,5,0.1,0.5,0.6401701487294577,0.6328991124216719,0.6335952230386527,1.0,0.6368214975830978,0.6282525199071861,0.6473263096252564,0.6337845876206588,0.6308187936839844,0.6251200053948245,0.6277865727130949,0.6338164703246579
2,4,0.2850075044034488,0.91272,5000,1.8650016519758437,0.8451380552220888,833,1.8657494996683286,0.8437,0.8037135767761245,0.08277638399447067,,,0.55,,0.5500125495708047,0.4499874504291953,0.9622877938635555,0.40135993560460886,5,0.1,0.5,0.623317950584413,0.6151480567453091,0.6209158053646096,0.6368214975830978,1.0,0.610329456527941,0.6312768171742351,0.6183876352664116,0.615159741579664,0.6230057283117765,0.6128862592714628,0.6117602415472425
2,5,0.26925714662666345,0.91964,5000,1.8835345727426034,0.8331332533013205,833,1.8591909442846768,0.8461,0.8020311908310268,0.08312459839726087,,,0.6744134295364379,,0.6744239747000652,0.3255760252999348,0.9655410917593794,0.4040056067899588,5,0.1,0.5,0.6180860108523426,0.6226192622023289,0.6168877606468117,0.6282525199071861,0.610329456527941,1.0,0.6283123164229978,0.6190320932080653,0.612852389439511,0.6175446260832888,0.6078550435282976,0.6179938830087327
2,6,0.2757427427259268,0.91736,5000,1.8418874299084698,0.8487394957983193,833,1.8589403046586643,0.8471,0.8210106471761129,0.08363968735301378,,,0.8584494228441917,,0.8584559008081923,0.14154409919180766,0.9656254708811127,0.4051627782860418,5,0.1,0.5,0.6321948981358616,0.6322211014516345,0.6310295498733298,0.6473263096252564,0.6312768171742351,0.6283123164229978,1.0,0.6373957630210167,0.634725677223763,0.6335375590205761,0.6368580823250646,0.6404301095680646
2,7,0.2689830818498258,0.91852,5000,1.8606445877640336,0.8355342136854742,833,1.8590449311862738,0.8467,0.8123814100320358,0.08342949454370062,,,0.7833496910094233,,0.7833592691129964,0.21664073088700364,0.9665735044947285,0.40493193458997967,5,0.1,0.5,0.6258323505526808,0.6221673669712644,0.6319726350717977,0.6337845876206588,0.6183876352664116,0.6190320932080653,0.6373957630210167,1.0,0.6235923473830287,0.6288001312951695,0.6270214986440897,0.6327257907569758
2,8,0.2716304412746363,0.91624,5000,1.879465036922031,0.8403361344537815,833,1.8605745029144776,0.8463,0.8076399698900099,0.08317020978797281,,,0.690709910954001,,0.6907283770895035,0.3092716229104965,0.9655288699584402,0.4042058279629692,5,0.1,0.5,0.6176874227247174,0.6215664812772197,0.6271985410561505,0.6308187936839844,0.615159741579664,0.612852389439511,0.634725677223763,0.6235923473830287,1.0,0.6275011338245319,0.6208274077123291,0.6234228890993372
2,9,0.30397545130579334,0.90912,5000,1.8616013217855383,0.8451380552220888,833,1.865703985333062,0.8439,0.809489689437679,0.08295660591462968,,,0.6143914409770522,,0.614401887455449,0.385598112544551,0.9622302183423798,0.4030027848851126,5,0.1,0.5,0.6278099162731365,0.6331210852656457,0.6205405625112583,0.6251200053948245,0.6230057283117765,0.6175446260832888,0.6335375590205761,0.6288001312951695,0.6275011338245319,1.0,0.6163524612814953,0.6220380819827613
2,10,0.2840722766010814,0.91644,5000,1.8526422756689567,0.8607442977190877,833,1.860518589187354,0.8459,0.8045506305525122,0.0830213845216126,,,0.6375361718978875,,0.6375533356759199,0.3624466643240801,0.9646487031550678,0.40344637552292395,5,0.1,0.5,0.6185786379953309,0.615813536256662,0.62124069999351,0.6277865727130949,0.6128862592714628,0.6078550435282976,0.6368580823250646,0.6270214986440897,0.6208274077123291,0.6163524612814953,1.0,0.6203317993152738
2,11,0.27670929488981033,0.91516,5000,1.871006276872423,0.8451380552220888,833,1.8571670493378807,0.8462,0.8117961276586488,0.08392391208329131,,,0.9599999996427102,,0.9600020079313287,0.03999799206867127,0.9680888296646423,0.40524041541454936,5,0.1,0.5,0.6399840962320136,0.6219147406427522,0.6270817298029571,0.6338164703246579,0.6117602415472425,0.6179938830087327,0.6404301095680646,0.6327257907569758,0.6234228890993372,0.6220380819827613,0.6203317993152738,1.0
3,0,0.24295406148644388,0.92748,5000,1.621652603149414,0.9064748201438849,834,1.6316270832055675,0.902,0.8066168460900379,0.08354469923705124,,,0.873464398566036,,0.8734752271472316,0.12652477285276842,0.9702030793961676,0.4021196243401513,5,0.1,0.5,1.0,0.617291276696782,0.6218104193278193,0.6157460488982983,0.6105092546350411,0.6123574237122701,0.620674103826038,0.612044925136773,0.612738993242488,0.6236212124024311,0.6159172903973456,0.6220059448430295
3,1,0.2559910005777125,0.92268,5000,1.6331708916911372,0.9100719424460432,834,1.6419208084051602,0.9004,0.8052191100813753,0.08309448179879088,,,0.6999380658272207,,0.6999447818884594,0.30005521811154057,0.9658493507391237,0.4011960378902169,5,0.1,0.5,0.617291276696782,1.0,0.6157818116217275,0.6196475383111635,0.6062419688675316,0.616103673474136,0.6235516006932281,0.6159659757695322,0.6195744833298586,0.6183595178890975,0.6090202887391605,0.6124729260959567
3,2,0.2542271982878447,0.92148,5000,1.6152307898909957,0.919664268585132,834,1.6305291972602138,0.9027,0.8072159351919882,0.08369588464408216,,,0.9317354627590877,,0.9317554339641584,0.06824456603584161,0.9705866253370476,0.40217122561937,5,0.1,0.5,0.6218104193278193,0.6157818116217275,1.0,0.6187657479377299,0.6093023995240758,0.6257188900074533,0.6244837114822718,0.620103316016828,0.6166041131753959,0.612640214157177,0.611746244043404,0.6126387607204787
3,3,0.2493831613818836,0.92312,5000,1.6462200968353837,0.8932853717026379,834,1.63097340382707,0.9026,0.806251201336345,0.08368751656094947,,,0.9285101705898637,,0.9285276843531951,0.0714723156468049,0.9706231074762132,0.4021698830750352,5,0.1,0.5,0.6157460488982983,0.6196475383111635,0.6187657479377299,1.0,0.6145999233864784,0.6218574934973744,0.6197239007685346,0.6148694709507588,0.6239179466167668,0.6089977029903163,0.6084731223352652,0.613571830158757
3,4,0.2607068405195976,0.91992,5000,1.6434628212893452,0.8871548619447779,833,1.6451651817693498,0.8992,0.7969466747415798,0.0827054645768569,,,0.55,,0.5500125495708047,0.4499874504291953,0.9641124199439488,0.39814311999516827,5,0.1,0.5,0.6105092546350411,0.6062419688675316,0.6093023995240758,0.6145999233864784,1.0,0.608752775405039,0.6194705493997171,0.6061201195289851,0.6079687912104146,0.61203331465759,0.6033248878949949,0.5966741414492783
3,5,0.24112527302294307,0.92604,5000,1.6606140004263983,0.8919567827130852,833,1.6334515745266558,0.9019,0.8050706792515713,0.08321991199905017,,,0.7482823564210982,,0.7482957682847247,0.25170423171527534,0.9679968826880214,0.4016286034327349,5,0.1,0.5,0.6123574237122701,0.616103673474136,0.6257188900074533,0.6218574934973744,0.608752775405039,1.0,0.6157733159145816,0.615771614407789,0.6195331208878702,0.6150933353431688,0.6092821854458693,0.6114194326186305
3,6,0.24997049456426673,0.92656,5000,1.6148998825638383,0.9003601440576231,833,1.6325807137230335,0.9017,0.8110228307395361,0.08376921753353961,,,0.959999999614572,,0.9600020079313287,0.03999799206867127,0.9704578537605282,0.40217864441924983,5,0.1,0.5,0.620674103826038,0.6235516006932281,0.6244837114822718,0.6197239007685346,0.6194705493997171,0.6157733159145816,1.0,0.6170651022029721,0.620607945362823,0.6242359636747149,0.6251633821755346,0.6161635969823918
3,7,0.24688188260670302,0.92684,5000,1.6361958539044414,0.8895558223289316,833,1.632860061459648,0.9017,0.8027021896183969,0.08333943268877234,,,0.7943489571597113,,0.7943526931378947,0.2056473068621053,0.9697492191312788,0.40189025466266115,5,0.1,0.5,0.612044925136773,0.6159659757695322,0.620103316016828,0.6148694709507588,0.6061201195289851,0.615771614407789,0.6170651022029721,1.0,0.6154411764785872,0.6142381544364657,0.6056496111880267,0.6101509377421303
3,8,0.23994655179061516,0.92808,5000,1.6604075652581674,0.8943577430972389,833,1.63486894631919,0.9018,0.806142887812767,0.08328757944995809,,,0.7743632755592057,,0.7743737764168466,0.22562622358315343,0.9684422182937698,0.40179014564711185,5,0.1,0.5,0.612738993242488,0.6195744833298586,0.6166041131753959,0.6239179466167668,0.6079687912104146,0.6195331208878702,0.620607945362823,0.6154411764785872,1.0,0.6166508613521516,0.6210813317054575,0.6077884390730126
3,9,0.2786801993407926,0.91632,5000,1.6325489106001678,0.907563025210084,833,1.6420877238812919,0.9003,0.8042935499622271,0.08308138933789831,,,0.6948918669638627,,0.6948998544249787,0.3051001455750213,0.966307224726635,0.40113950968828066,5,0.1,0.5,0.6236212124024311,0.6183595178890975,0.612640214157177,0.6089977029903163,0.61203331465759,0.6150933353431688,0.6242359636747149,0.6142381544364657,0.6166508613521516,1.0,0.6124953869570774,0.6067179145186167
3,10,0.26138805712745256,0.92244,5000,1.625748735887033,0.9135654261704682,833,1.6361106599862583,0.9014,0.8008119328359669,0.0830028327398446,,,0.6646139674107706,,0.6646252698157723,0.3353747301842277,0.9670600068687822,0.40074707179159264,5,0.1,0.5,0.6159172903973456,0.6090202887391605,0.611746244043404,0.6084731223352652,0.6033248878949949,0.6092821854458693,0.6251633821755346,0.6056496111880267,0.6210813317054575,0.6124953869570774,1.0,0.6089296088979838
3,11,0.2521702359460152,0.9232,5000,1.6469125129558422,0.9051620648259304,833,1.630501288194626,0.9026,0.7999600703541504,0.08357158943320615,,,0.8838286286665392,,0.883841172631896,0.11615882736810401,0.9705714835986399,0.40213392336391973,5,0.1,0.5,0.6220059448430295,0.6124729260959567,0.6126387607204787,0.613571830158757,0.5966741414492783,0.6114194326186305,0.6161635969823918,0.6101509377421303,0.6077884390730126,0.6067179145186167,0.6089296088979838,1.0
4,0,0.22468441741030876,0.9346,5000,1.3717524563824688,0.9184652278177458,834,1.3862688785162978,0.9245,0.795699196040718,0.08347614105244425,,,0.96,,0.9600020079313287,0.03999799206867127,0.9700374790416875,0.39782107831923796,5,0.1,0.5,1.0,0.5967942209529558,0.6032288272668862,0.6061776512009918,0.6016150492789787,0.6000959518313667,0.6018533467106282,0.5959326222923155,0.5928848843614436,0.6018462003614734,0.5952432103914636,0.6003894233101669
4,1,0.2337280466855996,0.9292,5000,1.3866839585480866,0.934052757793765,834,1.3979166536666334,0.9249,0.795704034785209,0.08317666667790315,,,0.96,,0.9600020079313287,0.03999799206867127,0.967572514395251,0.39782107831923796,5,0.1,0.5,0.5967942209529558,1.0,0.600706901634356,0.6009883261879929,0.6012472201081898,0.6016295581139356,0.6067295202161513,0.6064688438636012,0.6022439077993996,0.5991349117696293,0.589832802382002,0.5925138002251321
4,2,0.2343436979172621,0.92796,5000,1.3667156917077523,0.9436450839328537,834,1.385069038921271,0.9243,0.7991197688213524,0.08369658278196423,,,0.96,,0.9600020079313287,0.03999799206867127,0.9702038707293719,0.39782107831923796,5,0.1,0.5,0.6032288272668862,0.600706901634356,1.0,0.6067967202632322,0.5995954472320482,0.6055834795870059,0.603708437733325,0.6053485749703538,0.6038717580409876,0.5970420513460653,0.6002896908132335,0.6018263406764381
4,3,0.22350629822285786,0.93216,5000,1.4046194906587954,0.919664268585132,834,1.385515656715003,0.9243,0.7987892253812898,0.08367943472072518,,,0.96,,0.9600020079313287,0.03999799206867127,0.9701996819980484,0.39782107831923796,5,0.1,0.5,0.6061776512009918,0.6009883261879929,0.6067967202632322,1.0,0.6003397363136371,0.6090488718367233,0.6005902231844833,0.6050934992089989,0.6099718964813948,0.5949396010543124,0.5913613104367567,0.599561961846747
4,4,0.23922136270791103,0.92876,5000,1.3982294842048928,0.9135654261704682,833,1.401591981561801,0.9242,0.7911443104450308,0.08275803160890777,,,0.96,,0.9600020079313287,0.03999799206867127,0.959826561015291,0.39782107831923796,5,0.1,0.5,0.6016150492789787,0.6012472201081898,0.5995954472320482,0.6003397363136371,1.0,0.5972056144539734,0.5975399750890041,0.5958015059491801,0.59833134806489,0.5962844972449599,0.5826811059943678,0.5859925461728216
4,5,0.21793860372046162,0.93304,5000,1.4180106763486509,0.9159663865546218,833,1.3883044620672353,0.9248,0.7977890963259859,0.0833331851234413,,,0.96,,0.9600020079313287,0.03999799206867127,0.9686887540458514,0.39782107831923796,5,0.1,0.5,0.6000959518313667,0.6016295581139356,0.6055834795870059,0.6090488718367233,0.5972056144539734,1.0,0.6023197150964807,0.6041978416685617,0.6100073839242031,0.6000250162766322,0.5913258047022042,0.5960903968209128
4,6,0.22879354822194312,0.932,5000,1.3704939594975225,0.921968787515006,833,1.3873543278477825,0.9248,0.7975913419853947,0.08369185027720172,,,0.96,,0.9600020079313287,0.03999799206867127,0.9702294536487975,0.39782107831923796,5,0.1,0.5,0.6018533467106282,0.6067295202161513,0.603708437733325,0.6005902231844833,0.5975399750890041,0.6023197150964807,1.0,0.6003908454783137,0.6049321199525209,0.601681230865184,0.5944886255614416,0.5988500681492598
4,7,0.2302536930461788,0.9312,5000,1.3922780752182007,0.9111644657863145,833,1.3876342381151339,0.9251,0.7973031048072394,0.0833957086926047,,,0.96,,0.9600020079313287,0.03999799206867127,0.9694308421347734,0.39782107831923796,5,0.1,0.5,0.5959326222923155,0.6064688438636012,0.6053485749703538,0.6050934992089989,0.5958015059491801,0.6041978416685617,0.6003908454783137,1.0,0.6029157409140473,0.5950970873907012,0.6000813082846944,0.601037544435028
4,8,0.22447766550122553,0.9314,5000,1.4205456795515838,0.9183673469387755,833,1.3898929136629683,0.9254,0.7994591722568553,0.08343672276933509,,,0.96,,0.9600020079313287,0.03999799206867127,0.9691674767626596,0.39782107831923796,5,0.1,0.5,0.5928848843614436,0.6022439077993996,0.6038717580409876,0.6099718964813948,0.59833134806489,0.6100073839242031,0.6049321199525209,0.6029157409140473,1.0,0.6064674801223368,0.6038169041864084,0.5977976371154106
4,9,0.25377857853083097,0.9248,5000,1.3828058198646263,0.9315726290516206,833,1.398102438868806,0.9249,0.793570052752962,0.08309320138510728,,,0.96,,0.9600020079313287,0.03999799206867127,0.967427117084521,0.39782107831923796,5,0.1,0.5,0.6018462003614734,0.5991349117696293,0.5970420513460653,0.5949396010543124,0.5962844972449599,0.6000250162766322,0.601681230865184,0.5950970873907012,0.6064674801223368,1.0,0.5847106864578241,0.6007245496024762
4,10,0.24127477401523453,0.92912,5000,1.3790307972166274,0.9399759903961584,833,1.3913767874812166,0.9249,0.7884564702168443,0.08286179334919283,,,0.96,,0.9600020079313287,0.03999799206867127,0.9664864461611052,0.39782107831923796,5,0.1,0.5,0.5952432103914636,0.589832802382002,0.6002896908132335,0.5913613104367567,0.5826811059943678,0.5913258047022042,0.5944886255614416,0.6000813082846944,0.6038169041864084,0.5847106864578241,1.0,0.5956173217741717
4,11,0.2299690939296203,0.92904,5000,1.4021817357451827,0.9303721488595438,833,1.3850298681959938,0.9243,0.793034090423421,0.08340068156117253,,,0.96,,0.9600020079313287,0.03999799206867127,0.9700852833642061,0.39782107831923796,5,0.1,0.5,0.6003894233101669,0.5925138002251321,0.6018263406764381,0.599561961846747,0.5859925461728216,0.5960903968209128,0.5988500681492598,0.601037544435028,0.5977976371154106,0.6007245496024762,0.5956173217741717,1.0
5,0,0.20818272439857863,0.9374,5000,1.1222146970254403,0.9328537170263789,834,1.1401930034351044,0.9371,0.786492057598086,0.08352885323275053,,,0.8605779913206308,,0.8605993675016315,0.13940063249836854,0.9693553691674076,0.39173766253072423,5,0.1,0.5,1.0,0.5830939079998214,0.5830138890975906,0.5861340303399397,0.5735320363036095,0.5795049805618036,0.5853413623519829,0.5812672517974229,0.5833779818027934,0.5820312093861926,0.5756185543072778,0.5823841239610357
5,1,0.209894519909374,0.93592,5000,1.1397715674506292,0.9460431654676259,834,1.1533731688706639,0.9363,0.7815962613888712,0.08315616363258167,,,0.7243240521842778,,0.7243361277044325,0.27566387229556755,0.9676330315598332,0.39101287945065283,5,0.1,0.5,0.5830939079998214,1.0,0.5748232079685968,0.5798711100951212,0.5686484953705966,0.5757947044233128,0.5821632775651281,0.5832865884558565,0.5781171874895975,0.5807083874600615,0.5739057875817627,0.5703878779668559
5,2,0.22066161432985668,0.93264,5000,1.118166168530782,0.9544364508393285,834,1.1389715841022163,0.9365,0.7838841038646482,0.08358449500829988,,,0.88092041862664,,0.8809346920335325,0.11906530796646753,0.969437339198292,0.391772789031298,5,0.1,0.5,0.5830138890975906,0.5748232079685968,1.0,0.5815669410636511,0.5795212907096842,0.5804789114786808,0.5796823243282013,0.5830789308443367,0.5892603857833429,0.5683471507062883,0.5701246405154589,0.5797655573001597
5,3,0.20330606750301589,0.9384,5000,1.1610341601901584,0.9316546762589928,834,1.1393160201109256,0.9365,0.7862593660526566,0.08365664899426438,,,0.9072996489770373,,0.9073138898649666,0.09268611013503336,0.9694866229809606,0.3918039642902288,5,0.1,0.5,0.5861340303399397,0.5798711100951212,0.5815669410636511,1.0,0.5777338311680176,0.5877338830179917,0.5842145659634699,0.5834138997378611,0.5890834014854668,0.576121778840105,0.5729053646565117,0.5733230222507142
5,4,0.21904053707980806,0.9324,5000,1.155730704466502,0.9339735894357744,833,1.1600609581691388,0.9362,0.7787995903757523,0.08277766749009369,,,0.5859472626561106,,0.5859595401837258,0.41404045981627424,0.961808293999293,0.3886336286067975,5,0.1,0.5,0.5735320363036095,0.5686484953705966,0.5795212907096842,0.5777338311680176,1.0,0.5786201162909062,0.5830831392892468,0.5811511413961139,0.5819045056271707,0.5862112191399146,0.5549968203757641,0.5611791089323782
5,5,0.20064053759334763,0.93932,5000,1.1729497114817302,0.9243697478991597,833,1.1424303970778713,0.9368,0.7843349303875613,0.08335728161321974,,,0.7978520419126481,,0.7978665729632046,0.20213342703679538,0.9688974530801191,0.39153157797902505,5,0.1,0.5,0.5795049805618036,0.5757947044233128,0.5804789114786808,0.5877338830179917,0.5786201162909062,1.0,0.5886481315096,0.582635869475997,0.5847009582637857,0.5808094425692515,0.5688233585547174,0.5679633542684086
5,6,0.21098485208015627,0.93728,5000,1.126603040430281,0.9351740696278511,833,1.1412690481819665,0.9366,0.7901178538565653,0.083800798020265,,,0.9599999996344036,,0.9600020079313287,0.03999799206867127,0.969529668712728,0.3918297254602207,5,0.1,0.5,0.5853413623519829,0.5821632775651281,0.5796823243282013,0.5842145659634699,0.5830831392892468,0.5886481315096,1.0,0.5908212191291718,0.5929735455810764,0.5847804554582717,0.5800595035252443,0.5766606434313747
5,7,0.20978282152016642,0.9374,5000,1.1479945867149919,0.9231692677070829,833,1.1416172945080474,0.9368,0.7876759336076785,0.08351673025793159,,,0.8561458765731771,,0.8561618392650971,0.14383816073490285,0.969330138304074,0.3917281466054288,5,0.1,0.5,0.5812672517974229,0.5832865884558565,0.5830789308443367,0.5834138997378611,0.5811511413961139,0.582635869475997,0.5908212191291718,1.0,0.590431890672264,0.5814922111089166,0.5732233056220299,0.5760559516300557
5,8,0.20130412209316328,0.93804,5000,1.177604489856296,0.929171668667467,833,1.143901776201047,0.9366,0.79127352528135,0.08367082427470209,,,0.9124820790666477,,0.9124993725214597,0.08750062747854026,0.9694942246308482,0.39180831422150514,5,0.1,0.5,0.5833779818027934,0.5781171874895975,0.5892603857833429,0.5890834014854668,0.5819045056271707,0.5847009582637857,0.5929735455810764,0.590431890672264,1.0,0.5921376762613605,0.579603875983994,0.578893541384801
5,9,0.23738106949741294,0.9288,5000,1.1341311887458518,0.9351740696278511,833,1.1535718077287886,0.9362,0.7830691188467644,0.08315218588964123,,,0.7228698040800585,,0.7228803774910898,0.2771196225089102,0.9676104322518053,0.39099850371808537,5,0.1,0.5,0.5820312093861926,0.5807083874600615,0.5683471507062883,0.576121778840105,0.5862112191399146,0.5808094425692515,0.5847804554582717,0.5814922111089166,0.5921376762613605,1.0,0.5657677476030322,0.5667603460187508
5,10,0.22208421817820542,0.93472,5000,1.1359674444905035,0.9555822328931572,833,1.15011139114063,0.9362,0.7740353109469891,0.08267934247261978,,,0.55,,0.5500125495708047,0.4499874504291953,0.9590074622975546,0.3875351373762324,5,0.1,0.5,0.5756185543072778,0.5739057875817627,0.5701246405154589,0.5729053646565117,0.5549968203757641,0.5688233585547174,0.5800595035252443,0.5732233056220299,0.579603875983994,0.5657677476030322,1.0,0.5662216270332109
5,11,0.21115767728110219,0.93628,5000,1.1558918599729184,0.9351740696278511,833,1.1399966021315358,0.9364,0.7762846482379403,0.08311900911363039,,,0.7107404975008769,,0.7107625119220923,0.2892374880779077,0.9672968350522906,0.3908746626907673,5,0.1,0.5,0.5823841239610357,0.5703878779668559,0.5797655573001597,0.5733230222507142,0.5611791089323782,0.5679633542684086,0.5766606434313747,0.5760559516300557,0.578893541384801,0.5667603460187508,0.5662216270332109,1.0
6,0,0.1964625004524733,0.94168,5000,0.8864706688457065,0.9400479616306955,834,0.9068251431178742,0.9445,0.7677240900999114,0.08343851590071268,,,0.8044141263446712,,0.8044274885798905,0.19557251142010945,0.966475664607685,0.38394899072913863,5,0.1,0.5,1.0,0.5564074149813827,0.5550664293793457,0.55212681697112,0.5458262249931378,0.5433991748083711,0.5647290031449944,0.5424673790991492,0.5524920539457331,0.5581480849976063,0.5463308996094248,0.5616545378895224
6,1,0.19773199416186873,0.93996,5000,0.9031715746279116,0.9556354916067147,834,0.9196005873025035,0.9448,0.7732774574252858,0.08338438245116363,,,0.7889332068614094,,0.7889413182069174,0.21105868179308263,0.9651677942172162,0.38386961754073196,5,0.1,0.5,0.5564074149813827,1.0,0.5560325251276692,0.5542035325082308,0.5536389207823982,0.5543332801193896,0.5677962116932029,0.5537800766334303,0.5604494363760996,0.5717250745024495,0.5471683051239099,0.5562951183661569
6,2,0.20398495561994945,0.93832,5000,0.88202965259552,0.9580335731414868,834,0.9056126185880301,0.9443,0.7694723347556588,0.08353792322585406,,,0.8328423312601145,,0.8328547763666483,0.1671452236333517,0.9666762030677174,0.3840610932047123,5,0.1,0.5,0.5550664293793457,0.5560325251276692,1.0,0.5566612765153397,0.5521187132945449,0.552559091812086,0.559463979255161,0.5559496699737634,0.5506199673080194,0.5522333392179115,0.5483263747287566,0.5554567793103684
6,3,0.18977323278049185,0.94256,5000,0.9294594504215099,0.9388489208633094,834,0.9058800638674166,0.9444,0.7699476247440877,0.08360334165283156,,,0.8515504943126615,,0.8515737161789066,0.14842628382109335,0.9668774974862867,0.3841154735516629,5,0.1,0.5,0.55212681697112,0.5542035325082308,0.5566612765153397,1.0,0.5608109705121728,0.5592546887759232,0.5551590090444672,0.5472434387408118,0.5550936900953835,0.5574882467370015,0.5481062597235509,0.5524255315235004
6,4,0.20726690986757257,0.93576,5000,0.9243177307976617,0.9411764705882353,833,0.9283546041756773,0.944,0.7644663803110496,0.08281735303235359,,,0.6267758559006992,,0.6267958435821495,0.37320415641785054,0.9616249123389118,0.3819438623575483,5,0.1,0.5,0.5458262249931378,0.5536389207823982,0.5521187132945449,0.5608109705121728,1.0,0.546007029202602,0.5571053713174012,0.539302039821695,0.5586057212717033,0.5593390304295156,0.5372228025913146,0.5425989323642185
6,5,0.18609854914722548,0.94436,5000,0.9384692046377394,0.9399759903961584,833,0.9093470219225167,0.9444,0.7644903534207338,0.08320842310840476,,,0.7386128884580987,,0.7386275789368003,0.2613724210631997,0.9655261616108511,0.3835201834771455,5,0.1,0.5,0.5433991748083711,0.5543332801193896,0.552559091812086,0.5592546887759232,0.546007029202602,1.0,0.5556077343490596,0.5502199749752773,0.5535360319263403,0.554610735250421,0.5347298113431782,0.5453756556925509
6,6,0.1960104350635343,0.94012,5000,0.8954194077739009,0.9483793517406963,833,0.9076862281884629,0.9445,0.7779111364638999,0.08398256627418635,,,0.959999999714023,,0.9600020079313287,0.03999799206867127,0.9671346576663212,0.3842386922187609,5,0.1,0.5,0.5647290031449944,0.5677962116932029,0.559463979255161,0.5551590090444672,0.5571053713174012,0.5556077343490596,1.0,0.5626527778910403,0.5591415937369933,0.5681831592204376,0.5628677896575689,0.5586071370595515
6,7,0.19538782880445765,0.9414,5000,0.9164553968994705,0.9315726290516206,833,0.9083141393173998,0.9444,0.7647341609711602,0.08332440967205765,,,0.7717823736471711,,0.7717986044877265,0.22820139551227347,0.9660520697939665,0.3837677495500768,5,0.1,0.5,0.5424673790991492,0.5537800766334303,0.5559496699737634,0.5472434387408118,0.539302039821695,0.5502199749752773,0.5626527778910403,1.0,0.5547538042517507,0.5553912211201859,0.5447374148677288,0.544549485676533
6,8,0.19245902737958512,0.94228,5000,0.9459497553330881,0.9423769507803121,833,0.9102339234215002,0.9443,0.7716316024340626,0.08367255476614949,,,0.8713438502392925,,0.8713568595954019,0.12864314040459812,0.9669536572502786,0.3841593132485592,5,0.1,0.5,0.5524920539457331,0.5604494363760996,0.5506199673080194,0.5550936900953835,0.5586057212717033,0.5535360319263403,0.5591415937369933,0.5547538042517507,1.0,0.5646532772172472,0.546669633095863,0.5580092178107733
6,9,0.21870516991824102,0.93508,5000,0.8973674244350858,0.9399759903961584,833,0.9197935581968996,0.9448,0.7731275444135309,0.08337639248050405,,,0.7866482593200096,,0.7866623161487877,0.21333768385121232,0.9651573531042112,0.38385783536785534,5,0.1,0.5,0.5581480849976063,0.5717250745024495,0.5522333392179115,0.5574882467370015,0.5593390304295156,0.554610735250421,0.5681831592204376,0.5553912211201859,0.5646532772172472,1.0,0.5410629691450698,0.5475722023561378
6,10,0.20791822179238412,0.9386,5000,0.9056900651366623,0.957983193277311,833,0.9207546410088341,0.9445,0.7587579276322264,0.0825488843586111,,,0.55,,0.5500125495708047,0.4499874504291953,0.9592967284534831,0.3798846704042756,5,0.1,0.5,0.5463308996094248,0.5471683051239099,0.5483263747287566,0.5481062597235509,0.5372228025913146,0.5347298113431782,0.5628677896575689,0.5447374148677288,0.546669633095863,0.5410629691450698,1.0,0.5432724081811706
6,11,0.1977785475587674,0.94044,5000,0.9218734701474508,0.9411764705882353,833,0.9075851868897581,0.9444,0.7661059027604696,0.08310525307717112,,,0.7091086362828063,,0.7091260478891622,0.2908739521108378,0.964630888096414,0.3832260168645251,5,0.1,0.5,0.5616545378895224,0.5562951183661569,0.5554567793103684,0.5524255315235004,0.5425989323642185,0.5453756556925509,0.5586071370595515,0.544549485676533,0.5580092178107733,0.5475722023561378,0.5432724081811706,1.0
7,0,0.18407827627245976,0.94584,5000,0.6831191458083965,0.9448441247002398,834,0.703846074521732,0.9502,0.753017135259233,0.08335063226905708,,,0.7562082922228056,,0.7562270970332815,0.2437729029667185,0.9626017560940685,0.3767012603957329,5,0.1,0.5,1.0,0.5315688386453692,0.5280353829828852,0.519871870681883,0.5224119063136883,0.525092685002894,0.5404774806579797,0.5271303560578359,0.531988164482229,0.534982122862715,0.5177136170992984,0.5381714840951578
