round,client_id,client_i_training_loss,client_i_training_accuracy,client_i_training_dataset_size,client_i_evaluation_loss,client_i_evaluation_accuracy,client_i_evaluation_dataset_size,client_i_central_evaluation_loss,client_i_central_evaluation_accuracy,client_i_cosine_similarity,client_i_importance_coefficient,client_i_tanh_val,tanh_normalization_value,client_i_q,client_i_mask_order,client_i_v_nonzero_fraction,client_i_v_sparsity,client_i_v_cosine_similarity,client_i_reward_gradient_norm,local_epochs,learning_rate,gamma,client_0_cosine_similarity,client_1_cosine_similarity,client_2_cosine_similarity,client_3_cosine_similarity,client_4_cosine_similarity,client_5_cosine_similarity,client_6_cosine_similarity,client_7_cosine_similarity,client_8_cosine_similarity,client_9_cosine_similarity,client_10_cosine_similarity,client_11_cosine_similarity
0,0,0.3494161806244308,0.89348,5000,2.19466785148338,0.33093525179856115,834,2.1978033914352757,0.3502,0.7800058569220012,0.08285370926229925,,,0.8857303280396662,,0.8857487073942071,0.11425129260579292,0,0.39222886402873536,5,0.1,0.5,1.0,0.5687698227662273,0.5828191186909653,0.5724367709800369,0.5674668221279262,0.5700319568279056,0.5798407813430076,0.5783416546042021,0.5879644697132281,0.5966067760916902,0.5757542523273,0.5631407689820677
0,1,0.34167338814349124,0.89552,5000,2.1999552426514803,0.3501199040767386,834,2.197803111883779,0.3502,0.7795697750325212,0.08280738781257566,,,0.8823409847805137,,0.882355303448622,0.11764469655137799,0,0.39222563129460686,5,0.1,0.5,0.5687698227662273,1.0,0.5817091069155783,0.5686552341710309,0.5693029051564815,0.5807589910681221,0.5722475547065541,0.5970567288213348,0.5755768618228948,0.577194409233181,0.5920835882162712,0.5557126060910587
0,2,0.3403540704090884,0.8926,5000,2.2006819159896285,0.35251798561151076,834,2.1977659985661124,0.3504,0.7895584031404277,0.08386839893427095,,,0.9599752322978586,,0.9599869484463631,0.04001305155363688,0,0.3922593431219787,5,0.1,0.5,0.5828191186909653,0.5817091069155783,1.0,0.5775642475141842,0.584470376988984,0.5943331736400882,0.5951621058796408,0.5939937367707382,0.5689483770784932,0.588233799563888,0.588822702145614,0.5770465431852441
0,3,0.34945010292895473,0.89032,5000,2.1889076321213334,0.3657074340527578,834,2.1977759215016714,0.3503,0.7846527111437428,0.08334730697731099,,,0.9218469025011943,,0.9218613523417499,0.07813864765825007,0,0.39225142543488434,5,0.1,0.5,0.5724367709800369,0.5686552341710309,0.5775642475141842,1.0,0.583653036174276,0.5884903788750425,0.5850690005976762,0.5837915954232826,0.5908670296969551,0.585884402378789,0.5831085419722128,0.5673996217896283
0,4,0.3433041615435367,0.89392,5000,2.1941562670248524,0.3505402160864346,833,2.1978098066470113,0.3504,0.7770956127656803,0.08254457757941469,,,0.863111144231143,,0.8631243411475328,0.13687565885246722,0,0.3922029182483364,5,0.1,0.5,0.5674668221279262,0.5693029051564815,0.584470376988984,0.583653036174276,1.0,0.5946371025589868,0.553361904250721,0.5738103954616838,0.5760425214340958,0.5693186375276296,0.5772074486114446,0.5665042690997446
0,5,0.3301413535324346,0.89444,5000,2.1979830265045166,0.3565426170468187,833,2.1977629196910433,0.3503,0.7903940875387874,0.08395716692436012,,,0.9664703914656423,,0.9664826062948647,0.03351739370513529,0,0.3922598608659615,5,0.1,0.5,0.5700319568279056,0.5807589910681221,0.5943331736400882,0.5884903788750425,0.5946371025589868,1.0,0.5909481185593124,0.5917257620220339,0.5867587702990354,0.5803633303138206,0.600768234847091,0.562154811988539
0,6,0.3454064794549137,0.89116,5000,2.1949650976392956,0.3637454981992797,833,2.1977734870423142,0.3503,0.7859299288324445,0.08348297547531681,,,0.9317737746509052,,0.9317905727624115,0.0682094272375885,0,0.3922545522440239,5,0.1,0.5,0.5798407813430076,0.5722475547065541,0.5951621058796408,0.5850690005976762,0.553361904250721,0.5909481185593124,1.0,0.5894335923910713,0.5871512869993406,0.5920423746898309,0.5871925573333638,0.5664946339744845
0,7,0.35086005492859584,0.88968,5000,2.194195093931975,0.34213685474189676,833,2.197761292655628,0.3503,0.7934214693446193,0.0842787411917075,,,0.98999999992683,,0.9900005019828322,0.009999498017167818,0,0.3922605734862879,5,0.1,0.5,0.5783416546042021,0.5970567288213348,0.5939937367707382,0.5837915954232826,0.5738103954616838,0.5917257620220339,0.5894335923910713,1.0,0.5963985397854438,0.5911240312361372,0.595583985144476,0.5782111522259366
0,8,0.34099358824336795,0.8932,5000,2.1937296832049333,0.37214885954381755,833,2.1977701933620075,0.3504,0.7879769570752139,0.08370041471807764,,,0.9476838171069217,,0.947698408714422,0.052301591285577986,0,0.3922578408733661,5,0.1,0.5,0.5879644697132281,0.5755768618228948,0.5689483770784932,0.5908670296969551,0.5760425214340958,0.5867587702990354,0.5871512869993406,0.5963985397854438,1.0,0.5787772483727448,0.5837777711484837,0.5859522755581653
0,9,0.34140331901040427,0.89316,5000,2.200225794756854,0.3433373349339736,833,2.19777230713695,0.3503,0.7865905080361135,0.08355314345777466,,,0.9369079701428631,,0.936925857135686,0.06307414286431401,0,0.3922557897993289,5,0.1,0.5,0.5966067760916902,0.577194409233181,0.588233799563888,0.585884402378789,0.5693186375276296,0.5803633303138206,0.5920423746898309,0.5911240312361372,0.5787772483727448,1.0,0.5913232469372628,0.554294516073037
0,10,0.32688623812571643,0.89884,5000,2.191379750216449,0.33613445378151263,833,2.197763682173464,0.3504,0.790083041072893,0.08392412697571923,,,0.9640528564386309,,0.9640680688720445,0.03593193112795545,0,0.3922597045717432,5,0.1,0.5,0.5757542523273,0.5920835882162712,0.588822702145614,0.5831085419722128,0.5772074486114446,0.600768234847091,0.5871925573333638,0.595583985144476,0.5837777711484837,0.5913232469372628,1.0,0.5624200333158713
0,11,0.36478844299959906,0.88832,5000,2.197036354630082,0.33613445378151263,833,2.197888560188464,0.3504,0.7689755656299302,0.08168205069117251,,,0.8,,0.8,0.19999999999999996,0,0.39204641697501086,5,0.1,0.5,0.5631407689820677,0.5557126060910587,0.5770465431852441,0.5673996217896283,0.5665042690997446,0.562154811988539,0.5664946339744845,0.5782111522259366,0.5859522755581653,0.554294516073037,0.5624200333158713,1.0
1,0,0.3073130268888299,0.90796,5000,2.034336712625292,0.6726618705035972,834,2.0396309790139,0.6701,0.8113221075500663,0.0830031623274324,,,0.9039419350132526,,0.9039556247176347,0.09604437528236531,0.9611916733139565,0.4058424630995173,5,0.1,0.5,1.0,0.6298017600218248,0.6243146203147645,0.6232851154752189,0.6333179561201592,0.6290671042642818,0.630531576433595,0.6271300314442967,0.6310052996569628,0.6234240702344935,0.6310089223206472,0.622025389458738
1,1,0.30273110000594594,0.90772,5000,2.036083124302052,0.6786570743405276,834,2.039619741729273,0.6702,0.8145602278066318,0.08308520760855215,,,0.9111083838773953,,0.9111289593895888,0.08887104061041118,0.9611894308969893,0.4058466368799091,5,0.1,0.5,0.6298017600218248,1.0,0.6364597202046303,0.627546482449503,0.6322704943247687,0.630506567783811,0.6259863117919,0.6239361236741209,0.6394093174429123,0.6348230205038057,0.6308606623926595,0.6249965284366765
1,2,0.299148793568372,0.91004,5000,2.0417560074064465,0.6606714628297362,834,2.039535977589056,0.67,0.8153514625670031,0.08381416264301592,,,0.974780771947098,,0.9747904221675618,0.025209577832438157,0.9612821327522351,0.4058613171755442,5,0.1,0.5,0.6243146203147645,0.6364597202046303,1.0,0.627112548527809,0.6370981451398403,0.6323860925422228,0.6272946653814746,0.6357071145356701,0.6338783362653604,0.6341131414789309,0.6327821838360939,0.618272525697824
1,3,0.3060646264167253,0.90568,5000,2.0288116799460516,0.6918465227817746,834,2.039570811076667,0.6702,0.81028116977404,0.08329325655236401,,,0.9292809356283075,,0.9292957180864414,0.0707042819135586,0.9612478784901568,0.4058541062556818,5,0.1,0.5,0.6232851154752189,0.627546482449503,0.627112548527809,1.0,0.6301153729643612,0.6256781594675673,0.6290908469332803,0.624340858898792,0.6375928088800363,0.6258419827773974,0.6213009321450739,0.6206390143882541
1,4,0.3073352764319083,0.90564,5000,2.0361523628234863,0.6566626650660264,833,2.039647302688501,0.6703,0.8121587384048415,0.08282790818018554,,,0.8886339262242935,,0.8886451483359269,0.1113548516640731,0.9611288585918798,0.40583018726597625,5,0.1,0.5,0.6333179561201592,0.6322704943247687,0.6370981451398403,0.6301153729643612,1.0,0.6385929210190294,0.618870977266407,0.6255324632475961,0.6331270630990311,0.6286127973441258,0.6233971434167321,0.6132431177463
1,5,0.28707237006372704,0.91076,5000,2.035951292073285,0.687875150060024,833,2.039531039353758,0.6699,0.81484861607555,0.08385535017228012,,,0.9783783989926009,,0.9783896390743436,0.02161036092565638,0.9612842844844735,0.4058614301810091,5,0.1,0.5,0.6290671042642818,0.630506567783811,0.6323860925422228,0.6256781594675673,0.6385929210190294,1.0,0.63226139807839,0.6326304717664112,0.6363586239114961,0.6325305897548931,0.6374173932789281,0.6064565289329299
1,6,0.300053501533119,0.90836,5000,2.0363342982751353,0.6758703481392557,833,2.0395658065716677,0.6702,0.8097892444674718,0.0833658295669948,,,0.9356200058486799,,0.9356407810852869,0.06435921891471308,0.9612692398185679,0.4058559293281767,5,0.1,0.5,0.630531576433595,0.6259863117919,0.6272946653814746,0.6290908469332803,0.618870977266407,0.63226139807839,1.0,0.6358639330227749,0.6277516725444183,0.6271447772879472,0.6195146265253979,0.6124728165652717
1,7,0.30414324237662516,0.90684,5000,2.039468765258789,0.6446578631452581,833,2.0395280522660326,0.6699,0.8125626187949118,0.08398840038063615,,,0.9899999999126525,,0.9900005019828322,0.009999498017167818,0.9612812966488988,0.4058616069642455,5,0.1,0.5,0.6271300314442967,0.6239361236741209,0.6357071145356701,0.624340858898792,0.6255324632475961,0.6326304717664112,0.6358639330227749,1.0,0.6304491138206969,0.6237908492203096,0.626426219117006,0.6246781354490302
1,8,0.2907425044804432,0.90896,5000,2.0341856877009072,0.6902761104441777,833,2.039541060551287,0.6698,0.8173601618601004,0.08377300101826711,,,0.9711854075958339,,0.9712012449174239,0.028798755082576122,0.9612847366961959,0.40586116013117224,5,0.1,0.5,0.6310052996569628,0.6394093174429123,0.6338783362653604,0.6375928088800363,0.6331270630990311,0.6363586239114961,0.6277516725444183,0.6304491138206969,1.0,0.6350965085403164,0.6296467060949361,0.6256198864145922
1,9,0.30939204642893214,0.90468,5000,2.0440652193846525,0.6686674669867947,833,2.0395611257979662,0.6701,0.8117676850995664,0.0834810553253455,,,0.9456846859105008,,0.9457055368706391,0.054294463129360926,0.9612710531821569,0.40585820333419986,5,0.1,0.5,0.6234240702344935,0.6348230205038057,0.6341131414789309,0.6258419827773974,0.6286127973441258,0.6325305897548931,0.6271447772879472,0.6237908492203096,0.6350965085403164,1.0,0.6295000150482181,0.6109282882970611
1,10,0.2883284048017138,0.91056,5000,2.0321802342379534,0.6542617046818727,833,2.0395315710348063,0.67,0.8109967768245336,0.08369948591508175,,,0.9647640483106954,,0.9647758646654284,0.03522413533457158,0.9612844182192182,0.4058607410939942,5,0.1,0.5,0.6310089223206472,0.6308606623926595,0.6327821838360939,0.6213009321450739,0.6233971434167321,0.6374173932789281,0.6195146265253979,0.626426219117006,0.6296467060949361,0.6295000150482181,1.0,0.6148195798735471
1,11,0.3260145437138475,0.90236,5000,2.042421892837242,0.6578631452581032,833,2.0398542340190264,0.6698,0.7993830827713938,0.08181318030984464,,,0.8,,0.8,0.19999999999999996,0.9606830044602116,0.4056543749342259,5,0.1,0.5,0.622025389458738,0.6249965284366765,0.618272525697824,0.6206390143882541,0.6132431177463,0.6064565289329299,0.6124728165652717,0.6246781354490302,0.6256198864145922,0.6109282882970611,0.6148195798735471,1.0
2,0,0.2793029416055911,0.91708,5000,1.833116544617547,0.8273381294964028,834,1.8414591760300218,0.8304,0.8114615342426991,0.08306969373039373,,,0.908988634704694,,0.9090005521811154,0.09099944781888458,0.9689662210966156,0.40637965977105817,5,0.1,0.5,1.0,0.6290153891311171,0.628192267368081,0.6240653947987158,0.627872302184014,0.6311946758522591,0.6403581387558657,0.6369853018411644,0.6200021251909311,0.6308224902357396,0.6268496419175392,0.6205218660976851
2,1,0.27194464635103943,0.91896,5000,1.8309037067272045,0.8441247002398081,834,1.8414231542581188,0.8305,0.8138258314619323,0.0832061360780318,,,0.9218847667723621,,0.9219015109683248,0.07809848903167516,0.9689977351841874,0.4063861219259526,5,0.1,0.5,0.6290153891311171,1.0,0.6299466038507912,0.626119412008727,0.6295252330661295,0.6358240579563398,0.6342122684886408,0.6326916604027678,0.6309075661859666,0.6403718760537179,0.6299387191144052,0.6199309664386722
2,2,0.26986402235806556,0.91804,5000,1.8435397854557745,0.8201438848920863,834,1.841319273074214,0.8304,0.8122382935016951,0.08363261371911732,,,0.9621941874071891,,0.9622107323929522,0.037789267607047816,0.9690432039140551,0.4063950383652126,5,0.1,0.5,0.628192267368081,0.6299466038507912,1.0,0.6254147863544897,0.6387193509095315,0.6223493687368137,0.6380587457427582,0.6298981816198798,0.6267337793267195,0.6263695548966585,0.6292574489220517,0.6251241972232158
2,3,0.27721768178188116,0.91704,5000,1.828669133009734,0.8453237410071942,834,1.8413591544849042,0.8301,0.8083048961205371,0.0831516028772084,,,0.9167304479551804,,0.9167511671100849,0.08324883288991514,0.9690020978329866,0.40638383403856265,5,0.1,0.5,0.6240653947987158,0.626119412008727,0.6254147863544897,1.0,0.6246768728090238,0.6327956136994088,0.6355108826207385,0.6276960798999516,0.6251536215723617,0.6211070572319247,0.6286275308290179,0.6125042438711337
2,4,0.27644741223994523,0.91604,5000,1.838099303068938,0.8271308523409364,833,1.8415181739642597,0.8306,0.8122076117191912,0.082979834200018,,,0.9004953744279216,,0.9005120224888309,0.09948797751116911,0.9689362414674692,0.40637419037758066,5,0.1,0.5,0.627872302184014,0.6295252330661295,0.6387193509095315,0.6246768728090238,1.0,0.6345533906067964,0.6325652628575156,0.632791884353104,0.6257339772727586,0.6300391685537728,0.6322015158982183,0.6150642114092693
2,5,0.2592355845881638,0.92056,5000,1.8325859308242798,0.8475390156062425,833,1.841313716702568,0.8305,0.815344043727477,0.08376784422779274,,,0.9749757799966261,,0.9749861954721148,0.025013804527885153,0.969042286628714,0.40639581330241503,5,0.1,0.5,0.6311946758522591,0.6358240579563398,0.6223493687368137,0.6327956136994088,0.6345533906067964,1.0,0.638893700847587,0.6389752979643184,0.6294039109165119,0.6330292210244742,0.634762124290054,0.6181468352885023
2,6,0.27145342668815026,0.91616,5000,1.8383289972941081,0.8331332533013205,833,1.8413532187763495,0.8304,0.8204003404041855,0.08362022270773206,,,0.9610230252127354,,0.9610411123939562,0.038958887606043824,0.9690393903798735,0.40639494521146086,5,0.1,0.5,0.6403581387558657,0.6342122684886408,0.6380587457427582,0.6355108826207385,0.6325652628575156,0.638893700847587,1.0,0.6464962327961875,0.6386668165328412,0.6414173221218187,0.635344391630803,0.6196748788174864
2,7,0.27211325446108153,0.91828,5000,1.8452244423053883,0.8367346938775511,833,1.8413024832265446,0.8305,0.8173866370938244,0.0839268019544226,,,0.9899999999054829,,0.9900005019828322,0.009999498017167818,0.969043332721652,0.4063961262321997,5,0.1,0.5,0.6369853018411644,0.6326916604027678,0.6298981816198798,0.6276960798999516,0.632791884353104,0.6389752979643184,0.6464962327961875,1.0,0.632013542130129,0.6358241066675564,0.6356481425095213,0.6202230436699393
2,8,0.26514309070719655,0.91848,5000,1.8340483020853113,0.8355342136854742,833,1.8413230176931752,0.8304,0.8118141923962412,0.08359066461728316,,,0.9582292808606652,,0.9582450680186737,0.04175493198132629,0.9690470343148477,0.40639467433839743,5,0.1,0.5,0.6200021251909311,0.6309075661859666,0.6267337793267195,0.6251536215723617,0.6257339772727586,0.6294039109165119,0.6386668165328412,0.632013542130129,1.0,0.6320061876501457,0.6294448633471333,0.6258792022969443
2,9,0.2771774467804534,0.91608,5000,1.8481876805976585,0.8091236494597839,833,1.8413492201235349,0.8303,0.8149188755459712,0.0835057251021057,,,0.950201046046076,,0.9502233823603233,0.04977661763967667,0.9690440096746717,0.40639366353392475,5,0.1,0.5,0.6308224902357396,0.6403718760537179,0.6263695548966585,0.6211070572319247,0.6300391685537728,0.6330292210244742,0.6414173221218187,0.6358241066675564,0.6320061876501457,1.0,0.6371585603120405,0.61925973680652
2,10,0.2611381692123736,0.9204,5000,1.8334356369795624,0.8319327731092437,833,1.8413139155116707,0.8304,0.8144074852953375,0.08363227754684413,,,0.9621624133860913,,0.962180613423021,0.03781938657697903,0.9690438808821952,0.4063950373170515,5,0.1,0.5,0.6268496419175392,0.6299387191144052,0.6292574489220517,0.6286275308290179,0.6322015158982183,0.634762124290054,0.635344391630803,0.6356481425095213,0.6294448633471333,0.6371585603120405,1.0,0.6222476068120667
2,11,0.29091659583934365,0.9142,5000,1.8490175582744457,0.8079231692677071,833,1.8419460724717893,0.8295,0.8009155468369179,0.08191658323905045,,,0.8,,0.8,0.19999999999999996,0.9683472024301124,0.40617269307999515,5,0.1,0.5,0.6205218660976851,0.6199309664386722,0.6251241972232158,0.6125042438711337,0.6150642114092693,0.6181468352885023,0.6196748788174864,0.6202230436699393,0.6258792022969443,0.61925973680652,0.6222476068120667,1.0
3,0,0.2523529693508034,0.9236,5000,1.6001324167958013,0.9040767386091128,834,1.6121675377836624,0.899,0.8073126511893066,0.0831508740515304,,,0.9147064184602474,,0.9147181366397269,0.0852818633602731,0.9704738102708347,0.40376429136232317,5,0.1,0.5,1.0,0.6199681532527281,0.6227778883283934,0.6198253087953257,0.6185666700518433,0.6215958397337592,0.6241615626578625,0.6217754076046593,0.6273419460703059,0.6113646591670436,0.6241612133771706,0.6129080369067108
3,1,0.2441224140826921,0.92688,5000,1.5941421367503978,0.9124700239808153,834,1.612095420352948,0.899,0.810625378697738,0.08335669619932413,,,0.9361197270851437,,0.9361377440891522,0.06386225591084782,0.970523231273367,0.4037733735181455,5,0.1,0.5,0.6199681532527281,1.0,0.6256028956734132,0.6201244945146291,0.618535313762781,0.6322151517533282,0.6260685350049259,0.629043152730554,0.6190718360544286,0.6152586035029631,0.6284645359419282,0.6216009967774293
3,2,0.24452030520981094,0.92612,5000,1.613349093331231,0.8932853717026379,834,1.6119560799278772,0.899,0.8111673520733118,0.08365801756308054,,,0.9674685757224485,,0.9674815521309171,0.03251844786908287,0.9705501076115014,0.4037789647948328,5,0.1,0.5,0.6227778883283934,0.6256028956734132,1.0,0.6266139475241135,0.6262750099171234,0.6249334493705111,0.6311709671159743,0.6240881627859578,0.6176339525004504,0.6202348927594925,0.6245087414845765,0.6154654239013199
3,3,0.2555387651286782,0.92284,5000,1.5980310131002355,0.9004796163069544,834,1.6120449266494654,0.8991,0.806349354211456,0.08317154213458329,,,0.9168566828795068,,0.9168766628181316,0.08312333718186837,0.9704925517716333,0.4037653910308829,5,0.1,0.5,0.6198253087953257,0.6201244945146291,0.6266139475241135,1.0,0.6173633532113735,0.6292090712207385,0.6268246506403742,0.6247541222912035,0.6183242827717624,0.6078052143024154,0.6148697437076212,0.608936097171223
3,4,0.2460627125243947,0.92756,5000,1.6077061714949432,0.8967587034813925,833,1.6122365077844443,0.8993,0.8048762118314498,0.08300644379755907,,,0.8996801949162208,,0.899688770644044,0.10031122935595604,0.9704440048248528,0.40375311719847556,5,0.1,0.5,0.6185666700518433,0.618535313762781,0.6262750099171234,0.6173633532113735,1.0,0.6301685703009302,0.6192991435679355,0.6233139489589015,0.6156754549155091,0.6066860282786212,0.6185736372528368,0.6066910517075024
3,5,0.23431141466187064,0.9296,5000,1.5971251593695746,0.9099639855942377,833,1.6119557104933375,0.899,0.8132722288781611,0.08382093779711229,,,0.9844184583757888,,0.9844234727172331,0.015576527282766928,0.9705498704455815,0.40377966086709804,5,0.1,0.5,0.6215958397337592,0.6322151517533282,0.6249334493705111,0.6292090712207385,0.6301685703009302,1.0,0.6293992975687807,0.6281869183136395,0.6211838010499503,0.6193034544833947,0.6293298176585277,0.6135149989705948
3,6,0.25248289747092467,0.92264,5000,1.6103624988485266,0.8967587034813925,833,1.6119962050891912,0.899,0.8119393687301779,0.08367672020636921,,,0.969414359872184,,0.9694242256914813,0.030575774308518655,0.9705487478254964,0.40377910203772954,5,0.1,0.5,0.6241615626578625,0.6260685350049259,0.6311709671159743,0.6268246506403742,0.6192991435679355,0.6293992975687807,1.0,0.6255482944795936,0.6280040598014831,0.6162587195363178,0.6258606550307062,0.6141367139658576
3,7,0.24827628400959786,0.92704,5000,1.6195822071146082,0.9063625450180072,833,1.61194180642454,0.899,0.8117912496051437,0.0838745869030868,,,0.9899999998959621,,0.9900005019828322,0.009999498017167818,0.9705513873360218,0.4037797440338797,5,0.1,0.5,0.6217754076046593,0.629043152730554,0.6240881627859578,0.6247541222912035,0.6233139489589015,0.6281869183136395,0.6255482944795936,1.0,0.6262586930302803,0.6194011800997401,0.6250601733012864,0.6165740131641502
3,8,0.2428903675216968,0.92564,5000,1.6028734268965545,0.9051620648259304,833,1.6119679223996002,0.899,0.8074548840947607,0.08350083984958903,,,0.9511161329750224,,0.9511369911149039,0.04886300888509609,0.9705446051798176,0.4037770439215734,5,0.1,0.5,0.6273419460703059,0.6190718360544286,0.6176339525004504,0.6183242827717624,0.6156754549155091,0.6211838010499503,0.6280040598014831,0.6262586930302803,1.0,0.6075903643662259,0.6236145010214709,0.6188660434816372
3,9,0.2527328630434764,0.92332,5000,1.6214651752401281,0.8727490996398559,833,1.6120305514564148,0.8991,0.7992517027367655,0.0831586692423155,,,0.915517413913655,,0.9155413884845138,0.08445861151548617,0.9705077854800992,0.4037647878062804,5,0.1,0.5,0.6113646591670436,0.6152586035029631,0.6202348927594925,0.6078052143024154,0.6066860282786212,0.6193034544833947,0.6162587195363178,0.6194011800997401,0.6075903643662259,1.0,0.6175872839956437,0.6026988597868864
3,10,0.23715198753923653,0.92824,5000,1.6029335304542824,0.8991596638655462,833,1.61195423313604,0.899,0.8088304443825055,0.08357634250600653,,,0.958971272478705,,0.958977962953667,0.041022037046333004,0.9705488294662363,0.40377815302248843,5,0.1,0.5,0.6241612133771706,0.6284645359419282,0.6245087414845765,0.6148697437076212,0.6185736372528368,0.6293298176585277,0.6258606550307062,0.6250601733012864,0.6236145010214709,0.6175872839956437,1.0,0.6043674636148616
3,11,0.264940670937015,0.92316,5000,1.6248594169263486,0.8907563025210085,833,1.6131120006116435,0.8988,0.7975892472463356,0.08204832974944319,,,0.8,,0.8,0.19999999999999996,0.9698522397468912,0.4035382291374916,5,0.1,0.5,0.6129080369067108,0.6216009967774293,0.6154654239013199,0.608936097171223,0.6066910517075024,0.6135149989705948,0.6141367139658576,0.6165740131641502,0.6188660434816372,0.6026988597868864,0.6043674636148616,1.0
4,0,0.229066095148231,0.9324,5000,1.3516240517298381,0.9388489208633094,834,1.3675217651330625,0.9261,0.7975836130811547,0.08330493508568562,,,0.9378443927341227,,0.9378595452035541,0.06214045479644592,0.9713877480425122,0.39746654418190075,5,0.1,0.5,1.0,0.6076602350344871,0.6011497169754233,0.6006484327745677,0.6001213356241527,0.5965080575310724,0.598991209867702,0.5994643684250164,0.6064483238342433,0.6071122003478255,0.5992231345216202,0.5918732537369844
4,1,0.22318288022474309,0.93496,5000,1.341703211819684,0.9424460431654677,834,1.367451755383525,0.926,0.8023565556986431,0.08360920378556239,,,0.9707240082138382,,0.9707394207118116,0.02926057928818837,0.9714169028786768,0.39747194724389506,5,0.1,0.5,0.6076602350344871,1.0,0.6038904745042954,0.6036665619368309,0.60540066167147,0.60456928392118,0.6050329210862293,0.6103142988118855,0.6032248474014993,0.6076578317393382,0.6049451504331363,0.5973484236249594
4,2,0.22784756659619082,0.93168,5000,1.3679513180697407,0.9232613908872902,834,1.3673022913094908,0.9261,0.7998310135854014,0.08372131526207482,,,0.982838899558512,,0.9828522664524874,0.017147733547512645,0.9714318570151139,0.3974724165509276,5,0.1,0.5,0.6011497169754233,0.6038904745042954,1.0,0.6025808627891933,0.6098933581752529,0.5984981455465403,0.6035498106919247,0.6060169202007833,0.6062448096825224,0.6019135043063494,0.6048108640150492,0.589571088345931
4,3,0.2340585345497272,0.93076,5000,1.352791260789942,0.9244604316546763,834,1.367398864164139,0.9261,0.7937158804058689,0.08318317106136386,,,0.924686436294358,,0.9246975553436072,0.0753024446563928,0.9713800577987232,0.3974615937415541,5,0.1,0.5,0.6006484327745677,0.6036665619368309,0.6025808627891933,1.0,0.5995702036838885,0.5975279130207602,0.58978170760146,0.6041815147187967,0.6005742271016817,0.5910112746647506,0.5951332981117381,0.5874460516416474
4,4,0.23070440691344107,0.92852,5000,1.361278149816725,0.9255702280912365,833,1.367634252618296,0.926,0.7945676083204068,0.08310310062351195,,,0.9160339353669555,,0.9160584308016666,0.0839415691983334,0.9713362230820761,0.39745715882858673,5,0.1,0.5,0.6001213356241527,0.60540066167147,0.6098933581752529,0.5995702036838885,1.0,0.6017166531870146,0.5917255221759268,0.6014645287427475,0.5970382791198318,0.5972172995419324,0.5954845446028179,0.5812870163270464
4,5,0.21065506016046615,0.93608,5000,1.3456241996199996,0.9387755102040817,833,1.3673017131634795,0.9261,0.7932441899549059,0.0835989800890301,,,0.9696192241499539,,0.969630038652678,0.03036996134732195,0.971430369223221,0.3974718798025927,5,0.1,0.5,0.5965080575310724,0.60456928392118,0.5984981455465403,0.5975279130207602,0.6017166531870146,1.0,0.5927049663472198,0.5997377304883662,0.602602885323826,0.5951128641617175,0.5937282059716469,0.5817316646029196
4,6,0.22929871661268222,0.93136,5000,1.3673698063249942,0.9195678271308524,833,1.367341776625417,0.9261,0.7919464043451857,0.08345749294166488,,,0.9543299650096786,,0.9543396415842578,0.04566035841574223,0.9714249084078228,0.39747026796180696,5,0.1,0.5,0.598991209867702,0.6050329210862293,0.6035498106919247,0.58978170760146,0.5917255221759268,0.5927049663472198,1.0,0.5979817216115647,0.5992527263779676,0.5953768160909044,0.5949057779925454,0.5834329380777418
4,7,0.2329996247550437,0.92956,5000,1.378873838318719,0.9231692677070829,833,1.3672896475075913,0.9261,0.7976074551328745,0.0837875842453445,,,0.9899999998919389,,0.9900005019828322,0.009999498017167818,0.971433401700071,0.3974725236329624,5,0.1,0.5,0.5994643684250164,0.6103142988118855,0.6060169202007833,0.6041815147187967,0.6014645287427475,0.5997377304883662,0.5979817216115647,1.0,0.6009159702658464,0.6005572145657756,0.5952631672661229,0.5900096783945439
4,8,0.22540233061785342,0.93132,5000,1.3568402926127117,0.9315726290516206,833,1.3673093703608163,0.9261,0.797856269144788,0.0835474795034473,,,0.9640540133621585,,0.9640680688720445,0.03593193112795545,0.9714243991491134,0.39747144139578144,5,0.1,0.5,0.6064483238342433,0.6032248474014993,0.6062448096825224,0.6005742271016817,0.5970382791198318,0.602602885323826,0.5992527263779676,0.6009159702658464,1.0,0.6004417077134325,0.5985206059694548,0.5948408892438833
4,9,0.227999858644785,0.9304,5000,1.3793744908438788,0.9051620648259304,833,1.3673750942888352,0.9261,0.7949062322334315,0.08321631036641408,,,0.9282675066041126,,0.9282817127654234,0.07171828723457663,0.9713834677978036,0.3974631480836846,5,0.1,0.5,0.6071122003478255,0.6076578317393382,0.6019135043063494,0.5910112746647506,0.5972172995419324,0.5951128641617175,0.5953768160909044,0.6005572145657756,0.6004417077134325,1.0,0.6011583549289026,0.58596213876401
4,10,0.2180281552753061,0.93456,5000,1.3583141300413344,0.9255702280912365,833,1.3672999379733881,0.9261,0.7933859417470842,0.08344110705551878,,,0.9525592878549262,,0.952577681843281,0.047422318156719045,0.9714249418815302,0.39747000731010823,5,0.1,0.5,0.5992231345216202,0.6049451504331363,0.6048108640150492,0.5951332981117381,0.5954845446028179,0.5937282059716469,0.5949057779925454,0.5952631672661229,0.5985206059694548,0.6011583549289026,1.0,0.5838354084924466
4,11,0.24731156218820696,0.92712,5000,1.3851998691205625,0.9135654261704682,833,1.3690037064658949,0.9257,0.7821270118279642,0.08202931998038158,,,0.8,,0.8,0.19999999999999996,0.9706510693908587,0.3972243406290718,5,0.1,0.5,0.5918732537369844,0.5973484236249594,0.589571088345931,0.5874460516416474,0.5812870163270464,0.5817316646029196,0.5834329380777418,0.5900096783945439,0.5948408892438833,0.58596213876401,0.5838354084924466,1.0
5,0,0.2202425031638022,0.93616,5000,1.09772112192931,0.9436450839328537,834,1.117289741770528,0.9364,0.7879195670465945,0.08335154243703875,,,0.9466465775124013,,0.9466643240801165,0.05333567591988353,0.9695122469926475,0.39343548771173514,5,0.1,0.5,1.0,0.5842736870528353,0.5831370014211239,0.5858527856056763,0.5844968904478294,0.5889102776003061,0.5906624869398773,0.5778232752057065,0.5951518407215808,0.5872752429348486,0.5863084224401578,0.576085405971881
5,1,0.209272749686412,0.9386,5000,1.0838590639608878,0.9496402877697842,834,1.1172200121437779,0.9365,0.7856451916069874,0.08347483500827746,,,0.9612165569081123,,0.9612318658701873,0.038768134129812726,0.9695281550554712,0.39343808024778143,5,0.1,0.5,0.5842736870528353,1.0,0.5818395909973317,0.5820877342408177,0.5777955279158759,0.593062159993084,0.5872377215732235,0.5795906465835778,0.5850554226048101,0.5836179598616567,0.5878763440743051,0.5745037202098519
5,2,0.20626658210649518,0.9368,5000,1.117036227826719,0.9316546762589928,834,1.117079137232357,0.9364,0.7893655915523811,0.08368053246328239,,,0.9855246530980235,,0.9855428944330104,0.014457105566989648,0.9695331746070209,0.3934395463707279,5,0.1,0.5,0.5831370014211239,0.5818395909973317,1.0,0.5863190634845864,0.5900828252672004,0.5887745680735358,0.5955740040949667,0.5824203687989721,0.5827732966745244,0.5850576931336463,0.5936925130801708,0.5819814523755216
5,3,0.21197137704629238,0.9358,5000,1.1031353561966508,0.9304556354916067,834,1.1171596423505594,0.9365,0.786000271927605,0.08320272167110354,,,0.9290598285984552,,0.9290748456402791,0.07092515435972091,0.9694837736851603,0.3934298242328532,5,0.1,0.5,0.5858527856056763,0.5820877342408177,0.5863190634845864,1.0,0.5843499516454567,0.591695148932703,0.5902534805326665,0.5850368902107606,0.5854668819895505,0.5760006395101677,0.5839820922695874,0.5712963007257503
5,4,0.21375653540869807,0.93316,5000,1.109194035883303,0.9399759903961584,833,1.1174032651959136,0.9363,0.7854891208356761,0.08313126169110638,,,0.9206151151358674,,0.9206365142312133,0.07936348576878671,0.9694668519083207,0.39342583541118287,5,0.1,0.5,0.5844968904478294,0.5777955279158759,0.5900828252672004,0.5843499516454567,1.0,0.5977546832362607,0.5831219371522354,0.5857507645185026,0.5787633038989796,0.5761452244529501,0.5858874057436528,0.5738030947828607
5,5,0.19817129450191737,0.93888,5000,1.0898053116268582,0.9531812725090036,833,1.1170779198122482,0.9364,0.7927670946642176,0.0837184032795117,,,0.989999999881826,,0.9900005019828322,0.009999498017167818,0.9695317836107035,0.3934395931526701,5,0.1,0.5,0.5889102776003061,0.593062159993084,0.5887745680735358,0.591695148932703,0.5977546832362607,1.0,0.5920088588809831,0.5924187424557835,0.5904813856533807,0.5817185896056706,0.5941724539422764,0.573161453460637
5,6,0.20958294010466072,0.93672,5000,1.1197224347679704,0.9315726290516206,833,1.1171117392591774,0.9364,0.7924303949629558,0.08361204933816961,,,0.9774317265589606,,0.9774459113498318,0.02255408865016817,0.9695271578683099,0.3934393414125653,5,0.1,0.5,0.5906624869398773,0.5872377215732235,0.5955740040949667,0.5902534805326665,0.5831219371522354,0.5920088588809831,1.0,0.5906133512369407,0.5984597313788775,0.5849162602096466,0.5848896456347749,0.5840557506742399
5,7,0.21102438324581904,0.93896,5000,1.1314073845192238,0.9375750300120048,833,1.1170624104170754,0.9364,0.7861211527317138,0.08361073061915358,,,0.9772758882249943,,0.9772902966718539,0.022709703328146147,0.9695346256364866,0.3934393385941068,5,0.1,0.5,0.5778232752057065,0.5795906465835778,0.5824203687989721,0.5850368902107606,0.5857507645185026,0.5924187424557835,0.5906133512369407,1.0,0.587992597803875,0.5784922977022375,0.5786821980399031,0.5818451918617512
5,8,0.20358805134536545,0.93624,5000,1.1053438915146723,0.9423769507803121,833,1.1170735281115522,0.9364,0.7893054067261747,0.08356229100922385,,,0.9715515845502336,,0.9715727122132423,0.028427287786757738,0.9695286999379025,0.39343907001781625,5,0.1,0.5,0.5951518407215808,0.5850554226048101,0.5827732966745244,0.5854668819895505,0.5787633038989796,0.5904813856533807,0.5984597313788775,0.587992597803875,1.0,0.5855461674460802,0.584247652233206,0.5778854790571584
5,9,0.2151316377897836,0.9358,5000,1.1319598864626002,0.9207683073229291,833,1.1171244043892565,0.9365,0.7826068120781191,0.08310554919657984,,,0.9175765661649101,,0.9175995180964811,0.0824004819035189,0.9694774224909448,0.3934241782693186,5,0.1,0.5,0.5872752429348486,0.5836179598616567,0.5850576931336463,0.5760006395101677,0.5761452244529501,0.5817185896056706,0.5849162602096466,0.5784922977022375,0.5855461674460802,1.0,0.5813166842234595,0.5700809537217002
5,10,0.1948620172947123,0.9406,5000,1.1070780312573467,0.9339735894357744,833,1.1170644333568245,0.9364,0.7878334027947255,0.0834394783356841,,,0.9570383165971958,,0.9570553687063902,0.042944631293609814,0.9695204297756197,0.39343750579242104,5,0.1,0.5,0.5863084224401578,0.5878763440743051,0.5936925130801708,0.5839820922695874,0.5858874057436528,0.5941724539422764,0.5848896456347749,0.5786821980399031,0.584247652233206,0.5813166842234595,1.0,0.5773990407784552
5,11,0.23313651355517329,0.93436,5000,1.139914455237212,0.921968787515006,833,1.1194440328275053,0.9364,0.7768610818321503,0.08211060495086889,,,0.8,,0.8,0.19999999999999996,0.9687076622299303,0.3931658515192967,5,0.1,0.5,0.576085405971881,0.5745037202098519,0.5819814523755216,0.5712963007257503,0.5738030947828607,0.573161453460637,0.5840557506742399,0.5818451918617512,0.5778854790571584,0.5700809537217002,0.5773990407784552,1.0
6,0,0.2014452411911812,0.94124,5000,0.8670653744980141,0.9508393285371702,834,0.8896011325497978,0.9446,0.7720678027489671,0.08341746112816696,,,0.933128370336641,,0.9331459264093168,0.06685407359068318,0.9680322517105427,0.385023794965398,5,0.1,0.5,1.0,0.5564330268185068,0.5539609123899817,0.5522631415055651,0.5659678033834894,0.5649666604438954,0.5549894165560286,0.5607073362736515,0.5632789387898778,0.5616218857365451,0.5577550904410419,0.5422220796256312
6,1,0.19511646784064923,0.94232,5000,0.8499943878915575,0.9592326139088729,834,0.8895013682758466,0.9446,0.7739140023057632,0.08356578587428522,,,0.9463373951823656,,0.9463530947241604,0.053646905275839596,0.9680537165439215,0.38502785428344066,5,0.1,0.5,0.5564330268185068,1.0,0.550567570785136,0.5507855637156651,0.5551404016874083,0.5753471847284093,0.5551233715961774,0.5659926366768778,0.5627869766257666,0.5593190644024095,0.5662222138538453,0.5529130202039506
6,2,0.1959001033163517,0.93968,5000,0.8887441555658976,0.9388489208633094,834,0.8893801514713909,0.9446,0.7674143179531923,0.08347402274049572,,,0.938165451215708,,0.9381808142161538,0.06181918578384615,0.9680506006574483,0.3850255744001201,5,0.1,0.5,0.5539609123899817,0.550567570785136,1.0,0.5495467660264705,0.5620422439544089,0.5653288398397942,0.5473791719966488,0.5620556614595883,0.5472553805100858,0.5555586025547496,0.56112780639505,0.5345060779530989
6,3,0.20084159814123848,0.9404,5000,0.8773932037530122,0.935251798561151,834,0.8894795373605844,0.9445,0.7659017653876206,0.08309899488121124,,,0.9047674347634969,,0.9047788765624216,0.09522112343757838,0.9679891387603939,0.3850070219567538,5,0.1,0.5,0.5522631415055651,0.5507855637156651,0.5495467660264705,1.0,0.5535787300300441,0.5696193144237627,0.5409833678767729,0.5595265937096617,0.5539139272333538,0.5478550778164964,0.5574071706646826,0.542527569078711
6,4,0.19489454896043915,0.94036,5000,0.8797336750560336,0.9495798319327731,833,0.8897158076968817,0.9443,0.7714882389055876,0.08324873516708656,,,0.9181025201642569,,0.9181215802419557,0.08187841975804433,0.9679984652498489,0.3850166155740221,5,0.1,0.5,0.5659678033834894,0.5551404016874083,0.5620422439544089,0.5535787300300441,1.0,0.5764848647818029,0.5417609826240533,0.566419232688665,0.5594210673847784,0.5527828180630726,0.5603726401747262,0.5358189618656188
6,5,0.17841436169021258,0.94624,5000,0.8600500535081934,0.963985594237695,833,0.8893436378183456,0.9446,0.7831322009703146,0.0840560752663386,,,0.9899999999109452,,0.9900005019828322,0.009999498017167818,0.9680722361273619,0.3850319980929445,5,0.1,0.5,0.5649666604438954,0.5753471847284093,0.5653288398397942,0.5696193144237627,0.5764848647818029,1.0,0.5597496184882028,0.5745896445496167,0.5692825463511695,0.5607886825933226,0.5686732701520119,0.5496514855137254
6,6,0.19658574662853484,0.93976,5000,0.8938132303732412,0.9375750300120048,833,0.8894318865891844,0.9446,0.7605804996561663,0.0831859608981804,,,0.9125121726372663,,0.912529491491391,0.08747050850860905,0.9680153321643855,0.3850130094089979,5,0.1,0.5,0.5549894165560286,0.5551233715961774,0.5473791719966488,0.5409833678767729,0.5417609826240533,0.5597496184882028,1.0,0.5553490647067887,0.5522780377861634,0.5439846305547178,0.5471155782993761,0.5276879516999871
6,7,0.1920454309221096,0.94188,5000,0.9046068655120002,0.9483793517406963,833,0.8893325321209697,0.9446,0.7768008903356762,0.08375944084606923,,,0.963583292449931,,0.9635962050097887,0.03640379499021129,0.9680680707261402,0.3850307151595807,5,0.1,0.5,0.5607073362736515,0.5659926366768778,0.5620556614595883,0.5595265937096617,0.566419232688665,0.5745896445496167,0.5553490647067887,1.0,0.5624213397370178,0.5597119129004603,0.5642084190140817,0.5455095344322302
6,8,0.1869206112346784,0.94368,5000,0.8768956859906515,0.9471788715486195,833,0.8893570463878279,0.9446,0.772783248814119,0.08358458551878997,,,0.9480115930343957,,0.9480297173836655,0.05197028261633452,0.9680597108945946,0.38502827181823185,5,0.1,0.5,0.5632789387898778,0.5627869766257666,0.5472553805100858,0.5539139272333538,0.5594210673847784,0.5692825463511695,0.5522780377861634,0.5624213397370178,1.0,0.55521856527776,0.566108834128858,0.5477477105575471
6,9,0.2009280242868195,0.9378,5000,0.9071853469919275,0.9255702280912365,833,0.8894475410921505,0.9446,0.7681030906039821,0.08311156720671366,,,0.9058870602088529,,0.9059083379348426,0.0940916620651574,0.967980458018331,0.3850078760213048,5,0.1,0.5,0.5616218857365451,0.5593190644024095,0.5555586025547496,0.5478550778164964,0.5527828180630726,0.5607886825933226,0.5439846305547178,0.5597119129004603,0.55521856527776,1.0,0.5609980809461211,0.540993024354677
6,10,0.1851942709667881,0.94492,5000,0.8782225825168468,0.9447779111644657,833,0.8893486880265866,0.9446,0.7748407353194873,0.0835748139238984,,,0.9471413859847762,,0.9471562672556598,0.05284373274434018,0.9680546084786964,0.38502806513724747,5,0.1,0.5,0.5577550904410419,0.5662222138538453,0.56112780639505,0.5574071706646826,0.5603726401747262,0.5686732701520119,0.5471155782993761,0.5642084190140817,0.566108834128858,0.5609980809461211,1.0,0.5493756154778558
6,11,0.2177492764867415,0.93712,5000,0.9143729320278874,0.9339735894357744,833,0.8920076036224731,0.9444,0.7534288285531121,0.08192255654876414,,,0.8,,0.8,0.19999999999999996,0.9672996341008412,0.3847647646615434,5,0.1,0.5,0.5422220796256312,0.5529130202039506,0.5345060779530989,0.542527569078711,0.5358189618656188,0.5496514855137254,0.5276879516999871,0.5455095344322302,0.5477477105575471,0.540993024354677,0.5493756154778558,1.0
7,0,0.18484203918024328,0.9452,5000,0.6649576237908116,0.9592326139088729,834,0.6887809375223641,0.9509,0.7586129826383831,0.08353385205425809,,,0.944297544014686,,0.9443050047688369,0.05569499523116306,0.9657128208016624,0.37730193191296524,5,0.1,0.5,1.0,0.5496199872013192,0.5285409228432368,0.5235346521474656,0.5322981067613332,0.5327279223242092,0.5469063975964892,0.5348394919756673,0.5336990573695944,0.5294056696473913,0.5329922456839666,0.5242682931560833
