round,client_id,client_i_training_loss,client_i_training_accuracy,client_i_training_dataset_size,client_i_evaluation_loss,client_i_evaluation_accuracy,client_i_evaluation_dataset_size,client_i_central_evaluation_loss,client_i_central_evaluation_accuracy,client_i_cosine_similarity,client_i_importance_coefficient,client_i_tanh_val,tanh_normalization_value,client_i_q,client_i_mask_order,client_i_v_nonzero_fraction,client_i_v_sparsity,client_i_v_cosine_similarity,client_i_reward_gradient_norm,local_epochs,learning_rate,gamma,client_0_cosine_similarity,client_1_cosine_similarity,client_2_cosine_similarity,client_3_cosine_similarity,client_4_cosine_similarity,client_5_cosine_similarity,client_6_cosine_similarity,client_7_cosine_similarity,client_8_cosine_similarity,client_9_cosine_similarity,client_10_cosine_similarity,client_11_cosine_similarity
0,0,0.3307405066338314,0.89812,5000,2.1890844680644848,0.39928057553956836,834,2.184896447026311,0.3947,0.8027445904560155,0.08397055092560936,,,0.9599999998904565,,0.9600020079313287,0.03999799206867127,0,0.39832503827196547,5,0.1,0.5,1.0,0.60411458699589,0.6066008595754976,0.6075162314416755,0.6060053861705348,0.6140278850704253,0.6004962391969766,0.6060584851638326,0.59990317782328,0.600552490356188,0.6134008036778695,0.6154294867065303
0,1,0.3420694754714039,0.89208,5000,2.1818338146916143,0.4040767386091127,834,2.184900980787917,0.3948,0.8010765831758717,0.0837960701605854,,,0.9408867582428784,,0.94090658099493,0.059093419005070036,0,0.3983218547662812,5,0.1,0.5,0.60411458699589,1.0,0.6086314063682211,0.6082524693768696,0.6044154417831058,0.6050178315798127,0.6039550545733308,0.610989871853766,0.6038279573172576,0.5967081845833145,0.5992530674277428,0.6129938843019542
0,2,0.3432405223025923,0.89228,5000,2.182884790279247,0.4052757793764988,834,2.184917804913018,0.3946,0.7978192594292774,0.08345534002948704,,,0.9035619715742731,,0.9035791375934943,0.09642086240650571,0,0.3983057104521314,5,0.1,0.5,0.6066008595754976,0.6086314063682211,1.0,0.5925323692857718,0.600832561008664,0.6145026351345028,0.606918879555024,0.6042727822802204,0.6015041140024745,0.5902996848310029,0.5941072331373334,0.6068177544934638
0,3,0.335973812042955,0.8956,5000,2.1930362030311867,0.36211031175059955,834,2.1849235292440787,0.3951,0.7961006650115705,0.08327556763140641,,,0.8838690656794138,,0.8838763114301491,0.11612368856985089,0,0.3982899042218382,5,0.1,0.5,0.6075162314416755,0.6082524693768696,0.5925323692857718,1.0,0.6068568167280415,0.6056188493586308,0.60119606698134,0.5970344247906919,0.6009366236685583,0.591518990773883,0.5993263778064444,0.5998015807311519
0,4,0.34893680432408003,0.89044,5000,2.185914428145797,0.40456182472989194,833,2.184910927336818,0.3955,0.7945572033920528,0.08311411488035167,,,0.8661829588747361,,0.8662014959088399,0.13379850409116012,0,0.3982705203211081,5,0.1,0.5,0.6060053861705348,0.6044154417831058,0.600832561008664,0.6068568167280415,1.0,0.595817853291132,0.5982750745728395,0.5970700273775443,0.6031626191238165,0.5944203597098799,0.5966466518818978,0.5923327681451181
0,5,0.32391076236370075,0.8976,5000,2.184134262579459,0.3997599039615846,833,2.184913513378594,0.3947,0.7982624883701783,0.08350170369085096,,,0.9086408114291611,,0.9086541840269062,0.09134581597309377,0,0.39830888060966024,5,0.1,0.5,0.6140278850704253,0.6050178315798127,0.6145026351345028,0.6056188493586308,0.595817853291132,1.0,0.5954515019290683,0.5955714914084445,0.6051293030417186,0.5973297238988428,0.5980502363322029,0.6047401600235487
0,6,0.3410037973041462,0.89348,5000,2.1813952922821045,0.4105642256902761,833,2.1849195050736205,0.3949,0.7969848266392034,0.0833680547560315,,,0.8940004332373583,,0.8940163646403293,0.1059836353596707,0,0.3982988108602527,5,0.1,0.5,0.6004962391969766,0.6039550545733308,0.606918879555024,0.60119606698134,0.5982750745728395,0.5954515019290683,1.0,0.5971715868219521,0.5960773613051586,0.6026027154860087,0.6136845760789308,0.603214182307141
0,7,0.3338019227929366,0.89864,5000,2.1829106454496032,0.38895558223289317,833,2.184927870290348,0.3951,0.7961816679688363,0.08328404089055892,,,0.8847972565301492,,0.8848049796696953,0.11519502033030471,0,0.39829079716823934,5,0.1,0.5,0.6060584851638326,0.610989871853766,0.6042727822802204,0.5970344247906919,0.5970700273775443,0.5955714914084445,0.5971715868219521,1.0,0.5986389989784342,0.5942752470940343,0.6035060312343221,0.6067762264410401
0,8,0.32889236870109084,0.89628,5000,2.1843335275296814,0.4057623049219688,833,2.184921519824872,0.3951,0.7953041514257769,0.08319224887047795,,,0.8747420331885613,,0.874750263540987,0.12524973645901305,0,0.3982806617303408,5,0.1,0.5,0.59990317782328,0.6038279573172576,0.6015041140024745,0.6009366236685583,0.6031626191238165,0.6051293030417186,0.5960773613051586,0.5986389989784342,1.0,0.5919279182631583,0.6028686814126555,0.5989995028950456
0,9,0.36350772013994537,0.88636,5000,2.190174040970979,0.382953181272509,833,2.1849721338802253,0.3951,0.7887814349870891,0.0825099445617351,,,0.8,,0.8,0.19999999999999996,0,0.3981254606703611,5,0.1,0.5,0.600552490356188,0.5967081845833145,0.5902996848310029,0.591518990773883,0.5944203597098799,0.5973297238988428,0.6026027154860087,0.5942752470940343,0.5919279182631583,1.0,0.5853177261891077,0.5956671271146574
0,10,0.3508301831971688,0.89216,5000,2.1799189073068126,0.3997599039615846,833,2.184910398702652,0.3955,0.7944099015702173,0.08309870647364431,,,0.8644950673712718,,0.8644997741077255,0.1355002258922745,0,0.3982681444565827,5,0.1,0.5,0.6134008036778695,0.5992530674277428,0.5941072331373334,0.5993263778064444,0.5966466518818978,0.5980502363322029,0.6136845760789308,0.6035060312343221,0.6028686814126555,0.5853177261891077,1.0,0.588265995867833
0,11,0.34208859841748596,0.89292,5000,2.186262536931921,0.3793517406962785,833,2.184923713580488,0.3947,0.7976119744862866,0.0834336571292614,,,0.9011867498036895,,0.9012097786255711,0.09879022137442894,0,0.3983040685216188,5,0.1,0.5,0.6154294867065303,0.6129938843019542,0.6068177544934638,0.5998015807311519,0.5923327681451181,0.6047401600235487,0.603214182307141,0.6067762264410401,0.5989995028950456,0.5956671271146574,0.588265995867833,1.0
1,0,0.2923021941202556,0.91032,5000,2.0297365100295455,0.684652278177458,834,2.027093386878602,0.6865,0.8108524000328526,0.0836742048223602,,,0.96,,0.9600020079313287,0.03999799206867127,0.9614924913767183,0.4065748696203157,5,0.1,0.5,1.0,0.6235960908706158,0.6296811964429363,0.6286765377924625,0.6272971036071253,0.6313235554191438,0.6312223575386732,0.615392838510812,0.6273608662075637,0.6417200061391072,0.6215824565736837,0.631590363912865
1,1,0.30140313761083376,0.90644,5000,2.023638513353136,0.6918465227817746,834,2.0270940632865835,0.6863,0.8112383542050542,0.08357234821090001,,,0.96,,0.9600020079313287,0.03999799206867127,0.9614915519013197,0.4065748696203157,5,0.1,0.5,0.6235960908706158,1.0,0.6350456695737359,0.6296494827574588,0.6278617597385595,0.6356754531205117,0.6352184393313494,0.6153531580860611,0.6321701750160214,0.6304544121840076,0.6180913339770567,0.6307534327030987
1,2,0.3007167677851809,0.9078,5000,2.024406494917693,0.6726618705035972,834,2.0271162106967964,0.6865,0.8173669973385795,0.0835603435242113,,,0.96,,0.9600020079313287,0.03999799206867127,0.9614586777886752,0.4065748696203157,5,0.1,0.5,0.6296811964429363,0.6350456695737359,1.0,0.6337511142650526,0.6357131910920768,0.6457581088831774,0.6346726624564679,0.6270749984967462,0.6305920711110854,0.6385274665421222,0.6338520361636009,0.6305808772974596
1,3,0.29184882115738786,0.9108,5000,2.0386239687601724,0.6714628297362111,834,2.0271239459705046,0.6865,0.8135516503081924,0.0833088986258198,,,0.96,,0.9600020079313287,0.03999799206867127,0.9614381566281887,0.4065748696203157,5,0.1,0.5,0.6286765377924625,0.6296494827574588,0.6337511142650526,1.0,0.6402765241350866,0.6421904002176418,0.6357560381657559,0.6171003034483986,0.6357326158526841,0.6280380921168307,0.622231309093966,0.6253366895868704
1,4,0.30333747488867707,0.9074,5000,2.029435775898121,0.6830732292917167,833,2.027110336687618,0.6869,0.8134942289182073,0.08320023194051215,,,0.96,,0.9600020079313287,0.03999799206867127,0.9613605146815621,0.4065748696203157,5,0.1,0.5,0.6272971036071253,0.6278617597385595,0.6357131910920768,0.6402765241350866,1.0,0.636823711507714,0.6320569478924697,0.6286703579090747,0.6356662153347699,0.6373770089962164,0.6198660279733421,0.617398751308623
1,5,0.28514265965219515,0.91368,5000,2.0301376007221363,0.6890756302521008,833,2.027113469644857,0.6865,0.8188853618134795,0.08364377366283555,,,0.96,,0.9600020079313287,0.03999799206867127,0.9614577819774776,0.4065748696203157,5,0.1,0.5,0.6313235554191438,0.6356754531205117,0.6457581088831774,0.6421904002176418,0.636823711507714,1.0,0.6423440285438141,0.6324111186304591,0.6338685741354316,0.6376882222591507,0.6256174279724145,0.6261397519282107
1,6,0.29645665859563314,0.90844,5000,2.0221578545040555,0.6986794717887155,833,2.02712316825367,0.6865,0.8184192106370513,0.08353926384568909,,,0.96,,0.9600020079313287,0.03999799206867127,0.9614434612739787,0.4065748696203157,5,0.1,0.5,0.6312223575386732,0.6352184393313494,0.6346726624564679,0.6357560381657559,0.6320569478924697,0.6423440285438141,1.0,0.6338010337462383,0.6354341809216,0.6462467729278173,0.6339589491477036,0.625269028259873
1,7,0.2988824201777435,0.9094,5000,2.0258472009941384,0.6986794717887155,833,2.0271289748505663,0.6865,0.80596795148022,0.08305078827433865,,,0.96,,0.9600020079313287,0.03999799206867127,0.9614417612488817,0.4065748696203157,5,0.1,0.5,0.615392838510812,0.6153531580860611,0.6270749984967462,0.6171003034483986,0.6286703579090747,0.6324111186304591,0.6338010337462383,1.0,0.6290325503266869,0.6246946026243718,0.6193589475922473,0.6219420912306173
1,8,0.2913151526182985,0.90984,5000,2.0309777745494135,0.695078031212485,833,2.027124518403611,0.6866,0.8169901181500823,0.08337341698694058,,,0.96,,0.9600020079313287,0.03999799206867127,0.9613997827326315,0.4065748696203157,5,0.1,0.5,0.6273608662075637,0.6321701750160214,0.6305920711110854,0.6357326158526841,0.6356662153347699,0.6338685741354316,0.6354341809216,0.6290325503266869,1.0,0.6478625513973526,0.6341846457682406,0.6309861657354894
1,9,0.31917289552652534,0.90488,5000,2.0288357028254755,0.6782713085234093,833,2.027209650213345,0.6868,0.8172861440824453,0.08293292014679951,,,0.96,,0.9600020079313287,0.03999799206867127,0.960986777142762,0.4065748696203157,5,0.1,0.5,0.6417200061391072,0.6304544121840076,0.6385274665421222,0.6280380921168307,0.6373770089962164,0.6376882222591507,0.6462467729278173,0.6246946026243718,0.6478625513973526,1.0,0.6187704561448949,0.6271165413448945
1,10,0.30846659071257065,0.90528,5000,2.0200201317116067,0.7058823529411765,833,2.0271095208847485,0.687,0.8058279293654005,0.08292347096707857,,,0.96,,0.9600020079313287,0.03999799206867127,0.9613570536530748,0.4065748696203157,5,0.1,0.5,0.6215824565736837,0.6180913339770567,0.6338520361636009,0.622231309093966,0.6198660279733421,0.6256174279724145,0.6339589491477036,0.6193589475922473,0.6341846457682406,0.6187704561448949,1.0,0.6166767699628676
1,11,0.3037855046522466,0.90512,5000,2.030198918448554,0.6686674669867947,833,2.0271246338042967,0.6864,0.8080011624078961,0.0832203389925145,,,0.96,,0.9600020079313287,0.03999799206867127,0.9614546407703841,0.4065748696203157,5,0.1,0.5,0.631590363912865,0.6307534327030987,0.6305808772974596,0.6253366895868704,0.617398751308623,0.6261397519282107,0.625269028259873,0.6219420912306173,0.6309861657354894,0.6271165413448945,0.6166767699628676,1.0
2,0,0.2610581291281873,0.92184,5000,1.8289449082480536,0.8525179856115108,834,1.8295426581995176,0.8452,0.8119218007622827,0.08356327107150509,,,0.96,,0.9600020079313287,0.03999799206867127,0.9698907497926179,0.4058967388886862,5,0.1,0.5,1.0,0.6349492162773611,0.6306634200112256,0.6291168725890091,0.624035596656315,0.6295003248648511,0.6352246391035156,0.625329852255106,0.6256047967592259,0.6250301095367041,0.6205321587101631,0.6277676229584148
2,1,0.26740559393326474,0.91804,5000,1.8254384950355247,0.8585131894484412,834,1.829538375805742,0.8452,0.8161707298070255,0.08364376984207912,,,0.96,,0.9600020079313287,0.03999799206867127,0.9698907497926179,0.4058967388886862,5,0.1,0.5,0.6349492162773611,1.0,0.6289389345786791,0.6307156022133887,0.6277712237487613,0.6310576047266948,0.6366966217057846,0.6254659947706452,0.6400697678626758,0.6328556256244793,0.6211049287392924,0.6400187477942327
2,2,0.26995061239298834,0.91868,5000,1.8261847275274772,0.8465227817745803,834,1.8295667674213933,0.8452,0.8110178265497197,0.08345654937944758,,,0.96,,0.9600020079313287,0.03999799206867127,0.9698907497926179,0.4058967388886862,5,0.1,0.5,0.6306634200112256,0.6289389345786791,1.0,0.6296619563620817,0.6175588826937916,0.6334187524990216,0.631807200140911,0.6237753683979393,0.6293661000575248,0.6179607935565431,0.6260959525902632,0.630196297650325
2,3,0.25916479831905503,0.92096,5000,1.8444609642028809,0.8213429256594724,834,1.8295762508441085,0.8452,0.8142407178399593,0.08340246162777891,,,0.96,,0.9600020079313287,0.03999799206867127,0.9698907497926179,0.4058967388886862,5,0.1,0.5,0.6291168725890091,0.6307156022133887,0.6296619563620817,1.0,0.6309043456139685,0.6386268224568603,0.6355002048942099,0.628597951798714,0.6339942851566651,0.6205605737917659,0.6200182677316342,0.6342564692436329
2,4,0.27723036554469993,0.91608,5000,1.8330843183729384,0.8319327731092437,833,1.8295614559429523,0.8452,0.8067974480126926,0.08307165269242284,,,0.96,,0.9600020079313287,0.03999799206867127,0.9698907497926179,0.4058967388886862,5,0.1,0.5,0.624035596656315,0.6277712237487613,0.6175588826937916,0.6309043456139685,1.0,0.6241192472108995,0.630688982635988,0.6198384499923,0.630206470650134,0.6320519078929306,0.606893266180463,0.6159232106953818
2,5,0.2558834455776841,0.92304,5000,1.8360607005931713,0.8463385354141657,833,1.829565756237164,0.8452,0.8138919995072447,0.0836117030569527,,,0.96,,0.9600020079313287,0.03999799206867127,0.9698907497926179,0.4058967388886862,5,0.1,0.5,0.6295003248648511,0.6310576047266948,0.6334187524990216,0.6386268224568603,0.6241192472108995,1.0,0.6310196139700014,0.6328502993632751,0.6312800695347995,0.6309060756687168,0.6152348125740924,0.6291128729944995
2,6,0.26535522090804997,0.91964,5000,1.8235146822752777,0.8283313325330132,833,1.8295789092493515,0.8452,0.8162540681907211,0.08362479849320378,,,0.96,,0.9600020079313287,0.03999799206867127,0.9698907497926179,0.4058967388886862,5,0.1,0.5,0.6352246391035156,0.6366966217057846,0.631807200140911,0.6355002048942099,0.630688982635988,0.6310196139700014,1.0,0.6285476299046818,0.62810574905689,0.6317532681619238,0.6256517165597031,0.6356293209510372
2,7,0.2708305803050471,0.91972,5000,1.8299857951976635,0.8403361344537815,833,1.8295820886715533,0.8452,0.8100118429390923,0.08308469883097519,,,0.96,,0.9600020079313287,0.03999799206867127,0.9698907497926179,0.4058967388886862,5,0.1,0.5,0.625329852255106,0.6254659947706452,0.6237753683979393,0.628597951798714,0.6198384499923,0.6328502993632751,0.6285476299046818,1.0,0.6280753629023098,0.6261971456082968,0.6243955995393498,0.6289460406712274
2,8,0.2592818184211482,0.9204,5000,1.838577146883364,0.8571428571428571,833,1.8295796698274704,0.8452,0.8145457650948787,0.08345572598180606,,,0.96,,0.9600020079313287,0.03999799206867127,0.9698907497926179,0.4058967388886862,5,0.1,0.5,0.6256047967592259,0.6400697678626758,0.6293661000575248,0.6339942851566651,0.630206470650134,0.6312800695347995,0.62810574905689,0.6280753629023098,1.0,0.635928442172902,0.6198305262856194,0.6322813717702181
2,9,0.29236491556237837,0.91088,5000,1.8265397857736658,0.8619447779111644,833,1.8296940505695038,0.8455,0.8107186293635029,0.08303137143625165,,,0.96,,0.9600020079313287,0.03999799206867127,0.9698907497926179,0.4058967388886862,5,0.1,0.5,0.6250301095367041,0.6328556256244793,0.6179607935565431,0.6205605737917659,0.6320519078929306,0.6309060756687168,0.6317532681619238,0.6261971456082968,0.635928442172902,1.0,0.6167329585081546,0.6294282460859562
2,10,0.2799881387573139,0.91596,5000,1.8207966133400246,0.8619447779111644,833,1.829560549495319,0.8452,0.8023833435406215,0.08273511593281914,,,0.96,,0.9600020079313287,0.03999799206867127,0.9698907497926179,0.4058967388886862,5,0.1,0.5,0.6205321587101631,0.6211049287392924,0.6260959525902632,0.6200182677316342,0.606893266180463,0.6152348125740924,0.6256517165597031,0.6243955995393498,0.6198305262856194,0.6167329585081546,1.0,0.6218140150981638
2,11,0.26410979445501687,0.91964,5000,1.8343152205149333,0.8343337334933973,833,1.8295769470568282,0.8452,0.8135211391417096,0.08331888165475812,,,0.96,,0.9600020079313287,0.03999799206867127,0.9698907497926179,0.4058967388886862,5,0.1,0.5,0.6277676229584148,0.6400187477942327,0.630196297650325,0.6342564692436329,0.6159232106953818,0.6291128729944995,0.6356293209510372,0.6289460406712274,0.6322813717702181,0.6294282460859562,0.6218140150981638,1.0
3,0,0.24324007852263985,0.92692,5000,1.5967442768591422,0.9100719424460432,834,1.6015240003506597,0.9078,0.8076193876395853,0.0835862893887536,,,0.96,,0.9600020079313287,0.03999799206867127,0.9711596138236824,0.40237118421916584,5,0.1,0.5,1.0,0.6208715741768341,0.6184205835540959,0.6153596449802718,0.6181360561966484,0.6185929079656249,0.6170924882840824,0.6151434631804925,0.6194474232897682,0.6145463559901864,0.611857373288606,0.6285495200130078
3,1,0.2472158718177942,0.92412,5000,1.5966302686267428,0.9124700239808153,834,1.6015141307355496,0.9078,0.8047309264579003,0.08353886674703376,,,0.96,,0.9600020079313287,0.03999799206867127,0.9711596138236824,0.40237118421916584,5,0.1,0.5,0.6208715741768341,1.0,0.616525802836434,0.6179306445003666,0.6069222378827316,0.6171418387728292,0.6140863534517087,0.6136164783600644,0.6217152817060697,0.6151086499360415,0.6099467207671204,0.6158508650750814
3,2,0.2489324008618855,0.92468,5000,1.596590898655079,0.9136690647482014,834,1.6015462761108106,0.9079,0.8047023838310615,0.08341374033743755,,,0.96,,0.9600020079313287,0.03999799206867127,0.9711596138236824,0.40237118421916584,5,0.1,0.5,0.6184205835540959,0.616525802836434,1.0,0.6235913157526681,0.6122098240638637,0.6168175658199643,0.6159210017244927,0.6101825250079147,0.618529704090216,0.6101922037857896,0.6142197799931489,0.6137123178822863
3,3,0.23971488238757202,0.92784,5000,1.6194313455511022,0.9040767386091128,834,1.6015560531768556,0.908,0.8066636526371729,0.08344631896454664,,,0.96,,0.9600020079313287,0.03999799206867127,0.9711596138236824,0.40237118421916584,5,0.1,0.5,0.6153596449802718,0.6179306445003666,0.6235913157526681,1.0,0.6213430588030122,0.6211663543661005,0.6154667741396964,0.6146074912794108,0.6270298296126905,0.6080419720470941,0.6064171153957921,0.6185093021342614
3,4,0.2507970950364545,0.92424,5000,1.6062118035775643,0.9099639855942377,833,1.6015412834124825,0.9081,0.8008710471229283,0.08302485022998571,,,0.96,,0.9600020079313287,0.03999799206867127,0.9711596138236824,0.40237118421916584,5,0.1,0.5,0.6181360561966484,0.6069222378827316,0.6122098240638637,0.6213430588030122,1.0,0.6169678399716377,0.6132026470970183,0.6088461510799983,0.6142792022900297,0.6157409367503424,0.6032392331045974,0.6042168269059419
3,5,0.23141035311529115,0.9304,5000,1.6112743660255715,0.9027611044417767,833,1.6015471996971593,0.9079,0.8054000158410112,0.08354095422075232,,,0.96,,0.9600020079313287,0.03999799206867127,0.9711596138236824,0.40237118421916584,5,0.1,0.5,0.6185929079656249,0.6171418387728292,0.6168175658199643,0.6211663543661005,0.6169678399716377,1.0,0.6097034410315595,0.6212169385399736,0.6206115564705307,0.6135777788599485,0.60623197361279,0.614338811774726
3,6,0.24809320185594497,0.92528,5000,1.594607949256897,0.9051620648259304,833,1.6015619968834776,0.908,0.8045271681589817,0.08351917813826985,,,0.96,,0.9600020079313287,0.03999799206867127,0.9711596138236824,0.40237118421916584,5,0.1,0.5,0.6170924882840824,0.6140863534517087,0.6159210017244927,0.6154667741396964,0.6132026470970183,0.6097034410315595,1.0,0.6119514634450609,0.6215177277545698,0.6127373833072132,0.616627118583289,0.6196235175509409
3,7,0.24331930385795747,0.92684,5000,1.603490153948466,0.9051620648259304,833,1.6015625548438903,0.908,0.8042270083435835,0.08315060847535066,,,0.96,,0.9600020079313287,0.03999799206867127,0.9711596138236824,0.40237118421916584,5,0.1,0.5,0.6151434631804925,0.6136164783600644,0.6101825250079147,0.6146074912794108,0.6088461510799983,0.6212169385399736,0.6119514634450609,1.0,0.6295585769360056,0.6126864750357238,0.6141232759320991,0.6155469447445406
3,8,0.2317444934859682,0.92804,5000,1.616379110901444,0.9087635054021609,833,1.601562753652993,0.908,0.8115199603353462,0.08365109813816725,,,0.96,,0.9600020079313287,0.03999799206867127,0.9711596138236824,0.40237118421916584,5,0.1,0.5,0.6194474232897682,0.6217152817060697,0.618529704090216,0.6270298296126905,0.6142792022900297,0.6206115564705307,0.6215177277545698,0.6295585769360056,1.0,0.6217531827598537,0.6202910304779508,0.6215237661912058
3,9,0.26657247705278314,0.91868,5000,1.592892470183196,0.9111644657863145,833,1.6017000823736953,0.9081,0.8018045067584233,0.08303071673810673,,,0.96,,0.9600020079313287,0.03999799206867127,0.9711596138236824,0.40237118421916584,5,0.1,0.5,0.6145463559901864,0.6151086499360415,0.6101922037857896,0.6080419720470941,0.6157409367503424,0.6135777788599485,0.6127373833072132,0.6126864750357238,0.6217531827598537,1.0,0.6059734607544764,0.6139738910823913
3,10,0.25564508070326913,0.92324,5000,1.5907147460513644,0.9195678271308524,833,1.6015403781074304,0.9081,0.7993109660729831,0.08274728051913517,,,0.96,,0.9600020079313287,0.03999799206867127,0.9711596138236824,0.40237118421916584,5,0.1,0.5,0.611857373288606,0.6099467207671204,0.6142197799931489,0.6064171153957921,0.6032392331045974,0.60623197361279,0.616627118583289,0.6141232759320991,0.6202910304779508,0.6059734607544764,1.0,0.6127259377523558
3,11,0.24256130941034218,0.92748,5000,1.6083279406582867,0.8919567827130852,833,1.6015571173006735,0.9079,0.8054942832627712,0.0833500981024606,,,0.96,,0.9600020079313287,0.03999799206867127,0.9711596138236824,0.40237118421916584,5,0.1,0.5,0.6285495200130078,0.6158508650750814,0.6137123178822863,0.6185093021342614,0.6042168269059419,0.614338811774726,0.6196235175509409,0.6155469447445406,0.6215237661912058,0.6139738910823913,0.6127259377523558,1.0
4,0,0.2187427905097509,0.93296,5000,1.3446039667835943,0.9316546762589928,834,1.3537914097880404,0.9313,0.7975020935579146,0.0835672837357532,,,0.96,,0.9600020079313287,0.03999799206867127,0.9703842970546143,0.39781527928547544,5,0.1,0.5,1.0,0.6035093520613306,0.5973950416380458,0.6080491975913658,0.6015813234256128,0.5977605181022455,0.6065602062051028,0.5953663314471175,0.5978461566850525,0.6006882350443952,0.5968749422937134,0.6073611850206796
4,1,0.2291616594012542,0.9302,5000,1.3474704910207678,0.9364508393285371,834,1.3537768228366351,0.9313,0.7974913034813726,0.08353534333724107,,,0.96,,0.9600020079313287,0.03999799206867127,0.9703842970546143,0.39781527928547544,5,0.1,0.5,0.6035093520613306,1.0,0.5997017956582626,0.6060503667525645,0.6022270539199664,0.5993984983109406,0.6094993315208512,0.5966651957072979,0.6104984069634174,0.5942091614638236,0.5970725866723497,0.5942107013019189
4,2,0.2252813430277595,0.93292,5000,1.346939590242174,0.9376498800959233,834,1.3538111825339711,0.9313,0.7904193214094715,0.08320433831773566,,,0.96,,0.9600020079313287,0.03999799206867127,0.9703842970546143,0.39781527928547544,5,0.1,0.5,0.5973950416380458,0.5997017956582626,1.0,0.6073683872990372,0.5948448950063706,0.5936787734157972,0.5971826170294341,0.5874021820149509,0.6004927575625661,0.5864192746674991,0.5936004092413676,0.5880342864723548
4,3,0.21643742426019755,0.93436,5000,1.373406176213865,0.9316546762589928,834,1.3538199739334302,0.9313,0.8020791093793197,0.08363445508513757,,,0.96,,0.9600020079313287,0.03999799206867127,0.9703842970546143,0.39781527928547544,5,0.1,0.5,0.6080491975913658,0.6060503667525645,0.6073683872990372,1.0,0.6129348851604575,0.6022782174281451,0.6100969597680197,0.6026635723773967,0.6084873265477091,0.6004687071393029,0.5980331814567816,0.6009107338865814
4,4,0.22757608628161488,0.9318,5000,1.3584137227800157,0.9303721488595438,833,1.3538075616946235,0.9313,0.7969740094817107,0.08317511606097215,,,0.96,,0.9600020079313287,0.03999799206867127,0.9703842970546143,0.39781527928547544,5,0.1,0.5,0.6015813234256128,0.6022270539199664,0.5948448950063706,0.6129348851604575,1.0,0.5965433495180769,0.6131162340280125,0.5984895126564495,0.6044160402778902,0.6084164315496438,0.5919481982675543,0.5860837720281298
4,5,0.21148780630901456,0.93772,5000,1.3665183870880693,0.9303721488595438,833,1.3538135366317945,0.9313,0.7926085342285991,0.08336569282508227,,,0.96,,0.9600020079313287,0.03999799206867127,0.9703842970546143,0.39781527928547544,5,0.1,0.5,0.5977605181022455,0.5993984983109406,0.5936787734157972,0.6022782174281451,0.5965433495180769,1.0,0.605938715057922,0.5956773269006642,0.5966975083956781,0.5992516934817854,0.5898772683216199,0.5893461354489065
4,6,0.21935299494819846,0.93364,5000,1.3470087316301134,0.9231692677070829,833,1.353828844551842,0.9313,0.8033212637607494,0.08372645871636199,,,0.96,,0.9600020079313287,0.03999799206867127,0.9703842970546143,0.39781527928547544,5,0.1,0.5,0.6065602062051028,0.6094993315208512,0.5971826170294341,0.6100969597680197,0.6131162340280125,0.605938715057922,1.0,0.60675729090632,0.6088701734597359,0.6069108428241924,0.6052085504608256,0.5987985279294425
4,7,0.22630949493521338,0.93508,5000,1.3568752341800265,0.9327731092436975,833,1.353826724683134,0.9313,0.7927773037789502,0.08311180769468189,,,0.96,,0.9600020079313287,0.03999799206867127,0.9703842970546143,0.39781527928547544,5,0.1,0.5,0.5953663314471175,0.5966651957072979,0.5874021820149509,0.6026635723773967,0.5984895126564495,0.5956773269006642,0.60675729090632,1.0,0.5973168196835983,0.5969333223411081,0.5996459221306282,0.5931178540649723
4,8,0.21598411150703764,0.93456,5000,1.3755668622476083,0.9327731092436975,833,1.353830464731771,0.9313,0.7987241972377703,0.08365322699626926,,,0.96,,0.9600020079313287,0.03999799206867127,0.9703842970546143,0.39781527928547544,5,0.1,0.5,0.5978461566850525,0.6104984069634174,0.6004927575625661,0.6084873265477091,0.6044160402778902,0.5966975083956781,0.6088701734597359,0.5973168196835983,1.0,0.6107477301082465,0.5974363144491194,0.5915738007242373
4,9,0.24425121919677598,0.92764,5000,1.3391952117284138,0.9303721488595438,833,1.353986741635746,0.9313,0.7951618428338121,0.08311554167641404,,,0.96,,0.9600020079313287,0.03999799206867127,0.9703842970546143,0.39781527928547544,5,0.1,0.5,0.6006882350443952,0.5942091614638236,0.5864192746674991,0.6004687071393029,0.6084164315496438,0.5992516934817854,0.6069108428241924,0.5969333223411081,0.6107477301082465,1.0,0.5940136409308471,0.5952529511977154
4,10,0.23442412425829157,0.93028,5000,1.3414244695946023,0.9387755102040817,833,1.3538069431774151,0.9313,0.7910885052589783,0.0827842129205604,,,0.96,,0.9600020079313287,0.03999799206867127,0.9703842970546143,0.39781527928547544,5,0.1,0.5,0.5968749422937134,0.5970725866723497,0.5936004092413676,0.5980331814567816,0.5919481982675543,0.5898772683216199,0.6052085504608256,0.5996459221306282,0.5974363144491194,0.5940136409308471,1.0,0.592115545821013
4,11,0.22382032766309418,0.93308,5000,1.362091135095667,0.9195678271308524,833,1.3538218096803172,0.9313,0.7894070763909248,0.08312652263379056,,,0.96,,0.9600020079313287,0.03999799206867127,0.9703842970546143,0.39781527928547544,5,0.1,0.5,0.6073611850206796,0.5942107013019189,0.5880342864723548,0.6009107338865814,0.5860837720281298,0.5893461354489065,0.5987985279294425,0.5931178540649723,0.5915738007242373,0.5952529511977154,0.592115545821013,1.0
5,0,0.20303147172045177,0.9394,5000,1.0918861936639856,0.9412470023980816,834,1.105600300307472,0.9427,0.7823979553941302,0.08348935230544245,,,0.96,,0.9600020079313287,0.03999799206867127,0.9693336266474132,0.39120787356762216,5,0.1,0.5,1.0,0.5804204258198928,0.5819064290314928,0.5791494657149457,0.5727822307201614,0.575308460483252,0.5741612766778292,0.56963584806406,0.5745057523929197,0.5835349709993587,0.5714922611245722,0.5818631931712815
5,1,0.20668933853435859,0.93648,5000,1.097247388627794,0.947242206235012,834,1.1055826957995138,0.9427,0.7853933356488739,0.08357348755435895,,,0.96,,0.9600020079313287,0.03999799206867127,0.9693336266474132,0.39120787356762216,5,0.1,0.5,0.5804204258198928,1.0,0.5774919523667036,0.577191347695155,0.573410334425048,0.5797610425060836,0.5830475979732267,0.5838352471530854,0.5847461447859836,0.5846606483057922,0.5722868010002881,0.5761435444337665
5,2,0.20999065890291313,0.93572,5000,1.0963818806189078,0.9532374100719424,834,1.1056161174378074,0.9427,0.7830367495866125,0.08326894382529278,,,0.96,,0.9600020079313287,0.03999799206867127,0.9693336266474132,0.39120787356762216,5,0.1,0.5,0.5819064290314928,0.5774919523667036,1.0,0.5861284346142309,0.5783431860733272,0.5803485265730464,0.5708128525565899,0.5796589658987601,0.5762221036554614,0.573313719054704,0.5768845528474297,0.5714775839380064
5,3,0.2028143383491381,0.93824,5000,1.12592186971947,0.9400479616306955,834,1.1056247715371104,0.9428,0.7851048244286716,0.08362965768803411,,,0.96,,0.9600020079313287,0.03999799206867127,0.9693336266474132,0.39120787356762216,5,0.1,0.5,0.5791494657149457,0.577191347695155,0.5861284346142309,1.0,0.5916245457026531,0.5764406065229271,0.5789498466532464,0.5800062796165837,0.5838303698648872,0.5761595098168559,0.5679694529447394,0.5723388685272301
5,4,0.21280419213376986,0.93544,5000,1.1095041654728077,0.943577430972389,833,1.1056153385783918,0.9428,0.7810175828715744,0.08317826107078981,,,0.96,,0.9600020079313287,0.03999799206867127,0.9693336266474132,0.39120787356762216,5,0.1,0.5,0.5727822307201614,0.573410334425048,0.5783431860733272,0.5916245457026531,1.0,0.5798705735338143,0.5738981591039537,0.574453169825359,0.5760067870218759,0.5813661185624095,0.5640883190583622,0.5678506881507913
5,5,0.19835965559361088,0.94048,5000,1.1196329372900504,0.936374549819928,833,1.1056197799813634,0.9427,0.7813669480251305,0.0833181155387057,,,0.96,,0.9600020079313287,0.03999799206867127,0.9693336266474132,0.39120787356762216,5,0.1,0.5,0.575308460483252,0.5797610425060836,0.5803485265730464,0.5764406065229271,0.5798705735338143,1.0,0.5711295559399223,0.5782289016754141,0.5759927234976028,0.578933403518541,0.5679952296235505,0.5720930362708027
5,6,0.21048882731717009,0.93868,5000,1.0998244925781533,0.9375750300120048,833,1.1056350581943037,0.9428,0.7812444679970453,0.0835552524605996,,,0.96,,0.9600020079313287,0.03999799206867127,0.9693336266474132,0.39120787356762216,5,0.1,0.5,0.5741612766778292,0.5830475979732267,0.5708128525565899,0.5789498466532464,0.5738981591039537,0.5711295559399223,1.0,0.5692000665247732,0.5854294944204627,0.5770538231595892,0.5755848721157164,0.573777024264193
5,7,0.2040985453660321,0.94136,5000,1.1089458840864677,0.9375750300120048,833,1.105631350137936,0.9428,0.7820668209625962,0.08317284978279399,,,0.96,,0.9600020079313287,0.03999799206867127,0.9693336266474132,0.39120787356762216,5,0.1,0.5,0.56963584806406,0.5838352471530854,0.5796589658987601,0.5800062796165837,0.574453169825359,0.5782289016754141,0.5692000665247732,1.0,0.5891178958046775,0.5685371715227955,0.5768404836124459,0.574421566933829
5,8,0.20049752387615621,0.94056,5000,1.1341299215952556,0.9423769507803121,833,1.1056382301897287,0.9428,0.7879156685655813,0.08374123309724923,,,0.96,,0.9600020079313287,0.03999799206867127,0.9693336266474132,0.39120787356762216,5,0.1,0.5,0.5745057523929197,0.5847461447859836,0.5762221036554614,0.5838303698648872,0.5760067870218759,0.5759927234976028,0.5854294944204627,0.5891178958046775,1.0,0.5880971494332269,0.5835170771649634,0.5787136703628712
5,9,0.2276597964452805,0.93152,5000,1.0857591606952526,0.9399759903961584,833,1.105799013433365,0.9428,0.7836351061920975,0.08323059161489905,,,0.96,,0.9600020079313287,0.03999799206867127,0.9693336266474132,0.39120787356762216,5,0.1,0.5,0.5835349709993587,0.5846606483057922,0.573313719054704,0.5761595098168559,0.5813661185624095,0.578933403518541,0.5770538231595892,0.5685371715227955,0.5880971494332269,1.0,0.5709432771613665,0.5759488820721738
5,10,0.22446297310325347,0.93224,5000,1.091813493657995,0.9567827130852341,833,1.1056150390317265,0.9428,0.7768909279514176,0.08277127848568235,,,0.96,,0.9600020079313287,0.03999799206867127,0.9693336266474132,0.39120787356762216,5,0.1,0.5,0.5714922611245722,0.5722868010002881,0.5768845528474297,0.5679694529447394,0.5640883190583622,0.5679952296235505,0.5755848721157164,0.5768404836124459,0.5835170771649634,0.5709432771613665,1.0,0.5694316572318554
5,11,0.20387189618436394,0.93768,5000,1.1150595611996121,0.936374549819928,833,1.1056259845773253,0.9427,0.7788951621657279,0.08307097657615209,,,0.96,,0.9600020079313287,0.03999799206867127,0.9693336266474132,0.39120787356762216,5,0.1,0.5,0.5818631931712815,0.5761435444337665,0.5714775839380064,0.5723388685272301,0.5678506881507913,0.5720930362708027,0.573777024264193,0.574421566933829,0.5787136703628712,0.5759488820721738,0.5694316572318554,1.0
6,0,0.18834880138955012,0.94372,5000,0.8593918217553033,0.947242206235012,834,0.8756617631394261,0.949,0.7646167184066256,0.08336120154785802,,,0.9050953011744656,,0.905115205059987,0.094884794940013,0.9676700346023813,0.3833751883740757,5,0.1,0.5,1.0,0.5508227227408816,0.5511078390385161,0.5531287714309484,0.5472260138133914,0.5433331007774688,0.5547578226774055,0.5449666531501668,0.5499685158468656,0.5555919870730762,0.5370973830538692,0.5468032814260884
6,1,0.19424713386970152,0.9408,5000,0.865215433968438,0.9520383693045563,834,0.8756178825046308,0.949,0.7666950224573011,0.08349158001449046,,,0.921468542825491,,0.9214848652176095,0.07851513478239047,0.9677000876526218,0.38338811689220675,5,0.1,0.5,0.5508227227408816,1.0,0.5529513069301645,0.5536457889978866,0.5453386807655087,0.5497927080641944,0.554816777460149,0.555089119130963,0.5555498207157392,0.550252353005948,0.5409666528466055,0.5442493246331405
6,2,0.19414525379064926,0.94308,5000,0.8632906587035568,0.960431654676259,834,0.8756589442015456,0.9489,0.7706441451601493,0.08342643435115502,,,0.9132873936230338,,0.9133025450529592,0.08669745494704084,0.9676792459567978,0.38338225171172735,5,0.1,0.5,0.5511078390385161,0.5529513069301645,1.0,0.5657451478026745,0.5531738711727938,0.5544314303309972,0.551522283923625,0.5552623654637688,0.5638918538484721,0.5492934567303636,0.5443258785026662,0.5497211153415876
6,3,0.18894959661314725,0.94164,5000,0.8956502764313309,0.947242206235012,834,0.8756647368970389,0.9488,0.7735351649221569,0.0837719680533133,,,0.9566803476141287,,0.9566989608955374,0.04330103910446259,0.9677421906640303,0.38340166433432504,5,0.1,0.5,0.5531287714309484,0.5536457889978866,0.5657451478026745,1.0,0.5602168466226577,0.5626860103658454,0.5570739201861543,0.5578524631540543,0.5635476165149453,0.5491331617777119,0.546597682438223,0.5465275073719419
6,4,0.20138310447281854,0.939,5000,0.8787374761369493,0.9483793517406963,833,0.8757546424104002,0.9489,0.7634690970576264,0.08311091896222243,,,0.8736642116586817,,0.8736760202801064,0.12632397971989362,0.9675420103895955,0.3833315704424421,5,0.1,0.5,0.5472260138133914,0.5453386807655087,0.5531738711727938,0.5602168466226577,1.0,0.5462545008993015,0.5586534509676704,0.5470963113508382,0.5495709569198454,0.5578475704357861,0.5281563688568058,0.5322848685647181
6,5,0.17765004660483377,0.94596,5000,0.8898215558793809,0.943577430972389,833,0.8756976885536608,0.949,0.7659541060985188,0.08329325806846062,,,0.8965627954968122,,0.8965814969128055,0.10341850308719447,0.9676526416125212,0.3833659504677812,5,0.1,0.5,0.5433331007774688,0.5497927080641944,0.5544314303309972,0.5626860103658454,0.5462545008993015,1.0,0.5506649430424297,0.5564995846561763,0.5532448194732787,0.5504898862404065,0.5343653044715048,0.5462467753655944
6,6,0.19271816174932727,0.94228,5000,0.8712310327423943,0.9423769507803121,833,0.8756742130834073,0.9489,0.7727713187859597,0.08369475435092773,,,0.9469836650208793,,0.9470006525776818,0.052999347422318155,0.9677324339197172,0.3833993056704027,5,0.1,0.5,0.5547578226774055,0.554816777460149,0.551522283923625,0.5570739201861543,0.5586534509676704,0.5506649430424297,1.0,0.555710249707474,0.5592006809045197,0.5636330521158702,0.5519181476219732,0.5516348675509882
6,7,0.19061318044343098,0.94428,5000,0.8796925125298677,0.9411764705882353,833,0.8756955321223591,0.9488,0.7694135401122115,0.08331805758671597,,,0.8996771786899244,,0.899688770644044,0.10031122935595604,0.9676638287797293,0.38336951474079495,5,0.1,0.5,0.5449666531501668,0.555089119130963,0.5552623654637688,0.5578524631540543,0.5470963113508382,0.5564995846561763,0.555710249707474,1.0,0.5565422256944377,0.5553083408072467,0.5474404510870476,0.5489211356450912
6,8,0.18465421546760732,0.94472,5000,0.9094792913507532,0.9519807923169268,833,0.8756722417502357,0.9488,0.7721607132567376,0.08379840210838158,,,0.9599999998744175,,0.9600020079313287,0.03999799206867127,0.9677433170434102,0.3834022182235804,5,0.1,0.5,0.5499685158468656,0.5555498207157392,0.5638918538484721,0.5635476165149453,0.5495709569198454,0.5532448194732787,0.5592006809045197,0.5565422256944377,1.0,0.5582634999544049,0.5479945102877295,0.5451343330685471
6,9,0.20843604137337987,0.93708,5000,0.8523074609261972,0.9495798319327731,833,0.8758581792965484,0.9488,0.7684244329447566,0.08332188672638512,,,0.9001580512660319,,0.9001807138195874,0.09981928618041258,0.9676653949401709,0.383370081161857,5,0.1,0.5,0.5555919870730762,0.550252353005948,0.5492934567303636,0.5491331617777119,0.5578475704357861,0.5504898862404065,0.5636330521158702,0.5553083408072467,0.5582634999544049,1.0,0.5369788395364685,0.5444122215444763
6,10,0.20432735535250918,0.94104,5000,0.8609341493359318,0.9591836734693877,833,0.8760718935594772,0.9489,0.7546592870400137,0.08252433829808467,,,0.8,,0.8,0.19999999999999996,0.9670084386693332,0.38309740372458506,5,0.1,0.5,0.5370973830538692,0.5409666528466055,0.5443258785026662,0.546597682438223,0.5281563688568058,0.5343653044715048,0.5519181476219732,0.5474404510870476,0.5479945102877295,0.5369788395364685,1.0,0.5312857408190592
6,11,0.19185173209804068,0.94048,5000,0.885564245559551,0.943577430972389,833,0.8758171737765352,0.949,0.7591982808675446,0.08288719993200494,,,0.8455690373688147,,0.845590080819236,0.15440991918076397,0.9674149504788488,0.3832671280671785,5,0.1,0.5,0.5468032814260884,0.5442493246331405,0.5497211153415876,0.5465275073719419,0.5322848685647181,0.5462467753655944,0.5516348675509882,0.5489211356450912,0.5451343330685471,0.5444122215444763,0.5312857408190592,1.0
7,0,0.17627930222138477,0.94656,5000,0.6572711578121891,0.9520383693045563,834,0.6745368347952541,0.9532,0.7511573713690805,0.08336745013141048,,,0.9007749318934696,,0.9007931328748556,0.09920686712514437,0.9648631506449853,0.3753291508453392,5,0.1,0.5,1.0,0.5273608160905707,0.5222911434148929,0.5278758931912361,0.5267695520917431,0.5222244207103405,0.5256801766378506,0.524118546958957,0.5138879804938256,0.5319287374020829,0.5144493854534924,0.5303095475673488
7,1,0.18045205766702913,0.9448,5000,0.6619223069261622,0.9544364508393285,834,0.6744513696374984,0.9532,0.7542339716469447,0.08356573766916855,,,0.9267854092466866,,0.9268008634104714,0.07319913658952859,0.9649488903815571,0.37535333554852335,5,0.1,0.5,0.5273608160905707,1.0,0.5264297036324963,0.5224283112014702,0.5239839186090589,0.5313793633365359,0.5341089712169699,0.5224204185631318,0.529431805305154,0.5243504662273893,0.5290074562377595,0.5229706142952815
