round,client_id,client_i_training_loss,client_i_training_accuracy,client_i_training_dataset_size,client_i_evaluation_loss,client_i_evaluation_accuracy,client_i_evaluation_dataset_size,client_i_central_evaluation_loss,client_i_central_evaluation_accuracy,client_i_cosine_similarity,client_i_importance_coefficient,client_i_tanh_val,tanh_normalization_value,client_i_q,client_i_mask_order,client_i_v_nonzero_fraction,client_i_v_sparsity,client_i_v_cosine_similarity,client_i_reward_gradient_norm,local_epochs,learning_rate,gamma,client_0_cosine_similarity,client_1_cosine_similarity,client_2_cosine_similarity,client_3_cosine_similarity,client_4_cosine_similarity,client_5_cosine_similarity,client_6_cosine_similarity,client_7_cosine_similarity,client_8_cosine_similarity,client_9_cosine_similarity,client_10_cosine_similarity,client_11_cosine_similarity
0,0,2.160799848653708,0.31616,5000,2.2495010517261647,0.2146282973621103,834,2.2483308155315753,0.2146,0.9957213119068866,0.08322252584847506,,,0.96,,0.9600139182880506,0.039986081711949395,0,0.09970461084145883,5,0.001,0.1,1.0,0.9927867696384497,0.991506090600162,0.9931816026755482,0.9945993425647008,0.9953578745341825,0.990354770136921,0.9910561535405404,0.9921290202750196,0.9915006906161696,0.9924318836359814,0.9884680630868488
0,1,2.1675693306953283,0.3142,5000,2.245949144716616,0.22302158273381295,834,2.2483308155315753,0.2146,0.9979340042752214,0.0834074629846159,,,0.96,,0.9600139182880506,0.039986081711949395,0,0.09970461084145883,5,0.001,0.1,0.9927867696384497,1.0,0.9939719124474659,0.9922241072502869,0.9955054413383708,0.995755876578411,0.9935134861227097,0.9960074084978621,0.9949345939631118,0.9958512229159178,0.9956188170141932,0.99367652773514
0,2,2.1622622139134986,0.33352,5000,2.24544683209172,0.2446043165467626,834,2.2483308155315753,0.2146,0.9971820425728135,0.08334461392085944,,,0.96,,0.9600139182880506,0.039986081711949395,0,0.09970461084145883,5,0.001,0.1,0.991506090600162,0.9939719124474659,1.0,0.9930455974073703,0.9933111459704785,0.9926018563252341,0.9947467683030831,0.9936615423242334,0.9951442144585887,0.9949641792629831,0.9949141338428881,0.9929818277536824
0,3,2.16653717809422,0.314,5000,2.250119580162896,0.2038369304556355,834,2.2483308155315753,0.2146,0.996443749277896,0.0832829072645036,,,0.96,,0.9600139182880506,0.039986081711949395,0,0.09970461084145883,5,0.001,0.1,0.9931816026755482,0.9922241072502869,0.9930455974073703,1.0,0.993278783738968,0.9947350223238768,0.9923049556309942,0.9909837032140526,0.9944390506926606,0.9923933821399266,0.9922136825883204,0.993216023134891
0,4,2.1630147065326666,0.30612,5000,2.2533066625948304,0.21968787515006002,833,2.2483308155315753,0.2146,0.9976036604817159,0.08337985280437256,,,0.96,,0.9600139182880506,0.039986081711949395,0,0.09970461084145883,5,0.001,0.1,0.9945993425647008,0.9955054413383708,0.9933111459704785,0.993278783738968,1.0,0.9962454680358148,0.9928810165040942,0.9956886938232796,0.9947200963407123,0.9931007926859343,0.9955597565797711,0.9910032052708554
0,5,2.160800482513039,0.30672,5000,2.251118218457257,0.21968787515006002,833,2.2483308155315753,0.2146,0.9976575473736611,0.0833843566783021,,,0.96,,0.9600139182880506,0.039986081711949395,0,0.09970461084145883,5,0.001,0.1,0.9953578745341825,0.995755876578411,0.9926018563252341,0.9947350223238768,0.9962454680358148,1.0,0.9933637636009932,0.9952598449214428,0.9935392228815147,0.9940246960045682,0.9936606611093061,0.991994190531793
0,6,2.1630896592595774,0.34192,5000,2.252232825314557,0.21008403361344538,833,2.2483308155315753,0.2146,0.9967310196034456,0.08330691735829959,,,0.96,,0.9600139182880506,0.039986081711949395,0,0.09970461084145883,5,0.001,0.1,0.990354770136921,0.9935134861227097,0.9947467683030831,0.9923049556309942,0.9928810165040942,0.9933637636009932,1.0,0.9955205309402915,0.9939101006181696,0.9934658495505474,0.9922901053964623,0.9931016277466916
0,7,2.1595336605788797,0.34724,5000,2.251236262144866,0.1992797118847539,833,2.2483308155315753,0.2146,0.9973708906620296,0.0833603978704428,,,0.96,,0.9600139182880506,0.039986081711949395,0,0.09970461084145883,5,0.001,0.1,0.9910561535405404,0.9960074084978621,0.9936615423242334,0.9909837032140526,0.9956886938232796,0.9952598449214428,0.9955205309402915,1.0,0.9938379691667202,0.9948849096383451,0.9947536288795542,0.9914543686674637
0,8,2.165910662359493,0.32096,5000,2.2496936409561723,0.23769507803121248,833,2.2483308155315753,0.2146,0.9975516707060489,0.0833755074916856,,,0.96,,0.9600139182880506,0.039986081711949395,0,0.09970461084145883,5,0.001,0.1,0.9921290202750196,0.9949345939631118,0.9951442144585887,0.9944390506926606,0.9947200963407123,0.9935392228815147,0.9939101006181696,0.9938379691667202,1.0,0.9947802318381004,0.9946470740437311,0.9931901339001347
0,9,2.1656166924033196,0.34328,5000,2.254270173885204,0.19687875150060025,833,2.2483308155315753,0.2146,0.9972248084544574,0.08334818829920003,,,0.96,,0.9600139182880506,0.039986081711949395,0,0.09970461084145883,5,0.001,0.1,0.9915006906161696,0.9958512229159178,0.9949641792629831,0.9923933821399266,0.9931007926859343,0.9940246960045682,0.9934658495505474,0.9948849096383451,0.9947802318381004,1.0,0.9941652448398919,0.9922297443850416
0,10,2.1592383366481513,0.30352,5000,2.2482704674756087,0.20048019207683074,833,2.2483308155315753,0.2146,0.997363572501104,0.083359786217534,,,0.96,,0.9600139182880506,0.039986081711949395,0,0.09970461084145883,5,0.001,0.1,0.9924318836359814,0.9956188170141932,0.9949141338428881,0.9922136825883204,0.9955597565797711,0.9936606611093061,0.9922901053964623,0.9947536288795542,0.9946470740437311,0.9941652448398919,1.0,0.9927662070427421
0,11,2.1651501151406842,0.32352,5000,2.244649613345111,0.20528211284513806,833,2.2483308155315753,0.2146,0.9957806251992798,0.08322748326170938,,,0.96,,0.9600139182880506,0.039986081711949395,0,0.09970461084145883,5,0.001,0.1,0.9884680630868488,0.99367652773514,0.9929818277536824,0.993216023134891,0.9910032052708554,0.991994190531793,0.9931016277466916,0.9914543686674637,0.9931901339001347,0.9922297443850416,0.9927662070427421,1.0
1,0,2.000082876424121,0.39864,5000,2.1897185731817177,0.36211031175059955,834,2.187817204112824,0.3536,0.997687912311046,0.08324703048462744,,,0.96,,0.9600139182880506,0.039986081711949395,0.9760444496662637,0.09982559143336152,5,0.001,0.1,1.0,0.9963162082724298,0.995410786397659,0.995223597056737,0.9964250979495727,0.9969421631263033,0.994760260614633,0.9952835790162511,0.9954879976391912,0.995594487673375,0.9960235877124806,0.993913561894542
1,1,2.005566643909284,0.40264,5000,2.1871145919517234,0.3393285371702638,834,2.187817204112824,0.3536,0.9988005450872168,0.0833963712424686,,,0.96,,0.9600139182880506,0.039986081711949395,0.9760444496662637,0.09982559143336152,5,0.001,0.1,0.9963162082724298,1.0,0.9961363198351387,0.9955421182587653,0.9971212041345643,0.9977176978795884,0.9962983056075205,0.9975896158813735,0.9969280798740001,0.9975623636948692,0.9972909712477701,0.9961989715208228
1,2,1.9986249682250297,0.41592,5000,2.182219531801012,0.36810551558752996,834,2.187817204112824,0.3536,0.9982432087002393,0.08333983409071204,,,0.96,,0.9600139182880506,0.039986081711949395,0.9760444496662637,0.09982559143336152,5,0.001,0.1,0.995410786397659,0.9961363198351387,1.0,0.9961384368703421,0.9956675980928003,0.9951315401574738,0.9966991799352882,0.9960549869166067,0.9969948472418476,0.9972689404695972,0.9968548813166725,0.9956725427288513
1,3,2.004261448428889,0.40684,5000,2.1899956420615867,0.328537170263789,834,2.187817204112824,0.3536,0.997733187634472,0.08328552492879802,,,0.96,,0.9600139182880506,0.039986081711949395,0.9760444496662637,0.09982559143336152,5,0.001,0.1,0.995223597056737,0.9955421182587653,0.9961384368703421,1.0,0.9950637419678706,0.9962498561247395,0.9953355114476208,0.9947165302336033,0.9964691988390421,0.9960247093582494,0.9951652775553148,0.9959957293554633
1,4,2.0026795868660994,0.38816,5000,2.1926376024881997,0.3745498199279712,833,2.187817204112824,0.3536,0.9982811997378346,0.08336267305059344,,,0.96,,0.9600139182880506,0.039986081711949395,0.9760444496662637,0.09982559143336152,5,0.001,0.1,0.9964250979495727,0.9971212041345643,0.9956675980928003,0.9950637419678706,1.0,0.9971460345351043,0.9958354407496285,0.9973887032566211,0.9963205052389605,0.9962628177585104,0.9970524197660613,0.9941962268263701
1,5,1.99412550850279,0.39048,5000,2.189526319503784,0.35414165666266506,833,2.187817204112824,0.3536,0.9984231104089889,0.08337001620994904,,,0.96,,0.9600139182880506,0.039986081711949395,0.9760444496662637,0.09982559143336152,5,0.001,0.1,0.9969421631263033,0.9977176978795884,0.9951315401574738,0.9962498561247395,0.9971460345351043,1.0,0.9958814069300198,0.9970062384120767,0.9957399169107097,0.9968165664413563,0.9959628121551493,0.9955887581369622
1,6,1.9999301207293372,0.418,5000,2.189789568936383,0.3445378151260504,833,2.187817204112824,0.3536,0.9981864241648603,0.08331488114252897,,,0.96,,0.9600139182880506,0.039986081711949395,0.9760444496662637,0.09982559143336152,5,0.001,0.1,0.994760260614633,0.9962983056075205,0.9966991799352882,0.9953355114476208,0.9958354407496285,0.9958814069300198,1.0,0.9975770476213871,0.9963914190547111,0.9965973053295667,0.9958259605945623,0.9961483028216218
1,7,1.9946301542269955,0.41676,5000,2.189316096129241,0.34813925570228094,833,2.187817204112824,0.3536,0.998499002969473,0.08335777166090488,,,0.96,,0.9600139182880506,0.039986081711949395,0.9760444496662637,0.09982559143336152,5,0.001,0.1,0.9952835790162511,0.9975896158813735,0.9960549869166067,0.9947165302336033,0.9973887032566211,0.9970062384120767,0.9975770476213871,1.0,0.9965195680188669,0.996904732660675,0.9969473880613995,0.9951004987396562
1,8,2.005490128857315,0.4104,5000,2.190277408670496,0.3997599039615846,833,2.187817204112824,0.3536,0.9984955971191651,0.08336692871172152,,,0.96,,0.9600139182880506,0.039986081711949395,0.9760444496662637,0.09982559143336152,5,0.001,0.1,0.9954879976391912,0.9969280798740001,0.9969948472418476,0.9964691988390421,0.9963205052389605,0.9957399169107097,0.9963914190547111,0.9965195680188669,1.0,0.9972534821112448,0.996736367310847,0.9962102804426682
1,9,2.0026234127154017,0.41688,5000,2.194173556786996,0.3325330132052821,833,2.187817204112824,0.3536,0.9986949993148901,0.08335661005393126,,,0.96,,0.9600139182880506,0.039986081711949395,0.9760444496662637,0.09982559143336152,5,0.001,0.1,0.995594487673375,0.9975623636948692,0.9972689404695972,0.9960247093582494,0.9962628177585104,0.9968165664413563,0.9965973053295667,0.996904732660675,0.9972534821112448,1.0,0.9968748874853279,0.9962795530117327
1,10,1.9951702119438512,0.3758,5000,2.1894715273821794,0.33373349339735897,833,2.187817204112824,0.3536,0.9984083145837941,0.08335446911572517,,,0.96,,0.9600139182880506,0.039986081711949395,0.9760444496662637,0.09982559143336152,5,0.001,0.1,0.9960235877124806,0.9972909712477701,0.9968548813166725,0.9951652775553148,0.9970524197660613,0.9959628121551493,0.9958259605945623,0.9969473880613995,0.996736367310847,0.9968748874853279,1.0,0.9952697899226088
1,11,1.999582047523207,0.41444,5000,2.1827577220069037,0.3577430972388956,833,2.187817204112824,0.3536,0.9976203270134845,0.08324788930803957,,,0.96,,0.9600139182880506,0.039986081711949395,0.9760444496662637,0.09982559143336152,5,0.001,0.1,0.993913561894542,0.9961989715208228,0.9956725427288513,0.9959957293554633,0.9941962268263701,0.9955887581369622,0.9961483028216218,0.9951004987396562,0.9962102804426682,0.9962795530117327,0.9952697899226088,1.0
2,0,1.8240261846287236,0.46552,5000,2.1150985293918185,0.4364508393285372,834,2.112630496009851,0.426,0.9984668583372465,0.08327308151725485,,,0.96,,0.9600139182880506,0.039986081711949395,0.9914317010403845,0.09986933670600541,5,0.001,0.1,1.0,0.9973111155263134,0.9966855425162395,0.9966861227235249,0.9971098636993407,0.9978814143262964,0.9963625205207303,0.9965389980533222,0.9969189421023446,0.9971146241186771,0.9972280466143196,0.9961192791546276
2,1,1.8253687706722574,0.473,5000,2.113857719633314,0.40167865707434053,834,2.112630496009851,0.426,0.9989278324486514,0.08337953690184605,,,0.96,,0.9600139182880506,0.039986081711949395,0.9914317010403845,0.09986933670600541,5,0.001,0.1,0.9973111155263134,1.0,0.9967911655819818,0.9962999035653117,0.997568899155477,0.9980360983978819,0.9972717347051915,0.9976802425238634,0.9974429279436023,0.9980450748738136,0.9978865568309386,0.9971422143076376
2,2,1.8174116825601858,0.48092,5000,2.103864387229637,0.447242206235012,834,2.112630496009851,0.426,0.998569068065763,0.0833332886732251,,,0.96,,0.9600139182880506,0.039986081711949395,0.9914317010403845,0.09986933670600541,5,0.001,0.1,0.9966855425162395,0.9967911655819818,1.0,0.9969427358781922,0.9966566506015795,0.9965350410267384,0.9975925104550502,0.9968238917249935,0.9974379986188482,0.9974385686081564,0.99756245651032,0.9967128374051536
2,3,1.8238855413570525,0.46916,5000,2.115388437553688,0.38968824940047964,834,2.112630496009851,0.426,0.9982965131242748,0.08329118903385516,,,0.96,,0.9600139182880506,0.039986081711949395,0.9914317010403845,0.09986933670600541,5,0.001,0.1,0.9966861227235249,0.9962999035653117,0.9969427358781922,1.0,0.9961815551722755,0.9972072140743068,0.996657602169666,0.9961475162679995,0.9972901790947817,0.9970005602414737,0.9965986271223968,0.9969038445404037
2,4,1.8257173185895204,0.45816,5000,2.1171122656928167,0.4561824729891957,833,2.112630496009851,0.426,0.9986915307259532,0.08335124623245364,,,0.96,,0.9600139182880506,0.039986081711949395,0.9914317010403845,0.09986933670600541,5,0.001,0.1,0.9971098636993407,0.997568899155477,0.9966566506015795,0.9961815551722755,1.0,0.9976697195117517,0.9972245821386357,0.9977498826507452,0.9970767280534955,0.9971994229672906,0.9979124066807562,0.9962946614808593
2,5,1.8125511221065642,0.46996,5000,2.112999615845857,0.41656662665066024,833,2.112630496009851,0.426,0.9989173762808994,0.08336303818054697,,,0.96,,0.9600139182880506,0.039986081711949395,0.9914317010403845,0.09986933670600541,5,0.001,0.1,0.9978814143262964,0.9980360983978819,0.9965350410267384,0.9972072140743068,0.9976697195117517,1.0,0.9971419945042747,0.9976935305919864,0.9969282694644235,0.9977361000661348,0.9974885811323837,0.9970346287822428
2,6,1.8186129764386803,0.48056,5000,2.112843124954789,0.42737094837935174,833,2.112630496009851,0.426,0.9987147073684427,0.0833226876133249,,,0.96,,0.9600139182880506,0.039986081711949395,0.9914317010403845,0.09986933670600541,5,0.001,0.1,0.9963625205207303,0.9972717347051915,0.9975925104550502,0.996657602169666,0.9972245821386357,0.9971419945042747,1.0,0.9980282650841426,0.9971089369412327,0.9973190667158865,0.9971445069015669,0.99707274803618
2,7,1.8130095219156546,0.47876,5000,2.111774285634359,0.4261704681872749,833,2.112630496009851,0.426,0.9987149937799296,0.08334899789093668,,,0.96,,0.9600139182880506,0.039986081711949395,0.9914317010403845,0.09986933670600541,5,0.001,0.1,0.9965389980533222,0.9976802425238634,0.9968238917249935,0.9961475162679995,0.9977498826507452,0.9976935305919864,0.9980282650841426,1.0,0.9970218860342351,0.997283476904483,0.9976415846264471,0.9963159671533162
2,8,1.825116922597217,0.4744,5000,2.1167486950203225,0.4525810324129652,833,2.112630496009851,0.426,0.9987695014195201,0.0833563723161008,,,0.96,,0.9600139182880506,0.039986081711949395,0.9914317010403845,0.09986933670600541,5,0.001,0.1,0.9969189421023446,0.9974429279436023,0.9974379986188482,0.9972901790947817,0.9970767280534955,0.9969282694644235,0.9971089369412327,0.9970218860342351,1.0,0.9977197657711568,0.9974909377210178,0.9971438967074123
2,9,1.821713413402533,0.4776,5000,2.119677879192211,0.40816326530612246,833,2.112630496009851,0.426,0.998951883105998,0.08335593103456916,,,0.96,,0.9600139182880506,0.039986081711949395,0.9914317010403845,0.09986933670600541,5,0.001,0.1,0.9971146241186771,0.9980450748738136,0.9974385686081564,0.9970005602414737,0.9971994229672906,0.9977361000661348,0.9973190667158865,0.997283476904483,0.9977197657711568,1.0,0.9977393519737116,0.9971695761070191
2,10,1.8163016973787052,0.45372,5000,2.116066579465513,0.4009603841536615,833,2.112630496009851,0.426,0.9989368879531396,0.0833541342236297,,,0.96,,0.9600139182880506,0.039986081711949395,0.9914317010403845,0.09986933670600541,5,0.001,0.1,0.9972280466143196,0.9978865568309386,0.99756245651032,0.9965986271223968,0.9979124066807562,0.9974885811323837,0.9971445069015669,0.9976415846264471,0.9974909377210178,0.9977393519737116,1.0,0.9968924026102322
2,11,1.8150220863378732,0.49768,5000,2.105711062749227,0.4489795918367347,833,2.112630496009851,0.426,0.9983704420227691,0.08327049638225709,,,0.96,,0.9600139182880506,0.039986081711949395,0.9914317010403845,0.09986933670600541,5,0.001,0.1,0.9961192791546276,0.9971422143076376,0.9967128374051536,0.9969038445404037,0.9962946614808593,0.9970346287822428,0.99707274803618,0.9963159671533162,0.9971438967074123,0.9971695761070191,0.9968924026102322,1.0
3,0,1.662282367876381,0.5114,5000,2.0250209216718322,0.4844124700239808,834,2.0220987054105763,0.4659,0.9986672746224374,0.08329235138606535,,,0.96,,0.9600139182880506,0.039986081711949395,0.9955788787548919,0.09987918061011476,5,0.001,0.1,1.0,0.9977600349218848,0.9970930216229267,0.9969978378123668,0.9973395793670696,0.9979710427275349,0.9969073385793082,0.9970363639926211,0.9972944633311123,0.9973494614261897,0.9972784670188141,0.9965085157930562
3,1,1.6577213600942284,0.52552,5000,2.025335916766414,0.42685851318944845,834,2.0220987054105763,0.4659,0.9991822764788447,0.08337424948373268,,,0.96,,0.9600139182880506,0.039986081711949395,0.9955788787548919,0.09987918061011476,5,0.001,0.1,0.9977600349218848,1.0,0.9975156454939558,0.9971028679516888,0.9979111696301783,0.9981826273220396,0.9978420630481977,0.9977213460159493,0.9977565585101391,0.9983676014539558,0.9979400477833068,0.9976059667452113
3,2,1.6505048988731044,0.52452,5000,2.009651016305994,0.5155875299760192,834,2.0220987054105763,0.4659,0.9987574564451983,0.08333218025653753,,,0.96,,0.9600139182880506,0.039986081711949395,0.9955788787548919,0.09987918061011476,5,0.001,0.1,0.9970930216229267,0.9975156454939558,1.0,0.9969757484687929,0.997154015114978,0.9969612242271758,0.9977636673241781,0.9971679803081563,0.9976626334333495,0.9974845970316579,0.9977935521253455,0.9970435616633136
3,3,1.6579468394540677,0.51188,5000,2.025693994981271,0.434052757793765,834,2.0220987054105763,0.4659,0.9983838849886741,0.08329430885539475,,,0.96,,0.9600139182880506,0.039986081711949395,0.9955788787548919,0.09987918061011476,5,0.001,0.1,0.9969978378123668,0.9971028679516888,0.9969757484687929,1.0,0.9964055754449921,0.9975556418445173,0.9967527309912038,0.996785302048203,0.9969821207804006,0.9971060430869237,0.9966253729026572,0.9968509788186913
3,4,1.6629967429835326,0.51448,5000,2.025834149784512,0.4897959183673469,833,2.0220987054105763,0.4659,0.998792640461078,0.08334432714923168,,,0.96,,0.9600139182880506,0.039986081711949395,0.9955788787548919,0.09987918061011476,5,0.001,0.1,0.9973395793670696,0.9979111696301783,0.997154015114978,0.9964055754449921,1.0,0.9976059079435818,0.9974568573982332,0.9977856853198165,0.9973169439613392,0.9974428981291784,0.9977152405210769,0.9969021641129843
3,5,1.6455982416298738,0.524,5000,2.0210537204036005,0.45858343337334934,833,2.0220987054105763,0.4659,0.9989331924878232,0.08335609390935905,,,0.96,,0.9600139182880506,0.039986081711949395,0.9955788787548919,0.09987918061011476,5,0.001,0.1,0.9979710427275349,0.9981826273220396,0.9969612242271758,0.9975556418445173,0.9976059079435818,1.0,0.9972892322061553,0.9976501933682911,0.9969446542590382,0.9978588702489007,0.9973590607638038,0.9973431340298743
3,6,1.6528673342079114,0.52744,5000,2.0208271653563887,0.45858343337334934,833,2.0220987054105763,0.4659,0.9988355248154549,0.08332819930622708,,,0.96,,0.9600139182880506,0.039986081711949395,0.9955788787548919,0.09987918061011476,5,0.001,0.1,0.9969073385793082,0.9978420630481977,0.9977636673241781,0.9967527309912038,0.9974568573982332,0.9972892322061553,1.0,0.9978099443088805,0.9973065695941791,0.9974353481509757,0.9975464386124507,0.9974411733404804
3,7,1.6468103047389133,0.53068,5000,2.0180473548394664,0.460984393757503,833,2.0220987054105763,0.4659,0.9987400868932731,0.08334125241969981,,,0.96,,0.9600139182880506,0.039986081711949395,0.9955788787548919,0.09987918061011476,5,0.001,0.1,0.9970363639926211,0.9977213460159493,0.9971679803081563,0.996785302048203,0.9977856853198165,0.9976501933682911,0.9978099443088805,1.0,0.9971339173164937,0.997027887515203,0.9975587619760806,0.9967290127422694
3,8,1.6573456660957093,0.52112,5000,2.0287586097364074,0.48739495798319327,833,2.0220987054105763,0.4659,0.9987958723071201,0.08334757471371283,,,0.96,,0.9600139182880506,0.039986081711949395,0.9955788787548919,0.09987918061011476,5,0.001,0.1,0.9972944633311123,0.9977565585101391,0.9976626334333495,0.9969821207804006,0.9973169439613392,0.9969446542590382,0.9973065695941791,0.9971339173164937,1.0,0.9976954138178626,0.9976248123917271,0.9973575018321017
3,9,1.6541150970823446,0.5274,5000,2.029838623823943,0.4477791116446579,833,2.0220987054105763,0.4659,0.9989518342588578,0.08335233750806341,,,0.96,,0.9600139182880506,0.039986081711949395,0.9955788787548919,0.09987918061011476,5,0.001,0.1,0.9973494614261897,0.9983676014539558,0.9974845970316579,0.9971060430869237,0.9974428981291784,0.9978588702489007,0.9974353481509757,0.997027887515203,0.9976954138178626,1.0,0.9977325162944639,0.9974437323124149
3,10,1.6517254932670837,0.51172,5000,2.0272811916139393,0.43577430972388953,833,2.0220987054105763,0.4659,0.9988988475522135,0.08334952567375736,,,0.96,,0.9600139182880506,0.039986081711949395,0.9955788787548919,0.09987918061011476,5,0.001,0.1,0.9972784670188141,0.9979400477833068,0.9977935521253455,0.9966253729026572,0.9977152405210769,0.9973590607638038,0.9975464386124507,0.9975587619760806,0.9976248123917271,0.9977325162944639,1.0,0.9971348391817157
3,11,1.644968452499171,0.54556,5000,2.0130928180835865,0.4909963985594238,833,2.0220987054105763,0.4659,0.9985691475706328,0.08328759933821842,,,0.96,,0.9600139182880506,0.039986081711949395,0.9955788787548919,0.09987918061011476,5,0.001,0.1,0.9965085157930562,0.9976059667452113,0.9970435616633136,0.9968509788186913,0.9969021641129843,0.9973431340298743,0.9974411733404804,0.9967290127422694,0.9973575018321017,0.9974437323124149,0.9971348391817157,1.0
4,0,1.5231765406906226,0.54804,5000,1.9206366318243522,0.4988009592326139,834,1.9173251203835582,0.4912,0.998606121590256,0.08330488122751972,,,0.96,,0.9600139182880506,0.039986081711949395,0.997219796776487,0.09987085852668037,5,0.001,0.1,1.0,0.9974402410018989,0.996685845763723,0.996932438805236,0.9970121582949215,0.9977096255336336,0.9968316058705399,0.9972735968450457,0.9972565584315961,0.9970515342237074,0.9970524151274628,0.9965587309652886
4,1,1.5161211855092627,0.56484,5000,1.9224282812189173,0.4568345323741007,834,1.9173251203835582,0.4912,0.9990464284018766,0.08336931247932673,,,0.96,,0.9600139182880506,0.039986081711949395,0.997219796776487,0.09987085852668037,5,0.001,0.1,0.9974402410018989,1.0,0.9973093770488393,0.9968884266504714,0.9975631322317678,0.9979807571098047,0.9976565155304005,0.9975403835903146,0.9973407386337945,0.9980402046679678,0.9980067444834063,0.9973124297126583
4,2,1.509316423896012,0.5596,5000,1.9007984311492354,0.5323741007194245,834,1.9173251203835582,0.4912,0.998544143681193,0.08332730438877779,,,0.96,,0.9600139182880506,0.039986081711949395,0.997219796776487,0.09987085852668037,5,0.001,0.1,0.996685845763723,0.9973093770488393,1.0,0.9966057861210535,0.9966726911862757,0.9966388102962865,0.9974212939761127,0.9970066219038447,0.9971950409872375,0.9969936105761562,0.9975769564298369,0.9969548075460821
4,3,1.516776072295608,0.55012,5000,1.922061522801717,0.4616306954436451,834,1.9173251203835582,0.4912,0.9982947916984505,0.08329603364567673,,,0.96,,0.9600139182880506,0.039986081711949395,0.997219796776487,0.09987085852668037,5,0.001,0.1,0.996932438805236,0.9968884266504714,0.9966057861210535,1.0,0.9960243585219306,0.9974240741097575,0.9964248080548582,0.9967538860190643,0.9966674368746796,0.9969926476321499,0.9965105686780377,0.9968499931221738
4,4,1.5247881676740707,0.54924,5000,1.919980455327917,0.5234093637454982,833,1.9173251203835582,0.4912,0.9986492469968962,0.08333814510542899,,,0.96,,0.9600139182880506,0.039986081711949395,0.997219796776487,0.09987085852668037,5,0.001,0.1,0.9970121582949215,0.9975631322317678,0.9966726911862757,0.9960243585219306,1.0,0.9973012303646588,0.997346982079333,0.9977775539684565,0.9970584341797237,0.9970070932044865,0.9975900756951213,0.9969657865956727
4,5,1.5038210477039313,0.56032,5000,1.9145741330252752,0.48739495798319327,833,1.9173251203835582,0.4912,0.9988887245303757,0.0833530895405282,,,0.96,,0.9600139182880506,0.039986081711949395,0.997219796776487,0.09987085852668037,5,0.001,0.1,0.9977096255336336,0.9979807571098047,0.9966388102962865,0.9974240741097575,0.9973012303646588,1.0,0.9971734714399654,0.9976761100931593,0.9967913646444829,0.9976388476022823,0.997433755299863,0.99742206352914
4,6,1.5116349341003759,0.562,5000,1.9148144633681685,0.48619447779111646,833,1.9173251203835582,0.4912,0.9987193392171314,0.0833305175260828,,,0.96,,0.9600139182880506,0.039986081711949395,0.997219796776487,0.09987085852668037,5,0.001,0.1,0.9968316058705399,0.9976565155304005,0.9974212939761127,0.9964248080548582,0.997346982079333,0.9971734714399654,1.0,0.9975262509879879,0.9969041253194294,0.9970742730728629,0.9974364137658376,0.9973646726092698
4,7,1.5057923875796566,0.5696,5000,1.9092958105934992,0.4897959183673469,833,1.9173251203835582,0.4912,0.9988247772647211,0.08334192474927377,,,0.96,,0.9600139182880506,0.039986081711949395,0.997219796776487,0.09987085852668037,5,0.001,0.1,0.9972735968450457,0.9975403835903146,0.9970066219038447,0.9967538860190643,0.9977775539684565,0.9976761100931593,0.9975262509879879,1.0,0.9973316250101659,0.9968565575977771,0.997597114165886,0.9970839681210958
4,8,1.5147787283180625,0.55892,5000,1.9275525940789118,0.5042016806722689,833,1.9173251203835582,0.4912,0.9986439303196065,0.08333996495188252,,,0.96,,0.9600139182880506,0.039986081711949395,0.997219796776487,0.09987085852668037,5,0.001,0.1,0.9972565584315961,0.9973407386337945,0.9971950409872375,0.9966674368746796,0.9970584341797237,0.9967913646444829,0.9969041253194294,0.9973316250101659,1.0,0.9972257789671141,0.997480254029125,0.9970049921719283
4,9,1.5117469335057934,0.5658,5000,1.9256443050172594,0.4789915966386555,833,1.9173251203835582,0.4912,0.9987537866856022,0.0833464310689376,,,0.96,,0.9600139182880506,0.039986081711949395,0.997219796776487,0.09987085852668037,5,0.001,0.1,0.9970515342237074,0.9980402046679678,0.9969936105761562,0.9969926476321499,0.9970070932044865,0.9976388476022823,0.9970742730728629,0.9968565575977771,0.9972257789671141,1.0,0.9974438563513721,0.9972480382994862
4,10,1.512344249950093,0.55232,5000,1.9241492395047788,0.468187274909964,833,1.9173251203835582,0.4912,0.9989089864726698,0.08334971577281967,,,0.96,,0.9600139182880506,0.039986081711949395,0.997219796776487,0.09987085852668037,5,0.001,0.1,0.9970524151274628,0.9980067444834063,0.9975769564298369,0.9965105686780377,0.9975900756951213,0.997433755299863,0.9974364137658376,0.997597114165886,0.997480254029125,0.9974438563513721,1.0,0.9973040851334688
4,11,1.502317341118102,0.57912,5000,1.9059925565013178,0.5066026410564226,833,1.9173251203835582,0.4912,0.9986281924097966,0.08330267954374544,,,0.96,,0.9600139182880506,0.039986081711949395,0.997219796776487,0.09987085852668037,5,0.001,0.1,0.9965587309652886,0.9973124297126583,0.9969548075460821,0.9968499931221738,0.9969657865956727,0.99742206352914,0.9973646726092698,0.9970839681210958,0.9970049921719283,0.9972480382994862,0.9973040851334688,1.0
5,0,1.406775490265743,0.5776,5000,1.8045036925209894,0.5143884892086331,834,1.8010520946484405,0.5136,0.9984161189365232,0.08331333477158576,,,0.96,,0.9600139182880506,0.039986081711949395,0.9977638369508586,0.09984947299765126,5,0.001,0.1,1.0,0.9971515078576776,0.9961083899207056,0.9965242053585004,0.9966384580438795,0.9971822495227471,0.9960709939921527,0.9968069961066508,0.9968887500519598,0.9967112252218089,0.996730498949788,0.9961512311608147
5,1,1.3982167038947912,0.59548,5000,1.8078034807134558,0.4784172661870504,834,1.8010520946484405,0.5136,0.9989077995964396,0.08336871782256235,,,0.96,,0.9600139182880506,0.039986081711949395,0.9977638369508586,0.09984947299765126,5,0.001,0.1,0.9971515078576776,1.0,0.996859085867925,0.9967117121118008,0.997329785950466,0.9975886000542312,0.9970212568593471,0.9969556623774007,0.9968748187340639,0.997802652386644,0.9977142553182967,0.9968441648907701
5,2,1.3914008926434123,0.58868,5000,1.7805215650134616,0.5539568345323741,834,1.8010520946484405,0.5136,0.9983378557798043,0.08332455992051414,,,0.96,,0.9600139182880506,0.039986081711949395,0.9977638369508586,0.09984947299765126,5,0.001,0.1,0.9961083899207056,0.996859085867925,1.0,0.9963304722135465,0.996003462358984,0.9963116421536826,0.9967738778528643,0.9965711825200144,0.9968186544159828,0.9966414332899214,0.9970723100070793,0.9965356246676946
5,3,1.397740086096867,0.57948,5000,1.8070512965873435,0.4880095923261391,834,1.8010520946484405,0.5136,0.9981560223056355,0.08329951379505968,,,0.96,,0.9600139182880506,0.039986081711949395,0.9977638369508586,0.09984947299765126,5,0.001,0.1,0.9965242053585004,0.9967117121118008,0.9963304722135465,1.0,0.9956592341465256,0.9971443890855561,0.9958756752853273,0.9963394450857258,0.9961188563052685,0.9965364092652781,0.9962782549701356,0.9963303144167497
5,4,1.4078913617285953,0.57984,5000,1.8023706233059917,0.5378151260504201,833,1.8010520946484405,0.5136,0.9984031328767909,0.0833333150436735,,,0.96,,0.9600139182880506,0.039986081711949395,0.9977638369508586,0.09984947299765126,5,0.001,0.1,0.9966384580438795,0.997329785950466,0.996003462358984,0.9956592341465256,1.0,0.9969365488756494,0.9965442363924476,0.997234073406192,0.9964953685699952,0.9966483984324296,0.9970529949922765,0.9962645828035008
5,5,1.3845436471283057,0.59356,5000,1.7966501580344305,0.5102040816326531,833,1.8010520946484405,0.5136,0.9987412609618515,0.0833533935901513,,,0.96,,0.9600139182880506,0.039986081711949395,0.9977638369508586,0.09984947299765126,5,0.001,0.1,0.9971822495227471,0.9975886000542312,0.9963116421536826,0.9971443890855561,0.9969365488756494,1.0,0.9967262488420856,0.9973374565256404,0.9962435767453585,0.9974491671115053,0.9970775141989275,0.9968614977014506
5,6,1.3923999920772139,0.59676,5000,1.7974242987456146,0.49939975990396157,833,1.8010520946484405,0.5136,0.9983502919414432,0.08332693181094215,,,0.96,,0.9600139182880506,0.039986081711949395,0.9977638369508586,0.09984947299765126,5,0.001,0.1,0.9960709939921527,0.9970212568593471,0.9967738778528643,0.9958756752853273,0.9965442363924476,0.9967262488420856,1.0,0.9968692211377718,0.9960929737916534,0.9966360012537108,0.9970741512734617,0.9964899781849077
5,7,1.3857757367905539,0.60068,5000,1.788359522819519,0.5138055222088835,833,1.8010520946484405,0.5136,0.9985376536295092,0.08333997485825978,,,0.96,,0.9600139182880506,0.039986081711949395,0.9977638369508586,0.09984947299765126,5,0.001,0.1,0.9968069961066508,0.9969556623774007,0.9965711825200144,0.9963394450857258,0.997234073406192,0.9973374565256404,0.9968692211377718,1.0,0.9965338639205429,0.9961878960036356,0.9970033033728608,0.996580414002797
5,8,1.3961885561608964,0.58832,5000,1.8160925176408556,0.5330132052821128,833,1.8010520946484405,0.5136,0.99837093488184,0.08333339183316933,,,0.96,,0.9600139182880506,0.039986081711949395,0.9977638369508586,0.09984947299765126,5,0.001,0.1,0.9968887500519598,0.9968748187340639,0.9968186544159828,0.9961188563052685,0.9964953685699952,0.9962435767453585,0.9960929737916534,0.9965338639205429,1.0,0.9968345438879828,0.9972193323818882,0.9963012533661193
5,9,1.393024175713776,0.59796,5000,1.809887758007756,0.5078031212484994,833,1.8010520946484405,0.5136,0.9986148858637863,0.08334523122051854,,,0.96,,0.9600139182880506,0.039986081711949395,0.9977638369508586,0.09984947299765126,5,0.001,0.1,0.9967112252218089,0.997802652386644,0.9966414332899214,0.9965364092652781,0.9966483984324296,0.9974491671115053,0.9966360012537108,0.9961878960036356,0.9968345438879828,1.0,0.9971937181207912,0.9967029324789785
5,10,1.3943265655997452,0.58536,5000,1.8093545304404364,0.4969987995198079,833,1.8010520946484405,0.5136,0.9987762864680214,0.08335245510537906,,,0.96,,0.9600139182880506,0.039986081711949395,0.9977638369508586,0.09984947299765126,5,0.001,0.1,0.996730498949788,0.9977142553182967,0.9970723100070793,0.9962782549701356,0.9970529949922765,0.9970775141989275,0.9970741512734617,0.9970033033728608,0.9972193323818882,0.9971937181207912,1.0,0.99686181011332
5,11,1.3821729082210807,0.60552,5000,1.7871477118244878,0.5294117647058824,833,1.8010520946484405,0.5136,0.9983292351077024,0.08330918022818434,,,0.96,,0.9600139182880506,0.039986081711949395,0.9977638369508586,0.09984947299765126,5,0.001,0.1,0.9961512311608147,0.9968441648907701,0.9965356246676946,0.9963303144167497,0.9962645828035008,0.9968614977014506,0.9964899781849077,0.996580414002797,0.9963012533661193,0.9967029324789785,0.99686181011332,1.0
6,0,1.307225180431536,0.60436,5000,1.6804875091270164,0.5491606714628298,834,1.6772820271623021,0.5437,0.9981587345267852,0.08331790744095448,,,0.96,,0.9600139182880506,0.039986081711949395,0.997942670020891,0.09982561582943164,5,0.001,0.1,1.0,0.9966397006089409,0.9956011069267234,0.9959152971391244,0.995922579447495,0.9967995862297507,0.9960008010552468,0.9959043808712592,0.996513024747202,0.9960254162857397,0.9960278059892175,0.9956741923875341
6,1,1.2968400151866257,0.61828,5000,1.6853235695097182,0.5191846522781774,834,1.6772820271623021,0.5437,0.9987589988064619,0.08337125125439722,,,0.96,,0.9600139182880506,0.039986081711949395,0.997942670020891,0.09982561582943164,5,0.001,0.1,0.9966397006089409,1.0,0.996622464263345,0.9962933274423987,0.9967541592892804,0.9973625737021031,0.9969599096725238,0.9963221487113643,0.9963582034064635,0.9974359314606277,0.9971512435193916,0.996312503100425
6,2,1.292115951115918,0.6156,5000,1.6526955410286233,0.579136690647482,834,1.6772820271623021,0.5437,0.9981754646799755,0.08332533206379818,,,0.96,,0.9600139182880506,0.039986081711949395,0.997942670020891,0.09982561582943164,5,0.001,0.1,0.9956011069267234,0.996622464263345,1.0,0.9957587916935375,0.9956792785597489,0.9960419782760628,0.9967503996490852,0.9962744640800582,0.9961052934195355,0.9958490731667391,0.9964816433547471,0.996059405510509
6,3,1.2970338851782925,0.60976,5000,1.684729439240915,0.5155875299760192,834,1.6772820271623021,0.5437,0.9979044228454856,0.08330122165686167,,,0.96,,0.9600139182880506,0.039986081711949395,0.997942670020891,0.09982561582943164,5,0.001,0.1,0.9959152971391244,0.9962933274423987,0.9957587916935375,1.0,0.995095656087213,0.9967945536239381,0.9954696342001005,0.9959926812554201,0.9952862491040592,0.9956349622913351,0.9956385321495403,0.9960988505230822
6,4,1.3081822592741366,0.60792,5000,1.6769412093692355,0.5690276110444178,833,1.6772820271623021,0.5437,0.9981493158595386,0.08332985765077305,,,0.96,,0.9600139182880506,0.039986081711949395,0.997942670020891,0.09982561582943164,5,0.001,0.1,0.995922579447495,0.9967541592892804,0.9956792785597489,0.995095656087213,1.0,0.9964269725294751,0.9962566470426084,0.9961101089062877,0.9961080252605002,0.9963201335808501,0.9964884790099205,0.9957476413694648
6,5,1.283791584497804,0.6208,5000,1.671158406469557,0.5378151260504201,833,1.6772820271623021,0.5437,0.9986172865282629,0.08335727818940697,,,0.96,,0.9600139182880506,0.039986081711949395,0.997942670020891,0.09982561582943164,5,0.001,0.1,0.9967995862297507,0.9973625737021031,0.9960419782760628,0.9967945536239381,0.9964269725294751,1.0,0.9964426177057158,0.9966427638630848,0.9957516852787268,0.9969493219618607,0.9966162221831909,0.9966872083907334
6,6,1.2933825752537722,0.62276,5000,1.6728180470290008,0.5198079231692677,833,1.6772820271623021,0.5437,0.9983228424869524,0.08333154411809297,,,0.96,,0.9600139182880506,0.039986081711949395,0.997942670020891,0.09982561582943164,5,0.001,0.1,0.9960008010552468,0.9969599096725238,0.9967503996490852,0.9954696342001005,0.9962566470426084,0.9964426177057158,1.0,0.9960887416208559,0.9958352737197564,0.9960667874199143,0.9967914534462027,0.9963267209326995
6,7,1.2843869390001723,0.6308,5000,1.6595430727358218,0.5462184873949579,833,1.6772820271623021,0.5437,0.9980610330374581,0.08333109247296361,,,0.96,,0.9600139182880506,0.039986081711949395,0.997942670020891,0.09982561582943164,5,0.001,0.1,0.9959043808712592,0.9963221487113643,0.9962744640800582,0.9959926812554201,0.9961101089062877,0.9966427638630848,0.9960887416208559,1.0,0.9955349380343236,0.9948993763169086,0.9960716970049063,0.9960114393292456
6,8,1.2972281357285322,0.61652,5000,1.698003437783983,0.553421368547419,833,1.6772820271623021,0.5437,0.9980786013409378,0.08332762209313715,,,0.96,,0.9600139182880506,0.039986081711949395,0.997942670020891,0.09982561582943164,5,0.001,0.1,0.996513024747202,0.9963582034064635,0.9961052934195355,0.9952862491040592,0.9961080252605002,0.9957516852787268,0.9958352737197564,0.9955349380343236,1.0,0.9962379483351589,0.996695564903783,0.9956369165658187
6,9,1.292625205532001,0.62304,5000,1.6868823766708374,0.5294117647058824,833,1.6772820271623021,0.5437,0.998240390912492,0.08334010593497217,,,0.96,,0.9600139182880506,0.039986081711949395,0.997942670020891,0.09982561582943164,5,0.001,0.1,0.9960254162857397,0.9974359314606277,0.9958490731667391,0.9956349622913351,0.9963201335808501,0.9969493219618607,0.9960667874199143,0.9948993763169086,0.9962379483351589,1.0,0.9965723817465304,0.9960088025463001
6,10,1.2951006833914738,0.61484,5000,1.6868799218425043,0.5354141656662665,833,1.6772820271623021,0.5437,0.9984721670137404,0.08335201816468175,,,0.96,,0.9600139182880506,0.039986081711949395,0.997942670020891,0.09982561582943164,5,0.001,0.1,0.9960278059892175,0.9971512435193916,0.9964816433547471,0.9956385321495403,0.9964884790099205,0.9966162221831909,0.9967914534462027,0.9960716970049063,0.996695564903783,0.9965723817465304,1.0,0.9962415781694458
6,11,1.2814767069118038,0.63084,5000,1.6608133934162281,0.5702280912364946,833,1.6772820271623021,0.5437,0.9981404435985666,0.0833147689599608,,,0.96,,0.9600139182880506,0.039986081711949395,0.997942670020891,0.09982561582943164,5,0.001,0.1,0.9956741923875341,0.996312503100425,0.996059405510509,0.9960988505230822,0.9957476413694648,0.9966872083907334,0.9963267209326995,0.9960114393292456,0.9956369165658187,0.9960088025463001,0.9962415781694458,1.0
7,0,1.220416550119971,0.628,5000,1.5538520062411274,0.5899280575539568,834,1.5509319126415557,0.5909,0.9978045874439497,0.08331864310650301,,,0.96,,0.9600139182880506,0.039986081711949395,0.997831404499958,0.09979659063963466,5,0.001,0.1,1.0,0.9959327738433812,0.9951303742325408,0.9954394682744108,0.9951469009825761,0.9956974796860807,0.9950468370089481,0.9956559145973635,0.995684961080484,0.9954479125692385,0.9952538752471066,0.9948715131962448
7,1,1.208966429673942,0.6416,5000,1.5598588916990492,0.5635491606714629,834,1.5509319126415557,0.5909,0.9984818757851512,0.08337322867977609,,,0.96,,0.9600139182880506,0.039986081711949395,0.997831404499958,0.09979659063963466,5,0.001,0.1,0.9959327738433812,1.0,0.9960535665155433,0.9959776266885298,0.9959533216527164,0.9964256475016767,0.9961859375011918,0.9957516008279349,0.9957297168289942,0.996898523058636,0.9967309142949913,0.9957766147193607
