round,client_id,client_i_training_loss,client_i_training_accuracy,client_i_training_dataset_size,client_i_evaluation_loss,client_i_evaluation_accuracy,client_i_evaluation_dataset_size,client_i_central_evaluation_loss,client_i_central_evaluation_accuracy,client_i_cosine_similarity,client_i_importance_coefficient,client_i_tanh_val,tanh_normalization_value,client_i_q,client_i_mask_order,client_i_v_nonzero_fraction,client_i_v_sparsity,client_i_v_cosine_similarity,client_i_reward_gradient_norm,local_epochs,learning_rate,gamma,client_0_cosine_similarity,client_1_cosine_similarity,client_2_cosine_similarity,client_3_cosine_similarity,client_4_cosine_similarity,client_5_cosine_similarity,client_6_cosine_similarity,client_7_cosine_similarity,client_8_cosine_similarity,client_9_cosine_similarity,client_10_cosine_similarity,client_11_cosine_similarity
0,0,0.33830543404599284,0.89508,5000,2.1932744361736156,0.46402877697841727,834,2.1943468620982793,0.4599,0.789558338877969,0.08350605665737365,,,0.8729597102506972,,0.8729732443150444,0.12702675568495558,0,0.39392420388823723,5,0.1,0.5,1.0,0.5953664345029366,0.5975776726306062,0.5821572450214978,0.591808257722244,0.5884129487207496,0.5855872041589298,0.5678259436488117,0.586924669214893,0.5905103817773063,0.5882487804802223,0.5909356192856626
0,1,0.35127187136406446,0.88796,5000,2.1867918261775263,0.45443645083932854,834,2.194355630265257,0.46,0.7906946963977559,0.08362624123495055,,,0.8888491047373883,,0.8888559811254455,0.1111440188745545,0,0.393937548897594,5,0.1,0.5,0.5953664345029366,1.0,0.5961787832614,0.5588226739783637,0.59035943095295,0.5875514195891816,0.5882740998872943,0.5895919767947887,0.5925759510264889,0.5968490942679565,0.5971504852964673,0.5833791809832441
0,2,0.353388341595745,0.891,5000,2.1958430254900896,0.45083932853717024,834,2.1943424090790673,0.4598,0.7972301627408098,0.08431745174575457,,,0.9802328471521342,,0.9802519953817579,0.01974800461824211,0,0.39396247602671447,5,0.1,0.5,0.5975776726306062,0.5961787832614,1.0,0.576807241729629,0.5980583523498478,0.60533685026923,0.5870703830884002,0.5844542115531005,0.6010257159188281,0.6098290272844218,0.5892920252088721,0.592262774528745
0,3,0.35514368671140856,0.89036,5000,2.193482752199526,0.4724220623501199,834,2.1960266550508933,0.4507,0.7664613167957864,0.08106324636757005,,,0.55,,0.5500125495708047,0.4499874504291953,0,0.39084628147905115,5,0.1,0.5,0.5821572450214978,0.5588226739783637,0.576807241729629,1.0,0.558272864383653,0.5730246591882022,0.5649937530445078,0.5435789677746818,0.5708452257845352,0.5837283433538983,0.5661321453426739,0.5686073200507492
0,4,0.3370173325584193,0.89132,5000,2.1863659929346153,0.4645858343337335,833,2.194346804969227,0.4598,0.7898853263141443,0.08354063982878353,,,0.8775318913425749,,0.8775513277445911,0.1224486722554089,0,0.39392869512217965,5,0.1,0.5,0.591808257722244,0.59035943095295,0.5980583523498478,0.558272864383653,1.0,0.5913589134804773,0.5874869122409094,0.5844757913629507,0.5860345906404701,0.6044022277924102,0.5944734640477435,0.5817160514896125
0,5,0.33705513402582354,0.89724,5000,2.1961826041892722,0.4657863145258103,833,2.194347297040799,0.4599,0.789788544855053,0.08353040393156312,,,0.876178621129879,,0.8761959740976859,0.1238040259023141,0,0.3939274054548643,5,0.1,0.5,0.5884129487207496,0.5875514195891816,0.60533685026923,0.5730246591882022,0.5913589134804773,1.0,0.5875461887687256,0.5788928968805254,0.5901594386159547,0.6003016716501031,0.5805894474648745,0.5843573391770774
0,6,0.3327174939677879,0.89544,5000,2.194416054972896,0.4561824729891957,833,2.194370635401327,0.4598,0.7870407108032088,0.08323978476548041,,,0.8377563653930582,,0.8377742081220823,0.16222579187791775,0,0.39387719385292974,5,0.1,0.5,0.5855872041589298,0.5882740998872943,0.5870703830884002,0.5649937530445078,0.5874869122409094,0.5875461887687256,1.0,0.5890467343661735,0.5993617948985671,0.5918459788948568,0.5849217791670654,0.5754158929918589
0,7,0.33890857756446313,0.89192,5000,2.190895707518966,0.45858343337334934,833,2.1945978734439935,0.458,0.7798811767418325,0.08248257098211478,,,0.7376464448256043,,0.7376587520706792,0.2623412479293208,0,0.3935123598090923,5,0.1,0.5,0.5678259436488117,0.5895919767947887,0.5844542115531005,0.5435789677746818,0.5844757913629507,0.5788928968805254,0.5890467343661735,1.0,0.5848785171225108,0.5828720030473163,0.593086079541009,0.5751534714116432
0,8,0.35376761715123606,0.88964,5000,2.1934460357383445,0.44417767106842737,833,2.194343760371589,0.4599,0.7913523609250877,0.08369579780674098,,,0.8980450584163275,,0.8980573264394358,0.10194267356056419,0,0.3939435819014674,5,0.1,0.5,0.586924669214893,0.5925759510264889,0.6010257159188281,0.5708452257845352,0.5860345906404701,0.5901594386159547,0.5993617948985671,0.5848785171225108,1.0,0.5937286947239462,0.5802947242886892,0.5964884926031565
0,9,0.3479642667647475,0.89256,5000,2.1952653814245155,0.4561824729891957,833,2.1943424060321846,0.4599,0.7979286775548666,0.08439132876631968,,,0.9899999998677917,,0.9900005019828322,0.009999498017167818,0,0.3939626008496973,5,0.1,0.5,0.5905103817773063,0.5968490942679565,0.6098290272844218,0.5837283433538983,0.6044022277924102,0.6003016716501031,0.5918459788948568,0.5828720030473163,0.5937286947239462,1.0,0.5936183241321098,0.5968118166204293
0,10,0.3451664313151958,0.8944,5000,2.2096373858275236,0.4489795918367347,833,2.194351063749661,0.4595,0.7888399918433309,0.08343008212171187,,,0.8629152487032006,,0.8629285678429798,0.13707143215702022,0,0.39391348078426147,5,0.1,0.5,0.5882487804802223,0.5971504852964673,0.5892920252088721,0.5661321453426739,0.5944734640477435,0.5805894474648745,0.5849217791670654,0.593086079541009,0.5802947242886892,0.5936183241321098,1.0,0.5907558551265941
0,11,0.3585827091222356,0.88348,5000,2.2092214160495334,0.46338535414165666,833,2.1943861729801655,0.4598,0.7864413615476625,0.08317639579163673,,,0.8293758191381582,,0.829391094824557,0.17060890517544303,0,0.39386132088870485,5,0.1,0.5,0.5909356192856626,0.5833791809832441,0.592262774528745,0.5686073200507492,0.5817160514896125,0.5843573391770774,0.5754158929918589,0.5751534714116432,0.5964884926031565,0.5968118166204293,0.5907558551265941,1.0
1,0,0.2947553789954941,0.91124,5000,2.0390001756173595,0.7613908872901679,834,2.0369799655085554,0.7537,0.8200204251681368,0.08363586481733369,,,0.9087141478413847,,0.9087294814517344,0.09127051854826562,0.9588204642650825,0.40728974359118814,5,0.1,0.5,1.0,0.6349559996555985,0.63874901825172,0.6342028781921015,0.6413855820710473,0.6404027829968495,0.6356843710029402,0.6364914153864126,0.6374881090034558,0.6404290215649324,0.6416214658256255,0.6336194883264454
1,1,0.3082283525247198,0.9034,5000,2.0275288643660367,0.7434052757793765,834,2.036967914706221,0.7538,0.8138730460905413,0.08350158678282936,,,0.8835229918267425,,0.8835349631042618,0.11646503689573817,0.9588405205081445,0.4072718064920351,5,0.1,0.5,0.6349559996555985,1.0,0.6387963981743426,0.6298489207812488,0.6355816150760745,0.6388683885081274,0.6329886583251542,0.6254119148931677,0.6292817644621991,0.6332649269680277,0.6225730354400564,0.6327694138473547
1,2,0.313336344832068,0.90484,5000,2.040005507292571,0.7805755395683454,834,2.0369893453372554,0.7539,0.8161310376995905,0.08403645750508154,,,0.9838671163267505,,0.9838763114301491,0.016123688569850914,0.9589389543595537,0.4073045604853982,5,0.1,0.5,0.63874901825172,0.6387963981743426,1.0,0.624886995364475,0.6362591352769806,0.6379507063399346,0.6451575807076285,0.6277213524623977,0.6288037961668548,0.6343843934969874,0.6297264889163585,0.6308523648215767
1,3,0.3132005786001208,0.90572,5000,2.034932339632953,0.7661870503597122,834,2.041590663190848,0.7423,0.8114134957549128,0.08172378778946564,,,0.55,,0.5500125495708047,0.4499874504291953,0.9519829793647782,0.40388059003582044,5,0.1,0.5,0.6342028781921015,0.6298489207812488,0.624886995364475,1.0,0.6273842220436565,0.6386555689381793,0.6391532819915738,0.6261061095655784,0.624040449200745,0.6319043282415924,0.6288875002286671,0.6368534009564948
1,4,0.29722157861491677,0.90692,5000,2.028439512959233,0.7635054021608644,833,2.0369445321658928,0.7538,0.8151011966641938,0.08348774581286256,,,0.8809263643506645,,0.8809447316901762,0.11905526830982383,0.9588029481625823,0.4072692267492671,5,0.1,0.5,0.6413855820710473,0.6355816150760745,0.6362591352769806,0.6273842220436565,1.0,0.6327305640399222,0.6383246118287421,0.6321611772411658,0.6283553845464568,0.6374983441884458,0.6214876434174458,0.6355483236418087
1,5,0.29949501131062106,0.90872,5000,2.043879928412261,0.7551020408163265,833,2.0369827808282626,0.7539,0.8185363015040461,0.08360036456614883,,,0.9020541429533335,,0.9020782089252548,0.09792179107474519,0.9588154633926236,0.4072860977836977,5,0.1,0.5,0.6404027829968495,0.6388683885081274,0.6379507063399346,0.6386555689381793,0.6327305640399222,1.0,0.6417260281154876,0.630571685078663,0.6369191864163743,0.6345199734509661,0.6318615950411423,0.6363897056306299
1,6,0.29929847476564964,0.91096,5000,2.0358317604771368,0.7334933973589436,833,2.036969209631411,0.7537,0.8197838286019309,0.08345182544898398,,,0.87418754445426,,0.8741980824255811,0.12580191757441894,0.9586468049590109,0.40726225857278203,5,0.1,0.5,0.6356843710029402,0.6329886583251542,0.6451575807076285,0.6391532819915738,0.6383246118287421,0.6417260281154876,1.0,0.6376226955154778,0.6404728527840217,0.6340803844385562,0.6309961368214904,0.6378448307023381
1,7,0.30024767983467526,0.909,5000,2.0342418838430336,0.7575030012004802,833,2.0376674462431157,0.7519,0.81071986942097,0.08263685100592368,,,0.7212947171287603,,0.7213141910546659,0.2786858089453341,0.9572433450683493,0.4066740046020584,5,0.1,0.5,0.6364914153864126,0.6254119148931677,0.6277213524623977,0.6261061095655784,0.6321611772411658,0.630571685078663,0.6376226955154778,1.0,0.6256890474103977,0.6305207136479352,0.6355724098953713,0.6208620324132218
1,8,0.3062354362196034,0.90444,5000,2.0373124016655817,0.7503001200480192,833,2.036947753101873,0.7538,0.8104535453669673,0.08342867925550929,,,0.8698452156949917,,0.8698509110988404,0.13014908890115962,0.958807520799643,0.4072570795495595,5,0.1,0.5,0.6374881090034558,0.6292817644621991,0.6288037961668548,0.624040449200745,0.6283553845464568,0.6369191864163743,0.6404728527840217,0.6256890474103977,1.0,0.625712899157123,0.6221048076637159,0.6218007305884308
1,9,0.3034900639787506,0.90836,5000,2.0426215330759683,0.7454981992797118,833,2.036989998131895,0.754,0.8156680487821191,0.08406914800724896,,,0.9899999998123955,,0.9900005019828322,0.009999498017167818,0.9589371668639994,0.40730462624746233,5,0.1,0.5,0.6404290215649324,0.6332649269680277,0.6343843934969874,0.6319043282415924,0.6374983441884458,0.6345199734509661,0.6340803844385562,0.6305207136479352,0.625712899157123,1.0,0.6268536735448678,0.6395310207900732
1,10,0.3168583740972599,0.90492,5000,2.0481932074935347,0.7358943577430972,833,2.03700546639415,0.7533,0.8100212582155258,0.08323820646867046,,,0.8341116744087154,,0.8341247929320817,0.16587520706791825,0.9586406321048718,0.4071978435046475,5,0.1,0.5,0.6416214658256255,0.6225730354400564,0.6297264889163585,0.6288875002286671,0.6214876434174458,0.6318615950411423,0.6309961368214904,0.6355724098953713,0.6221048076637159,0.6268536735448678,1.0,0.6262127800546828
1,11,0.30939526098667625,0.90464,5000,2.0505755609936185,0.7394957983193278,833,2.037059615214412,0.7538,0.8134392595779943,0.08318948253994192,,,0.8249708488464575,,0.8249786657296321,0.17502133427036792,0.9585132223675282,0.4071759448568039,5,0.1,0.5,0.6336194883264454,0.6327694138473547,0.6308523648215767,0.6368534009564948,0.6355483236418087,0.6363897056306299,0.6378448307023381,0.6208620324132218,0.6218007305884308,0.6395310207900732,0.6262127800546828,1.0
2,0,0.2645295415180409,0.91972,5000,1.843696329328749,0.8752997601918465,834,1.8391545123566453,0.8701,0.8173404094724582,0.08362253623938867,,,0.928566072600152,,0.9285829024647357,0.07141709753526426,0.9690056597567798,0.4073798420045315,5,0.1,0.5,1.0,0.6266360703905176,0.6337414803074666,0.6342098061357824,0.6339489056964764,0.6365660992528211,0.6415631756053672,0.633331578375595,0.6403705180223207,0.6319234142287198,0.6465781794858494,0.6311975493749159
2,1,0.27397151157070115,0.91548,5000,1.8269276883867052,0.8788968824940048,834,1.8391808659885638,0.8697,0.8083167794735471,0.08322031102000853,,,0.8231931141071476,,0.8232066663320114,0.17679333366798855,0.9687667335880712,0.40724656041833207,5,0.1,0.5,0.6266360703905176,1.0,0.6275161680752365,0.6222190064528396,0.6317940558631122,0.6254633784720711,0.642606208946478,0.624124409724203,0.630204057453916,0.6273635806807494,0.623258155558753,0.6210464397969798
2,2,0.2805107053879435,0.9152,5000,1.8453213815335874,0.8764988009592326,834,1.8391613507042297,0.8702,0.8140770781160588,0.0837736256716792,,,0.9681477291208855,,0.9681592289543698,0.03184077104563021,0.9690487819385365,0.4073865150608631,5,0.1,0.5,0.6337414803074666,0.6275161680752365,1.0,0.6291653489889035,0.6348146575745093,0.6313917862823114,0.63923675860369,0.6291937090940137,0.6305225241618793,0.6350043983641531,0.6354584398373823,0.6302084825938625
2,3,0.2830240888865131,0.91448,5000,1.8359913605230826,0.8741007194244604,834,1.8479189267173743,0.8623,0.812085492274972,0.08217748977035948,,,0.55,,0.5500125495708047,0.4499874504291953,0.9627214007080874,0.40367416169600784,5,0.1,0.5,0.6342098061357824,0.6222190064528396,0.6291653489889035,1.0,0.6355921810353456,0.6360429517541712,0.6338710343904871,0.6264559291156943,0.6291799872218552,0.6402813780814322,0.6323056863960137,0.6276738933269126
2,4,0.26715824250665726,0.918,5000,1.8298872135303639,0.8679471788715486,833,1.8390953967365593,0.87,0.8174504213153637,0.08352856427803497,,,0.9039477664718347,,0.9039606445459565,0.09603935545404352,0.9689444105877861,0.40736795458506403,5,0.1,0.5,0.6339489056964764,0.6317940558631122,0.6348146575745093,0.6355921810353456,1.0,0.6386729646651692,0.644639870587357,0.6343403439622839,0.6386412541651477,0.6359479131990898,0.6315023650835646,0.6318534075043103
2,5,0.26733737886604514,0.91888,5000,1.8519292098504525,0.858343337334934,833,1.8391446697826204,0.8701,0.8159408427922535,0.08355046279313633,,,0.9096846303273376,,0.9096983083178555,0.09030169168214452,0.9689852415558137,0.40737155886396337,5,0.1,0.5,0.6365660992528211,0.6254633784720711,0.6313917862823114,0.6360429517541712,0.6386729646651692,1.0,0.6459985504988727,0.6309904821501423,0.6390720138221203,0.6334420018926173,0.6289374591925169,0.6299486993552496
2,6,0.2638399152886004,0.92076,5000,1.8380183467158564,0.8643457382953181,833,1.8391115136039904,0.8697,0.8232070497350545,0.08370488938227873,,,0.9501405385694792,,0.9501631444204608,0.04983685557953921,0.9689561852705398,0.4073845955490273,5,0.1,0.5,0.6415631756053672,0.642606208946478,0.63923675860369,0.6338710343904871,0.644639870587357,0.6459985504988727,1.0,0.6404602357073779,0.6475516406381461,0.6408021675322816,0.6361241713791794,0.6351972016487291
2,7,0.27029896193528014,0.91808,5000,1.836470127105713,0.8751500600240096,833,1.8404542950395577,0.8688,0.8120492669879159,0.08277907645029624,,,0.7076006804163355,,0.7076200993926007,0.29237990060739927,0.9669230096607913,0.40658429309918687,5,0.1,0.5,0.633331578375595,0.624124409724203,0.6291937090940137,0.6264559291156943,0.6343403439622839,0.6309904821501423,0.6404602357073779,1.0,0.6286558213066527,0.6287491052268345,0.6384494385095569,0.6279172459887824
2,8,0.27866342794965765,0.91568,5000,1.8409922608622797,0.8691476590636255,833,1.8391041839465547,0.8698,0.8150638034735634,0.08340663152157081,,,0.8720044305824646,,0.8720244967622107,0.12797550323778928,0.9688831757046942,0.4073383318600931,5,0.1,0.5,0.6403705180223207,0.630204057453916,0.6305225241618793,0.6291799872218552,0.6386412541651477,0.6390720138221203,0.6475516406381461,0.6286558213066527,1.0,0.6308562270277419,0.6273407458725538,0.6261442926760424
2,9,0.26641041970912627,0.919,5000,1.8508442419546622,0.8487394957983193,833,1.8391615137124595,0.8702,0.8158563668704513,0.08385703923877115,,,0.9899999997380249,,0.9900005019828322,0.009999498017167818,0.969052293354234,0.40738726682500587,5,0.1,0.5,0.6319234142287198,0.6273635806807494,0.6350043983641531,0.6402813780814322,0.6359479131990898,0.6334420018926173,0.6408021675322816,0.6287491052268345,0.6308562270277419,1.0,0.6360228305343654,0.6333268139439463
2,10,0.27303125211838514,0.9194,5000,1.8476058023947257,0.8691476590636255,833,1.8391905642165163,0.8694,0.8150313947556184,0.08327974660602142,,,0.8387637527349168,,0.8387781737864565,0.16122182621354353,0.9687464109842698,0.40728401794428054,5,0.1,0.5,0.6465781794858494,0.623258155558753,0.6354584398373823,0.6323056863960137,0.6315023650835646,0.6289374591925169,0.6361241713791794,0.6384494385095569,0.6273407458725538,0.6360228305343654,1.0,0.6332171252690173
2,11,0.27624024474032366,0.91588,5000,1.8504093488057454,0.8763505402160864,833,1.8393739701840823,0.8692,0.8107738136053715,0.08309962702845436,,,0.7915769234257056,,0.7915968073891873,0.20840319261081275,0.9684916052449014,0.4071370850979232,5,0.1,0.5,0.6311975493749159,0.6210464397969798,0.6302084825938625,0.6276738933269126,0.6318534075043103,0.6299486993552496,0.6351972016487291,0.6279172459887824,0.6261442926760424,0.6333268139439463,0.6332171252690173,1.0
3,0,0.24442114427709466,0.92704,5000,1.6198220473748666,0.9172661870503597,834,1.612232020868661,0.9109,0.8042325895152209,0.08345511120659324,,,0.8875617085022346,,0.8875759249033683,0.11242407509663166,0.9707817868860218,0.40309694587671063,5,0.1,0.5,1.0,0.618422402322923,0.6077575933772751,0.6068311712637352,0.619002139775328,0.6185791586632252,0.6262316362096734,0.6150707706362939,0.6230859330913012,0.616879287725901,0.6180772023739758,0.6095715179604363
3,1,0.2503199464217374,0.92536,5000,1.5961364463523582,0.9172661870503597,834,1.6123502513471122,0.9106,0.8048697550219189,0.08321081630819521,,,0.8240009007021127,,0.8240198785201546,0.17598012147984543,0.9704356791545572,0.4029858432823013,5,0.1,0.5,0.618422402322923,1.0,0.6213294519414347,0.6082706672905456,0.6177080643016755,0.615949692456912,0.6201303962704908,0.6053506468058408,0.6238770916759608,0.6231122942785461,0.6114608513753188,0.6218145601105711
3,2,0.25572942622409317,0.92368,5000,1.6216752661599054,0.9064748201438849,834,1.6122523809012514,0.9109,0.8018841444831765,0.08347332419190172,,,0.8923003750329308,,0.8923146428392149,0.10768535716078509,0.9707942740062955,0.40310096051906025,5,0.1,0.5,0.6077575933772751,0.6213294519414347,1.0,0.599785530147029,0.6187091531614487,0.6145129736422573,0.6244199352334435,0.6150231323091334,0.6205983313847939,0.6170285567517149,0.603830996172261,0.6130075778877828
3,3,0.2634153919757172,0.92088,5000,1.609716287365666,0.9172661870503597,834,1.626432338080848,0.9073,0.7944853874176506,0.08215769844335488,,,0.55,,0.5500125495708047,0.4499874504291953,0.9645104524475151,0.3993456327400178,5,0.1,0.5,0.6068311712637352,0.6082706672905456,0.599785530147029,1.0,0.6151284091422646,0.62352070443865,0.6143392827393506,0.6013147379278991,0.6027323873234903,0.6118516978635818,0.5984429827225003,0.6098277120132162
3,4,0.23706715178503923,0.92848,5000,1.6025726839348122,0.9003601440576231,833,1.6122031265173475,0.9108,0.8117644439018835,0.08365550953354356,,,0.9397014773892707,,0.9397168816826464,0.06028311831735356,0.9708218837047236,0.403123913664925,5,0.1,0.5,0.619002139775328,0.6177080643016755,0.6187091531614487,0.6151284091422646,1.0,0.6295477223320356,0.634087589342258,0.6198366159277185,0.6283866417293524,0.6264434881442065,0.6184067636853146,0.6255577959080157
3,5,0.2421094949114,0.92888,5000,1.6310777752487748,0.8979591836734694,833,1.6122588128708422,0.911,0.8114215081740853,0.0836580600654831,,,0.9403650764716097,,0.9403845188494554,0.0596154811505446,0.9708267342861191,0.4031240488145898,5,0.1,0.5,0.6185791586632252,0.615949692456912,0.6145129736422573,0.62352070443865,0.6295477223320356,1.0,0.6293929608191177,0.6202458790639875,0.6378151333300827,0.617121247882832,0.6162555083541263,0.6266714684597467
3,6,0.24638118533310807,0.92524,5000,1.611339357164171,0.9195678271308524,833,1.6122267482379755,0.9109,0.8139577280298702,0.08384883106032212,,,0.9899999997398193,,0.9900005019828322,0.009999498017167818,0.970870601155334,0.4031283753165366,5,0.1,0.5,0.6262316362096734,0.6201303962704908,0.6244199352334435,0.6143392827393506,0.634087589342258,0.6293929608191177,1.0,0.6152763542843274,0.6270019122987797,0.6327321395257306,0.6230320704127504,0.6264905113243929
3,7,0.24627105147002418,0.9256,5000,1.609677133736787,0.9147659063625451,833,1.6141337175338795,0.9106,0.801188646284954,0.08279007912098144,,,0.7145332218180147,,0.7145474624767832,0.28545253752321675,0.968854901013386,0.40238730145830787,5,0.1,0.5,0.6150707706362939,0.6053506468058408,0.6150231323091334,0.6013147379278991,0.6198366159277185,0.6202458790639875,0.6152763542843274,1.0,0.6144383081335454,0.6153091626872285,0.6148357879693573,0.617199775745675
3,8,0.24995309146904168,0.92704,5000,1.6151458024978638,0.9135654261704682,833,1.6122023712712736,0.9106,0.8111620616487584,0.08355370927697885,,,0.9132150194896446,,0.913232267456453,0.08676773254354697,0.9707224100160684,0.403114529218694,5,0.1,0.5,0.6230859330913012,0.6238770916759608,0.6205983313847939,0.6027323873234903,0.6283866417293524,0.6378151333300827,0.6270019122987797,0.6144383081335454,1.0,0.6296296664426154,0.6159283407442369,0.6237961352160996
3,9,0.2506063594049804,0.92568,5000,1.630141571716026,0.9027611044417767,833,1.6122933462404976,0.911,0.8100413083932763,0.08381306545987896,,,0.9806944822258195,,0.9807087997590482,0.019291200240951767,0.9708754474810652,0.40312825062169066,5,0.1,0.5,0.616879287725901,0.6231122942785461,0.6170285567517149,0.6118516978635818,0.6264434881442065,0.617121247882832,0.6327321395257306,0.6153091626872285,0.6296296664426154,1.0,0.6193453961446201,0.6252024773249443
3,10,0.24714144715434236,0.926,5000,1.6176196336746216,0.9087635054021609,833,1.6124055926411296,0.9108,0.8018789886364018,0.0831458990786146,,,0.8071106930909528,,0.8071281562170574,0.19287184378294264,0.970358568945781,0.4029345868526805,5,0.1,0.5,0.6180772023739758,0.6114608513753188,0.603830996172261,0.5984429827225003,0.6184067636853146,0.6162555083541263,0.6230320704127504,0.6148357879693573,0.6159283407442369,0.6193453961446201,1.0,0.6186239764424573
3,11,0.2574554640308147,0.9216,5000,1.6210443708631728,0.9123649459783914,833,1.6125523686028136,0.9109,0.8079392635951225,0.08323789625415236,,,0.8310465789029543,,0.831067717484062,0.16893228251593795,0.9702583448822074,0.4030043256092304,5,0.1,0.5,0.6095715179604363,0.6218145601105711,0.6130075778877828,0.6098277120132162,0.6255577959080157,0.6266714684597467,0.6264905113243929,0.617199775745675,0.6237961352160996,0.6252024773249443,0.6186239764424573,1.0
4,0,0.22538091496677157,0.93204,5000,1.3765581537176061,0.9364508393285371,834,1.3662018254161261,0.9302,0.7996929842567385,0.0834778188296652,,,0.8319179565376831,,0.8319311279554239,0.1680688720445761,0.9702678258922212,0.39881421947285733,5,0.1,0.5,1.0,0.6028780890891038,0.6105246327298068,0.602827264213103,0.6052057494385952,0.6014207821415115,0.6172955612976523,0.6008422191304524,0.6034508977216646,0.6035344181241838,0.6015868851146335,0.6065211039486258
4,1,0.22953951093635172,0.9324,5000,1.3457284326906558,0.934052757793765,834,1.3668909541334207,0.9302,0.793369028573454,0.08309406603566422,,,0.7244130933380111,,0.7244214647859043,0.2755785352140957,0.9690636047858615,0.3982557735424026,5,0.1,0.5,0.6028780890891038,1.0,0.6028501708714142,0.5995198882387115,0.6068037297579373,0.591529565121473,0.606342822602754,0.5897016148942621,0.599135621377582,0.6032718862550003,0.5945889460206263,0.6000631848867625
4,2,0.23106469965427165,0.92988,5000,1.3781503218191642,0.9292565947242206,834,1.3662668935026223,0.9304,0.7982536158878587,0.08343955673590187,,,0.8211991781468463,,0.8212188143165504,0.17878118568344958,0.9702239805007349,0.3987845117597505,5,0.1,0.5,0.6105246327298068,0.6028501708714142,1.0,0.6012527154705095,0.6023441657899422,0.6028752190415743,0.6099307578631388,0.6048076768947844,0.6042093710561316,0.606303390893783,0.595348110831683,0.6017919409398264
4,3,0.2390786938452322,0.929,5000,1.365087910934731,0.9316546762589928,834,1.3859095367760703,0.9264,0.795588030751581,0.08247147548592784,,,0.55,,0.5500125495708047,0.4499874504291953,0.9635971248352793,0.3949950073034092,5,0.1,0.5,0.602827264213103,0.5995198882387115,0.6012527154705095,1.0,0.60080851385975,0.6018648948624695,0.6112359584679803,0.6037971176153335,0.5938766909514153,0.607398113448935,0.5991028235553963,0.6013578405937247
4,4,0.21963702120052972,0.93176,5000,1.356893945623327,0.9207683073229291,833,1.3661081139652873,0.9302,0.7992207754104758,0.08359454370474632,,,0.8646173711706404,,0.8646302896440942,0.13536971035590584,0.970438389615863,0.39888149819793717,5,0.1,0.5,0.6052057494385952,0.6068037297579373,0.6023441657899422,0.60080851385975,1.0,0.5965359270950376,0.6159482435687342,0.606150748126521,0.6033837667714014,0.6116946064134723,0.5987679484918708,0.60296937056278
4,5,0.22231345589385385,0.93336,5000,1.3905956612692938,0.9303721488595438,833,1.3662865641779793,0.9303,0.7943540588996059,0.08342592308094314,,,0.8173798334172142,,0.8173987249636062,0.18260127503639378,0.9702167742688866,0.3987727183890953,5,0.1,0.5,0.6014207821415115,0.591529565121473,0.6028752190415743,0.6018648948624695,0.5965359270950376,1.0,0.6059954501896181,0.6025796897200129,0.60385160662006,0.6006207695702057,0.5917013075443958,0.6051124609445306
4,6,0.2190873666022827,0.9362,5000,1.3659054129211992,0.9327731092436975,833,1.3660707995533563,0.9302,0.8083367676481006,0.08404211354105767,,,0.989999999719859,,0.9900005019828322,0.009999498017167818,0.9705562896956619,0.39894428691481343,5,0.1,0.5,0.6172955612976523,0.606342822602754,0.6099307578631388,0.6112359584679803,0.6159482435687342,0.6059954501896181,1.0,0.6127739768015027,0.6171855034673874,0.6146170161056935,0.6121205851600996,0.6136697746836205
4,7,0.2274570034935501,0.93052,5000,1.3644190982536033,0.9255702280912365,833,1.36920958205153,0.9302,0.7968126038902321,0.08293481827257917,,,0.6798012774686865,,0.6798102504894332,0.3201897495105668,0.9681919597634538,0.39777933307669744,5,0.1,0.5,0.6008422191304524,0.5897016148942621,0.6048076768947844,0.6037971176153335,0.606150748126521,0.6025796897200129,0.6127739768015027,1.0,0.6050028117086359,0.5997891648891057,0.605884371165552,0.6004088056489109
4,8,0.23160729588656004,0.93172,5000,1.3709892917562414,0.9339735894357744,833,1.3662181003406024,0.9303,0.7966814189595198,0.08343798609591302,,,0.8207591776054134,,0.8207820892525476,0.1792179107474524,0.9702331690495329,0.39878313903930945,5,0.1,0.5,0.6034508977216646,0.599135621377582,0.6042093710561316,0.5938766909514153,0.6033837667714014,0.60385160662006,0.6171855034673874,0.6050028117086359,1.0,0.6043955468436395,0.5954532383461121,0.5967128459881142
4,9,0.23090875942117658,0.93044,5000,1.3903782765070598,0.9183673469387755,833,1.3661885684290633,0.9304,0.8003858848287961,0.08374008138709131,,,0.905388432321155,,0.9054063551026554,0.09459364489734456,0.9705136089284487,0.3989237971457264,5,0.1,0.5,0.6035344181241838,0.6032718862550003,0.606303390893783,0.607398113448935,0.6116946064134723,0.6006207695702057,0.6146170161056935,0.5997891648891057,0.6043955468436395,1.0,0.6008767382313834,0.6085753800451963
4,10,0.22801791826844406,0.93292,5000,1.368653279763681,0.9315726290516206,833,1.3670698210073355,0.9301,0.7937109737301585,0.08306286755368922,,,0.7156731216969163,,0.71569198333417,0.28430801666583005,0.9689393910948991,0.39817811219293914,5,0.1,0.5,0.6015868851146335,0.5945889460206263,0.595348110831683,0.5991028235553963,0.5987679484918708,0.5917013075443958,0.6121205851600996,0.605884371165552,0.5954532383461121,0.6008767382313834,1.0,0.6049823116819624
4,11,0.23074664570758963,0.92932,5000,1.3731740536513153,0.9327731092436975,833,1.3667792973046105,0.9305,0.798131747872482,0.08327874927682101,,,0.7761504275964345,,0.7761708749560765,0.2238291250439235,0.9697566489420834,0.39860691198735665,5,0.1,0.5,0.6065211039486258,0.6000631848867625,0.6017919409398264,0.6013578405937247,0.60296937056278,0.6051124609445306,0.6136697746836205,0.6004088056489109,0.5967128459881142,0.6085753800451963,0.6049823116819624,1.0
5,0,0.20519553418122943,0.94044,5000,1.1310930958500616,0.9448441247002398,834,1.1182207747008472,0.9402,0.7896464550474108,0.08352655768916546,,,0.8268873772745942,,0.8269012599769088,0.17309874002309122,0.9690123852464266,0.3933100088899575,5,0.1,0.5,1.0,0.5864712692627517,0.5890903727776773,0.5765095068439572,0.5924901763381549,0.5860751189100889,0.5926447234765625,0.583819429040283,0.5917057881184339,0.5816632833784883,0.5863305566581279,0.5888557522468262
5,1,0.21171017823278146,0.93492,5000,1.0927896190572668,0.947242206235012,834,1.1194391113500626,0.94,0.7866853578674669,0.08316610027189304,,,0.7136271089574111,,0.7136438933788465,0.2863561066211535,0.96745476945406,0.3926616964885501,5,0.1,0.5,0.5864712692627517,1.0,0.5892904042695678,0.5830416669007507,0.5871215988656153,0.5767047765617624,0.5967517421000261,0.5769653674854276,0.5864304710363832,0.583068740694312,0.5768846586382521,0.5868629001271712
5,2,0.21909723180719906,0.93484,5000,1.1318807734383478,0.9448441247002398,834,1.1183546111225702,0.9403,0.7869278942661964,0.08340541818815829,,,0.7888238176682932,,0.7888308819838361,0.2111691180161639,0.9687240440834836,0.3931713131403217,5,0.1,0.5,0.5890903727776773,0.5892904042695678,1.0,0.5802860333029685,0.5830658254229425,0.585775102840903,0.5913655889198897,0.5766276281782261,0.5841766299691785,0.5872655067850227,0.5785036129546348,0.5847343712763913
5,3,0.21900941532247575,0.93404,5000,1.1195831696192424,0.9388489208633094,834,1.1429633442967082,0.9371,0.7837029357098138,0.08264534744332507,,,0.55,,0.5500125495708047,0.4499874504291953,0.9623557113310329,0.3894925361816315,5,0.1,0.5,0.5765095068439572,0.5830416669007507,0.5802860333029685,1.0,0.5873294042186632,0.5811241984604093,0.5872108691197202,0.5833231234024115,0.5763283834357641,0.5834874602246432,0.5772726509998406,0.5887806539689004
5,4,0.20181159116565042,0.93752,5000,1.1100376491193418,0.9303721488595438,833,1.1180888564822773,0.9404,0.7907500762658166,0.08364333239713984,,,0.8635794638403774,,0.8635962050097886,0.13640379499021138,0.9692303660219131,0.39339029885133775,5,0.1,0.5,0.5924901763381549,0.5871215988656153,0.5830658254229425,0.5873294042186632,1.0,0.5844903745999013,0.5952447503316821,0.5895858023423335,0.5890919927253728,0.5890171437508857,0.5819510437685008,0.586198528328153
5,5,0.20569365742396872,0.93884,5000,1.1465128395292494,0.9351740696278511,833,1.1184411808705559,0.9401,0.7844091642564623,0.08330775641362992,,,0.7581372559348281,,0.7581496912805582,0.2418503087194418,0.9683986623629659,0.3930085214967403,5,0.1,0.5,0.5860751189100889,0.5767047765617624,0.585775102840903,0.5811241984604093,0.5844903745999013,1.0,0.5911201556452295,0.5769167386467435,0.5875310460176891,0.5767745080990766,0.5721921500060589,0.5877658513480717
5,6,0.20067093624988463,0.9406,5000,1.1174614738534998,0.9399759903961584,833,1.1179104077930269,0.9404,0.7936899264444993,0.08404567313425884,,,0.9899999996857873,,0.9900005019828322,0.009999498017167818,0.9694140535550096,0.3934537379243698,5,0.1,0.5,0.5926447234765625,0.5967517421000261,0.5913655889198897,0.5872108691197202,0.5952447503316821,0.5911201556452295,1.0,0.5845009016772509,0.587455412233131,0.5924200036350893,0.5818363386940432,0.5905948046417592
5,7,0.2126902236217621,0.93452,5000,1.1170057323243883,0.9423769507803121,833,1.1228645883810024,0.9394,0.7817900789781187,0.08288761150618085,,,0.6261224251404974,,0.6261382460719843,0.3738617539280157,0.9654200131245676,0.3914377891824016,5,0.1,0.5,0.583819429040283,0.5769653674854276,0.5766276281782261,0.5833231234024115,0.5895858023423335,0.5769167386467435,0.5845009016772509,1.0,0.5748224633156066,0.572642644974579,0.5833463167584783,0.5818290369487827
5,8,0.21369481795069992,0.9368,5000,1.124183233137484,0.9411764705882353,833,1.1183275085287734,0.9401,0.7857796819248641,0.08336399974253929,,,0.7758096194875871,,0.7758245068018674,0.22417549319813257,0.968620520154858,0.393108165468698,5,0.1,0.5,0.5917057881184339,0.5864304710363832,0.5841766299691785,0.5763283834357641,0.5890919927253728,0.5875310460176891,0.587455412233131,0.5748224633156066,1.0,0.5818337187884102,0.5736173083843921,0.5863150608029536
5,9,0.21161922949194245,0.93812,5000,1.1478437450197008,0.9339735894357744,833,1.1181671204277501,0.9403,0.7867154974411407,0.08359870370080812,,,0.8495565643827239,,0.84957080467848,0.15042919532152,0.9691980525436504,0.39336509688976273,5,0.1,0.5,0.5816632833784883,0.583068740694312,0.5872655067850227,0.5834874602246432,0.5890171437508857,0.5767745080990766,0.5924200036350893,0.572642644974579,0.5818337187884102,1.0,0.5871035896075133,0.5914371123152987
5,10,0.21328858451882177,0.93792,5000,1.118525884769581,0.9387755102040817,833,1.119941889668425,0.9399,0.7823334519806397,0.08299225361448438,,,0.6590022958154209,,0.659018121580242,0.340981878419758,0.9664665965372842,0.3920080555998108,5,0.1,0.5,0.5863305566581279,0.5768846586382521,0.5785036129546348,0.5772726509998406,0.5819510437685008,0.5721921500060589,0.5818363386940432,0.5833463167584783,0.5736173083843921,0.5871035896075133,1.0,0.5897504440522268
5,11,0.21464009133262477,0.9342,5000,1.1232278258712203,0.9387755102040817,833,1.1188579593984465,0.9402,0.790319648596686,0.08341724589841684,,,0.7925402334590914,,0.7925555945986648,0.20744440540133524,0.9684952356767713,0.39318833415833937,5,0.1,0.5,0.5888557522468262,0.5868629001271712,0.5847343712763913,0.5887806539689004,0.586198528328153,0.5877658513480717,0.5905948046417592,0.5818290369487827,0.5863150608029536,0.5914371123152987,0.5897504440522268,1.0
6,0,0.19114428823754476,0.94316,5000,0.9023887448840671,0.9484412470023981,834,0.8868099451065063,0.9468,0.7645766596806882,0.08325573553897514,,,0.6890803953381711,,0.6890919130565735,0.31090808694342653,0.9653690780754183,0.384170204613622,5,0.1,0.5,1.0,0.5422468015906086,0.5498789027349282,0.5543831052781919,0.5597060212157721,0.5488633754702427,0.5621712882107851,0.5528477949393269,0.557639681124836,0.5404631442342518,0.5531480854438209,0.5463571443264149
6,1,0.20005735493365936,0.9392,5000,0.8583550806398745,0.9508393285371702,834,0.889150584848544,0.9465,0.7639066293251857,0.08298954160276818,,,0.5977352078537386,,0.5977460970834797,0.4022539029165203,0.9623385308973067,0.3825727117946036,5,0.1,0.5,0.5422468015906086,1.0,0.5516579519596897,0.554680049801375,0.5607429254316849,0.5455100598804278,0.5560085875212967,0.5505753342834625,0.5531488088913674,0.5510643051215244,0.5497924752140835,0.5480523712766981
6,2,0.2026347294064227,0.94,5000,0.9006910368248269,0.9532374100719424,834,0.8870607109877248,0.9469,0.7663740401941826,0.08323788228805011,,,0.6829540027681861,,0.6829677225038904,0.3170322774961096,0.9652736805480554,0.3840915502565719,5,0.1,0.5,0.5498789027349282,0.5516579519596897,1.0,0.5496310697121508,0.5640472739637583,0.5526675856860475,0.5591176356580816,0.5498305112974711,0.5573977849230514,0.5494700466114588,0.5493161974724582,0.5518869880060739
6,3,0.2030749302369299,0.9382,5000,0.8872456396067584,0.9484412470023981,834,0.9127548961593701,0.944,0.7698717964253721,0.08285043385966558,,,0.55,,0.5500125495708047,0.4499874504291953,0.960722171901874,0.38124232548174003,5,0.1,0.5,0.5543831052781919,0.554680049801375,0.5496310697121508,1.0,0.5677422118342628,0.5568242266666158,0.5651116590644757,0.5570324071707652,0.5553610219954257,0.5544294922793055,0.5527570211697623,0.5533635369104996
6,4,0.18682684779618006,0.94408,5000,0.8798343561313771,0.9339735894357744,833,0.8857195065044366,0.9465,0.780512781352123,0.08389849225749059,,,0.9096441459490237,,0.9096581496912806,0.09034185030871944,0.9675367964774356,0.3852082236861185,5,0.1,0.5,0.5597060212157721,0.5607429254316849,0.5640472739637583,0.5677422118342628,1.0,0.5609987470538055,0.5767855181241686,0.5653690993170458,0.5720470648930587,0.560442101502218,0.5591092423731274,0.5674489830111799
6,5,0.19748619288194236,0.94224,5000,0.9168716161339371,0.9411764705882353,833,0.8868540163619069,0.9465,0.7705873933737404,0.08332135746586583,,,0.7115987415497076,,0.7116158827368104,0.2883841172631896,0.9659326807082141,0.3844199864025176,5,0.1,0.5,0.5488633754702427,0.5455100598804278,0.5526675856860475,0.5568242266666158,0.5609987470538055,1.0,0.5625284033261505,0.5576417974906939,0.5663416278389399,0.5560315372825853,0.5489626361610784,0.5680417568174059
6,6,0.1869163753565662,0.94544,5000,0.8849340434427615,0.9471788715486195,833,0.8855356446470315,0.9465,0.7794824846689473,0.08413266158359112,,,0.9899999996568472,,0.9900005019828322,0.009999498017167818,0.967714275426436,0.38522455604401895,5,0.1,0.5,0.5621712882107851,0.5560085875212967,0.5591176356580816,0.5651116590644757,0.5767855181241686,0.5625284033261505,1.0,0.5680277114565317,0.5661900340647358,0.5601340305530478,0.5634379534494417,0.5633645540429565
6,7,0.19584853531982582,0.94004,5000,0.8853660093413459,0.9519807923169268,833,0.8923017597807863,0.9459,0.7709397840069089,0.08305121096345247,,,0.6188972200093114,,0.6189096932884895,0.38109030671151045,0.9634375425565943,0.38304143071849195,5,0.1,0.5,0.5528477949393269,0.5505753342834625,0.5498305112974711,0.5570324071707652,0.5653690993170458,0.5576417974906939,0.5680277114565317,1.0,0.5587354348992377,0.5475293147003603,0.5613068876643938,0.561032997458952
6,8,0.19762112944784344,0.94072,5000,0.8920227487881979,0.9447779111644657,833,0.8862844454213834,0.9468,0.7736571568681931,0.0834678735309382,,,0.7618761356339632,,0.7618944832086743,0.23810551679132574,0.9667050438077148,0.3848125981982515,5,0.1,0.5,0.557639681124836,0.5531488088913674,0.5573977849230514,0.5553610219954257,0.5720470648930587,0.5663416278389399,0.5661900340647358,0.5587354348992377,1.0,0.5576982182431421,0.5503107450772506,0.5575528338537421
6,9,0.1956466972374114,0.94028,5000,0.9194798270861307,0.943577430972389,833,0.8864076804048338,0.9467,0.76655056839018,0.08337415119518793,,,0.7297150561872436,,0.7297274233221224,0.27027257667787763,0.9662567023755992,0.3845857004478103,5,0.1,0.5,0.5404631442342518,0.5510643051215244,0.5494700466114588,0.5544294922793055,0.560442101502218,0.5560315372825853,0.5601340305530478,0.5475293147003603,0.5576982182431421,1.0,0.5540516188037168,0.5542458502346362
6,10,0.2013724879367621,0.94056,5000,0.8862885943165532,0.9459783913565426,833,0.8896010281940618,0.9463,0.7677089650948635,0.08300721709913096,,,0.6038006034526945,,0.6038150695246223,0.39618493047537773,0.9629470727273145,0.38271615241574425,5,0.1,0.5,0.5531480854438209,0.5497924752140835,0.5493161974724582,0.5527570211697623,0.5591092423731274,0.5489626361610784,0.5634379534494417,0.5613068876643938,0.5503107450772506,0.5540516188037168,1.0,0.5573241741210185
6,11,0.20082584502780512,0.93868,5000,0.8897871088098597,0.9471788715486195,833,0.8869978838835281,0.9467,0.771108063642049,0.08341344261488383,,,0.7431980158285975,,0.7432106821946689,0.2567893178053311,0.9664952505281482,0.3846899373796609,5,0.1,0.5,0.5463571443264149,0.5480523712766981,0.5518869880060739,0.5533635369104996,0.5674489830111799,0.5680417568174059,0.5633645540429565,0.561032997458952,0.5575528338537421,0.5542458502346362,0.5573241741210185,1.0
7,0,0.1787159086958428,0.947,5000,0.702102643472177,0.9532374100719424,834,0.6841312745889536,0.9518,0.7522391080108537,0.08319755562366847,,,0.679042678888061,,0.6790522564128307,0.32094774358716927,0.961640097323183,0.3760822663522632,5,0.1,0.5,1.0,0.5206722990250872,0.5285686884884444,0.5284537563449269,0.5404150180621426,0.5200072896352846,0.5339845598434826,0.5284969143853085,0.5325707943376095,0.5155042808663949,0.5324575626322753,0.5307868588914862
