round,client_id,client_i_training_loss,client_i_training_accuracy,client_i_training_dataset_size,client_i_evaluation_loss,client_i_evaluation_accuracy,client_i_evaluation_dataset_size,client_i_central_evaluation_loss,client_i_central_evaluation_accuracy,client_i_cosine_similarity,client_i_importance_coefficient,client_i_tanh_val,tanh_normalization_value,client_i_q,client_i_mask_order,client_i_v_nonzero_fraction,client_i_v_sparsity,client_i_v_cosine_similarity,client_i_reward_gradient_norm,local_epochs,learning_rate,gamma,client_0_cosine_similarity,client_1_cosine_similarity,client_2_cosine_similarity,client_3_cosine_similarity,client_4_cosine_similarity,client_5_cosine_similarity,client_6_cosine_similarity,client_7_cosine_similarity,client_8_cosine_similarity,client_9_cosine_similarity,client_10_cosine_similarity,client_11_cosine_similarity
0,0,2.2907156619158657,0.1765778737700984,4167,2.2955214977264404,0.1774580335731415,834,2.2974014221867427,0.1739,0.9584527254871894,0.08213803249939061,,,0.7076088844467472,,0.707654602168639,0.29234539783136104,0,0.14567621903698583,10,0.025,0.15,1.0,0.9446890503853486,0.9247943608444796,0.910091073135722,0.933888500791419,0.919571283930458,0.9369654048958879,0.922024544105836,0.93912527376106,0.8881718207846682,0.9311139880712385,0.9335519556114869
0,1,2.2918263334216493,0.15260379169666427,4167,2.297273942402431,0.16786570743405277,834,2.297372588628455,0.174,0.9757263500395073,0.0836183575035679,,,0.9053235435554088,,0.9053737353732403,0.09462626462675972,0,0.14585652904604016,10,0.025,0.15,0.9446890503853486,1.0,0.9357496118448257,0.9403875157715484,0.9585932322898387,0.9510940350004172,0.9448180373512889,0.9385520093659354,0.9411891888074021,0.9092191246990343,0.9554196385430096,0.9658413334267256
0,2,2.2925098953825054,0.16220302375809936,4167,2.2991197449820384,0.1774580335731415,834,2.297372350209876,0.1741,0.9766117820765492,0.08369423776714331,,,0.9154582372230509,,0.9154824974006041,0.08451750259939594,0,0.1458575472957677,10,0.025,0.15,0.9247943608444796,0.9357496118448257,1.0,0.9409678626857357,0.9542946701089196,0.9282663073341435,0.9248952737683452,0.9576048910501623,0.9582336746009056,0.9569562088457794,0.9570389947991841,0.9570958738737052
0,3,2.292352233511029,0.14955603551715863,4167,2.2989653859819685,0.15587529976019185,834,2.2973924860169617,0.174,0.9633896520875764,0.08256112007248251,,,0.7641171613798016,,0.7641563928636266,0.23584360713637342,0,0.1457512603670297,10,0.025,0.15,0.910091073135722,0.9403875157715484,0.9409678626857357,1.0,0.9433072789278223,0.9155683246686833,0.9171890103588546,0.9354352169837349,0.9260117011918783,0.9061906983024856,0.9502522232045836,0.9562009653091621
0,4,2.2906539909767383,0.17237820974322055,4167,2.2967677456992015,0.18007202881152462,833,2.297372021252596,0.1741,0.9792688116785522,0.08392194141699233,,,0.9458707137945166,,0.9459243121915796,0.054075687808420425,0,0.14585943994657283,10,0.025,0.15,0.933888500791419,0.9585932322898387,0.9542946701089196,0.9433072789278223,1.0,0.938685017169452,0.9417697364812427,0.9453032562965084,0.946289487008881,0.9439794290217411,0.9614311583071269,0.9593534501769743
0,5,2.291965202851729,0.12193424526037917,4167,2.2975559575217113,0.17406962785114047,833,2.297373566446425,0.174,0.9701055560643889,0.0831366634711721,,,0.8409876908601812,,0.8410242445247644,0.15897575547523557,0,0.14583357777262987,10,0.025,0.15,0.919571283930458,0.9510940350004172,0.9282663073341435,0.9155683246686833,0.938685017169452,1.0,0.9428593171109965,0.947670771135547,0.9561678607931635,0.9117649643279931,0.9589624109574383,0.9493609073306176
0,6,2.2867812149452442,0.13938084953203744,4167,2.2991832324436734,0.17767106842737096,833,2.2973891964441613,0.1739,0.9661010586805934,0.08279348375295834,,,0.795152039359212,,0.7951841032496575,0.2048158967503425,0,0.14577527888257957,10,0.025,0.15,0.9369654048958879,0.9448180373512889,0.9248952737683452,0.9171890103588546,0.9417697364812427,0.9428593171109965,1.0,0.9583392483528516,0.9418351352814196,0.8736108475289188,0.9392929348594792,0.9516555247389522
0,7,2.2899593447193953,0.17122630189584834,4167,2.29646897315979,0.1836734693877551,833,2.2973720182346393,0.1741,0.978563791289183,0.0838615221744832,,,0.9378010197053221,,0.9378455546203232,0.06215444537967685,0,0.14585911062161838,10,0.025,0.15,0.922024544105836,0.9385520093659354,0.9576048910501623,0.9354352169837349,0.9453032562965084,0.947670771135547,0.9583392483528516,1.0,0.9693843023464361,0.9286724043104868,0.9588026242709311,0.9568805114539362
0,8,2.2906607859062427,0.1556168987037926,4166,2.2967067105429515,0.18247298919567828,833,2.2973719126061547,0.1741,0.9801373674809735,0.08399637541131433,,,0.9558122413455215,,0.955843277054348,0.04415672294565198,0,0.1458596890227715,10,0.025,0.15,0.93912527376106,0.9411891888074021,0.9582336746009056,0.9260117011918783,0.946289487008881,0.9561678607931635,0.9418351352814196,0.9693843023464361,1.0,0.9431996222510614,0.9648279010748829,0.9507767313868536
0,9,2.291435129714735,0.14637542006721074,4166,2.2969323907579695,0.15726290516206481,833,2.2974547675893278,0.1707,0.9534196427340078,0.0817067044810548,,,0.65,,0.6500140284860788,0.3499859715139212,0,0.14542079166699592,10,0.025,0.15,0.8881718207846682,0.9092191246990343,0.9569562088457794,0.9061906983024856,0.9439794290217411,0.9117649643279931,0.8736108475289188,0.9286724043104868,0.9431996222510614,1.0,0.9391948967879328,0.924329446784682
0,10,2.292926388798338,0.17376380220835333,4166,2.299351215362549,0.1752701080432173,833,2.2973718975163715,0.1741,0.9839978943328511,0.08432721706014276,,,0.9999999998664384,,1.0,0.0,0,0.14586003134318576,10,0.025,0.15,0.9311139880712385,0.9554196385430096,0.9570389947991841,0.9502522232045836,0.9614311583071269,0.9589624109574383,0.9392929348594792,0.9588026242709311,0.9648279010748829,0.9391948967879328,1.0,0.9657508601765236
0,11,2.2930960033879138,0.16658665386461835,4166,2.2967163494655063,0.1752701080432173,833,2.2973719035522846,0.1741,0.9830308692553952,0.08424434438929776,,,0.9889313887038171,,0.9889670083015629,0.011032991698437078,0,0.14586002601074163,10,0.025,0.15,0.9335519556114869,0.9658413334267256,0.9570958738737052,0.9562009653091621,0.9593534501769743,0.9493609073306176,0.9516555247389522,0.9568805114539362,0.9507767313868536,0.924329446784682,0.9657508601765236,1.0
1,0,2.1906785867430947,0.21987041036717062,4167,2.284924711499895,0.21342925659472423,834,2.286510280415982,0.2005,0.9860301377627183,0.08249009835267622,,,0.7006071960861777,,0.7006568632305128,0.2993431367694872,0.8475729560631596,0.14818089686514405,10,0.025,0.15,1.0,0.9778863049521753,0.9738759923024821,0.976221311992683,0.9771077862646991,0.974243989779228,0.963827073193047,0.9680531275588606,0.9731514140451416,0.973112962751016,0.9749523135214739,0.9744451193774492
1,1,2.1950463555075905,0.21600671946244301,4167,2.2866740907941545,0.19184652278177458,834,2.286467389215397,0.1996,0.9907460659437752,0.08355390586332918,,,0.9108053301208674,,0.9108530969946032,0.08914690300539685,0.8479075381662878,0.14839690950440373,10,0.025,0.15,0.9778863049521753,1.0,0.9774143079756225,0.9777849862379141,0.9821687635127336,0.9821804104542835,0.9753926368423804,0.9791451520207118,0.9752984293181663,0.9731542532615032,0.9805981385291072,0.9812791568701557
1,2,2.1881772088282037,0.22241420686345093,4167,2.2870942865099226,0.2038369304556355,834,2.286467129671121,0.1996,0.99067382222449,0.08359826552169239,,,0.9195703720302244,,0.91961677476853,0.08038322523147001,0.8479102998146877,0.14839789463529535,10,0.025,0.15,0.9738759923024821,0.9774143079756225,1.0,0.9748682296301457,0.9802856645188376,0.980109590928373,0.9745550073831729,0.9808372022353785,0.9793916608349453,0.9761849888481545,0.9816507316428176,0.982162976642455
1,3,2.1996687762665026,0.20806335493160547,4167,2.2876905713762556,0.18105515587529977,834,2.2864879746980304,0.2003,0.9886455276002021,0.08283519995238163,,,0.7687959535296545,,0.768835305573435,0.23116469442656495,0.8485590262987738,0.14830014884597453,10,0.025,0.15,0.976221311992683,0.9777849862379141,0.9748682296301457,1.0,0.979691892847713,0.9790634831220875,0.968868732362352,0.9751713150019661,0.9717654265269658,0.9739259798028178,0.9805039481909273,0.9798210258896424
1,4,2.1779908881042944,0.22567794576433886,4167,2.285462038857596,0.19327731092436976,833,2.286465729339213,0.1995,0.991102676035896,0.08375229469792297,,,0.9500050560368232,,0.9500668416101401,0.0499331583898599,0.8478809891038922,0.14840486082247537,10,0.025,0.15,0.9771077862646991,0.9821687635127336,0.9802856645188376,0.979691892847713,1.0,0.9814100467270543,0.9754358892909514,0.9792719699589926,0.9754352296380343,0.9761004960952668,0.9807519809523348,0.9788841840534781
1,5,2.1888890465100608,0.21180705543556516,4167,2.286252192088536,0.1992797118847539,833,2.2864659073986586,0.1997,0.9916121923170756,0.08328550730646762,,,0.8577723563310181,,0.8578171675661402,0.14218283243385976,0.8481391815113853,0.14837477453437703,10,0.025,0.15,0.974243989779228,0.9821804104542835,0.980109590928373,0.9790634831220875,0.9814100467270543,1.0,0.9749390289766612,0.9784954214835874,0.9794293785274825,0.9779679724424073,0.9807915766755856,0.984040733941068
1,6,2.1694565191413417,0.2236141108711303,4167,2.2878967693873813,0.21368547418967587,833,2.2864830161951764,0.2003,0.9853080752725193,0.08287010050304508,,,0.7756919667207415,,0.7757257678533116,0.2242742321466884,0.8487124452416326,0.1483070192657589,10,0.025,0.15,0.963827073193047,0.9753926368423804,0.9745550073831729,0.968868732362352,0.9754358892909514,0.9749390289766612,1.0,0.9784811706295944,0.9712235151076624,0.9625272914051243,0.9753093019962675,0.9771206134529415
1,7,2.1874933542627275,0.2302375809935205,4167,2.2855237552097867,0.21728691476590636,833,2.286466169960891,0.1995,0.9898448830990244,0.08367436838521972,,,0.9346075660225117,,0.934643758974105,0.06535624102589499,0.8479157791607875,0.1483990364351935,10,0.025,0.15,0.9680531275588606,0.9791451520207118,0.9808372022353785,0.9751713150019661,0.9792719699589926,0.9784954214835874,0.9784811706295944,1.0,0.9820567106798049,0.9707985888649037,0.9793024806428152,0.9797138130626889
1,8,2.19210308862455,0.21649063850216035,4166,2.286054713385446,0.20528211284513806,833,2.2864654697949374,0.1995,0.9889858814401389,0.08372953803762007,,,0.9455085587996523,,0.9455529699130234,0.0544470300869766,0.8478889194994432,0.14840469177535714,10,0.025,0.15,0.9731514140451416,0.9752984293181663,0.9793916608349453,0.9717654265269658,0.9754352296380343,0.9794293785274825,0.9712235151076624,0.9820567106798049,1.0,0.9770653667205694,0.9788392168553107,0.9776369589848221
1,9,2.173275264826688,0.2198751800288046,4166,2.2880043983459473,0.1836734693877551,833,2.2865768142893343,0.1971,0.9863183219956837,0.08223397659623533,,,0.65,,0.6500140284860788,0.3499859715139212,0.8479961676419562,0.14802137444137853,10,0.025,0.15,0.973112962751016,0.9731542532615032,0.9761849888481545,0.9739259798028178,0.9761004960952668,0.9779679724424073,0.9625272914051243,0.9707985888649037,0.9770653667205694,1.0,0.9727801822012373,0.9767643351942309
1,10,2.195613252032887,0.2228276524243879,4166,2.287599802017212,0.20408163265306123,833,2.2864660250989695,0.1995,0.9912138264536535,0.0840053178606487,,,0.9999999998024096,,1.0,0.0,0.8478746628961497,0.14840536406547825,10,0.025,0.15,0.9749523135214739,0.9805981385291072,0.9816507316428176,0.9805039481909273,0.9807519809523348,0.9807915766755856,0.9753093019962675,0.9793024806428152,0.9788392168553107,0.9727801822012373,1.0,0.9821361977758158
1,11,2.1988488161202633,0.21797887662025925,4166,2.286629778998239,0.18967587034813926,833,2.286466000955316,0.1995,0.9917421185896405,0.08397142692276098,,,0.9933034763868982,,0.9933405951378917,0.0066594048621082536,0.8478718556320038,0.1484053624925461,10,0.025,0.15,0.9744451193774492,0.9812791568701557,0.982162976642455,0.9798210258896424,0.9788841840534781,0.984040733941068,0.9771206134529415,0.9797138130626889,0.9776369589848221,0.9767643351942309,0.9821361977758158,1.0
2,0,2.101675001418952,0.24780417566594673,4167,2.268820217677525,0.23501199040767387,834,2.270191932026344,0.2208,0.9787568102235977,0.08262109811776307,,,0.6554921441420413,,0.6555346503606146,0.34446534963938535,0.9623410203291299,0.14729806570682272,10,0.025,0.15,1.0,0.9634680192728012,0.9626985564922925,0.9640744901642074,0.9631484748795237,0.9602107259652591,0.9445821050900424,0.955158999520336,0.9637095566474604,0.9637404345763736,0.961345837013477,0.9635684362124891
2,1,2.108042634255958,0.24430045596352293,4167,2.2704512051173618,0.21342925659472423,834,2.270061559314969,0.2194,0.9858167261153726,0.08350609543612084,,,0.9032051156997551,,0.9032447063095179,0.09675529369048208,0.964382436388442,0.14769996101315236,10,0.025,0.15,0.9634680192728012,1.0,0.9659738191121074,0.9633749746833687,0.971070249736534,0.9725580712576808,0.9646107859075043,0.9729735147579055,0.9694640688374049,0.9650539487270116,0.9685624527668417,0.9714149589310002
2,2,2.0967004855473834,0.25495560355171587,4167,2.269352504185268,0.2158273381294964,834,2.2700601288034945,0.2194,0.9862060476306453,0.0835460794326215,,,0.9143967367165426,,0.9144509910712812,0.08554900892871875,0.9643874650534819,0.14770140117320316,10,0.025,0.15,0.9626985564922925,0.9659738191121074,1.0,0.9644448415778074,0.9720454583253877,0.9707879212849603,0.9618721257700374,0.9714228006919253,0.9700298345002609,0.9678856000406407,0.9717226374036455,0.9741952407610709
2,3,2.1096703305388944,0.24242860571154307,4167,2.270926066807338,0.19544364508393286,834,2.2701006448721586,0.2204,0.9828587127705742,0.0829669821426365,,,0.7523059511880665,,0.7523559604561734,0.24764403954382663,0.9636834249006633,0.14757926434752353,10,0.025,0.15,0.9640744901642074,0.9633749746833687,0.9644448415778074,1.0,0.968027630590722,0.9686120552778607,0.9519430611894321,0.9633951882204593,0.9630206001064762,0.9665344622832515,0.9699744826443827,0.9705242880648385
2,4,2.0872334758440654,0.2524118070554356,4167,2.2685703890664235,0.2112845138055222,833,2.2700569780567026,0.2194,0.9868490420178427,0.08366191292869317,,,0.9468188231145847,,0.9468650459639221,0.05313495403607793,0.964397724471625,0.14770444914228106,10,0.025,0.15,0.9631484748795237,0.971070249736534,0.9720454583253877,0.968027630590722,1.0,0.9730579659303233,0.9641514944617837,0.9708306804932818,0.9677196765071374,0.9667554694062821,0.9713735337005174,0.9724852689745953
2,5,2.0977554841475055,0.24809215262778977,4167,2.2695440564836775,0.21968787515006002,833,2.270065663736078,0.2198,0.987343583051026,0.083390159172393,,,0.8707542643767089,,0.8707893911637041,0.12921060883629587,0.9642767201668414,0.1476907035870231,10,0.025,0.15,0.9602107259652591,0.9725580712576808,0.9707879212849603,0.9686120552778607,0.9730579659303233,1.0,0.9620288589628899,0.9719496189080757,0.9706624317397553,0.9710229326437653,0.9705832390140884,0.9751722437756196
2,6,2.0772733421036693,0.25673146148308135,4167,2.271087714603969,0.23169267707082833,833,2.270116869407364,0.2204,0.978826469768366,0.08285765224418148,,,0.7217042380928803,,0.7217491046525062,0.2782508953474938,0.9633041993245312,0.14750986122066323,10,0.025,0.15,0.9445821050900424,0.9646107859075043,0.9618721257700374,0.9519430611894321,0.9641514944617837,0.9620288589628899,1.0,0.970699764766144,0.9614792906023927,0.9521500535646786,0.9659762914673361,0.9664400811577408
2,7,2.095694517728054,0.2630669546436285,4167,2.268922907965524,0.22809123649459784,833,2.2700595825533325,0.2194,0.9860682634545748,0.0835885301574981,,,0.9262788011994897,,0.9263174398838111,0.0736825601161889,0.9644022918229608,0.1477023981702841,10,0.025,0.15,0.955158999520336,0.9729735147579055,0.9714228006919253,0.9633951882204593,0.9708306804932818,0.9719496189080757,0.970699764766144,1.0,0.971520443535988,0.9615508692612724,0.969939381376754,0.9718795688090495
2,8,2.1043969428900517,0.24613538166106577,4166,2.2698953492300853,0.21968787515006002,833,2.2700571380084074,0.2194,0.9855241278115829,0.08360488803661326,,,0.9308574126369966,,0.9308973279860046,0.06910267201399545,0.9643683367455932,0.14770270439557207,10,0.025,0.15,0.9637095566474604,0.9694640688374049,0.9700298345002609,0.9630206001064762,0.9677196765071374,0.9706624317397553,0.9614792906023927,0.971520443535988,1.0,0.9686024221932574,0.9678326304508357,0.9710096219027423
2,9,2.0781183755759036,0.2509841574651944,4166,2.273838860648019,0.20888355342136855,833,2.270269737967962,0.2186,0.9830184593576171,0.08260147648548771,,,0.65,,0.6500140284860788,0.3499859715139212,0.9619595579291179,0.14727679494700338,10,0.025,0.15,0.9637404345763736,0.9650539487270116,0.9678856000406407,0.9665344622832515,0.9667554694062821,0.9710229326437653,0.9521500535646786,0.9615508692612724,0.9686024221932574,1.0,0.9633762378564515,0.9694155885600848
2,10,2.1056517413168243,0.250144023043687,4166,2.270513125828334,0.23529411764705882,833,2.270057832138448,0.2194,0.9863959643909643,0.08380321399077041,,,0.9863693451843756,,0.9864006205542077,0.013599379445792259,0.9643940543865274,0.14770499608654367,10,0.025,0.15,0.961345837013477,0.9685624527668417,0.9717226374036455,0.9699744826443827,0.9713735337005174,0.9705832390140884,0.9659762914673361,0.969939381376754,0.9678326304508357,0.9633762378564515,1.0,0.9744914707787949
2,11,2.1097208673303776,0.24591934709553528,4166,2.271317107336862,0.2184873949579832,833,2.270057783851141,0.2194,0.9885405755741947,0.08385191185522102,,,0.9999999997200975,,1.0,0.0,0.9643953471137826,0.1477050060494314,10,0.025,0.15,0.9635684362124891,0.9714149589310002,0.9741952407610709,0.9705242880648385,0.9724852689745953,0.9751722437756196,0.9664400811577408,0.9718795688090495,0.9710096219027423,0.9694155885600848,0.9744914707787949,1.0
3,0,2.041634009101174,0.267170626349892,4167,2.2463761397770474,0.24580335731414868,834,2.2477697631980798,0.2358,0.9730378704363992,0.08266950767192831,,,0.65,,0.6500140284860788,0.3499859715139212,0.9775892181251657,0.14652909609956855,10,0.025,0.15,1.0,0.9504409758526987,0.9559542408006546,0.9521432404712207,0.9511450957124198,0.9475470308076914,0.9312493442722731,0.9440364784852964,0.952665676162412,0.9547796367561614,0.9506825147740159,0.9519114065957393
3,1,2.044645318479249,0.2636669066474682,4167,2.2480576719556535,0.23501199040767387,834,2.2474503336073477,0.2348,0.9802049669321659,0.0834491811412288,,,0.8961288643280682,,0.8961644468650459,0.10383555313495407,0.9808034656400901,0.14697997872412508,10,0.025,0.15,0.9504409758526987,1.0,0.9555322976678439,0.9530189414795114,0.9598365874056328,0.9614046297100981,0.9523895297555338,0.9630518100560878,0.9595982066901463,0.9559127443121759,0.9546911058631985,0.9603680567315497
3,2,2.0334512237346534,0.2749940004799616,4167,2.245168243135725,0.23501199040767387,834,2.2474515287181998,0.2348,0.9821867398118224,0.08353830825495105,,,0.9242646880351089,,0.9243039395289729,0.07569606047102706,0.9808078206607685,0.14698780135549885,10,0.025,0.15,0.9559542408006546,0.9555322976678439,1.0,0.955552877237502,0.9625791866172401,0.9610107385885549,0.9513052003976407,0.9604882854123267,0.9615668140718696,0.9586206470226248,0.9620014584132893,0.9649132295726367
3,3,2.0502500270352217,0.26491480681545476,4167,2.247837850025722,0.2170263788968825,834,2.2475506746316256,0.2358,0.978535756596322,0.08306190169494708,,,0.7738717220189382,,0.7739103167137034,0.22608968328629664,0.9797698309335661,0.14688078341278935,10,0.025,0.15,0.9521432404712207,0.9530189414795114,0.955552877237502,1.0,0.9594553144172631,0.9568461485994291,0.9424129179654815,0.9576134665180445,0.9534085877655091,0.9571651980408591,0.9607254468426374,0.9585651748123318
3,4,2.0281397877317486,0.2716102711783057,4167,2.245480707713536,0.23289315726290516,833,2.2474427947515174,0.2347,0.9820578023837448,0.08360566717461664,,,0.9455286851472973,,0.9455694740142926,0.05443052598570741,0.9808304631196535,0.14698968949217067,10,0.025,0.15,0.9511450957124198,0.9598365874056328,0.9625791866172401,0.9594553144172631,1.0,0.9627524536325551,0.9511184986142805,0.9611161178729116,0.9580141359835902,0.9591054341070194,0.9604837323650158,0.962353470746793
3,5,2.0346166679353423,0.27060235181185505,4167,2.2464916365487233,0.23529411764705882,833,2.2474607998811744,0.2357,0.9821422310515762,0.08344054873692061,,,0.8934037698462688,,0.8934495222062683,0.10655047779373172,0.9807276650437635,0.14697939242928226,10,0.025,0.15,0.9475470308076914,0.9614046297100981,0.9610107385885549,0.9568461485994291,0.9627524536325551,1.0,0.9506746077999754,0.9627041160251446,0.9611789856850753,0.9595544699992926,0.9595370146344089,0.9657928163396277
3,6,2.0143511674620886,0.2814494840412767,4167,2.2479846818106517,0.24369747899159663,833,2.2475949631461614,0.2359,0.9732925041374343,0.08282390633180176,,,0.6987408746157822,,0.6987753956858279,0.3012246043141721,0.9789735160790173,0.14671296530078773,10,0.025,0.15,0.9312493442722731,0.9523895297555338,0.9513052003976407,0.9424129179654815,0.9511184986142805,0.9506746077999754,1.0,0.9606963884478433,0.9520325848219245,0.9393141812792732,0.9566958080916002,0.9571772946209011
3,7,2.0308721831350613,0.2833933285337173,4167,2.246080602918352,0.2388955582232893,833,2.2474509311627737,0.2348,0.9822180323390574,0.08356554756307834,,,0.9328636467510778,,0.9328943242395735,0.06710567576042648,0.9808261547993438,0.1469886860790497,10,0.025,0.15,0.9440364784852964,0.9630518100560878,0.9604882854123267,0.9576134665180445,0.9611161178729116,0.9627041160251446,0.9606963884478433,1.0,0.9646475330454822,0.9536863147082938,0.9583589316754808,0.9633997977815072
3,8,2.0426310438098327,0.26877100336053766,4166,2.2475896903446744,0.23289315726290516,833,2.2474458187441284,0.2346,0.9814415335449833,0.08355040735224158,,,0.9280841550206705,,0.9281246389727847,0.07187536102721526,0.9808154608955224,0.14698818785498227,10,0.025,0.15,0.952665676162412,0.9595982066901463,0.9615668140718696,0.9534085877655091,0.9580141359835902,0.9611789856850753,0.9520325848219245,0.9646475330454822,1.0,0.9585915155777921,0.9590732222281342,0.9599678831760319
3,9,2.0152390776258526,0.27371579452712436,4166,2.2539970193590437,0.22569027611044418,833,2.2478074997286255,0.2342,0.9786770216608336,0.08284072016234556,,,0.704048697928616,,0.7040897162944992,0.29591028370550077,0.9781781029002585,0.14673439475910688,10,0.025,0.15,0.9547796367561614,0.9559127443121759,0.9586206470226248,0.9571651980408591,0.9591054341070194,0.9595544699992926,0.9393141812792732,0.9536863147082938,0.9585915155777921,1.0,0.9541117258505181,0.9579413513148085
3,10,2.04346026615663,0.26891502640422466,4166,2.2472261701311385,0.24369747899159663,833,2.247444487825225,0.2347,0.9815390860192769,0.08367608550927541,,,0.9677584844413376,,0.9678004984238583,0.03219950157614171,0.980830269853228,0.14699054000100756,10,0.025,0.15,0.9506825147740159,0.9546911058631985,0.9620014584132893,0.9607254468426374,0.9604837323650158,0.9595370146344089,0.9566958080916002,0.9583589316754808,0.9590732222281342,0.9541117258505181,1.0,0.9654221826723662
3,11,2.048765949046973,0.2698751800288046,4166,2.2501416887555803,0.2388955582232893,833,2.247443775587444,0.2347,0.9837553414637407,0.08377821840666486,,,0.9999999996843181,,1.0,0.0,0.9808308652765269,0.14699079926222736,10,0.025,0.15,0.9519114065957393,0.9603680567315497,0.9649132295726367,0.9585651748123318,0.962353470746793,0.9657928163396277,0.9571772946209011,0.9633997977815072,0.9599678831760319,0.9579413513148085,0.9654221826723662,1.0
4,0,1.9964363379911942,0.2857451403887689,4167,2.2176807948521207,0.2637889688249401,834,2.2194005507457106,0.2584,0.9691189682427526,0.08270341571366265,,,1.0,,1.0,0.0,0.9812911744552794,0.1463793428475684,10,0.025,0.15,1.0,0.9415554774284043,0.9476529990471128,0.9469366051090268,0.9426392961003125,0.9376942805988917,0.9207659181100044,0.9362180483786049,0.9447297769190901,0.947622611365767,0.942711620841828,0.940578556404466
4,1,1.9978533788160844,0.28034557235421165,4167,2.219451768057687,0.2577937649880096,834,2.2189402550081665,0.2575,0.9748789324333507,0.08337334787219836,,,1.0,,1.0,0.0,0.9846820358728606,0.1463793428475684,10,0.025,0.15,0.9415554774284043,1.0,0.9464275146877611,0.9423456423022066,0.9468034928094362,0.9522048765184603,0.9427660797300058,0.953216721054324,0.9491231110696939,0.946574804270771,0.9452452964366248,0.9497126255516884
4,2,1.9854118993788055,0.28980081593472523,4167,2.2149086679731096,0.25059952038369304,834,2.2189411603951754,0.257,0.9785280840120079,0.08354731496665099,,,1.0,,1.0,0.0,0.9847628903894471,0.1463793428475684,10,0.025,0.15,0.9476529990471128,0.9464275146877611,1.0,0.9489867179456969,0.9545398885917106,0.9523478450819804,0.943484860999005,0.9514283594450479,0.953486264538368,0.9533608361973709,0.9527446807626873,0.9542191670039919
4,3,2.003093236504179,0.28180945524358053,4167,2.2186925411224365,0.25059952038369304,834,2.219082521486886,0.2585,0.9754406982518051,0.08315203571819348,,,1.0,,1.0,0.0,0.9839607521206996,0.1463793428475684,10,0.025,0.15,0.9469366051090268,0.9423456423022066,0.9489867179456969,1.0,0.9494087000990085,0.9506902560483018,0.9360780203848814,0.9493013735617282,0.9457128790283723,0.9491558164367866,0.9531436009614228,0.951047000790417
4,4,1.979934233607668,0.2882889368850492,4167,2.216520071029663,0.24849939975990396,833,2.2189262969584407,0.257,0.9765401092280434,0.08352425569050771,,,1.0,,1.0,0.0,0.9847695032664976,0.1463793428475684,10,0.025,0.15,0.9426392961003125,0.9468034928094362,0.9545398885917106,0.9494087000990085,1.0,0.9531356912040704,0.9434318637579452,0.9497911528784062,0.9452944183112475,0.9498210018759764,0.9501551166791641,0.9503378126023163
4,5,1.990554929863323,0.28802495800335975,4167,2.216996124812535,0.25690276110444177,833,2.2189574332176885,0.2575,0.978466051364719,0.0834848125211918,,,1.0,,1.0,0.0,0.9846750038925207,0.1463793428475684,10,0.025,0.15,0.9376942805988917,0.9522048765184603,0.9523478450819804,0.9506902560483018,0.9531356912040704,1.0,0.9428355508435942,0.9540216723351183,0.955336352368773,0.9530361824202168,0.9502303777149324,0.9563791778360231
4,6,1.9677775419119632,0.2968322534197264,4167,2.218923670904977,0.26410564225690275,833,2.219143478176262,0.2584,0.9699579158694409,0.08282625830069877,,,1.0,,1.0,0.0,0.9825385811792542,0.1463793428475684,10,0.025,0.15,0.9207659181100044,0.9427660797300058,0.943484860999005,0.9360780203848814,0.9434318637579452,0.9428355508435942,1.0,0.954674805921444,0.9462668610779188,0.9341685700911582,0.9470321181322361,0.9470547834545263
4,7,1.9816137570323367,0.29848812095032395,4167,2.2176242555890764,0.26770708283313327,833,2.218940079966678,0.257,0.977755925016747,0.08353902417001419,,,1.0,,1.0,0.0,0.984753829871668,0.1463793428475684,10,0.025,0.15,0.9362180483786049,0.953216721054324,0.9514283594450479,0.9493013735617282,0.9497911528784062,0.9540216723351183,0.954674805921444,1.0,0.955975660075793,0.9435548148356503,0.9488403325840166,0.952540901031456
4,8,1.9981478748899517,0.2828612578012482,4166,2.219407762799944,0.2545018007202881,833,2.218931457664393,0.257,0.9779359475999146,0.08353551910092123,,,1.0,,1.0,0.0,0.9847616122713188,0.1463793428475684,10,0.025,0.15,0.9447297769190901,0.9491231110696939,0.953486264538368,0.9457128790283723,0.9452944183112475,0.955336352368773,0.9462668610779188,0.955975660075793,1.0,0.9530637753680181,0.951439255829882,0.9513219905298445
4,9,1.9705640691699404,0.2902544407105137,4166,2.228679214205061,0.2605042016806723,833,2.2194487776937364,0.2559,0.9757850573438012,0.08302640683137733,,,1.0,,1.0,0.0,0.9827104705680556,0.1463793428475684,10,0.025,0.15,0.947622611365767,0.946574804270771,0.9533608361973709,0.9491558164367866,0.9498210018759764,0.9530361824202168,0.9341685700911582,0.9435548148356503,0.9530637753680181,1.0,0.9460978538685411,0.9505193128301888
4,10,1.9949043877197035,0.2843254920787326,4166,2.2182496956416538,0.2605042016806723,833,2.218928605695314,0.257,0.9772136465189833,0.08358975460349082,,,1.0,,1.0,0.0,0.9847926668321817,0.1463793428475684,10,0.025,0.15,0.942711620841828,0.9452452964366248,0.9527446807626873,0.9531436009614228,0.9501551166791641,0.9502303777149324,0.9470321181322361,0.9488403325840166,0.951439255829882,0.9460978538685411,1.0,0.9555453204297643
4,11,2.001642138668985,0.28833413346135384,4166,2.2233967099870955,0.25090036014405764,833,2.2189275795900367,0.257,0.9785928927891313,0.08369785451109252,,,1.0,,1.0,0.0,0.9847965258508261,0.1463793428475684,10,0.025,0.15,0.940578556404466,0.9497126255516884,0.9542191670039919,0.951047000790417,0.9503378126023163,0.9563791778360231,0.9470547834545263,0.952540901031456,0.9513219905298445,0.9505193128301888,0.9555453204297643,1.0
5,0,1.9555375514608442,0.2993760499160067,4167,2.1839776039123535,0.2793764988009592,834,2.1863397314578674,0.2775,0.9663072254859538,0.08274382206362993,,,1.0,,1.0,0.0,0.9877709257310441,0.14586430830923258,10,0.025,0.15,1.0,0.9315246503475153,0.9405705015758581,0.9401602250664548,0.9366600447858497,0.930258552677358,0.9147619420781387,0.9319959215601695,0.938775375573333,0.9409766000700143,0.9371654395982786,0.9335211402364816
5,1,1.958122099168373,0.2940244780417567,4167,2.185990469796317,0.2745803357314149,834,2.185708622389202,0.2781,0.9698112980391593,0.0832731113056106,,,1.0,,1.0,0.0,0.9877709257310441,0.14586430830923258,10,0.025,0.15,0.9315246503475153,1.0,0.9364186215746351,0.9317466785429227,0.9413879916525336,0.9417921038752306,0.9360641399552668,0.9479700086386363,0.9401351543462404,0.9371168256598934,0.9344052067299803,0.938169457544791
5,2,1.9449790680047236,0.30688744900407966,4167,2.1798133509499684,0.27817745803357313,834,2.1857092742678486,0.2779,0.9746616796497245,0.08353903945700138,,,1.0,,1.0,0.0,0.9877709257310441,0.14586430830923258,10,0.025,0.15,0.9405705015758581,0.9364186215746351,1.0,0.9408526093612544,0.9471842601354911,0.9429936349037473,0.937708667835191,0.946091573450597,0.9454593959431753,0.9433918442125337,0.9463736253882524,0.946178872407361
5,3,1.963040010134379,0.2958483321334293,4167,2.184862034661429,0.2793764988009592,834,2.185904376114471,0.2783,0.972148595908564,0.08321221490537889,,,1.0,,1.0,0.0,0.9877709257310441,0.14586430830923258,10,0.025,0.15,0.9401602250664548,0.9317466785429227,0.9408526093612544,1.0,0.9427495490835531,0.9420927053528121,0.9306480908355221,0.9439169244500591,0.9394949932202458,0.942635602816999,0.9467124807574041,0.9431659350213174
5,4,1.941583652568586,0.3009839212862971,4167,2.182640416281564,0.2725090036014406,833,2.1856865581077867,0.2779,0.9738472895963817,0.08349819967124561,,,1.0,,1.0,0.0,0.9877709257310441,0.14586430830923258,10,0.025,0.15,0.9366600447858497,0.9413879916525336,0.9471842601354911,0.9427495490835531,1.0,0.9455148064018315,0.935941077531096,0.9439442072867658,0.9395415215263554,0.9425472258535448,0.9443646750154625,0.9438892148913048
5,5,1.9506621996561686,0.299592032637389,4167,2.1826959678104947,0.28691476590636256,833,2.1857352860366244,0.2784,0.9741339240459507,0.0834831099901039,,,1.0,,1.0,0.0,0.9877709257310441,0.14586430830923258,10,0.025,0.15,0.930258552677358,0.9417921038752306,0.9429936349037473,0.9420927053528121,0.9455148064018315,1.0,0.9349657342466731,0.9488087895462215,0.9468882181644847,0.9444095407834225,0.9422311472170608,0.9470644256548572
5,6,1.9284346204815488,0.3123350131989441,4167,2.185427188873291,0.2689075630252101,833,2.185984406290175,0.2777,0.9669494253074682,0.08284086490203871,,,1.0,,1.0,0.0,0.9877709257310441,0.14586430830923258,10,0.025,0.15,0.9147619420781387,0.9360641399552668,0.937708667835191,0.9306480908355221,0.935941077531096,0.9349657342466731,1.0,0.9477000639100231,0.9407779325158411,0.925387911457439,0.9393066281202466,0.9403166959977771
5,7,1.9392317215601602,0.3109911207103432,4167,2.1842086655753,0.2845138055222089,833,2.1857079554207717,0.2779,0.9758607603676206,0.08357300061727616,,,1.0,,1.0,0.0,0.9877709257310441,0.14586430830923258,10,0.025,0.15,0.9319959215601695,0.9479700086386363,0.946091573450597,0.9439169244500591,0.9439442072867658,0.9488087895462215,0.9477000639100231,1.0,0.9498466186730324,0.9372488809110011,0.9437868480031797,0.9458813251021763
5,8,1.9568138155070218,0.2933749399903985,4166,2.1864288534436906,0.27130852340936373,833,2.1856945406032513,0.2779,0.9748436631566358,0.08353766549921615,,,1.0,,1.0,0.0,0.9877709257310441,0.14586430830923258,10,0.025,0.15,0.938775375573333,0.9401351543462404,0.9454593959431753,0.9394949932202458,0.9395415215263554,0.9468882181644847,0.9407779325158411,0.9498466186730324,1.0,0.9441861368981637,0.9464384869159829,0.9438256331778485
5,9,1.9297355886661645,0.3041046567450792,4166,2.198974405016218,0.2797118847539016,833,2.186402197125592,0.2766,0.9717579303086864,0.0831216474780176,,,1.0,,1.0,0.0,0.9877709257310441,0.14586430830923258,10,0.025,0.15,0.9409766000700143,0.9371168256598934,0.9433918442125337,0.942635602816999,0.9425472258535448,0.9444095407834225,0.925387911457439,0.9372488809110011,0.9441861368981637,1.0,0.940531005291326,0.9412656899964928
5,10,1.9528111894925435,0.29819971195391265,4166,2.184634276798793,0.28691476590636256,833,2.1856894553462163,0.2779,0.9742617481862903,0.08355229131852303,,,1.0,,1.0,0.0,0.9877709257310441,0.14586430830923258,10,0.025,0.15,0.9371654395982786,0.9344052067299803,0.9463736253882524,0.9467124807574041,0.9443646750154625,0.9422311472170608,0.9393066281202466,0.9437868480031797,0.9464384869159829,0.940531005291326,1.0,0.9472077177017656
5,11,1.961494304555835,0.30201632261161787,4166,2.1921142510005405,0.2725090036014406,833,2.1856881666787062,0.2779,0.9744387598127593,0.08362503279195799,,,1.0,,1.0,0.0,0.9877709257310441,0.14586430830923258,10,0.025,0.15,0.9335211402364816,0.938169457544791,0.946178872407361,0.9431659350213174,0.9438892148913048,0.9470644256548572,0.9403166959977771,0.9458813251021763,0.9438256331778485,0.9412656899964928,0.9472077177017656,1.0
6,0,1.9203662785616789,0.3129349652027838,4167,2.1461531775338307,0.2973621103117506,834,2.1494159004356286,0.293,0.9631664997758067,0.08275447690072013,,,1.0,,1.0,0.0,0.9901384808535633,0.1454565255806878,10,0.025,0.15,1.0,0.9254970571528838,0.9309650879957454,0.9333524901765407,0.9310150695321665,0.9241714475312652,0.9090588671348668,0.927557930678474,0.9331039055284175,0.9331495183040793,0.9329776818468165,0.9274467403387324
6,1,1.9225988745689393,0.30439164866810653,4167,2.148547342845372,0.2973621103117506,834,2.1486052078536795,0.2937,0.967843703536882,0.08323539829343161,,,1.0,,1.0,0.0,0.9901384808535633,0.1454565255806878,10,0.025,0.15,0.9254970571528838,1.0,0.9313577356117901,0.9270368124186259,0.9348714129844737,0.935534725557276,0.9296159504788177,0.9442631518314416,0.9349087432440604,0.9318101229859367,0.9310114210754535,0.9363432821237759
6,2,1.909419644240177,0.31977441804655626,4167,2.140712090900966,0.2949640287769784,834,2.1486052380332463,0.2939,0.9702281909866142,0.08347815275310824,,,1.0,,1.0,0.0,0.9901384808535633,0.1454565255806878,10,0.025,0.15,0.9309650879957454,0.9313577356117901,1.0,0.9305509821828704,0.9422811914552824,0.9348267405192163,0.9312358070047327,0.9412337637863253,0.935982007902736,0.9362563810035911,0.9362591633476557,0.9388643866971383
6,3,1.9252884203737433,0.3087832973362131,4167,2.146911450794765,0.29856115107913667,834,2.1488585834261738,0.294,0.9695828693340972,0.08325439968472763,,,1.0,,1.0,0.0,0.9901384808535633,0.1454565255806878,10,0.025,0.15,0.9333524901765407,0.9270368124186259,0.9305509821828704,1.0,0.9356950355986405,0.9395389307583724,0.9228425810791435,0.9402613969195814,0.9342171115024627,0.9390341783637577,0.9414193592238806,0.9385977214404938
6,4,1.905074365572496,0.3138468922486201,4167,2.1449199404035295,0.2929171668667467,833,2.1485743130309674,0.2939,0.9706673400456102,0.0834671590694972,,,1.0,,1.0,0.0,0.9901384808535633,0.1454565255806878,10,0.025,0.15,0.9310150695321665,0.9348714129844737,0.9422811914552824,0.9356950355986405,1.0,0.9387382723467955,0.9289445799512468,0.9393871219290493,0.9326181812768022,0.9353832469264395,0.9370861564391738,0.9389301648314038
6,5,1.9172619270555902,0.313678905687545,4167,2.1439941270010814,0.3013205282112845,833,2.148641417298136,0.294,0.9709841999101265,0.08346814338633778,,,1.0,,1.0,0.0,0.9901384808535633,0.1454565255806878,10,0.025,0.15,0.9241714475312652,0.935534725557276,0.9348267405192163,0.9395389307583724,0.9387382723467955,1.0,0.9280972581653326,0.9431507900497867,0.9390897373906582,0.9375347382709451,0.9380521677307286,0.9398579044256191
6,6,1.8930597251111811,0.3226781857451404,4167,2.14804094178336,0.2809123649459784,833,2.148959609526622,0.2939,0.9639342385406928,0.08283972036391797,,,1.0,,1.0,0.0,0.9901384808535633,0.1454565255806878,10,0.025,0.15,0.9090588671348668,0.9296159504788177,0.9312358070047327,0.9228425810791435,0.9289445799512468,0.9280972581653326,1.0,0.9436481077690427,0.9344285358563448,0.9206902527027772,0.9343647751378404,0.9340730534328319
6,7,1.897632469552936,0.3238780897528198,4167,2.146988902773176,0.29891956782713086,833,2.1486036837855473,0.2939,0.9747618632013488,0.08364719789353231,,,1.0,,1.0,0.0,0.9901384808535633,0.1454565255806878,10,0.025,0.15,0.927557930678474,0.9442631518314416,0.9412337637863253,0.9402613969195814,0.9393871219290493,0.9431507900497867,0.9436481077690427,1.0,0.9456743057670985,0.9332721447971946,0.9402229786639227,0.9438779243319303
6,8,1.9177344661770446,0.3052568410945751,4166,2.149515117917742,0.2893157262905162,833,2.1485852259623854,0.294,0.9717098935252678,0.08352566477865526,,,1.0,,1.0,0.0,0.9901384808535633,0.1454565255806878,10,0.025,0.15,0.9331039055284175,0.9349087432440604,0.935982007902736,0.9342171115024627,0.9326181812768022,0.9390897373906582,0.9344285358563448,0.9456743057670985,1.0,0.9384071693443781,0.9396118248312243,0.9390512179500292
6,9,1.8960301959153378,0.31536245799327894,4166,2.165724618094308,0.28691476590636256,833,2.1494983691203444,0.2913,0.9691598542967516,0.08318442422177603,,,1.0,,1.0,0.0,0.9901384808535633,0.1454565255806878,10,0.025,0.15,0.9331495183040793,0.9318101229859367,0.9362563810035911,0.9390341783637577,0.9353832469264395,0.9375347382709451,0.9206902527027772,0.9332721447971946,0.9384071693443781,1.0,0.935966052285449,0.9361986103503118
6,10,1.9148884664882313,0.31260201632261164,4166,2.147402831486293,0.29891956782713086,833,2.1485773822929284,0.2939,0.9719055925972522,0.08354112317665346,,,1.0,,1.0,0.0,0.9901384808535633,0.1454565255806878,10,0.025,0.15,0.9329776818468165,0.9310114210754535,0.9362591633476557,0.9414193592238806,0.9370861564391738,0.9380521677307286,0.9343647751378404,0.9402229786639227,0.9396118248312243,0.935966052285449,1.0,0.9423843510721966
6,11,1.9246201981197704,0.3143302928468555,4166,2.157276085444859,0.28691476590636256,833,2.1485758159734027,0.2939,0.9724540971011713,0.08360413947764218,,,1.0,,1.0,0.0,0.9901384808535633,0.1454565255806878,10,0.025,0.15,0.9274467403387324,0.9363432821237759,0.9388643866971383,0.9385977214404938,0.9389301648314038,0.9398579044256191,0.9340730534328319,0.9438779243319303,0.9390512179500292,0.9361986103503118,0.9423843510721966,1.0
7,0,1.8862903851451296,0.32589392848572113,4167,2.1054984160831998,0.31414868105515587,834,2.109864159475399,0.3073,0.9621937241552779,0.0828105401222336,,,1.0,,1.0,0.0,0.9916163724704687,0.1450807858931088,10,0.025,0.15,1.0,0.9206036507534654,0.9276984226146674,0.9284326564263878,0.9283099994627212,0.9219133242538725,0.9104170609249721,0.9249244761534924,0.9290464868517967,0.9270662611035915,0.9270912192206963,0.9225870999192161
7,1,1.8836881637573242,0.31766258699304056,4167,2.108403648648943,0.32014388489208634,834,2.108870777902724,0.308,0.9649148691180001,0.08319799728400279,,,1.0,,1.0,0.0,0.9916163724704687,0.1450807858931088,10,0.025,0.15,0.9206036507534654,1.0,0.9239669847856951,0.9216089191143059,0.9289060243263098,0.9295893167950812,0.9237967740290368,0.941086811724951,0.9278718749057412,0.9263769680607762,0.9269233450825326,0.9284724554332959
