round,client_id,client_i_training_loss,client_i_training_accuracy,client_i_training_dataset_size,client_i_evaluation_loss,client_i_evaluation_accuracy,client_i_evaluation_dataset_size,client_i_central_evaluation_loss,client_i_central_evaluation_accuracy,client_i_cosine_similarity,client_i_importance_coefficient,client_i_tanh_val,tanh_normalization_value,client_i_q,client_i_mask_order,client_i_v_nonzero_fraction,client_i_v_sparsity,client_i_v_cosine_similarity,client_i_reward_gradient_norm,local_epochs,learning_rate,gamma,client_0_cosine_similarity,client_1_cosine_similarity,client_2_cosine_similarity,client_3_cosine_similarity,client_4_cosine_similarity,client_5_cosine_similarity,client_6_cosine_similarity,client_7_cosine_similarity,client_8_cosine_similarity,client_9_cosine_similarity,client_10_cosine_similarity,client_11_cosine_similarity
0,0,2.2408232937952515,0.309,5000,2.265070879900897,0.20983213429256595,834,2.26856881208694,0.2034,0.9957540071378145,0.0833138633249635,,,0.95,,0.95001498149061,0.04998501850938997,0,0.09959832959125499,5,0.001,0.1,1.0,0.9910667392282246,0.9885643918102435,0.9940415468254864,0.991308479815478,0.9935386705700173,0.9892462371494691,0.9881944640035296,0.9921617803373711,0.9902686516882968,0.991129852223278,0.9915722715469762
0,1,2.2395631522889348,0.31792,5000,2.2712596787346735,0.19544364508393286,834,2.26856881208694,0.2034,0.9963032074174346,0.08335981443006206,,,0.95,,0.95001498149061,0.04998501850938997,0,0.09959832959125499,5,0.001,0.1,0.9910667392282246,1.0,0.9897739602719979,0.992364451170631,0.9908418642669977,0.9926191434482932,0.9893029180725007,0.990100031817413,0.992346383833925,0.9919298982602462,0.9932201031652771,0.994091546011359
0,2,2.243271277664573,0.3264,5000,2.2659107667428477,0.21223021582733814,834,2.26856881208694,0.2034,0.9951843351210337,0.08326619936759459,,,0.95,,0.95001498149061,0.04998501850938997,0,0.09959832959125499,5,0.001,0.1,0.9885643918102435,0.9897739602719979,1.0,0.9870242236460902,0.9937634718992338,0.9908434331255874,0.9920976765919379,0.9896837598371335,0.9908913017872554,0.9931900443378946,0.9884653131954251,0.9899868799933008
0,3,2.2406114742254757,0.30296,5000,2.2689657123000533,0.19184652278177458,834,2.26856881208694,0.2034,0.9951045288014388,0.08325952204291849,,,0.95,,0.95001498149061,0.04998501850938997,0,0.09959832959125499,5,0.001,0.1,0.9940415468254864,0.992364451170631,0.9870242236460902,1.0,0.9894820149007649,0.9931531164568279,0.9879612070197368,0.9893224188659254,0.9927702697869679,0.9897693749015245,0.9884308917943172,0.9890111074704239
0,4,2.2427470617233567,0.33128,5000,2.2628426286909313,0.19687875150060025,833,2.26856881208694,0.2034,0.9967953975930444,0.08340099554982326,,,0.95,,0.95001498149061,0.04998501850938997,0,0.09959832959125499,5,0.001,0.1,0.991308479815478,0.9908418642669977,0.9937634718992338,0.9894820149007649,1.0,0.9935007496976398,0.9941149680154588,0.9914960194849717,0.9942111049506405,0.9938246729769689,0.9896325094932165,0.9913637623614661
0,5,2.240259580855157,0.32112,5000,2.27369021486353,0.18247298919567828,833,2.26856881208694,0.2034,0.997447426617903,0.08345555024573367,,,0.95,,0.95001498149061,0.04998501850938997,0,0.09959832959125499,5,0.001,0.1,0.9935386705700173,0.9926191434482932,0.9908434331255874,0.9931531164568279,0.9935007496976398,1.0,0.9911198294847827,0.9937589530750596,0.995828290309666,0.9949819747130971,0.9903826375975197,0.9916057664183583
0,6,2.2440158786287734,0.32152,5000,2.271155260227345,0.20768307322929172,833,2.26856881208694,0.2034,0.9952988206674767,0.08327577827272645,,,0.95,,0.95001498149061,0.04998501850938997,0,0.09959832959125499,5,0.001,0.1,0.9892462371494691,0.9893029180725007,0.9920976765919379,0.9879612070197368,0.9941149680154588,0.9911198294847827,1.0,0.9900017123947984,0.989409189775781,0.9932979692372599,0.9887869616535284,0.9903141001381373
0,7,2.241829870612758,0.32384,5000,2.2701376102588795,0.2148859543817527,833,2.26856881208694,0.2034,0.9952581283042954,0.08327237357843434,,,0.95,,0.95001498149061,0.04998501850938997,0,0.09959832959125499,5,0.001,0.1,0.9881944640035296,0.990100031817413,0.9896837598371335,0.9893224188659254,0.9914960194849717,0.9937589530750596,0.9900017123947984,1.0,0.9935183819424014,0.9952379422683727,0.9837573354362412,0.9900954012801839
0,8,2.240002170186134,0.317,5000,2.266064272986518,0.2028811524609844,833,2.26856881208694,0.2034,0.9969688295896143,0.08341550645267158,,,0.95,,0.95001498149061,0.04998501850938997,0,0.09959832959125499,5,0.001,0.1,0.9921617803373711,0.992346383833925,0.9908913017872554,0.9927702697869679,0.9942111049506405,0.995828290309666,0.989409189775781,0.9935183819424014,1.0,0.9940376937332543,0.9890119546272174,0.9914260983889984
0,9,2.243362372999738,0.3234,5000,2.2675101227230496,0.21248499399759904,833,2.26856881208694,0.2034,0.9972354258160631,0.08343781232481881,,,0.95,,0.95001498149061,0.04998501850938997,0,0.09959832959125499,5,0.001,0.1,0.9902686516882968,0.9919298982602462,0.9931900443378946,0.9897693749015245,0.9938246729769689,0.9949819747130971,0.9932979692372599,0.9952379422683727,0.9940376937332543,1.0,0.9905336195217438,0.991726923461026
0,10,2.2423423469446266,0.3176,5000,2.2696154912312827,0.2112845138055222,833,2.26856881208694,0.2034,0.994498763281715,0.08320883817385497,,,0.95,,0.95001498149061,0.04998501850938997,0,0.09959832959125499,5,0.001,0.1,0.991129852223278,0.9932201031652771,0.9884653131954251,0.9884308917943172,0.9896325094932165,0.9903826375975197,0.9887869616535284,0.9837573354362412,0.9890119546272174,0.9905336195217438,1.0,0.9927394329041518
0,11,2.2418885410211646,0.31648,5000,2.2704088864503085,0.2028811524609844,833,2.26856881208694,0.2034,0.9959916445242533,0.08333374623639819,,,0.95,,0.95001498149061,0.04998501850938997,0,0.09959832959125499,5,0.001,0.1,0.9915722715469762,0.994091546011359,0.9899868799933008,0.9890111074704239,0.9913637623614661,0.9916057664183583,0.9903141001381373,0.9900954012801839,0.9914260983889984,0.991726923461026,0.9927394329041518,1.0
1,0,2.145865774154663,0.41584,5000,2.2181141641404896,0.37170263788968827,834,2.222075989452033,0.3454,0.9976523584009352,0.08331344481665737,,,0.95,,0.95001498149061,0.04998501850938997,0.9493365459961395,0.09978913269424097,5,0.001,0.1,1.0,0.9958359156442858,0.9942048944739349,0.996402216508996,0.9950711385402439,0.9960269034605364,0.994118111682904,0.9933216039977228,0.9953152105106872,0.9941280536316477,0.995838189962288,0.9964121466066379
1,1,2.141384650491605,0.43884,5000,2.2257632856015808,0.3249400479616307,834,2.222075989452033,0.3454,0.998252508902134,0.08336100678221996,,,0.95,,0.95001498149061,0.04998501850938997,0.9493365459961395,0.09978913269424097,5,0.001,0.1,0.9958359156442858,1.0,0.9942852539823585,0.9959278838550855,0.9950074007311267,0.9968956848296955,0.9946837350379498,0.9956614565999922,0.9963763876060586,0.9964346605092761,0.9961910918704197,0.9965564057235015
1,2,2.149598611843814,0.4378,5000,2.2178605839058205,0.35611510791366907,834,2.222075989452033,0.3454,0.9975674680525177,0.0832814670113037,,,0.95,,0.95001498149061,0.04998501850938997,0.9493365459961395,0.09978913269424097,5,0.001,0.1,0.9942048944739349,0.9942852539823585,1.0,0.9930644884911409,0.9965059541626776,0.9954891753628777,0.9960735142402997,0.9954430365004009,0.9958788465047516,0.9967084224896411,0.9930877975685343,0.9949119416730631
1,3,2.146237451863137,0.41572,5000,2.221699626357467,0.34292565947242204,834,2.222075989452033,0.3454,0.9971606112810308,0.08326423602816423,,,0.95,,0.95001498149061,0.04998501850938997,0.9493365459961395,0.09978913269424097,5,0.001,0.1,0.996402216508996,0.9959278838550855,0.9930644884911409,1.0,0.9941964908191936,0.9958754236048906,0.9929535333225186,0.9942058161915215,0.9957000951066493,0.993893651855238,0.9941730583393821,0.994392769851703
1,4,2.1474902722486267,0.43768,5000,2.214541099689625,0.34093637454981995,833,2.222075989452033,0.3454,0.9980159912945102,0.08337863156079096,,,0.95,,0.95001498149061,0.04998501850938997,0.9493365459961395,0.09978913269424097,5,0.001,0.1,0.9950711385402439,0.9950074007311267,0.9965059541626776,0.9941964908191936,1.0,0.9960050437026394,0.9967521361833034,0.9951405915040125,0.9970637563053071,0.9962655537578663,0.9942206384915103,0.9947914859962904
1,5,2.14361620511219,0.42004,5000,2.226591613557604,0.3085234093637455,833,2.222075989452033,0.3454,0.9986054462242875,0.08343112568877321,,,0.95,,0.95001498149061,0.04998501850938997,0.9493365459961395,0.09978913269424097,5,0.001,0.1,0.9960269034605364,0.9968956848296955,0.9954891753628777,0.9958754236048906,0.9960050437026394,1.0,0.9952010677669878,0.9962322953978564,0.9972961692515955,0.9971458971152765,0.9956479707633579,0.9962613514619426
1,6,2.1509902103691343,0.43584,5000,2.2245362069871693,0.33613445378151263,833,2.222075989452033,0.3454,0.9975023547473714,0.0832852405937517,,,0.95,,0.95001498149061,0.04998501850938997,0.9493365459961395,0.09978913269424097,5,0.001,0.1,0.994118111682904,0.9946837350379498,0.9960735142402997,0.9929535333225186,0.9967521361833034,0.9952010677669878,1.0,0.99512116803783,0.9950448974966445,0.9962591819916076,0.9937078448452739,0.9949600203721258
1,7,2.1460987321890084,0.43368,5000,2.2246401751482927,0.34933973589435774,833,2.222075989452033,0.3454,0.9976500007582318,0.0832879187988881,,,0.95,,0.95001498149061,0.04998501850938997,0.9493365459961395,0.09978913269424097,5,0.001,0.1,0.9933216039977228,0.9956614565999922,0.9954430365004009,0.9942058161915215,0.9951405915040125,0.9962322953978564,0.99512116803783,1.0,0.9960833993039206,0.9974541093414997,0.9923625928152391,0.9956127339540435
1,8,2.143250026976227,0.41972,5000,2.222466239222774,0.3433373349339736,833,2.222075989452033,0.3454,0.9985413839700806,0.08340449453018269,,,0.95,,0.95001498149061,0.04998501850938997,0.9493365459961395,0.09978913269424097,5,0.001,0.1,0.9953152105106872,0.9963763876060586,0.9958788465047516,0.9957000951066493,0.9970637563053071,0.9972961692515955,0.9950448974966445,0.9960833993039206,1.0,0.9972092033281696,0.9952022280747531,0.9961392928979723
1,9,2.1480430073039547,0.4268,5000,2.2197398521282055,0.36494597839135656,833,2.222075989452033,0.3454,0.9985110759135598,0.08341719852657377,,,0.95,,0.95001498149061,0.04998501850938997,0.9493365459961395,0.09978913269424097,5,0.001,0.1,0.9941280536316477,0.9964346605092761,0.9967084224896411,0.993893651855238,0.9962655537578663,0.9971458971152765,0.9962591819916076,0.9974541093414997,0.9972092033281696,1.0,0.9950975585162551,0.9963508387281815
1,10,2.1490141847331055,0.42376,5000,2.2227274665126093,0.36134453781512604,833,2.222075989452033,0.3454,0.997207553946633,0.08323466194247729,,,0.95,,0.95001498149061,0.04998501850938997,0.9493365459961395,0.09978913269424097,5,0.001,0.1,0.995838189962288,0.9961910918704197,0.9930877975685343,0.9941730583393821,0.9942206384915103,0.9956479707633579,0.9937078448452739,0.9923625928152391,0.9952022280747531,0.9950975585162551,1.0,0.9958203937079988
1,11,2.147583552378758,0.42812,5000,2.224498077675148,0.3445378151260504,833,2.222075989452033,0.3454,0.9981148949477976,0.08334057372021701,,,0.95,,0.95001498149061,0.04998501850938997,0.9493365459961395,0.09978913269424097,5,0.001,0.1,0.9964121466066379,0.9965564057235015,0.9949119416730631,0.994392769851703,0.9947914859962904,0.9962613514619426,0.9949600203721258,0.9956127339540435,0.9961392928979723,0.9963508387281815,0.9958203937079988,1.0
2,0,2.002887885433853,0.47012,5000,2.159871013076217,0.447242206235012,834,2.1642782771930147,0.4376,0.9984575027814945,0.08331700792806881,,,0.95,,0.95001498149061,0.04998501850938997,0.9826012976925278,0.09985800994977923,5,0.001,0.1,1.0,0.9971011609361212,0.9962194257575645,0.9976766657482279,0.9965657642953125,0.9971621632371097,0.9962642429306802,0.995718547254425,0.9968178838832754,0.9962767556259804,0.9972153033999319,0.9975264559610781
2,1,1.9953609433143762,0.50548,5000,2.1687942964059337,0.4244604316546763,834,2.1642782771930147,0.4376,0.9987899487824755,0.08335690472121968,,,0.95,,0.95001498149061,0.04998501850938997,0.9826012976925278,0.09985800994977923,5,0.001,0.1,0.9971011609361212,1.0,0.9963711812511676,0.9971925034181737,0.9966312382013757,0.9976722840086654,0.9964594720280912,0.9970603831262213,0.9975949747532705,0.9976434519414656,0.9973302079796296,0.9974675714394753
2,2,2.009642282109352,0.49884,5000,2.158128853197451,0.4364508393285372,834,2.1642782771930147,0.4376,0.9984096473012045,0.08329585331910898,,,0.95,,0.95001498149061,0.04998501850938997,0.9826012976925278,0.09985800994977923,5,0.001,0.1,0.9962194257575645,0.9963711812511676,1.0,0.99591900614018,0.9976612672462952,0.9969586668264093,0.997223345257954,0.9966809321608707,0.9970591429659742,0.9976817041888215,0.9958200966638359,0.9963739315759927
2,3,2.0045672955786347,0.47444,5000,2.16338668929206,0.4592326139088729,834,2.1642782771930147,0.4376,0.9983292924258138,0.08328269309499553,,,0.95,,0.95001498149061,0.04998501850938997,0.9826012976925278,0.09985800994977923,5,0.001,0.1,0.9976766657482279,0.9971925034181737,0.99591900614018,1.0,0.9963709960266123,0.9972176188491471,0.9960755151497136,0.9964116041877388,0.9970423377213344,0.996172470619933,0.9964098197815198,0.9965199936584287
2,4,2.0058642200603605,0.50592,5000,2.1543474285690873,0.4345738295318127,833,2.1642782771930147,0.4376,0.9985997394588084,0.08336157377688344,,,0.95,,0.95001498149061,0.04998501850938997,0.9826012976925278,0.09985800994977923,5,0.001,0.1,0.9965657642953125,0.9966312382013757,0.9976612672462952,0.9963709960266123,1.0,0.9970222281570009,0.9977052393760557,0.9966680823535636,0.9977592250995231,0.9976564201723979,0.9959514669366382,0.9962520864376402
2,5,1.9993190381177672,0.4818,5000,2.16808819770813,0.4009603841536615,833,2.1642782771930147,0.4376,0.9989001095480312,0.08340345989076277,,,0.95,,0.95001498149061,0.04998501850938997,0.9826012976925278,0.09985800994977923,5,0.001,0.1,0.9971621632371097,0.9976722840086654,0.9969586668264093,0.9972176188491471,0.9970222281570009,1.0,0.9967192719777054,0.9974590255555362,0.9978998102076989,0.9979881846185432,0.9966461666715203,0.9970962801851397
2,6,2.0111073755154942,0.5054,5000,2.166760488792702,0.4225690276110444,833,2.1642782771930147,0.4376,0.9983881070706689,0.08329747220027665,,,0.95,,0.95001498149061,0.04998501850938997,0.9826012976925278,0.09985800994977923,5,0.001,0.1,0.9962642429306802,0.9964594720280912,0.997223345257954,0.9960755151497136,0.9977052393760557,0.9967192719777054,1.0,0.996519060759822,0.9968141899776802,0.9973297301789951,0.9962019089181723,0.9963997741623671
2,7,2.003555571956999,0.50452,5000,2.1679590984627053,0.4309723889555822,833,2.1642782771930147,0.4376,0.9983728132860066,0.08329862096198491,,,0.95,,0.95001498149061,0.04998501850938997,0.9826012976925278,0.09985800994977923,5,0.001,0.1,0.995718547254425,0.9970603831262213,0.9966809321608707,0.9964116041877388,0.9966680823535636,0.9974590255555362,0.996519060759822,1.0,0.9971282791274283,0.9981160260629309,0.9949677330843312,0.9967954509718966
2,8,2.000277829473945,0.48752,5000,2.1680400989673756,0.4417767106842737,833,2.1642782771930147,0.4376,0.9989529147593009,0.08338883295232268,,,0.95,,0.95001498149061,0.04998501850938997,0.9826012976925278,0.09985800994977923,5,0.001,0.1,0.9968178838832754,0.9975949747532705,0.9970591429659742,0.9970423377213344,0.9977592250995231,0.9978998102076989,0.9968141899776802,0.9971282791274283,1.0,0.9981197706124987,0.9968776261630407,0.9973613502307281
2,9,2.0057122432502212,0.49028,5000,2.1606231618810585,0.45858343337334934,833,2.1642782771930147,0.4376,0.9989923055461714,0.08339789490533397,,,0.95,,0.95001498149061,0.04998501850938997,0.9826012976925278,0.09985800994977923,5,0.001,0.1,0.9962767556259804,0.9976434519414656,0.9976817041888215,0.996172470619933,0.9976564201723979,0.9979881846185432,0.9973297301789951,0.9981160260629309,0.9981197706124987,1.0,0.9966282584379866,0.997333568583497
2,10,2.0092488618413356,0.47592,5000,2.164193533085011,0.4477791116446579,833,2.1642782771930147,0.4376,0.998204375666403,0.08326052533108154,,,0.95,,0.95001498149061,0.04998501850938997,0.9826012976925278,0.09985800994977923,5,0.001,0.1,0.9972153033999319,0.9973302079796296,0.9958200966638359,0.9964098197815198,0.9959514669366382,0.9966461666715203,0.9962019089181723,0.9949677330843312,0.9968776261630407,0.9966282584379866,1.0,0.9974639042978088
2,11,2.006692259782439,0.48428,5000,2.1673641204833984,0.44657863145258103,833,2.1642782771930147,0.4376,0.9986284202574334,0.083339160917961,,,0.95,,0.95001498149061,0.04998501850938997,0.9826012976925278,0.09985800994977923,5,0.001,0.1,0.9975264559610781,0.9974675714394753,0.9963739315759927,0.9965199936584287,0.9962520864376402,0.9970962801851397,0.9963997741623671,0.9967954509718966,0.9973613502307281,0.997333568583497,0.9974639042978088,1.0
3,0,1.8341584898104333,0.51016,5000,2.0882029709992587,0.5191846522781774,834,2.0930042259228494,0.5076,0.9988004264792772,0.08332206860146332,,,0.95,,0.95001498149061,0.04998501850938997,0.9933389715493209,0.09988338139171196,5,0.001,0.1,1.0,0.9975541044853824,0.9969813326322149,0.9977600847954089,0.9974964434998497,0.9978608432811107,0.9970908938109398,0.99692611208821,0.997461706515111,0.9969783690030434,0.9978010465796491,0.9977838835957453
3,1,1.8226827055026011,0.53764,5000,2.0983344272330955,0.4892086330935252,834,2.0930042259228494,0.5076,0.9989744766384941,0.0833521495114747,,,0.95,,0.95001498149061,0.04998501850938997,0.9933389715493209,0.09988338139171196,5,0.001,0.1,0.9975541044853824,1.0,0.9972004916292283,0.9973196618964529,0.9973176912075313,0.9979691074488679,0.9969949090525659,0.9977162609342833,0.997974255004704,0.9980702909167194,0.9977517379242817,0.9979101655159299
3,2,1.8413341408322572,0.53244,5000,2.0844122392159923,0.5083932853717026,834,2.0930042259228494,0.5076,0.9987095267915241,0.08330616347913676,,,0.95,,0.95001498149061,0.04998501850938997,0.9933389715493209,0.09988338139171196,5,0.001,0.1,0.9969813326322149,0.9972004916292283,1.0,0.9967627562273136,0.9979401524173996,0.997548245720063,0.9975148657714318,0.997100130783448,0.9974372128943307,0.9979659274862218,0.9968497883246132,0.9973034680474282
3,3,1.8364664185578656,0.51056,5000,2.0915669158652976,0.539568345323741,834,2.0930042259228494,0.5076,0.9985543796954114,0.08329308691491435,,,0.95,,0.95001498149061,0.04998501850938997,0.9933389715493209,0.09988338139171196,5,0.001,0.1,0.9977600847954089,0.9973196618964529,0.9967627562273136,1.0,0.9970952534276805,0.9975482369164965,0.9972088687682799,0.9971787525156015,0.9974636115420928,0.9965982326845867,0.9970078900670045,0.9968034514559363
3,4,1.8369567321364286,0.5458,5000,2.080309859028569,0.5114045618247299,833,2.0930042259228494,0.5076,0.9989425346240917,0.08335398162637081,,,0.95,,0.95001498149061,0.04998501850938997,0.9933389715493209,0.09988338139171196,5,0.001,0.1,0.9974964434998497,0.9973176912075313,0.9979401524173996,0.9970952534276805,1.0,0.9976684263717764,0.9979563532137012,0.9974125021437156,0.9980459730707203,0.9980241141567572,0.9971659784634519,0.9972730251983821
3,5,1.8293991643152419,0.5252,5000,2.0958120911209672,0.47058823529411764,833,2.0930042259228494,0.5076,0.9990366884418662,0.08338270388568746,,,0.95,,0.95001498149061,0.04998501850938997,0.9933389715493209,0.09988338139171196,5,0.001,0.1,0.9978608432811107,0.9979691074488679,0.997548245720063,0.9975482369164965,0.9976684263717764,1.0,0.9972862238875639,0.9978037719380555,0.9979546276624107,0.9980561119724698,0.9973202839854455,0.9975074117405779
3,6,1.8425755731619087,0.54096,5000,2.0955555968814426,0.4885954381752701,833,2.0930042259228494,0.5076,0.998632808449313,0.08330468024496843,,,0.95,,0.95001498149061,0.04998501850938997,0.9933389715493209,0.09988338139171196,5,0.001,0.1,0.9970908938109398,0.9969949090525659,0.9975148657714318,0.9972088687682799,0.9979563532137012,0.9972862238875639,1.0,0.9972196337712207,0.9971031711047991,0.9976162416121338,0.9967990560824125,0.9968956480687031
3,7,1.8325957840415323,0.53804,5000,2.098153008355035,0.5054021608643458,833,2.0930042259228494,0.5076,0.9987471837276717,0.08330907582479258,,,0.95,,0.95001498149061,0.04998501850938997,0.9933389715493209,0.09988338139171196,5,0.001,0.1,0.99692611208821,0.9977162609342833,0.997100130783448,0.9971787525156015,0.9974125021437156,0.9978037719380555,0.9972196337712207,1.0,0.9976301119351353,0.9982467389380256,0.9962539225433252,0.9975667442227928
3,8,1.8316303927427644,0.53012,5000,2.1007829153979265,0.5066026410564226,833,2.0930042259228494,0.5076,0.9990629811209841,0.0833745834903331,,,0.95,,0.95001498149061,0.04998501850938997,0.9933389715493209,0.09988338139171196,5,0.001,0.1,0.997461706515111,0.997974255004704,0.9974372128943307,0.9974636115420928,0.9980459730707203,0.9979546276624107,0.9971031711047991,0.9976301119351353,1.0,0.9982861679237741,0.9976692966239497,0.9978123069539176
3,9,1.8351049761863272,0.52664,5000,2.0879116411562317,0.5102040816326531,833,2.0930042259228494,0.5076,0.9990901753977007,0.0833810177162331,,,0.95,,0.95001498149061,0.04998501850938997,0.9933389715493209,0.09988338139171196,5,0.001,0.1,0.9969783690030434,0.9980702909167194,0.9979659274862218,0.9965982326845867,0.9980241141567572,0.9980561119724698,0.9976162416121338,0.9982467389380256,0.9982861679237741,1.0,0.9974343768963513,0.9978874147448986
3,10,1.8425388173692545,0.51072,5000,2.0919620902449996,0.5306122448979592,833,2.0930042259228494,0.5076,0.9986478643293198,0.08328251110248144,,,0.95,,0.95001498149061,0.04998501850938997,0.9933389715493209,0.09988338139171196,5,0.001,0.1,0.9978010465796491,0.9977517379242817,0.9968497883246132,0.9970078900670045,0.9971659784634519,0.9973202839854455,0.9967990560824125,0.9962539225433252,0.9976692966239497,0.9974343768963513,1.0,0.997813407521322
3,11,1.8396326745391651,0.51688,5000,2.0969050283785218,0.5114045618247299,833,2.0930042259228494,0.5076,0.9988724771042685,0.08333797760214386,,,0.95,,0.95001498149061,0.04998501850938997,0.9933389715493209,0.09988338139171196,5,0.001,0.1,0.9977838835957453,0.9979101655159299,0.9973034680474282,0.9968034514559363,0.9972730251983821,0.9975074117405779,0.9968956480687031,0.9975667442227928,0.9978123069539176,0.9978874147448986,0.997813407521322,1.0
4,0,1.673067141566307,0.54244,5000,2.0021162121384233,0.552757793764988,834,2.0073291486063702,0.5474,0.9988129106548266,0.08332467967733329,,,0.95,,0.95001498149061,0.04998501850938997,0.9964336620008859,0.09988593265569727,5,0.001,0.1,1.0,0.9973867710079924,0.9972156263200098,0.9975641511268615,0.9976270898461184,0.9976597579698422,0.9971830859166203,0.9972285976921411,0.9973627108808752,0.9973221535022638,0.997808476615285,0.9978177715482184
4,1,1.6577498606056165,0.56596,5000,2.0136712701232344,0.5275779376498801,834,2.0073291486063702,0.5474,0.9989545298710685,0.08334769481968918,,,0.95,,0.95001498149061,0.04998501850938997,0.9964336620008859,0.09988593265569727,5,0.001,0.1,0.9973867710079924,1.0,0.9975010931936734,0.9972606090684204,0.9974708249426437,0.9978088872108676,0.9973195764439194,0.9978484528828947,0.9978577861891182,0.9981642934939491,0.9976323100994938,0.9976214507350271
4,2,1.677629060502265,0.55768,5000,1.9959678605750755,0.539568345323741,834,2.0073291486063702,0.5474,0.9988869630292525,0.0833173169337428,,,0.95,,0.95001498149061,0.04998501850938997,0.9964336620008859,0.09988593265569727,5,0.001,0.1,0.9972156263200098,0.9975010931936734,1.0,0.9973556726056516,0.9980615246369771,0.9976512180192608,0.997764178258336,0.9973101556596924,0.9976056983689734,0.997915752164697,0.9974161205517822,0.9972666322752078
4,3,1.6753585239884201,0.5414,5000,2.0052436855104236,0.580335731414868,834,2.0073291486063702,0.5474,0.9986197194046632,0.08330067420425614,,,0.95,,0.95001498149061,0.04998501850938997,0.9964336620008859,0.09988593265569727,5,0.001,0.1,0.9975641511268615,0.9972606090684204,0.9973556726056516,1.0,0.9972948393647053,0.9975971608566766,0.9973397803567059,0.997142376501015,0.9976267837381749,0.9967988809780726,0.9973076977844357,0.9965735742151638
4,4,1.67405360868782,0.57552,5000,1.9915575804533783,0.5570228091236494,833,2.0073291486063702,0.5474,0.9989804464106388,0.08334965460572873,,,0.95,,0.95001498149061,0.04998501850938997,0.9964336620008859,0.09988593265569727,5,0.001,0.1,0.9976270898461184,0.9974708249426437,0.9980615246369771,0.9972948393647053,1.0,0.9975669161390752,0.9979684031760063,0.9975952889149539,0.9980409503946844,0.998010332206461,0.9974277295632703,0.997119172089918
4,5,1.665504892464656,0.55048,5000,2.009114525936268,0.5222088835534213,833,2.0073291486063702,0.5474,0.9989180453102385,0.08336525247315692,,,0.95,,0.95001498149061,0.04998501850938997,0.9964336620008859,0.09988593265569727,5,0.001,0.1,0.9976597579698422,0.9978088872108676,0.9976512180192608,0.9975971608566766,0.9975669161390752,1.0,0.997449388822578,0.9976141473053673,0.9976603226736849,0.9978770427517002,0.9973737294880693,0.9971756923925764
4,6,1.6791663950415934,0.57048,5000,2.0099627574284873,0.5258103241296519,833,2.0073291486063702,0.5474,0.9987386933490292,0.08331162246440019,,,0.95,,0.95001498149061,0.04998501850938997,0.9964336620008859,0.09988593265569727,5,0.001,0.1,0.9971830859166203,0.9973195764439194,0.997764178258336,0.9973397803567059,0.9979684031760063,0.997449388822578,1.0,0.9972622169643771,0.9972985526177952,0.997562949131185,0.9972844429993102,0.996854370912712
4,7,1.6694799165057528,0.56848,5000,2.014392468664381,0.5330132052821128,833,2.0073291486063702,0.5474,0.9987951304798042,0.08331613906290582,,,0.95,,0.95001498149061,0.04998501850938997,0.9964336620008859,0.09988593265569727,5,0.001,0.1,0.9972285976921411,0.9978484528828947,0.9973101556596924,0.997142376501015,0.9975952889149539,0.9976141473053673,0.9972622169643771,1.0,0.9973457315962606,0.9982754628352893,0.9966645090525172,0.9976751233346405
4,8,1.6693248150454965,0.5574,5000,2.0194715658823648,0.5354141656662665,833,2.0073291486063702,0.5474,0.9989911590738468,0.0833626328162489,,,0.95,,0.95001498149061,0.04998501850938997,0.9964336620008859,0.09988593265569727,5,0.001,0.1,0.9973627108808752,0.9978577861891182,0.9976056983689734,0.9976267837381749,0.9980409503946844,0.9976603226736849,0.9972985526177952,0.9973457315962606,1.0,0.9980757816042181,0.9978682551382259,0.9975681565871491
4,9,1.6707580929349182,0.5604,5000,2.000848240322537,0.5594237695078031,833,2.0073291486063702,0.5474,0.9991113516698074,0.08337045698602281,,,0.95,,0.95001498149061,0.04998501850938997,0.9964336620008859,0.09988593265569727,5,0.001,0.1,0.9973221535022638,0.9981642934939491,0.997915752164697,0.9967988809780726,0.998010332206461,0.9978770427517002,0.997562949131185,0.9982754628352893,0.9980757816042181,1.0,0.9977127345659591,0.9980356217055102
4,10,1.6826420987487598,0.54208,5000,2.0050695604748197,0.5798319327731093,833,2.0073291486063702,0.5474,0.9988305103998245,0.0833009921036431,,,0.95,,0.95001498149061,0.04998501850938997,0.9964336620008859,0.09988593265569727,5,0.001,0.1,0.997808476615285,0.9976323100994938,0.9974161205517822,0.9973076977844357,0.9974277295632703,0.9973737294880693,0.9972844429993102,0.9966645090525172,0.9978682551382259,0.9977127345659591,1.0,0.9978916821391186
4,11,1.6772659982085987,0.54956,5000,2.0121930925934404,0.5558223289315727,833,2.0073291486063702,0.5474,0.9987648575422317,0.0833328838528721,,,0.95,,0.95001498149061,0.04998501850938997,0.9964336620008859,0.09988593265569727,5,0.001,0.1,0.9978177715482184,0.9976214507350271,0.9972666322752078,0.9965735742151638,0.997119172089918,0.9971756923925764,0.996854370912712,0.9976751233346405,0.9975681565871491,0.9980356217055102,0.9978916821391186,1.0
5,0,1.532768067660605,0.56908,5000,1.9025534877070673,0.5707434052757794,834,1.9080724895190888,0.5722,0.9988137884926448,0.0833280098818914,,,0.95,,0.95001498149061,0.04998501850938997,0.9972060252145211,0.09988045844463801,5,0.001,0.1,1.0,0.9973751267725453,0.997074354053087,0.9977670004496214,0.9976126794643955,0.997618829358979,0.9973898098231455,0.9972635273143088,0.9972550377128498,0.9971178285722633,0.9976624189729334,0.9974183036979759
5,1,1.514280114507979,0.58784,5000,1.9155009852515326,0.5707434052757794,834,1.9080724895190888,0.5722,0.9988685449622668,0.08334388956295505,,,0.95,,0.95001498149061,0.04998501850938997,0.9972060252145211,0.09988045844463801,5,0.001,0.1,0.9973751267725453,1.0,0.9972217792906788,0.9973738707521795,0.9974280104205774,0.9976636644565715,0.9972212288955529,0.9976938226868477,0.9978280461474178,0.9979597276724431,0.9974516448497397,0.9969928456394573
5,2,1.5356145955195093,0.58312,5000,1.8937836973755449,0.5611510791366906,834,1.9080724895190888,0.5722,0.9987929771971347,0.0833228235200818,,,0.95,,0.95001498149061,0.04998501850938997,0.9972060252145211,0.09988045844463801,5,0.001,0.1,0.997074354053087,0.9972217792906788,1.0,0.9974286144257785,0.9978009713089713,0.9975490821772064,0.9975438788938843,0.9972467105835666,0.9973644106825861,0.9977662058910075,0.9972498090497008,0.9970593502985281
5,3,1.5364799456231912,0.5682,5000,1.9053966645841245,0.605515587529976,834,1.9080724895190888,0.5722,0.9987404559897597,0.08331092344318568,,,0.95,,0.95001498149061,0.04998501850938997,0.9972060252145211,0.09988045844463801,5,0.001,0.1,0.9977670004496214,0.9973738707521795,0.9974286144257785,1.0,0.997622654926706,0.9975323136438555,0.9973476282180953,0.9973762284592861,0.9973925022769488,0.9969111022861311,0.9973129526004187,0.9966117605096446
5,4,1.5319913469302426,0.59908,5000,1.8890758134700634,0.5918367346938775,833,1.9080724895190888,0.5722,0.9989872165410443,0.0833489211469452,,,0.95,,0.95001498149061,0.04998501850938997,0.9972060252145211,0.09988045844463801,5,0.001,0.1,0.9976126794643955,0.9974280104205774,0.9978009713089713,0.997622654926706,1.0,0.9975782163536134,0.9979721506589161,0.9976292294852258,0.997855014570455,0.9979845568168023,0.9973774701597032,0.996771521426033
5,5,1.522734173316105,0.57872,5000,1.908572377981963,0.5474189675870348,833,1.9080724895190888,0.5722,0.9988077439265535,0.08335269342240231,,,0.95,,0.95001498149061,0.04998501850938997,0.9972060252145211,0.09988045844463801,5,0.001,0.1,0.997618829358979,0.9976636644565715,0.9975490821772064,0.9975323136438555,0.9975782163536134,1.0,0.9973650467361411,0.9974895260540666,0.9975074537701812,0.9977147520867338,0.9969274198728956,0.9965343551169324
5,6,1.5368393942049354,0.59376,5000,1.9108634524875217,0.5582232893157263,833,1.9080724895190888,0.5722,0.9987322661506791,0.08331737243870099,,,0.95,,0.95001498149061,0.04998501850938997,0.9972060252145211,0.09988045844463801,5,0.001,0.1,0.9973898098231455,0.9972212288955529,0.9975438788938843,0.9973476282180953,0.9979721506589161,0.9973650467361411,1.0,0.9974879510228947,0.9969635572580937,0.9976636756601146,0.9970589344956889,0.9965640013450947
5,7,1.5248269666532042,0.58816,5000,1.9176197228608307,0.5510204081632653,833,1.9080724895190888,0.5722,0.9988323940564551,0.08332337336320024,,,0.95,,0.95001498149061,0.04998501850938997,0.9972060252145211,0.09988045844463801,5,0.001,0.1,0.9972635273143088,0.9976938226868477,0.9972467105835666,0.9973762284592861,0.9976292294852258,0.9974895260540666,0.9974879510228947,1.0,0.9972456034538781,0.9981510184195941,0.9967948571882888,0.9973988278992884
5,8,1.527021606029219,0.5804,5000,1.9245768741325096,0.5630252100840336,833,1.9080724895190888,0.5722,0.9989009111884726,0.0833540938645435,,,0.95,,0.95001498149061,0.04998501850938997,0.9972060252145211,0.09988045844463801,5,0.001,0.1,0.9972550377128498,0.9978280461474178,0.9973644106825861,0.9973925022769488,0.997855014570455,0.9975074537701812,0.9969635572580937,0.9972456034538781,1.0,0.9980726267451006,0.9976843887050315,0.997428552194284
5,9,1.5276392419626759,0.58304,5000,1.9002476665708754,0.5798319327731093,833,1.9080724895190888,0.5722,0.9990495546872847,0.08336368867877048,,,0.95,,0.95001498149061,0.04998501850938997,0.9972060252145211,0.09988045844463801,5,0.001,0.1,0.9971178285722633,0.9979597276724431,0.9977662058910075,0.9969111022861311,0.9979845568168023,0.9977147520867338,0.9976636756601146,0.9981510184195941,0.9980726267451006,1.0,0.9975886440690713,0.9974485606969252
5,10,1.5432568259299941,0.56532,5000,1.9043770940215499,0.595438175270108,833,1.9080724895190888,0.5722,0.998743125135188,0.08331120451521529,,,0.95,,0.95001498149061,0.04998501850938997,0.9972060252145211,0.09988045844463801,5,0.001,0.1,0.9976624189729334,0.9974516448497397,0.9972498090497008,0.9973129526004187,0.9973774701597032,0.9969274198728956,0.9970589344956889,0.9967948571882888,0.9976843887050315,0.9975886440690713,1.0,0.9975996965844596
5,11,1.5351342476856937,0.57816,5000,1.9139560372741133,0.5714285714285714,833,1.9080724895190888,0.5722,0.9985028650378297,0.08332300616210797,,,0.95,,0.95001498149061,0.04998501850938997,0.9972060252145211,0.09988045844463801,5,0.001,0.1,0.9974183036979759,0.9969928456394573,0.9970593502985281,0.9966117605096446,0.996771521426033,0.9965343551169324,0.9965640013450947,0.9973988278992884,0.997428552194284,0.9974485606969252,0.9975996965844596,1.0
6,0,1.4122996079693935,0.59392,5000,1.7914303320425529,0.5911270983213429,834,1.797173595656983,0.5973,0.9986337954455404,0.08332962269197397,,,0.95,,0.95001498149061,0.04998501850938997,0.9976352288203033,0.0998638764766419,5,0.001,0.1,1.0,0.9968907538136059,0.996724952526853,0.9974870173566207,0.997062368294882,0.99725013908897,0.9972049641724332,0.996901101436078,0.996895517453738,0.9968591186445683,0.9971266782676851,0.9969970089386928
6,1,1.3919196459897765,0.60648,5000,1.8058028397736725,0.6115107913669064,834,1.797173595656983,0.5973,0.9986121773315814,0.08333866277370978,,,0.95,,0.95001498149061,0.04998501850938997,0.9976352288203033,0.0998638764766419,5,0.001,0.1,0.9968907538136059,1.0,0.9969571913517652,0.9969642203935243,0.9968567238781133,0.9969933037017669,0.9966753586993649,0.9972032074232772,0.9972852033390881,0.9975022517668728,0.9970448216980429,0.9967664655068882
6,2,1.412856749516384,0.60256,5000,1.7797349691390991,0.592326139088729,834,1.797173595656983,0.5973,0.998694486359964,0.08332840108601038,,,0.95,,0.95001498149061,0.04998501850938997,0.9976352288203033,0.0998638764766419,5,0.001,0.1,0.996724952526853,0.9969571913517652,1.0,0.9972234727193687,0.9975395193440932,0.9972164966706089,0.9972689457717151,0.9967059057854999,0.9969750529930649,0.9974143564982548,0.9971117887632718,0.9969890490305623
6,3,1.4154680906587345,0.59112,5000,1.7941547411459464,0.617505995203837,834,1.797173595656983,0.5973,0.9986020745298653,0.08331812108211223,,,0.95,,0.95001498149061,0.04998501850938997,0.9976352288203033,0.0998638764766419,5,0.001,0.1,0.9974870173566207,0.9969642203935243,0.9972234727193687,1.0,0.9971988029826234,0.9972636274820222,0.9971955908643676,0.9970667768704204,0.9969155496558426,0.9963764396795759,0.9968908346028537,0.9964377485383734
6,4,1.4109944182596388,0.61732,5000,1.7747766618375425,0.617046818727491,833,1.797173595656983,0.5973,0.9987332121264683,0.08334565465625574,,,0.95,,0.95001498149061,0.04998501850938997,0.9976352288203033,0.0998638764766419,5,0.001,0.1,0.997062368294882,0.9968567238781133,0.9975395193440932,0.9971988029826234,1.0,0.9968529325602346,0.9974407676020857,0.9970655790266454,0.9974159371503242,0.9974965570953668,0.9969678337903823,0.9966929937818625
6,5,1.4008576579913972,0.59884,5000,1.7962285854198314,0.5690276110444178,833,1.797173595656983,0.5973,0.9985179753739748,0.08334102114935317,,,0.95,,0.95001498149061,0.04998501850938997,0.9976352288203033,0.0998638764766419,5,0.001,0.1,0.99725013908897,0.9969933037017669,0.9972164966706089,0.9972636274820222,0.9968529325602346,1.0,0.9968260413176999,0.9969766264615125,0.9968708855194871,0.9970085228576884,0.9964363912787515,0.996315525654084
6,6,1.415380944264163,0.61232,5000,1.800497748233654,0.5834333733493398,833,1.797173595656983,0.5973,0.99865984418912,0.08332394027602243,,,0.95,,0.95001498149061,0.04998501850938997,0.9976352288203033,0.0998638764766419,5,0.001,0.1,0.9972049641724332,0.9966753586993649,0.9972689457717151,0.9971955908643676,0.9974407676020857,0.9968260413176999,1.0,0.997258238335069,0.9966621256871802,0.9972176536827229,0.996954813196551,0.9970076110936151
6,7,1.4016010801503613,0.6094,5000,1.8098037198737815,0.56062424969988,833,1.797173595656983,0.5973,0.9986366916229977,0.08332687294029008,,,0.95,,0.95001498149061,0.04998501850938997,0.9976352288203033,0.0998638764766419,5,0.001,0.1,0.996901101436078,0.9972032074232772,0.9967059057854999,0.9970667768704204,0.9970655790266454,0.9969766264615125,0.997258238335069,1.0,0.9969397082735639,0.9977456361223376,0.9964497426266163,0.997121396492749
6,8,1.4046113648232381,0.60424,5000,1.8180113942534835,0.5894357743097239,833,1.797173595656983,0.5973,0.9987123495611093,0.08334815335365198,,,0.95,,0.95001498149061,0.04998501850938997,0.9976352288203033,0.0998638764766419,5,0.001,0.1,0.996895517453738,0.9972852033390881,0.9969750529930649,0.9969155496558426,0.9974159371503242,0.9968708855194871,0.9966621256871802,0.9969397082735639,1.0,0.9977357286676737,0.997369428350361,0.997274415430046
6,9,1.4035421239342658,0.60256,5000,1.7883440874241017,0.6074429771908764,833,1.797173595656983,0.5973,0.9988338785528166,0.08335795946982034,,,0.95,,0.95001498149061,0.04998501850938997,0.9976352288203033,0.0998638764766419,5,0.001,0.1,0.9968591186445683,0.9975022517668728,0.9974143564982548,0.9963764396795759,0.9974965570953668,0.9970085228576884,0.9972176536827229,0.9977456361223376,0.9977357286676737,1.0,0.9971735574252847,0.9972658284871124
6,10,1.4226394324545648,0.58664,5000,1.7913953065872192,0.6266506602641057,833,1.797173595656983,0.5973,0.9985949087671482,0.08331806216758794,,,0.95,,0.95001498149061,0.04998501850938997,0.9976352288203033,0.0998638764766419,5,0.001,0.1,0.9971266782676851,0.9970448216980429,0.9971117887632718,0.9968908346028537,0.9969678337903823,0.9964363912787515,0.996954813196551,0.9964497426266163,0.997369428350361,0.9971735574252847,1.0,0.9974080927073675
6,11,1.4120691295642003,0.60316,5000,1.8041655399181225,0.6014405762304922,833,1.797173595656983,0.5973,0.9985400405221749,0.08332352835321181,,,0.95,,0.95001498149061,0.04998501850938997,0.9976352288203033,0.0998638764766419,5,0.001,0.1,0.9969970089386928,0.9967664655068882,0.9969890490305623,0.9964377485383734,0.9966929937818625,0.996315525654084,0.9970076110936151,0.997121396492749,0.997274415430046,0.9972658284871124,0.9974080927073675,1.0
7,0,1.3102520885740876,0.61384,5000,1.6723509673719053,0.6223021582733813,834,1.6781001319519628,0.6197,0.99837502207647,0.08332900593523275,,,0.95,,0.95001498149061,0.04998501850938997,0.9981404050607413,0.09984302809613246,5,0.001,0.1,1.0,0.9962624279819522,0.9962165712282731,0.9969032013537455,0.9964549148260395,0.9968618968684203,0.9968181359046383,0.9964120111913114,0.9963124425408882,0.9961472290488463,0.9968299327423172,0.9965754734948652
7,1,1.2882657464142817,0.62384,5000,1.687777289637813,0.6235011990407674,834,1.6781001319519628,0.6197,0.9984124043357181,0.08333575659003462,,,0.95,,0.95001498149061,0.04998501850938997,0.9981404050607413,0.09984302809613246,5,0.001,0.1,0.9962624279819522,1.0,0.996379368188222,0.9963458171158922,0.9965429836115084,0.9964235632240948,0.9963747713562235,0.9968610105397772,0.9969794037840909,0.9972686387698341,0.9965703679041542,0.996232747694621
7,2,1.310988975026805,0.6226,5000,1.6573379172219171,0.6199040767386091,834,1.6781001319519628,0.6197,0.9984905647034014,0.08333198619183016,,,0.95,,0.95001498149061,0.04998501850938997,0.9981404050607413,0.09984302809613246,5,0.001,0.1,0.9962165712282731,0.996379368188222,1.0,0.9970380937100528,0.9969296807559854,0.9967712751942773,0.9967609899494227,0.9964262298941732,0.9965361235750585,0.9968162672719693,0.9967412050861281,0.9965625292115335
