round,client_id,client_i_training_loss,client_i_training_accuracy,client_i_training_dataset_size,client_i_evaluation_loss,client_i_evaluation_accuracy,client_i_evaluation_dataset_size,client_i_central_evaluation_loss,client_i_central_evaluation_accuracy,client_i_cosine_similarity,client_i_importance_coefficient,client_i_tanh_val,tanh_normalization_value,client_i_q,client_i_mask_order,client_i_v_nonzero_fraction,client_i_v_sparsity,client_i_v_cosine_similarity,client_i_reward_gradient_norm,local_epochs,learning_rate,gamma,client_0_cosine_similarity,client_1_cosine_similarity,client_2_cosine_similarity,client_3_cosine_similarity,client_4_cosine_similarity,client_5_cosine_similarity,client_6_cosine_similarity,client_7_cosine_similarity,client_8_cosine_similarity,client_9_cosine_similarity,client_10_cosine_similarity,client_11_cosine_similarity
0,0,0.3421389550018083,0.89608,5000,2.195928829687613,0.4172661870503597,834,2.1940350235460664,0.4273,0.7879721218287862,0.08369948823457457,,,0.8958358679671208,,0.8958536218061343,0.10414637819386574,0,0.39223641617091887,5,0.1,0.5,1.0,0.5796983799775486,0.572304169242557,0.5915076482399275,0.5807604058542488,0.5844669366839937,0.5881870601473741,0.5773091604986819,0.586399017098154,0.5913867338090816,0.586322141508838,0.5798645750202412
0,1,0.3428633635780614,0.89164,5000,2.1926702481729015,0.4244604316546763,834,2.1940362963813564,0.4273,0.787724027245267,0.08367313528489644,,,0.8930106368366083,,0.8930274584609207,0.10697254153907931,0,0.39223427084490187,5,0.1,0.5,0.5796983799775486,1.0,0.5819662900354847,0.5936139064288566,0.5875286026908683,0.5891151262203418,0.5991995788013503,0.5705934140952829,0.5761345732261343,0.5801920605315926,0.5827836160229156,0.5750450414925108
0,2,0.34512374581425054,0.89236,5000,2.19837690282751,0.407673860911271,834,2.194042345967156,0.4269,0.7838014952940787,0.0832564785177303,,,0.8483419495088619,,0.8483560062245871,0.15164399377541293,0,0.3921778707449065,5,0.1,0.5,0.572304169242557,0.5819662900354847,1.0,0.5914322525181769,0.5870128343739721,0.5860149943076898,0.5753827573376316,0.5775198688838987,0.5770667791658379,0.5734840752436652,0.5828694521037305,0.5738892265937255
0,3,0.3319527252571313,0.89376,5000,2.195753318292123,0.4196642685851319,834,2.1940186922542586,0.4274,0.7927284858680503,0.08420471579899624,,,0.9499999998927926,,0.9500025099141609,0.04999749008583909,0,0.39225978808696527,5,0.1,0.5,0.5915076482399275,0.5936139064288566,0.5914322525181769,1.0,0.5951360691775769,0.5879243540792245,0.5981047759690138,0.5710541945010007,0.5780542526968939,0.5887887889527524,0.5891156591730967,0.5782521637740299
0,4,0.34606597077837037,0.8912,5000,2.1921847043214022,0.4261704681872749,833,2.194027534308144,0.4269,0.7847750991841895,0.08335989606904713,,,0.8594290759592307,,0.8594397871592792,0.14056021284072084,0,0.3921959847827218,5,0.1,0.5,0.5807604058542488,0.5875286026908683,0.5870128343739721,0.5951360691775769,1.0,0.5798188572574944,0.5864076837230947,0.5837457908661203,0.5736797898705028,0.5859733817094138,0.5710486699515415,0.5569964091237896
0,5,0.3356684806626171,0.89648,5000,2.200559130421391,0.4261704681872749,833,2.1940221146653633,0.4274,0.7898892493066314,0.08390312816590066,,,0.9176675748699439,,0.917684855177953,0.08231514482204705,0,0.39224991657640174,5,0.1,0.5,0.5844669366839937,0.5891151262203418,0.5860149943076898,0.5879243540792245,0.5798188572574944,1.0,0.59653769574601,0.5897323430760547,0.5707034642359862,0.5898012727698225,0.5922190671489527,0.5699205297429569
0,6,0.3463971042886946,0.8914,5000,2.1863872121881553,0.4657863145258103,833,2.194023713517113,0.4274,0.7893335075706841,0.08384409651033721,,,0.9113389447537513,,0.911354851664073,0.08864514833592696,0,0.3922466960247569,5,0.1,0.5,0.5881870601473741,0.5991995788013503,0.5753827573376316,0.5981047759690138,0.5864076837230947,0.59653769574601,1.0,0.5726557124867404,0.568295620072663,0.5842989992747842,0.5952310188541485,0.5667218177917073
0,7,0.3426072687112317,0.89496,5000,2.1924822860293918,0.4177671068427371,833,2.1940711854745785,0.427,0.7782058268464462,0.08266209887862554,,,0.784620055745493,,0.7846292856784298,0.21537071432157018,0,0.3919919444888118,5,0.1,0.5,0.5773091604986819,0.5705934140952829,0.5775198688838987,0.5710541945010007,0.5837457908661203,0.5897323430760547,0.5726557124867404,1.0,0.5559075372979797,0.5769317947721407,0.5828418616428651,0.5679717119003601
0,8,0.33854930825697577,0.89112,5000,2.1960418577547425,0.44057623049219685,833,2.194139946002168,0.4271,0.7755443881012162,0.08237939717538961,,,0.754312342097267,,0.7543245820992922,0.2456754179007078,0,0.39184350999733447,5,0.1,0.5,0.586399017098154,0.5761345732261343,0.5770667791658379,0.5780542526968939,0.5736797898705028,0.5707034642359862,0.568295620072663,0.5559075372979797,1.0,0.5858821380391391,0.5727489254653907,0.5563357077444345
0,9,0.36790925325873264,0.88776,5000,2.1916111928445323,0.43577430972388953,833,2.194023908517612,0.4271,0.7866238284380999,0.08355627064645915,,,0.8804818831827798,,0.8804979669695296,0.11950203303047036,0,0.39222223213229546,5,0.1,0.5,0.5913867338090816,0.5801920605315926,0.5734840752436652,0.5887887889527524,0.5859733817094138,0.5898012727698225,0.5842989992747842,0.5769317947721407,0.5858821380391391,1.0,0.5853265920646025,0.5634471495618674
0,10,0.35375857898657015,0.89076,5000,2.189258372342145,0.4249699879951981,833,2.194032867114765,0.4271,0.7869273165118544,0.08358850756925738,,,0.8839379197537848,,0.8839465890266552,0.11605341097334476,0,0.3922257567925463,5,0.1,0.5,0.586322141508838,0.5827836160229156,0.5828694521037305,0.5891156591730967,0.5710486699515415,0.5922190671489527,0.5952310188541485,0.5828418616428651,0.5727489254653907,0.5853265920646025,1.0,0.567863111637812
0,11,0.3492260877054873,0.89084,5000,2.1895820211481163,0.4225690276110444,833,2.1943629907723814,0.4254,0.7707750091477391,0.08187278714878576,,,0.7,,0.7,0.30000000000000004,0,0.3914293211903316,5,0.1,0.5,0.5798645750202412,0.5750450414925108,0.5738892265937255,0.5782521637740299,0.5569964091237896,0.5699205297429569,0.5667218177917073,0.5679717119003601,0.5563357077444345,0.5634471495618674,0.567863111637812,1.0
1,0,0.3007476444000224,0.90816,5000,2.0361994725686534,0.750599520383693,834,2.035657281311937,0.7451,0.817184052314288,0.08379503281711959,,,0.915583568960842,,0.9156066462526982,0.08439335374730184,0.9581869356364511,0.40542668023391093,5,0.1,0.5,1.0,0.6382781379978474,0.630761919409596,0.636297746217881,0.6329656433585126,0.6322373788476604,0.6377009497017154,0.6268880715796635,0.630112799050399,0.6245062808556602,0.6257724382157535,0.6345504884646065
1,1,0.3048959973143639,0.90552,5000,2.0328109750041254,0.7517985611510791,834,2.035681639616482,0.7454,0.8125389784168366,0.08361592777167805,,,0.8917428344273249,,0.8917574418954872,0.10824255810451278,0.9581503262753645,0.4054043010000067,5,0.1,0.5,0.6382781379978474,1.0,0.6290937044782923,0.6239379525087051,0.6327348225048459,0.6228601337376015,0.6323740661147655,0.6325974217603804,0.6287584832413262,0.6261731466463132,0.6168085581880586,0.6214178203480675
1,2,0.30409272885317823,0.9062,5000,2.038135153275949,0.7338129496402878,834,2.0357759566352773,0.7453,0.8135483893673431,0.08337551899495942,,,0.8597419390245915,,0.8597510165152352,0.14024898348476478,0.9578959161637844,0.4053534174809122,5,0.1,0.5,0.630761919409596,0.6290937044782923,1.0,0.6365114261775582,0.6287770948961244,0.6319043213110794,0.6331659711978348,0.633068704712892,0.623342302821728,0.6196815340645029,0.6249560039671015,0.6252861674453486
1,3,0.28973763867690683,0.91112,5000,2.038924486548812,0.7302158273381295,834,2.0356229501791274,0.7453,0.8150131649733803,0.0840535884590482,,,0.9499999998668895,,0.9500025099141609,0.04999749008583909,0.9582939492149215,0.4054424747103446,5,0.1,0.5,0.636297746217881,0.6239379525087051,0.6365114261775582,1.0,0.6310502967859908,0.6338410112626176,0.637363886795525,0.6290616923046973,0.6287314285143932,0.6283134084847843,0.6153043201182381,0.6262631802908709
1,4,0.3049940948831333,0.90452,5000,2.0331968422289246,0.7358943577430972,833,2.0357560022189594,0.7453,0.8114711026114103,0.08337160840420099,,,0.8592213989364494,,0.8592289543697605,0.14077104563023946,0.9579352979614508,0.40535240292449426,5,0.1,0.5,0.6329656433585126,0.6327348225048459,0.6287770948961244,0.6310502967859908,1.0,0.623123260057166,0.631089037857491,0.6217050765715327,0.6274450042729645,0.6289834815795279,0.6119070893251822,0.6261857928266661
1,5,0.2869688384389137,0.91076,5000,2.046609816727815,0.7382953181272509,833,2.0356539270748346,0.7455,0.8098487671404149,0.08367439012591495,,,0.8995247786161685,,0.899533155966066,0.10046684403393402,0.9582065205898188,0.4054127940947706,5,0.1,0.5,0.6322373788476604,0.6228601337376015,0.6319043213110794,0.6338410112626176,0.623123260057166,1.0,0.6373056054732029,0.6184841053129934,0.6223103140218743,0.6226018777323146,0.6167325504043711,0.6160416576047757
1,6,0.3052026313581284,0.9082,5000,2.026514455124184,0.7478991596638656,833,2.0356246480545677,0.7452,0.8173544559046975,0.0838965959451573,,,0.929102672054625,,0.9291200240951759,0.07087997590482409,0.9582404357457893,0.4054351374070556,5,0.1,0.5,0.6377009497017154,0.6323740661147655,0.6331659711978348,0.637363886795525,0.631089037857491,0.6373056054732029,1.0,0.6337946191502248,0.6298363743610523,0.634718437013533,0.6229074238393932,0.6206157068235724
1,7,0.2970357727449221,0.91092,5000,2.0345115573317916,0.7442977190876351,833,2.0360049576805044,0.7447,0.8094511412469949,0.08283983552318992,,,0.7884369268572045,,0.788444355203052,0.211555644796948,0.9571420272341147,0.4051160458181632,5,0.1,0.5,0.6268880715796635,0.6325974217603804,0.633068704712892,0.6290616923046973,0.6217050765715327,0.6184841053129934,0.6337946191502248,1.0,0.6273120587524703,0.6182691574037387,0.6154712302444155,0.6228514393848488
1,8,0.29990983866629706,0.90732,5000,2.0418961224732577,0.7635054021608644,833,2.036229546839437,0.744,0.8098031854773938,0.0826651331769857,,,0.7651822371416271,,0.7652025500727875,0.23479744992721252,0.9567189774447888,0.4049864176633003,5,0.1,0.5,0.630112799050399,0.6287584832413262,0.623342302821728,0.6287314285143932,0.6274450042729645,0.6223103140218743,0.6298363743610523,0.6273120587524703,1.0,0.6280122876224299,0.6198835088228467,0.6183222317835659
1,9,0.32387989555977903,0.90092,5000,2.02898379166921,0.7575030012004802,833,2.035743577792622,0.7455,0.8076298307251475,0.08336777433019095,,,0.8587110440191442,,0.8587219517092516,0.14127804829074841,0.9580124464411677,0.4053513992298333,5,0.1,0.5,0.6245062808556602,0.6261731466463132,0.6196815340645029,0.6283134084847843,0.6289834815795279,0.6226018777323146,0.634718437013533,0.6182691574037387,0.6280122876224299,1.0,0.6104671208352083,0.6158549221122156
1,10,0.313875039988405,0.90624,5000,2.0280080283129656,0.7527010804321729,833,2.0358094414963888,0.7454,0.8013106641767089,0.0831691470067274,,,0.8322716923072835,,0.8322875357662768,0.1677124642337232,0.9578718680397441,0.4052865801941628,5,0.1,0.5,0.6257724382157535,0.6168085581880586,0.6249560039671015,0.6153043201182381,0.6119070893251822,0.6167325504043711,0.6229074238393932,0.6154712302444155,0.6198835088228467,0.6104671208352083,1.0,0.6159075915009553
1,11,0.3006290457146183,0.90576,5000,2.034020847744412,0.7334933973589436,833,2.0369157337913877,0.7428,0.8053598534023473,0.0821754474448276,,,0.7,,0.7,0.30000000000000004,0.9557044255286693,0.4044479416142359,5,0.1,0.5,0.6345504884646065,0.6214178203480675,0.6252861674453486,0.6262631802908709,0.6261857928266661,0.6160416576047757,0.6206157068235724,0.6228514393848488,0.6183222317835659,0.6158549221122156,0.6159075915009553,1.0
2,0,0.2622677604804278,0.92352,5000,1.8360092639923096,0.8764988009592326,834,1.8384647990187135,0.876,0.808303272265997,0.08351966516570399,,,0.882406532534189,,0.8824205612168063,0.11757943878319366,0.9670352619453976,0.4058121055007886,5,0.1,0.5,1.0,0.6161092987948035,0.6297817158450962,0.6252090818607374,0.627079350258939,0.621501154396769,0.6230221064762236,0.624788046913582,0.6217448695702694,0.6231384943240562,0.625886192755165,0.6331971559258959
2,1,0.27599453724042816,0.9144,5000,1.8331888825805098,0.8872901678657075,834,1.8386228598725682,0.8759,0.8014792493479573,0.08316382696423509,,,0.817284863622328,,0.8173033482254907,0.18269665177450933,0.9666391717486557,0.40565578835277605,5,0.1,0.5,0.6161092987948035,1.0,0.6174891129580935,0.6172417831514542,0.6226062352552013,0.613415654446018,0.627091436223333,0.6132516814833971,0.6223881490119474,0.6193660147720641,0.6143557505132804,0.6223446771999189
2,2,0.27387771808607564,0.91544,5000,1.838669772501345,0.89568345323741,834,1.8386607859462214,0.876,0.8135508408270657,0.08342491453531385,,,0.8650662943136005,,0.8650870940213845,0.1349129059786155,0.9667967673626513,0.40578470470428574,5,0.1,0.5,0.6297817158450962,0.6174891129580935,1.0,0.6333295568692083,0.6306963124483742,0.6309171989950134,0.6346240026218259,0.6243918972442097,0.630198610065901,0.62665382390175,0.6364733033669124,0.6297234566126366
2,3,0.2657635253729524,0.91824,5000,1.8447161648008559,0.8645083932853717,834,1.8383457493096496,0.876,0.8136866040978246,0.08387789963390184,,,0.9479667403322732,,0.9479795191004468,0.052020480899553245,0.9671769741429501,0.4058563459987085,5,0.1,0.5,0.6252090818607374,0.6172417831514542,0.6333295568692083,1.0,0.6352379184220047,0.6323514835647491,0.6306467311004527,0.6328993659451889,0.6351646187247257,0.625348462540344,0.6287663142812172,0.6264984032534787
2,4,0.28270585130496767,0.9138,5000,1.836456996423227,0.8739495798319328,833,1.8386174562259223,0.8762,0.8144628223353794,0.0834540607265941,,,0.870400315817641,,0.8704181516992119,0.12958184830078812,0.9668127699245668,0.40579382507879247,5,0.1,0.5,0.627079350258939,0.6226062352552013,0.6306963124483742,0.6352379184220047,1.0,0.6315977675780539,0.635348160770979,0.6328150819197592,0.6336062354987054,0.629585602518674,0.6284602521567916,0.626130420356271
2,5,0.25482662901590775,0.92424,5000,1.8536692416226421,0.858343337334934,833,1.8384369299434626,0.8758,0.8120630371874351,0.08357072713320762,,,0.8917513429790304,,0.8917674815521309,0.10823251844786907,0.9670442253971931,0.4058237020227159,5,0.1,0.5,0.621501154396769,0.613415654446018,0.6309171989950134,0.6323514835647491,0.6315977675780539,1.0,0.6348900634089188,0.6329274887357681,0.6312715960764888,0.6271222232925536,0.629827533941817,0.6226545350802172
2,6,0.2730849916198451,0.91832,5000,1.8277960883246527,0.8691476590636255,833,1.838355019831429,0.8761,0.8169887746693806,0.0838890097821866,,,0.9499999998169908,,0.9500025099141609,0.04999749008583909,0.9671471622918916,0.4058567599069621,5,0.1,0.5,0.6230221064762236,0.627091436223333,0.6346240026218259,0.6306467311004527,0.635348160770979,0.6348900634089188,1.0,0.6347590175283333,0.6311409185512623,0.6312096131965854,0.6417193814724579,0.6311373304570292
2,7,0.2686478597533171,0.91896,5000,1.8384768123979922,0.8751500600240096,833,1.8391820698881303,0.8752,0.8118437659154387,0.08301138652909995,,,0.7893868596849446,,0.7893931027558857,0.2106068972441143,0.9660970813820862,0.405534592233342,5,0.1,0.5,0.624788046913582,0.6132516814833971,0.6243918972442097,0.6328993659451889,0.6328150819197592,0.6329274887357681,0.6347590175283333,1.0,0.6352627262897714,0.6232675369965467,0.6309586518740709,0.6247415247990514
2,8,0.2629389145298843,0.9206,5000,1.850877011263812,0.8763505402160864,833,1.8395196054690182,0.8747,0.8138041396910052,0.08296410259069338,,,0.7807334633687241,,0.7807539782139451,0.2192460217860549,0.9658688981664083,0.4054889766277015,5,0.1,0.5,0.6217448695702694,0.6223881490119474,0.630198610065901,0.6351646187247257,0.6336062354987054,0.6312715960764888,0.6311409185512623,0.6352627262897714,1.0,0.6334212333069532,0.6327776810654466,0.6229145900277852
2,9,0.2886527849646036,0.9118,5000,1.826462401284112,0.8811524609843937,833,1.8386275208415315,0.8759,0.8107509856552583,0.08332237668384582,,,0.8463009228985287,,0.8463179559259073,0.1536820440740927,0.9667445528399297,0.40574413477511473,5,0.1,0.5,0.6231384943240562,0.6193660147720641,0.62665382390175,0.625348462540344,0.629585602518674,0.6271222232925536,0.6312096131965854,0.6232675369965467,0.6334212333069532,1.0,0.6258038314088115,0.6322969412901103
2,10,0.28132466469553247,0.91564,5000,1.8274808636418096,0.8775510204081632,833,1.838744048493358,0.8758,0.8132802981479849,0.08327907192393154,,,0.838375752903278,,0.8383916470056724,0.16160835299432763,0.9665676494477741,0.405723015140826,5,0.1,0.5,0.625886192755165,0.6143557505132804,0.6364733033669124,0.6287663142812172,0.6284602521567916,0.629827533941817,0.6417193814724579,0.6309586518740709,0.6327776810654466,0.6258038314088115,1.0,0.6275743409236302
2,11,0.2722113866643731,0.91664,5000,1.8405899339252048,0.8727490996398559,833,1.841095557228064,0.8737,0.8104293988475172,0.08252295833128621,,,0.7,,0.7,0.30000000000000004,0.9645224986135051,0.40480145185930255,5,0.1,0.5,0.6331971559258959,0.6223446771999189,0.6297234566126366,0.6264984032534787,0.626130420356271,0.6226545350802172,0.6311373304570292,0.6247415247990514,0.6229145900277852,0.6322969412901103,0.6275743409236302,1.0
3,0,0.24096886174409252,0.9278,5000,1.6000068894139043,0.9184652278177458,834,1.606812055499409,0.9166,0.8044703724320831,0.08336967881189909,,,0.8509370860138254,,0.8509512574669946,0.14904874253300537,0.9709669967682648,0.4033668777026587,5,0.1,0.5,1.0,0.6168127451336066,0.6121072162404709,0.6103624675892756,0.6214407163561,0.6185139617840146,0.6212697187169114,0.6116187631456041,0.6135811388209649,0.6228992759750249,0.6150774076620436,0.6257613456131969
3,1,0.2481826101601788,0.92556,5000,1.5990187547825,0.9256594724220624,834,1.606994177205875,0.9163,0.8062176824951275,0.08319488859595624,,,0.815605569695551,,0.8156267255659856,0.1843732744340144,0.9705228663808888,0.40325253225498225,5,0.1,0.5,0.6168127451336066,1.0,0.6196904441311094,0.6196504106161949,0.6161530288866333,0.6186765630240536,0.6199631474702558,0.6180287080347578,0.6277754501727169,0.6227976132498672,0.6127589662931986,0.6156288122523571
3,2,0.2504349911365967,0.925,5000,1.6032516868026168,0.9328537170263789,834,1.6070582192545881,0.9163,0.806848975340192,0.08338984157284968,,,0.8550127198455266,,0.855032377892676,0.14496762210732395,0.9709247094291883,0.40337768730955603,5,0.1,0.5,0.6121072162404709,0.6196904441311094,1.0,0.6251814814122694,0.6225607809560243,0.6222759229138968,0.6280430938601357,0.6254110895611112,0.6198981440255564,0.616693937764868,0.6115283605690303,0.6092985727335269
3,3,0.24327303378302959,0.92708,5000,1.616351149700306,0.9088729016786571,834,1.6065897903503321,0.9169,0.8091603715186567,0.08377048090132755,,,0.9319538951450056,,0.9319712865819989,0.0680287134180011,0.9712314560007318,0.40347781161811924,5,0.1,0.5,0.6103624675892756,0.6196504106161949,0.6251814814122694,1.0,0.6213204395898599,0.6331918510373751,0.6261390736127991,0.6251248174421017,0.628451303709968,0.6197899489378913,0.6092138062838033,0.6146841136573407
3,4,0.24911076201802226,0.9246,5000,1.6051571236716375,0.9087635054021609,833,1.6070066035365145,0.9164,0.8057225940026488,0.08336987882946663,,,0.8509775169035823,,0.8509964359218914,0.14900356407810855,0.9709354273765526,0.403366932956833,5,0.1,0.5,0.6214407163561,0.6161530288866333,0.6225607809560243,0.6213204395898599,1.0,0.621436625928493,0.6194822518142945,0.6237893638827278,0.6193100301094149,0.6240604267930336,0.5989050317404783,0.6132699464828397
3,5,0.2325344539538121,0.93016,5000,1.6259027322133381,0.9027611044417767,833,1.6067007018354373,0.917,0.8102112526311964,0.08360364712118355,,,0.8982306664516779,,0.898243060087345,0.101756939912655,0.971142894341352,0.4034518439811,5,0.1,0.5,0.6185139617840146,0.6186765630240536,0.6222759229138968,0.6331918510373751,0.621436625928493,1.0,0.6299558655126154,0.62518501911388,0.6266575116858748,0.6182473006284441,0.617195353077764,0.6132428593861641
3,6,0.2461429832218464,0.9272,5000,1.596070267536022,0.9195678271308524,833,1.6066000164507297,0.9169,0.8115100585434398,0.08385975763943258,,,0.9499999997978632,,0.9500025099141609,0.04999749008583909,0.971242740935949,0.4034836224777354,5,0.1,0.5,0.6212697187169114,0.6199631474702558,0.6280430938601357,0.6261390736127991,0.6194822518142945,0.6299558655126154,1.0,0.6300937764726816,0.6226510176015992,0.6263095496246008,0.615134916398992,0.6167746336571716
3,7,0.24386974794635918,0.92644,5000,1.6077868320323803,0.9159663865546218,833,1.6077561481311298,0.9163,0.8098279048373698,0.08321977576595807,,,0.8206361799519221,,0.8206565935445008,0.17934340645549918,0.970423662075046,0.4032723876601556,5,0.1,0.5,0.6116187631456041,0.6180287080347578,0.6254110895611112,0.6251248174421017,0.6237893638827278,0.62518501911388,0.6300937764726816,1.0,0.6244544834505307,0.6227998238285197,0.6182335834981371,0.6187470424329863
3,8,0.23722132400544302,0.92788,5000,1.625674115286933,0.9099639855942377,833,1.6081483889692507,0.9162,0.810575598184059,0.08321452184423808,,,0.819574169587192,,0.8195873701119422,0.18041262988805784,0.9703182708864918,0.4032683774947499,5,0.1,0.5,0.6135811388209649,0.6277754501727169,0.6198981440255564,0.628451303709968,0.6193100301094149,0.6266575116858748,0.6226510176015992,0.6244544834505307,1.0,0.6244214756911235,0.6251446329524437,0.618650274184329
3,9,0.2675591399638089,0.92008,5000,1.5900888354689986,0.921968787515006,833,1.6070129779961924,0.9164,0.8075269340565152,0.08334555634821451,,,0.8460610509639729,,0.8460820239947794,0.1539179760052206,0.9708098123509543,0.40335439453527755,5,0.1,0.5,0.6228992759750249,0.6227976132498672,0.616693937764868,0.6197899489378913,0.6240604267930336,0.6182473006284441,0.6263095496246008,0.6227998238285197,0.6244214756911235,1.0,0.6088314519574197,0.6129570713063346
3,10,0.25672535325940343,0.92324,5000,1.59293712510003,0.9231692677070829,833,1.6073618632155104,0.9166,0.7995566297314051,0.0830390017567586,,,0.7840951194497765,,0.7841072235329551,0.21589277646704486,0.9703443094245195,0.40309510359467793,5,0.1,0.5,0.6150774076620436,0.6127589662931986,0.6115283605690303,0.6092138062838033,0.5989050317404783,0.617195353077764,0.615134916398992,0.6182335834981371,0.6251446329524437,0.6088314519574197,1.0,0.6109575897782286
3,11,0.24874278008522596,0.92452,5000,1.6132142278883193,0.9099639855942377,833,1.6112812369014509,0.9154,0.8019895153626775,0.08262297081271548,,,0.7,,0.7,0.30000000000000004,0.9688405734144651,0.4023403454809241,5,0.1,0.5,0.6257613456131969,0.6156288122523571,0.6092985727335269,0.6146841136573407,0.6132699464828397,0.6132428593861641,0.6167746336571716,0.6187470424329863,0.618650274184329,0.6129570713063346,0.6109575897782286,1.0
4,0,0.2216151296261959,0.93364,5000,1.3475856957612213,0.9412470023980816,834,1.3587997172968076,0.9343,0.7939843523568257,0.08327169029643672,,,0.8184589344338147,,0.8184729682244867,0.18152703177551333,0.9707153011420339,0.39799892409062104,5,0.1,0.5,1.0,0.5968313490397523,0.5990353184877568,0.6009243074942376,0.5978954477364076,0.5915716101010684,0.6023495829422669,0.5940679616346498,0.5969530813208409,0.6007492917366565,0.59747111328406,0.6103803752927881
4,1,0.22632011086768974,0.9306,5000,1.348767430694015,0.9436450839328537,834,1.3590052626765192,0.9344,0.7966807899497699,0.08324981924459769,,,0.8131886693425611,,0.8132021484865217,0.18679785151347827,0.9705738153047612,0.39797759717062575,5,0.1,0.5,0.5968313490397523,1.0,0.5976148436130224,0.6055328769563632,0.5958927892258237,0.6071138129758625,0.6031754788729055,0.5986058300082554,0.6087846426718583,0.6090338237354226,0.5928600737422957,0.5992327339652856
4,2,0.23175526145655828,0.93064,5000,1.3498702623226024,0.9484412470023981,834,1.358990082344689,0.9346,0.7977388572837366,0.0834165782412301,,,0.8533725674501059,,0.8533808543747804,0.1466191456252196,0.9709534850993723,0.39810963668675164,5,0.1,0.5,0.5990353184877568,0.5976148436130224,1.0,0.6095470627518742,0.5989947395308868,0.6029933710866168,0.6021009495898862,0.6031390075765629,0.6136407242910474,0.596579951227829,0.600603542495933,0.5996421869470608
4,3,0.21644712496596347,0.934,5000,1.3712418565043696,0.9256594724220624,834,1.3583589723696723,0.9346,0.7999218440295583,0.08374627184995845,,,0.9328188021204483,,0.932829677225039,0.06717032277496104,0.9712715532120347,0.39821084485475866,5,0.1,0.5,0.6009243074942376,0.6055328769563632,0.6095470627518742,1.0,0.6068252018259574,0.6075504741412817,0.6073425125595556,0.6020399961369659,0.6070520671980765,0.6029482843476249,0.5953235871443073,0.5978000952874059
4,4,0.23419517357922665,0.93016,5000,1.3577885892656114,0.9279711884753902,833,1.3590963366694344,0.9345,0.7914914922498869,0.08318452986939512,,,0.7974558953775751,,0.7974700065257768,0.20252999347422318,0.9705234090026614,0.39790381377972234,5,0.1,0.5,0.5978954477364076,0.5958927892258237,0.5989947395308868,0.6068252018259574,1.0,0.5876633673817374,0.6009045308887742,0.5966409611659179,0.5986686049765662,0.6035572682355314,0.5902942705919437,0.5868351208299192
4,5,0.21794079025009067,0.93676,5000,1.3804217356222648,0.9279711884753902,833,1.358590410540279,0.9345,0.7946188206558629,0.08344957405396672,,,0.8613235650200111,,0.8613372822649465,0.13866271773505345,0.9710671936105659,0.39812767666695115,5,0.1,0.5,0.5915716101010684,0.6071138129758625,0.6029933710866168,0.6075504741412817,0.5876633673817374,1.0,0.6025374065038775,0.5980217398743112,0.6025598629385099,0.5994817521687763,0.5942054078395171,0.5993385519766063
4,6,0.2266640726387928,0.93324,5000,1.3487814002566867,0.936374549819928,833,1.3583494337222066,0.9345,0.8002617212421026,0.08381757203272033,,,0.94999999975903,,0.9500025099141609,0.04999749008583909,0.9712971014657431,0.3982162006977856,5,0.1,0.5,0.6023495829422669,0.6031754788729055,0.6021009495898862,0.6073425125595556,0.6009045308887742,0.6025374065038775,1.0,0.6054348265581215,0.6061798621772395,0.6061195186500308,0.6052538020008341,0.6044295261860885
4,7,0.2255457527959233,0.93376,5000,1.3607542205739904,0.9255702280912365,833,1.3599249078823736,0.9343,0.7950267799321317,0.08320845829793035,,,0.8032219263177397,,0.803237789267607,0.19676221073239297,0.9705180221653793,0.39793264687672253,5,0.1,0.5,0.5940679616346498,0.5986058300082554,0.6031390075765629,0.6020399961369659,0.5966409611659179,0.5980217398743112,0.6054348265581215,1.0,0.6051601345296004,0.6001312292258622,0.6041695487909432,0.591338778046668
4,8,0.21662019963678755,0.93484,5000,1.3844628908016063,0.9351740696278511,833,1.3602459796320516,0.9343,0.8012548902956228,0.08342305499727459,,,0.8549332706818072,,0.8549420209828824,0.1450579790171176,0.9707071800076392,0.3981132740470516,5,0.1,0.5,0.5969530813208409,0.6087846426718583,0.6136407242910474,0.6070520671980765,0.5986686049765662,0.6025598629385099,0.6061798621772395,0.6051601345296004,1.0,0.6093763941012407,0.6074380242715764,0.6025530210321919
4,9,0.2485991236638088,0.92456,5000,1.3382487297058105,0.9339735894357744,833,1.3589365646100273,0.9346,0.7986919871342169,0.08342049005651597,,,0.8543151971734646,,0.8543245820992922,0.14567541790070782,0.9708800188803077,0.3981119662085806,5,0.1,0.5,0.6007492917366565,0.6090338237354226,0.596579951227829,0.6029482843476249,0.6035572682355314,0.5994817521687763,0.6061195186500308,0.6001312292258622,0.6093763941012407,1.0,0.6002181820466653,0.6050914779660568
4,10,0.23175688054483787,0.93308,5000,1.3430920309490628,0.9387755102040817,833,1.3598117428465772,0.9342,0.7934184152629541,0.08303186301761532,,,0.7606677799522821,,0.7606847045831032,0.23931529541689678,0.9699513847321201,0.39767418327740506,5,0.1,0.5,0.59747111328406,0.5928600737422957,0.600603542495933,0.5953235871443073,0.5902942705919437,0.5942054078395171,0.6052538020008341,0.6041695487909432,0.6074380242715764,0.6002181820466653,1.0,0.5964889008847707
4,11,0.22776350421937788,0.932,5000,1.3678748784241852,0.9267707082833133,833,1.3647736093868463,0.9331,0.7941332945961028,0.08278009804235877,,,0.7,,0.7,0.30000000000000004,0.9686666934458933,0.3970698020049139,5,0.1,0.5,0.6103803752927881,0.5992327339652856,0.5996421869470608,0.5978000952874059,0.5868351208299192,0.5993385519766063,0.6044295261860885,0.591338778046668,0.6025530210321919,0.6050914779660568,0.5964889008847707,1.0
5,0,0.20659594517379146,0.93872,5000,1.0946702868850142,0.947242206235012,834,1.1095637191598788,0.9436,0.7814687229404326,0.08323167727452715,,,0.8075911874636845,,0.807610059735957,0.192389940264043,0.9689815789843527,0.391313941394806,5,0.1,0.5,1.0,0.5802406276698341,0.5754576085898164,0.5740218155015606,0.5793589313978296,0.5761522000037452,0.5845156695465449,0.5638116499997389,0.5747832158196695,0.5814704065134154,0.5743968630979539,0.580556983472092
5,1,0.20562275353475076,0.93772,5000,1.0972470817742523,0.9544364508393285,834,1.1095109176331055,0.9435,0.791024953127121,0.08355355247272049,,,0.8817377444441543,,0.8817529240499975,0.1182470759500025,0.9690716312627262,0.39153842019409824,5,0.1,0.5,0.5802406276698341,1.0,0.5841062668399677,0.58384364910424,0.5872056437468816,0.5850558669866,0.5973826094207545,0.5748897010820034,0.5926054705185311,0.5884061732806357,0.5821100900713291,0.5787177297090486
5,2,0.21493416607712104,0.93452,5000,1.0961618467613503,0.9532374100719424,834,1.109603924873157,0.9435,0.7820969865351964,0.08335073880255785,,,0.8350179740625294,,0.8350384016866623,0.16496159831333768,0.9692221661900849,0.3914249194986938,5,0.1,0.5,0.5754576085898164,0.5841062668399677,1.0,0.5798511689691715,0.5731370127631507,0.5795703542378318,0.5783063990066999,0.5716414516071305,0.5838000646986529,0.5747778174612901,0.5746753449497988,0.5745744463173451
5,3,0.2062001578936911,0.93824,5000,1.123765199272721,0.9376498800959233,834,1.1088446614841303,0.9436,0.7827736229494783,0.08359514908144744,,,0.8913198599239386,,0.8913307564881281,0.1086692435118719,0.9695774957519622,0.3915516220098856,5,0.1,0.5,0.5740218155015606,0.58384364910424,0.5798511689691715,1.0,0.5827660206187113,0.5813167432169376,0.5812806662271227,0.5730360077991471,0.5865900155045118,0.5723072261226224,0.5699550581733849,0.5695741273877369
5,4,0.21032948560811057,0.93624,5000,1.1093607081307306,0.9351740696278511,833,1.109934761691779,0.9436,0.781228069369256,0.08316488779964261,,,0.7922056913676228,,0.7922192661010994,0.20778073389890062,0.9687692950442698,0.3912317643267466,5,0.1,0.5,0.5793589313978296,0.5872056437468816,0.5731370127631507,0.5827660206187113,1.0,0.5773405126876341,0.5798554798311989,0.5707965429135867,0.5751640291685625,0.5861909063987104,0.5682420477431442,0.5627430314765842
5,5,0.19628016653049524,0.94136,5000,1.1320791023748893,0.9411764705882353,833,1.1091694490978132,0.9437,0.782210062589119,0.08337679665750179,,,0.8410206118464741,,0.8410421163596205,0.15895788364037955,0.9692679675128417,0.39144455931590616,5,0.1,0.5,0.5761522000037452,0.5850558669866,0.5795703542378318,0.5813167432169376,0.5773405126876341,1.0,0.5806179065107244,0.5737898244650356,0.5764083041877777,0.5785763104150432,0.5695003850198552,0.5724283191193714
5,6,0.20893771617708928,0.93728,5000,1.0999184493665342,0.9411764705882353,833,1.1088173244707882,0.9436,0.7886529221652816,0.08384988352107656,,,0.9499999997696419,,0.9500025099141609,0.04999749008583909,0.9696526661567685,0.39159181518839065,5,0.1,0.5,0.5845156695465449,0.5973826094207545,0.5783063990066999,0.5812806662271227,0.5798554798311989,0.5806179065107244,1.0,0.5789012590022615,0.5840137052566733,0.5871088278140331,0.5862823378498313,0.5712597952316292
5,7,0.21015363756009633,0.93772,5000,1.1128407937509042,0.9327731092436975,833,1.111001526585783,0.9435,0.7772631576622222,0.08304127890722808,,,0.7637313825791541,,0.7637467998594448,0.23625320014055518,0.9685306842376327,0.3910440342030297,5,0.1,0.5,0.5638116499997389,0.5748897010820034,0.5716414516071305,0.5730360077991471,0.5707965429135867,0.5737898244650356,0.5789012590022615,1.0,0.5820692137644894,0.577761363307765,0.5716172064670847,0.5671786790130677
5,8,0.20008318627336222,0.94076,5000,1.1417603757646348,0.9423769507803121,833,1.110822533266232,0.9434,0.7880880998776225,0.08356604009158991,,,0.8846143685184815,,0.8846242658501079,0.1153757341498921,0.9693736020479703,0.3915427515675958,5,0.1,0.5,0.5747832158196695,0.5926054705185311,0.5838000646986529,0.5865900155045118,0.5751640291685625,0.5764083041877777,0.5840137052566733,0.5820692137644894,1.0,0.585751538579952,0.5855944184009478,0.5794172111416355
5,9,0.22486913864542343,0.93248,5000,1.0853082140286763,0.9375750300120048,833,1.1094438386039611,0.9435,0.7859408870216145,0.08348871315601443,,,0.8668014830679889,,0.8668189347924301,0.1331810652075699,0.9693034700450172,0.3915118115103724,5,0.1,0.5,0.5814704065134154,0.5884061732806357,0.5747778174612901,0.5723072261226224,0.5861909063987104,0.5785763104150432,0.5871088278140331,0.577761363307765,0.585751538579952,1.0,0.5743722568163679,0.5793385784124878
5,10,0.2131396347739894,0.93692,5000,1.0924659834967718,0.9543817527010804,833,1.1108685162501595,0.9433,0.7799194927313977,0.08301666555304084,,,0.7580614972354918,,0.758079413684052,0.24192058631594804,0.9683198006046327,0.39100049388121,5,0.1,0.5,0.5743968630979539,0.5821100900713291,0.5746753449497988,0.5699550581733849,0.5682420477431442,0.5695003850198552,0.5862823378498313,0.5716172064670847,0.5855944184009478,0.5743722568163679,1.0,0.5746549460121883
5,11,0.2120216510288275,0.93656,5000,1.1204450020083674,0.9423769507803121,833,1.1166513501264799,0.943,0.7775452899383642,0.08276461668265299,,,0.7,,0.7,0.30000000000000004,0.9671264197633423,0.39039958136826286,5,0.1,0.5,0.580556983472092,0.5787177297090486,0.5745744463173451,0.5695741273877369,0.5627430314765842,0.5724283191193714,0.5712597952316292,0.5671786790130677,0.5794172111416355,0.5793385784124878,0.5746549460121883,1.0
6,0,0.19080367485820582,0.94216,5000,0.8610695247296933,0.9532374100719424,834,0.8789319074191986,0.9497,0.7685772993355169,0.08319654239173517,,,0.8080058890602397,,0.8080267054866723,0.19197329451332767,0.9675676480919524,0.3849677932375405,5,0.1,0.5,1.0,0.5528196469381362,0.5586674600536405,0.5587342645652494,0.5488216287665759,0.5529490915955027,0.5591494830899011,0.5533061428791309,0.5516161782871277,0.5574310627312522,0.5468085872704002,0.5666860139496707
6,1,0.1959697632439387,0.94088,5000,0.8642492360538907,0.9580335731414868,834,0.8786543655319335,0.95,0.7683863888807507,0.08340629577377305,,,0.854343024232342,,0.8543496812409016,0.1456503187590984,0.9680950867925897,0.38513957212003164,5,0.1,0.5,0.5528196469381362,1.0,0.5565349676743093,0.5567352012752814,0.5485080753260471,0.5573850919570126,0.5625504419814447,0.5572707758461299,0.5595273620776149,0.5560213901730328,0.5387329337785124,0.5572935889956456
6,2,0.19497184106237758,0.94216,5000,0.8608452125831887,0.9568345323741008,834,0.8786371226508778,0.9499,0.7765940901918246,0.08356044941437915,,,0.8883974838679275,,0.8884041965764771,0.11159580342352293,0.9680079556404042,0.3852079773063864,5,0.1,0.5,0.5586674600536405,0.5565349676743093,1.0,0.5717245798395109,0.5583672002727489,0.5652569963310422,0.5664243214017226,0.5651134929221273,0.5665881401909758,0.5588226526013216,0.5531811321569465,0.5596937949336583
6,3,0.18446437715060393,0.94468,5000,0.8936696251233419,0.9448441247002398,834,0.8778854578066939,0.9499,0.7756889743173022,0.08369281024783437,,,0.9176376409119698,,0.9176547362080217,0.08234526379197826,0.968265700173517,0.38523989634380246,5,0.1,0.5,0.5587342645652494,0.5567352012752814,0.5717245798395109,1.0,0.5662061338031198,0.5677520323551656,0.5636071935688854,0.5626102562420219,0.5635706896698268,0.5601408655765233,0.5463070234477281,0.5533206328291931
6,4,0.196926941754071,0.93924,5000,0.8790464864836799,0.9459783913565426,833,0.8794310016753956,0.9498,0.7655614470970868,0.08304484534789894,,,0.7744941222550762,,0.7744992721248933,0.22550072787510667,0.9672582097534257,0.38475998341860734,5,0.1,0.5,0.5488216287665759,0.5485080753260471,0.5583672002727489,0.5662061338031198,1.0,0.5502068458191444,0.5594417693701724,0.5523735064617671,0.5534576122303289,0.5585899301582209,0.5403607425240314,0.542922835780969
6,5,0.18091093946476675,0.94708,5000,0.9004772283412792,0.9459783913565426,833,0.8783532333450196,0.9499,0.7710139286350343,0.08338042245579258,,,0.8486272859640773,,0.8486421364389338,0.15135786356106617,0.9679621905507011,0.38512406236208513,5,0.1,0.5,0.5529490915955027,0.5573850919570126,0.5652569963310422,0.5677520323551656,0.5502068458191444,1.0,0.5608843812334747,0.5634155406495995,0.5575525840632448,0.5568299405762611,0.5423666967529814,0.5540083540517231
6,6,0.19363711883141926,0.9426,5000,0.8703160926147744,0.9507803121248499,833,0.8778620428932361,0.9498,0.7749869076315955,0.08383930428977049,,,0.9499999997790876,,0.9500025099141609,0.04999749008583909,0.9683821875304272,0.38525526615766825,5,0.1,0.5,0.5591494830899011,0.5625504419814447,0.5664243214017226,0.5636071935688854,0.5594417693701724,0.5608843812334747,1.0,0.5610142057023509,0.5569069726673562,0.5647757365247419,0.5508642569705193,0.5572896010665643
6,7,0.19123208813642145,0.94516,5000,0.8829058916480453,0.9411764705882353,833,0.8803248453064086,0.9497,0.7721611598924751,0.08319534900918281,,,0.8077422559874208,,0.8077556347572913,0.19224436524270871,0.9670540123286676,0.3849657733535153,5,0.1,0.5,0.5533061428791309,0.5572707758461299,0.5651134929221273,0.5626102562420219,0.5523735064617671,0.5634155406495995,0.5610142057023509,1.0,0.5656359866005192,0.5543554894111138,0.5536628219553044,0.5522481173948747
6,8,0.18823231284560007,0.94188,5000,0.9157927367422316,0.9495798319327731,833,0.8797658542855479,0.9499,0.7743205579948192,0.08362478365097982,,,0.9026097182004391,,0.9026303900406606,0.09736960995933941,0.9682352302137978,0.38522608266889785,5,0.1,0.5,0.5516161782871277,0.5595273620776149,0.5665881401909758,0.5635706896698268,0.5534576122303289,0.5575525840632448,0.5569069726673562,0.5656359866005192,1.0,0.5655866621179054,0.5559397546018694,0.5619285863711059
6,9,0.21219996338306812,0.9372,5000,0.8531932124385128,0.9423769507803121,833,0.8785586258093008,0.95,0.7712356779734367,0.08346355469350526,,,0.8669922329252482,,0.8670046684403393,0.1329953315596607,0.9681162465277442,0.38516986290238203,5,0.1,0.5,0.5574310627312522,0.5560213901730328,0.5588226526013216,0.5601408655765233,0.5585899301582209,0.5568299405762611,0.5647757365247419,0.5543554894111138,0.5655866621179054,1.0,0.5410243643221984,0.5564692952727801
6,10,0.20540290985814041,0.93944,5000,0.8615800970130496,0.957983193277311,833,0.8809983806488232,0.9497,0.7588527673788572,0.08270763429618176,,,0.7,,0.7,0.30000000000000004,0.9658216617718028,0.38399391405132216,5,0.1,0.5,0.5468085872704002,0.5387329337785124,0.5531811321569465,0.5463070234477281,0.5403607425240314,0.5423666967529814,0.5508642569705193,0.5536628219553044,0.5559397546018694,0.5410243643221984,1.0,0.5490116375075463
6,11,0.19379149784758884,0.94108,5000,0.890020920170678,0.9519807923169268,833,0.8859387150587746,0.9491,0.7687365645516695,0.08288800842896636,,,0.739846893009245,,0.739852417047337,0.26014758295266305,0.9657019227133973,0.3844609359423845,5,0.1,0.5,0.5666860139496707,0.5572935889956456,0.5596937949336583,0.5533206328291931,0.542922835780969,0.5540083540517231,0.5572896010665643,0.5522481173948747,0.5619285863711059,0.5564692952727801,0.5490116375075463,1.0
7,0,0.17441807598006098,0.9482,5000,0.6591826798739256,0.9580335731414868,834,0.6776031926036262,0.9538,0.7546633799551865,0.08322013107481305,,,0.829969187738577,,0.829978414738216,0.17002158526178401,0.9646109457736792,0.37742835959564935,5,0.1,0.5,1.0,0.5312837157830962,0.5259344387879532,0.5272901515401522,0.5309476870349239,0.5297022719212541,0.5360491534806312,0.5247055908607564,0.533470410754118,0.5371664187671401,0.5219142293580974,0.5418270337270992
