round,client_id,client_i_training_loss,client_i_training_accuracy,client_i_training_dataset_size,client_i_evaluation_loss,client_i_evaluation_accuracy,client_i_evaluation_dataset_size,client_i_central_evaluation_loss,client_i_central_evaluation_accuracy,client_i_cosine_similarity,client_i_importance_coefficient,client_i_tanh_val,tanh_normalization_value,client_i_q,client_i_mask_order,client_i_v_nonzero_fraction,client_i_v_sparsity,client_i_v_cosine_similarity,client_i_reward_gradient_norm,local_epochs,learning_rate,gamma,client_0_cosine_similarity,client_1_cosine_similarity,client_2_cosine_similarity,client_3_cosine_similarity,client_4_cosine_similarity,client_5_cosine_similarity,client_6_cosine_similarity,client_7_cosine_similarity,client_8_cosine_similarity,client_9_cosine_similarity,client_10_cosine_similarity,client_11_cosine_similarity
0,0,2.279979366967172,0.14466042716582672,4167,2.296447890145438,0.14028776978417265,834,2.2970986366271973,0.1618,0.9746929523869877,0.08304044427705927,,,0.7823195192407094,,0.7823521645128815,0.21764783548711852,0,0.14668618103156056,10,0.025,0.15,1.0,0.9602046438041391,0.9434382749893859,0.9369401398282583,0.9590829021516356,0.9461044592952803,0.955968749232035,0.9426506794842863,0.9547841696366487,0.9307790635160512,0.956919873305015,0.953646273806786
0,1,2.2808937202800403,0.16078713702903769,4167,2.297484738486154,0.15227817745803357,834,2.2971038516563707,0.1596,0.9816135066705587,0.08363005139481246,,,0.8824939493979218,,0.8825320592167154,0.1174679407832846,0,0.14671537146510324,10,0.025,0.15,0.9602046438041391,1.0,0.9523064202454473,0.9463776221636853,0.970793198982293,0.9625061141333069,0.959520043296816,0.9491026658927372,0.9516668750442231,0.9329677667064044,0.9647012611924657,0.9716025418038255
0,2,2.2809983080083676,0.1677945764338853,4167,2.2959860392979214,0.19544364508393286,834,2.297100036959105,0.1619,0.9725414011193324,0.08285713960381481,,,0.7511759990311995,,0.7512254295192355,0.24877457048076446,0,0.1466704496654128,10,0.025,0.15,0.9434382749893859,0.9523064202454473,1.0,0.9355370516270846,0.9625028394793516,0.9348708724867872,0.9391290369591803,0.9463738987869111,0.9486303235521986,0.9418120996960668,0.955015770457755,0.9556518781204901
0,3,2.280461712317033,0.14072474202063834,4167,2.292970452989851,0.18585131894484413,834,2.2971120333369774,0.1618,0.9655516534123472,0.08226163744741657,,,0.65,,0.6500140284860788,0.3499859715139212,0,0.14652445444955672,10,0.025,0.15,0.9369401398282583,0.9463776221636853,0.9355370516270846,1.0,0.9461194654110688,0.9313452650582127,0.939084720717708,0.9282669110346177,0.9271355165570911,0.9306840700905773,0.9487753580707641,0.9629587101351601
0,4,2.2794650691928284,0.17744180465562756,4167,2.2939396585736955,0.16926770708283315,833,2.2971026022222976,0.1596,0.9856782628041775,0.08397635445813817,,,0.9413309460789421,,0.9413774322919245,0.0586225677080755,0,0.14671928563106387,10,0.025,0.15,0.9590829021516356,0.970793198982293,0.9625028394793516,0.9461194654110688,1.0,0.9603920475685657,0.9589097196198887,0.9552908360508936,0.9564989600512394,0.9583122323060844,0.9728308842689439,0.9687310966650946
0,5,2.2808982220563023,0.16731461483081353,4167,2.2955929892403737,0.1524609843937575,833,2.2971042711523513,0.1595,0.9790802058446343,0.08341422298899806,,,0.8458246370487327,,0.8458681982472644,0.15413180175273555,0,0.1467100231311181,10,0.025,0.15,0.9461044592952803,0.9625061141333069,0.9348708724867872,0.9313452650582127,0.9603920475685657,1.0,0.9632099933749801,0.9585844444394306,0.964572936824929,0.9418120964923611,0.9649107810490407,0.9637111092717647
0,6,2.273055586670384,0.16042716582673386,4167,2.2924026421138217,0.16806722689075632,833,2.2971050377133526,0.1595,0.9766381382476345,0.08320616733648427,,,0.8104759178694629,,0.8105164133287122,0.18948358667128784,0,0.1467006941977784,10,0.025,0.15,0.955968749232035,0.959520043296816,0.9391290369591803,0.939084720717708,0.9589097196198887,0.9632099933749801,1.0,0.9544302210660246,0.9497384699116006,0.9241638045079512,0.9540506257336797,0.9651430407211365
0,7,2.2807502963326196,0.18339332853371731,4167,2.2977629729679654,0.15486194477791115,833,2.2971045910557613,0.1596,0.9786646219231959,0.08337881668654544,,,0.839809095401812,,0.839844201284019,0.16015579871598096,0,0.14670891672293837,10,0.025,0.15,0.9426506794842863,0.9491026658927372,0.9463738987869111,0.9282669110346177,0.9552908360508936,0.9585844444394306,0.9544302210660246,1.0,0.9710405362940867,0.9498901125548311,0.9693090780449551,0.9622073664555961
0,8,2.281366799816941,0.16790686509841574,4166,2.2979114736829485,0.15126050420168066,833,2.2971037520637996,0.1596,0.9806288125975104,0.08354615888989317,,,0.8682405870796792,,0.8682725157201565,0.1317274842798435,0,0.14671298733385887,10,0.025,0.15,0.9547841696366487,0.9516668750442231,0.9486303235521986,0.9271355165570911,0.9564989600512394,0.964572936824929,0.9497384699116006,0.9710405362940867,1.0,0.9548698060368626,0.9708948640315145,0.9603753501423343
0,9,2.277283030567747,0.1701632261161786,4166,2.3006492342267717,0.14165666266506602,833,2.29710054397583,0.162,0.9686493463992794,0.08252555009933309,,,0.6948388405108809,,0.6948721757356703,0.3051278242643297,0,0.14659881501022096,10,0.025,0.15,0.9307790635160512,0.9329677667064044,0.9418120996960668,0.9306840700905773,0.9583122323060844,0.9418120964923611,0.9241638045079512,0.9498901125548311,0.9548698060368626,1.0,0.9548461355215081,0.9494656146323524
0,10,2.2834315299987793,0.17042726836293806,4166,2.2990061896187917,0.1644657863145258,833,2.2971026142941247,0.1596,0.9868621785743396,0.08407721995767843,,,0.9584680253894364,,0.9585169414599528,0.04148305854004719,0,0.1467194926591314,10,0.025,0.15,0.956919873305015,0.9647012611924657,0.955015770457755,0.9487753580707641,0.9728308842689439,0.9649107810490407,0.9540506257336797,0.9693090780449551,0.9708948640315145,0.9548461355215081,1.0,0.9711144441483626
0,11,2.2810791051749026,0.1475036005760922,4166,2.302698850631714,0.14765906362545017,833,2.2971026203300378,0.1596,0.9869680150863219,0.08408623685982615,,,0.9599999998300996,,0.9600270667260814,0.0399729332739186,0,0.14671949868708004,10,0.025,0.15,0.953646273806786,0.9716025418038255,0.9556518781204901,0.9629587101351601,0.9687310966650946,0.9637111092717647,0.9651430407211365,0.9622073664555961,0.9603753501423343,0.9494656146323524,0.9711144441483626,1.0
1,0,2.1629788066401625,0.23460523158147348,4167,2.285423380987985,0.15827338129496402,834,2.285671140574202,0.1855,0.9830632096262983,0.08302045551983302,,,0.7520259839866608,,0.7520753907345975,0.2479246092654025,0.8748092794285255,0.14799740975246148,10,0.025,0.15,1.0,0.9732719458573177,0.968420581648849,0.9687427499330333,0.9684981394123929,0.9662303075405168,0.9603384148068894,0.9643042597591969,0.9698306109218027,0.9656734549015035,0.970502532357523,0.9695214528956677
1,1,2.167935316129164,0.22973362131029518,4167,2.2860088688986644,0.17865707434052758,834,2.2856441902208933,0.1849,0.9880976036449275,0.08354684594561626,,,0.8760497839654707,,0.8760954597217409,0.12390454027825915,0.8764972778116391,0.1480676157586387,10,0.025,0.15,0.9732719458573177,1.0,0.968315356666579,0.9696222721874297,0.9757958613401029,0.9772693577831836,0.9690051079100399,0.9759045096861216,0.9721224506539936,0.971378509097266,0.9751727790678334,0.9768167275944284
1,2,2.1621220126296534,0.22730981521478283,4167,2.283714771270752,0.21223021582733814,834,2.2856742732132536,0.1855,0.9871603479651612,0.08304037232273598,,,0.7567186179299524,,0.756754303444406,0.24324569655559403,0.87475482682021,0.14800017047855207,10,0.025,0.15,0.968420581648849,0.968315356666579,1.0,0.9708935740758988,0.9746263119032033,0.9718083894354198,0.9687249042921307,0.9755643278094541,0.9717348149969404,0.9708196468563498,0.9760051806872491,0.9769532817709305
1,3,2.167072224617004,0.22219822414206863,4167,2.281707763671875,0.21103117505995203,834,2.2857571764837337,0.1856,0.9845035169104203,0.08258742975251361,,,0.65,,0.6500140284860788,0.3499859715139212,0.87269291238933,0.14782008851078526,10,0.025,0.15,0.9687427499330333,0.9696222721874297,0.9708935740758988,1.0,0.9728566512793329,0.9700557724142043,0.9620129573114271,0.968669474594546,0.9656727554684739,0.9665973905330844,0.9752990763937457,0.972208124646424
1,4,2.156027977394335,0.24046076313894887,4167,2.282320805958339,0.1872749099639856,833,2.285641081725495,0.1849,0.9886888380645773,0.08377932474752049,,,0.9308245348241739,,0.9308560677328316,0.06914393226716842,0.8765389402476046,0.14807315754579278,10,0.025,0.15,0.9684981394123929,0.9757958613401029,0.9746263119032033,0.9728566512793329,1.0,0.9767454724710682,0.9685206240045369,0.9737102363284328,0.973171142944228,0.9734386047285469,0.9771072429385018,0.977166440098633
1,5,2.1585940953456992,0.2334053275737941,4167,2.2836380004882812,0.18607442977190877,833,2.2856465231014202,0.1849,0.9886541979597719,0.08343194711379678,,,0.8489782624533267,,0.8490122295390404,0.15098777046095957,0.8763204568280683,0.1480632099939796,10,0.025,0.15,0.9662303075405168,0.9772693577831836,0.9718083894354198,0.9700557724142043,0.9767454724710682,1.0,0.9709047794552816,0.9763547168470821,0.9738691085031399,0.9754678395016023,0.9748316374823389,0.977815065839248
1,6,2.143356032805009,0.23705303575713943,4167,2.280519417354039,0.1992797118847539,833,2.285675238959397,0.1848,0.9836897532814796,0.08314284763933674,,,0.7808630125586113,,0.7808998036011949,0.21910019639880507,0.8752201664397047,0.1480119017340253,10,0.025,0.15,0.9603384148068894,0.9690051079100399,0.9687249042921307,0.9620129573114271,0.9685206240045369,0.9709047794552816,1.0,0.97487883673485,0.9693218508518215,0.9604986623135267,0.9741895035594933,0.9740788828115574
1,7,2.160397829431476,0.240220782337413,4167,2.286240747996739,0.18007202881152462,833,2.2856469365614878,0.1849,0.988772394605614,0.08341396984441825,,,0.8447426055105715,,0.8447871796141341,0.15521282038586592,0.8763334987025813,0.14806256360432546,10,0.025,0.15,0.9643042597591969,0.9759045096861216,0.9755643278094541,0.968669474594546,0.9737102363284328,0.9763547168470821,0.97487883673485,1.0,0.9768003248133129,0.9703696805762502,0.9776171190179557,0.9785321160675193
1,8,2.167986437768647,0.228612578012482,4166,2.286268983568464,0.1872749099639856,833,2.2856451650209064,0.1849,0.9873328550166752,0.08347037826180875,,,0.8580330947233104,,0.8580647290851776,0.1419352709148224,0.8763788779065759,0.14806439388052522,10,0.025,0.15,0.9698306109218027,0.9721224506539936,0.9717348149969404,0.9656727554684739,0.973171142944228,0.9738691085031399,0.9693218508518215,0.9768003248133129,1.0,0.9728940444305397,0.9754176817705597,0.9748197365777003
1,9,2.1455734794790096,0.22926068170907346,4166,2.2908827236720493,0.15726290516206481,833,2.2857272232635113,0.1855,0.9853481946223168,0.08277737521466516,,,0.6947533937755681,,0.694797907279959,0.30520209272004095,0.8729065364101961,0.14790006252554294,10,0.025,0.15,0.9656734549015035,0.971378509097266,0.9708196468563498,0.9665973905330844,0.9734386047285469,0.9754678395016023,0.9604986623135267,0.9703696805762502,0.9728940444305397,1.0,0.9714409077051472,0.97392233540785
1,10,2.169547669092814,0.2287325972155545,4166,2.286928108760289,0.19447779111644659,833,2.28564063808586,0.1849,0.9900598025456,0.08388590035559078,,,0.9559350065396531,,0.9559670578138667,0.044032942186133295,0.8765344537793119,0.14807403032129904,10,0.025,0.15,0.970502532357523,0.9751727790678334,0.9760051806872491,0.9752990763937457,0.9771072429385018,0.9748316374823389,0.9741895035594933,0.9776171190179557,0.9754176817705597,0.9714409077051472,1.0,0.9802695063073072
1,11,2.16980401133046,0.23060489678348536,4166,2.2920375210898265,0.1716686674669868,833,2.28564064713973,0.1849,0.9904206615784948,0.08390315328216406,,,0.9599999997643882,,0.9600270667260814,0.0399729332739186,0.8765320498264811,0.14807406283083163,10,0.025,0.15,0.9695214528956677,0.9768167275944284,0.9769532817709305,0.972208124646424,0.977166440098633,0.977815065839248,0.9740788828115574,0.9785321160675193,0.9748197365777003,0.97392233540785,0.9802695063073072,1.0
2,0,2.0725815697149796,0.26885049196064315,4167,2.2680529185703824,0.19544364508393286,834,2.2680039677438857,0.2085,0.9794062306078818,0.08299997108627512,,,0.96,,0.9600270667260814,0.0399729332739186,0.9678590587778829,0.14756053953670215,10,0.025,0.15,1.0,0.9613936824173487,0.9633123438700704,0.9607432480573953,0.9626087210558063,0.9599294354489378,0.9498160289561631,0.9587485218201656,0.9631518027727973,0.9597012189537001,0.9624987173066559,0.9599581568839703
2,1,2.0761333685932737,0.26205903527717783,4167,2.2682795183999196,0.20023980815347722,834,2.267972101139117,0.2071,0.9826959887784067,0.08343143598460512,,,0.96,,0.9600270667260814,0.0399729332739186,0.9684461334871086,0.14756053953670215,10,0.025,0.15,0.9613936824173487,1.0,0.9599708424207836,0.9606338237309013,0.9659868920249064,0.9693167082982856,0.9595953714876565,0.9687381438173095,0.9625688950373766,0.9614547746119285,0.9650582813740732,0.9656631928711152
2,2,2.0702354763493394,0.25889128869690425,4167,2.26483838898795,0.23741007194244604,834,2.268010851703113,0.2083,0.9837975875944822,0.08315480997945396,,,0.96,,0.9600270667260814,0.0399729332739186,0.9678707443566164,0.14756053953670215,10,0.025,0.15,0.9633123438700704,0.9599708424207836,1.0,0.9642112052433554,0.9670440060603477,0.9651322232557414,0.9615960858777449,0.9683019857668635,0.9650263557375011,0.9629683299083844,0.9681004920014948,0.9679778165246711
2,3,2.080716758785826,0.25826733861291096,4167,2.26436379977635,0.22182254196642687,834,2.2681191359894184,0.2084,0.9823429622947172,0.08282821982277999,,,0.96,,0.9600270667260814,0.0399729332739186,0.9661941945078606,0.14756053953670215,10,0.025,0.15,0.9607432480573953,0.9606338237309013,0.9642112052433554,1.0,0.9665878390984028,0.9659544785250713,0.9556875541618682,0.9648898653284074,0.9618918801159532,0.9617272264390053,0.9679097259590282,0.9664164486692419
2,4,2.0635799527168275,0.2695224382049436,4167,2.2646070548466275,0.20408163265306123,833,2.2679695630375343,0.2074,0.9852945284291701,0.08365918114401306,,,0.96,,0.9600270667260814,0.0399729332739186,0.968505804121522,0.14756053953670215,10,0.025,0.15,0.9626087210558063,0.9659868920249064,0.9670440060603477,0.9665878390984028,1.0,0.9711739903831417,0.9627253704937584,0.9655334834515096,0.9658650659267821,0.9665120977512066,0.9685991660964598,0.9684013878906382
2,5,2.0673057559764745,0.26414686825053996,4167,2.265421152114868,0.22208883553421369,833,2.267976778971998,0.2073,0.9861997919974448,0.08347431004221376,,,0.96,,0.9600270667260814,0.0399729332739186,0.9683911569032091,0.14756053953670215,10,0.025,0.15,0.9599294354489378,0.9693167082982856,0.9651322232557414,0.9659544785250713,0.9711739903831417,1.0,0.9633397033760809,0.9702508008773725,0.9679255769735396,0.9687507755434601,0.9687559357636507,0.9712718062914296
2,6,2.0511893554167315,0.2744180465562755,4167,2.262497935976301,0.22809123649459784,833,2.2680052564113953,0.2075,0.9805718332688631,0.08311329941543616,,,0.96,,0.9600270667260814,0.0399729332739186,0.9680067613767972,0.14756053953670215,10,0.025,0.15,0.9498160289561631,0.9595953714876565,0.9615960858777449,0.9556875541618682,0.9627253704937584,0.9633397033760809,1.0,0.9692141074039626,0.9624694775355316,0.9552345997943463,0.9694735039632137,0.9662169626493018
2,7,2.063844821669839,0.26981041516678667,4167,2.2682821410042897,0.19807923169267708,833,2.2679773040964633,0.2072,0.9856494214978928,0.08344535547886424,,,0.96,,0.9600270667260814,0.0399729332739186,0.9683826455856324,0.14756053953670215,10,0.025,0.15,0.9587485218201656,0.9687381438173095,0.9683019857668635,0.9648898653284074,0.9655334834515096,0.9702508008773725,0.9692141074039626,1.0,0.9681195688641089,0.9605309674530158,0.9702544434799837,0.9707099403951768
2,8,2.0767154494921365,0.257177148343735,4166,2.2683221953255788,0.20528211284513806,833,2.2679745487019987,0.2072,0.9842073437316216,0.08343333403363885,,,0.96,,0.9600270667260814,0.0399729332739186,0.9684058524771403,0.14756053953670215,10,0.025,0.15,0.9631518027727973,0.9625688950373766,0.9650263557375011,0.9618918801159532,0.9658650659267821,0.9679255769735396,0.9624694775355316,0.9681195688641089,1.0,0.96555360916309,0.9684651650152921,0.9672578475284501
2,9,2.052408875841083,0.2626020163226116,4166,2.2753546237945557,0.18007202881152462,833,2.2680734803404987,0.2085,0.9818848814649741,0.08293050538167454,,,0.96,,0.9600270667260814,0.0399729332739186,0.9668909770794955,0.14756053953670215,10,0.025,0.15,0.9597012189537001,0.9614547746119285,0.9629683299083844,0.9617272264390053,0.9665120977512066,0.9687507755434601,0.9552345997943463,0.9605309674530158,0.96555360916309,1.0,0.9629842237872887,0.9657616599432964
2,10,2.076764275449695,0.2608977436389822,4166,2.268554721559797,0.20768307322929172,833,2.2679688749434073,0.2074,0.9864624509676755,0.08376282935365624,,,0.96,,0.9600270667260814,0.0399729332739186,0.9685356828840079,0.14756053953670215,10,0.025,0.15,0.9624987173066559,0.9650582813740732,0.9681004920014948,0.9679097259590282,0.9685991660964598,0.9687559357636507,0.9694735039632137,0.9702544434799837,0.9684651650152921,0.9629842237872887,1.0,0.97265967555111
2,11,2.0786017753861166,0.26481036965914545,4166,2.2753795215061734,0.19207683073229292,833,2.2679689262486713,0.2074,0.9862553669007046,0.08376674827738918,,,0.96,,0.9600270667260814,0.0399729332739186,0.9685379514931279,0.14756053953670215,10,0.025,0.15,0.9599581568839703,0.9656631928711152,0.9679778165246711,0.9664164486692419,0.9684013878906382,0.9712718062914296,0.9662169626493018,0.9707099403951768,0.9672578475284501,0.9657616599432964,0.97265967555111,1.0
3,0,2.0125395186019666,0.28783297336213104,4167,2.244393518992833,0.23860911270983212,834,2.2442450191401226,0.2476,0.9756228095831334,0.08298699493969902,,,0.96,,0.9600270667260814,0.0399729332739186,0.9826318213587157,0.14699173850648267,10,0.025,0.15,1.0,0.948949405811614,0.9572281893261855,0.9563610658497681,0.9547492987111965,0.9490722200900794,0.9407723079248118,0.9514229952668631,0.9560747552439439,0.9523179279064098,0.9553710495695656,0.9505781255079464
3,1,2.0130364356618937,0.28363330933525316,4167,2.244288546698434,0.23980815347721823,834,2.2442081789427166,0.2475,0.9774960380485015,0.08331441006317937,,,0.96,,0.9600270667260814,0.0399729332739186,0.9826318213587157,0.14699173850648267,10,0.025,0.15,0.948949405811614,1.0,0.9485275510775978,0.9536617394467459,0.9570654557656901,0.9584436630084778,0.9505005233684879,0.959355583033454,0.9528368735195945,0.9518888790935836,0.9567384647110114,0.9566113746034198
3,2,2.0050487518310547,0.2867050635949124,4167,2.2397925513131276,0.27697841726618705,834,2.244256469267833,0.2476,0.9800909447260593,0.08322790006402071,,,0.96,,0.9600270667260814,0.0399729332739186,0.9826318213587157,0.14699173850648267,10,0.025,0.15,0.9572281893261855,0.9485275510775978,1.0,0.9586123295863707,0.9607645691650861,0.9543967352190255,0.9533085159553276,0.9600240856390195,0.9572510605045809,0.9553525502869366,0.9599401315499333,0.9598989985755688
3,3,2.0208606152823476,0.2790256779457643,4167,2.240873030253819,0.25539568345323743,834,2.2443925851508033,0.2492,0.9805664926602652,0.08304162585835155,,,0.96,,0.9600270667260814,0.0399729332739186,0.9826318213587157,0.14699173850648267,10,0.025,0.15,0.9563610658497681,0.9536617394467459,0.9586123295863707,1.0,0.9611215055781818,0.957800356571374,0.9495612849230834,0.9605521590710948,0.9553388826494358,0.9562262689627611,0.9627069162392742,0.9590857786320491
3,4,2.003949530919393,0.28713702903767696,4167,2.2408229282924106,0.24969987995198079,833,2.24420591849315,0.248,0.981921156010851,0.08359895082532137,,,0.96,,0.9600270667260814,0.0399729332739186,0.9826318213587157,0.14699173850648267,10,0.025,0.15,0.9547492987111965,0.9570654557656901,0.9607645691650861,0.9611215055781818,1.0,0.9637023699459788,0.9543323623704177,0.9585443499905765,0.9568992772050658,0.958736476107989,0.9615506013536548,0.9591198429028907
3,5,2.010073432777867,0.2838252939764819,4167,2.240685156413487,0.2857142857142857,833,2.2442156906369366,0.2478,0.9810221963321927,0.0834555304632061,,,0.96,,0.9600270667260814,0.0399729332739186,0.9826318213587157,0.14699173850648267,10,0.025,0.15,0.9490722200900794,0.9584436630084778,0.9543967352190255,0.957800356571374,0.9637023699459788,1.0,0.9541618129532842,0.9607362641563291,0.9575909077473249,0.9591131117023909,0.9591399596069575,0.9618756137962197
3,6,1.988359505479986,0.29539236861051116,4167,2.2384364945547923,0.2653061224489796,833,2.2442431389531,0.2476,0.9768462487788645,0.08309677237085501,,,0.96,,0.9600270667260814,0.0399729332739186,0.9826318213587157,0.14699173850648267,10,0.025,0.15,0.9407723079248118,0.9505005233684879,0.9533085159553276,0.9495612849230834,0.9543323623704177,0.9541618129532842,1.0,0.9606961424284106,0.9560933442332703,0.9469926183248897,0.9620739930593241,0.9585381736216493
3,7,1.9972814205921057,0.2924166066714663,4167,2.2440453256879533,0.23169267707082833,833,2.2442163213898865,0.2476,0.9815776681048408,0.08345570390890217,,,0.96,,0.9600270667260814,0.0399729332739186,0.9826318213587157,0.14699173850648267,10,0.025,0.15,0.9514229952668631,0.959355583033454,0.9600240856390195,0.9605521590710948,0.9585443499905765,0.9607362641563291,0.9606961424284106,1.0,0.9600671853991961,0.9499740132069965,0.9615851195119073,0.9596470834819019
3,8,2.0137153961441734,0.2806769083053289,4166,2.2442475387028287,0.24129651860744297,833,2.2442126606084125,0.2476,0.9807225591220661,0.08342047826079305,,,0.96,,0.9600270667260814,0.0399729332739186,0.9826318213587157,0.14699173850648267,10,0.025,0.15,0.9560747552439439,0.9528368735195945,0.9572510605045809,0.9553388826494358,0.9568992772050658,0.9575909077473249,0.9560933442332703,0.9600671853991961,1.0,0.9583659584894263,0.9612795022014818,0.9607820311744973
3,9,1.9891548803358368,0.28461353816610657,4166,2.254279579435076,0.21008403361344538,833,2.244331365899195,0.249,0.9781389507577543,0.08302588700180535,,,0.96,,0.9600270667260814,0.0399729332739186,0.9826318213587157,0.14699173850648267,10,0.025,0.15,0.9523179279064098,0.9518888790935836,0.9553525502869366,0.9562262689627611,0.958736476107989,0.9591131117023909,0.9469926183248897,0.9499740132069965,0.9583659584894263,1.0,0.9548823637268073,0.9586106567150109
3,10,2.0116748351039306,0.28221315410465675,4166,2.2442896706717357,0.24369747899159663,833,2.244204723382298,0.248,0.9830960160673222,0.08370116952221258,,,0.96,,0.9600270667260814,0.0399729332739186,0.9826318213587157,0.14699173850648267,10,0.025,0.15,0.9553710495695656,0.9567384647110114,0.9599401315499333,0.9627069162392742,0.9615506013536548,0.9591399596069575,0.9620739930593241,0.9615851195119073,0.9612795022014818,0.9548823637268073,1.0,0.9650657771062652
3,11,2.0147779497233302,0.2876140182429189,4166,2.252917391913278,0.24129651860744297,833,2.244204789777345,0.248,0.9822035804622294,0.08367457672165382,,,0.96,,0.9600270667260814,0.0399729332739186,0.9826318213587157,0.14699173850648267,10,0.025,0.15,0.9505781255079464,0.9566113746034198,0.9598989985755688,0.9590857786320491,0.9591198429028907,0.9618756137962197,0.9585381736216493,0.9596470834819019,0.9607820311744973,0.9586106567150109,0.9650657771062652,1.0
4,0,1.9652467539816192,0.3033357331413487,4167,2.2150680678231374,0.2697841726618705,834,2.2149409764929664,0.2826,0.974060129851954,0.08301994155288529,,,0.96,,0.9600270667260814,0.0399729332739186,0.9872664260122903,0.14656678411966084,10,0.025,0.15,1.0,0.9441940933083965,0.9522862095846442,0.9510664400768296,0.9514997932945904,0.9442982242200837,0.9382389614791813,0.9486280232664275,0.9508393733993654,0.9459529127953459,0.9492888973041332,0.9451246203062014
4,1,1.9619204550078422,0.29714422846172306,4167,2.2145577498844693,0.27697841726618705,834,2.2148987824403785,0.283,0.9742567674469923,0.08322880928975566,,,0.96,,0.9600270667260814,0.0399729332739186,0.9872664260122903,0.14656678411966084,10,0.025,0.15,0.9441940933083965,1.0,0.9412899853175869,0.9466540926180136,0.95227249592434,0.952100146899536,0.9429356121463195,0.9552288863698507,0.9473574558436512,0.9430176694519972,0.9494249563042622,0.9489654055140766
4,2,1.951473393945983,0.3060715142788577,4167,2.2090615204402377,0.302158273381295,834,2.2149575239495385,0.2828,0.9766802945424815,0.08325419022930708,,,0.96,,0.9600270667260814,0.0399729332739186,0.9872664260122903,0.14656678411966084,10,0.025,0.15,0.9522862095846442,0.9412899853175869,1.0,0.9485660043344082,0.9541609116252848,0.9485753351033651,0.9470613545604224,0.9546412374441962,0.9513055658047475,0.9474039879600145,0.9529948395777813,0.953662204787429
4,3,1.9679664994731094,0.29973602111831055,4167,2.211646352495466,0.290167865707434,834,2.215123372741892,0.2834,0.9767239415804172,0.08314042202234374,,,0.96,,0.9600270667260814,0.0399729332739186,0.9872664260122903,0.14656678411966084,10,0.025,0.15,0.9510664400768296,0.9466540926180136,0.9485660043344082,1.0,0.9552512757001071,0.9501981689250929,0.9420011261566104,0.9552231215883227,0.95021870150867,0.9477722173396504,0.9545919200554103,0.9510126896991852
4,4,1.950399195425438,0.30592752579793614,4167,2.2114195142473494,0.2857142857142857,833,2.214896594421773,0.2836,0.9797847614350973,0.08358468105189913,,,0.96,,0.9600270667260814,0.0399729332739186,0.9872664260122903,0.14656678411966084,10,0.025,0.15,0.9514997932945904,0.95227249592434,0.9541609116252848,0.9552512757001071,1.0,0.9574481157934523,0.9493749941847912,0.9519894683445989,0.9530252204554868,0.9525526554998657,0.9561980416904122,0.9543917637486523
4,5,1.9595336375814496,0.3023518118550516,4167,2.2101002080099925,0.30612244897959184,833,2.214909384522257,0.283,0.9781408606341984,0.08344248921143793,,,0.96,,0.9600270667260814,0.0399729332739186,0.9872664260122903,0.14656678411966084,10,0.025,0.15,0.9442982242200837,0.952100146899536,0.9485753351033651,0.9501981689250929,0.9574481157934523,1.0,0.9463961561120774,0.9555966389387321,0.9526947483602977,0.9512670134698517,0.9536436254822704,0.9566734912184247
4,6,1.9369580221898628,0.3130309575233981,4167,2.208998203277588,0.29891956782713086,833,2.214935710158529,0.2829,0.974038685861293,0.08308712810138319,,,0.96,,0.9600270667260814,0.0399729332739186,0.9872664260122903,0.14656678411966084,10,0.025,0.15,0.9382389614791813,0.9429356121463195,0.9470613545604224,0.9420011261566104,0.9493749941847912,0.9463961561120774,1.0,0.9539544535331739,0.9502923197255068,0.9400173830707103,0.9581217838253876,0.9525571005958229
4,7,1.942076927242857,0.3107271418286537,4167,2.2142981120518277,0.26290516206482595,833,2.214910151083258,0.283,0.979584636907799,0.0834895862780758,,,0.96,,0.9600270667260814,0.0399729332739186,0.9872664260122903,0.14656678411966084,10,0.025,0.15,0.9486280232664275,0.9552288863698507,0.9546412374441962,0.9552231215883227,0.9519894683445989,0.9555966389387321,0.9539544535331739,1.0,0.9556706177002755,0.9420618259785924,0.9562017218787116,0.9566589214066005
4,8,1.9622093067024693,0.29637542006721074,4166,2.2146446023668562,0.290516206482593,833,2.2149054672144635,0.283,0.9786157627619764,0.08343626991703419,,,0.96,,0.9600270667260814,0.0399729332739186,0.9872664260122903,0.14656678411966084,10,0.025,0.15,0.9508393733993654,0.9473574558436512,0.9513055658047475,0.95021870150867,0.9530252204554868,0.9526947483602977,0.9502923197255068,0.9556706177002755,1.0,0.9503031520391217,0.9573883878514492,0.9554241406604381
4,9,1.9390931873610526,0.30184829572731636,4166,2.228055000305176,0.24489795918367346,833,2.2150462186789213,0.2833,0.973778649963753,0.08303483056018109,,,0.96,,0.9600270667260814,0.0399729332739186,0.9872664260122903,0.14656678411966084,10,0.025,0.15,0.9459529127953459,0.9430176694519972,0.9474039879600145,0.9477722173396504,0.9525526554998657,0.9512670134698517,0.9400173830707103,0.9420618259785924,0.9503031520391217,1.0,0.946868215735895,0.9508457913931426
4,10,1.9611633842641658,0.300240038406145,4166,2.214673791612898,0.2809123649459784,833,2.2148949224737624,0.2837,0.9802208035925974,0.08366208296509711,,,0.96,,0.9600270667260814,0.0399729332739186,0.9872664260122903,0.14656678411966084,10,0.025,0.15,0.9492888973041332,0.9494249563042622,0.9529948395777813,0.9545919200554103,0.9561980416904122,0.9536436254822704,0.9581217838253876,0.9562017218787116,0.9573883878514492,0.946868215735895,1.0,0.9584697445760931
4,11,1.9660457206494881,0.30549687950072013,4166,2.2250891072409495,0.2857142857142857,833,2.2148950160304204,0.2837,0.9794198067424182,0.08361956882059998,,,0.96,,0.9600270667260814,0.0399729332739186,0.9872664260122903,0.14656678411966084,10,0.025,0.15,0.9451246203062014,0.9489654055140766,0.953662204787429,0.9510126896991852,0.9543917637486523,0.9566734912184247,0.9525571005958229,0.9566589214066005,0.9554241406604381,0.9508457913931426,0.9584697445760931,1.0
5,0,1.922445778052012,0.31648668106551475,4167,2.1805431161608015,0.2697841726618705,834,2.1807561403588402,0.3057,0.9712219980553358,0.0830425526961844,,,0.96,,0.9600270667260814,0.0399729332739186,0.9902520975949731,0.14612922146272542,10,0.025,0.15,1.0,0.9407320058378472,0.9471242949013119,0.9437947344775436,0.9449925212759552,0.9402045223136232,0.9306993895792237,0.9447947428843596,0.9412345855825971,0.9380585094148396,0.9447574510906471,0.9377212879893786
5,1,1.918947857798952,0.311759059275258,4167,2.179882185799735,0.3249400479616307,834,2.180707907374901,0.3047,0.9723083550899675,0.0832072576345725,,,0.96,,0.9600270667260814,0.0399729332739186,0.9902520975949731,0.14612922146272542,10,0.025,0.15,0.9407320058378472,1.0,0.9359823774256548,0.9436968937528537,0.9465216280041524,0.946914431616026,0.9359338429033933,0.9495244598075624,0.942482049520486,0.9390673056891994,0.9445312307874622,0.9412524091709421
5,2,1.9053172588348388,0.3240940724742021,4167,2.1734837804521834,0.33213429256594723,834,2.1807776976235305,0.3057,0.9741966809451258,0.08328449909771754,,,0.96,,0.9600270667260814,0.0399729332739186,0.9902520975949731,0.14612922146272542,10,0.025,0.15,0.9471242949013119,0.9359823774256548,1.0,0.9423293564654709,0.9480323151917694,0.9436870942882057,0.9411133982434524,0.9516154224949381,0.944850101229498,0.9412321561401341,0.9477463849733794,0.9449926862480693
5,3,1.923673182184046,0.31375089992800576,4167,2.1774421760014127,0.32014388489208634,834,2.180974972398975,0.3058,0.9741053387365738,0.0832110902971492,,,0.96,,0.9600270667260814,0.0399729332739186,0.9902520975949731,0.14612922146272542,10,0.025,0.15,0.9437947344775436,0.9436968937528537,0.9423293564654709,1.0,0.9492868906947788,0.9469418119581092,0.9353391807893393,0.9514697301786512,0.9435716602976623,0.9412216673871439,0.9485957745373935,0.9414514697375681
5,4,1.9085824774973321,0.31751859851211905,4167,2.1769863877977644,0.29411764705882354,833,2.180705837056607,0.305,0.9764143204255319,0.08356136067942707,,,0.96,,0.9600270667260814,0.0399729332739186,0.9902520975949731,0.14612922146272542,10,0.025,0.15,0.9449925212759552,0.9465216280041524,0.9480323151917694,0.9492868906947788,1.0,0.9513804389683322,0.9419645857074801,0.946148256765194,0.9456388267834425,0.9461292630032865,0.950437458785217,0.9439259417821592
5,5,1.916904708472165,0.3139908807295416,4167,2.1742606503622874,0.31932773109243695,833,2.180721765832056,0.3047,0.9757025765583439,0.08345014023543146,,,0.96,,0.9600270667260814,0.0399729332739186,0.9902520975949731,0.14612922146272542,10,0.025,0.15,0.9402045223136232,0.946914431616026,0.9436870942882057,0.9469418119581092,0.9513804389683322,1.0,0.9381337839153654,0.9510404797891882,0.946587495429056,0.9437599854681551,0.9486533726707264,0.9488500274939834
5,6,1.895398899641904,0.3257739380849532,4167,2.174838032041277,0.3169267707082833,833,2.180747367158721,0.3047,0.9703755028727998,0.08305656524195397,,,0.96,,0.9600270667260814,0.0399729332739186,0.9902520975949731,0.14612922146272542,10,0.025,0.15,0.9306993895792237,0.9359338429033933,0.9411133982434524,0.9353391807893393,0.9419645857074801,0.9381337839153654,1.0,0.9491078698890689,0.9456907450077536,0.9331539907253,0.9500341693044412,0.9429021450544705
5,7,1.8940428531531133,0.32426205903527716,4167,2.1797076293400357,0.2917166866746699,833,2.180722704416589,0.3047,0.9782879086912197,0.08356353685763945,,,0.96,,0.9600270667260814,0.0399729332739186,0.9902520975949731,0.14612922146272542,10,0.025,0.15,0.9447947428843596,0.9495244598075624,0.9516154224949381,0.9514697301786512,0.946148256765194,0.9510404797891882,0.9491078698890689,1.0,0.951322033853427,0.9389061987637948,0.9525409362827605,0.9499236160180897
5,8,1.9192114421815583,0.30832933269323093,4166,2.1800787448883057,0.3085234093637455,833,2.18071693710134,0.3047,0.9753552334995578,0.0834349722622767,,,0.96,,0.9600270667260814,0.0399729332739186,0.9902520975949731,0.14612922146272542,10,0.025,0.15,0.9412345855825971,0.942482049520486,0.944850101229498,0.9435716602976623,0.9456388267834425,0.946587495429056,0.9456907450077536,0.951322033853427,1.0,0.9446312789728983,0.9497533986732591,0.9463727066444267
5,9,1.900239353468924,0.3159145463274124,4166,2.1972422940390453,0.2785114045618247,833,2.1808813734899593,0.3054,0.9706910770092905,0.08303447099270617,,,0.96,,0.9600270667260814,0.0399729332739186,0.9902520975949731,0.14612922146272542,10,0.025,0.15,0.9380585094148396,0.9390673056891994,0.9412321561401341,0.9412216673871439,0.9461292630032865,0.9437599854681551,0.9331539907253,0.9389061987637948,0.9446312789728983,1.0,0.9404461390186024,0.9412869559978692
5,10,1.9159550208033937,0.31260201632261164,4166,2.1805231230599538,0.297719087635054,833,2.1807036128225206,0.3049,0.9774803392386928,0.08364401399762618,,,0.96,,0.9600270667260814,0.0399729332739186,0.9902520975949731,0.14612922146272542,10,0.025,0.15,0.9447574510906471,0.9445312307874622,0.9477463849733794,0.9485957745373935,0.950437458785217,0.9486533726707264,0.9500341693044412,0.9525409362827605,0.9497533986732591,0.9404461390186024,1.0,0.9493440502818066
5,11,1.9225340174906183,0.31886701872299567,4166,2.1925996371677945,0.3085234093637455,833,2.1807037033612215,0.3049,0.9741610608265965,0.08350954000731542,,,0.96,,0.9600270667260814,0.0399729332739186,0.9902520975949731,0.14612922146272542,10,0.025,0.15,0.9377212879893786,0.9412524091709421,0.9449926862480693,0.9414514697375681,0.9439259417821592,0.9488500274939834,0.9429021450544705,0.9499236160180897,0.9463727066444267,0.9412869559978692,0.9493440502818066,1.0
6,0,1.8835731690580195,0.3272378209743221,4167,2.1411384514399936,0.2961630695443645,834,2.142090402071989,0.3226,0.969485025360449,0.08309262621138162,,,0.96,,0.9600270667260814,0.0399729332739186,0.9925855383476923,0.14570133528364437,10,0.025,0.15,1.0,0.9341029206947112,0.9399469757720901,0.9421596417472553,0.9401373463283892,0.9338783660455399,0.9292079030044934,0.9395727925916664,0.9376383213319982,0.9337895665352423,0.9375208636985752,0.9326748732843796
6,1,1.8784918196273572,0.32368610511159107,4167,2.140668664659773,0.3381294964028777,834,2.142038785958592,0.3228,0.9682327957861832,0.08315385924407259,,,0.96,,0.9600270667260814,0.0399729332739186,0.9925855383476923,0.14570133528364437,10,0.025,0.15,0.9341029206947112,1.0,0.9279308189833709,0.9353513265188034,0.9390709988347707,0.9376017649281934,0.9294323608047372,0.9424978325238159,0.9349291570586753,0.9333098488894076,0.9368773675517701,0.9347716625692647
6,2,1.8675788550665884,0.3366930645548356,4167,2.1335791519709995,0.3489208633093525,834,2.1421164741998986,0.3226,0.9700843352384416,0.0832621290595536,,,0.96,,0.9600270667260814,0.0399729332739186,0.9925855383476923,0.14570133528364437,10,0.025,0.15,0.9399469757720901,0.9279308189833709,1.0,0.9347947204658856,0.9418064689372072,0.9365783105516763,0.9344393694053362,0.9446376085541289,0.9367552383880255,0.9334588710486788,0.9372983432307497,0.9397547693727737
6,3,1.8859604763262199,0.3270938324934005,4167,2.138744422367641,0.32973621103117506,834,2.142345567292805,0.3212,0.9719450015660598,0.08327732667253461,,,0.96,,0.9600270667260814,0.0399729332739186,0.9925855383476923,0.14570133528364437,10,0.025,0.15,0.9421596417472553,0.9353513265188034,0.9347947204658856,1.0,0.943891241487299,0.9409229320250991,0.930545405464997,0.9475433834436425,0.9380769364879732,0.9369909804226899,0.9403730592462891,0.9384859526554372
6,4,1.8668381452560425,0.33057355411567074,4167,2.138019459588187,0.3133253301320528,833,2.1420372799982,0.3229,0.9737575894902031,0.08355354357353764,,,0.96,,0.9600270667260814,0.0399729332739186,0.9925855383476923,0.14570133528364437,10,0.025,0.15,0.9401373463283892,0.9390709988347707,0.9418064689372072,0.943891241487299,1.0,0.9441977132145367,0.9375053182588848,0.9418533142112366,0.9382709308458408,0.9420101903943185,0.9421296949309472,0.9392009146481654
6,5,1.8777028300545433,0.3271898248140149,4167,2.1332356248583113,0.3349339735894358,833,2.142055686516098,0.3228,0.972206474886213,0.083434014135865,,,0.96,,0.9600270667260814,0.0399729332739186,0.9925855383476923,0.14570133528364437,10,0.025,0.15,0.9338783660455399,0.9376017649281934,0.9365783105516763,0.9409229320250991,0.9441977132145367,1.0,0.9321091071452379,0.9435599059931866,0.9422803823974887,0.9363432023416176,0.9402555667698747,0.94425831905247
6,6,1.8564484050779633,0.33702903767698583,4167,2.136378696986607,0.33013205282112845,833,2.142078520376471,0.3225,0.9684160407952541,0.08306644065841133,,,0.96,,0.9600270667260814,0.0399729332739186,0.9925855383476923,0.14570133528364437,10,0.025,0.15,0.9292079030044934,0.9294323608047372,0.9344393694053362,0.930545405464997,0.9375053182588848,0.9321091071452379,1.0,0.9430171591417335,0.9399295770320998,0.9289310669963287,0.9437940045344322,0.9391616873384642
6,7,1.8499931754487933,0.3387329013678906,4167,2.1407516343253,0.32653061224489793,833,2.1420568303216863,0.3229,0.9756897125541472,0.0836179181109546,,,0.96,,0.9600270667260814,0.0399729332739186,0.9925855383476923,0.14570133528364437,10,0.025,0.15,0.9395727925916664,0.9424978325238159,0.9446376085541289,0.9475433834436425,0.9418533142112366,0.9435599059931866,0.9430171591417335,1.0,0.9462285531742163,0.9328158053335707,0.944451996563329,0.9463782650297824
6,8,1.8784905885205125,0.3237638022083533,4166,2.1410820484161377,0.3217286914765906,833,2.1420499916318096,0.3229,0.9726272524088648,0.0834383390876391,,,0.96,,0.9600270667260814,0.0399729332739186,0.9925855383476923,0.14570133528364437,10,0.025,0.15,0.9376383213319982,0.9349291570586753,0.9367552383880255,0.9380769364879732,0.9382709308458408,0.9422803823974887,0.9399295770320998,0.9462285531742163,1.0,0.938618537547211,0.9412571424273195,0.9429629339801016
6,9,1.8648742971998273,0.32743638982237155,4166,2.1620072296687534,0.2893157262905162,833,2.142235574843008,0.3217,0.9681520091402331,0.08304413439581743,,,0.96,,0.9600270667260814,0.0399729332739186,0.9925855383476923,0.14570133528364437,10,0.025,0.15,0.9337895665352423,0.9333098488894076,0.9334588710486788,0.9369909804226899,0.9420101903943185,0.9363432023416176,0.9289310669963287,0.9328158053335707,0.938618537547211,1.0,0.9316167449354421,0.9372211502977515
6,10,1.8736871513453397,0.32602016322611616,4166,2.1421811240059987,0.3217286914765906,833,2.1420344672625578,0.3229,0.9727710815160048,0.0835725905366574,,,0.96,,0.9600270667260814,0.0399729332739186,0.9925855383476923,0.14570133528364437,10,0.025,0.15,0.9375208636985752,0.9368773675517701,0.9372983432307497,0.9403730592462891,0.9421296949309472,0.9402555667698747,0.9437940045344322,0.944451996563329,0.9412571424273195,0.9316167449354421,1.0,0.9428933365725589
