round,client_id,client_i_training_loss,client_i_training_accuracy,client_i_training_dataset_size,client_i_evaluation_loss,client_i_evaluation_accuracy,client_i_evaluation_dataset_size,client_i_central_evaluation_loss,client_i_central_evaluation_accuracy,client_i_cosine_similarity,client_i_importance_coefficient,client_i_tanh_val,tanh_normalization_value,client_i_q,client_i_mask_order,client_i_v_nonzero_fraction,client_i_v_sparsity,client_i_v_cosine_similarity,client_i_reward_gradient_norm,local_epochs,learning_rate,gamma,client_0_cosine_similarity,client_1_cosine_similarity,client_2_cosine_similarity,client_3_cosine_similarity,client_4_cosine_similarity,client_5_cosine_similarity,client_6_cosine_similarity,client_7_cosine_similarity,client_8_cosine_similarity,client_9_cosine_similarity,client_10_cosine_similarity,client_11_cosine_similarity
0,0,2.2430527674924035,0.27472,5000,2.2758401146641485,0.1642685851318945,834,2.275502152336291,0.1765,0.994306388224959,0.08326185903994912,,,0.99,,0.9900107286803723,0.00998927131962768,0,0.09951599461586197,5,0.001,0.1,1.0,0.9909525947502686,0.9855871102900072,0.9901996743802477,0.9851711683985107,0.9888856196313086,0.9879144819895321,0.9857802804297459,0.9900974813607647,0.9870800831739065,0.9920682151488277,0.9901897810225948
0,1,2.2413395356220804,0.30148,5000,2.279410538850007,0.15467625899280577,834,2.275502152336291,0.1765,0.9964909451711773,0.08344479085520727,,,0.99,,0.9900107286803723,0.00998927131962768,0,0.09951599461586197,5,0.001,0.1,0.9909525947502686,1.0,0.983408987552163,0.9910076920950892,0.9890644912688753,0.9930462087534611,0.989900700769628,0.9915289546541337,0.9926624552291609,0.9931018225845667,0.9923803979354258,0.9929599864951758
0,2,2.2435087528957682,0.2152,5000,2.27690945731269,0.1882494004796163,834,2.275502152336291,0.1765,0.9913176520659072,0.08301158635566433,,,0.99,,0.9900107286803723,0.00998927131962768,0,0.09951599461586197,5,0.001,0.1,0.9855871102900072,0.983408987552163,1.0,0.9785007434046459,0.9865244517683104,0.9851909720435783,0.9903062139914176,0.9886037585404107,0.9887633130528642,0.9896576327039414,0.9804070455699344,0.9812850166806485
0,3,2.2432645606387194,0.28524,5000,2.2746474389676696,0.18705035971223022,834,2.275502152336291,0.1765,0.9932450779531372,0.08317298636720301,,,0.99,,0.9900107286803723,0.00998927131962768,0,0.09951599461586197,5,0.001,0.1,0.9901996743802477,0.9910076920950892,0.9785007434046459,1.0,0.9859188628505221,0.990388665405772,0.9845471091934062,0.9860244621837797,0.9902753615913543,0.9867753335737105,0.9886977759885202,0.9889167273529819
0,4,2.2416771454416264,0.2464,5000,2.2765012405536793,0.1608643457382953,833,2.275502152336291,0.1765,0.9948879039098906,0.08331055436923764,,,0.99,,0.9900107286803723,0.00998927131962768,0,0.09951599461586197,5,0.001,0.1,0.9851711683985107,0.9890644912688753,0.9865244517683104,0.9859188628505221,1.0,0.9922024877412364,0.9924503762287007,0.9894708474367904,0.99285165382828,0.9925569053413608,0.9859276113259466,0.9887320466987903
0,5,2.243582627424009,0.30268,5000,2.2743465458905257,0.18247298919567828,833,2.275502152336291,0.1765,0.9968581384913187,0.08347553912236524,,,0.99,,0.9900107286803723,0.00998927131962768,0,0.09951599461586197,5,0.001,0.1,0.9888856196313086,0.9930462087534611,0.9851909720435783,0.990388665405772,0.9922024877412364,1.0,0.9900373569878957,0.992913141632676,0.9949556985035322,0.9945174299219327,0.9896576352734242,0.9926040692895616
0,6,2.241889132056267,0.24124,5000,2.2714545285260237,0.17647058823529413,833,2.275502152336291,0.1765,0.9952348784107984,0.08333960954008554,,,0.99,,0.9900107286803723,0.00998927131962768,0,0.09951599461586197,5,0.001,0.1,0.9879144819895321,0.989900700769628,0.9903062139914176,0.9845471091934062,0.9924503762287007,0.9900373569878957,1.0,0.9906639158945031,0.991052865943328,0.9931378556606408,0.986582887827505,0.9884206804929143
0,7,2.244035698957504,0.30052,5000,2.273551684838754,0.1908763505402161,833,2.275502152336291,0.1765,0.9954671607891405,0.0833590605492232,,,0.99,,0.9900107286803723,0.00998927131962768,0,0.09951599461586197,5,0.001,0.1,0.9857802804297459,0.9915289546541337,0.9886037585404107,0.9860244621837797,0.9894708474367904,0.992913141632676,0.9906639158945031,1.0,0.9927461922028453,0.9952984566121288,0.9841201322524527,0.9906381999444887
0,8,2.242486942497788,0.287,5000,2.272788816028171,0.18247298919567828,833,2.275502152336291,0.1765,0.9972373265175838,0.08350729180983302,,,0.99,,0.9900107286803723,0.00998927131962768,0,0.09951599461586197,5,0.001,0.1,0.9900974813607647,0.9926624552291609,0.9887633130528642,0.9902753615913543,0.99285165382828,0.9949556985035322,0.991052865943328,0.9927461922028453,1.0,0.9947240137832309,0.9896256421390642,0.9911728408086162
0,9,2.2436395362683923,0.28632,5000,2.2728015581766763,0.17286914765906364,833,2.275502152336291,0.1765,0.9971856264713174,0.08350296251856469,,,0.99,,0.9900107286803723,0.00998927131962768,0,0.09951599461586197,5,0.001,0.1,0.9870800831739065,0.9931018225845667,0.9896576327039414,0.9867753335737105,0.9925569053413608,0.9945174299219327,0.9931378556606408,0.9952984566121288,0.9947240137832309,1.0,0.9892400285968151,0.992220558292709
0,10,2.244088615733347,0.28112,5000,2.2722563125469066,0.18247298919567828,833,2.275502152336291,0.1765,0.9940722640629953,0.0832422538023663,,,0.99,,0.9900107286803723,0.00998927131962768,0,0.09951599461586197,5,0.001,0.1,0.9920682151488277,0.9923803979354258,0.9804070455699344,0.9886977759885202,0.9859276113259466,0.9896576352734242,0.986582887827505,0.9841201322524527,0.9896256421390642,0.9892400285968151,1.0,0.9924232264362981
0,11,2.244543654447908,0.28012,5000,2.2728735164359763,0.1752701080432173,833,2.275502152336291,0.1765,0.9956157794187507,0.08337150567030041,,,0.99,,0.9900107286803723,0.00998927131962768,0,0.09951599461586197,5,0.001,0.1,0.9901897810225948,0.9929599864951758,0.9812850166806485,0.9889167273529819,0.9887320466987903,0.9926040692895616,0.9884206804929143,0.9906381999444887,0.9911728408086162,0.992220558292709,0.9924232264362981,1.0
1,0,2.119342849512768,0.3832,5000,2.227006850419221,0.3489208633093525,834,2.226845697092172,0.3385,0.997465753360741,0.08327967168322578,,,0.99,,0.9900107286803723,0.00998927131962768,0.9429112128850465,0.09977706770153723,5,0.001,0.1,1.0,0.9957180040574529,0.9930281447138007,0.9942288300817187,0.9948311964632198,0.9950387183605686,0.9935000031716452,0.9934138793841292,0.9957555744202087,0.9945370716459427,0.996384779919118,0.9964637038805506
1,1,2.115769129194272,0.44484,5000,2.2309648990631104,0.31654676258992803,834,2.226845697092172,0.3385,0.9982305225849201,0.0834165793498116,,,0.99,,0.9900107286803723,0.00998927131962768,0.9429112128850465,0.09977706770153723,5,0.001,0.1,0.9957180040574529,1.0,0.9937329202518842,0.9937977671912654,0.9952451010049285,0.9959737543448456,0.9951787637178398,0.995755423828344,0.9968677706656359,0.997239322178588,0.9955951007816639,0.9969340090560984
1,2,2.121103465784887,0.38452,5000,2.2269466099915682,0.35611510791366907,834,2.226845697092172,0.3385,0.9972247630885501,0.08311836561294875,,,0.99,,0.9900107286803723,0.00998927131962768,0.9429112128850465,0.09977706770153723,5,0.001,0.1,0.9930281447138007,0.9937329202518842,1.0,0.9936859053843244,0.9966569908692233,0.9958044862438815,0.9961810068912144,0.995723821634928,0.9951745285516147,0.9954869055491649,0.9914926067445305,0.9930634690206729
1,3,2.1219058671574684,0.41208,5000,2.2266336017184787,0.3441247002398082,834,2.226845697092172,0.3385,0.9965920356834455,0.08319694547694897,,,0.99,,0.9900107286803723,0.00998927131962768,0.9429112128850465,0.09977706770153723,5,0.001,0.1,0.9942288300817187,0.9937977671912654,0.9936859053843244,1.0,0.9942511975873843,0.9956499061238293,0.9936673866464514,0.9938799647818547,0.9946496832280182,0.9921023190198884,0.9930236670686396,0.9935168867256318
1,4,2.118400166292859,0.39796,5000,2.225517714465106,0.31212484993997597,833,2.226845697092172,0.3385,0.9982794469377922,0.08333581385488531,,,0.99,,0.9900107286803723,0.00998927131962768,0.9429112128850465,0.09977706770153723,5,0.001,0.1,0.9948311964632198,0.9952451010049285,0.9966569908692233,0.9942511975873843,1.0,0.9962465762687371,0.9970321647103096,0.9960408705352513,0.9973190462395503,0.9963208543496788,0.9936336276507092,0.9950641030935354
1,5,2.1216842982419735,0.45404,5000,2.225252619496098,0.32653061224489793,833,2.226845697092172,0.3385,0.9983680736671665,0.08343988231099574,,,0.99,,0.9900107286803723,0.00998927131962768,0.9429112128850465,0.09977706770153723,5,0.001,0.1,0.9950387183605686,0.9959737543448456,0.9958044862438815,0.9956499061238293,0.9962465762687371,1.0,0.9955309693339398,0.9966137769970381,0.9969309245677496,0.9963744803927134,0.9939954938005146,0.995535780973113
1,6,2.1192883534036624,0.39728,5000,2.223804138324879,0.3469387755102041,833,2.226845697092172,0.3385,0.9976204096440814,0.08333235961324985,,,0.99,,0.9900107286803723,0.00998927131962768,0.9429112128850465,0.09977706770153723,5,0.001,0.1,0.9935000031716452,0.9951787637178398,0.9961810068912144,0.9936673866464514,0.9970321647103096,0.9955309693339398,1.0,0.9955776350681245,0.9954573683844253,0.9958731865560319,0.992656298524623,0.9940966156219322
1,7,2.1215206138647287,0.44532,5000,2.224636289808485,0.3637454981992797,833,2.226845697092172,0.3385,0.9978784706190795,0.0833526232405989,,,0.99,,0.9900107286803723,0.00998927131962768,0.9429112128850465,0.09977706770153723,5,0.001,0.1,0.9934138793841292,0.995755423828344,0.995723821634928,0.9938799647818547,0.9960408705352513,0.9966137769970381,0.9955776350681245,1.0,0.9964703976251944,0.997273946088398,0.9917902300220702,0.995289469965765
1,8,2.119335038343053,0.42196,5000,2.2264780733320446,0.32653061224489793,833,2.226845697092172,0.3385,0.9986951269512562,0.0834699196726666,,,0.99,,0.9900107286803723,0.00998927131962768,0.9429112128850465,0.09977706770153723,5,0.001,0.1,0.9957555744202087,0.9968677706656359,0.9951745285516147,0.9946496832280182,0.9973190462395503,0.9969309245677496,0.9954573683844253,0.9964703976251944,1.0,0.9973896520825849,0.9948297157457029,0.9967586171014868
1,9,2.121747270966791,0.4342,5000,2.2247122570320412,0.3469387755102041,833,2.226845697092172,0.3385,0.998250611068468,0.08345291233167587,,,0.99,,0.9900107286803723,0.00998927131962768,0.9429112128850465,0.09977706770153723,5,0.001,0.1,0.9945370716459427,0.997239322178588,0.9954869055491649,0.9921023190198884,0.9963208543496788,0.9963744803927134,0.9958731865560319,0.997273946088398,0.9973896520825849,1.0,0.9938731413607652,0.9958047869107108
1,10,2.1248832795270687,0.3916,5000,2.2235166408397533,0.33613445378151263,833,2.226845697092172,0.3385,0.9966788411883043,0.08324223899072136,,,0.99,,0.9900107286803723,0.00998927131962768,0.9429112128850465,0.09977706770153723,5,0.001,0.1,0.996384779919118,0.9955951007816639,0.9914926067445305,0.9930236670686396,0.9936336276507092,0.9939954938005146,0.992656298524623,0.9917902300220702,0.9948297157457029,0.9938731413607652,1.0,0.9962015393666582
1,11,2.124913960505443,0.41128,5000,2.2237648522412337,0.33733493397358943,833,2.226845697092172,0.3385,0.9979537472390552,0.08336268786227116,,,0.99,,0.9900107286803723,0.00998927131962768,0.9429112128850465,0.09977706770153723,5,0.001,0.1,0.9964637038805506,0.9969340090560984,0.9930634690206729,0.9935168867256318,0.9950641030935354,0.995535780973113,0.9940966156219322,0.995289469965765,0.9967586171014868,0.9958047869107108,0.9962015393666582,1.0
2,0,1.9388596338830937,0.48552,5000,2.164180905730636,0.40047961630695444,834,2.164381239741755,0.3897,0.9984916390080342,0.08329638185255635,,,0.99,,0.9900107286803723,0.00998927131962768,0.9838894880337895,0.09986172371597231,5,0.001,0.1,1.0,0.997491477181002,0.9963068369007314,0.9975501534938189,0.9964620173328029,0.996992334247664,0.996686070550397,0.9959167219153637,0.9966679655043575,0.9963052441835624,0.9972878399444192,0.9976673548678572
2,1,1.9302037685540072,0.51924,5000,2.168758586600975,0.36810551558752996,834,2.164381239741755,0.3897,0.9989564269487166,0.08339533914158893,,,0.99,,0.9900107286803723,0.00998927131962768,0.9838894880337895,0.09986172371597231,5,0.001,0.1,0.997491477181002,1.0,0.9968620093838977,0.9969245877132623,0.9968834379464281,0.9974315048435766,0.9972861331197305,0.997210736918097,0.9977217168929243,0.9980051782281293,0.9971065922276049,0.9979713332120741
2,2,1.9432544210154539,0.4758,5000,2.1625014675988092,0.4028776978417266,834,2.164381239741755,0.3897,0.9986656592358079,0.08320308044632142,,,0.99,,0.9900107286803723,0.00998927131962768,0.9838894880337895,0.09986172371597231,5,0.001,0.1,0.9963068369007314,0.9968620093838977,1.0,0.995996778782201,0.9979554618975788,0.9977329935126672,0.9973805553593376,0.9974448660177165,0.997678041153788,0.9978905954648676,0.9953920685579718,0.9967773725998845
2,3,1.9447089374445046,0.50772,5000,2.164327930521082,0.39448441247002397,834,2.164381239741755,0.3897,0.9980893682718733,0.08323266810782302,,,0.99,,0.9900107286803723,0.00998927131962768,0.9838894880337895,0.09986172371597231,5,0.001,0.1,0.9975501534938189,0.9969245877132623,0.995996778782201,1.0,0.9956995512135938,0.9966129930757873,0.9962775852633574,0.9963091705812877,0.9965626034726771,0.9954510184158081,0.9961498328236872,0.9969821734919333
2,4,1.9384760715399578,0.4694,5000,2.160381621784634,0.3745498199279712,833,2.164381239741755,0.3897,0.998658647549856,0.08333620026073077,,,0.99,,0.9900107286803723,0.00998927131962768,0.9838894880337895,0.09986172371597231,5,0.001,0.1,0.9964620173328029,0.9968834379464281,0.9979554618975788,0.9956995512135938,1.0,0.9974478098499967,0.9977932223660009,0.9972082158110867,0.9979082551378224,0.9978386135893205,0.9955949058360853,0.9965367498867356
2,5,1.9397498709381007,0.5344,5000,2.162199647338302,0.38415366146458585,833,2.164381239741755,0.3897,0.998872160519665,0.08340690952424763,,,0.99,,0.9900107286803723,0.00998927131962768,0.9838894880337895,0.09986172371597231,5,0.001,0.1,0.996992334247664,0.9974315048435766,0.9977329935126672,0.9966129930757873,0.9974478098499967,1.0,0.9970780360130634,0.9977922900524611,0.997995975894291,0.9979783041678509,0.9958323817546433,0.9969893710087264
2,6,1.9410550316427924,0.47744,5000,2.162177006403605,0.39135654261704683,833,2.164381239741755,0.3897,0.9986288721364311,0.08333312099912557,,,0.99,,0.9900107286803723,0.00998927131962768,0.9838894880337895,0.09986172371597231,5,0.001,0.1,0.996686070550397,0.9972861331197305,0.9973805553593376,0.9962775852633574,0.9977932223660009,0.9970780360130634,1.0,0.9970084269817983,0.99706787462639,0.997445991471272,0.995830407495802,0.9971189357505987
2,7,1.9401307567669328,0.52704,5000,2.1624309486813016,0.4141656662665066,833,2.164381239741755,0.3897,0.9985777105158348,0.08334389603551161,,,0.99,,0.9900107286803723,0.00998927131962768,0.9838894880337895,0.09986172371597231,5,0.001,0.1,0.9959167219153637,0.997210736918097,0.9974448660177165,0.9963091705812877,0.9972082158110867,0.9977922900524611,0.9970084269817983,1.0,0.9978092745494641,0.9981477755892865,0.994455230468204,0.9970519116827108
2,8,1.9375158826257013,0.51316,5000,2.166898630283497,0.3817527010804322,833,2.164381239741755,0.3897,0.9989887075613252,0.08342909097747458,,,0.99,,0.9900107286803723,0.00998927131962768,0.9838894880337895,0.09986172371597231,5,0.001,0.1,0.9966679655043575,0.9977217168929243,0.997678041153788,0.9965626034726771,0.9979082551378224,0.997995975894291,0.99706787462639,0.9978092745494641,1.0,0.9982497045612724,0.9961971909129185,0.9974204161696766
2,9,1.9395482483942796,0.52928,5000,2.1625755892859564,0.3937575030012005,833,2.164381239741755,0.3897,0.9989060617791359,0.08341599411862638,,,0.99,,0.9900107286803723,0.00998927131962768,0.9838894880337895,0.09986172371597231,5,0.001,0.1,0.9963052441835624,0.9980051782281293,0.9978905954648676,0.9954510184158081,0.9978386135893205,0.9979783041678509,0.997445991471272,0.9981477755892865,0.9982497045612724,1.0,0.9958360384993226,0.9971384016620801
2,10,1.9467390938169638,0.46596,5000,2.160516959649545,0.3877551020408163,833,2.164381239741755,0.3897,0.9977843312676635,0.08325059834454462,,,0.99,,0.9900107286803723,0.00998927131962768,0.9838894880337895,0.09986172371597231,5,0.001,0.1,0.9972878399444192,0.9971065922276049,0.9953920685579718,0.9961498328236872,0.9955949058360853,0.9958323817546433,0.995830407495802,0.994455230468204,0.9961971909129185,0.9958360384993226,1.0,0.9971759779517924
2,11,1.9467700068358402,0.49824,5000,2.1611196641568786,0.382953181272509,833,2.164381239741755,0.3897,0.9987838187007863,0.08335672019144921,,,0.99,,0.9900107286803723,0.00998927131962768,0.9838894880337895,0.09986172371597231,5,0.001,0.1,0.9976673548678572,0.9979713332120741,0.9967773725998845,0.9969821734919333,0.9965367498867356,0.9969893710087264,0.9971189357505987,0.9970519116827108,0.9974204161696766,0.9971384016620801,0.9971759779517924,1.0
3,0,1.7513075786031735,0.54412,5000,2.0847715448450157,0.460431654676259,834,2.0854805292793737,0.4404,0.9989709019318691,0.08331304116260181,,,0.99,,0.9900107286803723,0.00998927131962768,0.9944296832472456,0.09988977683752231,5,0.001,0.1,1.0,0.9978188528525361,0.9967300748462261,0.9981041432063466,0.9970697114374596,0.9980838435689632,0.9977580481423312,0.9974239950188791,0.9978190083034293,0.9976362642223492,0.9978033307782013,0.9981900791194247
3,1,1.735173300421162,0.56644,5000,2.0901528376120107,0.42685851318944845,834,2.0854805292793737,0.4404,0.9990361113230698,0.08337582272382779,,,0.99,,0.9900107286803723,0.00998927131962768,0.9944296832472456,0.09988977683752231,5,0.001,0.1,0.9978188528525361,1.0,0.9967351675618755,0.9976105737806827,0.9968657621997031,0.9980867709861628,0.997512755456058,0.99791596016746,0.9981342316658282,0.9985536877031134,0.9978367131485807,0.9981440635583326
3,2,1.7563596163585686,0.54648,5000,2.08107473232128,0.4448441247002398,834,2.0854805292793737,0.4404,0.9983861588834069,0.08323696128515477,,,0.99,,0.9900107286803723,0.00998927131962768,0.9944296832472456,0.09988977683752231,5,0.001,0.1,0.9967300748462261,0.9967351675618755,1.0,0.996453429254563,0.9982323701792876,0.997277962711006,0.9971947035134949,0.9971876067175086,0.9970768585607459,0.997334024864385,0.9963806884422947,0.9968285790499979
3,3,1.7573483394209746,0.56308,5000,2.085558705859714,0.45443645083932854,834,2.0854805292793737,0.4404,0.9987847995584014,0.08326796826657328,,,0.99,,0.9900107286803723,0.00998927131962768,0.9944296832472456,0.09988977683752231,5,0.001,0.1,0.9981041432063466,0.9976105737806827,0.996453429254563,1.0,0.9967559545063303,0.9977489993218083,0.9974455796492391,0.9976309905781844,0.9980350192905265,0.9973469881833238,0.9973743651198826,0.9977017434094229
3,4,1.7490915473099726,0.53588,5000,2.078607506222195,0.4249699879951981,833,2.0854805292793737,0.4404,0.9985829774335855,0.08332493737640367,,,0.99,,0.9900107286803723,0.00998927131962768,0.9944296832472456,0.09988977683752231,5,0.001,0.1,0.9970697114374596,0.9968657621997031,0.9982323701792876,0.9967559545063303,1.0,0.9972103639541158,0.9976730101910628,0.9974865773523617,0.9976098020579406,0.9975266287848997,0.9966239201227758,0.9967336670902851
3,5,1.7482529524784938,0.57264,5000,2.0827318165037365,0.4225690276110444,833,2.0854805292793737,0.4404,0.999070190178945,0.08338401706338991,,,0.99,,0.9900107286803723,0.00998927131962768,0.9944296832472456,0.09988977683752231,5,0.001,0.1,0.9980838435689632,0.9980867709861628,0.997277962711006,0.9977489993218083,0.9972103639541158,1.0,0.9978833478616597,0.9980574063905188,0.9978991769539449,0.9982740675451058,0.9973636794968763,0.9977384459642128
3,6,1.7515812378780098,0.53708,5000,2.0842174070852773,0.43577430972388953,833,2.0854805292793737,0.4404,0.9988893614242742,0.08333293685519336,,,0.99,,0.9900107286803723,0.00998927131962768,0.9944296832472456,0.09988977683752231,5,0.001,0.1,0.9977580481423312,0.997512755456058,0.9971947035134949,0.9974455796492391,0.9976730101910628,0.9978833478616597,1.0,0.9978549455990818,0.9975981714676163,0.9980028770964384,0.9970440586214665,0.9974910510858535
3,7,1.749675474197242,0.57768,5000,2.084336377956249,0.460984393757503,833,2.0854805292793737,0.4404,0.9989886539828939,0.08334274808226515,,,0.99,,0.9900107286803723,0.00998927131962768,0.9944296832472456,0.09988977683752231,5,0.001,0.1,0.9974239950188791,0.99791596016746,0.9971876067175086,0.9976309905781844,0.9974865773523617,0.9980574063905188,0.9978549455990818,1.0,0.9979808314297489,0.9984778113449833,0.9966944528366906,0.9979361262387549
3,8,1.7480459299816447,0.57408,5000,2.091212449250398,0.43577430972388953,833,2.0854805292793737,0.4404,0.9991686412693888,0.08340079514897532,,,0.99,,0.9900107286803723,0.00998927131962768,0.9944296832472456,0.09988977683752231,5,0.001,0.1,0.9978190083034293,0.9981342316658282,0.9970768585607459,0.9980350192905265,0.9976098020579406,0.9978991769539449,0.9975981714676163,0.9979808314297489,1.0,0.9983802195268193,0.9979295981509129,0.9983408606914773
3,9,1.7474134221957747,0.57204,5000,2.084003536789506,0.4297719087635054,833,2.0854805292793737,0.4404,0.9992028955539123,0.08339387006371374,,,0.99,,0.9900107286803723,0.00998927131962768,0.9944296832472456,0.09988977683752231,5,0.001,0.1,0.9976362642223492,0.9985536877031134,0.997334024864385,0.9973469881833238,0.9975266287848997,0.9982740675451058,0.9980028770964384,0.9984778113449833,0.9983802195268193,1.0,0.9975936277252168,0.9980869593397222
3,10,1.7596435630397431,0.51976,5000,2.0807071880058006,0.44057623049219685,833,2.0854805292793737,0.4404,0.998655534036247,0.08327479082233928,,,0.99,,0.9900107286803723,0.00998927131962768,0.9944296832472456,0.09988977683752231,5,0.001,0.1,0.9978033307782013,0.9978367131485807,0.9963806884422947,0.9973743651198826,0.9966239201227758,0.9973636794968763,0.9970440586214665,0.9966944528366906,0.9979295981509129,0.9975936277252168,1.0,0.9980131464006392
3,11,1.7569969409590314,0.55868,5000,2.082324844819528,0.4477791116446579,833,2.0854805292793737,0.4404,0.9990351262455553,0.08335211114956191,,,0.99,,0.9900107286803723,0.00998927131962768,0.9944296832472456,0.09988977683752231,5,0.001,0.1,0.9981900791194247,0.9981440635583326,0.9968285790499979,0.9977017434094229,0.9967336670902851,0.9977384459642128,0.9974910510858535,0.9979361262387549,0.9983408606914773,0.9980869593397222,0.9980131464006392,1.0
4,0,1.5886978440223984,0.58412,5000,1.9889021184709337,0.5203836930455635,834,1.9902792525367614,0.5121,0.9989434712177853,0.08332052187735445,,,0.99,,0.9900107286803723,0.00998927131962768,0.9970462011168842,0.09989547173956094,5,0.001,0.1,1.0,0.9975526388900815,0.9974756125754399,0.9981694306170851,0.9977936919904031,0.9978912273804873,0.9977330202378905,0.9976087075296438,0.9975800482996513,0.9974092740449325,0.9977454737876847,0.9978360645937351
4,1,1.567465099863186,0.59312,5000,1.995358493593004,0.5035971223021583,834,1.9902792525367614,0.5121,0.9989969138013534,0.08336074112372559,,,0.99,,0.9900107286803723,0.00998927131962768,0.9970462011168842,0.09989547173956094,5,0.001,0.1,0.9975526388900815,1.0,0.9976652818303787,0.9975431459078278,0.9976431197078965,0.9977645488496011,0.9974234975782938,0.9978578970954645,0.9981591890373429,0.9982730854934797,0.9977794157927374,0.9977708693262003
4,2,1.5930597239998496,0.58916,5000,1.983270080001266,0.5143884892086331,834,1.9902792525367614,0.5121,0.9989904106545952,0.08327538819163051,,,0.99,,0.9900107286803723,0.00998927131962768,0.9970462011168842,0.09989547173956094,5,0.001,0.1,0.9974756125754399,0.9976652818303787,1.0,0.9978319694890938,0.9981100536984965,0.9979232016118238,0.9978231603544951,0.9976572476387133,0.9976956074229437,0.9980960110136758,0.9973736729600263,0.9977072210614525
4,3,1.5934279550412658,0.59692,5000,1.9903264663837574,0.5359712230215827,834,1.9902792525367614,0.5121,0.9989209311860684,0.08329215798159209,,,0.99,,0.9900107286803723,0.00998927131962768,0.9970462011168842,0.09989547173956094,5,0.001,0.1,0.9981694306170851,0.9975431459078278,0.9978319694890938,1.0,0.9977549819630654,0.9977654692186286,0.9976142433778681,0.9978078903202311,0.9977171175415307,0.9973294660679762,0.9974348719542429,0.9975576534949008
4,4,1.586085277757827,0.58512,5000,1.9801707091154876,0.5126050420168067,833,1.9902792525367614,0.5121,0.9990052496230654,0.08332980971433922,,,0.99,,0.9900107286803723,0.00998927131962768,0.9970462011168842,0.09989547173956094,5,0.001,0.1,0.9977936919904031,0.9976431197078965,0.9981100536984965,0.9977549819630654,1.0,0.9976951503770684,0.9979286369815127,0.9978752070237267,0.998182903833655,0.9979874968812644,0.9971822150648156,0.9973812349445503
4,5,1.5819482612002427,0.599,5000,1.9868509725288108,0.4969987995198079,833,1.9902792525367614,0.5121,0.9989395229135631,0.08336391342526779,,,0.99,,0.9900107286803723,0.00998927131962768,0.9970462011168842,0.09989547173956094,5,0.001,0.1,0.9978912273804873,0.9977645488496011,0.9979232016118238,0.9977654692186286,0.9976951503770684,1.0,0.9975950235981167,0.9978830447267556,0.997692779315944,0.9979348709201722,0.9970940833517422,0.9975058592776967
4,6,1.5879433360069422,0.57744,5000,1.990015568556609,0.5066026410564226,833,1.9902792525367614,0.5121,0.9988614576085184,0.08333007427564008,,,0.99,,0.9900107286803723,0.00998927131962768,0.9970462011168842,0.09989547173956094,5,0.001,0.1,0.9977330202378905,0.9974234975782938,0.9978231603544951,0.9976142433778681,0.9979286369815127,0.9975950235981167,1.0,0.9979183550054874,0.9971699026970782,0.9979659501920687,0.9972223877251964,0.9974171818146651
4,7,1.5818129520507376,0.6074,5000,1.9906969511950459,0.539015606242497,833,1.9902792525367614,0.5121,0.998993457033424,0.08334034981128643,,,0.99,,0.9900107286803723,0.00998927131962768,0.9970462011168842,0.09989547173956094,5,0.001,0.1,0.9976087075296438,0.9978578970954645,0.9976572476387133,0.9978078903202311,0.9978752070237267,0.9978830447267556,0.9979183550054874,1.0,0.997668247035535,0.99839205217263,0.996922188775801,0.997801131832213
4,8,1.5817757182060532,0.60292,5000,1.9995559807176944,0.5042016806722689,833,1.9902792525367614,0.5121,0.9990165444284795,0.08337668650038119,,,0.99,,0.9900107286803723,0.00998927131962768,0.9970462011168842,0.09989547173956094,5,0.001,0.1,0.9975800482996513,0.9981591890373429,0.9976956074229437,0.9977171175415307,0.998182903833655,0.997692779315944,0.9971699026970782,0.997668247035535,1.0,0.9980761305593048,0.9977166158432502,0.9980092595469038
4,9,1.5803940081292656,0.60136,5000,1.989147014088101,0.4957983193277311,833,1.9902792525367614,0.5121,0.9991387240566411,0.08337638324893303,,,0.99,,0.9900107286803723,0.00998927131962768,0.9970462011168842,0.09989547173956094,5,0.001,0.1,0.9974092740449325,0.9982730854934797,0.9980960110136758,0.9973294660679762,0.9979874968812644,0.9979348709201722,0.9979659501920687,0.99839205217263,0.9980761305593048,1.0,0.997668008745152,0.9980000202305099
4,10,1.5968308100275173,0.55792,5000,1.9840021751545094,0.5186074429771909,833,1.9902792525367614,0.5121,0.9987072762221638,0.08328944635543316,,,0.99,,0.9900107286803723,0.00998927131962768,0.9970462011168842,0.09989547173956094,5,0.001,0.1,0.9977454737876847,0.9977794157927374,0.9973736729600263,0.9974348719542429,0.9971822150648156,0.9970940833517422,0.9972223877251964,0.996922188775801,0.9977166158432502,0.997668008745152,1.0,0.997825305661867
4,11,1.5910911674712114,0.58996,5000,1.987438612514072,0.4969987995198079,833,1.9902792525367614,0.5121,0.9989450145393781,0.08334452749441638,,,0.99,,0.9900107286803723,0.00998927131962768,0.9970462011168842,0.09989547173956094,5,0.001,0.1,0.9978360645937351,0.9977708693262003,0.9977072210614525,0.9975576534949008,0.9973812349445503,0.9975058592776967,0.9974171818146651,0.997801131832213,0.9980092595469038,0.9980000202305099,0.997825305661867,1.0
5,0,1.4525223613544633,0.61496,5000,1.878475304003115,0.5635491606714629,834,1.8804572881601107,0.562,0.9988673336754559,0.08332689070830723,,,0.99,,0.9900107286803723,0.00998927131962768,0.9979446778275097,0.099882277547832,5,0.001,0.1,1.0,0.9973620915721795,0.9971816747322886,0.9978451009370419,0.9976612403878166,0.9976926488797648,0.997621164008601,0.9973184064132734,0.9973664508388196,0.9970624175587619,0.9975174827553464,0.9976786394953048
5,1,1.4282532382922568,0.61832,5000,1.8858322964774237,0.5455635491606715,834,1.8804572881601107,0.562,0.9988573409535638,0.08335122995240549,,,0.99,,0.9900107286803723,0.00998927131962768,0.9979446778275097,0.099882277547832,5,0.001,0.1,0.9973620915721795,1.0,0.997367324101149,0.9971723442889128,0.9974369645620891,0.9972903485607337,0.9972379559483399,0.9976203025030173,0.9977648975216489,0.998016204032151,0.9974279197936228,0.9974890926733583
5,2,1.4558659523915334,0.60916,5000,1.8706503267641421,0.5623501199040767,834,1.8804572881601107,0.562,0.998839422021206,0.08329831473725428,,,0.99,,0.9900107286803723,0.00998927131962768,0.9979446778275097,0.099882277547832,5,0.001,0.1,0.9971816747322886,0.997367324101149,1.0,0.9976037040109249,0.9976311479968154,0.9974519131798547,0.9975653552616859,0.9972498498714627,0.9975154434905632,0.9975837932248393,0.9973197172938769,0.997503916673909
5,3,1.4577650094487864,0.60828,5000,1.8804012183789853,0.5839328537170264,834,1.8804572881601107,0.562,0.9987608657185958,0.083306062449659,,,0.99,,0.9900107286803723,0.00998927131962768,0.9979446778275097,0.099882277547832,5,0.001,0.1,0.9978451009370419,0.9971723442889128,0.9976037040109249,1.0,0.9973804225201862,0.9972942953691135,0.9973387072077516,0.997556873105885,0.9974881567123706,0.9968101962684079,0.9972216256553846,0.9973209303882037
5,4,1.4508620406412016,0.61192,5000,1.8667993148167927,0.5690276110444178,833,1.8804572881601107,0.562,0.9988769520427251,0.08333289625840368,,,0.99,,0.9900107286803723,0.00998927131962768,0.9979446778275097,0.099882277547832,5,0.001,0.1,0.9976612403878166,0.9974369645620891,0.9976311479968154,0.9973804225201862,1.0,0.9973437937045888,0.9976756866221658,0.9975154160653931,0.9977610999656858,0.9975852398965114,0.9972534418607885,0.9971775122103353
5,5,1.4450507253598255,0.62076,5000,1.8762532914126362,0.5486194477791116,833,1.8804572881601107,0.562,0.9986755013439017,0.0833473066857328,,,0.99,,0.9900107286803723,0.00998927131962768,0.9979446778275097,0.099882277547832,5,0.001,0.1,0.9976926488797648,0.9972903485607337,0.9974519131798547,0.9972942953691135,0.9973437937045888,1.0,0.9972399970566034,0.9973737276587216,0.9973369223230385,0.997323896441783,0.9967034584625497,0.9969552898979577
5,6,1.4524814172155538,0.60492,5000,1.8810707639764856,0.56062424969988,833,1.8804572881601107,0.562,0.9987627501780206,0.08332937287320441,,,0.99,,0.9900107286803723,0.00998927131962768,0.9979446778275097,0.099882277547832,5,0.001,0.1,0.997621164008601,0.9972379559483399,0.9975653552616859,0.9973387072077516,0.9976756866221658,0.9972399970566034,1.0,0.9974654985842314,0.997215476494543,0.9974126135927747,0.9970432065806178,0.9972377765532922
5,7,1.4428264942898112,0.62768,5000,1.8830537089595087,0.5786314525810324,833,1.8804572881601107,0.562,0.9988354209384712,0.08333801893765769,,,0.99,,0.9900107286803723,0.00998927131962768,0.9979446778275097,0.099882277547832,5,0.001,0.1,0.9973184064132734,0.9976203025030173,0.9972498498714627,0.997556873105885,0.9975154160653931,0.9973737276587216,0.9974654985842314,1.0,0.9974532996171774,0.9978000686275685,0.9970083509191122,0.9975616300861028
5,8,1.4448782544986458,0.62228,5000,1.893592777075591,0.5510204081632653,833,1.8804572881601107,0.562,0.998964442494114,0.08336446384033006,,,0.99,,0.9900107286803723,0.00998927131962768,0.9979446778275097,0.099882277547832,5,0.001,0.1,0.9973664508388196,0.9977648975216489,0.9975154434905632,0.9974881567123706,0.9977610999656858,0.9973369223230385,0.997215476494543,0.9974532996171774,1.0,0.9980330040355176,0.9977643103485998,0.9977700632686267
5,9,1.4422793676139443,0.62108,5000,1.8799206018447876,0.5510204081632653,833,1.8804572881601107,0.562,0.9989065402568751,0.08336240922676091,,,0.99,,0.9900107286803723,0.00998927131962768,0.9979446778275097,0.099882277547832,5,0.001,0.1,0.9970624175587619,0.998016204032151,0.9975837932248393,0.9968101962684079,0.9975852398965114,0.997323896441783,0.9974126135927747,0.9978000686275685,0.9980330040355176,1.0,0.9975465814774662,0.9976005739602082
5,10,1.4623844695698685,0.58624,5000,1.8722271963402077,0.575030012004802,833,1.8804572881601107,0.562,0.9987057988332237,0.08330262256757094,,,0.99,,0.9900107286803723,0.00998927131962768,0.9979446778275097,0.099882277547832,5,0.001,0.1,0.9975174827553464,0.9974279197936228,0.9973197172938769,0.9972216256553846,0.9972534418607885,0.9967034584625497,0.9970432065806178,0.9970083509191122,0.9977643103485998,0.9975465814774662,1.0,0.9975656843473686
5,11,1.4530093954626921,0.615,5000,1.8780845403671265,0.5546218487394958,833,1.8804572881601107,0.562,0.9988301887551618,0.0833404117627135,,,0.99,,0.9900107286803723,0.00998927131962768,0.9979446778275097,0.099882277547832,5,0.001,0.1,0.9976786394953048,0.9974890926733583,0.997503916673909,0.9973209303882037,0.9971775122103353,0.9969552898979577,0.9972377765532922,0.9975616300861028,0.9977700632686267,0.9976005739602082,0.9975656843473686,1.0
6,0,1.3403913796327676,0.62652,5000,1.7566853364308674,0.5899280575539568,834,1.7590358664814276,0.5884,0.9986475875587519,0.08332993308421308,,,0.99,,0.9900107286803723,0.00998927131962768,0.9983086223667677,0.09986294086518513,5,0.001,0.1,1.0,0.9966440711982044,0.996870945136418,0.99750515413664,0.9970602076393118,0.9972878786051975,0.9973190179296016,0.9970307249775331,0.9968381235596204,0.9965764719457378,0.9970779407840443,0.9971498354259847
6,1,1.3124303870899663,0.6386,5000,1.764682032443859,0.5839328537170264,834,1.7590358664814276,0.5884,0.9985722619669241,0.0833424274511175,,,0.99,,0.9900107286803723,0.00998927131962768,0.9983086223667677,0.09986294086518513,5,0.001,0.1,0.9966440711982044,1.0,0.9968864432205548,0.9966724429278317,0.9968381677209367,0.9969478415373958,0.9966592966237144,0.9969716338746132,0.9973661549962466,0.9976441859359477,0.9968951325035945,0.9969304941539008
6,2,1.3428156084315792,0.63132,5000,1.7461643881267972,0.5863309352517986,834,1.7590358664814276,0.5884,0.9986764844557511,0.08331334214219147,,,0.99,,0.9900107286803723,0.00998927131962768,0.9983086223667677,0.09986294086518513,5,0.001,0.1,0.996870945136418,0.9968864432205548,1.0,0.9972279130638281,0.9972844901970791,0.9972262409787154,0.9972384092719974,0.9967900589152684,0.9969038880280815,0.9972299400586778,0.9969074247341165,0.9971415423587937
6,3,1.3439542682307541,0.626,5000,1.7589147488276164,0.6115107913669064,834,1.7590358664814276,0.5884,0.9985203098264295,0.08331305269540767,,,0.99,,0.9900107286803723,0.00998927131962768,0.9983086223667677,0.09986294086518513,5,0.001,0.1,0.99750515413664,0.9966724429278317,0.9972279130638281,1.0,0.9968593026927554,0.9969689022172621,0.9970294596304385,0.9969245598896029,0.9969092181536648,0.9963647225122232,0.9965978065735659,0.9967763622784613
6,4,1.3370669797727257,0.63436,5000,1.7416467313413266,0.5978391356542617,833,1.7590358664814276,0.5884,0.9986775670037701,0.08333458344935189,,,0.99,,0.9900107286803723,0.00998927131962768,0.9983086223667677,0.09986294086518513,5,0.001,0.1,0.9970602076393118,0.9968381677209367,0.9972844901970791,0.9968593026927554,1.0,0.9969407965555005,0.9972354125305812,0.9971209549526591,0.9974228475130641,0.9974685108968947,0.9967541838325158,0.9967339017617151
6,5,1.3288680814633704,0.638,5000,1.7542004850175645,0.5798319327731093,833,1.7590358664814276,0.5884,0.9985429471506966,0.0833390754521313,,,0.99,,0.9900107286803723,0.00998927131962768,0.9983086223667677,0.09986294086518513,5,0.001,0.1,0.9972878786051975,0.9969478415373958,0.9972262409787154,0.9969689022172621,0.9969407965555005,1.0,0.9969430522462323,0.9970636848819269,0.9968290121583521,0.9970945193288218,0.9962539809725804,0.9965492904563064
6,6,1.3388403171946288,0.62872,5000,1.7605421940485637,0.5918367346938775,833,1.7590358664814276,0.5884,0.9986099473958706,0.08333024037518325,,,0.99,,0.9900107286803723,0.00998927131962768,0.9983086223667677,0.09986294086518513,5,0.001,0.1,0.9973190179296016,0.9966592966237144,0.9972384092719974,0.9970294596304385,0.9972354125305812,0.9969430522462323,1.0,0.9972650365066608,0.9965613178290476,0.996955103851825,0.9967851500351543,0.9969178955025009
6,7,1.3273741055446067,0.64312,5000,1.7641168567869399,0.5918367346938775,833,1.7590358664814276,0.5884,0.998662933574052,0.08333725252479537,,,0.99,,0.9900107286803723,0.00998927131962768,0.9983086223667677,0.09986294086518513,5,0.001,0.1,0.9970307249775331,0.9969716338746132,0.9967900589152684,0.9969245598896029,0.9971209549526591,0.9970636848819269,0.9972650365066608,1.0,0.9970979642587514,0.9975589749087337,0.9965895557449719,0.9971298486343282
6,8,1.3311020010595869,0.64132,5000,1.7762076457341511,0.5654261704681873,833,1.7590358664814276,0.5884,0.9987218614087191,0.08335537119386731,,,0.99,,0.9900107286803723,0.00998927131962768,0.9983086223667677,0.09986294086518513,5,0.001,0.1,0.9968381235596204,0.9973661549962466,0.9969038880280815,0.9969092181536648,0.9974228475130641,0.9968290121583521,0.9965613178290476,0.9970979642587514,1.0,0.9977461476803602,0.9972914390410157,0.9972822599487436
6,9,1.3283488007108117,0.6418,5000,1.7593128901940804,0.575030012004802,833,1.7590358664814276,0.5884,0.9987980176931138,0.08335656920400458,,,0.99,,0.9900107286803723,0.00998927131962768,0.9983086223667677,0.09986294086518513,5,0.001,0.1,0.9965764719457378,0.9976441859359477,0.9972299400586778,0.9963647225122232,0.9974685108968947,0.9970945193288218,0.996955103851825,0.9975589749087337,0.9977461476803602,1.0,0.9971691840995184,0.9973530683704774
6,10,1.35206549471351,0.6108,5000,1.7483962730125144,0.6014405762304922,833,1.7590358664814276,0.5884,0.9984996275594937,0.08331027573856466,,,0.99,,0.9900107286803723,0.00998927131962768,0.9983086223667677,0.09986294086518513,5,0.001,0.1,0.9970779407840443,0.9968951325035945,0.9969074247341165,0.9965978065735659,0.9967541838325158,0.9962539809725804,0.9967851500351543,0.9965895557449719,0.9972914390410157,0.9971691840995184,1.0,0.997265784875672
6,11,1.338080953033107,0.63244,5000,1.7573023592984234,0.5858343337334934,833,1.7590358664814276,0.5884,0.9986368087363632,0.08333787668917177,,,0.99,,0.9900107286803723,0.00998927131962768,0.9983086223667677,0.09986294086518513,5,0.001,0.1,0.9971498354259847,0.9969304941539008,0.9971415423587937,0.9967763622784613,0.9967339017617151,0.9965492904563064,0.9969178955025009,0.9971298486343282,0.9972822599487436,0.9973530683704774,0.997265784875672,1.0
7,0,1.2451660232179484,0.64092,5000,1.628206005802861,0.6067146282973621,834,1.6305852176282352,0.6045,0.9983111091966527,0.08333030778566566,,,0.99,,0.9900107286803723,0.00998927131962768,0.9984478018122849,0.09983397041598525,5,0.001,0.1,1.0,0.9960209558868215,0.995806448895347,0.9969528810526749,0.9964197745075869,0.9966594158828568,0.9968879389534006,0.9964401600548115,0.9959780445447534,0.9957063292891984,0.9963996613128795,0.9965787261886787
7,1,1.2178671843686681,0.65084,5000,1.6364303165011935,0.5983213429256595,834,1.6305852176282352,0.6045,0.9983232675890044,0.0833383630050423,,,0.99,,0.9900107286803723,0.00998927131962768,0.9984478018122849,0.09983397041598525,5,0.001,0.1,0.9960209558868215,1.0,0.9963209231017556,0.9960135188212472,0.9961438993844333,0.9962940277663932,0.9961565537302388,0.996633415475224,0.9966845837878784,0.9970326285783195,0.9963636443730347,0.9963305818101068
7,2,1.2478653172778476,0.6472,5000,1.6147322213208233,0.5983213429256595,834,1.6305852176282352,0.6045,0.9983124382179214,0.08332017550555454,,,0.99,,0.9900107286803723,0.00998927131962768,0.9984478018122849,0.09983397041598525,5,0.001,0.1,0.995806448895347,0.9963209231017556,1.0,0.9964348812016655,0.996760889349727,0.9966061250420857,0.9964889154104702,0.9959029844595723,0.9963748896009319,0.9964657469354142,0.9961737684110415,0.9965309942743504
