round,client_id,client_i_training_loss,client_i_training_accuracy,client_i_training_dataset_size,client_i_evaluation_loss,client_i_evaluation_accuracy,client_i_evaluation_dataset_size,client_i_central_evaluation_loss,client_i_central_evaluation_accuracy,client_i_cosine_similarity,client_i_importance_coefficient,client_i_tanh_val,tanh_normalization_value,client_i_q,client_i_mask_order,client_i_v_nonzero_fraction,client_i_v_sparsity,client_i_v_cosine_similarity,client_i_reward_gradient_norm,local_epochs,learning_rate,gamma,client_0_cosine_similarity,client_1_cosine_similarity,client_2_cosine_similarity,client_3_cosine_similarity,client_4_cosine_similarity,client_5_cosine_similarity,client_6_cosine_similarity,client_7_cosine_similarity,client_8_cosine_similarity,client_9_cosine_similarity,client_10_cosine_similarity,client_11_cosine_similarity
0,0,2.2183082498562565,0.34568,5000,2.2656600033795393,0.2302158273381295,834,2.265089441031313,0.2267,0.9955800753884202,0.08343000239510168,,,0.97,,0.9700176878243976,0.029982312175602432,0,0.09944262267529158,5,0.001,0.1,1.0,0.9857871591542182,0.9882304919073442,0.9881730783800359,0.9908346281875244,0.9938151311262639,0.9909246737312593,0.9887492806677315,0.9913774767423327,0.9953973932094545,0.9783000176029175,0.9887853310071876
0,1,2.2173197892061465,0.32236,5000,2.265412065717909,0.2278177458033573,834,2.265089441031313,0.2267,0.9942569688548193,0.08331912554652247,,,0.97,,0.9700176878243976,0.029982312175602432,0,0.09944262267529158,5,0.001,0.1,0.9857871591542182,1.0,0.9866339904457404,0.9901571457456135,0.9799419136676748,0.9810382994373729,0.9877488911272344,0.9943116934444479,0.9852713430540505,0.9876523825379465,0.9919945452425893,0.99404851211549
0,2,2.2138622214080423,0.3044,5000,2.2626796298556857,0.2529976019184652,834,2.265089441031313,0.2267,0.9951449637056063,0.08339353986472697,,,0.97,,0.9700176878243976,0.029982312175602432,0,0.09944262267529158,5,0.001,0.1,0.9882304919073442,0.9866339904457404,1.0,0.9834194285400457,0.9905117269190385,0.9858896725550617,0.9962130923496968,0.9863890703709789,0.9933464718967817,0.992015019370127,0.987696874958175,0.9848365838664599
0,3,2.213390310554747,0.35208,5000,2.263222720887926,0.21342925659472423,834,2.265089441031313,0.2267,0.9931301973973873,0.08322470165464657,,,0.97,,0.9700176878243976,0.029982312175602432,0,0.09944262267529158,5,0.001,0.1,0.9881730783800359,0.9901571457456135,0.9834194285400457,1.0,0.9840634001149284,0.9816196640298168,0.9844899780318804,0.993943492695251,0.9851186572214189,0.9845206542685051,0.9855437962974799,0.9900906823737811
0,4,2.2167466534171134,0.33584,5000,2.2627664230487965,0.24009603841536614,833,2.265089441031313,0.2267,0.9937068587638481,0.08327302610425573,,,0.97,,0.9700176878243976,0.029982312175602432,0,0.09944262267529158,5,0.001,0.1,0.9908346281875244,0.9799419136676748,0.9905117269190385,0.9840634001149284,1.0,0.9883579916766506,0.9907253908247382,0.9845307176914236,0.9932805017177053,0.9917089070156474,0.9793837888159194,0.9846823802227171
0,5,2.214889778756792,0.34868,5000,2.2637820332138627,0.2148859543817527,833,2.265089441031313,0.2267,0.9920275042020839,0.0831322955306195,,,0.97,,0.9700176878243976,0.029982312175602432,0,0.09944262267529158,5,0.001,0.1,0.9938151311262639,0.9810382994373729,0.9858896725550617,0.9816196640298168,0.9883579916766506,1.0,0.9890361829593742,0.9829271279945017,0.986230081997133,0.9934838429733353,0.971780053362734,0.983803360490102
0,6,2.21598154268447,0.2974,5000,2.2614332658273204,0.22328931572629052,833,2.265089441031313,0.2267,0.9959137192861145,0.08345796188512349,,,0.97,,0.9700176878243976,0.029982312175602432,0,0.09944262267529158,5,0.001,0.1,0.9909246737312593,0.9877488911272344,0.9962130923496968,0.9844899780318804,0.9907253908247382,0.9890361829593742,1.0,0.9868788009553233,0.9927343225618741,0.9928609578630183,0.9853076231043026,0.9874361605737152
0,7,2.2170486720504274,0.3498,5000,2.263527587608055,0.24369747899159663,833,2.265089441031313,0.2267,0.9954533677585818,0.08341938424582145,,,0.97,,0.9700176878243976,0.029982312175602432,0,0.09944262267529158,5,0.001,0.1,0.9887492806677315,0.9943116934444479,0.9863890703709789,0.993943492695251,0.9845307176914236,0.9829271279945017,0.9868788009553233,1.0,0.9875493890872488,0.9898116114358363,0.9902966407114081,0.9934748197809189
0,8,2.2163986439917496,0.34236,5000,2.2679849907203957,0.2028811524609844,833,2.265089441031313,0.2267,0.9954643290259869,0.08342030280434673,,,0.97,,0.9700176878243976,0.029982312175602432,0,0.09944262267529158,5,0.001,0.1,0.9913774767423327,0.9852713430540505,0.9933464718967817,0.9851186572214189,0.9932805017177053,0.986230081997133,0.9927343225618741,0.9875493890872488,1.0,0.9929935281147173,0.9850862426117978,0.9860054326940941
0,9,2.2175338140718495,0.34408,5000,2.267154260917946,0.21728691476590636,833,2.265089441031313,0.2267,0.9966042554233797,0.08351582908537201,,,0.97,,0.9700176878243976,0.029982312175602432,0,0.09944262267529158,5,0.001,0.1,0.9953973932094545,0.9876523825379465,0.992015019370127,0.9845206542685051,0.9917089070156474,0.9934838429733353,0.9928609578630183,0.9898116114358363,0.9929935281147173,1.0,0.9833388365919463,0.9888131897242013
0,10,2.2173847316936324,0.29844,5000,2.261926191824454,0.23529411764705882,833,2.265089441031313,0.2267,0.9911058512307729,0.08305506064865993,,,0.97,,0.9700176878243976,0.029982312175602432,0,0.09944262267529158,5,0.001,0.1,0.9783000176029175,0.9919945452425893,0.987696874958175,0.9855437962974799,0.9793837888159194,0.971780053362734,0.9853076231043026,0.9902966407114081,0.9850862426117978,0.9833388365919463,1.0,0.9882547990328866
0,11,2.219931261706504,0.32432,5000,2.2675108468091048,0.2184873949579832,833,2.265089441031313,0.2267,0.9947300536038847,0.08335877023480355,,,0.97,,0.9700176878243976,0.029982312175602432,0,0.09944262267529158,5,0.001,0.1,0.9887853310071876,0.99404851211549,0.9848365838664599,0.9900906823737811,0.9846823802227171,0.983803360490102,0.9874361605737152,0.9934748197809189,0.9860054326940941,0.9888131897242013,0.9882547990328866,1.0
1,0,2.0875973289939247,0.4438,5000,2.2143109727788857,0.381294964028777,834,2.2117548590650955,0.3869,0.9982042658628345,0.08339730608548425,,,0.97,,0.9700176878243976,0.029982312175602432,0.9487810005616759,0.09980600680981257,5,0.001,0.1,1.0,0.9954607758539291,0.995156604195253,0.9965250153261677,0.9960663983618208,0.9964353071744706,0.9960556479265122,0.9960765408950398,0.9965718670409199,0.9972311259192013,0.9922886048335968,0.9973293958310602
1,1,2.0853844468001346,0.42204,5000,2.2097039575929993,0.37170263788968827,834,2.2117548590650955,0.3869,0.9984777222709966,0.08333812602371352,,,0.97,,0.9700176878243976,0.029982312175602432,0.9487810005616759,0.09980600680981257,5,0.001,0.1,0.9954607758539291,1.0,0.9970502614352627,0.9950574877164893,0.9950929333695753,0.9933143315646421,0.9965781340212804,0.9974435251088569,0.9968976059024126,0.997389404167552,0.9972839222031065,0.9969124661801495
1,2,2.079724078573239,0.41204,5000,2.2097574869791665,0.41127098321342925,834,2.2117548590650955,0.3869,0.9981757583249098,0.08337402099244869,,,0.97,,0.9700176878243976,0.029982312175602432,0.9487810005616759,0.09980600680981257,5,0.001,0.1,0.995156604195253,0.9970502614352627,1.0,0.9951012030272132,0.9959003020771329,0.993264400660288,0.998431144534873,0.9954908485540409,0.9963382814588492,0.9962408607138047,0.9962542392908096,0.995633699843596
1,3,2.075207490374328,0.454,5000,2.2085304348557084,0.3980815347721823,834,2.2117548590650955,0.3869,0.9977349291109612,0.08325623072358874,,,0.97,,0.9700176878243976,0.029982312175602432,0.9487810005616759,0.09980600680981257,5,0.001,0.1,0.9965250153261677,0.9950574877164893,0.9951012030272132,1.0,0.9967744359972476,0.9940365767692458,0.9949957518812094,0.9965178615910281,0.9966481819836194,0.9950768020224618,0.9934358060728883,0.9954204836280885
1,4,2.083457032890077,0.4492,5000,2.2088475668871843,0.38415366146458585,833,2.2117548590650955,0.3869,0.9981625547384996,0.08329967594724438,,,0.97,,0.9700176878243976,0.029982312175602432,0.9487810005616759,0.09980600680981257,5,0.001,0.1,0.9960663983618208,0.9950929333695753,0.9959003020771329,0.9967744359972476,1.0,0.9956243448703067,0.996352605111849,0.9957985454895101,0.9968418803105018,0.9963006522608462,0.993481273231166,0.9964753705585562
1,5,2.080292909464259,0.44604,5000,2.210045434810497,0.37815126050420167,833,2.2117548590650955,0.3869,0.9965624934394398,0.0831617031942748,,,0.97,,0.9700176878243976,0.029982312175602432,0.9487810005616759,0.09980600680981257,5,0.001,0.1,0.9964353071744706,0.9933143315646421,0.993264400660288,0.9940365767692458,0.9956243448703067,1.0,0.9946280154426779,0.9938264826790943,0.9942414605233981,0.9957985236343058,0.9891437889976838,0.9952313366842463
1,6,2.0849240096511354,0.41384,5000,2.210853921042548,0.382953181272509,833,2.2117548590650955,0.3869,0.9984067733288786,0.08342099284030738,,,0.97,,0.9700176878243976,0.029982312175602432,0.9487810005616759,0.09980600680981257,5,0.001,0.1,0.9960556479265122,0.9965781340212804,0.998431144534873,0.9949957518812094,0.996352605111849,0.9946280154426779,1.0,0.9953344738326673,0.996598759624071,0.9966206716106809,0.9957025613028629,0.996329030198925
1,7,2.0810005913874146,0.4466,5000,2.20846657399778,0.39735894357743096,833,2.2117548590650955,0.3869,0.9983401253336854,0.08339517915329066,,,0.97,,0.9700176878243976,0.029982312175602432,0.9487810005616759,0.09980600680981257,5,0.001,0.1,0.9960765408950398,0.9974435251088569,0.9954908485540409,0.9965178615910281,0.9957985454895101,0.9938264826790943,0.9953344738326673,1.0,0.9963822656776498,0.9974499337735405,0.9957483512008171,0.9967622279717088
1,8,2.0855655355817952,0.44976,5000,2.2155002134817616,0.38895558223289317,833,2.2117548590650955,0.3869,0.9985292505541916,0.08340184796417514,,,0.97,,0.9700176878243976,0.029982312175602432,0.9487810005616759,0.09980600680981257,5,0.001,0.1,0.9965718670409199,0.9968976059024126,0.9963382814588492,0.9966481819836194,0.9968418803105018,0.9942414605233981,0.996598759624071,0.9963822656776498,1.0,0.9965047759464915,0.9954227580786936,0.9966480542422427
1,9,2.0856876546410237,0.44056,5000,2.213140779071384,0.382953181272509,833,2.2117548590650955,0.3869,0.9987211463652989,0.08346663518777585,,,0.97,,0.9700176878243976,0.029982312175602432,0.9487810005616759,0.09980600680981257,5,0.001,0.1,0.9972311259192013,0.997389404167552,0.9962408607138047,0.9950768020224618,0.9963006522608462,0.9957985236343058,0.9966206716106809,0.9974499337735405,0.9965047759464915,1.0,0.995023976038065,0.9977513428637959
1,10,2.0856025256928366,0.42348,5000,2.2092260872876204,0.39015606242497,833,2.2117548590650955,0.3869,0.9968332887910245,0.08312307199883708,,,0.97,,0.9700176878243976,0.029982312175602432,0.9487810005616759,0.09980600680981257,5,0.001,0.1,0.9922886048335968,0.9972839222031065,0.9962542392908096,0.9934358060728883,0.993481273231166,0.9891437889976838,0.9957025613028629,0.9957483512008171,0.9954227580786936,0.995023976038065,1.0,0.9950105222436142
1,11,2.0901474855508013,0.43916,5000,2.2141185071733265,0.375750300120048,833,2.2117548590650955,0.3869,0.9985634422773711,0.08336520988885955,,,0.97,,0.9700176878243976,0.029982312175602432,0.9487810005616759,0.09980600680981257,5,0.001,0.1,0.9973293958310602,0.9969124661801495,0.995633699843596,0.9954204836280885,0.9964753705585562,0.9952313366842463,0.996329030198925,0.9967622279717088,0.9966480542422427,0.9977513428637959,0.9950105222436142,1.0
2,0,1.9139751089606316,0.49352,5000,2.1501932673984103,0.447242206235012,834,2.1451514635604028,0.4481,0.9988222589240656,0.08337727694773821,,,0.97,,0.9700176878243976,0.029982312175602432,0.9861118152798876,0.09986765156798011,5,0.001,0.1,1.0,0.9969065047338388,0.9970952082315764,0.9977490258400903,0.9976514268239842,0.9973414165943969,0.9975227872740543,0.9972144520951016,0.9976081720870317,0.9981045682082141,0.9950990040459518,0.997704457655113
2,1,1.9135783052748176,0.48064,5000,2.140281394675926,0.4292565947242206,834,2.1451514635604028,0.4481,0.9989239149376494,0.08334426760779359,,,0.97,,0.9700176878243976,0.029982312175602432,0.9861118152798876,0.09986765156798011,5,0.001,0.1,0.9969065047338388,1.0,0.9980681230037833,0.9970336849957564,0.9968893239289817,0.9953831123291106,0.9976496513608409,0.9979641252909899,0.9975138380511994,0.9981639779431832,0.9980475148998474,0.9975989157248014
2,2,1.90671433050921,0.46496,5000,2.1436575342107704,0.4556354916067146,834,2.1451514635604028,0.4481,0.9988478145517714,0.08336382291975962,,,0.97,,0.9700176878243976,0.029982312175602432,0.9861118152798876,0.09986765156798011,5,0.001,0.1,0.9970952082315764,0.9980681230037833,1.0,0.9970660324999602,0.9973270413161596,0.9953821186871701,0.9985322635418792,0.9972858674114018,0.9975007316363493,0.9976850449642984,0.9975013483832572,0.9968614799628897
2,3,1.8953815431351875,0.5058,5000,2.1403791109720864,0.44364508393285373,834,2.1451514635604028,0.4481,0.9986543658328428,0.08328534838897626,,,0.97,,0.9700176878243976,0.029982312175602432,0.9861118152798876,0.09986765156798011,5,0.001,0.1,0.9977490258400903,0.9970336849957564,0.9970660324999602,1.0,0.997753709598311,0.9963207982766807,0.9969129006046598,0.9976458815221625,0.9975040087447845,0.9974222782785993,0.9958342014693573,0.9967479267591158
2,4,1.908675639492691,0.50812,5000,2.141914455978959,0.453781512605042,833,2.1451514635604028,0.4481,0.9988696344939081,0.08331893746956856,,,0.97,,0.9700176878243976,0.029982312175602432,0.9861118152798876,0.09986765156798011,5,0.001,0.1,0.9976514268239842,0.9968893239289817,0.9973270413161596,0.997753709598311,1.0,0.997183999968728,0.9978057700450961,0.9972224164120539,0.9977898945151272,0.9977446253347708,0.9958603284905626,0.9973407438157098
2,5,1.905888866770799,0.4976,5000,2.1428901707684553,0.4561824729891957,833,2.1451514635604028,0.4481,0.9975809591895004,0.08319273868332394,,,0.97,,0.9700176878243976,0.029982312175602432,0.9861118152798876,0.09986765156798011,5,0.001,0.1,0.9973414165943969,0.9953831123291106,0.9953821186871701,0.9963207982766807,0.997183999968728,1.0,0.9962415776846856,0.9958171063812761,0.9956943971435362,0.9968613196340108,0.9930325339320636,0.9958711221814457
2,6,1.9140729413670339,0.46972,5000,2.147655275132921,0.4381752701080432,833,2.1451514635604028,0.4481,0.9989439875286122,0.0833957308219277,,,0.97,,0.9700176878243976,0.029982312175602432,0.9861118152798876,0.09986765156798011,5,0.001,0.1,0.9975227872740543,0.9976496513608409,0.9985322635418792,0.9969129006046598,0.9978057700450961,0.9962415776846856,1.0,0.996996644376363,0.9976207355614055,0.9978685637846594,0.9971600349332803,0.9971464222381522
2,7,1.9041190899101792,0.50712,5000,2.139934363188567,0.453781512605042,833,2.1451514635604028,0.4481,0.9988308243997538,0.08337624912310082,,,0.97,,0.9700176878243976,0.029982312175602432,0.9861118152798876,0.09986765156798011,5,0.001,0.1,0.9972144520951016,0.9979641252909899,0.9972858674114018,0.9976458815221625,0.9972224164120539,0.9958171063812761,0.996996644376363,1.0,0.9971490084554173,0.9982083971809723,0.9969132507978264,0.9976843821822627
2,8,1.9134189350589825,0.49744,5000,2.1496654086642795,0.45738295318127253,833,2.1451514635604028,0.4481,0.9987886499906832,0.0833789773920796,,,0.97,,0.9700176878243976,0.029982312175602432,0.9861118152798876,0.09986765156798011,5,0.001,0.1,0.9976081720870317,0.9975138380511994,0.9975007316363493,0.9975040087447845,0.9977898945151272,0.9956943971435362,0.9976207355614055,0.9971490084554173,1.0,0.9975786335544724,0.9964741845574262,0.9971611837336292
2,9,1.9116721361306064,0.49988,5000,2.145778744309037,0.45138055222088835,833,2.1451514635604028,0.4481,0.999225271287688,0.08343279782832402,,,0.97,,0.9700176878243976,0.029982312175602432,0.9861118152798876,0.09986765156798011,5,0.001,0.1,0.9981045682082141,0.9981639779431832,0.9976850449642984,0.9974222782785993,0.9977446253347708,0.9968613196340108,0.9978685637846594,0.9982083971809723,0.9975786335544724,1.0,0.9969886171090746,0.9982010559411757
2,10,1.9131724252822293,0.48884,5000,2.143554616857458,0.45018007202881155,833,2.1451514635604028,0.4481,0.9979204758889253,0.08318000712641231,,,0.97,,0.9700176878243976,0.029982312175602432,0.9861118152798876,0.09986765156798011,5,0.001,0.1,0.9950990040459518,0.9980475148998474,0.9975013483832572,0.9958342014693573,0.9958603284905626,0.9930325339320636,0.9971600349332803,0.9969132507978264,0.9964741845574262,0.9969886171090746,1.0,0.9962872872659845
2,11,1.9195107774370035,0.5,5000,2.1466262252242476,0.44057623049219685,833,2.1451514635604028,0.4481,0.9987060899240647,0.08335384569099534,,,0.97,,0.9700176878243976,0.029982312175602432,0.9861118152798876,0.09986765156798011,5,0.001,0.1,0.997704457655113,0.9975989157248014,0.9968614799628897,0.9967479267591158,0.9973407438157098,0.9958711221814457,0.9971464222381522,0.9976843821822627,0.9971611837336292,0.9982010559411757,0.9962872872659845,1.0
3,0,1.7384581783015258,0.5316,5000,2.0717258718278675,0.4724220623501199,834,2.063693656708105,0.4744,0.9989274517987842,0.083366506883976,,,0.97,,0.9700176878243976,0.029982312175602432,0.994435641324945,0.09987346692895531,5,0.001,0.1,1.0,0.9973272328499271,0.9973611829238778,0.9976863342610802,0.9977787533272741,0.9973492803098901,0.9978633208361591,0.9968983656902878,0.9979970486148594,0.9980128590249109,0.9964550355471592,0.997229271523617
3,1,1.7403652854785798,0.5216,5000,2.055600122169212,0.4628297362110312,834,2.063693656708105,0.4744,0.9990216266193499,0.08334930482371769,,,0.97,,0.9700176878243976,0.029982312175602432,0.994435641324945,0.09987346692895531,5,0.001,0.1,0.9973272328499271,1.0,0.998016424942661,0.9971898062234252,0.9969654810226867,0.9959369863107955,0.9977642224971404,0.9981208937215397,0.9977719468290633,0.998254911356078,0.9978338538588133,0.9979052522089622
3,2,1.7335626005367109,0.51452,5000,2.0629012363928334,0.47721822541966424,834,2.063693656708105,0.4744,0.9989192493985559,0.08335799210214143,,,0.97,,0.9700176878243976,0.029982312175602432,0.994435641324945,0.09987346692895531,5,0.001,0.1,0.9973611829238778,0.998016424942661,1.0,0.9975491025915669,0.9974050752793086,0.9957919658727047,0.9984014673484027,0.9973340873534703,0.997496982094255,0.9977816491529782,0.9979569330164859,0.9967658743477708
3,3,1.7144448117845377,0.54852,5000,2.0571095943450928,0.47601918465227816,834,2.063693656708105,0.4744,0.998688583104683,0.08330242674112381,,,0.97,,0.9700176878243976,0.029982312175602432,0.994435641324945,0.09987346692895531,5,0.001,0.1,0.9976863342610802,0.9971898062234252,0.9975491025915669,1.0,0.9975026901287245,0.9966506614911513,0.9972959650336929,0.997189785745196,0.9975018940901597,0.9972756328778544,0.9968661281901275,0.996391550456481
3,4,1.730290759900573,0.5488,5000,2.0600685101968272,0.4801920768307323,833,2.063693656708105,0.4744,0.9987382072906925,0.08332462525153446,,,0.97,,0.9700176878243976,0.029982312175602432,0.994435641324945,0.09987346692895531,5,0.001,0.1,0.9977787533272741,0.9969654810226867,0.9974050752793086,0.9975026901287245,1.0,0.9972987372666192,0.9974000287321383,0.997080402921448,0.9976514291625707,0.9974407469447593,0.996297139260531,0.9968724581405797
3,5,1.7280959366233486,0.53928,5000,2.0608487482424134,0.49339735894357745,833,2.063693656708105,0.4744,0.9979118568770674,0.0832205701700013,,,0.97,,0.9700176878243976,0.029982312175602432,0.994435641324945,0.09987346692895531,5,0.001,0.1,0.9973492803098901,0.9959369863107955,0.9957919658727047,0.9966506614911513,0.9972987372666192,1.0,0.9965450301719431,0.9961517390549446,0.9964469899229268,0.9971060252906525,0.9946407007273698,0.9958750946412229
3,6,1.7408885126660585,0.51612,5000,2.07018385110078,0.4525810324129652,833,2.063693656708105,0.4744,0.9989286509154968,0.08337786156649062,,,0.97,,0.9700176878243976,0.029982312175602432,0.994435641324945,0.09987346692895531,5,0.001,0.1,0.9978633208361591,0.9977642224971404,0.9984014673484027,0.9972959650336929,0.9974000287321383,0.9965450301719431,1.0,0.9968289691627009,0.9975981329705841,0.9979064802325881,0.9975155857737653,0.9968537197149338
3,7,1.7241711753948479,0.55368,5000,2.0562923396075212,0.4789915966386555,833,2.063693656708105,0.4744,0.998719975698436,0.0833591805605683,,,0.97,,0.9700176878243976,0.029982312175602432,0.994435641324945,0.09987346692895531,5,0.001,0.1,0.9968983656902878,0.9981208937215397,0.9973340873534703,0.997189785745196,0.997080402921448,0.9961517390549446,0.9968289691627009,1.0,0.9971975594036194,0.9979476757152917,0.9968840771167093,0.9978380122545565
3,8,1.7373045080027003,0.537,5000,2.069190396202935,0.48739495798319327,833,2.063693656708105,0.4744,0.9988947496605859,0.08336649417789001,,,0.97,,0.9700176878243976,0.029982312175602432,0.994435641324945,0.09987346692895531,5,0.001,0.1,0.9979970486148594,0.9977719468290633,0.997496982094255,0.9975018940901597,0.9976514291625707,0.9964469899229268,0.9975981329705841,0.9971975594036194,1.0,0.9978502709007375,0.9970641839562369,0.9969899360803879
3,9,1.7363420352814303,0.54096,5000,2.0631745126512318,0.4849939975990396,833,2.063693656708105,0.4744,0.9991770262158818,0.0834086072221003,,,0.97,,0.9700176878243976,0.029982312175602432,0.994435641324945,0.09987346692895531,5,0.001,0.1,0.9980128590249109,0.998254911356078,0.9977816491529782,0.9972756328778544,0.9974407469447593,0.9971060252906525,0.9979064802325881,0.9979476757152917,0.9978502709007375,1.0,0.9975111014730956,0.9978614251495147
3,10,1.7391178300426264,0.52868,5000,2.063248731471874,0.46218487394957986,833,2.063693656708105,0.4744,0.9983780909663187,0.08322781031375583,,,0.97,,0.9700176878243976,0.029982312175602432,0.994435641324945,0.09987346692895531,5,0.001,0.1,0.9964550355471592,0.9978338538588133,0.9979569330164859,0.9968661281901275,0.996297139260531,0.9946407007273698,0.9975155857737653,0.9968840771167093,0.9970641839562369,0.9975111014730956,1.0,0.9963543581901029
3,11,1.744743821651313,0.54088,5000,2.0640436057691223,0.4645858343337335,833,2.063693656708105,0.4744,0.9985085815473327,0.08333862018670006,,,0.97,,0.9700176878243976,0.029982312175602432,0.994435641324945,0.09987346692895531,5,0.001,0.1,0.997229271523617,0.9979052522089622,0.9967658743477708,0.996391550456481,0.9968724581405797,0.9958750946412229,0.9968537197149338,0.9978380122545565,0.9969899360803879,0.9978614251495147,0.9963543581901029,1.0
4,0,1.5809201715098824,0.56964,5000,1.9784890678193834,0.4892086330935252,834,1.9671379563907465,0.4923,0.9989719686899761,0.08335929691571366,,,0.97,,0.9700176878243976,0.029982312175602432,0.9965786428733264,0.09987978030266459,5,0.001,0.1,1.0,0.9975226165042353,0.9972206776864897,0.9978719038894989,0.9977576173346099,0.9973347440512753,0.9978745642802171,0.9976291800859228,0.9977611287933112,0.9980159866175073,0.9965688455624506,0.9976934632436074
4,1,1.5858640534103297,0.55888,5000,1.9554135092982539,0.4892086330935252,834,1.9671379563907465,0.4923,0.999064069352849,0.08335172118102427,,,0.97,,0.9700176878243976,0.029982312175602432,0.9965786428733264,0.09987978030266459,5,0.001,0.1,0.9975226165042353,1.0,0.9980816661870097,0.9975647909677364,0.9965025280039542,0.9965023981476705,0.9979361789150816,0.9981479096350632,0.9976504664548519,0.998287913694587,0.9982638940950267,0.9978948693416544
4,2,1.5795422089327673,0.5554,5000,1.9673540768799958,0.4880095923261391,834,1.9671379563907465,0.4923,0.9988258620549602,0.08334936043696829,,,0.97,,0.9700176878243976,0.029982312175602432,0.9965786428733264,0.09987978030266459,5,0.001,0.1,0.9972206776864897,0.9980816661870097,1.0,0.997327782111618,0.9966111020668766,0.9961839401021895,0.9983008635768265,0.9977485486265185,0.9971581392014491,0.9979795040920589,0.997592829145395,0.9972941317190478
4,3,1.5572056415734017,0.58568,5000,1.9585151495756927,0.49280575539568344,834,1.9671379563907465,0.4923,0.998799599392444,0.0833144408144198,,,0.97,,0.9700176878243976,0.029982312175602432,0.9965786428733264,0.09987978030266459,5,0.001,0.1,0.9978719038894989,0.9975647909677364,0.997327782111618,1.0,0.997505077741134,0.9969670445204755,0.9974576532313355,0.9975847882651242,0.9976133970552403,0.9975025330521525,0.9967959448239688,0.9969960314712539
4,4,1.5709100728581666,0.58608,5000,1.9630936075139929,0.5042016806722689,833,1.9671379563907465,0.4923,0.9984374402899895,0.08331636469670183,,,0.97,,0.9700176878243976,0.029982312175602432,0.9965786428733264,0.09987978030266459,5,0.001,0.1,0.9977576173346099,0.9965025280039542,0.9966111020668766,0.997505077741134,1.0,0.9972760838203328,0.9973925140731482,0.9968777381521973,0.9974217916263682,0.9973002952135187,0.9957478441163464,0.9964531043000873
4,5,1.5715570324545454,0.57552,5000,1.9636322789722018,0.503001200480192,833,1.9671379563907465,0.4923,0.9981401200234947,0.08324296386598942,,,0.97,,0.9700176878243976,0.029982312175602432,0.9965786428733264,0.09987978030266459,5,0.001,0.1,0.9973347440512753,0.9965023981476705,0.9961839401021895,0.9969670445204755,0.9972760838203328,1.0,0.996717078717161,0.9971205751018544,0.9965381787163856,0.9970252681381239,0.9952356356622839,0.99638493224063
4,6,1.5859738871550104,0.555,5000,1.9780344521557842,0.4645858343337335,833,1.9671379563907465,0.4923,0.9990809008950424,0.08336977505566515,,,0.97,,0.9700176878243976,0.029982312175602432,0.9965786428733264,0.09987978030266459,5,0.001,0.1,0.9978745642802171,0.9979361789150816,0.9983008635768265,0.9974576532313355,0.9973925140731482,0.996717078717161,1.0,0.9978450247137912,0.9977025408891996,0.9980017010748035,0.997771385710237,0.9975566230239216
4,7,1.5665736978221092,0.5844,5000,1.9574938350253634,0.49939975990396157,833,1.9671379563907465,0.4923,0.9990402672507491,0.08335700870295629,,,0.97,,0.9700176878243976,0.029982312175602432,0.9965786428733264,0.09987978030266459,5,0.001,0.1,0.9976291800859228,0.9981479096350632,0.9977485486265185,0.9975847882651242,0.9968777381521973,0.9971205751018544,0.9978450247137912,1.0,0.9973575395576149,0.9983336119000641,0.9976096840369082,0.9978153699018375
4,8,1.5795631030562578,0.5688,5000,1.9739201289636117,0.503001200480192,833,1.9671379563907465,0.4923,0.998770304877816,0.08335278081138808,,,0.97,,0.9700176878243976,0.029982312175602432,0.9965786428733264,0.09987978030266459,5,0.001,0.1,0.9977611287933112,0.9976504664548519,0.9971581392014491,0.9976133970552403,0.9974217916263682,0.9965381787163856,0.9977025408891996,0.9973575395576149,1.0,0.9977458460259659,0.9968310688428421,0.9970531528487905
4,9,1.5800819548831624,0.57352,5000,1.9651414994840268,0.5066026410564226,833,1.9671379563907465,0.4923,0.9992057427164046,0.08339265697146982,,,0.97,,0.9700176878243976,0.029982312175602432,0.9965786428733264,0.09987978030266459,5,0.001,0.1,0.9980159866175073,0.998287913694587,0.9979795040920589,0.9975025330521525,0.9973002952135187,0.9970252681381239,0.9980017010748035,0.9983336119000641,0.9977458460259659,1.0,0.9978418572893025,0.9980174615270113
4,10,1.5832042185364255,0.56248,5000,1.9679326834502044,0.49459783913565425,833,1.9671379563907465,0.4923,0.9984973966385902,0.08325893385765817,,,0.97,,0.9700176878243976,0.029982312175602432,0.9965786428733264,0.09987978030266459,5,0.001,0.1,0.9965688455624506,0.9982638940950267,0.997592829145395,0.9967959448239688,0.9957478441163464,0.9952356356622839,0.997771385710237,0.9976096840369082,0.9968310688428421,0.9978418572893025,1.0,0.997306342644257
4,11,1.591187115307826,0.56856,5000,1.9661519880648013,0.4729891956782713,833,1.9671379563907465,0.4923,0.9987395638441418,0.08333469669004506,,,0.97,,0.9700176878243976,0.029982312175602432,0.9965786428733264,0.09987978030266459,5,0.001,0.1,0.9976934632436074,0.9978948693416544,0.9972941317190478,0.9969960314712539,0.9964531043000873,0.99638493224063,0.9975566230239216,0.9978153699018375,0.9970531528487905,0.9980174615270113,0.997306342644257,1.0
5,0,1.446696161464521,0.6022,5000,1.8715300913210269,0.5431654676258992,834,1.8569958457550682,0.5436,0.9989696729663793,0.08335636905917215,,,0.97,,0.9700176878243976,0.029982312175602432,0.9974718149518438,0.0998749196279631,5,0.001,0.1,1.0,0.997631470822801,0.9972363159389854,0.9973382636361714,0.9975590261379794,0.9969150469854756,0.9977670535401715,0.9977552987249779,0.9975046978598419,0.9980073559017796,0.9971604354742433,0.9977664050225278
5,1,1.4554566380324636,0.59192,5000,1.8413722073590313,0.5251798561151079,834,1.8569958457550682,0.5436,0.9990165090962814,0.08335323519250905,,,0.97,,0.9700176878243976,0.029982312175602432,0.9974718149518438,0.0998749196279631,5,0.001,0.1,0.997631470822801,1.0,0.9979418999254636,0.9975857504851044,0.9970055275640975,0.9963160199363849,0.9978254237626742,0.9979329087152445,0.9976179036465476,0.9979718690007223,0.9979773419256568,0.99739661583735
5,2,1.4491116828219905,0.58916,5000,1.8584913677639432,0.5479616306954437,834,1.8569958457550682,0.5436,0.9987425503953486,0.0833429459256253,,,0.97,,0.9700176878243976,0.029982312175602432,0.9974718149518438,0.0998749196279631,5,0.001,0.1,0.9972363159389854,0.9979418999254636,1.0,0.9971755620469293,0.9970236045546772,0.9960046062695117,0.9981167938733925,0.9975877091034139,0.9970101906471279,0.9976641906901408,0.9974064365894747,0.9967516159156782
5,3,1.4219010267288061,0.61872,5000,1.846132472709373,0.539568345323741,834,1.8569958457550682,0.5436,0.9986191355660704,0.08331755015684614,,,0.97,,0.9700176878243976,0.029982312175602432,0.9974718149518438,0.0998749196279631,5,0.001,0.1,0.9973382636361714,0.9975857504851044,0.9971755620469293,1.0,0.9971488572938052,0.9968305929601803,0.9971431522868373,0.9974353121453277,0.9972131724021064,0.9971290097060137,0.9968318035779214,0.9966107672841944
5,4,1.4355464409870706,0.61836,5000,1.8527473608652751,0.5462184873949579,833,1.8569958457550682,0.5436,0.9986482322190336,0.0833196689380684,,,0.97,,0.9700176878243976,0.029982312175602432,0.9974718149518438,0.0998749196279631,5,0.001,0.1,0.9975590261379794,0.9970055275640975,0.9970236045546772,0.9971488572938052,1.0,0.9974629084387939,0.9975100854494545,0.9974227672433013,0.9974218597020525,0.9973293753863302,0.9961934338750544,0.9967133094554788
5,5,1.4385639817092069,0.6112,5000,1.8525077325326424,0.5666266506602641,833,1.8569958457550682,0.5436,0.9980455092403397,0.08325520744488962,,,0.97,,0.9700176878243976,0.029982312175602432,0.9974718149518438,0.0998749196279631,5,0.001,0.1,0.9969150469854756,0.9963160199363849,0.9960046062695117,0.9968305929601803,0.9974629084387939,1.0,0.996531640340562,0.9969529409504783,0.9965125236774188,0.9966665686839107,0.9954916380578893,0.9958859826700631
5,6,1.4537646394626351,0.59328,5000,1.8729272109490853,0.5066026410564226,833,1.8569958457550682,0.5436,0.999001787313988,0.0833638307043744,,,0.97,,0.9700176878243976,0.029982312175602432,0.9974718149518438,0.0998749196279631,5,0.001,0.1,0.9977670535401715,0.9978254237626742,0.9981167938733925,0.9971431522868373,0.9975100854494545,0.996531640340562,1.0,0.9977381386452066,0.9974567698932411,0.9978176206598675,0.9977887516143819,0.9973305860101559
5,7,1.4322164206747796,0.61588,5000,1.8452025828538117,0.5558223289315727,833,1.8569958457550682,0.5436,0.9990204628930501,0.08335660510521031,,,0.97,,0.9700176878243976,0.029982312175602432,0.9974718149518438,0.0998749196279631,5,0.001,0.1,0.9977552987249779,0.9979329087152445,0.9975877091034139,0.9974353121453277,0.9974227672433013,0.9969529409504783,0.9977381386452066,1.0,0.9975805640751432,0.9980980706928122,0.9973517305245454,0.9973947161119692
5,8,1.4441579120174335,0.60844,5000,1.8655810179533783,0.5642256902761105,833,1.8569958457550682,0.5436,0.9987021884276596,0.08334374066997685,,,0.97,,0.9700176878243976,0.029982312175602432,0.9974718149518438,0.0998749196279631,5,0.001,0.1,0.9975046978598419,0.9976179036465476,0.9970101906471279,0.9972131724021064,0.9974218597020525,0.9965125236774188,0.9974567698932411,0.9975805640751432,1.0,0.9975414169361805,0.9968306581285596,0.9967458010655897
5,9,1.4479817174042866,0.59988,5000,1.8532454305224948,0.5570228091236494,833,1.8569958457550682,0.5436,0.9990738380929699,0.08338018724245763,,,0.97,,0.9700176878243976,0.029982312175602432,0.9974718149518438,0.0998749196279631,5,0.001,0.1,0.9980073559017796,0.9979718690007223,0.9976641906901408,0.9971290097060137,0.9973293753863302,0.9966665686839107,0.9978176206598675,0.9980980706928122,0.9975414169361805,1.0,0.9979383791139312,0.9977251799460045
5,10,1.4511525816978164,0.59468,5000,1.8590238668300487,0.5522208883553421,833,1.8569958457550682,0.5436,0.9986024087492578,0.08328297344814131,,,0.97,,0.9700176878243976,0.029982312175602432,0.9974718149518438,0.0998749196279631,5,0.001,0.1,0.9971604354742433,0.9979773419256568,0.9974064365894747,0.9968318035779214,0.9961934338750544,0.9954916380578893,0.9977887516143819,0.9973517305245454,0.9968306581285596,0.9979383791139312,1.0,0.9972707960235621
5,11,1.4588959283130185,0.59968,5000,1.854509128464593,0.5186074429771909,833,1.8569958457550682,0.5436,0.9985483364272593,0.08332768611272895,,,0.97,,0.9700176878243976,0.029982312175602432,0.9974718149518438,0.0998749196279631,5,0.001,0.1,0.9977664050225278,0.99739661583735,0.9967516159156782,0.9966107672841944,0.9967133094554788,0.9958859826700631,0.9973305860101559,0.9973947161119692,0.9967458010655897,0.9977251799460045,0.9972707960235621,1.0
6,0,1.3355131391507045,0.6226,5000,1.7540076926902488,0.5863309352517986,834,1.7361768358431684,0.5838,0.9987433895474908,0.08335296866217258,,,0.97,,0.9700176878243976,0.029982312175602432,0.9982785073161929,0.09985725820213598,5,0.001,0.1,1.0,0.99738349765715,0.9965869914692143,0.99718915945579,0.9972753048275013,0.9964934379049858,0.997202792042539,0.997347982948793,0.9970487187239714,0.9974453210792481,0.9966475518617475,0.9971932119724806
6,1,1.3463256635483662,0.61372,5000,1.7163084833710283,0.5695443645083933,834,1.7361768358431684,0.5838,0.998878445456431,0.0833554058939789,,,0.97,,0.9700176878243976,0.029982312175602432,0.9982785073161929,0.09985725820213598,5,0.001,0.1,0.99738349765715,1.0,0.9973833133270441,0.9973739058948059,0.996906025430703,0.9960712567835984,0.9971351857532241,0.9974277558880379,0.9972411994220112,0.9977924652785863,0.9977477201517093,0.9969700206619595
6,2,1.3395344328728451,0.62072,5000,1.7386640972561307,0.5827338129496403,834,1.7361768358431684,0.5838,0.9984855595933456,0.08333641533932254,,,0.97,,0.9700176878243976,0.029982312175602432,0.9982785073161929,0.09985725820213598,5,0.001,0.1,0.9965869914692143,0.9973833133270441,1.0,0.9969313250025783,0.9966221866813626,0.9954468246220534,0.9975934096158449,0.9971347683799071,0.9965162219919104,0.9972689230123644,0.9971654207048175,0.9960747741114206
6,3,1.3112222139243108,0.64512,5000,1.7229560481177435,0.5947242206235012,834,1.7361768358431684,0.5838,0.9986005355566607,0.08332455253856608,,,0.97,,0.9700176878243976,0.029982312175602432,0.9982785073161929,0.09985725820213598,5,0.001,0.1,0.99718915945579,0.9973739058948059,0.9969313250025783,1.0,0.9970171561334152,0.9965071730540175,0.9966809901986778,0.997150285523214,0.9970000119191543,0.9970431395054801,0.9968017828315268,0.9964090006571875
6,4,1.323744947591405,0.64132,5000,1.731868028640747,0.575030012004802,833,1.7361768358431684,0.5838,0.9985627208850096,0.08332463136184404,,,0.97,,0.9700176878243976,0.029982312175602432,0.9982785073161929,0.09985725820213598,5,0.001,0.1,0.9972753048275013,0.996906025430703,0.9966221866813626,0.9970171561334152,1.0,0.9969778798171697,0.9972282208072013,0.9970237002247011,0.9969795740241343,0.9971105759707493,0.9960691659259994,0.9964408587726297
6,5,1.329641484379009,0.63344,5000,1.730441270051179,0.6014405762304922,833,1.7361768358431684,0.5838,0.9978504730096097,0.08326211242513279,,,0.97,,0.9700176878243976,0.029982312175602432,0.9982785073161929,0.09985725820213598,5,0.001,0.1,0.9964934379049858,0.9960712567835984,0.9954468246220534,0.9965071730540175,0.9969778798171697,1.0,0.9959910967968602,0.9967815438396886,0.9961633073830549,0.9961580605231547,0.9952936379734314,0.9952350538397934
6,6,1.3434884646895584,0.61932,5000,1.7575273469642356,0.5450180072028812,833,1.7361768358431684,0.5838,0.9987260272695266,0.08335698407361723,,,0.97,,0.9700176878243976,0.029982312175602432,0.9982785073161929,0.09985725820213598,5,0.001,0.1,0.997202792042539,0.9971351857532241,0.9975934096158449,0.9966809901986778,0.9972282208072013,0.9959910967968602,1.0,0.9972954670919879,0.9969884331241459,0.9973479874748122,0.9974424701549477,0.9966995088795644
6,7,1.3198481205162729,0.6392,5000,1.7232464022106595,0.5870348139255702,833,1.7361768358431684,0.5838,0.9988334968149115,0.08335602170840337,,,0.97,,0.9700176878243976,0.029982312175602432,0.9982785073161929,0.09985725820213598,5,0.001,0.1,0.997347982948793,0.9974277558880379,0.9971347683799071,0.997150285523214,0.9970237002247011,0.9967815438396886,0.9972954670919879,1.0,0.9972497621595672,0.9976938769656081,0.9969848991421059,0.996803790444098
6,8,1.3320607692572721,0.63756,5000,1.7471785721955475,0.5942376950780313,833,1.7361768358431684,0.5838,0.9985131707088396,0.08333779388348932,,,0.97,,0.9700176878243976,0.029982312175602432,0.9982785073161929,0.09985725820213598,5,0.001,0.1,0.9970487187239714,0.9972411994220112,0.9965162219919104,0.9970000119191543,0.9969795740241343,0.9961633073830549,0.9969884331241459,0.9972497621595672,1.0,0.9970552562382091,0.9965248458680687,0.9962882414543904
6,9,1.337600969736743,0.62292,5000,1.7304111807434648,0.6038415366146459,833,1.7361768358431684,0.5838,0.9989084707466291,0.08337290311729115,,,0.97,,0.9700176878243976,0.029982312175602432,0.9982785073161929,0.09985725820213598,5,0.001,0.1,0.9974453210792481,0.9977924652785863,0.9972689230123644,0.9970431395054801,0.9971105759707493,0.9961580605231547,0.9973479874748122,0.9976938769656081,0.9970552562382091,1.0,0.997584787587982,0.9972908704618471
6,10,1.3420570362145734,0.61924,5000,1.7393873267703586,0.5834333733493398,833,1.7361768358431684,0.5838,0.9985042729060724,0.08330024168373315,,,0.97,,0.9700176878243976,0.029982312175602432,0.9982785073161929,0.09985725820213598,5,0.001,0.1,0.9966475518617475,0.9977477201517093,0.9971654207048175,0.9968017828315268,0.9960691659259994,0.9952936379734314,0.9974424701549477,0.9969848991421059,0.9965248458680687,0.997584787587982,1.0,0.9966877538716715
6,11,1.3492947438719927,0.62328,5000,1.7318042560859963,0.5822328931572629,833,1.7361768358431684,0.5838,0.9982659508843991,0.08331996931244891,,,0.97,,0.9700176878243976,0.029982312175602432,0.9982785073161929,0.09985725820213598,5,0.001,0.1,0.9971932119724806,0.9969700206619595,0.9960747741114206,0.9964090006571875,0.9964408587726297,0.9952350538397934,0.9966995088795644,0.996803790444098,0.9962882414543904,0.9972908704618471,0.9966877538716715,1.0
7,0,1.2411521339112785,0.64208,5000,1.6302202498471294,0.6199040767386091,834,1.6091813766918244,0.6156,0.998533748894808,0.08335317877742052,,,0.97,,0.9700176878243976,0.029982312175602432,0.9984278072701709,0.09982916646899714,5,0.001,0.1,1.0,0.9970216592129859,0.9960135161196472,0.9966631462260912,0.9966984917149501,0.9960055061271665,0.9969777446774237,0.9965429346656716,0.996404173874632,0.9968124853989818,0.9963561154384072,0.9964428456448217
7,1,1.2560931203471628,0.63264,5000,1.5849187153357047,0.6115107913669064,834,1.6091813766918244,0.6156,0.9987030859116646,0.08336013965128287,,,0.97,,0.9700176878243976,0.029982312175602432,0.9984278072701709,0.09982916646899714,5,0.001,0.1,0.9970216592129859,1.0,0.9966988339893397,0.9968955354514505,0.9963276184823336,0.9958618007488736,0.9968780942956479,0.9968401959240261,0.996824463566738,0.9969889235270503,0.9972247087416383,0.9964052887732721
