round,client_id,client_i_training_loss,client_i_training_accuracy,client_i_training_dataset_size,client_i_evaluation_loss,client_i_evaluation_accuracy,client_i_evaluation_dataset_size,client_i_central_evaluation_loss,client_i_central_evaluation_accuracy,client_i_cosine_similarity,client_i_importance_coefficient,client_i_tanh_val,tanh_normalization_value,client_i_q,client_i_mask_order,client_i_v_nonzero_fraction,client_i_v_sparsity,client_i_v_cosine_similarity,client_i_reward_gradient_norm,local_epochs,learning_rate,gamma,client_0_cosine_similarity,client_1_cosine_similarity,client_2_cosine_similarity,client_3_cosine_similarity,client_4_cosine_similarity,client_5_cosine_similarity,client_6_cosine_similarity,client_7_cosine_similarity,client_8_cosine_similarity,client_9_cosine_similarity,client_10_cosine_similarity,client_11_cosine_similarity
0,0,2.251515907239003,0.33356,5000,2.273797361939042,0.3117505995203837,834,2.26945007266328,0.32,0.9919593621219103,0.08319381548297941,,,0.98,,0.9800166246218381,0.01998337537816186,0,0.09936228611736694,5,0.001,0.1,1.0,0.988245527403228,0.9824834401474393,0.9841222135656982,0.987879859713588,0.9894669268441881,0.9819166397669709,0.9829134371239548,0.9829545905446736,0.9844945996610883,0.987414652446152,0.9757105659390198
0,1,2.2536760190489944,0.31068,5000,2.268955142409713,0.30935251798561153,834,2.26945007266328,0.32,0.9956891028460885,0.08350662200858433,,,0.98,,0.9800166246218381,0.01998337537816186,0,0.09936228611736694,5,0.001,0.1,0.988245527403228,1.0,0.9865757930592549,0.9821517702331491,0.9899870476016794,0.9931943825881233,0.9847181712930184,0.9912756632087459,0.9888069647004745,0.9915566480364105,0.9918184090073003,0.9837435453043206
0,2,2.2572682912182658,0.30628,5000,2.2705901198916965,0.32973621103117506,834,2.26945007266328,0.32,0.9945372763524005,0.08341002042948406,,,0.98,,0.9800166246218381,0.01998337537816186,0,0.09936228611736694,5,0.001,0.1,0.9824834401474393,0.9865757930592549,1.0,0.9880264513428303,0.9866775301694775,0.9847223784848549,0.9892276612802581,0.9875726047231902,0.9888953227288538,0.9917099175778169,0.9895873779170271,0.9828616720260114
0,3,2.2567358068599823,0.3006,5000,2.2728349102867975,0.29856115107913667,834,2.26945007266328,0.32,0.9921656427563526,0.0832111158621026,,,0.98,,0.9800166246218381,0.01998337537816186,0,0.09936228611736694,5,0.001,0.1,0.9841222135656982,0.9821517702331491,0.9880264513428303,1.0,0.9847262204297753,0.984429453326929,0.9880595785432819,0.9813108196114843,0.9851867004634788,0.9834416289972164,0.9815174701102435,0.9870897287183352
0,4,2.253385020213522,0.31288,5000,2.2648805247412787,0.33013205282112845,833,2.26945007266328,0.32,0.9941061240338132,0.08337386047393822,,,0.98,,0.9800166246218381,0.01998337537816186,0,0.09936228611736694,5,0.001,0.1,0.987879859713588,0.9899870476016794,0.9866775301694775,0.9847262204297753,1.0,0.9904396610429406,0.9844527033609138,0.9901750872258495,0.9834754839896276,0.9858882318768598,0.9901541035760366,0.9793433851355968
0,5,2.251131549154877,0.3108,5000,2.2715647485521107,0.32292917166866747,833,2.26945007266328,0.32,0.9947486593515004,0.08342774873458894,,,0.98,,0.9800166246218381,0.01998337537816186,0,0.09936228611736694,5,0.001,0.1,0.9894669268441881,0.9931943825881233,0.9847223784848549,0.984429453326929,0.9904396610429406,1.0,0.985470281753656,0.9897502006724326,0.9856499023607375,0.988666880942355,0.986879627703708,0.9821908720194349
0,6,2.2564612871522356,0.29016,5000,2.2653879677807844,0.32653061224489793,833,2.26945007266328,0.32,0.9932295755768548,0.08330034595976084,,,0.98,,0.9800166246218381,0.01998337537816186,0,0.09936228611736694,5,0.001,0.1,0.9819166397669709,0.9847181712930184,0.9892276612802581,0.9880595785432819,0.9844527033609138,0.985470281753656,1.0,0.9893890498684805,0.9845385795046653,0.9864992604658206,0.9841345041875365,0.9843413817450289
0,7,2.254041529916654,0.29828,5000,2.2742254115917064,0.31452581032412963,833,2.26945007266328,0.32,0.9941561420730642,0.08337805539531017,,,0.98,,0.9800166246218381,0.01998337537816186,0,0.09936228611736694,5,0.001,0.1,0.9829134371239548,0.9912756632087459,0.9875726047231902,0.9813108196114843,0.9901750872258495,0.9897502006724326,0.9893890498684805,1.0,0.9841125269248614,0.9891130567260072,0.9884813416883217,0.9797019154055228
0,8,2.2555121042166544,0.30876,5000,2.2644921673668756,0.3565426170468187,833,2.26945007266328,0.32,0.9933346285085378,0.08330915655679548,,,0.98,,0.9800166246218381,0.01998337537816186,0,0.09936228611736694,5,0.001,0.1,0.9829545905446736,0.9888069647004745,0.9888953227288538,0.9851867004634788,0.9834754839896276,0.9856499023607375,0.9845385795046653,0.9841125269248614,1.0,0.9897704883528861,0.9872448900875723,0.9833649581063605
0,9,2.2554440981263566,0.32644,5000,2.2734401490953235,0.2893157262905162,833,2.26945007266328,0.32,0.9950563775359637,0.08345355649530632,,,0.98,,0.9800166246218381,0.01998337537816186,0,0.09936228611736694,5,0.001,0.1,0.9844945996610883,0.9915566480364105,0.9917099175778169,0.9834416289972164,0.9858882318768598,0.988666880942355,0.9864992604658206,0.9891130567260072,0.9897704883528861,1.0,0.9892845218690458,0.9841044045109743
0,10,2.2527618906300537,0.32752,5000,2.268598892070629,0.3241296518607443,833,2.26945007266328,0.32,0.9945130966347913,0.08340799252083979,,,0.98,,0.9800166246218381,0.01998337537816186,0,0.09936228611736694,5,0.001,0.1,0.987414652446152,0.9918184090073003,0.9895873779170271,0.9815174701102435,0.9901541035760366,0.986879627703708,0.9841345041875365,0.9884813416883217,0.9872448900875723,0.9892845218690458,1.0,0.9815349436269031
0,11,2.2566162218713455,0.30912,5000,2.2694908159750478,0.32653061224489793,833,2.26945007266328,0.32,0.9899788085396457,0.08302771008030987,,,0.98,,0.9800166246218381,0.01998337537816186,0,0.09936228611736694,5,0.001,0.1,0.9757105659390198,0.9837435453043206,0.9828616720260114,0.9870897287183352,0.9793433851355968,0.9821908720194349,0.9843413817450289,0.9797019154055228,0.9833649581063605,0.9841044045109743,0.9815349436269031,1.0
1,0,2.1683943084850434,0.45444,5000,2.232678757773505,0.407673860911271,834,2.2270456662954996,0.414,0.9953706833784111,0.08320291750048452,,,0.98,,0.9800166246218381,0.01998337537816186,0.9398157843322342,0.09967586104926458,5,0.001,0.1,1.0,0.9926972907523964,0.9909427993462743,0.9920524231017831,0.9939289915490951,0.9938789138922604,0.9903142137722317,0.9902076590063874,0.9903727254138578,0.9907611564298928,0.9929482715045974,0.9876222267099245
1,1,2.17181675510042,0.4336,5000,2.226769729896828,0.41127098321342925,834,2.2270456662954996,0.414,0.9978269278225242,0.08347421182206943,,,0.98,,0.9800166246218381,0.01998337537816186,0.9398157843322342,0.09967586104926458,5,0.001,0.1,0.9926972907523964,1.0,0.9926883509810249,0.9923538001082093,0.9953343319659638,0.9958574195433163,0.9927134013948045,0.9956367893231007,0.9941186468127894,0.9952178542028818,0.9957196446137906,0.9927460352238802
1,2,2.1762104620599443,0.44508,5000,2.227381300043177,0.4304556354916067,834,2.2270456662954996,0.414,0.9968869157533475,0.08338456892192947,,,0.98,,0.9800166246218381,0.01998337537816186,0.9398157843322342,0.09967586104926458,5,0.001,0.1,0.9909427993462743,0.9926883509810249,1.0,0.9938695105612275,0.9938188010909589,0.9911410491012286,0.9936863285117374,0.9926836937419931,0.9942636977164412,0.9951632292304694,0.9945288554016263,0.9910645008604999
1,3,2.1731800723227725,0.442,5000,2.2302669684092202,0.3872901678657074,834,2.2270456662954996,0.414,0.9966081281567742,0.08325350202073523,,,0.98,,0.9800166246218381,0.01998337537816186,0.9398157843322342,0.09967586104926458,5,0.001,0.1,0.9920524231017831,0.9923538001082093,0.9938695105612275,1.0,0.9933054967714778,0.9936867276981425,0.9934660580971555,0.9900058329666833,0.9944762900871595,0.9924317200803118,0.9913329905472521,0.9935673056482833
1,4,2.171718122093541,0.42908,5000,2.220942991751212,0.4249699879951981,833,2.2270456662954996,0.414,0.9974467875799108,0.08338046159493027,,,0.98,,0.9800166246218381,0.01998337537816186,0.9398157843322342,0.09967586104926458,5,0.001,0.1,0.9939289915490951,0.9953343319659638,0.9938188010909589,0.9933054967714778,1.0,0.9955670182376961,0.9927328938049026,0.9947599883698519,0.9931505423441566,0.9927518593094444,0.9952003194950495,0.9899907210615175
1,5,2.166192111088212,0.4384,5000,2.229480407856129,0.4129651860744298,833,2.2270456662954996,0.414,0.9971492447489922,0.08340392117197276,,,0.98,,0.9800166246218381,0.01998337537816186,0.9398157843322342,0.09967586104926458,5,0.001,0.1,0.9938789138922604,0.9958574195433163,0.9911410491012286,0.9936867276981425,0.9955670182376961,1.0,0.9923982930324168,0.9940407771843602,0.9924745136987138,0.9932309098945881,0.9924002123234672,0.9923155752039728
1,6,2.1752822165276595,0.43664,5000,2.221649099279333,0.4069627851140456,833,2.2270456662954996,0.414,0.9965520409059271,0.08330644862250171,,,0.98,,0.9800166246218381,0.01998337537816186,0.9398157843322342,0.09967586104926458,5,0.001,0.1,0.9903142137722317,0.9927134013948045,0.9936863285117374,0.9934660580971555,0.9927328938049026,0.9923982930324168,1.0,0.9939999813845808,0.9932724677919291,0.9934938695573172,0.990900506676942,0.9928843859575408
1,7,2.1711503952172153,0.42824,5000,2.2309690051608615,0.40336134453781514,833,2.2270456662954996,0.414,0.9967246792512742,0.08335971281694701,,,0.98,,0.9800166246218381,0.01998337537816186,0.9398157843322342,0.09967586104926458,5,0.001,0.1,0.9902076590063874,0.9956367893231007,0.9926836937419931,0.9900058329666833,0.9947599883698519,0.9940407771843602,0.9939999813845808,1.0,0.9928726142609938,0.9941961051344681,0.9936934824656348,0.9897966135937359
1,8,2.174153128702929,0.43252,5000,2.224043201517176,0.45018007202881155,833,2.2270456662954996,0.414,0.9970437468595453,0.08332773686707566,,,0.98,,0.9800166246218381,0.01998337537816186,0.9398157843322342,0.09967586104926458,5,0.001,0.1,0.9903727254138578,0.9941186468127894,0.9942636977164412,0.9944762900871595,0.9931505423441566,0.9924745136987138,0.9932724677919291,0.9928726142609938,1.0,0.9952601432144841,0.9932257841735315,0.9922470817505471
1,9,2.1722761996992075,0.45928,5000,2.2304312917921276,0.4021608643457383,833,2.2270456662954996,0.414,0.9972552710353123,0.08342318321031764,,,0.98,,0.9800166246218381,0.01998337537816186,0.9398157843322342,0.09967586104926458,5,0.001,0.1,0.9907611564298928,0.9952178542028818,0.9951632292304694,0.9924317200803118,0.9927518593094444,0.9932309098945881,0.9934938695573172,0.9941961051344681,0.9952601432144841,1.0,0.9936845290738602,0.9920571255610044
1,10,2.1701480308156103,0.4418,5000,2.2276308448226363,0.4057623049219688,833,2.2270456662954996,0.414,0.9969245870962087,0.08338454117996928,,,0.98,,0.9800166246218381,0.01998337537816186,0.9398157843322342,0.09967586104926458,5,0.001,0.1,0.9929482715045974,0.9957196446137906,0.9945288554016263,0.9913329905472521,0.9952003194950495,0.9924002123234672,0.990900506676942,0.9936934824656348,0.9932257841735315,0.9936845290738602,1.0,0.9906568719757162
1,11,2.174461357456863,0.47268,5000,2.225772663399025,0.4249699879951981,833,2.2270456662954996,0.414,0.9953029171511081,0.08309879427106678,,,0.98,,0.9800166246218381,0.01998337537816186,0.9398157843322342,0.09967586104926458,5,0.001,0.1,0.9876222267099245,0.9927460352238802,0.9910645008604999,0.9935673056482833,0.9899907210615175,0.9923155752039728,0.9928843859575408,0.9897966135937359,0.9922470817505471,0.9920571255610044,0.9906568719757162,1.0
2,0,2.0407905419161367,0.49008,5000,2.1804993240921586,0.45083932853717024,834,2.173572187606519,0.4534,0.9970555646884534,0.08322156161181869,,,0.98,,0.9800166246218381,0.01998337537816186,0.9775436978020997,0.09980403752511198,5,0.001,0.1,1.0,0.9952053186903062,0.9942302473782072,0.9949344681225605,0.996290079874789,0.996542389706083,0.9939111583062794,0.9939870857827172,0.993549895290994,0.9945633382422233,0.9953508387908236,0.9926561135547548
2,1,2.0435100210700066,0.48788,5000,2.1735367951569735,0.44964028776978415,834,2.173572187606519,0.4534,0.9984361714279844,0.08343253454855017,,,0.98,,0.9800166246218381,0.01998337537816186,0.9775436978020997,0.09980403752511198,5,0.001,0.1,0.9952053186903062,1.0,0.995493787257727,0.9946678958942979,0.996762552294547,0.9971393405990344,0.9956189874646278,0.9974275313802208,0.9960467110435102,0.9969254026108522,0.9972141438541215,0.9952398754199987
2,2,2.049744369725513,0.49604,5000,2.1727263927459717,0.46882494004796166,834,2.173572187606519,0.4534,0.9981936426893323,0.08336972095989388,,,0.98,,0.9800166246218381,0.01998337537816186,0.9775436978020997,0.09980403752511198,5,0.001,0.1,0.9942302473782072,0.995493787257727,1.0,0.9963267693122756,0.9960491810073555,0.9950219921302675,0.996504084751043,0.9960791682110747,0.9965549667832385,0.9973751695324392,0.9965070203879826,0.9947008047120544
2,3,2.0445174391861936,0.50516,5000,2.1767396485363997,0.4304556354916067,834,2.173572187606519,0.4534,0.9978192293720268,0.08327724161794581,,,0.98,,0.9800166246218381,0.01998337537816186,0.9775436978020997,0.09980403752511198,5,0.001,0.1,0.9949344681225605,0.9946678958942979,0.9963267693122756,1.0,0.9956974544544146,0.996092177179835,0.9960394142155894,0.9944942258444324,0.9962873461102156,0.9955122787486089,0.9945005279256941,0.9958207731747867
2,4,2.0452525819183154,0.47396,5000,2.1658732714476407,0.4765906362545018,833,2.173572187606519,0.4534,0.9984847992037377,0.08337660093156472,,,0.98,,0.9800166246218381,0.01998337537816186,0.9775436978020997,0.09980403752511198,5,0.001,0.1,0.996290079874789,0.996762552294547,0.9960491810073555,0.9956974544544146,1.0,0.9972511476421521,0.9958085475431003,0.9968051440679582,0.9957140290861459,0.9960395352220522,0.9972608619555651,0.9946507968858586
2,5,2.0342954781404727,0.48832,5000,2.176064297004982,0.4525810324129652,833,2.173572187606519,0.4534,0.9983942816640343,0.08338806816185822,,,0.98,,0.9800166246218381,0.01998337537816186,0.9775436978020997,0.09980403752511198,5,0.001,0.1,0.996542389706083,0.9971393405990344,0.9950219921302675,0.996092177179835,0.9972511476421521,1.0,0.9959595340719944,0.996785792000788,0.995183028832515,0.9963401643580171,0.9957633865097015,0.9951683608333949
2,6,2.050313555359081,0.48948,5000,2.1665106967643455,0.4477791116446579,833,2.173572187606519,0.4534,0.9980531250092843,0.08331726815068445,,,0.98,,0.9800166246218381,0.01998337537816186,0.9775436978020997,0.09980403752511198,5,0.001,0.1,0.9939111583062794,0.9956189874646278,0.996504084751043,0.9960394142155894,0.9958085475431003,0.9959595340719944,1.0,0.9966234863373492,0.9956949451245254,0.9964289114487876,0.994745461020024,0.9958324438550509
2,7,2.0413335494934373,0.47928,5000,2.1762635619552047,0.43337334933973587,833,2.173572187606519,0.4534,0.9982185536533084,0.08335527919511244,,,0.98,,0.9800166246218381,0.01998337537816186,0.9775436978020997,0.09980403752511198,5,0.001,0.1,0.9939870857827172,0.9974275313802208,0.9960791682110747,0.9944942258444324,0.9968051440679582,0.996785792000788,0.9966234863373492,1.0,0.9956442560298273,0.9967225239035534,0.9965674140566082,0.9939974163472538
2,8,2.0473045097035207,0.49392,5000,2.172993156645033,0.48619447779111646,833,2.173572187606519,0.4534,0.9979937446425826,0.08332840874140933,,,0.98,,0.9800166246218381,0.01998337537816186,0.9775436978020997,0.09980403752511198,5,0.001,0.1,0.993549895290994,0.9960467110435102,0.9965549667832385,0.9962873461102156,0.9957140290861459,0.995183028832515,0.9956949451245254,0.9956442560298273,1.0,0.9968833383051098,0.9956788318990475,0.9952144933706784
2,9,2.04352422064277,0.50428,5000,2.1766410845297353,0.4417767106842737,833,2.173572187606519,0.4534,0.9984736628688813,0.08340244551979539,,,0.98,,0.9800166246218381,0.01998337537816186,0.9775436978020997,0.09980403752511198,5,0.001,0.1,0.9945633382422233,0.9969254026108522,0.9973751695324392,0.9955122787486089,0.9960395352220522,0.9963401643580171,0.9964289114487876,0.9967225239035534,0.9968833383051098,1.0,0.9963070548079844,0.9950951521268627
2,10,2.041322651334629,0.48052,5000,2.1758523605487965,0.43937575030012005,833,2.173572187606519,0.4534,0.9981603039150116,0.0833686276829266,,,0.98,,0.9800166246218381,0.01998337537816186,0.9775436978020997,0.09980403752511198,5,0.001,0.1,0.9953508387908236,0.9972141438541215,0.9965070203879826,0.9945005279256941,0.9972608619555651,0.9957633865097015,0.994745461020024,0.9965674140566082,0.9956788318990475,0.9963070548079844,1.0,0.9945440816635102
2,11,2.0459617283693543,0.53156,5000,2.171044120082149,0.46338535414165666,833,2.173572187606519,0.4534,0.9971964205189557,0.08316224287844053,,,0.98,,0.9800166246218381,0.01998337537816186,0.9775436978020997,0.09980403752511198,5,0.001,0.1,0.9926561135547548,0.9952398754199987,0.9947008047120544,0.9958207731747867,0.9946507968858586,0.9951683608333949,0.9958324438550509,0.9939974163472538,0.9952144933706784,0.9950951521268627,0.9945440816635102,1.0
3,0,1.8797330830507217,0.52592,5000,2.11489795755457,0.5071942446043165,834,2.1068384670221008,0.5152,0.9982617278170639,0.08325218647218291,,,0.98,,0.9800166246218381,0.01998337537816186,0.990570288188284,0.09986523375316572,5,0.001,0.1,1.0,0.9971005219445497,0.9965543828681783,0.9966477463721495,0.9972043884064697,0.9976764185436148,0.9962739860856992,0.9961443346627156,0.995892461331656,0.9969194056901425,0.9969252423813478,0.995660642145815
3,1,1.8789336723886478,0.53056,5000,2.1070004304250083,0.5095923261390888,834,2.1068384670221008,0.5152,0.9990135831015581,0.08340582601387425,,,0.98,,0.9800166246218381,0.01998337537816186,0.990570288188284,0.09986523375316572,5,0.001,0.1,0.9971005219445497,1.0,0.9972534099882406,0.9967228624252598,0.9978882274881931,0.9979129521278829,0.9971080111996229,0.9981658863317372,0.9971217291757268,0.9979043269458718,0.9979009340482047,0.9969237332157479
3,2,1.8851332148169255,0.53476,5000,2.104215798554597,0.5443645083932853,834,2.1068384670221008,0.5152,0.998785344772195,0.08335994089828509,,,0.98,,0.9800166246218381,0.01998337537816186,0.990570288188284,0.09986523375316572,5,0.001,0.1,0.9965543828681783,0.9972534099882406,1.0,0.9974214109929245,0.9973000149517889,0.9966720346663895,0.997519667149724,0.9972633964919015,0.9973598823995861,0.9977928065894581,0.9975021882221436,0.9966311510795945
3,3,1.878656249593018,0.54352,5000,2.1099715806819774,0.4880095923261391,834,2.1068384670221008,0.5152,0.9984879852755537,0.08329363317750166,,,0.98,,0.9800166246218381,0.01998337537816186,0.990570288188284,0.09986523375316572,5,0.001,0.1,0.9966477463721495,0.9967228624252598,0.9974214109929245,1.0,0.9967035415535398,0.9976399140797365,0.9970423483742513,0.9964401694906404,0.9971748554659877,0.9970189131448943,0.996019437843089,0.9968808287923866
3,4,1.882024083167884,0.51108,5000,2.0972677734163074,0.5378151260504201,833,2.1068384670221008,0.5152,0.9988163594783724,0.08336516085269707,,,0.98,,0.9800166246218381,0.01998337537816186,0.990570288188284,0.09986523375316572,5,0.001,0.1,0.9972043884064697,0.9978882274881931,0.9973000149517889,0.9967035415535398,1.0,0.997671990889378,0.9970165437381918,0.9976793571945196,0.9965654977456687,0.9972999464894409,0.9979429550700523,0.9963677381911428
3,5,1.8657001706445293,0.53492,5000,2.109386338127984,0.517406962785114,833,2.1068384670221008,0.5152,0.9988382203603152,0.08337289838145259,,,0.98,,0.9800166246218381,0.01998337537816186,0.990570288188284,0.09986523375316572,5,0.001,0.1,0.9976764185436148,0.9979129521278829,0.9966720346663895,0.9976399140797365,0.997671990889378,1.0,0.9970613697103371,0.9974032354867108,0.9963248594513769,0.9975530139613261,0.996960954586811,0.9970282518184955
3,6,1.8846103223266115,0.53572,5000,2.0978061932104604,0.5162064825930373,833,2.1068384670221008,0.5152,0.9986155040014324,0.08332229402784903,,,0.98,,0.9800166246218381,0.01998337537816186,0.990570288188284,0.09986523375316572,5,0.001,0.1,0.9962739860856992,0.9971080111996229,0.997519667149724,0.9970423483742513,0.9970165437381918,0.9970613697103371,1.0,0.9973244088163175,0.9967079170713857,0.9973210471451996,0.9965832442208161,0.9972795103322072
3,7,1.8739043636686483,0.52956,5000,2.1077612417715565,0.5066026410564226,833,2.1068384670221008,0.5152,0.9987195326402402,0.0833489607938747,,,0.98,,0.9800166246218381,0.01998337537816186,0.990570288188284,0.09986523375316572,5,0.001,0.1,0.9961443346627156,0.9981658863317372,0.9972633964919015,0.9964401694906404,0.9976793571945196,0.9974032354867108,0.9973244088163175,1.0,0.9966181104659517,0.9974986625261318,0.9975509455936924,0.9963903041711669
3,8,1.8823552600897042,0.53812,5000,2.10920606719123,0.5330132052821128,833,2.1068384670221008,0.5152,0.9983890931454266,0.08332181830766389,,,0.98,,0.9800166246218381,0.01998337537816186,0.990570288188284,0.09986523375316572,5,0.001,0.1,0.995892461331656,0.9971217291757268,0.9973598823995861,0.9971748554659877,0.9965654977456687,0.9963248594513769,0.9967079170713857,0.9966181104659517,1.0,0.9973556688685367,0.9966562684146584,0.9967464756603399
3,9,1.8781388764168807,0.54236,5000,2.1097334579185203,0.5066026410564226,833,2.1068384670221008,0.5152,0.9989374668864794,0.08338491808189083,,,0.98,,0.9800166246218381,0.01998337537816186,0.990570288188284,0.09986523375316572,5,0.001,0.1,0.9969194056901425,0.9979043269458718,0.9977928065894581,0.9970189131448943,0.9972999464894409,0.9975530139613261,0.9973210471451996,0.9974986625261318,0.9973556688685367,1.0,0.9973576691242958,0.9970707524117173
3,10,1.8771638853534771,0.52692,5000,2.111087357556378,0.4909963985594238,833,2.1068384670221008,0.5152,0.9986663043693398,0.08335542845822305,,,0.98,,0.9800166246218381,0.01998337537816186,0.990570288188284,0.09986523375316572,5,0.001,0.1,0.9969252423813478,0.9979009340482047,0.9975021882221436,0.996019437843089,0.9979429550700523,0.996960954586811,0.9965832442208161,0.9975509455936924,0.9966562684146584,0.9973576691242958,1.0,0.9964419129396308
3,11,1.8792255919450407,0.5694,5000,2.1028538368366383,0.524609843937575,833,2.1068384670221008,0.5152,0.9982965437893543,0.0832169345345049,,,0.98,,0.9800166246218381,0.01998337537816186,0.990570288188284,0.09986523375316572,5,0.001,0.1,0.995660642145815,0.9969237332157479,0.9966311510795945,0.9968808287923866,0.9963677381911428,0.9970282518184955,0.9972795103322072,0.9963903041711669,0.9967464756603399,0.9970707524117173,0.9964419129396308,1.0
4,0,1.7133030602886419,0.5576,5000,2.0352997338330305,0.5503597122302158,834,2.0259721122991543,0.5546,0.998602270909521,0.08327669358398707,,,0.98,,0.9800166246218381,0.01998337537816186,0.9954145406810592,0.09988145672501746,5,0.001,0.1,1.0,0.9976610859825482,0.9973659642644127,0.997099541750387,0.9973252867077026,0.9977043785642482,0.9970622443740883,0.9969246929793353,0.9967736491427648,0.9973834885098428,0.9972757814995834,0.99645905831363
4,1,1.709129641617939,0.5652,5000,2.026282027915672,0.5359712230215827,834,2.0259721122991543,0.5546,0.9991329814610579,0.08338803049935137,,,0.98,,0.9800166246218381,0.01998337537816186,0.9954145406810592,0.09988145672501746,5,0.001,0.1,0.9976610859825482,1.0,0.9978333116818245,0.9970743642484776,0.9979417297237354,0.9979868882979075,0.9975915214869061,0.9981800934022398,0.9974318927543101,0.9981191731850036,0.9981613543042176,0.9974104626348446
4,2,1.715621805342899,0.56616,5000,2.020996363074691,0.5851318944844125,834,2.0259721122991543,0.5546,0.9989383925131656,0.08335361452097649,,,0.98,,0.9800166246218381,0.01998337537816186,0.9954145406810592,0.09988145672501746,5,0.001,0.1,0.9973659642644127,0.9978333116818245,1.0,0.9974907054554449,0.997513937061108,0.9971031766210849,0.9977804530310186,0.997497837661373,0.9975591503247966,0.9978890737720395,0.9979937999050125,0.9970336840468239
4,3,1.7083037938281989,0.57608,5000,2.0292076622998274,0.5359712230215827,834,2.0259721122991543,0.5546,0.9986202301373214,0.08330268765192692,,,0.98,,0.9800166246218381,0.01998337537816186,0.9954145406810592,0.09988145672501746,5,0.001,0.1,0.997099541750387,0.9970743642484776,0.9974907054554449,1.0,0.9970018554806979,0.9980062194415016,0.9972109459064539,0.9968752673664848,0.9973221567263734,0.9974797194451568,0.9964876084494717,0.9972023440488771
4,4,1.7138572301074957,0.54568,5000,2.014068219396803,0.553421368547419,833,2.0259721122991543,0.5546,0.9988710798377604,0.0833546429427931,,,0.98,,0.9800166246218381,0.01998337537816186,0.9954145406810592,0.09988145672501746,5,0.001,0.1,0.9973252867077026,0.9979417297237354,0.997513937061108,0.9970018554806979,1.0,0.9976036208625927,0.9972805871601881,0.9978573709837824,0.9972796900751504,0.9977010969869707,0.9977638867805322,0.9969844126305253
4,5,1.6932055702634679,0.57084,5000,2.028674024122733,0.5486194477791116,833,2.0259721122991543,0.5546,0.9989632768207256,0.08336236293506977,,,0.98,,0.9800166246218381,0.01998337537816186,0.9954145406810592,0.09988145672501746,5,0.001,0.1,0.9977043785642482,0.9979868882979075,0.9971031766210849,0.9980062194415016,0.9976036208625927,1.0,0.9972673770830531,0.9978751725747297,0.9969940540331048,0.9979748672449049,0.9972882556597409,0.9975559448191426
4,6,1.7145055404893912,0.573,5000,2.015106717745463,0.5582232893157263,833,2.0259721122991543,0.5546,0.9987274133565898,0.08332372114689532,,,0.98,,0.9800166246218381,0.01998337537816186,0.9954145406810592,0.09988145672501746,5,0.001,0.1,0.9970622443740883,0.9975915214869061,0.9977804530310186,0.9972109459064539,0.9972805871601881,0.9972673770830531,1.0,0.9974574620482024,0.996869142081587,0.9974929088633235,0.9970937035701662,0.9974277386485827
4,7,1.701013418367714,0.57132,5000,2.02442435865049,0.5594237695078031,833,2.0259721122991543,0.5546,0.9988899489477685,0.08334531827997015,,,0.98,,0.9800166246218381,0.01998337537816186,0.9954145406810592,0.09988145672501746,5,0.001,0.1,0.9969246929793353,0.9981800934022398,0.997497837661373,0.9968752673664848,0.9978573709837824,0.9978751725747297,0.9974574620482024,1.0,0.997171880339725,0.9975222030994385,0.9979035473970851,0.9972141458222818
4,8,1.711923661049764,0.5702,5000,2.03200313338527,0.5642256902761105,833,2.0259721122991543,0.5546,0.9986039225990105,0.08331944404252555,,,0.98,,0.9800166246218381,0.01998337537816186,0.9954145406810592,0.09988145672501746,5,0.001,0.1,0.9967736491427648,0.9974318927543101,0.9975591503247966,0.9973221567263734,0.9972796900751504,0.9969940540331048,0.996869142081587,0.997171880339725,1.0,0.9975270987980963,0.9970913777922136,0.9970334700008765
4,9,1.7083565024053975,0.57736,5000,2.028627810654817,0.5690276110444178,833,2.0259721122991543,0.5546,0.999023334351473,0.08337167145602235,,,0.98,,0.9800166246218381,0.01998337537816186,0.9954145406810592,0.09988145672501746,5,0.001,0.1,0.9973834885098428,0.9981191731850036,0.9978890737720395,0.9974797194451568,0.9977010969869707,0.9979748672449049,0.9974929088633235,0.9975222030994385,0.9975270987980963,1.0,0.99760887033388,0.9973798719533454
4,10,1.7083829588191524,0.56236,5000,2.0321032250369035,0.5270108043217286,833,2.0259721122991543,0.5546,0.9988306365913648,0.08334736997122061,,,0.98,,0.9800166246218381,0.01998337537816186,0.9954145406810592,0.09988145672501746,5,0.001,0.1,0.9972757814995834,0.9981613543042176,0.9979937999050125,0.9964876084494717,0.9977638867805322,0.9972882556597409,0.9970937035701662,0.9979035473970851,0.9970913777922136,0.99760887033388,1.0,0.9971004777729476
4,11,1.7062051750292444,0.592,5000,2.0201512619301125,0.5678271308523409,833,2.0259721122991543,0.5546,0.9985826049370818,0.08325444296926122,,,0.98,,0.9800166246218381,0.01998337537816186,0.9954145406810592,0.09988145672501746,5,0.001,0.1,0.99645905831363,0.9974104626348446,0.9970336840468239,0.9972023440488771,0.9969844126305253,0.9975559448191426,0.9974277386485827,0.9972141458222818,0.9970334700008765,0.9973798719533454,0.9971004777729476,1.0
5,0,1.5621781548876672,0.58444,5000,1.9418970787966694,0.579136690647482,834,1.931154426675254,0.5869,0.9986195994603888,0.08329242466174708,,,0.98,,0.9800166246218381,0.01998337537816186,0.9973799850725836,0.09988104964715468,5,0.001,0.1,1.0,0.9974777881906809,0.9972543348223345,0.9973120813444838,0.9971070422947567,0.9977029639383692,0.9971079222643222,0.9971913547599065,0.996918987322348,0.9972644300637553,0.9972041836046882,0.9966477703364379
5,1,1.5559217393018638,0.58988,5000,1.9317725720228973,0.5755395683453237,834,1.931154426675254,0.5869,0.9990647814728204,0.0833750621600391,,,0.98,,0.9800166246218381,0.01998337537816186,0.9973799850725836,0.09988104964715468,5,0.001,0.1,0.9974777881906809,1.0,0.9978685989002265,0.9971635130778957,0.9975744647072766,0.9978092632627161,0.9975749425798529,0.9981573350420904,0.9973414440214419,0.9980714832068417,0.9978979339161391,0.9975845780746443
5,2,1.5629922355815864,0.59328,5000,1.9230667661737513,0.6223021582733813,834,1.931154426675254,0.5869,0.9988960866769487,0.08334851450979683,,,0.98,,0.9800166246218381,0.01998337537816186,0.9973799850725836,0.09988104964715468,5,0.001,0.1,0.9972543348223345,0.9978685989002265,1.0,0.9973955488328066,0.9972728924227097,0.9971103969302083,0.9976625940453369,0.9977159201815275,0.9974848137794089,0.9976012450973439,0.9978271322404699,0.9973071344067942
5,3,1.5565456089700103,0.59348,5000,1.9345648686091106,0.5551558752997602,834,1.931154426675254,0.5869,0.9986714791600058,0.08331003815508868,,,0.98,,0.9800166246218381,0.01998337537816186,0.9973799850725836,0.09988104964715468,5,0.001,0.1,0.9973120813444838,0.9971635130778957,0.9973955488328066,1.0,0.9968480413888738,0.997995848325707,0.9972619711409912,0.9972063989091465,0.9972471429493293,0.9974208663441225,0.9966560822165593,0.9973031894995317
5,4,1.5629261245393449,0.57592,5000,1.916718319610313,0.5822328931572629,833,1.931154426675254,0.5869,0.9987437962565751,0.08334423026683144,,,0.98,,0.9800166246218381,0.01998337537816186,0.9973799850725836,0.09988104964715468,5,0.001,0.1,0.9971070422947567,0.9975744647072766,0.9972728924227097,0.9968480413888738,1.0,0.9974480876316076,0.9972000530480403,0.99791588725351,0.9969472387966511,0.9975770678712893,0.9977336950273548,0.9970501815668307
5,5,1.5392903835150846,0.59772,5000,1.9337520687668412,0.5858343337334934,833,1.931154426675254,0.5869,0.9989398277493443,0.08335529056200626,,,0.98,,0.9800166246218381,0.01998337537816186,0.9973799850725836,0.09988104964715468,5,0.001,0.1,0.9977029639383692,0.9978092632627161,0.9971103969302083,0.997995848325707,0.9974480876316076,1.0,0.9973176264697282,0.9977490207284018,0.9970856190667557,0.9979810526454973,0.9972793167956272,0.9975459339190502
5,6,1.5596465042442273,0.60368,5000,1.9184979465272691,0.5906362545018007,833,1.931154426675254,0.5869,0.9987314124379282,0.08332486980977072,,,0.98,,0.9800166246218381,0.01998337537816186,0.9973799850725836,0.09988104964715468,5,0.001,0.1,0.9971079222643222,0.9975749425798529,0.9976625940453369,0.9972619711409912,0.9972000530480403,0.9973176264697282,1.0,0.9975359471350015,0.9966371824947723,0.9974029629170439,0.9972279444184403,0.9975989056715678
5,7,1.546834258592812,0.60324,5000,1.926360845565796,0.5870348139255702,833,1.931154426675254,0.5869,0.9989814698867318,0.08334618294091488,,,0.98,,0.9800166246218381,0.01998337537816186,0.9973799850725836,0.09988104964715468,5,0.001,0.1,0.9971913547599065,0.9981573350420904,0.9977159201815275,0.9972063989091465,0.99791588725351,0.9977490207284018,0.9975359471350015,1.0,0.9972776981835523,0.9976456661068058,0.9978287037265176,0.9972995219445924
5,8,1.557185639621346,0.596,5000,1.9417597850163777,0.5822328931572629,833,1.931154426675254,0.5869,0.9985619864708102,0.08331677928128838,,,0.98,,0.9800166246218381,0.01998337537816186,0.9973799850725836,0.09988104964715468,5,0.001,0.1,0.996918987322348,0.9973414440214419,0.9974848137794089,0.9972471429493293,0.9969472387966511,0.9970856190667557,0.9966371824947723,0.9972776981835523,1.0,0.997316295556019,0.9971481673273158,0.997092760470196
5,9,1.5534777102956348,0.60564,5000,1.9336888436917905,0.6062424969987995,833,1.931154426675254,0.5869,0.9989686096707464,0.08336192728813432,,,0.98,,0.9800166246218381,0.01998337537816186,0.9973799850725836,0.09988104964715468,5,0.001,0.1,0.9972644300637553,0.9980714832068417,0.9976012450973439,0.9974208663441225,0.9975770678712893,0.9979810526454973,0.9974029629170439,0.9976456661068058,0.997316295556019,1.0,0.9974995018208807,0.9975885371325606
5,10,1.5561501050450999,0.5924,5000,1.9390804370244343,0.5774309723889556,833,1.931154426675254,0.5869,0.9988303562610514,0.08334256413046863,,,0.98,,0.9800166246218381,0.01998337537816186,0.9973799850725836,0.09988104964715468,5,0.001,0.1,0.9972041836046882,0.9978979339161391,0.9978271322404699,0.9966560822165593,0.9977336950273548,0.9972793167956272,0.9972279444184403,0.9978287037265176,0.9971481673273158,0.9974995018208807,1.0,0.9974098055493185
5,11,1.550639400284761,0.61496,5000,1.9232056140899658,0.5990396158463386,833,1.931154426675254,0.5869,0.9987229469543512,0.08328211623391342,,,0.98,,0.9800166246218381,0.01998337537816186,0.9973799850725836,0.09988104964715468,5,0.001,0.1,0.9966477703364379,0.9975845780746443,0.9973071344067942,0.9973031894995317,0.9970501815668307,0.9975459339190502,0.9975989056715678,0.9972995219445924,0.997092760470196,0.9975885371325606,0.9974098055493185,1.0
6,0,1.432245877973593,0.60904,5000,1.8357774372454043,0.5983213429256595,834,1.823736009506372,0.6108,0.9985975357726361,0.08330493548678489,,,0.98,,0.9800166246218381,0.01998337537816186,0.9981129706983211,0.09986999245293848,5,0.001,0.1,1.0,0.9973628366669656,0.9970383236510916,0.9970425896205588,0.9968601145326198,0.9974546440754307,0.9968462315470412,0.9969905834080837,0.9969369726623056,0.9973010210172237,0.9971606162091736,0.9966015078556639
6,1,1.425355295922346,0.61304,5000,1.8247515139756378,0.6031175059952039,834,1.823736009506372,0.6108,0.998931960320618,0.08336640309295285,,,0.98,,0.9800166246218381,0.01998337537816186,0.9981129706983211,0.09986999245293848,5,0.001,0.1,0.9973628366669656,1.0,0.9974519831825264,0.9968554376378058,0.997360981545426,0.9974962385742111,0.997274807162223,0.9977342740147044,0.9972527309425605,0.9977266272120591,0.9976379738458951,0.9974469224921501
6,2,1.4307411414802453,0.61396,5000,1.8120384128005416,0.6330935251798561,834,1.823736009506372,0.6108,0.9987540245222492,0.08334438100731151,,,0.98,,0.9800166246218381,0.01998337537816186,0.9981129706983211,0.09986999245293848,5,0.001,0.1,0.9970383236510916,0.9974519831825264,1.0,0.9971142243830997,0.9970419551273827,0.9967293172592351,0.9972875655415161,0.9973932915337612,0.997324385516524,0.9973182745867125,0.9977138608952959,0.9970561055925102
6,3,1.4244915402618943,0.6148,5000,1.827550870400888,0.5815347721822542,834,1.823736009506372,0.6108,0.9985177974570196,0.08331316278961949,,,0.98,,0.9800166246218381,0.01998337537816186,0.9981129706983211,0.09986999245293848,5,0.001,0.1,0.9970425896205588,0.9968554376378058,0.9971142243830997,1.0,0.9964409263189451,0.9978101318047412,0.9967638511453821,0.9969470102751283,0.9969861800165682,0.9971171615172663,0.996478941063857,0.997083391115173
6,4,1.4330128631014734,0.5986,5000,1.8067000530384205,0.60984393757503,833,1.823736009506372,0.6108,0.9986029955445777,0.0833368795039907,,,0.98,,0.9800166246218381,0.01998337537816186,0.9981129706983211,0.09986999245293848,5,0.001,0.1,0.9968601145326198,0.997360981545426,0.9970419551273827,0.9964409263189451,1.0,0.9971081495212256,0.996954831628661,0.9976224868580101,0.9967433018576586,0.9972609970215556,0.9975107437998787,0.9967543012078411
6,5,1.4075577443572367,0.62016,5000,1.8260402811898127,0.6206482593037215,833,1.823736009506372,0.6108,0.9988153592660165,0.08335051569844228,,,0.98,,0.9800166246218381,0.01998337537816186,0.9981129706983211,0.09986999245293848,5,0.001,0.1,0.9974546440754307,0.9974962385742111,0.9967293172592351,0.9978101318047412,0.9971081495212256,1.0,0.9970398333131288,0.9973857565611718,0.9968147824340828,0.9977621833539421,0.9971001354700864,0.9975033421979002
6,6,1.4283196216935565,0.6254,5000,1.809223219200417,0.6266506602641057,833,1.823736009506372,0.6108,0.9985456330050905,0.08332315610779528,,,0.98,,0.9800166246218381,0.01998337537816186,0.9981129706983211,0.09986999245293848,5,0.001,0.1,0.9968462315470412,0.997274807162223,0.9972875655415161,0.9967638511453821,0.996954831628661,0.9970398333131288,1.0,0.9971679862503174,0.9962758900304386,0.9971218942104743,0.9969050836047859,0.9973346153690463
6,7,1.4147832988174098,0.62616,5000,1.8149749482119526,0.6086434573829532,833,1.823736009506372,0.6108,0.9988073097676575,0.08334467100602344,,,0.98,,0.9800166246218381,0.01998337537816186,0.9981129706983211,0.09986999245293848,5,0.001,0.1,0.9969905834080837,0.9977342740147044,0.9973932915337612,0.9969470102751283,0.9976224868580101,0.9973857565611718,0.9971679862503174,1.0,0.9971041861305977,0.9972429288822203,0.9974759908671114,0.9970429849607939
6,8,1.4252195239826373,0.61644,5000,1.8394666777716742,0.602641056422569,833,1.823736009506372,0.6108,0.9985179846654344,0.0833173025695796,,,0.98,,0.9800166246218381,0.01998337537816186,0.9981129706983211,0.09986999245293848,5,0.001,0.1,0.9969369726623056,0.9972527309425605,0.997324385516524,0.9969861800165682,0.9967433018576586,0.9968147824340828,0.9962758900304386,0.9971041861305977,1.0,0.9970910214315245,0.9971923305328138,0.9969197518961853
6,9,1.4220909707105842,0.63172,5000,1.8266436258951824,0.6254501800720288,833,1.823736009506372,0.6108,0.9988662972927971,0.08335622940637769,,,0.98,,0.9800166246218381,0.01998337537816186,0.9981129706983211,0.09986999245293848,5,0.001,0.1,0.9973010210172237,0.9977266272120591,0.9973182745867125,0.9971171615172663,0.9972609970215556,0.9977621833539421,0.9971218942104743,0.9972429288822203,0.9970910214315245,1.0,0.997394433982001,0.9974777805629557
6,10,1.4256035399285092,0.61748,5000,1.8331109417809381,0.602641056422569,833,1.823736009506372,0.6108,0.9987789077593406,0.08334153525381505,,,0.98,,0.9800166246218381,0.01998337537816186,0.9981129706983211,0.09986999245293848,5,0.001,0.1,0.9971606162091736,0.9976379738458951,0.9977138608952959,0.996478941063857,0.9975107437998787,0.9971001354700864,0.9969050836047859,0.9974759908671114,0.9971923305328138,0.997394433982001,1.0,0.9971971638239476
6,11,1.4167655744370382,0.63352,5000,1.8134637806150649,0.617046818727491,833,1.823736009506372,0.6108,0.9986661302753043,0.08330082807730718,,,0.98,,0.9800166246218381,0.01998337537816186,0.9981129706983211,0.09986999245293848,5,0.001,0.1,0.9966015078556639,0.9974469224921501,0.9970561055925102,0.997083391115173,0.9967543012078411,0.9975033421979002,0.9973346153690463,0.9970429849607939,0.9969197518961853,0.9974777805629557,0.9971971638239476,1.0
7,0,1.3220827754136104,0.62672,5000,1.7197407219145033,0.617505995203837,834,1.7065622570415655,0.6307,0.9982734570056944,0.08330760517892077,,,0.98,,0.9800166246218381,0.01998337537816186,0.9982601820821362,0.09985302071247822,5,0.001,0.1,1.0,0.9970031020941047,0.9965859355585066,0.9964649570306223,0.9960237039463239,0.9970229825263831,0.9963824179760098,0.9964583831251402,0.996505702836041,0.9968118277039387,0.9964097617110282,0.9960164586663207
7,1,1.3131791412450706,0.63192,5000,1.7080096624515675,0.6294964028776978,834,1.7065622570415655,0.6307,0.9988342121915305,0.08336339947677268,,,0.98,,0.9800166246218381,0.01998337537816186,0.9982601820821362,0.09985302071247822,5,0.001,0.1,0.9970031020941047,1.0,0.9974264127931326,0.9965799553344646,0.9969191351902811,0.9973246505237291,0.997069596876827,0.9973486064632632,0.9968819126112063,0.9975120983454137,0.997407500622406,0.9969291464123969
7,2,1.3194461880975468,0.63092,5000,1.690716544787089,0.6498800959232613,834,1.7065622570415655,0.6307,0.9987069160658731,0.08334578572695353,,,0.98,,0.9800166246218381,0.01998337537816186,0.9982601820821362,0.09985302071247822,5,0.001,0.1,0.9965859355585066,0.9974264127931326,1.0,0.9965524884358632,0.9969210199970925,0.996789117076872,0.997142907905013,0.9971881569512502,0.997045990250028,0.9969491645925793,0.9975988084917706,0.996677546844544
