round,client_id,client_i_training_loss,client_i_training_accuracy,client_i_training_dataset_size,client_i_evaluation_loss,client_i_evaluation_accuracy,client_i_evaluation_dataset_size,client_i_central_evaluation_loss,client_i_central_evaluation_accuracy,client_i_cosine_similarity,client_i_importance_coefficient,client_i_tanh_val,tanh_normalization_value,client_i_q,client_i_mask_order,client_i_v_nonzero_fraction,client_i_v_sparsity,client_i_v_cosine_similarity,client_i_reward_gradient_norm,local_epochs,learning_rate,gamma,client_0_cosine_similarity,client_1_cosine_similarity,client_2_cosine_similarity,client_3_cosine_similarity,client_4_cosine_similarity,client_5_cosine_similarity,client_6_cosine_similarity,client_7_cosine_similarity,client_8_cosine_similarity,client_9_cosine_similarity,client_10_cosine_similarity,client_11_cosine_similarity
0,0,0.3556371727673586,0.88792,5000,2.1947753076200134,0.4952038369304556,834,2.1976554325213447,0.4709,0.7847426179428247,0.08296625217778365,,,0.8305372194060409,,0.830560714823553,0.16943928517644702,0,0.39399383643016556,5,0.1,0.5,1.0,0.5686156424795278,0.5731085793645024,0.5854103006596211,0.5957336454989436,0.587634051319794,0.5808234632480306,0.5901088592404253,0.582861002938799,0.5773195859842458,0.5812126353946319,0.599720080906908
0,1,0.3468578789430629,0.89288,5000,2.1945281381960267,0.4904076738609113,834,2.197812006496393,0.4701,0.777385970250022,0.08218847679804935,,,0.75,,0.750002509914161,0.24999749008583905,0,0.39369533257874534,5,0.1,0.5,0.5686156424795278,1.0,0.56381380914038,0.5981402759795136,0.5805987009538263,0.5800756495119066,0.579229494472911,0.5799477203566015,0.5747431271750338,0.5673028585905676,0.5708294771799328,0.5896676795046027
0,2,0.34906946435262254,0.8916,5000,2.196865858855071,0.4676258992805755,834,2.1977512668877743,0.4708,0.7796141060224298,0.0824240445755004,,,0.7743926129212908,,0.7743988755584559,0.22560112444154412,0,0.3938158276279168,5,0.1,0.5,0.5731085793645024,0.56381380914038,1.0,0.5990640430782133,0.5874660365694173,0.582038014223618,0.5709192767139946,0.5767550628352023,0.577439077421159,0.5734822032695687,0.576958178701928,0.5929951442093531
0,3,0.3507090633628285,0.8902,5000,2.197578959994846,0.4856115107913669,834,2.197599989918474,0.4711,0.7983322954050226,0.0844030093788888,,,0.9793108023113548,,0.9793183073138899,0.020681692686110087,0,0.394107181498752,5,0.1,0.5,0.5854103006596211,0.5981402759795136,0.5990640430782133,1.0,0.6009330468095032,0.5935408730781523,0.5979519787198041,0.5971188763870336,0.5944092269225751,0.5908622063137143,0.5906128757960094,0.603043140665563
0,4,0.32171573149052207,0.9008,5000,2.1992663983945495,0.46218487394957986,833,2.1976010525188507,0.4712,0.800222143835386,0.08460281201209145,,,0.9999999998964518,,1.0,0.0,0,0.39410735099613936,5,0.1,0.5,0.5957336454989436,0.5805987009538263,0.5874660365694173,0.6009330468095032,1.0,0.5997592053188749,0.6035659616306313,0.6097573203637737,0.598710473546289,0.5866491438429947,0.6063553131307253,0.5994332725566182
0,5,0.349164905202142,0.89108,5000,2.1978728153087475,0.45858343337334934,833,2.1976389679284143,0.4717,0.7878333104193912,0.08329301303612342,,,0.8643727092236873,,0.8643792982280006,0.13562070177199936,0,0.39405140861019955,5,0.1,0.5,0.587634051319794,0.5800756495119066,0.582038014223618,0.5935408730781523,0.5997592053188749,1.0,0.582724761626223,0.593346277596905,0.5810989367696273,0.5706665341608307,0.5764314652211453,0.6044656278677453
0,6,0.3305912416902887,0.89592,5000,2.2034882262901023,0.45738295318127253,833,2.197611525416755,0.4716,0.7896828195579457,0.0834885508316833,,,0.8846202906636642,,0.8846292856784298,0.1153707143215702,0,0.39407401626747457,5,0.1,0.5,0.5808234632480306,0.579229494472911,0.5709192767139946,0.5979519787198041,0.6035659616306313,0.582724761626223,1.0,0.5912661994358316,0.5921361476716575,0.5828129135826712,0.5938596513243538,0.5939852721811822
0,7,0.35395941991940333,0.88976,5000,2.1992699570126004,0.4729891956782713,833,2.197599634194907,0.4713,0.7925120715211155,0.08378767111199403,,,0.9155936491317753,,0.9156166859093419,0.08438331409065813,0,0.39409493486710134,5,0.1,0.5,0.5901088592404253,0.5799477203566015,0.5767550628352023,0.5971188763870336,0.6097573203637737,0.593346277596905,0.5912661994358316,1.0,0.5801441818601093,0.5944149765364035,0.5962469663442348,0.5869293733621719
0,8,0.3471339992146678,0.89104,5000,2.1951117427260787,0.4657863145258103,833,2.1976537628295705,0.471,0.784865086943247,0.08297920010967963,,,0.8318779540951704,,0.8318959891571708,0.16810401084282922,0,0.3939963393040514,5,0.1,0.5,0.582861002938799,0.5747431271750338,0.577439077421159,0.5944092269225751,0.598710473546289,0.5810989367696273,0.5921361476716575,0.5801441818601093,1.0,0.5801541244048333,0.5776175553924754,0.5843923762384133
0,9,0.3475110056744829,0.88984,5000,2.192505854147452,0.4669867947178872,833,2.1977069644501417,0.4709,0.7813465713835842,0.08260720801629787,,,0.7933588525362684,,0.7933688067868079,0.20663119321319212,0,0.39389052213152714,5,0.1,0.5,0.5773195859842458,0.5673028585905676,0.5734822032695687,0.5908622063137143,0.5866491438429947,0.5706665341608307,0.5828129135826712,0.5944149765364035,0.5801541244048333,1.0,0.5906125417814799,0.576148993372468
0,10,0.3511127080376835,0.88956,5000,2.199291953334102,0.45858343337334934,833,2.197629438040736,0.4716,0.7873169141775277,0.08323841747848897,,,0.858719438988644,,0.8587319913658953,0.1412680086341047,0,0.3940438553465193,5,0.1,0.5,0.5812126353946319,0.5708294771799328,0.576958178701928,0.5906128757960094,0.6063553131307253,0.5764314652211453,0.5938596513243538,0.5962469663442348,0.5776175553924754,0.5906125417814799,1.0,0.5861603616216492
0,11,0.35006832413280464,0.88992,5000,2.1963276509885437,0.4669867947178872,833,2.197588513072687,0.4711,0.7947222888151946,0.08402134447341918,,,0.9397900987350948,,0.9398022187641183,0.06019778123588171,0,0.39410288029762885,5,0.1,0.5,0.599720080906908,0.5896676795046027,0.5929951442093531,0.603043140665563,0.5994332725566182,0.6044656278677453,0.5939852721811822,0.5869293733621719,0.5843923762384133,0.576148993372468,0.5861603616216492,1.0
1,0,0.3132095509962102,0.90468,5000,2.0320292402196816,0.7997601918465228,834,2.036570956531805,0.7987,0.8063597363811298,0.08292235146381514,,,0.8115600335883284,,0.8115807439385573,0.18841925606144272,0.9597538810027848,0.4054252320915492,5,0.1,0.5,1.0,0.6223276412606955,0.6206500666130922,0.6259307151988577,0.620671452015862,0.6232765219077742,0.625731565093164,0.6209725948582254,0.6247557593966574,0.618636372626808,0.6154392746655479,0.6326508131433163
1,1,0.30536313093486867,0.90648,5000,2.0330652219277843,0.8081534772182254,834,2.0370340518677197,0.7973,0.8089201418397641,0.0824971692816006,,,0.75,,0.750002509914161,0.24999749008583905,0.9589621271127836,0.4051324339723971,5,0.1,0.5,0.6223276412606955,1.0,0.6277670859932506,0.6339112498780035,0.6278157158916242,0.6190507085663243,0.6373196203123346,0.6169491971290126,0.6299392097104146,0.6217517614012478,0.6091625439617087,0.6333978557453622
1,2,0.3067039169015209,0.90612,5000,2.0368528807604753,0.802158273381295,834,2.0367674427672315,0.7979,0.8105138478742935,0.08270839721000815,,,0.7805826511822188,,0.7806033833642889,0.21939661663571108,0.9593110611948271,0.4053038323296484,5,0.1,0.5,0.6206500666130922,0.6277670859932506,1.0,0.6397170935876518,0.6222913048827476,0.6376830434832169,0.6216076098039107,0.6275054934313858,0.6242032022479117,0.6242900352952322,0.6191197443938798,0.6290476329025704
1,3,0.3055323775703455,0.908,5000,2.0350421887856944,0.7985611510791367,834,2.036521643114547,0.7982,0.8135142442496075,0.08412136637434824,,,0.9851594957785823,,0.9851814667938357,0.01481853320616433,0.9602370518178008,0.4056052893816737,5,0.1,0.5,0.6259307151988577,0.6339112498780035,0.6397170935876518,1.0,0.6287060058290665,0.6352731666201221,0.6251694736219727,0.6282307480400958,0.6251346079005851,0.6195667063167638,0.6219599266612698,0.6308832980053258
1,4,0.2798161499439531,0.91376,5000,2.0389538606007895,0.7923169267707083,833,2.0365224311146113,0.7982,0.8126632701870121,0.08422386660933288,,,0.9999999998552149,,1.0,0.0,0.9602400433201581,0.405605359603827,5,0.1,0.5,0.620671452015862,0.6278157158916242,0.6222913048827476,0.6287060058290665,1.0,0.6365733762488109,0.6318782910867334,0.62699388629833,0.625332854387976,0.6215772474173784,0.6315970419489864,0.6315930674875887
1,5,0.30667930776194025,0.90404,5000,2.035311703328733,0.8151260504201681,833,2.036554989723352,0.7985,0.8146239556728263,0.08342602333221091,,,0.8844842021751815,,0.8844937503137392,0.11550624968626078,0.960044998334839,0.4055682994304399,5,0.1,0.5,0.6232765219077742,0.6190507085663243,0.6376830434832169,0.6352731666201221,0.6365733762488109,1.0,0.6279493067556068,0.6217813470762765,0.6377111666643623,0.6231839486143134,0.6269416191918873,0.6404035731830513
1,6,0.29579256189939607,0.90976,5000,2.043778516628124,0.8151260504201681,833,2.0365139965813,0.7991,0.8137471617439821,0.08352480495718198,,,0.8987863070269322,,0.8987952412027509,0.1012047587972491,0.9601178554343436,0.4055808772006012,5,0.1,0.5,0.625731565093164,0.6373196203123346,0.6216076098039107,0.6251694736219727,0.6318782910867334,0.6279493067556068,1.0,0.6292491192992387,0.6394606567703329,0.6251545856542678,0.6250887962563608,0.632148111784411
1,7,0.3064724305941231,0.90704,5000,2.040552342379535,0.7959183673469388,833,2.036521732616729,0.7985,0.8113137235103733,0.08363790474620507,,,0.9151614683162191,,0.9151849806736609,0.08481501932633906,0.9601775161354077,0.4055915332355219,5,0.1,0.5,0.6209725948582254,0.6169491971290126,0.6275054934313858,0.6282307480400958,0.62699388629833,0.6217813470762765,0.6292491192992387,1.0,0.6406428451708467,0.6267726598003748,0.6258569615289165,0.6306114768115609
1,8,0.30830022558736003,0.9074,5000,2.034505570376361,0.7971188475390156,833,2.0365712139934016,0.7986,0.8145152486595074,0.08321473767461911,,,0.8538931926687662,,0.853902916520255,0.14609708347974504,0.9598912826107165,0.4055269240586463,5,0.1,0.5,0.6247557593966574,0.6299392097104146,0.6242032022479117,0.6251346079005851,0.625332854387976,0.6377111666643623,0.6394606567703329,0.6406428451708467,1.0,0.6255017917447864,0.6209391882831535,0.6367422744471354
1,9,0.2999838032730066,0.90696,5000,2.032181700070699,0.7995198079231692,833,2.036756530356483,0.7977,0.8062967305089034,0.08268274803383581,,,0.7768690333197334,,0.7768836905777823,0.22311630942221772,0.9594119295148307,0.40528551858707307,5,0.1,0.5,0.618636372626808,0.6217517614012478,0.6242900352952322,0.6195667063167638,0.6215772474173784,0.6231839486143134,0.6251545856542678,0.6267726598003748,0.6255017917447864,1.0,0.6210608964899076,0.6247206984701081
1,10,0.30864562690495306,0.9068,5000,2.0410338331151894,0.7719087635054022,833,2.036558706920368,0.7988,0.8053801052681149,0.08306822258883388,,,0.8326799951750289,,0.8326991616886702,0.1673008383113298,0.9598953564003454,0.40548384747225086,5,0.1,0.5,0.6154392746655479,0.6091625439617087,0.6191197443938798,0.6219599266612698,0.6315970419489864,0.6269416191918873,0.6250887962563608,0.6258569615289165,0.6209391882831535,0.6210608964899076,1.0,0.6228338488150583
1,11,0.3082222977445526,0.90548,5000,2.035322180500737,0.7887154861944778,833,2.036510037537962,0.7983,0.8164856499848325,0.08397240772800815,,,0.963592507189817,,0.9636062446664324,0.03639375533356759,0.960216508728597,0.4056043361340987,5,0.1,0.5,0.6326508131433163,0.6333978557453622,0.6290476329025704,0.6308832980053258,0.6315930674875887,0.6404035731830513,0.632148111784411,0.6306114768115609,0.6367422744471354,0.6247206984701081,0.6228338488150583,1.0
2,0,0.28138741781330034,0.91456,5000,1.8283509104340165,0.89568345323741,834,1.8349771789087654,0.8942,0.8097171639371268,0.08294403422315895,,,0.7859413524546404,,0.7859545203554038,0.2140454796445962,0.9673175260103556,0.40626468455147935,5,0.1,0.5,1.0,0.627524247442996,0.6256267818889741,0.6223630226064653,0.631034104707796,0.6224853818363644,0.6311492227910667,0.6287110709942124,0.6309971433417286,0.6362225913172201,0.6159400128867264,0.6304240930768346
2,1,0.27367980170900086,0.91864,5000,1.8321404589547052,0.8968824940047961,834,1.8356955272321123,0.894,0.8125279561429176,0.08276085709980732,,,0.75,,0.750002509914161,0.24999749008583905,0.9666630684466948,0.40606506512247326,5,0.1,0.5,0.627524247442996,1.0,0.623393083594458,0.6281184529104992,0.6328909815935767,0.6280101020599528,0.6372170405550941,0.6313043054285928,0.630138345419076,0.6403928787218315,0.6229143573324956,0.6298374373510667
2,2,0.2765229820724648,0.91732,5000,1.8356428058059127,0.9052757793764988,834,1.8352497804660004,0.8941,0.8106613104652648,0.08283550559366043,,,0.7646468498832814,,0.7646553887857035,0.2353446112142965,0.967041840642631,0.40615769574424493,5,0.1,0.5,0.6256267818889741,0.623393083594458,1.0,0.6301326578338717,0.6260691948456121,0.6312280399031176,0.630557692559765,0.6252210416630641,0.6262204051283679,0.6367365419530903,0.6211895203868429,0.636188444929096
2,3,0.2769949719819958,0.92016,5000,1.8316323668868453,0.8968824940047961,834,1.8347915551913814,0.8943,0.8097219513002816,0.08373639355202281,,,0.9414109077590486,,0.9414286431404046,0.05857135685959536,0.9680160145505048,0.40654877320979804,5,0.1,0.5,0.6223630226064653,0.6281184529104992,0.6301326578338717,1.0,0.637997093438114,0.6226672674814827,0.6253780636928061,0.623457253367411,0.6256568979558438,0.6325188293027697,0.623311900337038,0.6255116503051421
2,4,0.25178441669329243,0.92312,5000,1.8378705757635612,0.879951980792317,833,1.834782393595662,0.8941,0.816361434743367,0.08403499615341584,,,0.9999999998037891,,1.0,0.0,0.9680319851930645,0.4065533314936246,5,0.1,0.5,0.631034104707796,0.6328909815935767,0.6260691948456121,0.637997093438114,1.0,0.62927644157704,0.634786885049899,0.6393434184506281,0.6365626774847916,0.6345931880926754,0.6289843297562988,0.6299020547382246
2,5,0.28127388429300043,0.91388,5000,1.8324866515618783,0.9111644657863145,833,1.8348983842343949,0.894,0.8109284418109673,0.08331893257303254,,,0.8595005037336144,,0.8595150845841072,0.1404849154158928,0.9678666098839355,0.40648073946422125,5,0.1,0.5,0.6224853818363644,0.6280101020599528,0.6312280399031176,0.6226672674814827,0.62927644157704,1.0,0.631130253753919,0.6253319980806432,0.6330013779094875,0.6398027018395346,0.6240318923118793,0.6252209209057289
2,6,0.2614243698276722,0.92204,5000,1.8432397356739751,0.9039615846338536,833,1.83477158592151,0.894,0.8164743801469472,0.08357705150735811,,,0.9101462580945632,,0.9101651523517895,0.08983484764821048,0.9679489847612339,0.40653568036257864,5,0.1,0.5,0.6311492227910667,0.6372170405550941,0.630557692559765,0.6253780636928061,0.634786885049899,0.631130253753919,1.0,0.6329811143061598,0.6356749903055124,0.6372695979752989,0.6303607643147042,0.6392707662805525
2,7,0.2820241755622018,0.91476,5000,1.8404377566443548,0.8907563025210085,833,1.8347915944199973,0.894,0.8146208325991559,0.08358732190886997,,,0.9121614230553087,,0.91217810350886,0.08782189649114003,0.9679833177610703,0.40653690706331297,5,0.1,0.5,0.6287110709942124,0.6313043054285928,0.6252210416630641,0.623457253367411,0.6393434184506281,0.6253319980806432,0.6329811143061598,1.0,0.6345251328245312,0.6379610447267222,0.6353608183577557,0.6329283533656406
2,8,0.27225088307539086,0.91776,5000,1.833123489662453,0.8991596638655462,833,1.8349243074941177,0.8941,0.8142256268016203,0.08329399129214315,,,0.8546067519882359,,0.8546207519702826,0.14537924802971736,0.9678186851791339,0.4064724484119049,5,0.1,0.5,0.6309971433417286,0.630138345419076,0.6262204051283679,0.6256568979558438,0.6365626774847916,0.6330013779094875,0.6356749903055124,0.6345251328245312,1.0,0.6316169419220028,0.6221857458079668,0.6384134172576148
2,9,0.2705596584186053,0.9164,5000,1.8323539318861786,0.8907563025210085,833,1.8351672495515963,0.8939,0.8194200790479207,0.08312313518001332,,,0.8210829165183454,,0.8211033582651474,0.17889664173485265,0.9672584506228148,0.4063958296970282,5,0.1,0.5,0.6362225913172201,0.6403928787218315,0.6367365419530903,0.6325188293027697,0.6345931880926754,0.6398027018395346,0.6372695979752989,0.6379610447267222,0.6316169419220028,1.0,0.6329912678571624,0.6380995899421803
2,10,0.2808468092422766,0.91488,5000,1.8437189393573337,0.8667466986794717,833,1.8349599377415813,0.8943,0.8075856748082798,0.08296629164961783,,,0.7903085026448757,,0.7903267908237538,0.2096732091762462,0.9674208175909988,0.4062842727848388,5,0.1,0.5,0.6159400128867264,0.6229143573324956,0.6211895203868429,0.623311900337038,0.6289843297562988,0.6240318923118793,0.6303607643147042,0.6353608183577557,0.6221857458079668,0.6329912678571624,1.0,0.6236605522835221
2,11,0.2752780661212316,0.91632,5000,1.8341013502191614,0.8907563025210085,833,1.8347697490320418,0.8941,0.8149992838283532,0.08382148926689967,,,0.9581076165227175,,0.9581245921389488,0.04187540786105115,0.9680257327760947,0.4065517363716795,5,0.1,0.5,0.6304240930768346,0.6298374373510667,0.636188444929096,0.6255116503051421,0.6299020547382246,0.6252209209057289,0.6392707662805525,0.6329283533656406,0.6384134172576148,0.6380995899421803,0.6236605522835221,1.0
3,0,0.2566209919311723,0.92064,5000,1.592389358414544,0.9244604316546763,834,1.6022661364497468,0.9218,0.8027202960476127,0.08290518705425388,,,1.0,,1.0,0.0,0.9705252137929724,0.40380421695708235,5,0.1,0.5,1.0,0.61484873857771,0.6168312620837436,0.6171035371295256,0.6146733228196368,0.616409171750929,0.6155686466811066,0.6149632977147155,0.6177482954426283,0.6127516960399029,0.6183422704764315,0.6219335018287105
3,1,0.2470837863790951,0.92556,5000,1.6001622544394598,0.9388489208633094,834,1.603173078439487,0.9219,0.8037089930503422,0.08281834299285774,,,1.0,,1.0,0.0,0.9700077446067619,0.40380421695708235,5,0.1,0.5,0.61484873857771,1.0,0.6186086378529567,0.6169789406384862,0.6176615488049182,0.6155706503453199,0.6128428260178743,0.6190070720242106,0.6215401432501133,0.6174331553065302,0.6139701162165047,0.623109309283354
3,2,0.24688605519640408,0.92756,5000,1.6031372193936948,0.9316546762589928,834,1.602596503477127,0.922,0.8121346040813326,0.08316144125232823,,,1.0,,1.0,0.0,0.9702432725875512,0.40380421695708235,5,0.1,0.5,0.6168312620837436,0.6186086378529567,1.0,0.6214832077190594,0.6229142113355579,0.6323915574037162,0.6202405584405476,0.6301195499766714,0.6234316532347024,0.6308863569628307,0.6256955697946975,0.6302175544790037
3,3,0.24936534425252632,0.92668,5000,1.596928459626657,0.9304556354916067,834,1.6020548427447725,0.922,0.8046870568456695,0.0834984537475261,,,1.0,,1.0,0.0,0.9712447746962456,0.40380421695708235,5,0.1,0.5,0.6171035371295256,0.6169789406384862,0.6214832077190594,1.0,0.6168715620921292,0.617010027164351,0.6125847082530845,0.6168330976452595,0.6175472769215562,0.6149583778249297,0.6236651664135433,0.6216154577667296
3,4,0.22776227285729567,0.93192,5000,1.6059084821630407,0.9171668667466987,833,1.6020457676043525,0.9219,0.8071065864353263,0.08378052466162117,,,1.0,,1.0,0.0,0.9712517257465157,0.40380421695708235,5,0.1,0.5,0.6146733228196368,0.6176615488049182,0.6229142113355579,0.6168715620921292,1.0,0.6181073408578082,0.6164031697313703,0.6280502328588551,0.6187945782209132,0.6194359648715341,0.6238559195865819,0.6219266745299685
3,5,0.2527002991699157,0.92352,5000,1.5980333222283258,0.9255702280912365,833,1.6021606613652775,0.9221,0.807975801708533,0.08333662716591621,,,1.0,,1.0,0.0,0.9710955240558172,0.40380421695708235,5,0.1,0.5,0.616409171750929,0.6155706503453199,0.6323915574037162,0.617010027164351,0.6181073408578082,1.0,0.6210899056875459,0.6212050882700448,0.6202726039017855,0.6225498403922786,0.6201012088560546,0.625719103401708
3,6,0.23828358953094975,0.92952,5000,1.6119675238927205,0.9351740696278511,833,1.6020175778446868,0.922,0.8059414380866969,0.08343665389565724,,,1.0,,1.0,0.0,0.971214273880114,0.40380421695708235,5,0.1,0.5,0.6155686466811066,0.6128428260178743,0.6202405584405476,0.6125847082530845,0.6164031697313703,0.6210899056875459,1.0,0.6140362830465987,0.6193992627491975,0.6232068848181418,0.6299726715249923,0.6242082293869892
3,7,0.24960381488677613,0.92492,5000,1.6086220608817206,0.9195678271308524,833,1.602052983765404,0.922,0.8087877272839995,0.0835426591186118,,,1.0,,1.0,0.0,0.9712188971076631,0.40380421695708235,5,0.1,0.5,0.6149632977147155,0.6190070720242106,0.6301195499766714,0.6168330976452595,0.6280502328588551,0.6212050882700448,0.6140362830465987,1.0,0.6172089926870218,0.6280881936684627,0.6280693102025556,0.6195190252100213
3,8,0.24616145021786356,0.92812,5000,1.6019589636060927,0.9183673469387755,833,1.6021951509359926,0.9219,0.8067636229759112,0.08327786149380784,,,1.0,,1.0,0.0,0.971077364689708,0.40380421695708235,5,0.1,0.5,0.6177482954426283,0.6215401432501133,0.6234316532347024,0.6175472769215562,0.6187945782209132,0.6202726039017855,0.6193992627491975,0.6172089926870218,1.0,0.6221032752926366,0.6207907495553172,0.6199936697244132
3,9,0.244924086585024,0.92548,5000,1.6017388900121052,0.9171668667466987,833,1.6024858585942667,0.9219,0.8093000492022828,0.08325312088961125,,,1.0,,1.0,0.0,0.9708945895772447,0.40380421695708235,5,0.1,0.5,0.6127516960399029,0.6174331553065302,0.6308863569628307,0.6149583778249297,0.6194359648715341,0.6225498403922786,0.6232068848181418,0.6280881936684627,0.6221032752926366,1.0,0.6252592408017963,0.6274458070524106
3,10,0.2529415285250374,0.92412,5000,1.6155907136422616,0.8943577430972389,833,1.6022422454608516,0.9219,0.8105873271574298,0.08319412218328462,,,1.0,,1.0,0.0,0.9705952662706394,0.40380421695708235,5,0.1,0.5,0.6183422704764315,0.6139701162165047,0.6256955697946975,0.6236651664135433,0.6238559195865819,0.6201012088560546,0.6299726715249923,0.6280693102025556,0.6207907495553172,0.6252592408017963,1.0,0.6274484692296151
3,11,0.24967385742243878,0.9254,5000,1.60271950562795,0.907563025210084,833,1.6020316936718388,0.922,0.8115786925217384,0.08379500554452374,,,1.0,,1.0,0.0,0.9712472453800235,0.40380421695708235,5,0.1,0.5,0.6219335018287105,0.623109309283354,0.6302175544790037,0.6216154577667296,0.6219266745299685,0.625719103401708,0.6242082293869892,0.6195190252100213,0.6199936697244132,0.6274458070524106,0.6274484692296151,1.0
4,0,0.2368208783304995,0.92676,5000,1.3415571451187134,0.9388489208633094,834,1.3547769038441082,0.934,0.7888781935830765,0.08278853911094512,,,1.0,,1.0,0.0,0.9717765691744228,0.39815321532676684,5,0.1,0.5,1.0,0.5851986362993608,0.5972583931993415,0.5885804212492658,0.5944100777002205,0.5916188038182842,0.5986817929649109,0.5898722768261027,0.5992454828877689,0.5968740567073433,0.5977772134303572,0.6007746224888572
4,1,0.22975107787093918,0.93128,5000,1.3532975956245705,0.9460431654676259,834,1.3558234258200794,0.9341,0.7910972629977353,0.0828084662764136,,,1.0,,1.0,0.0,0.9717765691744228,0.39815321532676684,5,0.1,0.5,0.5851986362993608,1.0,0.6012292843452322,0.5916456760576568,0.5985553378716416,0.5962890777816637,0.6009234852534949,0.594492664424115,0.5972030703400836,0.5968047172802109,0.5943363712669418,0.6051841447700326
4,2,0.2246764156587754,0.93368,5000,1.3547662055050884,0.9424460431654677,834,1.3551505434627351,0.934,0.8018759672063831,0.08341421676491896,,,1.0,,1.0,0.0,0.9717765691744228,0.39815321532676684,5,0.1,0.5,0.5972583931993415,0.6012292843452322,1.0,0.6038806451529491,0.6066365300305839,0.6054445085164712,0.6069681562840145,0.6033976423560471,0.5997833672606437,0.6154464297872021,0.6097296349588704,0.6134078195076669
4,3,0.23294275797826422,0.93116,5000,1.347542608225787,0.9388489208633094,834,1.3545359335006617,0.9343,0.7907053665978445,0.08324726658653775,,,1.0,,1.0,0.0,0.9717765691744228,0.39815321532676684,5,0.1,0.5,0.5885804212492658,0.5916456760576568,0.6038806451529491,1.0,0.5980425408157076,0.5932228954031622,0.5987802660365275,0.5907371403560255,0.5918889206100961,0.5980061694683654,0.599536234555945,0.6005338756685957
4,4,0.2082468084468963,0.93796,5000,1.357698016696506,0.929171668667467,833,1.354527004229756,0.9343,0.7992727180636069,0.08373497116390945,,,1.0,,1.0,0.0,0.9717765691744228,0.39815321532676684,5,0.1,0.5,0.5944100777002205,0.5985553378716416,0.6066365300305839,0.5980425408157076,1.0,0.6051296346419093,0.6035413548073437,0.6063896319835921,0.6076774103108585,0.6077372309417873,0.6084495002077175,0.5988684503482943
4,5,0.2332308163006262,0.92996,5000,1.3487947252061632,0.9399759903961584,833,1.354638824066796,0.9343,0.7943309583091761,0.08326655830450111,,,1.0,,1.0,0.0,0.9717765691744228,0.39815321532676684,5,0.1,0.5,0.5916188038182842,0.5962890777816637,0.6054445085164712,0.5932228954031622,0.6051296346419093,1.0,0.6043889746877782,0.592958427808692,0.5974628001766266,0.6050357288163393,0.6008982807829018,0.5978650681619407
4,6,0.21653954424497904,0.9372,5000,1.365925214908741,0.943577430972389,833,1.3544843452045332,0.9343,0.7997873288908972,0.08352419174201203,,,1.0,,1.0,0.0,0.9717765691744228,0.39815321532676684,5,0.1,0.5,0.5986817929649109,0.6009234852534949,0.6069681562840145,0.5987802660365275,0.6035413548073437,0.6043889746877782,1.0,0.6034475064236043,0.6072955787706885,0.6067421333218632,0.6025785167774783,0.6086215464955824
4,7,0.2307398322886627,0.93284,5000,1.3616466831277918,0.929171668667467,833,1.3545329132780861,0.9343,0.7947992478253015,0.08342004469549508,,,1.0,,1.0,0.0,0.9717765691744228,0.39815321532676684,5,0.1,0.5,0.5898722768261027,0.594492664424115,0.6033976423560471,0.5907371403560255,0.6063896319835921,0.592958427808692,0.6034475064236043,1.0,0.5991225111355578,0.6071346345679266,0.6061322653765345,0.6000726391726747
4,8,0.22748766172511184,0.93196,5000,1.3568180357968365,0.929171668667467,833,1.3546838234788694,0.9343,0.7946106361950587,0.08323725162687026,,,1.0,,1.0,0.0,0.9717765691744228,0.39815321532676684,5,0.1,0.5,0.5992454828877689,0.5972030703400836,0.5997833672606437,0.5918889206100961,0.6076774103108585,0.5974628001766266,0.6072955787706885,0.5991225111355578,1.0,0.5965535420556488,0.6007697029853042,0.5962717013458589
4,9,0.22411847070013735,0.93124,5000,1.3562966055340238,0.9315726290516206,833,1.3550127462838024,0.9342,0.8012745340103726,0.0834541556822682,,,1.0,,1.0,0.0,0.9717765691744228,0.39815321532676684,5,0.1,0.5,0.5968740567073433,0.5968047172802109,0.6154464297872021,0.5980061694683654,0.6077372309417873,0.6050357288163393,0.6067421333218632,0.6071346345679266,0.5965535420556488,1.0,0.6151149472159404,0.6115471285456116
4,10,0.23090568775975495,0.93024,5000,1.3721020883984036,0.9183673469387755,833,1.3547422855425948,0.9343,0.7994579826427268,0.08335128526927889,,,1.0,,1.0,0.0,0.9717765691744228,0.39815321532676684,5,0.1,0.5,0.5977772134303572,0.5943363712669418,0.6097296349588704,0.599536234555945,0.6084495002077175,0.6008982807829018,0.6025785167774783,0.6061322653765345,0.6007697029853042,0.6151149472159404,1.0,0.6046080069847745
4,11,0.23446953973501541,0.92984,5000,1.3569664116258975,0.9255702280912365,833,1.3545128461271048,0.9343,0.7995139126692246,0.08375305277684943,,,1.0,,1.0,0.0,0.9717765691744228,0.39815321532676684,5,0.1,0.5,0.6007746224888572,0.6051841447700326,0.6134078195076669,0.6005338756685957,0.5988684503482943,0.5978650681619407,0.6086215464955824,0.6000726391726747,0.5962717013458589,0.6115471285456116,0.6046080069847745,1.0
5,0,0.22235907762293602,0.93392,5000,1.0906242728233337,0.9496402877697842,834,1.107509202279222,0.9427,0.7783816152071545,0.08280971196669143,,,0.7706690300083348,,0.770684202600271,0.22931579739972896,0.9681570420720728,0.3910055226261343,5,0.1,0.5,1.0,0.5664991996140815,0.5706942223936913,0.5703753789283748,0.5715725563054425,0.5776726737062416,0.5774832376958626,0.5737282246368697,0.5735600794950841,0.5801016389393563,0.5692885210281265,0.5845467188897787
5,1,0.207619190256402,0.93752,5000,1.1070371203952365,0.9520383693045563,834,1.1087280671817425,0.9425,0.7754116137137612,0.08271844924117691,,,0.75,,0.750002509914161,0.24999749008583905,0.9677701907013156,0.3908551628144364,5,0.1,0.5,0.5664991996140815,1.0,0.5718738180027028,0.5687875636295808,0.5760632996066798,0.571816112872024,0.5823360823993851,0.5665469739243657,0.5758154844182232,0.5682323913035875,0.559093790725209,0.5804609652570828
5,2,0.21592570476020406,0.93516,5000,1.105871688436579,0.9496402877697842,834,1.1074386886514413,0.9427,0.7837186485411225,0.08341633425867749,,,0.908055835915091,,0.908076903769891,0.09192309623010897,0.969151275295877,0.3914289441396973,5,0.1,0.5,0.5706942223936913,0.5718738180027028,1.0,0.5767767814367688,0.5827840337991752,0.5842556101732665,0.5804173080709581,0.5761096763167115,0.5744566608876568,0.5871043529740904,0.5735783344126422,0.5843628056238562
5,3,0.2112405443872521,0.9372,5000,1.0994240663669728,0.947242206235012,834,1.1070232730323133,0.9425,0.7781205112534605,0.08310746799738866,,,0.8381043197057116,,0.8381205762762913,0.16187942372370867,0.9688350622682919,0.39130859253527145,5,0.1,0.5,0.5703753789283748,0.5687875636295808,0.5767767814367688,1.0,0.5735708927264666,0.5689157777045353,0.5759899635311752,0.5698724777540947,0.5718807873030838,0.5792277907192706,0.5742837754634676,0.5810384730420804
5,4,0.1929357434201772,0.94112,5000,1.109733122366446,0.9339735894357744,833,1.1067661517344343,0.9426,0.7855660287499278,0.08369602343953951,,,0.9713993755656134,,0.9714120777069424,0.02858792229305762,0.9691967192938113,0.39145451202740417,5,0.1,0.5,0.5715725563054425,0.5760632996066798,0.5827840337991752,0.5735708927264666,1.0,0.5815878988532794,0.5839387395454702,0.5812453420705026,0.5858565712592203,0.5786616712876139,0.5795452592331974,0.5833797765695294
5,5,0.21468925414144233,0.93484,5000,1.0994783926893164,0.9459783913565426,833,1.1069706385128033,0.9427,0.7826749407737942,0.08328077349660362,,,0.8773542603982412,,0.8773706139250038,0.12262938607499618,0.9690710681049562,0.3913918247545998,5,0.1,0.5,0.5776726737062416,0.571816112872024,0.5842556101732665,0.5689157777045353,0.5815878988532794,1.0,0.5801300387264253,0.5705921338276233,0.5786444411157728,0.5869244189790503,0.5729348556978507,0.5799475335536809
5,6,0.19905198452412892,0.9404,5000,1.1185293330086603,0.9519807923169268,833,1.10672480762957,0.9427,0.7885472846273106,0.0836599762151612,,,0.963235460251975,,0.9632498368555795,0.03675016314442048,0.9691931676998855,0.3914535973438761,5,0.1,0.5,0.5774832376958626,0.5823360823993851,0.5804173080709581,0.5759899635311752,0.5839387395454702,0.5801300387264253,1.0,0.5891863284161476,0.5908059887334042,0.5848469658749956,0.5720418397106484,0.5901285036957752
5,7,0.2128232147704786,0.93804,5000,1.1142991207264088,0.9375750300120048,833,1.1067736668708605,0.9427,0.784059566608659,0.08343224030513632,,,0.9116582108136938,,0.9116811405049947,0.08831885949500529,0.9691557248582757,0.3914319480821216,5,0.1,0.5,0.5737282246368697,0.5665469739243657,0.5761096763167115,0.5698724777540947,0.5812453420705026,0.5705921338276233,0.5891863284161476,1.0,0.5866130552334773,0.5893378371076679,0.5792078668644011,0.5831183208294938
5,8,0.2049090212021189,0.93976,5000,1.111201822757721,0.9375750300120048,833,1.1070119028274243,0.9427,0.7834433216347728,0.08328822394906486,,,0.8790416264573729,,0.8790522564128307,0.12094774358716931,0.9690786598327255,0.39139467497779634,5,0.1,0.5,0.5735600794950841,0.5758154844182232,0.5744566608876568,0.5718807873030838,0.5858565712592203,0.5786444411157728,0.5908059887334042,0.5866130552334773,1.0,0.5777070376283685,0.5673693946323267,0.5780523327467323
5,9,0.2048414573215755,0.937,5000,1.11131923728519,0.9387755102040817,833,1.1073008598610996,0.9426,0.7879326786103902,0.08359146746462344,,,0.9477197125826449,,0.947733547512675,0.05226645248732498,0.9691911241926714,0.39145051527832225,5,0.1,0.5,0.5801016389393563,0.5682323913035875,0.5871043529740904,0.5792277907192706,0.5786616712876139,0.5869244189790503,0.5848469658749956,0.5893378371076679,0.5777070376283685,1.0,0.5844079592932393,0.5852901217490564
5,10,0.2155674124883998,0.93468,5000,1.1285043138044852,0.929171668667467,833,1.1071543122251954,0.9426,0.7781191860566185,0.08317702407491145,,,0.8538572642455057,,0.853867777722002,0.14613222227799805,0.9689602915605507,0.39134741975757176,5,0.1,0.5,0.5692885210281265,0.559093790725209,0.5735783344126422,0.5742837754634676,0.5795452592331974,0.5729348556978507,0.5720418397106484,0.5792078668644011,0.5673693946323267,0.5844079592932393,1.0,0.578333840878182
5,11,0.21283768555416377,0.93628,5000,1.1102024029802393,0.9387755102040817,833,1.1067432426035213,0.9427,0.7888082892683479,0.08382230759102498,,,0.9999999997735216,,1.0,0.0,0.9691943165927922,0.39145536196006847,5,0.1,0.5,0.5845467188897787,0.5804609652570828,0.5843628056238562,0.5810384730420804,0.5833797765695294,0.5799475335536809,0.5901285036957752,0.5831183208294938,0.5780523327467323,0.5852901217490564,0.578333840878182,1.0
6,0,0.20932039882109804,0.93704,5000,0.8560657810281824,0.9568345323741008,834,0.8756491008657998,0.9493,0.7618043320603078,0.08263793140472772,,,0.7567760364819733,,0.7567943376336529,0.2432056623663471,0.9667314380691664,0.38518059154080747,5,0.1,0.5,1.0,0.541542064791702,0.5508050733318629,0.5502023153596933,0.5505510834201703,0.5504159183030682,0.5529316222228147,0.5465464604112363,0.5459561743087276,0.558742108642648,0.5525416069867694,0.5554507130384532
6,1,0.19541449586202383,0.942,5000,0.8765556083785163,0.9520383693045563,834,0.876898737380299,0.9489,0.76248398179901,0.08260062022737741,,,0.75,,0.750002509914161,0.24999749008583905,0.966461790883448,0.3851278483541479,5,0.1,0.5,0.541542064791702,1.0,0.5611792740626959,0.5564399999299405,0.5528205540635736,0.5500240660331108,0.5490372707315738,0.5476864477992957,0.5481290616878552,0.5481381042345754,0.5453023843994785,0.562171737090258
6,2,0.19463003681272648,0.94188,5000,0.8715779339825666,0.9520383693045563,834,0.8750902842789793,0.9491,0.7798931871842613,0.08368593905291602,,,0.9471034011436875,,0.9471211284574067,0.0528788715425933,0.9680751021036326,0.3857565970122922,5,0.1,0.5,0.5508050733318629,0.5611792740626959,1.0,0.5680139123990587,0.5650588668266466,0.5716073764129038,0.5647947961657338,0.5706777203178924,0.5555687277903618,0.5711575811299849,0.5674667645578003,0.5735135445611816
6,3,0.1988012906917294,0.9406,5000,0.8671292463938395,0.9508393285371702,834,0.8747694300005611,0.949,0.7734211107412297,0.08324923076939232,,,0.8677933532898456,,0.8678028211435169,0.13219717885648308,0.9676724638803001,0.3856718917252312,5,0.1,0.5,0.5502023153596933,0.5564399999299405,0.5680139123990587,1.0,0.5557483369459782,0.5518569523227824,0.5591229651660031,0.5574295796962855,0.5578826306087461,0.5619773265110614,0.571464810382285,0.5714621987538789
6,4,0.18269786665714374,0.94536,5000,0.8748408754666647,0.9447779111644657,833,0.8744556633428263,0.949,0.7723688594425819,0.08360772306300387,,,0.9328986925615312,,0.9329099944781889,0.0670900055218111,0.9681327276528566,0.38575182022644955,5,0.1,0.5,0.5505510834201703,0.5528205540635736,0.5650588668266466,0.5557483369459782,1.0,0.5526969870121844,0.5620368409511505,0.5590666291668063,0.5534925393518114,0.5620372394184285,0.5644054410710693,0.5707608190350438
6,5,0.20158042186859307,0.93964,5000,0.864845421579149,0.9543817527010804,833,0.8747447009284657,0.9491,0.767876445779472,0.08316954167236143,,,0.8533211155572484,,0.8533306560915617,0.14666934390843833,0.9677714721219348,0.3856378632264709,5,0.1,0.5,0.5504159183030682,0.5500240660331108,0.5716073764129038,0.5518569523227824,0.5526969870121844,1.0,0.5471765754283732,0.5503064308270448,0.5554315577850409,0.5638409504586781,0.5587662217006742,0.5572833172785048
6,6,0.1842101865252302,0.9444,5000,0.8863325383928087,0.9615846338535414,833,0.874420914596643,0.949,0.769852689869644,0.08349444334236897,,,0.9123261034823118,,0.9123437578434818,0.08765624215651824,0.9680995548994957,0.3857379960360351,5,0.1,0.5,0.5529316222228147,0.5490372707315738,0.5647947961657338,0.5591229651660031,0.5620368409511505,0.5471765754283732,1.0,0.5514735865680989,0.5527604700236328,0.5620736856380728,0.5617598606230748,0.5624470319889574
6,7,0.20264253945143265,0.94016,5000,0.8818942286350109,0.943577430972389,833,0.8745056645938764,0.9491,0.7702392774642114,0.08335500020256757,,,0.8870020084106448,,0.8870187239596405,0.11298127604035946,0.968002417414967,0.3857073080608156,5,0.1,0.5,0.5465464604112363,0.5476864477992957,0.5706777203178924,0.5574295796962855,0.5590666291668063,0.5503064308270448,0.5514735865680989,1.0,0.5553875867027532,0.5604504117721174,0.5666611173830071,0.564690448019125
6,8,0.19255592685880935,0.94144,5000,0.8810468117396036,0.9387755102040817,833,0.8748429670882302,0.9492,0.7663752437817442,0.08312142645561992,,,0.8445829709278933,,0.8445961548115054,0.1554038451884946,0.9677401537138716,0.3856137940176865,5,0.1,0.5,0.5459561743087276,0.5481290616878552,0.5555687277903618,0.5578826306087461,0.5534925393518114,0.5554315577850409,0.5527604700236328,0.5553875867027532,1.0,0.5530889407233275,0.5581793922962496,0.5595687136894397
6,9,0.1934306137204455,0.94028,5000,0.8816045412310848,0.9459783913565426,833,0.8749450856504349,0.949,0.7766285694445546,0.08368816543151311,,,0.9475077309898068,,0.9475277345514783,0.05247226544852168,0.968136026172414,0.38575670908896753,5,0.1,0.5,0.558742108642648,0.5481381042345754,0.5711575811299849,0.5619773265110614,0.5620372394184285,0.5638409504586781,0.5620736856380728,0.5604504117721174,0.5530889407233275,1.0,0.573520817350558,0.5736679717774348
6,10,0.19748292935116418,0.93948,5000,0.8991480491779469,0.9375750300120048,833,0.8748143808529399,0.9491,0.7767209208312145,0.0834127725382827,,,0.8974939703977749,,0.8975051453240299,0.10249485467597008,0.9678122394469388,0.3857213027723776,5,0.1,0.5,0.5525416069867694,0.5453023843994785,0.5674667645578003,0.571464810382285,0.5644054410710693,0.5587662217006742,0.5617598606230748,0.5666611173830071,0.5581793922962496,0.573520817350558,1.0,0.5715677009764402
6,11,0.1978833068657524,0.94128,5000,0.8791511544474849,0.9483793517406963,833,0.8744241743803786,0.949,0.7804103325661018,0.08397720583986895,,,0.9999999998183913,,1.0,0.0,0.9681474633295476,0.3857610340402628,5,0.1,0.5,0.5554507130384532,0.562171737090258,0.5735135445611816,0.5714621987538789,0.5707608190350438,0.5572833172785048,0.5624470319889574,0.564690448019125,0.5595687136894397,0.5736679717774348,0.5715677009764402,1.0
7,0,0.19182979843822445,0.94132,5000,0.6542043796292057,0.9628297362110312,834,0.675954606586371,0.9518,0.750161440979186,0.08270586808089182,,,0.7698001948248775,,0.7698107524722655,0.2301892475277345,0.9634475209786163,0.3768201470975835,5,0.1,0.5,1.0,0.5194163077062689,0.5241286376050205,0.5212423764807745,0.515420231706773,0.5310147543581455,0.5316507955639177,0.5247331831904897,0.535252267183804,0.5289849884203255,0.5312753141028007,0.5332931847455297
7,1,0.18092962317583952,0.94752,5000,0.6771683516325774,0.9544364508393285,834,0.6772901701470153,0.9519,0.7480066605756965,0.08260379247858689,,,0.75,,0.750002509914161,0.24999749008583905,0.9631249025471044,0.37668247293992485,5,0.1,0.5,0.5194163077062689,1.0,0.5291471806260983,0.5252000868561782,0.5185766106233063,0.5223523365701427,0.5313575461705368,0.520536735238791,0.5295670860318189,0.5244185505709276,0.5247257961931964,0.5317977157960561
7,2,0.18029433111037324,0.94664,5000,0.6689993253460637,0.9580335731414868,834,0.6751247240712468,0.9521,0.7575202800606046,0.0836779354003601,,,0.9583577137006464,,0.9583705637267206,0.04162943627327942,0.9650602910384192,0.3772790716557275,5,0.1,0.5,0.5241286376050205,0.5291471806260983,1.0,0.5300365501404903,0.5275487694177452,0.547856017822983,0.5329771144100237,0.5355065727180416,0.5241435401337298,0.5335603381417446,0.532867753720463,0.5392741890162165
