round,client_id,client_i_training_loss,client_i_training_accuracy,client_i_training_dataset_size,client_i_evaluation_loss,client_i_evaluation_accuracy,client_i_evaluation_dataset_size,client_i_central_evaluation_loss,client_i_central_evaluation_accuracy,client_i_cosine_similarity,client_i_importance_coefficient,client_i_tanh_val,tanh_normalization_value,client_i_q,client_i_mask_order,client_i_v_nonzero_fraction,client_i_v_sparsity,client_i_v_cosine_similarity,client_i_reward_gradient_norm,local_epochs,learning_rate,gamma,client_0_cosine_similarity,client_1_cosine_similarity,client_2_cosine_similarity,client_3_cosine_similarity,client_4_cosine_similarity,client_5_cosine_similarity,client_6_cosine_similarity,client_7_cosine_similarity,client_8_cosine_similarity,client_9_cosine_similarity,client_10_cosine_similarity,client_11_cosine_similarity
0,0,2.2748098879149468,0.158963282937365,4167,2.292110409055437,0.1354916067146283,834,2.2965633567375474,0.1343,0.9885489946275701,0.08364475978718784,0.08345023215931482,0.08356995444696619,0.998567400336135,,0.973659454374412,0.026340545625587963,0,0.14773024113310776,10,0.025,0.15,1.0,0.9728650265649793,0.9686008447180054,0.9779793977797095,0.9724161955776651,0.9614059521440188,0.9777904286892021,0.9664708896497147,0.9698890484519813,0.9715359664395894,0.9741136288248807,0.9700173479054022
0,1,2.272961633855646,0.14271658267338613,4167,2.2937894889286587,0.12709832134292565,834,2.2965633567375474,0.1343,0.9889292984318201,0.08367693868831012,0.08348218688264006,0.08356995444696619,0.9989497712915377,,0.973659454374412,0.026340545625587963,0,0.14773024113310776,10,0.025,0.15,0.9728650265649793,1.0,0.9659397511303905,0.9782896107622009,0.9685609194159268,0.9703444440618137,0.9597490138482779,0.9582427986486636,0.9755470098796705,0.9794938547560268,0.9802450085571242,0.9783082451856044
0,2,2.2811213999083546,0.15003599712023039,4167,2.298585993903024,0.14148681055155876,834,2.2965633567375474,0.1343,0.9839738643803393,0.08325764121986899,0.08306579706293106,0.08356995444696619,0.9939672411171524,,0.973659454374412,0.026340545625587963,0,0.14773024113310776,10,0.025,0.15,0.9686008447180054,0.9659397511303905,1.0,0.9712584642927335,0.9662489933995636,0.9637770730626541,0.96538362966883,0.96736797095092,0.9580473678103156,0.9564697959977879,0.9709843484622238,0.9749339762476842
0,3,2.271784750620524,0.15500359971202304,4167,2.2964516367231096,0.1486810551558753,834,2.2965633567375474,0.1343,0.9899738599599611,0.0837653228742019,0.08356995444696619,0.08356995444696619,0.9999999999880339,,0.973659454374412,0.026340545625587963,0,0.14773024113310776,10,0.025,0.15,0.9779793977797095,0.9782896107622009,0.9712584642927335,1.0,0.9743923906938533,0.9708946994613318,0.9678545236567011,0.9639311636343746,0.9703594562083906,0.9728108025602348,0.9813092195846135,0.9708456495366677
0,4,2.2659936131853047,0.15157187425006,4167,2.2959255831582204,0.13805522208883553,833,2.2965633567375474,0.1343,0.9840330566236863,0.08326264969289657,0.08307077097579281,0.08356995444696619,0.9940267590730327,,0.973659454374412,0.026340545625587963,0,0.14773024113310776,10,0.025,0.15,0.9724161955776651,0.9685609194159268,0.9662489933995636,0.9743923906938533,1.0,0.9521743763511334,0.9670418766497162,0.9498554243949001,0.9773546613443874,0.9605364989943209,0.9726404831827985,0.9684943549034151
0,5,2.2775128277865324,0.1554595632349412,4167,2.2970351491655623,0.12965186074429771,833,2.2965633567375474,0.1343,0.979897257170828,0.08291270451704552,0.08272323059627357,0.08356995444696619,0.9898680828859392,,0.973659454374412,0.026340545625587963,0,0.14773024113310776,10,0.025,0.15,0.9614059521440188,0.9703444440618137,0.9637770730626541,0.9708946994613318,0.9521743763511334,1.0,0.9447669230988425,0.9519009233751764,0.9550867177913543,0.9721202466014636,0.9717493975421404,0.9666174907861362
0,6,2.2747069575569845,0.14634029277657787,4167,2.291522605078561,0.13565426170468187,833,2.2965633567375474,0.1343,0.9788981316919779,0.08282816484209785,0.0826392688505776,0.08356995444696619,0.9888633947028405,,0.973659454374412,0.026340545625587963,0,0.14773024113310776,10,0.025,0.15,0.9777904286892021,0.9597490138482779,0.96538362966883,0.9678545236567011,0.9670418766497162,0.9447669230988425,1.0,0.9594566286549918,0.9554391978510888,0.9551329018100372,0.9573637880368403,0.9590429308525331
0,7,2.2796804558147086,0.14962802975761938,4167,2.2986326898847307,0.12725090036014405,833,2.2965633567375474,0.1343,0.978511777854548,0.08279547402545617,0.08260680119995355,0.08356995444696619,0.9884748860475646,,0.973659454374412,0.026340545625587963,0,0.14773024113310776,10,0.025,0.15,0.9664708896497147,0.9582427986486636,0.96736797095092,0.9639311636343746,0.9498554243949001,0.9519009233751764,0.9594566286549918,1.0,0.967783431648846,0.9530860392719596,0.9583276650193766,0.9680380456596175
0,8,2.2677852551142377,0.1583293326932309,4166,2.2952393123081754,0.1452581032412965,833,2.2965633567375474,0.1343,0.9846605306301172,0.08331574257228429,0.08312349724173736,0.08356995444696619,0.994657682785901,,0.973659454374412,0.026340545625587963,0,0.14773024113310776,10,0.025,0.15,0.9698890484519813,0.9755470098796705,0.9580473678103156,0.9703594562083906,0.9773546613443874,0.9550867177913543,0.9554391978510888,0.967783431648846,1.0,0.9695913573089447,0.9696911429312662,0.9683488064712052
0,9,2.263780291152723,0.15600096015362458,4166,2.298782076154436,0.12725090036014405,833,2.2965633567375474,0.1343,0.9845919228043235,0.0833099374122576,0.08311773218977372,0.08356995444696619,0.9945886980413033,,0.973659454374412,0.026340545625587963,0,0.14773024113310776,10,0.025,0.15,0.9715359664395894,0.9794938547560268,0.9564697959977879,0.9728108025602348,0.9605364989943209,0.9721202466014636,0.9551329018100372,0.9530860392719596,0.9695913573089447,1.0,0.9758426738692376,0.9697090911355506
0,10,2.2719853820222795,0.14860777724435908,4166,2.298197031021118,0.12244897959183673,833,2.2965633567375474,0.1343,0.9889589669949009,0.08367944905435734,0.08348467975273219,0.08356995444696619,0.9989796010324847,,0.973659454374412,0.026340545625587963,0,0.14773024113310776,10,0.025,0.15,0.9741136288248807,0.9802450085571242,0.9709843484622238,0.9813092195846135,0.9726404831827985,0.9717493975421404,0.9573637880368403,0.9583276650193766,0.9696911429312662,0.9758426738692376,1.0,0.9756707597211496
0,11,2.2762909650802614,0.1371819491118579,4166,2.2990658283233643,0.1332533013205282,833,2.2965633567375474,0.1343,0.9874434466515499,0.08355121531403581,0.0833573383994915,0.08356995444696619,0.997455831466235,,0.973659454374412,0.026340545625587963,0,0.14773024113310776,10,0.025,0.15,0.9700173479054022,0.9783082451856044,0.9749339762476842,0.9708456495366677,0.9684943549034151,0.9666174907861362,0.9590429308525331,0.9680380456596175,0.9683488064712052,0.9697090911355506,0.9756707597211496,1.0
1,0,2.146859192125725,0.2039116870650348,4167,2.277699981416975,0.1498800959232614,834,2.2832725772374793,0.1443,0.9924591711149514,0.0836193018309877,0.08342495143712321,0.08342495143712321,0.9999999999880131,,0.9732881120958559,0.026711887904144138,0.9129408458216864,0.14843215641849866,10,0.025,0.15,1.0,0.9827634261274745,0.9810288236577653,0.9760535038627401,0.9802277993249444,0.9813575880344889,0.9794294870214183,0.9831539359198529,0.9833368777091777,0.9736347918729384,0.9836163010371345,0.9803678869981792
1,1,2.14281582290476,0.197672186225102,4167,2.2817815371922086,0.14028776978417265,834,2.2832725772374793,0.1443,0.9889966671994986,0.08352695705616134,0.0833332486501014,0.08342495143712321,0.9989007750506175,,0.9732881120958559,0.026711887904144138,0.9129408458216864,0.14843215641849866,10,0.025,0.15,0.9827634261274745,1.0,0.9729706178407377,0.9747903856793515,0.9705428501423224,0.9806101509909281,0.9734451578607093,0.9784717273658964,0.9793476227352473,0.9723569661164259,0.983715331984326,0.9747675466404854
1,2,2.1592854904406,0.19637628989680825,4167,2.2865162576947893,0.1510791366906475,834,2.2832725772374793,0.1443,0.9896073269192763,0.08328870294395156,0.08309664438379495,0.08342495143712321,0.9960646419486169,,0.9732881120958559,0.026711887904144138,0.9129408458216864,0.14843215641849866,10,0.025,0.15,0.9810288236577653,0.9729706178407377,1.0,0.9797760348261925,0.9795610381779994,0.9786816484979298,0.9774975639900123,0.9783723277520299,0.9742336664718929,0.9715141896991827,0.9783677807924507,0.9791772583396972
1,3,2.1348313385790045,0.20367170626349893,4167,2.2824271747044156,0.15827338129496402,834,2.2832725772374793,0.1443,0.9888912414492945,0.08357793344267618,0.08338387081956335,0.08342495143712321,0.9995075739589692,,0.9732881120958559,0.026711887904144138,0.9129408458216864,0.14843215641849866,10,0.025,0.15,0.9760535038627401,0.9747903856793515,0.9797760348261925,1.0,0.9751723041830007,0.9801470979901872,0.9732322933848448,0.9774458961388824,0.9776519632664237,0.9743109106984448,0.9783540256716617,0.9756139265394511
1,4,2.129869023958842,0.20472762179025678,4167,2.282392604010446,0.15006002400960383,833,2.2832725772374793,0.1443,0.9880576333461389,0.08324159191373875,0.08304985847458864,0.08342495143712321,0.9955038276071064,,0.9732881120958559,0.026711887904144138,0.9129408458216864,0.14843215641849866,10,0.025,0.15,0.9802277993249444,0.9705428501423224,0.9795610381779994,0.9751723041830007,1.0,0.9781296731856066,0.9775185417617527,0.972660577888462,0.9788528132947278,0.964902125769809,0.9782221928013121,0.9769906421934101
1,5,2.151191834969954,0.20367170626349893,4167,2.284402166094099,0.13565426170468187,833,2.2832725772374793,0.1443,0.991523123000534,0.08313848216496617,0.08294745902601101,0.08342495143712321,0.9942763836971921,,0.9732881120958559,0.026711887904144138,0.9129408458216864,0.14843215641849866,10,0.025,0.15,0.9813575880344889,0.9806101509909281,0.9786816484979298,0.9801470979901872,0.9781296731856066,1.0,0.9757102732361685,0.9794101113055501,0.9794897928195007,0.9788686567552763,0.9833289899473042,0.9782295129853437
1,6,2.141198535037763,0.20357571394288457,4167,2.2777728693825856,0.15366146458583432,833,2.2832725772374793,0.1443,0.9879706483811506,0.08297139549124025,0.08278151965726646,0.08342495143712321,0.9922872981072816,,0.9732881120958559,0.026711887904144138,0.9129408458216864,0.14843215641849866,10,0.025,0.15,0.9794294870214183,0.9734451578607093,0.9774975639900123,0.9732322933848448,0.9775185417617527,0.9757102732361685,1.0,0.97787354942714,0.9772893381935973,0.9687553026062481,0.9771393751813124,0.9740076603648623
1,7,2.1567624428055505,0.1996160307175426,4167,2.285038811819894,0.13805522208883553,833,2.2832725772374793,0.1443,0.9908352316968817,0.08304405911474418,0.082853684898729,0.08342495143712321,0.9931523299738697,,0.9732881120958559,0.026711887904144138,0.9129408458216864,0.14843215641849866,10,0.025,0.15,0.9831539359198529,0.9784717273658964,0.9783723277520299,0.9774458961388824,0.972660577888462,0.9794101113055501,0.97787354942714,1.0,0.980418392681857,0.9753211321420612,0.9813104745560457,0.9814094909327165
1,8,2.1333263780131486,0.20789726356216995,4166,2.2819877692631314,0.1524609843937575,833,2.2832725772374793,0.1443,0.9900250773757858,0.08333798869519486,0.08314558961385402,0.08342495143712321,0.9966513396837108,,0.9732881120958559,0.026711887904144138,0.9129408458216864,0.14843215641849866,10,0.025,0.15,0.9833368777091777,0.9793476227352473,0.9742336664718929,0.9776519632664237,0.9788528132947278,0.9794897928195007,0.9772893381935973,0.980418392681857,1.0,0.9732645277819427,0.9792276203724701,0.9730155239921516
1,9,2.1232734701850196,0.21351416226596256,4166,2.2852237905774797,0.13565426170468187,833,2.2832725772374793,0.1443,0.9852863820193885,0.08318093406700523,0.08298961869855558,0.08342495143712321,0.9947817441657065,,0.9732881120958559,0.026711887904144138,0.9129408458216864,0.14843215641849866,10,0.025,0.15,0.9736347918729384,0.9723569661164259,0.9715141896991827,0.9743109106984448,0.964902125769809,0.9788686567552763,0.9687553026062481,0.9753211321420612,0.9732645277819427,1.0,0.9741509677881003,0.972782473099549
1,10,2.1438113487128057,0.20244839174267884,4166,2.2843993050711497,0.12364945978391356,833,2.2832725772374793,0.1443,0.9917668430816513,0.08361822547714766,0.08342388257431124,0.08342495143712321,0.9999871877202977,,0.9732881120958559,0.026711887904144138,0.9129408458216864,0.14843215641849866,10,0.025,0.15,0.9836163010371345,0.983715331984326,0.9783677807924507,0.9783540256716617,0.9782221928013121,0.9833289899473042,0.9771393751813124,0.9813104745560457,0.9792276203724701,0.9741509677881003,1.0,0.9792757751523692
1,11,2.1483380657253845,0.20338454152664426,4166,2.285770450319563,0.14285714285714285,833,2.2832725772374793,0.1443,0.989146102111974,0.08345442780218593,0.08326122263527112,0.08342495143712321,0.9980374120688158,,0.9732881120958559,0.026711887904144138,0.9129408458216864,0.14843215641849866,10,0.025,0.15,0.9803678869981792,0.9747675466404854,0.9791772583396972,0.9756139265394511,0.9769906421934101,0.9782295129853437,0.9740076603648623,0.9814094909327165,0.9730155239921516,0.972782473099549,0.9792757751523692,1.0
2,0,2.0649547735850016,0.2386849052075834,4167,2.2571344716208324,0.18345323741007194,834,2.2639682232579097,0.1703,0.9893279090397933,0.08359256469752377,0.08339840032747213,0.08339840032747213,0.9999999999880093,,0.9725701836906471,0.027429816309352928,0.9695769035131809,0.14801509264500695,10,0.025,0.15,1.0,0.9763876071660629,0.973873552361406,0.9701403253267922,0.9713901930642361,0.9752473084282278,0.9717886994354915,0.9777223292677295,0.976329221962134,0.9701896188016159,0.9779322903039689,0.9737356952320854
2,1,2.063982126207063,0.2371490280777538,4167,2.264168841498239,0.17146282973621102,834,2.2639682232579097,0.1703,0.9852844835804133,0.0834045701643549,0.08321171042658945,0.08339840032747213,0.9977614690312118,,0.9725701836906471,0.027429816309352928,0.9695769035131809,0.14801509264500695,10,0.025,0.15,0.9763876071660629,1.0,0.962562612490977,0.9652073557300629,0.9625489226465734,0.975685316547055,0.9664482491828273,0.9731713645959258,0.9708284369218494,0.9684577820458152,0.9776760402258157,0.9678775276490671
2,2,2.0795745856834182,0.2330453563714903,4167,2.26861640385219,0.18225419664268586,834,2.2639682232579097,0.1703,0.985359413910523,0.08326022109791512,0.08306835913945887,0.08339840032747213,0.9960425956887258,,0.9725701836906471,0.027429816309352928,0.9695769035131809,0.14801509264500695,10,0.025,0.15,0.973873552361406,0.962562612490977,1.0,0.9710118787661975,0.9704428765391151,0.969519660117515,0.9681478919672125,0.9722223099290318,0.9669098932547188,0.9702726261148931,0.9706580808913465,0.9722352843448022
2,3,2.054315712596431,0.2425725941924646,4167,2.262161527361189,0.17865707434052758,834,2.2639682232579097,0.1703,0.9861136169033263,0.08346285858761593,0.08326959496898399,0.08339840032747213,0.9984555416053446,,0.9725701836906471,0.027429816309352928,0.9695769035131809,0.14801509264500695,10,0.025,0.15,0.9701403253267922,0.9652073557300629,0.9710118787661975,1.0,0.9709169803445191,0.973582368147876,0.9694334181427098,0.9723486072847182,0.9728361830563691,0.9693676858542336,0.9724572486240773,0.9694033656400387
2,4,2.053217631397825,0.23870890328773697,4167,2.2626662254333496,0.1716686674669868,833,2.2639682232579097,0.1703,0.9852529037606625,0.08322774441527153,0.08303610647036731,0.08339840032747213,0.9956558656199892,,0.9725701836906471,0.027429816309352928,0.9695769035131809,0.14801509264500695,10,0.025,0.15,0.9713901930642361,0.9625489226465734,0.9704428765391151,0.9709169803445191,1.0,0.9738974864122307,0.9701343985483165,0.9670649466818506,0.9715525121735076,0.9657582241156536,0.9717280240078783,0.9711767620355463
2,5,2.071747265078805,0.2427885769138469,4167,2.2657463550567627,0.16326530612244897,833,2.2639682232579097,0.1703,0.9891258110221876,0.0832897984956562,0.0830977323705587,0.08339840032747213,0.996394799459831,,0.9725701836906471,0.027429816309352928,0.9695769035131809,0.14801509264500695,10,0.025,0.15,0.9752473084282278,0.975685316547055,0.969519660117515,0.973582368147876,0.9738974864122307,1.0,0.9719337736374133,0.9748565054522388,0.9741227878474846,0.974289465075726,0.9778219503618969,0.9715238065482398
2,6,2.0625175082322325,0.23947684185265178,4167,2.2578434262956892,0.18127250900360145,833,2.2639682232579097,0.1703,0.9851141274215741,0.08305678773693354,0.08286632612899199,0.08339840032747213,0.9936200910642827,,0.9725701836906471,0.027429816309352928,0.9695769035131809,0.14801509264500695,10,0.025,0.15,0.9717886994354915,0.9664482491828273,0.9681478919672125,0.9694334181427098,0.9701343985483165,0.9719337736374133,1.0,0.9703552083274466,0.9703635850386185,0.9690586186367518,0.9714246400809339,0.9659906019770255
2,7,2.077177088549643,0.2386849052075834,4167,2.2654679843357632,0.1608643457382953,833,2.2639682232579097,0.1703,0.9884350900914287,0.08320923226495268,0.08301772193297376,0.08339840032747213,0.9954354232935039,,0.9725701836906471,0.027429816309352928,0.9695769035131809,0.14801509264500695,10,0.025,0.15,0.9777223292677295,0.9731713645959258,0.9722223099290318,0.9723486072847182,0.9670649466818506,0.9748565054522388,0.9703552083274466,1.0,0.9735558660188025,0.9709318746968356,0.9755453586084685,0.9765379994335656
2,8,2.051357944806417,0.24675948151704272,4166,2.262509277888707,0.1788715486194478,833,2.2639682232579097,0.1703,0.9867700444155814,0.08333632255015154,0.08314393498695719,0.08339840032747213,0.9969487982921409,,0.9725701836906471,0.027429816309352928,0.9695769035131809,0.14801509264500695,10,0.025,0.15,0.976329221962134,0.9708284369218494,0.9669098932547188,0.9728361830563691,0.9715525121735076,0.9741227878474846,0.9703635850386185,0.9735558660188025,1.0,0.9692418123183858,0.9734037064169274,0.9653885864960817
2,9,2.0414270509373056,0.24939990398463754,4166,2.265683821269444,0.15486194477791115,833,2.2639682232579097,0.1703,0.9852015208785526,0.0831887095482971,0.08299734062297245,0.08339840032747213,0.9951910383901841,,0.9725701836906471,0.027429816309352928,0.9695769035131809,0.14801509264500695,10,0.025,0.15,0.9701896188016159,0.9684577820458152,0.9702726261148931,0.9693676858542336,0.9657582241156536,0.974289465075726,0.9690586186367518,0.9709318746968356,0.9692418123183858,1.0,0.9714703149312589,0.9670013841820125
2,10,2.0689547993920065,0.24059049447911665,4166,2.264310189655849,0.15006002400960383,833,2.2639682232579097,0.1703,0.9892649052922404,0.0835898587560478,0.08339571320600604,0.08339840032747213,0.9999677796881533,,0.9725701836906471,0.027429816309352928,0.9695769035131809,0.14801509264500695,10,0.025,0.15,0.9779322903039689,0.9776760402258157,0.9706580808913465,0.9724572486240773,0.9717280240078783,0.9778219503618969,0.9714246400809339,0.9755453586084685,0.9734037064169274,0.9714703149312589,1.0,0.9738614930133239
2,11,2.070319545991493,0.23881421027364377,4166,2.266501256397792,0.16686674669867949,833,2.2639682232579097,0.1703,0.9859458369258798,0.08338133168527996,0.08318863281050859,0.08339840032747213,0.9974847536986637,,0.9725701836906471,0.027429816309352928,0.9695769035131809,0.14801509264500695,10,0.025,0.15,0.9737356952320854,0.9678775276490671,0.9722352843448022,0.9694033656400387,0.9711767620355463,0.9715238065482398,0.9659906019770255,0.9765379994335656,0.9653885864960817,0.9670013841820125,0.9738614930133239,1.0
3,0,2.0068893107500942,0.2678185745140389,4167,2.230577298573085,0.24100719424460432,834,2.238535576228854,0.2244,0.9868155315619409,0.08359255994357369,0.08339839560658716,0.08339839560658716,0.9999999999880093,,0.9710353022726147,0.028964697727385302,0.9855520047047762,0.1475635938537105,10,0.025,0.15,1.0,0.9708910060974406,0.9676158975551509,0.9657671362164472,0.9653862203071162,0.967402320605283,0.9650661003389951,0.973167176158413,0.9694427528145243,0.9634104597741961,0.9710210658157307,0.9701503541356389
3,1,2.006483148806023,0.2657307415406767,4167,2.241006919315883,0.21223021582733814,834,2.238535576228854,0.2244,0.98283867970709,0.08334751102283292,0.08315504610435333,0.08339839560658716,0.9970820841161159,,0.9710353022726147,0.028964697727385302,0.9855520047047762,0.1475635938537105,10,0.025,0.15,0.9708910060974406,1.0,0.9566369671135233,0.9611682063815884,0.9572783175837389,0.9701815849702395,0.9604555643085512,0.965784060431882,0.9637343642639739,0.9632560214016147,0.9697663655566972,0.9632567828193821
3,2,2.021898994662545,0.2650107991360691,4167,2.2447690623147145,0.23501199040767387,834,2.238535576228854,0.2244,0.9813656090784695,0.08321066005819054,0.08301913988577514,0.08339839560658716,0.9954524818007707,,0.9710353022726147,0.028964697727385302,0.9855520047047762,0.1475635938537105,10,0.025,0.15,0.9676158975551509,0.9566369671135233,1.0,0.9633273889577149,0.963562186505151,0.9613227354206063,0.960133466802726,0.9643511751498085,0.9586258189719669,0.9628485435154649,0.9623030399805571,0.9643961596417339
3,3,1.9958491162820295,0.26729061675065996,4167,2.235425983156477,0.22422062350119903,834,2.238535576228854,0.2244,0.9838763959874339,0.08341714880178619,0.0832242019540855,0.08339839560658716,0.9979113068994602,,0.9710353022726147,0.028964697727385302,0.9855520047047762,0.1475635938537105,10,0.025,0.15,0.9657671362164472,0.9611682063815884,0.9633273889577149,1.0,0.9666644921817957,0.9690405936405232,0.9618411926058963,0.9658558173761423,0.9673253253288905,0.9637561954171894,0.9659182383330508,0.9640177836257667
3,4,2.000323370731238,0.26121910247180224,4167,2.2364582334245955,0.2304921968787515,833,2.238535576228854,0.2244,0.9823942686907903,0.08322402158296506,0.08303240930582802,0.08339839560658716,0.9956115906176276,,0.9710353022726147,0.028964697727385302,0.9855520047047762,0.1475635938537105,10,0.025,0.15,0.9653862203071162,0.9572783175837389,0.963562186505151,0.9666644921817957,1.0,0.9701270913017838,0.9623355323452372,0.960264333613337,0.9651311243073795,0.9606706149519323,0.9634972346489147,0.9623643556527559
3,5,2.013136545455817,0.2732901367890569,4167,2.240983213697161,0.21728691476590636,833,2.238535576228854,0.2244,0.986240352679553,0.08338714772733395,0.08319440860072938,0.08339839560658716,0.9975540655743835,,0.9710353022726147,0.028964697727385302,0.9855520047047762,0.1475635938537105,10,0.025,0.15,0.967402320605283,0.9701815849702395,0.9613227354206063,0.9690405936405232,0.9701270913017838,1.0,0.9658019611600195,0.9686375665655207,0.9665654261499285,0.9673162729874388,0.9700362665016128,0.9662209397808683
3,6,2.0085011182409342,0.26553875689944806,4167,2.2316188471657887,0.24129651860744297,833,2.238535576228854,0.2244,0.9818352029425429,0.0831004301342956,0.08290966868474238,0.08339839560658716,0.9941398522203667,,0.9710353022726147,0.028964697727385302,0.9855520047047762,0.1475635938537105,10,0.025,0.15,0.9650661003389951,0.9604555643085512,0.960133466802726,0.9618411926058963,0.9623355323452372,0.9658019611600195,1.0,0.9643074079269347,0.9632881083647518,0.9650292740528565,0.9640146392826957,0.9585004995868518
3,7,2.0192422422495757,0.2718982481401488,4167,2.2398015771593367,0.22208883553421369,833,2.238535576228854,0.2244,0.9852745628603476,0.0833061042955187,0.08311392555312908,0.08339839560658716,0.9965890224579788,,0.9710353022726147,0.028964697727385302,0.9855520047047762,0.1475635938537105,10,0.025,0.15,0.973167176158413,0.965784060431882,0.9643511751498085,0.9658558173761423,0.960264333613337,0.9686375665655207,0.9643074079269347,1.0,0.965288506361188,0.9646559992428122,0.9671179234412659,0.9718290420420383
3,8,1.9999807560082639,0.2712193951032165,4166,2.2368919168199812,0.23529411764705882,833,2.238535576228854,0.2244,0.9831437375374341,0.083315319990855,0.08312307758012638,0.08339839560658716,0.996698761103796,,0.9710353022726147,0.028964697727385302,0.9855520047047762,0.1475635938537105,10,0.025,0.15,0.9694427528145243,0.9637343642639739,0.9586258189719669,0.9673253253288905,0.9651311243073795,0.9665654261499285,0.9632881083647518,0.965288506361188,1.0,0.9627845515832042,0.9647175117323848,0.9591671682161859
3,9,1.9849869807561238,0.2796447431589054,4166,2.240140233721052,0.20168067226890757,833,2.238535576228854,0.2244,0.9825575777414685,0.0832052469620467,0.08301376409523545,0.08339839560658716,0.9953880226406091,,0.9710353022726147,0.028964697727385302,0.9855520047047762,0.1475635938537105,10,0.025,0.15,0.9634104597741961,0.9632560214016147,0.9628485435154649,0.9637561954171894,0.9606706149519323,0.9673162729874388,0.9650292740528565,0.9646559992428122,0.9627845515832042,1.0,0.9645425222429804,0.9609739575767932
3,10,2.012587144880584,0.26675468074891984,4166,2.2378384385790144,0.2148859543817527,833,2.238535576228854,0.2244,0.9852989161502608,0.08354165830487827,0.08334784778913434,0.08339839560658716,0.9993938993899756,,0.9710353022726147,0.028964697727385302,0.9855520047047762,0.1475635938537105,10,0.025,0.15,0.9710210658157307,0.9697663655566972,0.9623030399805571,0.9659182383330508,0.9634972346489147,0.9700362665016128,0.9640146392826957,0.9671179234412659,0.9647175117323848,0.9645425222429804,1.0,0.968468494972719
3,11,2.0143869884086376,0.263826212193951,4166,2.2410547733306885,0.21728691476590636,833,2.238535576228854,0.2244,0.983424383224537,0.08335219117572343,0.08315969389329307,0.08339839560658716,0.9971378140723803,,0.9710353022726147,0.028964697727385302,0.9855520047047762,0.1475635938537105,10,0.025,0.15,0.9701503541356389,0.9632567828193821,0.9643961596417339,0.9640177836257667,0.9623643556527559,0.9662209397808683,0.9585004995868518,0.9718290420420383,0.9591671682161859,0.9609739575767932,0.968468494972719,1.0
4,0,1.9632753856254346,0.2867530597552196,4167,2.1984570707593645,0.2673860911270983,834,2.2075116755087163,0.2536,0.9830264293857697,0.08357660445449498,0.08338255107151785,0.08338255107151785,0.999999999988007,,0.9647472396890627,0.03525276031093727,0.9891578134103506,0.14707043823467822,10,0.025,0.15,1.0,0.964418917068623,0.9612537291202088,0.9602368027360033,0.9570914342522655,0.9579145772211474,0.9569425848859925,0.9653087734391714,0.961016466887567,0.956086669404515,0.9627027679984731,0.9628113608004486
4,1,1.9632635777646845,0.28824094072474205,4167,2.2125632422310963,0.2434052757793765,834,2.2075116755087163,0.2536,0.979967937272924,0.08332585623089968,0.08313354101142485,0.08338255107151785,0.9970136430477351,,0.9647472396890627,0.03525276031093727,0.9891578134103506,0.14707043823467822,10,0.025,0.15,0.964418917068623,1.0,0.9481837080599884,0.9545885655431465,0.9520700938698138,0.9631222704263125,0.9539947755939046,0.959597237249963,0.9563261889380336,0.9575427319987577,0.9629287307099158,0.957098729260546
4,2,1.9764429124918852,0.2835133189344852,4167,2.2154760360717773,0.2529976019184652,834,2.2075116755087163,0.2536,0.977586203753406,0.08316392535622177,0.08297272710762986,0.08338255107151785,0.9950850152745798,,0.9647472396890627,0.03525276031093727,0.9891578134103506,0.14707043823467822,10,0.025,0.15,0.9612537291202088,0.9481837080599884,1.0,0.9563615974570062,0.9554938463382908,0.9522886237967294,0.9533225413800692,0.9581176311593027,0.9501023681088464,0.9558819489866515,0.9541665421036037,0.9567971610448768
4,3,1.9543463584148522,0.2865370770338373,4167,2.2028043270111084,0.2577937649880096,834,2.2075116755087163,0.2536,0.9814792396272244,0.08341798573261165,0.08322503308804606,0.08338255107151785,0.9981108999131629,,0.9647472396890627,0.03525276031093727,0.9891578134103506,0.14707043823467822,10,0.025,0.15,0.9602368027360033,0.9545885655431465,0.9563615974570062,1.0,0.9594011658123756,0.9616378878574959,0.9552244535616032,0.9615119399119278,0.9614500918626088,0.9567195627845121,0.9624915444190529,0.9580322314438744
4,4,1.955475468346567,0.2818574514038877,4167,2.204312699181693,0.2653061224489796,833,2.2075116755087163,0.2536,0.9791497241820307,0.0832229974664441,0.08303139224987005,0.08338255107151785,0.9957885814462261,,0.9647472396890627,0.03525276031093727,0.9891578134103506,0.14707043823467822,10,0.025,0.15,0.9570914342522655,0.9520700938698138,0.9554938463382908,0.9594011658123756,1.0,0.9638417427206393,0.9549072178338494,0.9524573696168036,0.9576016006021595,0.9550366288275046,0.9567189935320047,0.9557368084776595
4,5,1.9662060090989777,0.295344372450204,4167,2.2107744557516917,0.2533013205282113,833,2.2075116755087163,0.2536,0.9830038584691546,0.08344901383453535,0.08325584619715529,0.08338255107151785,0.9984804389679518,,0.9647472396890627,0.03525276031093727,0.9891578134103506,0.14707043823467822,10,0.025,0.15,0.9579145772211474,0.9631222704263125,0.9522886237967294,0.9616378878574959,0.9638417427206393,1.0,0.9597716245978921,0.9625825910246265,0.959436952403663,0.9622663569641279,0.962446984367315,0.960324492256104
4,6,1.9643152623465567,0.2832013438924886,4167,2.1998002188546315,0.2773109243697479,833,2.2075116755087163,0.2536,0.9784713208402797,0.08312462005600446,0.08293369227642515,0.08338255107151785,0.9946168737905089,,0.9647472396890627,0.03525276031093727,0.9891578134103506,0.14707043823467822,10,0.025,0.15,0.9569425848859925,0.9539947755939046,0.9533225413800692,0.9552244535616032,0.9549072178338494,0.9597716245978921,1.0,0.958296197841126,0.9553033082214597,0.9586741730268454,0.9564262260796558,0.9495917223394899
4,7,1.9713207898717937,0.2916486681065515,4167,2.208440440041678,0.23649459783913565,833,2.2075116755087163,0.2536,0.9822752062777534,0.083375279638212,0.08318262264269044,0.08338255107151785,0.9976022749693334,,0.9647472396890627,0.03525276031093727,0.9891578134103506,0.14707043823467822,10,0.025,0.15,0.9653087734391714,0.959597237249963,0.9581176311593027,0.9615119399119278,0.9524573696168036,0.9625825910246265,0.958296197841126,1.0,0.9571869489415838,0.9567432721031446,0.960920029694606,0.96433663083716
4,8,1.9524007132559111,0.2914546327412386,4166,2.2058250222887312,0.26290516206482595,833,2.2075116755087163,0.2536,0.9792387306303649,0.08328227392168895,0.08309025975085657,0.08338255107151785,0.9964945744894868,,0.9647472396890627,0.03525276031093727,0.9891578134103506,0.14707043823467822,10,0.025,0.15,0.961016466887567,0.9563261889380336,0.9501023681088464,0.9614500918626088,0.9576016006021595,0.959436952403663,0.9553033082214597,0.9571869489415838,1.0,0.955626508161564,0.9574169536850353,0.9498733337129447
4,9,1.9404077761101,0.30204032645223233,4166,2.209080457687378,0.23529411764705882,833,2.2075116755087163,0.2536,0.9795445225377652,0.08322423523031419,0.08303262148020717,0.08338255107151785,0.9958033235034228,,0.9647472396890627,0.03525276031093727,0.9891578134103506,0.14707043823467822,10,0.025,0.15,0.956086669404515,0.9575427319987577,0.9558819489866515,0.9567195627845121,0.9550366288275046,0.9622663569641279,0.9586741730268454,0.9567432721031446,0.955626508161564,1.0,0.9563173321333309,0.954136248785011
4,10,1.969203615549839,0.28917426788286127,4166,2.205701998301915,0.24489795918367346,833,2.2075116755087163,0.2536,0.9819470502761606,0.08351008504000013,0.0833164937769252,0.08338255107151785,0.9992077803480106,,0.9647472396890627,0.03525276031093727,0.9891578134103506,0.14707043823467822,10,0.025,0.15,0.9627027679984731,0.9629287307099158,0.9541665421036037,0.9624915444190529,0.9567189935320047,0.962446984367315,0.9564262260796558,0.960920029694606,0.9574169536850353,0.9563173321333309,1.0,0.9605525269062346
4,11,1.9670397639274597,0.28502160345655303,4166,2.209948403494699,0.2460984393757503,833,2.2075116755087163,0.2536,0.9799179884765551,0.08332712303857279,0.08313479906382246,0.08338255107151785,0.997028730765506,,0.9647472396890627,0.03525276031093727,0.9891578134103506,0.14707043823467822,10,0.025,0.15,0.9628113608004486,0.957098729260546,0.9567971610448768,0.9580322314438744,0.9557368084776595,0.960324492256104,0.9495917223394899,0.96433663083716,0.9498733337129447,0.954136248785011,0.9605525269062346,1.0
5,0,1.9250690987615875,0.30141588672906167,4167,2.1613975252423967,0.2865707434052758,834,2.17149705524686,0.2664,0.9779811287886458,0.08349950173412242,0.08330598392726035,0.08331129728858201,0.9999362227873706,,0.9659355349804426,0.0340644650195574,0.9908732238713182,0.14662482939250607,10,0.025,0.15,1.0,0.9552100789271943,0.9535354137824783,0.9520579978766344,0.9496225272432894,0.9478678953831878,0.9473068856348122,0.9558625666066533,0.9533192519831739,0.9487670973968976,0.9532707033592506,0.9547309150238729
5,1,1.9253383726784676,0.3033357331413487,4167,2.1791978904179166,0.24580335731414868,834,2.17149705524686,0.2664,0.9766021497563103,0.08329959276431163,0.08310745899958916,0.08331129728858201,0.9975532935313162,,0.9659355349804426,0.0340644650195574,0.9908732238713182,0.14662482939250607,10,0.025,0.15,0.9552100789271943,1.0,0.9433389395027817,0.9494047288735932,0.9453662808418326,0.957973866043838,0.9452297233352582,0.9507471205919942,0.9504338908827337,0.9505215121357274,0.9566478003855198,0.9505894929234442
5,2,1.9342113534609477,0.2990160787137029,4167,2.1811059543064664,0.2637889688249401,834,2.17149705524686,0.2664,0.9751376835490363,0.0831518167061274,0.08296070180713441,0.08331129728858201,0.9957917414101839,,0.9659355349804426,0.0340644650195574,0.9908732238713182,0.14662482939250607,10,0.025,0.15,0.9535354137824783,0.9433389395027817,1.0,0.9506893829244513,0.9491411693367935,0.944541482267767,0.9485118886580253,0.9520082560920556,0.946612686317456,0.9523731994291782,0.9484568437637014,0.949238274565424
5,3,1.9124030152956644,0.30254379649628027,4167,2.1649769374302457,0.26498800959232616,834,2.17149705524686,0.2664,0.9792920688109854,0.08344408950717816,0.08325095600094524,0.08331129728858201,0.9992757130113215,,0.9659355349804426,0.0340644650195574,0.9908732238713182,0.14662482939250607,10,0.025,0.15,0.9520579978766344,0.9494047288735932,0.9506893829244513,1.0,0.954612760073764,0.9581930927747999,0.9493242044839836,0.9541396321535901,0.9570598586677864,0.9519281969496204,0.9565452332969828,0.9530560522026068
5,4,1.9191074096795284,0.29791216702663786,4167,2.166949783052717,0.2797118847539016,833,2.17149705524686,0.2664,0.977263842107284,0.08325752879676569,0.0830656854155379,0.08331129728858201,0.997051877932108,,0.9659355349804426,0.0340644650195574,0.9908732238713182,0.14662482939250607,10,0.025,0.15,0.9496225272432894,0.9453662808418326,0.9491411693367935,0.954612760073764,1.0,0.9603295487373917,0.9505648857235351,0.9468792554097244,0.9528429942172766,0.9519692893258057,0.9509440751051853,0.9510700813184598
5,5,1.9226685097723297,0.31082313414926804,4167,2.17562883240836,0.2617046818727491,833,2.17149705524686,0.2664,0.9805697710983039,0.08350485222964656,0.08331129728858201,0.08331129728858201,0.9999999999879967,,0.9659355349804426,0.0340644650195574,0.9908732238713182,0.14662482939250607,10,0.025,0.15,0.9478678953831878,0.957973866043838,0.944541482267767,0.9581930927747999,0.9603295487373917,1.0,0.9532035649995121,0.9568660899231055,0.9553069465334662,0.9549089770538846,0.9569088602408156,0.9559013663696806
5,6,1.9277491414185726,0.2974802015838733,4167,2.16282480103629,0.29411764705882354,833,2.17149705524686,0.2664,0.9749815392993489,0.08312243349636977,0.08293152075554798,0.08331129728858201,0.9954414761696248,,0.9659355349804426,0.0340644650195574,0.9908732238713182,0.14662482939250607,10,0.025,0.15,0.9473068856348122,0.9452297233352582,0.9485118886580253,0.9493242044839836,0.9505648857235351,0.9532035649995121,1.0,0.9506217438948863,0.9471772244230023,0.951891131777444,0.9491861550856765,0.9436308905568651
5,7,1.931561863783634,0.310535157187425,4167,2.1722480910164967,0.25090036014405764,833,2.17149705524686,0.2664,0.9781656037994876,0.08338102790199327,0.08318833112950053,0.08331129728858201,0.9985240157807881,,0.9659355349804426,0.0340644650195574,0.9908732238713182,0.14662482939250607,10,0.025,0.15,0.9558625666066533,0.9507471205919942,0.9520082560920556,0.9541396321535901,0.9468792554097244,0.9568660899231055,0.9506217438948863,1.0,0.9498271225637523,0.9474620499568237,0.952294719758259,0.9570982527929079
5,8,1.9141958121097449,0.30616898703792605,4166,2.1701673098972867,0.2725090036014406,833,2.17149705524686,0.2664,0.9771419817344116,0.08329021325756569,0.08309814426842634,0.08331129728858201,0.9974414871921298,,0.9659355349804426,0.0340644650195574,0.9908732238713182,0.14662482939250607,10,0.025,0.15,0.9533192519831739,0.9504338908827337,0.946612686317456,0.9570598586677864,0.9528429942172766,0.9553069465334662,0.9471772244230023,0.9498271225637523,1.0,0.9506933621065804,0.9514250647093986,0.9471575614971006
5,9,1.8987621910644301,0.3172107537205953,4166,2.1730962140219554,0.2388955582232893,833,2.17149705524686,0.2664,0.976735789138069,0.08324111044140324,0.08304938032308304,0.08331129728858201,0.9968561650698035,,0.9659355349804426,0.0340644650195574,0.9908732238713182,0.14662482939250607,10,0.025,0.15,0.9487670973968976,0.9505215121357274,0.9523731994291782,0.9519281969496204,0.9519692893258057,0.9549089770538846,0.951891131777444,0.9474620499568237,0.9506933621065804,1.0,0.9489032976194822,0.9477555618111393
5,10,1.9278702121792417,0.30386461833893424,4166,2.1684423855372836,0.2689075630252101,833,2.17149705524686,0.2664,0.9786610962049386,0.0834805006876264,0.08328711471601329,0.08331129728858201,0.9997097323609705,,0.9659355349804426,0.0340644650195574,0.9908732238713182,0.14662482939250607,10,0.025,0.15,0.9532707033592506,0.9566478003855198,0.9484568437637014,0.9565452332969828,0.9509440751051853,0.9569088602408156,0.9491861550856765,0.952294719758259,0.9514250647093986,0.9489032976194822,1.0,0.9549618713433591
5,11,1.9244532180554939,0.3013922227556409,4166,2.1737309183393205,0.2689075630252101,833,2.17149705524686,0.2664,0.9774305207565382,0.08332733247688992,0.08313500705462508,0.08331129728858201,0.9978839576300899,,0.9659355349804426,0.0340644650195574,0.9908732238713182,0.14662482939250607,10,0.025,0.15,0.9547309150238729,0.9505894929234442,0.949238274565424,0.9530560522026068,0.9510700813184598,0.9559013663696806,0.9436308905568651,0.9570982527929079,0.9471575614971006,0.9477555618111393,0.9549618713433591,1.0
6,0,1.891178480422858,0.3162467002639789,4167,2.1207332270486012,0.3225419664268585,834,2.1318443938146663,0.2887,0.9742762759171835,0.08343297686426526,0.08323992036645841,0.08332261241420746,0.9990075677375909,,0.9710765625257877,0.028923437474212332,0.9919456480181903,0.14615655553881265,10,0.025,0.15,1.0,0.9488582869088867,0.9473072655147639,0.9465576451301122,0.9416960890894067,0.9387546953477138,0.9395934854594244,0.9504837369300458,0.9443312561572558,0.9428728969226082,0.9442922739672536,0.9468882104281984
6,1,1.889933824900425,0.3216462682985361,4167,2.142246757234846,0.27697841726618705,834,2.1318443938146663,0.2887,0.9727340383024893,0.08325897645068062,0.08306712308060096,0.08332261241420746,0.9969337335064176,,0.9710765625257877,0.028923437474212332,0.9919456480181903,0.14615655553881265,10,0.025,0.15,0.9488582869088867,1.0,0.9353623019176542,0.9437654893170081,0.9386463974908335,0.9504441168902535,0.9357463207888551,0.9426764222279326,0.9420198885607803,0.9456623623382217,0.9468858835347909,0.9436010680586997
6,2,1.8980146332220598,0.312167026637869,4167,2.1428958007267545,0.28776978417266186,834,2.1318443938146663,0.2887,0.9722552339097732,0.08315189656847555,0.08296078111983118,0.08332261241420746,0.9956574657840391,,0.9710765625257877,0.028923437474212332,0.9919456480181903,0.14615655553881265,10,0.025,0.15,0.9473072655147639,0.9353623019176542,1.0,0.9437866834137986,0.9423655692178593,0.9362908401683862,0.9446646976090832,0.9478856403333197,0.9400817090485714,0.9475879684117869,0.9409590261607033,0.9419596696843427
