round,client_id,client_i_training_loss,client_i_training_accuracy,client_i_training_dataset_size,client_i_evaluation_loss,client_i_evaluation_accuracy,client_i_evaluation_dataset_size,client_i_central_evaluation_loss,client_i_central_evaluation_accuracy,client_i_cosine_similarity,client_i_importance_coefficient,client_i_tanh_val,tanh_normalization_value,client_i_q,client_i_mask_order,client_i_v_nonzero_fraction,client_i_v_sparsity,client_i_v_cosine_similarity,client_i_reward_gradient_norm,local_epochs,learning_rate,gamma,client_0_cosine_similarity,client_1_cosine_similarity,client_2_cosine_similarity,client_3_cosine_similarity,client_4_cosine_similarity,client_5_cosine_similarity,client_6_cosine_similarity,client_7_cosine_similarity,client_8_cosine_similarity,client_9_cosine_similarity,client_10_cosine_similarity,client_11_cosine_similarity
0,0,2.1658032397555695,0.32816,5000,2.2571705712212458,0.18705035971223022,834,2.25426514841878,0.2084,0.9956329154859801,0.08325216157521007,,,0.99,,0.9900107286803723,0.00998927131962768,0,0.09966036871196715,5,0.001,0.1,1.0,0.9926814466635919,0.9921423602104102,0.9919643339872696,0.9906605642461167,0.993674026637984,0.9904747420841303,0.990795319402993,0.9903626986077634,0.9929558557633706,0.991770486085717,0.98953515736527
0,1,2.161872186630395,0.40344,5000,2.2537113119054726,0.20503597122302158,834,2.25426514841878,0.2084,0.9978048814827982,0.08343377556294641,,,0.99,,0.9900107286803723,0.00998927131962768,0,0.09966036871196715,5,0.001,0.1,0.9926814466635919,1.0,0.9935614531522406,0.9912604638635044,0.9926576906998993,0.9950749833204334,0.9935872064456447,0.9959257271059254,0.9942808872367606,0.9945373749843835,0.9950101086162843,0.9944147205443873
0,2,2.1688216429607126,0.37776,5000,2.247467314755475,0.23381294964028776,834,2.25426514841878,0.2084,0.997334269176422,0.08339442422053865,,,0.99,,0.9900107286803723,0.00998927131962768,0,0.09966036871196715,5,0.001,0.1,0.9921423602104102,0.9935614531522406,1.0,0.9938253290535639,0.991044295717053,0.9923923953945932,0.9943449687886471,0.9937979318192621,0.9944993982698909,0.9949957022895638,0.9940739340357131,0.9926861263206703
0,3,2.1628176244201174,0.34484,5000,2.2543963856167264,0.2146282973621103,834,2.25426514841878,0.2084,0.9959511013774218,0.08327876742846506,,,0.99,,0.9900107286803723,0.00998927131962768,0,0.09966036871196715,5,0.001,0.1,0.9919643339872696,0.9912604638635044,0.9938253290535639,1.0,0.9895831442078262,0.9935993799347643,0.9923941073083894,0.9901640594081932,0.9935493526743785,0.9919737130302738,0.990265623860765,0.9922427461308381
0,4,2.164058069362762,0.36796,5000,2.2534340575889305,0.22208883553421369,833,2.25426514841878,0.2084,0.9952896818492046,0.0832234612964804,,,0.99,,0.9900107286803723,0.00998927131962768,0,0.09966036871196715,5,0.001,0.1,0.9906605642461167,0.9926576906998993,0.991044295717053,0.9895831442078262,1.0,0.9913415449389763,0.9909387537405601,0.9932974090199232,0.990209417518458,0.9910953655229855,0.9928538344792186,0.9892301555673814
0,5,2.1592029325521676,0.39868,5000,2.2540780614923546,0.1992797118847539,833,2.25426514841878,0.2084,0.9967110112343558,0.08334230905832488,,,0.99,,0.9900107286803723,0.00998927131962768,0,0.09966036871196715,5,0.001,0.1,0.993674026637984,0.9950749833204334,0.9923923953945932,0.9935993799347643,0.9913415449389763,1.0,0.9920324239030247,0.9935978053189561,0.9911874385810561,0.9931281306960925,0.9913774024108954,0.992504669591326
0,6,2.1656986429433154,0.38076,5000,2.2569752445927374,0.2184873949579832,833,2.25426514841878,0.2084,0.9967858316306697,0.0833485653397577,,,0.99,,0.9900107286803723,0.00998927131962768,0,0.09966036871196715,5,0.001,0.1,0.9904747420841303,0.9935872064456447,0.9943449687886471,0.9923941073083894,0.9909387537405601,0.9920324239030247,1.0,0.9952734497985702,0.9935523558652453,0.9934180999505937,0.9914501873318395,0.993338700526659
0,7,2.161586963143318,0.40368,5000,2.2529439749541105,0.19447779111644659,833,2.25426514841878,0.2084,0.9972458165320126,0.08338702804697952,,,0.99,,0.9900107286803723,0.00998927131962768,0,0.09966036871196715,5,0.001,0.1,0.990795319402993,0.9959257271059254,0.9937979318192621,0.9901640594081932,0.9932974090199232,0.9935978053189561,0.9952734497985702,1.0,0.9931752371015731,0.9937640177283716,0.9942336105033828,0.9922815000857802
0,8,2.163981368283557,0.3578,5000,2.263109869427151,0.18847539015606243,833,2.25426514841878,0.2084,0.9967613771698681,0.08334652052314885,,,0.99,,0.9900107286803723,0.00998927131962768,0,0.09966036871196715,5,0.001,0.1,0.9903626986077634,0.9942808872367606,0.9944993982698909,0.9935493526743785,0.990209417518458,0.9911874385810561,0.9935523558652453,0.9931752371015731,1.0,0.9937108493840789,0.9929286496417038,0.9930562549404296
0,9,2.164370627160285,0.40644,5000,2.247352158581769,0.2388955582232893,833,2.25426514841878,0.2084,0.9969739628582125,0.08336429636984831,,,0.99,,0.9900107286803723,0.00998927131962768,0,0.09966036871196715,5,0.001,0.1,0.9929558557633706,0.9945373749843835,0.9949957022895638,0.9919737130302738,0.9910953655229855,0.9931281306960925,0.9934180999505937,0.9937640177283716,0.9937108493840789,1.0,0.9919081789727968,0.9915676153789424
0,10,2.1627779259043893,0.37608,5000,2.250709807431256,0.20408163265306123,833,2.25426514841878,0.2084,0.9965862297209915,0.0833318751619052,,,0.99,,0.9900107286803723,0.00998927131962768,0,0.09966036871196715,5,0.001,0.1,0.991770486085717,0.9950101086162843,0.9940739340357131,0.990265623860765,0.9928538344792186,0.9913774024108954,0.9914501873318395,0.9942336105033828,0.9929286496417038,0.9919081789727968,1.0,0.9925458934233208
0,11,2.159253804547012,0.3626,5000,2.2571549238982023,0.19447779111644659,833,2.25426514841878,0.2084,0.9961669416691492,0.083296815416395,,,0.99,,0.9900107286803723,0.00998927131962768,0,0.09966036871196715,5,0.001,0.1,0.98953515736527,0.9944147205443873,0.9926861263206703,0.9922427461308381,0.9892301555673814,0.992504669591326,0.993338700526659,0.9922815000857802,0.9930562549404296,0.9915676153789424,0.9925458934233208,1.0
1,0,1.9686022390985185,0.48908,5000,2.196789617891665,0.4028776978417266,834,2.1930785948476093,0.4192,0.9981358527401168,0.08327730780947024,,,0.99,,0.9900107286803723,0.00998927131962768,0.9692445268032566,0.09983294927891742,5,0.001,0.1,1.0,0.9964743861346027,0.9962542307658518,0.9966326149387482,0.9950173256997444,0.9975749932279532,0.9955611166973336,0.9962095503242958,0.9957217746411572,0.9961505194559365,0.9965063795638178,0.9955205500442401
1,1,1.9595328741012865,0.52036,5000,2.192500917999833,0.4292565947242206,834,2.1930785948476093,0.4192,0.9986689797270524,0.08340590041901386,,,0.99,,0.9900107286803723,0.00998927131962768,0.9692445268032566,0.09983294927891742,5,0.001,0.1,0.9964743861346027,1.0,0.9966666131566475,0.995798583689201,0.9955724727964734,0.9971868456050299,0.9970705985277186,0.9975914263626213,0.9967403913933843,0.9975683310638752,0.9970463047281802,0.9962850561293377
1,2,1.969700452628409,0.50508,5000,2.1823607374120644,0.4568345323741007,834,2.1930785948476093,0.4192,0.9985856856498032,0.08337907760122956,,,0.99,,0.9900107286803723,0.00998927131962768,0.9692445268032566,0.09983294927891742,5,0.001,0.1,0.9962542307658518,0.9966666131566475,1.0,0.996581642908859,0.9948641548189526,0.9962599260911278,0.9971704259081204,0.9972089628183783,0.997284521345285,0.9976492579347045,0.997346714193,0.9957176074531164
1,3,1.9591841020401877,0.48996,5000,2.1944976382785373,0.40167865707434053,834,2.1930785948476093,0.4192,0.9982158622961617,0.08329620779953892,,,0.99,,0.9900107286803723,0.00998927131962768,0.9692445268032566,0.09983294927891742,5,0.001,0.1,0.9966326149387482,0.995798583689201,0.996581642908859,1.0,0.9947562020730875,0.9975786695883885,0.9960558393979346,0.9959911761576646,0.9967065955589703,0.9960796024576651,0.9956139370946188,0.9967867030264743
1,4,1.9644550012175443,0.50756,5000,2.189729655230487,0.4345738295318127,833,2.1930785948476093,0.4192,0.9972139603815289,0.08322994822357904,,,0.99,,0.9900107286803723,0.00998927131962768,0.9692445268032566,0.09983294927891742,5,0.001,0.1,0.9950173256997444,0.9955724727964734,0.9948641548189526,0.9947562020730875,1.0,0.9955725609798906,0.9947550245566041,0.9958844245188312,0.9946663755654702,0.9949904287381495,0.9960915048675961,0.9944120093939929
1,5,1.9513104139619573,0.52448,5000,2.192263788647122,0.4237695078031212,833,2.1930785948476093,0.4192,0.9986308349865217,0.08334857275173314,,,0.99,,0.9900107286803723,0.00998927131962768,0.9692445268032566,0.09983294927891742,5,0.001,0.1,0.9975749932279532,0.9971868456050299,0.9962599260911278,0.9975786695883885,0.9955725609798906,1.0,0.9962612315072122,0.9972404669472372,0.9959080193578607,0.9968480018120903,0.9964877288841871,0.9966321330754428
1,6,1.9657415409756314,0.51044,5000,2.193632540879426,0.42016806722689076,833,2.1930785948476093,0.4192,0.9983086102445894,0.08334200865503293,,,0.99,,0.9900107286803723,0.00998927131962768,0.9692445268032566,0.09983294927891742,5,0.001,0.1,0.9955611166973336,0.9970705985277186,0.9971704259081204,0.9960558393979346,0.9947550245566041,0.9962612315072122,1.0,0.9973522395886967,0.9963595301759914,0.9969432721881816,0.9960372161016422,0.9961185877939123
1,7,1.9552584825807315,0.52044,5000,2.189504199557834,0.42136854741896757,833,2.1930785948476093,0.4192,0.998784599834742,0.08338096226809524,,,0.99,,0.9900107286803723,0.00998927131962768,0.9692445268032566,0.09983294927891742,5,0.001,0.1,0.9962095503242958,0.9975914263626213,0.9972089628183783,0.9959911761576646,0.9958844245188312,0.9972404669472372,0.9973522395886967,1.0,0.9967819991500529,0.997347052713168,0.9975963050921751,0.9961837459231239
1,8,1.962864318015469,0.51824,5000,2.2047406567467585,0.39015606242497,833,2.1930785948476093,0.4192,0.9983240678505434,0.08334125352441481,,,0.99,,0.9900107286803723,0.00998927131962768,0.9692445268032566,0.09983294927891742,5,0.001,0.1,0.9957217746411572,0.9967403913933843,0.997284521345285,0.9967065955589703,0.9946663755654702,0.9959080193578607,0.9963595301759914,0.9967819991500529,1.0,0.997200594113091,0.9965807581671151,0.9959208068811771
1,9,1.9612344340913614,0.53852,5000,2.185442986311736,0.43937575030012005,833,2.1930785948476093,0.4192,0.9986412275286128,0.08336239302729849,,,0.99,,0.9900107286803723,0.00998927131962768,0.9692445268032566,0.09983294927891742,5,0.001,0.1,0.9961505194559365,0.9975683310638752,0.9976492579347045,0.9960796024576651,0.9949904287381495,0.9968480018120903,0.9969432721881816,0.997347052713168,0.997200594113091,1.0,0.9968626862814227,0.9960292302293522
1,10,1.9628606196421727,0.51108,5000,2.1916868068553783,0.39735894357743096,833,2.1930785948476093,0.4192,0.9984947399728616,0.08333778064154918,,,0.99,,0.9900107286803723,0.00998927131962768,0.9692445268032566,0.09983294927891742,5,0.001,0.1,0.9965063795638178,0.9970463047281802,0.997346714193,0.9956139370946188,0.9960915048675961,0.9964877288841871,0.9960372161016422,0.9975963050921751,0.9965807581671151,0.9968626862814227,1.0,0.9957481115714847
1,11,1.9567331154634997,0.50704,5000,2.193754469906842,0.4129651860744298,833,2.1930785948476093,0.4192,0.9979466666841967,0.08329858727904471,,,0.99,,0.9900107286803723,0.00998927131962768,0.9692445268032566,0.09983294927891742,5,0.001,0.1,0.9955205500442401,0.9962850561293377,0.9957176074531164,0.9967867030264743,0.9944120093939929,0.9966321330754428,0.9961185877939123,0.9961837459231239,0.9959208068811771,0.9960292302293522,0.9957481115714847,1.0
2,0,1.760401670036802,0.55184,5000,2.118840570803042,0.5383693045563549,834,2.1143606356538522,0.5491,0.9986050847117959,0.08329477108329872,,,0.99,,0.9900107286803723,0.00998927131962768,0.9921155522101831,0.09987355096119166,5,0.001,0.1,1.0,0.9976497521277302,0.9967761576317267,0.9967360675935515,0.9972856157659266,0.9981116303267792,0.9967009832190191,0.9969956094204022,0.9966488604490226,0.9972356693657366,0.997271486634134,0.996697903809154
2,1,1.7477683101490045,0.57524,5000,2.1140557130177817,0.5563549160671463,834,2.1143606356538522,0.5491,0.9990723277395989,0.08338870424502993,,,0.99,,0.9900107286803723,0.00998927131962768,0.9921155522101831,0.09987355096119166,5,0.001,0.1,0.9976497521277302,1.0,0.99736357411749,0.9965347147558046,0.997922958144589,0.9979498160559669,0.997697574334323,0.9977659805118692,0.9975506640001754,0.997778057824095,0.9980533019876613,0.9974393988094988
2,2,1.7579825496977302,0.5666,5000,2.098918976607146,0.5875299760191847,834,2.1143606356538522,0.5491,0.9987503310224014,0.0833618643243208,,,0.99,,0.9900107286803723,0.00998927131962768,0.9921155522101831,0.09987355096119166,5,0.001,0.1,0.9967761576317267,0.99736357411749,1.0,0.9966259423583391,0.9970492503545365,0.996666254192822,0.997751284237649,0.9974993781406918,0.9976863888524438,0.9977962147449508,0.9978362200310562,0.9967953768161824
2,3,1.7463991816636104,0.56116,5000,2.1170801233362266,0.5335731414868106,834,2.1143606356538522,0.5491,0.9981501951252849,0.08329167957724118,,,0.99,,0.9900107286803723,0.00998927131962768,0.9921155522101831,0.09987355096119166,5,0.001,0.1,0.9967360675935515,0.9965347147558046,0.9966259423583391,1.0,0.9965580145485667,0.9976273485369391,0.9960437737283104,0.9962578228359079,0.9964333228327851,0.9967450027470426,0.9961291812063603,0.9969671269005048
2,4,1.756173666115779,0.56356,5000,2.1081977596989385,0.5450180072028812,833,2.1143606356538522,0.5491,0.9988303246841894,0.08327299938853171,,,0.99,,0.9900107286803723,0.00998927131962768,0.9921155522101831,0.09987355096119166,5,0.001,0.1,0.9972856157659266,0.997922958144589,0.9970492503545365,0.9965580145485667,1.0,0.9976200742837537,0.9971075700095581,0.9977669446359866,0.9970346813748389,0.9973900366432545,0.9979896469511484,0.9970851202688432
2,5,1.7347302491497842,0.57812,5000,2.113069693247477,0.5426170468187275,833,2.1143606356538522,0.5491,0.998880112452123,0.08334734719518132,,,0.99,,0.9900107286803723,0.00998927131962768,0.9921155522101831,0.09987355096119166,5,0.001,0.1,0.9981116303267792,0.9979498160559669,0.996666254192822,0.9976273485369391,0.9976200742837537,1.0,0.9969088214531577,0.9974985120799601,0.9965889616413138,0.9976212961712236,0.9972483106496591,0.9975637910618
2,6,1.7543605180303004,0.5776,5000,2.1126568847232394,0.5510204081632653,833,2.1143606356538522,0.5491,0.9986681645284501,0.08333648169062001,,,0.99,,0.9900107286803723,0.00998927131962768,0.9921155522101831,0.09987355096119166,5,0.001,0.1,0.9967009832190191,0.997697574334323,0.997751284237649,0.9960437737283104,0.9971075700095581,0.9969088214531577,1.0,0.9976497852364942,0.9969946909954811,0.9975676518554857,0.9975091461749171,0.99693057006738
2,7,1.7407461612847202,0.58388,5000,2.107663454832854,0.5678271308523409,833,2.1143606356538522,0.5491,0.9988648912695542,0.08336671731012883,,,0.99,,0.9900107286803723,0.00998927131962768,0.9921155522101831,0.09987355096119166,5,0.001,0.1,0.9969956094204022,0.9977659805118692,0.9974993781406918,0.9962578228359079,0.9977669446359866,0.9974985120799601,0.9976497852364942,1.0,0.9974231081815406,0.9975043648785538,0.9978437293990251,0.9970143340188541
2,8,1.7498794028713445,0.58676,5000,2.1295836678257696,0.517406962785114,833,2.1143606356538522,0.5491,0.998599401528881,0.08333379939435329,,,0.99,,0.9900107286803723,0.00998927131962768,0.9921155522101831,0.09987355096119166,5,0.001,0.1,0.9966488604490226,0.9975506640001754,0.9976863888524438,0.9964333228327851,0.9970346813748389,0.9965889616413138,0.9969946909954811,0.9974231081815406,1.0,0.9975476772686761,0.9973311052294672,0.9967986660194748
2,9,1.7482560746988673,0.59296,5000,2.106582906511095,0.5786314525810324,833,2.1143606356538522,0.5491,0.998932698569497,0.08335751899217347,,,0.99,,0.9900107286803723,0.00998927131962768,0.9921155522101831,0.09987355096119166,5,0.001,0.1,0.9972356693657366,0.997778057824095,0.9977962147449508,0.9967450027470426,0.9973900366432545,0.9976212961712236,0.9975676518554857,0.9975043648785538,0.9975476772686761,1.0,0.9977124268711769,0.9971341540266254
2,10,1.7525530675414263,0.5704,5000,2.1150422361161976,0.5282112845138055,833,2.1143606356538522,0.5491,0.9989236470052977,0.08334213446480154,,,0.99,,0.9900107286803723,0.00998927131962768,0.9921155522101831,0.09987355096119166,5,0.001,0.1,0.997271486634134,0.9980533019876613,0.9978362200310562,0.9961291812063603,0.9979896469511484,0.9972483106496591,0.9975091461749171,0.9978437293990251,0.9973311052294672,0.9977124268711769,1.0,0.9970002683721491
2,11,1.742780004944771,0.58024,5000,2.1126474451135704,0.5426170468187275,833,2.1143606356538522,0.5491,0.9985481534445085,0.08330598233431932,,,0.99,,0.9900107286803723,0.00998927131962768,0.9921155522101831,0.09987355096119166,5,0.001,0.1,0.996697903809154,0.9974393988094988,0.9967953768161824,0.9969671269005048,0.9970851202688432,0.9975637910618,0.99693057006738,0.9970143340188541,0.9967986660194748,0.9971341540266254,0.9970002683721491,1.0
3,0,1.5814148919597553,0.58052,5000,2.0231180411797984,0.5947242206235012,834,2.017512464294799,0.6086,0.9986841000931129,0.08330577866358839,,,0.99,,0.9900107286803723,0.00998927131962768,0.9962195671844756,0.09988052477660221,5,0.001,0.1,1.0,0.997688789539351,0.9966828950865333,0.9972286346515218,0.9973213843860669,0.997741863772014,0.9972621387737698,0.9971637703519793,0.9971251426142455,0.9975170480610066,0.9972250051012091,0.9969353692291206
3,1,1.5691991558500156,0.6056,5000,2.0175015528996787,0.6067146282973621,834,2.017512464294799,0.6086,0.999124099746142,0.08337757734526634,,,0.99,,0.9900107286803723,0.00998927131962768,0.9962195671844756,0.09988052477660221,5,0.001,0.1,0.997688789539351,1.0,0.9973655246761027,0.9974212718232857,0.9979485218182892,0.9977657817497689,0.9978979328059873,0.9978268526264008,0.9977412785215377,0.9979336402108089,0.997965173288976,0.9976083982101618
3,2,1.578126658755503,0.60424,5000,1.9967279213446159,0.6354916067146283,834,2.017512464294799,0.6086,0.9986181094572767,0.08334478963969728,,,0.99,,0.9900107286803723,0.00998927131962768,0.9962195671844756,0.09988052477660221,5,0.001,0.1,0.9966828950865333,0.9973655246761027,1.0,0.9967802953188699,0.9969985325493776,0.9965566418867379,0.9977021880076318,0.9973230460458823,0.9975899161827995,0.9973649954052007,0.9976911184330933,0.9970431793309765
3,3,1.5657667310374557,0.5966,5000,2.021494821265892,0.5959232613908872,834,2.017512464294799,0.6086,0.998588927486288,0.0833008114881601,,,0.99,,0.9900107286803723,0.00998927131962768,0.9962195671844756,0.09988052477660221,5,0.001,0.1,0.9972286346515218,0.9974212718232857,0.9967802953188699,1.0,0.9969326391020369,0.9977894780458721,0.9969414803431571,0.997018923828828,0.9973062110333741,0.9972892280776042,0.9969521635849912,0.9970911813600007
3,4,1.5775238031035017,0.59444,5000,2.0080991321139865,0.6002400960384153,833,2.017512464294799,0.6086,0.998835972412479,0.08329732992119586,,,0.99,,0.9900107286803723,0.00998927131962768,0.9962195671844756,0.09988052477660221,5,0.001,0.1,0.9973213843860669,0.9979485218182892,0.9969985325493776,0.9969326391020369,1.0,0.9974886948019802,0.9974980503745087,0.9976996813555852,0.9973275746299868,0.997519674056588,0.9977245297412681,0.9972531886696482
3,5,1.555121921429968,0.60824,5000,2.015856976862307,0.6086434573829532,833,2.017512464294799,0.6086,0.9987926678600026,0.08334152144910809,,,0.99,,0.9900107286803723,0.00998927131962768,0.9962195671844756,0.09988052477660221,5,0.001,0.1,0.997741863772014,0.9977657817497689,0.9965566418867379,0.9977894780458721,0.9974886948019802,1.0,0.9973300909555426,0.9974196613773163,0.9968193621156864,0.9976211828168343,0.9971260022780251,0.9975335805488632
3,6,1.5736805006197303,0.61404,5000,2.0137025206177324,0.6326530612244898,833,2.017512464294799,0.6086,0.9988483946561216,0.08333665733526067,,,0.99,,0.9900107286803723,0.00998927131962768,0.9962195671844756,0.09988052477660221,5,0.001,0.1,0.9972621387737698,0.9978979328059873,0.9977021880076318,0.9969414803431571,0.9974980503745087,0.9973300909555426,1.0,0.9976815999166257,0.9970054497847708,0.997386557658962,0.9976090571535341,0.997544860977079
3,7,1.5602209474630417,0.61868,5000,2.006784408180802,0.6158463385354142,833,2.017512464294799,0.6086,0.9988320642039302,0.08335467038618687,,,0.99,,0.9900107286803723,0.00998927131962768,0.9962195671844756,0.09988052477660221,5,0.001,0.1,0.9971637703519793,0.9978268526264008,0.9973230460458823,0.997018923828828,0.9976996813555852,0.9974196613773163,0.9976815999166257,1.0,0.9974393685234842,0.9972627410819572,0.997714051323249,0.9971133194029603
3,8,1.5705729663751686,0.61608,5000,2.037113812234667,0.5834333733493398,833,2.017512464294799,0.6086,0.9987664921961282,0.08333236934920865,,,0.99,,0.9900107286803723,0.00998927131962768,0.9962195671844756,0.09988052477660221,5,0.001,0.1,0.9971251426142455,0.9977412785215377,0.9975899161827995,0.9973062110333741,0.9973275746299868,0.9968193621156864,0.9970054497847708,0.9974393685234842,1.0,0.9977335156057555,0.9976500430849252,0.9971400684363543
3,9,1.5686719915669436,0.62192,5000,2.0098921987745495,0.631452581032413,833,2.017512464294799,0.6086,0.9989372780796018,0.08335242566525357,,,0.99,,0.9900107286803723,0.00998927131962768,0.9962195671844756,0.09988052477660221,5,0.001,0.1,0.9975170480610066,0.9979336402108089,0.9973649954052007,0.9972892280776042,0.997519674056588,0.9976211828168343,0.997386557658962,0.9972627410819572,0.9977335156057555,1.0,0.9976714455646829,0.9976245783935075
3,10,1.5739534454740536,0.5964,5000,2.019967057086803,0.5822328931572629,833,2.017512464294799,0.6086,0.9989191311308805,0.08334240641948978,,,0.99,,0.9900107286803723,0.00998927131962768,0.9962195671844756,0.09988052477660221,5,0.001,0.1,0.9972250051012091,0.997965173288976,0.9976911184330933,0.9969521635849912,0.9977245297412681,0.9971260022780251,0.9976090571535341,0.997714051323249,0.9976500430849252,0.9976714455646829,1.0,0.9973784704103968
3,11,1.5610899771854376,0.60868,5000,2.0125373160397566,0.6158463385354142,833,2.017512464294799,0.6086,0.9987153671862499,0.08331366233758453,,,0.99,,0.9900107286803723,0.00998927131962768,0.9962195671844756,0.09988052477660221,5,0.001,0.1,0.9969353692291206,0.9976083982101618,0.9970431793309765,0.9970911813600007,0.9972531886696482,0.9975335805488632,0.997544860977079,0.9971133194029603,0.9971400684363543,0.9976245783935075,0.9973784704103968,1.0
4,0,1.4379236761931402,0.60316,5000,1.9104206517890647,0.6187050359712231,834,1.9037287467584822,0.6365,0.9984847691009145,0.0833094998150578,,,0.99,,0.9900107286803723,0.00998927131962768,0.9979560050998136,0.09986997181678436,5,0.001,0.1,1.0,0.997399024737272,0.9964584959390457,0.9966212569885887,0.9969974347390425,0.9973346521047741,0.9969327030853404,0.9970671074232288,0.9968200924603173,0.9972133538555911,0.9967806616850932,0.9966134307286844
4,1,1.4264674437273839,0.6242,5000,1.9041147452813607,0.6342925659472423,834,1.9037287467584822,0.6365,0.999065363560089,0.08337226590505331,,,0.99,,0.9900107286803723,0.00998927131962768,0.9979560050998136,0.09986997181678436,5,0.001,0.1,0.997399024737272,1.0,0.9973009277841369,0.9970624290115593,0.9978125347324315,0.9976655435297301,0.997763912336193,0.9976198464611683,0.9974434379770419,0.9978491521733127,0.9978152119320186,0.9974621774933241
4,2,1.4351933115606854,0.6158,5000,1.8770754822978266,0.6678657074340527,834,1.9037287467584822,0.6365,0.9985464881861229,0.08333541374998404,,,0.99,,0.9900107286803723,0.00998927131962768,0.9979560050998136,0.09986997181678436,5,0.001,0.1,0.9964584959390457,0.9973009277841369,1.0,0.996456456194865,0.9969034970868887,0.996528787251557,0.9974731046990774,0.997226937215062,0.9973189698435285,0.9970523156001606,0.9974028722843413,0.9968538542084782
4,3,1.4239894676360354,0.61724,5000,1.9089829921722412,0.6151079136690647,834,1.9037287467584822,0.6365,0.9983888976501701,0.08330335969918767,,,0.99,,0.9900107286803723,0.00998927131962768,0.9979560050998136,0.09986997181678436,5,0.001,0.1,0.9966212569885887,0.9970624290115593,0.996456456194865,1.0,0.9967710800866844,0.997536230810282,0.996546830030018,0.9969390697236759,0.9968064854811642,0.9967968358362598,0.9967268486394661,0.9968261921554648
4,4,1.4355264421481235,0.61512,5000,1.8909009606749922,0.631452581032413,833,1.9037287467584822,0.6365,0.9987698287947931,0.08331351905064113,,,0.99,,0.9900107286803723,0.00998927131962768,0.9979560050998136,0.09986997181678436,5,0.001,0.1,0.9969974347390425,0.9978125347324315,0.9969034970868887,0.9967710800866844,1.0,0.9972756529104396,0.997321495242799,0.997570109719445,0.9969646867570822,0.9975054555638561,0.9974923194523853,0.9970401179080883
4,5,1.4120426259982357,0.62464,5000,1.9017951753404405,0.6446578631452581,833,1.9037287467584822,0.6365,0.9987437544196895,0.08333977628817117,,,0.99,,0.9900107286803723,0.00998927131962768,0.9979560050998136,0.09986997181678436,5,0.001,0.1,0.9973346521047741,0.9976655435297301,0.996528787251557,0.997536230810282,0.9972756529104396,1.0,0.9972511485665218,0.9972132221900112,0.9964592010407123,0.9975641332739583,0.9971310444103995,0.9973815719632853
4,6,1.429988835419819,0.63784,5000,1.8978787351537634,0.6614645858343338,833,1.9037287467584822,0.6365,0.9987339058957524,0.08333647570145601,,,0.99,,0.9900107286803723,0.00998927131962768,0.9979560050998136,0.09986997181678436,5,0.001,0.1,0.9969327030853404,0.997763912336193,0.9974731046990774,0.996546830030018,0.997321495242799,0.9972511485665218,1.0,0.997419550975982,0.9965307842905987,0.9972021856515367,0.99749814823694,0.9972827434526866
4,7,1.4172557260580123,0.63896,5000,1.8877939029976174,0.6386554621848739,833,1.9037287467584822,0.6365,0.9988165370242591,0.08335018838092931,,,0.99,,0.9900107286803723,0.00998927131962768,0.9979560050998136,0.09986997181678436,5,0.001,0.1,0.9970671074232288,0.9976198464611683,0.997226937215062,0.9969390697236759,0.997570109719445,0.9972132221900112,0.997419550975982,1.0,0.9972769350305325,0.9970955331868128,0.997653789940013,0.9971306303870695
4,8,1.4266759888381715,0.62896,5000,1.9284781835697316,0.6206482593037215,833,1.9037287467584822,0.6365,0.9985451875759694,0.08332775550398824,,,0.99,,0.9900107286803723,0.00998927131962768,0.9979560050998136,0.09986997181678436,5,0.001,0.1,0.9968200924603173,0.9974434379770419,0.9973189698435285,0.9968064854811642,0.9969646867570822,0.9964592010407123,0.9965307842905987,0.9972769350305325,1.0,0.9972523215441784,0.997357088907741,0.9967311961648758
4,9,1.4236103346393367,0.63792,5000,1.8964670366711087,0.65906362545018,833,1.9037287467584822,0.6365,0.9988222486600696,0.08334899623048429,,,0.99,,0.9900107286803723,0.00998927131962768,0.9979560050998136,0.09986997181678436,5,0.001,0.1,0.9972133538555911,0.9978491521733127,0.9970523156001606,0.9967968358362598,0.9975054555638561,0.9975641332739583,0.9972021856515367,0.9970955331868128,0.9972523215441784,1.0,0.9973691468584782,0.9973807582674943
4,10,1.4313733646064808,0.6198,5000,1.9076930152045355,0.6182472989195679,833,1.9037287467584822,0.6365,0.9988450627227898,0.08334358861805939,,,0.99,,0.9900107286803723,0.00998927131962768,0.9979560050998136,0.09986997181678436,5,0.001,0.1,0.9967806616850932,0.9978152119320186,0.9974028722843413,0.9967268486394661,0.9974923194523853,0.9971310444103995,0.99749814823694,0.997653789940013,0.997357088907741,0.9973691468584782,1.0,0.9973274592229086
4,11,1.4158722724884178,0.63408,5000,1.8951597655261005,0.6278511404561825,833,1.9037287467584822,0.6365,0.9986343270443717,0.08331916105698754,,,0.99,,0.9900107286803723,0.00998927131962768,0.9979560050998136,0.09986997181678436,5,0.001,0.1,0.9966134307286844,0.9974621774933241,0.9968538542084782,0.9968261921554648,0.9970401179080883,0.9973815719632853,0.9972827434526866,0.9971306303870695,0.9967311961648758,0.9973807582674943,0.9973274592229086,1.0
5,0,1.322109052405995,0.62204,5000,1.7838204657589947,0.6247002398081535,834,1.7763027306943655,0.6538,0.9983949600413471,0.08331656708875478,,,0.99,,0.9900107286803723,0.00998927131962768,0.9983837483833327,0.09984615939097355,5,0.001,0.1,1.0,0.9969621923279143,0.996346087882373,0.9959237887544676,0.9965144187451846,0.9970050718259276,0.9965119899531591,0.9965271269544695,0.9966644657402639,0.996936833968895,0.9964128034720169,0.9965040823589103
5,1,1.3120783104258738,0.63592,5000,1.7773385930944372,0.6522781774580336,834,1.7763027306943655,0.6538,0.9988192576199847,0.08336875472535422,,,0.99,,0.9900107286803723,0.00998927131962768,0.9983837483833327,0.09984615939097355,5,0.001,0.1,0.9969621923279143,1.0,0.997048538635936,0.9962170430371633,0.9972071780860116,0.9972627730610316,0.9972823212423412,0.9968879810648641,0.9969662819992638,0.9971940149303434,0.9973296675563764,0.9970324001235558
5,2,1.3182693085093407,0.6326,5000,1.7434596927077681,0.684652278177458,834,1.7763027306943655,0.6538,0.9984760879802984,0.0833350778769413,,,0.99,,0.9900107286803723,0.00998927131962768,0.9983837483833327,0.09984615939097355,5,0.001,0.1,0.996346087882373,0.997048538635936,1.0,0.9959922242452669,0.9964732824188107,0.9962641501171643,0.996879127482273,0.9965634882355392,0.9970618862851227,0.996552389793771,0.9973289841511709,0.9967696459186434
5,3,1.309418171909964,0.6324,5000,1.7829765567073115,0.6342925659472423,834,1.7763027306943655,0.6538,0.9978995321614658,0.08329681048191782,,,0.99,,0.9900107286803723,0.00998927131962768,0.9983837483833327,0.09984615939097355,5,0.001,0.1,0.9959237887544676,0.9962170430371633,0.9959922242452669,1.0,0.9958053476044265,0.9970907713840287,0.9956607670160835,0.9960135667283174,0.9960052774523551,0.9959868447615958,0.9959019118996829,0.9957760227370044
5,4,1.3207347910115674,0.62724,5000,1.7598445371345237,0.6398559423769508,833,1.7763027306943655,0.6538,0.9984985034010345,0.08332237405776594,,,0.99,,0.9900107286803723,0.00998927131962768,0.9983837483833327,0.09984615939097355,5,0.001,0.1,0.9965144187451846,0.9972071780860116,0.9964732824188107,0.9958053476044265,1.0,0.9966864496447094,0.9968323189248979,0.9970730666978572,0.9963014302340587,0.9970214076323017,0.9969119271152784,0.9967221535392154
5,5,1.296349163040234,0.64064,5000,1.773942647156892,0.65906362545018,833,1.7763027306943655,0.6538,0.9986106995579662,0.08334209818037357,,,0.99,,0.9900107286803723,0.00998927131962768,0.9983837483833327,0.09984615939097355,5,0.001,0.1,0.9970050718259276,0.9972627730610316,0.9962641501171643,0.9970907713840287,0.9966864496447094,1.0,0.9968912851745209,0.9965827914125664,0.9961168592446332,0.9970950655392921,0.9968042238006949,0.9970935078345293
5,6,1.316537042939739,0.64708,5000,1.7684049208958943,0.6782713085234093,833,1.7763027306943655,0.6538,0.9984323206067666,0.08333431644621604,,,0.99,,0.9900107286803723,0.00998927131962768,0.9983837483833327,0.09984615939097355,5,0.001,0.1,0.9965119899531591,0.9972823212423412,0.996879127482273,0.9956607670160835,0.9968323189248979,0.9968912851745209,1.0,0.9967314450639219,0.9958374720525965,0.9964145744489321,0.9969541129898117,0.9967597612879691
5,7,1.3014806823366007,0.65096,5000,1.7546965192865442,0.6614645858343338,833,1.7763027306943655,0.6538,0.9984070325817,0.08334190977095021,,,0.99,,0.9900107286803723,0.00998927131962768,0.9983837483833327,0.09984615939097355,5,0.001,0.1,0.9965271269544695,0.9968879810648641,0.9965634882355392,0.9960135667283174,0.9970730666978572,0.9965827914125664,0.9967314450639219,1.0,0.9965851458429248,0.996214273926579,0.9969187432257525,0.9963544468249437
5,8,1.311015435388893,0.64292,5000,1.8071226985366255,0.6458583433373349,833,1.7763027306943655,0.6538,0.9983128258382151,0.08332511165744762,,,0.99,,0.9900107286803723,0.00998927131962768,0.9983837483833327,0.09984615939097355,5,0.001,0.1,0.9966644657402639,0.9969662819992638,0.9970618862851227,0.9960052774523551,0.9963014302340587,0.9961168592446332,0.9958374720525965,0.9965851458429248,1.0,0.9965498233477897,0.9970748189548443,0.9961605505908601
5,9,1.308994392300867,0.65396,5000,1.769364873568217,0.673469387755102,833,1.7763027306943655,0.6538,0.998536747341726,0.08334536550316023,,,0.99,,0.9900107286803723,0.00998927131962768,0.9983837483833327,0.09984615939097355,5,0.001,0.1,0.996936833968895,0.9971940149303434,0.996552389793771,0.9959868447615958,0.9970214076323017,0.9970950655392921,0.9964145744489321,0.996214273926579,0.9965498233477897,1.0,0.9968606166686266,0.9971805374961932
5,10,1.3158157877861314,0.63588,5000,1.7809242010116577,0.6422569027611045,833,1.7763027306943655,0.6538,0.9986649591249388,0.08334618751356124,,,0.99,,0.9900107286803723,0.00998927131962768,0.9983837483833327,0.09984615939097355,5,0.001,0.1,0.9964128034720169,0.9973296675563764,0.9973289841511709,0.9959019118996829,0.9969119271152784,0.9968042238006949,0.9969541129898117,0.9969187432257525,0.9970748189548443,0.9968606166686266,1.0,0.9970445334620619
5,11,1.2995555979431055,0.64684,5000,1.7639071808920965,0.6494597839135654,833,1.7763027306943655,0.6538,0.9984858807586018,0.08332542669755696,,,0.99,,0.9900107286803723,0.00998927131962768,0.9983837483833327,0.09984615939097355,5,0.001,0.1,0.9965040823589103,0.9970324001235558,0.9967696459186434,0.9957760227370044,0.9967221535392154,0.9970935078345293,0.9967597612879691,0.9963544468249437,0.9961605505908601,0.9971805374961932,0.9970445334620619,1.0
6,0,1.2294388405077017,0.6376,5000,1.647780043107492,0.6294964028776978,834,1.6399713663247446,0.6633,0.998081413928821,0.08332008485425292,,,0.99,,0.9900107286803723,0.00998927131962768,0.9985446591065595,0.09981733065637866,5,0.001,0.1,1.0,0.9962584591186595,0.995741894325774,0.9955162299422302,0.9956207056687342,0.9962738201181937,0.9959338805631132,0.9961543653605451,0.9961042887340057,0.9963599447455798,0.9955496694745263,0.9955857580711232
6,1,1.2186471056786312,0.65076,5000,1.641780623683223,0.6606714628297362,834,1.6399713663247446,0.6633,0.9985063112512016,0.08336580952323737,,,0.99,,0.9900107286803723,0.00998927131962768,0.9985446591065595,0.09981733065637866,5,0.001,0.1,0.9962584591186595,1.0,0.9963229134358048,0.995624208216201,0.9964565777849732,0.9966629709829891,0.9968543525116991,0.996215739141934,0.9962914231140804,0.9964949293866938,0.9966222624504578,0.9963822868826571
6,2,1.2227632192289752,0.6466,5000,1.6009684050524677,0.6954436450839329,834,1.6399713663247446,0.6633,0.9981811834408038,0.0833346588529966,,,0.99,,0.9900107286803723,0.00998927131962768,0.9985446591065595,0.09981733065637866,5,0.001,0.1,0.995741894325774,0.9963229134358048,1.0,0.9952315313749386,0.9960120806788555,0.9955832930910723,0.9962693757737405,0.9963063771374712,0.9964099245850554,0.9957234386964372,0.9967312477452877,0.9959609687119296
6,3,1.216431342416508,0.64648,5000,1.6479397040826302,0.6438848920863309,834,1.6399713663247446,0.6633,0.9977420452156954,0.08329701227321512,,,0.99,,0.9900107286803723,0.00998927131962768,0.9985446591065595,0.09981733065637866,5,0.001,0.1,0.9955162299422302,0.995624208216201,0.9952315313749386,1.0,0.9957865096400165,0.9963382177792285,0.9951395993924042,0.9957108944598253,0.9954111296523404,0.995368311105968,0.9954896983129502,0.9954191817973728
6,4,1.2274874290842919,0.64032,5000,1.619724640139827,0.6482593037214885,833,1.6399713663247446,0.6633,0.9982395021572283,0.08332874971167603,,,0.99,,0.9900107286803723,0.00998927131962768,0.9985446591065595,0.09981733065637866,5,0.001,0.1,0.9956207056687342,0.9964565777849732,0.9960120806788555,0.9957865096400165,1.0,0.995851643664163,0.9961984185931804,0.9966955858588452,0.9958074162606971,0.9961186470164143,0.9963520063967111,0.9960926566577084
6,5,1.2030769572895803,0.65204,5000,1.6367869951106884,0.6698679471788715,833,1.6399713663247446,0.6633,0.9982824545934648,0.08334223378739664,,,0.99,,0.9900107286803723,0.00998927131962768,0.9985446591065595,0.09981733065637866,5,0.001,0.1,0.9962738201181937,0.9966629709829891,0.9955832930910723,0.9963382177792285,0.995851643664163,1.0,0.9962583205660118,0.9958298587601568,0.9953524189110983,0.9966013013620567,0.9961579742498494,0.9965962813222171
6,6,1.221484188365329,0.6624,5000,1.630276326779966,0.6938775510204082,833,1.6399713663247446,0.6633,0.9981622176213514,0.0833335796058618,,,0.99,,0.9900107286803723,0.00998927131962768,0.9985446591065595,0.09981733065637866,5,0.001,0.1,0.9959338805631132,0.9968543525116991,0.9962693757737405,0.9951395993924042,0.9961984185931804,0.9962583205660118,1.0,0.9958179072839718,0.9951795711936746,0.9955938368008798,0.9964923262962051,0.9963280615616649
6,7,1.2070526799578576,0.6602,5000,1.6129065641650446,0.6710684273709484,833,1.6399713663247446,0.6633,0.9981992850439686,0.08333943344177336,,,0.99,,0.9900107286803723,0.00998927131962768,0.9985446591065595,0.09981733065637866,5,0.001,0.1,0.9961543653605451,0.996215739141934,0.9963063771374712,0.9957108944598253,0.9966955858588452,0.9958298587601568,0.9958179072839718,1.0,0.9960721860423044,0.9954505153018012,0.9964577184812224,0.9957988576244946
6,8,1.2179768469682923,0.65332,5000,1.6777268559844405,0.6542617046818727,833,1.6399713663247446,0.6633,0.9979883885027787,0.08332232261013978,,,0.99,,0.9900107286803723,0.00998927131962768,0.9985446591065595,0.09981733065637866,5,0.001,0.1,0.9961042887340057,0.9962914231140804,0.9964099245850554,0.9954111296523404,0.9958074162606971,0.9953524189110983,0.9951795711936746,0.9960721860423044,1.0,0.9956507523398248,0.9964061249000589,0.9952991226883572
6,9,1.2136684826984527,0.66624,5000,1.633441686630249,0.6818727490996399,833,1.6399713663247446,0.6633,0.9981367204912182,0.08333953333044687,,,0.99,,0.9900107286803723,0.00998927131962768,0.9985446591065595,0.09981733065637866,5,0.001,0.1,0.9963599447455798,0.9964949293866938,0.9957234386964372,0.995368311105968,0.9961186470164143,0.9966013013620567,0.9955938368008798,0.9954505153018012,0.9956507523398248,1.0,0.9959297676212105,0.9964687035669507
6,10,1.220741495281268,0.64692,5000,1.6444350039517437,0.6494597839135654,833,1.6399713663247446,0.6633,0.9983740884806671,0.08334769994998875,,,0.99,,0.9900107286803723,0.00998927131962768,0.9985446591065595,0.09981733065637866,5,0.001,0.1,0.9955496694745263,0.9966222624504578,0.9967312477452877,0.9954896983129502,0.9963520063967111,0.9961579742498494,0.9964923262962051,0.9964577184812224,0.9964061249000589,0.9959297676212105,1.0,0.9964143713857695
6,11,1.2052925330818078,0.66128,5000,1.6239473378216778,0.6614645858343338,833,1.6399713663247446,0.6633,0.998185601867543,0.08332888205901481,,,0.99,,0.9900107286803723,0.00998927131962768,0.9985446591065595,0.09981733065637866,5,0.001,0.1,0.9955857580711232,0.9963822868826571,0.9959609687119296,0.9954191817973728,0.9960926566577084,0.9965962813222171,0.9963280615616649,0.9957988576244946,0.9952991226883572,0.9964687035669507,0.9964143713857695,1.0
7,0,1.1490575746366172,0.65372,5000,1.50859029646273,0.6354916067146283,834,1.5011532767512166,0.6719,0.9977032807239881,0.08332367851883773,,,0.99,,0.9900107286803723,0.00998927131962768,0.9984852781417349,0.0997750627999624,5,0.001,0.1,1.0,0.9950857984021926,0.9948571850134148,0.9944984313735761,0.994833563753817,0.9953918779305878,0.9951287876672228,0.9955868689509063,0.9955500944377831,0.9955577411686445,0.9945863547735695,0.994432841796868
7,1,1.1408844074625877,0.66672,5000,1.5038677277388397,0.6678657074340527,834,1.5011532767512166,0.6719,0.9980240404071868,0.08336208384341677,,,0.99,,0.9900107286803723,0.00998927131962768,0.9984852781417349,0.0997750627999624,5,0.001,0.1,0.9950857984021926,1.0,0.9953906460766122,0.9941450002914963,0.995732332155748,0.9958620584992237,0.9960098435030672,0.9950950692534387,0.9953955238901682,0.9956324972954851,0.9958660788257923,0.9951321196657119
7,2,1.1431053276274614,0.6608,5000,1.4566225696493078,0.7014388489208633,834,1.5011532767512166,0.6719,0.997780422023376,0.08333510935193282,,,0.99,,0.9900107286803723,0.00998927131962768,0.9984852781417349,0.0997750627999624,5,0.001,0.1,0.9948571850134148,0.9953906460766122,1.0,0.9942485823549262,0.9953733388243179,0.9946658467587036,0.9952969348653973,0.9953584286656187,0.9956198409078312,0.9945214251288949,0.9959821350104415,0.9951176732885175
