round,client_id,client_i_training_loss,client_i_training_accuracy,client_i_training_dataset_size,client_i_evaluation_loss,client_i_evaluation_accuracy,client_i_evaluation_dataset_size,client_i_central_evaluation_loss,client_i_central_evaluation_accuracy,client_i_cosine_similarity,client_i_importance_coefficient,client_i_tanh_val,tanh_normalization_value,client_i_q,client_i_mask_order,client_i_v_nonzero_fraction,client_i_v_sparsity,client_i_v_cosine_similarity,client_i_reward_gradient_norm,local_epochs,learning_rate,gamma,client_0_cosine_similarity,client_1_cosine_similarity,client_2_cosine_similarity,client_3_cosine_similarity,client_4_cosine_similarity,client_5_cosine_similarity,client_6_cosine_similarity,client_7_cosine_similarity,client_8_cosine_similarity,client_9_cosine_similarity,client_10_cosine_similarity,client_11_cosine_similarity
0,0,2.1941101282265536,0.32036,5000,2.258878231048584,0.24580335731414868,834,2.260870001186578,0.2293,0.9967305412885656,0.08332327904212107,,,0.98,,0.9800166246218381,0.01998337537816186,0,0.0996850807901556,5,0.001,0.1,1.0,0.9943098719742822,0.9915122402001484,0.9937977032483927,0.9920481793580966,0.9933612409845702,0.9918038259422709,0.9917385954531719,0.9933228022865257,0.9920973710288008,0.9938254246514164,0.9952825481642513
0,1,2.189777603119042,0.337,5000,2.2597098262221724,0.2541966426858513,834,2.260870001186578,0.2293,0.9979087178831738,0.08342177059333462,,,0.98,,0.9800166246218381,0.01998337537816186,0,0.0996850807901556,5,0.001,0.1,0.9943098719742822,1.0,0.9924448096847074,0.9940035416641325,0.99366512129258,0.9946611616382982,0.9925475846544863,0.9951895668520367,0.9955217355197464,0.9957130710500539,0.9937244866139612,0.9954124475251498
0,2,2.1963217414868104,0.32012,5000,2.2598865032196045,0.2422062350119904,834,2.260870001186578,0.2293,0.9962150354622323,0.08328018451051387,,,0.98,,0.9800166246218381,0.01998337537816186,0,0.0996850807901556,5,0.001,0.1,0.9915122402001484,0.9924448096847074,1.0,0.9897588407477906,0.9957890437967437,0.9914919769208159,0.9950496371453924,0.9926434239827915,0.9940064541678322,0.9949573933088385,0.9880448763456818,0.9912345175978025
0,3,2.194206803619482,0.33744,5000,2.2644656852439597,0.2290167865707434,834,2.260870001186578,0.2293,0.9959423399232197,0.08325738809207434,,,0.98,,0.9800166246218381,0.01998337537816186,0,0.0996850807901556,5,0.001,0.1,0.9937977032483927,0.9940035416641325,0.9897588407477906,1.0,0.9903387397377542,0.9934253667803585,0.9906098804928752,0.9927901578465829,0.9941421731177247,0.9918545085701904,0.9919337887409558,0.9910164723547655
0,4,2.196723621666052,0.33156,5000,2.253088288837009,0.21008403361344538,833,2.260870001186578,0.2293,0.9968738818561024,0.0833352618254433,,,0.98,,0.9800166246218381,0.01998337537816186,0,0.0996850807901556,5,0.001,0.1,0.9920481793580966,0.99366512129258,0.9957890437967437,0.9903387397377542,1.0,0.9925561793649768,0.995599296512099,0.9924646813029671,0.9957869783788804,0.9948286450371107,0.9895587651557036,0.9921788428648475
0,5,2.1952618703720677,0.3554,5000,2.2620850227497242,0.2028811524609844,833,2.260870001186578,0.2293,0.9972342629589841,0.08336538845842287,,,0.98,,0.9800166246218381,0.01998337537816186,0,0.0996850807901556,5,0.001,0.1,0.9933612409845702,0.9946611616382982,0.9914919769208159,0.9934253667803585,0.9925561793649768,1.0,0.9915301027763302,0.9947503967875203,0.9955791248079776,0.9957407835933134,0.9928261017121188,0.9932029917920918
0,6,2.195125356449443,0.31828,5000,2.2598418836240417,0.22208883553421369,833,2.260870001186578,0.2293,0.9963243199610945,0.08328932032246752,,,0.98,,0.9800166246218381,0.01998337537816186,0,0.0996850807901556,5,0.001,0.1,0.9918038259422709,0.9925475846544863,0.9950496371453924,0.9906098804928752,0.995599296512099,0.9915301027763302,1.0,0.9922257955439602,0.9935815735091538,0.9946926766450042,0.9893004014411635,0.9912997244045909
0,7,2.192854615837146,0.37,5000,2.25974530643887,0.2304921968787515,833,2.260870001186578,0.2293,0.9969325355761588,0.08334016507670397,,,0.98,,0.9800166246218381,0.01998337537816186,0,0.0996850807901556,5,0.001,0.1,0.9917385954531719,0.9951895668520367,0.9926434239827915,0.9927901578465829,0.9924646813029671,0.9947503967875203,0.9922257955439602,1.0,0.9952280035809073,0.996205625227152,0.989354638467229,0.9929252160596145
0,8,2.195146544420036,0.3474,5000,2.264946531366419,0.20768307322929172,833,2.260870001186578,0.2293,0.9980393137876105,0.08343268796622164,,,0.98,,0.9800166246218381,0.01998337537816186,0,0.0996850807901556,5,0.001,0.1,0.9933228022865257,0.9955217355197464,0.9940064541678322,0.9941421731177247,0.9957869783788804,0.9955791248079776,0.9935815735091538,0.9952280035809073,1.0,0.99608493075471,0.9919295192991517,0.9935723184984075
0,9,2.1952885717343373,0.36144,5000,2.2556953695085316,0.23289315726290516,833,2.260870001186578,0.2293,0.9979713276348604,0.08342700455536793,,,0.98,,0.9800166246218381,0.01998337537816186,0,0.0996850807901556,5,0.001,0.1,0.9920973710288008,0.9957130710500539,0.9949573933088385,0.9918545085701904,0.9948286450371107,0.9957407835933134,0.9946926766450042,0.996205625227152,0.99608493075471,1.0,0.9917630220664031,0.994004322187332
0,10,2.1976171545162324,0.30956,5000,2.2629191522245056,0.2533013205282113,833,2.260870001186578,0.2293,0.9952718710815764,0.08320133918008948,,,0.98,,0.9800166246218381,0.01998337537816186,0,0.0996850807901556,5,0.001,0.1,0.9938254246514164,0.9937244866139612,0.9880448763456818,0.9919337887409558,0.9895587651557036,0.9928261017121188,0.9893004014411635,0.989354638467229,0.9919295192991517,0.9917630220664031,1.0,0.9933898595082977
0,11,2.195125877477561,0.30916,5000,2.263524055480957,0.22088835534213686,833,2.260870001186578,0.2293,0.9967656065341125,0.08332621037723958,,,0.98,,0.9800166246218381,0.01998337537816186,0,0.0996850807901556,5,0.001,0.1,0.9952825481642513,0.9954124475251498,0.9912345175978025,0.9910164723547655,0.9921788428648475,0.9932029917920918,0.9912997244045909,0.9929252160596145,0.9935723184984075,0.994004322187332,0.9933898595082977,1.0
1,0,2.0440840244293215,0.42756,5000,2.2007466245580605,0.4064748201438849,834,2.2036448157252595,0.3951,0.9984091599110726,0.0833314650013441,,,0.98,,0.9800166246218381,0.01998337537816186,0.9598792329378607,0.09982762673370293,5,0.001,0.1,1.0,0.9959487621043457,0.9949117893425755,0.9972897032080644,0.9962444634954646,0.9968794720896466,0.9958475881663135,0.9957040689678592,0.9968593348349559,0.9960869569852677,0.9970631492208214,0.9974241795188271
1,1,2.0339929770512186,0.47124,5000,2.202538260707149,0.4136690647482014,834,2.2036448157252595,0.3951,0.9982461728838008,0.08338660994583093,,,0.98,,0.9800166246218381,0.01998337537816186,0.9598792329378607,0.09982762673370293,5,0.001,0.1,0.9959487621043457,1.0,0.9953815978823635,0.9957170902366786,0.9956846263912156,0.9967246459467181,0.9955534268804419,0.9966926157637483,0.9968588614644983,0.9971551581589307,0.9959517123822579,0.9966293835158512
1,2,2.049575508476063,0.46812,5000,2.20076287234271,0.38968824940047964,834,2.2036448157252595,0.3951,0.9976206361289126,0.0832795813482241,,,0.98,,0.9800166246218381,0.01998337537816186,0.9598792329378607,0.09982762673370293,5,0.001,0.1,0.9949117893425755,0.9953815978823635,1.0,0.9944751836030337,0.997281566064775,0.9952552154483348,0.9967686351289318,0.9954857168571482,0.9957962797921303,0.9966456209200375,0.993629704436984,0.9951789661089835
1,3,2.04532344356464,0.47148,5000,2.207072072558933,0.37290167865707435,834,2.2036448157252595,0.3951,0.9979381308607811,0.08327584862433003,,,0.98,,0.9800166246218381,0.01998337537816186,0.9598792329378607,0.09982762673370293,5,0.001,0.1,0.9972897032080644,0.9957170902366786,0.9944751836030337,1.0,0.9953119906704258,0.996659412175935,0.995080204650643,0.9960372016799758,0.9966538802808466,0.9958249338911584,0.9956458974957579,0.9959213149375633
1,4,2.0478059191612683,0.49708,5000,2.1933892082284996,0.40816326530612246,833,2.2036448157252595,0.3951,0.9983815238630883,0.08333792211164134,,,0.98,,0.9800166246218381,0.01998337537816186,0.9598792329378607,0.09982762673370293,5,0.001,0.1,0.9962444634954646,0.9956846263912156,0.997281566064775,0.9953119906704258,1.0,0.9960196425036518,0.9978008809580702,0.9962202620546243,0.9973396456067084,0.9970648138092545,0.9947492478682924,0.9962065962350268
1,5,2.0450881900301403,0.48856,5000,2.205377728850753,0.3589435774309724,833,2.2036448157252595,0.3951,0.9985658637585269,0.0833623495721253,,,0.98,,0.9800166246218381,0.01998337537816186,0.9598792329378607,0.09982762673370293,5,0.001,0.1,0.9968794720896466,0.9967246459467181,0.9952552154483348,0.996659412175935,0.9960196425036518,1.0,0.995773551139942,0.9971612451100667,0.997614365579912,0.9976702523753634,0.996098925263059,0.9962727304638929
1,6,2.0474486712437527,0.47612,5000,2.2034671748125993,0.38415366146458585,833,2.2036448157252595,0.3951,0.9980522570115196,0.0832991170082751,,,0.98,,0.9800166246218381,0.01998337537816186,0.9598792329378607,0.09982762673370293,5,0.001,0.1,0.9958475881663135,0.9955534268804419,0.9967686351289318,0.995080204650643,0.9978008809580702,0.995773551139942,1.0,0.9956748724470825,0.9960354579842124,0.9967890516499642,0.9949406474374938,0.9957180584859867
1,7,2.0427346996441007,0.50756,5000,2.204306408211037,0.3877551020408163,833,2.2036448157252595,0.3951,0.9982981743000154,0.08333823884594614,,,0.98,,0.9800166246218381,0.01998337537816186,0.9598792329378607,0.09982762673370293,5,0.001,0.1,0.9957040689678592,0.9966926157637483,0.9954857168571482,0.9960372016799758,0.9962202620546243,0.9971612451100667,0.9956748724470825,1.0,0.9971181904807305,0.9979631436226105,0.994158574677974,0.9967043305960552
1,8,2.0436854499160866,0.49016,5000,2.20903656217787,0.38535414165666265,833,2.2036448157252595,0.3951,0.9988151404677185,0.08341167175696344,,,0.98,,0.9800166246218381,0.01998337537816186,0.9598792329378607,0.09982762673370293,5,0.001,0.1,0.9968593348349559,0.9968588614644983,0.9957962797921303,0.9966538802808466,0.9973396456067084,0.997614365579912,0.9960354579842124,0.9971181904807305,1.0,0.997784877567953,0.9959258753218484,0.997126903724334
1,9,2.0441676422289223,0.49216,5000,2.198196128562645,0.4117647058823529,833,2.2036448157252595,0.3951,0.9988828411846881,0.08341037140241957,,,0.98,,0.9800166246218381,0.01998337537816186,0.9598792329378607,0.09982762673370293,5,0.001,0.1,0.9960869569852677,0.9971551581589307,0.9966456209200375,0.9958249338911584,0.9970648138092545,0.9976702523753634,0.9967890516499642,0.9979631436226105,0.997784877567953,1.0,0.9959227282708626,0.9970169720932412
1,10,2.051269621302368,0.43368,5000,2.2063660709946245,0.4189675870348139,833,2.2036448157252595,0.3951,0.9976287146088632,0.08323148529000673,,,0.98,,0.9800166246218381,0.01998337537816186,0.9598792329378607,0.09982762673370293,5,0.001,0.1,0.9970631492208214,0.9959517123822579,0.993629704436984,0.9956458974957579,0.9947492478682924,0.996098925263059,0.9949406474374938,0.994158574677974,0.9959258753218484,0.9959227282708626,1.0,0.9968270135115087
1,11,2.0480129556291424,0.42996,5000,2.2071378849170826,0.40336134453781514,833,2.2036448157252595,0.3951,0.9984734812350127,0.08333533909289328,,,0.98,,0.9800166246218381,0.01998337537816186,0.9598792329378607,0.09982762673370293,5,0.001,0.1,0.9974241795188271,0.9966293835158512,0.9951789661089835,0.9959213149375633,0.9962065962350268,0.9962727304638929,0.9957180584859867,0.9967043305960552,0.997126903724334,0.9970169720932412,0.9968270135115087,1.0
2,0,1.8564470415662049,0.51088,5000,2.128547756760209,0.5143884892086331,834,2.132278458378947,0.4976,0.9988656958802986,0.08333495467739772,,,0.98,,0.9800166246218381,0.01998337537816186,0.9863170401353284,0.09987800269693356,5,0.001,0.1,1.0,0.9974007269868587,0.9973014842564532,0.9975955506266168,0.9974539341382109,0.9976182688334317,0.9974481757657073,0.9970879837765794,0.9973435779168216,0.9971405786880149,0.9974352015364755,0.9979409984831379
2,1,1.8408916092222662,0.54904,5000,2.1316004594167075,0.5179856115107914,834,2.132278458378947,0.4976,0.9989254952049148,0.0833706990833745,,,0.98,,0.9800166246218381,0.01998337537816186,0.9863170401353284,0.09987800269693356,5,0.001,0.1,0.9974007269868587,1.0,0.9972538989925575,0.9968266914150798,0.9974217905430021,0.9977015714824427,0.9970682830731303,0.9977445843405213,0.9981994180420146,0.9981770795217599,0.9969663939110098,0.9977179258660313
2,2,1.8624655264957695,0.541,5000,2.126900107772262,0.49280575539568344,834,2.132278458378947,0.4976,0.9987854803192918,0.08330055117242159,,,0.98,,0.9800166246218381,0.01998337537816186,0.9863170401353284,0.09987800269693356,5,0.001,0.1,0.9973014842564532,0.9972538989925575,1.0,0.9967721879313993,0.997925779121782,0.9974370671987073,0.9974938838277311,0.9971513719603489,0.9977691891241014,0.9980094559853291,0.9965270827777992,0.9971626314310432
2,3,1.859874608258533,0.54144,5000,2.13537769847446,0.47961630695443647,834,2.132278458378947,0.4976,0.9983786344764216,0.08328513203240435,,,0.98,,0.9800166246218381,0.01998337537816186,0.9863170401353284,0.09987800269693356,5,0.001,0.1,0.9975955506266168,0.9968266914150798,0.9967721879313993,1.0,0.996581615124796,0.9969716320354793,0.9964175203985007,0.996809979762805,0.9969065399951852,0.9967650118448034,0.9972631823287215,0.9970210296991635
2,4,1.8589709573490605,0.57544,5000,2.1192696536028826,0.5138055222088835,833,2.132278458378947,0.4976,0.9989007644352982,0.08334004590929282,,,0.98,,0.9800166246218381,0.01998337537816186,0.9863170401353284,0.09987800269693356,5,0.001,0.1,0.9974539341382109,0.9974217905430021,0.997925779121782,0.996581615124796,1.0,0.997477067136545,0.9982885557477714,0.9975527484538527,0.9980150422438621,0.9980551408151009,0.9962553337958919,0.9971567427057272
2,5,1.855194321255775,0.55292,5000,2.134349747940346,0.468187274909964,833,2.132278458378947,0.4976,0.9988702902785958,0.08335404115089305,,,0.98,,0.9800166246218381,0.01998337537816186,0.9863170401353284,0.09987800269693356,5,0.001,0.1,0.9976182688334317,0.9977015714824427,0.9974370671987073,0.9969716320354793,0.997477067136545,1.0,0.9975378230395487,0.9978491331533174,0.9976725030153513,0.9979302798430321,0.9963296452070705,0.997292753855995
2,6,1.8601910053544743,0.5592,5000,2.1327005845529063,0.4837935174069628,833,2.132278458378947,0.4976,0.9986936201512641,0.08330956566756725,,,0.98,,0.9800166246218381,0.01998337537816186,0.9863170401353284,0.09987800269693356,5,0.001,0.1,0.9974481757657073,0.9970682830731303,0.9974938838277311,0.9964175203985007,0.9982885557477714,0.9975378230395487,1.0,0.9971948568984184,0.9970771916991167,0.9976841037506723,0.9963966591521952,0.9970960270736944
2,7,1.8545079150776955,0.57416,5000,2.1347713117246276,0.4717887154861945,833,2.132278458378947,0.4976,0.998741305633082,0.08333509386572054,,,0.98,,0.9800166246218381,0.01998337537816186,0.9863170401353284,0.09987800269693356,5,0.001,0.1,0.9970879837765794,0.9977445843405213,0.9971513719603489,0.996809979762805,0.9975527484538527,0.9978491331533174,0.9971948568984184,1.0,0.9976017042962677,0.9981188225339874,0.9956522232449919,0.9975076100450363
2,8,1.853404140927989,0.55764,5000,2.139892896016439,0.4885954381752701,833,2.132278458378947,0.4976,0.998958013160078,0.08338711626796202,,,0.98,,0.9800166246218381,0.01998337537816186,0.9863170401353284,0.09987800269693356,5,0.001,0.1,0.9973435779168216,0.9981994180420146,0.9977691891241014,0.9969065399951852,0.9980150422438621,0.9976725030153513,0.9970771916991167,0.9976017042962677,1.0,0.9980709099248278,0.9966756990388869,0.9975359099909411
2,9,1.8540185471249233,0.56088,5000,2.1262123496444136,0.5006002400960384,833,2.132278458378947,0.4976,0.9991323334222137,0.08339194479111427,,,0.98,,0.9800166246218381,0.01998337537816186,0.9863170401353284,0.09987800269693356,5,0.001,0.1,0.9971405786880149,0.9981770795217599,0.9980094559853291,0.9967650118448034,0.9980551408151009,0.9979302798430321,0.9976841037506723,0.9981188225339874,0.9980709099248278,1.0,0.9971333445803692,0.9978730239250201
2,10,1.8663337564772102,0.508,5000,2.1350461465341075,0.5270108043217286,833,2.132278458378947,0.4976,0.9982337652676111,0.0832532533459411,,,0.98,,0.9800166246218381,0.01998337537816186,0.9863170401353284,0.09987800269693356,5,0.001,0.1,0.9974352015364755,0.9969663939110098,0.9965270827777992,0.9972631823287215,0.9962553337958919,0.9963296452070705,0.9963966591521952,0.9956522232449919,0.9966756990388869,0.9971333445803692,1.0,0.9975612359345783
2,11,1.8624930407590927,0.51204,5000,2.1362391489523427,0.5126050420168067,833,2.132278458378947,0.4976,0.9988741174961598,0.08333760203591083,,,0.98,,0.9800166246218381,0.01998337537816186,0.9863170401353284,0.09987800269693356,5,0.001,0.1,0.9979409984831379,0.9977179258660313,0.9971626314310432,0.9970210296991635,0.9971567427057272,0.997292753855995,0.9970960270736944,0.9975076100450363,0.9975359099909411,0.9978730239250201,0.9975612359345783,1.0
3,0,1.67596235503057,0.55792,5000,2.040591769748264,0.5779376498800959,834,2.0449657089794027,0.5503,0.9989270389354368,0.08333830287206598,,,0.98,,0.9800166246218381,0.01998337537816186,0.9941397683255727,0.09988038819591162,5,0.001,0.1,1.0,0.9976232655498272,0.9974981111009401,0.9981245486418987,0.9971195818632648,0.9971124826623481,0.9977169713651587,0.9976138223245218,0.9972256778439308,0.9974040609013513,0.9976463175333022,0.9977025572710577
3,1,1.6562067710669937,0.58988,5000,2.0446693853095725,0.5611510791366906,834,2.0449657089794027,0.5503,0.9989202434831486,0.08336000157262881,,,0.98,,0.9800166246218381,0.01998337537816186,0.9941397683255727,0.09988038819591162,5,0.001,0.1,0.9976232655498272,1.0,0.9975389263820477,0.9975158919200642,0.997007711344931,0.996858101961498,0.9973754817197338,0.9978070466969797,0.9976291911613794,0.998209219622118,0.9976148173931931,0.9975240632955957
3,2,1.6805132697342309,0.58176,5000,2.037047191902443,0.5611510791366906,834,2.0449657089794027,0.5503,0.9988927529106217,0.08331610057193548,,,0.98,,0.9800166246218381,0.01998337537816186,0.9941397683255727,0.09988038819591162,5,0.001,0.1,0.9974981111009401,0.9975389263820477,1.0,0.9975852975499679,0.997511395533512,0.9970934760684166,0.9977901514578883,0.9975048297761825,0.9973715579714053,0.9980198855857275,0.9970988067099226,0.9973637381414358
3,3,1.678458876518687,0.57568,5000,2.0476858924936363,0.5467625899280576,834,2.0449657089794027,0.5503,0.9988106576923416,0.08330399629388624,,,0.98,,0.9800166246218381,0.01998337537816186,0.9941397683255727,0.09988038819591162,5,0.001,0.1,0.9981245486418987,0.9975158919200642,0.9975852975499679,1.0,0.9966983119415637,0.9969254547939596,0.9974505354693135,0.9976805014066011,0.9974123361486743,0.9972451537305448,0.9973410200002065,0.9974143606601286
3,4,1.675634362743159,0.6072,5000,2.0288618582266347,0.575030012004802,833,2.0449657089794027,0.5503,0.9986493286354444,0.08333246220338639,,,0.98,,0.9800166246218381,0.01998337537816186,0.9941397683255727,0.09988038819591162,5,0.001,0.1,0.9971195818632648,0.997007711344931,0.997511395533512,0.9966983119415637,1.0,0.9974203429718358,0.9979817036816674,0.9973976657308506,0.9980927859175392,0.9974665008534747,0.9961649503279244,0.9965952233348132
3,5,1.6706872434373115,0.58364,5000,2.047133207321167,0.5102040816326531,833,2.0449657089794027,0.5503,0.9984431345029634,0.08333438940081528,,,0.98,,0.9800166246218381,0.01998337537816186,0.9941397683255727,0.09988038819591162,5,0.001,0.1,0.9971124826623481,0.996858101961498,0.9970934760684166,0.9969254547939596,0.9974203429718358,1.0,0.9972095622946989,0.9974446030942711,0.9975255331975267,0.9970768971563734,0.9958722936392944,0.9964458021714225
3,6,1.6788248643753634,0.59896,5000,2.0458499590555825,0.5258103241296519,833,2.0449657089794027,0.5503,0.998907073597499,0.08332209031611319,,,0.98,,0.9800166246218381,0.01998337537816186,0.9941397683255727,0.09988038819591162,5,0.001,0.1,0.9977169713651587,0.9973754817197338,0.9977901514578883,0.9974505354693135,0.9979817036816674,0.9972095622946989,1.0,0.9977244462373164,0.9973372043066794,0.9976902181862295,0.9970640464747689,0.9972074066166673
3,7,1.6708921417309222,0.60472,5000,2.0497808897936785,0.5294117647058824,833,2.0449657089794027,0.5503,0.9989470954788232,0.08333903550553388,,,0.98,,0.9800166246218381,0.01998337537816186,0.9941397683255727,0.09988038819591162,5,0.001,0.1,0.9976138223245218,0.9978070466969797,0.9975048297761825,0.9976805014066011,0.9973976657308506,0.9974446030942711,0.9977244462373164,1.0,0.997435262703409,0.9981825966709302,0.9965986615580783,0.9976362223525012
3,8,1.6708665642768714,0.59068,5000,2.0552402602301703,0.5282112845138055,833,2.0449657089794027,0.5503,0.9988357139975993,0.08336734035844133,,,0.98,,0.9800166246218381,0.01998337537816186,0.9941397683255727,0.09988038819591162,5,0.001,0.1,0.9972256778439308,0.9976291911613794,0.9973715579714053,0.9974123361486743,0.9980927859175392,0.9975255331975267,0.9973372043066794,0.997435262703409,1.0,0.9975137269174285,0.996783708663655,0.997362449282922
3,9,1.6689804954133975,0.59544,5000,2.038026906825878,0.5582232893157263,833,2.0449657089794027,0.5503,0.9990504737744161,0.08337723209068186,,,0.98,,0.9800166246218381,0.01998337537816186,0.9941397683255727,0.09988038819591162,5,0.001,0.1,0.9974040609013513,0.998209219622118,0.9980198855857275,0.9972451537305448,0.9974665008534747,0.9970768971563734,0.9976902181862295,0.9981825966709302,0.9975137269174285,1.0,0.9974556981463283,0.9980001220400209
3,10,1.6860209670036461,0.55356,5000,2.047266787952847,0.5726290516206483,833,2.0449657089794027,0.5503,0.9984806162189098,0.08327379726216255,,,0.98,,0.9800166246218381,0.01998337537816186,0.9941397683255727,0.09988038819591162,5,0.001,0.1,0.9976463175333022,0.9976148173931931,0.9970988067099226,0.9973410200002065,0.9961649503279244,0.9958722936392944,0.9970640464747689,0.9965986615580783,0.996783708663655,0.9974556981463283,1.0,0.9977985771411088
3,11,1.6792533529791862,0.56176,5000,2.0493913933082863,0.5570228091236494,833,2.0449657089794027,0.5503,0.9987821920101241,0.08333525155234899,,,0.98,,0.9800166246218381,0.01998337537816186,0.9941397683255727,0.09988038819591162,5,0.001,0.1,0.9977025572710577,0.9975240632955957,0.9973637381414358,0.9974143606601286,0.9965952233348132,0.9964458021714225,0.9972074066166673,0.9976362223525012,0.997362449282922,0.9980001220400209,0.9977985771411088,1.0
4,0,1.5197610590108641,0.59388,5000,1.936661234608403,0.6223021582733813,834,1.9417791126635129,0.595,0.99882568185656,0.0833351856375706,,,0.98,,0.9800166246218381,0.01998337537816186,0.9964469006723873,0.09988627195603395,5,0.001,0.1,1.0,0.9974559590682619,0.997310261529779,0.9981044436405718,0.997430010261134,0.9975576955395812,0.9974698719054271,0.9972734801557317,0.9973927743696352,0.9972655820167585,0.9974589499933173,0.9975581230326767
4,1,1.497405752558617,0.61588,5000,1.9418064223395453,0.6091127098321343,834,1.9417791126635129,0.595,0.9988787014759073,0.08335020176217875,,,0.98,,0.9800166246218381,0.01998337537816186,0.9964469006723873,0.09988627195603395,5,0.001,0.1,0.9974559590682619,1.0,0.9974289966971508,0.9975420857683933,0.997280858252198,0.9974146899027327,0.9973255650080662,0.9977485445190953,0.9978154839595248,0.9981417263922475,0.9973017410816394,0.997455381439958
4,2,1.5214926952009749,0.60844,5000,1.9309274223115709,0.6019184652278178,834,1.9417791126635129,0.595,0.9989201971122955,0.08332462200485777,,,0.98,,0.9800166246218381,0.01998337537816186,0.9964469006723873,0.09988627195603395,5,0.001,0.1,0.997310261529779,0.9974289966971508,1.0,0.9978906228532172,0.9978605554751792,0.9975788525507503,0.9976761340073,0.9974816128270442,0.9975183040557963,0.9980123806437413,0.9971577304648189,0.9974946029824653
4,3,1.5234241632898902,0.60076,5000,1.943973700205485,0.5827338129496403,834,1.9417791126635129,0.595,0.9990152026982793,0.08332026603243331,,,0.98,,0.9800166246218381,0.01998337537816186,0.9964469006723873,0.09988627195603395,5,0.001,0.1,0.9981044436405718,0.9975420857683933,0.9978906228532172,1.0,0.9976971524375012,0.997708531682983,0.9974804679489708,0.9977557239440981,0.997929949261084,0.9973754787575126,0.9975601460166515,0.9975048513851719
4,4,1.5177523558306847,0.63264,5000,1.9221784406238132,0.6254501800720288,833,1.9417791126635129,0.595,0.9988562550137591,0.08333259096148679,,,0.98,,0.9800166246218381,0.01998337537816186,0.9964469006723873,0.09988627195603395,5,0.001,0.1,0.997430010261134,0.997280858252198,0.9978605554751792,0.9976971524375012,1.0,0.9971185624559659,0.9977435467790595,0.9975119262118365,0.9980348095115058,0.9978927120282767,0.9969380681449014,0.9971346886443919
4,5,1.5119660583271342,0.60936,5000,1.9439102058057431,0.5642256902761105,833,1.9417791126635129,0.595,0.9987326861087945,0.08332978481791559,,,0.98,,0.9800166246218381,0.01998337537816186,0.9964469006723873,0.09988627195603395,5,0.001,0.1,0.9975576955395812,0.9974146899027327,0.9975788525507503,0.997708531682983,0.9971185624559659,1.0,0.9973085995138116,0.9976826962063083,0.9972397813006091,0.9975364424690225,0.9970145975555411,0.9970016286666421
4,6,1.5216205849009714,0.6218,5000,1.9430222025624029,0.5666266506602641,833,1.9417791126635129,0.595,0.9987761028578999,0.08332364450629495,,,0.98,,0.9800166246218381,0.01998337537816186,0.9964469006723873,0.09988627195603395,5,0.001,0.1,0.9974698719054271,0.9973255650080662,0.9976761340073,0.9974804679489708,0.9977435467790595,0.9973085995138116,1.0,0.9977197667204425,0.9971105961660891,0.9975992893735796,0.9969659935977288,0.9972830086301449
4,7,1.5104795070970134,0.6276,5000,1.9495118061701457,0.581032412965186,833,1.9417791126635129,0.595,0.998896169767243,0.08333790967379329,,,0.98,,0.9800166246218381,0.01998337537816186,0.9964469006723873,0.09988627195603395,5,0.001,0.1,0.9972734801557317,0.9977485445190953,0.9974816128270442,0.9977557239440981,0.9975119262118365,0.9976826962063083,0.9977197667204425,1.0,0.9974308746100135,0.9980872778653932,0.9968068293358329,0.9976222246453449
4,8,1.5113280208247482,0.61564,5000,1.9552010165320501,0.5690276110444178,833,1.9417791126635129,0.595,0.9989431078811934,0.0833567802497834,,,0.98,,0.9800166246218381,0.01998337537816186,0.9964469006723873,0.09988627195603395,5,0.001,0.1,0.9973927743696352,0.9978154839595248,0.9975183040557963,0.997929949261084,0.9980348095115058,0.9972397813006091,0.9971105961660891,0.9974308746100135,1.0,0.9980165948972078,0.9974450638082678,0.997748928868935
4,9,1.5093842769124706,0.61836,5000,1.934001573809871,0.6086434573829532,833,1.9417791126635129,0.595,0.9990718220386533,0.08336699949292278,,,0.98,,0.9800166246218381,0.01998337537816186,0.9964469006723873,0.09988627195603395,5,0.001,0.1,0.9972655820167585,0.9981417263922475,0.9980123806437413,0.9973754787575126,0.9978927120282767,0.9975364424690225,0.9975992893735796,0.9980872778653932,0.9980165948972078,1.0,0.9973920105729425,0.9979060280520038
4,10,1.5317994302245461,0.59084,5000,1.9427708873042353,0.6194477791116446,833,1.9417791126635129,0.595,0.9986068805206347,0.08328857131196164,,,0.98,,0.9800166246218381,0.01998337537816186,0.9964469006723873,0.09988627195603395,5,0.001,0.1,0.9974589499933173,0.9973017410816394,0.9971577304648189,0.9975601460166515,0.9969380681449014,0.9970145975555411,0.9969659935977288,0.9968068293358329,0.9974450638082678,0.9973920105729425,1.0,0.9976150601548482
4,11,1.5203310387909033,0.59908,5000,1.946494910452101,0.5894357743097239,833,1.9417791126635129,0.595,0.998829675954511,0.083333443548801,,,0.98,,0.9800166246218381,0.01998337537816186,0.9964469006723873,0.09988627195603395,5,0.001,0.1,0.9975581230326767,0.997455381439958,0.9974946029824653,0.9975048513851719,0.9971346886443919,0.9970016286666421,0.9972830086301449,0.9976222246453449,0.997748928868935,0.9979060280520038,0.9976150601548482,1.0
5,0,1.3898590412868816,0.6202,5000,1.8192603014133595,0.6630695443645084,834,1.8249585716107402,0.6273,0.998748166373252,0.08333486211318641,,,0.98,,0.9800166246218381,0.01998337537816186,0.997958090201492,0.09987359670657063,5,0.001,0.1,1.0,0.997077458915839,0.9971835581252666,0.9978614947249048,0.997311964683064,0.9972918290630158,0.9975520994809155,0.9972306250565002,0.9969334547118767,0.9969410288285349,0.9972930472565811,0.9971527662692302
5,1,1.3645845612143255,0.63764,5000,1.825314654244317,0.6402877697841727,834,1.8249585716107402,0.6273,0.9986971532980753,0.08334242366114575,,,0.98,,0.9800166246218381,0.01998337537816186,0.997958090201492,0.09987359670657063,5,0.001,0.1,0.997077458915839,1.0,0.9970922605570038,0.9970931819729776,0.9969297529627753,0.9970042957791944,0.9969561540152407,0.9975204745553765,0.9974848934434722,0.9977727499165414,0.9971040058391726,0.997181365587675
5,2,1.3927248657888667,0.63324,5000,1.8109971505624276,0.6354916067146283,834,1.8249585716107402,0.6273,0.9988182024461913,0.08333064479327158,,,0.98,,0.9800166246218381,0.01998337537816186,0.997958090201492,0.09987359670657063,5,0.001,0.1,0.9971835581252666,0.9970922605570038,1.0,0.9976412209829512,0.9976434605324883,0.9972354053998438,0.9975101566254843,0.9971496471625315,0.9972659802009672,0.99759062351806,0.9971313871235995,0.9972248744282816
5,3,1.3953129594493063,0.61976,5000,1.8267673783832126,0.6067146282973621,834,1.8249585716107402,0.6273,0.9987996184721808,0.08332737392027083,,,0.98,,0.9800166246218381,0.01998337537816186,0.997958090201492,0.09987359670657063,5,0.001,0.1,0.9978614947249048,0.9970931819729776,0.9976412209829512,1.0,0.9972368409285124,0.9972520181586505,0.9973991227778197,0.9974736636801935,0.9974508834804108,0.9967835872835575,0.9971548382035008,0.9970993573480388
5,4,1.386807440192836,0.6484,5000,1.8018858785982486,0.6410564225690276,833,1.8249585716107402,0.6273,0.9987382652919056,0.0833329515032744,,,0.98,,0.9800166246218381,0.01998337537816186,0.997958090201492,0.09987359670657063,5,0.001,0.1,0.997311964683064,0.9969297529627753,0.9976434605324883,0.9972368409285124,1.0,0.9967754145759229,0.997658007134734,0.9971839022800209,0.9974449110314235,0.9976438006479297,0.9970080028870772,0.996874082919798
5,5,1.380635328961026,0.62976,5000,1.8269721622820254,0.5990396158463386,833,1.8249585716107402,0.6273,0.9985306044890089,0.08332452875205076,,,0.98,,0.9800166246218381,0.01998337537816186,0.997958090201492,0.09987359670657063,5,0.001,0.1,0.9972918290630158,0.9970042957791944,0.9972354053998438,0.9972520181586505,0.9967754145759229,1.0,0.9969133486857328,0.9972981855402562,0.9970479331870649,0.9970820941016034,0.9965994300745423,0.9967214861601621
5,6,1.3931897144408742,0.63868,5000,1.8265769614113703,0.6014405762304922,833,1.8249585716107402,0.6273,0.9987439382628605,0.08332764859641172,,,0.98,,0.9800166246218381,0.01998337537816186,0.997958090201492,0.09987359670657063,5,0.001,0.1,0.9975520994809155,0.9969561540152407,0.9975101566254843,0.9973991227778197,0.997658007134734,0.9969133486857328,1.0,0.9973912566810202,0.9968395055214585,0.9973465405720894,0.9972201790184586,0.9969924106295673
5,7,1.3792884940554382,0.64136,5000,1.8358584289197568,0.6206482593037215,833,1.8249585716107402,0.6273,0.9987981999360012,0.08333814727707979,,,0.98,,0.9800166246218381,0.01998337537816186,0.997958090201492,0.09987359670657063,5,0.001,0.1,0.9972306250565002,0.9975204745553765,0.9971496471625315,0.9974736636801935,0.9971839022800209,0.9972981855402562,0.9973912566810202,1.0,0.9972261672566198,0.9977641960137928,0.9968401711950475,0.9973497590038252
5,8,1.380694020553759,0.63544,5000,1.8419228968796906,0.6062424969987995,833,1.8249585716107402,0.6273,0.9987585466699045,0.08334843901204243,,,0.98,,0.9800166246218381,0.01998337537816186,0.997958090201492,0.09987359670657063,5,0.001,0.1,0.9969334547118767,0.9974848934434722,0.9972659802009672,0.9974508834804108,0.9974449110314235,0.9970479331870649,0.9968395055214585,0.9972261672566198,1.0,0.9975848904683486,0.9972431854267436,0.9974306165470299
5,9,1.3779900191695826,0.63968,5000,1.816572701489484,0.6434573829531812,833,1.8249585716107402,0.6273,0.9988886875737369,0.08335890563405253,,,0.98,,0.9800166246218381,0.01998337537816186,0.997958090201492,0.09987359670657063,5,0.001,0.1,0.9969410288285349,0.9977727499165414,0.99759062351806,0.9967835872835575,0.9976438006479297,0.9970820941016034,0.9973465405720894,0.9977641960137928,0.9975848904683486,1.0,0.9974034253157956,0.997598894701648
5,10,1.4056774460586012,0.61408,5000,1.8236152021973222,0.6554621848739496,833,1.8249585716107402,0.6273,0.9986289918619294,0.08330243183564512,,,0.98,,0.9800166246218381,0.01998337537816186,0.997958090201492,0.09987359670657063,5,0.001,0.1,0.9972930472565811,0.9971040058391726,0.9971313871235995,0.9971548382035008,0.9970080028870772,0.9965994300745423,0.9972201790184586,0.9968401711950475,0.9972431854267436,0.9974034253157956,1.0,0.9974044375807717
5,11,1.3892080417863881,0.62464,5000,1.8299951067677251,0.6146458583433373,833,1.8249585716107402,0.6273,0.998681519329067,0.08333164290156866,,,0.98,,0.9800166246218381,0.01998337537816186,0.997958090201492,0.09987359670657063,5,0.001,0.1,0.9971527662692302,0.997181365587675,0.9972248744282816,0.9970993573480388,0.996874082919798,0.9967214861601621,0.9969924106295673,0.9973497590038252,0.9974306165470299,0.997598894701648,0.9974044375807717,1.0
6,0,1.282553930115548,0.6416,5000,1.692210806740655,0.6714628297362111,834,1.6983063388556336,0.6439,0.9985885969818787,0.0833378470034372,,,0.98,,0.9800166246218381,0.01998337537816186,0.9984185952338934,0.0998477793997272,5,0.001,0.1,1.0,0.9967796145345101,0.9965306203788193,0.9973680170243083,0.9969953166995771,0.9966753957163506,0.9971785255740618,0.9969421148461671,0.9965781053678041,0.9964372692823724,0.9967545055901332,0.996583323893027
6,1,1.2553254941466507,0.65488,5000,1.6990125797413014,0.6594724220623501,834,1.6983063388556336,0.6439,0.9984826948662444,0.08333906602158656,,,0.98,,0.9800166246218381,0.01998337537816186,0.9984185952338934,0.0998477793997272,5,0.001,0.1,0.9967796145345101,1.0,0.9965279738361734,0.9966743089263839,0.996623301100367,0.9961828840954055,0.9966398666343651,0.9969397209760421,0.9970957092743966,0.9972016751509385,0.9965034059286775,0.9963845999538795
6,2,1.2839669584468671,0.64736,5000,1.6811325505927757,0.657074340527578,834,1.6983063388556336,0.6439,0.9984783447111487,0.0833317020487556,,,0.98,,0.9800166246218381,0.01998337537816186,0.9984185952338934,0.0998477793997272,5,0.001,0.1,0.9965306203788193,0.9965279738361734,1.0,0.9969383692456526,0.9970484155331429,0.9962499909680184,0.9970482351122483,0.9964680206497014,0.9965808356080856,0.9969184947332888,0.9966823207189338,0.9965084889000904
6,3,1.2878623544030887,0.64056,5000,1.699783307534677,0.6270983213429256,834,1.6983063388556336,0.6439,0.9986267939169614,0.08333448764557953,,,0.98,,0.9800166246218381,0.01998337537816186,0.9984185952338934,0.0998477793997272,5,0.001,0.1,0.9973680170243083,0.9966743089263839,0.9969383692456526,1.0,0.9969898536899915,0.9965672625332648,0.9970685164306315,0.9968960182676081,0.9971520438020773,0.9961984978712134,0.9967381677699226,0.9966896293871758
6,4,1.2793714281859672,0.65932,5000,1.6720469108334295,0.6566626650660264,833,1.6983063388556336,0.6439,0.9985828502044922,0.08333648980483054,,,0.98,,0.9800166246218381,0.01998337537816186,0.9984185952338934,0.0998477793997272,5,0.001,0.1,0.9969953166995771,0.996623301100367,0.9970484155331429,0.9969898536899915,1.0,0.9960347447924265,0.9971190993386466,0.9968836406273186,0.9971861873312088,0.9970598613430091,0.9964782515308683,0.9963348797431876
6,5,1.2732233327665148,0.64612,5000,1.7002397378285725,0.6158463385354142,833,1.6983063388556336,0.6439,0.9980195719949784,0.08331314345205995,,,0.98,,0.9800166246218381,0.01998337537816186,0.9984185952338934,0.0998477793997272,5,0.001,0.1,0.9966753957163506,0.9961828840954055,0.9962499909680184,0.9965672625332648,0.9960347447924265,1.0,0.9962688136637146,0.9964022597353327,0.9960556239950117,0.9961451714954664,0.9957669906088973,0.9956559405300717
6,6,1.2844339029804157,0.6522,5000,1.7004606105663158,0.6254501800720288,833,1.6983063388556336,0.6439,0.9985771311779952,0.08333305312636183,,,0.98,,0.9800166246218381,0.01998337537816186,0.9984185952338934,0.0998477793997272,5,0.001,0.1,0.9971785255740618,0.9966398666343651,0.9970482351122483,0.9970685164306315,0.9971190993386466,0.9962688136637146,1.0,0.9969450425910364,0.996460412726038,0.9967678538199833,0.9967212902200587,0.9964678898359733
6,7,1.269016700185788,0.65652,5000,1.71270019919784,0.6266506602641057,833,1.6983063388556336,0.6439,0.9985320406912633,0.08333803620599858,,,0.98,,0.9800166246218381,0.01998337537816186,0.9984185952338934,0.0998477793997272,5,0.001,0.1,0.9969421148461671,0.9969397209760421,0.9964680206497014,0.9968960182676081,0.9968836406273186,0.9964022597353327,0.9969450425910364,1.0,0.9964411097695496,0.9972129455685196,0.9963245286402593,0.9966891752529359
6,8,1.271785046720201,0.64916,5000,1.7191489007737901,0.617046818727491,833,1.6983063388556336,0.6439,0.9985477324843286,0.08334485424787709,,,0.98,,0.9800166246218381,0.01998337537816186,0.9984185952338934,0.0998477793997272,5,0.001,0.1,0.9965781053678041,0.9970957092743966,0.9965808356080856,0.9971520438020773,0.9971861873312088,0.9960556239950117,0.996460412726038,0.9964411097695496,1.0,0.9971958709916252,0.9968522325989927,0.9967341664234282
6,9,1.2708794463212323,0.65672,5000,1.689728648574264,0.6602641056422569,833,1.6983063388556336,0.6439,0.9985892615102938,0.08335261349230899,,,0.98,,0.9800166246218381,0.01998337537816186,0.9984185952338934,0.0998477793997272,5,0.001,0.1,0.9964372692823724,0.9972016751509385,0.9969184947332888,0.9961984978712134,0.9970598613430091,0.9961451714954664,0.9967678538199833,0.9972129455685196,0.9971958709916252,1.0,0.9967274762247782,0.9969642958003919
6,10,1.2994330719018439,0.63408,5000,1.6934320485150371,0.6710684273709484,833,1.6983063388556336,0.6439,0.9983766538075526,0.08331111775524506,,,0.98,,0.9800166246218381,0.01998337537816186,0.9984185952338934,0.0998477793997272,5,0.001,0.1,0.9967545055901332,0.9965034059286775,0.9966823207189338,0.9967381677699226,0.9964782515308683,0.9957669906088973,0.9967212902200587,0.9963245286402593,0.9968522325989927,0.9967274762247782,1.0,0.996735215788429
6,11,1.2801464294172396,0.64504,5000,1.7036856015523274,0.6386554621848739,833,1.6983063388556336,0.6439,0.9983319573437068,0.08332758919595916,,,0.98,,0.9800166246218381,0.01998337537816186,0.9984185952338934,0.0998477793997272,5,0.001,0.1,0.996583323893027,0.9963845999538795,0.9965084889000904,0.9966896293871758,0.9963348797431876,0.9956559405300717,0.9964678898359733,0.9966891752529359,0.9967341664234282,0.9969642958003919,0.996735215788429,1.0
7,0,1.1932367753071391,0.65556,5000,1.5602898421110931,0.6882494004796164,834,1.5664478087196716,0.6596,0.9981973590752562,0.08334019359674757,,,0.98,,0.9800166246218381,0.01998337537816186,0.9986504135734381,0.0998070602113464,5,0.001,0.1,1.0,0.995835570723791,0.9955073662834221,0.9967938470117449,0.9958483309153109,0.9959308894182077,0.9959333232709033,0.9963686144916023,0.9954162318594992,0.9957187384347869,0.9959071644034073,0.9959972774003565
7,1,1.165874828047054,0.66756,5000,1.56761693071436,0.6726618705035972,834,1.5664478087196716,0.6596,0.9979411317480761,0.08333266971996366,,,0.98,,0.9800166246218381,0.01998337537816186,0.9986504135734381,0.0998070602113464,5,0.001,0.1,0.995835570723791,1.0,0.995531440197321,0.9956232162143945,0.9955598588257878,0.9954156399993515,0.9949627371895035,0.9960364151204306,0.9959590395706146,0.9963516300790604,0.9954963626581679,0.9954161342930827
7,2,1.1938460991640758,0.66156,5000,1.5463502848589863,0.6714628297362111,834,1.5664478087196716,0.6596,0.9981451555230938,0.08333473927502782,,,0.98,,0.9800166246218381,0.01998337537816186,0.9986504135734381,0.0998070602113464,5,0.001,0.1,0.9955073662834221,0.995531440197321,1.0,0.9965745787901547,0.9962485874595371,0.9958475806983553,0.9960013235270297,0.9955476923450682,0.9957033937220059,0.9958856188568148,0.995924685960948,0.9958601353708147
