round,client_id,client_i_training_loss,client_i_training_accuracy,client_i_training_dataset_size,client_i_evaluation_loss,client_i_evaluation_accuracy,client_i_evaluation_dataset_size,client_i_central_evaluation_loss,client_i_central_evaluation_accuracy,client_i_cosine_similarity,client_i_importance_coefficient,client_i_tanh_val,tanh_normalization_value,client_i_q,client_i_mask_order,client_i_v_nonzero_fraction,client_i_v_sparsity,client_i_v_cosine_similarity,client_i_reward_gradient_norm,local_epochs,learning_rate,gamma,client_0_cosine_similarity,client_1_cosine_similarity,client_2_cosine_similarity,client_3_cosine_similarity,client_4_cosine_similarity,client_5_cosine_similarity,client_6_cosine_similarity,client_7_cosine_similarity,client_8_cosine_similarity,client_9_cosine_similarity,client_10_cosine_similarity,client_11_cosine_similarity
0,0,0.3638191497961807,0.88692,5000,2.1843739174030445,0.43884892086330934,834,2.189929744306083,0.4102,0.778125698527603,0.08224077978061192,,,0.65,,0.650002509914161,0.349997490085839,0,0.39305350067161865,5,0.1,0.5,1.0,0.5803852421876038,0.5701219532165672,0.5774272482015248,0.571643273366543,0.583263325228629,0.5829104090049381,0.5825029767992396,0.5662745476995226,0.5911928836696216,0.5735317483466009,0.5830258422073239
0,1,0.344118801592167,0.89448,5000,2.1899764096295393,0.39568345323741005,834,2.1896759808634796,0.4079,0.7844098440060588,0.08290495656513523,,,0.7239198246178862,,0.723929521610361,0.27607047838963905,0,0.3937437016412915,5,0.1,0.5,0.5803852421876038,1.0,0.5787331432467907,0.5928777971899793,0.5689696826165626,0.5853208252774371,0.5802584092569253,0.5821517189140162,0.5750994796486611,0.5998600236177614,0.5860264954914934,0.5920544210422964
0,2,0.34315830551348864,0.89052,5000,2.1868907345665827,0.39568345323741005,834,2.189681248923841,0.4079,0.7853874214441396,0.08300827757221137,,,0.7354189780065322,,0.7354349681240901,0.26456503187590985,0,0.39381091410930796,5,0.1,0.5,0.5701219532165672,0.5787331432467907,1.0,0.5770070369530932,0.5918723517199344,0.5841857528419088,0.5844584028026854,0.6022229002952785,0.5763055174693663,0.6026561353040071,0.5927053989875875,0.5707180514758128
0,3,0.3400062619572043,0.89428,5000,2.1907731427086725,0.41247002398081534,834,2.1894731910084,0.4085,0.7918029010311248,0.08368633517254333,,,0.8108836736497811,,0.8109030671151046,0.18909693288489537,0,0.39409369051230814,5,0.1,0.5,0.5774272482015248,0.5928777971899793,0.5770070369530932,1.0,0.5895656045095138,0.5994843400348567,0.5971251233004029,0.5979176943259475,0.5868753290617557,0.6034381803101033,0.5880258870156986,0.5819428161711889
0,4,0.33312975248428667,0.8944,5000,2.1997848086886935,0.3985594237695078,833,2.189646808484111,0.4081,0.7863264795141358,0.08310752743387498,,,0.7464650316152701,,0.7464785904322072,0.2535214095677928,0,0.3938678570716643,5,0.1,0.5,0.571643273366543,0.5689696826165626,0.5918723517199344,0.5895656045095138,1.0,0.5778743088499451,0.6009416708401676,0.5800850085309252,0.5860305464250531,0.6128245404562747,0.5772427273426379,0.5828218752953728
0,5,0.33960898330399564,0.89424,5000,2.191534907729537,0.39135654261704683,833,2.1895687168779463,0.4086,0.7888255635557415,0.08337165779315733,,,0.7758615270805911,,0.775879724913408,0.22412027508659205,0,0.39399060723972334,5,0.1,0.5,0.583263325228629,0.5853208252774371,0.5841857528419088,0.5994843400348567,0.5778743088499451,1.0,0.5907309468031009,0.5881499606470209,0.587081930182794,0.6034887717633037,0.5911523405359149,0.5727843098679639
0,6,0.34070608081046944,0.8914,5000,2.1859403451283774,0.4369747899159664,833,2.1894615404902935,0.4088,0.7948727173718962,0.08401078672339948,,,0.8469936405970624,,0.8470056724060037,0.15299432759399634,0,0.39416080096340256,5,0.1,0.5,0.5829104090049381,0.5802584092569253,0.5844584028026854,0.5971251233004029,0.6009416708401676,0.5907309468031009,1.0,0.6010693786662679,0.5882633568939871,0.608948462454634,0.5883963502459099,0.5976297851377627
0,7,0.34308314864660144,0.89196,5000,2.188464085261027,0.4189675870348139,833,2.189490327438988,0.4082,0.7933738915850859,0.08385237452637807,,,0.8293630908789463,,0.8293760353395914,0.17062396466040863,0,0.3941318429818783,5,0.1,0.5,0.5825029767992396,0.5821517189140162,0.6022229002952785,0.5979176943259475,0.5800850085309252,0.5881499606470209,0.6010693786662679,1.0,0.5929143285179544,0.6035726475229679,0.5936436359781178,0.5823208215225395
0,8,0.3481604538134234,0.89052,5000,2.1906672936898692,0.4189675870348139,833,2.1897476024140183,0.4092,0.7829159021633907,0.08274706055640502,,,0.7063467242850001,,0.7063651423121329,0.2936348576878671,0,0.393623691389076,5,0.1,0.5,0.5662745476995226,0.5750994796486611,0.5763055174693663,0.5868753290617557,0.5860305464250531,0.587081930182794,0.5882633568939871,0.5929143285179544,1.0,0.6035047645326378,0.5701820532037446,0.5750703737850303
0,9,0.3395366115720978,0.89216,5000,2.185625985816673,0.4177671068427371,833,2.1894034341501354,0.4092,0.8053298560428781,0.08511601077679197,,,0.9699999998887046,,0.9700015059484965,0.029998494051503455,0,0.394231120894475,5,0.1,0.5,0.5911928836696216,0.5998600236177614,0.6026561353040071,0.6034381803101033,0.6128245404562747,0.6034887717633037,0.608948462454634,0.6035726475229679,0.6035047645326378,1.0,0.5906341700522619,0.5995525132117265
0,10,0.3427805275365615,0.893,5000,2.192590042396828,0.3745498199279712,833,2.1896516766411045,0.4081,0.7858123444014363,0.08305318804801352,,,0.7404173076262341,,0.7404347171326741,0.25956528286732594,0,0.3938376456358945,5,0.1,0.5,0.5735317483466009,0.5860264954914934,0.5927053989875875,0.5880258870156986,0.5772427273426379,0.5911523405359149,0.5883963502459099,0.5936436359781178,0.5701820532037446,0.5906341700522619,1.0,0.5834662625973046
0,11,0.3488001410357037,0.89004,5000,2.1854342884487576,0.3997599039615846,833,2.1896751185956473,0.4082,0.7843728350026763,0.08290104505147768,,,0.7234844911188923,,0.72349781637468,0.27650218362532,0,0.3937408724857658,5,0.1,0.5,0.5830258422073239,0.5920544210422964,0.5707180514758128,0.5819428161711889,0.5828218752953728,0.5727843098679639,0.5976297851377627,0.5823208215225395,0.5750703737850303,0.5995525132117265,0.5834662625973046,1.0
1,0,0.31793754077427516,0.90632,5000,2.0286046443162142,0.7386091127098321,834,2.0390091566993784,0.7155,0.811126691333274,0.08255685461576338,,,0.65,,0.650002509914161,0.349997490085839,0.9566351329614018,0.4051325644746444,5,0.1,0.5,1.0,0.6293103920537841,0.6311955498547852,0.6319525003138211,0.6297805972141804,0.6327541461335711,0.6265431269483943,0.6227544048117221,0.6297403158135954,0.6304071742997573,0.6266362099850182,0.6242031581447404
1,1,0.30978852305205384,0.90724,5000,2.042357162193016,0.6954436450839329,834,2.038162517090575,0.7148,0.8096926814832368,0.08294587877615073,,,0.7128788441512206,,0.7128959389588876,0.2871040610411124,0.958188913393563,0.4057541487693122,5,0.1,0.5,0.6293103920537841,1.0,0.624999653217372,0.6231263588030043,0.621205658739941,0.6359234859205065,0.6294413239001496,0.6250437757203092,0.6267503226381826,0.6289178835307602,0.6309008908686465,0.6226863902371024
1,2,0.30162804817935085,0.90772,5000,2.037707558384648,0.7170263788968825,834,2.0380150647209097,0.7144,0.8124467061938734,0.08310993938204728,,,0.7393963264054141,,0.7394056523266904,0.2605943476733096,0.9584862746423485,0.4059256892599625,5,0.1,0.5,0.6311955498547852,0.624999653217372,1.0,0.6272486684035958,0.6278695232990064,0.6259163169674908,0.6277805521742914,0.6309797095801087,0.6375443777743305,0.6281624288547977,0.633248808769804,0.6298977545187087
1,3,0.3013366710275981,0.90844,5000,2.040171221450523,0.7062350119904077,834,2.037468250567159,0.7133,0.8157442525211416,0.0836726987688529,,,0.8303563833395503,,0.8303749811756438,0.1696250188243562,0.9594892831014321,0.4062542261982385,5,0.1,0.5,0.6319525003138211,0.6231263588030043,0.6272486684035958,1.0,0.6321406402108845,0.6365244161984362,0.6294922760414579,0.6289680118949892,0.6397996255739349,0.6278596448906342,0.6353789134806826,0.6415738990096497
1,4,0.29681905088530985,0.91064,5000,2.049819164805942,0.695078031212485,833,2.0379836243181564,0.7148,0.8099541537769136,0.08308883482624786,,,0.7359851499024668,,0.7360022087244616,0.26399779127553835,0.9585633939620506,0.4059058991768702,5,0.1,0.5,0.6297805972141804,0.621205658739941,0.6278695232990064,0.6321406402108845,1.0,0.6306339239255255,0.6253302916021904,0.6262756413279035,0.6308053286746834,0.6314504718906573,0.6238699974996648,0.6205200661364715
1,5,0.2972403247478851,0.91116,5000,2.036880506409539,0.695078031212485,833,2.0376434794630107,0.7139,0.8163431862796533,0.08348558567565675,,,0.8001128760622163,,0.8001355353646905,0.1998644646353095,0.9592149131308697,0.40618232620925715,5,0.1,0.5,0.6327541461335711,0.6359234859205065,0.6259163169674908,0.6365244161984362,0.6306339239255255,1.0,0.6380318720213939,0.6326124595155096,0.6297308441296604,0.6360160453997625,0.6327851194241734,0.6300107787863676
1,6,0.29574719575844755,0.90568,5000,2.0294959677590265,0.7262905162064826,833,2.037444868026831,0.7132,0.8125701831065326,0.08377670809892937,,,0.8471676437240965,,0.8471813663972693,0.15281863360273074,0.9596441830701096,0.40628251278524824,5,0.1,0.5,0.6265431269483943,0.6294413239001496,0.6277805521742914,0.6294922760414579,0.6253302916021904,0.6380318720213939,1.0,0.62919008558954,0.6323982400783132,0.6322476944330997,0.6209385699292126,0.6299620233968739
1,7,0.30250038973583726,0.90568,5000,2.033945423585397,0.7418967587034814,833,2.0375022895800803,0.7133,0.8116672222043069,0.0836406219682124,,,0.8251717383901574,,0.8251894985191507,0.1748105014808493,0.9595396249625144,0.40624405994334534,5,0.1,0.5,0.6227544048117221,0.6250437757203092,0.6309797095801087,0.6289680118949892,0.6262756413279035,0.6326124595155096,0.62919008558954,1.0,0.6356313291513888,0.6295076050242607,0.627270312252646,0.6250462285570074
1,8,0.30695661331888785,0.90632,5000,2.0430661307440863,0.7262905162064826,833,2.038153950779583,0.7148,0.8160443755154075,0.0830624491709694,,,0.7317203774923671,,0.7317353546508709,0.2682646453491291,0.9581444535501882,0.4058810583107847,5,0.1,0.5,0.6297403158135954,0.6267503226381826,0.6375443777743305,0.6397996255739349,0.6308053286746834,0.6297308441296604,0.6323982400783132,0.6356313291513888,1.0,0.6293988217916209,0.6318128322736805,0.6373370496684596
1,9,0.3004496054255232,0.9078,5000,2.0332467511848167,0.7262905162064826,833,2.0373317513602993,0.7137,0.8134212447015153,0.08453665772667433,,,0.9699999998383677,,0.9700015059484965,0.029998494051503455,0.9599205952357976,0.4063487212566095,5,0.1,0.5,0.6304071742997573,0.6289178835307602,0.6281624288547977,0.6278596448906342,0.6314504718906573,0.6360160453997625,0.6322476944330997,0.6295076050242607,0.6293988217916209,1.0,0.6295316555038496,0.6213139420819133
1,10,0.302839766404811,0.90884,5000,2.0398378283889205,0.6974789915966386,833,2.0379623963048283,0.7148,0.8121970686816854,0.0831309346069558,,,0.7427898315122128,,0.7428040761005974,0.2571959238994026,0.9585546185894319,0.4059448396035296,5,0.1,0.5,0.6266362099850182,0.6309008908686465,0.633248808769804,0.6353789134806826,0.6238699974996648,0.6327851194241734,0.6209385699292126,0.627270312252646,0.6318128322736805,0.6295316555038496,1.0,0.6297683755970047
1,11,0.29912314460950956,0.90628,5000,2.0348589420318604,0.6998799519807923,833,2.0381074020276055,0.715,0.8111171406272054,0.08299283638353966,,,0.7204687071401489,,0.7204859193815571,0.27951408061844285,0.9582467964295737,0.40580795342943027,5,0.1,0.5,0.6242031581447404,0.6226863902371024,0.6298977545187087,0.6415738990096497,0.6205200661364715,0.6300107787863676,0.6299620233968739,0.6250462285570074,0.6373370496684596,0.6213139420819133,0.6297683755970047,1.0
2,0,0.2901634328660502,0.91268,5000,1.8327655218265675,0.8729016786570744,834,1.8476364890607402,0.8588,0.8139825234772821,0.08273674302484027,,,0.65,,0.650002509914161,0.349997490085839,0.9668254667103742,0.40691934855888706,5,0.1,0.5,1.0,0.6369666273996211,0.6335851934669579,0.6311556876086655,0.6303762102512337,0.6299632524221797,0.6348925483158071,0.6370539257764571,0.6336268863390118,0.6403257644052155,0.6373695742043791,0.6325747843404463
2,1,0.275248530463191,0.91784,5000,1.8542496319170352,0.8321342925659473,834,1.8457465495545262,0.8591,0.8172680313225243,0.08310751078822193,,,0.7272871927056387,,0.7273028462426585,0.2726971537573415,0.9681810320133986,0.4077015183637975,5,0.1,0.5,0.6369666273996211,1.0,0.6418007029490354,0.629444812636538,0.6389101627210779,0.6298027369479345,0.6397277795100907,0.6367240660217435,0.6338069795650457,0.6416735795038331,0.6379349451780414,0.6416407009662046
2,2,0.2719952199358944,0.91612,5000,1.8482003256126687,0.8513189448441247,834,1.8454824773648295,0.8591,0.8169559754575647,0.08320492038493599,,,0.7475923945493828,,0.7476080518046283,0.2523919481953717,0.9685744758477979,0.40782699917483367,5,0.1,0.5,0.6335851934669579,0.6418007029490354,1.0,0.6326491438003955,0.635856424000246,0.6280332256568217,0.6307895816549538,0.642848141678629,0.6419300625740514,0.6405650471554316,0.6379437126337393,0.6386744569078262
2,3,0.2683024710091721,0.92064,5000,1.8485183274304424,0.8477218225419664,834,1.8446588512426747,0.8586,0.8137672758354679,0.08346549445481888,,,0.8019095179407196,,0.8019276140755986,0.19807238592440135,0.9692533462375215,0.40804635125205474,5,0.1,0.5,0.6311556876086655,0.629444812636538,0.6326491438003955,1.0,0.6302538332874066,0.6323798178843532,0.6310066869821813,0.6358891107970708,0.6364875537411008,0.6359541697795282,0.6397357952790386,0.6359608838475969
2,4,0.26091353210389234,0.92256,5000,1.8588825861612956,0.8463385354141657,833,1.8454878745368495,0.8591,0.8154916879899646,0.08314014698193363,,,0.7340902647137583,,0.7341047136187943,0.26589528638120574,0.9684957735007645,0.4077472199059061,5,0.1,0.5,0.6303762102512337,0.6389101627210779,0.635856424000246,0.6302538332874066,1.0,0.6358889404231636,0.6351755429955784,0.6384285238875357,0.6303907456834802,0.6443443030302788,0.6349391931472659,0.6356918865827139
2,5,0.26708484773826635,0.92056,5000,1.8415921131769817,0.8559423769507803,833,1.8449992150925218,0.8594,0.8118922417625793,0.08327692622491496,,,0.7626021385994819,,0.7626223583153456,0.23737764168465436,0.9689678857886043,0.40790254741137916,5,0.1,0.5,0.6299632524221797,0.6298027369479345,0.6280332256568217,0.6323798178843532,0.6358889404231636,1.0,0.6353312591645628,0.6296171174337932,0.6364720458873108,0.633598022521721,0.6295427764838263,0.632734950509357
2,6,0.26741459264425904,0.9172,5000,1.8320761830718428,0.8943577430972389,833,1.8445365676483787,0.8586,0.8159101506798838,0.08360853243139173,,,0.8317260358568976,,0.8317453943075147,0.1682546056924853,0.9693697145591369,0.40811514839414853,5,0.1,0.5,0.6348925483158071,0.6397277795100907,0.6307895816549538,0.6310066869821813,0.6351755429955784,0.6353312591645628,1.0,0.6413193580566172,0.6348761300763746,0.6354564475821879,0.6362537345095581,0.636684719337139
2,7,0.2722451439329014,0.91724,5000,1.8381420020703916,0.865546218487395,833,1.844611309587765,0.8587,0.8196608097219372,0.08364898894049431,,,0.840159266369418,,0.8401787058882586,0.1598212941117414,0.9693712296436087,0.40813015647802986,5,0.1,0.5,0.6370539257764571,0.6367240660217435,0.642848141678629,0.6358891107970708,0.6384285238875357,0.6296171174337932,0.6413193580566172,1.0,0.6375757352031567,0.6414870429119972,0.640434318172716,0.6474818518590988
2,8,0.2768322909096624,0.91644,5000,1.8564613925086126,0.8703481392557023,833,1.8457006829234357,0.8591,0.8160264638589781,0.08314130850987721,,,0.7343323872575023,,0.7343456653782441,0.2656543346217559,0.9684568370346106,0.40774805730394703,5,0.1,0.5,0.6336268863390118,0.6338069795650457,0.6419300625740514,0.6364875537411008,0.6303907456834802,0.6364720458873108,0.6348761300763746,0.6375757352031567,1.0,0.6434531251448536,0.6286526933227977,0.6383496306670321
2,9,0.2662618331219645,0.92008,5000,1.8390806780921087,0.8715486194477791,833,1.8443915798260382,0.8586,0.8205731928894223,0.08427187038619657,,,0.9699999997915483,,0.9700015059484965,0.029998494051503455,0.9696690928975329,0.40820692423576094,5,0.1,0.5,0.6403257644052155,0.6416735795038331,0.6405650471554316,0.6359541697795282,0.6443443030302788,0.633598022521721,0.6354564475821879,0.6414870429119972,0.6434531251448536,1.0,0.6340872883931402,0.6430721687771548
2,10,0.2704255537385014,0.91824,5000,1.8442862607814647,0.843937575030012,833,1.8454290529409536,0.8594,0.8163897391595287,0.08319910979590327,,,0.7463811670407957,,0.7463982731790573,0.25360172682094273,0.9686178263055756,0.4078196225603009,5,0.1,0.5,0.6373695742043791,0.6379349451780414,0.6379437126337393,0.6397357952790386,0.6349391931472659,0.6295427764838263,0.6362537345095581,0.640434318172716,0.6286526933227977,0.6340872883931402,1.0,0.6421705120467589
2,11,0.26590607961532986,0.91904,5000,1.8434525463316176,0.858343337334934,833,1.8456202695925776,0.8591,0.8189945499277579,0.08319844807647123,,,0.7462432304607793,,0.7462577179860449,0.2537422820139551,0.968364288084372,0.4078191789675951,5,0.1,0.5,0.6325747843404463,0.6416407009662046,0.6386744569078262,0.6359608838475969,0.6356918865827139,0.632734950509357,0.636684719337139,0.6474818518590988,0.6383496306670321,0.6430721687771548,0.6421705120467589,1.0
3,0,0.2608809302638101,0.9246,5000,1.6044713921017117,0.920863309352518,834,1.6237990216325267,0.9102,0.8081370231371452,0.0829205209894892,,,0.65,,0.650002509914161,0.349997490085839,0.9692376388788123,0.4030171473187337,5,0.1,0.5,1.0,0.6180666535818191,0.6263325371097531,0.6268904270942354,0.6276302147579709,0.6156954466646863,0.6244136724001627,0.6171888397775771,0.6218783628886597,0.6242511337009437,0.6218856437181498,0.6204700812425834
3,1,0.26029852102777573,0.92444,5000,1.6332146856519911,0.8932853717026379,834,1.6207504375293231,0.9102,0.8066758877949206,0.08311504051667733,,,0.7081288668425215,,0.7081471813663973,0.2918528186336027,0.9706639579645471,0.40365849063752374,5,0.1,0.5,0.6180666535818191,1.0,0.6262615749289141,0.6184663367716038,0.630103189941828,0.6142386984746998,0.6244996807401364,0.6146124356144236,0.6196072985234363,0.6199396207245825,0.6226613662510184,0.6204402778317164
3,2,0.24361425466289754,0.92588,5000,1.627057914380674,0.9052757793764988,834,1.6200249065606358,0.9103,0.809339841813294,0.08327232750613331,,,0.7551314202535486,,0.7551528537724009,0.24484714622759907,0.9710968846448734,0.4039667834356679,5,0.1,0.5,0.6263325371097531,0.6262615749289141,1.0,0.6256080527585747,0.6295745499966401,0.6102065803988501,0.6196900981833254,0.61707657373939,0.6230660325258328,0.6255010207079437,0.6222549366708812,0.6287474128080466
3,3,0.2436651275297449,0.92888,5000,1.6224671823007089,0.9064748201438849,834,1.618892112098182,0.91,0.8089263582585845,0.08343040489291413,,,0.8023701705210687,,0.8023844184528889,0.19761558154711112,0.9715591677597728,0.4041549530873953,5,0.1,0.5,0.6268904270942354,0.6184663367716038,0.6256080527585747,1.0,0.623072085265372,0.6187643158604827,0.6197833548772188,0.6270760058333384,0.6216614413113031,0.6189057544712069,0.6254343972091592,0.6234771759951034
3,4,0.23848040841733384,0.92828,5000,1.6348330488911382,0.9183673469387755,833,1.6198164533121517,0.9104,0.8145082694339669,0.08340951251856835,,,0.7961268382246887,,0.7961447718488027,0.20385522815119728,0.971066338351056,0.4041354345557885,5,0.1,0.5,0.6276302147579709,0.630103189941828,0.6295745499966401,0.623072085265372,1.0,0.6259135927457973,0.6341737192548832,0.6228160988231578,0.6248390990524109,0.6370122756970759,0.6251740590039921,0.6242885978674662
3,5,0.24572854660878515,0.92776,5000,1.6129214719489768,0.9243697478991597,833,1.6198764708095466,0.9101,0.8026576060787349,0.0830871909618151,,,0.6998064989568341,,0.6998142663520908,0.30018573364790924,0.9705311082253015,0.40358519935824616,5,0.1,0.5,0.6156954466646863,0.6142386984746998,0.6102065803988501,0.6187643158604827,0.6259135927457973,1.0,0.6257668849885707,0.6132380145091549,0.6140803517810819,0.6163024597165843,0.6177467729572549,0.6171311361455759
3,6,0.23995779118838773,0.92732,5000,1.6022642144450434,0.9255702280912365,833,1.6187789584881962,0.91,0.8106954417599062,0.083586718795638,,,0.8490819334397754,,0.8490989408162241,0.15090105918377594,0.9718123398007985,0.40425967273964614,5,0.1,0.5,0.6244136724001627,0.6244996807401364,0.6196900981833254,0.6197833548772188,0.6341737192548832,0.6257668849885707,1.0,0.6241101643049313,0.6266787379359173,0.6206763053097605,0.6228514485427027,0.6230274752548066
3,7,0.24971195892638462,0.92548,5000,1.611463807247303,0.9099639855942377,833,1.6188499009647308,0.91,0.8064701666939174,0.08346629572239583,,,0.8130955371614665,,0.8131117915767281,0.18688820842327192,0.9717073800998197,0.40418522009099217,5,0.1,0.5,0.6171888397775771,0.6146124356144236,0.61707657373939,0.6270760058333384,0.6228160988231578,0.6132380145091549,0.6241101643049313,1.0,0.6208609180398791,0.6222195208248497,0.6225840564122838,0.6225441914850338
3,8,0.2508547421058367,0.92608,5000,1.6373511596962258,0.9135654261704682,833,1.6205340094459704,0.9103,0.8073943056762127,0.08316244099917532,,,0.7222936983904208,,0.7223081170623965,0.2776918829376035,0.9707942291000312,0.40376589399896384,5,0.1,0.5,0.6218783628886597,0.6196072985234363,0.6230660325258328,0.6216614413113031,0.6248390990524109,0.6140803517810819,0.6266787379359173,0.6208609180398791,1.0,0.6170410654571414,0.6221236142452026,0.6238887872884893
3,9,0.2451442498601024,0.9274,5000,1.6122919983334012,0.9171668667466987,833,1.6185908226159433,0.9101,0.8097065638768597,0.0839913529534204,,,0.9699999997011669,,0.9700015059484965,0.029998494051503455,0.972082967946101,0.40432557875410663,5,0.1,0.5,0.6242511337009437,0.6199396207245825,0.6255010207079437,0.6189057544712069,0.6370122756970759,0.6163024597165843,0.6206763053097605,0.6222195208248497,0.6170410654571414,1.0,0.6209555004962104,0.6302421170420874
3,10,0.25236818819917783,0.92732,5000,1.6151230600145128,0.8931572629051621,833,1.619975635799737,0.9102,0.8091000793980402,0.08326012830440804,,,0.7514858953907044,,0.7514984187540786,0.24850158124592137,0.9710704737582727,0.40394693565695305,5,0.1,0.5,0.6218856437181498,0.6226613662510184,0.6222549366708812,0.6254343972091592,0.6251740590039921,0.6177467729572549,0.6228514485427027,0.6225840564122838,0.6221236142452026,0.6209555004962104,1.0,0.6283179197830949
3,11,0.24388875068539076,0.92336,5000,1.6195302142037287,0.8955582232893158,833,1.6201255203435978,0.9105,0.8102016039819445,0.08329806583936497,,,0.762822885304894,,0.7628331911048642,0.23716680889513575,0.9711328114415528,0.4040039783464677,5,0.1,0.5,0.6204700812425834,0.6204402778317164,0.6287474128080466,0.6234771759951034,0.6242885978674662,0.6171311361455759,0.6230274752548066,0.6225441914850338,0.6238887872884893,0.6302421170420874,0.6283179197830949,1.0
4,0,0.24354703198572633,0.92768,5000,1.3588364035994918,0.9412470023980816,834,1.3817685819662417,0.9284,0.8003650447461494,0.0831262397738623,,,0.97,,0.9700015059484965,0.029998494051503455,0.9679566827851591,0.3992209959347513,5,0.1,0.5,1.0,0.5986227764733154,0.6093160445930559,0.6031743435344412,0.610148894493146,0.6024901187691571,0.6061436094414041,0.6078056139660446,0.613590678312916,0.6090762357192979,0.6065053424121186,0.6035868370417007
4,1,0.24073072072165977,0.92936,5000,1.393587792361224,0.9064748201438849,834,1.3783097705140281,0.9291,0.7940867465396618,0.0830358859993735,,,0.97,,0.9700015059484965,0.029998494051503455,0.9694397730889799,0.3992209959347513,5,0.1,0.5,0.5986227764733154,1.0,0.6000826274475197,0.5863259024597619,0.6051665887156472,0.602537874171817,0.6080912099217703,0.5974913851949032,0.6043258665812847,0.6020794197528224,0.608723322354381,0.5959853430348278
4,2,0.22599758868503153,0.9316,5000,1.3895069978855275,0.920863309352518,834,1.3774885643785373,0.9289,0.7974181530877384,0.08325700477807015,,,0.97,,0.9700015059484965,0.029998494051503455,0.9702489005022498,0.3992209959347513,5,0.1,0.5,0.6093160445930559,0.6000826274475197,1.0,0.5977291869398271,0.6095323179494606,0.5913201484132801,0.5982824526190873,0.6070806576110264,0.6091267922096407,0.6128956788758525,0.6027250383025308,0.6024447818972906
4,3,0.22359430511143935,0.93512,5000,1.3795295688841078,0.9268585131894485,834,1.3762679237146347,0.9291,0.7912620184822242,0.08314669959060951,,,0.97,,0.9700015059484965,0.029998494051503455,0.970699142255364,0.3992209959347513,5,0.1,0.5,0.6031743435344412,0.5863259024597619,0.5977291869398271,1.0,0.6017504349486061,0.5987780923119845,0.5933362846905316,0.5968847495852031,0.604464597073208,0.5988693399881012,0.6034477198346546,0.5961213074369164
4,4,0.21970633148411467,0.93432,5000,1.3936763207117717,0.9399759903961584,833,1.3772670384793997,0.929,0.8027701240984284,0.08353545571540469,,,0.97,,0.9700015059484965,0.029998494051503455,0.9706487949673015,0.3992209959347513,5,0.1,0.5,0.610148894493146,0.6051665887156472,0.6095323179494606,0.6017504349486061,1.0,0.6127326917024816,0.6077453853321195,0.615542204944153,0.6111241831287721,0.6162734008275883,0.6044479084894291,0.596718106385783
4,5,0.2253533161500362,0.93372,5000,1.3672520672833477,0.9351740696278511,833,1.377351507592125,0.9288,0.798759620475126,0.08318086660662889,,,0.97,,0.9700015059484965,0.029998494051503455,0.9692745557113893,0.3992209959347513,5,0.1,0.5,0.6024901187691571,0.602537874171817,0.5913201484132801,0.5987780923119845,0.6127326917024816,1.0,0.607972666020057,0.6063891850833204,0.60427620229481,0.6163160171363065,0.6089660280783551,0.6024263050801367
4,6,0.2220782754088568,0.93356,5000,1.3563975713871144,0.9447779111644657,833,1.376129226562695,0.929,0.7974939902812598,0.08346865625564363,,,0.97,,0.9700015059484965,0.029998494051503455,0.9709641043491208,0.3992209959347513,5,0.1,0.5,0.6061436094414041,0.6080912099217703,0.5982824526190873,0.5933362846905316,0.6077453853321195,0.607972666020057,1.0,0.6039496749543387,0.6087945578561825,0.6083016008931077,0.5970944668683563,0.6001307758578405
4,7,0.23119692522439228,0.93012,5000,1.3671233742325395,0.9351740696278511,833,1.3762139687522912,0.929,0.7992134681754289,0.08344876350235755,,,0.97,,0.9700015059484965,0.029998494051503455,0.9707753903686102,0.3992209959347513,5,0.1,0.5,0.6078056139660446,0.5974913851949032,0.6070806576110264,0.5968847495852031,0.615542204944153,0.6063891850833204,0.6039496749543387,1.0,0.6106776650118227,0.6069063111633385,0.6022965065179112,0.601857030642628
4,8,0.23050922125127096,0.93064,5000,1.4001542506394562,0.9303721488595438,833,1.3780231022606262,0.9289,0.8025462546754248,0.08336337710204912,,,0.97,,0.9700015059484965,0.029998494051503455,0.9697234220878248,0.3992209959347513,5,0.1,0.5,0.613590678312916,0.6043258665812847,0.6091267922096407,0.604464597073208,0.6111241831287721,0.60427620229481,0.6087945578561825,0.6106776650118227,1.0,0.608995877664936,0.6051874778108267,0.6096807876145215
4,9,0.22433748769389975,0.933,5000,1.3690882523854573,0.9327731092436975,833,1.3759407490587081,0.9291,0.8033187879242282,0.08394144275001464,,,0.97,,0.9700015059484965,0.029998494051503455,0.9711375541353701,0.3992209959347513,5,0.1,0.5,0.6090762357192979,0.6020794197528224,0.6128956788758525,0.5988693399881012,0.6162734008275883,0.6163160171363065,0.6083016008931077,0.6069063111633385,0.608995877664936,1.0,0.6030040461030128,0.6110573990893873
4,10,0.22613487602775073,0.933,5000,1.370470029336435,0.9159663865546218,833,1.3774418910852255,0.9291,0.7981795850616766,0.08327553603368028,,,0.97,,0.9700015059484965,0.029998494051503455,0.9701844883820112,0.3992209959347513,5,0.1,0.5,0.6065053424121186,0.608723322354381,0.6027250383025308,0.6034477198346546,0.6044479084894291,0.6089660280783551,0.5970944668683563,0.6022965065179112,0.6051874778108267,0.6030040461030128,1.0,0.6056330128392167
4,11,0.22960857902861134,0.93064,5000,1.3783722056282892,0.9195678271308524,833,1.3776317770107867,0.929,0.7958735353364221,0.08322007189230582,,,0.97,,0.9700015059484965,0.029998494051503455,0.9703224984375998,0.3992209959347513,5,0.1,0.5,0.6035868370417007,0.5959853430348278,0.6024447818972906,0.5961213074369164,0.596718106385783,0.6024263050801367,0.6001307758578405,0.601857030642628,0.6096807876145215,0.6110573990893873,0.6056330128392167,1.0
5,0,0.22378933184667474,0.93332,5000,1.1095285879241095,0.9532374100719424,834,1.1359937131976168,0.941,0.7839336352335622,0.08315136430249749,,,0.97,,0.9700015059484965,0.029998494051503455,0.9698366040722121,0.3925863495192645,5,0.1,0.5,1.0,0.5730118665626808,0.5857374070372455,0.577166671562729,0.5885803970799818,0.577051857119761,0.5760615019941857,0.5833206994097275,0.5839010384279606,0.5794557447077568,0.5813903661170693,0.581608416084753
5,1,0.2196018020747004,0.9376,5000,1.1497929316979867,0.9256594724220624,834,1.1323825448465805,0.941,0.7755345382017846,0.08279544983009245,,,0.97,,0.9700015059484965,0.029998494051503455,0.9698366040722121,0.3925863495192645,5,0.1,0.5,0.5730118665626808,1.0,0.5811339188816248,0.565641791223605,0.5746334295789842,0.575434338676491,0.5707571516179955,0.5653083630276616,0.5758337731484866,0.5800358094165233,0.576975285134228,0.5698602679613367
5,2,0.20886240945951004,0.93568,5000,1.1484971289281491,0.934052757793765,834,1.1315281181670607,0.9409,0.7878548215982105,0.08337674289273658,,,0.97,,0.9700015059484965,0.029998494051503455,0.9698366040722121,0.3925863495192645,5,0.1,0.5,0.5857374070372455,0.5811339188816248,1.0,0.5809980963200263,0.587418443849093,0.5823714977593342,0.5739373339730426,0.5833639970049104,0.5912170983228686,0.5795496550744891,0.5854754708732516,0.5924464862545061
5,3,0.20902907310445218,0.93772,5000,1.1322144005033705,0.9364508393285371,834,1.1302989043366796,0.9411,0.7800224979232362,0.08302743232517795,,,0.97,,0.9700015059484965,0.029998494051503455,0.9698366040722121,0.3925863495192645,5,0.1,0.5,0.577166671562729,0.565641791223605,0.5809980963200263,1.0,0.5764879449424806,0.583508425791403,0.5677332298689132,0.5726692896886794,0.5801283363426357,0.5764031244090148,0.5829003687324855,0.5867642874180271
5,4,0.2006297495394091,0.94112,5000,1.1489647759331598,0.9459783913565426,833,1.1313061241905529,0.9409,0.7906141570499607,0.08365997029565145,,,0.97,,0.9700015059484965,0.029998494051503455,0.9698366040722121,0.3925863495192645,5,0.1,0.5,0.5885803970799818,0.5746334295789842,0.587418443849093,0.5764879449424806,1.0,0.5945841871974198,0.5849831029037402,0.5898427232256183,0.586191325362414,0.5921427223056218,0.5807148947863983,0.5925662886959557
5,5,0.20787765751800436,0.93916,5000,1.1187363774688155,0.9495798319327731,833,1.1314081416343347,0.9411,0.789077735751651,0.08336887185218891,,,0.97,,0.9700015059484965,0.029998494051503455,0.9698366040722121,0.3925863495192645,5,0.1,0.5,0.577051857119761,0.575434338676491,0.5823714977593342,0.583508425791403,0.5945841871974198,1.0,0.5884291748068983,0.5847116872416472,0.5859432008545937,0.58517909898612,0.584533805160067,0.5936888683685999
5,6,0.2100784173288685,0.9368,5000,1.1083515882492065,0.9495798319327731,833,1.1301420311958263,0.9412,0.7827100321408518,0.08333721684152547,,,0.97,,0.9700015059484965,0.029998494051503455,0.9698366040722121,0.3925863495192645,5,0.1,0.5,0.5760615019941857,0.5707571516179955,0.5739373339730426,0.5677332298689132,0.5849831029037402,0.5884291748068983,1.0,0.5805066221726933,0.5859454889953177,0.5803352949114035,0.5726656041517244,0.5926558907771788
5,7,0.2123521768434602,0.93532,5000,1.1201270266815468,0.9423769507803121,833,1.1302335490814794,0.9412,0.7832831464260777,0.08334408305899844,,,0.97,,0.9700015059484965,0.029998494051503455,0.9698366040722121,0.3925863495192645,5,0.1,0.5,0.5833206994097275,0.5653083630276616,0.5833639970049104,0.5726692896886794,0.5898427232256183,0.5847116872416472,0.5805066221726933,1.0,0.5786932769552064,0.5751013479758541,0.57446614123681,0.5915665854335015
5,8,0.21210945154878363,0.93656,5000,1.158179932170444,0.9471788715486195,833,1.1320470082112395,0.9411,0.7870268898835088,0.08341872235806458,,,0.97,,0.9700015059484965,0.029998494051503455,0.9698366040722121,0.3925863495192645,5,0.1,0.5,0.5839010384279606,0.5758337731484866,0.5912170983228686,0.5801283363426357,0.586191325362414,0.5859432008545937,0.5859454889953177,0.5786932769552064,1.0,0.5769022870693123,0.5754019523680928,0.5951560585525164
5,9,0.20400673133872782,0.94016,5000,1.1234808520034507,0.943577430972389,833,1.1299699512533485,0.9413,0.7846848721999178,0.08372275495896357,,,0.97,,0.9700015059484965,0.029998494051503455,0.9698366040722121,0.3925863495192645,5,0.1,0.5,0.5794557447077568,0.5800358094165233,0.5795496550744891,0.5764031244090148,0.5921427223056218,0.58517909898612,0.5803352949114035,0.5751013479758541,0.5769022870693123,1.0,0.57383590628355,0.5913481250148821
5,10,0.21558218597446324,0.93608,5000,1.124286013620871,0.9267707082833133,833,1.13148479758741,0.941,0.7833870369464265,0.08323193662894525,,,0.97,,0.9700015059484965,0.029998494051503455,0.9698366040722121,0.3925863495192645,5,0.1,0.5,0.5813903661170693,0.576975285134228,0.5854754708732516,0.5829003687324855,0.5807148947863983,0.584533805160067,0.5726656041517244,0.57446614123681,0.5754019523680928,0.57383590628355,1.0,0.59316319936482
5,11,0.2040647037629821,0.9366,5000,1.1333025384832311,0.9375750300120048,833,1.1317007507379062,0.941,0.7939201214776396,0.08356545465515784,,,0.97,,0.9700015059484965,0.029998494051503455,0.9698366040722121,0.3925863495192645,5,0.1,0.5,0.581608416084753,0.5698602679613367,0.5924464862545061,0.5867642874180271,0.5925662886959557,0.5936888683685999,0.5926558907771788,0.5915665854335015,0.5951560585525164,0.5913481250148821,0.59316319936482,1.0
6,0,0.20928123971435483,0.93664,5000,0.8728236136613069,0.9544364508393285,834,0.9015986582341666,0.9471,0.7720365989392844,0.08320181773283264,,,0.795970303911084,,0.7959841373425028,0.20401586265749716,0.9680537111067574,0.38594220416157005,5,0.1,0.5,1.0,0.5514885755120142,0.560427105419358,0.5607191454254606,0.5616916268414308,0.5601649291248916,0.5642572326857473,0.5580080634863569,0.5577486043018327,0.5615491108705631,0.5636385191362435,0.5561590080490216
6,1,0.20030482715695716,0.9412,5000,0.9176344253398754,0.9364508393285371,834,0.8993700815085024,0.9474,0.7657470688765217,0.08274009043025465,,,0.65,,0.650002509914161,0.349997490085839,0.9651987272621182,0.3847224728628571,5,0.1,0.5,0.5514885755120142,1.0,0.5577840782595742,0.5527611350239487,0.5547527389604567,0.554461308144197,0.5619991048444928,0.5514969992349077,0.5553368864238484,0.5578728546174548,0.557338045004179,0.5442347509255528
6,2,0.18995435868692437,0.9408,5000,0.9179863179171527,0.9412470023980816,834,0.8973257848249075,0.9474,0.7706144039752948,0.08330299371240914,,,0.8279560418235365,,0.8279704834094674,0.17202951659053256,0.9682272800543505,0.3860324464976593,5,0.1,0.5,0.560427105419358,0.5577840782595742,1.0,0.5596886097668325,0.5584933163158843,0.5514234890691637,0.5567787857339273,0.5623409712129094,0.5586930099365136,0.562753163999066,0.5559174625171893,0.5572166896513571
6,3,0.1918670681880633,0.94436,5000,0.8968211279975044,0.947242206235012,834,0.8962036734952713,0.9479,0.7725816025993723,0.08313779721614195,,,0.7757308807153851,,0.7757492093770393,0.22425079062296072,0.9678924200530222,0.3858625163743663,5,0.1,0.5,0.5607191454254606,0.5527611350239487,0.5596886097668325,1.0,0.5612557350943492,0.5637548136466376,0.5590989143038105,0.5596691686160098,0.5594595004215853,0.5614611787222196,0.5646036698696807,0.5590847169339536
6,4,0.18476953586077044,0.94376,5000,0.9151928204077261,0.9519807923169268,833,0.8971302153203434,0.9475,0.7726687208422225,0.08356603859712197,,,0.911114957376951,,0.9111339792179107,0.08886602078208927,0.9684557213729227,0.3861375200423018,5,0.1,0.5,0.5616916268414308,0.5547527389604567,0.5584933163158843,0.5612557350943492,1.0,0.567943607006171,0.562909024063858,0.5629649260963665,0.5519098563205397,0.5680064928901493,0.5601691332955778,0.5489504273576108
6,5,0.19013022179567035,0.94396,5000,0.8828762791774891,0.9555822328931572,833,0.8972456590436138,0.9475,0.775464586557395,0.08346928441879706,,,0.8805271261269901,,0.8805481652527484,0.11945183474725163,0.9684159837668409,0.3861145456426958,5,0.1,0.5,0.5601649291248916,0.554461308144197,0.5514234890691637,0.5637548136466376,0.567943607006171,1.0,0.5734932118437523,0.5614955731934972,0.5589131380830903,0.5691675678025603,0.5667102590964096,0.5589141735746623
6,6,0.19066414116247066,0.9432,5000,0.8733151091469659,0.9555822328931572,833,0.896047401732911,0.9479,0.7750333609439247,0.08343275240994834,,,0.8689779099460188,,0.8689875006274785,0.13101249937252146,0.9683929167633368,0.38610186515412265,5,0.1,0.5,0.5642572326857473,0.5619991048444928,0.5567787857339273,0.5590989143038105,0.562909024063858,0.5734932118437523,1.0,0.5685567411369292,0.5592304416769562,0.5606747138381163,0.5558567330528519,0.5598328880165682
6,7,0.1953889214356614,0.94016,5000,0.8850120548848752,0.9411764705882353,833,0.8961242389755127,0.9478,0.7737715637362127,0.08339272988923611,,,0.8563252045958424,,0.8563425530846845,0.14365744691531546,0.9683374665260948,0.38608502736723255,5,0.1,0.5,0.5580080634863569,0.5514969992349077,0.5623409712129094,0.5596691686160098,0.5629649260963665,0.5614955731934972,0.5685567411369292,1.0,0.5619765748738564,0.5683989094585938,0.5564926558890461,0.5594434358000772
6,8,0.20776879795571895,0.93868,5000,0.9249249939565305,0.9567827130852341,833,0.8978201347037246,0.9475,0.7706218521953737,0.08333147363821097,,,0.8369596753566801,,0.8369760554189046,0.16302394458109537,0.9682722268395798,0.38605148072038026,5,0.1,0.5,0.5577486043018327,0.5553368864238484,0.5586930099365136,0.5594595004215853,0.5519098563205397,0.5589131380830903,0.5592304416769562,0.5619765748738564,1.0,0.5607515544407801,0.5556265353825539,0.5617138431652137
6,9,0.19351814239090132,0.94132,5000,0.8896047782014918,0.9483793517406963,833,0.895854188420902,0.948,0.7767410063218065,0.08375230135754701,,,0.9699999996838603,,0.9700015059484965,0.029998494051503455,0.9684956195533777,0.38615029500812315,5,0.1,0.5,0.5615491108705631,0.5578728546174548,0.562753163999066,0.5614611787222196,0.5680064928901493,0.5691675678025603,0.5606747138381163,0.5683989094585938,0.5607515544407801,1.0,0.5606551042216882,0.5651348345721634
6,10,0.19504693223335512,0.94276,5000,0.8925244394275877,0.9351740696278511,833,0.8972609785799021,0.9475,0.772460665686756,0.08327097618969187,,,0.8178340336697514,,0.8178505095125747,0.18214949048742535,0.9681715003836535,0.38600830060509567,5,0.1,0.5,0.5636385191362435,0.557338045004179,0.5559174625171893,0.5646036698696807,0.5601691332955778,0.5667102590964096,0.5558567330528519,0.5564926558890461,0.5556265353825539,0.5606551042216882,1.0,0.5623990945270411
6,11,0.19751291005178148,0.93796,5000,0.9006295800209045,0.9471788715486195,833,0.8975288532793332,0.9473,0.7698203218695918,0.08340174440780825,,,0.8591750512655958,,0.8591887957431856,0.14081120425681437,0.9683518155912515,0.38608926547824635,5,0.1,0.5,0.5561590080490216,0.5442347509255528,0.5572166896513571,0.5590847169339536,0.5489504273576108,0.5589141735746623,0.5598328880165682,0.5594434358000772,0.5617138431652137,0.5651348345721634,0.5623990945270411,1.0
7,0,0.1946988834757773,0.9414,5000,0.6683456853584007,0.9532374100719424,834,0.6978077143906786,0.9524,0.7583379806188703,0.0833040110894482,,,0.97,,0.9700015059484965,0.029998494051503455,0.964820652568884,0.37833272332393847,5,0.1,0.5,1.0,0.5343747861714381,0.5376695463013361,0.5344160847216443,0.5360096280986061,0.5356662742202679,0.5391335281150283,0.5247849585337871,0.5361733391557126,0.5356288314633207,0.5351930654488063,0.5373786185057857
