round,client_id,client_i_training_loss,client_i_training_accuracy,client_i_training_dataset_size,client_i_evaluation_loss,client_i_evaluation_accuracy,client_i_evaluation_dataset_size,client_i_central_evaluation_loss,client_i_central_evaluation_accuracy,client_i_cosine_similarity,client_i_importance_coefficient,client_i_tanh_val,tanh_normalization_value,client_i_q,client_i_mask_order,client_i_v_nonzero_fraction,client_i_v_sparsity,client_i_v_cosine_similarity,client_i_reward_gradient_norm,local_epochs,learning_rate,gamma,client_0_cosine_similarity,client_1_cosine_similarity,client_2_cosine_similarity,client_3_cosine_similarity,client_4_cosine_similarity,client_5_cosine_similarity,client_6_cosine_similarity,client_7_cosine_similarity,client_8_cosine_similarity,client_9_cosine_similarity,client_10_cosine_similarity,client_11_cosine_similarity
0,0,2.1722360012637583,0.36268,5000,2.263481678786101,0.19544364508393286,834,2.259106091417063,0.2236,0.9928937163518714,0.08306263089264951,,,0.97,,0.9700176878243976,0.029982312175602432,0,0.09961295578173386,5,0.001,0.1,1.0,0.9896872656171806,0.9868759542514434,0.9896445598488216,0.9908525413044192,0.9929297809303997,0.9869555953375763,0.9871844102099598,0.9863760722471685,0.9875604407302664,0.9874006597347843,0.9831422421974982
0,1,2.171912553204093,0.378,5000,2.2571603368829796,0.24100719424460432,834,2.259106091417063,0.2236,0.9968657036530866,0.08339491591941285,,,0.97,,0.9700176878243976,0.029982312175602432,0,0.09961295578173386,5,0.001,0.1,0.9896872656171806,1.0,0.9907891057500914,0.9906644073423818,0.9935441347713632,0.99431376278983,0.9912669255595318,0.993915843980941,0.992234320096348,0.9944912126788292,0.9931781743006746,0.9920037374422368
0,2,2.177491190934637,0.37772,5000,2.2575572861565485,0.2434052757793765,834,2.259106091417063,0.2236,0.9965101974421761,0.08336517529290813,,,0.97,,0.9700176878243976,0.029982312175602432,0,0.09961295578173386,5,0.001,0.1,0.9868759542514434,0.9907891057500914,1.0,0.9935180543479276,0.9924798930340707,0.9902153870549607,0.9936277233994251,0.9925265416607452,0.9935132635843376,0.9937754512040765,0.9934128803599908,0.9911050734587028
0,3,2.171496079378067,0.37024,5000,2.2592724252630165,0.21942446043165467,834,2.259106091417063,0.2236,0.9963855629005764,0.0833547487258397,,,0.97,,0.9700176878243976,0.029982312175602432,0,0.09961295578173386,5,0.001,0.1,0.9896445598488216,0.9906644073423818,0.9935180543479276,1.0,0.9933676447337623,0.9931280425358463,0.9925559824825783,0.9911876615512024,0.9937461419928051,0.9914474461310905,0.9897101687315342,0.9913793924917504
0,4,2.1749091979045017,0.42288,5000,2.2568937760812267,0.2148859543817527,833,2.259106091417063,0.2236,0.9972949539466399,0.0834308257636457,,,0.97,,0.9700176878243976,0.029982312175602432,0,0.09961295578173386,5,0.001,0.1,0.9908525413044192,0.9935441347713632,0.9924798930340707,0.9933676447337623,1.0,0.9951977728391812,0.99366356187509,0.9952475269886574,0.9928624373209824,0.9920231669568697,0.9926723345815457,0.989308942897544
0,5,2.1660181792678346,0.38164,5000,2.2619235162381774,0.20528211284513806,833,2.259106091417063,0.2236,0.9967240718248118,0.08338306740825713,,,0.97,,0.9700176878243976,0.029982312175602432,0,0.09961295578173386,5,0.001,0.1,0.9929297809303997,0.99431376278983,0.9902153870549607,0.9931280425358463,0.9951977728391812,1.0,0.9926172933986742,0.9939836315011388,0.9911863081276111,0.9916564302070814,0.9901593474083884,0.9890081297474811
0,6,2.176025780143252,0.36044,5000,2.2571039729648166,0.23529411764705882,833,2.259106091417063,0.2236,0.9965382322558928,0.08336752060474317,,,0.97,,0.9700176878243976,0.029982312175602432,0,0.09961295578173386,5,0.001,0.1,0.9869555953375763,0.9912669255595318,0.9936277233994251,0.9925559824825783,0.99366356187509,0.9926172933986742,1.0,0.9956637329830275,0.993324081643245,0.9920423703262993,0.9901684857402072,0.9902886905170248
0,7,2.171480772601571,0.41156,5000,2.255763124536585,0.2424969987995198,833,2.259106091417063,0.2236,0.9970203791754334,0.0834078556284766,,,0.97,,0.9700176878243976,0.029982312175602432,0,0.09961295578173386,5,0.001,0.1,0.9871844102099598,0.993915843980941,0.9925265416607452,0.9911876615512024,0.9952475269886574,0.9939836315011388,0.9956637329830275,1.0,0.9931348828530695,0.9933510313794529,0.9924348587762489,0.9893076913149883
0,8,2.1727196719236437,0.36936,5000,2.2636839195534035,0.19687875150060025,833,2.259106091417063,0.2236,0.9964506621640378,0.08336019474287377,,,0.97,,0.9700176878243976,0.029982312175602432,0,0.09961295578173386,5,0.001,0.1,0.9863760722471685,0.992234320096348,0.9935132635843376,0.9937461419928051,0.9928624373209824,0.9911863081276111,0.993324081643245,0.9931348828530695,1.0,0.99359421773989,0.9908440642507657,0.9903118796720372
0,9,2.170265437842934,0.40112,5000,2.252191737846092,0.25690276110444177,833,2.259106091417063,0.2236,0.9965844701297638,0.0833713887322047,,,0.97,,0.9700176878243976,0.029982312175602432,0,0.09961295578173386,5,0.001,0.1,0.9875604407302664,0.9944912126788292,0.9937754512040765,0.9914474461310905,0.9920231669568697,0.9916564302070814,0.9920423703262993,0.9933510313794529,0.99359421773989,1.0,0.9912357938375241,0.991549588732744
0,10,2.171520339607433,0.40672,5000,2.2591153074193886,0.22929171668667467,833,2.259106091417063,0.2236,0.9957211730137882,0.08329916777993758,,,0.97,,0.9700176878243976,0.029982312175602432,0,0.09961295578173386,5,0.001,0.1,0.9874006597347843,0.9931781743006746,0.9934128803599908,0.9897101687315342,0.9926723345815457,0.9901593474083884,0.9901684857402072,0.9924348587762489,0.9908440642507657,0.9912357938375241,1.0,0.9911909130517963
0,11,2.1677648123662183,0.32928,5000,2.2581243250105114,0.2028811524609844,833,2.259106091417063,0.2236,0.9945657511151702,0.08320250850905125,,,0.97,,0.9700176878243976,0.029982312175602432,0,0.09961295578173386,5,0.001,0.1,0.9831422421974982,0.9920037374422368,0.9911050734587028,0.9913793924917504,0.989308942897544,0.9890081297474811,0.9902886905170248,0.9893076913149883,0.9903118796720372,0.991549588732744,0.9911909130517963,1.0
1,0,1.9908218655616614,0.4926,5000,2.203963624106513,0.37050359712230213,834,2.198962868973851,0.3709,0.9976314136647794,0.08314724228486856,,,0.97,,0.9700176878243976,0.029982312175602432,0.9674561938438269,0.09982522932380286,5,0.001,0.1,1.0,0.9962835749071915,0.9956830370254807,0.9958738330151026,0.9956582189470617,0.9968174917525663,0.9950874891611144,0.9950761719398575,0.9947678304100509,0.9957635051758185,0.9952656587955062,0.9944007730790904
1,1,1.9860738956244888,0.51212,5000,2.1965927282969155,0.3980815347721823,834,2.198962868973851,0.3709,0.9988348900199894,0.08338988675892631,,,0.97,,0.9700176878243976,0.029982312175602432,0.9674561938438269,0.09982522932380286,5,0.001,0.1,0.9962835749071915,1.0,0.9965940237297968,0.9958108927367819,0.9968747301962092,0.9972072729961259,0.9966509087483648,0.997418438611243,0.9969016183070484,0.9970930578604729,0.9972273984376098,0.9970162308399559
1,2,1.9941497608354897,0.51248,5000,2.195048791390878,0.37170263788968827,834,2.198962868973851,0.3709,0.9984384131150628,0.08335884806512128,,,0.97,,0.9700176878243976,0.029982312175602432,0.9674561938438269,0.09982522932380286,5,0.001,0.1,0.9956830370254807,0.9965940237297968,1.0,0.9967593712296421,0.9961754189857549,0.9959538614058906,0.9967200472731268,0.9958447826614523,0.9968580233252632,0.9974028402817261,0.9966150967620677,0.9957217875382038
1,3,1.9825581331921232,0.49972,5000,2.2000508308410645,0.35731414868105515,834,2.198962868973851,0.3709,0.9980842251608554,0.0833410201142788,,,0.97,,0.9700176878243976,0.029982312175602432,0.9674561938438269,0.09982522932380286,5,0.001,0.1,0.9958738330151026,0.9958108927367819,0.9967593712296421,1.0,0.9958662265585543,0.9970056816689566,0.9960516978985497,0.9951243731329198,0.9964065061950099,0.9966150647189549,0.9949120456251606,0.9956617345207431
1,4,1.9894225685459792,0.53388,5000,2.194862754256637,0.3457382953181273,833,2.198962868973851,0.3709,0.9983014806985526,0.08339469251594366,,,0.97,,0.9700176878243976,0.029982312175602432,0.9674561938438269,0.09982522932380286,5,0.001,0.1,0.9956582189470617,0.9968747301962092,0.9961754189857549,0.9958662265585543,1.0,0.9968929071617464,0.9965830309252243,0.9965575670255952,0.9961748689216947,0.9964816360346266,0.9962169425073153,0.9952018725652445
1,5,1.9720352391528475,0.52552,5000,2.2022336059146457,0.3469387755102041,833,2.198962868973851,0.3709,0.9985350513575731,0.08337294109358338,,,0.97,,0.9700176878243976,0.029982312175602432,0.9674561938438269,0.09982522932380286,5,0.001,0.1,0.9968174917525663,0.9972072729961259,0.9959538614058906,0.9970056816689566,0.9968929071617464,1.0,0.99665136392525,0.9969719336713317,0.9957521972029197,0.9966142480269523,0.995451276030357,0.9961691118864221
1,6,1.99169500314506,0.49132,5000,2.1964106029934354,0.39015606242497,833,2.198962868973851,0.3709,0.9982564600594552,0.0833544130616773,,,0.97,,0.9700176878243976,0.029982312175602432,0.9674561938438269,0.09982522932380286,5,0.001,0.1,0.9950874891611144,0.9966509087483648,0.9967200472731268,0.9960516978985497,0.9965830309252243,0.99665136392525,1.0,0.9968422952741074,0.9961273451205671,0.9960461326445724,0.9951423487663692,0.9962434051939402
1,7,1.9801430601982555,0.5212,5000,2.1934816395794905,0.38535414165666265,833,2.198962868973851,0.3709,0.9982471651802499,0.0833788512196331,,,0.97,,0.9700176878243976,0.029982312175602432,0.9674561938438269,0.09982522932380286,5,0.001,0.1,0.9950761719398575,0.997418438611243,0.9958447826614523,0.9951243731329198,0.9965575670255952,0.9969719336713317,0.9968422952741074,1.0,0.9956225004076414,0.9958128733037686,0.9966790067003032,0.9960837066842078
1,8,1.9861780227369563,0.49604,5000,2.206888366628576,0.3385354141656663,833,2.198962868973851,0.3709,0.9982410897278736,0.08334942382612506,,,0.97,,0.9700176878243976,0.029982312175602432,0.9674561938438269,0.09982522932380286,5,0.001,0.1,0.9947678304100509,0.9969016183070484,0.9968580233252632,0.9964065061950099,0.9961748689216947,0.9957521972029197,0.9961273451205671,0.9956225004076414,1.0,0.9970659068441818,0.9960821549300298,0.996203927102702
1,9,1.9828909342456016,0.51912,5000,2.1925997645766646,0.4009603841536615,833,2.198962868973851,0.3709,0.9984736964932843,0.08336379782293608,,,0.97,,0.9700176878243976,0.029982312175602432,0.9674561938438269,0.09982522932380286,5,0.001,0.1,0.9957635051758185,0.9970930578604729,0.9974028402817261,0.9966150647189549,0.9964816360346266,0.9966142480269523,0.9960461326445724,0.9958128733037686,0.9970659068441818,1.0,0.9961273134694617,0.9957274033084098
1,10,1.9851935306172461,0.51428,5000,2.199221540380407,0.3697478991596639,833,2.198962868973851,0.3709,0.9980499350972518,0.08330582444064395,,,0.97,,0.9700176878243976,0.029982312175602432,0.9674561938438269,0.09982522932380286,5,0.001,0.1,0.9952656587955062,0.9972273984376098,0.9966150967620677,0.9949120456251606,0.9962169425073153,0.995451276030357,0.9951423487663692,0.9966790067003032,0.9960821549300298,0.9961273134694617,1.0,0.9959581437071491
1,11,1.9781892609444394,0.48052,5000,2.195948291707922,0.375750300120048,833,2.198962868973851,0.3709,0.9979420420958581,0.08324305879626262,,,0.97,,0.9700176878243976,0.029982312175602432,0.9674561938438269,0.09982522932380286,5,0.001,0.1,0.9944007730790904,0.9970162308399559,0.9957217875382038,0.9956617345207431,0.9952018725652445,0.9961691118864221,0.9962434051939402,0.9960837066842078,0.996203927102702,0.9957274033084098,0.9959581437071491,1.0
2,0,1.7820283479751295,0.56156,5000,2.1277154286702475,0.5167865707434053,834,2.1220486811555612,0.5054,0.9985354815213867,0.08321261282994505,,,0.97,,0.9700176878243976,0.029982312175602432,0.9909094808698481,0.09987385364633056,5,0.001,0.1,1.0,0.9974784971054951,0.9969902607051981,0.9971054413719899,0.9968853140903543,0.9977709671703554,0.9968152036378637,0.9970161971877552,0.9968042050164915,0.9973513129236713,0.9966707785423139,0.9964492600887364
2,1,1.7714320580670788,0.5808,5000,2.1196662849850125,0.5179856115107914,834,2.1220486811555612,0.5054,0.9991309607066999,0.0833806213445368,,,0.97,,0.9700176878243976,0.029982312175602432,0.9909094808698481,0.09987385364633056,5,0.001,0.1,0.9974784971054951,1.0,0.9975554562889564,0.9970693708754856,0.9976786513352628,0.9978904263310807,0.9975712752954662,0.9980790894724215,0.9977870396306167,0.9980935499095888,0.9976758271011712,0.9975871821471303
2,2,1.7807211437043111,0.5834,5000,2.114855722144798,0.513189448441247,834,2.1220486811555612,0.5054,0.9987946797646001,0.08335073528300199,,,0.97,,0.9700176878243976,0.029982312175602432,0.9909094808698481,0.09987385364633056,5,0.001,0.1,0.9969902607051981,0.9975554562889564,1.0,0.9973260872223151,0.997076929530838,0.9969104018337539,0.9973104789409463,0.997300144521463,0.9975916419510646,0.9977434887768933,0.997480876853532,0.997151136821449
2,3,1.7685059055401262,0.5762,5000,2.12409774462382,0.48081534772182255,834,2.1220486811555612,0.5054,0.9985324407052452,0.0833313396918519,,,0.97,,0.9700176878243976,0.029982312175602432,0.9909094808698481,0.09987385364633056,5,0.001,0.1,0.9971054413719899,0.9970693708754856,0.9973260872223151,1.0,0.9967690105923737,0.9978172126342191,0.996846094577246,0.9969665847195578,0.996899056242276,0.9974292259626095,0.9960312978229108,0.9970355163201677
2,4,1.778841289896874,0.58332,5000,2.1155570259800665,0.4957983193277311,833,2.1220486811555612,0.5054,0.9986548542494841,0.08336820247976154,,,0.97,,0.9700176878243976,0.029982312175602432,0.9909094808698481,0.09987385364633056,5,0.001,0.1,0.9968853140903543,0.9976786513352628,0.997076929530838,0.9967690105923737,1.0,0.997372354011778,0.9969415227987054,0.9978117502879988,0.9969033783602057,0.997457937516001,0.9970388365405216,0.9968232319187278
2,5,1.7536408990052095,0.59476,5000,2.126127737539786,0.4789915966386555,833,2.1220486811555612,0.5054,0.9988924073761919,0.08336253120137391,,,0.97,,0.9700176878243976,0.029982312175602432,0.9909094808698481,0.09987385364633056,5,0.001,0.1,0.9977709671703554,0.9978904263310807,0.9969104018337539,0.9978172126342191,0.997372354011778,1.0,0.9973055678625504,0.9978042592222995,0.9969812265241706,0.9977404324022572,0.9967451281928579,0.9972706435625468
2,6,1.7771577566292636,0.5646,5000,2.118785919966521,0.5342136854741897,833,2.1220486811555612,0.5054,0.998576830461501,0.08334098490353156,,,0.97,,0.9700176878243976,0.029982312175602432,0.9909094808698481,0.09987385364633056,5,0.001,0.1,0.9968152036378637,0.9975712752954662,0.9973104789409463,0.996846094577246,0.9969415227987054,0.9973055678625504,1.0,0.9974559123747574,0.9966685056711025,0.9970864427928987,0.9965732568403189,0.9972515841411076
2,7,1.7632468378467925,0.57776,5000,2.113285749046891,0.5102040816326531,833,2.1220486811555612,0.5054,0.9989168358365127,0.08336694370325796,,,0.97,,0.9700176878243976,0.029982312175602432,0.9909094808698481,0.09987385364633056,5,0.001,0.1,0.9970161971877552,0.9980790894724215,0.997300144521463,0.9969665847195578,0.9978117502879988,0.9978042592222995,0.9974559123747574,1.0,0.9972351792339471,0.9974761758869637,0.9975347033666512,0.9972192762813124
2,8,1.7735476481686732,0.57292,5000,2.1340117189619274,0.48259303721488594,833,2.1220486811555612,0.5054,0.998665174036388,0.0833407766761655,,,0.97,,0.9700176878243976,0.029982312175602432,0.9909094808698481,0.09987385364633056,5,0.001,0.1,0.9968042050164915,0.9977870396306167,0.9975916419510646,0.996899056242276,0.9969033783602057,0.9969812265241706,0.9966685056711025,0.9972351792339471,1.0,0.9976062290193396,0.9971276265781105,0.9972808093310991
2,9,1.7695138521255203,0.5848,5000,2.1162510536335133,0.5162064825930373,833,2.1220486811555612,0.5054,0.9990096825424586,0.08336070944281626,,,0.97,,0.9700176878243976,0.029982312175602432,0.9909094808698481,0.09987385364633056,5,0.001,0.1,0.9973513129236713,0.9980935499095888,0.9977434887768933,0.9974292259626095,0.997457937516001,0.9977404324022572,0.9970864427928987,0.9974761758869637,0.9976062290193396,1.0,0.9974963987028321,0.9975324914069723
2,10,1.77284981065495,0.57936,5000,2.122563459255077,0.4969987995198079,833,2.1220486811555612,0.5054,0.9985358078213437,0.08330986629529925,,,0.97,,0.9700176878243976,0.029982312175602432,0.9909094808698481,0.09987385364633056,5,0.001,0.1,0.9966707785423139,0.9976758271011712,0.997480876853532,0.9960312978229108,0.9970388365405216,0.9967451281928579,0.9965732568403189,0.9975347033666512,0.9971276265781105,0.9974963987028321,1.0,0.9969606881193034
2,11,1.7618483362683826,0.57072,5000,2.1162347705275923,0.5210084033613446,833,2.1220486811555612,0.5054,0.9986379924767756,0.08327467614845821,,,0.97,,0.9700176878243976,0.029982312175602432,0.9909094808698481,0.09987385364633056,5,0.001,0.1,0.9964492600887364,0.9975871821471303,0.997151136821449,0.9970355163201677,0.9968232319187278,0.9972706435625468,0.9972515841411076,0.9972192762813124,0.9972808093310991,0.9975324914069723,0.9969606881193034,1.0
3,0,1.5977775881244878,0.59628,5000,2.0335294758832014,0.592326139088729,834,2.0271692546411826,0.5906,0.9986450691408147,0.08325639340178972,,,0.97,,0.9700176878243976,0.029982312175602432,0.9959206261606711,0.09987343952673791,5,0.001,0.1,1.0,0.9975011489325395,0.9967979958654258,0.9970613116234602,0.9971094670326628,0.9976961121762377,0.9971272282616203,0.9973139731999522,0.9970153429528352,0.9972067672561534,0.9971374198724003,0.9966227416429377
3,1,1.586228890327891,0.61988,5000,2.0247175472754018,0.6067146282973621,834,2.0271692546411826,0.5906,0.9990547553144998,0.08337263895244762,,,0.97,,0.9700176878243976,0.029982312175602432,0.9959206261606711,0.09987343952673791,5,0.001,0.1,0.9975011489325395,1.0,0.9975152156132433,0.9968447620276999,0.9977231600663463,0.9976770378870894,0.9977898081518619,0.9978408539884992,0.9976039701161713,0.9978235633280116,0.997727191941834,0.9974475885453717
3,2,1.5943476053559855,0.6174,5000,2.015620050606904,0.6163069544364509,834,2.0271692546411826,0.5906,0.9986780338689992,0.08334215446079364,,,0.97,,0.9700176878243976,0.029982312175602432,0.9959206261606711,0.09987343952673791,5,0.001,0.1,0.9967979958654258,0.9975152156132433,1.0,0.9970715176194127,0.9970425020928332,0.9966545324925982,0.9972100342404049,0.9972458107959206,0.9973859167176465,0.9974214603434889,0.9979061131154646,0.9967287710155269
3,3,1.5829033101440235,0.61692,5000,2.0304969725785433,0.564748201438849,834,2.0271692546411826,0.5906,0.9983848292518526,0.08332079817215471,,,0.97,,0.9700176878243976,0.029982312175602432,0.9959206261606711,0.09987343952673791,5,0.001,0.1,0.9970613116234602,0.9968447620276999,0.9970715176194127,1.0,0.9965961399424734,0.9974403858303726,0.9965550543123802,0.9968231238501186,0.996438379333432,0.9971514131340652,0.9968031694806861,0.9966820229260468
3,4,1.594135285486841,0.61092,5000,2.0177972007680824,0.5738295318127251,833,2.0271692546411826,0.5906,0.9987804589222057,0.08335617105772068,,,0.97,,0.9700176878243976,0.029982312175602432,0.9959206261606711,0.09987343952673791,5,0.001,0.1,0.9971094670326628,0.9977231600663463,0.9970425020928332,0.9965961399424734,1.0,0.9973074603842637,0.997407000165947,0.9979516099478001,0.9970941267555103,0.9973851024774044,0.9975426604622515,0.9970475177689274
3,5,1.5652701193360006,0.6224,5000,2.0320408167662443,0.581032412965186,833,2.0271692546411826,0.5906,0.9988041351604079,0.08335345753413811,,,0.97,,0.9700176878243976,0.029982312175602432,0.9959206261606711,0.09987343952673791,5,0.001,0.1,0.9976961121762377,0.9976770378870894,0.9966545324925982,0.9974403858303726,0.9973074603842637,1.0,0.9973137497219647,0.9975640346311039,0.9969539380108905,0.9976133729563471,0.9970802223988493,0.9971908898203544
3,6,1.5908732235052023,0.60748,5000,2.0236129186771534,0.6014405762304922,833,2.0271692546411826,0.5906,0.9987152863033263,0.08333737777480486,,,0.97,,0.9700176878243976,0.029982312175602432,0.9959206261606711,0.09987343952673791,5,0.001,0.1,0.9971272282616203,0.9977898081518619,0.9972100342404049,0.9965550543123802,0.997407000165947,0.9973137497219647,1.0,0.9975774684200737,0.9969461633561634,0.9970456354903694,0.9971438216834271,0.9973108461739425
3,7,1.57595913964472,0.61996,5000,2.0141670306523642,0.5918367346938775,833,2.0271692546411826,0.5906,0.998901149260533,0.08335929431522704,,,0.97,,0.9700176878243976,0.029982312175602432,0.9959206261606711,0.09987343952673791,5,0.001,0.1,0.9973139731999522,0.9978408539884992,0.9972458107959206,0.9968231238501186,0.9979516099478001,0.9975640346311039,0.9975774684200737,1.0,0.9972120627702495,0.9971147005417337,0.9977147785307177,0.9972952018926067
3,8,1.5862315190066199,0.6112,5000,2.04378667584172,0.5798319327731093,833,2.0271692546411826,0.5906,0.998614815563036,0.08333400751007208,,,0.97,,0.9700176878243976,0.029982312175602432,0.9959206261606711,0.09987343952673791,5,0.001,0.1,0.9970153429528352,0.9976039701161713,0.9973859167176465,0.996438379333432,0.9970941267555103,0.9969539380108905,0.9969461633561634,0.9972120627702495,1.0,0.9973778540207486,0.9972917680974763,0.9969031248811273
3,9,1.5812326952909967,0.62544,5000,2.022555942888613,0.5846338535414166,833,2.0271692546411826,0.5906,0.9988442092374651,0.08335363377087993,,,0.97,,0.9700176878243976,0.029982312175602432,0.9959206261606711,0.09987343952673791,5,0.001,0.1,0.9972067672561534,0.9978235633280116,0.9974214603434889,0.9971514131340652,0.9973851024774044,0.9976133729563471,0.9970456354903694,0.9971147005417337,0.9973778540207486,1.0,0.9976371333381255,0.9971944016678718
3,10,1.5881875505113299,0.61812,5000,2.027738103160152,0.5714285714285714,833,2.0271692546411826,0.5906,0.9988493566400141,0.08332262270578121,,,0.97,,0.9700176878243976,0.029982312175602432,0.9959206261606711,0.09987343952673791,5,0.001,0.1,0.9971374198724003,0.997727191941834,0.9979061131154646,0.9968031694806861,0.9975426604622515,0.9970802223988493,0.9971438216834271,0.9977147785307177,0.9972917680974763,0.9976371333381255,1.0,0.9970498784151048
3,11,1.574916904519318,0.61848,5000,2.018321717226947,0.6230492196878752,833,2.0271692546411826,0.5906,0.9985520992862683,0.08329145034419043,,,0.97,,0.9700176878243976,0.029982312175602432,0.9959206261606711,0.09987343952673791,5,0.001,0.1,0.9966227416429377,0.9974475885453717,0.9967287710155269,0.9966820229260468,0.9970475177689274,0.9971908898203544,0.9973108461739425,0.9972952018926067,0.9969031248811273,0.9971944016678718,0.9970498784151048,1.0
4,0,1.446958151820359,0.62048,5000,1.9220084261011194,0.6378896882494005,834,1.9152934802606845,0.6366,0.9980043680687396,0.08326625095617857,,,0.97,,0.9700176878243976,0.029982312175602432,0.9972831751785722,0.09986208294931767,5,0.001,0.1,1.0,0.9964966074526768,0.9958429182306369,0.9963139631858692,0.9962810420838162,0.9966791636859371,0.9966145997720449,0.9964893508381676,0.9963409362012189,0.9964251981852872,0.9960338540120942,0.9960230971587057
4,1,1.4349445449318856,0.63664,5000,1.9130100585796215,0.6498800959232613,834,1.9152934802606845,0.6366,0.9989057049142892,0.08336662719458895,,,0.97,,0.9700176878243976,0.029982312175602432,0.9972831751785722,0.09986208294931767,5,0.001,0.1,0.9964966074526768,1.0,0.9974542458449486,0.9967606198091146,0.9975244348149007,0.9974351942359236,0.9975104587972984,0.9975131481125682,0.9970610353549646,0.9976623762083174,0.9975872718572489,0.9973311387044578
4,2,1.443033078217962,0.63816,5000,1.8985008310388636,0.6462829736211031,834,1.9152934802606845,0.6366,0.9986373569798266,0.08333927216354417,,,0.97,,0.9700176878243976,0.029982312175602432,0.9972831751785722,0.09986208294931767,5,0.001,0.1,0.9958429182306369,0.9974542458449486,1.0,0.9968449239014231,0.9968851892466613,0.996688086908761,0.9972210578942571,0.9972375596721644,0.9973121194271752,0.9970246263077965,0.9976482865856454,0.9969625545417778
4,3,1.432490240996051,0.62976,5000,1.9199554522832234,0.6199040767386091,834,1.9152934802606845,0.6366,0.9984455652291967,0.08331998569909017,,,0.97,,0.9700176878243976,0.029982312175602432,0.9972831751785722,0.09986208294931767,5,0.001,0.1,0.9963139631858692,0.9967606198091146,0.9968449239014231,1.0,0.9966424080171405,0.9974125181410832,0.9968752236139627,0.9970579208877453,0.9966024785542343,0.9969054310311337,0.9966174642758135,0.9967916419221365
4,4,1.4460107810937675,0.62692,5000,1.9028597584477178,0.6230492196878752,833,1.9152934802606845,0.6366,0.9986461523077704,0.0833481514412493,,,0.97,,0.9700176878243976,0.029982312175602432,0.9972831751785722,0.09986208294931767,5,0.001,0.1,0.9962810420838162,0.9975244348149007,0.9968851892466613,0.9966424080171405,1.0,0.9970595065262623,0.997204745759893,0.9976462196882492,0.9969279991592427,0.9971937145095723,0.9971533771727734,0.9967077015457179
4,5,1.4157406740127856,0.64072,5000,1.9206098273948387,0.6386554621848739,833,1.9152934802606845,0.6366,0.9987283460422853,0.0833491402525349,,,0.97,,0.9700176878243976,0.029982312175602432,0.9972831751785722,0.09986208294931767,5,0.001,0.1,0.9966791636859371,0.9974351942359236,0.996688086908761,0.9974125181410832,0.9970595065262623,1.0,0.9970966215112935,0.9972726362545291,0.9966203888963653,0.9976073620595298,0.9969577898978643,0.9973830145009472
4,6,1.4398709524968627,0.63232,5000,1.9112199456603438,0.6434573829531812,833,1.9152934802606845,0.6366,0.9986759954159385,0.0833375900204884,,,0.97,,0.9700176878243976,0.029982312175602432,0.9972831751785722,0.09986208294931767,5,0.001,0.1,0.9966145997720449,0.9975104587972984,0.9972210578942571,0.9968752236139627,0.997204745759893,0.9970966215112935,1.0,0.9972595264032311,0.9963933035496417,0.9969491079327857,0.9972504339234008,0.9972102677325356
4,7,1.426432049654092,0.63936,5000,1.8972346782684326,0.6470588235294118,833,1.9152934802606845,0.6366,0.9988020012798132,0.08335509678964319,,,0.97,,0.9700176878243976,0.029982312175602432,0.9972831751785722,0.09986208294931767,5,0.001,0.1,0.9964893508381676,0.9975131481125682,0.9972375596721644,0.9970579208877453,0.9976462196882492,0.9972726362545291,0.9972595264032311,1.0,0.997123094190078,0.9969999579300596,0.9974408709705238,0.9970539988237305
4,8,1.4369423934608507,0.63344,5000,1.9372174563231292,0.6218487394957983,833,1.9152934802606845,0.6366,0.9984873189076184,0.0833294336813288,,,0.97,,0.9700176878243976,0.029982312175602432,0.9972831751785722,0.09986208294931767,5,0.001,0.1,0.9963409362012189,0.9970610353549646,0.9973121194271752,0.9966024785542343,0.9969279991592427,0.9966203888963653,0.9963933035496417,0.997123094190078,1.0,0.9970910966713138,0.997184568725531,0.996667302017178
4,9,1.4315547501205639,0.64568,5000,1.9121774037679036,0.6110444177671068,833,1.9152934802606845,0.6366,0.9987676999306253,0.08335051848460576,,,0.97,,0.9700176878243976,0.029982312175602432,0.9972831751785722,0.09986208294931767,5,0.001,0.1,0.9964251981852872,0.9976623762083174,0.9970246263077965,0.9969054310311337,0.9971937145095723,0.9976073620595298,0.9969491079327857,0.9969999579300596,0.9970910966713138,1.0,0.9972665499898024,0.9975581779926463
4,10,1.4384429541363077,0.63512,5000,1.915777493406225,0.631452581032413,833,1.9152934802606845,0.6366,0.9987360849987372,0.08333048116984568,,,0.97,,0.9700176878243976,0.029982312175602432,0.9972831751785722,0.09986208294931767,5,0.001,0.1,0.9960338540120942,0.9975872718572489,0.9976482865856454,0.9966174642758135,0.9971533771727734,0.9969577898978643,0.9972504339234008,0.9974408709705238,0.997184568725531,0.9972665499898024,1.0,0.9971646745771376
4,11,1.4231544083091103,0.6428,5000,1.9031909969117906,0.6686674669867947,833,1.9152934802606845,0.6366,0.9986148412549849,0.08330745214690204,,,0.97,,0.9700176878243976,0.029982312175602432,0.9972831751785722,0.09986208294931767,5,0.001,0.1,0.9960230971587057,0.9973311387044578,0.9969625545417778,0.9967916419221365,0.9967077015457179,0.9973830145009472,0.9972102677325356,0.9970539988237305,0.996667302017178,0.9975581779926463,0.9971646745771376,1.0
5,0,1.3277676331769128,0.63488,5000,1.795470401092812,0.6510791366906474,834,1.7888646080090216,0.6559,0.998082886027143,0.0832836804535595,,,0.97,,0.9700176878243976,0.029982312175602432,0.9982789206657063,0.09983464513059226,5,0.001,0.1,1.0,0.9961432711403492,0.9957795723577219,0.9960780872958487,0.9959559175015098,0.9962907924378698,0.9965355004939064,0.9963592399917365,0.996335788885597,0.9964329033430112,0.9957098520148484,0.9955738439124602
5,1,1.315630820222721,0.6516,5000,1.787074539396498,0.6714628297362111,834,1.7888646080090216,0.6559,0.9985339345759509,0.08335980004630426,,,0.97,,0.9700176878243976,0.029982312175602432,0.9982789206657063,0.09983464513059226,5,0.001,0.1,0.9961432711403492,1.0,0.9969768492280678,0.9963564286469745,0.9961953997675387,0.9966175497172899,0.9970550058167194,0.9966177882948617,0.996390308392755,0.9967719615963357,0.9967030130308511,0.996766279050156
5,2,1.3215452550323146,0.64964,5000,1.7663919219264277,0.6690647482014388,834,1.7888646080090216,0.6559,0.9984235483272021,0.08333946019457393,,,0.97,,0.9700176878243976,0.029982312175602432,0.9982789206657063,0.09983464513059226,5,0.001,0.1,0.9957795723577219,0.9969768492280678,1.0,0.996334704298787,0.9960687965991423,0.9963224200860117,0.9967479858126547,0.996762086363544,0.9968442745549753,0.9960796411710682,0.9970076622285133,0.9963482136049886
5,3,1.3140649779587035,0.64616,5000,1.7948228783077664,0.63189448441247,834,1.7888646080090216,0.6559,0.998195450003563,0.08332026916491551,,,0.97,,0.9700176878243976,0.029982312175602432,0.9982789206657063,0.09983464513059226,5,0.001,0.1,0.9960780872958487,0.9963564286469745,0.996334704298787,1.0,0.9955953866064674,0.9970117199608224,0.9962830693518415,0.9965042453659813,0.9960724801289335,0.9962005723338945,0.9958911859509442,0.9962129124591803
5,4,1.326214780093758,0.63696,5000,1.773249418647201,0.6326530612244898,833,1.7888646080090216,0.6559,0.9981305274000882,0.08333544747626867,,,0.97,,0.9700176878243976,0.029982312175602432,0.9982789206657063,0.09983464513059226,5,0.001,0.1,0.9959559175015098,0.9961953997675387,0.9960687965991423,0.9955953866064674,1.0,0.9959282931122436,0.996500707297015,0.9967828529751604,0.9961410545165669,0.9966503467662748,0.9964559913181288,0.9954865849727781
5,5,1.2955694559273447,0.65636,5000,1.7941481978804976,0.65906362545018,833,1.7888646080090216,0.6559,0.9984376444854614,0.08334596725768284,,,0.97,,0.9700176878243976,0.029982312175602432,0.9982789206657063,0.09983464513059226,5,0.001,0.1,0.9962907924378698,0.9966175497172899,0.9963224200860117,0.9970117199608224,0.9959282931122436,1.0,0.9966740800805259,0.9968599034358698,0.9958957368411576,0.9968238909424781,0.9963304314906052,0.9966863790228422
5,6,1.320056095852214,0.65,5000,1.7840093109342787,0.6686674669867947,833,1.7888646080090216,0.6559,0.9984929275469169,0.08334066801606306,,,0.97,,0.9700176878243976,0.029982312175602432,0.9982789206657063,0.09983464513059226,5,0.001,0.1,0.9965355004939064,0.9970550058167194,0.9967479858126547,0.9962830693518415,0.996500707297015,0.9966740800805259,1.0,0.996693305698324,0.9960904993297932,0.9963046226485318,0.996709638384252,0.9965094332610355
5,7,1.3062593636998705,0.65448,5000,1.7650281411630135,0.6746698679471789,833,1.7888646080090216,0.6559,0.9985153263685221,0.08335212784868357,,,0.97,,0.9700176878243976,0.029982312175602432,0.9982789206657063,0.09983464513059226,5,0.001,0.1,0.9963592399917365,0.9966177882948617,0.996762086363544,0.9965042453659813,0.9967828529751604,0.9968599034358698,0.996693305698324,1.0,0.9966428704206031,0.9960917213667552,0.9968228953223308,0.9962345560145281
5,8,1.317132907991956,0.64524,5000,1.8169159050341006,0.6410564225690276,833,1.7888646080090216,0.6559,0.9982888479331117,0.08332907833832764,,,0.97,,0.9700176878243976,0.029982312175602432,0.9982789206657063,0.09983464513059226,5,0.001,0.1,0.996335788885597,0.996390308392755,0.9968442745549753,0.9960724801289335,0.9961410545165669,0.9958957368411576,0.9960904993297932,0.9966428704206031,1.0,0.9963883442840208,0.9970628160147429,0.9957952133950557
5,9,1.3095359396023356,0.65856,5000,1.7876209197220978,0.6254501800720288,833,1.7888646080090216,0.6559,0.9983879665068981,0.08334520897980267,,,0.97,,0.9700176878243976,0.029982312175602432,0.9982789206657063,0.09983464513059226,5,0.001,0.1,0.9964329033430112,0.9967719615963357,0.9960796411710682,0.9962005723338945,0.9966503467662748,0.9968238909424781,0.9963046226485318,0.9960917213667552,0.9963883442840208,1.0,0.9963642314656899,0.9967378300038697
5,10,1.3199063921430307,0.65056,5000,1.7891103470766987,0.6602641056422569,833,1.7888646080090216,0.6559,0.9984479209133827,0.08333485543142366,,,0.97,,0.9700176878243976,0.029982312175602432,0.9982789206657063,0.09983464513059226,5,0.001,0.1,0.9957098520148484,0.9967030130308511,0.9970076622285133,0.9958911859509442,0.9964559913181288,0.9963304314906052,0.996709638384252,0.9968228953223308,0.9970628160147429,0.9963642314656899,1.0,0.99650669164887
5,11,1.301289788704769,0.65784,5000,1.7731360903492681,0.6854741896758704,833,1.7888646080090216,0.6559,0.9982219195087852,0.08331343679239481,,,0.97,,0.9700176878243976,0.029982312175602432,0.9982789206657063,0.09983464513059226,5,0.001,0.1,0.9955738439124602,0.996766279050156,0.9963482136049886,0.9962129124591803,0.9954865849727781,0.9966863790228422,0.9965094332610355,0.9962345560145281,0.9957952133950557,0.9967378300038697,0.99650669164887,1.0
6,0,1.230735459145467,0.64572,5000,1.6586735469323617,0.6606714628297362,834,1.6526840331074528,0.6675,0.9978584694611513,0.0832981312340771,,,0.97,,0.9700176878243976,0.029982312175602432,0.9984833726258274,0.09980050914533369,5,0.001,0.1,1.0,0.9957035744244963,0.9949098741550993,0.9953902026035325,0.995279226548876,0.9955324715753736,0.9954046784064224,0.995668717170883,0.9960470529430991,0.9955440988358603,0.9956211408615839,0.9953204362985044
6,1,1.2185374157443927,0.65956,5000,1.6516064140531752,0.6810551558752997,834,1.6526840331074528,0.6675,0.9983307209597104,0.0833600669159728,,,0.97,,0.9700176878243976,0.029982312175602432,0.9984833726258274,0.09980050914533369,5,0.001,0.1,0.9957035744244963,1.0,0.9961057938375035,0.9955232633162082,0.9962052375145762,0.9959564062068047,0.9964080128523112,0.9959526403905634,0.9962463923926312,0.995577448890247,0.9962760921646724,0.9961182797437855
6,2,1.2239392873587882,0.66288,5000,1.6245756988172178,0.6858513189448441,834,1.6526840331074528,0.6675,0.9979707349485659,0.08333596949838284,,,0.97,,0.9700176878243976,0.029982312175602432,0.9984833726258274,0.09980050914533369,5,0.001,0.1,0.9949098741550993,0.9961057938375035,1.0,0.9955048146855188,0.9954877020881262,0.9956653251866524,0.9957917166777843,0.9962322176087959,0.9963843769256654,0.9939070298346802,0.9958472658405696,0.9959265435480367
6,3,1.2183947925355025,0.65636,5000,1.6601356444535431,0.6366906474820144,834,1.6526840331074528,0.6675,0.9978609653597076,0.08332065447565838,,,0.97,,0.9700176878243976,0.029982312175602432,0.9984833726258274,0.09980050914533369,5,0.001,0.1,0.9953902026035325,0.9955232633162082,0.9955048146855188,1.0,0.9954132732738609,0.9965377103570452,0.995358715431131,0.9959239510781882,0.9956219255983599,0.9945988615910063,0.9949406571708546,0.9956359711470664
6,4,1.2293632330028874,0.64704,5000,1.6338981831515278,0.6434573829531812,833,1.6526840331074528,0.6675,0.998007331227027,0.08333468962735163,,,0.97,,0.9700176878243976,0.029982312175602432,0.9984833726258274,0.09980050914533369,5,0.001,0.1,0.995279226548876,0.9962052375145762,0.9954877020881262,0.9954132732738609,1.0,0.9954438744093991,0.9959732943380757,0.9961350144812028,0.9957637402485099,0.995393740810745,0.9955613405028032,0.9955445977873193
6,5,1.1990418872256188,0.66536,5000,1.6571113930808172,0.6758703481392557,833,1.6526840331074528,0.6675,0.9981257085216576,0.08334496379008964,,,0.97,,0.9700176878243976,0.029982312175602432,0.9984833726258274,0.09980050914533369,5,0.001,0.1,0.9955324715753736,0.9959564062068047,0.9956653251866524,0.9965377103570452,0.9954438744093991,1.0,0.9959738694848765,0.9962740458842115,0.9955524283468772,0.9949039621780804,0.9955026064723155,0.996276057190603
6,6,1.2231397867962053,0.66072,5000,1.6467530109264232,0.680672268907563,833,1.6526840331074528,0.6675,0.9979954775714689,0.0833375091138857,,,0.97,,0.9700176878243976,0.029982312175602432,0.9984833726258274,0.09980050914533369,5,0.001,0.1,0.9954046784064224,0.9964080128523112,0.9957917166777843,0.995358715431131,0.9959732943380757,0.9959738694848765,1.0,0.9958168443012113,0.9952609766992022,0.9943174349138932,0.9958548014699028,0.9958986624695467
6,7,1.2104722652465674,0.6644,5000,1.6230476432376437,0.6782713085234093,833,1.6526840331074528,0.6675,0.9981529991685316,0.08334962357731368,,,0.97,,0.9700176878243976,0.029982312175602432,0.9984833726258274,0.09980050914533369,5,0.001,0.1,0.995668717170883,0.9959526403905634,0.9962322176087959,0.9959239510781882,0.9961350144812028,0.9962740458842115,0.9958168443012113,1.0,0.9961419602575348,0.9942531260138391,0.9958341932174571,0.9957125286889686
6,8,1.220312121263735,0.65636,5000,1.6873388511163216,0.6530612244897959,833,1.6526840331074528,0.6675,0.9981434994046103,0.08333517886174242,,,0.97,,0.9700176878243976,0.029982312175602432,0.9984833726258274,0.09980050914533369,5,0.001,0.1,0.9960470529430991,0.9962463923926312,0.9963843769256654,0.9956219255983599,0.9957637402485099,0.9955524283468772,0.9952609766992022,0.9961419602575348,1.0,0.9950090908689354,0.9962400060239919,0.9955646767469254
6,9,1.2114002761567475,0.66904,5000,1.65396660345572,0.6386554621848739,833,1.6526840331074528,0.6675,0.9974018411371929,0.08332113007706025,,,0.97,,0.9700176878243976,0.029982312175602432,0.9984833726258274,0.09980050914533369,5,0.001,0.1,0.9955440988358603,0.995577448890247,0.9939070298346802,0.9945988615910063,0.995393740810745,0.9949039621780804,0.9943174349138932,0.9942531260138391,0.9950090908689354,1.0,0.9959602522792874,0.9954850042548754
6,10,1.2219752436230897,0.66,5000,1.6521220118911177,0.673469387755102,833,1.6526840331074528,0.6675,0.9981155869330846,0.0833378212985742,,,0.97,,0.9700176878243976,0.029982312175602432,0.9984833726258274,0.09980050914533369,5,0.001,0.1,0.9956211408615839,0.9962760921646724,0.9958472658405696,0.9949406571708546,0.9955613405028032,0.9955026064723155,0.9958548014699028,0.9958341932174571,0.9962400060239919,0.9959602522792874,1.0,0.9958593634259041
6,11,1.2049508064415804,0.66856,5000,1.6332641663374725,0.7022809123649459,833,1.6526840331074528,0.6675,0.99810251278704,0.08332426152989146,,,0.97,,0.9700176878243976,0.029982312175602432,0.9984833726258274,0.09980050914533369,5,0.001,0.1,0.9953204362985044,0.9961182797437855,0.9959265435480367,0.9956359711470664,0.9955445977873193,0.996276057190603,0.9958986624695467,0.9957125286889686,0.9955646767469254,0.9954850042548754,0.9958593634259041,1.0
7,0,1.1500084654540772,0.6598,5000,1.51838512773867,0.6690647482014388,834,1.5129794461277728,0.6766,0.997526659442996,0.0833071076439968,,,0.97,,0.9700176878243976,0.029982312175602432,0.9980024992708,0.09976698958161685,5,0.001,0.1,1.0,0.9946766680363,0.9945781622881333,0.9948062604070159,0.9945011176157107,0.995426166827128,0.9948321588948117,0.994874119171346,0.9952246059151262,0.9949602807989877,0.9943711528568383,0.9941817472550382
7,1,1.1380395329681932,0.67168,5000,1.5127909536714907,0.6858513189448441,834,1.5129794461277728,0.6766,0.9979575917817897,0.08335901608281157,,,0.97,,0.9700176878243976,0.029982312175602432,0.9980024992708,0.09976698958161685,5,0.001,0.1,0.9946766680363,1.0,0.9954087610647114,0.9944348321703832,0.9954384483161741,0.9955903969613368,0.9959802460137805,0.9952862235087218,0.995311020406456,0.9952531940598778,0.9952803610829304,0.9949272850038232
