round,client_id,client_i_training_loss,client_i_training_accuracy,client_i_training_dataset_size,client_i_evaluation_loss,client_i_evaluation_accuracy,client_i_evaluation_dataset_size,client_i_central_evaluation_loss,client_i_central_evaluation_accuracy,client_i_cosine_similarity,client_i_importance_coefficient,client_i_tanh_val,tanh_normalization_value,client_i_q,client_i_mask_order,client_i_v_nonzero_fraction,client_i_v_sparsity,client_i_v_cosine_similarity,client_i_reward_gradient_norm,local_epochs,learning_rate,gamma,client_0_cosine_similarity,client_1_cosine_similarity,client_2_cosine_similarity,client_3_cosine_similarity,client_4_cosine_similarity,client_5_cosine_similarity,client_6_cosine_similarity,client_7_cosine_similarity,client_8_cosine_similarity,client_9_cosine_similarity,client_10_cosine_similarity,client_11_cosine_similarity
0,0,0.34261030769272216,0.89304,5000,2.1973329473424843,0.42326139088729015,834,2.198890397343011,0.396,0.783902385236437,0.08310415476062671,,,0.7392917970578898,,0.7393002359319312,0.26069976406806883,0,0.3925765425439381,5,0.1,0.5,1.0,0.5735862718074184,0.5742275715088099,0.5674746408894423,0.5708587170845333,0.5859673038884298,0.6001886369660336,0.5765315408385477,0.5950149096462287,0.5948005791859827,0.5762962382469816,0.5794245649535676
0,1,0.3461966336132353,0.89016,5000,2.1911679903666177,0.43764988009592326,834,2.1991069141668254,0.396,0.7794130823976965,0.08262822851661422,,,0.6841942791764587,,0.6842026002710707,0.3157973997289293,0,0.39214492466587164,5,0.1,0.5,0.5735862718074184,1.0,0.5970145253084954,0.5653186153328774,0.5799082538616931,0.5779005856381932,0.5894106733730798,0.566427790012335,0.5778329159463382,0.5750125093141784,0.5734730393023947,0.5761392299410444
0,2,0.35455665320727475,0.89064,5000,2.1986743344200983,0.39688249400479614,834,2.1986219684917705,0.3958,0.7932749130123563,0.08409776826845314,,,0.8543214654223454,,0.8543296019276141,0.1456703980723859,0,0.3929672634593781,5,0.1,0.5,0.5742275715088099,0.5970145253084954,1.0,0.5785782467463618,0.598926948063321,0.5989245997149863,0.6058878404215099,0.5775261261749518,0.5940742919261518,0.5894776776490775,0.5829648162157611,0.5851772286854958
0,3,0.3594955163752767,0.88832,5000,2.1946631007724338,0.4064748201438849,834,2.1998423044673934,0.3956,0.7725529981135736,0.0819009676780766,,,0.6,,0.6,0.4,0,0.39095597468804877,5,0.1,0.5,0.5674746408894423,0.5653186153328774,0.5785782467463618,1.0,0.5759911564747565,0.5794469216583379,0.5817043371255023,0.580968708504573,0.5622379053818455,0.5759626572214672,0.5552377533545362,0.5643938706036365
0,4,0.3422948103813324,0.89272,5000,2.1920384919201887,0.4189675870348139,833,2.1986460243931973,0.3958,0.7910470232121803,0.08386158210263658,,,0.8269784229695685,,0.8269966367150243,0.17300336328497568,0,0.39291922684527364,5,0.1,0.5,0.5708587170845333,0.5799082538616931,0.598926948063321,0.5759911564747565,1.0,0.5900055900398332,0.6033567191297721,0.5757609897743584,0.5942809119802834,0.6041334797300236,0.5844554827901451,0.5840864481629229
0,5,0.3372541084956781,0.89452,5000,2.202098042876632,0.37815126050420167,833,2.1986224453289287,0.3959,0.7915747783146259,0.08391753121382102,,,0.8334555970962673,,0.8334671954219166,0.1665328045780834,0,0.39293233059561955,5,0.1,0.5,0.5859673038884298,0.5779005856381932,0.5989245997149863,0.5794469216583379,0.5900055900398332,1.0,0.5996499229790703,0.5881042808077576,0.5896952132331407,0.590687994037155,0.5848318749856408,0.5815286020243646
0,6,0.3363723491976975,0.89472,5000,2.202140348928946,0.3697478991596639,833,2.198608020624033,0.3954,0.8018855176819646,0.08501060771954101,,,0.959999999884231,,0.9600020079313287,0.03999799206867127,0,0.39303089355432663,5,0.1,0.5,0.6001886369660336,0.5894106733730798,0.6058878404215099,0.5817043371255023,0.6033567191297721,0.5996499229790703,1.0,0.5821136019581945,0.6034996790361571,0.60557486526985,0.5898300388517042,0.6027854106752959
0,7,0.3451943295978152,0.89052,5000,2.1947834668336093,0.3937575030012005,833,2.1990902667609267,0.3956,0.7800854192785938,0.08269950523327393,,,0.6924459152652329,,0.6924551980322273,0.3075448019677727,0,0.3922230302063379,5,0.1,0.5,0.5765315408385477,0.566427790012335,0.5775261261749518,0.580968708504573,0.5757609897743584,0.5881042808077576,0.5821136019581945,1.0,0.5741353887855523,0.5831100700933565,0.5755300804420205,0.5781578321812322
0,8,0.3542951462980194,0.89084,5000,2.197642626585784,0.3937575030012005,833,2.1987027459251234,0.3954,0.7879962299226528,0.08353815714252615,,,0.7895358302418636,,0.7895487174338638,0.2104512825661362,0,0.3928152267135197,5,0.1,0.5,0.5950149096462287,0.5778329159463382,0.5940742919261518,0.5622379053818455,0.5942809119802834,0.5896952132331407,0.6034996790361571,0.5741353887855523,1.0,0.5829547248577783,0.5708833873676148,0.5883779393658475
0,9,0.34517329658862134,0.89284,5000,2.2077052151715315,0.36494597839135656,833,2.1987193034479793,0.3954,0.7883674166409465,0.08357750790744677,,,0.7940914299826608,,0.7941017017218012,0.20589829827819883,0,0.3928306838612511,5,0.1,0.5,0.5948005791859827,0.5750125093141784,0.5894776776490775,0.5759626572214672,0.6041334797300236,0.590687994037155,0.60557486526985,0.5831100700933565,0.5829547248577783,1.0,0.5681856715639348,0.5665883586554701
0,10,0.3460224505146123,0.89208,5000,2.2014385064442954,0.3589435774309724,833,2.19910991153778,0.3954,0.7789513925690703,0.08257928320952987,,,0.6785279286311388,,0.6785452537523217,0.32145474624767834,0,0.39208870189365086,5,0.1,0.5,0.5762962382469816,0.5734730393023947,0.5829648162157611,0.5552377533545362,0.5844554827901451,0.5848318749856408,0.5898300388517042,0.5755300804420205,0.5708833873676148,0.5681856715639348,1.0,0.5859810112694803
0,11,0.3559105208274096,0.88604,5000,2.1988155400311507,0.4057623049219688,833,2.1989001740281955,0.3956,0.7837189318831204,0.08308470624745401,,,0.737040261624025,,0.7370563726720546,0.2629436273279454,0,0.39256378901338973,5,0.1,0.5,0.5794245649535676,0.5761392299410444,0.5851772286854958,0.5643938706036365,0.5840864481629229,0.5815286020243646,0.6027854106752959,0.5781578321812322,0.5883779393658475,0.5665883586554701,0.5859810112694803,1.0
1,0,0.30453048435508445,0.90832,5000,2.03816548983256,0.8045563549160671,834,2.038335362943217,0.7854,0.8134719740659888,0.08330643003585142,,,0.7507165405565963,,0.7507354048491541,0.24926459515084587,0.9592620552408307,0.4045110611093956,5,0.1,0.5,1.0,0.6213631145384375,0.6236422277396029,0.6282663895033408,0.6296499345513566,0.6120009483557746,0.6377956876454421,0.6259649122840526,0.6398601942914127,0.6298661034534895,0.6338795435128288,0.624731097294194
1,1,0.311060382869498,0.90556,5000,2.027453559416312,0.8069544364508393,834,2.0392010912727625,0.7854,0.8040528137237047,0.08266358163994487,,,0.6576961944940426,,0.6577079463882335,0.3422920536117665,0.958071895470799,0.40362946624708596,5,0.1,0.5,0.6213631145384375,1.0,0.6148679092783833,0.6220399052203445,0.6303967515658739,0.6106983106613633,0.6337140999270706,0.6073114017536424,0.6245587596881919,0.623168418679317,0.6141108565265434,0.6151765096097632
1,2,0.30895296701580094,0.9064,5000,2.0395651879134,0.7997601918465228,834,2.037824444877454,0.7851,0.8063165931475107,0.08371464081396374,,,0.8097847564660785,,0.809798704884293,0.19020129511570705,0.9602287907695698,0.4047803657587135,5,0.1,0.5,0.6236422277396029,0.6148679092783833,1.0,0.6210322765742731,0.6263137545916494,0.6130818823135403,0.6261689955378823,0.6158162322982648,0.6266756117518588,0.6245741386326573,0.6167353662418116,0.6239629680987712
1,3,0.31772636098988877,0.9034,5000,2.0337091949250965,0.7925659472422062,834,2.0410821845356266,0.7849,0.8064197991767227,0.08226485267740731,,,0.6,,0.6,0.4,0.9561967757186169,0.4026646120282079,5,0.1,0.5,0.6282663895033408,0.6220399052203445,0.6210322765742731,1.0,0.6280714798974372,0.6123512750803491,0.6308016689246674,0.6173466067116504,0.6280534009472257,0.6235657756648038,0.6224856796645206,0.6098453986934851
1,4,0.29917317411868244,0.90732,5000,2.030349020604734,0.7947178871548619,833,2.037843517221201,0.7847,0.8128000169158415,0.08378413866149644,,,0.8198411148069555,,0.8198534210130014,0.1801465789869986,0.9601984693867122,0.4048107801464111,5,0.1,0.5,0.6296499345513566,0.6303967515658739,0.6263137545916494,0.6280714798974372,1.0,0.6131946196283028,0.6327291403475165,0.6122897615091556,0.6406700106679262,0.6303834762814404,0.6275350180970674,0.6258699765366911
1,5,0.30295686230158353,0.90492,5000,2.04448730857284,0.765906362545018,833,2.0378775478551945,0.7855,0.802276599672623,0.08345472298825725,,,0.7721745730246954,,0.7721851312685106,0.22781486873148937,0.9598735447475853,0.40462938887969957,5,0.1,0.5,0.6120009483557746,0.6106983106613633,0.6130818823135403,0.6123512750803491,0.6131946196283028,1.0,0.629091959218828,0.6122550727623687,0.6287559730471886,0.626543825916123,0.6218534719694571,0.6144039346097537
1,6,0.29813260437600364,0.9094,5000,2.0422352949778237,0.7923169267707083,833,2.0376148380029697,0.7847,0.818785880527033,0.08475275378968342,,,0.9599999998552997,,0.9600020079313287,0.03999799206867127,0.960697021414164,0.404955724577451,5,0.1,0.5,0.6377956876454421,0.6337140999270706,0.6261689955378823,0.6308016689246674,0.6327291403475165,0.629091959218828,1.0,0.6227833643481724,0.6435724250012624,0.6315792793437134,0.6316962371149144,0.6303910461395716
1,7,0.306561830111892,0.906,5000,2.0338898455655134,0.7851140456182473,833,2.0391259981801335,0.7856,0.8033577302407691,0.08268653443847833,,,0.6610174709820629,,0.6610360925656342,0.3389639074343658,0.958104179431653,0.4036745541648484,5,0.1,0.5,0.6259649122840526,0.6073114017536424,0.6158162322982648,0.6173466067116504,0.6122897615091556,0.6122550727623687,0.6227833643481724,1.0,0.6252658909882197,0.6174722506269605,0.629896112724747,0.6243453483283261
1,8,0.30997382257442185,0.90464,5000,2.038679343682748,0.7851140456182473,833,2.037874756529689,0.7853,0.8196711625373178,0.08380942085817605,,,0.8234994558704706,,0.8235078560313237,0.1764921439686763,0.9600140555901087,0.4048205374073017,5,0.1,0.5,0.6398601942914127,0.6245587596881919,0.6266756117518588,0.6280534009472257,0.6406700106679262,0.6287559730471886,0.6435724250012624,0.6252658909882197,1.0,0.6396559113292972,0.6343213614144769,0.6336934287317763
1,9,0.30542295464213676,0.90596,5000,2.0503412750032215,0.7635054021608644,833,2.037920486051054,0.7856,0.8127314399663457,0.08359381006066832,,,0.7923005120344061,,0.7923146428392149,0.20768535716078507,0.9599257307784185,0.4047179457265569,5,0.1,0.5,0.6298661034534895,0.623168418679317,0.6245741386326573,0.6235657756648038,0.6303834762814404,0.626543825916123,0.6315792793437134,0.6174722506269605,0.6396559113292972,1.0,0.6270048110477531,0.6237216388231192
1,10,0.3100791413348856,0.90704,5000,2.0380183458328247,0.773109243697479,833,2.0389289166599798,0.7851,0.8109871253573876,0.08287265637026389,,,0.6879493675454962,,0.6879574318558306,0.3120425681441694,0.9583702417902566,0.40399018945873,5,0.1,0.5,0.6338795435128288,0.6141108565265434,0.6167353662418116,0.6224856796645206,0.6275350180970674,0.6218534719694571,0.6316962371149144,0.629896112724747,0.6343213614144769,0.6270048110477531,1.0,0.6256819857486778
1,11,0.31305162573980677,0.90292,5000,2.035553539240802,0.7575030012004802,833,2.0383763975990465,0.7856,0.8078113659869715,0.08309645766580895,,,0.7203334787813831,,0.7203554038451885,0.2796445961548115,0.9590936617260531,0.4042953363602758,5,0.1,0.5,0.624731097294194,0.6151765096097632,0.6239629680987712,0.6098453986934851,0.6258699765366911,0.6144039346097537,0.6303910461395716,0.6243453483283261,0.6336934287317763,0.6237216388231192,0.6256819857486778,1.0
2,0,0.27452692597463824,0.91816,5000,1.8401325190508808,0.8812949640287769,834,1.8385744239575565,0.8839,0.8080311264458808,0.08314948934043144,,,0.7233673947950044,,0.723382360323277,0.27661763967672304,0.9664787113442647,0.40570854861811245,5,0.1,0.5,1.0,0.6252569863641988,0.6284010254206288,0.6166269696311151,0.6269488806709895,0.6253386254727674,0.6408861343380038,0.6191407218997416,0.6290264193869751,0.62937868944203,0.6197217367457973,0.6205537609644788
2,1,0.2731418851312179,0.916,5000,1.8239120818950512,0.8980815347721822,834,1.8404124080182644,0.8838,0.8091261521322862,0.0827627876655576,,,0.6642564465076596,,0.6642688620049194,0.3357311379950806,0.9649815628415215,0.4050344944595505,5,0.1,0.5,0.6252569863641988,1.0,0.6312908959016454,0.6222322781451026,0.6323741221332652,0.6285997142873325,0.6355995484900411,0.6176208670606939,0.627348432952265,0.6273692745142287,0.6242082913107322,0.6231021802661786
2,2,0.28238366902538925,0.91648,5000,1.8407085824895788,0.8968824940047961,834,1.8375660203897153,0.8847,0.8160278594590433,0.08369734064738234,,,0.8071115634358409,,0.8071331760453793,0.19286682395462074,0.967588336863064,0.4062187010965393,5,0.1,0.5,0.6284010254206288,0.6312908959016454,1.0,0.6225647295577245,0.6346228618475759,0.6394859905785872,0.6423439556559895,0.6264648492321493,0.6370827866678219,0.6443717051261798,0.6264240833626505,0.6244581806307606
2,3,0.2906682083015419,0.9134,5000,1.8344187515753287,0.8717026378896883,834,1.8442432023465825,0.8824,0.8046150121255414,0.08234242432837742,,,0.6,,0.6,0.4,0.9632406104790783,0.4038948198572722,5,0.1,0.5,0.6166269696311151,0.6222322781451026,0.6225647295577245,1.0,0.6219425227076569,0.6256940621871703,0.6365001799633476,0.6156709773772885,0.6249809788844518,0.6255249363065567,0.618409386317114,0.6227140434767638
2,4,0.2718841287408285,0.91768,5000,1.827954022972672,0.8739495798319328,833,1.837564160267766,0.8848,0.8154726764920737,0.08372395554675818,,,0.8111798983898898,,0.811204256814417,0.188795743185583,0.9676637472454255,0.40623255237235095,5,0.1,0.5,0.6269488806709895,0.6323741221332652,0.6346228618475759,0.6219425227076569,1.0,0.6301273329041559,0.64318021630584,0.6282046064697455,0.6397843404510228,0.6397200268768027,0.6228795319789374,0.6320207023440122
2,5,0.26921268008578164,0.91992,5000,1.8474048376083374,0.8823529411764706,833,1.8376848598638662,0.8845,0.8158686454328251,0.08352005364254325,,,0.7800115955381576,,0.7800311229355956,0.21996887706440438,0.9671936040093745,0.4061043329689746,5,0.1,0.5,0.6253386254727674,0.6285997142873325,0.6394859905785872,0.6256940621871703,0.6301273329041559,1.0,0.6454829120010114,0.6300200483971188,0.6367433132993922,0.6426594317205704,0.6247765375877931,0.6281792673662078
2,6,0.2674367374710881,0.92176,5000,1.8429805349420618,0.8991596638655462,833,1.837099811139579,0.8846,0.8250628670216549,0.08469753124053088,,,0.9599999998471407,,0.9600020079313287,0.03999799206867127,0.9681668066844988,0.4064228160349897,5,0.1,0.5,0.6408861343380038,0.6355995484900411,0.6423439556559895,0.6365001799633476,0.64318021630584,0.6454829120010114,1.0,0.630177233042268,0.6470266001543783,0.6501586731177003,0.6309717054221446,0.639040413662459
2,7,0.2778000012897311,0.91584,5000,1.8331825689033225,0.8907563025210085,833,1.840486021849294,0.8835,0.8062588392012006,0.08267823465254795,,,0.6513317319167978,,0.6513478239044225,0.3486521760955775,0.9647926711363106,0.4048430757101308,5,0.1,0.5,0.6191407218997416,0.6176208670606939,0.6264648492321493,0.6156709773772885,0.6282046064697455,0.6300200483971188,0.630177233042268,1.0,0.6275833649513606,0.6223142883506727,0.6223312336202868,0.6274660820794598
2,8,0.2739273235676395,0.91696,5000,1.840077899120472,0.8919567827130852,833,1.8375188847319386,0.8848,0.8166979027290016,0.08378327276593697,,,0.8202470871383494,,0.8202650469353948,0.17973495306460519,0.9676955800832246,0.4062611345305188,5,0.1,0.5,0.6290264193869751,0.627348432952265,0.6370827866678219,0.6249809788844518,0.6397843404510228,0.6367433132993922,0.6470266001543783,0.6275833649513606,1.0,0.6408077302374462,0.6264502214023535,0.626722049370712
2,9,0.2743032346271975,0.91996,5000,1.8542763303827356,0.8775510204081632,833,1.8376399297683765,0.8845,0.8192280304677249,0.08372879355669917,,,0.8119194332148387,,0.8119321319210883,0.18806786807891174,0.9674787165734383,0.40623461202138605,5,0.1,0.5,0.62937868944203,0.6273692745142287,0.6443717051261798,0.6255249363065567,0.6397200268768027,0.6426594317205704,0.6501586731177003,0.6223142883506727,0.6408077302374462,1.0,0.6299895047848953,0.6367902374244442
2,10,0.2807746995952289,0.91668,5000,1.8360290748101693,0.879951980792317,833,1.839954456582237,0.8841,0.8067964860082305,0.08281991962583116,,,0.6729895981041367,,0.6729983434566538,0.32700165654334623,0.9654219692600755,0.40515185433688816,5,0.1,0.5,0.6197217367457973,0.6242082913107322,0.6264240833626505,0.618409386317114,0.6228795319789374,0.6247765375877931,0.6309717054221446,0.6223312336202868,0.6264502214023535,0.6299895047848953,1.0,0.6253205557547586
2,11,0.2846188406347279,0.91272,5000,1.834738881499679,0.8667466986794717,833,1.8387157037235295,0.884,0.8104882505391374,0.08309619698740386,,,0.7152211628839281,,0.7152401987852015,0.2847598012147985,0.9661783609294413,0.405633844938403,5,0.1,0.5,0.6205537609644788,0.6231021802661786,0.6244581806307606,0.6227140434767638,0.6320207023440122,0.6281792673662078,0.639040413662459,0.6274660820794598,0.626722049370712,0.6367902374244442,0.6253205557547586,1.0
3,0,0.2547263752645368,0.92568,5000,1.6140221578103524,0.9028776978417267,834,1.6096473661855386,0.9154,0.8066130229989638,0.08324169245690656,,,0.7274168222638348,,0.7274283419507053,0.27257165804929473,0.9677228538768794,0.40217448394107824,5,0.1,0.5,1.0,0.6163479279064407,0.622998098018994,0.6123283697442429,0.6197577532429501,0.6168401222340338,0.6266187010489476,0.6180633579848487,0.6221979323129945,0.6121731037196577,0.6181961496029946,0.6143858561039008
3,1,0.249067014785614,0.92332,5000,1.5908033362141363,0.9232613908872902,834,1.6129865665405323,0.9148,0.8002774936419096,0.08276442164147549,,,0.6416146736129368,,0.6416344561016013,0.3583655438983987,0.9660807558487687,0.40110800577141525,5,0.1,0.5,0.6163479279064407,1.0,0.6120575274377839,0.6100962779939683,0.6181875467189774,0.6105149934185383,0.6264551945278385,0.6056360049188618,0.6124594398927383,0.6121190545865897,0.6059771549058778,0.6104912188748433
3,2,0.258282754270087,0.9236,5000,1.6131283265573007,0.9232613908872902,834,1.6080789063304377,0.9152,0.8059011902802389,0.08357994469210646,,,0.7882266761827398,,0.7882385422418553,0.2117614577581447,0.9687742121765351,0.40257527691592676,5,0.1,0.5,0.622998098018994,0.6120575274377839,1.0,0.6134027111290783,0.6164707880180168,0.6186917571357626,0.6184436090287139,0.6157828052182018,0.6172283275266033,0.6205072705649053,0.6166183710625056,0.6184444366413023
3,3,0.26184797018979955,0.9232,5000,1.6047557239179258,0.9172661870503597,834,1.6183535614714455,0.9145,0.8016281086681984,0.08253294178320347,,,0.6,,0.6,0.4,0.9644806493069007,0.40028345470720883,5,0.1,0.5,0.6123283697442429,0.6100962779939683,0.6134027111290783,1.0,0.6140041124763136,0.613835984565906,0.6285830264769742,0.6128170854057804,0.6084936278142109,0.6143002384420779,0.6133134235034495,0.6142797634674151
3,4,0.24042249685064385,0.92592,5000,1.596510476536221,0.9087635054021609,833,1.6079372845518702,0.9151,0.8091077861215675,0.08370943240439939,,,0.8115055433990138,,0.8115305456553386,0.18846945434466145,0.968916671068607,0.4026739199953342,5,0.1,0.5,0.6197577532429501,0.6181875467189774,0.6164707880180168,0.6140041124763136,1.0,0.6105249845174519,0.6298181755556648,0.6164698841912398,0.6242496732590501,0.619000355191923,0.6227554149038232,0.6302097914282916
3,5,0.24880743381585096,0.9256,5000,1.621780139428598,0.9111644657863145,833,1.6084362672159846,0.9152,0.8040734097992268,0.08339869527343796,,,0.7556422627623697,,0.75565985643291,0.24434014356709,0.9683839613120793,0.4023895260492703,5,0.1,0.5,0.6168401222340338,0.6105149934185383,0.6186917571357626,0.613835984565906,0.6105249845174519,1.0,0.6218696706150539,0.6156895188425298,0.6184719679326589,0.6126045262246149,0.6170633924814697,0.617660143084637
3,6,0.237951511580936,0.92972,5000,1.6143459258256134,0.9303721488595438,833,1.6071622588763983,0.9153,0.8142902459847757,0.08453542652479724,,,0.9599999998202233,,0.9600020079313287,0.03999799206867127,0.9695617900260196,0.40288226861418186,5,0.1,0.5,0.6266187010489476,0.6264551945278385,0.6184436090287139,0.6285830264769742,0.6298181755556648,0.6218696706150539,1.0,0.6241603008403364,0.62216170666905,0.6204500587480904,0.6265999140482416,0.6223508818421477
3,7,0.25007104666868024,0.92472,5000,1.6041744064401697,0.9255702280912365,833,1.6129034018745056,0.9146,0.8028526582438416,0.08279820930324475,,,0.6476889062790882,,0.6477034285427439,0.3522965714572561,0.9660734864128078,0.40120843943170986,5,0.1,0.5,0.6180633579848487,0.6056360049188618,0.6157828052182018,0.6128170854057804,0.6164698841912398,0.6156895188425298,0.6241603008403364,1.0,0.6128504475639767,0.6115409768376643,0.6167004256164049,0.6160679335097843
3,8,0.2555879424332054,0.92408,5000,1.6122658959141485,0.9111644657863145,833,1.6079471019891123,0.9152,0.8058598314646158,0.08363545249767149,,,0.7982056835521176,,0.7982179609457356,0.2017820390542644,0.9688784812330121,0.4026204908707375,5,0.1,0.5,0.6221979323129945,0.6124594398927383,0.6172283275266033,0.6084936278142109,0.6242496732590501,0.6184719679326589,0.62216170666905,0.6128504475639767,1.0,0.6177174194679571,0.6171964268796948,0.6166585409606044
3,9,0.251451543884079,0.9244,5000,1.6292553919333,0.9051620648259304,833,1.6081982294972332,0.9153,0.8046088958573064,0.08355571329409783,,,0.783870436608197,,0.7838763114301491,0.21612368856985087,0.9687512599344994,0.4025535652768007,5,0.1,0.5,0.6121731037196577,0.6121190545865897,0.6205072705649053,0.6143002384420779,0.619000355191923,0.6126045262246149,0.6204500587480904,0.6115409768376643,0.6177174194679571,1.0,0.6097813767191312,0.6277170561929533
3,10,0.2511653832343828,0.92696,5000,1.604379035808422,0.9111644657863145,833,1.6118132401579104,0.9151,0.8055673891485833,0.08298680156846115,,,0.6815933920580738,,0.6816073490286633,0.31839265097133673,0.9667863277239004,0.40169543731704066,5,0.1,0.5,0.6181961496029946,0.6059771549058778,0.6166183710625056,0.6133134235034495,0.6227554149038232,0.6170633924814697,0.6265999140482416,0.6167004256164049,0.6171964268796948,0.6097813767191312,1.0,0.6271230830683961
3,11,0.2573878098967349,0.9202,5000,1.6052436431248982,0.9087635054021609,833,1.6097533573357823,0.9153,0.8081868043625419,0.08326126856019808,,,0.7309361485463508,,0.730952261432659,0.269047738567341,0.96764682178625,0.4022040939929083,5,0.1,0.5,0.6143858561039008,0.6104912188748433,0.6184444366413023,0.6142797634674151,0.6302097914282916,0.617660143084637,0.6223508818421477,0.6160679335097843,0.6166585409606044,0.6277170561929533,0.6271230830683961,1.0
4,0,0.22548200755623304,0.93184,5000,1.3731747070948284,0.9100719424460432,834,1.3643437711575541,0.9265,0.7955026030943713,0.08318333637400435,,,0.6964727237787548,,0.6964811003463681,0.3035188996536319,0.9684342479313941,0.39795622078683895,5,0.1,0.5,1.0,0.6036057793003181,0.6060237838449043,0.5978712957983593,0.6030237335925538,0.5995422953499531,0.6064997073761571,0.5996094124199759,0.607542387553685,0.5950957497666496,0.6047965409206507,0.595043735602625
4,1,0.23178175375648555,0.92912,5000,1.3407408749615704,0.9316546762589928,834,1.3689384666113809,0.9269,0.7976219241321201,0.0829401713088744,,,0.6447402897272438,,0.6447517694894834,0.35524823051051657,0.9667557124633207,0.3972088156730112,5,0.1,0.5,0.6036057793003181,1.0,0.609870847017473,0.6049637164772353,0.6074390293046119,0.6006271667526867,0.6113144654132154,0.5923723047454827,0.6035264509419013,0.6038470146143167,0.6004532661740681,0.6031009900452554
4,2,0.2337257174359765,0.92932,5000,1.3691374637462475,0.935251798561151,834,1.3616911789860588,0.9269,0.8008649461931684,0.08359588182489357,,,0.7842401846184608,,0.7842477787259676,0.21575222127403237,0.9696938038826959,0.39868030235798063,5,0.1,0.5,0.6060237838449043,0.609870847017473,1.0,0.6055859528502301,0.594364441290895,0.6034075894869758,0.6126955600873608,0.6047185907819517,0.6124439912337768,0.6100400568710528,0.5988473304294657,0.6104382675263484
4,3,0.23743444471234443,0.9292,5000,1.3588229020436604,0.9316546762589928,834,1.3757737673128756,0.9257,0.7960104185576232,0.08272987238007037,,,0.6,,0.6,0.4,0.9653240799724665,0.39630473302905916,5,0.1,0.5,0.5978712957983593,0.6049637164772353,0.6055859528502301,1.0,0.6043881036981051,0.5994157291130578,0.6086799430396852,0.5993721739670891,0.5927176229378843,0.6014678572003659,0.6048216775673889,0.6076729851393959
4,4,0.2286237662397088,0.92996,5000,1.3487021790610418,0.9207683073229291,833,1.361556407742607,0.9269,0.7969079123867585,0.08354350440282464,,,0.7730970891597404,,0.7731087796797349,0.2268912203202651,0.9697364305722549,0.39861902063797033,5,0.1,0.5,0.6030237335925538,0.6074390293046119,0.594364441290895,0.6043881036981051,1.0,0.5970956734182642,0.6120141760093545,0.5994599877049953,0.6054235596920634,0.6049696131209944,0.6009269684984854,0.6007941492388654
4,5,0.2285025041983433,0.932,5000,1.3786613587979917,0.9207683073229291,833,1.3625354496434854,0.927,0.7967680978053282,0.08333200878794682,,,0.7281022090645931,,0.7281210782591235,0.27187892174087647,0.9689386931262827,0.398284638019131,5,0.1,0.5,0.5995422953499531,0.6006271667526867,0.6034075894869758,0.5994157291130578,0.5970956734182642,1.0,0.6131387500707318,0.5966856798473583,0.6094874053627882,0.5984813544259332,0.6033341141489034,0.608707643101791
4,6,0.2199380904591826,0.9352,5000,1.3675635699872617,0.9387755102040817,833,1.36039673215665,0.9268,0.8063192707394106,0.08442202982442885,,,0.9599999997872538,,0.9600020079313287,0.03999799206867127,0.9707725794231657,0.399029915456004,5,0.1,0.5,0.6064997073761571,0.6113144654132154,0.6126955600873608,0.6086799430396852,0.6120141760093545,0.6131387500707318,1.0,0.6087063617962604,0.6137497991925039,0.6074707272446744,0.606661887419113,0.6153162726477066
4,7,0.2346164500572167,0.9284,5000,1.3585315015580919,0.9399759903961584,833,1.3692709154214342,0.9267,0.79322622993884,0.08280881446281593,,,0.6167946250311127,,0.6168114050499472,0.38318859495005275,0.966392637054915,0.3966755141050529,5,0.1,0.5,0.5996094124199759,0.5923723047454827,0.6047185907819517,0.5993721739670891,0.5994599877049953,0.5966856798473583,0.6087063617962604,1.0,0.6013943804043734,0.5962044408960178,0.6012367946437415,0.5991609707979317
4,8,0.2331119310950184,0.92988,5000,1.3670541710323758,0.9255702280912365,833,1.361534481231397,0.9269,0.7998134617002916,0.08359599253840558,,,0.7842637384930918,,0.7842728778675769,0.21572712213242307,0.9697974041453463,0.3986803678875913,5,0.1,0.5,0.607542387553685,0.6035264509419013,0.6124439912337768,0.5927176229378843,0.6054235596920634,0.6094874053627882,0.6137497991925039,0.6013943804043734,1.0,0.6020200740769135,0.6005542115161792,0.609019373677332
4,9,0.2349859619697046,0.93116,5000,1.387328064000165,0.9123649459783914,833,1.3620269386151347,0.9269,0.7966784583621731,0.0834332701553429,,,0.7496451762173127,,0.7496561417599518,0.25034385824004823,0.9693277457863669,0.3984605609464234,5,0.1,0.5,0.5950957497666496,0.6038470146143167,0.6100400568710528,0.6014678572003659,0.6049696131209944,0.5984813544259332,0.6074707272446744,0.5962044408960178,0.6020200740769135,1.0,0.601282891758463,0.6075064160854086
4,10,0.23266659894198843,0.93216,5000,1.3573836728378579,0.9243697478991597,833,1.367293362038585,0.9271,0.7965858922667624,0.08305177274709011,,,0.6684830672494275,,0.6684955574519351,0.3315044425480649,0.9676515479579587,0.39758829864103823,5,0.1,0.5,0.6047965409206507,0.6004532661740681,0.5988473304294657,0.6048216775673889,0.6009269684984854,0.6033341141489034,0.606661887419113,0.6012367946437415,0.6005542115161792,0.601282891758463,1.0,0.607422543267016
4,11,0.23575338070239327,0.92904,5000,1.3595799185611583,0.9267707082833133,833,1.363846525597496,0.9267,0.8002746924605308,0.08336334519330245,,,0.7347689089978474,,0.734777370613925,0.265222629386075,0.9689064140908835,0.39834159102439587,5,0.1,0.5,0.595043735602625,0.6031009900452554,0.6104382675263484,0.6076729851393959,0.6007941492388654,0.608707643101791,0.6153162726477066,0.5991609707979317,0.609019373677332,0.6075064160854086,0.607422543267016,1.0
5,0,0.21872382261819995,0.93528,5000,1.1321971946292453,0.9292565947242206,834,1.1186042778408185,0.9381,0.7851110748638565,0.08325937954860033,,,0.7473500973501581,,0.7473671000451785,0.2526328999548215,0.966978943473824,0.3916144104151039,5,0.1,0.5,1.0,0.5779258785428905,0.5774556197300262,0.58437143023504,0.5800735098069726,0.5785859871633975,0.5880408466760619,0.5778601745365637,0.5802476169995077,0.5851774300174435,0.5809606341428365,0.5798517653950483
5,1,0.2161999135384941,0.93544,5000,1.0907180618356775,0.9376498800959233,834,1.1241531078807843,0.9373,0.7785502531913364,0.08286585494760199,,,0.6627537673204709,,0.6627679333366799,0.33723206666332006,0.9656433424373063,0.3906924187103232,5,0.1,0.5,0.5779258785428905,1.0,0.5823515952075389,0.5753415929307795,0.5750058417546772,0.5772515733192887,0.5845782060121674,0.5583256082306455,0.5737586048655183,0.580512046196766,0.5670842926906199,0.5777274336416303
5,2,0.22222729631029306,0.93424,5000,1.125115778711107,0.9400479616306955,834,1.1156188634256967,0.9377,0.7834469070799104,0.0834766863260277,,,0.794064726662523,,0.7940766025801917,0.20592339741980825,0.9683342214690993,0.3918978719906626,5,0.1,0.5,0.5774556197300262,0.5823515952075389,1.0,0.5796762648956184,0.5714819242291412,0.5838220567176898,0.5846862276310515,0.5681175793638367,0.586974021352189,0.586761771407535,0.5687105336782132,0.5826830535868909
5,3,0.2184277372565239,0.9344,5000,1.1111025037588897,0.9424460431654677,834,1.1310391450842348,0.9366,0.7850541711376315,0.0829541348144771,,,0.6817313680452987,,0.6817479042216756,0.31825209577832436,0.9643773856323621,0.3909548523978227,5,0.1,0.5,0.58437143023504,0.5753415929307795,0.5796762648956184,1.0,0.5835377082060985,0.5894534118048484,0.587765491833406,0.5655145475330398,0.5722871066176889,0.5915004843738673,0.5794635716026082,0.5832746704861166
5,4,0.21057632251636713,0.93564,5000,1.102473983058223,0.9279711884753902,833,1.1155029205849376,0.9378,0.7846113896685765,0.08348264541006252,,,0.7953457562052897,,0.7953616786305908,0.20463832136940918,0.9682182905891743,0.391903229095221,5,0.1,0.5,0.5800735098069726,0.5750058417546772,0.5714819242291412,0.5835377082060985,1.0,0.580927811293715,0.5860056215979816,0.5705780567248853,0.5865378983902272,0.5865047926689159,0.5768912837203057,0.5864304671650628
5,5,0.21063117187256647,0.93824,5000,1.1351495539700542,0.9327731092436975,833,1.1165242665491926,0.9379,0.7879245488958394,0.08345782319348877,,,0.7900097024490205,,0.7900306209527634,0.20996937904723656,0.9676073137420687,0.3918784439997517,5,0.1,0.5,0.5785859871633975,0.5772515733192887,0.5838220567176898,0.5894534118048484,0.580927811293715,1.0,0.5843154873288905,0.5730152566294138,0.5931408801823059,0.587327030208301,0.578113749407173,0.5903007139421425
5,6,0.20379088067977577,0.9396,5000,1.1209019488758512,0.9495798319327731,833,1.1139812920801937,0.9376,0.7896814874306322,0.08424858283884533,,,0.959999999785029,,0.9600020079313287,0.03999799206867127,0.969489867077799,0.39218744189080673,5,0.1,0.5,0.5880408466760619,0.5845782060121674,0.5846862276310515,0.587765491833406,0.5860056215979816,0.5843154873288905,1.0,0.5703305331345855,0.5831752367447797,0.584752844861669,0.5820682820067288,0.5916894699958326
5,7,0.22526228352609998,0.93336,5000,1.1132219698694017,0.9531812725090036,833,1.1256859087334654,0.9373,0.7727519709725252,0.08257393742307977,,,0.6,,0.6,0.4,0.9646215317008882,0.38953346044367676,5,0.1,0.5,0.5778601745365637,0.5583256082306455,0.5681175793638367,0.5655145475330398,0.5705780567248853,0.5730152566294138,0.5703305331345855,1.0,0.571417137251843,0.5785170450634058,0.5745740114579432,0.567941761483515
5,8,0.21567966235077873,0.93528,5000,1.1214078311566953,0.9375750300120048,833,1.115342825746384,0.9378,0.7863842452955102,0.08358014281516982,,,0.8163048592412134,,0.8163244817027258,0.18367551829727424,0.9684639206017255,0.3919897626362032,5,0.1,0.5,0.5802476169995077,0.5737586048655183,0.586974021352189,0.5722871066176889,0.5865378983902272,0.5931408801823059,0.5831752367447797,0.571417137251843,1.0,0.5914923919285978,0.5772945796624814,0.5839789507486458
5,9,0.21066074014232036,0.93768,5000,1.1448131446485166,0.9195678271308524,833,1.115812300302731,0.9377,0.7904829655447875,0.08361558497472306,,,0.8239238914921185,,0.8239345414386828,0.17606545856131717,0.9679527030103401,0.3920152126229396,5,0.1,0.5,0.5851774300174435,0.580512046196766,0.586761771407535,0.5915004843738673,0.5865047926689159,0.587327030208301,0.584752844861669,0.5785170450634058,0.5914923919285978,1.0,0.5789391120857162,0.5884050751708086
5,10,0.21358930340190982,0.93632,5000,1.1109850296267756,0.9411764705882353,833,1.1221312798631078,0.9374,0.7804596044836105,0.08300768689399451,,,0.6932435057392028,,0.6932533507354048,0.30674664926459516,0.9663675393933363,0.3910979857127425,5,0.1,0.5,0.5809606341428365,0.5670842926906199,0.5687105336782132,0.5794635716026082,0.5768912837203057,0.578113749407173,0.5820682820067288,0.5745740114579432,0.5772945796624814,0.5789391120857162,1.0,0.583352012716396
5,11,0.21827677491055741,0.93312,5000,1.1132378070442766,0.9351740696278511,833,1.1177508783416625,0.938,0.7878893810877565,0.08347754081392905,,,0.7942484166791721,,0.7942573163997791,0.20574268360022085,0.9676656854782256,0.39189829442019103,5,0.1,0.5,0.5798517653950483,0.5777274336416303,0.5826830535868909,0.5832746704861166,0.5864304671650628,0.5903007139421425,0.5916894699958326,0.567941761483515,0.5839789507486458,0.5884050751708086,0.583352012716396,1.0
6,0,0.1934110488724794,0.94212,5000,0.9059312630582739,0.9280575539568345,834,0.8872625317436438,0.9438,0.7708572352713879,0.08326697852314899,,,0.7275245117482357,,0.7275387781737864,0.2724612218262136,0.9652841247942983,0.38491567973313395,5,0.1,0.5,1.0,0.5596983201387606,0.5523300060224151,0.5583007135347765,0.560991601946007,0.5569130454098701,0.5655397932518147,0.5580255038485074,0.5574190558585682,0.5563594566281274,0.5530278402834385,0.5568257042653082
6,1,0.20206823509103458,0.93832,5000,0.8575175404548645,0.947242206235012,834,0.8936235643804263,0.9431,0.7671772563487964,0.08287212517487122,,,0.6333112004008333,,0.6333266402289042,0.36667335977109583,0.9627837750548252,0.38361607750075294,5,0.1,0.5,0.5596983201387606,1.0,0.5550067343606332,0.5618977328201314,0.5600209800708,0.5542184836334498,0.5665363325717739,0.5410135528926445,0.5542145502678805,0.5588306219446657,0.5390046178899344,0.5528110019713948
6,2,0.20918535697600169,0.93728,5000,0.8950246042675443,0.9496402877697842,834,0.8845177368995861,0.9439,0.7670425698530545,0.08327809701811673,,,0.7301774213225852,,0.7301992871843783,0.2698007128156217,0.9654250058127857,0.38493895367438524,5,0.1,0.5,0.5523300060224151,0.5550067343606332,1.0,0.5528136829542446,0.5542119899309869,0.5604622102575739,0.5564436720663668,0.5534096151121418,0.5535203585922036,0.5617312427726145,0.5464863039706749,0.5525276463180882
6,3,0.2052354146257802,0.93912,5000,0.8774016433291965,0.9496402877697842,834,0.8992741269806322,0.9432,0.7730834665059487,0.08314051234676532,,,0.6973492649065455,,0.6973595703026957,0.3026404296973043,0.9641967547059733,0.38459733683182107,5,0.1,0.5,0.5583007135347765,0.5618977328201314,0.5528136829542446,1.0,0.5642214564803205,0.5663704995134807,0.5663815014118188,0.5540973102476775,0.5543658956183253,0.5606715935975187,0.5602432333546122,0.5582582019252534
6,4,0.1963694073657274,0.94176,5000,0.8731127513779534,0.936374549819928,833,0.8841558694839478,0.9439,0.7741705208832268,0.08353436800522053,,,0.7913245241713425,,0.79133577631645,0.20866422368354998,0.9660523243945659,0.38535303664019643,5,0.1,0.5,0.560991601946007,0.5600209800708,0.5542119899309869,0.5642214564803205,1.0,0.5592889764745629,0.5719102033970167,0.5578938090124792,0.5611523695368958,0.5586883875059065,0.5536270409342458,0.5628398621503443
6,5,0.19454153827895784,0.9434,5000,0.9050826893912421,0.9399759903961584,833,0.8850706076850525,0.9438,0.7751478911630219,0.08355226684153112,,,0.7955952455554747,,0.7956126700466845,0.20438732995331554,0.9660563396979418,0.38537451203775114,5,0.1,0.5,0.5569130454098701,0.5542184836334498,0.5604622102575739,0.5663704995134807,0.5592889764745629,1.0,0.5698988681267225,0.5578255161282432,0.5674380082235286,0.5604499153142921,0.5580333816926071,0.563102188231912
6,6,0.1914610156248128,0.9428,5000,0.8876783671202483,0.9531812725090036,833,0.8825537689958518,0.9438,0.7795926283904284,0.08424129652048616,,,0.9599999997613966,,0.9600020079313287,0.03999799206867127,0.9671109498244586,0.3856681103277181,5,0.1,0.5,0.5655397932518147,0.5665363325717739,0.5564436720663668,0.5663815014118188,0.5719102033970167,0.5698988681267225,1.0,0.5624424221760059,0.5672951649355208,0.5620578079882425,0.5573544097667235,0.5652921799023575
6,7,0.19610509826166994,0.9406,5000,0.8822360281591062,0.957983193277311,833,0.8959891253386062,0.9432,0.768778904123222,0.08273251603869597,,,0.6,,0.6,0.4,0.9611479689398104,0.38290195595509424,5,0.1,0.5,0.5580255038485074,0.5410135528926445,0.5534096151121418,0.5540973102476775,0.5578938090124792,0.5578255161282432,0.5624424221760059,1.0,0.5606758484611469,0.5558861262762258,0.5622882529936373,0.5562128943211619
6,8,0.19576717886100908,0.94088,5000,0.8913974276295414,0.9423769507803121,833,0.8840801618731441,0.9439,0.7713520720569452,0.08350018055068911,,,0.7831672847507012,,0.783178555293409,0.21682144470659104,0.9660969018722769,0.3853111835657923,5,0.1,0.5,0.5574190558585682,0.5542145502678805,0.5535203585922036,0.5543658956183253,0.5611523695368958,0.5674380082235286,0.5672951649355208,0.5606758484611469,1.0,0.5544632730127822,0.5538405442940354,0.5538755080848548
6,9,0.19739520507953634,0.94232,5000,0.9149696849010609,0.929171668667467,833,0.8844347299097445,0.9439,0.7711588755002242,0.08351717537516207,,,0.7872223059284337,,0.7872345765774811,0.21276542342251892,0.9661689061251885,0.3853324758634672,5,0.1,0.5,0.5563594566281274,0.5588306219446657,0.5617312427726145,0.5606715935975187,0.5586883875059065,0.5604499153142921,0.5620578079882425,0.5558861262762258,0.5544632730127822,1.0,0.5486859940096889,0.5584985355644625
6,10,0.20129941310792876,0.94048,5000,0.8802745287065152,0.9447779111644657,833,0.8915734452942309,0.9434,0.766065848465333,0.08292816294868162,,,0.6466819980760768,,0.6466994628783695,0.35330053712163045,0.9633323237371857,0.3838631168954952,5,0.1,0.5,0.5530278402834385,0.5390046178899344,0.5464863039706749,0.5602432333546122,0.5536270409342458,0.5580333816926071,0.5573544097667235,0.5622882529936373,0.5538405442940354,0.5486859940096889,1.0,0.5599143000641259
6,11,0.20069127808425838,0.93784,5000,0.8820582738629094,0.9423769507803121,833,0.8863017905634433,0.9439,0.771497089744492,0.08343632065663127,,,0.7679301033826681,,0.7679433763365293,0.23205662366347068,0.9658591546062819,0.38522150857112686,5,0.1,0.5,0.5568257042653082,0.5528110019713948,0.5525276463180882,0.5582582019252534,0.5628398621503443,0.563102188231912,0.5652921799023575,0.5562128943211619,0.5538755080848548,0.5584985355644625,0.5599143000641259,1.0
7,0,0.18018738013828636,0.94588,5000,0.708074688911438,0.934052757793765,834,0.6850337991699244,0.9477,0.7535994933997576,0.08319398610034709,,,0.7130812797139231,,0.7131017519200843,0.2868982480799157,0.9632395944796849,0.3772413525007639,5,0.1,0.5,1.0,0.5294642152529696,0.5274981034282852,0.5290029255739374,0.5351562862053462,0.5271463397245022,0.5390519111510377,0.5325023348452582,0.530236809437263,0.5303038838930347,0.535301595721385,0.5236560391740155
