round,client_id,client_i_training_loss,client_i_training_accuracy,client_i_training_dataset_size,client_i_evaluation_loss,client_i_evaluation_accuracy,client_i_evaluation_dataset_size,client_i_central_evaluation_loss,client_i_central_evaluation_accuracy,client_i_cosine_similarity,client_i_importance_coefficient,client_i_tanh_val,tanh_normalization_value,client_i_q,client_i_mask_order,client_i_v_nonzero_fraction,client_i_v_sparsity,client_i_v_cosine_similarity,client_i_reward_gradient_norm,local_epochs,learning_rate,gamma,client_0_cosine_similarity,client_1_cosine_similarity,client_2_cosine_similarity,client_3_cosine_similarity,client_4_cosine_similarity,client_5_cosine_similarity,client_6_cosine_similarity,client_7_cosine_similarity,client_8_cosine_similarity,client_9_cosine_similarity,client_10_cosine_similarity,client_11_cosine_similarity
0,0,0.34178508218959164,0.89356,5000,2.19856126220138,0.33093525179856115,834,2.2019171455797677,0.3267,0.7992613486397111,0.08468891536978368,,,0.999999999833397,,1.0,0.0,0,0.3932339533894432,5,0.1,0.5,1.0,0.6021580745162202,0.5925452533177152,0.5956600367507646,0.5924136020298847,0.5930407821741477,0.5874182430959791,0.5935581823201561,0.5965240634743691,0.6013713170043918,0.6005188240164651,0.5879122356839095
0,1,0.3434475803878277,0.89368,5000,2.2026527722676597,0.31534772182254195,834,2.2020748583272622,0.3269,0.7876732245399622,0.08346104958739795,,,0.7954339115579122,,0.7954520355403846,0.20454796445961543,0,0.3930038659443086,5,0.1,0.5,0.6021580745162202,1.0,0.5723683379725528,0.581564646458118,0.5713410594322207,0.5727570511169815,0.5921691329798994,0.5893847367269717,0.5908053769433625,0.5860309221375114,0.5953645343456524,0.5798124937751238
0,2,0.3429118529982438,0.89276,5000,2.2045626287107116,0.32973621103117506,834,2.202349425885624,0.3264,0.7819954759980976,0.08285944115659961,,,0.6952041591473143,,0.6952261432659003,0.30477385673409974,0,0.39238721505495516,5,0.1,0.5,0.5925452533177152,0.5723683379725528,1.0,0.5783531947778712,0.5735720047654287,0.5801212423468929,0.584503711554516,0.5737708018858892,0.5888117185925578,0.57759468428477,0.5838587559573386,0.5746722583261256
0,3,0.3532544281381141,0.88828,5000,2.200510201630769,0.33093525179856115,834,2.202268186849527,0.3262,0.7831975732182666,0.08298681414907373,,,0.7164248782162551,,0.7164399377541288,0.28356006224587116,0,0.39257437270925144,5,0.1,0.5,0.5956600367507646,0.581564646458118,0.5783531947778712,1.0,0.576282933317227,0.5858401976460222,0.5910731213839435,0.578259891965332,0.5856219406317218,0.5701132678112024,0.5871751856247982,0.5615724782142946
0,4,0.3477542948903172,0.89152,5000,2.204294928797969,0.3433373349339736,833,2.202601760340194,0.3278,0.7799688749470971,0.08264470458114954,,,0.6594284075304373,,0.6594397871592792,0.3405602128407208,0,0.39198103490740743,5,0.1,0.5,0.5924136020298847,0.5713410594322207,0.5735720047654287,0.576282933317227,1.0,0.5794042958111479,0.5763615892743127,0.5860684571439062,0.5707120933470257,0.5812144374286969,0.5758191754022657,0.5778560377325652
0,5,0.32803077432119354,0.89592,5000,2.1872712859400996,0.3217286914765906,833,2.2020952831061122,0.327,0.7863074955561679,0.08331633834054049,,,0.7713245877834688,,0.7713367802821144,0.2286632197178856,0,0.3929065631032183,5,0.1,0.5,0.5930407821741477,0.5727570511169815,0.5801212423468929,0.5858401976460222,0.5794042958111479,1.0,0.5994065132634733,0.5894805802275743,0.5892201470494138,0.586266236333249,0.5757356505426873,0.5695944454377798
0,6,0.34544461734331905,0.89024,5000,2.212277995215522,0.3097238895558223,833,2.201977113565317,0.3266,0.7908203327562444,0.0837945139565206,,,0.8509900664318852,,0.8510064755785353,0.14899352442146474,0,0.3931501302560002,5,0.1,0.5,0.5874182430959791,0.5921691329798994,0.584503711554516,0.5910731213839435,0.5763615892743127,0.5994065132634733,1.0,0.5862049410144421,0.5955600202891929,0.5941184022819543,0.5836426956106001,0.5729991890152348
0,7,0.3508716404390563,0.88968,5000,2.207534834190651,0.33613445378151263,833,2.20207427865781,0.3269,0.7875867669806418,0.083451888632803,,,0.7939076692981802,,0.7939159680738919,0.20608403192610814,0,0.3929984192263741,5,0.1,0.5,0.5935581823201561,0.5893847367269717,0.5737708018858892,0.578259891965332,0.5860684571439062,0.5894805802275743,0.5862049410144421,1.0,0.5759106062393418,0.5892133098002144,0.5882946455875955,0.5827942566461708
0,8,0.34050575664302535,0.89208,5000,2.1984556869224265,0.33373349339735897,833,2.2020285784626923,0.3269,0.7882860907383753,0.08352598826321248,,,0.8062528879311743,,0.8062747854023392,0.1937252145976608,0,0.3930406386401127,5,0.1,0.5,0.5965240634743691,0.5908053769433625,0.5888117185925578,0.5856219406317218,0.5707120933470257,0.5892201470494138,0.5955600202891929,0.5759106062393418,1.0,0.577932557511845,0.5977168413516808,0.5707249976900372
0,9,0.34727615495301356,0.89144,5000,2.2013603581322565,0.3241296518607443,833,2.2021305355401086,0.3272,0.7858910803542559,0.08327221541147176,,,0.763973576677589,,0.7639827317905727,0.23601726820942726,0,0.3928714975726828,5,0.1,0.5,0.6013713170043918,0.5860309221375114,0.57759468428477,0.5701132678112024,0.5812144374286969,0.586266236333249,0.5941184022819543,0.5892133098002144,0.577932557511845,1.0,0.58478082360414,0.5683012138685254
0,10,0.3280683202491065,0.89572,5000,2.204175587053652,0.33733493397358943,833,2.202020484418534,0.3267,0.7900239753308838,0.08371013273789261,,,0.83693190464721,,0.8369459364489734,0.16305406355102658,0,0.39312180259893315,5,0.1,0.5,0.6005188240164651,0.5953645343456524,0.5838587559573386,0.5871751856247982,0.5758191754022657,0.5757356505426873,0.5836426956106001,0.5882946455875955,0.5977168413516808,0.58478082360414,1.0,0.5830347143037545
0,11,0.363560594542391,0.88884,5000,2.2100758905763978,0.3157262905162065,833,2.2030924867136408,0.3256,0.7766024139304218,0.08228799781355456,,,0.6,,0.6,0.4,0,0.39100430745230297,5,0.1,0.5,0.5879122356839095,0.5798124937751238,0.5746722583261256,0.5615724782142946,0.5778560377325652,0.5695944454377798,0.5729991890152348,0.5827942566461708,0.5707249976900372,0.5683012138685254,0.5830347143037545,1.0
1,0,0.30725340319168604,0.9052,5000,2.040261008121349,0.7134292565947242,834,2.046469000200875,0.6815,0.8053629462048574,0.08408510136541131,,,0.9999999997533053,,1.0,0.0,0.9597328062270204,0.40477187125094083,5,0.1,0.5,1.0,0.6272504036446154,0.6182941774147496,0.6170942222058321,0.6150703515386213,0.6257174988420655,0.6188763735644495,0.6131336892009192,0.6277130376224478,0.619717788565726,0.6201713334626535,0.6143519231615047
1,1,0.30303262349597776,0.90864,5000,2.0417188847506487,0.6822541966426858,834,2.046694095904073,0.6806,0.8145341850512329,0.0835920311192809,,,0.8783621826609125,,0.878374579589378,0.12162542041062196,0.9591447434455649,0.404728594275771,5,0.1,0.5,0.6272504036446154,1.0,0.6245833554289915,0.6222736504275741,0.6273790780368347,0.6243246281641684,0.6382087105991749,0.6284139136266736,0.6303837028685508,0.6290733457673727,0.6327650768817961,0.6274595945655996
1,2,0.30458719863846995,0.90508,5000,2.0491082580001265,0.657074340527578,834,2.0479118469805,0.6805,0.8036142976511199,0.0828136601317849,,,0.6863421843947358,,0.6863561066211535,0.31364389337884646,0.9573293486459964,0.4038031636032051,5,0.1,0.5,0.6182941774147496,0.6245833554289915,1.0,0.6108141855189851,0.627239867180421,0.6170387033049766,0.6204094108980625,0.6141945402561553,0.6200411093859789,0.620864314049153,0.625851816124086,0.6094500633758518
1,3,0.30775754596670246,0.90636,5000,2.043445026433026,0.6810551558752997,834,2.0475281953049924,0.6802,0.8050498319172595,0.08294793500970776,,,0.7194670852969186,,0.719476933888861,0.280523066111139,0.9579989180375711,0.4041221767995682,5,0.1,0.5,0.6170942222058321,0.6222736504275741,0.6108141855189851,1.0,0.6239442234815867,0.6167933036545161,0.6189059786973042,0.6190185627512707,0.6283507353337456,0.622677664516723,0.6217791013825634,0.6206184422209441
1,4,0.30784462971529764,0.90456,5000,2.0482119012762,0.6794717887154862,833,2.048282033719194,0.6807,0.8073622775238856,0.08280209745995289,,,0.6834897345208292,,0.6834998243060088,0.31650017569399125,0.9566026992109217,0.4037700891800594,5,0.1,0.5,0.6150703515386213,0.6273790780368347,0.627239867180421,0.6239442234815867,1.0,0.6291081945500164,0.6200141515502355,0.6223730824237681,0.6203021097278728,0.618346936184941,0.6329178432039732,0.6095183374115213
1,5,0.290694173541703,0.909,5000,2.0285620203724615,0.6818727490996399,833,2.046806389150528,0.6809,0.8105728879514017,0.08335832213418448,,,0.8207074143898443,,0.820726871141007,0.17927312885899305,0.9588458959329337,0.4046238215188681,5,0.1,0.5,0.6257174988420655,0.6243246281641684,0.6170387033049766,0.6167933036545161,0.6291081945500164,1.0,0.6312325143949205,0.6204956691994077,0.6368003820475598,0.616513196631536,0.6367288694055975,0.6194132302393791
1,6,0.3108251016551427,0.90332,5000,2.055793294200191,0.6746698679471789,833,2.0465543262493875,0.6811,0.8129849309027427,0.08375872694583324,,,0.9194851598013247,,0.9194970132021485,0.0805029867978515,0.9594891721000836,0.4047606315805808,5,0.1,0.5,0.6188763735644495,0.6382087105991749,0.6204094108980625,0.6189059786973042,0.6200141515502355,0.6312325143949205,1.0,0.6265070164760073,0.6344057155026745,0.6370489570425638,0.630766929941964,0.6191852278769596
1,7,0.3098137270030417,0.90252,5000,2.057433675836634,0.6770708283313326,833,2.0467956302265007,0.6804,0.8071789900613386,0.08332981927008358,,,0.813675908844085,,0.8136940916620652,0.1863059083379348,0.9590052297818237,0.4046039660141353,5,0.1,0.5,0.6131336892009192,0.6284139136266736,0.6141945402561553,0.6190185627512707,0.6223730824237681,0.6204956691994077,0.6265070164760073,1.0,0.6229259742598731,0.6278927271161864,0.6274035143774638,0.6184526425074066
1,8,0.29734908955136113,0.90892,5000,2.0413175335636846,0.6794717887154862,833,2.046624919476981,0.6808,0.8153346124337822,0.08366287581665532,,,0.8958391941188637,,0.8958536218061343,0.10414637819386574,0.9592371717082059,0.404745444635502,5,0.1,0.5,0.6277130376224478,0.6303837028685508,0.6200411093859789,0.6283507353337456,0.6203021097278728,0.6368003820475598,0.6344057155026745,0.6229259742598731,1.0,0.6309567864672088,0.6351727556484869,0.6325703254271061
1,9,0.31346870069243726,0.90132,5000,2.048994214446456,0.6746698679471789,833,2.046854863151575,0.6808,0.8110247086599451,0.0833448614633272,,,0.8173867382133191,,0.8174037447919281,0.18259625520807188,0.9588060043096873,0.4046143955505495,5,0.1,0.5,0.619717788565726,0.6290733457673727,0.620864314049153,0.622677664516723,0.618346936184941,0.616513196631536,0.6370489570425638,0.6278927271161864,0.6309567864672088,1.0,0.6393128840693979,0.616321807293499
1,10,0.2894511692747948,0.91056,5000,2.046559492746989,0.687875150060024,833,2.0466008841420136,0.6812,0.816947874056824,0.08384090525623632,,,0.9397581135401072,,0.9397720997941871,0.06022790020581292,0.9594316174405748,0.40476743982064756,5,0.1,0.5,0.6201713334626535,0.6327650768817961,0.625851816124086,0.6217791013825634,0.6329178432039732,0.6367288694055975,0.630766929941964,0.6274035143774638,0.6351727556484869,0.6393128840693979,1.0,0.6318583409315814
1,11,0.3251660884968984,0.90244,5000,2.06141142933457,0.6758703481392557,833,2.049986932224359,0.6792,0.8044217967645492,0.08246366402754199,,,0.6,,0.6,0.4,0.9541847475403614,0.40241243653491826,5,0.1,0.5,0.6143519231615047,0.6274595945655996,0.6094500633758518,0.6206184422209441,0.6095183374115213,0.6194132302393791,0.6191852278769596,0.6184526425074066,0.6325703254271061,0.616321807293499,0.6318583409315814,1.0
2,0,0.272812727863669,0.9168,5000,1.8420580316472936,0.8717026378896883,834,1.8517423430189919,0.8519,0.8134980152095308,0.08387592764868333,,,0.9639511870244557,,0.9639626524772853,0.0360373475227147,0.9690133196569567,0.4060985505631213,5,0.1,0.5,1.0,0.6320800193493922,0.6329482242949589,0.6253356747968482,0.6212459532403277,0.6189335440302751,0.6378341684612848,0.6220079499777661,0.6354494524924679,0.6299371003979819,0.6409828931637976,0.6283737697428402
2,1,0.269290884508259,0.92028,5000,1.8400538011833474,0.8597122302158273,834,1.8520893772570088,0.8517,0.8080349119306172,0.08335998351195223,,,0.8252624193515516,,0.8252848752572662,0.17471512474273376,0.9686960026366064,0.405945084656177,5,0.1,0.5,0.6320800193493922,1.0,0.6310870499931771,0.6163227459762217,0.6169388631945655,0.6211656970033264,0.6217150056737011,0.6311907505623612,0.6235522899005921,0.6244750262912943,0.6364221159942401,0.6190905033609895
2,2,0.2714744261365123,0.9172,5000,1.8534249067306519,0.8501199040767387,834,1.8541182051070582,0.8502,0.8137174237093592,0.08304319262648398,,,0.7401071973270055,,0.7401285076050399,0.2598714923949601,0.9668611360541746,0.4055317783534751,5,0.1,0.5,0.6329482242949589,0.6310870499931771,1.0,0.6339475360262873,0.6278085324828533,0.6242722581547996,0.6352143521937101,0.6212304779405817,0.6316538031032257,0.628203145236362,0.6438657290944999,0.6226709611937203
2,3,0.28021629002111353,0.91472,5000,1.8481576442718506,0.8393285371702638,834,1.853618368554039,0.8508,0.8107867901137013,0.08302999398467603,,,0.7365593260809096,,0.7365794889814768,0.26342051101852315,0.9673383095760357,0.4055056531680495,5,0.1,0.5,0.6253356747968482,0.6163227459762217,0.6339475360262873,1.0,0.6281984077708959,0.6313234463385953,0.6323324809517591,0.6287371223839295,0.6360696265486513,0.617033684981956,0.6319824129819407,0.6226521727629561
2,4,0.2731633408496358,0.91764,5000,1.8532202861927174,0.843937575030012,833,1.855179325460245,0.8499,0.8084280386090104,0.08285154732546976,,,0.6885918321241697,,0.6886049897093519,0.3113950102906481,0.9666127523189467,0.4050517311538442,5,0.1,0.5,0.6212459532403277,0.6169388631945655,0.6278085324828533,0.6281984077708959,1.0,0.6350063948110771,0.6259492920623417,0.628195682027192,0.6229625248169025,0.622585997901934,0.6331483357438537,0.6195969047855573
2,5,0.26252589433270085,0.9198,5000,1.8296689987182617,0.8691476590636255,833,1.8522715640905947,0.8515,0.8111323894764213,0.08331326454550096,,,0.8127040909923423,,0.812725264795944,0.18727473520405602,0.9685240998578079,0.40590597741176,5,0.1,0.5,0.6189335440302751,0.6211656970033264,0.6242722581547996,0.6313234463385953,0.6350063948110771,1.0,0.6323356490784349,0.6285831689684322,0.6358472894892491,0.6231541960394417,0.6362972597323308,0.618525576259155
2,6,0.2755380626317043,0.91564,5000,1.8609996415950634,0.8379351740696278,833,1.8518612845637166,0.8519,0.8152047810119237,0.08371958187873825,,,0.9219245399111934,,0.921936649766578,0.07806335023342204,0.9689753949236011,0.40608781620946854,5,0.1,0.5,0.6378341684612848,0.6217150056737011,0.6352143521937101,0.6323324809517591,0.6259492920623417,0.6323356490784349,1.0,0.6327715941009528,0.6412442151835922,0.6287195221905306,0.6362140832745168,0.6188637534904295
2,7,0.2712364565130252,0.91796,5000,1.868137655434785,0.8475390156062425,833,1.8522656641829127,0.8514,0.8108608472747926,0.08328497919416063,,,0.8051008249770708,,0.8051252447166307,0.19487475528336928,0.9684467892349298,0.4058797266559298,5,0.1,0.5,0.6220079499777661,0.6311907505623612,0.6212304779405817,0.6287371223839295,0.628195682027192,0.6285831689684322,0.6327715941009528,1.0,0.6341004981056757,0.624506040415623,0.6317063238885342,0.6198080004548784
2,8,0.2630538485368868,0.92092,5000,1.8450498227719907,0.8523409363745498,833,1.8519453678649074,0.8519,0.8178962123888136,0.08374985578109359,,,0.9300623399391453,,0.9300838311329752,0.06991616886702479,0.9689540832640511,0.4060913000896861,5,0.1,0.5,0.6354494524924679,0.6235522899005921,0.6316538031032257,0.6360696265486513,0.6229625248169025,0.6358472894892491,0.6412442151835922,0.6341004981056757,1.0,0.6285736969302624,0.6503798244590516,0.6300263837726922
2,9,0.2805104098632742,0.91444,5000,1.857312180377819,0.8367346938775511,833,1.8523769241552384,0.851,0.809272487956391,0.08323966686621051,,,0.792920609181601,,0.7929270618944833,0.20707293810551675,0.9683440123628761,0.40583073033696043,5,0.1,0.5,0.6299371003979819,0.6244750262912943,0.628203145236362,0.617033684981956,0.622585997901934,0.6231541960394417,0.6287195221905306,0.624506040415623,0.6285736969302624,1.0,0.6371740731151593,0.6228723225380077
2,10,0.2573555295892463,0.92128,5000,1.8490052267357155,0.8535414165666266,833,1.8518979796967185,0.8519,0.8219928172067053,0.08401003492978648,,,0.9999999997311941,,1.0,0.0,0.9690061561217648,0.4060998639811836,5,0.1,0.5,0.6409828931637976,0.6364221159942401,0.6438657290944999,0.6319824129819407,0.6331483357438537,0.6362972597323308,0.6362140832745168,0.6317063238885342,0.6503798244590516,0.6371740731151593,1.0,0.6309327942531777
2,11,0.29025575538420945,0.91472,5000,1.874364451125816,0.8451380552220888,833,1.859035627529644,0.8477,0.8053842242420642,0.08252197170724425,,,0.6,,0.6,0.4,0.9641976299077116,0.40360446158306146,5,0.1,0.5,0.6283737697428402,0.6190905033609895,0.6226709611937203,0.6226521727629561,0.6195969047855573,0.618525576259155,0.6188637534904295,0.6198080004548784,0.6300263837726922,0.6228723225380077,0.6309327942531777,1.0
3,0,0.2530577754293373,0.92424,5000,1.6119736830393474,0.9184652278177458,834,1.6252594241699851,0.9093,0.8052640988927283,0.08372298162163654,,,0.9277630542907487,,0.9277797299332363,0.07222027006676368,0.9712033937690588,0.40220054085512935,5,0.1,0.5,1.0,0.62622087894426,0.6158404601538849,0.6078734140633375,0.6128470958401063,0.6130039899054261,0.6208025690710972,0.6167160563080762,0.6207163586862052,0.6065343154719137,0.6199417522680393,0.6100742123844792
3,1,0.24716706051295445,0.92704,5000,1.6052214172151353,0.919664268585132,834,1.6257060065437048,0.9092,0.8116227800085449,0.08360277540312842,,,0.8925780329944497,,0.8925957532252397,0.10740424677476035,0.9708766279955702,0.40217467883253005,5,0.1,0.5,0.62622087894426,1.0,0.6152713312334002,0.6204561134590132,0.6194799668591642,0.6217215771000846,0.6242014411454526,0.6237344096187136,0.6235856211794225,0.6168698020104838,0.6260019788755438,0.6168091498178139
3,2,0.24814958707755727,0.9258,5000,1.6267027545858312,0.9052757793764988,834,1.6286546688872023,0.9074,0.804506862925541,0.08314435963555526,,,0.7583972165208629,,0.7584057025249736,0.24159429747502636,0.969796126545671,0.4017540234874102,5,0.1,0.5,0.6158404601538849,0.6152713312334002,1.0,0.6195719366743048,0.6175042034642667,0.6098103511048122,0.6167811880732896,0.6154086485824822,0.6152632002552487,0.6091755791918325,0.6251096402163565,0.6074162215651533
3,3,0.25501051070346575,0.92304,5000,1.621845254191646,0.8968824940047961,834,1.628237481315296,0.9074,0.8030005518648544,0.08308303652739517,,,0.7404476054828737,,0.7404648361026053,0.2595351638973947,0.9697149599783972,0.4016325973901403,5,0.1,0.5,0.6078734140633375,0.6204561134590132,0.6195719366743048,1.0,0.60655719679923,0.6207084659662783,0.6157686504687356,0.613242738671436,0.615776534520902,0.6051168179200404,0.6138029784513005,0.6139388433450553
3,4,0.25701005552082684,0.92212,5000,1.6265753772523668,0.9099639855942377,833,1.6305973487921035,0.9069,0.8017082885904782,0.08291960634004056,,,0.69261069077166,,0.6926258721951709,0.3073741278048291,0.9687110420595119,0.40118977551590596,5,0.1,0.5,0.6128470958401063,0.6194799668591642,0.6175042034642667,0.60655719679923,1.0,0.6167881598946151,0.612227915168999,0.6136583664868313,0.6135382241307509,0.5985846781947594,0.6195708799561477,0.6103234539629957
3,5,0.23545824648563268,0.92852,5000,1.5988474598637334,0.9111644657863145,833,1.6259894199645557,0.909,0.8052108406248576,0.08334801591238547,,,0.8180085288666733,,0.8180262035038401,0.18197379649615986,0.9707026193805086,0.40202696338437016,5,0.1,0.5,0.6130039899054261,0.6217215771000846,0.6098103511048122,0.6207084659662783,0.6167881598946151,1.0,0.617606169863331,0.6171391203560149,0.617361075423572,0.6055211115803926,0.6253692181564112,0.6076537262413952
3,6,0.2524018199094067,0.92516,5000,1.6347329793152985,0.9051620648259304,833,1.625385712891722,0.9093,0.8080335108521425,0.08371596112363211,,,0.9257081159118354,,0.9257316399779127,0.07426836002208725,0.9711823593047283,0.40219962464993797,5,0.1,0.5,0.6208025690710972,0.6242014411454526,0.6167811880732896,0.6157686504687356,0.612227915168999,0.617606169863331,1.0,0.6213218970713682,0.6183985748004098,0.6151428403660317,0.6232786843390304,0.6125369161069213
3,7,0.2533185600487005,0.92456,5000,1.6464632484647963,0.9099639855942377,833,1.6260649061050658,0.9085,0.803801617329972,0.0832800770803203,,,0.7981224590549242,,0.7981326238642639,0.20186737613573613,0.9705042335730856,0.40195513836820373,5,0.1,0.5,0.6167160563080762,0.6237344096187136,0.6154086485824822,0.613242738671436,0.6136583664868313,0.6171391203560149,0.6213218970713682,1.0,0.6116989994676408,0.6043698435064802,0.6138543856277219,0.6081223687860526
3,8,0.2437415177217584,0.9264,5000,1.6173273457421198,0.9147659063625451,833,1.6254938524751998,0.9091,0.8062428617171365,0.08367354151741987,,,0.9132916638639959,,0.9133075648812811,0.08669243511871894,0.9711700113722727,0.40219263575186676,5,0.1,0.5,0.6207163586862052,0.6235856211794225,0.6152632002552487,0.615776534520902,0.6135382241307509,0.617361075423572,0.6183985748004098,0.6116989994676408,1.0,0.6047300738783724,0.6207159886719149,0.6189270706962661
3,9,0.25346290142435557,0.92412,5000,1.6345728989000674,0.8919567827130852,833,1.627077558931832,0.9073,0.7948227059553232,0.08293666180514969,,,0.6976029192148387,,0.6976206013754329,0.3023793986245671,0.9691993258969049,0.4012460991934428,5,0.1,0.5,0.6065343154719137,0.6168698020104838,0.6091755791918325,0.6051168179200404,0.5985846781947594,0.6055211115803926,0.6151428403660317,0.6043698435064802,0.6047300738783724,1.0,0.611493894031461,0.595152591017014
3,10,0.24034766820274223,0.92676,5000,1.6196050158253423,0.9135654261704682,833,1.6253886866493348,0.9093,0.8097873264077114,0.08396977215138998,,,0.9999999997072945,,1.0,0.0,0.9712227304564431,0.40221118570920905,5,0.1,0.5,0.6199417522680393,0.6260019788755438,0.6251096402163565,0.6138029784513005,0.6195708799561477,0.6253692181564112,0.6232786843390304,0.6138543856277219,0.6207159886719149,0.611493894031461,1.0,0.6146155218681822
3,11,0.26327013243464337,0.92284,5000,1.6553579922075625,0.8979591836734694,833,1.6369437893358663,0.9055,0.7989045760104704,0.08260321088194668,,,0.6,,0.6,0.4,0.966411068869362,0.39959263931955724,5,0.1,0.5,0.6100742123844792,0.6168091498178139,0.6074162215651533,0.6139388433450553,0.6103234539629957,0.6076537262413952,0.6125369161069213,0.6081223687860526,0.6189270706962661,0.595152591017014,0.6146155218681822,1.0
4,0,0.23332050979778077,0.9308,5000,1.3623819527802643,0.9376498800959233,834,1.3798167214226038,0.9319,0.7964400863588771,0.08361430518127796,,,0.9369965069896362,,0.9370111942171577,0.06298880578284227,0.9708562312982799,0.39790955804037215,5,0.1,0.5,1.0,0.6055975779581428,0.6037752443127948,0.5958523706727473,0.5982031297460109,0.6048870687981993,0.5990802537170841,0.5943813188795077,0.6063186816963277,0.6027152698620653,0.5995699718542885,0.5936583365218595
4,1,0.223765981444128,0.93284,5000,1.351624157693651,0.9484412470023981,834,1.3803028519542073,0.9317,0.7985338422641192,0.08360764447457038,,,0.9351441536717161,,0.9351638973947091,0.06483610260529094,0.9707893656233677,0.3979089486233424,5,0.1,0.5,0.6055975779581428,1.0,0.6046069948340181,0.6026156047837992,0.598367717182919,0.6090897322674852,0.6069903430567444,0.6006563012255783,0.6003295949877556,0.5982093053545522,0.6035389158254586,0.5945720596363288
4,2,0.228332294902177,0.93288,5000,1.3808390829298232,0.9292565947242206,834,1.3838344244911267,0.9309,0.795830452929823,0.08320787758346927,,,0.8239683341025626,,0.8239797198935797,0.17602028010642035,0.9696171496775481,0.39774017401582745,5,0.1,0.5,0.6037752443127948,0.6046069948340181,1.0,0.6046603428668591,0.6080770659276434,0.5959199191433602,0.604350996872687,0.5995793146845977,0.5950722152799408,0.5970195088650596,0.6035498133578945,0.5843229613056651
4,3,0.2379289671717876,0.93072,5000,1.3768055350692183,0.919664268585132,834,1.3833520743793573,0.931,0.7969692779038662,0.08320695589486327,,,0.8237120110091767,,0.823728728477486,0.17627127152251398,0.9693771986239167,0.3977397515230162,5,0.1,0.5,0.5958523706727473,0.6026156047837992,0.6046603428668591,1.0,0.6064564777156656,0.6043536720339139,0.6061353381643573,0.5994022130896226,0.6051559104476059,0.5974885584237668,0.6006812508828226,0.58935203676696
4,4,0.2293130199086799,0.93048,5000,1.379802942276001,0.9399759903961584,833,1.3860508317764575,0.9308,0.7972701480745629,0.08310873112761367,,,0.7963955442280375,,0.7964058029215401,0.20359419707845994,0.9684278864911546,0.3976358174871765,5,0.1,0.5,0.5982031297460109,0.598367717182919,0.6080770659276434,0.6064564777156656,1.0,0.6147869216496039,0.5953057890630488,0.6003428095320009,0.603383131220415,0.5979818186929102,0.6039183914948182,0.5890165295607659
4,5,0.21533147128963262,0.9338,5000,1.349053842050058,0.943577430972389,833,1.3806022710312669,0.9316,0.7990896708000327,0.08345757012275522,,,0.8934082334873199,,0.8934190050700266,0.10658099492997342,0.9703891283098904,0.39788025408384164,5,0.1,0.5,0.6048870687981993,0.6090897322674852,0.5959199191433602,0.6043536720339139,0.6147869216496039,1.0,0.6002528870714722,0.6079052908860296,0.6044645450226186,0.5943827323245864,0.6051970867253363,0.5898543759997443
4,6,0.23159672994415756,0.92912,5000,1.3889797263675265,0.921968787515006,833,1.3799411385965805,0.9319,0.7969608446183913,0.08362787333161292,,,0.9407698315622932,,0.9407861051152051,0.05921389488479489,0.9708522263020892,0.3979108249466285,5,0.1,0.5,0.5990802537170841,0.6069903430567444,0.604350996872687,0.6061353381643573,0.5953057890630488,0.6002528870714722,1.0,0.6027161028457411,0.604430379425044,0.60495239785543,0.600868648119342,0.5839055310972403
4,7,0.2312206915164497,0.93,5000,1.4054741153010615,0.9303721488595438,833,1.3807919432941718,0.9313,0.7956869177458586,0.08329317033922069,,,0.847688387551355,,0.8477034285427438,0.15229657145725617,0.970110387712562,0.3978053071946933,5,0.1,0.5,0.5943813188795077,0.6006563012255783,0.5995793146845977,0.5994022130896226,0.6003428095320009,0.6079052908860296,0.6027161028457411,1.0,0.5985902075769723,0.6032241025805736,0.6010636650274793,0.5911520446353445
4,8,0.2279212919084628,0.93028,5000,1.371352509216026,0.9303721488595438,833,1.3800663403428781,0.9318,0.7966547103982549,0.08358892019054401,,,0.9299368999725828,,0.9299482957682847,0.07005170423171525,0.9708372869017381,0.3979067619492238,5,0.1,0.5,0.6063186816963277,0.6003295949877556,0.5950722152799408,0.6051559104476059,0.603383131220415,0.6044645450226186,0.604430379425044,0.5985902075769723,1.0,0.6006064129718094,0.598522588498322,0.5894389018633517
4,9,0.2355523931651501,0.92672,5000,1.392564963411402,0.9183673469387755,833,1.3820661698667387,0.9312,0.7950856857286872,0.08304356763871289,,,0.7782734724762317,,0.7782842226795843,0.2217157773204157,0.9685765160572084,0.3975471438629535,5,0.1,0.5,0.6027152698620653,0.5982093053545522,0.5970195088650596,0.5974885584237668,0.5979818186929102,0.5943827323245864,0.60495239785543,0.6032241025805736,0.6006064129718094,1.0,0.6120441171893948,0.5860837891591915
4,10,0.2124128955659593,0.93672,5000,1.3720722242637917,0.9351740696278511,833,1.3799454750725255,0.9319,0.7982189931160926,0.08384085363862863,,,0.9999999997218985,,1.0,0.0,0.9708847265490884,0.3979168201094681,5,0.1,0.5,0.5995699718542885,0.6035389158254586,0.6035498133578945,0.6006812508828226,0.6039183914948182,0.6051970867253363,0.600868648119342,0.6010636650274793,0.598522588498322,0.6120441171893948,1.0,0.5909853016245978
4,11,0.2460246840435537,0.92644,5000,1.4167760169064556,0.9207683073229291,833,1.3959719121646577,0.9299,0.7831197318082713,0.08240253047673099,,,0.6,,0.6,0.4,0.9659454898000156,0.39515817036117906,5,0.1,0.5,0.5936583365218595,0.5945720596363288,0.5843229613056651,0.58935203676696,0.5890165295607659,0.5898543759997443,0.5839055310972403,0.5911520446353445,0.5894389018633517,0.5860837891591915,0.5909853016245978,1.0
5,0,0.21226693602029684,0.93532,5000,1.1094817806173254,0.9436450839328537,834,1.1307175747883587,0.9425,0.7833219334106708,0.08351728228969145,,,0.8859529074555587,,0.8859695798403695,0.1140304201596305,0.9695062009536919,0.39167870703747093,5,0.1,0.5,1.0,0.5740515406018971,0.5759843921398523,0.5767557682884771,0.5805723289275225,0.5751320022733122,0.5829863166434226,0.5737478677433401,0.5875267298395691,0.5756581735598166,0.5820084002742505,0.5783947933845042
5,1,0.2145195831805705,0.938,5000,1.0954439772499933,0.9568345323741008,834,1.1312966668567719,0.9424,0.7767966427580618,0.08328307258992704,,,0.8236758959719085,,0.823693589679233,0.176306410320767,0.9691504008277674,0.3915458671279518,5,0.1,0.5,0.5740515406018971,1.0,0.5694422748397605,0.5706311095615451,0.5665647975715773,0.574435411886828,0.5785106972614705,0.5772117267037414,0.5714862283491482,0.5721856911701387,0.5813466687348393,0.5654982878083571
5,2,0.21338662082317528,0.93712,5000,1.1309682704784252,0.947242206235012,834,1.1350969755992342,0.9423,0.7829240714566635,0.08323137968382388,,,0.8099306082650042,,0.8099442799056272,0.19005572009437277,0.9688794013721506,0.3914980075090154,5,0.1,0.5,0.5759843921398523,0.5694422748397605,1.0,0.5811842709125251,0.5766331639106079,0.5806432472783578,0.5887776551388468,0.5799353921219541,0.5725554195382307,0.576685864019359,0.5873488470667964,0.5718851554743707
5,3,0.21528127792285412,0.93628,5000,1.1287191797185827,0.9328537170263789,834,1.134546602686373,0.9421,0.7835930443303786,0.08325431744878727,,,0.8160298238545843,,0.8160534109733447,0.18394658902665528,0.968879450386422,0.39152063128732617,5,0.1,0.5,0.5767557682884771,0.5706311095615451,0.5811842709125251,1.0,0.5807878751854774,0.5841339190194559,0.5846957453756263,0.5756186501558036,0.5808232134068771,0.5778856336297741,0.5861725258753716,0.5686424214970563
5,4,0.21179232727498956,0.93548,5000,1.1288044231909293,0.9555822328931572,833,1.1374306956800029,0.9423,0.7821328380965014,0.08313719306554158,,,0.7848861241370072,,0.784895336579489,0.21510466342051104,0.9685333089356335,0.3913889272159587,5,0.1,0.5,0.5805723289275225,0.5665647975715773,0.5766331639106079,0.5807878751854774,1.0,0.5901966710776341,0.5756506340836476,0.5786489388167024,0.5783939610216482,0.5725096547883592,0.5856783741738923,0.5684688220368761
5,5,0.20398726282866708,0.93908,5000,1.0973687889399353,0.9555822328931572,833,1.1315135561620084,0.9421,0.7860986929718146,0.08351019785937654,,,0.884069137703406,,0.8840821243913458,0.11591787560865419,0.9694543877894208,0.39167662845404466,5,0.1,0.5,0.5751320022733122,0.574435411886828,0.5806432472783578,0.5841339190194559,0.5901966710776341,1.0,0.5791734443768681,0.5863800321171927,0.5793074009269802,0.5758795186056818,0.5928291730370122,0.5715581132003621
5,6,0.21194480124706772,0.93652,5000,1.1399866850287825,0.9303721488595438,833,1.1308184235621566,0.9426,0.786865003507398,0.08365110975599933,,,0.921538003480477,,0.9215601626424377,0.07843983735756233,0.9695852770304588,0.39170931121276187,5,0.1,0.5,0.5829863166434226,0.5785106972614705,0.5887776551388468,0.5846957453756263,0.5756506340836476,0.5791734443768681,1.0,0.5880446556294886,0.5858196122286866,0.585027526907067,0.5822779155447193,0.5649865601941368
5,7,0.2116785718252657,0.93612,5000,1.1607165380760476,0.9471788715486195,833,1.1316735089396517,0.9421,0.7853997751593129,0.08337560814633338,,,0.8482813581485839,,0.8482957682847246,0.15170423171527536,0.9691630671716874,0.39161310660210846,5,0.1,0.5,0.5737478677433401,0.5772117267037414,0.5799353921219541,0.5756186501558036,0.5786489388167024,0.5863800321171927,0.5880446556294886,1.0,0.5808761672782251,0.5837082203976469,0.5841172532349058,0.5756656353249249
5,8,0.20562089716505472,0.93736,5000,1.120656137113218,0.9471788715486195,833,1.130958033445925,0.9425,0.7847371376293509,0.08355012908261455,,,0.8946869611780601,,0.894694041463782,0.10530595853621805,0.9695190470150504,0.3916884975636764,5,0.1,0.5,0.5875267298395691,0.5714862283491482,0.5725554195382307,0.5808232134068771,0.5783939610216482,0.5793074009269802,0.5858196122286866,0.5808761672782251,1.0,0.5746336795147295,0.5855123770096562,0.5792898982868343
5,9,0.21875435202708765,0.93288,5000,1.1469638524232086,0.9231692677070829,833,1.1333062932514155,0.9425,0.7823613138497243,0.08310164423700044,,,0.7754335916180111,,0.775448019677727,0.22455198032227297,0.9683951567934164,0.39133902713128915,5,0.1,0.5,0.5756581735598166,0.5721856911701387,0.576685864019359,0.5778856336297741,0.5725096547883592,0.5758795186056818,0.585027526907067,0.5837082203976469,0.5746336795147295,1.0,0.5885107454511089,0.5739425831162709
5,10,0.19632263213253703,0.94236,5000,1.1207666728231642,0.9447779111644657,833,1.1307581950681278,0.9427,0.791198949459016,0.08394618750857102,,,0.9999999997340971,,1.0,0.0,0.9696337586006188,0.3917237253246131,5,0.1,0.5,0.5820084002742505,0.5813466687348393,0.5873488470667964,0.5861725258753716,0.5856783741738923,0.5928291730370122,0.5822779155447193,0.5841172532349058,0.5855123770096562,0.5885107454511089,1.0,0.5800055374332937
5,11,0.23120529530747871,0.9318,5000,1.1735647960945412,0.9327731092436975,833,1.15066359104059,0.9418,0.775802855233124,0.08244187833233377,,,0.6,,0.6,0.4,0.9642184641092395,0.38899316386697197,5,0.1,0.5,0.5783947933845042,0.5654982878083571,0.5718851554743707,0.5686424214970563,0.5684688220368761,0.5715581132003621,0.5649865601941368,0.5756656353249249,0.5792898982868343,0.5739425831162709,0.5800055374332937,1.0
6,0,0.19977112049058934,0.94068,5000,0.8739085440282468,0.9508393285371702,834,0.8977229256218615,0.949,0.768921649288539,0.08345935762073563,,,0.8664630786964072,,0.8664775864665428,0.13352241353345717,0.9671326129080547,0.38434898771733117,5,0.1,0.5,1.0,0.5540704661395547,0.5479023416738406,0.5557094079327488,0.5585882006711277,0.5522849748029707,0.5516701791437549,0.5453881080858053,0.5558417707714813,0.5625790007855609,0.5525602619123139,0.5568631818658356
6,1,0.1964137290319677,0.94012,5000,0.8576636226088913,0.9640287769784173,834,0.8985011160564118,0.9487,0.7683836662579047,0.08328264424002302,,,0.8135518239410903,,0.8135685959540184,0.18643140404598157,0.9666852240676794,0.38419653192862574,5,0.1,0.5,0.5540704661395547,1.0,0.5482988014419572,0.5597208624963088,0.5504814641215575,0.5572516369459232,0.5498061369186172,0.5575295018122147,0.5508788854239626,0.5532674031271627,0.5551858006175382,0.553160309645096
6,2,0.19655903018417822,0.93948,5000,0.8968061407407125,0.9508393285371702,834,0.902305973223604,0.9483,0.7645104318550018,0.08311062745938767,,,0.7620468181193281,,0.762060137543296,0.23793986245670395,0.9661623453037939,0.3839232260021155,5,0.1,0.5,0.5479023416738406,0.5482988014419572,1.0,0.5520007902651057,0.5574803499460924,0.54674047078387,0.554211227452509,0.5438113339551086,0.5440409071344469,0.5583279044594122,0.5602162243065011,0.5410659163243
6,3,0.20024264671537242,0.93988,5000,0.8973055548138089,0.9400479616306955,834,0.901521875454595,0.9482,0.7717881285241707,0.08338390133688926,,,0.8438700716395307,,0.8438783193614778,0.15612168063852216,0.9667443780879171,0.38429620323198777,5,0.1,0.5,0.5557094079327488,0.5597208624963088,0.5520007902651057,1.0,0.5630530157317976,0.5650610895971666,0.5461729282622116,0.5542868514682192,0.5575655639289694,0.5523027490929227,0.5591926364467826,0.5561601390493033
6,4,0.19118657177788723,0.94224,5000,0.892716145073926,0.9603841536614646,833,0.9044391811846163,0.9486,0.771187197687534,0.0832837715734254,,,0.8138893684134267,,0.8138999046232619,0.1861000953767381,0.9664133672720272,0.38419719901750804,5,0.1,0.5,0.5585882006711277,0.5504814641215575,0.5574803499460924,0.5630530157317976,1.0,0.5670417069144078,0.5466270438289248,0.5569396211709996,0.5539979885762483,0.5558974841599903,0.5577797919541662,0.5483426062927684
6,5,0.1862332709756484,0.94444,5000,0.86421498214757,0.9567827130852341,833,0.8983699393729432,0.9486,0.7737694194881012,0.08362633535884523,,,0.9164593019815703,,0.9164750765523819,0.08352492344761808,0.9672433767597133,0.38441331223594966,5,0.1,0.5,0.5522849748029707,0.5572516369459232,0.54674047078387,0.5650610895971666,0.5670417069144078,1.0,0.5533918256978893,0.5590957058012481,0.5601054881419253,0.5536785348749483,0.5692111317728006,0.5541895976561455
6,6,0.19934481075448784,0.939,5000,0.9069824715455373,0.9375750300120048,833,0.8979216353200115,0.9488,0.7637688466018403,0.08336688784764251,,,0.8387759182699243,,0.8387932332714221,0.16120676672857792,0.9670362459179696,0.38428183842936803,5,0.1,0.5,0.5516701791437549,0.5498061369186172,0.554211227452509,0.5461729282622116,0.5466270438289248,0.5533918256978893,1.0,0.5455856396209601,0.5565349968173631,0.5535370166910605,0.5480714405119955,0.5393722420253182
6,7,0.20028084483602718,0.94028,5000,0.9319538165021826,0.9543817527010804,833,0.8988453323086991,0.9485,0.7666081236419047,0.08328202896151236,,,0.813367598174533,,0.8133828623061091,0.18661713769389088,0.9667629565837678,0.38419519467191937,5,0.1,0.5,0.5453881080858053,0.5575295018122147,0.5438113339551086,0.5542868514682192,0.5569396211709996,0.5590957058012481,0.5455856396209601,1.0,0.5486661956624563,0.5584610927192099,0.553985972078386,0.5490490302612161
6,8,0.19412811443945216,0.94028,5000,0.8873974415991042,0.9519807923169268,833,0.8979380719197063,0.9489,0.7684904288774322,0.08346619055883037,,,0.8685089867470603,,0.8685256764218664,0.1314743235781336,0.9671524821681691,0.38435331902192305,5,0.1,0.5,0.5558417707714813,0.5508788854239626,0.5440409071344469,0.5575655639289694,0.5539979885762483,0.5601054881419253,0.5565349968173631,0.5486661956624563,1.0,0.5513195861181494,0.5552209442034456,0.5550087036708704
6,9,0.19876344590240225,0.93744,5000,0.9174291491508484,0.9303721488595438,833,0.9004995876226943,0.9484,0.7712900813021117,0.0832634875174567,,,0.8078159468734003,,0.8078309321821193,0.19216906781788068,0.9662948595337792,0.3841729169246752,5,0.1,0.5,0.5625790007855609,0.5532674031271627,0.5583279044594122,0.5523027490929227,0.5558974841599903,0.5536785348749483,0.5535370166910605,0.5584610927192099,0.5513195861181494,1.0,0.5679444183534317,0.5499875254865558
6,10,0.1810177106784722,0.94764,5000,0.8852404996200844,0.9555822328931572,833,0.8975665201775183,0.9489,0.7733610345791052,0.08390534516855935,,,0.9999999997005815,,1.0,0.0,0.9673913557327046,0.384432334160943,5,0.1,0.5,0.5525602619123139,0.5551858006175382,0.5602162243065011,0.5591926364467826,0.5577797919541662,0.5692111317728006,0.5480714405119955,0.553985972078386,0.5552209442034456,0.5679444183534317,1.0,0.552708450192618
6,11,0.21461233535698454,0.9372,5000,0.9439906588307133,0.9327731092436975,833,0.920525792307747,0.9466,0.7642347325066176,0.08256942235669239,,,0.6,,0.6,0.4,0.9611871429342297,0.3816055406443014,5,0.1,0.5,0.5568631818658356,0.553160309645096,0.5410659163243,0.5561601390493033,0.5483426062927684,0.5541895976561455,0.5393722420253182,0.5490490302612161,0.5550087036708704,0.5499875254865558,0.552708450192618,1.0
7,0,0.18191582689975289,0.94624,5000,0.668053373142525,0.9532374100719424,834,0.6927682233694643,0.9527,0.758579516001169,0.08361541578812613,,,0.8833697007865973,,0.8833793484262839,0.11662065157371615,0.964798637817055,0.3764872694975949,5,0.1,0.5,1.0,0.5346379232571308,0.5252623720106647,0.5275579489621255,0.5325302484821843,0.533825208645006,0.533117335576731,0.5283167445993096,0.5330617394213443,0.5382698014538096,0.535201756390291,0.5327141582555993
