round,client_id,client_i_training_loss,client_i_training_accuracy,client_i_training_dataset_size,client_i_evaluation_loss,client_i_evaluation_accuracy,client_i_evaluation_dataset_size,client_i_central_evaluation_loss,client_i_central_evaluation_accuracy,client_i_cosine_similarity,client_i_importance_coefficient,client_i_tanh_val,tanh_normalization_value,client_i_q,client_i_mask_order,client_i_v_nonzero_fraction,client_i_v_sparsity,client_i_v_cosine_similarity,client_i_reward_gradient_norm,local_epochs,learning_rate,gamma,client_0_cosine_similarity,client_1_cosine_similarity,client_2_cosine_similarity,client_3_cosine_similarity,client_4_cosine_similarity,client_5_cosine_similarity,client_6_cosine_similarity,client_7_cosine_similarity,client_8_cosine_similarity,client_9_cosine_similarity,client_10_cosine_similarity,client_11_cosine_similarity
0,0,0.3519849734819809,0.8864,5000,2.208721779010914,0.19304556354916066,834,2.206843434050441,0.2152,0.7843036169215283,0.0827686387710833,,,0.7461712640840062,,0.7461874403895387,0.25381255961046134,0,0.39444662271606085,5,0.1,0.5,1.0,0.5762474148212681,0.5838183426570401,0.5758167611023229,0.5789517565843363,0.5846627833124161,0.5851561691243496,0.5891935695611881,0.5895179523039418,0.5806712420768836,0.5784901610520475,0.6094211720639743
0,1,0.3443816923542292,0.89376,5000,2.202287205943355,0.20743405275779375,834,2.2068932833382116,0.2148,0.7832084559544242,0.08265306492885341,,,0.7299289144955449,,0.729938256111641,0.270061743888359,0,0.3943539921657739,5,0.1,0.5,0.5762474148212681,1.0,0.576439869304686,0.5782319175148903,0.57538658576631,0.5825266736869696,0.5920849345001613,0.5871563869285461,0.5955566986833262,0.5892301483079284,0.5752449478281505,0.5934641618447922
0,2,0.3506245173751169,0.89064,5000,2.2047393057081432,0.24100719424460432,834,2.207019248328651,0.214,0.7811904610353518,0.0824401031511758,,,0.7,,0.7,0.30000000000000004,0,0.39413482153503365,5,0.1,0.5,0.5838183426570401,0.576439869304686,1.0,0.5794799337568194,0.5874155143929511,0.5884635175187897,0.5818083611521563,0.5886184897154044,0.5785115281602399,0.5717860698999468,0.5750550333781063,0.5910508530535403
0,3,0.3466674491264828,0.89192,5000,2.2019990108631275,0.2158273381294964,834,2.2067337561720097,0.2155,0.7880552141090741,0.08316454997910423,,,0.8018112611853825,,0.8018322373374831,0.1981677626625169,0,0.39466052211349356,5,0.1,0.5,0.5758167611023229,0.5782319175148903,0.5794799337568194,1.0,0.5990862527887073,0.589218495241025,0.5858748076207387,0.5821530128463543,0.6029648210323098,0.5925784878767164,0.5816049447613013,0.6004874803206528
0,4,0.32919273134795535,0.89612,5000,2.210562502896344,0.21968787515006002,833,2.206692801496853,0.2155,0.791311882928442,0.08350823071611949,,,0.8501109678466713,,0.8501330254505296,0.1498669745494704,0,0.3947610753535931,5,0.1,0.5,0.5789517565843363,0.57538658576631,0.5874155143929511,0.5990862527887073,1.0,0.582750032672963,0.5878094587066854,0.6019953765610547,0.6008026928932069,0.602193833946689,0.5907923641737256,0.5911727710637756
0,5,0.3509719971952972,0.89,5000,2.2048887764966048,0.22448979591836735,833,2.206680572832735,0.2155,0.7935170663263779,0.08374094675127453,,,0.8828160776267044,,0.882827167310878,0.11717283268912204,0,0.3947976745022316,5,0.1,0.5,0.5846627833124161,0.5825266736869696,0.5884635175187897,0.589218495241025,0.582750032672963,1.0,0.6000905102460048,0.601609330004807,0.6084119881779058,0.5988278669710109,0.5794248242287936,0.6032666101777169
0,6,0.34082653868326523,0.89436,5000,2.2011236438044794,0.21248499399759904,833,2.206733054627245,0.2155,0.7889353008292271,0.08325742674041957,,,0.8148638412227157,,0.8148737513177049,0.1851262486822951,0,0.3946938622608676,5,0.1,0.5,0.5851561691243496,0.5920849345001613,0.5818083611521563,0.5858748076207387,0.5878094587066854,0.6000905102460048,1.0,0.591287890075838,0.5989070646203248,0.579541381787083,0.5723425029562094,0.6009334083506884
0,7,0.3470059826827733,0.89176,5000,2.2063981338783547,0.21248499399759904,833,2.206679379978119,0.2155,0.7936682382126199,0.08375690012822544,,,0.8850581102575642,,0.8850810702273982,0.11491892977260176,0,0.3947996185125792,5,0.1,0.5,0.5891935695611881,0.5871563869285461,0.5886184897154044,0.5821530128463543,0.6019953765610547,0.601609330004807,0.591287890075838,1.0,0.6104119409585781,0.5844717229959301,0.5825334977189165,0.6012538990818258
0,8,0.3386365903511786,0.89296,5000,2.219158826050935,0.19327731092436976,833,2.2066708746047827,0.2155,0.8000698152177695,0.08443246734897118,,,0.9799999998594635,,0.9800010039656644,0.019998996034335637,0,0.39482718652936,5,0.1,0.5,0.5895179523039418,0.5955566986833262,0.5785115281602399,0.6029648210323098,0.6008026928932069,0.6084119881779058,0.5989070646203248,0.6104119409585781,1.0,0.606930590882427,0.5921453528764312,0.5971849029206099
0,9,0.35107944520297135,0.88724,5000,2.205524100197686,0.19807923169267708,833,2.2066991412982393,0.2155,0.7901569234768153,0.08338634625762094,,,0.8329817459904327,,0.8329953315596607,0.16700466844033934,0,0.3947320003520657,5,0.1,0.5,0.5806712420768836,0.5892301483079284,0.5717860698999468,0.5925784878767164,0.602193833946689,0.5988278669710109,0.579541381787083,0.5844717229959301,0.606930590882427,1.0,0.5899548973175606,0.5912261661468715
0,10,0.3499308110173246,0.88884,5000,2.2131841624224626,0.22328931572629052,833,2.2069599498955967,0.214,0.7821776617949331,0.08254428380430734,,,0.714641190046714,,0.7146528788715426,0.2853471211284574,0,0.39425254452551994,5,0.1,0.5,0.5784901610520475,0.5752449478281505,0.5750550333781063,0.5816049447613013,0.5907923641737256,0.5794248242287936,0.5723425029562094,0.5825334977189165,0.5921453528764312,0.5899548973175606,1.0,0.594213559431606
0,11,0.34769944612435094,0.88988,5000,2.200330619458799,0.24129651860744297,833,2.2066713095473025,0.2155,0.7992603315312606,0.08434704142284485,,,0.9679945345284593,,0.9680036142763917,0.0319963857236083,0,0.39482683163942306,5,0.1,0.5,0.6094211720639743,0.5934641618447922,0.5910508530535403,0.6004874803206528,0.5911727710637756,0.6032666101777169,0.6009334083506884,0.6012538990818258,0.5971849029206099,0.5912261661468715,0.594213559431606,1.0
1,0,0.31153672277974853,0.90464,5000,2.05454123461688,0.5947242206235012,834,2.056540276676702,0.5788,0.807539202706221,0.08276301259608636,,,0.73058136282751,,0.7306058932784498,0.2693941067215502,0.9576779474665731,0.4060539448738376,5,0.1,0.5,1.0,0.6335015553197794,0.6204744488681374,0.6283499230762621,0.6299075977961185,0.6208460776721184,0.6322800786213424,0.6242326770737597,0.6222425489118474,0.6294001231493624,0.6199372468157541,0.6218754889928148
1,1,0.29543754395311045,0.9102,5000,2.051757741857458,0.5995203836930456,834,2.056346212332241,0.58,0.8171440353558612,0.0830206379783822,,,0.7806850393156325,,0.7807037799307264,0.21929622006927363,0.9578089880925947,0.4063318276908321,5,0.1,0.5,0.6335015553197794,1.0,0.6333022743450966,0.63929316142147,0.6306955957995514,0.630617449727428,0.635716527413605,0.6333141958973619,0.6363366045508952,0.6423142768600338,0.6283000892366083,0.6337022302150741
1,2,0.30568589401805096,0.90764,5000,2.0562319137431957,0.5947242206235012,834,2.056847279825911,0.5769,0.8092592529343207,0.08260576794176577,,,0.7,,0.7,0.30000000000000004,0.9570073611268455,0.40580306074425276,5,0.1,0.5,0.6204744488681374,0.6333022743450966,1.0,0.6320625836745043,0.6202777062144694,0.6305483386333179,0.6266914714847979,0.6341575575946822,0.6188369732180952,0.6332365337306024,0.6228625639204649,0.6287880278735498
1,3,0.30151869482865,0.9086,5000,2.050533647890444,0.565947242206235,834,2.05604036090473,0.5799,0.8176452874506998,0.08337599219126893,,,0.8497952813364359,,0.8498017167812861,0.15019828321871387,0.9586891105618937,0.4065272254642986,5,0.1,0.5,0.6283499230762621,0.63929316142147,0.6320625836745043,1.0,0.6330720934413916,0.6401866033582717,0.6322482116521584,0.6385912762926566,0.6305040994713981,0.6341652079679648,0.6357931905936136,0.6355063148025795
1,4,0.2880320560228625,0.91148,5000,2.0586245501482927,0.5726290516206483,833,2.0559947604950244,0.5797,0.8133557407406633,0.08345389556738313,,,0.8649461392192048,,0.8649515586566939,0.13504844134330607,0.9589473887851664,0.4065503346253758,5,0.1,0.5,0.6299075977961185,0.6306955957995514,0.6202777062144694,0.6330720934413916,1.0,0.6290830857408691,0.6305560064578641,0.6281471249079291,0.6295190974157374,0.6229059486320913,0.6401014250308533,0.6420352725052787
1,5,0.3014877199616497,0.9068,5000,2.052961826324463,0.5618247298919568,833,2.0559288362344614,0.5805,0.8139868723291949,0.08362959073141998,,,0.8991158067456808,,0.8991265498719944,0.10087345012800564,0.9591135138550818,0.40658497761306756,5,0.1,0.5,0.6208460776721184,0.630617449727428,0.6305483386333179,0.6401866033582717,0.6290830857408691,1.0,0.6326311728654845,0.6358781129079535,0.6296345451157127,0.6378869523569725,0.6258218276970134,0.62833534741435
1,6,0.2982700041228324,0.907,5000,2.0518826290413186,0.5690276110444178,833,2.056045403495764,0.58,0.813953999243078,0.08330899888081543,,,0.8367662423344644,,0.8367802821143517,0.16321971788564826,0.9586978643229984,0.40650272805560367,5,0.1,0.5,0.6322800786213424,0.635716527413605,0.6266914714847979,0.6322482116521584,0.6305560064578641,0.6326311728654845,1.0,0.6331568766043155,0.6264394170095358,0.6284449137235575,0.63618432024673,0.629140188030448
1,7,0.3084185087626242,0.90596,5000,2.057211301944874,0.581032412965186,833,2.055923364794673,0.5806,0.8139486334864706,0.08363880105040739,,,0.9009070543268964,,0.9009286682395462,0.0990713317604538,0.959122332875667,0.40658613056703086,5,0.1,0.5,0.6242326770737597,0.6333141958973619,0.6341575575946822,0.6385912762926566,0.6281471249079291,0.6358781129079535,0.6331568766043155,1.0,0.6242191790921328,0.6326216364341775,0.6261390595334773,0.6307008238422159
1,8,0.3074038555786298,0.90568,5000,2.0721323578446,0.5510204081632653,833,2.0559261465986696,0.5807,0.8102879867450269,0.08395784126310096,,,0.9629548520285386,,0.9629687264695548,0.03703127353044522,0.9592065255154957,0.4066065334020016,5,0.1,0.5,0.6222425489118474,0.6363366045508952,0.6188369732180952,0.6305040994713981,0.6295190974157374,0.6296345451157127,0.6264394170095358,0.6242191790921328,1.0,0.6289754613461015,0.626513467823047,0.6290461621345212
1,9,0.3046205733351077,0.90616,5000,2.055112026355885,0.5702280912364946,833,2.0559932241043724,0.5794,0.815349117061262,0.08344268399683022,,,0.8627656828569449,,0.8627779729933236,0.1372220270066764,0.9588701906302617,0.4065474614341422,5,0.1,0.5,0.6294001231493624,0.6423142768600338,0.6332365337306024,0.6341652079679648,0.6229059486320913,0.6378869523569725,0.6284449137235575,0.6326216364341775,0.6289754613461015,1.0,0.6323631324999704,0.63418501715842
1,10,0.3072285969367927,0.90464,5000,2.0660470415044716,0.5714285714285714,833,2.0567144772496087,0.5783,0.8116374603255748,0.08275729301664485,,,0.7294690036514392,,0.7294764319060288,0.27052356809397116,0.9572923337124337,0.4060446068164091,5,0.1,0.5,0.6199372468157541,0.6283000892366083,0.6228625639204649,0.6357931905936136,0.6401014250308533,0.6258218276970134,0.63618432024673,0.6261390595334773,0.626513467823047,0.6323631324999704,1.0,0.6298391129702907
1,11,0.3060971384595154,0.90496,5000,2.0489216954619796,0.6206482593037215,833,2.0559238644834523,0.5807,0.8144315790244577,0.08404548478589463,,,0.9799999998055173,,0.9800010039656644,0.019998996034335637,0.9592056511020534,0.4066073063504368,5,0.1,0.5,0.6218754889928148,0.6337022302150741,0.6287880278735498,0.6355063148025795,0.6420352725052787,0.62833534741435,0.629140188030448,0.6307008238422159,0.6290461621345212,0.63418501715842,0.6298391129702907,1.0
2,0,0.27751524370685693,0.91612,5000,1.8585414268352367,0.8213429256594724,834,1.86531541065667,0.8101,0.811167592856305,0.0828597527634703,,,0.7170788189555976,,0.717097535264294,0.282902464735706,0.9682127450757347,0.4063105820189214,5,0.1,0.5,1.0,0.6251420796814161,0.6262643242639997,0.627569609530938,0.6306824957407314,0.6288091231582389,0.6371097496708638,0.6279989059097657,0.632320588629205,0.6267068891377227,0.630235932528679,0.6327064028340099
2,1,0.27264895376031567,0.91728,5000,1.8600947812751487,0.8141486810551559,834,1.864709238655651,0.8116,0.8103685588857378,0.08300213057277347,,,0.7517960297500479,,0.7518096481100346,0.2481903518899654,0.9687828048690847,0.406547431081045,5,0.1,0.5,0.6251420796814161,1.0,0.6308070228675251,0.6273616979283831,0.6328741173412606,0.625994742028424,0.6331269233354498,0.6287354958490715,0.6245174861467673,0.6298203040627586,0.6264891015041947,0.6317927567276396
2,2,0.274411749924017,0.91656,5000,1.8666936998014096,0.8225419664268585,834,1.8659033200230462,0.8095,0.8121403256351538,0.08278971128338768,,,0.7,,0.7,0.30000000000000004,0.9678356908958635,0.40615839158932154,5,0.1,0.5,0.6262643242639997,0.6308070228675251,1.0,0.6328417310910273,0.6258018080641651,0.6343240743392782,0.6267336214753836,0.6282952814988163,0.6233760097152847,0.6355924805078554,0.6352977326042346,0.636478460119619
2,3,0.2675244112083819,0.92028,5000,1.8585159381230671,0.8201438848920863,834,1.8641610617835682,0.8124,0.8117370349522568,0.08328440107561107,,,0.8206244840999868,,0.8206415340595352,0.17935846594046478,0.9694496275726583,0.40683776615355555,5,0.1,0.5,0.627569609530938,0.6273616979283831,0.6328417310910273,1.0,0.6329522912499699,0.6305786510166174,0.6302895899965445,0.6247829496994274,0.6310185992814399,0.6262790512162875,0.6325813657553006,0.6322098654205576
2,4,0.24919326116277535,0.92348,5000,1.8646749169738204,0.8007202881152461,833,1.8640633981448773,0.8131,0.8170992570187512,0.08352225264863383,,,0.8786218871983822,,0.8786305908337935,0.12136940916620653,0.9696230081688837,0.40694217623805645,5,0.1,0.5,0.6306824957407314,0.6328741173412606,0.6258018080641651,0.6329522912499699,1.0,0.6365604957749046,0.6326002360313258,0.6348913716967901,0.6408449992613044,0.6336765568564097,0.6436050341674694,0.6358926666764747
2,5,0.2730526205775132,0.918,5000,1.8600411591706452,0.8079231692677071,833,1.8639990894939191,0.813,0.81534917489967,0.08357745828230487,,,0.8920831536034393,,0.8920987902213744,0.1079012097786256,0.9697209946142386,0.4069544341801272,5,0.1,0.5,0.6288091231582389,0.625994742028424,0.6343240743392782,0.6305786510166174,0.6365604957749046,1.0,0.6353773223033087,0.6266230726599986,0.6382341592868441,0.6363375903865282,0.6350749685024762,0.6346435526600709
2,6,0.260983689613403,0.92196,5000,1.8618593215942383,0.8115246098439376,833,1.8641391714540914,0.8124,0.8163147023937495,0.08339928067405954,,,0.8486365686715696,,0.8486521760955775,0.15134782390442247,0.9694864086568188,0.40690018779389453,5,0.1,0.5,0.6371097496708638,0.6331269233354498,0.6267336214753836,0.6302895899965445,0.6326002360313258,0.6353773223033087,1.0,0.6299726936133764,0.6306181784063526,0.6376260557212162,0.6396919399639018,0.6402948768917527
2,7,0.2773591458429671,0.917,5000,1.867230357947173,0.8175270108043218,833,1.8639622199268768,0.8128,0.8110648210595816,0.08343461086306428,,,0.857251433762474,,0.8572712213242307,0.14272877867576927,0.9696508233225114,0.40691440151588437,5,0.1,0.5,0.6279989059097657,0.6287354958490715,0.6282952814988163,0.6247829496994274,0.6348913716967901,0.6266230726599986,0.6299726936133764,1.0,0.628366829013707,0.6293161921980748,0.6318957193170469,0.6298485859251665
2,8,0.27437897905185343,0.91836,5000,1.8823722071117825,0.7995198079231692,833,1.863991747648952,0.8128,0.8123329068067887,0.08368940739865902,,,0.9193806734187877,,0.9193915968073891,0.08060840319261087,0.9697972579937988,0.4069700570053363,5,0.1,0.5,0.632320588629205,0.6245174861467673,0.6233760097152847,0.6310185992814399,0.6408449992613044,0.6382341592868441,0.6306181784063526,0.628366829013707,1.0,0.6232918312457504,0.6263420262137189,0.6326233417825948
2,9,0.2742921671978418,0.9148,5000,1.8650843611469976,0.8055222088835534,833,1.8640512007113081,0.8127,0.8148323595480098,0.08343604701581606,,,0.857601623290326,,0.8576175894784398,0.1423824105215602,0.9695800403450174,0.40691504652996713,5,0.1,0.5,0.6267068891377227,0.6298203040627586,0.6355924805078554,0.6262790512162875,0.6336765568564097,0.6363375903865282,0.6376260557212162,0.6293161921980748,0.6232918312457504,1.0,0.6424643264614581,0.6373621791371862
2,10,0.2736617999068301,0.91604,5000,1.8774061335457697,0.7827130852340937,833,1.8650417160302306,0.8104,0.817236393735643,0.083066935752427,,,0.7675980363521648,,0.7676120676672857,0.23238793233271426,0.9684500631451847,0.4066335875700248,5,0.1,0.5,0.630235932528679,0.6264891015041947,0.6352977326042346,0.6325813657553006,0.6436050341674694,0.6350749685024762,0.6396919399639018,0.6318957193170469,0.6263420262137189,0.6424643264614581,1.0,0.6411492351784935
2,11,0.27384089639374787,0.91524,5000,1.8571956466745447,0.8379351740696278,833,1.863984261077052,0.8128,0.8178193939262869,0.08393801166979273,,,0.9799999997561614,,0.9800010039656644,0.019998996034335637,0.9698083269381639,0.40697933903723105,5,0.1,0.5,0.6327064028340099,0.6317927567276396,0.636478460119619,0.6322098654205576,0.6358926666764747,0.6346435526600709,0.6402948768917527,0.6298485859251665,0.6326233417825948,0.6373621791371862,0.6411492351784935,1.0
3,0,0.26070669163730303,0.9222,5000,1.631979778960899,0.89568345323741,834,1.6436368577396527,0.8918,0.805162728503812,0.0829425339453917,,,0.7210020769305788,,0.7210280608403192,0.27897193915968077,0.9692585253431567,0.40303691812490916,5,0.1,0.5,1.0,0.6182182193686866,0.6124205565334389,0.6130037533140504,0.6234100118501663,0.6141853721527719,0.6218239620805791,0.6140762152191233,0.6174992985438332,0.6174424151813468,0.6215173815521094,0.6293608779625743
3,1,0.24869393688110505,0.92484,5000,1.6395623992990564,0.8932853717026379,834,1.642655074405975,0.892,0.8056489950334323,0.08305377863819356,,,0.7491430735585948,,0.7491541589277647,0.2508458410722353,0.9696641476706018,0.40323983724585505,5,0.1,0.5,0.6182182193686866,1.0,0.6180809118008441,0.6215556672441761,0.6223630610843945,0.6150613165850771,0.6201521345230685,0.6148511553617677,0.6186781274820253,0.6176439134222572,0.6124202569668241,0.6280098443317953
3,2,0.251955016280649,0.92328,5000,1.6462806242483634,0.9004796163069544,834,1.644654480413126,0.8913,0.8041116901275671,0.08285951024771578,,,0.7,,0.7,0.30000000000000004,0.9689220392666089,0.4028432967315738,5,0.1,0.5,0.6124205565334389,0.6180809118008441,1.0,0.6153754815768314,0.6227470461664826,0.6162264978164798,0.6167140958425866,0.6073230088767677,0.6226723786724448,0.6219996436433625,0.6148785947147702,0.6246563480783504
3,3,0.2451149810930109,0.92864,5000,1.635900161884449,0.8884892086330936,834,1.6417373685410228,0.892,0.8061668056098528,0.08325877183401034,,,0.8009991458524935,,0.8010140053210181,0.19898599467898193,0.9701436712756912,0.40348798630283156,5,0.1,0.5,0.6130037533140504,0.6215556672441761,0.6153754815768314,1.0,0.6279825623944134,0.6210752287327761,0.61321462740855,0.6114210699718368,0.6124766563235113,0.6216008802500866,0.6276653915925631,0.6254194202449328
3,4,0.22694202973477684,0.93096,5000,1.6391171349419489,0.8871548619447779,833,1.6415224513306785,0.8925,0.8120039627666767,0.08361976428941434,,,0.8923175468871944,,0.8923297023241805,0.10767029767581948,0.9706198999890333,0.4036649997096596,5,0.1,0.5,0.6234100118501663,0.6223630610843945,0.6227470461664826,0.6279825623944134,1.0,0.6220061517811842,0.6178899500315934,0.6204089144712578,0.626770199085371,0.6191703597032232,0.6350689242986102,0.62850187811617
3,5,0.25326110789534534,0.92444,5000,1.637203406404566,0.9039615846338536,833,1.6415081210791493,0.8925,0.8055983271576097,0.08343304396630136,,,0.8450838690301933,,0.8451081773003364,0.15489182269966362,0.970521795372532,0.4036039336155913,5,0.1,0.5,0.6141853721527719,0.6150613165850771,0.6162264978164798,0.6210752287327761,0.6220061517811842,1.0,0.6139360493140263,0.6104993723891148,0.6212505418504669,0.6250865934492384,0.625129192010818,0.6194877905350776
3,6,0.2440379628552729,0.92704,5000,1.6427262668256406,0.8979591836734694,833,1.6416581457796189,0.8923,0.8065000987403748,0.08334647263012679,,,0.8231843642717025,,0.8232016465036895,0.17679835349631046,0.9703626100149314,0.4035550537195822,5,0.1,0.5,0.6218239620805791,0.6201521345230685,0.6167140958425866,0.61321462740855,0.6178899500315934,0.6139360493140263,1.0,0.6155673134089007,0.6199139541956995,0.6234032700108804,0.6188706023383894,0.6319830088544979
3,7,0.25877108799566506,0.9224,5000,1.6466458285296406,0.8943577430972389,833,1.6415664711699318,0.8924,0.8019183189779086,0.08321016350667465,,,0.7887029477940075,,0.7887154259324332,0.21128457406756684,0.9701789676461199,0.40344253936919616,5,0.1,0.5,0.6140762152191233,0.6148511553617677,0.6073230088767677,0.6114210699718368,0.6204089144712578,0.6104993723891148,0.6155673134089007,1.0,0.6153479654872891,0.6230136358303803,0.6184338374575689,0.6179697144225154
3,8,0.2508632491040192,0.92596,5000,1.6607032352023654,0.8835534213685474,833,1.641442206340095,0.8925,0.8065077447858139,0.08353888600672314,,,0.8718581845287012,,0.8718739019125545,0.12812609808744546,0.9706267043676768,0.4036444223605524,5,0.1,0.5,0.6174992985438332,0.6186781274820253,0.6226723786724448,0.6124766563235113,0.626770199085371,0.6212505418504669,0.6199139541956995,0.6153479654872891,1.0,0.6214381760926058,0.6159826620223647,0.6202349537418549
3,9,0.2484727102954676,0.92484,5000,1.644011448930811,0.885954381752701,833,1.6414934210122203,0.8924,0.8104881142477548,0.08350983334064825,,,0.8645088813174053,,0.864519853421013,0.135480146578987,0.9704952692336906,0.40363528124431697,5,0.1,0.5,0.6174424151813468,0.6176439134222572,0.6219996436433625,0.6216008802500866,0.6191703597032232,0.6250865934492384,0.6234032700108804,0.6230136358303803,0.6214381760926058,1.0,0.6323796021048982,0.6287823830093856
3,10,0.25286576688930296,0.92428,5000,1.656523726604603,0.8679471788715486,833,1.6427511361460336,0.8919,0.810358501024344,0.08326085818377313,,,0.8015269189997843,,0.8015511269514582,0.19844887304854175,0.9698814638777139,0.4034905444017776,5,0.1,0.5,0.6215173815521094,0.6124202569668241,0.6148785947147702,0.6276653915925631,0.6350689242986102,0.625129192010818,0.6188706023383894,0.6184338374575689,0.6159826620223647,0.6323796021048982,1.0,0.6299344353734097
3,11,0.247478927760296,0.92728,5000,1.6345707089812667,0.9063625450180072,833,1.6414287817744782,0.8928,0.8140485288238621,0.08396638341102698,,,0.9799999997470352,,0.9800010039656644,0.019998996034335637,0.9707372057245651,0.4036912403116914,5,0.1,0.5,0.6293608779625743,0.6280098443317953,0.6246563480783504,0.6254194202449328,0.62850187811617,0.6194877905350776,0.6319830088544979,0.6179697144225154,0.6202349537418549,0.6287823830093856,0.6299344353734097,1.0
4,0,0.2336949806494318,0.92872,5000,1.3823275521949485,0.9220623501199041,834,1.3987756685707897,0.9191,0.7956953156938577,0.08299159613473053,,,0.98,,0.9800010039656644,0.019998996034335637,0.9692907488820639,0.399020139337816,5,0.1,0.5,1.0,0.601992340413602,0.598381136389706,0.6003746856113067,0.598478572119288,0.6009464617274648,0.6077700663095839,0.6050530346384877,0.6054051564200007,0.6031486866303052,0.597647471165563,0.6026103339553978
4,1,0.22234120501952756,0.93348,5000,1.395848689255891,0.9244604316546763,834,1.3976753809200688,0.9195,0.7934828698595784,0.08298813885632851,,,0.98,,0.9800010039656644,0.019998996034335637,0.9698230834464444,0.399020139337816,5,0.1,0.5,0.601992340413602,1.0,0.5950095550320856,0.5962478095507809,0.6036910973685942,0.6011992269116196,0.6075486383058569,0.5969216349492681,0.5948473193762972,0.6028166491208862,0.5930417020053043,0.6067117174014728
4,2,0.232697712560036,0.93176,5000,1.4017952062465526,0.9220623501199041,834,1.3998990317883964,0.9191,0.7969574271837345,0.08298056120922769,,,0.98,,0.9800010039656644,0.019998996034335637,0.9688804091264112,0.399020139337816,5,0.1,0.5,0.598381136389706,0.5950095550320856,1.0,0.6065065166831678,0.6015740238283628,0.6079271484565812,0.6029712570062625,0.6034143229041635,0.5873035545211194,0.6113675688079176,0.6068229888714404,0.6129347815703378
4,3,0.23242006516914554,0.9328,5000,1.3900499873691134,0.9220623501199041,834,1.3966953369756094,0.9198,0.7958423723146488,0.0832070036122944,,,0.98,,0.9800010039656644,0.019998996034335637,0.9704240840629357,0.399020139337816,5,0.1,0.5,0.6003746856113067,0.5962478095507809,0.6065065166831678,1.0,0.6040481678939497,0.6036498486578826,0.6052396244216115,0.6018500506612252,0.5928858399042932,0.6011853516175732,0.6042790935811431,0.6054521502423722
4,4,0.20791280752724142,0.93848,5000,1.392000021757903,0.9087635054021609,833,1.3964856173664617,0.9204,0.7983042660028062,0.0835331727888839,,,0.98,,0.9800010039656644,0.019998996034335637,0.9708665556100841,0.399020139337816,5,0.1,0.5,0.598478572119288,0.6036910973685942,0.6015740238283628,0.6040481678939497,1.0,0.5969647251770859,0.6051081299847604,0.6071122419915835,0.6006198516938981,0.6033938993932457,0.6124031188186763,0.6101379020078375
4,5,0.23355330291388046,0.9296,5000,1.391050656636556,0.9267707082833133,833,1.3964737600411852,0.9202,0.7983754816278875,0.08341151761268603,,,0.98,,0.9800010039656644,0.019998996034335637,0.9707164485081249,0.399020139337816,5,0.1,0.5,0.6009464617274648,0.6011992269116196,0.6079271484565812,0.6036498486578826,0.5969647251770859,1.0,0.6010462668411607,0.609320104045078,0.6022880560207623,0.6102527689975955,0.6087564423546268,0.6028422241995406
4,6,0.22274364473225525,0.93328,5000,1.4000891711976793,0.929171668667467,833,1.3966171688165148,0.9202,0.8004329903729653,0.08342595795289429,,,0.98,,0.9800010039656644,0.019998996034335637,0.9705837580922552,0.399020139337816,5,0.1,0.5,0.6077700663095839,0.6075486383058569,0.6029712570062625,0.6052396244216115,0.6051081299847604,0.6010462668411607,1.0,0.6070268197143568,0.6028573912651213,0.6064702507222969,0.6077264857748202,0.6114817693203118
4,7,0.23355787877337472,0.93084,5000,1.4044930581693296,0.9195678271308524,833,1.3965314356282876,0.9201,0.8002775555474884,0.08332988898066587,,,0.98,,0.9800010039656644,0.019998996034335637,0.9703015442217697,0.399020139337816,5,0.1,0.5,0.6050530346384877,0.5969216349492681,0.6034143229041635,0.6018500506612252,0.6071122419915835,0.609320104045078,0.6070268197143568,1.0,0.6029520455261657,0.6112666936449863,0.6121870289607994,0.6072568749448222
4,8,0.22972622297134748,0.93044,5000,1.4165839221742418,0.9171668667466987,833,1.396411073855318,0.9203,0.792214572111461,0.08326629615279994,,,0.98,,0.9800010039656644,0.019998996034335637,0.9708228441752111,0.399020139337816,5,0.1,0.5,0.6054051564200007,0.5948473193762972,0.5873035545211194,0.5928858399042932,0.6006198516938981,0.6022880560207623,0.6028573912651213,0.6029520455261657,1.0,0.606053857478802,0.5927806296843593,0.5975800175148103
4,9,0.22603423314963936,0.93032,5000,1.401145091763249,0.9171668667466987,833,1.396451167405223,0.9201,0.8025319796630809,0.08360802558550881,,,0.98,,0.9800010039656644,0.019998996034335637,0.9708002053354844,0.399020139337816,5,0.1,0.5,0.6031486866303052,0.6028166491208862,0.6113675688079176,0.6011853516175732,0.6033938993932457,0.6102527689975955,0.6064702507222969,0.6112666936449863,0.606053857478802,1.0,0.6164119498160012,0.6122103594987197
4,10,0.23319171713605807,0.92984,5000,1.4145178485799719,0.8991596638655462,833,1.397775162523166,0.919,0.8000945257250541,0.08335719011897202,,,0.98,,0.9800010039656644,0.019998996034335637,0.9704296337772566,0.399020139337816,5,0.1,0.5,0.597647471165563,0.5930417020053043,0.6068229888714404,0.6042790935811431,0.6124031188186763,0.6087564423546268,0.6077264857748202,0.6121870289607994,0.5927806296843593,0.6164119498160012,1.0,0.6102627862692067
4,11,0.22890252201420486,0.93096,5000,1.3893957005606756,0.929171668667467,833,1.3964026126617821,0.92,0.8022197175855967,0.08390065099500797,,,0.98,,0.9800010039656644,0.019998996034335637,0.9709378282691011,0.399020139337816,5,0.1,0.5,0.6026103339553978,0.6067117174014728,0.6129347815703378,0.6054521502423722,0.6101379020078375,0.6028422241995406,0.6114817693203118,0.6072568749448222,0.5975800175148103,0.6122103594987197,0.6102627862692067,1.0
5,0,0.21945321378683683,0.93384,5000,1.1309187809626262,0.9364508393285371,834,1.1506914559263772,0.9347,0.7793953891689421,0.08287725239215718,,,0.7,,0.7,0.30000000000000004,0.9672818698199683,0.3919871511139046,5,0.1,0.5,1.0,0.5713649425683432,0.5753774366583919,0.574601991811516,0.5830347445381115,0.5802403838652165,0.5806793701895209,0.5766715758297267,0.5729586817847235,0.5761307460006286,0.5779278940246569,0.5827648925432406
5,1,0.20844256279717205,0.93896,5000,1.148541631522002,0.9364508393285371,834,1.1490869316430137,0.9349,0.7834168379791313,0.08301639066294907,,,0.7361334923141034,,0.7361528035741177,0.2638471964258823,0.9680851836919313,0.39232187799329316,5,0.1,0.5,0.5713649425683432,1.0,0.583240080514573,0.5804301111235908,0.5823010980166833,0.5751698926141339,0.5895204725495367,0.5800754445091935,0.5811676225761934,0.5836946662391045,0.5728943731744991,0.5898102376967033
5,2,0.21041449793572922,0.93756,5000,1.152790504473227,0.9376498800959233,834,1.1510548176475988,0.9344,0.7891256201627413,0.083212124859638,,,0.786964655094942,,0.7869785653330656,0.21302143466693435,0.9688040688499495,0.39263770591710545,5,0.1,0.5,0.5753774366583919,0.583240080514573,1.0,0.5881949334434283,0.5864756202590823,0.5942173670707194,0.5826062814233108,0.5813827231592963,0.5799550583726789,0.5924347512251895,0.5855087358737279,0.5940962089308988
5,3,0.21291741407090786,0.93692,5000,1.1408168386529993,0.9376498800959233,834,1.1479412976164407,0.9351,0.7822455535449382,0.08312145928806602,,,0.7634192731169681,,0.763430550675167,0.23656944932483304,0.9685467339034463,0.39251232815111037,5,0.1,0.5,0.574601991811516,0.5804301111235908,0.5881949334434283,1.0,0.5813803078264281,0.5767826445655059,0.5839903219565258,0.5783254681990058,0.570914922706168,0.5789041246298944,0.5765432589133818,0.587516188992069
5,4,0.19356580339668758,0.94092,5000,1.1410307575155187,0.9243697478991597,833,1.1473863669477713,0.9351,0.7876817159580359,0.08353064683079076,,,0.8696831705042368,,0.8696952964208624,0.1303047035791376,0.9693125208517956,0.39288181908999414,5,0.1,0.5,0.5830347445381115,0.5823010980166833,0.5864756202590823,0.5813803078264281,1.0,0.5856182653931311,0.5830229484027087,0.5845289788627386,0.575350860774441,0.5863818686391814,0.5916232483220937,0.5874965688987291
5,5,0.21364582905747517,0.93376,5000,1.1409006979730394,0.9459783913565426,833,1.1474383414362948,0.9351,0.7868029528188307,0.08341843566243243,,,0.8405425080081734,,0.8405652326690427,0.1594347673309573,0.969158693884259,0.39282454260149074,5,0.1,0.5,0.5802403838652165,0.5751698926141339,0.5942173670707194,0.5767826445655059,0.5856182653931311,1.0,0.5863704948149271,0.5770653618964545,0.5814743493734759,0.5939085581725072,0.5832110345187042,0.5854511438652776
5,6,0.20262533284391568,0.93956,5000,1.1525882747438219,0.9459783913565426,833,1.1475226532536955,0.9351,0.7882833196380928,0.08348015591912131,,,0.8565709407894595,,0.8565885246724562,0.14341147532754384,0.9692546321115442,0.3928593811495754,5,0.1,0.5,0.5806793701895209,0.5895204725495367,0.5826062814233108,0.5839903219565258,0.5830229484027087,0.5863704948149271,1.0,0.5838883563461279,0.5797957741146226,0.588901741428707,0.583596043020018,0.5910331996331579
5,7,0.21225019608665804,0.93832,5000,1.1589475958435624,0.9339735894357744,833,1.1475148570423308,0.9352,0.784972354734345,0.08329949471113686,,,0.8096541555440346,,0.8096681893479243,0.19033181065207572,0.9689845503786844,0.3927317958763828,5,0.1,0.5,0.5766715758297267,0.5800754445091935,0.5813827231592963,0.5783254681990058,0.5845289788627386,0.5770653618964545,0.5838883563461279,1.0,0.5739795946352193,0.5875267793685939,0.5894100996910687,0.5897489180888082
5,8,0.2098713717060045,0.93732,5000,1.1679723483544808,0.9279711884753902,833,1.1476879793995867,0.9353,0.7795847095767137,0.08306749296277977,,,0.7494044963854956,,0.7494151900005019,0.25058480999949806,0.9683463422368382,0.3924203367639273,5,0.1,0.5,0.5729586817847235,0.5811676225761934,0.5799550583726789,0.570914922706168,0.575350860774441,0.5814743493734759,0.5797957741146226,0.5739795946352193,1.0,0.5836749252643229,0.5710350663287199,0.5818791516943551
5,9,0.21013111797440204,0.93692,5000,1.1536000304751926,0.9375750300120048,833,1.1473127873941733,0.9351,0.7908651707972744,0.08369264432360832,,,0.9117530850454542,,0.9117714974147885,0.08822850258521153,0.9694171034016943,0.39292315338061795,5,0.1,0.5,0.5761307460006286,0.5836946662391045,0.5924347512251895,0.5789041246298944,0.5863818686391814,0.5939085581725072,0.588901741428707,0.5875267793685939,0.5836749252643229,1.0,0.5875669863419174,0.5976629234745174
5,10,0.21443676031817485,0.9348,5000,1.1687022889101948,0.9159663865546218,833,1.1487383556822999,0.9347,0.7852771712323933,0.0833284614977178,,,0.8171766808300673,,0.8171979318307314,0.18280206816926858,0.9690217676516274,0.3927575932783567,5,0.1,0.5,0.5779278940246569,0.5728943731744991,0.5855087358737279,0.5765432589133818,0.5916232483220937,0.5832110345187042,0.583596043020018,0.5894100996910687,0.5710350663287199,0.5875669863419174,1.0,0.5860172201909202
5,11,0.20630173827580822,0.93768,5000,1.1407547681419938,0.9375750300120048,833,1.1472619151155028,0.9352,0.7927767067341526,0.08395544088960248,,,0.9799999997403052,,0.9800010039656644,0.019998996034335637,0.9694621215329053,0.39293868230071155,5,0.1,0.5,0.5827648925432406,0.5898102376967033,0.5940962089308988,0.587516188992069,0.5874965688987291,0.5854511438652776,0.5910331996331579,0.5897489180888082,0.5818791516943551,0.5976629234745174,0.5860172201909202,1.0
6,0,0.20389667100029862,0.93772,5000,0.8911234979276303,0.9436450839328537,834,0.9133872161277186,0.943,0.7662028734494873,0.0828511575114829,,,0.98,,0.9800010039656644,0.019998996034335637,0.9645506419918728,0.38558389982882235,5,0.1,0.5,1.0,0.5513018922763421,0.5547572826198468,0.5546811513004075,0.5543444825431033,0.5550293411558073,0.5534260697740658,0.5498601836488594,0.5482728359278982,0.5576744724673085,0.5565965158474037,0.5568862297582884
6,1,0.19165047934697052,0.94388,5000,0.9127547961694223,0.9448441247002398,834,0.9118516136663029,0.9431,0.7690227694467416,0.08304452967101487,,,0.98,,0.9800010039656644,0.019998996034335637,0.9654427525559592,0.38558389982882235,5,0.1,0.5,0.5513018922763421,1.0,0.5589435469828463,0.5550309701523736,0.5598111854760534,0.5609028660270063,0.555064819263663,0.5559765950552632,0.549406091554088,0.5567888012672,0.5549314987422429,0.5599902123432375
6,2,0.2018655292250833,0.93796,5000,0.914258705245124,0.9448441247002398,834,0.9137101584730057,0.9427,0.7751244908906072,0.08339211571482821,,,0.98,,0.9800010039656644,0.019998996034335637,0.9662173122558422,0.38558389982882235,5,0.1,0.5,0.5547572826198468,0.5589435469828463,1.0,0.5734432926000698,0.5617522296997455,0.5664879957424493,0.5548523851268666,0.5595554274979423,0.5495673958117869,0.5674867271755867,0.5659612578064377,0.5607768319483244
6,3,0.19650257960270354,0.94044,5000,0.9033024222762497,0.9460431654676259,834,0.910784539894555,0.9429,0.7721819461350913,0.08322699918462803,,,0.98,,0.9800010039656644,0.019998996034335637,0.9659136901487283,0.38558389982882235,5,0.1,0.5,0.5546811513004075,0.5550309701523736,0.5734432926000698,1.0,0.5556901840094337,0.558046324841245,0.5507998292702444,0.5515604566760174,0.5563050468548743,0.562721705665755,0.5675416905528838,0.5610491202348616
6,4,0.18015848817481736,0.94596,5000,0.9019699582347164,0.9327731092436975,833,0.9102739352768603,0.9429,0.772313474863304,0.08350682193844662,,,0.98,,0.9800010039656644,0.019998996034335637,0.9667992136196509,0.38558389982882235,5,0.1,0.5,0.5543444825431033,0.5598111854760534,0.5617522296997455,0.5556901840094337,1.0,0.5638720019743896,0.5497739834700721,0.5598794095133711,0.5547800676677535,0.5596149040941583,0.5614249238041528,0.5649395660182692
6,5,0.19802720703801532,0.94096,5000,0.9023665984471639,0.9531812725090036,833,0.910322607515719,0.9428,0.775260987352271,0.08353568519171739,,,0.98,,0.9800010039656644,0.019998996034335637,0.9666271872386413,0.38558389982882235,5,0.1,0.5,0.5550293411558073,0.5609028660270063,0.5664879957424493,0.558046324841245,0.5638720019743896,1.0,0.5558101882461906,0.5600441309718249,0.5580429647089769,0.5724651007950267,0.5659136093196411,0.5571556056882588
6,6,0.1873765170775876,0.94512,5000,0.917176553496608,0.9531812725090036,833,0.9103925045305928,0.9431,0.7666740103440894,0.08327326886374578,,,0.98,,0.9800010039656644,0.019998996034335637,0.9667425558200813,0.38558389982882235,5,0.1,0.5,0.5534260697740658,0.555064819263663,0.5548523851268666,0.5507998292702444,0.5497739834700721,0.5558101882461906,1.0,0.5527697537349613,0.5481331410890723,0.557506095893327,0.5566359764594953,0.5591861460813622
6,7,0.20141472602856292,0.94028,5000,0.9234201863959983,0.9375750300120048,833,0.9103882628888749,0.9429,0.7691902370003795,0.08324083669064306,,,0.98,,0.9800010039656644,0.019998996034335637,0.9664278315757624,0.38558389982882235,5,0.1,0.5,0.5498601836488594,0.5559765950552632,0.5595554274979423,0.5515604566760174,0.5598794095133711,0.5600441309718249,0.5527697537349613,1.0,0.5441598269008052,0.5664481209856497,0.5677281427087508,0.5502120024665388
6,8,0.19596719024910525,0.94036,5000,0.9299323514655784,0.943577430972389,833,0.9105617150711937,0.9429,0.762781647611946,0.08285800063084747,,,0.98,,0.9800010039656644,0.019998996034335637,0.9656776742235647,0.38558389982882235,5,0.1,0.5,0.5482728359278982,0.549406091554088,0.5495673958117869,0.5563050468548743,0.5547800676677535,0.5580429647089769,0.5481331410890723,0.5441598269008052,1.0,0.5536983016483729,0.5493208878077706,0.5485240106526709
6,9,0.19423673184007217,0.94012,5000,0.9181502262751261,0.943577430972389,833,0.9102080399616839,0.9429,0.7772649527059401,0.0837910100380187,,,0.98,,0.9800010039656644,0.019998996034335637,0.9669286105661405,0.38558389982882235,5,0.1,0.5,0.5576744724673085,0.5567888012672,0.5674867271755867,0.562721705665755,0.5596149040941583,0.5724651007950267,0.557506095893327,0.5664481209856497,0.5536983016483729,1.0,0.569819427771698,0.5666219443779337
6,10,0.1982864326127111,0.9386,5000,0.934404558605618,0.9279711884753902,833,0.9115119825917691,0.943,0.7754260832037329,0.08348102329626629,,,0.98,,0.9800010039656644,0.019998996034335637,0.9664857125605187,0.38558389982882235,5,0.1,0.5,0.5565965158474037,0.5549314987422429,0.5659612578064377,0.5675416905528838,0.5614249238041528,0.5659136093196411,0.5566359764594953,0.5677281427087508,0.5493208878077706,0.569819427771698,1.0,0.5598726717607972
6,11,0.1973546085606335,0.93984,5000,0.9044293165206909,0.9447779111644657,833,0.9101664804802916,0.943,0.7724848873338817,0.08379855126836065,,,0.98,,0.9800010039656644,0.019998996034335637,0.9669719587939076,0.38558389982882235,5,0.1,0.5,0.5568862297582884,0.5599902123432375,0.5607768319483244,0.5610491202348616,0.5649395660182692,0.5571556056882588,0.5591861460813622,0.5502120024665388,0.5485240106526709,0.5666219443779337,0.5598726717607972,1.0
7,0,0.19225166423459816,0.94152,5000,0.6821277185722634,0.9520383693045563,834,0.7062611665588598,0.9491,0.7501542640967617,0.08285304182399926,,,0.7108413030013498,,0.7108578886602078,0.2891421113397922,0.9631763577503005,0.3763962004075648,5,0.1,0.5,1.0,0.532795940475208,0.5231008250057186,0.5239199973797463,0.5251297158266808,0.5192440477299933,0.5244715534789738,0.5248165315285238,0.5267520296994791,0.5358910879388069,0.5284051449368968,0.5298670698909619
