round,client_id,client_i_training_loss,client_i_training_accuracy,client_i_training_dataset_size,client_i_evaluation_loss,client_i_evaluation_accuracy,client_i_evaluation_dataset_size,client_i_central_evaluation_loss,client_i_central_evaluation_accuracy,client_i_cosine_similarity,client_i_importance_coefficient,client_i_tanh_val,tanh_normalization_value,client_i_q,client_i_mask_order,client_i_v_nonzero_fraction,client_i_v_sparsity,client_i_v_cosine_similarity,client_i_reward_gradient_norm,local_epochs,learning_rate,gamma,client_0_cosine_similarity,client_1_cosine_similarity,client_2_cosine_similarity,client_3_cosine_similarity,client_4_cosine_similarity,client_5_cosine_similarity,client_6_cosine_similarity,client_7_cosine_similarity,client_8_cosine_similarity,client_9_cosine_similarity,client_10_cosine_similarity,client_11_cosine_similarity
0,0,2.1491889426662665,0.3212,5000,2.2616018895749694,0.21103117505995203,834,2.2553515380944686,0.2148,0.9964790390019687,0.08336858375728419,,,0.96,,0.9600139182880506,0.039986081711949395,0,0.09960576084902398,5,0.001,0.1,1.0,0.992133851170349,0.9862753583113363,0.9900997156648985,0.9929581048696886,0.994565786421266,0.9924872148443408,0.9899561526261083,0.9959097223041896,0.9958405510168278,0.9845246659534845,0.9958563318349515
0,1,2.1492092241906815,0.31104,5000,2.2530845094610146,0.22062350119904076,834,2.2553515380944686,0.2148,0.9971904258563338,0.08342810062841814,,,0.96,,0.9600139182880506,0.039986081711949395,0,0.09960576084902398,5,0.001,0.1,0.992133851170349,1.0,0.9920118242629963,0.9871867512529166,0.9935042417253913,0.9924932928458219,0.9953720751151012,0.991644193761756,0.9946070142626026,0.9950153591051119,0.99071691970157,0.9944249195065799
0,2,2.1427247796089026,0.29748,5000,2.2565612263149686,0.2278177458033573,834,2.2553515380944686,0.2148,0.9948153155720854,0.08322939140031088,,,0.96,,0.9600139182880506,0.039986081711949395,0,0.09960576084902398,5,0.001,0.1,0.9862753583113363,0.9920118242629963,1.0,0.9908936359160951,0.9897828904177093,0.987855931668074,0.9939436799569523,0.9922688526711333,0.98761920917598,0.9891630152262332,0.9925297795297041,0.9883773028271221
0,3,2.143898461730617,0.34388,5000,2.2528036347141973,0.21342925659472423,834,2.2553515380944686,0.2148,0.9941375770595399,0.083172689655731,,,0.96,,0.9600139182880506,0.039986081711949395,0,0.09960576084902398,5,0.001,0.1,0.9900997156648985,0.9871867512529166,0.9908936359160951,1.0,0.9884165946545111,0.9867304228950103,0.9877413882439648,0.9934402821763767,0.9896189435290818,0.9896114431889945,0.990279230716434,0.9886022720580572
0,4,2.1461183613272987,0.30932,5000,2.2588721999415644,0.21608643457382953,833,2.2553515380944686,0.2148,0.9965131327233367,0.083371436145698,,,0.96,,0.9600139182880506,0.039986081711949395,0,0.09960576084902398,5,0.001,0.1,0.9929581048696886,0.9935042417253913,0.9897828904177093,0.9884165946545111,1.0,0.9955264296796168,0.9949883839536783,0.9884019353903423,0.9940942303759924,0.9938890396432494,0.9857014697001969,0.9937516456374937
0,5,2.1421237538574607,0.3004,5000,2.2499537026440657,0.21728691476590636,833,2.2553515380944686,0.2148,0.995515351111296,0.08328795858456615,,,0.96,,0.9600139182880506,0.039986081711949395,0,0.09960576084902398,5,0.001,0.1,0.994565786421266,0.9924932928458219,0.987855931668074,0.9867304228950103,0.9955264296796168,1.0,0.9939458429487388,0.987512625113858,0.9919996563553832,0.9936644926268768,0.9818098016592546,0.9929845071977282
0,6,2.1456088995477955,0.28976,5000,2.250853662137632,0.20168067226890757,833,2.2553515380944686,0.2148,0.9969065055653472,0.08340434696011899,,,0.96,,0.9600139182880506,0.039986081711949395,0,0.09960576084902398,5,0.001,0.1,0.9924872148443408,0.9953720751151012,0.9939436799569523,0.9877413882439648,0.9949883839536783,0.9939458429487388,1.0,0.989032813023639,0.9929801135247552,0.9933319032196505,0.9883969135597728,0.9934965025119659
0,7,2.1485841831583885,0.34188,5000,2.2487613978209318,0.22088835534213686,833,2.2553515380944686,0.2148,0.99568617888955,0.0833022505760502,,,0.96,,0.9600139182880506,0.039986081711949395,0,0.09960576084902398,5,0.001,0.1,0.9899561526261083,0.991644193761756,0.9922688526711333,0.9934402821763767,0.9884019353903423,0.987512625113858,0.989032813023639,1.0,0.9904390131715266,0.9928886073721631,0.9945082488735817,0.9910379167359696
0,8,2.150439958967221,0.31912,5000,2.2584294831311262,0.20408163265306123,833,2.2553515380944686,0.2148,0.997020120932762,0.08341385238060825,,,0.96,,0.9600139182880506,0.039986081711949395,0,0.09960576084902398,5,0.001,0.1,0.9959097223041896,0.9946070142626026,0.98761920917598,0.9896189435290818,0.9940942303759924,0.9919996563553832,0.9929801135247552,0.9904390131715266,1.0,0.9960758053982424,0.9883197446464376,0.9954113879276622
0,9,2.1477334140971966,0.31952,5000,2.2532883661764638,0.22448979591836735,833,2.2553515380944686,0.2148,0.9977537852102558,0.08347523305132383,,,0.96,,0.9600139182880506,0.039986081711949395,0,0.09960576084902398,5,0.001,0.1,0.9958405510168278,0.9950153591051119,0.9891630152262332,0.9896114431889945,0.9938890396432494,0.9936644926268768,0.9933319032196505,0.9928886073721631,0.9960758053982424,1.0,0.9896101205592706,0.9967537667332534
0,10,2.1501140719006777,0.31912,5000,2.254491541120741,0.2184873949579832,833,2.2553515380944686,0.2148,0.9934843685390915,0.08311804016776735,,,0.96,,0.9600139182880506,0.039986081711949395,0,0.09960576084902398,5,0.001,0.1,0.9845246659534845,0.99071691970157,0.9925297795297041,0.990279230716434,0.9857014697001969,0.9818098016592546,0.9883969135597728,0.9945082488735817,0.9883197446464376,0.9896101205592706,1.0,0.9884161845625309
0,11,2.151127745087739,0.3218,5000,2.264951149622599,0.20168067226890757,833,2.2553515380944686,0.2148,0.9971906178608556,0.08342811669212288,,,0.96,,0.9600139182880506,0.039986081711949395,0,0.09960576084902398,5,0.001,0.1,0.9958563318349515,0.9944249195065799,0.9883773028271221,0.9886022720580572,0.9937516456374937,0.9929845071977282,0.9934965025119659,0.9910379167359696,0.9954113879276622,0.9967537667332534,0.9884161845625309,1.0
1,0,1.943727159500122,0.43744,5000,2.199354577947546,0.25539568345323743,834,2.190534240521562,0.26,0.9986190864177229,0.0833565818969911,,,0.96,,0.9600139182880506,0.039986081711949395,0.9671265417096376,0.0998568676285878,5,0.001,0.1,1.0,0.9969271506575249,0.9963000363894872,0.9970251113002611,0.9970454887723306,0.9973853312933539,0.9970448136248834,0.9968027999109337,0.9975045520939276,0.9974480271611701,0.9949997669321502,0.9977873991389163
1,1,1.943272207497032,0.42104,5000,2.1861594871238426,0.26258992805755393,834,2.190534240521562,0.26,0.9989209332572823,0.08340282259675123,,,0.96,,0.9600139182880506,0.039986081711949395,0.9671265417096376,0.0998568676285878,5,0.001,0.1,0.9969271506575249,1.0,0.9976315249961615,0.9965545220310843,0.9969687220634197,0.9959288696737075,0.9974469542925383,0.997821376172714,0.997752420541159,0.9979083477463685,0.9977850181324158,0.9971672667453049
1,2,1.9383614701070604,0.40836,5000,2.1924629388032137,0.2745803357314149,834,2.190534240521562,0.26,0.9986000860296745,0.08327060989834702,,,0.96,,0.9600139182880506,0.039986081711949395,0.9671265417096376,0.0998568676285878,5,0.001,0.1,0.9963000363894872,0.9976315249961615,1.0,0.9967465179403915,0.9971739803722272,0.9950394685122443,0.9984904870617254,0.997014328103207,0.9969687042666653,0.9977885129173009,0.9968166413689529,0.9960815229511233
1,3,1.928420422790916,0.45264,5000,2.186681385393496,0.2589928057553957,834,2.190534240521562,0.26,0.9983777554913837,0.08322866201942228,,,0.96,,0.9600139182880506,0.039986081711949395,0.9671265417096376,0.0998568676285878,5,0.001,0.1,0.9970251113002611,0.9965545220310843,0.9967465179403915,1.0,0.9974873737689159,0.9958334561290157,0.9968562340575454,0.9969682148150983,0.9972818403462602,0.9971113432873194,0.9953023729912637,0.9962221638372477
1,4,1.9372802758672434,0.43836,5000,2.193623180742617,0.2617046818727491,833,2.190534240521562,0.26,0.9987835011553038,0.08336363774600951,,,0.96,,0.9600139182880506,0.039986081711949395,0.9671265417096376,0.0998568676285878,5,0.001,0.1,0.9970454887723306,0.9969687220634197,0.9971739803722272,0.9974873737689159,1.0,0.9970159033884632,0.9976330002592044,0.9971123470001229,0.9976200617946728,0.9974579775983383,0.995688986476963,0.9970405373320679
1,5,1.937147176645364,0.42756,5000,2.184455739127265,0.2653061224489796,833,2.190534240521562,0.26,0.9976900651275213,0.08327715402772572,,,0.96,,0.9600139182880506,0.039986081711949395,0.9671265417096376,0.0998568676285878,5,0.001,0.1,0.9973853312933539,0.9959288696737075,0.9950394685122443,0.9958334561290157,0.9970159033884632,1.0,0.9960678643950153,0.9959006560042926,0.9960939785488168,0.9965851814152086,0.9931041860615644,0.9961833455300942
1,6,1.9421143360198683,0.41224,5000,2.1883979196901673,0.2388955582232893,833,2.190534240521562,0.26,0.9989146503124186,0.0833880530371627,,,0.96,,0.9600139182880506,0.039986081711949395,0.9671265417096376,0.0998568676285878,5,0.001,0.1,0.9970448136248834,0.9974469542925383,0.9984904870617254,0.9968562340575454,0.9976330002592044,0.9960678643950153,1.0,0.9973270934696523,0.99741417578891,0.9980718484988254,0.9968327581376563,0.9966317717259147
1,7,1.936031521809329,0.45896,5000,2.1815906277409307,0.2725090036014406,833,2.190534240521562,0.26,0.9987511345628524,0.08332016551498575,,,0.96,,0.9600139182880506,0.039986081711949395,0.9671265417096376,0.0998568676285878,5,0.001,0.1,0.9968027999109337,0.997821376172714,0.997014328103207,0.9969682148150983,0.9971123470001229,0.9959006560042926,0.9973270934696523,1.0,0.9970557296960055,0.9981481973954272,0.9968592547576475,0.9968491336899128
1,8,1.9432409078452237,0.436,5000,2.1942610387448913,0.2460984393757503,833,2.190534240521562,0.26,0.9987907758330019,0.08338988400365879,,,0.96,,0.9600139182880506,0.039986081711949395,0.9671265417096376,0.0998568676285878,5,0.001,0.1,0.9975045520939276,0.997752420541159,0.9969687042666653,0.9972818403462602,0.9976200617946728,0.9960939785488168,0.99741417578891,0.9970557296960055,1.0,0.9975212233210103,0.9963162574782595,0.9968011051945336
1,9,1.939525631278943,0.43684,5000,2.188011240076136,0.2689075630252101,833,2.190534240521562,0.26,0.9991085037161752,0.08343778024128123,,,0.96,,0.9600139182880506,0.039986081711949395,0.9671265417096376,0.0998568676285878,5,0.001,0.1,0.9974480271611701,0.9979083477463685,0.9977885129173009,0.9971113432873194,0.9974579775983383,0.9965851814152086,0.9980718484988254,0.9981481973954272,0.9975212233210103,1.0,0.9967346896252302,0.9973613259083799
1,10,1.943747100708591,0.43376,5000,2.1903689437442355,0.27130852340936373,833,2.190534240521562,0.26,0.9978116984349432,0.08317687857297192,,,0.96,,0.9600139182880506,0.039986081711949395,0.9671265417096376,0.0998568676285878,5,0.001,0.1,0.9949997669321502,0.9977850181324158,0.9968166413689529,0.9953023729912637,0.995688986476963,0.9931041860615644,0.9968327581376563,0.9968592547576475,0.9963162574782595,0.9967346896252302,1.0,0.9961698308914438
1,11,1.949160365997606,0.44948,5000,2.199781991817333,0.24369747899159663,833,2.190534240521562,0.26,0.9984542698920149,0.08338777044469259,,,0.96,,0.9600139182880506,0.039986081711949395,0.9671265417096376,0.0998568676285878,5,0.001,0.1,0.9977873991389163,0.9971672667453049,0.9960815229511233,0.9962221638372477,0.9970405373320679,0.9961833455300942,0.9966317717259147,0.9968491336899128,0.9968011051945336,0.9973613259083799,0.9961698308914438,1.0
2,0,1.7304861449891595,0.52632,5000,2.1193130634449147,0.33573141486810554,834,2.1075530890077827,0.333,0.9989352152847767,0.0833479102252593,,,0.96,,0.9600139182880506,0.039986081711949395,0.991890446593206,0.09989252930629984,5,0.001,0.1,1.0,0.9974120718456391,0.9973213428928899,0.998105538872185,0.9976861658883933,0.9974881181496473,0.9979635310411924,0.9977353211345,0.9978418681593544,0.9979966118431816,0.9967493874864328,0.9980380980524035
2,1,1.7342489044377758,0.506,5000,2.100498879397357,0.3333333333333333,834,2.1075530890077827,0.333,0.9991258358926185,0.0833824147062511,,,0.96,,0.9600139182880506,0.039986081711949395,0.991890446593206,0.09989252930629984,5,0.001,0.1,0.9974120718456391,1.0,0.9982073267209798,0.9976553593033534,0.997447828771726,0.996684051403963,0.9979289850592852,0.9982964606418517,0.9981044115246678,0.9985644110990385,0.9984408910090239,0.9978819558015943
2,2,1.7303689833659275,0.49728,5000,2.110296540790134,0.34532374100719426,834,2.1075530890077827,0.333,0.9988880633220937,0.08329367411477476,,,0.96,,0.9600139182880506,0.039986081711949395,0.991890446593206,0.09989252930629984,5,0.001,0.1,0.9973213428928899,0.9982073267209798,1.0,0.9975357701459477,0.9974104836813138,0.9963387852429366,0.9984389903722488,0.9977769192132978,0.9976411605231739,0.9980995656915944,0.9977757919619862,0.9972295700097392
2,3,1.7104769378710705,0.53516,5000,2.102232412055687,0.3261390887290168,834,2.1075530890077827,0.333,0.99889372322001,0.08326813607709502,,,0.96,,0.9600139182880506,0.039986081711949395,0.991890446593206,0.09989252930629984,5,0.001,0.1,0.998105538872185,0.9976553593033534,0.9975357701459477,1.0,0.9978325138607024,0.9976667446527477,0.9974585639157526,0.997806166621065,0.9979707882426955,0.997655492088279,0.9969293901233556,0.9972288411585235
2,4,1.7242420207163331,0.52604,5000,2.110227028528849,0.3277310924369748,833,2.1075530890077827,0.333,0.9989181258173252,0.08335168507521042,,,0.96,,0.9600139182880506,0.039986081711949395,0.991890446593206,0.09989252930629984,5,0.001,0.1,0.9976861658883933,0.997447828771726,0.9974104836813138,0.9978325138607024,1.0,0.9978139197203434,0.9979714576499408,0.997674673773893,0.9978434625385151,0.9978722867939384,0.9967829870147519,0.9977975005599816
2,5,1.7247464807929507,0.51548,5000,2.100641162307174,0.34093637454981995,833,2.1075530890077827,0.333,0.998279545381394,0.08327804892115986,,,0.96,,0.9600139182880506,0.039986081711949395,0.991890446593206,0.09989252930629984,5,0.001,0.1,0.9974881181496473,0.996684051403963,0.9963387852429366,0.9976667446527477,0.9978139197203434,1.0,0.9968882508350797,0.9972652123219182,0.9970229402672474,0.9971159983866879,0.9955098743129343,0.9966870874221343
2,6,1.7345780194944638,0.49972,5000,2.1086679255520857,0.32533013205282113,833,2.1075530890077827,0.333,0.9991213745650465,0.0833732146541972,,,0.96,,0.9600139182880506,0.039986081711949395,0.991890446593206,0.09989252930629984,5,0.001,0.1,0.9979635310411924,0.9979289850592852,0.9984389903722488,0.9974585639157526,0.9979714576499408,0.9968882508350797,1.0,0.9980321261942594,0.9980038023778867,0.9982610636312157,0.9978415927829815,0.9977813458691053
2,7,1.7190047824458712,0.5392,5000,2.09567251028838,0.3565426170468187,833,2.1075530890077827,0.333,0.9991098822174092,0.0833312179798757,,,0.96,,0.9600139182880506,0.039986081711949395,0.991890446593206,0.09989252930629984,5,0.001,0.1,0.9977353211345,0.9982964606418517,0.9977769192132978,0.997806166621065,0.997674673773893,0.9972652123219182,0.9980321261942594,1.0,0.9977998526179844,0.9986056702312172,0.9976803761037457,0.997760249113276
2,8,1.7305095620216078,0.51776,5000,2.1123246175271495,0.31092436974789917,833,2.1075530890077827,0.333,0.9990197663807803,0.0833710582789775,,,0.96,,0.9600139182880506,0.039986081711949395,0.991890446593206,0.09989252930629984,5,0.001,0.1,0.9978418681593544,0.9981044115246678,0.9976411605231739,0.9979707882426955,0.9978434625385151,0.9970229402672474,0.9980038023778867,0.9977998526179844,1.0,0.9980647886750287,0.9975290653611717,0.9975293929045786
2,9,1.7281575890863017,0.522,5000,2.104456866229022,0.34213685474189676,833,2.1075530890077827,0.333,0.9992954373521628,0.08340932256879267,,,0.96,,0.9600139182880506,0.039986081711949395,0.991890446593206,0.09989252930629984,5,0.001,0.1,0.9979966118431816,0.9985644110990385,0.9980995656915944,0.997655492088279,0.9978722867939384,0.9971159983866879,0.9982610636312157,0.9986056702312172,0.9980647886750287,1.0,0.9982051020092811,0.998214281964607
2,10,1.7318558146239846,0.5146,5000,2.107914650881732,0.33613445378151263,833,2.1075530890077827,0.333,0.9986449370097505,0.0832283559241562,,,0.96,,0.9600139182880506,0.039986081711949395,0.991890446593206,0.09989252930629984,5,0.001,0.1,0.9967493874864328,0.9984408910090239,0.9977757919619862,0.9969293901233556,0.9967829870147519,0.9955098743129343,0.9978415927829815,0.9976803761037457,0.9975290653611717,0.9982051020092811,1.0,0.9974184390701939
2,11,1.7399773210476919,0.53172,5000,2.1163263497529208,0.3157262905162065,833,2.1075530890077827,0.333,0.9988710016856356,0.08336496147425,,,0.96,,0.9600139182880506,0.039986081711949395,0.991890446593206,0.09989252930629984,5,0.001,0.1,0.9980380980524035,0.9978819558015943,0.9972295700097392,0.9972288411585235,0.9977975005599816,0.9966870874221343,0.9977813458691053,0.997760249113276,0.9975293929045786,0.998214281964607,0.9974184390701939,1.0
3,0,1.556368111956651,0.5854,5000,2.0218891965018377,0.41247002398081534,834,2.0068844309249245,0.4194,0.999015642835019,0.0833482089950455,,,0.96,,0.9600139182880506,0.039986081711949395,0.9970602397286362,0.0998831607249613,5,0.001,0.1,1.0,0.9975826085873811,0.9975575424490846,0.9978891088484846,0.9978106618441749,0.9971402249155832,0.9979395040518977,0.9976592884729044,0.9976995006243059,0.997916965169946,0.9971015121049386,0.9978838700760735
3,1,1.5639556376038084,0.56696,5000,1.9967348752198395,0.42326139088729015,834,2.0068844309249245,0.4194,0.999017252136297,0.08336941840782128,,,0.96,,0.9600139182880506,0.039986081711949395,0.9970602397286362,0.0998831607249613,5,0.001,0.1,0.9975826085873811,1.0,0.9980692688556725,0.9975227579640833,0.9971888354719646,0.9962209133525126,0.9978789220929409,0.9979492960550109,0.9978736541303579,0.9983089133361646,0.9981377596319537,0.9974666934044905
3,2,1.558748959052335,0.56044,5000,2.0102605245731495,0.44004796163069543,834,2.0068844309249245,0.4194,0.9988825633322626,0.08331065763788684,,,0.96,,0.9600139182880506,0.039986081711949395,0.9970602397286362,0.0998831607249613,5,0.001,0.1,0.9975575424490846,0.9980692688556725,1.0,0.9974945985434253,0.9973611233068758,0.9961302366963247,0.9982979097293114,0.9975738726333901,0.9973453769623492,0.9979953791179703,0.9977341097754098,0.9970277411573398
3,3,1.5345247718179302,0.59256,5000,1.9997681864985712,0.4028776978417266,834,2.0068844309249245,0.4194,0.9988431134381283,0.08329372505708683,,,0.96,,0.9600139182880506,0.039986081711949395,0.9970602397286362,0.0998831607249613,5,0.001,0.1,0.9978891088484846,0.9975227579640833,0.9974945985434253,1.0,0.9977125432889162,0.9974496390913465,0.9973339849354544,0.9976457144709656,0.9976607968584407,0.9972622039423336,0.9971323451734943,0.9970126867822986
3,4,1.5482335206809317,0.58788,5000,2.0091789254435786,0.41536614645858344,833,2.0068844309249245,0.4194,0.9988157251979757,0.08334407178563777,,,0.96,,0.9600139182880506,0.039986081711949395,0.9970602397286362,0.0998831607249613,5,0.001,0.1,0.9978106618441749,0.9971888354719646,0.9973611233068758,0.9977125432889162,1.0,0.9973264812793587,0.9977302711129596,0.997355731160642,0.9975184822736405,0.9975867795270073,0.996736743588584,0.9974571283449871
3,5,1.5506653220790207,0.5814,5000,1.9988085075660988,0.43337334933973587,833,2.0068844309249245,0.4194,0.9980711337073844,0.0832748895807367,,,0.96,,0.9600139182880506,0.039986081711949395,0.9970602397286362,0.0998831607249613,5,0.001,0.1,0.9971402249155832,0.9962209133525126,0.9961302366963247,0.9974496390913465,0.9973264812793587,1.0,0.9963694377414863,0.997210535429315,0.996668127805186,0.9966833502546125,0.9956309250426634,0.9960335117723765
3,6,1.5622300796448045,0.56328,5000,2.012074761920505,0.4009603841536615,833,2.0068844309249245,0.4194,0.9990545655431753,0.08336498131781679,,,0.96,,0.9600139182880506,0.039986081711949395,0.9970602397286362,0.0998831607249613,5,0.001,0.1,0.9979395040518977,0.9978789220929409,0.9982979097293114,0.9973339849354544,0.9977302711129596,0.9963694377414863,1.0,0.9977061451446211,0.9978236223106709,0.9980466284646949,0.9979978343039158,0.9975227714819888
3,7,1.5431700285832592,0.59492,5000,1.9917594503473353,0.45018007202881155,833,2.0068844309249245,0.4194,0.9989332187720732,0.08333531359121417,,,0.96,,0.9600139182880506,0.039986081711949395,0.9970602397286362,0.0998831607249613,5,0.001,0.1,0.9976592884729044,0.9979492960550109,0.9975738726333901,0.9976457144709656,0.997355731160642,0.997210535429315,0.9977061451446211,1.0,0.9974186377143723,0.9980854465470229,0.9973546364733878,0.9972344176588948
3,8,1.5550296421263627,0.5804,5000,2.0130654264379433,0.42737094837935174,833,2.0068844309249245,0.4194,0.998857736816607,0.08335730688390416,,,0.96,,0.9600139182880506,0.039986081711949395,0.9970602397286362,0.0998831607249613,5,0.001,0.1,0.9976995006243059,0.9978736541303579,0.9973453769623492,0.9976607968584407,0.9975184822736405,0.996668127805186,0.9978236223106709,0.9974186377143723,1.0,0.9977243370577266,0.9974709821714984,0.9970842662765385
3,9,1.555275142420629,0.57912,5000,2.003000572875694,0.4225690276110444,833,2.0068844309249245,0.4194,0.9991146727904047,0.08338906180920347,,,0.96,,0.9600139182880506,0.039986081711949395,0.9970602397286362,0.0998831607249613,5,0.001,0.1,0.997916965169946,0.9983089133361646,0.9979953791179703,0.9972622039423336,0.9975867795270073,0.9966833502546125,0.9980466284646949,0.9980854465470229,0.9977243370577266,1.0,0.9979801058698727,0.9977762463483225
3,10,1.5586596908842683,0.56868,5000,2.008006360795763,0.4141656662665066,833,2.0068844309249245,0.4194,0.9987194684663361,0.08326534228921649,,,0.96,,0.9600139182880506,0.039986081711949395,0.9970602397286362,0.0998831607249613,5,0.001,0.1,0.9971015121049386,0.9981377596319537,0.9977341097754098,0.9971323451734943,0.996736743588584,0.9956309250426634,0.9979978343039158,0.9973546364733878,0.9974709821714984,0.9979801058698727,1.0,0.9973566616777789
3,11,1.5676501072895754,0.58076,5000,2.0148910593103477,0.39015606242497,833,2.0068844309249245,0.4194,0.9986549088677477,0.08334702264442997,,,0.96,,0.9600139182880506,0.039986081711949395,0.9970602397286362,0.0998831607249613,5,0.001,0.1,0.9978838700760735,0.9974666934044905,0.9970277411573398,0.9970126867822986,0.9974571283449871,0.9960335117723765,0.9975227714819888,0.9972344176588948,0.9970842662765385,0.9977762463483225,0.9973566616777789,1.0
4,0,1.41617510774333,0.62084,5000,1.9088702334298029,0.4952038369304556,834,1.8906337674052571,0.501,0.9987885297382455,0.08334685709082482,,,0.96,,0.9600139182880506,0.039986081711949395,0.9980248404984448,0.09986519495775625,5,0.001,0.1,1.0,0.9971254728695895,0.9968796769153436,0.9974537899029999,0.9972587529097187,0.9964678637485817,0.9977754079502128,0.9971407135235364,0.9973783588862932,0.9975937672621129,0.9967457792337967,0.997486967753985
4,1,1.4258722324280222,0.60428,5000,1.8768631882137723,0.4988009592326139,834,1.8906337674052571,0.501,0.998800523694822,0.08336025029804411,,,0.96,,0.9600139182880506,0.039986081711949395,0.9980248404984448,0.09986519495775625,5,0.001,0.1,0.9971254728695895,1.0,0.9976098516699607,0.9976045742316636,0.9965945211438448,0.9964915341334781,0.997025500126553,0.9974692462221955,0.9970173724634487,0.9979370389266363,0.9980403932929645,0.996535783571024
4,2,1.4204620282361462,0.60404,5000,1.894966438964561,0.511990407673861,834,1.8906337674052571,0.501,0.9986692411806742,0.0833199797016637,,,0.96,,0.9600139182880506,0.039986081711949395,0.9980248404984448,0.09986519495775625,5,0.001,0.1,0.9968796769153436,0.9976098516699607,1.0,0.9972284672393416,0.9969838418771759,0.9959764204969873,0.9976395871227856,0.9972739914384473,0.9966739950243878,0.997752455763394,0.9974440871329485,0.9964163135997766
4,3,1.3938006080639591,0.62588,5000,1.8814528076737016,0.4844124700239808,834,1.8906337674052571,0.501,0.9987855931841951,0.08331335150045191,,,0.96,,0.9600139182880506,0.039986081711949395,0.9980248404984448,0.09986519495775625,5,0.001,0.1,0.9974537899029999,0.9976045742316636,0.9972284672393416,1.0,0.9974182610439181,0.9971782020241309,0.9968358159048222,0.9973115921416006,0.9972560114765611,0.9973743460818276,0.9971339843994839,0.9964793616996369
4,4,1.4076406229073835,0.6264,5000,1.8927655308334916,0.48619447779111646,833,1.8906337674052571,0.501,0.9986231193925229,0.08333898145512746,,,0.96,,0.9600139182880506,0.039986081711949395,0.9980248404984448,0.09986519495775625,5,0.001,0.1,0.9972587529097187,0.9965945211438448,0.9969838418771759,0.9974182610439181,1.0,0.997134988871112,0.9972586709616715,0.9970712736753669,0.996959476216011,0.9973789037972906,0.9964310871566197,0.9968356821873818
4,5,1.4107635258109705,0.62048,5000,1.8812889434673168,0.5090036014405762,833,1.8906337674052571,0.501,0.9980616476104862,0.08327843587603784,,,0.96,,0.9600139182880506,0.039986081711949395,0.9980248404984448,0.09986519495775625,5,0.001,0.1,0.9964678637485817,0.9964915341334781,0.9959764204969873,0.9971782020241309,0.997134988871112,1.0,0.995827558288894,0.9969420483457005,0.9964151036275165,0.9966731815554262,0.995930660427349,0.9955624697752934
4,6,1.423545327384001,0.6048,5000,1.9005824592378404,0.48259303721488594,833,1.8906337674052571,0.501,0.9987722237750443,0.08335661599443651,,,0.96,,0.9600139182880506,0.039986081711949395,0.9980248404984448,0.09986519495775625,5,0.001,0.1,0.9977754079502128,0.997025500126553,0.9976395871227856,0.9968358159048222,0.9972586709616715,0.995827558288894,1.0,0.9971373717357405,0.9973515015470455,0.9976008492542945,0.9973702472755268,0.9972882379489566
4,7,1.402636204251818,0.63044,5000,1.872701154814826,0.5222088835534213,833,1.8906337674052571,0.501,0.9987617604918969,0.0833380853555025,,,0.96,,0.9600139182880506,0.039986081711949395,0.9980248404984448,0.09986519495775625,5,0.001,0.1,0.9971407135235364,0.9974692462221955,0.9972739914384473,0.9973115921416006,0.9970712736753669,0.9969420483457005,0.9971373717357405,1.0,0.9968950999036541,0.9979469107838508,0.9971242490026561,0.996674533074223
4,8,1.4137756947499172,0.61676,5000,1.8985231187608507,0.5198079231692677,833,1.8906337674052571,0.501,0.998549037136533,0.08334470652640326,,,0.96,,0.9600139182880506,0.039986081711949395,0.9980248404984448,0.09986519495775625,5,0.001,0.1,0.9973783588862932,0.9970173724634487,0.9966739950243878,0.9972560114765611,0.996959476216011,0.9964151036275165,0.9973515015470455,0.9968950999036541,1.0,0.9973709320977008,0.9966026026652326,0.9965160298853374
4,9,1.4162500283520691,0.61556,5000,1.8851816212689434,0.5234093637454982,833,1.8906337674052571,0.501,0.9990811080736328,0.08338135192085219,,,0.96,,0.9600139182880506,0.039986081711949395,0.9980248404984448,0.09986519495775625,5,0.001,0.1,0.9975937672621129,0.9979370389266363,0.997752455763394,0.9973743460818276,0.9973789037972906,0.9966731815554262,0.9976008492542945,0.9979469107838508,0.9973709320977008,1.0,0.9978788018694175,0.9973053723641923
4,10,1.4202767829226841,0.6096,5000,1.8926368024614122,0.49819927971188477,833,1.8906337674052571,0.501,0.9986166169305642,0.08329049283710095,,,0.96,,0.9600139182880506,0.039986081711949395,0.9980248404984448,0.09986519495775625,5,0.001,0.1,0.9967457792337967,0.9980403932929645,0.9974440871329485,0.9971339843994839,0.9964310871566197,0.995930660427349,0.9973702472755268,0.9971242490026561,0.9966026026652326,0.9978788018694175,1.0,0.99654739777935
4,11,1.4286292100408275,0.62092,5000,1.8973874515957303,0.4801920768307323,833,1.8906337674052571,0.501,0.9983163935662208,0.08333089144355464,,,0.96,,0.9600139182880506,0.039986081711949395,0.9980248404984448,0.09986519495775625,5,0.001,0.1,0.997486967753985,0.996535783571024,0.9964163135997766,0.9964793616996369,0.9968356821873818,0.9955624697752934,0.9972882379489566,0.996674533074223,0.9965160298853374,0.9973053723641923,0.99654739777935,1.0
5,0,1.301014108187074,0.64464,5000,1.7837022896166201,0.5419664268585132,834,1.7622594246849084,0.542,0.9987447415808551,0.08335017664286651,,,0.96,,0.9600139182880506,0.039986081711949395,0.998139982866249,0.09984796966796676,5,0.001,0.1,1.0,0.9971072062735761,0.9966821636780154,0.9971602992966455,0.9969105956210422,0.9966258988206625,0.9971714237511294,0.997048221432193,0.9970023374759261,0.9972543151229848,0.9968927321850053,0.996862575081764
5,1,1.3150726851384351,0.62924,5000,1.7445021470387776,0.5299760191846523,834,1.7622594246849084,0.542,0.998779784040192,0.08335952128347016,,,0.96,,0.9600139182880506,0.039986081711949395,0.998139982866249,0.09984796966796676,5,0.001,0.1,0.9971072062735761,1.0,0.9973595377012777,0.9970521394599439,0.996330563179715,0.9962270595196913,0.9969933065661221,0.9973908076108992,0.9972112172065744,0.9976326622929144,0.9974809929035118,0.9963516113312072
5,2,1.3089911302943138,0.62924,5000,1.767528114495454,0.5479616306954437,834,1.7622594246849084,0.542,0.9983845779753318,0.08332206868361547,,,0.96,,0.9600139182880506,0.039986081711949395,0.998139982866249,0.09984796966796676,5,0.001,0.1,0.9966821636780154,0.9973595377012777,1.0,0.9965052459312069,0.9962812247097769,0.9955252488530493,0.9972326628351852,0.9967267948815558,0.9964268362710809,0.9972821803510262,0.996698567482503,0.9956819909817585
5,3,1.2789173870329644,0.65428,5000,1.7506970520372744,0.5299760191846523,834,1.7622594246849084,0.542,0.9985137537717981,0.08332217326042521,,,0.96,,0.9600139182880506,0.039986081711949395,0.998139982866249,0.09984796966796676,5,0.001,0.1,0.9971602992966455,0.9970521394599439,0.9965052459312069,1.0,0.9969165717891739,0.9965072422694018,0.9966618498685208,0.9967504164225238,0.9968816310887137,0.9967720296182963,0.9968485860011016,0.9958955716141422
5,4,1.292226448939864,0.65052,5000,1.7641546549620453,0.531812725090036,833,1.7622594246849084,0.542,0.9983644897977335,0.08333307338951385,,,0.96,,0.9600139182880506,0.039986081711949395,0.998139982866249,0.09984796966796676,5,0.001,0.1,0.9969105956210422,0.996330563179715,0.9962812247097769,0.9969165717891739,1.0,0.9968703719590732,0.9969737164768411,0.9964863642322361,0.9963155780554863,0.9967577978431466,0.9960998625828229,0.9962196583887826
5,5,1.2986036891390564,0.64864,5000,1.7515159536291052,0.5438175270108043,833,1.7622594246849084,0.542,0.9979675530578507,0.08328313100961321,,,0.96,,0.9600139182880506,0.039986081711949395,0.998139982866249,0.09984796966796676,5,0.001,0.1,0.9966258988206625,0.9962270595196913,0.9955252488530493,0.9965072422694018,0.9968703719590732,1.0,0.9957912246790201,0.996491216010334,0.9965622439569823,0.9962097424806722,0.9955820635150245,0.9950164378572615
5,6,1.3094807703024263,0.63104,5000,1.77759583791097,0.5126050420168067,833,1.7622594246849084,0.542,0.9986409444346089,0.08335281116159227,,,0.96,,0.9600139182880506,0.039986081711949395,0.998139982866249,0.09984796966796676,5,0.001,0.1,0.9971714237511294,0.9969933065661221,0.9972326628351852,0.9966618498685208,0.9969737164768411,0.9957912246790201,1.0,0.9969676282893605,0.9966778532961991,0.9971331545423067,0.9973387194845335,0.9965320143946584
5,7,1.2870967861953055,0.65028,5000,1.7423837891331426,0.5654261704681873,833,1.7622594246849084,0.542,0.9986140271234719,0.08334057817444812,,,0.96,,0.9600139182880506,0.039986081711949395,0.998139982866249,0.09984796966796676,5,0.001,0.1,0.997048221432193,0.9973908076108992,0.9967267948815558,0.9967504164225238,0.9964863642322361,0.996491216010334,0.9969676282893605,1.0,0.9969157958346735,0.9974130943280269,0.9967168773386477,0.9962442994755074
5,8,1.2989020463767325,0.6454,5000,1.7725848577640675,0.5522208883553421,833,1.7622594246849084,0.542,0.9984358560109547,0.08333888786155788,,,0.96,,0.9600139182880506,0.039986081711949395,0.998139982866249,0.09984796966796676,5,0.001,0.1,0.9970023374759261,0.9972112172065744,0.9964268362710809,0.9968816310887137,0.9963155780554863,0.9965622439569823,0.9966778532961991,0.9969157958346735,1.0,0.9969235094048068,0.9965009867988819,0.9955988189742281
5,9,1.3032622295580092,0.6388,5000,1.7549235026041667,0.575030012004802,833,1.7622594246849084,0.542,0.9988181231653003,0.08337369962526497,,,0.96,,0.9600139182880506,0.039986081711949395,0.998139982866249,0.09984796966796676,5,0.001,0.1,0.9972543151229848,0.9976326622929144,0.9972821803510262,0.9967720296182963,0.9967577978431466,0.9962097424806722,0.9971331545423067,0.9974130943280269,0.9969235094048068,1.0,0.9975156736870715,0.9967015984644484
5,10,1.3070351344764612,0.63592,5000,1.7649206673657452,0.5282112845138055,833,1.7622594246849084,0.542,0.9985213522545828,0.08330840011957025,,,0.96,,0.9600139182880506,0.039986081711949395,0.998139982866249,0.09984796966796676,5,0.001,0.1,0.9968927321850053,0.9974809929035118,0.996698567482503,0.9968485860011016,0.9960998625828229,0.9955820635150245,0.9973387194845335,0.9967168773386477,0.9965009867988819,0.9975156736870715,1.0,0.9963672606089484
5,11,1.3157059119765167,0.63912,5000,1.7672578184692949,0.5450180072028812,833,1.7622594246849084,0.542,0.9979730883282008,0.08331547878806202,,,0.96,,0.9600139182880506,0.039986081711949395,0.998139982866249,0.09984796966796676,5,0.001,0.1,0.996862575081764,0.9963516113312072,0.9956819909817585,0.9958955716141422,0.9962196583887826,0.9950164378572615,0.9965320143946584,0.9962442994755074,0.9955988189742281,0.9967015984644484,0.9963672606089484,1.0
6,0,1.2070404991982089,0.65908,5000,1.650976132463526,0.580335731414868,834,1.626374701341501,0.5808,0.9983150683812951,0.08334879363476294,,,0.96,,0.9600139182880506,0.039986081711949395,0.9984303186844611,0.09981560238429141,5,0.001,0.1,1.0,0.996105199287312,0.995982727113756,0.9964324854459019,0.9959874039006927,0.9957712514822673,0.9965879549409112,0.9962462633132967,0.996116992440202,0.9962808419361109,0.9960887787858244,0.9960915820281614
6,1,1.2232355653100713,0.64284,5000,1.6041976787425853,0.5779376498800959,834,1.626374701341501,0.5808,0.9984027175725112,0.08335735449865438,,,0.96,,0.9600139182880506,0.039986081711949395,0.9984303186844611,0.09981560238429141,5,0.001,0.1,0.996105199287312,1.0,0.9966811191484019,0.996402776137482,0.9954022106858313,0.9956858196810021,0.9961757962942225,0.9966792720081233,0.9964650930368246,0.9968699311381822,0.9969204665525744,0.9953530883662463
6,2,1.2169266914106478,0.64944,5000,1.6325951505590368,0.579136690647482,834,1.626374701341501,0.5808,0.9981236950822362,0.0833253761295597,,,0.96,,0.9600139182880506,0.039986081711949395,0.9984303186844611,0.09981560238429141,5,0.001,0.1,0.995982727113756,0.9966811191484019,1.0,0.9960794468914672,0.9957984427210187,0.9949703676471797,0.9966269642005685,0.9961630591380288,0.9955605538987665,0.9964117150284091,0.996173669401182,0.9949515661957956
6,3,1.1848122341617657,0.67312,5000,1.612396615522879,0.5767386091127098,834,1.626374701341501,0.5808,0.9982943965910135,0.08333095070412028,,,0.96,,0.9600139182880506,0.039986081711949395,0.9984303186844611,0.09981560238429141,5,0.001,0.1,0.9964324854459019,0.996402776137482,0.9960794468914672,1.0,0.996110312512477,0.9963433074511147,0.9961618137607754,0.9959256209598258,0.9963801236205296,0.9961586980294109,0.9963909500140232,0.9950598435311586
6,4,1.1953130211040472,0.66372,5000,1.628150017173202,0.5690276110444178,833,1.626374701341501,0.5808,0.9979371622440713,0.08332610428068872,,,0.96,,0.9600139182880506,0.039986081711949395,0.9984303186844611,0.09981560238429141,5,0.001,0.1,0.9959874039006927,0.9954022106858313,0.9957984427210187,0.996110312512477,1.0,0.9961420498382323,0.996424538620517,0.9954469500312443,0.9956559305681533,0.995649251250509,0.995270650632868,0.9952784519754421
6,5,1.2053543009575765,0.66184,5000,1.6142725193942036,0.5738295318127251,833,1.626374701341501,0.5808,0.9977753545028594,0.08329024923910407,,,0.96,,0.9600139182880506,0.039986081711949395,0.9984303186844611,0.09981560238429141,5,0.001,0.1,0.9957712514822673,0.9956858196810021,0.9949703676471797,0.9963433074511147,0.9961420498382323,1.0,0.9952078888934965,0.9960199826921409,0.9961148067533427,0.9954373467865095,0.995411592631755,0.9941259545288603
6,6,1.2169074017530794,0.65076,5000,1.6475396818584866,0.5450180072028812,833,1.626374701341501,0.5808,0.9983959684144855,0.083353021035556,,,0.96,,0.9600139182880506,0.039986081711949395,0.9984303186844611,0.09981560238429141,5,0.001,0.1,0.9965879549409112,0.9961757962942225,0.9966269642005685,0.9961618137607754,0.996424538620517,0.9952078888934965,1.0,0.996181274363452,0.9960972849647712,0.9964479606997442,0.9969912921810499,0.9957574292792465
6,7,1.1925611578734816,0.66728,5000,1.6054063417293407,0.5990396158463386,833,1.626374701341501,0.5808,0.9982592766274362,0.08334110548114546,,,0.96,,0.9600139182880506,0.039986081711949395,0.9984303186844611,0.09981560238429141,5,0.001,0.1,0.9962462633132967,0.9966792720081233,0.9961630591380288,0.9959256209598258,0.9954469500312443,0.9960199826921409,0.996181274363452,1.0,0.9964806754000846,0.9965111206427976,0.9959249613170487,0.9954441624406397
6,8,1.2031309014672686,0.66568,5000,1.6402837391252871,0.595438175270108,833,1.626374701341501,0.5808,0.998158294853185,0.0833368089397074,,,0.96,,0.9600139182880506,0.039986081711949395,0.9984303186844611,0.09981560238429141,5,0.001,0.1,0.996116992440202,0.9964650930368246,0.9955605538987665,0.9963801236205296,0.9956559305681533,0.9961148067533427,0.9960972849647712,0.9964806754000846,1.0,0.9962560277155966,0.9960078202400925,0.9946786920895966
6,9,1.2103350181488475,0.65272,5000,1.6167497458281341,0.6122448979591837,833,1.626374701341501,0.5808,0.9983863404957045,0.083365521986764,,,0.96,,0.9600139182880506,0.039986081711949395,0.9984303186844611,0.09981560238429141,5,0.001,0.1,0.9962808419361109,0.9968699311381822,0.9964117150284091,0.9961586980294109,0.995649251250509,0.9954373467865095,0.9964479606997442,0.9965111206427976,0.9962560277155966,1.0,0.9969396975265991,0.9955812528411802
6,10,1.2126058696941207,0.65192,5000,1.6295353174209595,0.5786314525810324,833,1.626374701341501,0.5808,0.9983218481089577,0.0833233892375541,,,0.96,,0.9600139182880506,0.039986081711949395,0.9984303186844611,0.09981560238429141,5,0.001,0.1,0.9960887787858244,0.9969204665525744,0.996173669401182,0.9963909500140232,0.995270650632868,0.995411592631755,0.9969912921810499,0.9959249613170487,0.9960078202400925,0.9969396975265991,1.0,0.9956538419318054
6,11,1.2230082640222684,0.65652,5000,1.628982075938472,0.5822328931572629,833,1.626374701341501,0.5808,0.9975038450450466,0.08330132483238298,,,0.96,,0.9600139182880506,0.039986081711949395,0.9984303186844611,0.09981560238429141,5,0.001,0.1,0.9960915820281614,0.9953530883662463,0.9949515661957956,0.9950598435311586,0.9952784519754421,0.9941259545288603,0.9957574292792465,0.9954441624406397,0.9946786920895966,0.9955812528411802,0.9956538419318054,1.0
7,0,1.1280227564702368,0.6728,5000,1.5157878133985732,0.6127098321342925,834,1.4889308781669544,0.6191,0.9979919527415769,0.08335251060164056,,,0.96,,0.9600139182880506,0.039986081711949395,0.9984634862867979,0.09976916352929677,5,0.001,0.1,1.0,0.9956776554908616,0.9948324245763018,0.995419958166568,0.9947723638944617,0.9946443824992282,0.9959350717864008,0.9955673311274689,0.9947733980667055,0.9957527325544981,0.9954618042905761,0.9954219204278582
7,1,1.1472374096038236,0.65952,5000,1.462394149215133,0.6115107913669064,834,1.4889308781669544,0.6191,0.9981229883109219,0.08336199300932683,,,0.96,,0.9600139182880506,0.039986081711949395,0.9984634862867979,0.09976916352929677,5,0.001,0.1,0.9956776554908616,1.0,0.9958939411818613,0.9955794395188969,0.9942615528477315,0.9948898002055061,0.9954524067818997,0.9957868176903965,0.9953966466830025,0.9962249998190583,0.9961107278305241,0.9945532259845801
7,2,1.1388883349242485,0.66176,5000,1.4961289873829595,0.6235011990407674,834,1.4889308781669544,0.6191,0.9975669445239832,0.08332442289767142,,,0.96,,0.9600139182880506,0.039986081711949395,0.9984634862867979,0.09976916352929677,5,0.001,0.1,0.9948324245763018,0.9958939411818613,1.0,0.995053258221413,0.9947502608245704,0.9938365373366648,0.9957577024029786,0.9948304923578783,0.9941188505505103,0.9955829596102679,0.9948995443961144,0.9936151470749442
