round,client_id,client_i_training_loss,client_i_training_accuracy,client_i_training_dataset_size,client_i_evaluation_loss,client_i_evaluation_accuracy,client_i_evaluation_dataset_size,client_i_central_evaluation_loss,client_i_central_evaluation_accuracy,client_i_cosine_similarity,client_i_importance_coefficient,client_i_tanh_val,tanh_normalization_value,client_i_q,client_i_mask_order,client_i_v_nonzero_fraction,client_i_v_sparsity,client_i_v_cosine_similarity,client_i_reward_gradient_norm,local_epochs,learning_rate,gamma,client_0_cosine_similarity,client_1_cosine_similarity,client_2_cosine_similarity,client_3_cosine_similarity,client_4_cosine_similarity,client_5_cosine_similarity,client_6_cosine_similarity,client_7_cosine_similarity,client_8_cosine_similarity,client_9_cosine_similarity,client_10_cosine_similarity,client_11_cosine_similarity
0,0,2.2929739048986724,0.1302375809935205,4167,2.2987865720476424,0.09712230215827339,834,2.298083501526072,0.1,0.9815871430088301,0.08381879395799939,,,0.9463183804570307,,0.9463534188245779,0.05364658117542209,0,0.14638511949911318,10,0.025,0.15,1.0,0.941792701388209,0.9596521243822407,0.959262051922709,0.9594870007451121,0.9452028984947144,0.9683516956391609,0.9497548555192755,0.9400276383153594,0.9574201029222711,0.9582335603512098,0.9560038569496211
0,1,2.294033218875076,0.1318214542836573,4167,2.3025730678013394,0.09232613908872901,834,2.298084995414637,0.1,0.9724649195496358,0.0830398373732368,,,0.8300079175890475,,0.830057269231404,0.169942730768596,0,0.14637670914572334,10,0.025,0.15,0.941792701388209,1.0,0.9350363992939323,0.960109294295221,0.9373390238985321,0.9615480343948727,0.9321886917205476,0.9199387106569819,0.9290486958733666,0.964220359475766,0.9546955773807906,0.9524480969737734
0,2,2.292226940212828,0.11955843532517399,4167,2.295099667140416,0.1091127098321343,834,2.2980839330938796,0.1,0.9785878134753904,0.08356267794632781,,,0.908076233913649,,0.9081216682345563,0.09187833176544369,0,0.146383983141635,10,0.025,0.15,0.9596521243822407,0.9350363992939323,1.0,0.9642412474777877,0.9418539622524045,0.9493867321518604,0.9520485176388942,0.9656047956507646,0.9259975100785088,0.9352050567863354,0.9656435020959451,0.9653921799595314
0,3,2.293418614069621,0.1263738900887929,4167,2.295473609651838,0.09832134292565947,834,2.2980834864362887,0.1,0.9835861780133628,0.08398949373168037,,,0.9718065399728082,,0.9718522552854384,0.028147744714561607,0,0.14638525593614,10,0.025,0.15,0.959262051922709,0.960109294295221,0.9642412474777877,1.0,0.9516341447304015,0.9551662319855866,0.9430221388496387,0.9503797902928506,0.9505016802018772,0.9599366529379383,0.968279699197106,0.9560695773759734
0,4,2.289952519445708,0.13690904727621792,4167,2.299153975078038,0.09843937575030012,833,2.298084388805341,0.1,0.9760043921419875,0.0833420767883018,,,0.8751370132932363,,0.8751959862025713,0.12480401379742867,0,0.14638198219435294,10,0.025,0.15,0.9594870007451121,0.9373390238985321,0.9418539622524045,0.9516341447304015,1.0,0.9304295318212605,0.9479887534174473,0.9379959840620645,0.957585368359415,0.9434900092721435,0.9593876956558969,0.9626263649625509
0,5,2.2926016691959266,0.12191024718022558,4167,2.3000023705618724,0.08643457382953182,833,2.2980851221688186,0.1,0.9716306492194158,0.08296859812218096,,,0.8193707775651303,,0.8194203759634269,0.18057962403657313,0,0.14637521745286972,10,0.025,0.15,0.9452028984947144,0.9615480343948727,0.9493867321518604,0.9551662319855866,0.9304295318212605,1.0,0.9211016583301307,0.932415741161376,0.9257418268158805,0.9588477411577409,0.9505738080396009,0.9481780847263189
0,6,2.292829405177723,0.13323734101271897,4167,2.2988527502332414,0.08883553421368548,833,2.298085807244989,0.1,0.9701117944084197,0.08283890145758858,,,0.8000050267822792,,0.8000693172253305,0.19993068277466952,0,0.14637066662508977,10,0.025,0.15,0.9683516956391609,0.9321886917205476,0.9520485176388942,0.9430221388496387,0.9479887534174473,0.9211016583301307,1.0,0.9399132922922261,0.9213496738653244,0.9325100467639025,0.9435662208894254,0.9587594585891199
0,7,2.29285968578223,0.11552675785937125,4167,2.2973175048828125,0.11044417767106843,833,2.298086305207844,0.1,0.9691638043897223,0.08275795155862407,,,0.7879179343796285,,0.7879635589443977,0.21203644105560226,0,0.1463662643657881,10,0.025,0.15,0.9497548555192755,0.9199387106569819,0.9656047956507646,0.9503797902928506,0.9379959840620645,0.932415741161376,0.9399132922922261,1.0,0.9407583222450793,0.9127249861614518,0.9506454951276289,0.9495667272540681
0,8,2.293163048137318,0.12614018242918867,4166,2.2966181210109164,0.10444177671068428,833,2.298087805132323,0.1,0.9661899027991608,0.08250400686665657,,,0.75,,0.7500041260253173,0.2499958739746827,0,0.14635010392904316,10,0.025,0.15,0.9400276383153594,0.9290486958733666,0.9259975100785088,0.9505016802018772,0.957585368359415,0.9257418268158805,0.9213496738653244,0.9407583222450793,1.0,0.9363827361729654,0.9516060549978572,0.9358919695994147
0,9,2.2915443102518718,0.13672587614018242,4166,2.2980962821415494,0.10804321728691477,833,2.2980844038951247,0.1,0.9742691351463125,0.08319390130574726,,,0.853012084511926,,0.8530557343499859,0.14694426565001406,0,0.14637954660216343,10,0.025,0.15,0.9574201029222711,0.964220359475766,0.9352050567863354,0.9599366529379383,0.9434900092721435,0.9588477411577409,0.9325100467639025,0.9127249861614518,0.9363827361729654,1.0,0.9619206152260291,0.946845164466385
0,10,2.291092521494085,0.1312289966394623,4166,2.299274001802717,0.10444177671068428,833,2.298083480400375,0.1,0.9850130901106026,0.08411133930792548,,,0.9899999998506843,,0.9900232707827895,0.00997672921721049,0,0.14638528113198052,10,0.025,0.15,0.9582335603512098,0.9546955773807906,0.9656435020959451,0.968279699197106,0.9593876956558969,0.9505738080396009,0.9435662208894254,0.9506454951276289,0.9516060549978572,0.9619206152260291,1.0,0.970771132416492
0,11,2.2908246047569043,0.1343734997599616,4166,2.298424788883754,0.10204081632653061,833,2.298083513597899,0.1,0.9822151666947184,0.08387242158373098,,,0.9543258279751147,,0.9543744120413923,0.045625587958607716,0,0.14638518054146343,10,0.025,0.15,0.9560038569496211,0.9524480969737734,0.9653921799595314,0.9560695773759734,0.9626263649625509,0.9481780847263189,0.9587594585891199,0.9495667272540681,0.9358919695994147,0.946845164466385,0.970771132416492,1.0
1,0,2.2161294850436124,0.18075353971682265,4167,2.288175208227975,0.1223021582733813,834,2.288108584247058,0.1155,0.9917689478364158,0.08371762038211901,,,0.965587707763754,,0.9656302091069631,0.03436979089303693,0.8277964183533105,0.1483701865727263,10,0.025,0.15,1.0,0.9811309562800058,0.9811192454761783,0.9827869371990016,0.9809772697728626,0.9782705148968363,0.9794391956172416,0.9716318490781897,0.9799671797864012,0.976486707316645,0.9782789002792551,0.9816299227181927
1,1,2.220197905916156,0.1818334533237341,4167,2.2931701796395436,0.09952038369304557,834,2.2881089645096018,0.1155,0.9906799947075484,0.08320290204196387,,,0.8437919246763935,,0.8438381937911571,0.1561618062088429,0.827988977500157,0.14835088217174366,10,0.025,0.15,0.9811309562800058,1.0,0.9749083024678987,0.9810722363254512,0.9799502659419312,0.980466112872694,0.9755869885478508,0.9706719021665491,0.9818673783141997,0.9752848652611761,0.981333347729373,0.9767281566859187
1,2,2.2191965514963323,0.17297816174706024,4167,2.2861617292676653,0.12589928057553956,834,2.288108270379561,0.1155,0.9887336527004451,0.08346165626798505,,,0.9050199228392606,,0.9050684094997606,0.09493159050023936,0.8278568345380091,0.1483663252797969,10,0.025,0.15,0.9811192454761783,0.9749083024678987,1.0,0.9791339488565101,0.974918696844407,0.9741871926735659,0.9780099522248853,0.977177214276461,0.975389557143708,0.9661917139391587,0.975440880029109,0.9792705799101369
1,3,2.209196557781913,0.18639308855291575,4167,2.284991434642247,0.1223021582733813,834,2.2881084695647034,0.1155,0.991153186848139,0.08380273772053513,,,0.9857286898853141,,0.9857652126553449,0.014234787344655109,0.8278029803618135,0.14837030366253964,10,0.025,0.15,0.9827869371990016,0.9810722363254512,0.9791339488565101,1.0,0.9822313079149457,0.9756280802004202,0.9755438675527754,0.9724526390323112,0.9828501271045164,0.9769032144270621,0.9777215389689011,0.9780843114618669
1,4,2.1974976485425777,0.19313654907607392,4167,2.2891012941087996,0.11044417767106843,833,2.288108714019196,0.1155,0.9903484262096665,0.08337818735668658,,,0.885269001564564,,0.8853130002805697,0.1146869997194303,0.8279036157204196,0.148359058353645,10,0.025,0.15,0.9809772697728626,0.9799502659419312,0.974918696844407,0.9822313079149457,1.0,0.9736057457213675,0.9775329481055833,0.9685200031209001,0.9868053076203404,0.9709697493797697,0.9791259982835283,0.980352396291663
1,5,2.215433716773987,0.1836093112550996,4167,2.28960166658674,0.10684273709483794,833,2.2881087381628493,0.1155,0.9880674813320732,0.08307442404432956,,,0.8133906797418328,,0.813445891303989,0.18655410869601097,0.8279825038407138,0.1483450605536769,10,0.025,0.15,0.9782705148968363,0.980466112872694,0.9741871926735659,0.9756280802004202,0.9736057457213675,1.0,0.9745488753947635,0.9689220771551407,0.9767855427264508,0.9744477313441835,0.9754491368039662,0.9757498728143534
1,6,2.2133828350991913,0.1836093112550996,4167,2.288198334830148,0.10324129651860744,833,2.2881148646149456,0.1155,0.9885046809014912,0.08300875945064476,,,0.7978527243494848,,0.7978907758578007,0.20210922414219934,0.8277408985436233,0.1483233422788894,10,0.025,0.15,0.9794391956172416,0.9755869885478508,0.9780099522248853,0.9755438675527754,0.9775329481055833,0.9745488753947635,1.0,0.9707928509462197,0.9760728834406014,0.9692325243498887,0.9729740391228223,0.9834916273224723
1,7,2.2205503326473814,0.17333813294936404,4167,2.2872351578303745,0.12244897959183673,833,2.2881159993666635,0.1155,0.9837999999273459,0.082806530159739,,,0.75,,0.7500041260253173,0.2499958739746827,0.82765085597151,0.1482958084859009,10,0.025,0.15,0.9716318490781897,0.9706719021665491,0.977177214276461,0.9724526390323112,0.9685200031209001,0.9689220771551407,0.9707928509462197,1.0,0.9723575263309553,0.9589195900437183,0.9713292136552533,0.9746856680619279
1,8,2.2141156749291855,0.1857177148343735,4166,2.286329371588571,0.12004801920768307,833,2.2881184590013723,0.1155,0.991517940420848,0.08290024679927555,,,0.7721758010356281,,0.7722021422323447,0.22779785776765527,0.8275604056385,0.14831493109206284,10,0.025,0.15,0.9799671797864012,0.9818673783141997,0.975389557143708,0.9828501271045164,0.9868053076203404,0.9767855427264508,0.9760728834406014,0.9723575263309553,1.0,0.9757920244125997,0.9818113457328833,0.9793330165791346
1,9,2.203899611126293,0.19481517042726837,4166,2.287864991596767,0.11884753901560624,833,2.2881073800823355,0.1155,0.9848834975170717,0.08310995343650378,,,0.8217978605335107,,0.8218547309006288,0.17814526909937123,0.8280352269400661,0.14834691201662212,10,0.025,0.15,0.976486707316645,0.9752848652611761,0.9661917139391587,0.9769032144270621,0.9709697493797697,0.9744477313441835,0.9692325243498887,0.9589195900437183,0.9757920244125997,1.0,0.9730658668528063,0.972840084644521
1,10,2.2108323483756096,0.18638982237157944,4166,2.289397750582014,0.11884753901560624,833,2.288108451456963,0.1155,0.9893953437251181,0.0838207886043588,,,0.9899999997633739,,0.9900232707827895,0.00997672921721049,0.8277991880926991,0.1483703102574995,10,0.025,0.15,0.9782789002792551,0.981333347729373,0.975440880029109,0.9777215389689011,0.9791259982835283,0.9754491368039662,0.9729740391228223,0.9713292136552533,0.9818113457328833,0.9730658668528063,1.0,0.9769846669915839
1,11,2.2113281705162744,0.18756601056168987,4166,2.2888783046177457,0.11524609843937575,833,2.288108554067491,0.1155,0.990705983006425,0.08371619373585892,,,0.9652501260518154,,0.9652918750309452,0.03470812496905484,0.8277993119854169,0.14837018654397374,10,0.025,0.15,0.9816299227181927,0.9767281566859187,0.9792705799101369,0.9780843114618669,0.980352396291663,0.9757498728143534,0.9834916273224723,0.9746856680619279,0.9793330165791346,0.972840084644521,0.9769846669915839,1.0
2,0,2.1292644858360292,0.2206863450923926,4167,2.272409575326102,0.17146282973621102,834,2.27335398408431,0.1601,0.9896186157711874,0.08364261611931872,,,0.99,,0.9900232707827895,0.00997672921721049,0.9492374491033144,0.14810763391629853,10,0.025,0.15,1.0,0.9766276696365158,0.9738450685595467,0.9773113321475538,0.9784025186331642,0.9740069063859632,0.9733031500852635,0.9718141583655797,0.9763505103257728,0.9722843220549682,0.9745380194452166,0.9769600683229208
2,1,2.1313442143526946,0.22351811855051595,4167,2.279914617538452,0.1366906474820144,834,2.27335392070722,0.1601,0.9877760356853004,0.08326586490572899,,,0.99,,0.9900232707827895,0.00997672921721049,0.9490644804850125,0.14810763391629853,10,0.025,0.15,0.9766276696365158,1.0,0.9682471040093477,0.9734960695677175,0.9739014582852682,0.9760695210963377,0.9712936235274441,0.9685296386149674,0.9767222035356848,0.9673134359626815,0.978799953595201,0.9727487717490366
2,2,2.139509402260636,0.21003119750419966,4167,2.2726547718048096,0.17625899280575538,834,2.2733532748644865,0.1602,0.9855321268368741,0.08335249528119992,,,0.99,,0.9900232707827895,0.00997672921721049,0.949141848335853,0.14810763391629853,10,0.025,0.15,0.9738450685595467,0.9682471040093477,1.0,0.9732261079893391,0.9729973526663865,0.9692162280692606,0.9733018934771025,0.9701218678155568,0.96969624559971,0.9598063427925664,0.9710731854969274,0.9755195178283911
2,3,2.1162204839966514,0.22668586513078953,4167,2.2694078513554166,0.17146282973621102,834,2.2733537003963806,0.1601,0.9894420945147967,0.08368931874184245,,,0.99,,0.9900232707827895,0.00997672921721049,0.9492382270909929,0.14810763391629853,10,0.025,0.15,0.9773113321475538,0.9734960695677175,0.9732261079893391,1.0,0.9773356066585168,0.9750837612613413,0.9755736399707687,0.9708100066231881,0.9772393654883063,0.9712804026380744,0.975499318361611,0.9764744124434047
2,4,2.1089244947288974,0.2275497960163187,4167,2.2741217613220215,0.1608643457382953,833,2.27335296099699,0.1602,0.9892486985412525,0.08342156375956442,,,0.99,,0.9900232707827895,0.00997672921721049,0.9491932140591919,0.14810763391629853,10,0.025,0.15,0.9784025186331642,0.9739014582852682,0.9729973526663865,0.9773356066585168,1.0,0.9756390392675182,0.9752805951545025,0.9699096564537364,0.9784868152898887,0.9651263019835459,0.9770986459512833,0.9769453381629263
2,5,2.132572979638071,0.22407007439404847,4167,2.274561779839652,0.14765906362545017,833,2.2733537758452984,0.1601,0.9876751561469476,0.08318346357680013,,,0.99,,0.9900232707827895,0.00997672921721049,0.949033518308946,0.14810763391629853,10,0.025,0.15,0.9740069063859632,0.9760695210963377,0.9692162280692606,0.9750837612613413,0.9756390392675182,1.0,0.9724189602546928,0.9704368056248173,0.974492199407131,0.967207666404917,0.9742667042988578,0.9737803302954572
2,6,2.1270290851593017,0.22426205903527718,4167,2.2728593008858815,0.15486194477791115,833,2.2733616044249714,0.1601,0.9869746752029708,0.08312031285363997,,,0.99,,0.9900232707827895,0.00997672921721049,0.9488274950543027,0.14810763391629853,10,0.025,0.15,0.9733031500852635,0.9712936235274441,0.9733018934771025,0.9755736399707687,0.9752805951545025,0.9724189602546928,1.0,0.9686792681179248,0.9724259068603589,0.9635651688816387,0.9710619770889325,0.9773933881468637
2,7,2.138085965315501,0.21965442764578832,4167,2.2722714628492082,0.16686674669867949,833,2.273366421083861,0.1601,0.9845380467551279,0.08291677054679901,,,0.99,,0.9900232707827895,0.00997672921721049,0.9485092503271937,0.14810763391629853,10,0.025,0.15,0.9718141583655797,0.9685296386149674,0.9701218678155568,0.9708100066231881,0.9699096564537364,0.9704368056248173,0.9686792681179248,1.0,0.9696777179188769,0.9602706948673448,0.9726026871010608,0.9726709891213735
2,8,2.1226709141875757,0.22513202112337974,4166,2.2711985451834544,0.15846338535414164,833,2.2733682771272297,0.1601,0.9886875445545814,0.0831090036988356,,,0.99,,0.9900232707827895,0.00997672921721049,0.9487713668371273,0.14810763391629853,10,0.025,0.15,0.9763505103257728,0.9767222035356848,0.96969624559971,0.9772393654883063,0.9784868152898887,0.974492199407131,0.9724259068603589,0.9696777179188769,1.0,0.9689191135091503,0.9775810113480693,0.9730353934887392
2,9,2.1131174596873197,0.23456553048487758,4166,2.272949763706752,0.1608643457382953,833,2.2733516964731337,0.1602,0.9815278031692883,0.083006071298266,,,0.99,,0.9900232707827895,0.00997672921721049,0.9490244287034032,0.14810763391629853,10,0.025,0.15,0.9722843220549682,0.9673134359626815,0.9598063427925664,0.9712804026380744,0.9651263019835459,0.967207666404917,0.9635651688816387,0.9602706948673448,0.9689191135091503,1.0,0.9659101983873185,0.9680661284714478
2,10,2.1270505645058373,0.2270523283725396,4166,2.274399995803833,0.15846338535414164,833,2.273353649091117,0.1601,0.9885468239009763,0.08367141502105241,,,0.99,,0.9900232707827895,0.00997672921721049,0.9492390663999256,0.14810763391629853,10,0.025,0.15,0.9745380194452166,0.978799953595201,0.9710731854969274,0.975499318361611,0.9770986459512833,0.9742667042988578,0.9710619770889325,0.9726026871010608,0.9775810113480693,0.9659101983873185,1.0,0.9742984330690985
2,11,2.129791048078826,0.2214114258281325,4166,2.2743431500026157,0.15726290516206481,833,2.273353887509696,0.1601,0.9889821104431866,0.08362110419695226,,,0.99,,0.9900232707827895,0.00997672921721049,0.949237451162055,0.14810763391629853,10,0.025,0.15,0.9769600683229208,0.9727487717490366,0.9755195178283911,0.9764744124434047,0.9769453381629263,0.9737803302954572,0.9773933881468637,0.9726709891213735,0.9730353934887392,0.9680661284714478,0.9742984330690985,1.0
3,0,2.0571043892340226,0.25147588192944564,4167,2.25095762525286,0.19184652278177458,834,2.253091821187659,0.1852,0.9848734613510599,0.08358973540914347,,,0.99,,0.9900232707827895,0.00997672921721049,0.9690169502906011,0.14742865129542734,10,0.025,0.15,1.0,0.9689637600983535,0.9606515398381875,0.9659212911205447,0.9669241029749854,0.9646179916910477,0.9592787917921375,0.9665944083381276,0.9689926816248272,0.9632704453084058,0.964481515844217,0.9660522955905613
3,1,2.059460324952097,0.2529637628989681,4167,2.261737891605922,0.1630695443645084,834,2.253091975103451,0.1852,0.9831143540029037,0.08330015600546002,,,0.99,,0.9900232707827895,0.00997672921721049,0.9690169502906011,0.14742865129542734,10,0.025,0.15,0.9689637600983535,1.0,0.9590031901945183,0.9615846482575707,0.9612738175876469,0.9689341025839872,0.9585542777513618,0.9608213873814127,0.9675148046555473,0.9589525422620238,0.9683700805348665,0.9611512539970701
3,2,2.070802769877694,0.24252459803215742,4167,2.253936971936907,0.19544364508393286,834,2.2530910516087013,0.1852,0.9810895803302649,0.08328785511990924,,,0.99,,0.9900232707827895,0.00997672921721049,0.9690169502906011,0.14742865129542734,10,0.025,0.15,0.9606515398381875,0.9590031901945183,1.0,0.96367413848817,0.9630361675279343,0.9595424560878176,0.9616966171116318,0.9615102229265294,0.9615018074686489,0.9546180229617778,0.961098711370596,0.9648657008495388
3,3,2.0450960365208712,0.25615550755939526,4167,2.247995444706508,0.2014388489208633,834,2.2530913292607173,0.1852,0.9840400582005303,0.08359148725172127,,,0.99,,0.9900232707827895,0.00997672921721049,0.9690169502906011,0.14742865129542734,10,0.025,0.15,0.9659212911205447,0.9615846482575707,0.96367413848817,1.0,0.9669811410996328,0.9651222084751238,0.963457726888272,0.9611101024984388,0.9661289654893783,0.9605575509233741,0.9654867707275843,0.9658315456623089
3,4,2.0410390933354696,0.25209983201343894,4167,2.2535195350646973,0.17647058823529413,833,2.2530902518501765,0.1853,0.98422406548465,0.08343225825737403,,,0.99,,0.9900232707827895,0.00997672921721049,0.9690169502906011,0.14742865129542734,10,0.025,0.15,0.9669241029749854,0.9612738175876469,0.9630361675279343,0.9669811410996328,1.0,0.9669598672803659,0.9653789061041785,0.9593925329384493,0.9687650328075934,0.9566246611077104,0.968382280021941,0.9643945778369422
3,5,2.0629661491422944,0.2549316054715623,4167,2.2541145937783376,0.18007202881152462,833,2.253092062624195,0.1853,0.9842875753605594,0.08328741324022315,,,0.99,,0.9900232707827895,0.00997672921721049,0.9690169502906011,0.14742865129542734,10,0.025,0.15,0.9646179916910477,0.9689341025839872,0.9595424560878176,0.9651222084751238,0.9669598672803659,1.0,0.961723449964659,0.9640901989594364,0.9675210967265289,0.961290609098808,0.9647673216039403,0.9644543231964634
3,6,2.0582942391886854,0.2525797936165107,4167,2.251748595918928,0.18247298919567828,833,2.2531021637252615,0.1853,0.9805393409754711,0.08312673070351982,,,0.99,,0.9900232707827895,0.00997672921721049,0.9690169502906011,0.14742865129542734,10,0.025,0.15,0.9592787917921375,0.9585542777513618,0.9616966171116318,0.963457726888272,0.9653789061041785,0.961723449964659,1.0,0.9591477303145501,0.962074898479232,0.9518810730082503,0.9595719416397077,0.9620521930656111
3,7,2.067883216612267,0.2524118070554356,4167,2.251917702811105,0.19447779111644659,833,2.2531116612349886,0.1852,0.9816842677434489,0.08303832533217857,,,0.99,,0.9900232707827895,0.00997672921721049,0.9690169502906011,0.14742865129542734,10,0.025,0.15,0.9665944083381276,0.9608213873814127,0.9615102229265294,0.9611101024984388,0.9593925329384493,0.9640901989594364,0.9591477303145501,1.0,0.9638098203574286,0.9538999799071061,0.9639864637486761,0.9640413149062246
3,8,2.0492776278293494,0.2535765722515603,4166,2.2506936958857944,0.18967587034813926,833,2.253113233590428,0.1854,0.9847925578061253,0.08325787021674941,,,0.99,,0.9900232707827895,0.00997672921721049,0.9690169502906011,0.14742865129542734,10,0.025,0.15,0.9689926816248272,0.9675148046555473,0.9615018074686489,0.9661289654893783,0.9687650328075934,0.9675210967265289,0.962074898479232,0.9638098203574286,1.0,0.9591572811557866,0.9678410615215514,0.9616653344424417
3,9,2.040782664761399,0.26214594335093616,4166,2.2524863992418562,0.1908763505402161,833,2.2530888666080524,0.1853,0.9781372464430087,0.08297823921049152,,,0.99,,0.9900232707827895,0.00997672921721049,0.9690169502906011,0.14742865129542734,10,0.025,0.15,0.9632704453084058,0.9589525422620238,0.9546180229617778,0.9605575509233741,0.9566246611077104,0.961290609098808,0.9518810730082503,0.9538999799071061,0.9591572811557866,1.0,0.9578906524222556,0.958403106840716
3,10,2.059817486820799,0.2540086413826212,4166,2.253518683569772,0.1788715486194478,833,2.2530911994885794,0.1852,0.9841136792120566,0.08358283142513565,,,0.99,,0.9900232707827895,0.00997672921721049,0.9690169502906011,0.14742865129542734,10,0.025,0.15,0.964481515844217,0.9683700805348665,0.961098711370596,0.9654867707275843,0.968382280021941,0.9647673216039403,0.9595719416397077,0.9639864637486761,0.9678410615215514,0.9578906524222556,1.0,0.9648662360836765
3,11,2.0612706592588714,0.24795967354776766,4166,2.254277774265834,0.17647058823529413,833,2.253091634074344,0.1852,0.9833533105772599,0.0835270978280938,,,0.99,,0.9900232707827895,0.00997672921721049,0.9690169502906011,0.14742865129542734,10,0.025,0.15,0.9660522955905613,0.9611512539970701,0.9648657008495388,0.9658315456623089,0.9643945778369422,0.9644543231964634,0.9620521930656111,0.9640413149062246,0.9616653344424417,0.958403106840716,0.9648662360836765,1.0
4,0,2.0002850218252703,0.27494600431965444,4167,2.223926680428641,0.21942446043165467,834,2.2274979730195636,0.2108,0.9817010492588245,0.08360489667091324,,,0.99,,0.9900232707827895,0.00997672921721049,0.9805435151838788,0.14673424940184412,10,0.025,0.15,1.0,0.9617257342659591,0.9522782660807924,0.9562493887123641,0.9572048146876768,0.956305142933322,0.9517000755776748,0.959095493408477,0.9620781927554068,0.9533041074633759,0.9568598305486994,0.956985488104147
4,1,2.0044638731262903,0.27643388528917684,4167,2.23849926676069,0.17985611510791366,834,2.2274993884412546,0.2109,0.9784433426378025,0.08331992317947326,,,0.99,,0.9900232707827895,0.00997672921721049,0.9805435151838788,0.14673424940184412,10,0.025,0.15,0.9617257342659591,1.0,0.9461917768583633,0.949303193362043,0.9494472837862677,0.9601261615880231,0.9492326931439045,0.9524344585076436,0.9588911948506331,0.9501252929391705,0.9575590986284734,0.9506373201976939
4,2,2.013770621111899,0.2679145668346532,4167,2.230219636644636,0.20863309352517986,834,2.227497517308102,0.2108,0.9750585255636933,0.0832022040293641,,,0.99,,0.9900232707827895,0.00997672921721049,0.9805435151838788,0.14673424940184412,10,0.025,0.15,0.9522782660807924,0.9461917768583633,1.0,0.9516541094818449,0.9498932640683581,0.9458412047175405,0.9497019237679947,0.9524385415020206,0.95218005931398,0.9449600714853763,0.9497677773097883,0.9510505041688392
4,3,1.9888978484905127,0.2797216222702184,4167,2.2209833690098355,0.2314148681055156,834,2.2274972064585628,0.2108,0.9786531177475337,0.08350682335338165,,,0.99,,0.9900232707827895,0.00997672921721049,0.9805435151838788,0.14673424940184412,10,0.025,0.15,0.9562493887123641,0.949303193362043,0.9516541094818449,1.0,0.9553579261402572,0.9543871053298068,0.9524012603931244,0.9509299930148947,0.9586924570471075,0.9501637717643044,0.9549505039737402,0.9538821919335158
4,4,1.9886257843537765,0.27393808495320376,4167,2.2272465569632396,0.19687875150060025,833,2.2274963282331637,0.2108,0.9790821850603834,0.08342236033467502,,,0.99,,0.9900232707827895,0.00997672921721049,0.9805435151838788,0.14673424940184412,10,0.025,0.15,0.9572048146876768,0.9494472837862677,0.9498932640683581,0.9553579261402572,1.0,0.9583183684122012,0.9541915102863927,0.9493793557468019,0.9589309867532202,0.9489293959223102,0.9582458260914875,0.9531791748337063
4,5,2.0062209645907085,0.27844972402207824,4167,2.228677715573992,0.20528211284513806,833,2.227499973924854,0.2108,0.9798920715198179,0.0833591771575458,,,0.99,,0.9900232707827895,0.00997672921721049,0.9805435151838788,0.14673424940184412,10,0.025,0.15,0.956305142933322,0.9601261615880231,0.9458412047175405,0.9543871053298068,0.9583183684122012,1.0,0.95346213993933,0.9570771987006951,0.9581667526914371,0.9518927547959266,0.9532384320622806,0.9539006497816033
4,6,2.0012944275682623,0.2744180465562755,4167,2.2249018805367604,0.21608643457382953,833,2.227513361580764,0.2108,0.9758401511343531,0.08312803894831437,,,0.99,,0.9900232707827895,0.00997672921721049,0.9805435151838788,0.14673424940184412,10,0.025,0.15,0.9517000755776748,0.9492326931439045,0.9497019237679947,0.9524012603931244,0.9541915102863927,0.95346213993933,1.0,0.9497089114770185,0.9530108878912792,0.9426225045270367,0.9489654098962359,0.9502179742254995
4,7,2.008988039421313,0.27864170866330695,4167,2.226131166730608,0.22088835534213686,833,2.2275283095202867,0.2109,0.9778904659370793,0.08314009582516997,,,0.99,,0.9900232707827895,0.00997672921721049,0.9805435151838788,0.14673424940184412,10,0.025,0.15,0.959095493408477,0.9524344585076436,0.9524385415020206,0.9509299930148947,0.9493793557468019,0.9570771987006951,0.9497089114770185,1.0,0.9554338193712674,0.9448077746765355,0.9537331124874253,0.9542781670552856
4,8,1.9925593773523966,0.2771483437349976,4166,2.2249892779759,0.2148859543817527,833,2.2275297370138047,0.211,0.9810930094236825,0.08337998546797809,,,0.99,,0.9900232707827895,0.00997672921721049,0.9805435151838788,0.14673424940184412,10,0.025,0.15,0.9620781927554068,0.9588911948506331,0.95218005931398,0.9586924570471075,0.9589309867532202,0.9581667526914371,0.9530108878912792,0.9554338193712674,1.0,0.9510649148883149,0.9581695086777617,0.9501640679321314
4,9,1.9812344428264734,0.28698991838694193,4166,2.226933172770909,0.21968787515006002,833,2.2274952115891855,0.2108,0.9739656902053806,0.08297527390103004,,,0.99,,0.9900232707827895,0.00997672921721049,0.9805435151838788,0.14673424940184412,10,0.025,0.15,0.9533041074633759,0.9501252929391705,0.9449600714853763,0.9501637717643044,0.9489293959223102,0.9518927547959266,0.9426225045270367,0.9448077746765355,0.9510649148883149,1.0,0.9494409724569717,0.945996583043158
4,10,2.0028125322226322,0.27542006721075374,4166,2.227099214281355,0.21368547418967587,833,2.2274969891656804,0.2108,0.9794212118842855,0.08352646092387857,,,0.99,,0.9900232707827895,0.00997672921721049,0.9805435151838788,0.14673424940184412,10,0.025,0.15,0.9568598305486994,0.9575590986284734,0.9497677773097883,0.9549505039737402,0.9582458260914875,0.9532384320622806,0.9489654098962359,0.9537331124874253,0.9581695086777617,0.9494409724569717,1.0,0.9560516880428629
4,11,2.0054290103189873,0.27057129140662506,4166,2.2289411340441023,0.2028811524609844,833,2.227497698385504,0.2108,0.9776613892387623,0.08343476020827591,,,0.99,,0.9900232707827895,0.00997672921721049,0.9805435151838788,0.14673424940184412,10,0.025,0.15,0.956985488104147,0.9506373201976939,0.9510505041688392,0.9538821919335158,0.9531791748337063,0.9539006497816033,0.9502179742254995,0.9542781670552856,0.9501640679321314,0.945996583043158,0.9560516880428629,1.0
5,0,1.9542365308963892,0.29392848572114233,4167,2.1917638097490584,0.2446043165467626,834,2.1969270736356323,0.2414,0.976795908259739,0.08357312633465722,,,0.99,,0.9900232707827895,0.00997672921721049,0.9868293095265794,0.14618977341464676,10,0.025,0.15,1.0,0.9530832253835252,0.9449021080725092,0.9490012695956888,0.9472621724939587,0.946588264519742,0.9414273095999445,0.9493588770051,0.9516934333303247,0.9440073520645412,0.9484988576229398,0.9477757844915645
5,1,1.9547222997203018,0.2976241900647948,4167,2.210505962371826,0.22182254196642687,834,2.1969314617446707,0.2414,0.974125931758318,0.08330974677610123,,,0.99,,0.9900232707827895,0.00997672921721049,0.9868293095265794,0.14618977341464676,10,0.025,0.15,0.9530832253835252,1.0,0.9374707452169494,0.942897331131131,0.9414302709584751,0.9503914842733849,0.9391949739707295,0.944273407441453,0.9483740908375274,0.9437812962202989,0.9488854833179324,0.9427458064701324
5,2,1.9651922634153656,0.2867050635949124,4167,2.2015223503112793,0.23381294964028776,834,2.1969277013706257,0.2413,0.972006931337644,0.08316784600455412,,,0.99,,0.9900232707827895,0.00997672921721049,0.9868293095265794,0.14618977341464676,10,0.025,0.15,0.9449021080725092,0.9374707452169494,1.0,0.94519514219218,0.9419800110993755,0.9394796843870028,0.9407958678427755,0.9468691128244903,0.9426370642133675,0.9430565785093983,0.9425345297154918,0.9429626943226272
5,3,1.9429425011981618,0.29604031677465803,4167,2.188599007470267,0.2637889688249401,834,2.196925908704347,0.2414,0.9763165760625329,0.08349680398819373,,,0.99,,0.9900232707827895,0.00997672921721049,0.9868293095265794,0.14618977341464676,10,0.025,0.15,0.9490012695956888,0.942897331131131,0.94519514219218,1.0,0.9478960201791267,0.948412726313206,0.9462015454812313,0.9441617177279175,0.9524530710948492,0.9443135641868539,0.9485268024982495,0.9489902397279698
5,4,1.9439198533693949,0.2923926085913127,4167,2.195850236075265,0.23769507803121248,833,2.1969266330139545,0.2413,0.9752458339708195,0.08340963907187336,,,0.99,,0.9900232707827895,0.00997672921721049,0.9868293095265794,0.14618977341464676,10,0.025,0.15,0.9472621724939587,0.9414302709584751,0.9419800110993755,0.9478960201791267,1.0,0.9511682475106861,0.9454604763539097,0.9388188930636852,0.9509624998509982,0.9436834634957969,0.9505450063117826,0.9463546131691529
5,5,1.9567160400477324,0.29827213822894166,4167,2.1987124511173795,0.22929171668667467,833,2.1969326327118694,0.2415,0.9764951071370929,0.08341122866548031,,,0.99,,0.9900232707827895,0.00997672921721049,0.9868293095265794,0.14618977341464676,10,0.025,0.15,0.946588264519742,0.9503914842733849,0.9394796843870028,0.948412726313206,0.9511682475106861,1.0,0.9440337486023226,0.9502097925804037,0.9503613950751904,0.9459870124335559,0.947266925688149,0.9463492626266838
5,6,1.9546260237693787,0.29049676025917925,4167,2.192925589425223,0.2545018007202881,833,2.1969494789461548,0.2416,0.9713490185198008,0.0831005047495058,,,0.99,,0.9900232707827895,0.00997672921721049,0.9868293095265794,0.14618977341464676,10,0.025,0.15,0.9414273095999445,0.9391949739707295,0.9407958678427755,0.9462015454812313,0.9454604763539097,0.9440337486023226,1.0,0.9406442671229404,0.9454928061122971,0.9364862800545467,0.9405404909046361,0.9399324737570489
5,7,1.9599002917607626,0.2992080633549316,4167,2.1951631818498885,0.24369747899159663,833,2.196968579594093,0.2417,0.9739179115292463,0.08319165838248511,,,0.99,,0.9900232707827895,0.00997672921721049,0.9868293095265794,0.14618977341464676,10,0.025,0.15,0.9493588770051,0.944273407441453,0.9468691128244903,0.9441617177279175,0.9388188930636852,0.9502097925804037,0.9406442671229404,1.0,0.9450478153593093,0.938012629046165,0.9455448320221205,0.9472841966922889
5,8,1.9466408306902105,0.2967354776764282,4166,2.1945016043526784,0.2545018007202881,833,2.1969718752028067,0.2417,0.9768488851750912,0.08343563434982271,,,0.99,,0.9900232707827895,0.00997672921721049,0.9868293095265794,0.14618977341464676,10,0.025,0.15,0.9516934333303247,0.9483740908375274,0.9426370642133675,0.9524530710948492,0.9509624998509982,0.9503613950751904,0.9454928061122971,0.9450478153593093,1.0,0.9451126656099751,0.9499735285113384,0.9422317017894928
5,9,1.9356975746877265,0.30379260681709075,4166,2.1965366772242954,0.2424969987995198,833,2.1969263221644146,0.2415,0.9720004481483839,0.08302716720636218,,,0.99,,0.9900232707827895,0.00997672921721049,0.9868293095265794,0.14618977341464676,10,0.025,0.15,0.9440073520645412,0.9437812962202989,0.9430565785093983,0.9443135641868539,0.9436834634957969,0.9459870124335559,0.9364862800545467,0.938012629046165,0.9451126656099751,1.0,0.9435733914357283,0.9399192340453961
5,10,1.9560139085307267,0.29774363898223716,4166,2.195380789893014,0.2460984393757503,833,2.196925621998461,0.2414,0.9759343533170629,0.08349650723419423,,,0.99,,0.9900232707827895,0.00997672921721049,0.9868293095265794,0.14618977341464676,10,0.025,0.15,0.9484988576229398,0.9488854833179324,0.9425345297154918,0.9485268024982495,0.9505450063117826,0.947266925688149,0.9405404909046361,0.9455448320221205,0.9499735285113384,0.9435733914357283,1.0,0.9476623117881774
5,11,1.9575221076156153,0.2903984637542007,4166,2.198814766747611,0.22569027611044418,833,2.1969266571576083,0.2414,0.9741046733670724,0.08338013723676983,,,0.99,,0.9900232707827895,0.00997672921721049,0.9868293095265794,0.14618977341464676,10,0.025,0.15,0.9477757844915645,0.9427458064701324,0.9429626943226272,0.9489902397279698,0.9463546131691529,0.9463492626266838,0.9399324737570489,0.9472841966922889,0.9422317017894928,0.9399192340453961,0.9476623117881774,1.0
6,0,1.91200001781637,0.3104871610271178,4167,2.1555160113743375,0.2853717026378897,834,2.1623182236393794,0.2681,0.971857317278507,0.0835095525821714,,,0.99,,0.9900232707827895,0.00997672921721049,0.9896663088645475,0.1456521350789911,10,0.025,0.15,1.0,0.9444239639013126,0.9369775899055516,0.9417508932476429,0.9351307594455274,0.9358601491369459,0.9341987799869862,0.9401538201429414,0.9413860786244077,0.9376374874287937,0.9378059282270709,0.9387293428540124
6,1,1.9162912245952721,0.30981521478281737,4167,2.178494249071394,0.2422062350119904,834,2.1623275430896616,0.2679,0.9705006126068186,0.08330203311579197,,,0.99,,0.9900232707827895,0.00997672921721049,0.9896663088645475,0.1456521350789911,10,0.025,0.15,0.9444239639013126,1.0,0.9311969771930817,0.934796321371298,0.9325641504748081,0.942526261158063,0.9302888749291139,0.937435271508533,0.9401511151626878,0.9388391359194816,0.9414507830807414,0.9347328080793774
6,2,1.9241682027325486,0.3056875449964003,4167,2.168644836970738,0.26019184652278177,834,2.1623208492617065,0.2681,0.9686048531474514,0.08315222714064241,,,0.99,,0.9900232707827895,0.00997672921721049,0.9896663088645475,0.1456521350789911,10,0.025,0.15,0.9369775899055516,0.9311969771930817,1.0,0.938757516230706,0.9321894604771465,0.9305785722913944,0.9329720962814476,0.9411303929583231,0.9345016221374292,0.9385294871258282,0.9349071834625696,0.9347497567295024
6,3,1.9013173269503045,0.3111111111111111,4167,2.1520605427878245,0.2793764988009592,834,2.1623166603378103,0.2681,0.9736373954805946,0.08352031703747051,,,0.99,,0.9900232707827895,0.00997672921721049,0.9896663088645475,0.1456521350789911,10,0.025,0.15,0.9417508932476429,0.934796321371298,0.938757516230706,1.0,0.9400217443040141,0.9428347831234032,0.9393177510246137,0.9383520186803918,0.9453770128865254,0.9395989108157994,0.941638165844742,0.9423985941359105
6,4,1.9059160781629159,0.30386369090472765,4167,2.1602252551487515,0.26770708283313327,833,2.162320293957674,0.2678,0.9704092693296038,0.08336097223674065,,,0.99,,0.9900232707827895,0.00997672921721049,0.9896663088645475,0.1456521350789911,10,0.025,0.15,0.9351307594455274,0.9325641504748081,0.9321894604771465,0.9400217443040141,1.0,0.9423260877711082,0.9369378943967002,0.930439170733181,0.9405421090156272,0.9382022912060374,0.9415391592682861,0.9373885012690091
6,5,1.91499204491124,0.31341492680585553,4167,2.1649915150233676,0.25210084033613445,833,2.162329423276684,0.268,0.9730490135450534,0.08344807696299911,,,0.99,,0.9900232707827895,0.00997672921721049,0.9896663088645475,0.1456521350789911,10,0.025,0.15,0.9358601491369459,0.942526261158063,0.9305785722913944,0.9428347831234032,0.9423260877711082,1.0,0.9374177717072013,0.9453205775130397,0.9422214936943561,0.939228556735713,0.940658959611072,0.9390868877674977
6,6,1.9144047466191378,0.30520758339332854,4167,2.1570327963147844,0.2917166866746699,833,2.1623494806168955,0.268,0.9679410337667536,0.08308882853097997,,,0.99,,0.9900232707827895,0.00997672921721049,0.9896663088645475,0.1456521350789911,10,0.025,0.15,0.9341987799869862,0.9302888749291139,0.9329720962814476,0.9393177510246137,0.9369378943967002,0.9374177717072013,1.0,0.9339040934406507,0.9366721783065005,0.9312632160391331,0.9329815277629445,0.932814805259719
6,7,1.914652821150693,0.31579073674106073,4167,2.1602089745657787,0.2581032412965186,833,2.162372154525564,0.2681,0.9709836115561412,0.08324459241580556,,,0.99,,0.9900232707827895,0.00997672921721049,0.9896663088645475,0.1456521350789911,10,0.025,0.15,0.9401538201429414,0.937435271508533,0.9411303929583231,0.9383520186803918,0.930439170733181,0.9453205775130397,0.9339040934406507,1.0,0.9376070352123169,0.9322372060338577,0.9374202441426452,0.9401406749041549
6,8,1.9045697313366514,0.31339414306289004,4166,2.1602723598480225,0.2809123649459784,833,2.162378872497172,0.268,0.9724419245455025,0.08344339928030904,,,0.99,,0.9900232707827895,0.00997672921721049,0.9896663088645475,0.1456521350789911,10,0.025,0.15,0.9413860786244077,0.9401511151626878,0.9345016221374292,0.9453770128865254,0.9405421090156272,0.9422214936943561,0.9366721783065005,0.9376070352123169,1.0,0.9380624851535168,0.9414769224945773,0.9329414564608611
6,9,1.8939318331805142,0.32184349495919345,4166,2.1622251101902554,0.25090036014405764,833,2.162321434745306,0.2679,0.9701292423461629,0.08311475804817518,,,0.99,,0.9900232707827895,0.00997672921721049,0.9896663088645475,0.1456521350789911,10,0.025,0.15,0.9376374874287937,0.9388391359194816,0.9385294871258282,0.9395989108157994,0.9382022912060374,0.939228556735713,0.9312632160391331,0.9322372060338577,0.9380624851535168,1.0,0.9365382911281402,0.9341776838554405
6,10,1.9116364681359492,0.3132981277004321,4166,2.1592492035457065,0.2797118847539016,833,2.162316283093223,0.2681,0.9721242529710264,0.08347076810859644,,,0.99,,0.9900232707827895,0.00997672921721049,0.9896663088645475,0.1456521350789911,10,0.025,0.15,0.9378059282270709,0.9414507830807414,0.9349071834625696,0.941638165844742,0.9415391592682861,0.940658959611072,0.9329815277629445,0.9374202441426452,0.9414769224945773,0.9365382911281402,1.0,0.9407767617759235
