round,client_id,client_i_training_loss,client_i_training_accuracy,client_i_training_dataset_size,client_i_evaluation_loss,client_i_evaluation_accuracy,client_i_evaluation_dataset_size,client_i_central_evaluation_loss,client_i_central_evaluation_accuracy,client_i_cosine_similarity,client_i_importance_coefficient,client_i_tanh_val,tanh_normalization_value,client_i_q,client_i_mask_order,client_i_v_nonzero_fraction,client_i_v_sparsity,client_i_v_cosine_similarity,client_i_reward_gradient_norm,local_epochs,learning_rate,gamma,client_0_cosine_similarity,client_1_cosine_similarity,client_2_cosine_similarity,client_3_cosine_similarity,client_4_cosine_similarity,client_5_cosine_similarity,client_6_cosine_similarity,client_7_cosine_similarity,client_8_cosine_similarity,client_9_cosine_similarity,client_10_cosine_similarity,client_11_cosine_similarity
0,0,0.35543568342876664,0.8892,5000,2.1997417873806424,0.2949640287769784,834,2.2024395755304695,0.2896,0.7760019525631718,0.0825516289145347,,,0.7631903674342151,,0.7632046584006827,0.23679534159931726,0,0.39126612293017676,5,0.1,0.5,1.0,0.5519688855903797,0.574859741782332,0.556511561601707,0.571984880391368,0.5735699682109019,0.5787850224504222,0.5778457951886253,0.5824472574373001,0.5889107285320893,0.567515765755001,0.5701751760791544
0,1,0.34874704647927907,0.89232,5000,2.203923216572514,0.28896882494004794,834,2.2023634179331624,0.2903,0.7776627502187924,0.0827283057274165,,,0.7855520344199798,,0.7855730134029416,0.2144269865970584,0,0.3913769510979889,5,0.1,0.5,0.5519688855903797,1.0,0.5742944388190059,0.5623952334499733,0.5774781343179338,0.5720599356423951,0.5802828361501029,0.5816161942147573,0.5974562553117825,0.5610952335566066,0.5759732918310224,0.5755661749853669
0,2,0.35383573641739546,0.88944,5000,2.199220092208297,0.28896882494004794,834,2.202224176912643,0.2911,0.7859019209479042,0.08360479445575868,,,0.8964876390432993,,0.8965011796596556,0.10349882034034441,0,0.3916433612667829,5,0.1,0.5,0.574859741782332,0.5742944388190059,1.0,0.5748201360911797,0.5946246885938092,0.5852156944199302,0.5872902848804854,0.5808249644269273,0.577057872923914,0.568853189194518,0.5879135156942553,0.5818819529366323
0,3,0.3600109839983949,0.88612,5000,2.197149011823866,0.290167865707434,834,2.202483749237304,0.29,0.7750223059507139,0.08244741342467428,,,0.75,,0.750002509914161,0.24999749008583905,0,0.39118850425889506,5,0.1,0.5,0.556511561601707,0.5623952334499733,0.5748201360911797,1.0,0.5767645048489297,0.5723824869562637,0.5762660402182018,0.5596499113365807,0.5685386481646068,0.569726783987705,0.5963301013223352,0.571980497360646
0,4,0.3549817194402882,0.88832,5000,2.2097616107375533,0.2893157262905162,833,2.2022284509274908,0.2909,0.7861185130726469,0.08362783567704493,,,0.8994039250513179,,0.899412680086341,0.10058731991365899,0,0.3916460580744094,5,0.1,0.5,0.571984880391368,0.5774781343179338,0.5946246885938092,0.5767645048489297,1.0,0.5874366153381462,0.5775311960972935,0.5710931643949795,0.5947919727731444,0.5764474876015164,0.582355629401066,0.5791642171871964
0,5,0.32998516688325036,0.8956,5000,2.2015514373779297,0.2845138055222089,833,2.2022397761908583,0.2907,0.7852445883728664,0.08353486695798791,,,0.8876370412042733,,0.8876512223281964,0.11234877767180362,0,0.3916345027571451,5,0.1,0.5,0.5735699682109019,0.5720599356423951,0.5852156944199302,0.5723824869562637,0.5874366153381462,1.0,0.5876527977208499,0.5806536336103377,0.6030707126600385,0.5688295000572643,0.5769399620672838,0.5736461140710385
0,6,0.35247532993934716,0.88796,5000,2.212612858525029,0.27010804321728693,833,2.2022018592578534,0.2912,0.7921892831079519,0.08427364842728949,,,0.9811432853022346,,0.9811605843080167,0.01883941569198333,0,0.39167491650691344,5,0.1,0.5,0.5787850224504222,0.5802828361501029,0.5872902848804854,0.5762660402182018,0.5775311960972935,0.5876527977208499,1.0,0.5930971187040742,0.5985068716230489,0.5879149550669622,0.5926402126897498,0.5867716133225208
0,7,0.3526539804351629,0.88864,5000,2.201952660525287,0.3133253301320528,833,2.2022790657445643,0.2905,0.7807204137163284,0.0830535821027663,,,0.8267216812189331,,0.826735605642287,0.17326439435771301,0,0.39152154954823826,5,0.1,0.5,0.5778457951886253,0.5816161942147573,0.5808249644269273,0.5596499113365807,0.5710931643949795,0.5806536336103377,0.5930971187040742,1.0,0.5840975555846293,0.5728529675272399,0.556598913740901,0.5805990459556624
0,8,0.340719339799041,0.8942,5000,2.187604272807086,0.3013205282112845,833,2.2022011539044852,0.2912,0.7935897684730405,0.08442263303715698,,,0.9999999998734318,,1.0,0.0,0,0.39167507551536457,5,0.1,0.5,0.5824472574373001,0.5974562553117825,0.577057872923914,0.5685386481646068,0.5947919727731444,0.6030707126600385,0.5985068716230489,0.5840975555846293,1.0,0.589265319206931,0.577151569097952,0.587519758740305
0,9,0.35680700133311427,0.88796,5000,2.207089176884404,0.2965186074429772,833,2.202275037003782,0.2904,0.7802913668919201,0.08300793980235903,,,0.8209448172064815,,0.820962803072135,0.17903719692786502,0,0.3915047628573175,5,0.1,0.5,0.5889107285320893,0.5610952335566066,0.568853189194518,0.569726783987705,0.5764474876015164,0.5688295000572643,0.5879149550669622,0.5728529675272399,0.589265319206931,1.0,0.5843087626643404,0.5666912134128255
0,10,0.33092797948759356,0.89388,5000,2.1982832661381475,0.29411764705882354,833,2.2022397586712823,0.2909,0.7849916697440041,0.08350796129785854,,,0.8842316401104255,,0.8842427588976457,0.1157572411023543,0,0.39163054526790825,5,0.1,0.5,0.567515765755001,0.5759732918310224,0.5879135156942553,0.5963301013223352,0.582355629401066,0.5769399620672838,0.5926402126897498,0.556598913740901,0.577151569097952,0.5843087626643404,1.0,0.5813522083913663
0,11,0.36874747568160104,0.88568,5000,2.2062976272017867,0.2773109243697479,833,2.2022824782533004,0.2907,0.7824670470519716,0.0832393901751526,,,0.8502390753251364,,0.8502585211585764,0.14974147884142364,0,0.39157699787657624,5,0.1,0.5,0.5701751760791544,0.5755661749853669,0.5818819529366323,0.571980497360646,0.5791642171871964,0.5736461140710385,0.5867716133225208,0.5805990459556624,0.587519758740305,0.5666912134128255,0.5813522083913663,1.0
1,0,0.3056325743532485,0.9072,5000,2.0487906491314924,0.6223021582733813,834,2.053529963706629,0.5981,0.8074994588318679,0.08271401914682965,,,0.7569796847440746,,0.7569951307665278,0.2430048692334722,0.9578072028725861,0.4047671975948437,5,0.1,0.5,1.0,0.6264984626230176,0.622340855823908,0.617762055623133,0.6311102078660882,0.630399103225981,0.6200383167016126,0.6239804441209845,0.6312779895447693,0.6174665747602264,0.6237117462405478,0.6120223292591424
1,1,0.303966697776441,0.90636,5000,2.049094491534763,0.5863309352517986,834,2.0532802891807433,0.6,0.8116125076501641,0.08297406596075141,,,0.7987551134926638,,0.7987651222328196,0.2012348777671804,0.9580865720916941,0.4049744111806717,5,0.1,0.5,0.6264984626230176,1.0,0.6264211937455929,0.6331835728494009,0.6271051923996555,0.6400191600915439,0.6269958904425663,0.6233189628564284,0.6267510269018555,0.620460863167179,0.6295268065253601,0.6156597239358083
1,2,0.31017756660581586,0.90572,5000,2.049273071465669,0.5983213429256595,834,2.052944528789947,0.6031,0.8136874308789455,0.08362604332471688,,,0.9034925394325436,,0.9035038401686663,0.09649615983133375,0.9589129396074028,0.4051984218657712,5,0.1,0.5,0.622340855823908,0.6264211937455929,1.0,0.622693889691871,0.6311826423761406,0.6333021070888993,0.6383445901964405,0.6354738808235972,0.6263273308695679,0.6213007136409789,0.626870845789503,0.6277250353672861
1,3,0.3112533018159069,0.90388,5000,2.0470748477511935,0.5839328537170264,834,2.053613112757381,0.5992,0.8082315083840791,0.0826705714831133,,,0.75,,0.750002509914161,0.24999749008583905,0.9576389353895476,0.40472408786081404,5,0.1,0.5,0.617762055623133,0.6331835728494009,0.622693889691871,1.0,0.6306087783673724,0.6367500502436849,0.6229401571970145,0.6294564620514503,0.6266357538063411,0.6106874448168493,0.6250449986430224,0.6084892699875817
1,4,0.30437377678040584,0.90772,5000,2.06074849764506,0.5990396158463386,833,2.0529469213546654,0.6029,0.8117259353596594,0.08357299896073594,,,0.8949711850864516,,0.8949751518498067,0.1050248481501933,0.9589188606194541,0.40519082693885144,5,0.1,0.5,0.6311102078660882,0.6271051923996555,0.6311826423761406,0.6306087783673724,1.0,0.6311425411729141,0.6162964144823924,0.6288462167462716,0.6251352910618038,0.6207545174918241,0.6327473271574591,0.6182692791295404
1,5,0.29458083561295345,0.90972,5000,2.046242078145345,0.6002400960384153,833,2.0529474656041056,0.6028,0.8191484021451411,0.0837699010675211,,,0.9266026817712171,,0.9266251694192059,0.07337483058079408,0.9589077060787289,0.4052132754375669,5,0.1,0.5,0.630399103225981,0.6400191600915439,0.6333021070888993,0.6367500502436849,0.6311425411729141,1.0,0.6303840363046972,0.6365520940866568,0.6439290471128191,0.6202032646228599,0.6421129326548188,0.6207497524070487
1,6,0.30691048269557536,0.90536,5000,2.0652453281261303,0.5894357743097239,833,2.0529049181709653,0.6032,0.8080450712900037,0.08387202437862329,,,0.9430083628952446,,0.9430249485467597,0.05697505145324033,0.9590085750038916,0.4052195452939926,5,0.1,0.5,0.6200383167016126,0.6269958904425663,0.6383445901964405,0.6229401571970145,0.6162964144823924,0.6303840363046972,1.0,0.6270573046160182,0.6319671317967412,0.6107575085797676,0.6206644939211271,0.6086535338308351
1,7,0.3125516272701655,0.90372,5000,2.058587330359,0.617046818727491,833,2.053081921495188,0.6013,0.8143173621040437,0.08328337945129365,,,0.848445026974981,,0.8484564027910245,0.15154359720897548,0.9585997060708621,0.4051230501819911,5,0.1,0.5,0.6239804441209845,0.6233189628564284,0.6354738808235972,0.6294564620514503,0.6288462167462716,0.6365520940866568,0.6270573046160182,1.0,0.6359884576468072,0.6227353950739886,0.6332650268607326,0.6239004793164424
1,8,0.30155630934876715,0.90648,5000,2.0367088317871094,0.595438175270108,833,2.0528895729266035,0.6031,0.8154050981243187,0.08422679018358231,,,0.9999999998393542,,1.0,0.0,0.9590294509040206,0.4052249037636222,5,0.1,0.5,0.6312779895447693,0.6267510269018555,0.6263273308695679,0.6266357538063411,0.6251352910618038,0.6439290471128191,0.6319671317967412,0.6359884576468072,1.0,0.6218429454624328,0.6318104922070772,0.623539928687466
1,9,0.31316181697947965,0.90376,5000,2.0563601741084345,0.5930372148859544,833,2.0532812062924664,0.5998,0.8018612285178642,0.08281955964359584,,,0.773934322396638,,0.7739420711811656,0.22605792881883435,0.9581053252475661,0.404860242261426,5,0.1,0.5,0.6174665747602264,0.620460863167179,0.6213007136409789,0.6106874448168493,0.6207545174918241,0.6202032646228599,0.6107575085797676,0.6227353950739886,0.6218429454624328,1.0,0.6222815467728866,0.6113603523244489
1,10,0.29170818791671355,0.9082,5000,2.047521388089215,0.6326530612244898,833,2.052966622879711,0.6029,0.8129619822042962,0.08353673934363715,,,0.8891462298496696,,0.8891571708247578,0.11084282917524224,0.9588570678794509,0.4051850966281448,5,0.1,0.5,0.6237117462405478,0.6295268065253601,0.626870845789503,0.6250449986430224,0.6327473271574591,0.6421129326548188,0.6206644939211271,0.6332650268607326,0.6318104922070772,0.6222815467728866,1.0,0.617471419721759
1,11,0.3308889675102416,0.90256,5000,2.0605230066511364,0.595438175270108,833,2.053203501259557,0.6003,0.800748328781294,0.08293390705559943,,,0.7923037540028198,,0.7923196626675367,0.20768033733246327,0.9582655264682458,0.4049474465919956,5,0.1,0.5,0.6120223292591424,0.6156597239358083,0.6277250353672861,0.6084892699875817,0.6182692791295404,0.6207497524070487,0.6086535338308351,0.6239004793164424,0.623539928687466,0.6113603523244489,0.617471419721759,1.0
2,0,0.28032159378906346,0.91692,5000,1.8564260888982702,0.8537170263788969,834,1.8632343954171617,0.8263,0.8111806890491589,0.08284803955447538,,,0.751856745446985,,0.7518749058782189,0.24812509412178108,0.9671619230512851,0.40616678894006425,5,0.1,0.5,1.0,0.6344597915460735,0.6243224787819514,0.6324126248634167,0.6220632345449114,0.6270314994601959,0.6375957734990791,0.6259727893477306,0.6337664439976737,0.6296296753296884,0.6259737625829168,0.6270808719879529
2,1,0.2743977367299591,0.91876,5000,1.8508286785196375,0.8345323741007195,834,1.862753704713937,0.8271,0.8148206393213381,0.08314639508032488,,,0.8141009562984038,,0.8141207770694242,0.1858792229305758,0.9678370145957029,0.4064831235481049,5,0.1,0.5,0.6344597915460735,1.0,0.6290593316614215,0.6330033998521671,0.6257722318991742,0.6310849667220608,0.6386091798996644,0.6307235121008409,0.6320648887292241,0.6355673359480848,0.6328994682382203,0.6314634308062438
2,2,0.2800710447381731,0.91516,5000,1.858000048884639,0.8213429256594724,834,1.8622403304797772,0.8285,0.8130609867801668,0.08351592743078906,,,0.8911943819127663,,0.8912102806084032,0.10878971939159676,0.9685239949540171,0.4066522415845692,5,0.1,0.5,0.6243224787819514,0.6290593316614215,1.0,0.6331401990603155,0.6342965545514031,0.6302978949259951,0.6390548171102763,0.625355774154304,0.6287403191695359,0.6295960769296552,0.634248228091595,0.6263890355135003
2,3,0.2815550866047407,0.916,5000,1.8545096936049286,0.8213429256594724,834,1.8632025596813653,0.8267,0.8172954044535505,0.08303194521147116,,,0.7902239332449007,,0.790241453742282,0.20975854625771795,0.9673411234974293,0.4063859710020743,5,0.1,0.5,0.6324126248634167,0.6330033998521671,0.6331401990603155,1.0,0.6399660925030872,0.6372380248671898,0.6356137798475465,0.6328971032200473,0.6374360572190189,0.6350337062523055,0.6348281108618942,0.6284681980834593
2,4,0.2719065559571194,0.91672,5000,1.86946968237559,0.8427370948379351,833,1.8622999739723083,0.8285,0.8102199275609823,0.08338210122547401,,,0.8632749843505546,,0.8632849756538327,0.13671502434616734,0.968439002538951,0.4066122565693068,5,0.1,0.5,0.6220632345449114,0.6257722318991742,0.6342965545514031,0.6399660925030872,1.0,0.6325862721983612,0.6248188637831156,0.6271032417813901,0.6266688229535939,0.6234022876621163,0.6336909013200209,0.6166779847845187
2,5,0.2613924122362095,0.92064,5000,1.849094271659851,0.8499399759903962,833,1.862217835724925,0.8284,0.8137784580417331,0.08363591053788053,,,0.9162257728854833,,0.9162491842778977,0.0837508157221023,0.9685985168041901,0.40667230686078015,5,0.1,0.5,0.6270314994601959,0.6310849667220608,0.6302978949259951,0.6372380248671898,0.6325862721983612,1.0,0.6308565538637395,0.6325756632000951,0.638256504208453,0.622356214276032,0.63747815506722,0.6210472121193773
2,6,0.269700183178399,0.91844,5000,1.87599719453741,0.8079231692677071,833,1.862176072864106,0.8285,0.8184288493606535,0.08386507015829346,,,0.9640340368383652,,0.9640479895587571,0.035952010441242854,0.968650016527126,0.40668793450988916,5,0.1,0.5,0.6375957734990791,0.6386091798996644,0.6390548171102763,0.6356137798475465,0.6248188637831156,0.6308565538637395,1.0,0.6338159373172413,0.641552110724693,0.6331246155112198,0.6386856967701431,0.6321914519706143
2,7,0.2783476072215256,0.91544,5000,1.8748278882768419,0.8283313325330132,833,1.8624882720910703,0.8281,0.8110240340568015,0.08321872882063944,,,0.8291915317821036,,0.8292053611766478,0.17079463882335222,0.9681573538199563,0.4065309336880113,5,0.1,0.5,0.6259727893477306,0.6307235121008409,0.625355774154304,0.6328971032200473,0.6271032417813901,0.6325756632000951,0.6338159373172413,1.0,0.6334228968811807,0.6284041362354299,0.6282820681391061,0.6175812925441081
2,8,0.2684202683730656,0.91868,5000,1.8442872365315754,0.8223289315726291,833,1.8621685158330412,0.8285,0.816646481680592,0.08403746601073898,,,0.9999999997913758,,1.0,0.0,0.9686572508265137,0.406689130943244,5,0.1,0.5,0.6337664439976737,0.6320648887292241,0.6287403191695359,0.6374360572190189,0.6266688229535939,0.638256504208453,0.641552110724693,0.6334228968811807,1.0,0.6321050812692403,0.6336650162007175,0.6292594592803924
2,9,0.2726789883818406,0.91536,5000,1.864835262298584,0.8067226890756303,833,1.8628129342112678,0.8273,0.81172041391684,0.08293652892589144,,,0.7703177780584916,,0.7703328146177401,0.22966718538225994,0.9673828027298738,0.40628289239918536,5,0.1,0.5,0.6296296753296884,0.6355673359480848,0.6295960769296552,0.6350337062523055,0.6234022876621163,0.622356214276032,0.6331246155112198,0.6284041362354299,0.6321050812692403,1.0,0.6346063286183892,0.6213096174036866
2,10,0.2585897934243415,0.92016,5000,1.855617430475023,0.8355342136854742,833,1.862240985178719,0.8285,0.8155291179449957,0.08354274743793702,,,0.896789686961,,0.896802369358968,0.10319763064103205,0.9685076949637784,0.4066575857509723,5,0.1,0.5,0.6259737625829168,0.6328994682382203,0.634248228091595,0.6348281108618942,0.6336909013200209,0.63747815506722,0.6386856967701431,0.6282820681391061,0.6336650162007175,0.6346063286183892,1.0,0.6246053056852252
2,11,0.2897414562677976,0.91488,5000,1.8747317261166043,0.8139255702280912,833,1.8628177818018026,0.8278,0.8067468522453326,0.08283913960608458,,,0.75,,0.750002509914161,0.24999749008583905,0.9672728259321923,0.40615342580638275,5,0.1,0.5,0.6270808719879529,0.6314634308062438,0.6263890355135003,0.6284681980834593,0.6166779847845187,0.6210472121193773,0.6321914519706143,0.6175812925441081,0.6292594592803924,0.6213096174036866,0.6246053056852252,1.0
3,0,0.252596409173362,0.92424,5000,1.6329701432475336,0.9232613908872902,834,1.6428183519040434,0.8976,0.8082148196255298,0.08304079248438774,,,0.7969769234330548,,0.7969881030068772,0.20301189699312283,0.9695780731023526,0.40339409046877495,5,0.1,0.5,1.0,0.6278383830472926,0.6164763677821926,0.6152379475453681,0.6287674471394751,0.6164309835500242,0.6256388720566172,0.6142794450983078,0.6232648187472138,0.6207981939442732,0.6262278512764838,0.6177289577096946
3,1,0.24791708258306905,0.92628,5000,1.6218185248198334,0.9040767386091128,834,1.6419575842805565,0.8982,0.8129858390752663,0.08340469170354775,,,0.8826739224454956,,0.8826866121178656,0.11731338788213441,0.9702886077160394,0.403645549483612,5,0.1,0.5,0.6278383830472926,1.0,0.6206194862824488,0.6241509290500797,0.6303974884323118,0.619576308705167,0.6294526316537022,0.6213897140214328,0.6265751743754724,0.6265652593518701,0.6274184823818522,0.6236256978490143
3,2,0.24829135906028377,0.9264,5000,1.6365179706502844,0.8872901678657075,834,1.6413710277301434,0.8985,0.8047566995242966,0.08336258357971146,,,0.8727576059028449,,0.8727724511821696,0.12722754881783038,0.9706557698332035,0.4036308576509356,5,0.1,0.5,0.6164763677821926,0.6206194862824488,1.0,0.6110237764241252,0.6208389050066059,0.6191953085283007,0.631187346611623,0.6161990318865375,0.6154269157185569,0.612745633499737,0.6188496776776305,0.6135000579514351
3,3,0.2550631670091467,0.9236,5000,1.6319446652023881,0.8980815347721822,834,1.6427440589990099,0.8976,0.805532861220964,0.08306910505062663,,,0.8036444341977511,,0.8036594548466443,0.19634054515335575,0.9699825369825843,0.40342649583393053,5,0.1,0.5,0.6152379475453681,0.6241509290500797,0.6110237764241252,1.0,0.6265327245190366,0.6133081692506027,0.6153880754741216,0.6189947802495602,0.6269227407910245,0.6175188267655515,0.6200761729142159,0.6167526665322819
3,4,0.24924671562613954,0.92692,5000,1.6470061717209992,0.9003601440576231,833,1.6414110374907716,0.8985,0.8097222694372249,0.0834470376297739,,,0.8926462406229293,,0.8926559911651022,0.10734400883489781,0.9705969237263159,0.4036577508177004,5,0.1,0.5,0.6287674471394751,0.6303974884323118,0.6208389050066059,0.6265327245190366,1.0,0.6203929021080153,0.6233459416885102,0.6164794333218313,0.6190493071695259,0.6191446732451055,0.6263301739581172,0.6136801759560707
3,5,0.23466216576267865,0.92916,5000,1.6217411094241672,0.907563025210084,833,1.6413385902349942,0.8984,0.8030693101286343,0.08338322901974435,,,0.8776195351430162,,0.877631644997741,0.12236835500225896,0.9707133385861069,0.4036384737297148,5,0.1,0.5,0.6164309835500242,0.619576308705167,0.6191953085283007,0.6133081692506027,0.6203929021080153,1.0,0.6141448287806612,0.6189282170526167,0.620580930553912,0.607131167100433,0.6249691619373127,0.6044869220941762
3,6,0.25588013595385345,0.92268,5000,1.656408429145813,0.8883553421368547,833,1.6412597121522068,0.8984,0.8096186486015171,0.0837632878333194,,,0.9671220623723745,,0.967135183976708,0.032864816023292054,0.9708830112326062,0.40369519528284853,5,0.1,0.5,0.6256388720566172,0.6294526316537022,0.631187346611623,0.6153880754741216,0.6233459416885102,0.6141448287806612,1.0,0.6186747106449256,0.6247371309933901,0.6183758498553789,0.6225731987918625,0.6181804812321677
3,7,0.25678282499811644,0.92508,5000,1.6606236431333754,0.8943577430972389,833,1.6417129256854803,0.8985,0.8058286516554672,0.08320311902737587,,,0.8352042590845501,,0.8352291551628934,0.16477084483710658,0.9702780190487145,0.4035453946669328,5,0.1,0.5,0.6142794450983078,0.6213897140214328,0.6161990318865375,0.6189947802495602,0.6164794333218313,0.6189282170526167,0.6186747106449256,1.0,0.6205331010818073,0.6213333387884921,0.6254006031071805,0.6157001865102197
3,8,0.24654552133481025,0.92648,5000,1.621686988406711,0.9063625450180072,833,1.6412582873536374,0.8984,0.8103483814327374,0.08390289897352807,,,0.9999999997645035,,1.0,0.0,0.9708877382893802,0.40369615591615526,5,0.1,0.5,0.6232648187472138,0.6265751743754724,0.6154269157185569,0.6269227407910245,0.6190493071695259,0.620580930553912,0.6247371309933901,0.6205331010818073,1.0,0.6210258700825099,0.6285320833735654,0.6213992261344677
3,9,0.25606744608064747,0.92332,5000,1.6436419001332037,0.8727490996398559,833,1.6423402617152887,0.898,0.8040642943427521,0.08295472263062678,,,0.776707772568209,,0.7767230560714824,0.2232769439285176,0.9696627008028149,0.4032834281947146,5,0.1,0.5,0.6207981939442732,0.6265652593518701,0.612745633499737,0.6175188267655515,0.6191446732451055,0.607131167100433,0.6183758498553789,0.6213333387884921,0.6210258700825099,1.0,0.6189574961557054,0.6085689704907654
3,10,0.23328254657862768,0.9308,5000,1.632825913252654,0.9039615846338536,833,1.6413336744704567,0.8985,0.8118391764646236,0.0836272199142866,,,0.9350785412296363,,0.9351036594548466,0.06489634054515336,0.9707792118076223,0.40368786870799195,5,0.1,0.5,0.6262278512764838,0.6274184823818522,0.6188496776776305,0.6200761729142159,0.6263301739581172,0.6249691619373127,0.6225731987918625,0.6254006031071805,0.6285320833735654,0.6189574961557054,1.0,0.6253623865235932
3,11,0.2679741377455841,0.92156,5000,1.6599053762577198,0.8919567827130852,833,1.6424361817752973,0.8979,0.8026610988237353,0.08284131215307128,,,0.75,,0.750002509914161,0.24999749008583905,0.9693067744250476,0.4030968734560453,5,0.1,0.5,0.6177289577096946,0.6236256978490143,0.6135000579514351,0.6167526665322819,0.6136801759560707,0.6044869220941762,0.6181804812321677,0.6157001865102197,0.6213992261344677,0.6085689704907654,0.6253623865235932,1.0
4,0,0.2359034595156836,0.93068,5000,1.3870122565163507,0.9436450839328537,834,1.4002873132023186,0.9243,0.8008092864415033,0.08323723068930414,,,0.8781750621895075,,0.8781888459414688,0.12181115405853116,0.9701752172382011,0.3989407265510502,5,0.1,0.5,1.0,0.6044494804268451,0.6097615674308232,0.6044420580797603,0.6104031591258405,0.6050134282653336,0.6126842925291602,0.6061497475573993,0.6056711134955536,0.605925523784669,0.6083568081018577,0.5970071082258251
4,1,0.23538964917040933,0.93204,5000,1.3712000317043729,0.9316546762589928,834,1.3992819968884744,0.9248,0.7924211222164916,0.08318564611582446,,,0.865656697722773,,0.8656744139350434,0.1343255860649566,0.9706718761491158,0.3989189845221505,5,0.1,0.5,0.6044494804268451,1.0,0.5931159406131626,0.596591730403224,0.5942432575699305,0.6065924397796693,0.6062849514461135,0.6004926719352807,0.5896660971195267,0.60031965568779,0.6010541622120896,0.5951259714016909
4,2,0.2329180566246983,0.92908,5000,1.3933903287958216,0.9100719424460432,834,1.3985887674477915,0.9251,0.7973545438546257,0.08333029099552561,,,0.9007586128924192,,0.90077807338989,0.09922192661010998,0.9707129024705926,0.39896971729309155,5,0.1,0.5,0.6097615674308232,0.5931159406131626,1.0,0.6042509847601986,0.6054354756666345,0.6040795290373012,0.6076126213836446,0.6072595183232115,0.5996402783849302,0.6019585204453389,0.6052241796651933,0.5970145933383019
4,3,0.23512803929484194,0.93156,5000,1.388158877690633,0.9184652278177458,834,1.4001836913843124,0.9243,0.7995005125878256,0.08321025574565377,,,0.8716288768998693,,0.8716480096380704,0.12835199036192957,0.9702237642949464,0.39892990655145943,5,0.1,0.5,0.6044420580797603,0.596591730403224,0.6042509847601986,1.0,0.6129582517586135,0.6117459448624969,0.6038467448645543,0.6106884267129405,0.604364100890761,0.599540382086749,0.6145566883987537,0.5942070301233437
4,4,0.2302919831957407,0.93072,5000,1.401357513886911,0.9267707082833133,833,1.398622486918879,0.925,0.7985178983377974,0.08342715495992988,,,0.9242652221034697,,0.9242758897645701,0.07572411023542991,0.9708008405665487,0.39898827635163053,5,0.1,0.5,0.6104031591258405,0.5942432575699305,0.6054354756666345,0.6129582517586135,1.0,0.6145540595821897,0.6056125317337743,0.6057010887548971,0.5999819332118929,0.5959787279533244,0.6050400333882433,0.5961818970388297
4,5,0.21440523896532454,0.93512,5000,1.3732720856313352,0.943577430972389,833,1.3985495209313048,0.9251,0.8022060430745187,0.0835137935384397,,,0.9452903703116471,,0.9453089704332112,0.05469102956678884,0.9707703757734495,0.3989969217259399,5,0.1,0.5,0.6050134282653336,0.6065924397796693,0.6040795290373012,0.6117459448624969,0.6145540595821897,1.0,0.6078098768508041,0.6122989403092811,0.6058607015013138,0.6000689036397475,0.612833765729936,0.6007900268893597
4,6,0.2306248576724368,0.93012,5000,1.4155067646944965,0.9147659063625451,833,1.3984380088294277,0.9251,0.8014271664870897,0.083739236159773,,,0.9999999997573235,,1.0,0.0,0.970925378043629,0.3990018473196304,5,0.1,0.5,0.6126842925291602,0.6062849514461135,0.6076126213836446,0.6038467448645543,0.6056125317337743,0.6078098768508041,1.0,0.614106072492534,0.6095196882494872,0.6045703334175687,0.6069674759722129,0.5933741069062891
4,7,0.23020623318767947,0.9326,5000,1.42368804525446,0.9171668667466987,833,1.3989793199319809,0.9249,0.8019984858418284,0.08338677606572904,,,0.914466212820803,,0.9144771848802771,0.08552281511972293,0.9705284264244386,0.39898176183921613,5,0.1,0.5,0.6061497475573993,0.6004926719352807,0.6072595183232115,0.6106884267129405,0.6057010887548971,0.6122989403092811,0.614106072492534,1.0,0.6126210079339629,0.6058998667822985,0.6073694566603907,0.5978778908545963
4,8,0.22582763719378382,0.93272,5000,1.3783292174339294,0.9327731092436975,833,1.398438258673817,0.9251,0.7978567892377507,0.08370711946567609,,,0.9922060323936099,,0.9922192661010993,0.00778073389890066,0.970926646670469,0.399001835475356,5,0.1,0.5,0.6056711134955536,0.5896660971195267,0.5996402783849302,0.604364100890761,0.5999819332118929,0.6058607015013138,0.6095196882494872,0.6126210079339629,1.0,0.5999824968149019,0.6106574820192019,0.5995829089614498
4,9,0.2307681795903689,0.93004,5000,1.4023968334551211,0.9063625450180072,833,1.3999529376197546,0.9246,0.7931604866368017,0.0829123378491196,,,0.799331200319346,,0.7993424024898349,0.2006575975101651,0.9698567707230092,0.3987092257644176,5,0.1,0.5,0.605925523784669,0.60031965568779,0.6019585204453389,0.599540382086749,0.5959787279533244,0.6000689036397475,0.6045703334175687,0.6058998667822985,0.5999824968149019,1.0,0.5951340648865396,0.5877331819187117
4,10,0.21586464435028233,0.93604,5000,1.3890108002556696,0.9327731092436975,833,1.3985183360858466,0.925,0.801208127883066,0.08364110023031157,,,0.9761847145003092,,0.9762009939260077,0.023799006073992324,0.970902585338469,0.3990014725854571,5,0.1,0.5,0.6083568081018577,0.6010541622120896,0.6052241796651933,0.6145566883987537,0.6050400333882433,0.612833765729936,0.6069674759722129,0.6073694566603907,0.6106574820192019,0.5951340648865396,1.0,0.6037608192867051
4,11,0.2465811458528991,0.9278,5000,1.4234420944143225,0.9183673469387755,833,1.4004570881779583,0.9243,0.7895063727619777,0.08270905818471327,,,0.75,,0.750002509914161,0.24999749008583905,0.9692249923571674,0.3984034319184849,5,0.1,0.5,0.5970071082258251,0.5951259714016909,0.5970145933383019,0.5942070301233437,0.5961818970388297,0.6007900268893597,0.5933741069062891,0.5978778908545963,0.5995829089614498,0.5877331819187117,0.6037608192867051,1.0
5,0,0.21060288585603806,0.93808,5000,1.1372999173623544,0.9496402877697842,834,1.1541677006898217,0.9401,0.7884771717023422,0.08341871576531791,,,1.0,,1.0,0.0,0.9695940430532287,0.39211447562904284,5,0.1,0.5,1.0,0.5895190707049051,0.5789674550612516,0.5861116324448101,0.5891022521661247,0.5824091807708015,0.5846733695543456,0.577000347990293,0.5827768138461149,0.5862312276684482,0.5867893131450308,0.5770244683632002
5,1,0.2075790086772981,0.93952,5000,1.1176049024970443,0.9532374100719424,834,1.1531009795947578,0.9399,0.7841037306540537,0.08323028158611376,,,1.0,,1.0,0.0,0.9695260400767993,0.39211447562904284,5,0.1,0.5,0.5895190707049051,1.0,0.5776821566222317,0.5796020445779998,0.5769791610649537,0.5839068348650841,0.5819772129812281,0.5737124929039995,0.5738080633770275,0.5798003692608976,0.5836454800736017,0.5791200382443018
5,2,0.21515229028311506,0.9352,5000,1.146983645580433,0.9268585131894485,834,1.1523700567860953,0.9398,0.7851262834422715,0.08336300639724625,,,1.0,,1.0,0.0,0.9696654369079666,0.39211447562904284,5,0.1,0.5,0.5789674550612516,0.5776821566222317,1.0,0.583398627959428,0.5847635418216834,0.5826626629083694,0.587082093762046,0.5719523977699572,0.5765790824930992,0.579826155957868,0.587104574451029,0.5785584815130098
5,3,0.2138909991492464,0.93548,5000,1.1420698298348322,0.9364508393285371,834,1.1540475586732737,0.9401,0.7866833007285919,0.0833375352780969,,,1.0,,1.0,0.0,0.969558464207821,0.39211447562904284,5,0.1,0.5,0.5861116324448101,0.5796020445779998,0.583398627959428,1.0,0.5830418867852177,0.5857134639213044,0.5820980369651872,0.5798640696922389,0.5792713916030096,0.5818294760974868,0.5873283534178521,0.5755720504346175
5,4,0.21531520784613054,0.935,5000,1.1517957404807762,0.9411764705882353,833,1.1524007299456733,0.9398,0.7844012476935023,0.08340226552724421,,,1.0,,1.0,0.0,0.9697103461029251,0.39211447562904284,5,0.1,0.5,0.5891022521661247,0.5769791610649537,0.5847635418216834,0.5830418867852177,1.0,0.5849667748657238,0.5819787015610289,0.5715423245284299,0.5757393794945146,0.5775762905639568,0.5829220896644441,0.572652686183598
5,5,0.19699347517720073,0.94148,5000,1.1230089443701285,0.9603841536614646,833,1.1523376312880471,0.9397,0.7860006272952995,0.08351650107869553,,,1.0,,1.0,0.0,0.9697427828162258,0.39211447562904284,5,0.1,0.5,0.5824091807708015,0.5839068348650841,0.5826626629083694,0.5857134639213044,0.5849667748657238,1.0,0.5763935176730441,0.5846775263915901,0.5757698927878302,0.5784801236347455,0.5878027057601698,0.5731193555161112
5,6,0.2128386005909022,0.93624,5000,1.1706185296729759,0.9279711884753902,833,1.1522130665306847,0.9397,0.7850859278021062,0.08363507294341718,,,1.0,,1.0,0.0,0.9697512357898962,0.39211447562904284,5,0.1,0.5,0.5846733695543456,0.5819772129812281,0.587082093762046,0.5820980369651872,0.5819787015610289,0.5763935176730441,1.0,0.5762792656042787,0.5813017249545148,0.5844803668544166,0.5775416093402693,0.5723828050733429
5,7,0.20983312408718618,0.93828,5000,1.1813125786957916,0.9351740696278511,833,1.1527788530523404,0.9396,0.7795896657064668,0.0832059035958204,,,1.0,,1.0,0.0,0.9696973034399169,0.39211447562904284,5,0.1,0.5,0.577000347990293,0.5737124929039995,0.5719523977699572,0.5798640696922389,0.5715423245284299,0.5846775263915901,0.5762792656042787,1.0,0.574608869523472,0.5783665108856811,0.5759364531265356,0.5722874398894281
5,8,0.20897628017730868,0.93872,5000,1.1319206025865343,0.9519807923169268,833,1.1522140409618902,0.9399,0.7815288887550487,0.08348839385950656,,,1.0,,1.0,0.0,0.9697513968126384,0.39211447562904284,5,0.1,0.5,0.5827768138461149,0.5738080633770275,0.5765790824930992,0.5792713916030096,0.5757393794945146,0.5757698927878302,0.5813017249545148,0.574608869523472,1.0,0.5762814590452295,0.5809454193690777,0.575753070361339
5,9,0.21501471463377309,0.93308,5000,1.1583115237730521,0.921968787515006,833,1.1538327463899558,0.9399,0.7837421238774525,0.08303477556912617,,,1.0,,1.0,0.0,0.9689500995418835,0.39211447562904284,5,0.1,0.5,0.5862312276684482,0.5798003692608976,0.579826155957868,0.5818294760974868,0.5775762905639568,0.5784801236347455,0.5844803668544166,0.5783665108856811,0.5762814590452295,1.0,0.5804694205447509,0.5743469916620885
5,10,0.19955576896536978,0.9402,5000,1.141076644261678,0.9423769507803121,833,1.1522953314141344,0.9398,0.7874678027705072,0.08365328059796671,,,1.0,,1.0,0.0,0.9697492390289972,0.39211447562904284,5,0.1,0.5,0.5867893131450308,0.5836454800736017,0.587104574451029,0.5873283534178521,0.5829220896644441,0.5878027057601698,0.5775416093402693,0.5759364531265356,0.5809454193690777,0.5804694205447509,1.0,0.5786317449202184
5,11,0.23464381883342034,0.932,5000,1.181940688027276,0.9303721488595438,833,1.1543676759869146,0.9396,0.7784985857493151,0.08271426780144847,,,1.0,,1.0,0.0,0.9681337643714304,0.39211447562904284,5,0.1,0.5,0.5770244683632002,0.5791200382443018,0.5785584815130098,0.5755720504346175,0.572652686183598,0.5731193555161112,0.5723828050733429,0.5722874398894281,0.575753070361339,0.5743469916620885,0.5786317449202184,1.0
6,0,0.19524594092278913,0.94192,5000,0.8983938804379216,0.9556354916067147,834,0.9187927802149861,0.9469,0.7740463734811204,0.08347912079077976,,,0.9522575896549997,,0.9522714723156468,0.047728527684353206,0.9682338657442422,0.38577488472111215,5,0.1,0.5,1.0,0.5641667852927084,0.5541577216456611,0.5575790717565805,0.5566653036034378,0.5664475820310911,0.557776924393604,0.5505584085024325,0.5707776210119104,0.5642867610134952,0.5617346053490205,0.5620458148785451
6,1,0.19241931629070574,0.9426,5000,0.8769160575336881,0.9580335731414868,834,0.9177661170593847,0.947,0.7766664785436392,0.08344514370790782,,,0.9438241586131816,,0.943833140906581,0.05616685909341901,0.9682283426123278,0.38577257107172386,5,0.1,0.5,0.5641667852927084,1.0,0.5548811968210599,0.5612436532807058,0.5598436249701272,0.5698523348082233,0.5717686246604772,0.5541823573954,0.5700093689571226,0.5591338521096075,0.5680593459478764,0.5581739805166019
6,2,0.19913164966259222,0.94032,5000,0.912454675745081,0.9364508393285371,834,0.9170483703049608,0.9473,0.77101812641394,0.08333450191429337,,,0.9163618264198304,,0.9163796998142664,0.08362030018573363,0.9682056152176475,0.3857579003975543,5,0.1,0.5,0.5541577216456611,0.5548811968210599,1.0,0.5586053140795418,0.5635973189646378,0.5615861537972712,0.5652199873594351,0.5518386507267308,0.5551834304276335,0.5577466573811654,0.5654602374860282,0.5500510225129213
6,3,0.20255704541144903,0.93916,5000,0.9074653387069702,0.9424460431654677,834,0.918673564069949,0.947,0.7712898922397872,0.08332699320764088,,,0.9144980949156967,,0.9145073038502083,0.08549269614979171,0.9682033666821915,0.38575636678929454,5,0.1,0.5,0.5575790717565805,0.5612436532807058,0.5586053140795418,1.0,0.5535554914945556,0.5611056712081607,0.5584664633983624,0.5534989853217606,0.5646085273712494,0.5547805750691988,0.564846023620597,0.5527237611623007
6,4,0.19664623508953555,0.94048,5000,0.9127059954184072,0.9519807923169268,833,0.9171077601444988,0.9473,0.7674187067254495,0.08323352389128753,,,0.891298132842361,,0.8913106771748406,0.10868932282515942,0.9681551238888049,0.3857316386273805,5,0.1,0.5,0.5566653036034378,0.5598436249701272,0.5635973189646378,0.5535554914945556,1.0,0.5669784678124132,0.5536041765697781,0.5437350392765319,0.5606742317367661,0.5496333422906939,0.5514647409385471,0.545043307319006
6,5,0.1820716520961208,0.94504,5000,0.885274193905018,0.9675870348139256,833,0.9170218706130981,0.9473,0.7761049127588356,0.08361771442508326,,,0.9866578311983484,,0.9866723558054314,0.013327644194568555,0.9682476559061336,0.38577857840371677,5,0.1,0.5,0.5664475820310911,0.5698523348082233,0.5615861537972712,0.5611056712081607,0.5669784678124132,1.0,0.563392639481712,0.5546269764913141,0.5687356683540757,0.5534745752583724,0.562156297273891,0.5562931643334871
6,6,0.19287561615988327,0.9424,5000,0.9342155390315585,0.9411764705882353,833,0.9169012660416551,0.9473,0.7724887336069076,0.08356947019629744,,,0.9746831605603714,,0.9746950454294463,0.025304954570553706,0.9682431543022274,0.3857780716682213,5,0.1,0.5,0.557776924393604,0.5717686246604772,0.5652199873594351,0.5584664633983624,0.5536041765697781,0.563392639481712,1.0,0.5512403940294185,0.5656899941991397,0.5582461276322596,0.5571845021653564,0.5479532798672071
6,7,0.20000979798567142,0.94104,5000,0.9492473756825482,0.9411764705882353,833,0.9176283709157389,0.9471,0.7639218297565472,0.08297775194695411,,,0.8278131343480261,,0.827829928216455,0.17217007178354504,0.967804959676366,0.3855819011846619,5,0.1,0.5,0.5505584085024325,0.5541823573954,0.5518386507267308,0.5534989853217606,0.5437350392765319,0.5546269764913141,0.5512403940294185,1.0,0.56110478724428,0.5569432572220528,0.5500563347083803,0.5457839592258605
6,8,0.19128216582047902,0.94248,5000,0.8974082889380278,0.957983193277311,833,0.916896260394075,0.9473,0.7781579529944042,0.08367146810663753,,,0.9999999997517905,,1.0,0.0,0.9682472314866009,0.3857786756069161,5,0.1,0.5,0.5707776210119104,0.5700093689571226,0.5551834304276335,0.5646085273712494,0.5606742317367661,0.5687356683540757,0.5656899941991397,0.56110478724428,1.0,0.5585678881112979,0.5677383715584502,0.5607481121548565
6,9,0.20321758802591638,0.93904,5000,0.9268131675543608,0.9303721488595438,833,0.9185983013040342,0.9469,0.7690483371983786,0.08304410611229639,,,0.844282861306647,,0.8442949651121932,0.15570503488780685,0.9679501517634356,0.3856359175685545,5,0.1,0.5,0.5642867610134952,0.5591338521096075,0.5577466573811654,0.5547805750691988,0.5496333422906939,0.5534745752583724,0.5582461276322596,0.5569432572220528,0.5585678881112979,1.0,0.5616026911546415,0.5474630127703275
6,10,0.18183813577067034,0.9464,5000,0.9046734549381115,0.9459783913565426,833,0.9169760672048258,0.9473,0.7740214615199745,0.08363595170045196,,,0.9911844942080087,,0.9912002409517594,0.008799759048240596,0.9682473899318623,0.3857786485685996,5,0.1,0.5,0.5617346053490205,0.5680593459478764,0.5654602374860282,0.564846023620597,0.5514647409385471,0.562156297273891,0.5571845021653564,0.5500563347083803,0.5677383715584502,0.5616026911546415,1.0,0.5543838617030838
6,11,0.20844172338367836,0.94076,5000,0.9504937397109138,0.9375750300120048,833,0.9194499796952683,0.9471,0.7644039009438552,0.08266425400036996,,,0.75,,0.750002509914161,0.24999749008583905,0.9667505396864005,0.3851446714407197,5,0.1,0.5,0.5620458148785451,0.5581739805166019,0.5500510225129213,0.5527237611623007,0.545043307319006,0.5562931643334871,0.5479532798672071,0.5457839592258605,0.5607481121548565,0.5474630127703275,0.5543838617030838,1.0
7,0,0.18449071123009655,0.94644,5000,0.6891568877078869,0.9580335731414868,834,0.7123378225789664,0.9527,0.7627600153923203,0.08369397120688477,,,0.9811392815058654,,0.9811555644796948,0.018844435520305236,0.9655729061198968,0.37770912020166936,5,0.1,0.5,1.0,0.5436991185524223,0.5350405395411434,0.5347424296478174,0.5369829277918515,0.5436800369742224,0.5318683868208671,0.5309598607244495,0.5439068938447128,0.5391039726914475,0.539972387994726,0.5335691644822599
7,1,0.18150658251533794,0.94796,5000,0.668997014010394,0.9640287769784173,834,0.7113830268192596,0.9529,0.7590170473456989,0.08353760036946341,,,0.9460766426619812,,0.946097083479745,0.05390291652025503,0.9655504070267724,0.3777036561767268,5,0.1,0.5,0.5436991185524223,1.0,0.5231478988505873,0.5330450292033954,0.5276375899051714,0.5412423513209995,0.5351345759046827,0.5347672177008954,0.533557960141338,0.530993125590657,0.5400459664818676,0.5365525040000777
