round,client_id,client_i_training_loss,client_i_training_accuracy,client_i_training_dataset_size,client_i_evaluation_loss,client_i_evaluation_accuracy,client_i_evaluation_dataset_size,client_i_central_evaluation_loss,client_i_central_evaluation_accuracy,client_i_cosine_similarity,client_i_importance_coefficient,client_i_tanh_val,tanh_normalization_value,client_i_q,client_i_mask_order,client_i_v_nonzero_fraction,client_i_v_sparsity,client_i_v_cosine_similarity,client_i_reward_gradient_norm,local_epochs,learning_rate,gamma,client_0_cosine_similarity,client_1_cosine_similarity,client_2_cosine_similarity,client_3_cosine_similarity,client_4_cosine_similarity,client_5_cosine_similarity,client_6_cosine_similarity,client_7_cosine_similarity,client_8_cosine_similarity,client_9_cosine_similarity,client_10_cosine_similarity,client_11_cosine_similarity
0,0,2.2889741218451296,0.13882889368850493,4167,2.295650141579764,0.11031175059952038,834,2.2963849532453318,0.109,0.9757280135272492,0.08318473342478432,,,0.8348560731272958,,0.8349094750045386,0.1650905249954614,0,0.1465966871836939,10,0.025,0.15,1.0,0.9658863831732047,0.950148557084583,0.9196829498656468,0.9407002788564207,0.9557982914369467,0.9561395057783145,0.9337952966230593,0.9520486311441091,0.9491360012485047,0.9579391106991254,0.9636735087363558
0,1,2.288682306174076,0.1400047996160307,4167,2.2971137932368686,0.11031175059952038,834,2.296377139755442,0.1091,0.9845421495438315,0.08393617393355753,,,0.9599999998334612,,0.9600270667260814,0.0399729332739186,0,0.14662028266436727,10,0.025,0.15,0.9658863831732047,1.0,0.9415913423861819,0.9392446182228621,0.9679793292568012,0.9590714449486751,0.9578223004277988,0.9560850304573064,0.9662294332113667,0.9666648589771282,0.9586220544172638,0.969139252333606
0,2,2.28628350315672,0.15610751139908807,4167,2.2956509249550954,0.12949640287769784,834,2.296435902390299,0.1094,0.959186632516209,0.08177451423377535,,,0.6,,0.6000148536911423,0.39998514630885773,0,0.14619788941243836,10,0.025,0.15,0.950148557084583,0.9415913423861819,1.0,0.9004109434766433,0.9329914012695482,0.9364970180344834,0.9430090826190023,0.9064307791652573,0.9375791811548796,0.9215510242479664,0.9515861839615147,0.9291240347719985
0,3,2.2899304411628028,0.13129349652027839,4167,2.2976352827889577,0.09712230215827339,834,2.296395286729064,0.109,0.9666019897077406,0.08240670322771151,,,0.7052839342541602,,0.7053357759403212,0.29466422405967885,0,0.14648552765870962,10,0.025,0.15,0.9196829498656468,0.9392446182228621,0.9004109434766433,1.0,0.9451980261831209,0.954275040109366,0.9510178887121623,0.9659641042967652,0.9401887984699612,0.9449225809576628,0.929258457788955,0.9477340580013712
0,4,2.2851118571830518,0.13827693784497241,4167,2.296424320765904,0.10444177671068428,833,2.296377583395077,0.1091,0.9805735097380055,0.08359783144494412,,,0.9036528810632161,,0.9036903170437853,0.09630968295621467,0,0.14661688507284962,10,0.025,0.15,0.9407002788564207,0.9679793292568012,0.9329914012695482,0.9451980261831209,1.0,0.966991765413203,0.9496603404676991,0.9484378686578356,0.9682494189661668,0.9666521874602553,0.9565647230808997,0.9583610874160234
0,5,2.2879337469736734,0.13782097432205423,4167,2.29427238873073,0.13205282112845138,833,2.296377299707147,0.1091,0.9835092346827603,0.0838481137916148,,,0.9453345781262845,,0.9453879289003317,0.05461207109966826,0,0.14661987779685473,10,0.025,0.15,0.9557982914369467,0.9590714449486751,0.9364970180344834,0.954275040109366,0.966991765413203,1.0,0.9597286366639185,0.9475156438046806,0.9686589636444801,0.9569000995805432,0.9635615313897103,0.967221820742474
0,6,2.2887794769171514,0.15601151907847371,4167,2.2954766750335693,0.1056422569027611,833,2.2963825841493244,0.1091,0.9795750732419274,0.08351271072214393,,,0.8894769864036727,,0.8895132940535723,0.11048670594642773,0,0.1466107714166628,10,0.025,0.15,0.9561395057783145,0.9578223004277988,0.9430090826190023,0.9510178887121623,0.9496603404676991,0.9597286366639185,1.0,0.9610474729848224,0.9586466859019716,0.9477741948522442,0.9516492701543541,0.9535715119820315
0,7,2.291181096163663,0.14931605471562276,4167,2.297223840441023,0.11404561824729892,833,2.29638671875,0.109,0.9735757985806274,0.08300124845343418,,,0.8042987242244375,,0.8043438794540443,0.19565612054595571,0,0.14658180564248843,10,0.025,0.15,0.9337952966230593,0.9560850304573064,0.9064307791652573,0.9659641042967652,0.9484378686578356,0.9475156438046806,0.9610474729848224,1.0,0.9529223589810554,0.9545939853742971,0.9474327938706895,0.9454751098339019
0,8,2.2883409492897266,0.13058089294287087,4166,2.2953748362404958,0.09603841536614646,833,2.2963772544377967,0.1091,0.9839834526239187,0.0838885427764073,,,0.9520675687630766,,0.952105098116882,0.04789490188311796,0,0.14662009737330775,10,0.025,0.15,0.9520486311441091,0.9662294332113667,0.9375791811548796,0.9401887984699612,0.9682494189661668,0.9686589636444801,0.9586466859019716,0.9529223589810554,1.0,0.9714226812465109,0.9643664469096767,0.9614794394545986
0,9,2.287471335584467,0.13322131541046567,4166,2.2982301030840193,0.09483793517406963,833,2.296377610556687,0.1091,0.9807435534690826,0.08361232835621868,,,0.9060671778449678,,0.9061164199303527,0.09388358006964725,0,0.1466171388641729,10,0.025,0.15,0.9491360012485047,0.9666648589771282,0.9215510242479664,0.9449225809576628,0.9666521874602553,0.9569000995805432,0.9477741948522442,0.9545939853742971,0.9714226812465109,1.0,0.9639398514260817,0.9602343329573753
0,10,2.287651872634888,0.15477676428228518,4166,2.2966956751687184,0.1092436974789916,833,2.2963776437542105,0.1091,0.9803435308970244,0.08357822482474347,,,0.9003876199910508,,0.9004307570431253,0.09956924295687475,0,0.14661651603012862,10,0.025,0.15,0.9579391106991254,0.9586220544172638,0.9515861839615147,0.929258457788955,0.9565647230808997,0.9635615313897103,0.9516492701543541,0.9474327938706895,0.9643664469096767,0.9639398514260817,1.0,0.9541764815821053
0,11,2.2876454743472014,0.15316850696111378,4166,2.2972205707005093,0.10444177671068428,833,2.2963776226285137,0.1091,0.9812895272032477,0.08365887481066481,,,0.9138189639353238,,0.9138568434255913,0.08614315657440874,0,0.14661791520620587,10,0.025,0.15,0.9636735087363558,0.969139252333606,0.9291240347719985,0.9477340580013712,0.9583610874160234,0.967221820742474,0.9535715119820315,0.9454751098339019,0.9614794394545986,0.9602343329573753,0.9541764815821053,1.0
1,0,2.200157402862202,0.20091192704583632,4167,2.2847422531672885,0.14148681055155876,834,2.2858279445503333,0.1374,0.9868332896445232,0.0831877875805669,,,0.8183538120146392,,0.8184053737353733,0.18159462626462675,0.8185971560868217,0.14823891121504967,10,0.025,0.15,1.0,0.9759428710924404,0.9741989180595668,0.9661219889410324,0.9681324243624359,0.9701005742945648,0.9734781340269351,0.9726010498667667,0.9748105471009001,0.9738922840605381,0.9793577738609078,0.9772312125906056
1,1,2.2014727187879157,0.19740820734341252,4167,2.2870635645730153,0.12589928057553956,834,2.2858218452598473,0.1361,0.9896100591310344,0.08374038066262482,,,0.9539934105165344,,0.954044330016009,0.04595566998399103,0.8177108504664161,0.14827581800167514,10,0.025,0.15,0.9759428710924404,1.0,0.9733090834486309,0.9745573854958259,0.9808155001283538,0.974067977381148,0.9732952609934641,0.983025487462435,0.9804818688960809,0.9782192970768488,0.9705350174059296,0.9743785336096861
1,2,2.1844969594117365,0.21271898248140148,4167,2.2845652103424072,0.17026378896882494,834,2.285908466652979,0.1396,0.9861735519040418,0.08229821840391839,,,0.6,,0.6000148536911423,0.39998514630885773,0.8177552535262617,0.1475800621624029,10,0.025,0.15,0.9741989180595668,0.9733090834486309,1.0,0.9649409935616526,0.9711147672086745,0.9745555566980877,0.9773485310519818,0.9680110594323373,0.9748490323740673,0.9688791042641938,0.9785750974132276,0.9726753187807993
1,3,2.20812162955602,0.18423326133909287,4167,2.2874773911067416,0.13309352517985612,834,2.285844884341276,0.1373,0.9874032918420036,0.08272726778273255,,,0.7053145386169358,,0.7053687841428595,0.29463121585714047,0.8176111702112191,0.14807432905169016,10,0.025,0.15,0.9661219889410324,0.9745573854958259,0.9649409935616526,1.0,0.97665052102661,0.9803932725727597,0.9727400785494418,0.981386250953627,0.9778732349466532,0.9794873679697156,0.9656641505772922,0.9729309808035749
1,4,2.196171700593197,0.19092872570194386,4167,2.286144358771188,0.1332533013205282,833,2.2858156222331374,0.1376,0.9883832067706981,0.08349232951551426,,,0.893106730797869,,0.8931524483834232,0.10684755161657677,0.8180990962115804,0.14826345647569317,10,0.025,0.15,0.9681324243624359,0.9808155001283538,0.9711147672086745,0.97665052102661,1.0,0.9756786086412365,0.9735384059142849,0.9826153604985048,0.9770584617780702,0.9781353389452468,0.9679329358350532,0.9724751735057398
1,5,2.2013634598616396,0.18898488120950324,4167,2.283900737762451,0.1608643457382953,833,2.2858217245415795,0.1362,0.9891439560996392,0.08367106421225082,,,0.9369789819911323,,0.9370120975062303,0.06298790249376973,0.8177045149783849,0.14827456439355569,10,0.025,0.15,0.9701005742945648,0.974067977381148,0.9745555566980877,0.9803932725727597,0.9756786086412365,1.0,0.9766673585920794,0.9761050764114163,0.9812204143508758,0.9769653526927633,0.9742573855629941,0.9731674785134798
1,6,2.1983118465452485,0.1970722342212623,4167,2.2851807389940535,0.12484993997599039,833,2.285821371440646,0.1374,0.9883629280511693,0.08343926842573311,,,0.8800823460423002,,0.8801307124820518,0.11986928751794823,0.8186797535633459,0.1482613366816708,10,0.025,0.15,0.9734781340269351,0.9732952609934641,0.9773485310519818,0.9727400785494418,0.9735384059142849,0.9766673585920794,1.0,0.9777043049882396,0.9784709838335611,0.9758171288350386,0.9700230601154334,0.9749446744982563
1,7,2.210875105496609,0.1911927045836333,4167,2.287123680114746,0.13925570228091236,833,2.2858313035361375,0.1372,0.9903303558975864,0.08318813920360241,,,0.8184401214689354,,0.8184961462923537,0.18150385370764632,0.818484960071272,0.14823894145074415,10,0.025,0.15,0.9726010498667667,0.983025487462435,0.9680110594323373,0.981386250953627,0.9826153604985048,0.9761050764114163,0.9777043049882396,1.0,0.9791249961904519,0.9821216844124706,0.9693804439482292,0.9752263822855457
1,8,2.2004661379438457,0.19479116658665385,4166,2.2847797530038014,0.13805522208883553,833,2.2858218422418908,0.1361,0.9912702672177357,0.083764851390173,,,0.9599999997545398,,0.9600270667260814,0.0399729332739186,0.8176930899968587,0.14827593492222788,10,0.025,0.15,0.9748105471009001,0.9804818688960809,0.9748490323740673,0.9778732349466532,0.9770584617780702,0.9812204143508758,0.9784709838335611,0.9791249961904519,1.0,0.9849901651230603,0.9735101260885363,0.9759104805851961
1,9,2.20137140750885,0.1942870859337494,4166,2.287538630621774,0.11884753901560624,833,2.285823037352743,0.1362,0.9902549877338613,0.08356190442430689,,,0.9101846005737501,,0.9102341931970095,0.08976580680299051,0.8176311436039495,0.14827277675850606,10,0.025,0.15,0.9738922840605381,0.9782192970768488,0.9688791042641938,0.9794873679697156,0.9781353389452468,0.9769653526927633,0.9758171288350386,0.9821216844124706,0.9849901651230603,1.0,0.972499266593223,0.9752667412445788
1,10,2.1954338933482314,0.1986317810849736,4166,2.2868595123291016,0.1404561824729892,833,2.2858181724065467,0.1376,0.9861758145750238,0.08340873427714228,,,0.8725874283715364,,0.8726213464045816,0.12737865359541845,0.8180332096558026,0.1482573637148188,10,0.025,0.15,0.9793577738609078,0.9705350174059296,0.9785750974132276,0.9656641505772922,0.9679329358350532,0.9742573855629941,0.9700230601154334,0.9693804439482292,0.9735101260885363,0.972499266593223,1.0,0.9763382820029628
1,11,2.2038536274071894,0.19899183869419107,4166,2.2862095151628767,0.12605042016806722,833,2.285815323455424,0.1377,0.9880790201846255,0.08352005412143468,,,0.8999120176133752,,0.8999356340050503,0.10006436599494972,0.8181397745094602,0.14826435330839433,10,0.025,0.15,0.9772312125906056,0.9743785336096861,0.9726753187807993,0.9729309808035749,0.9724751735057398,0.9731674785134798,0.9749446744982563,0.9752263822855457,0.9759104805851961,0.9752667412445788,0.9763382820029628,1.0
2,0,2.1006109179872454,0.24127669786417086,4167,2.2683142593928745,0.2158273381294964,834,2.2697772436504122,0.2034,0.985328557884565,0.08320257753747937,,,0.7989270723404496,,0.7989635424402964,0.20103645755970356,0.9476350092813278,0.14792427243652354,10,0.025,0.15,1.0,0.9735235470008087,0.9669356073590377,0.9683244654289381,0.9699996986041693,0.9666135447579407,0.9690374377552248,0.9716302064971097,0.9705206786945496,0.9703508941392852,0.9699999255718158,0.9685654120413684
2,1,2.1055886922460614,0.23998080153587714,4167,2.2717055593218123,0.19664268585131894,834,2.269759670088563,0.2027,0.988458357084239,0.08364451802778275,,,0.9472175033214432,,0.9472528923437474,0.05274710765625257,0.9481177168139385,0.14798932372767504,10,0.025,0.15,0.9735235470008087,1.0,0.9686797204113119,0.9751384636291192,0.9778496887343321,0.972690834640779,0.9703600223315659,0.9760238985434392,0.9768135102394662,0.9743613320068347,0.9648811237565937,0.9720488494685561
2,2,2.087782388744932,0.25049196064314855,4167,2.2680645329611644,0.2434052757793765,834,2.2700469735302504,0.207,0.9839473951799447,0.08260972790245455,,,0.6,,0.6000148536911423,0.39998514630885773,0.9421347714646956,0.14733529105009363,10,0.025,0.15,0.9669356073590377,0.9686797204113119,1.0,0.9675964684516926,0.9660635789989188,0.97037905510031,0.9701523351446756,0.9623681173029642,0.9725154559648961,0.9666804396244267,0.9703699927031179,0.9677560254137519
2,3,2.11830229361852,0.22447804175665947,4167,2.2719102587018694,0.18345323741007194,834,2.269841151901438,0.205,0.9874834105529905,0.08298872520608676,,,0.7271702293167874,,0.7272119621725999,0.27278803782740013,0.9468255724555374,0.14783196508144966,10,0.025,0.15,0.9683244654289381,0.9751384636291192,0.9675964684516926,1.0,0.97489266083741,0.973563554260484,0.9701756159282612,0.9742022089374552,0.9761553321277872,0.9732696300877274,0.9650118906921643,0.972781635315257
2,4,2.106985662200234,0.23453323734101272,4167,2.2702272960117886,0.19567827130852342,833,2.2697487209416645,0.2038,0.9879695904535574,0.08347584480148375,,,0.8906202329385848,,0.8906520770411447,0.10934792295885531,0.9480840885871603,0.14797733622688472,10,0.025,0.15,0.9699996986041693,0.9778496887343321,0.9660635789989188,0.97489266083741,1.0,0.9724802795287487,0.9726782974774242,0.9780288383759304,0.9735454238903427,0.9734486209168145,0.9675918203263327,0.9700538166289352
2,5,2.108113714059194,0.2332133429325654,4167,2.2682149410247803,0.21968787515006002,833,2.269761242444002,0.2027,0.9869959767679253,0.08355439254957944,,,0.9169764498348938,,0.9170338829199056,0.08296611708009438,0.948116346665995,0.14798645009104888,10,0.025,0.15,0.9666135447579407,0.972690834640779,0.97037905510031,0.973563554260484,0.9724802795287487,1.0,0.9721613612806153,0.9711964409261461,0.9761377319901546,0.9680348566453424,0.9706413706973821,0.971195947797836
2,6,2.099765228502678,0.2420206383489321,4167,2.2697624479021346,0.18967587034813926,833,2.2697553634643555,0.2045,0.9860948619643184,0.0833823633186036,,,0.8592530925900668,,0.859302536680365,0.14069746331963495,0.9480388321186235,0.14796937057695608,10,0.025,0.15,0.9690374377552248,0.9703600223315659,0.9701523351446756,0.9701756159282612,0.9726782974774242,0.9721613612806153,1.0,0.9722990535367343,0.9743192035567079,0.9722617169266391,0.9622639527228934,0.9687954266338894
2,7,2.1176869934255427,0.2335733141348692,4167,2.2717482362474715,0.20768307322929172,833,2.26977667929251,0.2039,0.9875204205099949,0.08327386820777576,,,0.8228482211266092,,0.8229027413312208,0.17709725866877923,0.9479802289896205,0.14795579387451738,10,0.025,0.15,0.9716302064971097,0.9760238985434392,0.9623681173029642,0.9742022089374552,0.9780288383759304,0.9711964409261461,0.9722990535367343,1.0,0.9736550775850857,0.9744088983706815,0.9657109712016675,0.9718324421802517
2,8,2.10353778961933,0.23691790686509842,4166,2.268719162259783,0.20888355342136855,833,2.2697596218012555,0.2027,0.9891682261441144,0.08368261288436764,,,0.9599999996644561,,0.9600270667260814,0.0399729332739186,0.9481166271379635,0.14798967713380196,10,0.025,0.15,0.9705206786945496,0.9768135102394662,0.9725154559648961,0.9761553321277872,0.9735454238903427,0.9761377319901546,0.9743192035567079,0.9736550775850857,1.0,0.9770649001576168,0.9669126092080226,0.9731516917574463
2,9,2.1089455976630704,0.23468554968795008,4166,2.271463700703212,0.18487394957983194,833,2.2697557799423795,0.2035,0.987172320451602,0.08349285737529463,,,0.8963286981230719,,0.896362496080276,0.10363750391972404,0.9480465359866196,0.14797819537848195,10,0.025,0.15,0.9703508941392852,0.9743613320068347,0.9666804396244267,0.9732696300877274,0.9734486209168145,0.9680348566453424,0.9722617169266391,0.9744088983706815,0.9770649001576168,1.0,0.9661635817403512,0.9711330472667079
2,10,2.1000921816536873,0.23955832933269322,4166,2.2715255192347934,0.20528211284513806,833,2.2697614868984948,0.2038,0.9829044053784696,0.08326009646714165,,,0.8182271977110176,,0.81827334092522,0.18172665907478003,0.9479972548973177,0.14795343176431636,10,0.025,0.15,0.9699999255718158,0.9648811237565937,0.9703699927031179,0.9650118906921643,0.9675918203263327,0.9706413706973821,0.9622639527228934,0.9657109712016675,0.9669126092080226,0.9661635817403512,1.0,0.9672550753013421
2,11,2.1155407450415873,0.23372539606337014,4166,2.2693492685045515,0.18847539015606243,833,2.2697477431236943,0.2039,0.9861035071719767,0.0834324157219502,,,0.8760478706806797,,0.8760954597217409,0.12390454027825915,0.9480663756651658,0.14797475712423575,10,0.025,0.15,0.9685654120413684,0.9720488494685561,0.9677560254137519,0.972781635315257,0.9700538166289352,0.971195947797836,0.9687954266338894,0.9718324421802517,0.9731516917574463,0.9711330472667079,0.9672550753013421,1.0
3,0,2.0235750194751856,0.27333813294936404,4167,2.2460673536573137,0.2541966426858513,834,2.2480130708670316,0.2428,0.9813639476400106,0.08321247560566072,,,0.96,,0.9600270667260814,0.0399729332739186,0.9739769744091592,0.14739029401325776,10,0.025,0.15,1.0,0.9643417638559395,0.9593593740608325,0.9601528849379305,0.9638569682442167,0.9601928805384519,0.9613516656925021,0.9648427675023337,0.9628689965882132,0.9607393791727036,0.9590341872425874,0.9547974214876133
3,1,2.032439414660136,0.2677465802735781,4167,2.250782319477626,0.2170263788968825,834,2.2479799819898,0.2406,0.9845258740027505,0.0835878682967211,,,0.96,,0.9600270667260814,0.0399729332739186,0.9743518063084259,0.14739029401325776,10,0.025,0.15,0.9643417638559395,1.0,0.9612952987996949,0.9659391361482408,0.968248088503288,0.9663005041856091,0.9611693355762886,0.9682178466165416,0.9701077057537489,0.9649498844304634,0.9560217252427251,0.9620108821679136
3,2,2.0163298697182626,0.27664986801055913,4167,2.2457371779850552,0.2793764988009592,834,2.248440899426424,0.2445,0.9810180061203487,0.08283541721505719,,,0.96,,0.9600270667260814,0.0399729332739186,0.9700020089092007,0.14739029401325776,10,0.025,0.15,0.9593593740608325,0.9612952987996949,1.0,0.9597391189625465,0.958585907025944,0.9643059455005327,0.9633588042726152,0.9583065657156534,0.9624458681206269,0.9611051446975514,0.9606353797883616,0.9586107933990667
3,3,2.0481661930228725,0.2523638108951284,4167,2.2509701933179582,0.2446043165467626,834,2.248117099834394,0.2425,0.9829209300037035,0.08313108186292345,,,0.96,,0.9600270667260814,0.0399729332739186,0.9731358496491505,0.14739029401325776,10,0.025,0.15,0.9601528849379305,0.9659391361482408,0.9597391189625465,1.0,0.9647792818331985,0.964345502749125,0.9628703128496596,0.9626993993224187,0.9680287124535535,0.9635386751431568,0.9551514639947123,0.9626973533217487
3,4,2.0380369677688135,0.26527477801775856,4167,2.248734951019287,0.2424969987995198,833,2.2479721654819538,0.2432,0.9841694341527888,0.08347221090628565,,,0.96,,0.9600270667260814,0.0399729332739186,0.9742884455544278,0.14739029401325776,10,0.025,0.15,0.9638569682442167,0.968248088503288,0.958585907025944,0.9647792818331985,1.0,0.9666152129714115,0.9651533730635738,0.9686758085600216,0.9654513229554517,0.9641701581546099,0.9612699672475674,0.9576563427639706
3,5,2.035494636405598,0.2616030717542597,4167,2.246850456510271,0.2581032412965186,833,2.247982836976836,0.2406,0.9845764527954745,0.08353389817921397,,,0.96,,0.9600270667260814,0.0399729332739186,0.9743171922692591,0.14739029401325776,10,0.025,0.15,0.9601928805384519,0.9663005041856091,0.9643059455005327,0.964345502749125,0.9666152129714115,1.0,0.9648385436284956,0.9641645222623356,0.9697046397566651,0.9615526096483645,0.9636326160695343,0.9636057942733665
3,6,2.024278325745554,0.27290616750659946,4167,2.2486417634146556,0.23529411764705882,833,2.2479780112640766,0.2439,0.9824277541038999,0.08335796310398166,,,0.96,,0.9600270667260814,0.0399729332739186,0.9742266114232692,0.14739029401325776,10,0.025,0.15,0.9613516656925021,0.9611693355762886,0.9633588042726152,0.9628703128496596,0.9651533730635738,0.9648385436284956,1.0,0.9647037821237935,0.9660550241720789,0.9637039782934486,0.9530946373829531,0.9577145163662136
3,7,2.045416819688046,0.262922966162707,4167,2.2509187630244663,0.25570228091236497,833,2.2480073337313495,0.2437,0.9838890286589107,0.08333847271938857,,,0.96,,0.9600270667260814,0.0399729332739186,0.974095477717433,0.14739029401325776,10,0.025,0.15,0.9648427675023337,0.9682178466165416,0.9583065657156534,0.9626993993224187,0.9686758085600216,0.9641645222623356,0.9647037821237935,1.0,0.9650207884719681,0.9652008261454998,0.9579971906285133,0.9613924345553486
3,8,2.027158928639961,0.27064330292846855,4166,2.246816498892648,0.24009603841536614,833,2.247979794876485,0.2406,0.9851321976382943,0.08363106652938639,,,0.96,,0.9600270667260814,0.0399729332739186,0.9743546137282906,0.14739029401325776,10,0.025,0.15,0.9628689965882132,0.9701077057537489,0.9624458681206269,0.9680287124535535,0.9654513229554517,0.9697046397566651,0.9660550241720789,0.9650207884719681,1.0,0.9674334475822666,0.9558501626960715,0.962772261366362
3,9,2.037141945145347,0.26250600096015364,4166,2.2495807579585483,0.22809123649459784,833,2.2479783643650104,0.2424,0.9828116937767362,0.08343861360922293,,,0.96,,0.9600270667260814,0.0399729332739186,0.9743075959161843,0.14739029401325776,10,0.025,0.15,0.9607393791727036,0.9649498844304634,0.9611051446975514,0.9635386751431568,0.9641701581546099,0.9615526096483645,0.9637039782934486,0.9652008261454998,0.9674334475822666,1.0,0.9566952972944531,0.9593778539831664
3,10,2.027782465111126,0.27057129140662506,4166,2.250645739691598,0.22208883553421369,833,2.247989591163925,0.2431,0.9782810594443413,0.08314784584779278,,,0.96,,0.9600270667260814,0.0399729332739186,0.9740727861928311,0.14739029401325776,10,0.025,0.15,0.9590341872425874,0.9560217252427251,0.9606353797883616,0.9551514639947123,0.9612699672475674,0.9636326160695343,0.9530946373829531,0.9579971906285133,0.9558501626960715,0.9566952972944531,1.0,0.9558289462591277
3,11,2.047112713438092,0.25914546327412386,4166,2.2465604032788957,0.234093637454982,833,2.24797048749803,0.2433,0.9800949418775424,0.0833130861243656,,,0.96,,0.9600270667260814,0.0399729332739186,0.9742706388751866,0.14739029401325776,10,0.025,0.15,0.9547974214876133,0.9620108821679136,0.9586107933990667,0.9626973533217487,0.9576563427639706,0.9636057942733665,0.9577145163662136,0.9613924345553486,0.962772261366362,0.9593778539831664,0.9558289462591277,1.0
4,0,1.96787770986557,0.2949604031677466,4167,2.2182393755231584,0.27817745803357313,834,2.220770902271512,0.2761,0.9777887524823452,0.08322767920081411,,,0.96,,0.9600270667260814,0.0399729332739186,0.9846946377113377,0.14681120559443123,10,0.025,0.15,1.0,0.9563548387330137,0.9522505770919097,0.9513865377812482,0.9579606072299548,0.9514655724780543,0.9537097289014256,0.9566511179905112,0.9551035399077813,0.9518296347413022,0.951743412540557,0.945637894912257
4,1,1.9800037911444,0.289752819774418,4167,2.2243920734950473,0.2517985611510791,834,2.2207193434992925,0.2765,0.9800198061551939,0.08353223436418983,,,0.96,,0.9600270667260814,0.0399729332739186,0.9846946377113377,0.14681120559443123,10,0.025,0.15,0.9563548387330137,1.0,0.9525772438558786,0.9596713062398396,0.9579824097181991,0.9559871114272147,0.9519013014523232,0.9571284464870756,0.9619774209261613,0.9551284442251456,0.9477028546951779,0.9536649148716028
4,2,1.9622835437456767,0.29560835133189345,4167,2.21785501071385,0.3129496402877698,834,2.2213730691354487,0.2788,0.9771027278970573,0.0829723478540656,,,0.96,,0.9600270667260814,0.0399729332739186,0.9846946377113377,0.14681120559443123,10,0.025,0.15,0.9522505770919097,0.9525772438558786,1.0,0.950846244348839,0.9508127416080913,0.9533354870065025,0.9535061264101458,0.9511430089231024,0.9532176506394635,0.9531271398519181,0.954293997830934,0.9511721445478443
4,3,1.9932367299542282,0.2777537796976242,4167,2.2250010626656667,0.2805755395683453,834,2.220919222771367,0.2755,0.9795055391942756,0.08323321851493914,,,0.96,,0.9600270667260814,0.0399729332739186,0.9846946377113377,0.14681120559443123,10,0.025,0.15,0.9513865377812482,0.9596713062398396,0.950846244348839,1.0,0.9580728081022392,0.9540102703753625,0.9541374495039872,0.9543059249924225,0.9600290645056968,0.9574737044986982,0.9471940398593641,0.9571202515696958
4,4,1.9821271643494114,0.2875209983201344,4167,2.2221029145377025,0.2773109243697479,833,2.220715248132054,0.2763,0.9809529202963735,0.08349110960156163,,,0.96,,0.9600270667260814,0.0399729332739186,0.9846946377113377,0.14681120559443123,10,0.025,0.15,0.9579606072299548,0.9579824097181991,0.9508127416080913,0.9580728081022392,1.0,0.9596478000477465,0.9574210263457285,0.9595162647366198,0.9602902606442415,0.9545972331363624,0.9539805503655991,0.9508095646365406
4,5,1.9774086533170758,0.2876409887209023,4167,2.2201058864593506,0.297719087635054,833,2.220723408686964,0.2764,0.9800187994600099,0.08349884868777084,,,0.96,,0.9600270667260814,0.0399729332739186,0.9846946377113377,0.14681120559443123,10,0.025,0.15,0.9514655724780543,0.9559871114272147,0.9533354870065025,0.9540102703753625,0.9596478000477465,1.0,0.9563957700366231,0.9549346194114157,0.9612459866072622,0.9516489315768005,0.9539062971546126,0.957516612393298
4,6,1.9681808551152546,0.2943604511639069,4167,2.221883569444929,0.2617046818727491,833,2.2207201100602934,0.2764,0.9782110665201658,0.08333132493094728,,,0.96,,0.9600270667260814,0.0399729332739186,0.9846946377113377,0.14681120559443123,10,0.025,0.15,0.9537097289014256,0.9519013014523232,0.9535061264101458,0.9541374495039872,0.9574210263457285,0.9563957700366231,1.0,0.9560091073487462,0.9562521470096642,0.9554434624650915,0.9441268648273825,0.9500620173370943
4,7,1.9893900499199375,0.28293736501079914,4167,2.224635566983904,0.2809123649459784,833,2.220758673510974,0.2768,0.979640956539122,0.08336578830790624,,,0.96,,0.9600270667260814,0.0399729332739186,0.9846946377113377,0.14681120559443123,10,0.025,0.15,0.9566511179905112,0.9571284464870756,0.9511430089231024,0.9543059249924225,0.9595162647366198,0.9549346194114157,0.9560091073487462,1.0,0.9568541462680628,0.954060024454389,0.951439783963504,0.9537181781849197
4,8,1.969214949463353,0.28953432549207875,4166,2.2192269393375943,0.2797118847539016,833,2.2207189119314847,0.2765,0.9816740032233904,0.08361273436077771,,,0.96,,0.9600270667260814,0.0399729332739186,0.9846946377113377,0.14681120559443123,10,0.025,0.15,0.9551035399077813,0.9619774209261613,0.9532176506394635,0.9600290645056968,0.9602902606442415,0.9612459866072622,0.9562521470096642,0.9568541462680628,1.0,0.9604941229286227,0.9468572326996819,0.957140729758792
4,9,1.9812919399955056,0.28518963034085454,4166,2.222038541521345,0.24969987995198079,833,2.220720125150077,0.2763,0.9784538108182038,0.08338906148275753,,,0.96,,0.9600270667260814,0.0399729332739186,0.9846946377113377,0.14681120559443123,10,0.025,0.15,0.9518296347413022,0.9551284442251456,0.9531271398519181,0.9574737044986982,0.9545972331363624,0.9516489315768005,0.9554434624650915,0.954060024454389,0.9604941229286227,1.0,0.9477868847526382,0.9501858300174104
4,10,1.971896761113947,0.2927508401344215,4166,2.224482638495309,0.2689075630252101,833,2.2207381031181237,0.2764,0.9745613560688899,0.0830827653011313,,,0.96,,0.9600270667260814,0.0399729332739186,0.9846946377113377,0.14681120559443123,10,0.025,0.15,0.951743412540557,0.9477028546951779,0.954293997830934,0.9471940398593641,0.9539805503655991,0.9539062971546126,0.9441268648273825,0.951439783963504,0.9468572326996819,0.9477868847526382,1.0,0.9472607612488222
4,11,1.9949805909937077,0.2811809889582333,4166,2.2181060314178467,0.28691476590636256,833,2.2207127402100384,0.2763,0.9769596246046561,0.08326288739313882,,,0.96,,0.9600270667260814,0.0399729332739186,0.9846946377113377,0.14681120559443123,10,0.025,0.15,0.945637894912257,0.9536649148716028,0.9511721445478443,0.9571202515696958,0.9508095646365406,0.957516612393298,0.9500620173370943,0.9537181781849197,0.957140729758792,0.9501858300174104,0.9472607612488222,1.0
5,0,1.9212298862861865,0.3105831533477322,4167,2.1854660851614818,0.31654676258992803,834,2.188467203816281,0.3013,0.9740843574229653,0.08323565618604267,,,0.96,,0.9600270667260814,0.0399729332739186,0.9886089779484394,0.1462615521884849,10,0.025,0.15,1.0,0.9487444652063145,0.9440674266544271,0.9432762954331058,0.95068364236809,0.9448935516735033,0.9476134591940317,0.9495656734631681,0.9468347964849614,0.9424576963855992,0.9438266402537172,0.935781146398061
5,1,1.9323713913108362,0.3066474682025438,4167,2.1929824352264404,0.2853717026378897,834,2.188395376446881,0.3005,0.9766067529597809,0.08350629780722871,,,0.96,,0.9600270667260814,0.0399729332739186,0.9886089779484394,0.1462615521884849,10,0.025,0.15,0.9487444652063145,1.0,0.9436040115111178,0.9520889672772886,0.9504276363388431,0.9483412458632667,0.9446373420093683,0.9516177867201402,0.955477714357026,0.9464091590907333,0.9394754049748305,0.9462136378632748
5,2,1.9165390050772464,0.3105111591072714,4167,2.185010160718645,0.33573141486810554,834,2.189261481731753,0.3013,0.9723763144463553,0.08302200327180886,,,0.96,,0.9600270667260814,0.0399729332739186,0.9886089779484394,0.1462615521884849,10,0.025,0.15,0.9440674266544271,0.9436040115111178,1.0,0.9402748493016444,0.9418161929429573,0.9457567121098203,0.9463626238712801,0.9427719343178635,0.9429688207709064,0.9426008433607586,0.9461935879936858,0.9415646564258883
5,3,1.946498530922514,0.2932565394768418,4167,2.1942001410893033,0.30335731414868106,834,2.1886649011056636,0.3007,0.9761130754529344,0.08330516438969199,,,0.96,,0.9600270667260814,0.0399729332739186,0.9886089779484394,0.1462615521884849,10,0.025,0.15,0.9432762954331058,0.9520889672772886,0.9402748493016444,1.0,0.9508416409651939,0.94757113478371,0.9475636612312951,0.9485622808907866,0.9519195242486398,0.9496400956959501,0.9392621236186033,0.9504255564169256
5,4,1.9359128482414014,0.3062395008399328,4167,2.1906107493809293,0.297719087635054,833,2.188396293905717,0.302,0.9773543532207631,0.08350519783232133,,,0.96,,0.9600270667260814,0.0399729332739186,0.9886089779484394,0.1462615521884849,10,0.025,0.15,0.95068364236809,0.9504276363388431,0.9418161929429573,0.9508416409651939,1.0,0.9547234516631302,0.948728951081297,0.952419571947721,0.9530459346497561,0.9442344074134051,0.9455595858237238,0.9433342520960708
5,5,1.9355803941235399,0.30069594432445407,4167,2.1881232602255687,0.3097238895558223,833,2.1884006367454045,0.3004,0.9774380485865202,0.08351271350580497,,,0.96,,0.9600270667260814,0.0399729332739186,0.9886089779484394,0.1462615521884849,10,0.025,0.15,0.9448935516735033,0.9483412458632667,0.9457567121098203,0.94757113478371,0.9547234516631302,1.0,0.9511778719572118,0.9480818992782887,0.9532974301584508,0.9440043076055488,0.9485055666516647,0.9504639293554177
5,6,1.9213298631436897,0.3122630189584833,4167,2.1897824491773332,0.2893157262905162,833,2.1884001116209393,0.3018,0.9749944014710061,0.08332944210521587,,,0.96,,0.9600270667260814,0.0399729332739186,0.9886089779484394,0.1462615521884849,10,0.025,0.15,0.9476134591940317,0.9446373420093683,0.9463626238712801,0.9475636612312951,0.948728951081297,0.9511778719572118,1.0,0.9484722330735066,0.9472344094135876,0.9460465914125538,0.9374300310269124,0.9430605702648098
5,7,1.945645715973594,0.2994480441564675,4167,2.1931728294917514,0.3013205282112845,833,2.1884486222568946,0.3018,0.9765926721656338,0.083402829994009,,,0.96,,0.9600270667260814,0.0399729332739186,0.9886089779484394,0.1462615521884849,10,0.025,0.15,0.9495656734631681,0.9516177867201402,0.9427719343178635,0.9485622808907866,0.952419571947721,0.9480818992782887,0.9484722330735066,1.0,0.9493856348308134,0.9455462844286339,0.9436541037137075,0.9469160423898468
5,8,1.9208691640333695,0.3072491598655785,4166,2.1866114480154857,0.29411764705882354,833,2.1883947547478013,0.3005,0.9776448715388638,0.08358993111457953,,,0.96,,0.9600270667260814,0.0399729332739186,0.9886089779484394,0.1462615521884849,10,0.025,0.15,0.9468347964849614,0.955477714357026,0.9429688207709064,0.9519195242486398,0.9530459346497561,0.9532974301584508,0.9472344094135876,0.9493856348308134,1.0,0.9529507142363542,0.9371862454626638,0.948811816716351
5,9,1.9353225353992347,0.29930388862217955,4166,2.18947240284511,0.2689075630252101,833,2.188399245467367,0.3012,0.973807387228815,0.08332650995231634,,,0.96,,0.9600270667260814,0.0399729332739186,0.9886089779484394,0.1462615521884849,10,0.025,0.15,0.9424576963855992,0.9464091590907333,0.9426008433607586,0.9496400956959501,0.9442344074134051,0.9440043076055488,0.9460465914125538,0.9455462844286339,0.9529507142363542,1.0,0.9384963270318454,0.9419972121709306
5,10,1.926637251810594,0.31005760921747477,4166,2.193384681429182,0.29891956782713086,833,2.1884251697153987,0.302,0.9707009266333368,0.08303576650235316,,,0.96,,0.9600270667260814,0.0399729332739186,0.9886089779484394,0.1462615521884849,10,0.025,0.15,0.9438266402537172,0.9394754049748305,0.9461935879936858,0.9392621236186033,0.9455595858237238,0.9485055666516647,0.9374300310269124,0.9436541037137075,0.9371862454626638,0.9384963270318454,1.0,0.9387320739349454
5,11,1.9480012351816351,0.2969755160825732,4166,2.1845781121935164,0.31452581032412963,833,2.188392910776259,0.3019,0.9731953116404439,0.08322848733862738,,,0.96,,0.9600270667260814,0.0399729332739186,0.9886089779484394,0.1462615521884849,10,0.025,0.15,0.935781146398061,0.9462136378632748,0.9415646564258883,0.9504255564169256,0.9433342520960708,0.9504639293554177,0.9430605702648098,0.9469160423898468,0.948811816716351,0.9419972121709306,0.9387320739349454,1.0
6,0,1.879181637547233,0.3252699784017279,4167,2.1486195496150424,0.31894484412470026,834,2.151922917064232,0.3152,0.9701096921929675,0.08321114360956273,,,0.96,,0.9600270667260814,0.0399729332739186,0.9910627676508214,0.1458002777072326,10,0.025,0.15,1.0,0.9404812354687659,0.9375532927864842,0.9369002160270912,0.9433015817842009,0.9390695702962142,0.9403586935219218,0.9407161377040011,0.9399858431158395,0.9340154367076204,0.9355412148176686,0.9275182461733583
6,1,1.8917416139082475,0.32097432205423565,4167,2.1573380061558316,0.2997601918465228,834,2.1518300998060007,0.3158,0.9730322085654771,0.08347414599392311,,,0.96,,0.9600270667260814,0.0399729332739186,0.9910627676508214,0.1458002777072326,10,0.025,0.15,0.9404812354687659,1.0,0.9371298225369651,0.9437061517339612,0.9441137207827489,0.9412972209169794,0.9391551003419379,0.9426782368290594,0.9491240289677029,0.938722656677763,0.9325917673742624,0.9403070012001492
6,2,1.8796665455355788,0.3234461243100552,4167,2.1480162143707275,0.34532374100719426,834,2.1529228204413307,0.3161,0.9700501459266933,0.08307681832310057,,,0.96,,0.9600270667260814,0.0399729332739186,0.9910627676508214,0.1458002777072326,10,0.025,0.15,0.9375532927864842,0.9371298225369651,1.0,0.9355459618303701,0.9355734857393213,0.9408553993491202,0.9396830716419906,0.9365220425308052,0.939340010766973,0.9375488820578939,0.9390792187675824,0.9361236307410505
6,3,1.9020088932730934,0.30753539716822653,4167,2.1593590804508755,0.32014388489208634,834,2.1521743641623967,0.3163,0.9731652145805741,0.08335385744789324,,,0.96,,0.9600270667260814,0.0399729332739186,0.9910627676508214,0.1458002777072326,10,0.025,0.15,0.9369002160270912,0.9437061517339612,0.9355459618303701,1.0,0.9447488493746052,0.9424030193853242,0.940997595882431,0.9424053550686468,0.9439590622088404,0.9424164211392215,0.9332313856170252,0.9446907038920002
6,4,1.896442827311429,0.31963042956563475,4167,2.155071531023298,0.3217286914765906,833,2.1518367664723455,0.3153,0.9747637614081125,0.0835299330041703,,,0.96,,0.9600270667260814,0.0399729332739186,0.9910627676508214,0.1458002777072326,10,0.025,0.15,0.9433015817842009,0.9441137207827489,0.9355734857393213,0.9447488493746052,1.0,0.9497978734666195,0.9439448946993416,0.9448355245690716,0.9484459302511817,0.9384967761287367,0.9386194877499948,0.9376246887185835
6,5,1.8911483836896492,0.31711063114950805,4167,2.151743241718837,0.3205282112845138,833,2.1518364767485028,0.3158,0.9750502153979508,0.08354393155870748,,,0.96,,0.9600270667260814,0.0399729332739186,0.9910627676508214,0.1458002777072326,10,0.025,0.15,0.9390695702962142,0.9412972209169794,0.9408553993491202,0.9424030193853242,0.9497978734666195,1.0,0.9446683012670439,0.9407410918096195,0.9490679510636174,0.939266065627786,0.9400168978415094,0.9456926738258608
6,6,1.88177564794367,0.3246460283177346,4167,2.1529761041913713,0.3013205282112845,833,2.151839624477338,0.3158,0.9720960286509295,0.08333403259858026,,,0.96,,0.9600270667260814,0.0399729332739186,0.9910627676508214,0.1458002777072326,10,0.025,0.15,0.9403586935219218,0.9391551003419379,0.9396830716419906,0.940997595882431,0.9439448946993416,0.9446683012670439,1.0,0.9416096910112598,0.9416709031129024,0.9388424769945669,0.9306523834810241,0.9369475736951338
6,7,1.901012869314714,0.3131029517638589,4167,2.157168286187308,0.31452581032412963,833,2.1518992774094206,0.3158,0.9726895371876417,0.083398860341724,,,0.96,,0.9600270667260814,0.0399729332739186,0.9910627676508214,0.1458002777072326,10,0.025,0.15,0.9407161377040011,0.9426782368290594,0.9365220425308052,0.9424053550686468,0.9448355245690716,0.9407410918096195,0.9416096910112598,1.0,0.941103792514776,0.9381103702292012,0.935886966686181,0.9408064005561267
6,8,1.8811640378200647,0.321723475756121,4166,2.1497163431985036,0.31452581032412963,833,2.151829242706299,0.3158,0.9752127315825873,0.08359707695183555,,,0.96,,0.9600270667260814,0.0399729332739186,0.9910627676508214,0.1458002777072326,10,0.025,0.15,0.9399858431158395,0.9491240289677029,0.939340010766973,0.9439590622088404,0.9484459302511817,0.9490679510636174,0.9416709031129024,0.941103792514776,1.0,0.9474364003988345,0.9314567170009875,0.9430826843188787
6,9,1.8946781595547995,0.31274603936629863,4166,2.1526754924229214,0.2857142857142857,833,2.1518374485305594,0.3156,0.9706215171397358,0.08328412971489839,,,0.96,,0.9600270667260814,0.0399729332739186,0.9910627676508214,0.1458002777072326,10,0.025,0.15,0.9340154367076204,0.938722656677763,0.9375488820578939,0.9424164211392215,0.9384967761287367,0.939266065627786,0.9388424769945669,0.9381103702292012,0.9474364003988345,1.0,0.9315787170766658,0.9348945626348626
6,10,1.8850811868002921,0.3230916946711474,4166,2.1581239700317383,0.3157262905162065,833,2.15187210976323,0.3152,0.9669246850750322,0.08298342024263469,,,0.96,,0.9600270667260814,0.0399729332739186,0.9910627676508214,0.1458002777072326,10,0.025,0.15,0.9355412148176686,0.9325917673742624,0.9390792187675824,0.9332313856170252,0.9386194877499948,0.9400168978415094,0.9306523834810241,0.935886966686181,0.9314567170009875,0.9315787170766658,1.0,0.9298522370298377
