round,client_id,client_i_training_loss,client_i_training_accuracy,client_i_training_dataset_size,client_i_evaluation_loss,client_i_evaluation_accuracy,client_i_evaluation_dataset_size,client_i_central_evaluation_loss,client_i_central_evaluation_accuracy,client_i_cosine_similarity,client_i_importance_coefficient,client_i_tanh_val,tanh_normalization_value,client_i_q,client_i_mask_order,client_i_v_nonzero_fraction,client_i_v_sparsity,client_i_v_cosine_similarity,client_i_reward_gradient_norm,local_epochs,learning_rate,gamma,client_0_cosine_similarity,client_1_cosine_similarity,client_2_cosine_similarity,client_3_cosine_similarity,client_4_cosine_similarity,client_5_cosine_similarity,client_6_cosine_similarity,client_7_cosine_similarity,client_8_cosine_similarity,client_9_cosine_similarity,client_10_cosine_similarity,client_11_cosine_similarity
0,0,2.2899857152592054,0.13254139668826495,4167,2.297663824898856,0.145083932853717,834,2.29756109020378,0.1278,0.9725302347669966,0.08329495973595959,,,0.8986495361891627,,0.8986813223085937,0.10131867769140634,0,0.14594412796926562,10,0.025,0.15,1.0,0.9700828853809927,0.9380046790062361,0.8998181748440431,0.9302426084909096,0.9528165427447237,0.9513738648790072,0.9406516784633777,0.95788475105839,0.9281311231529904,0.9435594511228411,0.9424384486238184
0,1,2.2917701287703083,0.13081353491720663,4167,2.296868017741612,0.13189448441247004,834,2.297560839713374,0.1278,0.977995110776601,0.08376301369552729,,,0.9244901341229882,,0.9245267448961066,0.07547325510389336,0,0.1459457887037454,10,0.025,0.15,0.9700828853809927,1.0,0.9373658950856717,0.9121695686612595,0.9458729134392365,0.949498313542899,0.9512026797156969,0.954610437426288,0.9605352344248191,0.9415622059666062,0.9497189590052167,0.9461927079030166
0,2,2.2798599062543925,0.13976481881449485,4167,2.300806318010603,0.09592326139088729,834,2.2975620348242263,0.1278,0.951667424817346,0.08150810843549439,,,0.8,,0.8000115528708884,0.19998844712911157,0,0.14592878799176548,10,0.025,0.15,0.9380046790062361,0.9373658950856717,1.0,0.873752378972661,0.9278385621388651,0.9353637589607984,0.9465365088532672,0.9096512452219215,0.9320583268032584,0.877072155412019,0.9360217102485546,0.8977388130240473
0,3,2.290152949997873,0.13578113750899928,4167,2.299624136516026,0.1211031175059952,834,2.297561820549301,0.1278,0.959232787873174,0.08215606424046132,,,0.8357727246886307,,0.8358172005743427,0.16418279942565728,0,0.14593723660633062,10,0.025,0.15,0.8998181748440431,0.9121695686612595,0.873752378972661,1.0,0.9468797783664523,0.9375468482149683,0.9309958766966208,0.9486073839828877,0.9345369000325761,0.9377271394659169,0.9336060480281592,0.944113758849322
0,4,2.2867207476587006,0.14262059035277178,4167,2.296598809106009,0.12244897959183673,833,2.297560854803158,0.1278,0.9777129729932917,0.08373884924854086,,,0.923156049139611,,0.9231899126933043,0.0768100873066957,0,0.1459457437107029,10,0.025,0.15,0.9302426084909096,0.9458729134392365,0.9278385621388651,0.9468797783664523,1.0,0.9514581389763787,0.9459672857098828,0.9445541838244297,0.9560212206294698,0.9545721143522616,0.9656491107330458,0.9464679135699486
0,5,2.290531186624007,0.14463642908567315,4167,2.2966107300349643,0.12845138055222088,833,2.2975608276415476,0.1278,0.9811395385871128,0.0840323266469462,,,0.9393585217388425,,0.9394051921902593,0.06059480780974069,0,0.1459462865456265,10,0.025,0.15,0.9528165427447237,0.949498313542899,0.9353637589607984,0.9375468482149683,0.9514581389763787,1.0,0.967295510933084,0.9574148695695947,0.974865393399714,0.931658787503546,0.9516982711269643,0.9459074089525773
0,6,2.287265094843778,0.14691624670026399,4167,2.299828256879534,0.12965186074429771,833,2.2975608276415476,0.1278,0.9781316849942939,0.08377471096061688,,,0.925135923605006,,0.9251869089468733,0.07481309105312672,0,0.14594581356345737,10,0.025,0.15,0.9513738648790072,0.9512026797156969,0.9465365088532672,0.9309958766966208,0.9459672857098828,0.967295510933084,1.0,0.9600907876125993,0.9692100140498201,0.922542913345613,0.9440699608296963,0.9311134251485023
0,7,2.291617041645628,0.14972402207823374,4167,2.29674870627267,0.12725090036014405,833,2.297560851785201,0.1278,0.9761965622307307,0.08360897218262017,,,0.9159857197947184,,0.9160271327424865,0.08397286725751352,0,0.14594551031690225,10,0.025,0.15,0.9406516784633777,0.954610437426288,0.9096512452219215,0.9486073839828877,0.9445541838244297,0.9574148695695947,0.9600907876125993,1.0,0.9627502341645974,0.9445835565842078,0.9461649445455682,0.9287309956138453
0,8,2.2905082009055397,0.13569371099375901,4166,2.2978247574397495,0.13205282112845138,833,2.2975607582285433,0.1278,0.985504883357359,0.08440620830519444,,,0.9599999999447913,,0.9600270667260814,0.0399729332739186,0,0.14594657574292588,10,0.025,0.15,0.95788475105839,0.9605352344248191,0.9320583268032584,0.9345369000325761,0.9560212206294698,0.974865393399714,0.9692100140498201,0.9627502341645974,1.0,0.9495403553721958,0.9593624597993398,0.9497365720009008
0,9,2.291355536923264,0.12093134901584253,4166,2.295569964817592,0.14165666266506602,833,2.2975615157356746,0.1278,0.9664777405583753,0.08277657764007541,,,0.870030392942925,,0.8700632107078609,0.12993678929213914,0,0.14594172380529263,10,0.025,0.15,0.9281311231529904,0.9415622059666062,0.877072155412019,0.9377271394659169,0.9545721143522616,0.931658787503546,0.922542913345613,0.9445835565842078,0.9495403553721958,1.0,0.9507548142919946,0.9462152461595412
0,10,2.289313870487791,0.14071051368218915,4166,2.297652006149292,0.1332533013205282,833,2.2975608668749845,0.1278,0.978941292753839,0.08384405198809598,,,0.9289641437808609,,0.9289993563400505,0.07100064365994951,0,0.14594590782545916,10,0.025,0.15,0.9435594511228411,0.9497189590052167,0.9360217102485546,0.9336060480281592,0.9656491107330458,0.9516982711269643,0.9440699608296963,0.9461649445455682,0.9593624597993398,0.9507548142919946,1.0,0.9492672852780341
0,11,2.291417842200308,0.11836293807009121,4166,2.297291108540126,0.12484993997599039,833,2.2975612863709656,0.1278,0.9702090649214773,0.0830961569204675,,,0.887673913575077,,0.8877143470152333,0.11228565298476667,0,0.1459434602349452,10,0.025,0.15,0.9424384486238184,0.9461927079030166,0.8977388130240473,0.944113758849322,0.9464679135699486,0.9459074089525773,0.9311134251485023,0.9287309956138453,0.9497365720009008,0.9462152461595412,0.9492672852780341,1.0
1,0,2.1834485787333864,0.19683225341972643,4167,2.286459343773978,0.14628297362110312,834,2.286446387254739,0.1445,0.9856285782280343,0.08320221282668079,,,0.8905454098218014,,0.8905778085854335,0.10942219141456655,0.850839246496243,0.14833889780397277,10,0.025,0.15,1.0,0.9734890662528215,0.9750774090442429,0.9655999239094123,0.9677730240519768,0.9680348203009916,0.975803743434739,0.9714650837519552,0.9717510343201136,0.9736661561608279,0.979440500554953,0.9748702436716735
1,1,2.186486338846611,0.19222462203023757,4167,2.2857027735028947,0.15227817745803357,834,2.286446296716038,0.1445,0.9908023095348211,0.08365792901614885,,,0.9267923906034536,,0.9268373190737899,0.07316268092621014,0.8508756361770744,0.1483428485482988,10,0.025,0.15,0.9734890662528215,1.0,0.9751168163178427,0.9763138890194796,0.9838877047614091,0.9799310440093342,0.9757526215436514,0.9839832815332575,0.981398144032765,0.9804449210264783,0.9718062622318735,0.9760017449638827
1,2,2.1590107292839975,0.2060475161987041,4167,2.289421967097691,0.11031175059952038,834,2.2864515992659555,0.1444,0.9844398197572761,0.08206382810475377,,,0.8,,0.8000115528708884,0.19998844712911157,0.8505169220442856,0.14831585764610797,10,0.025,0.15,0.9750774090442429,0.9751168163178427,1.0,0.9644973588362056,0.9730204027145052,0.9700087056083259,0.9719754256245966,0.9674114496742394,0.971692163774382,0.9682546824201687,0.9750360935651275,0.9712562032101297
1,3,2.187565288399205,0.1886729061675066,4167,2.289287737437657,0.13788968824940048,834,2.2864501506467407,0.1445,0.9876714527670921,0.08256736298280835,,,0.8400504074016781,,0.8400835107524219,0.15991648924757806,0.8507246792051835,0.14832962041635703,10,0.025,0.15,0.9655999239094123,0.9763138890194796,0.9644973588362056,1.0,0.978389908516262,0.9790014295169698,0.9723437728071416,0.9791787943337728,0.9788407243152837,0.980045371944249,0.9706294759267114,0.9764570917163437
1,4,2.1788602991537616,0.1962802975761939,4167,2.285449538912092,0.13205282112845138,833,2.286446100548853,0.1445,0.9903994438442579,0.08363000339728868,,,0.9245712288507367,,0.9246010133518179,0.07539898664818212,0.8508820907496406,0.14834273147012136,10,0.025,0.15,0.9677730240519768,0.9838877047614091,0.9730204027145052,0.978389908516262,1.0,0.9807355646425632,0.9779824515213733,0.9832619309306088,0.9815683418893171,0.9798624064414017,0.9740300714146863,0.9727730458934527
1,5,2.1841064836039688,0.1908327333813295,4167,2.2856408527919223,0.148859543817527,833,2.286446097530896,0.1445,0.9903125251068867,0.08380783368457499,,,0.938715582627561,,0.9387615322407619,0.061238467759238135,0.8508963635301264,0.14834350809943586,10,0.025,0.15,0.9680348203009916,0.9799310440093342,0.9700087056083259,0.9790014295169698,0.9807355646425632,1.0,0.9776396788841245,0.9804277995522693,0.9861633314169466,0.9804993036303584,0.973542871231102,0.9761329793312485
1,6,2.177938397364183,0.20225581953443725,4167,2.288694381713867,0.1404561824729892,833,2.2864459043816674,0.1445,0.9891562518092907,0.08361180231137924,,,0.9231235418332209,,0.9231569044907659,0.07684309550923407,0.8508910256495049,0.14834264799862487,10,0.025,0.15,0.975803743434739,0.9757526215436514,0.9719754256245966,0.9723437728071416,0.9779824515213733,0.9776396788841245,1.0,0.979862149348009,0.9809559420871953,0.977714793170291,0.9746577888980702,0.9738005584428137
1,7,2.1943493405977885,0.19114470842332612,4167,2.285935197557722,0.15486194477791115,833,2.286446040189719,0.1445,0.9908065063307203,0.08356324674430676,,,0.91926150500593,,0.919319700945685,0.08068029905431495,0.850875932622165,0.14834247071608983,10,0.025,0.15,0.9714650837519552,0.9839832815332575,0.9674114496742394,0.9791787943337728,0.9832619309306088,0.9804277995522693,0.979862149348009,1.0,0.9795482772031071,0.9829070068235212,0.9741584633030621,0.9758740415763082
1,8,2.1839658477089623,0.19075852136341814,4166,2.2868779046194896,0.15606242496998798,833,2.2864461367643334,0.1445,0.9914688468440133,0.08407543262204784,,,0.9599999999204615,,0.9600270667260814,0.0399729332739186,0.8508973069872556,0.14834393973120952,10,0.025,0.15,0.9717510343201136,0.981398144032765,0.971692163774382,0.9788407243152837,0.9815683418893171,0.9861633314169466,0.9809559420871953,0.9795482772031071,1.0,0.9834969357961982,0.9747098901567985,0.9756749566619058
1,9,2.1912487644137757,0.18795007201152183,4166,2.2844483511788503,0.15846338535414164,833,2.2864479958256587,0.1445,0.990982378478632,0.08305657486813091,,,0.8789615854885063,,0.879000181545114,0.12099981845488605,0.850758785726919,0.14833747066887223,10,0.025,0.15,0.9736661561608279,0.9804449210264783,0.9682546824201687,0.980045371944249,0.9798624064414017,0.9804993036303584,0.977714793170291,0.9829070068235212,0.9834969357961982,1.0,0.977688500620141,0.9757605955106237
1,10,2.1799015536452786,0.19498319731156985,4166,2.286989007677351,0.148859543817527,833,2.286445901363711,0.1445,0.9877308954047025,0.0836083074586971,,,0.9228455665035489,,0.9228928388704594,0.07710716112954064,0.8508960675005675,0.14834264682603082,10,0.025,0.15,0.979440500554953,0.9718062622318735,0.9750360935651275,0.9706294759267114,0.9740300714146863,0.973542871231102,0.9746577888980702,0.9741584633030621,0.9747098901567985,0.977688500620141,1.0,0.9760764791169164
1,11,2.193637238849293,0.1841334613538166,4166,2.2857532841818675,0.14645858343337334,833,2.2864469033253343,0.1445,0.9879628799870043,0.08315546598318276,,,0.8868272361491609,,0.8868726378505059,0.11312736214949415,0.8508223126616119,0.14833851160484932,10,0.025,0.15,0.9748702436716735,0.9760017449638827,0.9712562032101297,0.9764570917163437,0.9727730458934527,0.9761329793312485,0.9738005584428137,0.9758740415763082,0.9756749566619058,0.9757605955106237,0.9760764791169164,1.0
2,0,2.089955325198896,0.23294936405087593,4167,2.269319568361555,0.17625899280575538,834,2.2695285308210154,0.1777,0.985794342099331,0.08323862577640646,,,0.8888878247890685,,0.8889191464078824,0.11108085359211761,0.9568350617329462,0.14792725749221608,10,0.025,0.15,1.0,0.9709792300781427,0.9698041566238845,0.9635884098173809,0.9665225742003638,0.9672167782592487,0.9743428491371957,0.9709850670292589,0.9706030168962141,0.9724986425873219,0.9717266087460497,0.9683540443845639
2,1,2.0930047472318014,0.23196544276457884,4167,2.2688592161451067,0.17865707434052758,834,2.2695281324507315,0.1782,0.988281742006788,0.08360010212457016,,,0.9303663070832519,,0.9304104569985642,0.06958954300143583,0.9568188369813424,0.1479328436810479,10,0.025,0.15,0.9709792300781427,1.0,0.9688041392484339,0.9709662748413517,0.9759531077068744,0.9736662755043254,0.9716402533626748,0.9777957022167628,0.9768220729980627,0.975063904528395,0.9626387836119256,0.9715331341111854
2,2,2.071846741618532,0.2447084233261339,4167,2.272049903869629,0.1486810551558753,834,2.269549946241741,0.1763,0.9835379089533162,0.08246398686669225,,,0.8,,0.8000115528708884,0.19998844712911157,0.9564942559018692,0.14789342329004473,10,0.025,0.15,0.9698041566238845,0.9688041392484339,1.0,0.9618910914692206,0.9667139452428919,0.9667432579180161,0.9693674005230135,0.9665255383724024,0.9681967808040561,0.9671344189369898,0.9695707847802679,0.9656067019691384
2,3,2.101645907488736,0.22385409167266618,4167,2.273491621017456,0.18345323741007194,834,2.2695392747468586,0.1776,0.9850003240494852,0.08282168728047593,,,0.8410452035247118,,0.8410820088792065,0.15891799112079352,0.9566913744788905,0.14791668931398144,10,0.025,0.15,0.9635884098173809,0.9709662748413517,0.9618910914692206,1.0,0.9706000710048366,0.972382245612035,0.9685262279767299,0.9715107523379297,0.9742859416502452,0.9729266005638937,0.9606731772212671,0.9700131647834209
2,4,2.0957365426150236,0.2326133909287257,4167,2.2685974666050504,0.1752701080432173,833,2.2695282501510428,0.1782,0.9863790043866705,0.08352118694264125,,,0.9213109926954405,,0.9213414533511578,0.0786585466488422,0.9568209585173787,0.1479322157388244,10,0.025,0.15,0.9665225742003638,0.9759531077068744,0.9667139452428919,0.9706000710048366,1.0,0.9715565886681266,0.9720534576133518,0.9752531806688353,0.9730797715535032,0.9712331359986045,0.9654272585841059,0.9649321517544015
2,5,2.0957740863164265,0.22882169426445884,4167,2.2689353738512312,0.1788715486194478,833,2.2695269373398794,0.1782,0.9869417020527209,0.0836490129207313,,,0.9359786952875444,,0.9360135993794458,0.06398640062055416,0.9568397085970672,0.14793319669008176,10,0.025,0.15,0.9672167782592487,0.9736662755043254,0.9667432579180161,0.972382245612035,0.9715565886681266,1.0,0.9713971330423301,0.9724950619678465,0.978408104010295,0.9715160161903721,0.9648588203621569,0.9696857953270311
2,6,2.090734717701421,0.23606911447084233,4167,2.2717129162379672,0.18607442977190877,833,2.2695279755169833,0.1782,0.9871746891738423,0.08353577649426079,,,0.9229851062622207,,0.9230248716806126,0.07697512831938735,0.9568286912297186,0.1479323410857674,10,0.025,0.15,0.9743428491371957,0.9716402533626748,0.9693674005230135,0.9685262279767299,0.9720534576133518,0.9713971330423301,1.0,0.9741245451749048,0.9743508037606989,0.9739122962312909,0.9664657623311917,0.9666195914461866
2,7,2.106019281979763,0.22570194384449244,4167,2.269357306616647,0.18847539015606243,833,2.2695281113250347,0.1782,0.9878923040725921,0.0835291300534377,,,0.9222224442529353,,0.922265683022231,0.077734316977769,0.9568253882883645,0.1479322805203927,10,0.025,0.15,0.9709850670292589,0.9777957022167628,0.9665255383724024,0.9715107523379297,0.9752531806688353,0.9724950619678465,0.9741245451749048,1.0,0.9717730811420265,0.9755405763593605,0.964659100146835,0.9706257012039502
2,8,2.0921756011067014,0.2298847815650504,4166,2.2700832911900113,0.18607442977190877,833,2.2695272240457656,0.1782,0.9883122749432843,0.08385835359531343,,,0.9599999998852525,,0.9600270667260814,0.0399729332739186,0.9568511307438566,0.14793412493633987,10,0.025,0.15,0.9706030168962141,0.9768220729980627,0.9681967808040561,0.9742859416502452,0.9730797715535032,0.978408104010295,0.9743508037606989,0.9717730811420265,1.0,0.9751416893340101,0.9646605302308258,0.968785492518397
2,9,2.103184026660341,0.2300768122899664,4166,2.2672549315861295,0.17647058823529413,833,2.2695311141919485,0.1777,0.9882178717665365,0.08322748275349426,,,0.8876091915370852,,0.8876565826607912,0.11234341733920883,0.9568163398203176,0.14792713169874971,10,0.025,0.15,0.9724986425873219,0.975063904528395,0.9671344189369898,0.9729266005638937,0.9712331359986045,0.9715160161903721,0.9739122962312909,0.9755405763593605,0.9751416893340101,1.0,0.9688326536279827,0.9715041135247251
2,10,2.0895203203865975,0.23626980316850696,4166,2.27087334224156,0.18247298919567828,833,2.269527848762802,0.1781,0.982388790753136,0.08337841145500739,,,0.9049278722895024,,0.9049776369427803,0.09502236305721967,0.9568123428139971,0.14793062635605794,10,0.025,0.15,0.9717266087460497,0.9626387836119256,0.9695707847802679,0.9606731772212671,0.9654272585841059,0.9648588203621569,0.9664657623311917,0.964659100146835,0.9646605302308258,0.9688326536279827,1.0,0.966766843082939
2,11,2.1082091692722207,0.22052328372539606,4166,2.2683967522212436,0.1716686674669868,833,2.269529626339297,0.1777,0.9847590019047229,0.08317624373696887,,,0.8817296460273547,,0.8817811226089683,0.11821887739103165,0.9568163108796881,0.14792625153086983,10,0.025,0.15,0.9683540443845639,0.9715331341111854,0.9656067019691384,0.9700131647834209,0.9649321517544015,0.9696857953270311,0.9666195914461866,0.9706257012039502,0.968785492518397,0.9715041135247251,0.966766843082939,1.0
3,0,2.022069210355932,0.265946724262059,4167,2.2464254243033275,0.19304556354916066,834,2.246690086171597,0.2037,0.9834316502916071,0.08329103005629311,,,0.8893177094449491,,0.8893647571421498,0.1106352428578502,0.9771800843452959,0.14743569877602603,10,0.025,0.15,1.0,0.9665205074547967,0.9633145403544395,0.9577305920727331,0.9621168776126384,0.9639685783869918,0.9672429479355563,0.9659722124427618,0.9673504056892113,0.9647125245841269,0.9609436332362554,0.9599435428301084
3,1,2.025787857084563,0.2638828893688505,4167,2.2459701810564314,0.2038369304556355,834,2.2466910277740864,0.2033,0.984978699788295,0.08356429000672762,,,0.9312705486582008,,0.9313099305177337,0.0686900694822663,0.9772820046670952,0.1474399842447896,10,0.025,0.15,0.9665205074547967,1.0,0.9616479694317588,0.9644554410147229,0.969425331050064,0.9667865271155583,0.9638134625639325,0.9724286440382697,0.9705913120110714,0.9654141466933058,0.9520113360898071,0.9648087507552883
3,2,2.00558368509466,0.27492200623950086,4167,2.2488015038626537,0.1774580335731415,834,2.2467336986638324,0.2035,0.9802340184190655,0.08270925887432884,,,0.8,,0.8000115528708884,0.19998844712911157,0.9768351275327148,0.14740519008601743,10,0.025,0.15,0.9633145403544395,0.9616479694317588,1.0,0.95589935056964,0.9593543872746618,0.9587971850943253,0.9612468329960966,0.9616000239308984,0.9624050846707782,0.959505021932475,0.9607326300145156,0.958013382546538
3,3,2.037308673063914,0.25471562275018,4167,2.2522267954690114,0.20743405275779375,834,2.246714356579358,0.2035,0.9817291579315918,0.08297850350225508,,,0.8413363779304667,,0.8413708306514168,0.15862916934858318,0.9770302796538404,0.14742531713115622,10,0.025,0.15,0.9577305920727331,0.9644554410147229,0.95589935056964,1.0,0.9639484731713048,0.963006013134296,0.9616601861706779,0.9662720040962567,0.967263568853178,0.9663694819393807,0.9488538679954192,0.9644467835331411
3,4,2.0322360891284363,0.2603551715862731,4167,2.245781523840768,0.21608643457382953,833,2.246691100205047,0.2033,0.9837236305936542,0.08347484568030658,,,0.917538410308206,,0.9175867703124226,0.08241322968757736,0.977252779193088,0.147439153824986,10,0.025,0.15,0.9621168776126384,0.969425331050064,0.9593543872746618,0.9639484731713048,1.0,0.9659730008267184,0.9659615186018806,0.9696189035410503,0.9677567613594484,0.9622249849075201,0.9584935483512984,0.9582250018956865
3,5,2.0305426453099105,0.25925125989920805,4167,2.2461510045187816,0.20168067226890757,833,2.2466895067239108,0.2034,0.9844616320885659,0.0835776764165699,,,0.9333257268826816,,0.9333481870244755,0.06665181297552447,0.9772764572553381,0.14744006911897176,10,0.025,0.15,0.9639685783869918,0.9667865271155583,0.9587971850943253,0.963006013134296,0.9659730008267184,1.0,0.9667285687800097,0.966171533149826,0.9733500723553242,0.9637253433165571,0.95879781473606,0.9644302870208465
3,6,2.023049953850833,0.2663786897048236,4167,2.248650312423706,0.20768307322929172,833,2.24669071390659,0.2033,0.9834887175605599,0.08347621889499951,,,0.9177492361358699,,0.9177930715782872,0.08220692842171284,0.9772528061475233,0.14743915583680092,10,0.025,0.15,0.9672429479355563,0.9638134625639325,0.9612468329960966,0.9616601861706779,0.9659615186018806,0.9667285687800097,1.0,0.9665621359777978,0.9667274162880363,0.9638061975361939,0.9569563202984668,0.9596622080453132
3,7,2.0416810140465245,0.25377969762419006,4167,2.246706315449306,0.22208883553421369,833,2.246690614314019,0.2033,0.9852926682736903,0.08353069710211034,,,0.9261131235621557,,0.9261523988711194,0.07384760112888056,0.9772719150151593,0.14743970608043874,10,0.025,0.15,0.9659722124427618,0.9724286440382697,0.9616000239308984,0.9662720040962567,0.9696189035410503,0.966171533149826,0.9665621359777978,1.0,0.9657991929730969,0.9663247286079311,0.9557045642422533,0.9652116734513791
3,8,2.021999828743212,0.2598655784925588,4166,2.2472024304526195,0.20168067226890757,833,2.246689524831651,0.2034,0.9858346118656371,0.08375141937758646,,,0.9599999998464728,,0.9600270667260814,0.0399729332739186,0.9772807512562219,0.14744096219997707,10,0.025,0.15,0.9673504056892113,0.9705913120110714,0.9624050846707782,0.967263568853178,0.9677567613594484,0.9733500723553242,0.9667274162880363,0.9657991929730969,1.0,0.9674524276504717,0.9560762254066686,0.9631462910335566
3,9,2.036365780685887,0.25900144023043686,4166,2.244102580206735,0.21608643457382953,833,2.2466938827611225,0.2036,0.9834309923256469,0.08328413368062798,,,0.8882589280941755,,0.888291990559654,0.11170800944034598,0.9771788527241224,0.14743547741857158,10,0.025,0.15,0.9647125245841269,0.9654141466933058,0.959505021932475,0.9663694819393807,0.9622249849075201,0.9637253433165571,0.9638061975361939,0.9663247286079311,0.9674524276504717,1.0,0.9564272489399545,0.9638854849629691
3,10,2.023975971250823,0.26495439270283244,4166,2.2492739813668385,0.1992797118847539,833,2.2466902189616915,0.2032,0.9769018673336256,0.08316523601595256,,,0.8700049007439273,,0.8700467066065918,0.12995329339340822,0.977197102481313,0.14743247751634866,10,0.025,0.15,0.9609436332362554,0.9520113360898071,0.9607326300145156,0.9488538679954192,0.9584935483512984,0.95879781473606,0.9569563202984668,0.9557045642422533,0.9560762254066686,0.9564272489399545,1.0,0.9578313689616292
3,11,2.0462163227977173,0.2524723955832933,4166,2.2450449807303294,0.19687875150060025,833,2.2466921142384977,0.2036,0.9817116983935468,0.083196690392242,,,0.8748340035411938,,0.8748576521265534,0.12514234787344658,0.9771770481601191,0.14743324565800775,10,0.025,0.15,0.9599435428301084,0.9648087507552883,0.958013382546538,0.9644467835331411,0.9582250018956865,0.9644302870208465,0.9596622080453132,0.9652116734513791,0.9631462910335566,0.9638854849629691,0.9578313689616292,1.0
4,0,1.96855592547041,0.28876889848812093,4167,2.2180398872920444,0.2146282973621103,834,2.218460568898841,0.2201,0.9815689274538411,0.08334484145376764,,,0.96,,0.9600270667260814,0.0399729332739186,0.9850270495043981,0.14706226130602776,10,0.025,0.15,1.0,0.9639120011477307,0.9579201315393255,0.9552095368716511,0.9592466880651788,0.961015147549515,0.9599003346371097,0.9610414135695395,0.9632766393718839,0.9592938941867662,0.9531175424646766,0.9541588295070753
4,1,1.9734880833914785,0.28855291576673864,4167,2.217707327433995,0.22062350119904076,834,2.2184606715093684,0.2197,0.9818132288251452,0.08352154394665828,,,0.96,,0.9600270667260814,0.0399729332739186,0.9850308454936241,0.14706226130602776,10,0.025,0.15,0.9639120011477307,1.0,0.9560636465656783,0.9592649225401954,0.9631508316608746,0.9599803111322643,0.9565992654479564,0.9662897521450781,0.9643369250483437,0.9586022642638229,0.9434888565542394,0.959135261236057
4,2,1.9571947961142568,0.29517638588912887,4167,2.2200025149754117,0.19664268585131894,834,2.218521444103386,0.2186,0.977862870393843,0.082865083889722,,,0.96,,0.9600270667260814,0.0399729332739186,0.9848331093015538,0.14706226130602776,10,0.025,0.15,0.9579201315393255,0.9560636465656783,1.0,0.9502632194024003,0.9528941582123,0.9565268794603479,0.9547000506447689,0.9554481915995692,0.9587060841204161,0.9539030229336626,0.9555200104280047,0.9529081008363917
4,3,1.9838907270720512,0.2747540196784257,4167,2.2261355263846263,0.21342925659472423,834,2.218493666829942,0.22,0.9799678960718159,0.08309978856173143,,,0.96,,0.9600270667260814,0.0399729332739186,0.98498473811347,0.14706226130602776,10,0.025,0.15,0.9552095368716511,0.9592649225401954,0.9502632194024003,1.0,0.9597039912879181,0.958013942624308,0.9587698665950203,0.961816628705978,0.9618466505577894,0.9610180371774334,0.9430863947134699,0.9603926503574689
4,4,1.9779788143707044,0.2826253899688025,4167,2.2177673067365373,0.234093637454982,833,2.2184609099279475,0.2197,0.981608750016597,0.08345965787057501,,,0.96,,0.9600270667260814,0.0399729332739186,0.9850380565745157,0.14706226130602776,10,0.025,0.15,0.9592466880651788,0.9631508316608746,0.9528941582123,0.9597039912879181,1.0,0.9616298024845243,0.9603546695522643,0.9641205257242019,0.9635769449916423,0.9576358897686202,0.9521308066358335,0.9539954636430731
4,5,1.975057841431011,0.2813534917206624,4167,2.2180493218558177,0.22448979591836735,833,2.2184582782697073,0.2195,0.9825740201580937,0.083554540381462,,,0.96,,0.9600270667260814,0.0399729332739186,0.9850294257341428,0.14706226130602776,10,0.025,0.15,0.961015147549515,0.9599803111322643,0.9565268794603479,0.958013942624308,0.9616298024845243,1.0,0.9623876738472883,0.961790815811298,0.9671865014089682,0.9577669088644853,0.9532376209511059,0.9602393909117863
4,6,1.9693283037705855,0.28627309815214785,4167,2.2202649116516113,0.21608643457382953,833,2.2184603636777855,0.2197,0.9804460877884569,0.08342271414853517,,,0.96,,0.9600270667260814,0.0399729332739186,0.9850381004550512,0.14706226130602776,10,0.025,0.15,0.9599003346371097,0.9565992654479564,0.9547000506447689,0.9587698665950203,0.9603546695522643,0.9623876738472883,1.0,0.9626745893368047,0.9601440442107293,0.9563896092407147,0.9485803125259993,0.9542990400181883
4,7,1.9897200815605394,0.2758339332853372,4167,2.2185754435403005,0.23529411764705882,833,2.2184602942647813,0.2197,0.982536225630234,0.08352429810887907,,,0.96,,0.9600270667260814,0.0399729332739186,0.9850263417351317,0.14706226130602776,10,0.025,0.15,0.9610414135695395,0.9662897521450781,0.9554481915995692,0.961816628705978,0.9641205257242019,0.961790815811298,0.9626745893368047,1.0,0.9593694524211626,0.9597176154639095,0.9474092918500485,0.9596872332147173
4,8,1.9674793026664041,0.2828372539606337,4166,2.218789373125349,0.226890756302521,833,2.2184575418882733,0.2195,0.9837382487910694,0.08369968436181167,,,0.96,,0.9600270667260814,0.0399729332739186,0.9850441918656434,0.14706226130602776,10,0.025,0.15,0.9632766393718839,0.9643369250483437,0.9587060841204161,0.9618466505577894,0.9635769449916423,0.9671865014089682,0.9601440442107293,0.9593694524211626,1.0,0.9643010781483129,0.9505955989400344,0.9600900876398902
4,9,1.982582278323896,0.2831253000480077,4166,2.2153159890856062,0.23169267707082833,833,2.2184651199775405,0.2201,0.980556218495649,0.0833076647084101,,,0.96,,0.9600270667260814,0.0399729332739186,0.9850259258211452,0.14706226130602776,10,0.025,0.15,0.9592938941867662,0.9586022642638229,0.9539030229336626,0.9610180371774334,0.9576358897686202,0.9577669088644853,0.9563896092407147,0.9597176154639095,0.9643010781483129,1.0,0.9499183384322557,0.9576592720744104
4,10,1.9727910576444683,0.285885741718675,4166,2.222518273762294,0.1992797118847539,833,2.218460258049301,0.2198,0.9729178116855192,0.0829859522475803,,,0.96,,0.9600270667260814,0.0399729332739186,0.9850007715711837,0.14706226130602776,10,0.025,0.15,0.9531175424646766,0.9434888565542394,0.9555200104280047,0.9430863947134699,0.9521308066358335,0.9532376209511059,0.9485803125259993,0.9474092918500485,0.9505955989400344,0.9499183384322557,1.0,0.949421649759471
4,11,1.994874642834519,0.2740998559769563,4166,2.2162466049194336,0.22208883553421369,833,2.218463067766986,0.2201,0.9793431382627542,0.08321423032086724,,,0.96,,0.9600270667260814,0.0399729332739186,0.9850017044416155,0.14706226130602776,10,0.025,0.15,0.9541588295070753,0.959135261236057,0.9529081008363917,0.9603926503574689,0.9539954636430731,0.9602393909117863,0.9542990400181883,0.9596872332147173,0.9600900876398902,0.9576592720744104,0.949421649759471,1.0
5,0,1.9233139970085837,0.3071994240460763,4167,2.1851914950779507,0.2517985611510791,834,2.1857087581972534,0.253,0.9779461594898502,0.08334132281918101,,,0.96,,0.9600270667260814,0.0399729332739186,0.9891604858967631,0.146688073264985,10,0.025,0.15,1.0,0.9588883270176197,0.951606320482255,0.9506164571279703,0.95251121640832,0.9555181225760175,0.9550151623505134,0.953920369162063,0.9563204575699986,0.9502107832424057,0.9446234466208839,0.9469656154642673
5,1,1.9299690607822302,0.3041276697864171,4167,2.1847561427525113,0.26498800959232616,834,2.1857059032102173,0.2523,0.9793980112427964,0.08349779570854693,,,0.96,,0.9600270667260814,0.0399729332739186,0.9891604858967631,0.146688073264985,10,0.025,0.15,0.9588883270176197,1.0,0.9505885197573261,0.9569695955144842,0.9577344160587737,0.9560201238860891,0.9525417367763535,0.959350919208383,0.9576761601127902,0.9509660158057995,0.9371980455102551,0.9551809770342649
5,2,1.914972432454427,0.3070314374850012,4167,2.186502150126866,0.2278177458033573,834,2.185793849486339,0.253,0.9755643460367039,0.08296724780555835,,,0.96,,0.9600270667260814,0.0399729332739186,0.9891604858967631,0.146688073264985,10,0.025,0.15,0.951606320482255,0.9505885197573261,1.0,0.9464589883136351,0.9468946311411436,0.9518613385611642,0.9502001358338176,0.9507806525892041,0.9528710689616607,0.9485250828379073,0.9515472287513516,0.9472717106448718
5,3,1.9392263712305011,0.2918406527477802,4167,2.196209021977016,0.24820143884892087,834,2.18575252460528,0.253,0.9786008040384642,0.08321113390251342,,,0.96,,0.9600270667260814,0.0399729332739186,0.9891604858967631,0.146688073264985,10,0.025,0.15,0.9506164571279703,0.9569695955144842,0.9464589883136351,1.0,0.9545555362526456,0.9545915813173916,0.9565253609054978,0.9564086530044017,0.9549116976649761,0.9570892704174109,0.9377160565138395,0.9581435624087346
5,4,1.9328606905359211,0.304655627549796,4167,2.1852601936885288,0.25690276110444177,833,2.1857066305377817,0.2522,0.9787826290787573,0.08343951635932656,,,0.96,,0.9600270667260814,0.0399729332739186,0.9891604858967631,0.146688073264985,10,0.025,0.15,0.95251121640832,0.9577344160587737,0.9468946311411436,0.9545555362526456,1.0,0.9570397364740316,0.9556690261077897,0.9577757477024312,0.9570977004494575,0.9492228959150186,0.9474194388994328,0.9500124423811989
5,5,1.9308784864165567,0.297672186225102,4167,2.185391971043178,0.24969987995198079,833,2.185702345039271,0.2523,0.9808883325219017,0.08356668301615537,,,0.96,,0.9600270667260814,0.0399729332739186,0.9891604858967631,0.146688073264985,10,0.025,0.15,0.9555181225760175,0.9560201238860891,0.9518613385611642,0.9545915813173916,0.9570397364740316,1.0,0.9583208248551001,0.9555887727376169,0.961658906101215,0.9535915241431022,0.9486064724273938,0.9578281623867442
5,6,1.9220324064746048,0.3071994240460763,4167,2.1870953355516707,0.25930372148859543,833,2.1857058911383906,0.2522,0.9787768515425268,0.08341649024774916,,,0.96,,0.9600270667260814,0.0399729332739186,0.9891604858967631,0.146688073264985,10,0.025,0.15,0.9550151623505134,0.9525417367763535,0.9502001358338176,0.9565253609054978,0.9556690261077897,0.9583208248551001,1.0,0.9576325264356939,0.954210122087806,0.9520074706870311,0.9418127782442269,0.9519748853903093
5,7,1.9437159982594576,0.2947924166066715,4167,2.1857963630131314,0.26290516206482595,833,2.185705803617646,0.2522,0.9797134125657088,0.08350976024517448,,,0.96,,0.9600270667260814,0.0399729332739186,0.9891604858967631,0.146688073264985,10,0.025,0.15,0.953920369162063,0.959350919208383,0.9507806525892041,0.9564086530044017,0.9577757477024312,0.9555887727376169,0.9576325264356939,1.0,0.9525320522448641,0.9545394982390524,0.9421302158816616,0.9561968962187745
5,8,1.9214295318632415,0.299807969275084,4166,2.185871430805751,0.25210084033613445,833,2.1857001389129254,0.2523,0.9802362829283124,0.08363519396145297,,,0.96,,0.9600270667260814,0.0399729332739186,0.9891604858967631,0.146688073264985,10,0.025,0.15,0.9563204575699986,0.9576761601127902,0.9528710689616607,0.9549116976649761,0.9570977004494575,0.961658906101215,0.954210122087806,0.9525320522448641,1.0,0.9578411448983046,0.9438650362330535,0.9539125691740953
5,9,1.93743864550735,0.29786365818530963,4166,2.18198789869036,0.2581032412965186,833,2.185714160339742,0.253,0.9775524350622842,0.08330553035206135,,,0.96,,0.9600270667260814,0.0399729332739186,0.9891604858967631,0.146688073264985,10,0.025,0.15,0.9502107832424057,0.9509660158057995,0.9485250828379073,0.9570892704174109,0.9492228959150186,0.9535915241431022,0.9520074706870311,0.9545394982390524,0.9578411448983046,1.0,0.9452776256729558,0.952361161285222
5,10,1.9305034456831036,0.3050168026884301,4166,2.1914312158312117,0.23769507803121248,833,2.185707146608377,0.2523,0.9699542340144939,0.08285943554357439,,,0.96,,0.9600270667260814,0.0399729332739186,0.9891604858967631,0.146688073264985,10,0.025,0.15,0.9446234466208839,0.9371980455102551,0.9515472287513516,0.9377160565138395,0.9474194388994328,0.9486064724273938,0.9418127782442269,0.9421302158816616,0.9438650362330535,0.9452776256729558,1.0,0.9425790580409145
5,11,1.9493278543154398,0.2917186749879981,4166,2.1830410276140486,0.2605042016806723,833,2.1857121081291875,0.253,0.977617581665308,0.0832498900387059,,,0.96,,0.9600270667260814,0.0399729332739186,0.9891604858967631,0.146688073264985,10,0.025,0.15,0.9469656154642673,0.9551809770342649,0.9472717106448718,0.9581435624087346,0.9500124423811989,0.9578281623867442,0.9519748853903093,0.9561968962187745,0.9539125691740953,0.952361161285222,0.9425790580409145,1.0
6,0,1.8805864185997934,0.32279817614590833,4167,2.1483826637268066,0.27577937649880097,834,2.14908932130548,0.281,0.9757055175811169,0.08334754697934879,,,0.96,,0.9600270667260814,0.0399729332739186,0.9918850222756289,0.14631326438768416,10,0.025,0.15,1.0,0.951620063120108,0.9485223423269429,0.9468457772724092,0.9498411443031459,0.9521721614855325,0.9489525769249113,0.9491503589747237,0.9516171931977253,0.9436190978326198,0.9385041420857373,0.9398047148791686
6,1,1.8899578907273031,0.32116630669546437,4167,2.147984266281128,0.3057553956834532,834,2.149081269397011,0.281,0.9767705662829684,0.08347905738284814,,,0.96,,0.9600270667260814,0.0399729332739186,0.9918850222756289,0.14631326438768416,10,0.025,0.15,0.951620063120108,1.0,0.9457348726684659,0.9525511788989262,0.9524082072467884,0.948594897848884,0.9463915580072143,0.9545226634898295,0.9530028913037033,0.9455480062801183,0.9336148124208998,0.9490071926091886
6,2,1.8744239698756824,0.3228701703863691,4167,2.149016414369856,0.27218225419664266,834,2.1492062278940707,0.2811,0.9733359276938983,0.08303890019496181,,,0.96,,0.9600270667260814,0.0399729332739186,0.9918850222756289,0.14631326438768416,10,0.025,0.15,0.9485223423269429,0.9457348726684659,1.0,0.9424946929287271,0.9412425187976349,0.9473725852968101,0.9434617235935572,0.9440653113177812,0.9475024851936004,0.9429935175780447,0.9468257362392152,0.9430396497711567
6,3,1.8999744736787045,0.306983441324694,4167,2.1629166262490407,0.27218225419664266,834,2.1491456756108924,0.2808,0.9771850810692712,0.08331517361054966,,,0.96,,0.9600270667260814,0.0399729332739186,0.9918850222756289,0.14631326438768416,10,0.025,0.15,0.9468457772724092,0.9525511788989262,0.9424946929287271,1.0,0.9500195534454124,0.9506743565384375,0.9508577726808685,0.9518038206678232,0.9511109444747685,0.9521388303985033,0.9355684060056424,0.9539560347968021
6,4,1.8946510538910375,0.31905447564194866,4167,2.148883104324341,0.2737094837935174,833,2.1490828236447106,0.281,0.9767504249143004,0.08344233870041094,,,0.96,,0.9600270667260814,0.0399729332739186,0.9918850222756289,0.14631326438768416,10,0.025,0.15,0.9498411443031459,0.9524082072467884,0.9412425187976349,0.9500195534454124,1.0,0.9516171406733911,0.9498390180608357,0.9526232388753484,0.9521596938330604,0.9455978447842188,0.9431074066004049,0.9443593397688593
6,5,1.8912427082206265,0.31185505159587235,4167,2.1492163794381276,0.2785114045618247,833,2.1490762776966337,0.281,0.9783065547075613,0.08357170817512445,,,0.96,,0.9600270667260814,0.0399729332739186,0.9918850222756289,0.14631326438768416,10,0.025,0.15,0.9521721614855325,0.948594897848884,0.9473725852968101,0.9506743565384375,0.9516171406733911,1.0,0.9526409287947487,0.9491480014296638,0.957222219224964,0.9465140637183241,0.9432093084400589,0.9518200769045744
6,6,1.8870668357068843,0.31903047756179503,4167,2.149653673171997,0.2797118847539016,833,2.1490819122217877,0.281,0.974984084750095,0.083370564310274,,,0.96,,0.9600270667260814,0.0399729332739186,0.9918850222756289,0.14631326438768416,10,0.025,0.15,0.9489525769249113,0.9463915580072143,0.9434617235935572,0.9508577726808685,0.9498390180608357,0.9526409287947487,1.0,0.9495611710018101,0.9462713700096466,0.9421878897461308,0.936316933303149,0.9456822435179988
6,7,1.904186854579232,0.3081833453323734,4167,2.149029118674142,0.2917166866746699,833,2.1490817462341694,0.281,0.9771223249884307,0.08349791698051104,,,0.96,,0.9600270667260814,0.0399729332739186,0.9918850222756289,0.14631326438768416,10,0.025,0.15,0.9491503589747237,0.9545226634898295,0.9440653113177812,0.9518038206678232,0.9526232388753484,0.9491480014296638,0.9495611710018101,1.0,0.9463944784123675,0.9490933408986886,0.9386321312583158,0.9521563029269077
6,8,1.8807972940531643,0.31394623139702355,4166,2.1490305491856168,0.2773109243697479,833,2.149071952964686,0.2809,0.9778894441441083,0.08360051768296166,,,0.96,,0.9600270667260814,0.0399729332739186,0.9918850222756289,0.14631326438768416,10,0.025,0.15,0.9516171931977253,0.9530028913037033,0.9475024851936004,0.9511109444747685,0.9521596938330604,0.957222219224964,0.9462713700096466,0.9463944784123675,1.0,0.9533538538485057,0.939509964380382,0.9479045273053713
6,9,1.8973467592037085,0.31080172827652425,4166,2.1447416033063615,0.27130852340936373,833,2.1490955926194975,0.281,0.9743796754134475,0.08328221899581516,,,0.96,,0.9600270667260814,0.0399729332739186,0.9918850222756289,0.14631326438768416,10,0.025,0.15,0.9436190978326198,0.9455480062801183,0.9429935175780447,0.9521388303985033,0.9455978447842188,0.9465140637183241,0.9421878897461308,0.9490933408986886,0.9533538538485057,1.0,0.9394875538808137,0.9446483690923868
6,10,1.8874291506680576,0.3225636101776284,4166,2.1564292907714844,0.2689075630252101,833,2.149085708811313,0.2808,0.9679780091580878,0.0827976906428555,,,0.96,,0.9600270667260814,0.0399729332739186,0.9918850222756289,0.14631326438768416,10,0.025,0.15,0.9385041420857373,0.9336148124208998,0.9468257362392152,0.9355684060056424,0.9431074066004049,0.9432093084400589,0.936316933303149,0.9386321312583158,0.939509964380382,0.9394875538808137,1.0,0.935895990996198
