round,client_id,client_i_training_loss,client_i_training_accuracy,client_i_training_dataset_size,client_i_evaluation_loss,client_i_evaluation_accuracy,client_i_evaluation_dataset_size,client_i_central_evaluation_loss,client_i_central_evaluation_accuracy,client_i_cosine_similarity,client_i_importance_coefficient,client_i_tanh_val,tanh_normalization_value,client_i_q,client_i_mask_order,client_i_v_nonzero_fraction,client_i_v_sparsity,client_i_v_cosine_similarity,client_i_reward_gradient_norm,local_epochs,learning_rate,gamma,client_0_cosine_similarity,client_1_cosine_similarity,client_2_cosine_similarity,client_3_cosine_similarity,client_4_cosine_similarity,client_5_cosine_similarity,client_6_cosine_similarity,client_7_cosine_similarity,client_8_cosine_similarity,client_9_cosine_similarity,client_10_cosine_similarity,client_11_cosine_similarity
0,0,2.1426712484116766,0.4532,5000,2.2529741128285727,0.3369304556354916,834,2.252521982589088,0.3263,0.9957947175233421,0.08323223862825482,,,0.99,,0.9900107286803723,0.00998927131962768,0,0.09970042404174505,5,0.001,0.1,1.0,0.9922273878777111,0.9912009743556027,0.9925204624360472,0.9942911413773265,0.9939145470800181,0.9898432129767977,0.9917761202640003,0.9913708128013935,0.992257700325935,0.9933536394706738,0.9909824253777774
0,1,2.1423970565674413,0.46428,5000,2.250533828028926,0.3273381294964029,834,2.252521982589088,0.3263,0.9971974588205266,0.08334948498066704,,,0.99,,0.9900107286803723,0.00998927131962768,0,0.09970042404174505,5,0.001,0.1,0.9922273878777111,1.0,0.9915854529521491,0.9926274286714399,0.9952661703915169,0.9953379097897085,0.990243347053146,0.9957075614207236,0.9945419111592708,0.9946945757763709,0.9950596364665357,0.9932295093584071
0,2,2.144382708239707,0.43712,5000,2.2528915758486145,0.3405275779376499,834,2.252521982589088,0.3263,0.9968778240793695,0.08332276871617827,,,0.99,,0.9900107286803723,0.00998927131962768,0,0.09970042404174505,5,0.001,0.1,0.9912009743556027,0.9915854529521491,1.0,0.9945815993865265,0.9934074845621237,0.9911216173289592,0.9944336436724148,0.9927589358682877,0.9955672521079153,0.9960712366208153,0.9935101416317058,0.992458427521993
0,3,2.134848485327071,0.42804,5000,2.255323374712909,0.3105515587529976,834,2.252521982589088,0.3263,0.9971866312654484,0.083348579973207,,,0.99,,0.9900107286803723,0.00998927131962768,0,0.09970042404174505,5,0.001,0.1,0.9925204624360472,0.9926274286714399,0.9945815993865265,1.0,0.9945592651695925,0.9952591621293769,0.992268064784924,0.9929709412505044,0.9955319869201047,0.9941449250969092,0.9925933933848582,0.9933341214985352
0,4,2.143500772403304,0.4646,5000,2.2512058946821423,0.32653061224489793,833,2.252521982589088,0.3263,0.9979222683675529,0.08341006726747428,,,0.99,,0.9900107286803723,0.00998927131962768,0,0.09970042404174505,5,0.001,0.1,0.9942911413773265,0.9952661703915169,0.9934074845621237,0.9945592651695925,1.0,0.9958033939584483,0.9920302298216022,0.9965388523426492,0.9948574543454303,0.9942230323039835,0.9958300891379273,0.9923854366240438
0,5,2.132648136357593,0.46716,5000,2.255272529743336,0.3169267707082833,833,2.252521982589088,0.3263,0.9972272638054387,0.08335197619253315,,,0.99,,0.9900107286803723,0.00998927131962768,0,0.09970042404174505,5,0.001,0.1,0.9939145470800181,0.9953379097897085,0.9911216173289592,0.9952591621293769,0.9958033939584483,1.0,0.9907239270551594,0.9953738823239281,0.9932633366783921,0.9936078784762065,0.993719196064781,0.9927526289982183
0,6,2.142116332509715,0.45144,5000,2.2518064357616283,0.3013205282112845,833,2.252521982589088,0.3263,0.9955342545987724,0.08321046816501565,,,0.99,,0.9900107286803723,0.00998927131962768,0,0.09970042404174505,5,0.001,0.1,0.9898432129767977,0.990243347053146,0.9944336436724148,0.992268064784924,0.9920302298216022,0.9907239270551594,1.0,0.993183466161841,0.9924246796803841,0.9935495407985281,0.989653668479,0.9922684522035863
0,7,2.13906272505499,0.49148,5000,2.252105951309204,0.3169267707082833,833,2.252521982589088,0.3263,0.997585241918673,0.08338189733915113,,,0.99,,0.9900107286803723,0.00998927131962768,0,0.09970042404174505,5,0.001,0.1,0.9917761202640003,0.9957075614207236,0.9927589358682877,0.9929709412505044,0.9965388523426492,0.9953738823239281,0.993183466161841,1.0,0.9945218443266742,0.9949010715781249,0.9951208937130813,0.9923067788651901
0,8,2.141538166999817,0.43548,5000,2.2516041331821017,0.3469387755102041,833,2.252521982589088,0.3263,0.9976380024842081,0.08338630726411206,,,0.99,,0.9900107286803723,0.00998927131962768,0,0.09970042404174505,5,0.001,0.1,0.9913708128013935,0.9945419111592708,0.9955672521079153,0.9955319869201047,0.9948574543454303,0.9932633366783921,0.9924246796803841,0.9945218443266742,1.0,0.9961078103528996,0.9944692028260249,0.9931352872008252
0,9,2.140716767614814,0.47284,5000,2.2511664673134133,0.34933973589435774,833,2.252521982589088,0.3263,0.9977143235327732,0.0833926864621684,,,0.99,,0.9900107286803723,0.00998927131962768,0,0.09970042404174505,5,0.001,0.1,0.992257700325935,0.9946945757763709,0.9960712366208153,0.9941449250969092,0.9942230323039835,0.9936078784762065,0.9935495407985281,0.9949010715781249,0.9961078103528996,1.0,0.9942639862354219,0.9928829299373287
0,10,2.143013436627236,0.46268,5000,2.2539824821330883,0.29531812725090034,833,2.252521982589088,0.3263,0.9971810508297796,0.08334811353956854,,,0.99,,0.9900107286803723,0.00998927131962768,0,0.09970042404174505,5,0.001,0.1,0.9933536394706738,0.9950596364665357,0.9935101416317058,0.9925933933848582,0.9958300891379273,0.993719196064781,0.989653668479,0.9951208937130813,0.9944692028260249,0.9942639862354219,1.0,0.9927507374978982
0,11,2.1411742810231105,0.37996,5000,2.249902742880362,0.3469387755102041,833,2.252521982589088,0.3263,0.9961915991017066,0.08326541147166953,,,0.99,,0.9900107286803723,0.00998927131962768,0,0.09970042404174505,5,0.001,0.1,0.9909824253777774,0.9932295093584071,0.992458427521993,0.9933341214985352,0.9923854366240438,0.9927526289982183,0.9922684522035863,0.9923067788651901,0.9931352872008252,0.9928829299373287,0.9927507374978982,1.0
1,0,1.9434895854087393,0.54492,5000,2.186838467915853,0.5407673860911271,834,2.1864239621086243,0.5418,0.9981367927178348,0.08325831312020908,,,0.99,,0.9900107286803723,0.00998927131962768,0.9724980023829038,0.09985404148496362,5,0.001,0.1,1.0,0.9969438742131101,0.9957689615909728,0.9966617697116664,0.9970649882170108,0.9969963213721883,0.9961362950606397,0.9961270515358256,0.9959059878084062,0.9965184754906111,0.9967481821303608,0.9952895970205758
1,1,1.9414494793885833,0.55596,5000,2.1854354363900645,0.5191846522781774,834,2.1864239621086243,0.5418,0.9988217308293122,0.08335232168447768,,,0.99,,0.9900107286803723,0.00998927131962768,0.9724980023829038,0.09985404148496362,5,0.001,0.1,0.9969438742131101,1.0,0.996277103020067,0.9965551703570246,0.9974131027972598,0.9975740251243623,0.9967775383564467,0.9976774046711098,0.996913071148283,0.9977793538372272,0.9975728252963791,0.9968802837593372
1,2,1.9445559999745363,0.54732,5000,2.1836994842246726,0.5731414868105515,834,2.1864239621086243,0.5418,0.9983828057563368,0.08332177106405816,,,0.99,,0.9900107286803723,0.00998927131962768,0.9724980023829038,0.09985404148496362,5,0.001,0.1,0.9957689615909728,0.996277103020067,1.0,0.9968417245376076,0.9965344553675481,0.9953578820980893,0.9971942497583466,0.9964878871607473,0.9974132952539542,0.9974062388443479,0.9974667259361091,0.996357685394875
1,3,1.933426467476377,0.54168,5000,2.189291380069874,0.5083932853717026,834,2.1864239621086243,0.5418,0.9985049894026123,0.08334154344694206,,,0.99,,0.9900107286803723,0.00998927131962768,0.9724980023829038,0.09985404148496362,5,0.001,0.1,0.9966617697116664,0.9965551703570246,0.9968417245376076,1.0,0.9964938220424022,0.9974640568165963,0.9968812847945318,0.9965700252515194,0.9970620645832602,0.9971325485700301,0.9962319889013997,0.99667582153764
1,4,1.9431864079396437,0.54768,5000,2.184286188196253,0.5558223289315727,833,2.1864239621086243,0.5418,0.9986795304168268,0.08338488405254317,,,0.99,,0.9900107286803723,0.00998927131962768,0.9724980023829038,0.09985404148496362,5,0.001,0.1,0.9970649882170108,0.9974131027972598,0.9965344553675481,0.9964938220424022,1.0,0.996964387459674,0.9969023318632325,0.9975456435337899,0.996765024067214,0.9970169697720016,0.9976797175591439,0.9962782307855484
1,5,1.924570088781369,0.55896,5000,2.1885582164481834,0.5378151260504201,833,2.1864239621086243,0.5418,0.998434064360619,0.0833413369794792,,,0.99,,0.9900107286803723,0.00998927131962768,0.9724980023829038,0.09985404148496362,5,0.001,0.1,0.9969963213721883,0.9975740251243623,0.9953578820980893,0.9974640568165963,0.996964387459674,1.0,0.9962730229372195,0.9971204787106093,0.9959418325905923,0.9970436839966117,0.9963821283818394,0.9966015532147414
1,6,1.9430871263431135,0.57216,5000,2.1848867999182806,0.553421368547419,833,2.1864239621086243,0.5418,0.9985180723803386,0.0832572686868646,,,0.99,,0.9900107286803723,0.00998927131962768,0.9724980023829038,0.09985404148496362,5,0.001,0.1,0.9961362950606397,0.9967775383564467,0.9971942497583466,0.9968812847945318,0.9969023318632325,0.9962730229372195,1.0,0.997513619789079,0.9966257105681428,0.9972078482489971,0.9962114749018008,0.9970080391743642
1,7,1.9329872503402128,0.58404,5000,2.1834160928372985,0.5366146458583433,833,2.1864239621086243,0.5418,0.9986655153082977,0.08336715649549786,,,0.99,,0.9900107286803723,0.00998927131962768,0.9724980023829038,0.09985404148496362,5,0.001,0.1,0.9961270515358256,0.9976774046711098,0.9964878871607473,0.9965700252515194,0.9975456435337899,0.9971204787106093,0.997513619789079,1.0,0.9966459735522475,0.9974089860033263,0.9971707397223619,0.9962232572014532
1,8,1.9415995995709852,0.56056,5000,2.1889922972078675,0.5474189675870348,833,2.1864239621086243,0.5418,0.9985198399908733,0.08336515902028489,,,0.99,,0.9900107286803723,0.00998927131962768,0.9724980023829038,0.09985404148496362,5,0.001,0.1,0.9959059878084062,0.996913071148283,0.9974132952539542,0.9970620645832602,0.996765024067214,0.9959418325905923,0.9966257105681428,0.9966459735522475,1.0,0.9976534690992125,0.9969934246576425,0.9968254119888149
1,9,1.9386309613088133,0.5726,5000,2.1852009649629944,0.5522208883553421,833,2.1864239621086243,0.5418,0.9989081264812891,0.08338160351385455,,,0.99,,0.9900107286803723,0.00998927131962768,0.9724980023829038,0.09985404148496362,5,0.001,0.1,0.9965184754906111,0.9977793538372272,0.9974062388443479,0.9971325485700301,0.9970169697720016,0.9970436839966117,0.9972078482489971,0.9974089860033263,0.9976534690992125,1.0,0.9973126983483294,0.9969179658453267
1,10,1.9423013395564572,0.54904,5000,2.189526769849989,0.524609843937575,833,2.1864239621086243,0.5418,0.9986529286436784,0.08334603233825935,,,0.99,,0.9900107286803723,0.00998927131962768,0.9724980023829038,0.09985404148496362,5,0.001,0.1,0.9967481821303608,0.9975728252963791,0.9974667259361091,0.9962319889013997,0.9976797175591439,0.9963821283818394,0.9962114749018008,0.9971707397223619,0.9969934246576425,0.9973126983483294,1.0,0.9965707006132439
1,11,1.936789284845826,0.52208,5000,2.1817863870550087,0.5522208883553421,833,2.1864239621086243,0.5418,0.998259273904775,0.08328260959752941,,,0.99,,0.9900107286803723,0.00998927131962768,0.9724980023829038,0.09985404148496362,5,0.001,0.1,0.9952895970205758,0.9968802837593372,0.996357685394875,0.99667582153764,0.9962782307855484,0.9966015532147414,0.9970080391743642,0.9962232572014532,0.9968254119888149,0.9969179658453267,0.9965707006132439,1.0
2,0,1.74698638126349,0.57224,5000,2.104389093540333,0.5815347721822542,834,2.1036341571198487,0.5871,0.9985759467270326,0.0832783021314956,,,0.99,,0.9900107286803723,0.00998927131962768,0.9927907828047311,0.09988558314060117,5,0.001,0.1,1.0,0.9974649473397782,0.996872121394351,0.9972120842926387,0.997344432315121,0.9978748956355102,0.9969540499808037,0.9971156959022526,0.9971184853069992,0.9973615492598138,0.9974247582528697,0.9964593918035448
2,1,1.7402991045812133,0.583,5000,2.1036914542869285,0.5779376498800959,834,2.1036341571198487,0.5871,0.999125844509471,0.08335369231420983,,,0.99,,0.9900107286803723,0.00998927131962768,0.9927907828047311,0.09988558314060117,5,0.001,0.1,0.9974649473397782,1.0,0.9975287089031931,0.9974146147689263,0.9981698908631548,0.9980670702330393,0.9976270302291879,0.9981931402062793,0.997610894753314,0.9981863048173384,0.9981040314018703,0.9974236784475636
2,2,1.745624327052171,0.58228,5000,2.0971873424671315,0.6235011990407674,834,2.1036341571198487,0.5871,0.9988295800263514,0.0833253982894328,,,0.99,,0.9900107286803723,0.00998927131962768,0.9927907828047311,0.09988558314060117,5,0.001,0.1,0.996872121394351,0.9975287089031931,1.0,0.9972072753383472,0.9974777966714206,0.9968965879313643,0.997789292271193,0.9975183470001013,0.9977897705462059,0.9978929637963495,0.9980148701820023,0.9972528386582163
2,3,1.7353859973561232,0.58128,5000,2.106662971002084,0.5503597122302158,834,2.1036341571198487,0.5871,0.9986346023756436,0.08333122982798893,,,0.99,,0.9900107286803723,0.00998927131962768,0.9927907828047311,0.09988558314060117,5,0.001,0.1,0.9972120842926387,0.9974146147689263,0.9972072753383472,1.0,0.9970459065011944,0.998064394499408,0.9971868057636479,0.9970048927754573,0.9972090184835769,0.9974885838657552,0.9968982979165197,0.9971717022826043
2,4,1.7454181326422722,0.57772,5000,2.100157455161766,0.6002400960384153,833,2.1036341571198487,0.5871,0.9989774478316968,0.08336886962745917,,,0.99,,0.9900107286803723,0.00998927131962768,0.9927907828047311,0.09988558314060117,5,0.001,0.1,0.997344432315121,0.9981698908631548,0.9974777966714206,0.9970459065011944,1.0,0.9977174748679978,0.9976182788575487,0.9982151148855356,0.9975512363026076,0.9977332608694922,0.9980382209212949,0.9970992961664913
2,5,1.7228603517173962,0.58632,5000,2.1050857173071966,0.5774309723889556,833,2.1036341571198487,0.5871,0.9989404467562787,0.08334097354692449,,,0.99,,0.9900107286803723,0.00998927131962768,0.9927907828047311,0.09988558314060117,5,0.001,0.1,0.9978748956355102,0.9980670702330393,0.9968965879313643,0.998064394499408,0.9977174748679978,1.0,0.9973665484358574,0.9979561063384532,0.9970020755146776,0.9978043771266103,0.9973408371092698,0.9974789301898793
2,6,1.742980062430072,0.60168,5000,2.1013771604608604,0.5942376950780313,833,2.1036341571198487,0.5871,0.9988215549429141,0.08328558806773433,,,0.99,,0.9900107286803723,0.00998927131962768,0.9927907828047311,0.09988558314060117,5,0.001,0.1,0.9969540499808037,0.9976270302291879,0.997789292271193,0.9971868057636479,0.9976182788575487,0.9973665484358574,1.0,0.997828833589974,0.9972052722144548,0.997496409504919,0.997289519762848,0.9977847345126759
2,7,1.7310347215385193,0.60584,5000,2.0971923448421337,0.5882352941176471,833,2.1036341571198487,0.5871,0.9989923378294401,0.083358480071263,,,0.99,,0.9900107286803723,0.00998927131962768,0.9927907828047311,0.09988558314060117,5,0.001,0.1,0.9971156959022526,0.9981931402062793,0.9975183470001013,0.9970048927754573,0.9982151148855356,0.9979561063384532,0.997828833589974,1.0,0.9975154557391527,0.997628991200745,0.9979384756056865,0.9972748755211619
2,8,1.7415552667751433,0.59412,5000,2.110247753284596,0.5870348139255702,833,2.1036341571198487,0.5871,0.9987550332367394,0.08334959689080797,,,0.99,,0.9900107286803723,0.00998927131962768,0.9927907828047311,0.09988558314060117,5,0.001,0.1,0.9971184853069992,0.997610894753314,0.9977897705462059,0.9972090184835769,0.9975512363026076,0.9970020755146776,0.9972052722144548,0.9975154557391527,1.0,0.9976462529710046,0.997591398965913,0.9971057557956667
2,9,1.7365699812105506,0.60008,5000,2.102659790604203,0.5978391356542617,833,2.1036341571198487,0.5871,0.9990349451484407,0.08336871365778455,,,0.99,,0.9900107286803723,0.00998927131962768,0.9927907828047311,0.09988558314060117,5,0.001,0.1,0.9973615492598138,0.9981863048173384,0.9978929637963495,0.9974885838657552,0.9977332608694922,0.9978043771266103,0.997496409504919,0.997628991200745,0.9976462529710046,1.0,0.9978995802968718,0.9975623139974984
2,10,1.7433227036409318,0.57804,5000,2.108449414924339,0.5678271308523409,833,2.1036341571198487,0.5871,0.9989546898888414,0.08334431228216917,,,0.99,,0.9900107286803723,0.00998927131962768,0.9927907828047311,0.09988558314060117,5,0.001,0.1,0.9974247582528697,0.9981040314018703,0.9980148701820023,0.9968982979165197,0.9980382209212949,0.9973408371092698,0.997289519762848,0.9979384756056865,0.997591398965913,0.9978995802968718,1.0,0.9971990244293835
2,11,1.7347860612687032,0.57532,5000,2.0968525851214372,0.5990396158463386,833,2.1036341571198487,0.5871,0.9986268625343565,0.08329484329273007,,,0.99,,0.9900107286803723,0.00998927131962768,0.9927907828047311,0.09988558314060117,5,0.001,0.1,0.9964593918035448,0.9974236784475636,0.9972528386582163,0.9971717022826043,0.9970992961664913,0.9974789301898793,0.9977847345126759,0.9972748755211619,0.9971057557956667,0.9975623139974984,0.9971990244293835,1.0
3,0,1.5785479670117615,0.58612,5000,2.004948373194094,0.6031175059952039,834,2.0038275981482605,0.6053,0.9986512696196967,0.08329267945528093,,,0.99,,0.9900107286803723,0.00998927131962768,0.9968824697932182,0.09988654222967963,5,0.001,0.1,1.0,0.9976229967048105,0.9970680162661769,0.9971111157215086,0.9969854999662618,0.9977964900978813,0.9971825870534723,0.9974996847310414,0.9973805710143399,0.9974873347913416,0.9973022767751598,0.9967834404321354
3,1,1.5691275682418968,0.59728,5000,2.0047857099109225,0.5959232613908872,834,2.0038275981482605,0.6053,0.999176888255011,0.0833558695345515,,,0.99,,0.9900107286803723,0.00998927131962768,0.9968824697932182,0.09988654222967963,5,0.001,0.1,0.9976229967048105,1.0,0.9977677692809115,0.9974607572616023,0.9980207821368897,0.9980631255244422,0.9978338482272749,0.9981520017572099,0.9977842198145693,0.9981831620709325,0.9980379401335663,0.9975912156352349
3,2,1.57572622937002,0.60112,5000,1.9929977522956,0.6378896882494005,834,2.0038275981482605,0.6053,0.9988774109004913,0.08332885561108815,,,0.99,,0.9900107286803723,0.00998927131962768,0.9968824697932182,0.09988654222967963,5,0.001,0.1,0.9970680162661769,0.9977677692809115,1.0,0.9972934313379542,0.9973416028701724,0.9970605744729906,0.9978936661262322,0.9976264719290314,0.9978032393894336,0.9977022384277594,0.9981368331449967,0.9972353086479895
3,3,1.5661730678977481,0.5988,5000,2.00729978967596,0.5707434052757794,834,2.0038275981482605,0.6053,0.9986143183575185,0.08332394076504292,,,0.99,,0.9900107286803723,0.00998927131962768,0.9968824697932182,0.09988654222967963,5,0.001,0.1,0.9971111157215086,0.9974607572616023,0.9972934313379542,1.0,0.996978649502831,0.9979807494198504,0.997131347729442,0.9970994369363384,0.9971246678649438,0.9975967298309198,0.9969370162355145,0.9970616840689317
3,4,1.5770688277141305,0.589,5000,1.9985815595697474,0.602641056422569,833,2.0038275981482605,0.6053,0.9988075156335905,0.08335325536479889,,,0.99,,0.9900107286803723,0.00998927131962768,0.9968824697932182,0.09988654222967963,5,0.001,0.1,0.9969854999662618,0.9980207821368897,0.9973416028701724,0.996978649502831,1.0,0.9974574106903986,0.9975712005750489,0.9978168838404289,0.9972278215376822,0.9976807304653965,0.9978546296990417,0.9971544809676678
3,5,1.553251780294309,0.60268,5000,2.0043518719849764,0.5966386554621849,833,2.0038275981482605,0.6053,0.9989431548103681,0.08334052763431593,,,0.99,,0.9900107286803723,0.00998927131962768,0.9968824697932182,0.09988654222967963,5,0.001,0.1,0.9977964900978813,0.9980631255244422,0.9970605744729906,0.9979807494198504,0.9974574106903986,1.0,0.9974293506230323,0.9977882211787368,0.9970099538525771,0.9979770626255642,0.9974449623283524,0.9977091439725632
3,6,1.5728105381036261,0.61352,5000,2.0005792158621327,0.6158463385354142,833,2.0038275981482605,0.6053,0.9988650849193675,0.08330404728961747,,,0.99,,0.9900107286803723,0.00998927131962768,0.9968824697932182,0.09988654222967963,5,0.001,0.1,0.9971825870534723,0.9978338482272749,0.9978936661262322,0.997131347729442,0.9975712005750489,0.9974293506230323,1.0,0.997717296658872,0.9971777721671836,0.9975410216062588,0.9976149628574643,0.9976897262750976
3,7,1.5598303135792921,0.61556,5000,1.9930638472239177,0.6134453781512605,833,2.0038275981482605,0.6053,0.9989747550347287,0.08335228196416308,,,0.99,,0.9900107286803723,0.00998927131962768,0.9968824697932182,0.09988654222967963,5,0.001,0.1,0.9974996847310414,0.9981520017572099,0.9976264719290314,0.9970994369363384,0.9978168838404289,0.9977882211787368,0.997717296658872,1.0,0.9974782257975715,0.997647200391261,0.9979701540747217,0.9972993912950767
3,8,1.5706346123841157,0.60736,5000,2.0153552956051297,0.6086434573829532,833,2.0038275981482605,0.6053,0.9987326519164209,0.08333902183231354,,,0.99,,0.9900107286803723,0.00998927131962768,0.9968824697932182,0.09988654222967963,5,0.001,0.1,0.9973805710143399,0.9977842198145693,0.9978032393894336,0.9971246678649438,0.9972278215376822,0.9970099538525771,0.9971777721671836,0.9974782257975715,1.0,0.9976391494233793,0.9975622790507239,0.9970053600733277
3,9,1.566431603689862,0.61664,5000,2.0032474111627647,0.6122448979591837,833,2.0038275981482605,0.6053,0.9990581703192435,0.08336124891629121,,,0.99,,0.9900107286803723,0.00998927131962768,0.9968824697932182,0.09988654222967963,5,0.001,0.1,0.9974873347913416,0.9981831620709325,0.9977022384277594,0.9975967298309198,0.9976807304653965,0.9979770626255642,0.9975410216062588,0.997647200391261,0.9976391494233793,1.0,0.9979183680968031,0.9977216438585162
3,10,1.5742706630639969,0.59564,5000,2.010164569925379,0.595438175270108,833,2.0038275981482605,0.6053,0.9989889979212385,0.08334405431487257,,,0.99,,0.9900107286803723,0.00998927131962768,0.9968824697932182,0.09988654222967963,5,0.001,0.1,0.9973022767751598,0.9980379401335663,0.9981368331449967,0.9969370162355145,0.9978546296990417,0.9974449623283524,0.9976149628574643,0.9979701540747217,0.9975622790507239,0.9979183680968031,1.0,0.9974864653613623
3,11,1.5623219465753835,0.59896,5000,1.9947831233342488,0.6110444177671068,833,2.0038275981482605,0.6053,0.9986945041989063,0.08330421731766381,,,0.99,,0.9900107286803723,0.00998927131962768,0.9968824697932182,0.09988654222967963,5,0.001,0.1,0.9967834404321354,0.9975912156352349,0.9972353086479895,0.9970616840689317,0.9971544809676678,0.9977091439725632,0.9976897262750976,0.9972993912950767,0.9970053600733277,0.9977216438585162,0.9974864653613623,1.0
4,0,1.4405296428947691,0.60052,5000,1.8900522964972037,0.6258992805755396,834,1.8887780009748074,0.6214,0.9985251168405795,0.08330080472176805,,,0.99,,0.9900107286803723,0.00998927131962768,0.9979973828980214,0.09987606193881497,5,0.001,0.1,1.0,0.9972453445440673,0.9968842831064336,0.9969610306348603,0.9968150058480046,0.9975516984727725,0.9968868590454,0.9971520653042675,0.9972211925851255,0.9971983112435756,0.9971161577677983,0.9964199016963494
4,1,1.4305782687891822,0.61112,5000,1.8904826199566875,0.6115107913669064,834,1.8887780009748074,0.6214,0.999044109976907,0.08335630246537315,,,0.99,,0.9900107286803723,0.00998927131962768,0.9979973828980214,0.09987606193881497,5,0.001,0.1,0.9972453445440673,1.0,0.9976804779222266,0.9973971679462529,0.9977265139084385,0.9977298039692226,0.9975968074365544,0.9977604248435843,0.9975558636935487,0.9978446819389346,0.9978234928549927,0.9973093309132837
4,2,1.4360015486456026,0.61428,5000,1.8729391274628815,0.658273381294964,834,1.8887780009748074,0.6214,0.9987893929566144,0.08333151697515288,,,0.99,,0.9900107286803723,0.00998927131962768,0.9979973828980214,0.09987606193881497,5,0.001,0.1,0.9968842831064336,0.9976804779222266,1.0,0.9970158288434618,0.9971277869575272,0.9969418791993145,0.9976349903284274,0.9975086300676133,0.9974378260237282,0.9973301942252808,0.9978436845371235,0.9972124712420563
4,3,1.429477209877816,0.6126,5000,1.8930261576617207,0.5983213429256595,834,1.8887780009748074,0.6214,0.9985597320366296,0.08332109123143334,,,0.99,,0.9900107286803723,0.00998927131962768,0.9979973828980214,0.09987606193881497,5,0.001,0.1,0.9969610306348603,0.9973971679462529,0.9970158288434618,1.0,0.9967680601220936,0.9979337153376601,0.9968847122848886,0.9969938406540007,0.9967420542096304,0.9972440776388567,0.9969355039532611,0.9969898042076362
4,4,1.4397991575253237,0.6014,5000,1.8811876155711986,0.6074429771908764,833,1.8887780009748074,0.6214,0.998685696506879,0.08334313218876675,,,0.99,,0.9900107286803723,0.00998927131962768,0.9979973828980214,0.09987606193881497,5,0.001,0.1,0.9968150058480046,0.9977265139084385,0.9971277869575272,0.9967680601220936,1.0,0.9972922907757678,0.9972382178458611,0.9975678735463785,0.9968210359298318,0.9973193978996184,0.9976940909686123,0.9970038569177063
4,5,1.4150625274439526,0.61764,5000,1.8882824182510376,0.6194477791116446,833,1.8887780009748074,0.6214,0.9989156107025793,0.08334274772420038,,,0.99,,0.9900107286803723,0.00998927131962768,0.9979973828980214,0.09987606193881497,5,0.001,0.1,0.9975516984727725,0.9977298039692226,0.9969418791993145,0.9979337153376601,0.9972922907757678,1.0,0.9971845979058624,0.9976574834848514,0.9969295555497575,0.9978403311732991,0.9975491737690454,0.9975200233107151
4,6,1.433926350068135,0.62476,5000,1.8846725578661319,0.6218487394957983,833,1.8887780009748074,0.6214,0.9986940294811681,0.08331322685871934,,,0.99,,0.9900107286803723,0.00998927131962768,0.9979973828980214,0.09987606193881497,5,0.001,0.1,0.9968868590454,0.9975968074365544,0.9976349903284274,0.9968847122848886,0.9972382178458611,0.9971845979058624,1.0,0.9973054507293115,0.9966501025414317,0.9971518521995025,0.9974186758257548,0.9975238322408857
4,7,1.4210924823572681,0.62804,5000,1.8730567649558738,0.6326530612244898,833,1.8887780009748074,0.6214,0.9988493384869604,0.08334781660936864,,,0.99,,0.9900107286803723,0.00998927131962768,0.9979973828980214,0.09987606193881497,5,0.001,0.1,0.9971520653042675,0.9977604248435843,0.9975086300676133,0.9969938406540007,0.9975678735463785,0.9976574834848514,0.9973054507293115,1.0,0.997255075700723,0.9972002343519389,0.9977528193338034,0.997181789542359
4,8,1.433167789772058,0.6192,5000,1.906191075289691,0.60984393757503,833,1.8887780009748074,0.6214,0.9985834774689055,0.08333110525231688,,,0.99,,0.9900107286803723,0.00998927131962768,0.9979973828980214,0.09987606193881497,5,0.001,0.1,0.9972211925851255,0.9975558636935487,0.9974378260237282,0.9967420542096304,0.9968210359298318,0.9969295555497575,0.9966501025414317,0.997255075700723,1.0,0.9972917802609607,0.9974824246672271,0.9967627604301986
4,9,1.4261154405630319,0.62648,5000,1.8887582531681768,0.6302521008403361,833,1.8887780009748074,0.6214,0.9988766470769868,0.0833541964663712,,,0.99,,0.9900107286803723,0.00998927131962768,0.9979973828980214,0.09987606193881497,5,0.001,0.1,0.9971983112435756,0.9978446819389346,0.9973301942252808,0.9972440776388567,0.9973193978996184,0.9978403311732991,0.9971518521995025,0.9972002343519389,0.9972917802609607,1.0,0.9977129829128422,0.9975289714998167
4,10,1.4343260115119303,0.61092,5000,1.896396725266068,0.6122448979591837,833,1.8887780009748074,0.6214,0.9989637749418022,0.08334646470651967,,,0.99,,0.9900107286803723,0.00998927131962768,0.9979973828980214,0.09987606193881497,5,0.001,0.1,0.9971161577677983,0.9978234928549927,0.9978436845371235,0.9969355039532611,0.9976940909686123,0.9975491737690454,0.9974186758257548,0.9977528193338034,0.9974824246672271,0.9977129829128422,1.0,0.9973783156564993
4,11,1.4221557705265702,0.61648,5000,1.8771226361945823,0.6290516206482593,833,1.8887780009748074,0.6214,0.9986402294016489,0.08331159480000985,,,0.99,,0.9900107286803723,0.00998927131962768,0.9979973828980214,0.09987606193881497,5,0.001,0.1,0.9964199016963494,0.9973093309132837,0.9972124712420563,0.9969898042076362,0.9970038569177063,0.9975200233107151,0.9975238322408857,0.997181789542359,0.9967627604301986,0.9975289714998167,0.9973783156564993,1.0
5,0,1.3284725760957998,0.61584,5000,1.7629919007972434,0.6462829736211031,834,1.7617414104291045,0.6359,0.9983589308862401,0.08330818916744334,,,0.99,,0.9900107286803723,0.00998927131962768,0.9982188696703288,0.0998519951810188,5,0.001,0.1,1.0,0.9969392754269926,0.9963012002230606,0.9964262433282021,0.996429999721462,0.9972226935468019,0.9963379359554131,0.996837584229451,0.9967817967421888,0.9966137304770791,0.996682424688099,0.9960035625608304
5,1,1.3160674638808914,0.62256,5000,1.76426362991333,0.63189448441247,834,1.7617414104291045,0.6359,0.99884923041199,0.08335804859362435,,,0.99,,0.9900107286803723,0.00998927131962768,0.9982188696703288,0.0998519951810188,5,0.001,0.1,0.9969392754269926,1.0,0.9970995027399985,0.9967554952803483,0.9974419910715844,0.9972926328932042,0.9971984249057385,0.9972937309939979,0.9971090505194993,0.997126320500001,0.9974963922366986,0.9966964780826076
5,2,1.3217516837606005,0.62832,5000,1.7407316808347348,0.6726618705035972,834,1.7617414104291045,0.6359,0.9985112917232105,0.08333194128081493,,,0.99,,0.9900107286803723,0.00998927131962768,0.9982188696703288,0.0998519951810188,5,0.001,0.1,0.9963012002230606,0.9970995027399985,1.0,0.9962025037104966,0.996766091040591,0.9964703068830316,0.9970104859667922,0.9968837838357809,0.9970759855186156,0.9965353389918841,0.9974604027458761,0.9965952886756881
5,3,1.3175993683991158,0.62388,5000,1.7668626175986395,0.6127098321342925,834,1.7617414104291045,0.6359,0.9981802260570994,0.08331486198586194,,,0.99,,0.9900107286803723,0.00998927131962768,0.9982188696703288,0.0998519951810188,5,0.001,0.1,0.9964262433282021,0.9967554952803483,0.9962025037104966,1.0,0.9962726978378971,0.997396429011462,0.9959589223791903,0.996456778467399,0.9961258402359593,0.9964169622009605,0.9962023229013282,0.996220283376295
5,4,1.327333873927973,0.61416,5000,1.751267883512709,0.6134453781512605,833,1.7617414104291045,0.6359,0.9985314916108824,0.08333971634661873,,,0.99,,0.9900107286803723,0.00998927131962768,0.9982188696703288,0.0998519951810188,5,0.001,0.1,0.996429999721462,0.9974419910715844,0.996766091040591,0.9962726978378971,1.0,0.996908431353205,0.9967845842229793,0.9971904221535336,0.9964196261736341,0.9967550968401716,0.9969538175843199,0.9967195698117894
5,5,1.301400412571658,0.63136,5000,1.7599954737557306,0.6398559423769508,833,1.7617414104291045,0.6359,0.9987454705267159,0.08334638707463228,,,0.99,,0.9900107286803723,0.00998927131962768,0.9982188696703288,0.0998519951810188,5,0.001,0.1,0.9972226935468019,0.9972926328932042,0.9964703068830316,0.997396429011462,0.996908431353205,1.0,0.9967589836215804,0.9970769548178565,0.9965036231832866,0.9973316389367557,0.997169421377978,0.9970756127596335
5,6,1.3212909146478982,0.63632,5000,1.7567152314715915,0.6338535414165666,833,1.7617414104291045,0.6359,0.9984369811267556,0.08331832629289197,,,0.99,,0.9900107286803723,0.00998927131962768,0.9982188696703288,0.0998519951810188,5,0.001,0.1,0.9963379359554131,0.9971984249057385,0.9970104859667922,0.9959589223791903,0.9967845842229793,0.9967589836215804,1.0,0.9964795179412651,0.996336918317765,0.9965321077089866,0.9971986908774791,0.9969146596959156
5,7,1.3067596226740794,0.64036,5000,1.7406413510993675,0.6530612244897959,833,1.7617414104291045,0.6359,0.9984951805170454,0.08334141709193087,,,0.99,,0.9900107286803723,0.00998927131962768,0.9982188696703288,0.0998519951810188,5,0.001,0.1,0.996837584229451,0.9972937309939979,0.9968837838357809,0.996456778467399,0.9971904221535336,0.9970769548178565,0.9964795179412651,1.0,0.9964987901737075,0.9961465493481612,0.9971332459375811,0.9962098537134779
5,8,1.3174183949543412,0.6316,5000,1.7859397066964044,0.6206482593037215,833,1.7617414104291045,0.6359,0.9984313865803396,0.08332910972700154,,,0.99,,0.9900107286803723,0.00998927131962768,0.9982188696703288,0.0998519951810188,5,0.001,0.1,0.9967817967421888,0.9971090505194993,0.9970759855186156,0.9961258402359593,0.9964196261736341,0.9965036231832866,0.996336918317765,0.9964987901737075,1.0,0.9969383687455204,0.9974076773731472,0.9962457159181289
5,9,1.3129256436019947,0.64188,5000,1.7625042950665508,0.631452581032413,833,1.7617414104291045,0.6359,0.9985289549788138,0.08334641969181487,,,0.99,,0.9900107286803723,0.00998927131962768,0.9982188696703288,0.0998519951810188,5,0.001,0.1,0.9966137304770791,0.997126320500001,0.9965353389918841,0.9964169622009605,0.9967550968401716,0.9973316389367557,0.9965321077089866,0.9961465493481612,0.9969383687455204,1.0,0.9971242394543349,0.9970914807576517
5,10,1.3213342179917986,0.62748,5000,1.7701533635457356,0.6338535414165666,833,1.7617414104291045,0.6359,0.9987959256895113,0.08335029505001079,,,0.99,,0.9900107286803723,0.00998927131962768,0.9982188696703288,0.0998519951810188,5,0.001,0.1,0.996682424688099,0.9974963922366986,0.9974604027458761,0.9962023229013282,0.9969538175843199,0.997169421377978,0.9971986908774791,0.9971332459375811,0.9974076773731472,0.9971242394543349,1.0,0.9969822544156725
5,11,1.3078189350237512,0.63164,5000,1.7467890536343609,0.6410564225690276,833,1.7617414104291045,0.6359,0.9983738477493128,0.08331528769735431,,,0.99,,0.9900107286803723,0.00998927131962768,0.9982188696703288,0.0998519951810188,5,0.001,0.1,0.9960035625608304,0.9966964780826076,0.9965952886756881,0.996220283376295,0.9967195698117894,0.9970756127596335,0.9969146596959156,0.9962098537134779,0.9962457159181289,0.9970914807576517,0.9969822544156725,1.0
6,0,1.233155500812895,0.63296,5000,1.6283526023228962,0.6630695443645084,834,1.6275169799883906,0.6492,0.997986164425666,0.08330903077719015,,,0.99,,0.9900107286803723,0.00998927131962768,0.9981204021368282,0.09982613238570893,5,0.001,0.1,1.0,0.9962610693148987,0.9956547020684253,0.9957767281208679,0.9956348906256599,0.996408132496569,0.9959616560337993,0.9963018171215448,0.9965582818486766,0.9959435849472774,0.9954730577189351,0.9950389239875853
6,1,1.222173901652075,0.63844,5000,1.6307902733484905,0.6534772182254197,834,1.6275169799883906,0.6492,0.9986109531302279,0.08335977841017286,,,0.99,,0.9900107286803723,0.00998927131962768,0.9981204021368282,0.09982613238570893,5,0.001,0.1,0.9962610693148987,1.0,0.9967773804488536,0.9961094995189294,0.9969143948622636,0.9964433459241945,0.9970006433667863,0.9966033453556873,0.9967642321451514,0.9967398767391218,0.9968071010210513,0.9960741322798364
6,2,1.225987332034263,0.6432,5000,1.6014711106265034,0.6786570743405276,834,1.6275169799883906,0.6492,0.998296107815951,0.08333360323637444,,,0.99,,0.9900107286803723,0.00998927131962768,0.9981204021368282,0.09982613238570893,5,0.001,0.1,0.9956547020684253,0.9967773804488536,1.0,0.9955420571430046,0.996330953604593,0.9957908402943447,0.9967442365454146,0.9963125721998108,0.9965293762766045,0.9960012110479689,0.9970170221148431,0.9960239751732025
6,3,1.2244662247645628,0.63764,5000,1.6337758170233831,0.6258992805755396,834,1.6275169799883906,0.6492,0.9978974780959851,0.08331026054747173,,,0.99,,0.9900107286803723,0.00998927131962768,0.9981204021368282,0.09982613238570893,5,0.001,0.1,0.9957767281208679,0.9961094995189294,0.9955420571430046,1.0,0.9954738166296436,0.9965861264295903,0.995677093487186,0.9960204307921019,0.9957212972537793,0.9959929560173777,0.9955601135622852,0.9954900360392723
6,4,1.233940978642482,0.62996,5000,1.6140022542741563,0.6290516206482593,833,1.6275169799883906,0.6492,0.9982864179342518,0.08333805902140638,,,0.99,,0.9900107286803723,0.00998927131962768,0.9981204021368282,0.09982613238570893,5,0.001,0.1,0.9956348906256599,0.9969143948622636,0.996330953604593,0.9954738166296436,1.0,0.9960844982286367,0.9965852780250787,0.99662547578258,0.9960773717027933,0.9964593043324185,0.9964926008777065,0.9959291481731738
6,5,1.2064924922718363,0.64984,5000,1.6243691444396973,0.6542617046818727,833,1.6275169799883906,0.6492,0.9983083512444032,0.08334285828838643,,,0.99,,0.9900107286803723,0.00998927131962768,0.9981204021368282,0.09982613238570893,5,0.001,0.1,0.996408132496569,0.9964433459241945,0.9957908402943447,0.9965861264295903,0.9960844982286367,1.0,0.9962567688565097,0.9963107635897696,0.9959778708920098,0.9967555771159743,0.9960488302122098,0.9962080890030944
6,6,1.2263128944263337,0.64972,5000,1.621421253239667,0.6530612244897959,833,1.6275169799883906,0.6492,0.9983699122822263,0.08332763533892144,,,0.99,,0.9900107286803723,0.00998927131962768,0.9981204021368282,0.09982613238570893,5,0.001,0.1,0.9959616560337993,0.9970006433667863,0.9967442365454146,0.995677093487186,0.9965852780250787,0.9962567688565097,1.0,0.9962425147978016,0.995858576648234,0.9961217526918773,0.9968071160117415,0.9963533686002757
6,7,1.2123015582941141,0.6518,5000,1.6011673874325223,0.6662665066026411,833,1.6275169799883906,0.6492,0.9983062082696867,0.083339740943623,,,0.99,,0.9900107286803723,0.00998927131962768,0.9981204021368282,0.09982613238570893,5,0.001,0.1,0.9963018171215448,0.9966033453556873,0.9963125721998108,0.9960204307921019,0.99662547578258,0.9963107635897696,0.9962425147978016,1.0,0.9963567577177915,0.9959722319531169,0.9963399981838453,0.9957592292831512
6,8,1.2239231600123606,0.64468,5000,1.6590586061830874,0.6326530612244898,833,1.6275169799883906,0.6492,0.9982816976504387,0.08333140144195013,,,0.99,,0.9900107286803723,0.00998927131962768,0.9981204021368282,0.09982613238570893,5,0.001,0.1,0.9965582818486766,0.9967642321451514,0.9965293762766045,0.9957212972537793,0.9960773717027933,0.9959778708920098,0.995858576648234,0.9963567577177915,1.0,0.9963639051527531,0.9965599495584375,0.995784330638795
6,9,1.216967016648335,0.6568,5000,1.629388001230028,0.6362545018007203,833,1.6275169799883906,0.6492,0.9983562969689085,0.08334442597095994,,,0.99,,0.9900107286803723,0.00998927131962768,0.9981204021368282,0.09982613238570893,5,0.001,0.1,0.9959435849472774,0.9967398767391218,0.9960012110479689,0.9959929560173777,0.9964593043324185,0.9967555771159743,0.9961217526918773,0.9959722319531169,0.9963639051527531,1.0,0.9963676125492812,0.9967268676906352
6,10,1.2280936187239968,0.64176,5000,1.6358434579990528,0.6386554621848739,833,1.6275169799883906,0.6492,0.9983885700304198,0.08334784455786648,,,0.99,,0.9900107286803723,0.00998927131962768,0.9981204021368282,0.09982613238570893,5,0.001,0.1,0.9954730577189351,0.9968071010210513,0.9970170221148431,0.9955601135622852,0.9964926008777065,0.9960488302122098,0.9968071160117415,0.9963399981838453,0.9965599495584375,0.9963676125492812,1.0,0.9963577976984687
6,11,1.2134886816049077,0.64884,5000,1.6092270215352376,0.65906362545018,833,1.6275169799883906,0.6492,0.99804741161424,0.08331536146567703,,,0.99,,0.9900107286803723,0.00998927131962768,0.9981204021368282,0.09982613238570893,5,0.001,0.1,0.9950389239875853,0.9960741322798364,0.9960239751732025,0.9954900360392723,0.9959291481731738,0.9962080890030944,0.9963533686002757,0.9957592292831512,0.995784330638795,0.9967268676906352,0.9963577976984687,1.0
7,0,1.153297762354468,0.64784,5000,1.4923785615850378,0.670263788968825,834,1.491945127709605,0.662,0.99748215795951,0.08330580296637977,,,0.99,,0.9900107286803723,0.00998927131962768,0.9982780315225344,0.09978731847912156,5,0.001,0.1,1.0,0.9951546093688816,0.9948932061674918,0.9945131997261558,0.9944778116804477,0.9954936096838791,0.9951370512051968,0.9952574101895695,0.9954710771878698,0.9948293493316344,0.9947879202657122,0.9943142999042818
7,1,1.1421805698400849,0.65308,5000,1.4956334608572501,0.6666666666666666,834,1.491945127709605,0.662,0.9982293338251985,0.08336105428989354,,,0.99,,0.9900107286803723,0.00998927131962768,0.9982780315225344,0.09978731847912156,5,0.001,0.1,0.9951546093688816,1.0,0.9960256222322699,0.9951443309518544,0.9959616122507196,0.9957647872461198,0.9962539204910558,0.9955957098136883,0.9960292232292882,0.9959731222898908,0.9960047136335464,0.9953659655253893
7,2,1.1469545712896214,0.65792,5000,1.4612016103885792,0.6870503597122302,834,1.491945127709605,0.662,0.9979725047060344,0.08333670658573694,,,0.99,,0.9900107286803723,0.00998927131962768,0.9982780315225344,0.09978731847912156,5,0.001,0.1,0.9948932061674918,0.9960256222322699,1.0,0.9945078540719676,0.9952967264382485,0.9953172849076511,0.9958376490343019,0.9956074748462953,0.9961052804037615,0.9949188253633072,0.9961719102006727,0.9955175897856868
