round,client_id,client_i_training_loss,client_i_training_accuracy,client_i_training_dataset_size,client_i_evaluation_loss,client_i_evaluation_accuracy,client_i_evaluation_dataset_size,client_i_central_evaluation_loss,client_i_central_evaluation_accuracy,client_i_cosine_similarity,client_i_importance_coefficient,client_i_tanh_val,tanh_normalization_value,client_i_q,client_i_mask_order,client_i_v_nonzero_fraction,client_i_v_sparsity,client_i_v_cosine_similarity,client_i_reward_gradient_norm,local_epochs,learning_rate,gamma,client_0_cosine_similarity,client_1_cosine_similarity,client_2_cosine_similarity,client_3_cosine_similarity,client_4_cosine_similarity,client_5_cosine_similarity,client_6_cosine_similarity,client_7_cosine_similarity,client_8_cosine_similarity,client_9_cosine_similarity,client_10_cosine_similarity,client_11_cosine_similarity
0,0,0.3500085542963189,0.89208,5000,2.185573180516561,0.2997601918465228,834,2.189952958506136,0.3036,0.7913950025574955,0.08322381540929316,,,0.7715185379764563,,0.7715375734149892,0.2284624265850108,0,0.3958621553859664,5,0.1,0.5,1.0,0.5938174101601065,0.6014774551346539,0.5885485401678809,0.5964909731423662,0.5953249737463676,0.5911727769102543,0.5793114212978322,0.6032317976148525,0.6018155767395544,0.5863391859216991,0.5880327000674552
0,1,0.34081547688455527,0.89452,5000,2.1790280783617937,0.3129496402877698,834,2.189794675991558,0.304,0.797521939427167,0.0838681296410208,,,0.9115034542448553,,0.9115255258270167,0.08847447417298326,0,0.3961981266656573,5,0.1,0.5,0.5938174101601065,1.0,0.6067597661105976,0.5877456607618764,0.5984132197554615,0.5990113743685348,0.5903382470679652,0.5965779791793641,0.6058224057210411,0.5906678771804362,0.6062479635215113,0.6084234015135467
0,2,0.3431687540451812,0.89244,5000,2.1880218276271113,0.3069544364508393,834,2.1897854797375467,0.3039,0.7990610184873421,0.08402998058927091,,,0.9466674942785536,,0.946684403393404,0.053315596606596016,0,0.3962132903457084,5,0.1,0.5,0.6014774551346539,0.6067597661105976,1.0,0.5877123119805922,0.6127852020385706,0.5994354030188168,0.5932009908799747,0.5994452026280241,0.6051984845394831,0.5821983702268323,0.6104835122422175,0.599764074203476
0,3,0.35693692283076084,0.88832,5000,2.1893807782067194,0.31774580335731417,834,2.1904807502088457,0.3011,0.7869558469446574,0.08275698978352845,,,0.6700951285332222,,0.6701119421715778,0.32988805782842223,0,0.39501466386560746,5,0.1,0.5,0.5885485401678809,0.5877456607618764,0.5877123119805922,1.0,0.6036652018568539,0.5923179279473388,0.5821124845396735,0.5916581781661208,0.5907550072586194,0.5822238570918026,0.5853067240171314,0.5913039337417076
0,4,0.3412648579675206,0.89168,5000,2.1902826538792364,0.3217286914765906,833,2.1897853593856764,0.3039,0.7992068774226208,0.0840453192470413,,,0.9499999997827381,,0.9500025099141609,0.04999749008583909,0,0.39621404541454186,5,0.1,0.5,0.5964909731423662,0.5984132197554615,0.6127852020385706,0.6036652018568539,1.0,0.6086275282341583,0.6028079698030079,0.6049565575569312,0.6038052548532251,0.5876017217071066,0.5925084712987406,0.5881856795073709
0,5,0.32706227912359936,0.89696,5000,2.1879020973488137,0.3013205282112845,833,2.1900622639031457,0.3031,0.7901503377718004,0.08309292533286308,,,0.7430811149192328,,0.7431002459715877,0.25689975402841225,0,0.39569990013024947,5,0.1,0.5,0.5953249737463676,0.5990113743685348,0.5994354030188168,0.5923179279473388,0.6086275282341583,1.0,0.5838037966798924,0.5758553734191374,0.6005261163706642,0.585827851705571,0.585982078552245,0.5870145721731792
0,6,0.3523090024567713,0.88976,5000,2.191871854994032,0.2845138055222089,833,2.190256230747357,0.3028,0.7883715153439964,0.08290586275488489,,,0.7024395490096698,,0.7024546960493951,0.29754530395060486,0,0.3953701536119615,5,0.1,0.5,0.5911727769102543,0.5903382470679652,0.5932009908799747,0.5821124845396735,0.6028079698030079,0.5838037966798924,1.0,0.5901020391527497,0.5956458570860215,0.5860277896760698,0.5987656884098024,0.5828341103617282
0,7,0.3518954810573702,0.8906,5000,2.1864532982861555,0.30612244897959184,833,2.1902489136583125,0.3029,0.7884271739648311,0.08291171586587409,,,0.7037112068613618,,0.7037247126148286,0.2962752873851714,0,0.3953835090917738,5,0.1,0.5,0.5793114212978322,0.5965779791793641,0.5994452026280241,0.5916581781661208,0.6049565575569312,0.5758553734191374,0.5901020391527497,1.0,0.6030243432359982,0.573870664438834,0.5825877698194128,0.599951490837451
0,8,0.3356320978397397,0.89444,5000,2.19192017449273,0.3097238895558223,833,2.1897867373384226,0.3039,0.7990966262963393,0.08403372513872288,,,0.9474810421030233,,0.9474976155815471,0.052502384418452896,0,0.3962134507750073,5,0.1,0.5,0.6032317976148525,0.6058224057210411,0.6051984845394831,0.5907550072586194,0.6038052548532251,0.6005261163706642,0.5956458570860215,0.6030243432359982,1.0,0.5806375517361476,0.6028777111345409,0.6072748471279767
0,9,0.346325696539727,0.89084,5000,2.1916610223275645,0.2893157262905162,833,2.191137497417462,0.3002,0.7838878847752826,0.08243436010246953,,,0.6,,0.6,0.4,0,0.3938635394500016,5,0.1,0.5,0.6018155767395544,0.5906678771804362,0.5821983702268323,0.5822238570918026,0.5876017217071066,0.585827851705571,0.5860277896760698,0.573870664438834,0.5806375517361476,1.0,0.5889727482517508,0.5943318363778304
0,10,0.3249761571834801,0.8994,5000,2.1840976211759777,0.29531812725090034,833,2.189949016601514,0.303,0.7922110771166081,0.08330963454922749,,,0.7901637649889355,,0.7901812158024195,0.2098187841975805,0,0.39594525326459373,5,0.1,0.5,0.5863391859216991,0.6062479635215113,0.6104835122422175,0.5853067240171314,0.5925084712987406,0.585982078552245,0.5987656884098024,0.5825877698194128,0.6028777111345409,0.5889727482517508,1.0,0.5932512013942608
0,11,0.365985276679372,0.8882,5000,2.1897262114065663,0.29531812725090034,833,2.1899151604015605,0.3029,0.7929519136080254,0.08338754158580333,,,0.8070899936127326,,0.8071080769037698,0.19289192309623016,0,0.3960079519548567,5,0.1,0.5,0.5880327000674552,0.6084234015135467,0.599764074203476,0.5913039337417076,0.5881856795073709,0.5870145721731792,0.5828341103617282,0.599951490837451,0.6072748471279767,0.5943318363778304,0.5932512013942608,1.0
1,0,0.30745987005792796,0.90424,5000,2.0241757940363,0.6858513189448441,834,2.03053712197386,0.6988,0.8093274153444195,0.08315987034566961,,,0.7581381968574313,,0.7581547111088801,0.2418452888911199,0.9613318820648565,0.40566895720652346,5,0.1,0.5,1.0,0.6313082775659058,0.6258620307546847,0.6184514433274267,0.6284769390889354,0.6307847069069266,0.6366064195403207,0.6255833116061612,0.6262228642491658,0.6187109851022091,0.6328917026241019,0.6139039532197421
1,1,0.3019171916529726,0.9088,5000,2.0135101124092385,0.7218225419664268,834,2.029988668978024,0.6987,0.8153407898427225,0.08379490961373012,,,0.909397192012646,,0.909407158275187,0.09059284172481297,0.9624384474048839,0.4060991947523969,5,0.1,0.5,0.6313082775659058,1.0,0.629391924612637,0.6299431134573813,0.6319053130909534,0.635693594887355,0.6361622324706939,0.6333135189288573,0.6280516809602318,0.6291786182730839,0.6324378158072474,0.6273379112715495
1,2,0.30629872146839643,0.906,5000,2.0280320291165954,0.6882494004796164,834,2.029959793669728,0.6988,0.8131712988187424,0.08382641493218365,,,0.9169013938014269,,0.9169218412730284,0.08307815872697155,0.9624739758499689,0.40610428166873314,5,0.1,0.5,0.6258620307546847,0.629391924612637,1.0,0.6335042110547527,0.640713963347061,0.6289809352547128,0.6388478917015928,0.6272665874441822,0.6203790617452812,0.6240796963438292,0.6352262183220081,0.6185279423461594
1,3,0.30703808558499734,0.90444,5000,2.0293503602345786,0.6930455635491607,834,2.0317368869202586,0.6975,0.8112205498686593,0.08291718061662673,,,0.7003323155587327,,0.7003564078108528,0.29964359218914716,0.9593960604854488,0.4051768384517419,5,0.1,0.5,0.6184514433274267,0.6299431134573813,0.6335042110547527,1.0,0.6316089181875327,0.6346861957649379,0.6251559194045022,0.6309337641335849,0.6297926998885252,0.6230435013024791,0.6333654566776052,0.618818343958525
1,4,0.30392068453773763,0.90704,5000,2.0304178882528237,0.6842737094837935,833,2.029932158823592,0.6989,0.8168745124868774,0.08396537469772578,,,0.9499999997618116,,0.9500025099141609,0.04999749008583909,0.962510985251597,0.4061168604853014,5,0.1,0.5,0.6284769390889354,0.6319053130909534,0.640713963347061,0.6316089181875327,1.0,0.6433287231714621,0.6328656972178424,0.63797681194815,0.6273545574972464,0.6228316406656236,0.6363543871365706,0.6253550532381488
1,5,0.293928484994752,0.91024,5000,2.024280790929441,0.709483793517407,833,2.0306365562323183,0.699,0.8156365537989424,0.08329283218512433,,,0.7898081663245681,,0.7898147683349229,0.21018523166507708,0.9611886470552173,0.4058366317574021,5,0.1,0.5,0.6307847069069266,0.635693594887355,0.6289809352547128,0.6346861957649379,0.6433287231714621,1.0,0.6363716519694157,0.6346071985266633,0.629605553258242,0.6206554932533997,0.6326890534326599,0.6234357871929705
1,6,0.30315755650068926,0.90544,5000,2.031503337400931,0.7142857142857143,833,2.0309817387273137,0.6982,0.8180171925019563,0.08325200849683069,,,0.7800844368161792,,0.7801064203604237,0.21989357963957634,0.9604225076828289,0.4057913031597311,5,0.1,0.5,0.6366064195403207,0.6361622324706939,0.6388478917015928,0.6251559194045022,0.6328656972178424,0.6363716519694157,1.0,0.6329946026277632,0.6384285551645441,0.6268557508329007,0.638010368936871,0.6324857084302477
1,7,0.30699187649805454,0.9046,5000,2.0302805723967374,0.6914765906362546,833,2.0311310074199884,0.698,0.8125328692589594,0.08306509674657513,,,0.7355642237391113,,0.7355855629737463,0.26441443702625367,0.9602350784343407,0.40550787308735264,5,0.1,0.5,0.6255833116061612,0.6333135189288573,0.6272665874441822,0.6309337641335849,0.63797681194815,0.6346071985266633,0.6329946026277632,1.0,0.6227004959134779,0.6260574730458562,0.6325172231190193,0.6175765050840762
1,8,0.2962836950827556,0.90872,5000,2.0298574368158975,0.7154861944777912,833,2.0299932869097677,0.699,0.810138222192786,0.08372337979437687,,,0.8923596178921491,,0.8923698609507554,0.10763013904924457,0.9624402101686401,0.40608413311710967,5,0.1,0.5,0.6262228642491658,0.6280516809602318,0.6203790617452812,0.6297926998885252,0.6273545574972464,0.629605553258242,0.6384285551645441,0.6227004959134779,1.0,0.6204980141253376,0.6272231502250244,0.6229739979723822
1,9,0.30923571437004077,0.90708,5000,2.0354304755175554,0.6710684273709484,833,2.033841792767802,0.6954,0.8052414751140949,0.08249594973267267,,,0.6,,0.6,0.4,0.9565490457361288,0.40358087092016925,5,0.1,0.5,0.6187109851022091,0.6291786182730839,0.6240796963438292,0.6230435013024791,0.6228316406656236,0.6206554932533997,0.6268557508329007,0.6260574730458562,0.6204980141253376,1.0,0.6247480026992036,0.6160065135215451
1,10,0.2851885638039583,0.91264,5000,2.02502942526782,0.6926770708283313,833,2.030365222940049,0.6989,0.8152210193622156,0.08342160968611805,,,0.8204814748561801,,0.8205009788665227,0.17949902113347727,0.9617906711977396,0.40594946544768107,5,0.1,0.5,0.6328917026241019,0.6324378158072474,0.6352262183220081,0.6333654566776052,0.6363543871365706,0.6326890534326599,0.638010368936871,0.6325172231190193,0.6272231502250244,0.6247480026992036,1.0,0.62045600864813
1,11,0.32522509832908014,0.90384,5000,2.03305455048879,0.7058823529411765,833,2.030567349717259,0.6986,0.8040750623006838,0.08308537315236644,,,0.7403938286464125,,0.7404096179910648,0.25959038200893525,0.9612223043757537,0.40554398931534685,5,0.1,0.5,0.6139039532197421,0.6273379112715495,0.6185279423461594,0.618818343958525,0.6253550532381488,0.6234357871929705,0.6324857084302477,0.6175765050840762,0.6229739979723822,0.6160065135215451,0.62045600864813,1.0
2,0,0.2801202591734043,0.91696,5000,1.8230247365103827,0.8776978417266187,834,1.8320492490792808,0.8731,0.8091894863102786,0.0831341068308713,,,0.7572420443554014,,0.7572561618392651,0.24274383816073486,0.9684647767342964,0.4053074966713994,5,0.1,0.5,1.0,0.6244982099066313,0.6270531812760709,0.6251969566098012,0.6290298393505735,0.6217929202847267,0.6270559322144712,0.6266322505914568,0.6282458165189544,0.6262572259944015,0.6276583576928315,0.6184443946018633
2,1,0.27276199537145485,0.91784,5000,1.807166611706769,0.8908872901678657,834,1.8308250157596966,0.8744,0.8104448978263074,0.08359762182094466,,,0.8925678188831604,,0.892580693740274,0.10741930625972596,0.9696370351318092,0.40577339440825383,5,0.1,0.5,0.6244982099066313,1.0,0.6220364508345011,0.6251585337957127,0.6276494467173898,0.6310034554729934,0.6273419911529492,0.6268947129210739,0.6278879413574342,0.6237768741668607,0.6354333603072481,0.619567185551731
2,2,0.26920091408381985,0.9192,5000,1.8291588491863675,0.8609112709832134,834,1.8306961379493008,0.8744,0.8145903742389676,0.08376269388771332,,,0.940761525164012,,0.9407810852868832,0.0592189147131168,0.9697069227274898,0.40580706823097157,5,0.1,0.5,0.6270531812760709,0.6220364508345011,1.0,0.6279139219240039,0.6337549700906744,0.6331075029464479,0.6358865978092273,0.6328242108856692,0.6317100525299922,0.6297189290522064,0.6381520443710952,0.6193620244519821
2,3,0.28153227118739654,0.91652,5000,1.830678802949411,0.86810551558753,834,1.8337178961537517,0.8733,0.811846635447151,0.08306611816273998,,,0.7373923752594237,,0.7374077606545856,0.2625922393454144,0.9677206433298791,0.4051569932877295,5,0.1,0.5,0.6251969566098012,0.6251585337957127,0.6279139219240039,1.0,0.6304532993940795,0.6365200461821432,0.6253884735673837,0.6255041765458899,0.6298390872793509,0.6204409222578342,0.6433443615097199,0.6189776859175828
2,4,0.27878131583736393,0.9164,5000,1.830473436249627,0.8907563025210085,833,1.8306483258835424,0.8748,0.8128595528529349,0.08379433731596277,,,0.9499999997080444,,0.9500025099141609,0.04999749008583909,0.9697485414390662,0.4058098772534617,5,0.1,0.5,0.6290298393505735,0.6276494467173898,0.6337549700906744,0.6304532993940795,1.0,0.638611344879208,0.6294870621391425,0.6266651089711561,0.6267775497958983,0.6210334685074145,0.6376493054257282,0.612819524972543
2,5,0.25702342616785673,0.92308,5000,1.8211862687711362,0.8775510204081632,833,1.83170947975244,0.8738,0.8159907283035887,0.08345866150172374,,,0.8519975822566821,,0.8520104412429095,0.14798955875709052,0.9690062791601523,0.4057092549141347,5,0.1,0.5,0.6217929202847267,0.6310034554729934,0.6331075029464479,0.6365200461821432,0.638611344879208,1.0,0.6286351902818175,0.636414607786908,0.6303508987652126,0.6235375114170767,0.6465531329369784,0.620871139576064
2,6,0.2771891798693568,0.91696,5000,1.8322680923673842,0.8751500600240096,833,1.8324281186722338,0.8732,0.8101062433497133,0.0832269194479502,,,0.7843392031552985,,0.784348175292405,0.21565182470759503,0.9687714988628583,0.40546805371253025,5,0.1,0.5,0.6270559322144712,0.6273419911529492,0.6358865978092273,0.6253884735673837,0.6294870621391425,0.6286351902818175,1.0,0.6255657851887106,0.6276917821402878,0.6176836675424235,0.6304313800131431,0.6150464523558791
2,7,0.2774182307599172,0.91584,5000,1.8356168976536504,0.8595438175270108,833,1.8327767437639328,0.873,0.8124744028489327,0.08318575079335287,,,0.7723197859002758,,0.7723307062898449,0.2276692937101551,0.9682325528232127,0.4054027385287754,5,0.1,0.5,0.6266322505914568,0.6268947129210739,0.6328242108856692,0.6255041765458899,0.6266651089711561,0.636414607786908,0.6255657851887106,1.0,0.6300061029680588,0.6268131382413825,0.6360573863928811,0.6208792259058321
2,8,0.2676667335413539,0.91908,5000,1.8280792148024947,0.879951980792317,833,1.830790793552947,0.8745,0.8129535809360555,0.08363762318686972,,,0.9042464397301824,,0.9042568144169469,0.09574318558305306,0.9696387760065677,0.40578481596711263,5,0.1,0.5,0.6282458165189544,0.6278879413574342,0.6317100525299922,0.6298390872793509,0.6267775497958983,0.6303508987652126,0.6276917821402878,0.6300061029680588,1.0,0.6259567718541221,0.6355990671621227,0.6219553508393202
2,9,0.2774484764582887,0.91648,5000,1.841177918292858,0.8571428571428571,833,1.8386058917822548,0.8696,0.806325433216152,0.0825955246954071,,,0.6,,0.6,0.4,0.9644036067405961,0.4030638840790061,5,0.1,0.5,0.6262572259944015,0.6237768741668607,0.6297189290522064,0.6204409222578342,0.6210334685074145,0.6235375114170767,0.6176836675424235,0.6268131382413825,0.6259567718541221,1.0,0.6310477139167464,0.6106833305739838
2,10,0.25358337709371737,0.9242,5000,1.8258298414724845,0.8763505402160864,833,1.8312401310704387,0.8739,0.8208142473035026,0.08371163419373984,,,0.925854364053606,,0.9258721951709251,0.07412780482907488,0.9693599031664798,0.40580038512997013,5,0.1,0.5,0.6276583576928315,0.6354333603072481,0.6381520443710952,0.6433443615097199,0.6376493054257282,0.6465531329369784,0.6304313800131431,0.6360573863928811,0.6355990671621227,0.6310477139167464,1.0,0.631988155823413
2,11,0.2933335668899736,0.91356,5000,1.8381326021971527,0.8643457382953181,833,1.832752498574912,0.8725,0.8018365705098187,0.08282900816272447,,,0.6681667944528604,,0.6681793082676573,0.33182069173234274,0.9670393325699892,0.4043786336023117,5,0.1,0.5,0.6184443946018633,0.619567185551731,0.6193620244519821,0.6189776859175828,0.612819524972543,0.620871139576064,0.6150464523558791,0.6208792259058321,0.6219553508393202,0.6106833305739838,0.631988155823413,1.0
3,0,0.25374947211995813,0.92504,5000,1.5933615101708307,0.9172661870503597,834,1.6055152819941219,0.9171,0.8062484710037269,0.08330343925827478,,,0.7962879193914617,,0.7963003865267808,0.2036996134732192,0.9701553071083977,0.40136262599114003,5,0.1,0.5,1.0,0.6209058407634431,0.6146630796621761,0.6124003577905004,0.6105595957576153,0.615370979502411,0.6172903176522987,0.6188629237068529,0.6166696673725637,0.6137609429026732,0.6171688389898909,0.6154041642868621
3,1,0.24374394392962478,0.92828,5000,1.5724829391196922,0.9376498800959233,834,1.6038731786008842,0.9169,0.8092901735239191,0.08371714585244669,,,0.9320421476434131,,0.9320616434917925,0.06793835650820745,0.9712445106181892,0.40165135920772377,5,0.1,0.5,0.6209058407634431,1.0,0.6170446851270799,0.617533805178876,0.6161294283239684,0.6195042056401855,0.619604395908478,0.6254568747737078,0.6049690648887918,0.6226125764704792,0.6219998344872102,0.6145851049064126
3,2,0.2501944993059062,0.92424,5000,1.6025798718134563,0.9100719424460432,834,1.6037479821866312,0.9168,0.8028525198679544,0.0836018768664516,,,0.8942176303270502,,0.8942271974298479,0.10577280257015209,0.9712820790340275,0.40162141961644937,5,0.1,0.5,0.6146630796621761,0.6170446851270799,1.0,0.616710367731447,0.6180153444619673,0.6088847694215899,0.6200240189743418,0.6200333220219886,0.596437731709469,0.6046299656814151,0.6199668564443745,0.6008960224536379
3,3,0.25569549432012495,0.92304,5000,1.6040189619417544,0.9160671462829736,834,1.6076393828224451,0.9163,0.8038592537415736,0.08317491189946456,,,0.7541127821073481,,0.7541237889664173,0.2458762110335827,0.9698524389019688,0.40111502981990893,5,0.1,0.5,0.6124003577905004,0.617533805178876,0.616710367731447,1.0,0.6112860866970818,0.6176308736218845,0.6139574496861757,0.6191949111017304,0.607790991922424,0.603677975315901,0.6206702507611055,0.6093678308889195
3,4,0.25211149308189845,0.92456,5000,1.6026044995696456,0.9279711884753902,833,1.6037036435672651,0.9167,0.8008935420499365,0.08355446902258261,,,0.8786611578216851,,0.8786757692886903,0.12132423071130971,0.9712289689195098,0.4016001608086797,5,0.1,0.5,0.6105595957576153,0.6161294283239684,0.6180153444619673,0.6112860866970818,1.0,0.619976218412782,0.6005985660940548,0.6158198867380177,0.598374626689314,0.6022938863296543,0.6234548028471164,0.6016560582212738
3,5,0.23740442364482553,0.92964,5000,1.5900674881758514,0.9159663865546218,833,1.6049984887766,0.9166,0.8053323857698628,0.08348676622480276,,,0.8564450723336164,,0.8564580091360875,0.1435419908639125,0.9709360271095432,0.4015589461780916,5,0.1,0.5,0.615370979502411,0.6195042056401855,0.6088847694215899,0.6176308736218845,0.619976218412782,1.0,0.6155616179731814,0.6223236536381822,0.6037281270247944,0.6143379922779441,0.6187661405384987,0.6066380449539296
3,6,0.2545061735721056,0.9224,5000,1.6060500233261674,0.9087635054021609,833,1.6060221080962842,0.9165,0.802177958047704,0.08322288455264795,,,0.7698545918871639,,0.769865970583806,0.23013402941619399,0.9702445798574166,0.4012184265117884,5,0.1,0.5,0.6172903176522987,0.619604395908478,0.6200240189743418,0.6139574496861757,0.6005985660940548,0.6155616179731814,1.0,0.6226899308712303,0.6077770906114327,0.6106047899878081,0.6096507709504009,0.5955940556410666
3,7,0.2500547381788255,0.92448,5000,1.6132684416241116,0.9183673469387755,833,1.6063231873436097,0.9167,0.8106572420267296,0.0834916389069501,,,0.8580440006894805,,0.8580593343707645,0.14194066562923546,0.9703389398444415,0.401562758142275,5,0.1,0.5,0.6188629237068529,0.6254568747737078,0.6200333220219886,0.6191949111017304,0.6158198867380177,0.6223236536381822,0.6226899308712303,1.0,0.6142212411778167,0.6198099149611286,0.6238673828696909,0.6130051745311623
3,8,0.24667460909884448,0.926,5000,1.5987748393306025,0.9123649459783914,833,1.6039847158395444,0.9169,0.7952783154743938,0.08325443950268745,,,0.7802090748721764,,0.7802268962401486,0.21977310375985137,0.9705343209686847,0.40128018137645116,5,0.1,0.5,0.6166696673725637,0.6049690648887918,0.596437731709469,0.607790991922424,0.598374626689314,0.6037281270247944,0.6077770906114327,0.6142212411778167,1.0,0.6007572220034425,0.610305865232022,0.6039989591993296
3,9,0.2532719800254674,0.92516,5000,1.6195139664190787,0.9087635054021609,833,1.6165848140137644,0.9158,0.7993497268728221,0.08270525820966819,,,0.6,,0.6,0.4,0.966040486204186,0.39883807447016784,5,0.1,0.5,0.6137609429026732,0.6226125764704792,0.6046299656814151,0.603677975315901,0.6022938863296543,0.6143379922779441,0.6106047899878081,0.6198099149611286,0.6007572220034425,1.0,0.6188737076157979,0.5976927088015548
3,10,0.23252048000372993,0.93004,5000,1.598479880226983,0.9171668667466987,833,1.6043564740080423,0.9167,0.8086912810201274,0.08377187182228936,,,0.9499999996718587,,0.9500025099141609,0.04999749008583909,0.9713415053133129,0.40165778974703453,5,0.1,0.5,0.6171688389898909,0.6219998344872102,0.6199668564443745,0.6206702507611055,0.6234548028471164,0.6187661405384987,0.6096507709504009,0.6238673828696909,0.610305865232022,0.6188737076157979,1.0,0.6091767645259497
3,11,0.26457070501011076,0.9222,5000,1.6184630703043055,0.9027611044417767,833,1.60938677391686,0.9166,0.7952010755145387,0.082715297881734,,,0.6032944312524791,,0.6033080668641132,0.3966919331358868,0.9666644619732506,0.39892471893836584,5,0.1,0.5,0.6154041642868621,0.6145851049064126,0.6008960224536379,0.6093678308889195,0.6016560582212738,0.6066380449539296,0.5955940556410666,0.6130051745311623,0.6039989591993296,0.5976927088015548,0.6091767645259497,1.0
4,0,0.2362781221047044,0.9304,5000,1.348338211024249,0.935251798561151,834,1.3629092549363646,0.9327,0.7957907797761435,0.0834302442524221,,,0.8432556100290431,,0.8432709201345314,0.15672907986546858,0.9690421509206947,0.3960796493357019,5,0.1,0.5,1.0,0.5959347600813829,0.5998170550858168,0.5864962719060158,0.5997707978744328,0.5939683532586172,0.6049629659654276,0.6006106057901273,0.5917461105688172,0.6018069024181121,0.5960428347135983,0.5966834227500626
4,1,0.2313530540473427,0.93296,5000,1.3216361072328355,0.9460431654676259,834,1.3608703586621025,0.9332,0.7925114893475057,0.08359093215726004,,,0.8950425159300619,,0.8950604889312785,0.10493951106872146,0.9697294853968907,0.3961886977637632,5,0.1,0.5,0.5959347600813829,1.0,0.5948980696263858,0.582682261017196,0.5946662359238402,0.6032733419346054,0.5999504391502826,0.5970279799305632,0.581478788080198,0.5960205409971623,0.5993267434733138,0.5892696472676465
4,2,0.22574612936776156,0.93212,5000,1.3599382374021742,0.9292565947242206,834,1.3608526920739072,0.9332,0.791762006372299,0.08348782295646968,,,0.8618122209414957,,0.8618292254404899,0.1381707745595101,0.9695534656726589,0.39612839409378214,5,0.1,0.5,0.5998170550858168,0.5948980696263858,1.0,0.5903726972022667,0.5994980730738905,0.5909493177917821,0.6027278661651586,0.5941501736083622,0.5808488977845727,0.5911460160118873,0.6026264437092259,0.5808450797314336
4,3,0.23348172412841184,0.93096,5000,1.3621387879053752,0.9304556354916067,834,1.3667141922746604,0.9326,0.7839798729567087,0.0829303085402552,,,0.682135059551668,,0.6821494904874253,0.31785050951257465,0.9672137373820462,0.39485418857777366,5,0.1,0.5,0.5864962719060158,0.582682261017196,0.5903726972022667,1.0,0.5868859802905164,0.5956479808102892,0.5837419330674248,0.5957139726335353,0.5794914458972268,0.5811884706359642,0.592183875515079,0.5816006492404888
4,4,0.22999361550471015,0.93088,5000,1.3573891012756913,0.9351740696278511,833,1.3606697446622027,0.9332,0.7957909532004854,0.0835975476349255,,,0.8971745688664449,,0.8971838763114302,0.10281612368856985,0.9696054265653938,0.39619138841227086,5,0.1,0.5,0.5997707978744328,0.5946662359238402,0.5994980730738905,0.5868859802905164,1.0,0.6078070328631615,0.6008186217754262,0.5936875990056417,0.5923042954616541,0.5965839155000222,0.6066043342716172,0.5878389782883545
4,5,0.21704595592406808,0.935,5000,1.3429285332008645,0.9411764705882353,833,1.3621047681893785,0.9329,0.7970871515530714,0.08359789296501689,,,0.8972858627249716,,0.8972993323628332,0.10270066763716679,0.9695061856728044,0.3961914584122324,5,0.1,0.5,0.5939683532586172,0.6032733419346054,0.5909493177917821,0.5956479808102892,0.6078070328631615,1.0,0.6025826109073859,0.6099624465557988,0.5927663320747404,0.5932519461608506,0.5968548066809775,0.5920786841821314
4,6,0.23416590722289624,0.93008,5000,1.364474305400142,0.9171668667466987,833,1.3636177492598756,0.9328,0.7956913206426509,0.08337307041704843,,,0.8248294812206403,,0.8248431303649415,0.1751568696350585,0.9687359887379203,0.3960193097383479,5,0.1,0.5,0.6049629659654276,0.5999504391502826,0.6027278661651586,0.5837419330674248,0.6008186217754262,0.6025826109073859,1.0,0.6020471282655943,0.5951907754061344,0.5968200576616205,0.5929092455199315,0.585368253382845
4,7,0.22999948019422828,0.9312,5000,1.374541203180949,0.9447779111644657,833,1.3635947609100099,0.9326,0.7965246758152136,0.08358141093392266,,,0.8919739919018645,,0.8919833341699714,0.10801666583002856,0.9695001763369329,0.39618408219353707,5,0.1,0.5,0.6006106057901273,0.5970279799305632,0.5941501736083622,0.5957139726335353,0.5936875990056417,0.6099624465557988,0.6020471282655943,1.0,0.5977299571598982,0.5985794677403435,0.5965190987605005,0.5878153937298859
4,8,0.22276646881215986,0.9332,5000,1.3547851421214916,0.9339735894357744,833,1.361822036508554,0.9334,0.7874964420502619,0.08310665643204915,,,0.7389689058040445,,0.7389789669193314,0.2610210330806686,0.968442598481456,0.39550601020080334,5,0.1,0.5,0.5917461105688172,0.581478788080198,0.5808488977845727,0.5794914458972268,0.5923042954616541,0.5927663320747404,0.5951907754061344,0.5977299571598982,1.0,0.5881561411322361,0.5948772895960627,0.5946308749962892
4,9,0.23601994869079748,0.92944,5000,1.3811774761588484,0.9243697478991597,833,1.377000879174985,0.9313,0.7911041396684924,0.08286720142854268,,,0.6617967393822858,,0.6618091461272024,0.33819085387279757,0.9645765761572666,0.39454046184074787,5,0.1,0.5,0.6018069024181121,0.5960205409971623,0.5911460160118873,0.5811884706359642,0.5965839155000222,0.5932519461608506,0.5968200576616205,0.5985794677403435,0.5881561411322361,1.0,0.5994961480038309,0.5829775737527181
4,10,0.2132491166638151,0.93584,5000,1.3537262501540008,0.9387755102040817,833,1.3613210364271657,0.9332,0.796333304087046,0.08376145794490712,,,0.9499999996777174,,0.9500025099141609,0.04999749008583909,0.9698682978269245,0.3962297359657437,5,0.1,0.5,0.5960428347135983,0.5993267434733138,0.6026264437092259,0.592183875515079,0.6066043342716172,0.5968548066809775,0.5929092455199315,0.5965190987605005,0.5948772895960627,0.5994961480038309,1.0,0.5932019633809842
4,11,0.2475636100360922,0.92832,5000,1.383896275802895,0.907563025210084,833,1.3703292132185672,0.9318,0.7854467685732629,0.08267545433718071,,,0.6,,0.6,0.4,0.9644163798035921,0.393243346153358,5,0.1,0.5,0.5966834227500626,0.5892696472676465,0.5808450797314336,0.5816006492404888,0.5878389782883545,0.5920786841821314,0.585368253382845,0.5878153937298859,0.5946308749962892,0.5829775737527181,0.5932019633809842,1.0
5,0,0.21237891425087954,0.93752,5000,1.099919272793664,0.9448441247002398,834,1.1165660069392511,0.9427,0.7832475232362567,0.08343629013870298,,,0.848280939039946,,0.8482957682847246,0.15170423171527536,0.968575530079627,0.39094928276949475,5,0.1,0.5,1.0,0.5724929560313889,0.57996978716895,0.5698976788350858,0.5747165258807501,0.5672873791657224,0.5881257486851231,0.5784488528321374,0.5788718667845335,0.5873286997082989,0.5829489843390104,0.5710287727091481
5,1,0.21347202440949192,0.93708,5000,1.0698031032526936,0.9544364508393285,834,1.1146146411332079,0.9424,0.7766421426868327,0.08331114707841902,,,0.8144912069168144,,0.8145022840218864,0.1854977159781136,0.9684123259934452,0.3908303148762638,5,0.1,0.5,0.5724929560313889,1.0,0.5699870873067283,0.5732031910315402,0.5585964233064535,0.5742069854397603,0.5828405672537659,0.5797488614854697,0.5665570790808706,0.5734301021684961,0.578352666323338,0.558756158521385
5,2,0.21372357863624383,0.93512,5000,1.1138513088226318,0.9400479616306955,834,1.1144451959826314,0.9424,0.7826551593605836,0.08345396193392388,,,0.8530524799092051,,0.8530696250188243,0.14693037498117567,0.968635401797125,0.39096227545853085,5,0.1,0.5,0.57996978716895,0.5699870873067283,1.0,0.5739339265593844,0.5778472796447972,0.5774893360541634,0.5849854444882847,0.5804461802526826,0.5738192719327212,0.5782997143800429,0.5849741417137334,0.5633602067186476
5,3,0.2206428484249694,0.93432,5000,1.1165035212481464,0.9364508393285371,834,1.1213686283404074,0.9429,0.7821719131413778,0.08306376881592477,,,0.7476968900461853,,0.7477084483710658,0.25229155162893424,0.9660005098800957,0.3904152715504529,5,0.1,0.5,0.5698976788350858,0.5732031910315402,0.5739339265593844,1.0,0.5733612021390299,0.5830366027828108,0.5798839044432856,0.5774495204667247,0.5811498990100251,0.5760640249035982,0.5836475324785847,0.5718908850817258
5,4,0.2127388927124583,0.93648,5000,1.1079442368613348,0.9495798319327731,833,1.1143248100250294,0.9424,0.7776873369041816,0.08335239587975933,,,0.8256287477802607,,0.8256513227247628,0.17434867727523717,0.9685263903085722,0.3908761658684184,5,0.1,0.5,0.5747165258807501,0.5585964233064535,0.5778472796447972,0.5733612021390299,1.0,0.5837402970654861,0.5745251855138027,0.5705530101624516,0.5692629943881773,0.572237224416182,0.5745972889142594,0.5685921894913458
5,5,0.20168992658590626,0.93892,5000,1.092047110751823,0.9543817527010804,833,1.1157041411049449,0.9426,0.7835052940743805,0.0835575857390757,,,0.8810318229883551,,0.8810501480849355,0.11894985191506446,0.9688552847622377,0.39102038368930103,5,0.1,0.5,0.5672873791657224,0.5742069854397603,0.5774893360541634,0.5830366027828108,0.5837402970654861,1.0,0.5791259871610885,0.584198640925253,0.5774472965964697,0.5796655537343335,0.5819709985487017,0.5644246817533466
5,6,0.21392428538388317,0.93448,5000,1.120034588707818,0.9303721488595438,833,1.1172761132541937,0.9428,0.7876442920303659,0.083552913348601,,,0.8797702362718705,,0.8797751116911802,0.12022488830881983,0.9685049380374536,0.39101809978986507,5,0.1,0.5,0.5881257486851231,0.5828405672537659,0.5849854444882847,0.5798839044432856,0.5745251855138027,0.5791259871610885,1.0,0.5810112758054167,0.5867589521579453,0.5922948864816809,0.5786386017255045,0.5644596198094783
5,7,0.2085985861508069,0.93916,5000,1.1314754088719685,0.9471788715486195,833,1.1171978883469067,0.9427,0.7855855519147653,0.0836198382411558,,,0.8978405486540757,,0.897851513478239,0.102148486521761,0.968878639928027,0.39104422791107474,5,0.1,0.5,0.5784488528321374,0.5797488614854697,0.5804461802526826,0.5774495204667247,0.5705530101624516,0.584198640925253,0.5810112758054167,1.0,0.5808735306987348,0.5847443985582436,0.5816634603975602,0.5731502116501106
5,8,0.20958263423341286,0.93632,5000,1.1076885174821924,0.9483793517406963,833,1.1159946120585116,0.9427,0.7821240141921897,0.0831801188302927,,,0.7791124220708507,,0.7791225340093368,0.22087746599066316,0.9673129963551155,0.3906451877543475,5,0.1,0.5,0.5788718667845335,0.5665570790808706,0.5738192719327212,0.5811498990100251,0.5692629943881773,0.5774472965964697,0.5867589521579453,0.5808735306987348,1.0,0.5774131848832091,0.5820815987602354,0.5679588905761151
5,9,0.21858725785070166,0.93236,5000,1.1383193841686956,0.9339735894357744,833,1.1317878653066227,0.9423,0.7855974011993807,0.08314220372331786,,,0.7688750081447971,,0.7688871040610411,0.2311128959389589,0.965390956209076,0.39057685080847854,5,0.1,0.5,0.5873286997082989,0.5734301021684961,0.5782997143800429,0.5760640249035982,0.572237224416182,0.5796655537343335,0.5922948864816809,0.5847443985582436,0.5774131848832091,1.0,0.5876404398663423,0.5667594469693619
5,10,0.19629984343673584,0.94084,5000,1.1051157271420513,0.9483793517406963,833,1.114861519763264,0.9425,0.7876481753442938,0.0838130150709272,,,0.949999999729991,,0.9500025099141609,0.04999749008583909,0.9690656506414718,0.3910817960601898,5,0.1,0.5,0.5829489843390104,0.578352666323338,0.5849741417137334,0.5836475324785847,0.5745972889142594,0.5819709985487017,0.5786386017255045,0.5816634603975602,0.5820815987602354,0.5876404398663423,1.0,0.574272702121756
5,11,0.22715081800914305,0.93324,5000,1.1454066258889657,0.9255702280912365,833,1.1280642113746546,0.9423,0.7714867872228918,0.08251676119989963,,,0.6,,0.6,0.4,0.9632395986707409,0.38801889017426955,5,0.1,0.5,0.5710287727091481,0.558756158521385,0.5633602067186476,0.5718908850817258,0.5685921894913458,0.5644246817533466,0.5644596198094783,0.5731502116501106,0.5679588905761151,0.5667594469693619,0.574272702121756,1.0
6,0,0.19996516233915165,0.94144,5000,0.8691517092563488,0.9496402877697842,834,0.8876003506846322,0.9493,0.7689644827850264,0.08341649224174852,,,0.8515466413301149,,0.851563676522263,0.14843632347773705,0.9672529622976258,0.38415411747769856,5,0.1,0.5,1.0,0.5545652278268921,0.5540946946055494,0.548427393924495,0.5679704187183225,0.5609938300293511,0.5606178649980392,0.5422388003983297,0.5539954195491021,0.5528949516093241,0.5487876314862566,0.5469780121376961
6,1,0.19774015817292936,0.9416,5000,0.8378971152835422,0.9592326139088729,834,0.8858333102430398,0.9495,0.7675024139532765,0.08328043998858806,,,0.8157981360780062,,0.8158174790422168,0.1841825209577832,0.9668054595227352,0.3840305547029915,5,0.1,0.5,0.5545652278268921,1.0,0.5495298282568843,0.5535954079493673,0.5464454778447613,0.5569272255417032,0.5610958632408093,0.5531580783733359,0.5479211813251322,0.5517525285728991,0.557309132610835,0.5463801959766093
6,2,0.19671973660410305,0.94004,5000,0.8842151054629573,0.947242206235012,834,0.885604125432694,0.9494,0.7667316369234862,0.08334927438607785,,,0.8338847664940967,,0.8338989006575975,0.16610109934240247,0.9671546803690145,0.3840990473653302,5,0.1,0.5,0.5540946946055494,0.5495298282568843,1.0,0.5544689855246002,0.5573174992387726,0.5526398782992008,0.5600721053044352,0.5524173060810201,0.5473618601128385,0.5479719470495084,0.554654412155015,0.5402337993570382
6,3,0.20228573025744054,0.9414,5000,0.8880000798790543,0.9436450839328537,834,0.892326322607339,0.949,0.7685112619738387,0.08314964758093488,,,0.7814316852231928,,0.7814467145223634,0.21855328547763664,0.9659942133803766,0.3838563266746198,5,0.1,0.5,0.548427393924495,0.5535954079493673,0.5544689855246002,1.0,0.5492876052733965,0.564412798114205,0.5568590465636828,0.5496357140280621,0.55253657589591,0.5524279387759261,0.5620425312067574,0.5455939613388459
6,4,0.19937975505117778,0.94004,5000,0.8761105934778849,0.9567827130852341,833,0.8854947905190075,0.9495,0.7694614827881967,0.08337762339646883,,,0.8413336306129339,,0.8413533457155765,0.15864665428442348,0.9670525106168848,0.3841235241515453,5,0.1,0.5,0.5679704187183225,0.5464454778447613,0.5573174992387726,0.5492876052733965,1.0,0.5700630461301199,0.5530191093770184,0.5510277594295806,0.5525243401112455,0.5491541280500206,0.5559737686931501,0.5436762159007262
6,5,0.1824380035114706,0.94532,5000,0.8602295683489906,0.9651860744297719,833,0.8865616449151938,0.9492,0.7772348518438211,0.08379118766322252,,,0.9499999997372442,,0.9500025099141609,0.04999749008583909,0.9675554544807469,0.38428700453497777,5,0.1,0.5,0.5609938300293511,0.5569272255417032,0.5526398782992008,0.564412798114205,0.5700630461301199,1.0,0.5630405062053014,0.5538606507189444,0.5663133945095181,0.5547482773614671,0.5667664401541878,0.557470817460208
6,6,0.19703854582491953,0.9396,5000,0.8921456248671921,0.9339735894357744,833,0.8880969278347759,0.9491,0.7738170448718387,0.08366694159487857,,,0.9173536368614377,,0.9173736258219969,0.08262637417800311,0.9675390004832118,0.38426821930586186,5,0.1,0.5,0.5606178649980392,0.5610958632408093,0.5600721053044352,0.5568590465636828,0.5530191093770184,0.5630405062053014,1.0,0.557354304685749,0.5622384307299111,0.5617972045704179,0.5531655353459797,0.5464157998953432
6,7,0.19968021040675557,0.94056,5000,0.9055013524161445,0.9519807923169268,833,0.8882324276640773,0.9494,0.7650361856031147,0.08340087076120771,,,0.8474420082484402,,0.8474524371266503,0.1525475628733497,0.9673577568693438,0.3841418182550052,5,0.1,0.5,0.5422388003983297,0.5531580783733359,0.5524173060810201,0.5496357140280621,0.5510277594295806,0.5538606507189444,0.557354304685749,1.0,0.5510117354013389,0.5509541807177512,0.5522635574138393,0.5403458166418554
6,8,0.18623935328677865,0.94372,5000,0.8769880908506887,0.957983193277311,833,0.8871582020966771,0.9492,0.7690420095997293,0.08324678144882187,,,0.8069541628422925,,0.8069725415390794,0.19302745846092062,0.9665170345544043,0.3839919805676235,5,0.1,0.5,0.5539954195491021,0.5479211813251322,0.5473618601128385,0.55253657589591,0.5525243401112455,0.5663133945095181,0.5622384307299111,0.5510117354013389,1.0,0.5459220049958535,0.5564642805673776,0.557378854589043
6,9,0.2011591412666829,0.9374,5000,0.912005458716993,0.9411764705882353,833,0.9023949561027673,0.9492,0.7658527986272485,0.08310825563457794,,,0.7705557153119056,,0.7705787862055118,0.2294212137944882,0.9661817906552412,0.3837880920077025,5,0.1,0.5,0.5528949516093241,0.5517525285728991,0.5479719470495084,0.5524279387759261,0.5491541280500206,0.5547482773614671,0.5617972045704179,0.5509541807177512,0.5459220049958535,1.0,0.5581841120746982,0.5384926879533086
6,10,0.18176182965647167,0.9452,5000,0.8750007483694289,0.9519807923169268,833,0.8857597306894418,0.949,0.7713133390145438,0.08375333343404387,,,0.9400535851856855,,0.9400783093218212,0.05992169067817876,0.967703769688235,0.3842830503331236,5,0.1,0.5,0.5487876314862566,0.557309132610835,0.554654412155015,0.5620425312067574,0.5559737686931501,0.5667664401541878,0.5531655353459797,0.5522635574138393,0.5564642805673776,0.5581841120746982,1.0,0.5455960651552104
6,11,0.21504693317351636,0.9364,5000,0.9233501796369199,0.9339735894357744,833,0.9015550640063544,0.9486,0.7594166262173316,0.08245915186942931,,,0.6,,0.6,0.4,0.9617309257530559,0.38123236408898165,5,0.1,0.5,0.5469780121376961,0.5463801959766093,0.5402337993570382,0.5455939613388459,0.5436762159007262,0.557470817460208,0.5464157998953432,0.5403458166418554,0.557378854589043,0.5384926879533086,0.5455960651552104,1.0
7,0,0.1884928306398593,0.94536,5000,0.6687853954456471,0.9556354916067147,834,0.6877212895752903,0.9522,0.7559225348542354,0.08352949747051651,,,0.8588207422086157,,0.8588323879323327,0.14116761206766726,0.9644248192182174,0.37590606758407363,5,0.1,0.5,1.0,0.5263343077593967,0.5252374597974006,0.5205256615707574,0.5371945361757718,0.5270353298868781,0.5372895440104976,0.5269472144811644,0.5377583308277049,0.5211693375331208,0.5364162863477886,0.5251151084894999
