round,client_id,client_i_training_loss,client_i_training_accuracy,client_i_training_dataset_size,client_i_evaluation_loss,client_i_evaluation_accuracy,client_i_evaluation_dataset_size,client_i_central_evaluation_loss,client_i_central_evaluation_accuracy,client_i_cosine_similarity,client_i_importance_coefficient,client_i_tanh_val,tanh_normalization_value,client_i_q,client_i_mask_order,client_i_v_nonzero_fraction,client_i_v_sparsity,client_i_v_cosine_similarity,client_i_reward_gradient_norm,local_epochs,learning_rate,gamma,client_0_cosine_similarity,client_1_cosine_similarity,client_2_cosine_similarity,client_3_cosine_similarity,client_4_cosine_similarity,client_5_cosine_similarity,client_6_cosine_similarity,client_7_cosine_similarity,client_8_cosine_similarity,client_9_cosine_similarity,client_10_cosine_similarity,client_11_cosine_similarity
0,0,0.354018754134797,0.88964,5000,2.190477388876456,0.4412470023980815,834,2.192424860244361,0.4426,0.783493016637644,0.08246008197767425,,,0.5501492498496947,,0.5501681642487827,0.4498318357512173,0,0.3923102899358197,5,0.1,0.5,1.0,0.5816598996111829,0.5952098513180706,0.5727170800169012,0.6014213651053385,0.5835984618630025,0.5873332039413339,0.5826082925106894,0.5887431451108125,0.5846988233785358,0.579512614859666,0.5868423625194549
0,1,0.3460053361738753,0.89376,5000,2.191267764126813,0.4568345323741007,834,2.1909668346563467,0.4456,0.7952319256284802,0.08369556382263944,,,0.8541142452811059,,0.8541288087947392,0.14587119120526082,0,0.39581984752536475,5,0.1,0.5,0.5816598996111829,1.0,0.6032474018598254,0.5893460844290241,0.6081098927218026,0.598824568513341,0.5844691154813048,0.5787616652091127,0.6028099615726968,0.6068020428933594,0.5964147152102616,0.6054367893983118
0,2,0.3397746518017,0.89456,5000,2.1975107899418584,0.4448441247002398,834,2.1909810217043844,0.4457,0.794930957617576,0.08366388792212111,,,0.8463210389336562,,0.8463380352391948,0.15366196476080518,0,0.3958054433362818,5,0.1,0.5,0.5952098513180706,0.6032474018598254,1.0,0.5925680862418006,0.6030244958781577,0.5864882892106058,0.5757788841757379,0.5926858583033056,0.6090766484577671,0.5881973365418743,0.606715243352756,0.600030399124862
0,3,0.337520857184983,0.8966,5000,2.189907436017637,0.44844124700239807,834,2.1916295362356752,0.4431,0.7878478426588045,0.08291841319834611,,,0.6629122564169994,,0.6629235480146579,0.3370764519853421,0,0.3946079022355703,5,0.1,0.5,0.5727170800169012,0.5893460844290241,0.5925680862418006,1.0,0.5903526592530421,0.5951087657767952,0.5777883369896435,0.5853434458630901,0.5910484864933232,0.5891150831455599,0.5996592716722055,0.6026751023602205
0,4,0.32584584220579477,0.89628,5000,2.188463317023383,0.4657863145258103,833,2.190917458397131,0.4462,0.8008659282950896,0.0842885242088657,,,0.9999999997539706,,1.0,0.0,0,0.39589510912843306,5,0.1,0.5,0.6014213651053385,0.6081098927218026,0.6030244958781577,0.5903526592530421,1.0,0.6144925491903099,0.5925742768979579,0.5933069537338844,0.5901132800049006,0.6139898709734208,0.5926003814657956,0.609427786635602
0,5,0.33497907076220795,0.89728,5000,2.188403050104777,0.4489795918367347,833,2.1910107844172955,0.4457,0.7938532873825604,0.08355046664836727,,,0.8184160582988476,,0.8184277897695899,0.18157221023041015,0,0.39573699324974015,5,0.1,0.5,0.5835984618630025,0.598824568513341,0.5864882892106058,0.5951087657767952,0.6144925491903099,1.0,0.5822770648130127,0.5845303191109648,0.5910108292907125,0.5941941033159472,0.5985665000831203,0.613691576555062
0,6,0.33631742280095245,0.89388,5000,2.1951328118642173,0.45138055222088835,833,2.19243093115834,0.4427,0.7834872527160451,0.08245947534374458,,,0.55,,0.5500125495708047,0.4499874504291953,0,0.39230057568485016,5,0.1,0.5,0.5873332039413339,0.5844691154813048,0.5757788841757379,0.5777883369896435,0.5925742768979579,0.5822770648130127,1.0,0.5847129619506897,0.5947547539150244,0.5830861956631742,0.5879024581861774,0.5936130807921479
0,7,0.34182052999900975,0.89208,5000,2.19122431896351,0.4381752701080432,833,2.1923537002965663,0.4414,0.7838725641992265,0.08250002811934738,,,0.5599771795927803,,0.5599869484463631,0.4400130515536369,0,0.39258370421735667,5,0.1,0.5,0.5826082925106894,0.5787616652091127,0.5926858583033056,0.5853434458630901,0.5933069537338844,0.5845303191109648,0.5847129619506897,1.0,0.5850370608933597,0.5875415152968975,0.58722307215269,0.5862002158612338
0,8,0.3502974263914404,0.89064,5000,2.1954957202628806,0.4117647058823529,833,2.19117197899011,0.4443,0.7921239784678378,0.08336846253110694,,,0.7736376741429138,,0.7736509211384971,0.2263490788615029,0,0.3955617213705435,5,0.1,0.5,0.5887431451108125,0.6028099615726968,0.6090766484577671,0.5910484864933232,0.5901132800049006,0.5910108292907125,0.5947547539150244,0.5850370608933597,1.0,0.5811237889958448,0.599912312953146,0.5927217606480284
0,9,0.3433239284997723,0.89248,5000,2.1879897470827454,0.45738295318127253,833,2.191190008919079,0.4438,0.7915813725569255,0.08331135503053545,,,0.7595875436443952,,0.7596004216655791,0.24039957833442094,0,0.3954861927484396,5,0.1,0.5,0.5846988233785358,0.6068020428933594,0.5881973365418743,0.5891150831455599,0.6139898709734208,0.5941941033159472,0.5830861956631742,0.5875415152968975,0.5811237889958448,1.0,0.5926160138657797,0.5998316951741239
0,10,0.3474941395632448,0.89376,5000,2.181825041770935,0.4249699879951981,833,2.1909884279147507,0.4458,0.7945002633970787,0.08361855876158572,,,0.835168727686673,,0.8351889965363185,0.1648110034636815,0,0.395781564035835,5,0.1,0.5,0.579512614859666,0.5964147152102616,0.606715243352756,0.5996592716722055,0.5926003814657956,0.5985665000831203,0.5879024581861774,0.58722307215269,0.599912312953146,0.5926160138657797,1.0,0.6078076775362612
0,11,0.3428916408680379,0.89124,5000,2.198067514984696,0.44057623049219685,833,2.190917557420822,0.4463,0.7996939986093098,0.08416518243566626,,,0.969654283481524,,0.9696651774509312,0.03033482254906883,0,0.3958946353645403,5,0.1,0.5,0.5868423625194549,0.6054367893983118,0.600030399124862,0.6026751023602205,0.609427786635602,0.613691576555062,0.5936130807921479,0.5862002158612338,0.5927217606480284,0.5998316951741239,0.6078076775362612,1.0
1,0,0.3142624226419528,0.9052,5000,2.0353265824141324,0.8069544364508393,834,2.040616506966539,0.7932,0.8103983485553846,0.08266902953181006,,,0.55,,0.5500125495708047,0.4499874504291953,0.9526179316361858,0.40239673291527,5,0.1,0.5,1.0,0.6233759850917875,0.6304258302783303,0.6261811984379116,0.6292192183815272,0.6296936695561928,0.6421663599762337,0.6276796216670564,0.6187684011037448,0.6234735759447987,0.6335397341737157,0.6248672736781524
1,1,0.30297307264724166,0.90972,5000,2.040948894288805,0.7937649880095923,834,2.035870033712052,0.7958,0.8111812891838105,0.08351261074223115,,,0.851944640700782,,0.851955223131369,0.14804477686863105,0.9602020153152501,0.40636043734807437,5,0.1,0.5,0.6233759850917875,1.0,0.6237419217986482,0.6239583844054508,0.6246161229323346,0.6390569168350145,0.6357268824124621,0.6230982183548297,0.6297541623955786,0.631334084231156,0.6342053922014048,0.6225255821997989
1,2,0.3010131596807082,0.90844,5000,2.0468442219275014,0.7793764988009593,834,2.035898792857941,0.796,0.8115563641048411,0.08350472453268122,,,0.849121914590208,,0.8491340796144772,0.15086592038552282,0.9601744865367157,0.4063550221072658,5,0.1,0.5,0.6304258302783303,0.6237419217986482,1.0,0.6309183049360155,0.6320077426183239,0.6224838929368545,0.6261472403534999,0.625339165489524,0.631063288252469,0.6392563157737937,0.626489703799291,0.6272913804394732
1,3,0.30111780552561307,0.91072,5000,2.0328536298539905,0.7925659472422062,834,2.0378796757219697,0.7946,0.8115479701152946,0.08301185506080355,,,0.6727081991588268,,0.6727222528989508,0.3272777471010492,0.9570151523614976,0.4051151427654997,5,0.1,0.5,0.6261811984379116,0.6239583844054508,0.6309183049360155,1.0,0.6287513481656942,0.6274413275179137,0.6275920101696334,0.6271583239059644,0.6268273169271937,0.6360182384099222,0.6370182150062266,0.6265050056726686
1,4,0.2876785958126472,0.91044,5000,2.0359277813522905,0.8007202881152461,833,2.0357257958037405,0.7962,0.8118092519889663,0.0839262518607327,,,0.9999999996420681,,1.0,0.0,0.9605009814166665,0.4064538806606308,5,0.1,0.5,0.6292192183815272,0.6246161229323346,0.6320077426183239,0.6287513481656942,1.0,0.6318594574368902,0.6301689851997697,0.6304954978735317,0.6258469299103342,0.6372919714507479,0.6269884036794715,0.617764819859275
1,5,0.2925967629631139,0.91164,5000,2.029548684755961,0.7839135654261705,833,2.035913630796317,0.796,0.8157671120026844,0.0835762164696594,,,0.8747111607199374,,0.8747201445710556,0.12527985542894438,0.9600564576084358,0.40639903486921797,5,0.1,0.5,0.6296936695561928,0.6390569168350145,0.6224838929368545,0.6274413275179137,0.6318594574368902,1.0,0.6408515273217017,0.6241279487392146,0.6261525936491167,0.6360250718021345,0.6412934832495266,0.6376673106194389
1,6,0.2989571823014813,0.90564,5000,2.0407303704155817,0.8127250900360145,833,2.0394995673395955,0.7935,0.8172921517091819,0.08290837226805946,,,0.6356684046638406,,0.6356859595401837,0.3643140404598163,0.9528429786157174,0.4045279569407939,5,0.1,0.5,0.6421663599762337,0.6357268824124621,0.6261472403534999,0.6275920101696334,0.6301689851997697,0.6408515273217017,1.0,0.6364208570710341,0.6338576771923183,0.6320980989474715,0.6400435097453845,0.6314939187349744
1,7,0.30014766227026846,0.90604,5000,2.039726906352573,0.8055222088835534,833,2.040307906489022,0.7923,0.8106065353150402,0.08270266426391959,,,0.5620389441780119,,0.5620551177149742,0.4379448822850258,0.9533485742798913,0.4027771562998959,5,0.1,0.5,0.6276796216670564,0.6230982183548297,0.625339165489524,0.6271583239059644,0.6304954978735317,0.6241279487392146,0.6364208570710341,1.0,0.6240090931590145,0.6376609000458873,0.631135053960638,0.6241018492387096
1,8,0.3054308370550632,0.90684,5000,2.044116227715104,0.7947178871548619,833,2.036446523742554,0.7956,0.8099953173922437,0.08325523215220992,,,0.7598206283022116,,0.7598263139400633,0.24017368605993672,0.95922490301043,0.40598460783708656,5,0.1,0.5,0.6187684011037448,0.6297541623955786,0.631063288252469,0.6268273169271937,0.6258469299103342,0.6261525936491167,0.6338576771923183,0.6240090931590145,1.0,0.6239653051225111,0.6249356712851388,0.6359393242569928
1,9,0.30067492077708435,0.90776,5000,2.0321483656212136,0.7923169267707083,833,2.036214693666647,0.7956,0.8166457290278019,0.08344877720327679,,,0.8290965796651237,,0.8291099844385322,0.17089001556146777,0.9593992056310168,0.40630642789236626,5,0.1,0.5,0.6234735759447987,0.631334084231156,0.6392563157737937,0.6360182384099222,0.6372919714507479,0.6360250718021345,0.6320980989474715,0.6376609000458873,0.6239653051225111,1.0,0.6341685930033538,0.6349544435264063
1,10,0.3000690327731857,0.91028,5000,2.0248699055777655,0.7839135654261705,833,2.035869005769967,0.7959,0.8163142663458549,0.08364023701283979,,,0.8976261565369039,,0.8976406806887205,0.1023593193112795,0.9602086370118283,0.40642527559034475,5,0.1,0.5,0.6335397341737157,0.6342053922014048,0.626489703799291,0.6370182150062266,0.6269884036794715,0.6412934832495266,0.6400435097453845,0.631135053960638,0.6249356712851388,0.6341685930033538,1.0,0.632145535127998
1,11,0.2963107302618824,0.90744,5000,2.043588391056767,0.7995198079231692,833,2.035726547241211,0.7963,0.8117884324896493,0.08384402890177634,,,0.970569778232748,,0.9705888258621556,0.029411174137844442,0.9605009409385353,0.4064533510870673,5,0.1,0.5,0.6248672736781524,0.6225255821997989,0.6272913804394732,0.6265050056726686,0.617764819859275,0.6376673106194389,0.6314939187349744,0.6241018492387096,0.6359393242569928,0.6349544435264063,0.632145535127998,1.0
2,0,0.2841831669448667,0.91444,5000,1.8404837625998038,0.9052757793764988,834,1.8492697907712894,0.888,0.8122234005372395,0.08288140150573828,,,0.570976033296498,,0.5709954319562272,0.42900456804377285,0.9610457970972058,0.4027565898796486,5,0.1,0.5,1.0,0.6258299517894133,0.6289517359042517,0.6307519693375594,0.6312882408626704,0.6305286198224815,0.6347650578072284,0.6222558228021565,0.6315406279255383,0.6310061893739364,0.6349207919762008,0.6212673075678306
2,1,0.2760987465679171,0.91908,5000,1.8496151323671695,0.8896882494004796,834,1.839702698750237,0.8906,0.8102984765163244,0.0833719252863864,,,0.7809418152480985,,0.7809547713468199,0.2190452286531801,0.9678678733160938,0.4059550794145949,5,0.1,0.5,0.6258299517894133,1.0,0.6351408456092288,0.6204247774142697,0.6290969055053632,0.6246472573471653,0.6260953447565517,0.619699561715383,0.6309228991091995,0.6279325288587949,0.6310466986896802,0.6295950171107125
2,2,0.27042800953469365,0.91788,5000,1.8557207319471571,0.8896882494004796,834,1.8397325022152056,0.8909,0.812208325149808,0.08343314061615989,,,0.8071446724599001,,0.8071632950153105,0.19283670498468952,0.9681414997852879,0.4060774154386027,5,0.1,0.5,0.6289517359042517,0.6351408456092288,1.0,0.6250827006822863,0.6308906774411716,0.6183555422776804,0.6240226822622775,0.6313041971153167,0.632841181460922,0.6260909722228408,0.6347509340208863,0.6317612961664693
2,3,0.26971593535961996,0.92068,5000,1.8354890964649342,0.8920863309352518,834,1.8441343608374794,0.8895,0.8093217778202749,0.0830070334652251,,,0.6247520450872199,,0.6247678329401134,0.3752321670598866,0.9643390575411258,0.4040911868788896,5,0.1,0.5,0.6307519693375594,0.6204247774142697,0.6250827006822863,1.0,0.6319041029591299,0.6214976729581821,0.6263447364383347,0.622703055233053,0.6257099166575519,0.6262331877028534,0.6331678878824503,0.6294324671825219
2,4,0.2528060692267575,0.92492,5000,1.8424600583535653,0.8883553421368547,833,1.8394606109625233,0.8905,0.817153138671603,0.08388369081197676,,,0.999999999571956,,1.0,0.0,0.9686686936274977,0.40629997521485484,5,0.1,0.5,0.6312882408626704,0.6290969055053632,0.6308906774411716,0.6319041029591299,1.0,0.6340264519204757,0.6365952032065455,0.6348939175901861,0.6354722661709242,0.64021393727937,0.6318184122547661,0.6294548034143267
2,5,0.26460194257058345,0.92324,5000,1.8294323947694566,0.8895558223289316,833,1.8397004490081494,0.8904,0.81228124887295,0.08348292196102061,,,0.8284532805491414,,0.8284674464133327,0.1715325535866673,0.9683182735989502,0.40614909621879947,5,0.1,0.5,0.6305286198224815,0.6246472573471653,0.6183555422776804,0.6214976729581821,0.6340264519204757,1.0,0.640503348140097,0.6256557401799693,0.6353343738608113,0.6301360102922322,0.6287754460436907,0.6301846685986372
2,6,0.26397456749977105,0.92016,5000,1.8453295319168657,0.8943577430972389,833,1.8455594218196198,0.8888,0.8140865972714688,0.08310437382019817,,,0.6664180041164877,,0.666432408011646,0.33356759198835395,0.9645675817089614,0.404834176255175,5,0.1,0.5,0.6347650578072284,0.6260953447565517,0.6240226822622775,0.6263447364383347,0.6365952032065455,0.640503348140097,1.0,0.6360583261386332,0.6356087833241855,0.6253342654552464,0.6291308484923775,0.6258025180558425
2,7,0.27107086070475117,0.917,5000,1.8488491420392636,0.8883553421368547,833,1.849388318701674,0.8879,0.8101754087026412,0.0828323971248341,,,0.55,,0.5500125495708047,0.4499874504291953,0.9608018032979968,0.4021083882613667,5,0.1,0.5,0.6222558228021565,0.619699561715383,0.6313041971153167,0.622703055233053,0.6348939175901861,0.6256557401799693,0.6360583261386332,1.0,0.6309926080616567,0.6223935766630474,0.6254503625016451,0.6315321194902337
2,8,0.27133111165017837,0.91828,5000,1.8520808926335088,0.8955582232893158,833,1.8404349355271068,0.8907,0.8150798644472369,0.08336814090527629,,,0.7793219334598254,,0.7793283469705337,0.22067165302946634,0.9673321579369375,0.40594655471629404,5,0.1,0.5,0.6315406279255383,0.6309228991091995,0.632841181460922,0.6257099166575519,0.6354722661709242,0.6353343738608113,0.6356087833241855,0.6309926080616567,1.0,0.6227102816723562,0.6288879250163998,0.6382652734519855
2,9,0.27040680600092953,0.91988,5000,1.8358996002762407,0.8907563025210085,833,1.8401525271967196,0.8903,0.8112804273806289,0.08336389477496864,,,0.77750440267847,,0.7775212087746599,0.2224787912253401,0.9677745913986829,0.40593750745586255,5,0.1,0.5,0.6310061893739364,0.6279325288587949,0.6260909722228408,0.6262331877028534,0.64021393727937,0.6301360102922322,0.6253342654552464,0.6223935766630474,0.6227102816723562,1.0,0.6234034121001323,0.634829712007373
2,10,0.27015091404437447,0.92156,5000,1.8272579775916205,0.8691476590636255,833,1.8396649791028934,0.8903,0.8134266030882161,0.08356506633351408,,,0.8636146898099252,,0.86362632397972,0.13637367602028005,0.9684983848169164,0.4062300850926807,5,0.1,0.5,0.6349207919762008,0.6310466986896802,0.6347509340208863,0.6331678878824503,0.6318184122547661,0.6287754460436907,0.6291308484923775,0.6254503625016451,0.6288879250163998,0.6234034121001323,1.0,0.6291739732136056
2,11,0.265394298399496,0.91892,5000,1.8488165890728985,0.885954381752701,833,1.8394680411670916,0.8904,0.8136069461993636,0.08370601339470164,,,0.9239462396420727,,0.9239546207519703,0.07604537924802968,0.9686418446586881,0.40629045799004715,5,0.1,0.5,0.6212673075678306,0.6295950171107125,0.6317612961664693,0.6294324671825219,0.6294548034143267,0.6301846685986372,0.6258025180558425,0.6315321194902337,0.6382652734519855,0.634829712007373,0.6291739732136056,1.0
3,0,0.25842297710715584,0.92252,5000,1.6105819322444774,0.935251798561151,834,1.62280050367593,0.9233,0.8060841937605047,0.08300373521123762,,,1.0,,1.0,0.0,0.9620329392954969,0.4034753205477735,5,0.1,0.5,1.0,0.6166926225968655,0.6247963480431961,0.6184150119274213,0.617875701825596,0.6184839802737951,0.6253601496569232,0.6160669299440181,0.6199513129015348,0.6183157200433637,0.6211863640359656,0.6105954897148589
3,1,0.24857340684979204,0.92632,5000,1.624345889797917,0.9244604316546763,834,1.6111338709870848,0.9235,0.804951963713715,0.08328918661109498,,,1.0,,1.0,0.0,0.9705592126431477,0.4034753205477735,5,0.1,0.5,0.6166926225968655,1.0,0.6277708608390803,0.6188977096949206,0.6166313382802151,0.6167920547548594,0.6196480824186723,0.6117210275349688,0.6215487159563917,0.6159035447441358,0.6180633972499873,0.610825813080948
3,2,0.24449426734428498,0.9262,5000,1.63166081905365,0.9160671462829736,834,1.6111626609826621,0.9237,0.8113597041925247,0.08355313115832845,,,1.0,,1.0,0.0,0.9708995904678878,0.4034753205477735,5,0.1,0.5,0.6247963480431961,0.6277708608390803,1.0,0.6220249116879923,0.6273679306192467,0.6162536983140033,0.6197517113926613,0.6194609993935023,0.6254606131042271,0.6282211755742565,0.6232334906339941,0.621891773391122
3,3,0.24218375041345314,0.92968,5000,1.604505803849962,0.9184652278177458,834,1.616505450334031,0.9235,0.8084259911926617,0.08316859717722704,,,1.0,,1.0,0.0,0.9656521344663365,0.4034753205477735,5,0.1,0.5,0.6184150119274213,0.6188977096949206,0.6220249116879923,1.0,0.6190378724553819,0.6218747031435419,0.6222187603804564,0.6228839902924765,0.6171699137002412,0.6242451961759814,0.6228920102485547,0.6201532456853848
3,4,0.23663012914739218,0.92912,5000,1.6170157503198694,0.9327731092436975,833,1.6108360496191934,0.9238,0.806826297320938,0.08369352749694754,,,1.0,,1.0,0.0,0.9715556685278418,0.4034753205477735,5,0.1,0.5,0.617875701825596,0.6166313382802151,0.6273679306192467,0.6190378724553819,1.0,0.6237686720623329,0.6181952164363109,0.6186683415818928,0.6187010379278075,0.6236739881919496,0.6161264947492333,0.6102830144949851
3,5,0.23878615654910065,0.92948,5000,1.597408237280669,0.929171668667467,833,1.6111120640660246,0.9238,0.8064020151535307,0.08341326485983078,,,1.0,,1.0,0.0,0.9711092885475969,0.4034753205477735,5,0.1,0.5,0.6184839802737951,0.6167920547548594,0.6162536983140033,0.6218747031435419,0.6237686720623329,1.0,0.6246931768077789,0.6183307228050909,0.6163433274545682,0.6174946770732828,0.6193742962001861,0.6146393796016554
3,6,0.2434246823013683,0.92544,5000,1.6161928662547358,0.9243697478991597,833,1.6182811439227753,0.9233,0.8090497561905281,0.08325482231793406,,,1.0,,1.0,0.0,0.9675763128579628,0.4034753205477735,5,0.1,0.5,0.6253601496569232,0.6196480824186723,0.6197517113926613,0.6222187603804564,0.6181952164363109,0.6246931768077789,1.0,0.6251801918853631,0.6193871026326148,0.6227376952980181,0.6145901922699003,0.6237110799838155
3,7,0.24554673417235554,0.92672,5000,1.6219535536236234,0.921968787515006,833,1.6229689189801202,0.9232,0.8061092836525682,0.08297214924930593,,,1.0,,1.0,0.0,0.9603464332991772,0.4034753205477735,5,0.1,0.5,0.6160669299440181,0.6117210275349688,0.6194609993935023,0.6228839902924765,0.6186683415818928,0.6183307228050909,0.6251801918853631,1.0,0.6198248604451224,0.6199994467836616,0.620041556261513,0.6160293368613724
3,8,0.24730651754482535,0.92596,5000,1.627189728948805,0.9303721488595438,833,1.6119883936434127,0.9235,0.8051137077811095,0.08329231876315195,,,1.0,,1.0,0.0,0.9705398003647129,0.4034753205477735,5,0.1,0.5,0.6199513129015348,0.6215487159563917,0.6254606131042271,0.6171699137002412,0.6187010379278075,0.6163433274545682,0.6193871026326148,0.6198248604451224,1.0,0.6082152638302833,0.6102569273677798,0.6192551504477746
3,9,0.24639718108306266,0.92664,5000,1.6074306435055203,0.9243697478991597,833,1.6116495920827214,0.9233,0.8076253995052276,0.08337707209550393,,,1.0,,1.0,0.0,0.9705219227623127,0.4034753205477735,5,0.1,0.5,0.6183157200433637,0.6159035447441358,0.6282211755742565,0.6242451961759814,0.6236739881919496,0.6174946770732828,0.6227376952980181,0.6199994467836616,0.6082152638302833,1.0,0.6203110067759363,0.6212945861592128
3,10,0.24012053932721733,0.92844,5000,1.5980303044672366,0.9039615846338536,833,1.6110555021145854,0.9238,0.8065991875902842,0.08347455168142581,,,1.0,,1.0,0.0,0.9713730218504899,0.4034753205477735,5,0.1,0.5,0.6211863640359656,0.6180633972499873,0.6232334906339941,0.6228920102485547,0.6161264947492333,0.6193742962001861,0.6145901922699003,0.620041556261513,0.6102569273677798,0.6203110067759363,1.0,0.6235115867654465
3,11,0.240237456617082,0.92568,5000,1.62157788100066,0.9195678271308524,833,1.6108458049761982,0.9238,0.8048703763891412,0.08350764337801195,,,1.0,,1.0,0.0,0.971521263839949,0.4034753205477735,5,0.1,0.5,0.6105954897148589,0.610825813080948,0.621891773391122,0.6201532456853848,0.6102830144949851,0.6146393796016554,0.6237110799838155,0.6160293368613724,0.6192551504477746,0.6212945861592128,0.6235115867654465,1.0
4,0,0.23897036658125415,0.93108,5000,1.3622863910816334,0.9436450839328537,834,1.37846374778321,0.9363,0.7944104805525662,0.0830176635271522,,,1.0,,1.0,0.0,0.9710223661211783,0.3985857168676271,5,0.1,0.5,1.0,0.597473101349239,0.6024136444496477,0.5969067502355666,0.6027455426739972,0.5966347656193505,0.6069434192444372,0.5891330191411894,0.6030896756737933,0.6077904180248664,0.6014211812013568,0.5963463468616608
4,1,0.22339299293294265,0.93592,5000,1.3804153115661055,0.9424460431654677,834,1.3654952464393153,0.9379,0.8004946694845255,0.08342051205326291,,,1.0,,1.0,0.0,0.9710223661211783,0.3985857168676271,5,0.1,0.5,0.597473101349239,1.0,0.6163222017028757,0.5960349102937248,0.613620382077748,0.6103621133198437,0.6102556816184712,0.5956598480760774,0.604337779647935,0.6085050674717818,0.6061201861790081,0.5989491578003262
4,2,0.22480393882223945,0.9334,5000,1.3906638269071225,0.9316546762589928,834,1.3655209865052098,0.9384,0.8003409141041457,0.08359068615277737,,,1.0,,1.0,0.0,0.9710223661211783,0.3985857168676271,5,0.1,0.5,0.6024136444496477,0.6163222017028757,1.0,0.5985654360518039,0.6123515496634715,0.5915754509274809,0.6026165372225019,0.6022659842071857,0.6082810164398766,0.6122546416218092,0.6036999939602898,0.6046694944024645
4,3,0.22705311093384484,0.93452,5000,1.3573707739512126,0.934052757793765,834,1.371404778081388,0.9368,0.7909604360436795,0.0830065430585525,,,1.0,,1.0,0.0,0.9710223661211783,0.3985857168676271,5,0.1,0.5,0.5969067502355666,0.5960349102937248,0.5985654360518039,1.0,0.6044230895022286,0.5920841983255873,0.5967230601144021,0.5903485759448752,0.6023759416506593,0.6012190492923235,0.5924577480375932,0.5959795375082448
4,4,0.21537506488406924,0.9352,5000,1.374553265394988,0.9387755102040817,833,1.3651629461647985,0.9382,0.8040360704205102,0.08381342261476715,,,1.0,,1.0,0.0,0.9710223661211783,0.3985857168676271,5,0.1,0.5,0.6027455426739972,0.613620382077748,0.6123515496634715,0.6044230895022286,1.0,0.6069579780211479,0.6141570257591275,0.6092085565542615,0.6064963114361043,0.6179478233793009,0.6008657609108763,0.6009832249371156
4,5,0.2190077783646667,0.93508,5000,1.3499768795790497,0.9423769507803121,833,1.3654509908475054,0.9384,0.7938115590827037,0.08326908638179842,,,1.0,,1.0,0.0,0.9710223661211783,0.3985857168676271,5,0.1,0.5,0.5966347656193505,0.6103621133198437,0.5915754509274809,0.5920841983255873,0.6069579780211479,1.0,0.6007796207668481,0.5926549893159619,0.5960873693546324,0.6141468576906517,0.5931477972123133,0.5987744241628119
4,6,0.2196088608496698,0.93276,5000,1.3677813256228413,0.9423769507803121,833,1.3734045721852361,0.9369,0.7995566879262515,0.08336481983579426,,,1.0,,1.0,0.0,0.9710223661211783,0.3985857168676271,5,0.1,0.5,0.6069434192444372,0.6102556816184712,0.6026165372225019,0.5967230601144021,0.6141570257591275,0.6007796207668481,1.0,0.5986018250486698,0.6135180727319466,0.6083476960868075,0.5956977523370051,0.6012995997143173
4,7,0.2241702114463232,0.93316,5000,1.3763590786192152,0.936374549819928,833,1.3786670426591137,0.9363,0.7913688274936101,0.0828901767223506,,,1.0,,1.0,0.0,0.9710223661211783,0.3985857168676271,5,0.1,0.5,0.5891330191411894,0.5956598480760774,0.6022659842071857,0.5903485759448752,0.6092085565542615,0.5926549893159619,0.5986018250486698,1.0,0.6030197128907824,0.6043348937656161,0.5884755554308241,0.5982283010292176
4,8,0.22964955865031786,0.93068,5000,1.3848447402318318,0.9483793517406963,833,1.3664048064631014,0.938,0.7988499204725658,0.08336501814875881,,,1.0,,1.0,0.0,0.9710223661211783,0.3985857168676271,5,0.1,0.5,0.6030896756737933,0.604337779647935,0.6082810164398766,0.6023759416506593,0.6064963114361043,0.5960873693546324,0.6135180727319466,0.6030197128907824,1.0,0.6049531111267445,0.5927518265015739,0.6071237915256481
4,9,0.22475115858777694,0.93452,5000,1.3619155795485884,0.9375750300120048,833,1.3660369315467322,0.9383,0.8040546115630489,0.08360358874468234,,,1.0,,1.0,0.0,0.9710223661211783,0.3985857168676271,5,0.1,0.5,0.6077904180248664,0.6085050674717818,0.6122546416218092,0.6012190492923235,0.6179478233793009,0.6141468576906517,0.6083476960868075,0.6043348937656161,0.6049531111267445,1.0,0.6022553496649417,0.6095870934474746
4,10,0.23074240594624784,0.93248,5000,1.3538746811725475,0.9207683073229291,833,1.3653804528446625,0.9384,0.7922122818724591,0.08325386451641523,,,1.0,,1.0,0.0,0.9710223661211783,0.3985857168676271,5,0.1,0.5,0.6014211812013568,0.6061201861790081,0.6036999939602898,0.5924577480375932,0.6008657609108763,0.5931477972123133,0.5956977523370051,0.5884755554308241,0.5927518265015739,0.6022553496649417,1.0,0.6007038496834904
4,11,0.22010357947278603,0.9324,5000,1.376755542225308,0.9315726290516206,833,1.3651750358148886,0.9382,0.7958899685645077,0.08340461824368814,,,1.0,,1.0,0.0,0.9710223661211783,0.3985857168676271,5,0.1,0.5,0.5963463468616608,0.5989491578003262,0.6046694944024645,0.5959795375082448,0.6009832249371156,0.5987744241628119,0.6012995997143173,0.5982283010292176,0.6071237915256481,0.6095870934474746,0.6007038496834904,1.0
5,0,0.22236660091550486,0.93432,5000,1.1106175471235205,0.9520383693045563,834,1.130660827357929,0.9443,0.7784470046175853,0.08291941494408232,,,1.0,,1.0,0.0,0.9698965384251966,0.39210830644052524,5,0.1,0.5,1.0,0.5636949367527749,0.5813711427598585,0.5731797760927171,0.5732275579404184,0.5792067421344839,0.5758888818812476,0.5726429723696497,0.5764175076627622,0.5745720863582892,0.579653595373629,0.5773963877934049
5,1,0.21032983015534604,0.93836,5000,1.1330660007618092,0.9424460431654677,834,1.1173469351884275,0.9444,0.7775359335197317,0.08315675850569107,,,1.0,,1.0,0.0,0.9698965384251966,0.39210830644052524,5,0.1,0.5,0.5636949367527749,1.0,0.5799681123958508,0.5665963975067675,0.5795029385722589,0.5805918040075909,0.5723637246886021,0.5677898603723915,0.5728567829183028,0.5734674129260732,0.576564217254756,0.5830885502459502
5,2,0.20552677799870445,0.93936,5000,1.1471623204372547,0.9364508393285371,834,1.11737051844216,0.9444,0.7889611163370268,0.08367271166175654,,,1.0,,1.0,0.0,0.9698965384251966,0.39210830644052524,5,0.1,0.5,0.5813711427598585,0.5799681123958508,1.0,0.574787936055025,0.5946165955124364,0.5744313495803723,0.582612190398088,0.5802270546094633,0.5819815327343606,0.593327707630713,0.5870805457663419,0.5927440784141174
5,3,0.21097533657114692,0.93792,5000,1.1094737339902807,0.9388489208633094,834,1.1233917206240158,0.9442,0.7790948728470166,0.08293478177042399,,,1.0,,1.0,0.0,0.9698965384251966,0.39210830644052524,5,0.1,0.5,0.5731797760927171,0.5665963975067675,0.574787936055025,1.0,0.5772747705203183,0.5778184472988963,0.5718661010704245,0.5749929216470084,0.5798829183803178,0.5791638416738958,0.5817593596832601,0.5760767343142377
5,4,0.1933542485431928,0.94108,5000,1.1280998521380954,0.9447779111644657,833,1.1169969098636519,0.9446,0.7883354458470271,0.08379964787935487,,,1.0,,1.0,0.0,0.9698965384251966,0.39210830644052524,5,0.1,0.5,0.5732275579404184,0.5795029385722589,0.5946165955124364,0.5772747705203183,1.0,0.5899553679853797,0.581807202469141,0.583786375148349,0.5812401731144642,0.5905734987730537,0.581750823178029,0.5824650065328887
5,5,0.20072390668740744,0.94056,5000,1.1013880261668452,0.9507803121248499,833,1.1172854001529682,0.9445,0.786097025864457,0.08335682549513133,,,1.0,,1.0,0.0,0.9698965384251966,0.39210830644052524,5,0.1,0.5,0.5792067421344839,0.5805918040075909,0.5744313495803723,0.5778184472988963,0.5899553679853797,1.0,0.583919624649452,0.5807619578536144,0.5742594798642736,0.586406164462385,0.584239164851537,0.5863080894175625
5,6,0.2044241124556465,0.93948,5000,1.1156611442565918,0.9507803121248499,833,1.1254540525686245,0.9445,0.7835264430777613,0.08333036883376196,,,1.0,,1.0,0.0,0.9698965384251966,0.39210830644052524,5,0.1,0.5,0.5758888818812476,0.5723637246886021,0.582612190398088,0.5718661010704245,0.581807202469141,0.583919624649452,1.0,0.5865674391437236,0.5832264628306609,0.5785093612922608,0.5727141109102906,0.5837929890784551
5,7,0.20973396519922716,0.93736,5000,1.1270142219684742,0.9471788715486195,833,1.1308965742016752,0.9442,0.7828993555498994,0.08299087096023781,,,1.0,,1.0,0.0,0.9698965384251966,0.39210830644052524,5,0.1,0.5,0.5726429723696497,0.5677898603723915,0.5802270546094633,0.5749929216470084,0.583786375148349,0.5807619578536144,0.5865674391437236,1.0,0.5786947806467362,0.5812356520835664,0.5785464513539726,0.5844723073037594
5,8,0.21143002937500407,0.93816,5000,1.1398149287259136,0.9519807923169268,833,1.118262503284235,0.9444,0.7840395630896246,0.08334856238306193,,,1.0,,1.0,0.0,0.9698965384251966,0.39210830644052524,5,0.1,0.5,0.5764175076627622,0.5728567829183028,0.5819815327343606,0.5798829183803178,0.5812401731144642,0.5742594798642736,0.5832264628306609,0.5786947806467362,1.0,0.580633092662368,0.577286008157701,0.5915967713712164
5,9,0.2071541342421607,0.93988,5000,1.113371937363236,0.9471788715486195,833,1.1178805909979457,0.9445,0.7869316921530036,0.08360990831427721,,,1.0,,1.0,0.0,0.9698965384251966,0.39210830644052524,5,0.1,0.5,0.5745720863582892,0.5734674129260732,0.593327707630713,0.5791638416738958,0.5905734987730537,0.586406164462385,0.5785093612922608,0.5812356520835664,0.580633092662368,1.0,0.5750262396582698,0.5911001805994441
5,10,0.20725436791374235,0.93944,5000,1.1092950867282019,0.9255702280912365,833,1.1172045476901264,0.9445,0.7843834412148409,0.0832863304456094,,,1.0,,1.0,0.0,0.9698965384251966,0.39210830644052524,5,0.1,0.5,0.579653595373629,0.576564217254756,0.5870805457663419,0.5817593596832601,0.581750823178029,0.584239164851537,0.5727141109102906,0.5785464513539726,0.577286008157701,0.5750262396582698,1.0,0.5872846917924982
5,11,0.2005570209146163,0.93956,5000,1.1283596445012976,0.9423769507803121,833,1.1170101775148045,0.9447,0.7902550206031027,0.08359381880661151,,,1.0,,1.0,0.0,0.9698965384251966,0.39210830644052524,5,0.1,0.5,0.5773963877934049,0.5830885502459502,0.5927440784141174,0.5760767343142377,0.5824650065328887,0.5863080894175625,0.5837929890784551,0.5844723073037594,0.5915967713712164,0.5911001805994441,0.5872846917924982,1.0
6,0,0.20600882216125346,0.93804,5000,0.873834283263595,0.9556354916067147,834,0.8960025678046595,0.9483,0.7723997240891317,0.08308811704092602,,,1.0,,1.0,0.0,0.967804443868382,0.3857345920039913,5,0.1,0.5,1.0,0.5528564013818783,0.5614870664086107,0.5671037953576566,0.5590315535199223,0.5605045348733417,0.5563586018509751,0.5493992154350764,0.5641988551681762,0.5623624863811116,0.559455079229814,0.5599844810843221
6,1,0.19531157374156605,0.94124,5000,0.8986564146147834,0.9460431654676259,834,0.8835105537987364,0.9486,0.7652971360028173,0.08299635189419621,,,1.0,,1.0,0.0,0.967804443868382,0.3857345920039913,5,0.1,0.5,0.5528564013818783,1.0,0.5549537952877501,0.5475333775564442,0.552565488168962,0.55685466942548,0.5517660778826862,0.5474082039542404,0.5528223994582198,0.5567737305020936,0.5592726791080725,0.5529130846578034
6,2,0.1910617083245829,0.9418,5000,0.9165200811845285,0.9388489208633094,834,0.8835303857684517,0.9487,0.7719107333021265,0.08357731851641713,,,1.0,,1.0,0.0,0.967804443868382,0.3857345920039913,5,0.1,0.5,0.5614870664086107,0.5549537952877501,1.0,0.5549456031545852,0.5610895949353034,0.5491175710642647,0.5552433498578304,0.5559039450136632,0.5599972419217879,0.5660270183440627,0.5571877565861358,0.5682245137723806
6,3,0.19385316550470652,0.94288,5000,0.8761863796799271,0.9508393285371702,834,0.8891497938015971,0.9489,0.7713459951311749,0.08306115933889582,,,1.0,,1.0,0.0,0.967804443868382,0.3857345920039913,5,0.1,0.5,0.5671037953576566,0.5475333775564442,0.5549456031545852,1.0,0.5566403133280232,0.5588550700700937,0.5520300908374116,0.5614749051619732,0.5592498655358985,0.5650456539687196,0.5619986830691714,0.5581078141163198
6,4,0.18168036196452036,0.94584,5000,0.895273749475126,0.9423769507803121,833,0.8831745169033258,0.9486,0.7718446573470743,0.08366033032015821,,,1.0,,1.0,0.0,0.967804443868382,0.3857345920039913,5,0.1,0.5,0.5590315535199223,0.552565488168962,0.5610895949353034,0.5566403133280232,1.0,0.5621722341854678,0.5580991002569887,0.5554674933435176,0.557453220118296,0.5634804183348724,0.5603314838981078,0.5565987893777116
6,5,0.1860097144071938,0.94556,5000,0.8676794127181724,0.9567827130852341,833,0.8834388320819258,0.9487,0.771823056707563,0.08336181828343127,,,1.0,,1.0,0.0,0.967804443868382,0.3857345920039913,5,0.1,0.5,0.5605045348733417,0.55685466942548,0.5491175710642647,0.5588550700700937,0.5621722341854678,1.0,0.5593146231648629,0.5530268230033337,0.55684015432418,0.5671498712553035,0.562233503017437,0.5590343595219999
6,6,0.18434921133266702,0.94484,5000,0.8774863128308896,0.9543817527010804,833,0.8911016575825481,0.9485,0.7683278735875162,0.08322033905739053,,,1.0,,1.0,0.0,0.967804443868382,0.3857345920039913,5,0.1,0.5,0.5563586018509751,0.5517660778826862,0.5552433498578304,0.5520300908374116,0.5580991002569887,0.5593146231648629,1.0,0.5550575642746576,0.5591854206838942,0.5566419985733925,0.5498719937382888,0.5592862514958915
6,7,0.19445906239532076,0.9402,5000,0.8902319625571922,0.9531812725090036,833,0.8962628915667915,0.9483,0.7676132017327009,0.08296677406715074,,,1.0,,1.0,0.0,0.967804443868382,0.3857345920039913,5,0.1,0.5,0.5493992154350764,0.5474082039542404,0.5559039450136632,0.5614749051619732,0.5554674933435176,0.5530268230033337,0.5550575642746576,1.0,0.5609888546696171,0.5543269204688976,0.5550451773121294,0.5599757970048679
6,8,0.19472926801106163,0.9422,5000,0.9070066544744704,0.9531812725090036,833,0.8843568706283935,0.9486,0.7732520869300591,0.08340683386394045,,,1.0,,1.0,0.0,0.967804443868382,0.3857345920039913,5,0.1,0.5,0.5641988551681762,0.5528223994582198,0.5599972419217879,0.5592498655358985,0.557453220118296,0.55684015432418,0.5591854206838942,0.5609888546696171,1.0,0.5614381071503699,0.5547849617761509,0.5714202560823096
6,9,0.18756637566361078,0.9456,5000,0.8788808231000547,0.9519807923169268,833,0.8839924744904613,0.9485,0.7759470017832697,0.08367792888333873,,,1.0,,1.0,0.0,0.967804443868382,0.3857345920039913,5,0.1,0.5,0.5623624863811116,0.5567737305020936,0.5660270183440627,0.5650456539687196,0.5634804183348724,0.5671498712553035,0.5566419985733925,0.5543269204688976,0.5614381071503699,1.0,0.5629512002293826,0.565715822829815
6,10,0.19335285772326266,0.94352,5000,0.8795241829421785,0.9327731092436975,833,0.8833590500270978,0.9487,0.7722982723093604,0.0833312356742525,,,1.0,,1.0,0.0,0.967804443868382,0.3857345920039913,5,0.1,0.5,0.559455079229814,0.5592726791080725,0.5571877565861358,0.5619986830691714,0.5603314838981078,0.562233503017437,0.5498719937382888,0.5550451773121294,0.5547849617761509,0.5629512002293826,1.0,0.5667311965475795
6,11,0.1850248987768676,0.9426,5000,0.8941336539056566,0.9471788715486195,833,0.8831881939793547,0.9486,0.7755141674665609,0.08365179305990239,,,1.0,,1.0,0.0,0.967804443868382,0.3857345920039913,5,0.1,0.5,0.5599844810843221,0.5529130846578034,0.5682245137723806,0.5581078141163198,0.5565987893777116,0.5590343595219999,0.5592862514958915,0.5599757970048679,0.5714202560823096,0.565715822829815,0.5667311965475795,1.0
7,0,0.19059584181886285,0.94268,5000,0.6675351946442215,0.9628297362110312,834,0.6912659678977138,0.9529,0.7569042891414967,0.08322872201240335,,,1.0,,1.0,0.0,0.9651829918609625,0.3775942067414965,5,0.1,0.5,1.0,0.5278600274809859,0.5380614377762648,0.5279666998421824,0.5373260641565186,0.5401640263996915,0.5370893634116256,0.5241364598781587,0.5322166299438064,0.534651234867373,0.5325487353071366,0.5285237663614286
7,1,0.18214767614771035,0.9458,5000,0.6945654705718711,0.947242206235012,834,0.6803271212516883,0.9521,0.748692568952714,0.08287396476741367,,,1.0,,1.0,0.0,0.9651829918609625,0.3775942067414965,5,0.1,0.5,0.5278600274809859,1.0,0.5337830975661243,0.5148325925036791,0.5322687472541965,0.5316439954275118,0.5316203132520004,0.5135150454778471,0.5223224922784709,0.5202591626327392,0.5296658844600078,0.52888127703733
7,2,0.17844270455716238,0.94644,5000,0.7149021250230295,0.9460431654676259,834,0.6803465557936281,0.952,0.7565753154645876,0.08354822169772325,,,1.0,,1.0,0.0,0.9651829918609625,0.3775942067414965,5,0.1,0.5,0.5380614377762648,0.5337830975661243,1.0,0.5281379044775281,0.5373319080517854,0.5289815610062001,0.5314846361623993,0.5314903503517242,0.5336073976699155,0.5340602099044109,0.5300097471553284,0.5279595230877683
7,3,0.17713973644207331,0.94836,5000,0.6740312311384413,0.9544364508393285,834,0.6852210075520098,0.9522,0.7480390140392761,0.08289455428504673,,,1.0,,1.0,0.0,0.9651829918609625,0.3775942067414965,5,0.1,0.5,0.5279666998421824,0.5148325925036791,0.5281379044775281,1.0,0.5280816411343489,0.5321623063128105,0.5156495294319472,0.5209796195747325,0.5268584826594882,0.5307004785615869,0.5266850766097345,0.5282975728890974
7,4,0.16653983492024574,0.94916,5000,0.6908376967465436,0.9447779111644657,833,0.6800357492777486,0.9519,0.7623471578119292,0.08381010688773162,,,1.0,,1.0,0.0,0.9651829918609625,0.3775942067414965,5,0.1,0.5,0.5373260641565186,0.5322687472541965,0.5373319080517854,0.5280816411343489,1.0,0.5486361735124718,0.5446108731779371,0.5393870872157202,0.5347586535674262,0.5409382387166778,0.5325610561080548,0.530849323564915
7,5,0.17592783465827252,0.94836,5000,0.6650233644026297,0.9555822328931572,833,0.6802590219928815,0.9519,0.7605895999049688,0.08354536304539928,,,1.0,,1.0,0.0,0.9651829918609625,0.3775942067414965,5,0.1,0.5,0.5401640263996915,0.5316439954275118,0.5289815610062001,0.5321623063128105,0.5486361735124718,1.0,0.5381010924484122,0.5307549780090454,0.5341941416919539,0.5354431675844171,0.5384428509362927,0.5339232777914672
