round,client_id,client_i_training_loss,client_i_training_accuracy,client_i_training_dataset_size,client_i_evaluation_loss,client_i_evaluation_accuracy,client_i_evaluation_dataset_size,client_i_central_evaluation_loss,client_i_central_evaluation_accuracy,client_i_cosine_similarity,client_i_importance_coefficient,client_i_tanh_val,tanh_normalization_value,client_i_q,client_i_mask_order,client_i_v_nonzero_fraction,client_i_v_sparsity,client_i_v_cosine_similarity,client_i_reward_gradient_norm,local_epochs,learning_rate,gamma,client_0_cosine_similarity,client_1_cosine_similarity,client_2_cosine_similarity,client_3_cosine_similarity,client_4_cosine_similarity,client_5_cosine_similarity,client_6_cosine_similarity,client_7_cosine_similarity,client_8_cosine_similarity,client_9_cosine_similarity,client_10_cosine_similarity,client_11_cosine_similarity
0,0,2.2952813134048924,0.1802735781137509,4167,2.2979754379817416,0.16546762589928057,834,2.2983744204798833,0.1619,0.9598280151709075,0.0834262302078373,,,0.8831770924869777,,0.8832169794193857,0.1167830205806143,0,0.14380972401385483,10,0.025,0.15,1.0,0.9184695647094333,0.90516966116423,0.9134049000075394,0.9003024958897418,0.9070279553189683,0.9015187043766738,0.9201969168192218,0.8931053952960654,0.9467691718731229,0.9252944485121345,0.9116619324326826
0,1,2.295209539297855,0.13774898008159348,4167,2.294177940913609,0.1750599520383693,834,2.2983739285529414,0.1619,0.9672154399371847,0.08406832961466154,,,0.9792975992131044,,0.9793451172616395,0.02065488273836047,0,0.14381379805725614,10,0.025,0.15,0.9184695647094333,1.0,0.8748861609114511,0.9026943026885047,0.9492317249939886,0.9452821000765387,0.9039495700617137,0.9451954793260733,0.9194091650144006,0.922129128006046,0.9168842623344703,0.9297787288640058
0,2,2.295107840046738,0.11252699784017278,4167,2.2958099160875594,0.18705035971223022,834,2.298426250868206,0.1617,0.9419069878413815,0.08186857224419913,,,0.65,,0.6500140284860788,0.3499859715139212,0,0.14332868321588854,10,0.025,0.15,0.90516966116423,0.8748861609114511,1.0,0.9076175309560541,0.8547616852074453,0.8940302211694094,0.9357879645743709,0.8471627529460943,0.8888959228085274,0.9018532806735258,0.9104694163384512,0.9161054530220583
0,3,2.2963267926013833,0.13738900887928965,4167,2.2975404603140697,0.1618705035971223,834,2.298376445528827,0.162,0.9550555682758312,0.08301141917187017,,,0.8210810267547992,,0.8211202983941509,0.1788797016058491,0,0.1437948124210673,10,0.025,0.15,0.9134049000075394,0.9026943026885047,0.9076175309560541,1.0,0.8857349046013011,0.9009909451930601,0.9065254336485394,0.8782247017639196,0.9175914120967474,0.9093482751918832,0.9413767559443166,0.9245127092422522
0,4,2.2950853781266645,0.12704583633309335,4167,2.298487867627825,0.15126050420168066,833,2.2983764998520475,0.162,0.954681897113535,0.0829789404611897,,,0.8162190535225562,,0.8162680926210163,0.1837319073789837,0,0.14379314069605634,10,0.025,0.15,0.9003024958897418,0.9492317249939886,0.8547616852074453,0.8857349046013011,1.0,0.919723340001549,0.8953454073120436,0.9334528561311534,0.9168486058413257,0.9255713810633359,0.8882708904592175,0.9144683669034684
0,5,2.2960031162608754,0.1404607631389489,4167,2.300194706235613,0.15006002400960383,833,2.298373952696595,0.1619,0.9650182665348924,0.08387735592857515,,,0.9507093661717909,,0.9507600138634451,0.04923998613655489,0,0.14381359390197804,10,0.025,0.15,0.9070279553189683,0.9452821000765387,0.8940302211694094,0.9009909451930601,0.919723340001549,1.0,0.8884981067515263,0.9170584043313856,0.938833024614317,0.9267060854045022,0.9162797043513131,0.9482136578592059
0,6,2.2961516430883697,0.11888648908087353,4167,2.299674851553781,0.1608643457382953,833,2.298382970351207,0.162,0.9502815896791615,0.08259647500362548,,,0.7589650314885876,,0.759007113267647,0.24099288673235297,0,0.1436728317930996,10,0.025,0.15,0.9015187043766738,0.9039495700617137,0.9357879645743709,0.9065254336485394,0.8953454073120436,0.8884981067515263,1.0,0.8841985776408554,0.9182874239893309,0.8968658529669256,0.9033173937230821,0.8987885609909475
0,7,2.2954817764686815,0.12435805135589152,4167,2.299285956791469,0.15846338535414164,833,2.298381035840964,0.1619,0.9524750617680008,0.08278712697933947,,,0.7875051053762168,,0.7875592084633032,0.21244079153669682,0,0.14368981563725367,10,0.025,0.15,0.9201969168192218,0.9451954793260733,0.8471627529460943,0.8782247017639196,0.9334528561311534,0.9170584043313856,0.8841985776408554,1.0,0.9093302342985745,0.9216328130113518,0.900443810413251,0.9014243207418545
0,8,2.29730661276615,0.1583293326932309,4166,2.3014075756073,0.15366146458583432,833,2.2983740945405597,0.1619,0.9612927800186014,0.0835535444844083,,,0.9022356878499599,,0.9022709643346372,0.09772903566536284,0,0.1438115557977387,10,0.025,0.15,0.8931053952960654,0.9194091650144006,0.8888959228085274,0.9175914120967474,0.9168486058413257,0.938833024614317,0.9182874239893309,0.9093302342985745,1.0,0.9099212329906409,0.9198563039324518,0.9277127139784553
0,9,2.2950678008975403,0.178516562650024,4166,2.299499409539359,0.15606242496998798,833,2.298373964768422,0.1619,0.965779159830269,0.08394349117178575,,,0.9606096293121968,,0.9606377184730406,0.03936228152695942,0,0.14381370764774123,10,0.025,0.15,0.9467691718731229,0.922129128006046,0.9018532806735258,0.9093482751918832,0.9255713810633359,0.9267060854045022,0.8968658529669256,0.9216328130113518,0.9099212329906409,1.0,0.9158109077811291,0.934796169762054
0,10,2.29665860118288,0.13096495439270284,4166,2.2973290511540005,0.16206482593037214,833,2.2983739768402485,0.1619,0.9627694091024664,0.08368188997540772,,,0.921448653163063,,0.9214982423132149,0.07850175768678513,0,0.1438126703975674,10,0.025,0.15,0.9252944485121345,0.9168842623344703,0.9104694163384512,0.9413767559443166,0.8882708904592175,0.9162797043513131,0.9033173937230821,0.900443810413251,0.9198563039324518,0.9158109077811291,1.0,0.9387790198489173
0,11,2.2959265210411766,0.13946231397023523,4166,2.3000905513763428,0.15966386554621848,833,2.2983739104452012,0.1619,0.9688065408624471,0.08420662475710038,,,0.9999999998503029,,1.0,0.0,0,0.1438138087001976,10,0.025,0.15,0.9116619324326826,0.9297787288640058,0.9161054530220583,0.9245127092422522,0.9144683669034684,0.9482136578592059,0.8987885609909475,0.9014243207418545,0.9277127139784553,0.934796169762054,0.9387790198489173,1.0
1,0,2.229561811866182,0.2162227021838253,4167,2.28861597606114,0.2158273381294964,834,2.289407841766937,0.2074,0.9889886487453584,0.08336869507382304,,,0.8710622523071898,,0.8710947170371838,0.12890528296281623,0.809080285592465,0.14842155757169384,10,0.025,0.15,1.0,0.9764327492772479,0.9748569129568762,0.9792995019444684,0.9745509141340378,0.974477751170398,0.9765126340677607,0.977586100118916,0.9739729273741172,0.9804653747054457,0.9779609346031395,0.9790096197405724
1,1,2.2269175338022635,0.1873050155987521,4167,2.284860168184553,0.20863309352517986,834,2.289405982705611,0.2073,0.9908913110316654,0.0838254439191603,,,0.9754731750548508,,0.9755161657671931,0.024483834232806867,0.8088999339999724,0.14844974021272617,10,0.025,0.15,0.9764327492772479,1.0,0.9762673887849732,0.97661917812181,0.9821072265338092,0.9801471870720028,0.9766083655150213,0.9798540460888746,0.9826855022416323,0.9747504416583069,0.9792322732428985,0.9828341498823053
1,2,2.2224115653471515,0.17475401967842571,4167,2.286919048854283,0.2278177458033573,834,2.2895119461832167,0.2097,0.9887257635099902,0.08240165134092751,,,0.65,,0.6500140284860788,0.3499859715139212,0.805702968384249,0.14811393039850354,10,0.025,0.15,0.9748569129568762,0.9762673887849732,1.0,0.9771428300144862,0.9750449530489913,0.9786975372098544,0.9820658496514462,0.9682762693501374,0.9783502148030065,0.973352371679023,0.9801239077658664,0.97828990699906
1,3,2.2304282636353463,0.20026397888168945,4167,2.2894018718174527,0.21942446043165467,834,2.2894128334673147,0.2072,0.9905276761269565,0.0831632800542465,,,0.8241052168178544,,0.8241488009770428,0.1758511990229572,0.809146953216648,0.1484033631367198,10,0.025,0.15,0.9792995019444684,0.97661917812181,0.9771428300144862,1.0,0.9778856531130643,0.9730647562632775,0.9802605116888389,0.9730304613200678,0.982551601558477,0.9793781450253204,0.9827786037731802,0.9814989566166695
1,4,2.23164764028607,0.17861771058315334,4167,2.2904655252184187,0.20168067226890757,833,2.289415890657449,0.2071,0.9894118791732495,0.08310715569576936,,,0.811275417428013,,0.8113168622402667,0.18868313775973333,0.8089772480030596,0.1483804132890432,10,0.025,0.15,0.9745509141340378,0.9821072265338092,0.9750449530489913,0.9778856531130643,1.0,0.9744780493905676,0.9786687332036846,0.9742583720505142,0.9822471034281144,0.97740060537462,0.9780248989328177,0.9756028421320956
1,5,2.2294958212158895,0.20383969282457404,4167,2.291379656110491,0.1788715486194478,833,2.2894058499155165,0.2073,0.9870833527937226,0.08358459432209006,,,0.9204159397050002,,0.9204584839332575,0.07954151606674253,0.8089433740916913,0.14844585730867768,10,0.025,0.15,0.974477751170398,0.9801471870720028,0.9786975372098544,0.9730647562632775,0.9744780493905676,1.0,0.9723247641760947,0.9719205556752042,0.9749080992215314,0.9707091873859314,0.9738845699259715,0.9777825938923602
1,6,2.2388822678363685,0.19071274298056157,4167,2.290280444281442,0.21608643457382953,833,2.289427880999408,0.2098,0.9901567625574202,0.08289592456195893,,,0.7629888419515146,,0.7630258619266888,0.23697413807331125,0.8076436706990306,0.14833575132369373,10,0.025,0.15,0.9765126340677607,0.9766083655150213,0.9820658496514462,0.9802605116888389,0.9786687332036846,0.9723247641760947,1.0,0.9740581967205101,0.9814188994875278,0.978797956668259,0.9780594802923444,0.9805694852710558
1,7,2.229063032612656,0.20602351811855052,4167,2.2897139617374966,0.2112845138055222,833,2.2894244224210327,0.2098,0.9876055692924182,0.08293061805443616,,,0.7709196328005021,,0.7709560825865227,0.2290439174134773,0.8077449134429844,0.14834271429601387,10,0.025,0.15,0.977586100118916,0.9798540460888746,0.9682762693501374,0.9730304613200678,0.9742583720505142,0.9719205556752042,0.9740581967205101,1.0,0.979901895342973,0.9783208712508252,0.9741509726097798,0.9773709751776891
1,8,2.2349996252493427,0.2017762842054729,4166,2.2927137442997525,0.19807923169267708,833,2.2894065289557735,0.2073,0.9916435912168334,0.08353302734485793,,,0.9086279390760359,,0.9086828076777079,0.09131719232229207,0.8089105628134062,0.14844442927984144,10,0.025,0.15,0.9739729273741172,0.9826855022416323,0.9783502148030065,0.982551601558477,0.9822471034281144,0.9749080992215314,0.9814188994875278,0.979901895342973,1.0,0.9778911607212722,0.981780468496691,0.9809971729822641
1,9,2.227314349376794,0.21161785885741718,4166,2.289621148790632,0.20888355342136855,833,2.289406124549576,0.2073,0.9890599877114971,0.08368931030135884,,,0.9443535853794085,,0.9444059348748164,0.05559406512518361,0.8088939414763462,0.14844911784033224,10,0.025,0.15,0.9804653747054457,0.9747504416583069,0.973352371679023,0.9793781450253204,0.97740060537462,0.9707091873859314,0.978797956668259,0.9783208712508252,0.9778911607212722,1.0,0.9737583736664348,0.9810630439929332
1,10,2.2344458504156632,0.2002160345655305,4166,2.289325475692749,0.20768307322929172,833,2.289406024957005,0.2073,0.9902713184776588,0.08356756205080505,,,0.9165224319720073,,0.9165552639830998,0.08344473601690017,0.8089236659358418,0.14844540318922425,10,0.025,0.15,0.9779609346031395,0.9792322732428985,0.9801239077658664,0.9827786037731802,0.9780248989328177,0.9738845699259715,0.9780594802923444,0.9741509726097798,0.981780468496691,0.9737583736664348,1.0,0.9806388235820264
1,11,2.2266764109784907,0.19908785405664906,4166,2.2907125609261647,0.19567827130852342,833,2.289405994777438,0.2073,0.991576486966373,0.08393273728056608,,,0.9999999997714041,,1.0,0.0,0.8088972110126507,0.14844977898728096,10,0.025,0.15,0.9790096197405724,0.9828341498823053,0.97828990699906,0.9814989566166695,0.9756028421320956,0.9777825938923602,0.9805694852710558,0.9773709751776891,0.9809971729822641,0.9810630439929332,0.9806388235820264,1.0
2,0,2.114271852825627,0.2519318454523638,4167,2.274463653564453,0.23381294964028776,834,2.275741592238221,0.2298,0.986687195203449,0.08331873280973896,,,0.8662496957726601,,0.8662672674159528,0.13373273258404716,0.9378294371685618,0.1481505777306227,10,0.025,0.15,1.0,0.9719783397586157,0.9689428740980103,0.9724118604324353,0.9701393574273726,0.9743414564150855,0.9731776237022088,0.9730448033591111,0.968819970040339,0.9742948017062079,0.9753184060541664,0.9734182441489432
2,1,2.109825223864931,0.24144468442524597,4167,2.2704921449933733,0.24100719424460432,834,2.2757309720486023,0.2299,0.9885043437546491,0.08365889854842365,,,0.9760428382742936,,0.9760855572609793,0.023914442739020658,0.9381358954152755,0.1481719691781108,10,0.025,0.15,0.9719783397586157,1.0,0.9679301516037785,0.9718902225563073,0.9779502001195135,0.9751751840776973,0.9733003242640964,0.9752138469619107,0.9783079207773623,0.9741541075310165,0.9732167014883973,0.9781245433562971
2,2,2.102197774973783,0.2408207343412527,4167,2.273371798651559,0.2434052757793765,834,2.2759668434722515,0.2304,0.9843892250689199,0.082648738893664,,,0.65,,0.6500140284860788,0.3499859715139212,0.9346517141296131,0.14779440870354288,10,0.025,0.15,0.9689428740980103,0.9679301516037785,1.0,0.9678666830448027,0.9720400249849814,0.974956298730211,0.9747138798582969,0.9640509592769724,0.9710173001291441,0.9681462293616812,0.9716368441802394,0.9677618726470505
2,3,2.1112022920088336,0.2439404847612191,4167,2.27705488886152,0.23261390887290168,834,2.275750929796243,0.2298,0.9874542132666264,0.08321709618831216,,,0.8334450867522287,,0.8335066263966596,0.16649337360334038,0.937631915842824,0.1481380632237806,10,0.025,0.15,0.9724118604324353,0.9718902225563073,0.9678666830448027,1.0,0.9722738731708123,0.9709620822416679,0.9745937234676934,0.9704690084973965,0.9771500650032799,0.9759907172978871,0.977324264852571,0.9740771620976207
2,4,2.1184047493067655,0.24223662107031438,4167,2.278109073638916,0.21248499399759904,833,2.275756754452669,0.2297,0.9880532222771391,0.08320194878039532,,,0.8285560537697323,,0.8285966562690829,0.17140334373091715,0.937657124894435,0.1481355822335227,10,0.025,0.15,0.9701393574273726,0.9779502001195135,0.9720400249849814,0.9722738731708123,1.0,0.9726836848559313,0.9758324740663653,0.9730768032863962,0.9759989444227718,0.9765013391643761,0.974346939440856,0.9713395922288517
2,5,2.1148448156588007,0.2516438684905208,4167,2.2778590066092357,0.2112845138055222,833,2.275731808022608,0.2298,0.986608910884728,0.08344914827032823,,,0.9083430685628179,,0.9084022379561321,0.09159776204386794,0.9381073532904333,0.14816495043888434,10,0.025,0.15,0.9743414564150855,0.9751751840776973,0.974956298730211,0.9709620822416679,0.9726836848559313,1.0,0.971384336742349,0.969787546680348,0.970833533711985,0.9717071603600076,0.9696733400293314,0.9734377754782981
2,6,2.1274832035555984,0.23832493400527957,4167,2.2762949466705322,0.23289315726290516,833,2.275784311415274,0.2305,0.9893024300942296,0.08311235879868374,,,0.7996396624047121,,0.7996732187948705,0.20032678120512948,0.9373695982385082,0.14809879124253095,10,0.025,0.15,0.9731776237022088,0.9733003242640964,0.9747138798582969,0.9745937234676934,0.9758324740663653,0.971384336742349,1.0,0.9767688950622401,0.9775450916950359,0.9756872098110262,0.9780527441769667,0.9760341479536335
2,7,2.1142225482247095,0.24888408927285818,4167,2.2753426688058034,0.234093637454982,833,2.2757805842387526,0.2304,0.9875216312924585,0.08307600588429956,,,0.7879062623134349,,0.7879553068937631,0.21204469310623686,0.9374294160211157,0.1480891094759463,10,0.025,0.15,0.9730448033591111,0.9752138469619107,0.9640509592769724,0.9704690084973965,0.9730768032863962,0.969787546680348,0.9767688950622401,1.0,0.9761822730579367,0.9768748474990524,0.9743806234735508,0.9759893068139521
2,8,2.1148775523359125,0.24183869419107057,4166,2.279616798673357,0.2304921968787515,833,2.275732143015801,0.2298,0.9891051154965175,0.08349829736193123,,,0.924206609785575,,0.9242461751745309,0.07575382482546911,0.9381391007319134,0.14816679045344064,10,0.025,0.15,0.968819970040339,0.9783079207773623,0.9710173001291441,0.9771500650032799,0.9759989444227718,0.970833533711985,0.9775450916950359,0.9761822730579367,1.0,0.9746682375429887,0.9772512610815708,0.9767422166882102
2,9,2.11606835343621,0.24476716274603938,4166,2.274750198636736,0.23769507803121248,833,2.2757315182987647,0.2299,0.9885385802859596,0.08357617586036695,,,0.9493429598178494,,0.9493819214074698,0.0506180785925302,0.9381140256874935,0.14817127742479852,10,0.025,0.15,0.9742948017062079,0.9741541075310165,0.9681462293616812,0.9759907172978871,0.9765013391643761,0.9717071603600076,0.9756872098110262,0.9768748474990524,0.9746682375429887,1.0,0.9730560740878776,0.9766654209494458
2,10,2.1230688257650896,0.23682189150264044,4166,2.2764765535082137,0.2304921968787515,833,2.2757314488857605,0.2298,0.9887938267779498,0.08350947496887674,,,0.9278143352341778,,0.9278605733524781,0.07213942664752193,0.9381311850520944,0.14816708600318362,10,0.025,0.15,0.9753184060541664,0.9732167014883973,0.9716368441802394,0.977324264852571,0.974346939440856,0.9696733400293314,0.9780527441769667,0.9743806234735508,0.9772512610815708,0.9730560740878776,1.0,0.9765957486539809
2,11,2.102719421820207,0.25033605376860296,4166,2.2766599314553395,0.2112845138055222,833,2.275730929797209,0.2299,0.9887558895234999,0.08373312363497948,,,0.9999999996772364,,1.0,0.0,0.9381370561002259,0.14817202803030902,10,0.025,0.15,0.9734182441489432,0.9781245433562971,0.9677618726470505,0.9740771620976207,0.9713395922288517,0.9734377754782981,0.9760341479536335,0.9759893068139521,0.9767422166882102,0.9766654209494458,0.9765957486539809,1.0
3,0,2.0307860667055304,0.27681785457163427,4167,2.254385369164603,0.24580335731414868,834,2.2560878071603896,0.2437,0.9836060540432808,0.08331319565610416,,,1.0,,1.0,0.0,0.975106832058411,0.1475929008757756,10,0.025,0.15,1.0,0.9652450287541593,0.9614584835770738,0.965260477046397,0.961862469011691,0.9656091978289649,0.9653966840847055,0.9650979928333668,0.9613084135790904,0.9672004604857264,0.9690804455823121,0.9662999814390211
3,1,2.02600501017137,0.2732181425485961,4167,2.2495741162981306,0.2529976019184652,834,2.256069497217106,0.2436,0.9847470813106167,0.0835600252868277,,,1.0,,1.0,0.0,0.9752446918753715,0.1475929008757756,10,0.025,0.15,0.9652450287541593,1.0,0.9585515130309857,0.9656102391123778,0.9674453443649927,0.9670033384808747,0.9641881282372042,0.9674055234164838,0.9706496577714937,0.9650722425497883,0.9655096246687183,0.9704325505040179
3,2,2.0183294440760755,0.2737221022318215,4167,2.253647872379848,0.26019184652278177,834,2.2564109337480764,0.2443,0.9797952798627299,0.08277629008101363,,,1.0,,1.0,0.0,0.9723878997885174,0.1475929008757756,10,0.025,0.15,0.9614584835770738,0.9585515130309857,1.0,0.9601358931173156,0.9628684952645157,0.9677254474616744,0.9640587221509108,0.954631366837359,0.9611865092814909,0.9605874046969837,0.9618698566957272,0.956125701012375
3,3,2.0254823435436595,0.27293016558675304,4167,2.2591208730425154,0.2446043165467626,834,2.2561013396782212,0.2436,0.9844854205764286,0.0832790567910922,,,1.0,,1.0,0.0,0.9749996952572507,0.1475929008757756,10,0.025,0.15,0.965260477046397,0.9656102391123778,0.9601358931173156,1.0,0.9639086630142923,0.9647843348088578,0.9666321678709295,0.9630483860985715,0.9693884984832057,0.9696513342813207,0.9688852197710376,0.9669032575910983
3,4,2.0311333854993183,0.27367410607151427,4167,2.260306085859026,0.22809123649459784,833,2.2561104327817505,0.2434,0.9837879532308723,0.08324707523903133,,,1.0,,1.0,0.0,0.9749842117308752,0.1475929008757756,10,0.025,0.15,0.961862469011691,0.9674453443649927,0.9628684952645157,0.9639086630142923,1.0,0.9629589714234404,0.9676087117895215,0.9669973122791414,0.965655026096323,0.9700146615136985,0.9665292575073726,0.9602062652577973
3,5,2.029272173751484,0.28233741300695947,4167,2.2585540499006,0.2304921968787515,833,2.256071573571314,0.2436,0.9829712290163194,0.08337302119861041,,,1.0,,1.0,0.0,0.9751910009530795,0.1475929008757756,10,0.025,0.15,0.9656091978289649,0.9670033384808747,0.9677254474616744,0.9647843348088578,0.9629589714234404,1.0,0.9625110561674386,0.9621695824326741,0.9624877395769813,0.9640264942946399,0.9631196490652947,0.9639341972607178
3,6,2.0449939449628194,0.2658027357811375,4167,2.256230456488473,0.24969987995198079,833,2.2561496450931213,0.2429,0.9848566662729918,0.083226512100015,,,1.0,,1.0,0.0,0.9746915682689061,0.1475929008757756,10,0.025,0.15,0.9653966840847055,0.9641881282372042,0.9640587221509108,0.9666321678709295,0.9676087117895215,0.9625110561674386,1.0,0.9667788120595279,0.9684020133533032,0.9666177663490497,0.971314121496585,0.9651978463052294
3,7,2.028198057232481,0.27880969522438204,4167,2.255032709666661,0.2581032412965186,833,2.256144369704814,0.243,0.9837060874825756,0.08316674448388976,,,1.0,,1.0,0.0,0.9745382677329518,0.1475929008757756,10,0.025,0.15,0.9650979928333668,0.9674055234164838,0.954631366837359,0.9630483860985715,0.9669973122791414,0.9621695824326741,0.9667788120595279,1.0,0.9649101920743925,0.9690519561850488,0.9662806342828673,0.9686616643679001
3,8,2.030125283472466,0.27316370619299085,4166,2.2609173910958424,0.23169267707082833,833,2.2560718874388104,0.2436,0.9843625421138553,0.08344849484174428,,,1.0,,1.0,0.0,0.9752018834940074,0.1475929008757756,10,0.025,0.15,0.9613084135790904,0.9706496577714937,0.9611865092814909,0.9693884984832057,0.965655026096323,0.9624877395769813,0.9684020133533032,0.9649101920743925,1.0,0.9636337513714801,0.9679744632035137,0.9670812782425197
3,9,2.032803490306392,0.2712193951032165,4166,2.253640753882272,0.25570228091236497,833,2.256070384496375,0.2436,0.9850327936620725,0.08351828144587237,,,1.0,,1.0,0.0,0.9752412680433092,0.1475929008757756,10,0.025,0.15,0.9672004604857264,0.9650722425497883,0.9605874046969837,0.9696513342813207,0.9700146615136985,0.9640264942946399,0.9666177663490497,0.9690519561850488,0.9636337513714801,1.0,0.9664732747399972,0.9682567541152948
3,10,2.041361327604814,0.26356216994719156,4166,2.25725896017892,0.2388955582232893,833,2.256071024303195,0.2436,0.9856015089083124,0.08349560501244667,,,1.0,,1.0,0.0,0.9751911435346746,0.1475929008757756,10,0.025,0.15,0.9690804455823121,0.9655096246687183,0.9618698566957272,0.9688852197710376,0.9665292575073726,0.9631196490652947,0.971314121496585,0.9662806342828673,0.9679744632035137,0.9664732747399972,1.0,0.9702808990093071
3,11,2.013926613330841,0.2801728276524244,4166,2.2567079067230225,0.22569027611044418,833,2.2560694519477553,0.2436,0.9844357835862909,0.08359569786335265,,,1.0,,1.0,0.0,0.975247094031507,0.1475929008757756,10,0.025,0.15,0.9662999814390211,0.9704325505040179,0.956125701012375,0.9669032575910983,0.9602062652577973,0.9639341972607178,0.9651978463052294,0.9686616643679001,0.9670812782425197,0.9682567541152948,0.9702808990093071,1.0
4,0,1.967679630987572,0.2964722822174226,4167,2.2279203619275774,0.2697841726618705,834,2.230002397223364,0.2586,0.9805808877418817,0.08333368892086578,,,1.0,,1.0,0.0,0.9870191149631108,0.14702849498324352,10,0.025,0.15,1.0,0.9586247946018501,0.95400919428149,0.9578570749105502,0.9548405408315822,0.9572139539294712,0.9557556721517657,0.9585529458248053,0.9535850381791092,0.959986601834493,0.9631932155490056,0.960209255015528
4,1,1.9633965047923,0.29796016318694507,4167,2.2214838096073697,0.2709832134292566,834,2.22997360591647,0.2586,0.9804950356889043,0.08348334999020651,,,1.0,,1.0,0.0,0.9870191149631108,0.14702849498324352,10,0.025,0.15,0.9586247946018501,1.0,0.949530775976968,0.9573304469305901,0.9595603808658063,0.9580701088921881,0.9551364928526568,0.9589562018635788,0.96092134358944,0.9559798626444627,0.9576118554197065,0.9609551419980517
4,2,1.9566019936041399,0.29601631869450445,4167,2.2276950223105296,0.2745803357314149,834,2.230447177645526,0.2577,0.9766477518996871,0.08287421854114467,,,1.0,,1.0,0.0,0.9870191149631108,0.14702849498324352,10,0.025,0.15,0.95400919428149,0.949530775976968,1.0,0.9516839861605525,0.9572545214715605,0.9601537014722529,0.956417714294849,0.9471895330651982,0.9519612538238117,0.9570768916877328,0.9536224981179598,0.9490243885355877
4,3,1.960900601834962,0.2955603551715863,4167,2.2350966249193465,0.2529976019184652,834,2.2300198530849022,0.2586,0.9806494339855469,0.0833148316451689,,,1.0,,1.0,0.0,0.9870191149631108,0.14702849498324352,10,0.025,0.15,0.9578570749105502,0.9573304469305901,0.9516839861605525,1.0,0.9561916266437248,0.9567054367331974,0.9571655473132947,0.9546474845525321,0.9617309540501807,0.9622763763832907,0.9609136180614177,0.9581275348479237
4,4,1.9750942385557926,0.29524838012958965,4167,2.2364675998687744,0.23289315726290516,833,2.2300341853612586,0.2583,0.9804892439002187,0.08328987119447219,,,1.0,,1.0,0.0,0.9870191149631108,0.14702849498324352,10,0.025,0.15,0.9548405408315822,0.9595603808658063,0.9572545214715605,0.9561916266437248,1.0,0.9542428097801107,0.9592990025629433,0.9585113273354419,0.9587205274397235,0.9620836822796448,0.9608264470584237,0.9513001594883331
4,5,1.9632488232670409,0.3044636429085673,4167,2.2331226893833707,0.23649459783913565,833,2.229977275751814,0.2586,0.9792812258796902,0.08332839098052731,,,1.0,,1.0,0.0,0.9870191149631108,0.14702849498324352,10,0.025,0.15,0.9572139539294712,0.9580701088921881,0.9601537014722529,0.9567054367331974,0.9542428097801107,1.0,0.9539418883642824,0.9548697018590798,0.9546565532696636,0.9569368875512558,0.9567850468166494,0.9550001892076777
4,6,1.986222426819079,0.2855771538276938,4167,2.229759556906564,0.2617046818727491,833,2.2300866646102713,0.2584,0.9800232195355928,0.0832620213440328,,,1.0,,1.0,0.0,0.9870191149631108,0.14702849498324352,10,0.025,0.15,0.9557556721517657,0.9551364928526568,0.956417714294849,0.9571655473132947,0.9592990025629433,0.9539418883642824,1.0,0.9570793775971375,0.9581079780276663,0.9570429858796977,0.9631059784241325,0.9543096198413304
4,7,1.9659341407544686,0.29580033597312216,4167,2.2280869483947754,0.27490996398559425,833,2.230079502999028,0.2583,0.9798332544645256,0.0832189311973857,,,1.0,,1.0,0.0,0.9870191149631108,0.14702849498324352,10,0.025,0.15,0.9585529458248053,0.9589562018635788,0.9471895330651982,0.9546474845525321,0.9585113273354419,0.9548697018590798,0.9570793775971375,1.0,0.9548122145494995,0.9600533747387903,0.959759382496861,0.9606372436208859
4,8,1.97050641486139,0.29385501680268844,4166,2.2358191353934154,0.25210084033613445,833,2.2299774085419086,0.2585,0.9799440781194937,0.08339655412190287,,,1.0,,1.0,0.0,0.9870191149631108,0.14702849498324352,10,0.025,0.15,0.9535850381791092,0.96092134358944,0.9519612538238117,0.9617309540501807,0.9587205274397235,0.9546565532696636,0.9581079780276663,0.9548122145494995,1.0,0.9546672123729121,0.9585851376144505,0.958523828830376
4,9,1.9727180426770992,0.29035045607297166,4166,2.2258592333112444,0.26770708283313327,833,2.229974743686145,0.2586,0.9813721308885103,0.08348607938181205,,,1.0,,1.0,0.0,0.9870191149631108,0.14702849498324352,10,0.025,0.15,0.959986601834493,0.9559798626444627,0.9570768916877328,0.9622763763832907,0.9620836822796448,0.9569368875512558,0.9570429858796977,0.9600533747387903,0.9546672123729121,1.0,0.9590965316281508,0.957892864852422
4,10,1.982022096894004,0.28331733077292365,4166,2.2313905443464006,0.26410564225690275,833,2.229976370364805,0.2585,0.9826313966539503,0.0835130089329422,,,1.0,,1.0,0.0,0.9870191149631108,0.14702849498324352,10,0.025,0.15,0.9631932155490056,0.9576118554197065,0.9536224981179598,0.9609136180614177,0.9608264470584237,0.9567850468166494,0.9631059784241325,0.959759382496861,0.9585851376144505,0.9590965316281508,1.0,0.9643690363995538
4,11,1.9502992741989367,0.30348055688910225,4166,2.2304841109684537,0.24009603841536614,833,2.2299734912341154,0.2586,0.9803003396740206,0.08349905374953888,,,1.0,,1.0,0.0,0.9870191149631108,0.14702849498324352,10,0.025,0.15,0.960209255015528,0.9609551419980517,0.9490243885355877,0.9581275348479237,0.9513001594883331,0.9550001892076777,0.9543096198413304,0.9606372436208859,0.958523828830376,0.957892864852422,0.9643690363995538,1.0
5,0,1.923708851409681,0.31166306695464363,4167,2.1954307556152344,0.29136690647482016,834,2.1979126568082012,0.2855,0.9772182239169129,0.08336474135278285,,,1.0,,1.0,0.0,0.9908114368514663,0.14643935425920537,10,0.025,0.15,1.0,0.9532599557955893,0.9471672889902747,0.9486027173988555,0.9484042116217323,0.9486298654549449,0.9487649636497181,0.949196703358851,0.9440153046041081,0.9514608076597664,0.9557464791451247,0.9529668237606655
5,1,1.9161762078603108,0.3125029997600192,4167,2.186628682272775,0.3069544364508393,834,2.197871045221256,0.2853,0.9775563333295465,0.0834683277748264,,,1.0,,1.0,0.0,0.9908114368514663,0.14643935425920537,10,0.025,0.15,0.9532599557955893,1.0,0.9416823509488077,0.9490861387210712,0.9520487786678175,0.9518094832836795,0.9476876512807102,0.9522467814915969,0.9503197688124854,0.9472700354409349,0.9511092078200207,0.9555550181700235
5,2,1.9070706768469377,0.3119270458363331,4167,2.19571099962507,0.2961630695443645,834,2.1984931788867033,0.2823,0.9735729627481264,0.08296183890489696,,,1.0,,1.0,0.0,0.9908114368514663,0.14643935425920537,10,0.025,0.15,0.9471672889902747,0.9416823509488077,1.0,0.9443879238321016,0.9493852712938986,0.9520656155335051,0.9486594045022114,0.9405909224481696,0.942506952459327,0.9518616183548618,0.9457704153884485,0.9417767724617905
5,3,1.9103213848489704,0.30981521478281737,4167,2.2055464131491527,0.27697841726618705,834,2.1979336738586426,0.2854,0.976571772400529,0.08333202978775722,,,1.0,,1.0,0.0,0.9908114368514663,0.14643935425920537,10,0.025,0.15,0.9486027173988555,0.9490861387210712,0.9443879238321016,1.0,0.9482150493952785,0.9499190451598376,0.9483768205183314,0.9445594350981206,0.9511034664562937,0.9531248628546775,0.9516751438598955,0.9515914395431009
5,4,1.9286508505994624,0.30791936645068396,4167,2.2071083954402377,0.24969987995198079,833,2.197955517829219,0.2855,0.9768479919869831,0.08332558250852776,,,1.0,,1.0,0.0,0.9908114368514663,0.14643935425920537,10,0.025,0.15,0.9484042116217323,0.9520487786678175,0.9493852712938986,0.9482150493952785,1.0,0.94648457632532,0.9501229827861077,0.9483065887885815,0.9500209560815226,0.9534647444681118,0.9531954091116891,0.9442850247781719
5,5,1.9142210469101415,0.32313414926805856,4167,2.2019482340131487,0.26410564225690275,833,2.1978763507891306,0.2852,0.9760283880623893,0.08332272632629607,,,1.0,,1.0,0.0,0.9908114368514663,0.14643935425920537,10,0.025,0.15,0.9486298654549449,0.9518094832836795,0.9520656155335051,0.9499190451598376,0.94648457632532,1.0,0.9465573027305665,0.9500396838323273,0.943428385821284,0.9490229729385001,0.9484978109952815,0.9478833522778782
5,6,1.938865724476901,0.30515958723302133,4167,2.1973157269614085,0.290516206482593,833,2.1980181434486488,0.2863,0.9759681137819531,0.08327970851520285,,,1.0,,1.0,0.0,0.9908114368514663,0.14643935425920537,10,0.025,0.15,0.9487649636497181,0.9476876512807102,0.9486594045022114,0.9483768205183314,0.9501229827861077,0.9465573027305665,1.0,0.9475698146286962,0.9476489319460506,0.9475189762596683,0.9539132470784121,0.9468312279309083
5,7,1.91942010865067,0.31046316294696424,4167,2.1951532704489574,0.2929171668667467,833,2.198009457769273,0.2859,0.9748226323715283,0.08321575975046727,,,1.0,,1.0,0.0,0.9908114368514663,0.14643935425920537,10,0.025,0.15,0.949196703358851,0.9522467814915969,0.9405909224481696,0.9445594350981206,0.9483065887885815,0.9500396838323273,0.9475698146286962,1.0,0.9383523620904364,0.9481822908920755,0.9474025527053352,0.9537636489398091
5,8,1.9201660174312014,0.3145703312530005,4166,2.2046496868133545,0.28331332533013204,833,2.197876097280768,0.2854,0.973871923369271,0.08329468264900848,,,1.0,,1.0,0.0,0.9908114368514663,0.14643935425920537,10,0.025,0.15,0.9440153046041081,0.9503197688124854,0.942506952459327,0.9511034664562937,0.9500209560815226,0.943428385821284,0.9476489319460506,0.9383523620904364,1.0,0.9447343571720992,0.9485140269894703,0.9483279805811801
5,9,1.9263806368365433,0.306745079212674,4166,2.1917286940983365,0.29531812725090034,833,2.197872635684436,0.2853,0.9769682248466158,0.08345086894725234,,,1.0,,1.0,0.0,0.9908114368514663,0.14643935425920537,10,0.025,0.15,0.9514608076597664,0.9472700354409349,0.9518616183548618,0.9531248628546775,0.9534647444681118,0.9490229729385001,0.9475189762596683,0.9481822908920755,0.9447343571720992,1.0,0.9492833378881056,0.9493320492888719
5,10,1.9359780936530142,0.299711953912626,4166,2.1995701449257985,0.29531812725090034,833,2.197875089283231,0.2853,0.9783933919231854,0.0835139267616776,,,1.0,,1.0,0.0,0.9908114368514663,0.14643935425920537,10,0.025,0.15,0.9557464791451247,0.9511092078200207,0.9457704153884485,0.9516751438598955,0.9531954091116891,0.9484978109952815,0.9539132470784121,0.9474025527053352,0.9485140269894703,0.9492833378881056,1.0,0.9567738313579773
5,11,1.8979274027275317,0.321819491118579,4166,2.1984638145991733,0.27611044417767105,833,2.1978708943234215,0.2852,0.9773033879257162,0.0834698067213041,,,1.0,,1.0,0.0,0.9908114368514663,0.14643935425920537,10,0.025,0.15,0.9529668237606655,0.9555550181700235,0.9417767724617905,0.9515914395431009,0.9442850247781719,0.9478833522778782,0.9468312279309083,0.9537636489398091,0.9483279805811801,0.9493320492888719,0.9567738313579773,1.0
6,0,1.880112255342079,0.3253899688024958,4167,2.1581531933375766,0.31414868105515587,834,2.1607913186278522,0.311,0.9739593363797401,0.08338429600733131,,,1.0,,1.0,0.0,0.9927477911003219,0.1459492037496334,10,0.025,0.15,1.0,0.9449544324806444,0.9403946037372415,0.9432062923626636,0.9393559881172308,0.9410185721180077,0.9428114529731018,0.9427736122118304,0.9386066761351559,0.9442149507916615,0.9489951591700945,0.9454973170973612
6,1,1.8740311633456836,0.32594192464602834,4167,2.146047932761056,0.3489208633093525,834,2.1607351876512357,0.3112,0.9737986267215946,0.08344321625371695,,,1.0,,1.0,0.0,0.9927477911003219,0.1459492037496334,10,0.025,0.15,0.9449544324806444,1.0,0.9342152914901102,0.9417959940914754,0.9440682884819692,0.9438482825983497,0.9407415471157383,0.9431701135995437,0.9451590284232702,0.9410839330257201,0.9447293285318705,0.9461061201221974
6,2,1.8677179246237783,0.3236141108711303,4167,2.1587160314832414,0.3105515587529976,834,2.1615131052234506,0.3118,0.9703126149496449,0.08301586792220661,,,1.0,,1.0,0.0,0.9927477911003219,0.1459492037496334,10,0.025,0.15,0.9403946037372415,0.9342152914901102,1.0,0.9364297013211889,0.9430630327415017,0.9438532672645247,0.9398398043709583,0.9347937964562877,0.9363067336189791,0.946501614958494,0.9395934100802311,0.9345858687286536
6,3,1.8698783112294746,0.3232301415886729,4167,2.171339307512556,0.2961630695443645,834,2.1608147138281715,0.311,0.9732494187428627,0.08334089265806453,,,1.0,,1.0,0.0,0.9927477911003219,0.1459492037496334,10,0.025,0.15,0.9432062923626636,0.9417959940914754,0.9364297013211889,1.0,0.9402808864392067,0.9412781769329683,0.9418986093341633,0.93618927742292,0.9464610299966356,0.9464725415694323,0.9455367003317199,0.9440012723602156
6,4,1.8886241147012421,0.32368610511159107,4167,2.172710520880563,0.27490996398559425,833,2.160845741440978,0.3111,0.973167682130222,0.08333423483122082,,,1.0,,1.0,0.0,0.9927477911003219,0.1459492037496334,10,0.025,0.15,0.9393559881172308,0.9440682884819692,0.9430630327415017,0.9402808864392067,1.0,0.9390223711100482,0.9423378925524595,0.9415423183738771,0.9433348996477948,0.9477734197732349,0.9448767379415252,0.9369894368982621
6,5,1.8751844174934156,0.3357811375089993,4167,2.165963275091989,0.3037214885954382,833,2.1607423884959163,0.3112,0.9718318614378135,0.08328891953292203,,,1.0,,1.0,0.0,0.9927477911003219,0.1459492037496334,10,0.025,0.15,0.9410185721180077,0.9438482825983497,0.9438532672645247,0.9412781769329683,0.9390223711100482,1.0,0.9379621634034697,0.941149935300845,0.938199633974727,0.9419307401486638,0.9409419386596112,0.9378581835025143
6,6,1.9016885002454122,0.3173746100311975,4167,2.159790175301688,0.3169267707082833,833,2.1609181663658044,0.3109,0.9723323965225391,0.08327859210356288,,,1.0,,1.0,0.0,0.9927477911003219,0.1459492037496334,10,0.025,0.15,0.9428114529731018,0.9407415471157383,0.9398398043709583,0.9418986093341633,0.9423378925524595,0.9379621634034697,1.0,0.9407693624526403,0.9434580470134193,0.9398180945831468,0.9462550129117041,0.937029029237854
6,7,1.878463707186959,0.32342212622990163,4167,2.1574172973632812,0.31812725090036015,833,2.1609088197539124,0.3109,0.9721066754181731,0.08323162536364961,,,1.0,,1.0,0.0,0.9927477911003219,0.1459492037496334,10,0.025,0.15,0.9427736122118304,0.9431701135995437,0.9347937964562877,0.93618927742292,0.9415423183738771,0.941149935300845,0.9407693624526403,1.0,0.9373867274279899,0.9438468292172747,0.9434112843814197,0.945255725925357
6,8,1.8816972042575026,0.32774843975036005,4166,2.1682149342128207,0.304921968787515,833,2.160741362390639,0.3112,0.9722746657804702,0.08328598480281707,,,1.0,,1.0,0.0,0.9927477911003219,0.1459492037496334,10,0.025,0.15,0.9386066761351559,0.9451590284232702,0.9363067336189791,0.9464610299966356,0.9433348996477948,0.938199633974727,0.9434580470134193,0.9373867274279899,1.0,0.9384834106723762,0.9418048386664312,0.9430116011934464
6,9,1.8873806631926335,0.321531445031205,4166,2.152561902999878,0.32292917166866747,833,2.1607371945924396,0.3112,0.9742139287248663,0.0834459410064885,,,1.0,,1.0,0.0,0.9927477911003219,0.1459492037496334,10,0.025,0.15,0.9442149507916615,0.9410839330257201,0.946501614958494,0.9464725415694323,0.9477734197732349,0.9419307401486638,0.9398180945831468,0.9438468292172747,0.9384834106723762,1.0,0.9424652292761276,0.9422067554482035
6,10,1.896290946368015,0.31353816610657703,4166,2.1628959519522533,0.3037214885954382,833,2.1607405988475943,0.3112,0.975449271252786,0.08352526842505294,,,1.0,,1.0,0.0,0.9927477911003219,0.1459492037496334,10,0.025,0.15,0.9489951591700945,0.9447293285318705,0.9395934100802311,0.9455367003317199,0.9448767379415252,0.9409419386596112,0.9462550129117041,0.9434112843814197,0.9418048386664312,0.9424652292761276,1.0,0.950520661956484
6,11,1.858517761663957,0.335693710993759,4166,2.16151111466544,0.31932773109243695,833,2.160735042789314,0.3112,0.973216668195506,0.08342516109296685,,,1.0,,1.0,0.0,0.9927477911003219,0.1459492037496334,10,0.025,0.15,0.9454973170973612,0.9461061201221974,0.9345858687286536,0.9440012723602156,0.9369894368982621,0.9378581835025143,0.937029029237854,0.945255725925357,0.9430116011934464,0.9422067554482035,0.950520661956484,1.0
7,0,1.8487221782857721,0.3353731701463883,4167,2.116417476109096,0.3273381294964029,834,2.119176430038259,0.3294,0.969116102648656,0.08335631068010033,,,1.0,,1.0,0.0,0.9941806593820016,0.14540735854525952,10,0.025,0.15,1.0,0.9371378287200894,0.9322664126516582,0.9342201014632967,0.9304484766102783,0.9318906892993692,0.9321193938935383,0.9321340439421464,0.9286515985337652,0.9356300464059483,0.9412873381877873,0.9374613664090865
7,1,1.8417830337177623,0.33443724502039834,4167,2.100526366915022,0.36930455635491605,834,2.1191083419172068,0.3292,0.9703839042096436,0.08343424362918618,,,1.0,,1.0,0.0,0.9941806593820016,0.14540735854525952,10,0.025,0.15,0.9371378287200894,1.0,0.9260046794164609,0.9341348052164323,0.9365348371787364,0.9369305017895303,0.934942014091399,0.9358338063238427,0.9366187726908589,0.9344195177747873,0.9367616664244551,0.9386326744805674
7,2,1.829438483353817,0.3418766498680106,4167,2.117157425199236,0.328537170263789,834,2.1200325338146353,0.3292,0.9674383098724205,0.08307301981040219,,,1.0,,1.0,0.0,0.9941806593820016,0.14540735854525952,10,0.025,0.15,0.9322664126516582,0.9260046794164609,1.0,0.9280343680404955,0.9379166055172189,0.9349937950408973,0.9350695316255455,0.9278408495008656,0.9295167487556562,0.9405373777123337,0.9353676102557285,0.9265147765927116
