round,client_id,client_i_training_loss,client_i_training_accuracy,client_i_training_dataset_size,client_i_evaluation_loss,client_i_evaluation_accuracy,client_i_evaluation_dataset_size,client_i_central_evaluation_loss,client_i_central_evaluation_accuracy,client_i_cosine_similarity,client_i_importance_coefficient,client_i_tanh_val,tanh_normalization_value,client_i_q,client_i_mask_order,client_i_v_nonzero_fraction,client_i_v_sparsity,client_i_v_cosine_similarity,client_i_reward_gradient_norm,local_epochs,learning_rate,gamma,client_0_cosine_similarity,client_1_cosine_similarity,client_2_cosine_similarity,client_3_cosine_similarity,client_4_cosine_similarity,client_5_cosine_similarity,client_6_cosine_similarity,client_7_cosine_similarity,client_8_cosine_similarity,client_9_cosine_similarity,client_10_cosine_similarity,client_11_cosine_similarity
0,0,0.35885671540430397,0.88688,5000,2.2010461577662714,0.2853717026378897,834,2.203550997633523,0.2822,0.783811329639627,0.08271737365755497,,,0.7416920637996978,,0.7417097535264294,0.2582902464735706,0,0.39438880467373294,5,0.1,0.5,1.0,0.5848529723625778,0.5896759669055013,0.5747627257006445,0.5943530882300972,0.5879785114758731,0.5706983523782599,0.5778880651310484,0.5964996648742794,0.5834672044709996,0.5911044751315769,0.5759398030189617
0,1,0.3437733988900473,0.89224,5000,2.2081756238584167,0.2805755395683453,834,2.2037924829001625,0.2819,0.7809079799148398,0.08241097662683815,,,0.7,,0.7,0.30000000000000004,0,0.39407125926966,5,0.1,0.5,0.5848529723625778,1.0,0.5816861460635557,0.5699303448534028,0.5943336626113797,0.592874784227898,0.5702898416848987,0.5628471160025669,0.596606148622465,0.5789053735296202,0.5853754826732582,0.5820074657076555
0,2,0.3393116708204245,0.89044,5000,2.1958040043159768,0.2841726618705036,834,2.2033226459551924,0.2832,0.7916828944551627,0.08354807760823106,,,0.854727630852103,,0.8547412278500075,0.1452587721499925,0,0.3947594237716809,5,0.1,0.5,0.5896759669055013,0.5816861460635557,1.0,0.5933809391082324,0.5990715646623553,0.5903833628060463,0.5890110139494517,0.5782986613542023,0.5961806660133523,0.6029279422175138,0.5828070198894538,0.598386731358458
0,3,0.33638727572171173,0.89492,5000,2.196911273179231,0.2709832134292566,834,2.2034788718238807,0.2826,0.78543972783336,0.082889222183802,,,0.7650758404094562,,0.7650971336780282,0.23490286632197177,0,0.3945122468418944,5,0.1,0.5,0.5747627257006445,0.5699303448534028,0.5933809391082324,1.0,0.5896926486918498,0.5938077602691609,0.5914330262916734,0.5771797583618651,0.5882911006208204,0.5910702504704874,0.5915736537685172,0.5815289586345492
0,4,0.33359335192247846,0.89464,5000,2.202730964731287,0.29411764705882354,833,2.2032970270028893,0.2831,0.7990138460978202,0.08432172943407285,,,0.9599999998639279,,0.9600020079313287,0.03999799206867127,0,0.3948227288200049,5,0.1,0.5,0.5943530882300972,0.5943336626113797,0.5990715646623553,0.5896926486918498,1.0,0.6005054771867157,0.5958846926715261,0.5851672013792885,0.6026948289841499,0.6170193001814405,0.6028658754767612,0.5896881311057733
0,5,0.3342923797216195,0.89792,5000,2.193897755057723,0.27490996398559425,833,2.2033136134711317,0.283,0.793444359953998,0.08373396902666597,,,0.8800222522101258,,0.8800411625922393,0.1199588374077607,0,0.39478777963747125,5,0.1,0.5,0.5879785114758731,0.592874784227898,0.5903833628060463,0.5938077602691609,0.6005054771867157,1.0,0.5933215446393948,0.5839744021125329,0.5909778886532902,0.5884316221624515,0.6032208862990505,0.5930250276125123
0,6,0.34015697127053884,0.8932,5000,2.2049135720288313,0.28691476590636256,833,2.2034701684031623,0.2827,0.7860373565051256,0.08295229128255265,,,0.7736577802629517,,0.7736710004517845,0.2263289995482155,0,0.3945498950200293,5,0.1,0.5,0.5706983523782599,0.5702898416848987,0.5890110139494517,0.5914330262916734,0.5958846926715261,0.5933215446393948,1.0,0.5744240842973236,0.5910882022642834,0.5943601006042903,0.5848125084190325,0.5929907943886333
0,7,0.3404450562515646,0.89224,5000,2.1958704877782753,0.3037214885954382,833,2.203688553727854,0.2823,0.781773270785666,0.08250229271985446,,,0.7124255655058677,,0.7124441544099192,0.28755584559008085,0,0.394179653804711,5,0.1,0.5,0.5778880651310484,0.5628471160025669,0.5782986613542023,0.5771797583618651,0.5851672013792885,0.5839744021125329,0.5744240842973236,1.0,0.5889844783381519,0.583728124918343,0.6006417782814907,0.5947749665502177
0,8,0.3544327599998967,0.88804,5000,2.196904014658045,0.2965186074429772,833,2.203315334959914,0.2831,0.7966764934587333,0.08407506334963934,,,0.9264356467585342,,0.9264544952562622,0.07354550474373778,0,0.3948157829841349,5,0.1,0.5,0.5964996648742794,0.596606148622465,0.5961806660133523,0.5882911006208204,0.6026948289841499,0.5909778886532902,0.5910882022642834,0.5889844783381519,1.0,0.5914221161429669,0.6070789467966328,0.5993042033336105
0,9,0.3434856114837869,0.8928,5000,2.207882377836439,0.234093637454982,833,2.2033074420100203,0.283,0.7925472455775281,0.08363929452747731,,,0.867139701582454,,0.8671552632899955,0.13284473671000452,0,0.39477472319766926,5,0.1,0.5,0.5834672044709996,0.5789053735296202,0.6029279422175138,0.5910702504704874,0.6170193001814405,0.5884316221624515,0.5943601006042903,0.583728124918343,0.5914221161429669,1.0,0.5888062317568152,0.5898621472956116
0,10,0.3473159806079166,0.894,5000,2.216885566711426,0.2689075630252101,833,2.2033118089547936,0.2831,0.7943726327407796,0.08383193174301973,,,0.8933522371993978,,0.8933637869584861,0.10663621304151394,0,0.3947986747456797,5,0.1,0.5,0.5911044751315769,0.5853754826732582,0.5828070198894538,0.5915736537685172,0.6028658754767612,0.6032208862990505,0.5848125084190325,0.6006417782814907,0.6070789467966328,0.5888062317568152,1.0,0.589010512286191
0,11,0.3408786842018176,0.89184,5000,2.196352517163312,0.31212484993997597,833,2.203358377511509,0.283,0.7900691719487081,0.08337777784029153,,,0.8315545969183283,,0.831574720144571,0.168425279855429,0,0.3947216527314497,5,0.1,0.5,0.5759398030189617,0.5820074657076555,0.598386731358458,0.5815289586345492,0.5896881311057733,0.5930250276125123,0.5929907943886333,0.5947749665502177,0.5993042033336105,0.5898621472956116,0.589010512286191,1.0
1,0,0.321762547899441,0.90184,5000,2.0417544311947293,0.63189448441247,834,2.046314990177703,0.6105,0.8039436788776917,0.08266102809512957,,,0.7034975298770444,,0.7035088599969881,0.2964911400030119,0.9591304848591106,0.40500264625535615,5,0.1,0.5,1.0,0.6200842334134338,0.6118049301971676,0.6187110750043135,0.626809872508122,0.6357447432294396,0.6218830963472648,0.6217278635751656,0.6305111181882411,0.6176998728905372,0.6149011166827341,0.6122871051323133
1,1,0.3024101421806463,0.90716,5000,2.053142401907179,0.5995203836930456,834,2.046611189842224,0.6099,0.8092110145935821,0.08264174374684201,,,0.7,,0.7,0.30000000000000004,0.9589276429602569,0.4049681381828,5,0.1,0.5,0.6200842334134338,1.0,0.6250886156751463,0.618588130051151,0.6324207922676713,0.6329733245761076,0.6304541559759561,0.6298406810609188,0.6227802031789249,0.6263274716829436,0.6248205531691853,0.6214866174719076
1,2,0.29861301076450164,0.90692,5000,2.0410544121706926,0.6127098321342925,834,2.0455430445198814,0.6125,0.8042657443350296,0.08322143681972667,,,0.8051367571097926,,0.8051603835148838,0.19483961648511616,0.9605110809833879,0.4056097769302608,5,0.1,0.5,0.6118049301971676,0.6250886156751463,1.0,0.6165031258207584,0.6214181075955404,0.625763876326043,0.6142289022174432,0.6250205046703119,0.6294112265854719,0.624531474094001,0.6203557722326161,0.6174080923613361
1,3,0.2980899805843735,0.91,5000,2.0397552560876915,0.6103117505995204,834,2.0459454661360184,0.611,0.8081242069364407,0.08292010869880871,,,0.7504860066675754,,0.7505044927463481,0.24949550725365188,0.95982734541728,0.40536602211927164,5,0.1,0.5,0.6187110750043135,0.618588130051151,0.6165031258207584,1.0,0.6320948349768107,0.6364904400174933,0.6168765181543123,0.6302539217435301,0.6249253776038663,0.6288172465424388,0.6266703610160029,0.6220619010499686
1,4,0.28843588027035355,0.91152,5000,2.047529688587895,0.5918367346938775,833,2.0453656713802593,0.6126,0.8141055145758079,0.08407530706939609,,,0.9599999998186337,,0.9600020079313287,0.03999799206867127,0.9608946634977333,0.4057858584404828,5,0.1,0.5,0.626809872508122,0.6324207922676713,0.6214181075955404,0.6320948349768107,1.0,0.6386423821175683,0.6316442050078341,0.6367496216025318,0.6340148140259436,0.6278083233595207,0.6246650921665291,0.6179111546725377
1,5,0.29875050184619467,0.90936,5000,2.033971084488763,0.617046818727491,833,2.0453862713548703,0.6125,0.8217948414490269,0.0839542815515337,,,0.9380500558383362,,0.9380703779930727,0.06192962200692731,0.9608444063583129,0.40578209979201796,5,0.1,0.5,0.6357447432294396,0.6329733245761076,0.625763876326043,0.6364904400174933,0.6386423821175683,1.0,0.6432854471079834,0.6363076142675578,0.6385052278789328,0.6349596014692528,0.6444048930538843,0.6344759303950785
1,6,0.301238208811042,0.90632,5000,2.0444520402837685,0.6410564225690276,833,2.0457987796765167,0.6115,0.8123200042700377,0.08310780343582973,,,0.7845274967250064,,0.7845389287686361,0.21546107123136393,0.9600211555385434,0.40553669932239367,5,0.1,0.5,0.6218830963472648,0.6304541559759561,0.6142289022174432,0.6168765181543123,0.6316442050078341,0.6432854471079834,1.0,0.6397261764700003,0.640031454590228,0.6231516399416519,0.6242919231512309,0.6271175414785869
1,7,0.3024253577607903,0.90532,5000,2.0370652278264365,0.6470588235294118,833,2.0462162094756056,0.6104,0.8161654553140889,0.08294410378583562,,,0.7548379055509328,,0.7548466442447668,0.24515335575523323,0.959215585213,0.405392066419303,5,0.1,0.5,0.6217278635751656,0.6298406810609188,0.6250205046703119,0.6302539217435301,0.6367496216025318,0.6363076142675578,0.6397261764700003,1.0,0.6400255435930485,0.6297373334594164,0.6300752988604735,0.6325693214796453
1,8,0.3065553261394239,0.90616,5000,2.042697654830085,0.5930372148859544,833,2.0453879105778165,0.6123,0.8168824747289727,0.08400885685396962,,,0.9479481736265074,,0.9479594397871592,0.05204056021284076,0.9608895214620359,0.4057841879658014,5,0.1,0.5,0.6305111181882411,0.6227802031789249,0.6294112265854719,0.6249253776038663,0.6340148140259436,0.6385052278789328,0.640031454590228,0.6400255435930485,1.0,0.6278230617297745,0.6289959769242991,0.635181376818222
1,9,0.3003160038144346,0.90824,5000,2.048947563877812,0.5714285714285714,833,2.045420618102954,0.6128,0.8117053562077433,0.08354061342248992,,,0.8630246197210556,,0.8630390040660609,0.13696099593393907,0.9607441081958749,0.4057298776702793,5,0.1,0.5,0.6176998728905372,0.6263274716829436,0.624531474094001,0.6288172465424388,0.6278083233595207,0.6349596014692528,0.6231516399416519,0.6297373334594164,0.6278230617297745,1.0,0.6278648419731696,0.6349069820383302
1,10,0.3066507123114102,0.9076,5000,2.0556842265305697,0.6002400960384153,833,2.045410007333603,0.6128,0.810813309057438,0.08363693149224045,,,0.8804934665614267,,0.8805080066261733,0.11949199337382665,0.960811749047259,0.40574968361942226,5,0.1,0.5,0.6149011166827341,0.6248205531691853,0.6203557722326161,0.6266703610160029,0.6246650921665291,0.6444048930538843,0.6242919231512309,0.6300752988604735,0.6289959769242991,0.6278648419731696,1.0,0.6269904271505526
1,11,0.30402948233138793,0.905,5000,2.0379227179068105,0.6134453781512605,833,2.045551744893717,0.6128,0.809408203825605,0.08328778502819778,,,0.8171700826832462,,0.8171878921740876,0.1828121078259124,0.9604971849279695,0.4056438938577676,5,0.1,0.5,0.6122871051323133,0.6214866174719076,0.6174080923613361,0.6220619010499686,0.6179111546725377,0.6344759303950785,0.6271175414785869,0.6325693214796453,0.635181376818222,0.6349069820383302,0.6269904271505526,1.0
2,0,0.2890684628265963,0.91296,5000,1.8414669478381123,0.8309352517985612,834,1.8491943514766023,0.8091,0.8091029038374187,0.08283182053630411,,,0.7,,0.7,0.30000000000000004,0.9667728459370899,0.404486017588565,5,0.1,0.5,1.0,0.6198191728554078,0.6318203892176233,0.6232576493357131,0.6331146666890851,0.6291307532038228,0.6174169529030933,0.6226000482558428,0.6347172922373889,0.6111858932281143,0.6257079033367587,0.6258256473860142
2,1,0.27701263774044005,0.9172,5000,1.8586396199685555,0.7925659472422062,834,1.8495673173532698,0.8083,0.8099531981087285,0.08284866394484658,,,0.7034737506054114,,0.7034837608553788,0.2965162391446212,0.9667513362382364,0.4045233163134147,5,0.1,0.5,0.6198191728554078,1.0,0.6372446046230311,0.6166069883530793,0.6327819122512965,0.6280955237215146,0.6220597107062775,0.6243857638718421,0.6240136153963141,0.6180884012789064,0.6361767307760974,0.6237206552241401
2,2,0.2704978620740259,0.91788,5000,1.8480478790071275,0.8177458033573142,834,1.8475955050593367,0.8114,0.8146487072286239,0.08339548990098541,,,0.816250032876474,,0.816274283419507,0.18372571658049297,0.9682761866894636,0.4052170245494896,5,0.1,0.5,0.6318203892176233,0.6372446046230311,1.0,0.6202002930996762,0.636815868669096,0.6248826481850763,0.6173079899938904,0.6328775218574288,0.6351347251459064,0.6260012215924107,0.6364547693171021,0.6274330567243711
2,3,0.27268483791927434,0.92064,5000,1.842887529620418,0.8081534772182254,834,1.848674389120108,0.8099,0.804394708593513,0.0828392811994324,,,0.701538672115761,,0.701561166608102,0.29843883339189803,0.9670254172874996,0.40450555220905543,5,0.1,0.5,0.6232576493357131,0.6166069883530793,0.6202002930996762,1.0,0.6287887809403425,0.6259722994301234,0.6048511963397505,0.6225685927355262,0.6186185953231546,0.6134618621327212,0.6287710036952314,0.6246202364145468
2,4,0.26040018479915183,0.9218,5000,1.8514406548606024,0.7947178871548619,833,1.8472898558686717,0.8118,0.8184494681622049,0.08409250004816812,,,0.959999999793762,,0.9600020079313287,0.03999799206867127,0.9688608573812779,0.4053753712502676,5,0.1,0.5,0.6331146666890851,0.6327819122512965,0.636815868669096,0.6287887809403425,1.0,0.6413526152455733,0.62690563057925,0.6333049609623653,0.6366488003794516,0.632874882212934,0.6311797253237675,0.625571711561797
2,5,0.269940857878726,0.91988,5000,1.8342235529864277,0.8103241296518607,833,1.8473166322555785,0.8117,0.8149323408445738,0.08389003411573273,,,0.9182438342528374,,0.9182571156066462,0.08174288439335375,0.9688253087714561,0.4053651427928975,5,0.1,0.5,0.6291307532038228,0.6280955237215146,0.6248826481850763,0.6259722994301234,0.6413526152455733,1.0,0.6257241788382504,0.6313484469808143,0.6320553847723204,0.6281360923426105,0.6324084570113827,0.6264674261697416
2,6,0.27153108730247827,0.91616,5000,1.844103384900976,0.8319327731092437,833,1.8483564876519833,0.8105,0.8018685070934045,0.08287548169914187,,,0.7090045901610852,,0.7090206314944029,0.29097936850559714,0.9671898465520563,0.4045826642296731,5,0.1,0.5,0.6174169529030933,0.6220597107062775,0.6173079899938904,0.6048511963397505,0.62690563057925,0.6257241788382504,1.0,0.6181484213695262,0.6258134082285809,0.6141357738376907,0.6176420330343467,0.6122106571539178
2,7,0.27010559782824795,0.91796,5000,1.8390114660616275,0.8127250900360145,833,1.8486526968380133,0.81,0.8113137479873357,0.0830959899652615,,,0.754481770210484,,0.754490236433914,0.245509763566086,0.9677209769085555,0.40494284118898094,5,0.1,0.5,0.6226000482558428,0.6243857638718421,0.6328775218574288,0.6225685927355262,0.6333049609623653,0.6313484469808143,0.6181484213695262,1.0,0.6294341940186081,0.6239851846750195,0.6346270512787143,0.6215393873656754
2,8,0.27212203428932247,0.91704,5000,1.8498730659484863,0.8079231692677071,833,1.8473162190220989,0.8117,0.8141056849712546,0.08389735341037934,,,0.9197533508180695,,0.9197680839315295,0.08023191606847047,0.9688364530398268,0.40536579978403275,5,0.1,0.5,0.6347172922373889,0.6240136153963141,0.6351347251459064,0.6186185953231546,0.6366488003794516,0.6320553847723204,0.6258134082285809,0.6294341940186081,1.0,0.6223541322141485,0.6274628753405854,0.631093871489652
2,9,0.2725276711450261,0.91652,5000,1.8492991924285889,0.8031212484993998,833,1.8475085348366929,0.8115,0.8055562483769246,0.08329008700292735,,,0.7945119517738167,,0.7945233673008383,0.20547663269916172,0.9683587821735697,0.4051422352715816,5,0.1,0.5,0.6111858932281143,0.6180884012789064,0.6260012215924107,0.6134618621327212,0.632874882212934,0.6281360923426105,0.6141357738376907,0.6239851846750195,0.6223541322141485,1.0,0.6199327332314912,0.6258883697630883
2,10,0.2693385835962406,0.91832,5000,1.8516818814807467,0.801920768307323,833,1.8473783346791617,0.8115,0.8146932510501526,0.08367183038450511,,,0.8732419368314258,,0.8732543547010693,0.12674564529893073,0.9686752478377124,0.40532860390960224,5,0.1,0.5,0.6257079033367587,0.6361767307760974,0.6364547693171021,0.6287710036952314,0.6311797253237675,0.6324084570113827,0.6176420330343467,0.6346270512787143,0.6274628753405854,0.6199327332314912,1.0,0.6344992030449245
2,11,0.2699247383904068,0.91596,5000,1.8410568943730108,0.8139255702280912,833,1.8476762169847092,0.8113,0.8098250794742746,0.08327146779231542,,,0.7906719633313112,,0.7906882184629286,0.20931178153707142,0.9682583031714547,0.40512646304108435,5,0.1,0.5,0.6258256473860142,0.6237206552241401,0.6274330567243711,0.6246202364145468,0.625571711561797,0.6264674261697416,0.6122106571539178,0.6215393873656754,0.631093871489652,0.6258883697630883,0.6344992030449245,1.0
3,0,0.26119143412015433,0.92092,5000,1.6093775828679402,0.9004796163069544,834,1.6211050051850633,0.8857,0.8078357033033682,0.08310003043931267,,,0.7743845705588067,,0.7743938557301341,0.22560614426986592,0.9695964308781876,0.40215948962226183,5,0.1,0.5,1.0,0.6115107314780606,0.6240403599112517,0.6154942473679246,0.6185886927145816,0.6246559080244045,0.6202378818395643,0.615182909001895,0.6170289788690796,0.6267635256930975,0.6198814409058813,0.6125561455383295
3,1,0.25372767923577766,0.92528,5000,1.6328930413281475,0.8800959232613909,834,1.6218262842288032,0.8856,0.8003186896614771,0.08284891359492653,,,0.7275842097366206,,0.7276040359419708,0.27239596405802924,0.9696360265503351,0.40184995418115566,5,0.1,0.5,0.6115107314780606,1.0,0.6253793830963412,0.5975694590209057,0.615347552929032,0.6161142634088135,0.6069127987051739,0.6054051790504661,0.6057192562329904,0.6184955880697521,0.6192334093896025,0.6115122392032276
3,2,0.24638870534291313,0.9242,5000,1.6234470826608163,0.8872901678657075,834,1.6186094802027693,0.8875,0.8092724921642968,0.08352384552454088,,,0.8533705062058238,,0.8533808543747804,0.1466191456252196,0.9710169984290139,0.40241864853003645,5,0.1,0.5,0.6240403599112517,0.6253793830963412,1.0,0.6103600868372745,0.6269811398635866,0.6192967202589237,0.6142688002567446,0.6226999675552639,0.6070299851671269,0.6258381188004316,0.6209106660488632,0.6205392030676343
3,3,0.2476388954877806,0.92688,5000,1.615630896003158,0.8752997601918465,834,1.6210047669304064,0.8855,0.7962550447271503,0.0827009049133212,,,0.7,,0.7,0.30000000000000004,0.9692727371502265,0.40157962305986156,5,0.1,0.5,0.6154942473679246,0.5975694590209057,0.6103600868372745,1.0,0.6160749235932088,0.6146659872896224,0.5971455253969308,0.6109221132969802,0.601529644320452,0.6148525526265837,0.6118310597756367,0.6035954170399843
3,4,0.23840259469268477,0.92916,5000,1.624968577314306,0.8883553421368547,833,1.6182113565956822,0.888,0.8124268498620795,0.08409598773632894,,,0.959999999813631,,0.9600020079313287,0.03999799206867127,0.9714149977313574,0.4025013757692355,5,0.1,0.5,0.6185886927145816,0.615347552929032,0.6269811398635866,0.6160749235932088,1.0,0.6387143804091506,0.6208700034803843,0.6235202178592628,0.6184982867306884,0.6283506374654654,0.6237212637940689,0.6137875269105556
3,5,0.24401778340885405,0.92752,5000,1.6031240533899378,0.8823529411764706,833,1.618236735605965,0.8876,0.8094561144795415,0.08385810891807007,,,0.9156667948719837,,0.9156869635058481,0.0843130364941519,0.9713715484768097,0.40248849340491,5,0.1,0.5,0.6246559080244045,0.6161142634088135,0.6192967202589237,0.6146659872896224,0.6387143804091506,1.0,0.6158867287331038,0.6151288128963064,0.6078553608126468,0.6231528037752693,0.6238015993617642,0.6174211048472278
3,6,0.24484610061226472,0.9258,5000,1.6133360421216045,0.8955582232893158,833,1.6203161679898588,0.886,0.800582573190722,0.08287589974277393,,,0.7326135874334702,,0.7326288840921641,0.2673711159078359,0.9697587194087851,0.4018911302795179,5,0.1,0.5,0.6202378818395643,0.6069127987051739,0.6142688002567446,0.5971455253969308,0.6208700034803843,0.6158867287331038,1.0,0.6169562607200326,0.6062384828868572,0.6127733131044111,0.611419988457018,0.6129814378115019
3,7,0.25100478960770617,0.92288,5000,1.6097311929420188,0.8883553421368547,833,1.62022381697219,0.8863,0.8058679629566462,0.08320650242928779,,,0.7942276342946238,,0.7942372370864916,0.20576276291350837,0.9704536311524459,0.4022502059808377,5,0.1,0.5,0.615182909001895,0.6054051790504661,0.6226999675552639,0.6109221132969802,0.6235202178592628,0.6151288128963064,0.6169562607200326,1.0,0.6117543688054969,0.6208430083063025,0.6248285424193745,0.6184270310495982
3,8,0.25001191988967025,0.9254,5000,1.62667652854213,0.8835534213685474,833,1.6183142296422404,0.8876,0.7977579658072207,0.083454790215902,,,0.8405007468358895,,0.8405250740424678,0.1594749259575322,0.9712083281278235,0.4023926437796767,5,0.1,0.5,0.6170289788690796,0.6057192562329904,0.6070299851671269,0.601529644320452,0.6184982867306884,0.6078553608126468,0.6062384828868572,0.6117543688054969,1.0,0.6079400188381197,0.6062473722009747,0.6138198117220053
3,9,0.24737256531407878,0.92504,5000,1.6191794342464871,0.8967587034813925,833,1.6184969550123611,0.8875,0.8089982053658265,0.08344439862463655,,,0.8385640777847605,,0.8385773806535817,0.16142261934641833,0.9708539963965238,0.40238813644188226,5,0.1,0.5,0.6267635256930975,0.6184955880697521,0.6258381188004316,0.6148525526265837,0.6283506374654654,0.6231528037752693,0.6127733131044111,0.6208430083063025,0.6079400188381197,1.0,0.6158204709379355,0.6203036069716734
3,10,0.24662668040188349,0.92712,5000,1.617953927428634,0.879951980792317,833,1.618337498686184,0.8877,0.807361124989629,0.0836403532438688,,,0.8750839174126489,,0.8751066713518397,0.12489332864816027,0.9712549198714038,0.4024527595028676,5,0.1,0.5,0.6198814409058813,0.6192334093896025,0.6209106660488632,0.6118310597756367,0.6237212637940689,0.6238015993617642,0.611419988457018,0.6248285424193745,0.6062473722009747,0.6158204709379355,1.0,0.6198651429966838
3,11,0.2480282748723106,0.92384,5000,1.6132195084183305,0.8835534213685474,833,1.6189144209931834,0.8872,0.8037881050787503,0.08325026461703068,,,0.802383543476034,,0.8023994779378545,0.1976005220621455,0.9708006985092978,0.4022814783092855,5,0.1,0.5,0.6125561455383295,0.6115122392032276,0.6205392030676343,0.6035954170399843,0.6137875269105556,0.6174211048472278,0.6129814378115019,0.6184270310495982,0.6138198117220053,0.6203036069716734,0.6198651429966838,1.0
4,0,0.2413727415084934,0.92716,5000,1.3622554143269856,0.9268585131894485,834,1.3777522903661759,0.9221,0.7935968608684508,0.08315812885683202,,,0.7736699086675669,,0.7736810401084283,0.2263189598915717,0.969353536575666,0.3967306668946838,5,0.1,0.5,1.0,0.5888716027406231,0.6001468262093068,0.6013478772366578,0.5973616912850317,0.600319940491082,0.6062725842184388,0.5968316983337459,0.5926364704682506,0.5990529952834032,0.5904437488464168,0.5908416922077757
4,1,0.23667062854714643,0.93076,5000,1.3909249835544162,0.9184652278177458,834,1.3792753211987285,0.9217,0.789037871503457,0.082831096783619,,,0.7,,0.7,0.30000000000000004,0.9682123684241473,0.3961407018789889,5,0.1,0.5,0.5888716027406231,1.0,0.5967941476929306,0.5986949929487891,0.5993069798738905,0.592467328164112,0.5970236790934967,0.5842241790386664,0.5854717036256004,0.5954238312166681,0.5997580354901959,0.5838055665523809
4,2,0.22403961097952096,0.93164,5000,1.3832933991043657,0.9184652278177458,834,1.3747048541760674,0.9228,0.7976294861124575,0.08358172269215916,,,0.8690921064174728,,0.8691029566788816,0.1308970433211184,0.9700294767361903,0.39702770272886106,5,0.1,0.5,0.6001468262093068,0.5967941476929306,1.0,0.6002315099084502,0.604209392186107,0.593623670619791,0.5995475201353532,0.60124129939885,0.6038986015513432,0.5978383011521872,0.6019707505362198,0.6009621168321159
4,3,0.22496818957648648,0.935,5000,1.3722654272008825,0.919664268585132,834,1.378096781599636,0.9222,0.7953835611452305,0.0829549499422099,,,0.7279001713560911,,0.7279152652979268,0.27208473470207317,0.968162043654438,0.39641303946751427,5,0.1,0.5,0.6013478772366578,0.5986949929487891,0.6002315099084502,1.0,0.6007904662076179,0.5945763351049093,0.591431814612427,0.5978555740999948,0.5978474075434282,0.59981911221835,0.605742916562669,0.5946462889706399
4,4,0.22379206018937622,0.934,5000,1.384596590642576,0.9243697478991597,833,1.3742335158795975,0.9227,0.7982721644799392,0.08398527683487172,,,0.9599999997747318,,0.9600020079313287,0.03999799206867127,0.9702609671510533,0.39708169460011356,5,0.1,0.5,0.5973616912850317,0.5993069798738905,0.604209392186107,0.6007904662076179,1.0,0.6040843852889578,0.6079198571749348,0.5920102328298041,0.5955262317668479,0.6067571443643848,0.5960493976086806,0.5998538325455608
4,5,0.2248621645247101,0.93352,5000,1.3577963400770117,0.921968787515006,833,1.3742786680166714,0.9226,0.7934909474142482,0.08365927157009996,,,0.8865613983405609,,0.8865769790673159,0.11342302093268408,0.970155572428872,0.39704890427883704,5,0.1,0.5,0.600319940491082,0.592467328164112,0.593623670619791,0.5945763351049093,0.6040843852889578,1.0,0.6003275944338683,0.5963804267588637,0.5937519874583344,0.5983512853892754,0.593601607586375,0.5918756158613583
4,6,0.22289090933156597,0.9312,5000,1.3669317739981193,0.9327731092436975,833,1.3768350072562123,0.9226,0.798120464035384,0.08316742154442835,,,0.7757632551695546,,0.7757793283469705,0.2242206716530295,0.9687542372325301,0.39674148302501205,5,0.1,0.5,0.6062725842184388,0.5970236790934967,0.5995475201353532,0.591431814612427,0.6079198571749348,0.6003275944338683,1.0,0.6009658251090042,0.604250497921182,0.6082647017041293,0.5965876343564352,0.5955402334783694
4,7,0.22924612250036686,0.93024,5000,1.3656361323815804,0.9243697478991597,833,1.3767654636797433,0.9225,0.791528631646841,0.08315654240439756,,,0.7733125314696546,,0.7733246322975754,0.22667536770242458,0.969431887207103,0.3967283384367087,5,0.1,0.5,0.5968316983337459,0.5842241790386664,0.60124129939885,0.5978555740999948,0.5920102328298041,0.5963804267588637,0.6009658251090042,1.0,0.5951767251822094,0.5954792448571294,0.5857643110142671,0.5979863229915023
4,8,0.2311490650721796,0.92996,5000,1.3871109441474632,0.9279711884753902,833,1.3745319904229891,0.9227,0.7923957964122349,0.08335228870908411,,,0.8174079385243582,,0.8174238241052156,0.18257617589478436,0.9698446490080097,0.39691454295979717,5,0.1,0.5,0.5926364704682506,0.5854717036256004,0.6038986015513432,0.5978474075434282,0.5955262317668479,0.5937519874583344,0.604250497921182,0.5951767251822094,1.0,0.5931106688218191,0.5896844689079062,0.5996011182812181
4,9,0.2251016071279812,0.93244,5000,1.3744488601331357,0.921968787515006,833,1.3746925832364505,0.9226,0.796281588489287,0.0834815686959707,,,0.8465306014268313,,0.8465488680287134,0.15345113197128657,0.9699565532764348,0.3969894747811673,5,0.1,0.5,0.5990529952834032,0.5954238312166681,0.5978383011521872,0.59981911221835,0.6067571443643848,0.5983512853892754,0.6082647017041293,0.5954792448571294,0.5931106688218191,1.0,0.5939660515362727,0.5999547911491889
4,10,0.22931731548160314,0.93204,5000,1.369672382319415,0.9111644657863145,833,1.3745602578781664,0.9227,0.79211764734389,0.08346611814851494,,,0.8430500852537635,,0.8430701270016565,0.1569298729983435,0.9700080887690145,0.3969823277220012,5,0.1,0.5,0.5904437488464168,0.5997580354901959,0.6019707505362198,0.605742916562669,0.5960493976086806,0.593601607586375,0.5965876343564352,0.5857643110142671,0.5896844689079062,0.5939660515362727,1.0,0.5938967033782113
4,11,0.2261206151104894,0.93052,5000,1.3719077551806416,0.9231692677070829,833,1.3752315947042106,0.9226,0.792097155157594,0.08320561381781247,,,0.7843667577690736,,0.7843732744340144,0.2156267255659856,0.9695338951925967,0.3967841073027511,5,0.1,0.5,0.5908416922077757,0.5838055665523809,0.6009621168321159,0.5946462889706399,0.5998538325455608,0.5918756158613583,0.5955402334783694,0.5979863229915023,0.5996011182812181,0.5999547911491889,0.5938967033782113,1.0
5,0,0.22554690266550062,0.93184,5000,1.1107331116994221,0.9376498800959233,834,1.1300678538819091,0.9382,0.7886118970826086,0.08337324208092933,,,0.8175073390857404,,0.8175292404999749,0.18247075950002511,0.9684824006708613,0.39188561286594803,5,0.1,0.5,1.0,0.5750565804137211,0.5858368060430292,0.5804052548980082,0.5913172628798941,0.5902908074921001,0.582730254494245,0.5807302717231285,0.5844662943799024,0.5847401781338919,0.5842085973307627,0.5816687163971535
5,1,0.2146192179874155,0.93776,5000,1.1437307861116197,0.9376498800959233,834,1.1319535803109313,0.938,0.7803609496538647,0.0828641022197226,,,0.7,,0.7,0.30000000000000004,0.967006467835281,0.3910955393624066,5,0.1,0.5,0.5750565804137211,1.0,0.5847684358320826,0.5689779041726144,0.5805214392954247,0.5767587399238855,0.5780026102074389,0.5719281876337278,0.5752843099761948,0.5737066445042052,0.5795153821148412,0.5810467688984534
5,2,0.2088597246748247,0.93664,5000,1.1390699059874922,0.9388489208633094,834,1.1266909443532316,0.9386,0.7864902557312943,0.0835818547248187,,,0.8656542601006857,,0.8656744139350434,0.1343255860649566,0.9692223321023128,0.39200301290857836,5,0.1,0.5,0.5858368060430292,0.5847684358320826,1.0,0.5770800731304172,0.5885910111288422,0.5749181200475457,0.5740931152230119,0.5801513500957802,0.5841473601019862,0.5842962462516649,0.5798539527665165,0.5857654403786379
5,3,0.20709271348692523,0.9392,5000,1.1248583617033783,0.9400479616306955,834,1.130665273712085,0.9382,0.7798135186430419,0.08292766407523663,,,0.7146698089815721,,0.7146829978414738,0.2853170021585262,0.9675258216825506,0.3912501120213062,5,0.1,0.5,0.5804052548980082,0.5689779041726144,0.5770800731304172,1.0,0.5835188436224616,0.5772310962629419,0.5697399703252398,0.5702492543158852,0.5763402526632775,0.5784565170796419,0.5791855778624808,0.5785672963843255
5,4,0.19917161810229633,0.94044,5000,1.1392255734514307,0.9327731092436975,833,1.126146842686894,0.9388,0.7904362085500014,0.08399063920733708,,,0.9599999997692041,,0.9600020079313287,0.03999799206867127,0.9694280276436302,0.3920762730688741,5,0.1,0.5,0.5913172628798941,0.5805214392954247,0.5885910111288422,0.5835188436224616,1.0,0.5931344659191794,0.5808225811716684,0.5839344762851887,0.5857965952617972,0.5867348043711373,0.5805907245944527,0.5796284166903932
5,5,0.20865517905053155,0.93892,5000,1.1087655976966575,0.943577430972389,833,1.1262982727620547,0.9387,0.7842434180185484,0.08355463139733976,,,0.8593712305898398,,0.8593795492194167,0.14062045078058327,0.9692049154768771,0.3919912258161023,5,0.1,0.5,0.5902908074921001,0.5767587399238855,0.5749181200475457,0.5772310962629419,0.5931344659191794,1.0,0.5760324849454366,0.5754104213279663,0.5715181639464268,0.5809927122675191,0.5826524530839803,0.5789382608188093
5,6,0.2091213437651468,0.93564,5000,1.1172184303954795,0.9399759903961584,833,1.1293351444573447,0.9384,0.7802910252449072,0.08308656940174258,,,0.7513444901585831,,0.7513578635610663,0.24864213643893374,0.9681626821817098,0.39155505920323463,5,0.1,0.5,0.582730254494245,0.5780026102074389,0.5740931152230119,0.5697399703252398,0.5808225811716684,0.5760324849454366,1.0,0.5791802252562992,0.5802302281356837,0.5752884159470316,0.5700714181894083,0.57708693035453
5,7,0.2157399417755378,0.93472,5000,1.1165434033782393,0.9399759903961584,833,1.1292560549970634,0.9382,0.781896190537619,0.08313579403891291,,,0.7627053294329567,,0.7627227548817831,0.2372772451182169,0.9682385502445281,0.39163084670042175,5,0.1,0.5,0.5807302717231285,0.5719281876337278,0.5801513500957802,0.5702492543158852,0.5839344762851887,0.5754104213279663,0.5791802252562992,1.0,0.5752612322593873,0.575432173948472,0.5803710028229291,0.5857081983420099
5,8,0.21509370007522546,0.93516,5000,1.1431515172675804,0.943577430972389,833,1.126798425048304,0.9385,0.7838352561267777,0.08333495937127831,,,0.8086718506731436,,0.8086843029968375,0.19131569700316253,0.9688247081717151,0.39185494006701305,5,0.1,0.5,0.5844662943799024,0.5752843099761948,0.5841473601019862,0.5763402526632775,0.5857965952617972,0.5715181639464268,0.5802302281356837,0.5752612322593873,1.0,0.5761843652477462,0.5778214778382432,0.5886089430734167
5,9,0.21019164374228685,0.93632,5000,1.1258155328256112,0.9351740696278511,833,1.1268368906106432,0.9387,0.7835528393186828,0.08341147887037796,,,0.8263322293087152,,0.8263490788615029,0.17365092113849712,0.9689947296033499,0.39191234562677013,5,0.1,0.5,0.5847401781338919,0.5737066445042052,0.5842962462516649,0.5784565170796419,0.5867348043711373,0.5809927122675191,0.5752884159470316,0.575432173948472,0.5761843652477462,1.0,0.57470343069773,0.5817495760278251
5,10,0.21096206488514876,0.93808,5000,1.1197816398408678,0.9351740696278511,833,1.1267315162637364,0.9385,0.7836162754929733,0.08340337869706173,,,0.8244627433677245,,0.824471663069123,0.175528336930877,0.9689739615303462,0.3919065677736462,5,0.1,0.5,0.5842085973307627,0.5795153821148412,0.5798539527665165,0.5791855778624808,0.5805907245944527,0.5826524530839803,0.5700714181894083,0.5803710028229291,0.5778214778382432,0.57470343069773,1.0,0.5840821042112709
5,11,0.20675139499318068,0.93636,5000,1.1258223321702745,0.9351740696278511,833,1.1274777104298528,0.9385,0.7866427200227897,0.08333568591524249,,,0.8088395339650318,,0.8088549771597812,0.19114502284021884,0.9685873133287474,0.3918552285490228,5,0.1,0.5,0.5816687163971535,0.5810467688984534,0.5857654403786379,0.5785672963843255,0.5796284166903932,0.5789382608188093,0.57708693035453,0.5857081983420099,0.5886089430734167,0.5817495760278251,0.5840821042112709,1.0
6,0,0.20529401747118325,0.93964,5000,0.8736826247639127,0.9496402877697842,834,0.8964869705632853,0.946,0.7674899274809068,0.08326165565639149,,,0.7971120371513432,,0.7971286581998895,0.20287134180011046,0.966791896736193,0.38487839267170965,5,0.1,0.5,1.0,0.5489131833792704,0.5553927878939978,0.5549061632229298,0.5650630671624977,0.5556884717272863,0.5548044856853317,0.5559912185536096,0.5568002276796198,0.546989879779921,0.5514404453217764,0.547893743243128
6,1,0.20265277860342126,0.93904,5000,0.9105631311734518,0.9376498800959233,834,0.8984705678190286,0.9458,0.7682700321316412,0.08294676462880995,,,0.7340698052392092,,0.7340846343055067,0.26591536569449326,0.9654030669556711,0.3844869865404285,5,0.1,0.5,0.5489131833792704,1.0,0.5636238056269341,0.5428666365931527,0.5616985474812768,0.5543153110815606,0.5634689263791078,0.555357770511317,0.5506428797555394,0.5553395918495054,0.5538041623794718,0.5537809607767386
6,2,0.19354816421712184,0.94036,5000,0.9089057864966216,0.9484412470023981,834,0.8932744693070555,0.9463,0.7688400301937061,0.08344979756446108,,,0.8347786734223425,,0.8347924300988906,0.1652075699011094,0.9672476673860149,0.38500863204644437,5,0.1,0.5,0.5553927878939978,0.5636238056269341,1.0,0.5464685528012228,0.5572154879863388,0.5464595646975984,0.5519468568233477,0.5623681671554784,0.5560960566421154,0.5553711962499639,0.5498082560319066,0.5606274138529955
6,3,0.1941847001593916,0.94312,5000,0.8911227341051455,0.947242206235012,834,0.8974905770045881,0.9458,0.762256029442094,0.08277658861099019,,,0.7,,0.7,0.30000000000000004,0.9652485417553457,0.3841534179812119,5,0.1,0.5,0.5549061632229298,0.5428666365931527,0.5464685528012228,1.0,0.5584078281032138,0.5572389764234554,0.5399453018789074,0.5500844367839751,0.5466575647327132,0.552876028210237,0.5489094411257467,0.5495034060930652
6,4,0.18483826691272912,0.94596,5000,0.9075975042802317,0.9411764705882353,833,0.8926614515316753,0.9463,0.7787384651169383,0.0840752683154503,,,0.9599999997997967,,0.9600020079313287,0.03999799206867127,0.9675854631872789,0.38513934862293786,5,0.1,0.5,0.5650630671624977,0.5616985474812768,0.5572154879863388,0.5584078281032138,1.0,0.5692288473928017,0.5594515342734399,0.5713978810501115,0.5668300715644813,0.5719241982606856,0.5597496079550119,0.5537359579259041
6,5,0.19299560781378466,0.9416,5000,0.8746682869063483,0.9519807923169268,833,0.8928750307796101,0.9461,0.7726954528469278,0.08356799136004923,,,0.858441464735488,,0.8584508809798704,0.14154911902012957,0.9673278770759223,0.3850603140093895,5,0.1,0.5,0.5556884717272863,0.5543153110815606,0.5464595646975984,0.5572389764234554,0.5692288473928017,1.0,0.5574898045552531,0.5648279174121923,0.5548888634297958,0.5635815833326805,0.5611769125246031,0.5561774552731896
6,6,0.18864656263980184,0.94248,5000,0.8820513950453864,0.9519807923169268,833,0.8958967156684436,0.9461,0.7693573992740895,0.08313492426337185,,,0.7717399904129741,,0.7717534260328297,0.2282465739671703,0.9662635048101853,0.3847500964520101,5,0.1,0.5,0.5548044856853317,0.5634689263791078,0.5519468568233477,0.5399453018789074,0.5594515342734399,0.5574898045552531,1.0,0.5670896942460801,0.5594938128148285,0.555421011002778,0.545970419098164,0.5576766217451558
6,7,0.19472519695628315,0.9414,5000,0.8828411654189781,0.9471788715486195,833,0.8956575376538042,0.946,0.7747852008974713,0.08336021933167287,,,0.8168448130355094,,0.816861603333166,0.18313839666683396,0.9664807003382107,0.3849556253743434,5,0.1,0.5,0.5559912185536096,0.555357770511317,0.5623681671554784,0.5500844367839751,0.5713978810501115,0.5648279174121923,0.5670896942460801,1.0,0.5600565927197807,0.5552321079891834,0.5600307266437351,0.5600841051572129
6,8,0.1987730948960373,0.94084,5000,0.9130047228601244,0.9495798319327731,833,0.8933578213563742,0.9461,0.7708957829884827,0.08335649183874039,,,0.8160985565425724,,0.816118668741529,0.18388133125847095,0.9669224181913604,0.38495351500050223,5,0.1,0.5,0.5568002276796198,0.5506428797555394,0.5560960566421154,0.5466575647327132,0.5668300715644813,0.5548888634297958,0.5594938128148285,0.5600565927197807,1.0,0.5598727861941252,0.552502737203225,0.5616931309173419
6,9,0.19642995693928497,0.94016,5000,0.8914821346600851,0.943577430972389,833,0.893380565955616,0.9462,0.7712384786167465,0.08342010225036867,,,0.8288335726930657,,0.8288489533657949,0.1711510466342051,0.9670487325130448,0.3849926396487618,5,0.1,0.5,0.546989879779921,0.5553395918495054,0.5553711962499639,0.552876028210237,0.5719241982606856,0.5635815833326805,0.555421011002778,0.5552321079891834,0.5598727861941252,1.0,0.555551805000206,0.5561124786555207
6,10,0.1992076671249263,0.94196,5000,0.8871208484526034,0.9411764705882353,833,0.8932915487990212,0.9461,0.7683829568919247,0.08331354855164319,,,0.8075011675186825,,0.8075247226544853,0.19247527734551473,0.9669195418422761,0.3849222926369749,5,0.1,0.5,0.5514404453217764,0.5538041623794718,0.5498082560319066,0.5489094411257467,0.5597496079550119,0.5611769125246031,0.545970419098164,0.5600307266437351,0.552502737203225,0.555551805000206,1.0,0.5630489338132301
6,11,0.1922680932889058,0.93928,5000,0.8938079012764825,0.943577430972389,833,0.8939726716413284,0.9462,0.7703215132275385,0.08333664762805088,,,0.8121256795063171,,0.8121479845389288,0.18785201546107122,0.9668962269830735,0.3849394998642875,5,0.1,0.5,0.547893743243128,0.5537809607767386,0.5606274138529955,0.5495034060930652,0.5537359579259041,0.5561774552731896,0.5576766217451558,0.5600841051572129,0.5616931309173419,0.5561124786555207,0.5630489338132301,1.0
7,0,0.18959798276614231,0.94256,5000,0.6657329245849892,0.9508393285371702,834,0.6903285485106154,0.95,0.7552235549645574,0.0833055723777083,,,0.8186071695507956,,0.8186235630741429,0.18137643692585714,0.965016772993118,0.37714010354775196,5,0.1,0.5,1.0,0.5241906126675752,0.540577667233362,0.5264240853260448,0.5313096719535784,0.5282401813205734,0.5301696619139715,0.5197228822346747,0.5351575193601057,0.5319634362935821,0.5395044892572874,0.532220154514488
