round,client_id,client_i_training_loss,client_i_training_accuracy,client_i_training_dataset_size,client_i_evaluation_loss,client_i_evaluation_accuracy,client_i_evaluation_dataset_size,client_i_central_evaluation_loss,client_i_central_evaluation_accuracy,client_i_cosine_similarity,client_i_importance_coefficient,client_i_tanh_val,tanh_normalization_value,client_i_q,client_i_mask_order,client_i_v_nonzero_fraction,client_i_v_sparsity,client_i_v_cosine_similarity,client_i_reward_gradient_norm,local_epochs,learning_rate,gamma,client_0_cosine_similarity,client_1_cosine_similarity,client_2_cosine_similarity,client_3_cosine_similarity,client_4_cosine_similarity,client_5_cosine_similarity,client_6_cosine_similarity,client_7_cosine_similarity,client_8_cosine_similarity,client_9_cosine_similarity,client_10_cosine_similarity,client_11_cosine_similarity
0,0,0.3411141041001886,0.89216,5000,2.1999364782262734,0.35851318944844124,834,2.1971592072861643,0.3546,0.7832182007200906,0.08319157852244306,,,0.8322746897616661,,0.8322875357662768,0.1677124642337232,0,0.39216324134952035,5,0.1,0.5,1.0,0.583707230513802,0.5766189319695069,0.5930595573085713,0.579105198128519,0.5839703092928472,0.5741199412555942,0.5716799992701467,0.5827377252998008,0.5793339815460059,0.562965313750761,0.5864139215589181
0,1,0.345072579955694,0.8902,5000,2.191498456177888,0.3669064748201439,834,2.197179666342446,0.3545,0.7822084504034404,0.08308432524017965,,,0.8227083741063447,,0.8227247628131118,0.1772752371868882,0,0.3921408079503497,5,0.1,0.5,0.583707230513802,1.0,0.5773564274928263,0.5760545579090057,0.5660339015559808,0.5880511660403007,0.5740015123360442,0.5734836608190669,0.5896881862630083,0.5780714370118523,0.5807948970710793,0.5769627046778172
0,2,0.34710542032151087,0.8924,5000,2.195493556835033,0.37410071942446044,834,2.1971305498299887,0.3547,0.7855933298773573,0.08344385910479678,,,0.8547765249836109,,0.8547864063049043,0.14521359369509568,0,0.3922054104584227,5,0.1,0.5,0.5766189319695069,0.5773564274928263,1.0,0.5926175620629388,0.5839116783892911,0.5796281701455022,0.576489683265492,0.5783192875677303,0.5922074271031753,0.5789810389738548,0.5701642741410722,0.5897785986813147
0,3,0.33594676132082557,0.89236,5000,2.2041093155189797,0.3249400479616307,834,2.1971021231751853,0.354,0.7956444234670598,0.08451146241232384,,,0.9499999999108063,,0.9500025099141609,0.04999749008583909,0,0.39227359771306575,5,0.1,0.5,0.5930595573085713,0.5760545579090057,0.5926175620629388,1.0,0.5918670605657836,0.5918166060656087,0.5873136270761897,0.5846061180576011,0.6015097909820004,0.5984313804187457,0.5794443218157043,0.5939798595633735
0,4,0.34554046675040845,0.89072,5000,2.205897808074951,0.34813925570228094,833,2.1971916840099297,0.3544,0.7802728815012524,0.08287873370494218,,,0.8043709071250215,,0.8043823101249937,0.19561768987500627,0,0.39208834549569693,5,0.1,0.5,0.579105198128519,0.5660339015559808,0.5839116783892911,0.5918670605657836,1.0,0.58553177548123,0.565039741483951,0.576937937206539,0.5750663233607831,0.5869012151958943,0.5671896520602399,0.5683985281200167
0,5,0.3304187813334784,0.89704,5000,2.1918478276994495,0.3577430972388956,833,2.19712280313047,0.3545,0.7879744977905359,0.0836967811094721,,,0.8773355710271487,,0.8773505346117163,0.1226494653882837,0,0.39223547458624236,5,0.1,0.5,0.5839703092928472,0.5880511660403007,0.5796281701455022,0.5918166060656087,0.58553177548123,1.0,0.5736342010369931,0.5856445065186143,0.5963688717533501,0.580115566243642,0.570996654083782,0.58273307422579
0,6,0.34712327984725216,0.89008,5000,2.1865184836917453,0.37214885954381755,833,2.1972520275237843,0.3524,0.7766877325072882,0.08249792768719155,,,0.7704054144858155,,0.7704231715275338,0.2295768284724662,0,0.3919541009129929,5,0.1,0.5,0.5741199412555942,0.5740015123360442,0.576489683265492,0.5873136270761897,0.565039741483951,0.5736342010369931,1.0,0.5703556240491483,0.5908048742367421,0.5683830540942425,0.5588015784848537,0.5732863062838075
0,7,0.34809152906535157,0.89128,5000,2.195505309987951,0.36614645858343337,833,2.197182672092328,0.3545,0.7820394153484562,0.08306637073779854,,,0.8211069458461812,,0.8211284574067567,0.17887154259324334,0,0.39213688708854444,5,0.1,0.5,0.5716799992701467,0.5734836608190669,0.5783192875677303,0.5846061180576011,0.576937937206539,0.5856445065186143,0.5703556240491483,1.0,0.5873136851774241,0.575354861533051,0.571891301198634,0.5870272932495805
0,8,0.33374008462426197,0.8934,5000,2.1926456557379828,0.38055222088835533,833,2.1971010125864048,0.3541,0.7946370514395255,0.08440446174628607,,,0.9404562160279694,,0.940474875759249,0.05952512424075096,0,0.39227176560355026,5,0.1,0.5,0.5827377252998008,0.5896881862630083,0.5922074271031753,0.6015097909820004,0.5750663233607831,0.5963688717533501,0.5908048742367421,0.5873136851774241,1.0,0.594145235012426,0.5849162270001126,0.586458054552423
0,9,0.3739131375838807,0.88372,5000,2.198898262447781,0.3469387755102041,833,2.1971432560929856,0.3548,0.7853485297795818,0.08341785701937834,,,0.8524573031233562,,0.8524722654485216,0.14752773455147838,0,0.3922015152786988,5,0.1,0.5,0.5793339815460059,0.5780714370118523,0.5789810389738548,0.5984313804187457,0.5869012151958943,0.580115566243642,0.5683830540942425,0.575354861533051,0.594145235012426,1.0,0.569752495940606,0.5842981097935233
0,10,0.3598958053406636,0.88884,5000,2.2024763778403953,0.3385354141656663,833,2.1972806758393113,0.3532,0.7745338861906063,0.08226915124300935,,,0.75,,0.750002509914161,0.24999749008583905,0,0.39185110239995663,5,0.1,0.5,0.562965313750761,0.5807948970710793,0.5701642741410722,0.5794443218157043,0.5671896520602399,0.570996654083782,0.5588015784848537,0.571891301198634,0.5849162270001126,0.569752495940606,1.0,0.5750357596115724
0,11,0.34237281302120653,0.89124,5000,2.202882007316307,0.31812725090036015,833,2.197126384741201,0.3547,0.786474844275958,0.08353749147217848,,,0.8631279410244607,,0.8631444204608203,0.1368555795391797,0,0.39221802571311043,5,0.1,0.5,0.5864139215589181,0.5769627046778172,0.5897785986813147,0.5939798595633735,0.5683985281200167,0.58273307422579,0.5732863062838075,0.5870272932495805,0.586458054552423,0.5842981097935233,0.5750357596115724,1.0
1,0,0.29522297665666625,0.90988,5000,2.0401959595856844,0.7194244604316546,834,2.0381666646597867,0.7239,0.8141551184339707,0.08344501581054413,,,0.8709773309515754,,0.8709954319562271,0.12900456804377292,0.9598836236724749,0.40408178486768404,5,0.1,0.5,1.0,0.6347598009248135,0.6257856531467854,0.6281820277460545,0.6314805140668647,0.6281555995358619,0.6278503547690862,0.6232151947494889,0.6260097426802649,0.6208155765117255,0.620276086364586,0.6306760450225
1,1,0.30496433509875587,0.90524,5000,2.0330752575839006,0.7410071942446043,834,2.038209300833388,0.724,0.8088025089089157,0.08318750155864518,,,0.8435302856820731,,0.8435470106922344,0.15645298930776563,0.9598028844137813,0.4040371204810971,5,0.1,0.5,0.6347598009248135,1.0,0.6307818608954004,0.6170723043368829,0.6169048453563222,0.6212078717899757,0.6232872971443201,0.6136962781620158,0.6286624265656069,0.6315231898124674,0.6149674366769508,0.6128534501472687
1,2,0.30387466690342896,0.90544,5000,2.0353257347036293,0.7446043165467626,834,2.038132912434709,0.7236,0.809361185019654,0.08344499482207988,,,0.8709750939051828,,0.8709904121279052,0.12900958787209482,0.9599602160503283,0.4040817834418571,5,0.1,0.5,0.6257856531467854,0.6307818608954004,1.0,0.6206086594220039,0.6182069867160174,0.6274440383150675,0.6279417062837903,0.6187095291601641,0.6294430931720522,0.6153562390337588,0.6118099369908762,0.623372423870155
1,3,0.29660179018974303,0.9078,5000,2.0467506956171104,0.7086330935251799,834,2.0380639748070566,0.7243,0.8059103554574624,0.0840315513876876,,,0.9334929720056788,,0.9335023342201697,0.0664976657798303,0.9602294635846772,0.4041261046608741,5,0.1,0.5,0.6281820277460545,0.6170723043368829,0.6206086594220039,1.0,0.6249146545780981,0.6211581296812992,0.6190503036984236,0.6116862272664735,0.6260341213258624,0.6073706272558613,0.6141498244921636,0.6209059445233117
1,4,0.3125891484640491,0.90224,5000,2.049156343495404,0.7130852340936374,833,2.0382736418574763,0.7243,0.807333645789876,0.08300020975505368,,,0.8235678697230526,,0.8235831534561519,0.17641684654384815,0.9596331798773821,0.4039896110040386,5,0.1,0.5,0.6314805140668647,0.6169048453563222,0.6182069867160174,0.6249146545780981,1.0,0.6136631879378889,0.63255029043716,0.6182196195390707,0.6279525436832541,0.623818222159734,0.6039260782923644,0.6206754698152734
1,5,0.29173259023031234,0.90884,5000,2.0365440624731557,0.7142857142857143,833,2.0381076933857734,0.724,0.8087649807226577,0.08359166551402827,,,0.8866079262316686,,0.8866271773505346,0.11337282264946535,0.9600891278050498,0.40409884770924953,5,0.1,0.5,0.6281555995358619,0.6212078717899757,0.6274440383150675,0.6211581296812992,0.6136631879378889,1.0,0.6227631058341846,0.6260815088864544,0.6210871707491352,0.6252510330027133,0.6183112774988054,0.6175330386816767
1,6,0.30584199157229086,0.90592,5000,2.025791397801152,0.7406962785114045,833,2.0383667881115555,0.7231,0.8132011325652939,0.08295254872884297,,,0.818487939838203,,0.8184980673660961,0.1815019326339039,0.9593394738843494,0.4039750722152782,5,0.1,0.5,0.6278503547690862,0.6232872971443201,0.6279417062837903,0.6190503036984236,0.63255029043716,0.6227631058341846,1.0,0.6331835486106897,0.6280670334596187,0.6265021333473548,0.6234341474122955,0.6265929085007126
1,7,0.30571842769362556,0.90828,5000,2.0369864481466786,0.7214885954381752,833,2.0382314451967183,0.724,0.8066107608195118,0.08309924494160732,,,0.8341234922898306,,0.8341348325887255,0.16586516741127455,0.9597425211821909,0.40401625073445735,5,0.1,0.5,0.6232151947494889,0.6136962781620158,0.6187095291601641,0.6116862272664735,0.6182196195390707,0.6260815088864544,0.6331835486106897,1.0,0.6245222544848993,0.6217563827624855,0.6099128978243585,0.6236880737505245
1,8,0.3007143149294766,0.90492,5000,2.037682056427002,0.7118847539015606,833,2.0380656090788185,0.7244,0.8123880687715945,0.08418642397582403,,,0.9499999998934154,,0.9500025099141609,0.04999749008583909,0.9602316530803441,0.4041294363305444,5,0.1,0.5,0.6260097426802649,0.6286624265656069,0.6294430931720522,0.6260341213258624,0.6279525436832541,0.6210871707491352,0.6280670334596187,0.6245222544848993,1.0,0.6208473446261537,0.616947365085977,0.625047815868791
1,9,0.3304577564903695,0.89968,5000,2.0341714753044977,0.7226890756302521,833,2.03814374067532,0.7244,0.8061880231735562,0.08331721366734088,,,0.8573555947401925,,0.8573716178906682,0.14262838210933182,0.95994106364829,0.4040622903947839,5,0.1,0.5,0.6208155765117255,0.6315231898124674,0.6153562390337588,0.6073706272558613,0.623818222159734,0.6252510330027133,0.6265021333473548,0.6217563827624855,0.6208473446261537,1.0,0.6102001182568816,0.6156874345866795
1,10,0.3149088472056731,0.9046,5000,2.042686272550512,0.7262905162064826,833,2.0386209236547206,0.7221,0.7991067462709349,0.08230997972302245,,,0.75,,0.750002509914161,0.24999749008583905,0.9590149879953922,0.40367428610205874,5,0.1,0.5,0.620276086364586,0.6149674366769508,0.6118099369908762,0.6141498244921636,0.6039260782923644,0.6183112774988054,0.6234341474122955,0.6099128978243585,0.616947365085977,0.6102001182568816,1.0,0.6116553620237061
1,11,0.2973052123620821,0.9076,5000,2.0453479908130787,0.7166866746698679,833,2.0381248477167975,0.7241,0.8072565874026884,0.08343365011532371,,,0.8697659232375017,,0.8697756136740123,0.13022438632598765,0.9600027346184109,0.40408037850395206,5,0.1,0.5,0.6306760450225,0.6128534501472687,0.623372423870155,0.6209059445233117,0.6206754698152734,0.6175330386816767,0.6265929085007126,0.6236880737505245,0.625047815868791,0.6156874345866795,0.6116553620237061,1.0
2,0,0.26453729511778445,0.92064,5000,1.8385779592725966,0.8669064748201439,834,1.837526324838876,0.8627,0.8179753232850047,0.08351899387381072,,,0.8708760806230373,,0.8708950353897896,0.12910496461021037,0.9686991184934614,0.40732856315477434,5,0.1,0.5,1.0,0.6377924838106475,0.6375723556625842,0.6353307612032336,0.6387369144727021,0.6332589113237854,0.634051397626666,0.6316358859837364,0.6370911688900611,0.6311944259086367,0.6369170191535396,0.6434527120790027
2,1,0.2695007650324019,0.91616,5000,1.831790389838042,0.8896882494004796,834,1.8376292428269554,0.8625,0.8173122100222582,0.08332592741236819,,,0.8478206723515473,,0.8478339440791125,0.1521660559208875,0.9685751997618846,0.40728961317139983,5,0.1,0.5,0.6377924838106475,1.0,0.6344238176341204,0.6408427360385284,0.628527147205937,0.6361846964283098,0.6331376918833213,0.6349128326900313,0.6460893911811265,0.6313292241308706,0.6282262514521092,0.6399222601449173
2,2,0.2784976357202621,0.9134,5000,1.8328775079162032,0.8573141486810552,834,1.8375047087288512,0.863,0.8152596774141817,0.08342461157111966,,,0.8596052337556574,,0.8596205009788666,0.14037949902113345,0.9686838562948389,0.4073118673352592,5,0.1,0.5,0.6375723556625842,0.6344238176341204,1.0,0.6355718901552863,0.6320005107706627,0.63125602535646,0.6317185302317011,0.6264082902941238,0.6402010113699098,0.6291956543599555,0.6346707151749079,0.6373573768083615
2,3,0.26877847938638205,0.91812,5000,1.8480111846217402,0.8525179856115108,834,1.8372984884645993,0.863,0.8172535551471664,0.08388117159050842,,,0.914126239469437,,0.9141408563827117,0.0858591436172883,0.9688874055538452,0.4073690566351332,5,0.1,0.5,0.6353307612032336,0.6408427360385284,0.6355718901552863,1.0,0.6363992848918397,0.6335143927926621,0.636811180182254,0.6342635063657441,0.6426975106326742,0.6283078490774856,0.6290677240749927,0.6344779349420668
2,4,0.27686845038596325,0.91636,5000,1.850497320846275,0.8667466986794717,833,1.8377326433650982,0.8625,0.8131161246953346,0.08305645474472825,,,0.815641067856669,,0.8156618643642387,0.1843381356357613,0.9684393873243431,0.4072041693543909,5,0.1,0.5,0.6387369144727021,0.628527147205937,0.6320005107706627,0.6363992848918397,1.0,0.6258636391884235,0.6323660953076659,0.624299254008398,0.6432477735462107,0.6338759507506047,0.624972338422866,0.6309467162829246
2,5,0.26275671594983835,0.91924,5000,1.8397787985978302,0.8607442977190877,833,1.8374598650886609,0.863,0.8107241363251271,0.08336384100292935,,,0.852348197758573,,0.8523618292254405,0.14763817077455954,0.9687028792898015,0.4072986247890489,5,0.1,0.5,0.6332589113237854,0.6361846964283098,0.63125602535646,0.6335143927926621,0.6258636391884235,1.0,0.6315121880854105,0.6227654276729006,0.6380425331752906,0.6267368199220547,0.6190726695770887,0.6270078264329144
2,6,0.27262438545240814,0.91668,5000,1.8243879697940968,0.8703481392557023,833,1.837865530873259,0.8624,0.8144880072049931,0.08307265942663994,,,0.8175761815713561,,0.8175944982681592,0.18240550173184078,0.9684319288965474,0.40721048692849987,5,0.1,0.5,0.634051397626666,0.6331376918833213,0.6317185302317011,0.636811180182254,0.6323660953076659,0.6315121880854105,1.0,0.627854713139257,0.6387034788428329,0.6279028858918562,0.6324356784287128,0.6384969301044323
2,7,0.2711285735166092,0.91944,5000,1.8363365067376032,0.8595438175270108,833,1.8376796470282557,0.8622,0.8107092337390343,0.08303820331406092,,,0.8134615376449994,,0.8134732192159028,0.18652678078409723,0.9684553687734594,0.40719646654158537,5,0.1,0.5,0.6316358859837364,0.6349128326900313,0.6264082902941238,0.6342635063657441,0.624299254008398,0.6227654276729006,0.627854713139257,1.0,0.6392724022423025,0.6264686808268588,0.6314176682024815,0.6281146628554081
2,8,0.2637005874566781,0.91884,5000,1.8428571047606292,0.8451380552220888,833,1.8372418004483841,0.8632,0.8229558219407181,0.08418157919551196,,,0.949999999880583,,0.9500025099141609,0.04999749008583909,0.9689172137268683,0.4073815693558049,5,0.1,0.5,0.6370911688900611,0.6460893911811265,0.6402010113699098,0.6426975106326742,0.6432477735462107,0.6380425331752906,0.6387034788428329,0.6392724022423025,1.0,0.6391050545651511,0.6377325790540002,0.6403282773682992
2,9,0.2969695081643665,0.90832,5000,1.8279322474091142,0.8559423769507803,833,1.8375651139420823,0.8628,0.8104421715095951,0.08317283639762986,,,0.8295390100622142,,0.8295517293308569,0.17044827066914314,0.9685746302942461,0.40724573343280096,5,0.1,0.5,0.6311944259086367,0.6313292241308706,0.6291956543599555,0.6283078490774856,0.6338759507506047,0.6267368199220547,0.6279028858918562,0.6264686808268588,0.6391050545651511,1.0,0.6208180988208609,0.6288279159093704
2,10,0.2810934117965543,0.91632,5000,1.8413884198224102,0.8715486194477791,833,1.8384000573295374,0.8618,0.8104123342217938,0.08250677509702202,,,0.75,,0.750002509914161,0.24999749008583905,0.9675550856839451,0.40688429508351015,5,0.1,0.5,0.6369170191535396,0.6282262514521092,0.6346707151749079,0.6290677240749927,0.624972338422866,0.6190726695770887,0.6324356784287128,0.6314176682024815,0.6377325790540002,0.6208180988208609,1.0,0.6327285339743205
2,11,0.2668502613172457,0.91836,5000,1.8467807284107915,0.8571428571428571,833,1.837491936577014,0.8631,0.8164057272120758,0.08345694637367074,,,0.8634665573051906,,0.8634757291300638,0.13652427086993624,0.9686949921720728,0.4073177593650554,5,0.1,0.5,0.6434527120790027,0.6399222601449173,0.6373573768083615,0.6344779349420668,0.6309467162829246,0.6270078264329144,0.6384969301044323,0.6281146628554081,0.6403282773682992,0.6288279159093704,0.6327285339743205,1.0
3,0,0.24082494888834324,0.93052,5000,1.6039550127806488,0.9184652278177458,834,1.6067357428919393,0.9133,0.8068377417455098,0.08337007892099774,,,0.8473358088587624,,0.8473520405602128,0.15264795943978715,0.97046878413775,0.4045616904000021,5,0.1,0.5,1.0,0.6299239695994527,0.6181372525197555,0.6212198052172582,0.6161733482502045,0.6122905121415964,0.6238731419715958,0.6181013646502629,0.6258837570955076,0.6219352755293684,0.6178909700623836,0.6295370839776228
3,1,0.24569785372965086,0.92484,5000,1.599779694168656,0.9316546762589928,834,1.6068302358682163,0.9132,0.8144518709253796,0.08350750941902914,,,0.8642837908756366,,0.8642939611465288,0.1357060388534712,0.9704234818381529,0.4045953212723227,5,0.1,0.5,0.6299239695994527,1.0,0.6183927654149881,0.6297567032380201,0.6224259717911359,0.6223752741992875,0.6365902675277144,0.6310766075608449,0.6382934740461988,0.6269909620048433,0.6223528364609187,0.6315636604487622
3,2,0.2540180133833627,0.92368,5000,1.5993863344192505,0.9112709832134293,834,1.6067116641388914,0.9133,0.8065625558782926,0.08329803693287958,,,0.8384515631012646,,0.8384669444305005,0.16153305556949948,0.9703881010030477,0.4045403073846175,5,0.1,0.5,0.6181372525197555,0.6183927654149881,1.0,0.6279325418153395,0.6175727237201809,0.6199173433810966,0.622438769731547,0.6195154546956136,0.6289675422606386,0.6180775910057148,0.6204103566587265,0.6213196514365616
3,3,0.24419872084407102,0.92596,5000,1.6197450470041346,0.9016786570743405,834,1.6063911134061721,0.9138,0.8117527412219064,0.0837809346550886,,,0.8980026964320758,,0.8980171678128608,0.10198283218713922,0.9706535489201514,0.40463667808241643,5,0.1,0.5,0.6212198052172582,0.6297567032380201,0.6279325418153395,1.0,0.6244175658041016,0.6222336271595785,0.6285570306715826,0.6292800100329851,0.6390320516338788,0.6200205811566933,0.6135506374330524,0.6249471043894556
3,4,0.25160067550078696,0.92252,5000,1.620792861338015,0.921968787515006,833,1.6069549680137025,0.913,0.8035296305903774,0.08294877524156997,,,0.7953804766372847,,0.7953968174288439,0.20460318257115606,0.9700558897504561,0.40439457866925793,5,0.1,0.5,0.6161733482502045,0.6224259717911359,0.6175727237201809,0.6244175658041016,1.0,0.6169452112858227,0.6242820519829363,0.6148760480622945,0.6260000023376096,0.6263115392763583,0.6043352178163233,0.611495864732467
3,5,0.24286189118910367,0.92704,5000,1.6128754836541634,0.9039615846338536,833,1.6066215118280234,0.9135,0.8054917019330959,0.08322052522350437,,,0.828892789208965,,0.8289041714773355,0.17109582852266447,0.9703386795821709,0.4045139698854874,5,0.1,0.5,0.6122905121415964,0.6223752741992875,0.6199173433810966,0.6222336271595785,0.6169452112858227,1.0,0.6230128996669296,0.6238190176032092,0.6241494783163656,0.624675861197905,0.6160250746248733,0.6172050318882885
3,6,0.24799902500276258,0.92552,5000,1.5939735527391787,0.9147659063625451,833,1.6071439825307827,0.9126,0.8138462398025414,0.08331881566412896,,,0.8410140042521907,,0.8410320767029767,0.15896792329702325,0.9702329261787321,0.40454729681620216,5,0.1,0.5,0.6238731419715958,0.6365902675277144,0.622438769731547,0.6285570306715826,0.6242820519829363,0.6230128996669296,1.0,0.6248501020069274,0.6380646430414784,0.6340978723957204,0.6217570277898432,0.6274583610304988
3,7,0.2430283801084396,0.9284,5000,1.6055538963388514,0.9051620648259304,833,1.6069107105175908,0.9133,0.8086016906756337,0.08311335202009179,,,0.8156761484331149,,0.8157020229908137,0.18429797700918626,0.9701748181949702,0.40447269116782575,5,0.1,0.5,0.6181013646502629,0.6310766075608449,0.6195154546956136,0.6292800100329851,0.6148760480622945,0.6238190176032092,0.6248501020069274,1.0,0.6319647314980096,0.6194831418013875,0.6207082939200302,0.6205411454204969
3,8,0.2355021618819754,0.92864,5000,1.6195829885977286,0.907563025210084,833,1.6063424173635417,0.9138,0.8181511231669286,0.08420257867746052,,,0.9499999998766796,,0.9500025099141609,0.04999749008583909,0.9706942339452467,0.4046591925531823,5,0.1,0.5,0.6258837570955076,0.6382934740461988,0.6289675422606386,0.6390320516338788,0.6260000023376096,0.6241494783163656,0.6380646430414784,0.6319647314980096,1.0,0.6326283559101874,0.6292778865874109,0.6277340057539731
3,9,0.27578365553561957,0.91812,5000,1.5907700370859217,0.9183673469387755,833,1.606736345413013,0.9134,0.8100050408425264,0.08325132279716382,,,0.8326907578696365,,0.8327041815169921,0.1672958184830079,0.9702764706948616,0.4045252654207573,5,0.1,0.5,0.6219352755293684,0.6269909620048433,0.6180775910057148,0.6200205811566933,0.6263115392763583,0.624675861197905,0.6340978723957204,0.6194831418013875,0.6326283559101874,1.0,0.6189073733294379,0.6241918969765556
3,10,0.26142198395126376,0.9226,5000,1.6086345160448994,0.9243697478991597,833,1.6079412889175904,0.9123,0.8034079616129421,0.08258078679911382,,,0.75,,0.750002509914161,0.24999749008583905,0.9694016269148813,0.40413034875302756,5,0.1,0.5,0.6178909700623836,0.6223528364609187,0.6204103566587265,0.6135506374330524,0.6043352178163233,0.6160250746248733,0.6217570277898432,0.6207082939200302,0.6292778865874109,0.6189073733294379,1.0,0.6210638846858609
3,11,0.25078283293872694,0.92388,5000,1.6179248227013483,0.8979591836734694,833,1.6066906737824218,0.9133,0.8090848560977962,0.0834072836489717,,,0.8519239102603978,,0.8519351438180814,0.14806485618191856,0.9704737061192603,0.40457153024856385,5,0.1,0.5,0.6295370839776228,0.6315636604487622,0.6213196514365616,0.6249471043894556,0.611495864732467,0.6172050318882885,0.6274583610304988,0.6205411454204969,0.6277340057539731,0.6241918969765556,0.6210638846858609,1.0
4,0,0.21720201646090503,0.93496,5000,1.3536758687761095,0.9256594724220624,834,1.360254357798031,0.9342,0.801085270291127,0.08346535723387284,,,0.8625059902010146,,0.8625219617489082,0.13747803825109184,0.9712602839855858,0.3989382429570019,5,0.1,0.5,1.0,0.6125128789033506,0.6045658444173216,0.6065495484800473,0.5963515349428936,0.6167040394065424,0.61336252014996,0.599831084817986,0.6074143866280185,0.6052517078608685,0.6039887611864959,0.6045981008541337
4,1,0.22668352845379977,0.93104,5000,1.3508733555122658,0.9484412470023981,834,1.3603649074658037,0.9344,0.8018520616293496,0.08358356676691839,,,0.8794049233290249,,0.8794136840520054,0.12058631594799463,0.9713472106627375,0.39896288039813244,5,0.1,0.5,0.6125128789033506,1.0,0.6089878993680357,0.6089806847645345,0.6010256026168688,0.6054068487396875,0.620363806706499,0.602415129087906,0.6123020435354419,0.6085444059364806,0.6006760036312268,0.5965516987211311
4,2,0.23347148388790287,0.92936,5000,1.3494810042557892,0.9388489208633094,834,1.360256879093548,0.9343,0.7990555485944157,0.08334642861565907,,,0.845504258492736,,0.8455298428793735,0.1544701571206265,0.9711547126859122,0.39890513093160745,5,0.1,0.5,0.6045658444173216,0.6089878993680357,1.0,0.6123569226394887,0.6005735160389599,0.6061629133742055,0.6090477876412379,0.5998565053630892,0.6088465689123731,0.6041120486226711,0.5991853822126995,0.5982666421150328
4,3,0.22037269573741752,0.93248,5000,1.3753860305856775,0.9244604316546763,834,1.35986728561572,0.9343,0.7987638458078582,0.08365729486717577,,,0.889944904359359,,0.8899503036996135,0.11004969630038652,0.9714406224831743,0.3989747955193111,5,0.1,0.5,0.6065495484800473,0.6089806847645345,0.6123569226394887,1.0,0.6047430302656692,0.6067562312743084,0.6039612068271661,0.5968532524753418,0.6126122912635569,0.5992398733756753,0.5989236044951713,0.5959116620673951
4,4,0.23378805858053409,0.92824,5000,1.3744118125350386,0.9387755102040817,833,1.3607477978014717,0.9341,0.7929714680571789,0.08290129999396667,,,0.78186980687499,,0.7818834395863662,0.2181165604136338,0.9706734991635702,0.3986664998164562,5,0.1,0.5,0.5963515349428936,0.6010256026168688,0.6005735160389599,0.6047430302656692,1.0,0.602332171593605,0.6069899102303594,0.5988791331207229,0.6011997111883103,0.6095033907877189,0.587747763201473,0.5860732346510601
4,5,0.21319387240964136,0.93668,5000,1.3697522128069843,0.9279711884753902,833,1.3601452630167952,0.9343,0.8004998598521273,0.08334543438649109,,,0.8453621260285367,,0.8453792480297174,0.15462075197028258,0.9711267760848967,0.39890442120215497,5,0.1,0.5,0.6167040394065424,0.6054068487396875,0.6061629133742055,0.6067562312743084,0.602332171593605,1.0,0.6133130888855874,0.6054206892715356,0.6074894880342603,0.6053536196721405,0.5993762476470343,0.5979172723716403
4,6,0.2275494504636925,0.93188,5000,1.349034684675711,0.9315726290516206,833,1.3607071558126627,0.9339,0.8038762792074612,0.08352894202069029,,,0.8715959090316123,,0.8716128708398173,0.1283871291601827,0.9712318701685734,0.3989525795759978,5,0.1,0.5,0.61336252014996,0.620363806706499,0.6090477876412379,0.6039612068271661,0.6069899102303594,0.6133130888855874,1.0,0.5966728706711553,0.6103878034740388,0.60732435498495,0.6084726412329681,0.6082435374585692
4,7,0.23278982178990248,0.93164,5000,1.3596498480549566,0.9279711884753902,833,1.360603825352824,0.934,0.7925650254673895,0.08299650240063579,,,0.7954796999392589,,0.7954972139952814,0.2045027860047186,0.9709032552839865,0.398735777735587,5,0.1,0.5,0.599831084817986,0.602415129087906,0.5998565053630892,0.5968532524753418,0.5988791331207229,0.6054206892715356,0.5966728706711553,1.0,0.6077018280067165,0.5926986108651905,0.5987986731103522,0.5916573415152147
4,8,0.21769523066320237,0.93392,5000,1.381645193806401,0.9375750300120048,833,1.3598003349365138,0.9342,0.8027571754400032,0.08407738557598034,,,0.9499999998570425,,0.9500025099141609,0.04999749008583909,0.9715100178633655,0.3990075777352097,5,0.1,0.5,0.6074143866280185,0.6123020435354419,0.6088465689123731,0.6126122912635569,0.6011997111883103,0.6074894880342603,0.6103878034740388,0.6077018280067165,1.0,0.6129476395803981,0.607679273207212,0.5946875902775803
4,9,0.2491065994260987,0.92576,5000,1.3385730893523604,0.9387755102040817,833,1.360299866039532,0.9342,0.7982905070623543,0.08328859677488644,,,0.8372367661449759,,0.8372521459766076,0.16274785402339242,0.9711016676102381,0.39888528316318844,5,0.1,0.5,0.6052517078608685,0.6085444059364806,0.6041120486226711,0.5992398733756753,0.6095033907877189,0.6053536196721405,0.60732435498495,0.5926986108651905,0.6129476395803981,1.0,0.5997036684862367,0.6002305587430453
4,10,0.23709064678994904,0.93036,5000,1.359708379816126,0.9447779111644657,833,1.3620298373432587,0.9334,0.793592711564506,0.08267836787390875,,,0.75,,0.750002509914161,0.24999749008583905,0.9702291202767771,0.39845399587475644,5,0.1,0.5,0.6039887611864959,0.6006760036312268,0.5991853822126995,0.5989236044951713,0.587747763201473,0.5993762476470343,0.6084726412329681,0.5987986731103522,0.607679273207212,0.5997036684862367,1.0,0.5985723482824551
4,11,0.22971700360986647,0.93052,5000,1.3732481135262384,0.9243697478991597,833,1.360273436616404,0.9343,0.7908187012171533,0.08313082348981464,,,0.8146819000092003,,0.8146980573264394,0.1853019426735606,0.9710757058455538,0.3988171966259789,5,0.1,0.5,0.6045981008541337,0.5965516987211311,0.5982666421150328,0.5959116620673951,0.5860732346510601,0.5979172723716403,0.6082435374585692,0.5916573415152147,0.5946875902775803,0.6002305587430453,0.5985723482824551,1.0
5,0,0.2066073630242401,0.93904,5000,1.1009890878642048,0.9364508393285371,834,1.1117591587499307,0.9452,0.7872453615849178,0.08340991873478423,,,0.8659273120355624,,0.8659454846644244,0.13405451533557555,0.9699279138083912,0.3937072744217726,5,0.1,0.5,1.0,0.5923909963195181,0.590722821929783,0.588432266330562,0.5780361426531201,0.5830377477436149,0.5883729673264813,0.5849510687898903,0.5842377190140111,0.5819938902188723,0.5746557556690144,0.592675326243321
5,1,0.20749295027511325,0.9374,5000,1.099726515787619,0.9544364508393285,834,1.1118303078432052,0.9454,0.7934064954244326,0.08370541432014873,,,0.9137482015353524,,0.9137593494302495,0.0862406505697505,0.970037080018694,0.3937728483246484,5,0.1,0.5,0.5923909963195181,1.0,0.5941710581395504,0.592593458493827,0.5784186802398038,0.5898248479665932,0.5945735840431289,0.5883211386408945,0.5959986134108092,0.5935539633272708,0.5851700830251376,0.5921071442140399
5,2,0.21342341809586923,0.93612,5000,1.096693425266831,0.9520383693045563,834,1.1117620134886843,0.9451,0.7893630484688258,0.08340492919601364,,,0.8651198408108767,,0.8651372923046032,0.13486270769539677,0.9698754755581788,0.3937059908168754,5,0.1,0.5,0.590722821929783,0.5941710581395504,1.0,0.5895412987143278,0.5786678156333432,0.5858903902818987,0.5863923862026291,0.5914284737234221,0.5874691131771027,0.5835727175932989,0.5853516227776234,0.5869637219217991
5,3,0.2006260109335706,0.93824,5000,1.1281556067643341,0.9328537170263789,834,1.111312580565675,0.9453,0.791202992442701,0.0836772018870328,,,0.9091825033883124,,0.9091963254856684,0.09080367451433158,0.9700565749206645,0.39376906888718693,5,0.1,0.5,0.588432266330562,0.592593458493827,0.5895412987143278,1.0,0.5864061749959807,0.5886741601742189,0.5948026457274052,0.5924613772769398,0.5909467617618724,0.5821796675066642,0.581760835970028,0.5882065231850302
5,4,0.2132007504961673,0.93472,5000,1.1253049903445773,0.9507803121248499,833,1.1127272408229474,0.9449,0.7784339600054319,0.08272352603628778,,,0.7548464329497635,,0.7548516640730887,0.24514833592691132,0.9688747526884133,0.3931957801023619,5,0.1,0.5,0.5780361426531201,0.5784186802398038,0.5786678156333432,0.5864061749959807,1.0,0.5733298582272769,0.583973669965388,0.5811204567968852,0.5829719341566199,0.5807037338425923,0.5672655278864033,0.5681326603537133
5,5,0.19573575389707923,0.94116,5000,1.1236519085036383,0.9459783913565426,833,1.1116451750548122,0.945,0.7846796820661123,0.08323965298433969,,,0.8383727222518821,,0.8383816073490287,0.16161839265097133,0.9698352530887964,0.39363952456997725,5,0.1,0.5,0.5830377477436149,0.5898248479665932,0.5858903902818987,0.5886741601742189,0.5733298582272769,1.0,0.5824187912331104,0.5832964660638171,0.5858822230691092,0.5847556286421388,0.5732591786222102,0.5854377154051363
5,6,0.20827381035170642,0.93904,5000,1.103107253710429,0.9459783913565426,833,1.112162976790541,0.9451,0.7922663261355275,0.0836288599908912,,,0.9013591970917187,,0.9013804527885146,0.09861954721148536,0.9700061312616225,0.39376117250396303,5,0.1,0.5,0.5883729673264813,0.5945735840431289,0.5863923862026291,0.5948026457274052,0.583973669965388,0.5824187912331104,1.0,0.5867048375246633,0.5891168730347441,0.594500776174432,0.594529305060609,0.5913837548788464
5,7,0.21012778056334633,0.93808,5000,1.1125636674739696,0.9375750300120048,833,1.1122029694124533,0.9449,0.7880188281402017,0.08312399541966577,,,0.8196555302056316,,0.8196676873650921,0.1803323126349079,0.9694418455569664,0.39357708056892043,5,0.1,0.5,0.5849510687898903,0.5883211386408945,0.5914284737234221,0.5924613772769398,0.5811204567968852,0.5832964660638171,0.5867048375246633,1.0,0.5886618773275564,0.5830876382939097,0.584504178663689,0.5846497517770853
5,8,0.2035036408959348,0.9392,5000,1.140505243230749,0.9531812725090036,833,1.1112538334279776,0.9454,0.7903971577747236,0.0839294219969623,,,0.9499999998381672,,0.9500025099141609,0.04999749008583909,0.9701363290972074,0.3937901964533456,5,0.1,0.5,0.5842377190140111,0.5959986134108092,0.5874691131771027,0.5909467617618724,0.5829719341566199,0.5858822230691092,0.5891168730347441,0.5886618773275564,1.0,0.590600701288257,0.5877559494998638,0.5827009226640678
5,9,0.23003008080806558,0.93216,5000,1.0858295626110501,0.9459783913565426,833,1.1118135528442579,0.9452,0.7871631936999453,0.08328898699757532,,,0.8463565856744515,,0.8463731740374479,0.15362682596255206,0.9697873755718244,0.3936618656275193,5,0.1,0.5,0.5819938902188723,0.5935539633272708,0.5835727175932989,0.5821796675066642,0.5807037338425923,0.5847556286421388,0.594500776174432,0.5830876382939097,0.590600701288257,1.0,0.57843519966206,0.5862036436477108
5,10,0.22118021449441932,0.93508,5000,1.1081559481444183,0.9507803121248499,833,1.1140993153706145,0.9447,0.7818176468420387,0.0826935788823055,,,0.75,,0.750002509914161,0.24999749008583905,0.9686776508476225,0.39315455081834566,5,0.1,0.5,0.5746557556690144,0.5851700830251376,0.5853516227776234,0.581760835970028,0.5672655278864033,0.5732591786222102,0.594529305060609,0.584504178663689,0.5877559494998638,0.57843519966206,1.0,0.5794506360667518
5,11,0.20705033752497784,0.9368,5000,1.125567219875477,0.9387755102040817,833,1.11183342499474,0.9449,0.7869040137683846,0.0831745135539931,,,0.827831023306225,,0.8278449877014206,0.17215501229857944,0.9696150682974117,0.393606391247956,5,0.1,0.5,0.592675326243321,0.5921071442140399,0.5869637219217991,0.5882065231850302,0.5681326603537133,0.5854377154051363,0.5913837548788464,0.5846497517770853,0.5827009226640678,0.5862036436477108,0.5794506360667518,1.0
6,0,0.189694219413599,0.94396,5000,0.8645187969560977,0.9424460431654677,834,0.8784244115741108,0.9509,0.77073997666343,0.08329551775655779,,,0.8443761876544766,,0.8443903418503087,0.1556096581496913,0.9684321498246604,0.3865074849147264,5,0.1,0.5,1.0,0.5610935683818135,0.5598752162228798,0.5639811848243863,0.5619388171369198,0.5558551773564887,0.5572790018160291,0.5626144009347894,0.553841291979448,0.5556782400160541,0.5535575833949488,0.5657931954048784
6,1,0.1928830676018053,0.94244,5000,0.8633137521920381,0.9568345323741008,834,0.8784632738025043,0.9507,0.7709584769795744,0.08350177966705336,,,0.8790435520077713,,0.8790572762411526,0.1209427237588474,0.9686133723608382,0.38657913207416483,5,0.1,0.5,0.5610935683818135,1.0,0.5685705241954252,0.5562257575305558,0.5516719563500004,0.5544411765090942,0.5609245844295263,0.565064776617046,0.5616125836564859,0.5586502574574428,0.5540102707503368,0.5595920862872327
6,2,0.19573569697606716,0.94024,5000,0.8591901991102431,0.9568345323741008,834,0.8783882254609665,0.9508,0.7774068850902816,0.08352791871745395,,,0.8834368594386457,,0.8834446061944682,0.11655539380553182,0.9685400265926875,0.3865851078152606,5,0.1,0.5,0.5598752162228798,0.5685705241954252,1.0,0.5735122122714259,0.5652107263465855,0.5611688983801456,0.5658981521487544,0.5695732800780909,0.5646564560331063,0.5574215663739215,0.5598523694637023,0.5675780951192329
6,3,0.19239907885255042,0.94036,5000,0.8946760340973183,0.9460431654676259,834,0.8779598615420893,0.9506,0.7766061726782908,0.08368253669643635,,,0.9094241966065921,,0.9094322574167963,0.09056774258320366,0.9686842830931592,0.3866132546537033,5,0.1,0.5,0.5639811848243863,0.5562257575305558,0.5735122122714259,1.0,0.5673085638121161,0.5641936256997296,0.5624037980814381,0.5670229221074987,0.5740746458684857,0.5520973973651478,0.5615344317564015,0.56214791486742
6,4,0.20060215625247568,0.93992,5000,0.8902210637375161,0.9567827130852341,833,0.8795293186800167,0.9505,0.7713265671510454,0.08285509220441394,,,0.7703518898576226,,0.7703729732443151,0.22962702675568492,0.9673562860749868,0.3861787539134378,5,0.1,0.5,0.5619388171369198,0.5516719563500004,0.5652107263465855,0.5673085638121161,1.0,0.554756759218709,0.5611461255307449,0.5662570966169886,0.5682726048836804,0.5623147721814893,0.5520757537993615,0.5494816102546798
6,5,0.18654984965991633,0.94432,5000,0.891025373229274,0.9531812725090036,833,0.8782935119665469,0.9507,0.7706697162428512,0.0831786363480182,,,0.8247314051241832,,0.824742733798504,0.17525726620149595,0.9682020647398623,0.38644659124207487,5,0.1,0.5,0.5558551773564887,0.5544411765090942,0.5611688983801456,0.5641936256997296,0.554756759218709,1.0,0.5592723525045034,0.5639202653359945,0.5651039549869272,0.5597862312036075,0.5568793104500568,0.5562858223880879
6,6,0.19167535831428067,0.943,5000,0.8731982972886827,0.9483793517406963,833,0.8787480884085829,0.9506,0.7746918010205395,0.08358236164558863,,,0.8925873265392877,,0.8926007730535616,0.10739922694643844,0.9686548479558076,0.3865968610660564,5,0.1,0.5,0.5572790018160291,0.5609245844295263,0.5658981521487544,0.5624037980814381,0.5611461255307449,0.5592723525045034,1.0,0.56437051917156,0.5644354091235779,0.5664134433383878,0.5633768571132373,0.5614959780279888
6,7,0.1937881262806855,0.94344,5000,0.880362311999003,0.9447779111644657,833,0.8788627102352179,0.9507,0.7779955462044518,0.08335998309629945,,,0.8552111664230421,,0.855233171025551,0.14476682897444904,0.9682275033463947,0.3865347599276747,5,0.1,0.5,0.5626144009347894,0.565064776617046,0.5695732800780909,0.5670229221074987,0.5662570966169886,0.5639202653359945,0.56437051917156,1.0,0.5699383827746357,0.5608824889384536,0.5659634953280581,0.5646848007191301
6,8,0.18326468359557377,0.9454,5000,0.9133610129356384,0.9567827130852341,833,0.877909963504194,0.9506,0.7786410244307082,0.08392395230011071,,,0.9499999998319255,,0.9500025099141609,0.04999749008583909,0.9687433968464351,0.3866328040233875,5,0.1,0.5,0.553841291979448,0.5616125836564859,0.5646564560331063,0.5740746458684857,0.5682726048836804,0.5651039549869272,0.5644354091235779,0.5699383827746357,1.0,0.573310257384161,0.5644311016492217,0.5624537825731639
6,9,0.21536572502368384,0.93612,5000,0.8512753667654814,0.9507803121248499,833,0.8784618733789974,0.9506,0.770602552826406,0.08320940750271238,,,0.8299032510980325,,0.8299131569700317,0.17008684302996835,0.9682651129704072,0.386464141995205,5,0.1,0.5,0.5556782400160541,0.5586502574574428,0.5574215663739215,0.5520973973651478,0.5623147721814893,0.5597862312036075,0.5664134433383878,0.5608824889384536,0.573310257384161,1.0,0.5502861714230655,0.5538818454915828
6,10,0.20296842999241735,0.93984,5000,0.8716470775780855,0.9495798319327731,833,0.8809470840917227,0.9508,0.7684712798896014,0.08273400368896036,,,0.75,,0.750002509914161,0.24999749008583905,0.9671440710269618,0.38602990485697664,5,0.1,0.5,0.5535575833949488,0.5540102707503368,0.5598523694637023,0.5615344317564015,0.5520757537993615,0.5568793104500568,0.5633768571132373,0.5659634953280581,0.5644311016492217,0.5502861714230655,1.0,0.5521790996949278
6,11,0.19481286566918063,0.93908,5000,0.8925325671831766,0.9471788715486195,833,0.8784725841241904,0.9506,0.7710639115808385,0.08314881037639471,,,0.8197184203080424,,0.8197279253049545,0.18027207469504547,0.9681285841760472,0.386428158684673,5,0.1,0.5,0.5657931954048784,0.5595920862872327,0.5675780951192329,0.56214791486742,0.5494816102546798,0.5562858223880879,0.5614959780279888,0.5646848007191301,0.5624537825731639,0.5538818454915828,0.5521790996949278,1.0
7,0,0.17598209091622358,0.9472,5000,0.6601839308385495,0.947242206235012,834,0.6763614432309002,0.9545,0.7592149648891615,0.08344369745466851,,,0.8509314748110681,,0.8509512574669946,0.14904874253300537,0.966159235682772,0.37758254651363765,5,0.1,0.5,1.0,0.5366586350886995,0.5412788842504613,0.5330798693720404,0.5303937378394699,0.530829057757862,0.5293680564587548,0.5292056296882117,0.5354285489607481,0.5427965450559266,0.5361581635258267,0.5372381284587039
