round,client_id,client_i_training_loss,client_i_training_accuracy,client_i_training_dataset_size,client_i_evaluation_loss,client_i_evaluation_accuracy,client_i_evaluation_dataset_size,client_i_central_evaluation_loss,client_i_central_evaluation_accuracy,client_i_cosine_similarity,client_i_importance_coefficient,client_i_tanh_val,tanh_normalization_value,client_i_q,client_i_mask_order,client_i_v_nonzero_fraction,client_i_v_sparsity,client_i_v_cosine_similarity,client_i_reward_gradient_norm,local_epochs,learning_rate,gamma,client_0_cosine_similarity,client_1_cosine_similarity,client_2_cosine_similarity,client_3_cosine_similarity,client_4_cosine_similarity,client_5_cosine_similarity,client_6_cosine_similarity,client_7_cosine_similarity,client_8_cosine_similarity,client_9_cosine_similarity,client_10_cosine_similarity,client_11_cosine_similarity
0,0,0.3379170870473668,0.89364,5000,2.1912387123814336,0.33093525179856115,834,2.1887027813603703,0.3228,0.783944389092516,0.08239123375509375,,,0.8079463977223392,,0.8079564278901662,0.1920435721098338,0,0.39629359874197956,5,0.1,0.5,1.0,0.5835108727941064,0.589442476572211,0.5873039222966744,0.5932039169410287,0.5940542422531483,0.5878239911918063,0.5855620356864945,0.5863585711284446,0.5872867920903344,0.5705136842642011,0.5940923370293658
0,1,0.34519645631265866,0.89012,5000,2.188196093947799,0.3249400479616307,834,2.188642312924321,0.3222,0.7950534286278291,0.08355877508313116,,,0.9056725732345534,,0.9056924853170022,0.0943075146829978,0,0.39643809716011796,5,0.1,0.5,0.5835108727941064,1.0,0.5990144380889364,0.5934494997906462,0.6030276456125628,0.591500296488685,0.5993178349245798,0.5978685973258874,0.6087066034195665,0.5921357283105276,0.582778541956966,0.6135441857398932
0,2,0.3453554819913427,0.89288,5000,2.197290968011927,0.31774580335731417,834,2.1886382521912693,0.3224,0.7967522481376323,0.08373731814981723,,,0.9206170815379832,,0.9206365142312133,0.07936348576878671,0,0.39644481932361153,5,0.1,0.5,0.589442476572211,0.5990144380889364,1.0,0.5945155224526213,0.6046650025967598,0.6098936476981647,0.5957639273198111,0.5872242821154356,0.5980495980409339,0.599430208482852,0.5999443399500054,0.6030749019333825
0,3,0.3413868212989371,0.8918,5000,2.1909412013159857,0.3261390887290168,834,2.1886556377045263,0.3223,0.791417766381172,0.08317667310984496,,,0.8736896672695033,,0.8737011194217158,0.1262988805782842,0,0.39641412766161516,5,0.1,0.5,0.5873039222966744,0.5934494997906462,0.5945155224526213,1.0,0.6003357670437856,0.585291041374538,0.5979956162789003,0.5938590684397866,0.6066236834950036,0.5906359180934345,0.5773272598060776,0.6029239851706534
0,4,0.35235087217608835,0.89068,5000,2.1903650407437927,0.32653061224489793,833,2.188639408483292,0.3224,0.7972060222976327,0.08378500904908101,,,0.9246089309739441,,0.9246222579187792,0.07537774208122083,0,0.39644618608929927,5,0.1,0.5,0.5932039169410287,0.6030276456125628,0.6046650025967598,0.6003357670437856,1.0,0.588713730972116,0.6070136508242846,0.5989625889618697,0.6024720572784326,0.607846674932645,0.5800378313951626,0.5990570933252283
0,5,0.3287666086178676,0.8972,5000,2.1851280441990606,0.32292917166866747,833,2.1886633661227486,0.3223,0.790077518804464,0.08303581534886262,,,0.8618995147999912,,0.8619095426936398,0.13809045730636016,0,0.3964007631878896,5,0.1,0.5,0.5940542422531483,0.591500296488685,0.6098936476981647,0.585291041374538,0.588713730972116,1.0,0.5910431043861869,0.5912855823298357,0.5882526893029811,0.5892570418759986,0.5977178378161406,0.5904997436807118
0,6,0.3467599979394181,0.8928,5000,2.190699082833749,0.31812725090036015,833,2.1886440313662203,0.3223,0.7957193219147585,0.0836287593450542,,,0.9115304337655217,,0.911550624968626,0.08844937503137396,0,0.3964410441582651,5,0.1,0.5,0.5878239911918063,0.5993178349245798,0.5957639273198111,0.5979956162789003,0.6070136508242846,0.5910431043861869,1.0,0.6024821480048114,0.5998132071387564,0.6064451670139218,0.5865315491614941,0.5969599527646423
0,7,0.3449886507876692,0.89244,5000,2.1820152865515814,0.3349339735894358,833,2.1886614572506744,0.3223,0.7898567004902409,0.08301260771628345,,,0.8599569769898161,,0.8599668691330756,0.14003313086692437,0,0.39639826070500056,5,0.1,0.5,0.5855620356864945,0.5978685973258874,0.5872242821154356,0.5938590684397866,0.5989625889618697,0.5912855823298357,0.6024821480048114,1.0,0.6037254734716795,0.5807632493575511,0.5812423309723023,0.592432537114685
0,8,0.3328432720771451,0.89488,5000,2.197290508835404,0.3025210084033613,833,2.1886343841735547,0.3225,0.8000923563554841,0.0840883578929078,,,0.9499999999162974,,0.9500025099141609,0.04999749008583909,0,0.3964519536511402,5,0.1,0.5,0.5863585711284446,0.6087066034195665,0.5980495980409339,0.6066236834950036,0.6024720572784326,0.5882526893029811,0.5998132071387564,0.6037254734716795,1.0,0.6087696398208456,0.5973729755402385,0.6126546398967665
0,9,0.36776770482634663,0.88524,5000,2.181454314125909,0.3505402160864346,833,2.1886416791726986,0.3225,0.7934433371187892,0.08338955717975162,,,0.8915086047921895,,0.8915265297926811,0.1084734702073189,0,0.39642936692506425,5,0.1,0.5,0.5872867920903344,0.5921357283105276,0.599430208482852,0.5906359180934345,0.607846674932645,0.5892570418759986,0.6064451670139218,0.5807632493575511,0.6087696398208456,1.0,0.5867925310372897,0.600171429226556
0,10,0.35768029664993095,0.89008,5000,2.1882332342642323,0.30012004801920766,833,2.1887004725849284,0.3228,0.7830410809870049,0.08229629759596109,,,0.8,,0.8,0.19999999999999996,0,0.39627019834062194,5,0.1,0.5,0.5705136842642011,0.582778541956966,0.5999443399500054,0.5773272598060776,0.5800378313951626,0.5977178378161406,0.5865315491614941,0.5812423309723023,0.5973729755402385,0.5867925310372897,1.0,0.5902990712671292
0,11,0.3355539340086898,0.89552,5000,2.1913637496806957,0.3133253301320528,833,2.1886368673830368,0.3224,0.7982963035828626,0.08389959577421105,,,0.9342001309961752,,0.9342151498418754,0.06578485015812463,0,0.3964489895420764,5,0.1,0.5,0.5940923370293658,0.6135441857398932,0.6030749019333825,0.6029239851706534,0.5990570933252283,0.5904997436807118,0.5969599527646423,0.592432537114685,0.6126546398967665,0.600171429226556,0.5902990712671292,1.0
1,0,0.2972739292534104,0.91036,5000,2.0298931819421275,0.7254196642685852,834,2.0311020197578893,0.7162,0.8155855676567509,0.082789164835274,,,0.8407035670444795,,0.8407258671753426,0.1592741328246574,0.9596475265798843,0.4065663738086902,5,0.1,0.5,1.0,0.6344338954191322,0.6307920278362263,0.6367696803579339,0.6266853693991502,0.6352529123646167,0.629480832477723,0.6249329631827165,0.6343010951321686,0.6468332352032649,0.6238214475472024,0.6409559085896493
1,1,0.30710131285035874,0.90568,5000,2.030576803066112,0.7482014388489209,834,2.0309529228332326,0.7162,0.8107602563969357,0.08339270985655037,,,0.8946131127579313,,0.8946237638672757,0.10537623613272429,0.9601094977144344,0.40664644009160555,5,0.1,0.5,0.6344338954191322,1.0,0.6353854229162422,0.6305275543665416,0.632663597521714,0.6337111931568887,0.6187625816668093,0.6178310485803041,0.6312628046729438,0.6301315936661995,0.6172057562028007,0.6300952644080109
1,2,0.30256553026877203,0.90716,5000,2.0384420686297946,0.7026378896882494,834,2.030930070831372,0.7163,0.8185402166110595,0.08378117529981843,,,0.9293114282666375,,0.9293258370563726,0.07067416294362738,0.9601361340530724,0.40666651222160066,5,0.1,0.5,0.6307920278362263,0.6353854229162422,1.0,0.6410862470449923,0.6346126812840707,0.6389040171698942,0.6293059127840677,0.6347388472215059,0.6455363017288855,0.6273361847906781,0.6229913729975617,0.6463229494634589
1,3,0.2994501651804538,0.90928,5000,2.03694717530851,0.7134292565947242,834,2.030968724348294,0.7161,0.8153777169700355,0.0833008296756609,,,0.8864062373183059,,0.8864213643893378,0.11357863561066217,0.9600434221155816,0.4066383952961436,5,0.1,0.5,0.6367696803579339,0.6305275543665416,0.6410862470449923,1.0,0.6341557480107025,0.6341952315186798,0.6222412628041041,0.6338814172444398,0.6408044625841606,0.6287847722749558,0.624079792017464,0.6322729665454809
1,4,0.3068043636003877,0.9064,5000,2.0314197231222084,0.7178871548619448,833,2.0309366383872476,0.7163,0.8129660585731691,0.08361886564060535,,,0.9148136862844765,,0.9148235530344863,0.08517644696551374,0.9601331380458988,0.40666028149137295,5,0.1,0.5,0.6266853693991502,0.632663597521714,0.6346126812840707,0.6341557480107025,1.0,0.6293050584241533,0.6330930348112317,0.624247256594248,0.6302242281645977,0.6356996753342888,0.6212738768236256,0.6305164984912383
1,5,0.2912129884793358,0.91124,5000,2.0317859605506614,0.6986794717887155,833,2.0309777918715066,0.7161,0.8149400859891603,0.08319255690089873,,,0.876735150829647,,0.8767531750414136,0.12324682495858641,0.9599969896756027,0.4066275439172598,5,0.1,0.5,0.6352529123646167,0.6337111931568887,0.6389040171698942,0.6341952315186798,0.6293050584241533,1.0,0.6252659801895415,0.6368326772833487,0.6386285371934579,0.635021768049284,0.6205458960304056,0.6274985557020768
1,6,0.30334826601301407,0.90816,5000,2.033745019524186,0.7118847539015606,833,2.030965387630767,0.7162,0.807955423719981,0.08334141882483757,,,0.8900317209456629,,0.8900507002660509,0.10994929973394907,0.9601048965232244,0.4066423099794583,5,0.1,0.5,0.629480832477723,0.6187625816668093,0.6293059127840677,0.6222412628041041,0.6330930348112317,0.6252659801895415,1.0,0.6213448436655277,0.6237811603160428,0.6296041475779682,0.6220486474720339,0.6294581541232731
1,7,0.3045481195898762,0.90892,5000,2.0256009455080384,0.7142857142857143,833,2.030996245317185,0.716,0.810539102129189,0.08302420072794657,,,0.8616973251796026,,0.861713769389087,0.13828623061091305,0.9599684790904631,0.4066059852094821,5,0.1,0.5,0.6249329631827165,0.6178310485803041,0.6347388472215059,0.6338814172444398,0.624247256594248,0.6368326772833487,0.6213448436655277,1.0,0.6398376128363373,0.6273121341573618,0.6249479961802226,0.6264451362000165
1,8,0.2931630448764487,0.91092,5000,2.042047725783454,0.7082833133253301,833,2.0309287092556207,0.7162,0.8185318362707952,0.08401279447315464,,,0.9499999999106785,,0.9500025099141609,0.04999749008583909,0.9601460006188398,0.4066715643342346,5,0.1,0.5,0.6343010951321686,0.6312628046729438,0.6455363017288855,0.6408044625841606,0.6302242281645977,0.6386285371934579,0.6237811603160428,0.6398376128363373,1.0,0.6391411940056243,0.630265457361329,0.6319467234797551
1,9,0.32793957199641816,0.89784,5000,2.0205036843264543,0.7250900360144058,833,2.0309577441444033,0.7162,0.8150576344753224,0.08343033978421112,,,0.8979742742850881,,0.8979820290146077,0.10201797098539234,0.9600901019161754,0.4066490170129659,5,0.1,0.5,0.6468332352032649,0.6301315936661995,0.6273361847906781,0.6287847722749558,0.6356996753342888,0.635021768049284,0.6296041475779682,0.6273121341573618,0.6391411940056243,1.0,0.6205211959656284,0.6344217344244999
1,10,0.3136885463598238,0.9048,5000,2.0297250659377486,0.7310924369747899,833,2.03121898730342,0.716,0.8042834854318537,0.08233346752021103,,,0.8,,0.8,0.19999999999999996,0.9594552182429612,0.4064435135613856,5,0.1,0.5,0.6238214475472024,0.6172057562028007,0.6229913729975617,0.624079792017464,0.6212738768236256,0.6205458960304056,0.6220486474720339,0.6249479961802226,0.630265457361329,0.6205211959656284,1.0,0.6268898161473724
1,11,0.30477042404495797,0.90504,5000,2.0356281907470137,0.695078031212485,833,2.030927911734048,0.7161,0.8154943631796163,0.08378247646083133,,,0.9294276499181007,,0.9294412931077757,0.07055870689222432,0.9601349318853255,0.4066665299232189,5,0.1,0.5,0.6409559085896493,0.6300952644080109,0.6463229494634589,0.6322729665454809,0.6305164984912383,0.6274985557020768,0.6294581541232731,0.6264451362000165,0.6319467234797551,0.6344217344244999,0.6268898161473724,1.0
2,0,0.2690650822096475,0.91784,5000,1.8310136397679646,0.8741007194244604,834,1.8359579567711193,0.8675,0.8139107753882426,0.0830798279923835,,,0.8669320083125663,,0.8669444305004769,0.13305556949952313,0.9681869406171499,0.4053677727092056,5,0.1,0.5,1.0,0.6209629312746576,0.6345104949163511,0.6325393865093509,0.630483788039669,0.632733798344298,0.6352759398804814,0.6193290454658502,0.6285537912793207,0.6279174285773597,0.6216164761368898,0.6380092408581116
2,1,0.2744217862096277,0.9166,5000,1.834637580094514,0.8908872901678657,834,1.8357137106478023,0.8675,0.8064927103574334,0.08322076965566207,,,0.8795954734124011,,0.8796044375282366,0.12039556247176342,0.9683703702661592,0.4053864922047974,5,0.1,0.5,0.6209629312746576,1.0,0.621749738710985,0.6271736532637391,0.6257030178188533,0.622639649427458,0.6306553075027789,0.6216063766366039,0.6298764192543058,0.6130333175113363,0.6120329886577207,0.6216273596203399
2,2,0.2745487673967412,0.91748,5000,1.8410348627302382,0.8597122302158273,834,1.8356414305897186,0.8678,0.8136753635427869,0.08372767413662191,,,0.9251403254757528,,0.9251643993775412,0.07483560062245875,0.9684847316283407,0.40542386158084276,5,0.1,0.5,0.6345104949163511,0.621749738710985,1.0,0.630251054499729,0.6290621913854302,0.63307350485532,0.6274344425995063,0.6239238229358642,0.632886800651331,0.6208888983456877,0.6240172778310606,0.6375187140671975
2,3,0.267558069511726,0.9184,5000,1.8451698400356151,0.8609112709832134,834,1.8357380320088932,0.8677,0.8151372687618192,0.08346089401952074,,,0.9011704032848716,,0.9011896993122835,0.09881030068771646,0.9683805707108384,0.4054091869338649,5,0.1,0.5,0.6325393865093509,0.6271736532637391,0.630251054499729,1.0,0.6344087508258471,0.6349624752072752,0.6333794753368109,0.6246879625428353,0.6409041900543926,0.6242898045548471,0.619753141500474,0.6292179406786874
2,4,0.27588197130259057,0.91704,5000,1.8337699748851635,0.8727490996398559,833,1.8356713803050617,0.8676,0.8112096324534166,0.08353451142360897,,,0.907784852169083,,0.9078008132121882,0.0921991867878118,0.9684362605782613,0.4054141390609685,5,0.1,0.5,0.630483788039669,0.6257030178188533,0.6290621913854302,0.6344087508258471,1.0,0.6226438162616383,0.6349731765037432,0.6283417157221921,0.6273421631692613,0.6251921704037396,0.6108683620442574,0.622959110761239
2,5,0.25626913520394806,0.9226,5000,1.8398552912252921,0.8679471788715486,833,1.835760130288121,0.8675,0.8115044130082021,0.0832628436421217,,,0.8833757783041457,,0.8833893880829276,0.11661061191707245,0.9683216489610926,0.40539111676271283,5,0.1,0.5,0.632733798344298,0.622639649427458,0.63307350485532,0.6349624752072752,0.6226438162616383,1.0,0.6290098328969019,0.6299379270182562,0.632613964740554,0.6214700024850224,0.6187220980491889,0.6190486653416609
2,6,0.27449805889587114,0.91764,5000,1.8386896318859525,0.8619447779111644,833,1.8357251703548736,0.8676,0.8145845290528573,0.0834684976450807,,,0.9018535813081113,,0.901872395964058,0.098127604035942,0.968398248086387,0.40540965680812785,5,0.1,0.5,0.6352759398804814,0.6306553075027789,0.6274344425995063,0.6333794753368109,0.6349731765037432,0.6290098328969019,1.0,0.6257305170720173,0.6364783687432505,0.6276255335999855,0.619251563067629,0.6262612304290297
2,7,0.27627397508591794,0.91624,5000,1.8325330548816257,0.858343337334934,833,1.835794246234833,0.8674,0.8069021384840712,0.08299131660734803,,,0.858979350388277,,0.8589880026103107,0.14101199738968928,0.9682293319864259,0.40535404361089167,5,0.1,0.5,0.6193290454658502,0.6216063766366039,0.6239238229358642,0.6246879625428353,0.6283417157221921,0.6299379270182562,0.6257305170720173,1.0,0.6293649433092807,0.6208221964905046,0.6104868200952503,0.618460681865761
2,8,0.26006153409612504,0.92204,5000,1.8502626683976915,0.8679471788715486,833,1.8356232307970333,0.8678,0.8172237695262943,0.08400435700625712,,,0.9499999999101509,,0.9500025099141609,0.04999749008583909,0.9685132328426672,0.4054313153993397,5,0.1,0.5,0.6285537912793207,0.6298764192543058,0.632886800651331,0.6409041900543926,0.6273421631692613,0.632613964740554,0.6364783687432505,0.6293649433092807,1.0,0.6380106015151851,0.6238210095219636,0.6289794739736402
2,9,0.3044165884257312,0.9082,5000,1.8222774178893477,0.8619447779111644,833,1.8357207249528684,0.8677,0.8077663886433712,0.08328998751299771,,,0.8858146274954832,,0.885829024647357,0.11417097535264298,0.9683837208204032,0.40539408696176893,5,0.1,0.5,0.6279174285773597,0.6130333175113363,0.6208888983456877,0.6242898045548471,0.6251921704037396,0.6214700024850224,0.6276255335999855,0.6208221964905046,0.6380106015151851,1.0,0.6177896860497684,0.6222850810848009
2,10,0.28142612631770836,0.91588,5000,1.8334063556459215,0.885954381752701,833,1.8362969346701528,0.8674,0.8011667356013016,0.0823348890279076,,,0.8,,0.8,0.19999999999999996,0.96782115641025,0.4051860986135005,5,0.1,0.5,0.6216164761368898,0.6120329886577207,0.6240172778310606,0.619753141500474,0.6108683620442574,0.6187220980491889,0.619251563067629,0.6104868200952503,0.6238210095219636,0.6177896860497684,1.0,0.6218446577217288
2,11,0.2690656801009444,0.91752,5000,1.8427981314835724,0.8487394957983193,833,1.835638890251184,0.8678,0.8106844490087796,0.08362443133048993,,,0.9158640643486411,,0.9158827368104011,0.08411726318959889,0.9684731615363479,0.40541930392632985,5,0.1,0.5,0.6380092408581116,0.6216273596203399,0.6375187140671975,0.6292179406786874,0.622959110761239,0.6190486653416609,0.6262612304290297,0.618460681865761,0.6289794739736402,0.6222850810848009,0.6218446577217288,1.0
3,0,0.2438468694461474,0.9282,5000,1.5996471069477223,0.9136690647482014,834,1.6088565348055417,0.9126,0.8020199843576434,0.08300801871802566,,,0.8585380604695589,,0.8585512775463079,0.1414487224536921,0.9700375284614511,0.4031874263284493,5,0.1,0.5,1.0,0.6130398318436369,0.6148643049180199,0.6197158380388768,0.613231184754428,0.6143073322743936,0.6243028656201699,0.6109316369476044,0.6124400884685558,0.6169094769007517,0.6036996626772062,0.619936948333782
3,1,0.24541944994051365,0.92404,5000,1.606543850015711,0.920863309352518,834,1.608410977707884,0.9122,0.8084605311507372,0.08332597369845021,,,0.8902446319608838,,0.8902615330555695,0.10973846694443046,0.9701410907288515,0.40323503285551976,5,0.1,0.5,0.6130398318436369,1.0,0.6151318459276198,0.6263771567883383,0.618014137367872,0.6209652429354331,0.6290241175958138,0.6209984012033486,0.6243455610291719,0.6267253297793972,0.6132148094642901,0.617272138720174
3,2,0.24439493750435579,0.92712,5000,1.6107461408332542,0.907673860911271,834,1.6082768425012168,0.9127,0.8083081532306827,0.08365649454344821,,,0.9232042754528933,,0.923221725816977,0.07677827418302297,0.9702782122669024,0.4032603615254595,5,0.1,0.5,0.6148643049180199,0.6151318459276198,1.0,0.6253679409189807,0.6180494278620956,0.6222308975209517,0.6253915264593413,0.6235299469930005,0.6254759379288893,0.617222389213898,0.6195079428857604,0.6146155390792243
3,3,0.24106214447362218,0.92544,5000,1.6217652868341517,0.907673860911271,834,1.6084203628686289,0.9125,0.8083649078792505,0.08348172647691912,,,0.9057763484287399,,0.9057979017117614,0.09420209828823856,0.9702110731485959,0.40324932665391877,5,0.1,0.5,0.6197158380388768,0.6263771567883383,0.6253679409189807,1.0,0.6185311569325508,0.6201310549617686,0.6261335151772233,0.6220573861410122,0.6243652622012916,0.6142139094757446,0.6111836190810412,0.6149855831935422
3,4,0.247832947855839,0.92548,5000,1.604709060103805,0.9111644657863145,833,1.6083458315450163,0.9124,0.8051359443512471,0.08341790725427761,,,0.8994122753058661,,0.8994176999146629,0.10058230008533708,0.9702022980970487,0.4032440230373257,5,0.1,0.5,0.613231184754428,0.618014137367872,0.6180494278620956,0.6185311569325508,1.0,0.614956549680107,0.6276979341829312,0.6200441336874264,0.6224669919205633,0.6219110689771159,0.6093893983782938,0.607195281125476
3,5,0.23429335502219523,0.92776,5000,1.6152653959062364,0.9087635054021609,833,1.6085249326480464,0.9124,0.8042874875135407,0.08320833678254624,,,0.8785138413969248,,0.8785251744390342,0.12147482556096578,0.9701119337659804,0.4032206615468464,5,0.1,0.5,0.6143073322743936,0.6209652429354331,0.6222308975209517,0.6201310549617686,0.614956549680107,1.0,0.6251230584693811,0.6165828105636246,0.6183292664391083,0.6141538287983309,0.6069672684248699,0.6107462162544528
3,6,0.24699394016550366,0.92676,5000,1.6121035107859858,0.9063625450180072,833,1.6083768846127933,0.9124,0.8156553448151614,0.08374097759344203,,,0.9316289519931293,,0.9316500175693991,0.06834998243060086,0.9702368869837228,0.4032641381987279,5,0.1,0.5,0.6243028656201699,0.6290241175958138,0.6253915264593413,0.6261335151772233,0.6276979341829312,0.6251230584693811,1.0,0.6283861366392391,0.6288619108035584,0.6291307150842101,0.6255269339864642,0.6241472263530948
3,7,0.2453629454514783,0.928,5000,1.6057358317905002,0.9087635054021609,833,1.6085683149270738,0.9124,0.8069212648625225,0.08312028316774461,,,0.8697331070016039,,0.8697454947040811,0.13025450529591887,0.97001834003716,0.40320745750012743,5,0.1,0.5,0.6109316369476044,0.6209984012033486,0.6235299469930005,0.6220573861410122,0.6200441336874264,0.6165828105636246,0.6283861366392391,1.0,0.6245729059345738,0.6210739640170116,0.610463609082285,0.6125450365875706
3,8,0.23933820931291339,0.92776,5000,1.628841718037923,0.9171668667466987,833,1.6082575305963096,0.9125,0.8107573150427928,0.08392520332025373,,,0.9499999999002796,,0.9500025099141609,0.04999749008583909,0.9703045925280349,0.40326915445540773,5,0.1,0.5,0.6124400884685558,0.6243455610291719,0.6254759379288893,0.6243652622012916,0.6224669919205633,0.6183292664391083,0.6288619108035584,0.6245729059345738,1.0,0.6282293382058158,0.6191008583268105,0.6156488967707533
3,9,0.27555534013481753,0.91848,5000,1.5883724645332054,0.9147659063625451,833,1.6084212457029203,0.9125,0.8072448423828673,0.08332944148396874,,,0.8905904406326433,,0.8906079012097786,0.10939209879022138,0.9701473916783983,0.4032355069534925,5,0.1,0.5,0.6169094769007517,0.6267253297793972,0.617222389213898,0.6142139094757446,0.6219110689771159,0.6141538287983309,0.6291307150842101,0.6210739640170116,0.6282293382058158,1.0,0.6112953805050512,0.61213618837749
3,10,0.25653595836583976,0.92376,5000,1.6046143637763128,0.9279711884753902,833,1.609587808005726,0.9121,0.7993389644921685,0.08242099631240912,,,0.8,,0.8,0.19999999999999996,0.969616889463621,0.4030064189463205,5,0.1,0.5,0.6036996626772062,0.6132148094642901,0.6195079428857604,0.6111836190810412,0.6093893983782938,0.6069672684248699,0.6255269339864642,0.610463609082285,0.6191008583268105,0.6112953805050512,1.0,0.6105905587838129
3,11,0.25031391875165854,0.92364,5000,1.618580694551821,0.9003601440576231,833,1.6083151509586615,0.9123,0.8018998653811448,0.08336464064851462,,,0.8941005124850121,,0.8941117413784448,0.10588825862155515,0.9702087704755845,0.403239170799925,5,0.1,0.5,0.619936948333782,0.617272138720174,0.6146155390792243,0.6149855831935422,0.607195281125476,0.6107462162544528,0.6241472263530948,0.6125450365875706,0.6156488967707533,0.61213618837749,0.6105905587838129,1.0
4,0,0.22687157382061526,0.93136,5000,1.3486259292673182,0.9304556354916067,834,1.3618150157288622,0.9312,0.7950344827639138,0.0830454410219447,,,0.8585489400084417,,0.8585613172029517,0.1414386827970483,0.9703105450159242,0.3984551162611528,5,0.1,0.5,1.0,0.6050175828743466,0.5984136408936165,0.603653967518845,0.603836801778641,0.5955135150009324,0.5988323587634132,0.5847224071567978,0.6027653582904662,0.6067496925407284,0.5938962058609148,0.6126004679915943
4,1,0.22779485885540296,0.93192,5000,1.3575389870890864,0.935251798561151,834,1.3611864891295997,0.9311,0.8028872429304204,0.08353183839693282,,,0.9070877616617773,,0.9071080769037699,0.09289192309623007,0.9705173128881791,0.39852304378760056,5,0.1,0.5,0.6050175828743466,1.0,0.6060525509240774,0.6033979951328492,0.6112462654262959,0.6092767707013557,0.6136523226252547,0.596925925678254,0.6161487569970578,0.6074209076708338,0.5993091746762803,0.6110665348363591
4,2,0.22604546134781306,0.93264,5000,1.3600464750219274,0.9268585131894485,834,1.3610202828154396,0.9311,0.7979527365158,0.08357893775446217,,,0.9117879254222407,,0.9118066362130415,0.08819336378695852,0.9705694680112327,0.3985264596841176,5,0.1,0.5,0.5984136408936165,0.6060525509240774,1.0,0.6065224412039629,0.6125227566024749,0.6016638933412053,0.5960298896606192,0.6004693363075715,0.606518395731969,0.6008741531792702,0.5959544730060905,0.6058163084963598
4,3,0.22175636634254342,0.93256,5000,1.3784213242707428,0.934052757793765,834,1.3612075472792116,0.9309,0.7986260422505392,0.0834862615972454,,,0.9025395377910965,,0.9025601124441545,0.09743988755584554,0.9705355786485595,0.39851926675668714,5,0.1,0.5,0.603653967518845,0.6033979951328492,0.6065224412039629,1.0,0.6097309803746322,0.6103576462853975,0.5983360673541654,0.5928541273828298,0.6130406904279522,0.59934991115173,0.5961757791768263,0.6046454869883663
4,4,0.23009832400804872,0.93084,5000,1.3561121534418177,0.9423769507803121,833,1.361119608909558,0.9311,0.8009078359506767,0.08352369311334797,,,0.9062749232552161,,0.9062898448873049,0.09371015511269509,0.9705276958382322,0.3985223140418793,5,0.1,0.5,0.603836801778641,0.6112462654262959,0.6125227566024749,0.6097309803746322,1.0,0.6000011150186586,0.6024441318752172,0.6028042465198751,0.6116290370105684,0.6105017221638638,0.5938093554535583,0.601616850592227
4,5,0.22174342358158605,0.93544,5000,1.3708034533041495,0.9267707082833133,833,1.3613619762487685,0.9311,0.796086840940138,0.08321552378295156,,,0.8755219279959303,,0.8755383765875208,0.12446162341247924,0.9704266550960884,0.3984861155029483,5,0.1,0.5,0.5955135150009324,0.6092767707013557,0.6016638933412053,0.6103576462853975,0.6000011150186586,1.0,0.5939880339005379,0.5950018321215984,0.608468574281476,0.6052123171642784,0.5943109654233796,0.6012988444046693
4,6,0.23082483280153507,0.92996,5000,1.3647839228312175,0.9195678271308524,833,1.3611533139079524,0.931,0.7950083289854099,0.08353205404811061,,,0.9071092820370843,,0.9071281562170573,0.09287184378294266,0.9705678216242444,0.3985230512648308,5,0.1,0.5,0.5988323587634132,0.6136523226252547,0.5960298896606192,0.5983360673541654,0.6024441318752172,0.5939880339005379,1.0,0.5937396226678653,0.603750182676786,0.5992740827421198,0.596416612594122,0.6058245121134553
4,7,0.2294438653584024,0.93452,5000,1.3589573789525915,0.9267707082833133,833,1.3615669046347134,0.9312,0.7885249484953811,0.08289222830940812,,,0.8432594567355972,,0.8432759399628532,0.15672406003714678,0.9702618167629741,0.39841800484220663,5,0.1,0.5,0.5847224071567978,0.596925925678254,0.6004693363075715,0.5928541273828298,0.6028042465198751,0.5950018321215984,0.5937396226678653,1.0,0.6048417969711327,0.5880654326549284,0.5892044511786334,0.594524635294281
4,8,0.21968938509761624,0.93472,5000,1.3877778627254345,0.9399759903961584,833,1.3609859029325053,0.9311,0.803785213998154,0.08396185295688872,,,0.9499999999002074,,0.9500025099141609,0.04999749008583909,0.9705910228659885,0.3985421426182989,5,0.1,0.5,0.6027653582904662,0.6161487569970578,0.606518395731969,0.6130406904279522,0.6116290370105684,0.608468574281476,0.603750182676786,0.6048417969711327,1.0,0.6083400650508125,0.6035616294972077,0.606366975007654
4,9,0.24534959216412322,0.927,5000,1.335291847034737,0.929171668667467,833,1.3612213698438942,0.9311,0.797078050186619,0.08333077696539165,,,0.8870233339555642,,0.8870388032729281,0.11296119672707194,0.970468026375818,0.3985024999152519,5,0.1,0.5,0.6067496925407284,0.6074209076708338,0.6008741531792702,0.59934991115173,0.6105017221638638,0.6052123171642784,0.5992740827421198,0.5880654326549284,0.6083400650508125,1.0,0.5932806239259499,0.6049322734417039
4,10,0.24443055208369047,0.92656,5000,1.3545231333485357,0.9423769507803121,833,1.362938303155259,0.9311,0.7894286759513406,0.08245873434554794,,,0.8,,0.8,0.19999999999999996,0.9698532901045283,0.39826410760941694,5,0.1,0.5,0.5938962058609148,0.5993091746762803,0.5959544730060905,0.5961757791768263,0.5938093554535583,0.5943109654233796,0.596416612594122,0.5892044511786334,0.6035616294972077,0.5932806239259499,1.0,0.599376081587412
4,11,0.22465013842673817,0.93132,5000,1.3738007059803716,0.9195678271308524,833,1.361073533566996,0.931,0.7996051311344895,0.08344265770776832,,,0.8981881956096727,,0.8981978816324482,0.10180211836755182,0.9705080277686071,0.398514945742576,5,0.1,0.5,0.6126004679915943,0.6110665348363591,0.6058163084963598,0.6046454869883663,0.601616850592227,0.6012988444046693,0.6058245121134553,0.594524635294281,0.606366975007654,0.6049322734417039,0.599376081587412,1.0
5,0,0.20269300648112112,0.93872,5000,1.0976759129100375,0.9448441247002398,834,1.114272014020731,0.9415,0.7760904100420557,0.08287181624425802,,,0.8461411759700768,,0.8461573214196074,0.15384267858039258,0.9688174307248975,0.3917517373538776,5,0.1,0.5,1.0,0.5779415948482896,0.5755786369439081,0.574992093693017,0.5695678599526409,0.5773624923562417,0.5717747792331016,0.5675632153515159,0.5705757488929467,0.5753203197681145,0.5627332857757761,0.5770375006055574
5,1,0.21126604982337374,0.9356,5000,1.1074714528189764,0.947242206235012,834,1.1134750665948032,0.9415,0.7872269893321927,0.08358923584860052,,,0.9159183219903116,,0.9159329350936198,0.08406706490638016,0.9690742867273785,0.39185587660961524,5,0.1,0.5,0.5779415948482896,1.0,0.5869608732633047,0.5881562007555401,0.5811272307813966,0.5828034551283744,0.5887020730670635,0.5783599944633196,0.587759835521149,0.5790565810983483,0.5717100524510111,0.5800464083146987
5,2,0.21137706275590382,0.93568,5000,1.1084126189902976,0.9376498800959233,834,1.1132839710567706,0.9414,0.7880230001502211,0.08364876456136162,,,0.9217081605416779,,0.9217258169770594,0.07827418302294065,0.9690851134229975,0.39185966412666323,5,0.1,0.5,0.5755786369439081,0.5869608732633047,1.0,0.5913576549823865,0.5808329428758424,0.5876793565407193,0.5845827006044398,0.5875461740101283,0.5910997940733435,0.5691517906765685,0.5732123957792178,0.5819148026541635
5,3,0.20143378394519448,0.93824,5000,1.1342706636146263,0.9388489208633094,834,1.113488739100508,0.9414,0.7898430475119246,0.08365084873250643,,,0.9219108696862595,,0.9219266101099343,0.07807338989006574,0.9690600735187456,0.39185970902743067,5,0.1,0.5,0.574992093693017,0.5881562007555401,0.5913576549823865,1.0,0.5888205836621735,0.589400750989597,0.5892287876451714,0.5834415867470141,0.5887742219910121,0.5809594187510807,0.5760478293707925,0.5763114573927395
5,4,0.21198199024768014,0.93476,5000,1.1070754770879392,0.9483793517406963,833,1.113420044271329,0.9414,0.7833169415474404,0.08344613276922902,,,0.90199993391615,,0.9020129511570705,0.09798704884292952,0.969049089431146,0.3918444040930287,5,0.1,0.5,0.5695678599526409,0.5811272307813966,0.5808329428758424,0.5888205836621735,1.0,0.5814869864862396,0.5822867439840346,0.5831413267692416,0.5832065020895957,0.5811142154011711,0.5665658257160053,0.5677643826308084
5,5,0.20052685290693667,0.9412,5000,1.1251567867067125,0.9387755102040817,833,1.1137010083792689,0.9415,0.7852974054285524,0.083309720638754,,,0.8887323160681398,,0.8887455449023643,0.11125445509763565,0.968934569577066,0.3918297729469424,5,0.1,0.5,0.5773624923562417,0.5828034551283744,0.5876793565407193,0.589400750989597,0.5814869864862396,1.0,0.5840143013868256,0.5758023372611408,0.5852263553215216,0.5785877266493056,0.5684019731754164,0.5752755312462503
5,6,0.21450549635092972,0.93604,5000,1.1169658811004073,0.9399759903961584,833,1.1134350242706152,0.9414,0.7883138480084741,0.08362764336093145,,,0.9196538856408835,,0.9196676873650921,0.08033231263490792,0.9690770794367298,0.39185843263899556,5,0.1,0.5,0.5717747792331016,0.5887020730670635,0.5845827006044398,0.5892287876451714,0.5822867439840346,0.5840143013868256,1.0,0.5785687872105262,0.5885159215905256,0.5844286713268088,0.5839199131446217,0.5769330159822371
5,7,0.20809778560807182,0.9392,5000,1.1120501226849027,0.9339735894357744,833,1.1139692249008641,0.9414,0.7836016234937053,0.08303376700268451,,,0.8618927133554678,,0.861904522865318,0.13809547713468195,0.9687832707170831,0.39178634940069373,5,0.1,0.5,0.5675632153515159,0.5783599944633196,0.5875461740101283,0.5834415867470141,0.5831413267692416,0.5758023372611408,0.5785687872105262,1.0,0.5840286317994224,0.5729285783733904,0.5775510870261824,0.582898621416615
5,8,0.20434623061542867,0.937,5000,1.1462249049433955,0.9483793517406963,833,1.1132493059094342,0.9414,0.7890101269954058,0.0839396494908577,,,0.9499999999027386,,0.9500025099141609,0.04999749008583909,0.969130329912196,0.3918702390106602,5,0.1,0.5,0.5705757488929467,0.587759835521149,0.5910997940733435,0.5887742219910121,0.5832065020895957,0.5852263553215216,0.5885159215905256,0.5840286317994224,1.0,0.587204479562281,0.5697547038046776,0.5810899431068575
5,9,0.2314381520062163,0.93064,5000,1.0841432302086442,0.9387755102040817,833,1.1135564476918107,0.9414,0.78035666009134,0.08321287295629823,,,0.879312786911795,,0.8793233271422117,0.12067667285778827,0.9689506115701726,0.3918166667024656,5,0.1,0.5,0.5753203197681145,0.5790565810983483,0.5691517906765685,0.5809594187510807,0.5811142154011711,0.5785877266493056,0.5844286713268088,0.5729285783733904,0.587204479562281,1.0,0.5634418049070804,0.5667980815109064
5,10,0.22236246835606494,0.93444,5000,1.1040175910349246,0.9495798319327731,833,1.1157809735867923,0.9415,0.7737624956263868,0.0823974118569139,,,0.8,,0.8,0.19999999999999996,0.9684220079513874,0.3915824946787072,5,0.1,0.5,0.5627332857757761,0.5717100524510111,0.5732123957792178,0.5760478293707925,0.5665658257160053,0.5684019731754164,0.5839199131446217,0.5775510870261824,0.5697547038046776,0.5634418049070804,1.0,0.5683484612290232
5,11,0.20875044370331108,0.9372,5000,1.127472511044255,0.9315726290516206,833,1.113398734753886,0.9415,0.7799142936027624,0.08327213653760444,,,0.8850768384395975,,0.8851011495406857,0.11489885045931425,0.9689920778055018,0.3918251366166739,5,0.1,0.5,0.5770375006055574,0.5800464083146987,0.5819148026541635,0.5763114573927395,0.5677643826308084,0.5752755312462503,0.5769330159822371,0.582898621416615,0.5810899431068575,0.5667980815109064,0.5683484612290232,1.0
6,0,0.18798856942255976,0.94316,5000,0.8642361340699373,0.9496402877697842,834,0.882704886003805,0.9476,0.7672196066148494,0.08290063962931891,,,0.8566636845189427,,0.8566788815822499,0.14332111841775008,0.9669315858532495,0.3852383060695638,5,0.1,0.5,1.0,0.5636163650963424,0.5546991220662147,0.5570501443582975,0.5477155292573074,0.5575950280744225,0.5547665352920405,0.5462454024917079,0.5536568614838591,0.5574472325950288,0.5404282257971448,0.5645562176937172
6,1,0.19216071175245247,0.941,5000,0.8732594626921194,0.9520383693045563,834,0.8818918298989439,0.9475,0.7744775248216267,0.08364011957881866,,,0.9216353443199921,,0.9216555393805532,0.07834446061944678,0.9673381366826957,0.38533139552953216,5,0.1,0.5,0.5636163650963424,1.0,0.5586060617328885,0.5684226427522402,0.547304044420929,0.5586146751174029,0.5602169253933024,0.5614132262805193,0.5650853088506025,0.5649352660690484,0.5503923712772174,0.5625527661343478
6,2,0.1963607928822422,0.941,5000,0.8725580308172438,0.9448441247002398,834,0.8817104973351232,0.9476,0.7730778584336582,0.0836306102308966,,,0.9207998407765361,,0.9208172280508007,0.07918277194919932,0.9673437250288635,0.3853307863039558,5,0.1,0.5,0.5546991220662147,0.5586060617328885,1.0,0.5719766775512373,0.5587254726465096,0.5688604599931494,0.5584866168952299,0.5601884559404559,0.5606284680583171,0.5528698864247674,0.5454551893221711,0.5572852275407982
6,3,0.1853092911932024,0.94356,5000,0.9045977901529383,0.9496402877697842,834,0.881920724059827,0.9475,0.7789427855715747,0.08383963420164729,,,0.9391649557834617,,0.9391797600522063,0.06082023994779373,0.9673567844654066,0.38534034562427627,5,0.1,0.5,0.5570501443582975,0.5684226427522402,0.5719766775512373,1.0,0.5617129587739734,0.5711333990708806,0.5651181880040934,0.5637149689471205,0.5712979270128218,0.5597519146228422,0.5485426800856302,0.5632303610839828
6,4,0.20401587537519492,0.93964,5000,0.8755391416726289,0.9531812725090036,833,0.8818843637030727,0.9475,0.7612845985828067,0.08307682878927457,,,0.8721438908031232,,0.8721600321269013,0.1278399678730987,0.9671877758486606,0.38527106879317796,5,0.1,0.5,0.5477155292573074,0.547304044420929,0.5587254726465096,0.5617129587739734,1.0,0.5512728834222766,0.5485552690283764,0.5441850525435942,0.5535740712247535,0.5562054133421337,0.5316906562226517,0.5387408396975817
6,5,0.1857733801535218,0.94396,5000,0.8942204559290851,0.9471788715486195,833,0.8821192789382447,0.9475,0.7739028624210699,0.08343177087521095,,,0.9033295591530685,,0.9033482254906883,0.09665177450931173,0.9672272146465182,0.38531623011544897,5,0.1,0.5,0.5575950280744225,0.5586146751174029,0.5688604599931494,0.5711333990708806,0.5512728834222766,1.0,0.5613725696890788,0.5603408129182035,0.5630144033450925,0.5588313310800208,0.547925384454218,0.5582440968699788
6,6,0.19464988627109178,0.94092,5000,0.8858922079757408,0.9531812725090036,833,0.8818590062113997,0.9475,0.7733969943572425,0.08362770147118455,,,0.920544273405734,,0.920566236634707,0.07943376336529295,0.9673440725062032,0.38533071943214453,5,0.1,0.5,0.5547665352920405,0.5602169253933024,0.5584866168952299,0.5651181880040934,0.5485552690283764,0.5613725696890788,1.0,0.5581885072054554,0.5631014608895022,0.567985451486388,0.555069738829109,0.5581222314537273
6,7,0.19221877282141311,0.94312,5000,0.8813658290439181,0.9375750300120048,833,0.8824156286617437,0.9475,0.7694826161942014,0.08308968162790015,,,0.8732731577416302,,0.8732844736710005,0.12671552632899952,0.9670559003968114,0.38527302911102973,5,0.1,0.5,0.5462454024917079,0.5614132262805193,0.5601884559404559,0.5637149689471205,0.5441850525435942,0.5603408129182035,0.5581885072054554,1.0,0.566994783107158,0.5548136905213604,0.5486421336070216,0.5530338747151856
6,8,0.18664751954874984,0.9438,5000,0.9197695608492251,0.9519807923169268,833,0.8816828032652029,0.9474,0.7769391215771978,0.08396295409080567,,,0.9499999999121387,,0.9500025099141609,0.04999749008583909,0.9673965215283625,0.3853436236907049,5,0.1,0.5,0.5536568614838591,0.5650853088506025,0.5606284680583171,0.5712979270128218,0.5535740712247535,0.5630144033450925,0.5631014608895022,0.566994783107158,1.0,0.5680563706875567,0.557587177966491,0.5591113551278235
6,9,0.21324738717821848,0.93456,5000,0.8516536509549176,0.9411764705882353,833,0.8819720842206059,0.9475,0.7718846026486735,0.08329518228636203,,,0.8913287099976572,,0.8913458159730937,0.1086541840269063,0.967191492166906,0.3853017752924746,5,0.1,0.5,0.5574472325950288,0.5649352660690484,0.5528698864247674,0.5597519146228422,0.5562054133421337,0.5588313310800208,0.567985451486388,0.5548136905213604,0.5680563706875567,1.0,0.543084967992271,0.5550109932018074
6,10,0.206213276987231,0.9384,5000,0.8708101555153176,0.9495798319327731,833,0.8842860418386733,0.9474,0.7580154775375072,0.08225571754029048,,,0.8,,0.8,0.19999999999999996,0.9664283244546105,0.38503344038605386,5,0.1,0.5,0.5404282257971448,0.5503923712772174,0.5454551893221711,0.5485426800856302,0.5316906562226517,0.547925384454218,0.555069738829109,0.5486421336070216,0.557587177966491,0.543084967992271,1.0,0.5465234181638663
6,11,0.1918399089217708,0.94108,5000,0.8958979006166812,0.9387755102040817,833,0.881830909000799,0.9475,0.7694585441698982,0.08324915967829012,,,0.8872851044383345,,0.8872998343456654,0.1127001656543346,0.9671945119303564,0.3852961291171232,5,0.1,0.5,0.5645562176937172,0.5625527661343478,0.5572852275407982,0.5632303610839828,0.5387408396975817,0.5582440968699788,0.5581222314537273,0.5530338747151856,0.5591113551278235,0.5550109932018074,0.5465234181638663,1.0
7,0,0.17606295687710025,0.94664,5000,0.6627026222370289,0.9520383693045563,834,0.6810397296287001,0.9504,0.7595765017737955,0.08320380901748205,,,0.8792458549462357,,0.8792530495457055,0.12074695045429451,0.9646364681172745,0.37744195964046,5,0.1,0.5,1.0,0.553741215410898,0.5384474172868666,0.5381432452196134,0.5219119272529587,0.524983382655219,0.5367802841487377,0.5296187410912375,0.5266312776645166,0.540923667696786,0.5261788445806397,0.5466981107572078
