round,client_id,client_i_training_loss,client_i_training_accuracy,client_i_training_dataset_size,client_i_evaluation_loss,client_i_evaluation_accuracy,client_i_evaluation_dataset_size,client_i_central_evaluation_loss,client_i_central_evaluation_accuracy,client_i_cosine_similarity,client_i_importance_coefficient,client_i_tanh_val,tanh_normalization_value,client_i_q,client_i_mask_order,client_i_v_nonzero_fraction,client_i_v_sparsity,client_i_v_cosine_similarity,client_i_reward_gradient_norm,local_epochs,learning_rate,gamma,client_0_cosine_similarity,client_1_cosine_similarity,client_2_cosine_similarity,client_3_cosine_similarity,client_4_cosine_similarity,client_5_cosine_similarity,client_6_cosine_similarity,client_7_cosine_similarity,client_8_cosine_similarity,client_9_cosine_similarity,client_10_cosine_similarity,client_11_cosine_similarity
0,0,2.2631072665705827,0.16222702183825294,4167,2.2983902863093784,0.16906474820143885,834,2.2973260245745695,0.1549,0.9804172538932782,0.08296871065899629,,,0.6554322229248831,,0.655468633955538,0.344531366044462,0,0.14741963339925612,10,0.025,0.15,1.0,0.9713438353036554,0.9590665207052874,0.9530276045879755,0.967822590720213,0.9614126428770322,0.9716074092465117,0.9543434214021386,0.9683165817355683,0.9521495274042359,0.9590188163815565,0.9671931786004755
0,1,2.2725932865431813,0.1740340772738181,4167,2.300116470881871,0.17266187050359713,834,2.2973163852208778,0.1602,0.9876385974885294,0.08357982349380655,,,0.9159590681907461,,0.9160023765905828,0.08399762340941719,0,0.1477055958019919,10,0.025,0.15,0.9713438353036554,1.0,0.964852046643685,0.9714166819081326,0.9783836687030365,0.9749182860102599,0.9759284976030883,0.9576697883946628,0.9647740844985492,0.96152919940996,0.9696599614165072,0.9801588364728417
0,2,2.262317545486219,0.1726661867050636,4167,2.2937750135149275,0.18585131894484413,834,2.2973152202895926,0.1603,0.986854032733488,0.0835134289807604,,,0.8876540612565589,,0.8876895908633295,0.11231040913667045,0,0.14770244577634312,10,0.025,0.15,0.9590665207052874,0.964852046643685,1.0,0.9613121900266792,0.9731931579321721,0.964846643237056,0.9625589559422867,0.976275534566471,0.9770343099377767,0.9743730619763443,0.974015088543703,0.9738426997425745
0,3,2.272567465811065,0.14206863450923926,4167,2.2997379302978516,0.13189448441247004,834,2.2973572483545617,0.1548,0.9774948590553305,0.0827214003115109,,,0.55,,0.5500404350481095,0.4499595649518905,0,0.1469771369228866,10,0.025,0.15,0.9530276045879755,0.9714166819081326,0.9613121900266792,1.0,0.9645763138148481,0.9566554475455544,0.9487390157856052,0.9498936778838868,0.9507893608305585,0.9561871319917372,0.9656726570585291,0.9725013480313288
0,4,2.2630195473179673,0.17393808495320373,4167,2.2976198196411133,0.13925570228091236,833,2.297315793701365,0.1602,0.989690881217997,0.08375349988950867,,,0.9899999995736846,,0.9900232707827895,0.00997672921721049,0,0.14770885977643833,10,0.025,0.15,0.967822590720213,0.9783836687030365,0.9731931579321721,0.9645763138148481,1.0,0.977321339449621,0.9713111528916747,0.9618602246681228,0.9703572841384198,0.9778876247256633,0.9768335214982046,0.9753431422369888
0,5,2.2700706698677755,0.18663306935445165,4167,2.294074092592512,0.18247298919567828,833,2.2973151689843285,0.1603,0.9864791484253076,0.08348170405183601,,,0.8741292337972862,,0.8741562278226139,0.12584377217738607,0,0.1476992153211652,10,0.025,0.15,0.9614126428770322,0.9749182860102599,0.964846643237056,0.9566554475455544,0.977321339449621,1.0,0.9708030133328869,0.9630332210125006,0.9713651700332454,0.965999163437435,0.9781182875050958,0.9724647335457127
0,6,2.26448076060324,0.1749940004799616,4167,2.298240457262312,0.1332533013205282,833,2.2973319307158264,0.1555,0.9819236405719962,0.0830961900153528,,,0.7097786425323145,,0.7098248914855342,0.2901751085144658,0,0.14758472629584002,10,0.025,0.15,0.9716074092465117,0.9759284976030883,0.9625589559422867,0.9487390157856052,0.9713111528916747,0.9708030133328869,1.0,0.959644169176041,0.9624678127908884,0.9443960584059612,0.9614826966606644,0.9741614594356179
0,7,2.266532109000466,0.16160307175425967,4167,2.2964016710008894,0.1332533013205282,833,2.2973209785509714,0.1553,0.9816216871865975,0.08307063693275846,,,0.698884968539704,,0.6989156805466158,0.3010843194533842,0,0.1475005435714987,10,0.025,0.15,0.9543434214021386,0.9576697883946628,0.976275534566471,0.9498936778838868,0.9618602246681228,0.9630332210125006,0.959644169176041,1.0,0.9778237051320467,0.9581915122361149,0.9715744910947911,0.9692309177822628
0,8,2.264742372975205,0.1698271723475756,4166,2.298520735331944,0.16926770708283315,833,2.2973155100134353,0.1604,0.9861468797015777,0.08345358550588966,,,0.8621418631325208,,0.8621825023518345,0.13781749764816553,0,0.14769708634942008,10,0.025,0.15,0.9683165817355683,0.9647740844985492,0.9770343099377767,0.9507893608305585,0.9703572841384198,0.9713651700332454,0.9624678127908884,0.9778237051320467,1.0,0.967128759678156,0.9753310082096771,0.9676291774647653
0,9,2.251951821645101,0.16562650024003842,4166,2.3003172193254744,0.1608643457382953,833,2.297322378882879,0.1553,0.98131343069434,0.08304455044395656,,,0.6877638952378622,,0.6878084203924675,0.3121915796075325,0,0.14748586508886288,10,0.025,0.15,0.9521495274042359,0.96152919940996,0.9743730619763443,0.9561871319917372,0.9778876247256633,0.965999163437435,0.9443960584059612,0.9581915122361149,0.967128759678156,1.0,0.9729981147820693,0.9650650323644254
0,10,2.2714789802377875,0.1641862698031685,4166,2.2948059354509627,0.15126050420168066,833,2.2973160291019874,0.1602,0.9880197197221208,0.0836120763128986,,,0.929708943386204,,0.9297502929477975,0.07024970705220246,0,0.14770655149841325,10,0.025,0.15,0.9590188163815565,0.9696599614165072,0.974015088543703,0.9656726570585291,0.9768335214982046,0.9781182875050958,0.9614826966606644,0.9715744910947911,0.9753310082096771,0.9729981147820693,1.0,0.9704437281524361
0,11,2.2697743545879017,0.16099375900144022,4166,2.2962357997894287,0.16686674669867949,833,2.297315715234491,0.1602,0.9891106040684756,0.08370439340272513,,,0.969065145394461,,0.9691208265253916,0.030879173474608446,0,0.14770873979570126,10,0.025,0.15,0.9671931786004755,0.9801588364728417,0.9738426997425745,0.9725013480313288,0.9753431422369888,0.9724647335457127,0.9741614594356179,0.9692309177822628,0.9676291774647653,0.9650650323644254,0.9704437281524361,1.0
1,0,2.130232030695135,0.23450923926085912,4167,2.2847026756831577,0.21223021582733814,834,2.284397819374181,0.1957,0.9849195640063332,0.08301325704506447,,,0.99,,0.9900232707827895,0.00997672921721049,0.8975754538961702,0.1481811898923358,10,0.025,0.15,1.0,0.9775632488653364,0.9721554634753244,0.9729913729479811,0.9709252790311458,0.9675352077668744,0.9638731432116677,0.9646244691743534,0.9719425782216731,0.9703111839510301,0.970293134919027,0.9735821267869761
1,1,2.138953506224083,0.22877369810415166,4167,2.2869085243770053,0.20023980815347722,834,2.284368831900102,0.1967,0.9892580695504091,0.08353018961374861,,,0.99,,0.9900232707827895,0.00997672921721049,0.9002399173979051,0.1481811898923358,10,0.025,0.15,0.9775632488653364,1.0,0.9749402933776466,0.9736160467269065,0.9744828371847457,0.9761929417497999,0.9730932640844039,0.9750430429639014,0.9728361673497493,0.9721806527810154,0.9764593180201614,0.9806331195242202
1,2,2.130271511005633,0.22385409167266618,4167,2.280170338494437,0.2146282973621103,834,2.284367838992348,0.1967,0.9891960916528729,0.08348729546518667,,,0.99,,0.9900232707827895,0.00997672921721049,0.9002276732198824,0.1481811898923358,10,0.025,0.15,0.9721554634753244,0.9749402933776466,1.0,0.9708052377088409,0.9757829719336812,0.9762296251588115,0.9719226461930095,0.9756765269592206,0.9755709003860051,0.9759505919181264,0.9770386070454532,0.9802101221176052
1,3,2.1424978176752725,0.21898248140148788,4167,2.2864313466208324,0.18944844124700239,834,2.2844662605961665,0.1952,0.985055852724138,0.08286538165585489,,,0.99,,0.9900232707827895,0.00997672921721049,0.8939627585547952,0.1481811898923358,10,0.025,0.15,0.9729913729479811,0.9736160467269065,0.9708052377088409,1.0,0.9721033783221444,0.9710324259215611,0.9631899269450929,0.9681899236023556,0.9679613347983571,0.9688546941352827,0.9732466238715909,0.9754960501503954
1,4,2.1246555946090004,0.23366930645548356,4167,2.2845335006713867,0.19207683073229292,833,2.2843678450282616,0.1965,0.9893710750508691,0.08364080125795659,,,0.99,,0.9900232707827895,0.00997672921721049,0.9001894397943633,0.1481811898923358,10,0.025,0.15,0.9709252790311458,0.9744828371847457,0.9757829719336812,0.9721033783221444,1.0,0.9827914705745135,0.9734316994715432,0.9746727925422889,0.9742497166017409,0.9755655659669286,0.9775090302354552,0.9767820331985754
1,5,2.1320444580280418,0.2330213582913367,4167,2.280690465654646,0.22929171668667467,833,2.284367618681509,0.1966,0.989868675350725,0.08348955802824774,,,0.99,,0.9900232707827895,0.00997672921721049,0.9002407591480843,0.1481811898923358,10,0.025,0.15,0.9675352077668744,0.9761929417497999,0.9762296251588115,0.9710324259215611,0.9827914705745135,1.0,0.9747660600061998,0.9764547401323609,0.9767617104263183,0.9757465726884612,0.9785533709198301,0.9781556644642212
1,6,2.1216292164542456,0.24036477081833454,4167,2.285600389753069,0.17286914765906364,833,2.2843971252441406,0.1957,0.984733587796992,0.08308573069025761,,,0.99,,0.9900232707827895,0.00997672921721049,0.899625648631217,0.1481811898923358,10,0.025,0.15,0.9638731432116677,0.9730932640844039,0.9719226461930095,0.9631899269450929,0.9734316994715432,0.9747660600061998,1.0,0.9758280075305724,0.9678636784480787,0.9615866956977253,0.9728433255623429,0.9750509834952564
1,7,2.1319354776180153,0.2312215022798176,4167,2.283721481050764,0.16806722689075632,833,2.2843855061108553,0.1955,0.9875986729739626,0.08316285342925435,,,0.99,,0.9900232707827895,0.00997672921721049,0.8983726042525436,0.1481811898923358,10,0.025,0.15,0.9646244691743534,0.9750430429639014,0.9756765269592206,0.9681899236023556,0.9746727925422889,0.9764547401323609,0.9758280075305724,1.0,0.9747270224986311,0.9682921918214327,0.9777668512902655,0.9761542222230327
1,8,2.136970632004015,0.22522803648583772,4166,2.285600560052054,0.18247298919567828,833,2.284368373170684,0.1966,0.9876823165898339,0.08340138226550398,,,0.99,,0.9900232707827895,0.00997672921721049,0.9002338363068266,0.1481811898923358,10,0.025,0.15,0.9719425782216731,0.9728361673497493,0.9755709003860051,0.9679613347983571,0.9742497166017409,0.9767617104263183,0.9678636784480787,0.9747270224986311,1.0,0.9755230321834321,0.9765434031055741,0.974378735095697
1,9,2.1098238489844583,0.22078732597215556,4166,2.2885148184640065,0.1992797118847539,833,2.2843885964985136,0.1955,0.9863030974607918,0.08310479953026068,,,0.99,,0.9900232707827895,0.00997672921721049,0.8983279473786038,0.1481811898923358,10,0.025,0.15,0.9703111839510301,0.9721806527810154,0.9759505919181264,0.9688546941352827,0.9755655659669286,0.9757465726884612,0.9615866956977253,0.9682921918214327,0.9755230321834321,1.0,0.9745446815807103,0.9735405985038119
1,10,2.140162513111577,0.21824291886701871,4166,2.2820747579847063,0.18967587034813926,833,2.284368080428884,0.1967,0.9898237969187477,0.08356838612866836,,,0.99,,0.9900232707827895,0.00997672921721049,0.9002363701130078,0.1481811898923358,10,0.025,0.15,0.970293134919027,0.9764593180201614,0.9770386070454532,0.9732466238715909,0.9775090302354552,0.9785533709198301,0.9728433255623429,0.9777668512902655,0.9765434031055741,0.9745446815807103,1.0,0.9788998022469064
1,11,2.138463578079686,0.22954872779644744,4166,2.2841693673815047,0.20408163265306123,833,2.2843676880945134,0.1967,0.9905991785235863,0.08365036488999605,,,0.99,,0.9900232707827895,0.00997672921721049,0.9001961790031408,0.1481811898923358,10,0.025,0.15,0.9735821267869761,0.9806331195242202,0.9802101221176052,0.9754960501503954,0.9767820331985754,0.9781556644642212,0.9750509834952564,0.9761542222230327,0.974378735095697,0.9735405985038119,0.9788998022469064,1.0
2,0,2.0549204353130226,0.26169906407487403,4167,2.263625110898699,0.23860911270983212,834,2.264383578602272,0.2221,0.981942901998995,0.08307548986100598,,,0.99,,0.9900232707827895,0.00997672921721049,0.9737470170960576,0.1475713660423571,10,0.025,0.15,1.0,0.9674551981846098,0.9657852537128699,0.9658471160050193,0.9650855742289765,0.9600566200539001,0.9546292960003737,0.9573349240689084,0.9670681028235055,0.9616398267178197,0.9648130882553709,0.9629103184439284
2,1,2.060217939001141,0.25896328293736504,4167,2.266589982169015,0.22541966426858512,834,2.2643320017223116,0.223,0.9846948235271608,0.08348365001192026,,,0.99,,0.9900232707827895,0.00997672921721049,0.9737470170960576,0.1475713660423571,10,0.025,0.15,0.9674551981846098,1.0,0.964433063376206,0.9653236754937514,0.966185772241343,0.968780529862408,0.9626420496153231,0.9667817435875121,0.9665908025039129,0.9600916458049351,0.9667096643716532,0.9699041464633911
2,2,2.0504349596572644,0.25855531557475403,4167,2.2592336109706332,0.23741007194244604,834,2.2643309665631643,0.223,0.9850079902692466,0.08346736007752426,,,0.99,,0.9900232707827895,0.00997672921721049,0.9737470170960576,0.1475713660423571,10,0.025,0.15,0.9657852537128699,0.964433063376206,1.0,0.9643756537431131,0.9688099501487989,0.9671678770999943,0.9634364563150182,0.9654249451427342,0.9671516508155776,0.964438341695361,0.9679351363965354,0.9696456028759151
2,3,2.064024230928132,0.2509719222462203,4167,2.2659570149012973,0.21942446043165467,834,2.264504100702986,0.2216,0.9834331052020638,0.08303265911320164,,,0.99,,0.9900232707827895,0.00997672921721049,0.9737470170960576,0.1475713660423571,10,0.025,0.15,0.9658471160050193,0.9653236754937514,0.9643756537431131,1.0,0.9669312396611679,0.9667988012036185,0.9576201078160781,0.9665377217107324,0.9623008850470629,0.9605050965135048,0.968774520373652,0.9652605818531095
2,4,2.0419188275481717,0.26301895848332135,4167,2.264211450304304,0.22088835534213686,833,2.264330372025695,0.223,0.9850747614445301,0.08356420532711271,,,0.99,,0.9900232707827895,0.00997672921721049,0.9737470170960576,0.1475713660423571,10,0.025,0.15,0.9650855742289765,0.966185772241343,0.9688099501487989,0.9669312396611679,1.0,0.9715632639811008,0.963845149531934,0.9644871308232501,0.9643303019925837,0.9624494910148909,0.967282788545352,0.968366232633968
2,5,2.0506246841315066,0.2579553635709143,4167,2.259347540991647,0.25570228091236497,833,2.264329934421974,0.2229,0.9851555606745627,0.08347354592588416,,,0.99,,0.9900232707827895,0.00997672921721049,0.9737470170960576,0.1475713660423571,10,0.025,0.15,0.9600566200539001,0.968780529862408,0.9671678770999943,0.9667988012036185,0.9715632639811008,1.0,0.9625313878632773,0.9659510939690937,0.9674511480961839,0.9630550514964203,0.967231268841851,0.9697253784700972
2,6,2.0369206619985176,0.27060235181185505,4167,2.265540293284825,0.21008403361344538,833,2.2643718991098525,0.2225,0.9807125664705408,0.0830802507964767,,,0.99,,0.9900232707827895,0.00997672921721049,0.9737470170960576,0.1475713660423571,10,0.025,0.15,0.9546292960003737,0.9626420496153231,0.9634364563150182,0.9576201078160781,0.963845149531934,0.9625313878632773,1.0,0.9693480136731224,0.961434374557285,0.9506953060681133,0.9665634446078281,0.9652699859292243
2,7,2.0484059955134537,0.26553875689944806,4167,2.264309985297067,0.2028811524609844,833,2.2643624287617357,0.2223,0.9834521192477539,0.08321674797442022,,,0.99,,0.9900232707827895,0.00997672921721049,0.9737470170960576,0.1475713660423571,10,0.025,0.15,0.9573349240689084,0.9667817435875121,0.9654249451427342,0.9665377217107324,0.9644871308232501,0.9659510939690937,0.9693480136731224,1.0,0.9656665749925173,0.9536077272235763,0.9672617008127466,0.9679585629988736
2,8,2.059552492878654,0.2525924147863658,4166,2.2656756469181607,0.2112845138055222,833,2.2643310842634756,0.2229,0.9846278771665378,0.08340203233265375,,,0.99,,0.9900232707827895,0.00997672921721049,0.9737470170960576,0.1475713660423571,10,0.025,0.15,0.9670681028235055,0.9665908025039129,0.9671516508155776,0.9623008850470629,0.9643303019925837,0.9674511480961839,0.961434374557285,0.9656665749925173,1.0,0.9666403297001341,0.9679330085517758,0.967595677805483
2,9,2.032058188409516,0.25758521363418146,4166,2.2703613894326344,0.21728691476590636,833,2.2643672876720187,0.2223,0.9797798830511276,0.0830617355115314,,,0.99,,0.9900232707827895,0.00997672921721049,0.9737470170960576,0.1475713660423571,10,0.025,0.15,0.9616398267178197,0.9600916458049351,0.964438341695361,0.9605050965135048,0.9624494910148909,0.9630550514964203,0.9506953060681133,0.9536077272235763,0.9666403297001341,1.0,0.9612004567853366,0.9627099112967453
2,10,2.0594820737838746,0.24983197311569852,4166,2.262396846498762,0.20888355342136855,833,2.2643306677854516,0.223,0.9857288493506858,0.08354077457789592,,,0.99,,0.9900232707827895,0.00997672921721049,0.9737470170960576,0.1475713660423571,10,0.025,0.15,0.9648130882553709,0.9667096643716532,0.9679351363965354,0.968774520373652,0.967282788545352,0.967231268841851,0.9665634446078281,0.9672617008127466,0.9679330085517758,0.9612004567853366,1.0,0.9713958824876274
2,11,2.0587002219575825,0.2619299087854057,4166,2.2655840601239885,0.22208883553421369,833,2.264330172840553,0.223,0.9860434329976436,0.08360154849037314,,,0.99,,0.9900232707827895,0.00997672921721049,0.9737470170960576,0.1475713660423571,10,0.025,0.15,0.9629103184439284,0.9699041464633911,0.9696456028759151,0.9652605818531095,0.968366232633968,0.9697253784700972,0.9652699859292243,0.9679585629988736,0.967595677805483,0.9627099112967453,0.9713958824876274,1.0
3,0,2.0019547108447915,0.2775377969762419,4167,2.2352403572627475,0.2673860911270983,834,2.2375153710570514,0.2355,0.9780182761169153,0.08311924957459982,,,0.99,,0.9900232707827895,0.00997672921721049,0.9840172479096905,0.1469560982534866,10,0.025,0.15,1.0,0.9572652548811044,0.9576741445327684,0.9561127644339789,0.9571825601914158,0.9500736475771485,0.9447346849395993,0.9523936933244598,0.9591138598067847,0.954741795727866,0.9579932570673186,0.9508792868995667
3,1,2.0049587108872156,0.2765298776097912,4167,2.239421708243234,0.24580335731414868,834,2.2374318249617953,0.2377,0.9802473722845086,0.08344386899042577,,,0.99,,0.9900232707827895,0.00997672921721049,0.9840172479096905,0.1469560982534866,10,0.025,0.15,0.9572652548811044,1.0,0.9541484347301079,0.9556250187244959,0.9562488556678911,0.960209165937668,0.9520433037602705,0.9604979271548215,0.9586717964850808,0.9531582273970851,0.9568428688204337,0.9594446086233415
3,2,1.9942232316190547,0.2832493400527958,4167,2.231203760419573,0.24580335731414868,834,2.2374307928206045,0.2378,0.9802370123876698,0.08343346893749602,,,0.99,,0.9900232707827895,0.00997672921721049,0.9840172479096905,0.1469560982534866,10,0.025,0.15,0.9576741445327684,0.9541484347301079,1.0,0.9548062000678135,0.9601755852570281,0.9573590954245994,0.9532306755607135,0.9566768226484941,0.958961111916097,0.9551702018425953,0.9576906833822468,0.9581485418913703
3,3,2.010436902985428,0.2735781137508999,4167,2.2389210292271207,0.23261390887290168,834,2.237700048881241,0.2334,0.979179435755963,0.08313054396954088,,,0.99,,0.9900232707827895,0.00997672921721049,0.9840172479096905,0.1469560982534866,10,0.025,0.15,0.9561127644339789,0.9556250187244959,0.9548062000678135,1.0,0.957200564578717,0.958157878990712,0.9486713634543642,0.9622357203463102,0.9525065621413528,0.9517733632981812,0.9600102169169683,0.9547369945133868
3,4,1.9889530297481652,0.2831053515718743,4167,2.2367355823516846,0.2304921968787515,833,2.2374296550509296,0.2377,0.9809193223924242,0.08351548003438476,,,0.99,,0.9900232707827895,0.00997672921721049,0.9840172479096905,0.1469560982534866,10,0.025,0.15,0.9571825601914158,0.9562488556678911,0.9601755852570281,0.957200564578717,1.0,0.9624478297007094,0.9539687625670856,0.9576184104422469,0.9557210024695194,0.9545097998958473,0.9591329116971012,0.9578068543156146
3,5,1.9975264050743797,0.2779937604991601,4167,2.2305282184055875,0.27130852340936373,833,2.237429323075693,0.2377,0.9815125948345503,0.08347876395094676,,,0.99,,0.9900232707827895,0.00997672921721049,0.9840172479096905,0.1469560982534866,10,0.025,0.15,0.9500736475771485,0.960209165937668,0.9573590954245994,0.958157878990712,0.9624478297007094,1.0,0.9542164363204093,0.9613240832345187,0.9586945349273628,0.9567211029207053,0.9585126413886027,0.961292239497294
3,6,1.9825361782854254,0.29052075833933283,4167,2.2384990624019077,0.2184873949579832,833,2.237486006338385,0.2359,0.9761065995357232,0.0830600353566057,,,0.99,,0.9900232707827895,0.00997672921721049,0.9840172479096905,0.1469560982534866,10,0.025,0.15,0.9447346849395993,0.9520433037602705,0.9532306755607135,0.9486713634543642,0.9539687625670856,0.9542164363204093,1.0,0.9609346913266616,0.9536392550114586,0.9417804018460656,0.9573380873772281,0.9550834913468225
3,7,1.986766685139049,0.28776097912167026,4167,2.2380501883370534,0.22088835534213686,833,2.237481280218197,0.2359,0.9809850107981962,0.0833029716833977,,,0.99,,0.9900232707827895,0.00997672921721049,0.9840172479096905,0.1469560982534866,10,0.025,0.15,0.9523936933244598,0.9604979271548215,0.9566768226484941,0.9622357203463102,0.9576184104422469,0.9613240832345187,0.9609346913266616,1.0,0.959425355092113,0.9441412584774822,0.9593184872893383,0.9583808626459603
3,8,2.0056411931009004,0.27184349495919347,4166,2.2389471530914307,0.22328931572629052,833,2.2374308592156518,0.2376,0.9808134672303306,0.08341185485558728,,,0.99,,0.9900232707827895,0.00997672921721049,0.9840172479096905,0.1469560982534866,10,0.025,0.15,0.9591138598067847,0.9586717964850808,0.958961111916097,0.9525065621413528,0.9557210024695194,0.9586945349273628,0.9536392550114586,0.959425355092113,1.0,0.957510764971188,0.9589260271749765,0.9576896942500323
3,9,1.9777196591550654,0.27818050888142104,4166,2.2461627551487515,0.22929171668667467,833,2.2374883965600896,0.2357,0.9761942327700612,0.08305144667920096,,,0.99,,0.9900232707827895,0.00997672921721049,0.9840172479096905,0.1469560982534866,10,0.025,0.15,0.954741795727866,0.9531582273970851,0.9551702018425953,0.9517733632981812,0.9545097998958473,0.9567211029207053,0.9417804018460656,0.9441412584774822,0.957510764971188,1.0,0.9536271542019583,0.9535690233880864
3,10,2.004647181612073,0.27323571771483435,4166,2.2358380385807584,0.22328931572629052,833,2.2374298663078984,0.2377,0.9816377314441472,0.08352436353250557,,,0.99,,0.9900232707827895,0.00997672921721049,0.9840172479096905,0.1469560982534866,10,0.025,0.15,0.9579932570673186,0.9568428688204337,0.9576906833822468,0.9600102169169683,0.9591329116971012,0.9585126413886027,0.9573380873772281,0.9593184872893383,0.9589260271749765,0.9536271542019583,1.0,0.9610969582281937
3,11,2.0044094504732075,0.2839894383101296,4166,2.240519251142229,0.23169267707082833,833,2.237429401542567,0.2377,0.980593408996836,0.08352795243530879,,,0.99,,0.9900232707827895,0.00997672921721049,0.9840172479096905,0.1469560982534866,10,0.025,0.15,0.9508792868995667,0.9594446086233415,0.9581485418913703,0.9547369945133868,0.9578068543156146,0.961292239497294,0.9550834913468225,0.9583808626459603,0.9576896942500323,0.9535690233880864,0.9610969582281937,1.0
4,0,1.9604449593659603,0.291096712263019,4167,2.200697115489415,0.28177458033573144,834,2.2047422656530067,0.2664,0.9752059075431281,0.08315930803565612,,,0.99,,0.9900232707827895,0.00997672921721049,0.9871637734853542,0.1464731241148683,10,0.025,0.15,1.0,0.9474811991248306,0.9507558114669413,0.9503962871364985,0.9526438798716048,0.942432585967278,0.9389101225881439,0.9481090586007886,0.9529432841051816,0.9452695708003789,0.9539167239339909,0.9445470049465613
4,1,1.9604697946346168,0.29344852411807054,4167,2.206228256225586,0.2805755395683453,834,2.2046184901949726,0.2672,0.9758515530994514,0.08338111469838629,,,0.99,,0.9900232707827895,0.00997672921721049,0.9871637734853542,0.1464731241148683,10,0.025,0.15,0.9474811991248306,1.0,0.9445422430436771,0.9503126969227219,0.9491112216552354,0.9512246215357665,0.9449640172172198,0.9541328057157151,0.9495531099576708,0.9423676803844716,0.949310102025154,0.951775572639859
4,2,1.9508306203466472,0.30280777537796977,4167,2.197168690817697,0.28177458033573144,834,2.204617370533038,0.2672,0.9760295841960014,0.08338047761161309,,,0.99,,0.9900232707827895,0.00997672921721049,0.9871637734853542,0.1464731241148683,10,0.025,0.15,0.9507558114669413,0.9445422430436771,1.0,0.9461231008509103,0.9522062005096238,0.9494808955154252,0.946052500455284,0.951131675159249,0.9508331937482464,0.9442042453644437,0.949992852959638,0.9515465613635883
4,3,1.967219183661721,0.2901127909767219,4167,2.2060514518192837,0.26139088729016785,834,2.204995442040359,0.2641,0.9769424700225221,0.08322282676034935,,,0.99,,0.9900232707827895,0.00997672921721049,0.9871637734853542,0.1464731241148683,10,0.025,0.15,0.9503962871364985,0.9503126969227219,0.9461231008509103,1.0,0.9529563318769086,0.9518553119392452,0.9428519135664181,0.9584812457747852,0.9468112576205767,0.9438608518759661,0.9542438565213024,0.9498440165226036
4,4,1.9456810600829848,0.2990160787137029,4167,2.203168051583426,0.2653061224489796,833,2.2046161241169218,0.2673,0.9782345081642227,0.0835029842312643,,,0.99,,0.9900232707827895,0.00997672921721049,0.9871637734853542,0.1464731241148683,10,0.025,0.15,0.9526438798716048,0.9491112216552354,0.9522062005096238,0.9529563318769086,1.0,0.9556365015340536,0.9464499964000624,0.9511630552236056,0.9486182630652903,0.9486951506544018,0.9535332788848628,0.9516602285177365
4,5,1.9559980352719626,0.2929205663546916,4167,2.195321662085397,0.30732292917166865,833,2.204616003398654,0.2673,0.9775768966291681,0.08345886594246184,,,0.99,,0.9900232707827895,0.00997672921721049,0.9871637734853542,0.1464731241148683,10,0.025,0.15,0.942432585967278,0.9512246215357665,0.9494808955154252,0.9518553119392452,0.9556365015340536,1.0,0.946556200153564,0.9547841312783136,0.9508313703897181,0.948606757455353,0.9501059444697363,0.9534480628923349
4,6,1.9374226544842577,0.3066474682025438,4167,2.2056165763310025,0.2581032412965186,833,2.2046905620188655,0.2662,0.9728799354534305,0.0830469614045862,,,0.99,,0.9900232707827895,0.00997672921721049,0.9871637734853542,0.1464731241148683,10,0.025,0.15,0.9389101225881439,0.9449640172172198,0.946052500455284,0.9428519135664181,0.9464499964000624,0.946556200153564,1.0,0.9543432342709657,0.9473412278220431,0.9335177557396455,0.9500997003294631,0.9490698317924084
4,7,1.938508890253125,0.3041036717062635,4167,2.205904926572527,0.24849939975990396,833,2.2046917178962806,0.2661,0.9790360280276791,0.08339763365365553,,,0.99,,0.9900232707827895,0.00997672921721049,0.9871637734853542,0.1464731241148683,10,0.025,0.15,0.9481090586007886,0.9541328057157151,0.951131675159249,0.9584812457747852,0.9511630552236056,0.9547841312783136,0.9543432342709657,1.0,0.9541308681830354,0.937047923765255,0.954409012738879,0.9544284594269244
4,8,1.9601603031158448,0.2890302448391743,4166,2.2062288352421353,0.25930372148859543,833,2.204617928855027,0.2674,0.9775346758892977,0.0834161059396676,,,0.99,,0.9900232707827895,0.00997672921721049,0.9871637734853542,0.1464731241148683,10,0.025,0.15,0.9529432841051816,0.9495531099576708,0.9508331937482464,0.9468112576205767,0.9486182630652903,0.9508313703897181,0.9473412278220431,0.9541308681830354,1.0,0.9492509609651812,0.9533124366045337,0.9509148926189631
4,9,1.9353179754632892,0.2941910705712914,4166,2.216658319745745,0.24369747899159663,833,2.2047015051298504,0.2662,0.9716170519956171,0.08300053659676539,,,0.99,,0.9900232707827895,0.00997672921721049,0.9871637734853542,0.1464731241148683,10,0.025,0.15,0.9452695708003789,0.9423676803844716,0.9442042453644437,0.9438608518759661,0.9486951506544018,0.948606757455353,0.9335177557396455,0.937047923765255,0.9492509609651812,1.0,0.9469965392040308,0.945570793544368
4,10,1.9571011095335988,0.2887902064330293,4166,2.203357151576451,0.2617046818727491,833,2.2046159883088703,0.2673,0.97900715070009,0.08353363189346669,,,0.99,,0.9900232707827895,0.00997672921721049,0.9871637734853542,0.1464731241148683,10,0.025,0.15,0.9539167239339909,0.949310102025154,0.949992852959638,0.9542438565213024,0.9535332788848628,0.9501059444697363,0.9500997003294631,0.954409012738879,0.9533124366045337,0.9469965392040308,1.0,0.9558141500680899
4,11,1.9605571613167272,0.29944791166586654,4166,2.2099216324942454,0.25570228091236497,833,2.2046157529082477,0.2673,0.977892139774269,0.0834995532321274,,,0.99,,0.9900232707827895,0.00997672921721049,0.9871637734853542,0.1464731241148683,10,0.025,0.15,0.9445470049465613,0.951775572639859,0.9515465613635883,0.9498440165226036,0.9516602285177365,0.9534480628923349,0.9490698317924084,0.9544284594269244,0.9509148926189631,0.945570793544368,0.9558141500680899,1.0
5,0,1.923645926244331,0.30287976961843055,4167,2.1615433352334157,0.3069544364508393,834,2.167540924458564,0.2865,0.9734660027687799,0.0832182896565667,,,0.99,,0.9900232707827895,0.00997672921721049,0.9894988986806434,0.14605394957286724,10,0.025,0.15,1.0,0.9430601856655666,0.9467689954384559,0.945427677141773,0.9478336322589105,0.9368679009667782,0.9352185836562332,0.9445018512541398,0.9483081546865969,0.9401173362694999,0.9473695941334945,0.9388842377575799
5,1,1.919569825403618,0.30767938564914804,4167,2.1684014797210693,0.302158273381295,834,2.167379198195059,0.2875,0.9736103609154203,0.08336033911964535,,,0.99,,0.9900232707827895,0.00997672921721049,0.9894988986806434,0.14605394957286724,10,0.025,0.15,0.9430601856655666,1.0,0.9393856694826905,0.9456611812168737,0.9447189173427755,0.9451079524090654,0.939632731782942,0.9488988317175576,0.9433215559159764,0.9383797167770092,0.9438493821631411,0.9438838813443401
5,2,1.908066861557238,0.3164626829853612,4167,2.158776419503348,0.30935251798561153,834,2.167378090604951,0.2875,0.9727579741942313,0.08333216536029027,,,0.99,,0.9900232707827895,0.00997672921721049,0.9894988986806434,0.14605394957286724,10,0.025,0.15,0.9467689954384559,0.9393856694826905,1.0,0.9392882333422709,0.9461316784481852,0.9406400729572407,0.9396363783943721,0.9466342032693035,0.9439504900887342,0.937264664229466,0.941525957099613,0.9447183220295943
5,3,1.9266036196188494,0.30583153347732184,4167,2.1687191895076205,0.27817745803357313,834,2.1678630551205407,0.2851,0.9740235277314996,0.08327579079525124,,,0.99,,0.9900232707827895,0.00997672921721049,0.9894988986806434,0.14605394957286724,10,0.025,0.15,0.945427677141773,0.9456611812168737,0.9392882333422709,1.0,0.9462041588326976,0.9468730774980891,0.9363752400285259,0.9521940815987778,0.940214798405836,0.9380795075829621,0.9483102499105719,0.9421827253572869
5,4,1.9067171570026513,0.3119510439164867,4167,2.1650422641209195,0.28331332533013204,833,2.167376463926291,0.2873,0.975865627587948,0.08350930101787651,,,0.99,,0.9900232707827895,0.00997672921721049,0.9894988986806434,0.14605394957286724,10,0.025,0.15,0.9478336322589105,0.9447189173427755,0.9461316784481852,0.9462041588326976,1.0,0.9498476641432184,0.9395681490403329,0.9454233985569895,0.9443164805469298,0.94451388574573,0.9473614372287378,0.9462635243395205
5,5,1.9186290509773023,0.3070074394048476,4167,2.1552040576934814,0.3097238895558223,833,2.1673762617231924,0.2874,0.9742466567244564,0.08342922031272589,,,0.99,,0.9900232707827895,0.00997672921721049,0.9894988986806434,0.14605394957286724,10,0.025,0.15,0.9368679009667782,0.9451079524090654,0.9406400729572407,0.9468730774980891,0.9498476641432184,1.0,0.9397359035514478,0.9496986706119077,0.9442340251231458,0.9411401648695752,0.9434836147752863,0.9456391868570885
5,6,1.8992594935677267,0.3196784257259419,4167,2.1683130945478166,0.28691476590636256,833,2.167466420161573,0.2864,0.9702343355013013,0.08304340355221511,,,0.99,,0.9900232707827895,0.00997672921721049,0.9894988986806434,0.14605394957286724,10,0.025,0.15,0.9352185836562332,0.939632731782942,0.9396363783943721,0.9363752400285259,0.9395681490403329,0.9397359035514478,1.0,0.947517953959326,0.9424697487523528,0.9300825892836692,0.9446605250576068,0.9417585288563247
5,7,1.8990139459118698,0.31739860811135107,4167,2.1693415301186696,0.2785114045618247,833,2.167475540426713,0.2862,0.9766378935510223,0.08346923505491502,,,0.99,,0.9900232707827895,0.00997672921721049,0.9894988986806434,0.14605394957286724,10,0.025,0.15,0.9445018512541398,0.9488988317175576,0.9466342032693035,0.9521940815987778,0.9454233985569895,0.9496986706119077,0.947517953959326,1.0,0.9480005404675615,0.9335247321317082,0.9486282908199232,0.9462280979750645
5,8,1.9205684087493202,0.2999279884781565,4166,2.168971538543701,0.28811524609843936,833,2.167378543298456,0.2874,0.9744121227730678,0.08340813544068867,,,0.99,,0.9900232707827895,0.00997672921721049,0.9894988986806434,0.14605394957286724,10,0.025,0.15,0.9483081546865969,0.9433215559159764,0.9439504900887342,0.940214798405836,0.9443164805469298,0.9442340251231458,0.9424697487523528,0.9480005404675615,1.0,0.9430521218665795,0.9445064082757302,0.9429026962534149
5,9,1.9020897525729554,0.30933749399903987,4166,2.1833037648882185,0.26770708283313327,833,2.1674877631513376,0.2863,0.9692878915784342,0.08298381226995344,,,0.99,,0.9900232707827895,0.00997672921721049,0.9894988986806434,0.14605394957286724,10,0.025,0.15,0.9401173362694999,0.9383797167770092,0.937264664229466,0.9380795075829621,0.94451388574573,0.9411401648695752,0.9300825892836692,0.9335247321317082,0.9430521218665795,1.0,0.939543843042161,0.9399666298592082
5,10,1.9171553622592579,0.30475276044167066,4166,2.166661126273019,0.2689075630252101,833,2.167376137986968,0.2873,0.9755849765730972,0.08351913193519386,,,0.99,,0.9900232707827895,0.00997672921721049,0.9894988986806434,0.14605394957286724,10,0.025,0.15,0.9473695941334945,0.9438493821631411,0.941525957099613,0.9483102499105719,0.9473614372287378,0.9434836147752863,0.9446605250576068,0.9486282908199232,0.9445064082757302,0.939543843042161,1.0,0.9496478055086459
5,11,1.9213515942746944,0.31161785885741716,4166,2.1752051625932967,0.2689075630252101,833,2.1673760323584834,0.2873,0.9741472767468979,0.08345117548467781,,,0.99,,0.9900232707827895,0.00997672921721049,0.9894988986806434,0.14605394957286724,10,0.025,0.15,0.9388842377575799,0.9438838813443401,0.9447183220295943,0.9421827253572869,0.9462635243395205,0.9456391868570885,0.9417585288563247,0.9462280979750645,0.9429026962534149,0.9399666298592082,0.9496478055086459,1.0
6,0,1.8841796188643485,0.3144468442524598,4167,2.1190185546875,0.3117505995203837,834,2.1270109339605403,0.3018,0.971001264798917,0.08326521746916564,,,0.99,,0.9900232707827895,0.00997672921721049,0.9913841801221176,0.14563603599330224,10,0.025,0.15,1.0,0.9372485299348309,0.9393484705524019,0.9397006026134057,0.9423116765836393,0.9303959657200527,0.9310992265693516,0.9426057513417524,0.9413906694580916,0.9341236526266802,0.9400709135902191,0.9347645411141277
6,1,1.8859785332824244,0.31747060235181185,4167,2.127066271645682,0.31654676258992803,834,2.1268165654773954,0.3023,0.9710327720868486,0.08335429976454964,,,0.99,,0.9900232707827895,0.00997672921721049,0.9913841801221176,0.14563603599330224,10,0.025,0.15,0.9372485299348309,1.0,0.9327995841867212,0.9385942444083537,0.9394430954877223,0.9402168297220814,0.9338395064168921,0.9451594717979005,0.93796973953725,0.9323960469326381,0.9385544961250177,0.9370937613190299
6,2,1.8753597841118321,0.33141348692104633,4167,2.1171211855752126,0.3213429256594724,834,2.1268154971207243,0.3023,0.9683098476347217,0.083247998403977,,,0.99,,0.9900232707827895,0.00997672921721049,0.9913841801221176,0.14563603599330224,10,0.025,0.15,0.9393484705524019,0.9327995841867212,1.0,0.9307724369332752,0.93728910604733,0.9334413336109139,0.9308758866715743,0.9410869421260948,0.9359897870452668,0.9292556590469002,0.933880452107952,0.9368793877518734
6,3,1.8895388281706609,0.32006239500839934,4167,2.128002779824393,0.29256594724220625,834,2.127400144746032,0.3017,0.9708870294182111,0.08329713458102213,,,0.99,,0.9900232707827895,0.00997672921721049,0.9913841801221176,0.14563603599330224,10,0.025,0.15,0.9397006026134057,0.9385942444083537,0.9307724369332752,1.0,0.9404187728976438,0.9384998392500139,0.9302387242640631,0.9462378366966218,0.934997619787801,0.9335384922931217,0.9406095525214435,0.9380619505175173
6,4,1.8679607087915593,0.32313414926805856,4167,2.1236476557595387,0.2857142857142857,833,2.1268133392816857,0.3023,0.9729499512514329,0.08350918802856717,,,0.99,,0.9900232707827895,0.00997672921721049,0.9913841801221176,0.14563603599330224,10,0.025,0.15,0.9423116765836393,0.9394430954877223,0.93728910604733,0.9404187728976438,1.0,0.9427043258348071,0.9333872683924861,0.9402998939440347,0.9367195207517973,0.9400509959143722,0.9419351394665101,0.941016040557719
6,5,1.8817359740083868,0.31999040076793855,4167,2.1112683841160367,0.32533013205282113,833,2.1268126934389526,0.3023,0.9707648080610215,0.08338825572397461,,,0.99,,0.9900232707827895,0.00997672921721049,0.9913841801221176,0.14563603599330224,10,0.025,0.15,0.9303959657200527,0.9402168297220814,0.9334413336109139,0.9384998392500139,0.9427043258348071,1.0,0.9330387247889074,0.943092071690962,0.937526862882271,0.9349069020642273,0.9366118002949647,0.9397049696668626
6,6,1.8617862665291989,0.33309335253179745,4167,2.127803257533482,0.3025210084033613,833,2.12691465208802,0.3021,0.9673106012081442,0.08303639829746881,,,0.99,,0.9900232707827895,0.00997672921721049,0.9913841801221176,0.14563603599330224,10,0.025,0.15,0.9310992265693516,0.9338395064168921,0.9308758866715743,0.9302387242640631,0.9333872683924861,0.9330387247889074,1.0,0.9420437498952,0.9375455299577429,0.9239868607385427,0.9391001909911753,0.935023336936147
6,7,1.855648303754402,0.3305975521958243,4167,2.1294335637773787,0.30732292917166865,833,2.126932832259166,0.3018,0.9755801308228891,0.08357016274707568,,,0.99,,0.9900232707827895,0.00997672921721049,0.9913841801221176,0.14563603599330224,10,0.025,0.15,0.9426057513417524,0.9451594717979005,0.9410869421260948,0.9462378366966218,0.9402998939440347,0.943092071690962,0.9420437498952,1.0,0.9460924407671321,0.9310791092167527,0.9452742018652865,0.9432526381876385
6,8,1.8826880866831,0.31212193951032163,4166,2.1282914706638882,0.3097238895558223,833,2.126815343204933,0.3023,0.971800897415042,0.08340898849370319,,,0.99,,0.9900232707827895,0.00997672921721049,0.9913841801221176,0.14563603599330224,10,0.025,0.15,0.9413906694580916,0.93796973953725,0.9359897870452668,0.934997619787801,0.9367195207517973,0.937526862882271,0.9375455299577429,0.9460924407671321,1.0,0.9381797897337276,0.9377656197858246,0.9380995845310615
6,9,1.8647848306280195,0.32177148343734996,4166,2.1469596794673373,0.2797118847539016,833,2.1269471735893926,0.3019,0.9669963803397055,0.082989206922538,,,0.99,,0.9900232707827895,0.00997672921721049,0.9913841801221176,0.14563603599330224,10,0.025,0.15,0.9341236526266802,0.9323960469326381,0.9292556590469002,0.9335384922931217,0.9400509959143722,0.9349069020642273,0.9239868607385427,0.9310791092167527,0.9381797897337276,1.0,0.9352613207173922,0.933811843782895
6,10,1.877851655627742,0.31773883821411425,4166,2.1268297604152133,0.2917166866746699,833,2.1268128714983976,0.3023,0.9725907882513322,0.08350356418344106,,,0.99,,0.9900232707827895,0.00997672921721049,0.9913841801221176,0.14563603599330224,10,0.025,0.15,0.9400709135902191,0.9385544961250177,0.933880452107952,0.9406095525214435,0.9419351394665101,0.9366118002949647,0.9391001909911753,0.9452742018652865,0.9377656197858246,0.9352613207173922,1.0,0.9423139240516724
6,11,1.8808914831190398,0.32520403264522324,4166,2.1373716422489712,0.2857142857142857,833,2.12681278699561,0.3023,0.9716144485618325,0.08342958538451702,,,0.99,,0.9900232707827895,0.00997672921721049,0.9913841801221176,0.14563603599330224,10,0.025,0.15,0.9347645411141277,0.9370937613190299,0.9368793877518734,0.9380619505175173,0.941016040557719,0.9397049696668626,0.935023336936147,0.9432526381876385,0.9380995845310615,0.933811843782895,0.9423139240516724,1.0
