round,client_id,client_i_training_loss,client_i_training_accuracy,client_i_training_dataset_size,client_i_evaluation_loss,client_i_evaluation_accuracy,client_i_evaluation_dataset_size,client_i_central_evaluation_loss,client_i_central_evaluation_accuracy,client_i_cosine_similarity,client_i_importance_coefficient,client_i_tanh_val,tanh_normalization_value,client_i_q,client_i_mask_order,client_i_v_nonzero_fraction,client_i_v_sparsity,client_i_v_cosine_similarity,client_i_reward_gradient_norm,local_epochs,learning_rate,gamma,client_0_cosine_similarity,client_1_cosine_similarity,client_2_cosine_similarity,client_3_cosine_similarity,client_4_cosine_similarity,client_5_cosine_similarity,client_6_cosine_similarity,client_7_cosine_similarity,client_8_cosine_similarity,client_9_cosine_similarity,client_10_cosine_similarity,client_11_cosine_similarity
0,0,2.2912399183620105,0.13803695704343652,4167,2.3025624752044678,0.08273381294964029,834,2.2996714809272865,0.1147,0.9713673722645673,0.08381390248002532,,,0.8793371605697914,,0.8793797758743047,0.12062022412569529,0,0.144847469544631,10,0.025,0.15,1.0,0.8969279700770679,0.9375233466737734,0.938842759069316,0.9290553986635144,0.913264657722326,0.9562957431620799,0.9350797700643171,0.9256784538967576,0.9248951707045985,0.9508228655088117,0.9493435387032658
0,1,2.291904769521771,0.13290136789056875,4167,2.299142599105835,0.12949640287769784,834,2.299695642688606,0.1148,0.9563601143808225,0.0825190094409186,,,0.7065889100286682,,0.7066313478899506,0.29336865211004937,0,0.14473363601159722,10,0.025,0.15,0.8969279700770679,1.0,0.9132324247602458,0.9477178575161244,0.8716599289467792,0.9356366441140053,0.9067544094892526,0.9090993714502569,0.9066399072533236,0.9322493800276798,0.9334500984718715,0.9304364161022542
0,2,2.292627541946642,0.12747780177585794,4167,2.301278761454991,0.12470023980815348,834,2.29967215393163,0.1149,0.967067546109357,0.08344289433177583,,,0.829841946207674,,0.8298757241174431,0.17012427588255685,0,0.1448402849360297,10,0.025,0.15,0.9375233466737734,0.9132324247602458,1.0,0.9468929962100003,0.8760058147791282,0.9461044127989869,0.9327871968944431,0.946807921246368,0.8972609705959996,0.9077469807491351,0.9493831709587927,0.9541451635810452
0,3,2.291609204899181,0.14211663066954644,4167,2.301696675164359,0.10551558752997602,834,2.2996680887439584,0.1147,0.9787071097641025,0.084447207716108,,,0.9638247346687974,,0.9638560182205278,0.0361439817794722,0,0.14486956075381022,10,0.025,0.15,0.938842759069316,0.9477178575161244,0.9468929962100003,1.0,0.8982734613104322,0.9502036387064087,0.9339370492576257,0.9500653999939791,0.9356885546662406,0.9357448729575951,0.95732168249285,0.9481052687981908
0,4,2.290574784712358,0.14403647708183345,4167,2.3013252190181186,0.11044417767106843,833,2.2997880223431166,0.1146,0.9427566761568542,0.08134524421341395,,,0.55,,0.5500404350481095,0.4499595649518905,0,0.14417419937533588,10,0.025,0.15,0.9290553986635144,0.8716599289467792,0.8760058147791282,0.8982734613104322,1.0,0.8546616388782912,0.9117661439637048,0.9127300392972194,0.9495402321887186,0.8946470157171478,0.9173968267019396,0.9104151365675529
0,5,2.2918661905057505,0.15013198944084474,4167,2.2955680234091624,0.13205282112845138,833,2.2996903310848187,0.1146,0.9610349519125304,0.0829223752406974,,,0.760400872975027,,0.7604429700780644,0.23955702992193562,0,0.14478228838348145,10,0.025,0.15,0.913264657722326,0.9356366441140053,0.9461044127989869,0.9502036387064087,0.8546616388782912,1.0,0.9065476224107423,0.9267035401788926,0.9031225728796008,0.9285485457162214,0.9395508065977553,0.9336358501078391
0,6,2.2894558812632706,0.13854091672666186,4167,2.2989233221326555,0.11404561824729892,833,2.2996723953681655,0.1149,0.966262676236267,0.08337344657495546,,,0.8205771049177708,,0.8206251753560759,0.17937482464392407,0,0.14483813453156377,10,0.025,0.15,0.9562957431620799,0.9067544094892526,0.9327871968944431,0.9339370492576257,0.9117661439637048,0.9065476224107423,1.0,0.9293645697344247,0.9108345013806985,0.9204253994471233,0.9392271379815367,0.9506262921165971
0,7,2.292781969272729,0.1427645788336933,4167,2.2984297616141185,0.10684273709483794,833,2.2996719185310073,0.1148,0.9686024024630889,0.08357532857285253,,,0.8475096475287991,,0.8475516165767193,0.1524483834232807,0,0.1448438958448667,10,0.025,0.15,0.9350797700643171,0.9090993714502569,0.946807921246368,0.9500653999939791,0.9127300392972194,0.9267035401788926,0.9293645697344247,1.0,0.9510494552052908,0.8908125027087096,0.9373121764552151,0.936654309501305
0,8,2.2925620859319515,0.13506961113778204,4166,2.3001794133867537,0.11404561824729892,833,2.299690850173371,0.1146,0.9601097236190281,0.08284254242339516,,,0.7497505882733306,,0.749773068607549,0.250226931392451,0,0.14477377526732435,10,0.025,0.15,0.9256784538967576,0.9066399072533236,0.8972609705959996,0.9356885546662406,0.9495402321887186,0.9031225728796008,0.9108345013806985,0.9510494552052908,1.0,0.9098635673593269,0.9237422556888559,0.9138475508070879
0,9,2.2863872773719556,0.1398223715794527,4166,2.3004062516348704,0.11284513805522209,833,2.2996909829634653,0.1146,0.9600504022101811,0.08283742390807537,,,0.7490677407020202,,0.7490964004555132,0.2509035995444868,0,0.14477330184170853,10,0.025,0.15,0.9248951707045985,0.9322493800276798,0.9077469807491351,0.9357448729575951,0.8946470157171478,0.9285485457162214,0.9204253994471233,0.8908125027087096,0.9098635673593269,1.0,0.9576132542510348,0.9240444410890639
0,10,2.288311485088233,0.15580892942870858,4166,2.2976532663617815,0.12364945978391356,833,2.2996681068516986,0.1147,0.9809810485957157,0.0846434132845883,,,0.9899999998665927,,0.9900232707827895,0.00997672921721049,0,0.14486961933242465,10,0.025,0.15,0.9508228655088117,0.9334500984718715,0.9493831709587927,0.95732168249285,0.9173968267019396,0.9395508065977553,0.9392271379815367,0.9373121764552151,0.9237422556888559,0.9576132542510348,1.0,0.963341406734939
0,11,2.2893690087578515,0.14066250600096014,4166,2.298562697001866,0.12364945978391356,833,2.2996681762647024,0.1147,0.9762733468397667,0.08423721181319413,,,0.9358097374809212,,0.9358403063161196,0.06415969368388041,0,0.14486919761005645,10,0.025,0.15,0.9493435387032658,0.9304364161022542,0.9541451635810452,0.9481052687981908,0.9104151365675529,0.9336358501078391,0.9506262921165971,0.936654309501305,0.9138475508070879,0.9240444410890639,0.963341406734939,1.0
1,0,2.190192965305213,0.20359971202303817,4167,2.2909862995147705,0.1354916067146283,834,2.288871161545379,0.1637,0.9892307015193056,0.08371285855084379,,,0.8862902589396386,,0.8863280025086234,0.11367199749137658,0.8250181922129146,0.14798780786574742,10,0.025,0.15,1.0,0.9720602435420158,0.9786900300728136,0.9748490250087332,0.978312448843419,0.9738517859694055,0.9706332936555778,0.970869551603887,0.9746086381970122,0.9681356649756196,0.9747164798713903,0.9755608841498193
1,1,2.1933379288875696,0.2023518118550516,4167,2.2895990099225725,0.16786570743405277,834,2.288926673840873,0.1645,0.9862831557492676,0.08281951817719836,,,0.6935372346780532,,0.6935848558366754,0.3064151441633246,0.824102021183651,0.14778697178958014,10,0.025,0.15,0.9720602435420158,1.0,0.9680441809024508,0.9736045698073941,0.9711919950757969,0.9753006186377395,0.9676630202374347,0.9629577498668471,0.9753721225613659,0.9695977921827875,0.9740826369840189,0.9679465924926882
1,2,2.1949116988615556,0.19208063354931607,4167,2.29150652885437,0.1630695443645084,834,2.2888751573200468,0.1639,0.9857068363308146,0.08337002263101403,,,0.8123177146304343,,0.8123566206202242,0.18764337937977582,0.8248804790628106,0.14795173308879128,10,0.025,0.15,0.9786900300728136,0.9680441809024508,1.0,0.9717364842809206,0.9710044043608187,0.9696771853125479,0.9642207782888013,0.9703302545760932,0.9685420428534767,0.964186593918384,0.9721708056653651,0.9718905239457677
1,3,2.1750257365631334,0.21295896328293737,4167,2.289840119225638,0.1618705035971223,834,2.288869266268573,0.1636,0.9885560025339184,0.08408115113239313,,,0.9657555008575178,,0.9657869980690201,0.03421300193097987,0.8253587275504537,0.14799882198296554,10,0.025,0.15,0.9748490250087332,0.9736045698073941,0.9717364842809206,1.0,0.9768248964465941,0.9730482787912619,0.9672057969486872,0.97116681041824,0.9811323108638267,0.9676955845204244,0.9714855893278223,0.9754327271476715
1,4,2.1732969764507177,0.21096712263018957,4167,2.29012199810573,0.15846338535414164,833,2.289140375354622,0.1626,0.9880686770286892,0.08215427514222888,,,0.55,,0.5500404350481095,0.4499595649518905,0.8205149911506099,0.1471421149116118,10,0.025,0.15,0.978312448843419,0.9711919950757969,0.9710044043608187,0.9768248964465941,1.0,0.9712558169855076,0.9716954827653396,0.9680224805457252,0.9802006842291288,0.9621251972355906,0.9744700794742904,0.9740562672813838
1,5,2.1938013940146477,0.2154547636189105,4167,2.2849089418138777,0.19207683073229292,833,2.2889054576052894,0.1639,0.9884943874108811,0.08313972631582825,,,0.7626274593392544,,0.7626792758000364,0.23732072419996364,0.8251147978568377,0.14790608509806177,10,0.025,0.15,0.9738517859694055,0.9753006186377395,0.9696771853125479,0.9730482787912619,0.9712558169855076,1.0,0.9725961036531441,0.9723680547964496,0.9710308058261434,0.9720107833954428,0.978993511061325,0.9735672490181629
1,6,2.180019502206282,0.20638348932085432,4167,2.2874796390533447,0.1716686674669868,833,2.2888858529585825,0.1641,0.9838720285921865,0.08326774224901806,,,0.7902490233074349,,0.7902823851727154,0.20971761482728457,0.8242288930800901,0.1479321559013962,10,0.025,0.15,0.9706332936555778,0.9676630202374347,0.9642207782888013,0.9672057969486872,0.9716954827653396,0.9725961036531441,1.0,0.9640817998130572,0.9645943409438134,0.966939231488842,0.9710702476307214,0.968300705881351
1,7,2.1931138403487926,0.19791216702663786,4167,2.2876790251050676,0.15726290516206481,833,2.288873521587517,0.1638,0.9843731334595897,0.08340836738316969,,,0.8205912318256805,,0.8206334274067105,0.17936657259328948,0.8249616804319551,0.14796112482587026,10,0.025,0.15,0.970869551603887,0.9629577498668471,0.9703302545760932,0.97116681041824,0.9680224805457252,0.9723680547964496,0.9640817998130572,1.0,0.970047441652737,0.9574330846756768,0.9699576626429323,0.97731018791679
1,8,2.179825976039424,0.21385021603456553,4166,2.28864894594465,0.17286914765906364,833,2.2889072744152212,0.1639,0.9877599541549988,0.08306672809108752,,,0.746876879829358,,0.7469178590879834,0.25308214091201664,0.8249691817168024,0.14787988798622953,10,0.025,0.15,0.9746086381970122,0.9753721225613659,0.9685420428534767,0.9811323108638267,0.9802006842291288,0.9710308058261434,0.9645943409438134,0.970047441652737,1.0,0.9656964268105779,0.9727171830340812,0.9712898656064702
1,9,2.1667368509552696,0.2170667306769083,4166,2.289657320295061,0.15366146458583432,833,2.2889141342307946,0.1639,0.9820261399181069,0.08287765260609863,,,0.7060807033433276,,0.7061279728012411,0.29387202719875893,0.8247155403859776,0.14781695460327438,10,0.025,0.15,0.9681356649756196,0.9695977921827875,0.964186593918384,0.9676955845204244,0.9621251972355906,0.9720107833954428,0.966939231488842,0.9574330846756768,0.9656964268105779,1.0,0.9709587028046517,0.9624656504276874
1,10,2.1810447465289724,0.2129620739318291,4166,2.2871507917131697,0.16206482593037214,833,2.288868889023986,0.1636,0.9882934036863767,0.08419351559366688,,,0.9899999997842335,,0.9900232707827895,0.00997672921721049,0.8253712783824005,0.14799910642236414,10,0.025,0.15,0.9747164798713903,0.9740826369840189,0.9721708056653651,0.9714855893278223,0.9744700794742904,0.978993511061325,0.9710702476307214,0.9699576626429323,0.9727171830340812,0.9709587028046517,1.0,0.9703871292043041
1,11,2.183866327820402,0.21313010081613057,4166,2.2885213920048306,0.16926770708283315,833,2.2888707390314416,0.1636,0.9872195990078176,0.08390844212745278,,,0.9284906642940312,,0.9285289894538793,0.0714710105461207,0.8252842233585915,0.14799600373543584,10,0.025,0.15,0.9755608841498193,0.9679465924926882,0.9718905239457677,0.9754327271476715,0.9740562672813838,0.9735672490181629,0.968300705881351,0.97731018791679,0.9712898656064702,0.9624656504276874,0.9703871292043041,1.0
2,0,2.097962250131549,0.242956563474922,4167,2.273240259715489,0.19304556354916066,834,2.272016811974441,0.2045,0.9875150181801522,0.08367756861508475,,,0.906644327109144,,0.9066858114241388,0.09331418857586116,0.9594003018271375,0.14761508750292227,10,0.025,0.15,1.0,0.972541041947026,0.9718151459290164,0.9692243475563378,0.9722029566862901,0.9681691126389615,0.9625632906464782,0.969832729934543,0.9720186013107941,0.9606318169150413,0.9707244400384026,0.9721679210075544
2,1,2.1014963514877087,0.24322054235661147,4167,2.274324723652431,0.19664268585131894,834,2.27211136757573,0.2055,0.9845478407477283,0.0830303435372154,,,0.683670836069553,,0.6837071512270799,0.3162928487729201,0.9574387091637292,0.14738595034992083,10,0.025,0.15,0.972541041947026,1.0,0.9632788350744327,0.9666976950059138,0.9645901033322626,0.9683779568407983,0.9590728072955738,0.9634353946123776,0.9708402937714039,0.9624900375763181,0.969870501701382,0.9659307064352061
2,2,2.107182675419432,0.23407727381809454,4167,2.2761003971099854,0.18944844124700239,834,2.2720170232314096,0.2049,0.9831201172259051,0.08332349589720557,,,0.7846638404331713,,0.7847039989437375,0.21529600105626245,0.958816937952491,0.14756501308482892,10,0.025,0.15,0.9718151459290164,0.9632788350744327,1.0,0.9676683901761655,0.9660945341723802,0.9611071066942736,0.9572750171707163,0.9647876784203163,0.966097856146879,0.9589988656014892,0.965020977422199,0.9678764176769766
2,3,2.082308174985828,0.2527237820974322,4167,2.271768535886492,0.20743405275779375,834,2.2720121884647804,0.2049,0.9854939393921791,0.08383909312446673,,,0.9622906315816457,,0.9623211368024954,0.037678863197504575,0.959486693362575,0.14761850872861954,10,0.025,0.15,0.9692243475563378,0.9666976950059138,0.9676683901761655,1.0,0.9694011606089777,0.9669611148892495,0.9620139573793512,0.9678714862064729,0.9737103018737059,0.9595727089029047,0.9657920886426874,0.9689715002965177
2,4,2.0839494730487016,0.24641228701703863,4167,2.272784471511841,0.19327731092436976,833,2.2725333322452594,0.2056,0.9852332004692472,0.0826423372460612,,,0.55,,0.5500404350481095,0.4499595649518905,0.9550732056467709,0.1466887546843642,10,0.025,0.15,0.9722029566862901,0.9645901033322626,0.9660945341723802,0.9694011606089777,1.0,0.9669528666005033,0.9649695931991085,0.9644952345788529,0.9723544358709435,0.9567925069629775,0.969887309110119,0.9676988308771933
2,5,2.102925912539164,0.25303575713942883,4167,2.2680742059435164,0.22569027611044418,833,2.2720579286164875,0.205,0.9854514878595788,0.08325714418434947,,,0.761805218976962,,0.7618458186859435,0.23815418131405652,0.9585630231991322,0.14754255077179027,10,0.025,0.15,0.9681691126389615,0.9683779568407983,0.9611071066942736,0.9669611148892495,0.9669528666005033,1.0,0.96769017487618,0.9663680751198176,0.9675336739983976,0.9665229332436205,0.9701736754807494,0.9678698293289135
2,6,2.0913502844897183,0.24538036957043435,4167,2.269752468381609,0.22328931572629052,833,2.2720416014707543,0.2051,0.9802854338186349,0.08316841323074882,,,0.7312367951563958,,0.7312719710848146,0.26872802891518544,0.9585002000848395,0.14749969233895524,10,0.025,0.15,0.9625632906464782,0.9590728072955738,0.9572750171707163,0.9620139573793512,0.9649695931991085,0.96769017487618,1.0,0.9593353540971289,0.9606762432290061,0.961629824615202,0.9634407483308631,0.9580822539028955
2,7,2.105354222384366,0.23978881689464843,4167,2.2707486152648926,0.20768307322929172,833,2.272013531455511,0.2048,0.9830020756474271,0.08334331153297134,,,0.7914904632494671,,0.7915284448185375,0.20847155518146254,0.9589714202615102,0.1475703563872981,10,0.025,0.15,0.969832729934543,0.9634353946123776,0.9647876784203163,0.9678714862064729,0.9644952345788529,0.9663680751198176,0.9593353540971289,1.0,0.9660617193892644,0.9514353253238667,0.9674913375469112,0.9674317564284756
2,8,2.0849877220211606,0.2569611137782045,4166,2.27124776159014,0.21248499399759904,833,2.2720648035218445,0.205,0.9859480582773203,0.08322824408917229,,,0.7518489374091241,,0.7519020976712714,0.24809790232872864,0.9583829725446312,0.14753101461478876,10,0.025,0.15,0.9720186013107941,0.9708402937714039,0.966097856146879,0.9737103018737059,0.9723544358709435,0.9675336739983976,0.9606762432290061,0.9660617193892644,1.0,0.9605307929727427,0.9705740813883122,0.9632224441505683
2,9,2.074393351872762,0.25712914066250603,4166,2.2729403972625732,0.1908763505402161,833,2.272120433517649,0.2049,0.9787634434605331,0.08287844715118567,,,0.6313414863156116,,0.6313891502038257,0.3686108497961743,0.9567188261283442,0.1472063507526785,10,0.025,0.15,0.9606318169150413,0.9624900375763181,0.9589988656014892,0.9595727089029047,0.9567925069629775,0.9665229332436205,0.961629824615202,0.9514353253238667,0.9605307929727427,1.0,0.9627025022572657,0.9575978501063755
2,10,2.0955280296730274,0.24608737397983677,4166,2.270336014883859,0.20528211284513806,833,2.272011596945268,0.205,0.9858370789771613,0.08391952509790757,,,0.9899999996554931,,0.9900232707827895,0.00997672921721049,0.9594702662100684,0.14761866575506183,10,0.025,0.15,0.9707244400384026,0.969870501701382,0.965020977422199,0.9657920886426874,0.969887309110119,0.9701736754807494,0.9634407483308631,0.9674913375469112,0.9705740813883122,0.9627025022572657,1.0,0.966268707159945
2,11,2.0986707051595053,0.2469755160825732,4166,2.272599526814052,0.21608643457382953,833,2.2720155685762817,0.2048,0.9842459037284885,0.08369207629363105,,,0.9116423221543878,,0.911686554108696,0.08831344589130397,0.9594497732057885,0.14761568903086464,10,0.025,0.15,0.9721679210075544,0.9659307064352061,0.9678764176769766,0.9689715002965177,0.9676988308771933,0.9678698293289135,0.9580822539028955,0.9674317564284756,0.9632224441505683,0.9575978501063755,0.966268707159945,1.0
3,0,2.0306883338725927,0.2682025437964963,4167,2.2489047391074046,0.2170263788968825,834,2.248864276499688,0.2279,0.9839403628293254,0.08365768686793845,,,0.99,,0.9900232707827895,0.00997672921721049,0.9760372618320662,0.14707605962273584,10,0.025,0.15,1.0,0.9646503355732698,0.9615171402857344,0.9634889531148436,0.9624863464353233,0.9595548222658417,0.9555140363006847,0.9634145856113745,0.9650260739872193,0.9545147881267666,0.9631793487462815,0.963559917623274
3,1,2.036153692187685,0.2695704343652508,4167,2.2529545511518205,0.2290167865707434,834,2.248999393438991,0.2273,0.9810861091148413,0.08316521076572798,,,0.99,,0.9900232707827895,0.00997672921721049,0.9748375731847503,0.14707605962273584,10,0.025,0.15,0.9646503355732698,1.0,0.9560243682234687,0.9582877603310473,0.9546388754157087,0.9630033373437288,0.9509971298393352,0.9563688271190418,0.9599923974561637,0.956330715843464,0.9626555463135715,0.9606289854002626
3,2,2.041139347625501,0.2617230621550276,4167,2.2546041693006242,0.19904076738609114,834,2.2488723616056805,0.2282,0.9793427458179254,0.083289586014637,,,0.99,,0.9900232707827895,0.00997672921721049,0.9759915655808984,0.14707605962273584,10,0.025,0.15,0.9615171402857344,0.9560243682234687,1.0,0.9609191343186705,0.9555194121495958,0.9536206978661204,0.9511038816206802,0.9563662572227746,0.9583310983549258,0.9533239431234352,0.9564914904025282,0.9597182750034461
3,3,2.0176546436367615,0.27566594672426203,4167,2.2471106392996654,0.23261390887290168,834,2.248856951918783,0.2274,0.9831182054885306,0.08373071575665662,,,0.99,,0.9900232707827895,0.00997672921721049,0.976044040690924,0.14707605962273584,10,0.025,0.15,0.9634889531148436,0.9582877603310473,0.9609191343186705,1.0,0.9629824955283977,0.9622405321645777,0.9558544544008647,0.9596332427712914,0.9651301832456991,0.9568041073113505,0.9602573264738202,0.9615899689060136
3,4,2.020365522485791,0.2714902807775378,4167,2.248906135559082,0.20888355342136855,833,2.2495896755894527,0.2263,0.9803274363123753,0.08290093244760063,,,0.99,,0.9900232707827895,0.00997672921721049,0.9700692845175402,0.14707605962273584,10,0.025,0.15,0.9624863464353233,0.9546388754157087,0.9555194121495958,0.9629824955283977,1.0,0.9601085463474357,0.9550905512343335,0.9543212136701864,0.962117217408793,0.9516404040859091,0.9598410224103783,0.9561191634595875
3,5,2.0342939922303866,0.2779457643388529,4167,2.2448818683624268,0.24849939975990396,833,2.2489194024967243,0.2282,0.9819642930739269,0.08333381873174807,,,0.99,,0.9900232707827895,0.00997672921721049,0.9757897471447581,0.14707605962273584,10,0.025,0.15,0.9595548222658417,0.9630033373437288,0.9536206978661204,0.9622405321645777,0.9601085463474357,1.0,0.9573867296403894,0.9609992981361043,0.9607116254383383,0.9557895364069262,0.95873366973079,0.9617365709692113
3,6,2.0297520395481223,0.26592272618190543,4167,2.2454661641802107,0.23169267707082833,833,2.2489034465596647,0.228,0.9762951545176661,0.08309475542777689,,,0.99,,0.9900232707827895,0.00997672921721049,0.9755115461987424,0.14707605962273584,10,0.025,0.15,0.9555140363006847,0.9509971298393352,0.9511038816206802,0.9558544544008647,0.9550905512343335,0.9573867296403894,1.0,0.9519662148935943,0.9535587217957717,0.9532807795222944,0.9534531794266412,0.9490614654039087
3,7,2.038995650320342,0.26786657067434605,4167,2.247694049562727,0.2304921968787515,833,2.2488667663139634,0.2283,0.9795579159678739,0.08330881720562945,,,0.99,,0.9900232707827895,0.00997672921721049,0.9759957761877414,0.14707605962273584,10,0.025,0.15,0.9634145856113745,0.9563688271190418,0.9563662572227746,0.9596332427712914,0.9543212136701864,0.9609992981361043,0.9519662148935943,1.0,0.9550485189794607,0.9486625451983806,0.9590056549618091,0.9596235463346807
3,8,2.0151723410143996,0.28338934229476714,4166,2.2474866935185025,0.24489795918367346,833,2.2489321986331214,0.2281,0.9818023486102863,0.08331070731712226,,,0.99,,0.9900232707827895,0.00997672921721049,0.9757374054259184,0.14707605962273584,10,0.025,0.15,0.9650260739872193,0.9599923974561637,0.9583310983549258,0.9651301832456991,0.962117217408793,0.9607116254383383,0.9535587217957717,0.9550485189794607,1.0,0.9561742962343053,0.9618286210919799,0.9540474786271513
3,9,2.007508723663561,0.2857657225156025,4166,2.2502046653202603,0.2304921968787515,833,2.249014425881301,0.2279,0.9765522552354479,0.08292403933932868,,,0.99,,0.9900232707827895,0.00997672921721049,0.9739982666294267,0.14707605962273584,10,0.025,0.15,0.9545147881267666,0.956330715843464,0.9533239431234352,0.9568041073113505,0.9516404040859091,0.9557895364069262,0.9532807795222944,0.9486625451983806,0.9561742962343053,1.0,0.9547325731708294,0.9491832024212921
3,10,2.0314981561718564,0.27033125300048005,4166,2.2471275329589844,0.23169267707082833,833,2.248856143106388,0.2274,0.9816514705774472,0.08373271382406747,,,0.99,,0.9900232707827895,0.00997672921721049,0.9760474232369009,0.14707605962273584,10,0.025,0.15,0.9631793487462815,0.9626555463135715,0.9564914904025282,0.9602573264738202,0.9598410224103783,0.95873366973079,0.9534531794266412,0.9590056549618091,0.9618286210919799,0.9547325731708294,1.0,0.9596890573181556
3,11,2.0332282413135876,0.2698751800288046,4166,2.2503789152417863,0.2304921968787515,833,2.2488622454148306,0.2273,0.9803828880382304,0.08355101630176681,,,0.99,,0.9900232707827895,0.00997672921721049,0.9760276092853291,0.14707605962273584,10,0.025,0.15,0.963559917623274,0.9606289854002626,0.9597182750034461,0.9615899689060136,0.9561191634595875,0.9617365709692113,0.9490614654039087,0.9596235463346807,0.9540474786271513,0.9491832024212921,0.9596890573181556,1.0
4,0,1.976291220477133,0.2906407487401008,4167,2.2187834126608714,0.23741007194244604,834,2.2199524143074134,0.2508,0.9799170750837923,0.0836367032468168,,,0.99,,0.9900232707827895,0.00997672921721049,0.9848553313241105,0.14651458875355328,10,0.025,0.15,1.0,0.95701124502552,0.9529766868828607,0.9541835741162012,0.9539182296082324,0.9508866816477691,0.9465006090297895,0.9548706471334233,0.9566529178270431,0.9465831792195363,0.9535774780374258,0.958369909711721
4,1,1.9832789876244286,0.2906167506599472,4167,2.2260206086294994,0.24700239808153476,834,2.220139482353307,0.2508,0.9768598633943057,0.08323260801930375,,,0.99,,0.9900232707827895,0.00997672921721049,0.9848553313241105,0.14651458875355328,10,0.025,0.15,0.95701124502552,1.0,0.9458836534302271,0.9476388604478101,0.94441948726216,0.9537653745847844,0.9408041801109206,0.9505662428215514,0.951668664698014,0.9517816213630937,0.953196564284605,0.9532153016156822
4,2,1.9894091057054923,0.28207343412527,4167,2.227393218449184,0.23261390887290168,834,2.219969326936746,0.2509,0.9746502048459029,0.08323760364397909,,,0.99,,0.9900232707827895,0.00997672921721049,0.9848553313241105,0.14651458875355328,10,0.025,0.15,0.9529766868828607,0.9458836534302271,1.0,0.9521524299675342,0.9465612932078481,0.9431521378185743,0.9417525285319935,0.9476074577156934,0.9509867677064048,0.9489160675067548,0.9457323615821062,0.9482908433878897
4,3,1.9647999889922865,0.29580033597312216,4167,2.216698169708252,0.2529976019184652,834,2.219943100893045,0.2504,0.9790247346146022,0.08365282272521446,,,0.99,,0.9900232707827895,0.00997672921721049,0.9848553313241105,0.14651458875355328,10,0.025,0.15,0.9541835741162012,0.9476388604478101,0.9521524299675342,1.0,0.9554225726584045,0.9555353698841725,0.9467516391432114,0.9514613832206127,0.9568970634299042,0.9510156231222986,0.9513654176570714,0.952643356719906
4,4,1.967887886726495,0.2888648908087353,4167,2.2192367144993375,0.24009603841536614,833,2.220918353599838,0.249,0.9766743167167806,0.08306312087604915,,,0.99,,0.9900232707827895,0.00997672921721049,0.9848553313241105,0.14651458875355328,10,0.025,0.15,0.9539182296082324,0.94441948726216,0.9465612932078481,0.9554225726584045,1.0,0.9530569954827462,0.9460507445828218,0.9452145359278754,0.9535869734976256,0.949569050411674,0.9511472414580762,0.9490047165513175
4,5,1.9806234630671415,0.29680825533957284,4167,2.215703180858067,0.27010804321728693,833,2.220025234584567,0.2507,0.9786452208748989,0.08339500147935229,,,0.99,,0.9900232707827895,0.00997672921721049,0.9848553313241105,0.14651458875355328,10,0.025,0.15,0.9508866816477691,0.9537653745847844,0.9431521378185743,0.9555353698841725,0.9530569954827462,1.0,0.9486372192439115,0.9577852340924228,0.9549275191352717,0.9512053716914957,0.9487959121737354,0.9531098471987918
4,6,1.9795383276361407,0.285625149988001,4167,2.2152179309300015,0.25930372148859543,833,2.220009471796736,0.2509,0.9714959106639093,0.08301443223868779,,,0.99,,0.9900232707827895,0.00997672921721049,0.9848553313241105,0.14651458875355328,10,0.025,0.15,0.9465006090297895,0.9408041801109206,0.9417525285319935,0.9467516391432114,0.9460507445828218,0.9486372192439115,1.0,0.9412556672687103,0.9462547930690117,0.9457338740241747,0.9434127871434385,0.9400741878994143
4,7,1.9838039683573174,0.2905927525797936,4167,2.2188145433153426,0.2617046818727491,833,2.2199612931360173,0.2511,0.9761702037668073,0.08329897483103416,,,0.99,,0.9900232707827895,0.00997672921721049,0.9848553313241105,0.14651458875355328,10,0.025,0.15,0.9548706471334233,0.9505662428215514,0.9476074577156934,0.9514613832206127,0.9452145359278754,0.9577852340924228,0.9412556672687103,1.0,0.9491974885468227,0.9413081967954093,0.9487420743620472,0.9537377417251254
4,8,1.9621856985670147,0.30062409985597693,4166,2.2182107652936662,0.25930372148859543,833,2.220045364355739,0.2507,0.9788531842659783,0.08338747722589984,,,0.99,,0.9900232707827895,0.00997672921721049,0.9848553313241105,0.14651458875355328,10,0.025,0.15,0.9566529178270431,0.951668664698014,0.9509867677064048,0.9568970634299042,0.9535869734976256,0.9549275191352717,0.9462547930690117,0.9491974885468227,1.0,0.9509180833037872,0.9549721856970734,0.9471940723419898
4,9,1.955427175579649,0.3038166106577052,4166,2.2217314583914622,0.25210084033613445,833,2.2201602851288227,0.251,0.975063444061041,0.08302497637658385,,,0.99,,0.9900232707827895,0.00997672921721049,0.9848553313241105,0.14651458875355328,10,0.025,0.15,0.9465831792195363,0.9517816213630937,0.9489160675067548,0.9510156231222986,0.949569050411674,0.9512053716914957,0.9457338740241747,0.9413081967954093,0.9509180833037872,1.0,0.9487947115370341,0.9433197791435896
4,10,1.97908789100069,0.28819011041766684,4166,2.2179312024797713,0.2424969987995198,833,2.219942059697984,0.2505,0.9769171794334491,0.08358545565143079,,,0.99,,0.9900232707827895,0.00997672921721049,0.9848553313241105,0.14651458875355328,10,0.025,0.15,0.9535774780374258,0.953196564284605,0.9457323615821062,0.9513654176570714,0.9511472414580762,0.9487959121737354,0.9434127871434385,0.9487420743620472,0.9549721856970734,0.9487947115370341,1.0,0.9505979899184579
4,11,1.98259339910565,0.28634181469035047,4166,2.2224128927503313,0.25090036014405764,833,2.219950280612028,0.2504,0.9768478100782071,0.08347082368564816,,,0.99,,0.9900232707827895,0.00997672921721049,0.9848553313241105,0.14651458875355328,10,0.025,0.15,0.958369909711721,0.9532153016156822,0.9482908433878897,0.952643356719906,0.9490047165513175,0.9531098471987918,0.9400741878994143,0.9537377417251254,0.9471940723419898,0.9433197791435896,0.9505979899184579,1.0
5,0,1.9347454323913111,0.3067674586033117,4167,2.1835385390690396,0.2733812949640288,834,2.186175542541697,0.2712,0.9764530718515457,0.08362374345223739,,,0.99,,0.9900232707827895,0.00997672921721049,0.9891286725260308,0.14599679764685486,10,0.025,0.15,1.0,0.9481204844354152,0.946114785552816,0.9480302187005458,0.9462576991276793,0.9408160063288509,0.9397222584710885,0.9488435773687587,0.9482045834293761,0.9412097819364788,0.9469361279149993,0.9502177857497817
5,1,1.9394481272408457,0.3071274298056155,4167,2.1947219031197682,0.26139088729016785,834,2.186421318899227,0.2698,0.9727032578146853,0.08325126172995305,,,0.99,,0.9900232707827895,0.00997672921721049,0.9891286725260308,0.14599679764685486,10,0.025,0.15,0.9481204844354152,1.0,0.9381733998418035,0.9393212921524051,0.9357324427923779,0.9457563960799824,0.9347573324305215,0.9427195952276379,0.9439942644579704,0.9426949190849369,0.9443460861356885,0.9453009298832711
5,2,1.943169927597046,0.2994000479961603,4167,2.1952248982020786,0.2577937649880096,834,2.1862017836751817,0.2715,0.9719159318057877,0.08322869275468135,,,0.99,,0.9900232707827895,0.00997672921721049,0.9891286725260308,0.14599679764685486,10,0.025,0.15,0.946114785552816,0.9381733998418035,1.0,0.9461908438824149,0.9406774081850686,0.9343602619391043,0.9359481038627323,0.9422520870894654,0.9445330255003885,0.9446649120579884,0.9378391544630124,0.9410071965840965
5,3,1.9234382152557372,0.3087592992560595,4167,2.1810993807656422,0.27218225419664266,834,2.1861642734913884,0.2709,0.9762416993389754,0.08362683662496488,,,0.99,,0.9900232707827895,0.00997672921721049,0.9891286725260308,0.14599679764685486,10,0.025,0.15,0.9480302187005458,0.9393212921524051,0.9461908438824149,1.0,0.9473973266986581,0.9485935768597029,0.9399721092970095,0.945945017098746,0.9510540497402621,0.9439134954615703,0.9457322529923899,0.9458504504724949
5,4,1.9255419557744806,0.3030717542596592,4167,2.1844571999141147,0.25570228091236497,833,2.1874070258080205,0.2686,0.9732050477397111,0.08316265373246283,,,0.99,,0.9900232707827895,0.00997672921721049,0.9891286725260308,0.14599679764685486,10,0.025,0.15,0.9462576991276793,0.9357324427923779,0.9406774081850686,0.9473973266986581,1.0,0.944862896087032,0.9372479373476843,0.9385862431947904,0.9469806438443981,0.9416788476887746,0.945701449517927,0.941768953739285
5,5,1.9367999235788982,0.30981521478281737,4167,2.1818442004067555,0.2893157262905162,833,2.186267753190632,0.2704,0.9743201678133215,0.08340453530959402,,,0.99,,0.9900232707827895,0.00997672921721049,0.9891286725260308,0.14599679764685486,10,0.025,0.15,0.9408160063288509,0.9457563960799824,0.9343602619391043,0.9485935768597029,0.944862896087032,1.0,0.9406883711462629,0.9500135848171761,0.9470586346113752,0.942858368821811,0.9397358124599131,0.945007643566082
5,6,1.9356257113543425,0.3032877369810415,4167,2.180041415350778,0.2773109243697479,833,2.186252343503735,0.2713,0.9677568375079694,0.08295491712982175,,,0.99,,0.9900232707827895,0.00997672921721049,0.9891286725260308,0.14599679764685486,10,0.025,0.15,0.9397222584710885,0.9347573324305215,0.9359481038627323,0.9399721092970095,0.9372479373476843,0.9406883711462629,1.0,0.9351061876855111,0.9361636255072981,0.9352024071161692,0.9348437756136341,0.9337191980346685
5,7,1.9385496565789888,0.30638348932085435,4167,2.1849938120160783,0.27611044417767105,833,2.186190876779677,0.2715,0.9734239083875359,0.08331585234566506,,,0.99,,0.9900232707827895,0.00997672921721049,0.9891286725260308,0.14599679764685486,10,0.025,0.15,0.9488435773687587,0.9427195952276379,0.9422520870894654,0.945945017098746,0.9385862431947904,0.9500135848171761,0.9351061876855111,1.0,0.9418309159175521,0.9368809920397126,0.941773530753346,0.9453085714564788
5,8,1.9182561805753997,0.31267402784445514,4166,2.1845469815390453,0.27010804321728693,833,2.1862953010993667,0.2705,0.9753420475146016,0.08343318354291303,,,0.99,,0.9900232707827895,0.00997672921721049,0.9891286725260308,0.14599679764685486,10,0.025,0.15,0.9482045834293761,0.9439942644579704,0.9445330255003885,0.9510540497402621,0.9469806438443981,0.9470586346113752,0.9361636255072981,0.9418309159175521,1.0,0.9435401028363177,0.949042085692299,0.9392329927433529
5,9,1.9134774229743263,0.3172347575612098,4166,2.1885790484292165,0.26770708283313327,833,2.186447885972035,0.2699,0.9716307672405675,0.08308771731453886,,,0.99,,0.9900232707827895,0.00997672921721049,0.9891286725260308,0.14599679764685486,10,0.025,0.15,0.9412097819364788,0.9426949190849369,0.9446649120579884,0.9439134954615703,0.9416788476887746,0.942858368821811,0.9352024071161692,0.9368809920397126,0.9435401028363177,1.0,0.9411390369531251,0.9348136770924285
5,10,1.937560364333066,0.3045127220355257,4166,2.183643000466483,0.2653061224489796,833,2.1861631598653672,0.2709,0.9735576474667538,0.08349762976477204,,,0.99,,0.9900232707827895,0.00997672921721049,0.9891286725260308,0.14599679764685486,10,0.025,0.15,0.9469361279149993,0.9443460861356885,0.9378391544630124,0.9457322529923899,0.945701449517927,0.9397358124599131,0.9348437756136341,0.941773530753346,0.949042085692299,0.9411390369531251,1.0,0.9435811085070507
5,11,1.938508733474847,0.30338454152664424,4166,2.1894075189317976,0.2737094837935174,833,2.1861732730382606,0.2708,0.9731385128041149,0.08341297629839552,,,0.99,,0.9900232707827895,0.00997672921721049,0.9891286725260308,0.14599679764685486,10,0.025,0.15,0.9502177857497817,0.9453009298832711,0.9410071965840965,0.9458504504724949,0.941768953739285,0.945007643566082,0.9337191980346685,0.9453085714564788,0.9392329927433529,0.9348136770924285,0.9435811085070507,1.0
6,0,1.8922951430985422,0.3204463642908567,4167,2.1443311827523366,0.2961630695443645,834,2.1483028840415086,0.2893,0.9732577135336056,0.08361962163937219,,,0.99,,0.9900232707827895,0.00997672921721049,0.9908615931356919,0.14550132537736207,10,0.025,0.15,1.0,0.9417634505671767,0.9418014796659525,0.9431940761417008,0.9391284949602916,0.9318273021845446,0.9302101133266454,0.9399310081375039,0.9412324199429773,0.9365609104886004,0.9383410860202418,0.9445653870121887
6,1,1.9016514861222469,0.3189824814014879,4167,2.1591324465615407,0.2733812949640288,834,2.1486263576942153,0.2883,0.9684797218819361,0.08323270494325645,,,0.99,,0.9900232707827895,0.00997672921721049,0.9908615931356919,0.14550132537736207,10,0.025,0.15,0.9417634505671767,1.0,0.92903929234404,0.9341692129964824,0.9267175356197977,0.9384622887474321,0.9268290547065151,0.9346274907759097,0.9343735461587065,0.9339118545629882,0.9360789563033284,0.9372071255270115
6,2,1.9059432206731854,0.314494840412767,4167,2.158971207482474,0.27218225419664266,834,2.148341221145437,0.2894,0.9685983199973415,0.08322258053153994,,,0.99,,0.9900232707827895,0.00997672921721049,0.9908615931356919,0.14550132537736207,10,0.025,0.15,0.9418014796659525,0.92903929234404,1.0,0.9412123024098624,0.9348405254409121,0.9263032302075793,0.928689215814841,0.9336177796053425,0.936669090313039,0.9393979767187027,0.9299922274395519,0.9330561095076649
6,3,1.8828492580038128,0.3209023278137749,4167,2.1413889953068326,0.290167865707434,834,2.1482917326915114,0.2894,0.9745289825212915,0.0836630301701822,,,0.99,,0.9900232707827895,0.00997672921721049,0.9908615931356919,0.14550132537736207,10,0.025,0.15,0.9431940761417008,0.9341692129964824,0.9412123024098624,1.0,0.9419943712459236,0.9424111458589456,0.9340798845106328,0.9393106345390224,0.9471475136940161,0.9403065655225235,0.939279822969013,0.9402580649894144
6,4,1.8880246610352487,0.31495080393568514,4167,2.14533679825919,0.28811524609843936,833,2.1498368239100976,0.2865,0.9697154941406653,0.08321809074420931,,,0.99,,0.9900232707827895,0.00997672921721049,0.9908615931356919,0.14550132537736207,10,0.025,0.15,0.9391284949602916,0.9267175356197977,0.9348405254409121,0.9419943712459236,1.0,0.9370061928901281,0.9285307694165885,0.9298066361734484,0.9404105630982024,0.9369709635655152,0.9381142749192917,0.934119511803266
6,5,1.8929840712836294,0.3232541396688265,4167,2.143878391810826,0.297719087635054,833,2.14842410329022,0.2892,0.9702833061299249,0.08338661406779893,,,0.99,,0.9900232707827895,0.00997672921721049,0.9908615931356919,0.14550132537736207,10,0.025,0.15,0.9318273021845446,0.9384622887474321,0.9263032302075793,0.9424111458589456,0.9370061928901281,1.0,0.931369253677994,0.9441716092764048,0.9402584464520315,0.9359308289945946,0.9307348905628894,0.9356421315634544
6,6,1.8985971486929691,0.3129349652027838,4167,2.1404219695499966,0.30612244897959184,833,2.14840716953519,0.2894,0.9636896460631307,0.08289260675628449,,,0.99,,0.9900232707827895,0.00997672921721049,0.9908615931356919,0.14550132537736207,10,0.025,0.15,0.9302101133266454,0.9268290547065151,0.928689215814841,0.9340798845106328,0.9285307694165885,0.931369253677994,1.0,0.9265444664719052,0.9299125943312474,0.9287002172387144,0.9260874387761477,0.9267978545192456
6,7,1.8982837720350785,0.31958243340532755,4167,2.146930626460484,0.2929171668667467,833,2.1483272268802307,0.2894,0.9696771420209659,0.08331183805031708,,,0.99,,0.9900232707827895,0.00997672921721049,0.9908615931356919,0.14550132537736207,10,0.025,0.15,0.9399310081375039,0.9346274907759097,0.9336177796053425,0.9393106345390224,0.9298066361734484,0.9441716092764048,0.9265444664719052,1.0,0.9365767367278807,0.9309761876548488,0.9328379413119483,0.9386546440143967
6,8,1.8770277117237901,0.3244359097455593,4166,2.1473502090999057,0.2725090036014406,833,2.148460324806503,0.2891,0.9724708890059547,0.08347577514600704,,,0.99,,0.9900232707827895,0.00997672921721049,0.9908615931356919,0.14550132537736207,10,0.025,0.15,0.9412324199429773,0.9343735461587065,0.936669090313039,0.9471475136940161,0.9404105630982024,0.9402584464520315,0.9299125943312474,0.9365767367278807,1.0,0.9374464984612493,0.9414954895582793,0.9339807222020389
6,9,1.8741580580220079,0.3304608737397984,4166,2.1515306064060757,0.29411764705882354,833,2.148656588566454,0.2889,0.969574708525456,0.08316702758044338,,,0.99,,0.9900232707827895,0.00997672921721049,0.9908615931356919,0.14550132537736207,10,0.025,0.15,0.9365609104886004,0.9339118545629882,0.9393979767187027,0.9403065655225235,0.9369709635655152,0.9359308289945946,0.9287002172387144,0.9309761876548488,0.9374464984612493,1.0,0.9353020736472468,0.9305957735116505
6,10,1.8971707665559017,0.3182189150264042,4166,2.1449029786246165,0.28811524609843936,833,2.1482908454122422,0.2894,0.9696009877540425,0.08342207342590238,,,0.99,,0.9900232707827895,0.00997672921721049,0.9908615931356919,0.14550132537736207,10,0.025,0.15,0.9383410860202418,0.9360789563033284,0.9299922274395519,0.939279822969013,0.9381142749192917,0.9307348905628894,0.9260874387761477,0.9328379413119483,0.9414954895582793,0.9353020736472468,1.0,0.9377946116190833
