round,client_id,client_i_training_loss,client_i_training_accuracy,client_i_training_dataset_size,client_i_evaluation_loss,client_i_evaluation_accuracy,client_i_evaluation_dataset_size,client_i_central_evaluation_loss,client_i_central_evaluation_accuracy,client_i_cosine_similarity,client_i_importance_coefficient,client_i_tanh_val,tanh_normalization_value,client_i_q,client_i_mask_order,client_i_v_nonzero_fraction,client_i_v_sparsity,client_i_v_cosine_similarity,client_i_reward_gradient_norm,local_epochs,learning_rate,gamma,client_0_cosine_similarity,client_1_cosine_similarity,client_2_cosine_similarity,client_3_cosine_similarity,client_4_cosine_similarity,client_5_cosine_similarity,client_6_cosine_similarity,client_7_cosine_similarity,client_8_cosine_similarity,client_9_cosine_similarity,client_10_cosine_similarity,client_11_cosine_similarity
0,0,2.290751304770961,0.13582913366930646,4167,2.298427547727312,0.15467625899280577,834,2.297470563574682,0.1451,0.9793939914550087,0.0836527423846399,,,0.8933572376530143,,0.8934082619530953,0.1065917380469047,0,0.14634551157080675,10,0.025,0.15,1.0,0.9360481220120482,0.9552939338256186,0.9530402136684651,0.9541587998090479,0.9411726660750828,0.9655213132073154,0.9505480566036689,0.9588910301344087,0.9466365342800631,0.9521570692863499,0.953127584600513
0,1,2.2917615630409935,0.15831533477321813,4167,2.296994686126709,0.15587529976019185,834,2.297498238237598,0.1446,0.9693438063976688,0.08279432835631753,,,0.6689326100077233,,0.6689689887937152,0.33103101120628475,0,0.14616653007837185,10,0.025,0.15,0.9360481220120482,1.0,0.931383064772239,0.9446938562866578,0.941405735719796,0.9439578214537535,0.9277728058019322,0.9179981243656188,0.944512865266501,0.9602317537975841,0.9464712632177944,0.9544620213116428
0,2,2.290125675634904,0.1431725461963043,4167,2.2981880392347063,0.12470023980815348,834,2.2974712818483765,0.1451,0.9778704274514334,0.08352261058047368,,,0.8593354477809513,,0.8593850571867109,0.14061494281328912,0,0.1463416386197682,10,0.025,0.15,0.9552939338256186,0.931383064772239,1.0,0.963901924040661,0.9475530189198821,0.9396953207627355,0.9460146476400022,0.9711609279156529,0.9455792657412515,0.9203307562332725,0.9624605541137833,0.9653815804676399
0,3,2.288014068025531,0.16299496040316774,4167,2.2999729088374545,0.1342925659472422,834,2.2974689157703256,0.1451,0.9811298132464059,0.08380100371195892,,,0.9321188283073449,,0.9321516396824611,0.06784836031753894,0,0.1463473808183432,10,0.025,0.15,0.9530402136684651,0.9446938562866578,0.963901924040661,1.0,0.9522843685391219,0.9470916815638413,0.9343641245791459,0.9648483668544359,0.961267270332577,0.9389499257629155,0.9657821394712407,0.9606963727287681
0,4,2.2876834761012685,0.14847612191024717,4167,2.2986036709376743,0.1404561824729892,833,2.2974708714062655,0.1451,0.9786615488551541,0.08359018244180612,,,0.8770015032256284,,0.8770526975953524,0.12294730240464757,0,0.14634444568550448,10,0.025,0.15,0.9541587998090479,0.941405735719796,0.9475530189198821,0.9522843685391219,1.0,0.9275455149004388,0.9501570531603942,0.947377928514713,0.968147287026248,0.937413475022126,0.9632627694867734,0.9687211405239115
0,5,2.2887133995691937,0.16316294696424286,4167,2.2935350963047574,0.1452581032412965,833,2.297513065458853,0.1445,0.9670180088578524,0.08259567557292845,,,0.6169966263543285,,0.6170388341502864,0.3829611658497136,0,0.14605242969024976,10,0.025,0.15,0.9411726660750828,0.9439578214537535,0.9396953207627355,0.9470916815638413,0.9275455149004388,1.0,0.9108024929483031,0.9331916464526855,0.9433910809974023,0.9480725781750615,0.9436633675114794,0.9431187721517046
0,6,2.2905857786987767,0.143364530837533,4167,2.2966109343937466,0.16326530612244897,833,2.2975160230564167,0.1445,0.9667323225543148,0.0825712743177021,,,0.6106171376256166,,0.6106599990097539,0.3893400009902461,0,0.1460369355329005,10,0.025,0.15,0.9655213132073154,0.9277728058019322,0.9460146476400022,0.9343641245791459,0.9501570531603942,0.9108024929483031,1.0,0.9380743954695839,0.9394023043798413,0.9198349242247098,0.935588714794114,0.950817847040759
0,7,2.2883933833151153,0.13546916246700264,4167,2.295133658817836,0.16566626650660263,833,2.297479249254058,0.145,0.9740118343683682,0.08319303750165045,,,0.7731715303047128,,0.7732006403591293,0.22679935964087072,0,0.14629945202951086,10,0.025,0.15,0.9505480566036689,0.9179981243656188,0.9711609279156529,0.9648483668544359,0.947377928514713,0.9331916464526855,0.9380743954695839,1.0,0.9607991632751733,0.9068432462587517,0.9537185073727692,0.9590192058589696
0,8,2.2878404480038266,0.15175228036485838,4166,2.298708370753697,0.15846338535414164,833,2.297468958021719,0.1451,0.9807951946244678,0.08377242301244238,,,0.9246466614563704,,0.9246835338581637,0.07531646614183629,0,0.14634723433916713,10,0.025,0.15,0.9588910301344087,0.944512865266501,0.9455792657412515,0.961267270332577,0.968147287026248,0.9433910809974023,0.9394023043798413,0.9607991632751733,1.0,0.9455418407616416,0.9574397614177677,0.9580392607081136
0,9,2.2863245205445724,0.14457513202112338,4166,2.300015619822911,0.11764705882352941,833,2.2975218386589726,0.1445,0.9662568658317784,0.0825306642475236,,,0.6,,0.6000148536911423,0.39998514630885773,0,0.14597237038793268,10,0.025,0.15,0.9466365342800631,0.9602317537975841,0.9203307562332725,0.9389499257629155,0.937413475022126,0.9480725781750615,0.9198349242247098,0.9068432462587517,0.9455418407616416,1.0,0.9509435661351806,0.9380072005603047
0,10,2.2876248930439806,0.16401824291886702,4166,2.2970820495060513,0.14285714285714285,833,2.2974687980700144,0.145,0.9824692857896893,0.08391541175670107,,,0.9620297826880211,,0.9620653232328233,0.037934676767176656,0,0.1463480659471283,10,0.025,0.15,0.9521570692863499,0.9464712632177944,0.9624605541137833,0.9657821394712407,0.9632627694867734,0.9436633675114794,0.935588714794114,0.9537185073727692,0.9574397614177677,0.9509435661351806,1.0,0.9711262925645746
0,11,2.288412035595287,0.15849735957753242,4166,2.297928367342268,0.13445378151260504,833,2.2974687497827073,0.145,0.9841696682834875,0.08406064611585591,,,0.9999999997385589,,1.0,0.0,0,0.14634812203679123,10,0.025,0.15,0.953127584600513,0.9544620213116428,0.9653815804676399,0.9606963727287681,0.9687211405239115,0.9431187721517046,0.950817847040759,0.9590192058589696,0.9580392607081136,0.9380072005603047,0.9711262925645746,1.0
1,0,2.185170917077498,0.20962323014158868,4167,2.286435978753226,0.18944844124700239,834,2.2864214408246775,0.1739,0.99123789141517,0.08367354114786793,,,0.9338827505402676,,0.9339175785182617,0.06608242148173826,0.845913268484326,0.14802301343843732,10,0.025,0.15,1.0,0.977834480610209,0.9757578083886952,0.9756996357604766,0.980437784847157,0.9807519078876272,0.9775513749060256,0.9663419890972307,0.9745696472989898,0.9724143861056205,0.9761686567630753,0.9804594442484972
1,1,2.1872505780422324,0.21159107271418287,4167,2.2869509288242886,0.18585131894484413,834,2.2864913970609253,0.1739,0.9865559639875018,0.08299291241298257,,,0.6977575960356464,,0.6978016537109472,0.30219834628905284,0.8454438591930531,0.14795093712825705,10,0.025,0.15,0.977834480610209,1.0,0.9643560945922726,0.9732961537184511,0.9730702209392728,0.977786726966253,0.9665951993775539,0.956773511135003,0.9748209326219404,0.9716196364502858,0.9758915420383125,0.9707256459645263
1,2,2.188473032098828,0.20319174466042716,4167,2.2879410471235,0.1474820143884892,834,2.2864230312878573,0.1739,0.9854741342396504,0.08340649221325962,,,0.8412375715862773,,0.8412635539931673,0.15873644600683268,0.8459074288317192,0.148017929017065,10,0.025,0.15,0.9757578083886952,0.9643560945922726,1.0,0.9723923190970977,0.971885114585912,0.9706427918117354,0.9722598761876375,0.9685400030412031,0.9666473267092768,0.9602643017508417,0.9727015581757412,0.9741516930733405
1,3,2.1703700069225196,0.2195344372450204,4167,2.288061959402902,0.16666666666666666,834,2.2864197175714036,0.1739,0.9888039636869558,0.08368596058773256,,,0.9381913287806363,,0.9382334010001485,0.061766598999851485,0.8457942465489793,0.1480230931237367,10,0.025,0.15,0.9756996357604766,0.9732961537184511,0.9723923190970977,1.0,0.9744538261688295,0.9748866154850417,0.9714544405882319,0.9636741105835958,0.9775151642525736,0.9748483457993197,0.9743654089036773,0.976475476410835
1,4,2.1658576000820506,0.21571874250059994,4167,2.2875347478049144,0.16806722689075632,833,2.2864214589324177,0.1739,0.9877293154909476,0.08352124071094834,,,0.8810463621312227,,0.8810962024062979,0.11890379759370207,0.8459697320080061,0.1480214135430992,10,0.025,0.15,0.980437784847157,0.9730702209392728,0.971885114585912,0.9744538261688295,1.0,0.9753311686546522,0.9733482415501971,0.9603683358707554,0.9751350430064003,0.9625617648768005,0.9759514241615096,0.973761385630921
1,5,2.185573131387884,0.21183105351571874,4167,2.2820355210985457,0.18847539015606243,833,2.286530582210686,0.1741,0.9892710644874735,0.08295856605635653,,,0.6858420856416279,,0.6858774405439751,0.31412255945602485,0.8453755309619886,0.1479258144447653,10,0.025,0.15,0.9807519078876272,0.977786726966253,0.9706427918117354,0.9748866154850417,0.9753311686546522,1.0,0.9727965207453421,0.9643376008776616,0.9734256424692062,0.972196797602086,0.9749917073527993,0.9778128996975576
1,6,2.1815790071631924,0.21295896328293737,4167,2.285191229411534,0.18247298919567828,833,2.2865419146380845,0.1742,0.9863065272507245,0.08284741286255218,,,0.6472805854940402,,0.6473156079285702,0.35268439207142976,0.8454551622540656,0.14788635634594427,10,0.025,0.15,0.9775513749060256,0.9665951993775539,0.9722598761876375,0.9714544405882319,0.9733482415501971,0.9727965207453421,1.0,0.9639074105810552,0.9686422916159834,0.965039286945658,0.971755392023421,0.9764641545090809
1,7,2.1832618940960278,0.21197504199664027,4167,2.284198522567749,0.1908763505402161,833,2.2864584017403518,0.174,0.9788763347995678,0.08298953532304162,,,0.6965860088792278,,0.6966298625208365,0.3033701374791635,0.8453026068726828,0.14794998249560426,10,0.025,0.15,0.9663419890972307,0.956773511135003,0.9685400030412031,0.9636741105835958,0.9603683358707554,0.9643376008776616,0.9639074105810552,1.0,0.9609950757583268,0.9505794829203729,0.964139742036275,0.9718911012598099
1,8,2.1717283288637796,0.2199951992318771,4166,2.287163257598877,0.17767106842737096,833,2.286419611942919,0.1739,0.9871972819087962,0.08361625916773271,,,0.9140103653227429,,0.9140466405901867,0.0859533594098133,0.845801825247891,0.1480226514354179,10,0.025,0.15,0.9745696472989898,0.9748209326219404,0.9666473267092768,0.9775151642525736,0.9751350430064003,0.9734256424692062,0.9686422916159834,0.9609950757583268,1.0,0.9733283721007779,0.9738277393545599,0.9711534118159323
1,9,2.1643951556899332,0.21881901104176668,4166,2.289267199380057,0.15726290516206481,833,2.2865662001356295,0.1744,0.9828748209246395,0.0827111269799364,,,0.6,,0.6000148536911423,0.39998514630885773,0.8447842844299566,0.14776325358330988,10,0.025,0.15,0.9724143861056205,0.9716196364502858,0.9602643017508417,0.9748483457993197,0.9625617648768005,0.972196797602086,0.965039286945658,0.9505794829203729,0.9733283721007779,1.0,0.9671460878953783,0.9693306105051752
1,10,2.1751305078015184,0.20789726356216995,4166,2.2859393869127547,0.1788715486194478,833,2.2864197537868836,0.1739,0.9880757151202213,0.08373282898560565,,,0.9544510121027499,,0.9544899407502765,0.04551005924972351,0.8457862821844826,0.14802323173589113,10,0.025,0.15,0.9761686567630753,0.9758915420383125,0.9727015581757412,0.9743654089036773,0.9759514241615096,0.9749917073527993,0.971755392023421,0.964139742036275,0.9738277393545599,0.9671460878953783,1.0,0.9734490145314104
1,11,2.1778322707523,0.21781084973595774,4166,2.2874296392713274,0.15726290516206481,833,2.286419645140443,0.1739,0.9893656189351892,0.08386412355198393,,,0.999999999653078,,1.0,0.0,0.8457864307400579,0.1480233179489814,10,0.025,0.15,0.9804594442484972,0.9707256459645263,0.9741516930733405,0.976475476410835,0.973761385630921,0.9778128996975576,0.9764641545090809,0.9718911012598099,0.9711534118159323,0.9693306105051752,0.9734490145314104,1.0
2,0,2.099365861126871,0.24276457883369332,4167,2.2681149755205428,0.2014388489208633,834,2.269255843343614,0.1902,0.988644013478698,0.08367118428290489,,,1.0,,1.0,0.0,0.961390224657677,0.14770547560235567,10,0.025,0.15,1.0,0.9724681707203047,0.971780595676253,0.9728110262372731,0.9736540172081214,0.9728403028938726,0.9697846544207961,0.9647133475097402,0.973355511383592,0.9669723139900922,0.9701582172299744,0.9735110607129187
2,1,2.1000784841450777,0.24310055195584354,4167,2.2712526662009105,0.20863309352517986,834,2.2693589035468764,0.1911,0.9838940038376615,0.08309739958262252,,,1.0,,1.0,0.0,0.96086426891311,0.14770547560235567,10,0.025,0.15,0.9724681707203047,1.0,0.9615763339460064,0.9669437085890024,0.9639269803952981,0.9711821662342377,0.9617666348414954,0.9605792244994688,0.9691238426197143,0.9647065819263382,0.9692894410378403,0.9646254708396239
2,2,2.106406367186344,0.23491720662347013,4167,2.271968126296997,0.15227817745803357,834,2.2692584116247634,0.1902,0.9842943710120493,0.08336538657107963,,,1.0,,1.0,0.0,0.9613273520998328,0.14770547560235567,10,0.025,0.15,0.971780595676253,0.9615763339460064,1.0,0.9695229637503274,0.9696963646381355,0.964886195547501,0.9638954726911616,0.9664082247032642,0.9668166794557751,0.9588287897638773,0.9686359913471166,0.9686098949755303
2,3,2.082856449213895,0.24972402207823374,4167,2.2698721204485213,0.18944844124700239,834,2.2692541532878634,0.1904,0.9865180914892442,0.0836098547598131,,,1.0,,1.0,0.0,0.9613930851133284,0.14770547560235567,10,0.025,0.15,0.9728110262372731,0.9669437085890024,0.9695229637503274,1.0,0.969225060765983,0.9707771775727678,0.9689621769442321,0.9622513664661342,0.9709054089452865,0.9677341327094222,0.966920586047182,0.9708821756115247
2,4,2.081475594549468,0.2462922966162707,4167,2.2702607767922536,0.18487394957983194,833,2.269255855415441,0.1902,0.9852631485363887,0.08346757252135871,,,1.0,,1.0,0.0,0.9613428505360376,0.14770547560235567,10,0.025,0.15,0.9736540172081214,0.9639269803952981,0.9696963646381355,0.969225060765983,1.0,0.9724291778745492,0.9692296516287295,0.9625773997082964,0.9690805429099641,0.9568786940929929,0.9676539198340369,0.9677518326836415
2,5,2.100977593840975,0.24468442524598033,4167,2.2644288539886475,0.20528211284513806,833,2.2694211639935458,0.1907,0.9869142461767639,0.08317423090212425,,,1.0,,1.0,0.0,0.9607159640181345,0.14770547560235567,10,0.025,0.15,0.9728403028938726,0.9711821662342377,0.964886195547501,0.9707771775727678,0.9724291778745492,1.0,0.9701142181424647,0.9640354141611478,0.970613217246158,0.9672458420654367,0.9676178500488991,0.9701571758610128
2,6,2.0979415940515924,0.24000479961603072,4167,2.26722890990121,0.19207683073229292,833,2.269438260718237,0.1907,0.9840189881705221,0.08301174679405526,,,1.0,,1.0,0.0,0.9603243583465094,0.14770547560235567,10,0.025,0.15,0.9697846544207961,0.9617666348414954,0.9638954726911616,0.9689621769442321,0.9692296516287295,0.9701142181424647,1.0,0.9606993483376193,0.9644304581817764,0.9627980488417686,0.9674020506310038,0.9686188764092587
2,7,2.1032186833294957,0.24852411807055436,4167,2.267064094543457,0.21008403361344538,833,2.269306394118297,0.1904,0.9804844616071777,0.08298467676283243,,,1.0,,1.0,0.0,0.960866606123978,0.14770547560235567,10,0.025,0.15,0.9647133475097402,0.9605792244994688,0.9664082247032642,0.9622513664661342,0.9625773997082964,0.9640354141611478,0.9606993483376193,1.0,0.9614200726780867,0.9528351058463329,0.964671151101004,0.9656757740888754
2,8,2.083082371408289,0.2513682189150264,4166,2.2696520260402133,0.1908763505402161,833,2.2692539631565913,0.1904,0.9853709598032788,0.0835296551935615,,,1.0,,1.0,0.0,0.9613865050732876,0.14770547560235567,10,0.025,0.15,0.973355511383592,0.9691238426197143,0.9668166794557751,0.9709054089452865,0.9690805429099641,0.970613217246158,0.9644304581817764,0.9614200726780867,1.0,0.9655617693691754,0.968211394813969,0.9638871506689889
2,9,2.0757074894327108,0.2544167066730677,4166,2.2725246974400113,0.17406962785114047,833,2.2694756743274156,0.1907,0.9805562397636608,0.08281535175345776,,,1.0,,1.0,0.0,0.9594112282036747,0.14770547560235567,10,0.025,0.15,0.9669723139900922,0.9647065819263382,0.9588287897638773,0.9677341327094222,0.9568786940929929,0.9672458420654367,0.9627980488417686,0.9528351058463329,0.9655617693691754,1.0,0.9609283512056012,0.9624376558630922
2,10,2.094227571920915,0.2411185789726356,4166,2.268348455429077,0.20048019207683074,833,2.269254394724399,0.1904,0.9850007519417779,0.08358951361641091,,,1.0,,1.0,0.0,0.9613907838850294,0.14770547560235567,10,0.025,0.15,0.9701582172299744,0.9692894410378403,0.9686359913471166,0.966920586047182,0.9676539198340369,0.9676178500488991,0.9674020506310038,0.964671151101004,0.968211394813969,0.9609283512056012,1.0,0.9674900261294482
2,11,2.097045009063952,0.24380700912145944,4166,2.271017074584961,0.17767106842737096,833,2.2692542800420448,0.1904,0.9854002317772932,0.0836834272597791,,,1.0,,1.0,0.0,0.9613944678681884,0.14770547560235567,10,0.025,0.15,0.9735110607129187,0.9646254708396239,0.9686098949755303,0.9708821756115247,0.9677518326836415,0.9701571758610128,0.9686188764092587,0.9656757740888754,0.9638871506689889,0.9624376558630922,0.9674900261294482,1.0
3,0,2.033976305253578,0.2673866090712743,4167,2.2435870511191234,0.22182254196642687,834,2.24600396578825,0.2171,0.9849471184833403,0.08368090348167352,,,1.0,,1.0,0.0,0.9781311358108744,0.1471014771560693,10,0.025,0.15,1.0,0.964399821239749,0.9610378245121128,0.9634521735887647,0.9627142752735601,0.9643420080355073,0.9607627924790142,0.9594422020957768,0.9656472684434174,0.9614972144791654,0.9623848822120346,0.9651038131403017
3,1,2.0357390429034377,0.26707463402927767,4167,2.2497646808624268,0.21942446043165467,834,2.246143881278702,0.2189,0.9792612131503874,0.08314177910964399,,,1.0,,1.0,0.0,0.9781311358108744,0.1471014771560693,10,0.025,0.15,0.964399821239749,1.0,0.9490071373355934,0.954632243642379,0.9527269025706665,0.9641015672332919,0.9512323371050788,0.9552049618077086,0.9599125878344879,0.9575666377863024,0.9602262777872459,0.9551391117935182
3,2,2.0431688124483283,0.260883129349652,4167,2.2502587182181224,0.20023980815347722,834,2.246007683910901,0.2171,0.9785046556388131,0.08328267828642197,,,1.0,,1.0,0.0,0.9781311358108744,0.1471014771560693,10,0.025,0.15,0.9610378245121128,0.9490071373355934,1.0,0.9591917275179952,0.9574682881070701,0.9535662532916607,0.9518854339123956,0.9570715376313094,0.9567513693373033,0.9538451482575513,0.9572083435230657,0.9580118803308074
3,3,2.0200624372019913,0.27079433645308376,4167,2.245434726987566,0.21103117505995203,834,2.2460021037089675,0.2172,0.9817049687884611,0.08353765721675328,,,1.0,,1.0,0.0,0.9781311358108744,0.1471014771560693,10,0.025,0.15,0.9634521735887647,0.954632243642379,0.9591917275179952,1.0,0.9601279675214984,0.9614929107901502,0.9591413705475276,0.9551316386492302,0.9619212393868979,0.9595110897803262,0.958480958585723,0.9595530972549591
3,4,2.021867641174432,0.26779457643388527,4167,2.246776921408517,0.2064825930372149,833,2.246004074434691,0.2171,0.9805607523930969,0.0834126061706968,,,1.0,,1.0,0.0,0.9781311358108744,0.1471014771560693,10,0.025,0.15,0.9627142752735601,0.9527269025706665,0.9574682881070701,0.9601279675214984,1.0,0.9646140521998188,0.9587059623251245,0.95276861895817,0.9611104777639918,0.9526453712632643,0.9588143685405507,0.9575024095385501
3,5,2.0383868903824776,0.26829853611711063,4167,2.240844658442906,0.234093637454982,833,2.2462269022494934,0.2188,0.9830996754460034,0.08331397898875148,,,1.0,,1.0,0.0,0.9781311358108744,0.1471014771560693,10,0.025,0.15,0.9643420080355073,0.9641015672332919,0.9535662532916607,0.9614929107901502,0.9646140521998188,1.0,0.9614822641396716,0.9562292074645085,0.964017815849535,0.9604199337245056,0.9581334370759043,0.9608793073768203
3,6,2.0337144114754415,0.26443484521238303,4167,2.2428397791726247,0.22569027611044418,833,2.2462504242039936,0.2186,0.9793278523794072,0.08309105236854046,,,1.0,,1.0,0.0,0.9781311358108744,0.1471014771560693,10,0.025,0.15,0.9607627924790142,0.9512323371050788,0.9518854339123956,0.9591413705475276,0.9587059623251245,0.9614822641396716,1.0,0.9538715734547842,0.9574566794755,0.9568357018480697,0.9580119970998189,0.9555824690318181
3,7,2.037730479962898,0.27194624430045594,4167,2.2439499582563127,0.23529411764705882,833,2.2460706596133075,0.218,0.9777915402217255,0.08302440395767682,,,1.0,,1.0,0.0,0.9781311358108744,0.1471014771560693,10,0.025,0.15,0.9594422020957768,0.9552049618077086,0.9570715376313094,0.9551316386492302,0.95276861895817,0.9562292074645085,0.9538715734547842,1.0,0.9544335213680312,0.9470697792152928,0.9575001767795785,0.9581455163321044
3,8,2.0201700766881308,0.27153144503120497,4166,2.24615284374782,0.21968787515006002,833,2.2460019015058688,0.2172,0.9822361075987028,0.08350539477536525,,,1.0,,1.0,0.0,0.9781311358108744,0.1471014771560693,10,0.025,0.15,0.9656472684434174,0.9599125878344879,0.9567513693373033,0.9619212393868979,0.9611104777639918,0.964017815849535,0.9574566794755,0.9544335213680312,1.0,0.960947371399648,0.9617979435307753,0.9549461801889408
3,9,2.0106648405392966,0.2780604896783485,4166,2.249920504433768,0.19447779111644659,833,2.246298035488853,0.2174,0.9789491690856047,0.08295746617005739,,,1.0,,1.0,0.0,0.9781311358108744,0.1471014771560693,10,0.025,0.15,0.9614972144791654,0.9575666377863024,0.9538451482575513,0.9595110897803262,0.9526453712632643,0.9604199337245056,0.9568357018480697,0.9470697792152928,0.960947371399648,1.0,0.9565567998294163,0.9537152209834153
3,10,2.0330881212696883,0.2628660585693711,4166,2.244345154081072,0.23529411764705882,833,2.246002535276775,0.2172,0.9812862194300032,0.0835114862164449,,,1.0,,1.0,0.0,0.9781311358108744,0.1471014771560693,10,0.025,0.15,0.9623848822120346,0.9602262777872459,0.9572083435230657,0.958480958585723,0.9588143685405507,0.9581334370759043,0.9580119970998189,0.9575001767795785,0.9617979435307753,0.9565567998294163,1.0,0.9586115335622641
3,11,2.0341016975316135,0.26639462313970236,4166,2.2484813077109203,0.20768307322929172,833,2.246002396450767,0.2172,0.9803974276012288,0.08354059325797428,,,1.0,,1.0,0.0,0.9781311358108744,0.1471014771560693,10,0.025,0.15,0.9651038131403017,0.9551391117935182,0.9580118803308074,0.9595530972549591,0.9575024095385501,0.9608793073768203,0.9555824690318181,0.9581455163321044,0.9549461801889408,0.9537152209834153,0.9586115335622641,1.0
4,0,1.9811743971073266,0.28581713462922964,4167,2.2129966531481062,0.2446043165467626,834,2.217055574248109,0.2399,0.980125776421702,0.08367268023151826,,,1.0,,1.0,0.0,0.9858317620715535,0.14644652447484385,10,0.025,0.15,1.0,0.9545703983163314,0.9493754567338432,0.9541663157076646,0.9518433807095279,0.9525035361118729,0.9492471501863626,0.950818303579432,0.9573971840878814,0.953409435757343,0.9528036718191344,0.9565151126191169
4,1,1.98609359553366,0.2844252459803216,4167,2.223071370806013,0.2422062350119904,834,2.2172321699842623,0.2406,0.9740048371681312,0.0831399131102428,,,1.0,,1.0,0.0,0.9858317620715535,0.14644652447484385,10,0.025,0.15,0.9545703983163314,1.0,0.9383192607865314,0.9423364407727672,0.9410300685067992,0.9549452833932294,0.9369170278794533,0.9484278419088658,0.9504006411983019,0.9499861893617764,0.9491752320213843,0.9451477071267895
4,2,1.9937893040252455,0.2800095992320614,4167,2.2227438177381242,0.2290167865707434,834,2.2170605719844,0.2399,0.9722548646646635,0.08317009678104847,,,1.0,,1.0,0.0,0.9858317620715535,0.14644652447484385,10,0.025,0.15,0.9493754567338432,0.9383192607865314,1.0,0.9456346944651614,0.94493408017119,0.9415964781902912,0.938880287711784,0.9484420731104143,0.9470169089061184,0.9449305660653796,0.9452185193266741,0.9463035811496797
4,3,1.968713478608565,0.2914086873050156,4167,2.2148662294660295,0.23741007194244604,834,2.2170536397378657,0.2399,0.977328475974653,0.08349300066117413,,,1.0,,1.0,0.0,0.9858317620715535,0.14644652447484385,10,0.025,0.15,0.9541663157076646,0.9423364407727672,0.9456346944651614,1.0,0.9515254056017362,0.9527792439231537,0.9493223323385266,0.9474256829467891,0.9547699105875975,0.9520086094585708,0.949509153550267,0.9504573766219345
4,4,1.9740830851323676,0.2832253419726422,4167,2.217341899871826,0.22929171668667467,833,2.2170559243310857,0.2399,0.9764079974575188,0.08338567929263804,,,1.0,,1.0,0.0,0.9858317620715535,0.14644652447484385,10,0.025,0.15,0.9518433807095279,0.9410300685067992,0.94493408017119,0.9515254056017362,1.0,0.9553293794514134,0.9474471344559524,0.9459222001108407,0.9527310881201541,0.9481182383484262,0.9505836368063453,0.9497412021869807
4,5,1.98649530916503,0.28932085433165344,4167,2.2118094989231656,0.24969987995198079,833,2.2173338238197036,0.2406,0.9787127799269713,0.08339970685339876,,,1.0,,1.0,0.0,0.9858317620715535,0.14644652447484385,10,0.025,0.15,0.9525035361118729,0.9549452833932294,0.9415964781902912,0.9527792439231537,0.9553293794514134,1.0,0.9493170264310358,0.9501686468036074,0.9554922283373282,0.9520191476236276,0.9492114350280912,0.9529506180939601
4,6,1.9860346226981191,0.2814254859611231,4167,2.212655237742833,0.25090036014405764,833,2.2173638555068003,0.2404,0.9729740504637119,0.0830749757544666,,,1.0,,1.0,0.0,0.9858317620715535,0.14644652447484385,10,0.025,0.15,0.9492471501863626,0.9369170278794533,0.938880287711784,0.9493223323385266,0.9474471344559524,0.9493170264310358,1.0,0.9435347361676001,0.9450516838872949,0.9482286896025951,0.9478704314096413,0.9433917237631956
4,7,1.987018257560152,0.2906407487401008,4167,2.2152299540383473,0.2605042016806723,833,2.2171395458752596,0.2401,0.9752201937429094,0.08310687553978466,,,1.0,,1.0,0.0,0.9858317620715535,0.14644652447484385,10,0.025,0.15,0.950818303579432,0.9484278419088658,0.9484420731104143,0.9474256829467891,0.9459222001108407,0.9501686468036074,0.9435347361676001,1.0,0.9482929800049282,0.9415253975207861,0.9496431381068553,0.9513391047081547
4,8,1.966368285814921,0.2927028324531925,4166,2.217089448656355,0.2388955582232893,833,2.217053395283373,0.2399,0.9784875873067674,0.0835107806685018,,,1.0,,1.0,0.0,0.9858317620715535,0.14644652447484385,10,0.025,0.15,0.9573971840878814,0.9504006411983019,0.9470169089061184,0.9547699105875975,0.9527310881201541,0.9554922283373282,0.9450516838872949,0.9482929800049282,1.0,0.9522253164477694,0.9537405373871667,0.9464122029341644
4,9,1.96090632351962,0.2953912626020163,4166,2.2218891893114363,0.21968787515006002,833,2.2174219934246207,0.2405,0.9764379836528944,0.08310511656646279,,,1.0,,1.0,0.0,0.9858317620715535,0.14644652447484385,10,0.025,0.15,0.953409435757343,0.9499861893617764,0.9449305660653796,0.9520086094585708,0.9481182383484262,0.9520191476236276,0.9482286896025951,0.9415253975207861,0.9522253164477694,1.0,0.9500308914758534,0.9473642094799474
4,10,1.9829307086539991,0.2820931349015843,4166,2.2145123141152516,0.2533013205282113,833,2.2170543187781226,0.24,0.9772072335054043,0.0834728646409369,,,1.0,,1.0,0.0,0.9858317620715535,0.14644652447484385,10,0.025,0.15,0.9528036718191344,0.9491752320213843,0.9452185193266741,0.949509153550267,0.9505836368063453,0.9492114350280912,0.9478704314096413,0.9496431381068553,0.9537405373871667,0.9500308914758534,1.0,0.9507615973889677
4,11,1.9861231970064568,0.2824051848295727,4166,2.220223767416818,0.22809123649459784,833,2.217054146754591,0.24,0.9765142977637903,0.08346830989982683,,,1.0,,1.0,0.0,0.9858317620715535,0.14644652447484385,10,0.025,0.15,0.9565151126191169,0.9451477071267895,0.9463035811496797,0.9504573766219345,0.9497412021869807,0.9529506180939601,0.9433917237631956,0.9513391047081547,0.9464122029341644,0.9473642094799474,0.9507615973889677,1.0
5,0,1.9410068797342706,0.30184785217182625,4167,2.1781892435891286,0.2673860911270983,834,2.1836803412135644,0.2605,0.9765066023769658,0.08367428260815285,,,1.0,,1.0,0.0,0.9890646891537964,0.1458752731469861,10,0.025,0.15,1.0,0.9458915575523731,0.9442320884819825,0.9459866859255787,0.9440271085545452,0.9443450816690263,0.9411451730631926,0.9446204746993593,0.9491724101171155,0.9449244368651777,0.9424487039224491,0.948811695909561
5,1,1.944859181028424,0.2983921286297096,4167,2.1918933732169017,0.2529976019184652,834,2.1838960557044307,0.2613,0.9704605630600099,0.08314710191811714,,,1.0,,1.0,0.0,0.9890646891537964,0.1458752731469861,10,0.025,0.15,0.9458915575523731,1.0,0.9282351057976542,0.9357971675339256,0.9323146915158154,0.9507151661937393,0.9284082707805084,0.939832153287405,0.9419719786701684,0.9435618356777096,0.9411573166784539,0.9374787794857139
5,2,1.9498776294968345,0.29832013438924887,4167,2.1907429354531422,0.2589928057553957,834,2.1836873519269724,0.2605,0.9689976135378437,0.08311810091649088,,,1.0,,1.0,0.0,0.9890646891537964,0.1458752731469861,10,0.025,0.15,0.9442320884819825,0.9282351057976542,1.0,0.940223156954695,0.9390976432682315,0.9320363362673898,0.9306256044540634,0.9425915638614958,0.9422130982300784,0.93860581104754,0.9334262144549595,0.9370016526602795
5,3,1.928002857800686,0.30367170626349893,4167,2.1799729210989818,0.2517985611510791,834,2.1836783433262306,0.2603,0.9735777271751919,0.08346747485585322,,,1.0,,1.0,0.0,0.9890646891537964,0.1458752731469861,10,0.025,0.15,0.9459866859255787,0.9357971675339256,0.940223156954695,1.0,0.9422914248633983,0.944831968751843,0.9384780816354713,0.9406216353049788,0.9486957742896996,0.943239334276083,0.9397761494842586,0.9415633610420697
5,4,1.933903988202413,0.2972402207823374,4167,2.183279718671526,0.26410564225690275,833,2.1836811530439157,0.2605,0.9725061559969269,0.08336605064723122,,,1.0,,1.0,0.0,0.9890646891537964,0.1458752731469861,10,0.025,0.15,0.9440271085545452,0.9323146915158154,0.9390976432682315,0.9422914248633983,1.0,0.9474604255807638,0.9372016129126736,0.9376573778444838,0.9468906785783537,0.9409885199466544,0.941820974372426,0.9393048445973311
5,5,1.9418793913089867,0.3055195584353252,4167,2.1785554545266286,0.2773109243697479,833,2.1840118335772165,0.2613,0.9755280092485543,0.08347326878849197,,,1.0,,1.0,0.0,0.9890646891537964,0.1458752731469861,10,0.025,0.15,0.9443450816690263,0.9507151661937393,0.9320363362673898,0.944831968751843,0.9474604255807638,1.0,0.9406264963131904,0.9447345492893109,0.9492054796396721,0.9435921390524057,0.9416172131792583,0.9451922662688222
5,6,1.9464349699742867,0.2957043436525078,4167,2.177839824131557,0.26770708283313327,833,2.1840486254873155,0.2612,0.9677841777019951,0.08301960927829288,,,1.0,,1.0,0.0,0.9890646891537964,0.1458752731469861,10,0.025,0.15,0.9411451730631926,0.9284082707805084,0.9306256044540634,0.9384780816354713,0.9372016129126736,0.9406264963131904,1.0,0.9338765343416671,0.9379734554344511,0.9387360256362225,0.9344858748846416,0.9326511506698496
5,7,1.9444176825610073,0.30717542596592273,4167,2.1820807797568187,0.27611044417767105,833,2.183786621576623,0.2609,0.9719626657924405,0.0831756115307929,,,1.0,,1.0,0.0,0.9890646891537964,0.1458752731469861,10,0.025,0.15,0.9446204746993593,0.939832153287405,0.9425915638614958,0.9406216353049788,0.9376573778444838,0.9447345492893109,0.9338765343416671,1.0,0.9433641075494689,0.9332358960333511,0.9393920823633478,0.9429962631974059
5,8,1.9252109332518144,0.30691310609697553,4166,2.183959756578718,0.25930372148859543,833,2.183678129051305,0.2603,0.9762081579867856,0.08356425523074085,,,1.0,,1.0,0.0,0.9890646891537964,0.1458752731469861,10,0.025,0.15,0.9491724101171155,0.9419719786701684,0.9422130982300784,0.9486957742896996,0.9468906785783537,0.9492054796396721,0.9379734554344511,0.9433641075494689,1.0,0.9469571874373701,0.9457313154726402,0.9400229739693491
5,9,1.9179956306110728,0.30907345175228035,4166,2.1895524774278914,0.23529411764705882,833,2.184113475340831,0.2604,0.972514515302312,0.08319251500540661,,,1.0,,1.0,0.0,0.9890646891537964,0.1458752731469861,10,0.025,0.15,0.9449244368651777,0.9435618356777096,0.93860581104754,0.943239334276083,0.9409885199466544,0.9435921390524057,0.9387360256362225,0.9332358960333511,0.9469571874373701,1.0,0.9380889703186156,0.9374459872424873
5,10,1.9418636043866475,0.29968795007201154,4166,2.1798215253012523,0.2689075630252101,833,2.183679306054417,0.2604,0.971766189850915,0.08339593510903141,,,1.0,,1.0,0.0,0.9890646891537964,0.1458752731469861,10,0.025,0.15,0.9424487039224491,0.9411573166784539,0.9334262144549595,0.9397761494842586,0.941820974372426,0.9416172131792583,0.9344858748846416,0.9393920823633478,0.9457313154726402,0.9380889703186156,1.0,0.9424252797903806
5,11,1.9415492661071547,0.30019203072491596,4166,2.1874891349247525,0.25090036014405764,833,2.1836791038513184,0.2604,0.9721551052140073,0.08340579411139802,,,1.0,,1.0,0.0,0.9890646891537964,0.1458752731469861,10,0.025,0.15,0.948811695909561,0.9374787794857139,0.9370016526602795,0.9415633610420697,0.9393048445973311,0.9451922662688222,0.9326511506698496,0.9429962631974059,0.9400229739693491,0.9374459872424873,0.9424252797903806,1.0
6,0,1.902952360384392,0.31509479241660665,4167,2.1396003450666154,0.2841726618705036,834,2.1465026879612403,0.2766,0.9728783693921993,0.08366685455110517,,,1.0,,1.0,0.0,0.9912599233997369,0.14537193772074766,10,0.025,0.15,1.0,0.9383895346224835,0.9371354040300343,0.941132481315797,0.9366176094931774,0.9356246020972103,0.9311294057183769,0.9380248664696134,0.9422712278708701,0.9376326338001681,0.9352310326833713,0.940854147976531
6,1,1.9078436334927877,0.3125029997600192,4167,2.157207523073469,0.2697841726618705,834,2.1467541803287555,0.277,0.9673206108019348,0.08315838736836725,,,1.0,,1.0,0.0,0.9912599233997369,0.14537193772074766,10,0.025,0.15,0.9383895346224835,1.0,0.9218709744721373,0.9276518381063934,0.9253739211626781,0.9420695621875975,0.9210750423796951,0.9355470743464854,0.9338799434409405,0.9375177517256447,0.9355272124229416,0.9308593275582516
6,2,1.9137644655776747,0.3104871610271178,4167,2.154653344835554,0.2793764988009592,834,2.1465115848975844,0.2765,0.9657008650054559,0.08308751610279161,,,1.0,,1.0,0.0,0.9912599233997369,0.14537193772074766,10,0.025,0.15,0.9371354040300343,0.9218709744721373,1.0,0.9342053447935609,0.9299948777457507,0.9253216521986942,0.9229108327444934,0.9319969695228455,0.9367483349615162,0.9314018270591395,0.9279026017593027,0.9314712976032213
6,3,1.8922798051978602,0.313678905687545,4167,2.1408680847712924,0.27218225419664266,834,2.1465004848528513,0.2766,0.9708880263305051,0.08347358813089653,,,1.0,,1.0,0.0,0.9912599233997369,0.14537193772074766,10,0.025,0.15,0.941132481315797,0.9276518381063934,0.9342053447935609,1.0,0.9356668292010291,0.9375028226470739,0.9319913746553353,0.9354191120113696,0.9415215238786132,0.9365417790260678,0.9348254214381947,0.9345532893672815
6,4,1.8946227648041465,0.3092152627789777,4167,2.1451529434749057,0.27490996398559425,833,2.146503898161876,0.2765,0.9692919369309658,0.0833585641305792,,,1.0,,1.0,0.0,0.9912599233997369,0.14537193772074766,10,0.025,0.15,0.9366176094931774,0.9253739211626781,0.9299948777457507,0.9356668292010291,1.0,0.9402405037839013,0.9285117093403484,0.9312873610188177,0.9409309505897437,0.9348338260218173,0.9355814619031115,0.9334650562753506
6,5,1.8997486717773207,0.3209263258939285,4167,2.141927889415196,0.28331332533013204,833,2.1468824434883986,0.2772,0.9714450718671725,0.08349536864116054,,,1.0,,1.0,0.0,0.9912599233997369,0.14537193772074766,10,0.025,0.15,0.9356246020972103,0.9420695621875975,0.9253216521986942,0.9375028226470739,0.9402405037839013,1.0,0.931720798150304,0.9396494304184354,0.9418952884739412,0.9347328659028946,0.9323073419510035,0.9364540584759361
6,6,1.9106525341669718,0.3088792896568274,4167,2.139273064477103,0.28331332533013204,833,2.1469261012499845,0.2769,0.9634832994287648,0.08295402122155494,,,1.0,,1.0,0.0,0.9912599233997369,0.14537193772074766,10,0.025,0.15,0.9311294057183769,0.9210750423796951,0.9229108327444934,0.9319913746553353,0.9285117093403484,0.931720798150304,1.0,0.9267711954206833,0.9296709504406034,0.9305152008558073,0.9274217598616307,0.9235748660478146
6,7,1.9079757368925847,0.31807055435565157,4167,2.1450906140463695,0.3025210084033613,833,2.1466305135171626,0.2766,0.9692461671583407,0.08323893794114559,,,1.0,,1.0,0.0,0.9912599233997369,0.14537193772074766,10,0.025,0.15,0.9380248664696134,0.9355470743464854,0.9319969695228455,0.9354191120113696,0.9312873610188177,0.9396494304184354,0.9267711954206833,1.0,0.9378104891624532,0.9268545698641935,0.9317864527255636,0.9369932527590145
6,8,1.8869384870384678,0.3186749879980797,4166,2.147530964442662,0.2665066026410564,833,2.1465003641345834,0.2765,0.9728341143110057,0.08359715827543211,,,1.0,,1.0,0.0,0.9912599233997369,0.14537193772074766,10,0.025,0.15,0.9422712278708701,0.9338799434409405,0.9367483349615162,0.9415215238786132,0.9409309505897437,0.9418952884739412,0.9296709504406034,0.9378104891624532,1.0,0.9364143849285321,0.9396502501531621,0.9327829625938354
6,9,1.878497008121375,0.32237157945271244,4166,2.153491871697562,0.24489795918367346,833,2.1469980704633493,0.2768,0.9689869041544904,0.08324095895460422,,,1.0,,1.0,0.0,0.9912599233997369,0.14537193772074766,10,0.025,0.15,0.9376326338001681,0.9375177517256447,0.9314018270591395,0.9365417790260678,0.9348338260218173,0.9347328659028946,0.9305152008558073,0.9268545698641935,0.9364143849285321,1.0,0.932741724218509,0.9299571035634787
6,10,1.9050409678256872,0.3139942390782525,4166,2.14117169380188,0.2893157262905162,833,2.1465017674844478,0.2766,0.9688920553110961,0.08336404649620306,,,1.0,,1.0,0.0,0.9912599233997369,0.14537193772074766,10,0.025,0.15,0.9352310326833713,0.9355272124229416,0.9279026017593027,0.9348254214381947,0.9355814619031115,0.9323073419510035,0.9274217598616307,0.9317864527255636,0.9396502501531621,0.932741724218509,1.0,0.934888472092327
6,11,1.9077854434649149,0.3157465194431109,4166,2.1508800983428955,0.27130852340936373,833,2.1465015351017818,0.2766,0.9687216323579649,0.08336459818616,,,1.0,,1.0,0.0,0.9912599233997369,0.14537193772074766,10,0.025,0.15,0.940854147976531,0.9308593275582516,0.9314712976032213,0.9345532893672815,0.9334650562753506,0.9364540584759361,0.9235748660478146,0.9369932527590145,0.9327829625938354,0.9299571035634787,0.934888472092327,1.0
7,0,1.870619251872554,0.3268058555315575,4167,2.098135301045009,0.3057553956834532,834,2.1064056293873845,0.2979,0.9680819223434323,0.08360327349164502,,,1.0,,1.0,0.0,0.9929441178897827,0.14492481363860346,10,0.025,0.15,1.0,0.9311915080547669,0.9307093049580355,0.933007350152741,0.9282550781580458,0.9251825232944559,0.9235730859443139,0.9293661280337556,0.9322420987670132,0.9328415127698967,0.9244111279557109,0.9328440042669962
7,1,1.8779984084042636,0.3240220782337413,4167,2.1195764541625977,0.290167865707434,834,2.1066890638085862,0.2977,0.9649634023935935,0.08318556321020397,,,1.0,,1.0,0.0,0.9929441178897827,0.14492481363860346,10,0.025,0.15,0.9311915080547669,1.0,0.9162133141400736,0.9217158385420926,0.9198198098356349,0.937687104172852,0.9165780942434689,0.9299646768326852,0.926394204806366,0.9316463998772476,0.9308619962420852,0.9257553357505044
7,2,1.879301977518833,0.3228221742260619,4167,2.115609339305333,0.3117505995203837,834,2.1064169135274766,0.2979,0.9629313577982225,0.08307512956038594,,,1.0,,1.0,0.0,0.9929441178897827,0.14492481363860346,10,0.025,0.15,0.9307093049580355,0.9162133141400736,1.0,0.9290124760520942,0.9227876295772467,0.9192696505839065,0.9172449853807529,0.9267466841787247,0.9294537409489063,0.9266971887612924,0.9215927233916568,0.9246249634114824
7,3,1.8552288795962477,0.3260379169666427,4167,2.0987418379102434,0.302158273381295,834,2.106403260291377,0.2978,0.9685050875560286,0.08349707930688527,,,1.0,,1.0,0.0,0.9929441178897827,0.14492481363860346,10,0.025,0.15,0.933007350152741,0.9217158385420926,0.9290124760520942,1.0,0.9292560863763649,0.9328470535434273,0.9256813738710209,0.9303540301932814,0.9363778252087305,0.9306464972026527,0.9293985320655787,0.93034238827054
