round,client_id,client_i_training_loss,client_i_training_accuracy,client_i_training_dataset_size,client_i_evaluation_loss,client_i_evaluation_accuracy,client_i_evaluation_dataset_size,client_i_central_evaluation_loss,client_i_central_evaluation_accuracy,client_i_cosine_similarity,client_i_importance_coefficient,client_i_tanh_val,tanh_normalization_value,client_i_q,client_i_mask_order,client_i_v_nonzero_fraction,client_i_v_sparsity,client_i_v_cosine_similarity,client_i_reward_gradient_norm,local_epochs,learning_rate,gamma,client_0_cosine_similarity,client_1_cosine_similarity,client_2_cosine_similarity,client_3_cosine_similarity,client_4_cosine_similarity,client_5_cosine_similarity,client_6_cosine_similarity,client_7_cosine_similarity,client_8_cosine_similarity,client_9_cosine_similarity,client_10_cosine_similarity,client_11_cosine_similarity
0,0,2.2966150269363865,0.1339572834173266,4167,2.298201084136963,0.14268585131894485,834,2.2982968801184547,0.1613,0.9543327733037675,0.08238707861867556,,,0.75,,0.7500041260253173,0.2499958739746827,0,0.1447196580028747,10,0.025,0.15,1.0,0.8972745780154223,0.8997870098832275,0.9100084998404929,0.9084023532474756,0.8853917617003338,0.9216208926979415,0.9326125002432607,0.9286926504586369,0.9246106966752569,0.9376670381772025,0.9084653891096565
0,1,2.2939499428777985,0.16181905447564196,4167,2.3020706517355785,0.1498800959232614,834,2.2982962735091585,0.1612,0.955218564356487,0.08246354852429084,,,0.7573246646278716,,0.757364955191365,0.24263504480863496,0,0.14472805800606084,10,0.025,0.15,0.8972745780154223,1.0,0.9266139344666346,0.8774150703420887,0.91964649546465,0.9188946830159284,0.938797093966278,0.8960609915014146,0.9184743884088068,0.9139199662735891,0.9253603108404005,0.9323333785849879
0,2,2.2938087311657993,0.1632829373650108,4167,2.299602133887155,0.1342925659472422,834,2.298288837263856,0.1613,0.966386112266628,0.08342763743896313,,,0.8496698547337627,,0.8497054017923454,0.15029459820765456,0,0.1447824364759081,10,0.025,0.15,0.8997870098832275,0.9266139344666346,1.0,0.9240319139155707,0.8995535579374755,0.9287406793851534,0.9519696422952258,0.9100241620937318,0.9278273750826764,0.9362689325764945,0.9395768559828338,0.9497611522013653
0,3,2.2949615796407064,0.13933285337173026,4167,2.2973222391945973,0.16786570743405277,834,2.298295669917819,0.1612,0.9557282233194295,0.08250754713171926,,,0.7615390682015842,,0.7615735010150022,0.2384264989849978,0,0.14473136515926235,10,0.025,0.15,0.9100084998404929,0.8774150703420887,0.9240319139155707,1.0,0.9198973103011291,0.913439698280597,0.930268822062823,0.9052513652804922,0.9209189213267406,0.9327758375648646,0.9193056022232428,0.9173810917224803
0,4,2.294361356532935,0.13179745620350372,4167,2.294703790119716,0.17647058823529413,833,2.2982889096948167,0.1613,0.9662499467604475,0.08341588233783209,,,0.8485438931838069,,0.8485913749566767,0.1514086250433233,0,0.14478221900271512,10,0.025,0.15,0.9084023532474756,0.91964649546465,0.8995535579374755,0.9198973103011291,1.0,0.9380039212599702,0.9214274900507959,0.9267104682199527,0.9527453749147895,0.9567415032745158,0.9319028186468218,0.9175481016133822
0,5,2.295219628016154,0.16205903527717783,4167,2.298511266708374,0.1788715486194478,833,2.298292893397657,0.1613,0.9602917363948409,0.08290151296946335,,,0.7992750587601641,,0.7993101285669489,0.20068987143305106,0,0.14475542258625035,10,0.025,0.15,0.8853917617003338,0.9188946830159284,0.9287406793851534,0.913439698280597,0.9380039212599702,1.0,0.9215603494229773,0.8885884314680037,0.9393537315729356,0.9351565458393365,0.9141585390758292,0.94027233977379
0,6,2.295065397204775,0.16469882409407247,4167,2.2962702342442105,0.17647058823529413,833,2.29828759084774,0.1613,0.97322361465778,0.08401791565512988,,,0.9062096129009996,,0.9062567047911406,0.09374329520885938,0,0.14479157119170055,10,0.025,0.15,0.9216208926979415,0.938797093966278,0.9519696422952258,0.930268822062823,0.9214274900507959,0.9215603494229773,1.0,0.9204843202669977,0.9393612296748027,0.9411058981361036,0.9403254943851153,0.9464332903949332
0,7,2.2956191077376857,0.14691624670026399,4167,2.3010502883366177,0.14765906362545017,833,2.2982944597171833,0.1612,0.9580289147807498,0.08270616469322763,,,0.7805636376128954,,0.7806027297783499,0.21939727022165012,0,0.1447441706634235,10,0.025,0.15,0.9326125002432607,0.8960609915014146,0.9100241620937318,0.9052513652804922,0.9267104682199527,0.8885884314680037,0.9204843202669977,1.0,0.9492000059964764,0.9385726929163842,0.9303067721391237,0.8995369189664452
0,8,2.2963841553890343,0.1472875660105617,4166,2.2990218571254184,0.15966386554621848,833,2.298287479183342,0.1613,0.9753759342889289,0.08420372434956475,,,0.9240072858643358,,0.9240398739086663,0.07596012609133374,0,0.1447927197832742,10,0.025,0.15,0.9286926504586369,0.9184743884088068,0.9278273750826764,0.9209189213267406,0.9527453749147895,0.9393537315729356,0.9393612296748027,0.9492000059964764,1.0,0.9596340416011172,0.932756479398448,0.9293328288909437
0,9,2.2948840654257574,0.1242678828612578,4166,2.2977953297751292,0.16926770708283315,833,2.2982873524291607,0.1613,0.9785193018971614,0.08447508972809024,,,0.949999999904215,,0.9500173293063326,0.04998267069366735,0,0.14479359895140997,10,0.025,0.15,0.9246106966752569,0.9139199662735891,0.9362689325764945,0.9327758375648646,0.9567415032745158,0.9351565458393365,0.9411058981361036,0.9385726929163842,0.9596340416011172,1.0,0.9591630820097795,0.936764292130164
0,10,2.2945795514366845,0.14467114738358136,4166,2.298205852508545,0.17286914765906364,833,2.2982878111585787,0.1613,0.9723593176617953,0.08394330132085362,,,0.8990626840456792,,0.8991021768909574,0.1008978231090426,0,0.14479088942679763,10,0.025,0.15,0.9376670381772025,0.9253603108404005,0.9395768559828338,0.9193056022232428,0.9319028186468218,0.9141585390758292,0.9403254943851153,0.9303067721391237,0.932756479398448,0.9591630820097795,1.0,0.9328345272884362
0,11,2.295457375410831,0.142774843975036,4166,2.296555621283395,0.15966386554621848,833,2.2982884238037884,0.1612,0.9678104200882197,0.08355059723218959,,,0.861447550035589,,0.8614810780478949,0.13851892195210513,0,0.1447849118334267,10,0.025,0.15,0.9084653891096565,0.9323333785849879,0.9497611522013653,0.9173810917224803,0.9175481016133822,0.94027233977379,0.9464332903949332,0.8995369189664452,0.9293328288909437,0.936764292130164,0.9328345272884362,1.0
1,0,2.2176212018186394,0.2123110151187905,4167,2.2887368542807445,0.17865707434052758,834,2.2886394126505794,0.2082,0.9882516286928311,0.08271478261765047,,,0.7529102225416914,,0.7529666122031324,0.24703338779686757,0.8173086025985783,0.14832877153363952,10,0.025,0.15,1.0,0.9746183989452556,0.9665089963709441,0.9752578934794335,0.9774778730338508,0.9780983744402717,0.9735039434951039,0.9796598414070401,0.9776193440480931,0.9780203083899522,0.979051042720055,0.9735350239881713
1,1,2.197223204193693,0.22932565394768417,4167,2.292575870241438,0.19784172661870503,834,2.2886370918418786,0.2081,0.9890566239642528,0.08278791983643202,,,0.7628987661167947,,0.7629515934709775,0.23704840652902248,0.8174132839592417,0.1483365560893221,10,0.025,0.15,0.9746183989452556,1.0,0.9781665270988686,0.9666942601423815,0.9762352144727002,0.976392094783141,0.9763302234653589,0.9749359709363294,0.9788431794441486,0.981190376704385,0.9805845234276298,0.9786491431271509
1,2,2.202841667334239,0.22510199184065274,4167,2.2902619498116628,0.17026378896882494,834,2.288622916499271,0.208,0.9876268332697877,0.0833349418913457,,,0.8376070162126585,,0.8376574078658546,0.16234259213414537,0.8178781776977941,0.1483850344967886,10,0.025,0.15,0.9665089963709441,0.9781665270988686,1.0,0.9720493384380214,0.9716581068257331,0.9746502194633742,0.9820638318360783,0.9690657720895164,0.974793815595673,0.9795173001714348,0.9776262561810701,0.9792623372443483
1,3,2.21333714651339,0.19328053755699545,4167,2.287886483328683,0.20863309352517986,834,2.2886387728437594,0.2081,0.9853048672926893,0.08269347364691472,,,0.75,,0.7500041260253173,0.2499958739746827,0.8174441040040173,0.1483138750439878,10,0.025,0.15,0.9752578934794335,0.9666942601423815,0.9720493384380214,1.0,0.972059649955145,0.9765716427153164,0.9757436077503259,0.9694078998216266,0.9697435900569754,0.9761911957139376,0.9725871550354195,0.9719949604143082
1,4,2.202957824865977,0.20112790976721862,4167,2.283991915839059,0.2388955582232893,833,2.288622955732708,0.208,0.9895991914604839,0.08339159475008397,,,0.84534424709987,,0.8454060834117278,0.15459391658827215,0.8178769513288979,0.14838733908799037,10,0.025,0.15,0.9774778730338508,0.9762352144727002,0.9716581068257331,0.972059649955145,1.0,0.9823635367584114,0.9775031179290266,0.9764450859069013,0.9774020895133183,0.9815390642686833,0.9789132107856209,0.9773645791489186
1,5,2.2162605065287964,0.2160547156227502,4167,2.2881127425602505,0.226890756302521,833,2.288631294347063,0.2081,0.9897084706348659,0.083078573078838,,,0.8025940488385593,,0.8026522090739548,0.19734779092604515,0.8175144400807052,0.14836261911877696,10,0.025,0.15,0.9780983744402717,0.976392094783141,0.9746502194633742,0.9765716427153164,0.9823635367584114,1.0,0.9790797218930463,0.9718585379437585,0.9761408408005869,0.9810002606316864,0.9752373404137651,0.9790209214621047
1,6,2.208715073628859,0.22570194384449244,4167,2.2862553937094554,0.22929171668667467,833,2.288618902616863,0.2081,0.9897216921752372,0.08376607562871034,,,0.8964880920056352,,0.8965275370929676,0.10347246290703238,0.8179677763692553,0.14840075133154207,10,0.025,0.15,0.9735039434951039,0.9763302234653589,0.9820638318360783,0.9757436077503259,0.9775031179290266,0.9790797218930463,1.0,0.9697342517277365,0.9778122127257858,0.9814847648914236,0.9761567642120955,0.9807618110505965
1,7,2.2113528378082044,0.21761459083273338,4167,2.291785955429077,0.20528211284513806,833,2.28863168064552,0.2081,0.9876260652216193,0.08289089678814716,,,0.7769626010092627,,0.7770048357016719,0.2229951642983281,0.8176254110368011,0.14834641889908085,10,0.025,0.15,0.9796598414070401,0.9749359709363294,0.9690657720895164,0.9694078998216266,0.9764450859069013,0.9718585379437585,0.9697342517277365,1.0,0.9796309926249716,0.980326905555922,0.9790052919616716,0.9756598487747156
1,8,2.209424968921777,0.2102496399423908,4166,2.289653778076172,0.20408163265306123,833,2.288618262810043,0.2081,0.9903932393048501,0.0839021812956699,,,0.9150764032361272,,0.9151111551220479,0.08488884487795212,0.8181056686047955,0.14840269161699077,10,0.025,0.15,0.9776193440480931,0.9788431794441486,0.974793815595673,0.9697435900569754,0.9774020895133183,0.9761408408005869,0.9778122127257858,0.9796309926249716,1.0,0.9830381228275593,0.9829224120866799,0.9801630144367818
1,9,2.194544314254414,0.20739318290926548,4166,2.2870736122131348,0.22448979591836735,833,2.2886180455171607,0.2083,0.9931318222928387,0.0841578957257031,,,0.9499999998634273,,0.9500173293063326,0.04998267069366735,0.8180817383065012,0.14840676027633587,10,0.025,0.15,0.9780203083899522,0.981190376704385,0.9795173001714348,0.9761911957139376,0.9815390642686833,0.9810002606316864,0.9814847648914236,0.980326905555922,0.9830381228275593,1.0,0.9848541813045467,0.9834669324833091
1,10,2.2019731055606497,0.21757081132981276,4166,2.2883062022072926,0.2112845138055222,833,2.28861926175371,0.2081,0.9913008003335347,0.08377130475452162,,,0.8972022475600269,,0.8972372134475417,0.1027627865524583,0.8179761232120106,0.1484008453447001,10,0.025,0.15,0.979051042720055,0.9805845234276298,0.9776262561810701,0.9725871550354195,0.9789132107856209,0.9752373404137651,0.9761567642120955,0.9790052919616716,0.9829224120866799,0.9848541813045467,1.0,0.982032257366835
1,11,2.2139099460659604,0.20201632261161787,4166,2.287600210734776,0.1992797118847539,833,2.2886217334602454,0.208,0.9907061795923185,0.083510359985983,,,0.8615643297574862,,0.8616048588074137,0.13839514119258634,0.8179181499489304,0.14839140620648916,10,0.025,0.15,0.9735350239881713,0.9786491431271509,0.9792623372443483,0.9719949604143082,0.9773645791489186,0.9790209214621047,0.9807618110505965,0.9756598487747156,0.9801630144367818,0.9834669324833091,0.982032257366835,1.0
2,0,2.1051802082495255,0.24938804895608352,4167,2.2736985002245222,0.21223021582733814,834,2.2731829806219173,0.2226,0.9875565108888215,0.08298023256604574,,,0.95,,0.9500173293063326,0.04998267069366735,0.9538730944317723,0.14800382328210637,10,0.025,0.15,1.0,0.9704382587067453,0.9665033972326103,0.9708651262245925,0.9735968690794884,0.9753443773137629,0.9706986813144869,0.9764579458652292,0.9719376657245392,0.9728510970112015,0.9738261281510696,0.970704397716995
2,1,2.078454809477835,0.2639788816894648,4167,2.27737934248788,0.20623501199040767,834,2.2731795280794556,0.2225,0.9855432581316845,0.08296001080798678,,,0.95,,0.9500173293063326,0.04998267069366735,0.9539350691183085,0.14800382328210637,10,0.025,0.15,0.9704382587067453,1.0,0.9710765581361459,0.9650741256660749,0.9710498300322568,0.9716246953660268,0.9694310570986394,0.9684359515511496,0.9680153331223645,0.9730868751863956,0.9707202523564882,0.9703587966391087
2,2,2.092053402192665,0.25721142308615313,4167,2.27522611618042,0.19544364508393286,834,2.2731571770921537,0.2227,0.9845824144144517,0.08326586281115976,,,0.95,,0.9500173293063326,0.04998267069366735,0.954427880444054,0.14800382328210637,10,0.025,0.15,0.9665033972326103,0.9710765581361459,1.0,0.9676417931303607,0.9680415444674169,0.9708132607642257,0.9682269928792888,0.9671143985123215,0.9686385359776895,0.972264652679239,0.9690577877442929,0.9683724378181461
2,3,2.105047970829588,0.23698104151667868,4167,2.272585391998291,0.2290167865707434,834,2.2731842934330806,0.2228,0.9854462240244828,0.08289867839081286,,,0.95,,0.9500173293063326,0.04998267069366735,0.9537496158600719,0.14800382328210637,10,0.025,0.15,0.9708651262245925,0.9650741256660749,0.9676417931303607,1.0,0.9686232621038842,0.9736303214358573,0.9712225270452519,0.9711629145460257,0.969044956472304,0.971234842189421,0.9685327014321528,0.9712070635331815
2,4,2.087053200331601,0.2505159587233021,4167,2.2674791472298756,0.2617046818727491,833,2.27315710767915,0.2227,0.9871673370794806,0.08338458162894916,,,0.95,,0.9500173293063326,0.04998267069366735,0.9544911724761465,0.14800382328210637,10,0.025,0.15,0.9735968690794884,0.9710498300322568,0.9680415444674169,0.9686232621038842,1.0,0.971228250086356,0.9693569279386063,0.9756493720290668,0.9729249703947379,0.9733106760223634,0.9742556425728767,0.9703283130269486
2,5,2.1049458529009963,0.2505879529637629,4167,2.2716518129621233,0.23649459783913565,833,2.2731700607492953,0.2228,0.9880651928043305,0.08322084937416693,,,0.95,,0.9500173293063326,0.04998267069366735,0.9541932092872285,0.14800382328210637,10,0.025,0.15,0.9753443773137629,0.9716246953660268,0.9708132607642257,0.9736303214358573,0.971228250086356,1.0,0.9733600090681137,0.9725522206166056,0.9704693767288485,0.9755775818798202,0.9698104927044906,0.9747203265096486
2,6,2.0961454059138442,0.2616030717542597,4167,2.2698587349482944,0.22809123649459784,833,2.2731516331057007,0.2227,0.9852238282148594,0.08355227207154432,,,0.95,,0.9500173293063326,0.04998267069366735,0.9545504600361452,0.14800382328210637,10,0.025,0.15,0.9706986813144869,0.9694310570986394,0.9682269928792888,0.9712225270452519,0.9693569279386063,0.9733600090681137,1.0,0.965693103912622,0.9679369690418396,0.9723889350126897,0.9670599045110805,0.9698645089506772
2,7,2.097144008766521,0.2618910487161027,4167,2.276998860495431,0.20888355342136855,833,2.2731723664682124,0.2224,0.9870153100341535,0.08307118388842133,,,0.95,,0.9500173293063326,0.04998267069366735,0.9540031387783252,0.14800382328210637,10,0.025,0.15,0.9764579458652292,0.9684359515511496,0.9671143985123215,0.9711629145460257,0.9756493720290668,0.9725522206166056,0.965693103912622,1.0,0.9744808959029588,0.9718063258336114,0.9728749795858666,0.9705415921541646
2,8,2.095718616066557,0.24675948151704272,4166,2.274733407156808,0.20768307322929172,833,2.2731514037409917,0.2227,0.986990282224668,0.08369340098683622,,,0.95,,0.9500173293063326,0.04998267069366735,0.954568473938976,0.14800382328210637,10,0.025,0.15,0.9719376657245392,0.9680153331223645,0.9686385359776895,0.969044956472304,0.9729249703947379,0.9704693767288485,0.9679369690418396,0.9744808959029588,1.0,0.9717644472142868,0.9776699023431088,0.9731815183497218
2,9,2.0825551383423084,0.2540086413826212,4166,2.27036942754473,0.24489795918367346,833,2.2731505406053762,0.2227,0.9882868127429045,0.08389298074461617,,,0.95,,0.9500173293063326,0.04998267069366735,0.954592656720744,0.14800382328210637,10,0.025,0.15,0.9728510970112015,0.9730868751863956,0.972264652679239,0.971234842189421,0.9733106760223634,0.9755775818798202,0.9723889350126897,0.9718063258336114,0.9717644472142868,1.0,0.9743075760259343,0.9727895360739509
2,10,2.086277374354276,0.2616178588574172,4166,2.27203369140625,0.22569027611044418,833,2.2731520797632916,0.2227,0.9874842943727254,0.08362878940758606,,,0.95,,0.9500173293063326,0.04998267069366735,0.9545568351617296,0.14800382328210637,10,0.025,0.15,0.9738261281510696,0.9707202523564882,0.9690577877442929,0.9685327014321528,0.9742556425728767,0.9698104927044906,0.9670599045110805,0.9728749795858666,0.9776699023431088,0.9743075760259343,1.0,0.9738278727705354
2,11,2.1028390505097128,0.24495919347095535,4166,2.273425613130842,0.21728691476590636,833,2.273156108735483,0.2227,0.9869640136361821,0.08345115732187465,,,0.95,,0.9500173293063326,0.04998267069366735,0.9544703743054433,0.14800382328210637,10,0.025,0.15,0.970704397716995,0.9703587966391087,0.9683724378181461,0.9712070635331815,0.9703283130269486,0.9747203265096486,0.9698645089506772,0.9705415921541646,0.9731815183497218,0.9727895360739509,0.9738278727705354,1.0
3,0,2.0318042599793635,0.2716582673386129,4167,2.2532874516078403,0.23501199040767387,834,2.251903781407996,0.2416,0.9841586375795867,0.08315761829323663,,,0.95,,0.9500173293063326,0.04998267069366735,0.9797115544802497,0.14742787508669813,10,0.025,0.15,1.0,0.9648230378662941,0.9623136142351991,0.9613299543091617,0.9667334964827277,0.967476329669024,0.9633304051508943,0.9690001820004933,0.9620665152460646,0.9640437676356104,0.9654908161369631,0.9610556743686551
3,1,2.0039641430883695,0.2886249100071994,4167,2.256414004734584,0.21342925659472423,834,2.251899293706387,0.2416,0.9818797060799294,0.0830711366263352,,,0.95,,0.9500173293063326,0.04998267069366735,0.9797115544802497,0.14742787508669813,10,0.025,0.15,0.9648230378662941,1.0,0.9646127016821137,0.9588328940741117,0.9629065249345087,0.9632135175129705,0.9620941818410776,0.9588406599337318,0.9564781424826129,0.9677493723610405,0.9605512209805432,0.9606656454151183
3,2,2.0183076193838407,0.2796016318694504,4167,2.254528590611049,0.22541966426858512,834,2.2518660961827144,0.2417,0.9829948217431036,0.08329605803066653,,,0.95,,0.9500173293063326,0.04998267069366735,0.9797115544802497,0.14742787508669813,10,0.025,0.15,0.9623136142351991,0.9646127016821137,1.0,0.9626704258232681,0.9612503502947423,0.9651363740754636,0.9589402752210293,0.9646679208626878,0.9627109398371476,0.9656501477067029,0.964773470287289,0.9610750800263435
3,3,2.034243475668358,0.2648908087353012,4167,2.251309939793178,0.2529976019184652,834,2.2519085165820543,0.2417,0.9814782453969767,0.08302025788793482,,,0.95,,0.9500173293063326,0.04998267069366735,0.9797115544802497,0.14742787508669813,10,0.025,0.15,0.9613299543091617,0.9588328940741117,0.9626704258232681,1.0,0.9596836113107668,0.9643890013213475,0.963969685326644,0.9618071038711699,0.9602325023367049,0.9631209466682723,0.9586205217205017,0.9614188336500034
3,4,2.0108317826733444,0.2751859851211903,4167,2.2451180389949252,0.2773109243697479,833,2.2518656072737295,0.2417,0.983767431290848,0.08339439649701308,,,0.95,,0.9500173293063326,0.04998267069366735,0.9797115544802497,0.14742787508669813,10,0.025,0.15,0.9667334964827277,0.9629065249345087,0.9612503502947423,0.9596836113107668,1.0,0.9634217939569967,0.9591529047895727,0.966960043924353,0.9655676570909992,0.9657147705609275,0.9682750781246009,0.963163976019863
3,5,2.0327770923123216,0.27254619630429566,4167,2.248948233468192,0.2545018007202881,833,2.2518849644479872,0.2418,0.984233310961032,0.08330850298165413,,,0.95,,0.9500173293063326,0.04998267069366735,0.9797115544802497,0.14742787508669813,10,0.025,0.15,0.967476329669024,0.9632135175129705,0.9651363740754636,0.9643890013213475,0.9634217939569967,1.0,0.9642533557624797,0.9656801653756822,0.9614665292757533,0.9661009585377813,0.9629773102820173,0.9643285304266963
3,6,2.025353177027269,0.28564914806815456,4167,2.247422013963972,0.24489795918367346,833,2.251858466788183,0.2417,0.9803366452665779,0.08338645128037966,,,0.95,,0.9500173293063326,0.04998267069366735,0.9797115544802497,0.14742787508669813,10,0.025,0.15,0.9633304051508943,0.9620941818410776,0.9589402752210293,0.963969685326644,0.9591529047895727,0.9642533557624797,1.0,0.9558629000520659,0.9573003826316375,0.9632651659249729,0.9575288191326035,0.9566542195378234
3,7,2.0233059883117677,0.2838732901367891,4167,2.2566045692988803,0.23289315726290516,833,2.251890312267255,0.2415,0.9832773337993335,0.08318511593233,,,0.95,,0.9500173293063326,0.04998267069366735,0.9797115544802497,0.14742787508669813,10,0.025,0.15,0.9690001820004933,0.9588406599337318,0.9646679208626878,0.9618071038711699,0.966960043924353,0.9656801653756822,0.9558629000520659,1.0,0.9653198611200605,0.9630622214303898,0.9641383652336006,0.961886946832008
3,8,2.0206178816882048,0.26929908785405665,4166,2.2543089730398997,0.22569027611044418,833,2.2518589345714712,0.2418,0.9823533914434065,0.08353901818865107,,,0.95,,0.9500173293063326,0.04998267069366735,0.9797115544802497,0.14742787508669813,10,0.025,0.15,0.9620665152460646,0.9564781424826129,0.9627109398371476,0.9602325023367049,0.9655676570909992,0.9614665292757533,0.9573003826316375,0.9653198611200605,1.0,0.9604838322383729,0.9691936245913626,0.965186517999386
3,9,2.010964982798605,0.27885261641862696,4166,2.2473600591932024,0.2617046818727491,833,2.251857304874855,0.2417,0.9841505428568803,0.08372051806195,,,0.95,,0.9500173293063326,0.04998267069366735,0.9797115544802497,0.14742787508669813,10,0.025,0.15,0.9640437676356104,0.9677493723610405,0.9656501477067029,0.9631209466682723,0.9657147705609275,0.9661009585377813,0.9632651659249729,0.9630622214303898,0.9604838322383729,1.0,0.9645471982164113,0.9634483266104644
3,10,2.0144659511970753,0.2797887662025924,4166,2.2496160098484586,0.234093637454982,833,2.251858940607385,0.2417,0.9835831515216267,0.08353908768431917,,,0.95,,0.9500173293063326,0.04998267069366735,0.9797115544802497,0.14742787508669813,10,0.025,0.15,0.9654908161369631,0.9605512209805432,0.964773470287289,0.9586205217205017,0.9682750781246009,0.9629773102820173,0.9575288191326035,0.9641383652336006,0.9691936245913626,0.9645471982164113,1.0,0.9644340179346977
3,11,2.0315081982901604,0.27102736437830055,4166,2.253488063812256,0.2388955582232893,833,2.251864864856382,0.2417,0.9821157791278184,0.0833818385355299,,,0.95,,0.9500173293063326,0.04998267069366735,0.9797115544802497,0.14742787508669813,10,0.025,0.15,0.9610556743686551,0.9606656454151183,0.9610750800263435,0.9614188336500034,0.963163976019863,0.9643285304266963,0.9566542195378234,0.961886946832008,0.965186517999386,0.9634483266104644,0.9644340179346977,1.0
4,0,1.9741615609689191,0.2889848812095032,4167,2.2274864741734097,0.25059952038369304,834,2.2250048872790757,0.2598,0.9807353793268174,0.08324018313886763,,,0.95,,0.9500173293063326,0.04998267069366735,0.9866766414389926,0.1470382974970682,10,0.025,0.15,1.0,0.9583807017916213,0.9556692084975535,0.9552939049405987,0.9590356602289177,0.960916905001482,0.956911497828376,0.9631900374653063,0.9550616852984828,0.9580613514248724,0.9609400803069486,0.9531816179900722
4,1,1.9502548441742407,0.30287976961843055,4167,2.2300486905234203,0.2290167865707434,834,2.224999509280241,0.2596,0.978433203365298,0.08311193464003729,,,0.95,,0.9500173293063326,0.04998267069366735,0.9866766414389926,0.1470382974970682,10,0.025,0.15,0.9583807017916213,1.0,0.958368123501293,0.951788575097649,0.9576212240485324,0.9567198562085044,0.9551628339456198,0.9533223088917802,0.9485221326972405,0.9620525026277222,0.9556091416000898,0.952040378793575
4,2,1.9652703845139705,0.2958483321334293,4167,2.228398186819894,0.24820143884892087,834,2.22495241104802,0.2596,0.9805034902931425,0.0833181486945198,,,0.95,,0.9500173293063326,0.04998267069366735,0.9866766414389926,0.1470382974970682,10,0.025,0.15,0.9556692084975535,0.958368123501293,1.0,0.9574978934086156,0.9578981497032375,0.9588221615135512,0.9530922722222067,0.9588391956715159,0.9571342796577592,0.9604135125303033,0.960167571159092,0.9559262984760095
4,3,1.984376608241688,0.28209743220542355,4167,2.2242934022630965,0.27697841726618705,834,2.22501405884948,0.2599,0.9788027346294548,0.08309252294806786,,,0.95,,0.9500173293063326,0.04998267069366735,0.9866766414389926,0.1470382974970682,10,0.025,0.15,0.9552939049405987,0.951788575097649,0.9574978934086156,1.0,0.9563630045666267,0.9599504351634913,0.956577325667637,0.9555180726056975,0.9535347337407745,0.9572167424952522,0.9540827143512413,0.956150133163885
4,4,1.9542423407236735,0.2950803935685145,4167,2.217099632535662,0.29531812725090034,833,2.2249511978294274,0.2596,0.9819306119464377,0.08342527532684922,,,0.95,,0.9500173293063326,0.04998267069366735,0.9866766414389926,0.1470382974970682,10,0.025,0.15,0.9590356602289177,0.9576212240485324,0.9578981497032375,0.9563630045666267,1.0,0.9595778198912939,0.9557067337256369,0.9618805845928763,0.9598303412588431,0.9615668715856525,0.9626402951000761,0.958430644179542
4,5,1.977434601205768,0.28845692344612434,4167,2.220352990286691,0.27010804321728693,833,2.2249791531623164,0.2596,0.9820605743528534,0.08337645020810477,,,0.95,,0.9500173293063326,0.04998267069366735,0.9866766414389926,0.1470382974970682,10,0.025,0.15,0.960916905001482,0.9567198562085044,0.9588221615135512,0.9599504351634913,0.9595778198912939,1.0,0.9579255019400833,0.9617589071312759,0.9571351694666984,0.9613966364053177,0.9590266934759484,0.9589211454419558
4,6,1.9679976152651237,0.301511879049676,4167,2.2191813673291887,0.2689075630252101,833,2.224942397467698,0.2596,0.9775711292310629,0.08327865698540825,,,0.95,,0.9500173293063326,0.04998267069366735,0.9866766414389926,0.1470382974970682,10,0.025,0.15,0.956911497828376,0.9551628339456198,0.9530922722222067,0.956577325667637,0.9557067337256369,0.9579255019400833,1.0,0.9499452394855247,0.9522212178450753,0.9567560927888912,0.9551209406295397,0.9498839772376568
4,7,1.9673290122639049,0.30247180225581954,4167,2.230678081512451,0.24969987995198079,833,2.224988382073897,0.2598,0.9808793246228489,0.08326184543509609,,,0.95,,0.9500173293063326,0.04998267069366735,0.9866766414389926,0.1470382974970682,10,0.025,0.15,0.9631900374653063,0.9533223088917802,0.9588391956715159,0.9555180726056975,0.9618805845928763,0.9617589071312759,0.9499452394855247,1.0,0.9594200383283983,0.9580546583735071,0.9601306255607925,0.9562425311178333
4,8,1.9649697990128487,0.28751800288046087,4166,2.2283403192247664,0.24489795918367346,833,2.2249439305897,0.2596,0.9793405974024824,0.08343040476268826,,,0.95,,0.9500173293063326,0.04998267069366735,0.9866766414389926,0.1470382974970682,10,0.025,0.15,0.9550616852984828,0.9485221326972405,0.9571342796577592,0.9535347337407745,0.9598303412588431,0.9571351694666984,0.9522212178450753,0.9594200383283983,1.0,0.9528074674294503,0.9649483789981993,0.959382991428639
4,9,1.9548759557984092,0.2982237157945271,4166,2.2183798040662492,0.28331332533013204,833,2.2249414679370347,0.2596,0.9815992320050146,0.08361592323030693,,,0.95,,0.9500173293063326,0.04998267069366735,0.9866766414389926,0.1470382974970682,10,0.025,0.15,0.9580613514248724,0.9620525026277222,0.9604135125303033,0.9572167424952522,0.9615668715856525,0.9613966364053177,0.9567560927888912,0.9580546583735071,0.9528074674294503,1.0,0.9596303207213233,0.9585806533189627
4,10,1.9586989937406598,0.29615938550168025,4166,2.221318415233067,0.24849939975990396,833,2.2249428863766827,0.2595,0.9820755798466053,0.08351935218785754,,,0.95,,0.9500173293063326,0.04998267069366735,0.9866766414389926,0.1470382974970682,10,0.025,0.15,0.9609400803069486,0.9556091416000898,0.960167571159092,0.9540827143512413,0.9626402951000761,0.9590266934759484,0.9551209406295397,0.9601306255607925,0.9649483789981993,0.9596303207213233,1.0,0.9598777296691358
4,11,1.9795356645728603,0.2893422947671627,4166,2.2282094274248396,0.25090036014405764,833,2.2249507602257066,0.2596,0.9792167850984318,0.08332930244219644,,,0.95,,0.9500173293063326,0.04998267069366735,0.9866766414389926,0.1470382974970682,10,0.025,0.15,0.9531816179900722,0.952040378793575,0.9559262984760095,0.956150133163885,0.958430644179542,0.9589211454419558,0.9498839772376568,0.9562425311178333,0.959382991428639,0.9585806533189627,0.9598777296691358,1.0
5,0,1.931637997338266,0.3021598272138229,4167,2.196408135550363,0.27817745803357313,834,2.1929578630230093,0.287,0.9775714770013234,0.08325770395283906,,,0.95,,0.9500173293063326,0.04998267069366735,0.9899182659175546,0.14671783164561505,10,0.025,0.15,1.0,0.9528223283453129,0.9506962952182292,0.9506778540769979,0.9541413995895079,0.955873312293955,0.951372713623784,0.9537916092654299,0.949856470511067,0.9518918440945225,0.956134439858565,0.9470666043157268
5,1,1.8996047655741373,0.31941444684425246,4167,2.199132067816598,0.26258992805755393,834,2.19295170337339,0.287,0.9771792560281344,0.08316566845761399,,,0.95,,0.9500173293063326,0.04998267069366735,0.9899182659175546,0.14671783164561505,10,0.025,0.15,0.9528223283453129,1.0,0.953690774290537,0.948168183079786,0.9564308939435325,0.9527982595166482,0.9507674272978651,0.9492062635586914,0.9458939819633239,0.9576458655791465,0.953491730847301,0.9488571759430549
5,2,1.9163632992542152,0.31183105351571877,4167,2.197518961770194,0.27817745803357313,834,2.1928889087483854,0.2862,0.978509230067692,0.0833364057800042,,,0.95,,0.9500173293063326,0.04998267069366735,0.9899182659175546,0.14671783164561505,10,0.025,0.15,0.9506962952182292,0.953690774290537,1.0,0.9534383898852818,0.9550318237054631,0.9536338446011181,0.9512183624689782,0.9517859734148957,0.9519696990765766,0.9560657508042706,0.956890494720372,0.9508547636723974
5,3,1.9354083393559312,0.30163186945044396,4167,2.1918681349073137,0.3117505995203837,834,2.1929721560659288,0.2868,0.976158717945272,0.08312046765941597,,,0.95,,0.9500173293063326,0.04998267069366735,0.9899182659175546,0.14671783164561505,10,0.025,0.15,0.9506778540769979,0.948168183079786,0.9534383898852818,1.0,0.9522984837383208,0.9545043080790917,0.9529381932121538,0.9465306407959602,0.9494181578820475,0.9514086632435961,0.9497132566501055,0.9487360589939438
5,4,1.9024414817492168,0.31627069834413246,4167,2.1836006300789967,0.31812725090036015,833,2.192886977256099,0.2863,0.9809523742685801,0.0834821088454026,,,0.95,,0.9500173293063326,0.04998267069366735,0.9899182659175546,0.14671783164561505,10,0.025,0.15,0.9541413995895079,0.9564308939435325,0.9550318237054631,0.9522984837383208,1.0,0.9553315745760529,0.9529066539131313,0.9577115620234434,0.9577043253092329,0.9565307216893897,0.9613513357054302,0.9544511996793441
5,5,1.9312802430355187,0.30297576193904485,4167,2.1860860075269426,0.28211284513805523,833,2.1929248827922194,0.2869,0.9800440948866173,0.08342237868781588,,,0.95,,0.9500173293063326,0.04998267069366735,0.9899182659175546,0.14671783164561505,10,0.025,0.15,0.955873312293955,0.9527982595166482,0.9536338446011181,0.9545043080790917,0.9553315745760529,1.0,0.9547195894984258,0.9566373307133715,0.9539590089884212,0.9549310348778699,0.9568361131668573,0.9540493247230917
5,6,1.9206733187039693,0.31747060235181185,4167,2.1857001100267683,0.29531812725090034,833,2.1928759858578064,0.2862,0.9761055077735779,0.08323379290687022,,,0.95,,0.9500173293063326,0.04998267069366735,0.9899182659175546,0.14671783164561505,10,0.025,0.15,0.951372713623784,0.9507674272978651,0.9512183624689782,0.9529381932121538,0.9529066539131313,0.9547195894984258,1.0,0.9433720742994421,0.9496937471510875,0.9534631196019749,0.95196444836689,0.9446774619104837
5,7,1.9205614613764215,0.3156707463402928,4167,2.19983400617327,0.2689075630252101,833,2.192938116532338,0.2869,0.9770740607407616,0.08325491151398608,,,0.95,,0.9500173293063326,0.04998267069366735,0.9899182659175546,0.14671783164561505,10,0.025,0.15,0.9537916092654299,0.9492062635586914,0.9517859734148957,0.9465306407959602,0.9577115620234434,0.9566373307133715,0.9433720742994421,1.0,0.9546585313541333,0.9504525831796657,0.9538622459705485,0.9504391458008506
5,8,1.917578628207698,0.3040566490638502,4166,2.197601454598563,0.28211284513805523,833,2.1928787744497953,0.2863,0.9778172025147862,0.08338328132358615,,,0.95,,0.9500173293063326,0.04998267069366735,0.9899182659175546,0.14671783164561505,10,0.025,0.15,0.949856470511067,0.9458939819633239,0.9519696990765766,0.9494181578820475,0.9577043253092329,0.9539590089884212,0.9496937471510875,0.9546585313541333,1.0,0.9482219374504924,0.9607364459888028,0.9549597567122361
5,9,1.9113417166652102,0.3131301008161306,4166,2.1839298520769392,0.30612244897959184,833,2.192875614649133,0.2863,0.9788782499877803,0.08353247680342461,,,0.95,,0.9500173293063326,0.04998267069366735,0.9899182659175546,0.14671783164561505,10,0.025,0.15,0.9518918440945225,0.9576458655791465,0.9560657508042706,0.9514086632435961,0.9565307216893897,0.9549310348778699,0.9534631196019749,0.9504525831796657,0.9482219374504924,1.0,0.9559172052382388,0.9529324645328147
5,10,1.9156306768908644,0.3083773403744599,4166,2.187913247517177,0.2785114045618247,833,2.192876501928402,0.2863,0.9807412269954292,0.0835333918806764,,,0.95,,0.9500173293063326,0.04998267069366735,0.9899182659175546,0.14671783164561505,10,0.025,0.15,0.956134439858565,0.953491730847301,0.956890494720372,0.9497132566501055,0.9613513357054302,0.9568361131668573,0.95196444836689,0.9538622459705485,0.9607364459888028,0.9559172052382388,1.0,0.9544514129466218
5,11,1.9326699043765212,0.3027124339894383,4166,2.1975351742335727,0.27611044417767105,833,2.1928869802740554,0.2864,0.976483992430871,0.08327741218836482,,,0.95,,0.9500173293063326,0.04998267069366735,0.9899182659175546,0.14671783164561505,10,0.025,0.15,0.9470666043157268,0.9488571759430549,0.9508547636723974,0.9487360589939438,0.9544511996793441,0.9540493247230917,0.9446774619104837,0.9504391458008506,0.9549597567122361,0.9529324645328147,0.9544514129466218,1.0
6,0,1.885818695299553,0.3182145428365731,4167,2.160425458635603,0.2973621103117506,834,2.1560434510436237,0.3168,0.9761928361802111,0.08329891962796979,,,0.95,,0.9500173293063326,0.04998267069366735,0.9931776773864973,0.14637018497983675,10,0.025,0.15,1.0,0.9503017262946035,0.9457189030353389,0.9472145648072446,0.9499385040768002,0.9503260167865354,0.9485875961141349,0.9510586530684187,0.9443607059217057,0.9463722502901919,0.9518230072934573,0.9453402321660858
6,1,1.862518675399549,0.3304535637149028,4167,2.1636152608054027,0.302158273381295,834,2.1560363558274283,0.3166,0.9740751009601717,0.08317301794184387,,,0.95,,0.9500173293063326,0.04998267069366735,0.9931776773864973,0.14637018497983675,10,0.025,0.15,0.9503017262946035,1.0,0.9472693968956791,0.9430408025602457,0.9500748676883478,0.9452310066203176,0.9438979198585059,0.9444155943161888,0.9399890015518173,0.9511638365816718,0.948170581884003,0.9427249208699319
6,2,1.8753787011811227,0.32586993040556755,4167,2.1619503838675365,0.30335731414868106,834,2.1559539867352835,0.3161,0.9759960678736682,0.08334120477522237,,,0.95,,0.9500173293063326,0.04998267069366735,0.9931776773864973,0.14637018497983675,10,0.025,0.15,0.9457189030353389,0.9472693968956791,1.0,0.9496661096930853,0.9493457820120624,0.9476140446279758,0.9457448408320998,0.9474221697395652,0.9474954578267143,0.9505396823200036,0.951088368344481,0.9467702134142297
6,3,1.8963452140490213,0.3165106791456683,4167,2.15461836542402,0.31894484412470026,834,2.156062464170818,0.3169,0.9742310837346537,0.08315013164897536,,,0.95,,0.9500173293063326,0.04998267069366735,0.9931776773864973,0.14637018497983675,10,0.025,0.15,0.9472145648072446,0.9430408025602457,0.9496661096930853,1.0,0.9473006963244819,0.9492051286484319,0.9480322699886523,0.9432917135155449,0.9451593110225898,0.9468601910902178,0.945007216495851,0.9433759846172449
6,4,1.8589540033629446,0.32956563474922007,4167,2.145296709878104,0.33613445378151263,833,2.155950935581062,0.3161,0.9783167589710167,0.08350691921163789,,,0.95,,0.9500173293063326,0.04998267069366735,0.9931776773864973,0.14637018497983675,10,0.025,0.15,0.9499385040768002,0.9500748676883478,0.9493457820120624,0.9473006963244819,1.0,0.9496809834827215,0.9487450349938419,0.9516340117012353,0.952428217495996,0.9503882672566838,0.9563402339660115,0.9498802320750435
6,5,1.8888741207845283,0.31867050635949123,4167,2.146665300641741,0.33013205282112845,833,2.156001172488249,0.3171,0.9770490651519411,0.08342868455938549,,,0.95,,0.9500173293063326,0.04998267069366735,0.9931776773864973,0.14637018497983675,10,0.025,0.15,0.9503260167865354,0.9452310066203176,0.9476140446279758,0.9492051286484319,0.9496809834827215,1.0,0.9491732730504999,0.9491927414809672,0.9490829850127166,0.9506163244807214,0.952029924246529,0.9488008901893592
6,6,1.8753013636126663,0.3323494120470362,4167,2.147231306348528,0.34093637454981995,833,2.1559370288366004,0.3162,0.9742653364526866,0.08322136089169037,,,0.95,,0.9500173293063326,0.04998267069366735,0.9931776773864973,0.14637018497983675,10,0.025,0.15,0.9485875961141349,0.9438979198585059,0.9457448408320998,0.9480322699886523,0.9487450349938419,0.9491732730504999,1.0,0.9403894181823941,0.9465173237562696,0.948732409796072,0.9482747494213533,0.9403722606234394
6,7,1.8774533922022039,0.33294936405087594,4167,2.1641641344342912,0.297719087635054,833,2.156019017666201,0.3166,0.9749152502323725,0.08325558999569975,,,0.95,,0.9500173293063326,0.04998267069366735,0.9931776773864973,0.14637018497983675,10,0.025,0.15,0.9510586530684187,0.9444155943161888,0.9474221697395652,0.9432917135155449,0.9516340117012353,0.9491927414809672,0.9403894181823941,1.0,0.9485112342356734,0.9448683711845278,0.9489404618949792,0.9463343460725723
6,8,1.8728812485030204,0.3186029764762362,4166,2.162040880748204,0.3133253301320528,833,2.1559408888032165,0.3163,0.9754080456587305,0.08335105874953917,,,0.95,,0.9500173293063326,0.04998267069366735,0.9931776773864973,0.14637018497983675,10,0.025,0.15,0.9443607059217057,0.9399890015518173,0.9474954578267143,0.9451593110225898,0.952428217495996,0.9490829850127166,0.9465173237562696,0.9485112342356734,1.0,0.9442779917237222,0.9543395722851491,0.9495745462860505
6,9,1.865959812294353,0.32885261641862695,4166,2.14452178137643,0.33013205282112845,833,2.1559366757356666,0.3162,0.9763404132918767,0.08347372602734461,,,0.95,,0.9500173293063326,0.04998267069366735,0.9931776773864973,0.14637018497983675,10,0.025,0.15,0.9463722502901919,0.9511638365816718,0.9505396823200036,0.9468601910902178,0.9503882672566838,0.9506163244807214,0.948732409796072,0.9448683711845278,0.9442779917237222,1.0,0.9494179843524027,0.949358528910977
6,10,1.871232718409914,0.3255400864138262,4166,2.1493676049368724,0.32292917166866747,833,2.1559375630149358,0.3162,0.9783189941635004,0.08353872060308183,,,0.95,,0.9500173293063326,0.04998267069366735,0.9931776773864973,0.14637018497983675,10,0.025,0.15,0.9518230072934573,0.948170581884003,0.951088368344481,0.945007216495851,0.9563402339660115,0.952029924246529,0.9482747494213533,0.9489404618949792,0.9543395722851491,0.9494179843524027,1.0,0.9503118493117743
