round,client_id,client_i_training_loss,client_i_training_accuracy,client_i_training_dataset_size,client_i_evaluation_loss,client_i_evaluation_accuracy,client_i_evaluation_dataset_size,client_i_central_evaluation_loss,client_i_central_evaluation_accuracy,client_i_cosine_similarity,client_i_importance_coefficient,client_i_tanh_val,tanh_normalization_value,client_i_q,client_i_mask_order,client_i_v_nonzero_fraction,client_i_v_sparsity,client_i_v_cosine_similarity,client_i_reward_gradient_norm,local_epochs,learning_rate,gamma,client_0_cosine_similarity,client_1_cosine_similarity,client_2_cosine_similarity,client_3_cosine_similarity,client_4_cosine_similarity,client_5_cosine_similarity,client_6_cosine_similarity,client_7_cosine_similarity,client_8_cosine_similarity,client_9_cosine_similarity,client_10_cosine_similarity,client_11_cosine_similarity
0,0,0.33848979237020776,0.89448,5000,2.1997907161712646,0.38848920863309355,834,2.2015055932176,0.3883,0.7874699368735989,0.0828954894041928,,,0.7168350408132745,,0.7168515636765223,0.28314843632347775,0,0.39521352350124317,5,0.1,0.5,1.0,0.5741352904761091,0.5908146704636523,0.5748567835439523,0.5852588111808518,0.588585854066028,0.5961620791083132,0.5899840875706964,0.6028264343054578,0.5905190387994294,0.5989764293078352,0.5884914205060838
0,1,0.34486711395186653,0.89228,5000,2.195108237089934,0.4136690647482014,834,2.201761052250481,0.3883,0.7842363926768333,0.08255510024627122,,,0.65,,0.650002509914161,0.349997490085839,0,0.3945586432754485,5,0.1,0.5,0.5741352904761091,1.0,0.5897563833694126,0.5867970074870421,0.5931888373965816,0.5883663586762402,0.6024996499790691,0.578347986582821,0.5812395652857945,0.5839153370718653,0.5842052407669024,0.5874420225266848
0,2,0.3563814412755002,0.88868,5000,2.2072140552379467,0.36930455635491605,834,2.201428578684505,0.3894,0.7906621619353253,0.08323152897394544,,,0.7828160447219471,,0.782827167310878,0.21717283268912202,0,0.395568360060731,5,0.1,0.5,0.5908146704636523,0.5897563833694126,1.0,0.5877721206475557,0.5913377277491373,0.5915692385786148,0.5989202869830077,0.5917829895753957,0.593113389914871,0.5904338889003312,0.5932374439265689,0.5921974645364254
0,3,0.3576317451992161,0.88884,5000,2.1943162458914296,0.39568345323741005,834,2.2015303940818716,0.3887,0.7887466009977703,0.08302988145196814,,,0.7432227731749338,,0.7432357813362783,0.2567642186637217,0,0.39538289709702606,5,0.1,0.5,0.5748567835439523,0.5867970074870421,0.5877721206475557,1.0,0.5953544711742285,0.6002145497865342,0.6142696493730461,0.5808738373416096,0.5910719122533012,0.5817480147695938,0.5863449125359236,0.5934353776493277
0,4,0.33982165848753254,0.8942,5000,2.1998972539548522,0.3949579831932773,833,2.2013578818628963,0.3885,0.7939584521897654,0.0835785232921602,,,0.850948001572351,,0.8509612971236383,0.14903870287636167,0,0.3957445282526805,5,0.1,0.5,0.5852588111808518,0.5931888373965816,0.5913377277491373,0.5953544711742285,1.0,0.5830335927720559,0.6078246573309143,0.5979096380205888,0.5916006459794579,0.5978811513277764,0.5949186984214474,0.6039406498074098
0,5,0.341604396864582,0.8944,5000,2.202820168601142,0.38055222088835533,833,2.201413913275868,0.3895,0.7908697118767783,0.0832533773686167,,,0.7871059532445168,,0.7871241403543999,0.21287585964560007,0,0.3955845411486639,5,0.1,0.5,0.588585854066028,0.5883663586762402,0.5915692385786148,0.6002145497865342,0.5830335927720559,1.0,0.5927953647657382,0.5867977292181955,0.6058192603771605,0.5895180589700844,0.5991982660498857,0.5870089626745334
0,6,0.33786888676250626,0.89788,5000,2.2043372878321894,0.3877551020408163,833,2.2012944678529003,0.3879,0.8011697326503195,0.0843376413168836,,,0.9999999998036511,,1.0,0.0,0,0.3958146384109412,5,0.1,0.5,0.5961620791083132,0.6024996499790691,0.5989202869830077,0.6142696493730461,0.6078246573309143,0.5927953647657382,1.0,0.5963760450755788,0.5970361888688249,0.5959591732270729,0.6069086973125842,0.6020010123127087
0,7,0.34523232565231765,0.89088,5000,2.203412170763369,0.38415366146458585,833,2.2015174593026647,0.3893,0.7890204136998519,0.08305870520368398,,,0.7488822854639935,,0.7488931278550274,0.2511068721449726,0,0.395413986127213,5,0.1,0.5,0.5899840875706964,0.578347986582821,0.5917829895753957,0.5808738373416096,0.5979096380205888,0.5867977292181955,0.5963760450755788,1.0,0.5913826659784805,0.5874608954560019,0.6004390898401353,0.5939847668624328
0,8,0.34375527767689934,0.89144,5000,2.20168877530981,0.39735894357743096,833,2.2013695308575616,0.3883,0.792982281328304,0.08347576360888363,,,0.8307712495639015,,0.8307866070980372,0.1692133929019628,0,0.39570973375027824,5,0.1,0.5,0.6028264343054578,0.5812395652857945,0.593113389914871,0.5910719122533012,0.5916006459794579,0.6058192603771605,0.5970361888688249,0.5913826659784805,1.0,0.5906508115308926,0.6002910445490064,0.587943776521295
0,9,0.3484941432667766,0.89192,5000,2.1983439215907343,0.3937575030012005,833,2.201485145587129,0.389,0.7894872937342617,0.0831078527928594,,,0.7585323611258328,,0.758546257717986,0.241453742282014,0,0.39546461470982935,5,0.1,0.5,0.5905190387994294,0.5839153370718653,0.5904338889003312,0.5817480147695938,0.5978811513277764,0.5895180589700844,0.5959591732270729,0.5874608954560019,0.5906508115308926,1.0,0.6043218673302327,0.5873666437250168
0,10,0.3472334732959984,0.8896,5000,2.2108631663852267,0.38895558223289317,833,2.2012924934728457,0.388,0.7978441472623834,0.08398756315468366,,,0.9312625335419915,,0.9312785502735806,0.06872144972641936,0,0.3958092340683204,5,0.1,0.5,0.5989764293078352,0.5842052407669024,0.5932374439265689,0.5863449125359236,0.5949186984214474,0.5991982660498857,0.6069086973125842,0.6004390898401353,0.6002910445490064,0.6043218673302327,1.0,0.6103195542391484
0,11,0.35096824149227446,0.889,5000,2.210309417159469,0.3697478991596639,833,2.2013728237761474,0.3884,0.7931039665591718,0.08348857318585123,,,0.8332863960646242,,0.8333015410872948,0.16669845891270518,0,0.3957147861440567,5,0.1,0.5,0.5884914205060838,0.5874420225266848,0.5921974645364254,0.5934353776493277,0.6039406498074098,0.5870089626745334,0.6020010123127087,0.5939847668624328,0.587943776521295,0.5873666437250168,0.6103195542391484,1.0
1,0,0.2970267527861295,0.91032,5000,2.046434905793932,0.7410071942446043,834,2.0472055041371062,0.7273,0.8108913365925733,0.08293161386814828,,,0.7291480171906182,,0.7291601827217509,0.27083981727824913,0.9590819258891823,0.4065240707815638,5,0.1,0.5,1.0,0.6254048991853361,0.6266600401106205,0.6196797137949,0.6314818161381384,0.6259442976543147,0.6296803316076381,0.6344187354690104,0.6316125394648476,0.6297872418322195,0.639772429481318,0.6295313955881832
1,1,0.3068088491346426,0.90584,5000,2.0375950159849943,0.7565947242206235,834,2.0481970390191857,0.7264,0.8083714693916775,0.08261922595780155,,,0.65,,0.650002509914161,0.349997490085839,0.957409875121242,0.4057257611930081,5,0.1,0.5,0.6254048991853361,1.0,0.6255890243780844,0.6196627888901256,0.6286369281744971,0.6261317949696024,0.6275768518652577,0.6192549759997902,0.6319934278653152,0.6325439529093934,0.6344938392293399,0.6296272743000872
1,2,0.31376977745491036,0.90572,5000,2.0555669334199695,0.7350119904076738,834,2.046911884420596,0.7271,0.8134797073757207,0.08324351033561707,,,0.8081715201857038,,0.8081873399929722,0.1918126600070278,0.9600757675621358,0.4068991608513498,5,0.1,0.5,0.6266600401106205,0.6255890243780844,1.0,0.6255661328905319,0.6254819039892588,0.6296161099357558,0.6339555061185862,0.6318706277544137,0.634455772763673,0.6391626716165958,0.6352663202024484,0.6401520031528555
1,3,0.3106386727706832,0.90232,5000,2.0371002974333585,0.7553956834532374,834,2.0472642651762065,0.7273,0.8081104391590012,0.08292370799247531,,,0.7271449486884589,,0.7271622910496461,0.27283770895035386,0.9593976608675149,0.4065102507788265,5,0.1,0.5,0.6196797137949,0.6196627888901256,0.6255661328905319,1.0,0.6308900827900774,0.6277788340761812,0.6242759109849673,0.621917592427641,0.6312849075437109,0.6362607838841418,0.6301694909570442,0.6287726105549549
1,4,0.2984815542402256,0.90736,5000,2.0427592242205583,0.7298919567827131,833,2.046681486379605,0.7256,0.8192896832879153,0.08367462120654469,,,0.9173997249051802,,0.9174137844485719,0.08258621555142809,0.9606290804910069,0.4070599845732569,5,0.1,0.5,0.6314818161381384,0.6286369281744971,0.6254819039892588,0.6308900827900774,1.0,0.6366955359830792,0.6438768175548384,0.6349295153896946,0.6393328103840108,0.6463805962013137,0.6420441144468761,0.6431512515922101
1,5,0.30278476833656526,0.90988,5000,2.0530180754484952,0.7034813925570228,833,2.0468572667612435,0.7272,0.8145158165908752,0.0832939535457579,,,0.8209520405936326,,0.8209728427287787,0.17902715727122132,0.9601142043823019,0.40693338450033245,5,0.1,0.5,0.6259442976543147,0.6261317949696024,0.6296161099357558,0.6277788340761812,0.6366955359830792,1.0,0.6352381282416707,0.6295631549931151,0.640426959669028,0.6322880347764402,0.6380262229356537,0.636003010567895
1,6,0.2992407495974545,0.911,5000,2.0496682502605297,0.6938775510204082,833,2.0465782225703277,0.7248,0.8142457060437319,0.08400063477160524,,,0.9999999997466356,,1.0,0.0,0.9608008568903248,0.4070717563257055,5,0.1,0.5,0.6296803316076381,0.6275768518652577,0.6339555061185862,0.6242759109849673,0.6438768175548384,0.6352381282416707,1.0,0.6299913541268457,0.632618911820621,0.6208720593358427,0.6372235361649362,0.6350143255899303
1,7,0.2991407315667932,0.90804,5000,2.049172560373942,0.7010804321728692,833,2.0471898793412473,0.7272,0.811471999685362,0.08305958815448877,,,0.7615721625552463,,0.7615882736810401,0.2384117263189599,0.9596199754701241,0.4067158398903838,5,0.1,0.5,0.6344187354690104,0.6192549759997902,0.6318706277544137,0.621917592427641,0.6349295153896946,0.6295631549931151,0.6299913541268457,1.0,0.6282914063574092,0.6291472699582834,0.6406057898905643,0.6288851619891721
1,8,0.306734046144233,0.90388,5000,2.0491997047706887,0.723889555822329,833,2.046696784016423,0.7259,0.8171157500259404,0.08353119294604788,,,0.8810600905869963,,0.8810802670548668,0.11891973294513325,0.9605431239434039,0.4070344997901145,5,0.1,0.5,0.6316125394648476,0.6319934278653152,0.634455772763673,0.6312849075437109,0.6393328103840108,0.640426959669028,0.632618911820621,0.6282914063574092,1.0,0.6367575824657411,0.6367615347883454,0.6387569999544778
1,9,0.30292877764352094,0.90568,5000,2.045254287896333,0.7262905162064826,833,2.047007554636215,0.7271,0.8154199596976678,0.08322927323263903,,,0.804564343230616,,0.8045780834295467,0.19542191657045327,0.9598655163771214,0.40688848918910375,5,0.1,0.5,0.6297872418322195,0.6325439529093934,0.6391626716165958,0.6362607838841418,0.6463805962013137,0.6322880347764402,0.6208720593358427,0.6291472699582834,0.6367575824657411,1.0,0.6289633861786957,0.6353683612442783
1,10,0.29808382150734875,0.91104,5000,2.0546985732184515,0.7310924369747899,833,2.0465811708102972,0.7248,0.8193516714246262,0.08394691410421329,,,0.986389087911057,,0.9864012850760504,0.013598714923949595,0.9607940605456241,0.40707171592661096,5,0.1,0.5,0.639772429481318,0.6344938392293399,0.6352663202024484,0.6301694909570442,0.6420441144468761,0.6380262229356537,0.6372235361649362,0.6406057898905643,0.6367615347883454,0.6289633861786957,1.0,0.6385968168462678
1,11,0.308750326926731,0.9048,5000,2.0546792259922735,0.7130852340936374,833,2.046697503842485,0.7258,0.8172915674849428,0.08354576388466098,,,0.8847518496520405,,0.8847648210431204,0.11523517895687962,0.9605464041415761,0.40703799217457043,5,0.1,0.5,0.6295313955881832,0.6296272743000872,0.6401520031528555,0.6287726105549549,0.6431512515922101,0.636003010567895,0.6350143255899303,0.6288851619891721,0.6387569999544778,0.6353683612442783,0.6385968168462678,1.0
2,0,0.2652460904234344,0.92052,5000,1.8531418641408284,0.86810551558753,834,1.8523840329136712,0.8632,0.809816148668174,0.08286194618068868,,,0.6689451339017884,,0.6689523618292255,0.33104763817077454,0.9668543119594183,0.4066250177444921,5,0.1,0.5,1.0,0.626709073941307,0.623217673933072,0.6266786089222237,0.641740449560676,0.6331092798359355,0.6404149300854406,0.6268114415807328,0.6262993635283207,0.6299105013452226,0.6345100099537928,0.6196797153255832
2,1,0.27460379650709543,0.91584,5000,1.839093667489511,0.8884892086330936,834,1.8539617891890554,0.8628,0.8138343778369417,0.08279535346411494,,,0.65,,0.650002509914161,0.349997490085839,0.9662466190226581,0.4063602977629943,5,0.1,0.5,0.626709073941307,1.0,0.6362766644670032,0.6319768422762547,0.6432182843246118,0.633536568919607,0.6374137778471555,0.6250811918296307,0.6287730508421179,0.635491132304951,0.6347279504785699,0.63662019961626
2,2,0.2825785011919156,0.91528,5000,1.86245862642924,0.8836930455635491,834,1.8511213502183128,0.8635,0.8121775171860655,0.08314981261083351,,,0.7508409979770303,,0.7508558807288791,0.2491441192711209,0.9683794522633604,0.40739755562810226,5,0.1,0.5,0.623217673933072,0.6362766644670032,1.0,0.6352087459839723,0.6328095832595191,0.6284991821790455,0.6382053245823782,0.6268936372881906,0.628329672071791,0.635799752023639,0.6368818492305011,0.6288028619436116
2,3,0.2767481272624936,0.91672,5000,1.8378013504876032,0.8812949640287769,834,1.8519340285097068,0.8631,0.8140028271757624,0.08300215458283461,,,0.7088333842912931,,0.7088499573314593,0.2911500426685407,0.96757903115811,0.4070705267069898,5,0.1,0.5,0.6266786089222237,0.6319768422762547,0.6352087459839723,1.0,0.6378203421781139,0.6372693617763004,0.6431513209306248,0.6315374886309363,0.6276326654904142,0.6313214532610072,0.6399555537591097,0.6275566163835723
2,4,0.2642731045740568,0.91804,5000,1.8446367449230618,0.8547418967587035,833,1.8504189252853394,0.8632,0.8218664105923641,0.08377088205219675,,,0.9275306471507098,,0.9275488178304302,0.0724511821695698,0.9693487681710907,0.40787540014574963,5,0.1,0.5,0.641740449560676,0.6432182843246118,0.6328095832595191,0.6378203421781139,1.0,0.638346047764663,0.6438865978630408,0.635209657407912,0.6369419618541163,0.6418037644334095,0.6495218971439689,0.6425806472649824
2,5,0.2663967132117528,0.9202,5000,1.8615656914534393,0.8487394957983193,833,1.8507902127104445,0.864,0.8189737206855294,0.08341917280735063,,,0.8274719758584997,,0.8274835600622459,0.17251643993775412,0.9689107317418137,0.4077375414376125,5,0.1,0.5,0.6331092798359355,0.633536568919607,0.6284991821790455,0.6372693617763004,0.638346047764663,1.0,0.6507351438380038,0.6358808457091604,0.643384446249913,0.6339768201832064,0.6425352876090575,0.6397899875898868
2,6,0.2638811825116159,0.9222,5000,1.8535063178450972,0.8619447779111644,833,1.850286503950247,0.8632,0.8230056442439613,0.08402561401031577,,,0.9999999997155073,,1.0,0.0,0.9694125698389522,0.4078851742303589,5,0.1,0.5,0.6404149300854406,0.6374137778471555,0.6382053245823782,0.6431513209306248,0.6438865978630408,0.6507351438380038,1.0,0.6323286591106031,0.6442822310462523,0.6355253067274634,0.6491110144812011,0.6385443423332314
2,7,0.2764509991119811,0.91652,5000,1.8537473369527746,0.8523409363745498,833,1.851889626286662,0.8632,0.8108041493442225,0.08298072439575653,,,0.7027366550298426,,0.7027558857487074,0.2972441142512926,0.9676615126326631,0.4070126794126523,5,0.1,0.5,0.6268114415807328,0.6250811918296307,0.6268936372881906,0.6315374886309363,0.635209657407912,0.6358808457091604,0.6323286591106031,1.0,0.6304915971462162,0.6312061462058715,0.6391989675651792,0.6235939717282791
2,8,0.2775560654889626,0.91588,5000,1.8547039341043543,0.8667466986794717,833,1.8506131808216961,0.8637,0.8141255363457072,0.08340734067951153,,,0.8241058232552088,,0.824120275086592,0.17587972491340798,0.96904798936929,0.40772859498802166,5,0.1,0.5,0.6262993635283207,0.6287730508421179,0.628329672071791,0.6276326654904142,0.6369419618541163,0.643384446249913,0.6442822310462523,0.6304915971462162,1.0,0.6314471629488915,0.6370183767818316,0.6339579810384307
2,9,0.2712383994838567,0.91712,5000,1.8519253421712805,0.8463385354141657,833,1.8511516720342178,0.8637,0.814754346665999,0.08322992377901085,,,0.7736320310845011,,0.7736459013101752,0.2263540986898248,0.9686277788784359,0.4075289713890404,5,0.1,0.5,0.6299105013452226,0.635491132304951,0.635799752023639,0.6313214532610072,0.6418037644334095,0.6339768201832064,0.6355253067274634,0.6312061462058715,0.6314471629488915,1.0,0.6373357021090063,0.6323825779604363
2,10,0.2729423668033853,0.9192,5000,1.8561792152899284,0.8691476590636255,833,1.8502910076238859,0.8631,0.8218776534418339,0.08395097857107482,,,0.9787667708732359,,0.9787761658551277,0.021223834144872278,0.9694116136806716,0.4078849308900073,5,0.1,0.5,0.6345100099537928,0.6347279504785699,0.6368818492305011,0.6399555537591097,0.6495218971439689,0.6425352876090575,0.6491110144812011,0.6391989675651792,0.6370183767818316,0.6373357021090063,1.0,0.6419239442979034
2,11,0.27323558333917125,0.91644,5000,1.8586899174584284,0.8427370948379351,833,1.8506100691926366,0.8637,0.8138128803101381,0.08340609686631131,,,0.8237519676259559,,0.823768887104061,0.17623111289593896,0.9690533611946591,0.40772737887434085,5,0.1,0.5,0.6196797153255832,0.63662019961626,0.6288028619436116,0.6275566163835723,0.6425806472649824,0.6397899875898868,0.6385443423332314,0.6235939717282791,0.6339579810384307,0.6323825779604363,0.6419239442979034,1.0
3,0,0.24124525805970856,0.92896,5000,1.630320385650352,0.9052757793764988,834,1.6268449911294274,0.9075,0.80653054737926,0.08298767562135452,,,0.6729791859711177,,0.6729933236283319,0.32700667637166814,0.9691177173385429,0.40250439940656646,5,0.1,0.5,1.0,0.6164583655485196,0.6144449136330158,0.6141304867049275,0.6255062176736303,0.6192886428494034,0.6287653047717285,0.6179329118001777,0.6225797984611101,0.6196915173802545,0.6240496235289681,0.6144218534014066
3,1,0.2511325583757631,0.92248,5000,1.6095113312756573,0.9256594724220624,834,1.6292215783756,0.9073,0.8057002598529435,0.08291463424928623,,,0.65,,0.650002509914161,0.349997490085839,0.9685910909184693,0.4021790948279873,5,0.1,0.5,0.6164583655485196,1.0,0.6172635689707401,0.6196079289695883,0.6259864771312357,0.6217551240723426,0.6274466208423108,0.6095318500051489,0.6176944175003874,0.6240243299968621,0.6143885623201257,0.6154521081614325
3,2,0.25404993386310376,0.92404,5000,1.6396332007867318,0.9136690647482014,834,1.6250341913570612,0.9075,0.8036420505239791,0.08307763640745146,,,0.7012813053767712,,0.7013001355353647,0.29869986446463526,0.9699541796362049,0.40283589632747063,5,0.1,0.5,0.6144449136330158,0.6172635689707401,1.0,0.6122501420986692,0.6217067994805862,0.6176351125903072,0.6236967158637904,0.6173415475293762,0.6169324982864681,0.6210161508466866,0.6135479129084501,0.6122581103306483
3,3,0.25569746748182426,0.92372,5000,1.6073291301727295,0.9244604316546763,834,1.6262156799578438,0.9077,0.8042637846652354,0.08300152011105907,,,0.6773347326234825,,0.6773505346117162,0.32264946538828376,0.969530587190919,0.40256102171994607,5,0.1,0.5,0.6141304867049275,0.6196079289695883,0.6122501420986692,1.0,0.623229537313469,0.6185368593989413,0.6259322627441233,0.6160395940027007,0.6134258779374313,0.6200746640640017,0.6176099847390085,0.6139185495829956
3,4,0.23857797683471707,0.92788,5000,1.6160677936342027,0.8931572629051621,833,1.6232063808380224,0.9071,0.8137555026740323,0.08384145144222883,,,0.9415813878461327,,0.9415993173033482,0.05840068269665177,0.9718039869532755,0.4037463743896317,5,0.1,0.5,0.6255062176736303,0.6259864771312357,0.6217067994805862,0.623229537313469,1.0,0.6253898787385735,0.6318133274948117,0.6171703076047853,0.6242668879099573,0.6294883845131989,0.6297311564925279,0.6289408142326414
3,5,0.24445203932441154,0.92708,5000,1.6396298938327365,0.9003601440576231,833,1.6236891487535958,0.9075,0.8109135654150375,0.08350947345446129,,,0.8371394297720748,,0.837156769238492,0.16284323076150797,0.9713335582695944,0.4036239628195212,5,0.1,0.5,0.6192886428494034,0.6217551240723426,0.6176351125903072,0.6185368593989413,0.6253898787385735,1.0,0.6368529937122878,0.6176185272866698,0.628092460863762,0.6254264992598438,0.6211474723956807,0.6254568981927117
3,6,0.24160871147029814,0.92904,5000,1.6270365052753024,0.9099639855942377,833,1.6230500803207055,0.9068,0.8142429848744598,0.08402714015933255,,,0.999999999685395,,1.0,0.0,0.9718363769214889,0.4037518125909758,5,0.1,0.5,0.6287653047717285,0.6274466208423108,0.6236967158637904,0.6259322627441233,0.6318133274948117,0.6368529937122878,1.0,0.6194485345307285,0.6254994595928158,0.62036152423591,0.6242689152756634,0.622816599441698
3,7,0.2486460889161677,0.92456,5000,1.6277722341042977,0.9099639855942377,833,1.6265624921542767,0.9076,0.8028206058328089,0.08293702518966048,,,0.6570443033634007,,0.6570603885347122,0.34293961146528784,0.9690659657233678,0.40228795018134267,5,0.1,0.5,0.6179329118001777,0.6095318500051489,0.6173415475293762,0.6160395940027007,0.6171703076047853,0.6176185272866698,0.6194485345307285,1.0,0.6177533990919759,0.6145564867055838,0.6233635641339694,0.6101177397128786
3,8,0.24941263960520174,0.92428,5000,1.6298843048236988,0.9255702280912365,833,1.6236714105636547,0.9073,0.8073451232791065,0.0833772578139448,,,0.7955437189346825,,0.7955624717634657,0.20443752823653427,0.971130072199383,0.403483875438747,5,0.1,0.5,0.6225797984611101,0.6176944175003874,0.6169324982864681,0.6134258779374313,0.6242668879099573,0.628092460863762,0.6254994595928158,0.6177533990919759,1.0,0.6201990847394675,0.6194423824119916,0.6168736206965937
3,9,0.24765654454114522,0.92652,5000,1.6292433738708496,0.8919567827130852,833,1.6244196278599505,0.9077,0.8082165516259683,0.08329013679288742,,,0.7681350040080331,,0.768149189297726,0.23185081070227398,0.9706758727072656,0.4033516056445943,5,0.1,0.5,0.6196915173802545,0.6240243299968621,0.6210161508466866,0.6200746640640017,0.6294883845131989,0.6254264992598438,0.62036152423591,0.6145564867055838,0.6201990847394675,1.0,0.6208362339678332,0.616392322155476
3,10,0.24659338768298744,0.92932,5000,1.6271207067701552,0.9039615846338536,833,1.6230474771402132,0.9067,0.8079915920380382,0.08375981723096686,,,0.9158988510991414,,0.9159128557803323,0.08408714421966768,0.971801172766578,0.40373597552240276,5,0.1,0.5,0.6240496235289681,0.6143885623201257,0.6135479129084501,0.6176099847390085,0.6297311564925279,0.6211474723956807,0.6242689152756634,0.6233635641339694,0.6194423824119916,0.6208362339678332,1.0,0.6181639939807132
3,11,0.2528532917824853,0.92328,5000,1.6315273841222127,0.8823529411764706,833,1.6238877624749375,0.9073,0.8044703223888487,0.08327623152736648,,,0.7637603369756988,,0.7637718990010541,0.23622810099894587,0.9708433495270773,0.40332667386075316,5,0.1,0.5,0.6144218534014066,0.6154521081614325,0.6122581103306483,0.6139185495829956,0.6289408142326414,0.6254568981927117,0.622816599441698,0.6101177397128786,0.6168736206965937,0.616392322155476,0.6181639939807132,1.0
4,0,0.21992317430384362,0.93488,5000,1.3863156504101224,0.9256594724220624,834,1.379549184546303,0.9292,0.7979498171033809,0.08309316881123756,,,0.7254856288111753,,0.7255057477034286,0.27449425229657143,0.9687121509420649,0.3984285948111694,5,0.1,0.5,1.0,0.599220527506779,0.6059741107560117,0.5924084975685621,0.6053891187103415,0.6039297916014458,0.6142246703853081,0.6092810543210351,0.6086041966925961,0.6006454543938556,0.6082468632676712,0.5972046815531254
4,1,0.22985762807831264,0.92944,5000,1.358008865956907,0.9412470023980816,834,1.3833992016582062,0.9289,0.7915942251260958,0.08282222192202379,,,0.65,,0.650002509914161,0.349997490085839,0.967954137994612,0.3974761712525657,5,0.1,0.5,0.599220527506779,1.0,0.5947557663537035,0.5983641567293395,0.5988509392627402,0.5967083517616387,0.6114279825057557,0.5894492915205328,0.6064706425062866,0.6041636008159029,0.5914529954794031,0.5937950124589525
4,2,0.23635815105573008,0.92924,5000,1.3940211004681058,0.9388489208633094,834,1.3774573132633783,0.9289,0.7979681417613209,0.0831536181802324,,,0.7423267840761619,,0.7423422518949852,0.25765774810501485,0.9692705523177167,0.3985652829367055,5,0.1,0.5,0.6059741107560117,0.5947557663537035,1.0,0.5967713210608099,0.6061356193596139,0.6022691156950786,0.617845910675653,0.5961947102522832,0.6077504288582449,0.6112462417699792,0.6010893935868091,0.6047957881681815
4,3,0.23870312797297147,0.92856,5000,1.3567490136181866,0.9388489208633094,834,1.379564167211612,0.9291,0.7928383205910378,0.08292351768941478,,,0.6782209355479494,,0.6782340243963656,0.3217659756036344,0.9686175700147635,0.3979057142405551,5,0.1,0.5,0.5924084975685621,0.5983641567293395,0.5967713210608099,1.0,0.6007594910415558,0.6046843544848903,0.6052968725639616,0.5954148851181245,0.6018541302572724,0.5998280369983217,0.5952101474596325,0.605583848366491
4,4,0.22171220774495393,0.93252,5000,1.3664164234090734,0.9159663865546218,833,1.374943484132663,0.929,0.8001757780263584,0.08373866839937698,,,0.9053213982841215,,0.9053410973344712,0.09465890266552879,0.9712790315001675,0.39910731157838786,5,0.1,0.5,0.6053891187103415,0.5988509392627402,0.6061356193596139,0.6007594910415558,1.0,0.6069232283338701,0.6141178118083329,0.6027521475219417,0.609915034960908,0.6092697373757409,0.6028322499102865,0.6054959739495014
4,5,0.22356893282537912,0.93276,5000,1.395676365605107,0.9195678271308524,833,1.3754636037844818,0.9288,0.8001212191282318,0.08351605209267667,,,0.8433006386302373,,0.8433160985894282,0.15668390141057176,0.970886442992026,0.3990202724831207,5,0.1,0.5,0.6039297916014458,0.5967083517616387,0.6022691156950786,0.6046843544848903,0.6069232283338701,1.0,0.6165924322343516,0.5991417508547893,0.6118392027306284,0.609353717363535,0.6015151746566155,0.610485869029806
4,6,0.21623959380207927,0.93768,5000,1.378701783992626,0.9267707082833133,833,1.3747718547479795,0.9291,0.8063599014058922,0.08407850623259833,,,0.9999999997214006,,1.0,0.0,0.9713550916897158,0.3991296001847105,5,0.1,0.5,0.6142246703853081,0.6114279825057557,0.617845910675653,0.6052968725639616,0.6141178118083329,0.6165924322343516,1.0,0.6045015387322054,0.6152182874491787,0.6065900770177038,0.6113393125522111,0.6037578043024633
4,7,0.22613485424370047,0.93064,5000,1.379836846280981,0.936374549819928,833,1.3800043968346933,0.9287,0.7936573358408774,0.08290929784462449,,,0.6742592959487383,,0.6742683600220872,0.32573163997791277,0.9683046542234767,0.3978510128143081,5,0.1,0.5,0.6092810543210351,0.5894492915205328,0.5961947102522832,0.5954148851181245,0.6027521475219417,0.5991417508547893,0.6045015387322054,1.0,0.6064869394222797,0.5995838913414026,0.6036981834400117,0.5978081722034252
4,8,0.22697697991956098,0.93396,5000,1.383756403569822,0.9375750300120048,833,1.3754526845182473,0.9288,0.8033928362249594,0.08354262829239922,,,0.8507047507545362,,0.8507253651925104,0.1492746348074896,0.9705977790263648,0.3990360178136036,5,0.1,0.5,0.6086041966925961,0.6064706425062866,0.6077504288582449,0.6018541302572724,0.609915034960908,0.6118392027306284,0.6152182874491787,0.6064869394222797,1.0,0.613749757759485,0.6074509458472058,0.6061294990340731
4,9,0.22698921768208313,0.93196,5000,1.3854331175486247,0.9255702280912365,833,1.3763466231739179,0.9286,0.8000802588679684,0.08336879837666591,,,0.8022758481995045,,0.8022940615430952,0.19770593845690476,0.9702012730868351,0.3988988211423793,5,0.1,0.5,0.6006454543938556,0.6041636008159029,0.6112462417699792,0.5998280369983217,0.6092697373757409,0.609353717363535,0.6065900770177038,0.5995838913414026,0.613749757759485,1.0,0.6024705226674318,0.6072728054534199
4,10,0.22779819035285692,0.93256,5000,1.3763036021479853,0.9315726290516206,833,1.3747538834715043,0.9292,0.7971599790188438,0.08357887075958224,,,0.8608018787670311,,0.8608202399477938,0.13917976005220623,0.9711451910953448,0.39905467260589933,5,0.1,0.5,0.6082468632676712,0.5914529954794031,0.6010893935868091,0.5952101474596325,0.6028322499102865,0.6015151746566155,0.6113393125522111,0.6036981834400117,0.6074509458472058,0.6024705226674318,1.0,0.6086120423615424
4,11,0.22880962268111243,0.93088,5000,1.3832368188434176,0.9099639855942377,833,1.3759578359774507,0.9287,0.7976538369949371,0.08327465139916751,,,0.7760465609109107,,0.7760654585613173,0.22393454143868274,0.970105741776127,0.39878003563346903,5,0.1,0.5,0.5972046815531254,0.5937950124589525,0.6047957881681815,0.605583848366491,0.6054959739495014,0.610485869029806,0.6037578043024633,0.5978081722034252,0.6061294990340731,0.6072728054534199,0.6086120423615424,1.0
5,0,0.20299234267199637,0.9412,5000,1.1391213955702606,0.935251798561151,834,1.1281336391695773,0.9394,0.7869019162832774,0.08313468293604663,,,0.7682761427612254,,0.7682897444907384,0.2317102555092616,0.968585307934533,0.3935666685884789,5,0.1,0.5,1.0,0.5726871116014361,0.5857083554971043,0.5827357224165194,0.591078986018805,0.5856964719178236,0.5991227339483746,0.5827595944128361,0.5924270592703675,0.5773419109430363,0.5908047275839448,0.581595975283461
5,1,0.21645194950875393,0.9344,5000,1.1028336573530126,0.9484412470023981,834,1.1333694282812052,0.9401,0.776759193101552,0.08259733515487863,,,0.65,,0.650002509914161,0.349997490085839,0.966602142264081,0.3922846751141065,5,0.1,0.5,0.5726871116014361,1.0,0.5778734273073209,0.5721436759311415,0.5846590980678616,0.5785648899794004,0.5874968364626364,0.570924142651318,0.5819366211944493,0.5710137567893161,0.5700481715272324,0.5802001326972946
5,2,0.21861599689574948,0.93532,5000,1.1433956137409917,0.9436450839328537,834,1.125880317756543,0.9401,0.7872691819885662,0.08318795145964147,,,0.7800011293010201,,0.7800261031072737,0.21997389689272628,0.968916543508179,0.39363297028560745,5,0.1,0.5,0.5857083554971043,0.5778734273073209,1.0,0.5845489026740655,0.5874836271454341,0.5886333596863946,0.5963694694197175,0.5830548923723359,0.5899648016717184,0.5828623323841342,0.584811697085858,0.5839211796023986
5,3,0.21676162523721718,0.93452,5000,1.1019965498535722,0.9484412470023981,834,1.1285204893103042,0.9398,0.783259856845817,0.0828934172918868,,,0.715170927159516,,0.7151900005019828,0.2848099994980172,0.967676471875856,0.39315338210544987,5,0.1,0.5,0.5827357224165194,0.5721436759311415,0.5845489026740655,1.0,0.58966416883048,0.5850167918545411,0.587081460966446,0.5839156277741806,0.5794506046313067,0.5806869129329261,0.5764459981196823,0.586871723138555
5,4,0.2013674915963962,0.93904,5000,1.1136286435303864,0.9279711884753902,833,1.1228949328580984,0.9403,0.7932582798495715,0.08378905888380142,,,0.9123114690966659,,0.9123286983585162,0.08767130164148385,0.9701699042014221,0.3939841625621022,5,0.1,0.5,0.591078986018805,0.5846590980678616,0.5874836271454341,0.58966416883048,1.0,0.5850344959430626,0.5968805765956284,0.5920495115716092,0.5973398553429304,0.5914990712544013,0.5911746192732116,0.5922018721341857
5,5,0.20082181468724636,0.94128,5000,1.146926623803598,0.9327731092436975,833,1.1233453805835103,0.9405,0.7912867847258519,0.08357113552821005,,,0.864344147335507,,0.8643541990863912,0.13564580091360878,0.9698826764824798,0.39392160234281265,5,0.1,0.5,0.5856964719178236,0.5785648899794004,0.5886333596863946,0.5850167918545411,0.5850344959430626,1.0,0.6079287967059217,0.5856015295050749,0.6007906149835007,0.5834511946182731,0.5845745874179461,0.5960510075487376
5,6,0.19668083487932755,0.94168,5000,1.1266409070403487,0.9423769507803121,833,1.1227567030218082,0.9401,0.7981377152415299,0.08418744216124424,,,0.999999999779889,,1.0,0.0,0.9702819705613196,0.39400566294970363,5,0.1,0.5,0.5991227339483746,0.5874968364626364,0.5963694694197175,0.587081460966446,0.5968805765956284,0.6079287967059217,1.0,0.5925345094950643,0.5976647793784401,0.5861874288366188,0.5993378979405894,0.592935292353125
5,7,0.20592617648979947,0.93844,5000,1.1263290599540428,0.9447779111644657,833,1.1286917353590455,0.9396,0.7859052064667128,0.08297688584043901,,,0.7335432705665628,,0.7335575523317103,0.26644244766828973,0.9676187884679214,0.3933207419541221,5,0.1,0.5,0.5827595944128361,0.570924142651318,0.5830548923723359,0.5839156277741806,0.5920495115716092,0.5856015295050749,0.5925345094950643,1.0,0.5874482307450872,0.5831515011918099,0.5915574961524276,0.5805078985996297
5,8,0.21156963380350238,0.93696,5000,1.1337070994906955,0.9483793517406963,833,1.1233423491255543,0.9402,0.7925883091430481,0.08363461875273082,,,0.8783175016313789,,0.8783294011344812,0.12167059886551879,0.9699660348622524,0.39394506985478067,5,0.1,0.5,0.5924270592703675,0.5819366211944493,0.5899648016717184,0.5794506046313067,0.5973398553429304,0.6007906149835007,0.5976647793784401,0.5874482307450872,1.0,0.5868781178559173,0.5822165212054395,0.597469998677346
5,9,0.21211458231829652,0.93644,5000,1.138376792271932,0.936374549819928,833,1.1246772730312409,0.9403,0.7838099867368514,0.08321006386892192,,,0.7848683132152516,,0.7848752572662014,0.21512474273379856,0.9692974708811783,0.39365703428016124,5,0.1,0.5,0.5773419109430363,0.5710137567893161,0.5828623323841342,0.5806869129329261,0.5914990712544013,0.5834511946182731,0.5861874288366188,0.5831515011918099,0.5868781178559173,1.0,0.5819481597620612,0.5864400741254214
5,10,0.20919805958534882,0.93892,5000,1.1224418701948944,0.9399759903961584,833,1.1227308768814745,0.9402,0.7871049748571574,0.08346612196953186,,,0.841229510793996,,0.8412479293208173,0.15875207067918273,0.9698937627246398,0.3938692718787962,5,0.1,0.5,0.5908047275839448,0.5700481715272324,0.584811697085858,0.5764459981196823,0.5911746192732116,0.5845745874179461,0.5993378979405894,0.5915574961524276,0.5822165212054395,0.5819481597620612,1.0,0.5885983555436256
5,11,0.21277630933068076,0.93456,5000,1.130432705084483,0.9327731092436975,833,1.1240517544670228,0.9402,0.7896173863226903,0.08335128615266721,,,0.8159528874494973,,0.8159730937201948,0.18402690627980522,0.9692791462660111,0.39378915273443,5,0.1,0.5,0.581595975283461,0.5802001326972946,0.5839211796023986,0.586871723138555,0.5922018721341857,0.5960510075487376,0.592935292353125,0.5805078985996297,0.597469998677346,0.5864400741254214,0.5885983555436256,1.0
6,0,0.18897373666452943,0.94372,5000,0.908234918559039,0.9436450839328537,834,0.8929502541264787,0.9461,0.7702402802693065,0.08313046615685087,,,0.7598030817212728,,0.7598162742834195,0.24018372571658053,0.9672703782435729,0.3856032611642902,5,0.1,0.5,1.0,0.5576296558592442,0.5509563283184667,0.556348984777191,0.5652997092683343,0.5561890391740524,0.563974200782641,0.5595585382701945,0.5581028891892234,0.5562243973399592,0.5576306768616456,0.5565059355138205
6,1,0.19643192955998667,0.93964,5000,0.86512248383628,0.9568345323741008,834,0.8991907341792561,0.9455,0.7669982644866621,0.08265457880621102,,,0.65,,0.650002509914161,0.349997490085839,0.9649593291588907,0.3843845818502144,5,0.1,0.5,0.5576296558592442,1.0,0.5557027311612502,0.5572018556093259,0.5654887262282173,0.5491291269931577,0.560814332944062,0.5501603291262558,0.5574925172335149,0.5503305906448426,0.5503332554736549,0.5569764309824622
6,2,0.20569014519832696,0.93812,5000,0.9085847514647024,0.9508393285371702,834,0.8908570157453275,0.9464,0.7683867232376177,0.08310069742101024,,,0.7529344416327053,,0.7529491491390995,0.2470508508609005,0.9672424508498476,0.3855543145986279,5,0.1,0.5,0.5509563283184667,0.5557027311612502,1.0,0.5596063619947105,0.558970855178899,0.5559596799888976,0.5594137754040849,0.5606241650603159,0.5548379977460884,0.5533280812212017,0.5529281247988129,0.558730365733122
6,3,0.2030199216987202,0.93916,5000,0.8648185729980469,0.9496402877697842,834,0.8933816418861048,0.946,0.7732454895015234,0.08307461051762768,,,0.7469153230742509,,0.7469303749811756,0.25306962501882435,0.9665596923927723,0.38550937216413633,5,0.1,0.5,0.556348984777191,0.5572018556093259,0.5596063619947105,1.0,0.5666218190708154,0.560529728121945,0.5668956682402743,0.5586951932648698,0.5530696873173149,0.5610398395932165,0.5633568548809035,0.5641593865140091
6,4,0.1877951325664807,0.94336,5000,0.8794465881806833,0.9351740696278511,833,0.8878159176427335,0.9468,0.7784800191689789,0.08386182493369437,,,0.9285519409488707,,0.9285678429797701,0.07143215702022987,0.9686114953846781,0.38609556878313966,5,0.1,0.5,0.5652997092683343,0.5654887262282173,0.558970855178899,0.5666218190708154,1.0,0.5624243314317203,0.5731431145430954,0.5635509439220042,0.5656446916659245,0.5668212650586788,0.5590851006347943,0.5643377230839538
6,5,0.19238134184792924,0.94296,5000,0.9132138468601085,0.9423769507803121,833,0.8882191495392651,0.9466,0.7725041583018533,0.0835039299220228,,,0.8459736266453433,,0.8459866472566638,0.15401335274333616,0.9682973165567399,0.38598489306106404,5,0.1,0.5,0.5561890391740524,0.5491291269931577,0.5559596799888976,0.560529728121945,0.5624243314317203,1.0,0.5695068453117029,0.5598616831844739,0.5641401896435843,0.5617756633186691,0.5578182483895253,0.5596411975335525
6,6,0.1813034033829904,0.9456,5000,0.8906168032575537,0.9519807923169268,833,0.8876551768650263,0.9468,0.7796636095939509,0.08417148133757116,,,0.9999999997692667,,1.0,0.0,0.9686873630912402,0.38610691585340007,5,0.1,0.5,0.563974200782641,0.560814332944062,0.5594137754040849,0.5668956682402743,0.5731431145430954,0.5695068453117029,1.0,0.5676934825469252,0.5668287647763143,0.5589584659453565,0.561507507795498,0.5715132763544725
6,7,0.19403021892853034,0.94164,5000,0.8898023102018568,0.9543817527010804,833,0.893579572724839,0.9462,0.7712811720661651,0.08306122306917255,,,0.7438263922699705,,0.7438381607349028,0.25616183926509717,0.9668565870210186,0.38548562951761045,5,0.1,0.5,0.5595585382701945,0.5501603291262558,0.5606241650603159,0.5586951932648698,0.5635509439220042,0.5598616831844739,0.5676934825469252,1.0,0.5540584006228495,0.5537440708539738,0.5629664345709637,0.5579129991063791
6,8,0.1929999493809927,0.9416,5000,0.9003032644589742,0.9519807923169268,833,0.8882159583103924,0.9466,0.7710954211032355,0.08349676396132776,,,0.8443202005419785,,0.8443301039104463,0.15566989608955373,0.9683298107348278,0.38598092570266074,5,0.1,0.5,0.5581028891892234,0.5574925172335149,0.5548379977460884,0.5530696873173149,0.5656446916659245,0.5641401896435843,0.5668287647763143,0.5540584006228495,1.0,0.5604557428865633,0.5520560024762459,0.5569325570022118
6,9,0.19180476751451375,0.94268,5000,0.9060719498881588,0.9387755102040817,833,0.8896245080442093,0.9465,0.7707985480787055,0.08320088564162402,,,0.7760512052129358,,0.776070478389639,0.22392952161036095,0.9674891529490597,0.3857070773175871,5,0.1,0.5,0.5562243973399592,0.5503305906448426,0.5533280812212017,0.5610398395932165,0.5668212650586788,0.5617756633186691,0.5589584659453565,0.5537440708539738,0.5604557428865633,1.0,0.5621845346200537,0.558280043757504
6,10,0.19150511893639519,0.94292,5000,0.8858799525985012,0.943577430972389,833,0.8876396916544856,0.9466,0.7705258188170403,0.08336335324153982,,,0.8135378984957635,,0.8135535364690527,0.1864464635309473,0.9680513190803214,0.38588527850391746,5,0.1,0.5,0.5576306768616456,0.5503332554736549,0.5529281247988129,0.5633568548809035,0.5590851006347943,0.5578182483895253,0.561507507795498,0.5629664345709637,0.5520560024762459,0.5621845346200537,1.0,0.5595153703221707
6,11,0.19933369454340474,0.9382,5000,0.8939526323918943,0.936374549819928,833,0.8888735441734996,0.9465,0.7731834723603511,0.08338018499134789,,,0.8174215444829972,,0.8174338637618593,0.18256613623814066,0.9679094489177925,0.3858991265153874,5,0.1,0.5,0.5565059355138205,0.5569764309824622,0.558730365733122,0.5641593865140091,0.5643377230839538,0.5596411975335525,0.5715132763544725,0.5579129991063791,0.5569325570022118,0.558280043757504,0.5595153703221707,1.0
7,0,0.17483539144051777,0.94752,5000,0.7092752787801955,0.9448441247002398,834,0.6905484070031407,0.9503,0.753248469568248,0.08323922683322695,,,0.7953490054243069,,0.7953616786305908,0.20463832136940918,0.9634989795790925,0.3757214896698667,5,0.1,0.5,1.0,0.5252478655384181,0.5216009331295107,0.520895259448558,0.5340389279959212,0.5217717185406416,0.5313618849126923,0.5305188780567252,0.5295831924052045,0.5269891117498237,0.5365379422837266,0.5202892419167567
