round,client_id,client_i_training_loss,client_i_training_accuracy,client_i_training_dataset_size,client_i_evaluation_loss,client_i_evaluation_accuracy,client_i_evaluation_dataset_size,client_i_central_evaluation_loss,client_i_central_evaluation_accuracy,client_i_cosine_similarity,client_i_importance_coefficient,client_i_tanh_val,tanh_normalization_value,client_i_q,client_i_mask_order,client_i_v_nonzero_fraction,client_i_v_sparsity,client_i_v_cosine_similarity,client_i_reward_gradient_norm,local_epochs,learning_rate,gamma,client_0_cosine_similarity,client_1_cosine_similarity,client_2_cosine_similarity,client_3_cosine_similarity,client_4_cosine_similarity,client_5_cosine_similarity,client_6_cosine_similarity,client_7_cosine_similarity,client_8_cosine_similarity,client_9_cosine_similarity,client_10_cosine_similarity,client_11_cosine_similarity
0,0,2.2835045474948306,0.1519558435325174,4167,2.2975969314575195,0.08752997601918465,834,2.297926175443432,0.1,0.9715186193408414,0.08280732375100691,,,0.8046188496679042,,0.8046574573781585,0.19534254262184148,0,0.1466208272968714,10,0.025,0.15,1.0,0.9747148872593402,0.9561485815380562,0.9260841772617595,0.9262526643402345,0.9481500047641566,0.9420971103272001,0.9257603102558024,0.9425144452510781,0.9408241639233784,0.9565436369491045,0.9590347198290193
0,1,2.284794014150446,0.14055675545956323,4167,2.296538931982858,0.10551558752997602,834,2.297924461244028,0.1,0.9783959303416934,0.08339351088859394,,,0.8897357590762542,,0.8897691076232443,0.11023089237675565,0,0.14664719469878587,10,0.025,0.15,0.9747148872593402,1.0,0.9581059659092832,0.9353764027591399,0.9419638267184598,0.9443732263720422,0.9520780995734862,0.9488720481944092,0.9458809021995996,0.9490654588318751,0.9618771765136266,0.9665026227281431
0,2,2.2786488894260293,0.15181185505159586,4167,2.297372613634382,0.09712230215827339,834,2.297928870478763,0.1,0.9711454236285774,0.08277551443973617,,,0.8,,0.8000115528708884,0.19998844712911157,0,0.14661691938067484,10,0.025,0.15,0.9561485815380562,0.9581059659092832,1.0,0.9188743516059358,0.9484749769118106,0.9530252765111724,0.9513857829437125,0.9236492400865144,0.948917166867694,0.9314826533489705,0.966268982816279,0.9374100686367136
0,3,2.2879044308806913,0.14552435805135588,4167,2.2966297013419017,0.11390887290167866,834,2.29792598531216,0.1,0.9716946311874529,0.08282232610883744,,,0.8067972569554288,,0.8068359987456883,0.19316400125431166,0,0.14662186762425775,10,0.025,0.15,0.9260841772617595,0.9353764027591399,0.9188743516059358,1.0,0.9499730004320438,0.9549276032306941,0.951925506157031,0.9649673311125501,0.9454898134332179,0.9553825295844588,0.9486251070009125,0.9485635291150198
0,4,2.2844817876815795,0.13194144468442526,4167,2.29706072807312,0.11404561824729892,833,2.297924132286748,0.1,0.979660263993274,0.08350127628179532,,,0.9053837605800669,,0.9054232476770477,0.09457675232295226,0,0.14664887296312332,10,0.025,0.15,0.9262526643402345,0.9419638267184598,0.9484749769118106,0.9499730004320438,1.0,0.9659801883079869,0.9617572627448001,0.9532069546409633,0.966934665608283,0.9698493127891453,0.9695884396748995,0.9396670955028911
0,5,2.28688195401972,0.15133189344852413,4167,2.3023629188537598,0.09843937575030012,833,2.29792335365392,0.1,0.9818450629176515,0.08368749747021118,,,0.9324238831074129,,0.9324569655559406,0.0675430344440594,0,0.14665068824542227,10,0.025,0.15,0.9481500047641566,0.9443732263720422,0.9530252765111724,0.9549276032306941,0.9659801883079869,1.0,0.9633032260340761,0.9471658047852594,0.9749695960485548,0.9577757564537795,0.9651521579890434,0.9444552771993889
0,6,2.284939632993756,0.1556755459563235,4167,2.2974465915134976,0.09963985594237695,833,2.29792338081553,0.1,0.9816034986456683,0.08366690775584176,,,0.9294341674682414,,0.9294697232262217,0.07053027677377832,0,0.14665058111199084,10,0.025,0.15,0.9420971103272001,0.9520780995734862,0.9513857829437125,0.951925506157031,0.9617572627448001,0.9633032260340761,1.0,0.9617904341897203,0.9701135583922265,0.9496227405411238,0.9618583060432813,0.9505097611345822
0,7,2.2908014499779905,0.14521238300935926,4167,2.297327314104353,0.10684273709483794,833,2.2979254964031752,0.1,0.9744413286209875,0.08305644067864268,,,0.8407917057441125,,0.840834447360169,0.159165552639831,0,0.14663563249867642,10,0.025,0.15,0.9257603102558024,0.9488720481944092,0.9236492400865144,0.9649673311125501,0.9532069546409633,0.9471658047852594,0.9617904341897203,1.0,0.9556734455625676,0.9554943598611836,0.9551323339974874,0.9407016688169746
0,8,2.289058491677949,0.14807969275084013,4166,2.299011196408953,0.09723889555822329,833,2.297923341582093,0.1,0.9822402577608269,0.08372118187591589,,,0.9373150046025794,,0.9373504315822482,0.06264956841775182,0,0.14665087227179804,10,0.025,0.15,0.9425144452510781,0.9458809021995996,0.948917166867694,0.9454898134332179,0.966934665608283,0.9749695960485548,0.9701135583922265,0.9556734455625676,1.0,0.9621159682814419,0.9664578679041117,0.9448543083580031
0,9,2.2872660557428994,0.13746999519923186,4166,2.29853309903826,0.08643457382953182,833,2.2979244461542443,0.1,0.9788012877873283,0.08342806150303132,,,0.8947526578283751,,0.8947946064597052,0.10520539354029479,0,0.14664772725253758,10,0.025,0.15,0.9408241639233784,0.9490654588318751,0.9314826533489705,0.9553825295844588,0.9698493127891453,0.9577757564537795,0.9496227405411238,0.9554943598611836,0.9621159682814419,1.0,0.9668348143383049,0.9451304245123074
0,10,2.2847646575985534,0.13670187229956793,4166,2.2970447540283203,0.10084033613445378,833,2.29792306091212,0.1,0.9864971216430622,0.08408401538074299,,,0.9899999998547957,,0.9900232707827895,0.00997672921721049,0,0.1466534459647939,10,0.025,0.15,0.9565436369491045,0.9618771765136266,0.966268982816279,0.9486251070009125,0.9695884396748995,0.9651521579890434,0.9618583060432813,0.9551323339974874,0.9664578679041117,0.9668348143383049,1.0,0.9555253175498803
0,11,2.2835386406291613,0.13660585693710994,4166,2.299311671938215,0.09243697478991597,833,2.2979255054570453,0.1,0.9744354998723154,0.08305594386564419,,,0.8407195663465142,,0.8407601789044578,0.15923982109554224,0,0.14663562661916058,10,0.025,0.15,0.9590347198290193,0.9665026227281431,0.9374100686367136,0.9485635291150198,0.9396670955028911,0.9444552771993889,0.9505097611345822,0.9407016688169746,0.9448543083580031,0.9451304245123074,0.9555253175498803,1.0
1,0,2.149512345863111,0.2154547636189105,4167,2.286053555352347,0.10071942446043165,834,2.286491053013862,0.1149,0.985593068656591,0.08295489494247668,,,0.99,,0.9900232707827895,0.00997672921721049,0.8301303133523784,0.14809141730901287,10,0.025,0.15,1.0,0.9769891941517395,0.9763055463989619,0.9635475483487627,0.9680630660445092,0.969989228311221,0.9696041553363113,0.965662828813202,0.9779370635149983,0.9696689605265344,0.9683214080223146,0.9707006630880161
1,1,2.155810407075015,0.20767938564914806,4167,2.2849714074816023,0.12829736211031176,834,2.2864855120453655,0.1149,0.9881625891154766,0.08339924788264189,,,0.99,,0.9900232707827895,0.00997672921721049,0.8298160677080513,0.14809141730901287,10,0.025,0.15,0.9769891941517395,1.0,0.9763908229401594,0.9681254327154779,0.9770075857961318,0.9714413962118209,0.9697523493535385,0.9739328392792106,0.9786055648734489,0.9741897369910513,0.964161144132208,0.9765536870754384
1,2,2.1323027628840823,0.22140628749700025,4167,2.285700968333653,0.11630695443645084,834,2.286493986467772,0.1149,0.9857533504576056,0.08294049836597993,,,0.99,,0.9900232707827895,0.00997672921721049,0.8301592646702701,0.14809141730901287,10,0.025,0.15,0.9763055463989619,0.9763908229401594,1.0,0.9632118694921377,0.9728141276828984,0.9693314717553924,0.9697030310670023,0.9649263468611157,0.9770691733351546,0.9679596359949338,0.9703383231408028,0.9706235743849849
1,3,2.1648912964445173,0.21178305735541156,4167,2.286017758505685,0.12589928057553956,834,2.2864905791946604,0.1149,0.9851078492675569,0.08294840572718,,,0.99,,0.9900232707827895,0.00997672921721049,0.8301210513833324,0.14809141730901287,10,0.025,0.15,0.9635475483487627,0.9681254327154779,0.9632118694921377,1.0,0.9705853783721851,0.9719810121593321,0.9711216653374632,0.9765529874446454,0.9732527508645967,0.9718345922137832,0.970062712693953,0.9706975620234822
1,4,2.1547077800288346,0.21283897288216944,4167,2.285220043999808,0.11884753901560624,833,2.28648499597477,0.115,0.9886972508646927,0.08348295720410248,,,0.99,,0.9900232707827895,0.00997672921721049,0.8297964319564877,0.14809141730901287,10,0.025,0.15,0.9680630660445092,0.9770075857961318,0.9728141276828984,0.9705853783721851,1.0,0.9739860603199016,0.9735832650227495,0.9784250277594386,0.977596757842361,0.9754094561455513,0.972500450072113,0.9733241624334786
1,5,2.1583832957527855,0.21394288456923446,4167,2.2909915106637135,0.1092436974789916,833,2.286484196216245,0.1151,0.9879487915423326,0.08357339447987078,,,0.99,,0.9900232707827895,0.00997672921721049,0.8298071435151863,0.14809141730901287,10,0.025,0.15,0.969989228311221,0.9714413962118209,0.9693314717553924,0.9719810121593321,0.9739860603199016,1.0,0.9715597994602537,0.9756665990059296,0.9801454159931767,0.9735102229259501,0.975620123892327,0.9710937726536832
1,6,2.154179121869983,0.2204943604511639,4167,2.286146198000227,0.11644657863145258,833,2.2864842324317256,0.1151,0.986508181860076,0.08351401113320875,,,0.99,,0.9900232707827895,0.00997672921721049,0.8298044902254221,0.14809141730901287,10,0.025,0.15,0.9696041553363113,0.9697523493535385,0.9697030310670023,0.9711216653374632,0.9735832650227495,0.9715597994602537,1.0,0.9759119663226007,0.9748524308175361,0.9687002507874334,0.9734346724800933,0.9690819128768356
1,7,2.1722104509671527,0.21651067914566835,4167,2.2864866937909807,0.1212484993997599,833,2.2864879837519005,0.1149,0.9881528319694773,0.08319131730436463,,,0.99,,0.9900232707827895,0.00997672921721049,0.8299397157830068,0.14809141730901287,10,0.025,0.15,0.965662828813202,0.9739328392792106,0.9649263468611157,0.9765529874446454,0.9784250277594386,0.9756665990059296,0.9759119663226007,1.0,0.9730978303445437,0.9761028737338494,0.9737537082764399,0.9728894115166069
1,8,2.1578123302170726,0.2159145463274124,4166,2.287513051714216,0.12004801920768307,833,2.286484187162375,0.1151,0.9911262437673043,0.08369714791633684,,,0.99,,0.9900232707827895,0.00997672921721049,0.8298102992444896,0.14809141730901287,10,0.025,0.15,0.9779370635149983,0.9786055648734489,0.9770691733351546,0.9732527508645967,0.977596757842361,0.9801454159931767,0.9748524308175361,0.9730978303445437,1.0,0.979389668961535,0.9738009003076471,0.9763164776590436
1,9,2.1642886436346807,0.21123379740758522,4166,2.2873607022421703,0.10204081632653061,833,2.2864853883091407,0.1149,0.9873917240813986,0.08339553917999759,,,0.99,,0.9900232707827895,0.00997672921721049,0.8298042444674982,0.14809141730901287,10,0.025,0.15,0.9696689605265344,0.9741897369910513,0.9679596359949338,0.9718345922137832,0.9754094561455513,0.9735102229259501,0.9687002507874334,0.9761028737338494,0.979389668961535,1.0,0.9695517274914628,0.9715463222244162
1,10,2.1501600991595877,0.21469035045607296,4166,2.286103997911726,0.11644657863145258,833,2.286483490014378,0.1151,0.985956347246411,0.08375303422170614,,,0.99,,0.9900232707827895,0.00997672921721049,0.8298016665011226,0.14809141730901287,10,0.025,0.15,0.9683214080223146,0.964161144132208,0.9703383231408028,0.970062712693953,0.972500450072113,0.975620123892327,0.9734346724800933,0.9737537082764399,0.9738009003076471,0.9695517274914628,1.0,0.9690649270496663
1,11,2.160760420741457,0.19973595775324052,4166,2.287564720426287,0.1056422569027611,833,2.286487986769857,0.1149,0.9868739146673762,0.08314955164213429,,,0.99,,0.9900232707827895,0.00997672921721049,0.8299398420595864,0.14809141730901287,10,0.025,0.15,0.9707006630880161,0.9765536870754384,0.9706235743849849,0.9706975620234822,0.9733241624334786,0.9710937726536832,0.9690819128768356,0.9728894115166069,0.9763164776590436,0.9715463222244162,0.9690649270496663,1.0
2,0,2.067970634951736,0.254307655387569,4167,2.2678748880113875,0.1498800959232614,834,2.2686769811412955,0.1639,0.9835580689893223,0.08309675697702672,,,0.99,,0.9900232707827895,0.00997672921721049,0.9677048872176445,0.14754836648249975,10,0.025,0.15,1.0,0.9676850487650384,0.9656577713190154,0.9605219285528751,0.9620694605712885,0.9667805580912869,0.9631275676829248,0.9643257006919895,0.971120758029443,0.9640549289719412,0.9631611693270596,0.961403938674815
2,1,2.072480575243632,0.24761219102471801,4167,2.267385823386056,0.17985611510791366,834,2.268665941455696,0.164,0.9856610373980984,0.08343910606669626,,,0.99,,0.9900232707827895,0.00997672921721049,0.9677048872176445,0.14754836648249975,10,0.025,0.15,0.9676850487650384,1.0,0.9684317768611024,0.9653613934696152,0.9696228076968492,0.9673289823833788,0.9636087289831349,0.9710225570173465,0.972730262166424,0.9659772228198452,0.9547649440901614,0.9681052247438421
2,2,2.0508045908176538,0.2553635709143269,4167,2.2674031257629395,0.16546762589928057,834,2.2686805121506315,0.1639,0.9833920680027316,0.08308248811900343,,,0.99,,0.9900232707827895,0.00997672921721049,0.9677048872176445,0.14754836648249975,10,0.025,0.15,0.9656577713190154,0.9684317768611024,1.0,0.9609651553453543,0.9647527523394085,0.9641429030191103,0.9632292335916921,0.9634533727875562,0.9701655668036532,0.9630329772091709,0.9631502266372284,0.9609801616441455
2,3,2.0836347980932755,0.24542836573074153,4167,2.2692653792245046,0.16786570743405277,834,2.2686761844007273,0.164,0.9815603212407098,0.08302790058468575,,,0.99,,0.9900232707827895,0.00997672921721049,0.9677048872176445,0.14754836648249975,10,0.025,0.15,0.9605219285528751,0.9653613934696152,0.9609651553453543,1.0,0.9619335923523005,0.9630519426089782,0.9610932381120015,0.9642645389322528,0.9667596113265456,0.964805502696527,0.9542331869233146,0.9634035241594953
2,4,2.0778891386407796,0.24816414686825053,4167,2.2671094962528775,0.17647058823529413,833,2.2686652261999587,0.1639,0.9839743299318991,0.08343598209616922,,,0.99,,0.9900232707827895,0.00997672921721049,0.9677048872176445,0.14754836648249975,10,0.025,0.15,0.9620694605712885,0.9696228076968492,0.9647527523394085,0.9619335923523005,1.0,0.965541799322983,0.9626233204306994,0.9719329484224778,0.9660706300079436,0.9653021870788655,0.961351956170218,0.9634335647785549
2,5,2.0752088647900204,0.2439404847612191,4167,2.2735207421439037,0.1524609843937575,833,2.268664535087875,0.1638,0.985048897357048,0.08352664850750838,,,0.99,,0.9900232707827895,0.00997672921721049,0.9677048872176445,0.14754836648249975,10,0.025,0.15,0.9667805580912869,0.9673289823833788,0.9641429030191103,0.9630519426089782,0.965541799322983,1.0,0.9636409421832324,0.9657801939107914,0.975395794820247,0.9648664018732078,0.963089437773415,0.967635658757018
2,6,2.0695888382015806,0.25673146148308135,4167,2.268707309450422,0.16326530612244897,833,2.268664526034005,0.1638,0.9822121408393761,0.08339792958113224,,,0.99,,0.9900232707827895,0.00997672921721049,0.9677048872176445,0.14754836648249975,10,0.025,0.15,0.9631275676829248,0.9636087289831349,0.9632292335916921,0.9610932381120015,0.9626233204306994,0.9636409421832324,1.0,0.9674784684205068,0.965701609807064,0.9635381067654409,0.9590415435170202,0.9607426927653782
2,7,2.0889711040439027,0.24614830813534916,4167,2.2695792743137906,0.16806722689075632,833,2.2686707068093215,0.164,0.9851271386016383,0.08329352108398934,,,0.99,,0.9900232707827895,0.00997672921721049,0.9677048872176445,0.14754836648249975,10,0.025,0.15,0.9643257006919895,0.9710225570173465,0.9634533727875562,0.9642645389322528,0.9719329484224778,0.9657801939107914,0.9674784684205068,1.0,0.9645410886368642,0.9677416372049784,0.9603327992314149,0.9674890426300145
2,8,2.072514163002823,0.24829572731637062,4166,2.2695702144077847,0.1608643457382953,833,2.2686644988723947,0.1638,0.9874006446528213,0.08367932619831887,,,0.99,,0.9900232707827895,0.00997672921721049,0.9677048872176445,0.14754836648249975,10,0.025,0.15,0.971120758029443,0.972730262166424,0.9701655668036532,0.9667596113265456,0.9660706300079436,0.975395794820247,0.965701609807064,0.9645410886368642,1.0,0.9701469745591869,0.9623575065729373,0.9700464798881693
2,9,2.0848245859146117,0.2472395583293327,4166,2.269414322716849,0.1524609843937575,833,2.2686657603782945,0.164,0.9834881033515868,0.08336627755697366,,,0.99,,0.9900232707827895,0.00997672921721049,0.9677048872176445,0.14754836648249975,10,0.025,0.15,0.9640549289719412,0.9659772228198452,0.9630329772091709,0.964805502696527,0.9653021870788655,0.9648664018732078,0.9635381067654409,0.9677416372049784,0.9701469745591869,1.0,0.9576030134223447,0.9618706261862502
2,10,2.067288325410901,0.2514882381180989,4166,2.2691523688180104,0.16806722689075632,833,2.2686633731745465,0.1638,0.9792812108228176,0.08345021226701028,,,0.99,,0.9900232707827895,0.00997672921721049,0.9677048872176445,0.14754836648249975,10,0.025,0.15,0.9631611693270596,0.9547649440901614,0.9631502266372284,0.9542331869233146,0.961351956170218,0.963089437773415,0.9590415435170202,0.9603327992314149,0.9623575065729373,0.9576030134223447,1.0,0.9600100702105774
2,11,2.084535429694436,0.2385021603456553,4166,2.269283260617937,0.1644657863145258,833,2.2686706766297546,0.1639,0.9831585000635339,0.08320385096148586,,,0.99,,0.9900232707827895,0.00997672921721049,0.9677048872176445,0.14754836648249975,10,0.025,0.15,0.961403938674815,0.9681052247438421,0.9609801616441455,0.9634035241594953,0.9634335647785549,0.967635658757018,0.9607426927653782,0.9674890426300145,0.9700464798881693,0.9618706261862502,0.9600100702105774,1.0
3,0,2.00902640097069,0.27578593712503,4167,2.243072952542986,0.19904076738609114,834,2.244267982772634,0.2121,0.9796128801498003,0.08319013792592996,,,0.99,,0.9900232707827895,0.00997672921721049,0.9806814804690276,0.14692856079726863,10,0.025,0.15,1.0,0.960431235012595,0.9565261363534161,0.9496986626390925,0.9562448046071934,0.9586113992746016,0.9563382917759272,0.959123388950426,0.9629254803856309,0.9542950227508501,0.9501044262178042,0.9504148280235823
3,1,2.015550460959926,0.2719702423806096,4167,2.243194103240967,0.23501199040767387,834,2.2442506959166706,0.2124,0.9817913138071233,0.08347247493923277,,,0.99,,0.9900232707827895,0.00997672921721049,0.9806814804690276,0.14692856079726863,10,0.025,0.15,0.960431235012595,1.0,0.9591450666035733,0.9578859845633396,0.9609758169236919,0.9588264483317248,0.9567068018521683,0.9646523177058414,0.9636846391153185,0.9559764357596298,0.943722756195547,0.9582007028315449
3,2,1.9994855869900097,0.27840172786177103,4167,2.242445605141776,0.21342925659472423,834,2.2442719996729985,0.212,0.979247804611989,0.08316945188739239,,,0.99,,0.9900232707827895,0.00997672921721049,0.9806814804690276,0.14692856079726863,10,0.025,0.15,0.9565261363534161,0.9591450666035733,1.0,0.9519336217211702,0.9548817435734565,0.9559135126676277,0.9557793808271959,0.9561767146361818,0.9602233535797372,0.9542135499008534,0.9543585878048093,0.9513016982158158
3,3,2.0278531966787394,0.26570674346052314,4167,2.246185915810721,0.21342925659472423,834,2.244266808787479,0.212,0.9766322841048497,0.08305068188702726,,,0.99,,0.9900232707827895,0.00997672921721049,0.9806814804690276,0.14692856079726863,10,0.025,0.15,0.9496986626390925,0.9578859845633396,0.9519336217211702,1.0,0.9539188227082188,0.9503447198217634,0.9534524207717984,0.9554040517351893,0.9566006389814145,0.954740537801727,0.9418263100179364,0.9539698182954562
3,4,2.0214965372374563,0.2704823614110871,4167,2.2425941058567593,0.21368547418967587,833,2.244249914265886,0.2123,0.9809493960524429,0.08344316930325357,,,0.99,,0.9900232707827895,0.00997672921721049,0.9806814804690276,0.14692856079726863,10,0.025,0.15,0.9562448046071934,0.9609758169236919,0.9548817435734565,0.9539188227082188,1.0,0.9596469015037508,0.9579630478962886,0.963762181876566,0.9574083060038612,0.954562087695407,0.9549007970136894,0.9560139948715763
3,5,2.0195056752725082,0.2657307415406767,4167,2.249536003385271,0.18847539015606243,833,2.24424932576433,0.2123,0.9811067643365273,0.08350430002149865,,,0.99,,0.9900232707827895,0.00997672921721049,0.9806814804690276,0.14692856079726863,10,0.025,0.15,0.9586113992746016,0.9588264483317248,0.9559135126676277,0.9503447198217634,0.9596469015037508,1.0,0.9555070464628612,0.9595273049903483,0.9658836667900906,0.955409512942099,0.9530137563227417,0.9593717570142258
3,6,2.014450852798693,0.27633789296856254,4167,2.2447104113442555,0.2064825930372149,833,2.2442493287822867,0.2123,0.9788568547700656,0.08335161974480663,,,0.99,,0.9900232707827895,0.00997672921721049,0.9806814804690276,0.14692856079726863,10,0.025,0.15,0.9563382917759272,0.9567068018521683,0.9557793808271959,0.9534524207717984,0.9579630478962886,0.9555070464628612,1.0,0.9588266740282959,0.9574415673052513,0.9522871754335525,0.9486455664589981,0.9527718194292968
3,7,2.0310931046803793,0.2675305975521958,4167,2.246025562286377,0.234093637454982,833,2.2442581200901466,0.2123,0.9822352163305386,0.0833969663095777,,,0.99,,0.9900232707827895,0.00997672921721049,0.9806814804690276,0.14692856079726863,10,0.025,0.15,0.959123388950426,0.9646523177058414,0.9561767146361818,0.9554040517351893,0.963762181876566,0.9595273049903483,0.9588266740282959,1.0,0.9570593200363811,0.958844810511064,0.9501891152945555,0.9619164645078634
3,8,2.0131739258766173,0.2698511761881901,4166,2.2448743752070834,0.22569027611044418,833,2.2442492714411095,0.2123,0.9831034642264523,0.08366354871626779,,,0.99,,0.9900232707827895,0.00997672921721049,0.9806814804690276,0.14692856079726863,10,0.025,0.15,0.9629254803856309,0.9636846391153185,0.9602233535797372,0.9566006389814145,0.9574083060038612,0.9658836667900906,0.9574415673052513,0.9570593200363811,1.0,0.9610379888214888,0.950760605890735,0.9624855731895111
3,9,2.027955702940623,0.26817090734517524,4166,2.244659049170358,0.2028811524609844,833,2.2442504816417452,0.2124,0.9782408250913365,0.0833120343971128,,,0.99,,0.9900232707827895,0.00997672921721049,0.9806814804690276,0.14692856079726863,10,0.025,0.15,0.9542950227508501,0.9559764357596298,0.9542135499008534,0.954740537801727,0.954562087695407,0.955409512942099,0.9522871754335525,0.958844810511064,0.9610379888214888,1.0,0.9439566305119963,0.953164990399226
3,10,2.012228342258569,0.27357177148343736,4166,2.2459568296160017,0.21968787515006002,833,2.244247783588458,0.2123,0.9733484712697672,0.08320481041704049,,,0.99,,0.9900232707827895,0.00997672921721049,0.9806814804690276,0.14692856079726863,10,0.025,0.15,0.9501044262178042,0.943722756195547,0.9543585878048093,0.9418263100179364,0.9549007970136894,0.9530137563227417,0.9486455664589981,0.9501891152945555,0.950760605890735,0.9439566305119963,1.0,0.9494450934560705
3,11,2.0311581947586754,0.2610657705232837,4166,2.244363376072475,0.19567827130852342,833,2.2442581321619732,0.2123,0.9791363060061623,0.08324080445085998,,,0.99,,0.9900232707827895,0.00997672921721049,0.9806814804690276,0.14692856079726863,10,0.025,0.15,0.9504148280235823,0.9582007028315449,0.9513016982158158,0.9539698182954562,0.9560139948715763,0.9593717570142258,0.9527718194292968,0.9619164645078634,0.9624855731895111,0.953164990399226,0.9494450934560705,1.0
4,0,1.963589069337556,0.29208063354931607,4167,2.2122696127210344,0.22541966426858512,834,2.213990534408183,0.2502,0.9766656666987388,0.08321777274306123,,,0.99,,0.9900232707827895,0.00997672921721049,0.9850445301777564,0.14662500516929036,10,0.025,0.15,1.0,0.9534583596381105,0.9495684146151019,0.9460112564456958,0.9520662359633102,0.95347376511371,0.9518794123485532,0.9547463125536296,0.9555168666045565,0.9496934010638072,0.9457293824699452,0.9441630087145731
4,1,1.970554100744652,0.28852891768658506,4167,2.213552236557007,0.26498800959232616,834,2.2139677126196364,0.2503,0.9788689330060916,0.08346403636199437,,,0.99,,0.9900232707827895,0.00997672921721049,0.9850445301777564,0.14662500516929036,10,0.025,0.15,0.9534583596381105,1.0,0.951369798699082,0.9541953859914369,0.9564948307469254,0.9534954428274915,0.9506762080486256,0.9610592553288069,0.9593858875443683,0.9504918022224992,0.9386367759416764,0.9527336140849081
4,2,1.955165069030993,0.2944564434845212,4167,2.2117339883531844,0.24820143884892087,834,2.2139952786361117,0.2502,0.9761076043668004,0.08318682258025162,,,0.99,,0.9900232707827895,0.00997672921721049,0.9850445301777564,0.14662500516929036,10,0.025,0.15,0.9495684146151019,0.951369798699082,1.0,0.9458535518474921,0.9502008921497007,0.9514112886857675,0.9509565743774239,0.9504676528655877,0.9538461378274969,0.9487444238994703,0.9509494816080634,0.9464347045319946
4,3,1.9823576988595906,0.279745620350372,4167,2.2174977234431674,0.25059952038369304,834,2.213988989214354,0.2501,0.9749106355236616,0.08307443715638922,,,0.99,,0.9900232707827895,0.00997672921721049,0.9850445301777564,0.14662500516929036,10,0.025,0.15,0.9460112564456958,0.9541953859914369,0.9458535518474921,1.0,0.9497946772046709,0.9463516394563792,0.9507547499537059,0.95175540773564,0.9517770216982164,0.9510754897648689,0.9384762889421514,0.9497866073667505
4,4,1.9758640191771768,0.28620110391168707,4167,2.2127340861729214,0.2545018007202881,833,2.2139669279508953,0.2501,0.9797510815485232,0.08347462347397164,,,0.99,,0.9900232707827895,0.00997672921721049,0.9850445301777564,0.14662500516929036,10,0.025,0.15,0.9520662359633102,0.9564948307469254,0.9502008921497007,0.9497946772046709,1.0,0.9577363180011232,0.9538321488051178,0.9605544893738727,0.9546773631900858,0.9510879725457074,0.9541947821284729,0.9517336222207468
4,5,1.9720214580044602,0.2840172786177106,4167,2.219391414097377,0.226890756302521,833,2.213966309269772,0.2501,0.9796003608708869,0.08350751525718936,,,0.99,,0.9900232707827895,0.00997672921721049,0.9850445301777564,0.14662500516929036,10,0.025,0.15,0.95347376511371,0.9534954428274915,0.9514112886857675,0.9463516394563792,0.9577363180011232,1.0,0.9519557473080903,0.9557005547073177,0.9618207859905661,0.9513585140849578,0.951215377661263,0.9560291267175756
4,6,1.965940046671665,0.2954403647708183,4167,2.214986119951521,0.2460984393757503,833,2.213966318323642,0.2501,0.977267295688818,0.08333719314986351,,,0.99,,0.9900232707827895,0.00997672921721049,0.9850445301777564,0.14662500516929036,10,0.025,0.15,0.9518794123485532,0.9506762080486256,0.9509565743774239,0.9507547499537059,0.9538321488051178,0.9519557473080903,1.0,0.9568367368598116,0.9526240388417574,0.95084898708585,0.9446253175543471,0.9483176794020242
4,7,1.9854367917234248,0.28356131509479243,4167,2.2167208875928606,0.27010804321728693,833,2.213977795612963,0.2503,0.9807230210016076,0.08347768506575774,,,0.99,,0.9900232707827895,0.00997672921721049,0.9850445301777564,0.14662500516929036,10,0.025,0.15,0.9547463125536296,0.9610592553288069,0.9504676528655877,0.95175540773564,0.9605544893738727,0.9557005547073177,0.9568367368598116,1.0,0.9533068710422358,0.9550845168190519,0.9465186831844167,0.9577745751338475
4,8,1.9693215030612368,0.28602976476236197,4166,2.2140157222747803,0.2737094837935174,833,2.2139662730542917,0.2501,0.9808733716917684,0.08364740274581231,,,0.99,,0.9900232707827895,0.00997672921721049,0.9850445301777564,0.14662500516929036,10,0.025,0.15,0.9555168666045565,0.9593858875443683,0.9538461378274969,0.9517770216982164,0.9546773631900858,0.9618207859905661,0.9526240388417574,0.9533068710422358,1.0,0.9572309830768706,0.9488297787558497,0.9564131123604828
4,9,1.9837222558079344,0.28526164186269803,4166,2.2140979766845703,0.24369747899159663,833,2.2139675345601915,0.2503,0.9764857214078619,0.08328728432436447,,,0.99,,0.9900232707827895,0.00997672921721049,0.9850445301777564,0.14662500516929036,10,0.025,0.15,0.9496934010638072,0.9504918022224992,0.9487444238994703,0.9510754897648689,0.9510879725457074,0.9513585140849578,0.95084898708585,0.9550845168190519,0.9572309830768706,1.0,0.9422642646846268,0.9462580108880795
4,10,1.967614365346504,0.29200672107537207,4166,2.216799088886806,0.2424969987995198,833,2.2139643626877024,0.2501,0.9722923582981503,0.08308453039797765,,,0.99,,0.9900232707827895,0.00997672921721049,0.9850445301777564,0.14662500516929036,10,0.025,0.15,0.9457293824699452,0.9386367759416764,0.9509494816080634,0.9384762889421514,0.9541947821284729,0.951215377661263,0.9446253175543471,0.9465186831844167,0.9488297787558497,0.9422642646846268,1.0,0.9435933885235753
4,11,1.9869866024364125,0.2774123859817571,4166,2.2133168833596364,0.2545018007202881,833,2.2139777775052227,0.2503,0.9764074561886401,0.08324069674336693,,,0.99,,0.9900232707827895,0.00997672921721049,0.9850445301777564,0.14662500516929036,10,0.025,0.15,0.9441630087145731,0.9527336140849081,0.9464347045319946,0.9497866073667505,0.9517336222207468,0.9560291267175756,0.9483176794020242,0.9577745751338475,0.9564131123604828,0.9462580108880795,0.9435933885235753,1.0
5,0,1.9253796367934255,0.3048236141108711,4167,2.176991973604475,0.2577937649880096,834,2.179200308232368,0.2765,0.97459774823614,0.0832354681148292,,,0.99,,0.9900232707827895,0.00997672921721049,0.9874195892006111,0.14631169465169894,10,0.025,0.15,1.0,0.9497204410183588,0.9462226604189882,0.9405600971130629,0.9475763724479638,0.9489900583148261,0.9469914389718928,0.9489488799342976,0.9525517462930717,0.9458795352085356,0.9403139862725028,0.9398390882741344
5,1,1.9285532561215488,0.30767938564914804,4167,2.179435968399048,0.2961630695443645,834,2.179172811628897,0.2763,0.976802248434771,0.08345965097961906,,,0.99,,0.9900232707827895,0.00997672921721049,0.9874195892006111,0.14631169465169894,10,0.025,0.15,0.9497204410183588,1.0,0.9471040965512695,0.9481962629724288,0.9505232779695428,0.9503971176475949,0.9470275158880554,0.9564203517008837,0.9554438317337105,0.9451855482695389,0.9356234835311472,0.9475950551719754
5,2,1.9162668517141632,0.3087592992560595,4167,2.176313502447946,0.2637889688249401,834,2.179205625872069,0.2765,0.9743497242185744,0.08320823866498735,,,0.99,,0.9900232707827895,0.00997672921721049,0.9874195892006111,0.14631169465169894,10,0.025,0.15,0.9462226604189882,0.9471040965512695,1.0,0.9408755477845426,0.945894956878687,0.9487159036324869,0.9465326124980066,0.9481021462507115,0.9494270943134666,0.9442816270288517,0.9438424561656277,0.9437478411461336
5,3,1.9434039224277844,0.2939044876409887,4167,2.1846625123705183,0.28177458033573144,834,2.179198458224912,0.2765,0.9732985265953605,0.08310445971470001,,,0.99,,0.9900232707827895,0.00997672921721049,0.9874195892006111,0.14631169465169894,10,0.025,0.15,0.9405600971130629,0.9481962629724288,0.9408755477845426,1.0,0.9453194777184696,0.9433974948750488,0.9486542229629814,0.947223252172253,0.9433942498148088,0.9483689074431849,0.9369836347255524,0.949564261788826
5,4,1.9362144925377585,0.30203983681305496,4167,2.1783808980669295,0.2809123649459784,833,2.179172075247463,0.2763,0.9767815558639911,0.08346552830370084,,,0.99,,0.9900232707827895,0.00997672921721049,0.9874195892006111,0.14631169465169894,10,0.025,0.15,0.9475763724479638,0.9505232779695428,0.945894956878687,0.9453194777184696,1.0,0.9520976282463416,0.9477418918760189,0.9540579891563888,0.94902852587656,0.9467246711396617,0.9490967104407022,0.9449758016996964
5,5,1.9312009930610656,0.2980561555075594,4167,2.1847849573407854,0.25930372148859543,833,2.17917147467408,0.2763,0.9779073351379818,0.08352254604490589,,,0.99,,0.9900232707827895,0.00997672921721049,0.9874195892006111,0.14631169465169894,10,0.025,0.15,0.9489900583148261,0.9503971176475949,0.9487159036324869,0.9433974948750488,0.9520976282463416,1.0,0.9500774891792197,0.9518145311432149,0.9562376853613784,0.9460571645077765,0.9472247495713506,0.9511644198599823
5,6,1.9231998548363194,0.30911927045836335,4167,2.180478981563023,0.2809123649459784,833,2.1791714384586,0.2763,0.9756347835205217,0.08334313903016309,,,0.99,,0.9900232707827895,0.00997672921721049,0.9874195892006111,0.14631169465169894,10,0.025,0.15,0.9469914389718928,0.9470275158880554,0.9465326124980066,0.9486542229629814,0.9477418918760189,0.9500774891792197,1.0,0.9524351127744453,0.9476213130786265,0.9464450468315823,0.9393710795351646,0.9468041916342308
5,7,1.9449611389275754,0.2984641228701704,4167,2.183110203061785,0.2917166866746699,833,2.1791852063770536,0.2762,0.9780475342093662,0.08350865331827623,,,0.99,,0.9900232707827895,0.00997672921721049,0.9874195892006111,0.14631169465169894,10,0.025,0.15,0.9489488799342976,0.9564203517008837,0.9481021462507115,0.947223252172253,0.9540579891563888,0.9518145311432149,0.9524351127744453,1.0,0.9485826462725955,0.9485236204368583,0.9408622426642715,0.9508705022104544
5,8,1.927977321364663,0.30033605376860295,4166,2.178405932017735,0.290516206482593,833,2.179171396207206,0.2763,0.978147202301426,0.08361691961117955,,,0.99,,0.9900232707827895,0.00997672921721049,0.9874195892006111,0.14631169465169894,10,0.025,0.15,0.9525517462930717,0.9554438317337105,0.9494270943134666,0.9433942498148088,0.94902852587656,0.9562376853613784,0.9476213130786265,0.9485826462725955,1.0,0.9517813281085126,0.9420485533727969,0.9527901360535929
5,9,1.9425091801267682,0.29668746999519924,4166,2.179121358054025,0.2653061224489796,833,2.179172624515582,0.2763,0.9745558121044154,0.08327711568771769,,,0.99,,0.9900232707827895,0.00997672921721049,0.9874195892006111,0.14631169465169894,10,0.025,0.15,0.9458795352085356,0.9451855482695389,0.9442816270288517,0.9483689074431849,0.9467246711396617,0.9460571645077765,0.9464450468315823,0.9485236204368583,0.9517813281085126,1.0,0.9389064359422998,0.944945090435309
5,10,1.927186827587359,0.30691310609697553,4166,2.1833202838897705,0.2665066026410564,833,2.1791690572907654,0.2763,0.9698959250628082,0.08299988905761388,,,0.99,,0.9900232707827895,0.00997672921721049,0.9874195892006111,0.14631169465169894,10,0.025,0.15,0.9403139862725028,0.9356234835311472,0.9438424561656277,0.9369836347255524,0.9490967104407022,0.9472247495713506,0.9393710795351646,0.9408622426642715,0.9420485533727969,0.9389064359422998,1.0,0.9384383221647543
5,11,1.9478960799448417,0.2930868939030245,4166,2.17763124193464,0.28211284513805523,833,2.179185194305227,0.2762,0.9748660512728274,0.08325839147230713,,,0.99,,0.9900232707827895,0.00997672921721049,0.9874195892006111,0.14631169465169894,10,0.025,0.15,0.9398390882741344,0.9475950551719754,0.9437478411461336,0.949564261788826,0.9449758016996964,0.9511644198599823,0.9468041916342308,0.9508705022104544,0.9527901360535929,0.944945090435309,0.9384383221647543,1.0
6,0,1.884500684521415,0.3188384929205664,4167,2.1382389749799455,0.2589928057553957,834,2.1409771502772466,0.2921,0.9722300806982278,0.08323132420457706,,,0.99,,0.9900232707827895,0.00997672921721049,0.9903697051151036,0.1460257705620557,10,0.025,0.15,1.0,0.9447505363431637,0.9409801512763343,0.9362679431662669,0.9440716273077845,0.9455524072100953,0.9446837561958693,0.9456312788574384,0.9455248480455807,0.9410631475006419,0.9355649975214415,0.9335433627031395
6,1,1.8896815664840467,0.3226301895848332,4167,2.142108304159982,0.3129496402877698,834,2.14094616793379,0.2922,0.9749465701090226,0.08345868756143744,,,0.99,,0.9900232707827895,0.00997672921721049,0.9903697051151036,0.1460257705620557,10,0.025,0.15,0.9447505363431637,1.0,0.9428829552002255,0.9472018857766745,0.9461493225816904,0.9469576793733964,0.9435202645168962,0.9496623435015806,0.9499124564204628,0.9428268164540884,0.9322350531606814,0.9431199060442171
6,2,1.8768398183764834,0.32203023758099353,4167,2.137401751109532,0.2793764988009592,834,2.140983231459992,0.2923,0.9722100600156307,0.08321380969680706,,,0.99,,0.9900232707827895,0.00997672921721049,0.9903697051151036,0.1460257705620557,10,0.025,0.15,0.9409801512763343,0.9428829552002255,1.0,0.939465350132397,0.939498308564151,0.9458160726107585,0.9412543407863854,0.9421096871907841,0.9442992428715462,0.941426298915424,0.940471173146294,0.9392711514110463
6,3,1.904732146768859,0.3053035757139429,4167,2.1485789843967984,0.30455635491606714,834,2.1409749200072468,0.2922,0.972611876941695,0.08316264018925106,,,0.99,,0.9900232707827895,0.00997672921721049,0.9903697051151036,0.1460257705620557,10,0.025,0.15,0.9362679431662669,0.9472018857766745,0.939465350132397,1.0,0.9420116212690453,0.9422885740167216,0.9448490769792808,0.9446443497724735,0.9396806331411736,0.9470096900339835,0.9331510468502878,0.9456561214699624
6,4,1.894922765457269,0.3146148308135349,4167,2.140770333153861,0.304921968787515,833,2.140945666952978,0.2921,0.9751785266358148,0.08346988714487397,,,0.99,,0.9900232707827895,0.00997672921721049,0.9903697051151036,0.1460257705620557,10,0.025,0.15,0.9440716273077845,0.9461493225816904,0.939498308564151,0.9420116212690453,1.0,0.9504186478162086,0.9448501031339338,0.9499672894255196,0.9480855985370995,0.9434075018891016,0.9435752604220836,0.9399101818117208
6,5,1.8918228980266687,0.31403887688984883,4167,2.1467481681278775,0.2845138055222089,833,2.140945108630989,0.2921,0.9770992003942975,0.08356779504755661,,,0.99,,0.9900232707827895,0.00997672921721049,0.9903697051151036,0.1460257705620557,10,0.025,0.15,0.9455524072100953,0.9469576793733964,0.9458160726107585,0.9422885740167216,0.9504186478162086,1.0,0.9465796647065141,0.9466557493239011,0.9531948415945629,0.9437955015379149,0.9448753203886439,0.9482275918732829
6,6,1.8843691659696173,0.3229661627069834,4167,2.1424500601632253,0.29411764705882354,833,2.140945069397552,0.2921,0.9734931504505026,0.08333916647412873,,,0.99,,0.9900232707827895,0.00997672921721049,0.9903697051151036,0.1460257705620557,10,0.025,0.15,0.9446837561958693,0.9435202645168962,0.9412543407863854,0.9448490769792808,0.9448501031339338,0.9465796647065141,1.0,0.947116767552084,0.9428567026989355,0.9418665670417462,0.9340385834670596,0.94073114372807
6,7,1.9054436297127695,0.31123110151187905,4167,2.1459905420030867,0.304921968787515,833,2.140960961957521,0.2921,0.9756979390156456,0.0835135214386673,,,0.99,,0.9900232707827895,0.00997672921721049,0.9903697051151036,0.1460257705620557,10,0.025,0.15,0.9456312788574384,0.9496623435015806,0.9421096871907841,0.9446443497724735,0.9499672894255196,0.9466557493239011,0.947116767552084,1.0,0.9422510121789873,0.944014819811375,0.938837678252387,0.9471201285198216
6,8,1.8836809747146837,0.31236197791646664,4166,2.1393818174089705,0.2929171668667467,833,2.140944948679284,0.2921,0.975939319032063,0.08358843308538162,,,0.99,,0.9900232707827895,0.00997672921721049,0.9903697051151036,0.1460257705620557,10,0.025,0.15,0.9455248480455807,0.9499124564204628,0.9442992428715462,0.9396806331411736,0.9480855985370995,0.9531948415945629,0.9428567026989355,0.9422510121789873,1.0,0.9504853652394998,0.938565547187188,0.9458795980453523
6,9,1.902688438242132,0.30955352856457036,4166,2.1407176085880826,0.2917166866746699,833,2.1409460562693923,0.2922,0.9731416817608198,0.08328682595229994,,,0.99,,0.9900232707827895,0.00997672921721049,0.9903697051151036,0.1460257705620557,10,0.025,0.15,0.9410631475006419,0.9428268164540884,0.941426298915424,0.9470096900339835,0.9434075018891016,0.9437955015379149,0.9418665670417462,0.944014819811375,0.9504853652394998,1.0,0.933929548587923,0.938451576278077
6,10,1.886631478324081,0.3201632261161786,4166,2.1464831488473073,0.2773109243697479,833,2.140942425667485,0.2921,0.9677208474602461,0.0829384738813791,,,0.99,,0.9900232707827895,0.00997672921721049,0.9903697051151036,0.1460257705620557,10,0.025,0.15,0.9355649975214415,0.9322350531606814,0.940471173146294,0.9331510468502878,0.9435752604220836,0.9448753203886439,0.9340385834670596,0.938837678252387,0.938565547187188,0.933929548587923,1.0,0.9299379947956781
6,11,1.9082109245386991,0.3063610177628421,4166,2.1382634980337962,0.3025210084033613,833,2.140960922724084,0.2921,0.9717365822502204,0.08322943532364016,,,0.99,,0.9900232707827895,0.00997672921721049,0.9903697051151036,0.1460257705620557,10,0.025,0.15,0.9335433627031395,0.9431199060442171,0.9392711514110463,0.9456561214699624,0.9399101818117208,0.9482275918732829,0.94073114372807,0.9471201285198216,0.9458795980453523,0.938451576278077,0.9299379947956781,1.0
