round,client_id,client_i_training_loss,client_i_training_accuracy,client_i_training_dataset_size,client_i_evaluation_loss,client_i_evaluation_accuracy,client_i_evaluation_dataset_size,client_i_central_evaluation_loss,client_i_central_evaluation_accuracy,client_i_cosine_similarity,client_i_importance_coefficient,client_i_tanh_val,tanh_normalization_value,client_i_q,client_i_mask_order,client_i_v_nonzero_fraction,client_i_v_sparsity,client_i_v_cosine_similarity,client_i_reward_gradient_norm,local_epochs,learning_rate,gamma,client_0_cosine_similarity,client_1_cosine_similarity,client_2_cosine_similarity,client_3_cosine_similarity,client_4_cosine_similarity,client_5_cosine_similarity,client_6_cosine_similarity,client_7_cosine_similarity,client_8_cosine_similarity,client_9_cosine_similarity,client_10_cosine_similarity,client_11_cosine_similarity
0,0,2.222933115625078,0.32048,5000,2.2592921168715865,0.21942446043165467,834,2.263334434253339,0.2075,0.9959783893602434,0.08334249893680613,,,0.99,,0.9900107286803723,0.00998927131962768,0,0.09958688750074887,5,0.001,0.1,1.0,0.9824081670075545,0.9923506525830713,0.9881089135790281,0.9929530574752797,0.9930322358407258,0.9938439979891684,0.9953689026428016,0.9899072257443509,0.9902513852396942,0.9917030790211774,0.9924386994024937
0,1,2.2234226727941233,0.30072,5000,2.264739336790862,0.19304556354916066,834,2.263334434253339,0.2075,0.9898690846414276,0.08283127828435846,,,0.99,,0.9900107286803723,0.00998927131962768,0,0.09958688750074887,5,0.001,0.1,0.9824081670075545,1.0,0.9838568078566472,0.9839953128004343,0.985138123482764,0.9852040916867076,0.9829470824454829,0.9822447637286512,0.9873318211550695,0.9804438482958733,0.989429873015713,0.9863576300674451
0,2,2.2223900545934203,0.289,5000,2.2636948779777244,0.2014388489208633,834,2.263334434253339,0.2075,0.9966033167428947,0.08339479224987456,,,0.99,,0.9900107286803723,0.00998927131962768,0,0.09958688750074887,5,0.001,0.1,0.9923506525830713,0.9838568078566472,1.0,0.9936263681890032,0.9936980992096942,0.9937043667305893,0.9908314526976648,0.9922872928306338,0.9935194485633914,0.9932367665929638,0.9941173764340325,0.9886058334984021
0,3,2.222686514581085,0.28996,5000,2.262001249525282,0.19664268585131894,834,2.263334434253339,0.2075,0.9957086239708433,0.08331992523247736,,,0.99,,0.9900107286803723,0.00998927131962768,0,0.09958688750074887,5,0.001,0.1,0.9881089135790281,0.9839953128004343,0.9936263681890032,1.0,0.9923922179993012,0.9914800704545569,0.9899624684877449,0.9910828639481881,0.9937113190477895,0.9924163799353689,0.9939933165378124,0.9883732741518707
0,4,2.222437929955258,0.30256,5000,2.2638928360409207,0.2148859543817527,833,2.263334434253339,0.2075,0.9977194536373285,0.08348818949516762,,,0.99,,0.9900107286803723,0.00998927131962768,0,0.09958688750074887,5,0.001,0.1,0.9929530574752797,0.985138123482764,0.9936980992096942,0.9923922179993012,1.0,0.9946742260681268,0.9941766485575524,0.991265536714193,0.9948362978257538,0.9966273165887746,0.9931589934641825,0.9942522589136924
0,5,2.2228692571069026,0.30712,5000,2.2635914749569364,0.21968787515006002,833,2.263334434253339,0.2075,0.997064378644527,0.08343337345952437,,,0.99,,0.9900107286803723,0.00998927131962768,0,0.09958688750074887,5,0.001,0.1,0.9930322358407258,0.9852040916867076,0.9937043667305893,0.9914800704545569,0.9946742260681268,1.0,0.9948714953720342,0.9905280861816882,0.992534890863604,0.9947084700071663,0.9919503288410331,0.9926560894583503
0,6,2.223551718900158,0.33728,5000,2.2604481202584727,0.22929171668667467,833,2.263334434253339,0.2075,0.9964928260172944,0.08338554649386294,,,0.99,,0.9900107286803723,0.00998927131962768,0,0.09958688750074887,5,0.001,0.1,0.9938439979891684,0.9829470824454829,0.9908314526976648,0.9899624684877449,0.9941766485575524,0.9948714953720342,1.0,0.9913626576995072,0.9919387876965796,0.9941130492956584,0.9924538158381517,0.9920125975705091
0,7,2.219242321913409,0.29808,5000,2.2613099504400185,0.20528211284513806,833,2.263334434253339,0.2075,0.9953344109737773,0.08328861145434394,,,0.99,,0.9900107286803723,0.00998927131962768,0,0.09958688750074887,5,0.001,0.1,0.9953689026428016,0.9822447637286512,0.9922872928306338,0.9910828639481881,0.991265536714193,0.9905280861816882,0.9913626576995072,1.0,0.9895115804960658,0.987698087661008,0.9938030181802706,0.9895177101890282
0,8,2.2226211292728495,0.30832,5000,2.2670053552698204,0.226890756302521,833,2.263334434253339,0.2075,0.9968277715244945,0.0834135744067935,,,0.99,,0.9900107286803723,0.00998927131962768,0,0.09958688750074887,5,0.001,0.1,0.9899072257443509,0.9873318211550695,0.9935194485633914,0.9937113190477895,0.9948362978257538,0.992534890863604,0.9919387876965796,0.9895115804960658,1.0,0.9948224795295311,0.9935031516843403,0.9908997925800644
0,9,2.2246006683179527,0.29776,5000,2.268471779646697,0.2028811524609844,833,2.263334434253339,0.2075,0.9963838252504033,0.08337642541614099,,,0.99,,0.9900107286803723,0.00998927131962768,0,0.09958688750074887,5,0.001,0.1,0.9902513852396942,0.9804438482958733,0.9932367665929638,0.9924163799353689,0.9966273165887746,0.9947084700071663,0.9941130492956584,0.987698087661008,0.9948224795295311,1.0,0.990405385904786,0.9924882784923458
0,10,2.220325189639049,0.30296,5000,2.2688779124507197,0.1992797118847539,833,2.263334434253339,0.2075,0.9969298630441285,0.08342211732545263,,,0.99,,0.9900107286803723,0.00998927131962768,0,0.09958688750074887,5,0.001,0.1,0.9917030790211774,0.989429873015713,0.9941173764340325,0.9939933165378124,0.9931589934641825,0.9919503288410331,0.9924538158381517,0.9938030181802706,0.9935031516843403,0.990405385904786,1.0,0.9892184937161129
0,11,2.223587825799444,0.286,5000,2.271060502087628,0.18127250900360145,833,2.263334434253339,0.2075,0.995514334092427,0.08330366724519739,,,0.99,,0.9900107286803723,0.00998927131962768,0,0.09958688750074887,5,0.001,0.1,0.9924386994024937,0.9863576300674451,0.9886058334984021,0.9883732741518707,0.9942522589136924,0.9926560894583503,0.9920125975705091,0.9895177101890282,0.9908997925800644,0.9924882784923458,0.9892184937161129,1.0
1,0,2.107852816429867,0.43056,5000,2.2078506063531944,0.34292565947242204,834,2.2124707668353194,0.342,0.9982737121847927,0.08335440419838633,,,0.99,,0.9900107286803723,0.00998927131962768,0.9614887491107686,0.09977977492900544,5,0.001,0.1,1.0,0.9900331383630867,0.9969683269185019,0.9953545713195721,0.9963421288791344,0.9967930904756638,0.9966096113422133,0.9975426367687314,0.9956554528755424,0.9958882909777076,0.9961576581732173,0.9955200149764176
1,1,2.1132554476428185,0.41852,5000,2.2144369460918285,0.3333333333333333,834,2.2124707668353194,0.342,0.9933507494252275,0.08288186686773366,,,0.99,,0.9900107286803723,0.00998927131962768,0.9614887491107686,0.09977977492900544,5,0.001,0.1,0.9900331383630867,1.0,0.9902988287131832,0.9902370500752047,0.9905558823474312,0.989936516558543,0.9892666894997617,0.990323137452213,0.9916798103114697,0.9884301308026657,0.9919532472093323,0.9913006477223838
1,2,2.1079327902216822,0.40696,5000,2.214090267817179,0.3345323741007194,834,2.2124707668353194,0.342,0.9982843286224773,0.08338682507441991,,,0.99,,0.9900107286803723,0.00998927131962768,0.9614887491107686,0.09977977492900544,5,0.001,0.1,0.9969683269185019,0.9902988287131832,1.0,0.9968353687959267,0.9964693018162899,0.9966418611084333,0.9949718456651027,0.9967341640287442,0.9967902463645284,0.9963093325730362,0.9965276311484553,0.994443516906686
1,3,2.1076555080474564,0.41812,5000,2.2102982379772045,0.34292565947242204,834,2.2124707668353194,0.342,0.9979753198489529,0.08333092310270629,,,0.99,,0.9900107286803723,0.00998927131962768,0.9614887491107686,0.09977977492900544,5,0.001,0.1,0.9953545713195721,0.9902370500752047,0.9968353687959267,1.0,0.9959218722507358,0.9956642756691205,0.9948446667638243,0.9965751487335649,0.9966460730616691,0.9959625927017582,0.9967989056398919,0.994454827350623
1,4,2.10591704329108,0.42304,5000,2.2140222125583224,0.34093637454981995,833,2.2124707668353194,0.342,0.9985459815871033,0.08345256507224326,,,0.99,,0.9900107286803723,0.00998927131962768,0.9614887491107686,0.09977977492900544,5,0.001,0.1,0.9963421288791344,0.9905558823474312,0.9964693018162899,0.9959218722507358,1.0,0.9971069330381434,0.9965943573552256,0.9957070513202791,0.9968737704264073,0.997953075338343,0.9958159983277385,0.9967790209485138
1,5,2.1072047926058435,0.43392,5000,2.212484262607716,0.3673469387755102,833,2.2124707668353194,0.342,0.998390341938425,0.08341391452651356,,,0.99,,0.9900107286803723,0.00998927131962768,0.9614887491107686,0.09977977492900544,5,0.001,0.1,0.9967930904756638,0.989936516558543,0.9966418611084333,0.9956642756691205,0.9971069330381434,1.0,0.9970501302853718,0.995924598917214,0.9960513778444507,0.997298549118798,0.9953701725891629,0.9964175844848535
1,6,2.1067727073742324,0.43772,5000,2.2098854471136025,0.3709483793517407,833,2.2124707668353194,0.342,0.9979825164409224,0.08337140928709934,,,0.99,,0.9900107286803723,0.00998927131962768,0.9614887491107686,0.09977977492900544,5,0.001,0.1,0.9966096113422133,0.9892666894997617,0.9949718456651027,0.9948446667638243,0.9965943573552256,0.9970501302853718,1.0,0.995786242445761,0.9957477671718421,0.9970130765253113,0.9958034936518373,0.995683453741347
1,7,2.1016642095177036,0.40976,5000,2.2106955492938005,0.32533013205282113,833,2.2124707668353194,0.342,0.9981954705801767,0.0833188220957996,,,0.99,,0.9900107286803723,0.00998927131962768,0.9614887491107686,0.09977977492900544,5,0.001,0.1,0.9975426367687314,0.990323137452213,0.9967341640287442,0.9965751487335649,0.9957070513202791,0.995924598917214,0.995786242445761,1.0,0.9961264549149054,0.9951428117148164,0.9973301980913188,0.994740494053097
1,8,2.108148937468316,0.4282,5000,2.217222558127509,0.3697478991596639,833,2.2124707668353194,0.342,0.9984141663048134,0.08340253844210219,,,0.99,,0.9900107286803723,0.00998927131962768,0.9614887491107686,0.09977977492900544,5,0.001,0.1,0.9956554528755424,0.9916798103114697,0.9967902463645284,0.9966460730616691,0.9968737704264073,0.9960513778444507,0.9957477671718421,0.9961264549149054,1.0,0.9970819016428003,0.9964322918447319,0.9954668211271771
1,9,2.1097995495340625,0.43116,5000,2.220443337051957,0.31452581032412963,833,2.2124707668353194,0.342,0.9982800036558942,0.08337541873282955,,,0.99,,0.9900107286803723,0.00998927131962768,0.9614887491107686,0.09977977492900544,5,0.001,0.1,0.9958882909777076,0.9884301308026657,0.9963093325730362,0.9959625927017582,0.997953075338343,0.997298549118798,0.9970130765253113,0.9951428117148164,0.9970819016428003,1.0,0.994833491928098,0.9970116794181275
1,10,2.10263545087948,0.41048,5000,2.2178862006575972,0.34093637454981995,833,2.2124707668353194,0.342,0.9981424117722575,0.08339900513371272,,,0.99,,0.9900107286803723,0.00998927131962768,0.9614887491107686,0.09977977492900544,5,0.001,0.1,0.9961576581732173,0.9919532472093323,0.9965276311484553,0.9967989056398919,0.9958159983277385,0.9953701725891629,0.9958034936518373,0.9973301980913188,0.9964322918447319,0.994833491928098,1.0,0.9942805852850981
1,11,2.110409083791599,0.424,5000,2.220242420832316,0.3205282112845138,833,2.2124707668353194,0.342,0.9977076294041808,0.08331230746645353,,,0.99,,0.9900107286803723,0.00998927131962768,0.9614887491107686,0.09977977492900544,5,0.001,0.1,0.9955200149764176,0.9913006477223838,0.994443516906686,0.994454827350623,0.9967790209485138,0.9964175844848535,0.995683453741347,0.994740494053097,0.9954668211271771,0.9970116794181275,0.9942805852850981,1.0
2,0,1.9456696107888678,0.47956,5000,2.143859960414745,0.45083932853717024,834,2.149410771104855,0.4384,0.9988637565494727,0.08335332633177818,,,0.99,,0.9900107286803723,0.00998927131962768,0.9858228316708632,0.0998645621070909,5,0.001,0.1,1.0,0.994964413739933,0.9976866161843061,0.9969601000510383,0.9977858541539927,0.9978854327319454,0.9977934462279656,0.9979915303205918,0.9970601152163007,0.9974908505050296,0.9971499669749504,0.9973479630413767
2,1,1.9559030194191416,0.47988,5000,2.151966183273881,0.42326139088729015,834,2.149410771104855,0.4384,0.9967416800420503,0.08299506463337972,,,0.99,,0.9900107286803723,0.00998927131962768,0.9858228316708632,0.0998645621070909,5,0.001,0.1,0.994964413739933,1.0,0.9948824420478678,0.9948882035300988,0.9947207982585754,0.9947342968257442,0.9948912738129607,0.9945901305783551,0.9957245282794098,0.9944301204657265,0.9955267082473304,0.9953748408028287
2,2,1.947006906977125,0.46808,5000,2.1521943145328097,0.4148681055155875,834,2.149410771104855,0.4384,0.9988963225329999,0.08337425868911419,,,0.99,,0.9900107286803723,0.00998927131962768,0.9858228316708632,0.0998645621070909,5,0.001,0.1,0.9976866161843061,0.9948824420478678,1.0,0.9979830392930052,0.9976820274314006,0.9977180801567074,0.996903036217213,0.9974270259315283,0.9976813021437569,0.9981064267946728,0.9974649057405901,0.9969697831540137
2,3,1.9423889169267787,0.48556,5000,2.146359399512962,0.4568345323741007,834,2.149410771104855,0.4384,0.9987001619987435,0.08333364712415395,,,0.99,,0.9900107286803723,0.00998927131962768,0.9858228316708632,0.0998645621070909,5,0.001,0.1,0.9969601000510383,0.9948882035300988,0.9979830392930052,1.0,0.9973617980940629,0.9970648215115211,0.9967766518911361,0.9978907801018382,0.9975822710317124,0.997569698561295,0.997548523010464,0.9965310327563124
2,4,1.9400163217714639,0.48308,5000,2.15213617572078,0.4381752701080432,833,2.149410771104855,0.4384,0.9990173619785458,0.0834184786442409,,,0.99,,0.9900107286803723,0.00998927131962768,0.9858228316708632,0.0998645621070909,5,0.001,0.1,0.9977858541539927,0.9947207982585754,0.9976820274314006,0.9973617980940629,1.0,0.9979482002843597,0.9977879132177565,0.9972100648075227,0.9977595995029268,0.9986749292899629,0.9972175215914445,0.9978031259880566
2,5,1.9435005711901718,0.49748,5000,2.149178734532109,0.46338535414165666,833,2.149410771104855,0.4384,0.998894651484323,0.0833908166841012,,,0.99,,0.9900107286803723,0.00998927131962768,0.9858228316708632,0.0998645621070909,5,0.001,0.1,0.9978854327319454,0.9947342968257442,0.9977180801567074,0.9970648215115211,0.9979482002843597,1.0,0.9978309535276919,0.9972714689868515,0.9971690746302122,0.9981792888116785,0.9968082299929598,0.9978734936620512
2,6,1.9414612390433148,0.49368,5000,2.1472294242293746,0.45018007202881155,833,2.149410771104855,0.4384,0.9987855882865897,0.08336123139605771,,,0.99,,0.9900107286803723,0.00998927131962768,0.9858228316708632,0.0998645621070909,5,0.001,0.1,0.9977934462279656,0.9948912738129607,0.996903036217213,0.9967766518911361,0.9977879132177565,0.9978309535276919,1.0,0.997175585806813,0.9972951688205343,0.998093765666642,0.9971093376532205,0.9975215419106146
2,7,1.9349633960966852,0.46504,5000,2.148234808886493,0.4429771908763505,833,2.149410771104855,0.4384,0.9986858950127405,0.08332576601778062,,,0.99,,0.9900107286803723,0.00998927131962768,0.9858228316708632,0.0998645621070909,5,0.001,0.1,0.9979915303205918,0.9945901305783551,0.9974270259315283,0.9978907801018382,0.9972100648075227,0.9972714689868515,0.997175585806813,1.0,0.9972125350800316,0.9967947211660758,0.9979785727586673,0.9964424923525145
2,8,1.9442869054284064,0.49588,5000,2.155628460424918,0.44537815126050423,833,2.149410771104855,0.4384,0.99884553980812,0.08338225550599718,,,0.99,,0.9900107286803723,0.00998927131962768,0.9858228316708632,0.0998645621070909,5,0.001,0.1,0.9970601152163007,0.9957245282794098,0.9976813021437569,0.9975822710317124,0.9977595995029268,0.9971690746302122,0.9972951688205343,0.9972125350800316,1.0,0.9980324760825302,0.9973780527233279,0.9970055843385985
2,9,1.9457720320695524,0.49492,5000,2.160674315911752,0.41536614645858344,833,2.149410771104855,0.4384,0.9990435393656029,0.08337201545872418,,,0.99,,0.9900107286803723,0.00998927131962768,0.9858228316708632,0.0998645621070909,5,0.001,0.1,0.9974908505050296,0.9944301204657265,0.9981064267946728,0.997569698561295,0.9986749292899629,0.9981792888116785,0.998093765666642,0.9967947211660758,0.9980324760825302,1.0,0.9969067531773887,0.9979855945089929
2,10,1.9354701834879104,0.47264,5000,2.1553440005690963,0.4369747899159664,833,2.149410771104855,0.4384,0.998640376305032,0.08337346714152262,,,0.99,,0.9900107286803723,0.00998927131962768,0.9858228316708632,0.0998645621070909,5,0.001,0.1,0.9971499669749504,0.9955267082473304,0.9974649057405901,0.997548523010464,0.9972175215914445,0.9968082299929598,0.9971093376532205,0.9979785727586673,0.9973780527233279,0.9969067531773887,1.0,0.9963544094420156
2,11,1.9493661503882924,0.49096,5000,2.1574783855014377,0.4225690276110444,833,2.149410771104855,0.4384,0.9986208690953575,0.08331967237314952,,,0.99,,0.9900107286803723,0.00998927131962768,0.9858228316708632,0.0998645621070909,5,0.001,0.1,0.9973479630413767,0.9953748408028287,0.9969697831540137,0.9965310327563124,0.9978031259880566,0.9978734936620512,0.9975215419106146,0.9964424923525145,0.9970055843385985,0.9979855945089929,0.9963544094420156,1.0
3,0,1.7673485276046073,0.52428,5000,2.0649742197107384,0.49640287769784175,834,2.0719805502663022,0.4966,0.9990049361039905,0.0833499073276289,,,0.99,,0.9900107286803723,0.00998927131962768,0.9939009508998374,0.0998871775549017,5,0.001,0.1,1.0,0.9960628847279305,0.9981013892521461,0.9975997245138624,0.9980095004043964,0.9980921473248132,0.9981593826294792,0.9982596544362472,0.9972908248749459,0.9978376632624096,0.9974198250000345,0.9976932782785733
3,1,1.7796099580776918,0.52348,5000,2.075525398607607,0.4940047961630695,834,2.0719805502663022,0.4966,0.9974572729679794,0.08308028515051438,,,0.99,,0.9900107286803723,0.00998927131962768,0.9939009508998374,0.0998871775549017,5,0.001,0.1,0.9960628847279305,1.0,0.9963028974013546,0.996132757252915,0.9957045596767258,0.9959234840366148,0.9959960701411855,0.995773576381783,0.9963407976714501,0.9958968734601217,0.9961411665174402,0.9957241192939726
3,2,1.7705497489613333,0.51232,5000,2.076042616808856,0.4724220623501199,834,2.0719805502663022,0.4966,0.9991502574713813,0.08336743228039269,,,0.99,,0.9900107286803723,0.00998927131962768,0.9939009508998374,0.0998871775549017,5,0.001,0.1,0.9981013892521461,0.9963028974013546,1.0,0.9983333107356644,0.9980881593468973,0.9981777237834766,0.9975559446913813,0.9978648343225756,0.9978687471613588,0.9984731930620789,0.9979425952221501,0.9975589817353897
3,3,1.7634541561649104,0.5308,5000,2.06790343037358,0.5011990407673861,834,2.0719805502663022,0.4966,0.998967906757539,0.08333664558813988,,,0.99,,0.9900107286803723,0.00998927131962768,0.9939009508998374,0.0998871775549017,5,0.001,0.1,0.9975997245138624,0.996132757252915,0.9983333107356644,1.0,0.9979867858645067,0.997719343825004,0.9972840065169116,0.998064923848168,0.9977829957558441,0.9979649515917509,0.997791045951478,0.9974232998164968
3,4,1.7611724246079754,0.52996,5000,2.0757677378477872,0.4969987995198079,833,2.0719805502663022,0.4966,0.9991251617872656,0.0833937367888762,,,0.99,,0.9900107286803723,0.00998927131962768,0.9939009508998374,0.0998871775549017,5,0.001,0.1,0.9980095004043964,0.9957045596767258,0.9980881593468973,0.9979867858645067,1.0,0.998214174833197,0.9979459184491724,0.9978151664086876,0.9979170025257432,0.9986098099339202,0.9976363616440217,0.9980360827557714
3,5,1.766100184021482,0.54272,5000,2.0714755058288574,0.5270108043217286,833,2.0719805502663022,0.4966,0.9991166822562774,0.08337650162025159,,,0.99,,0.9900107286803723,0.00998927131962768,0.9939009508998374,0.0998871775549017,5,0.001,0.1,0.9980921473248132,0.9959234840366148,0.9981777237834766,0.997719343825004,0.998214174833197,1.0,0.9981449173781852,0.9978004300030375,0.9976532687454769,0.9984230750431591,0.997572690786558,0.9981422672256698
3,6,1.7606624089988174,0.53356,5000,2.0702855233792907,0.5162064825930373,833,2.0719805502663022,0.4966,0.9989480551486404,0.08335291881334252,,,0.99,,0.9900107286803723,0.00998927131962768,0.9939009508998374,0.0998871775549017,5,0.001,0.1,0.9981593826294792,0.9959960701411855,0.9975559446913813,0.9972840065169116,0.9979459184491724,0.9981449173781852,1.0,0.9977770768133032,0.9975588659747949,0.9983052717731679,0.997404856153333,0.997711606598202
3,7,1.7565601714857064,0.51272,5000,2.071629038563481,0.4957983193277311,833,2.0719805502663022,0.4966,0.9989252410838045,0.08333043620742697,,,0.99,,0.9900107286803723,0.00998927131962768,0.9939009508998374,0.0998871775549017,5,0.001,0.1,0.9982596544362472,0.995773576381783,0.9978648343225756,0.998064923848168,0.9978151664086876,0.9978004300030375,0.9977770768133032,1.0,0.9978295320320021,0.9974798324286406,0.9978830491804603,0.9970224978582475
3,8,1.7645245837557848,0.5406,5000,2.0799594985114203,0.503001200480192,833,2.0719805502663022,0.4966,0.998923703170901,0.08336502429986786,,,0.99,,0.9900107286803723,0.00998927131962768,0.9939009508998374,0.0998871775549017,5,0.001,0.1,0.9972908248749459,0.9963407976714501,0.9978687471613588,0.9977829957558441,0.9979170025257432,0.9976532687454769,0.9975588659747949,0.9978295320320021,1.0,0.9982007248361561,0.9976592021018917,0.9974511547306234
3,9,1.768673048049781,0.54224,5000,2.0868822115438954,0.47058823529411764,833,2.0719805502663022,0.4966,0.9992216172862882,0.0833683597320059,,,0.99,,0.9900107286803723,0.00998927131962768,0.9939009508998374,0.0998871775549017,5,0.001,0.1,0.9978376632624096,0.9958968734601217,0.9984731930620789,0.9979649515917509,0.9986098099339202,0.9984230750431591,0.9983052717731679,0.9974798324286406,0.9982007248361561,1.0,0.9977423844184543,0.9981868226078207
3,10,1.7563784022999418,0.516,5000,2.0787948414131447,0.4909963985594238,833,2.0719805502663022,0.4966,0.9988170933028228,0.08335619499703809,,,0.99,,0.9900107286803723,0.00998927131962768,0.9939009508998374,0.0998871775549017,5,0.001,0.1,0.9974198250000345,0.9961411665174402,0.9979425952221501,0.997791045951478,0.9976363616440217,0.997572690786558,0.997404856153333,0.9978830491804603,0.9976592021018917,0.9977423844184543,1.0,0.9970819848244016
3,11,1.7729153254229553,0.53472,5000,2.0804165292669228,0.49459783913565425,833,2.0719805502663022,0.4966,0.9987968776542931,0.08332255719451508,,,0.99,,0.9900107286803723,0.00998927131962768,0.9939009508998374,0.0998871775549017,5,0.001,0.1,0.9976932782785733,0.9957241192939726,0.9975589817353897,0.9974232998164968,0.9980360827557714,0.9981422672256698,0.997711606598202,0.9970224978582475,0.9974511547306234,0.9981868226078207,0.9970819848244016,1.0
4,0,1.606673175210406,0.55856,5000,1.9712685302451805,0.5203836930455635,834,1.9798365081080234,0.5303,0.9988243122211974,0.08334351353546228,,,0.99,,0.9900107286803723,0.00998927131962768,0.9962720970562977,0.09988241242776474,5,0.001,0.1,1.0,0.9961648142185764,0.9981402703008616,0.9974411714713205,0.9973506663312208,0.9976780470923704,0.9982618730248634,0.9976864626441226,0.9972262357688659,0.9974769983591284,0.9970540932774345,0.9973125981955976
4,1,1.618998108092387,0.56072,5000,1.9846263461642795,0.5335731414868106,834,1.9798365081080234,0.5303,0.9975689346076976,0.08313767145880074,,,0.99,,0.9900107286803723,0.00998927131962768,0.9962720970562977,0.09988241242776474,5,0.001,0.1,0.9961648142185764,1.0,0.9965642220890784,0.996604638248412,0.9958257518899227,0.9956876878657158,0.9964723634914142,0.9954088141641431,0.9964757241603844,0.9960048505087729,0.9957956772876335,0.9957584827383622
4,2,1.6108444587440247,0.54908,5000,1.9856388833787706,0.5,834,1.9798365081080234,0.5303,0.999116651644747,0.08336369412800877,,,0.99,,0.9900107286803723,0.00998927131962768,0.9962720970562977,0.09988241242776474,5,0.001,0.1,0.9981402703008616,0.9965642220890784,1.0,0.9981463038936558,0.9977943501070612,0.9980755252075444,0.9976453267463867,0.9975493942915232,0.9974741811380637,0.9984803999406064,0.99773343786155,0.9976935206683485
4,3,1.6010964247831114,0.56224,5000,1.9744777458685416,0.5431654676258992,834,1.9798365081080234,0.5303,0.998825107686033,0.08333540734185281,,,0.99,,0.9900107286803723,0.00998927131962768,0.9962720970562977,0.09988241242776474,5,0.001,0.1,0.9974411714713205,0.996604638248412,0.9981463038936558,1.0,0.9975799743061139,0.9973862784902962,0.9971767872397528,0.9976814956585855,0.9975622601207288,0.9978024700568021,0.9972561103214146,0.9971669167447007
4,4,1.59801327369775,0.56856,5000,1.984417235409772,0.5402160864345739,833,1.9798365081080234,0.5303,0.9990113527771728,0.08337642530511445,,,0.99,,0.9900107286803723,0.00998927131962768,0.9962720970562977,0.09988241242776474,5,0.001,0.1,0.9973506663312208,0.9958257518899227,0.9977943501070612,0.9975799743061139,1.0,0.9980679617895107,0.9977326718435305,0.9978340261404102,0.9975615303331331,0.9985214157911059,0.997837565938818,0.9979261019190366
4,5,1.6045277797492445,0.57452,5000,1.9790599125402946,0.553421368547419,833,1.9798365081080234,0.5303,0.9990000351869419,0.08336549175292617,,,0.99,,0.9900107286803723,0.00998927131962768,0.9962720970562977,0.09988241242776474,5,0.001,0.1,0.9976780470923704,0.9956876878657158,0.9980755252075444,0.9973862784902962,0.9980679617895107,1.0,0.9979277494905693,0.9977869430618589,0.9974090040167595,0.9982328146171032,0.9976453503129445,0.9979990053729175
4,6,1.5986339632872564,0.57396,5000,1.978859062548037,0.5438175270108043,833,1.9798365081080234,0.5303,0.9989587892633606,0.0833497000706807,,,0.99,,0.9900107286803723,0.00998927131962768,0.9962720970562977,0.09988241242776474,5,0.001,0.1,0.9982618730248634,0.9964723634914142,0.9976453267463867,0.9971767872397528,0.9977326718435305,0.9979277494905693,1.0,0.9976789126564519,0.9976699675873263,0.9979670134497282,0.9972874825173603,0.997585183918022
4,7,1.5950098186541515,0.55684,5000,1.98039064583955,0.524609843937575,833,1.9798365081080234,0.5303,0.9988803426234674,0.08333338244259655,,,0.99,,0.9900107286803723,0.00998927131962768,0.9962720970562977,0.09988241242776474,5,0.001,0.1,0.9976864626441226,0.9954088141641431,0.9975493942915232,0.9976814956585855,0.9978340261404102,0.9977869430618589,0.9976789126564519,1.0,0.9978044806504575,0.9977248305585538,0.997818500680217,0.9974886410435031
4,8,1.5995757440852512,0.5782,5000,1.9898359996301156,0.5330132052821128,833,1.9798365081080234,0.5303,0.9988682761447413,0.0833542018341121,,,0.99,,0.9900107286803723,0.00998927131962768,0.9962720970562977,0.09988241242776474,5,0.001,0.1,0.9972262357688659,0.9964757241603844,0.9974741811380637,0.9975622601207288,0.9975615303331331,0.9974090040167595,0.9976699675873263,0.9978044806504575,1.0,0.9979465789374903,0.9976123542457006,0.9975783833294697
4,9,1.6056651840544052,0.57692,5000,1.998780541949802,0.5138055222088835,833,1.9798365081080234,0.5303,0.9991936104740087,0.08336674649875687,,,0.99,,0.9900107286803723,0.00998927131962768,0.9962720970562977,0.09988241242776474,5,0.001,0.1,0.9974769983591284,0.9960048505087729,0.9984803999406064,0.9978024700568021,0.9985214157911059,0.9982328146171032,0.9979670134497282,0.9977248305585538,0.9979465789374903,1.0,0.9978276714263727,0.9982319246432562
4,10,1.5945163289452815,0.55348,5000,1.987902804657265,0.5210084033613446,833,1.9798365081080234,0.5303,0.9987825664258575,0.08334602177179848,,,0.99,,0.9900107286803723,0.00998927131962768,0.9962720970562977,0.09988241242776474,5,0.001,0.1,0.9970540932774345,0.9957956772876335,0.99773343786155,0.9972561103214146,0.997837565938818,0.9976453503129445,0.9972874825173603,0.997818500680217,0.9976123542457006,0.9978276714263727,1.0,0.9974230751135115
4,11,1.6116941695000715,0.5726,5000,1.988726642396715,0.5366146458583433,833,1.9798365081080234,0.5303,0.9988553273917626,0.08332774385989018,,,0.99,,0.9900107286803723,0.00998927131962768,0.9962720970562977,0.09988241242776474,5,0.001,0.1,0.9973125981955976,0.9957584827383622,0.9976935206683485,0.9971669167447007,0.9979261019190366,0.9979990053729175,0.997585183918022,0.9974886410435031,0.9975783833294697,0.9982319246432562,0.9974230751135115,1.0
5,0,1.4679720321278664,0.59108,5000,1.86392401765894,0.5551558752997602,834,1.8738796630987344,0.5553,0.9988252745864407,0.08334396727142361,,,0.99,,0.9900107286803723,0.00998927131962768,0.9970156185254307,0.09986894760342163,5,0.001,0.1,1.0,0.9960713011270543,0.9980654838426477,0.9972833996617058,0.9968056729569565,0.9975621632901991,0.997954534443836,0.9975554375058536,0.9970207215438527,0.997653256633228,0.9968009375380041,0.9974192600635144
5,1,1.4805692303712201,0.58704,5000,1.8799848865579676,0.5479616306954437,834,1.8738796630987344,0.5553,0.9974734889648623,0.08317411382699967,,,0.99,,0.9900107286803723,0.00998927131962768,0.9970156185254307,0.09986894760342163,5,0.001,0.1,0.9960713011270543,1.0,0.9965940533464513,0.9966807724969498,0.9947763817657305,0.9956144086457047,0.9962346654600187,0.9949213811412067,0.995930309106379,0.9963382800712873,0.9952847079941399,0.9955590405304169
5,2,1.4726975534372269,0.58004,5000,1.8818096143228036,0.5191846522781774,834,1.8738796630987344,0.5553,0.9991081537339279,0.0833654720670427,,,0.99,,0.9900107286803723,0.00998927131962768,0.9970156185254307,0.09986894760342163,5,0.001,0.1,0.9980654838426477,0.9965940533464513,1.0,0.997835475442778,0.9973820572721541,0.9979915608865959,0.997513928444619,0.9973596497059939,0.9973531390512812,0.9984723399902072,0.9975086808918815,0.9975057557087107
5,3,1.4612877737185,0.58748,5000,1.8669973611831665,0.5779376498800959,834,1.8738796630987344,0.5553,0.9986213056371002,0.08333241345326325,,,0.99,,0.9900107286803723,0.00998927131962768,0.9970156185254307,0.09986894760342163,5,0.001,0.1,0.9972833996617058,0.9966807724969498,0.997835475442778,1.0,0.9967366655831399,0.9971310538263466,0.9968531374340808,0.997061524376734,0.9970559788003455,0.9976206688312879,0.9966885657265069,0.9968026849607089
5,4,1.4580459938687125,0.60032,5000,1.878915791158323,0.5630252100840336,833,1.8738796630987344,0.5553,0.9985989754771682,0.08335684556440467,,,0.99,,0.9900107286803723,0.00998927131962768,0.9970156185254307,0.09986894760342163,5,0.001,0.1,0.9968056729569565,0.9947763817657305,0.9973820572721541,0.9967366655831399,1.0,0.9978484346673862,0.9970760361094757,0.9972517344374415,0.996900842890988,0.9979987078975301,0.9975407239503794,0.997158665184974
5,5,1.4654988216746385,0.60444,5000,1.8729703558815851,0.5882352941176471,833,1.8738796630987344,0.5553,0.9989076000407611,0.0833601016382183,,,0.99,,0.9900107286803723,0.00998927131962768,0.9970156185254307,0.09986894760342163,5,0.001,0.1,0.9975621632901991,0.9956144086457047,0.9979915608865959,0.9971310538263466,0.9978484346673862,1.0,0.9975924704290813,0.9974772688201211,0.9972684562922302,0.9979771880010155,0.9972387310374924,0.9974746360146685
5,6,1.45877859410207,0.60452,5000,1.8738052756698043,0.5714285714285714,833,1.8738796630987344,0.5553,0.9988379714746081,0.08334817072869241,,,0.99,,0.9900107286803723,0.00998927131962768,0.9970156185254307,0.09986894760342163,5,0.001,0.1,0.997954534443836,0.9962346654600187,0.997513928444619,0.9968531374340808,0.9970760361094757,0.9975924704290813,1.0,0.9974200150832108,0.9974953189388928,0.997847109388351,0.9969036477072598,0.9974535502704596
5,7,1.4572358441200985,0.59176,5000,1.8755089750996343,0.5462184873949579,833,1.8738796630987344,0.5553,0.9986862592642343,0.08333326809791952,,,0.99,,0.9900107286803723,0.00998927131962768,0.9970156185254307,0.09986894760342163,5,0.001,0.1,0.9975554375058536,0.9949213811412067,0.9973596497059939,0.997061524376734,0.9972517344374415,0.9974772688201211,0.9974200150832108,1.0,0.9976532229465407,0.9973872027942889,0.9974872652003198,0.9969490479294024
5,8,1.4586893580521747,0.60432,5000,1.8863082506038524,0.5594237695078031,833,1.8738796630987344,0.5553,0.998756018333391,0.08334828628293701,,,0.99,,0.9900107286803723,0.00998927131962768,0.9970156185254307,0.09986894760342163,5,0.001,0.1,0.9970207215438527,0.995930309106379,0.9973531390512812,0.9970559788003455,0.996900842890988,0.9972684562922302,0.9974953189388928,0.9976532229465407,1.0,0.9978211202612911,0.9975352024524488,0.9973273916110463
5,9,1.4659813300059858,0.60352,5000,1.8971640798780653,0.5234093637454982,833,1.8738796630987344,0.5553,0.999181932024274,0.08336972497770233,,,0.99,,0.9900107286803723,0.00998927131962768,0.9970156185254307,0.09986894760342163,5,0.001,0.1,0.997653256633228,0.9963382800712873,0.9984723399902072,0.9976206688312879,0.9979987078975301,0.9979771880010155,0.997847109388351,0.9973872027942889,0.9978211202612911,1.0,0.9976217448466951,0.9977275855814473
5,10,1.4559826410500107,0.58408,5000,1.883371560661881,0.5474189675870348,833,1.8738796630987344,0.5553,0.9986048265184019,0.08333839051991361,,,0.99,,0.9900107286803723,0.00998927131962768,0.9970156185254307,0.09986894760342163,5,0.001,0.1,0.9968009375380041,0.9952847079941399,0.9975086808918815,0.9966885657265069,0.9975407239503794,0.9972387310374924,0.9969036477072598,0.9974872652003198,0.9975352024524488,0.9976217448466951,1.0,0.9969381284568467
5,11,1.473825585918062,0.602,5000,1.883238090409173,0.5642256902761105,833,1.8738796630987344,0.5553,0.9986687572881903,0.08332924557148276,,,0.99,,0.9900107286803723,0.00998927131962768,0.9970156185254307,0.09986894760342163,5,0.001,0.1,0.9974192600635144,0.9955590405304169,0.9975057557087107,0.9968026849607089,0.997158665184974,0.9974746360146685,0.9974535502704596,0.9969490479294024,0.9973273916110463,0.9977275855814473,0.9969381284568467,1.0
6,0,1.3503966875137037,0.61496,5000,1.7452440350143998,0.5683453237410072,834,1.756397138388393,0.5743,0.9986097607288918,0.08333923805857218,,,0.99,,0.9900107286803723,0.00998927131962768,0.9969542931873585,0.09986289670039518,5,0.001,0.1,1.0,0.9962111549515544,0.9975821346570773,0.9966043520704752,0.9968272491927104,0.997372272801997,0.9973561715940462,0.9976349996584977,0.9963922909765566,0.9971901946246441,0.9968908847334859,0.9968237813083946
6,1,1.3648631564371145,0.60964,5000,1.7637501955032349,0.5635491606714629,834,1.756397138388393,0.5743,0.9980681559749479,0.08321759865149514,,,0.99,,0.9900107286803723,0.00998927131962768,0.9969542931873585,0.09986289670039518,5,0.001,0.1,0.9962111549515544,1.0,0.9968591879427582,0.9961191694787491,0.9959852647649718,0.9965073619205572,0.9968285538737897,0.9960039860785179,0.9964854676754379,0.9967728351869334,0.9963462119688393,0.9962847224030051
6,2,1.3559564954915624,0.59852,5000,1.7665428982840643,0.5419664268585132,834,1.756397138388393,0.5743,0.9989283341626902,0.0833627074362901,,,0.99,,0.9900107286803723,0.00998927131962768,0.9969542931873585,0.09986289670039518,5,0.001,0.1,0.9975821346570773,0.9968591879427582,1.0,0.9973943155387449,0.9972743309548919,0.9978195126099726,0.9970243828757037,0.9971029811795752,0.9968502142345752,0.9981838076946777,0.9973875449775139,0.997224599015906
6,3,1.345472008331566,0.60832,5000,1.7477849633605391,0.5911270983213429,834,1.756397138388393,0.5743,0.9985235901499626,0.08332937175336408,,,0.99,,0.9900107286803723,0.00998927131962768,0.9969542931873585,0.09986289670039518,5,0.001,0.1,0.9966043520704752,0.9961191694787491,0.9973943155387449,1.0,0.9972202442165812,0.99727777193895,0.9965897939848624,0.9971264101741988,0.9967825003569644,0.9973612870933358,0.9968219252151548,0.996555355626118
6,4,1.3418969031352146,0.62584,5000,1.7616164286931355,0.575030012004802,833,1.756397138388393,0.5743,0.9986174502208054,0.0833473835773684,,,0.99,,0.9900107286803723,0.00998927131962768,0.9969542931873585,0.09986289670039518,5,0.001,0.1,0.9968272491927104,0.9959852647649718,0.9972743309548919,0.9972202442165812,1.0,0.9976173675969976,0.997171747244941,0.9966884230551123,0.9964816317880203,0.9978032237024353,0.9970785505509917,0.996828462897228
6,5,1.3496621164546652,0.62544,5000,1.7553103499942355,0.6134453781512605,833,1.756397138388393,0.5743,0.9988914493606146,0.08335822367098746,,,0.99,,0.9900107286803723,0.00998927131962768,0.9969542931873585,0.09986289670039518,5,0.001,0.1,0.997372272801997,0.9965073619205572,0.9978195126099726,0.99727777193895,0.9976173675969976,1.0,0.997503184222726,0.997221008989125,0.9969635168488712,0.997751017685704,0.997085332468011,0.997142148372672
6,6,1.3416690653296792,0.62572,5000,1.7575385747132477,0.5858343337334934,833,1.756397138388393,0.5743,0.9987466440782236,0.08334623367603693,,,0.99,,0.9900107286803723,0.00998927131962768,0.9969542931873585,0.09986289670039518,5,0.001,0.1,0.9973561715940462,0.9968285538737897,0.9970243828757037,0.9965897939848624,0.997171747244941,0.997503184222726,1.0,0.9972238866222066,0.99724846702257,0.9976856030670722,0.9969198833827024,0.9969749175243763
6,7,1.3398826227066623,0.61636,5000,1.7589000198576186,0.5582232893157263,833,1.756397138388393,0.5743,0.9985928939723046,0.08333213264038626,,,0.99,,0.9900107286803723,0.00998927131962768,0.9969542931873585,0.09986289670039518,5,0.001,0.1,0.9976349996584977,0.9960039860785179,0.9971029811795752,0.9971264101741988,0.9966884230551123,0.997221008989125,0.9972238866222066,1.0,0.9970626542840666,0.9969744133373163,0.9970932957444625,0.996551461514218
6,8,1.3389930927829379,0.625,5000,1.7716941127070673,0.5798319327731093,833,1.756397138388393,0.5743,0.9984900034376168,0.0833380214104782,,,0.99,,0.9900107286803723,0.00998927131962768,0.9969542931873585,0.09986289670039518,5,0.001,0.1,0.9963922909765566,0.9964854676754379,0.9968502142345752,0.9967825003569644,0.9964816317880203,0.9969635168488712,0.99724846702257,0.9970626542840666,1.0,0.9973417687632862,0.9970968431161967,0.9967458001149786
6,9,1.3476181403846497,0.6226,5000,1.784330588799936,0.5594237695078031,833,1.756397138388393,0.5743,0.9990200187290528,0.08336827458045643,,,0.99,,0.9900107286803723,0.00998927131962768,0.9969542931873585,0.09986289670039518,5,0.001,0.1,0.9971901946246441,0.9967728351869334,0.9981838076946777,0.9973612870933358,0.9978032237024353,0.997751017685704,0.9976856030670722,0.9969744133373163,0.9973417687632862,1.0,0.9972847330446306,0.9974523099151753
6,10,1.3398692045242164,0.60544,5000,1.7678984580216583,0.5738295318127251,833,1.756397138388393,0.5743,0.9985883182667162,0.08333512617480861,,,0.99,,0.9900107286803723,0.00998927131962768,0.9969542931873585,0.09986289670039518,5,0.001,0.1,0.9968908847334859,0.9963462119688393,0.9973875449775139,0.9968219252151548,0.9970785505509917,0.997085332468011,0.9969198833827024,0.9970932957444625,0.9970968431161967,0.9972847330446306,1.0,0.9966237891759209
6,11,1.356997083402743,0.625,5000,1.766579062850387,0.581032412965186,833,1.756397138388393,0.5743,0.9984696556173304,0.08332568836975622,,,0.99,,0.9900107286803723,0.00998927131962768,0.9969542931873585,0.09986289670039518,5,0.001,0.1,0.9968237813083946,0.9962847224030051,0.997224599015906,0.996555355626118,0.996828462897228,0.997142148372672,0.9969749175243763,0.996551461514218,0.9967458001149786,0.9974523099151753,0.9966237891759209,1.0
7,0,1.2530706320598626,0.63384,5000,1.6191171407699585,0.5971223021582733,834,1.6314770028994867,0.5985,0.998396992199707,0.08333680193837442,,,0.99,,0.9900107286803723,0.00998927131962768,0.9982147117647368,0.0998401807943787,5,0.001,0.1,1.0,0.9956391169525433,0.9971197931579951,0.9963375106705743,0.9964379295734775,0.9967137763433851,0.9969392257061993,0.9969877284986183,0.9958272461950874,0.9966236355672763,0.9963324985769276,0.9966562530432691
7,1,1.2686694471699418,0.62524,5000,1.6400303266666554,0.5935251798561151,834,1.6314770028994867,0.5985,0.9978026785224794,0.08324301932223636,,,0.99,,0.9900107286803723,0.00998927131962768,0.9982147117647368,0.0998401807943787,5,0.001,0.1,0.9956391169525433,1.0,0.9961978598943296,0.9959373517223542,0.9955771214949241,0.9958993402726097,0.9964403358007293,0.9952670926784024,0.9957848323254559,0.9962869222504939,0.9957051707390245,0.9957663923479038
7,2,1.2606813054935189,0.61716,5000,1.6441014916808516,0.565947242206235,834,1.6314770028994867,0.5985,0.9986441254651591,0.08335917227677432,,,0.99,,0.9900107286803723,0.00998927131962768,0.9982147117647368,0.0998401807943787,5,0.001,0.1,0.9971197931579951,0.9961978598943296,1.0,0.9967990575342133,0.9969050289348236,0.9972311364720267,0.9968171626057198,0.9962312886693593,0.9962163190016854,0.9975915014570651,0.9967644206224227,0.9967013340637936
