round,client_id,client_i_training_loss,client_i_training_accuracy,client_i_training_dataset_size,client_i_evaluation_loss,client_i_evaluation_accuracy,client_i_evaluation_dataset_size,client_i_central_evaluation_loss,client_i_central_evaluation_accuracy,client_i_cosine_similarity,client_i_importance_coefficient,client_i_tanh_val,tanh_normalization_value,client_i_q,client_i_mask_order,client_i_v_nonzero_fraction,client_i_v_sparsity,client_i_v_cosine_similarity,client_i_reward_gradient_norm,local_epochs,learning_rate,gamma,client_0_cosine_similarity,client_1_cosine_similarity,client_2_cosine_similarity,client_3_cosine_similarity,client_4_cosine_similarity,client_5_cosine_similarity,client_6_cosine_similarity,client_7_cosine_similarity,client_8_cosine_similarity,client_9_cosine_similarity,client_10_cosine_similarity,client_11_cosine_similarity
0,0,2.289554491187587,0.14425245980321574,4167,2.298224925994873,0.11031175059952038,834,2.298334239404413,0.1073,0.9780133070339265,0.0834538295209208,,,0.9038633889928264,,0.90389661830965,0.09610338169035004,0,0.14648716373489062,10,0.025,0.15,1.0,0.949209130502478,0.9569559364505864,0.9542145550376973,0.9475784019822251,0.938957320023638,0.9744214699632666,0.9579548463906143,0.9457553895035834,0.9374252911674577,0.9428898313763254,0.9561754239258038
0,1,2.2887137564745816,0.14302855771538278,4167,2.304063558578491,0.09232613908872901,834,2.2983339526985267,0.1073,0.9804429029690458,0.08366114682786939,,,0.9291672444943749,,0.9292221617071842,0.07077783829281581,0,0.14648875666034594,10,0.025,0.15,0.949209130502478,1.0,0.9376364586727124,0.9693441723426504,0.9444525336530863,0.9659405892713899,0.9468969035626533,0.9379373311198396,0.957267787450132,0.9634413185287071,0.9562009407137442,0.9616946310279806
0,2,2.291307327964089,0.1439644828413727,4167,2.2965485709054128,0.1079136690647482,834,2.298340269281894,0.1073,0.968040673903405,0.08260286520462407,,,0.8,,0.8000115528708884,0.19998844712911157,0,0.14644363568737917,10,0.025,0.15,0.9569559364505864,0.9376364586727124,1.0,0.946060994418851,0.9187187019695725,0.935322548293949,0.9481992298865697,0.9646925961614448,0.9282004951729447,0.9100734148765302,0.943157201164797,0.9556471064895222
0,3,2.2849473266890556,0.13741300695944325,4167,2.2973315375191823,0.09592326139088729,834,2.298333626759203,0.1074,0.9872440394418129,0.08424148748342568,,,0.9999999998779463,,1.0,0.0,0,0.14649016489579705,10,0.025,0.15,0.9542145550376973,0.9693441723426504,0.946060994418851,1.0,0.9637895515492797,0.9588424159442789,0.9559715444250746,0.9653572091309933,0.9734856599809549,0.9693154475956666,0.9547565112014904,0.958585539702023
0,4,2.2821483532587687,0.14403647708183345,4167,2.2994183472224643,0.09603841536614646,833,2.2983374625821655,0.1073,0.9738428315983648,0.08309796304802373,,,0.8604285501915195,,0.8604743278704758,0.13952567212952416,0,0.14647454105414454,10,0.025,0.15,0.9475784019822251,0.9444525336530863,0.9187187019695725,0.9637895515492797,1.0,0.9376254330987583,0.9458994653669379,0.942510660161442,0.9735498897188727,0.9509845611124129,0.935392848919246,0.9521719352325176
0,5,2.286197070641951,0.14602831773458122,4167,2.2949608394077847,0.12244897959183673,833,2.2983375350131263,0.1073,0.9737610546484968,0.08309098502473516,,,0.8595768562563663,,0.8596243666551138,0.14037563334488623,0,0.14647440885285778,10,0.025,0.15,0.938957320023638,0.9659405892713899,0.935322548293949,0.9588424159442789,0.9376254330987583,1.0,0.9243889652391012,0.9373791038345449,0.9519791396048887,0.9589005524907482,0.9472040145136192,0.9551758889170955
0,6,2.28616267117587,0.1611711063114951,4167,2.299248627253941,0.10684273709483794,833,2.2983376859109614,0.1073,0.9722568094438941,0.08296262785212849,,,0.843910381536858,,0.8439537225000413,0.1560462774999587,0,0.14647157398582966,10,0.025,0.15,0.9744214699632666,0.9468969035626533,0.9481992298865697,0.9559715444250746,0.9458994653669379,0.9243889652391012,1.0,0.9543441999976537,0.9390990581793838,0.9297367398621079,0.923808519084583,0.9513060816985429
0,7,2.2881919384002685,0.14850011999040078,4167,2.298309326171875,0.12004801920768307,833,2.298336862008783,0.1073,0.9762638085139368,0.08330454489443948,,,0.8856426399744012,,0.885684342559126,0.11431565744087402,0,0.14648177120587874,10,0.025,0.15,0.9579548463906143,0.9379373311198396,0.9646925961614448,0.9653572091309933,0.942510660161442,0.9373791038345449,0.9543441999976537,1.0,0.9607030533565639,0.9250232863169271,0.9419932800959443,0.9531405878388473
0,8,2.2833185716108844,0.1415266442630821,4166,2.2960730961390903,0.10684273709483794,833,2.2983339164830463,0.1073,0.9812009718170303,0.0837258328070374,,,0.9370624110578171,,0.9370946180125761,0.0629053819874239,0,0.14648905202358237,10,0.025,0.15,0.9457553895035834,0.957267787450132,0.9282004951729447,0.9734856599809549,0.9735498897188727,0.9519791396048887,0.9390990581793838,0.9607030533565639,1.0,0.96285743134946,0.9495216777123238,0.9564927421345418
0,9,2.280846860914519,0.14251080172827651,4166,2.2988228457314626,0.11284513805522209,833,2.298337528977213,0.1073,0.973025150348034,0.08302819034536542,,,0.851912529932505,,0.8519582116155865,0.1480417883844135,0,0.1464731271883666,10,0.025,0.15,0.9374252911674577,0.9634413185287071,0.9100734148765302,0.9693154475956666,0.9509845611124129,0.9589005524907482,0.9297367398621079,0.9250232863169271,0.96285743134946,1.0,0.9471335742303528,0.9482116144718409
0,10,2.2889594793319703,0.12796447431589053,4166,2.298950808388846,0.10804321728691477,833,2.29833754104904,0.1073,0.9730154010193874,0.08302735843561024,,,0.8518109922242197,,0.8518591870079715,0.14814081299202853,0,0.14647312593789863,10,0.025,0.15,0.9428898313763254,0.9562009407137442,0.943157201164797,0.9547565112014904,0.935392848919246,0.9472040145136192,0.923808519084583,0.9419932800959443,0.9495216777123238,0.9471335742303528,1.0,0.9609304332176117
0,11,2.2855866555011635,0.1471915506481037,4166,2.2972501005445207,0.10804321728691477,833,2.2983336358130733,0.1074,0.9821072860251743,0.08380316855582003,,,0.9465015294850356,,0.9465514680398079,0.05344853196019206,0,0.14648978472733865,10,0.025,0.15,0.9561754239258038,0.9616946310279806,0.9556471064895222,0.958585539702023,0.9521719352325176,0.9551758889170955,0.9513060816985429,0.9531405878388473,0.9564927421345418,0.9482116144718409,0.9609304332176117,1.0
1,0,2.1844134471633216,0.20611951043916488,4167,2.285711015973772,0.12949640287769784,834,2.286324259601062,0.1339,0.9892349790585245,0.08352883304885865,,,0.915673519077594,,0.9157053027677378,0.08429469723226224,0.8332814756769111,0.1478220638090126,10,0.025,0.15,1.0,0.9707199592656057,0.975198623390335,0.9753383982769362,0.971531059047698,0.972582404681084,0.9785435427030874,0.9707117096487634,0.9690429232711143,0.965018332439313,0.973620551877637,0.9763770294677081
1,1,2.1877116705432083,0.19896808255339574,4167,2.2931159905024936,0.11750599520383694,834,2.2863239034821716,0.134,0.9840868093287463,0.08348960830777338,,,0.9090860080787309,,0.9091366704626099,0.09086332953739007,0.8332686694527284,0.14782115949922048,10,0.025,0.15,0.9707199592656057,1.0,0.958206619284181,0.9733572949567364,0.9659821488402933,0.9731598804780727,0.965153658026716,0.9592024822045001,0.9704298393559855,0.9635107234821267,0.9736160139975814,0.9642420800810597
1,2,2.1889374844955674,0.19731221502279817,4167,2.286027227129255,0.1354916067146283,834,2.2863379037832914,0.134,0.9841713695043047,0.08284006549507038,,,0.8,,0.8000115528708884,0.19998844712911157,0.8330005411423337,0.14776244214137668,10,0.025,0.15,0.975198623390335,0.958206619284181,1.0,0.9724693683628454,0.9614317821822538,0.9678122749905868,0.9669994110258858,0.975391699732574,0.9629099517795674,0.9597615449443655,0.9665112281955888,0.9723574072516323
1,3,2.1676441394921504,0.20441564674826013,4167,2.2842024053846086,0.1211031175059952,834,2.2863233964654466,0.1339,0.9897476449666475,0.0840309474855247,,,0.9999999998320572,,1.0,0.0,0.833251695533261,0.14782546406612943,10,0.025,0.15,0.9753383982769362,0.9733572949567364,0.9724693683628454,1.0,0.9713707809484151,0.9769721115545523,0.972249981824541,0.9706272361106018,0.9778420018397186,0.9724887219724035,0.9721381429447695,0.9696287045824593
1,4,2.167193554386948,0.2062395008399328,4167,2.286444902420044,0.1212484993997599,833,2.286334565923184,0.134,0.9829300365625975,0.0831049565818087,,,0.8444865383201974,,0.844531366044462,0.155468633955538,0.832916318202813,0.14779796997149736,10,0.025,0.15,0.971531059047698,0.9659821488402933,0.9614317821822538,0.9713707809484151,1.0,0.9667523497381013,0.9683380253694286,0.9551073110782864,0.976604059524078,0.9572637762333792,0.9686867413269675,0.9610533146532344
1,5,2.182875775568413,0.2062155027597792,4167,2.28287741116115,0.1524609843937575,833,2.2863347500185425,0.134,0.9877145908968995,0.08325586735931302,,,0.8698309097335263,,0.8698569094419963,0.13014309055800366,0.8329495527704218,0.1478061889735643,10,0.025,0.15,0.972582404681084,0.9731598804780727,0.9678122749905868,0.9769721115545523,0.9667523497381013,1.0,0.9711219508306833,0.9718530317903825,0.9703462174964037,0.9681253103946631,0.9727356288330137,0.969266398697521
1,6,2.1746209610592233,0.2049196064314855,4167,2.2868575028010776,0.13805522208883553,833,2.28633451461792,0.134,0.9860959167879176,0.08312424263840712,,,0.8477254917575336,,0.847774421943853,0.152225578056147,0.8329858591797021,0.1477991951405511,10,0.025,0.15,0.9785435427030874,0.965153658026716,0.9669994110258858,0.972249981824541,0.9683380253694286,0.9711219508306833,1.0,0.9672962022584082,0.9673035554974587,0.963591350292884,0.9719144560044889,0.9691827068917435
1,7,2.1831261233849957,0.202735781137509,4167,2.2863098893846785,0.1524609843937575,833,2.286333087124402,0.134,0.983088253536017,0.08323741863767654,,,0.8667325806347803,,0.866778894555297,0.133221105444703,0.8330504839873467,0.14780547627878046,10,0.025,0.15,0.9707117096487634,0.9592024822045001,0.975391699732574,0.9706272361106018,0.9551073110782864,0.9718530317903825,0.9672962022584082,1.0,0.9622401638176565,0.9581896539565415,0.9653296877700733,0.9701081534466335
1,8,2.1723052696748213,0.20391262602016322,4166,2.2832959720066617,0.12965186074429771,833,2.2863231852084778,0.134,0.9856010247265256,0.08357859978265814,,,0.9240314813537235,,0.9240728821112046,0.07592711788879536,0.8333090002640183,0.14782297843865083,10,0.025,0.15,0.9690429232711143,0.9704298393559855,0.9629099517795674,0.9778420018397186,0.976604059524078,0.9703462174964037,0.9673035554974587,0.9622401638176565,1.0,0.968838486522252,0.9691112361334705,0.9608458070672246
1,9,2.1579892924337676,0.21469035045607296,4166,2.2866880893707275,0.13805522208883553,833,2.286335121227216,0.134,0.9814905521479732,0.08301525412331401,,,0.8294216605004981,,0.829463121585714,0.170536878414286,0.8329500229978539,0.147791934946755,10,0.025,0.15,0.965018332439313,0.9635107234821267,0.9597615449443655,0.9724887219724035,0.9572637762333792,0.9681253103946631,0.963591350292884,0.9581896539565415,0.968838486522252,1.0,0.9686724435939091,0.9616826241188486
1,10,2.1792770620548363,0.20060009601536247,4166,2.287475211279733,0.13445378151260504,833,2.2863355558129808,0.134,0.9870656033225332,0.08319559699469789,,,0.8597089387829826,,0.8597563994652672,0.14024360053473284,0.8329553047447517,0.1478031606063782,10,0.025,0.15,0.973620551877637,0.9736160139975814,0.9665112281955888,0.9721381429447695,0.9686867413269675,0.9727356288330137,0.9719144560044889,0.9653296877700733,0.9691112361334705,0.9686724435939091,1.0,0.9707812889399073
1,11,2.173785316221642,0.2039846375420067,4166,2.2857205867767334,0.13805522208883553,833,2.2863229075564613,0.134,0.9847484659351405,0.08359860954489752,,,0.9273919759086791,,0.9274314667194797,0.07256853328052026,0.8332585980701864,0.14782329816715156,10,0.025,0.15,0.9763770294677081,0.9642420800810597,0.9723574072516323,0.9696287045824593,0.9610533146532344,0.969266398697521,0.9691827068917435,0.9701081534466335,0.9608458070672246,0.9616826241188486,0.9707812889399073,1.0
2,0,2.1070516694675794,0.23702903767698585,4167,2.2672490051814487,0.15947242206235013,834,2.2686475922789753,0.1599,0.9880138071106783,0.0835772317883526,,,1.0,,1.0,0.0,0.9584183212299635,0.14763277621118892,10,0.025,0.15,1.0,0.9696556451382472,0.9713268206806207,0.9713104519243199,0.9714949995429644,0.969211637770727,0.9704470182923406,0.9672351884502621,0.9702883755408799,0.9635190808802239,0.9723427485178966,0.9721258093000585
2,1,2.113061413981698,0.231605471562275,4167,2.276898520333426,0.14628297362110312,834,2.2686470309390296,0.16,0.9835033555905331,0.08340664998306094,,,1.0,,1.0,0.0,0.9584050577755433,0.14763277621118892,10,0.025,0.15,0.9696556451382472,1.0,0.9584506211632811,0.969139354924897,0.9623371117600545,0.9680538226920802,0.9624534913913986,0.9556473012655164,0.9688317652121458,0.9665822006362733,0.9721768146154441,0.9623020543594909
2,2,2.11471184203119,0.23090952723782096,4167,2.2701618671417236,0.16666666666666666,834,2.2686680751510813,0.1601,0.9829047736632722,0.08298666755630103,,,1.0,,1.0,0.0,0.9579677813789401,0.14763277621118892,10,0.025,0.15,0.9713268206806207,0.9584506211632811,1.0,0.9692722189808057,0.9631893502097167,0.960520345911637,0.9600961293175101,0.9664972355967865,0.9633448122915835,0.9598631559541945,0.9683923095596717,0.9678947363249908
2,3,2.0904575889760797,0.23626109911207102,4167,2.2654892035893033,0.1618705035971223,834,2.26864640923995,0.1599,0.9876290141481001,0.08387438251183706,,,1.0,,1.0,0.0,0.9584380986774685,0.14763277621118892,10,0.025,0.15,0.9713104519243199,0.969139354924897,0.9692722189808057,1.0,0.9688612594324413,0.9697102116557469,0.9681954707852275,0.9665187246651368,0.9730354173668304,0.9678544038852787,0.9699578303788865,0.9703706045070896
2,4,2.0897128473628652,0.2380849532037437,4167,2.267697436468942,0.148859543817527,833,2.2686573855484586,0.1597,0.9837289836139461,0.08317676925746956,,,1.0,,1.0,0.0,0.9582005312530419,0.14763277621118892,10,0.025,0.15,0.9714949995429644,0.9623371117600545,0.9631893502097167,0.9688612594324413,1.0,0.968248892140407,0.9683703826360816,0.9558909036525509,0.9708490927822032,0.9596643995224198,0.9651310812605779,0.9644220018040478
2,5,2.1072395021265202,0.23887688984881209,4167,2.2652977194104875,0.1716686674669868,833,2.26865849012061,0.1596,0.9848558374094621,0.0833064052676928,,,1.0,,1.0,0.0,0.9582766813420562,0.14763277621118892,10,0.025,0.15,0.969211637770727,0.9680538226920802,0.960520345911637,0.9697102116557469,0.968248892140407,1.0,0.9699998895090587,0.9641615890420376,0.9666235193976053,0.9646080339753423,0.9661799738525877,0.964411313755264
2,6,2.100900966470892,0.23551715862730982,4167,2.2685485567365373,0.16206482593037214,833,2.268657744685306,0.1598,0.983636949205805,0.08318567531542786,,,1.0,,1.0,0.0,0.9582086067291601,0.14763277621118892,10,0.025,0.15,0.9704470182923406,0.9624534913913986,0.9600961293175101,0.9681954707852275,0.9683703826360816,0.9699998895090587,1.0,0.9614174338187208,0.9641092542422295,0.9616916031218835,0.96663237428094,0.9639810761256382
2,7,2.111108550519654,0.23580513558915286,4167,2.26862587247576,0.1716686674669868,833,2.2686553967149954,0.1598,0.9801962245685207,0.08314379420419146,,,1.0,,1.0,0.0,0.9582796012494621,0.14763277621118892,10,0.025,0.15,0.9672351884502621,0.9556473012655164,0.9664972355967865,0.9665187246651368,0.9558909036525509,0.9641615890420376,0.9614174338187208,1.0,0.9572930423275994,0.9534952378205024,0.9643723175466281,0.9641926120180855
2,8,2.093208935405269,0.23972635621699473,4166,2.265061616897583,0.15006002400960383,833,2.2686456698405593,0.16,0.984676159834503,0.08349959350341517,,,1.0,,1.0,0.0,0.9584247451508346,0.14763277621118892,10,0.025,0.15,0.9702883755408799,0.9688317652121458,0.9633448122915835,0.9730354173668304,0.9708490927822032,0.9666235193976053,0.9641092542422295,0.9572930423275994,1.0,0.9671691733836412,0.967680526699389,0.9602477317377219
2,9,2.079369978832476,0.249951992318771,4166,2.2686894961765836,0.16206482593037214,833,2.268657964996145,0.1598,0.9813195423774953,0.08304325050818324,,,1.0,,1.0,0.0,0.9581198916810041,0.14763277621118892,10,0.025,0.15,0.9635190808802239,0.9665822006362733,0.9598631559541945,0.9678544038852787,0.9596643995224198,0.9646080339753423,0.9616916031218835,0.9534952378205024,0.9671691733836412,1.0,0.9661845153191654,0.9594191732755826
2,10,2.105916858803142,0.23509361497839654,4166,2.2700610842023576,0.15366146458583432,833,2.2686601560327073,0.1597,0.9862999656308518,0.08331610944887292,,,1.0,,1.0,0.0,0.9582573340228558,0.14763277621118892,10,0.025,0.15,0.9723427485178966,0.9721768146154441,0.9683923095596717,0.9699578303788865,0.9651310812605779,0.9661799738525877,0.96663237428094,0.9643723175466281,0.967680526699389,0.9661845153191654,1.0,0.969757831589607
2,11,2.1036499630321157,0.23360537686029764,4166,2.2685182775769914,0.1644657863145258,833,2.268645313721669,0.16,0.9837992203077014,0.08348347065519536,,,1.0,,1.0,0.0,0.9584247942560203,0.14763277621118892,10,0.025,0.15,0.9721258093000585,0.9623020543594909,0.9678947363249908,0.9703706045070896,0.9644220018040478,0.964411313755264,0.9639810761256382,0.9641926120180855,0.9602477317377219,0.9594191732755826,0.969757831589607,1.0
3,0,2.042854950283513,0.263618910487161,4167,2.2429114750453403,0.18944844124700239,834,2.245386537117294,0.1966,0.9840437405532179,0.083582624507157,,,1.0,,1.0,0.0,0.9721661106657916,0.14715173133570983,10,0.025,0.15,1.0,0.9652261696431773,0.9611138438225912,0.9637325297419316,0.961519329005618,0.9634451003593292,0.9600563284666837,0.9613433376245205,0.9638713872664998,0.9559148800577313,0.9630957495772562,0.9648165094155005
3,1,2.048943407969041,0.2572594192464603,4167,2.2552594797951833,0.18465227817745802,834,2.245385858077037,0.1966,0.9803898210094097,0.0833585586001938,,,1.0,,1.0,0.0,0.9721661106657916,0.14715173133570983,10,0.025,0.15,0.9652261696431773,1.0,0.9516379096741727,0.9594770832908736,0.9540208779892583,0.9632420689261364,0.9551515086012196,0.9513398956912361,0.9622960097161523,0.9601238039103654,0.9638138548380447,0.9548412424934538
3,2,2.0499659765850415,0.25610751139908805,4167,2.249189410890852,0.2014388489208633,834,2.2454153254062317,0.1976,0.9782971495785029,0.08303123793198822,,,1.0,,1.0,0.0,0.9721661106657916,0.14715173133570983,10,0.025,0.15,0.9611138438225912,0.9516379096741727,1.0,0.9587439919343437,0.9563612134335527,0.9528274741141282,0.9515439803497615,0.9572128737629594,0.9576238853314843,0.9515511120079984,0.9592210357958578,0.9589375636920774
3,3,2.0278765324390298,0.2628989680825534,4167,2.2410167966570174,0.19304556354916066,834,2.2453850281389456,0.1966,0.9839858347179558,0.0837642163283375,,,1.0,,1.0,0.0,0.9721661106657916,0.14715173133570983,10,0.025,0.15,0.9637325297419316,0.9594770832908736,0.9587439919343437,1.0,0.9620729107942303,0.9660906180809092,0.961071029240189,0.9626697797055219,0.965258377358041,0.9582694230707909,0.9602137654820844,0.9657297538045118
3,4,2.030588189399604,0.2595632349412047,4167,2.2433056831359863,0.20768307322929172,833,2.2453955306282527,0.1974,0.9807691367173408,0.08322894701148617,,,1.0,,1.0,0.0,0.9721661106657916,0.14715173133570983,10,0.025,0.15,0.961519329005618,0.9540208779892583,0.9563612134335527,0.9620729107942303,1.0,0.9637561650570596,0.9613850997059887,0.9530786656662983,0.9637554010832718,0.9548745523930551,0.9580254869367341,0.9569156084737357
3,5,2.044296991102623,0.2619150467962563,4167,2.2421436991010393,0.20048019207683074,833,2.2453976341440707,0.1974,0.9836530044755822,0.08340270686406392,,,1.0,,1.0,0.0,0.9721661106657916,0.14715173133570983,10,0.025,0.15,0.9634451003593292,0.9632420689261364,0.9528274741141282,0.9660906180809092,0.9637561650570596,1.0,0.9639273336324675,0.9630258959638436,0.9619324397424996,0.9581552011120018,0.9619821766153331,0.9612543983428062
3,6,2.039537434866934,0.2601631869450444,4167,2.2444308825901578,0.2028811524609844,833,2.2453965295719196,0.1974,0.9794694668271596,0.0831922106317275,,,1.0,,1.0,0.0,0.9721661106657916,0.14715173133570983,10,0.025,0.15,0.9600563284666837,0.9551515086012196,0.9515439803497615,0.961071029240189,0.9613850997059887,0.9639273336324675,1.0,0.9553337225592685,0.95672520055869,0.9537272332102451,0.9576976816780097,0.9538525932880806
3,7,2.0469795274012017,0.2633549316054716,4167,2.2453110558646068,0.20408163265306123,833,2.2453925307792955,0.1974,0.9789654585218651,0.08314997268580929,,,1.0,,1.0,0.0,0.9721661106657916,0.14715173133570983,10,0.025,0.15,0.9613433376245205,0.9513398956912361,0.9572128737629594,0.9626697797055219,0.9530786656662983,0.9630258959638436,0.9553337225592685,1.0,0.953464908396449,0.9457159365661076,0.9597884952686634,0.9615494643911817
3,8,2.0303677508325286,0.2668746999519923,4166,2.241365228380476,0.19567827130852342,833,2.245383784740786,0.1966,0.9821633134162846,0.0834735790791757,,,1.0,,1.0,0.0,0.9721661106657916,0.14715173133570983,10,0.025,0.15,0.9638713872664998,0.9622960097161523,0.9576238853314843,0.965258377358041,0.9637554010832718,0.9619324397424996,0.95672520055869,0.953464908396449,1.0,0.9620771310709474,0.9618100772238631,0.9532174823723452
3,9,2.015842198241841,0.2753240518482957,4166,2.245321716581072,0.19687875150060025,833,2.245395983321757,0.1974,0.9774695358610241,0.08303927971448664,,,1.0,,1.0,0.0,0.9721661106657916,0.14715173133570983,10,0.025,0.15,0.9559148800577313,0.9601238039103654,0.9515511120079984,0.9582694230707909,0.9548745523930551,0.9581552011120018,0.9537272332102451,0.9457159365661076,0.9620771310709474,1.0,0.9570791517751652,0.94950592603669
3,10,2.045297984643416,0.25652904464714354,4166,2.246826308114188,0.1836734693877551,833,2.245400555526154,0.1974,0.9823700266244412,0.08336700572082616,,,1.0,,1.0,0.0,0.9721661106657916,0.14715173133570983,10,0.025,0.15,0.9630957495772562,0.9638138548380447,0.9592210357958578,0.9602137654820844,0.9580254869367341,0.9619821766153331,0.9576976816780097,0.9597884952686634,0.9618100772238631,0.9570791517751652,1.0,0.9618351320244239
3,11,2.0454002622402077,0.25748919827172345,4166,2.2457004955836704,0.20408163265306123,833,2.2453834919989863,0.1966,0.9805027530194527,0.083409660924748,,,1.0,,1.0,0.0,0.9721661106657916,0.14715173133570983,10,0.025,0.15,0.9648165094155005,0.9548412424934538,0.9589375636920774,0.9657297538045118,0.9569156084737357,0.9612543983428062,0.9538525932880806,0.9615494643911817,0.9532174823723452,0.94950592603669,0.9618351320244239,1.0
4,0,1.988697834448381,0.28195344372450204,4167,2.2133564949035645,0.23860911270983212,834,2.2170970802065693,0.2343,0.9807047917933835,0.08358497471898668,,,1.0,,1.0,0.0,0.9819065090660258,0.14665684154260844,10,0.025,0.15,1.0,0.9600899211662174,0.9542024892228997,0.9552309388474457,0.9524280648615864,0.9551978467686516,0.9492456598214404,0.9563478779870951,0.9581640095651719,0.950569779031496,0.9569897028923235,0.957524784087329
4,1,1.9945262013059675,0.27842572594192466,4167,2.2288830961499895,0.22422062350119903,834,2.217096570171887,0.2343,0.9770728668485067,0.08332826996172008,,,1.0,,1.0,0.0,0.9819065090660258,0.14665684154260844,10,0.025,0.15,0.9600899211662174,1.0,0.9431049006095369,0.95276520650828,0.944486274777217,0.9565127414736398,0.9474570644907842,0.9467014564202563,0.9536571272541375,0.9530927335646864,0.9561055057072585,0.9494751620180344
4,2,2.0009640484145192,0.27374610031197505,4167,2.223231417792184,0.23980815347721823,834,2.217134783539591,0.2346,0.9746334109166123,0.08304653074179096,,,1.0,,1.0,0.0,0.9819065090660258,0.14665684154260844,10,0.025,0.15,0.9542024892228997,0.9431049006095369,1.0,0.9533834877464467,0.9479526928293438,0.9442282228157639,0.9427072098898324,0.9517905983340139,0.9505784047841793,0.9487190138164155,0.9484563323793693,0.9499517231020836
4,3,1.9755178458762892,0.2841612670986321,4167,2.211454050881522,0.23621103117505995,834,2.217095728161969,0.2343,0.9811769556727076,0.0837126053824381,,,1.0,,1.0,0.0,0.9819065090660258,0.14665684154260844,10,0.025,0.15,0.9552309388474457,0.95276520650828,0.9533834877464467,1.0,0.9563291655962068,0.9580068821879395,0.9547678862926513,0.957409384778606,0.9575413479101497,0.9535959905764895,0.9550636682096671,0.9573653817539562
4,4,1.9813281785358081,0.2779937604991601,4167,2.213765859603882,0.24129651860744297,833,2.217105820209165,0.234,0.9770602525049408,0.08324772867526174,,,1.0,,1.0,0.0,0.9819065090660258,0.14665684154260844,10,0.025,0.15,0.9524280648615864,0.944486274777217,0.9479526928293438,0.9563291655962068,1.0,0.9590878403049318,0.9517043002066894,0.9470833232735655,0.9557128386663427,0.9488717555843229,0.94917550059643,0.9505660858687428
4,5,1.9898970333012667,0.2849532037437005,4167,2.213975157056536,0.2388955582232893,833,2.217108678214158,0.234,0.9800784111213151,0.08345336105914278,,,1.0,,1.0,0.0,0.9819065090660258,0.14665684154260844,10,0.025,0.15,0.9551978467686516,0.9565127414736398,0.9442282228157639,0.9580068821879395,0.9590878403049318,1.0,0.957099709459413,0.9580386191415335,0.953059851814401,0.9517710438672673,0.9520318231015843,0.9536984532936571
4,6,1.9907173933404865,0.27844972402207824,4167,2.215003388268607,0.22929171668667467,833,2.2171077396296246,0.2341,0.9754879596997137,0.0831738562427689,,,1.0,,1.0,0.0,0.9819065090660258,0.14665684154260844,10,0.025,0.15,0.9492456598214404,0.9474570644907842,0.9427072098898324,0.9547678862926513,0.9517043002066894,0.957099709459413,1.0,0.949357708056173,0.9488893001995115,0.9476756434261905,0.9498819328873058,0.9462010313194816
4,7,1.994632805116249,0.28192944564434846,4167,2.2169159139905656,0.24369747899159663,833,2.2171012057533748,0.2342,0.9770517199339476,0.08319862609335413,,,1.0,,1.0,0.0,0.9819065090660258,0.14665684154260844,10,0.025,0.15,0.9563478779870951,0.9467014564202563,0.9517905983340139,0.957409384778606,0.9470833232735655,0.9580386191415335,0.949357708056173,1.0,0.9476027993477832,0.9420123129451902,0.9529741553543322,0.9540072335754795
4,8,1.9752872131087564,0.2845415266442631,4166,2.2127177034105574,0.23769507803121248,833,2.2170937574362455,0.2343,0.9782389680138297,0.08343732360266232,,,1.0,,1.0,0.0,0.9819065090660258,0.14665684154260844,10,0.025,0.15,0.9581640095651719,0.9536571272541375,0.9505784047841793,0.9575413479101497,0.9557128386663427,0.953059851814401,0.9488893001995115,0.9476027993477832,1.0,0.9544932663287772,0.9520943581401136,0.94531204245532
4,9,1.9643265731406934,0.29534325492078733,4166,2.2170614174434116,0.21248499399759904,833,2.217106149166445,0.234,0.9754696891608096,0.08307871401143274,,,1.0,,1.0,0.0,0.9819065090660258,0.14665684154260844,10,0.025,0.15,0.950569779031496,0.9530927335646864,0.9487190138164155,0.9535959905764895,0.9488717555843229,0.9517710438672673,0.9476756434261905,0.9420123129451902,0.9544932663287772,1.0,0.9491330143424022,0.9449335003086357
4,10,1.9935385884660664,0.2775324051848296,4166,2.2182725497654507,0.226890756302521,833,2.2171131870414635,0.2341,0.978306011882786,0.08337361741604182,,,1.0,,1.0,0.0,0.9819065090660258,0.14665684154260844,10,0.025,0.15,0.9569897028923235,0.9561055057072585,0.9484563323793693,0.9550636682096671,0.94917550059643,0.9520318231015843,0.9498819328873058,0.9529741553543322,0.9520943581401136,0.9491330143424022,1.0,0.9560325357030756
4,11,1.993566371455337,0.27918867018723,4166,2.2179950645991733,0.2424969987995198,833,2.2170938238312927,0.2343,0.9772120458747112,0.08336439209439968,,,1.0,,1.0,0.0,0.9819065090660258,0.14665684154260844,10,0.025,0.15,0.957524784087329,0.9494751620180344,0.9499517231020836,0.9573653817539562,0.9505660858687428,0.9536984532936571,0.9462010313194816,0.9540072335754795,0.94531204245532,0.9449335003086357,0.9560325357030756,1.0
5,0,1.9447533282366667,0.2966402687784977,4167,2.179607391357422,0.2745803357314149,834,2.1846906655951392,0.2602,0.9784722296167147,0.08359651887122067,,,1.0,,1.0,0.0,0.9877358072725784,0.14627668747234335,10,0.025,0.15,1.0,0.954403426002076,0.9474646647636201,0.9518467758695786,0.9481512578871292,0.9472506933618522,0.9415227071279056,0.9525052975082949,0.9544266491202069,0.947357946987333,0.9510828995038898,0.9540081556527005
5,1,1.9504446015213475,0.29539236861051116,4167,2.1985335690634593,0.24940047961630696,834,2.184690406050863,0.2603,0.9751223436124379,0.08332854754066471,,,1.0,,1.0,0.0,0.9877358072725784,0.14627668747234335,10,0.025,0.15,0.954403426002076,1.0,0.9370049537580825,0.9481805293701299,0.9397930901736035,0.9501504128258759,0.9406702732143344,0.943800656291304,0.9497497168100679,0.9489583311128125,0.9518980503242749,0.9463160940028675
5,2,1.9552720283017013,0.29097672186225104,4167,2.193005016871861,0.26258992805755393,834,2.1847390977642203,0.2608,0.970716500769411,0.08301068995533423,,,1.0,,1.0,0.0,0.9877358072725784,0.14627668747234335,10,0.025,0.15,0.9474646647636201,0.9370049537580825,1.0,0.9468216139174542,0.9411407653540202,0.9350491507755141,0.9346622824616918,0.9474752933526519,0.9412126914223095,0.9427746786468779,0.9420310688045637,0.9439856918945718
5,3,1.931963315154567,0.29714422846172306,4167,2.177692004612514,0.26258992805755393,834,2.184689419179023,0.2602,0.9785101781660963,0.08367673921476915,,,1.0,,1.0,0.0,0.9877358072725784,0.14627668747234335,10,0.025,0.15,0.9518467758695786,0.9481805293701299,0.9468216139174542,1.0,0.9516310673529551,0.9510534529373081,0.9458730346195254,0.9515097239286942,0.9534794136872967,0.9485951957172011,0.9498013513650475,0.9516073402306797
5,4,1.9375001885674217,0.2945044396448284,4167,2.1799961498805454,0.2689075630252101,833,2.184700283823134,0.2606,0.9748209547064567,0.08326888794969131,,,1.0,,1.0,0.0,0.9877358072725784,0.14627668747234335,10,0.025,0.15,0.9481512578871292,0.9397930901736035,0.9411407653540202,0.9516310673529551,1.0,0.9527916232557866,0.9433995710308072,0.9437285290388652,0.9502191468100067,0.9451021252768889,0.9462769597620082,0.9452321604227347
5,5,1.9458669543266296,0.2996400287976962,4167,2.1816538402012418,0.27130852340936373,833,2.184703437587883,0.2606,0.9766449737279472,0.08345555396377387,,,1.0,,1.0,0.0,0.9877358072725784,0.14627668747234335,10,0.025,0.15,0.9472506933618522,0.9501504128258759,0.9350491507755141,0.9510534529373081,0.9527916232557866,1.0,0.947180491797529,0.9543587162156193,0.9498817612582596,0.9441567835563724,0.9475644974678297,0.9492619743406011
5,6,1.948157906893528,0.2933525317974562,4167,2.181136063167027,0.26410564225690275,833,2.1847030331816852,0.2606,0.9706285381007096,0.0830866203837218,,,1.0,,1.0,0.0,0.9877358072725784,0.14627668747234335,10,0.025,0.15,0.9415227071279056,0.9406702732143344,0.9346622824616918,0.9458730346195254,0.9433995710308072,0.947180491797529,1.0,0.9420949870606973,0.9434124796276351,0.9413546517366632,0.9410076042661796,0.9373101250399901
5,7,1.9482875885385456,0.30052795776337893,4167,2.184518269130162,0.2725090036014406,833,2.1846935236001315,0.2606,0.975702411964471,0.0832672108058801,,,1.0,,1.0,0.0,0.9877358072725784,0.14627668747234335,10,0.025,0.15,0.9525052975082949,0.943800656291304,0.9474752933526519,0.9515097239286942,0.9437285290388652,0.9543587162156193,0.9420949870606973,1.0,0.9452888768993715,0.9392222255715614,0.9472354985532183,0.9505849988986753
5,8,1.931929266091549,0.30192030724915986,4166,2.180358409881592,0.25090036014405764,833,2.184686778466913,0.2602,0.9765098768395367,0.08344122892109813,,,1.0,,1.0,0.0,0.9877358072725784,0.14627668747234335,10,0.025,0.15,0.9544266491202069,0.9497497168100679,0.9412126914223095,0.9534794136872967,0.9502191468100067,0.9498817612582596,0.9434124796276351,0.9452888768993715,1.0,0.9478817469920765,0.9481270855500339,0.9434259632430778
5,9,1.9196700948657412,0.30967354776764283,4166,2.184843267713274,0.24489795918367346,833,2.1847006188163274,0.2607,0.9735177385153827,0.08312184594919465,,,1.0,,1.0,0.0,0.9877358072725784,0.14627668747234335,10,0.025,0.15,0.947357946987333,0.9489583311128125,0.9427746786468779,0.9485951957172011,0.9451021252768889,0.9441567835563724,0.9413546517366632,0.9392222255715614,0.9478817469920765,1.0,0.945523690632817,0.9414281820630931
5,10,1.9497025569279989,0.2955592894863178,4166,2.1853558676583424,0.24729891956782712,833,2.1847095761118056,0.2606,0.9760305075912681,0.08338619072936057,,,1.0,,1.0,0.0,0.9877358072725784,0.14627668747234335,10,0.025,0.15,0.9510828995038898,0.9518980503242749,0.9420310688045637,0.9498013513650475,0.9462769597620082,0.9475644974678297,0.9410076042661796,0.9472354985532183,0.9481270855500339,0.945523690632817,1.0,0.9510044223204995
5,11,1.9495545903841653,0.2944311089774364,4166,2.1861562728881836,0.25690276110444177,833,2.1846872975554645,0.2602,0.9754006263043168,0.08335996571529063,,,1.0,,1.0,0.0,0.9877358072725784,0.14627668747234335,10,0.025,0.15,0.9540081556527005,0.9463160940028675,0.9439856918945718,0.9516073402306797,0.9452321604227347,0.9492619743406011,0.9373101250399901,0.9505849988986753,0.9434259632430778,0.9414281820630931,0.9510044223204995,1.0
6,0,1.9063149264364532,0.31262299016078715,4167,2.1420304434640065,0.2949640287769784,834,2.1484455639802955,0.2812,0.9746630727661194,0.08358280261685237,,,1.0,,1.0,0.0,0.9915676759718787,0.1458027908459656,10,0.025,0.15,1.0,0.9459834006148509,0.9415875877085315,0.9457110564521899,0.9409423609863802,0.9398076051672037,0.9339258194533411,0.9456545727636664,0.9461666735589614,0.9409792695238481,0.9423001114230383,0.9454016060346264
6,1,1.9100352225881634,0.3077753779697624,4167,2.1646180834089006,0.2745803357314149,834,2.1484456967703904,0.2812,0.9712929159668736,0.08330685798202091,,,1.0,,1.0,0.0,0.9915676759718787,0.1458027908459656,10,0.025,0.15,0.9459834006148509,1.0,0.9318409773770444,0.9412372057263717,0.9315711313769476,0.9428275317724849,0.9335901169958792,0.9372164868974154,0.9416807421898953,0.9410994673410485,0.9453065650431363,0.9369381223715342
6,2,1.9130194114916252,0.30753539716822653,4167,2.158799239567348,0.2805755395683453,834,2.1485075015055983,0.2809,0.9684464652861778,0.08301708180444864,,,1.0,,1.0,0.0,0.9915676759718787,0.1458027908459656,10,0.025,0.15,0.9415875877085315,0.9318409773770444,1.0,0.9402693364840649,0.9344673170090071,0.9295088997944938,0.9299215728944961,0.9425538619710846,0.9373521335604722,0.9379712573654762,0.9337167868530082,0.9371983098289282
6,3,1.8903680931438098,0.3114950803935685,4167,2.1401661804744174,0.27697841726618705,834,2.148444504677495,0.2812,0.9758401883849439,0.08367089573992213,,,1.0,,1.0,0.0,0.9915676759718787,0.1458027908459656,10,0.025,0.15,0.9457110564521899,0.9412372057263717,0.9402693364840649,1.0,0.9443150709181322,0.9451394342483733,0.9405748640828325,0.9456210529704273,0.9499557498379876,0.9425193266522591,0.9418541454236846,0.9449491996357671
6,4,1.9000926733016967,0.3064314854811615,4167,2.142280033656529,0.28691476590636256,833,2.148457252526585,0.2812,0.9715548622006831,0.08327843438179448,,,1.0,,1.0,0.0,0.9915676759718787,0.1458027908459656,10,0.025,0.15,0.9409423609863802,0.9315711313769476,0.9344673170090071,0.9443150709181322,1.0,0.9462220553820692,0.9365408086617223,0.9378110198254417,0.944568399972138,0.9399862683849484,0.9377680915128473,0.9382190532794342
6,5,1.9038644223502188,0.31437485001199905,4167,2.1454546451568604,0.290516206482593,833,2.1484594737427143,0.2812,0.9738058889497286,0.08346750461520973,,,1.0,,1.0,0.0,0.9915676759718787,0.1458027908459656,10,0.025,0.15,0.9398076051672037,0.9428275317724849,0.9295088997944938,0.9451394342483733,0.9462220553820692,1.0,0.9403747662607982,0.9483042694820062,0.9447622473438976,0.9391251932327608,0.9388739355919288,0.9435981115463292
6,6,1.908937124411265,0.3046796256299496,4167,2.1434129306248257,0.2857142857142857,833,2.1484608770925786,0.2812,0.9678773103118714,0.08304556857842564,,,1.0,,1.0,0.0,0.9915676759718787,0.1458027908459656,10,0.025,0.15,0.9339258194533411,0.9335901169958792,0.9299215728944961,0.9405748640828325,0.9365408086617223,0.9403747662607982,1.0,0.9371430400339511,0.9376171020832625,0.9367846231501274,0.9328959616364806,0.9303205409726988
6,7,1.908802173354409,0.31535877129829615,4167,2.1483361380440846,0.28811524609843936,833,2.1484473506106605,0.2812,0.972877826355063,0.08332053885068538,,,1.0,,1.0,0.0,0.9915676759718787,0.1458027908459656,10,0.025,0.15,0.9456545727636664,0.9372164868974154,0.9425538619710846,0.9456210529704273,0.9378110198254417,0.9483042694820062,0.9371430400339511,1.0,0.9395471777537591,0.9321411123605403,0.939394738322167,0.9424511510086788
6,8,1.8941314971808232,0.3129140662506001,4166,2.1445721217564175,0.27010804321728693,833,2.1484413388409194,0.2812,0.9739253150758008,0.08346252324102406,,,1.0,,1.0,0.0,0.9915676759718787,0.1458027908459656,10,0.025,0.15,0.9461666735589614,0.9416807421898953,0.9373521335604722,0.9499557498379876,0.944568399972138,0.9447622473438976,0.9376171020832625,0.9395471777537591,1.0,0.9416797688309265,0.9406025340756875,0.9359958233667676
6,9,1.8784694830576578,0.3226596255400864,4166,2.1488923685891286,0.26410564225690275,833,2.1484587313253667,0.2812,0.9708913965734077,0.08316568833024421,,,1.0,,1.0,0.0,0.9915676759718787,0.1458027908459656,10,0.025,0.15,0.9409792695238481,0.9410994673410485,0.9379712573654762,0.9425193266522591,0.9399862683849484,0.9391251932327608,0.9367846231501274,0.9321411123605403,0.9416797688309265,1.0,0.9382878295038254,0.9342372581767157
6,10,1.9081908533067413,0.3089534325492079,4166,2.1481288841792514,0.2785114045618247,833,2.1484670156165016,0.2813,0.9715675609357226,0.0833515311538138,,,1.0,,1.0,0.0,0.9915676759718787,0.1458027908459656,10,0.025,0.15,0.9423001114230383,0.9453065650431363,0.9337167868530082,0.9418541454236846,0.9377680915128473,0.9388739355919288,0.9328959616364806,0.939394738322167,0.9406025340756875,0.9382878295038254,1.0,0.9414761634989233
6,11,1.9091737133083921,0.3100336053768603,4166,2.1503195422036305,0.28211284513805523,833,2.1484424856644644,0.2812,0.9714231628673753,0.08333057270555874,,,1.0,,1.0,0.0,0.9915676759718787,0.1458027908459656,10,0.025,0.15,0.9454016060346264,0.9369381223715342,0.9371983098289282,0.9449491996357671,0.9382190532794342,0.9435981115463292,0.9303205409726988,0.9424511510086788,0.9359958233667676,0.9342372581767157,0.9414761634989233,1.0
7,0,1.8677080129132126,0.32608591312694984,4167,2.1013845035008023,0.31414868105515587,834,2.108932172195821,0.3011,0.9697051766722021,0.08353589043303059,,,1.0,,1.0,0.0,0.9936079967633454,0.14523720718892175,10,0.025,0.15,1.0,0.9367088349553132,0.932906007002978,0.9378693241549964,0.9324740227046413,0.9290834189518552,0.9233354114917959,0.935731817352096,0.9352281065608781,0.9334653305447385,0.9313517084054478,0.9385793076003245
7,1,1.875177626176314,0.32075833933285336,4167,2.127658878053938,0.2973621103117506,834,2.108932618853412,0.3011,0.9677364917286773,0.08330036174987347,,,1.0,,1.0,0.0,0.9936079967633454,0.14523720718892175,10,0.025,0.15,0.9367088349553132,1.0,0.9218930350914419,0.9341878735248036,0.9237271134833661,0.9358212802963497,0.9238208592972612,0.9315797445119066,0.9334454956100304,0.9336207665118852,0.9372949791897952,0.931927886211192
7,2,1.879257038867835,0.3181425485961123,4167,2.1211111886160716,0.2961630695443645,834,2.109008985229685,0.3012,0.9638158334809191,0.08299249959142353,,,1.0,,1.0,0.0,0.9936079967633454,0.14523720718892175,10,0.025,0.15,0.932906007002978,0.9218930350914419,1.0,0.9310465984348578,0.9251572522413631,0.9203089916150344,0.921798961671558,0.9349964834923019,0.9273290653311814,0.9304456272430887,0.9230813789691081,0.9298317329630422
7,3,1.8572682752753749,0.32455003599712023,4167,2.0990841729300365,0.2961630695443645,834,2.1089310374441026,0.3011,0.9724003198293735,0.08367857714575341,,,1.0,,1.0,0.0,0.9936079967633454,0.14523720718892175,10,0.025,0.15,0.9378693241549964,0.9341878735248036,0.9310465984348578,1.0,0.9376252419235077,0.9386179561691652,0.9308928881158597,0.9362113496291913,0.9429086403689559,0.9355691651119429,0.9346574253368432,0.9383939026231609
