round,client_id,client_i_training_loss,client_i_training_accuracy,client_i_training_dataset_size,client_i_evaluation_loss,client_i_evaluation_accuracy,client_i_evaluation_dataset_size,client_i_central_evaluation_loss,client_i_central_evaluation_accuracy,client_i_cosine_similarity,client_i_importance_coefficient,client_i_tanh_val,tanh_normalization_value,client_i_q,client_i_mask_order,client_i_v_nonzero_fraction,client_i_v_sparsity,client_i_v_cosine_similarity,client_i_reward_gradient_norm,local_epochs,learning_rate,gamma,client_0_cosine_similarity,client_1_cosine_similarity,client_2_cosine_similarity,client_3_cosine_similarity,client_4_cosine_similarity,client_5_cosine_similarity,client_6_cosine_similarity,client_7_cosine_similarity,client_8_cosine_similarity,client_9_cosine_similarity,client_10_cosine_similarity,client_11_cosine_similarity
0,0,0.3347612032737986,0.89512,5000,2.1885323701081454,0.4028776978417266,834,2.186012896485984,0.3958,0.7916015216106095,0.08357906357839284,,,0.8700035042890703,,0.8700266050901059,0.12997339490989412,0,0.39458230561439817,5,0.1,0.5,1.0,0.5776329200954793,0.5907067929616475,0.5930566384804514,0.5933971143015797,0.5946239829127162,0.5964694616895042,0.5951349417224059,0.5826324426624268,0.6006408501810071,0.5878506884996237,0.5853414822812785
0,1,0.34416209305310325,0.89244,5000,2.1837843700691506,0.39928057553956836,834,2.1862464423377674,0.3957,0.7849765280032595,0.08287958189878646,,,0.7754736749015584,,0.775488178304302,0.22451182169569806,0,0.39432138434045133,5,0.1,0.5,0.5776329200954793,1.0,0.5937054439438049,0.5904690233796258,0.5949465264650217,0.5748667816418042,0.6021705412519951,0.5827682859351375,0.583401816335527,0.5707176504172006,0.5805048142328415,0.5835562823141875
0,2,0.34779871611078833,0.89024,5000,2.190459472161752,0.38369304556354916,834,2.1860333669680756,0.3959,0.7898570875684373,0.0833948823208551,,,0.8451127553830834,,0.8451332764419457,0.1548667235580543,0,0.3945422769095757,5,0.1,0.5,0.5907067929616475,0.5937054439438049,1.0,0.5827566494759042,0.5873774679557064,0.5940070649380492,0.5932842407552167,0.5815708432439358,0.5881700272860938,0.5873075804017591,0.5931140923457956,0.5889650720257325
0,3,0.3449616470700426,0.89244,5000,2.1827273192229093,0.4052757793764988,834,2.186135590647737,0.3957,0.7868720758124702,0.08307971808667498,,,0.8025206158679259,,0.802540033130867,0.19745996686913303,0,0.3944300461885693,5,0.1,0.5,0.5930566384804514,0.5904690233796258,0.5827566494759042,1.0,0.5859092554409199,0.5812878431097381,0.599967000903423,0.5752926104486131,0.5831626803013028,0.5843260190127664,0.5880861087803804,0.588379536551807
0,4,0.3353169279030649,0.89336,5000,2.179948400568079,0.3949579831932773,833,2.1860076162380913,0.3959,0.7921083315172256,0.08363257370470113,,,0.877235006210998,,0.8772501380452788,0.12274986195472115,0,0.39459114998302935,5,0.1,0.5,0.5933971143015797,0.5949465264650217,0.5873774679557064,0.5859092554409199,1.0,0.5862672197350887,0.6024880377594607,0.5911304153805501,0.5982922024819017,0.5797106034090989,0.5839876077608447,0.5987810079351559
0,5,0.3384516172170354,0.89224,5000,2.1849968521683305,0.39015606242497,833,2.186104205469735,0.3959,0.7875569090641377,0.08315202431691726,,,0.8122922736650292,,0.8123086190452287,0.18769138095477134,0,0.3944609054779891,5,0.1,0.5,0.5946239829127162,0.5748667816418042,0.5940070649380492,0.5812878431097381,0.5862672197350887,1.0,0.5976666034096652,0.5745550877170378,0.6002205466699988,0.5812080019277688,0.5855755790212319,0.5889009064968652
0,6,0.3318772057237424,0.89504,5000,2.1791455392484314,0.41656662665066024,833,2.1859900349626145,0.3963,0.8007121479361584,0.08454098393366546,,,0.9999999998648573,,1.0,0.0,0,0.3946370790130194,5,0.1,0.5,0.5964694616895042,0.6021705412519951,0.5932842407552167,0.599967000903423,0.6024880377594607,0.5976666034096652,1.0,0.5939887626679972,0.5921057966517275,0.6032227717991657,0.60796531592427,0.5944481620418622
0,7,0.34137313840851474,0.8934,5000,2.181492884953817,0.40336134453781514,833,2.186317213808005,0.3951,0.783191240391169,0.082691087229735,,,0.75,,0.750002509914161,0.24999749008583905,0,0.394190495116172,5,0.1,0.5,0.5951349417224059,0.5827682859351375,0.5815708432439358,0.5752926104486131,0.5911304153805501,0.5745550877170378,0.5939887626679972,1.0,0.5738905757667918,0.5761750133085385,0.5902793543676955,0.5830452138662465
0,8,0.34307624037454654,0.89272,5000,2.184816943274604,0.39735894357743096,833,2.1860766494616914,0.3959,0.7881282209502977,0.08321234470685196,,,0.8204441328707255,,0.8204608202399478,0.17953917976005218,0,0.39448455953229183,5,0.1,0.5,0.5826324426624268,0.583401816335527,0.5881700272860938,0.5831626803013028,0.5982922024819017,0.6002205466699988,0.5921057966517275,0.5738905757667918,1.0,0.5794104770468805,0.594996171472665,0.5883079412205899
0,9,0.3437206909202846,0.89244,5000,2.189889254393401,0.38535414165666265,833,2.1862489293558527,0.3956,0.7847445432555038,0.08285508842896284,,,0.7721635617262755,,0.7721801114401887,0.22781988855981128,0,0.394307068649184,5,0.1,0.5,0.6006408501810071,0.5707176504172006,0.5873075804017591,0.5843260190127664,0.5797106034090989,0.5812080019277688,0.6032227717991657,0.5761750133085385,0.5794104770468805,1.0,0.5874946658024637,0.5823292520537289
0,10,0.33915480988657776,0.89484,5000,2.1787078115675182,0.4009603841536615,833,2.1860100484122866,0.3958,0.7917101905834659,0.08359053709220428,,,0.8715540657043179,,0.8715727122132423,0.12842728778675772,0,0.3945843127554082,5,0.1,0.5,0.5878506884996237,0.5805048142328415,0.5931140923457956,0.5880861087803804,0.5839876077608447,0.5855755790212319,0.60796531592427,0.5902793543676955,0.594996171472665,0.5874946658024637,1.0,0.5986621508733182
0,11,0.34771816497016106,0.8898,5000,2.1827103385218867,0.37214885954381755,833,2.186043182501016,0.3958,0.7898308746509534,0.0833921147022526,,,0.8447387319855724,,0.8447517694894835,0.1552482305105165,0,0.39454142173362383,5,0.1,0.5,0.5853414822812785,0.5835562823141875,0.5889650720257325,0.588379536551807,0.5987810079351559,0.5889009064968652,0.5944481620418622,0.5830452138662465,0.5883079412205899,0.5823292520537289,0.5986621508733182,1.0
1,0,0.29627206092344444,0.91016,5000,2.0298376127525612,0.6522781774580336,834,2.025919109487686,0.662,0.8136011562625481,0.08356086647613507,,,0.8820506065221808,,0.8820691732342754,0.11793082676572464,0.9624035181437018,0.405826150772734,5,0.1,0.5,1.0,0.6303512702333934,0.6244183460208551,0.6293876883401068,0.6366192239836858,0.6221063084696082,0.6365141054748189,0.6284255348628375,0.6279670206953545,0.6290677640365221,0.6341776719940238,0.6249163959483304
1,1,0.30229604947291744,0.9072,5000,2.0193750151881464,0.658273381294964,834,2.0263556447653723,0.6614,0.8098753040091974,0.08296881531846831,,,0.7828770974663878,,0.7828924250790623,0.21710757492093768,0.9616395415459228,0.4055558705070028,5,0.1,0.5,0.6303512702333934,1.0,0.6197788635298093,0.6316648645730574,0.6377650101025887,0.622917724931149,0.6232950523698462,0.6196453507978301,0.6220281035393471,0.6234900549912312,0.630269072934661,0.6296555785051726
1,2,0.31976145654442206,0.90352,5000,2.0325602690378823,0.6834532374100719,834,2.0260698441118477,0.6619,0.8065175940796356,0.08319264365849299,,,0.8203702120713172,,0.8203905426434416,0.17960945735655842,0.962136467661543,0.4057001857268166,5,0.1,0.5,0.6244183460208551,0.6197788635298093,1.0,0.6189832430923934,0.6244891792769989,0.6220296912747892,0.6295827499160229,0.6171698628710462,0.6203922870953908,0.6298294409051106,0.6223134951313101,0.6267905569692089
1,3,0.312263900836467,0.90324,5000,2.0185363513452037,0.658273381294964,834,2.0262071979693332,0.6619,0.8118787173007112,0.08317082805294436,,,0.8167159161098646,,0.8167361076251192,0.18326389237488083,0.9619521362251244,0.4056889448329905,5,0.1,0.5,0.6293876883401068,0.6316648645730574,0.6189832430923934,1.0,0.6316261459438943,0.6307888436575669,0.629773023337314,0.6238991716527172,0.621839262239588,0.6267180900202751,0.629415746569433,0.6353936363938791
1,4,0.2977931299596835,0.90836,5000,2.0180518097347684,0.6782713085234093,833,2.0258669967468554,0.6625,0.8179202529789869,0.08374651876515513,,,0.9131489140382383,,0.9131619898599468,0.08683801014005321,0.962471757541652,0.40585387989163263,5,0.1,0.5,0.6366192239836858,0.6377650101025887,0.6244891792769989,0.6316261459438943,1.0,0.6273657166643681,0.6404217307546112,0.6338086621712026,0.6324827303874517,0.6378317966008874,0.6273835424720828,0.63610948017725
1,5,0.29300922241868677,0.91096,5000,2.0287008108916105,0.6446578631452581,833,2.026161488633567,0.6622,0.8093950417286805,0.08313221192237831,,,0.8102473920223779,,0.810265548918227,0.189734451081773,0.9619907284315254,0.40566723633384544,5,0.1,0.5,0.6221063084696082,0.622917724931149,0.6220296912747892,0.6307888436575669,0.6273657166643681,1.0,0.6265886495291938,0.6178305327890797,0.631267797610915,0.6303499776277222,0.6272675058339673,0.626497088395776
1,6,0.29686812303995913,0.9092,5000,2.0179617449089333,0.687875150060024,833,2.025828715711356,0.6627,0.8155622045863891,0.08426500688137349,,,0.9999999998324917,,1.0,0.0,0.962596139567706,0.4058706201286976,5,0.1,0.5,0.6365141054748189,0.6232950523698462,0.6295827499160229,0.629773023337314,0.6404217307546112,0.6265886495291938,1.0,0.625341867117788,0.6293423139112401,0.6347433637130957,0.6337090946859909,0.6295100492704523
1,7,0.29776656127232276,0.90752,5000,2.019672146549931,0.6686674669867947,833,2.026592484678323,0.6616,0.8078157121706123,0.08277254391695173,,,0.75,,0.750002509914161,0.24999749008583905,0.9611253281225377,0.40536984179024294,5,0.1,0.5,0.6284255348628375,0.6196453507978301,0.6171698628710462,0.6238991716527172,0.6338086621712026,0.6178305327890797,0.625341867117788,1.0,0.6218066860852853,0.6226680442277347,0.6305110739806375,0.6305032845272446
1,8,0.29774755306755474,0.90836,5000,2.0267673245182745,0.65906362545018,833,2.0261185908089048,0.6618,0.80914245028004,0.08316330002698867,,,0.8154549089475258,,0.8154761307163295,0.18452386928367048,0.9620446105242063,0.4056844941854928,5,0.1,0.5,0.6279670206953545,0.6220281035393471,0.6203922870953908,0.621839262239588,0.6324827303874517,0.631267797610915,0.6293423139112401,0.6218066860852853,1.0,0.6200126430927635,0.6242320486082197,0.630782806163051
1,9,0.2982480889459135,0.909,5000,2.034657429765772,0.6698679471788715,833,2.0263536353461657,0.6615,0.8124095179161804,0.08304079801836318,,,0.794934800331151,,0.7949400130515536,0.2050599869484464,0.9616524949195275,0.40560883672916853,5,0.1,0.5,0.6290677640365221,0.6234900549912312,0.6298294409051106,0.6267180900202751,0.6378317966008874,0.6303499776277222,0.6347433637130957,0.6226680442277347,0.6200126430927635,1.0,0.6269214766995795,0.6338835039048768
1,10,0.2994997674551834,0.90936,5000,2.018419530656603,0.6518607442977191,833,2.025906619553368,0.6622,0.8124601248464531,0.08352875060862885,,,0.8766709307361986,,0.8766879172732293,0.12331208272677074,0.9624013951946132,0.4058193454066192,5,0.1,0.5,0.6341776719940238,0.630269072934661,0.6223134951313101,0.629415746569433,0.6273835424720828,0.6272675058339673,0.6337090946859909,0.6305110739806375,0.6242320486082197,0.6269214766995795,1.0,0.6266688986847612
1,11,0.30497687260744866,0.90648,5000,2.023716352604054,0.6302521008403361,833,2.0259602968685164,0.662,0.8141885713227175,0.08345771635411998,,,0.8647721003875346,,0.8647808844937503,0.13521911550624965,0.9622942251032038,0.40580172324980374,5,0.1,0.5,0.6249163959483304,0.6296555785051726,0.6267905569692089,0.6353936363938791,0.63610948017725,0.626497088395776,0.6295100492704523,0.6305032845272446,0.630782806163051,0.6338835039048768,0.6266688986847612,1.0
2,0,0.26514019123545496,0.9202,5000,1.8333671313745004,0.8201438848920863,834,1.8261266158411678,0.8354,0.8144409110958044,0.0835398340022455,,,0.8832707279892007,,0.8832789518598464,0.1167210481401536,0.9690516121113064,0.4063727317645288,5,0.1,0.5,1.0,0.6213517799247019,0.6270356913631604,0.6328982408341036,0.6414738243720902,0.6335422853874334,0.6419505126887269,0.6267626062555145,0.6267215142740112,0.6268031869414827,0.6299541241423146,0.6343503847201782
2,1,0.273627354002967,0.91732,5000,1.8155285031707198,0.8381294964028777,834,1.826855691857993,0.8349,0.8061598468715675,0.08286062091062332,,,0.75,,0.750002509914161,0.24999749008583905,0.967924129904372,0.4058771635979372,5,0.1,0.5,0.6213517799247019,1.0,0.6177955267001267,0.6246757901339819,0.631705270273595,0.6284009067572754,0.627603576862293,0.6176164630921873,0.6206917206142439,0.6224783470354719,0.6260002058715806,0.6265372674816616
2,2,0.277618529061508,0.91616,5000,1.8355927423194602,0.8381294964028777,834,1.8264082392183736,0.8353,0.8083667664512669,0.0830852740683995,,,0.7940799658475334,,0.7940916620651574,0.20590833793484264,0.968556271389884,0.4061389375157572,5,0.1,0.5,0.6270356913631604,0.6177955267001267,1.0,0.6242185216996364,0.6254713316677496,0.627879749160786,0.628571494574367,0.628183762793115,0.6278456799225787,0.6270819500110429,0.6237118253714901,0.6276691678404879
2,3,0.27822536227239925,0.91568,5000,1.8144875676543624,0.8441247002398081,834,1.8265819660010048,0.8353,0.8091235751785323,0.08309717895889121,,,0.7964158652022901,,0.7964309020631495,0.20356909793685052,0.9685388017603275,0.40614843602356143,5,0.1,0.5,0.6328982408341036,0.6246757901339819,0.6242185216996364,1.0,0.6317168142004252,0.6303959553478921,0.6294411179502002,0.6234578786937665,0.6133577545050442,0.6213862484212518,0.633346748716139,0.6279251106185263
2,4,0.269616276454655,0.91532,5000,1.8165930023899786,0.8427370948379351,833,1.8260210276411746,0.8353,0.819344730000449,0.08383305362422404,,,0.9408043547166651,,0.94082626374178,0.05917373625821998,0.9691457881675777,0.40641421503721475,5,0.1,0.5,0.6414738243720902,0.631705270273595,0.6254713316677496,0.6317168142004252,1.0,0.6346693296895785,0.6449488661529758,0.6353648325230385,0.639390732552898,0.6349003752571949,0.6333653525934442,0.6369807216374933
2,5,0.26492011206355065,0.9218,5000,1.8327602766178273,0.8199279711884754,833,1.82647118553186,0.8354,0.8167274400826648,0.08333610844627845,,,0.8432970385997792,,0.8433060589327845,0.15669394106721546,0.9686594319149309,0.40630169948036526,5,0.1,0.5,0.6335422853874334,0.6284009067572754,0.627879749160786,0.6303959553478921,0.6346693296895785,1.0,0.6390785122765879,0.6302881856200546,0.6407661714963216,0.6337225930665786,0.6311565614702674,0.6372945657092228
2,6,0.2633719884832004,0.9218,5000,1.8177993209273726,0.8535414165666266,833,1.8259858986059316,0.8356,0.8181682271397328,0.08413474370813692,,,0.9999999998037865,,1.0,0.0,0.9692049732397975,0.40641989152160757,5,0.1,0.5,0.6419505126887269,0.627603576862293,0.628571494574367,0.6294411179502002,0.6449488661529758,0.6390785122765879,1.0,0.6322345055604477,0.6341482319024927,0.6310678255537354,0.6289384807575804,0.638274952778955
2,7,0.27243147916783383,0.918,5000,1.8187576399909124,0.8523409363745498,833,1.8270994950407229,0.8348,0.8110826420072318,0.0829021331173283,,,0.7581452523166151,,0.7581597309372019,0.2418402690627981,0.9678020946190232,0.40593574118829795,5,0.1,0.5,0.6267626062555145,0.6176164630921873,0.628183762793115,0.6234578786937665,0.6353648325230385,0.6302881856200546,0.6322345055604477,1.0,0.6256323634544374,0.6222338577798185,0.6408711232883134,0.6310318783603975
2,8,0.2761501629273318,0.91644,5000,1.8292862530107852,0.8319327731092437,833,1.8264510220232102,0.8353,0.8103550922367286,0.08313503413531168,,,0.8038435590761904,,0.8038552281511973,0.19614477184880275,0.9685710031240197,0.40617921079494723,5,0.1,0.5,0.6267215142740112,0.6206917206142439,0.6278456799225787,0.6133577545050442,0.639390732552898,0.6407661714963216,0.6341482319024927,0.6256323634544374,1.0,0.6246270676168573,0.6275160450470697,0.6241553862713991
2,9,0.27053349684674743,0.91752,5000,1.8402301205529108,0.8211284513805522,833,1.8267556943070775,0.8349,0.8108211145575998,0.08307029457637793,,,0.791140788391672,,0.7911550624968626,0.20884493750313737,0.9683733570961983,0.40612526471702015,5,0.1,0.5,0.6268031869414827,0.6224783470354719,0.6270819500110429,0.6213862484212518,0.6349003752571949,0.6337225930665786,0.6310678255537354,0.6222338577798185,0.6246270676168573,1.0,0.6312035199807368,0.6344598876555076
2,10,0.2678360554474186,0.9206,5000,1.8173117681785866,0.8415366146458584,833,1.826108147922796,0.8353,0.8140228498584804,0.08350407321342014,,,0.8762539810816261,,0.8762712715225139,0.12372872847748606,0.9690478647028918,0.4063633631954645,5,0.1,0.5,0.6299541241423146,0.6260002058715806,0.6237118253714901,0.633346748716139,0.6333653525934442,0.6311565614702674,0.6289384807575804,0.6408711232883134,0.6275160450470697,0.6312035199807368,1.0,0.6331543006202703
2,11,0.27633738201408153,0.91472,5000,1.8235304134863395,0.8163265306122449,833,1.8261581693594449,0.8352,0.8153028594381675,0.0835016512387629,,,0.8757787571353802,,0.875799407660258,0.12420059233974201,0.9690163906746992,0.40636267124846137,5,0.1,0.5,0.6343503847201782,0.6265372674816616,0.6276691678404879,0.6279251106185263,0.6369807216374933,0.6372945657092228,0.638274952778955,0.6310318783603975,0.6241553862713991,0.6344598876555076,0.6331543006202703,1.0
3,0,0.24151049841219072,0.92808,5000,1.606510285977964,0.9004796163069544,834,1.5956376177815204,0.9039,0.8085039794639121,0.08346191090802092,,,0.865896887846161,,0.8659103458661713,0.13408965413382867,0.9718196167016304,0.4043057636141063,5,0.1,0.5,1.0,0.6280762923257505,0.6168545831740729,0.6223323000649893,0.629335250143112,0.623234465303074,0.6287511173917197,0.6180585918146743,0.6193038031059871,0.6168513059603378,0.6237120641760179,0.6189623828630313
3,1,0.24565011617864013,0.92528,5000,1.5795977645450168,0.9028776978417267,834,1.5964551608021649,0.9036,0.8119528638527217,0.08313248338826325,,,0.8029795286301976,,0.8029968375081572,0.1970031624918428,0.9708136779848474,0.40412814431362887,5,0.1,0.5,0.6280762923257505,1.0,0.6225217808429772,0.6263857929048413,0.6384245134736228,0.6268484095931459,0.6343916438959474,0.6133946940341313,0.6244983571956138,0.6204938632125488,0.6209937286982973,0.62585679533891
3,2,0.2548750157995968,0.92412,5000,1.6085673614784524,0.8968824940047961,834,1.5960058846031895,0.904,0.8068905386114784,0.08310482550079146,,,0.7976971489355764,,0.7977059384569047,0.20229406154309526,0.9712896768650594,0.40410598957140886,5,0.1,0.5,0.6168545831740729,0.6225217808429772,1.0,0.6212228061268702,0.6258720295938027,0.6237262647997123,0.6283628375939189,0.6181450198654082,0.6195710043615037,0.617475223993596,0.6163784360003153,0.6217758927041872
3,3,0.2514873913014723,0.92376,5000,1.5792976838571053,0.9100719424460432,834,1.5961265202147512,0.9039,0.8083669380796151,0.08316413927395429,,,0.8090254859709435,,0.8090457306360123,0.19095426936398774,0.9713361762017613,0.40415310182167496,5,0.1,0.5,0.6223323000649893,0.6263857929048413,0.6212228061268702,1.0,0.6340429073906801,0.6233444733821331,0.6269518224613717,0.6156042333707965,0.6144371859258011,0.6175374554590103,0.6210619354985881,0.6231946191610136
3,4,0.2414874632552171,0.92768,5000,1.584702279832628,0.9015606242496998,833,1.5954655294601148,0.9042,0.8164726444537346,0.08393360270828756,,,0.9559853007948771,,0.9560012047587972,0.04399879524120276,0.9719821788051453,0.4043731698287112,5,0.1,0.5,0.629335250143112,0.6384245134736228,0.6258720295938027,0.6340429073906801,1.0,0.6256715184606615,0.6395739561309125,0.6246587522140746,0.6258259259432597,0.621394696716262,0.6246807873729883,0.6320736701171522
3,5,0.23882854531554706,0.93004,5000,1.6074239677853055,0.8895558223289316,833,1.5959536176139173,0.9038,0.808144588692829,0.08331454285834215,,,0.8377510652827772,,0.8377691882937603,0.16223081170623965,0.9716234916340747,0.40424459020143944,5,0.1,0.5,0.623234465303074,0.6268484095931459,0.6237262647997123,0.6233444733821331,0.6256715184606615,1.0,0.6265177507431603,0.6166268976090249,0.6246991171681108,0.6132557589568156,0.616234523521707,0.6228076253064379
3,6,0.23810668851717548,0.92976,5000,1.5862287371246904,0.9183673469387755,833,1.595442140826021,0.9041,0.8173557219418388,0.08416405823454919,,,0.99999999980901,,1.0,0.0,0.9720068002997775,0.4043753621078075,5,0.1,0.5,0.6287511173917197,0.6343916438959474,0.6283628375939189,0.6269518224613717,0.6395739561309125,0.6265177507431603,1.0,0.6257711596613154,0.6328341041418268,0.617918367511473,0.6321752065495292,0.6355264694105341
3,7,0.24261618943730737,0.9262,5000,1.587993652732284,0.9135654261704682,833,1.5971204891753272,0.9041,0.8032015737972966,0.08285508912168779,,,0.75,,0.750002509914161,0.24999749008583905,0.9706617709834606,0.403815970202913,5,0.1,0.5,0.6180585918146743,0.6133946940341313,0.6181450198654082,0.6156042333707965,0.6246587522140746,0.6166268976090249,0.6257711596613154,1.0,0.6183930048418091,0.6089405581929617,0.61610000357978,0.6211845159540349
3,8,0.24497709338713414,0.92628,5000,1.6016823141663163,0.9123649459783914,833,1.5960298791861,0.904,0.8062168224919831,0.0831142916796239,,,0.7995050943508284,,0.7995180964811004,0.2004819035188996,0.9713143141241836,0.4041143430181466,5,0.1,0.5,0.6193038031059871,0.6244983571956138,0.6195710043615037,0.6144371859258011,0.6258259259432597,0.6246991171681108,0.6328341041418268,0.6183930048418091,1.0,0.6173000292276494,0.610213753185794,0.6180281241745631
3,9,0.2527373872946497,0.92504,5000,1.6165559821658664,0.8967587034813925,833,1.5965927260371442,0.9039,0.8021760402595535,0.08293066990039734,,,0.7644351722873329,,0.7644445559961849,0.23555544400381512,0.9710819633912672,0.4039220363462116,5,0.1,0.5,0.6168513059603378,0.6204938632125488,0.617475223993596,0.6175374554590103,0.621394696716262,0.6132557589568156,0.617918367511473,0.6089405581929617,0.6173000292276494,1.0,0.6163023998637301,0.6188095687227264
3,10,0.24572314902084175,0.9264,5000,1.5853379435009427,0.9003601440576231,833,1.5955963306152783,0.904,0.805702114605098,0.08334063101906994,,,0.8427336428798198,,0.8427488579890567,0.15725114201094326,0.9717050901187697,0.4042573609040216,5,0.1,0.5,0.6237120641760179,0.6209937286982973,0.6163784360003153,0.6210619354985881,0.6246807873729883,0.616234523521707,0.6321752065495292,0.61610000357978,0.610213753185794,0.6163023998637301,1.0,0.6205020971310862
3,11,0.2565703898170002,0.92276,5000,1.5921861860487196,0.9039615846338536,833,1.5956606765905508,0.9039,0.809856494825518,0.08348375540701213,,,0.8700689685239782,,0.8700868430299684,0.12991315697003158,0.9718083500951323,0.40431292707351624,5,0.1,0.5,0.6189623828630313,0.62585679533891,0.6217758927041872,0.6231946191610136,0.6320736701171522,0.6228076253064379,0.6355264694105341,0.6211845159540349,0.6180281241745631,0.6188095687227264,0.6205020971310862,1.0
4,0,0.2246192111147295,0.93308,5000,1.3615499116756298,0.9232613908872902,834,1.346316775955712,0.9291,0.7964328152033343,0.08338825711600652,,,1.0,,1.0,0.0,0.9707856202010776,0.3986560127182662,5,0.1,0.5,1.0,0.596741747956517,0.6051495453095568,0.595498584763684,0.6045667225520268,0.6040115758360163,0.6027084094700631,0.600825004206011,0.6069598045122653,0.6026576236793968,0.6044461592335643,0.5958642698130088
4,1,0.22987826748329931,0.93164,5000,1.325259221924676,0.9364508393285371,834,1.347142293430365,0.9285,0.792505657916556,0.08303169054038054,,,1.0,,1.0,0.0,0.9703121637232376,0.3986560127182662,5,0.1,0.5,0.596741747956517,1.0,0.5959374859496185,0.5980489090989125,0.6023092194635001,0.5976624623238682,0.5994159925970522,0.598670115523879,0.5974527723754167,0.5987643892654719,0.5983426047349565,0.6000681896512905
4,2,0.2350817805636603,0.93148,5000,1.3619224230448406,0.920863309352518,834,1.3466682894923054,0.9288,0.7969721892687217,0.08316964473764615,,,1.0,,1.0,0.0,0.970259160640656,0.3986560127182662,5,0.1,0.5,0.6051495453095568,0.5959374859496185,1.0,0.6025319673984064,0.6055497510616932,0.6047299073204873,0.605830685952926,0.6024272708039641,0.6005666103848395,0.6034929889492782,0.6002448901382234,0.599784890537575
4,3,0.2307427254885103,0.92984,5000,1.32523183910935,0.935251798561151,834,1.3467979674902968,0.9287,0.7958893861588019,0.08317119049070482,,,1.0,,1.0,0.0,0.9703624449435979,0.3986560127182662,5,0.1,0.5,0.595498584763684,0.5980489090989125,0.6025319673984064,1.0,0.6120348724950742,0.6067387294005431,0.5947470339874795,0.6005925202675761,0.5908749903813996,0.6048146792098645,0.6057382591739706,0.6040290047788592
4,4,0.21979980440039165,0.93228,5000,1.3349784700958818,0.9267707082833133,833,1.3461504287232224,0.929,0.8031916222520181,0.08393856259208686,,,1.0,,1.0,0.0,0.9709844689524099,0.3986560127182662,5,0.1,0.5,0.6045667225520268,0.6023092194635001,0.6055497510616932,0.6120348724950742,1.0,0.6083332214864088,0.6086499901657131,0.6100940875597685,0.6061425551658236,0.6069941816413557,0.609691347033563,0.6075320949186452
4,5,0.2233358034935252,0.93312,5000,1.3621488721282393,0.9171668667466987,833,1.346614371473416,0.9287,0.8006398474669676,0.08343750995256925,,,1.0,,1.0,0.0,0.9705841114051225,0.3986560127182662,5,0.1,0.5,0.6040115758360163,0.5976624623238682,0.6047299073204873,0.6067387294005431,0.6083332214864088,1.0,0.6048742881347255,0.6058065917052504,0.6074339619438603,0.6068071264314306,0.6021459071262256,0.6118341683620285
4,6,0.2211125901158733,0.9342,5000,1.3365083535512288,0.9375750300120048,833,1.3461335733675728,0.929,0.7964248234122603,0.0838549665925802,,,1.0,,1.0,0.0,0.9709939484699107,0.3986560127182662,5,0.1,0.5,0.6027084094700631,0.5994159925970522,0.605830685952926,0.5947470339874795,0.6086499901657131,0.6048742881347255,1.0,0.596537683400349,0.6003463479631611,0.5963492580162184,0.6038538415132749,0.6025849715477447
4,7,0.22299928089046175,0.93224,5000,1.3380117725442957,0.9327731092436975,833,1.347881131278821,0.9286,0.7962054400018277,0.0829767085142369,,,1.0,,1.0,0.0,0.9694665024787311,0.3986560127182662,5,0.1,0.5,0.600825004206011,0.598670115523879,0.6024272708039641,0.6005925202675761,0.6100940875597685,0.6058065917052504,0.596537683400349,1.0,0.6002558531928044,0.5957107179145364,0.608034337266154,0.601175067205762
4,8,0.22897110461097234,0.93052,5000,1.3550683480721932,0.9327731092436975,833,1.3466857176619216,0.9286,0.7960319776067534,0.08314302884726076,,,1.0,,1.0,0.0,0.9702829891326975,0.3986560127182662,5,0.1,0.5,0.6069598045122653,0.5974527723754167,0.6005666103848395,0.5908749903813996,0.6061425551658236,0.6074339619438603,0.6003463479631611,0.6002558531928044,1.0,0.602762449675282,0.6030362704224507,0.6013824002773646
4,9,0.232203213193092,0.92916,5000,1.373134449676231,0.9279711884753902,833,1.3472774082098524,0.9286,0.7962518200054242,0.08302859983866044,,,1.0,,1.0,0.0,0.9697315856426963,0.3986560127182662,5,0.1,0.5,0.6026576236793968,0.5987643892654719,0.6034929889492782,0.6048146792098645,0.6069941816413557,0.6068071264314306,0.5963492580162184,0.5957107179145364,0.602762449675282,1.0,0.5992107852570467,0.6026801032414354
4,10,0.22519202144330094,0.9322,5000,1.3350623470765572,0.9255702280912365,833,1.346279341953631,0.9289,0.7989415439169973,0.08339541243337749,,,1.0,,1.0,0.0,0.9706276362458293,0.3986560127182662,5,0.1,0.5,0.6044461592335643,0.5983426047349565,0.6002448901382234,0.6057382591739706,0.609691347033563,0.6021459071262256,0.6038538415132749,0.608034337266154,0.6030362704224507,0.5992107852570467,1.0,0.6092163469116753
4,11,0.22590167251575716,0.93108,5000,1.3422027053656402,0.929171668667467,833,1.3463319673324927,0.9288,0.7981938050737342,0.08346442834449005,,,1.0,,1.0,0.0,0.970800127010928,0.3986560127182662,5,0.1,0.5,0.5958642698130088,0.6000681896512905,0.599784890537575,0.6040290047788592,0.6075320949186452,0.6118341683620285,0.6025849715477447,0.601175067205762,0.6013824002773646,0.6026801032414354,0.6092163469116753,1.0
5,0,0.20349957449687942,0.93832,5000,1.1190509685763605,0.9400479616306955,834,1.099307846718322,0.9419,0.7889746423374414,0.08347253556912265,,,0.8910123685917024,,0.8910295667888158,0.10897043321118416,0.969629968901249,0.3929918956396051,5,0.1,0.5,1.0,0.578091598115398,0.5792439347329977,0.5820138577696206,0.5931684587839503,0.5887478919795275,0.5938392905467336,0.5787738291257866,0.5898871236270813,0.5899233338855056,0.5837423815469049,0.5844217197850227
5,1,0.21412723958670238,0.93496,5000,1.0736620249571625,0.947242206235012,834,1.1005453789196076,0.9422,0.7794027096672848,0.08289761007595073,,,0.7619852515255984,,0.7619998996034336,0.23800010039656638,0.9685106480204192,0.3925070441505578,5,0.1,0.5,0.578091598115398,1.0,0.5749044711739587,0.5736622846815168,0.5823972321450662,0.5800878984624381,0.5838672892501997,0.5679875557764089,0.5831481168340499,0.5811364142427708,0.5677052793544044,0.580431104614431
5,2,0.2168758342327301,0.9362,5000,1.1165342485463177,0.9412470023980816,834,1.1000667439101222,0.9423,0.7802676707770321,0.08302021848003566,,,0.7895015281475911,,0.7895135786356107,0.21048642136438933,0.9689345490982434,0.39268440180120484,5,0.1,0.5,0.5792439347329977,0.5749044711739587,1.0,0.5790829559723303,0.5780899977410068,0.5779047504211112,0.5797689668965844,0.574693146138863,0.5825824470574823,0.581882225224818,0.5719103516533647,0.5809070273306304
5,3,0.217862790036994,0.93564,5000,1.074886006337625,0.947242206235012,834,1.1001394653853518,0.9422,0.781481911273466,0.08306395716031106,,,0.7993175406348374,,0.7993223231765474,0.2006776768234526,0.96904720025602,0.39273440503306695,5,0.1,0.5,0.5820138577696206,0.5736622846815168,0.5790829559723303,1.0,0.587881756452105,0.5835592611536542,0.5828647250531585,0.5704029110081044,0.5786268536998508,0.5827401533691783,0.5748012496040014,0.5766566227714409
5,4,0.20685124216945308,0.93736,5000,1.0880006088150873,0.9351740696278511,833,1.0990743031517005,0.9421,0.792326694271203,0.08395816811701509,,,0.999999999775576,,1.0,0.0,0.9697353826150895,0.3930356555052221,5,0.1,0.5,0.5931684587839503,0.5823972321450662,0.5780899977410068,0.587881756452105,1.0,0.5847541446627955,0.5978240610069059,0.5808850262924242,0.5969421613516264,0.5960664090644475,0.5812539364094244,0.591566080916061
5,5,0.20670925968024095,0.93876,5000,1.1181568017712347,0.9351740696278511,833,1.0995472740060606,0.9419,0.789313659619473,0.08351737197653364,,,0.9010747374665349,,0.901094322574168,0.098905677425832,0.9696579375806472,0.39300278289607077,5,0.1,0.5,0.5887478919795275,0.5800878984624381,0.5779047504211112,0.5835592611536542,0.5847541446627955,1.0,0.5874236887569884,0.5797264304543492,0.5994102524449331,0.5920105881962229,0.5800909967094185,0.5912266848415448
5,6,0.20323274876495265,0.9406,5000,1.0890022295492667,0.9543817527010804,833,1.0990658246290188,0.9419,0.790850610820518,0.08385039063181124,,,0.9758121382776177,,0.9758295266301893,0.024170473369810708,0.9697376324194096,0.3930352321946627,5,0.1,0.5,0.5938392905467336,0.5838672892501997,0.5797689668965844,0.5828647250531585,0.5978240610069059,0.5874236887569884,1.0,0.5793003218022055,0.5881571076013213,0.5913792614851169,0.5818033117295395,0.5910325226121235
5,7,0.2102736537819313,0.93592,5000,1.090815661130128,0.943577430972389,833,1.1013827424841567,0.9421,0.7789289332265503,0.08284420559167775,,,0.75,,0.750002509914161,0.24999749008583905,0.9682605936288914,0.3924115977518552,5,0.1,0.5,0.5787738291257866,0.5679875557764089,0.574693146138863,0.5704029110081044,0.5808850262924242,0.5797264304543492,0.5793003218022055,1.0,0.5785353931910251,0.580732343565999,0.5771263837399521,0.5810846492144475
5,8,0.20805976150355712,0.93924,5000,1.109901006574984,0.9423769507803121,833,1.0997432196102204,0.9421,0.7896116292423462,0.08333106652572547,,,0.8592633105999754,,0.8592741328246574,0.14072586717534263,0.9695240899996912,0.3929398429414173,5,0.1,0.5,0.5898871236270813,0.5831481168340499,0.5825824470574823,0.5786268536998508,0.5969421613516264,0.5994102524449331,0.5881571076013213,0.5785353931910251,1.0,0.5870139722901326,0.5780349850532508,0.5867325301521182
5,9,0.21035217915804,0.93612,5000,1.130329723711367,0.9375750300120048,833,1.1003283443161473,0.9423,0.7908424188382329,0.08329788779889741,,,0.8518172058065864,,0.8518297274233221,0.14817027257667792,0.9694867546581212,0.3929230299073985,5,0.1,0.5,0.5899233338855056,0.5811364142427708,0.581882225224818,0.5827401533691783,0.5960664090644475,0.5920105881962229,0.5913792614851169,0.580732343565999,0.5870139722901326,1.0,0.5880949791567351,0.5902593225218284
5,10,0.213565884842567,0.93624,5000,1.0887133147981432,0.9399759903961584,833,1.0994597482985962,0.9419,0.7816439829513037,0.08321949233376795,,,0.8342233767333548,,0.8342352291551629,0.1657647708448371,0.9693748033305526,0.3928744276051997,5,0.1,0.5,0.5837423815469049,0.5677052793544044,0.5719103516533647,0.5748012496040014,0.5812539364094244,0.5800909967094185,0.5818033117295395,0.5771263837399521,0.5780349850532508,0.5880949791567351,1.0,0.5881647203726401
5,11,0.21324069458801465,0.93444,5000,1.0944173512635407,0.9399759903961584,833,1.0992927372265167,0.942,0.7890786832273152,0.0835270957391513,,,0.9032569838140934,,0.9032729280658601,0.09672707193413987,0.9696639452142363,0.3930047936046749,5,0.1,0.5,0.5844217197850227,0.580431104614431,0.5809070273306304,0.5766566227714409,0.591566080916061,0.5912266848415448,0.5910325226121235,0.5810846492144475,0.5867325301521182,0.5902593225218284,0.5881647203726401,1.0
6,0,0.1934136318932673,0.94164,5000,0.8923914167616103,0.9448441247002398,834,0.8689655777745353,0.9478,0.7707398451047673,0.0834397326797642,,,0.8703216045707582,,0.8703378344460619,0.12966216555393806,0.9675560247099465,0.38511790979874744,5,0.1,0.5,1.0,0.5512232172349736,0.5549565933820387,0.5545851429439432,0.5619759418164102,0.5549450526971268,0.5720762831879896,0.5551028983899327,0.561348797202357,0.5494776319323068,0.5551091896453413,0.5535920911175859
6,1,0.1962614185141198,0.94252,5000,0.8390269588541102,0.9532374100719424,834,0.8702440894069001,0.9478,0.7658699114583846,0.0828805622954902,,,0.7648353877676388,,0.7648461422619346,0.2351538577380654,0.9663536414113141,0.3846588955241233,5,0.1,0.5,0.5512232172349736,1.0,0.5577239383692583,0.5522606438441937,0.5621085911065333,0.5446695730239023,0.5632987356519372,0.5450934990588576,0.5542590978802242,0.5483552623009019,0.5458356410532821,0.5576369175183318
6,2,0.20342179017058412,0.93912,5000,0.886129394725517,0.9508393285371702,834,0.8696957377199167,0.9479,0.7670729656562605,0.08300563468633856,,,0.7884300088494475,,0.7884393353747302,0.2115606646252698,0.966777278301671,0.38481396293965103,5,0.1,0.5,0.5549565933820387,0.5577239383692583,1.0,0.5491559625316313,0.5561908536921603,0.5438283134243344,0.5624011831014504,0.5522825856617922,0.5606532535198152,0.5508641749430817,0.5479323682737871,0.5570303773826167
6,3,0.2001780808096526,0.9398,5000,0.8422097585819386,0.9544364508393285,834,0.8697492693559811,0.9479,0.7667852751370822,0.08302487182527153,,,0.7920590512043809,,0.7920736910797651,0.2079263089202349,0.9668593066208743,0.38483569987878613,5,0.1,0.5,0.5545851429439432,0.5522606438441937,0.5491559625316313,1.0,0.5597860763948643,0.5527312558005668,0.5666181274860886,0.5425376430325218,0.5513407608792571,0.555403143123308,0.5493001194494334,0.5562518721904998
6,4,0.1869905595792232,0.94244,5000,0.8587281814327946,0.9411764705882353,833,0.8686810450051159,0.9477,0.7774684738823227,0.08400464325635494,,,0.9768906955536341,,0.9769037698910698,0.02309623010893025,0.9678008421295956,0.3851984116498576,5,0.1,0.5,0.5619759418164102,0.5621085911065333,0.5561908536921603,0.5597860763948643,1.0,0.5543312334589412,0.5762032493419448,0.557308673634576,0.568619904006491,0.559837338110707,0.5605090252182078,0.567221295542554
6,5,0.2017528259972478,0.93992,5000,0.889375055277789,0.9399759903961584,833,0.8691646622392697,0.9477,0.765524408616083,0.08328524113513848,,,0.8411771272719524,,0.8411977310375985,0.15880226896240146,0.9674111917165392,0.385043755987323,5,0.1,0.5,0.5549450526971268,0.5446695730239023,0.5438283134243344,0.5527312558005668,0.5543312334589412,1.0,0.5634782290548336,0.5454618939327972,0.5617230264754172,0.5529549123313557,0.5470273055594661,0.554746832076441
6,6,0.18768163883293368,0.94428,5000,0.8584194161273815,0.9567827130852341,833,0.868678009167266,0.9476,0.7829761977821598,0.08412714303816256,,,0.9999999998113522,,1.0,0.0,0.9678020120555852,0.3851988104654813,5,0.1,0.5,0.5720762831879896,0.5632987356519372,0.5624011831014504,0.5666181274860886,0.5762032493419448,0.5634782290548336,1.0,0.5574431941305535,0.5702646619879647,0.5633865244123195,0.5663788066770453,0.5740180876615162
6,7,0.1943373736240278,0.9416,5000,0.8598860678849397,0.9531812725090036,833,0.8711870489790797,0.9479,0.7646634252962121,0.08280192159976436,,,0.75,,0.750002509914161,0.24999749008583905,0.9661012214319458,0.3845405976568572,5,0.1,0.5,0.5551028983899327,0.5450934990588576,0.5522825856617922,0.5425376430325218,0.557308673634576,0.5454618939327972,0.5574431941305535,1.0,0.5495609986485717,0.5490878016372054,0.5585069538495464,0.5592427990429938
6,8,0.1942003261558949,0.94292,5000,0.8803301630196748,0.9471788715486195,833,0.869332338864811,0.9477,0.773279286810906,0.08343447608695975,,,0.8693299603352784,,0.8693388886100095,0.13066111138999048,0.9674572594652167,0.38511589234073457,5,0.1,0.5,0.561348797202357,0.5542590978802242,0.5606532535198152,0.5513407608792571,0.568619904006491,0.5617230264754172,0.5702646619879647,0.5495609986485717,1.0,0.5534891594402629,0.5559280355411064,0.5613518822276612
6,9,0.19306047883264388,0.94288,5000,0.901154081026713,0.9423769507803121,833,0.8698790025787232,0.9477,0.7675519704162754,0.08320938093256351,,,0.8268662731913284,,0.8268811806636213,0.17311881933637874,0.9672455048047375,0.38499489092895617,5,0.1,0.5,0.5494776319323068,0.5483552623009019,0.5508641749430817,0.555403143123308,0.559837338110707,0.5529549123313557,0.5633865244123195,0.5490878016372054,0.5534891594402629,1.0,0.551420021942352,0.5615773873250824
6,10,0.1960381371365077,0.943,5000,0.8597239609117862,0.9459783913565426,833,0.8691023323482598,0.9478,0.7677235101385598,0.0831627179856717,,,0.8180634147586637,,0.8180814216153808,0.18191857838461922,0.9671932488702851,0.38496124379077473,5,0.1,0.5,0.5551091896453413,0.5458356410532821,0.5479323682737871,0.5493001194494334,0.5605090252182078,0.5470273055594661,0.5663788066770453,0.5585069538495464,0.5559280355411064,0.551420021942352,1.0,0.5599091310514922
6,11,0.19889866676401038,0.93948,5000,0.8638202989542926,0.9447779111644657,833,0.8689116091012193,0.9478,0.7748985559100768,0.08362367447852022,,,0.9050218050971592,,0.9050449274634808,0.09495507253651925,0.9676945675265761,0.38516941094521123,5,0.1,0.5,0.5535920911175859,0.5576369175183318,0.5570303773826167,0.5562518721904998,0.567221295542554,0.554746832076441,0.5740180876615162,0.5592427990429938,0.5613518822276612,0.5615773873250824,0.5599091310514922,1.0
7,0,0.17900531313376158,0.9488,5000,0.6975010787999188,0.9532374100719424,834,0.6710916525258804,0.9535,0.7489825187312257,0.08329458527374956,,,0.8707543315472978,,0.8707745595100648,0.12922544048993523,0.9643957607565118,0.3759786856276823,5,0.1,0.5,1.0,0.5139739401876204,0.5134382343610413,0.5257777438050506,0.5260537377253196,0.5177380563462753,0.5316752176289103,0.517372446608734,0.5268500187290462,0.5323170357078348,0.5271877560937511,0.5266166612335963
7,1,0.18706370907580586,0.94436,5000,0.6389710240893893,0.9592326139088729,834,0.6725669434657112,0.9534,0.7390817783227037,0.0825622063652643,,,0.75,,0.750002509914161,0.24999749008583905,0.9630130506522616,0.37542667306067784,5,0.1,0.5,0.5139739401876204,1.0,0.5036603962817028,0.5191623587128132,0.5261922169295677,0.5088783512027615,0.5204149223657242,0.5110528531067285,0.5185970021050484,0.5219556208587063,0.5061775148383473,0.5228019626707572
