round,client_id,client_i_training_loss,client_i_training_accuracy,client_i_training_dataset_size,client_i_evaluation_loss,client_i_evaluation_accuracy,client_i_evaluation_dataset_size,client_i_central_evaluation_loss,client_i_central_evaluation_accuracy,client_i_cosine_similarity,client_i_importance_coefficient,client_i_tanh_val,tanh_normalization_value,client_i_q,client_i_mask_order,client_i_v_nonzero_fraction,client_i_v_sparsity,client_i_v_cosine_similarity,client_i_reward_gradient_norm,local_epochs,learning_rate,gamma,client_0_cosine_similarity,client_1_cosine_similarity,client_2_cosine_similarity,client_3_cosine_similarity,client_4_cosine_similarity,client_5_cosine_similarity,client_6_cosine_similarity,client_7_cosine_similarity,client_8_cosine_similarity,client_9_cosine_similarity,client_10_cosine_similarity,client_11_cosine_similarity
0,0,0.34670515726231466,0.89348,5000,2.1870299356955067,0.42805755395683454,834,2.1854386977113474,0.4468,0.7960227169988606,0.08366217405512932,,,0.8127692086815762,,0.8127855027358064,0.1872144972641936,0,0.396267780402784,5,0.1,0.5,1.0,0.6041128714223226,0.5883572483926267,0.5968041588971673,0.5932147370458307,0.5909975193530521,0.6020921825143684,0.6025188693272475,0.607915267275541,0.5903663874188425,0.6027569536997704,0.5948023664609303
0,1,0.33769630842195575,0.89492,5000,2.1821963080653437,0.4592326139088729,834,2.185324981951485,0.4474,0.7995855274536214,0.08403662626864832,,,0.89864975553131,,0.8986597058380603,0.10134029416193968,0,0.39642052959861956,5,0.1,0.5,0.6041128714223226,1.0,0.5932654725569856,0.5995773127373498,0.5900357124210931,0.5974107264729014,0.602761293476667,0.5986414572469907,0.6080368416961613,0.5988719594940547,0.6196675549930037,0.595456525462395
0,2,0.33719274380487524,0.89556,5000,2.183439705106947,0.46402877697841727,834,2.1863231011472952,0.4452,0.7881457787771143,0.08283430600255189,,,0.6228978218719783,,0.622910496461021,0.37708950353897897,0,0.3947067644692367,5,0.1,0.5,0.5883572483926267,0.5932654725569856,1.0,0.5905458321431486,0.577645592149565,0.587506320831979,0.6028350872906885,0.5967478964943608,0.5965283375105755,0.5792995631733892,0.5976468878494058,0.5886134073689889
0,3,0.3483480014986578,0.89252,5000,2.1796385888700134,0.44844124700239807,834,2.1864321757429326,0.4459,0.7874217080846189,0.08275820600312955,,,0.6054443008893259,,0.605461573214196,0.394538426785804,0,0.3943995303969862,5,0.1,0.5,0.5968041588971673,0.5995773127373498,0.5905458321431486,1.0,0.5855687334056541,0.5925569577776965,0.5887592041595303,0.5854737135904217,0.579682717989058,0.584964115419562,0.5931765936787822,0.5949929685332848
0,4,0.33926996657162145,0.89432,5000,2.186711143564295,0.453781512605042,833,2.186412305496752,0.4458,0.7875939037170152,0.08277630380443778,,,0.6095950283173244,,0.6096079514080619,0.3903920485919381,0,0.3944792179863225,5,0.1,0.5,0.5932147370458307,0.5900357124210931,0.577645592149565,0.5855687334056541,1.0,0.5962598614020358,0.5824231697271407,0.5895475721648937,0.5954204669076484,0.5882689383315141,0.6072864614740757,0.5880694590285203
0,5,0.3285980371188871,0.89636,5000,2.1761673114917897,0.44657863145258103,833,2.1856115846969066,0.4469,0.7926581647823078,0.08330855882889548,,,0.7316676210638703,,0.7316851563676522,0.2683148436323478,0,0.39589734164705337,5,0.1,0.5,0.5909975193530521,0.5974107264729014,0.587506320831979,0.5925569577776965,0.5962598614020358,1.0,0.6025420239310101,0.6013489177718193,0.5948649791431385,0.5866633956791928,0.6057797509393346,0.585995311451744
0,6,0.3414277391377718,0.89228,5000,2.1940489698339394,0.41536614645858344,833,2.185425203829147,0.447,0.7962208522846257,0.08368299812008394,,,0.8175452041794528,,0.817564379298228,0.182435620701772,0,0.3962821438698916,5,0.1,0.5,0.6020921825143684,0.602761293476667,0.6028350872906885,0.5887592041595303,0.5824231697271407,0.6025420239310101,1.0,0.581356638917276,0.6031780543311263,0.5959445536873313,0.610774971603491,0.6031565834915213
0,7,0.3453862601582697,0.89156,5000,2.1953641132072166,0.4225690276110444,833,2.185948659055911,0.446,0.7900622910853093,0.08303573189515896,,,0.6690948135901597,,0.6691079765072034,0.33089202349279656,0,0.3953506807189379,5,0.1,0.5,0.6025188693272475,0.5986414572469907,0.5967478964943608,0.5854737135904217,0.5895475721648937,0.6013489177718193,0.581356638917276,1.0,0.5947710368297372,0.5797338795120647,0.6033731237031894,0.5837136259209421
0,8,0.3351914506417456,0.89568,5000,2.185329525559037,0.43937575030012005,833,2.1853915685281966,0.4471,0.796531467215639,0.08371564382210678,,,0.825032489982005,,0.825058982982782,0.17494101701721798,0,0.396302725366786,5,0.1,0.5,0.607915267275541,0.6080368416961613,0.5965283375105755,0.579682717989058,0.5954204669076484,0.5948649791431385,0.6031780543311263,0.5947710368297372,1.0,0.5991256415504729,0.60338806925881,0.5958677642364832
0,9,0.33340426604293144,0.89452,5000,2.1825418693047984,0.4417767106842737,833,2.1864803142060105,0.4438,0.7871958477141522,0.08273446802527715,,,0.6,,0.6,0.4,0,0.39429208254525344,5,0.1,0.5,0.5903663874188425,0.5988719594940547,0.5792995631733892,0.584964115419562,0.5882689383315141,0.5866633956791928,0.5959445536873313,0.5797338795120647,0.5991256415504729,1.0,0.6008104203437924,0.5859044553105934
0,10,0.32260676681947936,0.89856,5000,2.1866666387628624,0.46938775510204084,833,2.1852995717106536,0.4477,0.8033752518692139,0.08443492719261393,,,0.9899999997706501,,0.9900005019828322,0.009999498017167818,0,0.3964469039108828,5,0.1,0.5,0.6027569536997704,0.6196675549930037,0.5976468878494058,0.5931765936787822,0.6072864614740757,0.6057797509393346,0.610774971603491,0.6033731237031894,0.60338806925881,0.6008104203437924,1.0,0.5992351285843772
0,11,0.3601850258720339,0.88964,5000,2.183428720191673,0.47058823529411764,833,2.186027896290008,0.4458,0.7899131390563123,0.08302005598196685,,,0.6654995457597045,,0.6655137794287436,0.33448622057125643,0,0.39530602485048544,5,0.1,0.5,0.5948023664609303,0.595456525462395,0.5886134073689889,0.5949929685332848,0.5880694590285203,0.585995311451744,0.6031565834915213,0.5837136259209421,0.5958677642364832,0.5859044553105934,0.5992351285843772,1.0
1,0,0.3020719616068824,0.91052,5000,2.0210362098835133,0.7577937649880095,834,2.020876895124539,0.7808,0.8104836174856093,0.08353387394071582,,,0.7893582319645084,,0.7893680036142764,0.2106319963857236,0.9604842910732215,0.40521138928729017,5,0.1,0.5,1.0,0.6250435250584159,0.624349359003155,0.6245172455909881,0.6293156402757362,0.624222710711677,0.625338132281381,0.6104659918592363,0.6364539928119128,0.6289333054039397,0.6279931340834439,0.6292758423641821
1,1,0.3000054784712328,0.91072,5000,2.0124299791124134,0.7817745803357314,834,2.0205710177985243,0.7811,0.8117063212402632,0.08382405218139863,,,0.8628587109310433,,0.8628733497314391,0.13712665026856086,0.9610296899689829,0.4054211328861147,5,0.1,0.5,0.6250435250584159,1.0,0.6348794840874868,0.6223215218979616,0.6302077497538584,0.6303109593867527,0.6171793877028687,0.6198384224505459,0.6300007360893284,0.633629866268294,0.6334737259441529,0.6193146260103097
1,2,0.3022349196658203,0.90548,5000,2.0169465895052308,0.8105515587529976,834,2.0226318950470263,0.7793,0.8113013166130149,0.08301487135175892,,,0.6578978620089887,,0.6579087395211084,0.3420912604788916,0.9572550254138227,0.4041259976269401,5,0.1,0.5,0.624349359003155,0.6348794840874868,1.0,0.6250720172918613,0.6334260811836668,0.6299161920692705,0.6204086730537316,0.6197822173330719,0.62541343254118,0.6250940048496308,0.6341479110726949,0.6250387973914335
1,3,0.3018853188272874,0.9092,5000,2.0154855957737676,0.7577937649880095,834,2.023348426285643,0.7802,0.8086672945533744,0.08287287032061288,,,0.6219298177530999,,0.6219466894232217,0.37805331057677827,0.9565603094628139,0.40356633661775976,5,0.1,0.5,0.6245172455909881,0.6223215218979616,0.6250720172918613,1.0,0.6235985120154718,0.6350819634970876,0.6187194326221923,0.6140537836739265,0.629150703505731,0.6175184003419305,0.6339950810808346,0.6281781310770351
1,4,0.30409177850255636,0.90804,5000,2.021291379575376,0.787515006002401,833,2.022728849142885,0.78,0.813618083162441,0.08305714965266951,,,0.6686067124021399,,0.6686210531599819,0.3313789468400181,0.9568091320117889,0.4042677502625592,5,0.1,0.5,0.6293156402757362,0.6302077497538584,0.6334260811836668,0.6235985120154718,1.0,0.6460990855127475,0.6176201061971245,0.6260127836348659,0.6381502464072106,0.6233288634416864,0.635102649952688,0.6174038976339519
1,5,0.2902136073394376,0.9094,5000,2.00617672778942,0.8103241296518607,833,2.021118703741616,0.7807,0.8155194042799663,0.08347530078955066,,,0.7745219897463189,,0.7745344109231465,0.22546558907685355,0.9598335906880118,0.40514416417505733,5,0.1,0.5,0.624222710711677,0.6303109593867527,0.6299161920692705,0.6350819634970876,0.6460990855127475,1.0,0.621556078658884,0.6252369217752821,0.6308531150571263,0.6273481413698785,0.6382133437848879,0.6277884638533375
1,6,0.30170545144848954,0.9064,5000,2.0310655346623174,0.7647058823529411,833,2.020945470934859,0.7814,0.8066324603173683,0.08341360582090497,,,0.758895009120158,,0.7589026655288389,0.2410973344711611,0.9603227031195798,0.4050601329084621,5,0.1,0.5,0.625338132281381,0.6171793877028687,0.6204086730537316,0.6187194326221923,0.6176201061971245,0.621556078658884,1.0,0.6129922978713976,0.6348448245131245,0.6276850176630698,0.6320045466316314,0.6198307329318395
1,7,0.30865054138740344,0.90664,5000,2.036662799340707,0.7635054021608644,833,2.0229559645485193,0.7781,0.8009067626558114,0.08278629189250514,,,0.6,,0.6,0.4,0.9567931226858543,0.40313869986972123,5,0.1,0.5,0.6104659918592363,0.6198384224505459,0.6197822173330719,0.6140537836739265,0.6260127836348659,0.6252369217752821,0.6129922978713976,1.0,0.6178537858482919,0.6150848608182007,0.6260517125376043,0.6081708027724103
1,8,0.2958847138787483,0.90692,5000,2.0192933877309165,0.7851140456182473,833,2.020661162111325,0.7805,0.8172593854070815,0.08380506258043263,,,0.8580487542537272,,0.8580643541990864,0.14193564580091356,0.9607569898221637,0.40541326087155277,5,0.1,0.5,0.6364539928119128,0.6300007360893284,0.62541343254118,0.629150703505731,0.6381502464072106,0.6308531150571263,0.6348448245131245,0.6178537858482919,1.0,0.634634348728966,0.6380399574091848,0.6361991321259998
1,9,0.3028667339539025,0.90668,5000,2.019499275419447,0.7791116446578632,833,2.0233526465991813,0.7786,0.8098656992860132,0.08289888287114305,,,0.6285186471519193,,0.628532704181517,0.37146729581848303,0.9564090796468443,0.4036832999894499,5,0.1,0.5,0.6289333054039397,0.633629866268294,0.6250940048496308,0.6175184003419305,0.6233288634416864,0.6273481413698785,0.6276850176630698,0.6150848608182007,0.634634348728966,1.0,0.6339875478669171,0.6165143502504228
1,10,0.28224001630405143,0.9116,5000,2.020041960257071,0.7971188475390156,833,2.0204872209043168,0.7811,0.818560476162728,0.08432600313498999,,,0.9899999997467057,,0.9900005019828322,0.009999498017167818,0.9611997643701105,0.40549185795253173,5,0.1,0.5,0.6279931340834439,0.6334737259441529,0.6341479110726949,0.6339950810808346,0.635102649952688,0.6382133437848879,0.6320045466316314,0.6260517125376043,0.6380399574091848,0.6339875478669171,1.0,0.6282005365810794
1,11,0.3185764682491067,0.90356,5000,2.022214893941526,0.7719087635054022,833,2.0222960352516783,0.7788,0.8071159545519844,0.08299203546331761,,,0.6521136628419085,,0.6521309171226344,0.3478690828773656,0.9581972625913099,0.40404770804206624,5,0.1,0.5,0.6292758423641821,0.6193146260103097,0.6250387973914335,0.6281781310770351,0.6174038976339519,0.6277884638533375,0.6198307329318395,0.6081708027724103,0.6361991321259998,0.6165143502504228,0.6282005365810794,1.0
2,0,0.27205956567102557,0.91704,5000,1.8151754979734067,0.8896882494004796,834,1.8172575334390513,0.8911,0.8145976068475669,0.08356479672255068,,,0.8062010793022374,,0.8062245871191205,0.19377541288087952,0.9677486310424137,0.4056511926469641,5,0.1,0.5,1.0,0.6292620726776543,0.631910621707717,0.6233822138858349,0.6377753017525722,0.6291997395947277,0.6276426250888445,0.6233630491126588,0.633220666609137,0.6328382763609732,0.6368250793984251,0.6287604950837491
2,1,0.2665856866311329,0.9196,5000,1.8015848044995908,0.9136690647482014,834,1.816850380013926,0.8915,0.8137843287005541,0.08372832958082557,,,0.8483666756888075,,0.8483760855378746,0.15162391446212542,0.9682626370336161,0.40578029881300726,5,0.1,0.5,0.6292620726776543,1.0,0.6346161848247336,0.6265573843248669,0.6288568858573476,0.6366947857549311,0.6247555185141485,0.6250995561568482,0.6248003889269679,0.6351013871776743,0.6321051642159113,0.6272266560881398
2,2,0.2706050483474306,0.91668,5000,1.8129340719293665,0.8884892086330936,834,1.820115434475981,0.8898,0.8134533121251454,0.08318188314200746,,,0.7074699762172424,,0.7074845640279103,0.29251543597208973,0.9655786975178751,0.4049947682597102,5,0.1,0.5,0.631910621707717,0.6346161848247336,1.0,0.6227108075232141,0.6326463826508381,0.6306754310339371,0.6327249671755667,0.6221634362438657,0.6273787757704535,0.6255460634727538,0.6418611733145072,0.6229356186838607
2,3,0.27927524464703196,0.91552,5000,1.8136493585727833,0.8836930455635491,834,1.821738165407516,0.8884,0.8068753453521866,0.08285913982928618,,,0.6242532795592859,,0.6242658501079263,0.37573414989207365,0.9642569603889315,0.40382753872833954,5,0.1,0.5,0.6233822138858349,0.6265573843248669,0.6227108075232141,1.0,0.6277136032275611,0.6321267328493604,0.6217308475873807,0.6161627932240346,0.6190059131760745,0.6242466825765901,0.6250870953285664,0.6232728444910861
2,4,0.2741393520894229,0.91644,5000,1.8162675654446636,0.8979591836734694,833,1.820239444891104,0.8899,0.8133568480017516,0.08320647595394545,,,0.7138110295879672,,0.7138246071984338,0.28617539280156623,0.9658405215590424,0.4050566731348577,5,0.1,0.5,0.6377753017525722,0.6288568858573476,0.6326463826508381,0.6277136032275611,1.0,0.6339290784837254,0.6260256022747233,0.6254469994742291,0.6275202025399031,0.6266130921860242,0.6383799421895143,0.6192372922312969
2,5,0.25413928704253236,0.921,5000,1.7955060402552288,0.9003601440576231,833,1.8175479299344195,0.8906,0.8140952915861529,0.08350859820790983,,,0.7917107566180484,,0.7917273229255559,0.20827267707444408,0.9676106142503562,0.4055884980367578,5,0.1,0.5,0.6291997395947277,0.6366947857549311,0.6306754310339371,0.6321267328493604,0.6339290784837254,1.0,0.6254623446097938,0.6261403380454259,0.628010335220457,0.6285546288621328,0.6384885593449404,0.6202254371562193
2,6,0.27771420479414,0.91668,5000,1.827395615754304,0.8703481392557023,833,1.8178979516410219,0.8914,0.8080580777659719,0.08325775787362494,,,0.7270336488826102,,0.727051854826565,0.272948145173435,0.9669462884484658,0.40517530127742185,5,0.1,0.5,0.6276426250888445,0.6247555185141485,0.6327249671755667,0.6217308475873807,0.6260256022747233,0.6254623446097938,1.0,0.618399469664861,0.6247703320204154,0.6261431258582111,0.6289890381111886,0.6143731876451339
2,7,0.2723460594441291,0.91784,5000,1.8398291667302449,0.8691476590636255,833,1.8217972795041606,0.8881,0.8058168745279514,0.082765077169944,,,0.6,,0.6,0.4,0.9633697149300144,0.4033322165493996,5,0.1,0.5,0.6233630491126588,0.6250995561568482,0.6221634362438657,0.6161627932240346,0.6254469994742291,0.6261403380454259,0.618399469664861,1.0,0.623041008633883,0.6290132610713791,0.6255530668232496,0.6176878987298909
2,8,0.2661597527148333,0.9196,5000,1.8148653286474723,0.8931572629051621,833,1.817013303311869,0.8911,0.811594980375238,0.08363960110855445,,,0.8254887721943783,,0.8255057477034285,0.17449425229657145,0.9681677347198129,0.4057181725176572,5,0.1,0.5,0.633220666609137,0.6248003889269679,0.6273787757704535,0.6190059131760745,0.6275202025399031,0.628010335220457,0.6247703320204154,0.623041008633883,1.0,0.632147409910918,0.6390234495341729,0.6247258904225667
2,9,0.27346530501511257,0.91584,5000,1.8181872456162065,0.8703481392557023,833,1.8212773045792747,0.8892,0.8133590065407238,0.08310192483994461,,,0.6868533886512721,,0.6868681291099844,0.3131318708900156,0.9646715103972499,0.4047728379690166,5,0.1,0.5,0.6328382763609732,0.6351013871776743,0.6255460634727538,0.6242466825765901,0.6266130921860242,0.6285546288621328,0.6261431258582111,0.6290132610713791,0.632147409910918,1.0,0.6436544034086292,0.6208952467828989
2,10,0.2532805888178005,0.92184,5000,1.8146495510030676,0.9111644657863145,833,1.8167218225070845,0.8913,0.8200348228801921,0.0842776329061497,,,0.9899999997421582,,0.9900005019828322,0.009999498017167818,0.9684924281235814,0.40588541219865676,5,0.1,0.5,0.6368250793984251,0.6321051642159113,0.6418611733145072,0.6250870953285664,0.6383799421895143,0.6384885593449404,0.6289890381111886,0.6255530668232496,0.6390234495341729,0.6436544034086292,1.0,0.6338004174538105
2,11,0.28995956032637765,0.91404,5000,1.8230153498826203,0.885954381752701,833,1.820209814336734,0.8897,0.8060379955909206,0.0829087826652572,,,0.6370532746619216,,0.6370714321570202,0.3629285678429798,0.9648313334569738,0.4040604895653164,5,0.1,0.5,0.6287604950837491,0.6272266560881398,0.6229356186838607,0.6232728444910861,0.6192372922312969,0.6202254371562193,0.6143731876451339,0.6176878987298909,0.6247258904225667,0.6208952467828989,0.6338004174538105,1.0
3,0,0.24546230679294864,0.92724,5000,1.58077077070872,0.9328537170263789,834,1.5857434973549158,0.9222,0.8103835691982721,0.08371912236536848,,,0.8730076033992655,,0.8730234425982631,0.12697655740173686,0.9702773797545156,0.4018056470016752,5,0.1,0.5,1.0,0.6207617378833207,0.6213834051894418,0.6121296203836074,0.6197965717801183,0.6175647656905554,0.6218920305497748,0.6172302688967726,0.6201832572397112,0.6297689291512927,0.6202102926366829,0.6140487307011994
3,1,0.2487094702516463,0.92552,5000,1.5619934973893341,0.9376498800959233,834,1.585243293271659,0.922,0.8022320637827103,0.08354302104792659,,,0.8268268976974401,,0.8268460418653683,0.17315395813463175,0.9704126113540299,0.40169704448788296,5,0.1,0.5,0.6207617378833207,1.0,0.6154690677051784,0.6050088143612383,0.6032744561000576,0.6120582991362379,0.6212843407822736,0.608910974373658,0.6130111948930929,0.6189558593438239,0.6168726322310706,0.5998369827934777
3,2,0.2474459023072509,0.92548,5000,1.581724034415351,0.9232613908872902,834,1.5897543079936847,0.9215,0.8045572233208282,0.0832617367576322,,,0.7530630711836575,,0.753079664675468,0.24692033532453195,0.9687944405027542,0.4013385017777772,5,0.1,0.5,0.6213834051894418,0.6154690677051784,1.0,0.6079234582222454,0.6246681011712577,0.6132712094154076,0.6210923878871606,0.6106564336099244,0.6104321457148923,0.6156750413723943,0.6186333845117195,0.601231355753779
3,3,0.25592343680987695,0.92204,5000,1.584826774067349,0.9184652278177458,834,1.5927342206906205,0.9212,0.8006814442682517,0.0829123569847382,,,0.6614419254445728,,0.6614577581446714,0.33854224185532855,0.966426919035259,0.40039562615907504,5,0.1,0.5,0.6121296203836074,0.6050088143612383,0.6079234582222454,1.0,0.6104559065053752,0.6176190711482163,0.6141248770588957,0.6094900817840547,0.6147246319087851,0.6084281719120758,0.6187005039622443,0.6059855275829734
3,4,0.24690347100566526,0.92612,5000,1.5841235805440832,0.9303721488595438,833,1.590047736137439,0.9213,0.8016912275785478,0.08317799607431141,,,0.7311029637416268,,0.7311229355956026,0.2688770644043974,0.9687989233135345,0.4011739819055459,5,0.1,0.5,0.6197965717801183,0.6032744561000576,0.6246681011712577,0.6104559065053752,1.0,0.6183112620684011,0.6068341404430931,0.6125135878900532,0.6096341738395582,0.6101456242691087,0.6160500315738897,0.6010808808949853
3,5,0.23340887532207616,0.93032,5000,1.556936714384291,0.9267707082833133,833,1.5862907525449514,0.9218,0.8038313557839835,0.08345310570198385,,,0.8032475503684242,,0.8032628884092164,0.19673711159078355,0.9699720108983236,0.4016114473355838,5,0.1,0.5,0.6175647656905554,0.6120582991362379,0.6132712094154076,0.6176190711482163,0.6183112620684011,1.0,0.6133646197388375,0.612078802909575,0.6117396362987225,0.6123007746985799,0.6224991517149717,0.6011277044290644
3,6,0.2517923694388692,0.92452,5000,1.5955755666450218,0.9063625450180072,833,1.58689433393387,0.9219,0.8062576787945827,0.08337142783787872,,,0.7818283954218006,,0.7818432809597912,0.21815671904020884,0.9691339905975603,0.40150946504935264,5,0.1,0.5,0.6218920305497748,0.6212843407822736,0.6210923878871606,0.6141248770588957,0.6068341404430931,0.6133646197388375,1.0,0.6130580421587791,0.6172782344860397,0.6258724054224978,0.6178138171458655,0.60389822790184
3,7,0.2547342689737535,0.92244,5000,1.6144120295842488,0.9099639855942377,833,1.5930311386577618,0.9213,0.8012469202054191,0.08286970645055469,,,0.6502572744960972,,0.6502786004718638,0.3497213995281362,0.9656784287352372,0.4002246506994769,5,0.1,0.5,0.6172302688967726,0.608910974373658,0.6106564336099244,0.6094900817840547,0.6125135878900532,0.612078802909575,0.6130580421587791,1.0,0.6123070254638373,0.6141447560726974,0.6172653354410437,0.6028412126851589
3,8,0.23675545918084917,0.92752,5000,1.5829454748718828,0.9171668667466987,833,1.585433112927519,0.9218,0.8042930239879398,0.08355611660703444,,,0.8302610694001018,,0.8302796044375282,0.16972039556247176,0.970316841104236,0.4017076947786637,5,0.1,0.5,0.6201832572397112,0.6130111948930929,0.6104321457148923,0.6147246319087851,0.6096341738395582,0.6117396362987225,0.6172782344860397,0.6123070254638373,1.0,0.6207219770819554,0.6215095598270416,0.6042448072377526
3,9,0.2448299433110626,0.92512,5000,1.5901089862540916,0.9015606242496998,833,1.591105086354021,0.9212,0.8069461702145274,0.08329209969168686,,,0.7610254291159587,,0.761046132222278,0.23895386777772198,0.9683133286490176,0.4013910338109887,5,0.1,0.5,0.6297689291512927,0.6189558593438239,0.6156750413723943,0.6084281719120758,0.6101456242691087,0.6123007746985799,0.6258724054224978,0.6141447560726974,0.6207219770819554,1.0,0.623103308266419,0.60462903733103
3,10,0.23146199453325503,0.92852,5000,1.5819641881518893,0.9303721488595438,833,1.585052209540297,0.9222,0.8096189198124794,0.08416525056572377,,,0.9899999997377606,,0.9900005019828322,0.009999498017167818,0.9708499469137447,0.4018718792384006,5,0.1,0.5,0.6202102926366829,0.6168726322310706,0.6186333845117195,0.6187005039622443,0.6160500315738897,0.6224991517149717,0.6178138171458655,0.6172653354410437,0.6215095598270416,0.623103308266419,1.0,0.6116837345298201
3,11,0.26655705478754205,0.91964,5000,1.5981091216758445,0.9183673469387755,833,1.5921635090733488,0.9206,0.7930268455485958,0.08267805991516076,,,0.6,,0.6,0.4,0.9657750076484468,0.39924315454711234,5,0.1,0.5,0.6140487307011994,0.5998369827934777,0.601231355753779,0.6059855275829734,0.6010808808949853,0.6011277044290644,0.60389822790184,0.6028412126851589,0.6042448072377526,0.60462903733103,0.6116837345298201,1.0
4,0,0.2292854413817263,0.9318,5000,1.327194302170365,0.9448441247002398,834,1.3353521747710986,0.9354,0.7971624271053974,0.08363134401562444,,,0.835705809459723,,0.8357261181667587,0.16427388183324132,0.9698838181287313,0.3978549796156532,5,0.1,0.5,1.0,0.6061642129108159,0.6045565198104077,0.5997742898308225,0.5946324265020204,0.5918408146478231,0.6007750635634189,0.6003987077199257,0.6002055803193861,0.6062129324571796,0.6150762826501682,0.5927778205282468
4,1,0.2255563225620871,0.93392,5000,1.3031007802044903,0.9484412470023981,834,1.3348263627804888,0.9354,0.7991358632072026,0.08358327388582967,,,0.8239682367849889,,0.8239797198935797,0.17602028010642035,0.9696581835820084,0.39781858834105305,5,0.1,0.5,0.6061642129108159,1.0,0.6010290170926682,0.5980805694872966,0.5977109628721969,0.6007496199154161,0.6027586875734874,0.6099687748553546,0.5990732647345487,0.6034576151636887,0.6105739029414567,0.6026887346261077
4,2,0.2245186677487318,0.93052,5000,1.3323335117763944,0.935251798561151,834,1.340232534911305,0.9354,0.7976888559057,0.08334541119980816,,,0.7658878742874305,,0.7659053260378496,0.23409467396215045,0.9686772363440747,0.3975454078724939,5,0.1,0.5,0.6045565198104077,0.6010290170926682,1.0,0.6005187268225994,0.6018612303161145,0.5955901258522077,0.6057476234283252,0.5989561432866333,0.5977726267788478,0.6083508758665976,0.6114914250213715,0.5938051038578969
4,3,0.2337780325365057,0.929,5000,1.3374695689589888,0.9316546762589928,834,1.3443429553851534,0.9348,0.7940633145671573,0.0829859327940696,,,0.6781118701374892,,0.6781235881732844,0.32187641182671556,0.9670276385095032,0.39672004364343166,5,0.1,0.5,0.5997742898308225,0.5980805694872966,0.6005187268225994,1.0,0.5963915330088481,0.5989205197930789,0.59673422264565,0.594926644081599,0.5995740530576402,0.5943598273498766,0.611299550036535,0.5961481069967797
4,4,0.22929169404539904,0.92984,5000,1.332779398670903,0.9423769507803121,833,1.341023714397662,0.9351,0.7921397908589994,0.08309533460214316,,,0.7048251675322146,,0.704839114502284,0.295160885497716,0.9679288195574303,0.39703747314856397,5,0.1,0.5,0.5946324265020204,0.5977109628721969,0.6018612303161145,0.5963915330088481,1.0,0.5978122152394336,0.5938515819772099,0.5978480355914851,0.5939191949496839,0.5938662200691482,0.6102240656524633,0.5889647018462434
4,5,0.21599986922161973,0.93492,5000,1.3015286613393713,0.9471788715486195,833,1.3364068829594329,0.9355,0.7916266340739958,0.08326043541756288,,,0.7451388265117178,,0.745158375583555,0.254841624416445,0.9687846284143286,0.3974020330411909,5,0.1,0.5,0.5918408146478231,0.6007496199154161,0.5955901258522077,0.5989205197930789,0.5978122152394336,1.0,0.5936430965377525,0.5975563081752914,0.5933106413650254,0.5959247721577436,0.6045224184296024,0.5910694963663436
4,6,0.2272453449061437,0.93108,5000,1.3462688790427313,0.9183673469387755,833,1.3370726656989929,0.9352,0.7942600188197055,0.0832983141212493,,,0.7543878973846748,,0.7543998795241202,0.24560012047587976,0.9688378134428568,0.3974688596634799,5,0.1,0.5,0.6007750635634189,0.6027586875734874,0.6057476234283252,0.59673422264565,0.5938515819772099,0.5936430965377525,1.0,0.6008398709770244,0.5926603235034783,0.6030850651886798,0.6043512111081445,0.5920222198482096
4,7,0.23068707285620937,0.92912,5000,1.3682899519249245,0.929171668667467,833,1.3445091773145876,0.9345,0.795928668693743,0.08302288296271465,,,0.6871342150253981,,0.6871492394960093,0.31285076050399074,0.9669055499602339,0.3968356789120539,5,0.1,0.5,0.6003987077199257,0.6099687748553546,0.5989561432866333,0.594926644081599,0.5978480355914851,0.5975563081752914,0.6008398709770244,1.0,0.6008435978163513,0.6075159659971038,0.6072547941424967,0.5885971015495878
4,8,0.21903994315938585,0.93428,5000,1.331673476431105,0.936374549819928,833,1.3352099238112332,0.9355,0.7948808985038623,0.08344296229415492,,,0.7897075116440047,,0.7897193915968074,0.21028060840319263,0.9693975548043442,0.3976789484554634,5,0.1,0.5,0.6002055803193861,0.5990732647345487,0.5977726267788478,0.5995740530576402,0.5939191949496839,0.5933106413650254,0.5926603235034783,0.6008435978163513,1.0,0.60759609564968,0.6089280705110166,0.5976340932534968
4,9,0.23553949486772727,0.92716,5000,1.3434019132896706,0.9123649459783914,833,1.3416309931788581,0.9352,0.7988085979765472,0.08340483433857608,,,0.7803975794375323,,0.7804126298880578,0.21958737011194218,0.9689067465883818,0.3976301853931373,5,0.1,0.5,0.6062129324571796,0.6034576151636887,0.6083508758665976,0.5943598273498766,0.5938662200691482,0.5959247721577436,0.6030850651886798,0.6075159659971038,0.60759609564968,1.0,0.614244570216806,0.5955672137718573
4,10,0.20859055990637962,0.93844,5000,1.329076674249437,0.9483793517406963,833,1.3343171860082461,0.9356,0.8067278023229447,0.08426324142402797,,,0.989999999755824,,0.9900005019828322,0.009999498017167818,0.970256345301479,0.3979991770331088,5,0.1,0.5,0.6150762826501682,0.6105739029414567,0.6114914250213715,0.611299550036535,0.6102240656524633,0.6045224184296024,0.6043512111081445,0.6072547941424967,0.6089280705110166,0.614244570216806,1.0,0.6039246487481114
4,11,0.2457366994433817,0.9284,5000,1.354788691909225,0.9303721488595438,833,1.3455374393219384,0.9346,0.7893812410409674,0.08266603294423916,,,0.6,,0.6,0.4,0.964878193100997,0.3953405282960144,5,0.1,0.5,0.5927778205282468,0.6026887346261077,0.5938051038578969,0.5961481069967797,0.5889647018462434,0.5910694963663436,0.5920222198482096,0.5885971015495878,0.5976340932534968,0.5955672137718573,0.6039246487481114,1.0
5,0,0.20942663857535382,0.9378,5000,1.0743521010434185,0.9496402877697842,834,1.0858540938685115,0.9437,0.7927523402978783,0.08382305259769277,,,0.8909219719688853,,0.8909341900507003,0.10906580994929971,0.969081876493051,0.39221761200420563,5,0.1,0.5,1.0,0.5885205676033592,0.5963192543091062,0.5775791887856536,0.5878012811927,0.5844070208214083,0.5845969616633402,0.5846589514408349,0.5848845010702786,0.5940604986744044,0.5940100925729235,0.5846918781526674
5,1,0.20855598218537344,0.93872,5000,1.0464785761303372,0.9592326139088729,834,1.0855442216982856,0.9439,0.7849354738690719,0.08351580264552637,,,0.822568656013489,,0.8225842076200994,0.17741579237990057,0.968886474554887,0.39206259160322354,5,0.1,0.5,0.5885205676033592,1.0,0.57877976172602,0.5744152358298977,0.5818874720759617,0.5841270698328298,0.5815268733131125,0.5877610807902393,0.5785724144850124,0.5748527713086647,0.5880117701665915,0.5696766435883482
5,2,0.2085049934815734,0.93632,5000,1.0837551951408386,0.9436450839328537,834,1.0911875915603515,0.9434,0.7892508644678425,0.08350862306979778,,,0.8209714293752373,,0.8209879022137443,0.1790120977862557,0.9683229894158413,0.3920562545711461,5,0.1,0.5,0.5963192543091062,0.57877976172602,1.0,0.5803506577920619,0.5903018795492848,0.5870356018915608,0.5849421519536732,0.5826189012681579,0.5790486889998958,0.5827648272356951,0.5941115384703226,0.5736488574506723
5,3,0.21767423026631497,0.93512,5000,1.0917817839869746,0.9412470023980816,834,1.0969230296512762,0.9429,0.7797161155941599,0.08293268019240434,,,0.6928425063496806,,0.6928517644696551,0.30714823553034487,0.9663331975734986,0.3911021266647808,5,0.1,0.5,0.5775791887856536,0.5744152358298977,0.5803506577920619,1.0,0.5748586688626631,0.579925366596883,0.5688092548367337,0.5746572989853176,0.5773540146206788,0.5739181896997403,0.5875742587672379,0.5725955116234506
5,4,0.210203711374123,0.93508,5000,1.0822150751396462,0.9507803121248499,833,1.0928465249820258,0.9431,0.783702574323072,0.08314613461444637,,,0.7403293080531146,,0.7403493800512022,0.2596506199487978,0.9671452856692805,0.3915848424769965,5,0.1,0.5,0.5878012811927,0.5818874720759617,0.5903018795492848,0.5748586688626631,1.0,0.5859910497099505,0.5750255782308992,0.5806966437499265,0.5781932994265688,0.5693824193491814,0.5883166504213887,0.5664694983836345
5,5,0.19867372467437652,0.93956,5000,1.0497857111471671,0.9555822328931572,833,1.0877576148548065,0.9436,0.7843296908198214,0.08327860566839568,,,0.7697998929684147,,0.7698057326439436,0.23019426735605641,0.9679469819910523,0.3918041094499138,5,0.1,0.5,0.5844070208214083,0.5841270698328298,0.5870356018915608,0.579925366596883,0.5859910497099505,1.0,0.5776040355354548,0.574517622079734,0.5780515672384582,0.5802828146883189,0.5903001445988102,0.561701353598146
5,6,0.22062574359736625,0.93248,5000,1.0981903826748882,0.929171668667467,833,1.088552389091577,0.9437,0.7819613278576669,0.08322058258725942,,,0.7568916078095479,,0.756904773856734,0.24309522614326595,0.967868888444085,0.3917150707256025,5,0.1,0.5,0.5845969616633402,0.5815268733131125,0.5849421519536732,0.5688092548367337,0.5750255782308992,0.5776040355354548,1.0,0.5736027775317389,0.5843253085290019,0.5784003364636235,0.5848095385471475,0.5678426556976809
5,7,0.21212363552990232,0.93632,5000,1.1232062798959237,0.9399759903961584,833,1.0966980108818687,0.9428,0.7823324527579958,0.08304946736920742,,,0.7188239287690286,,0.7188343958636615,0.2811656041363385,0.9667690442274599,0.3913872793816096,5,0.1,0.5,0.5846589514408349,0.5877610807902393,0.5826189012681579,0.5746572989853176,0.5806966437499265,0.574517622079734,0.5736027775317389,1.0,0.5808526952398118,0.5782714782436865,0.5809333749788028,0.5678853634109166
5,8,0.20677658001518553,0.93832,5000,1.0820190597463537,0.9447779111644657,833,1.0862469897864344,0.9437,0.7840799895923132,0.08339187060423886,,,0.7949977291007501,,0.7950002509914161,0.20499974900858386,0.9685042014840147,0.3919456397357067,5,0.1,0.5,0.5848845010702786,0.5785724144850124,0.5790486889998958,0.5773540146206788,0.5781932994265688,0.5780515672384582,0.5843253085290019,0.5808526952398118,1.0,0.5810516782456988,0.5842592564670008,0.5742520444671164
5,9,0.21288195809017227,0.93616,5000,1.0980859840357746,0.9195678271308524,833,1.093020616248012,0.9431,0.7835982018346195,0.08334941902804965,,,0.7855536072071396,,0.7855730134029416,0.2144269865970584,0.9683587774843682,0.39189790305145683,5,0.1,0.5,0.5940604986744044,0.5748527713086647,0.5827648272356951,0.5739181896997403,0.5693824193491814,0.5802828146883189,0.5784003364636235,0.5782714782436865,0.5810516782456988,1.0,0.5925162700202534,0.5708086712100022
5,10,0.1931909983710736,0.9422,5000,1.0780227493356775,0.9531812725090036,833,1.0847516829213395,0.9439,0.7934006995956413,0.08426841093736442,,,0.9899999997775318,,0.9900005019828322,0.009999498017167818,0.9694755159666969,0.39226002986207154,5,0.1,0.5,0.5940100925729235,0.5880117701665915,0.5941115384703226,0.5875742587672379,0.5883166504213887,0.5903001445988102,0.5848095385471475,0.5809333749788028,0.5842592564670008,0.5925162700202534,1.0,0.5797111968506728
5,11,0.22676264323460257,0.93392,5000,1.112620872479898,0.936374549819928,833,1.0999646546741644,0.9424,0.7739362138274206,0.08251535068561695,,,0.6,,0.6,0.4,0.9642232543876883,0.3895141222181016,5,0.1,0.5,0.5846918781526674,0.5696766435883482,0.5736488574506723,0.5725955116234506,0.5664694983836345,0.561701353598146,0.5678426556976809,0.5678853634109166,0.5742520444671164,0.5708086712100022,0.5797111968506728,1.0
6,0,0.19738749593383614,0.94144,5000,0.8397946512257611,0.9508393285371702,834,0.8551631322303138,0.948,0.7755275150501213,0.0838838934533905,,,0.9315312675278211,,0.9315546408312836,0.06844535916871641,0.9670125563172717,0.3846371051640669,5,0.1,0.5,1.0,0.56194514243193,0.5594493950718398,0.5594697524407151,0.5583850620371495,0.5541983676454522,0.567160070258812,0.5508613917267389,0.5658504975451369,0.5581436365038178,0.5589308330036916,0.5623188487458604
6,1,0.1938834604213999,0.94232,5000,0.8118450023509838,0.960431654676259,834,0.855501796490849,0.9479,0.7667442098096031,0.08336599427942068,,,0.7639330149765724,,0.7639425731639978,0.23605742683600217,0.9658943195392342,0.38415179930351984,5,0.1,0.5,0.56194514243193,1.0,0.5478545394462548,0.5473421426499279,0.5471267891921556,0.5569394499744791,0.5581043492092818,0.5509713519118475,0.5505009543978078,0.5468650211761226,0.5515551990102268,0.5580241600055657
6,2,0.19548769972886249,0.93984,5000,0.8540369559217382,0.9484412470023981,834,0.8607148630931355,0.9482,0.7693614400001302,0.08345386849793941,,,0.7923701436847641,,0.7923799006073993,0.20762009939260073,0.9662282158532955,0.38432064694724277,5,0.1,0.5,0.5594493950718398,0.5478545394462548,1.0,0.5495976928847909,0.5649970837976297,0.5542801963541394,0.5629056243301,0.5451069463765161,0.5524784060449235,0.5502958763853215,0.5592531312448017,0.5551438918876025
6,3,0.20054398070676785,0.9396,5000,0.8639908962779574,0.947242206235012,834,0.8674968102107794,0.9479,0.7690754052541706,0.08305612265175101,,,0.6636549185383003,,0.6636715024346167,0.3363284975653833,0.9637866613522833,0.3830890644136979,5,0.1,0.5,0.5594697524407151,0.5473421426499279,0.5495976928847909,1.0,0.5565579147966857,0.5621282193765859,0.5566986643370269,0.5508215726850922,0.5534777646358866,0.5451084181641149,0.5626868563768512,0.5579335498434289
6,4,0.19768479176601217,0.94024,5000,0.8492939096909983,0.9555822328931572,833,0.8631793407205576,0.9481,0.7674902382378255,0.08314363021385056,,,0.691973392924897,,0.6919833341699714,0.3080166658300286,0.9644865422109978,0.38347502399699995,5,0.1,0.5,0.5583850620371495,0.5471267891921556,0.5649970837976297,0.5565579147966857,1.0,0.5616427761984597,0.5510449369438506,0.5491573826843361,0.5497007996670551,0.5430845531232703,0.5505021974329604,0.5539148387026833
6,5,0.18253487736975868,0.94392,5000,0.8200067828098933,0.9615846338535414,833,0.8576463683725546,0.9483,0.770586430235825,0.08334245593128238,,,0.7563157291916143,,0.7563325134280408,0.24366748657195925,0.9654928762212427,0.38409922218650894,5,0.1,0.5,0.5541983676454522,0.5569394499744791,0.5542801963541394,0.5621282193765859,0.5616427761984597,1.0,0.5542733760402592,0.5563674921763743,0.5499566982237173,0.5480552593055782,0.5609529403147158,0.5551806857063563
6,6,0.1966959856254802,0.9412,5000,0.8688009050157335,0.9315726290516206,833,0.8583532800308813,0.9483,0.7722129071701996,0.08336101813921866,,,0.7623226775900191,,0.762336228100999,0.237663771899001,0.9654239865759678,0.3841412431026809,5,0.1,0.5,0.567160070258812,0.5581043492092818,0.5629056243301,0.5566986643370269,0.5510449369438506,0.5542733760402592,1.0,0.5531235155469021,0.5628832358568051,0.5505332230548563,0.5553881420821096,0.5570993982269196
6,7,0.19525510338224045,0.94156,5000,0.8950180897006282,0.9471788715486195,833,0.8676362835561124,0.9478,0.7644900164200965,0.08297230014509997,,,0.6365289713553881,,0.6365493700115457,0.36345062998845434,0.9631011493342809,0.38263787132823235,5,0.1,0.5,0.5508613917267389,0.5509713519118475,0.5451069463765161,0.5508215726850922,0.5491573826843361,0.5563674921763743,0.5531235155469021,1.0,0.5504552206516397,0.5492404707828814,0.550749895661684,0.5521126417178721
6,8,0.18608096563642856,0.94252,5000,0.8506260315577189,0.9483793517406963,833,0.8562786409649225,0.9479,0.7680059125071853,0.08332727840184455,,,0.7514041024895914,,0.7514231213292505,0.2485768786707495,0.9656083816821496,0.3840619385060837,5,0.1,0.5,0.5658504975451369,0.5505009543978078,0.5524784060449235,0.5534777646358866,0.5497007996670551,0.5499566982237173,0.5628832358568051,0.5504552206516397,1.0,0.548848861453739,0.5511989166072487,0.5541621101967643
6,9,0.1941114047078036,0.93976,5000,0.8727421517725344,0.9267707082833133,833,0.8632041318728901,0.9482,0.7643567121743161,0.08316944813363718,,,0.7003283748561827,,0.700351387982531,0.29964861201746895,0.9646024105367483,0.3835762670581706,5,0.1,0.5,0.5581436365038178,0.5468650211761226,0.5502958763853215,0.5451084181641149,0.5430845531232703,0.5480552593055782,0.5505332230548563,0.5492404707828814,0.548848861453739,1.0,0.5589609723909872,0.5568391032386649
6,10,0.18074445525172408,0.94568,5000,0.8453401945255421,0.9591836734693877,833,0.8541040414819321,0.948,0.7721664430087946,0.08406456901308076,,,0.9899999996763883,,0.9900005019828322,0.009999498017167818,0.967147335170826,0.3846468700948112,5,0.1,0.5,0.5589308330036916,0.5515551990102268,0.5592531312448017,0.5626868563768512,0.5505021974329604,0.5609529403147158,0.5553881420821096,0.550749895661684,0.5511989166072487,0.5589609723909872,1.0,0.5631764880792602
6,11,0.207096058448219,0.93912,5000,0.886040018664466,0.9399759903961584,833,0.8715942604854084,0.9477,0.7714514932917728,0.08285942113948422,,,0.6,,0.6,0.4,0.9615726824022495,0.38188379718598414,5,0.1,0.5,0.5623188487458604,0.5580241600055657,0.5551438918876025,0.5579335498434289,0.5539148387026833,0.5551806857063563,0.5570993982269196,0.5521126417178721,0.5541621101967643,0.5568391032386649,0.5631764880792602,1.0
7,0,0.18457848648036457,0.94528,5000,0.6393170687887404,0.9544364508393285,834,0.6576295077991181,0.9516,0.75853538724134,0.08388175646133995,,,0.9598914171180618,,0.9598965915365695,0.04010340846343052,0.9644199244417311,0.37681065668409686,5,0.1,0.5,1.0,0.5337877308613415,0.5289102782642776,0.5321728852859395,0.5252158227710998,0.5261768252080083,0.5409212584141848,0.5318509378859331,0.5371600051574151,0.5373251085462522,0.5333831311985284,0.529788119392391
