round,client_id,client_i_training_loss,client_i_training_accuracy,client_i_training_dataset_size,client_i_evaluation_loss,client_i_evaluation_accuracy,client_i_evaluation_dataset_size,client_i_central_evaluation_loss,client_i_central_evaluation_accuracy,client_i_cosine_similarity,client_i_importance_coefficient,client_i_tanh_val,tanh_normalization_value,client_i_q,client_i_mask_order,client_i_v_nonzero_fraction,client_i_v_sparsity,client_i_v_cosine_similarity,client_i_reward_gradient_norm,local_epochs,learning_rate,gamma,client_0_cosine_similarity,client_1_cosine_similarity,client_2_cosine_similarity,client_3_cosine_similarity,client_4_cosine_similarity,client_5_cosine_similarity,client_6_cosine_similarity,client_7_cosine_similarity,client_8_cosine_similarity,client_9_cosine_similarity,client_10_cosine_similarity,client_11_cosine_similarity
0,0,0.33877063543672203,0.89236,5000,2.179543062492653,0.5539568345323741,834,2.181038406329414,0.5361,0.7942385416249259,0.08333210740133512,,,0.8272871786319393,,0.8273028462426585,0.17269715375734151,0,0.39701822255924485,5,0.1,0.5,1.0,0.5963058875948946,0.5992875503726034,0.5972796034344039,0.6015041359011349,0.597777621023473,0.6110980362535468,0.5994217432756295,0.5984484289916705,0.579643041134395,0.592463005225467,0.5966606423528478
0,1,0.3388250044813961,0.89372,5000,2.1779023982860424,0.5239808153477218,834,2.181062892603036,0.5366,0.7935000485759696,0.08325462415310989,,,0.819692434753479,,0.8197028261633452,0.18029717383665478,0,0.39700100859540316,5,0.1,0.5,0.5963058875948946,1.0,0.5961795845130686,0.6007896387688814,0.6091661673119491,0.600205741738828,0.609017578348203,0.5803224916490843,0.6053847182527723,0.5924884414146084,0.5850944491748931,0.5878964181869588
0,2,0.3536258743636927,0.88888,5000,2.185566434153804,0.5419664268585132,834,2.1810137928484346,0.5365,0.7997880524020115,0.08391436626169568,,,0.8843589588772397,,0.8843682546056925,0.11563174539430754,0,0.3970976937919944,5,0.1,0.5,0.5992875503726034,0.5961795845130686,1.0,0.5838400004763483,0.5956485893759702,0.6178241337475914,0.6176054782451078,0.6030921391330656,0.6053445943890544,0.6022793607011631,0.6106050163393663,0.5910756492425757
0,3,0.35183002544199204,0.89212,5000,2.1741053704862243,0.5515587529976019,834,2.181075233240097,0.5366,0.7892065785208265,0.08280415003354928,,,0.7755379156761094,,0.7755584559008082,0.22444154409919181,0,0.3968600997629556,5,0.1,0.5,0.5972796034344039,0.6007896387688814,0.5838400004763483,1.0,0.593392481268267,0.5962673637490009,0.6121181797322537,0.5723012880983009,0.5901075052848744,0.6015466420436982,0.5826896575729389,0.5915976763629673
0,4,0.3332342206245395,0.89492,5000,2.1783568682493986,0.5630252100840336,833,2.1810139383370886,0.5364,0.7986800691598713,0.08379811582345328,,,0.8729643371437351,,0.8729732443150444,0.12702675568495558,0,0.3970875711328769,5,0.1,0.5,0.6015041359011349,0.6091661673119491,0.5956485893759702,0.593392481268267,1.0,0.6172111956246472,0.6052194346354163,0.5832762321424174,0.6087229360613996,0.5965815962606847,0.595951062260271,0.6055480741974999
0,5,0.3318651547062264,0.89732,5000,2.1839982491952403,0.5114045618247299,833,2.180998869978201,0.5363,0.8015944910897213,0.08410389917258941,,,0.9029365733648587,,0.9029516590532604,0.09704834094673964,0,0.3971097290001923,5,0.1,0.5,0.597777621023473,0.600205741738828,0.6178241337475914,0.5962673637490009,0.6172111956246472,1.0,0.6156115674091788,0.5943720132178167,0.6026350339937554,0.6011591651667395,0.5954847771862766,0.6014506533378504
0,6,0.33624838109715444,0.89528,5000,2.1850310078373663,0.5198079231692677,833,2.1809845861916344,0.5365,0.8081155634431058,0.08478809500702013,,,0.9699999999019822,,0.9700015059484965,0.029998494051503455,0,0.39712473590779684,5,0.1,0.5,0.6110980362535468,0.609017578348203,0.6176054782451078,0.6121181797322537,0.6052194346354163,0.6156115674091788,1.0,0.5976851113222484,0.6065878290974508,0.6082241116717674,0.6051519838735813,0.6138323172944825
0,7,0.338249579559015,0.89256,5000,2.184309623859547,0.5162064825930373,833,2.1814344683394267,0.5363,0.78186146898821,0.08203349559616285,,,0.7,,0.7,0.30000000000000004,0,0.3963908416809445,5,0.1,0.5,0.5994217432756295,0.5803224916490843,0.6030921391330656,0.5723012880983009,0.5832762321424174,0.5943720132178167,0.5976851113222484,1.0,0.5813192752791189,0.5617119583393074,0.5873052746186417,0.5911162541621823
0,8,0.3439701568952222,0.89308,5000,2.1889581415388317,0.5234093637454982,833,2.181070327758789,0.5366,0.7932499252259477,0.08322838102239383,,,0.8171201386646774,,0.8171376938908689,0.18286230610913112,0,0.39699486778396564,5,0.1,0.5,0.5984484289916705,0.6053847182527723,0.6053445943890544,0.5901075052848744,0.6087229360613996,0.6026350339937554,0.6065878290974508,0.5813192752791189,1.0,0.5869830399320107,0.5789723973030523,0.5959614285571008
0,9,0.3427429612832749,0.89196,5000,2.1866185665130615,0.5486194477791116,833,2.1810802567881136,0.5366,0.7891828041927531,0.08280165561309928,,,0.7752934178668813,,0.7753124843130365,0.22468751568696355,0,0.39685838367395326,5,0.1,0.5,0.579643041134395,0.5924884414146084,0.6022793607011631,0.6015466420436982,0.5965815962606847,0.6011591651667395,0.6082241116717674,0.5617119583393074,0.5869830399320107,1.0,0.5896861108499467,0.6013999794522361
0,10,0.3416985908689298,0.89484,5000,2.1802608790221036,0.531812725090036,833,2.1811160485203653,0.5367,0.7880050833803333,0.08267808825633444,,,0.7631816072773289,,0.7631946187440389,0.23680538125596107,0,0.39680365752657065,5,0.1,0.5,0.592463005225467,0.5850944491748931,0.6106050163393663,0.5826896575729389,0.595951062260271,0.5954847771862766,0.6051519838735813,0.5873052746186417,0.5789723973030523,0.5896861108499467,1.0,0.5870748525600548
0,11,0.34448855660476124,0.88948,5000,2.183361883516665,0.5546218487394958,833,2.181054793988554,0.5366,0.7935800852298271,0.08326302165925668,,,0.8205155405197387,,0.8205361176647759,0.17946388233522415,0,0.397003238426964,5,0.1,0.5,0.5966606423528478,0.5878964181869588,0.5910756492425757,0.5915976763629673,0.6055480741974999,0.6014506533378504,0.6138323172944825,0.5911162541621823,0.5959614285571008,0.6013999794522361,0.5870748525600548,1.0
1,0,0.29663261019974757,0.91076,5000,2.0148995010941118,0.8285371702637889,834,2.013056401627513,0.8098,0.8154766309663437,0.0833661764208372,,,0.8218209581973057,,0.8218362532001405,0.17816374679985947,0.9609497175709328,0.40713481039368415,5,0.1,0.5,1.0,0.6350745205162238,0.6319245859668998,0.6267873785758667,0.6418107405640536,0.6370911474984902,0.6373435169922381,0.6248287948884218,0.6325504174158144,0.6343289055493961,0.6391616461943723,0.6296442909862207
1,1,0.30678902056519014,0.90544,5000,2.005408141348097,0.8201438848920863,834,2.0131195619845164,0.8098,0.8158152584475026,0.0833267814702704,,,0.817020668664992,,0.8170372973244315,0.18296270267556847,0.960896271330893,0.40712285206059007,5,0.1,0.5,0.6350745205162238,1.0,0.6335984411754122,0.6285149062933174,0.6411367340525633,0.6347365192170427,0.642324323161248,0.6304624811256997,0.6357307374105146,0.634679989424951,0.6270057036961435,0.6308682496889745
1,2,0.31484372226201046,0.9036,5000,2.021187181825991,0.8093525179856115,834,2.0129350233382692,0.8098,0.8119480032968351,0.0836280192154682,,,0.8537266011311005,,0.8537422820139551,0.14625771798604492,0.9611941408641912,0.4071986448922439,5,0.1,0.5,0.6319245859668998,0.6335984411754122,1.0,0.6210867901332289,0.6306201308836398,0.628060985427468,0.6393809787663941,0.6327495064355197,0.6269184955958124,0.6338933412674497,0.6245474246393423,0.6307756645251207
1,3,0.31018867047895105,0.90432,5000,2.002190841568841,0.8273381294964028,834,2.0134620708398545,0.8101,0.8075969315895711,0.08274371074670488,,,0.745973281863887,,0.7459866472566639,0.25401335274333614,0.9601827063730151,0.4068241431684774,5,0.1,0.5,0.6267873785758667,0.6285149062933174,0.6210867901332289,1.0,0.6330501040658482,0.6337739000686731,0.6344131908094222,0.6232868725109899,0.6169056587946289,0.6274938938765556,0.6235546687281366,0.6270113627414299
1,4,0.297839135425106,0.90568,5000,2.00785854127672,0.8151260504201681,833,2.012867520792416,0.8103,0.8204132543323129,0.08384545408832307,,,0.8802211221067081,,0.8802369358967923,0.1197630641032077,0.9612619968027112,0.4072315294260408,5,0.1,0.5,0.6418107405640536,0.6411367340525633,0.6306201308836398,0.6330501040658482,1.0,0.6461039162255897,0.6453682965463786,0.6306712124931925,0.635261748228401,0.6387924236304641,0.6356096953809336,0.6383040666917085
1,5,0.298900495442283,0.90924,5000,2.0179702838261924,0.8007202881152461,833,2.012857396381732,0.8101,0.818487876356162,0.08398045416472863,,,0.8966709321536135,,0.8966869133075649,0.10331308669243511,0.9613169065777942,0.40724520363604355,5,0.1,0.5,0.6370911474984902,0.6347365192170427,0.628060985427468,0.6337739000686731,0.6461039162255897,1.0,0.643144469242338,0.6316363990118747,0.6320988652897613,0.6381949766015655,0.6322995455849151,0.6395077275600185
1,6,0.29438468524296385,0.91252,5000,2.016208781136407,0.8079231692677071,833,2.0127981847848373,0.8098,0.8228042933551339,0.08458225015613116,,,0.9699999998781497,,0.9700015059484965,0.029998494051503455,0.9614033798359406,0.40726671242448037,5,0.1,0.5,0.6373435169922381,0.642324323161248,0.6393809787663941,0.6344131908094222,0.6453682965463786,0.643144469242338,1.0,0.6440914084134461,0.6344014645685823,0.6450625471630248,0.6349418965766791,0.6356318111661518
1,7,0.29744183811697233,0.90716,5000,2.0171938869688244,0.7851140456182473,833,2.014157825765518,0.8096,0.8113831023332262,0.08236641784505179,,,0.7,,0.7,0.30000000000000004,0.9592689722517949,0.4064702861015983,5,0.1,0.5,0.6248287948884218,0.6304624811256997,0.6327495064355197,0.6232868725109899,0.6306712124931925,0.6316363990118747,0.6440914084134461,1.0,0.6265975712177548,0.629716150192744,0.630953656467262,0.6312487936736175
1,8,0.29981082227603073,0.90904,5000,2.0237034912462586,0.8079231692677071,833,2.0132076252763644,0.81,0.8099476378346421,0.08310553249415065,,,0.7900613977731105,,0.7900808192359822,0.20991918076401783,0.9606972590392068,0.40703412818811424,5,0.1,0.5,0.6325504174158144,0.6357307374105146,0.6269184955958124,0.6169056587946289,0.635261748228401,0.6320988652897613,0.6344014645685823,0.6265975712177548,1.0,0.6253389784263427,0.6241335207172759,0.6269798269970644
1,9,0.3074227383039939,0.90536,5000,2.0208718246883817,0.7971188475390156,833,2.01330260651561,0.8102,0.8153394307983511,0.08301114240578647,,,0.7785599300314419,,0.7785753727222529,0.22142462727774714,0.9604373042634686,0.40698858454146286,5,0.1,0.5,0.6343289055493961,0.634679989424951,0.6338933412674497,0.6274938938765556,0.6387924236304641,0.6381949766015655,0.6450625471630248,0.629716150192744,0.6253389784263427,1.0,0.6294959017782339,0.6343928532309042
1,10,0.3010172633596571,0.9088,5000,2.010875600355643,0.8151260504201681,833,2.0134835890687692,0.8101,0.8111477315792732,0.08278387277557239,,,0.7508670401754324,,0.7508809798704884,0.2491190201295116,0.9601563553945116,0.40685302277217045,5,0.1,0.5,0.6391616461943723,0.6270057036961435,0.6245474246393423,0.6235546687281366,0.6356096953809336,0.6322995455849151,0.6349418965766791,0.630953656467262,0.6241335207172759,0.6294959017782339,1.0,0.6295599038280085
1,11,0.30501255436094515,0.90536,5000,2.0149699361236006,0.8091236494597839,833,2.0131178694411207,0.81,0.8137395449213302,0.08326018821697523,,,0.8089062557233276,,0.8089202349279655,0.1910797650720345,0.9608392079501057,0.4070987321607987,5,0.1,0.5,0.6296442909862207,0.6308682496889745,0.6307756645251207,0.6270113627414299,0.6383040666917085,0.6395077275600185,0.6356318111661518,0.6312487936736175,0.6269798269970644,0.6343928532309042,0.6295599038280085,1.0
2,0,0.26825928969107043,0.9184,5000,1.814199893562882,0.8968824940047961,834,1.8085940135553622,0.8903,0.8123070358330837,0.0833125599339696,,,0.8133128797698294,,0.8133276441945686,0.1866723558054314,0.968487644114235,0.4066092527991662,5,0.1,0.5,1.0,0.6303522990354828,0.6342990166007959,0.622566494166637,0.6325728533221104,0.6269406052950643,0.6401797134237869,0.6312944766464827,0.6334198100663709,0.6319692016732285,0.6280249438383955,0.6182287837634518
2,1,0.27242304516279964,0.91688,5000,1.794268736132869,0.907673860911271,834,1.8087225520191863,0.8902,0.8110879808179471,0.08324415246429823,,,0.8040944511643444,,0.8041112393956127,0.1958887606043873,0.9684040210541845,0.40657957605140527,5,0.1,0.5,0.6303522990354828,1.0,0.6328684321666815,0.627174205156166,0.6271512229744425,0.6241971083805083,0.6387374644048014,0.6246585140830292,0.6295355870017836,0.6344244011207124,0.6245296187751881,0.6245112507141677
2,2,0.28624902336389585,0.91592,5000,1.8206099624987002,0.8932853717026379,834,1.8083695386545346,0.8899,0.814422229958109,0.08355907000907314,,,0.8465319936881085,,0.8465538878570353,0.15344611214296466,0.9686770532188115,0.4066897977033219,5,0.1,0.5,0.6342990166007959,0.6328684321666815,1.0,0.6352920868847537,0.6228888198968404,0.6310845610936747,0.6389288194169892,0.625614614123107,0.6396773145307423,0.6363316054337564,0.630311056162197,0.6221754310189326
2,3,0.2758987021329961,0.91628,5000,1.793111006418864,0.9016786570743405,834,1.809459060525742,0.8902,0.8127663529055554,0.08291733723210164,,,0.7600536044605845,,0.7600773053561568,0.2399226946438432,0.9677656250697964,0.4063817134841637,5,0.1,0.5,0.622566494166637,0.627174205156166,0.6352920868847537,1.0,0.6295747622166846,0.6371874262573871,0.6376515967617135,0.6220003080378474,0.6271132069883275,0.635026303418147,0.6310410458908304,0.6324162084138824
2,4,0.2617019536661779,0.91976,5000,1.80059579566673,0.8895558223289316,833,1.8082476001197156,0.8903,0.8129445118421168,0.08365132760121173,,,0.85896440831372,,0.8589729431253451,0.1410270568746549,0.9687841858165863,0.4067100660649623,5,0.1,0.5,0.6325728533221104,0.6271512229744425,0.6228888198968404,0.6295747622166846,1.0,0.6309629561350748,0.6382689481561318,0.6291240992983719,0.634144598143802,0.6343940740524873,0.6294112024486469,0.6255537112091087
2,5,0.2708332589649518,0.91768,5000,1.8165163508167974,0.8811524609843937,833,1.8082169983714533,0.89,0.8147630207335055,0.08380373209799227,,,0.8795020773647085,,0.8795140806184428,0.12048591938155717,0.9688317223248626,0.40673553977863763,5,0.1,0.5,0.6269406052950643,0.6241971083805083,0.6310845610936747,0.6371874262573871,0.6309629561350748,1.0,0.646007665098641,0.6198327981739639,0.6323205750546653,0.6355249833454765,0.6292485691959541,0.6377075080978211
2,6,0.2605921439589209,0.92276,5000,1.8118899839895743,0.8847539015606243,833,1.8081495952301514,0.8903,0.8226445543029999,0.08447529274609389,,,0.9699999998652423,,0.9700015059484965,0.029998494051503455,0.9689382158580453,0.4067728346039773,5,0.1,0.5,0.6401797134237869,0.6387374644048014,0.6389288194169892,0.6376515967617135,0.6382689481561318,0.646007665098641,1.0,0.6314492480398917,0.6485981046186595,0.6396430422439433,0.6338433704903838,0.6322416648022618
2,7,0.2701592718363757,0.91856,5000,1.812792769184819,0.8955582232893158,833,1.8106062728376053,0.8905,0.8071172221417043,0.08247169564809566,,,0.7,,0.7,0.30000000000000004,0.9668197026424148,0.4059079468006114,5,0.1,0.5,0.6312944766464827,0.6246585140830292,0.625614614123107,0.6220003080378474,0.6291240992983719,0.6198327981739639,0.6314492480398917,1.0,0.6276533313828994,0.6228544602126527,0.6302867783846908,0.6190352179648269
2,8,0.2736472724468275,0.91728,5000,1.8213747077518039,0.8739495798319328,833,1.8088009087041543,0.8904,0.8164175296862923,0.08328329455851312,,,0.8093691470816547,,0.8093820591335776,0.19061794086642236,0.9683247478001737,0.40659668249401343,5,0.1,0.5,0.6334198100663709,0.6295355870017836,0.6396773145307423,0.6271132069883275,0.634144598143802,0.6323205750546653,0.6485981046186595,0.6276533313828994,1.0,0.6350045174918353,0.6326469909221996,0.6308562048710034
2,9,0.273767979120373,0.92028,5000,1.8193495361893266,0.879951980792317,833,1.8090234282679452,0.8903,0.816223290425913,0.08321418854131017,,,0.8000565838651654,,0.80008031725315,0.19991968274685,0.9681467359917504,0.4065654000056395,5,0.1,0.5,0.6319692016732285,0.6344244011207124,0.6363316054337564,0.635026303418147,0.6343940740524873,0.6355249833454765,0.6396430422439433,0.6228544602126527,0.6350045174918353,1.0,0.633227960088349,0.6312118783625479
2,10,0.27087445158369033,0.91836,5000,1.8064295274239999,0.8895558223289316,833,1.8094727817815714,0.8902,0.8121761546691066,0.08292334787993787,,,0.7608635851281516,,0.7608804778876562,0.23911952211234377,0.9678051834628603,0.4063852810082793,5,0.1,0.5,0.6280249438383955,0.6245296187751881,0.630311056162197,0.6310410458908304,0.6294112024486469,0.6292485691959541,0.6338433704903838,0.6302867783846908,0.6326469909221996,0.633227960088349,1.0,0.6287685626295796
2,11,0.2829020650713307,0.91172,5000,1.8108759412059077,0.8895558223289316,833,1.8088070192276098,0.89,0.8094726701735548,0.08314400128740283,,,0.7905983157510538,,0.7906129210381005,0.20938707896189945,0.9682849225931416,0.40652821347862184,5,0.1,0.5,0.6182287837634518,0.6245112507141677,0.6221754310189326,0.6324162084138824,0.6255537112091087,0.6377075080978211,0.6322416648022618,0.6190352179648269,0.6308562048710034,0.6312118783625479,0.6287685626295796,1.0
3,0,0.24374061314578932,0.92808,5000,1.5865674107163041,0.9268585131894485,834,1.5769869390006264,0.921,0.8057897275766746,0.08326601689325032,,,0.8040192632225465,,0.8040359419707847,0.19596405802921535,0.9695565887070914,0.4034617892607388,5,0.1,0.5,1.0,0.6200198952220514,0.6203617686480524,0.6141612009493383,0.6239946113165202,0.6145110705304786,0.6247372262190135,0.6135339719664653,0.6244680894297193,0.612981573443929,0.6195822094705081,0.6181837756510535
3,1,0.25040706204025037,0.92456,5000,1.556856769102591,0.9400479616306955,834,1.577181392584365,0.9209,0.8039044498066583,0.0831549938454371,,,0.7869987534568652,,0.7870086843029969,0.21299131569700314,0.9694427675602199,0.4033932750357106,5,0.1,0.5,0.6200198952220514,1.0,0.6208791966414954,0.6132294892934659,0.6250089302889514,0.6136321187722987,0.6238352948022939,0.6071133494088184,0.6204067834376611,0.6125962278762064,0.6147238416048396,0.6170489197082522
3,2,0.25643753829370636,0.9222,5000,1.5916286088802196,0.9232613908872902,834,1.576532545942849,0.9209,0.8099042769753716,0.08357270495353765,,,0.8510364117151776,,0.8510566738617539,0.14894332613824612,0.9698020658615878,0.40358655793506787,5,0.1,0.5,0.6203617686480524,0.6208791966414954,1.0,0.6148807861095662,0.6238838270278337,0.6233001490773549,0.6280386361839515,0.6196042095162306,0.6279851714692612,0.6237336691224712,0.6218417912289801,0.6207728146287272
3,3,0.25421571665129084,0.92356,5000,1.5575626249666568,0.9304556354916067,834,1.5781909006472212,0.9208,0.8017054645438468,0.08286189220852923,,,0.7420644864592522,,0.7420812208222479,0.2579187791777521,0.9688858485917097,0.4031370947484985,5,0.1,0.5,0.6141612009493383,0.6132294892934659,0.6148807861095662,1.0,0.6211854849877146,0.6175895762884038,0.6254100376528748,0.6134682833080054,0.6089544629089367,0.6119293760308455,0.6195481560601602,0.6083973558480906
3,4,0.23797373443658043,0.92572,5000,1.5674153522208885,0.9099639855942377,833,1.5762841552972031,0.9207,0.8140242018405657,0.0837774190024868,,,0.8824203228754365,,0.8824306008734502,0.11756939912654985,0.9699066549671597,0.40363252349731366,5,0.1,0.5,0.6239946113165202,0.6250089302889514,0.6238838270278337,0.6211854849877146,1.0,0.6268469780323871,0.6342922025916901,0.6202264246568241,0.6324660980220931,0.6210320701093797,0.6301027754702762,0.6257288803065252
3,5,0.24074688717770348,0.92704,5000,1.58876547548506,0.9159663865546218,833,1.57630818948959,0.9207,0.8074898820925354,0.08365058390891579,,,0.8629757301419677,,0.8629888057828422,0.1370111942171578,0.9698987684591197,0.403606686670792,5,0.1,0.5,0.6145110705304786,0.6136321187722987,0.6233001490773549,0.6175895762884038,0.6268469780323871,1.0,0.6270759723955548,0.6170339227291078,0.6266360367319637,0.6123077932573806,0.616789988874126,0.6250087005117447
3,6,0.24098472324716058,0.92884,5000,1.5802950417553936,0.9135654261704682,833,1.5760823107375124,0.921,0.8147575034275077,0.08434869229557294,,,0.9699999998466939,,0.9700015059484965,0.029998494051503455,0.9700691764795807,0.4036717247395693,5,0.1,0.5,0.6247372262190135,0.6238352948022939,0.6280386361839515,0.6254100376528748,0.6342922025916901,0.6270759723955548,1.0,0.6187428786828504,0.6281730548451339,0.6189193160067198,0.6250805061707905,0.6339319669007532
3,7,0.24332761694291594,0.92576,5000,1.5811138373834115,0.9243697478991597,833,1.5800687413626966,0.9204,0.802301197226196,0.08258750985713689,,,0.7,,0.7,0.30000000000000004,0.9678839396584601,0.402760973017026,5,0.1,0.5,0.6135339719664653,0.6071133494088184,0.6196042095162306,0.6134682833080054,0.6202264246568241,0.6170339227291078,0.6187428786828504,1.0,0.6157534208083255,0.6145114554062506,0.6230787032327066,0.6136419070017971
3,8,0.25062640844221423,0.92384,5000,1.5904423704853765,0.9159663865546218,833,1.577135133667114,0.9208,0.8099814709057248,0.08339274974467921,,,0.823448181612601,,0.823457657748105,0.17654234225189502,0.9696074371064085,0.40352328124018233,5,0.1,0.5,0.6244680894297193,0.6204067834376611,0.6279851714692612,0.6089544629089367,0.6324660980220931,0.6266360367319637,0.6281730548451339,0.6157534208083255,1.0,0.6178143084795717,0.6219879382037615,0.6224894845572607
3,9,0.25746204681623325,0.92232,5000,1.5917570017002247,0.9111644657863145,833,1.5776162139904766,0.9208,0.8025285696543979,0.08308718847412688,,,0.7766037768526115,,0.7766226595050449,0.22337734049495506,0.9693565214289854,0.4033460954537343,5,0.1,0.5,0.612981573443929,0.6125962278762064,0.6237336691224712,0.6119293760308455,0.6210320701093797,0.6123077932573806,0.6189193160067198,0.6145114554062506,0.6178143084795717,1.0,0.6118401075797657,0.6177741830211898
3,10,0.24983225144611992,0.92492,5000,1.5733372061340898,0.9207683073229291,833,1.5781235588244356,0.9206,0.8077798154994218,0.08307761208188469,,,0.7751356575666729,,0.7751568696350585,0.22484313036494152,0.9691028238465749,0.4033386950328425,5,0.1,0.5,0.6195822094705081,0.6147238416048396,0.6218417912289801,0.6195481560601602,0.6301027754702762,0.616789988874126,0.6250805061707905,0.6230787032327066,0.6219879382037615,0.6118401075797657,1.0,0.6230994760060863
3,11,0.2518767801902381,0.92232,5000,1.5784167051315308,0.9171668667466987,833,1.5772532948289817,0.9208,0.80774785557825,0.08322263673444251,,,0.7973688205336793,,0.7973796496159832,0.20262035038401682,0.9694082356646417,0.4034359797787681,5,0.1,0.5,0.6181837756510535,0.6170489197082522,0.6207728146287272,0.6083973558480906,0.6257288803065252,0.6250087005117447,0.6339319669007532,0.6136419070017971,0.6224894845572607,0.6177741830211898,0.6230994760060863,1.0
4,0,0.2214300919163996,0.93452,5000,1.3458561014246058,0.9364508393285371,834,1.3321502894258346,0.9351,0.7954281388629955,0.0831819765892429,,,0.7652576693709762,,0.7652778474976156,0.23472215250238437,0.969154402384591,0.39883878372549264,5,0.1,0.5,1.0,0.6012880063932357,0.591882619910788,0.593540769250283,0.6057059791989151,0.5958210621803541,0.6159528109290937,0.6031016782790383,0.6051046411446438,0.6055099702724194,0.6049787120723151,0.5990226914785194
4,1,0.2306065821948989,0.93036,5000,1.3069101086369268,0.9496402877697842,834,1.332334391986981,0.9352,0.7981750900624102,0.08320428153430144,,,0.7687617885584633,,0.768771648009638,0.23122835199036196,0.9691341815653755,0.39885985073633984,5,0.1,0.5,0.6012880063932357,1.0,0.6020274410810081,0.5975826571951243,0.6129738315728175,0.6051600434824416,0.6157531050112026,0.5947982320903636,0.6082740129620744,0.6028670010367823,0.5991586713539565,0.608710808008951
4,2,0.2403439143352258,0.92824,5000,1.3486987308219627,0.935251798561151,834,1.3315186184435226,0.935,0.7912573648747808,0.0832399262229627,,,0.7743615888333377,,0.7743687565885247,0.22563124341147534,0.9693510744008839,0.3988911655950959,5,0.1,0.5,0.591882619910788,0.6020274410810081,1.0,0.5962349878855286,0.5953837402549337,0.5998997665993117,0.6133229882471617,0.6002173195649995,0.595293693391705,0.6067163420197179,0.588927805507328,0.5905487007674045
4,3,0.23177295183810365,0.93136,5000,1.3095831517820005,0.9424460431654677,834,1.3342140608321365,0.9345,0.7912340145768432,0.08276658868372698,,,0.7,,0.7,0.30000000000000004,0.9678975232634378,0.3982830317787955,5,0.1,0.5,0.593540769250283,0.5975826571951243,0.5962349878855286,1.0,0.5989675269316668,0.6035149795712216,0.6183305148008039,0.5929629344440043,0.5949156630972472,0.5982046630740098,0.5947110074246468,0.5945411936755618
4,4,0.2173004100668677,0.93424,5000,1.3217259468855682,0.9255702280912365,833,1.3307280765173914,0.9351,0.8035220447543424,0.08380512163560354,,,0.8631541003107702,,0.8631695196024296,0.1368304803975704,0.9699851105093714,0.39918192768920957,5,0.1,0.5,0.6057059791989151,0.6129738315728175,0.5953837402549337,0.5989675269316668,1.0,0.6128110506965705,0.6216747915619503,0.6074045822580375,0.6118258723260224,0.6090455167411315,0.609852339476306,0.6113861788547705
4,5,0.2212669293930054,0.93472,5000,1.346364935239156,0.936374549819928,833,1.330790958846339,0.9349,0.7996802207025542,0.08358639110487641,,,0.828791413130938,,0.8288037749108981,0.17119622508910193,0.9698395415065486,0.3991075707309989,5,0.1,0.5,0.5958210621803541,0.6051600434824416,0.5998997665993117,0.6035149795712216,0.6128110506965705,1.0,0.6166431505052499,0.6070976440764304,0.6081453321844007,0.6067989758982789,0.5920520318373398,0.6128544652122503
4,6,0.219684904359376,0.93512,5000,1.3356969312385276,0.936374549819928,833,1.3304666577817532,0.935,0.8121065976712865,0.08448523318183897,,,0.9699999998428994,,0.9700015059484965,0.029998494051503455,0.9702041091609916,0.39924719054442553,5,0.1,0.5,0.6159528109290937,0.6157531050112026,0.6133229882471617,0.6183305148008039,0.6216747915619503,0.6166431505052499,1.0,0.6096849815455532,0.6198295924336799,0.6168213826317708,0.61282065889313,0.6159711685502686
4,7,0.22770457198119656,0.9318,5000,1.3359877754140783,0.9399759903961584,833,1.3362560904444978,0.9342,0.7964487436861247,0.08276663992045288,,,0.7000080493179369,,0.7000351387982531,0.2999648612017469,0.9677350592720628,0.3982873021201534,5,0.1,0.5,0.6031016782790383,0.5947982320903636,0.6002173195649995,0.5929629344440043,0.6074045822580375,0.6070976440764304,0.6096849815455532,1.0,0.6040655675374307,0.6035318106545103,0.6074371273539881,0.6046111894302871
4,8,0.2351523659719973,0.92944,5000,1.3455332517623901,0.9327731092436975,833,1.3319007382987025,0.9349,0.8001213768284404,0.08343042792929724,,,0.8042895121106081,,0.8043019928718438,0.19569800712815622,0.9695695704642296,0.3990271215527831,5,0.1,0.5,0.6051046411446438,0.6082740129620744,0.595293693391705,0.5949156630972472,0.6118258723260224,0.6081453321844007,0.6198295924336799,0.6040655675374307,1.0,0.6095775402864843,0.6032808930832125,0.6058766660162449
4,9,0.23022924897432992,0.93028,5000,1.3506307072109647,0.9183673469387755,833,1.3327683442697738,0.9351,0.8000540349657426,0.08322494660351705,,,0.7720082823453385,,0.7720244967622107,0.22797550323778926,0.9691220854207736,0.39887929390141347,5,0.1,0.5,0.6055099702724194,0.6028670010367823,0.6067163420197179,0.5982046630740098,0.6090455167411315,0.6067989758982789,0.6168213826317708,0.6035318106545103,0.6095775402864843,1.0,0.603033238580793,0.6048936225285934
4,10,0.22596476385785136,0.9328,5000,1.3255937695503235,0.9351740696278511,833,1.3335920888394974,0.9345,0.7951156069274865,0.0830457977373815,,,0.7438638965333845,,0.743873299533156,0.25612670046684405,0.9688515826944735,0.39869229436407405,5,0.1,0.5,0.6049787120723151,0.5991586713539565,0.588927805507328,0.5947110074246468,0.609852339476306,0.5920520318373398,0.61282065889313,0.6074371273539881,0.6032808930832125,0.603033238580793,1.0,0.60363478733281
4,11,0.23591471812005635,0.9272,5000,1.3314328944241558,0.9303721488595438,833,1.3322864256727809,0.9352,0.7985586842187111,0.08326266885679832,,,0.7779344691694354,,0.7779478941820189,0.22205210581798107,0.9692725219135309,0.3989098047240096,5,0.1,0.5,0.5990226914785194,0.608710808008951,0.5905487007674045,0.5945411936755618,0.6113861788547705,0.6128544652122503,0.6159711685502686,0.6046111894302871,0.6058766660162449,0.6048936225285934,0.60363478733281,1.0
5,0,0.2064548591377249,0.9388,5000,1.1056200906082436,0.9448441247002398,834,1.0874917903266395,0.9428,0.7833741169565754,0.083167573370436,,,0.760468015609136,,0.7604839114502284,0.23951608854977158,0.9684234494253448,0.392151609060051,5,0.1,0.5,1.0,0.569584980559343,0.5753678619850257,0.579331549248744,0.5820487074715328,0.5795224020260661,0.594528080481369,0.5743462561296113,0.587347451503191,0.5791468932984691,0.583255515992763,0.5776053883848524
5,1,0.2149223240632208,0.93464,5000,1.058470211647175,0.9592326139088729,834,1.0879431587819475,0.9431,0.7767969777016894,0.08295107792254167,,,0.729326744135762,,0.7293408965413383,0.27065910345866173,0.9681183084843553,0.39191758945443217,5,0.1,0.5,0.569584980559343,1.0,0.5756656755040452,0.5702456208158811,0.5819646489573156,0.5720588844968458,0.5907144060527251,0.5665167406214514,0.579242534487847,0.5791390268363154,0.5662739972918559,0.5684923814723459
5,2,0.21627198934234726,0.93592,5000,1.1043579666702836,0.9400479616306955,834,1.0868847674835984,0.9428,0.7816472459980376,0.08314555463285447,,,0.7573007828049532,,0.7573163997791276,0.24268360022087243,0.9684365397911766,0.39213131779995514,5,0.1,0.5,0.5753678619850257,0.5756656755040452,1.0,0.5751968328119195,0.5766182084366087,0.5816315987190468,0.5928769215250018,0.5710770824462483,0.5820181992786696,0.5816807378299658,0.5737834037703008,0.579585998332338
5,3,0.2215685137298409,0.9338,5000,1.0624015574102048,0.9508393285371702,834,1.0899176664245775,0.9432,0.784381276765983,0.08292532843926097,,,0.7256228711123683,,0.725641283068119,0.27435871693188096,0.9674675520204788,0.3918854887915786,5,0.1,0.5,0.579331549248744,0.5702456208158811,0.5751968328119195,1.0,0.5814408686923335,0.5930700250797122,0.5975973063873974,0.5757260961879686,0.5733705382272722,0.5861321644030121,0.5807926937864972,0.5807181947298453
5,4,0.2036746127234333,0.9386,5000,1.0766506217144154,0.9327731092436975,833,1.08551210374497,0.943,0.7896806725398704,0.08380602183014514,,,0.8523041119286497,,0.8523216705988655,0.14767832940113446,0.9693653874377081,0.3925234888570544,5,0.1,0.5,0.5820487074715328,0.5819646489573156,0.5766182084366087,0.5814408686923335,1.0,0.5799671020690133,0.6012528961442007,0.5818577083403705,0.593620366740476,0.5905255494393932,0.5836896904427314,0.5854068851024314
5,5,0.20393857286151523,0.93908,5000,1.1036691334512498,0.9459783913565426,833,1.085753887415694,0.943,0.7862895875957285,0.0835404941383551,,,0.8141099142484838,,0.8141257968977461,0.1858742031022539,0.969134755329304,0.3924176430956465,5,0.1,0.5,0.5795224020260661,0.5720588844968458,0.5816315987190468,0.5930700250797122,0.5799671020690133,1.0,0.5961255504569758,0.5832809147321094,0.5828336443435868,0.5802647200143987,0.5722803694817513,0.5866124988953508
5,6,0.198857324438134,0.9416,5000,1.0910316970613267,0.9459783913565426,833,1.0853227971080013,0.943,0.8000146183250484,0.0846242486643954,,,0.9699999998561574,,0.9700015059484965,0.029998494051503455,0.9696896443821692,0.3926171806074814,5,0.1,0.5,0.594528080481369,0.5907144060527251,0.5928769215250018,0.5975973063873974,0.6012528961442007,0.5961255504569758,1.0,0.5826024319339274,0.5972553654968877,0.5978790574882076,0.5878523100009772,0.5939762440156725
5,7,0.2089767381975985,0.93496,5000,1.0901094410154555,0.9447779111644657,833,1.0921714917158547,0.943,0.7793173637656988,0.08274719714611342,,,0.7,,0.7,0.30000000000000004,0.9672279209398688,0.39162385022961643,5,0.1,0.5,0.5743462561296113,0.5665167406214514,0.5710770824462483,0.5757260961879686,0.5818577083403705,0.5832809147321094,0.5826024319339274,1.0,0.5749088396372102,0.577590424038886,0.5799832995589396,0.5782128286399396
5,8,0.21863010418868273,0.93384,5000,1.0998832760033783,0.9399759903961584,833,1.0869463737399434,0.9429,0.7867408368544985,0.08345211170624817,,,0.8013967540481713,,0.8014155915867678,0.19858440841323222,0.9689585114746676,0.39236825856347646,5,0.1,0.5,0.587347451503191,0.579242534487847,0.5820181992786696,0.5733705382272722,0.593620366740476,0.5828336443435868,0.5972553654968877,0.5749088396372102,1.0,0.5870358914675734,0.5754703250589256,0.5793329719696793
5,9,0.2095186690770232,0.93636,5000,1.1106299250214189,0.9303721488595438,833,1.0879189027384066,0.9428,0.7879356387982264,0.08335678787001234,,,0.7876851241225751,,0.7877014206114151,0.21229857938858487,0.9686846150005186,0.39230685325336195,5,0.1,0.5,0.5791468932984691,0.5791390268363154,0.5816807378299658,0.5861321644030121,0.5905255494393932,0.5802647200143987,0.5978790574882076,0.577590424038886,0.5870358914675734,1.0,0.5826706952201369,0.5827817109930438
5,10,0.21148984311207844,0.93656,5000,1.0786409863719233,0.9411764705882353,833,1.0890702789964768,0.943,0.7816873331358454,0.08301719322713798,,,0.7388369424748213,,0.7388484513829627,0.26115154861703727,0.968171964855919,0.3919972971964993,5,0.1,0.5,0.583255515992763,0.5662739972918559,0.5737834037703008,0.5807926937864972,0.5836896904427314,0.5722803694817513,0.5878523100009772,0.5799832995589396,0.5754703250589256,0.5826706952201369,1.0,0.5809871897978913
5,11,0.21567514125305187,0.9346,5000,1.0846159987979465,0.9387755102040817,833,1.0874721813506592,0.9428,0.7846501794578385,0.0832664110524994,,,0.7746850863091075,,0.7746950454294463,0.22530495457055366,0.9686399453789877,0.3922387110454195,5,0.1,0.5,0.5776053883848524,0.5684923814723459,0.579585998332338,0.5807181947298453,0.5854068851024314,0.5866124988953508,0.5939762440156725,0.5782128286399396,0.5793329719696793,0.5827817109930438,0.5809871897978913,1.0
6,0,0.1885326590483925,0.94416,5000,0.8809514001563743,0.9496402877697842,834,0.859007751979767,0.9485,0.770414009184106,0.0831832033854883,,,0.7619902838791809,,0.7620049194317554,0.2379950805682446,0.9663001389206437,0.3853085942065767,5,0.1,0.5,1.0,0.5547868902721556,0.5511077209108796,0.5470827451606587,0.5691652378185551,0.5542877722278705,0.5718605521159789,0.552530839190337,0.5618030621241955,0.5557461894057936,0.5619129010873347,0.55303144766339
6,1,0.19883150197743515,0.93968,5000,0.8269204850550051,0.9664268585131894,834,0.8596237202802786,0.9485,0.7663328837955377,0.08289321418958423,,,0.7205047780785239,,0.720531097836454,0.27946890216354603,0.9657123430536333,0.38499005905468886,5,0.1,0.5,0.5547868902721556,1.0,0.5534580302846623,0.5483165512041742,0.5625644746002318,0.5561117604616298,0.5648181121291193,0.5459420626793127,0.5564416424278825,0.5516932935651768,0.548233521357848,0.5543858507315018
6,2,0.20406112337876467,0.9384,5000,0.8749762376149496,0.9436450839328537,834,0.8585040321746192,0.9484,0.7681621419641512,0.08308870924761202,,,0.7484720660960216,,0.7484815019326339,0.25151849806736615,0.9662072164632036,0.3852178066944106,5,0.1,0.5,0.5511077209108796,0.5534580302846623,1.0,0.5464015166798346,0.5543727740840626,0.5554068495531184,0.5685062414851824,0.5559485279697496,0.5617884427379933,0.558611909281598,0.5530279645456769,0.5540693080465127
6,3,0.2014113545749977,0.93932,5000,0.8323190212249756,0.9520383693045563,834,0.8619040694480506,0.9487,0.7627718611613055,0.08274988306724587,,,0.7,,0.7,0.30000000000000004,0.9652972512270542,0.3847749518937789,5,0.1,0.5,0.5470827451606587,0.5483165512041742,0.5464015166798346,1.0,0.5556359699934253,0.5555616736586623,0.5633821230461393,0.5466185349375341,0.5434136807428127,0.556385001997365,0.5472029368306257,0.5539710083215836
6,4,0.18863563472345757,0.94336,5000,0.8497899616206134,0.9423769507803121,833,0.8568570179680285,0.9484,0.7783137309890953,0.08389203569438157,,,0.8633949819770088,,0.8634054515335575,0.13659454846644248,0.9672824847604086,0.38569691272718304,5,0.1,0.5,0.5691652378185551,0.5625644746002318,0.5543727740840626,0.5556359699934253,1.0,0.5565853073620634,0.5737312825988928,0.5617600823813548,0.566345171309617,0.5722473812874163,0.5649702809973266,0.5659015512332729
6,5,0.19072102591852141,0.94128,5000,0.8761985412350407,0.9507803121248499,833,0.8571900986254025,0.9486,0.772164547437402,0.08349589383592886,,,0.8067234038670459,,0.8067416294362733,0.19325837056372674,0.9668879358644089,0.3855367252826712,5,0.1,0.5,0.5542877722278705,0.5561117604616298,0.5554068495531184,0.5555616736586623,0.5565853073620634,1.0,0.5721370999531947,0.5577151693829793,0.5621931159855847,0.560311276286981,0.5528079732954321,0.5645437090476232
6,6,0.18442546552177638,0.94532,5000,0.8618275501109935,0.9519807923169268,833,0.8566448397148912,0.9484,0.7838248711787594,0.08463721892928988,,,0.9699999998569412,,0.9700015059484965,0.029998494051503455,0.9676144225465216,0.38576705437537023,5,0.1,0.5,0.5718605521159789,0.5648181121291193,0.5685062414851824,0.5633821230461393,0.5737312825988928,0.5721370999531947,1.0,0.5649715663534962,0.5674494240494526,0.5699343310052974,0.5640780138571679,0.569317695366316
6,7,0.1927775387290367,0.94148,5000,0.8597434383851511,0.9507803121248499,833,0.8638174215825601,0.9487,0.7679556775844765,0.08281355765637038,,,0.7091092101836552,,0.7091260478891622,0.2908739521108378,0.9652037519290326,0.3848772840553277,5,0.1,0.5,0.552530839190337,0.5459420626793127,0.5559485279697496,0.5466185349375341,0.5617600823813548,0.5577151693829793,0.5649715663534962,1.0,0.5549178465617458,0.5568319472668621,0.5624011732342754,0.5532944298075055
6,8,0.19736190383221694,0.93976,5000,0.8703919604972556,0.9447779111644657,833,0.8583551125404553,0.9484,0.772777875115545,0.08345817229215782,,,0.8013270051562451,,0.8013503338185834,0.19864966618141655,0.9667601693146344,0.3855139276628289,5,0.1,0.5,0.5618030621241955,0.5564416424278825,0.5617884427379933,0.5434136807428127,0.566345171309617,0.5621931159855847,0.5674494240494526,0.5549178465617458,1.0,0.5633388214135486,0.5573779257963808,0.5587160827313558
6,9,0.19521000306463093,0.9424,5000,0.8850610940544693,0.9447779111644657,833,0.8593251939398793,0.9484,0.7739748744784701,0.08343643856323882,,,0.798217804020912,,0.7982280006023794,0.20177199939762058,0.9666742983639288,0.38550012778503995,5,0.1,0.5,0.5557461894057936,0.5516932935651768,0.558611909281598,0.556385001997365,0.5722473812874163,0.560311276286981,0.5699343310052974,0.5568319472668621,0.5633388214135486,1.0,0.5558003443098876,0.5644338359485578
6,10,0.1941107055982041,0.94324,5000,0.8496659850632703,0.9471788715486195,833,0.8605674421444488,0.9485,0.7693282822976786,0.08304366987411146,,,0.7420287874601047,,0.7420511018523166,0.2579488981476834,0.9660230642408784,0.385171942138628,5,0.1,0.5,0.5619129010873347,0.548233521357848,0.5530279645456769,0.5472029368306257,0.5649702809973266,0.5528079732954321,0.5640780138571679,0.5624011732342754,0.5573779257963808,0.5558003443098876,1.0,0.5564421117538585
6,11,0.1989231701987754,0.93764,5000,0.8554660677909851,0.9387755102040817,833,0.858946116206745,0.9484,0.7720626986236082,0.08330800326459092,,,0.7798440045748498,,0.7798504091160082,0.22014959088399177,0.9665015220450834,0.38541152469274387,5,0.1,0.5,0.55303144766339,0.5543858507315018,0.5540693080465127,0.5539710083215836,0.5659015512332729,0.5645437090476232,0.569317695366316,0.5532944298075055,0.5587160827313558,0.5644338359485578,0.5564421117538585,1.0
7,0,0.1796744648058703,0.94572,5000,0.6904190359292207,0.9532374100719424,834,0.6654735897867062,0.9535,0.7561291906444029,0.08332292853031772,,,0.7797411176850386,,0.7797500125495708,0.22024998745042923,0.9638580957691969,0.3764498476223404,5,0.1,0.5,1.0,0.5268188798366806,0.5223672013627335,0.5233797907395825,0.5404521424772386,0.5261657672562526,0.5396385214857192,0.5286578669434867,0.5357267326687198,0.5298247248543841,0.5331981235076583,0.532074151292769
