round,client_id,client_i_training_loss,client_i_training_accuracy,client_i_training_dataset_size,client_i_evaluation_loss,client_i_evaluation_accuracy,client_i_evaluation_dataset_size,client_i_central_evaluation_loss,client_i_central_evaluation_accuracy,client_i_cosine_similarity,client_i_importance_coefficient,client_i_tanh_val,tanh_normalization_value,client_i_q,client_i_mask_order,client_i_v_nonzero_fraction,client_i_v_sparsity,client_i_v_cosine_similarity,client_i_reward_gradient_norm,local_epochs,learning_rate,gamma,client_0_cosine_similarity,client_1_cosine_similarity,client_2_cosine_similarity,client_3_cosine_similarity,client_4_cosine_similarity,client_5_cosine_similarity,client_6_cosine_similarity,client_7_cosine_similarity,client_8_cosine_similarity,client_9_cosine_similarity,client_10_cosine_similarity,client_11_cosine_similarity
0,0,2.287871887467124,0.1320614350851932,4167,2.2982242107391357,0.09592326139088729,834,2.2983287225795697,0.1,0.979542323918232,0.08342638080807015,,,0.8098726754810907,,0.8099140136323877,0.19008598636761231,0,0.1467167974114387,10,0.025,0.15,1.0,0.9561519954029509,0.942180900668548,0.9630007087379978,0.9443260433232761,0.9537680089957753,0.9493178036660614,0.9571740851005561,0.9513024093580679,0.9715717562661318,0.960949780568144,0.9514500136811009
0,1,2.2850257324449945,0.144180465562755,4167,2.3000903129577637,0.07673860911270983,834,2.298316077341007,0.1,0.9839853835702035,0.08380479057906978,,,0.9249468292357621,,0.9249723556303742,0.07502764436962583,0,0.1467648242598472,10,0.025,0.15,0.9561519954029509,1.0,0.9486110793999731,0.9575232051496537,0.9595592290267294,0.9635695093576063,0.954265137373649,0.9692382638540947,0.957385757027873,0.9595217876512043,0.958358486112163,0.9691748044723616
0,2,2.282568656314503,0.1353491720662347,4167,2.301538876124791,0.09592326139088729,834,2.298465402820442,0.1,0.9695085347361582,0.08257181567411738,,,0.55,,0.5500404350481095,0.4499595649518905,0,0.14572634218864028,10,0.025,0.15,0.942180900668548,0.9486110793999731,1.0,0.954790337083212,0.9055521427223815,0.9569000795841094,0.9563275368418956,0.9268922077716092,0.9373267808959481,0.9445571364634933,0.9564441610443708,0.953799537517913
0,3,2.2872814951520977,0.12817374610031199,4167,2.2980378355298723,0.10311750599520383,834,2.2983244159553626,0.1,0.9823471589103182,0.08366526505680538,,,0.8825172128985828,,0.8825650674192537,0.11743493258074633,0,0.14674975816946598,10,0.025,0.15,0.9630007087379978,0.9575232051496537,0.954790337083212,1.0,0.9514433124561792,0.9528051590986021,0.9536840315091759,0.9498699335095988,0.9582074840551997,0.9604640315117745,0.9758223568023865,0.9565167631882429
0,4,2.287877155795242,0.1470602351811855,4167,2.299148287091936,0.10444177671068428,833,2.2984469359434105,0.1,0.9704730474703052,0.08265396200377399,,,0.5749806429266228,,0.5750111402683566,0.42498885973164335,0,0.14588760177800983,10,0.025,0.15,0.9443260433232761,0.9595592290267294,0.9055521427223815,0.9514433124561792,1.0,0.9335501082138813,0.9406294645848147,0.9609502910526772,0.9602026685408686,0.9545824896539671,0.9445288891147975,0.9393826588759867
0,5,2.2846082831874037,0.12431005519558436,4167,2.297101770128523,0.1056422569027611,833,2.2983346528644804,0.1,0.9780721499017028,0.08330116794655082,,,0.7717955295329979,,0.7718307999537886,0.22816920004621144,0,0.14665166489925144,10,0.025,0.15,0.9537680089957753,0.9635695093576063,0.9569000795841094,0.9528051590986021,0.9335501082138813,1.0,0.9340044844405629,0.9475325349888517,0.9609337145660206,0.9634108542150359,0.9537607452824246,0.9636993626455476
0,6,2.2900903383890787,0.13861291096712264,4167,2.3011055333273753,0.10684273709483794,833,2.2983826474298406,0.1,0.9740139509938802,0.08295553627836048,,,0.6666891745286062,,0.6667491871730125,0.33325081282698754,0,0.14637148844695086,10,0.025,0.15,0.9493178036660614,0.954265137373649,0.9563275368418956,0.9536840315091759,0.9406294645848147,0.9340044844405629,1.0,0.9373285274272052,0.9485272858472814,0.9519420081506655,0.9570130088931261,0.9532427205895577
0,7,2.284802366748001,0.132421406287497,4167,2.2982477801186696,0.08403361344537816,833,2.298339493667023,0.1,0.9771239270450588,0.08322040900515779,,,0.747236790432851,,0.7472644452146359,0.25273555478536414,0,0.1466211594219228,10,0.025,0.15,0.9571740851005561,0.9692382638540947,0.9268922077716092,0.9498699335095988,0.9609502910526772,0.9475325349888517,0.9373285274272052,1.0,0.9579639161412812,0.9665194310306335,0.9530443312727451,0.9462841565586632
0,8,2.2827456365932117,0.13910225636101775,4166,2.2954983030046736,0.11404561824729892,833,2.2983305182638047,0.1,0.9791542361672342,0.08339332786516904,,,0.7998212980459917,,0.7998465118581968,0.20015348814180323,0,0.14667383022956504,10,0.025,0.15,0.9513024093580679,0.957385757027873,0.9373267808959481,0.9582074840551997,0.9602026685408686,0.9609337145660206,0.9485272858472814,0.9579639161412812,1.0,0.9691475426054722,0.9501365915651476,0.9455101147759009
0,9,2.2866587487134065,0.12349975996159386,4166,2.296150411878313,0.11404561824729892,833,2.2983161135564876,0.1,0.9849526966217748,0.08388717540821958,,,0.9499999996959007,,0.9500173293063326,0.04998267069366735,0,0.14676690590242109,10,0.025,0.15,0.9715717562661318,0.9595217876512043,0.9445571364634933,0.9604640315117745,0.9545824896539671,0.9634108542150359,0.9519420081506655,0.9665194310306335,0.9691475426054722,1.0,0.9580238874783021,0.9649864722470967
0,10,2.290174202485518,0.11913106096975516,4166,2.298792668751308,0.09843937575030012,833,2.2983244461349295,0.1,0.9821358424962918,0.08364726750509467,,,0.8770441696753729,,0.8770939578485254,0.1229060421514746,0,0.14674850842444234,10,0.025,0.15,0.960949780568144,0.958358486112163,0.9564441610443708,0.9758223568023865,0.9445288891147975,0.9537607452824246,0.9570130088931261,0.9530443312727451,0.9501365915651476,0.9580238874783021,1.0,0.9635691103828551
0,11,2.2871685006401754,0.12395583293326932,4166,2.297164167676653,0.10084033613445378,833,2.2983279952520057,0.1,0.9800885462077688,0.08347290186961087,,,0.8240196986259372,,0.824066280470697,0.17593371952930303,0,0.14672777409542193,10,0.025,0.15,0.9514500136811009,0.9691748044723616,0.953799537517913,0.9565167631882429,0.9393826588759867,0.9636993626455476,0.9532427205895577,0.9462841565586632,0.9455101147759009,0.9649864722470967,0.9635691103828551,1.0
1,0,2.159728492751266,0.20587952963762898,4167,2.2865144525255476,0.09592326139088729,834,2.2864658711831782,0.1,0.9866227237109303,0.08332943383427638,,,0.95,,0.9500173293063326,0.04998267069366735,0.8827809555224158,0.1482766939176761,10,0.025,0.15,1.0,0.9736419826035995,0.9714033453063281,0.9731095832831164,0.9668207036175278,0.9741545698655893,0.9716090621553888,0.972409311097685,0.9711309270823012,0.9789433723559852,0.9755256337450189,0.9746057577529214
1,1,2.14966776118134,0.20909527237820974,4167,2.2869624069758823,0.07673860911270983,834,2.2864496164684054,0.1,0.9893563341594533,0.08365097338971925,,,0.95,,0.9500173293063326,0.04998267069366735,0.8829089268345749,0.1482766939176761,10,0.025,0.15,0.9736419826035995,1.0,0.9698273753778972,0.9779457975492813,0.9781348112130284,0.9748749256645927,0.9722469020742046,0.9809443283493928,0.976622039845224,0.9767042526110679,0.9761277101293017,0.9786662164878568
1,2,2.1431273594047084,0.2113270938324934,4167,2.289675678525652,0.09592326139088729,834,2.2866614800465257,0.1,0.9860261892081374,0.08278399931188703,,,0.95,,0.9500173293063326,0.04998267069366735,0.8789338608438013,0.1482766939176761,10,0.025,0.15,0.9714033453063281,0.9698273753778972,1.0,0.9728481616734989,0.9680473472729524,0.9778236067194019,0.9760418463338972,0.968321899865513,0.9741791750987412,0.9744621929119534,0.9760646171817806,0.9676375480894001
1,3,2.1544133789611584,0.19800815934725222,4167,2.2870982715061734,0.10311750599520383,834,2.286458000352111,0.1,0.9897307204161377,0.08357720665543765,,,0.95,,0.9500173293063326,0.04998267069366735,0.8830754024615509,0.1482766939176761,10,0.025,0.15,0.9731095832831164,0.9779457975492813,0.9728481616734989,1.0,0.977601465700351,0.9737671276078765,0.9777500288550356,0.9768522757095213,0.9793946341532853,0.9792043499598336,0.9793685269361339,0.9723948695974303
1,4,2.160140296907136,0.21106311495080393,4167,2.288266216005598,0.10444177671068428,833,2.2866285631928265,0.1,0.9871514636706776,0.08287103331053136,,,0.95,,0.9500173293063326,0.04998267069366735,0.880160110702257,0.1482766939176761,10,0.025,0.15,0.9668207036175278,0.9781348112130284,0.9680473472729524,0.977601465700351,1.0,0.9692852647268846,0.9752403659825755,0.9775244867800639,0.9799705846341448,0.9749704235330001,0.9756837002343476,0.9666349803210247
1,5,2.1543437285856766,0.20767938564914806,4167,2.2854304994855608,0.1056422569027611,833,2.2864775778372075,0.1,0.9866447219842062,0.08325306042881245,,,0.95,,0.9500173293063326,0.04998267069366735,0.8831735560696315,0.1482766939176761,10,0.025,0.15,0.9741545698655893,0.9748749256645927,0.9778236067194019,0.9737671276078765,0.9692852647268846,1.0,0.9700305605695283,0.9707998009537633,0.9737700130707614,0.9746073389341701,0.9735335723788655,0.971107357197304
1,6,2.1662604469241518,0.2036957043436525,4167,2.289102724620274,0.10684273709483794,833,2.2865342882615103,0.1,0.9890669613971104,0.083118761141683,,,0.95,,0.9500173293063326,0.04998267069366735,0.8824991597649948,0.1482766939176761,10,0.025,0.15,0.9716090621553888,0.9722469020742046,0.9760418463338972,0.9777500288550356,0.9752403659825755,0.9700305605695283,1.0,0.9758520461304009,0.9797837750040927,0.9791760793219558,0.9825775378771874,0.9722735533537028
1,7,2.1519883961388557,0.2011999040076794,4167,2.285830497741699,0.08403361344537816,833,2.2864848692205886,0.1,0.9888792466566844,0.08327574534226799,,,0.95,,0.9500173293063326,0.04998267069366735,0.8831555864289492,0.1482766939176761,10,0.025,0.15,0.972409311097685,0.9809443283493928,0.968321899865513,0.9768522757095213,0.9775244867800639,0.9707998009537633,0.9758520461304009,1.0,0.9754170038177941,0.9792310977124705,0.9780120260849339,0.9748315606195869
1,8,2.1490808656721403,0.2056649063850216,4166,2.2843946388789584,0.11404561824729892,833,2.2864708266680753,0.1,0.9898527741857661,0.0834137457213311,,,0.95,,0.9500173293063326,0.04998267069366735,0.8831948155408224,0.1482766939176761,10,0.025,0.15,0.9711309270823012,0.976622039845224,0.9741791750987412,0.9793946341532853,0.9799705846341448,0.9737700130707614,0.9797837750040927,0.9754170038177941,1.0,0.9786836381547883,0.9792229770551804,0.9736275142041793
1,9,2.156943415511738,0.1956553048487758,4166,2.2835531575339183,0.11404561824729892,833,2.286449580252925,0.1,0.9910717120768361,0.08375727485023406,,,0.95,,0.9500173293063326,0.04998267069366735,0.8829148474443514,0.1482766939176761,10,0.025,0.15,0.9789433723559852,0.9767042526110679,0.9744621929119534,0.9792043499598336,0.9749704235330001,0.9746073389341701,0.9791760793219558,0.9792310977124705,0.9786836381547883,1.0,0.978913846317504,0.9811832853456666
1,10,2.1647546208266055,0.19399903984637543,4166,2.2869673456464494,0.09843937575030012,833,2.286458199537253,0.1,0.9906313069762134,0.08359530757871562,,,0.95,,0.9500173293063326,0.04998267069366735,0.8830779457764177,0.1482766939176761,10,0.025,0.15,0.9755256337450189,0.9761277101293017,0.9760646171817806,0.9793685269361339,0.9756837002343476,0.9735335723788655,0.9825775378771874,0.9780120260849339,0.9792229770551804,0.978913846317504,1.0,0.9759349007238864
1,11,2.1496361656622454,0.20477676428228517,4166,2.2852043764931813,0.10084033613445378,833,2.2864646338209322,0.1,0.987097516569165,0.08337345843510409,,,0.95,,0.9500173293063326,0.04998267069366735,0.8827940697891603,0.1482766939176761,10,0.025,0.15,0.9746057577529214,0.9786662164878568,0.9676375480894001,0.9723948695974303,0.9666349803210247,0.971107357197304,0.9722735533537028,0.9748315606195869,0.9736275142041793,0.9811832853456666,0.9759349007238864,1.0
2,0,2.0739335298538206,0.24780417566594673,4167,2.2686451843806674,0.12949640287769784,834,2.268256175367138,0.1327,0.9822841886347028,0.08327446502731722,,,0.95,,0.9500173293063326,0.04998267069366735,0.9709088318040029,0.14760304592489246,10,0.025,0.15,1.0,0.964953789937869,0.963232117181645,0.9650178778044216,0.9562063714064936,0.9631958881842402,0.965688604150046,0.9612703020159695,0.9616219886413953,0.9667414317981885,0.9669130803979017,0.9642249639527267
2,1,2.065901119781263,0.2500119990400768,4167,2.266786439078195,0.11031175059952038,834,2.268236036542096,0.1312,0.9843270887761312,0.08353907410112128,,,0.95,,0.9500173293063326,0.04998267069366735,0.9709088318040029,0.14760304592489246,10,0.025,0.15,0.964953789937869,1.0,0.9593556971867144,0.9656465797314103,0.9651796987614973,0.9657827663392454,0.9633764984287988,0.9717986278997498,0.9665859938708948,0.9658826091291137,0.9652246491590922,0.9692961693836787
2,2,2.0543479186115845,0.2539716822654188,4167,2.271834237234933,0.12829736211031176,834,2.2685243721249737,0.1361,0.9812216561272735,0.08290359762839429,,,0.95,,0.9500173293063326,0.04998267069366735,0.9709088318040029,0.14760304592489246,10,0.025,0.15,0.963232117181645,0.9593556971867144,1.0,0.9621603696942381,0.9587963942140671,0.968908137395287,0.9668041074696121,0.9601079663754797,0.9625294491530434,0.9649010084909606,0.9648502747202358,0.9551857750115124
2,3,2.065961491700375,0.23976481881449485,4167,2.2702630247388567,0.12949640287769784,834,2.2682435120208355,0.1328,0.9855871501930865,0.08353448096860791,,,0.95,,0.9500173293063326,0.04998267069366735,0.9709088318040029,0.14760304592489246,10,0.025,0.15,0.9650178778044216,0.9656465797314103,0.9621603696942381,1.0,0.966323980507236,0.9645161552556698,0.9692690619100905,0.9668924032197116,0.9702648789134397,0.9724986072537128,0.970978296526357,0.9644069644837775
2,4,2.0756684946291375,0.2505879529637629,4167,2.271444865635463,0.1452581032412965,833,2.2684734863570974,0.1361,0.9823184140574525,0.08299287244282107,,,0.95,,0.9500173293063326,0.04998267069366735,0.9709088318040029,0.14760304592489246,10,0.025,0.15,0.9562063714064936,0.9651796987614973,0.9587963942140671,0.966323980507236,1.0,0.9590699227856478,0.9668698271821053,0.9687673190756297,0.969760465556888,0.9637738773923098,0.9681966634517651,0.9567440747003415
2,5,2.0653867078549935,0.25305975521958246,4167,2.2674455983298167,0.13805522208883553,833,2.2682752488534663,0.1326,0.9827815537437304,0.0832435081076986,,,0.95,,0.9500173293063326,0.04998267069366735,0.9709088318040029,0.14760304592489246,10,0.025,0.15,0.9631958881842402,0.9657827663392454,0.968908137395287,0.9645161552556698,0.9590699227856478,1.0,0.9636213242035739,0.9634765433789307,0.9629607701356292,0.9665277913652939,0.9665280503582324,0.9604364883576346
2,6,2.08266381928415,0.2369330453563715,4167,2.2708334582192555,0.1332533013205282,833,2.268347356892839,0.1341,0.9855571164574443,0.08325077486272976,,,0.95,,0.9500173293063326,0.04998267069366735,0.9709088318040029,0.14760304592489246,10,0.025,0.15,0.965688604150046,0.9633764984287988,0.9668041074696121,0.9692690619100905,0.9668698271821053,0.9636213242035739,1.0,0.9672449907101026,0.9690985006656155,0.9691552518207818,0.9740038544488822,0.9627087170531976
2,7,2.0673667629559835,0.24125269978401728,4167,2.266741786684309,0.12605042016806722,833,2.2682857211632066,0.1325,0.9846043284789678,0.08331666336800354,,,0.95,,0.9500173293063326,0.04998267069366735,0.9709088318040029,0.14760304592489246,10,0.025,0.15,0.9612703020159695,0.9717986278997498,0.9601079663754797,0.9668924032197116,0.9687673190756297,0.9634765433789307,0.9672449907101026,1.0,0.9637085315223736,0.9687139968682241,0.9681441705038131,0.9663683407270305
2,8,2.067767352768869,0.2444311089774364,4166,2.267023427145822,0.14405762304921968,833,2.2682658780979206,0.1326,0.9847306309830102,0.08340587020726725,,,0.95,,0.9500173293063326,0.04998267069366735,0.9709088318040029,0.14760304592489246,10,0.025,0.15,0.9616219886413953,0.9665859938708948,0.9625294491530434,0.9702648789134397,0.969760465556888,0.9629607701356292,0.9690985006656155,0.9637085315223736,1.0,0.9668744719480608,0.9693725360761192,0.9651887566285631
2,9,2.071259206714052,0.24080652904464714,4166,2.2642319543021068,0.14405762304921968,833,2.2682358886622174,0.1312,0.9859507933018793,0.08365733554619541,,,0.95,,0.9500173293063326,0.04998267069366735,0.9709088318040029,0.14760304592489246,10,0.025,0.15,0.9667414317981885,0.9658826091291137,0.9649010084909606,0.9724986072537128,0.9637738773923098,0.9665277913652939,0.9691552518207818,0.9687139968682241,0.9668744719480608,1.0,0.9688717496100528,0.9682830054128844
2,10,2.0808006275783884,0.23807009121459433,4166,2.2688217844281877,0.14165666266506602,833,2.268243804762635,0.1328,0.9865855113072278,0.08357804972509801,,,0.95,,0.9500173293063326,0.04998267069366735,0.9709088318040029,0.14760304592489246,10,0.025,0.15,0.9669130803979017,0.9652246491590922,0.9648502747202358,0.970978296526357,0.9681966634517651,0.9665280503582324,0.9740038544488822,0.9681441705038131,0.9693725360761192,0.9688717496100528,1.0,0.9667375300385909
2,11,2.0578445387609077,0.2512001920307249,4166,2.2668233598981584,0.12605042016806722,833,2.2682532660568815,0.1327,0.9823363241888878,0.0833033080147455,,,0.95,,0.9500173293063326,0.04998267069366735,0.9709088318040029,0.14760304592489246,10,0.025,0.15,0.9642249639527267,0.9692961693836787,0.9551857750115124,0.9644069644837775,0.9567440747003415,0.9604364883576346,0.9627087170531976,0.9663683407270305,0.9651887566285631,0.9682830054128844,0.9667375300385909,1.0
3,0,2.0142831444740295,0.2744900407967363,4167,2.2447806426456998,0.20503597122302158,834,2.2437417537351196,0.2045,0.9788431994626506,0.08326021299169523,,,0.95,,0.9500173293063326,0.04998267069366735,0.9850955960860436,0.1469954842021633,10,0.025,0.15,1.0,0.9586794595252466,0.9543373812249168,0.9547233082180756,0.9521422285169365,0.9560102661913946,0.9547138283800393,0.9560551823124855,0.950946183123009,0.958294139781329,0.9614455294417411,0.9535615070990721
3,1,2.006800451784423,0.2743940484761219,4167,2.2399403708321706,0.2182254196642686,834,2.243717163423949,0.204,0.9813590747607851,0.08350545111345942,,,0.95,,0.9500173293063326,0.04998267069366735,0.9850955960860436,0.1469954842021633,10,0.025,0.15,0.9586794595252466,1.0,0.9518516308728928,0.957694938501339,0.9594482697853663,0.9559356184726271,0.9539607041102295,0.9643863200184896,0.9577671253398521,0.9590581356283397,0.9591967441488379,0.9623964408686424
3,2,1.9950890746983614,0.2810895128389729,4167,2.2477759974343434,0.1882494004796163,834,2.244099810153623,0.2078,0.9771122784304271,0.08297485892406906,,,0.95,,0.9500173293063326,0.04998267069366735,0.9850955960860436,0.1469954842021633,10,0.025,0.15,0.9543373812249168,0.9518516308728928,1.0,0.9526983906225219,0.9532024463112516,0.9604741264978984,0.9550519414400995,0.9516842597748751,0.9516829341825281,0.9586421677740482,0.9544888693349879,0.9466892273283919
3,3,2.0047684160145844,0.2678425725941925,4167,2.247800282069615,0.20503597122302158,834,2.243723383432702,0.2046,0.9807667170058845,0.08348335637343271,,,0.95,,0.9500173293063326,0.04998267069366735,0.9850955960860436,0.1469954842021633,10,0.025,0.15,0.9547233082180756,0.957694938501339,0.9526983906225219,1.0,0.9584277449091858,0.9550286117685399,0.957796512093561,0.9553449124604992,0.9615690666547471,0.9629105065472182,0.9631627061657093,0.9540205248408231
3,4,2.016633695183378,0.27523398128149745,4167,2.248648166656494,0.21608643457382953,833,2.244026887265942,0.2078,0.9804837537965764,0.08313961017629916,,,0.95,,0.9500173293063326,0.04998267069366735,0.9850955960860436,0.1469954842021633,10,0.025,0.15,0.9521422285169365,0.9594482697853663,0.9532024463112516,0.9584277449091858,1.0,0.9532988635265226,0.9582360919115389,0.9592986934271277,0.9641858646752024,0.9603854384822207,0.9625147588539171,0.9491829482957991
3,5,2.0077103210218024,0.2811375089992801,4167,2.243145159312657,0.20528211284513806,833,2.2437687101243418,0.2046,0.97899255241795,0.0832459466395349,,,0.95,,0.9500173293063326,0.04998267069366735,0.9850955960860436,0.1469954842021633,10,0.025,0.15,0.9560102661913946,0.9559356184726271,0.9604741264978984,0.9550286117685399,0.9532988635265226,1.0,0.9524431302362968,0.9559165199716931,0.9532558024079042,0.9578150469356475,0.959931123390114,0.9526166831620132
3,6,2.026034199107777,0.2654427645788337,4167,2.246145589011056,0.20408163265306123,833,2.2438598856141296,0.2059,0.9790650583273027,0.08325279242634559,,,0.95,,0.9500173293063326,0.04998267069366735,0.9850955960860436,0.1469954842021633,10,0.025,0.15,0.9547138283800393,0.9539607041102295,0.9550519414400995,0.957796512093561,0.9582360919115389,0.9524431302362968,1.0,0.9555512429340124,0.9568275044715586,0.9583968846264364,0.9639700695463819,0.9465963997148257
3,7,2.007533920172489,0.26988240940724745,4167,2.241122143609183,0.18847539015606243,833,2.243782933754257,0.2046,0.9804981424739903,0.08334008088951507,,,0.95,,0.9500173293063326,0.04998267069366735,0.9850955960860436,0.1469954842021633,10,0.025,0.15,0.9560551823124855,0.9643863200184896,0.9516842597748751,0.9553449124604992,0.9592986934271277,0.9559165199716931,0.9555512429340124,1.0,0.9524173190632167,0.9614634308413266,0.9609674174330426,0.9572529658150271
3,8,2.013943399082531,0.27018722995679306,4166,2.2434239046914235,0.2028811524609844,833,2.243756258035008,0.2046,0.9793988342973153,0.08335944460353481,,,0.95,,0.9500173293063326,0.04998267069366735,0.9850955960860436,0.1469954842021633,10,0.025,0.15,0.950946183123009,0.9577671253398521,0.9516829341825281,0.9615690666547471,0.9641858646752024,0.9532558024079042,0.9568275044715586,0.9524173190632167,1.0,0.9541803071835162,0.9612468743167036,0.9533229273940192
3,9,2.010972522244309,0.26809889582333174,4166,2.238213539123535,0.23529411764705882,833,2.2437167167663574,0.2039,0.9821673174946113,0.0836047762547482,,,0.95,,0.9500173293063326,0.04998267069366735,0.9850955960860436,0.1469954842021633,10,0.025,0.15,0.958294139781329,0.9590581356283397,0.9586421677740482,0.9629105065472182,0.9603854384822207,0.9578150469356475,0.9583968846264364,0.9614634308413266,0.9541803071835162,1.0,0.9603066248352988,0.9583995611298389
3,10,2.0264277627973843,0.2635141622659626,4166,2.2443006379263744,0.19807923169267708,833,2.2437238783776006,0.2046,0.9836131607274274,0.08360280655429696,,,0.95,,0.9500173293063326,0.04998267069366735,0.9850955960860436,0.1469954842021633,10,0.025,0.15,0.9614455294417411,0.9591967441488379,0.9544888693349879,0.9631627061657093,0.9625147588539171,0.959931123390114,0.9639700695463819,0.9609674174330426,0.9612468743167036,0.9603066248352988,1.0,0.959652576264141
3,11,1.9953468160195784,0.28055688910225635,4166,2.2423064708709717,0.19207683073229292,833,2.2437365900112103,0.2045,0.9773862358584421,0.08323066305306888,,,0.95,,0.9500173293063326,0.04998267069366735,0.9850955960860436,0.1469954842021633,10,0.025,0.15,0.9535615070990721,0.9623964408686424,0.9466892273283919,0.9540205248408231,0.9491829482957991,0.9526166831620132,0.9465963997148257,0.9572529658150271,0.9533229273940192,0.9583995611298389,0.959652576264141,1.0
4,0,1.9655666506651677,0.2984401247900168,4167,2.215111494064331,0.23621103117505995,834,2.2132480838630775,0.2483,0.9771189439516423,0.08329796909548025,,,0.95,,0.9500173293063326,0.04998267069366735,0.988877306537564,0.14652144852141977,10,0.025,0.15,1.0,0.9528068078878256,0.9491956929093874,0.9497771078065457,0.9463547791471498,0.9484565880653161,0.9502335258001723,0.9496855376038937,0.9496496523756008,0.9509891223598127,0.9547960451333455,0.9516785552515477
4,1,1.9596063422434258,0.2916006719462443,4167,2.206573588507516,0.26258992805755393,834,2.2132188609883756,0.2487,0.9775908247870229,0.0834649972729996,,,0.95,,0.9500173293063326,0.04998267069366735,0.988877306537564,0.14652144852141977,10,0.025,0.15,0.9528068078878256,1.0,0.9451332607631565,0.9498332816135989,0.9524868136722849,0.9487432302523007,0.9472756319623182,0.9534116588211442,0.9518432759334565,0.9492153813106091,0.9501702696885808,0.9581180252817415
4,2,1.947696655446833,0.2984161267098632,4167,2.2177750723702565,0.2182254196642686,834,2.213701721988147,0.2496,0.9736695392058106,0.08300921212294932,,,0.95,,0.9500173293063326,0.04998267069366735,0.988877306537564,0.14652144852141977,10,0.025,0.15,0.9491956929093874,0.9451332607631565,1.0,0.9440593598216056,0.9465731974740165,0.9522523125581609,0.9473617576189481,0.9456117374124358,0.9450747217819867,0.9521940713904367,0.9458224236693581,0.940126015208273
4,3,1.9572049205953426,0.28725701943844495,4167,2.2197748252323697,0.24700239808153476,834,2.2132238194912293,0.2484,0.9773100449000015,0.08344219326738186,,,0.95,,0.9500173293063326,0.04998267069366735,0.988877306537564,0.14652144852141977,10,0.025,0.15,0.9497771078065457,0.9498332816135989,0.9440593598216056,1.0,0.9496309682271389,0.9506038112702194,0.949865313928153,0.9485074721521218,0.9535129408994376,0.9537427630045575,0.9555539487284433,0.9506217408079457
4,4,1.9706059365561515,0.2894888408927286,4167,2.220329659325736,0.24969987995198079,833,2.213604579997968,0.2497,0.976592253131079,0.08320623798188799,,,0.95,,0.9500173293063326,0.04998267069366735,0.988877306537564,0.14652144852141977,10,0.025,0.15,0.9463547791471498,0.9524868136722849,0.9465731974740165,0.9496309682271389,1.0,0.9462713786182028,0.9508688849507646,0.9512857516264599,0.9552757538965609,0.9503884098428781,0.954441420108538,0.9439295439220713
4,5,1.9563736991448837,0.30079193664506837,4167,2.212994473321097,0.25210084033613445,833,2.2132828084728384,0.2488,0.9755219518800822,0.08323716363588504,,,0.95,,0.9500173293063326,0.04998267069366735,0.988877306537564,0.14652144852141977,10,0.025,0.15,0.9484565880653161,0.9487432302523007,0.9522523125581609,0.9506038112702194,0.9462713786182028,1.0,0.9450329699314669,0.9490893322907066,0.9473097131250781,0.9477751024888889,0.9530405546484969,0.9463627995219909
4,6,1.9829747333671108,0.28341732661387087,4167,2.2155088015965054,0.25210084033613445,833,2.2133937063096445,0.2496,0.9762249376308335,0.08326427975151639,,,0.95,,0.9500173293063326,0.04998267069366735,0.988877306537564,0.14652144852141977,10,0.025,0.15,0.9502335258001723,0.9472756319623182,0.9473617576189481,0.949865313928153,0.9508688849507646,0.9450329699314669,1.0,0.9511388765276342,0.9487757253874664,0.9500024823578184,0.9569262696915729,0.9456663763877
4,7,1.9609158331697638,0.2862491000719942,4167,2.2093991211482455,0.24729891956782712,833,2.2133007200458383,0.2486,0.9770910036520115,0.08334645421297569,,,0.95,,0.9500173293063326,0.04998267069366735,0.988877306537564,0.14652144852141977,10,0.025,0.15,0.9496855376038937,0.9534116588211442,0.9456117374124358,0.9485074721521218,0.9512857516264599,0.9490893322907066,0.9511388765276342,1.0,0.9464335551330929,0.9522327898586181,0.9531276354686794,0.9527255976049144
4,8,1.9693181810957012,0.2901584253480557,4166,2.2139222962515697,0.24369747899159663,833,2.2132673927500277,0.2489,0.9769257595240479,0.08335305104266852,,,0.95,,0.9500173293063326,0.04998267069366735,0.988877306537564,0.14652144852141977,10,0.025,0.15,0.9496496523756008,0.9518432759334565,0.9450747217819867,0.9535129408994376,0.9552757538965609,0.9473097131250781,0.9487757253874664,0.9464335551330929,1.0,0.9468387147028033,0.953427139362543,0.9531735090174147
4,9,1.9696496432477777,0.28698991838694193,4166,2.2057722977229526,0.2725090036014406,833,2.213218037086197,0.2487,0.9772015720096136,0.08351375500310079,,,0.95,,0.9500173293063326,0.04998267069366735,0.988877306537564,0.14652144852141977,10,0.025,0.15,0.9509891223598127,0.9492153813106091,0.9521940713904367,0.9537427630045575,0.9503884098428781,0.9477751024888889,0.9500024823578184,0.9522327898586181,0.9468387147028033,1.0,0.9506249201675907,0.9504197899296699
4,10,1.9799805944616145,0.2819491118578973,4166,2.2137973308563232,0.25570228091236497,833,2.2132244774057894,0.2484,0.9797758229924024,0.0835963291760186,,,0.95,,0.9500173293063326,0.04998267069366735,0.988877306537564,0.14652144852141977,10,0.025,0.15,0.9547960451333455,0.9501702696885808,0.9458224236693581,0.9555539487284433,0.954441420108538,0.9530405546484969,0.9569262696915729,0.9531276354686794,0.953427139362543,0.9506249201675907,1.0,0.9566668918154241
4,11,1.9468189459858518,0.29863178108497357,4166,2.2119500637054443,0.2424969987995198,833,2.2132405691509005,0.2482,0.9767706695379277,0.0832683574371358,,,0.95,,0.9500173293063326,0.04998267069366735,0.988877306537564,0.14652144852141977,10,0.025,0.15,0.9516785552515477,0.9581180252817415,0.940126015208273,0.9506217408079457,0.9439295439220713,0.9463627995219909,0.9456663763877,0.9527255976049144,0.9531735090174147,0.9504197899296699,0.9566668918154241,1.0
5,0,1.9267192432374665,0.3107751379889609,4167,2.1809620516640797,0.23741007194244604,834,2.1778146798097633,0.2757,0.974196386160283,0.08332584556636208,,,0.95,,0.9500173293063326,0.04998267069366735,0.9902414678733824,0.1460620174373537,10,0.025,0.15,1.0,0.9474137673168435,0.9426047893155053,0.943528462977647,0.9392262531516439,0.9417219656760538,0.9420604891299288,0.9428904780535022,0.944089571940552,0.9455098597490005,0.9492854009644949,0.9452155477381381
5,1,1.921852820931059,0.3036237101031917,4167,2.167896202632359,0.2973621103117506,834,2.1777804380730736,0.2756,0.973948074712647,0.08342117615421825,,,0.95,,0.9500173293063326,0.04998267069366735,0.9902414678733824,0.1460620174373537,10,0.025,0.15,0.9474137673168435,1.0,0.9371019837889168,0.941136415370336,0.9434492934968516,0.9398119891880535,0.9400899989597756,0.9478185774985763,0.9461844973647036,0.9419074503422394,0.9439490974109404,0.9516893198820435
5,2,1.9078318299669208,0.31432685385169185,4167,2.1827785968780518,0.24700239808153476,834,2.178368010098421,0.2773,0.9711540139820675,0.083047900624078,,,0.95,,0.9500173293063326,0.04998267069366735,0.9902414678733824,0.1460620174373537,10,0.025,0.15,0.9426047893155053,0.9371019837889168,1.0,0.9376499813318776,0.9378158699208317,0.9465024851430149,0.9409353515673983,0.9391869352216061,0.9414825901405004,0.9475325603795424,0.9421666794746419,0.9352538000982037
5,3,1.916249733621424,0.301103911687065,4167,2.1871622630528043,0.2697841726618705,834,2.17778399624402,0.2758,0.9735397044288119,0.08339374760610328,,,0.95,,0.9500173293063326,0.04998267069366735,0.9902414678733824,0.1460620174373537,10,0.025,0.15,0.943528462977647,0.941136415370336,0.9376499813318776,1.0,0.9394226246497376,0.9430870756119928,0.9414190196401154,0.9388157663859229,0.9488412153965743,0.9481733716466285,0.9483852752291781,0.945304913662774
5,4,1.9328762744412278,0.3041276697864171,4167,2.1870460169655934,0.28211284513805523,833,2.1782457164571256,0.277,0.9722224721122467,0.08320471801020947,,,0.95,,0.9500173293063326,0.04998267069366735,0.9902414678733824,0.1460620174373537,10,0.025,0.15,0.9392262531516439,0.9434492934968516,0.9378158699208317,0.9394226246497376,1.0,0.9373890230974774,0.9437008021564889,0.9413847828578119,0.9469382596935663,0.9481549559916277,0.9463558800395251,0.9366961982086105
5,5,1.9194807775092848,0.3125989920806336,4167,2.1781927858080183,0.27611044417767105,833,2.177856354773799,0.2756,0.9720958606455239,0.0832197408290785,,,0.95,,0.9500173293063326,0.04998267069366735,0.9902414678733824,0.1460620174373537,10,0.025,0.15,0.9417219656760538,0.9398119891880535,0.9465024851430149,0.9430870756119928,0.9373890230974774,1.0,0.9387609760857807,0.9415327427559768,0.9421178103355893,0.9426058275061817,0.9467786701505426,0.9387677971060784
5,6,1.9439519105535565,0.2994960403167747,4167,2.179803030831473,0.2809123649459784,833,2.1779879195780696,0.2769,0.9728834113865253,0.08326219658217889,,,0.95,,0.9500173293063326,0.04998267069366735,0.9902414678733824,0.1460620174373537,10,0.025,0.15,0.9420604891299288,0.9400899989597756,0.9409353515673983,0.9414190196401154,0.9437008021564889,0.9387609760857807,1.0,0.9431064375311252,0.9436358670677136,0.9451374604117853,0.9509643695945007,0.9384185460136294
5,7,1.9208764311039086,0.3032637389008879,4167,2.172738109316145,0.2785114045618247,833,2.177877604206906,0.2757,0.9731068484592083,0.08332036014383175,,,0.95,,0.9500173293063326,0.04998267069366735,0.9902414678733824,0.1460620174373537,10,0.025,0.15,0.9428904780535022,0.9478185774985763,0.9391869352216061,0.9388157663859229,0.9413847828578119,0.9415327427559768,0.9431064375311252,1.0,0.9392542568249791,0.9467725503991239,0.9451218818056009,0.944905082227884
5,8,1.9318577181209218,0.3045127220355257,4166,2.1794834477560863,0.2857142857142857,833,2.177837718891192,0.2758,0.9750455754696626,0.08338762634431013,,,0.95,,0.9500173293063326,0.04998267069366735,0.9902414678733824,0.1460620174373537,10,0.025,0.15,0.944089571940552,0.9461844973647036,0.9414825901405004,0.9488412153965743,0.9469382596935663,0.9421178103355893,0.9436358670677136,0.9392542568249791,1.0,0.9446441834119352,0.9489360169594373,0.9473175591645094
5,9,1.929015215960416,0.30026404224675945,4166,2.168414967400687,0.3133253301320528,833,2.17777910715417,0.2756,0.975732539498789,0.08350952085604808,,,0.95,,0.9500173293063326,0.04998267069366735,0.9902414678733824,0.1460620174373537,10,0.025,0.15,0.9455098597490005,0.9419074503422394,0.9475325603795424,0.9481733716466285,0.9481549559916277,0.9426058275061817,0.9451374604117853,0.9467725503991239,0.9446441834119352,1.0,0.9448134831141448,0.9461569546083723
5,10,1.9400563117229577,0.2954392702832453,4166,2.178291286740984,0.2809123649459784,833,2.1777849589722065,0.2758,0.9771525379128664,0.08360692684455548,,,0.95,,0.9500173293063326,0.04998267069366735,0.9902414678733824,0.1460620174373537,10,0.025,0.15,0.9492854009644949,0.9439490974109404,0.9421666794746419,0.9483852752291781,0.9463558800395251,0.9467786701505426,0.9509643695945007,0.9451218818056009,0.9489360169594373,0.9448134831141448,1.0,0.9511773020743601
5,11,1.9041763746377194,0.31459433509361495,4166,2.176668337413243,0.2665066026410564,833,2.177804971043068,0.2759,0.9739733130373771,0.08330024043902616,,,0.95,,0.9500173293063326,0.04998267069366735,0.9902414678733824,0.1460620174373537,10,0.025,0.15,0.9452155477381381,0.9516893198820435,0.9352538000982037,0.945304913662774,0.9366961982086105,0.9387677971060784,0.9384185460136294,0.944905082227884,0.9473175591645094,0.9461569546083723,0.9511773020743601,1.0
6,0,1.886767805706371,0.32378209743220543,4167,2.1429571764809743,0.26019184652278177,834,2.1384829086593435,0.2937,0.9720845390550981,0.08336109283339685,,,0.95,,0.9500173293063326,0.04998267069366735,0.9919031887154138,0.14566251148829343,10,0.025,0.15,1.0,0.9415974112932819,0.9394699334784058,0.9392446840933995,0.936574760891554,0.936115931418779,0.9360123840814469,0.9366470288635943,0.9369893673538757,0.9400811527663369,0.9440053558379871,0.9410597939907583
6,1,1.8825433745528712,0.31795056395488364,4167,2.1249420642852783,0.3273381294964029,834,2.1384431893312477,0.2937,0.9715276047275017,0.08340201355573174,,,0.95,,0.9500173293063326,0.04998267069366735,0.9919031887154138,0.14566251148829343,10,0.025,0.15,0.9415974112932819,1.0,0.93170178287112,0.9362789899667263,0.9398688259054278,0.9344832041495892,0.9350548946847675,0.940118221573268,0.9390463287556591,0.9372223107221956,0.9386470721870841,0.9472247964816446
6,2,1.8685641917315396,0.32572594192464605,4167,2.1437998158591136,0.2517985611510791,834,2.1391283560402785,0.2938,0.96901384071198,0.08308863578143663,,,0.95,,0.9500173293063326,0.04998267069366735,0.9919031887154138,0.14566251148829343,10,0.025,0.15,0.9394699334784058,0.93170178287112,1.0,0.9315820898797526,0.9350549972351218,0.940136697420612,0.9371042287480961,0.9320031226414814,0.9336778028452362,0.9443150146181076,0.9371152779520888,0.9300863167173843
6,3,1.8773522153045192,0.31495080393568514,4167,2.150911637714931,0.2829736211031175,834,2.138445899456362,0.2937,0.9712659488752053,0.08337647622471393,,,0.95,,0.9500173293063326,0.04998267069366735,0.9919031887154138,0.14566251148829343,10,0.025,0.15,0.9392446840933995,0.9362789899667263,0.9315820898797526,1.0,0.9361667056686668,0.938452461441209,0.9364147266194195,0.9322340258380617,0.9425198907776388,0.9432143970876712,0.9429552406283744,0.9391192068480946
6,4,1.894019932457895,0.3187664986801056,4167,2.149872507367815,0.3025210084033613,833,2.1389813664593276,0.2935,0.9708793031753404,0.08324669462010159,,,0.95,,0.9500173293063326,0.04998267069366735,0.9919031887154138,0.14566251148829343,10,0.025,0.15,0.936574760891554,0.9398688259054278,0.9350549972351218,0.9361667056686668,1.0,0.9328358344945308,0.9387379696957399,0.9366191117844843,0.9418834871770351,0.942298143092175,0.9416418765185205,0.9321466485379755
6,5,1.8781877813917218,0.32805375569954404,4167,2.139721597943987,0.3037214885954382,833,2.1385305742674237,0.2936,0.9687227616643656,0.08318565321876209,,,0.95,,0.9500173293063326,0.04998267069366735,0.9919031887154138,0.14566251148829343,10,0.025,0.15,0.936115931418779,0.9344832041495892,0.940136697420612,0.938452461441209,0.9328358344945308,1.0,0.9317214197279591,0.9333436460761126,0.933695708391893,0.9371115697909751,0.9387536404252727,0.9320763295699019
6,6,1.9077938184593664,0.310127189824814,4167,2.140195165361677,0.29531812725090034,833,2.1386804671227178,0.2935,0.9702764710110053,0.08326265583650136,,,0.95,,0.9500173293063326,0.04998267069366735,0.9919031887154138,0.14566251148829343,10,0.025,0.15,0.9360123840814469,0.9350548946847675,0.9371042287480961,0.9364147266194195,0.9387379696957399,0.9317214197279591,1.0,0.9370502549915344,0.9369931646589589,0.9384989508061535,0.9448899500283743,0.9342951035916999
6,7,1.8869570927186445,0.314086873050156,4167,2.132507460457938,0.2929171668667467,833,2.138554998590976,0.2936,0.9693056160792272,0.08326703558132027,,,0.95,,0.9500173293063326,0.04998267069366735,0.9919031887154138,0.14566251148829343,10,0.025,0.15,0.9366470288635943,0.940118221573268,0.9320031226414814,0.9322340258380617,0.9366191117844843,0.9333436460761126,0.9370502549915344,1.0,0.9305289354815649,0.9402166347123626,0.936861664838906,0.9398013180083866
6,8,1.8920660546331696,0.32064330292846854,4166,2.140887601034982,0.30732292917166865,833,2.1385091256491746,0.2936,0.9708103566313613,0.08335781917902275,,,0.95,,0.9500173293063326,0.04998267069366735,0.9919031887154138,0.14566251148829343,10,0.025,0.15,0.9369893673538757,0.9390463287556591,0.9336778028452362,0.9425198907776388,0.9418834871770351,0.933695708391893,0.9369931646589589,0.9305289354815649,1.0,0.9359214606095304,0.9418061275413074,0.9398413943767651
6,9,1.892036087585218,0.314114258281325,4166,2.126976660319737,0.3241296518607443,833,2.138441242749178,0.2937,0.9730717483421986,0.08350714789256314,,,0.95,,0.9500173293063326,0.04998267069366735,0.9919031887154138,0.14566251148829343,10,0.025,0.15,0.9400811527663369,0.9372223107221956,0.9443150146181076,0.9432143970876712,0.942298143092175,0.9371115697909751,0.9384989508061535,0.9402166347123626,0.9359214606095304,1.0,0.9403501155105081,0.9399835269438908
6,10,1.9038599776499199,0.30902544407105137,4166,2.1389557974679128,0.2893157262905162,833,2.1384472333932223,0.2937,0.9744216022015006,0.08361156043253862,,,0.95,,0.9500173293063326,0.04998267069366735,0.9919031887154138,0.14566251148829343,10,0.025,0.15,0.9440053558379871,0.9386470721870841,0.9371152779520888,0.9429552406283744,0.9416418765185205,0.9387536404252727,0.9448899500283743,0.936861664838906,0.9418061275413074,0.9403501155105081,1.0,0.9478270605151297
6,11,1.8670165426803358,0.3229236677868459,4166,2.1375595842088972,0.2845138055222089,833,2.138471250292621,0.2937,0.9717164897786126,0.08333321484391092,,,0.95,,0.9500173293063326,0.04998267069366735,0.9919031887154138,0.14566251148829343,10,0.025,0.15,0.9410597939907583,0.9472247964816446,0.9300863167173843,0.9391192068480946,0.9321466485379755,0.9320763295699019,0.9342951035916999,0.9398013180083866,0.9398413943767651,0.9399835269438908,0.9478270605151297,1.0
