round,client_id,client_i_training_loss,client_i_training_accuracy,client_i_training_dataset_size,client_i_evaluation_loss,client_i_evaluation_accuracy,client_i_evaluation_dataset_size,client_i_central_evaluation_loss,client_i_central_evaluation_accuracy,client_i_cosine_similarity,client_i_importance_coefficient,client_i_tanh_val,tanh_normalization_value,client_i_q,client_i_mask_order,client_i_v_nonzero_fraction,client_i_v_sparsity,client_i_v_cosine_similarity,client_i_reward_gradient_norm,local_epochs,learning_rate,gamma,client_0_cosine_similarity,client_1_cosine_similarity,client_2_cosine_similarity,client_3_cosine_similarity,client_4_cosine_similarity,client_5_cosine_similarity,client_6_cosine_similarity,client_7_cosine_similarity,client_8_cosine_similarity,client_9_cosine_similarity,client_10_cosine_similarity,client_11_cosine_similarity
0,0,0.35714779783538575,0.88616,5000,2.197533263100518,0.25539568345323743,834,2.197793179045851,0.27,0.7746057164451121,0.08252334140546527,,,0.7090154160793706,,0.7090306711510467,0.2909693288489533,0,0.39036468247817113,5,0.1,0.5,1.0,0.5731987208095877,0.5561030799960219,0.5795580437241178,0.5649645389219691,0.5721286288145513,0.5598783752075803,0.5795928491318819,0.5729145007265695,0.5696907273752604,0.5665927162041707,0.576217873822648
0,1,0.34177705934805097,0.8926,5000,2.191968493991428,0.27577937649880097,834,2.1977218941758614,0.2702,0.7763537171968338,0.08270956629349391,,,0.7331598128382368,,0.7331760453792481,0.2668239546207519,0,0.39055058068537896,5,0.1,0.5,0.5731987208095877,1.0,0.5539837069275636,0.5858316171953959,0.5691340372448372,0.5608973036560706,0.5772051543131269,0.5845067086187326,0.5641358464322207,0.5801849945515043,0.558861365858171,0.579308214327506
0,2,0.35539900770375304,0.89096,5000,2.197910953451086,0.28177458033573144,834,2.1981022913996786,0.2654,0.7703331312693396,0.0820681575646303,,,0.65,,0.650002509914161,0.349997490085839,0,0.3897017388053429,5,0.1,0.5,0.5561030799960219,0.5539837069275636,1.0,0.5599877547287749,0.5739515029597403,0.5621988997511459,0.5853899707102611,0.5735900080600631,0.5641192051300391,0.5648849787137098,0.5634446442393304,0.5730816632411166
0,3,0.34466946349734334,0.89264,5000,2.1927436457739935,0.28896882494004794,834,2.1975864198642037,0.2703,0.7857976997867682,0.08371568977406035,,,0.8636055591633591,,0.863621304151398,0.13637869584860196,0,0.3910425628466979,5,0.1,0.5,0.5795580437241178,0.5858316171953959,0.5599877547287749,1.0,0.5788965313256978,0.5758274172180015,0.5742576735670382,0.5972219978190778,0.5799269551891376,0.5939477130395583,0.5715965816755382,0.5788413676771564
0,4,0.3230469954004333,0.89784,5000,2.2083898650275335,0.26410564225690275,833,2.1976662367677537,0.2694,0.7802120547398478,0.0831206178769768,,,0.7864534011713129,,0.7864665428442347,0.21353345715576533,0,0.3908399400961461,5,0.1,0.5,0.5649645389219691,0.5691340372448372,0.5739515029597403,0.5788965313256978,1.0,0.5733743863545583,0.5854905071344686,0.5815460513099789,0.5724161639439083,0.5731018090202352,0.5738707208705042,0.576717724948832
0,5,0.3539361885600504,0.88768,5000,2.1951540929299815,0.27490996398559425,833,2.197640509651111,0.2697,0.7811489122955639,0.08322042686918701,,,0.7993938192514963,,0.7993976206013754,0.20060237939862458,0,0.3908890796720148,5,0.1,0.5,0.5721286288145513,0.5608973036560706,0.5621988997511459,0.5758274172180015,0.5733743863545583,1.0,0.5832225834004994,0.5857033636318641,0.5722825161491859,0.5883443993360109,0.5728046582191287,0.5854736318975121
0,6,0.33099696060915473,0.89592,5000,2.1979825143460876,0.28211284513805523,833,2.1976023756277066,0.2702,0.7848351411100525,0.08361314268898856,,,0.8503101423442183,,0.8503287987550826,0.1496712012449174,0,0.39102176248268133,5,0.1,0.5,0.5598783752075803,0.5772051543131269,0.5853899707102611,0.5742576735670382,0.5854905071344686,0.5832225834004994,1.0,0.588053092336789,0.5739851335422761,0.5893657904922691,0.5748181812348129,0.5751921291209299
0,7,0.3486788417254189,0.89096,5000,2.1963354304984763,0.24489795918367346,833,2.1975531501891896,0.2704,0.7949483768393276,0.08469056567604194,,,0.9899999998703481,,0.9900005019828322,0.009999498017167818,0,0.3911043352151046,5,0.1,0.5,0.5795928491318819,0.5845067086187326,0.5735900080600631,0.5972219978190778,0.5815460513099789,0.5857033636318641,0.588053092336789,1.0,0.5865467611942358,0.6112014683633924,0.5773320572684773,0.5964921700773131
0,8,0.34234984097824356,0.8952,5000,2.2012665801578097,0.25210084033613445,833,2.1976731661409614,0.2694,0.7800732211259311,0.08310582710862001,,,0.7845357510475548,,0.7845489684252799,0.21545103157472012,0,0.3908327851948474,5,0.1,0.5,0.5729145007265695,0.5641358464322207,0.5641192051300391,0.5799269551891376,0.5724161639439083,0.5722825161491859,0.5739851335422761,0.5865467611942358,1.0,0.5815604054155533,0.5715122551123503,0.582761064577202
0,9,0.3475752054316223,0.88924,5000,2.2032575518996627,0.24009603841536614,833,2.1975483665831934,0.2705,0.7918054583137264,0.08435573192386149,,,0.9465881925309256,,0.9466091059685758,0.05339089403142416,0,0.3911009964741224,5,0.1,0.5,0.5696907273752604,0.5801849945515043,0.5648849787137098,0.5939477130395583,0.5731018090202352,0.5883443993360109,0.5893657904922691,0.6112014683633924,0.5815604054155533,1.0,0.5768972935288667,0.6031059272055969
0,10,0.3551360063373473,0.88716,5000,2.197519717393098,0.29531812725090034,833,2.1977016963897804,0.271,0.7768320812348096,0.08276052925178855,,,0.7397672534338361,,0.7397771196225089,0.2602228803774911,0,0.3905946836722851,5,0.1,0.5,0.5665927162041707,0.558861365858171,0.5634446442393304,0.5715965816755382,0.5738707208705042,0.5728046582191287,0.5748181812348129,0.5773320572684773,0.5715122551123503,0.5768972935288667,1.0,0.5840073620105627
0,11,0.34728851355315676,0.89064,5000,2.1923591914000333,0.2785114045618247,833,2.197547494412992,0.2704,0.789559001611132,0.08411640356688578,,,0.9155588340620373,,0.9155815471110889,0.08441845288891114,0,0.3910903678163122,5,0.1,0.5,0.576217873822648,0.579308214327506,0.5730816632411166,0.5788413676771564,0.576717724948832,0.5854736318975121,0.5751921291209299,0.5964921700773131,0.582761064577202,0.6031059272055969,0.5840073620105627,1.0
1,0,0.3153724425869763,0.90176,5000,2.0364900915711015,0.6918465227817746,834,2.038580589781935,0.6692,0.8048160770131794,0.08262500449234975,,,0.6670521362481674,,0.6670699262085237,0.3329300737914763,0.954767280697545,0.4036142308253237,5,0.1,0.5,1.0,0.609026051618118,0.6192146898888219,0.6218791374658853,0.6226789016201083,0.611896942526226,0.6243783567719159,0.6235171056500057,0.6287769552701256,0.6264328383858098,0.6168509951201906,0.6195408798907668
1,1,0.3125926088197691,0.90472,5000,2.0332318941752114,0.6894484412470024,834,2.0383944477136144,0.6699,0.8033441071821763,0.08269695796825205,,,0.6803957108025984,,0.6804126298880578,0.31958737011194216,0.9551108530223091,0.4037822589840769,5,0.1,0.5,0.609026051618118,1.0,0.6229099471224021,0.6224542469631237,0.6187523798457247,0.6163215988106501,0.6205855671854881,0.6171511025878308,0.6226432882086368,0.6278905941212942,0.6130797292588724,0.6183176484965165
1,2,0.31006727417230984,0.90528,5000,2.0415133591051453,0.6786570743405276,834,2.0393185889759002,0.6658,0.8108239821277755,0.08253305308385644,,,0.65,,0.650002509914161,0.349997490085839,0.9538760120381073,0.4033666960412364,5,0.1,0.5,0.6192146898888219,0.6229099471224021,1.0,0.6305366499212514,0.624105162514219,0.6306117972218388,0.6250337361902105,0.6225933864416326,0.6215999577851359,0.634120653059955,0.6262203986033797,0.6276877991377737
1,3,0.3071750765832461,0.9084,5000,2.032032282264144,0.6882494004796164,834,2.0374848793109006,0.6748,0.8107838139640002,0.08362170147145145,,,0.8518868545441606,,0.8519000050198283,0.14809999498017168,0.9574401441596561,0.40481180798708716,5,0.1,0.5,0.6218791374658853,0.6224542469631237,0.6305366499212514,1.0,0.6228301326700646,0.6258135431792833,0.6291865370866294,0.6318313584515928,0.6199195654697559,0.6219407049721049,0.62162609081379,0.6288719167552016
1,4,0.285607112660577,0.91136,5000,2.048997340378938,0.6458583433373349,833,2.0376510585839758,0.6729,0.8109375112486273,0.08323333961613144,,,0.7798662147407979,,0.7798755082576176,0.22012449174238236,0.956767155047333,0.4045840379252359,5,0.1,0.5,0.6226789016201083,0.6187523798457247,0.624105162514219,0.6228301326700646,1.0,0.6230357525765372,0.6262613995513016,0.6343110447499162,0.6295935007642254,0.6251624501861774,0.6291090095146354,0.6251583465768504
1,5,0.3092199046152887,0.90436,5000,2.0327543947431774,0.6866746698679472,833,2.0375884729452407,0.6727,0.8098657856235347,0.08326205568016895,,,0.78519152997525,,0.7852115857637669,0.21478841423623307,0.9568366937101048,0.4046094141613005,5,0.1,0.5,0.611896942526226,0.6163215988106501,0.6306117972218388,0.6258135431792833,0.6230357525765372,1.0,0.6269509492495299,0.6307323000940485,0.6224481769427891,0.6249582044429876,0.6230084234520248,0.6342283494616711
1,6,0.2921733571981691,0.91172,5000,2.0409960835068315,0.673469387755102,833,2.037530275960319,0.674,0.8104593053580379,0.08354255369692465,,,0.8372091170621008,,0.8372270468349983,0.16277295316500173,0.9573776834644516,0.4047819660728827,5,0.1,0.5,0.6243783567719159,0.6205855671854881,0.6250337361902105,0.6291865370866294,0.6262613995513016,0.6269509492495299,1.0,0.6237836540469532,0.6295589226942362,0.6268248939758228,0.6202927814065302,0.6214312932849083
1,7,0.3120382653798457,0.90532,5000,2.0368122657140098,0.6566626650660264,833,2.0374422100024483,0.6752,0.8136485152990348,0.08436645849510105,,,0.9899999998145528,,0.9900005019828322,0.009999498017167818,0.9577256928930089,0.4048932197017479,5,0.1,0.5,0.6235171056500057,0.6171511025878308,0.6225933864416326,0.6318313584515928,0.6343110447499162,0.6307323000940485,0.6237836540469532,1.0,0.6294261155471096,0.6359691723635266,0.6224990050493374,0.6283803924891787
1,8,0.30348197486204137,0.9052,5000,2.0414801659407438,0.6602641056422569,833,2.0377186136885572,0.6726,0.8100198651234932,0.08319159911470743,,,0.772125553352224,,0.7721449726419356,0.2278550273580644,0.9566624372023254,0.40454590379765265,5,0.1,0.5,0.6287769552701256,0.6226432882086368,0.6215999577851359,0.6199195654697559,0.6295935007642254,0.6224481769427891,0.6295589226942362,0.6294261155471096,1.0,0.6264398683170083,0.6213278553115719,0.6205182969966359
1,9,0.30281320979617016,0.90432,5000,2.043134578952083,0.6506602641056423,833,2.0374401137470817,0.6751,0.8140157339158113,0.08415771179653242,,,0.9512884976888761,,0.9513076652778475,0.04869233472215251,0.9577034206105396,0.40489053477564746,5,0.1,0.5,0.6264328383858098,0.6278905941212942,0.634120653059955,0.6219407049721049,0.6251624501861774,0.6249582044429876,0.6268248939758228,0.6359691723635266,0.6264398683170083,1.0,0.6273916051697332,0.6284076867542139
1,10,0.31315631106567043,0.903,5000,2.0391800668504505,0.6662665066026411,833,2.038096577595598,0.6709,0.8073295584891733,0.08286945897379272,,,0.7123855486704944,,0.7124039957833442,0.28759600421665577,0.9556483730886923,0.40412672833607416,5,0.1,0.5,0.6168509951201906,0.6130797292588724,0.6262203986033797,0.62162609081379,0.6291090095146354,0.6230084234520248,0.6202927814065302,0.6224990050493374,0.6213278553115719,0.6273916051697332,1.0,0.6262257327322944
1,11,0.3082879715355908,0.903,5000,2.0314737734971224,0.673469387755102,833,2.0374492277352574,0.6752,0.8111652418929227,0.08390010561073157,,,0.9035161378020029,,0.9035339591385975,0.09646604086140254,0.9576485208491664,0.4048726691863584,5,0.1,0.5,0.6195408798907668,0.6183176484965165,0.6276877991377737,0.6288719167552016,0.6251583465768504,0.6342283494616711,0.6214312932849083,0.6283803924891787,0.6205182969966359,0.6284076867542139,0.6262257327322944,1.0
2,0,0.2831816134570985,0.91412,5000,1.836789263619317,0.8561151079136691,834,1.8412504260913252,0.8373,0.8099017465809122,0.08280377699172625,,,0.6588713990766611,,0.6588825862155514,0.3411174137844486,0.9641107850866294,0.40431469959045285,5,0.1,0.5,1.0,0.6181126996599736,0.6308697038147322,0.6182552243278343,0.6242852048497768,0.6236611434767002,0.6350957484355748,0.6289342905428124,0.6249408286456708,0.6314349394887969,0.6258678749308414,0.6300081576788935
2,1,0.26993708448116754,0.91992,5000,1.8372059751439977,0.8705035971223022,834,1.841125671094218,0.8376,0.8075301623078631,0.0827688267551028,,,0.65,,0.650002509914161,0.349997490085839,0.9640629705762899,0.4041709101587937,5,0.1,0.5,0.6181126996599736,1.0,0.6254505861597476,0.6233448770264925,0.6257448730497884,0.6243732688367789,0.6362854521570122,0.6144260891146056,0.6305626590086171,0.6322346703395176,0.6159500999111721,0.6216643949457153
2,2,0.27682707260635675,0.91664,5000,1.8457113681016144,0.8309352517985612,834,1.8415128773393723,0.8363,0.8170331842709919,0.08299112456802021,,,0.706425729917267,,0.7064454595652828,0.2935545404347172,0.9638928817674162,0.4049324147232336,5,0.1,0.5,0.6308697038147322,0.6254505861597476,1.0,0.6251079675523046,0.6366799328316683,0.6400861380175358,0.6383284780608491,0.6303877447898133,0.6311863615170155,0.6372382832224713,0.6321704090145535,0.6338249458827806
2,3,0.2787267949455863,0.91908,5000,1.8324765452632197,0.8441247002398081,834,1.8385772350878,0.8411,0.8069231603109619,0.08335905469774925,,,0.7998172296178454,,0.7998243060087346,0.20017569399126545,0.9668738692182948,0.4055920452762837,5,0.1,0.5,0.6182552243278343,0.6233448770264925,0.6251079675523046,1.0,0.6226118549136179,0.6249469986567053,0.6231937915840235,0.6169444794119503,0.625091255691659,0.6337736205150296,0.6211834785458336,0.6235920165736866
2,4,0.2530200567428663,0.9236,5000,1.8501836591296725,0.8415366146458584,833,1.8388509213353117,0.8408,0.8129413397158395,0.08331170960475964,,,0.7877996510601475,,0.7878068370061744,0.21219316299382562,0.9664312621261009,0.40553925035185256,5,0.1,0.5,0.6242852048497768,0.6257448730497884,0.6366799328316683,0.6226118549136179,1.0,0.633082238370236,0.6335384484796521,0.6230178764395325,0.6299004829433892,0.6335129256337846,0.6330766019802744,0.6231372405140078
2,5,0.2805258067514581,0.9138,5000,1.8309165989911114,0.8367346938775511,833,1.8387780258069024,0.8408,0.8125670634868034,0.08331767095672231,,,0.7893128177052559,,0.7893228251593796,0.21067717484062043,0.9665006235354802,0.4055462693741108,5,0.1,0.5,0.6236611434767002,0.6243732688367789,0.6400861380175358,0.6249469986567053,0.633082238370236,1.0,0.6325460313008281,0.6296110573218242,0.6243918909854653,0.6309880382021091,0.6212067801824639,0.6297563442503523
2,6,0.2635762702958409,0.92104,5000,1.845383635273686,0.8571428571428571,833,1.8385132033223162,0.8403,0.816733612472951,0.08364808244397495,,,0.8731809813034592,,0.8731941167612067,0.12680588323879327,0.9671167339239135,0.40578087913171085,5,0.1,0.5,0.6350957484355748,0.6362854521570122,0.6383284780608491,0.6231937915840235,0.6335384484796521,0.6325460313008281,1.0,0.6272979823385434,0.6324222429743545,0.6354056010746711,0.6327309827633286,0.627407046699095
2,7,0.2806628807441919,0.91532,5000,1.8377647620660287,0.8199279711884754,833,1.8384130720894176,0.8413,0.8078853571275155,0.08388489338535805,,,0.9332905705278076,,0.9333015410872948,0.0666984589127052,0.9673983891436807,0.40582546750624443,5,0.1,0.5,0.6289342905428124,0.6144260891146056,0.6303877447898133,0.6169444794119503,0.6230178764395325,0.6296110573218242,0.6272979823385434,1.0,0.6215470979476867,0.6316610584390141,0.6210028776202632,0.6192741750720143
2,8,0.2716032539962963,0.91688,5000,1.843477001896611,0.8163265306122449,833,1.8390269005260529,0.8401,0.8102883459534544,0.08319180464044154,,,0.757364240816744,,0.75737663771899,0.24262336228101,0.9661237436354945,0.4053675166611818,5,0.1,0.5,0.6249408286456708,0.6305626590086171,0.6311863615170155,0.625091255691659,0.6299004829433892,0.6243918909854653,0.6324222429743545,0.6215470979476867,1.0,0.6270079664874668,0.6168314021370369,0.6289796245864077
2,9,0.27115839296940025,0.91932,5000,1.8451009105753016,0.8415366146458584,833,1.8383891769110585,0.8414,0.818272495543468,0.08410830887516245,,,0.9899999997461706,,0.9900005019828322,0.009999498017167818,0.9674043715940718,0.4058321448965204,5,0.1,0.5,0.6314349394887969,0.6322346703395176,0.6372382832224713,0.6337736205150296,0.6335129256337846,0.6309880382021091,0.6354056010746711,0.6316610584390141,0.6270079664874668,1.0,0.6403899449371208,0.6327346498605214
2,10,0.2795157300664266,0.91552,5000,1.843356207565025,0.8283313325330132,833,1.8400876967670818,0.8382,0.8091992743933564,0.0829409436277792,,,0.6936883298327886,,0.6937001154560514,0.30629988454394863,0.9651282889308289,0.40478891710539106,5,0.1,0.5,0.6258678749308414,0.6159500999111721,0.6321704090145535,0.6211834785458336,0.6330766019802744,0.6212067801824639,0.6327309827633286,0.6210028776202632,0.6168314021370369,0.6403899449371208,1.0,0.6231585398227746
2,11,0.27985761200024445,0.91236,5000,1.8318088054656982,0.8355342136854742,833,1.8384383033258846,0.8413,0.8106793467606834,0.08367380345320329,,,0.8797097307359003,,0.8797198935796395,0.12028010642036047,0.9672994540336365,0.40578911046508725,5,0.1,0.5,0.6300081576788935,0.6216643949457153,0.6338249458827806,0.6235920165736866,0.6231372405140078,0.6297563442503523,0.627407046699095,0.6192741750720143,0.6289796245864077,0.6327346498605214,0.6231585398227746,1.0
3,0,0.2598507465699771,0.92312,5000,1.6062125850606848,0.9124700239808153,834,1.614062701170437,0.8984,0.8008778018259154,0.08283197516026787,,,0.6846037554422055,,0.6846142261934642,0.31538577380653576,0.9672785224842048,0.40136684696973135,5,0.1,0.5,1.0,0.6024480422634978,0.6132841870234987,0.610394930423152,0.6115464609565395,0.612952923508929,0.609122960093012,0.6195906028520985,0.6195096646219737,0.6133933985294868,0.6128662873574083,0.6156155590784788
3,1,0.251620054587271,0.92716,5000,1.6127988188355058,0.9088729016786571,834,1.6144866196873089,0.8984,0.7977797218106565,0.08270071761987914,,,0.65,,0.650002509914161,0.349997490085839,0.9667500528237425,0.40083903023737477,5,0.1,0.5,0.6024480422634978,1.0,0.6095661395075365,0.6110905033881087,0.6159676280360715,0.6083474153635033,0.609532360405951,0.6094982166864032,0.6148430199679054,0.6127164637262468,0.6034572752469146,0.6135026783849141
3,2,0.2494987184353837,0.92452,5000,1.6195450712133337,0.8968824940047961,834,1.6137879584163142,0.8981,0.8080618549277351,0.08320681183747468,,,0.7834228912451423,,0.7834295467095025,0.2165704532904975,0.9685070897247988,0.40225361394937814,5,0.1,0.5,0.6132841870234987,0.6095661395075365,1.0,0.6231765832222917,0.6245069517641304,0.6264848229907911,0.6191236593101883,0.6207199101240638,0.6139915910890151,0.6215467981648453,0.6150301774265575,0.6217445885306316
3,3,0.2535041456745499,0.9244,5000,1.603443490134345,0.9052757793764988,834,1.6101778692330797,0.9011,0.8048707505089612,0.08333937540073796,,,0.8183709567819848,,0.818382611314693,0.18161738868530697,0.9700323069397427,0.402407102471541,5,0.1,0.5,0.610394930423152,0.6110905033881087,0.6231765832222917,1.0,0.6201616907198018,0.6142186447765368,0.6137248747514383,0.616313785362398,0.6142241456440876,0.6221171277956354,0.6149954705361783,0.6163155095254887
3,4,0.22905147307297322,0.93244,5000,1.6212022216231734,0.8907563025210085,833,1.610468036450517,0.9009,0.8076887430618314,0.08340630792585894,,,0.8360165466929059,,0.8360373475227147,0.16396265247728525,0.9699432513477572,0.4024621150563122,5,0.1,0.5,0.6115464609565395,0.6159676280360715,0.6245069517641304,0.6201616907198018,1.0,0.6219076741926435,0.6155098686736744,0.622461498844489,0.620013179859975,0.6156210860250829,0.6205680280740812,0.6160110273201059
3,5,0.2520923582884442,0.92196,5000,1.599129698894642,0.9003601440576231,833,1.6103950666543394,0.9009,0.8074778026582534,0.08340290014153326,,,0.8351181439416694,,0.8351387982530998,0.16486120174690022,0.969968519112341,0.40245950754496373,5,0.1,0.5,0.612952923508929,0.6083474153635033,0.6264848229907911,0.6142186447765368,0.6219076741926435,1.0,0.6162889001292325,0.6215959283259683,0.6215202464466681,0.6199599659012192,0.6204133829448999,0.618441577261568
3,6,0.2448322329468503,0.92704,5000,1.6214527642285381,0.9135654261704682,833,1.6100071611495825,0.9008,0.8038108797445279,0.0834939919672147,,,0.8591329110120363,,0.8591486371166106,0.1408513628833894,0.9705451020637305,0.4025150974349387,5,0.1,0.5,0.609122960093012,0.609532360405951,0.6191236593101883,0.6137248747514383,0.6155098686736744,0.6162889001292325,1.0,0.6184600460547022,0.612868625543903,0.6176178774213261,0.6166463855776295,0.6162543685039303
3,7,0.2529892921340978,0.92448,5000,1.608987605130231,0.9027611044417767,833,1.6098310528471829,0.9016,0.8070015134612974,0.08376229070648726,,,0.9298651823295088,,0.9298729983434566,0.0701270016565434,0.9707353393703713,0.40258829623982184,5,0.1,0.5,0.6195906028520985,0.6094982166864032,0.6207199101240638,0.616313785362398,0.622461498844489,0.6215959283259683,0.6184600460547022,1.0,0.6124326057817352,0.6245544170454634,0.6148896022905496,0.6143870890008477
3,8,0.25148630551519285,0.92464,5000,1.6151744215576738,0.885954381752701,833,1.6107665022341207,0.9006,0.8049602667610332,0.08323162962300956,,,0.7899656664542682,,0.789970383012901,0.210029616987099,0.9694537996907981,0.4022877435437558,5,0.1,0.5,0.6195096646219737,0.6148430199679054,0.6139915910890151,0.6142241456440876,0.620013179859975,0.6215202464466681,0.612868625543903,0.6124326057817352,1.0,0.6186611119459254,0.6118036935574764,0.6185882768951568
3,9,0.2508894813258889,0.92384,5000,1.6173427325707894,0.8967587034813925,833,1.6098182730781385,0.9016,0.8092945012141786,0.0839903916199194,,,0.9899999997363675,,0.9900005019828322,0.009999498017167818,0.9707716882348125,0.40259822494693615,5,0.1,0.5,0.6133933985294868,0.6127164637262468,0.6215467981648453,0.6221171277956354,0.6156210860250829,0.6199599659012192,0.6176178774213261,0.6245544170454634,0.6186611119459254,1.0,0.6219954720190114,0.6278432837058128
3,10,0.25744372116888214,0.9214,5000,1.6178724500868056,0.8919567827130852,833,1.612358772335723,0.899,0.8036866866451546,0.0830209014893699,,,0.7344108786709265,,0.7344209628030721,0.2655790371969279,0.9680559030062367,0.4019089753168781,5,0.1,0.5,0.6128662873574083,0.6034572752469146,0.6150301774265575,0.6149954705361783,0.6205680280740812,0.6204133829448999,0.6166463855776295,0.6148896022905496,0.6118036935574764,0.6219954720190114,1.0,0.6144930108967712
3,11,0.24901582665717717,0.92448,5000,1.6023847526974149,0.8895558223289316,833,1.6098972597061254,0.9014,0.8067248046810378,0.08361270650824727,,,0.8904299239924618,,0.8904472667034787,0.10955273329652127,0.9706304415080411,0.40256008213778166,5,0.1,0.5,0.6156155590784788,0.6135026783849141,0.6217445885306316,0.6163155095254887,0.6160110273201059,0.618441577261568,0.6162543685039303,0.6143870890008477,0.6185882768951568,0.6278432837058128,0.6144930108967712,1.0
4,0,0.2368397695303058,0.92736,5000,1.3569026699772588,0.9292565947242206,834,1.3684785076604484,0.9232,0.7944219862212797,0.08289920810183438,,,0.690118780169478,,0.6901360373475227,0.3098639626524773,0.9677019445222897,0.39742640532175383,5,0.1,0.5,1.0,0.5978497151223761,0.6037572929591035,0.5942623239644468,0.598305396254904,0.5975192958346575,0.609166482279763,0.5948672663069284,0.6018377375854205,0.5993259097455284,0.5992515804061138,0.6070148135815161
4,1,0.2266638776002701,0.93128,5000,1.3695885384524311,0.9280575539568345,834,1.3696696381218516,0.9231,0.7928906322738649,0.08275830545514792,,,0.65,,0.650002509914161,0.349997490085839,0.9668116305399166,0.3968093067482284,5,0.1,0.5,0.5978497151223761,1.0,0.6065831840331138,0.5962594328640917,0.6018765268565236,0.600996007431438,0.6013335460380648,0.5936926994575289,0.5985781042595228,0.6026529209869387,0.5887667795665786,0.6005223741346509
4,2,0.23147244017666121,0.9302,5000,1.373464376838119,0.9244604316546763,834,1.3668938616213326,0.9237,0.8000837701246298,0.083346697251893,,,0.8175309989007442,,0.8175493198132624,0.1824506801867376,0.9697282363667548,0.3984515950399753,5,0.1,0.5,0.6037572929591035,0.6065831840331138,1.0,0.603069567689927,0.6016860737054222,0.6164357155571297,0.6045124188764806,0.6009837229378778,0.6002637738118125,0.6111522183874997,0.6016612021543506,0.6053841689383987
4,3,0.23011020183990336,0.93064,5000,1.355528261926439,0.9328537170263789,834,1.363025308036195,0.9247,0.7958602251451926,0.08328701990246785,,,0.800539249497964,,0.8005622207720496,0.19943777922795036,0.9699272734862793,0.3983824411898713,5,0.1,0.5,0.5942623239644468,0.5962594328640917,0.603069567689927,1.0,0.604287459037528,0.6031073340163792,0.6073759498041795,0.5979158964055793,0.5948351461436437,0.6058512667393278,0.6075062903655963,0.59993671011709
4,4,0.21185196086432145,0.93636,5000,1.3728026239960283,0.9207683073229291,833,1.3632066021331202,0.924,0.797212631543534,0.08337887663822374,,,0.8266933372708987,,0.8267105065006777,0.17328949349932232,0.970154335803043,0.3984832474168031,5,0.1,0.5,0.598305396254904,0.6018765268565236,0.6016860737054222,0.604287459037528,1.0,0.6040929728054544,0.6002816079141147,0.5994627211025335,0.5972978100008746,0.6033192095180658,0.6102840331678401,0.6062172192836877
4,5,0.2281968254507015,0.93124,5000,1.3487172612437495,0.9243697478991597,833,1.3631045323210402,0.9243,0.8009446631782096,0.08350724887388611,,,0.8632443717866901,,0.8632548566839015,0.13674514331609855,0.9702380499707852,0.39857319128202073,5,0.1,0.5,0.5975192958346575,0.600996007431438,0.6164357155571297,0.6031073340163792,0.6040929728054544,1.0,0.617269521852074,0.6047448231736023,0.6030317065872979,0.6116538171873775,0.6021425745558284,0.6017172579700422
4,6,0.22153143294831845,0.9362,5000,1.3768989112642076,0.9399759903961584,833,1.3626203361791545,0.9248,0.8014501446190668,0.08358552734060472,,,0.8855323604947803,,0.8855529340896542,0.11444706591034581,0.9704444562569574,0.39860775382806823,5,0.1,0.5,0.609166482279763,0.6013335460380648,0.6045124188764806,0.6073759498041795,0.6002816079141147,0.617269521852074,1.0,0.6000498758509237,0.6064079911746254,0.6075347238468255,0.6044058431776234,0.608893738014954
4,7,0.2346181604791741,0.93,5000,1.3616133001115587,0.9267707082833133,833,1.3624830280249112,0.9249,0.793528472900136,0.08348667416630558,,,0.857386198147756,,0.8574017368605994,0.1425982631394006,0.9704513166162301,0.39856178517032625,5,0.1,0.5,0.5948672663069284,0.5936926994575289,0.6009837229378778,0.5979158964055793,0.5994627211025335,0.6047448231736023,0.6000498758509237,1.0,0.5968090892749224,0.6061096791763085,0.5937869071870421,0.601576126750294
4,8,0.2297921044621498,0.93108,5000,1.3686915150395147,0.9099639855942377,833,1.3638422820514764,0.9238,0.7945110232255328,0.08316813086643349,,,0.7666883374435027,,0.7667034787410271,0.23329652125897293,0.9694880240258958,0.3981880298256871,5,0.1,0.5,0.6018377375854205,0.5985781042595228,0.6002637738118125,0.5948351461436437,0.5972978100008746,0.6030317065872979,0.6064079911746254,0.5968090892749224,1.0,0.6069701455389392,0.5948873018928728,0.6011163110200006
4,9,0.22355567443779237,0.9334,5000,1.3716457155015733,0.9195678271308524,833,1.3624026645867588,0.9249,0.8025001279763105,0.08395243198718347,,,0.9899999997152731,,0.9900005019828322,0.009999498017167818,0.9706771751900142,0.3986529172862011,5,0.1,0.5,0.5993259097455284,0.6026529209869387,0.6111522183874997,0.6058512667393278,0.6033192095180658,0.6116538171873775,0.6075347238468255,0.6061096791763085,0.6069701455389392,1.0,0.6113114317779464,0.6090164308807374
4,10,0.23258563003615493,0.92976,5000,1.37435601817237,0.9123649459783914,833,1.3660922488465477,0.9239,0.7955126716500479,0.0830630401858307,,,0.7367661889806286,,0.7367802821143516,0.26321971788564835,0.9687178081793902,0.3979469005512576,5,0.1,0.5,0.5992515804061138,0.5887667795665786,0.6016612021543506,0.6075062903655963,0.6102840331678401,0.6021425745558284,0.6044058431776234,0.5937869071870421,0.5948873018928728,0.6113114317779464,1.0,0.5985333995540082
4,11,0.2387117638068784,0.92932,5000,1.3561429624204282,0.9231692677070829,833,1.3625278876612361,0.9249,0.7986606943053595,0.08356683923018914,,,0.8802113519035502,,0.8802319160684705,0.11976808393152949,0.9705156072650621,0.398600660747674,5,0.1,0.5,0.6070148135815161,0.6005223741346509,0.6053841689383987,0.59993671011709,0.6062172192836877,0.6017172579700422,0.608893738014954,0.601576126750294,0.6011163110200006,0.6090164308807374,0.5985333995540082,1.0
5,0,0.21954205580660777,0.9328,5000,1.1042045222388372,0.9424460431654677,834,1.1194448886207118,0.9377,0.7833639570337808,0.08299712400906892,,,0.99,,0.9900005019828322,0.009999498017167818,0.9664654418303906,0.3923366802515458,5,0.1,0.5,1.0,0.5759568214009545,0.5735413570811052,0.5806863881096307,0.5790866728217232,0.5787505105956371,0.5820693367024848,0.5881550353622506,0.5870784115421713,0.5799029373567793,0.5740415112570898,0.5790906309808879
5,1,0.21036185227381957,0.93712,5000,1.121809442838033,0.9484412470023981,834,1.1206493638574886,0.9378,0.7815570633474427,0.08283932421447089,,,0.99,,0.9900005019828322,0.009999498017167818,0.9649711393789828,0.3923366802515458,5,0.1,0.5,0.5759568214009545,1.0,0.5796933844596182,0.5759361289442362,0.57911013637178,0.5790912024767972,0.5858509538876375,0.5777388963144544,0.5845433940120803,0.5799423812222989,0.5646357327806267,0.5795300013978542
5,2,0.21422973591834307,0.93412,5000,1.1247818558304399,0.9412470023980816,834,1.1178188249706842,0.938,0.7854872227933403,0.0833710523500948,,,0.99,,0.9900005019828322,0.009999498017167818,0.9691169499859257,0.3923366802515458,5,0.1,0.5,0.5735413570811052,0.5796933844596182,1.0,0.5803616881789341,0.5769500774212164,0.5906453482394352,0.5848580552070118,0.5809400706523522,0.5834107763598231,0.5744679906772888,0.5788631891976443,0.5923488694607304
5,3,0.21206043028527763,0.93788,5000,1.1061491171518962,0.9460431654676259,834,1.113882718756557,0.9387,0.7844896007967433,0.08329604217082502,,,0.99,,0.9900005019828322,0.009999498017167818,0.9689146896032246,0.3923366802515458,5,0.1,0.5,0.5806863881096307,0.5759361289442362,0.5803616881789341,1.0,0.584079025929087,0.5816702148612872,0.5800142040232735,0.5760313602831928,0.5803493177153308,0.577257258677379,0.5820759342773874,0.5885701247492294
5,4,0.19436598517368459,0.94108,5000,1.1210478367628876,0.9339735894357744,833,1.1140506136150787,0.9387,0.7816092541360112,0.08325609751242333,,,0.99,,0.9900005019828322,0.009999498017167818,0.9691857264434923,0.3923366802515458,5,0.1,0.5,0.5790866728217232,0.57911013637178,0.5769500774212164,0.584079025929087,1.0,0.5840712950259102,0.5755190889323085,0.5781796782346912,0.5796514087142769,0.5710090156551761,0.5779176972175455,0.5739687538635352
5,5,0.2137585454567033,0.93332,5000,1.0969642091680456,0.9375750300120048,833,1.113952533315165,0.9388,0.7874216462775466,0.08354647812192667,,,0.99,,0.9900005019828322,0.009999498017167818,0.9694245952874075,0.3923366802515458,5,0.1,0.5,0.5787505105956371,0.5790912024767972,0.5906453482394352,0.5816702148612872,0.5840712950259102,1.0,0.5855258041905548,0.5826957933132109,0.5915606152212961,0.5797341278540632,0.5778414870979861,0.5819378776298282
5,6,0.20107933455947669,0.94168,5000,1.1292055977715387,0.9495798319327731,833,1.1134440653240338,0.9389,0.7878843135352841,0.08361509988243752,,,0.99,,0.9900005019828322,0.009999498017167818,0.9695263735629318,0.3923366802515458,5,0.1,0.5,0.5820693367024848,0.5858509538876375,0.5848580552070118,0.5800142040232735,0.5755190889323085,0.5855258041905548,1.0,0.5872022493602674,0.5910790186923467,0.5807434013600947,0.5764820370327515,0.5881772596490525
5,7,0.21385019075060205,0.9356,5000,1.1135049727227952,0.936374549819928,833,1.113285367481244,0.9389,0.785707670808236,0.08347240391860766,,,0.99,,0.9900005019828322,0.009999498017167818,0.969392208139517,0.3923366802515458,5,0.1,0.5,0.5881550353622506,0.5777388963144544,0.5809400706523522,0.5760313602831928,0.5781796782346912,0.5826957933132109,0.5872022493602674,1.0,0.58811587318519,0.5795646918550039,0.5780568731224951,0.5808422653343635
5,8,0.21032583966382606,0.9362,5000,1.1211708982785542,0.929171668667467,833,1.1147002345456865,0.9383,0.7888210143116421,0.08336897711995893,,,0.99,,0.9900005019828322,0.009999498017167818,0.9684475436069219,0.3923366802515458,5,0.1,0.5,0.5870784115421713,0.5845433940120803,0.5834107763598231,0.5803493177153308,0.5796514087142769,0.5915606152212961,0.5910790186923467,0.58811587318519,1.0,0.5792093707013751,0.5737797757286991,0.5896112557074177
5,9,0.20886658724860116,0.93712,5000,1.1238444050153096,0.9327731092436975,833,1.1132027662981052,0.9389,0.7829117440107505,0.08368543407892468,,,0.99,,0.9900005019828322,0.009999498017167818,0.9696414575645534,0.3923366802515458,5,0.1,0.5,0.5799029373567793,0.5799423812222989,0.5744679906772888,0.577257258677379,0.5710090156551761,0.5797341278540632,0.5807434013600947,0.5795646918550039,0.5792093707013751,1.0,0.5802207140422798,0.5867706995681663
5,10,0.21463129212071372,0.93552,5000,1.128227295698943,0.9231692677070829,833,1.1170616285107768,0.9382,0.7791707402643322,0.08295910296577062,,,0.99,,0.9900005019828322,0.009999498017167818,0.9678102735246465,0.3923366802515458,5,0.1,0.5,0.5740415112570898,0.5646357327806267,0.5788631891976443,0.5820759342773874,0.5779176972175455,0.5778414870979861,0.5764820370327515,0.5780568731224951,0.5737797757286991,0.5802207140422798,1.0,0.5740687062126233
5,11,0.21061869024204175,0.93576,5000,1.1081662972768147,0.9423769507803121,833,1.113337459084325,0.9389,0.7876075223022743,0.08359286365549094,,,0.99,,0.9900005019828322,0.009999498017167818,0.9694981303677553,0.3923366802515458,5,0.1,0.5,0.5790906309808879,0.5795300013978542,0.5923488694607304,0.5885701247492294,0.5739687538635352,0.5819378776298282,0.5881772596490525,0.5808422653343635,0.5896112557074177,0.5867706995681663,0.5740687062126233,1.0
6,0,0.20508561060900332,0.93704,5000,0.869363111478311,0.9484412470023981,834,0.8874188840579682,0.9468,0.7653912228386952,0.08292545143770234,,,0.7058233186958932,,0.7058430801666583,0.2941569198333417,0.9643106334210603,0.3842640746262722,5,0.1,0.5,1.0,0.5408447642982868,0.5547941956446331,0.5452859165941284,0.5451200870851759,0.5516512790473662,0.5580351286512422,0.5557049329041442,0.5569492579856982,0.5623637131219217,0.553098957049589,0.5549433726305678
6,1,0.19339884508484204,0.9406,5000,0.8911192417144775,0.9568345323741008,834,0.889138188415442,0.9475,0.7628751238362739,0.0827302295321027,,,0.65,,0.650002509914161,0.349997490085839,0.9623195194439473,0.3834834388585932,5,0.1,0.5,0.5408447642982868,1.0,0.5518143257830692,0.5455642365238716,0.5569888354335838,0.5505153147934262,0.5570842904091781,0.5518972908260353,0.549762427587326,0.5547438941359306,0.5454014101161156,0.5518147075700157
6,2,0.2013511274709918,0.93864,5000,0.8908764830342045,0.9568345323741008,834,0.884918572041935,0.9467,0.7719437395128211,0.08340895400800617,,,0.8440799246308116,,0.8440941719793184,0.15590582802068165,0.9665744930826812,0.38514259184091015,5,0.1,0.5,0.5547941956446331,0.5518143257830692,1.0,0.5550588414203249,0.5546583098524083,0.570804762860754,0.557363413063343,0.5588741311928846,0.5504575338107853,0.5666661336969936,0.5573785767902479,0.5595268375909287
6,3,0.20113984275917718,0.94004,5000,0.8736136776429636,0.9484412470023981,834,0.8813526047685276,0.9468,0.7692257554512039,0.08326227360990379,,,0.8021369542220415,,0.8021585261784047,0.19784147382159534,0.9662320970507758,0.3849964331723226,5,0.1,0.5,0.5452859165941284,0.5455642365238716,0.5550588414203249,1.0,0.5566203473486205,0.5642645387228069,0.553170326241921,0.5561523321226937,0.5504634423665238,0.5646923724722348,0.5600845153116879,0.5612858813461273
6,4,0.17812081300327257,0.9464,5000,0.8854136952647457,0.9387755102040817,833,0.8814715554539007,0.9467,0.7708719911744111,0.08329368612909507,,,0.8111193021018532,,0.8111389990462327,0.18886100095376734,0.9663194010732973,0.3850343755991128,5,0.1,0.5,0.5451200870851759,0.5569888354335838,0.5546583098524083,0.5566203473486205,1.0,0.5555814220370419,0.5577379638133279,0.5611242822257589,0.5592567007273052,0.5622424484974461,0.5610193448350295,0.5578146749803939
6,5,0.19988612206237522,0.93852,5000,0.8624701257105227,0.9471788715486195,833,0.8811189882671491,0.9468,0.773836497398167,0.08359396404077606,,,0.8969831784410212,,0.896993122835199,0.10300687716480095,0.9667927881827814,0.3852349306157443,5,0.1,0.5,0.5516512790473662,0.5505153147934262,0.570804762860754,0.5642645387228069,0.5555814220370419,1.0,0.5614539160876634,0.5582661329485532,0.555747323362735,0.5765613407320846,0.5525017672094069,0.5565620630957056
6,6,0.18926840400691056,0.94412,5000,0.8967364408351757,0.9555822328931572,833,0.8806233588879863,0.9469,0.7719768578747073,0.08357428619921396,,,0.8913563384745024,,0.8913709151147031,0.10862908488529688,0.9667798337928645,0.38522906779209914,5,0.1,0.5,0.5580351286512422,0.5570842904091781,0.557363413063343,0.553170326241921,0.5577379638133279,0.5614539160876634,1.0,0.5554447694626591,0.5589872191306874,0.5610069040969404,0.5572726463246346,0.5589479564154656
6,7,0.1967138674854639,0.94184,5000,0.882683742929388,0.9447779111644657,833,0.8805581893022068,0.9469,0.771353006970309,0.08345621498028032,,,0.8575941063976249,,0.8576075498217961,0.1423924501782039,0.9666513331667137,0.38517482500064604,5,0.1,0.5,0.5557049329041442,0.5518972908260353,0.5588741311928846,0.5561523321226937,0.5611242822257589,0.5582661329485532,0.5554447694626591,1.0,0.555484648828936,0.5677209769989989,0.5523521047451374,0.5584003284698724
6,8,0.19759184915934255,0.94088,5000,0.8887803841520239,0.9387755102040817,833,0.8821160511467785,0.9468,0.7677836941437656,0.08326028052449745,,,0.8015670353828388,,0.8015862657497114,0.19841373425028863,0.9662299699407211,0.38499403924243,5,0.1,0.5,0.5569492579856982,0.549762427587326,0.5504575338107853,0.5504634423665238,0.5592567007273052,0.555747323362735,0.5589872191306874,0.555484648828936,1.0,0.5636462093032171,0.5473563718274074,0.5508636806417606
6,9,0.19121548601301613,0.94124,5000,0.8916108166729962,0.9399759903961584,833,0.8803067209240728,0.947,0.7803846485921695,0.08391925679523708,,,0.989999999714052,,0.9900005019828322,0.009999498017167818,0.9668955531658019,0.38526790515526493,5,0.1,0.5,0.5623637131219217,0.5547438941359306,0.5666661336969936,0.5646923724722348,0.5622424484974461,0.5765613407320846,0.5610069040969404,0.5677209769989989,0.5636462093032171,1.0,0.5620969521573289,0.5720635391698962
6,10,0.20288148919820406,0.93828,5000,0.8984889432236001,0.9351740696278511,833,0.8849560142325136,0.9467,0.768321487930431,0.0830036162180297,,,0.7281743833963704,,0.7281863360273079,0.27181366397269213,0.9649413917707521,0.3844950616617524,5,0.1,0.5,0.553098957049589,0.5454014101161156,0.5573785767902479,0.5600845153116879,0.5610193448350295,0.5525017672094069,0.5572726463246346,0.5523521047451374,0.5473563718274074,0.5620969521573289,1.0,0.5575775698149226
6,11,0.20037386090832815,0.93864,5000,0.8779428568151262,0.9495798319327731,833,0.8805148820526684,0.9469,0.7723287396614129,0.08357178652515528,,,0.890641561609758,,0.8906580994929973,0.10934190050700265,0.9667779599793904,0.38522835798441446,5,0.1,0.5,0.5549433726305678,0.5518147075700157,0.5595268375909287,0.5612858813461273,0.5578146749803939,0.5565620630957056,0.5589479564154656,0.5584003284698724,0.5508636806417606,0.5720635391698962,0.5575775698149226,1.0
7,0,0.18856570855566082,0.94076,5000,0.6674015201904155,0.9580335731414868,834,0.6868995599472485,0.9508,0.7552453848234109,0.08309288816766316,,,0.7761823869724681,,0.7762009939260077,0.22379900607399228,0.9626092111919591,0.37673043820800917,5,0.1,0.5,1.0,0.5206470542277197,0.5329139684114371,0.5325050086554487,0.5299667911076605,0.5289546210325685,0.5340728923717907,0.5277411318893133,0.5314668178662003,0.5400900512150046,0.5348464294828774,0.524692609134373
