round,client_id,client_i_training_loss,client_i_training_accuracy,client_i_training_dataset_size,client_i_evaluation_loss,client_i_evaluation_accuracy,client_i_evaluation_dataset_size,client_i_central_evaluation_loss,client_i_central_evaluation_accuracy,client_i_cosine_similarity,client_i_importance_coefficient,client_i_tanh_val,tanh_normalization_value,client_i_q,client_i_mask_order,client_i_v_nonzero_fraction,client_i_v_sparsity,client_i_v_cosine_similarity,client_i_reward_gradient_norm,local_epochs,learning_rate,gamma,client_0_cosine_similarity,client_1_cosine_similarity,client_2_cosine_similarity,client_3_cosine_similarity,client_4_cosine_similarity,client_5_cosine_similarity,client_6_cosine_similarity,client_7_cosine_similarity,client_8_cosine_similarity,client_9_cosine_similarity,client_10_cosine_similarity,client_11_cosine_similarity
0,0,2.1903624256705023,0.36512,5000,2.2612181857780174,0.2637889688249401,834,2.256915276804671,0.2878,0.9962643342366152,0.08335834750780885,,,0.99,,0.9900107286803723,0.00998927131962768,0,0.09959653911574051,5,0.001,0.1,1.0,0.9931506733753668,0.9934488615125788,0.9883680210515036,0.9913409943011455,0.9909779618666107,0.9936889479148983,0.9931246334327279,0.9853423338260637,0.9941275548047211,0.9937789349227703,0.9895884607563171
0,1,2.192749607183371,0.38532,5000,2.2556236143465394,0.2733812949640288,834,2.256915276804671,0.2878,0.9976349394365527,0.0834730272977262,,,0.99,,0.9900107286803723,0.00998927131962768,0,0.09959653911574051,5,0.001,0.1,0.9931506733753668,1.0,0.9949756511451067,0.989747471361491,0.9918124323669459,0.9939524599600356,0.9914452101961334,0.9950994535644619,0.9927440456110282,0.9915834419367621,0.9951599739740811,0.9936474679601293
0,2,2.1946418914066,0.3672,5000,2.25757395779645,0.28776978417266186,834,2.256915276804671,0.2878,0.9965821454098645,0.08338493905917846,,,0.99,,0.9900107286803723,0.00998927131962768,0,0.09959653911574051,5,0.001,0.1,0.9934488615125788,0.9949756511451067,1.0,0.9882111231845795,0.9893498578072955,0.9924989913795907,0.9909303630451157,0.9928428882859557,0.9900601443341351,0.9937012581350755,0.9929870912471207,0.9917294946454185
0,3,2.195640727668811,0.37916,5000,2.2538562527409307,0.31774580335731417,834,2.256915276804671,0.2878,0.9937996670057168,0.08315212654770415,,,0.99,,0.9900107286803723,0.00998927131962768,0,0.09959653911574051,5,0.001,0.1,0.9883680210515036,0.989747471361491,0.9882111231845795,1.0,0.9877425888882833,0.9888891926100354,0.9835205445262529,0.9910563178832017,0.9886612927924203,0.9884481001013676,0.9917442784717677,0.9910917681129539
0,4,2.188754182864147,0.41784,5000,2.2556545116283275,0.2857142857142857,833,2.256915276804671,0.2878,0.9950092585762426,0.08325333418006978,,,0.99,,0.9900107286803723,0.00998927131962768,0,0.09959653911574051,5,0.001,0.1,0.9913409943011455,0.9918124323669459,0.9893498578072955,0.9877425888882833,1.0,0.9926209787042667,0.9917844501749297,0.9918706162336257,0.9851036891342895,0.9880075884371585,0.9947708308717548,0.9875332082929703
0,5,2.1913778010447316,0.45064,5000,2.2522701687282987,0.32533013205282113,833,2.256915276804671,0.2878,0.9968705547931717,0.08340907053590814,,,0.99,,0.9900107286803723,0.00998927131962768,0,0.09959653911574051,5,0.001,0.1,0.9909779618666107,0.9939524599600356,0.9924989913795907,0.9888891926100354,0.9926209787042667,1.0,0.9919639572530684,0.9948164984362493,0.991486803379617,0.9913173303374642,0.9943877660364514,0.9912707335126345
0,6,2.1893662208204816,0.39848,5000,2.265970742260968,0.2689075630252101,833,2.256915276804671,0.2878,0.9945612913798114,0.0832158523552679,,,0.99,,0.9900107286803723,0.00998927131962768,0,0.09959653911574051,5,0.001,0.1,0.9936889479148983,0.9914452101961334,0.9909303630451157,0.9835205445262529,0.9917844501749297,0.9919639572530684,1.0,0.9926959415566979,0.9823389610412498,0.9903657825887726,0.9929960209391866,0.9848531378053443
0,7,2.191743721931603,0.40628,5000,2.260359216619421,0.2857142857142857,833,2.256915276804671,0.2878,0.9975029323592096,0.08346198214490028,,,0.99,,0.9900107286803723,0.00998927131962768,0,0.09959653911574051,5,0.001,0.1,0.9931246334327279,0.9950994535644619,0.9928428882859557,0.9910563178832017,0.9918706162336257,0.9948164984362493,0.9926959415566979,1.0,0.9915384345695142,0.9910728106284024,0.9955921671875048,0.9920308259697969
0,8,2.193859227599612,0.3908,5000,2.257217283602114,0.27490996398559425,833,2.256915276804671,0.2878,0.9940571199080105,0.08317366786737082,,,0.99,,0.9900107286803723,0.00998927131962768,0,0.09959653911574051,5,0.001,0.1,0.9853423338260637,0.9927440456110282,0.9900601443341351,0.9886612927924203,0.9851036891342895,0.991486803379617,0.9823389610412498,0.9915384345695142,1.0,0.9874739578585808,0.9906565874103692,0.9951514185073518
0,9,2.1942250177359126,0.37148,5000,2.2601394300107605,0.3217286914765906,833,2.256915276804671,0.2878,0.9955840159884314,0.0833014246581201,,,0.99,,0.9900107286803723,0.00998927131962768,0,0.09959653911574051,5,0.001,0.1,0.9941275548047211,0.9915834419367621,0.9937012581350755,0.9884481001013676,0.9880075884371585,0.9913173303374642,0.9903657825887726,0.9910728106284024,0.9874739578585808,1.0,0.9923546400748349,0.9903540311600457
0,10,2.1950613037036484,0.397,5000,2.2631217726954707,0.2785114045618247,833,2.256915276804671,0.2878,0.9979961150909458,0.0835032471948716,,,0.99,,0.9900107286803723,0.00998927131962768,0,0.09959653911574051,5,0.001,0.1,0.9937789349227703,0.9951599739740811,0.9929870912471207,0.9917442784717677,0.9947708308717548,0.9943877660364514,0.9929960209391866,0.9955921671875048,0.9906565874103692,0.9923546400748349,1.0,0.9932066119927343
0,11,2.1939017198647663,0.38876,5000,2.2546350955963135,0.27010804321728693,833,2.256915276804671,0.2878,0.9957221284147277,0.08331298065107369,,,0.99,,0.9900107286803723,0.00998927131962768,0,0.09959653911574051,5,0.001,0.1,0.9895884607563171,0.9936474679601293,0.9917294946454185,0.9910917681129539,0.9875332082929703,0.9912707335126345,0.9848531378053443,0.9920308259697969,0.9951514185073518,0.9903540311600457,0.9932066119927343,1.0
1,0,2.069726774950696,0.47596,5000,2.2071445253160267,0.39688249400479614,834,2.201126254785556,0.4205,0.9975543806251076,0.08333856464547452,,,0.99,,0.9900107286803723,0.00998927131962768,0.9721519368672927,0.09978682668257746,5,0.001,0.1,1.0,0.9962378289075885,0.9955381438087695,0.9953532419508369,0.9951624410529784,0.9951646284330412,0.9951582545450922,0.9959788212502457,0.9918022681552795,0.9958280196585216,0.9954181963395826,0.993480955135905
1,1,2.074223379420627,0.50732,5000,2.2013738773487233,0.4184652278177458,834,2.201126254785556,0.4205,0.9989132178652559,0.08345277999593735,,,0.99,,0.9900107286803723,0.00998927131962768,0.9721519368672927,0.09978682668257746,5,0.001,0.1,0.9962378289075885,1.0,0.9971111324457738,0.9967587010714556,0.9959662814833684,0.9961695725156949,0.9957263263172815,0.9971595305363579,0.9958273083751662,0.996494159005941,0.9976199840982723,0.9963231731401236
1,2,2.0750263611981823,0.48832,5000,2.2021942756794117,0.41127098321342925,834,2.201126254785556,0.4205,0.9982496876178248,0.08337732394439658,,,0.99,,0.9900107286803723,0.00998927131962768,0.9721519368672927,0.09978682668257746,5,0.001,0.1,0.9955381438087695,0.9971111324457738,1.0,0.9951681362102427,0.9941662944335482,0.9950125364119115,0.995762779991261,0.9960327953465963,0.9949937006983349,0.9967935050635455,0.9970132193184941,0.9958569251425486
1,3,2.076969407622222,0.513,5000,2.197214930145829,0.45083932853717024,834,2.201126254785556,0.4205,0.9980674738756963,0.08322863180600591,,,0.99,,0.9900107286803723,0.00998927131962768,0.9721519368672927,0.09978682668257746,5,0.001,0.1,0.9953532419508369,0.9967587010714556,0.9951681362102427,1.0,0.9962719760839003,0.9958835748749689,0.9929283283844235,0.9965707371838333,0.9949993461923741,0.9947939187364547,0.996597500693277,0.9959524680785751
1,4,2.067565154725579,0.52328,5000,2.199766441627785,0.43577430972388953,833,2.201126254785556,0.4205,0.9973615057062618,0.08326792155493659,,,0.99,,0.9900107286803723,0.00998927131962768,0.9721519368672927,0.09978682668257746,5,0.001,0.1,0.9951624410529784,0.9959662814833684,0.9941662944335482,0.9962719760839003,1.0,0.9963513786488363,0.994846552162038,0.995952948710339,0.9923067102263172,0.9929038457453524,0.996328033273118,0.9925624589377601
1,5,2.069064135915914,0.54568,5000,2.1947930830496327,0.45018007202881155,833,2.201126254785556,0.4205,0.9978093319835607,0.0833779096673467,,,0.99,,0.9900107286803723,0.00998927131962768,0.9721519368672927,0.09978682668257746,5,0.001,0.1,0.9951646284330412,0.9961695725156949,0.9950125364119115,0.9958835748749689,0.9963513786488363,1.0,0.9951257776415229,0.9964246967085465,0.9941192475112948,0.9949318686948301,0.995485128629266,0.9935103062705932
1,6,2.067113532837789,0.52824,5000,2.2099980866467512,0.4129651860744298,833,2.201126254785556,0.4205,0.9971644255564331,0.08323856716913183,,,0.99,,0.9900107286803723,0.00998927131962768,0.9721519368672927,0.09978682668257746,5,0.001,0.1,0.9951582545450922,0.9957263263172815,0.995762779991261,0.9929283283844235,0.994846552162038,0.9951257776415229,1.0,0.9961074363107612,0.9916907168570017,0.9948100893662258,0.9959370318923626,0.9923613428478387
1,7,2.0702300310134887,0.5262,5000,2.2039651694121183,0.41656662665066024,833,2.201126254785556,0.4205,0.9985701738554549,0.08343492971600429,,,0.99,,0.9900107286803723,0.00998927131962768,0.9721519368672927,0.09978682668257746,5,0.001,0.1,0.9959788212502457,0.9971595305363579,0.9960327953465963,0.9965707371838333,0.995952948710339,0.9964246967085465,0.9961074363107612,1.0,0.9951834502735403,0.9955115236028335,0.9971626617548202,0.9952016980813343
1,8,2.074893532588983,0.5174,5000,2.2030583487616644,0.4009603841536615,833,2.201126254785556,0.4205,0.9969109159428292,0.08320450631575606,,,0.99,,0.9900107286803723,0.00998927131962768,0.9721519368672927,0.09978682668257746,5,0.001,0.1,0.9918022681552795,0.9958273083751662,0.9949937006983349,0.9949993461923741,0.9923067102263172,0.9941192475112948,0.9916907168570017,0.9951834502735403,1.0,0.9940810985226961,0.995553390897374,0.9968732995529002
1,9,2.0767468358301056,0.48972,5000,2.20192207230462,0.43577430972388953,833,2.201126254785556,0.4205,0.9976778670796711,0.08330763435019095,,,0.99,,0.9900107286803723,0.00998927131962768,0.9721519368672927,0.09978682668257746,5,0.001,0.1,0.9958280196585216,0.996494159005941,0.9967935050635455,0.9947939187364547,0.9929038457453524,0.9949318686948301,0.9948100893662258,0.9955115236028335,0.9940810985226961,1.0,0.9957866300381478,0.9946694242924221
1,10,2.077411236125193,0.51692,5000,2.206251303354899,0.4189675870348139,833,2.201126254785556,0.4205,0.9987392176978744,0.08346569962413504,,,0.99,,0.9900107286803723,0.00998927131962768,0.9721519368672927,0.09978682668257746,5,0.001,0.1,0.9954181963395826,0.9976199840982723,0.9970132193184941,0.996597500693277,0.996328033273118,0.995485128629266,0.9959370318923626,0.9971626617548202,0.995553390897374,0.9957866300381478,1.0,0.996408249556563
1,11,2.0757295200019885,0.52708,5000,2.202304336759779,0.39735894357743096,833,2.201126254785556,0.4205,0.9973931597053287,0.08330553121068422,,,0.99,,0.9900107286803723,0.00998927131962768,0.9721519368672927,0.09978682668257746,5,0.001,0.1,0.993480955135905,0.9963231731401236,0.9958569251425486,0.9959524680785751,0.9925624589377601,0.9935103062705932,0.9923613428478387,0.9952016980813343,0.9968732995529002,0.9946694242924221,0.996408249556563,1.0
2,0,1.9128847963491062,0.5422,5000,2.142324544765331,0.49640287769784175,834,2.134396307003765,0.5313,0.998681395854596,0.08333646621337117,,,0.99,,0.9900107286803723,0.00998927131962768,0.9872556034685319,0.09986839945271601,5,0.001,0.1,1.0,0.9977750935360536,0.9978297734231003,0.9969892445887385,0.9967135803520228,0.9966312013059311,0.9970490237604208,0.9973403951106999,0.9960712506036505,0.9975024395802495,0.9976054061478004,0.9968936026412835
2,1,1.917936461746313,0.56888,5000,2.136097095630787,0.5035971223021583,834,2.134396307003765,0.5313,0.9991625188623893,0.08342203286568242,,,0.99,,0.9900107286803723,0.00998927131962768,0.9872556034685319,0.09986839945271601,5,0.001,0.1,0.9977750935360536,1.0,0.9979358244272025,0.9980651918347698,0.9976756638550645,0.9976434336789233,0.9969790627638375,0.9978260265440262,0.997273276407481,0.9973191625036703,0.998139891433159,0.9975332169888669
2,2,1.9182259851200565,0.5618,5000,2.1358413343076355,0.5335731414868106,834,2.134396307003765,0.5313,0.9989686050196679,0.08336950355791792,,,0.99,,0.9900107286803723,0.00998927131962768,0.9872556034685319,0.09986839945271601,5,0.001,0.1,0.9978297734231003,0.9979358244272025,1.0,0.9973233696324587,0.9970630725319857,0.9974244667346687,0.9970740991370596,0.9973846968776343,0.9969578978993319,0.9977835159620054,0.9979123264905752,0.9971540037578599
2,3,1.9225824870881,0.57476,5000,2.1293098485028303,0.5683453237410072,834,2.134396307003765,0.5313,0.9988192776626299,0.08327350374059547,,,0.99,,0.9900107286803723,0.00998927131962768,0.9872556034685319,0.09986839945271601,5,0.001,0.1,0.9969892445887385,0.9980651918347698,0.9973233696324587,1.0,0.997342063724036,0.9970360164840038,0.9957712246766648,0.9976549718742306,0.9974684758073001,0.996500051769147,0.9980451804170336,0.9978613627385757
2,4,1.9096217393875121,0.574,5000,2.1327297069408275,0.5330132052821128,833,2.134396307003765,0.5313,0.9985132126051492,0.0832877187310124,,,0.99,,0.9900107286803723,0.00998927131962768,0.9872556034685319,0.09986839945271601,5,0.001,0.1,0.9967135803520228,0.9976756638550645,0.9970630725319857,0.997342063724036,1.0,0.9974091150890579,0.9968726911726709,0.9971990945426176,0.9961864659559706,0.9956078740741677,0.9981342554856766,0.9961834408365627
2,5,1.9088841275804362,0.59484,5000,2.126003936485008,0.5618247298919568,833,2.134396307003765,0.5313,0.9986998366855612,0.08336118836632438,,,0.99,,0.9900107286803723,0.00998927131962768,0.9872556034685319,0.09986839945271601,5,0.001,0.1,0.9966312013059311,0.9976434336789233,0.9974244667346687,0.9970360164840038,0.9974091150890579,1.0,0.9968403517712865,0.997456087965012,0.9970839878585178,0.9968973863367593,0.9975973321958503,0.9966029638119817
2,6,1.9067999352315428,0.5812,5000,2.1432665983835855,0.5198079231692677,833,2.134396307003765,0.5313,0.9981084403071164,0.08325665433419674,,,0.99,,0.9900107286803723,0.00998927131962768,0.9872556034685319,0.09986839945271601,5,0.001,0.1,0.9970490237604208,0.9969790627638375,0.9970740991370596,0.9957712246766648,0.9968726911726709,0.9968403517712865,1.0,0.9970660376594608,0.9950965927972082,0.9961858049555982,0.9972423471515471,0.9953594079143118
2,7,1.9111067082471909,0.59172,5000,2.1366347913388855,0.5270108043217286,833,2.134396307003765,0.5313,0.9989154835621945,0.08340311385112292,,,0.99,,0.9900107286803723,0.00998927131962768,0.9872556034685319,0.09986839945271601,5,0.001,0.1,0.9973403951106999,0.9978260265440262,0.9973846968776343,0.9976549718742306,0.9971990945426176,0.997456087965012,0.9970660376594608,1.0,0.9973787423669541,0.9967981711056504,0.9978528680475585,0.9972486862261991
2,8,1.9189964508554738,0.57932,5000,2.138245317671034,0.5270108043217286,833,2.134396307003765,0.5313,0.9983564853302642,0.08324377321636665,,,0.99,,0.9900107286803723,0.00998927131962768,0.9872556034685319,0.09986839945271601,5,0.001,0.1,0.9960712506036505,0.997273276407481,0.9969578978993319,0.9974684758073001,0.9961864659559706,0.9970839878585178,0.9950965927972082,0.9973787423669541,1.0,0.9962499174903426,0.9971747341464487,0.9975715772327832
2,9,1.9208215965586863,0.56244,5000,2.1318802656950773,0.5558223289315727,833,2.134396307003765,0.5313,0.9983132041124942,0.08330561606365038,,,0.99,,0.9900107286803723,0.00998927131962768,0.9872556034685319,0.09986839945271601,5,0.001,0.1,0.9975024395802495,0.9973191625036703,0.9977835159620054,0.996500051769147,0.9956078740741677,0.9968973863367593,0.9961858049555982,0.9967981711056504,0.9962499174903426,1.0,0.9969628959349893,0.996182023804186
2,10,1.9232707435158407,0.57072,5000,2.1377897174270064,0.5294117647058824,833,2.134396307003765,0.5313,0.9991702326618839,0.08343020434331418,,,0.99,,0.9900107286803723,0.00998927131962768,0.9872556034685319,0.09986839945271601,5,0.001,0.1,0.9976054061478004,0.998139891433159,0.9979123264905752,0.9980451804170336,0.9981342554856766,0.9975973321958503,0.9972423471515471,0.9978528680475585,0.9971747341464487,0.9969628959349893,1.0,0.9975911679550228
2,11,1.919229226507199,0.58984,5000,2.1391911418349654,0.5198079231692677,833,2.134396307003765,0.5313,0.9984959592044924,0.0833102247164454,,,0.99,,0.9900107286803723,0.00998927131962768,0.9872556034685319,0.09986839945271601,5,0.001,0.1,0.9968936026412835,0.9975332169888669,0.9971540037578599,0.9978613627385757,0.9961834408365627,0.9966029638119817,0.9953594079143118,0.9972486862261991,0.9975715772327832,0.996182023804186,0.9975911679550228,1.0
3,0,1.7461182983058274,0.58648,5000,2.064704868528578,0.5575539568345323,834,2.054789598376606,0.5872,0.9988687408723318,0.08333465263379854,,,0.99,,0.9900107286803723,0.00998927131962768,0.9948490282430628,0.09988874885213168,5,0.001,0.1,1.0,0.997956274899478,0.9979883174011777,0.9976843271233893,0.9971999675647534,0.9971248344885068,0.9974265759029209,0.9977382220233677,0.9969559417014978,0.9977819222520612,0.9979066115035538,0.997325212301002
3,1,1.7511951921851772,0.6004,5000,2.0577972023575395,0.5575539568345323,834,2.054789598376606,0.5872,0.999193132719662,0.08339758806980647,,,0.99,,0.9900107286803723,0.00998927131962768,0.9948490282430628,0.09988874885213168,5,0.001,0.1,0.997956274899478,1.0,0.9980358356887359,0.9983868886201235,0.9978374419123975,0.9979671451162133,0.9973150518272713,0.9980166425692237,0.9978101798403602,0.9974092457185247,0.9982764707502237,0.9979640599470658
3,2,1.749418245910839,0.601,5000,2.0566311412387424,0.5959232613908872,834,2.054789598376606,0.5872,0.9990202014829882,0.0833597979848377,,,0.99,,0.9900107286803723,0.00998927131962768,0.9948490282430628,0.09988874885213168,5,0.001,0.1,0.9979883174011777,0.9980358356887359,1.0,0.9977769536803678,0.9973639888786675,0.997763598781633,0.997520626900893,0.9975793213009326,0.997523925434843,0.9978725003131247,0.9980071124541445,0.9974713763296614
3,3,1.7563689862087275,0.612,5000,2.0484798042862504,0.6187050359712231,834,2.054789598376606,0.5872,0.9991279608025824,0.0833044116398783,,,0.99,,0.9900107286803723,0.00998927131962768,0.9948490282430628,0.09988874885213168,5,0.001,0.1,0.9976843271233893,0.9983868886201235,0.9977769536803678,1.0,0.9979082228327465,0.9977635251051746,0.9966991708574815,0.9980827836535096,0.9980365826806655,0.9970869435153157,0.9984689494123034,0.9983021848208162
3,4,1.7410126635982732,0.60296,5000,2.052508270298993,0.5942376950780313,833,2.054789598376606,0.5872,0.998748405640371,0.08330087881689904,,,0.99,,0.9900107286803723,0.00998927131962768,0.9948490282430628,0.09988874885213168,5,0.001,0.1,0.9971999675647534,0.9978374419123975,0.9973639888786675,0.9979082228327465,1.0,0.9977265853350915,0.9972978995461059,0.997562114733434,0.9972012237500976,0.9961100544874559,0.9984119712465526,0.9970273824366348
3,5,1.7373397285011922,0.61976,5000,2.044184592035082,0.6134453781512605,833,2.054789598376606,0.5872,0.9988789778401809,0.08335014181689367,,,0.99,,0.9900107286803723,0.00998927131962768,0.9948490282430628,0.09988874885213168,5,0.001,0.1,0.9971248344885068,0.9979671451162133,0.997763598781633,0.9977635251051746,0.9977265853350915,1.0,0.9970689563178886,0.9976330842838641,0.9977609814470333,0.9971295590324892,0.9978676289735203,0.9974050679555341
3,6,1.735228372227614,0.60932,5000,2.0637961316991738,0.581032412965186,833,2.054789598376606,0.5872,0.9984305069861702,0.0832715719304115,,,0.99,,0.9900107286803723,0.00998927131962768,0.9948490282430628,0.09988874885213168,5,0.001,0.1,0.9974265759029209,0.9973150518272713,0.997520626900893,0.9966991708574815,0.9972978995461059,0.9970689563178886,1.0,0.9974010115584624,0.9962017155897984,0.9970706219115573,0.9975983114028175,0.9962373167713415
3,7,1.74084464273635,0.6178,5000,2.056548825016728,0.5834333733493398,833,2.054789598376606,0.5872,0.9990417975956102,0.08338110366689581,,,0.99,,0.9900107286803723,0.00998927131962768,0.9948490282430628,0.09988874885213168,5,0.001,0.1,0.9977382220233677,0.9980166425692237,0.9975793213009326,0.9980827836535096,0.997562114733434,0.9976330842838641,0.9974010115584624,1.0,0.9978001348472825,0.9971715858332978,0.9982965185608759,0.9978801586553864
3,8,1.7504003591598218,0.6138,5000,2.061249512213248,0.5870348139255702,833,2.054789598376606,0.5872,0.9987783702406425,0.08327489988036083,,,0.99,,0.9900107286803723,0.00998927131962768,0.9948490282430628,0.09988874885213168,5,0.001,0.1,0.9969559417014978,0.9978101798403602,0.997523925434843,0.9980365826806655,0.9972012237500976,0.9977609814470333,0.9962017155897984,0.9978001348472825,1.0,0.9969956299777832,0.9979198691990085,0.9978012413695124
3,9,1.752612323214294,0.60132,5000,2.048157250439679,0.6086434573829532,833,2.054789598376606,0.5872,0.998494374950595,0.08330365480701672,,,0.99,,0.9900107286803723,0.00998927131962768,0.9948490282430628,0.09988874885213168,5,0.001,0.1,0.9977819222520612,0.9974092457185247,0.9978725003131247,0.9970869435153157,0.9961100544874559,0.9971295590324892,0.9970706219115573,0.9971715858332978,0.9969956299777832,1.0,0.9973436679653912,0.9966301603571337
3,10,1.7566536956531986,0.6048,5000,2.056390506249887,0.5834333733493398,833,2.054789598376606,0.5872,0.999285624216596,0.08340558343500346,,,0.99,,0.9900107286803723,0.00998927131962768,0.9948490282430628,0.09988874885213168,5,0.001,0.1,0.9979066115035538,0.9982764707502237,0.9980071124541445,0.9984689494123034,0.9984119712465526,0.9978676289735203,0.9975983114028175,0.9982965185608759,0.9979198691990085,0.9973436679653912,1.0,0.9979871695656956
3,11,1.7512622546238505,0.62152,5000,2.063297148104067,0.5654261704681873,833,2.054789598376606,0.5872,0.9987805253696265,0.08331571531819802,,,0.99,,0.9900107286803723,0.00998927131962768,0.9948490282430628,0.09988874885213168,5,0.001,0.1,0.997325212301002,0.9979640599470658,0.9974713763296614,0.9983021848208162,0.9970273824366348,0.9974050679555341,0.9962373167713415,0.9978801586553864,0.9978012413695124,0.9966301603571337,0.9979871695656956,1.0
4,0,1.592651329830194,0.61572,5000,1.9742867063592981,0.5839328537170264,834,1.9622458154781939,0.617,0.998858871107436,0.08333201880727378,,,0.99,,0.9900107286803723,0.00998927131962768,0.9971567809526745,0.09989246499832972,5,0.001,0.1,1.0,0.9978275781352096,0.9978139605289142,0.997684293119054,0.9974948526367295,0.9972537152730724,0.9976475315100278,0.9976573784247826,0.9972090193924241,0.9976993817959635,0.9979646011239773,0.9971648520425871
4,1,1.5953317403793335,0.62356,5000,1.9667105233227764,0.5887290167865707,834,1.9622458154781939,0.617,0.9991104487877925,0.08337872699064107,,,0.99,,0.9900107286803723,0.00998927131962768,0.9971567809526745,0.09989246499832972,5,0.001,0.1,0.9978275781352096,1.0,0.9979201139887881,0.9983245197938514,0.9978520480098727,0.9978677097767334,0.9974558370359365,0.9979311126973709,0.9977447448407566,0.9975937324862544,0.9982236169109961,0.9976903254716167
4,2,1.5917736958546245,0.6298,5000,1.9642375751777932,0.6282973621103117,834,1.9622458154781939,0.617,0.9989927985396112,0.08335175893073855,,,0.99,,0.9900107286803723,0.00998927131962768,0.9971567809526745,0.09989246499832972,5,0.001,0.1,0.9978139605289142,0.9979201139887881,1.0,0.9977230799582135,0.9974296021490346,0.9979792075143513,0.9978552371427404,0.9975250844983835,0.9976125845969499,0.9978998368850892,0.9979195590205471,0.9973440707167469
4,3,1.5998823646527187,0.63888,5000,1.9548477773313169,0.6474820143884892,834,1.9622458154781939,0.617,0.9991445692927231,0.08332269619444505,,,0.99,,0.9900107286803723,0.00998927131962768,0.9971567809526745,0.09989246499832972,5,0.001,0.1,0.997684293119054,0.9983245197938514,0.9977230799582135,1.0,0.9979715956904235,0.997842387222392,0.9972733929242881,0.998225315991546,0.9979453233987748,0.9973460662620648,0.9983221963640224,0.998183931504813
4,4,1.585942840272454,0.62776,5000,1.9585786881270233,0.6242496998799519,833,1.9622458154781939,0.617,0.9988386650182762,0.08331065802505985,,,0.99,,0.9900107286803723,0.00998927131962768,0.9971567809526745,0.09989246499832972,5,0.001,0.1,0.9974948526367295,0.9978520480098727,0.9974296021490346,0.9979715956904235,1.0,0.9978283672146474,0.9975007012611895,0.9977371238508143,0.9973547508056829,0.9965991445136856,0.9983373839553943,0.9970696967786318
4,5,1.579899375909453,0.641,5000,1.949511585412202,0.6410564225690276,833,1.9622458154781939,0.617,0.9989389988331149,0.08334410197259634,,,0.99,,0.9900107286803723,0.00998927131962768,0.9971567809526745,0.09989246499832972,5,0.001,0.1,0.9972537152730724,0.9978677097767334,0.9979792075143513,0.997842387222392,0.9978283672146474,1.0,0.997364323762477,0.9976827945085953,0.9979059918622543,0.9974821010887954,0.9978808682381037,0.9972900735549869
4,6,1.577613531859817,0.63156,5000,1.97161097879763,0.6074429771908764,833,1.9622458154781939,0.617,0.9986877304512187,0.08328781737522649,,,0.99,,0.9900107286803723,0.00998927131962768,0.9971567809526745,0.09989246499832972,5,0.001,0.1,0.9976475315100278,0.9974558370359365,0.9978552371427404,0.9972733929242881,0.9975007012611895,0.997364323762477,1.0,0.9975676346155089,0.9969196878563819,0.997329092567962,0.9979437422098258,0.9965099919741353
4,7,1.5841910047136294,0.63844,5000,1.9634269961604365,0.6158463385354142,833,1.9622458154781939,0.617,0.9990258868317142,0.08336589049861587,,,0.99,,0.9900107286803723,0.00998927131962768,0.9971567809526745,0.09989246499832972,5,0.001,0.1,0.9976573784247826,0.9979311126973709,0.9975250844983835,0.998225315991546,0.9977371238508143,0.9976827945085953,0.9975676346155089,1.0,0.9979701311113675,0.9972379736366207,0.9981981328275894,0.9976856353801208
4,8,1.5939942766147055,0.64028,5000,1.9718976109116166,0.6218487394957983,833,1.9622458154781939,0.617,0.9988915809649043,0.08329643649727192,,,0.99,,0.9900107286803723,0.00998927131962768,0.9971567809526745,0.09989246499832972,5,0.001,0.1,0.9972090193924241,0.9977447448407566,0.9976125845969499,0.9979453233987748,0.9973547508056829,0.9979059918622543,0.9969196878563819,0.9979701311113675,1.0,0.9975004218325271,0.9979279505678291,0.9977200473859896
4,9,1.5968837741074289,0.62604,5000,1.9507822504750005,0.6374549819927972,833,1.9622458154781939,0.617,0.9986676102286429,0.0833068399526212,,,0.99,,0.9900107286803723,0.00998927131962768,0.9971567809526745,0.09989246499832972,5,0.001,0.1,0.9976993817959635,0.9975937324862544,0.9978998368850892,0.9973460662620648,0.9965991445136856,0.9974821010887954,0.997329092567962,0.9972379736366207,0.9975004218325271,1.0,0.9975133693627731,0.9969244267597052
4,10,1.601746867188982,0.62748,5000,1.9620247019661798,0.6062424969987995,833,1.9622458154781939,0.617,0.99924681866445,0.08338803027659268,,,0.99,,0.9900107286803723,0.00998927131962768,0.9971567809526745,0.09989246499832972,5,0.001,0.1,0.9979646011239773,0.9982236169109961,0.9979195590205471,0.9983221963640224,0.9983373839553943,0.9978808682381037,0.9979437422098258,0.9981981328275894,0.9979279505678291,0.9975133693627731,1.0,0.9978349495969538
4,11,1.5927191033484829,0.63936,5000,1.9750926936114277,0.6014405762304922,833,1.9622458154781939,0.617,0.9986920752186879,0.0833150244789172,,,0.99,,0.9900107286803723,0.00998927131962768,0.9971567809526745,0.09989246499832972,5,0.001,0.1,0.9971648520425871,0.9976903254716167,0.9973440707167469,0.998183931504813,0.9970696967786318,0.9972900735549869,0.9965099919741353,0.9976856353801208,0.9977200473859896,0.9969244267597052,0.9978349495969538,1.0
5,0,1.457354802538635,0.63876,5000,1.8721104639547843,0.6306954436450839,834,1.8577534676359866,0.6558,0.998830815735109,0.0833320290877554,,,0.99,,0.9900107286803723,0.00998927131962768,0.9980339484609829,0.09988462861314377,5,0.001,0.1,1.0,0.9976944171727619,0.9974157839498767,0.997938080712369,0.9974776403473484,0.9970857777121328,0.9974362077935116,0.9974521853316451,0.9969421101228798,0.997496795613428,0.9980243493292839,0.9971775640940486
5,1,1.4592358394792886,0.63952,5000,1.8638832878183436,0.6223021582733813,834,1.8577534676359866,0.6558,0.9989278302642584,0.0833638003743791,,,0.99,,0.9900107286803723,0.00998927131962768,0.9980339484609829,0.09988462861314377,5,0.001,0.1,0.9976944171727619,1.0,0.997511692963262,0.9980955022559068,0.997579138207082,0.9974839966164332,0.9973387199573307,0.9975027004514656,0.9974771545632853,0.9972026639471065,0.9978921401390134,0.997524533565924
5,2,1.4529330534540164,0.65256,5000,1.8598030982194123,0.6786570743405276,834,1.8577534676359866,0.6558,0.9988585239216246,0.08334502749081096,,,0.99,,0.9900107286803723,0.00998927131962768,0.9980339484609829,0.09988462861314377,5,0.001,0.1,0.9974157839498767,0.997511692963262,1.0,0.9975052188068572,0.997375867311232,0.9977322966404126,0.9975992134436734,0.9973908809673414,0.9973184748976672,0.9975358428608372,0.997827543459533,0.9972599713580584
5,3,1.4617866293639894,0.65564,5000,1.8492781321207683,0.6738609112709832,834,1.8577534676359866,0.6558,0.9991297915422038,0.08333596136535466,,,0.99,,0.9900107286803723,0.00998927131962768,0.9980339484609829,0.09988462861314377,5,0.001,0.1,0.997938080712369,0.9980955022559068,0.9975052188068572,1.0,0.9979210557619248,0.9976767240382172,0.9974558563875587,0.9981130727369918,0.9976707851499604,0.9970730105170794,0.9981652349281989,0.9981100310945765
5,4,1.4481028819539745,0.64876,5000,1.8521346251169841,0.65906362545018,833,1.8577534676359866,0.6558,0.9988364740417403,0.08331911375331257,,,0.99,,0.9900107286803723,0.00998927131962768,0.9980339484609829,0.09988462861314377,5,0.001,0.1,0.9974776403473484,0.997579138207082,0.997375867311232,0.9979210557619248,1.0,0.9974898604581702,0.9974046353589427,0.9976600950081069,0.9974003501122254,0.9965748204844859,0.9982541226446309,0.9970714487548976
5,5,1.442088979596545,0.65964,5000,1.8426386426996302,0.6854741896758704,833,1.8577534676359866,0.6558,0.9988147050158783,0.08333891827493031,,,0.99,,0.9900107286803723,0.00998927131962768,0.9980339484609829,0.09988462861314377,5,0.001,0.1,0.9970857777121328,0.9974839966164332,0.9977322966404126,0.9976767240382172,0.9974898604581702,1.0,0.9971238388946855,0.9971976011579925,0.99767288823599,0.997418560573487,0.9977194516329081,0.9973468671397017
5,6,1.441337225923113,0.64588,5000,1.8675174315770466,0.6446578631452581,833,1.8577534676359866,0.6558,0.998647534585844,0.08329901084600008,,,0.99,,0.9900107286803723,0.00998927131962768,0.9980339484609829,0.09988462861314377,5,0.001,0.1,0.9974362077935116,0.9973387199573307,0.9975992134436734,0.9974558563875587,0.9974046353589427,0.9971238388946855,1.0,0.997219031297478,0.9968128820844359,0.9971781141672815,0.9977312048554574,0.9966458061228448
5,7,1.445773989607574,0.6562,5000,1.8582379376446758,0.6626650660264105,833,1.8577534676359866,0.6558,0.9988833339283916,0.08335449332469909,,,0.99,,0.9900107286803723,0.00998927131962768,0.9980339484609829,0.09988462861314377,5,0.001,0.1,0.9974521853316451,0.9975027004514656,0.9973908809673414,0.9981130727369918,0.9976600950081069,0.9971976011579925,0.997219031297478,1.0,0.9976533543011321,0.9969251794260539,0.9980012655370587,0.9976543033476515
5,8,1.4573720294958468,0.65872,5000,1.8713022779535364,0.6518607442977191,833,1.8577534676359866,0.6558,0.9987788036548396,0.08330853227218163,,,0.99,,0.9900107286803723,0.00998927131962768,0.9980339484609829,0.09988462861314377,5,0.001,0.1,0.9969421101228798,0.9974771545632853,0.9973184748976672,0.9976707851499604,0.9974003501122254,0.99767288823599,0.9968128820844359,0.9976533543011321,1.0,0.9973042208755353,0.9977381097070074,0.9975282562821651
5,9,1.4605101915681438,0.64604,5000,1.8409022490183513,0.6830732292917167,833,1.8577534676359866,0.6558,0.9985385061593365,0.08330715643694771,,,0.99,,0.9900107286803723,0.00998927131962768,0.9980339484609829,0.09988462861314377,5,0.001,0.1,0.997496795613428,0.9972026639471065,0.9975358428608372,0.9970730105170794,0.9965748204844859,0.997418560573487,0.9971781141672815,0.9969251794260539,0.9973042208755353,1.0,0.997359942025413,0.9965692192635529
5,10,1.464205670584539,0.64616,5000,1.8557183389310483,0.6422569027611045,833,1.8577534676359866,0.6558,0.99919741171375,0.08337820499741164,,,0.99,,0.9900107286803723,0.00998927131962768,0.9980339484609829,0.09988462861314377,5,0.001,0.1,0.9980243493292839,0.9978921401390134,0.997827543459533,0.9981652349281989,0.9982541226446309,0.9977194516329081,0.9977312048554574,0.9980012655370587,0.9977381097070074,0.997359942025413,1.0,0.9978206527446765
5,11,1.4541720332613417,0.6568,5000,1.8754218816757202,0.6350540216086434,833,1.8577534676359866,0.6558,0.9987113089850053,0.08331775177621695,,,0.99,,0.9900107286803723,0.00998927131962768,0.9980339484609829,0.09988462861314377,5,0.001,0.1,0.9971775640940486,0.997524533565924,0.9972599713580584,0.9981100310945765,0.9970714487548976,0.9973468671397017,0.9966458061228448,0.9976543033476515,0.9975282562821651,0.9965692192635529,0.9978206527446765,1.0
6,0,1.3409013255386595,0.656,5000,1.7601050933202107,0.6558752997601919,834,1.7432441646679522,0.6771,0.9986427405144624,0.08333112613880748,,,0.99,,0.9900107286803723,0.00998927131962768,0.9984347523021894,0.09986863302376256,5,0.001,0.1,1.0,0.9971475499058938,0.9969980829131233,0.9975293298459573,0.9971456506289816,0.9966901008813588,0.9966539518382658,0.9972208775623297,0.996839479320961,0.9973048229572761,0.9977023283706691,0.9967382573815227
6,1,1.3425493861459623,0.65528,5000,1.751177222640426,0.6534772182254197,834,1.7432441646679522,0.6771,0.9986531668487041,0.08335094527446678,,,0.99,,0.9900107286803723,0.00998927131962768,0.9984347523021894,0.09986863302376256,5,0.001,0.1,0.9971475499058938,1.0,0.9969734245008111,0.9976504746845023,0.9971761664370035,0.9971845296146998,0.9964282421000235,0.9972409475886205,0.9969740973582293,0.9968467054047437,0.9975846105582333,0.9968874083439564
6,2,1.3356313455636335,0.66916,5000,1.7452616426679823,0.7026378896882494,834,1.7432441646679522,0.6771,0.9986611258094243,0.08333969033098254,,,0.99,,0.9900107286803723,0.00998927131962768,0.9984347523021894,0.09986863302376256,5,0.001,0.1,0.9969980829131233,0.9969734245008111,1.0,0.9971552934682729,0.9968766322351826,0.9974746180922616,0.9971178364675319,0.9968976306202907,0.997024780833358,0.9973826751091914,0.9975225381869546,0.9967672165470719
6,3,1.3435329020402993,0.66992,5000,1.7336806721157498,0.6870503597122302,834,1.7432441646679522,0.6771,0.9989804232367483,0.08334443600367925,,,0.99,,0.9900107286803723,0.00998927131962768,0.9984347523021894,0.09986863302376256,5,0.001,0.1,0.9975293298459573,0.9976504746845023,0.9971552934682729,1.0,0.9975689910294278,0.9972580531804653,0.996906706240029,0.9979229541930302,0.9974461918119403,0.9969614862596806,0.9978547737036433,0.9977628662041711
6,4,1.3302920421217657,0.66944,5000,1.735075694543344,0.680672268907563,833,1.7432441646679522,0.6771,0.9987124715474721,0.08332545679390573,,,0.99,,0.9900107286803723,0.00998927131962768,0.9984347523021894,0.09986863302376256,5,0.001,0.1,0.9971456506289816,0.9971761664370035,0.9968766322351826,0.9975689910294278,1.0,0.9972838155436721,0.9971073246623922,0.9975167234751863,0.9971639534637764,0.9962007268404705,0.9979855858075503,0.9967806591379418
6,5,1.3237395853753302,0.67548,5000,1.7254569044819585,0.7070828331332533,833,1.7432441646679522,0.6771,0.9986832413771304,0.08333665783621684,,,0.99,,0.9900107286803723,0.00998927131962768,0.9984347523021894,0.09986863302376256,5,0.001,0.1,0.9966901008813588,0.9971845296146998,0.9974746180922616,0.9972580531804653,0.9972838155436721,1.0,0.9963345246274921,0.9970530918689325,0.9975084823246697,0.9971479945084805,0.9975272800500244,0.9969931937250872
6,6,1.3227998139751944,0.66376,5000,1.7536195428283126,0.6674669867947179,833,1.7432441646679522,0.6771,0.9982886064537004,0.08329944936457602,,,0.99,,0.9900107286803723,0.00998927131962768,0.9984347523021894,0.09986863302376256,5,0.001,0.1,0.9966539518382658,0.9964282421000235,0.9971178364675319,0.996906706240029,0.9971073246623922,0.9963345246274921,1.0,0.9968047047265666,0.9964144117673513,0.9965863879971817,0.99742362346828,0.9959500556690298
6,7,1.3281013667203818,0.66952,5000,1.7429739192680076,0.6842737094837935,833,1.7432441646679522,0.6771,0.9988301253217919,0.08335094929358046,,,0.99,,0.9900107286803723,0.00998927131962768,0.9984347523021894,0.09986863302376256,5,0.001,0.1,0.9972208775623297,0.9972409475886205,0.9968976306202907,0.9979229541930302,0.9975167234751863,0.9970530918689325,0.9968047047265666,1.0,0.9974716738525162,0.9968517757312294,0.9978537418962931,0.9973813772509784
6,8,1.3386369658123916,0.6742,5000,1.7612225302943476,0.6746698679471789,833,1.7432441646679522,0.6771,0.9987082901085672,0.08331883311665192,,,0.99,,0.9900107286803723,0.00998927131962768,0.9984347523021894,0.09986863302376256,5,0.001,0.1,0.996839479320961,0.9969740973582293,0.997024780833358,0.9974461918119403,0.9971639534637764,0.9975084823246697,0.9964144117673513,0.9974716738525162,1.0,0.9971454489837488,0.9976073318288217,0.9971609608054534
6,9,1.3427494478833144,0.6598,5000,1.7205426295598347,0.7070828331332533,833,1.7432441646679522,0.6771,0.9984602112661013,0.08330998281902496,,,0.99,,0.9900107286803723,0.00998927131962768,0.9984347523021894,0.09986863302376256,5,0.001,0.1,0.9973048229572761,0.9968467054047437,0.9973826751091914,0.9969614862596806,0.9962007268404705,0.9971479945084805,0.9965863879971817,0.9968517757312294,0.9971454489837488,1.0,0.9971841448104486,0.9961718055417554
6,10,1.3456607485273082,0.662,5000,1.7393057611253526,0.65906362545018,833,1.7432441646679522,0.6771,0.9991271896822005,0.08337507724489338,,,0.99,,0.9900107286803723,0.00998927131962768,0.9984347523021894,0.09986863302376256,5,0.001,0.1,0.9977023283706691,0.9975846105582333,0.9975225381869546,0.9978547737036433,0.9979855858075503,0.9975272800500244,0.99742362346828,0.9978537418962931,0.9976073318288217,0.9971841448104486,1.0,0.9975292916899933
6,11,1.33515066204557,0.6742,5000,1.765963360115334,0.6458583433373349,833,1.7432441646679522,0.6771,0.9984885848532086,0.08331739578321458,,,0.99,,0.9900107286803723,0.00998927131962768,0.9984347523021894,0.09986863302376256,5,0.001,0.1,0.9967382573815227,0.9968874083439564,0.9967672165470719,0.9977628662041711,0.9967806591379418,0.9969931937250872,0.9959500556690298,0.9973813772509784,0.9971609608054534,0.9961718055417554,0.9975292916899933,1.0
7,0,1.2416216163118934,0.66976,5000,1.6414931659345273,0.6654676258992805,834,1.6221650888363774,0.6904,0.9985684643050402,0.08333359716857011,,,0.99,,0.9900107286803723,0.00998927131962768,0.9985950454303617,0.09985183862932988,5,0.001,0.1,1.0,0.9969131481227759,0.9965307106015243,0.9973632077043008,0.9970447164182349,0.9964858857951576,0.9964959652514663,0.9969014225135676,0.9964819770770751,0.9969715242537034,0.9974272511799855,0.9964513973937047
7,1,1.2419215330652371,0.66784,5000,1.6321038714161626,0.6738609112709832,834,1.6221650888363774,0.6904,0.9984384198589483,0.0833415539621607,,,0.99,,0.9900107286803723,0.00998927131962768,0.9985950454303617,0.09985183862932988,5,0.001,0.1,0.9969131481227759,1.0,0.9967446000644784,0.9971609832308487,0.996649691328887,0.9968244169371591,0.9964292830385977,0.9966345873537251,0.9965265556093682,0.996268153921003,0.9969603717013893,0.9963964821683492
7,2,1.2342531846587066,0.6846,5000,1.6240550500375253,0.7170263788968825,834,1.6221650888363774,0.6904,0.9984956898463908,0.08333650029145727,,,0.99,,0.9900107286803723,0.00998927131962768,0.9985950454303617,0.09985183862932988,5,0.001,0.1,0.9965307106015243,0.9967446000644784,1.0,0.9967587806759002,0.9967968608872048,0.9971770378592478,0.996865058941617,0.9964581811380459,0.9966705909493941,0.9968057637375896,0.9970391829638264,0.996348552269792
