round,client_id,client_i_training_loss,client_i_training_accuracy,client_i_training_dataset_size,client_i_evaluation_loss,client_i_evaluation_accuracy,client_i_evaluation_dataset_size,client_i_central_evaluation_loss,client_i_central_evaluation_accuracy,client_i_cosine_similarity,client_i_importance_coefficient,client_i_tanh_val,tanh_normalization_value,client_i_q,client_i_mask_order,client_i_v_nonzero_fraction,client_i_v_sparsity,client_i_v_cosine_similarity,client_i_reward_gradient_norm,local_epochs,learning_rate,gamma,client_0_cosine_similarity,client_1_cosine_similarity,client_2_cosine_similarity,client_3_cosine_similarity,client_4_cosine_similarity,client_5_cosine_similarity,client_6_cosine_similarity,client_7_cosine_similarity,client_8_cosine_similarity,client_9_cosine_similarity,client_10_cosine_similarity,client_11_cosine_similarity
0,0,0.3436831728857794,0.89268,5000,2.180576218499078,0.44004796163069543,834,2.1844262726390706,0.438,0.7844308512160629,0.0825791646764516,,,0.5862923750498613,,0.5863059083379348,0.41369409166206517,0,0.39338963087883455,5,0.1,0.5,1.0,0.5743521425438854,0.6003240974189751,0.5795398040833575,0.5952500068445893,0.5995470868562762,0.597214515539398,0.584320912216896,0.59252632826637,0.5855469924320723,0.5727855882799718,0.5700091505907745
0,1,0.34105930447127597,0.894,5000,2.184390995237562,0.4616306954436451,834,2.184499933315923,0.437,0.7840014283718245,0.0825339581681721,,,0.5780577002545658,,0.5780733898900657,0.42192661010993426,0,0.39320983843788215,5,0.1,0.5,0.5743521425438854,1.0,0.5900098293556919,0.5848960672938992,0.5685970080442838,0.5896233909794472,0.596467573838374,0.6031859132102851,0.582152112152115,0.594745161454767,0.5829409785723889,0.580367301935827
0,2,0.3379273795202422,0.89584,5000,2.177420006857978,0.4568345323741007,834,2.1829762039854885,0.4453,0.8044404841013769,0.08468563303703441,,,0.9699999998178431,,0.9700015059484965,0.029998494051503455,0,0.39579688600514523,5,0.1,0.5,0.6003240974189751,0.5900098293556919,1.0,0.607332933465633,0.6131652313946155,0.6121707352391316,0.6010143649520812,0.6115421659424937,0.6018277597419756,0.6018115395554402,0.6091276995393718,0.5931645244887169
0,3,0.3497620753160897,0.8924,5000,2.187402857674493,0.4196642685851319,834,2.1841664123839846,0.4392,0.7860222856157824,0.08274669929491092,,,0.6168099521083891,,0.6168264645349129,0.38317353546508715,0,0.39398230159786446,5,0.1,0.5,0.5795398040833575,0.5848960672938992,0.607332933465633,1.0,0.5944425480028074,0.587585992019052,0.5937042361934916,0.5878960838850136,0.5938541935015493,0.5824819421199756,0.5875022792691109,0.5672977971525164
0,4,0.340085231080936,0.8946,5000,2.1795693503485785,0.40816326530612246,833,2.183091945160692,0.4446,0.7959003782184851,0.08378659291263803,,,0.806233689742432,,0.8062547060890518,0.1937452939109482,0,0.39562539502735794,5,0.1,0.5,0.5952500068445893,0.5685970080442838,0.6131652313946155,0.5944425480028074,1.0,0.6102344515685548,0.6090535087954116,0.6053044835686002,0.5986929679622361,0.5867159414813622,0.5969032958844377,0.5820077928938306
0,5,0.3246637874039685,0.89564,5000,2.1794744156025074,0.4477791116446579,833,2.1830224709008066,0.4447,0.7978649571024258,0.08399340946367669,,,0.8439067395953113,,0.8439184779880529,0.15608152201194714,0,0.39571345591438284,5,0.1,0.5,0.5995470868562762,0.5896233909794472,0.6121707352391316,0.587585992019052,0.6102344515685548,1.0,0.5964624451483267,0.5921702939191347,0.5973128962597963,0.5956563872248176,0.609618194202824,0.5886471670313036
0,6,0.3404515020976401,0.8946,5000,2.1887308050085,0.4369747899159664,833,2.1834264616615857,0.4418,0.7908480704782185,0.08325472276470491,,,0.7093499031319628,,0.7093619798202901,0.29063802017970986,0,0.3951143698292582,5,0.1,0.5,0.597214515539398,0.596467573838374,0.6010143649520812,0.5937042361934916,0.6090535087954116,0.5964624451483267,1.0,0.5862669504413511,0.5825549784971216,0.582559812906526,0.5855374602858179,0.5815388232649891
0,7,0.34742455811708406,0.89,5000,2.179301447338528,0.4429771908763505,833,2.1830688817813373,0.4452,0.7965453195890531,0.083854487641108,,,0.818601179082872,,0.818618543245821,0.18138145675417905,0,0.3956598385040729,5,0.1,0.5,0.584320912216896,0.6031859132102851,0.6115421659424937,0.5878960838850136,0.6053044835686002,0.5921702939191347,0.5862669504413511,1.0,0.5960485421908492,0.6075266001318741,0.5950873233021624,0.5971443564126517
0,8,0.33610084700831183,0.89516,5000,2.1768656218493425,0.4645858343337335,833,2.1832545740535845,0.4428,0.7932939501268793,0.0835122071535104,,,0.7562524463137908,,0.7562722754881783,0.24372772451182168,0,0.3954226218693696,5,0.1,0.5,0.59252632826637,0.582152112152115,0.6018277597419756,0.5938541935015493,0.5986929679622361,0.5973128962597963,0.5825549784971216,0.5960485421908492,1.0,0.5976966761024257,0.5990187431628865,0.5939232195460944
0,9,0.35274833450271825,0.88944,5000,2.187943184817279,0.44057623049219685,833,2.183381150705746,0.4422,0.7912230053950847,0.08329419318098806,,,0.7165397095226077,,0.7165604136338537,0.2834395863661463,0,0.39517235505976195,5,0.1,0.5,0.5855469924320723,0.594745161454767,0.6018115395554402,0.5824819421199756,0.5867159414813622,0.5956563872248176,0.582559812906526,0.6075266001318741,0.5976966761024257,1.0,0.593462005630437,0.5877331720956122
0,10,0.32921202201396227,0.89804,5000,2.1842154131995306,0.453781512605042,833,2.183327505763727,0.4425,0.7920286349237129,0.08337900398796955,,,0.7319885783071918,,0.7320014055519302,0.26799859444806984,0,0.39527998318962027,5,0.1,0.5,0.5727855882799718,0.5829409785723889,0.6091276995393718,0.5875022792691109,0.5969032958844377,0.609618194202824,0.5855374602858179,0.5950873233021624,0.5990187431628865,0.593462005630437,1.0,0.5916054457367773
0,11,0.36512467291941686,0.88952,5000,2.1884320047166614,0.42136854741896757,833,2.184915106136578,0.4358,0.7825382719332745,0.08237992771883533,,,0.55,,0.5500125495708047,0.4499874504291953,0,0.39249946764165966,5,0.1,0.5,0.5700091505907745,0.580367301935827,0.5931645244887169,0.5672977971525164,0.5820077928938306,0.5886471670313036,0.5815388232649891,0.5971443564126517,0.5939232195460944,0.5877331720956122,0.5916054457367773,1.0
1,0,0.3086992978171748,0.90636,5000,2.025230398884526,0.7410071942446043,834,2.03137920877804,0.7218,0.8110332066047178,0.08275935361354249,,,0.6163601400925167,,0.6163796998142663,0.3836203001857337,0.9567061549434404,0.4045586077947561,5,0.1,0.5,1.0,0.6251105055665537,0.6316917762157515,0.6222509279301183,0.6196280497695722,0.6339590511381191,0.6349810538044768,0.6274702141497754,0.6313779523394999,0.6272382340932191,0.6348965199100537,0.6293817837394511
1,1,0.2996187251927272,0.90712,5000,2.026540248482316,0.7386091127098321,834,2.032115184460966,0.718,0.8074067609258904,0.08260338704047801,,,0.583251910787826,,0.5832638923748807,0.41673610762511926,0.9561837182060844,0.40383442684551774,5,0.1,0.5,0.6251105055665537,1.0,0.6327168031015936,0.6209670044071744,0.6154823734417443,0.628278818941752,0.6291844944509556,0.6255679909484976,0.6236879992656797,0.6265431214109334,0.6351522239786205,0.6200660076726487
1,2,0.299530341196212,0.90856,5000,2.022571740327058,0.7410071942446043,834,2.0275537659185003,0.7307,0.8189200092395008,0.08442528375157768,,,0.9699999997877222,,0.9700015059484965,0.029998494051503455,0.9619597257429435,0.40661720504514925,5,0.1,0.5,0.6316917762157515,0.6327168031015936,1.0,0.6328075206176527,0.6301878176252971,0.6312760384137734,0.6415077041139465,0.6348018422120952,0.6350866305837232,0.637997290625674,0.6488833071961237,0.6287388314518748
1,3,0.30753186606108,0.9066,5000,2.030985134619254,0.6990407673860911,834,2.030939994909512,0.7229,0.8080374943373831,0.0827658715226577,,,0.6177437470111885,,0.6177601526027809,0.38223984739721906,0.9575434594459739,0.4045866498440581,5,0.1,0.5,0.6222509279301183,0.6209670044071744,0.6328075206176527,1.0,0.6204503856708103,0.6328150924502027,0.6284643312685831,0.6283231098368619,0.6311283339192492,0.6211329000203705,0.6329940326724192,0.6164443052291184
1,4,0.30455137128544274,0.9058,5000,2.0250141929697105,0.7358943577430972,833,2.0280538203236396,0.7291,0.8052367039520539,0.08335551183046508,,,0.7429112501152321,,0.7429245519803223,0.25707544801967774,0.9609036312447913,0.40611942008023727,5,0.1,0.5,0.6196280497695722,0.6154823734417443,0.6301878176252971,0.6204503856708103,1.0,0.6328394626191332,0.617574401169136,0.6248282256763048,0.6305137301545216,0.6186353412931682,0.6346968434054412,0.6107846047558884
1,5,0.2842391777119249,0.91276,5000,2.020719978544447,0.7454981992797118,833,2.027638332531475,0.7303,0.8181340200254031,0.0839406192984715,,,0.867116532298583,,0.8671301641483862,0.13286983585161383,0.9617204185594728,0.4065618540053111,5,0.1,0.5,0.6339590511381191,0.628278818941752,0.6312760384137734,0.6328150924502027,0.6328394626191332,1.0,0.6423839708397456,0.6404362191214122,0.6415638832511622,0.6322521095803214,0.6380127212490657,0.6271713024493349
1,6,0.3014859202679745,0.90804,5000,2.0350133136466697,0.7190876350540216,833,2.0284850197478224,0.7275,0.8172850555758138,0.08342306809387291,,,0.7572519400203054,,0.7572712213242307,0.24272877867576925,0.9603093195606677,0.4062080040948304,5,0.1,0.5,0.6349810538044768,0.6291844944509556,0.6415077041139465,0.6284643312685831,0.617574401169136,0.6423839708397456,1.0,0.6375526528089721,0.6402773010328267,0.6354837472706588,0.6363453416280729,0.6321027198113749
1,7,0.3004151827863352,0.90816,5000,2.0265190645500466,0.7226890756302521,833,2.0278319783104113,0.7307,0.813829208693494,0.08369914916721409,,,0.8158578021821036,,0.8158777169820792,0.18412228301792077,0.961496610798053,0.4064568931519541,5,0.1,0.5,0.6274702141497754,0.6255679909484976,0.6348018422120952,0.6283231098368619,0.6248282256763048,0.6404362191214122,0.6375526528089721,1.0,0.6358306895014149,0.6275385559496219,0.6389161042464528,0.6180836442499235
1,8,0.2881482926873597,0.91028,5000,2.0179211872595326,0.7430972388955582,833,2.0280878795221593,0.7287,0.8178818169204002,0.08361393197926298,,,0.7977680913937546,,0.7977812358817329,0.2022187641182671,0.9610456229399574,0.40639661966566565,5,0.1,0.5,0.6313779523394999,0.6236879992656797,0.6350866305837232,0.6311283339192492,0.6305137301545216,0.6415638832511622,0.6402773010328267,0.6358306895014149,1.0,0.6381440253091007,0.6413439587365732,0.6315926071908639
1,9,0.3050282460714506,0.9056,5000,2.0343814381846674,0.6998799519807923,833,2.028534281368073,0.7278,0.8125939410149243,0.08328602434783729,,,0.7281606053876881,,0.7281762963706642,0.27182370362933583,0.9603223984456396,0.4060146358341469,5,0.1,0.5,0.6272382340932191,0.6265431214109334,0.637997290625674,0.6211329000203705,0.6186353412931682,0.6322521095803214,0.6354837472706588,0.6275385559496219,0.6381440253091007,1.0,0.647190459215715,0.617629620021768
1,10,0.27979102900939856,0.91496,5000,2.027532935142517,0.737094837935174,833,2.028201164148105,0.7287,0.8223430578342263,0.08368105574335408,,,0.8120169713278114,,0.8120375483158476,0.18796245168415238,0.9608116442506488,0.4064458183989305,5,0.1,0.5,0.6348965199100537,0.6351522239786205,0.6488833071961237,0.6329940326724192,0.6346968434054412,0.6380127212490657,0.6363453416280729,0.6389161042464528,0.6413439587365732,0.647190459215715,1.0,0.6361957506014574
1,11,0.3185939515804409,0.9044,5000,2.0404640127111366,0.6866746698679472,833,2.033521309828225,0.7149,0.8058285047394766,0.08244674361126604,,,0.55,,0.5500125495708047,0.4499874504291953,0.9550857319794823,0.40291267250762347,5,0.1,0.5,0.6293817837394511,0.6200660076726487,0.6287388314518748,0.6164443052291184,0.6107846047558884,0.6271713024493349,0.6321027198113749,0.6180836442499235,0.6315926071908639,0.617629620021768,0.6361957506014574,1.0
2,0,0.27130099124020074,0.91904,5000,1.828303822764644,0.8741007194244604,834,1.8368477531896232,0.8536,0.8191357296531872,0.08309385811059941,,,0.7070651125173012,,0.7070829777621606,0.29291702223783944,0.9655648497669513,0.40671684647814776,5,0.1,0.5,1.0,0.6385808645151724,0.6393535294521792,0.6365444515867023,0.6391598030555401,0.6352061593009988,0.6448714027368827,0.635481547805245,0.6417988364876214,0.6352172903032647,0.6413656364315028,0.627200307692617
2,1,0.2663144196567547,0.9222,5000,1.825629432996114,0.8717026378896883,834,1.8384292095233077,0.8521,0.8157437020311599,0.08287304269219303,,,0.6487349494085906,,0.6487475528336931,0.3512524471663069,0.9646513147195952,0.4059436015340366,5,0.1,0.5,0.6385808645151724,1.0,0.6366854440890638,0.6375271412771375,0.6272458512904439,0.6347822691439835,0.6452163726504051,0.6407547545613766,0.62754298291118,0.6272258241331156,0.636405512206526,0.6304328408414585
2,2,0.2656463982122149,0.92064,5000,1.8264871129283198,0.854916067146283,834,1.8312105378403831,0.8588,0.8161312610445967,0.08408922781369091,,,0.969999999735842,,0.9700015059484965,0.029998494051503455,0.9700069835497835,0.4075644370966564,5,0.1,0.5,0.6393535294521792,0.6366854440890638,1.0,0.6314570016011247,0.6303476963499436,0.6336682179233905,0.6439645389051752,0.6304381485295892,0.6276787375513243,0.6311226972362496,0.6431294163910566,0.6303934955953707
2,3,0.279018871742449,0.91648,5000,1.8329983640600134,0.8465227817745803,834,1.836597396923711,0.8538,0.8148287471518469,0.08294851660732129,,,0.6686719891844194,,0.6686812910998444,0.3313187089001556,0.9658714806548419,0.4062498845606043,5,0.1,0.5,0.6365444515867023,0.6375271412771375,0.6314570016011247,1.0,0.6309813460473022,0.6420783159772897,0.6354033317902007,0.6373033838298094,0.6347044394195261,0.6259042075643166,0.6345581901187384,0.6262459502725535
2,4,0.27304843125307254,0.91676,5000,1.8287665049235027,0.8619447779111644,833,1.8323877821334253,0.8568,0.8103546632649754,0.0831823157072849,,,0.7304318958701448,,0.7304502786004718,0.26954972139952815,0.9684446766517952,0.4069302222361939,5,0.1,0.5,0.6391598030555401,0.6272458512904439,0.6303476963499436,0.6309813460473022,1.0,0.6327656833461385,0.6335578565007456,0.6289440210100675,0.6339370172926629,0.6165317895427144,0.6356367876948243,0.6171705671986756
2,5,0.2548889521972104,0.92284,5000,1.8186325629552205,0.8703481392557023,833,1.831329509853936,0.8589,0.8172353855777301,0.0838076403944491,,,0.8956164253809585,,0.8956327493599718,0.10436725064002816,0.9698773724352863,0.4075379951623235,5,0.1,0.5,0.6352061593009988,0.6347822691439835,0.6336682179233905,0.6420783159772897,0.6327656833461385,1.0,0.6410061784925434,0.6404364048817062,0.631468633456876,0.6327241942912775,0.6419678088289944,0.6249869250317628
2,6,0.2725168055154763,0.91776,5000,1.8388838547247428,0.843937575030012,833,1.8323898147851134,0.8576,0.8218195839247852,0.08362525657597046,,,0.8474382775096445,,0.8474524371266503,0.1525475628733497,0.968952891171721,0.4074715180810452,5,0.1,0.5,0.6448714027368827,0.6452163726504051,0.6439645389051752,0.6354033317902007,0.6335578565007456,0.6410061784925434,1.0,0.6424577566751053,0.6406514549501938,0.64190326686774,0.6401548811764534,0.6289666424677988
2,7,0.2736212826850023,0.91924,5000,1.8341548486992165,0.8667466986794717,833,1.8315798828777032,0.8588,0.8156112770852313,0.08359180566396558,,,0.8386019509185874,,0.8386175392801566,0.1613824607198434,0.9695724154263723,0.407452871932934,5,0.1,0.5,0.635481547805245,0.6407547545613766,0.6304381485295892,0.6373033838298094,0.6289440210100675,0.6404364048817062,0.6424577566751053,1.0,0.6316636438423487,0.6315031169690946,0.627818042219713,0.6296159339913099
2,8,0.25997490466981654,0.92056,5000,1.8184070807916146,0.8727490996398559,833,1.8320228299393821,0.8579,0.8139567717235752,0.08347806471031599,,,0.8085563661201967,,0.8085738667737563,0.1914261332262437,0.9693287495232447,0.4073683804777633,5,0.1,0.5,0.6417988364876214,0.62754298291118,0.6276787375513243,0.6347044394195261,0.6339370172926629,0.631468633456876,0.6406514549501938,0.6316636438423487,1.0,0.6252153346222585,0.6354130722526531,0.630522220090316
2,9,0.2778289128593199,0.91568,5000,1.8399308699148673,0.8139255702280912,833,1.8331211919601733,0.8563,0.8105027421641127,0.08314158869648722,,,0.7196735294485243,,0.7196827468500577,0.28031725314994227,0.9682490676348182,0.40683744594394483,5,0.1,0.5,0.6352172903032647,0.6272258241331156,0.6311226972362496,0.6259042075643166,0.6165317895427144,0.6327241942912775,0.64190326686774,0.6315031169690946,0.6252153346222585,1.0,0.6321720528730209,0.6286002756332608
2,10,0.2529951282426905,0.92432,5000,1.8297584763279668,0.858343337334934,833,1.8320283737426368,0.8581,0.8181886948927382,0.08366941263450847,,,0.8591024543834709,,0.8591185181466794,0.1408814818533206,0.9695775166903874,0.40749400653084517,5,0.1,0.5,0.6413656364315028,0.636405512206526,0.6431294163910566,0.6345581901187384,0.6356367876948243,0.6419678088289944,0.6401548811764534,0.627818042219713,0.6354130722526531,0.6321720528730209,1.0,0.6329172141020157
2,11,0.29490497565359636,0.91188,5000,1.8532174737365157,0.8367346938775511,833,1.8429032514651362,0.8481,0.8079622106887718,0.08249927039321356,,,0.55,,0.5500125495708047,0.4499874504291953,0.9631098834441911,0.4035786822283924,5,0.1,0.5,0.627200307692617,0.6304328408414585,0.6303934955953707,0.6262459502725535,0.6171705671986756,0.6249869250317628,0.6289666424677988,0.6296159339913099,0.630522220090316,0.6286002756332608,0.6329172141020157,1.0
3,0,0.24534723917556225,0.92744,5000,1.6017156486158017,0.9280575539568345,834,1.612919220909143,0.9046,0.8153025441976536,0.083457288787287,,,0.8368897453577544,,0.8369057778223985,0.1630942221776015,0.9690138135483822,0.4034658518348294,5,0.1,0.5,1.0,0.6305787523517109,0.620967707705435,0.6249232146962121,0.6200267169291942,0.6302765843928145,0.6328461264561749,0.6234613740118953,0.6250288128654805,0.6286127755421225,0.6289959215157535,0.6327693596031665
3,1,0.24575660901691374,0.92804,5000,1.5942383916289717,0.9172661870503597,834,1.615540365822399,0.9032,0.8097404834186166,0.08311714268100723,,,0.7208543698376204,,0.7208724461623413,0.27912755383765875,0.9674300053798478,0.40281460547485326,5,0.1,0.5,0.6305787523517109,1.0,0.6135978347586942,0.6209103161022913,0.6171397803459383,0.6295287772800732,0.6248873361245876,0.6253814427699995,0.6104687362471978,0.6243458965608836,0.6286328707128032,0.6200773885316093
3,2,0.24471201142592794,0.927,5000,1.6020234823226929,0.9052757793764988,834,1.6062721752891906,0.9063,0.8023874047744766,0.0836663388337784,,,0.9082038077541609,,0.9082224787912253,0.09177752120877469,0.9709955718549581,0.4035776073822261,5,0.1,0.5,0.620967707705435,0.6135978347586942,1.0,0.6133675586077623,0.6209497306498135,0.6208355781392504,0.6182915737090656,0.6122291156657317,0.6064276222383077,0.6167138904684721,0.6163541387087274,0.6089357076011964
3,3,0.2512641064620986,0.92448,5000,1.6070800224939983,0.9028776978417267,834,1.6141004775659726,0.9042,0.8048069970806693,0.0829951515352189,,,0.6792390517424103,,0.6792480297173836,0.32075197028261637,0.9678775466279161,0.40234837631651715,5,0.1,0.5,0.6249232146962121,0.6209103161022913,0.6133675586077623,1.0,0.618528965737776,0.6270826738580452,0.6172654504012047,0.6142600489229593,0.6146727917406098,0.6122547761581502,0.6200022712826557,0.6141539774302467
3,4,0.25173137833002457,0.92456,5000,1.6034873768135354,0.9123649459783914,833,1.6084039416937783,0.9061,0.8040425997407878,0.08312335830430735,,,0.7229747297959035,,0.722985793885849,0.27701420611415095,0.9692110397144226,0.40283392859792805,5,0.1,0.5,0.6200267169291942,0.6171397803459383,0.6209497306498135,0.618528965737776,1.0,0.6289520907324917,0.6183348329017576,0.6137829863483605,0.6166197815710184,0.6075713996174084,0.6207968074230606,0.6060291983456448
3,5,0.23249461430712207,0.92976,5000,1.5868584668194805,0.9243697478991597,833,1.6064191950014985,0.9064,0.8129340815443238,0.08384748819417889,,,0.9699999996588661,,0.9700015059484965,0.029998494051503455,0.9709755320384236,0.4035985532553431,5,0.1,0.5,0.6302765843928145,0.6295287772800732,0.6208355781392504,0.6270826738580452,0.6289520907324917,1.0,0.6257257452635949,0.6257212535001808,0.6174822792177938,0.6215701712604608,0.6245870810486261,0.6205482976999456
3,6,0.25052157326061636,0.9252,5000,1.6155065342232033,0.8823529411764706,833,1.6076919624980646,0.9063,0.8092019518526713,0.08359658768989509,,,0.8844093264297085,,0.8844184528889112,0.11558154711108881,0.9707765297753104,0.40355402915721433,5,0.1,0.5,0.6328461264561749,0.6248873361245876,0.6182915737090656,0.6172654504012047,0.6183348329017576,0.6257257452635949,1.0,0.6228055542225902,0.6190175674065691,0.6210969838663748,0.62256858281254,0.6140274805914736
3,7,0.24807431582527556,0.92616,5000,1.6132260649292558,0.9039615846338536,833,1.606722098950761,0.9062,0.8059104615981224,0.08345969135470656,,,0.8377093426060943,,0.8377240098388635,0.16227599016113647,0.9706609805936912,0.4034682240795893,5,0.1,0.5,0.6234613740118953,0.6253814427699995,0.6122291156657317,0.6142600489229593,0.6137829863483605,0.6257212535001808,0.6228055542225902,1.0,0.6166276329940379,0.619350532467714,0.6155257622838182,0.6160477148747203
3,8,0.24052976849993132,0.92904,5000,1.5905969142913818,0.9171668667466987,833,1.6074299690441582,0.9061,0.8031814290670474,0.08328922320836017,,,0.7795568751506696,,0.7795692987299835,0.22043070127001652,0.9702292496248395,0.40324315093988533,5,0.1,0.5,0.6250288128654805,0.6104687362471978,0.6064276222383077,0.6146727917406098,0.6166197815710184,0.6174822792177938,0.6190175674065691,0.6166276329940379,1.0,0.6177422535728,0.6205825328895592,0.6146157477459745
3,9,0.2500677254596713,0.92408,5000,1.6171372952284637,0.8691476590636255,833,1.609026618658925,0.9062,0.8063646821525086,0.08317733061711499,,,0.7413865165801787,,0.7414035439987953,0.25859645600120473,0.9691199305317205,0.4029910724686014,5,0.1,0.5,0.6286127755421225,0.6243458965608836,0.6167138904684721,0.6122547761581502,0.6075713996174084,0.6215701712604608,0.6210969838663748,0.619350532467714,0.6177422535728,1.0,0.6295370836540234,0.6127398525069523
3,10,0.23256752492005753,0.9294,5000,1.603711794923853,0.9063625450180072,833,1.6072566265496202,0.9064,0.8100127660669143,0.08365409862242155,,,0.9040282564395469,,0.9040459816274283,0.09595401837257167,0.9708568514980357,0.40357436041986744,5,0.1,0.5,0.6289959215157535,0.6286328707128032,0.6163541387087274,0.6200022712826557,0.6207968074230606,0.6245870810486261,0.62256858281254,0.6155257622838182,0.6205825328895592,0.6295370836540234,1.0,0.6170584653987186
3,11,0.2595125261100994,0.92516,5000,1.6383450516947993,0.8895558223289316,833,1.624695099580783,0.8998,0.8024748084694598,0.08261630017172378,,,0.55,,0.5500125495708047,0.4499874504291953,0.9641027558297163,0.3994698192740331,5,0.1,0.5,0.6327693596031665,0.6200773885316093,0.6089357076011964,0.6141539774302467,0.6060291983456448,0.6205482976999456,0.6140274805914736,0.6160477148747203,0.6146157477459745,0.6127398525069523,0.6170584653987186,1.0
4,0,0.22381433451987187,0.93516,5000,1.3527359785857025,0.9484412470023981,834,1.3670412827604494,0.9259,0.8057695588556428,0.08368241420250679,,,0.8935142613408626,,0.8935294412931077,0.10647055870689226,0.9704930492836907,0.39904413194438365,5,0.1,0.5,1.0,0.6093393763193791,0.6095913541454521,0.6115497022381323,0.5983027807358947,0.6157218383072263,0.6209788547003662,0.6093228091829792,0.619767725126444,0.5988668438540312,0.6156239538141118,0.6078529942114117
4,1,0.22459787184514912,0.934,5000,1.3410851248988398,0.9400479616306955,834,1.3705735564612733,0.9251,0.7976613006572436,0.08317254143977945,,,0.7277245347076299,,0.7277395713066613,0.27226042869333866,0.9690765222287151,0.3983343433132051,5,0.1,0.5,0.6093393763193791,1.0,0.605654811434812,0.6015290854324713,0.5894266937466709,0.6112135127540542,0.6104255846617724,0.6083474849138217,0.6049315164211158,0.5923466524156138,0.6114395507011062,0.5961081261800651
4,2,0.2233619629316459,0.93392,5000,1.3555584307070132,0.9232613908872902,834,1.3597996208233574,0.9271,0.8004711589776412,0.08363599881404352,,,0.8784218792262763,,0.8784297977009187,0.12157020229908133,0.970709283055667,0.3990246101493328,5,0.1,0.5,0.6095913541454521,0.605654811434812,1.0,0.6107166420955092,0.6031458100350862,0.6106834232244451,0.6153125596915484,0.6039818209560208,0.596234252862046,0.5989732058873682,0.612784806291525,0.5980831498217987
4,3,0.2344665514388282,0.93032,5000,1.360188294340063,0.9232613908872902,834,1.3690949548928502,0.9257,0.7986848049693964,0.08312725005504075,,,0.712997632539911,,0.7130113950102906,0.28698860498970935,0.968317087950869,0.39818668986231465,5,0.1,0.5,0.6115497022381323,0.6015290854324713,0.6107166420955092,1.0,0.5936271001312209,0.6143162986600861,0.6110554054393625,0.6057017897595299,0.6053878445321021,0.5940067022744985,0.6045923550603691,0.5986877308061482
4,4,0.23183999114497833,0.93072,5000,1.3577948720366866,0.9327731092436975,833,1.3644698542147018,0.9257,0.7876504765091634,0.08282637299856004,,,0.6151647444340111,,0.615184980673661,0.384815019326339,0.9663096673309891,0.3966199735068179,5,0.1,0.5,0.5983027807358947,0.5894266937466709,0.6031458100350862,0.5936271001312209,1.0,0.6040482748563375,0.5997530971600717,0.5894936595606168,0.5944684437220943,0.5811481005809432,0.6011100248256795,0.5903892389560979
4,5,0.2109322677129156,0.93664,5000,1.3339251853801586,0.9399759903961584,833,1.3599700981054823,0.9271,0.8050779979313518,0.08391763984347704,,,0.969999999674841,,0.9700015059484965,0.029998494051503455,0.9708892502278819,0.3990818038307046,5,0.1,0.5,0.6157218383072263,0.6112135127540542,0.6106834232244451,0.6143162986600861,0.6040482748563375,1.0,0.6188530849059138,0.6098588269950398,0.6125937999310717,0.5954217744844337,0.6125027202596356,0.6032760938428098
4,6,0.2225813571654355,0.93208,5000,1.3699701185579654,0.9027611044417767,833,1.361344842484203,0.9265,0.8048800717359516,0.0837439022438854,,,0.9135076524701433,,0.9135234174991216,0.08647658250087842,0.970733710257271,0.3990623603002861,5,0.1,0.5,0.6209788547003662,0.6104255846617724,0.6153125596915484,0.6110554054393625,0.5997530971600717,0.6188530849059138,1.0,0.6127777301116729,0.610201734873729,0.6021830039834365,0.6074520999449919,0.5986827739511523
4,7,0.22592809531766517,0.93208,5000,1.3708801799350314,0.9255702280912365,833,1.3604765722926813,0.9267,0.7976944870894269,0.08340144690674574,,,0.8021552114713695,,0.8021735856633703,0.19782641433662973,0.9702391726084196,0.3988200719721195,5,0.1,0.5,0.6093228091829792,0.6083474849138217,0.6039818209560208,0.6057017897595299,0.5894936595606168,0.6098588269950398,0.6127777301116729,1.0,0.6036166762250551,0.5943927468542154,0.6013439581862254,0.6007394195125236
4,8,0.2174474607909893,0.93608,5000,1.3427948068689417,0.9387755102040817,833,1.3612914949941177,0.9266,0.7992921672508084,0.083344017171861,,,0.7834814152947913,,0.783489784649365,0.21651021535063497,0.9700396614813818,0.3987324739876461,5,0.1,0.5,0.619767725126444,0.6049315164211158,0.596234252862046,0.6053878445321021,0.5944684437220943,0.6125937999310717,0.610201734873729,0.6036166762250551,1.0,0.601973375917271,0.6047624173651199,0.6017715419667086
4,9,0.23107738307244174,0.93124,5000,1.3743266706113462,0.8979591836734694,833,1.3648615808913502,0.9258,0.7877804567105543,0.08286680489846356,,,0.6283115412866438,,0.6283268912203203,0.37167310877967974,0.96670897169268,0.39690136977873997,5,0.1,0.5,0.5988668438540312,0.5923466524156138,0.5989732058873682,0.5940067022744985,0.5811481005809432,0.5954217744844337,0.6021830039834365,0.5943927468542154,0.601973375917271,1.0,0.5992925756322146,0.5873296273889028
4,10,0.20526876758641688,0.93788,5000,1.3566620703096743,0.9195678271308524,833,1.3608759333150455,0.9265,0.8012652325156856,0.08365564727599459,,,0.8848107538117848,,0.8848200391546609,0.1151799608453391,0.970719003331743,0.3990334380827037,5,0.1,0.5,0.6156239538141118,0.6114395507011062,0.612784806291525,0.6045923550603691,0.6011100248256795,0.6125027202596356,0.6074520999449919,0.6013439581862254,0.6047624173651199,0.5992925756322146,1.0,0.601951937458012
4,11,0.2405395064087715,0.93028,5000,1.4024216687237774,0.9135654261704682,833,1.38514145532736,0.923,0.7915573400211096,0.08262596414964207,,,0.55,,0.5500125495708047,0.4499874504291953,0.9638408271756446,0.3948163335132569,5,0.1,0.5,0.6078529942114117,0.5961081261800651,0.5980831498217987,0.5986877308061482,0.5903892389560979,0.6032760938428098,0.5986827739511523,0.6007394195125236,0.6017715419667086,0.5873296273889028,0.601951937458012,1.0
5,0,0.20898477137919255,0.93928,5000,1.1007957303965534,0.9496402877697842,834,1.1187117728181541,0.9374,0.788621117427239,0.08363186669840841,,,0.8713770917055977,,0.8713919983936549,0.1286080016063451,0.9702290104201103,0.39332687665241944,5,0.1,0.5,1.0,0.5877050765633035,0.5887508886384085,0.5843922537824254,0.5836091471853614,0.5843393640329859,0.5925421154293842,0.5795825030960751,0.5884767300861491,0.5891941014392469,0.5846556266055877,0.580603297412887
5,1,0.21315189410167135,0.93844,5000,1.0859352482689753,0.9556354916067147,834,1.1225950342778581,0.9368,0.7872289621915473,0.0832422996345853,,,0.7644617051054612,,0.7644696551377943,0.2355303448622057,0.9688088468434792,0.39293878058306364,5,0.1,0.5,0.5877050765633035,1.0,0.5827608169281556,0.5834236844255886,0.5817094649002283,0.5976655612209479,0.5924393584448674,0.5778681739611672,0.5850154907285352,0.5824360456750368,0.5845313011802518,0.5775281795500004
5,2,0.20585810585944042,0.93824,5000,1.1069780367392081,0.9328537170263789,834,1.1114644008322645,0.9387,0.7866166740848144,0.08353038222643276,,,0.8435250154835833,,0.8435419908639125,0.15645800913608754,0.9700764118939113,0.3932711027121479,5,0.1,0.5,0.5887508886384085,0.5827608169281556,1.0,0.5852184311115709,0.5847215649072253,0.5893388630727985,0.5963374323826929,0.5823887780540444,0.5786700177100733,0.5807673170734572,0.5803700025429207,0.5757036943911905
5,3,0.21473100868522363,0.9366,5000,1.1114156665625397,0.9328537170263789,834,1.1209501839293459,0.9368,0.7889533232856546,0.08327267198572437,,,0.7727972959845262,,0.7728075899804226,0.22719241001957735,0.9684599978872297,0.39299006489331734,5,0.1,0.5,0.5843922537824254,0.5834236844255886,0.5852184311115709,1.0,0.5835790563900661,0.5964210815041884,0.5928484694765835,0.5832871742337405,0.5898332600010118,0.5847710952572986,0.5874684465015706,0.5783737891523608
5,4,0.209588341833727,0.93792,5000,1.1087448332044814,0.943577430972389,833,1.1176504368980091,0.937,0.7835540382404936,0.08288183171801038,,,0.6655324828058719,,0.6655539380553185,0.3344460619446815,0.9656500717651969,0.39190991847255585,5,0.1,0.5,0.5836091471853614,0.5817094649002283,0.5847215649072253,0.5835790563900661,1.0,0.5946004235469471,0.5846546376209664,0.5749354360023404,0.5811049463469047,0.5801219516423961,0.5817826799264036,0.5693062359026572
5,5,0.1937090201884698,0.94216,5000,1.08153662637428,0.9519807923169268,833,1.1115960613988078,0.9388,0.7943722109585728,0.08399121849916205,,,0.9699999997255533,,0.9700015059484965,0.029998494051503455,0.9704314678509226,0.39338878678609945,5,0.1,0.5,0.5843393640329859,0.5976655612209479,0.5893388630727985,0.5964210815041884,0.5946004235469471,1.0,0.5988755228706333,0.5882773311384327,0.5921671131951735,0.5884769594486009,0.590992557166709,0.5758269921238488
5,6,0.2087701897237711,0.93672,5000,1.1229175748648468,0.9231692677070829,833,1.112994586126492,0.9386,0.7928498386485814,0.08382162670543154,,,0.9234560952872118,,0.9234676974047488,0.07653230259525123,0.9703731382700093,0.3933762480823612,5,0.1,0.5,0.5925421154293842,0.5924393584448674,0.5963374323826929,0.5928484694765835,0.5846546376209664,0.5988755228706333,1.0,0.589371737243068,0.5849876974775975,0.5906850285547435,0.5897176249320345,0.5708208105332958
5,7,0.21079251194242268,0.93676,5000,1.1267850310714156,0.9375750300120048,833,1.1123683943916052,0.9385,0.7831188527834587,0.08325070627116038,,,0.7667688785882761,,0.766783795994177,0.233216204005823,0.9694046156330756,0.3929539526637852,5,0.1,0.5,0.5795825030960751,0.5778681739611672,0.5823887780540444,0.5832871742337405,0.5749354360023404,0.5882773311384327,0.589371737243068,1.0,0.5888631764613657,0.5834951920887133,0.5752598580481564,0.5698400799574966
5,8,0.20143406048452683,0.93892,5000,1.0935623513327704,0.9459783913565426,833,1.113009588596539,0.9382,0.78880202823417,0.0834121628044116,,,0.8110800878118334,,0.8111038602479795,0.18889613975202046,0.9695369495396882,0.39317002597328704,5,0.1,0.5,0.5884767300861491,0.5850154907285352,0.5786700177100733,0.5898332600010118,0.5811049463469047,0.5921671131951735,0.5849876974775975,0.5888631764613657,1.0,0.5881410444981006,0.5864339129731199,0.5835535222603608
5,9,0.21395170477035033,0.93684,5000,1.129350240583773,0.9135654261704682,833,1.1174389820891066,0.9375,0.7862749602346731,0.08300451055930308,,,0.699201283283373,,0.6992118869534661,0.30078811304653386,0.9661773426528298,0.3923614635540677,5,0.1,0.5,0.5891941014392469,0.5824360456750368,0.5807673170734572,0.5847710952572986,0.5801219516423961,0.5884769594486009,0.5906850285547435,0.5834951920887133,0.5881410444981006,1.0,0.5833897943348637,0.574168199699333
5,10,0.19174453122452328,0.94276,5000,1.106839864342301,0.9375750300120048,833,1.1125793375146276,0.9388,0.785375161059638,0.08349985631388442,,,0.8351472801858417,,0.835168917223031,0.164831082776969,0.9700272361120501,0.3932489223159974,5,0.1,0.5,0.5846556266055877,0.5845313011802518,0.5803700025429207,0.5874684465015706,0.5817826799264036,0.590992557166709,0.5897176249320345,0.5752598580481564,0.5864339129731199,0.5833897943348637,1.0,0.568593946933158
5,11,0.2275211868392434,0.93312,5000,1.163200157660025,0.9267707082833133,833,1.1426523586812491,0.9344,0.7753890712080191,0.08246086658348577,,,0.55,,0.5500125495708047,0.4499874504291953,0.9633015028970845,0.3891828614924346,5,0.1,0.5,0.580603297412887,0.5775281795500004,0.5757036943911905,0.5783737891523608,0.5693062359026572,0.5758269921238488,0.5708208105332958,0.5698400799574966,0.5835535222603608,0.574168199699333,0.568593946933158,1.0
6,0,0.1968379957631088,0.9412,5000,0.8654867587266145,0.9568345323741008,834,0.8862400904250222,0.9457,0.7767320247839263,0.08366125449203828,,,0.8833282952830531,,0.8833391897997088,0.11666081020029118,0.9670447481819615,0.3865233966633611,5,0.1,0.5,1.0,0.5597567005427542,0.5571252433445921,0.5596509417271097,0.5569067195511438,0.5649046952970004,0.5765792496527683,0.5601082981930814,0.565501102250119,0.567592692558036,0.5706004688992747,0.5659610826233592
6,1,0.18882645847465676,0.94444,5000,0.8482924545252765,0.9556354916067147,834,0.8902132345464664,0.9451,0.7693364640362875,0.08313796583043741,,,0.726075113400322,,0.7260980874454094,0.2739019125545906,0.9656095828754975,0.3857824776192165,5,0.1,0.5,0.5597567005427542,1.0,0.5524227337030163,0.5551194427226139,0.5476427098674609,0.5610047575254221,0.5638563893490873,0.562730697446467,0.5558043779202794,0.558191103159682,0.5665695686916518,0.554962987049272
6,2,0.1922387101687491,0.94176,5000,0.8756968025807981,0.9448441247002398,834,0.8795777646878276,0.9466,0.7704959594361159,0.08337253560463494,,,0.7965655445387101,,0.7965814969128056,0.20341850308719445,0.966564001917119,0.3862757370457376,5,0.1,0.5,0.5571252433445921,0.5524227337030163,1.0,0.557729348978591,0.5574307868858595,0.56442125346524,0.5694936214972134,0.5545211025839101,0.5627834714776371,0.552588815497674,0.5650150146081985,0.5536977021932402
6,3,0.1990888667292893,0.94072,5000,0.878948500862828,0.9364508393285371,834,0.8885225261362216,0.9458,0.7703886676279941,0.08319558315437392,,,0.7433896630656374,,0.7434014356709,0.2565985643291,0.9659035948359547,0.3859341656323205,5,0.1,0.5,0.5596509417271097,0.5551194427226139,0.557729348978591,1.0,0.5531024932158203,0.5611894043543181,0.5646358884637789,0.5633252777004353,0.5609224515696318,0.5531328656049467,0.5648458601581806,0.5539878469320998
6,4,0.19747398364933053,0.94056,5000,0.8752640772748876,0.9507803121248499,833,0.8874407947634737,0.9455,0.7658269539398912,0.08277165435918635,,,0.6159950588504106,,0.6160132523467697,0.38398674765323026,0.9625909041423468,0.3840752525374225,5,0.1,0.5,0.5569067195511438,0.5476427098674609,0.5574307868858595,0.5531024932158203,1.0,0.5673000253405687,0.5570311069422491,0.5510260125125871,0.5612596180517014,0.5461507405537432,0.5617454964375637,0.5477187490411313
6,5,0.1773603820064028,0.94788,5000,0.8478653916606197,0.9615846338535414,833,0.8794809128529728,0.9465,0.7757735215299721,0.08386881050517761,,,0.9457008362534691,,0.9457205963556047,0.05427940364439532,0.967285517684494,0.386569027522328,5,0.1,0.5,0.5649046952970004,0.5610047575254221,0.56442125346524,0.5611894043543181,0.5673000253405687,1.0,0.569409686851028,0.5703781547727405,0.5623375139640158,0.5591356306099549,0.562992715942007,0.5507637782973294
6,6,0.1930042471392614,0.94276,5000,0.8913675016827054,0.936374549819928,833,0.8807990379607715,0.9463,0.7812822876160693,0.08394967040616945,,,0.9699999996994906,,0.9700015059484965,0.029998494051503455,0.9672607089755022,0.38657297391175527,5,0.1,0.5,0.5765792496527683,0.5638563893490873,0.5694936214972134,0.5646358884637789,0.5570311069422491,0.569409686851028,1.0,0.5749807556272978,0.5727032379018155,0.5695760540742035,0.570275260922907,0.5572674392506279
6,7,0.19723731281864604,0.94108,5000,0.8981123699082268,0.9483793517406963,833,0.8803779122928461,0.9466,0.7749146249842919,0.08334087880356213,,,0.7870523770229096,,0.7870689222428593,0.2129310777571407,0.966148579169443,0.38622810105632527,5,0.1,0.5,0.5601082981930814,0.562730697446467,0.5545211025839101,0.5633252777004353,0.5510260125125871,0.5703781547727405,0.5749807556272978,1.0,0.5705497157000123,0.5629326528249623,0.5587129928614798,0.560461510811605
6,8,0.18433299325406552,0.94544,5000,0.8616758011005543,0.9495798319327731,833,0.8809131899961649,0.9465,0.7768208585645389,0.08351677463321905,,,0.8399107340315148,,0.8399226946438432,0.16007730535615683,0.9666999015167129,0.386436206976385,5,0.1,0.5,0.565501102250119,0.5558043779202794,0.5627834714776371,0.5609224515696318,0.5612596180517014,0.5623375139640158,0.5727032379018155,0.5705497157000123,1.0,0.5633752518940995,0.5662327181788229,0.5652320403919572
6,9,0.1971493644349182,0.94028,5000,0.9018941069090808,0.9279711884753902,833,0.8855793127617516,0.946,0.7710224834191343,0.08303781675699262,,,0.6959793715709071,,0.6959941769991467,0.3040058230008533,0.9646137781128621,0.38544948682675095,5,0.1,0.5,0.567592692558036,0.558191103159682,0.552588815497674,0.5531328656049467,0.5461507405537432,0.5591356306099549,0.5695760540742035,0.5629326528249623,0.5633752518940995,1.0,0.565100861718997,0.5571500962326126
6,10,0.18151217329895694,0.94632,5000,0.8725344913977163,0.9483793517406963,833,0.8805128368325889,0.9465,0.7773670364256187,0.08359501169752064,,,0.863421710296413,,0.8634305506751669,0.13656944932483306,0.9668720585352706,0.3864910602596357,5,0.1,0.5,0.5706004688992747,0.5665695686916518,0.5650150146081985,0.5648458601581806,0.5617454964375637,0.562992715942007,0.570275260922907,0.5587129928614798,0.5662327181788229,0.565100861718997,1.0,0.5591556079695056
6,11,0.2074315144425365,0.93944,5000,0.9370550667798078,0.936374549819928,833,0.9134910765547342,0.9428,0.7676152359673096,0.08255204375668766,,,0.55,,0.5500125495708047,0.4499874504291953,0.9596968428810271,0.38226578528304833,5,0.1,0.5,0.5659610826233592,0.554962987049272,0.5536977021932402,0.5539878469320998,0.5477187490411313,0.5507637782973294,0.5572674392506279,0.560461510811605,0.5652320403919572,0.5571500962326126,0.5591556079695056,1.0
7,0,0.17423693786381156,0.94836,5000,0.6575594257425379,0.9580335731414868,834,0.6806332484220925,0.952,0.763370867464672,0.08374048692004049,,,0.9094635583542394,,0.9094724160433714,0.09052758395662863,0.966201364373374,0.37906280415144844,5,0.1,0.5,1.0,0.5392441250474425,0.5322981877562362,0.5435892824141231,0.5449874752199824,0.5416617481062438,0.5517715939567251,0.5354907197753774,0.5397575385098979,0.5386957137465069,0.5358312238983952,0.5400224516147855
