round,client_id,client_i_training_loss,client_i_training_accuracy,client_i_training_dataset_size,client_i_evaluation_loss,client_i_evaluation_accuracy,client_i_evaluation_dataset_size,client_i_central_evaluation_loss,client_i_central_evaluation_accuracy,client_i_cosine_similarity,client_i_importance_coefficient,client_i_tanh_val,tanh_normalization_value,client_i_q,client_i_mask_order,client_i_v_nonzero_fraction,client_i_v_sparsity,client_i_v_cosine_similarity,client_i_reward_gradient_norm,local_epochs,learning_rate,gamma,client_0_cosine_similarity,client_1_cosine_similarity,client_2_cosine_similarity,client_3_cosine_similarity,client_4_cosine_similarity,client_5_cosine_similarity,client_6_cosine_similarity,client_7_cosine_similarity,client_8_cosine_similarity,client_9_cosine_similarity,client_10_cosine_similarity,client_11_cosine_similarity
0,0,2.2170105669908464,0.29184,5000,2.2592444596467196,0.2589928057553957,834,2.2616291663136345,0.2334,0.9962522413481387,0.08343543778923401,,,0.99,,0.9900107286803723,0.00998927131962768,0,0.09950330943636065,5,0.001,0.1,1.0,0.9820885382546045,0.9937427710605075,0.9906839199812336,0.9939662099552805,0.9920071780789997,0.991898468878391,0.992277527865977,0.9893447245804714,0.992600321944149,0.9896127799696057,0.9874247176571114
0,1,2.2160239219665527,0.32652,5000,2.263998517283687,0.2290167865707434,834,2.2616291663136345,0.2334,0.9901169683789549,0.08292161291146251,,,0.99,,0.9900107286803723,0.00998927131962768,0,0.09950330943636065,5,0.001,0.1,0.9820885382546045,1.0,0.9813037695957966,0.9836458936865019,0.9842830273660823,0.9866500909138074,0.9773546623264469,0.9853423347170605,0.987948647280693,0.9783700183798997,0.9885537614531412,0.9868488193509802
0,2,2.217670652061511,0.30804,5000,2.261572281519572,0.22661870503597123,834,2.2616291663136345,0.2334,0.995346258189773,0.08335956232485801,,,0.99,,0.9900107286803723,0.00998927131962768,0,0.09950330943636065,5,0.001,0.1,0.9937427710605075,0.9813037695957966,1.0,0.994347282286253,0.9921530430413562,0.991418457621044,0.9848974949452843,0.9884892819971303,0.9894332427770549,0.9921747631225218,0.9922849446472289,0.9845843090119543
0,3,2.214453575413698,0.30388,5000,2.262541797426012,0.21942446043165467,834,2.2616291663136345,0.2334,0.9955042450082197,0.0833727936118905,,,0.99,,0.9900107286803723,0.00998927131962768,0,0.09950330943636065,5,0.001,0.1,0.9906839199812336,0.9836458936865019,0.994347282286253,1.0,0.9915629900242606,0.9910719880341886,0.9849536190781668,0.9894739657207916,0.9911376009343019,0.9922949235391267,0.9921575938343031,0.9853860069579037
0,4,2.216254794369837,0.30184,5000,2.2592389936800354,0.24849939975990396,833,2.2616291663136345,0.2334,0.9967876643979604,0.08348027910020951,,,0.99,,0.9900107286803723,0.00998927131962768,0,0.09950330943636065,5,0.001,0.1,0.9939662099552805,0.9842830273660823,0.9921530430413562,0.9915629900242606,1.0,0.9932183133333955,0.9892900167750177,0.9910847505460052,0.9915122767218439,0.9956737774968739,0.9889769837648901,0.9903189312196673
0,5,2.2179897794298307,0.31144,5000,2.265459413881655,0.23769507803121248,833,2.2616291663136345,0.2334,0.9970376799875601,0.0835012177333253,,,0.99,,0.9900107286803723,0.00998927131962768,0,0.09950330943636065,5,0.001,0.1,0.9920071780789997,0.9866500909138074,0.991418457621044,0.9910719880341886,0.9932183133333955,1.0,0.9888810339568965,0.9902414005662782,0.993718546613669,0.9922716578895275,0.9927603173709204,0.99278662224534
0,6,2.2125691602184516,0.27936,5000,2.2646097430476435,0.24489795918367346,833,2.2616291663136345,0.2334,0.9931084441410863,0.08317214694239383,,,0.99,,0.9900107286803723,0.00998927131962768,0,0.09950330943636065,5,0.001,0.1,0.991898468878391,0.9773546623264469,0.9848974949452843,0.9849536190781668,0.9892900167750177,0.9888810339568965,1.0,0.9897099143366164,0.9883439989904241,0.9908703143889076,0.9862028875679733,0.9857065604003429
0,7,2.2143382242530776,0.28208,5000,2.259431035430343,0.24129651860744297,833,2.2616291663136345,0.2334,0.9948761224345479,0.08332018877975614,,,0.99,,0.9900107286803723,0.00998927131962768,0,0.09950330943636065,5,0.001,0.1,0.992277527865977,0.9853423347170605,0.9884892819971303,0.9894739657207916,0.9910847505460052,0.9902414005662782,0.9897099143366164,1.0,0.9901290203229824,0.9865303874733824,0.9895233424420353,0.9864138255424344
0,8,2.2154781952025786,0.2898,5000,2.2652387619018555,0.21968787515006002,833,2.2616291663136345,0.2334,0.9963322213786773,0.08344213606160462,,,0.99,,0.9900107286803723,0.00998927131962768,0,0.09950330943636065,5,0.001,0.1,0.9893447245804714,0.987948647280693,0.9894332427770549,0.9911376009343019,0.9915122767218439,0.993718546613669,0.9883439989904241,0.9901290203229824,1.0,0.9904437612550894,0.9929786986116718,0.991611632986925
0,9,2.2176685366660926,0.31252,5000,2.2598643479523837,0.21728691476590636,833,2.2616291663136345,0.2334,0.9954537510999143,0.08336856478191121,,,0.99,,0.9900107286803723,0.00998927131962768,0,0.09950330943636065,5,0.001,0.1,0.992600321944149,0.9783700183798997,0.9921747631225218,0.9922949235391267,0.9956737774968739,0.9922716578895275,0.9908703143889076,0.9865303874733824,0.9904437612550894,1.0,0.986713894164276,0.988169047528219
0,10,2.2119116916777983,0.30692,5000,2.2621232756861933,0.23169267707082833,833,2.2616291663136345,0.2334,0.9956496908305817,0.0833849745991543,,,0.99,,0.9900107286803723,0.00998927131962768,0,0.09950330943636065,5,0.001,0.1,0.9896127799696057,0.9885537614531412,0.9922849446472289,0.9921575938343031,0.9889769837648901,0.9927603173709204,0.9862028875679733,0.9895233424420353,0.9929786986116718,0.986713894164276,1.0,0.9886872618107697
0,11,2.216661918542947,0.32664,5000,2.2625800327018455,0.22569027611044418,833,2.2616291663136345,0.2334,0.9939315962579695,0.08324108536419987,,,0.99,,0.9900107286803723,0.00998927131962768,0,0.09950330943636065,5,0.001,0.1,0.9874247176571114,0.9868488193509802,0.9845843090119543,0.9853860069579037,0.9903189312196673,0.99278662224534,0.9857065604003429,0.9864138255424344,0.991611632986925,0.988169047528219,0.9886872618107697,1.0
1,0,2.0785241292540433,0.436,5000,2.2057651148902044,0.4184652278177458,834,2.2093963752539394,0.3904,0.9984652418755303,0.08340131619310476,,,0.99,,0.9900107286803723,0.00998927131962768,0.9492583289591934,0.09983000628311675,5,0.001,0.1,1.0,0.9937920564292476,0.9973150916974117,0.9959251393054028,0.9966206573111063,0.9970356679293244,0.997298237697141,0.9972245490414997,0.9964703157127447,0.996443702702329,0.9966059917261216,0.9964663298223311
1,1,2.079939557336698,0.44016,5000,2.2128440450738975,0.3752997601918465,834,2.2093963752539394,0.3904,0.9964504618313921,0.08302114806245266,,,0.99,,0.9900107286803723,0.00998927131962768,0.9492583289591934,0.09983000628311675,5,0.001,0.1,0.9937920564292476,1.0,0.9935433143507771,0.9940589098907777,0.9942108125079213,0.9942945249168678,0.9942176704551917,0.9940931754842356,0.9950431667089977,0.9930297631217997,0.9953610731896753,0.9954636482614764
1,2,2.079641608219997,0.4564,5000,2.2117120689815946,0.38369304556354916,834,2.2093963752539394,0.3904,0.9986065684643985,0.08335934316360467,,,0.99,,0.9900107286803723,0.00998927131962768,0.9492583289591934,0.09983000628311675,5,0.001,0.1,0.9973150916974117,0.9935433143507771,1.0,0.9972929474762591,0.9969786713124261,0.9972927448701417,0.9959293780549774,0.9969581132569693,0.9973578901445285,0.9971789336004688,0.9971727404582663,0.9958651934277266
1,3,2.0722240328029464,0.44208,5000,2.210580861126935,0.37889688249400477,834,2.2093963752539394,0.3904,0.9983240720704196,0.08335833921421032,,,0.99,,0.9900107286803723,0.00998927131962768,0.9492583289591934,0.09983000628311675,5,0.001,0.1,0.9959251393054028,0.9940589098907777,0.9972929474762591,1.0,0.9961259222881864,0.9966594626270305,0.9956970414558116,0.9968257763915186,0.997416770124012,0.996766568749875,0.9968309452619337,0.9959078269632242
1,4,2.075414978015195,0.44932,5000,2.2074949829666703,0.4237695078031212,833,2.2093963752539394,0.3904,0.9985500695324936,0.0834315558629391,,,0.99,,0.9900107286803723,0.00998927131962768,0.9492583289591934,0.09983000628311675,5,0.001,0.1,0.9966206573111063,0.9942108125079213,0.9969786713124261,0.9961259222881864,1.0,0.9972667080179276,0.9968266818795158,0.9957488951945723,0.9969504269814542,0.9980280405660197,0.9961871839663137,0.9972684437490237
1,5,2.0796739124188757,0.45012,5000,2.213828122174298,0.382953181272509,833,2.2093963752539394,0.3904,0.9987045132331648,0.08344938301089083,,,0.99,,0.9900107286803723,0.00998927131962768,0.9492583289591934,0.09983000628311675,5,0.001,0.1,0.9970356679293244,0.9942945249168678,0.9972927448701417,0.9966594626270305,0.9972667080179276,1.0,0.9973447606283966,0.9962976686196264,0.9967515492728932,0.9975961886117213,0.9964046462955933,0.9971187926474192
1,6,2.0700912952423094,0.42628,5000,2.212705276630543,0.3865546218487395,833,2.2093963752539394,0.3904,0.9984252130948962,0.08323854596560745,,,0.99,,0.9900107286803723,0.00998927131962768,0.9492583289591934,0.09983000628311675,5,0.001,0.1,0.997298237697141,0.9942176704551917,0.9959293780549774,0.9956970414558116,0.9968266818795158,0.9973447606283966,1.0,0.9964633446878189,0.9965491425432006,0.9972338804998852,0.9964844243995162,0.9966836044553519
1,7,2.071973920324046,0.42956,5000,2.208328229409677,0.4069627851140456,833,2.2093963752539394,0.3904,0.9981936515438373,0.08332186641562167,,,0.99,,0.9900107286803723,0.00998927131962768,0.9492583289591934,0.09983000628311675,5,0.001,0.1,0.9972245490414997,0.9940931754842356,0.9969581132569693,0.9968257763915186,0.9957488951945723,0.9962976686196264,0.9964633446878189,1.0,0.9964538781944381,0.9952060612084513,0.9974638166990669,0.9952139641788538
1,8,2.0765767935734645,0.45096,5000,2.2146600440696433,0.368547418967587,833,2.2093963752539394,0.3904,0.9986753079847356,0.08341220508114433,,,0.99,,0.9900107286803723,0.00998927131962768,0.9492583289591934,0.09983000628311675,5,0.001,0.1,0.9964703157127447,0.9950431667089977,0.9973578901445285,0.997416770124012,0.9969504269814542,0.9967515492728932,0.9965491425432006,0.9964538781944381,1.0,0.9973585576409875,0.9968499443194957,0.9965157215476155
1,9,2.078856508747028,0.44636,5000,2.2089485415705927,0.39615846338535415,833,2.2093963752539394,0.3904,0.9985156506963198,0.0833619296702883,,,0.99,,0.9900107286803723,0.00998927131962768,0.9492583289591934,0.09983000628311675,5,0.001,0.1,0.996443702702329,0.9930297631217997,0.9971789336004688,0.996766568749875,0.9980280405660197,0.9975961886117213,0.9972338804998852,0.9952060612084513,0.9973585576409875,1.0,0.9955282029150366,0.99742696849153
1,10,2.067989000241468,0.4402,5000,2.2106912047774703,0.3697478991596639,833,2.2093963752539394,0.3904,0.9983797512484954,0.08336760718510501,,,0.99,,0.9900107286803723,0.00998927131962768,0.9492583289591934,0.09983000628311675,5,0.001,0.1,0.9966059917261216,0.9953610731896753,0.9971727404582663,0.9968309452619337,0.9961871839663137,0.9964046462955933,0.9964844243995162,0.9974638166990669,0.9968499443194957,0.9955282029150366,1.0,0.9952931415412256
1,11,2.078227303286267,0.44888,5000,2.210767074867531,0.3937575030012005,833,2.2093963752539394,0.3904,0.9982992436109591,0.08327676017503098,,,0.99,,0.9900107286803723,0.00998927131962768,0.9492583289591934,0.09983000628311675,5,0.001,0.1,0.9964663298223311,0.9954636482614764,0.9958651934277266,0.9959078269632242,0.9972684437490237,0.9971187926474192,0.9966836044553519,0.9952139641788538,0.9965157215476155,0.99742696849153,0.9952931415412256,1.0
2,0,1.8922151501770992,0.51088,5000,2.137384962152552,0.4844124700239808,834,2.1425536768124127,0.4607,0.9989598799757045,0.08337970034998327,,,0.99,,0.9900107286803723,0.00998927131962768,0.9870941111234047,0.09988151830976309,5,0.001,0.1,1.0,0.996361361774017,0.9981725105387607,0.9971209669936892,0.9979610386317731,0.997846849029909,0.9980068012350601,0.9977393669455777,0.9972185075507778,0.9975962659972647,0.9976507863496068,0.9976345159310027
2,1,1.8969768313085957,0.49924,5000,2.146918632366039,0.4556354916067146,834,2.1425536768124127,0.4607,0.9980296345583325,0.08311656544045702,,,0.99,,0.9900107286803723,0.00998927131962768,0.9870941111234047,0.09988151830976309,5,0.001,0.1,0.996361361774017,1.0,0.9965369396417934,0.9964901966195988,0.9966547943958479,0.9967157210577573,0.9967092048334149,0.9960033849543913,0.996876060200965,0.9957379784300162,0.9973115824548714,0.9967812490363386
2,2,1.8955484830649796,0.51408,5000,2.1472373980062978,0.45323741007194246,834,2.1425536768124127,0.4607,0.9991250601847387,0.08335929397675104,,,0.99,,0.9900107286803723,0.00998927131962768,0.9870941111234047,0.09988151830976309,5,0.001,0.1,0.9981725105387607,0.9965369396417934,1.0,0.9981597087711745,0.9982254646999359,0.9981135530419049,0.9973873158130311,0.9974656656273614,0.9979003609946908,0.9981443462652043,0.9981088358372546,0.9970725213030665
2,3,1.8823726836283496,0.51076,5000,2.143603386702361,0.4580335731414868,834,2.1425536768124127,0.4607,0.9988041205313692,0.08334832072665282,,,0.99,,0.9900107286803723,0.00998927131962768,0.9870941111234047,0.09988151830976309,5,0.001,0.1,0.9971209669936892,0.9964901966195988,0.9981597087711745,1.0,0.9977968386743862,0.9975843068314335,0.9969695110860703,0.9971572452191707,0.9982601259343936,0.997589621108182,0.9974854107926803,0.9968279476589258
2,4,1.8876243720388717,0.52144,5000,2.1410411817056163,0.4837935174069628,833,2.1425536768124127,0.4607,0.9991887484032983,0.08340562908908243,,,0.99,,0.9900107286803723,0.00998927131962768,0.9870941111234047,0.09988151830976309,5,0.001,0.1,0.9979610386317731,0.9966547943958479,0.9982254646999359,0.9977968386743862,1.0,0.9982287229221809,0.997998753863528,0.9970913078389991,0.9980191559300631,0.9986475462087856,0.9976985837954082,0.9977283667074526
2,5,1.8940742416746297,0.52076,5000,2.1474887441705772,0.4645858343337335,833,2.1425536768124127,0.4607,0.9989997025821536,0.08341045936927646,,,0.99,,0.9900107286803723,0.00998927131962768,0.9870941111234047,0.09988151830976309,5,0.001,0.1,0.997846849029909,0.9967157210577573,0.9981135530419049,0.9975843068314335,0.9982287229221809,1.0,0.9979851683022367,0.9966703712440846,0.9975510536540642,0.9981940258039464,0.9972899929482698,0.9976055979256494
2,6,1.8817004053456008,0.50668,5000,2.1468116707272,0.460984393757503,833,2.1425536768124127,0.4607,0.9989306965551341,0.08327895033042516,,,0.99,,0.9900107286803723,0.00998927131962768,0.9870941111234047,0.09988151830976309,5,0.001,0.1,0.9980068012350601,0.9967092048334149,0.9973873158130311,0.9969695110860703,0.997998753863528,0.9979851683022367,1.0,0.9973681042630016,0.9975915284379089,0.9980668932674559,0.9975299274027181,0.9973505174643224
2,7,1.8843336478919739,0.50472,5000,2.142827360718339,0.48259303721488594,833,2.1425536768124127,0.4607,0.9984385044204839,0.08331415668911006,,,0.99,,0.9900107286803723,0.00998927131962768,0.9870941111234047,0.09988151830976309,5,0.001,0.1,0.9977393669455777,0.9960033849543913,0.9974656656273614,0.9971572452191707,0.9970913078389991,0.9966703712440846,0.9973681042630016,1.0,0.9970633177185997,0.996789377278701,0.9976813909989425,0.9960326298610795
2,8,1.8885281720738503,0.52292,5000,2.149568999255145,0.4261704681872749,833,2.1425536768124127,0.4607,0.9989442216837804,0.08338587190974252,,,0.99,,0.9900107286803723,0.00998927131962768,0.9870941111234047,0.09988151830976309,5,0.001,0.1,0.9972185075507778,0.996876060200965,0.9979003609946908,0.9982601259343936,0.9980191559300631,0.9975510536540642,0.9975915284379089,0.9970633177185997,1.0,0.9978889108025221,0.9977329543915264,0.9970198526914609
2,9,1.8925604947812997,0.51044,5000,2.144199433150115,0.4729891956782713,833,2.1425536768124127,0.4607,0.998967307653036,0.08335578885564056,,,0.99,,0.9900107286803723,0.00998927131962768,0.9870941111234047,0.09988151830976309,5,0.001,0.1,0.9975962659972647,0.9957379784300162,0.9981443462652043,0.997589621108182,0.9986475462087856,0.9981940258039464,0.9980668932674559,0.996789377278701,0.9978889108025221,1.0,0.9969697723656981,0.9977703115685291
2,10,1.8786747542156534,0.51364,5000,2.145038746021412,0.42136854741896757,833,2.1425536768124127,0.4607,0.9988468249484055,0.08335538189722569,,,0.99,,0.9900107286803723,0.00998927131962768,0.9870941111234047,0.09988151830976309,5,0.001,0.1,0.9976507863496068,0.9973115824548714,0.9981088358372546,0.9974854107926803,0.9976985837954082,0.9972899929482698,0.9975299274027181,0.9976813909989425,0.9977329543915264,0.9969697723656981,1.0,0.9964985926488484
2,11,1.8932886565566822,0.51688,5000,2.144279859684132,0.4645858343337335,833,2.1425536768124127,0.4607,0.9985433332073472,0.08328988136565303,,,0.99,,0.9900107286803723,0.00998927131962768,0.9870941111234047,0.09988151830976309,5,0.001,0.1,0.9976345159310027,0.9967812490363386,0.9970725213030665,0.9968279476589258,0.9977283667074526,0.9976055979256494,0.9973505174643224,0.9960326298610795,0.9970198526914609,0.9977703115685291,0.9964985926488484,1.0
3,0,1.706092905694512,0.5584,5000,2.052758905622694,0.565947242206235,834,2.059745595097161,0.5358,0.9989599789267702,0.08336172700276293,,,0.99,,0.9900107286803723,0.00998927131962768,0.9950739536566076,0.0998961284734876,5,0.001,0.1,1.0,0.9968402914522313,0.9982449072698422,0.9973174126156518,0.9978788385820804,0.9981283085202673,0.9980007064554741,0.9980965755472474,0.9972214803334974,0.9980285050149622,0.9977616065923831,0.9975456616875904
3,1,1.713583460886767,0.54856,5000,2.065144759637338,0.5371702637889688,834,2.059745595097161,0.5358,0.9984689037142659,0.08318453837491001,,,0.99,,0.9900107286803723,0.00998927131962768,0.9950739536566076,0.0998961284734876,5,0.001,0.1,0.9968402914522313,1.0,0.9973886768145013,0.9972166147252906,0.9971161185233086,0.9974192468494355,0.9973429777920354,0.9972646899433363,0.9974454979656838,0.9970015931426154,0.9975566779155672,0.9965957815693908
3,2,1.7107862336620403,0.55148,5000,2.0669959518644543,0.5323741007194245,834,2.059745595097161,0.5358,0.9992123985061899,0.08335736068192708,,,0.99,,0.9900107286803723,0.00998927131962768,0.9950739536566076,0.0998961284734876,5,0.001,0.1,0.9982449072698422,0.9973886768145013,1.0,0.9982960392757975,0.9981807002485155,0.9984322316082824,0.9975943635388017,0.9981285199658394,0.9979541898182921,0.9985447953450484,0.9983160128894831,0.9970095982010351
3,3,1.6960956390496271,0.55676,5000,2.0602040644045228,0.5203836930455635,834,2.059745595097161,0.5358,0.9990141101422346,0.08334423346354518,,,0.99,,0.9900107286803723,0.00998927131962768,0.9950739536566076,0.0998961284734876,5,0.001,0.1,0.9973174126156518,0.9972166147252906,0.9982960392757975,1.0,0.9982758511557386,0.9978533211445154,0.9974101552385115,0.9982113410240006,0.9982085086508671,0.9980704755730092,0.9979795739134466,0.9968743838994917
3,4,1.6997648097147608,0.57332,5000,2.0586849495216653,0.5462184873949579,833,2.059745595097161,0.5358,0.9991706524606306,0.08338442385867376,,,0.99,,0.9900107286803723,0.00998927131962768,0.9950739536566076,0.0998961284734876,5,0.001,0.1,0.9978788385820804,0.9971161185233086,0.9981807002485155,0.9982758511557386,1.0,0.9981874811859722,0.9980649203256222,0.9979052794832232,0.9980061224778657,0.9986879991017855,0.9979286166119741,0.9973568558997932
3,5,1.7084621650398157,0.56556,5000,2.0650671146534108,0.5486194477791116,833,2.059745595097161,0.5358,0.9991374756959135,0.08338631489525726,,,0.99,,0.9900107286803723,0.00998927131962768,0.9950739536566076,0.0998961284734876,5,0.001,0.1,0.9981283085202673,0.9974192468494355,0.9984322316082824,0.9978533211445154,0.9981874811859722,1.0,0.9980497912216728,0.9978659667534984,0.9976842591017239,0.9984998558087942,0.9978496458767397,0.9972216955876462
3,6,1.6946833441971214,0.56608,5000,2.0652736557854547,0.5402160864345739,833,2.059745595097161,0.5358,0.9989939005691607,0.08330104683453915,,,0.99,,0.9900107286803723,0.00998927131962768,0.9950739536566076,0.0998961284734876,5,0.001,0.1,0.9980007064554741,0.9973429777920354,0.9975943635388017,0.9974101552385115,0.9980649203256222,0.9980497912216728,1.0,0.9979641377494969,0.9979541496658941,0.9983265623421591,0.9976654797580179,0.9971007295609319
3,7,1.6978065018441266,0.55148,5000,2.061520647119593,0.5414165666266506,833,2.059745595097161,0.5358,0.9990453404093377,0.08332429362381573,,,0.99,,0.9900107286803723,0.00998927131962768,0.9950739536566076,0.0998961284734876,5,0.001,0.1,0.9980965755472474,0.9972646899433363,0.9981285199658394,0.9982113410240006,0.9979052794832232,0.9978659667534984,0.9979641377494969,1.0,0.9980520818024152,0.9976750927567614,0.9983101728035766,0.9966153240032544
3,8,1.7008519737583816,0.57148,5000,2.0687289900249906,0.5078031212484994,833,2.059745595097161,0.5358,0.9989846002341645,0.08336630564869027,,,0.99,,0.9900107286803723,0.00998927131962768,0.9950739536566076,0.0998961284734876,5,0.001,0.1,0.9972214803334974,0.9974454979656838,0.9979541898182921,0.9982085086508671,0.9980061224778657,0.9976842591017239,0.9979541496658941,0.9980520818024152,1.0,0.9981609042149151,0.9979110459257927,0.9967622782829959
3,9,1.7058264147703814,0.5576,5000,2.06403441340835,0.5450180072028812,833,2.059745595097161,0.5358,0.9992318008911633,0.08335583765278576,,,0.99,,0.9900107286803723,0.00998927131962768,0.9950739536566076,0.0998961284734876,5,0.001,0.1,0.9980285050149622,0.9970015931426154,0.9985447953450484,0.9980704755730092,0.9986879991017855,0.9984998558087942,0.9983265623421591,0.9976750927567614,0.9981609042149151,1.0,0.9978488781205874,0.9974772831018954
3,10,1.6915314980373262,0.56108,5000,2.0634101408499257,0.5078031212484994,833,2.059745595097161,0.5358,0.9990144956172322,0.08334857545859478,,,0.99,,0.9900107286803723,0.00998927131962768,0.9950739536566076,0.0998961284734876,5,0.001,0.1,0.9977616065923831,0.9975566779155672,0.9983160128894831,0.9979795739134466,0.9979286166119741,0.9978496458767397,0.9976654797580179,0.9983101728035766,0.9979110459257927,0.9978488781205874,1.0,0.9965916413154488
3,11,1.7083319055047004,0.56736,5000,2.0616700296048767,0.5366146458583433,833,2.059745595097161,0.5358,0.9982995724508389,0.0832853425044982,,,0.99,,0.9900107286803723,0.00998927131962768,0.9950739536566076,0.0998961284734876,5,0.001,0.1,0.9975456616875904,0.9965957815693908,0.9970095982010351,0.9968743838994917,0.9973568558997932,0.9972216955876462,0.9971007295609319,0.9966153240032544,0.9967622782829959,0.9974772831018954,0.9965916413154488,1.0
4,0,1.546112018330082,0.59348,5000,1.952156830717016,0.5839328537170264,834,1.9611874910208364,0.5805,0.9986858644618937,0.08334361349153685,,,0.99,,0.9900107286803723,0.00998927131962768,0.9975940880449521,0.09989068748414079,5,0.001,0.1,1.0,0.9965317312232854,0.9980844844113871,0.9968770998649349,0.9975172390832977,0.9976281192676278,0.9976663630791383,0.9975229045854989,0.996818712002993,0.9977111986220868,0.9972972264808511,0.9974732590960302
4,1,1.5536180333726726,0.585,5000,1.9676476937753182,0.5719424460431655,834,1.9611874910208364,0.5805,0.9983776027615998,0.08322501989811622,,,0.99,,0.9900107286803723,0.00998927131962768,0.9975940880449521,0.09989068748414079,5,0.001,0.1,0.9965317312232854,1.0,0.9973385223163241,0.9971253520051004,0.9971869890000262,0.9971318529974503,0.9974291954192387,0.9970870139104477,0.9972309030542356,0.9969065195601948,0.997145356657154,0.996327162586982
4,2,1.5523183203047248,0.5788,5000,1.9713159490514685,0.5635491606714629,834,1.9611874910208364,0.5805,0.9992511989905627,0.08335918054472116,,,0.99,,0.9900107286803723,0.00998927131962768,0.9975940880449521,0.09989068748414079,5,0.001,0.1,0.9980844844113871,0.9973385223163241,1.0,0.9981733296440262,0.9983042216839643,0.9984006895557606,0.9978640450177504,0.9980130897346497,0.9977583285620457,0.9985314201129225,0.9982879946990175,0.9971483770825181
4,3,1.5361523414113718,0.58988,5000,1.9607100795816492,0.5779376498800959,834,1.9611874910208364,0.5805,0.9989354699432228,0.08334094230425623,,,0.99,,0.9900107286803723,0.00998927131962768,0.9975940880449521,0.09989068748414079,5,0.001,0.1,0.9968770998649349,0.9971253520051004,0.9981733296440262,1.0,0.9981564449573017,0.9978873402917116,0.997240844029925,0.9980200245989983,0.9979257490767499,0.9980340248432958,0.9978276606390963,0.9968525025545917
4,4,1.5383135384814755,0.60208,5000,1.9607379524796098,0.5990396158463386,833,1.9611874910208364,0.5805,0.9991722598546885,0.08337322717351459,,,0.99,,0.9900107286803723,0.00998927131962768,0.9975940880449521,0.09989068748414079,5,0.001,0.1,0.9975172390832977,0.9971869890000262,0.9983042216839643,0.9981564449573017,1.0,0.9982817101609407,0.9980261783989084,0.9977678240044741,0.9979327026082115,0.9985670352400817,0.9979800325140094,0.9972374065897956
4,5,1.5475626262889546,0.60024,5000,1.966917386761418,0.6110444177671068,833,1.9611874910208364,0.5805,0.9991010346934063,0.0833720881280717,,,0.99,,0.9900107286803723,0.00998927131962768,0.9975940880449521,0.09989068748414079,5,0.001,0.1,0.9976281192676278,0.9971318529974503,0.9984006895557606,0.9978873402917116,0.9982817101609407,1.0,0.9980256452048835,0.9977709287919664,0.9977536601694369,0.9983064730181479,0.997711415182706,0.9972061861036623
4,6,1.5347180618601999,0.60236,5000,1.9681455470897533,0.5798319327731093,833,1.9611874910208364,0.5805,0.9989926520520633,0.08331630723920318,,,0.99,,0.9900107286803723,0.00998927131962768,0.9975940880449521,0.09989068748414079,5,0.001,0.1,0.9976663630791383,0.9974291954192387,0.9978640450177504,0.997240844029925,0.9980261783989084,0.9980256452048835,1.0,0.9979477745166808,0.9978080126862756,0.9980932481977455,0.9976707999888041,0.9970356427923798
4,7,1.539648803024535,0.59004,5000,1.9642918639712863,0.5822328931572629,833,1.9611874910208364,0.5805,0.9989502629340546,0.08332919333352874,,,0.99,,0.9900107286803723,0.00998927131962768,0.9975940880449521,0.09989068748414079,5,0.001,0.1,0.9975229045854989,0.9970870139104477,0.9980130897346497,0.9980200245989983,0.9977678240044741,0.9977709287919664,0.9979477745166808,1.0,0.9979428891166814,0.9976187770189896,0.9980464388437332,0.9965607438646611
4,8,1.5382225278836148,0.59968,5000,1.972320176936962,0.5558223289315727,833,1.9611874910208364,0.5805,0.998927266035186,0.08335421139070259,,,0.99,,0.9900107286803723,0.00998927131962768,0.9975940880449521,0.09989068748414079,5,0.001,0.1,0.996818712002993,0.9972309030542356,0.9977583285620457,0.9979257490767499,0.9979327026082115,0.9977536601694369,0.9978080126862756,0.9979428891166814,1.0,0.9980914547985976,0.9978545419318308,0.996905301182265
4,9,1.5451254693565855,0.59152,5000,1.9685251006373652,0.5894357743097239,833,1.9611874910208364,0.5805,0.9991948865355577,0.08335642938021277,,,0.99,,0.9900107286803723,0.00998927131962768,0.9975940880449521,0.09989068748414079,5,0.001,0.1,0.9977111986220868,0.9969065195601948,0.9985314201129225,0.9980340248432958,0.9985670352400817,0.9983064730181479,0.9980932481977455,0.9976187770189896,0.9980914547985976,1.0,0.9980495056491981,0.9973191908436103
4,10,1.533081199864673,0.59252,5000,1.966407714066682,0.5558223289315727,833,1.9611874910208364,0.5805,0.99897218787791,0.08334478960462156,,,0.99,,0.9900107286803723,0.00998927131962768,0.9975940880449521,0.09989068748414079,5,0.001,0.1,0.9972972264808511,0.997145356657154,0.9982879946990175,0.9978276606390963,0.9979800325140094,0.997711415182706,0.9976707999888041,0.9980464388437332,0.9978545419318308,0.9980495056491981,1.0,0.9966895995170051
4,11,1.5488911234649123,0.60312,5000,1.9633564993187234,0.595438175270108,833,1.9611874910208364,0.5805,0.998320843500225,0.08328499751151444,,,0.99,,0.9900107286803723,0.00998927131962768,0.9975940880449521,0.09989068748414079,5,0.001,0.1,0.9974732590960302,0.996327162586982,0.9971483770825181,0.9968525025545917,0.9972374065897956,0.9972061861036623,0.9970356427923798,0.9965607438646611,0.996905301182265,0.9973191908436103,0.9966895995170051,1.0
5,0,1.4126878221323536,0.6192,5000,1.8371717400021024,0.6019184652278178,834,1.848363003029991,0.6087,0.9985765839567035,0.08333304371354774,,,0.99,,0.9900107286803723,0.00998927131962768,0.9983099468540699,0.09987808202639209,5,0.001,0.1,1.0,0.9958664363855498,0.9975387962102436,0.9967535343596914,0.9971890440055666,0.9973820827656769,0.9975350889652386,0.9973475301680316,0.9966807060769419,0.9973900517662647,0.9971032947183466,0.9975234442094546
5,1,1.4222346029463846,0.6074,5000,1.8557364454975835,0.60431654676259,834,1.848363003029991,0.6087,0.9981869456798043,0.0832477480884458,,,0.99,,0.9900107286803723,0.00998927131962768,0.9983099468540699,0.09987808202639209,5,0.001,0.1,0.9958664363855498,1.0,0.997129583191478,0.9965240300570141,0.9966029878011318,0.9968511765109951,0.9971806877036644,0.9967913251218784,0.9971528700053893,0.9967029859967097,0.9968235807438968,0.9960200826819626
5,2,1.4201948151466952,0.60104,5000,1.86157461448952,0.5899280575539568,834,1.848363003029991,0.6087,0.9991381499981942,0.08336071290181905,,,0.99,,0.9900107286803723,0.00998927131962768,0.9983099468540699,0.09987808202639209,5,0.001,0.1,0.9975387962102436,0.997129583191478,1.0,0.9978619505062292,0.9980987845515561,0.9981663063041963,0.9977570364431965,0.9976468994843537,0.9974941468410793,0.998315333355966,0.9981274378639309,0.9969036930253059
5,3,1.403812006552508,0.612,5000,1.846844094770926,0.6163069544364509,834,1.848363003029991,0.6087,0.998724330746791,0.08333617403698644,,,0.99,,0.9900107286803723,0.00998927131962768,0.9983099468540699,0.09987808202639209,5,0.001,0.1,0.9967535343596914,0.9965240300570141,0.9978619505062292,1.0,0.9978364262449988,0.9976878794813961,0.997016703151964,0.9975901228436139,0.9974017256991938,0.997644546781948,0.997567701688212,0.9961954162175108
5,4,1.4051826370749505,0.62572,5000,1.8486269579993353,0.6122448979591837,833,1.848363003029991,0.6087,0.9989900761697681,0.08336454736035412,,,0.99,,0.9900107286803723,0.00998927131962768,0.9983099468540699,0.09987808202639209,5,0.001,0.1,0.9971890440055666,0.9966029878011318,0.9980987845515561,0.9978364262449988,1.0,0.9980842940943749,0.9977314442614423,0.9974727514904695,0.9974400198315597,0.9983164160878788,0.9976667899361116,0.9968253857866304
5,5,1.4150758680264661,0.624,5000,1.854466027683682,0.6302521008403361,833,1.848363003029991,0.6087,0.9989982305602553,0.08336411207516374,,,0.99,,0.9900107286803723,0.00998927131962768,0.9983099468540699,0.09987808202639209,5,0.001,0.1,0.9973820827656769,0.9968511765109951,0.9981663063041963,0.9976878794813961,0.9980842940943749,1.0,0.9976962090046424,0.9974824757362614,0.997536429420124,0.9981351578616902,0.9975480363865245,0.9967923638136115
5,6,1.401921813730981,0.62828,5000,1.8569049261234425,0.6122448979591837,833,1.848363003029991,0.6087,0.9989399740150778,0.0833280275161262,,,0.99,,0.9900107286803723,0.00998927131962768,0.9983099468540699,0.09987808202639209,5,0.001,0.1,0.9975350889652386,0.9971806877036644,0.9977570364431965,0.997016703151964,0.9977314442614423,0.9976962090046424,1.0,0.9976961570890905,0.9977214533871109,0.9979683599674292,0.9975847744260544,0.9967785763857178
5,7,1.4064277403673549,0.60708,5000,1.8529718981848822,0.60984393757503,833,1.848363003029991,0.6087,0.9988098099715238,0.08333172835127896,,,0.99,,0.9900107286803723,0.00998927131962768,0.9983099468540699,0.09987808202639209,5,0.001,0.1,0.9973475301680316,0.9967913251218784,0.9976468994843537,0.9975901228436139,0.9974727514904695,0.9974824757362614,0.9976961570890905,1.0,0.9976639532220963,0.9973204249702572,0.9977725195902992,0.9963215358417301
5,8,1.4042302325273015,0.62324,5000,1.8617990458453144,0.5882352941176471,833,1.848363003029991,0.6087,0.9988237266596004,0.08334751837622814,,,0.99,,0.9900107286803723,0.00998927131962768,0.9983099468540699,0.09987808202639209,5,0.001,0.1,0.9966807060769419,0.9971528700053893,0.9974941468410793,0.9974017256991938,0.9974400198315597,0.997536429420124,0.9977214533871109,0.9976639532220963,1.0,0.99789279206054,0.997636182114042,0.9966521764876599
5,9,1.4107630347749989,0.6206,5000,1.8592368761698406,0.6206482593037215,833,1.848363003029991,0.6087,0.9991015671604103,0.08335784525938635,,,0.99,,0.9900107286803723,0.00998927131962768,0.9983099468540699,0.09987808202639209,5,0.001,0.1,0.9973900517662647,0.9967029859967097,0.998315333355966,0.997644546781948,0.9983164160878788,0.9981351578616902,0.9979683599674292,0.9973204249702572,0.99789279206054,1.0,0.9977540614048045,0.997160956019643
5,10,1.3992082981546974,0.61608,5000,1.8552784831435591,0.6050420168067226,833,1.848363003029991,0.6087,0.9988915825310449,0.08334393093925238,,,0.99,,0.9900107286803723,0.00998927131962768,0.9983099468540699,0.09987808202639209,5,0.001,0.1,0.9971032947183466,0.9968235807438968,0.9981274378639309,0.997567701688212,0.9976667899361116,0.9975480363865245,0.9975847744260544,0.9977725195902992,0.997636182114042,0.9977540614048045,1.0,0.9965007441599671
5,11,1.4172331154726114,0.62516,5000,1.8508061700397067,0.6134453781512605,833,1.848363003029991,0.6087,0.9981895938182465,0.08328461138141115,,,0.99,,0.9900107286803723,0.00998927131962768,0.9983099468540699,0.09987808202639209,5,0.001,0.1,0.9975234442094546,0.9960200826819626,0.9969036930253059,0.9961954162175108,0.9968253857866304,0.9967923638136115,0.9967785763857178,0.9963215358417301,0.9966521764876599,0.997160956019643,0.9965007441599671,1.0
6,0,1.3028890955220362,0.63692,5000,1.7109833072732996,0.6211031175059952,834,1.7243294536876983,0.627,0.9985509194023289,0.08333165876021487,,,0.99,,0.9900107286803723,0.00998927131962768,0.99856389586014,0.09985972042966625,5,0.001,0.1,1.0,0.9958909375296794,0.9973951066450737,0.9964820028028808,0.9969821077643863,0.9971139391645645,0.9972298599169782,0.9972625122852339,0.9963745867905854,0.99709706115701,0.9969042546686468,0.9970707867672093
6,1,1.3136590214291954,0.6294,5000,1.7324104794749506,0.6199040767386091,834,1.7243294536876983,0.627,0.9980513459114885,0.08326322836617059,,,0.99,,0.9900107286803723,0.00998927131962768,0.99856389586014,0.09985972042966625,5,0.001,0.1,0.9958909375296794,1.0,0.9966974787099225,0.9963904976676858,0.9962356112737732,0.9965319815052139,0.9968288407236672,0.9960721253055979,0.996816195899977,0.9964490976494382,0.9962880499932313,0.9956200952079948
6,2,1.310448647760282,0.6208,5000,1.7409071745695892,0.60431654676259,834,1.7243294536876983,0.627,0.9989660127538088,0.0833620238907498,,,0.99,,0.9900107286803723,0.00998927131962768,0.99856389586014,0.09985972042966625,5,0.001,0.1,0.9973951066450737,0.9966974787099225,1.0,0.9976308003501259,0.997488031965537,0.9979060357991193,0.9975309759654148,0.9971863838014823,0.9968962683180023,0.9979783834597037,0.9975393869892429,0.9965271508844362
6,3,1.29459902040518,0.6328,5000,1.7214706518031933,0.6294964028776978,834,1.7243294536876983,0.627,0.9985676457603191,0.08333411824093367,,,0.99,,0.9900107286803723,0.00998927131962768,0.99856389586014,0.09985972042966625,5,0.001,0.1,0.9964820028028808,0.9963904976676858,0.9976308003501259,1.0,0.9974059572376206,0.9973336562976716,0.9966257866929475,0.9973122745815959,0.996816202854437,0.9971449340749059,0.9969916375684862,0.9958690635248929
6,4,1.29530028856484,0.6452,5000,1.7251855664783053,0.6326530612244898,833,1.7243294536876983,0.627,0.9987270621153174,0.08335666304680847,,,0.99,,0.9900107286803723,0.00998927131962768,0.99856389586014,0.09985972042966625,5,0.001,0.1,0.9969821077643863,0.9962356112737732,0.997488031965537,0.9974059572376206,1.0,0.9975238637065029,0.9972577034203397,0.997129098820185,0.9967967643758476,0.9976294711081043,0.9972175863549352,0.9962459554435978
6,5,1.3042772814726373,0.64204,5000,1.730917043156094,0.6530612244897959,833,1.7243294536876983,0.627,0.9988338350133839,0.08335984227240326,,,0.99,,0.9900107286803723,0.00998927131962768,0.99856389586014,0.09985972042966625,5,0.001,0.1,0.9971139391645645,0.9965319815052139,0.9979060357991193,0.9973336562976716,0.9975238637065029,1.0,0.997349433809986,0.9970644372543181,0.9971674724058555,0.9976189642191807,0.9971220999133183,0.9964600097959325
6,6,1.2915038609960277,0.646,5000,1.7345116138458252,0.631452581032413,833,1.7243294536876983,0.627,0.9987786395740202,0.083335932449154,,,0.99,,0.9900107286803723,0.00998927131962768,0.99856389586014,0.09985972042966625,5,0.001,0.1,0.9972298599169782,0.9968288407236672,0.9975309759654148,0.9966257866929475,0.9972577034203397,0.997349433809986,1.0,0.9973016794102594,0.9972652128419077,0.9977443748904649,0.9970306353358929,0.9963675835616191
6,7,1.2973248367856263,0.63348,5000,1.7302730392526697,0.6230492196878752,833,1.7243294536876983,0.627,0.9986219072611217,0.08333314330744632,,,0.99,,0.9900107286803723,0.00998927131962768,0.99856389586014,0.09985972042966625,5,0.001,0.1,0.9972625122852339,0.9960721253055979,0.9971863838014823,0.9973122745815959,0.997129098820185,0.9970644372543181,0.9973016794102594,1.0,0.9970577403745856,0.9970993523145418,0.9973101026339677,0.9958574680907203
6,8,1.2917998032205424,0.64432,5000,1.7402713387100786,0.6146458583433373,833,1.7243294536876983,0.627,0.9985610850936458,0.08334086325105013,,,0.99,,0.9900107286803723,0.00998927131962768,0.99856389586014,0.09985972042966625,5,0.001,0.1,0.9963745867905854,0.996816195899977,0.9968962683180023,0.996816202854437,0.9967967643758476,0.9971674724058555,0.9972652128419077,0.9970577403745856,1.0,0.9974691812230491,0.9970939542183823,0.9961712550649265
6,9,1.2995104634078445,0.63764,5000,1.7392284605238173,0.6338535414165666,833,1.7243294536876983,0.627,0.9989130613972125,0.08335855631234736,,,0.99,,0.9900107286803723,0.00998927131962768,0.99856389586014,0.09985972042966625,5,0.001,0.1,0.99709706115701,0.9964490976494382,0.9979783834597037,0.9971449340749059,0.9976294711081043,0.9976189642191807,0.9977443748904649,0.9970993523145418,0.9974691812230491,1.0,0.9971218181162127,0.996788842956678
6,10,1.2899609665202487,0.63712,5000,1.7332463926739163,0.6338535414165666,833,1.7243294536876983,0.627,0.9986170189333406,0.08334046860247832,,,0.99,,0.9900107286803723,0.00998927131962768,0.99856389586014,0.09985972042966625,5,0.001,0.1,0.9969042546686468,0.9962880499932313,0.9975393869892429,0.9969916375684862,0.9972175863549352,0.9971220999133183,0.9970306353358929,0.9973101026339677,0.9970939542183823,0.9971218181162127,1.0,0.9959747769713693
6,11,1.3074379704560444,0.6448,5000,1.7272632519404094,0.6266506602641057,833,1.7243294536876983,0.627,0.9979790692559443,0.08328350150024313,,,0.99,,0.9900107286803723,0.00998927131962768,0.99856389586014,0.09985972042966625,5,0.001,0.1,0.9970707867672093,0.9956200952079948,0.9965271508844362,0.9958690635248929,0.9962459554435978,0.9964600097959325,0.9963675835616191,0.9958574680907203,0.9961712550649265,0.996788842956678,0.9959747769713693,1.0
7,0,1.210142862417136,0.65376,5000,1.57820134251206,0.6438848920863309,834,1.5937105870475403,0.6446,0.9982531800788763,0.08332895772414535,,,0.99,,0.9900107286803723,0.00998927131962768,0.998521577557122,0.09983567823990247,5,0.001,0.1,1.0,0.9951741154225928,0.9971616193376827,0.9957335404509418,0.99620108320779,0.996571711634023,0.9966972148659997,0.9966518372348501,0.9956940162887401,0.9968104816488644,0.996143857384949,0.9965159803620087
7,1,1.222682961460891,0.64432,5000,1.6022026980364765,0.6474820143884892,834,1.5937105870475403,0.6446,0.9977286056311546,0.08327005729603626,,,0.99,,0.9900107286803723,0.00998927131962768,0.998521577557122,0.09983567823990247,5,0.001,0.1,0.9951741154225928,1.0,0.9960502895227745,0.9956396836281735,0.9954763928071078,0.9956807316705305,0.9963082536883835,0.9952877643752687,0.9959584093986067,0.9962109333650897,0.9958178531814041,0.9954708818681108
7,2,1.2184938005581023,0.6386,5000,1.6136256323920355,0.6223021582733813,834,1.5937105870475403,0.6446,0.9987547402720512,0.08336377011341925,,,0.99,,0.9900107286803723,0.00998927131962768,0.998521577557122,0.09983567823990247,5,0.001,0.1,0.9971616193376827,0.9960502895227745,1.0,0.996781568993937,0.9972827794576598,0.9974754239628875,0.9967798332870168,0.9964922119592786,0.9960718845892962,0.997605243565953,0.9971283854298298,0.9965338028116778
