round,client_id,client_i_training_loss,client_i_training_accuracy,client_i_training_dataset_size,client_i_evaluation_loss,client_i_evaluation_accuracy,client_i_evaluation_dataset_size,client_i_central_evaluation_loss,client_i_central_evaluation_accuracy,client_i_cosine_similarity,client_i_importance_coefficient,client_i_tanh_val,tanh_normalization_value,client_i_q,client_i_mask_order,client_i_v_nonzero_fraction,client_i_v_sparsity,client_i_v_cosine_similarity,client_i_reward_gradient_norm,local_epochs,learning_rate,gamma,client_0_cosine_similarity,client_1_cosine_similarity,client_2_cosine_similarity,client_3_cosine_similarity,client_4_cosine_similarity,client_5_cosine_similarity,client_6_cosine_similarity,client_7_cosine_similarity,client_8_cosine_similarity,client_9_cosine_similarity,client_10_cosine_similarity,client_11_cosine_similarity
0,0,2.287436016400655,0.17204223662107032,4167,2.2971488748277937,0.12589928057553956,834,2.29840381236016,0.1312,0.9566338485281246,0.08280880489146364,,,0.697161308822084,,0.6971992540146227,0.3028007459853773,0,0.1441090128644682,10,0.025,0.15,1.0,0.9209211634505986,0.8788322702567973,0.9342233398595937,0.9318762740737309,0.9109766483025327,0.9164087090868919,0.9330624766751723,0.8713689131905593,0.9603532635899825,0.8818316666607025,0.9114707032322121
0,1,2.2855511325778384,0.14756419486441086,4167,2.2955358369009837,0.12829736211031176,834,2.2983546257019043,0.1311,0.9764017448921372,0.08451996729246045,,,0.9699999998405535,,0.9700285520951957,0.029971447904804327,0,0.14440392468893704,10,0.025,0.15,0.9209211634505986,1.0,0.9283321747203167,0.9364454569996882,0.938777771627932,0.9412232130822326,0.9325642729642855,0.9360588539154424,0.9381501286198625,0.9236755834684314,0.9373583221309787,0.9461941523175353
0,2,2.281411437554793,0.15579553635709142,4167,2.2995080947875977,0.14028776978417265,834,2.2983803356750103,0.1313,0.9575851953761496,0.08289115603933848,,,0.7102919031928772,,0.7103365186248782,0.28966348137512177,0,0.14419990813065486,10,0.025,0.15,0.8788322702567973,0.9283321747203167,1.0,0.9282523259168418,0.8832005187995488,0.9272136979909474,0.9248963391801712,0.8646153167962448,0.9362885038428604,0.8901739413855853,0.9563261164221529,0.9442080810453852
0,3,2.2880173668716894,0.14931605471562276,4167,2.2983147416796004,0.11870503597122302,834,2.2983550783954088,0.1312,0.9712351071106997,0.08407272919750258,,,0.8986894939932917,,0.8987225825617666,0.10127741743823337,0,0.14440045005896304,10,0.025,0.15,0.9342233398595937,0.9364454569996882,0.9282523259168418,1.0,0.9228517096671163,0.9335776930888677,0.9345052869649535,0.9029917369404531,0.9200512745121129,0.939582411837315,0.9223043624754401,0.9452292506002032
0,4,2.2863924474427195,0.14955603551715863,4167,2.2974836145128523,0.13085234093637454,833,2.2983697969702224,0.131,0.9617872341997227,0.0832548958480678,,,0.7682889075842807,,0.7683319304847255,0.23166806951527452,0,0.1442792652684333,10,0.025,0.15,0.9318762740737309,0.938777771627932,0.8832005187995488,0.9228517096671163,1.0,0.9144780105399813,0.9139599374490479,0.9410826098850713,0.901202283238625,0.9347307240047801,0.8985641140453681,0.9301397802562552
0,5,2.2854238604054307,0.1464842812574994,4167,2.298931973321097,0.13205282112845138,833,2.2983565994455843,0.1313,0.9667959503986066,0.08368846382510338,,,0.8374197622904158,,0.8374593586506247,0.1625406413493753,0,0.14438548095765777,10,0.025,0.15,0.9109766483025327,0.9412232130822326,0.9272136979909474,0.9335776930888677,0.9144780105399813,1.0,0.9003429861797507,0.8963912342129817,0.9334596225847012,0.9260292334536842,0.9244888726625602,0.9605593557457448
0,6,2.2900278026407417,0.14427645788336932,4167,2.2967215946742465,0.13445378151260504,833,2.298405598990525,0.1312,0.9561955624596775,0.08277086566781551,,,0.6911120360514912,,0.6911587529501081,0.3088412470498919,0,0.1440978308487368,10,0.025,0.15,0.9164087090868919,0.9325642729642855,0.9248963391801712,0.9345052869649535,0.9139599374490479,0.9003429861797507,1.0,0.892117130827052,0.9053820416165207,0.902364120150152,0.9155637422684147,0.908159597613121
0,7,2.286500498020288,0.13928485721142309,4167,2.301271711077009,0.14165666266506602,833,2.2984475123731394,0.1309,0.949594250602269,0.08219943831714323,,,0.6,,0.6000148536911423,0.39998514630885773,0,0.14371291617949694,10,0.025,0.15,0.9330624766751723,0.9360588539154424,0.8646153167962448,0.9029917369404531,0.9410826098850713,0.8963912342129817,0.892117130827052,1.0,0.8872692458376464,0.938097605822292,0.8770148273573685,0.9013020916120522
0,8,2.2891039017475014,0.15820931349015843,4166,2.2980965886797224,0.13205282112845138,833,2.2983774867238878,0.1312,0.9586890765566508,0.08298671097024556,,,0.7255277932836472,,0.7255698040963179,0.2744301959036821,0,0.14422358335716337,10,0.025,0.15,0.8713689131905593,0.9381501286198625,0.9362885038428604,0.9200512745121129,0.901202283238625,0.9334596225847012,0.9053820416165207,0.8872692458376464,1.0,0.8925697406338611,0.9413888543492345,0.9479732288783854
0,9,2.288852247324857,0.14759961593855017,4166,2.298072780881609,0.12845138055222088,833,2.2983690002296546,0.1312,0.9624684458540138,0.083313863365323,,,0.7776910661468712,,0.7777392682081498,0.22226073179185024,0,0.1442872386304927,10,0.025,0.15,0.9603532635899825,0.9236755834684314,0.8901739413855853,0.939582411837315,0.9347307240047801,0.9260292334536842,0.902364120150152,0.938097605822292,0.8925697406338611,1.0,0.8781447760813147,0.9330206597601818
0,10,2.2862069418936066,0.15794527124339894,4166,2.296903269631522,0.12845138055222088,833,2.298376693001276,0.1312,0.9590153657927296,0.08301495544615471,,,0.730031273392296,,0.7300836757934347,0.2699163242065653,0,0.14423072467044687,10,0.025,0.15,0.8818316666607025,0.9373583221309787,0.9563261164221529,0.9223043624754401,0.8985641140453681,0.9244888726625602,0.9155637422684147,0.8770148273573685,0.9413888543492345,0.8781447760813147,1.0,0.9458833114680899
0,11,2.284645406405131,0.14344695151224196,4166,2.299771308898926,0.13445378151260504,833,2.298354598540294,0.1311,0.975918648187982,0.08447814913938166,,,0.963332245721962,,0.9633608951824528,0.036639104817547175,0,0.14440385828423966,10,0.025,0.15,0.9114707032322121,0.9461941523175353,0.9442080810453852,0.9452292506002032,0.9301397802562552,0.9605593557457448,0.908159597613121,0.9013020916120522,0.9479732288783854,0.9330206597601818,0.9458833114680899,1.0
1,0,2.1616596359195133,0.22759779217662587,4167,2.2858008657182967,0.1474820143884892,834,2.287116446072542,0.1481,0.9838660253359005,0.08294933014930894,,,0.6808656294222496,,0.6809097060619564,0.31909029393804356,0.8504377018156214,0.14759389550741778,10,0.025,0.15,1.0,0.9675557613835595,0.9692658480512216,0.970992885410104,0.9650633087013578,0.9668894907109554,0.9645014770758038,0.9696429151118655,0.9570614334091186,0.9756206720241869,0.9648642681531889,0.9667932242057251
1,1,2.152899235667604,0.2111591072714183,4167,2.283306462424142,0.1498800959232614,834,2.287019847314569,0.1477,0.9881833349148919,0.0841439703253312,,,0.9699999997579736,,0.9700285520951957,0.029971447904804327,0.8516269555067291,0.14786172910942041,10,0.025,0.15,0.9675557613835595,1.0,0.9668329183058932,0.9733144955068325,0.9737490947357209,0.9730498901008114,0.9711387281814563,0.9719395686663513,0.9745787225329736,0.9702416391325925,0.9708052715537174,0.9754480935574569
1,2,2.1470898960575915,0.22095032397408207,4167,2.28797789982387,0.15827338129496402,834,2.2870924201192735,0.1479,0.9834384850247009,0.08298621544069466,,,0.6897928409069415,,0.6898384248485748,0.3101615751514252,0.8500717831701683,0.14763048411229737,10,0.025,0.15,0.9692658480512216,0.9668329183058932,1.0,0.9680528769291454,0.9657479990528561,0.9681413990353788,0.9699366859422025,0.962053856723627,0.9632446634883666,0.9702966364908623,0.9655490770356474,0.9640711967826111
1,3,2.1580864501721932,0.21315094792416606,4167,2.2877208505358015,0.1342925659472422,834,2.2870210001740277,0.1478,0.9874657608085795,0.0838450589223415,,,0.8976555716830994,,0.8976910762324437,0.10230892376755629,0.8516471449641597,0.1478551213501008,10,0.025,0.15,0.970992885410104,0.9733144955068325,0.9680528769291454,1.0,0.970675832792693,0.9712465913878158,0.9720977991455627,0.9682042754984994,0.969528049649301,0.974022218068256,0.9669812182311314,0.9751509062254169
1,4,2.1624698028419957,0.2117110631149508,4167,2.2873849187578474,0.1452581032412965,833,2.287044579469705,0.1477,0.9874783612438708,0.08334143235263897,,,0.7757646843364752,,0.7758000363090228,0.22419996369097717,0.8509325507665554,0.14779328998046673,10,0.025,0.15,0.9650633087013578,0.9737490947357209,0.9657479990528561,0.970675832792693,1.0,0.9685116863664875,0.9769522141313448,0.9715611548980627,0.9731444580722078,0.9717435500288518,0.9732278637133365,0.9704639413491488
1,5,2.1521666436484366,0.21785457163426925,4167,2.2883222784314836,0.14765906362545017,833,2.2870260099821453,0.1476,0.9843175703464901,0.08350611572408864,,,0.8156223953565493,,0.8156656929246918,0.18433430707530818,0.8514282981792651,0.1478267658842327,10,0.025,0.15,0.9668894907109554,0.9730498901008114,0.9681413990353788,0.9712465913878158,0.9685116863664875,1.0,0.9640335506162558,0.9623744682570358,0.9662139719360814,0.9658681729340317,0.9625601785763683,0.974095090722256
1,6,2.1770089438467313,0.21046316294696424,4167,2.2849460329328264,0.15846338535414164,833,2.287108448487294,0.1481,0.9870658975862914,0.08302974269035161,,,0.7003275811363487,,0.7003845455595715,0.2996154544404285,0.8503139962605307,0.14767554764798785,10,0.025,0.15,0.9645014770758038,0.9711387281814563,0.9699366859422025,0.9720977991455627,0.9769522141313448,0.9640335506162558,1.0,0.9725298761361783,0.9724125390708749,0.9704501363513377,0.9736948397275744,0.9684497321347721
1,7,2.1604611414851562,0.21379889608831293,4167,2.2895639964512418,0.15846338535414164,833,2.287288071234015,0.1469,0.9851434776508061,0.08261521100029537,,,0.6,,0.6000148536911423,0.39998514630885773,0.8454641365017526,0.1472330198187843,10,0.025,0.15,0.9696429151118655,0.9719395686663513,0.962053856723627,0.9682042754984994,0.9715611548980627,0.9623744682570358,0.9725298761361783,1.0,0.9644095985091468,0.9759541779323255,0.9656366751052671,0.9692806388579153
1,8,2.1628772573037582,0.21903504560729717,4166,2.2877818175724576,0.14405762304921968,833,2.2870730870886695,0.1478,0.9844475641665855,0.08307783812131815,,,0.7119679414955974,,0.7120116849036986,0.2879883150963014,0.8502529550532382,0.14770004911402237,10,0.025,0.15,0.9570614334091186,0.9745787225329736,0.9632446634883666,0.969528049649301,0.9731444580722078,0.9662139719360814,0.9724125390708749,0.9644095985091468,1.0,0.9622805007845164,0.972103225445628,0.9699167933052251
1,9,2.161370748823339,0.21632261161785885,4166,2.285919189453125,0.13565426170468187,833,2.287042759641816,0.1477,0.9866763730465521,0.08335176016322116,,,0.7782642863669129,,0.7782921556006668,0.22170784439933322,0.8511037502950043,0.14779545132126087,10,0.025,0.15,0.9756206720241869,0.9702416391325925,0.9702966364908623,0.974022218068256,0.9717435500288518,0.9658681729340317,0.9704501363513377,0.9759541779323255,0.9622805007845164,1.0,0.9620619776808628,0.972812632412585
1,10,2.1660101099447773,0.21668266922707632,4166,2.285829986844744,0.15006002400960383,833,2.2870698729647865,0.1478,0.9841287173983525,0.0830849028739984,,,0.7136777976169475,,0.7137198593850572,0.2862801406149428,0.8502502166565277,0.1477031736695521,10,0.025,0.15,0.9648642681531889,0.9708052715537174,0.9655490770356474,0.9669812182311314,0.9732278637133365,0.9625601785763683,0.9736948397275744,0.9656366751052671,0.972103225445628,0.9620619776808628,1.0,0.9638897025718949
1,11,2.1498745116320523,0.2184589534325492,4166,2.2881038188934326,0.14405762304921968,833,2.2870198141170452,0.1477,0.9866488183376623,0.08406842223641144,,,0.9517153735095779,,0.9517585119902295,0.04824148800977046,0.851646831056177,0.14786136607143546,10,0.025,0.15,0.9667932242057251,0.9754480935574569,0.9640711967826111,0.9751509062254169,0.9704639413491488,0.974095090722256,0.9684497321347721,0.9692806388579153,0.9699167933052251,0.972812632412585,0.9638897025718949,1.0
2,0,2.0653464313709375,0.26568274538036957,4167,2.267838273729597,0.15707434052757793,834,2.2694197274461576,0.167,0.9825681190959861,0.08303838902435683,,,0.97,,0.9700285520951957,0.029971447904804327,0.9649865880908889,0.14765417903204234,10,0.025,0.15,1.0,0.9665484840132961,0.9645768541553491,0.9636262153578402,0.9622106082290772,0.9645815646040875,0.9634462895007019,0.9654052471876322,0.9589318010377679,0.964326929805501,0.9673942658176933,0.9655197738189221
2,1,2.0575989650957514,0.2560595152387809,4167,2.2642243249075755,0.17146282973621102,834,2.269297853300843,0.1661,0.9858176740252459,0.08388051056881148,,,0.97,,0.9700285520951957,0.029971447904804327,0.9671146961680412,0.14765417903204234,10,0.025,0.15,0.9665484840132961,1.0,0.9620516616292701,0.9670044622308064,0.9694411043584193,0.9659192057010326,0.9656374260427429,0.9716474207276696,0.9690996743412177,0.9684008414302717,0.9668486813036914,0.971874008717708
2,2,2.0499892910321553,0.2628509719222462,4167,2.2701810768672397,0.1642685851318945,834,2.269392448135569,0.1663,0.9821264061485959,0.08304679824480064,,,0.97,,0.9700285520951957,0.029971447904804327,0.9654744324737828,0.14765417903204234,10,0.025,0.15,0.9645768541553491,0.9620516616292701,1.0,0.9620266038641898,0.9656306524494935,0.9656052884232846,0.9659637291552138,0.9618269673535607,0.9622667029325606,0.9665699612985835,0.9634607983359739,0.9614190929923234
2,3,2.0596843217358445,0.2543796496280298,4167,2.271195037024362,0.15467625899280577,834,2.269299990014185,0.1663,0.9843940463890447,0.08364998770143983,,,0.97,,0.9700285520951957,0.029971447904804327,0.967063771422511,0.14765417903204234,10,0.025,0.15,0.9636262153578402,0.9670044622308064,0.9620266038641898,1.0,0.9663439685616966,0.9654024449202164,0.9667030599931818,0.9646942497516023,0.9679056993649079,0.9683521470064076,0.9675226840720547,0.9681563311483027
2,4,2.0655745499061817,0.2548836093112551,4167,2.271529504231044,0.17046818727490998,833,2.2693268498287926,0.1659,0.9855796085662157,0.08337791008046097,,,0.97,,0.9700285520951957,0.029971447904804327,0.9666329837422495,0.14765417903204234,10,0.025,0.15,0.9622106082290772,0.9694411043584193,0.9656306524494935,0.9663439685616966,1.0,0.9663095354624373,0.9699411444462888,0.971036877301953,0.9693135445490857,0.9699330514117829,0.969346869261854,0.9625464298840748
2,5,2.0575582912473966,0.26455483561315096,4167,2.2716097150530135,0.1716686674669868,833,2.269306475603128,0.1662,0.9829016188287755,0.08339254689859579,,,0.97,,0.9700285520951957,0.029971447904804327,0.9669853385149881,0.14765417903204234,10,0.025,0.15,0.9645815646040875,0.9659192057010326,0.9656052884232846,0.9654024449202164,0.9663095354624373,1.0,0.9623270124171377,0.9657983341811363,0.9624100084488025,0.962917413303163,0.9629225703843284,0.9660686391852233
2,6,2.0798001101522736,0.25284377249820017,4167,2.2665441376822337,0.17767106842737096,833,2.269409680668312,0.1671,0.9845299313446845,0.08315164406519238,,,0.97,,0.9700285520951957,0.029971447904804327,0.9658204640133923,0.14765417903204234,10,0.025,0.15,0.9634462895007019,0.9656374260427429,0.9659637291552138,0.9667030599931818,0.9699411444462888,0.9623270124171377,1.0,0.966924934569121,0.9678724466813224,0.9655708347233846,0.9713078681496372,0.964075921510478
2,7,2.0626987681244358,0.25848332133429325,4167,2.2712533133370534,0.18967587034813926,833,2.269662748409223,0.166,0.985355010502694,0.08292280628159282,,,0.97,,0.9700285520951957,0.029971447904804327,0.9633106423129726,0.14765417903204234,10,0.025,0.15,0.9654052471876322,0.9716474207276696,0.9618269673535607,0.9646942497516023,0.971036877301953,0.9657983341811363,0.966924934569121,1.0,0.9654176750928813,0.970190299159932,0.9675755678302193,0.9690386516398172
2,8,2.0656872193018594,0.2641862698031685,4166,2.271533795765468,0.15606242496998798,833,2.2693675017055077,0.1662,0.9838551479884438,0.08315940167105489,,,0.97,,0.9700285520951957,0.029971447904804327,0.9660205405500301,0.14765417903204234,10,0.025,0.15,0.9589318010377679,0.9690996743412177,0.9622667029325606,0.9679056993649079,0.9693135445490857,0.9624100084488025,0.9678724466813224,0.9654176750928813,1.0,0.9646406217697541,0.9672410373932354,0.9665579581767079
2,9,2.0659329103701043,0.25698511761881904,4166,2.2668569087982178,0.1524609843937575,833,2.269324212134639,0.1662,0.9851529248806828,0.08337043075769203,,,0.97,,0.9700285520951957,0.029971447904804327,0.9666499237357207,0.14765417903204234,10,0.025,0.15,0.964326929805501,0.9684008414302717,0.9665699612985835,0.9683521470064076,0.9699330514117829,0.962917413303163,0.9655708347233846,0.970190299159932,0.9646406217697541,1.0,0.965771757095184,0.9702384981211055
2,10,2.0760066827138264,0.2557369179068651,4166,2.2681068011692593,0.1644657863145258,833,2.26936249189739,0.1662,0.9851645660386477,0.08320625463000406,,,0.97,,0.9700285520951957,0.029971447904804327,0.96605817158303,0.14765417903204234,10,0.025,0.15,0.9673942658176933,0.9668486813036914,0.9634607983359739,0.9675226840720547,0.969346869261854,0.9629225703843284,0.9713078681496372,0.9675755678302193,0.9672410373932354,0.965771757095184,1.0,0.9678165008317953
2,11,2.049731985727946,0.26517042726836293,4166,2.270277840750558,0.15966386554621848,833,2.2692978985701937,0.1661,0.9848746695705606,0.08380332007599844,,,0.97,,0.9700285520951957,0.029971447904804327,0.9671025423700808,0.14765417903204234,10,0.025,0.15,0.9655197738189221,0.971874008717708,0.9614190929923234,0.9681563311483027,0.9625464298840748,0.9660686391852233,0.964075921510478,0.9690386516398172,0.9665579581767079,0.9702384981211055,0.9678165008317953,1.0
3,0,2.000986875548507,0.28857691384689227,4167,2.2433368478502547,0.18944844124700239,834,2.245202396489397,0.206,0.9796197615156859,0.08311991313963861,,,0.97,,0.9700285520951957,0.029971447904804327,0.9850644157217274,0.14708725719192053,10,0.025,0.15,1.0,0.9605572559013531,0.9577482603875421,0.9541164433860073,0.9539153588717437,0.9578592700602925,0.9564132941021296,0.9581469849802708,0.9516292969432952,0.9563464806828875,0.960555764378462,0.9600230917891709
3,1,1.9958408850612062,0.2843532517398608,4167,2.2381695679255893,0.2182254196642686,834,2.245048212099679,0.2052,0.982451674296068,0.08373200502604956,,,0.97,,0.9700285520951957,0.029971447904804327,0.9850644157217274,0.14708725719192053,10,0.025,0.15,0.9605572559013531,1.0,0.9533494813335452,0.9575081157072183,0.96182345583357,0.9580127561348387,0.9581820595337468,0.9640228722942232,0.9625190428981941,0.960668374736999,0.9596794107153916,0.9639112004035197
3,2,1.9845748308933142,0.2891288696904248,4167,2.2459071023123607,0.20023980815347722,834,2.2451707773570773,0.205,0.9780572562951952,0.08307432108652092,,,0.97,,0.9700285520951957,0.029971447904804327,0.9850644157217274,0.14708725719192053,10,0.025,0.15,0.9577482603875421,0.9533494813335452,1.0,0.9533271214128786,0.9584289083957787,0.9560924258442476,0.9569279395140001,0.9531295776342606,0.9530773340164596,0.9588680803566467,0.954692350284829,0.9533360039078749
3,3,1.996629131562782,0.2820014398848092,4167,2.2485574994768416,0.19304556354916066,834,2.245051275325727,0.2052,0.9793942194019353,0.0834902722309603,,,0.97,,0.9700285520951957,0.029971447904804327,0.9850644157217274,0.14708725719192053,10,0.025,0.15,0.9541164433860073,0.9575081157072183,0.9533271214128786,1.0,0.9569431535219015,0.9552380863527384,0.9573808497637749,0.9546291462083145,0.9591467295324771,0.9587818908454048,0.9591518577433032,0.9581105026261424
3,4,2.002575699488322,0.2807295416366691,4167,2.2496857983725413,0.21728691476590636,833,2.2450828642784795,0.2051,0.981713866614212,0.08339764607501983,,,0.97,,0.9700285520951957,0.029971447904804327,0.9850644157217274,0.14708725719192053,10,0.025,0.15,0.9539153588717437,0.96182345583357,0.9584289083957787,0.9569431535219015,1.0,0.9574913741423398,0.9619708443529289,0.9630077496259717,0.9612209219252411,0.9626711309886399,0.9610991171866154,0.9532687972733627
3,5,1.993523774363778,0.29640028797696183,4167,2.2486718041556224,0.20528211284513806,833,2.2450600485258465,0.2052,0.9791149755676757,0.08332221484661886,,,0.97,,0.9700285520951957,0.029971447904804327,0.9850644157217274,0.14708725719192053,10,0.025,0.15,0.9578592700602925,0.9580127561348387,0.9560924258442476,0.9552380863527384,0.9574913741423398,1.0,0.9553739925369601,0.958723154943942,0.9542252878668581,0.9544727567638942,0.954913435156478,0.9588000106724294
3,6,2.0157213124361903,0.27955363570914327,4167,2.2414515699659074,0.2064825930372149,833,2.245190382003784,0.2061,0.9809872744248228,0.0832343006443189,,,0.97,,0.9700285520951957,0.029971447904804327,0.9850644157217274,0.14708725719192053,10,0.025,0.15,0.9564132941021296,0.9581820595337468,0.9569279395140001,0.9573808497637749,0.9619708443529289,0.9553739925369601,1.0,0.9594949551493569,0.9600707476133041,0.9582643169365114,0.9637278461253862,0.9555880293787242
3,7,2.0001536044207486,0.2875929925605952,4167,2.2464020252227783,0.21368547418967587,833,2.2455289152604117,0.2057,0.981722908106112,0.08311689283976459,,,0.97,,0.9700285520951957,0.029971447904804327,0.9850644157217274,0.14708725719192053,10,0.025,0.15,0.9581469849802708,0.9640228722942232,0.9531295776342606,0.9546291462083145,0.9630077496259717,0.958723154943942,0.9594949551493569,1.0,0.9567269351064587,0.9622571411982523,0.9599444392761474,0.9619909553472785
3,8,2.0040342793320165,0.2872059529524724,4166,2.2489283084869385,0.1908763505402161,833,2.245139118991321,0.2055,0.9799872130853113,0.08320658695000063,,,0.97,,0.9700285520951957,0.029971447904804327,0.9850644157217274,0.14708725719192053,10,0.025,0.15,0.9516292969432952,0.9625190428981941,0.9530773340164596,0.9591467295324771,0.9612209219252411,0.9542252878668581,0.9600707476133041,0.9567269351064587,1.0,0.9559315234992987,0.9592603074733033,0.9577197335077372
3,9,2.005158498431697,0.28161305808929427,4166,2.2408323287963867,0.1992797118847539,833,2.2450792336765724,0.2051,0.9812301274533756,0.08337730458606459,,,0.97,,0.9700285520951957,0.029971447904804327,0.9850644157217274,0.14708725719192053,10,0.025,0.15,0.9563464806828875,0.960668374736999,0.9588680803566467,0.9587818908454048,0.9626711309886399,0.9544727567638942,0.9582643169365114,0.9622571411982523,0.9559315234992987,1.0,0.9579616756663887,0.9598766181062317
3,10,2.0135172269561075,0.2799807969275084,4166,2.2437218938555037,0.22088835534213686,833,2.245133001593095,0.2054,0.9816946375882141,0.08329101610970607,,,0.97,,0.9700285520951957,0.029971447904804327,0.9850644157217274,0.14708725719192053,10,0.025,0.15,0.960555764378462,0.9596794107153916,0.954692350284829,0.9591518577433032,0.9610991171866154,0.954913435156478,0.9637278461253862,0.9599444392761474,0.9592603074733033,0.9579616756663887,1.0,0.9606716391245752
3,11,1.9833513657251993,0.2944311089774364,4166,2.2459518909454346,0.20888355342136855,833,2.2450483871411673,0.2052,0.9810114731626458,0.08363752646533723,,,0.97,,0.9700285520951957,0.029971447904804327,0.9850644157217274,0.14708725719192053,10,0.025,0.15,0.9600230917891709,0.9639112004035197,0.9533360039078749,0.9581105026261424,0.9532687972733627,0.9588000106724294,0.9555880293787242,0.9619909553472785,0.9577197335077372,0.9598766181062317,0.9606716391245752,1.0
4,0,1.9549237370491028,0.30436765058795295,4167,2.212617908205305,0.23741007194244604,834,2.214793956732448,0.2584,0.9763551541152816,0.0831692602115044,,,0.97,,0.9700285520951957,0.029971447904804327,0.9896530229182694,0.14660113174170195,10,0.025,0.15,1.0,0.9538440327292935,0.9510100915805949,0.9467437628830314,0.945568315288838,0.9499740613371259,0.9502488060751104,0.9513683602422986,0.9456879716657232,0.9495347378859734,0.9529966508326381,0.9539410428767096
4,1,1.9506100632927634,0.30556755459563234,4167,2.2053724016462053,0.30335731414868106,834,2.214600128463552,0.259,0.9791321290081372,0.08363810533495772,,,0.97,,0.9700285520951957,0.029971447904804327,0.9896530229182694,0.14660113174170195,10,0.025,0.15,0.9538440327292935,1.0,0.9452935796998441,0.9500152047983131,0.954167981968945,0.9511195360381516,0.952234965161818,0.9570718996028439,0.954873018997073,0.9544530658190696,0.9516759477390654,0.9583795431007887
4,2,1.9376468004602374,0.3089992800575954,4167,2.215468304497855,0.2565947242206235,834,2.2147567392904546,0.2587,0.9748607599532186,0.08309243661927541,,,0.97,,0.9700285520951957,0.029971447904804327,0.9896530229182694,0.14660113174170195,10,0.025,0.15,0.9510100915805949,0.9452935796998441,1.0,0.9456884835752442,0.9506868732773686,0.949974529824827,0.9503170769316394,0.9470790040415134,0.9460347839071613,0.9545519345728188,0.946712688258045,0.9461202757079771
4,3,1.9448005629308296,0.30182385409167267,4167,2.220174482890538,0.23381294964028776,834,2.214604139328003,0.2591,0.97566002146586,0.08337564100598835,,,0.97,,0.9700285520951957,0.029971447904804327,0.9896530229182694,0.14660113174170195,10,0.025,0.15,0.9467437628830314,0.9500152047983131,0.9456884835752442,1.0,0.9493080115518635,0.9479262399154139,0.9496416657407614,0.9466428431947004,0.9514772427705619,0.95303438663042,0.9500077539747486,0.9520409514519416
4,4,1.9556631207466126,0.2999760019198464,4167,2.221977812903268,0.24129651860744297,833,2.2146428023712543,0.259,0.9776331983824169,0.08338258188226816,,,0.97,,0.9700285520951957,0.029971447904804327,0.9896530229182694,0.14660113174170195,10,0.025,0.15,0.945568315288838,0.954167981968945,0.9506868732773686,0.9493080115518635,1.0,0.9506100663926013,0.9548115428826079,0.9544470430295129,0.9531272280768931,0.9549496148826648,0.952943681277559,0.9451517559619396
4,5,1.9430131540153965,0.3151187904967603,4167,2.219797509057181,0.2533013205282113,833,2.2146162141727497,0.2593,0.9763018881422015,0.08329261525863148,,,0.97,,0.9700285520951957,0.029971447904804327,0.9896530229182694,0.14660113174170195,10,0.025,0.15,0.9499740613371259,0.9511195360381516,0.949974529824827,0.9479262399154139,0.9506100663926013,1.0,0.9501406221873743,0.9530209643955113,0.9487942742318145,0.9482329565006413,0.9493204845525921,0.9510797972577072
4,6,1.9690013253327572,0.2954403647708183,4167,2.2100469725472585,0.26410564225690275,833,2.2147791717625873,0.2587,0.9780916855872303,0.08329650185083523,,,0.97,,0.9700285520951957,0.029971447904804327,0.9896530229182694,0.14660113174170195,10,0.025,0.15,0.9502488060751104,0.952234965161818,0.9503170769316394,0.9496416657407614,0.9548115428826079,0.9501406221873743,1.0,0.9520790900467714,0.9518327494836153,0.9517036634698454,0.9585646494421635,0.9496624264861461
4,7,1.9491817550225692,0.3064074874010079,4167,2.215213809694563,0.2737094837935174,833,2.2152142192744,0.2554,0.9781445674573955,0.08322562645402203,,,0.97,,0.9700285520951957,0.029971447904804327,0.9896530229182694,0.14660113174170195,10,0.025,0.15,0.9513683602422986,0.9570718996028439,0.9470790040415134,0.9466428431947004,0.9544470430295129,0.9530209643955113,0.9520790900467714,1.0,0.9481189943389539,0.9550311102068543,0.9519238854184425,0.9550871835711264
4,8,1.9555111859783982,0.30729716754680747,4166,2.2203048978533064,0.25210084033613445,833,2.2147172764886784,0.2591,0.9766497304358073,0.08323243947076783,,,0.97,,0.9700285520951957,0.029971447904804327,0.9896530229182694,0.14660113174170195,10,0.025,0.15,0.9456879716657232,0.954873018997073,0.9460347839071613,0.9514772427705619,0.9531272280768931,0.9487942742318145,0.9518327494836153,0.9481189943389539,1.0,0.9483131640479363,0.9521759049790174,0.9538395892261792
4,9,1.9562872724099594,0.300384061449832,4166,2.2084390095302036,0.2665066026410564,833,2.214638157735897,0.259,0.9783862754454052,0.08339451196418088,,,0.97,,0.9700285520951957,0.029971447904804327,0.9896530229182694,0.14660113174170195,10,0.025,0.15,0.9495347378859734,0.9544530658190696,0.9545519345728188,0.95303438663042,0.9549496148826648,0.9482329565006413,0.9517036634698454,0.9550311102068543,0.9483131640479363,1.0,0.950831176515468,0.9539502664144817
4,10,1.9675317785956643,0.29476716274603937,4166,2.2131358214787076,0.24969987995198079,833,2.214710145057002,0.2591,0.978344796861981,0.08333980765348113,,,0.97,,0.9700285520951957,0.029971447904804327,0.9896530229182694,0.14660113174170195,10,0.025,0.15,0.9529966508326381,0.9516759477390654,0.946712688258045,0.9500077539747486,0.952943681277559,0.9493204845525921,0.9585646494421635,0.9519238854184425,0.9521759049790174,0.950831176515468,1.0,0.9569977118185108
4,11,1.9321057894013145,0.31505040806529044,4166,2.2155048506600514,0.2737094837935174,833,2.214600484582442,0.259,0.9785417056700281,0.08356047229408738,,,0.97,,0.9700285520951957,0.029971447904804327,0.9896530229182694,0.14660113174170195,10,0.025,0.15,0.9539410428767096,0.9583795431007887,0.9461202757079771,0.9520409514519416,0.9451517559619396,0.9510797972577072,0.9496624264861461,0.9550871835711264,0.9538395892261792,0.9539502664144817,0.9569977118185108,1.0
5,0,1.9140302423274878,0.31667866570674347,4167,2.1771331514631,0.27577937649880097,834,2.1794497302815885,0.2978,0.9729809604113409,0.08318629118297412,,,0.97,,0.9700285520951957,0.029971447904804327,0.9914376041165581,0.14615659800763853,10,0.025,0.15,1.0,0.9489644619600548,0.943591418740844,0.9402955674870582,0.9402745275634194,0.9415147921087634,0.9422374719110657,0.9455595035486166,0.9374472273433166,0.9419988515699372,0.9466055048595976,0.9482114661500879
5,1,1.9105759179953372,0.31454283657307414,4167,2.1669581617627824,0.33573141486810554,834,2.179217782201646,0.2991,0.9767438767292909,0.08359912706841645,,,0.97,,0.9700285520951957,0.029971447904804327,0.9914376041165581,0.14615659800763853,10,0.025,0.15,0.9489644619600548,1.0,0.9384233324128155,0.9451252050602826,0.9485304495434059,0.9467426966510761,0.94535748011703,0.9500913289240804,0.9491524570699669,0.9485379929062046,0.9465574813499067,0.9529129249786543
5,2,1.8963481028874716,0.32421406287497,4167,2.1800276892525807,0.29376498800959233,834,2.1794057345088524,0.2975,0.9717807324679291,0.08309962914944766,,,0.97,,0.9700285520951957,0.029971447904804327,0.9914376041165581,0.14615659800763853,10,0.025,0.15,0.943591418740844,0.9384233324128155,1.0,0.9394183466293514,0.9447993063217629,0.9436411661154277,0.9430678013493781,0.9410601208323893,0.9382239850725387,0.9478460997816774,0.9428003415570809,0.9398986687420744
5,3,1.9034419803908378,0.3130309575233981,4167,2.1871020793914795,0.2841726618705036,834,2.1792224721063542,0.2993,0.9728442453475571,0.08330959549404175,,,0.97,,0.9700285520951957,0.029971447904804327,0.9914376041165581,0.14615659800763853,10,0.025,0.15,0.9402955674870582,0.9451252050602826,0.9394183466293514,1.0,0.9430536995411067,0.941994349664932,0.9430165307526037,0.9390387391556944,0.9447586722952512,0.9465962049306424,0.9462316180729238,0.945431018865913
5,4,1.9194092400146254,0.3147588192944564,4167,2.1896041461399625,0.2725090036014406,833,2.179267759564557,0.2979,0.9753707151035633,0.08339620768511667,,,0.97,,0.9700285520951957,0.029971447904804327,0.9914376041165581,0.14615659800763853,10,0.025,0.15,0.9402745275634194,0.9485304495434059,0.9447993063217629,0.9430536995411067,1.0,0.9449118225593715,0.9493748703378415,0.9479751982279964,0.9465941460318544,0.9493061914739889,0.9495183248205972,0.940190641885882
5,5,1.90406539404031,0.33071754259659225,4167,2.1862171377454485,0.2797118847539016,833,2.1792381383195707,0.2992,0.973294902226421,0.08327288191296246,,,0.97,,0.9700285520951957,0.029971447904804327,0.9914376041165581,0.14615659800763853,10,0.025,0.15,0.9415147921087634,0.9467426966510761,0.9436411661154277,0.941994349664932,0.9449118225593715,1.0,0.9431585667467967,0.9464846383414729,0.94280441759878,0.9412393474662064,0.94343055376629,0.9443866277816053
5,6,1.9314302946581985,0.30892728581713463,4167,2.1738020351954868,0.30012004801920766,833,2.1794320722169513,0.2982,0.9743821833868175,0.08331071283766067,,,0.97,,0.9700285520951957,0.029971447904804327,0.9914376041165581,0.14615659800763853,10,0.025,0.15,0.9422374719110657,0.94535748011703,0.9430678013493781,0.9430165307526037,0.9493748703378415,0.9431585667467967,1.0,0.9451552787254701,0.9430590222561084,0.9444143718865726,0.9518584438482006,0.9423224817550746
5,7,1.9095406207171353,0.3165106791456683,4167,2.179407528468541,0.3241296518607443,833,2.179960501344898,0.2955,0.9748164177437966,0.08328098578419675,,,0.97,,0.9700285520951957,0.029971447904804327,0.9914376041165581,0.14615659800763853,10,0.025,0.15,0.9455595035486166,0.9500913289240804,0.9410601208323893,0.9390387391556944,0.9479751982279964,0.9464846383414729,0.9451552787254701,1.0,0.9394766955675211,0.9485617966537333,0.9455933534436987,0.9491121125743494
5,8,1.9151585748701385,0.3213634181469035,4166,2.186457191194807,0.290516206482593,833,2.1793589441082144,0.2978,0.972893798619845,0.08322256204425017,,,0.97,,0.9700285520951957,0.029971447904804327,0.9914376041165581,0.14615659800763853,10,0.025,0.15,0.9374472273433166,0.9491524570699669,0.9382239850725387,0.9447586722952512,0.9465941460318544,0.94280441759878,0.9430590222561084,0.9394766955675211,1.0,0.9414162008653676,0.9457042286116869,0.946971974142741
5,9,1.9164582454796992,0.3156265002400384,4166,2.170976366315569,0.31452581032412963,833,2.179261690453638,0.2979,0.9751651519142958,0.0833968954216429,,,0.97,,0.9700285520951957,0.029971447904804327,0.9914376041165581,0.14615659800763853,10,0.025,0.15,0.9419988515699372,0.9485379929062046,0.9478460997816774,0.9465962049306424,0.9493061914739889,0.9412393474662064,0.9444143718865726,0.9485617966537333,0.9414162008653676,1.0,0.9447144695851362,0.9474682513949394
5,10,1.9274165857921948,0.30931349015842535,4166,2.177485840661185,0.2917166866746699,833,2.179351079313061,0.2979,0.9763784589893196,0.08340256211736637,,,0.97,,0.9700285520951957,0.029971447904804327,0.9914376041165581,0.14615659800763853,10,0.025,0.15,0.9466055048595976,0.9465574813499067,0.9428003415570809,0.9462316180729238,0.9495183248205972,0.94343055376629,0.9518584438482006,0.9455933534436987,0.9457042286116869,0.9447144695851362,1.0,0.9533000068044782
5,11,1.8905326239990465,0.3300528084493519,4166,2.180152552468436,0.3085234093637455,833,2.179218234895151,0.2991,0.9758685398775157,0.08352254930192392,,,0.97,,0.9700285520951957,0.029971447904804327,0.9914376041165581,0.14615659800763853,10,0.025,0.15,0.9482114661500879,0.9529129249786543,0.9398986687420744,0.945431018865913,0.940190641885882,0.9443866277816053,0.9423224817550746,0.9491121125743494,0.946971974142741,0.9474682513949394,0.9533000068044782,1.0
6,0,1.8732610604979776,0.3318214542836573,4167,2.1377056326184953,0.2997601918465228,834,2.139871558056602,0.3228,0.9702154919991229,0.08319489902781184,,,0.97,,0.9700285520951957,0.029971447904804327,0.9927473152759613,0.14574989803299626,10,0.025,0.15,1.0,0.9441657959842423,0.9381072752814614,0.9366980264013376,0.9326388796575474,0.9370393405701924,0.9367680634661607,0.9391220944823993,0.9333175695046021,0.9348064154030054,0.9387403138566748,0.9414066786905109
6,1,1.8736787004904314,0.33021358291336694,4167,2.123788629259382,0.36211031175059955,834,2.1395984601370897,0.3213,0.9745447140563133,0.08359193446966473,,,0.97,,0.9700285520951957,0.029971447904804327,0.9927473152759613,0.14574989803299626,10,0.025,0.15,0.9441657959842423,1.0,0.9331181086990769,0.9406343549702233,0.9420557071592299,0.942280374631624,0.9406570947140552,0.9450187693098036,0.9438096491321045,0.9443648713053027,0.9400545236603689,0.9468352277587313
6,2,1.854423995812734,0.3341492680585553,4167,2.1403303146362305,0.31774580335731417,834,2.1398209137252615,0.3227,0.9693442719768316,0.08311277902678377,,,0.97,,0.9700285520951957,0.029971447904804327,0.9927473152759613,0.14574989803299626,10,0.025,0.15,0.9381072752814614,0.9331181086990769,1.0,0.9319573358337646,0.939358425514016,0.9389721952077027,0.9389235527422252,0.9356113957667888,0.9328867752789645,0.9438669778821575,0.9374513623819614,0.9325053692689882
6,3,1.8655711925390994,0.32431005519558437,4167,2.1499948501586914,0.30335731414868106,834,2.1396038683154917,0.3216,0.9701116166547041,0.08326792274192499,,,0.97,,0.9700285520951957,0.029971447904804327,0.9927473152759613,0.14574989803299626,10,0.025,0.15,0.9366980264013376,0.9406343549702233,0.9319573358337646,1.0,0.9367300517076126,0.9372578738126401,0.9377136956523124,0.9317698016009357,0.9394391053332524,0.9418877307857252,0.9387088393121719,0.9387044044570281
6,4,1.8798847675323487,0.3277897768178546,4167,2.153210026877267,0.290516206482593,833,2.139657753932325,0.3216,0.9717372020267004,0.08337461608001626,,,0.97,,0.9700285520951957,0.029971447904804327,0.9927473152759613,0.14574989803299626,10,0.025,0.15,0.9326388796575474,0.9420557071592299,0.939358425514016,0.9367300517076126,1.0,0.9392629098484576,0.9420356461697219,0.941074988916497,0.9407741714346679,0.9421211878421456,0.9422356664366992,0.9321333031598488
6,5,1.8640640793424663,0.340628749700024,4167,2.1484855583735873,0.30012004801920766,833,2.13962295990956,0.3217,0.9713443137957606,0.08328537672829722,,,0.97,,0.9700285520951957,0.029971447904804327,0.9927473152759613,0.14574989803299626,10,0.025,0.15,0.9370393405701924,0.942280374631624,0.9389721952077027,0.9372578738126401,0.9392629098484576,1.0,0.9400906405696527,0.9405056061907486,0.9359811441770881,0.9370307052356254,0.9392268729155975,0.938273373924168
6,6,1.8954261147614682,0.32119030477561794,4167,2.133495569229126,0.3241296518607443,833,2.139849213105214,0.3228,0.9721913900699574,0.08333644861999132,,,0.97,,0.9700285520951957,0.029971447904804327,0.9927473152759613,0.14574989803299626,10,0.025,0.15,0.9367680634661607,0.9406570947140552,0.9389235527422252,0.9377136956523124,0.9420356461697219,0.9400906405696527,1.0,0.9392187981354371,0.939554682711238,0.939645539884928,0.9459648224094365,0.9352041488137132
6,7,1.8721011396610376,0.3298536117110631,4167,2.1394102232796803,0.3385354141656663,833,2.140468479711798,0.3212,0.9715038279401327,0.08329560137829951,,,0.97,,0.9700285520951957,0.029971447904804327,0.9927473152759613,0.14574989803299626,10,0.025,0.15,0.9391220944823993,0.9450187693098036,0.9356113957667888,0.9317698016009357,0.941074988916497,0.9405056061907486,0.9392187981354371,1.0,0.9329319031300174,0.943163953626689,0.9377806883796063,0.9415445796185163
6,8,1.8765898180730416,0.33564570331253,4166,2.1482026236397878,0.31212484993997597,833,2.139764441719538,0.3223,0.970569126557687,0.08322891015500704,,,0.97,,0.9700285520951957,0.029971447904804327,0.9927473152759613,0.14574989803299626,10,0.025,0.15,0.9333175695046021,0.9438096491321045,0.9328867752789645,0.9394391053332524,0.9407741714346679,0.9359811441770881,0.939554682711238,0.9329319031300174,1.0,0.9376484106409722,0.940066284406833,0.9404712118622578
6,9,1.8801867748751784,0.3263562169947192,4166,2.1293387753622874,0.3457382953181273,833,2.139650314669066,0.3217,0.9728745827517047,0.08341213884519787,,,0.97,,0.9700285520951957,0.029971447904804327,0.9927473152759613,0.14574989803299626,10,0.025,0.15,0.9348064154030054,0.9443648713053027,0.9438669778821575,0.9418877307857252,0.9421211878421456,0.9370307052356254,0.939645539884928,0.943163953626689,0.9376484106409722,1.0,0.9388877519451179,0.940248608364428
6,10,1.8884977073380442,0.32081132981277005,4166,2.137735979897635,0.33733493397358943,833,2.1397561151770095,0.3223,0.9732796286670893,0.08342886139088136,,,0.97,,0.9700285520951957,0.029971447904804327,0.9927473152759613,0.14574989803299626,10,0.025,0.15,0.9387403138566748,0.9400545236603689,0.9374513623819614,0.9387088393121719,0.9422356664366992,0.9392268729155975,0.9459648224094365,0.9377806883796063,0.940066284406833,0.9388877519451179,1.0,0.9492581055782005
