round,client_id,client_i_training_loss,client_i_training_accuracy,client_i_training_dataset_size,client_i_evaluation_loss,client_i_evaluation_accuracy,client_i_evaluation_dataset_size,client_i_central_evaluation_loss,client_i_central_evaluation_accuracy,client_i_cosine_similarity,client_i_importance_coefficient,client_i_tanh_val,tanh_normalization_value,client_i_q,client_i_mask_order,client_i_v_nonzero_fraction,client_i_v_sparsity,client_i_v_cosine_similarity,client_i_reward_gradient_norm,local_epochs,learning_rate,gamma,client_0_cosine_similarity,client_1_cosine_similarity,client_2_cosine_similarity,client_3_cosine_similarity,client_4_cosine_similarity,client_5_cosine_similarity,client_6_cosine_similarity,client_7_cosine_similarity,client_8_cosine_similarity,client_9_cosine_similarity,client_10_cosine_similarity,client_11_cosine_similarity
0,0,2.2959258101203224,0.13179745620350372,4167,2.298361233302525,0.15587529976019185,834,2.3002660183966914,0.1459,0.9521600004648062,0.08217180129327196,,,0.7072745960750957,,0.7073245201432556,0.29267547985674436,0,0.14475030354978385,10,0.025,0.15,1.0,0.9323798277368268,0.9122504039770254,0.9037173459244968,0.9092307616942803,0.9035693666377049,0.9430708451702127,0.9076911626384335,0.9249852330724189,0.8422865440807206,0.9336761313860075,0.9202153017026079
0,1,2.2963187282735653,0.13042956563474922,4167,2.299332959311349,0.15587529976019185,834,2.300256038013893,0.1457,0.9732091145165817,0.08398834852946921,,,0.8752919500403008,,0.8753445231139938,0.1246554768860062,0,0.1448392129055531,10,0.025,0.15,0.9323798277368268,1.0,0.9332661338813023,0.933159153177159,0.9506542801415638,0.9491290023510734,0.9434069285809552,0.9283524052951169,0.9291000209248258,0.8799967770473015,0.9329049760820591,0.9646295273404522
0,2,2.296306344234582,0.14658027357811376,4167,2.3011863231658936,0.15707434052757793,834,2.300256047067763,0.1458,0.9737646675706845,0.08403629298748816,,,0.8797264622914126,,0.8797593702034956,0.1202406297965044,0,0.14483941451932245,10,0.025,0.15,0.9122504039770254,0.9332661338813023,1.0,0.9148459992137814,0.9476325091487973,0.9312234699480301,0.9077393894558371,0.9516105382776597,0.9537982856186917,0.9367110970033883,0.9426348155543891,0.9517220758718069
0,3,2.2960225083611228,0.1365250779937605,4167,2.3035776615142822,0.12589928057553956,834,2.300294224219986,0.1459,0.9498469714872045,0.08197218593719706,,,0.6888116333344526,,0.688848178772425,0.311151821227575,0,0.1445561942990307,10,0.025,0.15,0.9037173459244968,0.933159153177159,0.9148459992137814,1.0,0.9050071816187341,0.9019587341169154,0.9050178288404964,0.9145096821987938,0.8949752018589268,0.8589953877667085,0.9377343836164068,0.936353768717246
0,4,2.2942083445462313,0.15046796256299497,4167,2.2988195759909495,0.1332533013205282,833,2.300256207019468,0.1457,0.9707841795972462,0.08377907564440422,,,0.8559357363924295,,0.855960456173359,0.14403954382664097,0,0.1448379564911596,10,0.025,0.15,0.9092307616942803,0.9506542801415638,0.9476325091487973,0.9050071816187341,1.0,0.9340094651465016,0.9154716219117272,0.9232011210930365,0.9353756597942701,0.933042771781721,0.9370159841082293,0.9582548414990738
0,5,2.2964218146873243,0.12126229901607871,4167,2.2958409445626393,0.16686674669867949,833,2.3002562130553814,0.1457,0.9705097316353684,0.08375539067194396,,,0.8537450493999775,,0.8537819148058292,0.1462180851941708,0,0.14483778840213146,10,0.025,0.15,0.9035693666377049,0.9491290023510734,0.9312234699480301,0.9019587341169154,0.9340094651465016,1.0,0.9270368295216725,0.9473853341884184,0.9587846487000372,0.8924681713918647,0.9456020635290583,0.9545462781009886
0,6,2.294560459165862,0.15951523878089752,4167,2.3041231632232666,0.11644657863145258,833,2.3002641502814956,0.1458,0.9580414539587374,0.08267937315890696,,,0.7542212870896938,,0.7542786882540311,0.2457213117459689,0,0.1447731425430306,10,0.025,0.15,0.9430708451702127,0.9434069285809552,0.9077393894558371,0.9050178288404964,0.9154716219117272,0.9270368295216725,1.0,0.9361203102043459,0.9200441143398835,0.8304691511766275,0.9275590246109376,0.9452828755729891
0,7,2.296030375451753,0.1564434845212383,4167,2.303778444017683,0.12845138055222088,833,2.3002560802652865,0.1457,0.9725541244882419,0.08393182261950498,,,0.8700637161505247,,0.8701044709610338,0.12989552903896617,0,0.1448388382716927,10,0.025,0.15,0.9076911626384335,0.9283524052951169,0.9516105382776597,0.9145096821987938,0.9232011210930365,0.9473853341884184,0.9361203102043459,1.0,0.9610679191161003,0.8949594855372559,0.9530617221572877,0.9514432410797792
0,8,2.295491083463033,0.1469035045607297,4166,2.299835307257516,0.1524609843937575,833,2.3002560500857197,0.1458,0.9753153308179484,0.084170115866169,,,0.8921041013243677,,0.8921374461553696,0.1078625538446304,0,0.14483991862931536,10,0.025,0.15,0.9249852330724189,0.9291000209248258,0.9537982856186917,0.8949752018589268,0.9353756597942701,0.9587846487000372,0.9200441143398835,0.9610679191161003,1.0,0.9268025206835135,0.946871485018625,0.9496056098847845
0,9,2.2915930964730005,0.14099855976956313,4166,2.2999703543526784,0.15606242496998798,833,2.300372199167179,0.1457,0.9324567327242776,0.08047140114958551,,,0.55,,0.5500404350481095,0.4499595649518905,0,0.1439424516961763,10,0.025,0.15,0.8422865440807206,0.8799967770473015,0.9367110970033883,0.8589953877667085,0.933042771781721,0.8924681713918647,0.8304691511766275,0.8949594855372559,0.9268025206835135,1.0,0.9052518766310506,0.903824685933766
0,10,2.2970338127829812,0.14215074411905904,4166,2.302650213241577,0.148859543817527,833,2.300256016888196,0.1458,0.9762192591332863,0.08424812525311558,,,0.899319399951366,,0.8993579904606295,0.10064200953937052,0,0.1448401642236531,10,0.025,0.15,0.9336761313860075,0.9329049760820591,0.9426348155543891,0.9377343836164068,0.9370159841082293,0.9456020635290583,0.9275590246109376,0.9530617221572877,0.946871485018625,0.9052518766310506,1.0,0.9495664240050374
0,11,2.2958341569611522,0.13636581853096497,4166,2.2978032316480363,0.1524609843937575,833,2.300256493725354,0.1458,0.9825684945159013,0.08479606688894334,,,0.9499999999075073,,0.9500173293063326,0.04998267069366735,0,0.1448427393048272,10,0.025,0.15,0.9202153017026079,0.9646295273404522,0.9517220758718069,0.936353768717246,0.9582548414990738,0.9545462781009886,0.9452828755729891,0.9514432410797792,0.9496056098847845,0.903824685933766,0.9495664240050374,1.0
1,0,2.1981282953060033,0.20753539716822655,4167,2.2876591001238142,0.1618705035971223,834,2.2899641839763785,0.1562,0.9886155163668462,0.08255163990973223,,,0.6989769887484019,,0.6990064531035962,0.3009935468964038,0.8040963007838366,0.14850478653617494,10,0.025,0.15,1.0,0.9813945538643102,0.976342900843312,0.9778280355679775,0.9807128132976559,0.9760650602038556,0.9717601336648168,0.974810987924479,0.9793766065398264,0.9762150670378773,0.9810482302753422,0.9778575352454929
1,1,2.2036867734157677,0.20436765058795298,4167,2.289083617074149,0.16546762589928057,834,2.2899412716491314,0.1564,0.9927198472786699,0.0838019103869741,,,0.8764202536432346,,0.8764750540509316,0.12352494594906838,0.8042516352299498,0.14860367348094294,10,0.025,0.15,0.9813945538643102,1.0,0.9820007576070934,0.9792163687600662,0.9838979270839149,0.9845465904314864,0.9793840185019148,0.983298334585099,0.9790265583703033,0.979658034226951,0.9838624983712877,0.985387984538661
1,2,2.202548809123762,0.20479961603071753,4167,2.2902964523860385,0.17146282973621102,834,2.289941223361824,0.1564,0.9917701430087565,0.08380065555686884,,,0.8762421632581399,,0.8762935089369709,0.12370649106302911,0.8042496534588485,0.14860367222276183,10,0.025,0.15,0.976342900843312,0.9820007576070934,1.0,0.9758513186224493,0.9817950004715346,0.9825880064537685,0.9762541873699146,0.9856586621158341,0.9820444516423847,0.9796353783320645,0.9837198935886522,0.9843254707508003
1,3,2.2078735705577968,0.1998080153587713,4167,2.293000187192644,0.1366906474820144,834,2.289999826044976,0.1562,0.9876389388707542,0.08239723615790503,,,0.6770634057798033,,0.6770972586687792,0.32290274133122077,0.8054881187058023,0.14847384181868467,10,0.025,0.15,0.9778280355679775,0.9792163687600662,0.9758513186224493,1.0,0.9786461824847744,0.9739536565729203,0.9687263040359728,0.9768800953648636,0.9720903948677221,0.9756925098271887,0.9828932185943153,0.9800771576345354
1,4,2.190945333061796,0.20931125509959203,4167,2.287904296602522,0.14645858343337334,833,2.2899418873122976,0.1562,0.9917434866976558,0.08364157312176654,,,0.8536645633021323,,0.8536993942994834,0.14630060570051662,0.8042515118491368,0.14859979494956094,10,0.025,0.15,0.9807128132976559,0.9838979270839149,0.9817950004715346,0.9786461824847744,1.0,0.9841044205404624,0.9782500875718344,0.9797631788653065,0.9769576729602538,0.9800265446204828,0.9828271511087453,0.9832101924114779
1,5,2.1987085696422692,0.1919606431485481,4167,2.28535795211792,0.18967587034813926,833,2.289941980868955,0.1562,0.992211996365858,0.08364217189839146,,,0.8537495440172678,,0.8537819148058292,0.1462180851941708,0.8042454105649561,0.1485997957085197,10,0.025,0.15,0.9760650602038556,0.9845465904314864,0.9825880064537685,0.9739536565729203,0.9841044205404624,1.0,0.9777490298952775,0.9821150482099527,0.9834665769869785,0.9818708394144626,0.9833123627887043,0.9857677463762953
1,6,2.188814142978553,0.2115190784737221,4167,2.2936819280896867,0.12605042016806722,833,2.289960586571995,0.1563,0.9864690648015746,0.08279436657683226,,,0.7334257045033191,,0.7334670165536136,0.26653298344638643,0.8042320226254763,0.14854130061829526,10,0.025,0.15,0.9717601336648168,0.9793840185019148,0.9762541873699146,0.9687263040359728,0.9782500875718344,0.9777490298952775,1.0,0.9792567787332326,0.9719769864334432,0.9649634683556444,0.9779488605369603,0.9809598081319523
1,7,2.1986706029285084,0.2080153587712983,4167,2.2935879230499268,0.14165666266506602,833,2.289941636821892,0.1562,0.9916794883845818,0.08373345886169895,,,0.8667053460668761,,0.8667458863527586,0.13325411364724138,0.8042461344693652,0.14860146911665936,10,0.025,0.15,0.974810987924479,0.983298334585099,0.9856586621158341,0.9768800953648636,0.9797631788653065,0.9821150482099527,0.9792567787332326,1.0,0.9839712244644739,0.9746585091176782,0.9840229925612695,0.9845450636566865
1,8,2.2009325341744854,0.19673547767642824,4166,2.2895597389766147,0.16806722689075632,833,2.289941404439226,0.1563,0.9903874077112503,0.08383820697384384,,,0.8815716068871451,,0.8816160815962767,0.11838391840372331,0.8042554461578,0.14860405815743513,10,0.025,0.15,0.9793766065398264,0.9790265583703033,0.9820444516423847,0.9720903948677221,0.9769576729602538,0.9834665769869785,0.9719769864334432,0.9839712244644739,1.0,0.9806363140659773,0.9821210310463055,0.9821744763328012
1,9,2.182080163738944,0.19769563130100817,4166,2.2907811232975552,0.15846338535414164,833,2.290130666539639,0.1615,0.9884997872241886,0.08150194365368715,,,0.55,,0.5500404350481095,0.4499595649518905,0.8039864050458142,0.14814064711535765,10,0.025,0.15,0.9762150670378773,0.979658034226951,0.9796353783320645,0.9756925098271887,0.9800265446204828,0.9818708394144626,0.9649634683556444,0.9746585091176782,0.9806363140659773,1.0,0.9796312949140454,0.9793825853287904
1,10,2.207961810718883,0.19611137782045127,4166,2.2921077523912703,0.16206482593037214,833,2.289937734603882,0.1562,0.9931762928425337,0.08397648145363265,,,0.9011960606289373,,0.901247710055949,0.09875228994405105,0.804595326503515,0.14860592672348458,10,0.025,0.15,0.9810482302753422,0.9838624983712877,0.9837198935886522,0.9828932185943153,0.9828271511087453,0.9833123627887043,0.9779488605369603,0.9840229925612695,0.9821210310463055,0.9796312949140454,1.0,0.9856617309202014
1,11,2.205547033295487,0.20640902544407105,4166,2.2885171345302036,0.15006002400960383,833,2.2899381903153433,0.1562,0.9933870845573536,0.08432035544866685,,,0.949999999858076,,0.9500173293063326,0.04998267069366735,0.804669997943277,0.148607381949407,10,0.025,0.15,0.9778575352454929,0.985387984538661,0.9843254707508003,0.9800771576345354,0.9832101924114779,0.9857677463762953,0.9809598081319523,0.9845450636566865,0.9821744763328012,0.9793825853287904,0.9856617309202014,1.0
2,0,2.104995571122025,0.2435565154787617,4167,2.270792075565883,0.18944844124700239,834,2.2735981458350074,0.1765,0.983171630144102,0.0827340646504265,,,0.6738046149754776,,0.6738294466174845,0.32617055338251555,0.9606451965593082,0.14784371585461153,10,0.025,0.15,1.0,0.9724804131441335,0.9670677503296219,0.9689134182881123,0.9698349427691527,0.9645204201232774,0.9590395300085544,0.9669843474083946,0.9704898507187235,0.9683161729588664,0.9675839854777951,0.9675621005901857
2,1,2.109416367068435,0.23962083033357331,4167,2.272794723510742,0.18225419664268586,834,2.2735382363766052,0.1767,0.9880628963223573,0.08366288755076777,,,0.8703736443278973,,0.8704097968345134,0.12959020316548664,0.961540890860322,0.1480163266612092,10,0.025,0.15,0.9724804131441335,1.0,0.9716603791338418,0.9696232713645709,0.9743937214554326,0.9750020150122334,0.9681958036163043,0.9771183217060139,0.9723068267249971,0.970913363674072,0.9723613628800003,0.9760913508717316
2,2,2.104875359029481,0.23933285337173027,4167,2.2729833126068115,0.18345323741007194,834,2.273538212232952,0.1767,0.9876917870584027,0.08365008177065121,,,0.867663526213144,,0.8677031242263703,0.1322968757736297,0.9615426626334633,0.14801595464475176,10,0.025,0.15,0.9670677503296219,0.9716603791338418,1.0,0.9666834719538515,0.9733041147007176,0.974317611411119,0.9667047598677344,0.97693688314851,0.9763292564770338,0.9709137694362943,0.974869070114255,0.9768271446355129
2,3,2.11430983507272,0.23618910487161027,4167,2.276700190135411,0.1630695443645084,834,2.2736433548263357,0.1766,0.9845420843640952,0.08268337934469762,,,0.6630779615457483,,0.6631100328431615,0.3368899671568385,0.9606305146376064,0.14782328369156336,10,0.025,0.15,0.9689134182881123,0.9696232713645709,0.9666834719538515,1.0,0.970461509856798,0.9685192744732485,0.9625745702287802,0.9715263937980431,0.9664687749469331,0.9691520366361013,0.9740202588345068,0.9710896478325675
2,4,2.0949594580765925,0.2427885769138469,4167,2.2707858426230296,0.1788715486194478,833,2.273539410361761,0.1768,0.9874819536151536,0.0835452753613263,,,0.8454830931689763,,0.8455381162218811,0.15446188377811887,0.9615030337284465,0.14801151946128174,10,0.025,0.15,0.9698349427691527,0.9743937214554326,0.9733041147007176,0.970461509856798,1.0,0.9752338753871173,0.9709452200851899,0.9712946270247994,0.9702890188511352,0.9691987703483782,0.9732895966751037,0.9750710102911778
2,5,2.104251259023493,0.2306695464362851,4167,2.268265792301723,0.21368547418967587,833,2.2735392021227487,0.1768,0.9883628293826079,0.08357420550350092,,,0.8516056488942951,,0.851652885742107,0.14834711425789304,0.9615109297230848,0.14801290735669997,10,0.025,0.15,0.9645204201232774,0.9750020150122334,0.974317611411119,0.9685192744732485,0.9752338753871173,1.0,0.9681069309679868,0.9770469106652342,0.9752676886163495,0.9736027373702755,0.9736956687236396,0.9783323851108598
2,6,2.0865070433327646,0.2501559875209983,4167,2.277156182697841,0.16206482593037214,833,2.273584809484361,0.1767,0.9826990863889145,0.08286827493466171,,,0.7022078609457646,,0.7022495090029872,0.2977504909970128,0.9607884461280465,0.1478991249189484,10,0.025,0.15,0.9590395300085544,0.9681958036163043,0.9667047598677344,0.9625745702287802,0.9709452200851899,0.9681069309679868,1.0,0.973716522564755,0.9657094564850537,0.9600728092453438,0.9698647905381395,0.971832271292765
2,7,2.099824558243607,0.24679625629949603,4167,2.2772696358816966,0.16566626650660263,833,2.2735385924954956,0.1768,0.9890649680232083,0.0836532088355983,,,0.868325314505774,,0.8683550362265022,0.13164496377349777,0.9615502263744047,0.1480159605770586,10,0.025,0.15,0.9669843474083946,0.9771183217060139,0.97693688314851,0.9715263937980431,0.9712946270247994,0.9770469106652342,0.973716522564755,1.0,0.9763791879267115,0.9685932209032856,0.9740048657830134,0.9782960686039708
2,8,2.1107386914166537,0.23161305808929428,4166,2.2732695170811246,0.1872749099639856,833,2.273538381238527,0.1767,0.9876413433372148,0.08367157977069008,,,0.8722131997828908,,0.8722417520753908,0.12775824792460921,0.9615406368922025,0.14801655907180972,10,0.025,0.15,0.9704898507187235,0.9723068267249971,0.9763292564770338,0.9664687749469331,0.9702890188511352,0.9752676886163495,0.9657094564850537,0.9763791879267115,1.0,0.9727812807954992,0.9733283528761059,0.975752098258309
2,9,2.0861138022307193,0.23725396063370138,4166,2.2763965129852295,0.18127250900360145,833,2.2739009042329426,0.1823,0.9850735601606717,0.08214906628147697,,,0.55,,0.5500404350481095,0.4499595649518905,0.9579730488722962,0.14740286423047122,10,0.025,0.15,0.9683161729588664,0.970913363674072,0.9709137694362943,0.9691520366361013,0.9691987703483782,0.9736027373702755,0.9600728092453438,0.9685932209032856,0.9727812807954992,1.0,0.9693295674408683,0.9727098814879115
2,10,2.1124750617778663,0.23338934229476715,4166,2.275290148598807,0.16806722689075632,833,2.2735336973697327,0.177,0.9880137929541338,0.08376884004727131,,,0.8927966265643539,,0.8928306184086745,0.1071693815913255,0.9615539007939493,0.14801962475198227,10,0.025,0.15,0.9675839854777951,0.9723613628800003,0.974869070114255,0.9740202588345068,0.9732895966751037,0.9736956687236396,0.9698647905381395,0.9740048657830134,0.9733283528761059,0.9693295674408683,1.0,0.9771268141159672
2,11,2.1106568210052723,0.23775804128660585,4166,2.2734809603009904,0.15846338535414164,833,2.273532936844645,0.177,0.9898165512061705,0.08403913594893125,,,0.9499999997883676,,0.9500173293063326,0.04998267069366735,0.9615659746065368,0.14802257417433776,10,0.025,0.15,0.9675621005901857,0.9760913508717316,0.9768271446355129,0.9710896478325675,0.9750710102911778,0.9783323851108598,0.971832271292765,0.9782960686039708,0.975752098258309,0.9727098814879115,0.9771268141159672,1.0
3,0,2.04201672113303,0.2648668106551476,4167,2.2478871004922047,0.21942446043165467,834,2.2512692529943923,0.204,0.9787166006855703,0.08284176418708117,,,0.6375016093726464,,0.6375616840784935,0.36243831592150655,0.9764577788910179,0.14702341366915075,10,0.025,0.15,1.0,0.9636166221269565,0.9582500234500692,0.959260581228082,0.9576396190766604,0.9542506306135988,0.9500186274173107,0.959199245914241,0.961487845496053,0.9588040173899164,0.9577747639664786,0.9587329814876235
3,1,2.0451176488038265,0.2621550275977922,4167,2.250485760825021,0.20743405275779375,834,2.251128543781329,0.2032,0.9833276529487206,0.08356469321802311,,,0.8596861586616921,,0.8597233912627288,0.1402766087372712,0.9780577210496109,0.14735356501248584,10,0.025,0.15,0.9636166221269565,1.0,0.9604377664981778,0.9610740544504797,0.9625907780033947,0.9649127293595988,0.9605089950317307,0.9682800511096209,0.963273776520357,0.9612406409710647,0.9611579215906858,0.9658347508035132
3,2,2.0384820746653007,0.26239500839932806,4167,2.249257666724069,0.20863309352517986,834,2.2511309792723835,0.2032,0.9820205951319775,0.08351433958502477,,,0.8442105050719829,,0.8442590483735208,0.15574095162647916,0.9780332357381919,0.1473477142234249,10,0.025,0.15,0.9582500234500692,0.9604377664981778,1.0,0.955995340312597,0.9626428867970487,0.9622955440874534,0.9562690234453722,0.9661824886075666,0.9655414886620259,0.960116486617082,0.9625205053567886,0.9671430073531807
3,3,2.0524373025605174,0.25653947684185263,4167,2.25437263080052,0.1882494004796163,834,2.251315497144868,0.2014,0.9805995879954273,0.0828716433295494,,,0.64668464604472,,0.6467297123335148,0.35327028766648516,0.9764865538762607,0.14705248002123347,10,0.025,0.15,0.959260581228082,0.9610740544504797,0.955995340312597,1.0,0.9610009053081847,0.9609358772631068,0.9565222475431508,0.9646024681909123,0.9565051524849233,0.9596334763564128,0.9636076326530509,0.9621011981078262
3,4,2.030635552695303,0.2681545476361891,4167,2.247638463973999,0.20528211284513806,833,2.251132117042059,0.2032,0.982746353096223,0.08347323595632997,,,0.8315777419309036,,0.8316169068013401,0.16838309319865985,0.978007109743292,0.14734136422359365,10,0.025,0.15,0.9576396190766604,0.9625907780033947,0.9626428867970487,0.9610009053081847,1.0,0.9662076384185122,0.9620619678217783,0.9622667980295935,0.9628435174121801,0.9605079564909057,0.9640247389773569,0.964306088538867
3,5,2.041961108193253,0.25687544996400286,4167,2.2447567667279924,0.24969987995198079,833,2.251131492325022,0.2032,0.9840781456595377,0.08353434314733024,,,0.850358387208111,,0.8504068260962849,0.14959317390371507,0.9780295213986383,0.14735012913465825,10,0.025,0.15,0.9542506306135988,0.9649127293595988,0.9622955440874534,0.9609358772631068,0.9662076384185122,1.0,0.9590278057368298,0.967885581532118,0.9665459037691636,0.9674556208649016,0.9629987581227083,0.9692425499735333
3,6,2.0190968401504286,0.2738420926325894,4167,2.254847390311105,0.17767106842737096,833,2.2512217865714543,0.2027,0.9795138850819974,0.08295047885204218,,,0.6709139054648365,,0.670949480946015,0.32905051905398497,0.9768262568742683,0.1471177773717186,10,0.025,0.15,0.9500186274173107,0.9605089950317307,0.9562690234453722,0.9565222475431508,0.9620619678217783,0.9590278057368298,1.0,0.9667604806880943,0.9591136821991282,0.9529746107521306,0.9627329829530191,0.9621798678990354
3,7,2.0323400631095425,0.2701463882889369,4167,2.2547976630074635,0.19687875150060025,833,2.251128069962127,0.2031,0.9852992480570275,0.08362275503722252,,,0.8775308413035212,,0.8775808288359658,0.12241917116403422,0.9780558753717981,0.14736005191127552,10,0.025,0.15,0.959199245914241,0.9682800511096209,0.9661824886075666,0.9646024681909123,0.9622667980295935,0.967885581532118,0.9667604806880943,1.0,0.9688054143188358,0.9591185226983613,0.9647353990215866,0.9682491497017509
3,8,2.0477807503758054,0.25340854536725876,4166,2.251049825123378,0.21248499399759904,833,2.2511287852178645,0.2032,0.9840503854709404,0.0835935303913765,,,0.8685489572076919,,0.868577841593636,0.13142215840636395,0.9780634977240942,0.14735667162662808,10,0.025,0.15,0.961487845496053,0.963273776520357,0.9655414886620259,0.9565051524849233,0.9628435174121801,0.9665459037691636,0.9591136821991282,0.9688054143188358,1.0,0.9656564271680987,0.9645691101435977,0.9670518586409024
3,9,2.0239944085930333,0.2614018242918867,4166,2.256674494062151,0.1992797118847539,833,2.251771453060681,0.2026,0.9810655642573489,0.08255705737973547,,,0.55,,0.5500404350481095,0.4499595649518905,0.9735930841075251,0.14656935181939482,10,0.025,0.15,0.9588040173899164,0.9612406409710647,0.960116486617082,0.9596334763564128,0.9605079564909057,0.9674556208649016,0.9529746107521306,0.9591185226983613,0.9656564271680987,1.0,0.9576706914437539,0.9637569439187476
3,10,2.0448827349778376,0.25794527124339894,4166,2.2524054731641496,0.19447779111644659,833,2.2511240651335895,0.2034,0.982943799647419,0.08361760864210663,,,0.8759491514967102,,0.8760046871647604,0.12399531283523957,0.9780547551406545,0.1473595587677785,10,0.025,0.15,0.9577747639664786,0.9611579215906858,0.9625205053567886,0.9636076326530509,0.9640247389773569,0.9629987581227083,0.9627329829530191,0.9647353990215866,0.9645691101435977,0.9576706914437539,1.0,0.9664968156353714
3,11,2.047640130375371,0.2626260201632261,4166,2.252777031489781,0.18967587034813926,833,2.2511187897452825,0.203,0.9852266712172834,0.08385855027417792,,,0.9499999996926606,,0.9500173293063326,0.04998267069366735,0.9781396594598106,0.14737073128840725,10,0.025,0.15,0.9587329814876235,0.9658347508035132,0.9671430073531807,0.9621011981078262,0.964306088538867,0.9692425499735333,0.9621798678990354,0.9682491497017509,0.9670518586409024,0.9637569439187476,0.9664968156353714,1.0
4,0,1.993164977160367,0.2803695704343653,4167,2.219301530293056,0.2637889688249401,834,2.2234503226944162,0.2411,0.9763932127903785,0.0829362098103728,,,0.95,,0.9500173293063326,0.04998267069366735,0.9816914971855814,0.14688910407334202,10,0.025,0.15,1.0,0.9555780894850953,0.9526030588325333,0.9553041777216297,0.9532220492422082,0.9465800308649648,0.9429609770976487,0.9529546274956158,0.9534983539688069,0.9523533958862015,0.955473171824336,0.9535649351539304
4,1,1.9948565381945986,0.2798656107511399,4167,2.222599881035941,0.2434052757793765,834,2.2232579671883883,0.2413,0.9799073634495338,0.08349715737185638,,,0.95,,0.9500173293063326,0.04998267069366735,0.9843779233403067,0.14688910407334202,10,0.025,0.15,0.9555780894850953,1.0,0.9506943791612978,0.955366092244601,0.958034009295433,0.9575370111927334,0.9526552240718401,0.9618400837286962,0.9545441832178813,0.9543294143979812,0.9559185830061812,0.9584725126424555
4,2,1.9868387886972139,0.2822414206863451,4167,2.2197522776467458,0.25059952038369304,834,2.223261480089984,0.2412,0.9789220217237838,0.0834340033583849,,,0.95,,0.9500173293063326,0.04998267069366735,0.9843320129082277,0.14688910407334202,10,0.025,0.15,0.9526030588325333,0.9506943791612978,1.0,0.9496599630544167,0.9587168495357192,0.9559878595669565,0.9494910872227346,0.9603071301166093,0.9580131324092555,0.9531701173883671,0.9565175760640011,0.9581815806742997
4,3,2.002688405008027,0.27544996400287974,4167,2.2264392716544017,0.23381294964028776,834,2.223503628863564,0.2382,0.9779979086262237,0.08300685422754442,,,0.95,,0.9500173293063326,0.04998267069366735,0.9818475273434171,0.14688910407334202,10,0.025,0.15,0.9553041777216297,0.955366092244601,0.9496599630544167,1.0,0.9564159925084653,0.9544995587984015,0.9490445193313949,0.9571066537322979,0.9486296200452788,0.9539414497636818,0.9591929829061875,0.9537850073046762
4,4,1.980618330926606,0.283585313174946,4167,2.219031572341919,0.2388955582232893,833,2.2232628140268447,0.2414,0.9806699324929365,0.08346544740919046,,,0.95,,0.9500173293063326,0.04998267069366735,0.9842803203791828,0.14688910407334202,10,0.025,0.15,0.9532220492422082,0.958034009295433,0.9587168495357192,0.9564159925084653,1.0,0.959999021598581,0.9557030531253811,0.953790513142033,0.9549011224308686,0.9561566377905356,0.9604295908717022,0.9566305967920623
4,5,1.9925213532014328,0.2768658507319414,4167,2.215369292667934,0.27130852340936373,833,2.223262201381635,0.2413,0.9799571815578865,0.08348002524395463,,,0.95,,0.9500173293063326,0.04998267069366735,0.9843630398244324,0.14688910407334202,10,0.025,0.15,0.9465800308649648,0.9575370111927334,0.9559878595669565,0.9544995587984015,0.959999021598581,1.0,0.9511148581763998,0.9595750397894408,0.9564780721245081,0.9579448697970038,0.9563058881345202,0.9594962433460236
4,6,1.9705088073557073,0.29443244540436764,4167,2.227074997765677,0.22328931572629052,833,2.2233798051182228,0.2398,0.9762076001798045,0.0829973445608792,,,0.95,,0.9500173293063326,0.04998267069366735,0.9824261085324386,0.14688910407334202,10,0.025,0.15,0.9429609770976487,0.9526552240718401,0.9494910872227346,0.9490445193313949,0.9557030531253811,0.9511148581763998,1.0,0.9595319832734859,0.9517292062917919,0.9463127912853584,0.9588985692419448,0.9542703716837393
4,7,1.9786466876665751,0.2916006719462443,4167,2.2268475464412143,0.22929171668667467,833,2.2232574149023128,0.2414,0.9812556399117561,0.08357687628434034,,,0.95,,0.9500173293063326,0.04998267069366735,0.9844453942814504,0.14688910407334202,10,0.025,0.15,0.9529546274956158,0.9618400837286962,0.9603071301166093,0.9571066537322979,0.953790513142033,0.9595750397894408,0.9595319832734859,1.0,0.9589925501688656,0.9498144124484901,0.9574929328799916,0.9593214506907796
4,8,1.9972171913493764,0.2761881901104177,4166,2.2232987199510847,0.2388955582232893,833,2.223258483258984,0.2413,0.9794499729680506,0.08350010086207264,,,0.95,,0.9500173293063326,0.04998267069366735,0.9844063456124725,0.14688910407334202,10,0.025,0.15,0.9534983539688069,0.9545441832178813,0.9580131324092555,0.9486296200452788,0.9549011224308686,0.9564780721245081,0.9517292062917919,0.9589925501688656,1.0,0.9566195400817334,0.9582292252456557,0.9579088924067447
4,9,1.9707797921065129,0.2848535765722516,4166,2.2320938110351562,0.24369747899159663,833,2.224109329754793,0.2376,0.9777542914675377,0.08280456120364764,,,0.95,,0.9500173293063326,0.04998267069366735,0.9783498861841007,0.14688910407334202,10,0.025,0.15,0.9523533958862015,0.9543294143979812,0.9531701173883671,0.9539414497636818,0.9561566377905356,0.9579448697970038,0.9463127912853584,0.9498144124484901,0.9566195400817334,1.0,0.9533507769128734,0.9562260187357805
4,10,1.9948051279241388,0.27378780604896785,4166,2.224066802433559,0.22809123649459784,833,2.2232537179053584,0.2417,0.9814961277257456,0.08358151696100748,,,0.95,,0.9500173293063326,0.04998267069366735,0.9844437029692806,0.14688910407334202,10,0.025,0.15,0.955473171824336,0.9559185830061812,0.9565175760640011,0.9591929829061875,0.9604295908717022,0.9563058881345202,0.9588985692419448,0.9574929328799916,0.9582292252456557,0.9533507769128734,1.0,0.9618112911638588
4,11,1.9962797186591408,0.28048487758041285,4166,2.226902280535017,0.22448979591836735,833,2.223245119746727,0.2413,0.9811737623871682,0.08371990270674907,,,0.95,,0.9500173293063326,0.04998267069366735,0.9845618127465943,0.14688910407334202,10,0.025,0.15,0.9535649351539304,0.9584725126424555,0.9581815806742997,0.9537850073046762,0.9566305967920623,0.9594962433460236,0.9542703716837393,0.9593214506907796,0.9579088924067447,0.9562260187357805,0.9618112911638588,1.0
5,0,1.9509416182835897,0.29428845692344613,4167,2.185701540538243,0.28896882494004794,834,2.1908977212785166,0.2671,0.9739815686364172,0.08299804384834207,,,0.95,,0.9500173293063326,0.04998267069366735,0.9886807704310384,0.14650974306469586,10,0.025,0.15,1.0,0.9488360125448076,0.9484867705303819,0.9504097146097382,0.9489641033207432,0.9417680136352816,0.9381188020749351,0.950997343229031,0.9469775097213773,0.9454652064291567,0.9493265333203702,0.9468072733907287
5,1,1.9509761221481092,0.2927525797936165,4167,2.189760855266026,0.26498800959232616,834,2.1906400843511653,0.2669,0.9760092764896475,0.08341097890712948,,,0.95,,0.9500173293063326,0.04998267069366735,0.9886807704310384,0.14650974306469586,10,0.025,0.15,0.9488360125448076,1.0,0.9436023959585516,0.9495360003268797,0.9523842498124381,0.9514700000812182,0.9458210087795671,0.9568559411659974,0.9459483955649388,0.9472630320488131,0.9486739524001468,0.9491867604242756
5,2,1.9381318280191133,0.30367170626349893,4167,2.1854565143585205,0.26618705035971224,834,2.1906446233580383,0.2669,0.9762187735704662,0.0833787392547481,,,0.95,,0.9500173293063326,0.04998267069366735,0.9886807704310384,0.14650974306469586,10,0.025,0.15,0.9484867705303819,0.9436023959585516,1.0,0.9447651674916281,0.9547415195836183,0.9479347916164916,0.945762018957036,0.955716462274792,0.9520224653712283,0.9441796417363832,0.9510366522237887,0.9537533868668101
5,3,1.9601616689653107,0.29188864890808736,4167,2.1937808990478516,0.2637889688249401,834,2.190957368174686,0.2666,0.9762107379805338,0.0831142976151306,,,0.95,,0.9500173293063326,0.04998267069366735,0.9886807704310384,0.14650974306469586,10,0.025,0.15,0.9504097146097382,0.9495360003268797,0.9447651674916281,1.0,0.9523582835270614,0.9500184480080406,0.9455788324484582,0.9546693078547239,0.9452154506362417,0.9479226094688794,0.9534410283190197,0.9483306678912812
5,4,1.9361973997318382,0.3011759059275258,4167,2.185789006096976,0.2605042016806723,833,2.1906467148020297,0.2668,0.9790139669790807,0.08348917342476161,,,0.95,,0.9500173293063326,0.04998267069366735,0.9886807704310384,0.14650974306469586,10,0.025,0.15,0.9489641033207432,0.9523842498124381,0.9547415195836183,0.9523582835270614,1.0,0.9558727987984353,0.9506156041952587,0.9514820154352395,0.9496796316386784,0.9500501919141283,0.9562404163755026,0.9524229396127128
5,5,1.9491777954679548,0.29232061435085194,4167,2.180833169392177,0.2965186074429772,833,2.190645915043505,0.2668,0.9771373900625601,0.08343710459786327,,,0.95,,0.9500173293063326,0.04998267069366735,0.9886807704310384,0.14650974306469586,10,0.025,0.15,0.9417680136352816,0.9514700000812182,0.9479347916164916,0.9500184480080406,0.9558727987984353,1.0,0.9442140443644834,0.9548335561193164,0.9521685609120893,0.9502640308929219,0.9509499715283025,0.9532538578238068
5,6,1.9249734437826909,0.3085913126949844,4167,2.1946655682155063,0.24969987995198079,833,2.1908011044128033,0.267,0.9741187705380856,0.08304032010762148,,,0.95,,0.9500173293063326,0.04998267069366735,0.9886807704310384,0.14650974306469586,10,0.025,0.15,0.9381188020749351,0.9458210087795671,0.945762018957036,0.9455788324484582,0.9506156041952587,0.9442140443644834,1.0,0.9561911936367693,0.9473015294045791,0.9394488497254534,0.9551273101802604,0.9494406989414513
5,7,1.927948331110405,0.3060955123590113,4167,2.194233383451189,0.25930372148859543,833,2.1906395381010033,0.2669,0.9802983970028941,0.08359989887190127,,,0.95,,0.9500173293063326,0.04998267069366735,0.9886807704310384,0.14650974306469586,10,0.025,0.15,0.950997343229031,0.9568559411659974,0.955716462274792,0.9546693078547239,0.9514820154352395,0.9548335561193164,0.9561911936367693,1.0,0.9551744825565374,0.9437793184477623,0.9538911752166535,0.9561826340543981
5,8,1.9509498719013099,0.29236677868458955,4166,2.190737077168056,0.2653061224489796,833,2.1906408418582966,0.2669,0.9770491279217246,0.08344664778130145,,,0.95,,0.9500173293063326,0.04998267069366735,0.9886807704310384,0.14650974306469586,10,0.025,0.15,0.9469775097213773,0.9459483955649388,0.9520224653712283,0.9452154506362417,0.9496796316386784,0.9521685609120893,0.9473015294045791,0.9551744825565374,1.0,0.949402771640732,0.9534593573069639,0.9543669756597397
5,9,1.928404655601039,0.30026404224675945,4166,2.203089884349278,0.26290516206482595,833,2.191734431665155,0.2665,0.9734271848941434,0.08289857692769947,,,0.95,,0.9500173293063326,0.04998267069366735,0.9886807704310384,0.14650974306469586,10,0.025,0.15,0.9454652064291567,0.9472630320488131,0.9441796417363832,0.9479226094688794,0.9500501919141283,0.9502640308929219,0.9394488497254534,0.9437793184477623,0.949402771640732,1.0,0.944503238964021,0.9474813768523834
5,10,1.9462146545901442,0.2952472395583293,4166,2.1911829880305698,0.25090036014405764,833,2.190635660026647,0.267,0.9789132677858872,0.08355768139359948,,,0.95,,0.9500173293063326,0.04998267069366735,0.9886807704310384,0.14650974306469586,10,0.025,0.15,0.9493265333203702,0.9486739524001468,0.9510366522237887,0.9534410283190197,0.9562404163755026,0.9509499715283025,0.9551273101802604,0.9538911752166535,0.9534593573069639,0.944503238964021,1.0,0.9568949345848271
5,11,1.9536751501487963,0.29663946231397026,4166,2.1964729854038785,0.2665066026410564,833,2.190623138524309,0.2671,0.9784606905956859,0.08362853726990178,,,0.95,,0.9500173293063326,0.04998267069366735,0.9886807704310384,0.14650974306469586,10,0.025,0.15,0.9468072733907287,0.9491867604242756,0.9537533868668101,0.9483306678912812,0.9524229396127128,0.9532538578238068,0.9494406989414513,0.9561826340543981,0.9543669756597397,0.9474813768523834,0.9568949345848271,1.0
6,0,1.9104374939745123,0.31067914566834653,4167,2.147795949663435,0.29256594724220625,834,2.154193138774437,0.2806,0.9712440858251711,0.08302673076202047,,,0.95,,0.9500173293063326,0.04998267069366735,0.9912726727690756,0.14614111701211072,10,0.025,0.15,1.0,0.9420449132090383,0.9443342280069962,0.9433991099186275,0.9462421479688714,0.933200511984043,0.933183913759428,0.9444366579042143,0.9421632174765121,0.9411634053548011,0.944984613364781,0.9403017850412992
6,1,1.9086722908598004,0.30830333573314134,4167,2.1525528771536693,0.2853717026378897,834,2.1538589483574975,0.2825,0.9735210001821497,0.08335655211995324,,,0.95,,0.9500173293063326,0.04998267069366735,0.9912726727690756,0.14614111701211072,10,0.025,0.15,0.9420449132090383,1.0,0.9372011030396366,0.9426953663074112,0.9480412261067576,0.9448586455664224,0.9402693616493293,0.9527213545029387,0.941547550573331,0.9436002938962484,0.9434892896710168,0.9453011065669482
6,2,1.8969334826324926,0.3171346292296616,4167,2.1470597130911693,0.29256594724220625,834,2.153864540631258,0.2825,0.9733764342166316,0.08333188334409616,,,0.95,,0.9500173293063326,0.04998267069366735,0.9912726727690756,0.14614111701211072,10,0.025,0.15,0.9443342280069962,0.9372011030396366,1.0,0.9383262331354479,0.949990985286481,0.9408563641972177,0.940012802839834,0.9498912949463347,0.9450094000240254,0.9411479859074832,0.9458845062401677,0.9474251564095257
6,3,1.9183036973982146,0.30590352771778256,4167,2.156648738043649,0.2637889688249401,834,2.1542602188979525,0.2814,0.9725475475080173,0.08314116942622063,,,0.95,,0.9500173293063326,0.04998267069366735,0.9912726727690756,0.14614111701211072,10,0.025,0.15,0.9433991099186275,0.9426953663074112,0.9383262331354479,1.0,0.946895116125536,0.9401525279754006,0.9409714141816717,0.9484650032145171,0.9393062719502098,0.942713857017227,0.9465998041164939,0.9411022852429568
6,4,1.8977520848765517,0.31130309575233983,4167,2.1484712191990445,0.27130852340936373,833,2.1538676280009597,0.2824,0.9768478107193469,0.08351335519111887,,,0.95,,0.9500173293063326,0.04998267069366735,0.9912726727690756,0.14614111701211072,10,0.025,0.15,0.9462421479688714,0.9480412261067576,0.949990985286481,0.946895116125536,1.0,0.9490553351342774,0.9446558545812153,0.9439961196939096,0.9436494018442295,0.9495821712128703,0.9506966479717638,0.9478706306952146
6,5,1.914731673038367,0.3054475641948644,4167,2.141512189592634,0.3085234093637455,833,2.1538668101346947,0.2825,0.9731946948634581,0.0833620938281928,,,0.95,,0.9500173293063326,0.04998267069366735,0.9912726727690756,0.14614111701211072,10,0.025,0.15,0.933200511984043,0.9448586455664224,0.9408563641972177,0.9401525279754006,0.9490553351342774,1.0,0.9369493341922283,0.9481175906886214,0.9470682978766243,0.9453491976590157,0.944977867118329,0.9472996902070806
6,6,1.8875884052478906,0.3221982241420686,4167,2.1581928048815047,0.2809123649459784,833,2.1540683432470393,0.2807,0.9718258574394154,0.08307185807356864,,,0.95,,0.9500173293063326,0.04998267069366735,0.9912726727690756,0.14614111701211072,10,0.025,0.15,0.933183913759428,0.9402693616493293,0.940012802839834,0.9409714141816717,0.9446558545812153,0.9369493341922283,1.0,0.9490506487661378,0.9435964261268712,0.9382241119267504,0.9508529750848858,0.9443891313688526
6,7,1.8855085954521642,0.3197264218862491,4167,2.1575025830950056,0.2785114045618247,833,2.1538584171971187,0.2824,0.9776777750251058,0.08360894377422046,,,0.95,,0.9500173293063326,0.04998267069366735,0.9912726727690756,0.14614111701211072,10,0.025,0.15,0.9444366579042143,0.9527213545029387,0.9498912949463347,0.9484650032145171,0.9439961196939096,0.9481175906886214,0.9490506487661378,1.0,0.9519161405360396,0.9420940228794996,0.9487790921915101,0.9507904838980645
6,8,1.915114853960095,0.3035285645703312,4166,2.1540213653019498,0.2917166866746699,833,2.153859739062152,0.2825,0.975203664694294,0.08343345877231044,,,0.95,,0.9500173293063326,0.04998267069366735,0.9912726727690756,0.14614111701211072,10,0.025,0.15,0.9421632174765121,0.941547550573331,0.9450094000240254,0.9393062719502098,0.9436494018442295,0.9470682978766243,0.9435964261268712,0.9519161405360396,1.0,0.9498484778417595,0.9473282041520754,0.9499972851157378
6,9,1.8898314273718633,0.3128420547287566,4166,2.170252868107387,0.27611044417767105,833,2.1552242206621774,0.2812,0.9734855029594728,0.08303818496739114,,,0.95,,0.9500173293063326,0.04998267069366735,0.9912726727690756,0.14614111701211072,10,0.025,0.15,0.9411634053548011,0.9436002938962484,0.9411479859074832,0.942713857017227,0.9495821712128703,0.9453491976590157,0.9382241119267504,0.9420940228794996,0.9498484778417595,1.0,0.9416196885479475,0.9463664092061747
6,10,1.9071638894803595,0.3101056168987038,4166,2.154341220855713,0.2617046818727491,833,2.15385394760325,0.2823,0.9764229648750241,0.08354192363229143,,,0.95,,0.9500173293063326,0.04998267069366735,0.9912726727690756,0.14614111701211072,10,0.025,0.15,0.944984613364781,0.9434892896710168,0.9458845062401677,0.9465998041164939,0.9506966479717638,0.944977867118329,0.9508529750848858,0.9487790921915101,0.9473282041520754,0.9416196885479475,1.0,0.9504120150142962
