round,client_id,client_i_training_loss,client_i_training_accuracy,client_i_training_dataset_size,client_i_evaluation_loss,client_i_evaluation_accuracy,client_i_evaluation_dataset_size,client_i_central_evaluation_loss,client_i_central_evaluation_accuracy,client_i_cosine_similarity,client_i_importance_coefficient,client_i_tanh_val,tanh_normalization_value,client_i_q,client_i_mask_order,client_i_v_nonzero_fraction,client_i_v_sparsity,client_i_v_cosine_similarity,client_i_reward_gradient_norm,local_epochs,learning_rate,gamma,client_0_cosine_similarity,client_1_cosine_similarity,client_2_cosine_similarity,client_3_cosine_similarity,client_4_cosine_similarity,client_5_cosine_similarity,client_6_cosine_similarity,client_7_cosine_similarity,client_8_cosine_similarity,client_9_cosine_similarity,client_10_cosine_similarity,client_11_cosine_similarity
0,0,2.2113013197661964,0.34296,5000,2.2550946606530085,0.3249400479616307,834,2.2563435917083448,0.3214,0.9964958896651196,0.0833928655236865,,,0.96,,0.9600139182880506,0.039986081711949395,0,0.0995784128675772,5,0.001,0.1,1.0,0.9911934289129131,0.9905768131073558,0.991509525465079,0.9894206879585788,0.99145851504998,0.990944302303107,0.9926119837362068,0.9931913974066684,0.9957783199511386,0.986849912935726,0.9940072253952925
0,1,2.20783796720444,0.33084,5000,2.2459064854515924,0.3609112709832134,834,2.2563435917083448,0.3214,0.9968993472083688,0.08342662931639015,,,0.96,,0.9600139182880506,0.039986081711949395,0,0.0995784128675772,5,0.001,0.1,0.9911934289129131,1.0,0.9937568834550861,0.9890353980445369,0.9911196451723301,0.9876557244763301,0.9921918037738566,0.9941549012728168,0.9933257081748449,0.9951086606416485,0.9938593642637038,0.9909616762135712
0,2,2.207495375955181,0.34616,5000,2.2501233683692083,0.3225419664268585,834,2.2563435917083448,0.3214,0.9962280488546307,0.08337045096791912,,,0.96,,0.9600139182880506,0.039986081711949395,0,0.0995784128675772,5,0.001,0.1,0.9905768131073558,0.9937568834550861,1.0,0.98749647627928,0.9903612414931151,0.987836970183585,0.9959192138089178,0.9905138473473087,0.9918035522169566,0.992410071589939,0.9927438555413887,0.990922647264267
0,3,2.207574898422144,0.35152,5000,2.256047089894613,0.31534772182254195,834,2.2563435917083448,0.3214,0.994035248888176,0.08318694406676737,,,0.96,,0.9600139182880506,0.039986081711949395,0,0.0995784128675772,5,0.001,0.1,0.991509525465079,0.9890353980445369,0.98749647627928,1.0,0.9893999363665327,0.9847147718404788,0.9855653558142995,0.9929843842357666,0.9922489340751868,0.9896777214592535,0.9872373929727868,0.9882690005649633
0,4,2.210720437954945,0.3548,5000,2.2546751499176025,0.3289315726290516,833,2.2563435917083448,0.3214,0.9954187116018984,0.08330272068083977,,,0.96,,0.9600139182880506,0.039986081711949395,0,0.0995784128675772,5,0.001,0.1,0.9894206879585788,0.9911196451723301,0.9903612414931151,0.9893999363665327,1.0,0.9922499799786985,0.9932959816965755,0.988887802867448,0.9924213360922938,0.9916622565455506,0.9853586332371456,0.9904929643413295
0,5,2.2107908294459055,0.34376,5000,2.2634158575976335,0.3157262905162065,833,2.2563435917083448,0.3214,0.9933785026350075,0.0831319835269983,,,0.96,,0.9600139182880506,0.039986081711949395,0,0.0995784128675772,5,0.001,0.1,0.99145851504998,0.9876557244763301,0.987836970183585,0.9847147718404788,0.9922499799786985,1.0,0.9923776951015225,0.987074664280758,0.9871487408096177,0.9921047266584541,0.978005170416302,0.9896642051256935
0,6,2.2095935247506304,0.35708,5000,2.2575298768502696,0.304921968787515,833,2.2563435917083448,0.3214,0.9961349890385798,0.08336266315383371,,,0.96,,0.9600139182880506,0.039986081711949395,0,0.0995784128675772,5,0.001,0.1,0.990944302303107,0.9921918037738566,0.9959192138089178,0.9855653558142995,0.9932959816965755,0.9923776951015225,1.0,0.9881775575537607,0.9914780944655407,0.9925530984076333,0.9888966730100898,0.9918297856630244
0,7,2.207039652356676,0.33228,5000,2.2646139286182545,0.30732292917166865,833,2.2563435917083448,0.3214,0.9962658070045333,0.08337361080063886,,,0.96,,0.9600139182880506,0.039986081711949395,0,0.0995784128675772,5,0.001,0.1,0.9926119837362068,0.9941549012728168,0.9905138473473087,0.9929843842357666,0.988887802867448,0.987074664280758,0.9881775575537607,1.0,0.9926694592381429,0.9950913820415989,0.9914014431342276,0.9912253342487861
0,8,2.2106948078058326,0.34708,5000,2.2549506028493247,0.3277310924369748,833,2.2563435917083448,0.3214,0.996797792302395,0.08341813058126743,,,0.96,,0.9600139182880506,0.039986081711949395,0,0.0995784128675772,5,0.001,0.1,0.9931913974066684,0.9933257081748449,0.9918035522169566,0.9922489340751868,0.9924213360922938,0.9871487408096177,0.9914780944655407,0.9926694592381429,1.0,0.9935577073733098,0.9911595186362232,0.992145224099273
0,9,2.20871921071581,0.33748,5000,2.2566162833461054,0.31452581032412963,833,2.2563435917083448,0.3214,0.9978150158987372,0.08350325806795059,,,0.96,,0.9600139182880506,0.039986081711949395,0,0.0995784128675772,5,0.001,0.1,0.9957783199511386,0.9951086606416485,0.992410071589939,0.9896777214592535,0.9916622565455506,0.9921047266584541,0.9925530984076333,0.9950913820415989,0.9935577073733098,1.0,0.9908916801277864,0.9944692736605395
0,10,2.2058813335029943,0.32916,5000,2.2547381630650274,0.3325330132052821,833,2.2563435917083448,0.3214,0.9938182266656201,0.08316878232098503,,,0.96,,0.9600139182880506,0.039986081711949395,0,0.0995784128675772,5,0.001,0.1,0.986849912935726,0.9938593642637038,0.9927438555413887,0.9872373929727868,0.9853586332371456,0.978005170416302,0.9888966730100898,0.9914014431342276,0.9911595186362232,0.9908916801277864,1.0,0.9891419637508747
0,11,2.212632145243845,0.33948,5000,2.2511481885556823,0.3013205282112845,833,2.2563435917083448,0.3214,0.9961265986246477,0.08336196099272297,,,0.96,,0.9600139182880506,0.039986081711949395,0,0.0995784128675772,5,0.001,0.1,0.9940072253952925,0.9909616762135712,0.990922647264267,0.9882690005649633,0.9904929643413295,0.9896642051256935,0.9918297856630244,0.9912253342487861,0.992145224099273,0.9944692736605395,0.9891419637508747,1.0
1,0,2.074128818663822,0.44984,5000,2.2031665996268943,0.40167865707434053,834,2.203395743720448,0.4027,0.9982093354148822,0.08338345012942754,,,0.96,,0.9600139182880506,0.039986081711949395,0.9655964271296648,0.09977889997780766,5,0.001,0.1,1.0,0.9959212285061834,0.9957819000945454,0.9952588725818333,0.9940491328283302,0.9952765242710525,0.9960561918900901,0.9962372495017726,0.995673079029581,0.9977626573239281,0.9925372954957278,0.9974591230737968
1,1,2.0705674815329775,0.42036,5000,2.190779209136963,0.4316546762589928,834,2.203395743720448,0.4027,0.9984680672167776,0.08341251513943676,,,0.96,,0.9600139182880506,0.039986081711949395,0.9655964271296648,0.09977889997780766,5,0.001,0.1,0.9959212285061834,1.0,0.9977735232963197,0.9934719216810066,0.9936526538127792,0.9927572587964744,0.9964111179684279,0.9973172356914228,0.9963416764002855,0.9976882343842612,0.9971000178245596,0.9966724971946275
1,2,2.069858188234317,0.42148,5000,2.1963328785366483,0.41606714628297364,834,2.203395743720448,0.4027,0.9982567387529948,0.08337123085371898,,,0.96,,0.9600139182880506,0.039986081711949395,0.9655964271296648,0.09977889997780766,5,0.001,0.1,0.9957819000945454,0.9977735232963197,1.0,0.993317303790583,0.9940599005231134,0.9927386379026247,0.9978554059521944,0.9959053315420602,0.9958177194392843,0.9969856348688259,0.9962516012009698,0.9960921700406822
1,3,2.0640857450521675,0.46584,5000,2.202249191425465,0.4172661870503597,834,2.203395743720448,0.4027,0.9967439698903053,0.08320982168835711,,,0.96,,0.9600139182880506,0.039986081711949395,0.9655964271296648,0.09977889997780766,5,0.001,0.1,0.9952588725818333,0.9934719216810066,0.993317303790583,1.0,0.9955275904250461,0.9938640359854364,0.9941004915525746,0.9949682413813995,0.9951573945317712,0.9938885348050864,0.9912228132938615,0.9937116467133659
1,4,2.072272649692122,0.46024,5000,2.2011727933530456,0.42136854741896757,833,2.203395743720448,0.4027,0.9971013688897401,0.08329238123585175,,,0.96,,0.9600139182880506,0.039986081711949395,0.9655964271296648,0.09977889997780766,5,0.001,0.1,0.9940491328283302,0.9936526538127792,0.9940599005231134,0.9955275904250461,1.0,0.9962238418813932,0.9956039805584276,0.993842019574188,0.995187666655479,0.9947133294261654,0.9913400239209504,0.9945660741739014
1,5,2.0730686309231316,0.44392,5000,2.2111881132479065,0.40336134453781514,833,2.203395743720448,0.4027,0.9962589067034212,0.0831604467219428,,,0.96,,0.9600139182880506,0.039986081711949395,0.9655964271296648,0.09977889997780766,5,0.001,0.1,0.9952765242710525,0.9927572587964744,0.9927386379026247,0.9938640359854364,0.9962238418813932,1.0,0.9947101322177951,0.9932231842286448,0.993044374408304,0.9951422566701078,0.987509864234327,0.9941889219149195
1,6,2.0734920175212204,0.4338,5000,2.2067857406757496,0.3865546218487395,833,2.203395743720448,0.4027,0.9984342004674805,0.08337218306405915,,,0.96,,0.9600139182880506,0.039986081711949395,0.9655964271296648,0.09977889997780766,5,0.001,0.1,0.9960561918900901,0.9964111179684279,0.9978554059521944,0.9941004915525746,0.9956039805584276,0.9947101322177951,1.0,0.9955485613507413,0.9964103900113844,0.9968236211276666,0.9947178389016775,0.9964712068892848
1,7,2.0684621949104747,0.43944,5000,2.2112776615001537,0.38895558223289317,833,2.203395743720448,0.4027,0.9982428297880914,0.08337272012420832,,,0.96,,0.9600139182880506,0.039986081711949395,0.9655964271296648,0.09977889997780766,5,0.001,0.1,0.9962372495017726,0.9973172356914228,0.9959053315420602,0.9949682413813995,0.993842019574188,0.9932231842286448,0.9955485613507413,1.0,0.9961718802852177,0.9974740845411362,0.9952025534471878,0.9965235043364757
1,8,2.074585162302491,0.45612,5000,2.202229217246727,0.38535414165666265,833,2.203395743720448,0.4027,0.9980929027209838,0.08339518932243477,,,0.96,,0.9600139182880506,0.039986081711949395,0.9655964271296648,0.09977889997780766,5,0.001,0.1,0.995673079029581,0.9963416764002855,0.9958177194392843,0.9951573945317712,0.995187666655479,0.993044374408304,0.9964103900113844,0.9961718802852177,1.0,0.9963263028416827,0.994554429197361,0.9959346293821773
1,9,2.0720985013208573,0.43692,5000,2.204432037141588,0.382953181272509,833,2.203395743720448,0.4027,0.9988709063532176,0.08347252734160572,,,0.96,,0.9600139182880506,0.039986081711949395,0.9655964271296648,0.09977889997780766,5,0.001,0.1,0.9977626573239281,0.9976882343842612,0.9969856348688259,0.9938885348050864,0.9947133294261654,0.9951422566701078,0.9968236211276666,0.9974740845411362,0.9963263028416827,1.0,0.9950053746889289,0.99811967296746
1,10,2.0662753847753925,0.42472,5000,2.2019889266402632,0.4057623049219688,833,2.203395743720448,0.4027,0.9963745650870353,0.08318675426153209,,,0.96,,0.9600139182880506,0.039986081711949395,0.9655964271296648,0.09977889997780766,5,0.001,0.1,0.9925372954957278,0.9971000178245596,0.9962516012009698,0.9912228132938615,0.9913400239209504,0.987509864234327,0.9947178389016775,0.9952025534471878,0.994554429197361,0.9950053746889289,1.0,0.9946032738743569
1,11,2.076585682486273,0.44296,5000,2.1966634503117315,0.39135654261704683,833,2.203395743720448,0.4027,0.9984040874201082,0.08337078011742509,,,0.96,,0.9600139182880506,0.039986081711949395,0.9655964271296648,0.09977889997780766,5,0.001,0.1,0.9974591230737968,0.9966724971946275,0.9960921700406822,0.9937116467133659,0.9945660741739014,0.9941889219149195,0.9964712068892848,0.9965235043364757,0.9959346293821773,0.99811967296746,0.9946032738743569,1.0
2,0,1.895982509813491,0.51004,5000,2.1374201862900346,0.45443645083932854,834,2.1367645895900056,0.4534,0.9988685365550998,0.08337290688659524,,,0.96,,0.9600139182880506,0.039986081711949395,0.9881656368812799,0.09985943684464643,5,0.001,0.1,1.0,0.9970977497983575,0.9971052849234401,0.9973758588942896,0.9969633280717093,0.9968889425181421,0.9976222538022057,0.9977849675661957,0.9971929731011068,0.9979503696033568,0.9955434191158724,0.9980504746474719
2,1,1.8952461699771275,0.48396,5000,2.1216748158137,0.4784172661870504,834,2.1367645895900056,0.4534,0.9988488569396405,0.0833900954494191,,,0.96,,0.9600139182880506,0.039986081711949395,0.9881656368812799,0.09985943684464643,5,0.001,0.1,0.9970977497983575,1.0,0.9980185673070721,0.9961309004470393,0.9961542541339637,0.9947798570069929,0.997486998460183,0.9978527163397175,0.9980001399162229,0.9983808651085311,0.9978553256866968,0.9975773706478174
2,2,1.8924324161687474,0.4824,5000,2.1292121675279407,0.4580335731414868,834,2.1367645895900056,0.4534,0.9988166113117157,0.08336373765710019,,,0.96,,0.9600139182880506,0.039986081711949395,0.9881656368812799,0.09985943684464643,5,0.001,0.1,0.9971052849234401,0.9980185673070721,1.0,0.9963238973377414,0.9968046019427894,0.9954277540488856,0.9983811156329616,0.997541450319669,0.9972796201916552,0.9976382267582629,0.9974694476059894,0.9969624047103259
2,3,1.8790659233263345,0.52408,5000,2.1345602847911693,0.4712230215827338,834,2.1367645895900056,0.4534,0.9982339582655462,0.08324595012191896,,,0.96,,0.9600139182880506,0.039986081711949395,0.9881656368812799,0.09985943684464643,5,0.001,0.1,0.9973758588942896,0.9961309004470393,0.9963238973377414,1.0,0.9974822276124619,0.9966120372229045,0.9967930117474374,0.996980512705417,0.9968596706616801,0.9959918120451662,0.9952125209262411,0.9962198800995801
2,4,1.8925954713942899,0.5134,5000,2.1341709119302257,0.4789915966386555,833,2.1367645895900056,0.4534,0.9984910939553664,0.08330487789181991,,,0.96,,0.9600139182880506,0.039986081711949395,0.9881656368812799,0.09985943684464643,5,0.001,0.1,0.9969633280717093,0.9961542541339637,0.9968046019427894,0.9974822276124619,1.0,0.9974791718420709,0.9973132576536607,0.9965758194537325,0.9971505552539841,0.9966427728860198,0.9956912916835827,0.9968048786294865
2,5,1.8929164254741304,0.50304,5000,2.1452312999301486,0.4549819927971189,833,2.1367645895900056,0.4534,0.997512663979345,0.08319239135164656,,,0.96,,0.9600139182880506,0.039986081711949395,0.9881656368812799,0.09985943684464643,5,0.001,0.1,0.9968889425181421,0.9947798570069929,0.9954277540488856,0.9966120372229045,0.9974791718420709,1.0,0.9966577904919801,0.9957630436009443,0.9951756443076424,0.995940479239408,0.9930808024042167,0.9955359577995502
2,6,1.8978418792129321,0.48588,5000,2.1429274523699724,0.4249699879951981,833,2.1367645895900056,0.4534,0.9989282932694044,0.08336792619228739,,,0.96,,0.9600139182880506,0.039986081711949395,0.9881656368812799,0.09985943684464643,5,0.001,0.1,0.9976222538022057,0.997486998460183,0.9983811156329616,0.9967930117474374,0.9973132576536607,0.9966577904919801,1.0,0.9972441069021344,0.9971070553758312,0.9975467502959509,0.996730608339408,0.9974103160741435
2,7,1.8849278293597471,0.50176,5000,2.144494886751528,0.42857142857142855,833,2.1367645895900056,0.4534,0.998889849317211,0.08336701473485392,,,0.96,,0.9600139182880506,0.039986081711949395,0.9881656368812799,0.09985943684464643,5,0.001,0.1,0.9977849675661957,0.9978527163397175,0.997541450319669,0.996980512705417,0.9965758194537325,0.9957630436009443,0.9972441069021344,1.0,0.9972548568905476,0.9980603727090543,0.997132022232213,0.997640330023101
2,8,1.896250989482661,0.51076,5000,2.1357077580911143,0.4381752701080432,833,2.1367645895900056,0.4534,0.9987535475531696,0.08337639445048164,,,0.96,,0.9600139182880506,0.039986081711949395,0.9881656368812799,0.09985943684464643,5,0.001,0.1,0.9971929731011068,0.9980001399162229,0.9972796201916552,0.9968596706616801,0.9971505552539841,0.9951756443076424,0.9971070553758312,0.9972548568905476,1.0,0.997821998345398,0.9973025809218932,0.9970512865125656
2,9,1.8931800385189663,0.494,5000,2.1382299175968877,0.43937575030012005,833,2.1367645895900056,0.4534,0.9990019989496626,0.08343183989591842,,,0.96,,0.9600139182880506,0.039986081711949395,0.9881656368812799,0.09985943684464643,5,0.001,0.1,0.9979503696033568,0.9983808651085311,0.9976382267582629,0.9959918120451662,0.9966427728860198,0.995940479239408,0.9975467502959509,0.9980603727090543,0.997821998345398,1.0,0.997072559191777,0.998122980846665
2,10,1.8896924936088026,0.48852,5000,2.1354856226179333,0.4645858343337335,833,2.1367645895900056,0.4534,0.9980493055661962,0.08322584454529956,,,0.96,,0.9600139182880506,0.039986081711949395,0.9881656368812799,0.09985943684464643,5,0.001,0.1,0.9955434191158724,0.9978553256866968,0.9974694476059894,0.9952125209262411,0.9956912916835827,0.9930808024042167,0.996730608339408,0.997132022232213,0.9973025809218932,0.997072559191777,1.0,0.9966687157548786
2,11,1.8995722632499257,0.5004,5000,2.128150061324791,0.4489795918367347,833,2.1367645895900056,0.4534,0.9987409992510918,0.08336102082265895,,,0.96,,0.9600139182880506,0.039986081711949395,0.9881656368812799,0.09985943684464643,5,0.001,0.1,0.9980504746474719,0.9975773706478174,0.9969624047103259,0.9962198800995801,0.9968048786294865,0.9955359577995502,0.9974103160741435,0.997640330023101,0.9970512865125656,0.998122980846665,0.9966687157548786,1.0
3,0,1.7095729218926399,0.55436,5000,2.0562311984874584,0.5023980815347722,834,2.054493649699056,0.504,0.9990579685241362,0.0833618457368203,,,0.96,,0.9600139182880506,0.039986081711949395,0.9936376517560002,0.09989259972637503,5,0.001,0.1,1.0,0.997850033055754,0.9976464072000081,0.998133990214534,0.9978606751384579,0.9975332331725785,0.9981104884885943,0.9982397995710695,0.9972292895067653,0.9983060477029676,0.9966247369118543,0.9982883340148032
3,1,1.7125718705973048,0.52812,5000,2.0365243311281556,0.5143884892086331,834,2.054493649699056,0.504,0.9992234746427816,0.0833777261694923,,,0.96,,0.9600139182880506,0.039986081711949395,0.9936376517560002,0.09989259972637503,5,0.001,0.1,0.997850033055754,1.0,0.9984345022042243,0.9978233257803828,0.9977698691383503,0.9969000489018051,0.9982488683740445,0.9983961755021477,0.9978318929102044,0.9985637250484568,0.998080483818468,0.997907161147983
3,2,1.7117206149799808,0.53312,5000,2.046553642661483,0.5347721822541966,834,2.054493649699056,0.504,0.9989474004610258,0.08335265535518549,,,0.96,,0.9600139182880506,0.039986081711949395,0.9936376517560002,0.09989259972637503,5,0.001,0.1,0.9976464072000081,0.9984345022042243,1.0,0.9973714429129884,0.9976646677851831,0.9965712580895988,0.9986135171520303,0.9979500690706291,0.9971861643160158,0.9981607269763411,0.9975221667146397,0.997375650998523
3,3,1.6899905274628075,0.56728,5000,2.051233490308126,0.5107913669064749,834,2.054493649699056,0.504,0.9988540296866396,0.0832774197660201,,,0.96,,0.9600139182880506,0.039986081711949395,0.9936376517560002,0.09989259972637503,5,0.001,0.1,0.998133990214534,0.9978233257803828,0.9973714429129884,1.0,0.9978933475792179,0.9973246469090729,0.9974997245335965,0.9980170152362922,0.9975577428758639,0.9977174203221093,0.9966436572490862,0.9973998911367795
3,4,1.7066652369347348,0.55484,5000,2.051602597589846,0.5234093637454982,833,2.054493649699056,0.504,0.9990338255340117,0.0833193540805161,,,0.96,,0.9600139182880506,0.039986081711949395,0.9936376517560002,0.09989259972637503,5,0.001,0.1,0.9978606751384579,0.9977698691383503,0.9976646677851831,0.9978933475792179,1.0,0.9980605239714613,0.9980430349520688,0.997919966018802,0.997679598408545,0.9980634270626062,0.9966835662661789,0.9978978045884025
3,5,1.7072535463199494,0.54492,5000,2.063447872797648,0.49819927971188477,833,2.054493649699056,0.504,0.9983300927636377,0.08322767155618674,,,0.96,,0.9600139182880506,0.039986081711949395,0.9936376517560002,0.09989259972637503,5,0.001,0.1,0.9975332331725785,0.9969000489018051,0.9965712580895988,0.9973246469090729,0.9980605239714613,1.0,0.9970826993390893,0.9972633957704451,0.9967081233423746,0.9974804159191133,0.9953630889392385,0.9968169974228387
3,6,1.7155353412506686,0.53556,5000,2.0639543445022017,0.4729891956782713,833,2.054493649699056,0.504,0.9991624505898647,0.08336216357452488,,,0.96,,0.9600139182880506,0.039986081711949395,0.9936376517560002,0.09989259972637503,5,0.001,0.1,0.9981104884885943,0.9982488683740445,0.9986135171520303,0.9974997245335965,0.9980430349520688,0.9970826993390893,1.0,0.9980556940190498,0.9975556808345863,0.9983021431004859,0.9976352308660195,0.9979278493389517
3,7,1.699300757031532,0.54512,5000,2.061596234639486,0.4909963985594238,833,2.054493649699056,0.504,0.9991528368150381,0.0833612944563436,,,0.96,,0.9600139182880506,0.039986081711949395,0.9936376517560002,0.09989259972637503,5,0.001,0.1,0.9982397995710695,0.9983961755021477,0.9979500690706291,0.9980170152362922,0.997919966018802,0.9972633957704451,0.9980556940190498,1.0,0.9974284552918851,0.9984302389276696,0.9973320483992426,0.997927262838888
3,8,1.7113454297849326,0.55684,5000,2.053824446819447,0.49459783913565425,833,2.054493649699056,0.504,0.9987101612690279,0.08335275991097026,,,0.96,,0.9600139182880506,0.039986081711949395,0.9936376517560002,0.09989259972637503,5,0.001,0.1,0.9972292895067653,0.9978318929102044,0.9971861643160158,0.9975577428758639,0.997679598408545,0.9967081233423746,0.9975556808345863,0.9974284552918851,1.0,0.9978572552657442,0.9975930752426599,0.9970273095773587
3,9,1.7093807398133976,0.5362,5000,2.05620687979239,0.49459783913565425,833,2.054493649699056,0.504,0.9993185520294557,0.08340639040093657,,,0.96,,0.9600139182880506,0.039986081711949395,0.9936376517560002,0.09989259972637503,5,0.001,0.1,0.9983060477029676,0.9985637250484568,0.9981607269763411,0.9977174203221093,0.9980634270626062,0.9974804159191133,0.9983021431004859,0.9984302389276696,0.9978572552657442,1.0,0.9978542842412295,0.9982097979260303
3,10,1.7082373079980255,0.53688,5000,2.0534371579134905,0.503001200480192,833,2.054493649699056,0.504,0.9984354540096669,0.08325158381446132,,,0.96,,0.9600139182880506,0.039986081711949395,0.9936376517560002,0.09989259972637503,5,0.001,0.1,0.9966247369118543,0.998080483818468,0.9975221667146397,0.9966436572490862,0.9966835662661789,0.9953630889392385,0.9976352308660195,0.9973320483992426,0.9975930752426599,0.9978542842412295,1.0,0.9970300792690651
3,11,1.7178938098773835,0.54208,5000,2.0440634709817393,0.5078031212484994,833,2.054493649699056,0.504,0.9988899401927693,0.0833491351785423,,,0.96,,0.9600139182880506,0.039986081711949395,0.9936376517560002,0.09989259972637503,5,0.001,0.1,0.9982883340148032,0.997907161147983,0.997375650998523,0.9973998911367795,0.9978978045884025,0.9968169974228387,0.9979278493389517,0.997927262838888,0.9970273095773587,0.9982097979260303,0.9970300792690651,1.0
4,0,1.550012007868214,0.58516,5000,1.9595140042128387,0.5431654676258992,834,1.9563724731865781,0.5385,0.999011565343471,0.08335592624409528,,,0.96,,0.9600139182880506,0.039986081711949395,0.9968326772701012,0.09988525647577759,5,0.001,0.1,1.0,0.9976384496249864,0.9976273436435888,0.9980889010591851,0.9977206356210573,0.9972586173713731,0.9979238406932839,0.9979728954316063,0.997618336541283,0.998023250250244,0.996425253699372,0.9980928605750036
4,1,1.5551950346132752,0.56056,5000,1.93531189582966,0.5491606714628298,834,1.9563724731865781,0.5385,0.9991380915655648,0.08336974703873574,,,0.96,,0.9600139182880506,0.039986081711949395,0.9968326772701012,0.09988525647577759,5,0.001,0.1,0.9976384496249864,1.0,0.9982533237263882,0.9978567902445509,0.9975336530302322,0.9966324154245282,0.9979968223458985,0.9981204399291657,0.9980744276821979,0.9983695826346676,0.9978067449493921,0.9976236924493722
4,2,1.554521801517268,0.5676,5000,1.9481594385924164,0.5695443645083933,834,1.9563724731865781,0.5385,0.9989319518127325,0.08334772160901183,,,0.96,,0.9600139182880506,0.039986081711949395,0.9968326772701012,0.09988525647577759,5,0.001,0.1,0.9976273436435888,0.9982533237263882,1.0,0.9975024950104409,0.997545658030933,0.9964468929279314,0.9984415732654169,0.9976830244088408,0.9973907970923369,0.9980966684800987,0.9971906893055368,0.9972569510580818
4,3,1.5287716015888628,0.59724,5000,1.9520017129403573,0.552757793764988,834,1.9563724731865781,0.5385,0.9989027480407978,0.0833006465194398,,,0.96,,0.9600139182880506,0.039986081711949395,0.9968326772701012,0.09988525647577759,5,0.001,0.1,0.9980889010591851,0.9978567902445509,0.9975024950104409,1.0,0.9978650042790439,0.9972778977267605,0.9975210665220137,0.9976438819355965,0.9979074708535409,0.997617040415073,0.9965047472186426,0.9973034426616699
4,4,1.5450330582393963,0.58484,5000,1.9531679683261447,0.5426170468187275,833,1.9563724731865781,0.5385,0.998940539290204,0.08332757922433343,,,0.96,,0.9600139182880506,0.039986081711949395,0.9968326772701012,0.09988525647577759,5,0.001,0.1,0.9977206356210573,0.9975336530302322,0.997545658030933,0.9978650042790439,1.0,0.9975874680915214,0.9977561471230799,0.9977949083238669,0.9977425943912358,0.9978344095174257,0.9965522891745165,0.9976082569196917
4,5,1.5468430923808152,0.58096,5000,1.9653559084291812,0.5294117647058824,833,1.9563724731865781,0.5385,0.9981983774722993,0.08324741041785824,,,0.96,,0.9600139182880506,0.039986081711949395,0.9968326772701012,0.09988525647577759,5,0.001,0.1,0.9972586173713731,0.9966324154245282,0.9964468929279314,0.9972778977267605,0.9975874680915214,1.0,0.9967472256075086,0.9969736092387613,0.9969662452960025,0.9970555312859002,0.9952431157805807,0.9964598504847273
4,6,1.5575299361708816,0.56996,5000,1.9696025848388672,0.5090036014405762,833,1.9563724731865781,0.5385,0.9990697523087192,0.08335799896683166,,,0.96,,0.9600139182880506,0.039986081711949395,0.9968326772701012,0.09988525647577759,5,0.001,0.1,0.9979238406932839,0.9979968223458985,0.9984415732654169,0.9975210665220137,0.9977561471230799,0.9967472256075086,1.0,0.9975948023267583,0.9976984220178504,0.9981787950875566,0.997445821831318,0.9977829322301857
4,7,1.5385941914692047,0.57848,5000,1.9627711905373468,0.5342136854741897,833,1.9563724731865781,0.5385,0.9989705181963449,0.08335426352289348,,,0.96,,0.9600139182880506,0.039986081711949395,0.9968326772701012,0.09988525647577759,5,0.001,0.1,0.9979728954316063,0.9981204399291657,0.9976830244088408,0.9976438819355965,0.9977949083238669,0.9969736092387613,0.9975948023267583,1.0,0.9977206841537946,0.9979592872369819,0.9968390694558223,0.9975955243173479
4,8,1.5516116524957548,0.58832,5000,1.9562004716308028,0.5354141656662665,833,1.9563724731865781,0.5385,0.9988836917152123,0.08334622825133334,,,0.96,,0.9600139182880506,0.039986081711949395,0.9968326772701012,0.09988525647577759,5,0.001,0.1,0.997618336541283,0.9980744276821979,0.9973907970923369,0.9979074708535409,0.9977425943912358,0.9969662452960025,0.9976984220178504,0.9977206841537946,1.0,0.9978579554741966,0.9966970465855477,0.9971840208837471
4,9,1.5518262010471078,0.56952,5000,1.9579831847438105,0.5282112845138055,833,1.9563724731865781,0.5385,0.9991837172699626,0.08338879569146272,,,0.96,,0.9600139182880506,0.039986081711949395,0.9968326772701012,0.09988525647577759,5,0.001,0.1,0.998023250250244,0.9983695826346676,0.9980966684800987,0.997617040415073,0.9978344095174257,0.9970555312859002,0.9981787950875566,0.9979592872369819,0.9978579554741966,1.0,0.9975819506549998,0.9978782945053922
4,10,1.549943739973056,0.56888,5000,1.9556783305274115,0.5234093637454982,833,1.9563724731865781,0.5385,0.9982326919682881,0.08326318023770223,,,0.96,,0.9600139182880506,0.039986081711949395,0.9968326772701012,0.09988525647577759,5,0.001,0.1,0.996425253699372,0.9978067449493921,0.9971906893055368,0.9965047472186426,0.9965522891745165,0.9952431157805807,0.997445821831318,0.9968390694558223,0.9966970465855477,0.9975819506549998,1.0,0.9967702182372793
4,11,1.5593640472478927,0.57396,5000,1.9441242262169167,0.5450180072028812,833,1.9563724731865781,0.5385,0.9987751352017767,0.08334050227630212,,,0.96,,0.9600139182880506,0.039986081711949395,0.9968326772701012,0.09988525647577759,5,0.001,0.1,0.9980928605750036,0.9976236924493722,0.9972569510580818,0.9973034426616699,0.9976082569196917,0.9964598504847273,0.9977829322301857,0.9975955243173479,0.9971840208837471,0.9978782945053922,0.9967702182372793,1.0
5,0,1.4165891794642065,0.60672,5000,1.848975283128244,0.5683453237410072,834,1.8441024485487527,0.5602,0.9989837109509545,0.08335303913157867,,,0.96,,0.9600139182880506,0.039986081711949395,0.9978810013094204,0.09988016868235416,5,0.001,0.1,1.0,0.9975742026179893,0.9972989861137566,0.9980368585380365,0.9975371247091454,0.9970544792053708,0.9979304840764888,0.9976970706662015,0.9974705014817024,0.9978542919922744,0.9971564913559345,0.9978366641725462
5,1,1.4258447957646316,0.58664,5000,1.8197396684575964,0.5671462829736211,834,1.8441024485487527,0.5602,0.9990065796457406,0.08336225191202731,,,0.96,,0.9600139182880506,0.039986081711949395,0.9978810013094204,0.09988016868235416,5,0.001,0.1,0.9975742026179893,1.0,0.9978402132160902,0.9978705764668566,0.9972436715623599,0.996624412928625,0.9976856604509315,0.997791180123456,0.9977322651081283,0.9982428280940523,0.9979842924780467,0.9971314308767477
5,2,1.4247933605673966,0.59644,5000,1.8358005991688482,0.5827338129496403,834,1.8441024485487527,0.5602,0.9987348296772405,0.08333997600008333,,,0.96,,0.9600139182880506,0.039986081711949395,0.9978810013094204,0.09988016868235416,5,0.001,0.1,0.9972989861137566,0.9978402132160902,1.0,0.9975062360820947,0.9972767114139532,0.9960098080659465,0.9981318832285113,0.9972965066680427,0.9970004185563961,0.997806677940361,0.9974501279114596,0.9968459116610714
5,3,1.3946747003087572,0.6216,5000,1.8386274620338723,0.5839328537170264,834,1.8441024485487527,0.5602,0.9990122425182834,0.0833200630956315,,,0.96,,0.9600139182880506,0.039986081711949395,0.9978810013094204,0.09988016868235416,5,0.001,0.1,0.9980368585380365,0.9978705764668566,0.9975062360820947,1.0,0.9978289247145762,0.9974471793832784,0.9974478107800883,0.9977463048106281,0.9979114135475728,0.9977301598412882,0.9971845571979928,0.9970808979834088
5,4,1.4119992939529904,0.60964,5000,1.8407122338259663,0.56062424969988,833,1.8441024485487527,0.5602,0.9987966773598648,0.08332962095352747,,,0.96,,0.9600139182880506,0.039986081711949395,0.9978810013094204,0.09988016868235416,5,0.001,0.1,0.9975371247091454,0.9972436715623599,0.9972767114139532,0.9978289247145762,1.0,0.9975054059545623,0.9976101307397458,0.9973759826449607,0.9974244364932981,0.9974828628033217,0.99682453785613,0.9970972349929897
5,5,1.412651122299729,0.6076,5000,1.8528035084406536,0.5474189675870348,833,1.8441024485487527,0.5602,0.9981574904609909,0.0832598339483048,,,0.96,,0.9600139182880506,0.039986081711949395,0.9978810013094204,0.09988016868235416,5,0.001,0.1,0.9970544792053708,0.996624412928625,0.9960098080659465,0.9974471793832784,0.9975054059545623,1.0,0.9965403178016353,0.9969846659605942,0.9968623495382605,0.996755319322387,0.9957062370735078,0.9960587946266231
5,6,1.427568137417933,0.5946,5000,1.8613695391902216,0.5342136854741897,833,1.8441024485487527,0.5602,0.9990072923570316,0.08335507114257865,,,0.96,,0.9600139182880506,0.039986081711949395,0.9978810013094204,0.09988016868235416,5,0.001,0.1,0.9979304840764888,0.9976856604509315,0.9981318832285113,0.9974478107800883,0.9976101307397458,0.9965403178016353,1.0,0.997635546222443,0.9973961340965779,0.9979720551016326,0.9978538541181295,0.997525479133487
5,7,1.406213420971184,0.6062,5000,1.8494985456819888,0.5570228091236494,833,1.8441024485487527,0.5602,0.9988996268423095,0.0833493059230924,,,0.96,,0.9600139182880506,0.039986081711949395,0.9978810013094204,0.09988016868235416,5,0.001,0.1,0.9976970706662015,0.997791180123456,0.9972965066680427,0.9977463048106281,0.9973759826449607,0.9969846659605942,0.997635546222443,1.0,0.9976716476221416,0.9980426800469948,0.9971107975514205,0.9970866835502362
5,8,1.4182009453986102,0.61268,5000,1.8449127541648016,0.5618247298919568,833,1.8441024485487527,0.5602,0.9987608821311817,0.08333990108335392,,,0.96,,0.9600139182880506,0.039986081711949395,0.9978810013094204,0.09988016868235416,5,0.001,0.1,0.9974705014817024,0.9977322651081283,0.9970004185563961,0.9979114135475728,0.9974244364932981,0.9968623495382605,0.9973961340965779,0.9976716476221416,1.0,0.997623132899495,0.9970100600445966,0.9966743692685018
5,9,1.4198775503286132,0.59612,5000,1.8450837444376063,0.5546218487394958,833,1.8441024485487527,0.5602,0.9991122449994497,0.0833773424484245,,,0.96,,0.9600139182880506,0.039986081711949395,0.9978810013094204,0.09988016868235416,5,0.001,0.1,0.9978542919922744,0.9982428280940523,0.997806677940361,0.9977301598412882,0.9974828628033217,0.996755319322387,0.9979720551016326,0.9980426800469948,0.997623132899495,1.0,0.9979490340663588,0.9975275873530953
5,10,1.4198437159987771,0.59412,5000,1.8439073297712538,0.5462184873949579,833,1.8441024485487527,0.5602,0.9986353604884871,0.08328492611653734,,,0.96,,0.9600139182880506,0.039986081711949395,0.9978810013094204,0.09988016868235416,5,0.001,0.1,0.9971564913559345,0.9979842924780467,0.9974501279114596,0.9971845571979928,0.99682453785613,0.9957062370735078,0.9978538541181295,0.9971107975514205,0.9970100600445966,0.9979490340663588,1.0,0.9970433986088373
5,11,1.429664465500291,0.59648,5000,1.8302943264996563,0.5582232893157263,833,1.8441024485487527,0.5602,0.9985216190955699,0.08332866824486009,,,0.96,,0.9600139182880506,0.039986081711949395,0.9978810013094204,0.09988016868235416,5,0.001,0.1,0.9978366641725462,0.9971314308767477,0.9968459116610714,0.9970808979834088,0.9970972349929897,0.9960587946266231,0.997525479133487,0.9970866835502362,0.9966743692685018,0.9975275873530953,0.9970433986088373,1.0
6,0,1.3068198423476736,0.62992,5000,1.7282951187204432,0.579136690647482,834,1.7213166841683678,0.5774,0.9987576172004697,0.08334986336214226,,,0.96,,0.9600139182880506,0.039986081711949395,0.9982788447298141,0.09986189008562542,5,0.001,0.1,1.0,0.9970708062997461,0.9967631198479752,0.9975192494308691,0.9971968681988088,0.9966207182969035,0.9975539824091426,0.9972688156715931,0.9967823305580579,0.9974506043731036,0.9969074851165534,0.9974158193051688
6,1,1.31880116538637,0.60676,5000,1.6931800312466092,0.5935251798561151,834,1.7213166841683678,0.5774,0.9987755717736289,0.08335609241260865,,,0.96,,0.9600139182880506,0.039986081711949395,0.9982788447298141,0.09986189008562542,5,0.001,0.1,0.9970708062997461,1.0,0.9974327929876244,0.9974812418676009,0.9966184437541972,0.9962085190309901,0.9971760117986123,0.9973486589644655,0.9971036835460848,0.9978333386860183,0.9978176340075869,0.9966733963268886
6,2,1.317141976250205,0.61376,5000,1.7131779856152005,0.5995203836930456,834,1.7213166841683678,0.5774,0.9984894128584848,0.08333319626945178,,,0.96,,0.9600139182880506,0.039986081711949395,0.9982788447298141,0.09986189008562542,5,0.001,0.1,0.9967631198479752,0.9974327929876244,1.0,0.9969981271185104,0.9967586370560289,0.9957996849556028,0.9976415643428139,0.9969815775934632,0.9962446452094191,0.9973764741330902,0.9970162336450735,0.9963226033944158
6,3,1.2840907165958624,0.64204,5000,1.7147515658979062,0.60431654676259,834,1.7213166841683678,0.5774,0.9988136624457323,0.08333145031741883,,,0.96,,0.9600139182880506,0.039986081711949395,0.9982788447298141,0.09986189008562542,5,0.001,0.1,0.9975192494308691,0.9974812418676009,0.9969981271185104,1.0,0.9974063911572244,0.9971836892288248,0.9970560599021038,0.9973757156432178,0.9972311570495258,0.9972998894707061,0.9970678480789454,0.9966035728085544
6,4,1.3009390184833745,0.62776,5000,1.7179371648364596,0.575030012004802,833,1.7213166841683678,0.5774,0.9986044850187207,0.08333056022489281,,,0.96,,0.9600139182880506,0.039986081711949395,0.9982788447298141,0.09986189008562542,5,0.001,0.1,0.9971968681988088,0.9966184437541972,0.9967586370560289,0.9974063911572244,1.0,0.9973185270747917,0.9973572458662572,0.9970538927919865,0.996919650970393,0.9970793889573563,0.9963820353887862,0.9966251392968746
6,5,1.3039280491270078,0.63008,5000,1.729521287812127,0.5774309723889556,833,1.7213166841683678,0.5774,0.9980995525549811,0.08327146783053678,,,0.96,,0.9600139182880506,0.039986081711949395,0.9982788447298141,0.09986189008562542,5,0.001,0.1,0.9966207182969035,0.9962085190309901,0.9957996849556028,0.9971836892288248,0.9973185270747917,1.0,0.9963224957628981,0.9967603639805421,0.9966331930031608,0.9965225165448424,0.995714091226148,0.9955843551051923
6,6,1.3175256796703216,0.61484,5000,1.7428840001424153,0.5378151260504201,833,1.7213166841683678,0.5774,0.998842145361116,0.08335383762632448,,,0.96,,0.9600139182880506,0.039986081711949395,0.9982788447298141,0.09986189008562542,5,0.001,0.1,0.9975539824091426,0.9971760117986123,0.9976415643428139,0.9970560599021038,0.9973572458662572,0.9963224957628981,1.0,0.9972738195684331,0.9969127616346293,0.9974838236425738,0.9975708228092478,0.9972139991992355
6,7,1.2939148527042121,0.62744,5000,1.72580149880162,0.5690276110444178,833,1.7213166841683678,0.5774,0.9987728746687368,0.08334806648304263,,,0.96,,0.9600139182880506,0.039986081711949395,0.9982788447298141,0.09986189008562542,5,0.001,0.1,0.9972688156715931,0.9973486589644655,0.9969815775934632,0.9973757156432178,0.9970538927919865,0.9967603639805421,0.9972738195684331,1.0,0.9972427108203334,0.997582808220221,0.9970602646198673,0.9967841314469915
6,8,1.306697214940551,0.63032,5000,1.7235595959204215,0.5822328931572629,833,1.7213166841683678,0.5774,0.9984495350736622,0.0833318632604393,,,0.96,,0.9600139182880506,0.039986081711949395,0.9982788447298141,0.09986189008562542,5,0.001,0.1,0.9967823305580579,0.9971036835460848,0.9962446452094191,0.9972311570495258,0.996919650970393,0.9966331930031608,0.9969127616346293,0.9972427108203334,1.0,0.9971945636574016,0.9965280771052529,0.9960656444517945
6,9,1.312586894688333,0.61572,5000,1.7211984131071303,0.5726290516206483,833,1.7213166841683678,0.5774,0.9989369562429627,0.08337055512828519,,,0.96,,0.9600139182880506,0.039986081711949395,0.9982788447298141,0.09986189008562542,5,0.001,0.1,0.9974506043731036,0.9978333386860183,0.9973764741330902,0.9972998894707061,0.9970793889573563,0.9965225165448424,0.9974838236425738,0.997582808220221,0.9971945636574016,1.0,0.9977533654622921,0.9971213414926737
6,10,1.3134249100259914,0.6108,5000,1.7218155595991347,0.5654261704681873,833,1.7213166841683678,0.5774,0.9985904613682451,0.08330269935480634,,,0.96,,0.9600139182880506,0.039986081711949395,0.9982788447298141,0.09986189008562542,5,0.001,0.1,0.9969074851165534,0.9978176340075869,0.9970162336450735,0.9970678480789454,0.9963820353887862,0.995714091226148,0.9975708228092478,0.9970602646198673,0.9965280771052529,0.9977533654622921,1.0,0.9967300380160314
6,11,1.3216656273337686,0.61448,5000,1.7060046284287065,0.5726290516206483,833,1.7213166841683678,0.5774,0.9983061682781217,0.083320347730051,,,0.96,,0.9600139182880506,0.039986081711949395,0.9982788447298141,0.09986189008562542,5,0.001,0.1,0.9974158193051688,0.9966733963268886,0.9963226033944158,0.9966035728085544,0.9966251392968746,0.9955843551051923,0.9972139991992355,0.9967841314469915,0.9960656444517945,0.9971213414926737,0.9967300380160314,1.0
7,0,1.2131120136589002,0.6462,5000,1.6020206566210147,0.5887290167865707,834,1.5927579284856876,0.5924,0.9986001046212514,0.0833541428186001,,,0.96,,0.9600139182880506,0.039986081711949395,0.9984518254580129,0.09982682280458542,5,0.001,0.1,1.0,0.9968455257439345,0.9961817317424096,0.9969401784408236,0.996548486809227,0.9958823258305392,0.9971764359831351,0.9967481766793528,0.9963008548308913,0.9965565764985523,0.9967293621514494,0.9965542086121975
7,1,1.2286952721844813,0.62228,5000,1.5609310423886333,0.605515587529976,834,1.5927579284856876,0.5924,0.9985378715111937,0.08335595431750661,,,0.96,,0.9600139182880506,0.039986081711949395,0.9984518254580129,0.09982682280458542,5,0.001,0.1,0.9968455257439345,1.0,0.9966290207647773,0.9967941136073687,0.995887639806024,0.9956390989635319,0.99659517111648,0.996700442748586,0.9967697202516235,0.9970465954370911,0.9970726091670958,0.9957379197489306
