round,client_id,client_i_training_loss,client_i_training_accuracy,client_i_training_dataset_size,client_i_evaluation_loss,client_i_evaluation_accuracy,client_i_evaluation_dataset_size,client_i_central_evaluation_loss,client_i_central_evaluation_accuracy,client_i_cosine_similarity,client_i_importance_coefficient,client_i_tanh_val,tanh_normalization_value,client_i_q,client_i_mask_order,client_i_v_nonzero_fraction,client_i_v_sparsity,client_i_v_cosine_similarity,client_i_reward_gradient_norm,local_epochs,learning_rate,gamma,client_0_cosine_similarity,client_1_cosine_similarity,client_2_cosine_similarity,client_3_cosine_similarity,client_4_cosine_similarity,client_5_cosine_similarity,client_6_cosine_similarity,client_7_cosine_similarity,client_8_cosine_similarity,client_9_cosine_similarity,client_10_cosine_similarity,client_11_cosine_similarity
0,0,0.355098726455668,0.89016,5000,2.1962267381173595,0.354916067146283,834,2.2031311440391663,0.3363,0.7922541167432069,0.08350554051986805,,,0.9074694742964353,,0.9074845640279102,0.09251543597208978,0,0.39529058307887976,5,0.1,0.5,1.0,0.5931817234297971,0.5797668418719237,0.587503760303571,0.5869192422708202,0.588058397726849,0.5824992286382362,0.5982223219843227,0.5984212945336221,0.5974149023831851,0.600524275868979,0.6039543636545214
0,1,0.33947079257837903,0.89644,5000,2.2080125543806286,0.3381294964028777,834,2.2031365492092534,0.3363,0.7895977087481302,0.08322554855670596,,,0.8814415701600224,,0.881456754179007,0.11854324582099296,0,0.39526828688181564,5,0.1,0.5,0.5931817234297971,1.0,0.5844630277959082,0.5793458511665218,0.5802316198706603,0.5887281596880866,0.5927719839458114,0.5779444607604263,0.6016823425708742,0.5910041732109017,0.5962034922847707,0.6057069990455433
0,2,0.3417054143965624,0.89144,5000,2.2085952670485884,0.3333333333333333,834,2.2032695144129257,0.3361,0.7812857817880937,0.082349450927308,,,0.8,,0.8,0.19999999999999996,0,0.39508683477793965,5,0.1,0.5,0.5797668418719237,0.5844630277959082,1.0,0.5866888673925503,0.5913434831166301,0.5675251700341107,0.575887599375591,0.588979846534664,0.5824503441416977,0.5752040351482762,0.590214670524327,0.5898810055268254
0,3,0.3348911607175306,0.89512,5000,2.208208516792015,0.3345323741007194,834,2.203163815763431,0.3362,0.7862455516058359,0.08287222291514852,,,0.8485966062420072,,0.8486069976406807,0.1513930023593193,0,0.39521904829546384,5,0.1,0.5,0.587503760303571,0.5793458511665218,0.5866888673925503,1.0,0.5957434143862244,0.5859383908917349,0.572927736225753,0.5869185204647638,0.5929572841595546,0.5843555867843998,0.59327666584107,0.5938043506368115
0,4,0.33153109292553107,0.89668,5000,2.1999428625460022,0.34813925570228094,833,2.2031601320821257,0.3362,0.7866616933321006,0.08291608528083423,,,0.8526740284521689,,0.8526881180663621,0.14731188193363787,0,0.3952267450639087,5,0.1,0.5,0.5869192422708202,0.5802316198706603,0.5913434831166301,0.5957434143862244,1.0,0.5859551144953058,0.5820674399431793,0.5856072588768759,0.6028126452015895,0.5783407960445512,0.5969826237252835,0.577404908498423
0,5,0.3371740425800442,0.89632,5000,2.2044651773240833,0.3289315726290516,833,2.2031653216852547,0.3362,0.7861789701552275,0.08286520506581944,,,0.8479442306969446,,0.8479544199588374,0.15204558004116264,0,0.39521737837250576,5,0.1,0.5,0.588058397726849,0.5887281596880866,0.5675251700341107,0.5859383908917349,0.5859551144953058,1.0,0.5808482336953867,0.5850672754071785,0.6012267547133928,0.5949492820355577,0.5915121211948293,0.5890198398271785
0,6,0.3439005619496297,0.89188,5000,2.1954543502242476,0.3457382953181273,833,2.2031546499782477,0.3363,0.7867867910315354,0.0829292708873061,,,0.8538997554243093,,0.8539079363485769,0.14609206365142313,0,0.39522872593203223,5,0.1,0.5,0.5824992286382362,0.5927719839458114,0.575887599375591,0.572927736225753,0.5820674399431793,0.5808482336953867,1.0,0.5953796071816903,0.5923100501828633,0.6006260405672821,0.6002953579245545,0.5889821291548933
0,7,0.3409999177880158,0.89228,5000,2.202879552487974,0.33133253301320525,833,2.2031274039905293,0.3363,0.7933611668586047,0.08362222633609188,,,0.9183165257776759,,0.9183324130314743,0.08166758696852572,0,0.3952966876409993,5,0.1,0.5,0.5982223219843227,0.5779444607604263,0.588979846534664,0.5869185204647638,0.5856072588768759,0.5850672754071785,0.5953796071816903,1.0,0.6056550266083253,0.6012280335270429,0.6046015040237341,0.597365570715458
0,8,0.3451967418383641,0.89328,5000,2.2125920807873762,0.32653061224489793,833,2.2031188864296616,0.3364,0.7996565824626647,0.08428577868842968,,,0.9799999999070406,,0.9800010039656644,0.019998996034335637,0,0.39530991956744993,5,0.1,0.5,0.5984212945336221,0.6016823425708742,0.5824503441416977,0.5929572841595546,0.6028126452015895,0.6012267547133928,0.5923100501828633,0.6056550266083253,1.0,0.5927580476447899,0.608837869278666,0.6075851685286561
0,9,0.34120414457788134,0.89436,5000,2.2013710074954562,0.34213685474189676,833,2.2031410585957976,0.3364,0.7905079404111123,0.08332148922196635,,,0.8903601634295566,,0.8903769891069725,0.1096230108930275,0,0.3952774439731225,5,0.1,0.5,0.5974149023831851,0.5910041732109017,0.5752040351482762,0.5843555867843998,0.5783407960445512,0.5949492820355577,0.6006260405672821,0.6012280335270429,0.5927580476447899,1.0,0.5908104464052965,0.5932082595823663
0,10,0.34084844905171235,0.89476,5000,2.214732779396905,0.32653061224489793,833,2.2031182503928775,0.3364,0.7988422024498018,0.08419994102381488,,,0.9720205762098179,,0.9720345364188545,0.02796546358114549,0,0.3953095424059065,5,0.1,0.5,0.600524275868979,0.5962034922847707,0.590214670524327,0.59327666584107,0.5969826237252835,0.5915121211948293,0.6002953579245545,0.6046015040237341,0.608837869278666,0.5908104464052965,1.0,0.6057114164359372
0,11,0.3365422935053042,0.89408,5000,2.197903836214984,0.3241296518607443,833,2.2031254996887792,0.3365,0.796065223428409,0.08390724057670707,,,0.9448112981578018,,0.9448220470859897,0.055177952914010286,0,0.3953057032062612,5,0.1,0.5,0.6039543636545214,0.6057069990455433,0.5898810055268254,0.5938043506368115,0.577404908498423,0.5890198398271785,0.5889821291548933,0.597365570715458,0.6075851685286561,0.5932082595823663,0.6057114164359372,1.0
1,0,0.32063355444378816,0.90292,5000,2.02889965640174,0.6966426858513189,834,2.0382116343647527,0.675,0.8108936754807434,0.08342967299289644,,,0.8783909327594912,,0.8783996787309875,0.12160032126901255,0.9605682771259184,0.4056504427841899,5,0.1,0.5,1.0,0.6187207945712866,0.6282216962652915,0.6269512289193464,0.6308990680261681,0.6299990779800266,0.6279925890828003,0.6215208555324955,0.6373136014171557,0.6297557315106966,0.6220673164502096,0.6212687439323851
1,1,0.30640111984151186,0.90764,5000,2.0483800967534385,0.6750599520383693,834,2.038316559106016,0.6748,0.8047666661742937,0.08303133809255027,,,0.8281965119034012,,0.8282114351689173,0.17178856483108274,0.9603615759050298,0.40555810692214805,5,0.1,0.5,0.6187207945712866,1.0,0.62657789685957,0.6142631503044254,0.633696328308024,0.6262964917499803,0.6180640660641068,0.6184255079801331,0.6228793486689792,0.6224853943344731,0.6221186413017256,0.6128944369217952
1,2,0.3001024081140377,0.90552,5000,2.047120213508606,0.6522781774580336,834,2.038586180050152,0.6745,0.8149822959592664,0.08280757508129145,,,0.8,,0.8,0.19999999999999996,0.9599976190211069,0.4054687252331028,5,0.1,0.5,0.6282216962652915,0.62657789685957,1.0,0.6291873014224533,0.6371371232770932,0.623726241633992,0.6277401901371134,0.6328563802971836,0.6431883410695771,0.6323563630818916,0.6342486802549294,0.6242023164760184
1,3,0.29309623832962695,0.913,5000,2.0406988815025047,0.670263788968825,834,2.0383588216556148,0.675,0.8107114195300802,0.08300459764972541,,,0.8248269325874471,,0.8248381105366196,0.1751618894633804,0.9602741521553699,0.4055488032114781,5,0.1,0.5,0.6269512289193464,0.6142631503044254,0.6291873014224533,1.0,0.6294368325647579,0.6273249292856334,0.6247675091205813,0.6276251008107933,0.6345421499572466,0.6324140668807904,0.6285366320188893,0.6206379597033226
1,4,0.28911694076600347,0.91076,5000,2.0360933895464295,0.6662665066026411,833,2.0382849469352453,0.6749,0.8170474124771243,0.08325408216128544,,,0.8562646262453141,,0.856282315144822,0.143717684855178,0.9604005435922496,0.4056183845940012,5,0.1,0.5,0.6308990680261681,0.633696328308024,0.6371371232770932,0.6294368325647579,1.0,0.6392102641175564,0.6266083893300195,0.6235981994463518,0.639951659860219,0.6362946014888406,0.6379394528322092,0.6224406721369447
1,5,0.30008790330771523,0.90932,5000,2.034475666505319,0.65906362545018,833,2.0383404382882406,0.675,0.8136073562545734,0.08310073225439778,,,0.8369409120594066,,0.8369559761056172,0.16304402389438277,0.9603238811296182,0.40557923879755126,5,0.1,0.5,0.6299990779800266,0.6262964917499803,0.623726241633992,0.6273249292856334,0.6392102641175564,1.0,0.6343019096178417,0.6170034233056102,0.6341435164300618,0.6362580387723521,0.630858954365878,0.6248212113561654
1,6,0.30013367467838675,0.90656,5000,2.0303539081856057,0.6938775510204082,833,2.0383525088953136,0.6751,0.8099302503724561,0.08301513266674991,,,0.8261544564318157,,0.8261784046985593,0.1738215953014407,0.9603053808717487,0.4055527125340637,5,0.1,0.5,0.6279925890828003,0.6180640660641068,0.6277401901371134,0.6247675091205813,0.6266083893300195,0.6343019096178417,1.0,0.6342991034213412,0.6381271614745269,0.6239338707191263,0.619668900164534,0.6124145092008234
1,7,0.3000100792759353,0.90608,5000,2.0365285255290844,0.6758703481392557,833,2.0382000276455865,0.675,0.8079697494867605,0.08340507400012992,,,0.8752911988559701,,0.8753074644847146,0.12469253551528536,0.9605473788481642,0.4056466970160737,5,0.1,0.5,0.6215208555324955,0.6184255079801331,0.6328563802971836,0.6276251008107933,0.6235981994463518,0.6170034233056102,0.6342991034213412,1.0,0.6343521753789213,0.6238783061817156,0.6160177745382546,0.6162440962497711
1,8,0.30526767920133224,0.90828,5000,2.0518782094672874,0.6722689075630253,833,2.0381403750124067,0.6749,0.819241136354325,0.0842360263073288,,,0.9799999998739894,,0.9800010039656644,0.019998996034335637,0.9607401610816442,0.40569639815741115,5,0.1,0.5,0.6373136014171557,0.6228793486689792,0.6431883410695771,0.6345421499572466,0.639951659860219,0.6341435164300618,0.6381271614745269,0.6343521753789213,1.0,0.6313438391716141,0.6321127843999462,0.6248059823775325
1,9,0.3036595688397243,0.90488,5000,2.034567051463657,0.6962785114045619,833,2.038220899173627,0.675,0.8129188481400237,0.08337845630315435,,,0.8719370868184599,,0.8719491993373827,0.12805080066261731,0.9605072559736069,0.40564226628866634,5,0.1,0.5,0.6297557315106966,0.6224853943344731,0.6323563630818916,0.6324140668807904,0.6362946014888406,0.6362580387723521,0.6239338707191263,0.6238783061817156,0.6313438391716141,1.0,0.6227164067109633,0.623971454402342
1,10,0.30678855663485777,0.90744,5000,2.045431216557821,0.6710684273709484,833,2.0381609266177536,0.675,0.8106180545277041,0.08387920126841117,,,0.9350362616731503,,0.9350584809999498,0.06494151900005019,0.9607201971171528,0.40568910772478806,5,0.1,0.5,0.6220673164502096,0.6221186413017256,0.6342486802549294,0.6285366320188893,0.6379394528322092,0.630858954365878,0.619668900164534,0.6160177745382546,0.6321127843999462,0.6227164067109633,1.0,0.622743680871842
1,11,0.30115159316237566,0.90504,5000,2.0332915915383234,0.673469387755102,833,2.038192688466642,0.6748,0.8040785971229714,0.08345811122207895,,,0.8819744511575739,,0.8819838361528036,0.11801616384719638,0.9606028120929895,0.4056545803662472,5,0.1,0.5,0.6212687439323851,0.6128944369217952,0.6242023164760184,0.6206379597033226,0.6224406721369447,0.6248212113561654,0.6124145092008234,0.6162440962497711,0.6248059823775325,0.623971454402342,0.622743680871842,1.0
2,0,0.28609906859862005,0.91424,5000,1.8232517993008648,0.8597122302158273,834,1.8353578625395657,0.8432,0.8117345040211055,0.08339539330169342,,,0.8884391059062547,,0.8884493750313739,0.11155062496862611,0.9682346756064499,0.4058502447028534,5,0.1,0.5,1.0,0.6294234259496868,0.6310691349537516,0.6307827396663203,0.6326989254070712,0.6316292476641779,0.6290900869218328,0.6336779044336698,0.6252454793673883,0.6242204006431581,0.6227448882681927,0.6165440565005282
2,1,0.2774751254565017,0.91596,5000,1.8516051239437528,0.8321342925659473,834,1.835554002572934,0.8431,0.8113262058698377,0.08311786095692862,,,0.8408047336690944,,0.84082626374178,0.15917373625821996,0.9679280907169752,0.4057658738232486,5,0.1,0.5,0.6294234259496868,1.0,0.6249596775246957,0.6243471290627358,0.639419450817021,0.630112208062725,0.6234714312057666,0.6275592530496857,0.6249893439015141,0.6282651744702934,0.6259668516936753,0.6262932131125132
2,2,0.2733051313799183,0.91652,5000,1.8476462805712666,0.8333333333333334,834,1.836010370010766,0.8426,0.8087447057562277,0.0828801201642862,,,0.8,,0.8,0.19999999999999996,0.9676089483189222,0.40563314004671086,5,0.1,0.5,0.6310691349537516,0.6249596775246957,1.0,0.6243042554252752,0.6316530267961236,0.6162356923817653,0.615486391419803,0.6299170195689797,0.6287369187064125,0.625186217685883,0.6258570760181774,0.627141199208433
2,3,0.26930832038069985,0.92084,5000,1.8354094293382432,0.8225419664268585,834,1.8355967057779574,0.8428,0.8138614809259213,0.08318839365157425,,,0.8529106402238323,,0.85292404999749,0.14707595000250995,0.9679540025306399,0.40579316327809434,5,0.1,0.5,0.6307827396663203,0.6243471290627358,0.6243042554252752,1.0,0.6372321457603797,0.6290946798886426,0.6228675777016803,0.6284533620386723,0.6335445860416721,0.6322962387882195,0.6355295561258818,0.6309942951336934
2,4,0.2615251816714266,0.92036,5000,1.8349957642731842,0.8571428571428571,833,1.8354416609572146,0.8427,0.8193739830327322,0.08354511659006747,,,0.9141369209015681,,0.9141508960393555,0.08584910396064449,0.968183324649841,0.40587314210113995,5,0.1,0.5,0.6326989254070712,0.639419450817021,0.6316530267961236,0.6372321457603797,1.0,0.6423165820852774,0.6321923931411515,0.6326189483592835,0.6300718099760149,0.6370513325357481,0.6317447512966409,0.63528169773661
2,5,0.26618520565520803,0.92148,5000,1.8268715363961678,0.8427370948379351,833,1.8355653704926609,0.8431,0.8116044350965705,0.08317341565079273,,,0.8503398852179596,,0.8503589177250138,0.14964108227498618,0.9680264648076976,0.405787836859096,5,0.1,0.5,0.6316292476641779,0.630112208062725,0.6162356923817653,0.6290946798886426,0.6423165820852774,1.0,0.628018962304763,0.6243337168058651,0.6289828013030307,0.6257321480196997,0.6266474972412565,0.6240470281666225
2,6,0.27344514637782125,0.9182,5000,1.8279768934956304,0.8559423769507803,833,1.8356340068597763,0.843,0.8080226153277525,0.08299220609163177,,,0.8192379118558277,,0.8192510416143768,0.18074895838562322,0.967812345413496,0.4057044487821725,5,0.1,0.5,0.6290900869218328,0.6234714312057666,0.615486391419803,0.6228675777016803,0.6321923931411515,0.628018962304763,1.0,0.6319633779727978,0.6255391547614185,0.6233603020533689,0.6211981644639819,0.6194674313132883
2,7,0.26810602333728867,0.91744,5000,1.8323019963723641,0.8427370948379351,833,1.8353393062615928,0.843,0.8134487394531031,0.08343877517050419,,,0.8958849698794327,,0.8958988002610311,0.10410119973896892,0.9682445419633612,0.40585825692544336,5,0.1,0.5,0.6336779044336698,0.6275592530496857,0.6299170195689797,0.6284533620386723,0.6326189483592835,0.6243337168058651,0.6319633779727978,1.0,0.6366506217052345,0.623477069425133,0.6349419980686514,0.6200991234149446
2,8,0.2754156804590183,0.91692,5000,1.853772000030235,0.843937575030012,833,1.8352484310777804,0.8428,0.8117462117544817,0.08392885492584264,,,0.9799999998283646,,0.9800010039656644,0.019998996034335637,0.9683999167038905,0.4058910121494975,5,0.1,0.5,0.6252454793673883,0.6249893439015141,0.6287369187064125,0.6335445860416721,0.6300718099760149,0.6289828013030307,0.6255391547614185,0.6366506217052345,1.0,0.6221546895235092,0.6241678733717068,0.6234663800006328
2,9,0.26877337187576067,0.91816,5000,1.829612546496921,0.8475390156062425,833,1.8353894213898876,0.8429,0.8108834691655491,0.0833319254979992,,,0.8775457846654183,,0.8775613674012349,0.12243863259876508,0.9681930920039566,0.4058364730334486,5,0.1,0.5,0.6242204006431581,0.6282651744702934,0.625186217685883,0.6322962387882195,0.6370513325357481,0.6257321480196997,0.6233603020533689,0.623477069425133,0.6221546895235092,1.0,0.628871208196043,0.6283670781117019
2,10,0.2713912251767269,0.92016,5000,1.8376502593358357,0.8415366146458584,833,1.8352801765496738,0.8431,0.8117444004718474,0.08369290633364487,,,0.9395028711815856,,0.9395211083780934,0.06047889162190656,0.9683699640342318,0.40588485576018835,5,0.1,0.5,0.6227448882681927,0.6259668516936753,0.6258570760181774,0.6355295561258818,0.6317447512966409,0.6266474972412565,0.6211981644639819,0.6349419980686514,0.6241678733717068,0.628871208196043,1.0,0.6274378965458289
2,11,0.27025288789278,0.9158,5000,1.8312531797974199,0.8343337334933973,833,1.8353379568733728,0.8432,0.8088844737137653,0.08331503166503464,,,0.8746462050555953,,0.8746548868028713,0.1253451131971287,0.9682118118713104,0.405832126085535,5,0.1,0.5,0.6165440565005282,0.6262932131125132,0.627141199208433,0.6309942951336934,0.63528169773661,0.6240470281666225,0.6194674313132883,0.6200991234149446,0.6234663800006328,0.6283670781117019,0.6274378965458289,1.0
3,0,0.26000098810074435,0.92104,5000,1.5871977673636541,0.9244604316546763,834,1.6026768082627854,0.9019,0.808280444271539,0.08348534343233403,,,0.9314834397625773,,0.931499422719743,0.06850057728025705,0.9707012282028143,0.40254628258056796,5,0.1,0.5,1.0,0.6091329871069199,0.6082052268123278,0.615232416017801,0.6263940514158758,0.6254761186648018,0.6256231063398371,0.6195213543898022,0.6200676821788743,0.6219297602800142,0.6193409113350612,0.6177863599166746
3,1,0.25349265021645717,0.92524,5000,1.6238931285010443,0.89568345323741,834,1.6030340678394792,0.9015,0.7975787301186242,0.08292797632751582,,,0.846057047845141,,0.8460770041664575,0.15392299583354252,0.9704122142039083,0.40243838681794225,5,0.1,0.5,0.6091329871069199,1.0,0.5987409924001941,0.5951581063249043,0.6177734445386971,0.616450870949709,0.613527838468797,0.6061951746530121,0.6131816506722015,0.6154901471140775,0.6153298189846066,0.6055870504669975
3,2,0.25235706062358654,0.92352,5000,1.6182587853184454,0.907673860911271,834,1.6037333956160866,0.901,0.7934830868678004,0.08262747571128085,,,0.8,,0.8,0.19999999999999996,0.9700206019936717,0.4022810214799836,5,0.1,0.5,0.6082052268123278,0.5987409924001941,1.0,0.5987012199691044,0.614361830504168,0.6040240453877396,0.6012833602227553,0.6081005073086349,0.6072009868904594,0.6164505840382848,0.6074849334332298,0.6036050460602034
3,3,0.24713630170863904,0.9274,5000,1.599338663948907,0.8896882494004796,834,1.6030808595803598,0.9015,0.7977984628748542,0.08298240015256564,,,0.8543984640646506,,0.8544048993524421,0.14559510064755787,0.9704760372704806,0.4024575180721938,5,0.1,0.5,0.615232416017801,0.5951581063249043,0.5987012199691044,1.0,0.6148455724427951,0.6122774903457869,0.6122695356827746,0.6154690693134619,0.6119370244198429,0.6132386937296314,0.6109828717238323,0.608242318225964
3,4,0.23218804048967495,0.929,5000,1.6037430895699396,0.9135654261704682,833,1.6027786061405755,0.9019,0.8139904993654586,0.08378382317468991,,,0.9772307528520799,,0.977245118216957,0.02275488178304297,0.9707537808104881,0.40255559827895115,5,0.1,0.5,0.6263940514158758,0.6177734445386971,0.614361830504168,0.6148455724427951,1.0,0.6308518579879242,0.6299415004030489,0.626356225539036,0.6237402176013488,0.6300911791707314,0.6252772464549263,0.6235964264012768
3,5,0.24478843756803093,0.9276,5000,1.5898036382816456,0.9159663865546218,833,1.6029498040104826,0.9016,0.808573281253821,0.08334840800026581,,,0.9104956566908466,,0.9105115205059987,0.0894884794940013,0.9705603463956265,0.4025345724864798,5,0.1,0.5,0.6254761186648018,0.616450870949709,0.6040240453877396,0.6122774903457869,0.6308518579879242,1.0,0.6293531661620987,0.6135764731971065,0.6193487527585032,0.6220776861928129,0.6199871460177396,0.6191183332826283
3,6,0.24290424024057428,0.92856,5000,1.5954357827151264,0.9027611044417767,833,1.6030488238928797,0.9016,0.8092326724552483,0.08325128760143943,,,0.8956102334543496,,0.89562772953165,0.10437227046834996,0.9703429849621639,0.4025219002173714,5,0.1,0.5,0.6256231063398371,0.613527838468797,0.6012833602227553,0.6122695356827746,0.6299415004030489,0.6293531661620987,1.0,0.6183580321660886,0.6236350178753854,0.6296513701618923,0.6173493266249471,0.6186807436118676
3,7,0.24811004800188124,0.92404,5000,1.5988139885443229,0.9015606242496998,833,1.6026717001637711,0.9018,0.8056752708542826,0.08342320661210516,,,0.9219598702668381,,0.921976808393153,0.07802319160684701,0.9707084688978099,0.4025417327941367,5,0.1,0.5,0.6195213543898022,0.6061951746530121,0.6081005073086349,0.6154690693134619,0.626356225539036,0.6135764731971065,0.6183580321660886,1.0,0.6230582981991752,0.6176860549585994,0.6133785255582769,0.6215875921497815
3,8,0.2540314907282235,0.92444,5000,1.625667691230774,0.9039615846338536,833,1.602545326129316,0.9016,0.8072173232019387,0.08380189121133867,,,0.9799999998467323,,0.9800010039656644,0.019998996034335637,0.9708073444121849,0.4025556969068334,5,0.1,0.5,0.6200676821788743,0.6131816506722015,0.6072009868904594,0.6119370244198429,0.6237402176013488,0.6193487527585032,0.6236350178753854,0.6230582981991752,1.0,0.6225770576917253,0.6085077180561578,0.6227817387586736
3,9,0.24761928881097373,0.92316,5000,1.596053542914214,0.8991596638655462,833,1.6027119788118065,0.9019,0.8100829646599308,0.08350616012605494,,,0.9346739671920843,,0.9346819938758094,0.06531800612419059,0.9706599068578416,0.4025476273237496,5,0.1,0.5,0.6219297602800142,0.6154901471140775,0.6164505840382848,0.6132386937296314,0.6300911791707314,0.6220776861928129,0.6296513701618923,0.6176860549585994,0.6225770576917253,1.0,0.6147550917477856,0.6225286460872919
3,10,0.24987188017553394,0.92676,5000,1.6006850534015231,0.879951980792317,833,1.6025879463067831,0.9017,0.8041671393436981,0.08353905510117807,,,0.939715705415762,,0.9397269213392901,0.060273078660709856,0.9707818275593305,0.4025494500952721,5,0.1,0.5,0.6193409113350612,0.6153298189846066,0.6074849334332298,0.6109828717238323,0.6252772464549263,0.6199871460177396,0.6173493266249471,0.6133785255582769,0.6085077180561578,0.6147550917477856,1.0,0.6152701697405215
3,11,0.24421345598871114,0.92504,5000,1.5999927918116252,0.885954381752701,833,1.602690913806708,0.9018,0.8051535655834576,0.08332297254923152,,,0.9065972228043306,,0.9066161337282265,0.09338386627177353,0.9706311442483956,0.4025317951599096,5,0.1,0.5,0.6177863599166746,0.6055870504669975,0.6036050460602034,0.608242318225964,0.6235964264012768,0.6191183332826283,0.6186807436118676,0.6215875921497815,0.6227817387586736,0.6225286460872919,0.6152701697405215,1.0
4,0,0.24173808855829154,0.92796,5000,1.3349932123113561,0.9376498800959233,834,1.353718376007324,0.9261,0.7945795316544766,0.08336943561254098,,,0.9023692157310568,,0.9023844184528889,0.09761558154711114,0.9703376934078043,0.39818962488882287,5,0.1,0.5,1.0,0.5902534691734888,0.5963669924316671,0.5963056600963081,0.6026834830251228,0.5992183813477895,0.6077173036796202,0.6012716959879076,0.6063225766294463,0.5959063624066371,0.5926959304222675,0.6044553509779416
4,1,0.23744790152094927,0.93036,5000,1.3791445184637,0.920863309352518,834,1.3541346281862106,0.9262,0.7915205342967678,0.08289148424480046,,,0.8170367454593426,,0.8170573766377189,0.18294262336228106,0.9698791256266689,0.39800030935890274,5,0.1,0.5,0.5902534691734888,1.0,0.6039193620837635,0.5896336936190556,0.6038757293408274,0.5972097625877409,0.6030332318521163,0.5916260427885678,0.5918328976311126,0.6004364651038445,0.5904786104631392,0.6045158494635294
4,2,0.22797262912533087,0.93116,5000,1.3728776949423331,0.9280575539568345,834,1.3550120938700227,0.9261,0.794505009838397,0.08279606059459776,,,0.8,,0.8,0.19999999999999996,0.9695582725121614,0.3979256609787339,5,0.1,0.5,0.5963669924316671,0.6039193620837635,1.0,0.5997018030633088,0.6080496934445806,0.5862628491248794,0.5943156645193312,0.6040834940240127,0.6030293188733038,0.5986680420896143,0.5910779998062117,0.6112204297824833
4,3,0.22558207249173978,0.9328,5000,1.3478432099024455,0.9136690647482014,834,1.3541981191299974,0.9262,0.7956684678611572,0.08307294387031698,,,0.8494341798952064,,0.8494453089704332,0.15055469102956676,0.970055826635582,0.39810271040609324,5,0.1,0.5,0.5963056600963081,0.5896336936190556,0.5997018030633088,1.0,0.605844073205688,0.5976053218537174,0.60249938444787,0.6004182661149348,0.6079367623448101,0.6032252946764151,0.5978849954294216,0.6049528919950141
4,4,0.21704439811889012,0.93484,5000,1.356679501356902,0.9315726290516206,833,1.3537990258524593,0.926,0.8013255002474795,0.08380424945675097,,,0.979999999821462,,0.9800010039656644,0.019998996034335637,0.9704204074312052,0.3982205900766564,5,0.1,0.5,0.6026834830251228,0.6038757293408274,0.6080496934445806,0.605844073205688,1.0,0.5993697311014182,0.6108963843460405,0.6041530818473745,0.6062236648493757,0.6106736826212237,0.5961139529805972,0.6085312954398973
4,5,0.22336988028073623,0.93252,5000,1.3370689727641918,0.9471788715486195,833,1.3539960087297824,0.9262,0.7939435146692929,0.08325605665533378,,,0.8821267660838078,,0.8821444706591035,0.11785552934089649,0.970275638742586,0.3981656767400887,5,0.1,0.5,0.5992183813477895,0.5972097625877409,0.5862628491248794,0.5976053218537174,0.5993697311014182,1.0,0.6146120248659177,0.5956902579949259,0.5982353338921487,0.6015659317714637,0.5970144982968718,0.6010001667185375
4,6,0.2194370368821843,0.93468,5000,1.345499250623915,0.929171668667467,833,1.3541169650257585,0.9262,0.8011671951235022,0.0834443939283383,,,0.9157521217882794,,0.91577230058732,0.08422769941268005,0.9702948975352992,0.3982010206356934,5,0.1,0.5,0.6077173036796202,0.6030332318521163,0.5943156645193312,0.60249938444787,0.6108963843460405,0.6146120248659177,1.0,0.6058320577002161,0.6137656288989107,0.603701407905467,0.5934107811158028,0.6074347703850849
4,7,0.22474227921598278,0.93224,5000,1.3500090219356395,0.9279711884753902,833,1.3537097201941493,0.9261,0.796701533630295,0.0834024010658428,,,0.9082548010724477,,0.908272677074444,0.09172732292555597,0.97033594063667,0.3981951474468371,5,0.1,0.5,0.6012716959879076,0.5916260427885678,0.6040834940240127,0.6004182661149348,0.6041530818473745,0.5956902579949259,0.6058320577002161,1.0,0.6109809010318927,0.5939689383147143,0.599010386324047,0.6067827316782108
4,8,0.23291902107773882,0.93016,5000,1.3808669999793723,0.929171668667467,833,1.3535347586622635,0.926,0.7999184045543569,0.08376699785389656,,,0.9733491740100938,,0.9733597710958285,0.026640228904171503,0.9704174664790383,0.39822014241061343,5,0.1,0.5,0.6063225766294463,0.5918328976311126,0.6030293188733038,0.6079367623448101,0.6062236648493757,0.5982353338921487,0.6137656288989107,0.6109809010318927,1.0,0.5971782788544888,0.5952095478237573,0.6120938477555707
4,9,0.22972211111811505,0.9302,5000,1.3462191466931943,0.929171668667467,833,1.3537515180941206,0.926,0.7958377617729893,0.08342734552424197,,,0.9127083342108785,,0.912725264795944,0.08727473520405604,0.970361522091521,0.3981988187513122,5,0.1,0.5,0.5959063624066371,0.6004364651038445,0.5986680420896143,0.6032252946764151,0.6106736826212237,0.6015659317714637,0.603701407905467,0.5939689383147143,0.5971782788544888,1.0,0.5900689788953887,0.6098452040197496
4,10,0.23268862841354243,0.931,5000,1.3482555283440485,0.9015606242496998,833,1.3536187337991148,0.9259,0.7894039809153933,0.08322393734662217,,,0.8763922496857516,,0.8764068068872044,0.1235931931127956,0.9702819395566599,0.3981569432625951,5,0.1,0.5,0.5926959304222675,0.5904786104631392,0.5910779998062117,0.5978849954294216,0.5961139529805972,0.5970144982968718,0.5934107811158028,0.599010386324047,0.5952095478237573,0.5900689788953887,1.0,0.6005660172442502
4,11,0.22209815086476553,0.93332,5000,1.3528232839372423,0.9183673469387755,833,1.353720795232267,0.926,0.8026694700473136,0.08354469384671728,,,0.9336594663028293,,0.9336730083831133,0.06632699161688671,0.9703381149459495,0.3982107916627098,5,0.1,0.5,0.6044553509779416,0.6045158494635294,0.6112204297824833,0.6049528919950141,0.6085312954398973,0.6010001667185375,0.6074347703850849,0.6067827316782108,0.6120938477555707,0.6098452040197496,0.6005660172442502,1.0
5,0,0.22317105458491737,0.93356,5000,1.0831600427627563,0.9460431654676259,834,1.1051924190582179,0.9378,0.7827151312362218,0.0833386972243471,,,0.98,,0.9800010039656644,0.019998996034335637,0.9694300712688407,0.3916248740438494,5,0.1,0.5,1.0,0.5663017811405009,0.5848861772921033,0.5793707734428052,0.5735130414815849,0.585488993026289,0.5835310023930104,0.5729655005299519,0.5814946791865111,0.5779765953794312,0.5730251196860164,0.5779966434213891
5,1,0.2168276784965282,0.93724,5000,1.1330973969565497,0.9256594724220624,834,1.1055998889782939,0.9377,0.7767103635012229,0.0828074865578083,,,0.98,,0.9800010039656644,0.019998996034335637,0.9688560087515236,0.3916248740438494,5,0.1,0.5,0.5663017811405009,1.0,0.5815007837981093,0.5662188099401704,0.5741195250569282,0.578074310445434,0.5727824288127056,0.5624295002702592,0.5739123641447009,0.5763692836042149,0.5759301390064294,0.5749625777554557
5,2,0.20646061257349482,0.937,5000,1.1278850060922128,0.9388489208633094,834,1.106501915584357,0.9373,0.7878586545983601,0.08313620400179836,,,0.98,,0.9800010039656644,0.019998996034335637,0.9686727857266816,0.3916248740438494,5,0.1,0.5,0.5848861772921033,0.5815007837981093,1.0,0.5816483104253906,0.5785535156084414,0.5793128834619933,0.5748649242572621,0.582555508703691,0.583704323939698,0.5896693866165361,0.5841106799010842,0.5869681920423678
5,3,0.20656214486333024,0.94004,5000,1.096657885445489,0.9304556354916067,834,1.1056696170816025,0.9378,0.7816127068258953,0.08310151383467862,,,0.98,,0.9800010039656644,0.019998996034335637,0.9691630785498746,0.3916248740438494,5,0.1,0.5,0.5793707734428052,0.5662188099401704,0.5816483104253906,1.0,0.5726135572015587,0.5810089945457739,0.5729536551854937,0.5781818573422458,0.5792094894011606,0.5779073276763885,0.5802479561664704,0.5783344054828617
5,4,0.19970993890788905,0.94132,5000,1.1094033563578571,0.943577430972389,833,1.10527732006658,0.9377,0.7811311329006283,0.0835738276248578,,,0.98,,0.9800010039656644,0.019998996034335637,0.9694920107324783,0.3916248740438494,5,0.1,0.5,0.5735130414815849,0.5741195250569282,0.5785535156084414,0.5726135572015587,1.0,0.5772179730780215,0.5704441681990364,0.5777954093440656,0.5795800933245843,0.5873296333679595,0.5719815192847393,0.5762762266233284
5,5,0.20186987618862348,0.94164,5000,1.0853923603340432,0.9531812725090036,833,1.105469725002496,0.9378,0.7855269404680206,0.08336185330003494,,,0.98,,0.9800010039656644,0.019998996034335637,0.9693415589245555,0.3916248740438494,5,0.1,0.5,0.585488993026289,0.578074310445434,0.5793128834619933,0.5810089945457739,0.5772179730780215,1.0,0.5810337587797012,0.5719011608546077,0.5799476213321986,0.5839613761751247,0.5811393477145468,0.5844664526215171
5,6,0.2046821155959064,0.93824,5000,1.0959993689148515,0.9399759903961584,833,1.1055842257155397,0.9378,0.7814767554173122,0.08334524084488827,,,0.98,,0.9800010039656644,0.019998996034335637,0.9694576871504065,0.3916248740438494,5,0.1,0.5,0.5835310023930104,0.5727824288127056,0.5748649242572621,0.5729536551854937,0.5704441681990364,0.5810337587797012,1.0,0.5741032387936663,0.5829326096530776,0.5844271732678863,0.5721991669785644,0.5752172289446864
5,7,0.21251445974573302,0.93492,5000,1.1017865339914958,0.9471788715486195,833,1.1051843705268714,0.9378,0.7815486944117891,0.08331967917800744,,,0.98,,0.9800010039656644,0.019998996034335637,0.9694450010046453,0.3916248740438494,5,0.1,0.5,0.5729655005299519,0.5624295002702592,0.582555508703691,0.5781818573422458,0.5777954093440656,0.5719011608546077,0.5741032387936663,1.0,0.5850756029819164,0.5783679414631233,0.5822812896750478,0.5796862866612521
5,8,0.2145218130390925,0.93516,5000,1.134919939217744,0.936374549819928,833,1.1050064796076033,0.9379,0.786476143788787,0.08373711622277,,,0.98,,0.9800010039656644,0.019998996034335637,0.9694886715506176,0.3916248740438494,5,0.1,0.5,0.5814946791865111,0.5739123641447009,0.583704323939698,0.5792094894011606,0.5795800933245843,0.5799476213321986,0.5829326096530776,0.5850756029819164,1.0,0.5812666238548243,0.5780434118718935,0.5847060951416365
5,9,0.2130853878156205,0.93632,5000,1.0977309920169689,0.9327731092436975,833,1.1052213772036397,0.9376,0.7863985533188816,0.0835071437520703,,,0.98,,0.9800010039656644,0.019998996034335637,0.9694497629488743,0.3916248740438494,5,0.1,0.5,0.5779765953794312,0.5763692836042149,0.5896693866165361,0.5779073276763885,0.5873296333679595,0.5839613761751247,0.5844271732678863,0.5783679414631233,0.5812666238548243,1.0,0.5744727644737888,0.579124114721178
5,10,0.21243022196469413,0.93816,5000,1.0991498695479498,0.9255702280912365,833,1.105101043804766,0.9378,0.7823829743408145,0.08322965727261018,,,0.98,,0.9800010039656644,0.019998996034335637,0.9693099998164112,0.3916248740438494,5,0.1,0.5,0.5730251196860164,0.5759301390064294,0.5841106799010842,0.5802479561664704,0.5719815192847393,0.5811393477145468,0.5721991669785644,0.5822812896750478,0.5780434118718935,0.5744727644737888,1.0,0.5808179893505561
5,11,0.2070326112631922,0.93736,5000,1.1057766146130033,0.9303721488595438,833,1.1051903041406943,0.9377,0.7851468949642683,0.08354158018612894,,,0.98,,0.9800010039656644,0.019998996034335637,0.969473903129895,0.3916248740438494,5,0.1,0.5,0.5779966434213891,0.5749625777554557,0.5869681920423678,0.5783344054828617,0.5762762266233284,0.5844664526215171,0.5752172289446864,0.5796862866612521,0.5847060951416365,0.579124114721178,0.5808179893505561,1.0
6,0,0.20233968826556567,0.9394,5000,0.8477437165048387,0.9496402877697842,834,0.8732327013350905,0.9463,0.7720358418688268,0.08340084122103965,,,0.98,,0.9800010039656644,0.019998996034335637,0.967525491958282,0.385117874567463,5,0.1,0.5,1.0,0.5522086043975344,0.5542060340116483,0.5606815178346735,0.5658757682493272,0.5561578238337703,0.5624879459827012,0.5542985588525187,0.5620805896789806,0.5592120687017361,0.5508790778150237,0.5575918634455028
6,1,0.20303824550122213,0.94048,5000,0.9020252823829651,0.9376498800959233,834,0.8736104034006406,0.9463,0.7706026880443387,0.08299273128853374,,,0.98,,0.9800010039656644,0.019998996034335637,0.967525491958282,0.385117874567463,5,0.1,0.5,0.5522086043975344,1.0,0.5560173007921757,0.5490939978618994,0.5624330565006214,0.5571107004983787,0.5626863117202586,0.5461989429692647,0.5574549354980624,0.5589940469787958,0.5608189320902179,0.5622749165606733
6,2,0.19334540013164567,0.94208,5000,0.8979623361870095,0.9436450839328537,834,0.8744701143270864,0.9463,0.7632004486310875,0.08295177893775917,,,0.98,,0.9800010039656644,0.019998996034335637,0.967525491958282,0.385117874567463,5,0.1,0.5,0.5542060340116483,0.5560173007921757,1.0,0.5520704059156741,0.5622635209777638,0.5370989572416793,0.5516119932597224,0.5469541100430179,0.5477296565101382,0.555587261337021,0.5433748043056571,0.5482933774161318
6,3,0.19426974188714366,0.94328,5000,0.8632076934531883,0.9424460431654677,834,0.8736796866590604,0.946,0.7694488873361525,0.08314968179175455,,,0.98,,0.9800010039656644,0.019998996034335637,0.967525491958282,0.385117874567463,5,0.1,0.5,0.5606815178346735,0.5490939978618994,0.5520704059156741,1.0,0.5593845699434421,0.5542832243698086,0.5529879504177916,0.5547483693229397,0.554664490304132,0.5596463257786227,0.5561576989598619,0.559334266657487
6,4,0.18220829953065817,0.94652,5000,0.8794148520187095,0.9459783913565426,833,0.8733155542669205,0.9463,0.7784041414897167,0.08378450669691202,,,0.98,,0.9800010039656644,0.019998996034335637,0.967525491958282,0.385117874567463,5,0.1,0.5,0.5658757682493272,0.5624330565006214,0.5622635209777638,0.5593845699434421,1.0,0.5642824120040223,0.5670355080563492,0.5662308340366596,0.5687766422510538,0.5720400979314708,0.5525928408845608,0.5524351743736898
6,5,0.1937534704406977,0.94264,5000,0.8528359620659439,0.9567827130852341,833,0.8734918050110911,0.946,0.7659094859422788,0.08319950156017998,,,0.98,,0.9800010039656644,0.019998996034335637,0.967525491958282,0.385117874567463,5,0.1,0.5,0.5561578238337703,0.5571107004983787,0.5370989572416793,0.5542832243698086,0.5642824120040223,1.0,0.5575807256264591,0.5471877891797984,0.5523735891596406,0.549727940190934,0.54793236936067,0.5552419111492886
6,6,0.19018639734335197,0.94192,5000,0.8627902291439198,0.9543817527010804,833,0.8735896198513409,0.9463,0.7730736306198195,0.08344198865052298,,,0.98,,0.9800010039656644,0.019998996034335637,0.967525491958282,0.385117874567463,5,0.1,0.5,0.5624879459827012,0.5626863117202586,0.5516119932597224,0.5529879504177916,0.5670355080563492,0.5575807256264591,1.0,0.5561088642770443,0.5601605088743182,0.5654491752349604,0.5515539982579656,0.5576067721009662
6,7,0.19799299649834917,0.93892,5000,0.8696578564467253,0.9555822328931572,833,0.8732265056893468,0.9463,0.7672177345693278,0.08321745094125074,,,0.98,,0.9800010039656644,0.019998996034335637,0.967525491958282,0.385117874567463,5,0.1,0.5,0.5542985588525187,0.5461989429692647,0.5469541100430179,0.5547483693229397,0.5662308340366596,0.5471877891797984,0.5561088642770443,1.0,0.5547295823424971,0.5584724456432841,0.5495862649536133,0.5567020057322755
6,8,0.19736391652055132,0.94188,5000,0.9043633959911488,0.9495798319327731,833,0.8730572296407657,0.9465,0.7706681765492089,0.08362044768410905,,,0.98,,0.9800010039656644,0.019998996034335637,0.967525491958282,0.385117874567463,5,0.1,0.5,0.5620805896789806,0.5574549354980624,0.5477296565101382,0.554664490304132,0.5687766422510538,0.5523735891596406,0.5601605088743182,0.5547295823424971,1.0,0.5560976921275048,0.5469973300154188,0.5598704061017159
6,9,0.19435450499699375,0.94136,5000,0.8660837191122549,0.9411764705882353,833,0.8732552120860774,0.9462,0.7743736642422493,0.08359693762606231,,,0.98,,0.9800010039656644,0.019998996034335637,0.967525491958282,0.385117874567463,5,0.1,0.5,0.5592120687017361,0.5589940469787958,0.555587261337021,0.5596463257786227,0.5720400979314708,0.549727940190934,0.5654491752349604,0.5584724456432841,0.5560976921275048,1.0,0.5553081300726129,0.5659034097925598
6,10,0.19794497963657995,0.9424,5000,0.8699938511406934,0.9375750300120048,833,0.8731549614534592,0.9462,0.7655790510023687,0.08309886840402543,,,0.98,,0.9800010039656644,0.019998996034335637,0.967525491958282,0.385117874567463,5,0.1,0.5,0.5508790778150237,0.5608189320902179,0.5433748043056571,0.5561576989598619,0.5525928408845608,0.54793236936067,0.5515539982579656,0.5495862649536133,0.5469973300154188,0.5553081300726129,1.0,0.5615164982131762
6,11,0.19463440933187676,0.94076,5000,0.8750249611006843,0.9411764705882353,833,0.8732262320411853,0.9462,0.7722599992960558,0.08354526519785045,,,0.98,,0.9800010039656644,0.019998996034335637,0.967525491958282,0.385117874567463,5,0.1,0.5,0.5575918634455028,0.5622749165606733,0.5482933774161318,0.559334266657487,0.5524351743736898,0.5552419111492886,0.5576067721009662,0.5567020057322755,0.5598704061017159,0.5659034097925598,0.5615164982131762,1.0
7,0,0.19475192815706038,0.94116,5000,0.64825748735004,0.9568345323741008,834,0.6754771643362868,0.9522,0.7581190545669432,0.0835356148726354,,,0.9186038893272015,,0.9186235630741428,0.08137643692585717,0.9653100102846203,0.37684856774566666,5,0.1,0.5,1.0,0.5278699324797962,0.5335570193968421,0.5327446403312716,0.5382066392659891,0.5324471542327376,0.53507048616571,0.5235895600160944,0.5386092667962697,0.5303636525206745,0.5349125104456338,0.5292475548943378
