round,client_id,client_i_training_loss,client_i_training_accuracy,client_i_training_dataset_size,client_i_evaluation_loss,client_i_evaluation_accuracy,client_i_evaluation_dataset_size,client_i_central_evaluation_loss,client_i_central_evaluation_accuracy,client_i_cosine_similarity,client_i_importance_coefficient,client_i_tanh_val,tanh_normalization_value,client_i_q,client_i_mask_order,client_i_v_nonzero_fraction,client_i_v_sparsity,client_i_v_cosine_similarity,client_i_reward_gradient_norm,local_epochs,learning_rate,gamma,client_0_cosine_similarity,client_1_cosine_similarity,client_2_cosine_similarity,client_3_cosine_similarity,client_4_cosine_similarity,client_5_cosine_similarity,client_6_cosine_similarity,client_7_cosine_similarity,client_8_cosine_similarity,client_9_cosine_similarity,client_10_cosine_similarity,client_11_cosine_similarity
0,0,0.3499635353079362,0.89096,5000,2.1948770152197943,0.3441247002398082,834,2.195457527050957,0.3501,0.7927451356061911,0.08328176839349097,,,0.8465865293062098,,0.846604086140254,0.15339591385974605,0,0.39654729008601286,5,0.1,0.5,1.0,0.5987786616731541,0.6019078976455361,0.5968554118880646,0.6034077641978616,0.587475023555814,0.5960864516940084,0.593823821230095,0.5915657333552012,0.5852441604844676,0.5917769521051502,0.5990856368162877
0,1,0.33827991191368956,0.89608,5000,2.192561308542887,0.3764988009592326,834,2.19581812639206,0.3487,0.7870179710566859,0.08268010164065927,,,0.7198104094435305,,0.7198233020430701,0.2801766979569299,0,0.3960884127719563,5,0.1,0.5,0.5987786616731541,1.0,0.589869859040591,0.5939605575478967,0.5844761672921062,0.596874445442591,0.595113457082568,0.5970318657821153,0.5830960257452857,0.5751559761105858,0.5925708949263669,0.584563686450203
0,2,0.33660584719270276,0.89324,5000,2.1900662581125894,0.35731414868105515,834,2.1954254715587385,0.3502,0.7961672654990241,0.08364127993931637,,,0.9223385608271002,,0.9223532955172933,0.07764670448270672,0,0.3966104022193953,5,0.1,0.5,0.6019078976455361,0.589869859040591,1.0,0.597565649102831,0.598750525386895,0.6020529856902451,0.6028456952921465,0.5972538709354421,0.5964705036039766,0.5902643709371774,0.6022207008480662,0.5993801351853696
0,3,0.35013899128694254,0.89176,5000,2.1947480219381825,0.3381294964028777,834,2.1954383857714865,0.3503,0.7946517162941497,0.08348206405491644,,,0.8887904680502761,,0.8888007630139049,0.11119923698609513,0,0.3965937659612454,5,0.1,0.5,0.5968554118880646,0.5939605575478967,0.597565649102831,1.0,0.5896018433175164,0.6055962242759688,0.5949723048577106,0.602022116640746,0.5863920470523821,0.5851337517427395,0.6083488483683442,0.603707179350786
0,4,0.34499965275987793,0.89344,5000,2.1963076414885343,0.3289315726290516,833,2.195436585825472,0.3503,0.7941494957654376,0.08342930332277687,,,0.877673349030007,,0.8776868631092817,0.12231313689071832,0,0.3965849321820913,5,0.1,0.5,0.6034077641978616,0.5844761672921062,0.598750525386895,0.5896018433175164,1.0,0.602399664810096,0.5948202870028458,0.6088852881295198,0.5955999758009897,0.5831403929894952,0.5981570584236731,0.6001364172228373
0,5,0.3267573338185858,0.89684,5000,2.1998338875947177,0.375750300120048,833,2.1954215715487546,0.3502,0.7974697990093184,0.08377811747922274,,,0.9511713528656137,,0.9511871893981226,0.048812810601877366,0,0.39661623098447624,5,0.1,0.5,0.587475023555814,0.596874445442591,0.6020529856902451,0.6055962242759688,0.602399664810096,1.0,0.5995873423257777,0.609496346820315,0.5768149440650563,0.6059558426742876,0.6049605877562231,0.5997673792043411
0,6,0.33918682946378637,0.89452,5000,2.2015576980732106,0.3469387755102041,833,2.1954366460014074,0.3503,0.7947260729442466,0.0834898755860552,,,0.8904364217336016,,0.8904522865318006,0.10954771346819936,0,0.39659486359622453,5,0.1,0.5,0.5960864516940084,0.595113457082568,0.6028456952921465,0.5949723048577106,0.5948202870028458,0.5995873423257777,1.0,0.5995220177741091,0.5947999864860257,0.5837604420078961,0.6000408902147714,0.6033148492926675
0,7,0.3426654852440308,0.89152,5000,2.202668869936908,0.34093637454981995,833,2.1954236967495073,0.3502,0.7986809356130666,0.08390535332539305,,,0.9779809892781277,,0.9779930726369158,0.022006927363084183,0,0.396617836362969,5,0.1,0.5,0.593823821230095,0.5970318657821153,0.5972538709354421,0.602022116640746,0.6088852881295198,0.609496346820315,0.5995220177741091,1.0,0.5909899423345764,0.5922090865564532,0.6126793500761523,0.5985956851711548
0,8,0.338995366688272,0.89464,5000,2.190553170663339,0.3565426170468187,833,2.1958722215110122,0.3484,0.7858011914434367,0.08255227296863715,,,0.6928758597615143,,0.6928869032679082,0.30711309673209175,0,0.3958906073966637,5,0.1,0.5,0.5915657333552012,0.5830960257452857,0.5964705036039766,0.5863920470523821,0.5955999758009897,0.5768149440650563,0.5947999864860257,0.5909899423345764,1.0,0.581689427718889,0.5913014202938077,0.5911892713663616
0,9,0.34503800379242866,0.88932,5000,2.19316037495931,0.3349339735894358,833,2.196068898557474,0.3488,0.7838642564408379,0.08234878843743743,,,0.65,,0.650002509914161,0.349997490085839,0,0.39546510026509785,5,0.1,0.5,0.5852441604844676,0.5751559761105858,0.5902643709371774,0.5851337517427395,0.5831403929894952,0.6059558426742876,0.5837604420078961,0.5922090865564532,0.581689427718889,1.0,0.6015743330672704,0.5773441347092175
0,10,0.32698623675283545,0.89816,5000,2.198162794113159,0.3457382953181273,833,2.195424868275944,0.3502,0.7992238994693057,0.08396239434411436,,,0.9899999997892919,,0.9900005019828322,0.009999498017167818,0,0.3966179831775482,5,0.1,0.5,0.5917769521051502,0.5925708949263669,0.6022207008480662,0.6083488483683442,0.5981570584236731,0.6049605877562231,0.6000408902147714,0.6126793500761523,0.5913014202938077,0.6015743330672704,1.0,0.6040467383747729
0,11,0.35826394089800156,0.8888,5000,2.193685204894454,0.35294117647058826,833,2.195435631389435,0.3502,0.7943339439298797,0.0834486805079802,,,0.8817562808895065,,0.881773003363285,0.11822699663671499,0,0.39658838971400434,5,0.1,0.5,0.5990856368162877,0.584563686450203,0.5993801351853696,0.603707179350786,0.6001364172228373,0.5997673792043411,0.6033148492926675,0.5985956851711548,0.5911892713663616,0.5773441347092175,0.6040467383747729,1.0
1,0,0.29945832081850926,0.9086,5000,2.032616487255803,0.6618705035971223,834,2.034681869391054,0.6511,0.8173903284028715,0.08345637280784364,,,0.8941319516990267,,0.8941418603483761,0.10585813965162394,0.9613778577790965,0.40641995809998527,5,0.1,0.5,1.0,0.6432927096887407,0.6378473266873587,0.6390069863689539,0.6308184005115466,0.6325134305801032,0.6374617353310806,0.629067053490888,0.632436412157132,0.623078593013255,0.6370189234352474,0.6309772967658128
1,1,0.29553480393010056,0.91008,5000,2.0268000894122653,0.6762589928057554,834,2.03543686562072,0.6495,0.813873901798494,0.0829365199323218,,,0.785007718374452,,0.7850308719441795,0.21496912805582047,0.9601924773668378,0.40621094366166305,5,0.1,0.5,0.6432927096887407,1.0,0.6265498553946478,0.641609383569638,0.6237414576400226,0.6289322168572804,0.632844046018259,0.6340800600358105,0.6295218426218719,0.6184232860934823,0.6350731848382958,0.627700257200592
1,2,0.2970266383924302,0.90952,5000,2.0290622976091175,0.6606714628297362,834,2.0346378773546068,0.6513,0.8101581516576765,0.08344241124472664,,,0.891201228521577,,0.8912203202650469,0.10877967973495306,0.9615468501421864,0.40641777997560313,5,0.1,0.5,0.6378473266873587,0.6265498553946478,1.0,0.6314165700462443,0.6285745139268811,0.6245461346204626,0.6364022237064656,0.623738595070006,0.6277545588903068,0.6103931136019446,0.6328602896236908,0.6211430926460743
1,3,0.30613253097743937,0.90652,5000,2.0332597449973777,0.645083932853717,834,2.034619165685611,0.6514,0.8199370332066271,0.08367728878884372,,,0.9405052395866433,,0.9405300938707897,0.059469906129210326,0.9615620266955307,0.40644042693210514,5,0.1,0.5,0.6390069863689539,0.641609383569638,0.6314165700462443,1.0,0.6363773097610319,0.6367477329049483,0.6386806263640942,0.6428051560017604,0.6293200781819324,0.624620316556261,0.6399947695319469,0.6367580402781868
1,4,0.3036139043819183,0.9078,5000,2.0348391091382063,0.6278511404561825,833,2.0346741295470214,0.6513,0.8093670827689213,0.08327483297663829,,,0.8560242565588,,0.8560413633853722,0.14395863661462782,0.9614036575158988,0.40638079072616334,5,0.1,0.5,0.6308184005115466,0.6237414576400226,0.6285745139268811,0.6363773097610319,1.0,0.6303080554361558,0.6203446282807255,0.624115791373844,0.6227798478850641,0.6184205576213202,0.6324875735155026,0.6264915577477186
1,5,0.29081186286179694,0.911,5000,2.032944432011357,0.6722689075630253,833,2.0345961636247725,0.6512,0.8146760647556036,0.08368994931037564,,,0.9431628563292148,,0.9431755433964158,0.05682445660358415,0.96163370832702,0.4064409132734095,5,0.1,0.5,0.6325134305801032,0.6289322168572804,0.6245461346204626,0.6367477329049483,0.6303080554361558,1.0,0.6277181691099804,0.6375503957592997,0.6344212175828643,0.6240912530338627,0.6391129915525154,0.6288307268141605
1,6,0.3021276670988578,0.90692,5000,2.0421995189454822,0.6614645858343338,833,2.034633334833212,0.6515,0.814629538228377,0.08349787057861922,,,0.9028429017269914,,0.9028562823151448,0.09714371768485519,0.9615420206885436,0.4064256894033669,5,0.1,0.5,0.6374617353310806,0.632844046018259,0.6364022237064656,0.6386806263640942,0.6203446282807255,0.6277181691099804,1.0,0.6357295906459659,0.6347041618460687,0.6176186478362234,0.6304477008284347,0.6336500191172373
1,7,0.30339368088586127,0.90672,5000,2.046002652910021,0.6422569027611045,833,2.0345942124771996,0.6512,0.8130104553622486,0.08371609730176117,,,0.9486516775847665,,0.9486672355805431,0.05133276441945689,0.9616430369480372,0.40644177137873644,5,0.1,0.5,0.629067053490888,0.6340800600358105,0.623738595070006,0.6428051560017604,0.624115791373844,0.6375503957592997,0.6357295906459659,1.0,0.6221064297857845,0.6194678654655414,0.6360874346258526,0.6231062991325781
1,8,0.2950103105704306,0.9078,5000,2.029239844392847,0.6518607442977191,833,2.0357848028786267,0.6487,0.8105519744308698,0.08273652766143581,,,0.7430266036035333,,0.7430450278600472,0.2569549721399528,0.9598185353877174,0.40601402425614386,5,0.1,0.5,0.632436412157132,0.6295218426218719,0.6277545588903068,0.6293200781819324,0.6227798478850641,0.6344212175828643,0.6347041618460687,0.6221064297857845,1.0,0.6197897398309433,0.630549982562275,0.626661014853808
1,9,0.3076794082749706,0.90376,5000,2.0362056802820274,0.6278511404561825,833,2.036666058884642,0.6485,0.8016751769094695,0.08229336168528195,,,0.65,,0.650002509914161,0.349997490085839,0.9585457589087466,0.4051587722262663,5,0.1,0.5,0.623078593013255,0.6184232860934823,0.6103931136019446,0.624620316556261,0.6184205576213202,0.6240912530338627,0.6176186478362234,0.6194678654655414,0.6197897398309433,1.0,0.6231337352133546,0.6254941652856427
1,10,0.28695361883005804,0.9138,5000,2.034750064214071,0.6290516206482593,833,2.034587558846885,0.6513,0.8175906667241762,0.0839130750356849,,,0.9899999997900863,,0.9900005019828322,0.009999498017167818,0.961644288269464,0.40644421417461135,5,0.1,0.5,0.6370189234352474,0.6350731848382958,0.6328602896236908,0.6399947695319469,0.6324875735155026,0.6391129915525154,0.6304477008284347,0.6360874346258526,0.630549982562275,0.6231337352133546,1.0,0.6355985108875934
1,11,0.31900437096738893,0.90408,5000,2.0354594433749162,0.6542617046818727,833,2.034656116375908,0.6516,0.8116115389368269,0.08336569267646714,,,0.8750969510667816,,0.8751167110084835,0.12488328899151646,0.9614640972739891,0.40640360278634075,5,0.1,0.5,0.6309772967658128,0.627700257200592,0.6211430926460743,0.6367580402781868,0.6264915577477186,0.6288307268141605,0.6336500191172373,0.6231062991325781,0.626661014853808,0.6254941652856427,0.6355985108875934,1.0
2,0,0.2718824863445702,0.9188,5000,1.8278695168318573,0.8393285371702638,834,1.8325878595010923,0.8349,0.8128188950830036,0.08340678612306336,,,0.8804809514698053,,0.8804979669695296,0.11950203303047036,0.9698213035272898,0.4064880459216622,5,0.1,0.5,1.0,0.6328591886873932,0.6303264419690594,0.6275202436509,0.635660829804767,0.6338686483792175,0.6248752557603336,0.6279270555494509,0.6312702994412062,0.62658426807174,0.6363501363245474,0.622502644507946
2,1,0.27004667890323386,0.9202,5000,1.8172994940369218,0.8465227817745803,834,1.8336030812309192,0.8338,0.8180982523039584,0.08324689732664098,,,0.8432509639835295,,0.8432659003062095,0.15673409969379049,0.969264826380912,0.4064356977024303,5,0.1,0.5,0.6328591886873932,1.0,0.6350924340926458,0.6350510373908571,0.6315774271663565,0.638258249402012,0.6306769879581235,0.6350974464804111,0.6402441285890436,0.6332962099303754,0.643052778548934,0.6283337167297678
2,2,0.2690574580174723,0.91792,5000,1.82725101047092,0.8141486810551559,834,1.8325258089711491,0.8348,0.8127424485857445,0.08339490304247053,,,0.8777139849801666,,0.8777270217358566,0.1222729782641434,0.9698110370813916,0.40648533776292667,5,0.1,0.5,0.6303264419690594,0.6350924340926458,1.0,0.6310081916772392,0.6377994408672258,0.6303755772452699,0.6319947685713216,0.624342446555503,0.6329834691939694,0.6245643721652132,0.6296269963073857,0.6209964669762829
2,3,0.2743502812293969,0.9166,5000,1.8302585857885856,0.8393285371702638,834,1.8324989046151645,0.835,0.8127841108047879,0.08355153999148009,,,0.9141867822117411,,0.9142010943225741,0.08579890567742587,0.9699086189736877,0.40651168965546364,5,0.1,0.5,0.6275202436509,0.6350510373908571,0.6310081916772392,1.0,0.6299294170901494,0.6373711299587296,0.6270205088966916,0.6241385884610531,0.6344766096082567,0.6270332644576028,0.6355691465834575,0.6193389821086723
2,4,0.27351113973292196,0.91676,5000,1.8312131784580372,0.8403361344537815,833,1.8325867793811397,0.8347,0.8167352195284256,0.0834230282638057,,,0.8842629218774753,,0.8842728778675769,0.11572712213242309,0.9697319945692346,0.406491784988343,5,0.1,0.5,0.635660829804767,0.6315774271663565,0.6377994408672258,0.6299294170901494,1.0,0.6394678095935981,0.6308907869585454,0.6238045154896392,0.6395085298568642,0.625171463720878,0.6369028382936959,0.6380243726485179
2,5,0.26202054671041525,0.91948,5000,1.8241123314257022,0.8607442977190877,833,1.8324638494668297,0.8349,0.815706100342991,0.08366151637397885,,,0.9397947011893699,,0.9398022187641183,0.06019778123588171,0.9699264439017902,0.4065200239776647,5,0.1,0.5,0.6338686483792175,0.638258249402012,0.6303755772452699,0.6373711299587296,0.6394678095935981,1.0,0.6297260686768179,0.6252724982937314,0.6370571307595513,0.6225598388603373,0.6381021762383096,0.624797324020046
2,6,0.2693336871073724,0.91792,5000,1.8430085712009006,0.843937575030012,833,1.832519820703866,0.8348,0.8118957100372911,0.08340210101717624,,,0.8793900280439471,,0.8793986245670398,0.12060137543296023,0.9698301460630585,0.4064869772410682,5,0.1,0.5,0.6248752557603336,0.6306769879581235,0.6319947685713216,0.6270205088966916,0.6308907869585454,0.6297260686768179,1.0,0.6300330035573588,0.6380074304918775,0.6268239209438131,0.6281451838723953,0.6224597181799114
2,7,0.27149089293637474,0.91752,5000,1.8475755673867684,0.8343337334933973,833,1.83247293603306,0.835,0.8092344728597388,0.08345374391077526,,,0.8914150374596623,,0.8914261332262436,0.10857386677375636,0.9698787923812401,0.40649792219487346,5,0.1,0.5,0.6279270555494509,0.6350974464804111,0.624342446555503,0.6241385884610531,0.6238045154896392,0.6252724982937314,0.6300330035573588,1.0,0.626558519709183,0.6276798874632794,0.6299607831974563,0.6188754523169264
2,8,0.26248672551766133,0.9196,5000,1.8264051366735388,0.8343337334933973,833,1.8342213683996718,0.8336,0.8163784494901887,0.08305495290814484,,,0.7985568487073488,,0.7985693489282667,0.2014306510717333,0.9688442611422384,0.4063165469667445,5,0.1,0.5,0.6312702994412062,0.6402441285890436,0.6329834691939694,0.6344766096082567,0.6395085298568642,0.6370571307595513,0.6380074304918775,0.626558519709183,1.0,0.6171504762927383,0.638919753802434,0.631316253826494
2,9,0.27694472374667406,0.91512,5000,1.8379619386461046,0.8091236494597839,833,1.8366209379019447,0.8329,0.8064520558375747,0.08241695710573217,,,0.65,,0.650002509914161,0.349997490085839,0.9668419025141852,0.4051085332408809,5,0.1,0.5,0.62658426807174,0.6332962099303754,0.6245643721652132,0.6270332644576028,0.625171463720878,0.6225598388603373,0.6268239209438131,0.6276798874632794,0.6171504762927383,1.0,0.6316656481489648,0.6102946734801946
2,10,0.25281438477497525,0.92144,5000,1.8313348999729864,0.8271308523409364,833,1.8324399561927722,0.835,0.8176669903647346,0.08387712925234973,,,0.9899999997671507,,0.9900005019828322,0.009999498017167818,0.9699371133417793,0.40652430939635137,5,0.1,0.5,0.6363501363245474,0.643052778548934,0.6296269963073857,0.6355691465834575,0.6369028382936959,0.6381021762383096,0.6281451838723953,0.6299607831974563,0.638919753802434,0.6316656481489648,1.0,0.6268571738732636
2,11,0.28824733069261455,0.91532,5000,1.837344072483204,0.8247298919567827,833,1.832707440891205,0.8353,0.80602006528646,0.08311044468438228,,,0.8114780675865841,,0.8114954068570854,0.18850459314291457,0.9695327965303745,0.4063590810308141,5,0.1,0.5,0.622502644507946,0.6283337167297678,0.6209964669762829,0.6193389821086723,0.6380243726485179,0.624797324020046,0.6224597181799114,0.6188754523169264,0.631316253826494,0.6102946734801946,0.6268571738732636,1.0
3,0,0.24683795592207816,0.92692,5000,1.5919717020458646,0.9004796163069544,834,1.5998475090764201,0.9018,0.8102983709937214,0.08346310676244438,,,0.8966798957489012,,0.8966969529642086,0.1033030470357914,0.9711539512071592,0.4039603214716024,5,0.1,0.5,1.0,0.6213204393010962,0.6293390901816708,0.6150242198328536,0.6277829798686262,0.6142156721710318,0.6249318395927452,0.6288573213907586,0.6284661134722895,0.6217074857296436,0.626475363325255,0.6179853880667624
3,1,0.2420011259229842,0.92808,5000,1.5764088409918326,0.9124700239808153,834,1.6012095711863459,0.9013,0.8075521997435335,0.08326154100960433,,,0.8403866913644779,,0.8404045981627428,0.15959540183725718,0.9709495422562913,0.40387733577057294,5,0.1,0.5,0.6213204393010962,1.0,0.6194858489530811,0.6235722065692991,0.6187422022778767,0.621046316608155,0.6289143798650342,0.6169473932314636,0.6210744915813822,0.6194137078104931,0.6263029807340388,0.6133067105184135
3,2,0.2429322218095326,0.92636,5000,1.594465065885473,0.89568345323741,834,1.5997671715367716,0.9018,0.8137895109413279,0.08357689970654814,,,0.9284599445403297,,0.9284724662416546,0.07152753375834542,0.9711645316809473,0.40397992135477273,5,0.1,0.5,0.6293390901816708,0.6194858489530811,1.0,0.621701900431256,0.6312007255908392,0.6271279242819973,0.6313624013008868,0.6311902448049816,0.6257264735415944,0.6262286311786165,0.6336055434517363,0.6129370846329503
3,3,0.24713639166490858,0.92444,5000,1.5953412983152602,0.9052757793764988,834,1.5997678654643293,0.902,0.806707178977575,0.08343380375678415,,,0.8884961638228819,,0.8885045931429145,0.11149540685708548,0.971183689945314,0.40395265293908145,5,0.1,0.5,0.6150242198328536,0.6235722065692991,0.621701900431256,1.0,0.6208183772079482,0.623399229332778,0.6239851220861408,0.6240822528862253,0.6231280018006659,0.6089801372838585,0.6223829909639453,0.6133871080527392
3,4,0.24820039145956943,0.92476,5000,1.5969942543241713,0.9159663865546218,833,1.5999163286373639,0.9019,0.8064198231081844,0.0833386994605602,,,0.8619354732802795,,0.8619497013202149,0.13805029867978513,0.9710920931251761,0.40391865690546325,5,0.1,0.5,0.6277829798686262,0.6187422022778767,0.6312007255908392,0.6208183772079482,1.0,0.6236502373453487,0.6193404893908524,0.6202149980121363,0.6188377839665571,0.6171463259588191,0.6197317797255755,0.6008386519820679
3,5,0.22814599633406682,0.93092,5000,1.5832625804124054,0.9207683073229291,833,1.59969286987195,0.9016,0.8076763704183229,0.08354039634904137,,,0.9182653011751111,,0.9182771949199338,0.08172280508006624,0.971231647186131,0.40397523118088907,5,0.1,0.5,0.6142156721710318,0.621046316608155,0.6271279242819973,0.623399229332778,0.6236502373453487,1.0,0.6175592247823108,0.6272731629917812,0.6237719098098459,0.6126464530555602,0.6262909810725373,0.6123864578334736
3,6,0.24397073737078695,0.92544,5000,1.613108374454357,0.8991596638655462,833,1.599753032477138,0.9018,0.8111043945047534,0.08348809336272528,,,0.9036581436737889,,0.9036745143316098,0.09632548566839017,0.9711583754656153,0.40396593798683167,5,0.1,0.5,0.6249318395927452,0.6289143798650342,0.6313624013008868,0.6239851220861408,0.6193404893908524,0.6175592247823108,1.0,0.63123831163282,0.6247675336853773,0.6210315693170173,0.6258009718241827,0.6149620460963786
3,7,0.2502524548643239,0.92592,5000,1.6186833337501243,0.9063625450180072,833,1.599713752825801,0.9019,0.8096056317854994,0.08347005760078684,,,0.8986211231545582,,0.8986295868681291,0.1013704131318709,0.9711775964745706,0.4039619658763451,5,0.1,0.5,0.6288573213907586,0.6169473932314636,0.6311902448049816,0.6240822528862253,0.6202149980121363,0.6272731629917812,0.63123831163282,1.0,0.6165332105274411,0.6202898864151696,0.6215377626052326,0.6108953050042858
3,8,0.2352425567799835,0.92788,5000,1.5927002429962158,0.9087635054021609,833,1.6020378399961672,0.9011,0.8094910368331808,0.08320201604931267,,,0.8237625838042423,,0.823773906932383,0.17622609306761705,0.9706710648187907,0.4038360207994396,5,0.1,0.5,0.6284661134722895,0.6210744915813822,0.6257264735415944,0.6231280018006659,0.6188377839665571,0.6237719098098459,0.6247675336853773,0.6165332105274411,1.0,0.6207237501084611,0.62575049157649,0.621040278286796
3,9,0.25005830859729816,0.92448,5000,1.6098001842145566,0.8751500600240096,833,1.6063961243857972,0.9006,0.8037590626283798,0.08257983462612073,,,0.65,,0.650002509914161,0.349997490085839,0.9679377338735651,0.40245417318634663,5,0.1,0.5,0.6217074857296436,0.6194137078104931,0.6262286311786165,0.6089801372838585,0.6171463259588191,0.6126464530555602,0.6210315693170173,0.6202898864151696,0.6207237501084611,1.0,0.6190744251841256,0.6100039350718889
3,10,0.2338451269064929,0.93036,5000,1.597041854151973,0.8979591836734694,833,1.5996724279543844,0.9016,0.8109503788828039,0.08379725254820812,,,0.9899999997207204,,0.9900005019828322,0.009999498017167818,0.9712623661470954,0.4039888416459105,5,0.1,0.5,0.626475363325255,0.6263029807340388,0.6336055434517363,0.6223829909639453,0.6197317797255755,0.6262909810725373,0.6258009718241827,0.6215377626052326,0.62575049157649,0.6190744251841256,1.0,0.6132691572511113
3,11,0.2634581973254206,0.9216,5000,1.6088713981487133,0.8787515006002401,833,1.600660309243126,0.9014,0.7982865491347608,0.08284829876786373,,,0.7249765601948251,,0.7249887053862758,0.2750112946137242,0.9699094900137833,0.40331684208712876,5,0.1,0.5,0.6179853880667624,0.6133067105184135,0.6129370846329503,0.6133871080527392,0.6008386519820679,0.6123864578334736,0.6149620460963786,0.6108953050042858,0.621040278286796,0.6100039350718889,0.6132691572511113,1.0
4,0,0.23248266169451368,0.93236,5000,1.340319690880952,0.9280575539568345,834,1.3519089979866443,0.9269,0.7972106802676308,0.08343177845991333,,,0.8947233689538839,,0.8947291802620351,0.10527081973796493,0.9711465352792997,0.39840823325721575,5,0.1,0.5,1.0,0.6051645937099246,0.5981780763647182,0.6021674907724958,0.5955536018109828,0.6048879516393946,0.6036176103049582,0.6008952140961097,0.6063014273594176,0.6052792710696353,0.6048762116625672,0.5957711010919364
4,1,0.22180860710395559,0.93408,5000,1.3202075163523357,0.9376498800959233,834,1.3533916233446652,0.9269,0.8012828660563224,0.08344026642662632,,,0.8971668161894035,,0.8971788564831082,0.10282114351689176,0.9709568124253118,0.3984103634760594,5,0.1,0.5,0.6051645937099246,1.0,0.6014019593546559,0.6108618343457959,0.5981706642424731,0.6101651288029379,0.6071014467018325,0.6123965773857503,0.6053140649308231,0.6065562362334512,0.6092256851126115,0.5961591549818362
4,2,0.22492203542867759,0.93096,5000,1.346587481322112,0.9256594724220624,834,1.3518094418528743,0.9271,0.7955005588598764,0.08344760153263633,,,0.8992783872061693,,0.8992871843782942,0.10071281562170575,0.9711649657779446,0.3984120398893472,5,0.1,0.5,0.5981780763647182,0.6014019593546559,1.0,0.5969613909338967,0.6000197791318174,0.5999258822263098,0.608545295512068,0.6058105131993593,0.598029043400176,0.6032105298643442,0.602377794447526,0.5912844790568323
4,3,0.22995564323155934,0.93208,5000,1.346078943323206,0.9220623501199041,834,1.35180820748448,0.9271,0.7990402607388631,0.08347634139916939,,,0.9075517876333798,,0.907574920937704,0.09242507906229602,0.971135062451587,0.39841821566942387,5,0.1,0.5,0.6021674907724958,0.6108618343457959,0.5969613909338967,1.0,0.6011876270808065,0.6091662267996952,0.602840690054085,0.6034884530405428,0.6142754004089354,0.5976690204977625,0.610414200815095,0.5911762973497502
4,4,0.23178595703000285,0.93008,5000,1.3469919010444924,0.9399759903961584,833,1.3520335412253968,0.9268,0.7925448731489346,0.08318566636467024,,,0.8238746086931493,,0.8238843431554641,0.1761156568445359,0.9708411018533891,0.39828361593990186,5,0.1,0.5,0.5955536018109828,0.5981706642424731,0.6000197791318174,0.6011876270808065,1.0,0.6119735254790837,0.5965415433488382,0.5975884045548828,0.598672293533012,0.5962788302778695,0.6011149056896415,0.5814131228800978
4,5,0.21477637985234807,0.93584,5000,1.3282461254685014,0.9387755102040817,833,1.3516904424173763,0.9271,0.8006069710344443,0.08360210018500298,,,0.9437542101896759,,0.9437678831383967,0.05623211686160334,0.9712029848927073,0.39843305205350527,5,0.1,0.5,0.6048879516393946,0.6101651288029379,0.5999258822263098,0.6091662267996952,0.6119735254790837,1.0,0.6045672328565221,0.6098619820278125,0.6066385961223181,0.5980012196049439,0.6124124784910943,0.5870179468868226
4,6,0.2244605113301355,0.93272,5000,1.3672004187548603,0.929171668667467,833,1.3517795119422693,0.9271,0.7984596774349942,0.08349212857427467,,,0.9120964719696922,,0.9121128457406756,0.08788715425932436,0.9711675784137674,0.3984208700589811,5,0.1,0.5,0.6036176103049582,0.6071014467018325,0.608545295512068,0.602840690054085,0.5965415433488382,0.6045672328565221,1.0,0.6083189722289486,0.6078121608011027,0.6006059573371766,0.6054424273149227,0.5890005857458954
4,7,0.22575067443785016,0.93188,5000,1.3754951379917286,0.9255702280912365,833,1.3517223878409534,0.9271,0.7992421674191281,0.08350752682157297,,,0.9165291949132587,,0.91655037397721,0.08344962602279005,0.9711619257079475,0.39842323734598223,5,0.1,0.5,0.6008952140961097,0.6123965773857503,0.6058105131993593,0.6034884530405428,0.5975884045548828,0.6098619820278125,0.6083189722289486,1.0,0.605989119139344,0.5978592834925157,0.6092639183995455,0.5904510715195342
4,8,0.21860295827174261,0.93436,5000,1.3440488576889038,0.9375750300120048,833,1.3543566625339154,0.9268,0.7990394194375826,0.08332212425836531,,,0.8631570039225989,,0.8631745394307515,0.1368254605692485,0.9708587406534607,0.3983692925292347,5,0.1,0.5,0.6063014273594176,0.6053140649308231,0.598029043400176,0.6142754004089354,0.598672293533012,0.6066385961223181,0.6078121608011027,0.605989119139344,1.0,0.5982229961044431,0.5987060937751141,0.6014208531085072
4,9,0.2311652918494526,0.92872,5000,1.3664585771384063,0.9015606242496998,833,1.3604827487049773,0.9254,0.7945211308035555,0.0827500522261386,,,0.6984735322587223,,0.698478992018473,0.30152100798152703,0.9680009739008758,0.39749041339491936,5,0.1,0.5,0.6052792710696353,0.6065562362334512,0.6032105298643442,0.5976690204977625,0.5962788302778695,0.5980012196049439,0.6006059573371766,0.5978592834925157,0.5982229961044431,1.0,0.606382751291254,0.5910624357180785
4,10,0.2114099674736547,0.93708,5000,1.3480085399415758,0.9303721488595438,833,1.3516685787481242,0.927,0.80031516600995,0.08376274728897001,,,0.989999999712128,,0.9900005019828322,0.009999498017167818,0.9712368029288192,0.3984372344475667,5,0.1,0.5,0.6048762116625672,0.6092256851126115,0.602377794447526,0.610414200815095,0.6011149056896415,0.6124124784910943,0.6054424273149227,0.6092639183995455,0.5987060937751141,0.606382751291254,1.0,0.5904907510380086
4,11,0.24016077160408164,0.92972,5000,1.3670569790734186,0.9063625450180072,833,1.3548297143210999,0.926,0.7846108148589966,0.08258166646265984,,,0.65,,0.650002509914161,0.349997490085839,0.9682068949642885,0.39683187341927123,5,0.1,0.5,0.5957711010919364,0.5961591549818362,0.5912844790568323,0.5911762973497502,0.5814131228800978,0.5870179468868226,0.5890005857458954,0.5904510715195342,0.6014208531085072,0.5910624357180785,0.5904907510380086,1.0
5,0,0.21050022800814858,0.9376,5000,1.0870828915525366,0.9388489208633094,834,1.1024129204094981,0.9383,0.7898963257900373,0.08357669719865626,,,0.9671315668932873,,0.9671502434616737,0.032849756538326336,0.9689388666344939,0.3924323579428694,5,0.1,0.5,1.0,0.5910173319594709,0.5912614660722495,0.5855518678168208,0.5776751025802037,0.5821710483565884,0.5895477962686401,0.5821680774106236,0.5879765332560607,0.5862062889146369,0.5832700011853021,0.5821890563658862
5,1,0.20861705889833415,0.93708,5000,1.0640272122842294,0.9496402877697842,834,1.1039035990596198,0.9387,0.7847809117382931,0.08340236733352144,,,0.9229935249964902,,0.9230058731991366,0.07699412680086337,0.9689332889505267,0.39242223972838275,5,0.1,0.5,0.5910173319594709,1.0,0.5838835362603354,0.5818878004217342,0.5752146321222954,0.5797963586033444,0.5828485242240325,0.5793125712033231,0.5794600811016994,0.5784611913301602,0.5866860799626938,0.572120476993737
5,2,0.20665759169111017,0.9378,5000,1.097895121132886,0.9388489208633094,834,1.1023079691984403,0.9386,0.7909408724105225,0.08362403251678645,,,0.9791162503737251,,0.9791275538376587,0.020872446162341296,0.9689429066225348,0.3924329419660904,5,0.1,0.5,0.5912614660722495,0.5838835362603354,1.0,0.5927415868268693,0.5882546035889324,0.5842095025556627,0.5913792387346622,0.5870399992009493,0.5822167002993276,0.5891722625859158,0.5894314386140678,0.5690698159565729
5,3,0.21311343243452394,0.93532,5000,1.0963242672107838,0.9304556354916067,834,1.102309897303962,0.9385,0.78889959797056,0.08357141776780555,,,0.965794884048384,,0.965809949299734,0.03419005070026604,0.9689586288206216,0.39243225352401506,5,0.1,0.5,0.5855518678168208,0.5818878004217342,0.5927415868268693,1.0,0.5786410652236549,0.5939250169202455,0.5890954751139622,0.5780698273522517,0.5813473513437751,0.5813988707061075,0.5845229597627022,0.5821854306425898
5,4,0.2176535999200716,0.93304,5000,1.093882609296728,0.9531812725090036,833,1.1027853460357593,0.9384,0.779168218486731,0.083034642044095,,,0.8298902909713657,,0.829898097485066,0.17010190251493396,0.9685004772480441,0.3922800328246727,5,0.1,0.5,0.5776751025802037,0.5752146321222954,0.5882546035889324,0.5786410652236549,1.0,0.5875366637295665,0.5801044614643087,0.5737135839926226,0.5768998651133626,0.5733588459173304,0.5746884164436155,0.552896260706048
5,5,0.19488834222025314,0.94148,5000,1.072914273650558,0.9495798319327731,833,1.1022028536461412,0.9385,0.7892270119570944,0.08366701952932334,,,0.9899999997468131,,0.9900005019828322,0.009999498017167818,0.9690164027462695,0.3924331363340652,5,0.1,0.5,0.5821710483565884,0.5797963586033444,0.5842095025556627,0.5939250169202455,0.5875366637295665,1.0,0.5907551542530675,0.5891576614487208,0.5898046072836802,0.5818347856998433,0.5844028067227546,0.5681303867302133
5,6,0.21159691880130843,0.93496,5000,1.1197123637905828,0.9351740696278511,833,1.102278905173841,0.9384,0.7890348751856101,0.08358673307249587,,,0.9696725188963236,,0.9696802369358968,0.030319763064103222,0.9689666126450825,0.3924325219781898,5,0.1,0.5,0.5895477962686401,0.5828485242240325,0.5913792387346622,0.5890954751139622,0.5801044614643087,0.5907551542530675,1.0,0.5867253636370205,0.5883731083380088,0.5860855415377103,0.5772431886581287,0.5683426877395752
5,7,0.21303899763804524,0.93908,5000,1.1291255818472967,0.936374549819928,833,1.1022303692829876,0.9385,0.7830881953822839,0.08338777215477015,,,0.9192982166182201,,0.9193062597259174,0.0806937402740826,0.9689566257025971,0.39242047518678014,5,0.1,0.5,0.5821680774106236,0.5793125712033231,0.5870399992009493,0.5780698273522517,0.5737135839926226,0.5891576614487208,0.5867253636370205,1.0,0.5774445060811702,0.5770583262708641,0.575454076066725,0.568247648611503
5,8,0.20758218132018758,0.9366,5000,1.0932191345426772,0.9459783913565426,833,1.1048779139122642,0.9389,0.7856561276839072,0.08335417692109494,,,0.9107923428234889,,0.910812710205311,0.08918728979468904,0.9688395961448236,0.3924155517407136,5,0.1,0.5,0.5879765332560607,0.5794600811016994,0.5822167002993276,0.5813473513437751,0.5768998651133626,0.5898046072836802,0.5883731083380088,0.5774445060811702,1.0,0.583165293564136,0.5828819954892013,0.5699618291079963
5,9,0.21587355554720777,0.93564,5000,1.120913924994292,0.9159663865546218,833,1.1114054495534196,0.9382,0.7831861646966378,0.0828847831173677,,,0.7919479706386862,,0.791958235028362,0.20804176497163795,0.9667298271413559,0.3921380062671912,5,0.1,0.5,0.5862062889146369,0.5784611913301602,0.5891722625859158,0.5813988707061075,0.5733588459173304,0.5818347856998433,0.5860855415377103,0.5770583262708641,0.583165293564136,1.0,0.5786011562051868,0.5637722994155533
5,10,0.1990701152634611,0.9402,5000,1.0964142216576471,0.9411764705882353,833,1.102177992225074,0.9385,0.7838785442101789,0.08358622018317895,,,0.9695426620290499,,0.96955474122785,0.030445258772149986,0.9690246621860988,0.3924325169841309,5,0.1,0.5,0.5832700011853021,0.5866860799626938,0.5894314386140678,0.5845229597627022,0.5746884164436155,0.5844028067227546,0.5772431886581287,0.575454076066725,0.5828819954892013,0.5786011562051868,1.0,0.5633302979511575
5,11,0.22803785214615854,0.93264,5000,1.122272793893461,0.9267707082833133,833,1.1068770108512416,0.9384,0.7704529681989621,0.08232413816090442,,,0.65,,0.650002509914161,0.349997490085839,0.9653642052445036,0.39077642360147236,5,0.1,0.5,0.5821890563658862,0.572120476993737,0.5690698159565729,0.5821854306425898,0.552896260706048,0.5681303867302133,0.5683426877395752,0.568247648611503,0.5699618291079963,0.5637722994155533,0.5633302979511575,1.0
6,0,0.19758363813992327,0.94052,5000,0.852588931719462,0.9460431654676259,834,0.8709298737894613,0.9462,0.773417175042555,0.0836406161876496,,,0.9343799747022682,,0.9343908438331409,0.06560915616685914,0.9680393373366577,0.38468363904464653,5,0.1,0.5,1.0,0.5566171352842897,0.5562773526435032,0.5579995072613064,0.560104666114353,0.5660358475511552,0.5663035188880035,0.5566157668528945,0.5518197306879368,0.556672736652493,0.5592358422254304,0.5515377523555904
6,1,0.1934580096097034,0.94328,5000,0.8284083759343183,0.9592326139088729,834,0.8723814137065753,0.9458,0.7690518825670483,0.08336867462852468,,,0.8755663586058229,,0.8755835550424176,0.12441644495758242,0.9679130663180929,0.3846368770911664,5,0.1,0.5,0.5566171352842897,1.0,0.5533916074301442,0.5568237650185615,0.5486219035819236,0.5627856267242471,0.5619032933525272,0.558738953668677,0.5490640630532484,0.5485361056699785,0.5570958355006191,0.5461617177277829
6,2,0.19149602308726993,0.94264,5000,0.8666088625236794,0.9448441247002398,834,0.870848809568265,0.9461,0.766971495218075,0.08344416420627777,,,0.8918927158552995,,0.8919030169168214,0.10809698308317861,0.9679653826980588,0.38465675220498124,5,0.1,0.5,0.5562773526435032,0.5533916074301442,1.0,0.5516274196901302,0.5567384674623573,0.5567677621022862,0.5642533659360537,0.5550108718837458,0.5377191533108283,0.5500393339083033,0.5531563260935677,0.5444292221210514
6,3,0.19993295415310533,0.94056,5000,0.8653893007172478,0.9376498800959233,834,0.8708725994387374,0.946,0.7704423136184717,0.08353169268854382,,,0.9108227630686243,,0.9108428291752422,0.08915717082475783,0.9680023821498106,0.38467228056207564,5,0.1,0.5,0.5579995072613064,0.5568237650185615,0.5516274196901302,1.0,0.5543686043897668,0.5663379619527474,0.5565249858324472,0.5557479131415114,0.55021366122943,0.5529432378455738,0.5620769709208994,0.5470602048891541
6,4,0.1982528375087982,0.9402,5000,0.8583709663814969,0.957983193277311,833,0.8714562071778904,0.946,0.7692551289280691,0.08312839974030832,,,0.823601388342923,,0.8236182922544049,0.17638170774559514,0.9675647910108984,0.3845178149921241,5,0.1,0.5,0.560104666114353,0.5486219035819236,0.5567384674623573,0.5543686043897668,1.0,0.5724994080499027,0.5560498663689606,0.5587647019199661,0.5526890935224913,0.5481290957689537,0.5522831955975424,0.5433001769611269
6,5,0.18193352575099486,0.94384,5000,0.8382806590309849,0.9519807923169268,833,0.870721200594125,0.946,0.778961717647443,0.08389779126619631,,,0.989999999783727,,0.9900005019828322,0.009999498017167818,0.9680632430750871,0.38469103324542714,5,0.1,0.5,0.5660358475511552,0.5627856267242471,0.5567677621022862,0.5663379619527474,0.5724994080499027,1.0,0.5651539663103189,0.570704007619862,0.5526276026352197,0.558926818504492,0.5661338794115931,0.5519713929733208
6,6,0.19415459990928507,0.94148,5000,0.8893324666553073,0.943577430972389,833,0.8707774654744913,0.9462,0.774277981589656,0.0836778602248391,,,0.9424348542587185,,0.9424476682897445,0.05755233171025553,0.9680487762954164,0.38468611767366284,5,0.1,0.5,0.5663035188880035,0.5619032933525272,0.5642533659360537,0.5565249858324472,0.5560498663689606,0.5651539663103189,1.0,0.5626991894413608,0.5509130502054711,0.5550920068932189,0.5598393337986616,0.5482901089395392
6,7,0.1952978093888919,0.94128,5000,0.898707840177748,0.9423769507803121,833,0.8707996816299974,0.946,0.7727624624811137,0.08349028217311162,,,0.9018667867742225,,0.9018824356207018,0.0981175643792982,0.9679673865522328,0.38466593446519215,5,0.1,0.5,0.5566157668528945,0.558738953668677,0.5550108718837458,0.5557479131415114,0.5587647019199661,0.570704007619862,0.5626991894413608,1.0,0.5512035877674026,0.5575412162254558,0.5568354072916313,0.550312574826517
6,8,0.1862595313003251,0.94348,5000,0.8608685753963612,0.9531812725090036,833,0.8735070672278968,0.946,0.7611894919922376,0.08305775484146936,,,0.8083228043234134,,0.8083379348426284,0.1916620651573716,0.9675544592574847,0.38446351107939775,5,0.1,0.5,0.5518197306879368,0.5490640630532484,0.5377191533108283,0.55021366122943,0.5526890935224913,0.5526276026352197,0.5509130502054711,0.5512035877674026,1.0,0.5409246427732166,0.543641755673144,0.5467827895523647
6,9,0.1977904891203733,0.93988,5000,0.8930080632368723,0.9279711884753902,833,0.8797505758821774,0.9449,0.7655528997771016,0.08289641268697417,,,0.7734288529715558,,0.7734400883489785,0.22655991165102152,0.9669408581912851,0.38429773165786135,5,0.1,0.5,0.556672736652493,0.5485361056699785,0.5500393339083033,0.5529432378455738,0.5481290957689537,0.558926818504492,0.5550920068932189,0.5575412162254558,0.5409246427732166,1.0,0.5546761946967207,0.5468333185056702
6,10,0.1819147973339174,0.94592,5000,0.8634190228250291,0.9495798319327731,833,0.8707595431385711,0.9461,0.7704138760728743,0.08354064723877654,,,0.9127593904873894,,0.9127754630791627,0.08722453692083731,0.9680093442066191,0.38467352701956875,5,0.1,0.5,0.5592358422254304,0.5570958355006191,0.5531563260935677,0.5620769709208994,0.5522831955975424,0.5661338794115931,0.5598393337986616,0.5568354072916313,0.543641755673144,0.5546761946967207,1.0,0.5463853266465856
6,11,0.21403963441966445,0.937,5000,0.8955554255732784,0.9303721488595438,833,0.8770495397976031,0.9453,0.7600926875418453,0.0823257041173286,,,0.65,,0.650002509914161,0.349997490085839,0.9645745595125848,0.38301018120481234,5,0.1,0.5,0.5515377523555904,0.5461617177277829,0.5444292221210514,0.5470602048891541,0.5433001769611269,0.5519713929733208,0.5482901089395392,0.550312574826517,0.5467827895523647,0.5468333185056702,0.5463853266465856,1.0
7,0,0.1831716643331964,0.94492,5000,0.6518835833779087,0.9508393285371702,834,0.6716657474208564,0.9519,0.753090046170208,0.08351530668302128,,,0.9255847761027316,,0.925606144269866,0.07439385573013402,0.9647729796072612,0.37690636062325567,5,0.1,0.5,1.0,0.536361592222133,0.5301249579871727,0.5213196301856294,0.5262080019438499,0.5263381713246205,0.5317361139857419,0.5192967376684671,0.5278631500174056,0.5226966280647898,0.5355393921825465,0.5333017887414504
