round,client_id,client_i_training_loss,client_i_training_accuracy,client_i_training_dataset_size,client_i_evaluation_loss,client_i_evaluation_accuracy,client_i_evaluation_dataset_size,client_i_central_evaluation_loss,client_i_central_evaluation_accuracy,client_i_cosine_similarity,client_i_importance_coefficient,client_i_tanh_val,tanh_normalization_value,client_i_q,client_i_mask_order,client_i_v_nonzero_fraction,client_i_v_sparsity,client_i_v_cosine_similarity,client_i_reward_gradient_norm,local_epochs,learning_rate,gamma,client_0_cosine_similarity,client_1_cosine_similarity,client_2_cosine_similarity,client_3_cosine_similarity,client_4_cosine_similarity,client_5_cosine_similarity,client_6_cosine_similarity,client_7_cosine_similarity,client_8_cosine_similarity,client_9_cosine_similarity,client_10_cosine_similarity,client_11_cosine_similarity
0,0,2.2975497310811823,0.1044876409887209,4167,2.298304625919887,0.16906474820143885,834,2.2986558992651442,0.165,0.9553536645284589,0.08291372691959369,,,0.8322539652082519,,0.8322935749533759,0.16770642504662414,0,0.14401714568334373,10,0.025,0.15,1.0,0.9244146448552389,0.9032785766217362,0.9087176240524755,0.8954318369721325,0.8803579355573959,0.9006937098901157,0.9234993665683622,0.8962514940360778,0.9441717958178073,0.9176208739049031,0.913387103609649
0,1,2.296846277063543,0.10321574274058075,4167,2.294875281197684,0.18345323741007194,834,2.298652570458907,0.165,0.9728568782549489,0.08443280486634525,,,0.9685006276248297,,0.9685431829809708,0.03145681701902925,0,0.1440281073458938,10,0.025,0.15,0.9244146448552389,1.0,0.886157134812474,0.9031344794784422,0.9593619648194016,0.9232787393504853,0.9121351257496477,0.9552666893723425,0.9434452047531842,0.9372069100341537,0.9275806140965768,0.937521571267164
0,2,2.2964735211748066,0.12505399568034556,4167,2.2983080318995883,0.16786570743405277,834,2.2986649742609337,0.1651,0.9447867360815121,0.08199663887967762,,,0.75,,0.7500041260253173,0.2499958739746827,0,0.14396818478098225,10,0.025,0.15,0.9032785766217362,0.886157134812474,1.0,0.9264645718456991,0.8559346075521423,0.8880209823426582,0.9468300384696081,0.8458986121608911,0.8945037235342285,0.9086463671495985,0.913674069858124,0.9166621040425144
0,3,2.297575774337306,0.14326853851691865,4167,2.2985521725245883,0.16666666666666666,834,2.298655727241613,0.1651,0.9582299282048343,0.08316335357605231,,,0.8546430722750927,,0.8546731362743641,0.14532686372563586,0,0.14401947991427838,10,0.025,0.15,0.9087176240524755,0.9031344794784422,0.9264645718456991,1.0,0.8905122427182449,0.8872036060784939,0.9052371309240685,0.8871253732703792,0.9256867329976755,0.9310489795776045,0.9456753886563127,0.93017187658394
0,4,2.2956756844665067,0.10556755459563234,4167,2.3004028456551686,0.15606242496998798,833,2.2986558207982704,0.165,0.9565788204787676,0.08302005638654344,,,0.8417906943928325,,0.8418329454869535,0.15816705451304647,0,0.14401824935195232,10,0.025,0.15,0.8954318369721325,0.9593619648194016,0.8559346075521423,0.8905122427182449,1.0,0.8859383094353578,0.8990352780517339,0.944143432132815,0.9363729035200385,0.9250231632328249,0.9103446344511912,0.9198468501423027
0,5,2.2981650041811394,0.1267578593712503,4167,2.298365388597761,0.15846338535414164,833,2.2986645608008662,0.1651,0.9462207593052807,0.08212109562735817,,,0.7611625716922283,,0.761202158736446,0.23879784126355397,0,0.14397234809463735,10,0.025,0.15,0.8803579355573959,0.9232787393504853,0.8880209823426582,0.8872036060784939,0.8859383094353578,1.0,0.8569619646619342,0.8818933228338554,0.9311031125546307,0.9264679986368473,0.9025892021688128,0.9387931746832566
0,6,2.296613444703998,0.13292536597072235,4167,2.3012188162122453,0.1404561824729892,833,2.2986642107178894,0.1651,0.9473755357038369,0.08222131695744574,,,0.7701514598243883,,0.7701886418775066,0.22981135812249343,0,0.14397473252458803,10,0.025,0.15,0.9006937098901157,0.9121351257496477,0.9468300384696081,0.9052371309240685,0.8990352780517339,0.8569619646619342,1.0,0.8748527497404901,0.9145931951881162,0.8956590283620939,0.9126600255091268,0.8972357535865291
0,7,2.2953580466183747,0.10424766018718502,4167,2.2972844668797086,0.17406962785114047,833,2.298656053180936,0.1651,0.9540804885312033,0.08280322986402512,,,0.8223434434603258,,0.8223828621412421,0.17761713785875788,0,0.1440159150635491,10,0.025,0.15,0.9234993665683622,0.9552666893723425,0.8458986121608911,0.8871253732703792,0.944143432132815,0.8818933228338554,0.8748527497404901,1.0,0.9253765340858702,0.9329461509473373,0.9138763126889381,0.9082799094714592
0,8,2.297144537261038,0.13598175708113297,4166,2.3009329523359026,0.15126050420168066,833,2.298652561405037,0.165,0.97026238914004,0.08420763300595825,,,0.9483048802548779,,0.9483421630275123,0.051657836972487714,0,0.1440280118638457,10,0.025,0.15,0.8962514940360778,0.9434452047531842,0.8945037235342285,0.9256867329976755,0.9363729035200385,0.9311031125546307,0.9145931951881162,0.9253765340858702,1.0,0.9338728487468962,0.9358039334173228,0.9426173881115066
0,9,2.2976612011591593,0.14025444071051368,4166,2.2981734616415843,0.16806722689075632,833,2.29865254027934,0.165,0.9743341692745102,0.08456101676181868,,,0.9799999999103096,,0.9800300374643098,0.019969962535690167,0,0.14402812263401465,10,0.025,0.15,0.9441717958178073,0.9372069100341537,0.9086463671495985,0.9310489795776045,0.9250231632328249,0.9264679986368473,0.8956590283620939,0.9329461509473373,0.9338728487468962,1.0,0.9343570348828183,0.9571422630104003
0,10,2.297849757021124,0.14318290926548247,4166,2.298135280609131,0.17286914765906364,833,2.2986525764948205,0.165,0.9690311518120475,0.0841007757452633,,,0.9387208130542455,,0.9387697842913965,0.06123021570860354,0,0.14402792550038415,10,0.025,0.15,0.9176208739049031,0.9275806140965768,0.913674069858124,0.9456753886563127,0.9103446344511912,0.9025892021688128,0.9126600255091268,0.9138763126889381,0.9358039334173228,0.9343570348828183,1.0,0.9512616866645726
0,11,2.2973319096998734,0.12510801728276524,4166,2.2991983549935475,0.17286914765906364,833,2.2986525553691237,0.165,0.9731512322168967,0.08445835140991839,,,0.9707919065585828,,0.9708372530573848,0.029162746942615225,0,0.14402811031017432,10,0.025,0.15,0.913387103609649,0.937521571267164,0.9166621040425144,0.93017187658394,0.9198468501423027,0.9387931746832566,0.8972357535865291,0.9082799094714592,0.9426173881115066,0.9571422630104003,0.9512616866645726,1.0
1,0,2.2335326238112017,0.15687544996400288,4167,2.288896083831787,0.1750599520383693,834,2.2896041417423683,0.1726,0.9829528703073543,0.08285069849935325,,,0.7981185406524114,,0.7981548414781073,0.20184515852189266,0.7864683143056902,0.1482766691349358,10,0.025,0.15,1.0,0.9673107155738957,0.970048642224105,0.9753834011278528,0.9630908379460141,0.971170731483814,0.970122368756075,0.9748191091101696,0.9621820193040616,0.9783109933681349,0.9718621848722581,0.9720794927545696
1,1,2.229286326784076,0.1466762658987281,4167,2.2852374485560825,0.19544364508393286,834,2.289627880989751,0.1728,0.991118208374646,0.08404984022091404,,,0.9623336751246925,,0.9623706491063029,0.03762935089369712,0.78240369894591,0.14848423330984423,10,0.025,0.15,0.9673107155738957,1.0,0.9749474726165278,0.9783546316282529,0.9846963257336088,0.9796458871597153,0.9782649189268275,0.9842093261072963,0.9852778615653012,0.9805311393112593,0.9789455453494278,0.9805970287846805
1,2,2.2281791137926508,0.18903287736981042,4167,2.2894129071916853,0.18105515587529977,834,2.2896158604682246,0.1726,0.9895276014801605,0.08249932437136955,,,0.75,,0.7500041260253173,0.2499958739746827,0.7882292507159439,0.1482630310078568,10,0.025,0.15,0.970048642224105,0.9749474726165278,1.0,0.9811578434291354,0.9716041873211689,0.9795367028879723,0.9848932175639011,0.9736982671510478,0.9787494924668787,0.979599102969158,0.9808625417213869,0.9795898084322463
1,3,2.234838762427821,0.17945764338852893,4167,2.2906284672873363,0.17026378896882494,834,2.2896185766292523,0.1728,0.9913547202744177,0.08327638994618235,,,0.8564143841943677,,0.8564473271607994,0.1435526728392006,0.784332160290353,0.1483993780430579,10,0.025,0.15,0.9753834011278528,0.9783546316282529,0.9811578434291354,1.0,0.9770136666904309,0.9774633582340476,0.9811704119088989,0.9777602681446138,0.9820345923872931,0.9842643949529372,0.9819526754639932,0.9794095473311177
1,4,2.227640341989922,0.15133189344852413,4167,2.2917488302503313,0.16326530612244897,833,2.2896191832385484,0.1729,0.9884385677543055,0.08309377807603464,,,0.8314068039614754,,0.8314518657886485,0.1685481342113515,0.7842789780967597,0.14839685259193058,10,0.025,0.15,0.9630908379460141,0.9846963257336088,0.9716041873211689,0.9770136666904309,1.0,0.9736657171248713,0.979565702751991,0.9800373378261016,0.98240270718595,0.9782338513120722,0.9774144052361786,0.973485129865973
1,5,2.241004846312783,0.1599712023038157,4167,2.289207696914673,0.15486194477791115,833,2.2896145838725417,0.1726,0.9892751950993303,0.08256773005491666,,,0.7593677405434087,,0.7594114637487416,0.24058853625125842,0.7882721151964323,0.14826775353662117,10,0.025,0.15,0.971170731483814,0.9796458871597153,0.9795367028879723,0.9774633582340476,0.9736657171248713,1.0,0.9726294716291464,0.977447309639743,0.9787778255150552,0.9803295941010387,0.9770555977160976,0.9837087162632071
1,6,2.2342721577846643,0.18159347252219823,4167,2.292024953024728,0.15726290516206481,833,2.2896136694316622,0.1726,0.9900217674899087,0.08265357518893887,,,0.7711237073101224,,0.7711541318017527,0.22884586819824726,0.7882881438902486,0.1482709432565919,10,0.025,0.15,0.970122368756075,0.9782649189268275,0.9848932175639011,0.9811704119088989,0.979565702751991,0.9726294716291464,1.0,0.9754100320533521,0.9811709240405535,0.980660028568389,0.9778939165068727,0.978631836310685
1,7,2.2232619458978826,0.15025197984161268,4167,2.287724699292864,0.17767106842737096,833,2.289619469944435,0.1729,0.990334538542891,0.0830217627304669,,,0.8215447422519693,,0.8215989173309567,0.1784010826690433,0.7843022689590761,0.14839562812614313,10,0.025,0.15,0.9748191091101696,0.9842093261072963,0.9736982671510478,0.9777602681446138,0.9800373378261016,0.977447309639743,0.9754100320533521,1.0,0.9811201117326549,0.982470086981017,0.9785678902710347,0.9782204723540854
1,8,2.232097627177383,0.17662025924147864,4166,2.2922511441367015,0.1608643457382953,833,2.289627736127829,0.1728,0.9912785936727906,0.08391648314244346,,,0.9440712377662686,,0.9441253651532405,0.055874634846759474,0.7824073375491342,0.1484840873285388,10,0.025,0.15,0.9621820193040616,0.9852778615653012,0.9787494924668787,0.9820345923872931,0.98240270718595,0.9787778255150552,0.9811709240405535,0.9811201117326549,1.0,0.9819487614989979,0.9803568989191033,0.9807097521624052
1,9,2.2314408258958296,0.16017762842054728,4166,2.2887258529663086,0.17767106842737096,833,2.2896279051334045,0.1728,0.992665648792605,0.08417884432963088,,,0.9799999998630561,,0.9800300374643098,0.019969962535690167,0.7824014433511893,0.14848427903206157,10,0.025,0.15,0.9783109933681349,0.9805311393112593,0.979599102969158,0.9842643949529372,0.9782338513120722,0.9803295941010387,0.980660028568389,0.982470086981017,0.9819487614989979,1.0,0.9793038220720189,0.9855935506272169
1,10,2.236806520548734,0.171579452712434,4166,2.2891716616494313,0.18007202881152462,833,2.289627908151361,0.1728,0.9904824028826252,0.08382494794883152,,,0.9315360520933311,,0.9315657440874057,0.06843425591259433,0.7824011199998151,0.14848391943226105,10,0.025,0.15,0.9718621848722581,0.9789455453494278,0.9808625417213869,0.9819526754639932,0.9774144052361786,0.9770555977160976,0.9778939165068727,0.9785678902710347,0.9803568989191033,0.9793038220720189,1.0,0.9811778034787833
1,11,2.2302266424352473,0.17069131060969756,4166,2.290531635284424,0.18007202881152462,833,2.289627880989751,0.1728,0.9911511297059892,0.08406662549091803,,,0.9646323153281808,,0.9646729712333515,0.035327028766648505,0.782403323392835,0.14848424368683352,10,0.025,0.15,0.9720794927545696,0.9805970287846805,0.9795898084322463,0.9794095473311177,0.973485129865973,0.9837087162632071,0.978631836310685,0.9782204723540854,0.9807097521624052,0.9855935506272169,0.9811778034787833,1.0
2,0,2.164309416395245,0.2021118310535157,4167,2.2744119507925853,0.18225419664268586,834,2.275647594958921,0.1908,0.9805902353739524,0.08276841182071999,,,0.75,,0.7500041260253173,0.2499958739746827,0.9245439879135919,0.14805392440041978,10,0.025,0.15,1.0,0.9685255091795747,0.9576787869854043,0.971966042756481,0.9665479370812662,0.9636015788254069,0.9662256502475087,0.9731087102202599,0.95936734204538,0.9752050231248589,0.9694441980178214,0.9644581410435318
2,1,2.1609666271643206,0.19500839932805375,4167,2.2701986176627025,0.20503597122302158,834,2.275664652450175,0.1937,0.9908847156512571,0.08384007209507065,,,0.95672550571387,,0.9567675067254212,0.04323249327457879,0.9274872099927779,0.14832992522727945,10,0.025,0.15,0.9685255091795747,1.0,0.9749512999723889,0.9774687136681169,0.9830260955704292,0.9784452219792144,0.9764311636826082,0.9802578455136159,0.9820669236636178,0.9802129832581233,0.9760196783947153,0.9805096725168558
2,2,2.153340508359851,0.21571874250059994,4167,2.275737694331578,0.20023980815347722,834,2.275658794596225,0.1917,0.9876417252328262,0.08278057335586282,,,0.7523459855355576,,0.7523972207093462,0.24760277929065377,0.9244645242936367,0.14806539181281828,10,0.025,0.15,0.9576787869854043,0.9749512999723889,1.0,0.9768341426882866,0.9722646777607263,0.9792468935397431,0.9825206028284088,0.9717879598512765,0.9778541714801277,0.9770486143520756,0.9743479323878224,0.9754109525385241
2,3,2.166875615986911,0.21063114950803935,4167,2.2782415662493025,0.17985611510791366,834,2.275670887548712,0.1943,0.9906042585645498,0.08335488213420107,,,0.8631313486580525,,0.8631727484279843,0.1368272515720157,0.9248279653867435,0.14823427545487675,10,0.025,0.15,0.971966042756481,0.9774687136681169,0.9768341426882866,1.0,0.977622212681558,0.9743684317351202,0.9814465942680352,0.9772846256604977,0.9797708998033471,0.9837703153968951,0.9793029372318405,0.9749860843555765
2,4,2.161903821699547,0.20091192704583632,4167,2.2786502497536794,0.18847539015606243,833,2.2756718653666823,0.1943,0.9893468399582288,0.08320173626907117,,,0.8335891913394462,,0.8336386592068129,0.1663613407931871,0.9247381186663702,0.14822941880490245,10,0.025,0.15,0.9665479370812662,0.9830260955704292,0.9722646777607263,0.977622212681558,1.0,0.9751770758932757,0.9785807935706332,0.9783143688495611,0.9791957758746097,0.9784659612776645,0.9751236053272778,0.975570859258037
2,5,2.172376600901286,0.2039116870650348,4167,2.274919237409319,0.1788715486194478,833,2.2756563892847375,0.1916,0.9880187743351964,0.08283489660895016,,,0.7628250545421111,,0.7628773250152663,0.23712267498473372,0.924518437279972,0.14807075346319118,10,0.025,0.15,0.9636015788254069,0.9784452219792144,0.9792468935397431,0.9743684317351202,0.9751770758932757,1.0,0.973527567260953,0.9754023824900113,0.9742604577932573,0.9757654181930945,0.9723822766175508,0.9821673272851336
2,6,2.1651331753441783,0.20947924166066714,4167,2.2781284877232144,0.18247298919567828,833,2.2756541861763484,0.1916,0.9895597968666939,0.08293766504806273,,,0.7826493011391435,,0.7826904985888994,0.21730950141110061,0.9245634480346786,0.14807910732153945,10,0.025,0.15,0.9662256502475087,0.9764311636826082,0.9825206028284088,0.9814465942680352,0.9785807935706332,0.973527567260953,1.0,0.9752665207047351,0.9776273562983949,0.9808797415493391,0.9747122456827646,0.9754349565571152
2,7,2.155413394624537,0.19632829373650107,4167,2.2730763299124583,0.20528211284513806,833,2.2756736882125277,0.1943,0.9897349252030585,0.08316997973356807,,,0.8274632892987315,,0.827507385585318,0.172492614414682,0.924717050470493,0.1482280694698629,10,0.025,0.15,0.9731087102202599,0.9802578455136159,0.9717879598512765,0.9772846256604977,0.9783143688495611,0.9754023824900113,0.9752665207047351,1.0,0.9788629142890491,0.9810798269497383,0.9783375583971257,0.9748059793387303
2,8,2.162213935274066,0.20091214594335094,4166,2.278866767883301,0.1836734693877551,833,2.2756649029405813,0.1937,0.9896060395743875,0.0837165567322463,,,0.9328991341907058,,0.9329355844927465,0.0670644155072535,0.9275003965716824,0.14832786056609146,10,0.025,0.15,0.95936734204538,0.9820669236636178,0.9778541714801277,0.9797708998033471,0.9791957758746097,0.9742604577932573,0.9776273562983949,0.9788629142890491,1.0,0.9798470318962845,0.977565469892282,0.9763163407876804
2,9,2.1653291456627124,0.19375900144023045,4166,2.273946796144758,0.20408163265306123,833,2.275664347636549,0.1937,0.9921577921796293,0.08396072653797158,,,0.9799999998070978,,0.9800300374643098,0.019969962535690167,0.9274842709377837,0.1483300233830124,10,0.025,0.15,0.9752050231248589,0.9802129832581233,0.9770486143520756,0.9837703153968951,0.9784659612776645,0.9757654181930945,0.9808797415493391,0.9810798269497383,0.9798470318962845,1.0,0.9778878730451953,0.9828778157845399
2,10,2.1692658081199183,0.19985597695631302,4166,2.275077615465437,0.20408163265306123,833,2.2756653858136526,0.1937,0.9887547633526212,0.0836326319975356,,,0.9167098775389317,,0.9167698172995989,0.08323018270040106,0.9274983342953026,0.14832732039218557,10,0.025,0.15,0.9694441980178214,0.9760196783947153,0.9743479323878224,0.9793029372318405,0.9751236053272778,0.9723822766175508,0.9747122456827646,0.9783375583971257,0.977565469892282,0.9778878730451953,1.0,0.9775631139435782
2,11,2.152528516812758,0.2103216514642343,4166,2.277245589665004,0.19567827130852342,833,2.275664552857604,0.1937,0.9893865666933112,0.08380186766673975,,,0.9493557916764623,,0.9493984255087389,0.050601574491261125,0.9274868331754725,0.1483298413654744,10,0.025,0.15,0.9644581410435318,0.9805096725168558,0.9754109525385241,0.9749860843555765,0.975570859258037,0.9821673272851336,0.9754349565571152,0.9748059793387303,0.9763163407876804,0.9828778157845399,0.9775631139435782,1.0
3,0,2.0901222810600744,0.23196544276457884,4167,2.2547035898481096,0.20623501199040767,834,2.2565944134434566,0.2228,0.9821493206355064,0.08286539992517694,,,0.98,,0.9800300374643098,0.019969962535690167,0.9483498681603298,0.1478775797777795,10,0.025,0.15,1.0,0.9689450083700871,0.9571327515073801,0.9676974628341737,0.9649706844513554,0.9600659806148664,0.9652967203364846,0.9689585302693957,0.9607350790977817,0.9711873095218957,0.9691519265316694,0.9649872955546758
3,1,2.0838230100545014,0.23090952723782096,4167,2.249574218477522,0.23980815347721823,834,2.2566033767748483,0.2257,0.9873556164408909,0.0836947139794121,,,0.98,,0.9800300374643098,0.019969962535690167,0.9493443924021147,0.1478775797777795,10,0.025,0.15,0.9689450083700871,1.0,0.9648072492465634,0.969666173547529,0.9757051442918251,0.9696073649429703,0.9675328993892321,0.9717877738550654,0.9743293969323605,0.9731182197457967,0.97047757443548,0.9743502629699916
3,2,2.074931930050705,0.24550035997120231,4167,2.2566867215292796,0.21942446043165467,834,2.2566054923624934,0.2223,0.9832906663265518,0.08290991533536768,,,0.98,,0.9800300374643098,0.019969962535690167,0.9485353909649978,0.1478775797777795,10,0.025,0.15,0.9571327515073801,0.9648072492465634,1.0,0.9681054740517706,0.965762618513016,0.9719861808186996,0.9743277418497664,0.9613586282213099,0.96740948593518,0.9705752000354421,0.9655089908575595,0.965758775607452
3,3,2.0906817967241462,0.2382289416846652,4167,2.2613416739872525,0.20983213429256595,834,2.2566105172603943,0.2255,0.9870765771300692,0.08338664989869739,,,0.98,,0.9800300374643098,0.019969962535690167,0.9489718638134905,0.1478775797777795,10,0.025,0.15,0.9676974628341737,0.969666173547529,0.9681054740517706,1.0,0.9678553209916223,0.9663652980112296,0.9754042619642144,0.9683739204370181,0.9724905755309425,0.9787523072121673,0.9722625505658898,0.9702243815494053
3,4,2.087232396819375,0.2344132469402448,4167,2.2610658577510288,0.20768307322929172,833,2.2566123401062397,0.2255,0.9859118787540192,0.0832544911029069,,,0.98,,0.9800300374643098,0.019969962535690167,0.9489806294828554,0.1478775797777795,10,0.025,0.15,0.9649706844513554,0.9757051442918251,0.965762618513016,0.9678553209916223,1.0,0.9673423409201344,0.9703168906037478,0.9690136600819301,0.9721931605372397,0.9722447966918553,0.9695523015305053,0.9685032247408945
3,5,2.0938859061761335,0.24058075353971684,4167,2.2557603972298756,0.20768307322929172,833,2.2566012611872033,0.2223,0.9833370133717743,0.08294489701267196,,,0.98,,0.9800300374643098,0.019969962535690167,0.9485786046476219,0.1478775797777795,10,0.025,0.15,0.9600659806148664,0.9696073649429703,0.9719861808186996,0.9663652980112296,0.9673423409201344,1.0,0.9649830878493945,0.9657383230016089,0.9662990749836747,0.9672330271381356,0.9617302114885918,0.9718795215657826
3,6,2.092279015526627,0.2384689224862011,4167,2.259328603744507,0.22448979591836735,833,2.256597244286839,0.2224,0.9863405949082209,0.08310565486802567,,,0.98,,0.9800300374643098,0.019969962535690167,0.9486376968831689,0.1478775797777795,10,0.025,0.15,0.9652967203364846,0.9675328993892321,0.9743277418497664,0.9754042619642144,0.9703168906037478,0.9649830878493945,1.0,0.9685169311916876,0.9684325347332385,0.9741487561873723,0.9706327043288722,0.9691207671351317
3,7,2.0827627362626973,0.2291096712263019,4167,2.252983365740095,0.2388955582232893,833,2.256614742399771,0.2256,0.9857820474130451,0.08323070897604508,,,0.98,,0.9800300374643098,0.019969962535690167,0.9489682170686968,0.1478775797777795,10,0.025,0.15,0.9689585302693957,0.9717877738550654,0.9613586282213099,0.9683739204370181,0.9690136600819301,0.9657383230016089,0.9685169311916876,1.0,0.9702037772943332,0.974780063500221,0.9715451235751235,0.971627992287625
3,8,2.08816051049666,0.23557369179068652,4166,2.260780096054077,0.22208883553421369,833,2.256603838522223,0.2257,0.9861624035638485,0.08357989099899958,,,0.98,,0.9800300374643098,0.019969962535690167,0.9493214536231687,0.1478775797777795,10,0.025,0.15,0.9607350790977817,0.9743293969323605,0.96740948593518,0.9724905755309425,0.9721931605372397,0.9662990749836747,0.9684325347332385,0.9702037772943332,1.0,0.973804094549618,0.9708295140767563,0.9694801291891955
3,9,2.0943677631291475,0.22474795967354777,4166,2.253793409892491,0.2424969987995198,833,2.256603020655958,0.2258,0.9895047812229266,0.08383878092017878,,,0.98,,0.9800300374643098,0.019969962535690167,0.949350721173748,0.1478775797777795,10,0.025,0.15,0.9711873095218957,0.9731182197457967,0.9705752000354421,0.9787523072121673,0.9722447966918553,0.9672330271381356,0.9741487561873723,0.974780063500221,0.973804094549618,1.0,0.9730832518181068,0.9768340034169665
3,10,2.0992200779192376,0.23180508881421028,4166,2.25574152810233,0.24009603841536614,833,2.2566045598138738,0.2257,0.986257077323146,0.0835312406261407,,,0.98,,0.9800300374643098,0.019969962535690167,0.9493259317254692,0.1478775797777795,10,0.025,0.15,0.9691519265316694,0.97047757443548,0.9655089908575595,0.9722625505658898,0.9695523015305053,0.9617302114885918,0.9706327043288722,0.9715451235751235,0.9708295140767563,0.9730832518181068,1.0,0.9726193493889344
3,11,2.0710153738657633,0.24503120499279885,4166,2.2588496889386858,0.2424969987995198,833,2.2566032288949702,0.2258,0.9869390100963243,0.08365765635637729,,,0.98,,0.9800300374643098,0.019969962535690167,0.9493452090844883,0.1478775797777795,10,0.025,0.15,0.9649872955546758,0.9743502629699916,0.965758775607452,0.9702243815494053,0.9685032247408945,0.9718795215657826,0.9691207671351317,0.971627992287625,0.9694801291891955,0.9768340034169665,0.9726193493889344,1.0
4,0,2.0246196909384295,0.26107511399088074,4167,2.2297425270080566,0.22182254196642687,834,2.2321863083899776,0.2498,0.9793689371796496,0.08296994891154516,,,0.98,,0.9800300374643098,0.019969962535690167,0.9716002160646152,0.14725032968892388,10,0.025,0.15,1.0,0.9611566467875496,0.9523453266020351,0.9577134140836949,0.9574953598753212,0.9527761647139656,0.9563573039873932,0.9605837347022389,0.9534603044255834,0.9626513203196406,0.9636383965809746,0.95895247416211
4,1,2.01526666951902,0.2622270218382529,4167,2.2229998452322826,0.27817745803357313,834,2.2321797956394245,0.2546,0.9826373269296994,0.08358805751431443,,,0.98,,0.9800300374643098,0.019969962535690167,0.9716002160646152,0.14725032968892388,10,0.025,0.15,0.9611566467875496,1.0,0.9539175292596215,0.9605290301172015,0.9648942299898474,0.9590440039167325,0.9577716677026636,0.9645267222984659,0.9631287483842861,0.9635487182052075,0.9610754082169161,0.9656500077929008
4,2,2.0069080417806453,0.27297816174706024,4167,2.232107196535383,0.2589928057553957,834,2.2321989687183237,0.2498,0.9787993713368071,0.0829789231587335,,,0.98,,0.9800300374643098,0.019969962535690167,0.9716002160646152,0.14725032968892388,10,0.025,0.15,0.9523453266020351,0.9539175292596215,1.0,0.9573076920286833,0.9591045430803974,0.9614087531206933,0.9628064671090059,0.9536786405689065,0.9568096199647375,0.9623687971493292,0.9570524889379896,0.9537060267433594
4,3,2.0210796663255404,0.26618670506359493,4167,2.239610092980521,0.23381294964028776,834,2.232190114033373,0.2534,0.9822621153656002,0.0833857041155621,,,0.98,,0.9800300374643098,0.019969962535690167,0.9716002160646152,0.14725032968892388,10,0.025,0.15,0.9577134140836949,0.9605290301172015,0.9573076920286833,1.0,0.9580349816484258,0.9572800307065792,0.9640416980156052,0.95883942958218,0.9638328476750081,0.9687115716952935,0.9637291261090605,0.9609208124467608
4,4,2.0215395699847827,0.26477081833453325,4167,2.2386675221579417,0.22569027611044418,833,2.232193539414225,0.2535,0.9821582385895341,0.08330074968179534,,,0.98,,0.9800300374643098,0.019969962535690167,0.9716002160646152,0.14725032968892388,10,0.025,0.15,0.9574953598753212,0.9648942299898474,0.9591045430803974,0.9580349816484258,1.0,0.9580741702288856,0.9616960242365127,0.9613089271511036,0.963657115500701,0.9656451339712837,0.9620378863407602,0.9578595016644961
4,5,2.0208731571833294,0.2737940964722822,4167,2.2316640445164273,0.24969987995198079,833,2.2321922447108014,0.2498,0.9790903220191021,0.08300996941791605,,,0.98,,0.9800300374643098,0.019969962535690167,0.9716002160646152,0.14725032968892388,10,0.025,0.15,0.9527761647139656,0.9590440039167325,0.9614087531206933,0.9572800307065792,0.9580741702288856,1.0,0.9565122813665514,0.9590030469488781,0.958876585192644,0.9582375398300158,0.9545373052404257,0.9581434481002365
4,6,2.029099556171533,0.262107031437485,4167,2.2353333064488004,0.2533013205282113,833,2.2321858013732525,0.2498,0.9812049883007719,0.0831779054998159,,,0.98,,0.9800300374643098,0.019969962535690167,0.9716002160646152,0.14725032968892388,10,0.025,0.15,0.9563573039873932,0.9577716677026636,0.9628064671090059,0.9640416980156052,0.9616960242365127,0.9565122813665514,1.0,0.9587217450562513,0.9585484193065512,0.9630782434554995,0.9621262787291692,0.9570494661698803
4,7,2.016395157394987,0.26042716582673386,4167,2.2271203313555037,0.2581032412965186,833,2.232196617730056,0.2534,0.9822050686609263,0.08328759078339487,,,0.98,,0.9800300374643098,0.019969962535690167,0.9716002160646152,0.14725032968892388,10,0.025,0.15,0.9605837347022389,0.9645267222984659,0.9536786405689065,0.95883942958218,0.9613089271511036,0.9590030469488781,0.9587217450562513,1.0,0.9595349515933105,0.9655604826321585,0.9627254233792244,0.965854484618232
4,8,2.0235236149845703,0.264114258281325,4166,2.2376554693494524,0.234093637454982,833,2.2321804263923744,0.2546,0.9816045798079334,0.08348362645048985,,,0.98,,0.9800300374643098,0.019969962535690167,0.9716002160646152,0.14725032968892388,10,0.025,0.15,0.9534603044255834,0.9631287483842861,0.9568096199647375,0.9638328476750081,0.963657115500701,0.958876585192644,0.9585484193065512,0.9595349515933105,1.0,0.9627171310335098,0.9616245192236362,0.9609230058509185
4,9,2.031125915772987,0.25352856457033124,4166,2.228020633969988,0.27490996398559425,833,2.2321794153768804,0.2546,0.985158387399639,0.08375889375648615,,,0.98,,0.9800300374643098,0.019969962535690167,0.9716002160646152,0.14725032968892388,10,0.025,0.15,0.9626513203196406,0.9635487182052075,0.9623687971493292,0.9687115716952935,0.9656451339712837,0.9582375398300158,0.9630782434554995,0.9655604826321585,0.9627171310335098,1.0,0.9647817330929371,0.9676207541025155
4,10,2.036059337312525,0.25616898703792607,4166,2.2309980051858083,0.27611044417767105,833,2.2321813287614267,0.2546,0.9830111972928467,0.08349929445113874,,,0.98,,0.9800300374643098,0.019969962535690167,0.9716002160646152,0.14725032968892388,10,0.025,0.15,0.9636383965809746,0.9610754082169161,0.9570524889379896,0.9637291261090605,0.9620378863407602,0.9545373052404257,0.9621262787291692,0.9627254233792244,0.9616245192236362,0.9647817330929371,1.0,0.9664025371601996
4,11,2.003657810977011,0.27354776764282285,4166,2.2350966930389404,0.27490996398559425,833,2.2321795632567585,0.2546,0.9824573827315811,0.08355933625880775,,,0.98,,0.9800300374643098,0.019969962535690167,0.9716002160646152,0.14725032968892388,10,0.025,0.15,0.95895247416211,0.9656500077929008,0.9537060267433594,0.9609208124467608,0.9578595016644961,0.9581434481002365,0.9570494661698803,0.965854484618232,0.9609230058509185,0.9676207541025155,0.9664025371601996,1.0
5,0,1.9692483945326371,0.2859611231101512,4167,2.2003253868647983,0.24820143884892087,834,2.2032590093491953,0.273,0.9768201007701915,0.08307599551827967,,,0.98,,0.9800300374643098,0.019969962535690167,0.9824675723190619,0.14667434097857587,10,0.025,0.15,1.0,0.9553180307003936,0.9483607847523619,0.9495842890272269,0.9504440878609383,0.9465118306805126,0.950019622550638,0.9512404348816006,0.9454692859157988,0.9555314467176408,0.9563232704473315,0.9532959847361616
5,1,1.9605609185767896,0.2847132229421646,4167,2.1915129934038435,0.2949640287769784,834,2.203234747995304,0.2744,0.979320929139388,0.08353948674410681,,,0.98,,0.9800300374643098,0.019969962535690167,0.9824675723190619,0.14667434097857587,10,0.025,0.15,0.9553180307003936,1.0,0.9465850477690552,0.9524935318604325,0.9554096432028993,0.9506237695422887,0.9495033352832988,0.9567814338764706,0.9565878967707749,0.9552203210251159,0.9540887287180917,0.9584830218675101
5,2,1.9533755244630755,0.2925605951523878,4167,2.2031316416604176,0.28896882494004794,834,2.2032744461977027,0.2724,0.9760898160458149,0.08305778194715706,,,0.98,,0.9800300374643098,0.019969962535690167,0.9824675723190619,0.14667434097857587,10,0.025,0.15,0.9483607847523619,0.9465850477690552,1.0,0.9484525854058422,0.9517661725950118,0.9530410570332531,0.954989898449514,0.946726875988072,0.949397928389146,0.9571616041325289,0.9512135168649054,0.9459037743104197
5,3,1.9631325295477202,0.2898968082553396,4167,2.2136164052145824,0.2541966426858513,834,2.203247906286505,0.2739,0.9779106240229841,0.0833685022572057,,,0.98,,0.9800300374643098,0.019969962535690167,0.9824675723190619,0.14667434097857587,10,0.025,0.15,0.9495842890272269,0.9524935318604325,0.9484525854058422,1.0,0.9490622906395144,0.9484421824736599,0.9548333491453551,0.9482908851617089,0.9561065749497125,0.9599966668497074,0.9547266624503074,0.9526409699168018
5,4,1.9687075972557069,0.289056875449964,4167,2.212261268070766,0.24729891956782712,833,2.2032538999485065,0.274,0.9775450161402859,0.08330408666771046,,,0.98,,0.9800300374643098,0.019969962535690167,0.9824675723190619,0.14667434097857587,10,0.025,0.15,0.9504440878609383,0.9554096432028993,0.9517661725950118,0.9490622906395144,1.0,0.9475807440754684,0.9518899635856377,0.9512483920338413,0.9551362049762354,0.9586430648155853,0.9525578320281118,0.9466843552298504
5,5,1.9627392483480048,0.2984641228701704,4167,2.20308518409729,0.2689075630252101,833,2.203265175034728,0.2725,0.9749013360245916,0.0830383050455711,,,0.98,,0.9800300374643098,0.019969962535690167,0.9824675723190619,0.14667434097857587,10,0.025,0.15,0.9465118306805126,0.9506237695422887,0.9530410570332531,0.9484421824736599,0.9475807440754684,1.0,0.9467874774227132,0.9502803684509751,0.9499311025643707,0.9493656096111459,0.9468583489516509,0.9502141470134373
5,6,1.9761746153686985,0.2817614590832733,4167,2.2068818977900913,0.2689075630252101,833,2.2032562660265573,0.2726,0.9767925648312914,0.08320366039513415,,,0.98,,0.9800300374643098,0.019969962535690167,0.9824675723190619,0.14667434097857587,10,0.025,0.15,0.950019622550638,0.9495033352832988,0.954989898449514,0.9548333491453551,0.9518899635856377,0.9467874774227132,1.0,0.9478714198983146,0.9501041609151487,0.9532850800602474,0.9548670901822427,0.9475638553580168
5,7,1.9612584099625097,0.2861051115910727,4167,2.1967831679752896,0.2857142857142857,833,2.2032574460476257,0.2739,0.9774544163364766,0.08329300382754887,,,0.98,,0.9800300374643098,0.019969962535690167,0.9824675723190619,0.14667434097857587,10,0.025,0.15,0.9512404348816006,0.9567814338764706,0.946726875988072,0.9482908851617089,0.9512483920338413,0.9502803684509751,0.9478714198983146,1.0,0.9504915802359816,0.9555785350704298,0.9532373733944972,0.9575944537090154
5,8,1.9694327253283876,0.2883101296207393,4166,2.209862845284598,0.2581032412965186,833,2.203235420999648,0.2745,0.9777433026975507,0.08342359462024808,,,0.98,,0.9800300374643098,0.019969962535690167,0.9824675723190619,0.14667434097857587,10,0.025,0.15,0.9454692859157988,0.9565878967707749,0.949397928389146,0.9561065749497125,0.9551362049762354,0.9499311025643707,0.9501041609151487,0.9504915802359816,1.0,0.9545118220031422,0.9521789369355784,0.9527065842263347
5,9,1.977420410604188,0.2777004320691311,4166,2.197317157472883,0.290516206482593,833,2.20323434057115,0.2745,0.9811865983994047,0.08370580336122445,,,0.98,,0.9800300374643098,0.019969962535690167,0.9824675723190619,0.14667434097857587,10,0.025,0.15,0.9555314467176408,0.9552203210251159,0.9571616041325289,0.9599966668497074,0.9586430648155853,0.9493656096111459,0.9532850800602474,0.9555785350704298,0.9545118220031422,1.0,0.9559820629215766,0.9576645825277437
5,10,1.9829556197831124,0.2795727316370619,4166,2.2018275942121233,0.2785114045618247,833,2.203236558769323,0.2743,0.9794582406583063,0.08348908029364105,,,0.98,,0.9800300374643098,0.019969962535690167,0.9824675723190619,0.14667434097857587,10,0.025,0.15,0.9563232704473315,0.9540887287180917,0.9512135168649054,0.9547266624503074,0.9525578320281118,0.9468583489516509,0.9548670901822427,0.9532373733944972,0.9521789369355784,0.9559820629215766,1.0,0.9607340003162678
5,11,1.9442965438871673,0.2977676428228517,4166,2.206814868109567,0.29531812725090034,833,2.2032344250739375,0.2744,0.9786745443444089,0.08350069932217255,,,0.98,,0.9800300374643098,0.019969962535690167,0.9824675723190619,0.14667434097857587,10,0.025,0.15,0.9532959847361616,0.9584830218675101,0.9459037743104197,0.9526409699168018,0.9466843552298504,0.9502141470134373,0.9475638553580168,0.9575944537090154,0.9527065842263347,0.9576645825277437,0.9607340003162678,1.0
6,0,1.9209697459683275,0.3078473722102232,4167,2.166556256158011,0.27218225419664266,834,2.1698841927926753,0.2919,0.9739055654274273,0.08315339086501518,,,0.98,,0.9800300374643098,0.019969962535690167,0.9889268250487434,0.1461812251621664,10,0.025,0.15,1.0,0.9489766232817985,0.9432504596917823,0.9438959030163534,0.9429986457779892,0.9418348714455912,0.9430508883326884,0.9442922642615373,0.9404495487936652,0.9463284750202922,0.9479043687041137,0.9464909158939072
6,1,1.9140778490991304,0.3051115910727142,4167,2.1552699974605014,0.3105515587529976,834,2.1698372816737694,0.2913,0.9757475893534128,0.08350030535166898,,,0.98,,0.9800300374643098,0.019969962535690167,0.9889268250487434,0.1461812251621664,10,0.025,0.15,0.9489766232817985,1.0,0.9394746201599585,0.9455681606236477,0.9477609310974899,0.9445152631710795,0.942489613839352,0.9492644362629935,0.9499042732912576,0.945708484018217,0.9453057601749314,0.9517488951750639
6,2,1.9062315236438405,0.3091432685385169,4167,2.1696959904261996,0.302158273381295,834,2.1699030278604243,0.2922,0.9731264048266791,0.08311673219798026,,,0.98,,0.9800300374643098,0.019969962535690167,0.9889268250487434,0.1461812251621664,10,0.025,0.15,0.9432504596917823,0.9394746201599585,1.0,0.942350843160986,0.9458832291278848,0.94607553202696,0.9463321926816821,0.9414334889813545,0.9425989738306841,0.9510198907001904,0.9429588443418723,0.939040208801104
6,3,1.9122960491613907,0.3067194624430046,4167,2.183306864329747,0.2673860911270983,834,2.1698534730114516,0.2919,0.9748529188843652,0.08336531766936979,,,0.98,,0.9800300374643098,0.019969962535690167,0.9889268250487434,0.1461812251621664,10,0.025,0.15,0.9438959030163534,0.9455681606236477,0.942350843160986,1.0,0.9426224069276885,0.9419325491095665,0.9480098634762752,0.9424552700744677,0.9500982057977261,0.9514507835919411,0.9467702070437891,0.9451845652018223
6,4,1.9207937063592853,0.30695944324454044,4167,2.1815078258514404,0.25570228091236497,833,2.1698628286772137,0.2919,0.9742150537008739,0.08330466305555248,,,0.98,,0.9800300374643098,0.019969962535690167,0.9889268250487434,0.1461812251621664,10,0.025,0.15,0.9429986457779892,0.9477609310974899,0.9458832291278848,0.9426224069276885,1.0,0.9411375033632171,0.9450188663410806,0.9436603995505445,0.9477362760519976,0.9513932648531803,0.9458817148326181,0.9388441645859777
6,5,1.9147191293311843,0.31634269258459324,4167,2.1703427178519115,0.2857142857142857,833,2.169891185398343,0.2923,0.9726696565653926,0.08308979544616511,,,0.98,,0.9800300374643098,0.019969962535690167,0.9889268250487434,0.1461812251621664,10,0.025,0.15,0.9418348714455912,0.9445152631710795,0.94607553202696,0.9419325491095665,0.9411375033632171,1.0,0.9410667772344243,0.945694742389825,0.944986056506254,0.9430293437564872,0.9403682636799361,0.9444511794565568
6,6,1.9339424552339497,0.29834413246940245,4167,2.1742421558925082,0.2857142857142857,833,2.1698796115344083,0.2922,0.9733099165521841,0.08321301019149302,,,0.98,,0.9800300374643098,0.019969962535690167,0.9889268250487434,0.1461812251621664,10,0.025,0.15,0.9430508883326884,0.942489613839352,0.9463321926816821,0.9480098634762752,0.9450188663410806,0.9410667772344243,1.0,0.9419245021493463,0.9423946573083004,0.9441348594891981,0.9478458131758136,0.9401936648416883
6,7,1.912271468928366,0.3053035757139429,4167,2.1619969436100552,0.3013205282112845,833,2.169866827469838,0.2919,0.9744780863226484,0.083306372114357,,,0.98,,0.9800300374643098,0.019969962535690167,0.9889268250487434,0.1461812251621664,10,0.025,0.15,0.9442922642615373,0.9492644362629935,0.9414334889813545,0.9424552700744677,0.9436603995505445,0.945694742389825,0.9419245021493463,1.0,0.942598753273901,0.9479987192531619,0.9449852650518058,0.9517066188748583
6,8,1.9216439211007321,0.3072011521843495,4166,2.177570785794939,0.29411764705882354,833,2.1698377192774907,0.2913,0.9746484653245794,0.08339275913572375,,,0.98,,0.9800300374643098,0.019969962535690167,0.9889268250487434,0.1461812251621664,10,0.025,0.15,0.9404495487936652,0.9499042732912576,0.9425989738306841,0.9500982057977261,0.9477362760519976,0.944986056506254,0.9423946573083004,0.942598753273901,1.0,0.9466034400349727,0.9442299033774462,0.9463222136037952
6,9,1.9299976327202537,0.2960633701392223,4166,2.162048884800502,0.3037214885954382,833,2.169836916501009,0.2913,0.9768062150602851,0.0836377451273088,,,0.98,,0.9800300374643098,0.019969962535690167,0.9889268250487434,0.1461812251621664,10,0.025,0.15,0.9463284750202922,0.945708484018217,0.9510198907001904,0.9514507835919411,0.9513932648531803,0.9430293437564872,0.9441348594891981,0.9479987192531619,0.9466034400349727,1.0,0.94706010104983,0.9482941602437427
6,10,1.939311733751586,0.29623139702352375,4166,2.168233667101179,0.3025210084033613,833,2.1698389536217797,0.2913,0.9753987127410655,0.08345773745396293,,,0.98,,0.9800300374643098,0.019969962535690167,0.9889268250487434,0.1461812251621664,10,0.025,0.15,0.9479043687041137,0.9453057601749314,0.9429588443418723,0.9467702070437891,0.9458817148326181,0.9403682636799361,0.9478458131758136,0.9449852650518058,0.9442299033774462,0.94706010104983,1.0,0.9533554680547934
