round,client_id,client_i_training_loss,client_i_training_accuracy,client_i_training_dataset_size,client_i_evaluation_loss,client_i_evaluation_accuracy,client_i_evaluation_dataset_size,client_i_central_evaluation_loss,client_i_central_evaluation_accuracy,client_i_cosine_similarity,client_i_importance_coefficient,client_i_tanh_val,tanh_normalization_value,client_i_q,client_i_mask_order,client_i_v_nonzero_fraction,client_i_v_sparsity,client_i_v_cosine_similarity,client_i_reward_gradient_norm,local_epochs,learning_rate,gamma,client_0_cosine_similarity,client_1_cosine_similarity,client_2_cosine_similarity,client_3_cosine_similarity,client_4_cosine_similarity,client_5_cosine_similarity,client_6_cosine_similarity,client_7_cosine_similarity,client_8_cosine_similarity,client_9_cosine_similarity,client_10_cosine_similarity,client_11_cosine_similarity
0,0,0.3423119453238739,0.8938,5000,2.173247081262094,0.4172661870503597,834,2.17001846042304,0.4246,0.7929110890347881,0.0832987116409129,,,0.7467686040577998,,0.7467847999598414,0.25321520004015863,0,0.39625032012837363,5,0.1,0.5,1.0,0.5881725440622658,0.5983425881145507,0.6049837524599124,0.5919016623316746,0.6032166072477113,0.6023178634181479,0.5889957395718254,0.5860132672805418,0.6001683033086654,0.583398688598305,0.6001206706238961
0,1,0.3441796636790227,0.891,5000,2.166227835196036,0.4460431654676259,834,2.1700475985249774,0.4244,0.7917060622772748,0.08317211841024452,,,0.7266731270538611,,0.7266904271873902,0.2733095728126098,0,0.3961361848133623,5,0.1,0.5,0.5881725440622658,1.0,0.594819897215143,0.5954078972006195,0.5737484136030927,0.5937115192988316,0.6000965760069917,0.5956933613341563,0.6116490501768768,0.6096567495173234,0.5878103293077153,0.5853948310572756
0,2,0.34217210011853344,0.89284,5000,2.1701033733509205,0.42326139088729015,834,2.170059555254805,0.4247,0.7922136736553851,0.08322544516326336,,,0.7351382442905947,,0.7351588775663872,0.2648411224336128,0,0.39618711979695964,5,0.1,0.5,0.5983425881145507,0.594819897215143,1.0,0.5964960099461329,0.580071352335769,0.5956573413229854,0.6062121918458483,0.6028361211502304,0.5951109921127508,0.5907023801111764,0.5861993631920912,0.594544829926389
0,3,0.3380399391428823,0.89324,5000,2.175456258985731,0.4172661870503597,834,2.1700327007915265,0.4247,0.792650901146229,0.08327137778696475,,,0.7424296134929488,,0.7424426484614226,0.2575573515385774,0,0.3962270805345404,5,0.1,0.5,0.6049837524599124,0.5954078972006195,0.5964960099461329,1.0,0.5900567614572934,0.595531429648323,0.6005835736325225,0.5940151280460455,0.5985397699817933,0.5947256410423257,0.5810692340978333,0.5937457850443179
0,4,0.353003787566095,0.88956,5000,2.1717205754032842,0.4105642256902761,833,2.170811535832219,0.4238,0.7841100988906934,0.08237412986837156,,,0.6,,0.6,0.4,0,0.39466701397801435,5,0.1,0.5,0.5919016623316746,0.5737484136030927,0.580071352335769,0.5900567614572934,1.0,0.5957709853176468,0.600725818877115,0.5894790680487775,0.5867482588691741,0.5820865717594739,0.5858273960440048,0.5874397556378156
0,5,0.32928784030614194,0.8966,5000,2.169598279175935,0.4225690276110444,833,2.169972977318322,0.4248,0.7945545151527508,0.08347136060521224,,,0.7741749928000188,,0.7741830229406155,0.22581697705938453,0,0.39637198705243337,5,0.1,0.5,0.6032166072477113,0.5937115192988316,0.5956573413229854,0.595531429648323,0.5957709853176468,1.0,0.6084002886912014,0.5997398531239828,0.6078074710130894,0.5929745481317434,0.5872426204256047,0.5832226046478634
0,6,0.3403418786776294,0.893,5000,2.164794400886253,0.43217286914765907,833,2.169835211750798,0.4248,0.8050978746402196,0.08457898575236744,,,0.9499999998412594,,0.9500025099141609,0.04999749008583909,0,0.39661849028538804,5,0.1,0.5,0.6023178634181479,0.6000965760069917,0.6062121918458483,0.6005835736325225,0.600725818877115,0.6084002886912014,1.0,0.6115298524426306,0.6098709341607758,0.606568229252591,0.6035256808665243,0.6138053166572711
0,7,0.3400054091979174,0.89768,5000,2.1644318103790283,0.4141656662665066,833,2.169868101327183,0.4247,0.7984717442957874,0.08388288233233852,,,0.8395001714089008,,0.8395160885497716,0.16048391145022844,0,0.3965412547687822,5,0.1,0.5,0.5889957395718254,0.5956933613341563,0.6028361211502304,0.5940151280460455,0.5894790680487775,0.5997398531239828,0.6115298524426306,1.0,0.6136872290865668,0.5971383577818669,0.5986896996930774,0.6087585268884077
0,8,0.33460120979079583,0.894,5000,2.172772513495551,0.43217286914765907,833,2.169901773190727,0.4246,0.7973370689180421,0.08376367981593545,,,0.8205779003321437,,0.8206013754329602,0.1793986245670398,0,0.39650549097982696,5,0.1,0.5,0.5860132672805418,0.6116490501768768,0.5951109921127508,0.5985397699817933,0.5867482588691741,0.6078074710130894,0.6098709341607758,0.6136872290865668,1.0,0.603927049284352,0.5921353571119136,0.5842727073031889
0,9,0.3697408754473469,0.88508,5000,2.1765519689630577,0.43577430972388953,833,2.170027306285529,0.4246,0.7926995510504161,0.08327648866811685,,,0.7432409174949052,,0.7432558606495658,0.25674413935043416,0,0.3962318913303528,5,0.1,0.5,0.6001683033086654,0.6096567495173234,0.5907023801111764,0.5947256410423257,0.5820865717594739,0.5929745481317434,0.606568229252591,0.5971383577818669,0.603927049284352,1.0,0.5821189101762817,0.5855513349269197
0,10,0.3547024901790224,0.89036,5000,2.1644153153454817,0.42016806722689076,833,2.170523704431308,0.4236,0.7860022271937769,0.08257290606419702,,,0.631553839419778,,0.6315747201445711,0.36842527985542894,0,0.39518381959861154,5,0.1,0.5,0.583398688598305,0.5878103293077153,0.5861993631920912,0.5810692340978333,0.5858273960440048,0.5872426204256047,0.6035256808665243,0.5986896996930774,0.5921353571119136,0.5821189101762817,1.0,0.5938497219861839
0,11,0.3419778004514089,0.89416,5000,2.169759609081127,0.42016806722689076,833,2.1700846036783044,0.424,0.791132982224464,0.08311191389207546,,,0.7171162297062554,,0.7171326740625471,0.2828673259374529,0,0.39607357457925946,5,0.1,0.5,0.6001206706238961,0.5853948310572756,0.594544829926389,0.5937457850443179,0.5874397556378156,0.5832226046478634,0.6138053166572711,0.6087585268884077,0.5842727073031889,0.5855513349269197,0.5938497219861839,1.0
1,0,0.30227750747992543,0.90716,5000,2.003918758145085,0.7278177458033573,834,2.002268196294864,0.7175,0.8103660295566173,0.08320164728589392,,,0.7238338665411774,,0.723849204357211,0.276150795642789,0.9610420842568045,0.40618012587599234,5,0.1,0.5,1.0,0.6252409382622164,0.6287332024503257,0.6340981937911865,0.6217825283205108,0.6292007737529072,0.635846523133123,0.6280872130685463,0.6271462574160528,0.619815039189661,0.6171193079210822,0.6438101513783903
1,1,0.30259807060241317,0.9044,5000,1.9984990225897894,0.7230215827338129,834,2.0025805821433997,0.7176,0.8068791298985458,0.08299678735083263,,,0.6842070822171673,,0.6842176597560363,0.3157823402439637,0.9605253377807507,0.4058348272268986,5,0.1,0.5,0.6252409382622164,1.0,0.6237259859889414,0.6220564313969206,0.6235740139913123,0.6303193053692916,0.6253197353721756,0.6298855864268053,0.6361590131868121,0.6236060134680759,0.6153334660888984,0.6222202489645402
1,2,0.30289806501145006,0.90712,5000,2.0002384583155313,0.7278177458033573,834,2.002275159945503,0.7168,0.8135073747490292,0.08326246660332842,,,0.7355983629713325,,0.7356156819436775,0.26438431805632245,0.9610810552764373,0.40626154183172414,5,0.1,0.5,0.6287332024503257,0.6237259859889414,1.0,0.6330676286066378,0.6290530546295152,0.6359920669818824,0.6289514522758903,0.6358024772801514,0.6383456505870673,0.6310250133761893,0.6269154294672055,0.6303855754690306
1,3,0.2918747539299831,0.9088,5000,2.008161774388066,0.7074340527577938,834,2.0022055546696573,0.7177,0.81660620208347,0.08340054998426467,,,0.7623083214288212,,0.7623211686160334,0.23767883138396662,0.9612378681301891,0.4064115320896289,5,0.1,0.5,0.6340981937911865,0.6220564313969206,0.6330676286066378,1.0,0.633958057870979,0.6453614327984593,0.6350028566543383,0.6327475168890384,0.6442255569816918,0.6274279812742243,0.6313343474527321,0.6327501464375846
1,4,0.308218791448529,0.9046,5000,2.005045003361172,0.6974789915966386,833,2.0044891533379356,0.7134,0.8095200241197719,0.08256145913308831,,,0.6,,0.6,0.4,0.958203094435485,0.4045867626577038,5,0.1,0.5,0.6217825283205108,0.6235740139913123,0.6290530546295152,0.633958057870979,1.0,0.6348568810020484,0.6396173084526313,0.6252210917594224,0.6292228553667641,0.6346385461851067,0.6164967054872977,0.6182726010835262
1,5,0.2981704912878051,0.90912,5000,2.0034101892400673,0.7082833133253301,833,2.0019795372844125,0.7182,0.8167875480905984,0.08353896270202733,,,0.7890819846775181,,0.7890969328848954,0.21090306711510465,0.961658569603725,0.4065263764895191,5,0.1,0.5,0.6292007737529072,0.6303193053692916,0.6359920669818824,0.6453614327984593,0.6348568810020484,1.0,0.637600612405204,0.63354652964513,0.6456425638362151,0.6278847075322356,0.6267189668326217,0.6257418396322921
1,6,0.29612471512904404,0.9102,5000,1.9942013466799702,0.7226890756302521,833,2.001528788298464,0.7189,0.8196698318056361,0.0843708660394262,,,0.9499999998065665,,0.9500025099141609,0.04999749008583909,0.9625021669826501,0.4067571817337103,5,0.1,0.5,0.635846523133123,0.6253197353721756,0.6289514522758903,0.6350028566543383,0.6396173084526313,0.637600612405204,1.0,0.6358080585495173,0.644659597110642,0.6428539588965998,0.6316437080561568,0.6389941256836104
1,7,0.2961872931142711,0.90984,5000,1.9975071527339794,0.6938775510204082,833,2.001688032866286,0.7193,0.8150867157105293,0.08375167709066424,,,0.8302280838335401,,0.830249485467597,0.16975051453240297,0.9621711334166062,0.40664679106609936,5,0.1,0.5,0.6280872130685463,0.6298855864268053,0.6358024772801514,0.6327475168890384,0.6252210917594224,0.63354652964513,0.6358080585495173,1.0,0.6396800216083546,0.6375581190293691,0.6237078327829112,0.6323400680152701
1,8,0.2932242159725754,0.90944,5000,2.007889323764377,0.7466986794717887,833,2.001685524520021,0.7191,0.8217159384512516,0.08390341836877117,,,0.8595799378151112,,0.8595954018372571,0.14040459816274287,0.962146495972443,0.4066987971862941,5,0.1,0.5,0.6271462574160528,0.6361590131868121,0.6383456505870673,0.6442255569816918,0.6292228553667641,0.6456425638362151,0.644659597110642,0.6396800216083546,1.0,0.6375645167443261,0.6408218001673615,0.6362318519831102
1,9,0.32329754039740105,0.90076,5000,2.006095427053946,0.7070828331332533,833,2.0022204345026715,0.7168,0.812441111118397,0.08325911366511758,,,0.7349497922330233,,0.7349580844335124,0.2650419155664876,0.9611299588603475,0.40625614783111746,5,0.1,0.5,0.619815039189661,0.6236060134680759,0.6310250133761893,0.6274279812742243,0.6346385461851067,0.6278847075322356,0.6428539588965998,0.6375581190293691,0.6375645167443261,1.0,0.618161202294115,0.6306022509619862
1,10,0.31309795272151,0.90508,5000,1.9947674936718411,0.7310924369747899,833,2.0040468404087397,0.7148,0.8063249964097804,0.08258168446646538,,,0.6039122580185078,,0.6039255057477034,0.39607449425229657,0.9584025284101536,0.4046669017597806,5,0.1,0.5,0.6171193079210822,0.6153334660888984,0.6269154294672055,0.6313343474527321,0.6164967054872977,0.6267189668326217,0.6316437080561568,0.6237078327829112,0.6408218001673615,0.618161202294115,1.0,0.6264060569179507
1,11,0.30087965367373765,0.90772,5000,2.0032703699889005,0.7106842737094838,833,2.002395803555132,0.7169,0.8130442756602202,0.08317136731012006,,,0.7179767033581083,,0.717991064705587,0.28200893529441295,0.9608246042417398,0.40613624887622046,5,0.1,0.5,0.6438101513783903,0.6222202489645402,0.6303855754690306,0.6327501464375846,0.6182726010835262,0.6257418396322921,0.6389941256836104,0.6323400680152701,0.6362318519831102,0.6306022509619862,0.6264060569179507,1.0
2,0,0.2684977247961055,0.92048,5000,1.7964834769566853,0.8669064748201439,834,1.7971958177158247,0.8602,0.8151200391135263,0.08331787081650281,,,0.7512226843715775,,0.7512373876813413,0.2487626123186587,0.9680915802051505,0.40607469796499557,5,0.1,0.5,1.0,0.6324235304220192,0.6346643119531813,0.6276348875639353,0.6324920198735008,0.6327996587260974,0.6393969492184933,0.6221986913968597,0.6264651311497698,0.6356168971788453,0.6287018386946733,0.6411364833367729
2,1,0.2676354569400762,0.9188,5000,1.7926519093690094,0.86810551558753,834,1.7978212612505537,0.8596,0.8143837383206786,0.08315691245863022,,,0.7111695717343031,,0.7111891973294513,0.2888108026705487,0.9672576245198554,0.40576632258781936,5,0.1,0.5,0.6324235304220192,1.0,0.6324385275837381,0.6309504220487862,0.6308620838258243,0.6313062760239532,0.6372350424662958,0.6241018901054148,0.62970876498947,0.6350355976958311,0.6279013072450385,0.635246660433588
2,2,0.27657071477170014,0.91484,5000,1.7925810195781566,0.8645083932853717,834,1.7972069693068726,0.8601,0.8145398569904796,0.08333787950561959,,,0.756201675767308,,0.7562220772049596,0.2437779227950404,0.9682482842406123,0.40610522335831417,5,0.1,0.5,0.6346643119531813,0.6324385275837381,1.0,0.6319939921095833,0.6337194236732296,0.6301290300783787,0.6297161627568433,0.6324210738545601,0.6337488122233349,0.6224344646713588,0.6333931710544053,0.6329927158585315
2,3,0.26641499559768733,0.91808,5000,1.8043551312552557,0.8585131894484412,834,1.7969863342400938,0.8605,0.8127297127636509,0.08336616642809924,,,0.7632406348323357,,0.7632548566839014,0.23674514331609864,0.9685262824971352,0.4061456600421211,5,0.1,0.5,0.6276348875639353,0.6309504220487862,0.6319939921095833,1.0,0.6367482533342523,0.6328792826980371,0.634829835251809,0.6224076646249314,0.6310387686930073,0.6280448869509904,0.6216773014786885,0.6310803181166257
2,4,0.27412061669573096,0.91568,5000,1.8019532495074801,0.8559423769507803,833,1.801041652219364,0.8575,0.8140805973687224,0.08285874327987999,,,0.6369727182170764,,0.6369860950755484,0.3630139049244516,0.9653834726124794,0.40483089678407613,5,0.1,0.5,0.6324920198735008,0.6308620838258243,0.6337194236732296,0.6367482533342523,1.0,0.629159617443525,0.6348064635811972,0.6273248082666188,0.6271486331349929,0.641126628340542,0.6309744431966382,0.6218589197918925
2,5,0.26158538366412853,0.92304,5000,1.7998360042218808,0.8619447779111644,833,1.7965413290090835,0.8608,0.8118616330991103,0.08342743071764112,,,0.7784857300364375,,0.7784950554691029,0.22150494453089709,0.9688218571968756,0.4062239041139578,5,0.1,0.5,0.6327996587260974,0.6313062760239532,0.6301290300783787,0.6328792826980371,0.629159617443525,1.0,0.6258155300099996,0.6315569261598658,0.6307711353186541,0.6284544332157942,0.6177789756455099,0.629523321759134
2,6,0.2737369459383427,0.9186,5000,1.786748797805221,0.8403361344537815,833,1.7955213476674625,0.8608,0.8158760948900281,0.08411668189906635,,,0.9499999997511586,,0.9500025099141609,0.04999749008583909,0.969665731151469,0.4065302525161409,5,0.1,0.5,0.6393969492184933,0.6372350424662958,0.6297161627568433,0.634829835251809,0.6348064635811972,0.6258155300099996,1.0,0.6318054567584558,0.6335108083279992,0.6301278423395911,0.6314662228199466,0.6270816608392783
2,7,0.26732061298172566,0.919,5000,1.7941627237531874,0.858343337334934,833,1.7960690587473374,0.8611,0.809560694151731,0.0834879603088999,,,0.793548001847729,,0.793559560263039,0.20644043973696102,0.9691386218637505,0.4062903570834055,5,0.1,0.5,0.6221986913968597,0.6241018901054148,0.6324210738545601,0.6224076646249314,0.6273248082666188,0.6315569261598658,0.6318054567584558,1.0,0.6281088369652196,0.6272001066950913,0.6260590240448661,0.6235526141868158
2,8,0.263025815402911,0.92,5000,1.8062308850111786,0.8763505402160864,833,1.795862357075603,0.8608,0.8139027174636151,0.08373920939392036,,,0.8560691907772409,,0.8560865418402691,0.1439134581597309,0.9694286585793895,0.40646046226346233,5,0.1,0.5,0.6264651311497698,0.62970876498947,0.6337488122233349,0.6310387686930073,0.6271486331349929,0.6307711353186541,0.6335108083279992,0.6281088369652196,1.0,0.6345816486997705,0.6325792086247598,0.6308445621774136
2,9,0.2975109222279802,0.91144,5000,1.7978921907919425,0.851140456182473,833,1.7972095785811306,0.8602,0.8130089965958739,0.08328242935506965,,,0.7424033793937281,,0.7424175493198133,0.2575824506801867,0.9681628547479605,0.4060159374490342,5,0.1,0.5,0.6356168971788453,0.6350355976958311,0.6224344646713588,0.6280448869509904,0.641126628340542,0.6284544332157942,0.6301278423395911,0.6272001066950913,0.6345816486997705,1.0,0.6239099617656089,0.6262027057888097
2,10,0.28183755239436203,0.91464,5000,1.78831653241758,0.8619447779111644,833,1.8011370383131617,0.8575,0.8094236546887698,0.08271016386573557,,,0.6,,0.6,0.4,0.9652168056225624,0.4041273415493728,5,0.1,0.5,0.6287018386946733,0.6279013072450385,0.6333931710544053,0.6216773014786885,0.6309744431966382,0.6177789756455099,0.6314662228199466,0.6260590240448661,0.6325792086247598,0.6239099617656089,1.0,0.6262795303184282
2,11,0.27088731047430425,0.9168,5000,1.7991696419539276,0.8571428571428571,833,1.7975150076345132,0.86,0.8122641362176245,0.08319855197093506,,,0.7215312087350194,,0.7215551428141157,0.2784448571858843,0.9678620417576278,0.4058577643954693,5,0.1,0.5,0.6411364833367729,0.635246660433588,0.6329927158585315,0.6310803181166257,0.6218589197918925,0.629523321759134,0.6270816608392783,0.6235526141868158,0.6308445621774136,0.6262027057888097,0.6262795303184282,1.0
3,0,0.24306384070782336,0.92672,5000,1.5626161451692935,0.9124700239808153,834,1.5669339442024597,0.9099,0.8099678558111869,0.083479119053965,,,0.80409207491948,,0.8041062195672908,0.19589378043270922,0.9702905547102116,0.4025445723749288,5,0.1,0.5,1.0,0.6163602983136142,0.6186545799618179,0.6279141768543575,0.618595168432206,0.6170092765542626,0.6267113406743566,0.6198396172937995,0.6211803510287265,0.6181759283948633,0.6174707983626121,0.6272928332629736
3,1,0.25344712272594877,0.92352,5000,1.561286732002541,0.9052757793764988,834,1.5684057218959917,0.9094,0.80116829167391,0.08306546532344887,,,0.7030873350133431,,0.7031072737312384,0.2968927262687616,0.9691779790169609,0.40189208570905793,5,0.1,0.5,0.6163602983136142,1.0,0.6040593841552703,0.6200023417086293,0.6122772837192813,0.6081325156383756,0.6182624898755469,0.6147539354385051,0.6162949408882306,0.6105021045862816,0.6068579205029849,0.6173752353595255
3,2,0.2556323387037227,0.92144,5000,1.5596081813176472,0.9184652278177458,834,1.5674927196563624,0.9099,0.8001420575396627,0.08314961186723616,,,0.7236339882699943,,0.7236484112243361,0.2763515887756639,0.9697521149989836,0.40208190499577884,5,0.1,0.5,0.6186545799618179,0.6040593841552703,1.0,0.6235583125621917,0.6093287384111109,0.6120409504023924,0.6158555535593094,0.6158734976780019,0.6151258768249026,0.6034215889246092,0.601038941938881,0.6150940552321306
3,3,0.23799817337518095,0.92764,5000,1.5768106601856373,0.8992805755395683,834,1.5665523724053234,0.9101,0.8124000026480147,0.08359597423054661,,,0.8326254250299314,,0.8326439435771297,0.16735605642287033,0.9704311132742726,0.402629041237375,5,0.1,0.5,0.6279141768543575,0.6200023417086293,0.6235583125621917,1.0,0.6305367170786312,0.6242621799468705,0.6256791613773519,0.6265116333072298,0.6281284288752028,0.6149457602907477,0.6100992310226349,0.620823332504086
3,4,0.25342242708014456,0.9228,5000,1.5734958560378463,0.9135654261704682,833,1.5723725450686372,0.9081,0.805296558942073,0.08301184952927516,,,0.6899955895608869,,0.6900005019828321,0.30999949801716786,0.9682179896236868,0.40174962949461385,5,0.1,0.5,0.618595168432206,0.6122772837192813,0.6093287384111109,0.6305367170786312,1.0,0.6145869613933841,0.6249706632884674,0.6198571862377096,0.6180861995896634,0.6168477452429689,0.6079181099924811,0.6130774872385633
3,5,0.23668067828413977,0.92888,5000,1.5710720044595223,0.9003601440576231,833,1.5663049521918495,0.9102,0.8030767097226693,0.08331134126609159,,,0.7631245927574397,,0.7631343808041765,0.2368656191958235,0.9703262610701213,0.40235626216722475,5,0.1,0.5,0.6170092765542626,0.6081325156383756,0.6120409504023924,0.6242621799468705,0.6145869613933841,1.0,0.6216993698830552,0.6193021940503196,0.6182317067721327,0.6089881501573804,0.6020259200915058,0.6156953019961909
3,6,0.24787088379880806,0.92544,5000,1.555363791960257,0.9003601440576231,833,1.5645733591847526,0.91,0.8119197704999378,0.08407666880733805,,,0.9499999997558229,,0.9500025099141609,0.04999749008583909,0.9713658168171236,0.40275141072272874,5,0.1,0.5,0.6267113406743566,0.6182624898755469,0.6158555535593094,0.6256791613773519,0.6249706632884674,0.6216993698830552,1.0,0.6243332044061338,0.6227884176706047,0.6221408609246655,0.6221632502383287,0.6199347075817923
3,7,0.24489108459181658,0.92748,5000,1.5655390818913777,0.9135654261704682,833,1.5654681349714723,0.91,0.8084821465562472,0.0835400272646433,,,0.818964460985074,,0.8189749510566738,0.18102504894332616,0.9707422392163039,0.40259234520887405,5,0.1,0.5,0.6198396172937995,0.6147539354385051,0.6158734976780019,0.6265116333072298,0.6198571862377096,0.6193021940503196,0.6243332044061338,1.0,0.6247955350142494,0.6118992134947843,0.6157587458182304,0.621122695169409
3,8,0.24446666819298532,0.92544,5000,1.5814500782224867,0.9243697478991597,833,1.5650560337895403,0.9104,0.8093872369393238,0.08373813076441218,,,0.8673367854499954,,0.8673510365945485,0.13264896340545151,0.971179283646877,0.4026947950395222,5,0.1,0.5,0.6211803510287265,0.6162949408882306,0.6151258768249026,0.6281284288752028,0.6180861995896634,0.6182317067721327,0.6227884176706047,0.6247955350142494,1.0,0.6196698534177685,0.6168702018814605,0.6205140374540414
3,9,0.2736549358892071,0.91796,5000,1.5633833982326366,0.9063625450180072,833,1.5675551792303213,0.91,0.7998128532310962,0.08310137492895044,,,0.7118556358800899,,0.7118718939812259,0.28812810601877414,0.9694722636762938,0.4019762024379208,5,0.1,0.5,0.6181759283948633,0.6105021045862816,0.6034215889246092,0.6149457602907477,0.6168477452429689,0.6089881501573804,0.6221408609246655,0.6118992134947843,0.6196698534177685,1.0,0.5943462071197652,0.6101271421658018
3,10,0.26150590159283704,0.92468,5000,1.55827823833183,0.9099639855942377,833,1.573791256727883,0.9073,0.797554249120593,0.08264328255522568,,,0.6,,0.6,0.4,0.9672076674268725,0.40026794124241616,5,0.1,0.5,0.6174707983626121,0.6068579205029849,0.601038941938881,0.6100992310226349,0.6079181099924811,0.6020259200915058,0.6221632502383287,0.6157587458182304,0.6168702018814605,0.5943462071197652,1.0,0.6174383300424043
3,11,0.24939538113013573,0.92372,5000,1.569935750078272,0.907563025210084,833,1.5676024066754424,0.9097,0.8067320669169474,0.08328715440886715,,,0.7572187177637507,,0.7572310626976557,0.24276893730234428,0.9697677733406028,0.402321756869504,5,0.1,0.5,0.6272928332629736,0.6173752353595255,0.6150940552321306,0.620823332504086,0.6130774872385633,0.6156953019961909,0.6199347075817923,0.621122695169409,0.6205140374540414,0.6101271421658018,0.6174383300424043,1.0
4,0,0.22117919747474468,0.93484,5000,1.3148749669392903,0.9304556354916067,834,1.3227874044412242,0.9294,0.7963433915302581,0.0834202475519936,,,0.811858126799959,,0.8118769138095477,0.18812308619045226,0.969787297381609,0.39812074485307736,5,0.1,0.5,1.0,0.602599136706184,0.6049821036334116,0.6064811386231189,0.5989159369741759,0.5963017671809823,0.6004716128690971,0.5974154561311886,0.6005914754146668,0.6004383485864101,0.594519611034827,0.6093477292500039
4,1,0.2255977016096567,0.93156,5000,1.3156087001164753,0.920863309352518,834,1.3249667345906218,0.9285,0.7981323348079354,0.08320769263766942,,,0.753145108477885,,0.753159981928618,0.246840018071382,0.9685144545773372,0.39782571636328856,5,0.1,0.5,0.602599136706184,1.0,0.6044298523634964,0.6107134446231205,0.5992058900093772,0.600159460754315,0.6086365065414385,0.6025130557819288,0.6068147396595905,0.6032688191039526,0.5965975973007231,0.5960898514017545
4,2,0.23389111813395078,0.92756,5000,1.312695688671536,0.934052757793765,834,1.323729568776993,0.9288,0.7978969557761066,0.08325543163215257,,,0.7663318205643994,,0.7663470709301742,0.23365292906982582,0.9688772592936296,0.39790861388586546,5,0.1,0.5,0.6049821036334116,0.6044298523634964,1.0,0.6132513194646061,0.6018557051057725,0.6016516204515235,0.6018819633789577,0.605075980006821,0.6047368889252273,0.5935579458238099,0.5961647233995494,0.6008251112534829
4,3,0.21868458793729922,0.9332,5000,1.3360541970641524,0.9280575539568345,834,1.322047531795197,0.9294,0.8034776255682493,0.08374779034745712,,,0.9023336926670527,,0.9023492796546358,0.09765072034536415,0.9701163689063917,0.3982974498667556,5,0.1,0.5,0.6064811386231189,0.6107134446231205,0.6132513194646061,1.0,0.6112574468194875,0.6065464991352296,0.6048358814891741,0.6116269629737922,0.6162725661854165,0.5999426154257314,0.5994502442514394,0.5993137405775737
4,4,0.23236126092612552,0.92784,5000,1.3303869432873197,0.929171668667467,833,1.3295410597286286,0.928,0.7942615073622943,0.0830364881337749,,,0.7058541144966819,,0.7058731991365895,0.2941268008634105,0.9681737891563795,0.39742396292470045,5,0.1,0.5,0.5989159369741759,0.5992058900093772,0.6018557051057725,0.6112574468194875,1.0,0.5978156667165136,0.6038803154858794,0.5992099033402294,0.6087813161745498,0.6002136717988825,0.5854625367323301,0.58761794070121
4,5,0.2200740967978053,0.93516,5000,1.3281477204075567,0.9207683073229291,833,1.322751881215519,0.9293,0.7918532433502321,0.08315140858381297,,,0.7375980358739828,,0.7376135736157824,0.2623864263842176,0.9690670938434038,0.39771258883804056,5,0.1,0.5,0.5963017671809823,0.600159460754315,0.6016516204515235,0.6065464991352296,0.5978156667165136,1.0,0.591204895026877,0.601452184447854,0.5995390795238918,0.5945171304947731,0.5891114638846668,0.5916398789548116
4,6,0.2251218341267223,0.93376,5000,1.3107518884870741,0.9255702280912365,833,1.319781864032197,0.9294,0.7992727606492506,0.08392035357282247,,,0.9499999997237748,,0.9500025099141609,0.04999749008583909,0.9704807042828578,0.39831823177921166,5,0.1,0.5,0.6004716128690971,0.6086365065414385,0.6018819633789577,0.6048358814891741,0.6038803154858794,0.591204895026877,1.0,0.6030132400450645,0.6057607554254283,0.609061690775246,0.6065273628685124,0.6020451300806023
4,7,0.22406069148438656,0.93428,5000,1.3228001241330747,0.9327731092436975,833,1.320994981561606,0.9294,0.7984298459118269,0.08353382454346767,,,0.8432309511008442,,0.843245820992922,0.156754179007078,0.9699789097622454,0.39821125517588446,5,0.1,0.5,0.5974154561311886,0.6025130557819288,0.605075980006821,0.6116269629737922,0.5992099033402294,0.601452184447854,0.6030132400450645,1.0,0.6109478377785512,0.6034746995329168,0.6014473976168265,0.5955106199247792
4,8,0.21978406022676522,0.93416,5000,1.3426880659880462,0.9399759903961584,833,1.32035694068994,0.9291,0.8017867149480118,0.08378315724602903,,,0.9121029204002689,,0.9121228853973194,0.08787711460268055,0.9703197799968851,0.39830427319500306,5,0.1,0.5,0.6005914754146668,0.6068147396595905,0.6047368889252273,0.6162725661854165,0.6087813161745498,0.5995390795238918,0.6057607554254283,0.6109478377785512,1.0,0.6098984813764895,0.5995577378440512,0.5999617673289002
4,9,0.25077072278934587,0.92368,5000,1.3143682214948866,0.9231692677070829,833,1.3241901565283631,0.9288,0.7955747615420021,0.08314203021483414,,,0.7350074942653092,,0.7350333818583404,0.26496661814165956,0.968630633636035,0.39769243270290167,5,0.1,0.5,0.6004383485864101,0.6032688191039526,0.5935579458238099,0.5999426154257314,0.6002136717988825,0.5945171304947731,0.609061690775246,0.6034746995329168,0.6098984813764895,1.0,0.5952055382384042,0.5968126639535577
4,10,0.24059329888587638,0.92848,5000,1.3140740438743874,0.9303721488595438,833,1.333029221041134,0.9273,0.7903197730203374,0.08265327138081764,,,0.6,,0.6,0.4,0.9659691884185199,0.3957432807447519,5,0.1,0.5,0.594519611034827,0.5965975973007231,0.5961647233995494,0.5994502442514394,0.5854625367323301,0.5891114638846668,0.6065273628685124,0.6014473976168265,0.5995577378440512,0.5952055382384042,1.0,0.5943508090083207
4,11,0.22962464939352054,0.92964,5000,1.3280314251228615,0.9279711884753902,833,1.324275030876501,0.9287,0.7922241324808565,0.08314830415516851,,,0.7367405145296229,,0.7367551829727423,0.26324481702725766,0.9690124230456671,0.3977052820558992,5,0.1,0.5,0.6093477292500039,0.5960898514017545,0.6008251112534829,0.5993137405775737,0.58761794070121,0.5916398789548116,0.6020451300806023,0.5955106199247792,0.5999617673289002,0.5968126639535577,0.5943508090083207,1.0
5,0,0.2123370333212861,0.93532,5000,1.0680943859948053,0.9412470023980816,834,1.0800310293325601,0.9391,0.7794048182160178,0.08318214545392073,,,0.7338844297724947,,0.7338989006575976,0.26610109934240245,0.9678484774506507,0.392026184710335,5,0.1,0.5,1.0,0.5772482948634418,0.5761433621382454,0.5751489582599012,0.5752855796736714,0.5761614351391048,0.5838996777700078,0.5791823943317578,0.5773621489232637,0.5775183829658537,0.5680241216006736,0.5789019743004478
5,1,0.20840656339327335,0.93636,5000,1.0709457000096638,0.9304556354916067,834,1.0819373199353204,0.9389,0.7865160023410434,0.08329024475299407,,,0.7613540842369014,,0.7613724210631997,0.2386275789368003,0.9680501789217589,0.39222324607011455,5,0.1,0.5,0.5772482948634418,1.0,0.5791580320485703,0.5840457718670187,0.5832599291197506,0.5867024935475266,0.594689768470593,0.5823868537856629,0.5923785356321285,0.5834664837532904,0.5714300324447379,0.5780921124346838
5,2,0.21230229595498104,0.93588,5000,1.0655056525159765,0.9424460431654677,834,1.080685703899152,0.9392,0.7848933537144198,0.08326506878860306,,,0.7549564937940607,,0.7549671201244917,0.24503287987550826,0.9680958030311253,0.3921816336257677,5,0.1,0.5,0.5761433621382454,0.5791580320485703,1.0,0.584382939457008,0.5861812747404139,0.5854196551287669,0.5833690841458997,0.5861130664941973,0.5861654490926406,0.5711268194321377,0.5830023241019847,0.5764365013116911
5,3,0.20682969467394102,0.9378,5000,1.0947908339677033,0.9400479616306955,834,1.0786811061941397,0.9392,0.7850215107097774,0.08359869148391416,,,0.8397350283473959,,0.8397470006525777,0.16025299934742232,0.9690876342217919,0.3925558458488984,5,0.1,0.5,0.5751489582599012,0.5840457718670187,0.584382939457008,1.0,0.5843326629234813,0.5888513905898366,0.5869457701857039,0.5817027949849369,0.5936941111942102,0.5685812770855456,0.5782877468738469,0.5701731729742207
5,4,0.21665857585716494,0.93412,5000,1.086702788317645,0.9447779111644657,833,1.0869656134718142,0.9379,0.7855019640843077,0.08314012909926163,,,0.72320744338837,,0.7232217258169771,0.2767782741830229,0.96719562428246,0.3919354076841486,5,0.1,0.5,0.5752855796736714,0.5832599291197506,0.5861812747404139,0.5843326629234813,1.0,0.5804884886890206,0.5880858423492866,0.5834571298612642,0.5897027659679596,0.5899188004068884,0.5708076837868621,0.5726873122660563
5,5,0.1986543760356155,0.94052,5000,1.08597175721769,0.929171668667467,833,1.0796942251939743,0.9391,0.7864795621657887,0.08325134003367779,,,0.7514678110990163,,0.751483359269113,0.24851664073088697,0.967765543578363,0.39215801747980483,5,0.1,0.5,0.5761614351391048,0.5867024935475266,0.5854196551287669,0.5888513905898366,0.5804884886890206,1.0,0.5851376225219365,0.589577083494162,0.5932620145463309,0.5805005755829391,0.5717905960529178,0.5749101601207078
5,6,0.21355769789783627,0.9366,5000,1.0692909293704562,0.9351740696278511,833,1.0762833257833608,0.9395,0.7940765883318107,0.08403260906871533,,,0.949999999745885,,0.9500025099141609,0.04999749008583909,0.9694053360634792,0.39268100918401183,5,0.1,0.5,0.5838996777700078,0.594689768470593,0.5833690841458997,0.5869457701857039,0.5880858423492866,0.5851376225219365,1.0,0.593236480887317,0.600461505516601,0.5876660566203346,0.5882672181494466,0.5889850901952612
5,7,0.20711980443507147,0.93996,5000,1.0808271986466866,0.9387755102040817,833,1.0776339597976246,0.9392,0.7877174969955117,0.08355051556638646,,,0.8274928045833547,,0.8275036393755334,0.1724963606244666,0.9688985514550955,0.3925212828601699,5,0.1,0.5,0.5791823943317578,0.5823868537856629,0.5861130664941973,0.5817027949849369,0.5834571298612642,0.589577083494162,0.593236480887317,1.0,0.595495858533923,0.5776215468485023,0.5776575989195661,0.5761661726234872
5,8,0.1965911117174728,0.94104,5000,1.1053670114941068,0.9483793517406963,833,1.0769161728624337,0.9394,0.794727247321927,0.08396379206578071,,,0.9325125663573695,,0.9325284875257266,0.06747151247427341,0.9693529491502934,0.3926758730388036,5,0.1,0.5,0.5773621489232637,0.5923785356321285,0.5861654490926406,0.5936941111942102,0.5897027659679596,0.5932620145463309,0.600461505516601,0.595495858533923,1.0,0.5900758692274871,0.5881789979192892,0.5807336583205268
5,9,0.23568753150475633,0.92924,5000,1.067433962115535,0.9339735894357744,833,1.0816594162307227,0.9389,0.7818498106025145,0.08308219074229478,,,0.70848443722868,,0.7084985693489283,0.2915014306510717,0.9673872073128039,0.3917894796110848,5,0.1,0.5,0.5775183829658537,0.5834664837532904,0.5711268194321377,0.5685812770855456,0.5899188004068884,0.5805005755829391,0.5876660566203346,0.5776215468485023,0.5900758692274871,1.0,0.5722368340048726,0.5706404162438231
5,10,0.22136907072939502,0.93424,5000,1.0724343966554712,0.9423769507803121,833,1.0928013250469781,0.9376,0.779001612656246,0.08265527996189233,,,0.6,,0.6,0.4,0.9640088868298732,0.38999414895942264,5,0.1,0.5,0.5680241216006736,0.5714300324447379,0.5830023241019847,0.5782877468738469,0.5708076837868621,0.5717905960529178,0.5882672181494466,0.5776575989195661,0.5881789979192892,0.5722368340048726,1.0,0.5752197384921512
5,11,0.20964897255988638,0.93472,5000,1.0860422474366647,0.9351740696278511,833,1.0821077456108679,0.9387,0.779053105716512,0.08298799298255896,,,0.6845473725719635,,0.6845590080819236,0.3154409919180764,0.9669119446439767,0.39150997408956945,5,0.1,0.5,0.5789019743004478,0.5780921124346838,0.5764365013116911,0.5701731729742207,0.5726873122660563,0.5749101601207078,0.5889850901952612,0.5761661726234872,0.5807336583205268,0.5706404162438231,0.5752197384921512,1.0
6,0,0.19113108238359544,0.94288,5000,0.8388997515042623,0.947242206235012,834,0.8538893145113327,0.9457,0.7709923991548191,0.08323768146036743,,,0.7438662380266738,,0.7438783193614779,0.25612168063852214,0.9666599227144049,0.3848146950027216,5,0.1,0.5,1.0,0.5660640948740653,0.5532811770748247,0.5598491124482502,0.5562356601930522,0.5501505958351006,0.5555938595667917,0.5488014795406687,0.5598587240019918,0.5645458557688192,0.5560310047493389,0.5621196566645271
6,1,0.1905976327699698,0.94044,5000,0.8427165570082488,0.9460431654676259,834,0.8555165997709329,0.9458,0.7772826056486861,0.083533049014727,,,0.8174643035664475,,0.8174790422167562,0.18252095778324384,0.9672341117179661,0.38522237995663683,5,0.1,0.5,0.5660640948740653,1.0,0.5580682633549785,0.5605256401503453,0.5578586392696202,0.5582830476496977,0.5623914576324051,0.5695385470381299,0.5698295582951811,0.5735269702815069,0.5558879044027026,0.5580146785756969
6,2,0.19845722496604465,0.94004,5000,0.8351127240392897,0.9496402877697842,834,0.8544828192875408,0.9457,0.7695640003999018,0.08324289014403341,,,0.7451641092253428,,0.7451834747251644,0.25481652527483556,0.9669089101640722,0.3848259702731282,5,0.1,0.5,0.5532811770748247,0.5580682633549785,1.0,0.5598041262851782,0.5566151082551143,0.5490323846283658,0.5575535846344377,0.5584114644713817,0.5633562336288761,0.5567165205676686,0.5550725246434998,0.5508122134261194
6,3,0.18650431076396898,0.94312,5000,0.8697769619800426,0.9424460431654677,834,0.8524137263099987,0.9458,0.7715005384601215,0.08353582498205633,,,0.8181560038646873,,0.8181717785251744,0.18182822147482558,0.9678101753286958,0.38522529966142954,5,0.1,0.5,0.5598491124482502,0.5605256401503453,0.5598041262851782,1.0,0.5606741411202609,0.5584616971826074,0.5547506402130978,0.5588944164797077,0.5682563796857647,0.5579029265231698,0.5521388625898029,0.5435831764886352
6,4,0.20508314518341023,0.9376,5000,0.8593168148288021,0.9507803121248499,833,0.8607213971333001,0.9454,0.7668123925998065,0.08306145698962433,,,0.6999555919315583,,0.699964861201747,0.30003513879825305,0.965995841206701,0.38438608928837964,5,0.1,0.5,0.5562356601930522,0.5578586392696202,0.5566151082551143,0.5606741411202609,1.0,0.5512163644783103,0.5518738610131784,0.5521110540363312,0.5581581355574103,0.5685973831244187,0.5383707009236289,0.5421971156490805
6,5,0.18787490458103123,0.94232,5000,0.8611148397127787,0.9399759903961584,833,0.8538819713333544,0.9455,0.7640257050723039,0.0830376098030044,,,0.6940134808977355,,0.694026404296973,0.30597359570302696,0.9660496988986232,0.3843181891877439,5,0.1,0.5,0.5501505958351006,0.5582830476496977,0.5490323846283658,0.5584616971826074,0.5512163644783103,1.0,0.548995826753041,0.5587680515092521,0.5550193938067459,0.5553479309674072,0.5412214340705753,0.5410345896019748
6,6,0.19756694802017824,0.94168,5000,0.8453591245192068,0.9399759903961584,833,0.8499827748670364,0.9465,0.7723237634215854,0.0838568056120049,,,0.8981361949563411,,0.8981476833492295,0.10185231665077055,0.9682958712413315,0.38538715503596715,5,0.1,0.5,0.5555938595667917,0.5623914576324051,0.5575535846344377,0.5547506402130978,0.5518738610131784,0.548995826753041,1.0,0.5554758800655227,0.5679040956359576,0.5686406359228426,0.5623131219232169,0.5547793648247137
6,7,0.1918009522376926,0.94336,5000,0.8551738218024925,0.9411764705882353,833,0.8514061349268538,0.9461,0.772187521651634,0.0835277414301045,,,0.8161417887704281,,0.8161638471964259,0.18383615280357413,0.9677733646466189,0.3852183039643253,5,0.1,0.5,0.5488014795406687,0.5695385470381299,0.5584114644713817,0.5588944164797077,0.5521110540363312,0.5587680515092521,0.5554758800655227,1.0,0.571478359963973,0.5594758742003272,0.5538536358016094,0.5546399468889112
6,8,0.18349376418123578,0.94644,5000,0.8828580622319822,0.9567827130852341,833,0.8505990032951671,0.9462,0.7795112836825233,0.08406494810963142,,,0.9499999997508255,,0.9500025099141609,0.04999749008583909,0.9683325639483361,0.38541406784420157,5,0.1,0.5,0.5598587240019918,0.5698295582951811,0.5633562336288761,0.5682563796857647,0.5581581355574103,0.5550193938067459,0.5679040956359576,0.571478359963973,1.0,0.5758465946299287,0.5629576399117155,0.5544263950955816
6,9,0.2154445338128194,0.93432,5000,0.8379609430277789,0.943577430972389,833,0.8552535741854781,0.9458,0.7771032459253959,0.08338676916153989,,,0.7810150928690968,,0.7810350885999698,0.21896491140003016,0.9663571583821386,0.38506534235293904,5,0.1,0.5,0.5645458557688192,0.5735269702815069,0.5567165205676686,0.5579029265231698,0.5685973831244187,0.5553479309674072,0.5686406359228426,0.5594758742003272,0.5758465946299287,1.0,0.5508510905259664,0.5578557923241364
6,10,0.2049129913095385,0.93856,5000,0.8476581319614693,0.9471788715486195,833,0.8684479030557334,0.9441,0.7646921798166365,0.08266031005027398,,,0.6,,0.6,0.4,0.9628124249240282,0.38268829019734285,5,0.1,0.5,0.5560310047493389,0.5558879044027026,0.5550725246434998,0.5521388625898029,0.5383707009236289,0.5412214340705753,0.5623131219232169,0.5538536358016094,0.5629576399117155,0.5508510905259664,1.0,0.5481414558348231
6,11,0.20143334232982557,0.93856,5000,0.8613208421954403,0.9423769507803121,833,0.8568535073877523,0.9455,0.7638681460996297,0.08285491324263256,,,0.648490155042623,,0.6485015812459214,0.3514984187540786,0.9649462041989036,0.38366415532741466,5,0.1,0.5,0.5621196566645271,0.5580146785756969,0.5508122134261194,0.5435831764886352,0.5421971156490805,0.5410345896019748,0.5547793648247137,0.5546399468889112,0.5544263950955816,0.5578557923241364,0.5481414558348231,1.0
7,0,0.18463856811415713,0.94508,5000,0.6446415958581148,0.9520383693045563,834,0.6609183830765489,0.9504,0.7486632244993329,0.08305046741673343,,,0.698337446941733,,0.6983484764821043,0.3016515235178957,0.9625228538981256,0.37637542118981754,5,0.1,0.5,1.0,0.5274834860229725,0.5250691273708232,0.5304434957466287,0.5172176505995507,0.5177307633670329,0.5295110975485111,0.5228373801170149,0.5265878319116676,0.5258484336186056,0.5194168183111967,0.5394427403986249
