round,client_id,client_i_training_loss,client_i_training_accuracy,client_i_training_dataset_size,client_i_evaluation_loss,client_i_evaluation_accuracy,client_i_evaluation_dataset_size,client_i_central_evaluation_loss,client_i_central_evaluation_accuracy,client_i_cosine_similarity,client_i_importance_coefficient,client_i_tanh_val,tanh_normalization_value,client_i_q,client_i_mask_order,client_i_v_nonzero_fraction,client_i_v_sparsity,client_i_v_cosine_similarity,client_i_reward_gradient_norm,local_epochs,learning_rate,gamma,client_0_cosine_similarity,client_1_cosine_similarity,client_2_cosine_similarity,client_3_cosine_similarity,client_4_cosine_similarity,client_5_cosine_similarity,client_6_cosine_similarity,client_7_cosine_similarity,client_8_cosine_similarity,client_9_cosine_similarity,client_10_cosine_similarity,client_11_cosine_similarity
0,0,2.2978946404023604,0.12339812814974802,4167,2.296943119594029,0.11630695443645084,834,2.2989613647702374,0.1117,0.9671020230263915,0.08315126488241133,,,0.8163810805226006,,0.8164248815830734,0.18357511841692664,0,0.14536939967178128,10,0.025,0.15,1.0,0.9158153447342571,0.9266107382152854,0.9124471541951326,0.9131515120669659,0.9018847896098899,0.9593873769585057,0.9432894699304194,0.9489050634731133,0.9356766082963927,0.9533496302654648,0.937493539845815
0,1,2.297626446232651,0.13275737940964724,4167,2.300210101263864,0.12470023980815348,834,2.2989610750463942,0.1117,0.958702751146487,0.08242909693706905,,,0.7325217315830521,,0.732567543034444,0.26743245696555595,0,0.14532358721138613,10,0.025,0.15,0.9158153447342571,1.0,0.9278791402788906,0.8936050344913163,0.914483667095747,0.9308035869320149,0.9476460853201514,0.9110083580150777,0.9269505467439142,0.9134254520506168,0.9288737741399162,0.9398233051478787
0,2,2.2956112933881356,0.12135829133669307,4167,2.2989703927721297,0.1223021582733813,834,2.2989605740655827,0.1117,0.9735816704367264,0.08370838384745632,,,0.8810746659854749,,0.8811292106088363,0.11887078939116369,0,0.14537479578613122,10,0.025,0.15,0.9266107382152854,0.9278791402788906,1.0,0.9436731398892689,0.9078876385457777,0.9421697088465987,0.9520813441717928,0.9286762279954328,0.9531630779856143,0.9510372334168422,0.9442129484494983,0.9459809213337905
0,3,2.2959263664303404,0.11828653707703383,4167,2.2960758890424455,0.09832134292565947,834,2.29897496971903,0.1117,0.9554454057338932,0.08214903094116875,,,0.7,,0.7000132032810154,0.29998679671898465,0,0.14524049103336428,10,0.025,0.15,0.9124471541951326,0.8936050344913163,0.9436731398892689,1.0,0.9257148773623993,0.9049838619252865,0.936795871277506,0.903061430071736,0.9327572387070987,0.9297740211434914,0.913364801344107,0.9162508655413866
0,4,2.294607377052307,0.12159827213822894,4167,2.2997284276144847,0.09963985594237695,833,2.2989599765101567,0.1117,0.9633239136704003,0.08282642369261457,,,0.7786599785811495,,0.7786965060817613,0.22130349391823867,0,0.14533531637862238,10,0.025,0.15,0.9131515120669659,0.914483667095747,0.9078876385457777,0.9257148773623993,1.0,0.9397250626067332,0.931906350522605,0.9294932641836506,0.9507364243759022,0.959497649151164,0.9277067332948429,0.9037616732736538
0,5,2.296857163400361,0.14643628509719223,4167,2.2972409384591237,0.1056422569027611,833,2.298960003671767,0.1117,0.9631859101072081,0.08281455817009006,,,0.77728213427201,,0.7773266656764206,0.22267333432357939,0,0.14533505419974757,10,0.025,0.15,0.9018847896098899,0.9308035869320149,0.9421697088465987,0.9049838619252865,0.9397250626067332,1.0,0.9278980414939386,0.9065000990271254,0.9448725329567874,0.9404698112820952,0.9154608435498971,0.9476932038994418
0,6,2.2964435064431394,0.1263738900887929,4167,2.302849122456142,0.09123649459783914,833,2.29895771606059,0.1102,0.9819322923117874,0.08442636887378596,,,0.9644482873773956,,0.9644914261193906,0.03550857388060935,0,0.14538280487009436,10,0.025,0.15,0.9593873769585057,0.9476460853201514,0.9520813441717928,0.936795871277506,0.931906350522605,0.9278980414939386,1.0,0.9449762020536107,0.9603031030143016,0.951819670029519,0.9569058841359278,0.9507735108981861
0,7,2.295781061143586,0.1115190784737221,4167,2.2975308213915144,0.11524609843937575,833,2.2989595660680457,0.1117,0.9654502818888855,0.08300924846473065,,,0.7998898967166176,,0.7999125282632734,0.20008747173672659,0,0.14533880093659107,10,0.025,0.15,0.9432894699304194,0.9110083580150777,0.9286762279954328,0.903061430071736,0.9294932641836506,0.9065000990271254,0.9449762020536107,1.0,0.9626973902914447,0.9496994061197358,0.9446964222863259,0.904700412624005
0,8,2.29641117254893,0.11224195871339414,4166,2.301231929234096,0.10444177671068428,833,2.2989577100246765,0.1102,0.9824883465064679,0.08447417831739168,,,0.9699999998838783,,0.9700285520951957,0.029971447904804327,0,0.145382827133474,10,0.025,0.15,0.9489050634731133,0.9269505467439142,0.9531630779856143,0.9327572387070987,0.9507364243759022,0.9448725329567874,0.9603031030143016,0.9626973902914447,1.0,0.966262577989785,0.9464668620005214,0.9338517868508909
0,9,2.2937947497223363,0.1156985117618819,4166,2.298288140978132,0.12484993997599039,833,2.298957776419724,0.1102,0.9786701512701651,0.08414589055053018,,,0.931878675652607,,0.9319205822646928,0.06807941773530723,0,0.14538248204485343,10,0.025,0.15,0.9356766082963927,0.9134254520506168,0.9510372334168422,0.9297740211434914,0.959497649151164,0.9404698112820952,0.951819670029519,0.9496994061197358,0.966262577989785,1.0,0.9612990579129974,0.9236017562310106
0,10,2.2958413868239433,0.12186749879980797,4166,2.299065658024379,0.12965186074429771,833,2.298960568029669,0.1117,0.9741765479369298,0.08375953131216456,,,0.8870139950819885,,0.8870624350151013,0.11293756498489871,0,0.145375064003994,10,0.025,0.15,0.9533496302654648,0.9288737741399162,0.9442129484494983,0.913364801344107,0.9277067332948429,0.9154608435498971,0.9569058841359278,0.9446964222863259,0.9464668620005214,0.9612990579129974,1.0,0.9379657302859632
0,11,2.2982090415376604,0.13670187229956793,4166,2.2972660405295238,0.1056422569027611,833,2.2989612832854065,0.1117,0.9665758429529233,0.08310602401058699,,,0.8111276348648204,,0.8111765773794788,0.1888234226205212,0,0.14536770056510825,10,0.025,0.15,0.937493539845815,0.9398233051478787,0.9459809213337905,0.9162508655413866,0.9037616732736538,0.9476932038994418,0.9507735108981861,0.904700412624005,0.9338517868508909,0.9236017562310106,0.9379657302859632,1.0
1,0,2.2488812453819045,0.1656107511399088,4167,2.2881155014038086,0.1510791366906475,834,2.289357493195353,0.1537,0.987687918766774,0.08313307805082085,,,0.8016833108807292,,0.8017279794028817,0.19827202059711835,0.7923735818968233,0.14853578445388765,10,0.025,0.15,1.0,0.9725324506438733,0.969360777261302,0.9755684904709491,0.9763740535136398,0.9735993674231986,0.9812541530051057,0.9783165409553868,0.9795168521871108,0.9793034645751919,0.9773706687552199,0.9754219026154579
1,1,2.2351120963241113,0.1705303575713943,4167,2.2908072812216624,0.1510791366906475,834,2.2893685570246056,0.1536,0.9898344776074075,0.08275831210021176,,,0.7360387789307543,,0.7360829166047763,0.2639170833952237,0.7897889820425982,0.1484945992919109,10,0.025,0.15,0.9725324506438733,1.0,0.982031144578418,0.9743632005352731,0.9759261602614088,0.9787339707592574,0.9772810513766382,0.9799168307369763,0.9811128445077393,0.9823128940861041,0.9800301875138256,0.9800893842668484
1,2,2.2278509407332447,0.1654187664986801,4167,2.289318118776594,0.1606714628297362,834,2.289355525487586,0.1537,0.989099148893003,0.08352150302234881,,,0.8697203761802714,,0.8697578848343813,0.13024211516561868,0.7923277306563491,0.14854732283023878,10,0.025,0.15,0.969360777261302,0.982031144578418,1.0,0.9804252137282032,0.9703461334551656,0.9758193941562846,0.9793356921842131,0.976714367029199,0.9760150342904811,0.9835153981546186,0.982859449968945,0.9789203709079928
1,3,2.2402298082004894,0.16352291816654668,4167,2.2862912586757114,0.1474820143884892,834,2.2893965847884554,0.1537,0.9888012706807895,0.0825525659878765,,,0.7,,0.7000132032810154,0.29998679671898465,0.7894514963987678,0.1484154853005953,10,0.025,0.15,0.9755684904709491,0.9743632005352731,0.9804252137282032,1.0,0.9751245290060623,0.9716282696306251,0.9820475125409539,0.9751168335243914,0.9782747069566992,0.9825512476879243,0.9791649667434991,0.9777898213928516
1,4,2.2308801679900196,0.16777057835373171,4167,2.2893497262682234,0.1608643457382953,833,2.289365019979356,0.1536,0.9900968297479414,0.08301123650112707,,,0.7803413733629044,,0.7803716723605816,0.21962832763941842,0.7899117227185731,0.14851729390070278,10,0.025,0.15,0.9763740535136398,0.9759261602614088,0.9703461334551656,0.9751245290060623,1.0,0.9795645226368216,0.9785211655627172,0.9815399413440121,0.9823282145688272,0.9852176164576637,0.9828038487972175,0.979593744621228
1,5,2.2419436635393084,0.17067434605231582,4167,2.287024361746652,0.1524609843937575,833,2.2893653549725497,0.1536,0.9882433009886082,0.08294392303992365,,,0.7685506526545535,,0.7685877440543976,0.23141225594560244,0.7899138657848189,0.1485145026924086,10,0.025,0.15,0.9735993674231986,0.9787339707592574,0.9758193941562846,0.9716282696306251,0.9795645226368216,1.0,0.9737493433591923,0.9768272138396934,0.9792015977782508,0.978377152157866,0.9746942843994917,0.9832737651868938
1,6,2.2363645777557837,0.16753059755219582,4167,2.2927233832223073,0.1404561824729892,833,2.289347965506059,0.1538,0.9904240135876208,0.08400609420378155,,,0.9546020503039123,,0.954638477661699,0.04536152233830104,0.7923502488229491,0.14856328625367257,10,0.025,0.15,0.9812541530051057,0.9772810513766382,0.9793356921842131,0.9820475125409539,0.9785211655627172,0.9737493433591923,1.0,0.9755537267929518,0.9815438126481484,0.982769498262585,0.9797020547085316,0.9791311691003383
1,7,2.2338080384514547,0.15901127909767218,4167,2.288383279527937,0.15966386554621848,833,2.289356868478316,0.1536,0.9909613738256813,0.08315170015966775,,,0.8049451857047079,,0.8049792873529072,0.19502071264709275,0.7908690774279684,0.14853615946310766,10,0.025,0.15,0.9783165409553868,0.9799168307369763,0.976714367029199,0.9751168335243914,0.9815399413440121,0.9768272138396934,0.9755537267929518,1.0,0.9856448040628198,0.9849882053968069,0.9835109042473918,0.9794386858919047
1,8,2.23898105765834,0.16221795487277965,4166,2.2917611258370534,0.13565426170468187,833,2.2893478960930547,0.1538,0.9922306447750198,0.08409400140668519,,,0.9699999998248385,,0.9700285520951957,0.029971447904804327,0.7923470459577827,0.14856336027049372,10,0.025,0.15,0.9795168521871108,0.9811128445077393,0.9760150342904811,0.9782747069566992,0.9823282145688272,0.9792015977782508,0.9815438126481484,0.9856448040628198,1.0,0.9842660783883941,0.9816146143828053,0.9829133671628888
1,9,2.2218644499778746,0.16821891502640424,4166,2.2881533758980885,0.16326530612244897,833,2.2893479866317556,0.1538,0.9940865762783645,0.08395213508107426,,,0.9451504943426656,,0.9451981317357363,0.0548018682642637,0.7923312748520528,0.1485632001697731,10,0.025,0.15,0.9793034645751919,0.9823128940861041,0.9835153981546186,0.9825512476879243,0.9852176164576637,0.978377152157866,0.982769498262585,0.9849882053968069,0.9842660783883941,1.0,0.9877284917639418,0.983525531872883
1,10,2.233413161653461,0.16625060009601536,4166,2.2889350141797746,0.1752701080432173,833,2.289354816267762,0.1537,0.9921506120027134,0.08365176916763394,,,0.8925379777320432,,0.8925748048390025,0.10742519516099747,0.7923401702124118,0.14855203749110987,10,0.025,0.15,0.9773706687552199,0.9800301875138256,0.982859449968945,0.9791649667434991,0.9828038487972175,0.9746942843994917,0.9797020547085316,0.9835109042473918,0.9816146143828053,0.9877284917639418,1.0,0.9820789959429026
1,11,2.2418875990491927,0.17037926068170908,4166,2.288938249860491,0.14285714285714285,833,2.2893574750876127,0.1537,0.9913457725806909,0.0832236812788486,,,0.8175534999610675,,0.8176049248238187,0.18239507517618125,0.7922904354022271,0.14854298269800958,10,0.025,0.15,0.9754219026154579,0.9800893842668484,0.9789203709079928,0.9777898213928516,0.979593744621228,0.9832737651868938,0.9791311691003383,0.9794386858919047,0.9829133671628888,0.983525531872883,0.9820789959429026,1.0
2,0,2.158804029406923,0.20033597312215023,4167,2.2743722711290633,0.17985611510791366,834,2.2745174305348455,0.1766,0.9888055261344358,0.08321803891434726,,,0.97,,0.9700285520951957,0.029971447904804327,0.9297786375605969,0.14828414071225515,10,0.025,0.15,1.0,0.9752921800747476,0.9700014408318854,0.975654303094525,0.9756056393891827,0.9791611590742344,0.9744022814373793,0.9764295949592948,0.9745706189989548,0.9759383468090068,0.9769454408501957,0.976036851917493
2,1,2.135494696371483,0.21082313414926807,4167,2.2762014184679304,0.1642685851318945,834,2.2745338995245437,0.1758,0.9867407313608475,0.08292041927808504,,,0.97,,0.9700285520951957,0.029971447904804327,0.9292470327252695,0.14828414071225515,10,0.025,0.15,0.9752921800747476,1.0,0.9737055241111423,0.971947608446377,0.9703523063075412,0.9734953427278167,0.9703720348050207,0.9705958801380653,0.9729306984668387,0.9769998869247344,0.9756388025298133,0.9742642890118091
2,2,2.141425910501769,0.2048716102711783,4167,2.2742289134434293,0.18585131894484413,834,2.2745137938970252,0.1767,0.9850133185930929,0.08333429141410695,,,0.97,,0.9700285520951957,0.029971447904804327,0.9299378761147378,0.14828414071225515,10,0.025,0.15,0.9700014408318854,0.9737055241111423,1.0,0.9728123184026033,0.9664172914572011,0.9731185234799358,0.9738159837753698,0.9667269840255659,0.967505692870574,0.9773053626952535,0.9714000089410073,0.9720554956090832
2,3,2.155647317568461,0.20223182145428364,4167,2.2714084557124545,0.17146282973621102,834,2.274563750134239,0.1759,0.988334199207339,0.08284538670765917,,,0.97,,0.9700285520951957,0.029971447904804327,0.929364383974018,0.14828414071225515,10,0.025,0.15,0.975654303094525,0.971947608446377,0.9728123184026033,1.0,0.9719434030561408,0.9724332601685444,0.9778072500894099,0.9724648762104311,0.9764781564905225,0.9800715283611051,0.977357774672865,0.9754841900303503
2,4,2.1408642331759133,0.20376769858411328,4167,2.2733823912484303,0.18967587034813926,833,2.2745277700544912,0.1758,0.9889123749840508,0.08314649170542664,,,0.97,,0.9700285520951957,0.029971447904804327,0.9295724461512963,0.14828414071225515,10,0.025,0.15,0.9756056393891827,0.9703523063075412,0.9664172914572011,0.9719434030561408,1.0,0.9764920671984447,0.972562112911379,0.9823912013040589,0.9788465977190797,0.9802692969751019,0.9806039616116143,0.9757262027376342
2,5,2.158907799648516,0.20328773698104152,4167,2.27150821685791,0.18247298919567828,833,2.274528252927563,0.1758,0.9886527250299255,0.08309663847372989,,,0.97,,0.9700285520951957,0.029971447904804327,0.9295396165778325,0.14828414071225515,10,0.025,0.15,0.9791611590742344,0.9734953427278167,0.9731185234799358,0.9724332601685444,0.9764920671984447,1.0,0.9736514332272221,0.9741839953820557,0.9741591671490951,0.978586644613382,0.9738710647373017,0.979074673528599
2,6,2.1469061334927875,0.21043916486681066,4167,2.277308600289481,0.1644657863145258,833,2.27450905570501,0.176,0.9868564554789451,0.08369234066390055,,,0.97,,0.9700285520951957,0.029971447904804327,0.9302316510956055,0.14828414071225515,10,0.025,0.15,0.9744022814373793,0.9703720348050207,0.9738159837753698,0.9778072500894099,0.972562112911379,0.9736514332272221,1.0,0.9689649097496543,0.9718976283071697,0.9783835885226047,0.97050263680461,0.9742408467181961
2,7,2.1438870166287276,0.20283177345812334,4167,2.2743544578552246,0.1788715486194478,833,2.274520191965224,0.1757,0.9881573581072691,0.08320850158009638,,,0.97,,0.9700285520951957,0.029971447904804327,0.9297956712793977,0.14828414071225515,10,0.025,0.15,0.9764295949592948,0.9705958801380653,0.9667269840255659,0.9724648762104311,0.9823912013040589,0.9741839953820557,0.9689649097496543,1.0,0.9785224127288112,0.9793375229217273,0.9786685615008864,0.9739789731591082
2,8,2.1485278219887705,0.2030004800768123,4166,2.276872089930943,0.15006002400960383,833,2.2745090013817895,0.176,0.9892552498572716,0.08382418364006057,,,0.97,,0.9700285520951957,0.029971447904804327,0.9302363493044041,0.14828414071225515,10,0.025,0.15,0.9745706189989548,0.9729306984668387,0.967505692870574,0.9764781564905225,0.9788465977190797,0.9741591671490951,0.9718976283071697,0.9785224127288112,1.0,0.9782068420711313,0.9809094435622199,0.9810379055462183
2,9,2.1335354992837616,0.2086173787806049,4166,2.2723924773080006,0.1908763505402161,833,2.274509116064144,0.176,0.9918513063023711,0.08382096280336264,,,0.97,,0.9700285520951957,0.029971447904804327,0.9302330251972206,0.14828414071225515,10,0.025,0.15,0.9759383468090068,0.9769998869247344,0.9773053626952535,0.9800715283611051,0.9802692969751019,0.978586644613382,0.9783835885226047,0.9793375229217273,0.9782068420711313,1.0,0.981097116065658,0.9797185129925157
2,10,2.144324707262444,0.2086893903024484,4166,2.2732106617518832,0.18847539015606243,833,2.2745127738276616,0.1767,0.9902926865110174,0.08358554690204356,,,0.97,,0.9700285520951957,0.029971447904804327,0.9300030061242035,0.14828414071225515,10,0.025,0.15,0.9769454408501957,0.9756388025298133,0.9714000089410073,0.977357774672865,0.9806039616116143,0.9738710647373017,0.97050263680461,0.9786685615008864,0.9809094435622199,0.981097116065658,1.0,0.9804971952689554
2,11,2.1509340138146373,0.20655304848775805,4166,2.275968755994524,0.16926770708283315,833,2.2745169235181204,0.1765,0.9898357530438315,0.08330719791718146,,,0.97,,0.9700285520951957,0.029971447904804327,0.9298920621199074,0.14828414071225515,10,0.025,0.15,0.976036851917493,0.9742642890118091,0.9720554956090832,0.9754841900303503,0.9757262027376342,0.979074673528599,0.9742408467181961,0.9739789731591082,0.9810379055462183,0.9797185129925157,0.9804971952689554,1.0
3,0,2.090328231724826,0.2306695464362851,4167,2.2552056312561035,0.2170263788968825,834,2.253680615485469,0.212,0.9853012023038927,0.0832917259944413,,,0.97,,0.9700285520951957,0.029971447904804327,0.9643022667713599,0.14765891642735096,10,0.025,0.15,1.0,0.9682804305532856,0.9644704654632812,0.9666809209892171,0.9677194007405558,0.9725445708110205,0.9664852054694681,0.9686775813352134,0.9646436097274034,0.9668024808449625,0.9672544510695049,0.9656136878027063
3,1,2.0629679231932667,0.24029277657787376,4167,2.2555781432560513,0.19664268585131894,834,2.2537028216108492,0.2109,0.9836242026056636,0.0830537796282148,,,0.97,,0.9700285520951957,0.029971447904804327,0.9643022667713599,0.14765891642735096,10,0.025,0.15,0.9682804305532856,1.0,0.9705513400457022,0.9625707895879645,0.9631956113924024,0.9696846758273338,0.9650189068525494,0.9601474735682186,0.9586625356431671,0.9712012449083337,0.9654972067264509,0.9646315840210303
3,2,2.0763503677917248,0.23503719702423806,4167,2.2531468868255615,0.2026378896882494,834,2.253675080552886,0.2119,0.9824672778729222,0.08327143803857329,,,0.97,,0.9700285520951957,0.029971447904804327,0.9643022667713599,0.14765891642735096,10,0.025,0.15,0.9644704654632812,0.9705513400457022,1.0,0.9645447020758064,0.9613149526908941,0.9677284589760523,0.9636674160180754,0.9604180023786695,0.9577397913638128,0.969241173773179,0.964614486299533,0.9613596185287249
3,3,2.0905005650086834,0.23090952723782096,4167,2.2508279255458286,0.2170263788968825,834,2.25373524351965,0.211,0.9841074724419349,0.08302319650361344,,,0.97,,0.9700285520951957,0.029971447904804327,0.9643022667713599,0.14765891642735096,10,0.025,0.15,0.9666809209892171,0.9625707895879645,0.9645447020758064,1.0,0.9629726137671147,0.9668089658303031,0.9692228428687586,0.9662124781130564,0.9648257648252732,0.9713052357247413,0.9657445190643844,0.9642377760093882
3,4,2.0713965289520493,0.23290136789056876,4167,2.2508958067212785,0.22569027611044418,833,2.253695282755019,0.211,0.9850792080693589,0.08324040330598637,,,0.97,,0.9700285520951957,0.029971447904804327,0.9643022667713599,0.14765891642735096,10,0.025,0.15,0.9677194007405558,0.9631956113924024,0.9613149526908941,0.9629726137671147,1.0,0.967574453743563,0.9622558790305498,0.9750129187335604,0.9684791477205865,0.971382681379749,0.9716170562512457,0.9649573657560993
3,5,2.0950450326457166,0.23095752339812814,4167,2.2496232645852223,0.21608643457382953,833,2.253696010082583,0.2109,0.9857169385212602,0.08323035936849862,,,0.97,,0.9700285520951957,0.029971447904804327,0.9643022667713599,0.14765891642735096,10,0.025,0.15,0.9725445708110205,0.9696846758273338,0.9677284589760523,0.9668089658303031,0.967574453743563,1.0,0.9681942687390485,0.9647749035186562,0.9629553250149557,0.9709499940373474,0.9646061349982002,0.9682906908447592
3,6,2.082645973292264,0.24094072474202063,4167,2.2555361815861295,0.2028811524609844,833,2.2536749930321416,0.212,0.982853211385998,0.08350474659397163,,,0.97,,0.9700285520951957,0.029971447904804327,0.9643022667713599,0.14765891642735096,10,0.025,0.15,0.9664852054694681,0.9650189068525494,0.9636674160180754,0.9692228428687586,0.9622558790305498,0.9681942687390485,1.0,0.9611461071506718,0.9606360034187367,0.9704938876249625,0.9596936868014165,0.9632374014593137
3,7,2.076016276894194,0.23777297816174706,4167,2.2546067237854004,0.23289315726290516,833,2.253688284113437,0.2109,0.9835898455591856,0.08323030439309993,,,0.97,,0.9700285520951957,0.029971447904804327,0.9643022667713599,0.14765891642735096,10,0.025,0.15,0.9686775813352134,0.9601474735682186,0.9604180023786695,0.9662124781130564,0.9750129187335604,0.9647749035186562,0.9611461071506718,1.0,0.9660716052280952,0.9692606186890406,0.9675215321089202,0.9596662124716274
3,8,2.078917603781729,0.2301008161305809,4166,2.255989142826625,0.19567827130852342,833,2.253674920601181,0.212,0.9830263361387068,0.08359166336144536,,,0.97,,0.9700285520951957,0.029971447904804327,0.9643022667713599,0.14765891642735096,10,0.025,0.15,0.9646436097274034,0.9586625356431671,0.9577397913638128,0.9648257648252732,0.9684791477205865,0.9629553250149557,0.9606360034187367,0.9660716052280952,1.0,0.9653643732319637,0.9713062501164069,0.9712941222180798
3,9,2.068503779714758,0.24095055208833413,4166,2.2503298350742886,0.20888355342136855,833,2.253675059427189,0.2119,0.9876387668297543,0.08373936976376516,,,0.97,,0.9700285520951957,0.029971447904804327,0.9643022667713599,0.14765891642735096,10,0.025,0.15,0.9668024808449625,0.9712012449083337,0.969241173773179,0.9713052357247413,0.971382681379749,0.9709499940373474,0.9704938876249625,0.9692606186890406,0.9653643732319637,1.0,0.9723302054060198,0.9682237100467055
3,10,2.076636326674259,0.2371819491118579,4166,2.2510179110935757,0.2304921968787515,833,2.253674081609219,0.2119,0.9854472300747877,0.08352308114429137,,,0.97,,0.9700285520951957,0.029971447904804327,0.9643022667713599,0.14765891642735096,10,0.025,0.15,0.9672544510695049,0.9654972067264509,0.964614486299533,0.9657445190643844,0.9716170562512457,0.9646061349982002,0.9596936868014165,0.9675215321089202,0.9713062501164069,0.9723302054060198,1.0,0.9704922312477592
3,11,2.084964244293444,0.23307729236677868,4166,2.257694278444563,0.19447779111644659,833,2.2536795712724516,0.212,0.9838600275787135,0.08329993190409875,,,0.97,,0.9700285520951957,0.029971447904804327,0.9643022667713599,0.14765891642735096,10,0.025,0.15,0.9656136878027063,0.9646315840210303,0.9613596185287249,0.9642377760093882,0.9649573657560993,0.9682906908447592,0.9632374014593137,0.9596662124716274,0.9712941222180798,0.9682237100467055,0.9704922312477592,1.0
4,0,2.0388163714697867,0.2534677225821934,4167,2.2311685425894603,0.21942446043165467,834,2.2273720457584045,0.2263,0.9820509123183457,0.08332804918777832,,,0.97,,0.9700285520951957,0.029971447904804327,0.9818612715014045,0.1472134149551656,10,0.025,0.15,1.0,0.9614043817571677,0.9584319875185294,0.9583360043580654,0.9631536105643954,0.9648448589131567,0.9600410721444362,0.9632577868453343,0.9564935911327566,0.9602166875186039,0.9607543966109531,0.9587968556243323
4,1,2.010746572595654,0.2644108471322294,4167,2.229525021144322,0.21342925659472423,834,2.2274036980882475,0.2264,0.9802978653508446,0.08312419525709899,,,0.97,,0.9700285520951957,0.029971447904804327,0.9818612715014045,0.1472134149551656,10,0.025,0.15,0.9614043817571677,1.0,0.9630627716356032,0.9533043633435132,0.9576259996287956,0.9634200468275502,0.9593534673467994,0.9546546084467694,0.9475277065157306,0.9661703565278957,0.9597971393699513,0.9588433683184912
4,2,2.026534113739476,0.2617230621550276,4167,2.226588112967355,0.22422062350119903,834,2.2273642322685143,0.2262,0.9802776965453058,0.08325790974595332,,,0.97,,0.9700285520951957,0.029971447904804327,0.9818612715014045,0.1472134149551656,10,0.025,0.15,0.9584319875185294,0.9630627716356032,1.0,0.9606705348159235,0.956611308081824,0.9615724582277476,0.9564466020048471,0.9574334478868912,0.9507134753206014,0.9644852467301481,0.960121701006231,0.9553087833830916
4,3,2.0381285963636455,0.25476361891048716,4167,2.224823440824236,0.2314148681055156,834,2.2274424094188063,0.2264,0.9813922491018664,0.0831408733971182,,,0.97,,0.9700285520951957,0.029971447904804327,0.9818612715014045,0.1472134149551656,10,0.025,0.15,0.9583360043580654,0.9533043633435132,0.9606705348159235,1.0,0.9598931548883959,0.9611678589482733,0.9627381579043891,0.9612471637285461,0.9589901689601222,0.9641698443707473,0.9582390325036032,0.9592892774566035
4,4,2.0193674474051506,0.25889128869690425,4167,2.222650868552072,0.2388955582232893,833,2.2273923143555847,0.2265,0.9831281499187566,0.08333136680377376,,,0.97,,0.9700285520951957,0.029971447904804327,0.9818612715014045,0.1472134149551656,10,0.025,0.15,0.9631536105643954,0.9576259996287956,0.956611308081824,0.9598931548883959,1.0,0.9591727470089878,0.9574164100860261,0.9697974640151171,0.9612106729745906,0.9648379820705352,0.966862483825744,0.961807208803194
4,5,2.043685284166625,0.2541636669066475,4167,2.2219861234937395,0.24369747899159663,833,2.2273936060410513,0.2266,0.9821098984925954,0.08329208151764678,,,0.97,,0.9700285520951957,0.029971447904804327,0.9818612715014045,0.1472134149551656,10,0.025,0.15,0.9648448589131567,0.9634200468275502,0.9615724582277476,0.9611678589482733,0.9591727470089878,1.0,0.9615885477097549,0.9591404068507546,0.9524702313876993,0.9648509342119691,0.957864592141583,0.9603631447367272
4,6,2.031498823743878,0.2640748740100792,4167,2.2279574871063232,0.21968787515006002,833,2.227369513692735,0.2264,0.9797177310323754,0.0833837468148958,,,0.97,,0.9700285520951957,0.029971447904804327,0.9818612715014045,0.1472134149551656,10,0.025,0.15,0.9600410721444362,0.9593534673467994,0.9564466020048471,0.9627381579043891,0.9574164100860261,0.9615885477097549,1.0,0.9572427678350511,0.9515824602688209,0.9647286928966708,0.9536298722617814,0.9533804373614437
4,7,2.0229698546005017,0.2638828893688505,4167,2.2295563561575755,0.25210084033613445,833,2.2273856325994563,0.2265,0.9820194463140307,0.08328910863253523,,,0.97,,0.9700285520951957,0.029971447904804327,0.9818612715014045,0.1472134149551656,10,0.025,0.15,0.9632577868453343,0.9546546084467694,0.9574334478868912,0.9612471637285461,0.9697974640151171,0.9591404068507546,0.9572427678350511,1.0,0.9589526634400228,0.964107209837505,0.9628770707735497,0.956638436739347
4,8,2.0287432139570063,0.2540086413826212,4166,2.229823214667184,0.20768307322929172,833,2.227369444279731,0.2264,0.9778715656334444,0.08337741915671704,,,0.97,,0.9700285520951957,0.029971447904804327,0.9818612715014045,0.1472134149551656,10,0.025,0.15,0.9564935911327566,0.9475277065157306,0.9507134753206014,0.9589901689601222,0.9612106729745906,0.9524702313876993,0.9515824602688209,0.9589526634400228,1.0,0.9538475940323743,0.9635096175172327,0.9610263799098007
4,9,2.0184235030954536,0.26080172827652426,4166,2.222271510532924,0.22809123649459784,833,2.22736967364444,0.2264,0.9845149254101951,0.08368445876659397,,,0.97,,0.9700285520951957,0.029971447904804327,0.9818612715014045,0.1472134149551656,10,0.025,0.15,0.9602166875186039,0.9661703565278957,0.9644852467301481,0.9641698443707473,0.9648379820705352,0.9648509342119691,0.9647286928966708,0.964107209837505,0.9538475940323743,1.0,0.9648819855154868,0.9622755648310433
4,10,2.026156210899353,0.2616658665386462,4166,2.22298492704119,0.24009603841536614,833,2.2273633238635484,0.2262,0.9827354852254796,0.08349311752459801,,,0.97,,0.9700285520951957,0.029971447904804327,0.9818612715014045,0.1472134149551656,10,0.025,0.15,0.9607543966109531,0.9597971393699513,0.960121701006231,0.9582390325036032,0.966862483825744,0.957864592141583,0.9536298722617814,0.9628770707735497,0.9635096175172327,0.9648819855154868,1.0,0.9651084354083708
4,11,2.0338705149563876,0.25532885261641863,4166,2.234337363924299,0.2028811524609844,833,2.227370144445685,0.2264,0.9809601158042398,0.08329767319529077,,,0.97,,0.9700285520951957,0.029971447904804327,0.9818612715014045,0.1472134149551656,10,0.025,0.15,0.9587968556243323,0.9588433683184912,0.9553087833830916,0.9592892774566035,0.961807208803194,0.9603631447367272,0.9533804373614437,0.956638436739347,0.9610263799098007,0.9622755648310433,0.9651084354083708,1.0
5,0,1.9966689510778948,0.26966642668586516,4167,2.202645403998239,0.2278177458033573,834,2.196524155290821,0.2445,0.9782394583679282,0.08334477908004768,,,0.97,,0.9700285520951957,0.029971447904804327,0.9881955506826522,0.14666806000696445,10,0.025,0.15,1.0,0.9524885873413736,0.9513816014054116,0.94921095140536,0.9575825516190769,0.9574776385995732,0.9509932222617696,0.9573950498805781,0.9481283088084456,0.9499538781872583,0.9535737873450715,0.9499541956835187
5,1,1.9688585223573627,0.28257739380849534,4167,2.1993601322174072,0.23980815347721823,834,2.1965672396406344,0.2446,0.9761309113390967,0.08315014514872086,,,0.97,,0.9700285520951957,0.029971447904804327,0.9881955506826522,0.14666806000696445,10,0.025,0.15,0.9524885873413736,1.0,0.9553255970240778,0.9437944805846815,0.9506757178873976,0.9569883926249071,0.9485693457121543,0.9499100713862257,0.9378383698325514,0.956597761912362,0.9507046408824881,0.9505938582632332
5,2,1.986733537009268,0.2784737221022318,4167,2.1957004410879954,0.2446043165467626,834,2.19651362865786,0.2445,0.9773363723611094,0.08327203307910194,,,0.97,,0.9700285520951957,0.029971447904804327,0.9881955506826522,0.14666806000696445,10,0.025,0.15,0.9513816014054116,0.9553255970240778,1.0,0.953055329478706,0.9512439294385515,0.9537799954308369,0.9492823648492463,0.9536830035967523,0.9447760197970972,0.9560123985525657,0.9527031314060603,0.9463304500255592
5,3,1.996694433327877,0.2748500119990401,4167,2.1942970752716064,0.2529976019184652,834,2.196611817879013,0.2444,0.977544894403499,0.0832064638459418,,,0.97,,0.9700285520951957,0.029971447904804327,0.9881955506826522,0.14666806000696445,10,0.025,0.15,0.94921095140536,0.9437944805846815,0.953055329478706,1.0,0.952670833215811,0.9540445355599884,0.9555076639952211,0.9527341687298881,0.9522034233298579,0.9533507889188081,0.9504748386345426,0.9530206587563981
5,4,1.9758843197967066,0.2790976721862251,4167,2.189653600965227,0.24729891956782712,833,2.1965503209753883,0.2448,0.9799076053073673,0.08340110799150131,,,0.97,,0.9700285520951957,0.029971447904804327,0.9881955506826522,0.14666806000696445,10,0.025,0.15,0.9575825516190769,0.9506757178873976,0.9512439294385515,0.952670833215811,1.0,0.9515023879662718,0.9515334885200488,0.9636968553027653,0.9519192521278208,0.9552994003942727,0.9587654915502146,0.9527914065378295
5,5,2.001012124076034,0.27269018478521717,4167,2.1896587099347795,0.25570228091236497,833,2.196552177018757,0.2447,0.9792073407191061,0.08335403598552836,,,0.97,,0.9700285520951957,0.029971447904804327,0.9881955506826522,0.14666806000696445,10,0.025,0.15,0.9574776385995732,0.9569883926249071,0.9537799954308369,0.9540445355599884,0.9515023879662718,1.0,0.952990636912204,0.955238222706008,0.945352950565606,0.9552555600320503,0.951939321866573,0.9549516168444563
5,6,1.9888688560688135,0.28468922486201104,4167,2.1954743521554128,0.234093637454982,833,2.19652337967595,0.2444,0.9759135361458308,0.08330353192394752,,,0.97,,0.9700285520951957,0.029971447904804327,0.9881955506826522,0.14666806000696445,10,0.025,0.15,0.9509932222617696,0.9485693457121543,0.9492823648492463,0.9555076639952211,0.9515334885200488,0.952990636912204,1.0,0.950632351033471,0.9446970794382008,0.9557460901023676,0.9471600841589547,0.9436874601055432
5,7,1.9811015060453705,0.28768898488120953,4167,2.200176545551845,0.27010804321728693,833,2.196543331387677,0.2446,0.9797337241212113,0.0833693254705385,,,0.97,,0.9700285520951957,0.029971447904804327,0.9881955506826522,0.14666806000696445,10,0.025,0.15,0.9573950498805781,0.9499100713862257,0.9536830035967523,0.9527341687298881,0.9636968553027653,0.955238222706008,0.950632351033471,1.0,0.9507204309456287,0.9556138331540274,0.9556830889677058,0.9503594174678895
5,8,1.9852606639717565,0.27244359097455595,4166,2.1992266178131104,0.22328931572629052,833,2.196523268011552,0.2444,0.9740225193434439,0.08323809044338307,,,0.97,,0.9700285520951957,0.029971447904804327,0.9881955506826522,0.14666806000696445,10,0.025,0.15,0.9481283088084456,0.9378383698325514,0.9447760197970972,0.9522034233298579,0.9519192521278208,0.945352950565606,0.9446970794382008,0.9507204309456287,1.0,0.9414514741872392,0.9573764666248209,0.954154622452302
5,9,1.97958937811129,0.28089294287085936,4166,2.1892521381378174,0.25570228091236497,833,2.196523666381836,0.2444,0.9789529971567726,0.08358833525071009,,,0.97,,0.9700285520951957,0.029971447904804327,0.9881955506826522,0.14666806000696445,10,0.025,0.15,0.9499538781872583,0.956597761912362,0.9560123985525657,0.9533507889188081,0.9552994003942727,0.9552555600320503,0.9557460901023676,0.9556138331540274,0.9414514741872392,1.0,0.9546939791750882,0.9523443349029154
5,10,1.9845154632221569,0.2777004320691311,4166,2.1902507713862827,0.2533013205282113,833,2.1965127775940716,0.2445,0.97929435019751,0.0834811513574514,,,0.97,,0.9700285520951957,0.029971447904804327,0.9881955506826522,0.14666806000696445,10,0.025,0.15,0.9535737873450715,0.9507046408824881,0.9527031314060603,0.9504748386345426,0.9587654915502146,0.951939321866573,0.9471600841589547,0.9556830889677058,0.9573764666248209,0.9546939791750882,1.0,0.9573271256838626
5,11,1.99386237931974,0.27503600576092174,4166,2.2064923899514333,0.226890756302521,833,2.196521182603474,0.2445,0.97716379869567,0.0832910004231273,,,0.97,,0.9700285520951957,0.029971447904804327,0.9881955506826522,0.14666806000696445,10,0.025,0.15,0.9499541956835187,0.9505938582632332,0.9463304500255592,0.9530206587563981,0.9527914065378295,0.9549516168444563,0.9436874601055432,0.9503594174678895,0.954154622452302,0.9523443349029154,0.9573271256838626,1.0
6,0,1.9637684164625226,0.28543316534677227,4167,2.170306376048497,0.23741007194244604,834,2.161927935443347,0.256,0.9734133476780729,0.08332212283128049,,,0.97,,0.9700285520951957,0.029971447904804327,0.9894284536288146,0.14609636482007232,10,0.025,0.15,1.0,0.9433850774116911,0.9421955028392675,0.9389647928394723,0.9486723769379137,0.9488822796789873,0.9413827365607067,0.9472894676590832,0.940870667700684,0.9402564246692716,0.9465735568550965,0.9384858317423725
6,1,1.9321123802300655,0.2962562994960403,4167,2.165802615029471,0.2529976019184652,834,2.1619849446453627,0.2563,0.972026631186033,0.08315642903530814,,,0.97,,0.9700285520951957,0.029971447904804327,0.9894284536288146,0.14609636482007232,10,0.025,0.15,0.9433850774116911,1.0,0.9471199815975428,0.9334186714187522,0.9432828162206324,0.9490612151276552,0.9406888727589048,0.9407552017630832,0.928782126591673,0.9500014325871046,0.9438571779336988,0.9404951084266178
6,2,1.9481503230152708,0.2939764818814495,4167,2.161475419998169,0.2589928057553957,834,2.1619142520276804,0.256,0.9741636066450065,0.08330153102771641,,,0.97,,0.9700285520951957,0.029971447904804327,0.9894284536288146,0.14609636482007232,10,0.025,0.15,0.9421955028392675,0.9471199815975428,1.0,0.9458700327662197,0.9442533575474635,0.946326476110288,0.9419071295089585,0.9455127284707419,0.9384043490693033,0.948696267461089,0.947363516340593,0.93812232690965
6,3,1.9620289036721894,0.28879289656827456,4167,2.1599749497004916,0.2565947242206235,834,2.1620398835290837,0.2566,0.9734345711316806,0.08323717784823832,,,0.97,,0.9700285520951957,0.029971447904804327,0.9894284536288146,0.14609636482007232,10,0.025,0.15,0.9389647928394723,0.9334186714187522,0.9458700327662197,1.0,0.9468513315992815,0.9472288966875847,0.947071316304652,0.9445423365349577,0.9435502503660609,0.944036690991099,0.9425631510019955,0.9431975115756593
6,4,1.9377232992287838,0.2940244780417567,4167,2.152752297265189,0.25570228091236497,833,2.1619604629806326,0.2564,0.9769608762801584,0.08347259934813087,,,0.97,,0.9700285520951957,0.029971447904804327,0.9894284536288146,0.14609636482007232,10,0.025,0.15,0.9486723769379137,0.9432828162206324,0.9442533575474635,0.9468513315992815,1.0,0.9424897704571144,0.9436807041783811,0.9547133155520966,0.9462722377194889,0.949151891704398,0.9535061983534543,0.9454952603492488
6,5,1.9638737335349574,0.2865130789536837,4167,2.153622627258301,0.2725090036014406,833,2.161963194231444,0.2564,0.9761027082200195,0.08341549059503643,,,0.97,,0.9700285520951957,0.029971447904804327,0.9894284536288146,0.14609636482007232,10,0.025,0.15,0.9488822796789873,0.9490612151276552,0.946326476110288,0.9472288966875847,0.9424897704571144,1.0,0.9468330601824567,0.9473237624602949,0.9386588268042511,0.9485620397571143,0.9460551181694005,0.9469764374951364
6,6,1.9546891169114546,0.29716822654187663,4167,2.1590020656585693,0.24009603841536614,833,2.1619276095040236,0.2563,0.9718778095204925,0.08324654746175632,,,0.97,,0.9700285520951957,0.029971447904804327,0.9894284536288146,0.14609636482007232,10,0.025,0.15,0.9413827365607067,0.9406888727589048,0.9419071295089585,0.947071316304652,0.9436807041783811,0.9468330601824567,1.0,0.9423317216331825,0.9348771384432618,0.9468511876312538,0.941033157450047,0.9323763691841414
6,7,1.9447213848431906,0.30182385409167267,4167,2.1671318667275563,0.2737094837935174,833,2.1619521847254113,0.2566,0.9752841738716669,0.08339828389118067,,,0.97,,0.9700285520951957,0.029971447904804327,0.9894284536288146,0.14609636482007232,10,0.025,0.15,0.9472894676590832,0.9407552017630832,0.9455127284707419,0.9445423365349577,0.9547133155520966,0.9473237624602949,0.9423317216331825,1.0,0.9418515161196302,0.9451902392617971,0.9487972993224307,0.9404853572475452
6,8,1.946218047358773,0.2889582333173308,4166,2.164849485669817,0.23769507803121248,833,2.161927434462535,0.2563,0.9703288141549099,0.08315555388225959,,,0.97,,0.9700285520951957,0.029971447904804327,0.9894284536288146,0.14609636482007232,10,0.025,0.15,0.940870667700684,0.928782126591673,0.9384043490693033,0.9435502503660609,0.9462722377194889,0.9386588268042511,0.9348771384432618,0.9418515161196302,1.0,0.9339133048336316,0.9492699306288013,0.9445272076713627
6,9,1.941627077622847,0.2963514162265963,4166,2.1522254262651717,0.27490996398559425,833,2.1619280833232253,0.2563,0.9752306324766448,0.08353213702070938,,,0.97,,0.9700285520951957,0.029971447904804327,0.9894284536288146,0.14609636482007232,10,0.025,0.15,0.9402564246692716,0.9500014325871046,0.948696267461089,0.944036690991099,0.949151891704398,0.9485620397571143,0.9468511876312538,0.9451902392617971,0.9339133048336316,1.0,0.9474825132129817,0.9439048194053533
6,10,1.9487904519745798,0.2944311089774364,4166,2.1538194928850447,0.2797118847539016,833,2.16191320177875,0.2561,0.9766856695833244,0.08351318946513162,,,0.97,,0.9700285520951957,0.029971447904804327,0.9894284536288146,0.14609636482007232,10,0.025,0.15,0.9465735568550965,0.9438571779336988,0.947363516340593,0.9425631510019955,0.9535061983534543,0.9460551181694005,0.941033157450047,0.9487972993224307,0.9492699306288013,0.9474825132129817,1.0,0.9486146010077898
