round,client_id,client_i_training_loss,client_i_training_accuracy,client_i_training_dataset_size,client_i_evaluation_loss,client_i_evaluation_accuracy,client_i_evaluation_dataset_size,client_i_central_evaluation_loss,client_i_central_evaluation_accuracy,client_i_cosine_similarity,client_i_importance_coefficient,client_i_tanh_val,tanh_normalization_value,client_i_q,client_i_mask_order,client_i_v_nonzero_fraction,client_i_v_sparsity,client_i_v_cosine_similarity,client_i_reward_gradient_norm,local_epochs,learning_rate,gamma,client_0_cosine_similarity,client_1_cosine_similarity,client_2_cosine_similarity,client_3_cosine_similarity,client_4_cosine_similarity,client_5_cosine_similarity,client_6_cosine_similarity,client_7_cosine_similarity,client_8_cosine_similarity,client_9_cosine_similarity,client_10_cosine_similarity,client_11_cosine_similarity
0,0,2.278527435389432,0.14430045596352292,4167,2.2977354526519775,0.11151079136690648,834,2.2971118552775325,0.1019,0.9716035292426644,0.08376002909508821,,,0.9259682607769201,,0.926003861959697,0.07399613804030303,0,0.14499705612294547,10,0.025,0.15,1.0,0.9478928420104007,0.94666031605338,0.9181282846122453,0.9338063317911731,0.937441740570986,0.9417705788184603,0.923459220063092,0.9486457222956597,0.9114187105414583,0.933862261744675,0.9273575835827663
0,1,2.286139402967511,0.13424526037916967,4167,2.29570095879691,0.11390887290167866,834,2.2971120846422415,0.1019,0.9705160624705781,0.0836662807237326,,,0.9117974276760729,,0.9118433430707531,0.0881566569292469,0,0.14499647434401317,10,0.025,0.15,0.9478928420104007,1.0,0.9202552955542738,0.938045894419363,0.9421046385286971,0.9499149990956075,0.927904310187409,0.9183058747982267,0.9293141977400323,0.8977431231558166,0.9440216809146129,0.9423254067243303
0,2,2.2800516366958616,0.13810895128389727,4167,2.2960617201668874,0.09112709832134293,834,2.2971120122112807,0.1019,0.9727835367368513,0.08386175522006696,,,0.9413449965881642,,0.9413939363931937,0.05860606360680631,0,0.1449977058261288,10,0.025,0.15,0.94666031605338,0.9202552955542738,1.0,0.9179084800173536,0.9450960776087536,0.9242866857877641,0.9271183600804636,0.9461664837035912,0.9518971320930341,0.9454729068175294,0.9346515788635102,0.9246255667703833
0,3,2.284566549098853,0.13510919126469884,4167,2.298677716936384,0.09952038369304557,834,2.297122813478301,0.1019,0.9555379301342002,0.08237504539725844,,,0.7166166470311106,,0.7166493373603341,0.2833506626396659,0,0.14491717658056388,10,0.025,0.15,0.9181282846122453,0.938045894419363,0.9179084800173536,1.0,0.906708855789842,0.9069543387635441,0.90562966108718,0.9097382645938867,0.8999842480484774,0.8993588858692163,0.9425752477492552,0.9390581732134071
0,4,2.2784344340815688,0.1615310775137989,4167,2.2979301725115096,0.09723889555822329,833,2.2971124830125254,0.102,0.969505446056709,0.08357915747059287,,,0.8986280353805773,,0.8986648182073245,0.10133518179267553,0,0.14499536918882894,10,0.025,0.15,0.9338063317911731,0.9421046385286971,0.9450960776087536,0.906708855789842,1.0,0.9430753341063836,0.9303873261064319,0.9055635600815419,0.9342665664798849,0.9432547859208634,0.9372869817687007,0.9245619708034711
0,5,2.286206778613004,0.13842092632589392,4167,2.2990859236036028,0.10324129651860744,833,2.2971123773840407,0.102,0.967622717213112,0.08341685112034652,,,0.8740941030328468,,0.8741232196200756,0.12587678037992445,0,0.1449924718840141,10,0.025,0.15,0.937441740570986,0.9499149990956075,0.9242866857877641,0.9069543387635441,0.9430753341063836,1.0,0.9268379382931948,0.9147161924104604,0.9457134655870488,0.9163484036094046,0.9361293590879987,0.9228519608199812
0,6,2.2796693700732606,0.157043436525078,4167,2.299736295427595,0.09603841536614646,833,2.2971137626261653,0.102,0.9624800093458911,0.08297350839090861,,,0.8070792233662225,,0.8071083164166295,0.1928916835833705,0,0.1449767541589651,10,0.025,0.15,0.9417705788184603,0.927904310187409,0.9271183600804636,0.90562966108718,0.9303873261064319,0.9268379382931948,1.0,0.9227249274262515,0.9190439403065049,0.8898688162013251,0.9326348950912037,0.9406905044285673
0,7,2.285882151488102,0.14934005279577633,4167,2.2971347740718295,0.09963985594237695,833,2.2971139376676537,0.102,0.9621152103213394,0.08294205978456799,,,0.8023255092988424,,0.8023633873017445,0.1976366126982555,0,0.14497511071846228,10,0.025,0.15,0.923459220063092,0.9183058747982267,0.9461664837035912,0.9097382645938867,0.9055635600815419,0.9147161924104604,0.9227249274262515,1.0,0.9440563849868585,0.9059015056921159,0.9414768513164412,0.9282797068832149
0,8,2.2824977881980666,0.1512722035525684,4166,2.2957393441881453,0.10804321728691477,833,2.2971118703673157,0.1019,0.9717900921480962,0.08377611231619306,,,0.9283993711920142,,0.9284382168968989,0.07156178310310113,0,0.14499713311639134,10,0.025,0.15,0.9486457222956597,0.9293141977400323,0.9518971320930341,0.8999842480484774,0.9342665664798849,0.9457134655870488,0.9190439403065049,0.9440563849868585,1.0,0.9413715904958738,0.9382214727137371,0.9201116152677211
0,9,2.274212004921653,0.14891982717234759,4166,2.297300338745117,0.1092436974789916,833,2.2971215791340116,0.1021,0.9542627721119993,0.08226511653242236,,,0.7,,0.7000132032810154,0.29998679671898465,0,0.14488976200243062,10,0.025,0.15,0.9114187105414583,0.8977431231558166,0.9454729068175294,0.8993588858692163,0.9432547859208634,0.9163484036094046,0.8898688162013251,0.9059015056921159,0.9413715904958738,1.0,0.9221363450496067,0.8964437511087976
0,10,2.2860259821920685,0.1384061449831973,4166,2.297255447932652,0.08763505402160865,833,2.297111954870103,0.1019,0.9749825157014784,0.08405132487117786,,,0.9699999998488418,,0.9700285520951957,0.029971447904804327,0,0.1449980391078158,10,0.025,0.15,0.933862261744675,0.9440216809146129,0.9346515788635102,0.9425752477492552,0.9372869817687007,0.9361293590879987,0.9326348950912037,0.9414768513164412,0.9382214727137371,0.9221363450496067,1.0,0.946660077280883
0,11,2.286784485614661,0.14227076332213154,4166,2.2946633952004567,0.10684273709483794,833,2.2971126791797105,0.102,0.9666472623767991,0.08333275907764451,,,0.8613829029873626,,0.8614150616428182,0.13858493835718178,0,0.1449908711584811,10,0.025,0.15,0.9273575835827663,0.9423254067243303,0.9246255667703833,0.9390581732134071,0.9245619708034711,0.9228519608199812,0.9406905044285673,0.9282797068832149,0.9201116152677211,0.8964437511087976,0.946660077280883,1.0
1,0,2.1698598807508294,0.21175905927525798,4167,2.2867840698787143,0.12829736211031176,834,2.28662272948253,0.1377,0.9826010593908315,0.08356411454276651,,,0.9099196030720829,,0.9099618755260682,0.09003812447393178,0.8254400126977369,0.14753366398359877,10,0.025,0.15,1.0,0.9680718343358837,0.965125141061307,0.9581962707426379,0.9646693891570108,0.9637739352957698,0.9635207925292532,0.9590697575908096,0.9667247818030534,0.9546220342538743,0.966411878135257,0.9673226929390352
1,1,2.1779867313124917,0.2056635469162467,4167,2.2846315588269914,0.15467625899280577,834,2.2866235443308383,0.1377,0.9827860949190868,0.08351229577554405,,,0.8994980464569622,,0.8995230314733211,0.10047696852667887,0.8254364409632313,0.14753188201020337,10,0.025,0.15,0.9680718343358837,1.0,0.9617428486070208,0.9612149130086894,0.9668905657644139,0.9685778208827176,0.9632463567000012,0.9640295429342906,0.9620042513571923,0.9539477095477693,0.9623296180845362,0.967791510803716
1,2,2.1668811137026007,0.2097912167026638,4167,2.2853777408599854,0.13788968824940048,834,2.2866222647171988,0.1377,0.9851422506559396,0.0837093588207982,,,0.9391304768088389,,0.9391658827218564,0.060834117278143585,0.8254357336924681,0.14754009629941012,10,0.025,0.15,0.965125141061307,0.9617428486070208,1.0,0.9607713248301992,0.9697900563085662,0.9647306056330507,0.9683211579348852,0.9709375846879241,0.967020609699755,0.9633370372261937,0.9684699885908877,0.9674217983325356
1,3,2.1813029849168024,0.19599232061435085,4167,2.287957191467285,0.13309352517985612,834,2.2866648722298537,0.1388,0.9799341880573773,0.08262325231231757,,,0.7206976372241161,,0.7207341024244525,0.27926589757554754,0.8246187798743205,0.14735491196436598,10,0.025,0.15,0.9581962707426379,0.9612149130086894,0.9607713248301992,1.0,0.9628197542614624,0.9549730890005028,0.9537563339654528,0.9641937879604334,0.9560985531406686,0.9621584175580417,0.9699884112427345,0.9627278555316776
1,4,2.158858778259971,0.22195824334053277,4167,2.287912028176444,0.13805522208883553,833,2.2866241811197017,0.1377,0.9852163569798317,0.0835374529153186,,,0.904557536878829,,0.9045897905629549,0.09541020943704515,0.8254605300117827,0.1475328191542998,10,0.025,0.15,0.9646693891570108,0.9668905657644139,0.9697900563085662,0.9628197542614624,1.0,0.9745607746165772,0.9643778079405392,0.963460304960595,0.9655498244108578,0.9589840697688979,0.968028136872691,0.9694137866209723
1,5,2.1699573776938696,0.2078233741300696,4167,2.287738357271467,0.14645858343337334,833,2.286624428592151,0.1376,0.9850696930131859,0.08343257792586779,,,0.8834655522822139,,0.8835223052928652,0.11647769470713476,0.8253439106360426,0.14752820481058312,10,0.025,0.15,0.9637739352957698,0.9685778208827176,0.9647306056330507,0.9549730890005028,0.9745607746165772,1.0,0.9686221653656767,0.9635577036879218,0.9707707037895704,0.9623250327422022,0.9653513444151278,0.9696163489136088
1,6,2.1511545195724024,0.2236141108711303,4167,2.289919819150652,0.12484993997599039,833,2.286636337449279,0.1376,0.9831948519253346,0.08309825048485,,,0.81622712610358,,0.8162680926210163,0.1837319073789837,0.8248416038483379,0.14749149323373814,10,0.025,0.15,0.9635207925292532,0.9632463567000012,0.9683211579348852,0.9537563339654528,0.9643778079405392,0.9686221653656767,1.0,0.9688576150633257,0.9663250184638249,0.9519443616159188,0.9672942325771972,0.9685458162318239
1,7,2.165195339376276,0.22020638348932087,4167,2.2862140451158797,0.1452581032412965,833,2.2866356342653686,0.1376,0.9842618772412706,0.08311349246913974,,,0.8192925251996312,,0.8193461075077156,0.18065389249228436,0.8248549675954252,0.14749365086393418,10,0.025,0.15,0.9590697575908096,0.9640295429342906,0.9709375846879241,0.9641937879604334,0.963460304960595,0.9635577036879218,0.9688576150633257,1.0,0.968943246257193,0.9602157619798594,0.9690074631155443,0.9653533075516681
1,8,2.169293277191393,0.21204992798847816,4166,2.285684517451695,0.13085234093637454,833,2.286621920670135,0.1377,0.9845035692648753,0.0836357983782728,,,0.9243363325730117,,0.9243782079846842,0.07562179201531583,0.8254573763828424,0.14753569402445052,10,0.025,0.15,0.9667247818030534,0.9620042513571923,0.967020609699755,0.9560985531406686,0.9655498244108578,0.9707707037895704,0.9663250184638249,0.968943246257193,1.0,0.9664766101889605,0.9678667039582817,0.9623540882349406
1,9,2.150253486633301,0.21512241958713393,4166,2.2874931607927596,0.1404561824729892,833,2.2866757398919213,0.1387,0.9788527507894546,0.08252033812348945,,,0.7,,0.7000132032810154,0.29998679671898465,0.8239237089385978,0.1473109450574763,10,0.025,0.15,0.9546220342538743,0.9539477095477693,0.9633370372261937,0.9621584175580417,0.9589840697688979,0.9623250327422022,0.9519443616159188,0.9602157619798594,0.9664766101889605,1.0,0.9633091730416353,0.9568747367052509
1,10,2.175335079250914,0.20225636101776284,4166,2.2870146547045027,0.11644657863145258,833,2.2866218180596074,0.1377,0.9862684564956551,0.08386285034660047,,,0.9699999997988844,,0.9700285520951957,0.029971447904804327,0.8254434363149331,0.14754146193328543,10,0.025,0.15,0.966411878135257,0.9623296180845362,0.9684699885908877,0.9699884112427345,0.968028136872691,0.9653513444151278,0.9672942325771972,0.9690074631155443,0.9678667039582817,0.9633091730416353,1.0,0.9729157787255877
1,11,2.1789176800034262,0.20770523283725395,4166,2.28440455027989,0.15726290516206481,833,2.2866276427160335,0.1375,0.985362617894853,0.083390217905035,,,0.8749462960553821,,0.874964928784803,0.12503507121519697,0.8252881852189226,0.1475188692546154,10,0.025,0.15,0.9673226929390352,0.967791510803716,0.9674217983325356,0.9627278555316776,0.9694137866209723,0.9696163489136088,0.9685458162318239,0.9653533075516681,0.9623540882349406,0.9568747367052509,0.9729157787255877,1.0
2,0,2.0816292387066464,0.25106791456683464,4167,2.269441945212228,0.1882494004796163,834,2.269972822334193,0.182,0.9811370273849243,0.08344023493567107,,,0.97,,0.9700285520951957,0.029971447904804327,0.9653391590335617,0.1473348475245613,10,0.025,0.15,1.0,0.9605916970092038,0.9620245656640218,0.9609401293108433,0.9614538641437277,0.9557290941212456,0.957723272335735,0.9627756562632475,0.9596637650517279,0.9585175712669624,0.9627892822539381,0.9621108519381096
2,1,2.085050110383467,0.24638828893688505,4167,2.267338071550642,0.2038369304556355,834,2.2699741230735295,0.182,0.9807430854878805,0.08339545925645567,,,0.97,,0.9700285520951957,0.029971447904804327,0.965325906794576,0.1473348475245613,10,0.025,0.15,0.9605916970092038,1.0,0.955786271014611,0.9593159777816948,0.9613060889468418,0.9610546548765917,0.9557310012465339,0.9655093658855409,0.9587354208076232,0.9601192240731611,0.9581775796182053,0.9634309795132566
2,2,2.0750565424109952,0.24986801055915528,4167,2.2681375231061662,0.19544364508393286,834,2.2699718052827857,0.1821,0.9814567251447197,0.08354025644438609,,,0.97,,0.9700285520951957,0.029971447904804327,0.9653813834616471,0.1473348475245613,10,0.025,0.15,0.9620245656640218,0.955786271014611,1.0,0.9575141506803735,0.9618132366924598,0.958750763197488,0.9619123946080114,0.9641328756040636,0.9598323208130541,0.9610181846992001,0.9611146360129647,0.9641474560608806
2,3,2.088205853736762,0.24252459803215742,4167,2.2707955496651784,0.17386091127098321,834,2.2700430230249333,0.1825,0.9806736074261169,0.0828445308985192,,,0.97,,0.9700285520951957,0.029971447904804327,0.9641199086829421,0.1473348475245613,10,0.025,0.15,0.9609401293108433,0.9593159777816948,0.9575141506803735,1.0,0.9590863710172889,0.9578916427780944,0.9556187541155372,0.9661471488164685,0.95686937563786,0.9619795945027384,0.9625571618865207,0.9614533239900462
2,4,2.0674425742842932,0.26042716582673386,4167,2.2716423102787564,0.17767106842737096,833,2.2699749409397945,0.1821,0.9826474151469565,0.08347284039855779,,,0.97,,0.9700285520951957,0.029971447904804327,0.9653359833170431,0.1473348475245613,10,0.025,0.15,0.9614538641437277,0.9613060889468418,0.9618132366924598,0.9590863710172889,1.0,0.9700014242347912,0.9589066710608799,0.9608238676374055,0.9609746779808002,0.9582388936949444,0.9619865640970988,0.9675018188856258
2,5,2.0742524645545264,0.2513558915286777,4167,2.2694060121263777,0.1872749099639856,833,2.2699755716927443,0.1822,0.9827661004767558,0.08341197205946752,,,0.97,,0.9700285520951957,0.029971447904804327,0.9652863467553099,0.1473348475245613,10,0.025,0.15,0.9557290941212456,0.9610546548765917,0.958750763197488,0.9578916427780944,0.9700014242347912,1.0,0.9600960001351955,0.9632809487287981,0.9661707173976617,0.9620922008590063,0.9610324770964551,0.967484904360781
2,6,2.054408757614367,0.2653707703383729,4167,2.273528371538435,0.1716686674669868,833,2.2699946149995056,0.1821,0.98042113177158,0.08312947439946414,,,0.97,,0.9700285520951957,0.029971447904804327,0.9651391530198075,0.1473348475245613,10,0.025,0.15,0.957723272335735,0.9557310012465339,0.9619123946080114,0.9556187541155372,0.9589066710608799,0.9600960001351955,1.0,0.9644440661825535,0.9630891980187616,0.9530382240293044,0.9632953988396595,0.962164899043344
2,7,2.0649893536712183,0.2631389488840893,4167,2.2694289684295654,0.18247298919567828,833,2.269993600966055,0.1821,0.9846927971259828,0.08327763100262361,,,0.97,,0.9700285520951957,0.029971447904804327,0.9651429580644412,0.1473348475245613,10,0.025,0.15,0.9627756562632475,0.9655093658855409,0.9641328756040636,0.9661471488164685,0.9608238676374055,0.9632809487287981,0.9644440661825535,1.0,0.966968896903761,0.9609941019133812,0.9641423532904508,0.9672342502972547
2,8,2.0803955901752818,0.24889582333173307,4166,2.2697696685791016,0.1752701080432173,833,2.269971105116832,0.1821,0.9829510114766258,0.08354339538778167,,,0.97,,0.9700285520951957,0.029971447904804327,0.9653397288420399,0.1473348475245613,10,0.025,0.15,0.9596637650517279,0.9587354208076232,0.9598323208130541,0.95686937563786,0.9609746779808002,0.9661707173976617,0.9630891980187616,0.966968896903761,1.0,0.9629575344180786,0.962595418876389,0.9678435563281105
2,9,2.0565157651901247,0.2562650024003841,4166,2.272449561527797,0.16566626650660263,833,2.2700570353978797,0.1825,0.9807158812416727,0.08278239070453114,,,0.97,,0.9700285520951957,0.029971447904804327,0.9637853422945982,0.1473348475245613,10,0.025,0.15,0.9585175712669624,0.9601192240731611,0.9610181846992001,0.9619795945027384,0.9582388936949444,0.9620922008590063,0.9530382240293044,0.9609941019133812,0.9629575344180786,1.0,0.9580614540363799,0.9628727452148393
2,10,2.082355443275336,0.249663946231397,4166,2.2706696646554128,0.16806722689075632,833,2.2699710507936115,0.182,0.9829946521904676,0.08368493762531606,,,0.97,,0.9700285520951957,0.029971447904804327,0.9653975055131236,0.1473348475245613,10,0.025,0.15,0.9627892822539381,0.9581775796182053,0.9611146360129647,0.9625571618865207,0.9619865640970988,0.9610324770964551,0.9632953988396595,0.9641423532904508,0.962595418876389,0.9580614540363799,1.0,0.9703435417731483
2,11,2.0817004344680092,0.2541046567450792,4166,2.2686076504843578,0.19447779111644659,833,2.26998104023028,0.182,0.9855691507848752,0.08347687688722612,,,0.97,,0.9700285520951957,0.029971447904804327,0.9652398507278809,0.1473348475245613,10,0.025,0.15,0.9621108519381096,0.9634309795132566,0.9641474560608806,0.9614533239900462,0.9675018188856258,0.967484904360781,0.962164899043344,0.9672342502972547,0.9678435563281105,0.9628727452148393,0.9703435417731483,1.0
3,0,2.021112059101914,0.2759539236861051,4167,2.245365483420236,0.23381294964028776,834,2.24680464177192,0.2323,0.9789740675702575,0.08342452988263033,,,0.97,,0.9700285520951957,0.029971447904804327,0.9839642584057603,0.14673048275707612,10,0.025,0.15,1.0,0.953552381094187,0.9575181838562306,0.9552775488415748,0.9569748075615437,0.9473906767746958,0.9507765188820265,0.9592261665201562,0.9518279322407864,0.9490689695597303,0.9560595531705244,0.9538653444991813
3,1,2.0205540415012475,0.271826253899688,4167,2.2434218951634,0.24580335731414868,834,2.246806452545939,0.2323,0.9768951384834328,0.0833292202780186,,,0.97,,0.9700285520951957,0.029971447904804327,0.9839642584057603,0.14673048275707612,10,0.025,0.15,0.953552381094187,1.0,0.9476107966245604,0.9505156332263437,0.9531611699820324,0.9522398343157165,0.9499732117933934,0.9563341296761534,0.9477644828412464,0.953429213176516,0.9487710753391069,0.9538721022664899
3,2,2.0092544837431476,0.2787616990640749,4167,2.244004317692348,0.25539568345323743,834,2.246802749513071,0.2324,0.9769831664931102,0.08342158593166588,,,0.97,,0.9700285520951957,0.029971447904804327,0.9839642584057603,0.14673048275707612,10,0.025,0.15,0.9575181838562306,0.9476107966245604,1.0,0.950094930020062,0.9542498072455533,0.947813502837426,0.9523385290949328,0.9536159023011525,0.9491822803677119,0.9506170542343017,0.950274957106251,0.9548189952105265
3,3,2.0267829822771475,0.2718982481401488,4167,2.2471355370112827,0.2170263788968825,834,2.246905000903938,0.2329,0.9776141541702132,0.08301207248713706,,,0.97,,0.9700285520951957,0.029971447904804327,0.9839642584057603,0.14673048275707612,10,0.025,0.15,0.9552775488415748,0.9505156332263437,0.950094930020062,1.0,0.9521259047247206,0.9518911989603608,0.9504028549484591,0.9590061504508901,0.9493178920999525,0.9507992026378175,0.9541918195026861,0.9523231799245455
3,4,2.0047594157132234,0.2861051115910727,4167,2.248699528830392,0.22809123649459784,833,2.2468072191069397,0.2323,0.9787630103681184,0.08343781770113101,,,0.97,,0.9700285520951957,0.029971447904804327,0.9839642584057603,0.14673048275707612,10,0.025,0.15,0.9569748075615437,0.9531611699820324,0.9542498072455533,0.9521259047247206,1.0,0.9579614646439466,0.9521848224646879,0.9512443305437525,0.9501223874599241,0.9502767927372091,0.9543446351672178,0.9563908720291593
3,5,2.012266556783156,0.27473002159827214,4167,2.2442130020686557,0.24969987995198079,833,2.2468085983131507,0.2322,0.9782502748901255,0.0833835132271324,,,0.97,,0.9700285520951957,0.029971447904804327,0.9839642584057603,0.14673048275707612,10,0.025,0.15,0.9473906767746958,0.9522398343157165,0.947813502837426,0.9518911989603608,0.9579614646439466,1.0,0.9507968033545305,0.9539331904688886,0.9552561243553377,0.9536769979346048,0.9531849050879486,0.9589403093209896
3,6,1.9874633276101314,0.292608591312695,4167,2.2503916195460727,0.22448979591836735,833,2.246834951111033,0.232,0.9772826807861922,0.08317741776357603,,,0.97,,0.9700285520951957,0.029971447904804327,0.9839642584057603,0.14673048275707612,10,0.025,0.15,0.9507765188820265,0.9499732117933934,0.9523385290949328,0.9504028549484591,0.9521848224646879,0.9507968033545305,1.0,0.9559539239735093,0.9540589870455752,0.9452967471885401,0.9562410528691958,0.9538022725321476
3,7,2.0006459868315494,0.2872330213582913,4167,2.2461911610194614,0.22088835534213686,833,2.2468337620360943,0.2321,0.9803849052171393,0.08336991949963458,,,0.97,,0.9700285520951957,0.029971447904804327,0.9839642584057603,0.14673048275707612,10,0.025,0.15,0.9592261665201562,0.9563341296761534,0.9536159023011525,0.9590061504508901,0.9512443305437525,0.9539331904688886,0.9559539239735093,1.0,0.9564865737253396,0.9487319298596883,0.9554893324121113,0.9581836285751164
3,8,2.017709002350316,0.2728516562650024,4166,2.2474139417920793,0.22088835534213686,833,2.2468018048926246,0.2323,0.9777362182325464,0.08344802488236445,,,0.97,,0.9700285520951957,0.029971447904804327,0.9839642584057603,0.14673048275707612,10,0.025,0.15,0.9518279322407864,0.9477644828412464,0.9491822803677119,0.9493178920999525,0.9501223874599241,0.9552561243553377,0.9540589870455752,0.9564865737253396,1.0,0.9514939021685191,0.9545480813663024,0.9569068496200613
3,9,1.9940090067458875,0.28199711953912626,4166,2.2515008449554443,0.2148859543817527,833,2.2469218260125268,0.2321,0.9757444078114353,0.08291283480037887,,,0.97,,0.9700285520951957,0.029971447904804327,0.9839642584057603,0.14673048275707612,10,0.025,0.15,0.9490689695597303,0.953429213176516,0.9506170542343017,0.9507992026378175,0.9502767927372091,0.9536769979346048,0.9452967471885401,0.9487319298596883,0.9514939021685191,1.0,0.9473128718772763,0.9533397381402029
3,10,2.019026058731657,0.2737397983677388,4166,2.247769866670881,0.22088835534213686,833,2.2468015725099586,0.2324,0.9789636522399534,0.08357544639824757,,,0.97,,0.9700285520951957,0.029971447904804327,0.9839642584057603,0.14673048275707612,10,0.025,0.15,0.9560595531705244,0.9487710753391069,0.950274957106251,0.9541918195026861,0.9543446351672178,0.9531849050879486,0.9562410528691958,0.9554893324121113,0.9545480813663024,0.9473128718772763,1.0,0.9608629798482247
3,11,2.018652248382568,0.279332693230917,4166,2.246873378753662,0.2581032412965186,833,2.246816804137411,0.2322,0.9808318420451797,0.08350761714808319,,,0.97,,0.9700285520951957,0.029971447904804327,0.9839642584057603,0.14673048275707612,10,0.025,0.15,0.9538653444991813,0.9538721022664899,0.9548189952105265,0.9523231799245455,0.9563908720291593,0.9589403093209896,0.9538022725321476,0.9581836285751164,0.9569068496200613,0.9533397381402029,0.9608629798482247,1.0
4,0,1.9707756262837035,0.2953203743700504,4167,2.2145218508584157,0.28177458033573144,834,2.217218604268907,0.2793,0.9747549391539474,0.08342149319490567,,,0.97,,0.9700285520951957,0.029971447904804327,0.9876939644726753,0.14606764405364014,10,0.025,0.15,1.0,0.942177782077499,0.9487301112926105,0.9468729229541312,0.9478135158210309,0.9381532808494641,0.9404594976578263,0.9504058735807479,0.942756224651427,0.9400456574555984,0.9497892935833386,0.943123824982056
4,1,1.971202271634882,0.29013678905687545,4167,2.2127997875213623,0.30335731414868106,834,2.2172209612930875,0.2793,0.9718648643293932,0.08326829464025416,,,0.97,,0.9700285520951957,0.029971447904804327,0.9876939644726753,0.14606764405364014,10,0.025,0.15,0.942177782077499,1.0,0.9372816330608652,0.9386439471949657,0.944040121315582,0.9442811169204137,0.9395853986333318,0.9466973168895622,0.9378340108261584,0.9412625833450916,0.9397780366803924,0.9450598003906927
4,2,1.9615952744628444,0.2986321094312455,4167,2.2132172925131663,0.3057553956834532,834,2.2172158337846586,0.2795,0.9726753935706478,0.08335190044441043,,,0.97,,0.9700285520951957,0.029971447904804327,0.9876939644726753,0.14606764405364014,10,0.025,0.15,0.9487301112926105,0.9372816330608652,1.0,0.9388577595151923,0.9456999982247087,0.9380775088893704,0.9421341093607175,0.9447299957535148,0.9406814681883694,0.9403612590549599,0.9427735181439523,0.9466965979556009
4,3,1.9760214440750352,0.2899688024958003,4167,2.2171949318477084,0.26258992805755393,834,2.2173528309109845,0.2795,0.972117431353886,0.08308015164756849,,,0.97,,0.9700285520951957,0.029971447904804327,0.9876939644726753,0.14606764405364014,10,0.025,0.15,0.9468729229541312,0.9386439471949657,0.9388577595151923,1.0,0.9421816846735647,0.9416092803827121,0.9385061728522268,0.9491092928808773,0.9395304704277968,0.9384303454674203,0.9462866851585486,0.9397676331719573
4,4,1.9560988368410053,0.30184785217182625,4167,2.2192982264927457,0.2737094837935174,833,2.2172215618664706,0.2793,0.9748891772435807,0.08343409550004559,,,0.97,,0.9700285520951957,0.029971447904804327,0.9876939644726753,0.14606764405364014,10,0.025,0.15,0.9478135158210309,0.944040121315582,0.9456999982247087,0.9421816846735647,1.0,0.9498120252093442,0.9419508380395314,0.9438213324408283,0.9399569543355744,0.9426725829939423,0.9467218617787263,0.9472187130596736
4,5,1.9643873344768177,0.29421646268298535,4167,2.2121682507651195,0.2965186074429772,833,2.217224290099325,0.2793,0.9738546327523728,0.08336675630264806,,,0.97,,0.9700285520951957,0.029971447904804327,0.9876939644726753,0.14606764405364014,10,0.025,0.15,0.9381532808494641,0.9442811169204137,0.9380775088893704,0.9416092803827121,0.9498120252093442,1.0,0.9402294681996668,0.946670388124391,0.9451537746012233,0.9433185933146838,0.9446388894962147,0.9479016193642883
4,6,1.9397372206052144,0.3109671226301896,4167,2.2205825533185686,0.2605042016806723,833,2.2172585439078416,0.2797,0.9722875690212733,0.08318807590661899,,,0.97,,0.9700285520951957,0.029971447904804327,0.9876939644726753,0.14606764405364014,10,0.025,0.15,0.9404594976578263,0.9395853986333318,0.9421341093607175,0.9385061728522268,0.9419508380395314,0.9402294681996668,1.0,0.9460771926476375,0.9449924327996213,0.9348354301422812,0.9485942010365529,0.9442618578932472
4,7,1.9445748849348587,0.30868730501559877,4167,2.2166955130440846,0.27611044417767105,833,2.2172572673121587,0.2797,0.9770529412889976,0.08346256827594103,,,0.97,,0.9700285520951957,0.029971447904804327,0.9876939644726753,0.14606764405364014,10,0.025,0.15,0.9504058735807479,0.9466973168895622,0.9447299957535148,0.9491092928808773,0.9438213324408283,0.946670388124391,0.9460771926476375,1.0,0.9494933570824894,0.9402604404347351,0.9500487698068716,0.949900017040794
4,8,1.9697994326100206,0.28790206433029286,4166,2.218733719417027,0.2665066026410564,833,2.2172146688533734,0.2793,0.9732565870506972,0.08338721150165476,,,0.97,,0.9700285520951957,0.029971447904804327,0.9876939644726753,0.14606764405364014,10,0.025,0.15,0.942756224651427,0.9378340108261584,0.9406814681883694,0.9395304704277968,0.9399569543355744,0.9451537746012233,0.9449924327996213,0.9494933570824894,1.0,0.9413369687009612,0.9452818850401622,0.9457939665539749
4,9,1.9481510642803077,0.29810369659145464,4166,2.2248374053410123,0.25570228091236497,833,2.2173739022846464,0.2784,0.9707953586914836,0.08297562018263914,,,0.97,,0.9700285520951957,0.029971447904804327,0.9876939644726753,0.14606764405364014,10,0.025,0.15,0.9400456574555984,0.9412625833450916,0.9403612590549599,0.9384303454674203,0.9426725829939423,0.9433185933146838,0.9348354301422812,0.9402604404347351,0.9413369687009612,1.0,0.9385177448922289,0.943392813098128
4,10,1.967365608070836,0.29459913586173786,4166,2.2183750016348704,0.28331332533013204,833,2.2172142916087862,0.2794,0.9758922666108767,0.0835520029041141,,,0.97,,0.9700285520951957,0.029971447904804327,0.9876939644726753,0.14606764405364014,10,0.025,0.15,0.9497892935833386,0.9397780366803924,0.9427735181439523,0.9462866851585486,0.9467218617787263,0.9446388894962147,0.9485942010365529,0.9500487698068716,0.9452818850401622,0.9385177448922289,1.0,0.9510852571455513
4,11,1.969107121409792,0.2981517042726836,4166,2.2192278248923167,0.28331332533013204,833,2.2172354776648024,0.2794,0.975948285788793,0.08351182949919962,,,0.97,,0.9700285520951957,0.029971447904804327,0.9876939644726753,0.14606764405364014,10,0.025,0.15,0.943123824982056,0.9450598003906927,0.9466965979556009,0.9397676331719573,0.9472187130596736,0.9479016193642883,0.9442618578932472,0.949900017040794,0.9457939665539749,0.943392813098128,0.9510852571455513,1.0
5,0,1.9304349635586595,0.30638348932085435,4167,2.1788877078465054,0.30815347721822545,834,2.183060893529578,0.301,0.9711269013344963,0.08341612517895469,,,0.97,,0.9700285520951957,0.029971447904804327,0.9896882532363397,0.1455400365452216,10,0.025,0.15,1.0,0.9346256074190175,0.9401132590586863,0.9388952637692506,0.9409714184385471,0.9290317151744826,0.9317369070100118,0.9448826888568755,0.9365612859781065,0.9337708180547077,0.9408502106535358,0.9354950555038185
5,1,1.9274831529819605,0.30400767938564915,4167,2.177238702774048,0.3213429256594724,834,2.183063787750051,0.301,0.9680939212320024,0.0832221585998978,,,0.97,,0.9700285520951957,0.029971447904804327,0.9896882532363397,0.1455400365452216,10,0.025,0.15,0.9346256074190175,1.0,0.9267980228627547,0.933016061232304,0.9350891596068706,0.9358869472369749,0.9317352990720283,0.9412588257799074,0.9335253629562033,0.933289074196418,0.9317212352966278,0.934815561009688
5,2,1.9191344611572496,0.3139188864890809,4167,2.1776801518031528,0.31534772182254195,834,2.1830573896818524,0.301,0.9674972404220623,0.08325452565497887,,,0.97,,0.9700285520951957,0.029971447904804327,0.9896882532363397,0.1455400365452216,10,0.025,0.15,0.9401132590586863,0.9267980228627547,1.0,0.9303860068802734,0.9366411379135829,0.927391120676537,0.9315918327091527,0.9373672209091896,0.930878412042267,0.9332603673140879,0.9331144165804109,0.9371850089800846
5,3,1.9349665323893228,0.30604751619870413,4167,2.1830103397369385,0.2853717026378897,834,2.1832289393944078,0.3008,0.9694971796967119,0.0831512959004978,,,0.97,,0.9700285520951957,0.029971447904804327,0.9896882532363397,0.1455400365452216,10,0.025,0.15,0.9388952637692506,0.933016061232304,0.9303860068802734,1.0,0.9347710182847244,0.9361622089107369,0.9317753801993028,0.9439249839656872,0.9341244423255971,0.9326063461944745,0.9399012204419523,0.9326586271251162
5,4,1.9169523997740312,0.31591072714182866,4167,2.18536376953125,0.290516206482593,833,2.1830642132819453,0.301,0.971019964227215,0.0834204493611654,,,0.97,,0.9700285520951957,0.029971447904804327,0.9896882532363397,0.1455400365452216,10,0.025,0.15,0.9409714184385471,0.9350891596068706,0.9366411379135829,0.9347710182847244,1.0,0.9408214833199543,0.9319421867741733,0.9382992773859238,0.9334846099514916,0.9357303203277639,0.939129860449671,0.9388020102727141
5,5,1.9263392874688814,0.30806335493160547,4167,2.1754672527313232,0.3205282112845138,833,2.183068224146396,0.301,0.9698552609161022,0.08334068779185484,,,0.97,,0.9700285520951957,0.029971447904804327,0.9896882532363397,0.1455400365452216,10,0.025,0.15,0.9290317151744826,0.9358869472369749,0.927391120676537,0.9361622089107369,0.9408214833199543,1.0,0.9312374490757747,0.9397298451355417,0.9389214757439835,0.935426446546611,0.9362709949569961,0.9413031417183174
5,6,1.9003794756802646,0.3269018478521718,4167,2.18638014793396,0.2917166866746699,833,2.183111094221284,0.3011,0.9679948221909603,0.08316918580064907,,,0.97,,0.9700285520951957,0.029971447904804327,0.9896882532363397,0.1455400365452216,10,0.025,0.15,0.9317369070100118,0.9317352990720283,0.9315918327091527,0.9317753801993028,0.9319421867741733,0.9312374490757747,1.0,0.9401598520023122,0.9394361183135089,0.926553559312716,0.9391621635754656,0.9352945935930457
5,7,1.9052567521731059,0.3196064314854812,4167,2.1826635769435336,0.3085234093637455,833,2.183109696907333,0.3011,0.9750683444823182,0.0835702172089186,,,0.97,,0.9700285520951957,0.029971447904804327,0.9896882532363397,0.1455400365452216,10,0.025,0.15,0.9448826888568755,0.9412588257799074,0.9373672209091896,0.9439249839656872,0.9382992773859238,0.9397298451355417,0.9401598520023122,1.0,0.9441834433764489,0.9338616208237015,0.944935601270323,0.9441955785145189
5,8,1.929347059582219,0.3006000960153625,4166,2.1855337619781494,0.29531812725090034,833,2.1830560406552086,0.301,0.9709894347093574,0.08339038311114394,,,0.97,,0.9700285520951957,0.029971447904804327,0.9896882532363397,0.1455400365452216,10,0.025,0.15,0.9365612859781065,0.9335253629562033,0.930878412042267,0.9341244423255971,0.9334846099514916,0.9389214757439835,0.9394361183135089,0.9441834433764489,1.0,0.9352993550992555,0.9369301531426907,0.9420242700982283
5,9,1.9080727331566087,0.31339414306289004,4166,2.193415471485683,0.2737094837935174,833,2.1832532188560387,0.3004,0.9675915169166053,0.08302429339242416,,,0.97,,0.9700285520951957,0.029971447904804327,0.9896882532363397,0.1455400365452216,10,0.025,0.15,0.9337708180547077,0.933289074196418,0.9332603673140879,0.9326063461944745,0.9357303203277639,0.935426446546611,0.926553559312716,0.9338616208237015,0.9352993550992555,1.0,0.9312719561413066,0.935075528512529
5,10,1.924772001396526,0.30936149783965433,4166,2.1845481736319408,0.304921968787515,833,2.1830555457103102,0.301,0.9720701227172414,0.08352782722642672,,,0.97,,0.9700285520951957,0.029971447904804327,0.9896882532363397,0.1455400365452216,10,0.025,0.15,0.9408502106535358,0.9317212352966278,0.9331144165804109,0.9399012204419523,0.939129860449671,0.9362709949569961,0.9391621635754656,0.944935601270323,0.9369301531426907,0.9312719561413066,1.0,0.9445201471611019
5,11,1.925663335756822,0.31077772443590973,4166,2.187298229762486,0.29411764705882354,833,2.183082912541643,0.3011,0.9723744912671771,0.08351285077308804,,,0.97,,0.9700285520951957,0.029971447904804327,0.9896882532363397,0.1455400365452216,10,0.025,0.15,0.9354950555038185,0.934815561009688,0.9371850089800846,0.9326586271251162,0.9388020102727141,0.9413031417183174,0.9352945935930457,0.9441955785145189,0.9420242700982283,0.935075528512529,0.9445201471611019,1.0
6,0,1.8920789888410858,0.3224622030237581,4167,2.1389866215842113,0.3225419664268585,834,2.1447568875324876,0.3175,0.969163639063349,0.08344729375198233,,,0.97,,0.9700285520951957,0.029971447904804327,0.9914386849575403,0.1450877225190671,10,0.025,0.15,1.0,0.9273731367801971,0.9343769461874942,0.9330845858595159,0.9360585426812152,0.9244746294747452,0.9268684138878619,0.9391328727100166,0.9324903822997531,0.9282383889777839,0.9354537352147151,0.9314368469053508
6,1,1.891643184965307,0.31732661387089034,4167,2.1374142851148332,0.3405275779376499,834,2.1447601620155043,0.3176,0.9639498705126807,0.08315653875833032,,,0.97,,0.9700285520951957,0.029971447904804327,0.9914386849575403,0.1450877225190671,10,0.025,0.15,0.9273731367801971,1.0,0.9213724476000478,0.9255273957118739,0.9278658620410042,0.9271737237115608,0.9216522552174068,0.9344010892111868,0.9253541527258448,0.9242953377544523,0.9262392234843924,0.9273897118497652
6,2,1.8794524171135643,0.32838972882169426,4167,2.137760196413313,0.3225419664268585,834,2.144752674464938,0.3174,0.9650343339036953,0.08321206325612995,,,0.97,,0.9700285520951957,0.029971447904804327,0.9914386849575403,0.1450877225190671,10,0.025,0.15,0.9343769461874942,0.9213724476000478,1.0,0.9243287249612258,0.9289792572015803,0.9208285984518724,0.9260959187651372,0.9315789755753279,0.9271883240071577,0.9259621668272032,0.9267857525712869,0.9337007360565971
6,3,1.8984471837679544,0.31773458123350135,4167,2.1446403435298373,0.3117505995203837,834,2.1449595403067674,0.3172,0.9671269799110108,0.08321635249516415,,,0.97,,0.9700285520951957,0.029971447904804327,0.9914386849575403,0.1450877225190671,10,0.025,0.15,0.9330845858595159,0.9255273957118739,0.9243287249612258,1.0,0.9298088574958611,0.9316248954506308,0.9268474237873991,0.9387819565631244,0.9269848499169575,0.9278808619726904,0.9349867820550414,0.9257159857897055
6,4,1.8774321675300598,0.32841372690184784,4167,2.147171667643956,0.297719087635054,833,2.144760397416127,0.3175,0.9676345069409982,0.08340001785437048,,,0.97,,0.9700285520951957,0.029971447904804327,0.9914386849575403,0.1450877225190671,10,0.025,0.15,0.9360585426812152,0.9278658620410042,0.9289792572015803,0.9298088574958611,1.0,0.9332287747248562,0.9243332693317804,0.9301143456570263,0.9253903879113694,0.9306216363854101,0.9341312794062998,0.930730841064266
6,5,1.8891170971321336,0.32181425485961124,4167,2.134314094270979,0.33733493397358943,833,2.1447661586954623,0.3178,0.9668344449521283,0.083324364148142,,,0.97,,0.9700285520951957,0.029971447904804327,0.9914386849575403,0.1450877225190671,10,0.025,0.15,0.9244746294747452,0.9271737237115608,0.9208285984518724,0.9316248954506308,0.9332287747248562,1.0,0.9226491817116887,0.9347929270409665,0.9319037237462716,0.9302182944993209,0.9328492323995385,0.9322805597616779
6,6,1.8638374158830353,0.338300935925126,4167,2.148156608854021,0.3217286914765906,833,2.144817370402662,0.3176,0.9640248042691266,0.08312610291344819,,,0.97,,0.9700285520951957,0.029971447904804327,0.9914386849575403,0.1450877225190671,10,0.025,0.15,0.9268684138878619,0.9216522552174068,0.9260959187651372,0.9268474237873991,0.9243332693317804,0.9226491817116887,1.0,0.9321269065381743,0.9291443921142584,0.9201961212996906,0.9337068326116378,0.9259295120731141
6,7,1.863839859673471,0.3337892968562515,4167,2.144662073680333,0.32533013205282113,833,2.14481586444227,0.3176,0.9722951661989395,0.08364526411153168,,,0.97,,0.9700285520951957,0.029971447904804327,0.9914386849575403,0.1450877225190671,10,0.025,0.15,0.9391328727100166,0.9344010892111868,0.9315789755753279,0.9387819565631244,0.9301143456570263,0.9347929270409665,0.9321269065381743,1.0,0.9362586028383565,0.9304097328136228,0.9406772306437252,0.9369652339172586
6,8,1.891165119228941,0.31346615458473354,4166,2.1481308255876814,0.3217286914765906,833,2.1447514521924753,0.3175,0.9672265902467785,0.08336802595892366,,,0.97,,0.9700285520951957,0.029971447904804327,0.9914386849575403,0.1450877225190671,10,0.025,0.15,0.9324903822997531,0.9253541527258448,0.9271883240071577,0.9269848499169575,0.9253903879113694,0.9319037237462716,0.9291443921142584,0.9362586028383565,1.0,0.928972722176332,0.9298066942938189,0.9330444889169468
6,9,1.871276758295117,0.3254680748919827,4166,2.157979897090367,0.28331332533013204,833,2.1449886877325515,0.3173,0.9651142327334232,0.08307175168202194,,,0.97,,0.9700285520951957,0.029971447904804327,0.9914386849575403,0.1450877225190671,10,0.025,0.15,0.9282383889777839,0.9242953377544523,0.9259621668272032,0.9278808619726904,0.9306216363854101,0.9302182944993209,0.9201961212996906,0.9304097328136228,0.928972722176332,1.0,0.9266409780360525,0.9289098953536166
6,10,1.8874993573535572,0.3198511761881901,4166,2.146681308746338,0.31092436974789917,833,2.1447505347336393,0.3174,0.9699439187746537,0.08354212892345989,,,0.97,,0.9700285520951957,0.029971447904804327,0.9914386849575403,0.1450877225190671,10,0.025,0.15,0.9354537352147151,0.9262392234843924,0.9267857525712869,0.9349867820550414,0.9341312794062998,0.9328492323995385,0.9337068326116378,0.9406772306437252,0.9298066942938189,0.9266409780360525,1.0,0.9366714102685202
