round,client_id,client_i_training_loss,client_i_training_accuracy,client_i_training_dataset_size,client_i_evaluation_loss,client_i_evaluation_accuracy,client_i_evaluation_dataset_size,client_i_central_evaluation_loss,client_i_central_evaluation_accuracy,client_i_cosine_similarity,client_i_importance_coefficient,client_i_tanh_val,tanh_normalization_value,client_i_q,client_i_mask_order,client_i_v_nonzero_fraction,client_i_v_sparsity,client_i_v_cosine_similarity,client_i_reward_gradient_norm,local_epochs,learning_rate,gamma,client_0_cosine_similarity,client_1_cosine_similarity,client_2_cosine_similarity,client_3_cosine_similarity,client_4_cosine_similarity,client_5_cosine_similarity,client_6_cosine_similarity,client_7_cosine_similarity,client_8_cosine_similarity,client_9_cosine_similarity,client_10_cosine_similarity,client_11_cosine_similarity
0,0,0.35105084236651946,0.89088,5000,2.1803011011194298,0.381294964028777,834,2.184586704729464,0.3755,0.7864763538694673,0.08271393727635648,,,0.6937739882707565,,0.6937804327092013,0.3062195672907987,0,0.3954331412257992,5,0.1,0.5,1.0,0.5957572522627311,0.5924356752871659,0.5867585373204668,0.5922158712004228,0.603551667071517,0.5829888760056058,0.5853833051182749,0.5895521859816744,0.583822144289206,0.5861817315350154,0.5794764612068766
0,1,0.3393070444144356,0.89668,5000,2.1833911295290345,0.36930455635491605,834,2.1844005181004826,0.3754,0.7900785297402946,0.08309277911638395,,,0.7456982467981059,,0.7457155765272828,0.2542844234727172,0,0.3958062703018353,5,0.1,0.5,0.5957572522627311,1.0,0.577841320712564,0.5986783086630075,0.5952117585463184,0.5887656290546667,0.5896248293980104,0.6004314872842729,0.6038824298529121,0.5968347373603456,0.5751937632915983,0.5901530826363084
0,2,0.34830363087451005,0.8908,5000,2.183667677420157,0.38489208633093525,834,2.1847249966459916,0.3747,0.7845892274065669,0.08251546766043359,,,0.6665716400658789,,0.666588022689624,0.333411977310376,0,0.39515828666280184,5,0.1,0.5,0.5924356752871659,0.577841320712564,1.0,0.5862190237011213,0.6096033326476643,0.6072114650117386,0.558466332988533,0.5766759119161118,0.5909710632859134,0.585467426197077,0.5888561943406083,0.5864324290448114
0,3,0.35381284644174726,0.89188,5000,2.173651421511615,0.3908872901678657,834,2.184231642336129,0.3753,0.7946783756615312,0.08357654619359886,,,0.812003612600642,,0.8120275086592038,0.1879724913407962,0,0.3960596796809984,5,0.1,0.5,0.5867585373204668,0.5986783086630075,0.5862190237011213,1.0,0.6175865690638799,0.5973908800141802,0.5914066930056137,0.5868745692663696,0.5954057450643814,0.6073786032179876,0.5966035746840727,0.5918092213027549
0,4,0.322985551831354,0.89756,5000,2.1884847658651845,0.3433373349339736,833,2.184145274634559,0.3752,0.8042516901498978,0.08458337434580167,,,0.9499999998629394,,0.9500025099141609,0.04999749008583909,0,0.3961811834551013,5,0.1,0.5,0.5922158712004228,0.5952117585463184,0.6096033326476643,0.6175865690638799,1.0,0.6044273122523515,0.5957615830347394,0.6006013498437313,0.6064611265386789,0.6081095552813557,0.6111119755364439,0.6060480985441891
0,5,0.3460046507904579,0.89052,5000,2.1879658787338823,0.3949579831932773,833,2.184136883519328,0.3751,0.8017792325885602,0.08432334529516236,,,0.9143602836979097,,0.9143717684855178,0.08562823151448218,0,0.39617394120910066,5,0.1,0.5,0.603551667071517,0.5887656290546667,0.6072114650117386,0.5973908800141802,0.6044273122523515,1.0,0.5878928658056479,0.602102190886386,0.6063612697876954,0.6088110499529809,0.5957319700136952,0.6213831395652117
0,6,0.335814660795294,0.89344,5000,2.18042281821922,0.37334933973589435,833,2.1852287514902913,0.3739,0.7799709090650465,0.08202975783363038,,,0.6,,0.6,0.4,0,0.3941549393236717,5,0.1,0.5,0.5829888760056058,0.5896248293980104,0.558466332988533,0.5914066930056137,0.5957615830347394,0.5878928658056479,1.0,0.5891608628674074,0.5830714501883824,0.5919027815538329,0.5717707000823615,0.5742204263868151
0,7,0.34980628609028497,0.8924,5000,2.1924503820913808,0.36014405762304924,833,2.184357541818588,0.3752,0.7914480932083786,0.08323681648793078,,,0.765440083436993,,0.7654585613172029,0.2345414386827971,0,0.39590483147785777,5,0.1,0.5,0.5853833051182749,0.6004314872842729,0.5766759119161118,0.5868745692663696,0.6006013498437313,0.602102190886386,0.5891608628674074,1.0,0.5944944186925489,0.6082028682795106,0.6002287603882938,0.5812412173380449
0,8,0.3443683919882414,0.894,5000,2.1909141540527344,0.3709483793517407,833,2.1841873193320374,0.3751,0.79576620007297,0.08369095299005594,,,0.8276842672930921,,0.8276994126800863,0.1723005873199137,0,0.39609235517262065,5,0.1,0.5,0.5895521859816744,0.6038824298529121,0.5909710632859134,0.5954057450643814,0.6064611265386789,0.6063612697876954,0.5830714501883824,0.5944944186925489,1.0,0.5992322102557247,0.596955879491449,0.6000674073544493
0,9,0.34541163489839455,0.88924,5000,2.1849174941027605,0.37334933973589435,833,2.1841375827789307,0.3751,0.7985848395620635,0.08398739009049574,,,0.8683140895936549,,0.8683248832889915,0.1316751167110085,0,0.3961472410584991,5,0.1,0.5,0.583822144289206,0.5968347373603456,0.585467426197077,0.6073786032179876,0.6081095552813557,0.6088110499529809,0.5919027815538329,0.6082028682795106,0.5992322102557247,1.0,0.592423029646971,0.6110715002291881
0,10,0.35093031377549383,0.88784,5000,2.1869717703925238,0.3877551020408163,833,2.184438019895706,0.3762,0.7889714827377149,0.08297635067466051,,,0.729740504359874,,0.7297525224637318,0.2702474775362682,0,0.39571038054406993,5,0.1,0.5,0.5861817315350154,0.5751937632915983,0.5888561943406083,0.5966035746840727,0.6111119755364439,0.5957319700136952,0.5717707000823615,0.6002287603882938,0.596955879491449,0.592423029646971,1.0,0.586790786514836
0,11,0.3496713173095208,0.88832,5000,2.1776414977179632,0.368547418967587,833,2.1843176565992946,0.3751,0.7917948218472324,0.0832732820354898,,,0.7704380702450451,,0.770453290497465,0.22954670950253497,0,0.39592646081386657,5,0.1,0.5,0.5794764612068766,0.5901530826363084,0.5864324290448114,0.5918092213027549,0.6060480985441891,0.6213831395652117,0.5742204263868151,0.5812412173380449,0.6000674073544493,0.6110715002291881,0.586790786514836,1.0
1,0,0.3145094318528938,0.9026,5000,2.014116048812866,0.6990407673860911,834,2.020394348869689,0.6898,0.8096202599541639,0.08287557079781877,,,0.6770236886667751,,0.6770393052557603,0.3229606947442397,0.9589684046691146,0.4044783212837792,5,0.1,0.5,1.0,0.6228745217262845,0.61903811505069,0.6248706678363276,0.6279912537530775,0.627466624579626,0.6299176542094191,0.6243776392815381,0.6203976064981467,0.6343871381256571,0.6257831846540407,0.6249679038716405
1,1,0.30654419596858656,0.90852,5000,2.0211381559018737,0.7062350119904077,834,2.0198819549700704,0.6881,0.8097855402042099,0.0831318447196426,,,0.7287847974792501,,0.7287987550825762,0.2712012449174238,0.9601629316957565,0.4049654376127927,5,0.1,0.5,0.6228745217262845,1.0,0.6244943885873249,0.6296688468620121,0.6243241888685687,0.6281770413584953,0.6351240377793382,0.6151189330213244,0.6209899302073071,0.6309145572390268,0.617546902927586,0.6328850313915839
1,2,0.3086937637964062,0.90636,5000,2.0228585137261286,0.6894484412470024,834,2.0211622970172773,0.6883,0.808026538191469,0.08268885789670082,,,0.6393122168061998,,0.6393253350735405,0.3606746649264595,0.9581730089602691,0.4039572195428135,5,0.1,0.5,0.61903811505069,0.6244943885873249,1.0,0.6337054681600598,0.6268004821410293,0.6331859383307513,0.6252645953400202,0.6227431037928928,0.6129107344270419,0.6233542793039653,0.6170357829438479,0.6288744810900979
1,3,0.3091830108824904,0.9052,5000,2.0053983617711952,0.7026378896882494,834,2.019197460942375,0.6894,0.8148620258324138,0.08362843511085731,,,0.8290839972260057,,0.8290999447818884,0.17090005521811158,0.961113750957346,0.40540483372211766,5,0.1,0.5,0.6248706678363276,0.6296688468620121,0.6337054681600598,1.0,0.629305837792883,0.6417172793577399,0.6242130421880139,0.6276091450718905,0.6250086135805496,0.633463912315644,0.6262191485189039,0.6333056554441134
1,4,0.2836306862361065,0.9136,5000,2.02256507785232,0.6710684273709484,833,2.0190034289710437,0.6893,0.811179949867726,0.08416608065893895,,,0.9376753416700409,,0.9376938908689323,0.06230610913106771,0.9614925155134987,0.4055046927413682,5,0.1,0.5,0.6279912537530775,0.6243241888685687,0.6268004821410293,0.629305837792883,1.0,0.6278665529906939,0.6238051887929248,0.6299871232103097,0.6156136084694357,0.635600654872512,0.6231663657093032,0.6244178965968811
1,5,0.30440064971305575,0.90568,5000,2.023149123898259,0.6890756302521008,833,2.018994225480686,0.6895,0.8178737457567232,0.08422710115378652,,,0.9499999997980242,,0.9500025099141609,0.04999749008583909,0.9614642280018494,0.40550675065414743,5,0.1,0.5,0.627466624579626,0.6281770413584953,0.6331859383307513,0.6417172793577399,0.6278665529906939,1.0,0.6300303005679584,0.6370593232796864,0.6311046149353339,0.6423716960927365,0.6240765947327986,0.6321589046118926
1,6,0.29724248872571596,0.90896,5000,2.020253578821818,0.6926770708283313,833,2.0225336406939327,0.6865,0.8116626665041917,0.08249421956286965,,,0.6,,0.6,0.4,0.956484683926561,0.40321776669205067,5,0.1,0.5,0.6299176542094191,0.6351240377793382,0.6252645953400202,0.6242130421880139,0.6238051887929248,0.6300303005679584,1.0,0.6270111950056514,0.6165376739741707,0.6292366148993332,0.629065478235064,0.6349941477269184
1,7,0.3017396436790657,0.90792,5000,2.029669920603434,0.6782713085234093,833,2.0196220592949716,0.6879,0.8100243679569535,0.08323540634444188,,,0.7497017307820324,,0.7497163796998143,0.2502836203001857,0.9604912012712772,0.4051037275179133,5,0.1,0.5,0.6243776392815381,0.6151189330213244,0.6227431037928928,0.6276091450718905,0.6299871232103097,0.6370593232796864,0.6270111950056514,1.0,0.6295930042621529,0.6321769262477696,0.6141593666922294,0.6235562651803566
1,8,0.3038511924113438,0.9084,5000,2.0271505779690213,0.6926770708283313,833,2.0192879910667103,0.6897,0.8044012242522559,0.08334000903742952,,,0.7708289345774046,,0.7708448371065709,0.22915516289342908,0.9608451926802182,0.40521380647990646,5,0.1,0.5,0.6203976064981467,0.6209899302073071,0.6129107344270419,0.6250086135805496,0.6156136084694357,0.6311046149353339,0.6165376739741707,0.6295930042621529,1.0,0.6203741225470454,0.6116504044336851,0.6225696100813843
1,9,0.30110314617965633,0.90932,5000,2.0190861887402005,0.6698679471788715,833,2.019029373558946,0.6895,0.816207049453589,0.08394693161803204,,,0.8934125572563809,,0.8934240248983485,0.10657597510165151,0.9613703593330944,0.40548688096787927,5,0.1,0.5,0.6343871381256571,0.6309145572390268,0.6233542793039653,0.633463912315644,0.635600654872512,0.6423716960927365,0.6292366148993332,0.6321769262477696,0.6203741225470454,1.0,0.6285543337326585,0.6299182173399047
1,10,0.31479789323772595,0.9028,5000,2.02606404710699,0.6794717887154862,833,2.0200959272658863,0.6899,0.8055215785231424,0.08290644827184916,,,0.6832601885875137,,0.6832739320315245,0.31672606796847547,0.9594374978287081,0.4045481675854283,5,0.1,0.5,0.6257831846540407,0.617546902927586,0.6170357829438479,0.6262191485189039,0.6231663657093032,0.6240765947327986,0.629065478235064,0.6141593666922294,0.6116504044336851,0.6285543337326585,1.0,0.6238781749117273
1,11,0.3146945289342077,0.90128,5000,2.0097936391830444,0.6890756302521008,833,2.0194429776158196,0.6887,0.8128853462730105,0.0833590948276328,,,0.7746838007161572,,0.7746950454294463,0.22530495457055366,0.9606594414934782,0.40523128445645407,5,0.1,0.5,0.6249679038716405,0.6328850313915839,0.6288744810900979,0.6333056554441134,0.6244178965968811,0.6321589046118926,0.6349941477269184,0.6235562651803566,0.6225696100813843,0.6299182173399047,0.6238781749117273,1.0
2,0,0.2902060681971822,0.91176,5000,1.8109936758323952,0.8525179856115108,834,1.8213698578337891,0.8368,0.8070458385592572,0.0828865300597977,,,0.621932837201993,,0.6219517092515436,0.37804829074845636,0.9652577135775818,0.4036430940955555,5,0.1,0.5,1.0,0.6195243538589901,0.6189790359796195,0.6311268318544656,0.6317518060033461,0.616655860343649,0.6207573228155238,0.6272019625863636,0.6237082001374625,0.6278036903098989,0.626179794035692,0.6143371143013414
2,1,0.2742680239081857,0.91828,5000,1.8226153541494299,0.8525179856115108,834,1.8198902168974709,0.8368,0.8059667432583765,0.0830184322377524,,,0.6581692638903011,,0.6581798102504894,0.34182018974951056,0.966217606577176,0.40424362933541175,5,0.1,0.5,0.6195243538589901,1.0,0.6208794561516837,0.6292943778663264,0.6204919027695671,0.6160643309091707,0.631828548949654,0.618308957195952,0.617667095409652,0.6280754751531016,0.6233113500265841,0.6211285345969423
2,2,0.2776389994771238,0.9138,5000,1.8266892653924447,0.8525179856115108,834,1.823071451232837,0.8363,0.8082993426847216,0.08280669357314427,,,0.6,,0.6,0.4,0.9644581401787535,0.4031904029554779,5,0.1,0.5,0.6189790359796195,0.6208794561516837,1.0,0.6255362894966047,0.6341932626743196,0.6374094025949838,0.6277968787452618,0.6146607171234771,0.6154475152427608,0.6333725192745657,0.6258501248609987,0.6167459882921625
2,3,0.2749356196220418,0.91804,5000,1.8019381849854081,0.854916067146283,834,1.8178723136457011,0.8382,0.8165276958070572,0.08371433259908313,,,0.8493483847868997,,0.8493549520606395,0.1506450479393605,0.9686052107298131,0.4055189932499362,5,0.1,0.5,0.6311268318544656,0.6292943778663264,0.6255362894966047,1.0,0.6394141507466466,0.6280539906268294,0.6397630355783127,0.6294101542920971,0.6275713110415854,0.6365427332124177,0.6319959877667422,0.6283147092955087
2,4,0.25376261423229224,0.92236,5000,1.8213904654538189,0.8319327731092437,833,1.8175818352653577,0.8392,0.8168399754089216,0.08408070887948262,,,0.9499999997252779,,0.9500025099141609,0.04999749008583909,0.9689172682546892,0.4055962006445712,5,0.1,0.5,0.6317518060033461,0.6204919027695671,0.6341932626743196,0.6394141507466466,1.0,0.628371058957951,0.6377561113982326,0.6266742028691912,0.6361524470697397,0.6347279947676978,0.6332782418261917,0.6249683940735175
2,5,0.2801484945936093,0.9134,5000,1.8199351231257122,0.8223289315726291,833,1.8175774519435894,0.8391,0.8107988920281978,0.0839108177149883,,,0.9033271636686718,,0.9033432056623664,0.09665679433763363,0.9688783505284759,0.4055801735966642,5,0.1,0.5,0.616655860343649,0.6160643309091707,0.6374094025949838,0.6280539906268294,0.628371058957951,1.0,0.6293341063210532,0.623845968566788,0.6238641044511749,0.6307479057590614,0.6328978336641121,0.6213695951315346
2,6,0.26508744657632843,0.9208,5000,1.8246802753872342,0.8499399759903962,833,1.824248715711478,0.836,0.8151340997820665,0.08291585353155853,,,0.6299886392454821,,0.6299984940515034,0.37000150594849657,0.9641960903150463,0.4037913340402579,5,0.1,0.5,0.6207573228155238,0.631828548949654,0.6277968787452618,0.6397630355783127,0.6377561113982326,0.6293341063210532,1.0,0.6244899344739163,0.6323444942286827,0.6314791830366031,0.6352201471788763,0.627608423918819
2,7,0.2776051401498781,0.91772,5000,1.8301844199498494,0.8211284513805522,833,1.818921457845182,0.8378,0.8083840176314698,0.08317103571045208,,,0.7000927911330554,,0.700115456051403,0.299884543948597,0.9671506164214855,0.404750054399113,5,0.1,0.5,0.6272019625863636,0.618308957195952,0.6146607171234771,0.6294101542920971,0.6266742028691912,0.623845968566788,0.6244899344739163,1.0,0.6214891012727752,0.6310048095828176,0.6285284950477038,0.6237949197743682
2,8,0.27011658526174015,0.91956,5000,1.8281488418579102,0.8283313325330132,833,1.8183073772789953,0.8384,0.8080910209917122,0.08323000557911586,,,0.7162931098524943,,0.7163094222177602,0.28369057778223983,0.9674439961004542,0.40489938341548115,5,0.1,0.5,0.6237082001374625,0.617667095409652,0.6154475152427608,0.6275713110415854,0.6361524470697397,0.6238641044511749,0.6323444942286827,0.6214891012727752,1.0,0.6253868948440658,0.6217422457908393,0.620692136543656
2,9,0.27367811709239037,0.9168,5000,1.818123005054615,0.82953181272509,833,1.8176191641499821,0.839,0.8167835690583205,0.08393383749157486,,,0.9096512021310728,,0.9096681893479243,0.09033181065207574,0.9688402311336929,0.40558382921041025,5,0.1,0.5,0.6278036903098989,0.6280754751531016,0.6333725192745657,0.6365427332124177,0.6347279947676978,0.6307479057590614,0.6314791830366031,0.6310048095828176,0.6253868948440658,1.0,0.6385833212245927,0.630409786339881
2,10,0.277522809982632,0.9166,5000,1.8291565621340717,0.8163265306122449,833,1.8196846444766743,0.8378,0.8135878062177289,0.08313461871493662,,,0.69008824224185,,0.6901059183775915,0.3098940816224085,0.9665277206405541,0.4046458651487062,5,0.1,0.5,0.626179794035692,0.6233113500265841,0.6258501248609987,0.6319959877667422,0.6332782418261917,0.6328978336641121,0.6352201471788763,0.6285284950477038,0.6217422457908393,0.6385833212245927,1.0,0.6239165962403644
2,11,0.28325172897167267,0.91224,5000,1.8081351297873038,0.8415366146458584,833,1.8186135813831903,0.8384,0.806783848400393,0.08319713390811366,,,0.7072625395096568,,0.7072787510667136,0.29272124893328644,0.9672946800382323,0.4048180130155293,5,0.1,0.5,0.6143371143013414,0.6211285345969423,0.6167459882921625,0.6283147092955087,0.6249683940735175,0.6213695951315346,0.627608423918819,0.6237949197743682,0.620692136543656,0.630409786339881,0.6239165962403644,1.0
3,0,0.25842618216066415,0.92124,5000,1.5787833310939647,0.9112709832134293,834,1.593933294756344,0.8952,0.8058354560577922,0.0830412428548186,,,0.95,,0.9500025099141609,0.04999749008583909,0.9649310224570747,0.4028583395152557,5,0.1,0.5,1.0,0.6181294733327227,0.6160866253893663,0.6076131441684747,0.618992525958584,0.6125314217126785,0.6168475382634293,0.6223768406314392,0.6137797311408452,0.6245443882564403,0.6151965105838935,0.6273295038746475
3,1,0.2503159801072328,0.92508,5000,1.5968203986132588,0.907673860911271,834,1.5921135005859521,0.8954,0.8012852451596135,0.08296994301322394,,,0.95,,0.9500025099141609,0.04999749008583909,0.9663910072477311,0.4028583395152557,5,0.1,0.5,0.6181294733327227,1.0,0.6096400474657705,0.6060464434087943,0.6183519979316506,0.6041807249405143,0.6198023954877255,0.6133576143702325,0.6128796198679195,0.618169343429339,0.6015638139882862,0.6267459674881185
3,2,0.2573786041527322,0.922,5000,1.6002827441250835,0.9088729016786571,834,1.59597804980537,0.8944,0.8051399104400986,0.08296407006826029,,,0.95,,0.9500025099141609,0.04999749008583909,0.9637385330633554,0.4028583395152557,5,0.1,0.5,0.6160866253893663,0.6096400474657705,1.0,0.6133824166153709,0.6175924700035668,0.6234818762199474,0.613042598015105,0.6172139232404916,0.6124158589870708,0.6271659518706109,0.6164871771251903,0.6203818171037403
3,3,0.2543254343104685,0.92624,5000,1.5725594803139016,0.9088729016786571,834,1.5896878619544423,0.8954,0.8015031732052539,0.08343874916300874,,,0.95,,0.9500025099141609,0.04999749008583909,0.9696474311209841,0.4028583395152557,5,0.1,0.5,0.6076131441684747,0.6060464434087943,0.6133824166153709,1.0,0.617572906219478,0.6083279125213978,0.6157618589597137,0.6187000066998296,0.6063175061648859,0.6125222754378665,0.6199444562361229,0.6214992198950873
3,4,0.23174080080026463,0.92812,5000,1.5933580972530224,0.8919567827130852,833,1.589354515456544,0.8957,0.8086627794322188,0.08393129974695125,,,0.95,,0.9500025099141609,0.04999749008583909,0.9698438451014344,0.4028583395152557,5,0.1,0.5,0.618992525958584,0.6183519979316506,0.6175924700035668,0.617572906219478,1.0,0.6119321966678797,0.6210453455810637,0.6231180844734125,0.6143656026613449,0.6217378258466353,0.6232143405138437,0.627412617815068
3,5,0.2549455769739713,0.92304,5000,1.5904215088597051,0.885954381752701,833,1.5893453005403757,0.8957,0.8013151435048327,0.08356240998040904,,,0.95,,0.9500025099141609,0.04999749008583909,0.9698006429808057,0.4028583395152557,5,0.1,0.5,0.6125314217126785,0.6041807249405143,0.6234818762199474,0.6083279125213978,0.6119321966678797,1.0,0.6158273822451286,0.6106270409797765,0.608025156526561,0.6216035223445804,0.6143462161130783,0.6140927987106222
3,6,0.24494802253973333,0.92764,5000,1.6015413999557495,0.907563025210084,833,1.597529113102264,0.8945,0.8064200004822512,0.08308106652183674,,,0.95,,0.9500025099141609,0.04999749008583909,0.9652938278285628,0.4028583395152557,5,0.1,0.5,0.6168475382634293,0.6198023954877255,0.613042598015105,0.6157618589597137,0.6210453455810637,0.6158273822451286,1.0,0.6204955818543024,0.6135637601883757,0.6196456184229208,0.6193524281206155,0.6235037659991923
3,7,0.256247524342909,0.92404,5000,1.6032374125939828,0.8895558223289316,833,1.5909406030520845,0.8952,0.8084692564265518,0.08332166800326427,,,0.95,,0.9500025099141609,0.04999749008583909,0.9676333213348218,0.4028583395152557,5,0.1,0.5,0.6223768406314392,0.6133576143702325,0.6172139232404916,0.6187000066998296,0.6231180844734125,0.6106270409797765,0.6204955818543024,1.0,0.6159056739664674,0.631956790588773,0.6232283407358368,0.6205140475404907
3,8,0.25651370235095927,0.92192,5000,1.601244401048731,0.8931572629051621,833,1.590186798153594,0.8958,0.8003627370309081,0.08307798390101424,,,0.95,,0.9500025099141609,0.04999749008583909,0.9679947289946625,0.4028583395152557,5,0.1,0.5,0.6137797311408452,0.6128796198679195,0.6124158589870708,0.6063175061648859,0.6143656026613449,0.608025156526561,0.6135637601883757,0.6159056739664674,1.0,0.6137105102070478,0.613919328795091,0.6140991380233579
3,9,0.24981229746607458,0.92312,5000,1.5898991381680523,0.879951980792317,833,1.5893948036260879,0.8956,0.8118766975431986,0.08394606716302973,,,0.95,,0.9500025099141609,0.04999749008583909,0.9698111783441224,0.4028583395152557,5,0.1,0.5,0.6245443882564403,0.618169343429339,0.6271659518706109,0.6125222754378665,0.6217378258466353,0.6216035223445804,0.6196456184229208,0.631956790588773,0.6137105102070478,1.0,0.6245076989314776,0.6315779081776729
3,10,0.2551274099855856,0.92456,5000,1.6056478244286996,0.8691476590636255,833,1.5918811628231988,0.8962,0.8060110952564974,0.0832117889143256,,,0.95,,0.9500025099141609,0.04999749008583909,0.9673819390279738,0.4028583395152557,5,0.1,0.5,0.6151965105838935,0.6015638139882862,0.6164871771251903,0.6199444562361229,0.6232143405138437,0.6143462161130783,0.6193524281206155,0.6232283407358368,0.613919328795091,0.6245076989314776,1.0,0.6220591451940211
3,11,0.25811505905607607,0.9204,5000,1.5811965333090887,0.8919567827130852,833,1.5905614123938563,0.8959,0.8117588743928975,0.08345371066985748,,,0.95,,0.9500025099141609,0.04999749008583909,0.9677660209473133,0.4028583395152557,5,0.1,0.5,0.6273295038746475,0.6267459674881185,0.6203818171037403,0.6214992198950873,0.627412617815068,0.6140927987106222,0.6235037659991923,0.6205140475404907,0.6140991380233579,0.6315779081776729,0.6220591451940211,1.0
4,0,0.23965561604601848,0.928,5000,1.33251835681774,0.9364508393285371,834,1.35254172852245,0.9199,0.7962215810087543,0.0831168048716075,,,0.672415140909414,,0.6724260830279605,0.3275739169720395,0.967052748021795,0.39716161484269163,5,0.1,0.5,1.0,0.5947208187797528,0.601072140157438,0.5892935513911861,0.5979620581989222,0.6037970907361431,0.6080461487833487,0.6035140531593035,0.5966022866078322,0.6106199650570503,0.6063239982821012,0.6031308666810631
4,1,0.226934416013752,0.93268,5000,1.3587033881081476,0.9280575539568345,834,1.3522473630813745,0.92,0.7906666944962116,0.08287489196219232,,,0.6,,0.6,0.4,0.9637222931547358,0.39584064119627393,5,0.1,0.5,0.5947208187797528,1.0,0.5975378386535616,0.5916867043718772,0.5999155216768602,0.5935864804617048,0.6049484157078291,0.592508876480554,0.597600341767282,0.6021194718713779,0.5890423288870517,0.5986764726862694
4,2,0.2355505534987541,0.9306,5000,1.3588481081856623,0.9256594724220624,834,1.3546438011498496,0.9197,0.7986990974478313,0.08315220938428824,,,0.6830132639314698,,0.6830279604437528,0.3169720395562472,0.9673891493371575,0.39730284835277585,5,0.1,0.5,0.601072140157438,0.5975378386535616,1.0,0.5986586417278914,0.6050988485125902,0.6140603460996673,0.609300770008543,0.5993809316419813,0.5962365373544121,0.6116701931536315,0.6010987494354669,0.6049334330135484
4,3,0.23620935098036744,0.93132,5000,1.3295679975439,0.9328537170263789,834,1.3477916877490643,0.9202,0.7884335630252409,0.08310856329728279,,,0.6699480763468749,,0.6699513076652779,0.3300486923347221,0.9670038555769843,0.39712746481893596,5,0.1,0.5,0.5892935513911861,0.5916867043718772,0.5986586417278914,1.0,0.5960712878480968,0.5967049159764249,0.5973474919264894,0.592189670621134,0.5858637613225061,0.6011256156336103,0.5996459479606797,0.5900858107599535
4,4,0.20977692477268636,0.9356,5000,1.3504827155007257,0.9195678271308524,833,1.3462942754879546,0.9209,0.7962223772450949,0.0837089102296603,,,0.8496582365353087,,0.8496712012449175,0.15032879875508254,0.9698077947691854,0.3983432553685087,5,0.1,0.5,0.5979620581989222,0.5999155216768602,0.6050988485125902,0.5960712878480968,1.0,0.5990291291364098,0.6088563869183097,0.6009925301653823,0.5956112199882148,0.6039190496341021,0.6097946495020328,0.5936579921980186
4,5,0.23539556215879073,0.9312,5000,1.3455648554695978,0.9135654261704682,833,1.346219616956985,0.9209,0.7995315435611875,0.08357937786562653,,,0.8108835203925789,,0.8109030671151046,0.18909693288489537,0.9695839339520745,0.3982404240901116,5,0.1,0.5,0.6037970907361431,0.5935864804617048,0.6140603460996673,0.5967049159764249,0.5990291291364098,1.0,0.6117601254741082,0.6023860772413455,0.6040553385283729,0.6141826623414008,0.6090098538975347,0.5957419725540548
4,6,0.22220911737353463,0.93364,5000,1.363264176580641,0.9339735894357744,833,1.3556840145549836,0.9194,0.8034647911314772,0.08339688967807729,,,0.7562568043250972,,0.7562772953165002,0.24372270468349977,0.9690515697805862,0.39797543824521625,5,0.1,0.5,0.6080461487833487,0.6049484157078291,0.609300770008543,0.5973474919264894,0.6088563869183097,0.6117601254741082,1.0,0.6082640959688609,0.6052005078899958,0.6151916326868594,0.6115176488128634,0.6036954401962984
4,7,0.238395483109056,0.93048,5000,1.3604478262088917,0.9159663865546218,833,1.348372782381198,0.9204,0.7968695436220488,0.08332603330448186,,,0.7350463848784988,,0.7350685206565936,0.26493147934340644,0.9686965798401498,0.397826427278476,5,0.1,0.5,0.6035140531593035,0.592508876480554,0.5993809316419813,0.592189670621134,0.6009925301653823,0.6023860772413455,0.6082640959688609,1.0,0.6001017337376355,0.6132522050365472,0.6091464939201194,0.5981727700348223
4,8,0.22928461154068636,0.93124,5000,1.3610219204867329,0.9051620648259304,833,1.3488096368198577,0.9204,0.792578068701385,0.0830136817053197,,,0.6415458556124493,,0.6415641785050952,0.3584358214949048,0.9658287549922459,0.39668606326145134,5,0.1,0.5,0.5966022866078322,0.597600341767282,0.5962365373544121,0.5858637613225061,0.5956112199882148,0.6040553385283729,0.6052005078899958,0.6001017337376355,1.0,0.6046147241307638,0.5948201128887124,0.5993933794311085
4,9,0.23109437893055806,0.92956,5000,1.3475699248137298,0.9135654261704682,833,1.3462852681406772,0.9209,0.8055160343056751,0.08404411592778278,,,0.9499999997006561,,0.9500025099141609,0.04999749008583909,0.9700026402664327,0.3984283128832514,5,0.1,0.5,0.6106199650570503,0.6021194718713779,0.6116701931536315,0.6011256156336103,0.6039190496341021,0.6141826623414008,0.6151916326868594,0.6132522050365472,0.6046147241307638,1.0,0.6174225868945507,0.6056667836520405
4,10,0.239489225213932,0.92732,5000,1.3671360280778673,0.9003601440576231,833,1.3493488657588777,0.9204,0.7998497334371927,0.08335728036257305,,,0.7443999994505688,,0.7444054013352743,0.25559459866472567,0.9688255182963725,0.3978948143501111,5,0.1,0.5,0.6063239982821012,0.5890423288870517,0.6010987494354669,0.5996459479606797,0.6097946495020328,0.6090098538975347,0.6115176488128634,0.6091464939201194,0.5948201128887124,0.6174225868945507,1.0,0.6009705233133302
4,11,0.23641604843347744,0.928,5000,1.3413744259763647,0.9159663865546218,833,1.348006520408411,0.9205,0.7942238655713835,0.08332124141110779,,,0.7336119610821612,,0.7336278299282164,0.2663721700717836,0.9686622984898082,0.3978148732837977,5,0.1,0.5,0.6031308666810631,0.5986764726862694,0.6049334330135484,0.5900858107599535,0.5936579921980186,0.5957419725540548,0.6036954401962984,0.5981727700348223,0.5993933794311085,0.6056667836520405,0.6009705233133302,1.0
5,0,0.22248024398425392,0.93124,5000,1.0853756379198145,0.9448441247002398,834,1.1087792650960124,0.9345,0.7822044052990399,0.08308851954313301,,,0.675800346230302,,0.6758194869735455,0.32418051302645445,0.9660369458158647,0.391284050964516,5,0.1,0.5,1.0,0.5757744438060163,0.5792423623105724,0.5742422111573681,0.5797850921516411,0.5854277398489975,0.5812933838422714,0.5771132547994007,0.5808579515449241,0.5828997955043491,0.5739755659039695,0.579322155599866
5,1,0.21568292987052423,0.935,5000,1.1172733660097476,0.9400479616306955,834,1.1100053587279761,0.9345,0.779149143240438,0.0828192918198855,,,0.6,,0.6,0.4,0.9639688032221754,0.3898981016293089,5,0.1,0.5,0.5757744438060163,1.0,0.5788229682584509,0.577035056049628,0.5757699487972682,0.5805256515659182,0.5793605552929484,0.575410273453701,0.573772667007513,0.5780288329443932,0.5698858866106854,0.5780523253303015
5,2,0.21087249254357,0.9356,5000,1.1136356238965635,0.9412470023980816,834,1.1101393393053414,0.934,0.7893113403815546,0.08336225151991176,,,0.7528688530090748,,0.7528788715425933,0.24712112845740675,0.9664642479729242,0.39205174329585035,5,0.1,0.5,0.5792423623105724,0.5788229682584509,1.0,0.5909332943556345,0.5827530115913365,0.6025493147745192,0.5760402402612891,0.5810494441389393,0.5748867939994289,0.5936199028099006,0.5806632930125724,0.5960353046863299
5,3,0.21569672622688257,0.9364,5000,1.0845536126030817,0.947242206235012,834,1.1037151984894238,0.9344,0.7834385497020651,0.08312643413146098,,,0.6864750972840682,,0.6864916419858441,0.3135083580141559,0.9661570024713152,0.39142231650154674,5,0.1,0.5,0.5742422111573681,0.577035056049628,0.5909332943556345,1.0,0.5842297826995315,0.5815093218527162,0.57568199002305,0.5794796249721573,0.5727959464306391,0.5831980443255781,0.5820477931196003,0.5804422519938817
5,4,0.19105730611018268,0.94308,5000,1.1046598354975383,0.9339735894357744,833,1.1013972203190716,0.934,0.7848290152100292,0.08357670848931678,,,0.8132486398167531,,0.8132623864263843,0.18673761357361573,0.96850806796028,0.39234735841824714,5,0.1,0.5,0.5797850921516411,0.5757699487972682,0.5827530115913365,0.5842297826995315,1.0,0.5840435118905302,0.5701628334285672,0.5787661063416648,0.5778028404606105,0.5921004472349166,0.584568502954241,0.5816461914577309
5,5,0.21101549822884572,0.93692,5000,1.0983950208734583,0.9339735894357744,833,1.101204708170967,0.9342,0.7922484819210429,0.08375117193284952,,,0.8623683562590099,,0.8623814065558958,0.1376185934441042,0.9684584622002187,0.39246189452717695,5,0.1,0.5,0.5854277398489975,0.5805256515659182,0.6025493147745192,0.5815093218527162,0.5840435118905302,1.0,0.5809125137505929,0.5808396013703371,0.585628567587973,0.6015211328716744,0.5927798878898475,0.5864507268213012
5,6,0.20659478414851198,0.938,5000,1.1220449187137462,0.9495798319327731,833,1.111572476812064,0.9341,0.7807506444093185,0.08322461285269052,,,0.7141170539588106,,0.7141308167260679,0.28586918327393207,0.9672577990167555,0.39173384979107984,5,0.1,0.5,0.5812933838422714,0.5793605552929484,0.5760402402612891,0.57568199002305,0.5701628334285672,0.5809125137505929,1.0,0.5762375774734287,0.5734284914411041,0.5824854798222817,0.5772152746241191,0.5820606723126686
5,7,0.2217079375710362,0.93532,5000,1.1161063666696902,0.9303721488595438,833,1.1038176621111055,0.9341,0.7837202307550007,0.08328173045542227,,,0.7301983624165249,,0.7302193664976658,0.26978063350233417,0.9673470545767044,0.3918813490885778,5,0.1,0.5,0.5771132547994007,0.575410273453701,0.5810494441389393,0.5794796249721573,0.5787661063416648,0.5808396013703371,0.5762375774734287,1.0,0.5790559836321277,0.5914915626344346,0.5773516188074863,0.5863152023564226
5,8,0.21108421145161246,0.93692,5000,1.118067650883286,0.9207683073229291,833,1.1056737821703901,0.9343,0.7803707905979903,0.08295506149223768,,,0.6382255885379555,,0.6382410521560162,0.36175894784398377,0.9651622154321376,0.3906927435451559,5,0.1,0.5,0.5808579515449241,0.573772667007513,0.5748867939994289,0.5727959464306391,0.5778028404606105,0.585628567587973,0.5734284914411041,0.5790559836321277,1.0,0.5759809265687876,0.5728207723804442,0.5861982209984931
5,9,0.2101604502043052,0.936,5000,1.1035683110908225,0.9267707082833133,833,1.101093677476572,0.934,0.7922643672277926,0.08406242206594709,,,0.9499999997184526,,0.9500025099141609,0.04999749008583909,0.9689768281003499,0.3925264624039515,5,0.1,0.5,0.5828997955043491,0.5780288329443932,0.5936199028099006,0.5831980443255781,0.5921004472349166,0.6015211328716744,0.5824854798222817,0.5914915626344346,0.5759809265687876,1.0,0.5860852384350288,0.5925980756096932
5,10,0.2226357253944608,0.93324,5000,1.1263826643979107,0.9207683073229291,833,1.1047928295196436,0.9346,0.7834153514695991,0.08329189262822463,,,0.7330594950204774,,0.7330756488128106,0.2669243511871894,0.9675003076979116,0.3919057897034095,5,0.1,0.5,0.5739755659039695,0.5698858866106854,0.5806632930125724,0.5820477931196003,0.584568502954241,0.5927798878898475,0.5772152746241191,0.5773516188074863,0.5728207723804442,0.5860852384350288,1.0,0.5826128097861349
5,11,0.2216664802710152,0.93128,5000,1.0994126664267645,0.9231692677070829,833,1.1030812678626551,0.9342,0.7888750452754376,0.08345990306892019,,,0.7803623857533195,,0.7803774910898047,0.2196225089101953,0.9675015535809371,0.3922116888769139,5,0.1,0.5,0.579322155599866,0.5780523253303015,0.5960353046863299,0.5804422519938817,0.5816461914577309,0.5864507268213012,0.5820606723126686,0.5863152023564226,0.5861982209984931,0.5925980756096932,0.5826128097861349,1.0
6,0,0.2061475568017952,0.93748,5000,0.8550987685168231,0.9520383693045563,834,0.8813460147418914,0.9429,0.7649868708007174,0.08291035611390127,,,0.6160961711906747,,0.6161136489132072,0.3838863510867928,0.9630138084276952,0.38393254505385666,5,0.1,0.5,1.0,0.5481842332129665,0.5494106763197386,0.5473361750658994,0.5523460749333644,0.5569527300998051,0.5561926440189939,0.5571405699048778,0.5568459821665428,0.5575801786342253,0.5540281337819022,0.5548193783279952
6,1,0.19316881121400223,0.9416,5000,0.889536612563663,0.9508393285371702,834,0.8828414924228534,0.9429,0.768660110711528,0.08285934040056787,,,0.6,,0.6,0.4,0.9621115116324865,0.38357827497805114,5,0.1,0.5,0.5481842332129665,1.0,0.5584324429523848,0.5533810767895395,0.5575575068672067,0.559689482249299,0.56501396258301,0.5508464732775293,0.5609462702922131,0.5594699578433535,0.5564621743659504,0.5563465641306503
6,2,0.1999394206413228,0.93784,5000,0.8829898745925339,0.9496402877697842,834,0.880857977813806,0.9429,0.7745776531560592,0.0834336315479535,,,0.781196890479568,,0.7812107825912353,0.21878921740876467,0.9662659438430596,0.3858325211013168,5,0.1,0.5,0.5494106763197386,0.5584324429523848,1.0,0.5608642645609532,0.5563046738619245,0.5792273978493718,0.5585209319424859,0.5627606147859235,0.5574607011621184,0.5669237607832489,0.5659147807031225,0.5623157257549606
6,3,0.19766343431250685,0.9414,5000,0.8568335263817398,0.9520383693045563,834,0.8754965417301313,0.9434,0.7684921385804462,0.08305984384737612,,,0.6632616422131523,,0.6632749359971889,0.3367250640028111,0.964417043111477,0.3847477578990415,5,0.1,0.5,0.5473361750658994,0.5533810767895395,0.5608642645609532,1.0,0.5534515297798301,0.5630249858357058,0.5562383965070704,0.5634841583035617,0.5522267214283302,0.551114043646486,0.5585567627502821,0.5634612888068498
6,4,0.18069727119876985,0.94596,5000,0.875079338197355,0.9411764705882353,833,0.8725036616904286,0.9433,0.7698033730994808,0.08340888236380008,,,0.7733881766748704,,0.7733999297224035,0.22660007027759654,0.9665712475529852,0.3857914593436588,5,0.1,0.5,0.5523460749333644,0.5575575068672067,0.5563046738619245,0.5534515297798301,1.0,0.5624136541089012,0.5476894457733451,0.5598576626633022,0.5629225251594303,0.5591618964919096,0.5635901948203619,0.5576046830081994
6,5,0.19845185657595374,0.93884,5000,0.8670004253034238,0.9471788715486195,833,0.871918402540798,0.9434,0.7782936695534832,0.08382650332845888,,,0.9051534329211788,,0.9051804628281713,0.09481953717182867,0.9672684486272685,0.38612876290439363,5,0.1,0.5,0.5569527300998051,0.559689482249299,0.5792273978493718,0.5630249858357058,0.5624136541089012,1.0,0.5623683651647554,0.5630593257840899,0.5680762164495,0.569387238698993,0.5693984357848254,0.5570719481530882
6,6,0.19023140081305318,0.94208,5000,0.8930897094585277,0.957983193277311,833,0.882091931451243,0.943,0.7739871589942332,0.08332022822271543,,,0.7454165550230233,,0.745434466141258,0.25456553385874203,0.9655780413975393,0.3856134953457066,5,0.1,0.5,0.5561926440189939,0.56501396258301,0.5585209319424859,0.5562383965070704,0.5476894457733451,0.5623683651647554,1.0,0.5611900579486705,0.5630063343614541,0.5694536113165592,0.5700199831234165,0.5638594540835254
6,7,0.19872070656982577,0.93868,5000,0.8877513563191449,0.9447779111644657,833,0.8746682117922238,0.9432,0.773248477960031,0.08333248800446602,,,0.7492846876614573,,0.7492947141207771,0.2507052858792229,0.9658791249690071,0.38564220972274343,5,0.1,0.5,0.5571405699048778,0.5508464732775293,0.5627606147859235,0.5634841583035617,0.5598576626633022,0.5630593257840899,0.5611900579486705,1.0,0.562143357499872,0.565644606994716,0.5655787056767877,0.5546351652900167
6,8,0.19801397304448068,0.94,5000,0.8890098973556801,0.929171668667467,833,0.877358114947907,0.9435,0.7718948399309953,0.08306503076484757,,,0.6648981872326594,,0.6649063802017972,0.33509361979820285,0.9635611402983576,0.3847698572052322,5,0.1,0.5,0.5568459821665428,0.5609462702922131,0.5574607011621184,0.5522267214283302,0.5629225251594303,0.5680762164495,0.5630063343614541,0.562143357499872,1.0,0.5582866145523998,0.5530943779202476,0.5605557878630184
6,9,0.19412435263419037,0.94044,5000,0.8765396586170903,0.9351740696278511,833,0.8717793751829348,0.9435,0.7763978069050231,0.0839686414535373,,,0.949999999684486,,0.9500025099141609,0.04999749008583909,0.9674651812697216,0.3861471446520283,5,0.1,0.5,0.5575801786342253,0.5594699578433535,0.5669237607832489,0.551114043646486,0.5591618964919096,0.569387238698993,0.5694536113165592,0.565644606994716,0.5582866145523998,1.0,0.5699027643200805,0.5645067030260439
6,10,0.20214205516063294,0.93952,5000,0.9017202346413223,0.929171668667467,833,0.8757620967996006,0.9432,0.7752334845869809,0.08340954072144612,,,0.7735958977216402,,0.7736057426836003,0.22639425731639973,0.9660125154554539,0.3857933474342869,5,0.1,0.5,0.5540281337819022,0.5564621743659504,0.5659147807031225,0.5585567627502821,0.5635901948203619,0.5693984357848254,0.5700199831234165,0.5655787056767877,0.5530943779202476,0.5699027643200805,1.0,0.558035189258985
6,11,0.20358676331378756,0.93756,5000,0.8736545189663216,0.9303721488595438,833,0.8741002490345281,0.9432,0.7719274391134249,0.08340551323093,,,0.7723251681252001,,0.7723407459464886,0.2276592540535114,0.9664629307851276,0.3857858503212357,5,0.1,0.5,0.5548193783279952,0.5563465641306503,0.5623157257549606,0.5634612888068498,0.5576046830081994,0.5570719481530882,0.5638594540835254,0.5546351652900167,0.5605557878630184,0.5645067030260439,0.558035189258985,1.0
7,0,0.19479853469466163,0.94032,5000,0.6544593020721718,0.9568345323741008,834,0.6822115628483196,0.9488,0.7508177167467749,0.08282579713977486,,,0.6043575013380592,,0.60437227046835,0.39562772953165004,0.9604275235087276,0.3760036896265322,5,0.1,0.5,1.0,0.5208232498795523,0.5355923583441009,0.5221405216581259,0.5274501168935207,0.5336154417833431,0.5293157255362599,0.5342211419776346,0.5308892742534361,0.5296574820507567,0.5270834130508496,0.5323284748375925
