round,client_id,client_i_training_loss,client_i_training_accuracy,client_i_training_dataset_size,client_i_evaluation_loss,client_i_evaluation_accuracy,client_i_evaluation_dataset_size,client_i_central_evaluation_loss,client_i_central_evaluation_accuracy,client_i_cosine_similarity,client_i_importance_coefficient,client_i_tanh_val,tanh_normalization_value,client_i_q,client_i_mask_order,client_i_v_nonzero_fraction,client_i_v_sparsity,client_i_v_cosine_similarity,client_i_reward_gradient_norm,local_epochs,learning_rate,gamma,client_0_cosine_similarity,client_1_cosine_similarity,client_2_cosine_similarity,client_3_cosine_similarity,client_4_cosine_similarity,client_5_cosine_similarity,client_6_cosine_similarity,client_7_cosine_similarity,client_8_cosine_similarity,client_9_cosine_similarity,client_10_cosine_similarity,client_11_cosine_similarity
0,0,0.3613514888628273,0.88708,5000,2.1847605263745344,0.43764988009592326,834,2.188515811682509,0.4018,0.7824004542551287,0.0830697523785589,0.08287920173081977,0.08387615716810755,0.9881139590565914,,0.9881130465338085,0.011886953466191508,0,0.3924415075848788,5,0.1,0.5,1.0,0.5632278726532212,0.5790271271025362,0.5776023976602338,0.5896380830627386,0.5800320708523627,0.5850471967494515,0.5832684816889511,0.5754633355458098,0.5693502149202203,0.5783866855723799,0.5880704846801279
0,1,0.346471712540147,0.89384,5000,2.191373595484981,0.38489208633093525,834,2.1885161635974724,0.4018,0.7771025272740884,0.08250725592288685,0.08232054305663945,0.08387615716810755,0.9814534408230966,,0.9815671904020883,0.018432809597911715,0,0.39244147196642754,5,0.1,0.5,0.5632278726532212,1.0,0.5863889064358465,0.5671338190329477,0.579931555021594,0.582559617812773,0.5758272762077045,0.5738554504754478,0.555686276719965,0.5874043281760718,0.5752049232215833,0.571994888228583
0,2,0.34222682577551927,0.89252,5000,2.192187715459753,0.39928057553956836,834,2.1885156844751523,0.4018,0.7918561099365531,0.084073687092248,0.08387615716810755,0.08387615716810755,0.9999999999880776,,0.9999949801716781,5.019828321906061e-06,0,0.39244151832697544,5,0.1,0.5,0.5790271271025362,0.5863889064358465,1.0,0.5785878314723939,0.5962219330868764,0.5906246193044169,0.5801800528096298,0.5797392657594602,0.5895955447549205,0.5938877386184416,0.6016073360803005,0.5823125951697398
0,3,0.33885193664082297,0.89344,5000,2.1884824523219355,0.3800959232613909,834,2.1885159175616864,0.4018,0.7818654731476934,0.0830129518643463,0.08282279111168848,0.08387615716810755,0.9874414125185145,,0.9874403895386777,0.012559610461322257,0,0.39244150557768415,5,0.1,0.5,0.5776023976602338,0.5671338190329477,0.5785878314723939,1.0,0.5924803871404698,0.578722679975669,0.5691689511616783,0.5923842627227046,0.5612164769585194,0.5805794968774466,0.5891914836242742,0.577007391597158
0,4,0.339235499982906,0.8944,5000,2.1918970390602395,0.41656662665066024,833,2.1885156943775215,0.4018,0.7910272915013867,0.08398568900661088,0.08378877752274123,0.08387615716810755,0.9989582302132637,,0.9989558757090508,0.0010441242909492443,0,0.3924415183245453,5,0.1,0.5,0.5896380830627386,0.579931555021594,0.5962219330868764,0.5924803871404698,1.0,0.5902592185903892,0.584293586575112,0.587437651243056,0.5683723265879711,0.595267338574635,0.5775947561971668,0.5888698029062773
0,5,0.33897016357488124,0.89672,5000,2.1896189671975597,0.39735894357743096,833,2.18851581244423,0.4018,0.7859446040092785,0.083446045159153,0.08325289809852436,0.08387615716810755,0.9925692939254882,,0.9925656342553084,0.0074343657446915845,0,0.3924415161296737,5,0.1,0.5,0.5800320708523627,0.582559617812773,0.5906246193044169,0.578722679975669,0.5902592185903892,1.0,0.5851638653231014,0.582002036203674,0.5713522254123616,0.5897374858391653,0.5737680460202158,0.578272996948152
0,6,0.3402422577427451,0.89164,5000,2.1872791625835277,0.4105642256902761,833,2.1885158383427337,0.4018,0.7849916841360127,0.0833448708596261,0.08315242419667031,0.08387615716810755,0.9913714099827191,,0.9913709151147031,0.0086290848852969,0,0.39244151453401555,5,0.1,0.5,0.5850471967494515,0.5758272762077045,0.5801800528096298,0.5691689511616783,0.584293586575112,0.5851638653231014,1.0,0.5901963407635774,0.5980293561616211,0.5784047768803716,0.5689099423354786,0.578298348237723
0,7,0.34172640761396117,0.89004,5000,2.1932595482578985,0.39735894357743096,833,2.1885156913306387,0.4018,0.789771426050203,0.08385235008600668,0.08365637323745158,0.08387615716810755,0.9973796614070807,,0.9973947091009487,0.00260529089905126,0,0.39244151822058143,5,0.1,0.5,0.5832684816889511,0.5738554504754478,0.5797392657594602,0.5923842627227046,0.587437651243056,0.582002036203674,0.5901963407635774,1.0,0.5878803732336754,0.5814998126570622,0.5894691654030281,0.5908053146349221
0,8,0.34858994043556746,0.89032,5000,2.1893720538527877,0.40456182472989194,833,2.188515982307946,0.4018,0.779329711658956,0.08274372262525923,0.08255540272560441,0.08387615716810755,0.9842535174705215,,0.9842527985542895,0.015747201445710513,0,0.3924414910151455,5,0.1,0.5,0.5754633355458098,0.555686276719965,0.5895955447549205,0.5612164769585194,0.5683723265879711,0.5713522254123616,0.5980293561616211,0.5878803732336754,1.0,0.5784438306393087,0.5748291544629249,0.5793229603274189
0,9,0.3501936203960306,0.89004,5000,2.1859602045129845,0.42016806722689076,833,2.188515824631761,0.4018,0.7867284291318465,0.08352926617274738,0.08333554173074693,0.08387615716810755,0.9935545993449526,,0.9935545404347171,0.006445459565282863,0,0.39244151699478136,5,0.1,0.5,0.5693502149202203,0.5874043281760718,0.5938877386184416,0.5805794968774466,0.595267338574635,0.5897374858391653,0.5784047768803716,0.5814998126570622,0.5784438306393087,1.0,0.5655136296673522,0.5897887404729228
0,10,0.3469853179120002,0.8926,5000,2.1895449426439075,0.37695078031212487,833,2.188515887854579,0.4018,0.782182403057565,0.08304660124298766,0.08285620957540882,0.08387615716810755,0.9878398387799007,,0.9878369559761057,0.012163044023894343,0,0.3924415068022425,5,0.1,0.5,0.5783866855723799,0.5752049232215833,0.6016073360803005,0.5891914836242742,0.5775947561971668,0.5737680460202158,0.5689099423354786,0.5894691654030281,0.5748291544629249,0.5655136296673522,1.0,0.572585087084737
0,11,0.35563454051282567,0.88648,5000,2.186151133643256,0.39615846338535415,833,2.1885158337724095,0.4018,0.7853960878575791,0.08338780758956892,0.08319506389581753,0.08387615716810755,0.9918797749410857,,0.9918779177752121,0.008122082224787941,0,0.3924415152869835,5,0.1,0.5,0.5880704846801279,0.571994888228583,0.5823125951697398,0.577007391597158,0.5888698029062773,0.578272996948152,0.578298348237723,0.5908053146349221,0.5793229603274189,0.5897887404729228,0.572585087084737,1.0
1,0,0.32530863564758067,0.8998,5000,2.0197964994995683,0.7541966426858513,834,2.026535229180187,0.7409,0.8078739957839922,0.08302243229976705,0.08283220650758158,0.08378940145924614,0.9885761810445834,,0.9885748707394207,0.011425129260579259,0.9579923858982562,0.40590653940384325,5,0.1,0.5,1.0,0.6251796054502067,0.6233472383911535,0.6201728823252968,0.6280438758979948,0.6318328104653903,0.6364762056978849,0.6207316079090415,0.6167892645041738,0.6246085770726991,0.6252983257274415,0.6187559300415436
1,1,0.31119164648305647,0.90388,5000,2.033285308767248,0.7434052757793765,834,2.026535706017345,0.7409,0.8118125547027395,0.08278762043169868,0.08259900119314556,0.08378940145924614,0.9857929493903191,,0.9858792229305757,0.014120777069424273,0.957992096190331,0.4059065274692733,5,0.1,0.5,0.6251796054502067,1.0,0.6356590220347897,0.6199933487510026,0.6332126776365525,0.6288835963744648,0.6373741945693686,0.6263908902460823,0.6236843050540728,0.6275240636643239,0.630139026682006,0.6239673598886838
1,2,0.3085737906426049,0.9044,5000,2.034043232599894,0.7290167865707434,834,2.0265354337021946,0.7409,0.8117736660062473,0.08382177586190936,0.08362601290601722,0.08378940145924614,0.9980500092925662,,0.998047286782792,0.0019527132172080242,0.9579923582494169,0.4059065498398619,5,0.1,0.5,0.6233472383911535,0.6356590220347897,1.0,0.6230845274746397,0.6381536352800026,0.618698895503194,0.6363496098747607,0.627663885032243,0.6225457326104223,0.6273035010672575,0.6281829948644401,0.6237508937284182
1,3,0.30147296415558855,0.91,5000,2.025081669842755,0.7254196642685852,834,2.026535377715723,0.7409,0.8068424984971285,0.08294899499953859,0.08275927262995626,0.08378940145924614,0.9877057382874536,,0.9877014206114151,0.012298579388584918,0.9579923485126033,0.40590653622463335,5,0.1,0.5,0.6201728823252968,0.6199933487510026,0.6230845274746397,1.0,0.6301119098353627,0.6271198367233335,0.6251520376327729,0.623921112157084,0.6174746463189379,0.6190286423033532,0.6285523595534454,0.6267820251711183
1,4,0.29575388044723944,0.9092,5000,2.0308026340272693,0.7286914765906363,833,2.026535435987357,0.7409,0.818174818866735,0.08398631735450222,0.08378940145924614,0.08378940145924614,0.9999999999880652,,0.9999949801716781,5.019828321906061e-06,0.9579923551712879,0.40590654993642,5,0.1,0.5,0.6280438758979948,0.6332126776365525,0.6381536352800026,0.6301119098353627,1.0,0.6402235420308209,0.6432305029444622,0.6417210158580454,0.6219423512389244,0.6329919779152777,0.630125539067082,0.6276100076918624
1,5,0.30443159001434494,0.9096,5000,2.02423193719652,0.7394957983193278,833,2.026535372383678,0.7409,0.8131205464138588,0.08345372716038521,0.0832605268505809,0.08378940145924614,0.9936880488409244,,0.9936850559710858,0.006314944028914193,0.9579923949958581,0.4059065483411334,5,0.1,0.5,0.6318328104653903,0.6288835963744648,0.618698895503194,0.6271198367233335,0.6402235420308209,1.0,0.634804976657676,0.6301311470225152,0.6149197430596162,0.631250518562257,0.6357833761858678,0.6269889285029111
1,6,0.29895481437646376,0.90688,5000,2.024534658149437,0.7503001200480192,833,2.0265354207529427,0.7409,0.8186025518431357,0.08357757869010053,0.0833835185335258,0.08378940145924614,0.9951559156689653,,0.9951558656693941,0.0048441343306059315,0.9579923734952395,0.40590654910546586,5,0.1,0.5,0.6364762056978849,0.6373741945693686,0.6363496098747607,0.6251520376327729,0.6432305029444622,0.634804976657676,1.0,0.6373537124194208,0.62343822959056,0.6308915873946113,0.6322769759193266,0.6370455332097059
1,7,0.30033912058018003,0.90616,5000,2.0297716635244862,0.7346938775510204,833,2.026535553673205,0.7409,0.8143697116361378,0.08376578189122279,0.0835704102582235,0.08378940145924614,0.997386409280814,,0.997384669444305,0.0026153305556949613,0.9579923642378106,0.4059065497376656,5,0.1,0.5,0.6207316079090415,0.6263908902460823,0.627663885032243,0.623921112157084,0.6417210158580454,0.6301311470225152,0.6373537124194208,1.0,0.629091737391067,0.6214998339713665,0.6328597109190036,0.6395795046451762
1,8,0.3115220698071228,0.9046,5000,2.0317292787410595,0.751500600240096,833,2.026535360196147,0.7409,0.8050333146837871,0.0827080712418021,0.08251999421619087,0.08378940145924614,0.9848500261138928,,0.9848451382962703,0.015154861703729705,0.9579921519282498,0.4059065215330253,5,0.1,0.5,0.6167892645041738,0.6236843050540728,0.6225457326104223,0.6174746463189379,0.6219423512389244,0.6149197430596162,0.62343822959056,0.629091737391067,1.0,0.617104995691018,0.6298394422733016,0.628261261537855
1,9,0.3061334218390903,0.90692,5000,2.022625353601244,0.7707082833133253,833,2.026535367813354,0.7409,0.8089214001032852,0.08336264158646259,0.08317007202483473,0.08378940145924614,0.9926084991106512,,0.9926057928818834,0.007394207118116558,0.9579923390190701,0.40590654737060156,5,0.1,0.5,0.6246085770726991,0.6275240636643239,0.6273035010672575,0.6190286423033532,0.6329919779152777,0.631250518562257,0.6308915873946113,0.6214998339713665,0.617104995691018,1.0,0.6201850259986809,0.6269022318912989
1,10,0.3046594050445944,0.9072,5000,2.024311405641061,0.7274909963985594,833,2.0265353125886034,0.7409,0.8131636936347901,0.0831911710866319,0.08299978520435689,0.08378940145924614,0.9905761797777742,,0.9905727624115255,0.009427237588474524,0.9579924259770641,0.40590654450877867,5,0.1,0.5,0.6252983257274415,0.630139026682006,0.6281829948644401,0.6285523595534454,0.630125539067082,0.6357833761858678,0.6322769759193266,0.6328597109190036,0.6298394422733016,0.6201850259986809,1.0,0.6296660107438281
1,11,0.30122930664379316,0.90732,5000,2.02452904648251,0.7358943577430972,833,2.0265353979013216,0.7409,0.8119323359796239,0.08337388739597894,0.08318124003370676,0.08378940145924614,0.9927417857635858,,0.992821645499724,0.007178354500276041,0.957992347314049,0.4059065475887182,5,0.1,0.5,0.6187559300415436,0.6239673598886838,0.6237508937284182,0.6267820251711183,0.6276100076918624,0.6269889285029111,0.6370455332097059,0.6395795046451762,0.628261261537855,0.6269022318912989,0.6296660107438281,1.0
2,0,0.28943645638550164,0.91332,5000,1.8141563556812428,0.8764988009592326,834,1.8254458675750147,0.872,0.8071404983995513,0.08303171144529847,0.08284142198019351,0.08397545202711927,0.9864956958189872,,0.986491641985844,0.013508358014155952,0.9682969973926144,0.40495135436546786,5,0.1,0.5,1.0,0.6255746855130155,0.6291606852454278,0.6153132269316697,0.6277175584664199,0.6304678638178695,0.6262815281642731,0.6195089179329979,0.6240920413793453,0.6170282259362466,0.6146671218598392,0.6159638043765283
2,1,0.27498146446220056,0.92028,5000,1.8372914791107178,0.8776978417266187,834,1.825446762215977,0.872,0.8143658628022981,0.08312795307142604,0.08293700236646062,0.08397545202711927,0.9876338901836345,,0.9876311430149088,0.012368856985091159,0.9682969070388544,0.40495135738223337,5,0.1,0.5,0.6255746855130155,1.0,0.6345047724126456,0.6258997123188721,0.6396615912777517,0.6289793294417637,0.6303461480803784,0.6148932843968186,0.6262308941895509,0.6306983160326615,0.6323213977046497,0.6279163169760534
2,2,0.2788285533808599,0.91552,5000,1.8372665952753138,0.8633093525179856,834,1.8254489308348099,0.872,0.8128759966590173,0.08376026084742456,0.08356492777094,0.08397545202711927,0.9951113778221544,,0.9951106872144972,0.004889312785502753,0.9682970422444696,0.40495136831464684,5,0.1,0.5,0.6291606852454278,0.6345047724126456,1.0,0.6225569743935544,0.6377316705415199,0.6239371628850524,0.626338847865675,0.6209877037617131,0.6279363323372936,0.6317823814097662,0.6209297974554113,0.6221408924590257
2,3,0.2708955622153582,0.92068,5000,1.8226038879818387,0.8621103117505995,834,1.8254459170868602,0.872,0.8062622320814895,0.08295254451562029,0.08276279783402173,0.08397545202711927,0.9855594204638339,,0.985557953917976,0.01444204608202404,0.9682970713480188,0.4049513513656967,5,0.1,0.5,0.6153132269316697,0.6258997123188721,0.6225569743935544,1.0,0.6291907536165351,0.6200916760199576,0.619376086749643,0.618451528020547,0.6213321060508602,0.6247991979612644,0.6178118336529361,0.6228044279949531
2,4,0.26456502856105374,0.92028,5000,1.8309831045292042,0.8667466986794717,833,1.8254489335008324,0.872,0.8216227692614021,0.08417368629983052,0.08397545202711927,0.08397545202711927,0.9999999999880916,,0.9999949801716781,5.019828321906061e-06,0.9682969788808599,0.4049513687691716,5,0.1,0.5,0.6277175584664199,0.6396615912777517,0.6377316705415199,0.6291907536165351,1.0,0.6380270407296164,0.6322483589794107,0.6393144704180739,0.6344490075619815,0.6429800725588637,0.6333342712622753,0.6276351432942358
2,5,0.2718953810739005,0.9196,5000,1.8191232416364882,0.8787515006002401,833,1.825448118078823,0.872,0.8106611113224286,0.08343964063816528,0.08324653796416896,0.08397545202711927,0.9913199149710294,,0.9913156970031625,0.008684302996837534,0.968296977786563,0.4049513646070461,5,0.1,0.5,0.6304678638178695,0.6289793294417637,0.6239371628850524,0.6200916760199576,0.6380270407296164,1.0,0.6327286748144313,0.6163026072755406,0.626543378616523,0.6245015732406328,0.6194884340841332,0.6170270046080232
2,6,0.2745160292561172,0.91752,5000,1.822236250948023,0.8907563025210085,833,1.8254485355017664,0.872,0.8103622993405579,0.08351117464639829,0.0833175758195718,0.08397545202711927,0.9921658509402583,,0.9921640479895587,0.007835952010441294,0.968296976694002,0.40495136588041747,5,0.1,0.5,0.6262815281642731,0.6303461480803784,0.626338847865675,0.619376086749643,0.6322483589794107,0.6327286748144313,1.0,0.6228227914318348,0.6283806369382963,0.623489431144268,0.6081947174452957,0.6244162542797181
2,7,0.2730078400913507,0.91504,5000,1.8273679856900815,0.8619447779111644,833,1.8254485145544472,0.872,0.8047822881852067,0.08344138920848874,0.08324827441667165,0.08397545202711927,0.9913405930675535,,0.99133577631645,0.00866422368355002,0.9682970292983989,0.4049513646388976,5,0.1,0.5,0.6195089179329979,0.6148932843968186,0.6209877037617131,0.618451528020547,0.6393144704180739,0.6163026072755406,0.6228227914318348,1.0,0.6223870943380848,0.6197378712623458,0.6053051241426854,0.619651801146109
2,8,0.2782274595963039,0.91628,5000,1.8366689372945715,0.8895558223289316,833,1.82544585157888,0.872,0.8109420415980977,0.08295610519045389,0.0827663341183275,0.08397545202711927,0.9856015313929254,,0.985598112544551,0.014401887455449014,0.9682969742735331,0.40495135150694916,5,0.1,0.5,0.6240920413793453,0.6262308941895509,0.6279363323372936,0.6213321060508602,0.6344490075619815,0.626543378616523,0.6283806369382963,0.6223870943380848,1.0,0.6226883244965836,0.6208556788192582,0.6292179714163055
2,9,0.2731498155398828,0.91848,5000,1.8197866898995858,0.8823529411764706,833,1.8254474641416019,0.872,0.80995681928061,0.0833548556735473,0.08316233996410351,0.08397545202711927,0.9903172648151569,,0.99031675116711,0.009683248832889957,0.9682969380351157,0.40495136295852696,5,0.1,0.5,0.6170282259362466,0.6306983160326615,0.6317823814097662,0.6247991979612644,0.6429800725588637,0.6245015732406328,0.623489431144268,0.6197378712623458,0.6226883244965836,1.0,0.6141706020966436,0.6196523156262397
2,10,0.27973871267560846,0.91548,5000,1.8189350013379697,0.8631452581032413,833,1.8254459719307505,0.872,0.8028188775959382,0.08299286630159983,0.08280284329498268,0.08397545202711927,0.9860362915016647,,0.9860348376085538,0.013965162391446184,0.9682971488600627,0.4049513529724661,5,0.1,0.5,0.6146671218598392,0.6323213977046497,0.6209297974554113,0.6178118336529361,0.6333342712622753,0.6194884340841332,0.6081947174452957,0.6053051241426854,0.6208556788192582,0.6141706020966436,1.0,0.616094496512931
2,11,0.28182128663085826,0.91488,5000,1.8246513251905088,0.851140456182473,833,1.8254473083697187,0.872,0.8069561808386032,0.0832578121617467,0.08306596682531994,0.08397545202711927,0.9891696301617431,,0.9891672104814015,0.010832789518598451,0.968297019896097,0.4049513608161539,5,0.1,0.5,0.6159638043765283,0.6279163169760534,0.6221408924590257,0.6228044279949531,0.6276351432942358,0.6170270046080232,0.6244162542797181,0.619651801146109,0.6292179714163055,0.6196523156262397,0.616094496512931,1.0
3,0,0.2661899200646551,0.92084,5000,1.5812019948606137,0.9148681055155875,834,1.5969171992506082,0.9121,0.8019765124882352,0.08304105792173226,0.08285070430736495,0.08387183591488728,0.9878250953091524,,0.98782189649114,0.01217810350885995,0.9709508748802507,0.4023148754542225,5,0.1,0.5,1.0,0.6068842074215537,0.615681598075374,0.6125668813492188,0.6162804372374874,0.6199704639170786,0.6120263156341027,0.613732254710276,0.6157837136919914,0.6107512802545194,0.6093045292347489,0.6118747577220098
3,1,0.25714633494591826,0.9246,5000,1.6124983187075015,0.9040767386091128,834,1.5969181654933162,0.9121,0.7998461289414245,0.08303052615092503,0.0828402448200256,0.08387183591488728,0.9877003873279196,,0.9876964007830932,0.012303599216906824,0.970950831776404,0.40231487484675055,5,0.1,0.5,0.6068842074215537,1.0,0.6172829392925812,0.6085305393976504,0.6126724253269379,0.611254928986548,0.6119590299370519,0.6097876601953819,0.6053921640293022,0.609977669145773,0.6156935669525727,0.6144049378338657
3,2,0.25115849388775174,0.9232,5000,1.6126620990258675,0.9184652278177458,834,1.5969212439875253,0.9121,0.8080496806449794,0.08373606028844216,0.08354089615821726,0.08387183591488728,0.9960542206563605,,0.9960493951106872,0.003950604889312759,0.9709511145815094,0.40231489325589515,5,0.1,0.5,0.615681598075374,0.6172829392925812,1.0,0.6132801337560302,0.6224488557963935,0.609450428746423,0.6158717236071191,0.618790968357987,0.6193656144461351,0.6302827888511796,0.6198322498312924,0.6178739889934255
3,3,0.24582317626447814,0.9284,5000,1.5930332122025666,0.8980815347721822,834,1.596917203440072,0.9121,0.802769859944081,0.08301625202392889,0.08282606863255193,0.08387183591488728,0.9875313653037936,,0.9875307464484715,0.012469253551528503,0.9709508672989446,0.4023148740213625,5,0.1,0.5,0.6125668813492188,0.6085305393976504,0.6132801337560302,1.0,0.61969555289158,0.6141049402559903,0.6072507613001963,0.6159517431766094,0.6171364559210026,0.6146419536351652,0.6177041379911414,0.612057948739257
3,4,0.23649244850892928,0.93032,5000,1.6041721238030329,0.9039615846338536,833,1.596921397093386,0.9121,0.809744740898895,0.08406933522430127,0.08387183591488728,0.08387183591488728,0.999999999988077,,0.9999949801716781,5.019828321906061e-06,0.970951089021559,0.40231489395959086,5,0.1,0.5,0.6162804372374874,0.6126724253269379,0.6224488557963935,0.61969555289158,1.0,0.6196691435864039,0.6226232917381704,0.6212417850904787,0.6170466835332551,0.6267198556765313,0.6180546483415187,0.6181752226489573
3,5,0.24703280245944573,0.92708,5000,1.5867600617585358,0.9135654261704682,833,1.59692012844756,0.9121,0.804593442490145,0.08340285939499863,0.08321001150268127,0.08387183591488728,0.9921090982929032,,0.9921088298780182,0.007891170121981816,0.9709510853990163,0.4023148889868779,5,0.1,0.5,0.6199704639170786,0.611254928986548,0.609450428746423,0.6141049402559903,0.6196691435864039,1.0,0.6180524073214846,0.6150763023913624,0.6105646391067926,0.6214604647384299,0.6152194797147622,0.6134410111412935
3,6,0.24303453560135546,0.92492,5000,1.5917453236050076,0.9267707082833133,833,1.5969206003335337,0.9121,0.8037268692822536,0.08342004889710601,0.08322708196187341,0.08387183591488728,0.9923126285841593,,0.992309623010893,0.007690376989107017,0.9709510896986128,0.4023148893069174,5,0.1,0.5,0.6120263156341027,0.6119590299370519,0.6158717236071191,0.6072507613001963,0.6226232917381704,0.6180524073214846,1.0,0.6178167554521303,0.6144449033063315,0.6135938337660014,0.6096088657339109,0.6161958001368874
3,7,0.24930609427466632,0.92384,5000,1.5977899939925582,0.9063625450180072,833,1.5969209400609659,0.9121,0.8057447268304324,0.08344419558421903,0.08325106134279474,0.08387183591488728,0.9925985336279618,,0.9925957532252397,0.007404246774760259,0.970951057312007,0.40231488975407237,5,0.1,0.5,0.613732254710276,0.6097876601953819,0.618790968357987,0.6159517431766094,0.6212417850904787,0.6150763023913624,0.6178167554521303,1.0,0.6129517902233318,0.616279853268938,0.6206797659680858,0.6170202636610339
3,8,0.2517654708758661,0.92668,5000,1.6139857901467218,0.9303721488595438,833,1.5969170408127027,0.9121,0.8028308086781265,0.08302073988044323,0.08283052570000632,0.08387183591488728,0.9875845067118207,,0.9875809447316902,0.012419055268309775,0.9709508727682717,0.40231487427417434,5,0.1,0.5,0.6157837136919914,0.6053921640293022,0.6193656144461351,0.6171364559210026,0.6170466835332551,0.6105646391067926,0.6144449033063315,0.6129517902233318,1.0,0.6101879697436136,0.611569362214668,0.6190247788966676
3,9,0.24851979921174466,0.92464,5000,1.5897796948750813,0.9195678271308524,833,1.5969193781526705,0.9121,0.8061667677471369,0.08340154763516125,0.08320870882520352,0.08387183591488728,0.9920935665299041,,0.9920887505647307,0.00791124943526933,0.9709509799470714,0.4023148889536369,5,0.1,0.5,0.6107512802545194,0.609977669145773,0.6302827888511796,0.6146419536351652,0.6267198556765313,0.6214604647384299,0.6135938337660014,0.616279853268938,0.6101879697436136,1.0,0.6150584758777057,0.6146813631900365
3,10,0.24894149813943417,0.92612,5000,1.5876988658198603,0.9039615846338536,833,1.5969173515947481,0.9121,0.8048345013435595,0.08311503794976653,0.08292417606832614,0.08387183591488728,0.9887010956990195,,0.9887003664474675,0.011299633552532495,0.9709509067780999,0.40231487933704724,5,0.1,0.5,0.6093045292347489,0.6156935669525727,0.6198322498312924,0.6177041379911414,0.6180546483415187,0.6152194797147622,0.6096088657339109,0.6206797659680858,0.611569362214668,0.6150584758777057,1.0,0.6199042908585735
3,11,0.25268948417109477,0.92172,5000,1.597433540556166,0.9051620648259304,833,1.5969190334740537,0.9121,0.8051677276150417,0.08330233904897556,0.08311018631545508,0.08387183591488728,0.9909188872269823,,0.9909141107374128,0.009085889262587243,0.9709509569348278,0.40231488651931824,5,0.1,0.5,0.6118747577220098,0.6144049378338657,0.6178739889934255,0.612057948739257,0.6181752226489573,0.6134410111412935,0.6161958001368874,0.6170202636610339,0.6190247788966676,0.6146813631900365,0.6199042908585735,1.0
4,0,0.24685803851688126,0.92492,5000,1.332922931070681,0.935251798561151,834,1.3538863175212386,0.9297,0.7969183627339997,0.08317396869486639,0.08298270129486424,0.08375851233843565,0.9907375259791219,,0.9907333969178254,0.00926660308217464,0.9699369110769333,0.3979591772036458,5,0.1,0.5,1.0,0.6041623994456256,0.5983506125491229,0.5984004451616427,0.6057759234053067,0.6087429787517223,0.6024685341535488,0.5938072088282007,0.5990189320030662,0.6001052049179697,0.6012092984430975,0.6007090287621228
4,1,0.23033511384040306,0.93076,5000,1.3727495052196361,0.920863309352518,834,1.3538872715764152,0.9297,0.7946771390923445,0.08308846104727032,0.08289778186158347,0.08375851233843565,0.9897236656453016,,0.9897193915968074,0.01028060840319256,0.969936886239092,0.3979591744740927,5,0.1,0.5,0.6041623994456256,1.0,0.6015348630364163,0.5943619332808268,0.5997557288257599,0.6024349544790287,0.6036606781007547,0.5839586957091809,0.5913786066559104,0.602165924598763,0.6063414245069915,0.6016623809097867
4,2,0.22786140909098135,0.93108,5000,1.3728649307180334,0.9316546762589928,834,1.3538903988207491,0.9297,0.793063071807333,0.08350144444049545,0.08330791315115854,0.08375851233843565,0.9946202579810511,,0.9946187440389539,0.005381255961046105,0.9699368304994569,0.39795918449455686,5,0.1,0.5,0.5983506125491229,0.6015348630364163,1.0,0.5882463873896691,0.5971438817657133,0.5899917956458782,0.5928769168727746,0.5959718687694263,0.6034751816187596,0.6049621747260308,0.5990557196838989,0.6010274387958242
4,3,0.2315440988452856,0.93132,5000,1.3492293534455475,0.9220623501199041,834,1.353884431119925,0.9297,0.7912075106589754,0.08295743799252803,0.0827676577902068,0.08375851233843565,0.9881701032939391,,0.9881682646453491,0.011831735354650874,0.9699369727857481,0.3979591690194263,5,0.1,0.5,0.5984004451616427,0.5943619332808268,0.5882463873896691,1.0,0.5996159426038424,0.5966026293732389,0.5913423102690377,0.5936239423433886,0.5966915845918661,0.5970122374888598,0.5979976138695148,0.6045069824019714
4,4,0.2211243746731027,0.93376,5000,1.3632449573940701,0.9243697478991597,833,1.3538901409782922,0.9297,0.7996862979368189,0.08395520991934964,0.08375851233843565,0.08375851233843565,0.9999999999880609,,0.9999949801716781,5.019828321906061e-06,0.969936813929981,0.3979591865131498,5,0.1,0.5,0.6057759234053067,0.5997557288257599,0.5971438817657133,0.5996159426038424,1.0,0.6134760872340097,0.5996152824112609,0.6037822613845705,0.5998927590097527,0.6096082910465964,0.6038955975459835,0.6017440752603228
4,5,0.22430064111153125,0.93272,5000,1.3403204767792314,0.9315726290516206,833,1.3538890779970554,0.9297,0.7984209480391224,0.08346736712743624,0.08327407224569527,0.08375851233843565,0.994216228533559,,0.9942121379448823,0.005787862055117721,0.9699368319703023,0.3979591839750614,5,0.1,0.5,0.6087429787517223,0.6024349544790287,0.5899917956458782,0.5966026293732389,0.6134760872340097,1.0,0.608187776579121,0.5982944959333069,0.5966458790773717,0.6024882970386587,0.6073961270611357,0.6010949339458602
4,6,0.22959458250493095,0.9308,5000,1.3458349881348786,0.9447779111644657,833,1.353889651191882,0.9297,0.7955244067438932,0.08337735478472075,0.08318468343018115,0.08375851233843565,0.9931490078652659,,0.9931479343406455,0.006852065659354478,0.9699369221374922,0.3979591822599657,5,0.1,0.5,0.6024685341535488,0.6036606781007547,0.5928769168727746,0.5913423102690377,0.5996152824112609,0.608187776579121,1.0,0.6003691459829055,0.597965211997276,0.6029409766870454,0.5935469321028551,0.6046742239715108
4,7,0.23256073500249227,0.92872,5000,1.3533625205357869,0.9231692677070829,833,1.3538905104128316,0.9297,0.7921209103386438,0.08327421614750363,0.0830822576021164,0.08375851233843565,0.9919261371957194,,0.9919230962301089,0.00807690376989112,0.9699369153376785,0.3979591799546274,5,0.1,0.5,0.5938072088282007,0.5839586957091809,0.5959718687694263,0.5936239423433886,0.6037822613845705,0.5982944959333069,0.6003691459829055,1.0,0.5964483870175691,0.595988503695538,0.5999936599655837,0.6026665079397914
4,8,0.2295426098807792,0.9316,5000,1.3768626981311374,0.943577430972389,833,1.353885827353968,0.9297,0.7943208885578924,0.08306947081855826,0.08287892210483756,0.08375851233843565,0.9894984974060487,,0.9894934993223232,0.010506500677676778,0.969936874052807,0.39795917377518003,5,0.1,0.5,0.5990189320030662,0.5913786066559104,0.6034751816187596,0.5966915845918661,0.5998927590097527,0.5966458790773717,0.597965211997276,0.5964483870175691,1.0,0.60157967276251,0.5960563341676399,0.6088610885008796
4,9,0.228388875677802,0.9304,5000,1.3458328202918723,0.9387755102040817,833,1.353888240866006,0.9297,0.798113878682253,0.08345573905816173,0.08326252480091294,0.08375851233843565,0.9940783626085347,,0.9940766025801917,0.005923397419808296,0.9699368299472444,0.3979591837807023,5,0.1,0.5,0.6001052049179697,0.602165924598763,0.6049621747260308,0.5970122374888598,0.6096082910465964,0.6024882970386587,0.6029409766870454,0.595988503695538,0.60157967276251,1.0,0.598984641807612,0.6065325798321222
4,10,0.23332388746273366,0.93052,5000,1.3443007712010984,0.9195678271308524,833,1.353886348370927,0.9297,0.7969022468593258,0.0832226361862185,0.0830310334603762,0.08375851233843565,0.9913145678123877,,0.9913106771748407,0.008689322825159329,0.9699369457388597,0.3979591786055489,5,0.1,0.5,0.6012092984430975,0.6063414245069915,0.5990557196838989,0.5979976138695148,0.6038955975459835,0.6073961270611357,0.5935469321028551,0.5999936599655837,0.5960563341676399,0.598984641807612,1.0,0.6077794391128629
4,11,0.22385683626078876,0.93112,5000,1.3556991771415428,0.9207683073229291,833,1.3538877461284113,0.9297,0.8000261001481156,0.08345669378289104,0.08326347290679637,0.08375851233843565,0.9940896821252851,,0.9940866422368355,0.005913357763164484,0.969936851125064,0.3979591837954822,5,0.1,0.5,0.6007090287621228,0.6016623809097867,0.6010274387958242,0.6045069824019714,0.6017440752603228,0.6010949339458602,0.6046742239715108,0.6026665079397914,0.6088610885008796,0.6065325798321222,0.6077794391128629,1.0
5,0,0.22632524311115407,0.93336,5000,1.0878929517887257,0.9448441247002398,834,1.1120251908469885,0.9402,0.784622794972608,0.0832945784735752,0.08310247933973029,0.08377537608965818,0.9919678456567033,,0.9919632548566839,0.008036745143316093,0.9689062958895522,0.3913510652989155,5,0.1,0.5,1.0,0.5715170296575222,0.577801718778309,0.5763757333222153,0.5872791006276687,0.5760845474944455,0.5842651216505209,0.5829796825622722,0.5789794277192001,0.5725817320930272,0.5810059838959587,0.5813663702007044
5,1,0.21737903493640434,0.93488,5000,1.1319637916706227,0.9292565947242206,834,1.1120254271708356,0.9402,0.7798341936690335,0.08306869902708185,0.08287815561468273,0.08377537608965818,0.9892901647495498,,0.9892876863611264,0.010712313638873594,0.9689063948690805,0.3913510608468727,5,0.1,0.5,0.5715170296575222,1.0,0.5783405694747502,0.5684724455341517,0.5834265618769259,0.5757482384545245,0.5750052736188649,0.568533704685217,0.5733062277339255,0.5723957418859863,0.5802884423675952,0.578637899073749
5,2,0.2109544123683101,0.93572,5000,1.133358891363497,0.9424460431654677,834,1.1120305122277987,0.9402,0.781911482444812,0.08341822894868174,0.08322527461949798,0.08377537608965818,0.9934336138274699,,0.9934290447266704,0.006570955273329626,0.9689061716025595,0.3913510668085681,5,0.1,0.5,0.577801718778309,0.5783405694747502,1.0,0.5691858378336543,0.5810016763907657,0.5668717070238671,0.5774820848540375,0.5731003401465476,0.5757776765655237,0.5830383636609361,0.5775551951215168,0.5829697645776424
5,3,0.21071492408218373,0.9382,5000,1.10726868002503,0.9376498800959233,834,1.1120235664775957,0.9402,0.7754677267721438,0.08282722881596107,0.08263833921672423,0.08377537608965818,0.9864275527369342,,0.9864263842176597,0.013573615782340287,0.9689065454141262,0.39135105277782956,5,0.1,0.5,0.5763757333222153,0.5684724455341517,0.5691858378336543,1.0,0.5749867218990137,0.5667895553311434,0.5650841349758504,0.5642543647656508,0.5784017545228183,0.5687089083656567,0.5752383429243346,0.5779642718604971
5,4,0.2001380130624885,0.9378,5000,1.123602529366811,0.9339735894357744,833,1.1120308117744642,0.9402,0.7890182708240155,0.0839721928380307,0.08377537608965818,0.08377537608965818,0.9999999999880632,,0.9999949801716781,5.019828321906061e-06,0.9689061261029344,0.39135106925369506,5,0.1,0.5,0.5872791006276687,0.5834265618769259,0.5810016763907657,0.5749867218990137,1.0,0.5823296493067728,0.584888987907674,0.5838705261365988,0.5858485098787721,0.5865492266801439,0.5751793816034668,0.582295701002581
5,5,0.2101596024373819,0.93828,5000,1.0958993898497686,0.9411764705882353,833,1.1120287728385803,0.9402,0.7806040902590706,0.08334937724565425,0.08315689942240098,0.08377537608965818,0.9926174408624807,,0.9926158325385271,0.007384167461472857,0.9689062919872492,0.3913510659914411,5,0.1,0.5,0.5760845474944455,0.5757482384545245,0.5668717070238671,0.5667895553311434,0.5823296493067728,1.0,0.5802704989341254,0.5678242469138921,0.5788433338061882,0.5778214215552965,0.5802052953655156,0.5782250620911736
5,6,0.20622776925391784,0.9386,5000,1.1015150480800204,0.9495798319327731,833,1.112029626727485,0.9402,0.7833066752291746,0.083384328587151,0.0831916089720319,0.08377537608965818,0.9930317577089173,,0.9930274584609207,0.0069725415390793355,0.9689062040906946,0.3913510664150921,5,0.1,0.5,0.5842651216505209,0.5750052736188649,0.5774820848540375,0.5650841349758504,0.584888987907674,0.5802704989341254,1.0,0.5791352103006258,0.5811627541474395,0.5794165788096483,0.5688722242356692,0.58122666757408
5,7,0.21582373148957446,0.93444,5000,1.1100394527117412,0.9399759903961584,833,1.112029391736649,0.9402,0.7808365140001172,0.08322830781018863,0.08303666598065311,0.08377537608965818,0.9911822525367636,,0.991180161638472,0.008819838361527998,0.9689062716193106,0.39135106431021804,5,0.1,0.5,0.5829796825622722,0.568533704685217,0.5731003401465476,0.5642543647656508,0.5838705261365988,0.5678242469138921,0.5791352103006258,1.0,0.5779735775848425,0.5795458132886394,0.5762961114199303,0.5806277407576889
5,8,0.220570359980557,0.93496,5000,1.1386857430140178,0.9483793517406963,833,1.1120243546680901,0.9402,0.7845401842132861,0.08322173945335748,0.08303014290966197,0.08377537608965818,0.991104388714534,,0.9910998443853221,0.00890015561467794,0.9689063128339428,0.39135106419332993,5,0.1,0.5,0.5789794277192001,0.5733062277339255,0.5757776765655237,0.5784017545228183,0.5858485098787721,0.5788433338061882,0.5811627541474395,0.5779735775848425,1.0,0.5786840970281468,0.5769538517374155,0.5840617212932742
5,9,0.21147067782403842,0.9348,5000,1.1035744150479634,0.9471788715486195,833,1.112028475577077,0.9402,0.783154940009619,0.08343143868297909,0.08323839284285689,0.08377537608965818,0.9935902018843795,,0.9935896792329703,0.006410320767029742,0.9689061396149519,0.3913510669574448,5,0.1,0.5,0.5725817320930272,0.5723957418859863,0.5830383636609361,0.5687089083656567,0.5865492266801439,0.5778214215552965,0.5794165788096483,0.5795458132886394,0.5786840970281468,1.0,0.5737219946483788,0.5824885718341793
5,10,0.21116032070201485,0.93812,5000,1.102759298351076,0.9327731092436975,833,1.1120251710422504,0.9402,0.7820862494184339,0.08323780741924437,0.08304610008162738,0.08377537608965818,0.9912948643973665,,0.9912905978615532,0.008709402138446842,0.9689062714478964,0.391351064464134,5,0.1,0.5,0.5810059838959587,0.5802884423675952,0.5775551951215168,0.5752383429243346,0.5751793816034668,0.5802052953655156,0.5688722242356692,0.5762961114199303,0.5769538517374155,0.5737219946483788,1.0,0.5809513418531712
5,11,0.21103793073825206,0.93636,5000,1.114072859287262,0.9351740696278511,833,1.1120284138777006,0.9402,0.7869593753086853,0.08356607269809463,0.08337209252954783,0.08377537608965818,0.9951861324898865,,0.9951859846393253,0.004814015360674717,0.9689060742818898,0.3913510681634222,5,0.1,0.5,0.5813663702007044,0.578637899073749,0.5829697645776424,0.5779642718604971,0.582295701002581,0.5782250620911736,0.58122666757408,0.5806277407576889,0.5840617212932742,0.5824885718341793,0.5809513418531712,1.0
6,0,0.21553150904097945,0.935,5000,0.857632334585543,0.9568345323741008,834,0.8844940243437648,0.9465,0.7633658292143802,0.08308395703518283,0.0828933087995872,0.08376066605121256,0.9896448142844914,,0.9896440941719793,0.010355905828020706,0.9674411067158226,0.384838812081533,5,0.1,0.5,1.0,0.5364389921073711,0.5474989239674255,0.552296449996924,0.5501913609509916,0.5517209456802676,0.55008775954811,0.5448813462839512,0.5498054738722835,0.5479352847601916,0.5631146636520094,0.5567490588210943
6,1,0.20250558276322617,0.9406,5000,0.9042968286408318,0.9328537170263789,834,0.8844948209131869,0.9465,0.7627978714078217,0.08291184843020269,0.08272238036768655,0.08376066605121256,0.9876041376762835,,0.9876010240449776,0.012398975955022373,0.9674408218331569,0.38483880434102485,5,0.1,0.5,0.5364389921073711,1.0,0.5566706251457003,0.5552205374294951,0.5562527412887773,0.5533304210094423,0.5521416697080404,0.5348604061936951,0.5469011576739118,0.5472185054186601,0.5551594789195976,0.5524839962015599
6,2,0.19750623194987227,0.93992,5000,0.9072558681170145,0.9484412470023981,834,0.8844992962127296,0.9465,0.768140226765658,0.08333624998730522,0.08314386292573114,0.08376066605121256,0.9926361243820944,,0.9926359118518147,0.007364088148185344,0.9674412455298699,0.3848388199156429,5,0.1,0.5,0.5474989239674255,0.5566706251457003,1.0,0.5574014710851248,0.5547951244975556,0.5383352087764623,0.5476668087406632,0.5521448716897512,0.5594545020151019,0.566268914506349,0.5616839831552534,0.5523006632286841
6,3,0.1971992531459138,0.94216,5000,0.8798956076304117,0.9436450839328537,834,0.8844932212997169,0.9465,0.7706756344987199,0.0830283600882511,0.0828380936215841,0.08376066605121256,0.9889856125301897,,0.9889814768334922,0.011018523166507754,0.9674414016093181,0.38483880977818,5,0.1,0.5,0.552296449996924,0.5552205374294951,0.5574014710851248,1.0,0.5582674896179577,0.5547404861649626,0.5479690682316416,0.5542603282618842,0.5588778519577383,0.5567342324999583,0.5584976693717842,0.5664494079516607
6,4,0.18879544507121893,0.94216,5000,0.8978878701174701,0.9399759903961584,833,0.8844988304205215,0.9465,0.7751531388648784,0.0839573788486159,0.08376066605121256,0.08376066605121256,0.9999999999880611,,0.9999949801716781,5.019828321906061e-06,0.9674413693050053,0.3848388241678444,5,0.1,0.5,0.5501913609509916,0.5562527412887773,0.5547951244975556,0.5582674896179577,1.0,0.5631040046942704,0.5620706768161471,0.5603266833639009,0.5602495566845677,0.5605950238297092,0.565456630719296,0.5647037903764363
6,5,0.1920864301454869,0.94264,5000,0.8673617188577298,0.9519807923169268,833,0.8844976712720463,0.9465,0.7686375801726191,0.08330753389806848,0.08311534527992351,0.08376066605121256,0.9922956585387371,,0.9922945635259274,0.0077054364740726244,0.967441258985043,0.3848388193151467,5,0.1,0.5,0.5517209456802676,0.5533304210094423,0.5383352087764623,0.5547404861649626,0.5631040046942704,1.0,0.5550441331752535,0.5481944576359008,0.5537631800236102,0.559083018106908,0.5602004091835402,0.5615551797716157
