round,client_id,client_i_training_loss,client_i_training_accuracy,client_i_training_dataset_size,client_i_evaluation_loss,client_i_evaluation_accuracy,client_i_evaluation_dataset_size,client_i_central_evaluation_loss,client_i_central_evaluation_accuracy,client_i_cosine_similarity,client_i_importance_coefficient,client_i_tanh_val,tanh_normalization_value,client_i_q,client_i_mask_order,client_i_v_nonzero_fraction,client_i_v_sparsity,client_i_v_cosine_similarity,client_i_reward_gradient_norm,local_epochs,learning_rate,gamma,client_0_cosine_similarity,client_1_cosine_similarity,client_2_cosine_similarity,client_3_cosine_similarity,client_4_cosine_similarity,client_5_cosine_similarity,client_6_cosine_similarity,client_7_cosine_similarity,client_8_cosine_similarity,client_9_cosine_similarity,client_10_cosine_similarity,client_11_cosine_similarity
0,0,2.2762279337102718,0.15718742500599953,4167,2.297661236354283,0.13788968824940048,834,2.296799846842319,0.1449,0.9778981683143981,0.08355540349239435,,,0.8627496811300444,,0.8627849020481589,0.13721509795184106,0,0.14628586053047463,10,0.025,0.15,1.0,0.9568660861902303,0.968752023010751,0.9343097042955719,0.9498556668106388,0.9276743031919672,0.9703925995542916,0.9426741105523335,0.9379819904192433,0.9375537849170389,0.956135913409478,0.9627181645304118
0,1,2.2742091178894044,0.1633069354451644,4167,2.2971837861197337,0.1474820143884892,834,2.296799382076988,0.1449,0.9794994868857513,0.08369222634745696,,,0.8995123648460845,,0.8995477876252249,0.10045221237477509,0,0.14629011763353222,10,0.025,0.15,0.9568660861902303,1.0,0.9610630553446292,0.9591204530254014,0.9398526900809703,0.9386920069980725,0.9585435786615304,0.9370854265067763,0.9472986778017107,0.9391614283461812,0.9617252555275263,0.9642497014562522
0,2,2.2772657387184374,0.14521238300935926,4167,2.2985570090157643,0.12949640287769784,834,2.2967980843556077,0.1449,0.9816986404619669,0.08388013053866653,,,0.9499999997313118,,0.9500173293063326,0.04998267069366735,0,0.14629451628684262,10,0.025,0.15,0.968752023010751,0.9610630553446292,1.0,0.9482080801007057,0.9499694247128911,0.933631519424211,0.9646786916955054,0.9523313342843964,0.9458537045966182,0.9340124600447769,0.9591091300150337,0.9717844648851106
0,3,2.271181433128588,0.14876409887209024,4167,2.2949870995112827,0.1606714628297362,834,2.29681263996076,0.1448,0.9710442558520329,0.08296977869029291,,,0.705399219717209,,0.7054513046492054,0.29454869535079464,0,0.1461964347730831,10,0.025,0.15,0.9343097042955719,0.9591204530254014,0.9482080801007057,1.0,0.9416382601748089,0.9395842880015814,0.9448028594815195,0.933490645746779,0.9521617595956968,0.9173463057782278,0.9494124703991645,0.9446231559172714
0,4,2.265278631990606,0.1474442044636429,4167,2.293067625590733,0.17767106842737096,833,2.2967997563036184,0.1449,0.9764849981621422,0.08343465676630252,,,0.8303064632259162,,0.8303460910036145,0.16965390899638555,0,0.14628000568908386,10,0.025,0.15,0.9498556668106388,0.9398526900809703,0.9499694247128911,0.9416382601748089,1.0,0.9464258123501191,0.9500559104874593,0.9421866590096349,0.9619915713761744,0.9487852495481496,0.9433699979947769,0.9542486225610439
0,5,2.276620068694606,0.16105111591072716,4167,2.294013602393014,0.14765906362545017,833,2.296842523767978,0.1422,0.9683409783747892,0.0827388002022645,,,0.6433380304757478,,0.6433876318265089,0.35661236817349107,0,0.14609147941993328,10,0.025,0.15,0.9276743031919672,0.9386920069980725,0.933631519424211,0.9395842880015814,0.9464258123501191,1.0,0.921073770243442,0.9551872776154436,0.9489926413584053,0.9375478559327017,0.9488216387236464,0.935433094621603
0,6,2.265781294215809,0.1554835613150948,4167,2.2951290607452393,0.1452581032412965,833,2.2967996929265277,0.1449,0.9761169459581118,0.08340320896180665,,,0.8218568099153183,,0.8219124952550709,0.17808750474492907,0,0.14627811525642131,10,0.025,0.15,0.9703925995542916,0.9585435786615304,0.9646786916955054,0.9448028594815195,0.9500559104874593,0.921073770243442,1.0,0.9331872772413556,0.9369525084278791,0.9338867835472747,0.9489317383700855,0.9615604643462775
0,7,2.26841524514285,0.1543316534677226,4167,2.2982500961848666,0.1368547418967587,833,2.296811321113683,0.1448,0.9724077894454406,0.08308628427672733,,,0.7367028935316479,,0.7367348286049084,0.26326517139509165,0,0.1462187296739114,10,0.025,0.15,0.9426741105523335,0.9370854265067763,0.9523313342843964,0.933490645746779,0.9421866590096349,0.9551872776154436,0.9331872772413556,1.0,0.9616960911269288,0.9255262441992674,0.9566120752211701,0.9406828352779694
0,8,2.265186128471837,0.14927988478156506,4166,2.2977289812905446,0.1368547418967587,833,2.2967999947221975,0.1448,0.9757148978666325,0.08336885641713954,,,0.812626687258833,,0.8126867026456074,0.18731329735439262,0,0.1462757589294567,10,0.025,0.15,0.9379819904192433,0.9472986778017107,0.9458537045966182,0.9521617595956968,0.9619915713761744,0.9489926413584053,0.9369525084278791,0.9616960911269288,1.0,0.9394035826702505,0.9419026273591328,0.9451368304426147
0,9,2.2597037264795015,0.1542486797887662,4166,2.29918943132673,0.13805522208883553,833,2.2968615972543063,0.1417,0.9642753360846663,0.08239141599293266,,,0.55,,0.5500404350481095,0.4499595649518905,0,0.14583315656937357,10,0.025,0.15,0.9375537849170389,0.9391614283461812,0.9340124600447769,0.9173463057782278,0.9487852495481496,0.9375478559327017,0.9338867835472747,0.9255262441992674,0.9394035826702505,1.0,0.9337050323618704,0.9385664820875083
0,10,2.2751799099373096,0.1473115698511762,4166,2.2976515974317278,0.13805522208883553,833,2.2967995842800866,0.1449,0.9792305793591993,0.08366924984784666,,,0.8933388510154541,,0.8933835058011916,0.10661649419880836,0,0.1462896719309007,10,0.025,0.15,0.956135913409478,0.9617252555275263,0.9591091300150337,0.9494124703991645,0.9433699979947769,0.9488216387236464,0.9489317383700855,0.9566120752211701,0.9419026273591328,0.9337050323618704,1.0,0.9607912937102002
0,11,2.272689763704936,0.14231877100336054,4166,2.2985341208321706,0.14285714285714285,833,2.2967981356608718,0.1449,0.9808777264175146,0.08380998846616933,,,0.931153654029623,,0.9311944018088495,0.06880559819115051,0,0.14629387830011803,10,0.025,0.15,0.9627181645304118,0.9642497014562522,0.9717844648851106,0.9446231559172714,0.9542486225610439,0.935433094621603,0.9615604643462775,0.9406828352779694,0.9451368304426147,0.9385664820875083,0.9607912937102002,1.0
1,0,2.1891812790523875,0.2046796256299496,4167,2.2846316269465854,0.15827338129496402,834,2.284567057331906,0.1632,0.982182799668003,0.08359255131626718,,,0.8989707659857085,,0.8990031522833424,0.10099684771665762,0.8728394754875389,0.14676089160556915,10,0.025,0.15,1.0,0.9566816762820736,0.9623984651945511,0.9497601969631263,0.9627503858247505,0.9530184940947473,0.9624613103388237,0.9473072156996707,0.9649342087534976,0.9636971596238826,0.9490725287218744,0.9598740456505662
1,1,2.1866196050788416,0.20616750659947206,4167,2.286481959479196,0.15227817745803357,834,2.2845639488365075,0.1632,0.9806141249035317,0.08362608804972475,,,0.9107876621708368,,0.910836592893334,0.08916340710666604,0.8729702732020002,0.14676403078175845,10,0.025,0.15,0.9566816762820736,1.0,0.9513207172892354,0.9612419630272868,0.9539486222885392,0.9672443194688853,0.9596154711458104,0.9402655613549086,0.9555979072511728,0.9520708442568055,0.9607456075638949,0.954804566428898
1,2,2.1906279549454197,0.2004319654427646,4167,2.2869324002947127,0.15587529976019185,834,2.284562430804289,0.1632,0.9804650069849548,0.08373737393136456,,,0.9499999996476431,,0.9500173293063326,0.04998267069366735,0.8729980497541922,0.1467660542561472,10,0.025,0.15,0.9623984651945511,0.9513207172892354,1.0,0.959770745976401,0.9601346482466979,0.9512325448591218,0.9599399504366579,0.9495114170131926,0.9486403318729099,0.9497232838706449,0.9527029462814448,0.9661293974316868
1,3,2.1723153728427307,0.20633549316054717,4167,2.2819158690316335,0.18225419664268586,834,2.284593675709978,0.1635,0.9801982783151194,0.08316604252863764,,,0.7486874931130169,,0.7487085540756878,0.2512914459243122,0.872211663015549,0.14668985041941027,10,0.025,0.15,0.9497601969631263,0.9612419630272868,0.959770745976401,1.0,0.9558503423395709,0.9559998869080769,0.9530711247349748,0.9583325332447375,0.9495905512931672,0.9413723656891666,0.9608818889161883,0.962893410015186
1,4,2.1692672046748074,0.2053035757139429,4167,2.2802752426692416,0.19807923169267708,833,2.284569701061973,0.1632,0.9796021463384051,0.08343397452409664,,,0.8430951544619854,,0.8431367694872176,0.1568632305127824,0.8727696524682175,0.14675087187979013,10,0.025,0.15,0.9627503858247505,0.9539486222885392,0.9601346482466979,0.9558503423395709,1.0,0.9583699515711507,0.9621290654813645,0.936402047027412,0.9549473219305333,0.9451297930544454,0.9521225409332422,0.9597667118344042
1,5,2.1850482695030444,0.2163666906647468,4167,2.2821220670427596,0.16206482593037214,833,2.2846212930317167,0.1623,0.9786275623961302,0.08297218845345995,,,0.6803816909293654,,0.6804145830238815,0.31958541697611853,0.8724653703260107,0.14659783719847017,10,0.025,0.15,0.9530184940947473,0.9672443194688853,0.9512325448591218,0.9559998869080769,0.9583699515711507,1.0,0.9574747649168152,0.9418873930125993,0.9493827536613244,0.9507595496431157,0.9499806949134588,0.9552541549732276
1,6,2.174337309779543,0.2074154067674586,4167,2.2823829650878906,0.17046818727490998,833,2.2845705732514587,0.1632,0.9793104232129601,0.0834050481527531,,,0.832902750732162,,0.8329372349028734,0.1670627650971266,0.8727410299219293,0.14674841127422755,10,0.025,0.15,0.9624613103388237,0.9596154711458104,0.9599399504366579,0.9530711247349748,0.9621290654813645,0.9574747649168152,1.0,0.9345847057239044,0.9507357886933284,0.9493682060935761,0.9521749261698241,0.9566065044885469
1,7,2.1817662051229765,0.20383969282457404,4167,2.2872390065874373,0.15966386554621848,833,2.2845909142795997,0.1645,0.9705718431516229,0.0829249059219519,,,0.6637213692880941,,0.6637619448432935,0.33623805515670646,0.8726768030345502,0.14657309150482756,10,0.025,0.15,0.9473072156996707,0.9402655613549086,0.9495114170131926,0.9583325332447375,0.936402047027412,0.9418873930125993,0.9345847057239044,1.0,0.9495096684339471,0.9365471978134858,0.948842335376841,0.9526449865640315
1,8,2.171504070180835,0.199903984637542,4166,2.2837375232151578,0.1524609843937575,833,2.2845709474780893,0.1633,0.9770415086346367,0.08331000915681148,,,0.7994151139591399,,0.7994504134277368,0.20054958657226318,0.872739309806664,0.14672473479833725,10,0.025,0.15,0.9649342087534976,0.9555979072511728,0.9486403318729099,0.9495905512931672,0.9549473219305333,0.9493827536613244,0.9507357886933284,0.9495096684339471,1.0,0.9575826519503718,0.9446503775108241,0.9462180474304733
1,9,2.156411743525303,0.22169947191550649,4166,2.287426539829799,0.16326530612244897,833,2.284757037706013,0.1616,0.9738527738222452,0.0826021609988777,,,0.55,,0.5500404350481095,0.4499595649518905,0.8678336814688059,0.14616566408925027,10,0.025,0.15,0.9636971596238826,0.9520708442568055,0.9497232838706449,0.9413723656891666,0.9451297930544454,0.9507595496431157,0.9493682060935761,0.9365471978134858,0.9575826519503718,1.0,0.9433879329772094,0.9451792444072082
1,10,2.186297478820338,0.19467114738358138,4166,2.2859518187386647,0.15366146458583432,833,2.2845673500737056,0.1632,0.9774554325200479,0.08350913602125164,,,0.8695788193103551,,0.8696175999735934,0.13038240002640655,0.8729028127202756,0.14675620164619294,10,0.025,0.15,0.9490725287218744,0.9607456075638949,0.9527029462814448,0.9608818889161883,0.9521225409332422,0.9499806949134588,0.9521749261698241,0.948842335376841,0.9446503775108241,0.9433879329772094,1.0,0.9616866115076212
1,11,2.1769014275435246,0.20482477196351417,4166,2.2864767823900496,0.15126050420168066,833,2.2845628623720966,0.1632,0.9812796253062283,0.08372052094480359,,,0.9440617351815381,,0.9441088610519714,0.05589113894802855,0.872965302536416,0.14676591877927103,10,0.025,0.15,0.9598740456505662,0.954804566428898,0.9661293974316868,0.962893410015186,0.9597667118344042,0.9552541549732276,0.9566065044885469,0.9526449865640315,0.9462180474304733,0.9451792444072082,0.9616866115076212,1.0
2,0,2.109885505473975,0.24288456923446125,4167,2.266050100326538,0.2038369304556355,834,2.2670511595810514,0.2028,0.9856464945209021,0.08364001440944781,,,0.95,,0.9500173293063326,0.04998267069366735,0.9461303457769367,0.1471699629405261,10,0.025,0.15,1.0,0.9655455199860393,0.9661841351260112,0.9682710835548766,0.9634320557710845,0.9629022184879444,0.9643497203800784,0.9613569565940877,0.9590226913851541,0.9580942614067606,0.9676298180137305,0.9676493332742385
2,1,2.107281392993349,0.2439644828413727,4167,2.2705860137939453,0.1882494004796163,834,2.2670480390138263,0.2028,0.9804795113859212,0.08349281732803837,,,0.95,,0.9500173293063326,0.04998267069366735,0.9461829491950938,0.1471699629405261,10,0.025,0.15,0.9655455199860393,1.0,0.9516590602009497,0.9633182691993308,0.9528732514557658,0.9665041266613112,0.9562138840147815,0.952391454339577,0.957007647947986,0.9549439467728255,0.9659707891824445,0.9572373251766829
2,2,2.113621809988311,0.23501319894408448,4167,2.2703889438084195,0.19304556354916066,834,2.2670457061332994,0.2026,0.9800127949472408,0.08354636045962621,,,0.95,,0.9500173293063326,0.04998267069366735,0.94622400625248,0.1471699629405261,10,0.025,0.15,0.9661841351260112,0.9516590602009497,1.0,0.9646059544074498,0.956144783163049,0.953595798800325,0.9566304043606673,0.9580364584130127,0.9515918140014018,0.954180747889293,0.9618519224562102,0.9635637881976893
2,3,2.0900989214579266,0.2486201103911687,4167,2.2630163601466586,0.2314148681055156,834,2.2670868167394325,0.2026,0.9854527284237596,0.08337038618731397,,,0.95,,0.9500173293063326,0.04998267069366735,0.9453000399662277,0.1471699629405261,10,0.025,0.15,0.9682710835548766,0.9633182691993308,0.9646059544074498,1.0,0.9661190824419286,0.9657598553321719,0.9649099832389911,0.9593496259180423,0.961693411951952,0.9592113174838379,0.9655666778095483,0.9635617809034449
2,4,2.0909834572763155,0.2413966882649388,4167,2.2616091455732072,0.22328931572629052,833,2.2670560456529447,0.2027,0.9797318565097035,0.08334990877004635,,,0.95,,0.9500173293063326,0.04998267069366735,0.9459673133348123,0.1471699629405261,10,0.025,0.15,0.9634320557710845,0.9528732514557658,0.956144783163049,0.9661190824419286,1.0,0.9609042846264062,0.9601470456957367,0.9500094047700687,0.9587509636716032,0.9506210104414783,0.9582671005587188,0.9576304220282771
2,5,2.1062098466988766,0.25315574754019676,4167,2.2647367545536587,0.20048019207683074,833,2.2671222173714938,0.2013,0.982429767861619,0.08315246607495579,,,0.95,,0.9500173293063326,0.04998267069366735,0.9443848901515641,0.1471699629405261,10,0.025,0.15,0.9629022184879444,0.9665041266613112,0.953595798800325,0.9657598553321719,0.9609042846264062,1.0,0.9613770632440068,0.9572475300600322,0.957433046764787,0.9589647811135822,0.9623967374028658,0.959848492360066
2,6,2.0966284358140195,0.24274058075353971,4167,2.2638418674468994,0.2064825930372149,833,2.2670576662956914,0.2027,0.9803448360102718,0.08335196827656241,,,0.95,,0.9500173293063326,0.04998267069366735,0.9459462106414852,0.1471699629405261,10,0.025,0.15,0.9643497203800784,0.9562138840147815,0.9566304043606673,0.9649099832389911,0.9601470456957367,0.9613770632440068,1.0,0.9518809651618406,0.9547752214636639,0.9552948136141176,0.9597301282530056,0.9568532785137642
2,7,2.108245881759759,0.23911687065034798,4167,2.2709077426365445,0.19807923169267708,833,2.267087749288052,0.2045,0.9786005661016832,0.08299884190631905,,,0.95,,0.9500173293063326,0.04998267069366735,0.944169136603398,0.1471699629405261,10,0.025,0.15,0.9613569565940877,0.952391454339577,0.9580364584130127,0.9593496259180423,0.9500094047700687,0.9572475300600322,0.9518809651618406,1.0,0.9608094585013145,0.9537870468861128,0.9604684284202987,0.9565534138084586
2,8,2.0922898787440674,0.24241478636581854,4166,2.264899832861764,0.20048019207683074,833,2.267058149168763,0.2026,0.979010149023242,0.08324991888517187,,,0.95,,0.9500173293063326,0.04998267069366735,0.9456141061427608,0.1471699629405261,10,0.025,0.15,0.9590226913851541,0.957007647947986,0.9515918140014018,0.961693411951952,0.9587509636716032,0.957433046764787,0.9547752214636639,0.9608094585013145,1.0,0.9560116568582794,0.9563594782638309,0.9531353465030304
2,9,2.0760674650018864,0.25712914066250603,4166,2.2703920091901506,0.19207683073229292,833,2.2673205997370465,0.2002,0.9775524454060401,0.08276551618236674,,,0.95,,0.9500173293063326,0.04998267069366735,0.9402869767121094,0.1471699629405261,10,0.025,0.15,0.9580942614067606,0.9549439467728255,0.954180747889293,0.9592113174838379,0.9506210104414783,0.9589647811135822,0.9552948136141176,0.9537870468861128,0.9560116568582794,1.0,0.9576107045134192,0.951062794957881
2,10,2.1064630244717453,0.2372059529524724,4166,2.2691164016723633,0.19327731092436976,833,2.2670512682274926,0.2028,0.9833874034363065,0.08351510277217362,,,0.95,,0.9500173293063326,0.04998267069366735,0.9460535794414839,0.1471699629405261,10,0.025,0.15,0.9676298180137305,0.9659707891824445,0.9618519224562102,0.9655666778095483,0.9582671005587188,0.9623967374028658,0.9597301282530056,0.9604684284202987,0.9563594782638309,0.9576107045134192,1.0,0.9620594073204944
2,11,2.101703137701208,0.24116658665386462,4166,2.269357340676444,0.19447779111644659,833,2.267046345940119,0.2026,0.9809588841935907,0.08356669874797788,,,0.95,,0.9500173293063326,0.04998267069366735,0.9462173174507476,0.1471699629405261,10,0.025,0.15,0.9676493332742385,0.9572373251766829,0.9635637881976893,0.9635617809034449,0.9576304220282771,0.959848492360066,0.9568532785137642,0.9565534138084586,0.9531353465030304,0.951062794957881,0.9620594073204944,1.0
3,0,2.043932337471933,0.26767458603311733,4167,2.2415641375950406,0.26019184652278177,834,2.2439024267317373,0.252,0.983309014185376,0.08366237561232893,,,0.95,,0.9500173293063326,0.04998267069366735,0.9744396897271409,0.1468525112982967,10,0.025,0.15,1.0,0.9612251245028436,0.9573565537756167,0.9609847036379541,0.9574640367871867,0.9587256457486028,0.9570227204681767,0.963437669166164,0.9574048136741586,0.9535119464005716,0.9617002389776281,0.9631416265990197
3,1,2.043692047668226,0.27137029037676985,4167,2.2491847446986606,0.2314148681055156,834,2.2438993544518193,0.2521,0.9782397852643374,0.0834065568043455,,,0.95,,0.9500173293063326,0.04998267069366735,0.9744396897271409,0.1468525112982967,10,0.025,0.15,0.9612251245028436,1.0,0.9450716800924579,0.9546097115065186,0.9471877094112078,0.9606315618285024,0.9503268792841941,0.9542930820925623,0.9561910919869238,0.9505320173881182,0.9593146078699234,0.9531224639814744
3,2,2.0490957505775222,0.2623230141588673,4167,2.2486517429351807,0.23860911270983212,834,2.24389583551431,0.2519,0.9753725066924736,0.0833463920546835,,,0.95,,0.9500173293063326,0.04998267069366735,0.9744396897271409,0.1468525112982967,10,0.025,0.15,0.9573565537756167,0.9450716800924579,1.0,0.956270083027296,0.9480910108842849,0.9464929458975798,0.947972485580946,0.9566331498119298,0.9488854637629254,0.9440713824696169,0.9538903562457488,0.9540005940579308
3,3,2.0259116450945536,0.2734101271898248,4167,2.2381603377205983,0.2733812949640288,834,2.2439484626432007,0.2517,0.981938160637885,0.08345118324503324,,,0.95,,0.9500173293063326,0.04998267069366735,0.9744396897271409,0.1468525112982967,10,0.025,0.15,0.9609847036379541,0.9546097115065186,0.956270083027296,1.0,0.9592362082208215,0.9587487807151349,0.9569276237335445,0.9591633541512131,0.9581395412983809,0.9528373357354839,0.9610783083835692,0.9580103923368611
3,4,2.0302198287212487,0.2658267338612911,4167,2.237219980784825,0.27010804321728693,833,2.2439102553114108,0.252,0.977817901208394,0.08330452987509776,,,0.95,,0.9500173293063326,0.04998267069366735,0.9744396897271409,0.1468525112982967,10,0.025,0.15,0.9574640367871867,0.9471877094112078,0.9480910108842849,0.9592362082208215,1.0,0.9579239752867088,0.9545077708589059,0.9497750872639978,0.9578324084896497,0.94863161646114,0.9544504812212201,0.9525199003352468
3,5,2.03933410283291,0.2802975761939045,4167,2.241727420261928,0.24489795918367346,833,2.243991516813447,0.2507,0.9806851286430576,0.08327577426849277,,,0.95,,0.9500173293063326,0.04998267069366735,0.9744396897271409,0.1468525112982967,10,0.025,0.15,0.9587256457486028,0.9606315618285024,0.9464929458975798,0.9587487807151349,0.9579239752867088,1.0,0.9560078597804792,0.9575864539608508,0.956267384104949,0.9540977477048056,0.9579036440892291,0.957039257950503
3,6,2.0353885881828537,0.2669306455483561,4167,2.239164420536586,0.2665066026410564,833,2.2439126908024654,0.252,0.9772429669662342,0.08328710435955013,,,0.95,,0.9500173293063326,0.04998267069366735,0.9744396897271409,0.1468525112982967,10,0.025,0.15,0.9570227204681767,0.9503268792841941,0.947972485580946,0.9569276237335445,0.9545077708589059,0.9560078597804792,1.0,0.9512266830549941,0.9513435745126362,0.9499219646119035,0.9541258279012224,0.9514857308736678
3,7,2.047420807679494,0.26745860331173504,4167,2.2488166264125278,0.24729891956782712,833,2.243953710869898,0.2523,0.979911677291953,0.0831556921847175,,,0.95,,0.9500173293063326,0.04998267069366735,0.9744396897271409,0.1468525112982967,10,0.025,0.15,0.963437669166164,0.9542930820925623,0.9566331498119298,0.9591633541512131,0.9497750872639978,0.9575864539608508,0.9512266830549941,1.0,0.9542964304450205,0.950399163089548,0.9576734385664672,0.9578745918485818
3,8,2.028266961285562,0.2714114258281325,4166,2.2406646524156844,0.2605042016806723,833,2.243914254104035,0.2518,0.9787152498393944,0.08327192769128136,,,0.95,,0.9500173293063326,0.04998267069366735,0.9744396897271409,0.1468525112982967,10,0.025,0.15,0.9574048136741586,0.9561910919869238,0.9488854637629254,0.9581395412983809,0.9578324084896497,0.956267384104949,0.9513435745126362,0.9542964304450205,1.0,0.949746011103068,0.9572623698307183,0.9508468429921152
3,9,2.0114713126962833,0.28648583773403746,4166,2.247795581817627,0.23649459783913565,833,2.244263205347182,0.2525,0.9746614033739811,0.08284076461875113,,,0.95,,0.9500173293063326,0.04998267069366735,0.9744396897271409,0.1468525112982967,10,0.025,0.15,0.9535119464005716,0.9505320173881182,0.9440713824696169,0.9528373357354839,0.94863161646114,0.9540977477048056,0.9499219646119035,0.950399163089548,0.949746011103068,1.0,0.9508330309411598,0.946348446185956
3,10,2.0438311685215345,0.26601056168987036,4166,2.246617146900722,0.2424969987995198,833,2.24390236939056,0.252,0.9811764233792817,0.08351583341770909,,,0.95,,0.9500173293063326,0.04998267069366735,0.9744396897271409,0.1468525112982967,10,0.025,0.15,0.9617002389776281,0.9593146078699234,0.9538903562457488,0.9610783083835692,0.9544504812212201,0.9579036440892291,0.9541258279012224,0.9576734385664672,0.9572623698307183,0.9508330309411598,1.0,0.958728727742145
3,11,2.0400117975292784,0.26797887662025927,4166,2.2466396263667514,0.2460984393757503,833,2.2438966684703585,0.2519,0.9791516580842562,0.08348186586800908,,,0.95,,0.9500173293063326,0.04998267069366735,0.9744396897271409,0.1468525112982967,10,0.025,0.15,0.9631416265990197,0.9531224639814744,0.9540005940579308,0.9580103923368611,0.9525199003352468,0.957039257950503,0.9514857308736678,0.9578745918485818,0.9508468429921152,0.946348446185956,0.958728727742145,1.0
4,0,1.9899967255014361,0.28860091192704584,4167,2.2118913446153914,0.28896882494004794,834,2.2155885062640226,0.2747,0.9802868271172798,0.08364864921908984,,,0.95,,0.9500173293063326,0.04998267069366735,0.9829227029339357,0.1465272596155969,10,0.025,0.15,1.0,0.957563336886588,0.9523756862382929,0.9552383372287634,0.9518732509475875,0.9521090786039492,0.9509984964155509,0.9587071930007102,0.9521911052562181,0.9500428951364533,0.9550215006832444,0.9548311680659327
4,1,1.9914707978566488,0.29076073914086875,4167,2.222809144428798,0.25539568345323743,834,2.215585071829301,0.2747,0.9767247937152019,0.08337449612920243,,,0.95,,0.9500173293063326,0.04998267069366735,0.9829227029339357,0.1465272596155969,10,0.025,0.15,0.957563336886588,1.0,0.9420117918541012,0.951734782101245,0.9435816796335426,0.9570053610272422,0.9434070503332754,0.9502104517348683,0.9493448134763011,0.9511047290803889,0.9538770988078796,0.9494871836633643
4,2,1.996988122029738,0.2817134629229662,4167,2.2218919822147916,0.2733812949640288,834,2.2155799352670016,0.2747,0.9739334900602631,0.08324643135177581,,,0.95,,0.9500173293063326,0.04998267069366735,0.9829227029339357,0.1465272596155969,10,0.025,0.15,0.9523756862382929,0.9420117918541012,1.0,0.9534822445092773,0.943083035711807,0.944046297425697,0.9456274461618356,0.9523865740488189,0.9442845047575953,0.9463124655781463,0.9482172597899565,0.9448259121234284
4,3,1.9755883621447015,0.291384689224862,4167,2.207897594996861,0.2949640287769784,834,2.2156517867800556,0.2751,0.9803308192090602,0.08351947029719316,,,0.95,,0.9500173293063326,0.04998267069366735,0.9829227029339357,0.1465272596155969,10,0.025,0.15,0.9552383372287634,0.951734782101245,0.9534822445092773,1.0,0.9543497762847869,0.9552503497228632,0.9508877566763398,0.9548373214931822,0.9556064369328358,0.9529871296859338,0.954384663558646,0.9528468904029955
4,4,1.9812048055908897,0.28389728821694266,4167,2.2077865600585938,0.2809123649459784,833,2.2156006686295133,0.2747,0.9755699789788097,0.08327380917750109,,,0.95,,0.9500173293063326,0.04998267069366735,0.9829227029339357,0.1465272596155969,10,0.025,0.15,0.9518732509475875,0.9435816796335426,0.943083035711807,0.9543497762847869,1.0,0.9538317252563562,0.94846508587505,0.9451013414809784,0.951590199459897,0.9465158359963292,0.9498634734001655,0.9475999398582272
4,5,1.9883096080837828,0.2985121190304776,4167,2.2136009420667375,0.2737094837935174,833,2.2157047851176204,0.275,0.9790663338614328,0.08336983083976791,,,0.95,,0.9500173293063326,0.04998267069366735,0.9829227029339357,0.1465272596155969,10,0.025,0.15,0.9521090786039492,0.9570053610272422,0.944046297425697,0.9552503497228632,0.9538317252563562,1.0,0.9502660197303787,0.9541073384234665,0.9519883396654,0.9528292307331104,0.9522249817849161,0.9532261335473263
4,6,1.986880312905167,0.28293736501079914,4167,2.2090956142970493,0.3037214885954382,833,2.215604314321204,0.2747,0.9740072067908407,0.08321216463617456,,,0.95,,0.9500173293063326,0.04998267069366735,0.9829227029339357,0.1465272596155969,10,0.025,0.15,0.9509984964155509,0.9434070503332754,0.9456274461618356,0.9508877566763398,0.94846508587505,0.9502660197303787,1.0,0.9444769485659272,0.9455203718181011,0.9490626300175105,0.9460593952572725,0.9428074885518068
4,7,1.9944503238706879,0.28586513078953685,4167,2.221374409539359,0.26410564225690275,833,2.2156633606439904,0.2752,0.977365025641189,0.08324018955133444,,,0.95,,0.9500173293063326,0.04998267069366735,0.9829227029339357,0.1465272596155969,10,0.025,0.15,0.9587071930007102,0.9502104517348683,0.9523865740488189,0.9548373214931822,0.9451013414809784,0.9541073384234665,0.9444769485659272,1.0,0.9468646026665305,0.946605844815846,0.9512886316704857,0.952357596413821
4,8,1.979159267020948,0.2889582333173308,4166,2.2116153240203857,0.2737094837935174,833,2.215608237664911,0.2749,0.9757957560588163,0.08326099550552983,,,0.95,,0.9500173293063326,0.04998267069366735,0.9829227029339357,0.1465272596155969,10,0.025,0.15,0.9521911052562181,0.9493448134763011,0.9442845047575953,0.9556064369328358,0.951590199459897,0.9519883396654,0.9455203718181011,0.9468646026665305,1.0,0.9490229247092052,0.9479424714640953,0.9441828111478844
4,9,1.959272768641963,0.3044887181949112,4166,2.2200849737439836,0.24969987995198079,833,2.2160625729379775,0.2747,0.9755586283225942,0.08298662643642109,,,0.95,,0.9500173293063326,0.04998267069366735,0.9829227029339357,0.1465272596155969,10,0.025,0.15,0.9500428951364533,0.9511047290803889,0.9463124655781463,0.9529871296859338,0.9465158359963292,0.9528292307331104,0.9490626300175105,0.946605844815846,0.9490229247092052,1.0,0.9492758624821855,0.9422741644722403
4,10,1.9939904129866397,0.2844935189630341,4166,2.2188007831573486,0.2773109243697479,833,2.2155881803246995,0.2747,0.9777999672369861,0.08347707431106309,,,0.95,,0.9500173293063326,0.04998267069366735,0.9829227029339357,0.1465272596155969,10,0.025,0.15,0.9550215006832444,0.9538770988078796,0.9482172597899565,0.954384663558646,0.9498634734001655,0.9522249817849161,0.9460593952572725,0.9512886316704857,0.9479424714640953,0.9492758624821855,1.0,0.9537045025489341
4,11,1.9912247332659634,0.28742198751800285,4166,2.2184814725603377,0.2605042016806723,833,2.2155810579468933,0.2747,0.9757783007534181,0.08339026254494679,,,0.95,,0.9500173293063326,0.04998267069366735,0.9829227029339357,0.1465272596155969,10,0.025,0.15,0.9548311680659327,0.9494871836633643,0.9448259121234284,0.9528468904029955,0.9475999398582272,0.9532261335473263,0.9428074885518068,0.952357596413821,0.9441828111478844,0.9422741644722403,0.9537045025489341,1.0
5,0,1.9460475889119235,0.30182385409167267,4167,2.1778018133980885,0.3117505995203837,834,2.182780582693559,0.2904,0.9788440203779134,0.08364765292428789,,,0.95,,0.9500173293063326,0.04998267069366735,0.9877749713157266,0.14627723444009577,10,0.025,0.15,1.0,0.9567503121062518,0.949715024612474,0.952095760290309,0.9484076580736378,0.9469464135150043,0.9483167860944396,0.9570635579827265,0.9489448242035542,0.9466507994852621,0.948812580893158,0.9507736177978118
5,1,1.9483807639642194,0.30407967362610994,4167,2.1921451091766357,0.2733812949640288,834,2.182776420931273,0.2904,0.9762883002330145,0.08339475167738937,,,0.95,,0.9500173293063326,0.04998267069366735,0.9877749713157266,0.14627723444009577,10,0.025,0.15,0.9567503121062518,1.0,0.9406739517369807,0.9488672913645168,0.9415805757492397,0.9554667685146101,0.9418781784634495,0.9467285654315947,0.9462904504243623,0.9474440302748314,0.9516129096802494,0.9473856418175499
5,2,1.9574920694033304,0.298368130549556,4167,2.190653460366385,0.27697841726618705,834,2.182769494720652,0.2904,0.9724059541650205,0.08318904741414901,,,0.95,,0.9500173293063326,0.04998267069366735,0.9877749713157266,0.14627723444009577,10,0.025,0.15,0.949715024612474,0.9406739517369807,1.0,0.9486191290761465,0.9412922125318479,0.940091402081335,0.9406017852444694,0.9477343290505896,0.9404658284679352,0.9431710933801138,0.9452417579173046,0.9417560975576507
5,3,1.9346078063502457,0.30458363330933524,4167,2.173118455069406,0.30455635491606714,834,2.1828640563578547,0.2902,0.9782565147114787,0.08354857521842682,,,0.95,,0.9500173293063326,0.04998267069366735,0.9877749713157266,0.14627723444009577,10,0.025,0.15,0.952095760290309,0.9488672913645168,0.9486191290761465,1.0,0.9501896427292944,0.9533902784368675,0.9447286832449013,0.9511109153877731,0.9506395298903657,0.9482476381471998,0.9507704647985536,0.9490123906142381
5,4,1.9428415424896008,0.2933765298776098,4167,2.1738795212336948,0.29891956782713086,833,2.182797628112986,0.2903,0.9746235136764313,0.08327821811601249,,,0.95,,0.9500173293063326,0.04998267069366735,0.9877749713157266,0.14627723444009577,10,0.025,0.15,0.9484076580736378,0.9415805757492397,0.9412922125318479,0.9501896427292944,1.0,0.9516544020490451,0.9453779786937725,0.9430768374605382,0.9476746913244354,0.9447993829922934,0.9465126082192294,0.9447342562455266
5,5,1.9452653288841248,0.3093832493400528,4167,2.1809779575892856,0.29891956782713086,833,2.182927828800829,0.2903,0.9776269482612356,0.08343546559542751,,,0.95,,0.9500173293063326,0.04998267069366735,0.9877749713157266,0.14627723444009577,10,0.025,0.15,0.9469464135150043,0.9554667685146101,0.940091402081335,0.9533902784368675,0.9516544020490451,1.0,0.9462234203543833,0.9506668128479823,0.9474753951352167,0.9487767096720463,0.949768523551989,0.9499385542509614
5,6,1.9434188412897515,0.2966882649388049,4167,2.174225398472377,0.3169267707082833,833,2.1828027043161513,0.2903,0.9718764736753769,0.08315059585533639,,,0.95,,0.9500173293063326,0.04998267069366735,0.9877749713157266,0.14627723444009577,10,0.025,0.15,0.9483167860944396,0.9418781784634495,0.9406017852444694,0.9447286832449013,0.9453779786937725,0.9462234203543833,1.0,0.9429378234325797,0.9400874023363733,0.9444953628204025,0.9411187267463064,0.9374482631642301
5,7,1.950444393085711,0.30220782337413005,4167,2.189284222466605,0.2845138055222089,833,2.18288288538969,0.2899,0.9757818872473298,0.08329514199747136,,,0.95,,0.9500173293063326,0.04998267069366735,0.9877749713157266,0.14627723444009577,10,0.025,0.15,0.9570635579827265,0.9467285654315947,0.9477343290505896,0.9511109153877731,0.9430768374605382,0.9506668128479823,0.9429378234325797,1.0,0.9429034054092892,0.9407736265079188,0.9463133657410148,0.9495119885503975
5,8,1.9358627723925041,0.3027844455112818,4166,2.178454671587263,0.2893157262905162,833,2.182809392108193,0.2901,0.9733995167317194,0.0832304216740558,,,0.95,,0.9500173293063326,0.04998267069366735,0.9877749713157266,0.14627723444009577,10,0.025,0.15,0.9489448242035542,0.9462904504243623,0.9404658284679352,0.9506395298903657,0.9476746913244354,0.9474753951352167,0.9400874023363733,0.9429034054092892,1.0,0.9443333140135425,0.9435558476927184,0.9386091356346504
5,9,1.917071461316311,0.31908305328852615,4166,2.187903949192592,0.2725090036014406,833,2.1833772900738295,0.2903,0.9734458341968504,0.08306213757520635,,,0.95,,0.9500173293063326,0.04998267069366735,0.9877749713157266,0.14627723444009577,10,0.025,0.15,0.9466507994852621,0.9474440302748314,0.9431710933801138,0.9482476381471998,0.9447993829922934,0.9487767096720463,0.9444953628204025,0.9407736265079188,0.9443333140135425,1.0,0.9445995022445611,0.9384296677175827
5,10,1.9515407107093117,0.3006000960153625,4166,2.1860431603022983,0.2797118847539016,833,2.182779991174046,0.2904,0.9757191443531188,0.0834396940212873,,,0.95,,0.9500173293063326,0.04998267069366735,0.9877749713157266,0.14627723444009577,10,0.025,0.15,0.948812580893158,0.9516129096802494,0.9452417579173046,0.9507704647985536,0.9465126082192294,0.949768523551989,0.9411187267463064,0.9463133657410148,0.9435558476927184,0.9445995022445611,1.0,0.949671646503366
5,11,1.948254065802603,0.2970475276044167,4166,2.185753379549299,0.2785114045618247,833,2.1827709493757803,0.2904,0.9739484610188871,0.08332829793094984,,,0.95,,0.9500173293063326,0.04998267069366735,0.9877749713157266,0.14627723444009577,10,0.025,0.15,0.9507736177978118,0.9473856418175499,0.9417560975576507,0.9490123906142381,0.9447342562455266,0.9499385542509614,0.9374482631642301,0.9495119885503975,0.9386091356346504,0.9384296677175827,0.949671646503366,1.0
6,0,1.904857502561627,0.31663066954643626,4167,2.139951467514038,0.3225419664268585,834,2.1461253347276132,0.3009,0.9757650250982953,0.0836092449958082,,,0.95,,0.9500173293063326,0.04998267069366735,0.990225445847288,0.14599025067984936,10,0.025,0.15,1.0,0.9500305287441684,0.944036212694942,0.9481352436530628,0.9432407959816894,0.9410097097201183,0.9417958059173034,0.9523413411382604,0.94368391919727,0.9429056919816746,0.9429433811147174,0.9459048551862975
6,1,1.9063860723466584,0.31943844492440604,4167,2.157407964978899,0.2841726618705036,834,2.146119920513298,0.3011,0.9728412538079453,0.08335731933079543,,,0.95,,0.9500173293063326,0.04998267069366735,0.990225445847288,0.14599025067984936,10,0.025,0.15,0.9500305287441684,1.0,0.9335682230635722,0.9423892555083255,0.9356366022572138,0.9504520252178779,0.9380518248807277,0.9421768861899061,0.9406335223579637,0.9449226127041853,0.9438684177379095,0.9402701471164939
6,2,1.9178631554950367,0.31087113030957525,4167,2.1556446892874583,0.29136690647482016,834,2.146111053756521,0.3013,0.9705965857795659,0.08315675884026587,,,0.95,,0.9500173293063326,0.04998267069366735,0.990225445847288,0.14599025067984936,10,0.025,0.15,0.944036212694942,0.9335682230635722,1.0,0.9451727690146721,0.9388979947098429,0.9354132103655769,0.9369228564057491,0.9443602208860404,0.9371763513097165,0.9402642326421166,0.9410147661309038,0.9391397165170529
6,3,1.8910659743077827,0.31929445644348453,4167,2.134545462472098,0.31774580335731417,834,2.1462354871291147,0.3008,0.9761744451173374,0.08356123027803443,,,0.95,,0.9500173293063326,0.04998267069366735,0.990225445847288,0.14599025067984936,10,0.025,0.15,0.9481352436530628,0.9423892555083255,0.9451727690146721,1.0,0.9451281949265891,0.9479645439998163,0.9405351895055466,0.9499356043079553,0.9462542440594827,0.9433213004988584,0.9467570793158764,0.9452735384691681
6,4,1.8985252803022212,0.31003119750419966,4167,2.1360906192234586,0.29891956782713086,833,2.14614787282823,0.3009,0.9730691884753897,0.08329257844448443,,,0.95,,0.9500173293063326,0.04998267069366735,0.990225445847288,0.14599025067984936,10,0.025,0.15,0.9432407959816894,0.9356366022572138,0.9388979947098429,0.9451281949265891,1.0,0.9478482725282947,0.942571002383378,0.9408508696016136,0.9447885607990568,0.942981417941587,0.9414791837796154,0.941371464337478
6,5,1.9027904250405052,0.3244060475161987,4167,2.1446895599365234,0.31212484993997597,833,2.146314011344427,0.3007,0.9755152962379958,0.08346969511753004,,,0.95,,0.9500173293063326,0.04998267069366735,0.990225445847288,0.14599025067984936,10,0.025,0.15,0.9410097097201183,0.9504520252178779,0.9354132103655769,0.9479645439998163,0.9478482725282947,1.0,0.9434656331031271,0.947527155407754,0.9456323035533479,0.9440445578293676,0.9443398423164012,0.9455577833026909
6,6,1.908520103223396,0.30885529157667385,4167,2.1352502277919223,0.3217286914765906,833,2.1461548714698115,0.3009,0.9707701814597802,0.08313860378069729,,,0.95,,0.9500173293063326,0.04998267069366735,0.990225445847288,0.14599025067984936,10,0.025,0.15,0.9417958059173034,0.9380518248807277,0.9369228564057491,0.9405351895055466,0.942571002383378,0.9434656331031271,1.0,0.9412050266910374,0.9383439734288056,0.9432712806470267,0.9363775990305999,0.9355081080362389
6,7,1.9080872860821811,0.31631869450443967,4167,2.1532026699611118,0.30012004801920766,833,2.146262543110908,0.3004,0.9749942846440697,0.08336580867669743,,,0.95,,0.9500173293063326,0.04998267069366735,0.990225445847288,0.14599025067984936,10,0.025,0.15,0.9523413411382604,0.9421768861899061,0.9443602208860404,0.9499356043079553,0.9408508696016136,0.947527155407754,0.9412050266910374,1.0,0.9410006182554406,0.9380749604095594,0.9430690257022128,0.9466573521736023
6,8,1.8941725066213897,0.3161305808929429,4166,2.141822406223842,0.28691476590636256,833,2.146165183827847,0.301,0.9720670350921787,0.08323031210282167,,,0.95,,0.9500173293063326,0.04998267069366735,0.990225445847288,0.14599025067984936,10,0.025,0.15,0.94368391919727,0.9406335223579637,0.9371763513097165,0.9462542440594827,0.9447885607990568,0.9456323035533479,0.9383439734288056,0.9410006182554406,1.0,0.9415642406592105,0.9393435258875203,0.9346802950366547
6,9,1.876707995299137,0.3311329812770043,4166,2.1520088400159563,0.2785114045618247,833,2.1468599868726126,0.3012,0.9721824851630698,0.08312985508370806,,,0.95,,0.9500173293063326,0.04998267069366735,0.990225445847288,0.14599025067984936,10,0.025,0.15,0.9429056919816746,0.9449226127041853,0.9402642326421166,0.9433213004988584,0.942981417941587,0.9440445578293676,0.9432712806470267,0.9380749604095594,0.9415642406592105,1.0,0.9400104179153141,0.9332291971575712
6,10,1.909978866215908,0.31332213154104654,4166,2.148953233446394,0.2929171668667467,833,2.1461239857009695,0.301,0.9731446153608484,0.08339504076823971,,,0.95,,0.9500173293063326,0.04998267069366735,0.990225445847288,0.14599025067984936,10,0.025,0.15,0.9429433811147174,0.9438684177379095,0.9410147661309038,0.9467570793158764,0.9414791837796154,0.9443398423164012,0.9363775990305999,0.9430690257022128,0.9393435258875203,0.9400104179153141,1.0,0.9463288117144422
