round,client_id,client_i_training_loss,client_i_training_accuracy,client_i_training_dataset_size,client_i_evaluation_loss,client_i_evaluation_accuracy,client_i_evaluation_dataset_size,client_i_central_evaluation_loss,client_i_central_evaluation_accuracy,client_i_cosine_similarity,client_i_importance_coefficient,client_i_tanh_val,tanh_normalization_value,client_i_q,client_i_mask_order,client_i_v_nonzero_fraction,client_i_v_sparsity,client_i_v_cosine_similarity,client_i_reward_gradient_norm,local_epochs,learning_rate,gamma,client_0_cosine_similarity,client_1_cosine_similarity,client_2_cosine_similarity,client_3_cosine_similarity,client_4_cosine_similarity,client_5_cosine_similarity,client_6_cosine_similarity,client_7_cosine_similarity,client_8_cosine_similarity,client_9_cosine_similarity,client_10_cosine_similarity,client_11_cosine_similarity
0,0,2.202032736456318,0.32568,5000,2.262487349686799,0.23860911270983212,834,2.26423722029494,0.2179,0.996516656205555,0.08331158061180552,,,0.99,,0.9900107286803723,0.00998927131962768,0,0.09967768543818835,5,0.001,0.1,1.0,0.9929383509788879,0.9925303990564832,0.9936219423705749,0.991742791560485,0.9931609175663567,0.9913514003927107,0.9900607579132275,0.9931767812865849,0.991225851206473,0.9945865833528381,0.9952609968815547
0,1,2.2016361840970955,0.3418,5000,2.265464923999928,0.21103117505995203,834,2.26423722029494,0.2179,0.9971093784715411,0.08336113385161904,,,0.99,,0.9900107286803723,0.00998927131962768,0,0.09967768543818835,5,0.001,0.1,0.9929383509788879,1.0,0.9916300615275635,0.994500651703874,0.9920050055061489,0.9943847620495153,0.9920494483009554,0.994612477718207,0.9939705363981916,0.99424043844644,0.9923766725881974,0.9940381097903244
0,2,2.205956885769109,0.33844,5000,2.2584354700865568,0.2278177458033573,834,2.26423722029494,0.2179,0.99671163019129,0.08332788098253051,,,0.99,,0.9900107286803723,0.00998927131962768,0,0.09967768543818835,5,0.001,0.1,0.9925303990564832,0.9916300615275635,1.0,0.9913492318859539,0.9948582546509391,0.9939821990527286,0.9937909479635917,0.9931232480331085,0.9943334793129608,0.9944107656900874,0.9906338543659357,0.9913464777814356
0,3,2.2057563488650476,0.31476,5000,2.262683621159306,0.22541966426858512,834,2.26423722029494,0.2179,0.9960430354895463,0.08327198459480424,,,0.99,,0.9900107286803723,0.00998927131962768,0,0.09967768543818835,5,0.001,0.1,0.9936219423705749,0.994500651703874,0.9913492318859539,1.0,0.9905707498084233,0.9944505760869923,0.9900020839202985,0.9925046846952192,0.9939432469922157,0.9909829409951078,0.9911166849910696,0.9909488494895438
0,4,2.2050384958838203,0.35856,5000,2.2649698345749467,0.20888355342136855,833,2.26423722029494,0.2179,0.99661427797415,0.08331974206479592,,,0.99,,0.9900107286803723,0.00998927131962768,0,0.09967768543818835,5,0.001,0.1,0.991742791560485,0.9920050055061489,0.9948582546509391,0.9905707498084233,1.0,0.9937080388741394,0.9954728009094386,0.9930143671656942,0.9949091183697056,0.9934730887315021,0.9897372999029629,0.9913329421930055
0,5,2.2046527649946275,0.34268,5000,2.261767131310922,0.20528211284513806,833,2.26423722029494,0.2179,0.9977616267149194,0.08341566362969022,,,0.99,,0.9900107286803723,0.00998927131962768,0,0.09967768543818835,5,0.001,0.1,0.9931609175663567,0.9943847620495153,0.9939821990527286,0.9944505760869923,0.9937080388741394,1.0,0.9931335931681443,0.9954553823934607,0.9958651971133978,0.9956098067469584,0.9917529622776621,0.9930448314922876
0,6,2.2070615829176203,0.37048,5000,2.2616443898942737,0.21608643457382953,833,2.26423722029494,0.2179,0.9961919533040428,0.08328443454075315,,,0.99,,0.9900107286803723,0.00998927131962768,0,0.09967768543818835,5,0.001,0.1,0.9913514003927107,0.9920494483009554,0.9937909479635917,0.9900020839202985,0.9954728009094386,0.9931335931681443,1.0,0.9923071516621068,0.9924676853016262,0.9932266381271053,0.9898934717311012,0.9920776745097957
0,7,2.204793930053711,0.36148,5000,2.2646294434865317,0.20768307322929172,833,2.26423722029494,0.2179,0.9967019349739086,0.08332707043523119,,,0.99,,0.9900107286803723,0.00998927131962768,0,0.09967768543818835,5,0.001,0.1,0.9900607579132275,0.994612477718207,0.9931232480331085,0.9925046846952192,0.9930143671656942,0.9954553823934607,0.9923071516621068,1.0,0.9946859126310045,0.9960385545076998,0.9878450780242161,0.9922253371566225
0,8,2.204629457984001,0.33976,5000,2.2704320307131165,0.20888355342136855,833,2.26423722029494,0.2179,0.9979256994268176,0.0834293805674638,,,0.99,,0.9900107286803723,0.00998927131962768,0,0.09967768543818835,5,0.001,0.1,0.9931767812865849,0.9939705363981916,0.9943334793129608,0.9939432469922157,0.9949091183697056,0.9958651971133978,0.9924676853016262,0.9946859126310045,1.0,0.9958934438785647,0.9930024330446096,0.9942629589511318
0,9,2.2045070383958754,0.36484,5000,2.26040099285267,0.22929171668667467,833,2.26423722029494,0.2179,0.9974445841464787,0.08338915798391547,,,0.99,,0.9900107286803723,0.00998927131962768,0,0.09967768543818835,5,0.001,0.1,0.991225851206473,0.99424043844644,0.9944107656900874,0.9909829409951078,0.9934730887315021,0.9956098067469584,0.9932266381271053,0.9960385545076998,0.9958934438785647,1.0,0.9918871802041148,0.9937673097509943
0,10,2.20774217016378,0.3292,5000,2.2634707203617803,0.2304921968787515,833,2.26423722029494,0.2179,0.9955038923908132,0.08322691072328219,,,0.99,,0.9900107286803723,0.00998927131962768,0,0.09967768543818835,5,0.001,0.1,0.9945865833528381,0.9923766725881974,0.9906338543659357,0.9911166849910696,0.9897372999029629,0.9917529622776621,0.9898934717311012,0.9878450780242161,0.9930024330446096,0.9918871802041148,1.0,0.9947105584087043
0,11,2.204531892393805,0.32752,5000,2.264519108666314,0.20528211284513806,833,2.26423722029494,0.2179,0.996797500900869,0.08333506001410888,,,0.99,,0.9900107286803723,0.00998927131962768,0,0.09967768543818835,5,0.001,0.1,0.9952609968815547,0.9940381097903244,0.9913464777814356,0.9909488494895438,0.9913329421930055,0.9930448314922876,0.9920776745097957,0.9922253371566225,0.9942629589511318,0.9937673097509943,0.9947105584087043,1.0
1,0,2.0593349450712752,0.394,5000,2.2065252551326044,0.39688249400479614,834,2.209546555345432,0.366,0.9980727621106035,0.0833135648692771,,,0.99,,0.9900107286803723,0.00998927131962768,0.9502343163325707,0.09982720316370396,5,0.001,0.1,1.0,0.9961670581731824,0.9956853376223765,0.9970665275221532,0.9957963821053767,0.9964823076587473,0.9957214756109608,0.9941338585082662,0.9959033788528323,0.995197422625848,0.9969062282314083,0.9971203565358089
1,1,2.0520608235316673,0.43844,5000,2.212547505343402,0.3800959232613909,834,2.209546555345432,0.366,0.9984883534986927,0.0833573716882962,,,0.99,,0.9900107286803723,0.00998927131962768,0.9502343163325707,0.09982720316370396,5,0.001,0.1,0.9961670581731824,1.0,0.9953190063557946,0.9963498570620138,0.996103440070079,0.9970489438050042,0.9961300436478138,0.9960638787188548,0.9967858453264222,0.9974364867147847,0.9966217029344603,0.9971267140635133
1,2,2.0657495729482855,0.44084,5000,2.2015671023616084,0.40167865707434053,834,2.209546555345432,0.366,0.9979259363734333,0.0833188226221607,,,0.99,,0.9900107286803723,0.00998927131962768,0.9502343163325707,0.09982720316370396,5,0.001,0.1,0.9956853376223765,0.9953190063557946,1.0,0.9956186953869001,0.9968372984962347,0.9960581653840285,0.9966061164797435,0.9951765845306515,0.9959430054336136,0.9968775982920884,0.9951209446109249,0.9951748657851118
1,3,2.0629522442058392,0.40716,5000,2.208296201847218,0.35611510791366907,834,2.209546555345432,0.366,0.9979466974854553,0.08328521077437544,,,0.99,,0.9900107286803723,0.00998927131962768,0.9502343163325707,0.09982720316370396,5,0.001,0.1,0.9970665275221532,0.9963498570620138,0.9956186953869001,1.0,0.9952405898951927,0.9967210320141282,0.9957594080202609,0.9946488500477119,0.9962058692296021,0.9953469699364216,0.9959734816691032,0.995738342915345
1,4,2.062395537279214,0.46372,5000,2.2070524957444935,0.3637454981992797,833,2.209546555345432,0.366,0.9983877251773834,0.08332873729870441,,,0.99,,0.9900107286803723,0.00998927131962768,0.9502343163325707,0.09982720316370396,5,0.001,0.1,0.9957963821053767,0.996103440070079,0.9968372984962347,0.9952405898951927,1.0,0.996405174296555,0.997201719760157,0.9962596713212121,0.9976014593688434,0.9971768689199403,0.9955100555492067,0.9958151062134021
1,5,2.0612124090741393,0.4414,5000,2.2076672624658653,0.3673469387755102,833,2.209546555345432,0.366,0.9987002420396028,0.08339765522717345,,,0.99,,0.9900107286803723,0.00998927131962768,0.9502343163325707,0.09982720316370396,5,0.001,0.1,0.9964823076587473,0.9970489438050042,0.9960581653840285,0.9967210320141282,0.996405174296555,1.0,0.9964446967489341,0.9964199577484366,0.9972812205487032,0.9977202490482006,0.9965004814182314,0.9966068447373247
1,6,2.0668238348262324,0.47376,5000,2.207476986779107,0.3445378151260504,833,2.209546555345432,0.366,0.9981933073406882,0.08330080697614646,,,0.99,,0.9900107286803723,0.00998927131962768,0.9502343163325707,0.09982720316370396,5,0.001,0.1,0.9957214756109608,0.9961300436478138,0.9966061164797435,0.9957594080202609,0.997201719760157,0.9964446967489341,1.0,0.9953851376190312,0.9961786817142376,0.9968633748988255,0.995645784992107,0.9956857886656445
1,7,2.061935488737313,0.45708,5000,2.2112106305581554,0.35414165666266506,833,2.209546555345432,0.366,0.9977293532445939,0.08331197986637513,,,0.99,,0.9900107286803723,0.00998927131962768,0.9502343163325707,0.09982720316370396,5,0.001,0.1,0.9941338585082662,0.9960638787188548,0.9951765845306515,0.9946488500477119,0.9962596713212121,0.9964199577484366,0.9953851376190312,1.0,0.9971803617134888,0.9973963769206684,0.9937396889571891,0.995652294285756
1,8,2.0594104689397628,0.43164,5000,2.2168344921535916,0.3517406962785114,833,2.209546555345432,0.366,0.9987274810487844,0.08340694727623758,,,0.99,,0.9900107286803723,0.00998927131962768,0.9502343163325707,0.09982720316370396,5,0.001,0.1,0.9959033788528323,0.9967858453264222,0.9959430054336136,0.9962058692296021,0.9976014593688434,0.9972812205487032,0.9961786817142376,0.9971803617134888,1.0,0.9974538383781264,0.9964577603814877,0.9970232699620514
1,9,2.0604926396327414,0.45452,5000,2.2057326634724936,0.3577430972388956,833,2.209546555345432,0.366,0.9987118985865626,0.08338177522605425,,,0.99,,0.9900107286803723,0.00998927131962768,0.9502343163325707,0.09982720316370396,5,0.001,0.1,0.995197422625848,0.9974364867147847,0.9968775982920884,0.9953469699364216,0.9971768689199403,0.9977202490482006,0.9968633748988255,0.9973963769206684,0.9974538383781264,1.0,0.9958066995048339,0.9965514893618344
1,10,2.0676346791018347,0.40628,5000,2.207861299867983,0.36614645858343337,833,2.209546555345432,0.366,0.9980133370579325,0.08325971746293515,,,0.99,,0.9900107286803723,0.00998927131962768,0.9502343163325707,0.09982720316370396,5,0.001,0.1,0.9969062282314083,0.9966217029344603,0.9951209446109249,0.9959734816691032,0.9955100555492067,0.9965004814182314,0.995645784992107,0.9937396889571891,0.9964577603814877,0.9958066995048339,1.0,0.9971865998346258
1,11,2.0644279578688796,0.41236,5000,2.209717282542476,0.3517406962785114,833,2.209546555345432,0.366,0.9983653800956573,0.08333741071226437,,,0.99,,0.9900107286803723,0.00998927131962768,0.9502343163325707,0.09982720316370396,5,0.001,0.1,0.9971203565358089,0.9971267140635133,0.9951748657851118,0.995738342915345,0.9958151062134021,0.9966068447373247,0.9956857886656445,0.995652294285756,0.9970232699620514,0.9965514893618344,0.9971865998346258,1.0
2,0,1.8681105622820033,0.47216,5000,2.1365298253518565,0.473621103117506,834,2.140766926085987,0.4535,0.998206641681518,0.08330520710620933,,,0.99,,0.9900107286803723,0.00998927131962768,0.9851287856384279,0.09987026083969205,5,0.001,0.1,1.0,0.9965028354035925,0.9968990712867171,0.9967858144180446,0.9958641772095072,0.9969807659269346,0.9959734536224775,0.9956344075810712,0.9969598690932966,0.9963188984479788,0.9974237258701806,0.9975966614248507
2,1,1.8539453646179977,0.51224,5000,2.145181982605546,0.46642685851318944,834,2.140766926085987,0.4535,0.9987619001034524,0.08334999050144062,,,0.99,,0.9900107286803723,0.00998927131962768,0.9851287856384279,0.09987026083969205,5,0.001,0.1,0.9965028354035925,1.0,0.9969229285690624,0.9966184758657822,0.9967089986044039,0.9975365346236824,0.996820366770863,0.99732542850153,0.9976741564318602,0.9981446789626544,0.9975431983917327,0.9977933884364231
2,2,1.8746194631430753,0.51268,5000,2.1301829638304532,0.4952038369304556,834,2.140766926085987,0.4535,0.9987833284917074,0.0833270433675441,,,0.99,,0.9900107286803723,0.00998927131962768,0.9851287856384279,0.09987026083969205,5,0.001,0.1,0.9968990712867171,0.9969229285690624,1.0,0.9969962519462777,0.9975036130105556,0.9974468943475306,0.9973107863077919,0.9970270884992084,0.9977548134314598,0.9978134164866514,0.9969439946253636,0.9972305220947566
2,3,1.8733340412188488,0.47996,5000,2.1398562060462103,0.44964028776978415,834,2.140766926085987,0.4535,0.9984467504978589,0.08329556939510918,,,0.99,,0.9900107286803723,0.00998927131962768,0.9851287856384279,0.09987026083969205,5,0.001,0.1,0.9967858144180446,0.9966184758657822,0.9969962519462777,1.0,0.996839728835563,0.9973235885341971,0.997178387543236,0.9971528201026314,0.9976740346782669,0.9959119214554931,0.9967768624290747,0.9965601721506082
2,4,1.8701458911227573,0.5298,5000,2.135150852026763,0.4561824729891957,833,2.140766926085987,0.4535,0.9986229087498721,0.0833279457276108,,,0.99,,0.9900107286803723,0.00998927131962768,0.9851287856384279,0.09987026083969205,5,0.001,0.1,0.9958641772095072,0.9967089986044039,0.9975036130105556,0.996839728835563,1.0,0.9972478777574887,0.9978797018797105,0.9975249758518046,0.9980202611992479,0.9973951834475033,0.9962796878682815,0.9966620168886617
2,5,1.8677897108588248,0.5044,5000,2.1391396522521973,0.44537815126050423,833,2.140766926085987,0.4535,0.9989686340096056,0.08338136500595153,,,0.99,,0.9900107286803723,0.00998927131962768,0.9851287856384279,0.09987026083969205,5,0.001,0.1,0.9969807659269346,0.9975365346236824,0.9974468943475306,0.9973235885341971,0.9972478777574887,1.0,0.9973705094496794,0.9978225968802309,0.9978857453609781,0.9978590490032914,0.9971207115450934,0.9974737199239353
2,6,1.87683789881931,0.52856,5000,2.138953350208424,0.42857142857142855,833,2.140766926085987,0.4535,0.9986206944154268,0.0833107470746181,,,0.99,,0.9900107286803723,0.00998927131962768,0.9851287856384279,0.09987026083969205,5,0.001,0.1,0.9959734536224775,0.996820366770863,0.9973107863077919,0.997178387543236,0.9978797018797105,0.9973705094496794,1.0,0.9975039121492909,0.997363334499775,0.9971153266842971,0.9965702959105399,0.9968153689468094
2,7,1.8691037706508757,0.51516,5000,2.1444251713929354,0.4309723889555822,833,2.140766926085987,0.4535,0.9986495467523285,0.08331852960441623,,,0.99,,0.9900107286803723,0.00998927131962768,0.9851287856384279,0.09987026083969205,5,0.001,0.1,0.9956344075810712,0.99732542850153,0.9970270884992084,0.9971528201026314,0.9975249758518046,0.9978225968802309,0.9975039121492909,1.0,0.9976932391908397,0.9977688520095648,0.9957088567946357,0.9970826064835784
2,8,1.8661268692867012,0.50544,5000,2.1497051274334944,0.43937575030012005,833,2.140766926085987,0.4535,0.9991389485090323,0.08339255977149983,,,0.99,,0.9900107286803723,0.00998927131962768,0.9851287856384279,0.09987026083969205,5,0.001,0.1,0.9969598690932966,0.9976741564318602,0.9977548134314598,0.9976740346782669,0.9980202611992479,0.9978857453609781,0.997363334499775,0.9976932391908397,1.0,0.9978590407463499,0.9974851355901739,0.9977397764087653
2,9,1.8648545819482985,0.52024,5000,2.1363252180593983,0.44537815126050423,833,2.140766926085987,0.4535,0.9988708257215392,0.08336847051969316,,,0.99,,0.9900107286803723,0.00998927131962768,0.9851287856384279,0.09987026083969205,5,0.001,0.1,0.9963188984479788,0.9981446789626544,0.9978134164866514,0.9959119214554931,0.9973951834475033,0.9978590490032914,0.9971153266842971,0.9977688520095648,0.9978590407463499,1.0,0.9969787677740849,0.9977297862858573
2,10,1.8786174487156473,0.48472,5000,2.1377110657868563,0.453781512605042,833,2.140766926085987,0.4535,0.9985191580056135,0.08328227351046455,,,0.99,,0.9900107286803723,0.00998927131962768,0.9851287856384279,0.09987026083969205,5,0.001,0.1,0.9974237258701806,0.9975431983917327,0.9969439946253636,0.9967768624290747,0.9962796878682815,0.9971207115450934,0.9965702959105399,0.9957088567946357,0.9974851355901739,0.9969787677740849,1.0,0.9978544475899607
2,11,1.8735518539027802,0.48888,5000,2.1409156101721303,0.45738295318127253,833,2.140766926085987,0.4535,0.9988408548860382,0.08334029841544262,,,0.99,,0.9900107286803723,0.00998927131962768,0.9851287856384279,0.09987026083969205,5,0.001,0.1,0.9975966614248507,0.9977933884364231,0.9972305220947566,0.9965601721506082,0.9966620168886617,0.9974737199239353,0.9968153689468094,0.9970826064835784,0.9977397764087653,0.9977297862858573,0.9978544475899607,1.0
3,0,1.6832518727916062,0.53408,5000,2.0499170356326633,0.5323741007194245,834,2.055288588277067,0.5124,0.9986836930689375,0.08330730699946491,,,0.99,,0.9900107286803723,0.00998927131962768,0.99404244296733,0.09989558198972798,5,0.001,0.1,1.0,0.9970336855195381,0.9972076065228445,0.9980819312408353,0.9974058958270525,0.9975996462148927,0.9974382191142902,0.9971853691377053,0.9975058948665912,0.9969030371279254,0.9975423319970804,0.9977883209755946
3,1,1.661224356274696,0.56304,5000,2.0608540464330605,0.5287769784172662,834,2.055288588277067,0.5124,0.998874635714018,0.08334092791701592,,,0.99,,0.9900107286803723,0.00998927131962768,0.99404244296733,0.09989558198972798,5,0.001,0.1,0.9970336855195381,1.0,0.9973773105358451,0.9973673537369312,0.9974636372820652,0.9975554046378303,0.9975133142541577,0.9978619871195025,0.9980840556532878,0.998243008029384,0.9977172332762348,0.9977612661371056
3,2,1.6880284825707697,0.5578,5000,2.0416443392082497,0.5323741007194245,834,2.055288588277067,0.5124,0.9989911429250474,0.08333061767423108,,,0.99,,0.9900107286803723,0.00998927131962768,0.99404244296733,0.09989558198972798,5,0.001,0.1,0.9972076065228445,0.9973773105358451,1.0,0.997702204402441,0.998014953346958,0.9978707234352052,0.9980490214192583,0.9976313859100785,0.9979635125296907,0.9982719636816176,0.9975298204302474,0.9977572300779233
3,3,1.6880086633809812,0.53752,5000,2.0543654318209046,0.5107913669064749,834,2.055288588277067,0.5124,0.9988702333721576,0.08330741748903962,,,0.99,,0.9900107286803723,0.00998927131962768,0.99404244296733,0.09989558198972798,5,0.001,0.1,0.9980819312408353,0.9973673537369312,0.997702204402441,1.0,0.9975323281718662,0.9975682309911539,0.9977231569215969,0.997517087466939,0.9979901483003587,0.9971547330463125,0.9976534188990601,0.9976374771432257
3,4,1.6812778668039163,0.5738,5000,2.046501530541314,0.5126050420168067,833,2.055288588277067,0.5124,0.9989203733019862,0.0833288871430584,,,0.99,,0.9900107286803723,0.00998927131962768,0.99404244296733,0.09989558198972798,5,0.001,0.1,0.9974058958270525,0.9974636372820652,0.998014953346958,0.9975323281718662,1.0,0.9974921962073094,0.9981498522445457,0.9975914832679684,0.998167162831748,0.9980208325782342,0.9973405687781847,0.9973485421591262
3,5,1.678443646051322,0.55072,5000,2.0538575251897178,0.48739495798319327,833,2.055288588277067,0.5124,0.9989561148856929,0.08336279465121753,,,0.99,,0.9900107286803723,0.00998927131962768,0.99404244296733,0.09989558198972798,5,0.001,0.1,0.9975996462148927,0.9975554046378303,0.9978707234352052,0.9975682309911539,0.9974921962073094,1.0,0.997741879459037,0.9980080689689337,0.9978867949432467,0.9981475826536714,0.9974880137230367,0.9975959865806762
3,6,1.6883374193671403,0.57084,5000,2.053776423136393,0.4909963985594238,833,2.055288588277067,0.5124,0.999022061920766,0.0833216233750807,,,0.99,,0.9900107286803723,0.00998927131962768,0.99404244296733,0.09989558198972798,5,0.001,0.1,0.9974382191142902,0.9975133142541577,0.9980490214192583,0.9977231569215969,0.9981498522445457,0.997741879459037,1.0,0.9978374254531542,0.9977774802833105,0.9980895487530486,0.9976751208068507,0.9977522139068596
3,7,1.677621891771912,0.55988,5000,2.0615807286015264,0.503001200480192,833,2.055288588277067,0.5124,0.99892710152153,0.08332333076416147,,,0.99,,0.9900107286803723,0.00998927131962768,0.99404244296733,0.09989558198972798,5,0.001,0.1,0.9971853691377053,0.9978619871195025,0.9976313859100785,0.997517087466939,0.9975914832679684,0.9980080689689337,0.9978374254531542,1.0,0.9978621460267464,0.998407708298889,0.996979388511039,0.9977255579480456
3,8,1.6761066013840353,0.55072,5000,2.0667484601338706,0.49939975990396157,833,2.055288588277067,0.5124,0.999195487218322,0.08337738354429308,,,0.99,,0.9900107286803723,0.00998927131962768,0.99404244296733,0.09989558198972798,5,0.001,0.1,0.9975058948665912,0.9980840556532878,0.9979635125296907,0.9979901483003587,0.998167162831748,0.9978867949432467,0.9977774802833105,0.9978621460267464,1.0,0.9982940437742447,0.9980668893282114,0.9982259126710149
3,9,1.6746529355929916,0.56568,5000,2.0498853259616427,0.517406962785114,833,2.055288588277067,0.5124,0.9991518406765065,0.08336120467149288,,,0.99,,0.9900107286803723,0.00998927131962768,0.99404244296733,0.09989558198972798,5,0.001,0.1,0.9969030371279254,0.998243008029384,0.9982719636816176,0.9971547330463125,0.9980208325782342,0.9981475826536714,0.9980895487530486,0.998407708298889,0.9982940437742447,1.0,0.9977694197635373,0.9979987127522963
3,10,1.6932305787019668,0.54196,5000,2.0504340948881925,0.517406962785114,833,2.055288588277067,0.5124,0.9988620213894216,0.08329900009336749,,,0.99,,0.9900107286803723,0.00998927131962768,0.99404244296733,0.09989558198972798,5,0.001,0.1,0.9975423319970804,0.9977172332762348,0.9975298204302474,0.9976534188990601,0.9973405687781847,0.9974880137230367,0.9976751208068507,0.996979388511039,0.9980668893282114,0.9977694197635373,1.0,0.9980671089929164
3,11,1.6854979127076022,0.54568,5000,2.055640732800519,0.5162064825930373,833,2.055288588277067,0.5124,0.9990147137468599,0.08333950567757703,,,0.99,,0.9900107286803723,0.00998927131962768,0.99404244296733,0.09989558198972798,5,0.001,0.1,0.9977883209755946,0.9977612661371056,0.9977572300779233,0.9976374771432257,0.9973485421591262,0.9975959865806762,0.9977522139068596,0.9977255579480456,0.9982259126710149,0.9979987127522963,0.9980671089929164,1.0
4,0,1.5256112225496086,0.57632,5000,1.9470543773085982,0.5779376498800959,834,1.953393488265455,0.5574,0.9987843787150495,0.083313141701092,,,0.99,,0.9900107286803723,0.00998927131962768,0.9970172382518768,0.09989155580198789,5,0.001,0.1,1.0,0.9971532093299329,0.9971862989258862,0.9979674203408126,0.9974996512543672,0.9976797939833175,0.9976198307906186,0.9973047744608565,0.9974409672221553,0.9970113982341818,0.9978061387181213,0.9977469114287397
4,1,1.4995793379795779,0.59392,5000,1.9596942089222096,0.5731414868105515,834,1.953393488265455,0.5574,0.9988554069870561,0.08333604892059453,,,0.99,,0.9900107286803723,0.00998927131962768,0.9970172382518768,0.09989155580198789,5,0.001,0.1,0.9971532093299329,1.0,0.9973839763304575,0.9974747363736465,0.9972712367980403,0.9974193173447832,0.9973774343890661,0.9976464768932161,0.9980636783333343,0.9981017063341647,0.9977148390675782,0.9976592645143846
4,2,1.5273041329566082,0.58968,5000,1.936370262393245,0.579136690647482,834,1.953393488265455,0.5574,0.998891456506196,0.08333089046180502,,,0.99,,0.9900107286803723,0.00998927131962768,0.9970172382518768,0.09989155580198789,5,0.001,0.1,0.9971862989258862,0.9973839763304575,1.0,0.9977131614247444,0.9979688342153806,0.9974729753890884,0.9979063664759688,0.9972839709674938,0.9977417794380657,0.9979877300854463,0.9974571196351091,0.9975963525463699
4,3,1.529297367023055,0.57476,5000,1.952432429348981,0.5479616306954437,834,1.953393488265455,0.5574,0.9989444309418826,0.0833183745922555,,,0.99,,0.9900107286803723,0.00998927131962768,0.9970172382518768,0.09989155580198789,5,0.001,0.1,0.9979674203408126,0.9974747363736465,0.9977131614247444,1.0,0.9977022660987143,0.9975675283551463,0.9978376694076105,0.9976519483260224,0.9979587761611887,0.9972123629691213,0.9976064139342669,0.9976423473738385
4,4,1.52241542331732,0.60388,5000,1.9410544766320124,0.5666266506602641,833,1.953393488265455,0.5574,0.9989060907685118,0.08333030163946624,,,0.99,,0.9900107286803723,0.00998927131962768,0.9970172382518768,0.09989155580198789,5,0.001,0.1,0.9974996512543672,0.9972712367980403,0.9979688342153806,0.9977022660987143,1.0,0.9972964746331445,0.9979813999972932,0.9975109954516437,0.9980226943330966,0.9978698715133105,0.9973047838916744,0.9974458641151195
4,5,1.5161693472771127,0.58596,5000,1.95218089333287,0.5354141656662665,833,1.953393488265455,0.5574,0.9988035468789032,0.08334778313165213,,,0.99,,0.9900107286803723,0.00998927131962768,0.9970172382518768,0.09989155580198789,5,0.001,0.1,0.9976797939833175,0.9974193173447832,0.9974729753890884,0.9975675283551463,0.9972964746331445,1.0,0.9974715857006191,0.997772490821084,0.9976455773303969,0.9977384311237768,0.9971216472756572,0.9974580691143035
4,6,1.5288799350428732,0.59684,5000,1.9522833250187062,0.5354141656662665,833,1.953393488265455,0.5574,0.9989614358220579,0.08332763385705491,,,0.99,,0.9900107286803723,0.00998927131962768,0.9970172382518768,0.09989155580198789,5,0.001,0.1,0.9976198307906186,0.9973774343890661,0.9979063664759688,0.9978376694076105,0.9979813999972932,0.9974715857006191,1.0,0.9975802837146505,0.9975696383342509,0.9978934381823756,0.997619318252756,0.997681061914091
4,7,1.5161976269855622,0.5926,5000,1.9624462127685547,0.5462184873949579,833,1.953393488265455,0.5574,0.9988546604595938,0.08332523494777372,,,0.99,,0.9900107286803723,0.00998927131962768,0.9970172382518768,0.09989155580198789,5,0.001,0.1,0.9973047744608565,0.9976464768932161,0.9972839709674938,0.9976519483260224,0.9975109954516437,0.997772490821084,0.9975802837146505,1.0,0.9977248665414287,0.9982021979316639,0.9969659471196534,0.9976133284169794
4,8,1.5148823158756184,0.58744,5000,1.967916245813723,0.5354141656662665,833,1.953393488265455,0.5574,0.9991091033959993,0.08336658926764891,,,0.99,,0.9900107286803723,0.00998927131962768,0.9970172382518768,0.09989155580198789,5,0.001,0.1,0.9974409672221553,0.9980636783333343,0.9977417794380657,0.9979587761611887,0.9980226943330966,0.9976455773303969,0.9975696383342509,0.9977248665414287,1.0,0.9981749920029727,0.9979230697944667,0.9980403262818531
4,9,1.51349869814648,0.59676,5000,1.9469656105394717,0.553421368547419,833,1.953393488265455,0.5574,0.9990603067124932,0.08335509427233195,,,0.99,,0.9900107286803723,0.00998927131962768,0.9970172382518768,0.09989155580198789,5,0.001,0.1,0.9970113982341818,0.9981017063341647,0.9979877300854463,0.9972123629691213,0.9978698715133105,0.9977384311237768,0.9978934381823756,0.9982021979316639,0.9981749920029727,1.0,0.9976048038445763,0.9979244407599261
4,10,1.5357847040625894,0.57316,5000,1.946195712795964,0.5690276110444178,833,1.953393488265455,0.5574,0.9988376406974186,0.08330976708339909,,,0.99,,0.9900107286803723,0.00998927131962768,0.9970172382518768,0.09989155580198789,5,0.001,0.1,0.9978061387181213,0.9977148390675782,0.9974571196351091,0.9976064139342669,0.9973047838916744,0.9971216472756572,0.997619318252756,0.9969659471196534,0.9979230697944667,0.9976048038445763,1.0,0.9979305067328955
4,11,1.5245813381140398,0.58108,5000,1.9541871547698975,0.5690276110444178,833,1.953393488265455,0.5574,0.9989782166438266,0.08333914012492612,,,0.99,,0.9900107286803723,0.00998927131962768,0.9970172382518768,0.09989155580198789,5,0.001,0.1,0.9977469114287397,0.9976592645143846,0.9975963525463699,0.9976423473738385,0.9974458641151195,0.9974580691143035,0.997681061914091,0.9976133284169794,0.9980403262818531,0.9979244407599261,0.9979305067328955,1.0
5,0,1.3948025516643645,0.603,5000,1.8297302369718198,0.6079136690647482,834,1.836959720800479,0.5888,0.9986851166400037,0.08331945899759609,,,0.99,,0.9900107286803723,0.00998927131962768,0.9982368559073439,0.09987313802688536,5,0.001,0.1,1.0,0.9968311035205311,0.9969100895721569,0.9976943501921871,0.9972721748179404,0.9972552646131414,0.9973512141034835,0.9970342170584151,0.9970306068943156,0.9969261622293066,0.9974280948038177,0.9972856086352678
5,1,1.3675234646554206,0.62224,5000,1.843765828344557,0.60431654676259,834,1.836959720800479,0.5888,0.9986197511496039,0.08333139620427674,,,0.99,,0.9900107286803723,0.00998927131962768,0.9982368559073439,0.09987313802688536,5,0.001,0.1,0.9968311035205311,1.0,0.9969184335488962,0.9968798242784416,0.9969481635217732,0.9968524211653106,0.9969988730652737,0.9972631302921329,0.9975353332446355,0.9977341160758081,0.9972914168288177,0.9969812891898561
5,2,1.3975055999816604,0.61024,5000,1.8168270411314789,0.6067146282973621,834,1.836959720800479,0.5888,0.9987413694321498,0.08333215811280952,,,0.99,,0.9900107286803723,0.00998927131962768,0.9982368559073439,0.09987313802688536,5,0.001,0.1,0.9969100895721569,0.9969184335488962,1.0,0.9973011923775109,0.9976847532718645,0.9970174113177401,0.9975684084113404,0.9968371687165342,0.997292799003084,0.9976489203781649,0.9972288802815333,0.997283977971857
5,3,1.4001565126097126,0.60092,5000,1.8360854166525382,0.5755395683453237,834,1.836959720800479,0.5888,0.9986935265528991,0.08332293925007622,,,0.99,,0.9900107286803723,0.00998927131962768,0.9982368559073439,0.09987313802688536,5,0.001,0.1,0.9976943501921871,0.9968798242784416,0.9973011923775109,1.0,0.9972382557286271,0.9968081222157367,0.9973423003442126,0.9971009809993552,0.9975463122018695,0.9968377331484041,0.997233702225439,0.9971366236449805
5,4,1.3914544058453506,0.62436,5000,1.8205657755887066,0.6014405762304922,833,1.836959720800479,0.5888,0.9987953663196215,0.08333353973526975,,,0.99,,0.9900107286803723,0.00998927131962768,0.9982368559073439,0.09987313802688536,5,0.001,0.1,0.9972721748179404,0.9969481635217732,0.9976847532718645,0.9972382557286271,1.0,0.9970436189071484,0.9975577132758878,0.9971234696591802,0.9976556933055214,0.9976770727873333,0.9970790745988801,0.9970591212725508
5,5,1.385377460983908,0.61544,5000,1.8356040451261733,0.5654261704681873,833,1.836959720800479,0.5888,0.9985015255148637,0.08333477606972792,,,0.99,,0.9900107286803723,0.00998927131962768,0.9982368559073439,0.09987313802688536,5,0.001,0.1,0.9972552646131414,0.9968524211653106,0.9970174113177401,0.9968081222157367,0.9970436189071484,1.0,0.9969130705717147,0.9972812475828191,0.9970587754074414,0.997334779018263,0.9966752081798291,0.9965770755473776
5,6,1.3976063097358509,0.62008,5000,1.836301816834344,0.5678271308523409,833,1.836959720800479,0.5888,0.9987994815250819,0.08333203665324924,,,0.99,,0.9900107286803723,0.00998927131962768,0.9982368559073439,0.09987313802688536,5,0.001,0.1,0.9973512141034835,0.9969988730652737,0.9975684084113404,0.9973423003442126,0.9975577132758878,0.9969130705717147,1.0,0.9973458499478278,0.9971023076186554,0.997520790878667,0.9973678628127077,0.9973205191168351
5,7,1.38373156778372,0.61792,5000,1.849158181084527,0.575030012004802,833,1.836959720800479,0.5888,0.9986722839487605,0.08332646046801911,,,0.99,,0.9900107286803723,0.00998927131962768,0.9982368559073439,0.09987313802688536,5,0.001,0.1,0.9970342170584151,0.9972631302921329,0.9968371687165342,0.9971009809993552,0.9971234696591802,0.9972812475828191,0.9973458499478278,1.0,0.9972117755456493,0.9979637290603903,0.9967075092509986,0.9969949213487601
5,8,1.3851792721991327,0.61508,5000,1.8549923013757776,0.5690276110444178,833,1.836959720800479,0.5888,0.9988783469506287,0.0833584695768107,,,0.99,,0.9900107286803723,0.00998927131962768,0.9982368559073439,0.09987313802688536,5,0.001,0.1,0.9970306068943156,0.9975353332446355,0.997292799003084,0.9975463122018695,0.9976556933055214,0.9970587754074414,0.9971023076186554,0.9972117755456493,1.0,0.9977529138681226,0.9976112239770091,0.997534891658111
5,9,1.3812648847604254,0.6242,5000,1.8298140278568975,0.5858343337334934,833,1.836959720800479,0.5888,0.9989560911207862,0.08335392990420078,,,0.99,,0.9900107286803723,0.00998927131962768,0.9982368559073439,0.09987313802688536,5,0.001,0.1,0.9969261622293066,0.9977341160758081,0.9976489203781649,0.9968377331484041,0.9976770727873333,0.997334779018263,0.997520790878667,0.9979637290603903,0.9977529138681226,1.0,0.997386728377104,0.9974815894060417
5,10,1.4076930731724782,0.59708,5000,1.8269510445771393,0.6038415366146459,833,1.836959720800479,0.5888,0.9987315199994896,0.08331888728533213,,,0.99,,0.9900107286803723,0.00998927131962768,0.9982368559073439,0.09987313802688536,5,0.001,0.1,0.9974280948038177,0.9972914168288177,0.9972288802815333,0.997233702225439,0.9970790745988801,0.9966752081798291,0.9973678628127077,0.9967075092509986,0.9976112239770091,0.997386728377104,1.0,0.9975650262595221
5,11,1.3920410774315999,0.60864,5000,1.838254941834344,0.602641056422569,833,1.836959720800479,0.5888,0.9987020466656268,0.08333594774263174,,,0.99,,0.9900107286803723,0.00998927131962768,0.9982368559073439,0.09987313802688536,5,0.001,0.1,0.9972856086352678,0.9969812891898561,0.997283977971857,0.9971366236449805,0.9970591212725508,0.9965770755473776,0.9973205191168351,0.9969949213487601,0.997534891658111,0.9974815894060417,0.9975650262595221,1.0
6,0,1.2880732445200538,0.62404,5000,1.701812192245766,0.6270983213429256,834,1.7096898068254367,0.617,0.998334969514877,0.08332118870989429,,,0.99,,0.9900107286803723,0.00998927131962768,0.9986711712754567,0.0998447609828474,5,0.001,0.1,1.0,0.9960227283965981,0.9960426770034018,0.996930251261854,0.9965378222312204,0.9963201989237126,0.9968367220489964,0.9966249261946225,0.9962535399641741,0.9962524176868665,0.9966884000446329,0.9969132348481071
6,1,1.2585922198690427,0.64228,5000,1.7167449218255502,0.6235011990407674,834,1.7096898068254367,0.617,0.9983435119785565,0.08332878519062446,,,0.99,,0.9900107286803723,0.00998927131962768,0.9986711712754567,0.0998447609828474,5,0.001,0.1,0.9960227283965981,1.0,0.9962840136945925,0.9965766553329377,0.9962171533066346,0.9959658273325499,0.9964432588704523,0.9966310676397833,0.9970626961715645,0.9971630433468892,0.9966523401208472,0.9965054129911253
6,2,1.2892544788160143,0.6344,5000,1.686620279594704,0.6294964028776978,834,1.7096898068254367,0.617,0.9984121279972742,0.08333146719846221,,,0.99,,0.9900107286803723,0.00998927131962768,0.9986711712754567,0.0998447609828474,5,0.001,0.1,0.9960426770034018,0.9962840136945925,1.0,0.9966736466676085,0.9970322307408683,0.9960547887199936,0.9970722662220698,0.9962299183379394,0.9967420744008232,0.9968808196789898,0.996775493595503,0.9965585227102859
6,3,1.2936062310911287,0.62392,5000,1.708978604387354,0.605515587529976,834,1.7096898068254367,0.617,0.9984882758059384,0.08332827138824182,,,0.99,,0.9900107286803723,0.00998927131962768,0.9986711712754567,0.0998447609828474,5,0.001,0.1,0.996930251261854,0.9965766553329377,0.9966736466676085,1.0,0.9968029045529497,0.9959947475246984,0.9969536502380343,0.9966801251796489,0.9970303326077915,0.9961187386842635,0.9968123554472267,0.9966860626186844
6,4,1.286196562514943,0.64312,5000,1.6890295964700204,0.6446578631452581,833,1.7096898068254367,0.617,0.9984757522913428,0.0833343681391513,,,0.99,,0.9900107286803723,0.00998927131962768,0.9986711712754567,0.0998447609828474,5,0.001,0.1,0.9965378222312204,0.9962171533066346,0.9970322307408683,0.9968029045529497,1.0,0.9959730827491851,0.9969784374271358,0.9965763836604954,0.9969948467744137,0.9969664581049217,0.9965887852881729,0.9964406041896547
6,5,1.2764266053582454,0.63332,5000,1.708040224181281,0.5978391356542617,833,1.7096898068254367,0.617,0.997952361885126,0.08331823263483387,,,0.99,,0.9900107286803723,0.00998927131962768,0.9986711712754567,0.0998447609828474,5,0.001,0.1,0.9963201989237126,0.9959658273325499,0.9960547887199936,0.9959947475246984,0.9959730827491851,1.0,0.9960697573456361,0.9964191065818215,0.9960553439540054,0.9964393917586607,0.995811802695017,0.9957337836547508
6,6,1.2906948304480048,0.63416,5000,1.7097986185992207,0.5930372148859544,833,1.7096898068254367,0.617,0.9985962182707879,0.08333733467733181,,,0.99,,0.9900107286803723,0.00998927131962768,0.9986711712754567,0.0998447609828474,5,0.001,0.1,0.9968367220489964,0.9964432588704523,0.9970722662220698,0.9969536502380343,0.9969784374271358,0.9960697573456361,1.0,0.9967921430943314,0.9966733130340519,0.9969104014186533,0.996928550375407,0.9968938567051395
6,7,1.2752311052030818,0.64064,5000,1.7253671398869268,0.595438175270108,833,1.7096898068254367,0.617,0.9984493107285778,0.08332917315799307,,,0.99,,0.9900107286803723,0.00998927131962768,0.9986711712754567,0.0998447609828474,5,0.001,0.1,0.9966249261946225,0.9966310676397833,0.9962299183379394,0.9966801251796489,0.9965763836604954,0.9964191065818215,0.9967921430943314,1.0,0.996516553507301,0.9973985188173883,0.9962452801207496,0.9966781273563033
6,8,1.2781701264867358,0.63696,5000,1.7315662966834173,0.6074429771908764,833,1.7096898068254367,0.617,0.9986160274006154,0.08335418463117177,,,0.99,,0.9900107286803723,0.00998927131962768,0.9986711712754567,0.0998447609828474,5,0.001,0.1,0.9962535399641741,0.9970626961715645,0.9967420744008232,0.9970303326077915,0.9969948467744137,0.9960553439540054,0.9966733130340519,0.996516553507301,1.0,0.997318793833763,0.9971868421096877,0.99695414774115
6,9,1.2725894026695543,0.64296,5000,1.7022759252124362,0.6230492196878752,833,1.7096898068254367,0.617,0.9986793053322834,0.08335344302914113,,,0.99,,0.9900107286803723,0.00998927131962768,0.9986711712754567,0.0998447609828474,5,0.001,0.1,0.9962524176868665,0.9971630433468892,0.9968808196789898,0.9961187386842635,0.9969664581049217,0.9964393917586607,0.9969104014186533,0.9973985188173883,0.997318793833763,1.0,0.99692550627559,0.9971726046529963
6,10,1.302942960353414,0.61976,5000,1.6962996632964522,0.6398559423769508,833,1.7096898068254367,0.617,0.9985150281150491,0.08332664992931973,,,0.99,,0.9900107286803723,0.00998927131962768,0.9986711712754567,0.0998447609828474,5,0.001,0.1,0.9966884000446329,0.9966523401208472,0.996775493595503,0.9968123554472267,0.9965887852881729,0.995811802695017,0.996928550375407,0.9962452801207496,0.9971868421096877,0.99692550627559,1.0,0.9969644731483229
6,11,1.2832529316282577,0.62904,5000,1.7116400047584817,0.617046818727491,833,1.7096898068254367,0.617,0.9985084813770698,0.08333690131383442,,,0.99,,0.9900107286803723,0.00998927131962768,0.9986711712754567,0.0998447609828474,5,0.001,0.1,0.9969132348481071,0.9965054129911253,0.9965585227102859,0.9966860626186844,0.9964406041896547,0.9957337836547508,0.9968938567051395,0.9966781273563033,0.99695414774115,0.9971726046529963,0.9969644731483229,1.0
7,0,1.1980733409049404,0.64456,5000,1.568519530472932,0.6558752997601919,834,1.5767235306505196,0.6416,0.9980783036715108,0.08332513318708278,,,0.99,,0.9900107286803723,0.00998927131962768,0.9986971068890498,0.09981015770694779,5,0.001,0.1,1.0,0.9954695079373754,0.9955280248463919,0.9966304259238898,0.9958989366377791,0.9957742586672503,0.9961825085582999,0.9957929107973778,0.9955493699618577,0.9952746570688769,0.9959674787212537,0.9961351928146907
7,1,1.168865247365016,0.65988,5000,1.5839060368361297,0.6546762589928058,834,1.5767235306505196,0.6416,0.9979406479013945,0.08332534874432124,,,0.99,,0.9900107286803723,0.00998927131962768,0.9986971068890498,0.09981015770694779,5,0.001,0.1,0.9954695079373754,1.0,0.9953455244243897,0.9958324153312031,0.9953713748688231,0.9951278061719094,0.9956087684396668,0.9958142767403606,0.996255652467987,0.9962716492308226,0.9957126722044721,0.9957439222678535
7,2,1.2004358339461552,0.6506,5000,1.551239702436659,0.6558752997601919,834,1.5767235306505196,0.6416,0.9980822247404167,0.08333156411790493,,,0.99,,0.9900107286803723,0.00998927131962768,0.9986971068890498,0.09981015770694779,5,0.001,0.1,0.9955280248463919,0.9953455244243897,1.0,0.9964607631070045,0.9962618849092637,0.9954153321557191,0.9960847212614454,0.9952868425524212,0.9959640539821413,0.9962322475330991,0.9956807528069247,0.995989076665129
