round,client_id,client_i_training_loss,client_i_training_accuracy,client_i_training_dataset_size,client_i_evaluation_loss,client_i_evaluation_accuracy,client_i_evaluation_dataset_size,client_i_central_evaluation_loss,client_i_central_evaluation_accuracy,client_i_cosine_similarity,client_i_importance_coefficient,client_i_tanh_val,tanh_normalization_value,client_i_q,client_i_mask_order,client_i_v_nonzero_fraction,client_i_v_sparsity,client_i_v_cosine_similarity,client_i_reward_gradient_norm,local_epochs,learning_rate,gamma,client_0_cosine_similarity,client_1_cosine_similarity,client_2_cosine_similarity,client_3_cosine_similarity,client_4_cosine_similarity,client_5_cosine_similarity,client_6_cosine_similarity,client_7_cosine_similarity,client_8_cosine_similarity,client_9_cosine_similarity,client_10_cosine_similarity,client_11_cosine_similarity
0,0,0.3578583596796272,0.8904,5000,2.193706644905938,0.39568345323741005,834,2.190476064103099,0.3955,0.7909972991852826,0.08354716692314144,,,0.8921093298770093,,0.8921238893629838,0.10787611063701619,0,0.3944649971921766,5,0.1,0.5,1.0,0.5744625569963425,0.5985241824998501,0.5881569173455883,0.5903812391556307,0.6017738330421226,0.5919485028253639,0.5972198319527117,0.5909103102174553,0.5868880803120798,0.589567889025316,0.5790708350463866
0,1,0.3481179760852057,0.89404,5000,2.1970325311024985,0.36930455635491605,834,2.1910839294092344,0.3944,0.784483545179321,0.08285916749028259,,,0.6624400840034124,,0.662451684152402,0.33754831584759803,0,0.39348601429962843,5,0.1,0.5,0.5744625569963425,1.0,0.5825997230801495,0.5850258622091052,0.5927468845295353,0.5848014054847925,0.5951702524295857,0.5913668563495499,0.5838438502922028,0.5808513702465373,0.5799067859175467,0.5764585333817173
0,2,0.3440381801171098,0.89036,5000,2.1906773425914623,0.4304556354916067,834,2.1906283206452195,0.3941,0.7878053451502472,0.08321002453738265,,,0.7795638337746399,,0.7795743185583053,0.22042568144169472,0,0.3942609458418343,5,0.1,0.5,0.5985241824998501,0.5825997230801495,1.0,0.5822385776620101,0.5769793025252112,0.6010293292493847,0.5857325474436667,0.5946252662738813,0.5831128644648441,0.5880823534439312,0.5809467965956205,0.5848128543365915
0,3,0.3352262587316192,0.89548,5000,2.1900397230077675,0.35851318944844124,834,2.1906689950071585,0.3945,0.7874476234775735,0.08317224105527761,,,0.766950881747218,,0.7669645098137644,0.2330354901862356,0,0.3942129785208412,5,0.1,0.5,0.5881569173455883,0.5850258622091052,0.5822385776620101,1.0,0.5873802309163687,0.5840225943164646,0.5991773382458636,0.5806367734307971,0.5920523719988736,0.5755083432931559,0.5788869612889473,0.6022110361585853
0,4,0.3283373262768813,0.9,5000,2.194177989606504,0.39735894357743096,833,2.190502063915752,0.3948,0.7900529334616101,0.08344742058919893,,,0.8588118238019831,,0.8588223482756889,0.14117765172431107,0,0.3944351638378079,5,0.1,0.5,0.5903812391556307,0.5927468845295353,0.5769793025252112,0.5873802309163687,1.0,0.5879607797942907,0.5954168965524465,0.5997256084234012,0.5962995124916258,0.5962915986804052,0.5801426425733544,0.5766385331161691
0,5,0.33595593235734256,0.89872,5000,2.181782925570453,0.4141656662665066,833,2.190453514123496,0.3958,0.7925925515517324,0.08371566157651332,,,0.9483565273679276,,0.9483710657095528,0.05162893429044724,0,0.3944842316004956,5,0.1,0.5,0.6017738330421226,0.5848014054847925,0.6010293292493847,0.5840225943164646,0.5879607797942907,1.0,0.6025042529766562,0.5896559481713932,0.5784812886736203,0.5927857723681097,0.5908151700117434,0.5901771323221208
0,6,0.33149517522946853,0.89664,5000,2.188792175716824,0.40816326530612246,833,2.190454416000805,0.3958,0.7937736210217569,0.08384040916827072,,,0.9899999996661781,,0.9900005019828322,0.009999498017167818,0,0.39448638919948803,5,0.1,0.5,0.5919485028253639,0.5951702524295857,0.5857325474436667,0.5991773382458636,0.5954168965524465,0.6025042529766562,1.0,0.5984684292927546,0.5862719393406792,0.5948009008848573,0.5778400633596358,0.5878583588497468
0,7,0.33865062405776447,0.89328,5000,2.192558412198667,0.37214885954381755,833,2.1904552775069166,0.3958,0.7930739072423907,0.08376650360123104,,,0.9653287062941301,,0.9653481250941218,0.03465187490587818,0,0.3944857505652984,5,0.1,0.5,0.5972198319527117,0.5913668563495499,0.5946252662738813,0.5806367734307971,0.5997256084234012,0.5896559481713932,0.5984684292927546,1.0,0.5920661929949075,0.5918673592394249,0.5810795631633163,0.5918529942034253
0,8,0.34455629807013044,0.89352,5000,2.189787343696312,0.40816326530612246,833,2.1905791211052064,0.3948,0.7885492081836031,0.08328859326205433,,,0.8057917910704973,,0.8058129611967271,0.19418703880327293,0,0.3943392761649437,5,0.1,0.5,0.5909103102174553,0.5838438502922028,0.5831128644648441,0.5920523719988736,0.5962995124916258,0.5784812886736203,0.5862719393406792,0.5920661929949075,1.0,0.5924979402783674,0.5737588390225464,0.5964313413218232
0,9,0.33518836154916865,0.8956,5000,2.184935790521127,0.4105642256902761,833,2.1905015886020354,0.3948,0.7900671655150227,0.08344892381524452,,,0.8593136335067273,,0.8593243311078761,0.1406756688921239,0,0.39443575260954916,5,0.1,0.5,0.5868880803120798,0.5808513702465373,0.5880823534439312,0.5755083432931559,0.5962915986804052,0.5927857723681097,0.5948009008848573,0.5918673592394249,0.5924979402783674,1.0,0.5870010002235014,0.5935232542740518
0,10,0.34389192811836294,0.89284,5000,2.186712891967208,0.3817527010804322,833,2.1920716754925516,0.3917,0.7812945807847977,0.08252234087803549,,,0.55,,0.5500125495708047,0.4499874504291953,0,0.39154914015111414,5,0.1,0.5,0.589567889025316,0.5799067859175467,0.5809467965956205,0.5788869612889473,0.5801426425733544,0.5908151700117434,0.5778400633596358,0.5810795631633163,0.5737588390225464,0.5870010002235014,1.0,0.5770962974933134
0,11,0.3425241326661128,0.89092,5000,2.1841878007959434,0.3997599039615846,833,2.1906609481896835,0.3947,0.7875357301025632,0.08318154710336732,,,0.770057443969147,,0.7700818232016465,0.22991817679835347,0,0.3942259525874405,5,0.1,0.5,0.5790708350463866,0.5764585333817173,0.5848128543365915,0.6022110361585853,0.5766385331161691,0.5901771323221208,0.5878583588497468,0.5918529942034253,0.5964313413218232,0.5935232542740518,0.5770962974933134,1.0
1,0,0.31956968453659373,0.9034,5000,2.024422632323371,0.7482014388489209,834,2.0247173225536894,0.7429,0.8131460661249278,0.0834619457496321,,,0.99,,0.9900005019828322,0.009999498017167818,0.9605897322991861,0.4067516625046507,5,0.1,0.5,1.0,0.6248243527456424,0.6334255456732791,0.6310668346079538,0.6392715967488238,0.6328585211158668,0.6230627068524335,0.6223721180680578,0.6410262512197156,0.6285462701799233,0.6275049997714743,0.6330791053175608
1,1,0.30643144298202485,0.90796,5000,2.0364059651339494,0.7110311750599521,834,2.025460155246357,0.7432,0.8126023481183113,0.08298855544621604,,,0.99,,0.9900005019828322,0.009999498017167818,0.9581556614522364,0.4067516625046507,5,0.1,0.5,0.6248243527456424,1.0,0.6328752988156563,0.6256682599842285,0.6414431337855182,0.633757432444911,0.6258738353607968,0.6183475127818459,0.6329818438275284,0.6244420385854907,0.6379122478455549,0.6367969009018226
1,2,0.30233925558318187,0.90604,5000,2.0292658231876515,0.7458033573141487,834,2.0248698091354616,0.7428,0.8149944518597446,0.08330349706466404,,,0.99,,0.9900005019828322,0.009999498017167818,0.9600828716427131,0.4067516625046507,5,0.1,0.5,0.6334255456732791,0.6328752988156563,1.0,0.632761859878739,0.6352702433302057,0.6252970926616357,0.6221798152335509,0.62852238802908,0.6425749586145361,0.6380854025374267,0.6351701184854883,0.63052286579069
1,3,0.29639946081361196,0.91336,5000,2.02265473206838,0.7601918465227818,834,2.0249135265715967,0.7435,0.8114311677696951,0.08315464952782511,,,0.99,,0.9900005019828322,0.009999498017167818,0.9599879346556339,0.4067516625046507,5,0.1,0.5,0.6310668346079538,0.6256682599842285,0.632761859878739,1.0,0.6319525674894712,0.6288164378970247,0.6153313837321722,0.6275887257684496,0.6338953366790707,0.6229930973508226,0.6359806854211082,0.636046162199396
1,4,0.2908721572108519,0.91068,5000,2.029829577163414,0.7430972388955582,833,2.0247309908699305,0.7427,0.8213873112639528,0.08368258544813854,,,0.99,,0.9900005019828322,0.009999498017167818,0.9605197635768669,0.4067516625046507,5,0.1,0.5,0.6392715967488238,0.6414431337855182,0.6352702433302057,0.6319525674894712,1.0,0.6408745868277367,0.6314340607041352,0.6355473123254644,0.6413518712750368,0.6453649056597545,0.6383697062226824,0.6370741311513106
1,5,0.2966537490973522,0.90928,5000,2.011293393594247,0.7779111644657863,833,2.0246954128003347,0.743,0.8125797630983271,0.08355356262886172,,,0.99,,0.9900005019828322,0.009999498017167818,0.9606458328974185,0.4067516625046507,5,0.1,0.5,0.6328585211158668,0.633757432444911,0.6252970926616357,0.6288164378970247,0.6408745868277367,1.0,0.6251802103275891,0.6211029004900788,0.6283974498313158,0.6294329349696978,0.6299831082490424,0.6351127981927566
1,6,0.2990934958254361,0.907,5000,2.022062831454807,0.7527010804321729,833,2.024697381086624,0.7429,0.805811733714983,0.08340065923999895,,,0.99,,0.9900005019828322,0.009999498017167818,0.960650409324026,0.4067516625046507,5,0.1,0.5,0.6230627068524335,0.6258738353607968,0.6221798152335509,0.6153313837321722,0.6314340607041352,0.6251802103275891,1.0,0.6206091848887079,0.6255790804098257,0.6248823674412632,0.6260583582539053,0.6239028800998927
1,7,0.2959434195617392,0.9096,5000,2.026537440441273,0.7334933973589436,833,2.0246970752557627,0.7432,0.8087135283069374,0.08345272734142152,,,0.99,,0.9900005019828322,0.009999498017167818,0.9606474460916868,0.4067516625046507,5,0.1,0.5,0.6223721180680578,0.6183475127818459,0.62852238802908,0.6275887257684496,0.6355473123254644,0.6211029004900788,0.6206091848887079,1.0,0.6296828369604935,0.6285298622024844,0.6297920776141485,0.6307138451857004
1,8,0.30644026906288874,0.90628,5000,2.027669314984922,0.7382953181272509,833,2.024801430610803,0.7426,0.8167899657726734,0.08341782521710168,,,0.99,,0.9900005019828322,0.009999498017167818,0.960278667440676,0.4067516625046507,5,0.1,0.5,0.6410262512197156,0.6329818438275284,0.6425749586145361,0.6338953366790707,0.6413518712750368,0.6283974498313158,0.6255790804098257,0.6296828369604935,1.0,0.6300935180946056,0.6320908661616355,0.63612780093893
1,9,0.2946571285711827,0.9088,5000,2.0182924138175116,0.7575030012004802,833,2.0247306549511017,0.7428,0.8136881039317888,0.08341589276788293,,,0.99,,0.9900005019828322,0.009999498017167818,0.9605205308929636,0.4067516625046507,5,0.1,0.5,0.6285462701799233,0.6244420385854907,0.6380854025374267,0.6229930973508226,0.6453649056597545,0.6294329349696978,0.6248823674412632,0.6285298622024844,0.6300935180946056,1.0,0.6312228180048837,0.639169205837319
1,10,0.29828691325227547,0.91048,5000,2.0181177015657776,0.6998799519807923,833,2.0269735449800095,0.743,0.8145937865897515,0.08283528900962109,,,0.99,,0.9900005019828322,0.009999498017167818,0.9532031572258309,0.4067516625046507,5,0.1,0.5,0.6275049997714743,0.6379122478455549,0.6351701184854883,0.6359806854211082,0.6383697062226824,0.6299831082490424,0.6260583582539053,0.6297920776141485,0.6320908661616355,0.6312228180048837,1.0,0.6317000970783958
1,11,0.30026329361187043,0.90724,5000,2.018176560048704,0.7454981992797118,833,2.0249017991196996,0.743,0.8163786412454668,0.08333281055863623,,,0.99,,0.9900005019828322,0.009999498017167818,0.960024220417443,0.4067516625046507,5,0.1,0.5,0.6330791053175608,0.6367969009018226,0.63052286579069,0.636046162199396,0.6370741311513106,0.6351127981927566,0.6239028800998927,0.6307138451857004,0.63612780093893,0.639169205837319,0.6317000970783958,1.0
2,0,0.2845125827250207,0.91528,5000,1.8175115408720794,0.8896882494004796,834,1.8215856232201328,0.8876,0.8095640340329131,0.08336733094326362,,,0.99,,0.9900005019828322,0.009999498017167818,0.969283919158455,0.4055173636548297,5,0.1,0.5,1.0,0.6179500756883227,0.6181834379318486,0.6192765984892676,0.6317323352640702,0.6300850459853647,0.6243358605843169,0.6163978343244781,0.6301859385617893,0.6279880299365742,0.6381758600917182,0.6241228887610509
2,1,0.27598979994536016,0.91792,5000,1.837600968502186,0.8776978417266187,834,1.8224279008353481,0.8875,0.8075822620401181,0.08298531624220847,,,0.99,,0.9900005019828322,0.009999498017167818,0.969283919158455,0.4055173636548297,5,0.1,0.5,0.6179500756883227,1.0,0.6199695352389036,0.6141114140225559,0.6331042439252859,0.6267993203347607,0.6259100958800237,0.6212629675868425,0.62717492109339,0.6213026016731288,0.629001364163196,0.6246693682996681
2,2,0.2726498367217411,0.91736,5000,1.8306682639651828,0.8884892086330936,834,1.8217219457077904,0.8876,0.8051045753613437,0.08310734599697134,,,0.99,,0.9900005019828322,0.009999498017167818,0.969283919158455,0.4055173636548297,5,0.1,0.5,0.6181834379318486,0.6199695352389036,1.0,0.6131418115273709,0.6353008513659643,0.6186742178900192,0.613361778691172,0.6185920617985239,0.6261816713772801,0.6225794442547506,0.6273153893383734,0.6224190106289684
2,3,0.2676153910601405,0.91972,5000,1.8170096432721172,0.8920863309352518,834,1.8217656985639383,0.8878,0.8037101727085738,0.08296038611011126,,,0.99,,0.9900005019828322,0.009999498017167818,0.969283919158455,0.4055173636548297,5,0.1,0.5,0.6192765984892676,0.6141114140225559,0.6131418115273709,1.0,0.6250205047636513,0.6220105653593705,0.6125571770277835,0.6227349115903535,0.6224911937462192,0.6220886343033378,0.6245451627979124,0.624852068638231
2,4,0.25725208008958467,0.92128,5000,1.8280724861003734,0.8967587034813925,833,1.8215864763473169,0.8873,0.8203392454248374,0.08388825440464771,,,0.99,,0.9900005019828322,0.009999498017167818,0.969283919158455,0.4055173636548297,5,0.1,0.5,0.6317323352640702,0.6331042439252859,0.6353008513659643,0.6250205047636513,1.0,0.6378649828374744,0.6323092233647056,0.6311016476026394,0.6428914747147304,0.6434490316621444,0.6371687531576657,0.6323835882658442
2,5,0.2631265147004846,0.92132,5000,1.8042455381817288,0.9063625450180072,833,1.821568077745529,0.8878,0.8121727211089246,0.08351870751863269,,,0.99,,0.9900005019828322,0.009999498017167818,0.969283919158455,0.4055173636548297,5,0.1,0.5,0.6300850459853647,0.6267993203347607,0.6186742178900192,0.6220105653593705,0.6378649828374744,1.0,0.6267570356469627,0.6240020471545589,0.6348504240535632,0.6231785137146963,0.6350635403319086,0.6241159132324036
2,6,0.26168292606735877,0.92084,5000,1.8177232256642095,0.8967587034813925,833,1.8215717138192904,0.8877,0.808444633312771,0.08328784413452876,,,0.99,,0.9900005019828322,0.009999498017167818,0.969283919158455,0.4055173636548297,5,0.1,0.5,0.6243358605843169,0.6259100958800237,0.613361778691172,0.6125571770277835,0.6323092233647056,0.6267570356469627,1.0,0.6231093109769651,0.6331824416521157,0.6214234466235204,0.627236065619806,0.6275849477159626
2,7,0.2705450877072705,0.91736,5000,1.823073939040855,0.8823529411764706,833,1.821569887213052,0.8877,0.8086074064033657,0.08332794061857662,,,0.99,,0.9900005019828322,0.009999498017167818,0.969283919158455,0.4055173636548297,5,0.1,0.5,0.6163978343244781,0.6212629675868425,0.6185920617985239,0.6227349115903535,0.6311016476026394,0.6240020471545589,0.6231093109769651,1.0,0.6280650404516106,0.6214549177720747,0.6307782465138628,0.6316725173019062
2,8,0.27185650745015233,0.918,5000,1.8276910252041287,0.8919567827130852,833,1.821638231841139,0.8876,0.8165616676100782,0.08358170043130089,,,0.99,,0.9900005019828322,0.009999498017167818,0.969283919158455,0.4055173636548297,5,0.1,0.5,0.6301859385617893,0.62717492109339,0.6261816713772801,0.6224911937462192,0.6428914747147304,0.6348504240535632,0.6331824416521157,0.6280650404516106,1.0,0.6305313137914201,0.6314784920287865,0.639622936705258
2,9,0.2673532014926243,0.92068,5000,1.8143946241449427,0.8763505402160864,833,1.8215863700872792,0.8873,0.8112664554034669,0.08339612824455465,,,0.99,,0.9900005019828322,0.009999498017167818,0.969283919158455,0.4055173636548297,5,0.1,0.5,0.6279880299365742,0.6213026016731288,0.6225794442547506,0.6220886343033378,0.6434490316621444,0.6231785137146963,0.6214234466235204,0.6214549177720747,0.6305313137914201,1.0,0.6240096068035081,0.6371034188758076
2,10,0.2680784356531207,0.92144,5000,1.813574446572198,0.8559423769507803,833,1.8244396349111685,0.8866,0.8152305041478836,0.08315015401240164,,,0.99,,0.9900005019828322,0.009999498017167818,0.969283919158455,0.4055173636548297,5,0.1,0.5,0.6381758600917182,0.629001364163196,0.6273153893383734,0.6245451627979124,0.6371687531576657,0.6350635403319086,0.627236065619806,0.6307782465138628,0.6314784920287865,0.6240096068035081,1.0,0.6315348460485176
2,11,0.26782756060952095,0.91768,5000,1.8147452539867825,0.8967587034813925,833,1.82175237035599,0.8877,0.8137863788421951,0.08342889134280214,,,0.99,,0.9900005019828322,0.009999498017167818,0.969283919158455,0.4055173636548297,5,0.1,0.5,0.6241228887610509,0.6246693682996681,0.6224190106289684,0.624852068638231,0.6323835882658442,0.6241159132324036,0.6275849477159626,0.6316725173019062,0.639622936705258,0.6371034188758076,0.6315348460485176,1.0
3,0,0.2628203966648905,0.92224,5000,1.5817405736004864,0.9244604316546763,834,1.5895821766350597,0.9245,0.8043513519635086,0.08328745278673849,,,0.99,,0.9900005019828322,0.009999498017167818,0.9702677195403194,0.40315765288664024,5,0.1,0.5,1.0,0.6194615228667605,0.6150276586019654,0.6055310694422894,0.6188887606639583,0.6168648885632717,0.6204115342580709,0.6112116264133638,0.6161831187748614,0.6190982385065343,0.6236345018461045,0.6162200436304444
3,1,0.2502266441418487,0.92612,5000,1.60876554912991,0.9172661870503597,834,1.5904797479367485,0.924,0.8095237395881402,0.08321471218575179,,,0.99,,0.9900005019828322,0.009999498017167818,0.9702677195403194,0.40315765288664024,5,0.1,0.5,0.6194615228667605,1.0,0.6298602750846782,0.615001301385637,0.6238928514060362,0.6226053642354097,0.625677520659824,0.608004324663239,0.6157590820953569,0.6220494264971512,0.6290941761417455,0.6229609672581615
3,2,0.24416079262663035,0.92712,5000,1.6036752374083907,0.9160671462829736,834,1.5896954326964796,0.9241,0.8066557189515466,0.08319555121562981,,,0.99,,0.9900005019828322,0.009999498017167818,0.9702677195403194,0.40315765288664024,5,0.1,0.5,0.6150276586019654,0.6298602750846782,1.0,0.6160034674047957,0.6237512985936438,0.611604131502599,0.6128866149470462,0.6152270822523674,0.618723985815124,0.623352321991013,0.618819304594906,0.6208135759758183
3,3,0.24764907407770112,0.92752,5000,1.5830507145987616,0.935251798561151,834,1.5897363245296783,0.9244,0.8008007371450857,0.0828939996268862,,,0.99,,0.9900005019828322,0.009999498017167818,0.9702677195403194,0.40315765288664024,5,0.1,0.5,0.6055310694422894,0.615001301385637,0.6160034674047957,1.0,0.6151629802678354,0.615461822826827,0.6045186213829347,0.6172562366257478,0.6122533390756424,0.6140872433483241,0.6159228924912968,0.6189044481938354
3,4,0.23776243409248674,0.927,5000,1.5969302433508414,0.929171668667467,833,1.5895718488449486,0.9246,0.8097825959898051,0.083822008528229,,,0.99,,0.9900005019828322,0.009999498017167818,0.9702677195403194,0.40315765288664024,5,0.1,0.5,0.6188887606639583,0.6238928514060362,0.6237512985936438,0.6151629802678354,1.0,0.6231734881126437,0.6190528135196853,0.6250532479453556,0.6216369585508589,0.6248784597573747,0.6202684577543726,0.6169853452777652
3,5,0.23641044455165175,0.93048,5000,1.5695111795707986,0.9375750300120048,833,1.5895692197659526,0.9246,0.8061686106144921,0.08345112462332353,,,0.99,,0.9900005019828322,0.009999498017167818,0.9702677195403194,0.40315765288664024,5,0.1,0.5,0.6168648885632717,0.6226053642354097,0.611604131502599,0.615461822826827,0.6231734881126437,1.0,0.6202747170752748,0.6147734716814046,0.6129871116120225,0.6158917451163713,0.62356749700365,0.6222409728960795
3,6,0.24493030771660576,0.92664,5000,1.5842390766850225,0.9339735894357744,833,1.5895747239597309,0.9246,0.8037756837703642,0.083214711283816,,,0.99,,0.9900005019828322,0.009999498017167818,0.9702677195403194,0.40315765288664024,5,0.1,0.5,0.6204115342580709,0.625677520659824,0.6128866149470462,0.6045186213829347,0.6190528135196853,0.6202747170752748,1.0,0.6149560046769673,0.6184905035348357,0.6158250182227566,0.6123137225656213,0.6128996347895324
3,7,0.2461766225991735,0.92616,5000,1.5893498261769612,0.9255702280912365,833,1.5895710566554206,0.9246,0.8045811768558753,0.0832693681272063,,,0.99,,0.9900005019828322,0.009999498017167818,0.9702677195403194,0.40315765288664024,5,0.1,0.5,0.6112116264133638,0.608004324663239,0.6152270822523674,0.6172562366257478,0.6250532479453556,0.6147734716814046,0.6149560046769673,1.0,0.6157587496703536,0.6223682884132558,0.6211185366144829,0.6191685861976062
3,8,0.25053581500998373,0.92708,5000,1.598815882647479,0.9315726290516206,833,1.589601625649693,0.9243,0.8047557368259567,0.08344359183322297,,,0.99,,0.9900005019828322,0.009999498017167818,0.9702677195403194,0.40315765288664024,5,0.1,0.5,0.6161831187748614,0.6157590820953569,0.618723985815124,0.6122533390756424,0.6216369585508589,0.6129871116120225,0.6184905035348357,0.6157587496703536,1.0,0.6183086328300506,0.610763333067198,0.624570495537017
3,9,0.24673030847434405,0.9272,5000,1.5816144810782538,0.9159663865546218,833,1.5895719432983155,0.9246,0.808311563164756,0.0834446364365823,,,0.99,,0.9900005019828322,0.009999498017167818,0.9702677195403194,0.40315765288664024,5,0.1,0.5,0.6190982385065343,0.6220494264971512,0.623352321991013,0.6140872433483241,0.6248784597573747,0.6158917451163713,0.6158250182227566,0.6223682884132558,0.6183086328300506,1.0,0.6220533400327918,0.6228215658675982
3,10,0.24582839069033788,0.9288,5000,1.5812774786242731,0.8955582232893158,833,1.5929015139802196,0.9237,0.8084570459320601,0.08328673204835164,,,0.99,,0.9900005019828322,0.009999498017167818,0.9702677195403194,0.40315765288664024,5,0.1,0.5,0.6236345018461045,0.6290941761417455,0.618819304594906,0.6159228924912968,0.6202684577543726,0.62356749700365,0.6123137225656213,0.6211185366144829,0.610763333067198,0.6220533400327918,1.0,0.6257559961695895
3,11,0.24366181573006,0.92472,5000,1.5832683289492573,0.9279711884753902,833,1.5897219299127499,0.9243,0.8085916299108798,0.08347611130426175,,,0.99,,0.9900005019828322,0.009999498017167818,0.9702677195403194,0.40315765288664024,5,0.1,0.5,0.6162200436304444,0.6229609672581615,0.6208135759758183,0.6189044481938354,0.6169853452777652,0.6222409728960795,0.6128996347895324,0.6191685861976062,0.624570495537017,0.6228215658675982,0.6257559961695895,1.0
4,0,0.23818382558288279,0.93016,5000,1.330027867246557,0.9364508393285371,834,1.3415842699928406,0.936,0.7950588139953817,0.08325184363069209,,,0.99,,0.9900005019828322,0.009999498017167818,0.9709880476043549,0.39825968029101744,5,0.1,0.5,1.0,0.5906987908845739,0.5993086368909869,0.5996101346519662,0.6030013974201134,0.6080035982001074,0.5993184168206923,0.5995059152936084,0.604816968538414,0.5950211233922468,0.6043482241768016,0.595907247608686
4,1,0.23209864189433063,0.9328,5000,1.3632920847998724,0.9316546762589928,834,1.3425005141157693,0.9361,0.7931329138772442,0.08313601088025138,,,0.99,,0.9900005019828322,0.009999498017167818,0.9709880476043549,0.39825968029101744,5,0.1,0.5,0.5906987908845739,1.0,0.6040494004542035,0.5892799095588022,0.6045384694325359,0.5995915514153081,0.5965794061539585,0.5960214266155828,0.5982491970022099,0.5987190414736835,0.6058366122132481,0.597876606516118
4,2,0.22337574836187019,0.93172,5000,1.3607095612419977,0.920863309352518,834,1.3416709877050723,0.9362,0.7952346728391615,0.0831968586322775,,,0.99,,0.9900005019828322,0.009999498017167818,0.9709880476043549,0.39825968029101744,5,0.1,0.5,0.5993086368909869,0.6040494004542035,1.0,0.6013995335707677,0.6023213357079557,0.5892328618703582,0.5942770625932052,0.6019395394738086,0.6030526704961914,0.604887810701897,0.6010561503957914,0.600171902441358
4,3,0.22415008706746586,0.93592,5000,1.3344499402576022,0.9400479616306955,834,1.3417072117138213,0.9363,0.7928052918259141,0.08291116592825933,,,0.99,,0.9900005019828322,0.009999498017167818,0.9709880476043549,0.39825968029101744,5,0.1,0.5,0.5996101346519662,0.5892799095588022,0.6013995335707677,1.0,0.6061680439282289,0.5962175196874072,0.5920754877684691,0.6024547395537551,0.6054009954066454,0.5908467657973437,0.6048536813372529,0.5915883560771498
4,4,0.21437191684036308,0.93604,5000,1.3490283268469352,0.9375750300120048,833,1.3415655830797677,0.936,0.8017785302227803,0.08384278746597532,,,0.99,,0.9900005019828322,0.009999498017167818,0.9709880476043549,0.39825968029101744,5,0.1,0.5,0.6030013974201134,0.6045384694325359,0.6023213357079557,0.6061680439282289,1.0,0.6083436993785565,0.6042812782862281,0.6062677974160735,0.6115966367633059,0.6088102520891658,0.6027812346247832,0.6031426677134363
4,5,0.21840441901841837,0.93576,5000,1.3191518121295505,0.9507803121248499,833,1.3415758983014872,0.9361,0.7958388228187455,0.0833880489103868,,,0.99,,0.9900005019828322,0.009999498017167818,0.9709880476043549,0.39825968029101744,5,0.1,0.5,0.6080035982001074,0.5995915514153081,0.5892328618703582,0.5962175196874072,0.6083436993785565,1.0,0.6040190442339589,0.5985757703985054,0.6050069835009829,0.6006704810494861,0.6045105663783753,0.5920057436769758
4,6,0.21984337318664904,0.9346,5000,1.3343850330070213,0.9471788715486195,833,1.341583002870456,0.936,0.7946935237119555,0.08319065698058914,,,0.99,,0.9900005019828322,0.009999498017167818,0.9709880476043549,0.39825968029101744,5,0.1,0.5,0.5993184168206923,0.5965794061539585,0.5942770625932052,0.5920754877684691,0.6042812782862281,0.6040190442339589,1.0,0.5994917948047318,0.608102443734277,0.6010306708420885,0.5993898478283587,0.5977733531316836
4,7,0.2215943207371102,0.93324,5000,1.3394724572146381,0.9339735894357744,833,1.341577960279422,0.936,0.798049512714498,0.08334453479617593,,,0.99,,0.9900005019828322,0.009999498017167818,0.9709880476043549,0.39825968029101744,5,0.1,0.5,0.5995059152936084,0.5960214266155828,0.6019395394738086,0.6024547395537551,0.6062677974160735,0.5985757703985054,0.5994917948047318,1.0,0.609487228501434,0.6026818095598955,0.6073805155822143,0.6043987258152054
4,8,0.22552814423373552,0.93308,5000,1.353495196059898,0.9519807923169268,833,1.3415716143842704,0.9361,0.8013432069395255,0.08357578015690653,,,0.99,,0.9900005019828322,0.009999498017167818,0.9709880476043549,0.39825968029101744,5,0.1,0.5,0.604816968538414,0.5982491970022099,0.6030526704961914,0.6054009954066454,0.6115966367633059,0.6050069835009829,0.608102443734277,0.609487228501434,1.0,0.6052558248948885,0.600800915599582,0.6070845213451449
4,9,0.22385315450596488,0.93224,5000,1.3330286962014657,0.9303721488595438,833,1.3415658710101923,0.936,0.7964012803174099,0.08340342741431661,,,0.99,,0.9900005019828322,0.009999498017167818,0.9709880476043549,0.39825968029101744,5,0.1,0.5,0.5950211233922468,0.5987190414736835,0.604887810701897,0.5908467657973437,0.6088102520891658,0.6006704810494861,0.6010306708420885,0.6026818095598955,0.6052558248948885,1.0,0.5982163927435556,0.6054033428333148
4,10,0.22771974840041273,0.93488,5000,1.3349799006073564,0.907563025210084,833,1.3451863268312936,0.9354,0.7986347026356144,0.08337657831924149,,,0.99,,0.9900005019828322,0.009999498017167818,0.9709880476043549,0.39825968029101744,5,0.1,0.5,0.6043482241768016,0.6058366122132481,0.6010561503957914,0.6048536813372529,0.6027812346247832,0.6045105663783753,0.5993898478283587,0.6073805155822143,0.600800915599582,0.5982163927435556,1.0,0.6045995252693706
4,11,0.22417192161498462,0.93168,5000,1.33643729156918,0.943577430972389,833,1.3416929496362948,0.9362,0.7952000941338808,0.08338230688492805,,,0.99,,0.9900005019828322,0.009999498017167818,0.9709880476043549,0.39825968029101744,5,0.1,0.5,0.595907247608686,0.597876606516118,0.600171902441358,0.5915883560771498,0.6031426677134363,0.5920057436769758,0.5977733531316836,0.6043987258152054,0.6070845213451449,0.6054033428333148,0.6045995252693706,1.0
5,0,0.22332406978057637,0.934,5000,1.0816872473116275,0.9448441247002398,834,1.0960528460173562,0.944,0.7848758852457461,0.08327603576270816,,,0.7450331562118613,,0.7450579790171176,0.25494202098288243,0.9680322359313178,0.3919292187262106,5,0.1,0.5,1.0,0.5651708034936992,0.5876972987154963,0.5803167944227979,0.5898955775808656,0.58773419876411,0.5819233136389975,0.581646682034507,0.5751571267430949,0.57379254732293,0.5883427261086055,0.5818505657550306
5,1,0.2190596411289398,0.93592,5000,1.1215768103246335,0.9364508393285371,834,1.09963719932416,0.944,0.7719118102815458,0.0827424263572153,,,0.55,,0.5500125495708047,0.4499874504291953,0.959724549949135,0.3885816640388726,5,0.1,0.5,0.5651708034936992,1.0,0.5757939830087017,0.5632457280232993,0.5795838610537488,0.5773166919206636,0.5647021599216263,0.5685602407933725,0.5618841526708963,0.5704888668232686,0.5757425146075869,0.5695185112277239
5,2,0.2049812638849631,0.93816,5000,1.1193502479129367,0.9304556354916067,834,1.0959209173251265,0.9444,0.789381483514897,0.0833978143578876,,,0.7895429859345127,,0.7895537372621856,0.21044626273781442,0.9686575635975068,0.3921892416837761,5,0.1,0.5,0.5876972987154963,0.5757939830087017,1.0,0.5840502609186923,0.5901099330438714,0.587829859894608,0.5757799414989204,0.5844749472450105,0.5853695559867556,0.5900807315570199,0.5866250074680365,0.5884143391878751
5,3,0.20487198954044727,0.94008,5000,1.088782478261877,0.9508393285371702,834,1.0970812283765774,0.9444,0.7814923704812511,0.08292921752030913,,,0.6182717915307823,,0.6182872345765775,0.3817127654234225,0.964091968212749,0.3903123621858164,5,0.1,0.5,0.5803167944227979,0.5632457280232993,0.5840502609186923,1.0,0.583677745214353,0.5843079100606681,0.5681671769352957,0.5778899250078767,0.5686933137592144,0.5830601145460145,0.5876663455011506,0.5823145909830579
5,4,0.19451949588990042,0.94256,5000,1.1026702324549358,0.9483793517406963,833,1.0957516749826863,0.9443,0.7926954675548207,0.08394626340103967,,,0.989999999634502,,0.9900005019828322,0.009999498017167818,0.969308389563514,0.3924816876130049,5,0.1,0.5,0.5898955775808656,0.5795838610537488,0.5901099330438714,0.583677745214353,1.0,0.5994637946695643,0.5819728070089684,0.5887351413630727,0.5812770505100572,0.5975450426897899,0.5872564362728844,0.5847667042104324
5,5,0.20508522230503,0.94088,5000,1.072792203338058,0.9555822328931572,833,1.0957811417671057,0.9441,0.7921322762339608,0.08362242824742347,,,0.8716389073224475,,0.8716530294663922,0.12834697053360777,0.969205627573402,0.39242524754891034,5,0.1,0.5,0.58773419876411,0.5773166919206636,0.587829859894608,0.5843079100606681,0.5994637946695643,1.0,0.589918014690256,0.585479572570917,0.5801459351046032,0.5923697121930394,0.5904315221364205,0.5861787202350895
5,6,0.20671114679010716,0.93812,5000,1.0883377900830022,0.9555822328931572,833,1.0966083249344993,0.9442,0.7802320259921397,0.08307172493898411,,,0.6703579642287998,,0.6703779930726369,0.3296220069273631,0.9661783459992561,0.39116661572121414,5,0.1,0.5,0.5819233136389975,0.5647021599216263,0.5757799414989204,0.5681671769352957,0.5819728070089684,0.589918014690256,1.0,0.5832738168462007,0.5736267683831718,0.5800759271235503,0.5759199289799695,0.5747060378193986
5,7,0.20715605012930122,0.93908,5000,1.0921148525344,0.9447779111644657,833,1.0958780511118733,0.9441,0.7858786755569007,0.08337329029708318,,,0.780579491414773,,0.7805983635359671,0.21940163646403288,0.9685792642153409,0.3921461713324011,5,0.1,0.5,0.581646682034507,0.5685602407933725,0.5844749472450105,0.5778899250078767,0.5887351413630727,0.585479572570917,0.5832738168462007,1.0,0.5791464998961835,0.5826261532401479,0.5814669449811312,0.5891897738740979
5,8,0.21441554384911135,0.93616,5000,1.1095592114660475,0.9567827130852341,833,1.0959685069684404,0.9442,0.7794347445827736,0.08330114718458478,,,0.7542113300130564,,0.7542241855328548,0.24577581446714525,0.9682122114757912,0.3919919481235367,5,0.1,0.5,0.5751571267430949,0.5618841526708963,0.5853695559867556,0.5686933137592144,0.5812770505100572,0.5801459351046032,0.5736267683831718,0.5791464998961835,1.0,0.5793919676606895,0.5758932271715905,0.5800135683588288
5,9,0.20784904199539667,0.93968,5000,1.0874651626304344,0.9387755102040817,833,1.0957906347113295,0.9441,0.787666158350511,0.08347555970598122,,,0.8179587530919248,,0.8179709853922996,0.18202901460770038,0.9689310074666391,0.3923002115665679,5,0.1,0.5,0.57379254732293,0.5704888668232686,0.5900807315570199,0.5830601145460145,0.5975450426897899,0.5923697121930394,0.5800759271235503,0.5826261532401479,0.5793919676606895,1.0,0.5824802536292919,0.5870890968393653
5,10,0.21225683294640035,0.9366,5000,1.093551167735347,0.9195678271308524,833,1.0994325322084153,0.9444,0.7872943932857623,0.08344452823957318,,,0.8066168150129808,,0.806636213041514,0.193363786958486,0.9688418985028527,0.392260673790546,5,0.1,0.5,0.5883427261086055,0.5757425146075869,0.5866250074680365,0.5876663455011506,0.5872564362728844,0.5904315221364205,0.5759199289799695,0.5814669449811312,0.5758932271715905,0.5824802536292919,1.0,0.583921775130431
5,11,0.20429148655503418,0.9386,5000,1.0910689102278814,0.9459783913565426,833,1.0959348924243792,0.9444,0.7864760796823941,0.08341956398721016,,,0.7974924313707312,,0.797500125495708,0.20249987450429197,0.9687487318595601,0.39222320003909744,5,0.1,0.5,0.5818505657550306,0.5695185112277239,0.5884143391878751,0.5823145909830579,0.5847667042104324,0.5861787202350895,0.5747060378193986,0.5891897738740979,0.5800135683588288,0.5870890968393653,0.583921775130431,1.0
6,0,0.2020102661209786,0.93996,5000,0.848981671863132,0.9532374100719424,834,0.866166987548621,0.9499,0.7685080042695903,0.08323099406545538,,,0.6831589691046306,,0.6831735354650871,0.3168264645349129,0.9647660952063964,0.3840061698662674,5,0.1,0.5,1.0,0.5463694904211117,0.5598745043101632,0.553638307610733,0.5603506381011111,0.5577660072052226,0.5547744168001439,0.5485283127875521,0.5539819919393663,0.5529577042308514,0.5594358785164839,0.5564909402655641
6,1,0.19936927286967351,0.94076,5000,0.8934757930261118,0.9424460431654677,834,0.8719920382712977,0.95,0.7672799276037217,0.08282854508296594,,,0.55,,0.5500125495708047,0.4499874504291953,0.9597239097971862,0.3811975486179981,5,0.1,0.5,0.5463694904211117,1.0,0.5603129734154814,0.5491973577458161,0.5689378333141333,0.5530675071624382,0.5551556646579221,0.5413111787644156,0.5557399920682946,0.552815673494123,0.5627589621132087,0.5499932617210075
6,2,0.18812489525242976,0.94244,5000,0.8921477993329366,0.9364508393285371,834,0.8655682063331238,0.9499,0.7707331256712766,0.08339169935185546,,,0.7363317964635889,,0.7363485768786707,0.2636514231213293,0.965870181204043,0.3845518444035965,5,0.1,0.5,0.5598745043101632,0.5603129734154814,1.0,0.5489637103123198,0.5647607775119806,0.549290999555055,0.5438536385573681,0.5537788095454917,0.5635353787168351,0.5616752125303879,0.5594296269109317,0.5586410625178996
6,3,0.19290625117244614,0.94416,5000,0.8593333738821524,0.9556354916067147,834,0.8688179048867272,0.9497,0.7657182441109579,0.08289890935445066,,,0.5732815443953786,,0.5732945133276441,0.42670548667235586,0.9613156808238634,0.38187697092647027,5,0.1,0.5,0.553638307610733,0.5491973577458161,0.5489637103123198,1.0,0.5692773038695118,0.547478393856011,0.5421851723565942,0.545028378085682,0.5489866969565809,0.5536315011186224,0.564559812341208,0.5572410509904089
6,4,0.17945366341377472,0.9468,5000,0.8723226763583996,0.9495798319327731,833,0.865207280785131,0.9499,0.7819661036645941,0.08415836577287421,,,0.9899999996691282,,0.9900005019828322,0.009999498017167818,0.9673601434501841,0.38516104288323294,5,0.1,0.5,0.5603506381011111,0.5689378333141333,0.5647607775119806,0.5692773038695118,1.0,0.5687541870440295,0.5611198721745413,0.5607870499005148,0.5682662150591311,0.5731204259863606,0.5609682652752533,0.568858754897219
6,5,0.18886506032839323,0.94288,5000,0.8431269084965741,0.9627851140456183,833,0.8653508683743949,0.9499,0.7677033920579425,0.08343552964040646,,,0.7508339974703028,,0.7508508609005572,0.2491491390994428,0.9661268050798371,0.3846586830793361,5,0.1,0.5,0.5577660072052226,0.5530675071624382,0.549290999555055,0.547478393856011,0.5687541870440295,1.0,0.549170490238303,0.5429256525331053,0.5507388672432095,0.5539847960729503,0.5648273324591829,0.5568265464079544
6,6,0.19548004321504836,0.94192,5000,0.8587248479878461,0.9627851140456183,833,0.8681011258984526,0.9502,0.7647398272861753,0.08296013444388674,,,0.5935391923144199,,0.5935495206063952,0.4064504793936048,0.9619993132709271,0.38239137407975515,5,0.1,0.5,0.5547744168001439,0.5551556646579221,0.5438536385573681,0.5421851723565942,0.5611198721745413,0.549170490238303,1.0,0.5524829331851885,0.5534598528426278,0.5509544403697583,0.5528277995901285,0.5544984762434305
6,7,0.19466990903138545,0.94104,5000,0.8613203675658615,0.9507803121248499,833,0.8665452169153256,0.9501,0.7630694240413978,0.08310385980719547,,,0.6410938440717542,,0.6411123939561267,0.35888760604387326,0.963409638155321,0.3833704279395195,5,0.1,0.5,0.5485283127875521,0.5413111787644156,0.5537788095454917,0.545028378085682,0.5607870499005148,0.5429256525331053,0.5524829331851885,1.0,0.5507143530241552,0.5448618119033497,0.5611284558653407,0.5518041526946161
6,8,0.1943164645118793,0.94244,5000,0.8793362732286807,0.957983193277311,833,0.8656123509041418,0.9499,0.7725489738535182,0.08339096190960797,,,0.7360877977116416,,0.7361076251192209,0.2638923748807791,0.9657220855428511,0.38455079651293295,5,0.1,0.5,0.5539819919393663,0.5557399920682946,0.5635353787168351,0.5489866969565809,0.5682662150591311,0.5507388672432095,0.5534598528426278,0.5507143530241552,1.0,0.5608663825717899,0.5623021564265002,0.5727639373824498
6,9,0.1914690296248693,0.94264,5000,0.8582998624554387,0.9459783913565426,833,0.8653496195333072,0.9499,0.7706468952851748,0.08344094680759846,,,0.7526263846551147,,0.7526429396114653,0.24735706038853467,0.9661993218235582,0.3846716022828206,5,0.1,0.5,0.5529577042308514,0.552815673494123,0.5616752125303879,0.5536315011186224,0.5731204259863606,0.5539847960729503,0.5509544403697583,0.5448618119033497,0.5608663825717899,1.0,0.5580550808771833,0.559900640838084
6,10,0.1969372324867969,0.94156,5000,0.8679982605907652,0.9315726290516206,833,0.8686054990695308,0.9502,0.7764433551184582,0.08362530150422215,,,0.8136241319972922,,0.8136388735505246,0.18636112644947544,0.9666775857950598,0.3849744496885976,5,0.1,0.5,0.5594358785164839,0.5627589621132087,0.5594296269109317,0.564559812341208,0.5609682652752533,0.5648273324591829,0.5528277995901285,0.5611284558653407,0.5623021564265002,0.5580550808771833,1.0,0.5704457504257958
6,11,0.18568702055746392,0.94196,5000,0.8615158354794538,0.9495798319327731,833,0.8653707306225079,0.9499,0.7743602286249085,0.08353475225948115,,,0.7836639516824345,,0.7836755182972742,0.21632448170272578,0.9664211299290963,0.38485195589225474,5,0.1,0.5,0.5564909402655641,0.5499932617210075,0.5586410625178996,0.5572410509904089,0.568858754897219,0.5568265464079544,0.5544984762434305,0.5518041526946161,0.5727639373824498,0.559900640838084,0.5704457504257958,1.0
7,0,0.19361158351111374,0.94192,5000,0.6484696114504779,0.9568345323741008,834,0.6676149590137287,0.9537,0.7570611008823085,0.08328126910798851,,,0.7208448064436512,,0.7208624065056976,0.27913759349430245,0.9624681970371488,0.3775569406131758,5,0.1,0.5,1.0,0.5275740832256033,0.5375964120011889,0.5341758987373876,0.5368293840950276,0.5407359662629937,0.534009746931763,0.5353813941959766,0.5347470072777283,0.5306594420988583,0.526511206673482,0.5357111687035595
7,1,0.18388518435987317,0.94652,5000,0.694844827607826,0.9436450839328537,834,0.6743776070805022,0.9531,0.7512133389826456,0.08280068503888394,,,0.55,,0.5500125495708047,0.4499874504291953,0.9574077615299199,0.3743948138769371,5,0.1,0.5,0.5275740832256033,1.0,0.5377190780353489,0.5251013153002486,0.5349883883217499,0.5369414009372441,0.527908576652615,0.5257036100530689,0.5206723320811864,0.5240266403603361,0.5263215238322834,0.5361036247842988
