round,client_id,client_i_training_loss,client_i_training_accuracy,client_i_training_dataset_size,client_i_evaluation_loss,client_i_evaluation_accuracy,client_i_evaluation_dataset_size,client_i_central_evaluation_loss,client_i_central_evaluation_accuracy,client_i_cosine_similarity,client_i_importance_coefficient,client_i_tanh_val,tanh_normalization_value,client_i_q,client_i_mask_order,client_i_v_nonzero_fraction,client_i_v_sparsity,client_i_v_cosine_similarity,client_i_reward_gradient_norm,local_epochs,learning_rate,gamma,client_0_cosine_similarity,client_1_cosine_similarity,client_2_cosine_similarity,client_3_cosine_similarity,client_4_cosine_similarity,client_5_cosine_similarity,client_6_cosine_similarity,client_7_cosine_similarity,client_8_cosine_similarity,client_9_cosine_similarity,client_10_cosine_similarity,client_11_cosine_similarity
0,0,2.2403152225883143,0.31948,5000,2.2745993225662797,0.2697841726618705,834,2.271513185562036,0.2635,0.9940902858173168,0.08340373834091534,,,0.97,,0.9700176878243976,0.029982312175602432,0,0.09932508499670854,5,0.001,0.1,1.0,0.9932647824377931,0.9930778228487511,0.9873771893091291,0.9779423485366139,0.9796215577695492,0.9905967361245633,0.9852687597802985,0.9749926863661429,0.9929983729868699,0.9880820000028447,0.985353311522323
0,1,2.244982315476533,0.33712,5000,2.271006875567966,0.24700239808153476,834,2.271513185562036,0.2635,0.9957287174444823,0.08354120203477815,,,0.97,,0.9700176878243976,0.029982312175602432,0,0.09932508499670854,5,0.001,0.1,0.9932647824377931,1.0,0.9927217805688425,0.9884711085742398,0.9825029979508395,0.9828442587920709,0.991312358812844,0.9885955079794042,0.9801820396512329,0.9903390713367316,0.9902957641159157,0.9875743864765052
0,2,2.2424742051750233,0.33436,5000,2.270726716076886,0.2709832134292566,834,2.271513185562036,0.2635,0.9947731056758842,0.08346102662713083,,,0.97,,0.9700176878243976,0.029982312175602432,0,0.09932508499670854,5,0.001,0.1,0.9930778228487511,0.9927217805688425,1.0,0.9869434005539166,0.9795309899842496,0.9830539733960348,0.9893587337680619,0.9851923711709901,0.9770517204817248,0.9942797829315527,0.989504948391619,0.9859985830255694
0,3,2.244115288849849,0.3046,5000,2.2679785357581244,0.2745803357314149,834,2.271513185562036,0.2635,0.9941115551292811,0.08340552282684692,,,0.97,,0.9700176878243976,0.029982312175602432,0,0.09932508499670854,5,0.001,0.1,0.9873771893091291,0.9884711085742398,0.9869434005539166,1.0,0.9787361574024663,0.9833650353485084,0.9792394381265997,0.9858754754796489,0.987053112663094,0.9860805422628408,0.9902669794953215,0.9954206376143204
0,4,2.2424571429088616,0.32316,5000,2.2714670410862676,0.2797118847539016,833,2.271513185562036,0.2635,0.9895420596770941,0.08302214416549035,,,0.97,,0.9700176878243976,0.029982312175602432,0,0.09932508499670854,5,0.001,0.1,0.9779423485366139,0.9825029979508395,0.9795309899842496,0.9787361574024663,1.0,0.9892895227133759,0.9820088574693577,0.9888225495710662,0.9807355097117076,0.9713814515126745,0.9899292048560534,0.9734856090701173
0,5,2.240855035660373,0.30336,5000,2.269750789359764,0.2653061224489796,833,2.271513185562036,0.2635,0.9927612905877837,0.08329223622489862,,,0.97,,0.9700176878243976,0.029982312175602432,0,0.09932508499670854,5,0.001,0.1,0.9796215577695492,0.9828442587920709,0.9830539733960348,0.9833650353485084,0.9892895227133759,1.0,0.9819405474247211,0.9913412589228129,0.9903513391110703,0.9790985104858145,0.9895772929912563,0.982251958330588
0,6,2.2401579984434092,0.34688,5000,2.2731155112937644,0.25210084033613445,833,2.271513185562036,0.2635,0.9916855709101315,0.08320198381643723,,,0.97,,0.9700176878243976,0.029982312175602432,0,0.09932508499670854,5,0.001,0.1,0.9905967361245633,0.991312358812844,0.9893587337680619,0.9792394381265997,0.9820088574693577,0.9819405474247211,1.0,0.9869787556736294,0.9698806811120935,0.9867056489099396,0.9858433457514225,0.9760486357211409
0,7,2.241310515677094,0.32636,5000,2.268043624030219,0.2605042016806723,833,2.271513185562036,0.2635,0.9948777700414828,0.08346980792143231,,,0.97,,0.9700176878243976,0.029982312175602432,0,0.09932508499670854,5,0.001,0.1,0.9852687597802985,0.9885955079794042,0.9851923711709901,0.9858754754796489,0.9888225495710662,0.9913412589228129,0.9869787556736294,1.0,0.9871477938924947,0.98275411005422,0.9922897031092585,0.9836953173159876
0,8,2.242025370506724,0.30828,5000,2.275116311179267,0.23649459783913565,833,2.271513185562036,0.2635,0.9897725675633123,0.08304148367589695,,,0.97,,0.9700176878243976,0.029982312175602432,0,0.09932508499670854,5,0.001,0.1,0.9749926863661429,0.9801820396512329,0.9770517204817248,0.987053112663094,0.9807355097117076,0.9903513391110703,0.9698806811120935,0.9871477938924947,1.0,0.9748782684170748,0.986179804961041,0.9886596685611985
0,9,2.2421254340250782,0.32092,5000,2.2646024933567754,0.2737094837935174,833,2.271513185562036,0.2635,0.9925184518270674,0.08327186215953777,,,0.97,,0.9700176878243976,0.029982312175602432,0,0.09932508499670854,5,0.001,0.1,0.9929983729868699,0.9903390713367316,0.9942797829315527,0.9860805422628408,0.9713814515126745,0.9790985104858145,0.9867056489099396,0.98275411005422,0.9748782684170748,1.0,0.9857772668734265,0.9855478306619204
0,10,2.2444536512824382,0.3094,5000,2.2673365981490523,0.26410564225690275,833,2.271513185562036,0.2635,0.9964097186403427,0.08359833773599135,,,0.97,,0.9700176878243976,0.029982312175602432,0,0.09932508499670854,5,0.001,0.1,0.9880820000028447,0.9902957641159157,0.989504948391619,0.9902669794953215,0.9899292048560534,0.9895772929912563,0.9858433457514225,0.9922897031092585,0.986179804961041,0.9857772668734265,1.0,0.9884746082785647
0,11,2.2430839848366513,0.3064,5000,2.2682244601073087,0.26770708283313327,833,2.271513185562036,0.2635,0.9927424376374223,0.08329065447064417,,,0.97,,0.9700176878243976,0.029982312175602432,0,0.09932508499670854,5,0.001,0.1,0.985353311522323,0.9875743864765052,0.9859985830255694,0.9954206376143204,0.9734856090701173,0.982251958330588,0.9760486357211409,0.9836953173159876,0.9886596685611985,0.9855478306619204,0.9884746082785647,1.0
1,0,2.1340391357992865,0.43428,5000,2.227506752367373,0.3513189448441247,834,2.223624402341751,0.3544,0.9975465429651393,0.0833722744356466,,,0.97,,0.9700176878243976,0.029982312175602432,0.9478951024978661,0.09976781817128359,5,0.001,0.1,1.0,0.9961679848318696,0.9955945760735126,0.9944259122509216,0.9950874255390967,0.9935214072686509,0.9951522378998416,0.9959170046837182,0.9923316943803604,0.9953720560934907,0.9953865671799487,0.9938025958978842
1,1,2.1424611522893238,0.45648,5000,2.223169953734786,0.3393285371702638,834,2.223624402341751,0.3544,0.9986461973726916,0.08349210680293301,,,0.97,,0.9700176878243976,0.029982312175602432,0.9478951024978661,0.09976781817128359,5,0.001,0.1,0.9961679848318696,1.0,0.9969112205605389,0.9961422223569876,0.9952542602911012,0.9956904061911421,0.9950353664754169,0.9964030977491345,0.9953556701144712,0.9959591425014684,0.9969736884521484,0.9960296368870136
1,2,2.1386947224853903,0.44236,5000,2.2221478621164956,0.35611510791366907,834,2.223624402341751,0.3544,0.9981817728900428,0.08342792791926622,,,0.97,,0.9700176878243976,0.029982312175602432,0.9478951024978661,0.09976781817128359,5,0.001,0.1,0.9955945760735126,0.9969112205605389,1.0,0.9952366029231379,0.9934948491809067,0.9955483558339379,0.9949442960073478,0.9954552783166237,0.99386672066789,0.9971440339653582,0.9966304726143387,0.9955316342482688
1,3,2.141770990183399,0.43776,5000,2.219364784382008,0.35851318944844124,834,2.223624402341751,0.3544,0.9979586554567085,0.08338667504716832,,,0.97,,0.9700176878243976,0.029982312175602432,0.9478951024978661,0.09976781817128359,5,0.001,0.1,0.9944259122509216,0.9961422223569876,0.9952366029231379,1.0,0.9945076367613663,0.9944937491929732,0.9909544195497912,0.9965159010373151,0.9965698900510586,0.9942346353466307,0.9970138490954423,0.9976005011291927
1,4,2.1395784537503673,0.46408,5000,2.2229835015756114,0.38535414165666265,833,2.223624402341751,0.3544,0.9969514685397811,0.08311897052061276,,,0.97,,0.9700176878243976,0.029982312175602432,0.9478951024978661,0.09976781817128359,5,0.001,0.1,0.9950874255390967,0.9952542602911012,0.9934948491809067,0.9945076367613663,1.0,0.9947730469944202,0.9942876920464674,0.9956509109826039,0.9926244206445842,0.991792435343722,0.9957438029104368,0.9924428220020411
1,5,2.1367644556009084,0.43416,5000,2.219444160108213,0.3469387755102041,833,2.223624402341751,0.3544,0.99768055610032,0.08330819984438717,,,0.97,,0.9700176878243976,0.029982312175602432,0.9478951024978661,0.09976781817128359,5,0.001,0.1,0.9935214072686509,0.9956904061911421,0.9955483558339379,0.9944937491929732,0.9947730469944202,1.0,0.9942294791699406,0.996364172166508,0.9951444093722928,0.9949527209298814,0.9951773248901485,0.9944858826393919
1,6,2.1348474359816048,0.4374,5000,2.224833126421328,0.3469387755102041,833,2.223624402341751,0.3544,0.9962202606110174,0.0832056854079638,,,0.97,,0.9700176878243976,0.029982312175602432,0.9478951024978661,0.09976781817128359,5,0.001,0.1,0.9951522378998416,0.9950353664754169,0.9949442960073478,0.9909544195497912,0.9942876920464674,0.9942294791699406,1.0,0.9945289322957807,0.9893031136888487,0.9936649392230371,0.99434356887834,0.9904448939228171
1,7,2.135630267744611,0.4454,5000,2.21906699957671,0.3577430972388956,833,2.223624402341751,0.3544,0.9984560995294665,0.08344217205165982,,,0.97,,0.9700176878243976,0.029982312175602432,0.9478951024978661,0.09976781817128359,5,0.001,0.1,0.9959170046837182,0.9964030977491345,0.9954552783166237,0.9965159010373151,0.9956509109826039,0.996364172166508,0.9945289322957807,1.0,0.9958293018752897,0.9948904772430739,0.9966018899050451,0.9954978458785249
1,8,2.138241188845057,0.41384,5000,2.230059508924131,0.3469387755102041,833,2.223624402341751,0.3544,0.9969814045936176,0.0831318009798563,,,0.97,,0.9700176878243976,0.029982312175602432,0.9478951024978661,0.09976781817128359,5,0.001,0.1,0.9923316943803604,0.9953556701144712,0.99386672066789,0.9965698900510586,0.9926244206445842,0.9951444093722928,0.9893031136888487,0.9958293018752897,1.0,0.9931359814706755,0.9948544653333152,0.9969982290546396
1,9,2.138516019256252,0.42248,5000,2.2131765771795204,0.36014405762304924,833,2.223624402341751,0.3544,0.9973851117346072,0.08328616224361639,,,0.97,,0.9700176878243976,0.029982312175602432,0.9478951024978661,0.09976781817128359,5,0.001,0.1,0.9953720560934907,0.9959591425014684,0.9971440339653582,0.9942346353466307,0.991792435343722,0.9949527209298814,0.9936649392230371,0.9948904772430739,0.9931359814706755,1.0,0.9953208732154987,0.99435617097787
1,10,2.1420802699532477,0.4432,5000,2.2186098010451705,0.3445378151260504,833,2.223624402341751,0.3544,0.9985185968344882,0.0835230371116974,,,0.97,,0.9700176878243976,0.029982312175602432,0.9478951024978661,0.09976781817128359,5,0.001,0.1,0.9953865671799487,0.9969736884521484,0.9966304726143387,0.9970138490954423,0.9957438029104368,0.9951773248901485,0.99434356887834,0.9966018899050451,0.9948544653333152,0.9953208732154987,1.0,0.9963448948705141
1,11,2.1401422620578936,0.41484,5000,2.2215302608631275,0.3589435774309724,833,2.223624402341751,0.3544,0.9976111204453713,0.08330498763519235,,,0.97,,0.9700176878243976,0.029982312175602432,0.9478951024978661,0.09976781817128359,5,0.001,0.1,0.9938025958978842,0.9960296368870136,0.9955316342482688,0.9976005011291927,0.9924428220020411,0.9944858826393919,0.9904448939228171,0.9954978458785249,0.9969982290546396,0.99435617097787,0.9963448948705141,1.0
2,0,1.982164529174756,0.49096,5000,2.1680125925276013,0.447242206235012,834,2.1631699278712655,0.4504,0.9985636700562566,0.08335406278533519,,,0.97,,0.9700176878243976,0.029982312175602432,0.9836766623865085,0.0998657862635627,5,0.001,0.1,1.0,0.997771996623606,0.9975873463487717,0.9968776871569942,0.9968313532777118,0.9960943428990783,0.9968987406938057,0.9973363696880023,0.9956212063901183,0.9973534929612669,0.9978611011285233,0.9964844552118924
2,1,1.9945882971879023,0.51312,5000,2.162988035767167,0.42805755395683454,834,2.1631699278712655,0.4504,0.9991539374742122,0.08344659726725548,,,0.97,,0.9700176878243976,0.029982312175602432,0.9836766623865085,0.0998657862635627,5,0.001,0.1,0.997771996623606,1.0,0.9979639148939823,0.9979967739019763,0.9975963193800567,0.9972259480169161,0.9965954225906721,0.9978580469623494,0.9975454653007412,0.997391825603346,0.9981178332660522,0.9977296060080839
2,2,1.9897584571959865,0.49168,5000,2.1607380708058677,0.4460431654676259,834,2.1631699278712655,0.4504,0.9989475353276062,0.08340057984162257,,,0.97,,0.9700176878243976,0.029982312175602432,0.9836766623865085,0.0998657862635627,5,0.001,0.1,0.9975873463487717,0.9979639148939823,1.0,0.9973805281221186,0.9969730028901929,0.9971871026275022,0.9969271462330495,0.9973023443581989,0.9969336831092818,0.9980071061704046,0.9977039720794819,0.9973548456310494
2,3,1.9941428966582961,0.5014,5000,2.158230154602616,0.44964028776978415,834,2.1631699278712655,0.4504,0.9988868453660221,0.08337332395806304,,,0.97,,0.9700176878243976,0.029982312175602432,0.9836766623865085,0.0998657862635627,5,0.001,0.1,0.9968776871569942,0.9979967739019763,0.9973805281221186,1.0,0.997190965197962,0.9968813555312367,0.9952557281508277,0.9977665457334743,0.9977121944995875,0.9968459804827098,0.9981967856497859,0.9984884998089063
2,4,1.9890149069439833,0.5216,5000,2.161744312003807,0.48619447779111646,833,2.1631699278712655,0.4504,0.9985220872618846,0.08319738942733435,,,0.97,,0.9700176878243976,0.029982312175602432,0.9836766623865085,0.0998657862635627,5,0.001,0.1,0.9968313532777118,0.9975963193800567,0.9969730028901929,0.997190965197962,1.0,0.9971232583308371,0.9965855204189852,0.9973955444777073,0.9961513829945193,0.9957026691921205,0.9982287163901481,0.99645075009219
2,5,1.9853337093523353,0.4932,5000,2.15582392833851,0.4645858343337335,833,2.1631699278712655,0.4504,0.9985511226312273,0.08331436593440408,,,0.97,,0.9700176878243976,0.029982312175602432,0.9836766623865085,0.0998657862635627,5,0.001,0.1,0.9960943428990783,0.9972259480169161,0.9971871026275022,0.9968813555312367,0.9971232583308371,1.0,0.9966384437725347,0.9977963274475488,0.9970328780042529,0.9966258306021573,0.9971759535957527,0.9967951996054774
2,6,1.981807560677741,0.48896,5000,2.1640904214647083,0.4345738295318127,833,2.1631699278712655,0.4504,0.9978078642452499,0.0832275134201533,,,0.97,,0.9700176878243976,0.029982312175602432,0.9836766623865085,0.0998657862635627,5,0.001,0.1,0.9968987406938057,0.9965954225906721,0.9969271462330495,0.9952557281508277,0.9965855204189852,0.9966384437725347,1.0,0.9968929795233764,0.9941683880379518,0.9959311326782647,0.9970352081898315,0.9947391585612213
2,7,1.9838415912761809,0.5004,5000,2.157480275189435,0.4489795918367347,833,2.1631699278712655,0.4504,0.9989731848758415,0.08341014247662369,,,0.97,,0.9700176878243976,0.029982312175602432,0.9836766623865085,0.0998657862635627,5,0.001,0.1,0.9973363696880023,0.9978580469623494,0.9973023443581989,0.9977665457334743,0.9973955444777073,0.9977963274475488,0.9968929795233764,1.0,0.9971643411860616,0.9967516038036085,0.9980915079873124,0.9972725307006264
2,8,1.98837431555341,0.47064,5000,2.1729324217195862,0.4381752701080432,833,2.1631699278712655,0.4504,0.9982921263665125,0.08319783539490244,,,0.97,,0.9700176878243976,0.029982312175602432,0.9836766623865085,0.0998657862635627,5,0.001,0.1,0.9956212063901183,0.9975454653007412,0.9969336831092818,0.9977121944995875,0.9961513829945193,0.9970328780042529,0.9941683880379518,0.9971643411860616,1.0,0.9960815344577029,0.9970231697021918,0.9980392536161729
2,9,1.9908596867968322,0.47696,5000,2.148534898404722,0.4489795918367347,833,2.1631699278712655,0.4504,0.9983737408837827,0.08329512705602272,,,0.97,,0.9700176878243976,0.029982312175602432,0.9836766623865085,0.0998657862635627,5,0.001,0.1,0.9973534929612669,0.997391825603346,0.9980071061704046,0.9968459804827098,0.9957026691921205,0.9966258306021573,0.9959311326782647,0.9967516038036085,0.9960815344577029,1.0,0.9971315331215175,0.9966216462381369
2,10,1.9950038519634563,0.49984,5000,2.1572557467001454,0.46938775510204084,833,2.1631699278712655,0.4504,0.9992066061650949,0.08346726425329833,,,0.97,,0.9700176878243976,0.029982312175602432,0.9836766623865085,0.0998657862635627,5,0.001,0.1,0.9978611011285233,0.9981178332660522,0.9977039720794819,0.9981967856497859,0.9982287163901481,0.9971759535957527,0.9970352081898315,0.9980915079873124,0.9970231697021918,0.9971315331215175,1.0,0.9978585906558741
2,11,1.990127012684087,0.47448,5000,2.162722693549262,0.4429771908763505,833,2.1631699278712655,0.4504,0.9986565313651855,0.08331579818498477,,,0.97,,0.9700176878243976,0.029982312175602432,0.9836766623865085,0.0998657862635627,5,0.001,0.1,0.9964844552118924,0.9977296060080839,0.9973548456310494,0.9984884998089063,0.99645075009219,0.9967951996054774,0.9947391585612213,0.9972725307006264,0.9980392536161729,0.9966216462381369,0.9978585906558741,1.0
3,0,1.817692273893174,0.53744,5000,2.0951298077901206,0.5011990407673861,834,2.0891218665308844,0.5064,0.9988149151762675,0.08334330754001627,,,0.97,,0.9700176878243976,0.029982312175602432,0.9939471896292358,0.0998894096297889,5,0.001,0.1,1.0,0.9980445382506082,0.9978538596447382,0.9975378039426579,0.9976197979846989,0.9966965166825137,0.9975583827535551,0.9976351537915753,0.9967256689491094,0.9976637746094825,0.998216575372641,0.9970375148689526
3,1,1.8310497586134893,0.55432,5000,2.0894422707734286,0.4880095923261391,834,2.0891218665308844,0.5064,0.9991511565702831,0.0834108975069995,,,0.97,,0.9700176878243976,0.029982312175602432,0.9939471896292358,0.0998894096297889,5,0.001,0.1,0.9980445382506082,1.0,0.9981780568998861,0.9982999235695365,0.9978510684839382,0.9974629369844493,0.9971774449471033,0.9981111236240638,0.9978546278306699,0.9977181892196707,0.9980454495130959,0.9978758276992091
3,2,1.8265360355377198,0.53744,5000,2.0856354766421847,0.5011990407673861,834,2.0891218665308844,0.5064,0.9990690507017972,0.08338003155554963,,,0.97,,0.9700176878243976,0.029982312175602432,0.9939471896292358,0.0998894096297889,5,0.001,0.1,0.9978538596447382,0.9981780568998861,1.0,0.9977498879565335,0.9973279623625241,0.9977332040821747,0.9977774137076294,0.9978148583432656,0.9974137392894468,0.9982444122450829,0.9979289794847285,0.9976138440280662
3,3,1.830328537704079,0.54844,5000,2.08361785058622,0.5083932853717026,834,2.0891218665308844,0.5064,0.9991328763928237,0.08336537898902807,,,0.97,,0.9700176878243976,0.029982312175602432,0.9939471896292358,0.0998894096297889,5,0.001,0.1,0.9975378039426579,0.9982999235695365,0.9977498879565335,1.0,0.9975956193852205,0.9976294277315244,0.9966654922807034,0.9982010162751821,0.9983234667233843,0.9973138780620382,0.998431856077702,0.9986526686612625
3,4,1.8244245966528632,0.56756,5000,2.0864230703424522,0.5294117647058824,833,2.0891218665308844,0.5064,0.9987345238735494,0.08324464664399768,,,0.97,,0.9700176878243976,0.029982312175602432,0.9939471896292358,0.0998894096297889,5,0.001,0.1,0.9976197979846989,0.9978510684839382,0.9973279623625241,0.9975956193852205,1.0,0.9974270669459503,0.9974359908865779,0.9979605998438384,0.996879668847936,0.9964669528861078,0.9982168117815182,0.9968489200465395
3,5,1.821927416552404,0.544,5000,2.0779761649944164,0.5330132052821128,833,2.0891218665308844,0.5064,0.9987684156695668,0.08331746622159862,,,0.97,,0.9700176878243976,0.029982312175602432,0.9939471896292358,0.0998894096297889,5,0.001,0.1,0.9966965166825137,0.9974629369844493,0.9977332040821747,0.9976294277315244,0.9974270669459503,1.0,0.9969460995859407,0.9980066839641443,0.9977477566645714,0.9974672464821653,0.9975408408094608,0.9973781396541876
3,6,1.8164197419099748,0.53044,5000,2.0900342641053378,0.48259303721488594,833,2.0891218665308844,0.5064,0.9984264729611497,0.08325317624309302,,,0.97,,0.9700176878243976,0.029982312175602432,0.9939471896292358,0.0998894096297889,5,0.001,0.1,0.9975583827535551,0.9971774449471033,0.9977774137076294,0.9966654922807034,0.9974359908865779,0.9969460995859407,1.0,0.9977194928962771,0.9959444886911667,0.9969686163292798,0.9976086131603761,0.9961356177904587
3,7,1.8200628983746667,0.5484,5000,2.0823469824261136,0.5042016806722689,833,2.0891218665308844,0.5064,0.999185345943034,0.08338964808065641,,,0.97,,0.9700176878243976,0.029982312175602432,0.9939471896292358,0.0998894096297889,5,0.001,0.1,0.9976351537915753,0.9981111236240638,0.9978148583432656,0.9982010162751821,0.9979605998438384,0.9980066839641443,0.9977194928962771,1.0,0.9979036596263625,0.9974390325329429,0.9983568058934804,0.9978822944769089
3,8,1.8249422746099484,0.51948,5000,2.1024219459957547,0.4897959183673469,833,2.0891218665308844,0.5064,0.9987633429878184,0.08324585014039963,,,0.97,,0.9700176878243976,0.029982312175602432,0.9939471896292358,0.0998894096297889,5,0.001,0.1,0.9967256689491094,0.9978546278306699,0.9974137392894468,0.9983234667233843,0.996879668847936,0.9977477566645714,0.9959444886911667,0.9979036596263625,1.0,0.9970158552441027,0.9978278105067135,0.9983383698983389
3,9,1.8292131317648919,0.5226,5000,2.0701753298441568,0.5150060024009604,833,2.0891218665308844,0.5064,0.9986709515137688,0.08330252428187751,,,0.97,,0.9700176878243976,0.029982312175602432,0.9939471896292358,0.0998894096297889,5,0.001,0.1,0.9976637746094825,0.9977181892196707,0.9982444122450829,0.9973138780620382,0.9964669528861078,0.9974672464821653,0.9969686163292798,0.9974390325329429,0.9970158552441027,1.0,0.9975149794694004,0.9970522037736572
3,10,1.8331937553017004,0.54816,5000,2.0823260501579,0.524609843937575,833,2.0891218665308844,0.5064,0.9992430376707441,0.08342653493617688,,,0.97,,0.9700176878243976,0.029982312175602432,0.9939471896292358,0.0998894096297889,5,0.001,0.1,0.998216575372641,0.9980454495130959,0.9979289794847285,0.998431856077702,0.9982168117815182,0.9975408408094608,0.9976086131603761,0.9983568058934804,0.9978278105067135,0.9975149794694004,1.0,0.9980322675415986
3,11,1.82640551336252,0.52708,5000,2.090485378547951,0.49939975990396157,833,2.0891218665308844,0.5064,0.9988363831613183,0.08332053786060681,,,0.97,,0.9700176878243976,0.029982312175602432,0.9939471896292358,0.0998894096297889,5,0.001,0.1,0.9970375148689526,0.9978758276992091,0.9976138440280662,0.9986526686612625,0.9968489200465395,0.9973781396541876,0.9961356177904587,0.9978822944769089,0.9983383698983389,0.9970522037736572,0.9980322675415986,1.0
4,0,1.665312287458189,0.58004,5000,2.008841134883739,0.5539568345323741,834,2.001564851203285,0.5585,0.9987920003525128,0.08333473757247875,,,0.97,,0.9700176878243976,0.029982312175602432,0.9963104781024462,0.09989314982229064,5,0.001,0.1,1.0,0.9978956587986916,0.9975646078308024,0.9975763664349913,0.9977267191564863,0.9967952755508074,0.9974688091981095,0.9977258043367279,0.9970260652611008,0.9976407349900148,0.9981643918718771,0.9971903324567128
4,1,1.6780635452574226,0.5954,5000,2.002498088059602,0.5335731414868106,834,2.001564851203285,0.5585,0.9991317038079179,0.08338714340118854,,,0.97,,0.9700176878243976,0.029982312175602432,0.9963104781024462,0.09989314982229064,5,0.001,0.1,0.9978956587986916,1.0,0.9981047655800602,0.9982643434680848,0.9979293308016377,0.9976569236720503,0.997366641455572,0.9982131203850791,0.9978792376273735,0.9975663148376902,0.9981383042082204,0.9978309101660114
4,2,1.6746626937465303,0.57588,5000,1.9967533040929724,0.5623501199040767,834,2.001564851203285,0.5585,0.999011416471787,0.08336433594722863,,,0.97,,0.9700176878243976,0.029982312175602432,0.9963104781024462,0.09989314982229064,5,0.001,0.1,0.9975646078308024,0.9981047655800602,1.0,0.99776186387317,0.9975563499988479,0.9978848592348991,0.9976611315602155,0.9977492898507889,0.9976337791366228,0.9981037345459217,0.9978106098395669,0.9975740906855043
4,3,1.6780907565621055,0.593,5000,1.9956062325724848,0.565947242206235,834,2.001564851203285,0.5585,0.99913990120313,0.08335949802183262,,,0.97,,0.9700176878243976,0.029982312175602432,0.9963104781024462,0.09989314982229064,5,0.001,0.1,0.9975763664349913,0.9982643434680848,0.99776186387317,1.0,0.9977044910310718,0.9977912828037415,0.9971695382704788,0.9983106446688466,0.9983228527044471,0.9971358070550053,0.9984367038387969,0.9984707018299748
4,4,1.6703196921925636,0.60288,5000,1.9968483757089686,0.5774309723889556,833,2.001564851203285,0.5585,0.9988852246003947,0.08327725159247763,,,0.97,,0.9700176878243976,0.029982312175602432,0.9963104781024462,0.09989314982229064,5,0.001,0.1,0.9977267191564863,0.9979293308016377,0.9975563499988479,0.9977044910310718,1.0,0.9977711327546638,0.9975407443501895,0.9980362842869133,0.9973213556400088,0.9967242313828683,0.9984174388614463,0.9971665348230884
4,5,1.6676869068935418,0.59308,5000,1.9863756850913719,0.581032412965186,833,2.001564851203285,0.5585,0.9988833578753359,0.08332184106019598,,,0.97,,0.9700176878243976,0.029982312175602432,0.9963104781024462,0.09989314982229064,5,0.001,0.1,0.9967952755508074,0.9976569236720503,0.9978848592348991,0.9977912828037415,0.9977711327546638,1.0,0.9969393383300122,0.9980361467601019,0.9979911855179534,0.9975142819763517,0.9977551092025684,0.9977361453124548
4,6,1.6602366224216047,0.56848,5000,2.002728815431948,0.5450180072028812,833,2.001564851203285,0.5585,0.9985159349814096,0.08327056409370609,,,0.97,,0.9700176878243976,0.029982312175602432,0.9963104781024462,0.09989314982229064,5,0.001,0.1,0.9974688091981095,0.997366641455572,0.9976611315602155,0.9971695382704788,0.9975407443501895,0.9969393383300122,1.0,0.997504235142664,0.9964891120585461,0.9968903443634093,0.9978992196889489,0.9965390508161618
4,7,1.6657991151141514,0.58968,5000,1.993724717034234,0.5570228091236494,833,2.001564851203285,0.5585,0.9992037037142821,0.08337643773578304,,,0.97,,0.9700176878243976,0.029982312175602432,0.9963104781024462,0.09989314982229064,5,0.001,0.1,0.9977258043367279,0.9982131203850791,0.9977492898507889,0.9983106446688466,0.9980362842869133,0.9980361467601019,0.997504235142664,1.0,0.9981745793654718,0.9975702793833339,0.9984043909803498,0.99798487099843
4,8,1.6718853933796003,0.56632,5000,2.0187102953592935,0.5270108043217286,833,2.001564851203285,0.5585,0.9989177372432592,0.08327903874893225,,,0.97,,0.9700176878243976,0.029982312175602432,0.9963104781024462,0.09989314982229064,5,0.001,0.1,0.9970260652611008,0.9978792376273735,0.9976337791366228,0.9983228527044471,0.9973213556400088,0.9979911855179534,0.9964891120585461,0.9981745793654718,1.0,0.9972281190437452,0.9979374167219205,0.9982802887637198
4,9,1.6773493529884678,0.56824,5000,1.9781841260415536,0.5834333733493398,833,2.001564851203285,0.5585,0.9986274572351248,0.0833044210764585,,,0.97,,0.9700176878243976,0.029982312175602432,0.9963104781024462,0.09989314982229064,5,0.001,0.1,0.9976407349900148,0.9975663148376902,0.9981037345459217,0.9971358070550053,0.9967242313828683,0.9975142819763517,0.9968903443634093,0.9975702793833339,0.9972281190437452,1.0,0.9974794697666093,0.9969499154187998
4,10,1.680957711426316,0.5864,5000,1.9937715618698686,0.5654261704681873,833,2.001564851203285,0.5585,0.9992706791168593,0.08340121649187648,,,0.97,,0.9700176878243976,0.029982312175602432,0.9963104781024462,0.09989314982229064,5,0.001,0.1,0.9981643918718771,0.9981383042082204,0.9978106098395669,0.9984367038387969,0.9984174388614463,0.9977551092025684,0.9978992196889489,0.9984043909803498,0.9979374167219205,0.9974794697666093,1.0,0.9980691332771546
4,11,1.672188884285605,0.57236,5000,2.005189299583435,0.5498199279711885,833,2.001564851203285,0.5585,0.9988768445378914,0.08332351425784136,,,0.97,,0.9700176878243976,0.029982312175602432,0.9963104781024462,0.09989314982229064,5,0.001,0.1,0.9971903324567128,0.9978309101660114,0.9975740906855043,0.9984707018299748,0.9971665348230884,0.9977361453124548,0.9965390508161618,0.99798487099843,0.9982802887637198,0.9969499154187998,0.9980691332771546,1.0
5,0,1.529917616904921,0.61536,5000,1.9105987769586068,0.5995203836930456,834,1.9019369492515588,0.6092,0.9987728307943626,0.08333026615381564,,,0.97,,0.9700176878243976,0.029982312175602432,0.996968341087776,0.09988875174274878,5,0.001,0.1,1.0,0.9978853007641838,0.9973915808006204,0.9977119977977448,0.9975951236995165,0.9967175395991434,0.9974377660735562,0.9974236919196807,0.9972508832463325,0.9975655097186873,0.9981498667116268,0.9968954519450458
5,1,1.5408611632456446,0.6226,5000,1.9036684566073947,0.5731414868105515,834,1.9019369492515588,0.6092,0.9990816627274242,0.08337236619093677,,,0.97,,0.9700176878243976,0.029982312175602432,0.996968341087776,0.09988875174274878,5,0.001,0.1,0.9978853007641838,1.0,0.9979164023578372,0.9982286366970188,0.997821904073144,0.9975079426532407,0.9972374154729134,0.9980695322902134,0.9978641984568904,0.9976525732655244,0.9980502246197885,0.9974911386168239
5,2,1.535366924325372,0.61672,5000,1.8957670397228665,0.6235011990407674,834,1.9019369492515588,0.6092,0.9989175275128681,0.0833530844935665,,,0.97,,0.9700176878243976,0.029982312175602432,0.996968341087776,0.09988875174274878,5,0.001,0.1,0.9973915808006204,0.9979164023578372,1.0,0.9977234108055908,0.9974660325109187,0.9975898625959863,0.9977936385657216,0.9974381398588388,0.9974913867026746,0.9979009712270539,0.9978444491229889,0.9972031810385831
5,3,1.5412427798198287,0.62856,5000,1.895795327645761,0.6103117505995204,834,1.9019369492515588,0.6092,0.9991577087365738,0.08335786914231735,,,0.97,,0.9700176878243976,0.029982312175602432,0.996968341087776,0.09988875174274878,5,0.001,0.1,0.9977119977977448,0.9982286366970188,0.9977234108055908,1.0,0.9976486420723958,0.9977670170968872,0.9971423134975057,0.9982103885035751,0.9983132860582619,0.9973890322511036,0.9982689077907324,0.9982337277378589
5,4,1.5322193652960905,0.63144,5000,1.8944434104142365,0.6290516206482593,833,1.9019369492515588,0.6092,0.9988283674140551,0.08329680999870863,,,0.97,,0.9700176878243976,0.029982312175602432,0.996968341087776,0.09988875174274878,5,0.001,0.1,0.9975951236995165,0.997821904073144,0.9974660325109187,0.9976486420723958,1.0,0.9975127774227801,0.997510310813884,0.9978834318006746,0.9974085856480311,0.9967418600429033,0.9983131057772292,0.9967899316987445
5,5,1.5294132984367905,0.63028,5000,1.8824400769339666,0.6254501800720288,833,1.9019369492515588,0.6092,0.9987503884580263,0.08332163419976082,,,0.97,,0.9700176878243976,0.029982312175602432,0.996968341087776,0.09988875174274878,5,0.001,0.1,0.9967175395991434,0.9975079426532407,0.9975898625959863,0.9977670170968872,0.9975127774227801,1.0,0.9966232649384981,0.9977953783068274,0.9978103184509778,0.9975001529588662,0.9975354039485474,0.9973967448702076
5,6,1.5213209680690887,0.60708,5000,1.9036317666371663,0.581032412965186,833,1.9019369492515588,0.6092,0.9985485430181408,0.0832836789967712,,,0.97,,0.9700176878243976,0.029982312175602432,0.996968341087776,0.09988875174274878,5,0.001,0.1,0.9974377660735562,0.9972374154729134,0.9977936385657216,0.9971423134975057,0.997510310813884,0.9966232649384981,1.0,0.9973439062093798,0.9967851742129797,0.9971507973469569,0.9979202234024322,0.9963934961827106
5,7,1.5292932789037181,0.62468,5000,1.8928893009821575,0.617046818727491,833,1.9019369492515588,0.6092,0.9990640488246176,0.0833652334114397,,,0.97,,0.9700176878243976,0.029982312175602432,0.996968341087776,0.09988875174274878,5,0.001,0.1,0.9974236919196807,0.9980695322902134,0.9974381398588388,0.9982103885035751,0.9978834318006746,0.9977953783068274,0.9973439062093798,1.0,0.9980842497301815,0.9975100773339081,0.9982096663532948,0.997546245104064
5,8,1.5348720155703794,0.61004,5000,1.9232369484724823,0.5834333733493398,833,1.9019369492515588,0.6092,0.9989907620049474,0.08330314659938048,,,0.97,,0.9700176878243976,0.029982312175602432,0.996968341087776,0.09988875174274878,5,0.001,0.1,0.9972508832463325,0.9978641984568904,0.9974913867026746,0.9983132860582619,0.9974085856480311,0.9978103184509778,0.9967851742129797,0.9980842497301815,1.0,0.9974926811307046,0.998006616223667,0.9981306703165563
5,9,1.5412453419084002,0.60708,5000,1.8740003108978271,0.6542617046818727,833,1.9019369492515588,0.6092,0.9987067366194878,0.08330954413819351,,,0.97,,0.9700176878243976,0.029982312175602432,0.996968341087776,0.09988875174274878,5,0.001,0.1,0.9975655097186873,0.9976525732655244,0.9979009712270539,0.9973890322511036,0.9967418600429033,0.9975001529588662,0.9971507973469569,0.9975100773339081,0.9974926811307046,1.0,0.9974713502348158,0.996858379872543
5,10,1.5443785384961755,0.61644,5000,1.8930284402988575,0.6254501800720288,833,1.9019369492515588,0.6092,0.9992429905216826,0.08338620167642208,,,0.97,,0.9700176878243976,0.029982312175602432,0.996968341087776,0.09988875174274878,5,0.001,0.1,0.9981498667116268,0.9980502246197885,0.9978444491229889,0.9982689077907324,0.9983131057772292,0.9975354039485474,0.9979202234024322,0.9982096663532948,0.998006616223667,0.9974713502348158,1.0,0.9978897822996217
5,11,1.5349469442276438,0.6114,5000,1.9082517712204545,0.5882352941176471,833,1.9019369492515588,0.6092,0.9986730719589669,0.08332016499868726,,,0.97,,0.9700176878243976,0.029982312175602432,0.996968341087776,0.09988875174274878,5,0.001,0.1,0.9968954519450458,0.9974911386168239,0.9972031810385831,0.9982337277378589,0.9967899316987445,0.9973967448702076,0.9963934961827106,0.997546245104064,0.9981306703165563,0.996858379872543,0.9978897822996217,1.0
6,0,1.412876479185311,0.64316,5000,1.802308060504772,0.6306954436450839,834,1.7921865333002596,0.6401,0.9984704408593613,0.08332261916221892,,,0.97,,0.9700176878243976,0.029982312175602432,0.9973981326134163,0.09987372879786892,5,0.001,0.1,1.0,0.99743984380807,0.996710418083846,0.9971657838615757,0.9972521320830866,0.9961721687620285,0.9969121111274785,0.9970701519985089,0.9968756943786229,0.9969127209680134,0.9975803281060954,0.9965067772916989
6,1,1.4228989311084626,0.64888,5000,1.7950295695552119,0.6127098321342925,834,1.7921865333002596,0.6401,0.9989848768783377,0.08336503774237022,,,0.97,,0.9700176878243976,0.029982312175602432,0.9973981326134163,0.09987372879786892,5,0.001,0.1,0.99743984380807,1.0,0.9976792843026927,0.9979464234086726,0.9976903837008821,0.9971316697893975,0.9970331702818463,0.9976931613160227,0.9975486413764483,0.9973266972681625,0.9978794620323339,0.9973935934082132
6,2,1.4174028145279853,0.64416,5000,1.784562556831925,0.6534772182254197,834,1.7921865333002596,0.6401,0.998715811380175,0.08334453042625888,,,0.97,,0.9700176878243976,0.029982312175602432,0.9973981326134163,0.09987372879786892,5,0.001,0.1,0.996710418083846,0.9976792843026927,1.0,0.997359299494057,0.9971866684780527,0.9973212743887704,0.9973359937640222,0.9968445652238821,0.9971445258525209,0.9974859676237633,0.9974442501282629,0.9970264629402019
6,3,1.4216867049788213,0.64784,5000,1.7859178163387157,0.6486810551558753,834,1.7921865333002596,0.6401,0.9990228355603497,0.08335737320209212,,,0.97,,0.9700176878243976,0.029982312175602432,0.9973981326134163,0.09987372879786892,5,0.001,0.1,0.9971657838615757,0.9979464234086726,0.997359299494057,1.0,0.9974464939322825,0.9975938952541342,0.996888219604737,0.9979780780072145,0.9978410950015048,0.9969505594299425,0.9980122309946725,0.9980353849896357
6,4,1.4138994846374366,0.6564,5000,1.7811423142751057,0.6494597839135654,833,1.7921865333002596,0.6401,0.9987292676110386,0.08331045711444557,,,0.97,,0.9700176878243976,0.029982312175602432,0.9973981326134163,0.09987372879786892,5,0.001,0.1,0.9972521320830866,0.9976903837008821,0.9971866684780527,0.9974464939322825,1.0,0.99714721488569,0.997266790750106,0.9976738308487577,0.9970592469789298,0.9963262764254791,0.9979695601955377,0.9966821401940653
6,5,1.409948868584481,0.65588,5000,1.7683840371944286,0.6674669867947179,833,1.7921865333002596,0.6401,0.9986167192572866,0.08332204698957615,,,0.97,,0.9700176878243976,0.029982312175602432,0.9973981326134163,0.09987372879786892,5,0.001,0.1,0.9961721687620285,0.9971316697893975,0.9973212743887704,0.9975938952541342,0.99714721488569,1.0,0.9962111919256469,0.9974901424171952,0.9975056426503335,0.9973240117791992,0.9971821171756238,0.9972723026970395
6,6,1.4023356622191752,0.62944,5000,1.7946421349490131,0.6146458583433373,833,1.7921865333002596,0.6401,0.998400087312177,0.08329178128264164,,,0.97,,0.9700176878243976,0.029982312175602432,0.9973981326134163,0.09987372879786892,5,0.001,0.1,0.9969121111274785,0.9970331702818463,0.9973359937640222,0.996888219604737,0.997266790750106,0.9962111919256469,1.0,0.9970853479922185,0.9963637734429752,0.9969414827545173,0.9974321912584208,0.9962864134696482
6,7,1.408572753447636,0.65088,5000,1.7819457009986595,0.6374549819927972,833,1.7921865333002596,0.6401,0.9989303976897613,0.0833589056645887,,,0.97,,0.9700176878243976,0.029982312175602432,0.9973981326134163,0.09987372879786892,5,0.001,0.1,0.9970701519985089,0.9976931613160227,0.9968445652238821,0.9979780780072145,0.9976738308487577,0.9974901424171952,0.9970853479922185,1.0,0.9977004998844142,0.9971524278645856,0.9979166183525987,0.9975050231363135
6,8,1.4162656409725263,0.64168,5000,1.8181484496151958,0.6182472989195679,833,1.7921865333002596,0.6401,0.9987786627081616,0.08331593689159823,,,0.97,,0.9700176878243976,0.029982312175602432,0.9973981326134163,0.09987372879786892,5,0.001,0.1,0.9968756943786229,0.9975486413764483,0.9971445258525209,0.9978410950015048,0.9970592469789298,0.9975056426503335,0.9963637734429752,0.9977004998844142,1.0,0.9970792615729742,0.9974560087121284,0.9977182748314009
6,9,1.4243841382348614,0.63636,5000,1.7593766804094668,0.673469387755102,833,1.7921865333002596,0.6401,0.9985501315466749,0.0833124843123912,,,0.97,,0.9700176878243976,0.029982312175602432,0.9973981326134163,0.09987372879786892,5,0.001,0.1,0.9969127209680134,0.9973266972681625,0.9974859676237633,0.9969505594299425,0.9963262764254791,0.9973240117791992,0.9969414827545173,0.9971524278645856,0.9970792615729742,1.0,0.9972304567533713,0.996824143452528
6,10,1.4250196501707575,0.64532,5000,1.782094911292747,0.65906362545018,833,1.7921865333002596,0.6401,0.9990677322293972,0.08337619573364353,,,0.97,,0.9700176878243976,0.029982312175602432,0.9973981326134163,0.09987372879786892,5,0.001,0.1,0.9975803281060954,0.9978794620323339,0.9974442501282629,0.9980122309946725,0.9979695601955377,0.9971821171756238,0.9974321912584208,0.9979166183525987,0.9974560087121284,0.9972304567533713,1.0,0.997652073293678
6,11,1.4144528176374496,0.64496,5000,1.8016761364760223,0.6158463385354142,833,1.7921865333002596,0.6401,0.9986627444158238,0.08332263147817466,,,0.97,,0.9700176878243976,0.029982312175602432,0.9973981326134163,0.09987372879786892,5,0.001,0.1,0.9965067772916989,0.9973935934082132,0.9970264629402019,0.9980353849896357,0.9966821401940653,0.9972723026970395,0.9962864134696482,0.9975050231363135,0.9977182748314009,0.996824143452528,0.997652073293678,1.0
7,0,1.3112717618608172,0.65356,5000,1.6871930802309956,0.6438848920863309,834,1.6754980487183642,0.6559,0.9983039145391966,0.08331865504384783,,,0.97,,0.9700176878243976,0.029982312175602432,0.9976150068830126,0.09985482680313465,5,0.001,0.1,1.0,0.9970034264994208,0.9963635360592729,0.9967064917552925,0.9969352460065011,0.9955448919250184,0.9966967826399963,0.9966857287220495,0.9966702247498771,0.9965204455951217,0.9973607624714078,0.9958505991790209
7,1,1.3184055499210479,0.65912,5000,1.6798702434257224,0.6223021582733813,834,1.6754980487183642,0.6559,0.9987420063231084,0.08335880797939453,,,0.97,,0.9700176878243976,0.029982312175602432,0.9976150068830126,0.09985482680313465,5,0.001,0.1,0.9970034264994208,1.0,0.9971485630286216,0.997672917868022,0.9971358299461435,0.996567693602202,0.9965225918537488,0.9972798324699802,0.9973410558997448,0.9967697549721797,0.9973798042197305,0.9967644958450494
