round,client_id,client_i_training_loss,client_i_training_accuracy,client_i_training_dataset_size,client_i_evaluation_loss,client_i_evaluation_accuracy,client_i_evaluation_dataset_size,client_i_central_evaluation_loss,client_i_central_evaluation_accuracy,client_i_cosine_similarity,client_i_importance_coefficient,client_i_tanh_val,tanh_normalization_value,client_i_q,client_i_mask_order,client_i_v_nonzero_fraction,client_i_v_sparsity,client_i_v_cosine_similarity,client_i_reward_gradient_norm,local_epochs,learning_rate,gamma,client_0_cosine_similarity,client_1_cosine_similarity,client_2_cosine_similarity,client_3_cosine_similarity,client_4_cosine_similarity,client_5_cosine_similarity,client_6_cosine_similarity,client_7_cosine_similarity,client_8_cosine_similarity,client_9_cosine_similarity,client_10_cosine_similarity,client_11_cosine_similarity
0,0,2.213446218041098,0.31384,5000,2.2611045130976923,0.1342925659472422,834,2.262387973431962,0.1385,0.9972710744413167,0.08343360785266925,,,0.98,,0.9800166246218381,0.01998337537816186,0,0.09960725147449365,5,0.001,0.1,1.0,0.9870518681622507,0.9946922409476648,0.9923676031901889,0.9946235770605394,0.9949670892027775,0.9932660234209966,0.9940357461208459,0.9935948618628558,0.9893046539213867,0.994351537786135,0.9919963790487031
0,1,2.2169947505756546,0.31504,5000,2.26099364845841,0.14028776978417265,834,2.262387973431962,0.1385,0.9913974336833675,0.08294220781889135,,,0.98,,0.9800166246218381,0.01998337537816186,0,0.09960725147449365,5,0.001,0.1,0.9870518681622507,1.0,0.9856436353037331,0.9855955733395622,0.9857827855799008,0.9866679692842585,0.984086109750629,0.9880928294420553,0.9898101812743143,0.9791592440726171,0.9904810960294246,0.9876734225107872
0,2,2.2137218145807838,0.30528,5000,2.264413171344333,0.13309352517985612,834,2.262387973431962,0.1385,0.9969045553469335,0.08340294416335248,,,0.98,,0.9800166246218381,0.01998337537816186,0,0.09960725147449365,5,0.001,0.1,0.9946922409476648,0.9856436353037331,1.0,0.9945484069112286,0.9936076842852088,0.9945450664983833,0.9888075894788216,0.9936914746264265,0.9941602881480387,0.9910587946781122,0.9946430798054834,0.990472365573638
0,3,2.209479387246879,0.34572,5000,2.266644248255977,0.13908872901678657,834,2.262387973431962,0.1385,0.9963829024575952,0.08335930168366996,,,0.98,,0.9800166246218381,0.01998337537816186,0,0.09960725147449365,5,0.001,0.1,0.9923676031901889,0.9855955733395622,0.9945484069112286,1.0,0.9928878150722569,0.9935341132262157,0.9875844734044883,0.9941368781449973,0.9938948921395799,0.9894360580291597,0.9947843000686873,0.9908652637147883
0,4,2.2120351505886977,0.33204,5000,2.2675502830081515,0.1404561824729892,833,2.262387973431962,0.1385,0.9970051784098047,0.08341136248148452,,,0.98,,0.9800166246218381,0.01998337537816186,0,0.09960725147449365,5,0.001,0.1,0.9946235770605394,0.9857827855799008,0.9936076842852088,0.9928878150722569,1.0,0.9949506467422065,0.9917741290777531,0.9908916619538513,0.9940617498593716,0.992808760492866,0.9922736252533455,0.9934109249809221
0,5,2.2122544565018574,0.30592,5000,2.2620845017609774,0.1368547418967587,833,2.262387973431962,0.1385,0.9977511109371954,0.08347376862517993,,,0.98,,0.9800166246218381,0.01998337537816186,0,0.09960725147449365,5,0.001,0.1,0.9949670892027775,0.9866679692842585,0.9945450664983833,0.9935341132262157,0.9949506467422065,1.0,0.9930147576318915,0.992245800499069,0.9938539740596718,0.9938366334003607,0.9931142214552136,0.9952591228649235
0,6,2.209234291125255,0.30452,5000,2.2571739002510354,0.14645858343337334,833,2.262387973431962,0.1385,0.9950380599362368,0.08324678958297209,,,0.98,,0.9800166246218381,0.01998337537816186,0,0.09960725147449365,5,0.001,0.1,0.9932660234209966,0.984086109750629,0.9888075894788216,0.9875844734044883,0.9917741290777531,0.9930147576318915,1.0,0.988958318057576,0.991231556423326,0.9929062819819625,0.9904311024661044,0.9915003075547784
0,7,2.211941591189925,0.33244,5000,2.266647736231486,0.12605042016806722,833,2.262387973431962,0.1385,0.9960762065705845,0.08333364291844285,,,0.98,,0.9800166246218381,0.01998337537816186,0,0.09960725147449365,5,0.001,0.1,0.9940357461208459,0.9880928294420553,0.9936914746264265,0.9941368781449973,0.9908916619538513,0.992245800499069,0.988958318057576,1.0,0.9929275956667178,0.9856048863597096,0.9963617247295607,0.9890225651596541
0,8,2.2118759683742644,0.36112,5000,2.2585326300726996,0.15486194477791115,833,2.262387973431962,0.1385,0.9974160373452456,0.08344573572681457,,,0.98,,0.9800166246218381,0.01998337537816186,0,0.09960725147449365,5,0.001,0.1,0.9935948618628558,0.9898101812743143,0.9941602881480387,0.9938948921395799,0.9940617498593716,0.9938539740596718,0.991231556423326,0.9929275956667178,1.0,0.9914941668190107,0.9951737730185527,0.991781264606205
0,9,2.21164707287102,0.31404,5000,2.2667219638824463,0.13565426170468187,833,2.262387973431962,0.1385,0.9944233632677058,0.08319536288254432,,,0.98,,0.9800166246218381,0.01998337537816186,0,0.09960725147449365,5,0.001,0.1,0.9893046539213867,0.9791592440726171,0.9910587946781122,0.9894360580291597,0.992808760492866,0.9938366334003607,0.9929062819819625,0.9856048863597096,0.9914941668190107,1.0,0.9872444173435829,0.9933593626510242
0,10,2.209527061851161,0.34732,5000,2.2561769043957747,0.15006002400960383,833,2.262387973431962,0.1385,0.9971675422739157,0.08342494615328133,,,0.98,,0.9800166246218381,0.01998337537816186,0,0.09960725147449365,5,0.001,0.1,0.994351537786135,0.9904810960294246,0.9946430798054834,0.9947843000686873,0.9922736252533455,0.9931142214552136,0.9904311024661044,0.9963617247295607,0.9951737730185527,0.9872444173435829,1.0,0.9901551969104537
0,11,2.2148613550101115,0.33748,5000,2.2592683015046298,0.12484993997599039,833,2.262387973431962,0.1385,0.9960366090100243,0.08333033011069742,,,0.98,,0.9800166246218381,0.01998337537816186,0,0.09960725147449365,5,0.001,0.1,0.9919963790487031,0.9876734225107872,0.990472365573638,0.9908652637147883,0.9934109249809221,0.9952591228649235,0.9915003075547784,0.9890225651596541,0.991781264606205,0.9933593626510242,0.9901551969104537,1.0
1,0,2.068317657063721,0.46888,5000,2.2063374872560853,0.3932853717026379,834,2.208420984280376,0.3691,0.9982632072523779,0.08339126945848893,,,0.98,,0.9800166246218381,0.01998337537816186,0.9546266467810716,0.09983741903755189,5,0.001,0.1,1.0,0.9945217013547214,0.9967100986580018,0.9956258527230778,0.9963562848777735,0.9975579926505742,0.9970346040695169,0.9971223663382551,0.9958591255068333,0.9960405447301212,0.9964870871164347,0.9963530040789899
1,1,2.0764161122073035,0.46532,5000,2.207541262661969,0.3800959232613909,834,2.208420984280376,0.3691,0.996843139305485,0.08304406154716734,,,0.98,,0.9800166246218381,0.01998337537816186,0.9546266467810716,0.09983741903755189,5,0.001,0.1,0.9945217013547214,1.0,0.9939397817501553,0.9943663180417741,0.9944207697081557,0.9947923130612721,0.9947688130094833,0.9951491346622215,0.9958275547495065,0.9935548672767184,0.9959425033190499,0.9954074252491696
1,2,2.0709834151966557,0.45468,5000,2.2113094329833984,0.3645083932853717,834,2.208420984280376,0.3691,0.9984773674610745,0.08337937649041093,,,0.98,,0.9800166246218381,0.01998337537816186,0.9546266467810716,0.09983741903755189,5,0.001,0.1,0.9967100986580018,0.9939397817501553,1.0,0.9974532546278536,0.9968569328395354,0.9972636093325573,0.9958975397405354,0.9972494395927165,0.9967812903507295,0.9970692541149234,0.9971902783864728,0.9958193495128099
1,3,2.0646559853462656,0.47196,5000,2.2120174566904702,0.34652278177458035,834,2.208420984280376,0.3691,0.9983762396597828,0.0833493467799951,,,0.98,,0.9800166246218381,0.01998337537816186,0.9546266467810716,0.09983741903755189,5,0.001,0.1,0.9956258527230778,0.9943663180417741,0.9974532546278536,1.0,0.9967618694858268,0.9965446255304574,0.9957603140626378,0.9974917744118688,0.9972232068256563,0.9969011324121339,0.9970825977879065,0.995813363506339
1,4,2.0650493746350524,0.489,5000,2.2143570052252874,0.37334933973589435,833,2.208420984280376,0.3691,0.9986508125695971,0.08339013788362096,,,0.98,,0.9800166246218381,0.01998337537816186,0.9546266467810716,0.09983741903755189,5,0.001,0.1,0.9963562848777735,0.9944207697081557,0.9968569328395354,0.9967618694858268,1.0,0.9975670173560813,0.9971107492666644,0.9960098575391126,0.9970494917421693,0.9982825702391935,0.9963717847208471,0.997527401488025
1,5,2.0659781211500716,0.45992,5000,2.2073206018518516,0.3697478991596639,833,2.208420984280376,0.3691,0.9988037010938497,0.08343334590203816,,,0.98,,0.9800166246218381,0.01998337537816186,0.9546266467810716,0.09983741903755189,5,0.001,0.1,0.9975579926505742,0.9947923130612721,0.9972636093325573,0.9965446255304574,0.9975670173560813,1.0,0.9974204088436109,0.9965741175741304,0.996742007019718,0.9977450240341016,0.9964385436471209,0.9974987235750485
1,6,2.061353687116295,0.4562,5000,2.2042509891368725,0.37695078031212487,833,2.208420984280376,0.3691,0.9984865386795456,0.08328390458103946,,,0.98,,0.9800166246218381,0.01998337537816186,0.9546266467810716,0.09983741903755189,5,0.001,0.1,0.9970346040695169,0.9947688130094833,0.9958975397405354,0.9957603140626378,0.9971107492666644,0.9974204088436109,1.0,0.9967046058852599,0.9968191911224552,0.9971431373396676,0.9967901542318471,0.9969029532991615
1,7,2.0643063766941143,0.46908,5000,2.213665079187464,0.3445378151260504,833,2.208420984280376,0.3691,0.9984997190191746,0.0833375962470264,,,0.98,,0.9800166246218381,0.01998337537816186,0.9546266467810716,0.09983741903755189,5,0.001,0.1,0.9971223663382551,0.9951491346622215,0.9972494395927165,0.9974917744118688,0.9960098575391126,0.9965741175741304,0.9967046058852599,1.0,0.9969596512091076,0.9956065498786897,0.9980197151629883,0.9956180665894929
1,8,2.0674308561215735,0.48848,5000,2.205278246491044,0.39735894357743096,833,2.208420984280376,0.3691,0.9986476422084621,0.08341111629485336,,,0.98,,0.9800166246218381,0.01998337537816186,0.9546266467810716,0.09983741903755189,5,0.001,0.1,0.9958591255068333,0.9958275547495065,0.9967812903507295,0.9972232068256563,0.9970494917421693,0.996742007019718,0.9968191911224552,0.9969596512091076,1.0,0.997408823378757,0.9973366623236917,0.9962741780010019
1,9,2.0685682700697785,0.4792,5000,2.215003499278316,0.3625450180072029,833,2.208420984280376,0.3691,0.9985603882777868,0.08325474887913702,,,0.98,,0.9800166246218381,0.01998337537816186,0.9546266467810716,0.09983741903755189,5,0.001,0.1,0.9960405447301212,0.9935548672767184,0.9970692541149234,0.9969011324121339,0.9982825702391935,0.9977450240341016,0.9971431373396676,0.9956065498786897,0.997408823378757,1.0,0.9959144168491977,0.997565382948739
1,10,2.061207829463254,0.48964,5000,2.202447184809932,0.38415366146458585,833,2.208420984280376,0.3691,0.9985536632858778,0.08339533278272872,,,0.98,,0.9800166246218381,0.01998337537816186,0.9546266467810716,0.09983741903755189,5,0.001,0.1,0.9964870871164347,0.9959425033190499,0.9971902783864728,0.9970825977879065,0.9963717847208471,0.9964385436471209,0.9967901542318471,0.9980197151629883,0.9973366623236917,0.9959144168491977,1.0,0.9955802879014997
1,11,2.072382369618507,0.4636,5000,2.2049019071790905,0.33613445378151263,833,2.208420984280376,0.3691,0.9983199893499459,0.08332976315349368,,,0.98,,0.9800166246218381,0.01998337537816186,0.9546266467810716,0.09983741903755189,5,0.001,0.1,0.9963530040789899,0.9954074252491696,0.9958193495128099,0.995813363506339,0.997527401488025,0.9974987235750485,0.9969029532991615,0.9956180665894929,0.9962741780010019,0.997565382948739,0.9955802879014997,1.0
2,0,1.8806369202911475,0.53728,5000,2.136220896685565,0.5107913669064749,834,2.13955876164543,0.4878,0.9986091095576162,0.0833631706877834,,,0.98,,0.9800166246218381,0.01998337537816186,0.9880060406744621,0.0998785369750883,5,0.001,0.1,1.0,0.9965047652442204,0.9977340869540259,0.9972103994351593,0.9967368621955671,0.9981805693091627,0.9971700951846753,0.9971923146296349,0.9962435444856605,0.9974106564568965,0.9966929656731268,0.9976761402052058
2,1,1.8921991671726202,0.53032,5000,2.1392700848756014,0.5011990407673861,834,2.13955876164543,0.4878,0.9980569126792163,0.083132444553969,,,0.98,,0.9800166246218381,0.01998337537816186,0.9880060406744621,0.0998785369750883,5,0.001,0.1,0.9965047652442204,1.0,0.9965424809059985,0.996369891853739,0.9960091969236695,0.996788633651319,0.9966971100157879,0.9966500172439383,0.996598129111566,0.9962498488478766,0.9967332390137865,0.9970065840844977
2,2,1.886659682784111,0.52192,5000,2.1434582162786415,0.4880095923261391,834,2.13955876164543,0.4878,0.9990799883717039,0.08337107480479206,,,0.98,,0.9800166246218381,0.01998337537816186,0.9880060406744621,0.0998785369750883,5,0.001,0.1,0.9977340869540259,0.9965424809059985,1.0,0.9981573717318959,0.9978914914092383,0.9979283088335319,0.9971144505442859,0.9976710218240344,0.9976296848805474,0.998311923821795,0.9978304547825605,0.9975832446513477
2,3,1.8768721176560517,0.52764,5000,2.142269523055465,0.46882494004796166,834,2.13955876164543,0.4878,0.9986850584244044,0.08333991517210712,,,0.98,,0.9800166246218381,0.01998337537816186,0.9880060406744621,0.0998785369750883,5,0.001,0.1,0.9972103994351593,0.996369891853739,0.9981573717318959,1.0,0.9971522788871147,0.9975199711231197,0.9964994422167228,0.9974301836912046,0.9970807116487401,0.9978324204115612,0.9972084238495821,0.9972015985747137
2,4,1.8776550745508473,0.55108,5000,2.146370631677133,0.5042016806722689,833,2.13955876164543,0.4878,0.9988767700222049,0.08337111508571486,,,0.98,,0.9800166246218381,0.01998337537816186,0.9880060406744621,0.0998785369750883,5,0.001,0.1,0.9967368621955671,0.9960091969236695,0.9978914914092383,0.9971522788871147,1.0,0.9974122103005497,0.9977874734966419,0.9973989495210704,0.9979215271093441,0.9983793884516907,0.9975989676458215,0.9976702782357845
2,5,1.8794249493605013,0.5348,5000,2.137645889211584,0.5078031212484994,833,2.13955876164543,0.4878,0.9988868617721068,0.08339793557031151,,,0.98,,0.9800166246218381,0.01998337537816186,0.9880060406744621,0.0998785369750883,5,0.001,0.1,0.9981805693091627,0.996788633651319,0.9979283088335319,0.9975199711231197,0.9974122103005497,1.0,0.9973861532136209,0.9968912562780509,0.9968389343300669,0.9982431147946139,0.996765304541793,0.9981267005113055
2,6,1.8729849056073815,0.53324,5000,2.136490468625669,0.49339735894357745,833,2.13955876164543,0.4878,0.9988433936044624,0.0833048965587263,,,0.98,,0.9800166246218381,0.01998337537816186,0.9880060406744621,0.0998785369750883,5,0.001,0.1,0.9971700951846753,0.9966971100157879,0.9971144505442859,0.9964994422167228,0.9977874734966419,0.9973861532136209,1.0,0.9978164249957847,0.9979360854456885,0.9978619256037071,0.997784815169461,0.997509442513624
2,7,1.8742190385320383,0.54156,5000,2.1457860823030823,0.4597839135654262,833,2.13955876164543,0.4878,0.9988106862260867,0.08333676426078736,,,0.98,,0.9800166246218381,0.01998337537816186,0.9880060406744621,0.0998785369750883,5,0.001,0.1,0.9971923146296349,0.9966500172439383,0.9976710218240344,0.9974301836912046,0.9973989495210704,0.9968912562780509,0.9978164249957847,1.0,0.9978315976152046,0.9970503875959958,0.9983986866723239,0.9968381997343224
2,8,1.8788520635313288,0.55872,5000,2.1373633013831244,0.4921968787515006,833,2.13955876164543,0.4878,0.9987910591163769,0.08338121270138087,,,0.98,,0.9800166246218381,0.01998337537816186,0.9880060406744621,0.0998785369750883,5,0.001,0.1,0.9962435444856605,0.996598129111566,0.9976296848805474,0.9970807116487401,0.9979215271093441,0.9968389343300669,0.9979360854456885,0.9978315976152046,1.0,0.9978505697852412,0.9978759407322961,0.997126665576901
2,9,1.882616011352296,0.54588,5000,2.1494733845746077,0.4765906362545018,833,2.13955876164543,0.4878,0.9991248484022709,0.08329610198698933,,,0.98,,0.9800166246218381,0.01998337537816186,0.9880060406744621,0.0998785369750883,5,0.001,0.1,0.9974106564568965,0.9962498488478766,0.998311923821795,0.9978324204115612,0.9983793884516907,0.9982431147946139,0.9978619256037071,0.9970503875959958,0.9978505697852412,1.0,0.9973555507421732,0.9983881427886047
2,10,1.8711712061219914,0.55324,5000,2.1338141141114413,0.48739495798319327,833,2.13955876164543,0.4878,0.9987931920295359,0.08337160322136687,,,0.98,,0.9800166246218381,0.01998337537816186,0.9880060406744621,0.0998785369750883,5,0.001,0.1,0.9966929656731268,0.9967332390137865,0.9978304547825605,0.9972084238495821,0.9975989676458215,0.996765304541793,0.997784815169461,0.9983986866723239,0.9978759407322961,0.9973555507421732,1.0,0.9967147340227418
2,11,1.8874225122913433,0.53104,5000,2.135828887974774,0.46338535414165666,833,2.13955876164543,0.4878,0.9988665939070388,0.08333376539607122,,,0.98,,0.9800166246218381,0.01998337537816186,0.9880060406744621,0.0998785369750883,5,0.001,0.1,0.9976761402052058,0.9970065840844977,0.9975832446513477,0.9972015985747137,0.9976702782357845,0.9981267005113055,0.997509442513624,0.9968381997343224,0.997126665576901,0.9983881427886047,0.9967147340227418,1.0
3,0,1.7010079269955871,0.57236,5000,2.0500656322196678,0.5443645083932853,834,2.054850011968765,0.5256,0.9990213781400775,0.08335279682839618,,,0.98,,0.9800166246218381,0.01998337537816186,0.9946311527864375,0.0998984988880499,5,0.001,0.1,1.0,0.9969000714639308,0.9983067150910985,0.9973341178120738,0.9978408019088746,0.9981668741475846,0.9982493215629432,0.9983315423787796,0.9975370038047707,0.9978578654696034,0.9976570113189925,0.9979078755044316
3,1,1.712915682413016,0.56312,5000,2.0553784193816007,0.5335731414868106,834,2.054850011968765,0.5256,0.9982532987353819,0.08318654196971847,,,0.98,,0.9800166246218381,0.01998337537816186,0.9946311527864375,0.0998984988880499,5,0.001,0.1,0.9969000714639308,1.0,0.9972386431633188,0.9966509113637163,0.9967579123951252,0.9971187310973537,0.9971144841802994,0.9972141800189528,0.9971705444015405,0.9966707567244699,0.9969024498343731,0.9971530281142436
3,2,1.70713029773372,0.55528,5000,2.0599406118746155,0.5155875299760192,834,2.054850011968765,0.5256,0.9992191432053557,0.08336402521643212,,,0.98,,0.9800166246218381,0.01998337537816186,0.9946311527864375,0.0998984988880499,5,0.001,0.1,0.9983067150910985,0.9972386431633188,1.0,0.9980753130260404,0.9983194657341279,0.9984106700362074,0.9975945987581862,0.9980120191449178,0.9977765119407271,0.9984502708525103,0.9981998846251458,0.998075737969599
3,3,1.6957078312612643,0.56316,5000,2.0565013355678983,0.5035971223021583,834,2.054850011968765,0.5256,0.9989133754216759,0.083335052518441,,,0.98,,0.9800166246218381,0.01998337537816186,0.9946311527864375,0.0998984988880499,5,0.001,0.1,0.9973341178120738,0.9966509113637163,0.9980753130260404,1.0,0.998054832088161,0.9977376900029321,0.997211075915717,0.9980199602394263,0.9980087795771586,0.9981000122562554,0.997977973544678,0.9976236499136352
3,4,1.6963675842163668,0.58232,5000,2.0626542038387723,0.5498199279711885,833,2.054850011968765,0.5256,0.9991154199682141,0.08336070268863358,,,0.98,,0.9800166246218381,0.01998337537816186,0.9946311527864375,0.0998984988880499,5,0.001,0.1,0.9978408019088746,0.9967579123951252,0.9983194657341279,0.998054832088161,1.0,0.9982660641493214,0.9979585596171822,0.9976753749606673,0.9977676888090504,0.9986704069554192,0.9977687251103615,0.9981361426051304
3,5,1.6991330116417758,0.57044,5000,2.0521378693757235,0.5498199279711885,833,2.054850011968765,0.5256,0.999171429965063,0.08337895499453618,,,0.98,,0.9800166246218381,0.01998337537816186,0.9946311527864375,0.0998984988880499,5,0.001,0.1,0.9981668741475846,0.9971187310973537,0.9984106700362074,0.9977376900029321,0.9982660641493214,1.0,0.9980390878600374,0.9978832226747506,0.997805347500869,0.9983579398288375,0.9977547360070341,0.9983470909676501
3,6,1.6901704554345198,0.56992,5000,2.0530759228600397,0.524609843937575,833,2.054850011968765,0.5256,0.9989907094829169,0.0833160766899592,,,0.98,,0.9800166246218381,0.01998337537816186,0.9946311527864375,0.0998984988880499,5,0.001,0.1,0.9982493215629432,0.9971144841802994,0.9975945987581862,0.997211075915717,0.9979585596171822,0.9980390878600374,1.0,0.9979371230056978,0.9979732790802429,0.9982983122669992,0.997549835347302,0.9977980033839395
3,7,1.692312876585942,0.57572,5000,2.0623462111861617,0.49459783913565425,833,2.054850011968765,0.5256,0.9990381418392504,0.08333714686062332,,,0.98,,0.9800166246218381,0.01998337537816186,0.9946311527864375,0.0998984988880499,5,0.001,0.1,0.9983315423787796,0.9972141800189528,0.9980120191449178,0.9980199602394263,0.9976753749606673,0.9978832226747506,0.9979371230056978,1.0,0.9980090208828377,0.997607641637365,0.9981224919840921,0.9974785422244217
3,8,1.6954471098389594,0.58696,5000,2.054156047326547,0.5306122448979592,833,2.054850011968765,0.5256,0.9989741406828107,0.08336233479470571,,,0.98,,0.9800166246218381,0.01998337537816186,0.9946311527864375,0.0998984988880499,5,0.001,0.1,0.9975370038047707,0.9971705444015405,0.9977765119407271,0.9980087795771586,0.9977676888090504,0.997805347500869,0.9979732790802429,0.9980090208828377,1.0,0.9981873907356326,0.9977733792086845,0.9975146136946134
3,9,1.7010307277084156,0.57588,5000,2.0686972317872225,0.5306122448979592,833,2.054850011968765,0.5256,0.9992121413795074,0.08331783012180094,,,0.98,,0.9800166246218381,0.01998337537816186,0.9946311527864375,0.0998984988880499,5,0.001,0.1,0.9978578654696034,0.9966707567244699,0.9984502708525103,0.9981000122562554,0.9986704069554192,0.9983579398288375,0.9982983122669992,0.997607641637365,0.9981873907356326,1.0,0.9979024812833702,0.9982730377049075
3,10,1.6901683881783942,0.58132,5000,2.0496276881959705,0.524609843937575,833,2.054850011968765,0.5256,0.9989272723694667,0.08335493032353933,,,0.98,,0.9800166246218381,0.01998337537816186,0.9946311527864375,0.0998984988880499,5,0.001,0.1,0.9976570113189925,0.9969024498343731,0.9981998846251458,0.997977973544678,0.9977687251103615,0.9977547360070341,0.997549835347302,0.9981224919840921,0.9977733792086845,0.9979024812833702,1.0,0.9973518833814152
3,11,1.7085215354421337,0.56188,5000,2.050941096411811,0.5054021608643458,833,2.054850011968765,0.5256,0.9989854274881051,0.08333360699321407,,,0.98,,0.9800166246218381,0.01998337537816186,0.9946311527864375,0.0998984988880499,5,0.001,0.1,0.9979078755044316,0.9971530281142436,0.998075737969599,0.9976236499136352,0.9981361426051304,0.9983470909676501,0.9977980033839395,0.9974785422244217,0.9975146136946134,0.9982730377049075,0.9973518833814152,1.0
4,0,1.5465230521882416,0.5998,5000,1.9479960291473954,0.5515587529976019,834,1.954255521487885,0.5392,0.9990285277625696,0.08334853118805752,,,0.98,,0.9800166246218381,0.01998337537816186,0.9971986353182273,0.09989269256712857,5,0.001,0.1,1.0,0.9963831156790415,0.9982571679698237,0.9975316219615339,0.9977192555459503,0.9981960786180375,0.9982982025978971,0.9978271186877994,0.9975267932754353,0.9981040058806546,0.9977290506496092,0.9979097686406972
4,1,1.560807044490887,0.59308,5000,1.955732848909166,0.5455635491606715,834,1.954255521487885,0.5392,0.998050105715103,0.0832150156114775,,,0.98,,0.9800166246218381,0.01998337537816186,0.9971986353182273,0.09989269256712857,5,0.001,0.1,0.9963831156790415,1.0,0.9970190711267402,0.9966598338077927,0.9963712511398027,0.9965395910034581,0.9968714140737062,0.9970821984974061,0.9972021768548504,0.9965947665109602,0.9964210196531242,0.9966182217055493
4,2,1.5536449048169858,0.5786,5000,1.960825518325523,0.5371702637889688,834,1.954255521487885,0.5392,0.9992219048097822,0.08336165652222789,,,0.98,,0.9800166246218381,0.01998337537816186,0.9971986353182273,0.09989269256712857,5,0.001,0.1,0.9982571679698237,0.9970190711267402,1.0,0.9981769409224442,0.9981554192015436,0.9981866488828113,0.9978137045729873,0.9976344032928598,0.9978995787518316,0.9985769499232837,0.9981082535708059,0.9979725796518752
4,3,1.5408298103672684,0.58288,5000,1.9543040990829468,0.5191846522781774,834,1.954255521487885,0.5392,0.998938282922018,0.08333473879273516,,,0.98,,0.9800166246218381,0.01998337537816186,0.9971986353182273,0.09989269256712857,5,0.001,0.1,0.9975316219615339,0.9966598338077927,0.9981769409224442,1.0,0.9980810745143163,0.9976415287526998,0.9972916488151644,0.9977901019884601,0.9977341722948453,0.9981453297966483,0.9977677459104585,0.9975813517730558
4,4,1.5408001654467005,0.61128,5000,1.9630068275663588,0.56062424969988,833,1.954255521487885,0.5392,0.9990113041634734,0.08335282289725277,,,0.98,,0.9800166246218381,0.01998337537816186,0.9971986353182273,0.09989269256712857,5,0.001,0.1,0.9977192555459503,0.9963712511398027,0.9981554192015436,0.9980810745143163,1.0,0.9980504781389471,0.9978619309773762,0.9973388517571898,0.9976009966347212,0.9984659619344526,0.9977591873260316,0.9978711459159817
4,5,1.5451254725456238,0.59888,5000,1.950701077779134,0.5570228091236494,833,1.954255521487885,0.5392,0.9990617201724986,0.08336564143956786,,,0.98,,0.9800166246218381,0.01998337537816186,0.9971986353182273,0.09989269256712857,5,0.001,0.1,0.9981960786180375,0.9965395910034581,0.9981866488828113,0.9976415287526998,0.9980504781389471,1.0,0.9980852647822533,0.9974880300982774,0.9976289594409412,0.998311375628288,0.9976891791530582,0.9980625355962867
4,6,1.5361194398752442,0.59984,5000,1.954031233434324,0.531812725090036,833,1.954255521487885,0.5392,0.9990435834238637,0.08332650181662411,,,0.98,,0.9800166246218381,0.01998337537816186,0.9971986353182273,0.09989269256712857,5,0.001,0.1,0.9982982025978971,0.9968714140737062,0.9978137045729873,0.9972916488151644,0.9978619309773762,0.9980852647822533,1.0,0.9977545165648943,0.9979615278648102,0.9982514606137007,0.997617911711711,0.9978567720506996
4,7,1.5381655180530183,0.60112,5000,1.963454798415855,0.5162064825930373,833,1.954255521487885,0.5392,0.9988033525880752,0.08333166855563028,,,0.98,,0.9800166246218381,0.01998337537816186,0.9971986353182273,0.09989269256712857,5,0.001,0.1,0.9978271186877994,0.9970821984974061,0.9976344032928598,0.9977901019884601,0.9973388517571898,0.9974880300982774,0.9977545165648943,1.0,0.9979267706992164,0.9973610822720512,0.9973941141247139,0.9971878628255925
4,8,1.5395097129663844,0.60492,5000,1.9554042948616877,0.5402160864345739,833,1.954255521487885,0.5392,0.9989505465128193,0.08335186289752133,,,0.98,,0.9800166246218381,0.01998337537816186,0.9971986353182273,0.09989269256712857,5,0.001,0.1,0.9975267932754353,0.9972021768548504,0.9978995787518316,0.9977341722948453,0.9976009966347212,0.9976289594409412,0.9979615278648102,0.9979267706992164,1.0,0.9980663343577453,0.9975059201808807,0.99749579267285
4,9,1.5454460921560882,0.59748,5000,1.9726656233822857,0.5378151260504201,833,1.954255521487885,0.5392,0.9992493103653449,0.08333421605657067,,,0.98,,0.9800166246218381,0.01998337537816186,0.9971986353182273,0.09989269256712857,5,0.001,0.1,0.9981040058806546,0.9965947665109602,0.9985769499232837,0.9981453297966483,0.9984659619344526,0.998311375628288,0.9982514606137007,0.9973610822720512,0.9980663343577453,1.0,0.9981262855492145,0.9981256273194362
4,10,1.535769383922504,0.6038,5000,1.9495810711825337,0.5438175270108043,833,1.954255521487885,0.5392,0.9988616110586437,0.08334445271091935,,,0.98,,0.9800166246218381,0.01998337537816186,0.9971986353182273,0.09989269256712857,5,0.001,0.1,0.9977290506496092,0.9964210196531242,0.9981082535708059,0.9977677459104585,0.9977591873260316,0.9976891791530582,0.997617911711711,0.9973941141247139,0.9975059201808807,0.9981262855492145,1.0,0.9973628749734943
4,11,1.5554892475437967,0.59536,5000,1.950090765953064,0.5294117647058824,833,1.954255521487885,0.5392,0.9989085059572334,0.08333289151141561,,,0.98,,0.9800166246218381,0.01998337537816186,0.9971986353182273,0.09989269256712857,5,0.001,0.1,0.9979097686406972,0.9966182217055493,0.9979725796518752,0.9975813517730558,0.9978711459159817,0.9980625355962867,0.9978567720506996,0.9971878628255925,0.99749579267285,0.9981256273194362,0.9973628749734943,1.0
5,0,1.4175603328237107,0.61976,5000,1.8321263481069494,0.5563549160671463,834,1.839875811585984,0.5517,0.998712913628746,0.08333999160055315,,,0.98,,0.9800166246218381,0.01998337537816186,0.9978033703873566,0.09987949512044911,5,0.001,0.1,1.0,0.9965079720119766,0.997803680142975,0.9967621316855914,0.9972128057607335,0.9973973259519194,0.9977631942915116,0.9976595737406777,0.9968815486602883,0.9976199376278854,0.997129855933855,0.9973791217635878
5,1,1.4340701215586085,0.61244,5000,1.8423386679755316,0.552757793764988,834,1.839875811585984,0.5517,0.9982525909919059,0.0832432652510781,,,0.98,,0.9800166246218381,0.01998337537816186,0.9978033703873566,0.09987949512044911,5,0.001,0.1,0.9965079720119766,1.0,0.9970612409879643,0.9967137327953015,0.9967028432276657,0.9966714959419058,0.9971052744196762,0.9965598773144775,0.9968699225813613,0.9970358799202504,0.9965411138361797,0.9968368345937255
5,2,1.4250390099112396,0.5978,5000,1.8482797763965748,0.5455635491606715,834,1.839875811585984,0.5517,0.9990697892488357,0.08335955740073403,,,0.98,,0.9800166246218381,0.01998337537816186,0.9978033703873566,0.09987949512044911,5,0.001,0.1,0.997803680142975,0.9970612409879643,1.0,0.9977722530656123,0.9979132068286318,0.9979552179484502,0.9974954318147609,0.9973685629087762,0.9973710619497874,0.9982326605234794,0.9977618233420404,0.9976591741224705
5,3,1.4123729793129454,0.608,5000,1.8379013450057418,0.5359712230215827,834,1.839875811585984,0.5517,0.9987542445904868,0.08333286813204595,,,0.98,,0.9800166246218381,0.01998337537816186,0.9978033703873566,0.09987949512044911,5,0.001,0.1,0.9967621316855914,0.9967137327953015,0.9977722530656123,1.0,0.9978213063956433,0.9974995304321819,0.9969300175244916,0.9976033988018522,0.9972688999275726,0.9976887736846027,0.997140225284249,0.9974127522778395
5,4,1.4113366186998453,0.63304,5000,1.8493764753694888,0.5738295318127251,833,1.839875811585984,0.5517,0.998918718002663,0.08334926517810737,,,0.98,,0.9800166246218381,0.01998337537816186,0.9978033703873566,0.09987949512044911,5,0.001,0.1,0.9972128057607335,0.9967028432276657,0.9979132068286318,0.9978213063956433,1.0,0.997788738577034,0.9976554838113308,0.9971596471865044,0.9970989334985313,0.9982731434526187,0.9973237687063998,0.9976337760288801
5,5,1.41732190384227,0.62232,5000,1.8357006664629336,0.575030012004802,833,1.839875811585984,0.5517,0.9988779609823174,0.08335581001338037,,,0.98,,0.9800166246218381,0.01998337537816186,0.9978033703873566,0.09987949512044911,5,0.001,0.1,0.9973973259519194,0.9966714959419058,0.9979552179484502,0.9974995304321819,0.997788738577034,1.0,0.9975494422741251,0.9972776609256501,0.9970544932635315,0.9980179060343922,0.9973392243140494,0.9975436989940354
5,6,1.4060193900090114,0.62624,5000,1.841382415206344,0.5522208883553421,833,1.839875811585984,0.5517,0.9989220839837849,0.08333323400740572,,,0.98,,0.9800166246218381,0.01998337537816186,0.9978033703873566,0.09987949512044911,5,0.001,0.1,0.9977631942915116,0.9971052744196762,0.9974954318147609,0.9969300175244916,0.9976554838113308,0.9975494422741251,1.0,0.9974853582780306,0.9976194676121587,0.9980953112849774,0.9973783345864546,0.9975480264691673
5,7,1.4110049417823742,0.61944,5000,1.8506741258833144,0.5294117647058824,833,1.839875811585984,0.5517,0.9987073628581153,0.0833294724764408,,,0.98,,0.9800166246218381,0.01998337537816186,0.9978033703873566,0.09987949512044911,5,0.001,0.1,0.9976595737406777,0.9965598773144775,0.9973685629087762,0.9976033988018522,0.9971596471865044,0.9972776609256501,0.9974853582780306,1.0,0.9975140413801322,0.9972637004330581,0.9971832600874239,0.9969761087451467
5,8,1.4088986304914874,0.6266,5000,1.843136262010645,0.5474189675870348,833,1.839875811585984,0.5517,0.9986787380916706,0.0833409316176916,,,0.98,,0.9800166246218381,0.01998337537816186,0.9978033703873566,0.09987949512044911,5,0.001,0.1,0.9968815486602883,0.9968699225813613,0.9973710619497874,0.9972688999275726,0.9970989334985313,0.9970544932635315,0.9976194676121587,0.9975140413801322,1.0,0.9976111443470346,0.9972223063713674,0.9971963758832497
5,9,1.4161396479910346,0.61936,5000,1.8633623697139599,0.5474189675870348,833,1.839875811585984,0.5517,0.9991628975981786,0.08334573610092882,,,0.98,,0.9800166246218381,0.01998337537816186,0.9978033703873566,0.09987949512044911,5,0.001,0.1,0.9976199376278854,0.9970358799202504,0.9982326605234794,0.9976887736846027,0.9982731434526187,0.9980179060343922,0.9980953112849774,0.9972637004330581,0.9976111443470346,1.0,0.9977902626647543,0.9978820115058211
5,10,1.4059698855041698,0.6208,5000,1.8361086536336828,0.5570228091236494,833,1.839875811585984,0.5517,0.9986910876912938,0.08333678633160763,,,0.98,,0.9800166246218381,0.01998337537816186,0.9978033703873566,0.09987949512044911,5,0.001,0.1,0.997129855933855,0.9965411138361797,0.9977618233420404,0.997140225284249,0.9973237687063998,0.9973392243140494,0.9973783345864546,0.9971832600874239,0.9972223063713674,0.9977902626647543,1.0,0.9970454488248122
5,11,1.4262468829276456,0.6216,5000,1.8357092009650335,0.5474189675870348,833,1.839875811585984,0.5517,0.9987959663429452,0.08333308189002649,,,0.98,,0.9800166246218381,0.01998337537816186,0.9978033703873566,0.09987949512044911,5,0.001,0.1,0.9973791217635878,0.9968368345937255,0.9976591741224705,0.9974127522778395,0.9976337760288801,0.9975436989940354,0.9975480264691673,0.9969761087451467,0.9971963758832497,0.9978820115058211,0.9970454488248122,1.0
6,0,1.3094487711122842,0.63716,5000,1.7065332068337336,0.592326139088729,834,1.71548266608875,0.5788,0.998562263617716,0.08333676709597668,,,0.98,,0.9800166246218381,0.01998337537816186,0.9979238478417788,0.09985820418013087,5,0.001,0.1,1.0,0.9960596978031526,0.9974764229470173,0.9962570170239967,0.9966160933741827,0.9970341349052276,0.9973455407891245,0.9972955141361839,0.996365641303039,0.997281561096787,0.9968152087812618,0.99721284886696
6,1,1.3269966149785717,0.62956,5000,1.7187631880795513,0.5827338129496403,834,1.71548266608875,0.5788,0.998029877837128,0.08326026748995062,,,0.98,,0.9800166246218381,0.01998337537816186,0.9979238478417788,0.09985820418013087,5,0.001,0.1,0.9960596978031526,1.0,0.9966114497298812,0.9961346020552005,0.9961115421708522,0.9962585550152906,0.996807965370017,0.9958965744473289,0.9965745793335739,0.996707403558505,0.9960126446231345,0.9962102750148562
6,2,1.318460904412968,0.62028,5000,1.7264662936881736,0.5611510791366906,834,1.71548266608875,0.5788,0.9988693352666279,0.08335867659803733,,,0.98,,0.9800166246218381,0.01998337537816186,0.9979238478417788,0.09985820418013087,5,0.001,0.1,0.9974764229470173,0.9966114497298812,1.0,0.9972244788725689,0.9972733568886906,0.9975762239515126,0.9971097869476103,0.9967915213918497,0.9966275613169402,0.9979301115841169,0.9974806233867971,0.9973373457839327
6,3,1.3050879984904247,0.62832,5000,1.710964732699924,0.5599520383693045,834,1.71548266608875,0.5788,0.9984712724545017,0.0833294618915676,,,0.98,,0.9800166246218381,0.01998337537816186,0.9979238478417788,0.09985820418013087,5,0.001,0.1,0.9962570170239967,0.9961346020552005,0.9972244788725689,1.0,0.9973718717278799,0.9970849133676264,0.9964883171046749,0.9971208616248952,0.9964554641522031,0.9973018602250092,0.9964745942567975,0.996755668393419
6,4,1.3041070999613233,0.646,5000,1.7256300449371338,0.602641056422569,833,1.71548266608875,0.5788,0.9986586111317277,0.08334556371308653,,,0.98,,0.9800166246218381,0.01998337537816186,0.9979238478417788,0.09985820418013087,5,0.001,0.1,0.9966160933741827,0.9961115421708522,0.9972733568886906,0.9973718717278799,1.0,0.9974837163796385,0.9972333043950586,0.9967732459042469,0.9964017089239824,0.9978321470868048,0.996830265172193,0.9969864770777191
6,5,1.310151527793544,0.63976,5000,1.710833505347923,0.6086434573829532,833,1.71548266608875,0.5788,0.9987077568600395,0.08335116348271487,,,0.98,,0.9800166246218381,0.01998337537816186,0.9979238478417788,0.09985820418013087,5,0.001,0.1,0.9970341349052276,0.9962585550152906,0.9975762239515126,0.9970849133676264,0.9974837163796385,1.0,0.9971934126289499,0.9969246273254071,0.9965090763415486,0.9975741686620169,0.9969612273937141,0.9969024470117178
6,6,1.299480212266278,0.64672,5000,1.7188149116657399,0.5786314525810324,833,1.71548266608875,0.5788,0.9987902448608486,0.08333998134282196,,,0.98,,0.9800166246218381,0.01998337537816186,0.9979238478417788,0.09985820418013087,5,0.001,0.1,0.9973455407891245,0.996807965370017,0.9971097869476103,0.9964883171046749,0.9972333043950586,0.9971934126289499,1.0,0.9972251912996624,0.9971071313018163,0.9978672637704296,0.996917237692903,0.9971972436164785
6,7,1.3032444406466879,0.63804,5000,1.727635767724779,0.5582232893157263,833,1.71548266608875,0.5788,0.9985082100085637,0.08332857172881407,,,0.98,,0.9800166246218381,0.01998337537816186,0.9979238478417788,0.09985820418013087,5,0.001,0.1,0.9972955141361839,0.9958965744473289,0.9967915213918497,0.9971208616248952,0.9967732459042469,0.9969246273254071,0.9972251912996624,1.0,0.9968952247737338,0.9969048447088039,0.9967309989133689,0.9965537471354871
6,8,1.2985115712615336,0.64372,5000,1.7211175318117495,0.581032412965186,833,1.71548266608875,0.5788,0.9983452724120198,0.08333033999229397,,,0.98,,0.9800166246218381,0.01998337537816186,0.9979238478417788,0.09985820418013087,5,0.001,0.1,0.996365641303039,0.9965745793335739,0.9966275613169402,0.9964554641522031,0.9964017089239824,0.9965090763415486,0.9971071313018163,0.9968952247737338,1.0,0.9972285050665682,0.9965290743985116,0.9964664754792268
6,9,1.3085528259824035,0.64112,5000,1.7444392795915957,0.5714285714285714,833,1.71548266608875,0.5788,0.9990271393503936,0.08335529407694094,,,0.98,,0.9800166246218381,0.01998337537816186,0.9979238478417788,0.09985820418013087,5,0.001,0.1,0.997281561096787,0.996707403558505,0.9979301115841169,0.9973018602250092,0.9978321470868048,0.9975741686620169,0.9978672637704296,0.9969048447088039,0.9972285050665682,1.0,0.9974087212397671,0.9972935716479445
6,10,1.3001320916376296,0.63644,5000,1.713077258180689,0.5798319327731093,833,1.71548266608875,0.5788,0.9984777947665535,0.08333207519994776,,,0.98,,0.9800166246218381,0.01998337537816186,0.9979238478417788,0.09985820418013087,5,0.001,0.1,0.9968152087812618,0.9960126446231345,0.9974806233867971,0.9964745942567975,0.996830265172193,0.9969612273937141,0.996917237692903,0.9967309989133689,0.9965290743985116,0.9974087212397671,1.0,0.9965868834647091
6,11,1.319888082583239,0.639,5000,1.7117818373220939,0.5690276110444178,833,1.71548266608875,0.5788,0.9985408110270126,0.08333183738784772,,,0.98,,0.9800166246218381,0.01998337537816186,0.9979238478417788,0.09985820418013087,5,0.001,0.1,0.99721284886696,0.9962102750148562,0.9973373457839327,0.996755668393419,0.9969864770777191,0.9969024470117178,0.9971972436164785,0.9965537471354871,0.9964664754792268,0.9972935716479445,0.9965868834647091,1.0
7,0,1.218976380794671,0.65284,5000,1.5758878434145893,0.6187050359712231,834,1.5858571982612244,0.6108,0.9982738154858449,0.08333636713218995,,,0.98,,0.9800166246218381,0.01998337537816186,0.9976911127387214,0.09982448037402035,5,0.001,0.1,1.0,0.9951498815611176,0.997059758311453,0.9957651218290064,0.995930798458268,0.996681994633427,0.996730642862747,0.9969864284215187,0.9955732450847097,0.9963146049894117,0.9957416093286063,0.9963284520280067
7,1,1.2357347435252681,0.6428,5000,1.589584884820161,0.6139088729016786,834,1.5858571982612244,0.6108,0.9974740970236035,0.08326363349724522,,,0.98,,0.9800166246218381,0.01998337537816186,0.9976911127387214,0.09982448037402035,5,0.001,0.1,0.9951498815611176,1.0,0.9959591617116126,0.9947305010418808,0.9953896338503353,0.9952818002923773,0.9958757215915192,0.9949284887290569,0.9955512626566508,0.9956584547225195,0.9948968786003883,0.9952661798648855
7,2,1.226504904829013,0.635,5000,1.5994380580054388,0.5947242206235012,834,1.5858571982612244,0.6108,0.9987166311751317,0.08336409875257826,,,0.98,,0.9800166246218381,0.01998337537816186,0.9976911127387214,0.09982448037402035,5,0.001,0.1,0.997059758311453,0.9959591617116126,1.0,0.9967540097029123,0.9968907764162087,0.9969654089102385,0.9966322379738591,0.9963726899997151,0.9960372225339483,0.997606984972471,0.9966937366556746,0.9965944621411198
