round,client_id,client_i_training_loss,client_i_training_accuracy,client_i_training_dataset_size,client_i_evaluation_loss,client_i_evaluation_accuracy,client_i_evaluation_dataset_size,client_i_central_evaluation_loss,client_i_central_evaluation_accuracy,client_i_cosine_similarity,client_i_importance_coefficient,client_i_tanh_val,tanh_normalization_value,client_i_q,client_i_mask_order,client_i_v_nonzero_fraction,client_i_v_sparsity,client_i_v_cosine_similarity,client_i_reward_gradient_norm,local_epochs,learning_rate,gamma,client_0_cosine_similarity,client_1_cosine_similarity,client_2_cosine_similarity,client_3_cosine_similarity,client_4_cosine_similarity,client_5_cosine_similarity,client_6_cosine_similarity,client_7_cosine_similarity,client_8_cosine_similarity,client_9_cosine_similarity,client_10_cosine_similarity,client_11_cosine_similarity
0,0,0.3448492398746549,0.89284,5000,2.1992358808164245,0.31414868105515587,834,2.19247816850583,0.3094,0.7923357307667649,0.08357122113254757,,,0.8572766491750741,,0.8572913006375182,0.14270869936248176,0,0.3949782823938316,5,0.1,0.5,1.0,0.5888418353176172,0.587856054964519,0.5918762817067216,0.580019229858479,0.6047399034713988,0.5982867560855227,0.5941997673370003,0.6020167679058203,0.5781007806491286,0.5948630791162716,0.5913060063083091
0,1,0.3502722642746321,0.88948,5000,2.1930266044757984,0.3009592326139089,834,2.192658130353251,0.3086,0.7841653480523625,0.08270945403805835,,,0.7200400816072577,,0.7200642538025199,0.2799357461974801,0,0.3944533643222817,5,0.1,0.5,0.5888418353176172,1.0,0.5994872341599294,0.5717029720959552,0.5839655467730215,0.5935731435577907,0.5896013447145737,0.5819372649361517,0.5887868239541729,0.5796230192228782,0.5711129768961053,0.5860111959315245
0,2,0.35138420678532806,0.89084,5000,2.192184845606486,0.29256594724220625,834,2.1924934349120995,0.3091,0.7903915979711443,0.0833661646830339,,,0.8246213720487421,,0.8246322975754229,0.1753677024245771,0,0.39492044891694766,5,0.1,0.5,0.587856054964519,0.5994872341599294,1.0,0.5881080292271983,0.5922547678957983,0.600375627278037,0.5972269411020635,0.5936802867393314,0.5796092043590879,0.5840665708802714,0.5819206794879531,0.5890888133465852
0,3,0.35046174457640783,0.88932,5000,2.197011691552621,0.3069544364508393,834,2.192725151110762,0.308,0.7829722612587988,0.08258361379586868,,,0.7,,0.7,0.30000000000000004,0,0.39428910045661636,5,0.1,0.5,0.5918762817067216,0.5717029720959552,0.5881080292271983,1.0,0.5787866731589196,0.595156154005488,0.5838282529767951,0.5806921663148549,0.5797988432255855,0.5743602254261461,0.5910060583895506,0.5880160880962467
0,4,0.3305950230165462,0.8952,5000,2.194641669591268,0.3025210084033613,833,2.192543337520319,0.3085,0.7887883583925424,0.08319706377776218,,,0.7976920219256014,,0.7977059384569047,0.20229406154309526,0,0.39484743195375666,5,0.1,0.5,0.580019229858479,0.5839655467730215,0.5922547678957983,0.5787866731589196,1.0,0.5867300843426035,0.606909026387733,0.5957284467901526,0.5918413956384486,0.5884549948683268,0.5842196822702664,0.5895641021500903
0,5,0.3386906001764308,0.89284,5000,2.18930505823206,0.3397358943577431,833,2.192430994381158,0.3101,0.7996420687253916,0.08434185353179408,,,0.9799999998407498,,0.9800010039656644,0.019998996034335637,0,0.39504006079173876,5,0.1,0.5,0.6047399034713988,0.5935731435577907,0.600375627278037,0.595156154005488,0.5867300843426035,1.0,0.6031651834824318,0.6104333920797844,0.5947863921499026,0.5978246473440009,0.5887552032481973,0.6058378557701372
0,6,0.33008852904709945,0.8982,5000,2.183085256152683,0.3469387755102041,833,2.192443124783306,0.3097,0.7964723800598219,0.08400753218024364,,,0.9267592633995309,,0.926775764268862,0.07322423573113801,0,0.39503360164892676,5,0.1,0.5,0.5982867560855227,0.5896013447145737,0.5972269411020635,0.5838282529767951,0.606909026387733,0.6031651834824318,1.0,0.6027822656016069,0.6059230006888368,0.5844408792181459,0.5804528794620232,0.5987093544591462
0,7,0.342330215895062,0.89308,5000,2.1975337311073586,0.2965186074429772,833,2.192452437580584,0.3098,0.7936319918438687,0.08370794363150053,,,0.8790497321641838,,0.8790572762411526,0.1209427237588474,0,0.39500404762941005,5,0.1,0.5,0.5941997673370003,0.5819372649361517,0.5936802867393314,0.5806921663148549,0.5957284467901526,0.6104333920797844,0.6027822656016069,1.0,0.5896043610266509,0.5832299201817964,0.5934641005863623,0.5986442931734791
0,8,0.347415109588557,0.89008,5000,2.1943336681083396,0.304921968787515,833,2.1925344726148124,0.3095,0.7889700597356848,0.08321622863747782,,,0.8007440293439784,,0.8007630139049244,0.19923698609507556,0,0.3948573838762082,5,0.1,0.5,0.6020167679058203,0.5887868239541729,0.5796092043590879,0.5797988432255855,0.5918413956384486,0.5947863921499026,0.6059230006888368,0.5896043610266509,1.0,0.5769133323168808,0.5822316225530141,0.5886849136348326
0,9,0.3494451615508575,0.89096,5000,2.1917497316996255,0.28211284513805523,833,2.192642357402716,0.3086,0.7846053047052515,0.08275585824942938,,,0.7274299607636746,,0.7274484212639928,0.2725515787360072,0,0.3945049042508582,5,0.1,0.5,0.5781007806491286,0.5796230192228782,0.5840665708802714,0.5743602254261461,0.5884549948683268,0.5978246473440009,0.5844408792181459,0.5832299201817964,0.5769133323168808,1.0,0.589609545517452,0.6021906537013393
0,10,0.34382858205420574,0.89412,5000,2.175524936781989,0.33733493397358943,833,2.192622947997559,0.3088,0.7852534044847995,0.08282421625461507,,,0.7383159856043277,,0.7383263892374881,0.26167361076251194,0,0.3945769653347268,5,0.1,0.5,0.5948630791162716,0.5711129768961053,0.5819206794879531,0.5910060583895506,0.5842196822702664,0.5887552032481973,0.5804528794620232,0.5934641005863623,0.5822316225530141,0.589609545517452,1.0,0.5873233558022097
0,11,0.35512870468056884,0.8884,5000,2.188861467220165,0.2809123649459784,833,2.192451956934822,0.3098,0.7937353955610928,0.08371885008766869,,,0.8807865873056937,,0.8808041764971638,0.1191958235028362,0,0.39500562858220684,5,0.1,0.5,0.5913060063083091,0.5860111959315245,0.5890888133465852,0.5880160880962467,0.5895641021500903,0.6058378557701372,0.5987093544591462,0.5986442931734791,0.5886849136348326,0.6021906537013393,0.5873233558022097,1.0
1,0,0.2965988241930961,0.909,5000,2.040626194741991,0.7134292565947242,834,2.030443455845403,0.7047,0.8131700438973938,0.08349458057062574,,,0.8559218472146314,,0.8559359469906129,0.14406405300938707,0.958841716795725,0.40646281663451034,5,0.1,0.5,1.0,0.6236252601534895,0.6274859043688943,0.6261888647113008,0.639633713327243,0.634924068606075,0.6426628906860322,0.6208209745397743,0.6342114014589026,0.6273307564021673,0.6291802426158948,0.626616740019439
1,1,0.3063417989155574,0.90516,5000,2.0285181822600187,0.6942446043165468,834,2.031260943641297,0.703,0.8101485084922323,0.08282012371378354,,,0.7282114613574379,,0.7282264946538828,0.2717735053461172,0.9573658175266597,0.4059265442856499,5,0.1,0.5,0.6236252601534895,1.0,0.6292216503267781,0.6231887458826147,0.6331531856981701,0.6271126321554708,0.6424505796198244,0.617074423596985,0.6322124869180198,0.6287498119205612,0.6253901745918937,0.6249798173094012
1,2,0.3133011539389563,0.90596,5000,2.0315466942610563,0.6918465227817746,834,2.030582514814675,0.7043,0.8115829762091757,0.08330390665919964,,,0.8198171823215508,,0.819828321871392,0.18017167812860801,0.9587143672482966,0.40638427474909117,5,0.1,0.5,0.6274859043688943,0.6292216503267781,1.0,0.6310440250498014,0.6279716026852802,0.6335204069441963,0.6328576484847384,0.6247756072195398,0.632155740842169,0.6280894423597759,0.6353138732670859,0.6159112830820186
1,3,0.30540313748820763,0.90692,5000,2.029002798928155,0.7254196642685852,834,2.0314362190021114,0.7008,0.8082550572393947,0.08267113494183402,,,0.7,,0.7,0.30000000000000004,0.9567859508221805,0.40568225447412665,5,0.1,0.5,0.6261888647113008,0.6231887458826147,0.6310440250498014,1.0,0.6230995070049128,0.6287058735655787,0.6375285042386158,0.6244234480888523,0.6207853964161247,0.6291209862688809,0.6245486917840998,0.6205844808637696
1,4,0.29861779132039307,0.90636,5000,2.032012776092247,0.7166866746698679,833,2.0306521170436382,0.7039,0.8144094292945104,0.08329046753101343,,,0.817272443946023,,0.8172882887405251,0.18271171125947494,0.9585452116730593,0.4063770642485717,5,0.1,0.5,0.639633713327243,0.6331531856981701,0.6279716026852802,0.6230995070049128,1.0,0.6295031296349621,0.6445671059393789,0.6238227264664585,0.6374226256354038,0.6349204527151882,0.6250960819346013,0.6273100907316765
1,5,0.2981602684683671,0.90828,5000,2.0335603290134006,0.7010804321728692,833,2.0303316954225776,0.7047,0.8170020151114096,0.08413700574591432,,,0.9775669401337107,,0.9775814467145224,0.022418553285477594,0.9590726577308354,0.4065324553817691,5,0.1,0.5,0.634924068606075,0.6271126321554708,0.6335204069441963,0.6287058735655787,0.6295031296349621,1.0,0.6441810342498121,0.625972864210652,0.6421930565993893,0.6345818347991194,0.6331248012921179,0.6329235031216197
1,6,0.2909477576127003,0.91108,5000,2.0227966485200106,0.7034813925570228,833,2.030348812429288,0.7046,0.8237236244944371,0.0841498550828825,,,0.979999999810647,,0.9800010039656644,0.019998996034335637,0.9590588288530257,0.4065325174522013,5,0.1,0.5,0.6426628906860322,0.6424505796198244,0.6328576484847384,0.6375285042386158,0.6445671059393789,0.6441810342498121,1.0,0.6289971474407139,0.6437041723847672,0.6439514441290846,0.6337716233201676,0.6393047399885546
1,7,0.3055172667820837,0.90532,5000,2.0353317658106485,0.7022809123649459,833,2.030503537708197,0.7047,0.80714292363555,0.08337532486892864,,,0.8333404299973539,,0.8333517393705135,0.16664826062948646,0.9588223429510015,0.40641872201003726,5,0.1,0.5,0.6208209745397743,0.617074423596985,0.6247756072195398,0.6244234480888523,0.6238227264664585,0.625972864210652,0.6289971474407139,1.0,0.6323084996197514,0.6217195065355284,0.634049688085364,0.6194390726288905
1,8,0.3063470546179896,0.90388,5000,2.034206015092355,0.7058823529411765,833,2.030628972160169,0.7049,0.8163563978785401,0.0833708351002261,,,0.8324902791128395,,0.8325033883841173,0.1674966116158827,0.9586002294757499,0.40641654983204467,5,0.1,0.5,0.6342114014589026,0.6322124869180198,0.632155740842169,0.6207853964161247,0.6374226256354038,0.6421930565993893,0.6437041723847672,0.6323084996197514,1.0,0.631095495833259,0.6312961889519105,0.6278380899436795
1,9,0.30526308317662804,0.90692,5000,2.0350866935871266,0.65906362545018,833,2.0311169887122253,0.7025,0.8136203496534713,0.08297151559447317,,,0.756877958409662,,0.7568947342000903,0.24310526579990965,0.9575286140822454,0.4061157152598469,5,0.1,0.5,0.6273307564021673,0.6287498119205612,0.6280894423597759,0.6291209862688809,0.6349204527151882,0.6345818347991194,0.6439514441290846,0.6217195065355284,0.631095495833259,1.0,0.6288746588182997,0.6323002296539711
1,10,0.30314676677867486,0.9088,5000,2.0116668542226157,0.7358943577430972,833,2.0310667048627957,0.7025,0.8121207142738377,0.08296453170100086,,,0.7555555376779485,,0.7555795391797601,0.24442046082023994,0.9576485199341022,0.40610905156621024,5,0.1,0.5,0.6291802426158948,0.6253901745918937,0.6353138732670859,0.6245486917840998,0.6250960819346013,0.6331248012921179,0.6337716233201676,0.634049688085364,0.6312961889519105,0.6288746588182997,1.0,0.625140026712273
1,11,0.3085839391282647,0.90424,5000,2.0262694402977273,0.6926770708283313,833,2.0304319793804764,0.7047,0.8091037678751483,0.08345071849011801,,,0.847616433503859,,0.8476331509462376,0.1523668490537624,0.9588812234841968,0.4064487739246885,5,0.1,0.5,0.626616740019439,0.6249798173094012,0.6159112830820186,0.6205844808637696,0.6273100907316765,0.6329235031216197,0.6393047399885546,0.6194390726288905,0.6278380899436795,0.6323002296539711,0.625140026712273,1.0
2,0,0.2704735130783479,0.9188,5000,1.840460808188827,0.8465227817745803,834,1.8268581765909164,0.856,0.8131458064810191,0.0834223099336707,,,0.8357091885073186,,0.8357311379950806,0.1642688620049194,0.9680133394946769,0.4067083038012239,5,0.1,0.5,1.0,0.6254033812022901,0.6326996745887391,0.6276443202234359,0.6361983712013235,0.6326927645002192,0.6387948608078546,0.631233973885652,0.634096565261737,0.6329826026255457,0.6336584238540856,0.613283208195089
2,1,0.28599667383630756,0.913,5000,1.8228982598693282,0.8609112709832134,834,1.828984228947673,0.8551,0.8076948299615655,0.08278728760401467,,,0.7014225826374901,,0.7014406907283771,0.2985593092716229,0.9662092302618901,0.4059042985485333,5,0.1,0.5,0.6254033812022901,1.0,0.633061511055375,0.6187563101164026,0.6332610841218139,0.6304111244381572,0.6336679814620798,0.6240392847624675,0.6263521968435649,0.6326669542726764,0.6176478486673954,0.6131645171394788
2,2,0.2784182044885056,0.91528,5000,1.8284730160677876,0.86810551558753,834,1.8270826846265946,0.8561,0.8155471162668344,0.08337984355474809,,,0.8267289280931882,,0.8267506651272526,0.1732493348727474,0.9678533285009177,0.40668418496859654,5,0.1,0.5,0.6326996745887391,0.633061511055375,1.0,0.628413614178222,0.6365334427669876,0.6346514079713931,0.6367319986976743,0.6278171893515159,0.6388877166977703,0.6416171051058065,0.6336484500939694,0.6189964425726272
2,3,0.2788755416935369,0.91488,5000,1.820676812419185,0.8621103117505995,834,1.829281206329029,0.8542,0.8103321170159166,0.08278056041231349,,,0.7,,0.7,0.30000000000000004,0.9659405120128016,0.40588757462214275,5,0.1,0.5,0.6276443202234359,0.6187563101164026,0.628413614178222,1.0,0.6384616517888179,0.6346369970173593,0.6320114056722548,0.6250264639897606,0.6250399436995758,0.632472971376281,0.6339056261802769,0.6185306400212175
2,4,0.26283906937048884,0.91732,5000,1.8264786976355094,0.8631452581032413,833,1.8271549513545662,0.8559,0.8189613926237288,0.08348966675820425,,,0.8499529700664339,,0.849962351287586,0.15003764871241398,0.9679078448460017,0.4067395534823359,5,0.1,0.5,0.6361983712013235,0.6332610841218139,0.6365334427669876,0.6384616517888179,1.0,0.6360246232816394,0.641283726547543,0.6378348245114318,0.638065428190469,0.6334534987709248,0.6331566923687331,0.6321362859466344
2,5,0.2667697876122347,0.9214,5000,1.8372627938235249,0.851140456182473,833,1.82673770970049,0.8567,0.8177446423646293,0.084006548206133,,,0.9592566150532672,,0.9592691129963355,0.04073088700366445,0.9683145803280372,0.4068295887753338,5,0.1,0.5,0.6326927645002192,0.6304111244381572,0.6346514079713931,0.6346369970173593,0.6360246232816394,1.0,0.6434622330022316,0.6298866280173215,0.6431710435870647,0.6379528352414527,0.6326390849293356,0.6252686149644457
2,6,0.2628737194392427,0.92092,5000,1.8210029866960313,0.8619447779111644,833,1.8267500038725881,0.8567,0.8203220190215043,0.08410464073304003,,,0.9799999997885325,,0.9800010039656644,0.019998996034335637,0.9683163017797051,0.40683077739287943,5,0.1,0.5,0.6387948608078546,0.6336679814620798,0.6367319986976743,0.6320114056722548,0.641283726547543,0.6434622330022316,1.0,0.6322554569613772,0.6398394406905972,0.635890876448715,0.6408749164834997,0.6311052695804819
2,7,0.27524768870181526,0.91512,5000,1.829617425247475,0.858343337334934,833,1.8270146458293683,0.8563,0.8105806073720643,0.08325435378598352,,,0.8001919161932883,,0.8002158526178405,0.19978414738215955,0.9677493551299455,0.40659189433784104,5,0.1,0.5,0.631233973885652,0.6240392847624675,0.6278171893515159,0.6250264639897606,0.6378348245114318,0.6298866280173215,0.6322554569613772,1.0,0.6291903609390072,0.6323460509595551,0.6311608712941097,0.613427546678538
2,8,0.273809506695504,0.91872,5000,1.8327414459652371,0.8547418967587035,833,1.8271239104743202,0.8561,0.8159943326672129,0.0834396011889076,,,0.8393657276061097,,0.8393755333567592,0.16062446664324082,0.9679707420905683,0.4067170016047497,5,0.1,0.5,0.634096565261737,0.6263521968435649,0.6388877166977703,0.6250399436995758,0.638065428190469,0.6431710435870647,0.6398394406905972,0.6291903609390072,1.0,0.6321526757675666,0.6298048496673683,0.6302775608713381
2,9,0.2740717378723773,0.91724,5000,1.838429296458209,0.8307322929171669,833,1.8279745114116241,0.8559,0.8162665785459401,0.08318529459087846,,,0.7855881385280474,,0.7856081522011947,0.21439184779880527,0.9671931827298771,0.4065281182243734,5,0.1,0.5,0.6329826026255457,0.6326669542726764,0.6416171051058065,0.632472971376281,0.6334534987709248,0.6379528352414527,0.635890876448715,0.6323460509595551,0.6321526757675666,1.0,0.6307093521118528,0.6292453098370016
2,10,0.27550957895649275,0.91852,5000,1.806927861990752,0.8703481392557023,833,1.8280364545389487,0.8557,0.8131964042500959,0.08307394393462329,,,0.7620410898786172,,0.762060137543296,0.23793986245670395,0.9670441516004759,0.4064041686159376,5,0.1,0.5,0.6336584238540856,0.6176478486673954,0.6336484500939694,0.6339056261802769,0.6331566923687331,0.6326390849293356,0.6408749164834997,0.6311608712941097,0.6298048496673683,0.6307093521118528,1.0,0.6242637428211328
2,11,0.2779812934802501,0.9148,5000,1.8227529128392537,0.8367346938775511,833,1.8271112891431815,0.8563,0.8040165371178697,0.08307594929748283,,,0.7624651590166112,,0.7624767832940114,0.23752321670598864,0.9673983355705721,0.4064053786669785,5,0.1,0.5,0.613283208195089,0.6131645171394788,0.6189964425726272,0.6185306400212175,0.6321362859466344,0.6252686149644457,0.6311052695804819,0.613427546678538,0.6302775608713381,0.6292453098370016,0.6242637428211328,1.0
3,0,0.24208913792375547,0.92796,5000,1.6119995779461331,0.8968824940047961,834,1.5948400642163456,0.9047,0.8081500397517836,0.08340255969162456,,,0.8300550210104599,,0.8300788113046533,0.16992118869534667,0.9702002043971438,0.40378618385839504,5,0.1,0.5,1.0,0.6146946079175852,0.6194512652421077,0.6194127221072414,0.6237969268254794,0.6255488010659205,0.6315275420439593,0.6215600280098849,0.6227910814731595,0.6122481220876588,0.6258273736647694,0.6171197808269366
3,1,0.2544314780379319,0.9236,5000,1.5889292425579495,0.9112709832134293,834,1.5987394792965044,0.9036,0.800685975013011,0.0827219533416788,,,0.7,,0.7,0.30000000000000004,0.9680986008906736,0.402893877955323,5,0.1,0.5,0.6146946079175852,1.0,0.6110413497046515,0.6126884871824185,0.6212535921637033,0.6172990693590393,0.6308388817845102,0.6072684881088153,0.6143602621420552,0.6088472450552012,0.6107362932032838,0.6155030128244492
3,2,0.2516938270656926,0.92424,5000,1.5977048918052956,0.9016786570743405,834,1.595432718340962,0.9049,0.8017380478428487,0.08315098130857605,,,0.7819816642224151,,0.7819938758094473,0.21800612419055265,0.9697521600435877,0.403586046186698,5,0.1,0.5,0.6194512652421077,0.6110413497046515,1.0,0.6128135294475565,0.6156412743012738,0.6151256107169671,0.6197816338571652,0.6145705448047832,0.6136762938755791,0.6172267034564398,0.6201181362369619,0.6126878656632724
3,3,0.25743081503114695,0.92136,5000,1.5847949142809268,0.9040767386091128,834,1.5987542978110023,0.9034,0.8051291159640243,0.08287234320217304,,,0.728737546259887,,0.7287535766276794,0.27124642337232063,0.968280308401763,0.4031977336813385,5,0.1,0.5,0.6194127221072414,0.6126884871824185,0.6128135294475565,1.0,0.6216457639003803,0.6273164068631348,0.6309315729258015,0.6156387696724386,0.6120298699578278,0.6176243798167439,0.6171406057496769,0.6203672663237222
3,4,0.2426141616923936,0.92812,5000,1.5929885617008916,0.9063625450180072,833,1.5951021574556636,0.9046,0.8115773774813099,0.08356660361458958,,,0.8614016810137834,,0.8614175995180965,0.1385824004819035,0.9703233077537589,0.4038585695009386,5,0.1,0.5,0.6237969268254794,0.6212535921637033,0.6156412743012738,0.6216457639003803,1.0,0.6281237457953853,0.6276502988059602,0.6249555650438741,0.6317050533045682,0.6207861957581517,0.6200321554570893,0.6314179916458817
3,5,0.2399784973318315,0.92864,5000,1.6105285706343475,0.8979591836734694,833,1.594400854156421,0.9051,0.8144014549135501,0.08400727813244795,,,0.9456088496413042,,0.9456302394458109,0.05436976055418907,0.9705784120306853,0.40393269161536316,5,0.1,0.5,0.6255488010659205,0.6172990693590393,0.6151256107169671,0.6273164068631348,0.6281237457953853,1.0,0.6342212857847065,0.629535470654671,0.6328087362207493,0.6289435438567261,0.6206862816336013,0.6324428708847946
3,6,0.2379295384819815,0.92808,5000,1.5908160518716883,0.9087635054021609,833,1.5944238824966235,0.9051,0.8177019849379056,0.08418725453785048,,,0.979999999808913,,0.9800010039656644,0.019998996034335637,0.9705873610644467,0.4039361541024083,5,0.1,0.5,0.6315275420439593,0.6308388817845102,0.6197816338571652,0.6309315729258015,0.6276502988059602,0.6342212857847065,1.0,0.622847085641045,0.6349446396545136,0.6266232987591348,0.6314128893760123,0.6329654400518272
3,7,0.24560092670641318,0.925,5000,1.596122838832714,0.9051620648259304,833,1.5952616233033494,0.9046,0.8061325616300508,0.08322103744022004,,,0.7953684797782737,,0.7953817579438783,0.20461824205612167,0.9697547321505708,0.4036540941644458,5,0.1,0.5,0.6215600280098849,0.6072684881088153,0.6145705448047832,0.6156387696724386,0.6249555650438741,0.629535470654671,0.622847085641045,1.0,0.62379523054342,0.6166091399646128,0.6223025588091391,0.6160669695305181
3,8,0.2506591059836992,0.92456,5000,1.6028406752480402,0.907563025210084,833,1.5951606812187658,0.9048,0.8084196498792044,0.08342340512126321,,,0.8340383114834957,,0.8340545153355755,0.1659454846644245,0.97026249873717,0.4037977977030536,5,0.1,0.5,0.6227910814731595,0.6143602621420552,0.6136762938755791,0.6120298699578278,0.6317050533045682,0.6328087362207493,0.6349446396545136,0.62379523054342,1.0,0.6143836081434885,0.6150969773632069,0.6207526297198103
3,9,0.24903556411362188,0.92548,5000,1.6127180655797322,0.8931572629051621,833,1.5966049767911625,0.9042,0.8046840373161934,0.08312482830472503,,,0.7769841653515894,,0.7769991466291852,0.22300085337081477,0.9696112935128648,0.40355776268348614,5,0.1,0.5,0.6122481220876588,0.6088472450552012,0.6172267034564398,0.6176243798167439,0.6207861957581517,0.6289435438567261,0.6266232987591348,0.6166091399646128,0.6143836081434885,1.0,0.6183912649297961,0.6197622620661782
3,10,0.2511087231599032,0.92448,5000,1.5744279358122084,0.9135654261704682,833,1.596674088852855,0.9044,0.8069163002871693,0.08312889185406551,,,0.7777606567770582,,0.7777722001907534,0.22222779980924656,0.9693822832238479,0.403562939044402,5,0.1,0.5,0.6258273736647694,0.6107362932032838,0.6201181362369619,0.6171406057496769,0.6200321554570893,0.6206862816336013,0.6314128893760123,0.6223025588091391,0.6150969773632069,0.6183912649297961,1.0,0.6218796106006068
3,11,0.25481744910098,0.92224,5000,1.5897121650201302,0.9015606242496998,833,1.5954002130526703,0.9045,0.8087138154050838,0.08319286345078572,,,0.7899847968488966,,0.7899904623261884,0.21000953767381159,0.9694044221596799,0.4036279193336773,5,0.1,0.5,0.6171197808269366,0.6155030128244492,0.6126878656632724,0.6203672663237222,0.6314179916458817,0.6324428708847946,0.6329654400518272,0.6160669695305181,0.6207526297198103,0.6197622620661782,0.6218796106006068,1.0
4,0,0.22190290197558038,0.93244,5000,1.3673899526949282,0.9256594724220624,834,1.3466357263132407,0.9279,0.802283948273485,0.08351741538458494,,,0.8467947543650651,,0.8468098991014508,0.15319010089854923,0.9706283558330896,0.39906543273632183,5,0.1,0.5,1.0,0.6097374086038101,0.6106952060541463,0.598297888782583,0.6145063595749215,0.6052648935608508,0.610893908442288,0.6078005487963747,0.6139518368224316,0.6007423383890482,0.6053247312285798,0.6084032627466275
4,1,0.23134780139988584,0.9312,5000,1.337925359054848,0.9388489208633094,834,1.351967642101617,0.9272,0.7985397144134152,0.08293394020541835,,,0.7333446567804188,,0.7333567591988354,0.26664324080116464,0.9688384885616249,0.39846019072034783,5,0.1,0.5,0.6097374086038101,1.0,0.6154277557100241,0.5994984212005879,0.6076912299799452,0.5961059622027199,0.6167636418839896,0.5970565416652418,0.6034051794022518,0.6061801890206108,0.5959679537471623,0.605133039733978
4,2,0.23620612775539138,0.92808,5000,1.3508934047487047,0.9304556354916067,834,1.3474004828510955,0.928,0.8040565104304785,0.08341218721771172,,,0.8263343368071627,,0.8263540986898248,0.1736459013101752,0.9701253486132618,0.39900573939470724,5,0.1,0.5,0.6106952060541463,0.6154277557100241,1.0,0.6060292660521394,0.6127079334570861,0.6036631992043837,0.6185904004291876,0.6016259283015214,0.6078992326792175,0.607205672510758,0.6068335075738255,0.6131467770556378
4,3,0.23495959731495114,0.93092,5000,1.3328136382279572,0.9232613908872902,834,1.3525637186373385,0.9267,0.7907810568888662,0.08276244824548691,,,0.7,,0.7,0.30000000000000004,0.968741656431677,0.39811964558310153,5,0.1,0.5,0.598297888782583,0.5994984212005879,0.6060292660521394,1.0,0.6019825422808177,0.5931762121410694,0.6035741564835578,0.5920817044338618,0.596008057894505,0.5998274375935773,0.5957568384853468,0.5918087620842633
4,4,0.22048689134116434,0.93312,5000,1.342890805668301,0.921968787515006,833,1.3468866896705505,0.928,0.8018150502185719,0.08361006517815693,,,0.8648094506147884,,0.8648210431203253,0.13517895687967474,0.9708377710447185,0.3991034505305462,5,0.1,0.5,0.6145063595749215,0.6076912299799452,0.6127079334570861,0.6019825422808177,1.0,0.600697255655928,0.6186699193100851,0.6013847700247164,0.6114648534003458,0.6067805795721515,0.5954484826894647,0.6089863919694015
4,5,0.2226508617427817,0.9344,5000,1.3674076972184357,0.9159663865546218,833,1.3460420587192328,0.9284,0.795939429528205,0.08369744061811996,,,0.8817986089273414,,0.8818131619898599,0.11818683801014007,0.9709775063884927,0.39912939770286754,5,0.1,0.5,0.6052648935608508,0.5961059622027199,0.6036631992043837,0.5931762121410694,0.600697255655928,1.0,0.612132606707155,0.5975084165502366,0.6107160843968075,0.6037113817544013,0.5937531038308193,0.6050884176340656
4,6,0.21838199840213474,0.93352,5000,1.3451818580980655,0.9231692677070829,833,1.3460432687125647,0.9283,0.8069542619432925,0.08420249152029594,,,0.9799999998055614,,0.9800010039656644,0.019998996034335637,0.9710789428141966,0.3991745594429039,5,0.1,0.5,0.610893908442288,0.6167636418839896,0.6185904004291876,0.6035741564835578,0.6186699193100851,0.612132606707155,1.0,0.60961360400812,0.613099967908865,0.6086633615007614,0.6024967110908098,0.6122522070150721
4,7,0.2241490223522114,0.93352,5000,1.3463896336378876,0.9351740696278511,833,1.3475550135103658,0.9279,0.7928979141557385,0.08306832753254711,,,0.759474740666207,,0.7594799457858541,0.2405200542141459,0.9698193308920849,0.3986673308186354,5,0.1,0.5,0.6078005487963747,0.5970565416652418,0.6016259283015214,0.5920817044338618,0.6013847700247164,0.5975084165502366,0.60961360400812,1.0,0.5994360108946284,0.5978038176162447,0.5959847410376604,0.5961867170596463
4,8,0.22793113778280036,0.9314,5000,1.3569011688232422,0.9339735894357744,833,1.3470835384850304,0.9279,0.7989206627286688,0.0834135939587034,,,0.8266078615576249,,0.8266301892475277,0.17336981075247226,0.9705815337766635,0.39900704051132885,5,0.1,0.5,0.6139518368224316,0.6034051794022518,0.6078992326792175,0.596008057894505,0.6114648534003458,0.6107160843968075,0.613099967908865,0.5994360108946284,1.0,0.6009030002165483,0.5958198720375675,0.6004257316354265
4,9,0.2315952081090895,0.93124,5000,1.3697994770827118,0.9243697478991597,833,1.349026251524782,0.9275,0.7972533583675847,0.08315676229465757,,,0.7766698720951681,,0.7766828974449074,0.22331710255509263,0.9698479945314631,0.39877825822957846,5,0.1,0.5,0.6007423383890482,0.6061801890206108,0.607205672510758,0.5998274375935773,0.6067805795721515,0.6037113817544013,0.6086633615007614,0.5978038176162447,0.6009030002165483,1.0,0.5986157943315674,0.6083372409531823
4,10,0.22688230913262933,0.93236,5000,1.3277469476064045,0.9339735894357744,833,1.34949462787031,0.9276,0.7919560906049944,0.08297411534864925,,,0.7411562554272255,,0.741177651724311,0.25882234827568895,0.969525034083201,0.3985281734143143,5,0.1,0.5,0.6053247312285798,0.5959679537471623,0.6068335075738255,0.5957568384853468,0.5954484826894647,0.5937531038308193,0.6024967110908098,0.5959847410376604,0.5958198720375675,0.5986157943315674,1.0,0.6020665276973538
4,11,0.23210891256002103,0.92768,5000,1.3412429690361023,0.9267707082833133,833,1.3474725172542537,0.9279,0.7986600828230092,0.08325121249566787,,,0.7950346370485178,,0.7950554691029567,0.20494453089704334,0.9700706630369907,0.39887711944467,5,0.1,0.5,0.6084032627466275,0.605133039733978,0.6131467770556378,0.5918087620842633,0.6089863919694015,0.6050884176340656,0.6122522070150721,0.5961867170596463,0.6004257316354265,0.6083372409531823,0.6020665276973538,1.0
5,0,0.20901780003017395,0.93804,5000,1.1247042682435777,0.934052757793765,834,1.0998321030848324,0.9386,0.779991915980951,0.08329759244001485,,,0.7915262588694262,,0.7915466091059685,0.20845339089403148,0.9686612637335086,0.39195088640945625,5,0.1,0.5,1.0,0.5753446576480972,0.5770254516040096,0.570992666305109,0.5775551096362023,0.5742448651712911,0.5886820675153681,0.5687032023111578,0.5773588437066586,0.5812548500035736,0.5751319698943892,0.5756320048257416
5,1,0.21410514787432683,0.93524,5000,1.087682103669202,0.9508393285371702,834,1.106046672065418,0.9382,0.7800275942521706,0.08290868814246022,,,0.7178299434145724,,0.7178454896842528,0.28215451031574723,0.967187489690769,0.391393339149988,5,0.1,0.5,0.5753446576480972,1.0,0.5801610407858571,0.5768138633556023,0.5817370655081515,0.5790072274344572,0.5915302527536683,0.5606394013411936,0.5757042179489903,0.5807623071146392,0.5639046861725535,0.5795330429980212
5,2,0.2165094074775364,0.93632,5000,1.1051046097720112,0.9436450839328537,834,1.1005622049490102,0.9387,0.7854620005180315,0.08341974145141481,,,0.8146731670759779,,0.8146829978414738,0.1853170021585262,0.9687775006293299,0.39205141110280745,5,0.1,0.5,0.5770254516040096,0.5801610407858571,1.0,0.5720395321810979,0.5881091184814656,0.5830613560309091,0.5888241599950884,0.5718994879265025,0.5849130858638246,0.5895461873635245,0.5775497001340372,0.5808186957355519
5,3,0.21606277121990256,0.93508,5000,1.0827956111342818,0.9400479616306955,834,1.1068553570360422,0.9376,0.7806124412437313,0.0828145973921115,,,0.7,,0.7,0.30000000000000004,0.9667511719196651,0.39119176589861576,5,0.1,0.5,0.570992666305109,0.5768138633556023,0.5720395321810979,1.0,0.5871248856535549,0.5757187365476206,0.5912485593861434,0.572500742354468,0.5673731067637308,0.5797499065887521,0.5804996489361157,0.5775828075641436
5,4,0.20624766182925575,0.93704,5000,1.0950521716365107,0.9303721488595438,833,1.099946698441673,0.9386,0.7906610313641647,0.08373503296636457,,,0.8744200587716456,,0.8744289945283872,0.12557100547161282,0.9691355084914329,0.3922040985787828,5,0.1,0.5,0.5775551096362023,0.5817370655081515,0.5881091184814656,0.5871248856535549,1.0,0.5774924222677272,0.5916410773663255,0.5786224127585444,0.5910298945649686,0.5956176303477716,0.5828800163435588,0.5902704871252058
5,5,0.20621556305462957,0.93876,5000,1.124013430542416,0.929171668667467,833,1.099071163338975,0.9388,0.7850275266037257,0.0835951947535393,,,0.8479210946053605,,0.84793434064555,0.15206565935445004,0.9690813688110336,0.39215211865893046,5,0.1,0.5,0.5742448651712911,0.5790072274344572,0.5830613560309091,0.5757187365476206,0.5774924222677272,1.0,0.5874857024421118,0.5712994022657009,0.5856259557485239,0.586986879653816,0.5779433896904396,0.5896418405067462
5,6,0.20074097853818326,0.94044,5000,1.0995903037212513,0.9375750300120048,833,1.0989593516904326,0.9386,0.7952360522471947,0.0842921909810109,,,0.9799999998105027,,0.9800010039656644,0.019998996034335637,0.9693720156091601,0.39226076667091864,5,0.1,0.5,0.5886820675153681,0.5915302527536683,0.5888241599950884,0.5912485593861434,0.5916410773663255,0.5874857024421118,1.0,0.5844691514499866,0.5873471578136079,0.5948494430892443,0.5803962763038261,0.5957951611836614
5,7,0.21088291343871005,0.9364,5000,1.098307810447834,0.9459783913565426,833,1.1015407456376682,0.938,0.7752462880686029,0.08283027812465969,,,0.7029714565246543,,0.7029817780231916,0.2970182219768084,0.9671312966427692,0.3912282012895289,5,0.1,0.5,0.5687032023111578,0.5606394013411936,0.5718994879265025,0.572500742354468,0.5786224127585444,0.5712994022657009,0.5844691514499866,1.0,0.5651418865631499,0.578521907264992,0.5731737626580697,0.5745965349605244
5,8,0.21504435683392986,0.93504,5000,1.1114023040842127,0.9387755102040817,833,1.100251996098235,0.9386,0.7828441368485012,0.08332854942992754,,,0.7973925249623537,,0.7974047487575925,0.20259525124240751,0.9687075544160505,0.391978130433707,5,0.1,0.5,0.5773588437066586,0.5757042179489903,0.5849130858638246,0.5673731067637308,0.5910298945649686,0.5856259557485239,0.5873471578136079,0.5651418865631499,1.0,0.5852140889875244,0.5731193300783528,0.5763542486902743
5,9,0.211425733035371,0.93668,5000,1.1269429524739583,0.9327731092436975,833,1.102269031178837,0.9381,0.7905408466806924,0.08342768725792168,,,0.816178875978028,,0.816198985994679,0.183801014005321,0.9684524073667113,0.3920569963809815,5,0.1,0.5,0.5812548500035736,0.5807623071146392,0.5895461873635245,0.5797499065887521,0.5956176303477716,0.586986879653816,0.5948494430892443,0.578521907264992,0.5852140889875244,1.0,0.5825190931881149,0.5879878594538932
5,10,0.21399153940569443,0.93812,5000,1.0830861727396648,0.9423769507803121,833,1.1032758764565562,0.938,0.7808781187081291,0.08296548580405796,,,0.7285929470957481,,0.7286080016063451,0.2713919983936549,0.9674688275126007,0.3915017576875317,5,0.1,0.5,0.5751319698943892,0.5639046861725535,0.5775497001340372,0.5804996489361157,0.5828800163435588,0.5779433896904396,0.5803962763038261,0.5731737626580697,0.5731193300783528,0.5825190931881149,1.0,0.5860143459177097
5,11,0.21337514200075797,0.9334,5000,1.0935190187560186,0.9339735894357744,833,1.1006458123651937,0.9384,0.7875322736843599,0.08338496125651702,,,0.808082413950117,,0.8081020029115005,0.19189799708849953,0.9685853614413682,0.3920261719282048,5,0.1,0.5,0.5756320048257416,0.5795330429980212,0.5808186957355519,0.5775828075641436,0.5902704871252058,0.5896418405067462,0.5957951611836614,0.5745965349605244,0.5763542486902743,0.5879878594538932,0.5860143459177097,1.0
6,0,0.18886083542654042,0.94316,5000,0.8971594748673616,0.9460431654676259,834,0.8680561310567033,0.9462,0.770457570041655,0.08316489229026289,,,0.7935991548416104,,0.7936097585462577,0.2063902414537423,0.9668045044362316,0.38697600833359236,5,0.1,0.5,1.0,0.5471005482766991,0.5615859007627855,0.5599943120667555,0.5655359272964766,0.5594840180029819,0.5721268040334426,0.5553261635935635,0.5616212916479869,0.5552417845795616,0.5615062255033088,0.5616386469300894
6,1,0.20000830036676992,0.9398,5000,0.853163946557928,0.9544364508393285,834,0.8751372093209824,0.9459,0.7623869125289157,0.08261850267772408,,,0.7,,0.7,0.30000000000000004,0.9649544316494989,0.38619448039741633,5,0.1,0.5,0.5471005482766991,1.0,0.5543719609372941,0.5498451204563186,0.5584893066287511,0.5499202586574262,0.5632852086420508,0.548562989624904,0.5458785559033247,0.5609595431601216,0.5455233979991525,0.5643131337226869
6,2,0.20054569182247162,0.93984,5000,0.8737235069274902,0.947242206235012,834,0.8686823823962349,0.9463,0.7722937227799624,0.0833118105620523,,,0.8187669577329982,,0.8187791777521208,0.18122082224787917,0.9670707354287937,0.3870819389079573,5,0.1,0.5,0.5615859007627855,0.5543719609372941,1.0,0.5574138379835605,0.5597983439064969,0.5657596690550384,0.5688061122790731,0.5583173368192529,0.5626424191951662,0.5655380340870062,0.5611621843381702,0.5622615196739156
6,3,0.1957748454562418,0.9412,5000,0.8489087356461419,0.9532374100719424,834,0.8752535012202521,0.9457,0.7729616939146645,0.08292905938458885,,,0.7531998497516664,,0.7532101802118367,0.24678981978816328,0.9652188617939751,0.38672248502940826,5,0.1,0.5,0.5599943120667555,0.5498451204563186,0.5574138379835605,1.0,0.5702907856869945,0.5730866988071586,0.5685657590700826,0.5577114158084703,0.5533649206863762,0.5653318778670074,0.5650957377231269,0.5662957470319334
6,4,0.1872646912303605,0.94456,5000,0.86318674131676,0.936374549819928,833,0.8678223930608732,0.9461,0.7800996227896781,0.08379941142037052,,,0.9022953177004719,,0.9023091210280608,0.09769087897193918,0.967543958560359,0.3872543835947278,5,0.1,0.5,0.5655359272964766,0.5584893066287511,0.5597983439064969,0.5702907856869945,1.0,0.5684212692555339,0.5734759147256504,0.5653378135879845,0.5691049687831325,0.5715422031070116,0.5712566921095527,0.5754056922069805
6,5,0.1889741536938722,0.94332,5000,0.8930677087218674,0.936374549819928,833,0.867032666175891,0.9465,0.7785577029930133,0.08365101364422671,,,0.8768740686344519,,0.8768836905777823,0.12311630942221774,0.9674103258091802,0.38722389736623175,5,0.1,0.5,0.5594840180029819,0.5499202586574262,0.5657596690550384,0.5730866988071586,0.5684212692555339,1.0,0.5755223534832862,0.5658355231918902,0.5737442341469517,0.5621682022104634,0.5661441705548232,0.5748980076097231
6,6,0.18806223433085117,0.94496,5000,0.8677989575597975,0.9483793517406963,833,0.8668919609377559,0.9464,0.7823481582826193,0.0842530162764436,,,0.9799999998286952,,0.9800010039656644,0.019998996034335637,0.9677224126554229,0.387281628219201,5,0.1,0.5,0.5721268040334426,0.5632852086420508,0.5688061122790731,0.5685657590700826,0.5734759147256504,0.5755223534832862,1.0,0.5619378824779485,0.568417751934398,0.5652121649795722,0.5724200553697315,0.5769125167854302
6,7,0.1919719260844408,0.94176,5000,0.8641316427124871,0.9519807923169268,833,0.8701907676248886,0.9463,0.7698575172156504,0.082829879704316,,,0.7362098959934589,,0.7362281009989459,0.26377189900105413,0.9652135063339772,0.3865794946538371,5,0.1,0.5,0.5553261635935635,0.548562989624904,0.5583173368192529,0.5577114158084703,0.5653378135879845,0.5658355231918902,0.5619378824779485,1.0,0.5546497655661841,0.5618037828579168,0.5647833265215515,0.5639119974237513
6,8,0.19789019134844754,0.93972,5000,0.8798787284780432,0.9483793517406963,833,0.8683761129744898,0.9462,0.773439338525432,0.08329106335079614,,,0.815212861179308,,0.8152351789568797,0.1847648210431203,0.9669399446465016,0.387068970400499,5,0.1,0.5,0.5616212916479869,0.5458785559033247,0.5626424191951662,0.5533649206863762,0.5691049687831325,0.5737442341469517,0.568417751934398,0.5546497655661841,1.0,0.5672409103901052,0.5648287706560268,0.5671456762780984
6,9,0.1950034147063211,0.94288,5000,0.8972356363579079,0.9447779111644657,833,0.8701943284787309,0.9462,0.7761311427498245,0.08345277030967169,,,0.8429140369253664,,0.8429245519803222,0.15707544801967777,0.9671792169841479,0.3871562589252701,5,0.1,0.5,0.5552417845795616,0.5609595431601216,0.5655380340870062,0.5653318778670074,0.5715422031070116,0.5621682022104634,0.5652121649795722,0.5618037828579168,0.5672409103901052,1.0,0.5642957967780835,0.5740534902365692
6,10,0.19658092930319773,0.94264,5000,0.853534659853688,0.9447779111644657,833,0.8714032458802001,0.9462,0.7752028800869912,0.08310959128871587,,,0.7841258286876874,,0.7841373425028864,0.21586265749711364,0.9658835163848377,0.386926489116662,5,0.1,0.5,0.5615062255033088,0.5455233979991525,0.5611621843381702,0.5650957377231269,0.5712566921095527,0.5661441705548232,0.5724200553697315,0.5647833265215515,0.5648287706560268,0.5642957967780835,1.0,0.5700134567410297
6,11,0.19944944983929586,0.93852,5000,0.8623042647485379,0.9423769507803121,833,0.8685530406979326,0.9462,0.780797183635948,0.08358898909083141,,,0.8662489658799304,,0.8662617338487024,0.13373826615129758,0.9671365737941976,0.3872066128834083,5,0.1,0.5,0.5616386469300894,0.5643131337226869,0.5622615196739156,0.5662957470319334,0.5754056922069805,0.5748980076097231,0.5769125167854302,0.5639119974237513,0.5671456762780984,0.5740534902365692,0.5700134567410297,1.0
7,0,0.17731495567176278,0.94752,5000,0.7013841183097275,0.9496402877697842,834,0.6691724355228412,0.9507,0.7525254026488282,0.08304809276735933,,,0.7823353432932421,,0.7823502836203002,0.21764971637969976,0.9649328402164781,0.37833201108273806,5,0.1,0.5,1.0,0.5215143514077543,0.5263921058438141,0.527750913342987,0.5328676941797856,0.5368344358355351,0.5361513297354373,0.532886457637628,0.5369760396507015,0.5255150851751458,0.5317436024563863,0.5313587570078274
