round,client_id,client_i_training_loss,client_i_training_accuracy,client_i_training_dataset_size,client_i_evaluation_loss,client_i_evaluation_accuracy,client_i_evaluation_dataset_size,client_i_central_evaluation_loss,client_i_central_evaluation_accuracy,client_i_cosine_similarity,client_i_importance_coefficient,client_i_tanh_val,tanh_normalization_value,client_i_q,client_i_mask_order,client_i_v_nonzero_fraction,client_i_v_sparsity,client_i_v_cosine_similarity,client_i_reward_gradient_norm,local_epochs,learning_rate,gamma,client_0_cosine_similarity,client_1_cosine_similarity,client_2_cosine_similarity,client_3_cosine_similarity,client_4_cosine_similarity,client_5_cosine_similarity,client_6_cosine_similarity,client_7_cosine_similarity,client_8_cosine_similarity,client_9_cosine_similarity,client_10_cosine_similarity,client_11_cosine_similarity
0,0,0.3615896261125139,0.88848,5000,2.1961836373364485,0.3800959232613909,834,2.20313151804403,0.3708,0.7927666979693954,0.08363422968646086,,,0.8738349013877096,,0.8738466944430501,0.12615330555694992,0,0.39490964789507893,5,0.1,0.5,1.0,0.5878798038227151,0.6033812651913545,0.5801590367321223,0.5969005532182327,0.5973653639091833,0.5933292171640736,0.5860762263539617,0.598047839423306,0.5874098036768438,0.5937633999222008,0.5903024971893145
0,1,0.34833124753823325,0.89012,5000,2.2075211295375117,0.3597122302158273,834,2.203242122174833,0.3701,0.7877733417878465,0.08310744734448858,,,0.7960879390882264,,0.7961046132222278,0.2038953867777722,0,0.39473568414795984,5,0.1,0.5,0.5878798038227151,1.0,0.6004752432885496,0.571184345613091,0.6029356854327691,0.5983411953884921,0.5822113165126342,0.5814545725663383,0.5885333601569419,0.5815328892657903,0.5891337926630045,0.5836009046283721
0,2,0.3472888791138769,0.88988,5000,2.2141969822071217,0.3381294964028777,834,2.203170058826288,0.3707,0.7911115399980315,0.08345961606772663,,,0.8480639570126967,,0.8480799156668842,0.15192008433311577,0,0.394872491963397,5,0.1,0.5,0.6033812651913545,0.6004752432885496,1.0,0.5752138063927279,0.6004222914431174,0.588992599434306,0.5921692538608505,0.5712174313008949,0.5890489440913322,0.5909711769793641,0.5840554685302315,0.6029783268444374
0,3,0.3370389048478738,0.89648,5000,2.198244580516109,0.3920863309352518,834,2.2035136321863047,0.3698,0.783010432063052,0.08260497633136495,,,0.7219290468830636,,0.7219466894232217,0.2780533105767783,0,0.3943459055706627,5,0.1,0.5,0.5801590367321223,0.571184345613091,0.5752138063927279,1.0,0.586844811181225,0.5839954041316782,0.5951304999038112,0.5734955370386859,0.5901141125765753,0.5881943977842098,0.598331955656355,0.5794717057797495
0,4,0.33061324982743734,0.896,5000,2.1999325399045593,0.3637454981992797,833,2.2031345177001467,0.3708,0.8008697447725321,0.08448907396691505,,,0.9999999998524116,,1.0,0.0,0,0.39495726424478034,5,0.1,0.5,0.5969005532182327,0.6029356854327691,0.6004222914431174,0.586844811181225,1.0,0.6011646598108146,0.5988846974471043,0.5799028885774844,0.5966680725879655,0.6135291592431731,0.6151198908021237,0.5990508680481101
0,5,0.33993248256326764,0.89608,5000,2.2051651036297835,0.3793517406962785,833,2.2031664650280254,0.3707,0.791245204350325,0.08347371720891893,,,0.8501451218606915,,0.8501631444204608,0.14983685557953919,0,0.39487606718686236,5,0.1,0.5,0.5973653639091833,0.5983411953884921,0.588992599434306,0.5839954041316782,0.6011646598108146,1.0,0.5945657499479199,0.5892339579428241,0.589016761333885,0.5850375982982011,0.5851576727399725,0.5873218442165099
0,6,0.3375515796184825,0.89636,5000,2.1992404372603804,0.38535414165666265,833,2.2032307694895197,0.3702,0.7882762506100786,0.08316050253974037,,,0.8039182703965796,,0.8039305255760253,0.1960694744239747,0,0.394762231611243,5,0.1,0.5,0.5933292171640736,0.5822113165126342,0.5921692538608505,0.5951304999038112,0.5988846974471043,0.5945657499479199,1.0,0.5863749356268533,0.5842097762779617,0.58224462938551,0.5850019118388,0.5779281865979345
0,7,0.3417364200256812,0.89232,5000,2.2139376446052834,0.3625450180072029,833,2.20368060593407,0.3699,0.7816020228008711,0.0824563938744738,,,0.7,,0.7,0.30000000000000004,0,0.39416700501203944,5,0.1,0.5,0.5860762263539617,0.5814545725663383,0.5712174313008949,0.5734955370386859,0.5799028885774844,0.5892339579428241,0.5863749356268533,1.0,0.5920787922920442,0.5773560725635987,0.5752088279549482,0.5963860966382057
0,8,0.344114913317452,0.89316,5000,2.210232134218569,0.3625450180072029,833,2.20314444520603,0.3707,0.7921816071775343,0.0835725045688452,,,0.8647249901210772,,0.8647306862105316,0.13526931378946838,0,0.3948983312085355,5,0.1,0.5,0.598047839423306,0.5885333601569419,0.5890489440913322,0.5901141125765753,0.5966680725879655,0.589016761333885,0.5842097762779617,0.5920787922920442,1.0,0.5843961572283087,0.5924325274800636,0.6045226036216718
0,9,0.343827152278298,0.89124,5000,2.2060591909620495,0.36494597839135656,833,2.203224121952971,0.3704,0.7885075783238865,0.0831849068382547,,,0.8075200617349816,,0.8075397821394509,0.19246021786054912,0,0.39477435916988235,5,0.1,0.5,0.5874098036768438,0.5815328892657903,0.5909711769793641,0.5881943977842098,0.6135291592431731,0.5850375982982011,0.58224462938551,0.5773560725635987,0.5843961572283087,1.0,0.5944659745240994,0.589105061689483
0,10,0.3443379237085201,0.89396,5000,2.191217572600753,0.39135654261704683,833,2.2031790996892764,0.3707,0.7909205172071428,0.08343946380349879,,,0.8450897166057283,,0.8451131971286582,0.15488680287134182,0,0.3948669780201601,5,0.1,0.5,0.5937633999222008,0.5891337926630045,0.5840554685302315,0.598331955656355,0.6151198908021237,0.5851576727399725,0.5850019118388,0.5752088279549482,0.5924325274800636,0.5944659745240994,1.0,0.5844436862470366
0,11,0.3381389014161886,0.89336,5000,2.211599826812744,0.36014405762304924,833,2.2031869857836837,0.3705,0.7907091736763161,0.0834171677693122,,,0.8417990806234312,,0.8418151699211887,0.15818483007881134,0,0.3948603643150797,5,0.1,0.5,0.5903024971893145,0.5836009046283721,0.6029783268444374,0.5794717057797495,0.5990508680481101,0.5873218442165099,0.5779281865979345,0.5963860966382057,0.6045226036216718,0.589105061689483,0.5844436862470366,1.0
1,0,0.3134728260362034,0.90536,5000,2.0334185891681247,0.7446043165467626,834,2.0445506077604936,0.7368,0.8109564628557084,0.0834557662366921,,,0.8415870480135693,,0.84160433713167,0.15839566286832996,0.9599364051829322,0.40646949086550327,5,0.1,0.5,1.0,0.6163331195006491,0.6325392356183421,0.6294025574150899,0.6458476198714835,0.6263454697780894,0.6233763433409114,0.6208834238630268,0.6341194587376775,0.6295692228429264,0.6324237659053839,0.620745262501548
1,1,0.3051188823132283,0.90836,5000,2.0530173072108515,0.7182254196642686,834,2.0449533504419053,0.7355,0.8094057801700689,0.08305380451862374,,,0.7683395990400471,,0.7683499824306008,0.23165001756939918,0.9593119274226344,0.4062017819986164,5,0.1,0.5,0.6163331195006491,1.0,0.6344299675229536,0.6212225209771218,0.6303320864664008,0.6310830376805419,0.6304926191152161,0.6158687217111678,0.6268975803486316,0.6336881700216382,0.636852742136994,0.6217948665198938
1,2,0.3018005866972599,0.90636,5000,2.0591213923913463,0.7062350119904077,834,2.0445474557602368,0.7368,0.8179654762327928,0.08358412621671607,,,0.8649774373576842,,0.864986697454947,0.13501330254505295,0.9599901732124184,0.4065134235858191,5,0.1,0.5,0.6325392356183421,0.6344299675229536,1.0,0.63635370803009,0.6414373338081241,0.6284851201307197,0.626591647570081,0.6335999206419222,0.637011875367437,0.6422092018357003,0.6362256026182768,0.6321713698784919
1,3,0.2998703329924755,0.9114,5000,2.039243464116697,0.7529976019184652,834,2.045608916983437,0.7337,0.810535228519863,0.08276110160649151,,,0.7150018291553037,,0.7150293659956829,0.2849706340043171,0.9583710101522247,0.40583733941160655,5,0.1,0.5,0.6294025574150899,0.6212225209771218,0.63635370803009,1.0,0.6323742626977727,0.627585284860049,0.6224870911366105,0.6303486683131642,0.6275946561371237,0.6289583046774956,0.627466750694996,0.6285646309972933
1,4,0.289007344095416,0.91036,5000,2.043050099302221,0.751500600240096,833,2.0444663241267587,0.7373,0.8197143637292827,0.08432509265233992,,,0.9999999998177751,,1.0,0.0,0.9603038265514838,0.4065825181821562,5,0.1,0.5,0.6458476198714835,0.6303320864664008,0.6414373338081241,0.6323742626977727,1.0,0.6382523911024742,0.6259245742739354,0.635947873061895,0.6372007689432684,0.6416058145145908,0.6346786312751865,0.6300051790222595
1,5,0.29653482950962845,0.90972,5000,2.0439414624814636,0.751500600240096,833,2.0445544216960383,0.737,0.8151413889132614,0.08349524031878336,,,0.8487802101575936,,0.8487927312885899,0.1512072687114101,0.9599412484743156,0.4064846280706352,5,0.1,0.5,0.6263454697780894,0.6310830376805419,0.6284851201307197,0.627585284860049,0.6382523911024742,1.0,0.6362769443620995,0.639472469099238,0.6308331102097088,0.6369644239191042,0.6341010756742437,0.624117300418693
1,6,0.299262450372646,0.90796,5000,2.0385352593881114,0.7346938775510204,833,2.0448977772039347,0.7358,0.8091965608720313,0.08308158232321268,,,0.7734014077466144,,0.7734149892073691,0.22658501079263094,0.9593927308470466,0.4062275406038078,5,0.1,0.5,0.6233763433409114,0.6304926191152161,0.626591647570081,0.6224870911366105,0.6259245742739354,0.6362769443620995,1.0,0.6241961690634401,0.6295178122768881,0.6335302520821698,0.6216951669656544,0.6227780235376117
1,7,0.29886075454722544,0.90796,5000,2.055351981410274,0.7430972388955582,833,2.045907743441792,0.7337,0.8109907813230564,0.0826787757220281,,,0.7,,0.7,0.30000000000000004,0.9580715980710011,0.40569250635170295,5,0.1,0.5,0.6208834238630268,0.6158687217111678,0.6335999206419222,0.6303486683131642,0.635947873061895,0.639472469099238,0.6241961690634401,1.0,0.6285270034825845,0.6323375222916656,0.6320099195959716,0.6242273904063792
1,8,0.3063863298897246,0.90696,5000,2.055898940121686,0.7274909963985594,833,2.044534399105718,0.737,0.8135083408658098,0.08350372189691731,,,0.8503257652033995,,0.85034887806837,0.14965112193163,0.9599742664124539,0.406487647910613,5,0.1,0.5,0.6341194587376775,0.6268975803486316,0.637011875367437,0.6275946561371237,0.6372007689432684,0.6308331102097088,0.6295178122768881,0.6285270034825845,1.0,0.6293069540080518,0.626445674654659,0.6295126661030483
1,9,0.29863483008519287,0.9088,5000,2.047276390923394,0.7286914765906363,833,2.044720634484824,0.7365,0.8169403065061143,0.08336698031748725,,,0.8254080394309208,,0.8254254304502786,0.1745745695497214,0.9596716436787637,0.40642785108215507,5,0.1,0.5,0.6295692228429264,0.6336881700216382,0.6422092018357003,0.6289583046774956,0.6416058145145908,0.6369644239191042,0.6335302520821698,0.6323375222916656,0.6293069540080518,1.0,0.6274476516513442,0.6365707683609293
1,10,0.30324229448025297,0.90812,5000,2.0304186873965793,0.7454981992797118,833,2.0446094285946685,0.737,0.8137357775803152,0.0834237319344679,,,0.8357495992912267,,0.8357662767933337,0.1642337232066663,0.9598868460927862,0.4064554895083041,5,0.1,0.5,0.6324237659053839,0.636852742136994,0.6362256026182768,0.627466750694996,0.6346786312751865,0.6341010756742437,0.6216951669656544,0.6320099195959716,0.626445674654659,0.6274476516513442,1.0,0.6305150596927981
1,11,0.2935022291697704,0.90968,5000,2.0545509612118757,0.7298919567827131,833,2.0446827906770064,0.7369,0.809740598193087,0.08327007625623999,,,0.8077497029215495,,0.8077656744139351,0.1922343255860649,0.9597687167229173,0.406373086166934,5,0.1,0.5,0.620745262501548,0.6217948665198938,0.6321713698784919,0.6285646309972933,0.6300051790222595,0.624117300418693,0.6227780235376117,0.6242273904063792,0.6295126661030483,0.6365707683609293,0.6305150596927981,1.0
2,0,0.287236072958275,0.91476,5000,1.832645093953168,0.8968824940047961,834,1.8469516309305503,0.8725,0.8134333026814979,0.0834693741554451,,,0.8519513297277808,,0.8519652627880127,0.14803473721198734,0.9694806957517632,0.40582873258076024,5,0.1,0.5,1.0,0.6261697934562994,0.6321018474930516,0.6275221847607942,0.6375867976866895,0.6291606097219464,0.6312370986685886,0.6248416799821533,0.6340160971713606,0.6261764861760005,0.6311946242653281,0.6240834395461881
2,1,0.279432641141781,0.9186,5000,1.8602868760073628,0.8597122302158273,834,1.8478097005393177,0.8716,0.8087668942371792,0.08304130378901206,,,0.7735060648964307,,0.7735204056021284,0.22647959439787158,0.9687931952465738,0.40553978860162215,5,0.1,0.5,0.6261697934562994,1.0,0.6317932299879788,0.6139276810609887,0.6339554213588295,0.6261236721925766,0.627228765176715,0.6105176756541703,0.6285250917492131,0.6258250520424583,0.6329893337970355,0.6232168448722419
2,2,0.2692572776323101,0.91624,5000,1.866132343256915,0.8609112709832134,834,1.8468801369682288,0.8723,0.8132958623185964,0.08354944456823248,,,0.8666244891632253,,0.8666382209728427,0.1333617790271573,0.9695959646423752,0.40585760611983873,5,0.1,0.5,0.6321018474930516,0.6317932299879788,1.0,0.6210232997673926,0.6404591933740854,0.6226403492471461,0.6183657886262045,0.6234413744483889,0.6341874777385464,0.629457283594677,0.6334135012797889,0.6352088052894462
2,3,0.27094393120663374,0.92016,5000,1.8402931999277186,0.8693045563549161,834,1.848885097823585,0.8709,0.8067386859413663,0.08277724726320877,,,0.7251168613416796,,0.725139300235932,0.274860699764068,0.9679319871921146,0.4052024309097066,5,0.1,0.5,0.6275221847607942,0.6139276810609887,0.6210232997673926,1.0,0.6301737691707961,0.6234141322233868,0.62224729267812,0.6220451101406675,0.6203716068034699,0.6285318114065865,0.6281635721506709,0.6246265775470753
2,4,0.26099476835981106,0.92168,5000,1.8470650734724823,0.8883553421368547,833,1.846655563805431,0.8724,0.8201366689872123,0.08427726547420294,,,0.9999999998167468,,1.0,0.0,0.9698498201224643,0.40593413607967227,5,0.1,0.5,0.6375867976866895,0.6339554213588295,0.6404591933740854,0.6301737691707961,1.0,0.635036130110118,0.6342302035686606,0.6238263869189806,0.6347328834675094,0.6412003087039406,0.6407182640184774,0.6336958984953961
2,5,0.26826515126925937,0.91956,5000,1.844092263115777,0.8931572629051621,833,1.846980394265903,0.8723,0.8120133881491085,0.08344606671426401,,,0.8476801665280785,,0.8476984087144219,0.15230159128557808,0.9695103614568469,0.4058194127347643,5,0.1,0.5,0.6291606097219464,0.6261236721925766,0.6226403492471461,0.6234141322233868,0.635036130110118,1.0,0.6310323931918373,0.6242005721294096,0.6272092424493102,0.6304922113586574,0.6345346509711951,0.6262726624228226
2,6,0.26980323943006956,0.91856,5000,1.838536814407066,0.8703481392557023,833,1.8476900928698408,0.8715,0.8097042871458581,0.0830922801079069,,,0.7828476385006812,,0.7828572862808092,0.2171427137191908,0.9688834727283604,0.40558801031292235,5,0.1,0.5,0.6312370986685886,0.627228765176715,0.6183657886262045,0.62224729267812,0.6342302035686606,0.6310323931918373,1.0,0.621526574496113,0.6279690566304372,0.6245282536821746,0.6271859695000782,0.6239016301683795
2,7,0.27056190105285616,0.91856,5000,1.8585261989522863,0.8643457382953181,833,1.8494168051515525,0.8699,0.8043634449131717,0.08264018629386542,,,0.7,,0.7,0.30000000000000004,0.967588648291184,0.40495590330149667,5,0.1,0.5,0.6248416799821533,0.6105176756541703,0.6234413744483889,0.6220451101406675,0.6238263869189806,0.6242005721294096,0.621526574496113,1.0,0.6232164396286096,0.6180647727495855,0.6318500568380637,0.6157939649933086
2,8,0.27018561110814,0.91896,5000,1.8631375586545025,0.8751500600240096,833,1.8469073410613088,0.8724,0.8136538890158419,0.08350874985231017,,,0.8591670522134036,,0.8591787560865418,0.14082124391345818,0.9695272791996397,0.405843920002138,5,0.1,0.5,0.6340160971713606,0.6285250917492131,0.6341874777385464,0.6203716068034699,0.6347328834675094,0.6272092424493102,0.6279690566304372,0.6232164396286096,1.0,0.6291981311943818,0.6353949435016878,0.6311753517127555
2,9,0.27037454361724816,0.92012,5000,1.849533443097715,0.8619447779111644,833,1.8472676006749795,0.8722,0.8123943525224417,0.08337453509342964,,,0.834571768049284,,0.834581597309372,0.16541840269062802,0.9693546396281276,0.4057862301525135,5,0.1,0.5,0.6261764861760005,0.6258250520424583,0.629457283594677,0.6285318114065865,0.6412003087039406,0.6304922113586574,0.6245282536821746,0.6180647727495855,0.6291981311943818,1.0,0.6301023951686067,0.6307010285148373
2,10,0.27202317473021853,0.92016,5000,1.8301214068024247,0.8547418967587035,833,1.8469292576701497,0.8723,0.8167956140889159,0.0835651796378452,,,0.8695079910351138,,0.8695196024295969,0.13048039757040308,0.9694820738674114,0.40586261102683635,5,0.1,0.5,0.6311946242653281,0.6329893337970355,0.6334135012797889,0.6281635721506709,0.6407182640184774,0.6345346509711951,0.6271859695000782,0.6318500568380637,0.6353949435016878,0.6301023951686067,1.0,0.6314617779839663
2,11,0.2668979515831704,0.91672,5000,1.8582295179367065,0.8619447779111644,833,1.8472583720478386,0.8721,0.8108966053699597,0.08325836705027727,,,0.8132836023069051,,0.8132975252246373,0.18670247477536273,0.9691864687915602,0.4057186611169837,5,0.1,0.5,0.6240834395461881,0.6232168448722419,0.6352088052894462,0.6246265775470753,0.6336958984953961,0.6262726624228226,0.6239016301683795,0.6157939649933086,0.6311753517127555,0.6307010285148373,0.6314617779839663,1.0
3,0,0.26014091949672646,0.92424,5000,1.5991078659340188,0.934052757793765,834,1.616978991145905,0.9136,0.8073941719663932,0.08351510438902192,,,0.910478197273537,,0.9104964610210331,0.0895035389789669,0.9701787819476712,0.4023617033055837,5,0.1,0.5,1.0,0.6111595349563073,0.6253420192806547,0.6110248909356535,0.6150797936169098,0.6238226691424302,0.6203334170226751,0.620059364970448,0.6202575314526231,0.6154608719143995,0.6179742018665297,0.616028926250258
3,1,0.2555623929271368,0.92332,5000,1.634900724446332,0.9028776978417267,834,1.6184853132540427,0.9131,0.8034341652754001,0.08309310477548928,,,0.7973290901319331,,0.7973445108177301,0.20265548918226994,0.96944426617492,0.40209040034186744,5,0.1,0.5,0.6111595349563073,1.0,0.6229190927585233,0.6088502333204066,0.6105441558835375,0.6225144459735642,0.6164247145798892,0.6109045147022488,0.6055566114922093,0.6194356667176402,0.6150737347182349,0.6169104471076562
3,2,0.24515678490375636,0.92636,5000,1.6400503935637298,0.907673860911271,834,1.6168758145536477,0.9136,0.8077472026406803,0.08358051084835837,,,0.9280153755976123,,0.9280307213493298,0.07196927865067015,0.9702643929956148,0.4023737382737975,5,0.1,0.5,0.6253420192806547,0.6229190927585233,1.0,0.6081617901277271,0.6089851220686758,0.6127393916574243,0.6092069035493475,0.6239206781806628,0.6211138868710334,0.6248424468038577,0.6183596450176957,0.6241073759174989
3,3,0.2452217271515898,0.9296,5000,1.6117061067510534,0.9088729016786571,834,1.6206085651446456,0.9127,0.7980487344279724,0.08273010731613013,,,0.7,,0.7,0.30000000000000004,0.9684506396836557,0.40134546854239156,5,0.1,0.5,0.6110248909356535,0.6088502333204066,0.6081617901277271,1.0,0.6081051245756024,0.6163898976994151,0.602803420989936,0.6114277949494755,0.610955687193182,0.6119474438172712,0.6105430632470236,0.6093522379587641
3,4,0.23696393601501445,0.92808,5000,1.619399353309914,0.9171668667466987,833,1.6166428849339105,0.9138,0.8016123011124766,0.08384898387772954,,,0.9999999997318738,,1.0,0.0,0.9704732670097247,0.40238568547991244,5,0.1,0.5,0.6150797936169098,0.6105441558835375,0.6089851220686758,0.6081051245756024,1.0,0.6214794674653135,0.6094665105927978,0.6192558424624546,0.6104690700150662,0.6157964223332706,0.6093797648830951,0.6084366135137282
3,5,0.2373063951137529,0.93096,5000,1.6123350461324055,0.9315726290516206,833,1.617008197802705,0.9135,0.8079387424230817,0.08351865424514514,,,0.9114300063225098,,0.9114502284021887,0.0885497715978113,0.970143299748508,0.4023625336237816,5,0.1,0.5,0.6238226691424302,0.6225144459735642,0.6127393916574243,0.6163898976994151,0.6214794674653135,1.0,0.6186318585801958,0.615325507584088,0.613807812629552,0.614097123688609,0.6193282482895788,0.6237800381030709
3,6,0.24233893516657365,0.92612,5000,1.6049775856512565,0.9039615846338536,833,1.6183117879465365,0.9132,0.8026246212164053,0.08309865332124111,,,0.7988168000198592,,0.7988253601726821,0.20117463982731787,0.9695067529488256,0.40209706643327503,5,0.1,0.5,0.6203334170226751,0.6164247145798892,0.6092069035493475,0.602803420989936,0.6094665105927978,0.6186318585801958,1.0,0.61816073843439,0.619881115910943,0.6148686464113862,0.6078791736598947,0.614632157547325
3,7,0.2516923302179499,0.92192,5000,1.6288775912037603,0.9159663865546218,833,1.6206662114055013,0.9125,0.8063317610682391,0.08292827254354943,,,0.7531332679698575,,0.7531499422719743,0.2468500577280257,0.968429930781115,0.4018381840005014,5,0.1,0.5,0.620059364970448,0.6109045147022488,0.6239206781806628,0.6114277949494755,0.6192558424624546,0.615325507584088,0.61816073843439,1.0,0.6169213246552853,0.6198199916024668,0.6166317589587879,0.6176096576801008
3,8,0.24646071414018322,0.9252,5000,1.638517838937265,0.9267707082833133,833,1.6169868212538405,0.9135,0.803944282824756,0.08342082625810446,,,0.8851997704830703,,0.8852166055920887,0.1147833944079113,0.9701819108931126,0.4023346231584394,5,0.1,0.5,0.6202575314526231,0.6055566114922093,0.6211138868710334,0.610955687193182,0.6104690700150662,0.613807812629552,0.619881115910943,0.6169213246552853,1.0,0.6123402415770379,0.6086407047604915,0.6231664977944558
3,9,0.24748690090361675,0.92352,5000,1.6187359756893582,0.9087635054021609,833,1.6174476870332664,0.9138,0.8059622370631834,0.08340225761002187,,,0.8802210314416219,,0.8802369358967923,0.1197630641032077,0.9700309981281884,0.4023276231657342,5,0.1,0.5,0.6154608719143995,0.6194356667176402,0.6248424468038577,0.6119474438172712,0.6157964223332706,0.614097123688609,0.6148686464113862,0.6198199916024668,0.6123402415770379,1.0,0.6135051854194109,0.6210955988432368
3,10,0.24798728672218076,0.92652,5000,1.598117510477702,0.8907563025210085,833,1.6169692072243735,0.9136,0.8042130437596551,0.08346761816553297,,,0.8977459017524043,,0.8977561367401234,0.10224386325987656,0.9702533151897479,0.4023496286152137,5,0.1,0.5,0.6179742018665297,0.6150737347182349,0.6183596450176957,0.6105430632470236,0.6093797648830951,0.6193282482895788,0.6078791736598947,0.6166317589587879,0.6086407047604915,0.6135051854194109,1.0,0.6281385965356152
3,11,0.2424996797309797,0.92596,5000,1.6292429500155978,0.9111644657863145,833,1.617423195427599,0.9137,0.8079874288965113,0.08339590664967574,,,0.878518173264474,,0.878530194267356,0.12146980573264399,0.9699037879453684,0.40232528258406325,5,0.1,0.5,0.616028926250258,0.6169104471076562,0.6241073759174989,0.6093522379587641,0.6084366135137282,0.6237800381030709,0.614632157547325,0.6176096576801008,0.6231664977944558,0.6210955988432368,0.6281385965356152,1.0
4,0,0.24141017497534964,0.92884,5000,1.3487056361304388,0.9484412470023981,834,1.370223753749372,0.9328,0.7932204755707594,0.08341181275506204,,,0.8529137284879742,,0.85292404999749,0.14707595000250995,0.9704043672469871,0.3970999046844722,5,0.1,0.5,1.0,0.590506946571582,0.5972975803197863,0.5914846557308608,0.6080381436398974,0.5955490794766248,0.5936243824896065,0.601046722466246,0.5983005891516688,0.5935986476787996,0.5966147727416109,0.5949892174310784
4,1,0.2331883360554648,0.93216,5000,1.392448557747735,0.9316546762589928,834,1.3723078916628901,0.9326,0.7895247015537404,0.08300128189357231,,,0.7573358016681216,,0.7573515385773807,0.2426484614226193,0.9694028566851208,0.39665248792437025,5,0.1,0.5,0.590506946571582,1.0,0.5945222511992171,0.5906422381954528,0.604307896790795,0.5929604455190229,0.592506702361047,0.5864813754562422,0.5911754047575112,0.5889081774876981,0.5943691921259734,0.6014778476886393
4,2,0.2235055368049604,0.93288,5000,1.3966619526898418,0.9292565947242206,834,1.3700240324861326,0.9328,0.7957115225365405,0.08354266969727235,,,0.8833792462350714,,0.8833893880829276,0.11661061191707245,0.9705370198545055,0.3971618470566714,5,0.1,0.5,0.5972975803197863,0.5945222511992171,1.0,0.5930636173957722,0.6107599180905641,0.5908474161671075,0.5926174001552397,0.5967560133512071,0.5981333550423626,0.607431579763949,0.6003304056013996,0.602693040247085
4,3,0.22797541948432803,0.93584,5000,1.365677696687204,0.9268585131894485,834,1.3752089019019764,0.9317,0.7893947358209992,0.08275501042864104,,,0.7,,0.7,0.30000000000000004,0.9683182088556488,0.39610881909430806,5,0.1,0.5,0.5914846557308608,0.5906422381954528,0.5930636173957722,1.0,0.6018257819032098,0.5899882588387388,0.5875853949123648,0.5940862415840994,0.5950730045108292,0.5913346369617289,0.5949654303039204,0.5983958964348011
4,4,0.21068959020902728,0.93592,5000,1.3750537854653817,0.936374549819928,833,1.3697685921154084,0.9326,0.8049032523630381,0.08404358470985009,,,0.9999999997671846,,1.0,0.0,0.9706641424777513,0.3972225089765621,5,0.1,0.5,0.6080381436398974,0.604307896790795,0.6107599180905641,0.6018257819032098,1.0,0.6089881336691241,0.6024214592782582,0.6105380062354616,0.6036613036982448,0.6117016246973397,0.6023619762356497,0.606329337450089
4,5,0.22442820160916657,0.93304,5000,1.3638655653706304,0.9471788715486195,833,1.370268571871919,0.9327,0.7917906944792193,0.08336406721816911,,,0.8417978298815508,,0.8418101500928669,0.15818984990713314,0.9703417533941,0.3970695534793793,5,0.1,0.5,0.5955490794766248,0.5929604455190229,0.5908474161671075,0.5899882588387388,0.6089881336691241,1.0,0.5967762672221641,0.5965647293508187,0.5842945482051087,0.5915194037547417,0.6026183205115072,0.5972979357282218
4,6,0.21981253557880023,0.93332,5000,1.3571738048836037,0.9195678271308524,833,1.371932547694197,0.9325,0.7932045287204882,0.08313394304315896,,,0.7882213667655167,,0.7882335224135335,0.2117664775864665,0.9696980107153594,0.39684829647500397,5,0.1,0.5,0.5936243824896065,0.592506702361047,0.5926174001552397,0.5875853949123648,0.6024214592782582,0.5967762672221641,1.0,0.6016858285074626,0.5999816403836977,0.6003327231934691,0.5960630913660575,0.5993515118570109
4,7,0.22661080173792164,0.93068,5000,1.380601750479804,0.929171668667467,833,1.374789659969342,0.9314,0.7935892425668223,0.08303397111207064,,,0.764946356748181,,0.764951558656694,0.23504844134330605,0.969197821102171,0.3967059422834592,5,0.1,0.5,0.601046722466246,0.5864813754562422,0.5967560133512071,0.5940862415840994,0.6105380062354616,0.5965647293508187,0.6016858285074626,1.0,0.5911504959529432,0.5942491432700703,0.5954577077310818,0.5993788513656333
4,8,0.22994751625451124,0.93024,5000,1.396895514594184,0.943577430972389,833,1.3702586081843027,0.9328,0.7933560320626798,0.08335378467073196,,,0.8394038939837638,,0.8394156919833342,0.1605843080166658,0.9702924497838745,0.39706228078293554,5,0.1,0.5,0.5983005891516688,0.5911754047575112,0.5981333550423626,0.5950730045108292,0.6036613036982448,0.5842945482051087,0.5999816403836977,0.5911504959529432,1.0,0.5957646369302195,0.5971171318674864,0.6081802260390845
4,9,0.22867069217275568,0.93124,5000,1.371843068688004,0.929171668667467,833,1.3707423564344168,0.9324,0.794407724557836,0.08337827851419441,,,0.8451064391456451,,0.8451282566136238,0.15487174338637621,0.9703166265408607,0.39707938675146315,5,0.1,0.5,0.5935986476787996,0.5889081774876981,0.607431579763949,0.5913346369617289,0.6117016246973397,0.5915194037547417,0.6003327231934691,0.5942491432700703,0.5957646369302195,1.0,0.5980744175537459,0.5999375127235437
4,10,0.22839661682036463,0.93552,5000,1.3494724543006331,0.9159663865546218,833,1.3701759782462075,0.9328,0.7955013082278212,0.08346012817458875,,,0.8641623045756213,,0.8641734852668038,0.13582651473319618,0.9704498607733022,0.3971268023579401,5,0.1,0.5,0.5966147727416109,0.5943691921259734,0.6003304056013996,0.5949654303039204,0.6023619762356497,0.6026183205115072,0.5960630913660575,0.5954577077310818,0.5971171318674864,0.5980744175537459,1.0,0.6050685342653295
4,11,0.22204154635435505,0.93264,5000,1.3827771478229098,0.9279711884753902,833,1.3706292706175733,0.9325,0.7986140434551133,0.0835214677826883,,,0.878443112972882,,0.8784498770142061,0.12155012298579393,0.9704350229148274,0.3971537703258421,5,0.1,0.5,0.5949892174310784,0.6014778476886393,0.602693040247085,0.5983958964348011,0.606329337450089,0.5972979357282218,0.5993515118570109,0.5993788513656333,0.6081802260390845,0.5999375127235437,0.6050685342653295,1.0
5,0,0.22020386218295024,0.9334,5000,1.0978054889926203,0.9556354916067147,834,1.1219890715596013,0.9424,0.7816432193736308,0.08336151586644214,,,0.8244912890099196,,0.8245017820390542,0.17549821796094578,0.9695879018352567,0.3909516188144563,5,0.1,0.5,1.0,0.574516620418043,0.5788630971956433,0.5776526699397336,0.5860539877662927,0.5718308802699019,0.5777718278320301,0.5721055246316609,0.5774548082867266,0.5836790109076786,0.5708419080658037,0.5669231564357919
5,1,0.21607350003935255,0.93612,5000,1.1458406934031733,0.9376498800959233,834,1.1247404223432937,0.9422,0.7788724825290733,0.08298914659166405,,,0.7423717973685032,,0.7423824105215602,0.2576175894784398,0.9685068251352534,0.3904604387816132,5,0.1,0.5,0.574516620418043,1.0,0.5775476927422472,0.5646625464484242,0.5809780030722155,0.5735516617624744,0.5761647011173601,0.5711004192692576,0.5721808889569061,0.5742619660714106,0.5744081653656425,0.5743374462309097
5,2,0.2101717694217612,0.9342,5000,1.1517423567948517,0.9376498800959233,834,1.1217559899765843,0.9423,0.7803969839857523,0.08340519791578255,,,0.8341245963976666,,0.8341348325887255,0.16586516741127455,0.9696812986827684,0.39098633256360066,5,0.1,0.5,0.5788630971956433,0.5775476927422472,1.0,0.5697058251595344,0.5838335944455907,0.5611305968666274,0.5716806239527309,0.5736227154011674,0.5777359822830466,0.5865335109371252,0.5743915960305608,0.5702433195344339
5,3,0.20831095519695123,0.93948,5000,1.1181451126381203,0.9436450839328537,834,1.128449426672329,0.9421,0.7780973350542358,0.08279701248145731,,,0.7,,0.7,0.30000000000000004,0.9674934283243107,0.39001804586477745,5,0.1,0.5,0.5776526699397336,0.5646625464484242,0.5697058251595344,1.0,0.5805216822354486,0.5709528178429706,0.5669695917527529,0.5728419275285682,0.5780414230654632,0.5812190457521982,0.5730308093593869,0.572128863758303
5,4,0.19912217907566032,0.93968,5000,1.1286070611741807,0.9423769507803121,833,1.1213432544717392,0.9427,0.7922318931833741,0.0841573567811895,,,0.9999999997794676,,1.0,0.0,0.9701508548220548,0.3911718877217516,5,0.1,0.5,0.5860539877662927,0.5809780030722155,0.5838335944455907,0.5805216822354486,1.0,0.5883587212672654,0.5852042564597448,0.5969538240007317,0.5831773489911003,0.5912424946545584,0.5792283676376258,0.5785005133354107
5,5,0.21068560379931026,0.93772,5000,1.11379720988097,0.9543817527010804,833,1.122072551006707,0.9426,0.7808557068369036,0.08330181891498811,,,0.8113261767463786,,0.8113448120074294,0.18865518799257064,0.9694723983220298,0.39089854159089216,5,0.1,0.5,0.5718308802699019,0.5735516617624744,0.5611305968666274,0.5709528178429706,0.5883587212672654,1.0,0.5799341784969908,0.5738629903717396,0.5743973424827246,0.582428806986099,0.5800534388401737,0.5740015695803112
5,6,0.20641872908113298,0.93784,5000,1.1087694190166615,0.9351740696278511,833,1.1239886013463662,0.9421,0.7810021185728523,0.0831529551030248,,,0.7784968823060249,,0.7785050951257467,0.22149490487425327,0.968928120660417,0.3907245354331995,5,0.1,0.5,0.5777718278320301,0.5761647011173601,0.5716806239527309,0.5669695917527529,0.5852042564597448,0.5799341784969908,1.0,0.5793627813473858,0.5752669120245081,0.5805652499852801,0.565477415691929,0.5746588195901708
5,7,0.20927061628740115,0.9372,5000,1.130969692159582,0.9423769507803121,833,1.126959352638013,0.942,0.7838096861682607,0.0831849439905987,,,0.7855514686096574,,0.7855730134029416,0.2144269865970584,0.9688204068948372,0.3907677606600338,5,0.1,0.5,0.5721055246316609,0.5711004192692576,0.5736227154011674,0.5728419275285682,0.5969538240007317,0.5738629903717396,0.5793627813473858,1.0,0.5802604464255052,0.5832390063015938,0.5785829152893508,0.577879477676072
5,8,0.21152275596466508,0.93544,5000,1.1525964427877355,0.9507803121248499,833,1.1219982103036996,0.9425,0.7832774411366281,0.0833802451868395,,,0.8286217110774672,,0.8286331007479544,0.17136689925204562,0.9695670171264067,0.3909674642002258,5,0.1,0.5,0.5774548082867266,0.5721808889569061,0.5777359822830466,0.5780414230654632,0.5831773489911003,0.5743973424827246,0.5752669120245081,0.5802604464255052,1.0,0.5791354651773043,0.5713980930708812,0.5842867770731662
5,9,0.20444443806632168,0.93788,5000,1.1236769115483318,0.936374549819928,833,1.1224567050370164,0.9425,0.7880094574047198,0.08356332949038159,,,0.8689977328192168,,0.8690025601124441,0.13099743988755586,0.9697251977115344,0.39107772886126,5,0.1,0.5,0.5836790109076786,0.5742619660714106,0.5865335109371252,0.5812190457521982,0.5912424946545584,0.582428806986099,0.5805652499852801,0.5832390063015938,0.5791354651773043,1.0,0.575200675239582,0.5800890836740574
5,10,0.2120753972453012,0.93672,5000,1.1036689502221566,0.9279711884753902,833,1.121953430457618,0.9423,0.7793365892488439,0.0833125995427585,,,0.8137036545138653,,0.8137191908036745,0.1862808091963255,0.96952633880238,0.3909090412957391,5,0.1,0.5,0.5708419080658037,0.5744081653656425,0.5743915960305608,0.5730308093593869,0.5792283676376258,0.5800534388401737,0.565477415691929,0.5785829152893508,0.5713980930708812,0.575200675239582,1.0,0.5731959638621431
5,11,0.20475102711326568,0.9358,5000,1.134277586583738,0.943577430972389,833,1.1223824528840403,0.9424,0.7804784742934862,0.08339387813487316,,,0.8316282178918805,,0.8316500175693992,0.16834998243060084,0.9696542344422207,0.3909779775925045,5,0.1,0.5,0.5669231564357919,0.5743374462309097,0.5702433195344339,0.572128863758303,0.5785005133354107,0.5740015695803112,0.5746588195901708,0.577879477676072,0.5842867770731662,0.5800890836740574,0.5731959638621431,1.0
6,0,0.21165933457505742,0.93604,5000,0.861605288805785,0.9592326139088729,834,0.8876134461869066,0.9493,0.7619083149011724,0.08317188826193575,,,0.7968277515186263,,0.7968425279855429,0.2031574720144571,0.9659294926739854,0.3831714950682548,5,0.1,0.5,1.0,0.540637448867635,0.543170853415699,0.5424569446936411,0.5552908934612539,0.5555322532794166,0.5492878135800866,0.5351569299762758,0.549700059354466,0.5486352500148275,0.5470444500599719,0.5454732603454355
6,1,0.19669265162709887,0.94256,5000,0.9114466552381162,0.9436450839328537,834,0.8907408411510456,0.949,0.7624854893058386,0.08294150074144034,,,0.7467894949506529,,0.7468048792731289,0.2531951207268711,0.9649794767704932,0.38284388511694595,5,0.1,0.5,0.540637448867635,1.0,0.5537550574335575,0.5391560947727643,0.549908889144193,0.5525784820727384,0.5518552239037704,0.5333560434697423,0.5437850383981666,0.5522322029163127,0.5529617925449257,0.5495408721221589
6,2,0.19394747156376957,0.94076,5000,0.9189712427280567,0.9460431654676259,834,0.8872008498865195,0.9493,0.7656706234899379,0.08333471172836672,,,0.8321916565211198,,0.8322072185131268,0.16779278148687315,0.9662036339558587,0.3833205623770977,5,0.1,0.5,0.543170853415699,0.5537550574335575,1.0,0.5436906891699578,0.5600298560028183,0.5461388699622237,0.5467383613802045,0.5472437104768625,0.5535086022886536,0.553271663869445,0.5475337605105219,0.5517023513122519
6,3,0.19214389217115796,0.9444,5000,0.884959046487455,0.9460431654676259,834,0.8948812850367147,0.9489,0.7600600715748504,0.08272607125875503,,,0.7,,0.7,0.30000000000000004,0.9640260392929499,0.38236652568821633,5,0.1,0.5,0.5424569446936411,0.5391560947727643,0.5436906891699578,1.0,0.5496445244145912,0.542947097470439,0.5408362324730385,0.5397102803893079,0.5510697950776103,0.5520927840169444,0.553505778350039,0.5433910193860435
6,4,0.18397267337378329,0.94504,5000,0.8961386901360971,0.943577430972389,833,0.8867074283548056,0.9492,0.77317077333977,0.08410733952905727,,,0.9999999997828083,,1.0,0.0,0.9668601423134692,0.3835047710657727,5,0.1,0.5,0.5552908934612539,0.549908889144193,0.5600298560028183,0.5496445244145912,1.0,0.5597904181732882,0.5547376193013335,0.5541119056928601,0.5587216077365503,0.5674814178234016,0.5563160404607304,0.5458290552120313
6,5,0.1945867635546976,0.94252,5000,0.8768041487093325,0.9591836734693877,833,0.8874651067934859,0.9492,0.7684492243221697,0.08336358709342975,,,0.8384631460636566,,0.8384769840871442,0.16152301591285578,0.9661176122964338,0.38333941200449984,5,0.1,0.5,0.5555322532794166,0.5525784820727384,0.5461388699622237,0.542947097470439,0.5597904181732882,1.0,0.5531364424774448,0.5461663338053419,0.5525561195945592,0.5530292002640242,0.5544155922900095,0.5566303585803657
6,6,0.19380515226041364,0.94172,5000,0.8739910887347327,0.943577430972389,833,0.8894675459724646,0.9492,0.7671500896435305,0.08321724075715742,,,0.80667793692372,,0.8067014708096983,0.19329852919030166,0.9657049239062955,0.38322070323835145,5,0.1,0.5,0.5492878135800866,0.5518552239037704,0.5467383613802045,0.5408362324730385,0.5547376193013335,0.5531364424774448,1.0,0.5496875807294574,0.5577708104696565,0.5549480389918143,0.5507178171251498,0.5520815105222928
6,7,0.20067706385814246,0.94024,5000,0.8928926918241713,0.9555822328931572,833,0.8925672177308664,0.949,0.7618319890235336,0.08305023191376655,,,0.7704050027962865,,0.7704231715275338,0.2295768284724662,0.965528431603992,0.3830182225324964,5,0.1,0.5,0.5351569299762758,0.5333560434697423,0.5472437104768625,0.5397102803893079,0.5541119056928601,0.5461663338053419,0.5496875807294574,1.0,0.5573899216018553,0.5442527902885007,0.5493475129443441,0.5562038312581359
6,8,0.19760120855585026,0.94064,5000,0.9191375507248772,0.9567827130852341,833,0.8873522742487752,0.9493,0.7710682976998333,0.08350928194107662,,,0.8701068572833848,,0.8701270016565433,0.12987299834345667,0.9663000395775163,0.3834182545470982,5,0.1,0.5,0.549700059354466,0.5437850383981666,0.5535086022886536,0.5510697950776103,0.5587216077365503,0.5525561195945592,0.5577708104696565,0.5573899216018553,1.0,0.5591383433069586,0.553365052943925,0.5596338382115134
6,9,0.19017057928025344,0.94312,5000,0.8885561161571078,0.9423769507803121,833,0.8877422402080256,0.9494,0.7723449544181463,0.08367788441599337,,,0.9067259149464828,,0.9067466492645951,0.09325335073540486,0.9665892372172465,0.38347224868926083,5,0.1,0.5,0.5486352500148275,0.5522322029163127,0.553271663869445,0.5520927840169444,0.5674814178234016,0.5530292002640242,0.5549480389918143,0.5442527902885007,0.5591383433069586,1.0,0.5572660347906758,0.5649965512520884
6,10,0.19563624053885034,0.94272,5000,0.8747318375993658,0.9387755102040817,833,0.8873646373565967,0.9492,0.7697271696575109,0.08341616045343635,,,0.8498816433459466,,0.8498920736910798,0.15010792630892023,0.9661615651946293,0.38337135603835004,5,0.1,0.5,0.5470444500599719,0.5529617925449257,0.5475337605105219,0.553505778350039,0.5563160404607304,0.5544155922900095,0.5507178171251498,0.5493475129443441,0.553365052943925,0.5572660347906758,1.0,0.5622418128775545
6,11,0.18466010002395625,0.94448,5000,0.898717275372258,0.9531812725090036,833,0.887741388604283,0.9492,0.7700990948199832,0.08348410190558483,,,0.8646379626417847,,0.8646503689573817,0.13534963104261832,0.9663258825894715,0.3834067393812069,5,0.1,0.5,0.5454732603454355,0.5495408721221589,0.5517023513122519,0.5433910193860435,0.5458290552120313,0.5566303585803657,0.5520815105222928,0.5562038312581359,0.5596338382115134,0.5649965512520884,0.5622418128775545,1.0
7,0,0.1931143402246533,0.94168,5000,0.6594127769823428,0.9616306954436451,834,0.6871441054268005,0.9531,0.753814001055257,0.08331326602584382,,,0.8284624754988916,,0.8284724662416545,0.1715275337583455,0.9639569069656839,0.37545542285294675,5,0.1,0.5,1.0,0.5257778469753449,0.5258737358266398,0.5210235099816959,0.5366899459426497,0.5322523763157376,0.5325025055070141,0.5260120405178361,0.5382628565270597,0.5220364096954965,0.5144472839584392,0.5221599870262187
