round,client_id,client_i_training_loss,client_i_training_accuracy,client_i_training_dataset_size,client_i_evaluation_loss,client_i_evaluation_accuracy,client_i_evaluation_dataset_size,client_i_central_evaluation_loss,client_i_central_evaluation_accuracy,client_i_cosine_similarity,client_i_importance_coefficient,client_i_tanh_val,tanh_normalization_value,client_i_q,client_i_mask_order,client_i_v_nonzero_fraction,client_i_v_sparsity,client_i_v_cosine_similarity,client_i_reward_gradient_norm,local_epochs,learning_rate,gamma,client_0_cosine_similarity,client_1_cosine_similarity,client_2_cosine_similarity,client_3_cosine_similarity,client_4_cosine_similarity,client_5_cosine_similarity,client_6_cosine_similarity,client_7_cosine_similarity,client_8_cosine_similarity,client_9_cosine_similarity,client_10_cosine_similarity,client_11_cosine_similarity
0,0,2.207825456303396,0.3664,5000,2.2683031647293657,0.29856115107913667,834,2.2647808154170126,0.3034,0.9958940081785975,0.08330781562764113,,,0.96,,0.9600139182880506,0.039986081711949395,0,0.09961982975395473,5,0.001,0.1,1.0,0.9947836785518229,0.9933448268936897,0.991377091257053,0.9915225913200648,0.9882121197638568,0.9913370933570853,0.9922951138229202,0.9881772185617254,0.9927398402430163,0.9923987808006708,0.9891157048555482
0,1,2.209893353577632,0.36792,5000,2.266931736910785,0.30455635491606714,834,2.2647808154170126,0.3034,0.9973054222179288,0.08342588222870234,,,0.96,,0.9600139182880506,0.039986081711949395,0,0.09961982975395473,5,0.001,0.1,0.9947836785518229,1.0,0.9937432543781501,0.9939747953442702,0.9931044525068148,0.9902658133676052,0.9906389196802565,0.9937762696395107,0.9924699377315659,0.9920414984424404,0.9948146038068867,0.9925634276434836
0,2,2.20797109877228,0.37624,5000,2.263828056829947,0.3225419664268585,834,2.2647808154170126,0.3034,0.9972761490097457,0.08342343348715944,,,0.96,,0.9600139182880506,0.039986081711949395,0,0.09961982975395473,5,0.001,0.1,0.9933448268936897,0.9937432543781501,1.0,0.9926877573693692,0.9926060495431951,0.9922556507181434,0.9913570426982942,0.9928228476022432,0.991806491143626,0.9961379559840533,0.9931142717075191,0.991950559659076
0,3,2.2122490594341495,0.3736,5000,2.2648795710669622,0.2949640287769784,834,2.2647808154170126,0.3034,0.996573454146141,0.08336465215736036,,,0.96,,0.9600139182880506,0.039986081711949395,0,0.09961982975395473,5,0.001,0.1,0.991377091257053,0.9939747953442702,0.9926877573693692,1.0,0.9926351954729589,0.9889939902251628,0.9864040126018244,0.9938476329195041,0.9934914956198445,0.991930529582674,0.9935047008335608,0.9945792190386167
0,4,2.208613396298354,0.37712,5000,2.256677786509196,0.3277310924369748,833,2.2647808154170126,0.3034,0.9964329088912665,0.08335289536589031,,,0.96,,0.9600139182880506,0.039986081711949395,0,0.09961982975395473,5,0.001,0.1,0.9915225913200648,0.9931044525068148,0.9926060495431951,0.9926351954729589,1.0,0.9924557615931114,0.9925720674569194,0.9942260963399289,0.9896528100277019,0.9899094524987663,0.9939354869679401,0.9891263237775676
0,5,2.2076712362325877,0.373,5000,2.259400067506013,0.31812725090036015,833,2.2647808154170126,0.3034,0.9953937667258392,0.0832659697862429,,,0.96,,0.9600139182880506,0.039986081711949395,0,0.09961982975395473,5,0.001,0.1,0.9882121197638568,0.9902658133676052,0.9922556507181434,0.9889939902251628,0.9924557615931114,1.0,0.9928343658346689,0.9940879508098062,0.9903069834392647,0.9922042839731404,0.9895543943854227,0.9881526639387396
0,6,2.2047267520503633,0.38932,5000,2.2725879262994835,0.27611044417767105,833,2.2647808154170126,0.3034,0.9944291261979277,0.08318527636446683,,,0.96,,0.9600139182880506,0.039986081711949395,0,0.09961982975395473,5,0.001,0.1,0.9913370933570853,0.9906389196802565,0.9913570426982942,0.9864040126018244,0.9925720674569194,0.9928343658346689,1.0,0.9934850108140604,0.984218356217217,0.9910116949250224,0.9898130579248393,0.9841206686965945
0,7,2.210277096936657,0.39304,5000,2.266231863586991,0.2857142857142857,833,2.2647808154170126,0.3034,0.9973877648305379,0.0834327702942326,,,0.96,,0.9600139182880506,0.039986081711949395,0,0.09961982975395473,5,0.001,0.1,0.9922951138229202,0.9937762696395107,0.9928228476022432,0.9938476329195041,0.9942260963399289,0.9940879508098062,0.9934850108140604,1.0,0.9916401674400561,0.9923735116229158,0.9937772971752483,0.990829108094382
0,8,2.208764414270972,0.365,5000,2.259570351353398,0.3241296518607443,833,2.2647808154170126,0.3034,0.9953628525441282,0.08326338377515224,,,0.96,,0.9600139182880506,0.039986081711949395,0,0.09961982975395473,5,0.001,0.1,0.9881772185617254,0.9924699377315659,0.991806491143626,0.9934914956198445,0.9896528100277019,0.9903069834392647,0.984218356217217,0.9916401674400561,1.0,0.9904959328083207,0.9908213753270626,0.9958736487451699
0,9,2.2092153275848196,0.3748,5000,2.2666406366560192,0.31452581032412963,833,2.2647808154170126,0.3034,0.9963543727789963,0.08334632571901286,,,0.96,,0.9600139182880506,0.039986081711949395,0,0.09961982975395473,5,0.001,0.1,0.9927398402430163,0.9920414984424404,0.9961379559840533,0.991930529582674,0.9899094524987663,0.9922042839731404,0.9910116949250224,0.9923735116229158,0.9904959328083207,1.0,0.991308461491068,0.9906542748191415
0,10,2.211567726864177,0.36812,5000,2.2734974137058965,0.2917166866746699,833,2.2647808154170126,0.3034,0.9966618515399966,0.08337204671313518,,,0.96,,0.9600139182880506,0.039986081711949395,0,0.09961982975395473,5,0.001,0.1,0.9923987808006708,0.9948146038068867,0.9931142717075191,0.9935047008335608,0.9939354869679401,0.9895543943854227,0.9898130579248393,0.9937772971752483,0.9908213753270626,0.991308461491068,1.0,0.9914407264775934
0,11,2.209531738196209,0.35512,5000,2.2646937017087585,0.28211284513805523,833,2.2647808154170126,0.3034,0.9953170039471702,0.08325954848100367,,,0.96,,0.9600139182880506,0.039986081711949395,0,0.09961982975395473,5,0.001,0.1,0.9891157048555482,0.9925634276434836,0.991950559659076,0.9945792190386167,0.9891263237775676,0.9881526639387396,0.9841206686965945,0.990829108094382,0.9958736487451699,0.9906542748191415,0.9914407264775934,1.0
1,0,2.0681889105754294,0.47824,5000,2.215058830049303,0.39928057553956836,834,2.210113197850724,0.4098,0.9982009593485921,0.08331448272063588,,,0.96,,0.9600139182880506,0.039986081711949395,0.9525733335390213,0.09982946558553335,5,0.001,0.1,1.0,0.997102402120861,0.9971308090492534,0.9959287690696673,0.9957420415122111,0.9947167898884772,0.996002339348275,0.9966666337064556,0.9950089591794945,0.996853582395958,0.9973824564363425,0.9955140096379365
1,1,2.073766560767107,0.47624,5000,2.2121496465471058,0.4064748201438849,834,2.210113197850724,0.4098,0.9989643074250792,0.0834115341148296,,,0.96,,0.9600139182880506,0.039986081711949395,0.9525733335390213,0.09982946558553335,5,0.001,0.1,0.997102402120861,1.0,0.9975143094191931,0.9973697522779414,0.9971809579426587,0.9960260644615309,0.9961549171700668,0.9972451692501676,0.9968189566433392,0.9968780784738879,0.9977129877278771,0.9971878894489105
1,2,2.0707032176339704,0.49692,5000,2.2090145305350974,0.4364508393285372,834,2.210113197850724,0.4098,0.9986621290792262,0.08340027817799825,,,0.96,,0.9600139182880506,0.039986081711949395,0.9525733335390213,0.09982946558553335,5,0.001,0.1,0.9971308090492534,0.9975143094191931,1.0,0.9966065208479441,0.996241359510525,0.9961015667370403,0.9958249487927366,0.9965164302312612,0.9963962706797942,0.9975629291884626,0.9973056856805882,0.9963706148891598
1,3,2.0803165815438436,0.50904,5000,2.2105342193886086,0.38968824940047964,834,2.210113197850724,0.4098,0.9984510262529214,0.08335741293644446,,,0.96,,0.9600139182880506,0.039986081711949395,0.9525733335390213,0.09982946558553335,5,0.001,0.1,0.9959287690696673,0.9973697522779414,0.9966065208479441,1.0,0.996532108757606,0.9950997256727059,0.9938407181162022,0.9972290103269301,0.9973251750536144,0.9957548615752254,0.9974901727966009,0.997864933813623
1,4,2.0714061375636206,0.499,5000,2.202459529594139,0.4369747899159664,833,2.210113197850724,0.4098,0.9981128114592337,0.08333928507784545,,,0.96,,0.9600139182880506,0.039986081711949395,0.9525733335390213,0.09982946558553335,5,0.001,0.1,0.9957420415122111,0.9971809579426587,0.996241359510525,0.996532108757606,1.0,0.9961339595669269,0.9958579671537028,0.996703434426725,0.9953174826234934,0.9946010867567537,0.9974319887541928,0.9952499708362303
1,5,2.0702433365925104,0.50904,5000,2.202654547161526,0.41536614645858344,833,2.210113197850724,0.4098,0.9978005724886255,0.08327589417214601,,,0.96,,0.9600139182880506,0.039986081711949395,0.9525733335390213,0.09982946558553335,5,0.001,0.1,0.9947167898884772,0.9960260644615309,0.9961015667370403,0.9950997256727059,0.9961339595669269,1.0,0.9959690361232634,0.9967475462125595,0.9957569954209351,0.995472881921156,0.9959488829791674,0.9952851980861729
1,6,2.063357607118643,0.49244,5000,2.2172316533547862,0.38055222088835533,833,2.210113197850724,0.4098,0.9973851605108813,0.08321299513825206,,,0.96,,0.9600139182880506,0.039986081711949395,0.9525733335390213,0.09982946558553335,5,0.001,0.1,0.996002339348275,0.9961549171700668,0.9958249487927366,0.9938407181162022,0.9958579671537028,0.9959690361232634,1.0,0.9963908844222156,0.993186713818673,0.9954971857930481,0.9960418522268766,0.9935172592417579
1,7,2.0726855135267708,0.50452,5000,2.2113815236974648,0.3985594237695078,833,2.210113197850724,0.4098,0.9987524672290461,0.08340892055792151,,,0.96,,0.9600139182880506,0.039986081711949395,0.9525733335390213,0.09982946558553335,5,0.001,0.1,0.9966666337064556,0.9972451692501676,0.9965164302312612,0.9972290103269301,0.996703434426725,0.9967475462125595,0.9963908844222156,1.0,0.9967043858156854,0.9961429872258718,0.9977373144270102,0.9965712736443756
1,8,2.0744758493581394,0.49044,5000,2.207346209773311,0.4489795918367347,833,2.210113197850724,0.4098,0.998058995454962,0.08328264986772978,,,0.96,,0.9600139182880506,0.039986081711949395,0.9525733335390213,0.09982946558553335,5,0.001,0.1,0.9950089591794945,0.9968189566433392,0.9963962706797942,0.9973251750536144,0.9953174826234934,0.9957569954209351,0.993186713818673,0.9967043858156854,1.0,0.995833267298698,0.9963637111463022,0.9976378544770272
1,9,2.0733548782433675,0.49056,5000,2.209250838668258,0.4225690276110444,833,2.210113197850724,0.4098,0.9980809228040372,0.08333422652514146,,,0.96,,0.9600139182880506,0.039986081711949395,0.9525733335390213,0.09982946558553335,5,0.001,0.1,0.996853582395958,0.9968780784738879,0.9975629291884626,0.9957548615752254,0.9946010867567537,0.995472881921156,0.9954971857930481,0.9961429872258718,0.995833267298698,1.0,0.9963712588309794,0.995642958050711
1,10,2.07779621030115,0.48632,5000,2.217714035952533,0.38535414165666265,833,2.210113197850724,0.4098,0.9989394030787715,0.08337771253228844,,,0.96,,0.9600139182880506,0.039986081711949395,0.9525733335390213,0.09982946558553335,5,0.001,0.1,0.9973824564363425,0.9977129877278771,0.9973056856805882,0.9974901727966009,0.9974319887541928,0.9959488829791674,0.9960418522268766,0.9977373144270102,0.9963637111463022,0.9963712588309794,1.0,0.997107289348831
1,11,2.0765754687558315,0.49048,5000,2.212275566878142,0.39735894357743096,833,2.210113197850724,0.4098,0.9981925337389225,0.08328460817876715,,,0.96,,0.9600139182880506,0.039986081711949395,0.9525733335390213,0.09982946558553335,5,0.001,0.1,0.9955140096379365,0.9971878894489105,0.9963706148891598,0.997864933813623,0.9952499708362303,0.9952851980861729,0.9935172592417579,0.9965712736443756,0.9976378544770272,0.995642958050711,0.997107289348831,1.0
2,0,1.890735968207098,0.52016,5000,2.1487923109972917,0.4136690647482014,834,2.1422270616403405,0.4373,0.998632761684221,0.08331781119588713,,,0.96,,0.9600139182880506,0.039986081711949395,0.9871600490972166,0.09987522313342012,5,0.001,0.1,1.0,0.9977412418047886,0.9976104630679412,0.9971555942641689,0.9966567997212188,0.9963047626031946,0.9965998262139286,0.997235913350451,0.9969235234716539,0.9974455956361838,0.9979442028630087,0.9970618597877674
2,1,1.898056299519387,0.53424,5000,2.1444495960518166,0.4352517985611511,834,2.1422270616403405,0.4373,0.9991171653755023,0.08339295643300915,,,0.96,,0.9600139182880506,0.039986081711949395,0.9871600490972166,0.09987522313342012,5,0.001,0.1,0.9977412418047886,1.0,0.9980303478103222,0.9980168876023973,0.9974625371718615,0.9972396583372654,0.9968711969837659,0.9975790420098715,0.9978156252778259,0.9975057437328206,0.9982003093906109,0.9980212210280078
2,2,1.8924699684616866,0.55332,5000,2.1407495428014687,0.4712230215827338,834,2.1422270616403405,0.4373,0.9989298240566122,0.08338000812719575,,,0.96,,0.9600139182880506,0.039986081711949395,0.9871600490972166,0.09987522313342012,5,0.001,0.1,0.9976104630679412,0.9980303478103222,1.0,0.997452079225662,0.9968763950697154,0.9972953071365275,0.9969713261613447,0.9971524025042136,0.9974625894910019,0.9979776172845112,0.9979207105379319,0.9974899044190965
2,3,1.9065096726083453,0.56216,5000,2.1432110733456082,0.42565947242206237,834,2.1422270616403405,0.4373,0.9988357492980027,0.08335068708818445,,,0.96,,0.9600139182880506,0.039986081711949395,0.9871600490972166,0.09987522313342012,5,0.001,0.1,0.9971555942641689,0.9980168876023973,0.997452079225662,1.0,0.9971194442473331,0.996794439298731,0.995620748875127,0.9976280646326608,0.9981568751210168,0.9967689827177428,0.998038994469105,0.9983588957152312
2,4,1.8926045121660657,0.55228,5000,2.1341718744348595,0.46338535414165666,833,2.1422270616403405,0.4373,0.9985208076752959,0.08332940680683314,,,0.96,,0.9600139182880506,0.039986081711949395,0.9871600490972166,0.09987522313342012,5,0.001,0.1,0.9966567997212188,0.9974625371718615,0.9968763950697154,0.9971194442473331,1.0,0.9976383487526912,0.9970869965847485,0.9974660016025312,0.9965730885025091,0.9962618889359757,0.9978464075431791,0.9963508144047306
2,5,1.8882315837653578,0.56564,5000,2.132278671971074,0.46218487394957986,833,2.1422270616403405,0.4373,0.998632340485212,0.08329413515773278,,,0.96,,0.9600139182880506,0.039986081711949395,0.9871600490972166,0.09987522313342012,5,0.001,0.1,0.9963047626031946,0.9972396583372654,0.9972953071365275,0.996794439298731,0.9976383487526912,1.0,0.9970866759307025,0.9977278978036277,0.9972014927671403,0.9972187389624905,0.997320743757256,0.996849774995022
2,6,1.879612842486922,0.54136,5000,2.1487650076548257,0.40456182472989194,833,2.1422270616403405,0.4373,0.9981280842213077,0.08323929138647805,,,0.96,,0.9600139182880506,0.039986081711949395,0.9871600490972166,0.09987522313342012,5,0.001,0.1,0.9965998262139286,0.9968711969837659,0.9969713261613447,0.995620748875127,0.9970869965847485,0.9970866759307025,1.0,0.9972364578979507,0.9955201946268897,0.9968687774236877,0.9971121693368173,0.995662018128094
2,7,1.8928570074640263,0.5548,5000,2.1433535328617803,0.4177671068427371,833,2.1422270616403405,0.4373,0.9989297738880242,0.0833853060034852,,,0.96,,0.9600139182880506,0.039986081711949395,0.9871600490972166,0.09987522313342012,5,0.001,0.1,0.997235913350451,0.9975790420098715,0.9971524025042136,0.9976280646326608,0.9974660016025312,0.9977278978036277,0.9972364578979507,1.0,0.9976010328247945,0.9971495903987869,0.9980437495706223,0.9974190066339281
2,8,1.8977853207071875,0.55432,5000,2.1422586882555925,0.4645858343337335,833,2.1422270616403405,0.4373,0.9987658297066216,0.08330258592017344,,,0.96,,0.9600139182880506,0.039986081711949395,0.9871600490972166,0.09987522313342012,5,0.001,0.1,0.9969235234716539,0.9978156252778259,0.9974625894910019,0.9981568751210168,0.9965730885025091,0.9972014927671403,0.9955201946268897,0.9976010328247945,1.0,0.9968834021514612,0.997937013138828,0.9982001185782323
2,9,1.8944945784890728,0.54172,5000,2.1379473032774747,0.44057623049219685,833,2.1422270616403405,0.4373,0.9985911968750576,0.08332857662299323,,,0.96,,0.9600139182880506,0.039986081711949395,0.9871600490972166,0.09987522313342012,5,0.001,0.1,0.9974455956361838,0.9975057437328206,0.9979776172845112,0.9967689827177428,0.9962618889359757,0.9972187389624905,0.9968687774236877,0.9971495903987869,0.9968834021514612,1.0,0.9972357431257535,0.9968663409584094
2,10,1.9037969681867368,0.5444,5000,2.148965005521421,0.4177671068427371,833,2.1422270616403405,0.4373,0.9992135416061453,0.08337532749440664,,,0.96,,0.9600139182880506,0.039986081711949395,0.9871600490972166,0.09987522313342012,5,0.001,0.1,0.9979442028630087,0.9982003093906109,0.9979207105379319,0.998038994469105,0.9978464075431791,0.997320743757256,0.9971121693368173,0.9980437495706223,0.997937013138828,0.9972357431257535,1.0,0.9980397435835605
2,11,1.900709492233908,0.55848,5000,2.1470677146205195,0.4309723889555822,833,2.1422270616403405,0.4373,0.9987695792042481,0.08330390776362126,,,0.96,,0.9600139182880506,0.039986081711949395,0.9871600490972166,0.09987522313342012,5,0.001,0.1,0.9970618597877674,0.9980212210280078,0.9974899044190965,0.9983588957152312,0.9963508144047306,0.996849774995022,0.995662018128094,0.9974190066339281,0.9982001185782323,0.9968663409584094,0.9980397435835605,1.0
3,0,1.7128049996248476,0.5624,5000,2.068032573770594,0.4712230215827338,834,2.0599049215499585,0.4892,0.9987725990563383,0.08331822722192951,,,0.96,,0.9600139182880506,0.039986081711949395,0.9943147695418739,0.09989433534573387,5,0.001,0.1,1.0,0.997671435519438,0.9975101184816588,0.9977203079362065,0.9972558227584701,0.9971340384524877,0.9972221936664684,0.997809455528671,0.9972935287705847,0.997697183055673,0.9979822847878799,0.9973398217327308
3,1,1.7191967775867243,0.57404,5000,2.0629038457517272,0.48081534772182255,834,2.0599049215499585,0.4892,0.9991085714382675,0.08337514502631949,,,0.96,,0.9600139182880506,0.039986081711949395,0.9943147695418739,0.09989433534573387,5,0.001,0.1,0.997671435519438,1.0,0.9978951405301218,0.9983223573281799,0.9978685153139764,0.9977617459136873,0.9975008907477794,0.997943712530045,0.9978351567531658,0.9977206411310088,0.9981061394659103,0.9980363727424247
3,2,1.711550109097912,0.59,5000,2.0578777525160046,0.5275779376498801,834,2.0599049215499585,0.4892,0.9990112895355715,0.0833640663209553,,,0.96,,0.9600139182880506,0.039986081711949395,0.9943147695418739,0.09989433534573387,5,0.001,0.1,0.9975101184816588,0.9978951405301218,1.0,0.997779627727361,0.9975984369308005,0.998029778699088,0.9976932322548444,0.9975862688327196,0.9977266868159298,0.998069289417541,0.9980769054461319,0.9975312497133701
3,3,1.7262319441813572,0.59996,5000,2.0615906008967646,0.473621103117506,834,2.0599049215499585,0.4892,0.9991241861831205,0.08334973133899036,,,0.96,,0.9600139182880506,0.039986081711949395,0.9943147695418739,0.09989433534573387,5,0.001,0.1,0.9977203079362065,0.9983223573281799,0.997779627727361,1.0,0.9978331775817234,0.9976942288139786,0.9970353415709652,0.9982067373160082,0.9981904465505206,0.9973279065259307,0.9982723867755071,0.9984671482250099
3,4,1.7112723519088355,0.58908,5000,2.0505049758487277,0.503001200480192,833,2.0599049215499585,0.4892,0.9988308674805373,0.08332721750468271,,,0.96,,0.9600139182880506,0.039986081711949395,0.9943147695418739,0.09989433534573387,5,0.001,0.1,0.9972558227584701,0.9978685153139764,0.9975984369308005,0.9978331775817234,1.0,0.9978046990904459,0.9974998625129553,0.9977424517390119,0.997569564149182,0.9967365236159914,0.9981678943075025,0.9972577253123082
3,5,1.70556119779113,0.601,5000,2.0472458291936806,0.5114045618247299,833,2.0599049215499585,0.4892,0.9989502312781819,0.08330944258855334,,,0.96,,0.9600139182880506,0.039986081711949395,0.9943147695418739,0.09989433534573387,5,0.001,0.1,0.9971340384524877,0.9977617459136873,0.998029778699088,0.9976942288139786,0.9978046990904459,1.0,0.9973580176448839,0.9980170160150841,0.9977755681331633,0.9977300958988751,0.9978220767535532,0.9976391440640259
3,6,1.6968940412162976,0.57828,5000,2.065937360127767,0.4765906362545018,833,2.0599049215499585,0.4892,0.9985756842909997,0.08326372784779502,,,0.96,,0.9600139182880506,0.039986081711949395,0.9943147695418739,0.09989433534573387,5,0.001,0.1,0.9972221936664684,0.9975008907477794,0.9976932322548444,0.9970353415709652,0.9974998625129553,0.9973580176448839,1.0,0.9974372160281401,0.9966711800919321,0.997499877248277,0.9977188545162454,0.9966418116971348
3,7,1.7086169595930987,0.59224,5000,2.0609837902916803,0.47418967587034816,833,2.0599049215499585,0.4892,0.9991049427657331,0.08337033703735781,,,0.96,,0.9600139182880506,0.039986081711949395,0.9943147695418739,0.09989433534573387,5,0.001,0.1,0.997809455528671,0.997943712530045,0.9975862688327196,0.9982067373160082,0.9977424517390119,0.9980170160150841,0.9974372160281401,1.0,0.9980451563833683,0.9976407754731619,0.9983736091789144,0.9978165258415755
3,8,1.716384130982077,0.5982,5000,2.0628620518578424,0.5102040816326531,833,2.0599049215499585,0.4892,0.998956966042876,0.08331484154182717,,,0.96,,0.9600139182880506,0.039986081711949395,0.9943147695418739,0.09989433534573387,5,0.001,0.1,0.9972935287705847,0.9978351567531658,0.9977266868159298,0.9981904465505206,0.997569564149182,0.9977755681331633,0.9966711800919321,0.9980451563833683,1.0,0.9974297159374975,0.9981101985071984,0.9981989894839046
3,9,1.7136001224730424,0.57352,5000,2.051601030208446,0.49819927971188477,833,2.0599049215499585,0.4892,0.9987751286397396,0.08332490971342849,,,0.96,,0.9600139182880506,0.039986081711949395,0.9943147695418739,0.09989433534573387,5,0.001,0.1,0.997697183055673,0.9977206411310088,0.998069289417541,0.9973279065259307,0.9967365236159914,0.9977300958988751,0.997499877248277,0.9976407754731619,0.9974297159374975,1.0,0.9976552126498401,0.9971595543870104
3,10,1.7250446667337114,0.58068,5000,2.0655437222233526,0.46338535414165666,833,2.0599049215499585,0.4892,0.9992445341050674,0.08336872346490798,,,0.96,,0.9600139182880506,0.039986081711949395,0.9943147695418739,0.09989433534573387,5,0.001,0.1,0.9979822847878799,0.9981061394659103,0.9980769054461319,0.9982723867755071,0.9981678943075025,0.9978220767535532,0.9977188545162454,0.9983736091789144,0.9981101985071984,0.9976552126498401,1.0,0.9980068526558665
3,11,1.7190771867515175,0.60192,5000,2.0679232985885054,0.4801920768307323,833,2.0599049215499585,0.4892,0.9988943207334192,0.083313630393253,,,0.96,,0.9600139182880506,0.039986081711949395,0.9943147695418739,0.09989433534573387,5,0.001,0.1,0.9973398217327308,0.9980363727424247,0.9975312497133701,0.9984671482250099,0.9972577253123082,0.9976391440640259,0.9966418116971348,0.9978165258415755,0.9981989894839046,0.9971595543870104,0.9980068526558665,1.0
4,0,1.5530462406243488,0.59428,5000,1.972637697502419,0.5455635491606715,834,1.9629630208396303,0.5665,0.9987682993587241,0.0833213999137991,,,0.96,,0.9600139182880506,0.039986081711949395,0.9959950785987989,0.09988487531009295,5,0.001,0.1,1.0,0.9975397037033115,0.9972320158776911,0.997747123034605,0.9973502324791834,0.9971371382021513,0.9970963951564702,0.9976256805451603,0.9973924126526587,0.9974953272737958,0.9979573099607126,0.9968762233903057
4,1,1.55781642145412,0.60684,5000,1.9670155710644193,0.5431654676258992,834,1.9629630208396303,0.5665,0.9990215811543425,0.08336447455779702,,,0.96,,0.9600139182880506,0.039986081711949395,0.9959950785987989,0.09988487531009295,5,0.001,0.1,0.9975397037033115,1.0,0.9978700113796456,0.9980827919985795,0.9976296758223717,0.9977860743210487,0.9970920242272258,0.9977668086380063,0.9979035194998075,0.9974630840264033,0.997817182083858,0.9975330600798424
4,2,1.5493133021008436,0.61684,5000,1.9601122008429632,0.6007194244604317,834,1.9629630208396303,0.5665,0.9988351539326741,0.08335166490506576,,,0.96,,0.9600139182880506,0.039986081711949395,0.9959950785987989,0.09988487531009295,5,0.001,0.1,0.9972320158776911,0.9978700113796456,1.0,0.997383716234174,0.997167079880562,0.9978204728176784,0.9974353096042214,0.9972136172199625,0.9976682778545939,0.9977347789355809,0.9976357571485363,0.9970891627828514
4,3,1.5638033664909898,0.63212,5000,1.9655989673402574,0.5611510791366906,834,1.9629630208396303,0.5665,0.9990402617138844,0.08334949436306151,,,0.96,,0.9600139182880506,0.039986081711949395,0.9959950785987989,0.09988487531009295,5,0.001,0.1,0.997747123034605,0.9980827919985795,0.997383716234174,1.0,0.9978089342414849,0.9975205251466711,0.9970971451727471,0.9980807222237924,0.998033822973888,0.9970597544053571,0.9980787593974566,0.9978150972138164
4,4,1.550494084540446,0.62084,5000,1.951603721689295,0.5774309723889556,833,1.9629630208396303,0.5665,0.9987670742809815,0.08332687300263532,,,0.96,,0.9600139182880506,0.039986081711949395,0.9959950785987989,0.09988487531009295,5,0.001,0.1,0.9973502324791834,0.9976296758223717,0.997167079880562,0.9978089342414849,1.0,0.9976411861131883,0.997391659196683,0.9976491216815326,0.9973966757475561,0.9965504681832553,0.9980466343938854,0.9968031227030236
4,5,1.5425048517573412,0.62536,5000,1.9474208531556305,0.5978391356542617,833,1.9629630208396303,0.5665,0.9989554775597219,0.08332205408109199,,,0.96,,0.9600139182880506,0.039986081711949395,0.9959950785987989,0.09988487531009295,5,0.001,0.1,0.9971371382021513,0.9977860743210487,0.9978204728176784,0.9975205251466711,0.9976411861131883,1.0,0.997083614902298,0.9977733128867968,0.9979709312750401,0.9977119306615854,0.9977695379981589,0.9974787194299497
4,6,1.5349881987662832,0.60776,5000,1.9683559691464458,0.5714285714285714,833,1.9629630208396303,0.5665,0.9984020074782434,0.08327616108436968,,,0.96,,0.9600139182880506,0.039986081711949395,0.9959950785987989,0.09988487531009295,5,0.001,0.1,0.9970963951564702,0.9970920242272258,0.9974353096042214,0.9970971451727471,0.997391659196683,0.997083614902298,1.0,0.9969268134258095,0.9965677821094248,0.9969795037265757,0.9975188428416226,0.9958722073592235
4,7,1.546969056357244,0.61896,5000,1.9638949941705774,0.5570228091236494,833,1.9629630208396303,0.5665,0.9989992715132547,0.08336080642859973,,,0.96,,0.9600139182880506,0.039986081711949395,0.9959950785987989,0.09988487531009295,5,0.001,0.1,0.9976256805451603,0.9977668086380063,0.9972136172199625,0.9980807222237924,0.9976491216815326,0.9977733128867968,0.9969268134258095,1.0,0.9981208570170934,0.9973381139532829,0.9982189868217578,0.9975025974368572
4,8,1.5538325587655328,0.63,5000,1.969166428954513,0.5666266506602641,833,1.9629630208396303,0.5665,0.9990138477826516,0.08332724833754779,,,0.96,,0.9600139182880506,0.039986081711949395,0.9959950785987989,0.09988487531009295,5,0.001,0.1,0.9973924126526587,0.9979035194998075,0.9976682778545939,0.998033822973888,0.9973966757475561,0.9979709312750401,0.9965677821094248,0.9981208570170934,1.0,0.9974442668050478,0.998108434292089,0.9977852107530613
4,9,1.5552768924433715,0.60996,5000,1.9502282451700281,0.5894357743097239,833,1.9629630208396303,0.5665,0.9986597973631861,0.0833219958350608,,,0.96,,0.9600139182880506,0.039986081711949395,0.9959950785987989,0.09988487531009295,5,0.001,0.1,0.9974953272737958,0.9974630840264033,0.9977347789355809,0.9970597544053571,0.9965504681832553,0.9977119306615854,0.9969795037265757,0.9973381139532829,0.9974442668050478,1.0,0.9973667297008174,0.9970052929419698
4,10,1.5639289525663778,0.6104,5000,1.9670342560167666,0.5402160864345739,833,1.9629630208396303,0.5665,0.9991568467495033,0.08336490235865442,,,0.96,,0.9600139182880506,0.039986081711949395,0.9959950785987989,0.09988487531009295,5,0.001,0.1,0.9979573099607126,0.997817182083858,0.9976357571485363,0.9980787593974566,0.9980466343938854,0.9977695379981589,0.9975188428416226,0.9982189868217578,0.998108434292089,0.9973667297008174,1.0,0.9975876447353904
4,11,1.5565872662386318,0.6336,5000,1.9747949706183539,0.5474189675870348,833,1.9629630208396303,0.5665,0.9985930377223549,0.08331292513231699,,,0.96,,0.9600139182880506,0.039986081711949395,0.9959950785987989,0.09988487531009295,5,0.001,0.1,0.9968762233903057,0.9975330600798424,0.9970891627828514,0.9978150972138164,0.9968031227030236,0.9974787194299497,0.9958722073592235,0.9975025974368572,0.9977852107530613,0.9970052929419698,0.9975876447353904,1.0
5,0,1.4200074130562461,0.62132,5000,1.8630040928169533,0.6031175059952039,834,1.8519479089651625,0.6177,0.998628439950835,0.083322243919112,,,0.96,,0.9600139182880506,0.039986081711949395,0.9973097141841163,0.09987429108681968,5,0.001,0.1,1.0,0.9970637384943899,0.9969124438345297,0.9974712374026702,0.9971115292769912,0.9968868247232174,0.9968722917091009,0.9973587242004665,0.9972506742231072,0.9971852489995247,0.9976852866080488,0.9967080616947278
5,1,1.422748933552177,0.62824,5000,1.8572487786964134,0.5971223021582733,834,1.8519479089651625,0.6177,0.9987791556715493,0.08335352149590823,,,0.96,,0.9600139182880506,0.039986081711949395,0.9973097141841163,0.09987429108681968,5,0.001,0.1,0.9970637384943899,1.0,0.9973227377952851,0.9977547102041445,0.9973449304136124,0.9974155628493442,0.9968982590067857,0.9974741110686125,0.9973144135348787,0.9969114016676703,0.997510954521443,0.9973001465589958
5,2,1.4148160809923889,0.63944,5000,1.8480476538340251,0.645083932853717,834,1.8519479089651625,0.6177,0.9987054185309028,0.0833432868301485,,,0.96,,0.9600139182880506,0.039986081711949395,0.9973097141841163,0.09987429108681968,5,0.001,0.1,0.9969124438345297,0.9973227377952851,1.0,0.9973254026211443,0.997036943462287,0.9976224009650805,0.9972130831663668,0.9970368774819018,0.9973084068706957,0.9972465598612691,0.9975151981070262,0.9968879559078152
5,3,1.426999932717366,0.65104,5000,1.8556571669048734,0.6151079136690647,834,1.8519479089651625,0.6177,0.9989894875487282,0.08335112382097708,,,0.96,,0.9600139182880506,0.039986081711949395,0.9973097141841163,0.09987429108681968,5,0.001,0.1,0.9974712374026702,0.9977547102041445,0.9973254026211443,1.0,0.9973688951428522,0.9972985132658124,0.9968963934041883,0.9979066163667834,0.9979014129300617,0.9970552352539268,0.9979083392708343,0.9979453991732492
5,4,1.413016596873095,0.64232,5000,1.837901963127984,0.6290516206482593,833,1.8519479089651625,0.6177,0.998688030760073,0.08332752324117931,,,0.96,,0.9600139182880506,0.039986081711949395,0.9973097141841163,0.09987429108681968,5,0.001,0.1,0.9971115292769912,0.9973449304136124,0.997036943462287,0.9973688951428522,1.0,0.9974315731564911,0.9971368660363011,0.9974449937123667,0.9973898421352742,0.9963786925295953,0.997728760995861,0.996847069082203
5,5,1.406103951612096,0.64924,5000,1.8336989835456565,0.6470588235294118,833,1.8519479089651625,0.6177,0.9987893270678623,0.08332783748407593,,,0.96,,0.9600139182880506,0.039986081711949395,0.9973097141841163,0.09987429108681968,5,0.001,0.1,0.9968868247232174,0.9974155628493442,0.9976224009650805,0.9972985132658124,0.9974315731564911,1.0,0.9968484079942149,0.997493517194213,0.9976553259049349,0.9972119555687886,0.9974245870799867,0.9971455402914587
5,6,1.4010243948857495,0.63784,5000,1.8563175642931904,0.6134453781512605,833,1.8519479089651625,0.6177,0.998336274350289,0.0832850741449734,,,0.96,,0.9600139182880506,0.039986081711949395,0.9973097141841163,0.09987429108681968,5,0.001,0.1,0.9968722917091009,0.9968982590067857,0.9972130831663668,0.9968963934041883,0.9971368660363011,0.9968484079942149,1.0,0.9966261579433716,0.9965135781661626,0.9966841128950475,0.9972777619922417,0.9960394725198128
5,7,1.411337516869709,0.64304,5000,1.8526435339892353,0.6182472989195679,833,1.8519479089651625,0.6177,0.9989153539452511,0.08335566782283263,,,0.96,,0.9600139182880506,0.039986081711949395,0.9973097141841163,0.09987429108681968,5,0.001,0.1,0.9973587242004665,0.9974741110686125,0.9970368774819018,0.9979066163667834,0.9974449937123667,0.997493517194213,0.9966261579433716,1.0,0.997899302606288,0.9973135557699925,0.997974552830589,0.9974148538673733
5,8,1.417195144580428,0.6508,5000,1.8620103111973516,0.602641056422569,833,1.8519479089651625,0.6177,0.9989300891469756,0.08333556552624864,,,0.96,,0.9600139182880506,0.039986081711949395,0.9973097141841163,0.09987429108681968,5,0.001,0.1,0.9972506742231072,0.9973144135348787,0.9973084068706957,0.9979014129300617,0.9973898421352742,0.9976553259049349,0.9965135781661626,0.997899302606288,1.0,0.9973430413507819,0.9979485629385487,0.9975961326757659
5,9,1.4204975147915493,0.63344,5000,1.8340879281361897,0.6470588235294118,833,1.8519479089651625,0.6177,0.9985180314038796,0.08331904604197903,,,0.96,,0.9600139182880506,0.039986081711949395,0.9973097141841163,0.09987429108681968,5,0.001,0.1,0.9971852489995247,0.9969114016676703,0.9972465598612691,0.9970552352539268,0.9963786925295953,0.9972119555687886,0.9966841128950475,0.9973135557699925,0.9973430413507819,1.0,0.9972272438566122,0.9966258498564498
5,10,1.428154245683342,0.63512,5000,1.854066839924565,0.602641056422569,833,1.8519479089651625,0.6177,0.9990694970454419,0.08336315422569135,,,0.96,,0.9600139182880506,0.039986081711949395,0.9973097141841163,0.09987429108681968,5,0.001,0.1,0.9976852866080488,0.997510954521443,0.9975151981070262,0.9979083392708343,0.997728760995861,0.9974245870799867,0.9972777619922417,0.997974552830589,0.9979485629385487,0.9972272438566122,1.0,0.9975897334305207
5,11,1.4186214402982384,0.6542,5000,1.8681499163309734,0.5918367346938775,833,1.8519479089651625,0.6177,0.998594612840623,0.08331595544687387,,,0.96,,0.9600139182880506,0.039986081711949395,0.9973097141841163,0.09987429108681968,5,0.001,0.1,0.9967080616947278,0.9973001465589958,0.9968879559078152,0.9979453991732492,0.996847069082203,0.9971455402914587,0.9960394725198128,0.9974148538673733,0.9975961326757659,0.9966258498564498,0.9975897334305207,1.0
6,0,1.3111615024554502,0.64468,5000,1.7419725038387157,0.6235011990407674,834,1.7296159693989128,0.6379,0.9983528677371303,0.0833214007828389,,,0.96,,0.9600139182880506,0.039986081711949395,0.9982633953523179,0.09985094500973345,5,0.001,0.1,1.0,0.9964580159329387,0.9963624245607516,0.9969559683294306,0.9966800350011706,0.9962703320495118,0.9961610616666206,0.9967611838260696,0.9967167411632826,0.996740405037554,0.9971004680275201,0.9961998864463142
6,1,1.3123043381484452,0.64836,5000,1.7362736463546753,0.6235011990407674,834,1.7296159693989128,0.6379,0.9985114527160555,0.08334570055297308,,,0.96,,0.9600139182880506,0.039986081711949395,0.9982633953523179,0.09985094500973345,5,0.001,0.1,0.9964580159329387,1.0,0.9966799734391707,0.9975082103579328,0.9968692064171039,0.9969505256622849,0.9964096370902676,0.996839140056932,0.9966916872651307,0.9964099647947883,0.9967535082709957,0.9967357165449453
6,2,1.3038186490915384,0.65688,5000,1.7244703416471128,0.6654676258992805,834,1.7296159693989128,0.6379,0.9984024632244086,0.08333590626123631,,,0.96,,0.9600139182880506,0.039986081711949395,0.9982633953523179,0.09985094500973345,5,0.001,0.1,0.9963624245607516,0.9966799734391707,1.0,0.9967394076166153,0.9965441057003381,0.9970003939844636,0.9967709236957143,0.9962861072560032,0.9967763857153177,0.9967366951984786,0.9967619789895529,0.9963421272018457
6,3,1.3136328521807483,0.66252,5000,1.7342668771743774,0.6426858513189448,834,1.7296159693989128,0.6379,0.9988312852461061,0.08335455328830078,,,0.96,,0.9600139182880506,0.039986081711949395,0.9982633953523179,0.09985094500973345,5,0.001,0.1,0.9969559683294306,0.9975082103579328,0.9967394076166153,1.0,0.9970355514309486,0.997064104199599,0.9967631590715041,0.9973311311010933,0.9974230510645457,0.9965299810701055,0.9974049384633736,0.9973824876606618
6,4,1.3002711582335698,0.66024,5000,1.7119700908660889,0.6506602641056423,833,1.7296159693989128,0.6379,0.9985539587588146,0.08333112890742386,,,0.96,,0.9600139182880506,0.039986081711949395,0.9982633953523179,0.09985094500973345,5,0.001,0.1,0.9966800350011706,0.9968692064171039,0.9965441057003381,0.9970355514309486,1.0,0.9969687824617801,0.9970316072113173,0.996948901494037,0.997060247742229,0.9958507574765069,0.9973760150197689,0.996450756632394
6,5,1.2929959681383363,0.66216,5000,1.708623554971483,0.6638655462184874,833,1.7296159693989128,0.6379,0.9985979817361114,0.08333274253348373,,,0.96,,0.9600139182880506,0.039986081711949395,0.9982633953523179,0.09985094500973345,5,0.001,0.1,0.9962703320495118,0.9969505256622849,0.9970003939844636,0.997064104199599,0.9969687824617801,1.0,0.9963319830690552,0.9970761217748398,0.9971522545934295,0.9969915070656703,0.9968217790418425,0.9967155329762971
6,6,1.2903449119276302,0.65432,5000,1.7329167657428317,0.6338535414165666,833,1.7296159693989128,0.6379,0.9982093529719215,0.08329397400055023,,,0.96,,0.9600139182880506,0.039986081711949395,0.9982633953523179,0.09985094500973345,5,0.001,0.1,0.9961610616666206,0.9964096370902676,0.9967709236957143,0.9967631590715041,0.9970316072113173,0.9963319830690552,1.0,0.9959825822319488,0.9961188370706564,0.996548827531295,0.9969211220135731,0.9956490535861673
6,7,1.2975991395628377,0.66004,5000,1.7300786751287955,0.631452581032413,833,1.7296159693989128,0.6379,0.9986072900268363,0.08335011010995844,,,0.96,,0.9600139182880506,0.039986081711949395,0.9982633953523179,0.09985094500973345,5,0.001,0.1,0.9967611838260696,0.996839140056932,0.9962861072560032,0.9973311311010933,0.996948901494037,0.9970761217748398,0.9959825822319488,1.0,0.9973390085803056,0.9967586377198144,0.9972404800729072,0.9968903386952145
6,8,1.3045009230352511,0.66536,5000,1.7442685851344355,0.6242496998799519,833,1.7296159693989128,0.6379,0.9986740945557281,0.08333993847294387,,,0.96,,0.9600139182880506,0.039986081711949395,0.9982633953523179,0.09985094500973345,5,0.001,0.1,0.9967167411632826,0.9966916872651307,0.9967763857153177,0.9974230510645457,0.997060247742229,0.9971522545934295,0.9961188370706564,0.9973390085803056,1.0,0.9966922171950194,0.9973500710836594,0.9969342363829679
6,9,1.3103608247580802,0.65184,5000,1.706117727138378,0.6626650660264105,833,1.7296159693989128,0.6379,0.998303281726545,0.08331783919323786,,,0.96,,0.9600139182880506,0.039986081711949395,0.9982633953523179,0.09985094500973345,5,0.001,0.1,0.996740405037554,0.9964099647947883,0.9967366951984786,0.9965299810701055,0.9958507574765069,0.9969915070656703,0.996548827531295,0.9967586377198144,0.9966922171950194,1.0,0.996595850349875,0.9959580609620282
6,10,1.3158102248884311,0.65032,5000,1.729433779363279,0.6266506602641057,833,1.7296159693989128,0.6379,0.9987606919128884,0.08335965249527058,,,0.96,,0.9600139182880506,0.039986081711949395,0.9982633953523179,0.09985094500973345,5,0.001,0.1,0.9971004680275201,0.9967535082709957,0.9967619789895529,0.9974049384633736,0.9973760150197689,0.9968217790418425,0.9969211220135731,0.9972404800729072,0.9973500710836594,0.996595850349875,1.0,0.9969657948669739
6,11,1.305231235665121,0.6694,5000,1.750275726671572,0.6062424969987995,833,1.7296159693989128,0.6379,0.9983376575307842,0.0833170534017822,,,0.96,,0.9600139182880506,0.039986081711949395,0.9982633953523179,0.09985094500973345,5,0.001,0.1,0.9961998864463142,0.9967357165449453,0.9963421272018457,0.9973824876606618,0.996450756632394,0.9967155329762971,0.9956490535861673,0.9968903386952145,0.9969342363829679,0.9959580609620282,0.9969657948669739,1.0
7,0,1.2188178150517166,0.65752,5000,1.614202821696246,0.6330935251798561,834,1.6005079788140977,0.6503,0.9979510280305721,0.08331861035326064,,,0.96,,0.9600139182880506,0.039986081711949395,0.9984642348178822,0.09981783146882704,5,0.001,0.1,1.0,0.9956651447655659,0.9953331821513276,0.996470313645839,0.9959587281013146,0.995536752304213,0.9952953319923008,0.9961460844931679,0.9959643620029375,0.9959125836146544,0.9962497050627349,0.995090078237214
7,1,1.219800846667806,0.6594,5000,1.6088414280502885,0.6306954436450839,834,1.6005079788140977,0.6503,0.9982510128154635,0.08334319800789476,,,0.96,,0.9600139182880506,0.039986081711949395,0.9984642348178822,0.09981783146882704,5,0.001,0.1,0.9956651447655659,1.0,0.9961421019179922,0.9969556072557948,0.9961330704549669,0.9961278874016549,0.996007278942466,0.9962386645809974,0.9961879295275499,0.9954435814993414,0.9962332140846916,0.9960800605101571
