round,client_id,client_i_training_loss,client_i_training_accuracy,client_i_training_dataset_size,client_i_evaluation_loss,client_i_evaluation_accuracy,client_i_evaluation_dataset_size,client_i_central_evaluation_loss,client_i_central_evaluation_accuracy,client_i_cosine_similarity,client_i_importance_coefficient,client_i_tanh_val,tanh_normalization_value,client_i_q,client_i_mask_order,client_i_v_nonzero_fraction,client_i_v_sparsity,client_i_v_cosine_similarity,client_i_reward_gradient_norm,local_epochs,learning_rate,gamma,client_0_cosine_similarity,client_1_cosine_similarity,client_2_cosine_similarity,client_3_cosine_similarity,client_4_cosine_similarity,client_5_cosine_similarity,client_6_cosine_similarity,client_7_cosine_similarity,client_8_cosine_similarity,client_9_cosine_similarity,client_10_cosine_similarity,client_11_cosine_similarity
0,0,0.33788622737429136,0.89496,5000,2.1896359567289,0.4460431654676259,834,2.191683261158367,0.4385,0.7992789106000051,0.0839978165782618,,,0.9057922381414227,,0.905812961196727,0.09418703880327295,0,0.3964580783016105,5,0.1,0.5,1.0,0.608228090408584,0.5998669374451331,0.5896580605832341,0.599326278058411,0.6023656306164497,0.612956820240787,0.593733731804691,0.5993105038715586,0.597362438276372,0.6024612451288129,0.600246730284482
0,1,0.3548365236728624,0.88808,5000,2.1890631781684027,0.4628297362110312,834,2.191727437912085,0.4388,0.7890757264493877,0.08292554358390189,,,0.8234836146911493,,0.82349781637468,0.17650218362532,0,0.3963513588140638,5,0.1,0.5,0.608228090408584,1.0,0.6018048509045825,0.5863865322325351,0.5899183531165705,0.5866514439759684,0.6011544529114305,0.5801799864984433,0.5873501462741766,0.5923885172791055,0.5776240384317367,0.5967419355932352
0,2,0.352108882600145,0.88896,5000,2.1920515254691795,0.42326139088729015,834,2.1916806225578624,0.4385,0.8012008732108179,0.08419979946647804,,,0.9212966232905735,,0.9213141910546659,0.07868580894533406,0,0.3964662981584995,5,0.1,0.5,0.5998669374451331,0.6018048509045825,1.0,0.6014691233980732,0.6093281426699291,0.6054590371610957,0.6166054953207033,0.5916090482829849,0.6090721412204502,0.597056302723504,0.5913220412019571,0.6002117282340351
0,3,0.3494469181937017,0.89148,5000,2.194551450234872,0.45323741007194246,834,2.191755802105791,0.4387,0.7859583408390642,0.08259793130585105,,,0.7983358064617072,,0.7983484764821043,0.20165152351789573,0,0.3962861431937787,5,0.1,0.5,0.5896580605832341,0.5863865322325351,0.6014691233980732,1.0,0.5885505090180024,0.595498482958922,0.605532889447406,0.5679658632379022,0.5946573953058558,0.5810912029329478,0.5830769111126537,0.5848779780524626
0,4,0.3399721247399119,0.89236,5000,2.1928931960353144,0.4597839135654262,833,2.191696031405903,0.4383,0.7945068661852154,0.08349631290271013,,,0.8672963724364852,,0.8673108779679735,0.13268912203202654,0,0.3964249819460181,5,0.1,0.5,0.599326278058411,0.5899183531165705,0.6093281426699291,0.5885505090180024,1.0,0.5978117725382749,0.6125112655365917,0.5837685571735983,0.5976680557118755,0.5958214719747069,0.5925965482465698,0.5928072524657632
0,5,0.34092405661347375,0.89432,5000,2.1911701449641474,0.4297719087635054,833,2.1916970193576506,0.4383,0.7950235495741514,0.08355061219167836,,,0.8714644338842806,,0.8714773354751267,0.12852266452487326,0,0.39642963920490504,5,0.1,0.5,0.6023656306164497,0.5866514439759684,0.6054590371610957,0.595498482958922,0.5978117725382749,1.0,0.6139694891316406,0.5911643606146354,0.6093908290868346,0.588381344265874,0.58708091407101,0.5872513902218739
0,6,0.34001222579579826,0.89436,5000,2.195464434447112,0.43937575030012005,833,2.1916987484636397,0.4383,0.8072382663746117,0.08483428116849433,,,0.969999999923239,,0.9700015059484965,0.029998494051503455,0,0.3964773124752355,5,0.1,0.5,0.612956820240787,0.6011544529114305,0.6166054953207033,0.605532889447406,0.6125112655365917,0.6139694891316406,1.0,0.5883769964229715,0.6193435406760022,0.6008056470316125,0.6042677400507295,0.605729152995083
0,7,0.34492111541805376,0.89252,5000,2.195109994323165,0.4429771908763505,833,2.19179930626013,0.4393,0.779966512598912,0.08196823811263651,,,0.75,,0.750002509914161,0.24999749008583905,0,0.39609670939166364,5,0.1,0.5,0.593733731804691,0.5801799864984433,0.5916090482829849,0.5679658632379022,0.5837685571735983,0.5911643606146354,0.5883769964229715,1.0,0.5915885642916463,0.5819824285138976,0.5725584476980177,0.5788218855294156
0,8,0.3440376983528399,0.89252,5000,2.1930688133946172,0.42737094837935174,833,2.1916810369339235,0.4383,0.7985257534333854,0.08391866578784643,,,0.8997165534619076,,0.8997239094422971,0.10027609055770292,0,0.3964540401686984,5,0.1,0.5,0.5993105038715586,0.5873501462741766,0.6090721412204502,0.5946573953058558,0.5976680557118755,0.6093908290868346,0.6193435406760022,0.5915885642916463,1.0,0.5948773038788678,0.5986841354873814,0.5964072017638543
0,9,0.34670583509668046,0.89256,5000,2.1931401005497686,0.43337334933973587,833,2.191738882003882,0.4387,0.7886947711091906,0.08288550822657416,,,0.8204104652522302,,0.8204307012700166,0.1795692987299834,0,0.3963444380028027,5,0.1,0.5,0.597362438276372,0.5923885172791055,0.597056302723504,0.5810912029329478,0.5958214719747069,0.588381344265874,0.6008056470316125,0.5819824285138976,0.5948773038788678,1.0,0.5852092925779497,0.5898274270184996
0,10,0.3497020736680764,0.89116,5000,2.185847847550004,0.4345738295318127,833,2.1917531886420694,0.4388,0.7860025247104833,0.08260257467711725,,,0.798692235747066,,0.7986998644646353,0.20130013553536474,0,0.39628737811735254,5,0.1,0.5,0.6024612451288129,0.5776240384317367,0.5913220412019571,0.5830769111126537,0.5925965482465698,0.58708091407101,0.6042677400507295,0.5725584476980177,0.5986841354873814,0.5852092925779497,1.0,0.5843040655743571
0,11,0.34870399538380137,0.88992,5000,2.1978522406684027,0.4141656662665066,833,2.1917190513671776,0.4386,0.7900003678841809,0.08302271599845004,,,0.8309426551788491,,0.8309572812609809,0.1690427187390191,0,0.39636738628992346,5,0.1,0.5,0.600246730284482,0.5967419355932352,0.6002117282340351,0.5848779780524626,0.5928072524657632,0.5872513902218739,0.605729152995083,0.5788218855294156,0.5964072017638543,0.5898274270184996,0.5843040655743571,1.0
1,0,0.3000609896863532,0.91064,5000,2.0402066354398376,0.7517985611510791,834,2.0402420210762147,0.7486,0.8113637029168849,0.08378724869557654,,,0.8871294001982275,,0.8871442196676874,0.11285578033231258,0.9609384305668319,0.40545805484186453,5,0.1,0.5,1.0,0.6145175493792232,0.6257692726061453,0.6203698442762894,0.6291672345686404,0.6309955666385298,0.6416465063954755,0.6173915493693644,0.6394483904890252,0.6214568552325902,0.6238074719898946,0.6277945082587097
1,1,0.3144963535616637,0.90184,5000,2.0338826267807573,0.7769784172661871,834,2.040424401005998,0.7478,0.8033898974624772,0.08280062692973814,,,0.7963646821713227,,0.7963756839516088,0.20362431604839115,0.9605392818701045,0.4052693849458242,5,0.1,0.5,0.6145175493792232,1.0,0.6220797502147151,0.6140077740234785,0.6255584981743265,0.6274014854102468,0.6323213900266302,0.6163348045020743,0.6263916632083839,0.6125213131498637,0.6069550453268969,0.621658488730726
1,2,0.3085886394166073,0.905,5000,2.042633220001503,0.7458033573141487,834,2.0402308717703286,0.7485,0.8098994720554902,0.08386985680779635,,,0.8947289710489627,,0.8947392199186788,0.10526078008132123,0.9609750002741463,0.40546464257667825,5,0.1,0.5,0.6257692726061453,0.6220797502147151,1.0,0.618408689250524,0.6268474586497452,0.6337474834310012,0.6284252838065907,0.6226397526254376,0.6301206676550655,0.6270114137026767,0.6162301069522226,0.626292694940116
1,3,0.3193084241383395,0.90056,5000,2.039485971132914,0.7302158273381295,834,2.040487775787378,0.7478,0.8061925572159446,0.08268152457401136,,,0.7854078067929504,,0.7854224185532854,0.21457758144671457,0.9604264562624222,0.40522810863585434,5,0.1,0.5,0.6203698442762894,0.6140077740234785,0.618408689250524,1.0,0.6273126890614323,0.631133243463361,0.6333016161266001,0.6152406899017832,0.6196911244946919,0.6219299362219156,0.6231975508165829,0.6241390379432903
1,4,0.30027315721544584,0.90692,5000,2.03945200531571,0.7490996398559424,833,2.040294238553641,0.7486,0.8141383339175442,0.08355217673528004,,,0.8655038483088339,,0.8655288389137091,0.13447116108629087,0.9608502895053712,0.4054327639986813,5,0.1,0.5,0.6291672345686404,0.6255584981743265,0.6268474586497452,0.6273126890614323,1.0,0.6263428274619415,0.6394045474477916,0.6313727205840604,0.6327615056698639,0.6242152843946605,0.62893043594443,0.6301866376613371
1,5,0.2971639303763391,0.91068,5000,2.043861954300492,0.7454981992797118,833,2.0402867401750706,0.7484,0.817545018665548,0.08370665498168567,,,0.8797151448378366,,0.8797249134079614,0.12027508659203856,0.9608793759068879,0.4054505208495409,5,0.1,0.5,0.6309955666385298,0.6274014854102468,0.6337474834310012,0.631133243463361,0.6263428274619415,1.0,0.6438790755809299,0.6301172646482165,0.6328623147616041,0.6338476206949898,0.6304627656051188,0.6341544067080975
1,6,0.2917876185220518,0.912,5000,2.0445836429242736,0.7599039615846338,833,2.0401970132852134,0.748,0.8213524330614446,0.08468806058811733,,,0.9699999999080046,,0.9700015059484965,0.029998494051503455,0.9610905014423616,0.40549082733850106,5,0.1,0.5,0.6416465063954755,0.6323213900266302,0.6284252838065907,0.6333016161266001,0.6394045474477916,0.6438790755809299,1.0,0.63356450624599,0.6376792579788003,0.631033685287484,0.6270682231931863,0.6381680239985446
1,7,0.3054959830833943,0.90688,5000,2.0431591228202537,0.7503001200480192,833,2.0407085334911894,0.7474,0.8070984130482637,0.08229663809364825,,,0.75,,0.750002509914161,0.24999749008583905,0.9599223496998972,0.4050544524824722,5,0.1,0.5,0.6173915493693644,0.6163348045020743,0.6226397526254376,0.6152406899017832,0.6313727205840604,0.6301172646482165,0.63356450624599,1.0,0.6271860333264945,0.6231738879244727,0.621427786487609,0.6219175234864737
1,8,0.3018158609053464,0.90864,5000,2.0424404320893466,0.7298919567827131,833,2.040228243072193,0.7485,0.8147989041277937,0.0838544691718034,,,0.8933133784780716,,0.893323628331911,0.10667637166808897,0.9609532761825116,0.4054634467066553,5,0.1,0.5,0.6394483904890252,0.6263916632083839,0.6301206676550655,0.6196911244946919,0.6327615056698639,0.6328623147616041,0.6376792579788003,0.6271860333264945,1.0,0.6252925831215668,0.628752631014545,0.6262367305595206
1,9,0.30831232948916826,0.90532,5000,2.0450025267071195,0.7478991596638656,833,2.0404394411812192,0.7478,0.8078885552565978,0.08293072815203538,,,0.8083334032817174,,0.8083479744992721,0.1916520255007279,0.9605980908043871,0.40530890444281314,5,0.1,0.5,0.6214568552325902,0.6125213131498637,0.6270114137026767,0.6219299362219156,0.6242152843946605,0.6338476206949898,0.631033685287484,0.6231738879244727,0.6252925831215668,1.0,0.6233026372051937,0.6201585227539888
1,10,0.3096393325487686,0.90516,5000,2.0330767145863287,0.7599039615846338,833,2.0404787372095514,0.7478,0.8066545737160937,0.08270067578767726,,,0.787169631403399,,0.7871843782942624,0.21281562170573765,0.9604406456844345,0.40523551080499554,5,0.1,0.5,0.6238074719898946,0.6069550453268969,0.6162301069522226,0.6231975508165829,0.62893043594443,0.6304627656051188,0.6270682231931863,0.621427786487609,0.628752631014545,0.6233026372051937,1.0,0.6231859151554294
1,11,0.30763755309970897,0.90304,5000,2.0444527908607766,0.7274909963985594,833,2.0403938982814265,0.748,0.8110454454161943,0.08313133948263023,,,0.8267887338703047,,0.8268058832387932,0.17319411676120677,0.96067798520595,0.4053598628157428,5,0.1,0.5,0.6277945082587097,0.621658488730726,0.626292694940116,0.6241390379432903,0.6301866376613371,0.6341544067080975,0.6381680239985446,0.6219175234864737,0.6262367305595206,0.6201585227539888,0.6231859151554294,1.0
2,0,0.2657670995873061,0.91932,5000,1.8507640714998599,0.8573141486810552,834,1.848278597520944,0.8663,0.8142559764870273,0.08366614881547477,,,0.8832010690878122,,0.8832136940916621,0.11678630590833794,0.9687798641850259,0.40662336079171535,5,0.1,0.5,1.0,0.6204200321939113,0.6393504217369277,0.6258109906519179,0.6347497879103619,0.6349579261716762,0.6358994372669131,0.6292077425712469,0.6312051675769711,0.6324469364065272,0.631153280251199,0.6296486958312977
2,1,0.27960939874670876,0.9164,5000,1.837032057620861,0.8896882494004796,834,1.8488111994898737,0.8662,0.804721886482796,0.08268283190656563,,,0.7673450335149273,,0.7673560564228703,0.2326439435771297,0.9678766795994639,0.4062612243577204,5,0.1,0.5,0.6204200321939113,1.0,0.6270014251145035,0.623512817934678,0.6260516466106815,0.6269870393361177,0.6270851412159428,0.6153169086269495,0.6231125292255794,0.6226565618435858,0.6164904950207011,0.6276346775046909
2,2,0.2794699343597623,0.91756,5000,1.8529417779710557,0.8669064748201439,834,1.8482413333825791,0.8663,0.8195606017586392,0.08390517002816862,,,0.9113629463723734,,0.9113799508056825,0.08862004919431754,0.9688361354304122,0.4066486969102476,5,0.1,0.5,0.6393504217369277,0.6270014251145035,1.0,0.6317855103102109,0.6358945934105654,0.6442819476542841,0.6454969705001307,0.6305390369787247,0.6385298476657629,0.6377296883462285,0.6258853595255507,0.6396397986201162
2,3,0.27790977306913134,0.91552,5000,1.8430302805370755,0.8501199040767387,834,1.8488986941572196,0.8661,0.810008957794608,0.08278798342408934,,,0.7797341604020925,,0.779744992721249,0.22025500727875102,0.9679403644689127,0.40632748543204017,5,0.1,0.5,0.6258109906519179,0.623512817934678,0.6317855103102109,1.0,0.6261773709458811,0.6352193616159095,0.6345845524624915,0.6245397266121023,0.6222948367242773,0.6300894555106706,0.626477226670766,0.6279304052261526
2,4,0.26621824785248394,0.9172,5000,1.8451485942911219,0.8727490996398559,833,1.848360476402429,0.8661,0.8148795258695919,0.08353253068713698,,,0.8674579587134992,,0.8674715124742733,0.13252848752572666,0.9686710587973606,0.40660175130625786,5,0.1,0.5,0.6347497879103619,0.6260516466106815,0.6358945934105654,0.6261773709458811,1.0,0.6322821507416883,0.6372482632074311,0.6349050949444021,0.6270759210950159,0.6375713356995586,0.6238788346354284,0.6362650399634782
2,5,0.26323825583858473,0.92156,5000,1.856240162143001,0.8535414165666266,833,1.8483335903277411,0.8663,0.8200833184647638,0.08381552661733577,,,0.9008010104387714,,0.900823251844787,0.09917674815521305,0.9687857146337695,0.40664101523019014,5,0.1,0.5,0.6349579261716762,0.6269870393361177,0.6442819476542841,0.6352193616159095,0.6322821507416883,1.0,0.6451700327046781,0.6345145606096779,0.6439222259483259,0.6374660899672835,0.6291413500095122,0.6380912185707566
2,6,0.2647578546148577,0.9226,5000,1.8539513702745791,0.8823529411764706,833,1.8481518174893559,0.8661,0.8183277539352727,0.08440284635482428,,,0.9699999998821783,,0.9700015059484965,0.029998494051503455,0.9689055931997258,0.40666650915130126,5,0.1,0.5,0.6358994372669131,0.6270851412159428,0.6454969705001307,0.6345845524624915,0.6372482632074311,0.6451700327046781,1.0,0.6368358268936061,0.632307201301966,0.6254959131636034,0.6320579701027189,0.6285518505670561
2,7,0.2764536745626788,0.91704,5000,1.8504172872613978,0.8691476590636255,833,1.8492916932882972,0.8656,0.8100638347369497,0.08253561761033594,,,0.75,,0.750002509914161,0.24999749008583905,0.9674215672091472,0.4061544918414679,5,0.1,0.5,0.6292077425712469,0.6153169086269495,0.6305390369787247,0.6245397266121023,0.6349050949444021,0.6345145606096779,0.6368358268936061,1.0,0.6211369199176319,0.6251597028133148,0.6299378676685271,0.6284903878655341
2,8,0.27406750104989214,0.91832,5000,1.8524528741836548,0.8643457382953181,833,1.8482675716138115,0.866,0.8119499378040316,0.0836303748164391,,,0.8789861169525357,,0.8789970383012901,0.12100296169870994,0.9687714327548571,0.4066179919399166,5,0.1,0.5,0.6312051675769711,0.6231125292255794,0.6385298476657629,0.6222948367242773,0.6270759210950159,0.6439222259483259,0.632307201301966,0.6211369199176319,1.0,0.6283445803484615,0.6282303120034072,0.6257679942526961
2,9,0.2724250686479507,0.91732,5000,1.857982255794384,0.8547418967587035,833,1.848773019382367,0.8662,0.8129230791717483,0.08305394545464176,,,0.811070249707117,,0.8110888007630139,0.18891119923698607,0.9681959832202293,0.406461791979025,5,0.1,0.5,0.6324469364065272,0.6226565618435858,0.6377296883462285,0.6300894555106706,0.6375713356995586,0.6374660899672835,0.6254959131636034,0.6251597028133148,0.6283445803484615,1.0,0.6242448164787046,0.6345496769463573
2,10,0.27494108529678385,0.91772,5000,1.8400341007444594,0.8727490996398559,833,1.8488873513742758,0.8661,0.8088544524465212,0.08276049244992703,,,0.7764951280498316,,0.7765072034536419,0.22349279654635812,0.9679234233697399,0.4063102659272868,5,0.1,0.5,0.631153280251199,0.6164904950207011,0.6258853595255507,0.626477226670766,0.6238788346354284,0.6291413500095122,0.6320579701027189,0.6299378676685271,0.6282303120034072,0.6242448164787046,1.0,0.6296151171365296
2,11,0.27757704310937764,0.91304,5000,1.849351136772721,0.8595438175270108,833,1.8486120723687802,0.8661,0.8140749971613231,0.08322653183506086,,,0.8314046644294397,,0.8314241252949149,0.16857587470508506,0.968417746576287,0.4065255570746969,5,0.1,0.5,0.6296486958312977,0.6276346775046909,0.6396397986201162,0.6279304052261526,0.6362650399634782,0.6380912185707566,0.6285518505670561,0.6284903878655341,0.6257679942526961,0.6345496769463573,0.6296151171365296,1.0
3,0,0.240732956703776,0.92928,5000,1.6297213148187708,0.894484412470024,834,1.6243784644733221,0.9093,0.8075241924704265,0.08358608449329506,,,0.8756990528458511,,0.8757140705787863,0.12428592942121375,0.97063656461051,0.4032559342904133,5,0.1,0.5,1.0,0.6238158230497661,0.6243330867071777,0.6131858923087862,0.6178734978867705,0.6206481564930594,0.6186599142961935,0.6203730504105022,0.6165810656788988,0.6180945154448725,0.6198228822418305,0.6214273704985659
3,1,0.25277647116002006,0.9242,5000,1.6076541167718392,0.9220623501199041,834,1.625321244660277,0.9092,0.8063734937234456,0.08289451260811487,,,0.7768623707759024,,0.7768786707494604,0.22312132925053962,0.969660487038875,0.40294418131506016,5,0.1,0.5,0.6238158230497661,1.0,0.6194779485643137,0.6180819617456429,0.6230954491240026,0.6195316715550154,0.6239053753360251,0.6134612042889378,0.6214110292085067,0.6131907502469852,0.6134974840511628,0.6184923190490976
3,2,0.2547375797525428,0.92456,5000,1.6317356118449458,0.907673860911271,834,1.6242675766015586,0.9093,0.8077801135917573,0.08375335994702594,,,0.8996053902675896,,0.8996184930475378,0.10038150695246217,0.9706999498380177,0.4032817541215028,5,0.1,0.5,0.6243330867071777,0.6194779485643137,1.0,0.6122639685078188,0.6129810809220709,0.6266533253335697,0.6248852890087518,0.6190511597408453,0.621129471078375,0.6210096643775664,0.6115367025621089,0.6226759118365762
3,3,0.25828486607961687,0.92212,5000,1.6148467108055398,0.9016786570743405,834,1.625396263865998,0.909,0.7999265585293498,0.08273938072703413,,,0.7546915440869385,,0.7547010692234326,0.2452989307765674,0.9695527467698807,0.4028090446267256,5,0.1,0.5,0.6131858923087862,0.6180819617456429,0.6122639685078188,1.0,0.6150622378795654,0.6185311059100725,0.6208807030000855,0.6089632842664154,0.6030352622699243,0.6149258238034179,0.6111867456316881,0.6091157918871687
3,4,0.24544910970292275,0.92668,5000,1.6183096921002422,0.9087635054021609,833,1.6244901011165338,0.9091,0.8069867566410903,0.08347882272973374,,,0.8603696314934921,,0.860383514883791,0.13961648511620905,0.9705365853335083,0.40323166874127686,5,0.1,0.5,0.6178734978867705,0.6230954491240026,0.6129810809220709,0.6150622378795654,1.0,0.6242705974259672,0.6224101380953267,0.6177574992776428,0.624032147430183,0.6190036041436948,0.6110988708424856,0.622549167997323
3,5,0.24315060409509642,0.9282,5000,1.6367653520018965,0.9087635054021609,833,1.6243867957934786,0.9094,0.8108691204500746,0.08380168007586242,,,0.906511109418022,,0.9065307966467547,0.09346920335324527,0.970689913182951,0.40328710803831097,5,0.1,0.5,0.6206481564930594,0.6195316715550154,0.6266533253335697,0.6185311059100725,0.6242705974259672,1.0,0.6296236905035647,0.6172490393119776,0.6291162376198064,0.6264547380225146,0.6151429595992416,0.6190384192847294
3,6,0.24195690134919848,0.92932,5000,1.6312277758563007,0.9183673469387755,833,1.6240996522263598,0.9095,0.8124504658033799,0.08424591930697974,,,0.969999999857084,,0.9700015059484965,0.029998494051503455,0.9707773565034649,0.40330752544315185,5,0.1,0.5,0.6186599142961935,0.6239053753360251,0.6248852890087518,0.6208807030000855,0.6224101380953267,0.6296236905035647,1.0,0.6210367679759319,0.6239032150659418,0.63010293150574,0.6211313718474358,0.6226035350802711
3,7,0.25083582598632975,0.92392,5000,1.6261107480084454,0.9087635054021609,833,1.6258780902947862,0.9092,0.8037800491003128,0.08270655344144887,,,0.75,,0.750002509914161,0.24999749008583905,0.9693718823747084,0.40277501227242507,5,0.1,0.5,0.6203730504105022,0.6134612042889378,0.6190511597408453,0.6089632842664154,0.6177574992776428,0.6172490393119776,0.6210367679759319,1.0,0.6174095812320073,0.6149818335827258,0.6142119996206696,0.6190911987176743
3,8,0.2507255894766682,0.92432,5000,1.6308300186086584,0.9171668667466987,833,1.6243934513280949,0.9091,0.8063611989446137,0.08352183234235357,,,0.8665163929503288,,0.8665328045780835,0.13346719542191654,0.9706073712677686,0.40324262111479964,5,0.1,0.5,0.6165810656788988,0.6214110292085067,0.621129471078375,0.6030352622699243,0.624032147430183,0.6291162376198064,0.6239032150659418,0.6174095812320073,1.0,0.6182748108376779,0.6099825216605643,0.6185540951467402
3,9,0.2458835390372688,0.92748,5000,1.6394467530427155,0.9003601440576231,833,1.62513420338067,0.909,0.8080699009968322,0.08319952698747743,,,0.8204538034032789,,0.8204758797249134,0.17952412027508657,0.9701348476005566,0.4031309552440892,5,0.1,0.5,0.6180945154448725,0.6131907502469852,0.6210096643775664,0.6149258238034179,0.6190036041436948,0.6264547380225146,0.63010293150574,0.6149818335827258,0.6182748108376779,1.0,0.6211077765431875,0.6254810372930533
3,10,0.2471547182068039,0.92792,5000,1.6146345403459337,0.9135654261704682,833,1.6253799405722573,0.9091,0.8018180552268304,0.08278712155550214,,,0.7615144719504952,,0.7615330555694996,0.23846694443050043,0.9696186831864712,0.4028547298087258,5,0.1,0.5,0.6198228822418305,0.6134974840511628,0.6115367025621089,0.6111867456316881,0.6110988708424856,0.6151429595992416,0.6211313718474358,0.6142119996206696,0.6099825216605643,0.6211077765431875,1.0,0.6149725614330466
3,11,0.25435304285922816,0.92136,5000,1.6231348602860063,0.9087635054021609,833,1.624879340013376,0.909,0.8072479581038812,0.08328520578517214,,,0.8326986737766324,,0.8327142211736359,0.16728577882636408,0.9703297787451722,0.4031683729108161,5,0.1,0.5,0.6214273704985659,0.6184923190490976,0.6226759118365762,0.6091157918871687,0.622549167997323,0.6190384192847294,0.6226035350802711,0.6190911987176743,0.6185540951467402,0.6254810372930533,0.6149725614330466,1.0
4,0,0.22270110479443317,0.93336,5000,1.388749572965834,0.9268585131894485,834,1.380152162652427,0.9311,0.7964859374323445,0.08348313015571054,,,0.8622778131368629,,0.8622960694744239,0.13770393052557606,0.9700550076078223,0.39844493055496866,5,0.1,0.5,1.0,0.598815545472545,0.6001517326532165,0.5987280360712849,0.6144629138849365,0.5991154707061302,0.6118513093788829,0.5983488961275152,0.6022340570394612,0.5995445210283104,0.5996125846750192,0.593603201126565
4,1,0.2354463552979005,0.92936,5000,1.3582037157482572,0.9412470023980816,834,1.381570997710426,0.9314,0.7878552873522029,0.0827209669446129,,,0.756474033784495,,0.7564881281060187,0.24351187189398127,0.9690602484290294,0.3980191503944619,5,0.1,0.5,0.598815545472545,1.0,0.5934234339820575,0.5953060223307306,0.6008120308636922,0.5900264938798471,0.6056645604607489,0.5829698484455168,0.5957667254661627,0.5959051775084919,0.5882205158473377,0.5903094358660957
4,2,0.23768839371289796,0.9292,5000,1.3897503437819305,0.9256594724220624,834,1.3800351410247267,0.9312,0.7983428193152864,0.08365940433398569,,,0.8867482598760644,,0.8867627127152251,0.11323728728477489,0.9701635230434303,0.3984779016926181,5,0.1,0.5,0.6001517326532165,0.5934234339820575,1.0,0.6027952964200478,0.6050705341124272,0.6057464001570312,0.6116390639293409,0.5996029909219219,0.6043673105019579,0.6087759791266729,0.6029945884969777,0.5988848682365058
4,3,0.2344450791591814,0.92868,5000,1.3661217866120514,0.9280575539568345,834,1.381491621462301,0.9313,0.7952201040695444,0.08287561242633629,,,0.7779419768547701,,0.7779529140103408,0.22204708598965917,0.9689868404618819,0.3981509127969463,5,0.1,0.5,0.5987280360712849,0.5953060223307306,0.6027952964200478,1.0,0.6039077126394133,0.6062663603810683,0.611542856659198,0.5919946103047745,0.5934015010042776,0.6014402277596478,0.6015060496911724,0.6014918064563399
4,4,0.225378061212884,0.93028,5000,1.3714866373274062,0.9315726290516206,833,1.3802804402269113,0.9311,0.8032265656686454,0.08364776522661839,,,0.8851325146789495,,0.8851513478239045,0.11484865217609552,0.9700521823895468,0.39847633182139164,5,0.1,0.5,0.6144629138849365,0.6008120308636922,0.6050705341124272,0.6039077126394133,1.0,0.6042600752767758,0.6194065926317897,0.6011627286166658,0.605724724569165,0.6110424636872203,0.6061853586210627,0.6093940223629609
4,5,0.22335698710351137,0.9326,5000,1.3967232792465776,0.9231692677070829,833,1.3801601020672831,0.9311,0.7987434088670193,0.08370556967477515,,,0.8931569495890981,,0.8931730334822549,0.10682696651774515,0.9701957273177252,0.3984839075225215,5,0.1,0.5,0.5991154707061302,0.5900264938798471,0.6057464001570312,0.6062663603810683,0.6042600752767758,1.0,0.6116157722004464,0.5968554344572227,0.6091219570477968,0.6079425212711874,0.6033531807315003,0.6027348044055766
4,6,0.22101137250851674,0.93528,5000,1.3880373151214034,0.943577430972389,833,1.3797880913883733,0.9313,0.8061143293599256,0.0842591127174188,,,0.9699999998611796,,0.9700015059484965,0.029998494051503455,0.9702880324908313,0.39851398912563735,5,0.1,0.5,0.6118513093788829,0.6056645604607489,0.6116390639293409,0.611542856659198,0.6194065926317897,0.6116157722004464,1.0,0.5958105026242707,0.6119872195860148,0.6092237000968281,0.6086067690934732,0.6081682404242473
4,7,0.22554966012122715,0.9308,5000,1.3816863077658195,0.9387755102040817,833,1.3822631017087748,0.9313,0.7900943941191204,0.08267433089429269,,,0.75,,0.750002509914161,0.24999749008583905,0.9687195484951998,0.39797401884152056,5,0.1,0.5,0.5983488961275152,0.5829698484455168,0.5996029909219219,0.5919946103047745,0.6011627286166658,0.5968554344572227,0.5958105026242707,1.0,0.59707564469625,0.5963445739583195,0.60041361092888,0.5990954776258617
4,8,0.2301045587381265,0.93,5000,1.3885911217442266,0.9327731092436975,833,1.380173636320681,0.9311,0.7968223268914044,0.08345216817847526,,,0.8579796599853907,,0.8579940766025802,0.1420059233974198,0.9700263996109897,0.39843703568021277,5,0.1,0.5,0.6022340570394612,0.5957667254661627,0.6043673105019579,0.5934015010042776,0.605724724569165,0.6091219570477968,0.6119872195860148,0.59707564469625,1.0,0.5967006916756641,0.6025669243958787,0.6009372406086442
4,9,0.23084226155988755,0.93096,5000,1.4000757667753432,0.9243697478991597,833,1.3810195621971886,0.9312,0.7983644440370072,0.08329176814657019,,,0.8357128681267869,,0.8357311379950806,0.1642688620049194,0.9697731439051688,0.39838612692092756,5,0.1,0.5,0.5995445210283104,0.5959051775084919,0.6087759791266729,0.6014402277596478,0.6110424636872203,0.6079425212711874,0.6092237000968281,0.5963445739583195,0.5967006916756641,1.0,0.6022888307120824,0.6070523001084196
4,10,0.22595777901803044,0.93236,5000,1.3698477281464472,0.9315726290516206,833,1.381382093261987,0.9313,0.7965140472084691,0.08295266781744157,,,0.7886388347976666,,0.7886501681642488,0.21134983183575118,0.9691312937326071,0.3982070714747462,5,0.1,0.5,0.5996125846750192,0.5882205158473377,0.6029945884969777,0.6015060496911724,0.6061853586210627,0.6033531807315003,0.6086067690934732,0.60041361092888,0.6025669243958787,0.6022888307120824,1.0,0.6048289560882281
4,11,0.23277153427338904,0.9268,5000,1.378381888071696,0.929171668667467,833,1.3807270424053693,0.9314,0.7963290894439718,0.08327750348376241,,,0.8337326423506348,,0.8337483058079413,0.16625169419205865,0.9698145629372628,0.39838056678475453,5,0.1,0.5,0.593603201126565,0.5903094358660957,0.5988848682365058,0.6014918064563399,0.6093940223629609,0.6027348044055766,0.6081682404242473,0.5990954776258617,0.6009372406086442,0.6070523001084196,0.6048289560882281,1.0
5,0,0.20704451767953147,0.9388,5000,1.1447664278524894,0.9364508393285371,834,1.1326396351043408,0.9399,0.7810031789001555,0.0833197787749283,,,0.8539549625189551,,0.8539681742884393,0.1460318257115607,0.9689395019440653,0.3920329027107971,5,0.1,0.5,1.0,0.5696266769486723,0.5775434173627152,0.570258947984051,0.5840019248198227,0.5830906926998155,0.5814218239307005,0.576704783355408,0.574138652576648,0.5733659220605334,0.5833190164316404,0.5756434467122317
5,1,0.2172750712651166,0.934,5000,1.1066997625209667,0.9484412470023981,834,1.1346286337215679,0.9402,0.7730789661228074,0.0825311595330839,,,0.75,,0.750002509914161,0.24999749008583905,0.9677057199920962,0.391580182448548,5,0.1,0.5,0.5696266769486723,1.0,0.5679064058054303,0.5711510711914468,0.5806061412170235,0.5646979006281709,0.5801142226216399,0.5631354249860377,0.5710608639481299,0.5693842850331297,0.5690417049564775,0.5717311519045521
5,2,0.2177314648019138,0.93332,5000,1.1426483436867043,0.9364508393285371,834,1.1324244130152863,0.9399,0.7837804541186499,0.08353541796171264,,,0.8823802942764666,,0.882395462075197,0.11760453792480297,0.9690643360112446,0.3920799435184057,5,0.1,0.5,0.5775434173627152,0.5679064058054303,1.0,0.5789891602848399,0.5766492006087135,0.5806193302230153,0.587732291312675,0.5756870493279477,0.5817374552632041,0.5791532324146749,0.5815272343342762,0.5868012127455344
5,3,0.21819678558389638,0.9334,5000,1.115921281002186,0.9376498800959233,834,1.1341138160266815,0.9402,0.7811874872698786,0.08291998280645156,,,0.8012542766708293,,0.8012750363937553,0.1987249636062447,0.9682105785822266,0.391872450747766,5,0.1,0.5,0.570258947984051,0.5711510711914468,0.5789891602848399,1.0,0.5828961313644547,0.5825970649501001,0.583446054824626,0.5738199545899308,0.5730995257263416,0.5777003425309476,0.579097857536441,0.5808811332738977
5,4,0.19976806054381166,0.9382,5000,1.1224575484240498,0.9375750300120048,833,1.1326543104153473,0.9399,0.7900924595061063,0.08374980332100965,,,0.9106403478077629,,0.9106621153556549,0.08933788464434511,0.9691287915840129,0.39210640059840424,5,0.1,0.5,0.5840019248198227,0.5806061412170235,0.5766492006087135,0.5828961313644547,1.0,0.5868131707088317,0.5932199172621416,0.5820664567788707,0.5862210122136955,0.5835389715467317,0.5871515920613506,0.5907321696034106
5,5,0.20375116804116375,0.93892,5000,1.1512523977844804,0.936374549819928,833,1.1325472797067782,0.9399,0.787351396818239,0.08369198103432049,,,0.9030182745351485,,0.9030369961347322,0.0969630038652678,0.9691272422220468,0.3921007474072193,5,0.1,0.5,0.5830906926998155,0.5646979006281709,0.5806193302230153,0.5825970649501001,0.5868131707088317,1.0,0.5914656772210282,0.5842854199472364,0.5875403398571368,0.579408610600579,0.5792447897364719,0.5879135271660104
5,6,0.2049888223813028,0.93884,5000,1.1401832236184015,0.9519807923169268,833,1.132063540216452,0.9401,0.791270586297291,0.08420011528947867,,,0.969999999868181,,0.9700015059484965,0.029998494051503455,0.9692228806015025,0.392125507193631,5,0.1,0.5,0.5814218239307005,0.5801142226216399,0.587732291312675,0.583446054824626,0.5932199172621416,0.5914656772210282,1.0,0.5832962006685952,0.5854552987673619,0.5788227960606797,0.5888816042180872,0.5880984703221954
5,7,0.21123318932001378,0.93636,5000,1.1327739865691573,0.9471788715486195,833,1.1350031872146047,0.9402,0.7818047913293362,0.08280710166319671,,,0.7863744025902653,,0.7863862255910847,0.21361377440891527,0.9678940573200011,0.3918026427830824,5,0.1,0.5,0.576704783355408,0.5631354249860377,0.5756870493279477,0.5738199545899308,0.5820664567788707,0.5842854199472364,0.5832962006685952,1.0,0.5770852166981553,0.5759177847494702,0.5846483889461077,0.5840900139590915
5,8,0.2085222515686872,0.9364,5000,1.1426260118131284,0.9387755102040817,833,1.1326088754894634,0.9399,0.7848245979377256,0.08343357845651403,,,0.8689559173602874,,0.868967421314191,0.13103257868580898,0.9689616805908159,0.3920607357944325,5,0.1,0.5,0.574138652576648,0.5710608639481299,0.5817374552632041,0.5730995257263416,0.5862210122136955,0.5875403398571368,0.5854552987673619,0.5770852166981553,1.0,0.5813212127887647,0.5818481930263701,0.5856729072918363
5,9,0.2164518741929346,0.93548,5000,1.1565838787290785,0.9351740696278511,833,1.133507187564533,0.9401,0.7819952072255115,0.08322672090112951,,,0.8416881710566746,,0.8417047336981075,0.1582952663018925,0.9688065809227698,0.39200525943880027,5,0.1,0.5,0.5733659220605334,0.5693842850331297,0.5791532324146749,0.5777003425309476,0.5835389715467317,0.579408610600579,0.5788227960606797,0.5759177847494702,0.5813212127887647,1.0,0.5763291181826845,0.5845261439768883
5,10,0.21088683150922227,0.93876,5000,1.121901763810052,0.9375750300120048,833,1.1338618230134154,0.9402,0.785796467898594,0.08313374061285954,,,0.8294316068375459,,0.8294412931077757,0.1705587068922243,0.9684382488035401,0.3919721468074461,5,0.1,0.5,0.5833190164316404,0.5690417049564775,0.5815272343342762,0.579097857536441,0.5871515920613506,0.5792447897364719,0.5888816042180872,0.5846483889461077,0.5818481930263701,0.5763291181826845,1.0,0.5857991633009033
5,11,0.21094490462724286,0.9354,5000,1.1306087838278875,0.936374549819928,833,1.1331670465179906,0.94,0.7886273811651545,0.08345061964531485,,,0.8712022690203411,,0.8712213242307113,0.1287786757692887,0.9688654239141674,0.3920644589591841,5,0.1,0.5,0.5756434467122317,0.5717311519045521,0.5868012127455344,0.5808811332738977,0.5907321696034106,0.5879135271660104,0.5880984703221954,0.5840900139590915,0.5856729072918363,0.5845261439768883,0.5857991633009033,1.0
6,0,0.19154793237911383,0.9424,5000,0.9127533833185831,0.9460431654676259,834,0.8983068759448993,0.9468,0.7661854151935115,0.08317189260691701,,,0.8313211594411841,,0.8313387882134431,0.1686612117865569,0.9670034663498597,0.38510479010930176,5,0.1,0.5,1.0,0.5452752905793374,0.555635676930333,0.5513410721883031,0.5577685840001754,0.5518716903450354,0.5640703657616062,0.5566331019887745,0.5592485631035741,0.5491816340453068,0.5520481346657824,0.5409956871389459
6,1,0.20264147177077593,0.93788,5000,0.8696431076085126,0.9532374100719424,834,0.9006810293030053,0.9467,0.764121401288682,0.082568342827711,,,0.75,,0.750002509914161,0.24999749008583905,0.965862137934096,0.3847010597608331,5,0.1,0.5,0.5452752905793374,1.0,0.5537187898569358,0.5538403017206467,0.5589796380088475,0.5554139008045608,0.5598588142329068,0.5448252090517177,0.5548560462397988,0.5461009637716303,0.5459662816794078,0.550392340261495
6,2,0.20258816287075732,0.93912,5000,0.9077180513629207,0.9400479616306955,834,0.8979186646092814,0.9468,0.7701557847300444,0.08345751023501001,,,0.8698047402055061,,0.8698157723005874,0.13018422769941262,0.9672374783861313,0.3851894071238059,5,0.1,0.5,0.555635676930333,0.5537187898569358,1.0,0.557675243243023,0.5534178317336114,0.5620407566366251,0.5662050146289268,0.5598981898332273,0.5585376770236048,0.5540409152839788,0.5506783224706758,0.5478649791319418
6,3,0.20408359200984336,0.93852,5000,0.8800718320740594,0.9460431654676259,834,0.899812186107087,0.9469,0.7704615179290164,0.08305435250501289,,,0.8154840276966365,,0.8155012298579388,0.18449877014206117,0.9666195897947525,0.38505266060215676,5,0.1,0.5,0.5513410721883031,0.5538403017206467,0.557675243243023,1.0,0.5637184632753055,0.565775113123449,0.5594194696119309,0.5573468317595438,0.5525696354597225,0.5556198434124432,0.5530326464220698,0.5554597912435157
6,4,0.19042666778087047,0.94196,5000,0.8876330565523218,0.9423769507803121,833,0.8981142914333282,0.9468,0.7745387601471478,0.08375689211840436,,,0.9101428907808264,,0.9101651523517895,0.08983484764821048,0.967353601353001,0.38523376806724996,5,0.1,0.5,0.5577685840001754,0.5589796380088475,0.5534178317336114,0.5637184632753055,1.0,0.5601780657248185,0.5710246914547322,0.5583130756492246,0.5607146393888706,0.5592624817632736,0.557454007557331,0.5582927428427208
6,5,0.1931722380237203,0.94224,5000,0.9175663502128036,0.9507803121248499,833,0.8980128986005205,0.9468,0.7757435287931569,0.08376065002196999,,,0.9106492236228786,,0.9106671351839767,0.08933286481602332,0.9673474494683875,0.3852340924687096,5,0.1,0.5,0.5518716903450354,0.5554139008045608,0.5620407566366251,0.565775113123449,0.5601780657248185,1.0,0.5715178801280144,0.5580209112558651,0.5693415581394726,0.5582419167241779,0.553670449527659,0.5644141571885488
6,6,0.18848432242680507,0.94444,5000,0.9040466017193265,0.9543817527010804,833,0.897511351032379,0.9467,0.7785309912351638,0.08420113990360656,,,0.9699999998652619,,0.9700015059484965,0.029998494051503455,0.96741952673842,0.3852518034025943,5,0.1,0.5,0.5640703657616062,0.5598588142329068,0.5662050146289268,0.5594194696119309,0.5710246914547322,0.5715178801280144,1.0,0.5604164599812793,0.5666191906388566,0.559288804407504,0.5588776769294939,0.55634089757018
6,7,0.19956579220949844,0.93996,5000,0.8959896520332054,0.9543817527010804,833,0.9007108937056301,0.9466,0.7704400746373137,0.08297766213682424,,,0.8051509120631974,,0.8051754429998494,0.19482455700015056,0.9664867989852937,0.38501309280748697,5,0.1,0.5,0.5566331019887745,0.5448252090517177,0.5598981898332273,0.5573468317595438,0.5583130756492246,0.5580209112558651,0.5604164599812793,1.0,0.5614645081614469,0.5548196283172744,0.5547003669465432,0.5597064839293636
6,8,0.19579910906802886,0.94144,5000,0.9086108141475253,0.9447779111644657,833,0.8980559209665171,0.9468,0.7737790137853133,0.08351728107435383,,,0.8778581504190037,,0.8778725967571909,0.12212740324280913,0.9672254694889989,0.3852013860526189,5,0.1,0.5,0.5592485631035741,0.5548560462397988,0.5585376770236048,0.5525696354597225,0.5607146393888706,0.5693415581394726,0.5666191906388566,0.5614645081614469,1.0,0.5576574527378808,0.5519741233572008,0.5606836975582596
6,9,0.19601936488216565,0.94144,5000,0.9256018996238708,0.9399759903961584,833,0.8991264666612155,0.9468,0.7679945738258193,0.08317334623720182,,,0.8315170188453826,,0.8315345615179961,0.1684654384820039,0.9669621073834429,0.3851057507480063,5,0.1,0.5,0.5491816340453068,0.5461009637716303,0.5540409152839788,0.5556198434124432,0.5592624817632736,0.5582419167241779,0.559288804407504,0.5548196283172744,0.5576574527378808,1.0,0.551032474339378,0.5560694033020032
6,10,0.19284519711983905,0.9428,5000,0.8881941250077,0.9447779111644657,833,0.8996189491817365,0.9468,0.7657391043406423,0.08303095030074197,,,0.8123308588108908,,0.8123487776718036,0.18765122232819642,0.9667858873173332,0.3850411781274765,5,0.1,0.5,0.5520481346657824,0.5459662816794078,0.5506783224706758,0.5530326464220698,0.557454007557331,0.553670449527659,0.5588776769294939,0.5547003669465432,0.5519741233572008,0.551032474339378,1.0,0.5515676525876057
6,11,0.2023706807108347,0.93844,5000,0.8966158330440521,0.9459783913565426,833,0.8986667442245605,0.9468,0.7681647531365412,0.08332998003224623,,,0.8526215611044169,,0.8526379197831434,0.1473620802168566,0.967147977530314,0.38515786487668513,5,0.1,0.5,0.5409956871389459,0.550392340261495,0.5478649791319418,0.5554597912435157,0.5582927428427208,0.5644141571885488,0.55634089757018,0.5597064839293636,0.5606836975582596,0.5560694033020032,0.5515676525876057,1.0
7,0,0.17361616898256882,0.94948,5000,0.7101343605253432,0.9508393285371702,834,0.6936559008714109,0.9517,0.7572183871747237,0.08323826782971686,,,0.8495124872516523,,0.8495256262235832,0.15047437377641681,0.9647414622422223,0.3783052336642268,5,0.1,0.5,1.0,0.5251147501322634,0.5317464978185094,0.5277670354373472,0.5378420959259488,0.5377436246031465,0.5412986336349478,0.5370912944451052,0.5370392925727112,0.5359835354365051,0.5332397540396624,0.532953966978291
