round,client_id,client_i_training_loss,client_i_training_accuracy,client_i_training_dataset_size,client_i_evaluation_loss,client_i_evaluation_accuracy,client_i_evaluation_dataset_size,client_i_central_evaluation_loss,client_i_central_evaluation_accuracy,client_i_cosine_similarity,client_i_importance_coefficient,client_i_tanh_val,tanh_normalization_value,client_i_q,client_i_mask_order,client_i_v_nonzero_fraction,client_i_v_sparsity,client_i_v_cosine_similarity,client_i_reward_gradient_norm,local_epochs,learning_rate,gamma,client_0_cosine_similarity,client_1_cosine_similarity,client_2_cosine_similarity,client_3_cosine_similarity,client_4_cosine_similarity,client_5_cosine_similarity,client_6_cosine_similarity,client_7_cosine_similarity,client_8_cosine_similarity,client_9_cosine_similarity,client_10_cosine_similarity,client_11_cosine_similarity
0,0,2.237088192800048,0.26276,5000,2.265442203592371,0.19304556354916066,834,2.269379421544913,0.1815,0.9936070984802661,0.08317526916500066,,,0.95,,0.95001498149061,0.04998501850938997,0,0.09954940340976708,5,0.001,0.1,1.0,0.9907369994403459,0.9875175642327905,0.9891426947365843,0.9915147127025956,0.9920579317258058,0.9864614023243947,0.9834484505038591,0.9881726257459309,0.9883729194884237,0.9885138173508418,0.983635529455536
0,1,2.23613700897071,0.244,5000,2.27234176353172,0.1618705035971223,834,2.269379421544913,0.1815,0.9965495028382342,0.08342157907446145,,,0.95,,0.95001498149061,0.04998501850938997,0,0.09954940340976708,5,0.001,0.1,0.9907369994403459,1.0,0.9899649678456056,0.9893490212753273,0.9939449554539749,0.9938908676985366,0.9898820011492373,0.9903115498050779,0.991550963490367,0.9930492128147885,0.9934871800267345,0.9885567249775411
0,2,2.2334201411836467,0.24392,5000,2.2641263802846274,0.2014388489208633,834,2.269379421544913,0.1815,0.9959093412939559,0.08336799088166787,,,0.95,,0.95001498149061,0.04998501850938997,0,0.09954940340976708,5,0.001,0.1,0.9875175642327905,0.9899649678456056,1.0,0.9911366941027657,0.9910475096631285,0.9885508115323095,0.9936585490093476,0.987501842900108,0.9919639173168293,0.9938975689550283,0.991888273417705,0.9899494122979674
0,3,2.2354280632772263,0.24684,5000,2.270470301310221,0.17146282973621102,834,2.269379421544913,0.1815,0.9953484762627476,0.08332104063341848,,,0.95,,0.95001498149061,0.04998501850938997,0,0.09954940340976708,5,0.001,0.1,0.9891426947365843,0.9893490212753273,0.9911366941027657,1.0,0.9904992573031133,0.9917954208842048,0.9916967088121096,0.9851357351362111,0.9923883794993139,0.9894615824838281,0.9886269019753887,0.9911446524371922
0,4,2.2383969887047055,0.2566,5000,2.2681872756392867,0.19567827130852342,833,2.269379421544913,0.1815,0.9968423448619802,0.08344609300374511,,,0.95,,0.95001498149061,0.04998501850938997,0,0.09954940340976708,5,0.001,0.1,0.9915147127025956,0.9939449554539749,0.9910475096631285,0.9904992573031133,1.0,0.9940959656565747,0.9912655838928661,0.9905244777537491,0.9925690038118584,0.9919513822391945,0.9937700678518858,0.9870398022138586
0,5,2.23438761006495,0.2724,5000,2.271457221772936,0.1836734693877551,833,2.269379421544913,0.1815,0.9961959910474852,0.08339198645340075,,,0.95,,0.95001498149061,0.04998501850938997,0,0.09954940340976708,5,0.001,0.1,0.9920579317258058,0.9938908676985366,0.9885508115323095,0.9917954208842048,0.9940959656565747,1.0,0.9907203758984148,0.9890411872015682,0.9891405254900634,0.9914493822427655,0.9903702653597077,0.9893886778811601
0,6,2.2354950109105203,0.2634,5000,2.2651128239101834,0.17406962785114047,833,2.269379421544913,0.1815,0.9959523300929446,0.0833715894921573,,,0.95,,0.95001498149061,0.04998501850938997,0,0.09954940340976708,5,0.001,0.1,0.9864614023243947,0.9898820011492373,0.9936585490093476,0.9916967088121096,0.9912655838928661,0.9907203758984148,1.0,0.9903471302111141,0.990326906630887,0.9922155667045907,0.9896745720445831,0.9913418561556429
0,7,2.234553974601114,0.2542,5000,2.266373837435687,0.16566626650660263,833,2.269379421544913,0.1815,0.9934659578626948,0.08316345422439227,,,0.95,,0.95001498149061,0.04998501850938997,0,0.09954940340976708,5,0.001,0.1,0.9834484505038591,0.9903115498050779,0.987501842900108,0.9851357351362111,0.9905244777537491,0.9890411872015682,0.9903471302111141,1.0,0.9868638482819139,0.9892907848518875,0.9897087776688261,0.9857148043266748
0,8,2.2373370914702204,0.2306,5000,2.267496524033723,0.20048019207683074,833,2.269379421544913,0.1815,0.9957983559770651,0.08335870025399433,,,0.95,,0.95001498149061,0.04998501850938997,0,0.09954940340976708,5,0.001,0.1,0.9881726257459309,0.991550963490367,0.9919639173168293,0.9923883794993139,0.9925690038118584,0.9891405254900634,0.990326906630887,0.9868638482819139,1.0,0.993116703800675,0.991437576421633,0.9882208363727516
0,9,2.2353350982544526,0.244,5000,2.2689860573521368,0.17647058823529413,833,2.269379421544913,0.1815,0.9963856366149826,0.08340786176381938,,,0.95,,0.95001498149061,0.04998501850938997,0,0.09954940340976708,5,0.001,0.1,0.9883729194884237,0.9930492128147885,0.9938975689550283,0.9894615824838281,0.9919513822391945,0.9914493822427655,0.9922155667045907,0.9892907848518875,0.993116703800675,1.0,0.9916846746846569,0.9882771295245527
0,10,2.2329744396695665,0.254,5000,2.2748550750591137,0.17046818727490998,833,2.269379421544913,0.1815,0.9960281709751894,0.08337793816438807,,,0.95,,0.95001498149061,0.04998501850938997,0,0.09954940340976708,5,0.001,0.1,0.9885138173508418,0.9934871800267345,0.991888273417705,0.9886269019753887,0.9937700678518858,0.9903702653597077,0.9896745720445831,0.9897087776688261,0.991437576421633,0.9916846746846569,1.0,0.989334536300825
0,11,2.230779415786646,0.22344,5000,2.2693044344584146,0.1836734693877551,833,2.269379421544913,0.1815,0.9938606836866964,0.08319649688955431,,,0.95,,0.95001498149061,0.04998501850938997,0,0.09954940340976708,5,0.001,0.1,0.983635529455536,0.9885567249775411,0.9899494122979674,0.9911446524371922,0.9870398022138586,0.9893886778811601,0.9913418561556429,0.9857148043266748,0.9882208363727516,0.9882771295245527,0.989334536300825,1.0
1,0,2.13398916721344,0.38128,5000,2.216008009733977,0.2146282973621103,834,2.220821239696905,0.1984,0.9966252720694339,0.08319880368198658,,,0.95,,0.95001498149061,0.04998501850938997,0.9457091512050386,0.0997787940385844,5,0.001,0.1,1.0,0.9946132133772541,0.9933471814525754,0.9944302698779305,0.9949704933960014,0.9958801657985376,0.9939100758181769,0.9934055632610846,0.9930753723323815,0.9931995063934708,0.9939919931999611,0.9922453401353434
1,1,2.1308441399009364,0.36664,5000,2.226370996899075,0.17625899280575538,834,2.220821239696905,0.1984,0.9983407542177974,0.08340528268102981,,,0.95,,0.95001498149061,0.04998501850938997,0.9457091512050386,0.0997787940385844,5,0.001,0.1,0.9946132133772541,1.0,0.9946696928307667,0.9944108473497867,0.9965644531775102,0.9967247977754525,0.9953501795813121,0.9970561304936151,0.995079319456908,0.9964773425591945,0.9971461301368574,0.9955050213072797
1,2,2.1265593891690493,0.35564,5000,2.214582981886687,0.21342925659472423,834,2.220821239696905,0.1984,0.997787389032192,0.08335454438759729,,,0.95,,0.95001498149061,0.04998501850938997,0.9457091512050386,0.0997787940385844,5,0.001,0.1,0.9933471814525754,0.9946696928307667,1.0,0.9956683196214611,0.9950108308134349,0.9936322883475999,0.9967070134369891,0.9945962145570852,0.9958514198544058,0.9963364104855807,0.9958076932614532,0.9953445578929727
1,3,2.1319590169153395,0.3792,5000,2.2216128949765808,0.1906474820143885,834,2.220821239696905,0.1984,0.9974587411935132,0.083315133153392,,,0.95,,0.95001498149061,0.04998501850938997,0.9457091512050386,0.0997787940385844,5,0.001,0.1,0.9944302698779305,0.9944108473497867,0.9956683196214611,1.0,0.994883379342219,0.9950904118404569,0.9956205426745582,0.9935165708751988,0.9952534256492304,0.994424152229988,0.9942271382628421,0.9955167437089648
1,4,2.1347003866912453,0.37256,5000,2.2197473314073353,0.21728691476590636,833,2.220821239696905,0.1984,0.9982654714828645,0.08341788966246946,,,0.95,,0.95001498149061,0.04998501850938997,0.9457091512050386,0.0997787940385844,5,0.001,0.1,0.9949704933960014,0.9965644531775102,0.9950108308134349,0.994883379342219,1.0,0.9965479227557891,0.9957134359186914,0.9969249973122195,0.9954510990710861,0.9956681815507135,0.9968840499996211,0.9940745762885717
1,5,2.126077974981563,0.38428,5000,2.2205440998077393,0.20048019207683074,833,2.220821239696905,0.1984,0.9978962329245312,0.08337277805056918,,,0.95,,0.95001498149061,0.04998501850938997,0.9457091512050386,0.0997787940385844,5,0.001,0.1,0.9958801657985376,0.9967247977754525,0.9936322883475999,0.9950904118404569,0.9965479227557891,1.0,0.9954878293352286,0.9964260928121994,0.9936833541344622,0.9950465654309376,0.994981688852164,0.9947779902638175
1,6,2.12958224943489,0.38648,5000,2.2143130479035555,0.19567827130852342,833,2.220821239696905,0.1984,0.9981365238245485,0.08336802393749515,,,0.95,,0.95001498149061,0.04998501850938997,0.9457091512050386,0.0997787940385844,5,0.001,0.1,0.9939100758181769,0.9953501795813121,0.9967070134369891,0.9956205426745582,0.9957134359186914,0.9954878293352286,1.0,0.9966373052515805,0.994952603109641,0.9959764024701463,0.9949976281981407,0.9958028458085156
1,7,2.1270557449122145,0.3812,5000,2.215387132432726,0.17767106842737096,833,2.220821239696905,0.1984,0.9980038497829716,0.08323606440737723,,,0.95,,0.95001498149061,0.04998501850938997,0.9457091512050386,0.0997787940385844,5,0.001,0.1,0.9934055632610846,0.9970561304936151,0.9945962145570852,0.9935165708751988,0.9969249973122195,0.9964260928121994,0.9966373052515805,1.0,0.9945643176752498,0.9957565411659353,0.9965006083507255,0.9941837060153659
1,8,2.136475499724127,0.3632,5000,2.2204860846201577,0.21368547418967587,833,2.220821239696905,0.1984,0.9975070967571347,0.08333979582220905,,,0.95,,0.95001498149061,0.04998501850938997,0.9457091512050386,0.0997787940385844,5,0.001,0.1,0.9930753723323815,0.995079319456908,0.9958514198544058,0.9952534256492304,0.9954510990710861,0.9936833541344622,0.994952603109641,0.9945643176752498,1.0,0.9955965378407347,0.9955419912849953,0.994565196084217
1,9,2.129025536585765,0.35496,5000,2.2226004423918546,0.18847539015606243,833,2.220821239696905,0.1984,0.9979633650515386,0.08338468382227295,,,0.95,,0.95001498149061,0.04998501850938997,0.9457091512050386,0.0997787940385844,5,0.001,0.1,0.9931995063934708,0.9964773425591945,0.9963364104855807,0.994424152229988,0.9956681815507135,0.9950465654309376,0.9959764024701463,0.9957565411659353,0.9955965378407347,1.0,0.9954771502328295,0.9951164414195242
1,10,2.1266920719936393,0.34792,5000,2.226740801775897,0.18607442977190877,833,2.220821239696905,0.1984,0.9980932062039277,0.08337051985285994,,,0.95,,0.95001498149061,0.04998501850938997,0.9457091512050386,0.0997787940385844,5,0.001,0.1,0.9939919931999611,0.9971461301368574,0.9958076932614532,0.9942271382628421,0.9968840499996211,0.994981688852164,0.9949976281981407,0.9965006083507255,0.9955419912849953,0.9954771502328295,1.0,0.9950767374806576
1,11,2.122634917307811,0.34772,5000,2.2196208106146917,0.2064825930372149,833,2.220821239696905,0.1984,0.9973889282378444,0.08323648054074138,,,0.95,,0.95001498149061,0.04998501850938997,0.9457091512050386,0.0997787940385844,5,0.001,0.1,0.9922453401353434,0.9955050213072797,0.9953445578929727,0.9955167437089648,0.9940745762885717,0.9947779902638175,0.9958028458085156,0.9941837060153659,0.994565196084217,0.9951164414195242,0.9950767374806576,1.0
2,0,1.9856559627375026,0.44572,5000,2.154468677662037,0.31414868105515587,834,2.1603062282355068,0.2947,0.9980444518715693,0.08323288524861039,,,0.95,,0.95001498149061,0.04998501850938997,0.9825706300113425,0.09986003052543431,5,0.001,0.1,1.0,0.9967355630715943,0.9957993346521523,0.996345279498412,0.9969551485357055,0.9975660713760476,0.9961990505723903,0.9958460280719897,0.9961667344272724,0.9960676730319683,0.9967174501986357,0.9953796360251485
2,1,1.9795324030955126,0.45904,5000,2.16832032027068,0.2793764988009592,834,2.1603062282355068,0.2947,0.9990067641292584,0.08339056463998289,,,0.95,,0.95001498149061,0.04998501850938997,0.9825706300113425,0.09986003052543431,5,0.001,0.1,0.9967355630715943,1.0,0.9966877475512349,0.9966016837829218,0.9974815670972723,0.9978623533296355,0.9973907013178225,0.9980490411337422,0.9974711090505934,0.9977397196050058,0.9980220781254185,0.9972616091492333
2,2,1.9740069204075321,0.44236,5000,2.1530742292050964,0.30335731414868106,834,2.1603062282355068,0.2947,0.9982678064510604,0.08333559985704429,,,0.95,,0.95001498149061,0.04998501850938997,0.9825706300113425,0.09986003052543431,5,0.001,0.1,0.9957993346521523,0.9966877475512349,1.0,0.9968376345308281,0.9961245022696288,0.9953440688513037,0.9973779247371377,0.9962537022070107,0.9971393774969097,0.9973396936856299,0.9969205589853873,0.9966246035901067
2,3,1.981757406672095,0.44656,5000,2.161064271573667,0.3009592326139089,834,2.1603062282355068,0.2947,0.9982912703379169,0.0833121888021292,,,0.95,,0.95001498149061,0.04998501850938997,0.9825706300113425,0.09986003052543431,5,0.001,0.1,0.996345279498412,0.9966016837829218,0.9968376345308281,1.0,0.9961928774827926,0.9966599667266524,0.9967354974479846,0.996086009175899,0.9973732072329866,0.9963657471975519,0.9964011541709389,0.9971345016142441
2,4,1.9848002054129437,0.4516,5000,2.1590397181334318,0.29411764705882354,833,2.1603062282355068,0.2947,0.9987189407797669,0.08338900603108967,,,0.95,,0.95001498149061,0.04998501850938997,0.9825706300113425,0.09986003052543431,5,0.001,0.1,0.9969551485357055,0.9974815670972723,0.9961245022696288,0.9961928774827926,1.0,0.9974719775230019,0.9971815689997444,0.9978663845579762,0.997240785107413,0.9970737979888751,0.998082689488894,0.9961820603225973
2,5,1.9713002873074477,0.45684,5000,2.1579978554337114,0.29411764705882354,833,2.1603062282355068,0.2947,0.9985636930180373,0.08335633128620881,,,0.95,,0.95001498149061,0.04998501850938997,0.9825706300113425,0.09986003052543431,5,0.001,0.1,0.9975660713760476,0.9978623533296355,0.9953440688513037,0.9966599667266524,0.9974719775230019,1.0,0.9968288608772906,0.9972948275639929,0.9965330891785332,0.9967970023629418,0.9970398229924614,0.9965979323963654
2,6,1.9780437925059324,0.46832,5000,2.151828712887234,0.297719087635054,833,2.1603062282355068,0.2947,0.9988140026129124,0.08336149477512436,,,0.95,,0.95001498149061,0.04998501850938997,0.9825706300113425,0.09986003052543431,5,0.001,0.1,0.9961990505723903,0.9973907013178225,0.9973779247371377,0.9967354974479846,0.9971815689997444,0.9968288608772906,1.0,0.9978042864118951,0.9972118593229026,0.9976662503223532,0.9971373783821966,0.9974612479766064
2,7,1.9726769331913845,0.47964,5000,2.1521045278619835,0.28331332533013204,833,2.1603062282355068,0.2947,0.9987090014733538,0.0832771835479903,,,0.95,,0.95001498149061,0.04998501850938997,0.9825706300113425,0.09986003052543431,5,0.001,0.1,0.9958460280719897,0.9980490411337422,0.9962537022070107,0.996086009175899,0.9978663845579762,0.9972948275639929,0.9978042864118951,1.0,0.9970647785597653,0.9970750823372123,0.9978009189390389,0.9965959580079369
2,8,1.986535677029069,0.44128,5000,2.1618010026437267,0.29411764705882354,833,2.1603062282355068,0.2947,0.9987582607648973,0.08334238519630018,,,0.95,,0.95001498149061,0.04998501850938997,0.9825706300113425,0.09986003052543431,5,0.001,0.1,0.9961667344272724,0.9974711090505934,0.9971393774969097,0.9973732072329866,0.997240785107413,0.9965330891785332,0.9972118593229026,0.9970647785597653,1.0,0.9976119986557211,0.9974193785193035,0.9970940631212537
2,9,1.977873533242827,0.43704,5000,2.1642043237332946,0.28691476590636256,833,2.1603062282355068,0.2947,0.9987389197122305,0.08336928786475697,,,0.95,,0.95001498149061,0.04998501850938997,0.9825706300113425,0.09986003052543431,5,0.001,0.1,0.9960676730319683,0.9977397196050058,0.9973396936856299,0.9963657471975519,0.9970737979888751,0.9967970023629418,0.9976662503223532,0.9970750823372123,0.9976119986557211,1.0,0.9972703405665125,0.9970852810494151
2,10,1.9738031054757963,0.42188,5000,2.1668362617492676,0.2809123649459784,833,2.1603062282355068,0.2947,0.9988722869773605,0.08336490651865405,,,0.95,,0.95001498149061,0.04998501850938997,0.9825706300113425,0.09986003052543431,5,0.001,0.1,0.9967174501986357,0.9980220781254185,0.9969205589853873,0.9964011541709389,0.998082689488894,0.9970398229924614,0.9971373783821966,0.9978009189390389,0.9974193785193035,0.9972703405665125,1.0,0.9968800736471773
2,11,1.9688916305068191,0.45672,5000,2.1581883165571423,0.30732292917166865,833,2.1603062282355068,0.2947,0.9984217095739281,0.08326816623210898,,,0.95,,0.95001498149061,0.04998501850938997,0.9825706300113425,0.09986003052543431,5,0.001,0.1,0.9953796360251485,0.9972616091492333,0.9966246035901067,0.9971345016142441,0.9961820603225973,0.9965979323963654,0.9974612479766064,0.9965959580079369,0.9970940631212537,0.9970852810494151,0.9968800736471773,1.0
3,0,1.8218568378193363,0.51212,5000,2.0796796480814614,0.42805755395683454,834,2.0863654171696866,0.4245,0.9983741149295122,0.0832588685499032,,,0.95,,0.95001498149061,0.04998501850938997,0.9924859420036324,0.0998772505032022,5,0.001,0.1,1.0,0.9970689789596489,0.9967271029446377,0.9969247104654202,0.9965901830804282,0.9980347235220874,0.996620404296237,0.9968676321429456,0.9964905435737438,0.9967695280901934,0.9975546456248079,0.9961434773398097
3,1,1.8117916006950816,0.52596,5000,2.0967288458788835,0.39688249400479614,834,2.0863654171696866,0.4245,0.9990788455553278,0.08337830073396457,,,0.95,,0.95001498149061,0.04998501850938997,0.9924859420036324,0.0998772505032022,5,0.001,0.1,0.9970689789596489,1.0,0.9973391122605395,0.9966579371288797,0.9977949628794186,0.9980083562947802,0.9981286977695432,0.9979769839520997,0.9977819261581692,0.9978946677152846,0.9981030972404749,0.9974776202659321
3,2,1.8078989012226179,0.51164,5000,2.078164065325702,0.44004796163069543,834,2.0863654171696866,0.4245,0.9986872193164925,0.08333195752362849,,,0.95,,0.95001498149061,0.04998501850938997,0.9924859420036324,0.0998772505032022,5,0.001,0.1,0.9967271029446377,0.9973391122605395,1.0,0.9972131240375477,0.9960308283611975,0.9968640488312772,0.9976236178393533,0.9973930288308827,0.9975011550990055,0.9978614247211305,0.9977727482942543,0.9972151214714732
3,3,1.815187570243884,0.51764,5000,2.0872872008217707,0.41127098321342925,834,2.0863654171696866,0.4245,0.9983286160736929,0.08330602864975875,,,0.95,,0.95001498149061,0.04998501850938997,0.9924859420036324,0.0998772505032022,5,0.001,0.1,0.9969247104654202,0.9966579371288797,0.9972131240375477,1.0,0.9954228769737489,0.997402731832211,0.9968852495668761,0.9967650145966205,0.996724138788674,0.9968477484568293,0.996995559621838,0.9974068005288401
3,4,1.818950296815034,0.51728,5000,2.084581419273659,0.4525810324129652,833,2.0863654171696866,0.4245,0.9983717189809768,0.08335452362873193,,,0.95,,0.95001498149061,0.04998501850938997,0.9924859420036324,0.0998772505032022,5,0.001,0.1,0.9965901830804282,0.9977949628794186,0.9960308283611975,0.9954228769737489,1.0,0.9971626163808999,0.9975809098275277,0.9972808703019936,0.9972979959293586,0.9969240126894754,0.997460276308911,0.9962105612571912
3,5,1.8030178092847204,0.52416,5000,2.081996458548087,0.42857142857142855,833,2.0863654171696866,0.4245,0.9989494381012589,0.0833531326121115,,,0.95,,0.95001498149061,0.04998501850938997,0.9924859420036324,0.0998772505032022,5,0.001,0.1,0.9980347235220874,0.9980083562947802,0.9968640488312772,0.997402731832211,0.9971626163808999,1.0,0.9973602895606575,0.998038784019464,0.9967832966063847,0.9976821990327964,0.9979845848569973,0.9973627888804029
3,6,1.8104706086930196,0.54628,5000,2.0764915501629866,0.43577430972388953,833,2.0863654171696866,0.4245,0.9989747470974633,0.08335711564230149,,,0.95,,0.95001498149061,0.04998501850938997,0.9924859420036324,0.0998772505032022,5,0.001,0.1,0.996620404296237,0.9981286977695432,0.9976236178393533,0.9968852495668761,0.9975809098275277,0.9973602895606575,1.0,0.9981547770943625,0.99772531751654,0.9976892921831361,0.9976144420715043,0.997602676177284
3,7,1.8040816092946728,0.55644,5000,2.0751067620736583,0.41656662665066024,833,2.0863654171696866,0.4245,0.9989964869777486,0.08330611808176865,,,0.95,,0.95001498149061,0.04998501850938997,0.9924859420036324,0.0998772505032022,5,0.001,0.1,0.9968676321429456,0.9979769839520997,0.9973930288308827,0.9967650145966205,0.9972808703019936,0.998038784019464,0.9981547770943625,1.0,0.9973762060884623,0.9977537916382317,0.9982880152948086,0.9973529458335363
3,8,1.8191146445122495,0.51524,5000,2.0902388095855713,0.4237695078031212,833,2.0863654171696866,0.4245,0.998748077339543,0.08333808235128205,,,0.95,,0.95001498149061,0.04998501850938997,0.9924859420036324,0.0998772505032022,5,0.001,0.1,0.9964905435737438,0.9977819261581692,0.9975011550990055,0.996724138788674,0.9972979959293586,0.9967832966063847,0.99772531751654,0.9973762060884623,1.0,0.9977407833902746,0.9975275522052942,0.9973202372485575
3,9,1.8126911498938396,0.51524,5000,2.0923970098848694,0.4021608643457383,833,2.0863654171696866,0.4245,0.9989604362473213,0.08336143246224458,,,0.95,,0.95001498149061,0.04998501850938997,0.9924859420036324,0.0998772505032022,5,0.001,0.1,0.9967695280901934,0.9978946677152846,0.9978614247211305,0.9968477484568293,0.9969240126894754,0.9976821990327964,0.9976892921831361,0.9977537916382317,0.9977407833902746,1.0,0.997998937530258,0.997651848080771
3,10,1.8073688602751228,0.498,5000,2.0933003778810853,0.40936374549819926,833,2.0863654171696866,0.4245,0.9991344948112758,0.08336436330562498,,,0.95,,0.95001498149061,0.04998501850938997,0.9924859420036324,0.0998772505032022,5,0.001,0.1,0.9975546456248079,0.9981030972404749,0.9977727482942543,0.996995559621838,0.997460276308911,0.9979845848569973,0.9976144420715043,0.9982880152948086,0.9975275522052942,0.997998937530258,1.0,0.9976013894964944
3,11,1.7991896717411697,0.53896,5000,2.0832104329709655,0.4489795918367347,833,2.0863654171696866,0.4245,0.9986707618773271,0.08329007645867989,,,0.95,,0.95001498149061,0.04998501850938997,0.9924859420036324,0.0998772505032022,5,0.001,0.1,0.9961434773398097,0.9974776202659321,0.9972151214714732,0.9974068005288401,0.9962105612571912,0.9973627888804029,0.997602676177284,0.9973529458335363,0.9973202372485575,0.997651848080771,0.9976013894964944,1.0
4,0,1.6639579385708851,0.56292,5000,1.990863764727557,0.49640287769784175,834,1.9983553025669183,0.4953,0.9985828644434158,0.0832750596319018,,,0.95,,0.95001498149061,0.04998501850938997,0.9949648321230293,0.09989733402411702,5,0.001,0.1,1.0,0.9974452002340394,0.9970689336638433,0.9972713547644413,0.9974101225077321,0.9980353482296248,0.9971402506324665,0.997289398564209,0.9974584251364309,0.9970635905341613,0.9976910969982876,0.9968263485374836
4,1,1.6515501420209362,0.57492,5000,2.0110595005529897,0.4448441247002398,834,1.9983553025669183,0.4953,0.9992266755543232,0.08336906544585282,,,0.95,,0.95001498149061,0.04998501850938997,0.9949648321230293,0.09989733402411702,5,0.001,0.1,0.9974452002340394,1.0,0.9980221949691971,0.9972325160292987,0.9981955542534655,0.9983356594833671,0.9982445923267477,0.9981651508656316,0.9981403411534443,0.9983751913890109,0.9984660878349164,0.997791159564165
4,2,1.6495652434172903,0.5668,5000,1.9891755404295746,0.5191846522781774,834,1.9983553025669183,0.4953,0.9988603998544546,0.08332883021460606,,,0.95,,0.95001498149061,0.04998501850938997,0.9949648321230293,0.09989733402411702,5,0.001,0.1,0.9970689336638433,0.9980221949691971,1.0,0.9977070268117003,0.9973862593802126,0.9970620706935336,0.9980926249387994,0.9972554545197619,0.9979820338867024,0.9979499102191871,0.9980511210171773,0.9974465212090068
4,3,1.6554596501550856,0.5684,5000,1.9996113688857466,0.49160671462829736,834,1.9983553025669183,0.4953,0.9986626259659336,0.08330654967062573,,,0.95,,0.95001498149061,0.04998501850938997,0.9949648321230293,0.09989733402411702,5,0.001,0.1,0.9972713547644413,0.9972325160292987,0.9977070268117003,1.0,0.9968654670300501,0.9975421259390145,0.9975733867489298,0.997355117172314,0.9976683096842408,0.9974341259274188,0.9973596459355866,0.9976462963592483
4,4,1.661490215085874,0.56432,5000,1.995729715735824,0.524609843937575,833,1.9983553025669183,0.4953,0.9989922359978588,0.08334692101840001,,,0.95,,0.95001498149061,0.04998501850938997,0.9949648321230293,0.09989733402411702,5,0.001,0.1,0.9974101225077321,0.9981955542534655,0.9973862593802126,0.9968654670300501,1.0,0.9980244944925237,0.9978832134107786,0.9982124002619577,0.9978179172293191,0.9979926612970422,0.9983182348197349,0.9974975304906141
4,5,1.6425288757700829,0.57216,5000,1.9916601092727095,0.5054021608643458,833,1.9983553025669183,0.4953,0.9990469345868511,0.08334783329282934,,,0.95,,0.95001498149061,0.04998501850938997,0.9949648321230293,0.09989733402411702,5,0.001,0.1,0.9980353482296248,0.9983356594833671,0.9970620706935336,0.9975421259390145,0.9980244944925237,1.0,0.9977620250996043,0.9983509606796233,0.9975334738764482,0.9977981675524416,0.9981311462162644,0.9976851540045966
4,6,1.650455780014111,0.5928,5000,1.9874403300108734,0.5198079231692677,833,1.9983553025669183,0.4953,0.9990912251476236,0.08335170477054787,,,0.95,,0.95001498149061,0.04998501850938997,0.9949648321230293,0.09989733402411702,5,0.001,0.1,0.9971402506324665,0.9982445923267477,0.9980926249387994,0.9975733867489298,0.9978832134107786,0.9977620250996043,1.0,0.9981614042531797,0.9979221008822221,0.9979161181360415,0.9980395006413794,0.9980556577035392
4,7,1.6446855583008688,0.6094,5000,1.98377259572347,0.4849939975990396,833,1.9983553025669183,0.4953,0.9990397784054931,0.0833187755481093,,,0.95,,0.95001498149061,0.04998501850938997,0.9949648321230293,0.09989733402411702,5,0.001,0.1,0.997289398564209,0.9981651508656316,0.9972554545197619,0.997355117172314,0.9982124002619577,0.9983509606796233,0.9981614042531797,1.0,0.99781178161342,0.9975998663065156,0.9982824814084699,0.9976909577911268
4,8,1.6590120061187987,0.57068,5000,2.005281161378931,0.4909963985594238,833,1.9983553025669183,0.4953,0.9990509001205046,0.08333873324496936,,,0.95,,0.95001498149061,0.04998501850938997,0.9949648321230293,0.09989733402411702,5,0.001,0.1,0.9974584251364309,0.9981403411534443,0.9979820338867024,0.9976683096842408,0.9978179172293191,0.9975334738764482,0.9979221008822221,0.99781178161342,1.0,0.9980544615979303,0.99809040998705,0.9978288344348999
4,9,1.6544908065704782,0.57032,5000,2.0068594305603593,0.48139255702280914,833,1.9983553025669183,0.4953,0.999039189626047,0.08335267238257678,,,0.95,,0.95001498149061,0.04998501850938997,0.9949648321230293,0.09989733402411702,5,0.001,0.1,0.9970635905341613,0.9983751913890109,0.9979499102191871,0.9974341259274188,0.9979926612970422,0.9977981675524416,0.9979161181360415,0.9975998663065156,0.9980544615979303,1.0,0.9981461876235035,0.9978361332355064
4,10,1.6476327830818809,0.55896,5000,2.0054990185631647,0.4765906362545018,833,1.9983553025669183,0.4953,0.9992246213961795,0.08336045346688903,,,0.95,,0.95001498149061,0.04998501850938997,0.9949648321230293,0.09989733402411702,5,0.001,0.1,0.9976910969982876,0.9984660878349164,0.9980511210171773,0.9973596459355866,0.9983182348197349,0.9981311462162644,0.9980395006413794,0.9982824814084699,0.99809040998705,0.9981461876235035,1.0,0.9978138351384404
4,11,1.6385399561778755,0.59116,5000,1.9940672229837488,0.5078031212484994,833,1.9983553025669183,0.4953,0.9988681572705959,0.08330340131269191,,,0.95,,0.95001498149061,0.04998501850938997,0.9949648321230293,0.09989733402411702,5,0.001,0.1,0.9968263485374836,0.997791159564165,0.9974465212090068,0.9976462963592483,0.9974975304906141,0.9976851540045966,0.9980556577035392,0.9976909577911268,0.9978288344348999,0.9978361332355064,0.9978138351384404,1.0
5,0,1.525151960409371,0.60456,5000,1.8886974696759824,0.5287769784172662,834,1.8970504031775477,0.5283,0.9986688966280561,0.08328905402694668,,,0.95,,0.95001498149061,0.04998501850938997,0.9976391422584491,0.09989335555809231,5,0.001,0.1,1.0,0.99760657187872,0.9973346580693317,0.9971555002478211,0.9973353379033926,0.9981240447928539,0.9972805454073264,0.9974041363195785,0.997484228130936,0.9971456431568657,0.9975733624729329,0.9968071197875803
5,1,1.5111565406914729,0.61416,5000,1.9118082346739593,0.48081534772182255,834,1.8970504031775477,0.5283,0.9991597252480583,0.08336253400203093,,,0.95,,0.95001498149061,0.04998501850938997,0.9976391422584491,0.09989335555809231,5,0.001,0.1,0.99760657187872,1.0,0.9978451701702268,0.9967920387032337,0.9981124600585125,0.9983442486789902,0.998101355336548,0.998120107032668,0.9979585268308433,0.9980739992664852,0.9983311501319411,0.9978460540107891
5,2,1.509554980666774,0.60372,5000,1.8867407463215016,0.552757793764988,834,1.8970504031775477,0.5283,0.9988571831631292,0.08332810006509452,,,0.95,,0.95001498149061,0.04998501850938997,0.9976391422584491,0.09989335555809231,5,0.001,0.1,0.9973346580693317,0.9978451701702268,1.0,0.9974885767055324,0.997293213470883,0.9972529089353427,0.99794736515372,0.9974882463999202,0.9979015046626004,0.9976765061276328,0.9979775830870283,0.9973006511118203
5,3,1.513798230468847,0.60488,5000,1.8989831474092271,0.5155875299760192,834,1.8970504031775477,0.5283,0.9984939288081603,0.08330271588865978,,,0.95,,0.95001498149061,0.04998501850938997,0.9976391422584491,0.09989335555809231,5,0.001,0.1,0.9971555002478211,0.9967920387032337,0.9974885767055324,1.0,0.996728740392981,0.9974909086666499,0.9972161896440206,0.9972855034645451,0.9973854618091973,0.9972180245587946,0.9971817290025781,0.9972108463820089
5,4,1.5214773799963057,0.60436,5000,1.8934151464038425,0.5522208883553421,833,1.8970504031775477,0.5283,0.9989400484895494,0.08334186673402073,,,0.95,,0.95001498149061,0.04998501850938997,0.9976391422584491,0.09989335555809231,5,0.001,0.1,0.9973353379033926,0.9981124600585125,0.997293213470883,0.996728740392981,1.0,0.9979538876969338,0.997698280381318,0.9980250369720177,0.9977861873536751,0.9978556480012051,0.9979942443487021,0.9977158614702235
5,5,1.5029746035102067,0.6192,5000,1.8878625940393519,0.5414165666266506,833,1.8970504031775477,0.5283,0.9990647770601473,0.08334645126439867,,,0.95,,0.95001498149061,0.04998501850938997,0.9976391422584491,0.09989335555809231,5,0.001,0.1,0.9981240447928539,0.9983442486789902,0.9972529089353427,0.9974909086666499,0.9979538876969338,1.0,0.9976532817415673,0.9981164780720481,0.9975202817640817,0.9978457175747248,0.9979859712043683,0.9977070333054997
5,6,1.5107132119737614,0.63208,5000,1.885557315967701,0.553421368547419,833,1.8970504031775477,0.5283,0.9990126186045056,0.08334714185978132,,,0.95,,0.95001498149061,0.04998501850938997,0.9976391422584491,0.09989335555809231,5,0.001,0.1,0.9972805454073264,0.998101355336548,0.99794736515372,0.9972161896440206,0.997698280381318,0.9976532817415673,1.0,0.9981547432017331,0.9976652934284431,0.9977195658799288,0.9979588437380597,0.997973592192343
5,7,1.5048163827057857,0.6418,5000,1.878790506610164,0.5222088835534213,833,1.8970504031775477,0.5283,0.9990350855793984,0.08332767614022055,,,0.95,,0.95001498149061,0.04998501850938997,0.9976391422584491,0.09989335555809231,5,0.001,0.1,0.9974041363195785,0.998120107032668,0.9974882463999202,0.9972855034645451,0.9980250369720177,0.9981164780720481,0.9981547432017331,1.0,0.9978238458920057,0.9973986295218353,0.9980617559006488,0.9977605146568862
5,8,1.51735226622053,0.61028,5000,1.907782099865101,0.531812725090036,833,1.8970504031775477,0.5283,0.9990018989220463,0.08333884234826873,,,0.95,,0.95001498149061,0.04998501850938997,0.9976391422584491,0.09989335555809231,5,0.001,0.1,0.997484228130936,0.9979585268308433,0.9979015046626004,0.9973854618091973,0.9977861873536751,0.9975202817640817,0.9976652934284431,0.9978238458920057,1.0,0.9979083248387166,0.9980813511154909,0.9977259478974203
5,9,1.5154495457934727,0.61792,5000,1.908212048036081,0.5222088835534213,833,1.8970504031775477,0.5283,0.9989466963230398,0.08334560775393947,,,0.95,,0.95001498149061,0.04998501850938997,0.9976391422584491,0.09989335555809231,5,0.001,0.1,0.9971456431568657,0.9980739992664852,0.9976765061276328,0.9972180245587946,0.9978556480012051,0.9978457175747248,0.9977195658799288,0.9973986295218353,0.9979083248387166,1.0,0.9980669727430972,0.9976693253415896
5,10,1.508021400992278,0.59824,5000,1.9044264113461529,0.503001200480192,833,1.8970504031775477,0.5283,0.9991581745973048,0.0833572034712968,,,0.95,,0.95001498149061,0.04998501850938997,0.9976391422584491,0.09989335555809231,5,0.001,0.1,0.9975733624729329,0.9983311501319411,0.9979775830870283,0.9971817290025781,0.9979942443487021,0.9979859712043683,0.9979588437380597,0.9980617559006488,0.9980813511154909,0.9980669727430972,1.0,0.9979005277999012
5,11,1.4975634666005517,0.62656,5000,1.891911232912982,0.5354141656662665,833,1.8970504031775477,0.5283,0.9988664257620051,0.08331280644534177,,,0.95,,0.95001498149061,0.04998501850938997,0.9976391422584491,0.09989335555809231,5,0.001,0.1,0.9968071197875803,0.9978460540107891,0.9973006511118203,0.9972108463820089,0.9977158614702235,0.9977070333054997,0.997973592192343,0.9977605146568862,0.9977259478974203,0.9976693253415896,0.9979005277999012,1.0
6,0,1.4051046874113144,0.63488,5000,1.776071932580736,0.5479616306954437,834,1.7850094165284032,0.5617,0.9985122353977034,0.08329592957350415,,,0.95,,0.95001498149061,0.04998501850938997,0.998268552568793,0.09988296076115764,5,0.001,0.1,1.0,0.9972506883071234,0.9969205751411326,0.9969892963312339,0.9970259191371906,0.9978518969565515,0.9969016365811527,0.997135890997707,0.9974550649023203,0.9967446724921392,0.9972728976169528,0.9965799927561233
6,1,1.3900803455121957,0.64224,5000,1.801373561223348,0.5167865707434053,834,1.7850094165284032,0.5617,0.9991190931639764,0.08336057102256596,,,0.95,,0.95001498149061,0.04998501850938997,0.998268552568793,0.09988296076115764,5,0.001,0.1,0.9972506883071234,1.0,0.9977762957574586,0.9969504409266281,0.9977939038147123,0.9982456470651966,0.9981521992089029,0.9978815262862037,0.9975881952502481,0.9979653777460539,0.9982308006594138,0.9975643266887134
6,2,1.3885718540021568,0.634,5000,1.7737755201481007,0.579136690647482,834,1.7850094165284032,0.5617,0.9987983403617756,0.08332910523502152,,,0.95,,0.95001498149061,0.04998501850938997,0.998268552568793,0.09988296076115764,5,0.001,0.1,0.9969205751411326,0.9977762957574586,1.0,0.9970180008494994,0.9971984546847708,0.9971230596148635,0.9977873146871161,0.9972862781523238,0.997738298791655,0.9974744843904536,0.9980326163324489,0.9972005476078865
6,3,1.3925866218888836,0.63328,5000,1.788014495814288,0.5455635491606715,834,1.7850094165284032,0.5617,0.9983808095796827,0.08330006530331537,,,0.95,,0.95001498149061,0.04998501850938997,0.998268552568793,0.09988296076115764,5,0.001,0.1,0.9969892963312339,0.9969504409266281,0.9970180008494994,1.0,0.9962767118846493,0.9973100916923424,0.9969552086988202,0.9970053597503321,0.9969665534265425,0.9968707479650888,0.9970577719043502,0.9971530611449402
6,4,1.4005108759661389,0.6348,5000,1.7801404308389734,0.5858343337334934,833,1.7850094165284032,0.5617,0.9987466665909559,0.08333587904307156,,,0.95,,0.95001498149061,0.04998501850938997,0.998268552568793,0.09988296076115764,5,0.001,0.1,0.9970259191371906,0.9977939038147123,0.9971984546847708,0.9962767118846493,1.0,0.9975552027422204,0.9975260867756834,0.9977034801671327,0.9975255372499997,0.9975100245119025,0.9975397836349075,0.9972809506261343
6,5,1.3819235311951608,0.64444,5000,1.7732160135551736,0.5690276110444178,833,1.7850094165284032,0.5617,0.9989724908491278,0.08334597814424687,,,0.95,,0.95001498149061,0.04998501850938997,0.998268552568793,0.09988296076115764,5,0.001,0.1,0.9978518969565515,0.9982456470651966,0.9971230596148635,0.9973100916923424,0.9975552027422204,1.0,0.9976233809151983,0.99778060705725,0.9972380834405977,0.9975377721578306,0.9979075913659653,0.9974699090239092
6,6,1.390636389498498,0.66324,5000,1.7734630107879639,0.5906362545018007,833,1.7850094165284032,0.5617,0.9989650284468622,0.08334616077244945,,,0.95,,0.95001498149061,0.04998501850938997,0.998268552568793,0.09988296076115764,5,0.001,0.1,0.9969016365811527,0.9981521992089029,0.9977873146871161,0.9969552086988202,0.9975260867756834,0.9976233809151983,1.0,0.9979500345209538,0.9975629508296423,0.9974981004724909,0.9979069758175271,0.9976893815096269
6,7,1.3834985447537367,0.66864,5000,1.7630379729800754,0.5678271308523409,833,1.7850094165284032,0.5617,0.9989195214896998,0.0833327561323578,,,0.95,,0.95001498149061,0.04998501850938997,0.998268552568793,0.09988296076115764,5,0.001,0.1,0.997135890997707,0.9978815262862037,0.9972862781523238,0.9970053597503321,0.9977034801671327,0.99778060705725,0.9979500345209538,1.0,0.9976613355714581,0.9970080675239529,0.9981675349571093,0.9974282797076977
6,8,1.3957320971853415,0.64148,5000,1.8002168160897714,0.56062424969988,833,1.7850094165284032,0.5617,0.9988688052637433,0.08333796628986025,,,0.95,,0.95001498149061,0.04998501850938997,0.998268552568793,0.09988296076115764,5,0.001,0.1,0.9974550649023203,0.9975881952502481,0.997738298791655,0.9969665534265425,0.9975255372499997,0.9972380834405977,0.9975629508296423,0.9976613355714581,1.0,0.9974526093131847,0.9978628453316304,0.9973491809067522
6,9,1.3946896900796586,0.64724,5000,1.7988150340539437,0.5558223289315727,833,1.7850094165284032,0.5617,0.9987923053804711,0.08333964585138054,,,0.95,,0.95001498149061,0.04998501850938997,0.998268552568793,0.09988296076115764,5,0.001,0.1,0.9967446724921392,0.9979653777460539,0.9974744843904536,0.9968707479650888,0.9975100245119025,0.9975377721578306,0.9974981004724909,0.9970080675239529,0.9974526093131847,1.0,0.9977669828705613,0.9976541457287887
6,10,1.3864923907693025,0.63564,5000,1.792069090737237,0.5438175270108043,833,1.7850094165284032,0.5617,0.9991244692618381,0.0833574759437283,,,0.95,,0.95001498149061,0.04998501850938997,0.998268552568793,0.09988296076115764,5,0.001,0.1,0.9972728976169528,0.9982308006594138,0.9980326163324489,0.9970577719043502,0.9975397836349075,0.9979075913659653,0.9979069758175271,0.9981675349571093,0.9978628453316304,0.9977669828705613,1.0,0.9977184069189686
6,11,1.3754859524168026,0.65308,5000,1.7792876075815272,0.5774309723889556,833,1.7850094165284032,0.5617,0.9987592735702668,0.08331846668849818,,,0.95,,0.95001498149061,0.04998501850938997,0.998268552568793,0.09988296076115764,5,0.001,0.1,0.9965799927561233,0.9975643266887134,0.9972005476078865,0.9971530611449402,0.9972809506261343,0.9974699090239092,0.9976893815096269,0.9974282797076977,0.9973491809067522,0.9976541457287887,0.9977184069189686,1.0
7,0,1.3017277431336178,0.65748,5000,1.656104807500486,0.579136690647482,834,1.6654106938420012,0.5971,0.9984132022041597,0.08330123030580465,,,0.95,,0.95001498149061,0.04998501850938997,0.9985677700866172,0.09986967803590137,5,0.001,0.1,1.0,0.996972501013003,0.9966030231111039,0.9969133682138234,0.996941438920589,0.9975373787209315,0.9964221212663448,0.9969191263291972,0.9971008292695644,0.9965077065785232,0.9968495998177799,0.9965846093673766
7,1,1.2847308060166183,0.665,5000,1.6827960544162326,0.5695443645083933,834,1.6654106938420012,0.5971,0.9990057197275127,0.0833599923607063,,,0.95,,0.95001498149061,0.04998501850938997,0.9985677700866172,0.09986967803590137,5,0.001,0.1,0.996972501013003,1.0,0.9973726645145072,0.9967840038060892,0.9977977475259926,0.9979614938706243,0.9976790771814955,0.9974861745914285,0.9974963503807401,0.9976818608380174,0.998031131862051,0.997186657283796
7,2,1.2843140202722731,0.6612,5000,1.653325217741507,0.6115107913669064,834,1.6654106938420012,0.5971,0.9985332280544488,0.08332544779028772,,,0.95,,0.95001498149061,0.04998501850938997,0.9985677700866172,0.09986967803590137,5,0.001,0.1,0.9966030231111039,0.9973726645145072,1.0,0.9967537046602969,0.9966857651372913,0.9966945913131895,0.9974279170044663,0.9967444248347073,0.9971651683647124,0.9967652320874343,0.9977521127840927,0.9968237237821992
