round,client_id,client_i_training_loss,client_i_training_accuracy,client_i_training_dataset_size,client_i_evaluation_loss,client_i_evaluation_accuracy,client_i_evaluation_dataset_size,client_i_central_evaluation_loss,client_i_central_evaluation_accuracy,client_i_cosine_similarity,client_i_importance_coefficient,client_i_tanh_val,tanh_normalization_value,client_i_q,client_i_mask_order,client_i_v_nonzero_fraction,client_i_v_sparsity,client_i_v_cosine_similarity,client_i_reward_gradient_norm,local_epochs,learning_rate,gamma,client_0_cosine_similarity,client_1_cosine_similarity,client_2_cosine_similarity,client_3_cosine_similarity,client_4_cosine_similarity,client_5_cosine_similarity,client_6_cosine_similarity,client_7_cosine_similarity,client_8_cosine_similarity,client_9_cosine_similarity,client_10_cosine_similarity,client_11_cosine_similarity
0,0,0.33790064563227307,0.89532,5000,2.2045507077817565,0.34652278177458035,834,2.1995170763887155,0.3555,0.7937672448069127,0.083588824218794,,,0.7729633476079018,,0.7729732443150444,0.22702675568495556,0,0.3953934759341605,5,0.1,0.5,1.0,0.5836310965563785,0.6084473933405696,0.5893863444621493,0.5926577479797768,0.5892539422056505,0.6196429006542766,0.5956009412083821,0.5857270401791007,0.5882999734771824,0.5993468408430604,0.5856933231048373
0,1,0.3486924745530264,0.89128,5000,2.2011223898993597,0.3333333333333333,834,2.1999409686262235,0.3565,0.785000353182849,0.08266561383476341,,,0.6736945538797888,,0.6737061392500376,0.32629386074996236,0,0.3946755773796899,5,0.1,0.5,0.5836310965563785,1.0,0.596210578896852,0.5874126582610557,0.5863190548409261,0.5913542122501517,0.6033623830530049,0.5731162632637173,0.584539252032061,0.5991069349433864,0.5742671029301918,0.5751167887049542
0,2,0.34725302858218837,0.89244,5000,2.2070000878086797,0.3597122302158273,834,2.1994690803674084,0.3559,0.795774398170278,0.08380019044833815,,,0.7956906381633904,,0.7957080467848,0.2042919532152,0,0.3954775685984078,5,0.1,0.5,0.6084473933405696,0.596210578896852,1.0,0.5901856156024718,0.6008835069197279,0.5993601893674358,0.6173997540767051,0.58738513137111,0.5856053567094995,0.6031527539922189,0.5801902191278147,0.58792715826393
0,3,0.3518771899092919,0.8878,5000,2.1986796855926514,0.3489208633093525,834,2.199856444288747,0.3564,0.7859484685817055,0.08276545651778247,,,0.6844302029553652,,0.6844385322021986,0.31556146779780136,0,0.39478592043756483,5,0.1,0.5,0.5893863444621493,0.5874126582610557,0.5901856156024718,1.0,0.5826784640364819,0.5815175061729354,0.6017950020588912,0.5787091300866639,0.5828045151702292,0.5976648665744869,0.5958460770995275,0.5754395360402861
0,4,0.3338609317815892,0.89244,5000,2.1960132475252503,0.368547418967587,833,2.199561525076723,0.3558,0.7911930663474152,0.08331774657964161,,,0.743815549109536,,0.7438281210782591,0.25617187892174087,0,0.3952485036057916,5,0.1,0.5,0.5926577479797768,0.5863190548409261,0.6008835069197279,0.5826784640364819,1.0,0.5905004886761546,0.6137370996221873,0.5901332832090422,0.6007781295712131,0.5856915275672093,0.5908295616854834,0.5790340382235616
0,5,0.34055413278116353,0.89448,5000,2.196043341248124,0.3793517406962785,833,2.199489808311097,0.3559,0.795317482188544,0.08375207424055837,,,0.7905169117975571,,0.7905376236132724,0.2094623763867276,0,0.3954609240803302,5,0.1,0.5,0.5892539422056505,0.5913542122501517,0.5993601893674358,0.5815175061729354,0.5905004886761546,1.0,0.6083668847158308,0.5901034808560004,0.6114201353349649,0.6022681594966142,0.5837338422846742,0.6045299006035543
0,6,0.33646902233291015,0.8964,5000,2.192838015379729,0.368547418967587,833,2.199419149575523,0.3557,0.8094021798733836,0.08523528399336104,,,0.9499999998924743,,0.9500025099141609,0.04999749008583909,0,0.3956684426153993,5,0.1,0.5,0.6196429006542766,0.6033623830530049,0.6173997540767051,0.6017950020588912,0.6137370996221873,0.6083668847158308,1.0,0.6084017397514062,0.610934513840926,0.6129694038177007,0.6050254939577198,0.5845231611988007
0,7,0.3442876853398789,0.89208,5000,2.1969379672297724,0.36014405762304924,833,2.19978065612598,0.3571,0.7865689750188154,0.08283079985846266,,,0.6914562879298085,,0.6914713116811405,0.3085286883188595,0,0.3948533937579499,5,0.1,0.5,0.5956009412083821,0.5731162632637173,0.58738513137111,0.5787091300866639,0.5901332832090422,0.5901034808560004,0.6084017397514062,1.0,0.5847932373928466,0.5881651094979863,0.5849735498371013,0.5879502338736102
0,8,0.349302399692357,0.89152,5000,2.2023141472427934,0.3637454981992797,833,2.199645983144498,0.3559,0.7888791101992588,0.08307407203274685,,,0.7176142858320572,,0.7176296370664124,0.28237036293358764,0,0.3950783239615006,5,0.1,0.5,0.5857270401791007,0.584539252032061,0.5856053567094995,0.5828045151702292,0.6007781295712131,0.6114201353349649,0.610934513840926,0.5847932373928466,1.0,0.5906657026613134,0.5745612604822836,0.5794402180921334
0,9,0.34073873337381966,0.8948,5000,2.1998316182030573,0.34813925570228094,833,2.1994693637275087,0.356,0.7962593804077116,0.08385126221434928,,,0.8011821628398732,,0.8012047587972492,0.19879524120275083,0,0.3954964343929287,5,0.1,0.5,0.5882999734771824,0.5991069349433864,0.6031527539922189,0.5976648665744869,0.5856915275672093,0.6022681594966142,0.6129694038177007,0.5881651094979863,0.5906657026613134,1.0,0.5924123324207955,0.6009563248350064
0,10,0.3462990047208443,0.89376,5000,2.198615233103434,0.3589435774309724,833,2.1999255811063625,0.3571,0.7850745202654758,0.08267342410820701,,,0.6745343585839428,,0.6745444505797902,0.3254555494202098,0,0.39468567634185137,5,0.1,0.5,0.5993468408430604,0.5742671029301918,0.5801902191278147,0.5958460770995275,0.5908295616854834,0.5837338422846742,0.6050254939577198,0.5849735498371013,0.5745612604822836,0.5924123324207955,1.0,0.5739543386002254
0,11,0.35064527658852424,0.8876,5000,2.197007868025038,0.3325330132052821,833,2.200069583642978,0.3556,0.7829077762697699,0.08244525195299514,,,0.65,,0.650002509914161,0.349997490085839,0,0.39438942236310365,5,0.1,0.5,0.5856933231048373,0.5751167887049542,0.58792715826393,0.5754395360402861,0.5790340382235616,0.6045299006035543,0.5845231611988007,0.5879502338736102,0.5794402180921334,0.6009563248350064,0.5739543386002254,1.0
1,0,0.30029428829646604,0.9064,5000,2.0494518280029297,0.6678657074340527,834,2.042215363667034,0.6689,0.8043140113114675,0.08320948908851514,,,0.7336164818081387,,0.7336328497565383,0.2663671502434617,0.9593280623097978,0.4058356166313926,5,0.1,0.5,1.0,0.6194648900371268,0.6250603870459416,0.605825827597465,0.6322810010990882,0.6206525696998819,0.626188273483337,0.6253670210924238,0.6305757874706721,0.6199519902127802,0.6236356401257747,0.6139652100770284
1,1,0.3021645122794968,0.90812,5000,2.0395522426675865,0.6834532374100719,834,2.0432962346762515,0.6661,0.8113875437891057,0.08284543818312888,,,0.6795252118360386,,0.6795391797600522,0.3204608202399478,0.9580479196180682,0.4053297176912555,5,0.1,0.5,0.6194648900371268,1.0,0.6370492572273785,0.6260694149352423,0.6367430228853356,0.6252427762589322,0.6319260446452339,0.6252022716453196,0.6284041537796746,0.6312709313571876,0.6213101048990938,0.6335182370863776
1,2,0.30885060871625025,0.90516,5000,2.0538711371245206,0.6726618705035972,834,2.0418958919116865,0.6692,0.81290843941419,0.0836480692690001,,,0.7987814315336567,,0.798790221374429,0.201209778625571,0.9600113027039128,0.40616975783807474,5,0.1,0.5,0.6250603870459416,0.6370492572273785,1.0,0.6233894024071787,0.6281250493492203,0.6389332718288446,0.6277481380062947,0.6296111849539979,0.6315001910629151,0.6345467889846756,0.6292294916534796,0.6208324237579788
1,3,0.31082439206327034,0.90388,5000,2.03926204752039,0.658273381294964,834,2.043297151407114,0.6664,0.8077191423546136,0.08278383049579816,,,0.670371442408581,,0.6703880327292807,0.3296119672707193,0.9581630955952781,0.40521614856643157,5,0.1,0.5,0.605825827597465,0.6260694149352423,0.6233894024071787,1.0,0.6388553378033252,0.6272071230250504,0.6262775046675656,0.633980637640613,0.6236108956960298,0.6325909610082525,0.6240379576033357,0.6182571242030409
1,4,0.2939167146120149,0.90944,5000,2.0374398319809526,0.7058823529411765,833,2.0420994126377776,0.6693,0.8194876578740612,0.08355808778867176,,,0.7854118382352528,,0.7854274383816073,0.21457256161839267,0.9595170491391036,0.4061195797755164,5,0.1,0.5,0.6322810010990882,0.6367430228853356,0.6281250493492203,0.6388553378033252,1.0,0.6349816921420133,0.6330025093458883,0.6353505561089258,0.6451613264548566,0.6422433477091553,0.6334027357884615,0.6323641525192806
1,5,0.30615203533986,0.9056,5000,2.041338421680309,0.6722689075630253,833,2.0418673616628675,0.6695,0.8157061946210259,0.08371357768931437,,,0.8085147781515011,,0.8085337081471814,0.1914662918528186,0.959990637761415,0.40620353333460596,5,0.1,0.5,0.6206525696998819,0.6252427762589322,0.6389332718288446,0.6272071230250504,0.6349816921420133,1.0,0.6394392090628968,0.6282122797096374,0.6384404309032219,0.6353870209107874,0.6305820266810462,0.6342831946928761
1,6,0.30080738243451166,0.91008,5000,2.0335510395191334,0.6686674669867947,833,2.0417620370182368,0.6698,0.8149047029275232,0.0846658168045209,,,0.9499999998514184,,0.9500025099141609,0.04999749008583909,0.9605722134793873,0.4063678951042672,5,0.1,0.5,0.626188273483337,0.6319260446452339,0.6277481380062947,0.6262775046675656,0.6330025093458883,0.6394392090628968,1.0,0.6310979188609654,0.6311790370632543,0.6282884842649967,0.6340686301799536,0.6300252462792753
1,7,0.3009130598478921,0.90772,5000,2.04035754998525,0.6854741896758704,833,2.0428216103166816,0.6683,0.8140719837964824,0.08304795705087961,,,0.7096157914442012,,0.7096280307213493,0.2903719692786507,0.9583706835323067,0.4056431275775625,5,0.1,0.5,0.6253670210924238,0.6252022716453196,0.6296111849539979,0.633980637640613,0.6353505561089258,0.6282122797096374,0.6310979188609654,1.0,0.6348162338853908,0.6296793367971001,0.6367668634533306,0.6317696831131391
1,8,0.3033834034031269,0.90576,5000,2.0463904539744058,0.6386554621848739,833,2.0424077590814416,0.6693,0.8151805669314475,0.08324726857289876,,,0.7392298184568494,,0.7392450178203905,0.26075498217960946,0.9589601685177903,0.4058740004575183,5,0.1,0.5,0.6305757874706721,0.6284041537796746,0.6315001910629151,0.6236108956960298,0.6451613264548566,0.6384404309032219,0.6311790370632543,0.6348162338853908,1.0,0.6334471213594715,0.6274970986949164,0.6266936379221172
1,9,0.3028645349263101,0.90752,5000,2.0453137954076133,0.6458583433373349,833,2.0418373072109284,0.6693,0.815661028735516,0.08377755089501875,,,0.818020020109531,,0.818036243160484,0.18196375683951604,0.9600650500542097,0.40622985867807215,5,0.1,0.5,0.6199519902127802,0.6312709313571876,0.6345467889846756,0.6325909610082525,0.6422433477091553,0.6353870209107874,0.6282884842649967,0.6296793367971001,0.6334471213594715,1.0,0.6309526852192696,0.6344945048332344
1,10,0.3057190729376332,0.9096,5000,2.0392109464716026,0.6746698679471789,833,2.0432745736247053,0.6666,0.8115482856449492,0.08285618974765291,,,0.6811226966127202,,0.6811405049947292,0.3188594950052708,0.958070977457354,0.4053477476162421,5,0.1,0.5,0.6236356401257747,0.6213101048990938,0.6292294916534796,0.6240379576033357,0.6334027357884615,0.6305820266810462,0.6340686301799536,0.6367668634533306,0.6274970986949164,0.6309526852192696,1.0,0.6261816126217654
1,11,0.3074623793565259,0.9042,5000,2.040380279223124,0.6422569027611045,833,2.0438639999578556,0.6652,0.8098608521532709,0.0826467244146007,,,0.65,,0.650002509914161,0.349997490085839,0.9573954319362634,0.4049377718714676,5,0.1,0.5,0.6139652100770284,0.6335182370863776,0.6208324237579788,0.6182571242030409,0.6323641525192806,0.6342831946928761,0.6300252462792753,0.6317696831131391,0.6266936379221172,0.6344945048332344,0.6261816126217654,1.0
2,0,0.2643873185560012,0.9208,5000,1.856372842082271,0.8573141486810552,834,1.8464500645098214,0.8482,0.8108257013625371,0.083157848642558,,,0.7449808113656512,,0.7449877014206114,0.25501229857938856,0.967863469156134,0.406255230970135,5,0.1,0.5,1.0,0.6206928544690715,0.6281989794097003,0.6184477905090053,0.635289621854329,0.6281632078026611,0.6302077076919192,0.6314977486499528,0.6359750418594095,0.6270138072359216,0.6317828538470353,0.6287578785292501
2,1,0.27635169327437026,0.91648,5000,1.8387206174709179,0.8657074340527577,834,1.8483134180593033,0.848,0.8093999128929577,0.0828677893253915,,,0.6946904017745801,,0.6946990612921038,0.3053009387078962,0.9669122953097422,0.4058200494151059,5,0.1,0.5,0.6206928544690715,1.0,0.6283770856762203,0.6232465251116186,0.637433756996379,0.6269445235443203,0.6358168679148499,0.6213727999483072,0.6289052281574452,0.6229507798047565,0.6254061758216669,0.6325342355006678
2,2,0.2820048529358142,0.91596,5000,1.8620806755842987,0.8381294964028777,834,1.8459702494045416,0.8487,0.8087812375712331,0.08337648806893756,,,0.7828884587144642,,0.7828974449073842,0.21710255509261578,0.9684844967504205,0.4064700957075984,5,0.1,0.5,0.6281989794097003,0.6283770856762203,1.0,0.6114730218183714,0.6311731921257556,0.6217551700904044,0.629180822056811,0.6290222224405881,0.6314637277308145,0.6312482155344663,0.6203784203472151,0.6318210374110628
2,3,0.2758313697306024,0.91684,5000,1.8420622216330633,0.8585131894484412,834,1.8488425667674397,0.8476,0.8031566974434986,0.08261002909778475,,,0.65,,0.650002509914161,0.349997490085839,0.9663054909159696,0.4052194203365753,5,0.1,0.5,0.6184477905090053,0.6232465251116186,0.6114730218183714,1.0,0.6262450586942243,0.6194102875779014,0.6243319482021319,0.6226718577277334,0.6212037492686381,0.6213344491474826,0.625082215923018,0.6298537054135361
2,4,0.26651642066752834,0.91872,5000,1.8406069940990872,0.8559423769507803,833,1.8461581392410082,0.8487,0.8213271058772283,0.08375323967831116,,,0.8482095555665881,,0.8482254906882185,0.1517745093117815,0.9686242850930092,0.40667794835383114,5,0.1,0.5,0.635289621854329,0.637433756996379,0.6311731921257556,0.6262450586942243,1.0,0.6381380807066097,0.644676017936668,0.6317294262459556,0.6478411510233981,0.6460291249951261,0.6352538491414954,0.6431224468038096
2,5,0.2723723545338318,0.91836,5000,1.8495222241790206,0.8379351740696278,833,1.8459060515839452,0.8487,0.8131013887190547,0.08356996434717276,,,0.816433325928707,,0.8164499774107725,0.18355002258922748,0.9686801012762122,0.40659986857633906,5,0.1,0.5,0.6281632078026611,0.6269445235443203,0.6217551700904044,0.6194102875779014,0.6381380807066097,1.0,0.6323837598858912,0.6307341198705303,0.6408675868629745,0.6336431946025219,0.6252490076903463,0.6387421784489893
2,6,0.2650013543167122,0.92176,5000,1.8362193549120869,0.8523409363745498,833,1.8456655824527193,0.8493,0.817166432539303,0.08434033505089253,,,0.9499999998266202,,0.9500025099141609,0.04999749008583909,0.969265767216958,0.40676323735272096,5,0.1,0.5,0.6302077076919192,0.6358168679148499,0.629180822056811,0.6243319482021319,0.644676017936668,0.6323837598858912,1.0,0.6327112875375874,0.6408308031081795,0.634417643097718,0.6300970183798236,0.636918087333525
2,7,0.2711755074833514,0.9174,5000,1.8447988077446267,0.8487394957983193,833,1.8473179473663672,0.8475,0.812453106254709,0.08310772376261752,,,0.7362901726110166,,0.7363084182520958,0.2636915817479042,0.9675424925582717,0.4061944814958634,5,0.1,0.5,0.6314977486499528,0.6213727999483072,0.6290222224405881,0.6226718577277334,0.6317294262459556,0.6307341198705303,0.6327112875375874,1.0,0.6358700237218854,0.6311753731264836,0.635476042807134,0.6303669158655213
2,8,0.2737348898586811,0.91736,5000,1.8522974959126226,0.8523409363745498,833,1.8466352605210326,0.8486,0.8189409166096894,0.08346495356465145,,,0.7982265835421336,,0.7982380402590231,0.20176195974097688,0.9680636508003709,0.40653435689196316,5,0.1,0.5,0.6359750418594095,0.6289052281574452,0.6314637277308145,0.6212037492686381,0.6478411510233981,0.6408675868629745,0.6408308031081795,0.6358700237218854,1.0,0.6399359971987918,0.6368759601693537,0.6351370279374321
2,9,0.2763651963703002,0.91472,5000,1.8526778706797846,0.8319327731092437,833,1.8458404464843554,0.8483,0.8161224197596946,0.0837172589236915,,,0.8419712216116748,,0.8419858440841324,0.15801415591586765,0.9688429897763148,0.4066654200707405,5,0.1,0.5,0.6270138072359216,0.6229507798047565,0.6312482155344663,0.6213344491474826,0.6460291249951261,0.6336431946025219,0.634417643097718,0.6311753731264836,0.6399359971987918,1.0,0.6330172812315084,0.6444665499480895
2,10,0.2728352717699329,0.91912,5000,1.8409204880396526,0.8475390156062425,833,1.848066329194334,0.8478,0.8127967305917156,0.08299299158482942,,,0.7163979372206707,,0.7164148386125194,0.2835851613874806,0.9669939949511623,0.40603344872887454,5,0.1,0.5,0.6317828538470353,0.6254061758216669,0.6203784203472151,0.625082215923018,0.6352538491414954,0.6252490076903463,0.6300970183798236,0.635476042807134,0.6368759601693537,0.6330172812315084,1.0,0.638389632025299
2,11,0.27664681744916,0.91348,5000,1.8439348229655512,0.8319327731092437,833,1.8488059756093131,0.8474,0.8181682722546287,0.0830413779531617,,,0.7247871532811152,,0.7247979519100447,0.2752020480899553,0.9662273335611613,0.40610489026955626,5,0.1,0.5,0.6287578785292501,0.6325342355006678,0.6318210374110628,0.6298537054135361,0.6431224468038096,0.6387421784489893,0.636918087333525,0.6303669158655213,0.6351370279374321,0.6444665499480895,0.638389632025299,1.0
3,0,0.24401823261717132,0.92784,5000,1.6335567147643477,0.9088729016786571,834,1.6208524170775003,0.9093,0.8046557296066956,0.08311551630938638,,,0.7075850222614929,,0.7076050399076351,0.2923949600923649,0.9690507577706775,0.40289552262648065,5,0.1,0.5,1.0,0.6088773885838005,0.6229817364231169,0.6181382290358526,0.6180895211239661,0.6212284364917324,0.6265108854936162,0.6183110901924199,0.6169988276712677,0.6142914396903449,0.6196535882107779,0.6134640670344091
3,1,0.24880639259365334,0.92308,5000,1.6060882100352534,0.9232613908872902,834,1.6238432185718428,0.9083,0.8025548874118261,0.0828502063208465,,,0.65,,0.650002509914161,0.349997490085839,0.9676504949826364,0.40211515116446345,5,0.1,0.5,0.6088773885838005,1.0,0.6228124874944437,0.6214847005790832,0.6175074553732631,0.6219289730370351,0.6247403938470069,0.6077454715619323,0.6146459141964231,0.6106040583273468,0.6135671966995875,0.615659793989984
3,2,0.2528929786032932,0.92412,5000,1.6391592688030667,0.8980815347721822,834,1.6199014769575466,0.9097,0.8115320340141434,0.08349997523308851,,,0.791031091525067,,0.7910496461021033,0.20895035389789673,0.9699133845795556,0.40350056771648185,5,0.1,0.5,0.6229817364231169,0.6228124874944437,1.0,0.6216402176812201,0.6237825033476893,0.6288305032233881,0.6309662790659354,0.6248310679053967,0.6190888602861642,0.6303268979231424,0.6217751313217973,0.6171245257966407
3,3,0.25918786384100034,0.92508,5000,1.6134480105506048,0.919664268585132,834,1.6244718160111302,0.9078,0.8080369220544789,0.08287058181713379,,,0.6544224622440716,,0.6544299984940515,0.3455700015059485,0.9675536884328532,0.402187382329397,5,0.1,0.5,0.6181382290358526,0.6214847005790832,0.6216402176812201,1.0,0.6184129916559196,0.6238733377526382,0.6286665561897176,0.6187727425213789,0.61597589978317,0.6243207917584311,0.6248677388405854,0.6176980927930148
3,4,0.242502779190304,0.92612,5000,1.6130010684331257,0.907563025210084,833,1.6200607070526756,0.9097,0.8063954434927328,0.08357043985928393,,,0.8063253029885799,,0.8063450629988455,0.19365493700115455,0.9702838547290483,0.4035681109055655,5,0.1,0.5,0.6180895211239661,0.6175074553732631,0.6237825033476893,0.6184129916559196,1.0,0.621086891354731,0.6251813410359586,0.6177996563780102,0.62425213479187,0.6179746761321545,0.6127353902675289,0.6158705508608434
3,5,0.24282695144403038,0.92744,5000,1.6289087931315105,0.8967587034813925,833,1.619794025588721,0.9099,0.8124536471255522,0.08366022361595385,,,0.825812694530118,,0.8258320365443502,0.17416796345564978,0.9702990028717455,0.4036363531877269,5,0.1,0.5,0.6212284364917324,0.6219289730370351,0.6288305032233881,0.6238733377526382,0.621086891354731,1.0,0.6302479812740995,0.624169417202849,0.6250731890692216,0.6227221836615389,0.6295833427102108,0.6235969011000342
3,6,0.2406022391287954,0.93096,5000,1.6098084493919655,0.9123649459783914,833,1.619233697748032,0.9101,0.8142325033777846,0.08423238858593182,,,0.9499999997829519,,0.9500025099141609,0.04999749008583909,0.9708174082125277,0.40378753920679483,5,0.1,0.5,0.6265108854936162,0.6247403938470069,0.6309662790659354,0.6286665561897176,0.6251813410359586,0.6302479812740995,1.0,0.6208097433265196,0.6221493861638773,0.6257493254274462,0.6262336437211684,0.6249255738668694
3,7,0.24815046052881487,0.92616,5000,1.6193571664668895,0.9099639855942377,833,1.6218847817125412,0.9091,0.8063841374545453,0.08314256448380719,,,0.7134557764488013,,0.713468199387581,0.286531800612419,0.9691394077114228,0.40295461201950117,5,0.1,0.5,0.6183110901924199,0.6077454715619323,0.6248310679053967,0.6187727425213789,0.6177996563780102,0.624169417202849,0.6208097433265196,1.0,0.6171416115239962,0.6201676831270061,0.6257203948546779,0.6201369665626281
3,8,0.25418406324164505,0.92372,5000,1.6288531797903556,0.9171668667466987,833,1.620939954401205,0.9096,0.8040149392762146,0.08329655671412392,,,0.7468794935869627,,0.7468952361829225,0.25310476381707747,0.969681625043622,0.4032413069666862,5,0.1,0.5,0.6169988276712677,0.6146459141964231,0.6190888602861642,0.61597589978317,0.62425213479187,0.6250731890692216,0.6221493861638773,0.6171416115239962,1.0,0.6089967040715455,0.6099463148330788,0.6166740967317694
3,9,0.2457828452128466,0.92728,5000,1.6307765819408275,0.9027611044417767,833,1.6196790800307885,0.9096,0.8069415840445222,0.083565647607276,,,0.8052851539158736,,0.8053059585362181,0.1946940414637819,0.9702482133725393,0.40356401841729717,5,0.1,0.5,0.6142914396903449,0.6106040583273468,0.6303268979231424,0.6243207917584311,0.6179746761321545,0.6227221836615389,0.6257493254274462,0.6201676831270061,0.6089967040715455,1.0,0.6223292732954562,0.6207442625288404
3,10,0.25092163954054714,0.92604,5000,1.6139568002135665,0.907563025210084,833,1.6227893806494083,0.9088,0.8078684262925636,0.08311831903525838,,,0.7081933485164524,,0.7082074193062597,0.29179258069374026,0.9689176320727495,0.4029013229931645,5,0.1,0.5,0.6196535882107779,0.6135671966995875,0.6217751313217973,0.6248677388405854,0.6127353902675289,0.6295833427102108,0.6262336437211684,0.6257203948546779,0.6099463148330788,0.6223292732954562,1.0,0.6241432075223092
3,11,0.2544742896690205,0.92156,5000,1.6184482486159713,0.9015606242496998,833,1.6238521573642573,0.9079,0.8057802597137571,0.08307758041790968,,,0.6993511100472641,,0.6993624818031223,0.3006375181968777,0.968864931977268,0.4028009765299212,5,0.1,0.5,0.6134640670344091,0.615659793989984,0.6171245257966407,0.6176980927930148,0.6158705508608434,0.6235969011000342,0.6249255738668694,0.6201369665626281,0.6166740967317694,0.6207442625288404,0.6241432075223092,1.0
4,0,0.22621046535279246,0.93252,5000,1.3931561311086018,0.920863309352518,834,1.376967119713561,0.9288,0.7935991661823103,0.08304891222947075,,,0.6929161824166996,,0.6929270618944832,0.30707293810551683,0.9681311806513938,0.3976711450108574,5,0.1,0.5,1.0,0.5969906772781949,0.5961068654959233,0.5944233415476364,0.607731088161375,0.5992147335083252,0.600504581090921,0.6019436863816112,0.6064202869350422,0.5972570796454979,0.5968372501956407,0.5992171545278123
4,1,0.2332438539915309,0.92908,5000,1.3558787813893072,0.934052757793765,834,1.3807787316294904,0.9278,0.7948078014453828,0.0829147815074545,,,0.6564485450243299,,0.6564630289644094,0.34353697103559055,0.9670228830273546,0.39714702791657797,5,0.1,0.5,0.5969906772781949,1.0,0.6032331182842293,0.6009546189559604,0.6107709972942343,0.600140651315927,0.6044557871303421,0.5956121054866994,0.6022155691906885,0.605266239489636,0.5937188012276773,0.5960499731323554
4,2,0.23025682564397718,0.9326,5000,1.3970014739919592,0.9292565947242206,834,1.3750062202112363,0.9293,0.7975958518841603,0.08344446676236664,,,0.8004600698849855,,0.8004819035188997,0.1995180964811003,0.9696132236518877,0.3985323002732524,5,0.1,0.5,0.5961068654959233,0.6032331182842293,1.0,0.5981458675479397,0.6097959094660813,0.6058778818571886,0.6025245937078885,0.5975275896820901,0.6063570164198072,0.6063395651724431,0.6032001448884721,0.6039262077829985
4,3,0.2357560665447526,0.92952,5000,1.366465444918032,0.9364508393285371,834,1.381652004040849,0.928,0.7937430123177109,0.08289106327227624,,,0.65,,0.650002509914161,0.349997490085839,0.9669954254693579,0.3970384129948748,5,0.1,0.5,0.5944233415476364,0.6009546189559604,0.5981458675479397,1.0,0.6089220057164911,0.6010211482751928,0.5997514165748052,0.6007791893155736,0.5921618564393613,0.6052601090873369,0.5991730355252827,0.598612477960432
4,4,0.22090403373193018,0.93212,5000,1.3668098008191143,0.9279711884753902,833,1.375158586821998,0.9293,0.8055471256650806,0.08376962471821774,,,0.888864443252823,,0.8888710406104111,0.11112895938958889,0.9699165223035968,0.3987586121257469,5,0.1,0.5,0.607731088161375,0.6107709972942343,0.6097959094660813,0.6089220057164911,1.0,0.6108156445273526,0.6117180153536328,0.6092664364640105,0.6143508672588771,0.6155991308865051,0.5991776830713428,0.6106902465528485
4,5,0.22249194206729248,0.93392,5000,1.3891952876691465,0.9183673469387755,833,1.3749310368547043,0.9294,0.8000164923443137,0.08363575693988741,,,0.8524682953361578,,0.8524823051051654,0.14751769489483457,0.9700484039373294,0.3986983491732541,5,0.1,0.5,0.5992147335083252,0.600140651315927,0.6058778818571886,0.6010211482751928,0.6108156445273526,1.0,0.6081726931532545,0.600900082582422,0.6077185633798452,0.6102809746115606,0.6050235553366866,0.6062307142399742
4,6,0.22836715117924414,0.93412,5000,1.3647966517342462,0.9315726290516206,833,1.3742533967898676,0.9296,0.7993946184000894,0.08399448590795339,,,0.9499999997281187,,0.9500025099141609,0.04999749008583909,0.9704587113884219,0.3987951383013368,5,0.1,0.5,0.600504581090921,0.6044557871303421,0.6025245937078885,0.5997514165748052,0.6117180153536328,0.6081726931532545,1.0,0.602811761221719,0.6074726480038614,0.6038463191207815,0.6038328287591452,0.601694343096496
4,7,0.22511006240276205,0.93244,5000,1.3747266310232658,0.9351740696278511,833,1.377690013986045,0.9285,0.7967024384086523,0.08317551550543396,,,0.7273372478602547,,0.7273530445258772,0.27264695547412277,0.9684264905285005,0.3980429263300585,5,0.1,0.5,0.6019436863816112,0.5956121054866994,0.5975275896820901,0.6007791893155736,0.6092664364640105,0.600900082582422,0.602811761221719,1.0,0.6032993890955193,0.601495190571322,0.6120636283880864,0.6005391445874774
4,8,0.22988585932002326,0.92968,5000,1.3858628891132496,0.936374549819928,833,1.376378790639079,0.9291,0.7982057439594044,0.08333053812923608,,,0.7694850030310971,,0.7694945032879875,0.23050549671201248,0.9690942967559357,0.3983677007908569,5,0.1,0.5,0.6064202869350422,0.6022155691906885,0.6063570164198072,0.5921618564393613,0.6143508672588771,0.6077185633798452,0.6074726480038614,0.6032993890955193,1.0,0.5998836341055811,0.5995887658626405,0.600289411969249
4,9,0.22548742259905977,0.93396,5000,1.389922857284546,0.9279711884753902,833,1.3748309924579656,0.9293,0.7992781443381894,0.08354702051392292,,,0.8283425189523108,,0.8283570101902515,0.17164298980974846,0.9698314761662136,0.39863526117186776,5,0.1,0.5,0.5972570796454979,0.605266239489636,0.6063395651724431,0.6052601090873369,0.6155991308865051,0.6102809746115606,0.6038463191207815,0.601495190571322,0.5998836341055811,1.0,0.5993767183889236,0.6042245983329829
4,10,0.23033169933066816,0.93312,5000,1.367838994220451,0.9207683073229291,833,1.3788397910115056,0.9281,0.7955886608278314,0.08312040932162139,,,0.7123549060138369,,0.712373876813413,0.287626123186587,0.9683560709548571,0.39789484597841257,5,0.1,0.5,0.5968372501956407,0.5937188012276773,0.6032001448884721,0.5991730355252827,0.5991776830713428,0.6050235553366866,0.6038328287591452,0.6120636283880864,0.5995887658626405,0.5993767183889236,1.0,0.6036693179386793
4,11,0.23625804493974917,0.92632,5000,1.3727529976103041,0.9267707082833133,833,1.3800380549872646,0.9278,0.7965631452906662,0.08312742519215907,,,0.7142623901376384,,0.7142763917474022,0.2857236082525978,0.9682520448437775,0.39791516406827937,5,0.1,0.5,0.5992171545278123,0.5960499731323554,0.6039262077829985,0.598612477960432,0.6106902465528485,0.6062307142399742,0.601694343096496,0.6005391445874774,0.600289411969249,0.6042245983329829,0.6036693179386793,1.0
5,0,0.2043060604026126,0.93876,5000,1.148185827113964,0.934052757793765,834,1.1276092424560278,0.9404,0.7798365058125909,0.08289018694380161,,,0.65,,0.650002509914161,0.349997490085839,0.9660977508354119,0.3917378553037226,5,0.1,0.5,1.0,0.577723561774875,0.5688618096320537,0.5782594274179218,0.5910983438105437,0.5816093015560572,0.5882910550053091,0.5777041511402953,0.578461485873214,0.5748746193347114,0.5727306022097801,0.5769376681061759
5,1,0.20934438523925414,0.93812,5000,1.1002052514641374,0.9508393285371702,834,1.1312042914640408,0.9395,0.7842388197597334,0.08295536064839189,,,0.667462927063236,,0.6674765323025953,0.3325234676974047,0.9659981045400701,0.39202434477365605,5,0.1,0.5,0.577723561774875,1.0,0.589757777029656,0.5865636842022782,0.5925811823832869,0.5803367462920979,0.587864465495675,0.575693829490708,0.5792707920877319,0.5860085876455557,0.5721866840340221,0.5808149275555511
5,2,0.2141759810031979,0.9362,5000,1.145996873025541,0.9400479616306955,834,1.124161400353185,0.9403,0.7857315470388867,0.08336165244969622,,,0.7763265268412789,,0.7763415491190201,0.2236584508809799,0.9683659970530758,0.393124176374691,5,0.1,0.5,0.5688618096320537,0.589757777029656,1.0,0.5844600697898272,0.589690222175803,0.5882263000874763,0.5899139344897555,0.5739509847894381,0.5828413865218484,0.5869832550238746,0.5776927490266198,0.5878690832556098
5,3,0.2155413677619331,0.93396,5000,1.113957784793995,0.9436450839328537,834,1.1320784929842234,0.9398,0.7858047668379493,0.08299457042679757,,,0.6779689663434748,,0.6779780131519502,0.32202198684804983,0.965934512071074,0.39217956799491555,5,0.1,0.5,0.5782594274179218,0.5865636842022782,0.5844600697898272,1.0,0.5959145650872633,0.5861805753671172,0.5869764984662388,0.5816913233266678,0.5729838255679361,0.5881474836890325,0.573920014278878,0.58861891708129
5,4,0.19974784280001454,0.9394,5000,1.1152210544656824,0.9339735894357744,833,1.1238401343647284,0.9407,0.7979903825446503,0.08400982234563424,,,0.9499999997320556,,0.9500025099141609,0.04999749008583909,0.9693259754885464,0.39352334606101447,5,0.1,0.5,0.5910983438105437,0.5925811823832869,0.589690222175803,0.5959145650872633,1.0,0.5929305570166022,0.6016539125542811,0.5914333555468778,0.5952155531195389,0.5998556681155796,0.5807865055147597,0.6033542838105547
5,5,0.20553012445345106,0.93792,5000,1.142498325418543,0.9267707082833133,833,1.123657450889246,0.9408,0.7899868107353494,0.08363902736353875,,,0.8506475727301762,,0.850665127252648,0.14933487274735202,0.9690385228916107,0.39341648872774365,5,0.1,0.5,0.5816093015560572,0.5803367462920979,0.5882263000874763,0.5861805753671172,0.5929305570166022,1.0,0.5965582630282803,0.5845010476879164,0.5886061432988743,0.5862124069785424,0.5772825882583931,0.5970272243597697
5,6,0.20407038247153447,0.93852,5000,1.1138308931280065,0.9459783913565426,833,1.1229129494569552,0.9407,0.7936617946715785,0.08400784567648929,,,0.9494703623679777,,0.9494754279403644,0.050524572059635564,0.9694434056815158,0.3935232458035444,5,0.1,0.5,0.5882910550053091,0.587864465495675,0.5899139344897555,0.5869764984662388,0.6016539125542811,0.5965582630282803,1.0,0.5880959076679793,0.5871596219377623,0.5889266902428706,0.5788255362714474,0.5982009914082234
5,7,0.20894082685944382,0.93656,5000,1.1229080911035891,0.9471788715486195,833,1.1275881808786727,0.94,0.7836977136996554,0.08311049951692114,,,0.7090315130877809,,0.7090507504643341,0.2909492495356659,0.9672457799070534,0.392570200599873,5,0.1,0.5,0.5777041511402953,0.575693829490708,0.5739509847894381,0.5816913233266678,0.5914333555468778,0.5845010476879164,0.5880959076679793,1.0,0.5767752320860471,0.5843113715400685,0.5816405169205436,0.5865933201305521
5,8,0.21100430031645165,0.93512,5000,1.1361965779904966,0.9495798319327731,833,1.1256911448015572,0.9401,0.7842174721985321,0.08323232251798819,,,0.7416733000727715,,0.7416896742131419,0.2583103257868581,0.9679028279977135,0.39288156057672174,5,0.1,0.5,0.578461485873214,0.5792707920877319,0.5828413865218484,0.5729838255679361,0.5952155531195389,0.5886061432988743,0.5871596219377623,0.5767752320860471,1.0,0.5856514572139416,0.5734926404821613,0.5859639105191928
5,9,0.20691568820387315,0.9374,5000,1.1424466062475134,0.9387755102040817,833,1.1235276453030376,0.9405,0.7888235548195888,0.08353885851033936,,,0.8238078927023847,,0.8238241052156017,0.17617589478439832,0.9688334995672234,0.39334024720175814,5,0.1,0.5,0.5748746193347114,0.5860085876455557,0.5869832550238746,0.5881474836890325,0.5998556681155796,0.5862124069785424,0.5889266902428706,0.5843113715400685,0.5856514572139416,1.0,0.5795498013136281,0.5884298868969258
5,10,0.20895480008967884,0.93964,5000,1.116917994287279,0.9327731092436975,833,1.129548645819338,0.9402,0.7785617186029268,0.08289312802858487,,,0.650788047102427,,0.6508056824456604,0.3491943175543396,0.9660751883618225,0.39175371724554536,5,0.1,0.5,0.5727306022097801,0.5721866840340221,0.5776927490266198,0.573920014278878,0.5807865055147597,0.5772825882583931,0.5788255362714474,0.5816405169205436,0.5734926404821613,0.5795498013136281,1.0,0.5861381143218088
5,11,0.21574598921367982,0.93224,5000,1.1215115344082867,0.9375750300120048,833,1.129388941172213,0.9401,0.7918996390450224,0.08336672557181705,,,0.7776858413399097,,0.7777019225942473,0.2222980774057527,0.9673972161269415,0.39313258245996346,5,0.1,0.5,0.5769376681061759,0.5808149275555511,0.5878690832556098,0.58861891708129,0.6033542838105547,0.5970272243597697,0.5982009914082234,0.5865933201305521,0.5859639105191928,0.5884298868969258,0.5861381143218088,1.0
6,0,0.1898425600146667,0.94236,5000,0.9188547421384741,0.9424460431654677,834,0.894800420576772,0.9464,0.7718109496742648,0.08305496774641885,,,0.707051743417242,,0.7070729381055167,0.29292706189448325,0.9640703348009166,0.3846380337768617,5,0.1,0.5,1.0,0.5486810419050187,0.5559555253111498,0.5581879298361474,0.5565968100700934,0.557587148379968,0.5677937803139829,0.5545662909356875,0.5684589956411851,0.5570232364287442,0.5596290463655044,0.5611180568818006
6,1,0.19531417745847707,0.941,5000,0.8628841086670205,0.9556354916067147,834,0.8989993356668149,0.9456,0.7627982903992457,0.0827798186497807,,,0.65,,0.650002509914161,0.349997490085839,0.9640338422005794,0.38383304529913875,5,0.1,0.5,0.5486810419050187,1.0,0.5505155629728091,0.5517686991040406,0.5599362045637212,0.5454858268442021,0.5616807849706122,0.5430724299296981,0.549242546754084,0.5590288457778837,0.5479460220353293,0.5444006163810224
6,2,0.19872701692092382,0.94088,5000,0.9114891643877383,0.9448441247002398,834,0.8910740372091056,0.9464,0.7700657400849832,0.08331023638522511,,,0.7599813043774086,,0.759991968274685,0.24000803172531504,0.9662988360001956,0.3851234314097165,5,0.1,0.5,0.5559555253111498,0.5505155629728091,1.0,0.5585999962835858,0.555854307731418,0.5533280086109347,0.5746665785912894,0.5504002757765001,0.558381259863027,0.5628784937833178,0.5529627473574956,0.5532965902309299
6,3,0.20030400130280834,0.94004,5000,0.8788089001620257,0.9508393285371702,834,0.899368940641324,0.9458,0.7673432687272274,0.08296704037046998,,,0.6888201367964012,,0.6888258621555143,0.31117413784448567,0.964632173341849,0.38441395239822546,5,0.1,0.5,0.5581879298361474,0.5517686991040406,0.5585999962835858,1.0,0.560092240460881,0.5543509957950822,0.5700805178439031,0.5473104825739625,0.5470647161067853,0.554092524630396,0.5505202175836199,0.5515221223741955
6,4,0.18871456873217585,0.94192,5000,0.8821971902140865,0.9411764705882353,833,0.8904134619731111,0.9464,0.7767308300114844,0.08398198532465907,,,0.8992674172582088,,0.8992771447216505,0.10072285527834945,0.9677008381535503,0.3856060297534021,5,0.1,0.5,0.5565968100700934,0.5599362045637212,0.555854307731418,0.560092240460881,1.0,0.5544878068873336,0.574043656601387,0.5622721845462293,0.5695215314526602,0.5670695275012579,0.5569912336355909,0.5683098706818197
6,5,0.1909592752605914,0.94336,5000,0.91210863104573,0.9339735894357744,833,0.8905211032008211,0.9466,0.7700607731661196,0.08349658011596509,,,0.7986193913036762,,0.7986295868681291,0.20137041313187087,0.9669891900682278,0.38535006614258704,5,0.1,0.5,0.557587148379968,0.5454858268442021,0.5533280086109347,0.5543509957950822,0.5544878068873336,1.0,0.5745815515979822,0.549121103969133,0.5608558496838644,0.5610605609311878,0.554022602388149,0.5604123820276324
6,6,0.1856115033120439,0.945,5000,0.8818526577066492,0.9543817527010804,833,0.8895521935182639,0.9463,0.7836816426628074,0.0842266583778975,,,0.9499999997926515,,0.9500025099141609,0.04999749008583909,0.9677592763756401,0.38563379771147366,5,0.1,0.5,0.5677937803139829,0.5616807849706122,0.5746665785912894,0.5700805178439031,0.574043656601387,0.5745815515979822,1.0,0.5625196721922621,0.5709697978626962,0.5645898724037284,0.5628445848345885,0.5658149272379064
6,7,0.19435778019866745,0.9418,5000,0.8891761170493232,0.9543817527010804,833,0.8951275158233155,0.9466,0.7645713138860024,0.08294689170371361,,,0.6846423416299657,,0.6846493649917172,0.31535063500828275,0.9650953697413672,0.3843605879766931,5,0.1,0.5,0.5545662909356875,0.5430724299296981,0.5504002757765001,0.5473104825739625,0.5622721845462293,0.549121103969133,0.5625196721922621,1.0,0.556762460900948,0.5476341112213824,0.5541237439009423,0.5495769541848087
6,8,0.19716717681497525,0.941,5000,0.9023727730468467,0.9531812725090036,833,0.8925054637007058,0.9463,0.7744988891271193,0.08338016648471948,,,0.7744812033130816,,0.7744892324682496,0.22551076753175037,0.9661282663778972,0.3852196949807496,5,0.1,0.5,0.5684589956411851,0.549242546754084,0.558381259863027,0.5470647161067853,0.5695215314526602,0.5608558496838644,0.5709697978626962,0.556762460900948,1.0,0.5658254104794203,0.5612511038385203,0.5601771493501941
6,9,0.19216231203869366,0.9426,5000,0.9120980258341189,0.9423769507803121,833,0.890323207401239,0.9465,0.7733430012362116,0.08354538620711799,,,0.8087392594903265,,0.8087545805933437,0.1912454194066563,0.9669958814223242,0.38539359690212793,5,0.1,0.5,0.5570232364287442,0.5590288457778837,0.5628784937833178,0.554092524630396,0.5670695275012579,0.5610605609311878,0.5645898724037284,0.5476341112213824,0.5658254104794203,1.0,0.5571663825320644,0.5598822097441257
6,10,0.19420766026303646,0.94208,5000,0.885117217346474,0.9375750300120048,833,0.8969775303103291,0.9461,0.769021615996057,0.0829582257316712,,,0.6869924349532632,,0.687003664474675,0.312996335525325,0.9642082624161027,0.38438920379497776,5,0.1,0.5,0.5596290463655044,0.5479460220353293,0.5529627473574956,0.5505202175836199,0.5569912336355909,0.554022602388149,0.5628445848345885,0.5541237439009423,0.5612511038385203,0.5571663825320644,1.0,0.5623142434413251
6,11,0.19974120546986532,0.93804,5000,0.8888598713609908,0.9411764705882353,833,0.8960147886611403,0.9466,0.7711505971218008,0.08335204290236142,,,0.768649821621229,,0.7686612117865569,0.23133878821344311,0.966382639369842,0.3851835579805262,5,0.1,0.5,0.5611180568818006,0.5444006163810224,0.5532965902309299,0.5515221223741955,0.5683098706818197,0.5604123820276324,0.5658149272379064,0.5495769541848087,0.5601771493501941,0.5598822097441257,0.5623142434413251,1.0
7,0,0.1752197132932295,0.94768,5000,0.7191899772043582,0.9484412470023981,834,0.6919563481221184,0.9512,0.754146181700122,0.08311082587680067,,,0.7213318809869008,,0.721349329852919,0.278650670147081,0.9620932035192886,0.3766892320730844,5,0.1,0.5,1.0,0.526622724832997,0.5306626381165553,0.5253138250726453,0.532992195094507,0.5341930015487488,0.5348152255805846,0.5305684924680875,0.5392726575594918,0.5164163426884775,0.5309957915204833,0.533258076771628
