round,client_id,client_i_training_loss,client_i_training_accuracy,client_i_training_dataset_size,client_i_evaluation_loss,client_i_evaluation_accuracy,client_i_evaluation_dataset_size,client_i_central_evaluation_loss,client_i_central_evaluation_accuracy,client_i_cosine_similarity,client_i_importance_coefficient,client_i_tanh_val,tanh_normalization_value,client_i_q,client_i_mask_order,client_i_v_nonzero_fraction,client_i_v_sparsity,client_i_v_cosine_similarity,client_i_reward_gradient_norm,local_epochs,learning_rate,gamma,client_0_cosine_similarity,client_1_cosine_similarity,client_2_cosine_similarity,client_3_cosine_similarity,client_4_cosine_similarity,client_5_cosine_similarity,client_6_cosine_similarity,client_7_cosine_similarity,client_8_cosine_similarity,client_9_cosine_similarity,client_10_cosine_similarity,client_11_cosine_similarity
0,0,2.2991400639216106,0.14070074394048476,4167,2.299659422465733,0.14028776978417265,834,2.2998123681997953,0.1446,0.9527474244757539,0.08447670091548602,,,0.9290828350032642,,0.9291231370995693,0.07087686290043071,0,0.14097572633628544,10,0.025,0.15,1.0,0.8600474989538673,0.8632120188242935,0.8813383273613977,0.9159602451597071,0.8376406858148255,0.9170617206274985,0.89605743338773,0.9013725467767543,0.8891503236601312,0.8992872002033451,0.8841670264208353
0,1,2.299448032090158,0.13314134869210464,4167,2.3009673867906844,0.1498800959232614,834,2.2998134516462496,0.1448,0.9409316324234391,0.08342903696422191,,,0.859027208649454,,0.8590632272119622,0.14093677278803785,0,0.14096055093152035,10,0.025,0.15,0.8600474989538673,1.0,0.8608987253401091,0.9138139199836987,0.8480937613427292,0.8730778685638493,0.8507413850636416,0.8311622817808272,0.8664009871622028,0.8798116852766457,0.9041250195539114,0.9238714732059911
0,2,2.299154349529382,0.12224622030237581,4167,2.302671636853899,0.11510791366906475,834,2.299814951570728,0.1447,0.9328044744057604,0.0827084309782964,,,0.8108414295764945,,0.8108877556072684,0.18911224439273155,0,0.14093760777628767,10,0.025,0.15,0.8632120188242935,0.8608987253401091,1.0,0.9028638311942271,0.8195583451021617,0.8477325667289893,0.866228340588172,0.9211305179551013,0.8361649666155438,0.7881063165299254,0.8972636501496724,0.91720025464914
0,3,2.298697751218622,0.10607151427885769,4167,2.3019508634294783,0.14628297362110312,834,2.299812060368212,0.1446,0.9551773550208056,0.08469215415170199,,,0.943489851103086,,0.9435477216088198,0.056452278391180166,0,0.14097708108773938,10,0.025,0.15,0.8813383273613977,0.9138139199836987,0.9028638311942271,1.0,0.8678143659561155,0.8663117911971698,0.8592706551618817,0.8824541690902025,0.8826747965504876,0.871331780736161,0.9281832545025591,0.9166471965484888
0,4,2.2987782304937188,0.15425965922726181,4167,2.297568219048636,0.16206482593037214,833,2.2998142423509043,0.1447,0.9353986185755522,0.08293844444832361,,,0.826222065412181,,0.8262778300407652,0.17372216995923484,0,0.14094899601036515,10,0.025,0.15,0.9159602451597071,0.8480937613427292,0.8195583451021617,0.8678143659561155,1.0,0.8099005892935531,0.876130110359701,0.8678185095323061,0.9250319079626143,0.8550581500132302,0.8824481047232705,0.8818257712535571
0,5,2.297672332416881,0.14442044636429086,4167,2.2963340282440186,0.16206482593037214,833,2.299849573569962,0.147,0.9141096264567501,0.0810508257848549,,,0.7,,0.7000132032810154,0.29998679671898465,0,0.14050987145661398,10,0.025,0.15,0.8376406858148255,0.8730778685638493,0.8477325667289893,0.8663117911971698,0.8099005892935531,1.0,0.7904699438848117,0.8521529321876309,0.857327949425123,0.8522521509706181,0.8707465590565567,0.8519171446192859
0,6,2.2988704479101933,0.14230861531077513,4167,2.301030397415161,0.15366146458583432,833,2.2998184886159776,0.1449,0.9260304372206736,0.08210780136904836,,,0.7706782804753488,,0.7707167731181198,0.2292832268818802,0,0.14088278032271345,10,0.025,0.15,0.9170617206274985,0.8507413850636416,0.866228340588172,0.8592706551618817,0.876130110359701,0.7904699438848117,1.0,0.8784041237409173,0.8510671404068277,0.8077566614599209,0.8563736728220603,0.8904548818343475
0,7,2.29900346958276,0.11303095752339813,4167,2.2980476106916154,0.15486194477791115,833,2.2998136417775212,0.1447,0.9396771959443596,0.08331781057563421,,,0.8515896764997781,,0.8516363816408378,0.14836361835916223,0,0.14095845431125265,10,0.025,0.15,0.89605743338773,0.8311622817808272,0.9211305179551013,0.8824541690902025,0.8678185095323061,0.8521529321876309,0.8784041237409173,1.0,0.9044519118755892,0.7768208303525896,0.8952954092277337,0.8921244799665545
0,8,2.2990407271818682,0.14251080172827651,4166,2.301567792892456,0.12965186074429771,833,2.2998127122468586,0.1447,0.9460457653382194,0.08388248880842045,,,0.8893488140920093,,0.8893895132940536,0.11061048670594642,0,0.14096856587639028,10,0.025,0.15,0.9013725467767543,0.8664009871622028,0.8361649666155438,0.8826747965504876,0.9250319079626143,0.857327949425123,0.8510671404068277,0.9044519118755892,1.0,0.8618058913801401,0.9101474580737599,0.8732898000818439
0,9,2.297938919789863,0.1344695151224196,4166,2.301105397088187,0.1332533013205282,833,2.299825209605543,0.1449,0.9151572262452893,0.08114371270508378,,,0.7062112009951844,,0.7062600056113945,0.29373999438860554,0,0.1408031712861767,10,0.025,0.15,0.8891503236601312,0.8798116852766457,0.7881063165299254,0.871331780736161,0.8550581500132302,0.8522521509706181,0.8077566614599209,0.7768208303525896,0.8618058913801401,1.0,0.8967179042140593,0.8425731486221871
0,10,2.2990613012602834,0.13091694671147383,4166,2.300028221947806,0.14285714285714285,833,2.2998120573502554,0.1446,0.9630218962161486,0.08538770151646433,,,0.9899999999331315,,0.9900232707827895,0.00997672921721049,0,0.14097776628768025,10,0.025,0.15,0.8992872002033451,0.9041250195539114,0.8972636501496724,0.9281832545025591,0.8824481047232705,0.8707465590565567,0.8563736728220603,0.8952954092277337,0.9101474580737599,0.8967179042140593,1.0,0.9206121176458526
0,11,2.2995812444975883,0.11903504560729716,4166,2.300535406385149,0.14645858343337334,833,2.2998120573502554,0.1446,0.9571255292633509,0.08486489178246423,,,0.9550405424324198,,0.9550840883959664,0.04491591160403363,0,0.140977413960999,10,0.025,0.15,0.8841670264208353,0.9238714732059911,0.91720025464914,0.9166471965484888,0.8818257712535571,0.8519171446192859,0.8904548818343475,0.8921244799665545,0.8732898000818439,0.8425731486221871,0.9206121176458526,1.0
1,0,2.2625651251186025,0.19056875449964003,4167,2.291198185511998,0.19544364508393286,834,2.2919133494171917,0.1802,0.9880318076401405,0.08403864421903005,,,0.9280231822179196,,0.9280586225677081,0.0719413774322919,0.727571534943009,0.14819908452618955,10,0.025,0.15,1.0,0.9704562201261184,0.9730719941675067,0.9746438490380487,0.9766104033731404,0.9716756190549439,0.9781783113397833,0.9730892782353103,0.9752352038308798,0.9746022696009982,0.9735160924860052,0.9728403142856747
1,1,2.262495082797426,0.20381569474442043,4167,2.29356472832816,0.18944844124700239,834,2.2919167506543894,0.1801,0.9874943011763682,0.08337610925212334,,,0.8579910442192886,,0.8580317208826393,0.14196827911736065,0.727500187492672,0.14818091163311797,10,0.025,0.15,0.9704562201261184,1.0,0.9691858164939967,0.9793186509159199,0.9674190556672366,0.9800381435409321,0.9653039172946509,0.9684451932166214,0.9750213687664732,0.9747116978262744,0.978445325380517,0.9792281377596264
1,2,2.2637174288431803,0.1638588912886969,4167,2.2949261324746266,0.145083932853717,834,2.291924817652642,0.1799,0.9876840192226327,0.08293853362348558,,,0.8117378525535388,,0.8117789770758034,0.18822102292419662,0.7268688695221679,0.14814892750360795,10,0.025,0.15,0.9730719941675067,0.9691858164939967,1.0,0.9743830626973025,0.9719672422897389,0.9718977486711127,0.9754195462375127,0.9785383480153339,0.968136700000096,0.9694116729632781,0.9760970645770444,0.9818890256989484
1,3,2.2538184650016553,0.1861291096712263,4167,2.293565137045724,0.17985611510791366,834,2.291912794113159,0.1802,0.9905937827096072,0.0842543431186092,,,0.9508232695431319,,0.9508672905216946,0.04913270947830539,0.7275732009850762,0.14820115840600817,10,0.025,0.15,0.9746438490380487,0.9793186509159199,0.9743830626973025,1.0,0.9731330487443401,0.9769347541046988,0.9725034549859635,0.9783298114384353,0.977673707695632,0.9788641096041757,0.9769230667074277,0.9814205783683724
1,4,2.2549702853867504,0.20266378689704823,4167,2.2898616790771484,0.1836734693877551,833,2.2919193642048894,0.1801,0.9867520848476578,0.08304996515089712,,,0.8235165336720888,,0.823571157432622,0.176428842567378,0.727336852531516,0.14816621490284454,10,0.025,0.15,0.9766104033731404,0.9674190556672366,0.9719672422897389,0.9731330487443401,1.0,0.9651033184151498,0.9738361225500974,0.9725788709986585,0.9817451299159109,0.9699449312987686,0.9712982480216672,0.9751649193319791
1,5,2.2546268289739437,0.200815934725222,4167,2.2884417261396135,0.1908763505402161,833,2.291994692404059,0.1838,0.9865610573234426,0.08188144417056564,,,0.7,,0.7000132032810154,0.29998679671898465,0.7243636164432473,0.14796690300044246,10,0.025,0.15,0.9716756190549439,0.9800381435409321,0.9718977486711127,0.9769347541046988,0.9651033184151498,1.0,0.9610033729570026,0.9690507221976318,0.9703057823200948,0.9763236077383035,0.9784432109698011,0.9763961609370608
1,6,2.2591800884767013,0.2120950323974082,4167,2.292996679033552,0.19327731092436976,833,2.2919356370274024,0.1809,0.9851546449688326,0.08248671303836104,,,0.7639789218577058,,0.7640078559522041,0.2359921440477959,0.7253955163965847,0.14810398989097517,10,0.025,0.15,0.9781783113397833,0.9653039172946509,0.9754195462375127,0.9725034549859635,0.9738361225500974,0.9610033729570026,1.0,0.9738155198021371,0.967113427402214,0.9688363396299352,0.9680603260012282,0.9760874478291515
1,7,2.258032212112889,0.16570674346052316,4167,2.290452446256365,0.19327731092436976,833,2.2919171641144573,0.1801,0.9881373407797778,0.08332845998105706,,,0.8529543586199948,,0.8529897179449093,0.1470102820550907,0.7274633722934188,0.14817922923255056,10,0.025,0.15,0.9730892782353103,0.9684451932166214,0.9785383480153339,0.9783298114384353,0.9725788709986585,0.9690507221976318,0.9738155198021371,1.0,0.9769558719484016,0.9709563846506547,0.972669856506739,0.9807122437352007
1,8,2.251772640690659,0.1986077772443591,4166,2.293341738837106,0.18127250900360145,833,2.2919144570072993,0.1801,0.9878460698303737,0.08366672951634108,,,0.8887105676640954,,0.8887541053951907,0.11124589460480927,0.7275419447997504,0.14819292729103636,10,0.025,0.15,0.9752352038308798,0.9750213687664732,0.968136700000096,0.977673707695632,0.9817451299159109,0.9703057823200948,0.967113427402214,0.9769558719484016,1.0,0.9740734932127311,0.9729589639990298,0.9724151687531435
1,9,2.245679730357546,0.1872299567930869,4166,2.2925798892974854,0.16926770708283315,833,2.291958555390563,0.1806,0.9875763514967744,0.08197154507359564,,,0.7095239635490608,,0.7095773299664967,0.2904226700335033,0.7243771602980391,0.14799441779423275,10,0.025,0.15,0.9746022696009982,0.9747116978262744,0.9694116729632781,0.9788641096041757,0.9699449312987686,0.9763236077383035,0.9688363396299352,0.9709563846506547,0.9740734932127311,1.0,0.9749976265942071,0.9765726045395035
1,10,2.256101377805074,0.1972155544887182,4166,2.2923875536237444,0.18007202881152462,833,2.2919127880772456,0.1802,0.9888144845876639,0.08462497229670497,,,0.9899999998942967,,0.9900232707827895,0.00997672921721049,0.7275707177677859,0.14820169102426237,10,0.025,0.15,0.9735160924860052,0.978445325380517,0.9760970645770444,0.9769230667074277,0.9712982480216672,0.9784432109698011,0.9680603260012282,0.972669856506739,0.9729589639990298,0.9749976265942071,1.0,0.979392410278385
1,11,2.2601753668351607,0.21022563610177628,4166,2.2927212715148926,0.16686674669867949,833,2.2919128605082064,0.1802,0.9912674168460509,0.08438254055922917,,,0.9643741631578276,,0.9644089056130448,0.03559109438695518,0.7275659024810596,0.14820151900142378,10,0.025,0.15,0.9728403142856747,0.9792281377596264,0.9818890256989484,0.9814205783683724,0.9751649193319791,0.9763961609370608,0.9760874478291515,0.9807122437352007,0.9724151687531435,0.9765726045395035,0.979392410278385,1.0
2,0,2.1428887887434525,0.23705303575713943,4167,2.277974707739694,0.22302158273381295,834,2.2796001887019677,0.2004,0.9907006322145153,0.08385899184022816,,,0.9355305740695082,,0.9355597365945437,0.06444026340545628,0.9165456709079609,0.1481769236157912,10,0.025,0.15,1.0,0.9771193305929672,0.9782915521004051,0.9760838229533029,0.9768596162563599,0.9757089186977649,0.9769558441267407,0.9739359690191312,0.9793374445515283,0.9729719992289811,0.9777911635477892,0.9791266776780735
2,1,2.1461714553110527,0.23638108951283898,4167,2.282086065837315,0.20983213429256595,834,2.2796073140977304,0.2006,0.9874017819534268,0.08334409229835349,,,0.8520687183077981,,0.852106748527009,0.14789325147299104,0.9163754787672845,0.14814302082331685,10,0.025,0.15,0.9771193305929672,1.0,0.9702249511830046,0.9745037241829323,0.9670175472855924,0.9764064194717413,0.9689498781272468,0.9712967335555858,0.9755474089002949,0.9715566739167657,0.9784163768412419,0.974139764804306
2,2,2.1532668258204604,0.22934965202783777,4167,2.283297504697527,0.16666666666666666,834,2.2796233454837074,0.2006,0.9874930312758509,0.0830775942691532,,,0.8088711268069143,,0.8089072634549686,0.19109273654503145,0.9161954773891461,0.14810435462036028,10,0.025,0.15,0.9782915521004051,0.9702249511830046,1.0,0.9744699595247477,0.9701111820121788,0.9710593871536214,0.9731789839807561,0.9758583270711724,0.9705513029484312,0.9689243370902312,0.9748485346771597,0.9788227300449636
2,3,2.1323311950221204,0.24050875929925605,4167,2.2807879788534984,0.19904076738609114,834,2.279599313494525,0.2002,0.9889315122243375,0.08393448009162335,,,0.9477667270222001,,0.947814031786899,0.05218596821310095,0.9166365729180763,0.14818246477613026,10,0.025,0.15,0.9760838229533029,0.9745037241829323,0.9744699595247477,1.0,0.971902059403315,0.9746336634132573,0.9761898602240324,0.9717856685237761,0.9750990191933855,0.9753062528815672,0.9752154018815934,0.97800740064997
2,4,2.1329545931382614,0.23642908567314616,4167,2.277716193880354,0.19207683073229292,833,2.279612945604928,0.2005,0.9856465233407392,0.08308636739105471,,,0.8102931926181549,,0.8103348682147513,0.1896651317852487,0.9161332954361284,0.14810571832238095,10,0.025,0.15,0.9768596162563599,0.9670175472855924,0.9701111820121788,0.971902059403315,1.0,0.9709379842471169,0.9711679581578421,0.9675267929410865,0.9772161536174194,0.9645602184107535,0.9748719736447864,0.9722435287980338
2,5,2.140250842860251,0.2390448764098872,4167,2.275901896612985,0.20408163265306123,833,2.279739301415938,0.2041,0.9882294203281946,0.08245051382198139,,,0.7072254783328629,,0.7072667557888135,0.2927332442111865,0.9155395181286051,0.1479208763958088,10,0.025,0.15,0.9757089186977649,0.9764064194717413,0.9710593871536214,0.9746336634132573,0.9709379842471169,1.0,0.9717944589498801,0.9736164904721637,0.9747730873537517,0.9729437843879387,0.9774184844658006,0.9761929474780948
2,6,2.142378356601253,0.24442044636429086,4167,2.280466045652117,0.21728691476590636,833,2.2796416825886014,0.2012,0.9868238498794181,0.08277767868789129,,,0.7602567681830257,,0.7603026852172765,0.2396973147827235,0.916058225016819,0.14804537645521426,10,0.025,0.15,0.9769558441267407,0.9689498781272468,0.9731789839807561,0.9761898602240324,0.9711679581578421,0.9717944589498801,1.0,0.9702909901428888,0.9708792711293729,0.9696822081682646,0.9744947422196856,0.9750426770699734
2,7,2.144110918045044,0.2359251259899208,4167,2.2783527033669606,0.21608643457382953,833,2.2796077154859713,0.2006,0.9863261786207377,0.08327988987544033,,,0.8416619245063872,,0.8416844085755311,0.15831559142446894,0.9163535092913289,0.14813713498685577,10,0.025,0.15,0.9739359690191312,0.9712967335555858,0.9758583270711724,0.9717856685237761,0.9675267929410865,0.9736164904721637,0.9702909901428888,1.0,0.9701632097907835,0.9673899189926598,0.9742367979583586,0.9763837230772443
2,8,2.1312002499898273,0.24035045607297167,4166,2.280935151236398,0.20888355342136855,833,2.279602518564538,0.2003,0.9883689272281476,0.0835543991000658,,,0.8861580785086511,,0.8862042217491046,0.11379577825089537,0.9164769584366715,0.14816565633816353,10,0.025,0.15,0.9793374445515283,0.9755474089002949,0.9705513029484312,0.9750990191933855,0.9772161536174194,0.9747730873537517,0.9708792711293729,0.9701632097907835,1.0,0.9727284648802654,0.9779067452849238,0.9724074922850684
2,9,2.1204373587261545,0.23845415266442632,4166,2.2796575682503835,0.17647058823529413,833,2.279688575599767,0.2012,0.9851421290077568,0.08240593782436592,,,0.7,,0.7000132032810154,0.29998679671898465,0.9156578372177395,0.14789080489832626,10,0.025,0.15,0.9729719992289811,0.9715566739167657,0.9689243370902312,0.9753062528815672,0.9645602184107535,0.9729437843879387,0.9696822081682646,0.9673899189926598,0.9727284648802654,1.0,0.9719895524386173,0.9709271454613393
2,10,2.139991210084973,0.23362938070091216,4166,2.2801815441676547,0.20168067226890757,833,2.2795998325830773,0.2003,0.9899286868183039,0.08419502896902624,,,0.9899999998379065,,0.9900232707827895,0.00997672921721049,0.9166488422599881,0.1481842257768766,10,0.025,0.15,0.9777911635477892,0.9784163768412419,0.9748485346771597,0.9752154018815934,0.9748719736447864,0.9774184844658006,0.9744947422196856,0.9742367979583586,0.9779067452849238,0.9719895524386173,1.0,0.9776835929255782
2,11,2.1420189055529506,0.23948631781084972,4166,2.280614512307303,0.18607442977190877,833,2.2796001947378812,0.2002,0.9895980584851397,0.08403502583081629,,,0.9640645352343077,,0.9640953276889307,0.03590467231106931,0.9166369383975816,0.14818355293340527,10,0.025,0.15,0.9791266776780735,0.974139764804306,0.9788227300449636,0.97800740064997,0.9722435287980338,0.9761929474780948,0.9750426770699734,0.9763837230772443,0.9724074922850684,0.9709271454613393,0.9776835929255782,1.0
3,0,2.0553020560380184,0.27221022318214544,4167,2.258434295654297,0.2446043165467626,834,2.26135349877273,0.2211,0.9872907745345945,0.0837557969704525,,,0.9446979499505281,,0.9447525210014689,0.05524747899853111,0.9688093807020245,0.14763843004669883,10,0.025,0.15,1.0,0.9714932936917291,0.9696869359511524,0.9680352701381554,0.9673804446274248,0.9701541096788919,0.9655107880658755,0.9676897135881236,0.970923213062338,0.9671325886924507,0.9714401211459166,0.9713776119449565
3,1,2.060393593889294,0.26520278377729783,4167,2.264836549758911,0.22661870503597123,834,2.2613823474208012,0.2208,0.9841146745506236,0.08333519613865228,,,0.8454538161836697,,0.8455051080193428,0.15449489198065725,0.9684908390904923,0.1475933736376016,10,0.025,0.15,0.9714932936917291,1.0,0.960905607627795,0.9660077287017134,0.9583564845416225,0.9724870754892609,0.959611753047509,0.9642319984158418,0.9675531949868283,0.9673988940296201,0.9705589023101807,0.9649013528074107
3,2,2.067598312551325,0.26647468202543795,4167,2.2663436276572093,0.17625899280575538,834,2.261416909060901,0.2203,0.9828290650011797,0.08312913196762545,,,0.7968313251952113,,0.7968675215791124,0.20313247842088755,0.9682613266260278,0.14753637066608474,10,0.025,0.15,0.9696869359511524,0.960905607627795,1.0,0.9656124517867247,0.961561319290621,0.9623083191377311,0.9609908532842889,0.9652089303034667,0.9628625133792965,0.9635480699905249,0.9679698961168232,0.9676904180444034
3,3,2.0469992579835834,0.26906647468202544,4167,2.261983190264021,0.2170263788968825,834,2.261351730250105,0.2211,0.9851209422691554,0.08373192393363989,,,0.9390649157772201,,0.9391081183674143,0.06089188163258574,0.9688483852292338,0.14763781065333184,10,0.025,0.15,0.9680352701381554,0.9660077287017134,0.9656124517867247,1.0,0.9662679421622743,0.9686975715326478,0.9664987649035274,0.9658121744880269,0.9670123858852268,0.966892379819171,0.9671993442535474,0.9671924303212535
3,4,2.0475710305300625,0.2659947204223662,4167,2.2592736652919223,0.21608643457382953,833,2.2614005819151672,0.2205,0.9825822101664327,0.08312653013213392,,,0.796217401279618,,0.7962403657308841,0.20375963426911592,0.9682752564647606,0.14753555241579872,10,0.025,0.15,0.9673804446274248,0.9583564845416225,0.961561319290621,0.9662679421622743,1.0,0.9678517157028182,0.9645485923315946,0.9587144449922911,0.9680934056779071,0.9609942135434687,0.9680023987542754,0.9637337725549491
3,5,2.0545881647052187,0.2697864170866331,4167,2.2576441764831543,0.22208883553421369,833,2.2616161274004587,0.2226,0.9864684915480738,0.08286055697030918,,,0.7334589042563254,,0.733516528857421,0.266483471142579,0.967913961275553,0.1474305353362631,10,0.025,0.15,0.9701541096788919,0.9724870754892609,0.9623083191377311,0.9686975715326478,0.9678517157028182,1.0,0.9659068131756003,0.9679441513469663,0.9695499349385439,0.9686873308282437,0.9703240571612421,0.9677450216252564
3,6,2.0583093625126465,0.26652267818574515,4167,2.2616001197269986,0.23289315726290516,833,2.2614686670182627,0.2225,0.9819630664418806,0.08291607933410572,,,0.7465598505290446,,0.7465877770626,0.25341222293739996,0.9682772309214426,0.14745409622121758,10,0.025,0.15,0.9655107880658755,0.959611753047509,0.9609908532842889,0.9664987649035274,0.9645485923315946,0.9659068131756003,1.0,0.9609989438692528,0.9622324143727485,0.9632907237014481,0.966563203915076,0.9622281068100038
3,7,2.0583999890269653,0.27254619630429566,4167,2.260479313986642,0.24489795918367346,833,2.2613843302183514,0.2211,0.982304279875242,0.0832368472728943,,,0.822247613886521,,0.8222920895842617,0.1777079104157383,0.9683240719366911,0.1475761143571729,10,0.025,0.15,0.9676897135881236,0.9642319984158418,0.9652089303034667,0.9658121744880269,0.9587144449922911,0.9679441513469663,0.9609989438692528,1.0,0.9600653949692523,0.9578460601771789,0.966998977354433,0.9665771460320245
3,8,2.0444933009870123,0.27071531445031205,4166,2.262690305709839,0.234093637454982,833,2.2613599058947984,0.221,0.9844023740781097,0.08347422146211844,,,0.8782579543495441,,0.8782905051905399,0.12170949480946014,0.9687750860705967,0.14761904639367293,10,0.025,0.15,0.970923213062338,0.9675531949868283,0.9628625133792965,0.9670123858852268,0.9680934056779071,0.9695499349385439,0.9622324143727485,0.9600653949692523,1.0,0.9665071511939408,0.9696567112959451,0.962401514017893
3,9,2.034265783700076,0.2716514642342775,4166,2.261059250150408,0.19447779111644659,833,2.2615703087818773,0.2227,0.982946408097261,0.08271875672048894,,,0.7,,0.7000132032810154,0.29998679671898465,0.9671839122563869,0.1473341573075059,10,0.025,0.15,0.9671325886924507,0.9673988940296201,0.9635480699905249,0.966892379819171,0.9609942135434687,0.9686873308282437,0.9632907237014481,0.9578460601771789,0.9665071511939408,1.0,0.9664370315455224,0.9614320630146258
3,10,2.0577732021158393,0.26039366298607775,4166,2.2619428294045583,0.22929171668667467,833,2.261352599421634,0.2211,0.9868215615866648,0.08394778897149692,,,0.9899999997640421,,0.9900232707827895,0.00997672921721049,0.9688728480198804,0.1476401135987843,10,0.025,0.15,0.9714401211459166,0.9705589023101807,0.9679698961168232,0.9671993442535474,0.9680023987542754,0.9703240571612421,0.966563203915076,0.966998977354433,0.9696567112959451,0.9664370315455224,1.0,0.9700343366709764
3,11,2.0555952429771422,0.2660585693710994,4166,2.2625163282666887,0.20528211284513806,833,2.2613533539108084,0.2211,0.984296548608287,0.0837671701260824,,,0.9473815370795724,,0.9474179333564391,0.05258206664356091,0.9688502785552164,0.14763863332867785,10,0.025,0.15,0.9713776119449565,0.9649013528074107,0.9676904180444034,0.9671924303212535,0.9637337725549491,0.9677450216252564,0.9622281068100038,0.9665771460320245,0.962401514017893,0.9614320630146258,0.9700343366709764,1.0
4,0,1.9924425367153051,0.2912167026637869,4167,2.2322607040405273,0.26618705035971224,834,2.2367194604270066,0.2518,0.9833235003313722,0.08368283978532255,,,0.99,,0.9900232707827895,0.00997672921721049,0.9831613601060539,0.14709025662959116,10,0.025,0.15,1.0,0.964459538749066,0.9609686986559448,0.961012859670635,0.9589224170665674,0.9602848277316169,0.9577620717807167,0.9609770830551884,0.9637559098323153,0.9578320480381053,0.961806585761844,0.9629354424398915
4,1,1.9973431262102994,0.28560115190784735,4167,2.241407973425729,0.24700239808153476,834,2.236763030667848,0.2518,0.9807972825306247,0.08334099372965063,,,0.99,,0.9900232707827895,0.00997672921721049,0.9828124521566339,0.14709025662959116,10,0.025,0.15,0.964459538749066,1.0,0.9523555132312226,0.9595199051633887,0.9508617464919648,0.9659880560171128,0.9514320156880802,0.9570878386851158,0.9600755022557687,0.9601282883302763,0.9625039494023471,0.956770245778675
4,2,2.0054577773267575,0.29016078713702903,4167,2.2432773113250732,0.2290167865707434,834,2.236815799640704,0.252,0.9781869029883322,0.08312889752135291,,,0.99,,0.9900232707827895,0.00997672921721049,0.9823383980623764,0.14709025662959116,10,0.025,0.15,0.9609686986559448,0.9523555132312226,1.0,0.9575318389531947,0.9523075729464231,0.9520339394756437,0.952137189123151,0.9574036989995031,0.9564707121091922,0.9556038012368259,0.9577647641384933,0.9559731199467881
4,3,1.984718956008102,0.28917686585073193,4167,2.236422504697527,0.24700239808153476,834,2.2367163368418246,0.2519,0.9823249943619912,0.08363564357067986,,,0.99,,0.9900232707827895,0.00997672921721049,0.9831442547829146,0.14709025662959116,10,0.025,0.15,0.961012859670635,0.9595199051633887,0.9575318389531947,1.0,0.9592843751599693,0.9620160829073588,0.9586569502427057,0.9583228286549905,0.9631051093457309,0.9592744688568969,0.9610380055151413,0.9592569591613234
4,4,1.9870848818258806,0.28528917686585076,4167,2.2342239107404436,0.25930372148859543,833,2.236792745469492,0.252,0.9788212099411698,0.08314790714087543,,,0.99,,0.9900232707827895,0.00997672921721049,0.9823175354504549,0.14709025662959116,10,0.025,0.15,0.9589224170665674,0.9508617464919648,0.9523075729464231,0.9592843751599693,1.0,0.9600213874092365,0.9564872777567642,0.9522749480768523,0.9605213992517327,0.9535499112302006,0.9588476184269936,0.9549761073438784
4,5,1.9910437630884574,0.2893928485721142,4167,2.2329602922712053,0.25210084033613445,833,2.237093668949755,0.2489,0.9826119525651164,0.083106865091727,,,0.99,,0.9900232707827895,0.00997672921721049,0.9814256998806334,0.14709025662959116,10,0.025,0.15,0.9602848277316169,0.9659880560171128,0.9520339394756437,0.9620160829073588,0.9600213874092365,1.0,0.9582618690142737,0.9620488041272417,0.9622067696667419,0.9608923512526619,0.9612947761788768,0.957757994902373
4,6,1.9978079145604914,0.2843772498200144,4167,2.235828263419015,0.25090036014405764,833,2.2368926428541354,0.2507,0.9779519225763459,0.0829896913055865,,,0.99,,0.9900232707827895,0.00997672921721049,0.9815631940493074,0.14709025662959116,10,0.025,0.15,0.9577620717807167,0.9514320156880802,0.952137189123151,0.9586569502427057,0.9564872777567642,0.9582618690142737,1.0,0.9538785071300654,0.9553615281051262,0.9551033230933879,0.9570212706991508,0.9518836213670098
4,7,1.9932722908077818,0.2962083033357331,4167,2.2362378665379117,0.2725090036014406,833,2.2367664017254794,0.252,0.9797159379967507,0.08324511316691675,,,0.99,,0.9900232707827895,0.00997672921721049,0.9826999171588019,0.14709025662959116,10,0.025,0.15,0.9609770830551884,0.9570878386851158,0.9574036989995031,0.9583228286549905,0.9522749480768523,0.9620488041272417,0.9538785071300654,1.0,0.9557347235772495,0.9507055618962775,0.959848289376159,0.9601952975455381
4,8,1.9810420151912804,0.29258281325012003,4166,2.238379648753575,0.26770708283313327,833,2.236729540402376,0.2521,0.9818473836429964,0.08346097821300151,,,0.99,,0.9900232707827895,0.00997672921721049,0.9829445945493603,0.14709025662959116,10,0.025,0.15,0.9637559098323153,0.9600755022557687,0.9564707121091922,0.9631051093457309,0.9605213992517327,0.9622067696667419,0.9553615281051262,0.9557347235772495,1.0,0.9596305116600412,0.9622336425158835,0.9544047294670681
4,9,1.9724330674518238,0.2942630820931349,4166,2.2363217898777554,0.2304921968787515,833,2.2370490695856793,0.2504,0.979304140518126,0.08291178644152625,,,0.99,,0.9900232707827895,0.00997672921721049,0.980821546398001,0.14709025662959116,10,0.025,0.15,0.9578320480381053,0.9601282883302763,0.9556038012368259,0.9592744688568969,0.9535499112302006,0.9608923512526619,0.9551033230933879,0.9507055618962775,0.9596305116600412,1.0,0.9600726801083105,0.9511936641651143
4,10,1.9960758649941646,0.28504560729716755,4166,2.2370478425707137,0.25690276110444177,833,2.2367171366003493,0.2519,0.9827140277275439,0.08378159362013254,,,0.99,,0.9900232707827895,0.00997672921721049,0.9831801305135286,0.14709025662959116,10,0.025,0.15,0.961806585761844,0.9625039494023471,0.9577647641384933,0.9610380055151413,0.9588476184269936,0.9612947761788768,0.9570212706991508,0.959848289376159,0.9622336425158835,0.9600726801083105,1.0,0.9610476335394632
4,11,1.9937693520025774,0.2879980796927508,4166,2.238101005554199,0.23649459783913565,833,2.236718307567548,0.252,0.9795645907764154,0.0835676904132281,,,0.99,,0.9900232707827895,0.00997672921721049,0.9831691973929522,0.14709025662959116,10,0.025,0.15,0.9629354424398915,0.956770245778675,0.9559731199467881,0.9592569591613234,0.9549761073438784,0.957757994902373,0.9518836213670098,0.9601952975455381,0.9544047294670681,0.9511936641651143,0.9610476335394632,1.0
5,0,1.941865201068647,0.30981521478281737,4167,2.2000026362282887,0.29856115107913667,834,2.2063495328154743,0.2786,0.978346014914898,0.08360092406771957,,,0.99,,0.9900232707827895,0.00997672921721049,0.987558224338304,0.14651543952784235,10,0.025,0.15,1.0,0.9550319456499632,0.9534348140098983,0.9527432858918705,0.9472002457743106,0.9488575150582724,0.9475355239600955,0.9523249736313006,0.9538316684298475,0.9489107444334358,0.9540794279565693,0.9532041864116559
5,1,1.9468804930195664,0.30597552195824335,4167,2.2123964854649136,0.26618705035971224,834,2.206412218794038,0.2786,0.976341298179048,0.08332424886509743,,,0.99,,0.9900232707827895,0.00997672921721049,0.987558224338304,0.14651543952784235,10,0.025,0.15,0.9550319456499632,1.0,0.9439469857737517,0.9495698115947908,0.9422215033322612,0.9566288116163782,0.9416047891825179,0.9475393953598847,0.951004010043821,0.9534328990777144,0.9544811057609067,0.9483871281994617
5,2,1.9546262300375736,0.30655147588192944,4167,2.214712994439261,0.27577937649880097,834,2.206488201889811,0.2786,0.9746788167631171,0.0831389595206563,,,0.99,,0.9900232707827895,0.00997672921721049,0.987558224338304,0.14651543952784235,10,0.025,0.15,0.9534348140098983,0.9439469857737517,1.0,0.9504133551450626,0.9434538885899183,0.9429238485262506,0.9443661282688024,0.9498898785004627,0.9490304457384248,0.9491787246655905,0.9504335826189848,0.9474220583636178
5,3,1.9381554560227827,0.30386369090472765,4167,2.2051967552730014,0.28177458033573144,834,2.206344701066802,0.2787,0.978719222731192,0.08358388305329714,,,0.99,,0.9900232707827895,0.00997672921721049,0.987558224338304,0.14651543952784235,10,0.025,0.15,0.9527432858918705,0.9495698115947908,0.9504133551450626,1.0,0.9497702482702007,0.9542163980319829,0.9506528650213113,0.950472379610021,0.9559630970270364,0.9525665105382876,0.9541027794709667,0.9511300257642414
5,4,1.9389042337735494,0.3005759539236861,4167,2.202958379473005,0.2785114045618247,833,2.206457642060292,0.2787,0.9746208498623543,0.08314882944622073,,,0.99,,0.9900232707827895,0.00997672921721049,0.987558224338304,0.14651543952784235,10,0.025,0.15,0.9472002457743106,0.9422215033322612,0.9434538885899183,0.9497702482702007,1.0,0.9524018224410346,0.9468775982986549,0.9446111444001374,0.9515993979466117,0.9474793072638769,0.9515358362643176,0.9466931343344044
5,5,1.9429782856594433,0.3084713222942165,4167,2.202468224934169,0.28211284513805523,833,2.206863877139514,0.2785,0.9787532332614919,0.08325795882359514,,,0.99,,0.9900232707827895,0.00997672921721049,0.987558224338304,0.14651543952784235,10,0.025,0.15,0.9488575150582724,0.9566288116163782,0.9429238485262506,0.9542163980319829,0.9524018224410346,1.0,0.9501810658591482,0.9551860235096548,0.9547615082882948,0.9535162821130386,0.9536307044548462,0.9500044564157499
5,6,1.9501888845906112,0.29870410367170624,4167,2.2041449206215993,0.27490996398559425,833,2.2065970113005817,0.2799,0.9738253273173112,0.0830250834822813,,,0.99,,0.9900232707827895,0.00997672921721049,0.987558224338304,0.14651543952784235,10,0.025,0.15,0.9475355239600955,0.9416047891825179,0.9443661282688024,0.9506528650213113,0.9468775982986549,0.9501810658591482,1.0,0.9461414545243017,0.9462327292264218,0.94848420576862,0.9504202941297161,0.9421491733615146
5,7,1.9446529691869563,0.31243100551955844,4167,2.2063662324632918,0.30012004801920766,833,2.2064178714269325,0.2784,0.9763835137592713,0.08326632418693365,,,0.99,,0.9900232707827895,0.00997672921721049,0.987558224338304,0.14651543952784235,10,0.025,0.15,0.9523249736313006,0.9475393953598847,0.9498898785004627,0.950472379610021,0.9446111444001374,0.9551860235096548,0.9461414545243017,1.0,0.949194514947701,0.9436262916481519,0.9520581020881439,0.9533543990562012
5,8,1.9329259872436524,0.3114498319731157,4166,2.2085745675223216,0.2797118847539016,833,2.20636507227451,0.2786,0.9781352935095198,0.08345685116201694,,,0.99,,0.9900232707827895,0.00997672921721049,0.987558224338304,0.14651543952784235,10,0.025,0.15,0.9538316684298475,0.951004010043821,0.9490304457384248,0.9559630970270364,0.9515993979466117,0.9547615082882948,0.9462327292264218,0.949194514947701,1.0,0.9533276831801658,0.9535553692924578,0.9463463898045917
5,9,1.9253006050080963,0.31281805088814213,4166,2.206266777856009,0.27010804321728693,833,2.2068201469469675,0.2774,0.9763950835157696,0.08306054967807576,,,0.99,,0.9900232707827895,0.00997672921721049,0.987558224338304,0.14651543952784235,10,0.025,0.15,0.9489107444334358,0.9534328990777144,0.9491787246655905,0.9525665105382876,0.9474793072638769,0.9535162821130386,0.94848420576862,0.9436262916481519,0.9533276831801658,1.0,0.9523930539551473,0.9418840206664577
5,10,1.944852632826025,0.30273643783005283,4166,2.205982208251953,0.27130852340936373,833,2.2063452533528776,0.2787,0.9794647664147225,0.0836984161976303,,,0.99,,0.9900232707827895,0.00997672921721049,0.987558224338304,0.14651543952784235,10,0.025,0.15,0.9540794279565693,0.9544811057609067,0.9504335826189848,0.9541027794709667,0.9515358362643176,0.9536307044548462,0.9504202941297161,0.9520581020881439,0.9535553692924578,0.9523930539551473,1.0,0.9535618304427808
5,11,1.9428202903631961,0.3050888142102736,4166,2.2080342088426863,0.25690276110444177,833,2.206346753277356,0.2788,0.9755277565052,0.08343797151647593,,,0.99,,0.9900232707827895,0.00997672921721049,0.987558224338304,0.14651543952784235,10,0.025,0.15,0.9532041864116559,0.9483871281994617,0.9474220583636178,0.9511300257642414,0.9466931343344044,0.9500044564157499,0.9421491733615146,0.9533543990562012,0.9463463898045917,0.9418840206664577,0.9535618304427808,1.0
6,0,1.9006411541591992,0.32229421646268297,4167,2.1629109723227367,0.328537170263789,834,2.1711216817928265,0.3041,0.9752420471786661,0.08353762386906204,,,0.99,,0.9900232707827895,0.00997672921721049,0.9899966450148561,0.14610903276691797,10,0.025,0.15,1.0,0.9487801909780605,0.9467274579780539,0.9463478392304563,0.9424308587310943,0.9405866177476865,0.9405225101064301,0.9467886790919846,0.9482315617696306,0.9450921603018324,0.9465089524500251,0.9471029964346853
6,1,1.9063572666861794,0.31751859851211905,4167,2.178845064980643,0.28776978417266186,834,2.17120655578903,0.304,0.9732973182190385,0.08330295892894708,,,0.99,,0.9900232707827895,0.00997672921721049,0.9899966450148561,0.14610903276691797,10,0.025,0.15,0.9487801909780605,1.0,0.9371686051704413,0.9436194505436541,0.937107285932481,0.9511459361657915,0.933858683254436,0.9428402914141708,0.9454682335672648,0.946877805221806,0.947267968698209,0.9423924111948199
6,2,1.9140204332091593,0.3202783777297816,4167,2.181165933609009,0.2973621103117506,834,2.17130872267711,0.3038,0.9713805904975206,0.08312578529857785,,,0.99,,0.9900232707827895,0.00997672921721049,0.9899966450148561,0.14610903276691797,10,0.025,0.15,0.9467274579780539,0.9371686051704413,1.0,0.9438485433438762,0.938777501734862,0.9352612082922294,0.9373583050574469,0.9437521281279636,0.9429147209446411,0.9450049064383215,0.9420926478075957,0.9413869422254693
6,3,1.893549658312942,0.32243820494360453,4167,2.1689534187316895,0.30815347721822545,834,2.1711146197741544,0.3043,0.9760707247856577,0.0835540761340031,,,0.99,,0.9900232707827895,0.00997672921721049,0.9899966450148561,0.14610903276691797,10,0.025,0.15,0.9463478392304563,0.9436194505436541,0.9438485433438762,1.0,0.9465810226900402,0.9495121279975364,0.941060257223372,0.9463224991547738,0.9502243868169052,0.9475238515882735,0.9485396139276455,0.9452474271793992
6,4,1.8987014799407034,0.3137029037676986,4167,2.166700158800398,0.30012004801920766,833,2.1712702014778236,0.3039,0.973196901225966,0.08319108100890912,,,0.99,,0.9900232707827895,0.00997672921721049,0.9899966450148561,0.14610903276691797,10,0.025,0.15,0.9424308587310943,0.937107285932481,0.938777501734862,0.9465810226900402,1.0,0.946932045947854,0.940995991014818,0.9418627983661821,0.947470350684516,0.9440188563776473,0.9475903578520266,0.9417425545928404
6,5,1.8974063685446074,0.32663786897048236,4167,2.167391845158168,0.31812725090036015,833,2.1717897608310364,0.3039,0.9755739770889507,0.0833361030069255,,,0.99,,0.9900232707827895,0.00997672921721049,0.9899966450148561,0.14610903276691797,10,0.025,0.15,0.9405866177476865,0.9511459361657915,0.9352612082922294,0.9495121279975364,0.946932045947854,1.0,0.9423406965517184,0.9495063431073576,0.9482917684022526,0.9480272849569438,0.9471616026378007,0.9444713905478094
6,6,1.9083836858922785,0.31375089992800576,4167,2.1674305370875766,0.3085234093637455,833,2.1714509016350854,0.3036,0.969886987858235,0.08300661278654613,,,0.99,,0.9900232707827895,0.00997672921721049,0.9899966450148561,0.14610903276691797,10,0.025,0.15,0.9405225101064301,0.933858683254436,0.9373583050574469,0.941060257223372,0.940995991014818,0.9423406965517184,1.0,0.9403906870986266,0.939505805168862,0.9428761072601844,0.9418788607829459,0.9361744774582993
6,7,1.9039423967852738,0.32594192464602834,4167,2.1713484014783586,0.3289315726290516,833,2.1712150634089604,0.304,0.9744198272247998,0.08330367385441662,,,0.99,,0.9900232707827895,0.00997672921721049,0.9899966450148561,0.14610903276691797,10,0.025,0.15,0.9467886790919846,0.9428402914141708,0.9437521281279636,0.9463224991547738,0.9418627983661821,0.9495063431073576,0.9403906870986266,1.0,0.9445041500055752,0.9387127960015981,0.9466345907669059,0.9483891030232241
6,8,1.889238100340872,0.32237157945271244,4166,2.1742447444370816,0.29411764705882354,833,2.171144153498396,0.3042,0.9756672788341761,0.08346228164598055,,,0.99,,0.9900232707827895,0.00997672921721049,0.9899966450148561,0.14610903276691797,10,0.025,0.15,0.9482315617696306,0.9454682335672648,0.9429147209446411,0.9502243868169052,0.947470350684516,0.9482917684022526,0.939505805168862,0.9445041500055752,1.0,0.9473917980473286,0.948651975265438,0.9415217591149857
6,9,1.878861878857468,0.328564570331253,4166,2.1714208807264055,0.30012004801920766,833,2.171746534637258,0.3023,0.9745602769637292,0.08318085118368382,,,0.99,,0.9900232707827895,0.00997672921721049,0.9899966450148561,0.14610903276691797,10,0.025,0.15,0.9450921603018324,0.946877805221806,0.9450049064383215,0.9475238515882735,0.9440188563776473,0.9480272849569438,0.9428761072601844,0.9387127960015981,0.9473917980473286,1.0,0.9473672198044678,0.9386268915768549
6,10,1.9018753109556257,0.3200192030724916,4166,2.1697210243770053,0.28811524609843936,833,2.1711146288280245,0.3042,0.9762654649534068,0.0836313316473504,,,0.99,,0.9900232707827895,0.00997672921721049,0.9899966450148561,0.14610903276691797,10,0.025,0.15,0.9465089524500251,0.947267968698209,0.9420926478075957,0.9485396139276455,0.9475903578520266,0.9471616026378007,0.9418788607829459,0.9466345907669059,0.948651975265438,0.9473672198044678,1.0,0.9473371341362653
