round,client_id,client_i_training_loss,client_i_training_accuracy,client_i_training_dataset_size,client_i_evaluation_loss,client_i_evaluation_accuracy,client_i_evaluation_dataset_size,client_i_central_evaluation_loss,client_i_central_evaluation_accuracy,client_i_cosine_similarity,client_i_importance_coefficient,client_i_tanh_val,tanh_normalization_value,client_i_q,client_i_mask_order,client_i_v_nonzero_fraction,client_i_v_sparsity,client_i_v_cosine_similarity,client_i_reward_gradient_norm,local_epochs,learning_rate,gamma,client_0_cosine_similarity,client_1_cosine_similarity,client_2_cosine_similarity,client_3_cosine_similarity,client_4_cosine_similarity,client_5_cosine_similarity,client_6_cosine_similarity,client_7_cosine_similarity,client_8_cosine_similarity,client_9_cosine_similarity,client_10_cosine_similarity,client_11_cosine_similarity
0,0,2.2457301835345613,0.27296,5000,2.2709263960520425,0.17026378896882494,834,2.2669081230894825,0.1925,0.9927730870489223,0.08326430628365769,,,0.98,,0.9800166246218381,0.01998337537816186,0,0.09935960888170738,5,0.001,0.1,1.0,0.9811259208556643,0.9780807679653934,0.9901345602016492,0.9843091121054952,0.9880001004590989,0.9814785647297949,0.9906899750572226,0.9858372295436147,0.9932307451122093,0.9708778070002685,0.9932209117393436
0,1,2.242779621804596,0.2502,5000,2.269070996178521,0.19784172661870503,834,2.2669081230894825,0.1925,0.9950399844441391,0.08345443194428577,,,0.98,,0.9800166246218381,0.01998337537816186,0,0.09935960888170738,5,0.001,0.1,0.9811259208556643,1.0,0.9940934820290634,0.9770309079744778,0.9900514685803726,0.9875712793419067,0.9916092490696948,0.9873241663043631,0.9930001932832201,0.9861112910768856,0.9903834575915785,0.9857128440382757
0,2,2.242184404810523,0.25532,5000,2.266083425945706,0.1774580335731415,834,2.2669081230894825,0.1925,0.9939456038163985,0.08336264576981364,,,0.98,,0.9800166246218381,0.01998337537816186,0,0.09935960888170738,5,0.001,0.1,0.9780807679653934,0.9940934820290634,1.0,0.9760754333100968,0.9910459380100505,0.9862864036914873,0.9956296357280517,0.9830931144497085,0.9926524261461903,0.9822786191238962,0.9900875441665723,0.981642427364389
0,3,2.2435322898208714,0.3054,5000,2.2646431216487177,0.2170263788968825,834,2.2669081230894825,0.1925,0.989864376167097,0.0830203514495527,,,0.98,,0.9800166246218381,0.01998337537816186,0,0.09935960888170738,5,0.001,0.1,0.9901345602016492,0.9770309079744778,0.9760754333100968,1.0,0.9814504166676397,0.9764602376744753,0.9761736322367192,0.9921674774076292,0.982821190005998,0.987845697931836,0.9746183637911168,0.987526772215813
0,4,2.2414085631157943,0.23884,5000,2.265411041401051,0.19567827130852342,833,2.2669081230894825,0.1925,0.994784944033143,0.08343304159519903,,,0.98,,0.9800166246218381,0.01998337537816186,0,0.09935960888170738,5,0.001,0.1,0.9843091121054952,0.9900514685803726,0.9910459380100505,0.9814504166676397,1.0,0.9902147122694259,0.9913068863975465,0.9851991372672115,0.993266941822114,0.9846336190522708,0.9832369516489629,0.9862581895137605
0,5,2.245404802613957,0.25112,5000,2.2613044844733343,0.21008403361344538,833,2.2669081230894825,0.1925,0.9927693816410682,0.08326399550950546,,,0.98,,0.9800166246218381,0.01998337537816186,0,0.09935960888170738,5,0.001,0.1,0.9880001004590989,0.9875712793419067,0.9862864036914873,0.9764602376744753,0.9902147122694259,1.0,0.9889815057159963,0.9836162001518802,0.9883407442626605,0.9878418408676594,0.9738063478113632,0.9858221414122053
0,6,2.243506992546616,0.24368,5000,2.267153686947293,0.18847539015606243,833,2.2669081230894825,0.1925,0.9941987000597825,0.08338387306072563,,,0.98,,0.9800166246218381,0.01998337537816186,0,0.09935960888170738,5,0.001,0.1,0.9814785647297949,0.9916092490696948,0.9956296357280517,0.9761736322367192,0.9913068863975465,0.9889815057159963,1.0,0.9828760986176099,0.9913983014330212,0.9843512863889845,0.9865421362725664,0.9836362005559522
0,7,2.243925479415116,0.26552,5000,2.257459146005136,0.19807923169267708,833,2.2669081230894825,0.1925,0.9947480579991513,0.08342994794764559,,,0.98,,0.9800166246218381,0.01998337537816186,0,0.09935960888170738,5,0.001,0.1,0.9906899750572226,0.9873241663043631,0.9830931144497085,0.9921674774076292,0.9851991372672115,0.9836162001518802,0.9828760986176099,1.0,0.9876075500467921,0.9944518300540104,0.9817101047880654,0.9917979225692072
0,8,2.2415831556745394,0.26952,5000,2.272496735608136,0.20528211284513806,833,2.2669081230894825,0.1925,0.9962163757314764,0.08355309638809079,,,0.98,,0.9800166246218381,0.01998337537816186,0,0.09935960888170738,5,0.001,0.1,0.9858372295436147,0.9930001932832201,0.9926524261461903,0.982821190005998,0.993266941822114,0.9883407442626605,0.9913983014330212,0.9876075500467921,1.0,0.9871806790832737,0.9889059277726387,0.9870293701713788
0,9,2.244880147800324,0.24728,5000,2.2728573128029153,0.1836734693877551,833,2.2669081230894825,0.1925,0.9948375025282467,0.08343744969881427,,,0.98,,0.9800166246218381,0.01998337537816186,0,0.09935960888170738,5,0.001,0.1,0.9932307451122093,0.9861112910768856,0.9822786191238962,0.987845697931836,0.9846336190522708,0.9878418408676594,0.9843512863889845,0.9944518300540104,0.9871806790832737,1.0,0.97918975826665,0.9944846701157806
0,10,2.240422014977522,0.2674,5000,2.2629755956155284,0.19807923169267708,833,2.2669081230894825,0.1925,0.9895649107759076,0.08299523515824844,,,0.98,,0.9800166246218381,0.01998337537816186,0,0.09935960888170738,5,0.001,0.1,0.9708778070002685,0.9903834575915785,0.9900875441665723,0.9746183637911168,0.9832369516489629,0.9738063478113632,0.9865421362725664,0.9817101047880654,0.9889059277726387,0.97918975826665,1.0,0.9793757190396306
0,11,2.2441503369884126,0.24504,5000,2.2687584824032254,0.16806722689075632,833,2.2669081230894825,0.1925,0.9944103614714606,0.08340162519446122,,,0.98,,0.9800166246218381,0.01998337537816186,0,0.09935960888170738,5,0.001,0.1,0.9932209117393436,0.9857128440382757,0.981642427364389,0.987526772215813,0.9862581895137605,0.9858221414122053,0.9836362005559522,0.9917979225692072,0.9870293701713788,0.9944846701157806,0.9793757190396306,1.0
1,0,2.17102937151672,0.34628,5000,2.2271948478840016,0.2697841726618705,834,2.2217085483356023,0.2883,0.9973766741450473,0.08330021325621367,,,0.98,,0.9800166246218381,0.01998337537816186,0.957294211571938,0.09970928018694022,5,0.001,0.1,1.0,0.9937101417591386,0.9925424344305236,0.9947167172643853,0.994484066612242,0.9957485277529815,0.9938563593345983,0.9947320374897729,0.9951302949999019,0.9962834772460489,0.9868211587543687,0.9956726546578778
1,1,2.1684862508895293,0.3368,5000,2.221954204418041,0.30335731414868106,834,2.2217085483356023,0.2883,0.9979560566991417,0.08343558409737233,,,0.98,,0.9800166246218381,0.01998337537816186,0.957294211571938,0.09970928018694022,5,0.001,0.1,0.9937101417591386,1.0,0.9961172822392402,0.9926448498954994,0.9935991187557549,0.9912919204594395,0.9951875718016268,0.9963486354973083,0.9958775572324684,0.9960743195530172,0.9939870828387662,0.9957903154637388
1,2,2.1670654804083953,0.35044,5000,2.2213104742544667,0.28177458033573144,834,2.2217085483356023,0.2883,0.9973393729543382,0.08335934917741361,,,0.98,,0.9800166246218381,0.01998337537816186,0.957294211571938,0.09970928018694022,5,0.001,0.1,0.9925424344305236,0.9961172822392402,1.0,0.9922723231636348,0.994277701956251,0.9908247676159739,0.9974800492843658,0.9937185067832378,0.9953037482150564,0.9940553507612595,0.9928238307012773,0.9938373947919142
1,3,2.166814562925108,0.37512,5000,2.219108148857399,0.3129496402877698,834,2.2217085483356023,0.2883,0.9963283891792466,0.0831166702066221,,,0.98,,0.9800166246218381,0.01998337537816186,0.957294211571938,0.09970928018694022,5,0.001,0.1,0.9947167172643853,0.9926448498954994,0.9922723231636348,1.0,0.9944815529891287,0.9902663369920351,0.9919064801362006,0.9957737816942548,0.9945470883177593,0.993091314180277,0.9889484229766073,0.992535407660966
1,4,2.1664361698612287,0.32096,5000,2.2199683719211154,0.2965186074429772,833,2.2217085483356023,0.2883,0.9974803665854607,0.08340709695966633,,,0.98,,0.9800166246218381,0.01998337537816186,0.957294211571938,0.09970928018694022,5,0.001,0.1,0.994484066612242,0.9935991187557549,0.994277701956251,0.9944815529891287,1.0,0.9937256376099264,0.9950301908571942,0.9942958558366674,0.9958173980299195,0.9952181429078477,0.9889574047510389,0.9950458016827401
1,5,2.1707771087148386,0.3452,5000,2.2158159679836698,0.29531812725090034,833,2.2217085483356023,0.2883,0.9954652399986635,0.08323829388395333,,,0.98,,0.9800166246218381,0.01998337537816186,0.957294211571938,0.09970928018694022,5,0.001,0.1,0.9957485277529815,0.9912919204594395,0.9908247676159739,0.9902663369920351,0.9937256376099264,1.0,0.9930306281935514,0.9921928945757996,0.9924283736604042,0.9955796007348643,0.9824230890540488,0.9932994442808082
1,6,2.1690107201315034,0.3446,5000,2.223784437885991,0.2893157262905162,833,2.2217085483356023,0.2883,0.9975958603600198,0.08338065723627507,,,0.98,,0.9800166246218381,0.01998337537816186,0.957294211571938,0.09970928018694022,5,0.001,0.1,0.9938563593345983,0.9951875718016268,0.9974800492843658,0.9919064801362006,0.9950301908571942,0.9930306281935514,1.0,0.993264037673845,0.9955198298295393,0.9949804921456953,0.991588768348484,0.9944725116628321
1,7,2.1684231484771535,0.35176,5000,2.2094486554463706,0.2857142857142857,833,2.2217085483356023,0.2883,0.9977437697239497,0.08341370517050826,,,0.98,,0.9800166246218381,0.01998337537816186,0.957294211571938,0.09970928018694022,5,0.001,0.1,0.9947320374897729,0.9963486354973083,0.9937185067832378,0.9957737816942548,0.9942958558366674,0.9921928945757996,0.993264037673845,1.0,0.9950675862556203,0.9966843847826621,0.9912211092914853,0.9947964919289
1,8,2.1665082826735866,0.3348,5000,2.2284584398622864,0.297719087635054,833,2.2217085483356023,0.2883,0.998068711150703,0.08349976214323836,,,0.98,,0.9800166246218381,0.01998337537816186,0.957294211571938,0.09970928018694022,5,0.001,0.1,0.9951302949999019,0.9958775572324684,0.9953037482150564,0.9945470883177593,0.9958173980299195,0.9924283736604042,0.9955198298295393,0.9950675862556203,1.0,0.9958813316998635,0.9914742707467998,0.9949232978769618
1,9,2.1696067980140636,0.3318,5000,2.228155047805221,0.26410564225690275,833,2.2217085483356023,0.2883,0.9982494921251666,0.08343464022027894,,,0.98,,0.9800166246218381,0.01998337537816186,0.957294211571938,0.09970928018694022,5,0.001,0.1,0.9962834772460489,0.9960743195530172,0.9940553507612595,0.993091314180277,0.9952181429078477,0.9955796007348643,0.9949804921456953,0.9966843847826621,0.9958813316998635,1.0,0.9898835693944237,0.9963973451327067
1,10,2.1655586799998194,0.33284,5000,2.216616877803096,0.2917166866746699,833,2.2217085483356023,0.2883,0.9937078976183222,0.08301663170441971,,,0.98,,0.9800166246218381,0.01998337537816186,0.957294211571938,0.09970928018694022,5,0.001,0.1,0.9868211587543687,0.9939870828387662,0.9928238307012773,0.9889484229766073,0.9889574047510389,0.9824230890540488,0.991588768348484,0.9912211092914853,0.9914742707467998,0.9898835693944237,1.0,0.991714072565633
1,11,2.1696223539911257,0.31596,5000,2.223347028096517,0.27130852340936373,833,2.2217085483356023,0.2883,0.9977768853899142,0.08339739594403804,,,0.98,,0.9800166246218381,0.01998337537816186,0.957294211571938,0.09970928018694022,5,0.001,0.1,0.9956726546578778,0.9957903154637388,0.9938373947919142,0.992535407660966,0.9950458016827401,0.9932994442808082,0.9944725116628321,0.9947964919289,0.9949232978769618,0.9963973451327067,0.991714072565633,1.0
2,0,2.070203522056531,0.41,5000,2.1753819518619113,0.33573141486810554,834,2.1686508929767547,0.3445,0.9983867171905121,0.08332340422557168,,,0.98,,0.9800166246218381,0.01998337537816186,0.9829686312234021,0.09980662169404665,5,0.001,0.1,1.0,0.9960052006049951,0.9952084352071019,0.9965750367966224,0.9965313918626585,0.9969917020082851,0.9962727834718262,0.9963713292926951,0.9970720524947024,0.9977031913461538,0.9914688887307754,0.9972541296805526
2,1,2.0672140759267625,0.40812,5000,2.166608457212095,0.34172661870503596,834,2.1686508929767547,0.3445,0.9986518750254074,0.08341499553392111,,,0.98,,0.9800166246218381,0.01998337537816186,0.9829686312234021,0.09980662169404665,5,0.001,0.1,0.9960052006049951,1.0,0.9973068878991798,0.9953551449666058,0.9957570630327418,0.9942956780411314,0.9968596936388081,0.9975099624336506,0.997229419886695,0.9974477477572606,0.9959831560294095,0.9968832290306283
2,2,2.065579752253879,0.41588,5000,2.1687749845010265,0.3513189448441247,834,2.1686508929767547,0.3445,0.9981752398239859,0.08335284902692346,,,0.98,,0.9800166246218381,0.01998337537816186,0.9829686312234021,0.09980662169404665,5,0.001,0.1,0.9952084352071019,0.9973068878991798,1.0,0.9948693296779794,0.9959780518122081,0.9934846591137307,0.9979213024769331,0.9957196256532432,0.9967340080501641,0.9960639900703201,0.9957621864578828,0.9958796356632186
2,3,2.063893438600431,0.44256,5000,2.1655778178462275,0.3597122302158273,834,2.1686508929767547,0.3445,0.9975953684646954,0.08318527926049771,,,0.98,,0.9800166246218381,0.01998337537816186,0.9829686312234021,0.09980662169404665,5,0.001,0.1,0.9965750367966224,0.9953551449666058,0.9948693296779794,1.0,0.9964291855029036,0.9936022686367666,0.9946762366146736,0.9968477820944579,0.9965015846220979,0.9953687142750696,0.9923898701855631,0.9953752071516373
2,4,2.064957075210134,0.3896,5000,2.1665384857742875,0.3505402160864346,833,2.1686508929767547,0.3445,0.9983104419437873,0.08338650036123157,,,0.98,,0.9800166246218381,0.01998337537816186,0.9829686312234021,0.09980662169404665,5,0.001,0.1,0.9965313918626585,0.9957570630327418,0.9959780518122081,0.9964291855029036,1.0,0.9959986950413328,0.9966352666308141,0.9961787151907341,0.9970228210664893,0.9967516851842928,0.9924374297903674,0.9968196570617607
2,5,2.0701073567578745,0.40888,5000,2.1625958990167686,0.3445378151260504,833,2.1686508929767547,0.3445,0.9968993632558129,0.08323741007124404,,,0.98,,0.9800166246218381,0.01998337537816186,0.9829686312234021,0.09980662169404665,5,0.001,0.1,0.9969917020082851,0.9942956780411314,0.9934846591137307,0.9936022686367666,0.9959986950413328,1.0,0.9953475190266636,0.9946019626456636,0.9947294685048809,0.9968828497247034,0.9882516288203632,0.9954486589981955
2,6,2.068980503082275,0.40852,5000,2.1726915659727872,0.3469387755102041,833,2.1686508929767547,0.3445,0.9983736755212806,0.083372324544195,,,0.98,,0.9800166246218381,0.01998337537816186,0.9829686312234021,0.09980662169404665,5,0.001,0.1,0.9962727834718262,0.9968596936388081,0.9979213024769331,0.9946762366146736,0.9966352666308141,0.9953475190266636,1.0,0.9957442369677639,0.9967191548114213,0.9967982135497184,0.9940575567229674,0.9962665904206768
2,7,2.0654317031240765,0.4212,5000,2.153568815301966,0.368547418967587,833,2.1686508929767547,0.3445,0.9984100698323229,0.08339376980285454,,,0.98,,0.9800166246218381,0.01998337537816186,0.9829686312234021,0.09980662169404665,5,0.001,0.1,0.9963713292926951,0.9975099624336506,0.9957196256532432,0.9968477820944579,0.9961787151907341,0.9946019626456636,0.9957442369677639,1.0,0.9966439470043966,0.9975867294269347,0.994174377940033,0.9963587780761782
2,8,2.0647603262761596,0.39048,5000,2.1768584692919695,0.33733493397358943,833,2.1686508929767547,0.3445,0.9987298399777776,0.08345687683404489,,,0.98,,0.9800166246218381,0.01998337537816186,0.9829686312234021,0.09980662169404665,5,0.001,0.1,0.9970720524947024,0.997229419886695,0.9967340080501641,0.9965015846220979,0.9970228210664893,0.9947294685048809,0.9967191548114213,0.9966439470043966,1.0,0.9971987791010211,0.9946984482098685,0.9970143288577429
2,9,2.0676826549943086,0.39828,5000,2.1755663288964167,0.3289315726290516,833,2.1686508929767547,0.3445,0.9988307314759243,0.0834201904826948,,,0.98,,0.9800166246218381,0.01998337537816186,0.9829686312234021,0.09980662169404665,5,0.001,0.1,0.9977031913461538,0.9974477477572606,0.9960639900703201,0.9953687142750696,0.9967516851842928,0.9968828497247034,0.9967982135497184,0.9975867294269347,0.9971987791010211,1.0,0.9933509075826984,0.997615155425598
2,10,2.063049266140932,0.39436,5000,2.1625407890037254,0.3457382953181273,833,2.1686508929767547,0.3445,0.9958572100289044,0.08306780772320281,,,0.98,,0.9800166246218381,0.01998337537816186,0.9829686312234021,0.09980662169404665,5,0.001,0.1,0.9914688887307754,0.9959831560294095,0.9957621864578828,0.9923898701855631,0.9924374297903674,0.9882516288203632,0.9940575567229674,0.994174377940033,0.9946984482098685,0.9933509075826984,1.0,0.9946114029106337
2,11,2.0691719793210366,0.38588,5000,2.169818644170408,0.32292917166866747,833,2.1686508929767547,0.3445,0.9985595576139554,0.08338859213361859,,,0.98,,0.9800166246218381,0.01998337537816186,0.9829686312234021,0.09980662169404665,5,0.001,0.1,0.9972541296805526,0.9968832290306283,0.9958796356632186,0.9953752071516373,0.9968196570617607,0.9954486589981955,0.9962665904206768,0.9963587780761782,0.9970143288577429,0.997615155425598,0.9946114029106337,1.0
3,0,1.9379898718208264,0.47384,5000,2.1139498993202492,0.37889688249400477,834,2.1058312932523293,0.4096,0.9986973147043161,0.08333130313447126,,,0.98,,0.9800166246218381,0.01998337537816186,0.9911401403802792,0.09985720573388132,5,0.001,0.1,1.0,0.9970212894128744,0.996454722050372,0.9974081949235811,0.9970854517312343,0.9976407720488748,0.9970379042363191,0.9971931795056903,0.9972978070737963,0.9982193088360821,0.9941717912008159,0.9977153221548104
3,1,1.9345469366972614,0.46076,5000,2.101084347124453,0.42805755395683454,834,2.1058312932523293,0.4096,0.9989818749095477,0.08339665524028564,,,0.98,,0.9800166246218381,0.01998337537816186,0.9911401403802792,0.09985720573388132,5,0.001,0.1,0.9970212894128744,1.0,0.9981036343929583,0.9968565915176888,0.9965205320186618,0.9955959281341585,0.9975573787359104,0.9977978181762517,0.9978365890487073,0.9980914361561933,0.9976446739903034,0.9976328591778801
3,2,1.9325896044445645,0.46832,5000,2.1064944090666593,0.3980815347721823,834,2.1058312932523293,0.4096,0.9987157332491184,0.08334995440790709,,,0.98,,0.9800166246218381,0.01998337537816186,0.9911401403802792,0.09985720573388132,5,0.001,0.1,0.996454722050372,0.9981036343929583,1.0,0.9967408708119168,0.9969340543495793,0.9953850801864786,0.9984049796599829,0.9966969847695997,0.99734133921231,0.997377378000614,0.997167519948632,0.9968645316439081
3,3,1.9279473854477998,0.50224,5000,2.1021579283255116,0.4304556354916067,834,2.1058312932523293,0.4096,0.9984909834077229,0.08323993953063898,,,0.98,,0.9800166246218381,0.01998337537816186,0.9911401403802792,0.09985720573388132,5,0.001,0.1,0.9974081949235811,0.9968565915176888,0.9967408708119168,1.0,0.9975958801521054,0.9958596618538362,0.9965031417866379,0.9973826998096637,0.9975376880943165,0.9969421355870886,0.9953223993405025,0.9966315275878325
3,4,1.9317002108142634,0.45612,5000,2.103319282884951,0.40816326530612246,833,2.1058312932523293,0.4096,0.9986132668060477,0.08336728363220516,,,0.98,,0.9800166246218381,0.01998337537816186,0.9911401403802792,0.09985720573388132,5,0.001,0.1,0.9970854517312343,0.9965205320186618,0.9969340543495793,0.9975958801521054,1.0,0.9969904638875272,0.9971390923595848,0.9968615990740166,0.9975647783571632,0.9974594803906361,0.9950215722985042,0.9970671873999732
3,5,1.9376170503106087,0.46508,5000,2.0996596724898726,0.4117647058823529,833,2.1058312932523293,0.4096,0.9977133124532583,0.08324680831093423,,,0.98,,0.9800166246218381,0.01998337537816186,0.9911401403802792,0.09985720573388132,5,0.001,0.1,0.9976407720488748,0.9955959281341585,0.9953850801864786,0.9958596618538362,0.9969904638875272,1.0,0.9962307409751152,0.9963571428517127,0.9956368289375994,0.9973034040367639,0.9921106573271641,0.9963440306878362
3,6,1.937376594999034,0.4642,5000,2.112122888918276,0.40456182472989194,833,2.1058312932523293,0.4096,0.9987505309936487,0.08336302074810101,,,0.98,,0.9800166246218381,0.01998337537816186,0.9911401403802792,0.09985720573388132,5,0.001,0.1,0.9970379042363191,0.9975573787359104,0.9984049796599829,0.9965031417866379,0.9971390923595848,0.9962307409751152,1.0,0.9966384955792759,0.9972783730389659,0.9975162386672287,0.9966047673505918,0.9969757353744413
3,7,1.930526286021919,0.4718,5000,2.08830009566413,0.4345738295318127,833,2.1058312932523293,0.4096,0.9986691593312262,0.08337354554359111,,,0.98,,0.9800166246218381,0.01998337537816186,0.9911401403802792,0.09985720573388132,5,0.001,0.1,0.9971931795056903,0.9977978181762517,0.9966969847695997,0.9973826998096637,0.9968615990740166,0.9963571428517127,0.9966384955792759,1.0,0.9970596124919393,0.9980489572051071,0.9958963894690858,0.9969776168101234
3,8,1.9316408532440283,0.45596,5000,2.1155560193238436,0.40336134453781514,833,2.1058312932523293,0.4096,0.9988430847200986,0.08341785904585022,,,0.98,,0.9800166246218381,0.01998337537816186,0.9911401403802792,0.09985720573388132,5,0.001,0.1,0.9972978070737963,0.9978365890487073,0.99734133921231,0.9975376880943165,0.9975647783571632,0.9956368289375994,0.9972783730389659,0.9970596124919393,1.0,0.9977313088980599,0.9965208239444683,0.9971879478264497
3,9,1.9339588994433166,0.45788,5000,2.113053595578229,0.4129651860744298,833,2.1058312932523293,0.4096,0.9991735355037367,0.0834060270230244,,,0.98,,0.9800166246218381,0.01998337537816186,0.9911401403802792,0.09985720573388132,5,0.001,0.1,0.9982193088360821,0.9980914361561933,0.997377378000614,0.9969421355870886,0.9974594803906361,0.9973034040367639,0.9975162386672287,0.9980489572051071,0.9977313088980599,1.0,0.9960318576306068,0.9982300379545656
3,10,1.930671683846006,0.45328,5000,2.0989594194624157,0.4237695078031212,833,2.1058312932523293,0.4096,0.9974729436940925,0.0831350428538087,,,0.98,,0.9800166246218381,0.01998337537816186,0.9911401403802792,0.09985720573388132,5,0.001,0.1,0.9941717912008159,0.9976446739903034,0.997167519948632,0.9953223993405025,0.9950215722985042,0.9921106573271641,0.9966047673505918,0.9958963894690858,0.9965208239444683,0.9960318576306068,1.0,0.9960958124714727
3,11,1.9379290922432189,0.44792,5000,2.1062786402525724,0.38055222088835533,833,2.1058312932523293,0.4096,0.9987370164844069,0.08337256052918228,,,0.98,,0.9800166246218381,0.01998337537816186,0.9911401403802792,0.09985720573388132,5,0.001,0.1,0.9977153221548104,0.9976328591778801,0.9968645316439081,0.9966315275878325,0.9970671873999732,0.9963440306878362,0.9969757353744413,0.9969776168101234,0.9971879478264497,0.9982300379545656,0.9960958124714727,1.0
4,0,1.7841573507163175,0.52692,5000,2.0413369249414512,0.4304556354916067,834,2.031677008056031,0.4658,0.9988898057246047,0.0833318749003861,,,0.98,,0.9800166246218381,0.01998337537816186,0.994497567065169,0.09988966697606688,5,0.001,0.1,1.0,0.9974036832240215,0.9969892476135616,0.9980495883389225,0.9977633652490989,0.9978963880751902,0.9975187707996445,0.9978289100558516,0.9976582555741483,0.9983279884442465,0.9958147104492108,0.9981973293544083
4,1,1.7826736024990204,0.51056,5000,2.0239696546837136,0.4940047961630695,834,2.031677008056031,0.4658,0.9991129975158883,0.08337914934725922,,,0.98,,0.9800166246218381,0.01998337537816186,0.994497567065169,0.09988966697606688,5,0.001,0.1,0.9974036832240215,1.0,0.9983162494228096,0.9976448722475134,0.9972180521617519,0.9964833949861248,0.9980454848810827,0.998269239420909,0.9980687444375816,0.998333939447356,0.9983056325735751,0.9980354728095453
4,2,1.780278931909306,0.51744,5000,2.032952622131065,0.4460431654676259,834,2.031677008056031,0.4658,0.998896566799724,0.08334352940393312,,,0.98,,0.9800166246218381,0.01998337537816186,0.994497567065169,0.09988966697606688,5,0.001,0.1,0.9969892476135616,0.9983162494228096,1.0,0.9975281833687586,0.9974313625218956,0.9963927712574938,0.9985733956639782,0.9978337818212308,0.9976782076776436,0.9978266652528418,0.9976995016025911,0.9972615008151643
4,3,1.770012833054658,0.55352,5000,2.0273504301353737,0.4952038369304556,834,2.031677008056031,0.4658,0.9988574762761163,0.08327481059009886,,,0.98,,0.9800166246218381,0.01998337537816186,0.994497567065169,0.09988966697606688,5,0.001,0.1,0.9980495883389225,0.9976448722475134,0.9975281833687586,1.0,0.9978090729642887,0.9970863864510234,0.9972827880423708,0.99812896358196,0.9978855850435527,0.997635165966228,0.9965286517162608,0.9974847887963105
4,4,1.7777644696509003,0.51776,5000,2.028876044132091,0.46338535414165666,833,2.031677008056031,0.4658,0.998908208247594,0.08335453077166444,,,0.98,,0.9800166246218381,0.01998337537816186,0.994497567065169,0.09988966697606688,5,0.001,0.1,0.9977633652490989,0.9972180521617519,0.9974313625218956,0.9978090729642887,1.0,0.9978430596304811,0.997785416815635,0.9977852364181267,0.9979178470139379,0.9979983440098557,0.9962742923435683,0.9978427481169643
4,5,1.7839679075654145,0.51976,5000,2.0253718164232044,0.47418967587034816,833,2.031677008056031,0.4658,0.9982975080449973,0.08326095107571727,,,0.98,,0.9800166246218381,0.01998337537816186,0.994497567065169,0.09988966697606688,5,0.001,0.1,0.9978963880751902,0.9964833949861248,0.9963927712574938,0.9970863864510234,0.9978430596304811,1.0,0.9970242558929585,0.9970741095675332,0.9968770334635569,0.9976380195004246,0.994780268222084,0.9972545764325063
4,6,1.785748042422495,0.52048,5000,2.0406019069530346,0.4489795918367347,833,2.031677008056031,0.4658,0.9990420918492847,0.08335623759124419,,,0.98,,0.9800166246218381,0.01998337537816186,0.994497567065169,0.09988966697606688,5,0.001,0.1,0.9975187707996445,0.9980454848810827,0.9985733956639782,0.9972827880423708,0.997785416815635,0.9970242558929585,1.0,0.9978007885097766,0.9979281047723094,0.998006422190524,0.997683724611101,0.9976257172475177
4,7,1.773914029036358,0.52776,5000,2.0118512003510087,0.4969987995198079,833,2.031677008056031,0.4658,0.9991423634420364,0.08336592697907541,,,0.98,,0.9800166246218381,0.01998337537816186,0.994497567065169,0.09988966697606688,5,0.001,0.1,0.9978289100558516,0.998269239420909,0.9978337818212308,0.99812896358196,0.9977852364181267,0.9970741095675332,0.9978007885097766,1.0,0.9978386868149892,0.9984610039946908,0.9974424559476696,0.9980132694545812
4,8,1.779074137226032,0.52,5000,2.0427902892783836,0.45018007202881155,833,2.031677008056031,0.4658,0.9990254748798266,0.08338932626473279,,,0.98,,0.9800166246218381,0.01998337537816186,0.994497567065169,0.09988966697606688,5,0.001,0.1,0.9976582555741483,0.9980687444375816,0.9976782076776436,0.9978855850435527,0.9979178470139379,0.9968770334635569,0.9979281047723094,0.9978386868149892,1.0,0.9981955108763224,0.9972724618797127,0.9977532961226042
4,9,1.7810066207958635,0.5104,5000,2.038813445303175,0.4837935174069628,833,2.031677008056031,0.4658,0.999285398861472,0.08339045950845542,,,0.98,,0.9800166246218381,0.01998337537816186,0.994497567065169,0.09988966697606688,5,0.001,0.1,0.9983279884442465,0.998333939447356,0.9978266652528418,0.997635165966228,0.9979983440098557,0.9976380195004246,0.998006422190524,0.9984610039946908,0.9981955108763224,1.0,0.9972434893004364,0.9985225900189598
4,10,1.7783314458883492,0.51404,5000,2.024331803675051,0.47539015606242496,833,2.031677008056031,0.4658,0.9982761446606945,0.08319173095489106,,,0.98,,0.9800166246218381,0.01998337537816186,0.994497567065169,0.09988966697606688,5,0.001,0.1,0.9958147104492108,0.9983056325735751,0.9976995016025911,0.9965286517162608,0.9962742923435683,0.994780268222084,0.997683724611101,0.9974424559476696,0.9972724618797127,0.9972434893004364,1.0,0.9970539403725798
4,11,1.7864890125906392,0.50516,5000,2.0312794270338834,0.4309723889555822,833,2.031677008056031,0.4658,0.999023052342055,0.08336147261254218,,,0.98,,0.9800166246218381,0.01998337537816186,0.994497567065169,0.09988966697606688,5,0.001,0.1,0.9981973293544083,0.9980354728095453,0.9972615008151643,0.9974847887963105,0.9978427481169643,0.9972545764325063,0.9976257172475177,0.9980132694545812,0.9977532961226042,0.9985225900189598,0.9970539403725798,1.0
5,0,1.6330388539156337,0.57068,5000,1.9570976628197565,0.46642685851318944,834,1.9455897213932805,0.5023,0.9990921444366878,0.08333756010135564,,,0.98,,0.9800166246218381,0.01998337537816186,0.9967754618189384,0.09989335953211557,5,0.001,0.1,1.0,0.9978549419415124,0.9975879799374261,0.9982138586389422,0.997917522687073,0.9977053537464526,0.9977408141226058,0.9980539861618479,0.9978135085829125,0.998326947095793,0.9967795818551513,0.9983239183201668
5,1,1.632981819559814,0.55028,5000,1.9344730686258387,0.5251798561151079,834,1.9455897213932805,0.5023,0.99912173220281,0.08336750156788827,,,0.98,,0.9800166246218381,0.01998337537816186,0.9967754618189384,0.09989335953211557,5,0.001,0.1,0.9978549419415124,1.0,0.9983195781739174,0.9975617644718183,0.997379164683987,0.9964612676230395,0.9979091463763671,0.9983550966112525,0.9981191988964025,0.9984123061442739,0.9982746792962334,0.9980254484777304
5,2,1.6325236739626356,0.56304,5000,1.9474504391352336,0.4832134292565947,834,1.9455897213932805,0.5023,0.999002190379807,0.08334180319218473,,,0.98,,0.9800166246218381,0.01998337537816186,0.9967754618189384,0.09989335953211557,5,0.001,0.1,0.9975879799374261,0.9983195781739174,1.0,0.9975014702372256,0.9976543427172472,0.9966159045450964,0.9984091020640451,0.9979572118998099,0.9978356712353154,0.9980265136671266,0.9978399959091473,0.9974925004463769
5,3,1.6150411509404516,0.59624,5000,1.9404025828396831,0.5347721822541966,834,1.9455897213932805,0.5023,0.998862934384584,0.08329517382947892,,,0.98,,0.9800166246218381,0.01998337537816186,0.9967754618189384,0.09989335953211557,5,0.001,0.1,0.9982138586389422,0.9975617644718183,0.9975014702372256,1.0,0.9979152268462633,0.9974382715799226,0.9972320231686678,0.9979760920553914,0.9978046424635209,0.9975472632511166,0.9968944190191141,0.9974881449713927
5,4,1.6265976471506107,0.56588,5000,1.9426529186743278,0.48619447779111646,833,1.9455897213932805,0.5023,0.9989377856710234,0.0833464703215511,,,0.98,,0.9800166246218381,0.01998337537816186,0.9967754618189384,0.09989335953211557,5,0.001,0.1,0.997917522687073,0.997379164683987,0.9976543427172472,0.9979152268462633,1.0,0.9978411437339438,0.9978160447565901,0.9978247211370624,0.9977353290591959,0.9979029956895045,0.9967632853226011,0.9977184902954208
5,5,1.6324085835438624,0.56036,5000,1.939133710331387,0.5138055222088835,833,1.9455897213932805,0.5023,0.9982721557775784,0.0832676105343488,,,0.98,,0.9800166246218381,0.01998337537816186,0.9967754618189384,0.09989335953211557,5,0.001,0.1,0.9977053537464526,0.9964612676230395,0.9966159045450964,0.9974382715799226,0.9978411437339438,1.0,0.9968124737871294,0.9971098958542081,0.996661513902593,0.9973683858842245,0.9953995028707566,0.9970777724372571
5,6,1.6355651425707871,0.56292,5000,1.9574996851108692,0.4849939975990396,833,1.9455897213932805,0.5023,0.998978754960808,0.0833488390046926,,,0.98,,0.9800166246218381,0.01998337537816186,0.9967754618189384,0.09989335953211557,5,0.001,0.1,0.9977408141226058,0.9979091463763671,0.9984091020640451,0.9972320231686678,0.9978160447565901,0.9968124737871294,1.0,0.9977383820414323,0.9979329350492627,0.9978685837985064,0.9979707235366382,0.9975293810263117
5,7,1.6211730263795063,0.5692,5000,1.9235923069494743,0.5342136854741897,833,1.9455897213932805,0.5023,0.9991647070014846,0.08336078104500386,,,0.98,,0.9800166246218381,0.01998337537816186,0.9967754618189384,0.09989335953211557,5,0.001,0.1,0.9980539861618479,0.9983550966112525,0.9979572118998099,0.9979760920553914,0.9978247211370624,0.9971098958542081,0.9977383820414323,1.0,0.9978892527109022,0.9985457195894022,0.9977156455249079,0.998021947596025
5,8,1.628034692661018,0.5692,5000,1.9583271344502766,0.4957983193277311,833,1.9455897213932805,0.5023,0.9989784645557944,0.08336911816385545,,,0.98,,0.9800166246218381,0.01998337537816186,0.9967754618189384,0.09989335953211557,5,0.001,0.1,0.9978135085829125,0.9981191988964025,0.9978356712353154,0.9978046424635209,0.9977353290591959,0.996661513902593,0.9979329350492627,0.9978892527109022,1.0,0.9979429731488427,0.9975532800164746,0.9976663842866106
5,9,1.6289937338251976,0.55648,5000,1.952204081747267,0.5222088835534213,833,1.9455897213932805,0.5023,0.9992358973698533,0.08337812073366709,,,0.98,,0.9800166246218381,0.01998337537816186,0.9967754618189384,0.09989335953211557,5,0.001,0.1,0.998326947095793,0.9984123061442739,0.9980265136671266,0.9975472632511166,0.9979029956895045,0.9973683858842245,0.9978685837985064,0.9985457195894022,0.9979429731488427,1.0,0.9976321499387516,0.9984665630731616
5,10,1.629892921599613,0.55796,5000,1.9379782720848366,0.5090036014405762,833,1.9455897213932805,0.5023,0.9985691564709551,0.08323475240089469,,,0.98,,0.9800166246218381,0.01998337537816186,0.9967754618189384,0.09989335953211557,5,0.001,0.1,0.9967795818551513,0.9982746792962334,0.9978399959091473,0.9968944190191141,0.9967632853226011,0.9953995028707566,0.9979707235366382,0.9977156455249079,0.9975532800164746,0.9976321499387516,1.0,0.9972295944895506
5,11,1.6381124166926002,0.55088,5000,1.9441807667414348,0.4717887154861945,833,1.9455897213932805,0.5023,0.998985578767988,0.08335226910507887,,,0.98,,0.9800166246218381,0.01998337537816186,0.9967754618189384,0.09989335953211557,5,0.001,0.1,0.9983239183201668,0.9980254484777304,0.9974925004463769,0.9974881449713927,0.9977184902954208,0.9970777724372571,0.9975293810263117,0.998021947596025,0.9976663842866106,0.9984665630731616,0.9972295944895506,1.0
6,0,1.4964761235911375,0.60552,5000,1.8616485860612657,0.5107913669064749,834,1.8480713485528866,0.5331,0.9990883008106786,0.08334158919838754,,,0.98,,0.9800166246218381,0.01998337537816186,0.9977718443076076,0.09989128581866355,5,0.001,0.1,1.0,0.9979474410482212,0.9974795788856662,0.9981562958685418,0.9980052727035528,0.9976319602353028,0.9979602043135931,0.9979483454904018,0.9976297163257786,0.9979904595419588,0.9970914239669068,0.998184010879768
6,1,1.4994093828899846,0.58592,5000,1.8330220778783162,0.5575539568345323,834,1.8480713485528866,0.5331,0.9991392794663064,0.08336159331145006,,,0.98,,0.9800166246218381,0.01998337537816186,0.9977718443076076,0.09989128581866355,5,0.001,0.1,0.9979474410482212,1.0,0.9981225150286157,0.9979551409956323,0.9975039116264814,0.9966191872202272,0.9980657683755557,0.9980745017813751,0.9979531768049865,0.9983200279709386,0.998207231910867,0.9978662863126811
6,2,1.4974317120139007,0.59584,5000,1.8505948428754453,0.5095923261390888,834,1.8480713485528866,0.5331,0.9988151017401253,0.08333537431362077,,,0.98,,0.9800166246218381,0.01998337537816186,0.9977718443076076,0.09989128581866355,5,0.001,0.1,0.9974795788856662,0.9981225150286157,1.0,0.9975480263829514,0.9974744962324358,0.9962630121762892,0.9983723872580992,0.9976937501130552,0.997338635704191,0.9976463448006238,0.997752280464571,0.9970587378321318
6,3,1.4750192151707449,0.62672,5000,1.8417356897283483,0.5635491606714629,834,1.8480713485528866,0.5331,0.9990271502793401,0.08331362614938584,,,0.98,,0.9800166246218381,0.01998337537816186,0.9977718443076076,0.09989128581866355,5,0.001,0.1,0.9981562958685418,0.9979551409956323,0.9975480263829514,1.0,0.9980747673323878,0.9976139033626588,0.9974970165595962,0.9979513020254611,0.9979300148954504,0.9977455025784839,0.9972223636560582,0.997598645124166
6,4,1.4882522732588896,0.60292,5000,1.84532125349398,0.524609843937575,833,1.8480713485528866,0.5331,0.9989891134434568,0.08334385166077077,,,0.98,,0.9800166246218381,0.01998337537816186,0.9977718443076076,0.09989128581866355,5,0.001,0.1,0.9980052727035528,0.9975039116264814,0.9974744962324358,0.9980747673323878,1.0,0.9978748831889965,0.9979289071800936,0.9978771842800497,0.9975971258740572,0.9977834821412714,0.996993619177268,0.9977223724154555
6,5,1.4947187903580392,0.59436,5000,1.8413131811000683,0.5462184873949579,833,1.8480713485528866,0.5331,0.9982897447925518,0.08327292811505436,,,0.98,,0.9800166246218381,0.01998337537816186,0.9977718443076076,0.09989128581866355,5,0.001,0.1,0.9976319602353028,0.9966191872202272,0.9962630121762892,0.9976139033626588,0.9978748831889965,1.0,0.9966622871540022,0.9972385634634184,0.9968266836799422,0.9970164349396339,0.9957572422087447,0.9969507705928624
6,6,1.499599969311125,0.5964,5000,1.8634782588040386,0.5090036014405762,833,1.8480713485528866,0.5331,0.999050723248172,0.08334729229538065,,,0.98,,0.9800166246218381,0.01998337537816186,0.9977718443076076,0.09989128581866355,5,0.001,0.1,0.9979602043135931,0.9980657683755557,0.9983723872580992,0.9974970165595962,0.9979289071800936,0.9966622871540022,1.0,0.9978319742458426,0.9977048312732426,0.9977757527310162,0.9981946927663241,0.997580541466691
6,7,1.4843801076245156,0.6008,5000,1.824139290385776,0.5474189675870348,833,1.8480713485528866,0.5331,0.999078948606908,0.08335552557088735,,,0.98,,0.9800166246218381,0.01998337537816186,0.9977718443076076,0.09989128581866355,5,0.001,0.1,0.9979483454904018,0.9980745017813751,0.9976937501130552,0.9979513020254611,0.9978771842800497,0.9972385634634184,0.9978319742458426,1.0,0.9975952041875884,0.9983283361566002,0.9975595854765614,0.9978133239094111
6,8,1.490097678922544,0.60416,5000,1.8629257149166532,0.5330132052821128,833,1.8480713485528866,0.5331,0.9988290910219767,0.0833525742537475,,,0.98,,0.9800166246218381,0.01998337537816186,0.9977718443076076,0.09989128581866355,5,0.001,0.1,0.9976297163257786,0.9979531768049865,0.997338635704191,0.9979300148954504,0.9975971258740572,0.9968266836799422,0.9977048312732426,0.9975952041875884,1.0,0.9976206597942011,0.9973722876887063,0.9973485620637575
6,9,1.4936277771451671,0.59008,5000,1.853674058560972,0.5486194477791116,833,1.8480713485528866,0.5331,0.9990859829491938,0.08336638460637522,,,0.98,,0.9800166246218381,0.01998337537816186,0.9977718443076076,0.09989128581866355,5,0.001,0.1,0.9979904595419588,0.9983200279709386,0.9976463448006238,0.9977455025784839,0.9977834821412714,0.9970164349396339,0.9977757527310162,0.9983283361566002,0.9976206597942011,1.0,0.9975968082704956,0.998171843903593
6,10,1.4951131456976483,0.59192,5000,1.8402046583316944,0.5462184873949579,833,1.8480713485528866,0.5331,0.9986736083821759,0.08326516868989507,,,0.98,,0.9800166246218381,0.01998337537816186,0.9977718443076076,0.09989128581866355,5,0.001,0.1,0.9970914239669068,0.998207231910867,0.997752280464571,0.9972223636560582,0.996993619177268,0.9957572422087447,0.9981946927663241,0.9975595854765614,0.9973722876887063,0.9975968082704956,1.0,0.9973085887376028
6,11,1.5030496711184265,0.58676,5000,1.845471735353823,0.5006002400960384,833,1.8480713485528866,0.5331,0.9988863788254764,0.08334409183504495,,,0.98,,0.9800166246218381,0.01998337537816186,0.9977718443076076,0.09989128581866355,5,0.001,0.1,0.998184010879768,0.9978662863126811,0.9970587378321318,0.997598645124166,0.9977223724154555,0.9969507705928624,0.997580541466691,0.9978133239094111,0.9973485620637575,0.998171843903593,0.9973085887376028,1.0
7,0,1.376519164537928,0.63304,5000,1.7567479875352647,0.5491606714628298,834,1.7407308885464654,0.5733,0.9989923060453906,0.08334429955647797,,,0.98,,0.9800166246218381,0.01998337537816186,0.9981834695470158,0.09988094175767001,5,0.001,0.1,1.0,0.9977028447143742,0.9972737175628186,0.997973653667735,0.9976557732845533,0.9972339529657761,0.9978083668330007,0.9976414562251358,0.9975196120266895,0.9978673002744244,0.9971519578790622,0.9978056552077305
7,1,1.384530780345771,0.61584,5000,1.7212617176550407,0.5995203836930456,834,1.7407308885464654,0.5733,0.9989919088870466,0.08335655297780549,,,0.98,,0.9800166246218381,0.01998337537816186,0.9981834695470158,0.09988094175767001,5,0.001,0.1,0.9977028447143742,1.0,0.9977814768354909,0.9976743151938017,0.9972454343796915,0.9965380416728123,0.9977174503023135,0.9977259661747206,0.9977530483998708,0.9981358652065186,0.9979388058126523,0.9974157206463176
