round,client_id,client_i_training_loss,client_i_training_accuracy,client_i_training_dataset_size,client_i_evaluation_loss,client_i_evaluation_accuracy,client_i_evaluation_dataset_size,client_i_central_evaluation_loss,client_i_central_evaluation_accuracy,client_i_cosine_similarity,client_i_importance_coefficient,client_i_tanh_val,tanh_normalization_value,client_i_q,client_i_mask_order,client_i_v_nonzero_fraction,client_i_v_sparsity,client_i_v_cosine_similarity,client_i_reward_gradient_norm,local_epochs,learning_rate,gamma,client_0_cosine_similarity,client_1_cosine_similarity,client_2_cosine_similarity,client_3_cosine_similarity,client_4_cosine_similarity,client_5_cosine_similarity,client_6_cosine_similarity,client_7_cosine_similarity,client_8_cosine_similarity,client_9_cosine_similarity,client_10_cosine_similarity,client_11_cosine_similarity
0,0,2.285976205450116,0.15903527717782578,4167,2.2989913395472934,0.1223021582733813,834,2.2974454602108727,0.1232,0.9821837972620927,0.08325900922318567,,,0.778510053118821,,0.7785397171197043,0.22146028288029573,0,0.14738331543967575,10,0.025,0.15,1.0,0.9530230428938613,0.9548953138381435,0.9526832059520696,0.9603810547871596,0.959185336988688,0.9717853492458587,0.9618734993954445,0.9710457140860727,0.969509265919409,0.9699027883929376,0.9622686245364281
0,1,2.2761556842110373,0.16313894888408928,4167,2.3025825364249095,0.1079136690647482,834,2.2974845699117155,0.1231,0.9774925086243671,0.08286133208266898,,,0.66739218931106,,0.6674341073756829,0.3325658926243171,0,0.1472115123538098,10,0.025,0.15,0.9530230428938613,1.0,0.9637306540451869,0.9390470869221206,0.9509596328227001,0.9657152870732219,0.9670196083981454,0.9462715597693024,0.9539297131863227,0.9637339823673354,0.965444374212535,0.9623343023769735
0,2,2.2707077618801232,0.14758819294456443,4167,2.297064338411604,0.12350119904076738,834,2.297444705721698,0.1232,0.9837217980809896,0.08338938443882532,,,0.8149391408871828,,0.814989024772656,0.185010975227344,0,0.147427602824833,10,0.025,0.15,0.9548953138381435,0.9637306540451869,1.0,0.9693306228482922,0.9449553329098136,0.9669650037342931,0.9740266781759758,0.960167599022921,0.9642742612236597,0.9707925830451012,0.9724063852837165,0.9631501758431152
0,3,2.280177940744342,0.14780417566594672,4167,2.2975380080086842,0.12350119904076738,834,2.2974896581867075,0.1231,0.9767582272288815,0.08279908758052022,,,0.65,,0.6500140284860788,0.3499859715139212,0,0.14717850991427825,10,0.025,0.15,0.9526832059520696,0.9390470869221206,0.9693306228482922,1.0,0.9473263358743592,0.9548265408371871,0.9641614358125041,0.9613278171658682,0.9632748649939357,0.9660933512228888,0.958847426485675,0.9456263441916536
0,4,2.278758329333681,0.16527477801775858,4167,2.2913103444235667,0.1524609843937575,833,2.297478060179119,0.1231,0.9787024425939663,0.08296389730907072,,,0.6960506856076121,,0.6960934792295885,0.30390652077041147,0,0.1472658270060001,10,0.025,0.15,0.9603810547871596,0.9509596328227001,0.9449553329098136,0.9473263358743592,1.0,0.9685682020685986,0.9594308213996489,0.9477573853802128,0.9690250505798477,0.9757936840719527,0.9606735271522697,0.9606152895105801
0,5,2.279837140892491,0.157043436525078,4167,2.2963782719203403,0.12845138055222088,833,2.297443860693823,0.1232,0.984736173381574,0.08347537229847292,,,0.8389656345021499,,0.8389942400686571,0.16100575993134292,0,0.14743574095468273,10,0.025,0.15,0.959185336988688,0.9657152870732219,0.9669650037342931,0.9548265408371871,0.9685682020685986,1.0,0.9704965708235044,0.950685277060672,0.9682152356315553,0.975100082504506,0.9631848250815503,0.9737199022503948
0,6,2.281475629228534,0.16030717542596593,4167,2.2967142036982944,0.12364945978391356,833,2.297438760347004,0.1232,0.9877699623822951,0.08373254439507678,,,0.9108239615069551,,0.9108778531465069,0.08912214685349307,0,0.1474570035006276,10,0.025,0.15,0.9717853492458587,0.9670196083981454,0.9740266781759758,0.9641614358125041,0.9594308213996489,0.9704965708235044,1.0,0.958274743221702,0.972963061993023,0.973583112186272,0.9725726512550655,0.9681358252959373
0,7,2.279656274390943,0.15344372450203983,4167,2.298154354095459,0.1212484993997599,833,2.2974780813048157,0.1231,0.9787114474398672,0.08296466064333666,,,0.696263974389793,,0.6963080325460878,0.30369196745391225,0,0.1472659332175952,10,0.025,0.15,0.9618734993954445,0.9462715597693024,0.960167599022921,0.9613278171658682,0.9477573853802128,0.950685277060672,0.958274743221702,1.0,0.967863175796718,0.9688124370343731,0.9724950986337616,0.9500622899536857
0,8,2.2816364129384357,0.1583773403744599,4166,2.3002419471740723,0.1092436974789916,833,2.2974426897266245,0.1232,0.9862209473149068,0.08360123550956876,,,0.8741339902461678,,0.8741562278226139,0.12584377217738607,0,0.14744366370121562,10,0.025,0.15,0.9710457140860727,0.9539297131863227,0.9642742612236597,0.9632748649939357,0.9690250505798477,0.9682152356315553,0.972963061993023,0.967863175796718,1.0,0.9766295558397405,0.971494635051401,0.9554666666791434
0,9,2.2726965925910254,0.17006721075372058,4166,2.2949912888663158,0.12965186074429771,833,2.2974384706231614,0.1232,0.9911126980660401,0.08401590567826982,,,0.9899999997205827,,0.9900232707827895,0.00997672921721049,0,0.14745903752236056,10,0.025,0.15,0.969509265919409,0.9637339823673354,0.9707925830451012,0.9660933512228888,0.9757936840719527,0.975100082504506,0.973583112186272,0.9688124370343731,0.9766295558397405,1.0,0.9814452961184794,0.9703965722093539
0,10,2.2770105542558614,0.15621699471915507,4166,2.295698778969901,0.12484993997599039,833,2.297438790526571,0.1232,0.9879089763592641,0.08374432850923431,,,0.9141166465990636,,0.9141539172484362,0.0858460827515638,0,0.14745723259815097,10,0.025,0.15,0.9699027883929376,0.965444374212535,0.9724063852837165,0.958847426485675,0.9606735271522697,0.9631848250815503,0.9725726512550655,0.9724950986337616,0.971494635051401,0.9814452961184794,1.0,0.9656301425433211
0,11,2.2782552849162707,0.14191070571291406,4166,2.2985193729400635,0.11164465786314526,833,2.2974475305291673,0.1231,0.98140796320224,0.08319324233176983,,,0.7601336473895152,,0.7601789044577577,0.2398210955422423,0,0.1473717853958373,10,0.025,0.15,0.9622686245364281,0.9623343023769735,0.9631501758431152,0.9456263441916536,0.9606152895105801,0.9737199022503948,0.9681358252959373,0.9500622899536857,0.9554666666791434,0.9703965722093539,0.9656301425433211,1.0
1,0,2.1641703894644073,0.2027117830573554,4167,2.286810908998762,0.15827338129496402,834,2.2845711013938805,0.1586,0.9883739415521537,0.08330680361255703,,,0.99,,0.9900232707827895,0.00997672921721049,0.8715392535772346,0.14816743905369878,10,0.025,0.15,1.0,0.9745565027114774,0.9722241364033526,0.9720426297461618,0.9702237675096737,0.9793526686866804,0.9735599977754219,0.976558487815614,0.9767575004178242,0.9725381798465432,0.9739813778192483,0.9737979116928814
1,1,2.1394172126596622,0.22277417806575475,4167,2.289549248559134,0.13908872901678657,834,2.284624211395843,0.1585,0.9869586003944828,0.08301603444738903,,,0.99,,0.9900232707827895,0.00997672921721049,0.8701360131059314,0.14816743905369878,10,0.025,0.15,0.9745565027114774,1.0,0.9738300417490987,0.9656013212746403,0.9716724937012008,0.9760979149444408,0.9732431249111408,0.9687016249252616,0.9755573673589433,0.9733484282036261,0.9735780410443543,0.9726848111754539
1,2,2.14528851220102,0.21135109191264698,4167,2.2840117045811246,0.15947242206235013,834,2.2845646007151545,0.1585,0.9876198669343382,0.08336265018059745,,,0.99,,0.9900232707827895,0.00997672921721049,0.8716370607723383,0.14816743905369878,10,0.025,0.15,0.9722241364033526,0.9738300417490987,1.0,0.9746975549479612,0.9698250932371905,0.9748507409481869,0.9754369146838036,0.9713266439597745,0.9750304721852223,0.9755260724877134,0.9718159285235005,0.9720232069867684
1,3,2.159884951331399,0.20947924166066714,4167,2.284242868423462,0.15467625899280577,834,2.284632863877695,0.1587,0.9854225204520796,0.08292791681123583,,,0.99,,0.9900232707827895,0.00997672921721049,0.8699031626782562,0.14816743905369878,10,0.025,0.15,0.9720426297461618,0.9656013212746403,0.9746975549479612,1.0,0.964515010402386,0.971580546033339,0.9725357002881317,0.9747023424983042,0.9713721428973046,0.9718778812778923,0.9715527675154265,0.970246176356896
1,4,2.1484901337912587,0.21336693064554835,4167,2.277846200125558,0.18967587034813926,833,2.2846107060396217,0.1584,0.9867048318671826,0.08307097078388356,,,0.99,,0.9900232707827895,0.00997672921721049,0.8706058540200797,0.14816743905369878,10,0.025,0.15,0.9702237675096737,0.9716724937012008,0.9698250932371905,0.964515010402386,1.0,0.9735389378503317,0.9721871568387939,0.9746918634780617,0.9771297513439865,0.9776757047400727,0.9713853089745716,0.9729823045180664
1,5,2.1612201752084674,0.21375089992800575,4167,2.2829854488372803,0.15486194477791115,833,2.2845626541330843,0.1586,0.9895562612527381,0.08347836410008243,,,0.99,,0.9900232707827895,0.00997672921721049,0.8716279140994415,0.14816743905369878,10,0.025,0.15,0.9793526686866804,0.9760979149444408,0.9748507409481869,0.971580546033339,0.9735389378503317,1.0,0.9776250478566754,0.9752129601471953,0.9758901377960536,0.9750961244681489,0.9712900617341219,0.9790160697106343
1,6,2.155590819228779,0.2173746100311975,4167,2.2832907949175154,0.16926770708283315,833,2.2845564703398114,0.1585,0.9871544974146385,0.083558890360217,,,0.99,,0.9900232707827895,0.00997672921721049,0.8717815784430202,0.14816743905369878,10,0.025,0.15,0.9735599977754219,0.9732431249111408,0.9754369146838036,0.9725357002881317,0.9721871568387939,0.9776250478566754,1.0,0.9679698942259337,0.9731224301435298,0.9744969519364679,0.9672366405366558,0.9735702390224709
1,7,2.1529667084867303,0.21514278857691385,4167,2.2860991614205495,0.15126050420168066,833,2.284610684913925,0.1584,0.9877905756330938,0.08310663130780525,,,0.99,,0.9900232707827895,0.00997672921721049,0.8706069746715017,0.14816743905369878,10,0.025,0.15,0.976558487815614,0.9687016249252616,0.9713266439597745,0.9747023424983042,0.9746918634780617,0.9752129601471953,0.9679698942259337,1.0,0.9766947343718352,0.9754244680396731,0.9749992679954118,0.9724862784944561
1,8,2.156110035650658,0.2111857897263562,4166,2.2876197269984653,0.15006002400960383,833,2.2845600677441946,0.1586,0.9898036834861758,0.08356389199465822,,,0.99,,0.9900232707827895,0.00997672921721049,0.8716228201661076,0.14816743905369878,10,0.025,0.15,0.9767575004178242,0.9755573673589433,0.9750304721852223,0.9713721428973046,0.9771297513439865,0.9758901377960536,0.9731224301435298,0.9766947343718352,1.0,0.9729028899909822,0.978367745077093,0.9796437405403119
1,9,2.136588788393772,0.22071531445031206,4166,2.2814009870801653,0.16806722689075632,833,2.284555664545373,0.1585,0.9883270429555422,0.08377139263288261,,,0.99,,0.9900232707827895,0.00997672921721049,0.8717119878360294,0.14816743905369878,10,0.025,0.15,0.9725381798465432,0.9733484282036261,0.9755260724877134,0.9718778812778923,0.9776757047400727,0.9750961244681489,0.9744969519364679,0.9754244680396731,0.9729028899909822,1.0,0.9740723128662568,0.9718581579856649
1,10,2.1479313630046266,0.2170667306769083,4166,2.2819174017224992,0.1608643457382953,833,2.2845564461961576,0.1585,0.98740769191103,0.08357435359038091,,,0.99,,0.9900232707827895,0.00997672921721049,0.8717833494429814,0.14816743905369878,10,0.025,0.15,0.9739813778192483,0.9735780410443543,0.9718159285235005,0.9715527675154265,0.9713853089745716,0.9712900617341219,0.9672366405366558,0.9749992679954118,0.978367745077093,0.9740723128662568,1.0,0.9757282198461672
1,11,2.155981672893871,0.20705712914066252,4166,2.2875329766954695,0.14765906362545017,833,2.2845745599722562,0.1585,0.988244261170259,0.08326210017831066,,,0.99,,0.9900232707827895,0.00997672921721049,0.8713206363373032,0.14816743905369878,10,0.025,0.15,0.9737979116928814,0.9726848111754539,0.9720232069867684,0.970246176356896,0.9729823045180664,0.9790160697106343,0.9735702390224709,0.9724862784944561,0.9796437405403119,0.9718581579856649,0.9757282198461672,1.0
2,0,2.0844618613069708,0.23774898008159348,4167,2.2686590467180525,0.1630695443645084,834,2.265459950966171,0.1803,0.9836700061323873,0.08334549594042107,,,0.99,,0.9900232707827895,0.00997672921721049,0.9675854520725753,0.1474188381806812,10,0.025,0.15,1.0,0.961412866670589,0.9613319918166054,0.9643600218204722,0.9608017229498678,0.9718312700928541,0.9640935404629365,0.9691811260489072,0.9634975963330499,0.9617876670988128,0.9617513220540614,0.9608816040364522
2,1,2.0561401107094506,0.25658747300215984,4167,2.270432233810425,0.15827338129496402,834,2.2655279153509986,0.1803,0.9811041039188788,0.08308276136481642,,,0.99,,0.9900232707827895,0.00997672921721049,0.9675854520725753,0.1474188381806812,10,0.025,0.15,0.961412866670589,1.0,0.9649274678185408,0.9535595085551686,0.9645543026447279,0.9640854955866198,0.9624988655719448,0.957905011879194,0.956592608792967,0.9647686565950884,0.959802337991562,0.9606512572768028
2,2,2.065958433078997,0.24751619870410368,4167,2.2648282051086426,0.1882494004796163,834,2.2654456398155114,0.1802,0.9826128594394052,0.08334562382780562,,,0.99,,0.9900232707827895,0.00997672921721049,0.9675854520725753,0.1474188381806812,10,0.025,0.15,0.9613319918166054,0.9649274678185408,1.0,0.9630645983405064,0.961903652775814,0.9649286342917124,0.9640175097357657,0.9606153683147155,0.9621924430681148,0.9653954544913848,0.959461443331274,0.9605892664448867
2,3,2.0833075053764114,0.24070074394048477,4167,2.2646969045911516,0.18585131894484413,834,2.2655402044706707,0.1803,0.9817773114099352,0.08305025360522082,,,0.99,,0.9900232707827895,0.00997672921721049,0.9675854520725753,0.1474188381806812,10,0.025,0.15,0.9643600218204722,0.9535595085551686,0.9630645983405064,1.0,0.9559868234691203,0.9661835661284142,0.9628462553722495,0.9652704453369289,0.9638014831123879,0.9607346282814129,0.9601568689136439,0.9627748794097238
2,4,2.065551093130401,0.25111591072714184,4167,2.257814645767212,0.22448979591836735,833,2.2655060955240756,0.1803,0.9827380802915808,0.0831697202045586,,,0.99,,0.9900232707827895,0.00997672921721049,0.9675854520725753,0.1474188381806812,10,0.025,0.15,0.9608017229498678,0.9645543026447279,0.961903652775814,0.9559868234691203,1.0,0.9612395394048572,0.9607428278591981,0.9672939827892306,0.9649939736864759,0.9655276033179281,0.963399973702568,0.9635737089880546
2,5,2.0850684967907993,0.24576433885289176,4167,2.2629311084747314,0.17046818727490998,833,2.2654421601114394,0.1802,0.9852616949100679,0.0835030401793571,,,0.99,,0.9900232707827895,0.00997672921721049,0.9675854520725753,0.1474188381806812,10,0.025,0.15,0.9718312700928541,0.9640854955866198,0.9649286342917124,0.9661835661284142,0.9612395394048572,1.0,0.9660985145618413,0.9684719991046883,0.9628953963942163,0.9664989092424783,0.9607850586533442,0.9666223560704315
2,6,2.0749410286094205,0.2548596112311015,4167,2.263330732073103,0.1836734693877551,833,2.265435309349736,0.18,0.9813289013975339,0.08342501089368914,,,0.99,,0.9900232707827895,0.00997672921721049,0.9675854520725753,0.1474188381806812,10,0.025,0.15,0.9640935404629365,0.9624988655719448,0.9640175097357657,0.9628462553722495,0.9607428278591981,0.9660985145618413,1.0,0.9569821896229036,0.9576967277494042,0.9646600364524782,0.9531861967845848,0.9603873426297176
2,7,2.0738731442075786,0.2513558915286777,4167,2.26796623638698,0.17406962785114047,833,2.2655060804342924,0.1803,0.9837785138145937,0.08322551066838585,,,0.99,,0.9900232707827895,0.00997672921721049,0.9675854520725753,0.1474188381806812,10,0.025,0.15,0.9691811260489072,0.957905011879194,0.9606153683147155,0.9652704453369289,0.9672939827892306,0.9684719991046883,0.9569821896229036,1.0,0.9666003513985577,0.9657469574304804,0.9619209697060731,0.962304228319476
2,8,2.0727526115648676,0.24541526644263081,4166,2.268988643373762,0.16686674669867949,833,2.2654378021819683,0.1803,0.9830592009278434,0.08348428738923774,,,0.99,,0.9900232707827895,0.00997672921721049,0.9675854520725753,0.1474188381806812,10,0.025,0.15,0.9634975963330499,0.956592608792967,0.9621924430681148,0.9638014831123879,0.9649939736864759,0.9628953963942163,0.9576967277494042,0.9666003513985577,1.0,0.959847901857657,0.96764672126218,0.9678661609327662
2,9,2.060095459764654,0.2516322611617859,4166,2.261027063642229,0.20168067226890757,833,2.2654337309583834,0.18,0.9836519304426883,0.08363156659071798,,,0.99,,0.9900232707827895,0.00997672921721049,0.9675854520725753,0.1474188381806812,10,0.025,0.15,0.9617876670988128,0.9647686565950884,0.9653954544913848,0.9607346282814129,0.9655276033179281,0.9664989092424783,0.9646600364524782,0.9657469574304804,0.959847901857657,1.0,0.9631969184502748,0.962353951219752
2,10,2.067137749267347,0.25513682189150266,4166,2.261592830930437,0.17767106842737096,833,2.265435309349736,0.18,0.9815545379365419,0.08344187932253372,,,0.99,,0.9900232707827895,0.00997672921721049,0.9675854520725753,0.1474188381806812,10,0.025,0.15,0.9617513220540614,0.959802337991562,0.959461443331274,0.9601568689136439,0.963399973702568,0.9607850586533442,0.9531861967845848,0.9619209697060731,0.96764672126218,0.9631969184502748,1.0,0.9645468236614287
2,11,2.079330745610324,0.24207873259721555,4166,2.270829881940569,0.16926770708283315,833,2.2654643964163865,0.1803,0.9829598061795388,0.08329485001325586,,,0.99,,0.9900232707827895,0.00997672921721049,0.9675854520725753,0.1474188381806812,10,0.025,0.15,0.9608816040364522,0.9606512572768028,0.9605892664448867,0.9627748794097238,0.9635737089880546,0.9666223560704315,0.9603873426297176,0.962304228319476,0.9678661609327662,0.962353951219752,0.9645468236614287,1.0
3,0,2.028790441787604,0.2644588432925366,4167,2.2446941988808766,0.1906474820143885,834,2.240384789961803,0.2107,0.9792880892830359,0.08336279412442006,,,0.99,,0.9900232707827895,0.00997672921721049,0.9845649936459272,0.14679218167933367,10,0.025,0.15,1.0,0.9567887154968939,0.9533362192505317,0.9527915797044901,0.9537906367862176,0.9622032706551655,0.9568919904374471,0.9584693075085907,0.951324516288183,0.9550355599044008,0.9486726244362145,0.9508329380410121
3,1,1.9980866797042616,0.2801055915526758,4167,2.2454856804439,0.1906474820143885,834,2.240469757514664,0.2108,0.9769235373436,0.08312350640419795,,,0.99,,0.9900232707827895,0.00997672921721049,0.9845649936459272,0.14679218167933367,10,0.025,0.15,0.9567887154968939,1.0,0.9531901529303609,0.9448609242620573,0.9553511012758825,0.9566149803425417,0.9529032556713315,0.9507792181831141,0.9451758086421248,0.9571177312165355,0.949889777679327,0.9498177054263784
3,2,2.014045056068536,0.26724262059035275,4167,2.239938122885568,0.22661870503597123,834,2.2403619892989535,0.2106,0.9778377167706633,0.08331569639068943,,,0.99,,0.9900232707827895,0.00997672921721049,0.9845649936459272,0.14679218167933367,10,0.025,0.15,0.9533362192505317,0.9531901529303609,1.0,0.9570644261599042,0.9494148324827127,0.956247106184915,0.9501528044583427,0.9532371901423853,0.9548737151964349,0.9563179199886769,0.9524820806327193,0.9467785955145729
3,3,2.0279063069459164,0.2643868490520758,4167,2.2390717438289096,0.20983213429256595,834,2.240486395509937,0.2108,0.9788562727361084,0.08316628272720569,,,0.99,,0.9900232707827895,0.00997672921721049,0.9845649936459272,0.14679218167933367,10,0.025,0.15,0.9527915797044901,0.9448609242620573,0.9570644261599042,1.0,0.9489910590676983,0.9579613880064463,0.9539612893259637,0.9568031861353627,0.9564032658843654,0.9570139769674053,0.9530259168781683,0.9563010605453808
3,4,2.0076227408466916,0.27261819054475644,4167,2.2315679618290494,0.24009603841536614,833,2.2404385367526283,0.2108,0.9778625093668747,0.08320779094093211,,,0.99,,0.9900232707827895,0.00997672921721049,0.9845649936459272,0.14679218167933367,10,0.025,0.15,0.9537906367862176,0.9553511012758825,0.9494148324827127,0.9489910590676983,1.0,0.9526801601829461,0.9496829658139482,0.958332880757273,0.9545346380709911,0.9546475085242976,0.9534316489292571,0.9526369741661351
3,5,2.0312861930240285,0.26618670506359493,4167,2.236441033227103,0.20528211284513806,833,2.2403570489038396,0.2106,0.9819575879302341,0.0835469912622054,,,0.99,,0.9900232707827895,0.00997672921721049,0.9845649936459272,0.14679218167933367,10,0.025,0.15,0.9622032706551655,0.9566149803425417,0.956247106184915,0.9579613880064463,0.9526801601829461,1.0,0.956927016580516,0.9620388355938515,0.9541939826509752,0.9616234551674541,0.9523026613459984,0.9586110690916257
3,6,2.0193150025425535,0.27669786417086634,4167,2.2370501245771135,0.22328931572629052,833,2.2403493138808237,0.2106,0.9754376923109559,0.08328669272402608,,,0.99,,0.9900232707827895,0.00997672921721049,0.9845649936459272,0.14679218167933367,10,0.025,0.15,0.9568919904374471,0.9529032556713315,0.9501528044583427,0.9539612893259637,0.9496829658139482,0.956927016580516,1.0,0.9467172330909595,0.9453308442864662,0.9551460365267371,0.9403949375571743,0.9467707979585351
3,7,2.017454117355925,0.27804175665946723,4167,2.2442382744380405,0.20168067226890757,833,2.240438479411451,0.2108,0.9800714760554935,0.08331412236814129,,,0.99,,0.9900232707827895,0.00997672921721049,0.9845649936459272,0.14679218167933367,10,0.025,0.15,0.9584693075085907,0.9507792181831141,0.9532371901423853,0.9568031861353627,0.958332880757273,0.9620388355938515,0.9467172330909595,1.0,0.9573310759097144,0.9581149003812314,0.9525931407832318,0.9549707109438877
3,8,2.016748683741598,0.2654344695151224,4166,2.244470085416521,0.1992797118847539,833,2.240350629709944,0.2106,0.9785234611892942,0.08342369863664009,,,0.99,,0.9900232707827895,0.00997672921721049,0.9845649936459272,0.14679218167933367,10,0.025,0.15,0.951324516288183,0.9451758086421248,0.9548737151964349,0.9564032658843654,0.9545346380709911,0.9541939826509752,0.9453308442864662,0.9573310759097144,1.0,0.9525566857649609,0.9593550545124355,0.9600027198760558
3,9,2.00619708516381,0.2744359097455593,4166,2.2343039512634277,0.22929171668667467,833,2.2403468904615957,0.2104,0.9809576464111429,0.08359389765852132,,,0.99,,0.9900232707827895,0.00997672921721049,0.9845649936459272,0.14679218167933367,10,0.025,0.15,0.9550355599044008,0.9571177312165355,0.9563179199886769,0.9570139769674053,0.9546475085242976,0.9616234551674541,0.9551460365267371,0.9581149003812314,0.9525566857649609,1.0,0.9577072188667007,0.9543150703656769
3,10,2.0080136201598426,0.2783005280844935,4166,2.2348439693450928,0.22088835534213686,833,2.2403493078449106,0.2106,0.9773499816064818,0.08335931944203864,,,0.99,,0.9900232707827895,0.00997672921721049,0.9845649936459272,0.14679218167933367,10,0.025,0.15,0.9486726244362145,0.949889777679327,0.9524820806327193,0.9530259168781683,0.9534316489292571,0.9523026613459984,0.9403949375571743,0.9525931407832318,0.9593550545124355,0.9577072188667007,1.0,0.957452135122763
3,11,2.0255382407795297,0.26481036965914545,4166,2.2485731669834683,0.1908763505402161,833,2.2403902826429922,0.2108,0.9782954898169391,0.08329920732098195,,,0.99,,0.9900232707827895,0.00997672921721049,0.9845649936459272,0.14679218167933367,10,0.025,0.15,0.9508329380410121,0.9498177054263784,0.9467785955145729,0.9563010605453808,0.9526369741661351,0.9586110690916257,0.9467707979585351,0.9549707109438877,0.9600027198760558,0.9543150703656769,0.957452135122763,1.0
4,0,1.9890358711733962,0.28032157427405807,4167,2.2153853348323276,0.22661870503597123,834,2.209892209572128,0.2544,0.9748983846725756,0.08335909956845647,,,0.99,,0.9900232707827895,0.00997672921721049,0.9886891869740103,0.14620027435070437,10,0.025,0.15,1.0,0.9450908058229571,0.9433997345411447,0.9461322156214509,0.9446440730089048,0.9553945757359852,0.9459940105650732,0.9496782634420188,0.9425951408122822,0.9456919999987025,0.9409079016421099,0.9428632940255552
4,1,1.950888541611758,0.29772018238540915,4167,2.21547269821167,0.24580335731414868,834,2.20999651317355,0.2545,0.9719005322645506,0.08311332430579298,,,0.99,,0.9900232707827895,0.00997672921721049,0.9886891869740103,0.14620027435070437,10,0.025,0.15,0.9450908058229571,1.0,0.9434957970637609,0.9371421412545367,0.9466350725304388,0.9452234903039726,0.9411539446353301,0.9411689655153821,0.9352393865567911,0.9479463245350087,0.9422253216789709,0.9421721243646927
4,2,1.9713809930916988,0.28504919606431484,4167,2.209855352129255,0.26498800959232616,834,2.209861224210715,0.2541,0.9735373694858508,0.0832856088321927,,,0.99,,0.9900232707827895,0.00997672921721049,0.9886891869740103,0.14620027435070437,10,0.025,0.15,0.9433997345411447,0.9434957970637609,1.0,0.9485111809181234,0.9434413202129168,0.9469604255882658,0.941498987900828,0.9457000000070748,0.946004100175727,0.9471362669209881,0.9435273191872483,0.9368360450483795
4,3,1.9854198101795082,0.28207343412527,4167,2.2079694952283586,0.25059952038369304,834,2.2100183963775635,0.2545,0.9756936497630894,0.0832633720853358,,,0.99,,0.9900232707827895,0.00997672921721049,0.9886891869740103,0.14620027435070437,10,0.025,0.15,0.9461322156214509,0.9371421412545367,0.9485111809181234,1.0,0.9445207528478348,0.9502002150445822,0.9481126363728719,0.9493645164490548,0.9460688098218714,0.9483490911475625,0.9451405534320144,0.9482624968003528
4,4,1.9612402677536012,0.28972882169426445,4167,2.1998515810285295,0.29891956782713086,833,2.209955203382275,0.2544,0.9758808282783695,0.08329516236306932,,,0.99,,0.9900232707827895,0.00997672921721049,0.9886891869740103,0.14620027435070437,10,0.025,0.15,0.9446440730089048,0.9466350725304388,0.9434413202129168,0.9445207528478348,1.0,0.9464109766248352,0.9407826957364674,0.9518963708759011,0.94922966859714,0.9489695347527823,0.9501970459860005,0.9472609087403551
4,5,1.987399483088291,0.282481401487881,4167,2.2041215215410506,0.2617046818727491,833,2.2098549770403513,0.2541,0.9777184247793903,0.0835649825616706,,,0.99,,0.9900232707827895,0.00997672921721049,0.9886891869740103,0.14620027435070437,10,0.025,0.15,0.9553945757359852,0.9452234903039726,0.9469604255882658,0.9502002150445822,0.9464109766248352,1.0,0.9475732580202051,0.9544873966966834,0.9446021437985128,0.9504935157888516,0.9449791629149666,0.9489494465072494
4,6,1.9787902084263889,0.2945044396448284,4167,2.2050016948154996,0.24369747899159663,833,2.20984573002103,0.2534,0.9711693600902918,0.08319051245378316,,,0.99,,0.9900232707827895,0.00997672921721049,0.9886891869740103,0.14620027435070437,10,0.025,0.15,0.9459940105650732,0.9411539446353301,0.941498987900828,0.9481126363728719,0.9407826957364674,0.9475732580202051,1.0,0.9381063295362154,0.936983151219871,0.9461217656999772,0.9335214348381496,0.9389890431513166
4,7,1.972010982759071,0.29695224382049434,4167,2.2153750487736295,0.2533013205282113,833,2.2099551430231408,0.2544,0.9764887273029018,0.08338078249513317,,,0.99,,0.9900232707827895,0.00997672921721049,0.9886891869740103,0.14620027435070437,10,0.025,0.15,0.9496782634420188,0.9411689655153821,0.9457000000070748,0.9493645164490548,0.9518963708759011,0.9544873966966834,0.9381063295362154,1.0,0.9484778530073529,0.949178293111137,0.946315130872024,0.9466374802046689
4,8,1.9717884063720703,0.2859097455592895,4166,2.2146523680005754,0.24489795918367346,833,2.209846418115157,0.2541,0.9738502223388702,0.08336265128121796,,,0.99,,0.9900232707827895,0.00997672921721049,0.9886891869740103,0.14620027435070437,10,0.025,0.15,0.9425951408122822,0.9352393865567911,0.946004100175727,0.9460688098218714,0.94922966859714,0.9446021437985128,0.936983151219871,0.9484778530073529,1.0,0.9395112257293832,0.9503497507564648,0.9510541174600472
4,9,1.9625030015454148,0.292822851656265,4166,2.201711450304304,0.25570228091236497,833,2.209842518915104,0.2534,0.9761450800107668,0.08354276067310902,,,0.99,,0.9900232707827895,0.00997672921721049,0.9886891869740103,0.14620027435070437,10,0.025,0.15,0.9456919999987025,0.9479463245350087,0.9471362669209881,0.9483490911475625,0.9489695347527823,0.9504935157888516,0.9461217656999772,0.949178293111137,0.9395112257293832,1.0,0.9484009993387285,0.9450571373028157
4,10,1.964341692491011,0.2957513202112338,4166,2.202514818736485,0.2653061224489796,833,2.209845723985117,0.2534,0.9742560632139468,0.08333602358882138,,,0.99,,0.9900232707827895,0.00997672921721049,0.9886891869740103,0.14620027435070437,10,0.025,0.15,0.9409079016421099,0.9422253216789709,0.9435273191872483,0.9451405534320144,0.9501970459860005,0.9449791629149666,0.9335214348381496,0.946315130872024,0.9503497507564648,0.9484009993387285,1.0,0.9493211580305807
4,11,1.9841676332733849,0.2827412385981757,4166,2.220935208456857,0.23769507803121248,833,2.2098988007895555,0.2544,0.9744679879479962,0.08330571979141752,,,0.99,,0.9900232707827895,0.00997672921721049,0.9886891869740103,0.14620027435070437,10,0.025,0.15,0.9428632940255552,0.9421721243646927,0.9368360450483795,0.9482624968003528,0.9472609087403551,0.9489494465072494,0.9389890431513166,0.9466374802046689,0.9510541174600472,0.9450571373028157,0.9493211580305807,1.0
5,0,1.9508123831315474,0.2966402687784977,4167,2.1816960062299455,0.26139088729016785,834,2.1748245939423767,0.2787,0.9696205974091421,0.08330368126878203,,,0.99,,0.9900232707827895,0.00997672921721049,0.9899531319352748,0.14565312863037294,10,0.025,0.15,1.0,0.9387094718345421,0.9355115875634344,0.9345916826119148,0.9359336886383807,0.9445613269818925,0.9362900078907895,0.9404085383416917,0.9300240204348338,0.9367175625785727,0.9338455879549405,0.9316280053629711
5,1,1.9140618508512324,0.3126709863210943,4167,2.180896077837263,0.2805755395683453,834,2.1749490605124944,0.2789,0.9695519382367908,0.0831490957993066,,,0.99,,0.9900232707827895,0.00997672921721049,0.9899531319352748,0.14565312863037294,10,0.025,0.15,0.9387094718345421,1.0,0.935632282798745,0.9288058728129025,0.9396776414215993,0.9407111847293119,0.9339784561339498,0.9372736787973412,0.9278720923136262,0.941615795221726,0.9382717096160281,0.9350489117097153
5,2,1.9319421038483129,0.3017518598512119,4167,2.1754792758396695,0.28896882494004794,834,2.1747851100149034,0.2785,0.969720282119565,0.08326137963742009,,,0.99,,0.9900232707827895,0.00997672921721049,0.9899531319352748,0.14565312863037294,10,0.025,0.15,0.9355115875634344,0.935632282798745,1.0,0.9383338821556073,0.9362339605853526,0.937299881459553,0.9341267301760536,0.9399651885768817,0.9369499193394043,0.9396046042427021,0.9359645895032176,0.9298188007126522
5,3,1.9483650117209463,0.2971922246220302,4167,2.172013589314052,0.2745803357314149,834,2.174976759319064,0.2789,0.9708786286125838,0.0832853859930463,,,0.99,,0.9900232707827895,0.00997672921721049,0.9899531319352748,0.14565312863037294,10,0.025,0.15,0.9345916826119148,0.9288058728129025,0.9383338821556073,1.0,0.9370824971034596,0.9414326598722641,0.9405503395605345,0.9414289950136201,0.9376076520168358,0.9379692101411861,0.9374638094120651,0.9376763979234264
5,4,1.9234516414729033,0.3046796256299496,4167,2.1634407384055003,0.31812725090036015,833,2.1748977009254165,0.279,0.9727166980789648,0.0833650567004453,,,0.99,,0.9900232707827895,0.00997672921721049,0.9899531319352748,0.14565312863037294,10,0.025,0.15,0.9359336886383807,0.9396776414215993,0.9362339605853526,0.9370824971034596,1.0,0.9398454947137085,0.9343152195972513,0.9453389158750368,0.9418068144667239,0.9402168278432934,0.9442388858249554,0.9396585980878137
5,5,1.9491087223544266,0.29400047996160306,4167,2.1670182091849193,0.28211284513805523,833,2.1747777552544316,0.2785,0.9739978071559517,0.08357410162551787,,,0.99,,0.9900232707827895,0.00997672921721049,0.9899531319352748,0.14565312863037294,10,0.025,0.15,0.9445613269818925,0.9407111847293119,0.937299881459553,0.9414326598722641,0.9398454947137085,1.0,0.9399952435973544,0.9472040622803797,0.9359867305247112,0.9433566245994273,0.9386683657194679,0.9400274563686147
5,6,1.941040290846969,0.30842332613390927,4167,2.1682328496660506,0.2605042016806723,833,2.1747684086425396,0.2785,0.9676927003520698,0.08313628553755234,,,0.99,,0.9900232707827895,0.00997672921721049,0.9899531319352748,0.14565312863037294,10,0.025,0.15,0.9362900078907895,0.9339784561339498,0.9341267301760536,0.9405503395605345,0.9343152195972513,0.9399952435973544,1.0,0.929861869598683,0.9308104903557144,0.9381800325475974,0.9296065149187163,0.9281758379469388
5,7,1.9336848345669833,0.3122630189584833,4167,2.1820103100367954,0.27611044417767105,833,2.1748976405662828,0.279,0.9736488187882144,0.08344853850022245,,,0.99,,0.9900232707827895,0.00997672921721049,0.9899531319352748,0.14565312863037294,10,0.025,0.15,0.9404085383416917,0.9372736787973412,0.9399651885768817,0.9414289950136201,0.9453389158750368,0.9472040622803797,0.929861869598683,1.0,0.9428290794271591,0.9418106756349655,0.9394387281042623,0.9395596794933256
5,8,1.931333760059241,0.3004560729716755,4166,2.180523225239345,0.2725090036014406,833,2.1747672678549077,0.2785,0.9699904286556147,0.08331794821795963,,,0.99,,0.9900232707827895,0.00997672921721049,0.9899531319352748,0.14565312863037294,10,0.025,0.15,0.9300240204348338,0.9278720923136262,0.9369499193394043,0.9376076520168358,0.9418068144667239,0.9359867305247112,0.9308104903557144,0.9428290794271591,1.0,0.9319706092298157,0.9429035297444809,0.9437730900197067
5,9,1.9253202944090873,0.3057129140662506,4166,2.1644134521484375,0.28211284513805523,833,2.174764593945274,0.2785,0.9723362625612757,0.08350612090874115,,,0.99,,0.9900232707827895,0.00997672921721049,0.9899531319352748,0.14565312863037294,10,0.025,0.15,0.9367175625785727,0.941615795221726,0.9396046042427021,0.9379692101411861,0.9402168278432934,0.9433566245994273,0.9381800325475974,0.9418106756349655,0.9319706092298157,1.0,0.9406569735685466,0.9376483960471114
5,10,1.930419871301362,0.3055208833413346,4166,2.165543930871146,0.2965186074429772,833,2.174768345265449,0.2785,0.971811882000054,0.08336086604954979,,,0.99,,0.9900232707827895,0.00997672921721049,0.9899531319352748,0.14565312863037294,10,0.025,0.15,0.9338455879549405,0.9382717096160281,0.9359645895032176,0.9374638094120651,0.9442388858249554,0.9386683657194679,0.9296065149187163,0.9394387281042623,0.9429035297444809,0.9406569735685466,1.0,0.9427145397326145
5,11,1.9511112061413851,0.2963514162265963,4166,2.188737290246146,0.24969987995198079,833,2.1748324677914,0.2788,0.9702626489136602,0.08329153976145638,,,0.99,,0.9900232707827895,0.00997672921721049,0.9899531319352748,0.14565312863037294,10,0.025,0.15,0.9316280053629711,0.9350489117097153,0.9298188007126522,0.9376763979234264,0.9396585980878137,0.9400274563686147,0.9281758379469388,0.9395596794933256,0.9437730900197067,0.9376483960471114,0.9427145397326145,1.0
6,0,1.9178128386988784,0.30614350851931843,4167,2.1444222927093506,0.2793764988009592,834,2.136202842374391,0.2952,0.9671716653763532,0.08328126347902114,,,0.99,,0.9900232707827895,0.00997672921721049,0.9907634536391154,0.14523069015944431,10,0.025,0.15,1.0,0.9321556706810957,0.9296168146786459,0.9291532029353594,0.9314580111233572,0.939438605979645,0.93346022623635,0.9335918017151241,0.924791941498319,0.9299909875865453,0.9281983501790338,0.925187959223427
6,1,1.8811790292913264,0.32455003599712023,4167,2.1430480820792064,0.28776978417266186,834,2.136348401443868,0.2945,0.9656388688447703,0.08313527557817005,,,0.99,,0.9900232707827895,0.00997672921721049,0.9907634536391154,0.14523069015944431,10,0.025,0.15,0.9321556706810957,1.0,0.9289585444294404,0.9220032687184798,0.9330780761898256,0.9326818277397393,0.9285174977162082,0.9289542048363536,0.920105481069865,0.9330972396582562,0.9321644887577983,0.927645960050576
6,2,1.8989420482606598,0.31298296136309095,4167,2.1379174504961287,0.30335731414868106,834,2.1361570388455933,0.2955,0.9674575208660511,0.08326434963035925,,,0.99,,0.9900232707827895,0.00997672921721049,0.9907634536391154,0.14523069015944431,10,0.025,0.15,0.9296168146786459,0.9289585444294404,1.0,0.9335123161604449,0.9326599248744869,0.9318149729281315,0.930017860679966,0.9342504105914698,0.9314846380168098,0.9337303586426267,0.9325215122549124,0.9218314777093463
6,3,1.9154762351151668,0.3111111111111111,4167,2.1325314726148332,0.3105515587529976,834,2.1363816261291504,0.2945,0.9677625999808054,0.08328921046906847,,,0.99,,0.9900232707827895,0.00997672921721049,0.9907634536391154,0.14523069015944431,10,0.025,0.15,0.9291532029353594,0.9220032687184798,0.9335123161604449,1.0,0.9317938754032896,0.9354433435759981,0.9361600745459043,0.9333207637145771,0.9301265778273979,0.9316068564530248,0.9293976481414224,0.9314063976364473
6,4,1.881799991203077,0.3167266618670506,4167,2.123359816414969,0.3325330132052821,833,2.136287713352638,0.2947,0.9704928050252262,0.08342781811037932,,,0.99,,0.9900232707827895,0.00997672921721049,0.9907634536391154,0.14523069015944431,10,0.025,0.15,0.9314580111233572,0.9330780761898256,0.9326599248744869,0.9317938754032896,1.0,0.933801359176609,0.9311749395497594,0.9378243518732463,0.9367642160957258,0.9342784332720823,0.9393664753695676,0.9333849021627794
6,5,1.9144375096667896,0.3044636429085673,4167,2.126199926648821,0.2965186074429772,833,2.1361492163018334,0.2955,0.9713683768647052,0.0835861353486061,,,0.99,,0.9900232707827895,0.00997672921721049,0.9907634536391154,0.14523069015944431,10,0.025,0.15,0.939438605979645,0.9326818277397393,0.9318149729281315,0.9354433435759981,0.933801359176609,1.0,0.9358583468594456,0.9402047621706937,0.9316744486822928,0.9369261829215688,0.9330322082863706,0.9347226936857623
6,6,1.9064620765772733,0.32054235661147107,4167,2.1278465475354875,0.27611044417767105,833,2.136139613163622,0.2954,0.9665722031096338,0.08315780904156739,,,0.99,,0.9900232707827895,0.00997672921721049,0.9907634536391154,0.14523069015944431,10,0.025,0.15,0.93346022623635,0.9285174977162082,0.930017860679966,0.9361600745459043,0.9311749395497594,0.9358583468594456,1.0,0.926543467014654,0.928237244585882,0.9329359038632498,0.9254123772777565,0.921904805118278
6,7,1.8995291330597617,0.3253659707223422,4167,2.145249809537615,0.2893157262905162,833,2.136287643939634,0.2947,0.9697550155392073,0.08345552575852937,,,0.99,,0.9900232707827895,0.00997672921721049,0.9907634536391154,0.14523069015944431,10,0.025,0.15,0.9335918017151241,0.9289542048363536,0.9342504105914698,0.9333207637145771,0.9378243518732463,0.9402047621706937,0.926543467014654,1.0,0.9348960325238148,0.9332355393859244,0.9317633175701822,0.9323338999291456
6,8,1.8957655021638582,0.3129860777724436,4166,2.1428747858319963,0.26770708283313327,833,2.1361370026310786,0.2954,0.9671629113152496,0.08328983080156921,,,0.99,,0.9900232707827895,0.00997672921721049,0.9907634536391154,0.14523069015944431,10,0.025,0.15,0.924791941498319,0.920105481069865,0.9314846380168098,0.9301265778273979,0.9367642160957258,0.9316744486822928,0.928237244585882,0.9348960325238148,1.0,0.92554888814534,0.9370923779993423,0.9362007247374341
6,9,1.8908781084147366,0.3203312530004801,4166,2.123350586209978,0.31452581032412963,833,2.1361356686942186,0.2954,0.9689731500866661,0.08346572224150822,,,0.99,,0.9900232707827895,0.00997672921721049,0.9907634536391154,0.14523069015944431,10,0.025,0.15,0.9299909875865453,0.9330972396582562,0.9337303586426267,0.9316068564530248,0.9342784332720823,0.9369261829215688,0.9329359038632498,0.9332355393859244,0.92554888814534,1.0,0.9353093726626487,0.9311574767650055
6,10,1.8965197982210102,0.3174027844455113,4166,2.124860865729196,0.31812725090036015,833,2.1361395196069646,0.2954,0.9692648872030678,0.08338511376036635,,,0.99,,0.9900232707827895,0.00997672921721049,0.9907634536391154,0.14523069015944431,10,0.025,0.15,0.9281983501790338,0.9321644887577983,0.9325215122549124,0.9293976481414224,0.9393664753695676,0.9330322082863706,0.9254123772777565,0.9317633175701822,0.9370923779993423,0.9353093726626487,1.0,0.9370550398458447
6,11,1.917647135257721,0.3062890062409986,4166,2.1526890822819302,0.2617046818727491,833,2.136212961583198,0.2951,0.966810876409471,0.0832619457808551,,,0.99,,0.9900232707827895,0.00997672921721049,0.9907634536391154,0.14523069015944431,10,0.025,0.15,0.925187959223427,0.927645960050576,0.9218314777093463,0.9314063976364473,0.9333849021627794,0.9347226936857623,0.921904805118278,0.9323338999291456,0.9362007247374341,0.9311574767650055,0.9370550398458447,1.0
