round,client_id,client_i_training_loss,client_i_training_accuracy,client_i_training_dataset_size,client_i_evaluation_loss,client_i_evaluation_accuracy,client_i_evaluation_dataset_size,client_i_central_evaluation_loss,client_i_central_evaluation_accuracy,client_i_cosine_similarity,client_i_importance_coefficient,client_i_tanh_val,tanh_normalization_value,client_i_q,client_i_mask_order,client_i_v_nonzero_fraction,client_i_v_sparsity,client_i_v_cosine_similarity,client_i_reward_gradient_norm,local_epochs,learning_rate,gamma,client_0_cosine_similarity,client_1_cosine_similarity,client_2_cosine_similarity,client_3_cosine_similarity,client_4_cosine_similarity,client_5_cosine_similarity,client_6_cosine_similarity,client_7_cosine_similarity,client_8_cosine_similarity,client_9_cosine_similarity,client_10_cosine_similarity,client_11_cosine_similarity
0,0,2.290287168820699,0.1435805135589153,4167,2.2950864178793773,0.12470023980815348,834,2.297297257411329,0.1212,0.9731772035620223,0.0836028388620055,,,0.8604709849098111,,0.8605155881236487,0.1394844118763513,0,0.14549102023501134,10,0.025,0.15,1.0,0.9436041737206382,0.9374193871907219,0.9455714207162325,0.9246235593935583,0.9255477144659309,0.9398060125806238,0.9411475919961173,0.9212071691405369,0.9489620725430561,0.9503625954123083,0.9499940609685232
0,1,2.2863950801618174,0.1396448284137269,4167,2.2962445531572615,0.13189448441247004,834,2.297294495980951,0.1212,0.9774707368716896,0.08397168389056035,,,0.9096929101396352,,0.9097473222095691,0.09025267779043089,0,0.1455022267031939,10,0.025,0.15,0.9436041737206382,1.0,0.9316954325469206,0.9310251165878524,0.9448000999278587,0.9544822555380053,0.9421835992745824,0.9519947673592489,0.953650561312602,0.9241951669459864,0.9424473145699551,0.958143953702362
0,2,2.286558322473006,0.14014878809695225,4167,2.2992938927241733,0.11151079136690648,834,2.2973219956023785,0.121,0.9591796300065706,0.08240034780268743,,,0.7,,0.7000132032810154,0.29998679671898465,0,0.14533180649868116,10,0.025,0.15,0.9374193871907219,0.9316954325469206,1.0,0.9417094506259017,0.8778998592211819,0.9273092353945684,0.9560436537292709,0.8906454647350163,0.9169264488214237,0.895738104331807,0.9417530314478173,0.9481639880630968
0,3,2.2909254442561755,0.13933285337173026,4167,2.297466550554548,0.11990407673860912,834,2.2972999343389198,0.1213,0.9666643537171022,0.0830433387687806,,,0.7858063707148034,,0.7858510339819446,0.21414896601805544,0,0.14544450709148526,10,0.025,0.15,0.9455714207162325,0.9310251165878524,0.9417094506259017,1.0,0.913650878114572,0.9175416089845587,0.9392648575865529,0.9131843917088022,0.9223200357190965,0.919491654688767,0.9605651804084889,0.9481097443476952
0,4,2.2893807006604745,0.1413966882649388,4167,2.299061128071376,0.11044417767106843,833,2.2973049532009076,0.1212,0.9634857065979532,0.08277027038829582,,,0.7493657239219944,,0.7493934742783581,0.2506065257216419,0,0.14540849287149998,10,0.025,0.15,0.9246235593935583,0.9448000999278587,0.8778998592211819,0.913650878114572,1.0,0.9312934021145193,0.9251108410767253,0.9535360399726549,0.9331452181533156,0.9473212386481099,0.9279347946990185,0.936118968957842
0,5,2.288457024458683,0.15833933285337173,4167,2.2970030988965715,0.12004801920768307,833,2.2972989897184735,0.1212,0.9704239129484826,0.08336631162866966,,,0.8289067102341063,,0.8289597464970045,0.17104025350299545,0,0.14547922747935896,10,0.025,0.15,0.9255477144659309,0.9544822555380053,0.9273092353945684,0.9175416089845587,0.9312934021145193,1.0,0.9220322742392726,0.931893242379664,0.9597754017452409,0.9291273975298945,0.9433265802162728,0.9538733350478124
0,6,2.289569022438743,0.13590112790976722,4167,2.296243803841727,0.11164465786314526,833,2.297299083275131,0.1212,0.9703215520494738,0.08335751809989168,,,0.8277332243999296,,0.8277797032562592,0.17222029674374084,0,0.14547873841742306,10,0.025,0.15,0.9398060125806238,0.9421835992745824,0.9560436537292709,0.9392648575865529,0.9251108410767253,0.9220322742392726,1.0,0.9204134969341337,0.9323738306079202,0.9186714405065609,0.94804883630891,0.951053543127522
0,7,2.2886087244207207,0.14204463642908569,4167,2.298544406890869,0.12364945978391356,833,2.2972999343389198,0.1213,0.9666420615822935,0.08304142371595417,,,0.7855508092194975,,0.7855869683616379,0.21441303163836212,0,0.14544438446549884,10,0.025,0.15,0.9411475919961173,0.9519947673592489,0.8906454647350163,0.9131843917088022,0.9535360399726549,0.931893242379664,0.9204134969341337,1.0,0.9287912188809331,0.946657564328403,0.9373203295260656,0.9365904860676101
0,8,2.2879640651471687,0.15796927508401346,4166,2.295131410871233,0.13805522208883553,833,2.297301189808906,0.1213,0.9681286400260132,0.0831691313704606,,,0.8025932420428982,,0.8026439570233203,0.19735604297667975,0,0.14546338032926975,10,0.025,0.15,0.9212071691405369,0.953650561312602,0.9169264488214237,0.9223200357190965,0.9331452181533156,0.9597754017452409,0.9323738306079202,0.9287912188809331,1.0,0.9207338552143367,0.9415305288521035,0.9390358922140719
0,9,2.2905894814115584,0.15180028804608736,4166,2.2969428471156528,0.11524609843937575,833,2.2973029885110976,0.1213,0.9647018583513565,0.0828747464679855,,,0.7633079310406288,,0.7633559439520721,0.23664405604792793,0,0.1454251279404828,10,0.025,0.15,0.9489620725430561,0.9241951669459864,0.895738104331807,0.919491654688767,0.9473212386481099,0.9291273975298945,0.9186714405065609,0.946657564328403,0.9207338552143367,1.0,0.9332685756088012,0.9454364542779995
0,10,2.292181298227021,0.15196831493038887,4166,2.299384559903826,0.10684273709483794,833,2.2972944175140766,0.1212,0.9784257742989945,0.08405372839370932,,,0.9206416503608037,,0.9206895413510258,0.07931045864897424,0,0.14550338241935,10,0.025,0.15,0.9503625954123083,0.9424473145699551,0.9417530314478173,0.9605651804084889,0.9279347946990185,0.9433265802162728,0.94804883630891,0.9373203295260656,0.9415305288521035,0.9332685756088012,1.0,0.9627950734332629
0,11,2.288187451796098,0.1527364378300528,4166,2.2961361748831615,0.14165666266506602,833,2.2972941700416274,0.1212,0.9818589269810042,0.08434866061099942,,,0.9599999998665512,,0.9600270667260814,0.0399729332739186,0,0.1455056532311555,10,0.025,0.15,0.9499940609685232,0.958143953702362,0.9481639880630968,0.9481097443476952,0.936118968957842,0.9538733350478124,0.951053543127522,0.9365904860676101,0.9390358922140719,0.9454364542779995,0.9627950734332629,1.0
1,0,2.1623526002421523,0.22315814734821215,4167,2.284420967102051,0.15827338129496402,834,2.286564286751083,0.15,0.9891810034369395,0.08349181516359837,,,0.8595492154810112,,0.8595996105032101,0.1404003894967899,0.8530357319312764,0.14839225338791528,10,0.025,0.15,1.0,0.977750489760674,0.9755353098500198,0.9775122558457029,0.9741009762983605,0.9752763821156754,0.9758179312329913,0.978915745077618,0.9730118693421307,0.9792729679169002,0.9789182083016922,0.9782751142184124
1,1,2.147348342519818,0.2154547636189105,4167,2.284184455871582,0.1774580335731415,834,2.2865579822395423,0.1499,0.991037371866173,0.08377894148850075,,,0.9155351827069407,,0.9155732699575845,0.08442673004241552,0.8530735360888112,0.14840696260670913,10,0.025,0.15,0.977750489760674,1.0,0.9737893913288233,0.9789138159338414,0.9792890994664779,0.9787395664375783,0.97811066404471,0.9813592198251819,0.9796368641105233,0.9786239260904318,0.9780136132663114,0.9821003389308752
1,2,2.1440408580230943,0.21749460043196545,4167,2.2888584477560863,0.14028776978417265,834,2.286645164972619,0.1494,0.9867664338332777,0.0826735604802908,,,0.7,,0.7000132032810154,0.29998679671898465,0.8502935790501821,0.14820005088523894,10,0.025,0.15,0.9755353098500198,0.9737893913288233,1.0,0.9763629325469018,0.9712756308503925,0.9750571533186164,0.9794248985722187,0.9696315486513974,0.9713218017237859,0.97196131332526,0.9762700104521049,0.975429921968623
1,3,2.1592167756774208,0.20945524358051357,4167,2.2873134272439137,0.14268585131894485,834,2.2865755256218248,0.1498,0.9903310749120394,0.08318473586345432,,,0.7996726728495709,,0.7996979749467743,0.2003020250532257,0.8524940318210529,0.1483559649690964,10,0.025,0.15,0.9775122558457029,0.9789138159338414,0.9763629325469018,1.0,0.9753565786227872,0.9756712200247176,0.9804158250691655,0.9741383401424349,0.9774277618103587,0.9797725972214791,0.9824043817246153,0.9801661794938953
1,4,2.155427784269506,0.21646268298536117,4167,2.2896534374782016,0.1332533013205282,833,2.2865875189817406,0.1496,0.9889648077414335,0.08297242781414392,,,0.7582753140579864,,0.7583056889637075,0.24169431103629246,0.852173157544397,0.148317277860414,10,0.025,0.15,0.9741009762983605,0.9792890994664779,0.9712756308503925,0.9753565786227872,1.0,0.9759237404038844,0.9770994859643808,0.9789631890393029,0.9784994471137709,0.9800501675965169,0.9769990749021766,0.9745315750979279
1,5,2.15483482281367,0.2210943124550036,4167,2.2867256232670377,0.1524609843937575,833,2.2865703468081318,0.1499,0.9876775155231847,0.08329755080142569,,,0.8216701452931295,,0.8217309501411101,0.17826904985888992,0.8528268400139473,0.14837407017038615,10,0.025,0.15,0.9752763821156754,0.9787395664375783,0.9750571533186164,0.9756712200247176,0.9759237404038844,1.0,0.9722962650903584,0.973239551614677,0.9762219607159457,0.9742306145665838,0.973360149405622,0.9766109638314312
1,6,2.1647650104580505,0.2054475641948644,4167,2.285219737461635,0.14285714285714285,833,2.2865697009653987,0.1499,0.9897240480731934,0.08335842798342614,,,0.8335404184819195,,0.8335973989536399,0.16640260104636007,0.8528712613467074,0.1483805353388768,10,0.025,0.15,0.9758179312329913,0.97811066404471,0.9794248985722187,0.9804158250691655,0.9770994859643808,0.9722962650903584,1.0,0.9750194533688831,0.9763403657407652,0.9770833716095565,0.9804886354352598,0.9788418083152483
1,7,2.154668662042329,0.22155027597792176,4167,2.287667444774083,0.15126050420168066,833,2.2865766754633263,0.1498,0.989021377325239,0.08314113505695148,,,0.7911710722919694,,0.7912066148437887,0.20879338515621126,0.8524682708578138,0.1483493966558303,10,0.025,0.15,0.978915745077618,0.9813592198251819,0.9696315486513974,0.9741383401424349,0.9789631890393029,0.973239551614677,0.9750194533688831,1.0,0.9752203998249707,0.9795193541341369,0.9774491318124204,0.9791147092723642
1,8,2.149976567066077,0.2213634181469035,4166,2.28512396131243,0.15486194477791115,833,2.28657735752154,0.1499,0.988658198447443,0.08320796603727562,,,0.8042022601336847,,0.8042448548464294,0.19575514515357062,0.8526484415368246,0.14835977090192753,10,0.025,0.15,0.9730118693421307,0.9796368641105233,0.9713218017237859,0.9774277618103587,0.9784994471137709,0.9762219607159457,0.9763403657407652,0.9752203998249707,1.0,0.9753957469653842,0.9781214327037174,0.9770772836249562
1,9,2.159949518695022,0.2158905424867979,4166,2.2855356420789446,0.13805522208883553,833,2.2865814528887785,0.1497,0.9899840301939293,0.08306973864032037,,,0.7772496826634951,,0.777277153372613,0.22272284662738695,0.8524389129697808,0.14833649116803643,10,0.025,0.15,0.9792729679169002,0.9786239260904318,0.97196131332526,0.9797725972214791,0.9800501675965169,0.9742306145665838,0.9770833716095565,0.9795193541341369,0.9753957469653842,1.0,0.9776032338295884,0.9805808564967133
1,10,2.1673338615533075,0.21507441190590496,4166,2.288477897644043,0.14645858343337334,833,2.2865575235101243,0.1499,0.9906448447556659,0.08381671954729918,,,0.9229014218090748,,0.9229423511742668,0.07705764882573318,0.85311846205099,0.1484079318714111,10,0.025,0.15,0.9789182083016922,0.9780136132663114,0.9762700104521049,0.9824043817246153,0.9769990749021766,0.973360149405622,0.9804886354352598,0.9774491318124204,0.9781214327037174,0.9776032338295884,1.0,0.9820178235634226
1,11,2.1483357425891993,0.22076332213154104,4166,2.2849528108324324,0.15606242496998798,833,2.2865569802779184,0.1499,0.9909150603344115,0.08400698112331326,,,0.9599999998050127,,0.9600270667260814,0.0399729332739186,0.8531475485221609,0.1484117655684955,10,0.025,0.15,0.9782751142184124,0.9821003389308752,0.975429921968623,0.9801661794938953,0.9745315750979279,0.9766109638314312,0.9788418083152483,0.9791147092723642,0.9770772836249562,0.9805808564967133,0.9820178235634226,1.0
2,0,2.0572861368005926,0.2670506359491241,4167,2.2672483921051025,0.19904076738609114,834,2.2692547780048997,0.2039,0.9838861375139669,0.08338950246023613,,,0.96,,0.9600270667260814,0.0399729332739186,0.9689156231617655,0.1477748157219575,10,0.025,0.15,1.0,0.9677237041367046,0.9683480830215137,0.9662915416441685,0.9603149188029069,0.9669530861575285,0.9657295835551827,0.9694684151354149,0.9629309491934398,0.9669482905943124,0.9698338912063059,0.9668845483789819
2,1,2.0474933674841216,0.260187185025198,4167,2.264984028679984,0.25059952038369304,834,2.2692447553707074,0.2039,0.9867105159807401,0.0836581346266965,,,0.96,,0.9600270667260814,0.0399729332739186,0.9689571142584772,0.1477748157219575,10,0.025,0.15,0.9677237041367046,1.0,0.9646373883460342,0.9699104180194242,0.9679154785026325,0.9699354209828016,0.9674103434025668,0.9734661449890638,0.9714821859957545,0.9690411125982465,0.9688144418570722,0.9743540482128897
2,2,2.038435239864118,0.26400287976961845,4167,2.271925142833165,0.19304556354916066,834,2.269363659846632,0.2045,0.9833838027430448,0.0828687971971042,,,0.96,,0.9600270667260814,0.0399729332739186,0.9676752399592935,0.1477748157219575,10,0.025,0.15,0.9683480830215137,0.9646373883460342,1.0,0.965499218797349,0.964195710592902,0.9696049964238026,0.9693275804829289,0.9641895217017269,0.9650079573367281,0.9666751261603043,0.9666111708897656,0.9617843946225259
2,3,2.052002230196288,0.25754739620830336,4167,2.2712905747549876,0.17386091127098321,834,2.2692757316782504,0.2046,0.9861376541367888,0.08327325461963166,,,0.96,,0.9600270667260814,0.0399729332739186,0.9686506053192968,0.1477748157219575,10,0.025,0.15,0.9662915416441685,0.9699104180194242,0.965499218797349,1.0,0.9648104086228299,0.9694804186185223,0.9697254620521304,0.9666797854258932,0.9706458013871195,0.9736231583721777,0.9727440718167987,0.9687379610351733
2,4,2.0548821077202306,0.26162706983441325,4167,2.273944003241403,0.19807923169267708,833,2.2692926624153236,0.2045,0.9832447164465803,0.0830485192911042,,,0.96,,0.9600270667260814,0.0399729332739186,0.9683396147726044,0.1477748157219575,10,0.025,0.15,0.9603149188029069,0.9679154785026325,0.964195710592902,0.9648104086228299,1.0,0.9648667089835015,0.9676231640278325,0.9681664525026362,0.9673728230758065,0.9688732296433474,0.9688841220430201,0.9610925284645421
2,5,2.0520145347624115,0.26949844012479,4167,2.269929919924055,0.19687875150060025,833,2.2692639797548706,0.2039,0.9847303984667547,0.08329714107504631,,,0.96,,0.9600270667260814,0.0399729332739186,0.9688273900128165,0.1477748157219575,10,0.025,0.15,0.9669530861575285,0.9699354209828016,0.9696049964238026,0.9694804186185223,0.9648667089835015,1.0,0.965919854847863,0.9676309674490772,0.9671582261920724,0.9656206999874164,0.967578769082247,0.9667711647798353
2,6,2.06460336302266,0.25303575713942883,4167,2.267484188079834,0.20048019207683074,833,2.2692629717573336,0.204,0.9854236891482563,0.08335716176108851,,,0.96,,0.9600270667260814,0.0399729332739186,0.9688695591251317,0.1477748157219575,10,0.025,0.15,0.9657295835551827,0.9674103434025668,0.9693275804829289,0.9697254620521304,0.9676231640278325,0.965919854847863,1.0,0.9691323440692217,0.9691022561916116,0.9675190903135295,0.9724681169730457,0.9657519986362716
2,7,2.0507620042020624,0.26570674346052314,4167,2.2702079841068814,0.19207683073229292,833,2.269277062597154,0.2046,0.9858997670218879,0.08323865911332633,,,0.96,,0.9600270667260814,0.0399729332739186,0.9686015542034256,0.1477748157219575,10,0.025,0.15,0.9694684151354149,0.9734661449890638,0.9641895217017269,0.9666797854258932,0.9681664525026362,0.9676309674490772,0.9691323440692217,1.0,0.9666087517692279,0.9682525764747414,0.969843485146694,0.9718619317855487
2,8,2.053020427805005,0.26250600096015364,4166,2.2686780180249895,0.2028811524609844,833,2.2692758584324317,0.2038,0.9848561280544529,0.08324599639556651,,,0.96,,0.9600270667260814,0.0399729332739186,0.9687185857830547,0.1477748157219575,10,0.025,0.15,0.9629309491934398,0.9714821859957545,0.9650079573367281,0.9706458013871195,0.9673728230758065,0.9671582261920724,0.9691022561916116,0.9666087517692279,1.0,0.9649500764902332,0.9706778858851409,0.9670552855186354
2,9,2.059695100061821,0.25924147863658187,4166,2.2674102783203125,0.2112845138055222,833,2.26928283293036,0.2045,0.9855674704941948,0.08318386614562312,,,0.96,,0.9600270667260814,0.0399729332739186,0.9684905325408026,0.1477748157219575,10,0.025,0.15,0.9669482905943124,0.9690411125982465,0.9666751261603043,0.9736231583721777,0.9688732296433474,0.9656206999874164,0.9675190903135295,0.9682525764747414,0.9649500764902332,1.0,0.9691593242071476,0.9708096493344702
2,10,2.0671446215022695,0.25614498319731155,4166,2.2707712990897044,0.20528211284513806,833,2.269243949576269,0.2038,0.9869790872800646,0.08369013627013697,,,0.96,,0.9600270667260814,0.0399729332739186,0.9689577251268161,0.1477748157219575,10,0.025,0.15,0.9698338912063059,0.9688144418570722,0.9666111708897656,0.9727440718167987,0.9688841220430201,0.967578769082247,0.9724681169730457,0.969843485146694,0.9706778858851409,0.9691593242071476,1.0,0.9712703870392871
2,11,2.0429413138013897,0.2673787806048968,4166,2.2670881748199463,0.22569027611044418,833,2.2692429053632517,0.2038,0.9851732072335139,0.08374883104443953,,,0.96,,0.9600270667260814,0.0399729332739186,0.9689617868735496,0.1477748157219575,10,0.025,0.15,0.9668845483789819,0.9743540482128897,0.9617843946225259,0.9687379610351733,0.9610925284645421,0.9667711647798353,0.9657519986362716,0.9718619317855487,0.9670552855186354,0.9708096493344702,0.9712703870392871,1.0
3,0,1.9927704124739676,0.28915286777057836,4167,2.24280275617327,0.23741007194244604,834,2.2447091114671927,0.2329,0.9805126513474813,0.08333254989755022,,,0.96,,0.9600270667260814,0.0399729332739186,0.9853700179844254,0.14724067608030897,10,0.025,0.15,1.0,0.9623226759605976,0.9600281604421446,0.9593126061920636,0.9530589927730083,0.9581113474046149,0.9588597088476174,0.96190764782489,0.9542042727049099,0.9583095572360613,0.9623700799235175,0.9611694959272721
3,1,1.9839831121040112,0.2848572114230862,4167,2.237938710621425,0.26498800959232616,834,2.2446944170360323,0.2327,0.9835759395481664,0.08359790074148432,,,0.96,,0.9600270667260814,0.0399729332739186,0.9853700179844254,0.14724067608030897,10,0.025,0.15,0.9623226759605976,1.0,0.957704887447152,0.9616545605766322,0.9598597957521567,0.9626683148690479,0.9610972046433451,0.9660794598354099,0.9643015596994877,0.9606338084903093,0.9615490500653141,0.9677486391348176
3,2,1.9723469777540727,0.2918166546676266,4167,2.24800774029323,0.2146282973621103,834,2.2448535599286044,0.2332,0.9794038286760408,0.08297509403105434,,,0.96,,0.9600270667260814,0.0399729332739186,0.9853700179844254,0.14724067608030897,10,0.025,0.15,0.9600281604421446,0.957704887447152,1.0,0.9553724266484888,0.9581862889500193,0.9604691911680452,0.9607745198338947,0.95494834621687,0.9556627523135149,0.9611848150228118,0.9588502004077532,0.9537456044416246
3,3,1.9834255189606638,0.28528917686585076,4167,2.2485849176134383,0.21103117505995203,834,2.244742906546291,0.2335,0.9820351208266591,0.08331025437239291,,,0.96,,0.9600270667260814,0.0399729332739186,0.9853700179844254,0.14724067608030897,10,0.025,0.15,0.9593126061920636,0.9616545605766322,0.9553724266484888,1.0,0.957786341281118,0.9620317968914951,0.9614076619012384,0.9578971838908992,0.9614284385826278,0.9653171572330129,0.9650907016515973,0.960347847087375
3,4,1.9916993668585112,0.28605711543076556,4167,2.2511829989297047,0.2304921968787515,833,2.244766051256204,0.2335,0.9798828409084035,0.08310159913771809,,,0.96,,0.9600270667260814,0.0399729332739186,0.9853700179844254,0.14724067608030897,10,0.025,0.15,0.9530589927730083,0.9598597957521567,0.9581862889500193,0.957786341281118,1.0,0.9582581587031269,0.9622273738555076,0.9591398740557099,0.960256294561569,0.9600061117404347,0.9624749005554503,0.9512264706722374
3,5,1.98418614394737,0.29330453563714903,4167,2.2461680684770857,0.23169267707082833,833,2.244721865352196,0.2329,0.9807801806173332,0.08328422717500271,,,0.96,,0.9600270667260814,0.0399729332739186,0.9853700179844254,0.14724067608030897,10,0.025,0.15,0.9581113474046149,0.9626683148690479,0.9604691911680452,0.9620317968914951,0.9582581587031269,1.0,0.9578449140784605,0.9594169036769097,0.956703893074569,0.9587573473618898,0.9597532384401585,0.9588815064615663
3,6,2.0008249196139247,0.27837772978161746,4167,2.2425760882241383,0.234093637454982,833,2.244720489163942,0.2329,0.9821409750129878,0.08336548931147839,,,0.96,,0.9600270667260814,0.0399729332739186,0.9853700179844254,0.14724067608030897,10,0.025,0.15,0.9588597088476174,0.9610972046433451,0.9607745198338947,0.9614076619012384,0.9622273738555076,0.9578449140784605,1.0,0.9607039604957819,0.9602991129630617,0.9608305040934436,0.9665170924251251,0.9583365263674877
3,7,1.9848047762206107,0.2907847372210223,4167,2.2453581605638777,0.22448979591836735,833,2.2447446147097816,0.2335,0.9818288005547363,0.08328219537306249,,,0.96,,0.9600270667260814,0.0399729332739186,0.9853700179844254,0.14724067608030897,10,0.025,0.15,0.96190764782489,0.9660794598354099,0.95494834621687,0.9578971838908992,0.9591398740557099,0.9594169036769097,0.9607039604957819,1.0,0.9559784228489265,0.960706908406758,0.9620627295059138,0.9663438752606549
3,8,1.9858585000038147,0.285981757081133,4166,2.2451696736471995,0.23769507803121248,833,2.244739861427983,0.2328,0.9806519556050098,0.08324848965692767,,,0.96,,0.9600270667260814,0.0399729332739186,0.9853700179844254,0.14724067608030897,10,0.025,0.15,0.9542042727049099,0.9643015596994877,0.9556627523135149,0.9614284385826278,0.960256294561569,0.956703893074569,0.9602991129630617,0.9559784228489265,1.0,0.9590056507763507,0.9625978002803768,0.9609239301761875
3,9,1.9924743002111263,0.2852376380220835,4166,2.241805757795061,0.23169267707082833,833,2.2447517491594144,0.2335,0.9823489521510594,0.08326527115209255,,,0.96,,0.9600270667260814,0.0399729332739186,0.9853700179844254,0.14724067608030897,10,0.025,0.15,0.9583095572360613,0.9606338084903093,0.9611848150228118,0.9653171572330129,0.9600061117404347,0.9587573473618898,0.9608305040934436,0.960706908406758,0.9590056507763507,1.0,0.9640646260175426,0.962601340405482
3,10,2.003917240374016,0.2778444551128181,4166,2.245816911969866,0.234093637454982,833,2.244693233997007,0.2327,0.9840573150576243,0.0836332949377309,,,0.96,,0.9600270667260814,0.0399729332739186,0.9853700179844254,0.14724067608030897,10,0.025,0.15,0.9623700799235175,0.9615490500653141,0.9588502004077532,0.9650907016515973,0.9624749005554503,0.9597532384401585,0.9665170924251251,0.9620627295059138,0.9625978002803768,0.9640646260175426,1.0,0.9659686639743282
3,11,1.9753071922244447,0.2893422947671627,4166,2.2419442449297224,0.24009603841536614,833,2.2446914020972915,0.2327,0.9820291795667909,0.08360363421350527,,,0.96,,0.9600270667260814,0.0399729332739186,0.9853700179844254,0.14724067608030897,10,0.025,0.15,0.9611694959272721,0.9677486391348176,0.9537456044416246,0.960347847087375,0.9512264706722374,0.9588815064615663,0.9583365263674877,0.9663438752606549,0.9609239301761875,0.962601340405482,0.9659686639743282,1.0
4,0,1.9410897970199585,0.30415166786657066,4167,2.2113545622144426,0.27577937649880097,834,2.2132568812068505,0.2681,0.9777425376344492,0.0833064329614109,,,0.96,,0.9600270667260814,0.0399729332739186,0.9904488876175207,0.1467831447505537,10,0.025,0.15,1.0,0.9561978380070316,0.9521741919838772,0.9543262500920958,0.9482446424935307,0.9527833700942406,0.9522043082256063,0.9534400514131144,0.9491224729303657,0.9531028940548134,0.9561787517374697,0.9535045957778091
4,1,1.936122133515098,0.30302375809935206,4167,2.2035137244633267,0.31774580335731417,834,2.2132366608969773,0.2684,0.9802424331886611,0.08355174558709454,,,0.96,,0.9600270667260814,0.0399729332739186,0.9904488876175207,0.1467831447505537,10,0.025,0.15,0.9561978380070316,1.0,0.9495800040394196,0.9551982341189258,0.9545449965560648,0.9556476014512586,0.9543656127994322,0.9584753283116906,0.9577402125859195,0.9544010784053875,0.9537930642906519,0.960557507815209
4,2,1.9236330317728447,0.3074394048476122,4167,2.217251334871565,0.2422062350119904,834,2.213442905039727,0.2681,0.9757646482172743,0.08302117618438812,,,0.96,,0.9600270667260814,0.0399729332739186,0.9904488876175207,0.1467831447505537,10,0.025,0.15,0.9521741919838772,0.9495800040394196,1.0,0.9489712535511741,0.9530133712483955,0.9547656608123907,0.9539254819764504,0.9468737488230593,0.9488770279241839,0.9529426741486923,0.9515838223365298,0.9456225347745606
4,3,1.9339061520316385,0.29925605951523876,4167,2.219576801572527,0.25539568345323743,834,2.2133063817326026,0.2688,0.9793901935176182,0.08334624867926348,,,0.96,,0.9600270667260814,0.0399729332739186,0.9904488876175207,0.1467831447505537,10,0.025,0.15,0.9543262500920958,0.9551982341189258,0.9489712535511741,1.0,0.9539034957397218,0.9548891074470709,0.9548676164607829,0.9502363142934943,0.9563073381094883,0.9583033999711034,0.9601969104660756,0.9534402679447622
4,4,1.94523836591027,0.30244780417566597,4167,2.221773522240775,0.26290516206482595,833,2.213336977777602,0.2689,0.9783807228927954,0.0831844565383035,,,0.96,,0.9600270667260814,0.0399729332739186,0.9904488876175207,0.1467831447505537,10,0.025,0.15,0.9482446424935307,0.9545449965560648,0.9530133712483955,0.9539034957397218,1.0,0.9508085980550671,0.955667064358022,0.9541449934775822,0.9561584873247685,0.9569597264341659,0.9571286025283713,0.9483730427779109
4,5,1.9361460537621469,0.31101511879049676,4167,2.2157136372157504,0.26410564225690275,833,2.2132738149618802,0.2683,0.9776864812428914,0.08327474447848886,,,0.96,,0.9600270667260814,0.0399729332739186,0.9904488876175207,0.1467831447505537,10,0.025,0.15,0.9527833700942406,0.9556476014512586,0.9547656608123907,0.9548891074470709,0.9508085980550671,1.0,0.9515382517337614,0.9494668204530288,0.9516567032791113,0.9525135847703302,0.9544474206683933,0.9521620536599897
4,6,1.9546873558651316,0.2956563474922006,4167,2.2107977185930525,0.2689075630252101,833,2.2132718955414203,0.2683,0.9787210867671914,0.0833586209705832,,,0.96,,0.9600270667260814,0.0399729332739186,0.9904488876175207,0.1467831447505537,10,0.025,0.15,0.9522043082256063,0.9543656127994322,0.9539254819764504,0.9548676164607829,0.955667064358022,0.9515382517337614,1.0,0.9514853634291852,0.9532703361812649,0.9541893089384919,0.9598969908920363,0.9513717811680198
4,7,1.9363866513425654,0.303551715862731,4167,2.2135259764535085,0.25570228091236497,833,2.213308612002602,0.2688,0.9775401060055466,0.08326872744872911,,,0.96,,0.9600270667260814,0.0399729332739186,0.9904488876175207,0.1467831447505537,10,0.025,0.15,0.9534400514131144,0.9584753283116906,0.9468737488230593,0.9502363142934943,0.9541449934775822,0.9494668204530288,0.9514853634291852,1.0,0.948514164825127,0.9533544086641169,0.954013602936069,0.9588990814791303
4,8,1.9422585931691256,0.30204032645223233,4166,2.2147023337227956,0.26290516206482595,833,2.2132992804804936,0.2681,0.9780754127790018,0.08326530868640258,,,0.96,,0.9600270667260814,0.0399729332739186,0.9904488876175207,0.1467831447505537,10,0.025,0.15,0.9491224729303657,0.9577402125859195,0.9488770279241839,0.9563073381094883,0.9561584873247685,0.9516567032791113,0.9532703361812649,0.948514164825127,1.0,0.951377292167324,0.9567024384893711,0.9555026773901104
4,9,1.9442442359346332,0.30072011521843495,4166,2.209250279835292,0.290516206482593,833,2.2133179676683645,0.2686,0.9792260905293905,0.0833131095716974,,,0.96,,0.9600270667260814,0.0399729332739186,0.9904488876175207,0.1467831447505537,10,0.025,0.15,0.9531028940548134,0.9544010784053875,0.9529426741486923,0.9583033999711034,0.9569597264341659,0.9525135847703302,0.9541893089384919,0.9533544086641169,0.951377292167324,1.0,0.9563964816183661,0.955226568319721
4,10,1.9558411764376091,0.2927028324531925,4166,2.2138866697038924,0.26290516206482595,833,2.2132350825056246,0.2684,0.9810339606395352,0.08359936727580279,,,0.96,,0.9600270667260814,0.0399729332739186,0.9904488876175207,0.1467831447505537,10,0.025,0.15,0.9561787517374697,0.9537930642906519,0.9515838223365298,0.9601969104660756,0.9571286025283713,0.9544474206683933,0.9598969908920363,0.954013602936069,0.9567024384893711,0.9563964816183661,1.0,0.9594541754213682
4,11,1.924370645754265,0.30804128660585695,4166,2.2100020817347934,0.2605042016806723,833,2.213232224500632,0.2685,0.9788520213053472,0.08351006161783561,,,0.96,,0.9600270667260814,0.0399729332739186,0.9904488876175207,0.1467831447505537,10,0.025,0.15,0.9535045957778091,0.960557507815209,0.9456225347745606,0.9534402679447622,0.9483730427779109,0.9521620536599897,0.9513717811680198,0.9588990814791303,0.9555026773901104,0.955226568319721,0.9594541754213682,1.0
5,0,1.9031014771172494,0.31843052555795537,4167,2.1742288385118758,0.30935251798561153,834,2.176072021073933,0.3008,0.9747746119871684,0.0832897588921587,,,0.96,,0.9600270667260814,0.0399729332739186,0.9926033665081706,0.14634027115687231,10,0.025,0.15,1.0,0.9479555785075895,0.9451268263145262,0.9488855880809743,0.9420036983837062,0.9467048151364443,0.9476238794495206,0.9474173487372963,0.9436212815981814,0.9455919520945556,0.949498674819742,0.9474849299179231
5,1,1.8983145291155035,0.3144468442524598,4167,2.162874289921352,0.3441247002398082,834,2.1760462296159964,0.3009,0.9773138481223865,0.08352423717895682,,,0.96,,0.9600270667260814,0.0399729332739186,0.9926033665081706,0.14634027115687231,10,0.025,0.15,0.9479555785075895,1.0,0.9426892215683768,0.9501524966668525,0.9465201966318161,0.9505724842125978,0.9491528300973214,0.9526789890474551,0.9509021118373642,0.9493246749973202,0.9483833678939616,0.9531603350952979
5,2,1.8803868864521835,0.3215022798176146,4167,2.180555513926915,0.2709832134292566,834,2.1762997138349314,0.2999,0.9725670004645534,0.0830413648460858,,,0.96,,0.9600270667260814,0.0399729332739186,0.9926033665081706,0.14634027115687231,10,0.025,0.15,0.9451268263145262,0.9426892215683768,1.0,0.940960474476098,0.9429736047525425,0.9486678967497537,0.9463389866029263,0.9433951426284378,0.9415865477677078,0.9491238121517184,0.9467718790932245,0.9386649816952941
5,3,1.888312356038527,0.3146868250539957,4167,2.1852149963378906,0.290167865707434,834,2.1761367713348774,0.301,0.9769622036298551,0.0833856350545262,,,0.96,,0.9600270667260814,0.0399729332739186,0.9926033665081706,0.14634027115687231,10,0.025,0.15,0.9488855880809743,0.9501524966668525,0.940960474476098,1.0,0.9490583702286445,0.9494588839199702,0.9497359320683295,0.9442982018725995,0.9517364991129087,0.9525467313429893,0.9546415974472388,0.9460111907265584
5,4,1.9070795539653662,0.31298296136309095,4167,2.186803409031459,0.28691476590636256,833,2.1761753679830815,0.301,0.97366263567077,0.08317807413185328,,,0.96,,0.9600270667260814,0.0399729332739186,0.9926033665081706,0.14634027115687231,10,0.025,0.15,0.9420036983837062,0.9465201966318161,0.9429736047525425,0.9490583702286445,1.0,0.9428306316536209,0.9492271267187585,0.9443671366407349,0.9480935078759838,0.9473547885146147,0.9490267343754459,0.937542246579446
5,5,1.8937601107539552,0.3227501799856011,4167,2.179652282169887,0.28211284513805523,833,2.176092860064929,0.3008,0.9753291550899285,0.08328821078474825,,,0.96,,0.9600270667260814,0.0399729332739186,0.9926033665081706,0.14634027115687231,10,0.025,0.15,0.9467048151364443,0.9505724842125978,0.9486678967497537,0.9494588839199702,0.9428306316536209,1.0,0.9475559487988101,0.9448564795421199,0.9462387080112149,0.9458946328484417,0.9488875064746277,0.9467705334793176
5,6,1.916829326658538,0.30736741060715145,4167,2.1734026159558977,0.3133253301320528,833,2.176090285747866,0.3007,0.9764350434899836,0.0833761230694763,,,0.96,,0.9600270667260814,0.0399729332739186,0.9926033665081706,0.14634027115687231,10,0.025,0.15,0.9476238794495206,0.9491528300973214,0.9463389866029263,0.9497359320683295,0.9492271267187585,0.9475559487988101,1.0,0.9465725751925006,0.9486346096965668,0.9464090138369385,0.9548438497875281,0.9452322256950927
5,7,1.8953090266747907,0.31605471562275017,4167,2.1759317943028043,0.297719087635054,833,2.176139728932441,0.301,0.9752432431262873,0.08328168998808125,,,0.96,,0.9600270667260814,0.0399729332739186,0.9926033665081706,0.14634027115687231,10,0.025,0.15,0.9474173487372963,0.9526789890474551,0.9433951426284378,0.9442982018725995,0.9443671366407349,0.9448564795421199,0.9465725751925006,1.0,0.9418173068034621,0.9497551945068478,0.948797732163723,0.9534428684828792
5,8,1.904754222161842,0.3159385501680269,4166,2.178468806403024,0.297719087635054,833,2.176125988175597,0.3008,0.9749686028456875,0.0832706308046173,,,0.96,,0.9600270667260814,0.0399729332739186,0.9926033665081706,0.14634027115687231,10,0.025,0.15,0.9436212815981814,0.9509021118373642,0.9415865477677078,0.9517364991129087,0.9480935078759838,0.9462387080112149,0.9486346096965668,0.9418173068034621,1.0,0.9437528073729672,0.9513854350308611,0.9464249298629483
5,9,1.9049536397962858,0.30969755160825735,4166,2.1708456788744246,0.31212484993997597,833,2.176151812831058,0.301,0.9761795210754978,0.0833396417780314,,,0.96,,0.9600270667260814,0.0399729332739186,0.9926033665081706,0.14634027115687231,10,0.025,0.15,0.9455919520945556,0.9493246749973202,0.9491238121517184,0.9525467313429893,0.9473547885146147,0.9458946328484417,0.9464090138369385,0.9497551945068478,0.9437528073729672,1.0,0.9508309988622843,0.9477904213125006
5,10,1.915567407102296,0.30619299087854057,4166,2.17630021912711,0.31212484993997597,833,2.1760441623156583,0.3009,0.9786223845999925,0.08359631627500685,,,0.96,,0.9600270667260814,0.0399729332739186,0.9926033665081706,0.14634027115687231,10,0.025,0.15,0.949498674819742,0.9483833678939616,0.9467718790932245,0.9546415974472388,0.9490267343754459,0.9488875064746277,0.9548438497875281,0.948797732163723,0.9513854350308611,0.9508309988622843,1.0,0.9537275807579879
5,11,1.8819528297944503,0.32453192510801726,4166,2.1724146774836948,0.29531812725090034,833,2.1760400307329397,0.3009,0.9751604076620669,0.08342831719645802,,,0.96,,0.9600270667260814,0.0399729332739186,0.9926033665081706,0.14634027115687231,10,0.025,0.15,0.9474849299179231,0.9531603350952979,0.9386649816952941,0.9460111907265584,0.937542246579446,0.9467705334793176,0.9452322256950927,0.9534428684828792,0.9464249298629483,0.9477904213125006,0.9537275807579879,1.0
6,0,1.8631649273814577,0.3287736981041517,4167,2.1325741836002896,0.3213429256594724,834,2.1342913229254226,0.3229,0.9721547653035647,0.08329456277520539,,,0.96,,0.9600270667260814,0.0399729332739186,0.9935116105681195,0.14587734025683227,10,0.025,0.15,1.0,0.9410790484116065,0.9405592019503712,0.9424240618488401,0.9358604995825803,0.9401898631775935,0.9403439540604792,0.9410329128082494,0.9355245294311423,0.9412767282333849,0.9450213419972807,0.941944406308712
6,1,1.8643747120192558,0.3260379169666427,4167,2.117484058652605,0.3752997601918465,834,2.134260352653793,0.3229,0.9733335400177294,0.08347825455876337,,,0.96,,0.9600270667260814,0.0399729332739186,0.9935116105681195,0.14587734025683227,10,0.025,0.15,0.9410790484116065,1.0,0.9350203352067015,0.9427663230838209,0.9400966569449968,0.9434368524562284,0.9399745128270262,0.9445090107638755,0.9424326214039144,0.9418232613214514,0.939933226084459,0.9477823974367792
6,2,1.842786833372983,0.3336213102951764,4167,2.1391315119607106,0.28896882494004794,834,2.1345599512510662,0.3225,0.970611655354379,0.08309037113063557,,,0.96,,0.9600270667260814,0.0399729332739186,0.9935116105681195,0.14587734025683227,10,0.025,0.15,0.9405592019503712,0.9350203352067015,1.0,0.9355545381698297,0.9386747296744957,0.9436752417611305,0.9410441615507643,0.937958623121027,0.9335832921812062,0.9442424117914985,0.9425957247338251,0.934554487165341
6,3,1.8516218293796887,0.32375809935205185,4167,2.146660430090768,0.3129496402877698,834,2.1343716609327097,0.3228,0.9736768868317296,0.08340358617736675,,,0.96,,0.9600270667260814,0.0399729332739186,0.9935116105681195,0.14587734025683227,10,0.025,0.15,0.9424240618488401,0.9427663230838209,0.9355545381698297,1.0,0.9424924930402845,0.942880304845375,0.9422026372897072,0.9364107710894665,0.9418037136809032,0.947373649867198,0.9469115899330715,0.9421204013631527
6,4,1.8710575385527177,0.3270938324934005,4167,2.147287334714617,0.3085234093637455,833,2.1344185539438754,0.323,0.9709374027569037,0.08318568269202839,,,0.96,,0.9600270667260814,0.0399729332739186,0.9935116105681195,0.14587734025683227,10,0.025,0.15,0.9358604995825803,0.9400966569449968,0.9386747296744957,0.9424924930402845,1.0,0.9359031477112735,0.9408101597826746,0.9385408625748864,0.9413470840441065,0.9442514326544361,0.9415757565168772,0.9316011188052911
6,5,1.8551951318076163,0.33448524118070555,4167,2.1390931265694753,0.3133253301320528,833,2.1343160067932514,0.3231,0.9722752452295845,0.08329753197366867,,,0.96,,0.9600270667260814,0.0399729332739186,0.9935116105681195,0.14587734025683227,10,0.025,0.15,0.9401898631775935,0.9434368524562284,0.9436752417611305,0.942880304845375,0.9359031477112735,1.0,0.9394775977343268,0.9382098248240369,0.9376987363516726,0.9418268716100953,0.9425757231145767,0.9408041379698986
6,6,1.8788550998225357,0.3198944084473242,4167,2.131380762372698,0.33013205282112845,833,2.1343126357356206,0.3231,0.9722025532620546,0.08334962299001142,,,0.96,,0.9600270667260814,0.0399729332739186,0.9935116105681195,0.14587734025683227,10,0.025,0.15,0.9403439540604792,0.9399745128270262,0.9410441615507643,0.9422026372897072,0.9408101597826746,0.9394775977343268,1.0,0.9385886205002786,0.9384433639650875,0.94040214718635,0.9475085066577918,0.9369685254340078
6,7,1.8578689947272793,0.3262059035277178,4167,2.1338346345084056,0.31212484993997597,833,2.134375342839881,0.3228,0.9717290676370095,0.083275684287094,,,0.96,,0.9600270667260814,0.0399729332739186,0.9935116105681195,0.14587734025683227,10,0.025,0.15,0.9410329128082494,0.9445090107638755,0.937958623121027,0.9364107710894665,0.9385408625748864,0.9382098248240369,0.9385886205002786,1.0,0.9332803569350839,0.9438757718976988,0.9407177957707611,0.9471670930344159
6,8,1.8668598449591434,0.3299807969275084,4166,2.1372879232679094,0.3241296518607443,833,2.134357014788857,0.3229,0.9705608695756285,0.08323074415194825,,,0.96,,0.9600270667260814,0.0399729332739186,0.9935116105681195,0.14587734025683227,10,0.025,0.15,0.9355245294311423,0.9424326214039144,0.9335832921812062,0.9418037136809032,0.9413470840441065,0.9376987363516726,0.9384433639650875,0.9332803569350839,1.0,0.9383263877084573,0.9433355106995015,0.9408792900001348
6,9,1.8702360691446247,0.321147383581373,4166,2.1277870450701033,0.3349339735894358,833,2.13439092455031,0.3227,0.9742075308599668,0.0833923952388915,,,0.96,,0.9600270667260814,0.0399729332739186,0.9935116105681195,0.14587734025683227,10,0.025,0.15,0.9412767282333849,0.9418232613214514,0.9442424117914985,0.947373649867198,0.9442514326544361,0.9418268716100953,0.94040214718635,0.9438757718976988,0.9383263877084573,1.0,0.9438759505878322,0.9419350796357546
6,10,1.8809345534353545,0.3156265002400384,4166,2.1343512535095215,0.31812725090036015,833,2.13425777833673,0.323,0.9754651136001454,0.08359240697339432,,,0.96,,0.9600270667260814,0.0399729332739186,0.9935116105681195,0.14587734025683227,10,0.025,0.15,0.9450213419972807,0.939933226084459,0.9425957247338251,0.9469115899330715,0.9415757565168772,0.9425757231145767,0.9475085066577918,0.9407177957707611,0.9433355106995015,0.9438759505878322,1.0,0.949647557462978
