round,client_id,client_i_training_loss,client_i_training_accuracy,client_i_training_dataset_size,client_i_evaluation_loss,client_i_evaluation_accuracy,client_i_evaluation_dataset_size,client_i_central_evaluation_loss,client_i_central_evaluation_accuracy,client_i_cosine_similarity,client_i_importance_coefficient,client_i_tanh_val,tanh_normalization_value,client_i_q,client_i_mask_order,client_i_v_nonzero_fraction,client_i_v_sparsity,client_i_v_cosine_similarity,client_i_reward_gradient_norm,local_epochs,learning_rate,gamma,client_0_cosine_similarity,client_1_cosine_similarity,client_2_cosine_similarity,client_3_cosine_similarity,client_4_cosine_similarity,client_5_cosine_similarity,client_6_cosine_similarity,client_7_cosine_similarity,client_8_cosine_similarity,client_9_cosine_similarity,client_10_cosine_similarity,client_11_cosine_similarity
0,0,0.3342520363771232,0.89436,5000,2.2084127532111273,0.3405275779376499,834,2.2004963833683977,0.359,0.796338595364859,0.08450448819904674,,,0.9799999998066204,,0.9800010039656644,0.019998996034335637,0,0.39265088013530425,5,0.1,0.5,1.0,0.5911788293655655,0.5889052581973117,0.5915240051548845,0.5838018918320147,0.5827214239804192,0.5913683830299034,0.5826455985775603,0.5903069070889201,0.6005299151345923,0.601990060236711,0.5994239097555565
0,1,0.3478100064625833,0.89092,5000,2.1941682674266674,0.3908872901678657,834,2.2016147302743345,0.3537,0.777820723717185,0.0825394405732873,,,0.6,,0.6,0.4,0,0.39055061488781123,5,0.1,0.5,0.5911788293655655,1.0,0.5786594808419544,0.5623598336819544,0.5764428910179585,0.5710008391739245,0.5885590087177214,0.5726484030149311,0.5659334460653033,0.5799486885165223,0.5678737861134977,0.575285498500414
0,2,0.35109536906668715,0.88792,5000,2.2048094360916703,0.3489208633093525,834,2.2005650562981067,0.36,0.7884140820637177,0.08366356833827739,,,0.8173833065820784,,0.8173987249636062,0.18260127503639378,0,0.39249183372343066,5,0.1,0.5,0.5889052581973117,0.5786594808419544,1.0,0.5808802023838465,0.572115114248502,0.5803198209989793,0.5901730752526807,0.5813571779064511,0.598380315413967,0.5842447509791577,0.5819776630550423,0.5927056823234093
0,3,0.3541966651251931,0.8876,5000,2.195632228144893,0.36810551558752996,834,2.20089115045322,0.3577,0.7823955652053862,0.08302490572693226,,,0.693879026580799,,0.6938908689322825,0.30610913106771753,0,0.39181707838062085,5,0.1,0.5,0.5915240051548845,0.5623598336819544,0.5808802023838465,1.0,0.5862515653063449,0.5854052822509693,0.5844190450529941,0.5759240436709193,0.5757456904500615,0.5725092544610697,0.5749102552389224,0.5830731172963203
0,4,0.34548960645819543,0.88876,5000,2.2005078439359314,0.34813925570228094,833,2.2015445392352704,0.3543,0.7779126681064276,0.08254919736970649,,,0.6018867647729271,,0.6019025149339893,0.3980974850660107,0,0.39059168328405547,5,0.1,0.5,0.5838018918320147,0.5764428910179585,0.572115114248502,0.5862515653063449,1.0,0.5683758326262257,0.5859932900879256,0.5724619041312711,0.5654624447683267,0.5714042433954357,0.569466462635872,0.5789815133146944
0,5,0.3449542563550981,0.8924,5000,2.2154734046370894,0.3133253301320528,833,2.2007980156249514,0.3591,0.7844016036416083,0.08323777906039524,,,0.7350443732189015,,0.7350635008282717,0.26493649917172835,0,0.39213183789963235,5,0.1,0.5,0.5827214239804192,0.5710008391739245,0.5803198209989793,0.5854052822509693,0.5683758326262257,1.0,0.5875382223065051,0.5769813509901018,0.5892825830750577,0.5973556177832106,0.5695738024124066,0.5833516700622413
0,6,0.3349443961943316,0.8956,5000,2.196531551855582,0.3877551020408163,833,2.2004958174099176,0.36,0.7903933791119669,0.08387360397516568,,,0.8579999007707751,,0.8580091360875458,0.1419908639124542,0,0.3925757499200714,5,0.1,0.5,0.5913683830299034,0.5885590087177214,0.5901730752526807,0.5844190450529941,0.5859932900879256,0.5875382223065051,1.0,0.5775533588624346,0.5917496735224766,0.5769063503097992,0.5782538961782702,0.5958563874982619
0,7,0.34649730951519336,0.89048,5000,2.200882567299737,0.3517406962785114,833,2.201178484450514,0.3555,0.7808282781030955,0.08285859105223115,,,0.6617171718115861,,0.6617338487023744,0.3382661512976256,0,0.39149038930510693,5,0.1,0.5,0.5826455985775603,0.5726484030149311,0.5813571779064511,0.5759240436709193,0.5724619041312711,0.5769813509901018,0.5775533588624346,1.0,0.5788432210865265,0.5808034452059834,0.5776161545067114,0.5813981099553988
0,8,0.3434165372329343,0.89216,5000,2.1986465365798384,0.3817527010804322,833,2.200793254870576,0.3597,0.7848722773524309,0.08328772520299504,,,0.7447029351435425,,0.7447166306912304,0.2552833693087696,0,0.3921895514789734,5,0.1,0.5,0.5903069070889201,0.5659334460653033,0.598380315413967,0.5757456904500615,0.5654624447683267,0.5892825830750577,0.5917496735224766,0.5788432210865265,1.0,0.5834422250370296,0.5768409780811998,0.580354419545685
0,9,0.3455231045500322,0.8916,5000,2.2048601839277477,0.34213685474189676,833,2.2006571414752507,0.3588,0.7864800285655598,0.08345833377855279,,,0.7776951424717972,,0.7777069424225691,0.2222930575774309,0,0.3923544673653761,5,0.1,0.5,0.6005299151345923,0.5799486885165223,0.5842447509791577,0.5725092544610697,0.5714042433954357,0.5973556177832106,0.5769063503097992,0.5808034452059834,0.5834422250370296,1.0,0.5803202899675334,0.5840279653538841
0,10,0.3456599102859759,0.89292,5000,2.1925314797295465,0.375750300120048,833,2.2008889094709208,0.358,0.7828707785948681,0.08307533360333715,,,0.7036307459655639,,0.7036494151900005,0.29635058480999954,0,0.3919055634983447,5,0.1,0.5,0.601990060236711,0.5678737861134977,0.5819776630550423,0.5749102552389224,0.569466462635872,0.5695738024124066,0.5782538961782702,0.5776161545067114,0.5768409780811998,0.5803202899675334,1.0,0.5986571783789414
0,11,0.35088054975435423,0.88736,5000,2.1992432276407876,0.34813925570228094,833,2.20049640774346,0.3603,0.7908968753299036,0.08392703312007281,,,0.8683320040685427,,0.868344962602279,0.131655037397721,0,0.39259084507680714,5,0.1,0.5,0.5994239097555565,0.575285498500414,0.5927056823234093,0.5830731172963203,0.5789815133146944,0.5833516700622413,0.5958563874982619,0.5813981099553988,0.580354419545685,0.5840279653538841,0.5986571783789414,1.0
1,0,0.293052152159867,0.91136,5000,2.049658934275309,0.7769784172661871,834,2.039871896036898,0.7663,0.8134600515687173,0.08417246091684058,,,0.9799999997329085,,0.9800010039656644,0.019998996034335637,0.9591156186074663,0.4057971670126429,5,0.1,0.5,1.0,0.6331785350602441,0.6314230995364284,0.6251449386683012,0.6414026618184137,0.629430273597752,0.6340029443990489,0.6249420232595287,0.635974946864012,0.6258863947764896,0.6260984274117439,0.6099122958436463
1,1,0.30191651310202233,0.90656,5000,2.033234711046572,0.7841726618705036,834,2.0426727262929605,0.7658,0.8144566138475007,0.08290800676996922,,,0.6422749739361445,,0.6422870337834446,0.35771296621655535,0.9542351932460995,0.4042573399248743,5,0.1,0.5,0.6331785350602441,1.0,0.6324742241412218,0.6220539312439798,0.6440491876463685,0.6301678716706227,0.6341610898885212,0.6177151257490355,0.6286636903814385,0.6369203382740757,0.6306239291206485,0.6255938057762209
1,2,0.31108189607098413,0.90488,5000,2.047491020626492,0.7661870503597122,834,2.0400935693289908,0.7665,0.8139383851604832,0.08363315681291461,,,0.8359564273650538,,0.8359720897545304,0.1640279102454696,0.9585949582921153,0.4056873741556712,5,0.1,0.5,0.6314230995364284,0.6324742241412218,1.0,0.6171472639264647,0.6289248439315628,0.634202890440729,0.6316341752626212,0.6199817099303111,0.6223808220360918,0.646765564755439,0.6264567046087871,0.6340126044475985
1,3,0.3148788084815832,0.90504,5000,2.0319504782005593,0.7781774580335732,834,2.041582981999309,0.7683,0.8056788351943203,0.08292352773012474,,,0.6464204913373741,,0.6464334119773104,0.3535665880226896,0.9559027046369,0.404319447487429,5,0.1,0.5,0.6251449386683012,0.6220539312439798,0.6171472639264647,1.0,0.6352931696637654,0.6252353102114886,0.6233163413797044,0.6146269755093274,0.6227060682664669,0.6267778328239936,0.6201038950183211,0.6156944928345216
1,4,0.3031265185861166,0.90616,5000,2.039082717012476,0.7743097238895558,833,2.042147744958774,0.7679,0.8197640593361717,0.08309913364158096,,,0.6933233475013244,,0.6933336679885548,0.3066663320114452,0.954404795327076,0.4049087442966879,5,0.1,0.5,0.6414026618184137,0.6440491876463685,0.6289248439315628,0.6352931696637654,1.0,0.6428038597737239,0.6330481637529333,0.6341602618219182,0.6352137178784759,0.6357523066408416,0.6302079228642238,0.6264546644575459
1,5,0.30142718243774524,0.90816,5000,2.0607227396081993,0.7274909963985594,833,2.040599985244556,0.767,0.8139757434479706,0.08335295935277671,,,0.7611180517012144,,0.7611364891320717,0.23886351086792834,0.9576332777259222,0.40542386065388714,5,0.1,0.5,0.629430273597752,0.6301678716706227,0.634202890440729,0.6252353102114886,0.6428038597737239,1.0,0.6235439482196048,0.6214005561490983,0.6287984627766803,0.6328894270974236,0.6258239565252044,0.6335926613530105
1,6,0.30120314891408584,0.9098,5000,2.035231245888604,0.7707082833133253,833,2.03996772278612,0.7665,0.8113236349349053,0.08368103320027541,,,0.8487438061691716,,0.8487575924903368,0.15124240750966322,0.9587661558590118,0.4057128905024643,5,0.1,0.5,0.6340029443990489,0.6341610898885212,0.6316341752626212,0.6233163413797044,0.6330481637529333,0.6235439482196048,1.0,0.6152640535720554,0.630771038920163,0.6325645974726604,0.6240523983992543,0.6167947573062654
1,7,0.3057041031397452,0.90528,5000,2.0415852378915855,0.7827130852340937,833,2.0426087550842724,0.7658,0.8038439512998592,0.08274972780921905,,,0.6,,0.6,0.4,0.9545797489079331,0.4034995187783307,5,0.1,0.5,0.6249420232595287,0.6177151257490355,0.6199817099303111,0.6146269755093274,0.6341602618219182,0.6214005561490983,0.6152640535720554,1.0,0.6230103008894337,0.6232220670616155,0.6184468493510381,0.6181991789182484
1,8,0.30421181112693946,0.90516,5000,2.040644221835666,0.7755102040816326,833,2.0406696068973966,0.7672,0.8113100323333851,0.08329322431681371,,,0.7451633279878302,,0.7451834747251644,0.25481652527483556,0.957690874146507,0.4053312142648184,5,0.1,0.5,0.635974946864012,0.6286636903814385,0.6223808220360918,0.6227060682664669,0.6352137178784759,0.6287984627766803,0.630771038920163,0.6230103008894337,1.0,0.6275339087863936,0.62116587566881,0.6253605390063084
1,9,0.3032308162000196,0.90768,5000,2.046697086758084,0.737094837935174,833,2.0402411938475344,0.7667,0.8164514677222257,0.083584916907627,,,0.8230719559921663,,0.8230861904522865,0.17691380954771352,0.9582841674889697,0.40565817176160707,5,0.1,0.5,0.6258863947764896,0.6369203382740757,0.646765564755439,0.6267778328239936,0.6357523066408416,0.6328894270974236,0.6325645974726604,0.6232220670616155,0.6275339087863936,1.0,0.6270991367198445,0.6355622769238367
1,10,0.30570807729485877,0.90832,5000,2.031615107147782,0.7887154861944778,833,2.0412567057929483,0.7675,0.807739464842354,0.08302856767968693,,,0.6744757749262315,,0.6744842126399277,0.32551578736007225,0.9565416811269504,0.4046971092271428,5,0.1,0.5,0.6260984274117439,0.6306239291206485,0.6264567046087871,0.6201038950183211,0.6302079228642238,0.6258239565252044,0.6240523983992543,0.6184468493510381,0.62116587566881,0.6270991367198445,1.0,0.6178444882663884
1,11,0.3193520247271866,0.90092,5000,2.0386159199255482,0.737094837935174,833,2.0400296887650655,0.7665,0.8072118850861999,0.08357328486217104,,,0.8199651348698647,,0.8199738968927263,0.18002610310727374,0.9587198075471436,0.4056498508828382,5,0.1,0.5,0.6099122958436463,0.6255938057762209,0.6340126044475985,0.6156944928345216,0.6264546644575459,0.6335926613530105,0.6167947573062654,0.6181991789182484,0.6253605390063084,0.6355622769238367,0.6178444882663884,1.0
2,0,0.2664985426897361,0.92148,5000,1.8503480310793277,0.8872901678657075,834,1.8386868889720296,0.8818,0.8069933095751298,0.08368160225712884,,,0.98,,0.9800010039656644,0.019998996034335637,0.9684382118068682,0.4064612870447713,5,0.1,0.5,1.0,0.6248941909221223,0.6298317570699046,0.622653022862067,0.6321457850244662,0.6168537182725061,0.6348962918156915,0.6280852393884284,0.6239151072136006,0.6263809860956194,0.6129023895306872,0.6158956861095004
2,1,0.2808039508457444,0.91476,5000,1.8292364720945005,0.9064748201438849,834,1.8422559861557932,0.8811,0.8103224355503766,0.0829618855225627,,,0.98,,0.9800010039656644,0.019998996034335637,0.964642887134579,0.4064612870447713,5,0.1,0.5,0.6248941909221223,1.0,0.6301541955666781,0.6264237531027179,0.6362597768104828,0.631645942850293,0.6295848446473366,0.6244627112061648,0.6265616871731249,0.6376100228217506,0.6224381163572512,0.616608894324101
2,2,0.2807072909204823,0.91648,5000,1.8489727399967335,0.8812949640287769,834,1.8389604514399276,0.8814,0.8159015575997743,0.08363505289743009,,,0.98,,0.9800010039656644,0.019998996034335637,0.9681957395761637,0.4064612870447713,5,0.1,0.5,0.6298317570699046,0.6301541955666781,1.0,0.6350782974424517,0.6285487458137585,0.6321766667360511,0.6382055561672423,0.6352203695851488,0.6341060041314672,0.6410100005647758,0.6297481271979698,0.6237807101905755
2,3,0.28451273951940476,0.91372,5000,1.826548351181878,0.8932853717026379,834,1.8408581909661095,0.8813,0.812732098481292,0.08305594063945757,,,0.98,,0.9800010039656644,0.019998996034335637,0.9648354822886606,0.4064612870447713,5,0.1,0.5,0.622653022862067,0.6264237531027179,0.6350782974424517,1.0,0.6283666658759982,0.6339606806753249,0.6367360243800902,0.627384961440606,0.6270822266098123,0.6345897634557784,0.6243902290552111,0.6333564176377438
2,4,0.2658902366954098,0.91812,5000,1.8357832873309101,0.8775510204081632,833,1.8416070256370325,0.8816,0.8172874278752503,0.08333039111292968,,,0.98,,0.9800010039656644,0.019998996034335637,0.9662765492872397,0.4064612870447713,5,0.1,0.5,0.6321457850244662,0.6362597768104828,0.6285487458137585,0.6283666658759982,1.0,0.6303644269371339,0.6391321170575058,0.6361935261434146,0.6305763237337377,0.6451067242704364,0.631878744785745,0.6351264994995485
2,5,0.2735008330600467,0.91708,5000,1.865526415683605,0.8547418967587035,833,1.8395647058090843,0.8816,0.8107832517498356,0.08327191489301743,,,0.98,,0.9800010039656644,0.019998996034335637,0.9675926062165221,0.4064612870447713,5,0.1,0.5,0.6168537182725061,0.631645942850293,0.6321766667360511,0.6339606806753249,0.6303644269371339,1.0,0.6362662116165657,0.6230114888202917,0.6279730302985559,0.6308877618763561,0.6199348189517432,0.626138394473463
2,6,0.2654792698195121,0.91996,5000,1.8348039741869326,0.8895558223289316,833,1.8387984627732834,0.8817,0.8183529706578544,0.0837519388860978,,,0.98,,0.9800010039656644,0.019998996034335637,0.9682549400364524,0.4064612870447713,5,0.1,0.5,0.6348962918156915,0.6295848446473366,0.6382055561672423,0.6367360243800902,0.6391321170575058,0.6362662116165657,1.0,0.6337797601637879,0.6317083083990959,0.6331371103893958,0.6324312626822933,0.6356599622448084
2,7,0.2728013865673428,0.91704,5000,1.8404346616179854,0.8895558223289316,833,1.842147523983599,0.8809,0.8123988100355406,0.0829295112014055,,,0.98,,0.9800010039656644,0.019998996034335637,0.9627803837057902,0.4064612870447713,5,0.1,0.5,0.6280852393884284,0.6244627112061648,0.6352203695851488,0.627384961440606,0.6361935261434146,0.6230114888202917,0.6337797601637879,1.0,0.6272389098565124,0.6318571699249687,0.6339123108397751,0.6264362326318805
2,8,0.2753359790072794,0.91796,5000,1.841377924989771,0.879951980792317,833,1.839653073027492,0.8812,0.8112024743274088,0.08324702386739524,,,0.98,,0.9800010039656644,0.019998996034335637,0.9673886528533192,0.4064612870447713,5,0.1,0.5,0.6239151072136006,0.6265616871731249,0.6341060041314672,0.6270822266098123,0.6305763237337377,0.6279730302985559,0.6317083083990959,0.6272389098565124,1.0,0.6373264092404701,0.6224770436777092,0.6245102742114498
2,9,0.27507700186554984,0.91692,5000,1.8496056927575006,0.8727490996398559,833,1.8391260335239739,0.881,0.8189754581981318,0.08371007767164354,,,0.98,,0.9800010039656644,0.019998996034335637,0.9681407951190143,0.4064612870447713,5,0.1,0.5,0.6263809860956194,0.6376100228217506,0.6410100005647758,0.6345897634557784,0.6451067242704364,0.6308877618763561,0.6331371103893958,0.6318571699249687,0.6373264092404701,1.0,0.628322693691164,0.6418847481585794
2,10,0.2712545583582228,0.91924,5000,1.8301908837424383,0.8811524609843937,833,1.8404336596449342,0.8809,0.808856578940248,0.08299056918651725,,,0.98,,0.9800010039656644,0.019998996034335637,0.9657970869240242,0.4064612870447713,5,0.1,0.5,0.6129023895306872,0.6224381163572512,0.6297481271979698,0.6243902290552111,0.631878744785745,0.6199348189517432,0.6324312626822933,0.6339123108397751,0.6224770436777092,0.628322693691164,1.0,0.6334970137325041
2,11,0.27756701735127126,0.9118,5000,1.8378090063730876,0.865546218487395,833,1.8388652165476886,0.8816,0.8112604767253402,0.08343409186441413,,,0.98,,0.9800010039656644,0.019998996034335637,0.9681200530439662,0.4064612870447713,5,0.1,0.5,0.6158956861095004,0.616608894324101,0.6237807101905755,0.6333564176377438,0.6351264994995485,0.626138394473463,0.6356599622448084,0.6264362326318805,0.6245102742114498,0.6418847481585794,0.6334970137325041,1.0
3,0,0.2415949533996024,0.9274,5000,1.621082522250988,0.9124700239808153,834,1.6078685354500915,0.9161,0.8014303911825102,0.08337801472895583,,,0.7860267718962742,,0.7860448772651976,0.21395512273480244,0.9700097422827785,0.4031170046605646,5,0.1,0.5,1.0,0.617063027525847,0.6194920828605004,0.5987889204020674,0.6211121146055536,0.6209333198940198,0.6247991809228325,0.6120644454599898,0.6118492530307131,0.6138054690151825,0.6130839993154116,0.6041616569530859
3,1,0.25321666864963,0.92452,5000,1.595741664921796,0.9316546762589928,834,1.6128464438283026,0.9168,0.8058091601986821,0.08305390515224413,,,0.6745529855397576,,0.6745645298930777,0.3254354701069223,0.9679975423440365,0.40222639279228256,5,0.1,0.5,0.617063027525847,1.0,0.6189372106721167,0.612093991625639,0.6277815945466859,0.6229612661371715,0.6338353468312504,0.6074988941373625,0.6184174533961257,0.6207288325592255,0.6131283297920541,0.6103556187276594
3,2,0.2587030568026647,0.92172,5000,1.6202479159390484,0.9292565947242206,834,1.6079724333918513,0.9163,0.8073541181756952,0.08355371485991331,,,0.8464568247811003,,0.8464735706038854,0.1535264293961146,0.9704395149921786,0.40329666229272165,5,0.1,0.5,0.6194920828605004,0.6189372106721167,1.0,0.6096184857736127,0.6171129979497187,0.6210243215731845,0.6281482168506842,0.6192581182740167,0.6192959307093757,0.6228713824105362,0.6174560062645009,0.6215266312632608
3,3,0.2644576969514987,0.92156,5000,1.593885479149995,0.9280575539568345,834,1.6127292854717363,0.9171,0.7978051061431697,0.08283714265250626,,,0.6,,0.6,0.4,0.9649691735014602,0.4009266723106462,5,0.1,0.5,0.5987889204020674,0.612093991625639,0.6096184857736127,1.0,0.6173518671441628,0.6185876646217053,0.6213605761319999,0.613738636018225,0.6077939135375371,0.612895025471188,0.6089553604789467,0.6039042554314096
3,4,0.24794981484983566,0.92428,5000,1.6027411045851532,0.9051620648259304,833,1.6111367548616549,0.9164,0.812232230817132,0.08352197066776941,,,0.835538772531577,,0.8355604638321369,0.1644395361678631,0.9704058934112672,0.40327464651533584,5,0.1,0.5,0.6211121146055536,0.6277815945466859,0.6171129979497187,0.6173518671441628,1.0,0.6290248406937495,0.6312346710452331,0.615826603582176,0.6283640314856538,0.6274101791498442,0.6256302646218362,0.6225718178162449
3,5,0.2444358752238131,0.92728,5000,1.6402007164778534,0.8931572629051621,833,1.608674373108739,0.9163,0.8134323380571592,0.08352507580587705,,,0.8366067493113142,,0.8366246674363736,0.16337533256362635,0.9704111857310768,0.40327692874378,5,0.1,0.5,0.6209333198940198,0.6229612661371715,0.6210243215731845,0.6185876646217053,0.6290248406937495,1.0,0.6344200296335984,0.6206589339592529,0.6307880223899656,0.6277995719287884,0.6231270381317995,0.6259378981286631
3,6,0.2391673027674199,0.92912,5000,1.6034396003793787,0.9279711884753902,833,1.607650878330389,0.9164,0.8162695095185333,0.08394199109324257,,,0.9799999996560613,,0.9800010039656644,0.019998996034335637,0.9706199327124347,0.40338659560087164,5,0.1,0.5,0.6247991809228325,0.6338353468312504,0.6281482168506842,0.6213605761319999,0.6312346710452331,0.6344200296335984,1.0,0.6238160164351192,0.6285245402807399,0.6272273287614122,0.6262654854618955,0.6210433180243491
3,7,0.25034995406634725,0.92404,5000,1.6111081926910966,0.9183673469387755,833,1.6135146804510976,0.9168,0.8024701113553185,0.0829160391608281,,,0.6271355527416798,,0.6271522513930023,0.37284774860699765,0.966360949592848,0.40149109113655557,5,0.1,0.5,0.6120644454599898,0.6074988941373625,0.6192581182740167,0.613738636018225,0.615826603582176,0.6206589339592529,0.6238160164351192,1.0,0.6153809924976525,0.6127578297735686,0.6168220092928477,0.6129236784597697
3,8,0.2533553349595683,0.92268,5000,1.612878190146552,0.9159663865546218,833,1.6090624241021494,0.9163,0.8068569827617561,0.08327932992382676,,,0.752085260524714,,0.7521007981527031,0.24789920184729686,0.969637224512289,0.4029417502457664,5,0.1,0.5,0.6118492530307131,0.6184174533961257,0.6192959307093757,0.6077939135375371,0.6283640314856538,0.6307880223899656,0.6285245402807399,0.6153809924976525,1.0,0.6189410188958673,0.6114387058025522,0.6209115573998134
3,9,0.24600768883113458,0.92796,5000,1.6231920542540375,0.9051620648259304,833,1.6081052291126678,0.9163,0.8092015305872178,0.08366782738152823,,,0.8857045229952756,,0.8857236082525978,0.11427639174740223,0.9705467757665533,0.40335202459158315,5,0.1,0.5,0.6138054690151825,0.6207288325592255,0.6228713824105362,0.612895025471188,0.6274101791498442,0.6277995719287884,0.6272273287614122,0.6127578297735686,0.6189410188958673,1.0,0.6258199162953129,0.6220851524959798
3,10,0.2499622054908211,0.92704,5000,1.5998621340151187,0.9183673469387755,833,1.6106811438124782,0.9167,0.8049022155142213,0.08304128520703447,,,0.6702124995522527,,0.6702324180513026,0.3297675819486974,0.9678650652735734,0.4021695150349278,5,0.1,0.5,0.6130839993154116,0.6131283297920541,0.6174560062645009,0.6089553604789467,0.6256302646218362,0.6231270381317995,0.6262654854618955,0.6168220092928477,0.6114387058025522,0.6258199162953129,1.0,0.6122231884721862
3,11,0.25590380898730203,0.9196,5000,1.606425236772608,0.9063625450180072,833,1.608154881114777,0.9164,0.8034281263601455,0.08328370336627407,,,0.7535894560932603,,0.7536017268209427,0.24639827317905727,0.9696514888581311,0.4029507489763091,5,0.1,0.5,0.6041616569530859,0.6103556187276594,0.6215266312632608,0.6039042554314096,0.6225718178162449,0.6259378981286631,0.6210433180243491,0.6129236784597697,0.6209115573998134,0.6220851524959798,0.6122231884721862,1.0
4,0,0.21954630941366124,0.93496,5000,1.3751367153944793,0.9256594724220624,834,1.3597853210406563,0.9331,0.7973701203171203,0.08334993064900872,,,0.7514413760115614,,0.7514582601275036,0.2485417398724964,0.9694770245320014,0.3984203180151502,5,0.1,0.5,1.0,0.6031813680039496,0.6000661504856363,0.6004890689531066,0.6030298447837052,0.6063682581384661,0.6108664896360885,0.6048251158067868,0.6028792008481381,0.5964179733140927,0.598579513941148,0.6063353939479736
4,1,0.22911964367361812,0.93112,5000,1.3434372698819195,0.9448441247002398,834,1.3658665883274506,0.9325,0.7977397480077515,0.0831473454521949,,,0.6900534127515526,,0.6900757994076603,0.3099242005923397,0.9680382139107762,0.3978815652388128,5,0.1,0.5,0.6031813680039496,1.0,0.6058551177265028,0.5997926985216239,0.6115996296188774,0.6074220646408726,0.6167520627166627,0.5970208326692509,0.5972704135196105,0.6021957649213647,0.5913628540151565,0.6054914642125889
4,2,0.23310531557887604,0.92908,5000,1.3740957666326452,0.9424460431654677,834,1.3597352306682842,0.933,0.7956564621676491,0.08340679019698767,,,0.7686711237779793,,0.7686812910998444,0.2313187089001556,0.9697331773159057,0.39852202457398306,5,0.1,0.5,0.6000661504856363,0.6058551177265028,1.0,0.5938066236388424,0.5971889354409118,0.6088648744795007,0.6113901040819759,0.6012932768456573,0.5978553672105956,0.6032492877811269,0.590686584707114,0.6054300881801725
4,3,0.23228372186540988,0.92948,5000,1.3434441840207134,0.9412470023980816,834,1.3673796280504416,0.9328,0.7933668304518825,0.0828501619755456,,,0.6,,0.6,0.4,0.9655054711600681,0.39635102833917596,5,0.1,0.5,0.6004890689531066,0.5997926985216239,0.5938066236388424,1.0,0.5967363929934754,0.6139960666030198,0.6089304486296652,0.5933011633078001,0.5911543098352299,0.6062397398096582,0.5949430313015702,0.5978114548049929
4,4,0.22371410847030532,0.9306,5000,1.352614159937258,0.9243697478991597,833,1.3631409795139544,0.9326,0.7976291683384832,0.08345472249293948,,,0.7831957093307997,,0.7832086742633402,0.21679132573665982,0.969836754054019,0.3985931549106817,5,0.1,0.5,0.6030298447837052,0.6115996296188774,0.5971889354409118,0.5967363929934754,1.0,0.6094207011472509,0.6103125844297353,0.5997910149841469,0.604002592061379,0.6012062975954623,0.5988735814981714,0.6026365982384961
4,5,0.2250968109039222,0.9338,5000,1.3965135194637157,0.9171668667466987,833,1.3602505172022616,0.9326,0.8052381812541126,0.08372308868410656,,,0.8645168233248002,,0.8645298930776567,0.1354701069223433,0.9702651706922089,0.3988197237017475,5,0.1,0.5,0.6063682581384661,0.6074220646408726,0.6088648744795007,0.6139960666030198,0.6094207011472509,1.0,0.6245559034177504,0.603048943295538,0.613049269773515,0.6085374233520506,0.6014885346455289,0.6108322397845904
4,6,0.22135643034603944,0.93624,5000,1.3552361682609275,0.9375750300120048,833,1.3591333875260032,0.9329,0.8082060441514477,0.08410419241799251,,,0.979999999696977,,0.9800010039656644,0.019998996034335637,0.9705839961334599,0.39887882462275814,5,0.1,0.5,0.6108664896360885,0.6167520627166627,0.6113901040819759,0.6089304486296652,0.6103125844297353,0.6245559034177504,1.0,0.6062616502790846,0.6088749253507527,0.6123759879647357,0.6092766489067416,0.6145382760156493
4,7,0.2325713260680627,0.93008,5000,1.3639252627337421,0.9351740696278511,833,1.3675014294755345,0.9324,0.7941386517234361,0.08292963769940057,,,0.6240829680194024,,0.6241001957733046,0.37589980422669544,0.9666568148026099,0.39686986417581543,5,0.1,0.5,0.6048251158067868,0.5970208326692509,0.6012932768456573,0.5933011633078001,0.5997910149841469,0.603048943295538,0.6062616502790846,1.0,0.5981379689152584,0.600315217523983,0.594358360004187,0.6058885550563358
4,8,0.22902282233154223,0.9304,5000,1.3679117450007685,0.9339735894357744,833,1.361586513991554,0.9326,0.7949155300446301,0.08319840259925128,,,0.7055248998935181,,0.7055469102956679,0.29445308970433215,0.9687901883618348,0.3980486995675641,5,0.1,0.5,0.6028792008481381,0.5972704135196105,0.5978553672105956,0.5911543098352299,0.604002592061379,0.613049269773515,0.6088749253507527,0.5981379689152584,1.0,0.6011103398744093,0.5917221201842315,0.6038037003274805
4,9,0.23045484235533958,0.93136,5000,1.3792026307847765,0.9267707082833133,833,1.3596939297910697,0.933,0.7980129886768718,0.08356514508583358,,,0.8166562887920328,,0.8166758696852567,0.18332413031474326,0.9701341811868149,0.39871601843307175,5,0.1,0.5,0.5964179733140927,0.6021957649213647,0.6032492877811269,0.6062397398096582,0.6012062975954623,0.6085374233520506,0.6123759879647357,0.600315217523983,0.6011103398744093,1.0,0.5985470782311242,0.6075814782884337
4,10,0.22776755990258826,0.933,5000,1.3540821031287864,0.9375750300120048,833,1.364691510368079,0.9329,0.7905429745198146,0.08288707986632117,,,0.6111869680421459,,0.6112092766427388,0.38879072335726117,0.9663174427370658,0.3966052818966734,5,0.1,0.5,0.598579513941148,0.5913628540151565,0.590686584707114,0.5949430313015702,0.5988735814981714,0.6014885346455289,0.6092766489067416,0.594358360004187,0.5917221201842315,0.5985470782311242,1.0,0.5993772539006433
4,11,0.2353878786656887,0.92852,5000,1.3579352343523945,0.9255702280912365,833,1.3599852418747191,0.9331,0.8001212934944221,0.08338350288041797,,,0.7616145324944681,,0.7616334521359369,0.23836654786406308,0.9694129979208385,0.39848298782559766,5,0.1,0.5,0.6063353939479736,0.6054914642125889,0.6054300881801725,0.5978114548049929,0.6026365982384961,0.6108322397845904,0.6145382760156493,0.6058885550563358,0.6038037003274805,0.6075814782884337,0.5993772539006433,1.0
5,0,0.20348274036826697,0.9396,5000,1.1326954364776611,0.9304556354916067,834,1.1142005787109033,0.9435,0.7870515871871185,0.08348657680072362,,,0.8238977411506297,,0.8239094422970734,0.1760905577029266,0.9684373074016837,0.3913593211588516,5,0.1,0.5,1.0,0.5826562705359505,0.5844934059374132,0.5769227895420994,0.5874863139693842,0.5714723792782314,0.5898736470745218,0.5705971077098787,0.5835210103973794,0.584862823465859,0.5869216214989076,0.5764021768969704
5,1,0.21075837451424806,0.93632,5000,1.0925844179259405,0.9544364508393285,834,1.1205098270989073,0.9429,0.7832452472727531,0.08321698218133403,,,0.7548801205789162,,0.7548918226996637,0.2451081773003363,0.9674151346710069,0.3910494416560037,5,0.1,0.5,0.5826562705359505,1.0,0.5802475517951259,0.5703005258763801,0.5883027854987645,0.5655191196194856,0.5871648560222682,0.560368716281546,0.5759730046589003,0.5869111510964061,0.5775507077109208,0.5853578522728362
5,2,0.22080203955221897,0.93384,5000,1.1287389530075922,0.9544364508393285,834,1.114169732069436,0.9436,0.7842178980964969,0.08342483055957668,,,0.8080903832261365,,0.8081070227398223,0.19189297726017773,0.9686203584310994,0.39130938504722984,5,0.1,0.5,0.5844934059374132,0.5802475517951259,1.0,0.5732978620600534,0.5773902668589189,0.5714810351119155,0.5839610586939388,0.566886190639817,0.5864127742220783,0.5898757364682498,0.579619243074336,0.5746123597531442
5,3,0.22231370510213125,0.93288,5000,1.094870227354544,0.9424460431654677,834,1.1231751937074022,0.9429,0.7780764072355523,0.08283610967537339,,,0.6573747840031827,,0.6573866773756337,0.3426133226243663,0.9646515457815262,0.3900122551844186,5,0.1,0.5,0.5769227895420994,0.5703005258763801,0.5732978620600534,1.0,0.5822397423001903,0.5701119713439975,0.5824313017962037,0.5628830532890982,0.5613433872779157,0.5787722952650212,0.5794983271446307,0.5755814674938855
5,4,0.20236932337343408,0.93748,5000,1.1071739969430145,0.9411764705882353,833,1.117553753403429,0.9432,0.7900796836687279,0.08366333088012434,,,0.869147702051936,,0.8691581747904221,0.13084182520957788,0.9687842122714827,0.39145484246810874,5,0.1,0.5,0.5874863139693842,0.5883027854987645,0.5773902668589189,0.5822397423001903,1.0,0.5731887502904156,0.5919746486780655,0.5720385725253384,0.5802430541142604,0.5892639112061625,0.5908991267510387,0.5901412771736061
5,5,0.20818392688313583,0.93668,5000,1.1542336764159027,0.9267707082833133,833,1.1148079195723366,0.9434,0.7738845964242972,0.08327256959790934,,,0.7691107874759157,,0.769123035992169,0.23087696400783098,0.968751455292913,0.39113436251242656,5,0.1,0.5,0.5714723792782314,0.5655191196194856,0.5714810351119155,0.5701119713439975,0.5731887502904156,1.0,0.5797282813686511,0.5518732976345512,0.5735284726440502,0.5713630570512428,0.5654594743138118,0.5757081408630871
5,6,0.20698524283328254,0.94012,5000,1.1100850701332092,0.9471788715486195,833,1.1136105772786247,0.9438,0.7900355307893285,0.08409633889687711,,,0.9799999997439948,,0.9800010039656644,0.019998996034335637,0.969585558132361,0.39151298634223386,5,0.1,0.5,0.5898736470745218,0.5871648560222682,0.5839610586939388,0.5824313017962037,0.5919746486780655,0.5797282813686511,1.0,0.5710684540288998,0.5852353871650516,0.5824354771505614,0.5839118078833957,0.5817403673442896
5,7,0.21374046140154646,0.93604,5000,1.1200800361456695,0.9423769507803121,833,1.1246768632255042,0.9423,0.7702023373396769,0.0826119939650987,,,0.6,,0.6,0.4,0.9644890927931233,0.38889432429559656,5,0.1,0.5,0.5705971077098787,0.560368716281546,0.566886190639817,0.5628830532890982,0.5720385725253384,0.5518732976345512,0.5710684540288998,1.0,0.5678784754080968,0.5711031787655192,0.5753254138531891,0.569159583104908
5,8,0.21174012581242402,0.93744,5000,1.1251963310771518,0.9471788715486195,833,1.1162224716652696,0.9428,0.7816969915778359,0.08319662135105468,,,0.7496676424444251,,0.7496762210732393,0.2503237789267607,0.9676827686884517,0.3910161703189635,5,0.1,0.5,0.5835210103973794,0.5759730046589003,0.5864127742220783,0.5613433872779157,0.5802430541142604,0.5735284726440502,0.5852353871650516,0.5678784754080968,1.0,0.5797061879337636,0.5778953318801426,0.5738075600980811
5,9,0.21031033058567744,0.9372,5000,1.1381233798133001,0.9447779111644657,833,1.114079657263649,0.9436,0.7879677292069927,0.08366284049041854,,,0.8690221597442895,,0.8690326790823754,0.13096732091762464,0.9690479738606387,0.3914547352512967,5,0.1,0.5,0.584862823465859,0.5869111510964061,0.5898757364682498,0.5787722952650212,0.5892639112061625,0.5713630570512428,0.5824354771505614,0.5711031787655192,0.5797061879337636,1.0,0.5789041166621104,0.5895754488922792
5,10,0.20878758407880071,0.93784,5000,1.109260578950246,0.9447779111644657,833,1.1195932592446811,0.9431,0.7849334398990584,0.08310228883363646,,,0.725518028815316,,0.7255408865016817,0.2744591134983183,0.9646695813371634,0.3908336390024852,5,0.1,0.5,0.5869216214989076,0.5775507077109208,0.579619243074336,0.5794983271446307,0.5908991267510387,0.5654594743138118,0.5839118078833957,0.5753254138531891,0.5778953318801426,0.5789041166621104,1.0,0.5817291893599552
5,11,0.21302449634168177,0.9342,5000,1.111506943349485,0.9399759903961584,833,1.1144085471241618,0.9433,0.7847934275484729,0.08342951676787304,,,0.8092900768507727,,0.8093017418804277,0.1906982581195723,0.9685476020373217,0.39131326053689275,5,0.1,0.5,0.5764021768969704,0.5853578522728362,0.5746123597531442,0.5755814674938855,0.5901412771736061,0.5757081408630871,0.5817403673442896,0.569159583104908,0.5738075600980811,0.5895754488922792,0.5817291893599552,1.0
6,0,0.18802853266376363,0.94408,5000,0.9042556992283574,0.9388489208633094,834,0.882881009731049,0.949,0.7678330393527616,0.08334986723278819,,,0.7583799646082849,,0.758390643040008,0.24160935695999197,0.9666366703561444,0.38469384699482884,5,0.1,0.5,1.0,0.5520298814162009,0.5451854144395336,0.5484558068797464,0.5660837248717049,0.5520999157720857,0.5619140373423321,0.5535799087998972,0.5579589138458113,0.5558375331337551,0.5503815645920451,0.5529643893883438
6,1,0.19654344991561334,0.941,5000,0.8573067519399855,0.9568345323741008,834,0.8891582159569469,0.9486,0.7689464357150674,0.08320792571676748,,,0.7203614275647,,0.7203805029867979,0.2796194970132021,0.9658444233968874,0.38440190657313794,5,0.1,0.5,0.5520298814162009,1.0,0.5538480245793813,0.5523416231076326,0.5622321633922351,0.5532541162589575,0.561054665359031,0.549133783262592,0.559100217864239,0.5581765341275576,0.5471538186730086,0.559882062845745
6,2,0.20719875840434604,0.93824,5000,0.897517857728181,0.9544364508393285,834,0.8834217984836322,0.9489,0.7635940843845822,0.08315824205592025,,,0.7070538333291566,,0.7070779579338387,0.29292204206616135,0.9656884013093942,0.3842740920586693,5,0.1,0.5,0.5451854144395336,0.5538480245793813,1.0,0.5456379544099057,0.5514020670735583,0.5495229834756472,0.5556287140549075,0.553051281325803,0.5558633138143582,0.5525748878074055,0.5450225237596039,0.5500011044879347
6,3,0.20279275705314176,0.9396,5000,0.8625568129398204,0.9496402877697842,834,0.8930754400670718,0.9483,0.7650502848509235,0.08281375379846458,,,0.6147838622570707,,0.6147984538928769,0.3852015461071231,0.9631605632798436,0.3828834949073908,5,0.1,0.5,0.5484558068797464,0.5523416231076326,0.5456379544099057,1.0,0.5582952227039726,0.5565950061344733,0.5607109706526606,0.5523515684032504,0.548476248952925,0.5495162014736958,0.5480671636334735,0.5538819126227892
6,4,0.18738656672871534,0.9416,5000,0.8764856347331295,0.9447779111644657,833,0.8857047226482306,0.9489,0.7778119443998114,0.08382209311631639,,,0.8848640106377614,,0.8848702374378796,0.11512976256212037,0.9673852865073304,0.3851045039976534,5,0.1,0.5,0.5660837248717049,0.5622321633922351,0.5514020670735583,0.5582952227039726,1.0,0.557667667155175,0.5751858750761245,0.5592048569398734,0.5709746158175485,0.5637412431308204,0.5612561044662356,0.5617747628006015
6,5,0.19343919445030913,0.94308,5000,0.9233913642388804,0.9339735894357744,833,0.8833999247215807,0.9489,0.7713857407980329,0.08333168823738864,,,0.7535107844741791,,0.7535264293961147,0.2464735706038853,0.9664527970226998,0.3846633352281844,5,0.1,0.5,0.5520999157720857,0.5532541162589575,0.5495229834756472,0.5565950061344733,0.557667667155175,1.0,0.5730636706260117,0.5536769630064466,0.566667930522093,0.5646996782000788,0.54604862771097,0.5571242489315484
6,6,0.19172942973732662,0.94436,5000,0.8775516108230308,0.9543817527010804,833,0.8820226580951922,0.9493,0.7796164984571041,0.08417728159988971,,,0.9799999997321535,,0.9800010039656644,0.019998996034335637,0.967593058127679,0.385146009950246,5,0.1,0.5,0.5619140373423321,0.561054665359031,0.5556287140549075,0.5607109706526606,0.5751858750761245,0.5730636706260117,1.0,0.5607646736900828,0.5709069838904146,0.5646496119284518,0.5551882255553919,0.563242190260087
6,7,0.19646769837679484,0.94136,5000,0.8883196799843399,0.9495798319327731,833,0.8947753140720697,0.9481,0.7677495846930465,0.0827585585178307,,,0.6,,0.6,0.4,0.9620446376112295,0.3825569190244281,5,0.1,0.5,0.5535799087998972,0.549133783262592,0.553051281325803,0.5523515684032504,0.5592048569398734,0.5536769630064466,0.5607646736900828,1.0,0.5573061758880973,0.5528492756011066,0.5577529242848173,0.5508166005377134
6,8,0.19530994348334754,0.9414,5000,0.8949935966067843,0.9483793517406963,833,0.8846485371025987,0.9489,0.7747029769533845,0.08339804795175555,,,0.7712850011345975,,0.7713016414838613,0.22869835851613873,0.9663313909599452,0.3847703078001971,5,0.1,0.5,0.5579589138458113,0.559100217864239,0.5558633138143582,0.548476248952925,0.5709746158175485,0.566667930522093,0.5709069838904146,0.5573061758880973,1.0,0.5634942340371882,0.5510268663725995,0.5596592475202556
6,9,0.19560521741688347,0.94168,5000,0.9096418685383267,0.9507803121248499,833,0.88244995617638,0.9491,0.7724742399307603,0.0836327733216812,,,0.8341553679009056,,0.8341699713869786,0.16583002861302143,0.9672275337913823,0.3850164833229145,5,0.1,0.5,0.5558375331337551,0.5581765341275576,0.5525748878074055,0.5495162014736958,0.5637412431308204,0.5646996782000788,0.5646496119284518,0.5528492756011066,0.5634942340371882,1.0,0.5494835423980118,0.5634182948019453
6,10,0.19853380195926992,0.9402,5000,0.8796422878901163,0.9519807923169268,833,0.8890609021384877,0.9486,0.7636606973842248,0.08294361866354312,,,0.6495677107184932,,0.6495808443351238,0.35041915566487625,0.9641797140011517,0.3835263671574084,5,0.1,0.5,0.5503815645920451,0.5471538186730086,0.5450225237596039,0.5480671636334735,0.5612561044662356,0.54604862771097,0.5551882255553919,0.5577529242848173,0.5510268663725995,0.5494835423980118,1.0,0.5487381601958631
6,11,0.20228456239672793,0.93764,5000,0.8802076611253951,0.9495798319327731,833,0.8829730808163603,0.9489,0.7705067868774759,0.0834061497876543,,,0.7734550494536018,,0.7734651874905878,0.2265348125094122,0.9667170137387031,0.3847817517470238,5,0.1,0.5,0.5529643893883438,0.559882062845745,0.5500011044879347,0.5538819126227892,0.5617747628006015,0.5571242489315484,0.563242190260087,0.5508166005377134,0.5596592475202556,0.5634182948019453,0.5487381601958631,1.0
7,0,0.17637154310096387,0.94712,5000,0.7070297002792358,0.9448441247002398,834,0.6828557487113026,0.9531,0.7561738566026489,0.08337189248021847,,,0.7341238329341228,,0.7341348325887255,0.26586516741127453,0.9634055797118928,0.3770848526519185,5,0.1,0.5,1.0,0.529742013471518,0.53036637299013,0.5286541785635652,0.5406963597425772,0.5327802387123951,0.5417829860975389,0.5357794649298359,0.5310994115969178,0.5238472267624609,0.5344714782439752,0.525323323208645
