round,client_id,client_i_training_loss,client_i_training_accuracy,client_i_training_dataset_size,client_i_evaluation_loss,client_i_evaluation_accuracy,client_i_evaluation_dataset_size,client_i_central_evaluation_loss,client_i_central_evaluation_accuracy,client_i_cosine_similarity,client_i_importance_coefficient,client_i_tanh_val,tanh_normalization_value,client_i_q,client_i_mask_order,client_i_v_nonzero_fraction,client_i_v_sparsity,client_i_v_cosine_similarity,client_i_reward_gradient_norm,local_epochs,learning_rate,gamma,client_0_cosine_similarity,client_1_cosine_similarity,client_2_cosine_similarity,client_3_cosine_similarity,client_4_cosine_similarity,client_5_cosine_similarity,client_6_cosine_similarity,client_7_cosine_similarity,client_8_cosine_similarity,client_9_cosine_similarity,client_10_cosine_similarity,client_11_cosine_similarity
0,0,2.23213126704951,0.21284,5000,2.2734866937001548,0.11870503597122302,834,2.2686803020989172,0.138,0.9963457369189928,0.0833780012188341,,,0.98,,0.9800166246218381,0.01998337537816186,0,0.09958119250321691,5,0.001,0.1,1.0,0.989542627992617,0.9902593843841508,0.9921206319533925,0.9919848161154765,0.9943626874268945,0.9918184327378338,0.9924554713985804,0.9929203679548716,0.9941664071535898,0.982001847772072,0.9944434239376143
0,1,2.2305691196660327,0.2142,5000,2.2680816650390625,0.1366906474820144,834,2.2686803020989172,0.138,0.9960622969760436,0.08335428188624402,,,0.98,,0.9800166246218381,0.01998337537816186,0,0.09958119250321691,5,0.001,0.1,0.989542627992617,1.0,0.9918118728475009,0.9870545864651364,0.9899831567209157,0.9874941682564448,0.9918249049750743,0.9942421107712068,0.9935363719338282,0.9921893186520221,0.9921311559384157,0.9928787898522469
0,2,2.2307416320606404,0.21348,5000,2.274159475609108,0.12949640287769784,834,2.2686803020989172,0.138,0.9962284985263453,0.08336819026417966,,,0.98,,0.9800166246218381,0.01998337537816186,0,0.09958119250321691,5,0.001,0.1,0.9902593843841508,0.9918118728475009,1.0,0.9895420249816593,0.9921637823043047,0.9874441540570704,0.9960414321976125,0.9907796627177501,0.9928368532555062,0.9910338039486883,0.9918592638523667,0.9909028949966693
0,3,2.228836895098352,0.24824,5000,2.2691229537681297,0.1342925659472422,834,2.2686803020989172,0.138,0.9940646801967504,0.08318711371551073,,,0.98,,0.9800166246218381,0.01998337537816186,0,0.09958119250321691,5,0.001,0.1,0.9921206319533925,0.9870545864651364,0.9895420249816593,1.0,0.991302257593958,0.9857162284378707,0.9878590796353517,0.9922671852873332,0.991833984900196,0.9881073321684526,0.9845218977468256,0.9884928473966037
0,4,2.2283085027318092,0.18544,5000,2.2652069992489285,0.1452581032412965,833,2.2686803020989172,0.138,0.9963931750611542,0.08338197102301793,,,0.98,,0.9800166246218381,0.01998337537816186,0,0.09958119250321691,5,0.001,0.1,0.9919848161154765,0.9899831567209157,0.9921637823043047,0.991302257593958,1.0,0.9914021902661696,0.9920714065002579,0.9917768494188878,0.9946898652819716,0.992224633283101,0.9858450641638157,0.9931989503998053
0,5,2.230651120775065,0.19332,5000,2.267031228100812,0.148859543817527,833,2.2686803020989172,0.138,0.9939444580506154,0.08317705306901468,,,0.98,,0.9800166246218381,0.01998337537816186,0,0.09958119250321691,5,0.001,0.1,0.9943626874268945,0.9874941682564448,0.9874441540570704,0.9857162284378707,0.9914021902661696,1.0,0.9908544647984971,0.9892344828140635,0.9889420245517633,0.9932676777507636,0.976802683534972,0.9918606699409235
0,6,2.232236245027773,0.20036,5000,2.2748371583444102,0.12725090036014405,833,2.2686803020989172,0.138,0.99614905342569,0.08336154199595928,,,0.98,,0.9800166246218381,0.01998337537816186,0,0.09958119250321691,5,0.001,0.1,0.9918184327378338,0.9918249049750743,0.9960414321976125,0.9878590796353517,0.9920714065002579,0.9908544647984971,1.0,0.9893227085824012,0.9919933023252165,0.990976656169027,0.9895248125239888,0.9914385805115138
0,7,2.227852169875127,0.23284,5000,2.256375339296129,0.16566626650660263,833,2.2686803020989172,0.138,0.9969705561710378,0.08343028847056629,,,0.98,,0.9800166246218381,0.01998337537816186,0,0.09958119250321691,5,0.001,0.1,0.9924554713985804,0.9942421107712068,0.9907796627177501,0.9922671852873332,0.9917768494188878,0.9892344828140635,0.9893227085824012,1.0,0.9939098979663655,0.9949141914750902,0.9905195101176818,0.9941204586932132
0,8,2.2309965662136197,0.20668,5000,2.267289982901679,0.14765906362545017,833,2.2686803020989172,0.138,0.9973204202449188,0.08345956642710041,,,0.98,,0.9800166246218381,0.01998337537816186,0,0.09958119250321691,5,0.001,0.1,0.9929203679548716,0.9935363719338282,0.9928368532555062,0.991833984900196,0.9946898652819716,0.9889420245517633,0.9919933023252165,0.9939098979663655,1.0,0.9932277644840023,0.9900820045653856,0.9937508774314017
0,9,2.230158855960627,0.21356,5000,2.2686261512615062,0.14285714285714285,833,2.2686803020989172,0.138,0.9968878065412716,0.08342336366677996,,,0.98,,0.9800166246218381,0.01998337537816186,0,0.09958119250321691,5,0.001,0.1,0.9941664071535898,0.9921893186520221,0.9910338039486883,0.9881073321684526,0.992224633283101,0.9932676777507636,0.990976656169027,0.9949141914750902,0.9932277644840023,1.0,0.9866707687191844,0.9957751380880878
0,10,2.229988712262196,0.2278,5000,2.2710162975169994,0.1368547418967587,833,2.2686803020989172,0.138,0.9923075060165196,0.08304006669607544,,,0.98,,0.9800166246218381,0.01998337537816186,0,0.09958119250321691,5,0.001,0.1,0.982001847772072,0.9921311559384157,0.9918592638523667,0.9845218977468256,0.9858450641638157,0.976802683534972,0.9895248125239888,0.9905195101176818,0.9900820045653856,0.9866707687191844,1.0,0.9878612656483352
0,11,2.2317289394937503,0.199,5000,2.26859458287557,0.12244897959183673,833,2.2686803020989172,0.138,0.9970694175488708,0.08343856156671757,,,0.98,,0.9800166246218381,0.01998337537816186,0,0.09958119250321691,5,0.001,0.1,0.9944434239376143,0.9928787898522469,0.9909028949966693,0.9884928473966037,0.9931989503998053,0.9918606699409235,0.9914385805115138,0.9941204586932132,0.9937508774314017,0.9957751380880878,0.9878612656483352,1.0
1,0,2.1108301870382515,0.36664,5000,2.2250681629887334,0.19544364508393286,834,2.218038693784525,0.2147,0.9983473785663107,0.08337171071258145,,,0.98,,0.9800166246218381,0.01998337537816186,0.9489484994493853,0.09980082579738633,5,0.001,0.1,1.0,0.9956479056963264,0.9953174234822307,0.9962579741190469,0.9963056967767923,0.9968299516577676,0.99617820971832,0.9964351082064126,0.9963689801067929,0.9973605864197977,0.9922023884504368,0.9973856808976057
1,1,2.108175544678026,0.34184,5000,2.214941881321095,0.21942446043165467,834,2.218038693784525,0.2147,0.9985225683595659,0.08336281748078068,,,0.98,,0.9800166246218381,0.01998337537816186,0.9489484994493853,0.09980082579738633,5,0.001,0.1,0.9956479056963264,1.0,0.9969469166147172,0.9945930821759628,0.9953387098834596,0.9934550604911833,0.9967971953423008,0.9972945288640597,0.9969109511264002,0.9972455543038825,0.9970295054828053,0.9971358535295689
1,2,2.1097451809864896,0.34556,5000,2.2239540153079562,0.19424460431654678,834,2.218038693784525,0.2147,0.9981112397792102,0.08335806964424951,,,0.98,,0.9800166246218381,0.01998337537816186,0.9489484994493853,0.09980082579738633,5,0.001,0.1,0.9953174234822307,0.9969469166147172,1.0,0.9947792826062408,0.9959796278439867,0.9930076842933,0.9978595689054157,0.9956663740517449,0.9964909382235118,0.9959885180181737,0.9957713733301865,0.9956611892436467
1,3,2.103022771124627,0.41088,5000,2.217079339204011,0.20743405275779375,834,2.218038693784525,0.2147,0.9973266881351917,0.08322167391396827,,,0.98,,0.9800166246218381,0.01998337537816186,0.9489484994493853,0.09980082579738633,5,0.001,0.1,0.9962579741190469,0.9945930821759628,0.9947792826062408,1.0,0.9959214308028039,0.9928493313334065,0.9941045916151197,0.9965484613572404,0.996155366121085,0.9949229554868478,0.9930818672820352,0.9948633008248878
1,4,2.1060231416848056,0.34052,5000,2.214413227858367,0.23769507803121248,833,2.218038693784525,0.2147,0.9981575168168794,0.08336801639611457,,,0.98,,0.9800166246218381,0.01998337537816186,0.9489484994493853,0.09980082579738633,5,0.001,0.1,0.9963056967767923,0.9953387098834596,0.9959796278439867,0.9959214308028039,1.0,0.9951066447333508,0.9964457848278035,0.9959270758527645,0.9968591085951499,0.9959479839819496,0.9937567329131594,0.9964310679004756
1,5,2.109698360133323,0.34376,5000,2.2159605467761003,0.22328931572629052,833,2.218038693784525,0.2147,0.9964444140908953,0.08318702052756101,,,0.98,,0.9800166246218381,0.01998337537816186,0.9489484994493853,0.09980082579738633,5,0.001,0.1,0.9968299516577676,0.9934550604911833,0.9930076842933,0.9928493313334065,0.9951066447333508,1.0,0.9947729112122222,0.994009438018743,0.9934164713506878,0.9962726678958332,0.9884441935501594,0.9953376456303146
1,6,2.111854565523233,0.33744,5000,2.226755212854456,0.19567827130852342,833,2.218038693784525,0.2147,0.9983710095168146,0.08336237789143021,,,0.98,,0.9800166246218381,0.01998337537816186,0.9489484994493853,0.09980082579738633,5,0.001,0.1,0.99617820971832,0.9967971953423008,0.9978595689054157,0.9941045916151197,0.9964457848278035,0.9947729112122222,1.0,0.9954371630038625,0.9964775937391758,0.996489643732698,0.9955759794312009,0.996440958561729
1,7,2.102438876431459,0.37544,5000,2.2041353826169616,0.23649459783913565,833,2.218038693784525,0.2147,0.9984647397742399,0.08340757124508752,,,0.98,,0.9800166246218381,0.01998337537816186,0.9489484994493853,0.09980082579738633,5,0.001,0.1,0.9964351082064126,0.9972945288640597,0.9956663740517449,0.9965484613572404,0.9959270758527645,0.994009438018743,0.9954371630038625,1.0,0.9963725850665006,0.99749365801057,0.9955825632532629,0.9969336910023386
1,8,2.110773851765189,0.35,5000,2.218598171516701,0.23529411764705882,833,2.218038693784525,0.2147,0.9984101715937808,0.08342376802896255,,,0.98,,0.9800166246218381,0.01998337537816186,0.9489484994493853,0.09980082579738633,5,0.001,0.1,0.9963689801067929,0.9969109511264002,0.9964909382235118,0.996155366121085,0.9968591085951499,0.9934164713506878,0.9964775937391758,0.9963725850665006,1.0,0.9962476069061821,0.9953526789046158,0.9963918895068539
1,9,2.1074547220946878,0.3462,5000,2.2180035997320107,0.21728691476590636,833,2.218038693784525,0.2147,0.9986840608411115,0.0834104040687964,,,0.98,,0.9800166246218381,0.01998337537816186,0.9489484994493853,0.09980082579738633,5,0.001,0.1,0.9973605864197977,0.9972455543038825,0.9959885180181737,0.9949229554868478,0.9959479839819496,0.9962726678958332,0.996489643732698,0.99749365801057,0.9962476069061821,1.0,0.9944709529476607,0.9978828228875457
1,10,2.1070813159274446,0.3526,5000,2.2203918209782354,0.21248499399759904,833,2.218038693784525,0.2147,0.9966545551114978,0.083109780299296,,,0.98,,0.9800166246218381,0.01998337537816186,0.9489484994493853,0.09980082579738633,5,0.001,0.1,0.9922023884504368,0.9970295054828053,0.9957713733301865,0.9930818672820352,0.9937567329131594,0.9884441935501594,0.9955759794312009,0.9955825632532629,0.9953526789046158,0.9944709529476607,1.0,0.994768681523661
1,11,2.112123683455643,0.33728,5000,2.216260583312423,0.20168067226890757,833,2.218038693784525,0.2147,0.9985931054370155,0.0834167897911718,,,0.98,,0.9800166246218381,0.01998337537816186,0.9489484994493853,0.09980082579738633,5,0.001,0.1,0.9973856808976057,0.9971358535295689,0.9956611892436467,0.9948633008248878,0.9964310679004756,0.9953376456303146,0.996440958561729,0.9969336910023386,0.9963918895068539,0.9978828228875457,0.994768681523661,1.0
2,0,1.938821170436349,0.4552,5000,2.163224317409374,0.31414868105515587,834,2.153827957451915,0.3398,0.998910432333388,0.08336240196231275,,,0.98,,0.9800166246218381,0.01998337537816186,0.9843964942450609,0.0998739269806876,5,0.001,0.1,1.0,0.9972062711602515,0.9969874393713293,0.9978768896570149,0.9975777657335937,0.997567582674486,0.9976095514853327,0.9976196434735517,0.9975362547877239,0.9981167403218049,0.9955892102640891,0.9981189948370964
2,1,1.9369713189495597,0.43724,5000,2.1477754204361528,0.3657074340527578,834,2.153827957451915,0.3398,0.9990268568889757,0.08336070607481187,,,0.98,,0.9800166246218381,0.01998337537816186,0.9843964942450609,0.0998739269806876,5,0.001,0.1,0.9972062711602515,1.0,0.9980530663011762,0.997031037653637,0.996896766963058,0.9961776156856152,0.9979240007012644,0.9980608737239269,0.9980335448787104,0.9981896863331341,0.9979578771022825,0.9976733184447377
2,2,1.9365095288890182,0.43844,5000,2.1603465521777117,0.31654676258992803,834,2.153827957451915,0.3398,0.9987242976512735,0.0833480299470732,,,0.98,,0.9800166246218381,0.01998337537816186,0.9843964942450609,0.0998739269806876,5,0.001,0.1,0.9969874393713293,0.9980530663011762,1.0,0.9968843762233536,0.9970030211180345,0.9957519371611302,0.9985046698074108,0.9970758455660702,0.9975523591430298,0.9975408765193452,0.9975423834894918,0.9966828485643716
2,3,1.9244588602880004,0.48772,5000,2.151797965720848,0.3501199040767386,834,2.153827957451915,0.3398,0.9986186492781102,0.08326098205849217,,,0.98,,0.9800166246218381,0.01998337537816186,0.9843964942450609,0.0998739269806876,5,0.001,0.1,0.9978768896570149,0.997031037653637,0.9968843762233536,1.0,0.9977438627791708,0.9965241271170352,0.997009969550675,0.9976609823717846,0.997700633118331,0.9969879791995243,0.9959948747927397,0.9968999889976309
2,4,1.9321070253469381,0.45,5000,2.149824583971942,0.3445378151260504,833,2.153827957451915,0.3398,0.9987859069650691,0.08335611768872461,,,0.98,,0.9800166246218381,0.01998337537816186,0.9843964942450609,0.0998739269806876,5,0.001,0.1,0.9975777657335937,0.996896766963058,0.9970030211180345,0.9977438627791708,1.0,0.9973757365269011,0.9976295487949509,0.9974569914774362,0.9978940656829766,0.997435829718455,0.9957955518333977,0.9975060262553697
2,5,1.9372576226094727,0.44708,5000,2.15132639143202,0.3397358943577431,833,2.153827957451915,0.3398,0.9979731738815224,0.08321890055660291,,,0.98,,0.9800166246218381,0.01998337537816186,0.9843964942450609,0.0998739269806876,5,0.001,0.1,0.997567582674486,0.9961776156856152,0.9957519371611302,0.9965241271170352,0.9973757365269011,1.0,0.9967898889356148,0.9968147944535705,0.9962351542863082,0.9971898313481475,0.9936164644884505,0.9965342491632311
2,6,1.9424874088566775,0.437,5000,2.1657619211408825,0.31092436974789917,833,2.153827957451915,0.3398,0.9989990085072147,0.08335953774385069,,,0.98,,0.9800166246218381,0.01998337537816186,0.9843964942450609,0.0998739269806876,5,0.001,0.1,0.9976095514853327,0.9979240007012644,0.9985046698074108,0.997009969550675,0.9976295487949509,0.9967898889356148,1.0,0.9974501484154654,0.9978477815442673,0.9976582740115056,0.9971915655819505,0.9972549340476948
2,7,1.925217210866843,0.46144,5000,2.138092862235175,0.3697478991596639,833,2.153827957451915,0.3398,0.998930086381116,0.08338502604412058,,,0.98,,0.9800166246218381,0.01998337537816186,0.9843964942450609,0.0998739269806876,5,0.001,0.1,0.9976196434735517,0.9980608737239269,0.9970758455660702,0.9976609823717846,0.9974569914774362,0.9968147944535705,0.9974501484154654,1.0,0.9973788708327951,0.9981777608096952,0.9967292486777951,0.9976175516979531
2,8,1.9375309883409244,0.445,5000,2.156250247248897,0.3637454981992797,833,2.153827957451915,0.3398,0.998955659981083,0.08339578331133159,,,0.98,,0.9800166246218381,0.01998337537816186,0.9843964942450609,0.0998739269806876,5,0.001,0.1,0.9975362547877239,0.9980335448787104,0.9975523591430298,0.997700633118331,0.9978940656829766,0.9962351542863082,0.9978477815442673,0.9973788708327951,1.0,0.9976125307230185,0.9972357506764331,0.9973225503718591
2,9,1.9351631009654635,0.44044,5000,2.1537121401892767,0.34813925570228094,833,2.153827957451915,0.3398,0.9991153714048482,0.08339274299428086,,,0.98,,0.9800166246218381,0.01998337537816186,0.9843964942450609,0.0998739269806876,5,0.001,0.1,0.9981167403218049,0.9981896863331341,0.9975408765193452,0.9969879791995243,0.997435829718455,0.9971898313481475,0.9976582740115056,0.9981777608096952,0.9976125307230185,1.0,0.9970920088551368,0.9982611047612158
2,10,1.9351230367733414,0.44724,5000,2.156118136865121,0.3505402160864346,833,2.153827957451915,0.3398,0.9980325991873168,0.08317345453186495,,,0.98,,0.9800166246218381,0.01998337537816186,0.9843964942450609,0.0998739269806876,5,0.001,0.1,0.9955892102640891,0.9979578771022825,0.9975423834894918,0.9959948747927397,0.9957955518333977,0.9936164644884505,0.9971915655819505,0.9967292486777951,0.9972357506764331,0.9970920088551368,1.0,0.9965491905796074
2,11,1.9427339344267633,0.43056,5000,2.1502157802935,0.3037214885954382,833,2.153827957451915,0.3398,0.9987949367829541,0.08338631708653385,,,0.98,,0.9800166246218381,0.01998337537816186,0.9843964942450609,0.0998739269806876,5,0.001,0.1,0.9981189948370964,0.9976733184447377,0.9966828485643716,0.9968999889976309,0.9975060262553697,0.9965342491632311,0.9972549340476948,0.9976175516979531,0.9973225503718591,0.9982611047612158,0.9965491905796074,1.0
3,0,1.7599017036948235,0.52164,5000,2.086401383082072,0.38609112709832133,834,2.074280008340415,0.4132,0.9988779891421673,0.08335078844406253,,,0.98,,0.9800166246218381,0.01998337537816186,0.9942528748344429,0.09988895522033077,5,0.001,0.1,1.0,0.9974480747301911,0.9973186732566139,0.9980244659219039,0.9977280465438716,0.9973356354343837,0.9975763607208616,0.9976771853735247,0.9974261643827927,0.9982612294750316,0.99652128561406,0.9979052191691642
3,1,1.7591554916588363,0.50464,5000,2.065119650628832,0.4316546762589928,834,2.074280008340415,0.4132,0.9991921422116598,0.0833598869105842,,,0.98,,0.9800166246218381,0.01998337537816186,0.9942528748344429,0.09988895522033077,5,0.001,0.1,0.9974480747301911,1.0,0.9981473032993429,0.9978399809417711,0.9972871807524388,0.9969122348628816,0.9982467571677905,0.9983588211439182,0.9980492983388475,0.9985025842973312,0.9982594649519662,0.9979376169369579
3,2,1.7581097721294232,0.51436,5000,2.0815222704852068,0.3776978417266187,834,2.074280008340415,0.4132,0.9988493161820158,0.0833410506690639,,,0.98,,0.9800166246218381,0.01998337537816186,0.9942528748344429,0.09988895522033077,5,0.001,0.1,0.9973186732566139,0.9981473032993429,1.0,0.9975117115319969,0.9971570289735611,0.9964280611646377,0.998548559713242,0.997540760095816,0.9974735231794398,0.9979845910355805,0.99791811922372,0.9968523024631192
3,3,1.7396765935193201,0.55268,5000,2.0712071348119667,0.43764988009592326,834,2.074280008340415,0.4132,0.9989815716940961,0.08329194393306176,,,0.98,,0.9800166246218381,0.01998337537816186,0.9942528748344429,0.09988895522033077,5,0.001,0.1,0.9980244659219039,0.9978399809417711,0.9975117115319969,1.0,0.9979404185474209,0.9974665370782,0.9977553023586125,0.9980598541444304,0.9979667618906463,0.9977562271330447,0.9969278824586544,0.997218050052367
3,4,1.7510882957725769,0.52048,5000,2.069772861621998,0.42016806722689076,833,2.074280008340415,0.4132,0.9987995895539395,0.08334440502928436,,,0.98,,0.9800166246218381,0.01998337537816186,0.9942528748344429,0.09988895522033077,5,0.001,0.1,0.9977280465438716,0.9972871807524388,0.9971570289735611,0.9979404185474209,1.0,0.9974712725923568,0.9976606881575943,0.9976985635192614,0.9975194897444031,0.9977707284024127,0.9963870480906492,0.997662626841045
3,5,1.7564382038298685,0.51636,5000,2.07128346407855,0.4261704681872749,833,2.074280008340415,0.4132,0.9983186663611997,0.08324474771201403,,,0.98,,0.9800166246218381,0.01998337537816186,0.9942528748344429,0.09988895522033077,5,0.001,0.1,0.9973356354343837,0.9969122348628816,0.9964280611646377,0.9974665370782,0.9974712725923568,1.0,0.9972190204305491,0.997533389273198,0.9968341524808259,0.9972980780223258,0.9952412503425835,0.9967823851393882
3,6,1.7638226996561523,0.51292,5000,2.0903381594905146,0.37815126050420167,833,2.074280008340415,0.4132,0.9991617420795094,0.08335818945760498,,,0.98,,0.9800166246218381,0.01998337537816186,0.9942528748344429,0.09988895522033077,5,0.001,0.1,0.9975763607208616,0.9982467571677905,0.998548559713242,0.9977553023586125,0.9976606881575943,0.9972190204305491,1.0,0.9979848208470673,0.9979813137195656,0.9981289467726858,0.9979308748750894,0.9975925687237402
3,7,1.7427261578808924,0.52368,5000,2.056381662686666,0.4489795918367347,833,2.074280008340415,0.4132,0.9991021618265207,0.08337189526758457,,,0.98,,0.9800166246218381,0.01998337537816186,0.9942528748344429,0.09988895522033077,5,0.001,0.1,0.9976771853735247,0.9983588211439182,0.997540760095816,0.9980598541444304,0.9976985635192614,0.997533389273198,0.9979848208470673,1.0,0.9975728834459807,0.9984104698122457,0.9972766009907763,0.9977965919383958
3,8,1.7587765537249813,0.51828,5000,2.078897308420252,0.4297719087635054,833,2.074280008340415,0.4132,0.9988431839297119,0.08337013354828716,,,0.98,,0.9800166246218381,0.01998337537816186,0.9942528748344429,0.09988895522033077,5,0.001,0.1,0.9974261643827927,0.9980492983388475,0.9974735231794398,0.9979667618906463,0.9975194897444031,0.9968341524808259,0.9979813137195656,0.9975728834459807,1.0,0.9976966517235518,0.9972543612182956,0.9970309055388611
3,9,1.7566508093457314,0.50576,5000,2.0738332271575928,0.43337334933973587,833,2.074280008340415,0.4132,0.9992732391546463,0.08338214804241763,,,0.98,,0.9800166246218381,0.01998337537816186,0.9942528748344429,0.09988895522033077,5,0.001,0.1,0.9982612294750316,0.9985025842973312,0.9979845910355805,0.9977562271330447,0.9977707284024127,0.9972980780223258,0.9981289467726858,0.9984104698122457,0.9976966517235518,1.0,0.9978429498808206,0.9983076728501408
3,10,1.756347665209679,0.50984,5000,2.07676182852851,0.4117647058823529,833,2.074280008340415,0.4132,0.9984893602720372,0.08322239034053958,,,0.98,,0.9800166246218381,0.01998337537816186,0.9942528748344429,0.09988895522033077,5,0.001,0.1,0.99652128561406,0.9982594649519662,0.99791811922372,0.9969278824586544,0.9963870480906492,0.9952412503425835,0.9979308748750894,0.9972766009907763,0.9972543612182956,0.9978429498808206,1.0,0.9970093220511994
3,11,1.7666976653846207,0.501,5000,2.0688108735614352,0.37695078031212487,833,2.074280008340415,0.4132,0.9987840450041177,0.08336242064549523,,,0.98,,0.9800166246218381,0.01998337537816186,0.9942528748344429,0.09988895522033077,5,0.001,0.1,0.9979052191691642,0.9979376169369579,0.9968523024631192,0.997218050052367,0.997662626841045,0.9967823851393882,0.9975925687237402,0.9977965919383958,0.9970309055388611,0.9983076728501408,0.9970093220511994,1.0
4,0,1.5961072454786605,0.56784,5000,1.9948301491913971,0.4520383693045564,834,1.9797331403238705,0.4791,0.9990549704260866,0.08334882717086134,,,0.98,,0.9800166246218381,0.01998337537816186,0.9962442354066444,0.09989065878140851,5,0.001,0.1,1.0,0.9977594682199546,0.9972128778146533,0.9980911047098325,0.9978261265470522,0.997519918152627,0.9980818986188785,0.9980011621964494,0.9977009380705832,0.9981824206846651,0.9972185998726338,0.9979550718030911
4,1,1.600836369490168,0.55344,5000,1.9673035851231329,0.486810551558753,834,1.9797331403238705,0.4791,0.9991776558492861,0.08335836528198542,,,0.98,,0.9800166246218381,0.01998337537816186,0.9962442354066444,0.09989065878140851,5,0.001,0.1,0.9977594682199546,1.0,0.9981061802060552,0.9977689968423941,0.9974237081619899,0.9969559361799099,0.9982378397024043,0.9981495407366614,0.9980214727802234,0.9984386472674596,0.9983945592080017,0.9977640449710313
4,2,1.5985805639036141,0.563,5000,1.98769419281571,0.43884892086330934,834,1.9797331403238705,0.4791,0.998712023729056,0.0833317888483954,,,0.98,,0.9800166246218381,0.01998337537816186,0.9962442354066444,0.09989065878140851,5,0.001,0.1,0.9972128778146533,0.9981061802060552,1.0,0.9972541594150984,0.9970297378752199,0.9964496752078008,0.9983264616982044,0.997485708997544,0.9971770196151847,0.9977903289334271,0.9977634418051452,0.9968436423744185
4,3,1.574192494951236,0.59448,5000,1.9754411776860554,0.5095923261390888,834,1.9797331403238705,0.4791,0.9989054945721899,0.0833079220639615,,,0.98,,0.9800166246218381,0.01998337537816186,0.9962442354066444,0.09989065878140851,5,0.001,0.1,0.9980911047098325,0.9977689968423941,0.9972541594150984,1.0,0.9979606580714389,0.9973770742589768,0.997461711372819,0.9978448741074938,0.9976830669851517,0.9976810718791601,0.9971372606182232,0.9974996402866099
4,4,1.5873869537547896,0.57008,5000,1.974719480231956,0.48619447779111646,833,1.9797331403238705,0.4791,0.9988391796476155,0.08333794915799066,,,0.98,,0.9800166246218381,0.01998337537816186,0.9962442354066444,0.09989065878140851,5,0.001,0.1,0.9978261265470522,0.9974237081619899,0.9970297378752199,0.9979606580714389,1.0,0.9978597393287747,0.9977404434610856,0.9976015032717466,0.9977212224869049,0.9976756434238987,0.9966676060264403,0.9974571420206609
4,5,1.5942704509018333,0.5656,5000,1.9759732793878626,0.4921968787515006,833,1.9797331403238705,0.4791,0.9983973940783806,0.08326258581914019,,,0.98,,0.9800166246218381,0.01998337537816186,0.9962442354066444,0.09989065878140851,5,0.001,0.1,0.997519918152627,0.9969559361799099,0.9964496752078008,0.9973770742589768,0.9978597393287747,1.0,0.9971903169893787,0.9974589938294564,0.9970902777387822,0.9972134470811173,0.9960253121363568,0.9965299939889458
4,6,1.6032120290835192,0.56312,5000,2.000422407079626,0.45138055222088835,833,1.9797331403238705,0.4791,0.9991742693295299,0.08335721517818351,,,0.98,,0.9800166246218381,0.01998337537816186,0.9962442354066444,0.09989065878140851,5,0.001,0.1,0.9980818986188785,0.9982378397024043,0.9983264616982044,0.997461711372819,0.9977404434610856,0.9971903169893787,1.0,0.997892210491576,0.9980968334840834,0.9982289843127926,0.998031608067412,0.9976912458042757
4,7,1.5795253045240025,0.57008,5000,1.959515024114538,0.5042016806722689,833,1.9797331403238705,0.4791,0.9990519201892671,0.083361670652811,,,0.98,,0.9800166246218381,0.01998337537816186,0.9962442354066444,0.09989065878140851,5,0.001,0.1,0.9980011621964494,0.9981495407366614,0.997485708997544,0.9978448741074938,0.9976015032717466,0.9974589938294564,0.997892210491576,1.0,0.9975744809988888,0.9983195231859813,0.9977415538251635,0.9974435666357622
4,8,1.5959363654920249,0.5704,5000,1.986990840346725,0.4921968787515006,833,1.9797331403238705,0.4791,0.9988836677138183,0.08335516063456483,,,0.98,,0.9800166246218381,0.01998337537816186,0.9962442354066444,0.09989065878140851,5,0.001,0.1,0.9977009380705832,0.9980214727802234,0.9971770196151847,0.9976830669851517,0.9977212224869049,0.9970902777387822,0.9980968334840834,0.9975744809988888,1.0,0.9978443952829482,0.9973846620073309,0.9972014483095577
4,9,1.596244433047665,0.55408,5000,1.9786010848151312,0.503001200480192,833,1.9797331403238705,0.4791,0.9992220748161755,0.08337344845588811,,,0.98,,0.9800166246218381,0.01998337537816186,0.9962442354066444,0.09989065878140851,5,0.001,0.1,0.9981824206846651,0.9984386472674596,0.9977903289334271,0.9976810718791601,0.9976756434238987,0.9972134470811173,0.9982289843127926,0.9983195231859813,0.9978443952829482,1.0,0.9980454175982418,0.998132088957167
4,10,1.5971102890694977,0.555,5000,1.9825797610812717,0.4717887154861945,833,1.9797331403238705,0.4791,0.998725091979812,0.08325945248779468,,,0.98,,0.9800166246218381,0.01998337537816186,0.9962442354066444,0.09989065878140851,5,0.001,0.1,0.9972185998726338,0.9983945592080017,0.9977634418051452,0.9971372606182232,0.9966676060264403,0.9960253121363568,0.998031608067412,0.9977415538251635,0.9973846620073309,0.9980454175982418,1.0,0.9971880989211175
4,11,1.606872038324927,0.54748,5000,1.9723785939040008,0.460984393757503,833,1.9797331403238705,0.4791,0.9987344001627995,0.08334561424842339,,,0.98,,0.9800166246218381,0.01998337537816186,0.9962442354066444,0.09989065878140851,5,0.001,0.1,0.9979550718030911,0.9977640449710313,0.9968436423744185,0.9974996402866099,0.9974571420206609,0.9965299939889458,0.9976912458042757,0.9974435666357622,0.9972014483095577,0.998132088957167,0.9971880989211175,1.0
5,0,1.457275678625532,0.60568,5000,1.8899343455279316,0.5107913669064749,834,1.8717642131324013,0.5301,0.998800254438354,0.0833428348312562,,,0.98,,0.9800166246218381,0.01998337537816186,0.9973063437653598,0.0998800260490571,5,0.001,0.1,1.0,0.9973728343583037,0.9969950085112826,0.9976457643954668,0.9973493335884183,0.9971836230093516,0.997717430975597,0.9976547206919827,0.9972308466571441,0.9978310209597085,0.9968700992554204,0.9973718156493208
5,1,1.464594862643321,0.58664,5000,1.8556169315620705,0.5275779376498801,834,1.8717642131324013,0.5301,0.9990520602209381,0.08335681002798478,,,0.98,,0.9800166246218381,0.01998337537816186,0.9973063437653598,0.0998800260490571,5,0.001,0.1,0.9973728343583037,1.0,0.9980144385214196,0.9978049423414647,0.9970411178618677,0.9966394100699134,0.9978825402767441,0.9979398760736766,0.9978438312271148,0.9981926492557782,0.9981420095457112,0.9973668646841144
5,2,1.4624293829984725,0.59944,5000,1.8804870225765087,0.5107913669064749,834,1.8717642131324013,0.5301,0.9987029088013973,0.08332924549534931,,,0.98,,0.9800166246218381,0.01998337537816186,0.9973063437653598,0.0998800260490571,5,0.001,0.1,0.9969950085112826,0.9980144385214196,1.0,0.9973817879705412,0.9969143519019281,0.9961061496443279,0.9981548339365472,0.9974902519132314,0.997120583264048,0.9976874501674383,0.9975569265935674,0.9966341670089708
5,3,1.434640627302182,0.6274,5000,1.8663158549202814,0.5587529976019184,834,1.8717642131324013,0.5301,0.9989355958706606,0.08332212019148201,,,0.98,,0.9800166246218381,0.01998337537816186,0.9973063437653598,0.0998800260490571,5,0.001,0.1,0.9976457643954668,0.9978049423414647,0.9973817879705412,1.0,0.9977017880871849,0.9972421704228759,0.9975125464102101,0.9978562183909324,0.9977625786772121,0.9974905517752384,0.9972407612904772,0.9972069679592157
5,4,1.4479407526125574,0.6082,5000,1.8663228926835236,0.5486194477791116,833,1.8717642131324013,0.5301,0.998678614910099,0.0833322388852734,,,0.98,,0.9800166246218381,0.01998337537816186,0.9973063437653598,0.0998800260490571,5,0.001,0.1,0.9973493335884183,0.9970411178618677,0.9969143519019281,0.9977017880871849,1.0,0.9975978298500483,0.99754916981602,0.9975084357973816,0.9973871489427627,0.9972430615069241,0.9964871312647411,0.9969860769099286
5,5,1.4536646902940835,0.5992,5000,1.867149167590671,0.5366146458583433,833,1.8717642131324013,0.5301,0.9982681280464976,0.08327277932537187,,,0.98,,0.9800166246218381,0.01998337537816186,0.9973063437653598,0.0998800260490571,5,0.001,0.1,0.9971836230093516,0.9966394100699134,0.9961061496443279,0.9972421704228759,0.9975978298500483,1.0,0.996794889571673,0.9973070228617197,0.9967490558100568,0.9970195155614584,0.9958622047449844,0.9963459096599767
5,6,1.4669933631161975,0.59784,5000,1.8974352633511578,0.4969987995198079,833,1.8717642131324013,0.5301,0.9990542826332801,0.08335617652215746,,,0.98,,0.9800166246218381,0.01998337537816186,0.9973063437653598,0.0998800260490571,5,0.001,0.1,0.997717430975597,0.9978825402767441,0.9981548339365472,0.9975125464102101,0.99754916981602,0.996794889571673,1.0,0.9977946092343863,0.9977462840239578,0.9978485179016747,0.9978220676798527,0.9974441896439167
5,7,1.4420467659166665,0.60516,5000,1.8491693911729035,0.5474189675870348,833,1.8717642131324013,0.5301,0.9990366572896001,0.08335833974211548,,,0.98,,0.9800166246218381,0.01998337537816186,0.9973063437653598,0.0998800260490571,5,0.001,0.1,0.9976547206919827,0.9979398760736766,0.9974902519132314,0.9978562183909324,0.9975084357973816,0.9973070228617197,0.9977946092343863,1.0,0.9976512559906159,0.9980281001503349,0.997416583872566,0.9974087440409073
5,8,1.4563682716363555,0.60832,5000,1.882111041634171,0.5414165666266506,833,1.8717642131324013,0.5301,0.9987950543824939,0.08334655061356645,,,0.98,,0.9800166246218381,0.01998337537816186,0.9973063437653598,0.0998800260490571,5,0.001,0.1,0.9972308466571441,0.9978438312271148,0.997120583264048,0.9977625786772121,0.9973871489427627,0.9967490558100568,0.9977462840239578,0.9976512559906159,1.0,0.9975879122145359,0.9972394271486233,0.9968410790261436
5,9,1.4594924907016147,0.59216,5000,1.8696016912107114,0.553421368547419,833,1.8717642131324013,0.5301,0.9990495164804017,0.08336597675506338,,,0.98,,0.9800166246218381,0.01998337537816186,0.9973063437653598,0.0998800260490571,5,0.001,0.1,0.9978310209597085,0.9981926492557782,0.9976874501674383,0.9974905517752384,0.9972430615069241,0.9970195155614584,0.9978485179016747,0.9980281001503349,0.9975879122145359,1.0,0.9977549443103925,0.997525779626964
5,10,1.4610586173974784,0.5898,5000,1.8749958453355011,0.5078031212484994,833,1.8717642131324013,0.5301,0.9986673313595474,0.08328374151385719,,,0.98,,0.9800166246218381,0.01998337537816186,0.9973063437653598,0.0998800260490571,5,0.001,0.1,0.9968700992554204,0.9981420095457112,0.9975569265935674,0.9972407612904772,0.9964871312647411,0.9958622047449844,0.9978220676798527,0.997416583872566,0.9972394271486233,0.9977549443103925,1.0,0.9972392232340532
5,11,1.4714152480386624,0.58512,5000,1.8625660163384896,0.5210084033613446,833,1.8717642131324013,0.5301,0.9985623281033481,0.08333318609652259,,,0.98,,0.9800166246218381,0.01998337537816186,0.9973063437653598,0.0998800260490571,5,0.001,0.1,0.9973718156493208,0.9973668646841144,0.9966341670089708,0.9972069679592157,0.9969860769099286,0.9963459096599767,0.9974441896439167,0.9974087440409073,0.9968410790261436,0.997525779626964,0.9972392232340532,1.0
6,0,1.3406295763459175,0.63288,5000,1.7745613168787073,0.5491606714628298,834,1.753128576964235,0.5696,0.9988658456285696,0.08334597006150228,,,0.98,,0.9800166246218381,0.01998337537816186,0.9980330429733106,0.09986548880818054,5,0.001,0.1,1.0,0.9975041299544377,0.9970012140524734,0.9975965458195093,0.9971766728408074,0.9970203796895569,0.9977179885448506,0.9973662653731631,0.9971712420877147,0.9973556404535405,0.9971627449942985,0.9971934718363262
6,1,1.3513652086257935,0.61396,5000,1.7327965453818992,0.5635491606714629,834,1.753128576964235,0.5696,0.9989580992321995,0.08335751744016051,,,0.98,,0.9800166246218381,0.01998337537816186,0.9980330429733106,0.09986548880818054,5,0.001,0.1,0.9975041299544377,1.0,0.9975812559929149,0.9975838778978118,0.996921473685876,0.9965571173979818,0.9975391055601243,0.9974912546815963,0.9973084217190481,0.997884684976088,0.9979762686948939,0.9970237935608164
6,2,1.3483593175365667,0.6252,5000,1.7626123914012202,0.5563549160671463,834,1.753128576964235,0.5696,0.9984746426540676,0.08332501074923128,,,0.98,,0.9800166246218381,0.01998337537816186,0.9980330429733106,0.09986548880818054,5,0.001,0.1,0.9970012140524734,0.9975812559929149,1.0,0.9967176955296039,0.9966817227398391,0.9959190868965228,0.9976935047783905,0.9969427552439725,0.9964074339236363,0.9972658197533334,0.9972394115513668,0.9961281506467756
6,3,1.316683642196048,0.65116,5000,1.74647291942879,0.5851318944844125,834,1.753128576964235,0.5696,0.9987584368723373,0.08332980077390918,,,0.98,,0.9800166246218381,0.01998337537816186,0.9980330429733106,0.09986548880818054,5,0.001,0.1,0.9975965458195093,0.9975838778978118,0.9967176955296039,1.0,0.9975920618158418,0.9972257598896387,0.9970606386594117,0.9972326632500201,0.9972110291562365,0.9971322189584149,0.9969851470957158,0.9966423970598145
6,4,1.3315598307901126,0.63568,5000,1.7474189201990764,0.5738295318127251,833,1.753128576964235,0.5696,0.998634454738362,0.08333200427767873,,,0.98,,0.9800166246218381,0.01998337537816186,0.9980330429733106,0.09986548880818054,5,0.001,0.1,0.9971766728408074,0.996921473685876,0.9966817227398391,0.9975920618158418,1.0,0.997552553348388,0.9973630955807741,0.9970892249187665,0.9970087763531301,0.9969701016932017,0.9965003668713657,0.9966381458787454
6,5,1.3382535527466208,0.6286,5000,1.7475231930061623,0.5702280912364946,833,1.753128576964235,0.5696,0.9982445594225886,0.08328295851487298,,,0.98,,0.9800166246218381,0.01998337537816186,0.9980330429733106,0.09986548880818054,5,0.001,0.1,0.9970203796895569,0.9965571173979818,0.9959190868965228,0.9972257598896387,0.997552553348388,1.0,0.9964611022762706,0.9970252276339393,0.9966158305095706,0.996508555555764,0.996038334109264,0.9958998110853041
6,6,1.3517326976083646,0.625,5000,1.7840875872859248,0.5354141656662665,833,1.753128576964235,0.5696,0.9988823322624774,0.08335468359099198,,,0.98,,0.9800166246218381,0.01998337537816186,0.9980330429733106,0.09986548880818054,5,0.001,0.1,0.9977179885448506,0.9975391055601243,0.9976935047783905,0.9970606386594117,0.9973630955807741,0.9964611022762706,1.0,0.9973222896791353,0.9972360921120595,0.997309848891383,0.9977274033873437,0.997032338839145
6,7,1.3251104810435301,0.6318,5000,1.728424112002055,0.5942376950780313,833,1.753128576964235,0.5696,0.9987426148441727,0.0833515007646678,,,0.98,,0.9800166246218381,0.01998337537816186,0.9980330429733106,0.09986548880818054,5,0.001,0.1,0.9973662653731631,0.9974912546815963,0.9969427552439725,0.9972326632500201,0.9970892249187665,0.9970252276339393,0.9973222896791353,1.0,0.997108871715199,0.9975756089662465,0.9969501518401125,0.996684571194715
6,8,1.339414686761844,0.63508,5000,1.7672811481687758,0.5918367346938775,833,1.753128576964235,0.5696,0.998513953846672,0.08333689140133893,,,0.98,,0.9800166246218381,0.01998337537816186,0.9980330429733106,0.09986548880818054,5,0.001,0.1,0.9971712420877147,0.9973084217190481,0.9964074339236363,0.9972110291562365,0.9970087763531301,0.9966158305095706,0.9972360921120595,0.997108871715199,1.0,0.996990667230163,0.9968189656851935,0.9961716418486734
6,9,1.3436930733881178,0.61976,5000,1.7497099726288408,0.5990396158463386,833,1.753128576964235,0.5696,0.9988238919127426,0.08335880715995399,,,0.98,,0.9800166246218381,0.01998337537816186,0.9980330429733106,0.09986548880818054,5,0.001,0.1,0.9973556404535405,0.997884684976088,0.9972658197533334,0.9971322189584149,0.9969701016932017,0.996508555555764,0.997309848891383,0.9975756089662465,0.996990667230163,1.0,0.997613624925091,0.9971558373246984
6,10,1.3476828022367635,0.61436,5000,1.7567564160735518,0.5570228091236494,833,1.753128576964235,0.5696,0.998664912472237,0.08330324761603555,,,0.98,,0.9800166246218381,0.01998337537816186,0.9980330429733106,0.09986548880818054,5,0.001,0.1,0.9971627449942985,0.9979762686948939,0.9972394115513668,0.9969851470957158,0.9965003668713657,0.996038334109264,0.9977274033873437,0.9969501518401125,0.9968189656851935,0.997613624925091,1.0,0.9968470841191223
6,11,1.3572344416266033,0.61344,5000,1.7417518518589161,0.5594237695078031,833,1.753128576964235,0.5696,0.998294330077547,0.08332160764965676,,,0.98,,0.9800166246218381,0.01998337537816186,0.9980330429733106,0.09986548880818054,5,0.001,0.1,0.9971934718363262,0.9970237935608164,0.9961281506467756,0.9966423970598145,0.9966381458787454,0.9958998110853041,0.997032338839145,0.996684571194715,0.9961716418486734,0.9971558373246984,0.9968470841191223,1.0
7,0,1.2433857482709703,0.65416,5000,1.6517187710161563,0.5779376498800959,834,1.6273182242061384,0.6006,0.9986601891619805,0.08334918836665065,,,0.98,,0.9800166246218381,0.01998337537816186,0.9983998289309246,0.09984090866694204,5,0.001,0.1,1.0,0.9971174807288413,0.9964315287490172,0.9971531094992105,0.9966584293504337,0.996301844561937,0.9971897143808266,0.9969795772495259,0.9966514834781587,0.9968972098874461,0.9967827778246373,0.9966931919872964
7,1,1.2560140069882582,0.63444,5000,1.6021426562909726,0.5935251798561151,834,1.6273182242061384,0.6006,0.9987152332186732,0.08335804686241542,,,0.98,,0.9800166246218381,0.01998337537816186,0.9983998289309246,0.09984090866694204,5,0.001,0.1,0.9971174807288413,1.0,0.9972385996391248,0.9970467314535193,0.9963169356825713,0.9959864891447268,0.9970937403157966,0.9969546054540604,0.9968108137646613,0.9973074407620733,0.9973540434154744,0.996288472863205
7,2,1.2534902294729926,0.6416,5000,1.6374431671919647,0.5863309352517986,834,1.6273182242061384,0.6006,0.9982096243573944,0.08332179111572975,,,0.98,,0.9800166246218381,0.01998337537816186,0.9983998289309246,0.09984090866694204,5,0.001,0.1,0.9964315287490172,0.9972385996391248,1.0,0.9962653354080613,0.9962903641761532,0.9952346034862638,0.9971955870916258,0.9964929448396499,0.9957664215878199,0.9966531431498783,0.9964812570471794,0.9954084873696847
