round,client_id,client_i_training_loss,client_i_training_accuracy,client_i_training_dataset_size,client_i_evaluation_loss,client_i_evaluation_accuracy,client_i_evaluation_dataset_size,client_i_central_evaluation_loss,client_i_central_evaluation_accuracy,client_i_cosine_similarity,client_i_importance_coefficient,client_i_tanh_val,tanh_normalization_value,client_i_q,client_i_mask_order,client_i_v_nonzero_fraction,client_i_v_sparsity,client_i_v_cosine_similarity,client_i_reward_gradient_norm,local_epochs,learning_rate,gamma,client_0_cosine_similarity,client_1_cosine_similarity,client_2_cosine_similarity,client_3_cosine_similarity,client_4_cosine_similarity,client_5_cosine_similarity,client_6_cosine_similarity,client_7_cosine_similarity,client_8_cosine_similarity,client_9_cosine_similarity,client_10_cosine_similarity,client_11_cosine_similarity
0,0,0.36420276927862577,0.88616,5000,2.199066197430646,0.3333333333333333,834,2.204603860172601,0.3162,0.7871653278085493,0.0831087544333338,,,0.8229794231486782,,0.8229958335424928,0.17700416645750716,0,0.3945237882342686,5,0.1,0.5,1.0,0.5863541885213018,0.5880366800745652,0.593439275341039,0.6054832817703517,0.5880344241176982,0.5711688167636283,0.5788623587067269,0.582361289344522,0.5792865419212092,0.5979170653905953,0.5846996829302511
0,1,0.34613594520172686,0.89188,5000,2.2107485930124917,0.31894484412470026,834,2.204516429870654,0.3171,0.7946094249100292,0.08389470068392278,,,0.9351775271738842,,0.9351990361929622,0.06480096380703781,0,0.3946411559439357,5,0.1,0.5,0.5863541885213018,1.0,0.6017437456328462,0.5999378109806442,0.5950471673950961,0.5910417848109633,0.5864733765164544,0.5868142736713241,0.5876382930655063,0.583925065453552,0.6069264891322675,0.6002482405718347
0,2,0.3522622001114165,0.88564,5000,2.210679116072478,0.30815347721822545,834,2.204543489236801,0.3172,0.7904698874570122,0.08345764916565007,,,0.8727860447095444,,0.8727975503237789,0.12720244967622107,0,0.3946043761661671,5,0.1,0.5,0.5880366800745652,0.6017437456328462,1.0,0.5908886187998998,0.5881058526790028,0.5858813025105809,0.5905884014787128,0.5944495005329021,0.5944920124085439,0.577147281992521,0.5905509580912881,0.5850584154784869
0,3,0.34255026265812716,0.8946,5000,2.2057094662277787,0.2961630695443645,834,2.2045450111547598,0.3169,0.7896953249010426,0.0833758710092918,,,0.8611117678907418,,0.8611314693037498,0.13886853069625016,0,0.3945908528226774,5,0.1,0.5,0.593439275341039,0.5999378109806442,0.5908886187998998,1.0,0.5863890696515041,0.5922663136306906,0.5852608353623775,0.5958762318351949,0.5816331101608073,0.5765201716044306,0.5945323532746477,0.582862704706791
0,4,0.33345646992041045,0.89448,5000,2.206081266756411,0.3085234093637455,833,2.2045062525203813,0.3172,0.7969198192809565,0.0841386316494191,,,0.9699999998572445,,0.9700015059484965,0.029998494051503455,0,0.3946457760137414,5,0.1,0.5,0.6054832817703517,0.5950471673950961,0.5881058526790028,0.5863890696515041,1.0,0.601283364078647,0.5784847023023928,0.605139302221539,0.5952946697483019,0.6026725803534834,0.6071237694632103,0.5830095977205261
0,5,0.33941236979737405,0.8976,5000,2.2008178852222584,0.3169267707082833,833,2.2045277741770395,0.3172,0.7923678918493657,0.08365804008149064,,,0.9013929383798649,,0.9014105717584459,0.09858942824155414,0,0.3946276270954649,5,0.1,0.5,0.5880344241176982,0.5910417848109633,0.5858813025105809,0.5922663136306906,0.601283364078647,1.0,0.5910035193322533,0.592291130605572,0.5801505607389219,0.5938964856514859,0.6080601784331086,0.5810106687996802
0,6,0.34168614158466176,0.89212,5000,2.2012865719971835,0.3097238895558223,833,2.2047527163935166,0.3156,0.7823233038095814,0.08259753452911008,,,0.75,,0.750002509914161,0.24999749008583905,0,0.3942562859786769,5,0.1,0.5,0.5711688167636283,0.5864733765164544,0.5905884014787128,0.5852608353623775,0.5784847023023928,0.5910035193322533,1.0,0.5780779203795321,0.5820115360623501,0.5883028441579524,0.5669502983215124,0.5914600786412518
0,7,0.3533463730779328,0.88636,5000,2.202993958084672,0.30012004801920766,833,2.2045447933026394,0.3171,0.7897382198171762,0.08338039984577054,,,0.8617582839419035,,0.8617740073289494,0.13822599267105062,0,0.3945915890353809,5,0.1,0.5,0.5788623587067269,0.5868142736713241,0.5944495005329021,0.5958762318351949,0.605139302221539,0.592291130605572,0.5780779203795321,1.0,0.5863676589348797,0.5836029162314053,0.5911022575466596,0.5874292236129608
0,8,0.35074112451854783,0.89076,5000,2.2020649909973145,0.33373349339735897,833,2.204636086290256,0.3161,0.7858546392520501,0.08297037220341023,,,0.8032246068154114,,0.803237789267607,0.19676221073239297,0,0.3944717143332787,5,0.1,0.5,0.582361289344522,0.5876382930655063,0.5944920124085439,0.5816331101608073,0.5952946697483019,0.5801505607389219,0.5820115360623501,0.5863676589348797,1.0,0.58599572175474,0.5805233678447631,0.5867611854282231
0,9,0.346584260595998,0.892,5000,2.2011902773821794,0.3217286914765906,833,2.2046791006581854,0.3159,0.7845010726572773,0.0828274629189689,,,0.7828235288156116,,0.7828321871391999,0.2171678128608001,0,0.3944033080264484,5,0.1,0.5,0.5792865419212092,0.583925065453552,0.577147281992521,0.5765201716044306,0.6026725803534834,0.5938964856514859,0.5883028441579524,0.5836029162314053,0.58599572175474,1.0,0.5732580552152401,0.5858014192267547
0,10,0.3467149382403749,0.89168,5000,2.212255212995741,0.33133253301320525,833,2.204539689012229,0.3171,0.791497895481749,0.08356618604280291,,,0.8882802745302731,,0.8882937603533959,0.11170623964660409,0,0.3946186714877812,5,0.1,0.5,0.5979170653905953,0.6069264891322675,0.5905509580912881,0.5945323532746477,0.6071237694632103,0.6080601784331086,0.5669502983215124,0.5911022575466596,0.5805233678447631,0.5732580552152401,1.0,0.5797347614439856
0,11,0.3427000170015985,0.89012,5000,2.1990197234683566,0.3217286914765906,833,2.20462477397614,0.3158,0.7863663397445455,0.08302439743682925,,,0.8109370028661473,,0.8109532653983234,0.18904673460167665,0,0.3944934915115246,5,0.1,0.5,0.5846996829302511,0.6002482405718347,0.5850584154784869,0.582862704706791,0.5830095977205261,0.5810106687996802,0.5914600786412518,0.5874292236129608,0.5867611854282231,0.5858014192267547,0.5797347614439856,1.0
1,0,0.317619633789109,0.90368,5000,2.0373335679372153,0.7146282973621103,834,2.04782588184832,0.6691,0.8130786879037056,0.0830928816531268,,,0.7993784068461132,,0.7993875809447317,0.20061241905526828,0.9600719528203918,0.40764536832438825,5,0.1,0.5,1.0,0.6288981921443392,0.6347553467470985,0.630901573083921,0.6351968518789054,0.6383169462911312,0.6426685541161096,0.6323838370254146,0.6359776791619933,0.625891095026442,0.6341438717394962,0.62100458088675
1,1,0.3052382693145495,0.90848,5000,2.0578808607878507,0.6714628297362111,834,2.047454614227953,0.6713,0.8162860133433487,0.08372299819546125,,,0.9108948077680389,,0.9109131067717484,0.08908689322825158,0.9606579542265815,0.4078541928376042,5,0.1,0.5,0.6288981921443392,1.0,0.641274701337263,0.6284852860198364,0.6448709783089969,0.6370827157349017,0.6395171522700625,0.633139630721161,0.6350775566360208,0.6332320348125651,0.6434391912758141,0.6229136472857922
1,2,0.30765981681431365,0.90544,5000,2.057111651809127,0.658273381294964,834,2.0475584260952737,0.6704,0.8173883671997338,0.0834728445603209,,,0.8666232624360627,,0.8666382209728427,0.1333617790271573,0.9604848324662006,0.4078099262517302,5,0.1,0.5,0.6347553467470985,0.641274701337263,1.0,0.6300039416643313,0.6434571453321234,0.631927045701241,0.6373407282148349,0.6377776415311482,0.6421589636904914,0.636858455104879,0.6364550728896791,0.6287150725025357
1,3,0.3033234993304322,0.90808,5000,2.049205020621971,0.6522781774580336,834,2.04770778314755,0.6699,0.8115055937086069,0.08321453034171555,,,0.820907478084319,,0.8209276642738819,0.17907233572611814,0.9602838580901504,0.4077160116075966,5,0.1,0.5,0.630901573083921,0.6284852860198364,0.6300039416643313,1.0,0.6404367961793072,0.6277444861386436,0.6245912300446141,0.6387489301995788,0.6263297061745007,0.6309283452114894,0.6358349752077554,0.6294034423781985
1,4,0.2889131698365899,0.91056,5000,2.0489876093687833,0.6626650660264105,833,2.0474498226238897,0.6716,0.8212659301588962,0.08405696843610572,,,0.9699999998230225,,0.9700015059484965,0.029998494051503455,0.9607118090156248,0.40787080557680877,5,0.1,0.5,0.6351968518789054,0.6448709783089969,0.6434571453321234,0.6404367961793072,1.0,0.6440504922033062,0.6423822572378581,0.6421264729720249,0.634837668843964,0.641060747473096,0.6396868689243196,0.6276083150971306
1,5,0.3000587520331951,0.90864,5000,2.042008073241622,0.6758703481392557,833,2.0474704199324782,0.6709,0.8189083336409299,0.08365789542552778,,,0.8993730874111467,,0.899377541288088,0.100622458711912,0.9606252019838621,0.40784606816651453,5,0.1,0.5,0.6383169462911312,0.6370827157349017,0.631927045701241,0.6277444861386436,0.6440504922033062,1.0,0.6509981147585996,0.6375953830468986,0.633157902107745,0.637829352315236,0.6494056208301773,0.6266867083336382
1,6,0.297756784413437,0.90948,5000,2.042509922274837,0.680672268907563,833,2.0481012693990155,0.6677,0.8189754751881774,0.08296031656442587,,,0.7759173792637329,,0.7759299231966267,0.22407007680337332,0.9594478072772952,0.4075455415843751,5,0.1,0.5,0.6426685541161096,0.6395171522700625,0.6373407282148349,0.6245912300446141,0.6423822572378581,0.6509981147585996,1.0,0.6417335260334364,0.6410134472691923,0.6387408615668323,0.6380296433903897,0.62293820986284
1,7,0.3016955784492337,0.90544,5000,2.045618874055368,0.673469387755102,833,2.047575268882532,0.6704,0.8179023985121759,0.08343971690311283,,,0.8607604150822492,,0.8607800813212189,0.13921991867878114,0.9604548178117847,0.4078011944569875,5,0.1,0.5,0.6323838370254146,0.633139630721161,0.6377776415311482,0.6387489301995788,0.6421264729720249,0.6375953830468986,0.6417335260334364,1.0,0.640614129503509,0.6366188048495265,0.636654626660953,0.6287636535307575
1,8,0.3100988686826246,0.90452,5000,2.0479966269599066,0.6758703481392557,833,2.047868499740625,0.6688,0.8147795100005301,0.08306063161104892,,,0.7936708775551318,,0.793680036142764,0.20631996385723606,0.9600026222147482,0.40762384031297144,5,0.1,0.5,0.6359776791619933,0.6350775566360208,0.6421589636904914,0.6263297061745007,0.634837668843964,0.633157902107745,0.6410134472691923,0.640614129503509,1.0,0.6259995442866064,0.632013371852701,0.6302069359477007
1,9,0.29892545917136654,0.908,5000,2.042740989614416,0.6566626650660264,833,2.047974597150906,0.6679,0.8138227350496695,0.08293308026033144,,,0.771097168393259,,0.771115907835952,0.22888409216404804,0.9597538787816404,0.4075226029618434,5,0.1,0.5,0.625891095026442,0.6332320348125651,0.636858455104879,0.6309283452114894,0.641060747473096,0.637829352315236,0.6387408615668323,0.6366188048495265,0.6259995442866064,1.0,0.6324607933117381,0.628931142842205
1,10,0.3019573439553285,0.9096,5000,2.0523463443473533,0.6494597839135654,833,2.047484699529581,0.671,0.818245912374313,0.08357426403670523,,,0.8845722198588677,,0.8845790873952111,0.11542091260478893,0.9605823379187094,0.4078324291049075,5,0.1,0.5,0.6341438717394962,0.6434391912758141,0.6364550728896791,0.6358349752077554,0.6396868689243196,0.6494056208301773,0.6380296433903897,0.636654626660953,0.632013371852701,0.6324607933117381,1.0,0.630412252025631
1,11,0.3054888687749055,0.90512,5000,2.0444706545935736,0.6722689075630253,833,2.0480035501547134,0.6681,0.8066491158317886,0.08281387201211766,,,0.75,,0.750002509914161,0.24999749008583905,0.9596653217732074,0.40740310050856093,5,0.1,0.5,0.62100458088675,0.6229136472857922,0.6287150725025357,0.6294034423781985,0.6276083150971306,0.6266867083336382,0.62293820986284,0.6287636535307575,0.6302069359477007,0.628931142842205,0.630412252025631,1.0
2,0,0.28906744432866954,0.9122,5000,1.8360300196541681,0.8597122302158273,834,1.8517144065314588,0.8306,0.8116579118444051,0.08305996693789852,,,0.7708891895876875,,0.7709050750464335,0.22909492495356654,0.9689871408464565,0.4071044034790858,5,0.1,0.5,1.0,0.6359082647400582,0.6315729914866981,0.6296332204372419,0.6389848869010201,0.6316606563753846,0.6319496985943136,0.6303346928214502,0.6268256457398124,0.6268190663674852,0.6279101413468997,0.6269946783070937
2,1,0.2797165653009893,0.91836,5000,1.8643970577805131,0.8285371702637889,834,1.8509805971822038,0.8319,0.8171480488931248,0.08366673089991267,,,0.9004384361482227,,0.9004568043772903,0.09954319562270975,0.9698072285814093,0.40745653118102565,5,0.1,0.5,0.6359082647400582,1.0,0.6404262161999253,0.6287279113844145,0.6446406438909201,0.6369488250246752,0.6355810728431593,0.6229259205688443,0.6377844740405233,0.6363298225525862,0.6386369296969664,0.6316414215931394
2,2,0.27777773484611396,0.91676,5000,1.8641714564076177,0.8285371702637889,834,1.8511492257681899,0.831,0.8154606366860533,0.08344294884204817,,,0.8526590708512511,,0.8526730585813965,0.14732694141860347,0.9696260495512024,0.40739329489135495,5,0.1,0.5,0.6315729914866981,0.6404262161999253,1.0,0.6288061616844549,0.6382785917676489,0.6307730877326602,0.6308289540717397,0.6324782572910784,0.6286639555744289,0.6355514210370422,0.6395068158592462,0.6372747045798246
2,3,0.26974599343742345,0.91976,5000,1.8536139064364963,0.8261390887290168,834,1.8514221586739292,0.8307,0.8143946428762615,0.08323537163952788,,,0.808339579462241,,0.808352994327594,0.191647005672406,0.9693193340915965,0.4072718166168286,5,0.1,0.5,0.6296332204372419,0.6287279113844145,0.6288061616844549,1.0,0.6394396082595103,0.6361974570335945,0.6285652847588056,0.6339835017972553,0.6332868885574944,0.6318120978972821,0.637611026036304,0.6368293807688294
2,4,0.26118863182272883,0.92052,5000,1.852819394182276,0.8091236494597839,833,1.8509387931884669,0.8322,0.8201790367792926,0.08399253325753064,,,0.9699999997864914,,0.9700015059484965,0.029998494051503455,0.9698673582278727,0.4074817078466175,5,0.1,0.5,0.6389848869010201,0.6446406438909201,0.6382785917676489,0.6394396082595103,1.0,0.6427704802735866,0.6403521172225128,0.6391633597377507,0.6347125037963658,0.6346767534589176,0.6354159611607305,0.6293167736968743
2,5,0.27019337055267423,0.9206,5000,1.843452705277337,0.8307322929171669,833,1.8509929759052997,0.832,0.8159895424144668,0.0835834959317542,,,0.8826670652569358,,0.8826815922895437,0.11731840771045632,0.9697370284556536,0.4074393009205455,5,0.1,0.5,0.6316606563753846,0.6369488250246752,0.6307730877326602,0.6361974570335945,0.6427704802735866,1.0,0.6445202669857157,0.6300279055805332,0.6298903120096658,0.626656788209931,0.633667642704566,0.6354193699784898
2,6,0.269371545202081,0.91684,5000,1.8439287918585319,0.8391356542617047,833,1.8520767410723165,0.83,0.8151274531630086,0.08309300452686515,,,0.7779429947355666,,0.7779529140103408,0.22204708598965917,0.9688761305668661,0.40714092735979684,5,0.1,0.5,0.6319496985943136,0.6355810728431593,0.6308289540717397,0.6285652847588056,0.6403521172225128,0.6445202669857157,1.0,0.6364455175917821,0.6361196105992031,0.6271279983576719,0.6328714059441078,0.628707893748979
2,7,0.26866557173769046,0.91748,5000,1.8489285265957867,0.8415366146458584,833,1.8511881131333665,0.8308,0.813893188808788,0.08336661412860868,,,0.8363609628033161,,0.836378695848602,0.16362130415139797,0.969553793628027,0.40735644158015055,5,0.1,0.5,0.6303346928214502,0.6229259205688443,0.6324782572910784,0.6339835017972553,0.6391633597377507,0.6300279055805332,0.6364455175917821,1.0,0.6291559248162758,0.6302570730991327,0.6369614982317549,0.637334564612345
2,8,0.2759036176689681,0.91516,5000,1.8556381022488628,0.8463385354141657,833,1.851754563304182,0.8305,0.812466152184946,0.08306675960894655,,,0.7723394824058115,,0.7723507856031324,0.22764921439686758,0.968963501768379,0.40711223953200665,5,0.1,0.5,0.6268256457398124,0.6377844740405233,0.6286639555744289,0.6332868885574944,0.6347125037963658,0.6298903120096658,0.6361196105992031,0.6291559248162758,1.0,0.6261647687057257,0.6297326782872041,0.6344091390994885
2,9,0.2762502503880911,0.91616,5000,1.8446483744515314,0.8223289315726291,833,1.852011664987753,0.8303,0.8118784185889872,0.08296212918295977,,,0.75,,0.750002509914161,0.24999749008583905,0.9686767140957901,0.4069785763481094,5,0.1,0.5,0.6268190663674852,0.6363298225525862,0.6355514210370422,0.6318120978972821,0.6346767534589176,0.626656788209931,0.6271279983576719,0.6302570730991327,0.6261647687057257,1.0,0.6331799595389282,0.6329398180294988
2,10,0.2737347475958952,0.91828,5000,1.8531214970129508,0.8055222088835534,833,1.8510140866136398,0.8315,0.8165624920558766,0.08354819137643618,,,0.8751292435866752,,0.8751518498067367,0.12484815019326334,0.9696908574397464,0.40742994507896146,5,0.1,0.5,0.6279101413468997,0.6386369296969664,0.6395068158592462,0.637611026036304,0.6354159611607305,0.633667642704566,0.6328714059441078,0.6369614982317549,0.6297326782872041,0.6331799595389282,1.0,0.6390344855088161
2,11,0.26774203939256586,0.91768,5000,1.850002266742565,0.8355342136854742,833,1.852053475456116,0.8297,0.8147225475071672,0.08298225366751172,,,0.7542967479519879,,0.7543045027860047,0.2456954972139953,0.968538197975301,0.40700692532882626,5,0.1,0.5,0.6269946783070937,0.6316414215931394,0.6372747045798246,0.6368293807688294,0.6293167736968743,0.6354193699784898,0.628707893748979,0.637334564612345,0.6344091390994885,0.6329398180294988,0.6390344855088161,1.0
3,0,0.26262134083318317,0.92144,5000,1.6032429624486852,0.9124700239808153,834,1.6239757362646037,0.8956,0.8071105139055904,0.08308275282501397,,,0.7653017186915627,,0.7653230259525124,0.23467697404748755,0.9700335254660891,0.40414518605993827,5,0.1,0.5,1.0,0.621509510815264,0.6325931109363409,0.6119988539650704,0.632822609784051,0.6232763919743248,0.6170463907274213,0.618085429570612,0.6173020010443069,0.6237286862793628,0.6233428863718341,0.6159734056092845
3,1,0.24917653198976805,0.92612,5000,1.638665031503748,0.8896882494004796,834,1.6227017427785708,0.8967,0.8101957055842306,0.08359177580420958,,,0.8628080636411217,,0.8628231514482204,0.13717684855177958,0.9709559865548525,0.4044883691405877,5,0.1,0.5,0.621509510815264,1.0,0.6331839252424544,0.6133446075729706,0.6304148247846993,0.6242401306866773,0.6244076122234706,0.6141779381722857,0.6184697435067924,0.6337061766987445,0.6313121227826997,0.6201975137654718
3,2,0.24987418035780834,0.9248,5000,1.6391072494012338,0.8980815347721822,834,1.6229359875090967,0.8962,0.8119870455566354,0.08350607128172963,,,0.8463908583788495,,0.8464083128357011,0.15359168716429894,0.9708640649581401,0.40445775712860943,5,0.1,0.5,0.6325931109363409,0.6331839252424544,1.0,0.6202259011177234,0.6304448011769469,0.6133372729102868,0.6211930858698257,0.6264210513513122,0.6231602365189456,0.6352229005430187,0.6287684167147323,0.6188769293477722
3,3,0.2461145492857856,0.927,5000,1.6261609395345051,0.8860911270983214,834,1.6236893814592697,0.8958,0.8015888479121979,0.08300650663878706,,,0.7506963133578429,,0.7507153255358667,0.24928467446413327,0.9700720671643148,0.40405135884159255,5,0.1,0.5,0.6119988539650704,0.6133446075729706,0.6202259011177234,1.0,0.6236442196270459,0.6171965601382478,0.6150564068823552,0.6132621809751876,0.6153268905324784,0.6182280194163406,0.6170783462508594,0.6180181859482066
3,4,0.2353919400910663,0.92808,5000,1.6249086812690452,0.8991596638655462,833,1.6226115607605955,0.8968,0.8200707901186041,0.08415136152882947,,,0.9699999998084441,,0.9700015059484965,0.029998494051503455,0.971144303923765,0.40455967956997785,5,0.1,0.5,0.632822609784051,0.6304148247846993,0.6304448011769469,0.6236442196270459,1.0,0.6385034877990077,0.6341163583516156,0.6337933552679408,0.6339470556035472,0.6411671524865102,0.6334427980577649,0.6272412776868984
3,5,0.244465071545724,0.92748,5000,1.6127999711919714,0.9027611044417767,833,1.622763073101592,0.8966,0.8092863138776892,0.08350501458768195,,,0.8461884424201791,,0.8462075197028261,0.15379248029717385,0.9709090402299332,0.4044575244684622,5,0.1,0.5,0.6232763919743248,0.6242401306866773,0.6133372729102868,0.6171965601382478,0.6385034877990077,1.0,0.6246711812744233,0.6184685013459938,0.6184811381768648,0.6273544766312569,0.6300686018975661,0.6208612356261347
3,6,0.24605043818047093,0.92612,5000,1.613912582397461,0.9051620648259304,833,1.6244381833762025,0.8953,0.8057857352847719,0.08305847275602625,,,0.7606507286992112,,0.7606746649264595,0.23932533507354048,0.9700528190874881,0.4041170587300979,5,0.1,0.5,0.6170463907274213,0.6244076122234706,0.6211930858698257,0.6150564068823552,0.6341163583516156,0.6246711812744233,1.0,0.618599532539145,0.6172744804923216,0.6213699750669032,0.6180047730956681,0.612907411271804
3,7,0.2458500277956912,0.9258,5000,1.6209787174507424,0.8967587034813925,833,1.6231699580201706,0.8961,0.8057274626251754,0.08323751944162258,,,0.7949481742004333,,0.7949500527081974,0.2050499472918026,0.970570996136216,0.4042954943881156,5,0.1,0.5,0.618085429570612,0.6141779381722857,0.6264210513513122,0.6132621809751876,0.6337933552679408,0.6184685013459938,0.618599532539145,1.0,0.6194774123846339,0.6241158632336712,0.6181463049817991,0.6183800520544981
3,8,0.24554391546815538,0.92608,5000,1.6325438817342122,0.907563025210084,833,1.6240469259195054,0.8956,0.8062770584572302,0.08305821742896487,,,0.7606018192991651,,0.7606244666432408,0.2393755333567592,0.9700184540332929,0.40411689774459797,5,0.1,0.5,0.6173020010443069,0.6184697435067924,0.6231602365189456,0.6153268905324784,0.6339470556035472,0.6184811381768648,0.6172744804923216,0.6194774123846339,1.0,0.6195805193406084,0.6230047829319727,0.6235799372546648
3,9,0.24300503026290685,0.92748,5000,1.614629860277529,0.8835534213685474,833,1.6241010457943803,0.8955,0.813562740210083,0.08324274644048836,,,0.7959494365702835,,0.7959590382008935,0.20404096179910647,0.9700065865520483,0.4042997171609781,5,0.1,0.5,0.6237286862793628,0.6337061766987445,0.6352229005430187,0.6182280194163406,0.6411671524865102,0.6273544766312569,0.6213699750669032,0.6241158632336712,0.6195805193406084,1.0,0.6282159531881968,0.6280112316845502
3,10,0.24517225498618309,0.9268,5000,1.6217318640814886,0.8739495798319328,833,1.6227651259388787,0.8965,0.8114406571931684,0.0835566896682256,,,0.8560871079710907,,0.8561066211535565,0.1438933788464435,0.9709252741145189,0.4044769332519969,5,0.1,0.5,0.6233428863718341,0.6313121227826997,0.6287684167147323,0.6170783462508594,0.6334427980577649,0.6300686018975661,0.6180047730956681,0.6181463049817991,0.6230047829319727,0.6282159531881968,1.0,0.6261612861075639
3,11,0.24506873536653295,0.92496,5000,1.624439036404645,0.8967587034813925,833,1.624425741811149,0.8951,0.8062937298194226,0.08300287159842075,,,0.75,,0.750002509914161,0.24999749008583905,0.9698324565143666,0.40404546077755593,5,0.1,0.5,0.6159734056092845,0.6201975137654718,0.6188769293477722,0.6180181859482066,0.6272412776868984,0.6208612356261347,0.612907411271804,0.6183800520544981,0.6235799372546648,0.6280112316845502,0.6261612861075639,1.0
4,0,0.2378289834388597,0.92888,5000,1.3523269670980949,0.9376498800959233,834,1.3773414544023264,0.9213,0.7978861085002029,0.08311280757554186,,,0.7904926972039878,,0.7905075046433412,0.20949249535665881,0.9705673876472825,0.3994122471631614,5,0.1,0.5,1.0,0.6019102508350198,0.6062633650486527,0.6073563292334697,0.6136795045986834,0.6031742704127723,0.6052977582812866,0.6029593443075534,0.5997653974084632,0.6055435836842552,0.6133089120908044,0.5961624426310974
4,1,0.2288421948458169,0.93268,5000,1.394296575475622,0.920863309352518,834,1.3758001738843826,0.9214,0.798566479559386,0.08347484538525936,,,0.8525888068436599,,0.8526027809848903,0.14739721901510972,0.9713880261963949,0.39962297707609623,5,0.1,0.5,0.6019102508350198,1.0,0.6149040701522436,0.5975667037618619,0.6119311838088053,0.6074411174091289,0.6110160974476774,0.5958908379208397,0.5993060999641476,0.6091934029030184,0.6117976408647493,0.5985378418611407
4,2,0.2292389839297386,0.9306,5000,1.394345764760618,0.9256594724220624,834,1.3760128165967167,0.9216,0.8023031391131884,0.08354857886165994,,,0.8652354473651491,,0.8652527483560062,0.13474725164399382,0.9713716565834238,0.3996476275339004,5,0.1,0.5,0.6062633650486527,0.6149040701522436,1.0,0.6052156475114727,0.6168006294560925,0.5988385187403533,0.6065058693224049,0.6082980502640852,0.6050837102894059,0.614020490775058,0.6183149053980244,0.6015240947159326
4,3,0.22247938015112642,0.93432,5000,1.3787826432122126,0.907673860911271,834,1.3772004762777506,0.9215,0.7955592313068434,0.08298076362632037,,,0.7678447435150868,,0.7678580392550575,0.23214196074494253,0.9703263452650102,0.39929381287565646,5,0.1,0.5,0.6073563292334697,0.5975667037618619,0.6052156475114727,1.0,0.609855079855719,0.6033539248327418,0.599091520705445,0.6012133380160202,0.6029481333059659,0.6036113272767495,0.6073789427891307,0.5959206481342333
4,4,0.21680628651764933,0.93628,5000,1.3786823749542236,0.9279711884753902,833,1.3755654492698157,0.9219,0.8075075268636788,0.08415938571139576,,,0.9699999998284816,,0.9700015059484965,0.029998494051503455,0.9716895192600873,0.39972085806256835,5,0.1,0.5,0.6136795045986834,0.6119311838088053,0.6168006294560925,0.609855079855719,1.0,0.6180647409205526,0.6148222361765164,0.6156683118033888,0.6117794218977665,0.6149908958693666,0.6129600433803117,0.602263779073286
4,5,0.22626903620993447,0.93468,5000,1.3622100264937789,0.929171668667467,833,1.3758784444949117,0.9216,0.7991827363504826,0.0834387456306597,,,0.8463970383061836,,0.8464133326640229,0.15358666733597715,0.9713145862371126,0.3996084800845407,5,0.1,0.5,0.6031742704127723,0.6074411174091289,0.5988385187403533,0.6033539248327418,0.6180647409205526,1.0,0.6098163659266845,0.6014256578574307,0.6009861477584191,0.6082014893679848,0.6129379308521019,0.6015912602399358
4,6,0.2199854279847543,0.93248,5000,1.3652293063976146,0.9267707082833133,833,1.3778403216657547,0.9212,0.8002504376283336,0.08317936221067833,,,0.8019080350762596,,0.8019276140755986,0.19807238592440135,0.970546138625908,0.3994637002329965,5,0.1,0.5,0.6052977582812866,0.6110160974476774,0.6065058693224049,0.599091520705445,0.6148222361765164,0.6098163659266845,1.0,0.6088865540718568,0.6020897134573011,0.610566358465168,0.6082440275198251,0.6018514105666191
4,7,0.22993672314888922,0.9302,5000,1.3732199359823156,0.9279711884753902,833,1.3763938799452857,0.9217,0.7978993643398232,0.08321611272966141,,,0.8082114216144474,,0.8082274986195472,0.19177250138045276,0.9708983245495985,0.39948989401030677,5,0.1,0.5,0.6029593443075534,0.5958908379208397,0.6082980502640852,0.6012133380160202,0.6156683118033888,0.6014256578574307,0.6088865540718568,1.0,0.6028522236807555,0.6086962922739892,0.6078934226709592,0.6010607189621938
4,8,0.23239804256683702,0.93004,5000,1.3892933351022225,0.9267707082833133,833,1.377480784544168,0.9213,0.7957721565108381,0.08302257187388637,,,0.7750156230614156,,0.7750363937553336,0.22496360624466638,0.970489585567023,0.3993347183987942,5,0.1,0.5,0.5997653974084632,0.5993060999641476,0.6050837102894059,0.6029481333059659,0.6117794218977665,0.6009861477584191,0.6020897134573011,0.6028522236807555,1.0,0.6057982244506384,0.602830826725356,0.6018759893363597
4,9,0.22301763701905158,0.93216,5000,1.3674754566616483,0.9111644657863145,833,1.3773271329105852,0.9214,0.8017348523732786,0.08335372606119501,,,0.8318146262892823,,0.8318307313889864,0.16816926861101356,0.9709905222189948,0.39957002763967076,5,0.1,0.5,0.6055435836842552,0.6091934029030184,0.614020490775058,0.6036113272767495,0.6149908958693666,0.6082014893679848,0.610566358465168,0.6086962922739892,0.6057982244506384,1.0,0.6104064769623843,0.6005499902288974
4,10,0.22853914930894495,0.93272,5000,1.372883211683344,0.8967587034813925,833,1.3757405273449688,0.9216,0.8038518048598964,0.08363637658841663,,,0.880294364197764,,0.8803122333216205,0.11968776667837955,0.9714404964224947,0.39967122165055247,5,0.1,0.5,0.6133089120908044,0.6117976408647493,0.6183149053980244,0.6073789427891307,0.6129600433803117,0.6129379308521019,0.6082440275198251,0.6078934226709592,0.602830826725356,0.6104064769623843,1.0,0.6043743796894385
4,11,0.2258797985175328,0.93024,5000,1.379779753861604,0.9171668667466987,833,1.3780952006483231,0.9211,0.7926534673501421,0.08287672374532523,,,0.75,,0.750002509914161,0.24999749008583905,0.970206581245329,0.39917822413708687,5,0.1,0.5,0.5961624426310974,0.5985378418611407,0.6015240947159326,0.5959206481342333,0.602263779073286,0.6015912602399358,0.6018514105666191,0.6010607189621938,0.6018759893363597,0.6005499902288974,0.6043743796894385,1.0
5,0,0.2214268733373588,0.93488,5000,1.0984446163530703,0.9436450839328537,834,1.1274231337129879,0.9342,0.7870319965443064,0.08314788515760933,,,0.7778669722349468,,0.7778776165855128,0.2221223834144872,0.9694955570039726,0.39370189072872913,5,0.1,0.5,1.0,0.5902475587944254,0.585523929638185,0.5861930505277058,0.5915270010506228,0.5884727517075116,0.5863530896415529,0.5792243649990919,0.5854455079063235,0.5816013955118216,0.5860661834400067,0.5837509779572214
5,1,0.2134109321661341,0.93572,5000,1.1452841405515317,0.9280575539568345,834,1.125548526501884,0.9343,0.7891595723665245,0.08346436817710318,,,0.8370484218536071,,0.8370664123286984,0.16293358767130162,0.9700532446000961,0.39393166306876204,5,0.1,0.5,0.5902475587944254,1.0,0.5902461459032066,0.5836237888075161,0.594773566374392,0.5844264277484456,0.5882230664102167,0.5720033882497061,0.5825332675183879,0.5874604927180244,0.5985793540589134,0.5905528991191011
5,2,0.21244963359230074,0.93608,5000,1.1455714371469286,0.934052757793765,834,1.1258660360647086,0.9343,0.785305045657039,0.08337814849982289,,,0.8209255805862902,,0.8209477435871693,0.17905225641283073,0.9699611179611786,0.3938841046368133,5,0.1,0.5,0.585523929638185,0.5902461459032066,1.0,0.5803217545375075,0.5886041135451188,0.5716313716250244,0.5798527817050099,0.5783931469438846,0.5839722411131198,0.5917878074592859,0.5908132575926022,0.5847516371216513
5,3,0.21067347131835618,0.939,5000,1.1290597606588293,0.9256594724220624,834,1.1275308054095259,0.9342,0.7853000069255183,0.08299886171235925,,,0.75,,0.750002509914161,0.24999749008583905,0.9691656645652753,0.3935271745099242,5,0.1,0.5,0.5861930505277058,0.5836237888075161,0.5803217545375075,1.0,0.5862710547292638,0.5843942577410384,0.5753863970410589,0.5832144890102092,0.5886772662492773,0.5850764571189774,0.5897827509711634,0.585816127713529
5,4,0.19753406954347896,0.9406,5000,1.1294517075573955,0.9375750300120048,833,1.1251636791153077,0.9344,0.7963860147987837,0.0841753496942878,,,0.9699999998130027,,0.9700015059484965,0.029998494051503455,0.9705070203580157,0.39406395388581883,5,0.1,0.5,0.5915270010506228,0.594773566374392,0.5886041135451188,0.5862710547292638,1.0,0.593955283458527,0.5948035880802862,0.5889388721671932,0.5985661470609832,0.6025566504247682,0.5987917068176827,0.5889871764095674
5,5,0.2047105264037278,0.94024,5000,1.1098175203358684,0.9495798319327731,833,1.125681879802253,0.9342,0.7879564631567769,0.08339798817116664,,,0.8246355442739435,,0.8246473570603885,0.1753526429396115,0.9699741069855129,0.3938962704559461,5,0.1,0.5,0.5884727517075116,0.5844264277484456,0.5716313716250244,0.5843942577410384,0.593955283458527,1.0,0.5882521060360911,0.5823003718805058,0.5813336078995766,0.5894593306002944,0.5995582708115867,0.5877330437967059
5,6,0.2020185142980924,0.93992,5000,1.1136356459723578,0.9423769507803121,833,1.1279534893675733,0.9339,0.7849727584790558,0.08311995923723921,,,0.7726449023365919,,0.7726569951307666,0.22734300486923342,0.9695155971841587,0.39367337945202124,5,0.1,0.5,0.5863530896415529,0.5882230664102167,0.5798527817050099,0.5753863970410589,0.5948035880802862,0.5882521060360911,1.0,0.5785460209859444,0.5883409207591729,0.5828889506379187,0.5795479146208375,0.5823710975162334
5,7,0.20826356630033818,0.93652,5000,1.122641506018462,0.936374549819928,833,1.126641548670138,0.9343,0.7818640861858432,0.08303525685162386,,,0.7568057904155405,,0.7568244566035841,0.2431755433964159,0.9693718651180904,0.3935750949798862,5,0.1,0.5,0.5792243649990919,0.5720033882497061,0.5783931469438846,0.5832144890102092,0.5889388721671932,0.5823003718805058,0.5785460209859444,1.0,0.5832231380613346,0.5822678582422512,0.5853308064171434,0.5816042343388601
5,8,0.21099637122409548,0.93748,5000,1.1413752767774794,0.9423769507803121,833,1.1275633390719138,0.9341,0.7878639277987847,0.08311687227291427,,,0.7720676485428081,,0.7720847347020732,0.22791526529792683,0.9693389870865586,0.39367027991982095,5,0.1,0.5,0.5854455079063235,0.5825332675183879,0.5839722411131198,0.5886772662492773,0.5985661470609832,0.5813336078995766,0.5883409207591729,0.5832231380613346,1.0,0.583284023696864,0.5844228369657742,0.592955944539887
5,9,0.20982362849009076,0.93636,5000,1.116983312147635,0.9279711884753902,833,1.127132834337009,0.9341,0.7900718606241609,0.08341555917463689,,,0.8279212733417676,,0.8279353446112143,0.17206465538878568,0.9699696514208968,0.39390575357075563,5,0.1,0.5,0.5816013955118216,0.5874604927180244,0.5917878074592859,0.5850764571189774,0.6025566504247682,0.5894593306002944,0.5828889506379187,0.5822678582422512,0.583284023696864,1.0,0.5910218071312712,0.594444736367397
5,10,0.21453830205129495,0.93928,5000,1.1234499878353543,0.907563025210084,833,1.1254071619944832,0.9342,0.7926018065574901,0.08369317754071803,,,0.8798351402270198,,0.8798453892876864,0.12015461071231359,0.9703078270618122,0.3940145036741423,5,0.1,0.5,0.5860661834400067,0.5985793540589134,0.5908132575926022,0.5897827509711634,0.5987917068176827,0.5995582708115867,0.5795479146208375,0.5853308064171434,0.5844228369657742,0.5910218071312712,1.0,0.5904952162107899
5,11,0.20902039935681851,0.93592,5000,1.1314287759639599,0.9315726290516206,833,1.128291105119565,0.9339,0.7889190942726964,0.08305657351051861,,,0.7607919466915882,,0.7608102002911501,0.2391897997088499,0.969126111806728,0.3936010002635602,5,0.1,0.5,0.5837509779572214,0.5905528991191011,0.5847516371216513,0.585816127713529,0.5889871764095674,0.5877330437967059,0.5823710975162334,0.5816042343388601,0.592955944539887,0.594444736367397,0.5904952162107899,1.0
6,0,0.20505866349502733,0.93784,5000,0.8629620693348072,0.9532374100719424,834,0.8941841032177495,0.9417,0.7725023267047331,0.08321414475925945,,,0.8044856300818254,,0.8044977661763968,0.1955022338236032,0.9674427925188628,0.385935372486492,5,0.1,0.5,1.0,0.558430726565108,0.5562496819437037,0.5575276846859536,0.5694648389305398,0.554958533169583,0.5540774876411662,0.5601166670582123,0.5604033244930748,0.5606991337528906,0.5662535505216726,0.5624608634272892
6,1,0.19982240253252684,0.94196,5000,0.9119153000690319,0.9316546762589928,834,0.8923790814777532,0.9423,0.7687490424503813,0.0832940895375584,,,0.8178868210613638,,0.8179007077957934,0.18209929220420662,0.9678298508256301,0.3859828841913197,5,0.1,0.5,0.558430726565108,1.0,0.5664082158928724,0.5476217473666046,0.5633813098669191,0.5496046191441104,0.5515298139306026,0.5491793066825991,0.5551828354500411,0.5577810845177741,0.5611157952005844,0.5639345714769571
6,2,0.19500017833486674,0.94064,5000,0.9135090929490549,0.9424460431654677,834,0.8925785408995022,0.9423,0.7742983222575553,0.08343244674346643,,,0.8410797222016395,,0.841102354299483,0.158897645700517,0.9678783204078151,0.38604953043064616,5,0.1,0.5,0.5562496819437037,0.5664082158928724,1.0,0.5559362331467168,0.5670071459723669,0.5426003304149858,0.5512440902090535,0.5674663766831852,0.5638848474446326,0.5736487559024079,0.5704759970383365,0.5611486854525062
6,3,0.19730483438273905,0.94224,5000,0.895661508595502,0.9364508393285371,834,0.8946145462532775,0.9417,0.7661456559341752,0.08288911084070542,,,0.75,,0.750002509914161,0.24999749008583905,0.9669355654628201,0.3856401085916807,5,0.1,0.5,0.5575276846859536,0.5476217473666046,0.5559362331467168,1.0,0.5591975311199424,0.5511116517662454,0.548409158485269,0.5514755534263456,0.5533607396473527,0.5622028900922084,0.556554683099297,0.5592100200998611
6,4,0.1863197272518875,0.9446,5000,0.8967225308771487,0.9423769507803121,833,0.8915925321106712,0.9423,0.780891809687354,0.08420152040484209,,,0.9699999998323694,,0.9700015059484965,0.029998494051503455,0.9684208825736533,0.3861789139339323,5,0.1,0.5,0.5694648389305398,0.5633813098669191,0.5670071459723669,0.5591975311199424,1.0,0.5666739398509478,0.5598260226816203,0.5715231538127528,0.5659547733216206,0.5702795511893661,0.5735669804684752,0.5662407830926558
6,5,0.19353624416254223,0.9424,5000,0.8753262427118089,0.957983193277311,833,0.8925685754980142,0.9422,0.7653270921045381,0.0831284201873595,,,0.7901155688456245,,0.7901360373475227,0.2098639626524773,0.9676044931395728,0.38587407713464933,5,0.1,0.5,0.554958533169583,0.5496046191441104,0.5426003304149858,0.5511116517662454,0.5666739398509478,1.0,0.5515270069304793,0.5493363922688342,0.5484789285005293,0.5567576595256958,0.5663295537600668,0.5553534457859929
6,6,0.18805396628927937,0.94324,5000,0.8792805561312923,0.9495798319327731,833,0.8948793264623648,0.9418,0.7666417421793221,0.0829880538765958,,,0.7665858802572934,,0.7666030821745896,0.2333969178254104,0.9672200871460275,0.38574991807351044,5,0.1,0.5,0.5540774876411662,0.5515298139306026,0.5512440902090535,0.548409158485269,0.5598260226816203,0.5515270069304793,1.0,0.5613542285715032,0.5608491142438673,0.5594951462023804,0.5539904317345663,0.5542812414675893
6,7,0.19789859043896957,0.94076,5000,0.8886804404082121,0.9447779111644657,833,0.8934810767158533,0.942,0.7725832334050651,0.08314130556845746,,,0.792275552982327,,0.7922895436976055,0.20771045630239449,0.9671625247243288,0.3858836282304072,5,0.1,0.5,0.5601166670582123,0.5491793066825991,0.5674663766831852,0.5514755534263456,0.5715231538127528,0.5493363922688342,0.5613542285715032,1.0,0.5597717316481565,0.5600427230793634,0.5682267613014874,0.5634742267943871
6,8,0.19580680070338166,0.9398,5000,0.9089937011400858,0.9483793517406963,833,0.8943479219183754,0.9416,0.7718779955409032,0.08317121394035255,,,0.7972891112431855,,0.7972993323628332,0.20270066763716676,0.9673451056256496,0.38590564713868386,5,0.1,0.5,0.5604033244930748,0.5551828354500411,0.5638848474446326,0.5533607396473527,0.5659547733216206,0.5484789285005293,0.5608491142438673,0.5597717316481565,1.0,0.5602620564425078,0.5616168629261454,0.5653251982097114
6,9,0.19219219655652714,0.94296,5000,0.8847619692484537,0.9375750300120048,833,0.8937265956744599,0.9418,0.7758339301586399,0.08351191457577616,,,0.8544009624398712,,0.8544149390090859,0.14558506099091406,0.9679122474059746,0.3860793004214179,5,0.1,0.5,0.5606991337528906,0.5577810845177741,0.5736487559024079,0.5622028900922084,0.5702795511893661,0.5567576595256958,0.5594951462023804,0.5600427230793634,0.5602620564425078,1.0,0.5654828478629768,0.5634786481798526
6,10,0.19348182293177127,0.94128,5000,0.8918474151028527,0.9183673469387755,833,0.8918958738589058,0.9423,0.7783934206132197,0.08378905446718962,,,0.9008580881196991,,0.9008784699563275,0.09912153004367252,0.968220939791876,0.38614892766189474,5,0.1,0.5,0.5662535505216726,0.5611157952005844,0.5704759970383365,0.556554683099297,0.5735669804684752,0.5663295537600668,0.5539904317345663,0.5682267613014874,0.5616168629261454,0.5654828478629768,1.0,0.5687734376797323
6,11,0.1925384912248345,0.94236,5000,0.899305643858733,0.9399759903961584,833,0.8949870297703119,0.9414,0.774932089369703,0.08323872509843709,,,0.8086060470330062,,0.808624065056975,0.19137593494302496,0.9672670017156645,0.38595140246399623,5,0.1,0.5,0.5624608634272892,0.5639345714769571,0.5611486854525062,0.5592100200998611,0.5662407830926558,0.5553534457859929,0.5542812414675893,0.5634742267943871,0.5653251982097114,0.5634786481798526,0.5687734376797323,1.0
7,0,0.19235245782976887,0.94148,5000,0.6602851947148641,0.9568345323741008,834,0.6928133273277038,0.9482,0.7579792857163774,0.08334006113380876,,,0.8474459066998448,,0.8474574569549721,0.1525425430450279,0.964845942672231,0.37765707740549825,5,0.1,0.5,1.0,0.5284577241407575,0.540825231352698,0.5256778604500498,0.5428114036921309,0.5425476827911,0.5366762834283709,0.528030786799942,0.5378963038540682,0.532069392469136,0.5298797136721408,0.5279073361225362
