round,client_id,client_i_training_loss,client_i_training_accuracy,client_i_training_dataset_size,client_i_evaluation_loss,client_i_evaluation_accuracy,client_i_evaluation_dataset_size,client_i_central_evaluation_loss,client_i_central_evaluation_accuracy,client_i_cosine_similarity,client_i_importance_coefficient,client_i_tanh_val,tanh_normalization_value,client_i_q,client_i_mask_order,client_i_v_nonzero_fraction,client_i_v_sparsity,client_i_v_cosine_similarity,client_i_reward_gradient_norm,local_epochs,learning_rate,gamma,client_0_cosine_similarity,client_1_cosine_similarity,client_2_cosine_similarity,client_3_cosine_similarity,client_4_cosine_similarity,client_5_cosine_similarity,client_6_cosine_similarity,client_7_cosine_similarity,client_8_cosine_similarity,client_9_cosine_similarity,client_10_cosine_similarity,client_11_cosine_similarity
0,0,2.221769066221395,0.31308,5000,2.266042214852792,0.26498800959232616,834,2.2605430104862005,0.287,0.996818243350283,0.08341698806681544,,,0.98,,0.9800166246218381,0.01998337537816186,0,0.09958185197785552,5,0.001,0.1,1.0,0.9928966105444568,0.9858609960124601,0.9931668011055207,0.9911571703133211,0.9935241422943878,0.990720984476486,0.9937426676779063,0.9944750258274128,0.9952050099472177,0.9858239350518923,0.9952282370159238
0,1,2.221479325993046,0.29796,5000,2.2538529855233653,0.3213429256594724,834,2.2605430104862005,0.287,0.9973800660536316,0.08346400321531772,,,0.98,,0.9800166246218381,0.01998337537816186,0,0.09958185197785552,5,0.001,0.1,0.9928966105444568,1.0,0.9890588993742958,0.9905450254239827,0.9896042548026849,0.9890214221272802,0.9922989732977427,0.9947428842879396,0.9957584424186483,0.9956362727850865,0.9943586393906265,0.9945938384950019
0,2,2.2191801563190046,0.29764,5000,2.256070931752523,0.28896882494004794,834,2.2605430104862005,0.287,0.99257376097052,0.08306179599605988,,,0.98,,0.9800166246218381,0.01998337537816186,0,0.09958185197785552,5,0.001,0.1,0.9858609960124601,0.9890588993742958,1.0,0.9838970323406261,0.9881202649031909,0.9844318466186786,0.9937806767028292,0.9878243659948656,0.9874426941047724,0.9862280790831968,0.9874497270866376,0.9869861845553285
0,3,2.220695081637923,0.33956,5000,2.262313622015494,0.27218225419664266,834,2.2605430104862005,0.287,0.9947564477839976,0.08324445031753529,,,0.98,,0.9800166246218381,0.01998337537816186,0,0.09958185197785552,5,0.001,0.1,0.9931668011055207,0.9905450254239827,0.9838970323406261,1.0,0.9911261276884255,0.9849553313916276,0.9861190337390162,0.9927910588821531,0.9929524106367938,0.9910652943791739,0.9884981246921601,0.9920472481581145
0,4,2.2201930541141777,0.28536,5000,2.2645990407025374,0.2845138055222089,833,2.2605430104862005,0.287,0.9956338827711456,0.08331787692699053,,,0.98,,0.9800166246218381,0.01998337537816186,0,0.09958185197785552,5,0.001,0.1,0.9911571703133211,0.9896042548026849,0.9881202649031909,0.9911261276884255,1.0,0.9903243338774769,0.9924946354365709,0.991262919565305,0.9921136184071746,0.9913065621038334,0.9871831258427117,0.992955666723231
0,5,2.218039913541952,0.29808,5000,2.264352639516195,0.290516206482593,833,2.2605430104862005,0.287,0.9937570063607997,0.08316081381325927,,,0.98,,0.9800166246218381,0.01998337537816186,0,0.09958185197785552,5,0.001,0.1,0.9935241422943878,0.9890214221272802,0.9844318466186786,0.9849553313916276,0.9903243338774769,1.0,0.9908793244032666,0.9902462978724084,0.9892918766739883,0.992215065470841,0.9794661342470953,0.9908645647971206
0,6,2.221063832568515,0.29616,5000,2.2597895904823586,0.29531812725090034,833,2.2605430104862005,0.287,0.9959627366516537,0.08334539648776208,,,0.98,,0.9800166246218381,0.01998337537816186,0,0.09958185197785552,5,0.001,0.1,0.990720984476486,0.9922989732977427,0.9937806767028292,0.9861190337390162,0.9924946354365709,0.9908793244032666,1.0,0.9911827581075047,0.9919257613383677,0.9904585428552019,0.9901260215463125,0.9915917140834279
0,7,2.2208011627197264,0.3174,5000,2.2529944402200206,0.2917166866746699,833,2.2605430104862005,0.287,0.9970828078303489,0.08343912768175907,,,0.98,,0.9800166246218381,0.01998337537816186,0,0.09958185197785552,5,0.001,0.1,0.9937426676779063,0.9947428842879396,0.9878243659948656,0.9927910588821531,0.991262919565305,0.9902462978724084,0.9911827581075047,1.0,0.9939223975542594,0.993449631634411,0.9914412573148733,0.9943568410213449
0,8,2.222704717308093,0.3084,5000,2.2608967887030706,0.2737094837935174,833,2.2605430104862005,0.287,0.997434241020631,0.08346853675250551,,,0.98,,0.9800166246218381,0.01998337537816186,0,0.09958185197785552,5,0.001,0.1,0.9944750258274128,0.9957584424186483,0.9874426941047724,0.9929524106367938,0.9921136184071746,0.9892918766739883,0.9919257613383677,0.9939223975542594,1.0,0.9944285294805293,0.9919089633304946,0.9949429230363751
0,9,2.219989088690205,0.30332,5000,2.258213405255918,0.29891956782713086,833,2.2605430104862005,0.287,0.9970124586332032,0.083433240632462,,,0.98,,0.9800166246218381,0.01998337537816186,0,0.09958185197785552,5,0.001,0.1,0.9952050099472177,0.9956362727850865,0.9862280790831968,0.9910652943791739,0.9913065621038334,0.992215065470841,0.9904585428552019,0.993449631634411,0.9944285294805293,1.0,0.9892982086353364,0.9948312222529982
0,10,2.2212008606856037,0.3178,5000,2.258067395952013,0.3025210084033613,833,2.2605430104862005,0.287,0.993913003584349,0.08317386816757319,,,0.98,,0.9800166246218381,0.01998337537816186,0,0.09958185197785552,5,0.001,0.1,0.9858239350518923,0.9943586393906265,0.9874497270866376,0.9884981246921601,0.9871831258427117,0.9794661342470953,0.9901260215463125,0.9914412573148733,0.9919089633304946,0.9892982086353364,1.0,0.9915303431150546
0,11,2.2219715501092803,0.298,5000,2.2596216378388583,0.25930372148859543,833,2.2605430104862005,0.287,0.9974983540850232,0.08347390194196007,,,0.98,,0.9800166246218381,0.01998337537816186,0,0.09958185197785552,5,0.001,0.1,0.9952282370159238,0.9945938384950019,0.9869861845553285,0.9920472481581145,0.992955666723231,0.9908645647971206,0.9915917140834279,0.9943568410213449,0.9949429230363751,0.9948312222529982,0.9915303431150546,1.0
1,0,2.1025641866550324,0.379,5000,2.2174368699391684,0.3345323741007194,834,2.2092956407382465,0.3648,0.9982863792467191,0.08338811154593671,,,0.98,,0.9800166246218381,0.01998337537816186,0.9554899186928596,0.0998178240117704,5,0.001,0.1,1.0,0.9959927297602332,0.9957455356558375,0.9967120265582404,0.9959706406954691,0.9964613323082872,0.9963060309747426,0.9963861675375811,0.996565794343818,0.9973258202683071,0.9927422444397552,0.9974062010325914
1,1,2.1016979323830576,0.375,5000,2.199569198820326,0.39448441247002397,834,2.2092956407382465,0.3648,0.9987304190087319,0.08343128157791126,,,0.98,,0.9800166246218381,0.01998337537816186,0.9554899186928596,0.0998178240117704,5,0.001,0.1,0.9959927297602332,1.0,0.9976052681461027,0.995448974755566,0.9954225695841521,0.994117073299208,0.9970567974355228,0.9978170407272502,0.9973433396856954,0.9978172016797728,0.9973759607757606,0.9969397203291601
1,2,2.098213449405257,0.38928,5000,2.2051872235757335,0.37170263788968827,834,2.2092956407382465,0.3648,0.9983774992877484,0.08317320103602878,,,0.98,,0.9800166246218381,0.01998337537816186,0.9554899186928596,0.0998178240117704,5,0.001,0.1,0.9957455356558375,0.9976052681461027,1.0,0.995154909900735,0.9958458454772152,0.9937276997497332,0.9983241493198844,0.9962597192482144,0.9966923940203939,0.9965239731448859,0.9967485964544324,0.9960966444597674
1,3,2.0975890934087666,0.40948,5000,2.210504417066221,0.36211031175059955,834,2.2092956407382465,0.3648,0.9976468401522989,0.08326164315618222,,,0.98,,0.9800166246218381,0.01998337537816186,0.9554899186928596,0.0998178240117704,5,0.001,0.1,0.9967120265582404,0.995448974755566,0.995154909900735,1.0,0.99609970820576,0.993713808000751,0.9946239990431494,0.9968698054540062,0.9965225064304066,0.9954004876994539,0.9937102438153763,0.9957043580702287
1,4,2.0991888714444107,0.38344,5000,2.2127399974399142,0.34213685474189676,833,2.2092956407382465,0.3648,0.9981326840608241,0.08332236174940158,,,0.98,,0.9800166246218381,0.01998337537816186,0.9554899186928596,0.0998178240117704,5,0.001,0.1,0.9959706406954691,0.9954225695841521,0.9958458454772152,0.99609970820576,1.0,0.9960796508469884,0.9964673626956364,0.9959865132292095,0.9967174023986675,0.9960757940859292,0.9940371156233107,0.9970802708567773
1,5,2.097162384743903,0.37228,5000,2.213378243976169,0.3745498199279712,833,2.2092956407382465,0.3648,0.9968304310467507,0.08318399155519786,,,0.98,,0.9800166246218381,0.01998337537816186,0.9554899186928596,0.0998178240117704,5,0.001,0.1,0.9964613323082872,0.994117073299208,0.9937276997497332,0.993713808000751,0.9960796508469884,1.0,0.9953623647872863,0.9946562200576959,0.9943067706945415,0.9961615300382183,0.9899149073105001,0.9956825509703303
1,6,2.102308516593496,0.38272,5000,2.210555359169289,0.382953181272509,833,2.2092956407382465,0.3648,0.9984567307808184,0.08334970096962196,,,0.98,,0.9800166246218381,0.01998337537816186,0.9554899186928596,0.0998178240117704,5,0.001,0.1,0.9963060309747426,0.9970567974355228,0.9983241493198844,0.9946239990431494,0.9964673626956364,0.9953623647872863,1.0,0.9957852045049421,0.9965796244579302,0.9968312144048594,0.9958723284814737,0.9964603605940302
1,7,2.0977350072496255,0.39268,5000,2.1992358101738825,0.382953181272509,833,2.2092956407382465,0.3648,0.9985858366001481,0.0834113572889545,,,0.98,,0.9800166246218381,0.01998337537816186,0.9554899186928596,0.0998178240117704,5,0.001,0.1,0.9963861675375811,0.9978170407272502,0.9962597192482144,0.9968698054540062,0.9959865132292095,0.9946562200576959,0.9957852045049421,1.0,0.9967442288124725,0.9976593284582781,0.9960971583103511,0.9969409635947705
1,8,2.1048655596508343,0.38796,5000,2.211634644755611,0.35414165666266506,833,2.2092956407382465,0.3648,0.9985756710672955,0.08342906676707919,,,0.98,,0.9800166246218381,0.01998337537816186,0.9554899186928596,0.0998178240117704,5,0.001,0.1,0.996565794343818,0.9973433396856954,0.9966923940203939,0.9965225064304066,0.9967174023986675,0.9943067706945415,0.9965796244579302,0.9967442288124725,1.0,0.9970885575138371,0.9957255088901239,0.9967944289537676
1,9,2.0996985745278134,0.37392,5000,2.2070630303135625,0.37695078031212487,833,2.2092956407382465,0.3648,0.9988116181492631,0.08341503496578823,,,0.98,,0.9800166246218381,0.01998337537816186,0.9554899186928596,0.0998178240117704,5,0.001,0.1,0.9973258202683071,0.9978172016797728,0.9965239731448859,0.9954004876994539,0.9960757940859292,0.9961615300382183,0.9968312144048594,0.9976593284582781,0.9970885575138371,1.0,0.9953576161963991,0.997663577491186
1,10,2.1011309421745836,0.40304,5000,2.2077803258542663,0.3625450180072029,833,2.2092956407382465,0.3648,0.9970547743035425,0.0831992402398054,,,0.98,,0.9800166246218381,0.01998337537816186,0.9554899186928596,0.0998178240117704,5,0.001,0.1,0.9927422444397552,0.9973759607757606,0.9967485964544324,0.9937102438153763,0.9940371156233107,0.9899149073105001,0.9958723284814737,0.9960971583103511,0.9957255088901239,0.9953576161963991,1.0,0.9952933652751393
1,11,2.1042525399262737,0.36416,5000,2.2077928913964167,0.3385354141656663,833,2.2092956407382465,0.3648,0.9986578164184252,0.08343500914809211,,,0.98,,0.9800166246218381,0.01998337537816186,0.9554899186928596,0.0998178240117704,5,0.001,0.1,0.9974062010325914,0.9969397203291601,0.9960966444597674,0.9957043580702287,0.9970802708567773,0.9956825509703303,0.9964603605940302,0.9969409635947705,0.9967944289537676,0.997663577491186,0.9952933652751393,1.0
2,0,1.9394793999422888,0.43696,5000,2.156282310132627,0.36930455635491605,834,2.1455068542553595,0.4015,0.9988704135672197,0.08336899453905039,,,0.98,,0.9800166246218381,0.01998337537816186,0.9845839326445922,0.09988065102153705,5,0.001,0.1,1.0,0.997342856629474,0.9970752015376053,0.9977547091961402,0.9975691236859335,0.9975691553509227,0.9973787185674192,0.9976868546275058,0.9976198251772463,0.9981374606227897,0.9957123148129615,0.9982866126947164
2,1,1.9376119039620563,0.4332,5000,2.1322182990886547,0.4244604316546763,834,2.1455068542553595,0.4015,0.9991065113435954,0.08340308540197303,,,0.98,,0.9800166246218381,0.01998337537816186,0.9845839326445922,0.09988065102153705,5,0.001,0.1,0.997342856629474,1.0,0.9982672818607562,0.9972327340938456,0.9971213752291203,0.9961239274305812,0.9979077988929164,0.9983891024586462,0.9979020501817737,0.9985115540462268,0.9982487984507551,0.9979160431408879
2,2,1.9342067589425738,0.44748,5000,2.141868202774613,0.41247002398081534,834,2.1455068542553595,0.4015,0.998906381300561,0.08323837508303529,,,0.98,,0.9800166246218381,0.01998337537816186,0.9845839326445922,0.09988065102153705,5,0.001,0.1,0.9970752015376053,0.9982672818607562,1.0,0.9970199775658501,0.9974478424366467,0.9959952283479186,0.9986548304342353,0.9976288235550845,0.9974791675320636,0.9979025384485002,0.9977336551387829,0.9973669420106475
2,3,1.926419009676405,0.46816,5000,2.1461180316077337,0.41007194244604317,834,2.1455068542553595,0.4015,0.9985983225030323,0.08328266462989857,,,0.98,,0.9800166246218381,0.01998337537816186,0.9845839326445922,0.09988065102153705,5,0.001,0.1,0.9977547091961402,0.9972327340938456,0.9970199775658501,1.0,0.9977171273018413,0.9963248213280215,0.9966323677826309,0.9978053702157478,0.9976783624428132,0.997330843968465,0.9961023137229689,0.9972768480928853
2,4,1.9341680903343639,0.4394,5000,2.148439477991175,0.3865546218487395,833,2.1455068542553595,0.4015,0.9988734703913644,0.08332877629859459,,,0.98,,0.9800166246218381,0.01998337537816186,0.9845839326445922,0.09988065102153705,5,0.001,0.1,0.9975691236859335,0.9971213752291203,0.9974478424366467,0.9977171273018413,1.0,0.9975208288575863,0.9976604903341731,0.9975680604566793,0.9977292749296326,0.9976706152776498,0.9963898082127353,0.9977797965446662
2,5,1.9322339932630017,0.43032,5000,2.149672199178625,0.39735894357743096,833,2.1455068542553595,0.4015,0.9979867167958975,0.0832153113721216,,,0.98,,0.9800166246218381,0.01998337537816186,0.9845839326445922,0.09988065102153705,5,0.001,0.1,0.9975691553509227,0.9961239274305812,0.9959952283479186,0.9963248213280215,0.9975208288575863,1.0,0.9966914026219315,0.9968602767646046,0.9961374936362503,0.9973221751791379,0.9940124170883734,0.9969897347665807
2,6,1.9388183977953188,0.4462,5000,2.149461207566438,0.41656662665066024,833,2.1455068542553595,0.4015,0.9989020620150848,0.08334646307855793,,,0.98,,0.9800166246218381,0.01998337537816186,0.9845839326445922,0.09988065102153705,5,0.001,0.1,0.9973787185674192,0.9979077988929164,0.9986548304342353,0.9966323677826309,0.9976604903341731,0.9966914026219315,1.0,0.9973743688504946,0.9974387126242027,0.9979044547952589,0.9974755043145395,0.9973992146216089
2,7,1.929040906687451,0.44772,5000,2.1328695526829473,0.42857142857142855,833,2.1455068542553595,0.4015,0.9990788271943106,0.08338997464530014,,,0.98,,0.9800166246218381,0.01998337537816186,0.9845839326445922,0.09988065102153705,5,0.001,0.1,0.9976868546275058,0.9983891024586462,0.9976288235550845,0.9978053702157478,0.9975680604566793,0.9968602767646046,0.9973743688504946,1.0,0.9975877046147847,0.9985516663607157,0.997297023986805,0.9978821969051797
2,8,1.940439388858285,0.44156,5000,2.149891491289492,0.39135654261704683,833,2.1455068542553595,0.4015,0.9988403809253181,0.08339313848848826,,,0.98,,0.9800166246218381,0.01998337537816186,0.9845839326445922,0.09988065102153705,5,0.001,0.1,0.9976198251772463,0.9979020501817737,0.9974791675320636,0.9976783624428132,0.9977292749296326,0.9961374936362503,0.9974387126242027,0.9975877046147847,1.0,0.997767848149748,0.9969258849644036,0.9975062347631704
2,9,1.933755635607774,0.42832,5000,2.142863812269988,0.4141656662665066,833,2.1455068542553595,0.4015,0.9992798741377458,0.08339871813102857,,,0.98,,0.9800166246218381,0.01998337537816186,0.9845839326445922,0.09988065102153705,5,0.001,0.1,0.9981374606227897,0.9985115540462268,0.9979025384485002,0.997330843968465,0.9976706152776498,0.9973221751791379,0.9979044547952589,0.9985516663607157,0.997767848149748,1.0,0.9975008821344759,0.998440884248751
2,10,1.9356146217151813,0.4596,5000,2.144776776984886,0.3997599039615846,833,2.1455068542553595,0.4015,0.9982214904115794,0.08323223850476344,,,0.98,,0.9800166246218381,0.01998337537816186,0.9845839326445922,0.09988065102153705,5,0.001,0.1,0.9957123148129615,0.9982487984507551,0.9977336551387829,0.9961023137229689,0.9963898082127353,0.9940124170883734,0.9974755043145395,0.997297023986805,0.9969258849644036,0.9975008821344759,1.0,0.996961797697232
2,11,1.9421921004155638,0.4206,5000,2.143152281090065,0.3673469387755102,833,2.1455068542553595,0.4015,0.9990101065185596,0.08340225982718838,,,0.98,,0.9800166246218381,0.01998337537816186,0.9845839326445922,0.09988065102153705,5,0.001,0.1,0.9982866126947164,0.9979160431408879,0.9973669420106475,0.9972768480928853,0.9977797965446662,0.9969897347665807,0.9973992146216089,0.9978821969051797,0.9975062347631704,0.998440884248751,0.996961797697232,1.0
3,0,1.762334628469625,0.49964,5000,2.0811198817359076,0.43285371702637887,834,2.0673699584631873,0.4551,0.9990520170316275,0.08335849885610049,,,0.98,,0.9800166246218381,0.01998337537816186,0.9925902988472824,0.09989499329259686,5,0.001,0.1,1.0,0.9974422466607109,0.9975026905923811,0.9982875084894819,0.9978689342417061,0.9977026530979526,0.9979873284935102,0.9980128436187833,0.9978135255747442,0.9982983350117408,0.9967168494980817,0.9983992330382833
3,1,1.7622478085718336,0.48992,5000,2.05019094325878,0.5023980815347722,834,2.0673699584631873,0.4551,0.9990268716398217,0.08337859028229846,,,0.98,,0.9800166246218381,0.01998337537816186,0.9925902988472824,0.09989499329259686,5,0.001,0.1,0.9974422466607109,1.0,0.9984062452161133,0.9975583966153677,0.9974902494832314,0.9962899059537182,0.9981509826151678,0.9983058069174003,0.9981524462606116,0.9980404228756043,0.9982909014121621,0.9976029371751893
3,2,1.760068838459671,0.50108,5000,2.0643923194320113,0.44244604316546765,834,2.0673699584631873,0.4551,0.9989486167309196,0.08327507236019036,,,0.98,,0.9800166246218381,0.01998337537816186,0.9925902988472824,0.09989499329259686,5,0.001,0.1,0.9975026905923811,0.9984062452161133,1.0,0.9973790750208977,0.9977607343371127,0.9964124329728901,0.998619928242209,0.9979266042373063,0.9977118727108786,0.997931811050373,0.9978516667964554,0.997292919310449
3,3,1.7446075764431315,0.51884,5000,2.0671199692620172,0.47002398081534774,834,2.0673699584631873,0.4551,0.9989290918424049,0.08330159851522133,,,0.98,,0.9800166246218381,0.01998337537816186,0.9925902988472824,0.09989499329259686,5,0.001,0.1,0.9982875084894819,0.9975583966153677,0.9973790750208977,1.0,0.997984183715526,0.997322446712415,0.9975613179745139,0.9980372514330644,0.9980841027587796,0.9978288435651634,0.9968452386999207,0.9976722158694328
3,4,1.7559262751014368,0.49108,5000,2.069840775595771,0.4417767106842737,833,2.0673699584631873,0.4551,0.9990432364306635,0.08333355558110168,,,0.98,,0.9800166246218381,0.01998337537816186,0.9925902988472824,0.09989499329259686,5,0.001,0.1,0.9978689342417061,0.9974902494832314,0.9977607343371127,0.997984183715526,1.0,0.9979832886669531,0.998071683167322,0.9979860446400272,0.9980378428221713,0.9978306085303873,0.9969783133944452,0.9979374138581416
3,5,1.7561542615769015,0.48396,5000,2.071434400699757,0.45018007202881155,833,2.0673699584631873,0.4551,0.998304940523956,0.08324015859484031,,,0.98,,0.9800166246218381,0.01998337537816186,0.9925902988472824,0.09989499329259686,5,0.001,0.1,0.9977026530979526,0.9962899059537182,0.9964124329728901,0.997322446712415,0.9979832886669531,1.0,0.9971517536760004,0.9974516076625014,0.9968255781095146,0.9975034675066753,0.9953202261761259,0.9971178731943267
3,6,1.7651172391927925,0.50028,5000,2.0744778226923057,0.45858343337334934,833,2.0673699584631873,0.4551,0.9991514441236373,0.0833478922648039,,,0.98,,0.9800166246218381,0.01998337537816186,0.9925902988472824,0.09989499329259686,5,0.001,0.1,0.9979873284935102,0.9981509826151678,0.998619928242209,0.9975613179745139,0.998071683167322,0.9971517536760004,1.0,0.9979158824054515,0.9981186387820432,0.998087196511195,0.9976319198231873,0.9979289137878092
3,7,1.7492583320398998,0.50404,5000,2.051910749188176,0.48619447779111646,833,2.0673699584631873,0.4551,0.9992118703210393,0.08337652151559395,,,0.98,,0.9800166246218381,0.01998337537816186,0.9925902988472824,0.09989499329259686,5,0.001,0.1,0.9980128436187833,0.9983058069174003,0.9979266042373063,0.9980372514330644,0.9979860446400272,0.9974516076625014,0.9979158824054515,1.0,0.9979326781364133,0.9986199001565668,0.9978063272544273,0.9979535495674384
3,8,1.7626592171419957,0.49628,5000,2.073993868298001,0.4429771908763505,833,2.0673699584631873,0.4551,0.9989949065903985,0.08337145975745075,,,0.98,,0.9800166246218381,0.01998337537816186,0.9925902988472824,0.09989499329259686,5,0.001,0.1,0.9978135255747442,0.9981524462606116,0.9977118727108786,0.9980841027587796,0.9980378428221713,0.9968255781095146,0.9981186387820432,0.9979326781364133,1.0,0.9978735343306575,0.9972969918830453,0.9974997998429089
3,9,1.758399917821216,0.48172,5000,2.0642228656344943,0.47418967587034816,833,2.0673699584631873,0.4551,0.999227698348372,0.08338239339489552,,,0.98,,0.9800166246218381,0.01998337537816186,0.9925902988472824,0.09989499329259686,5,0.001,0.1,0.9982983350117408,0.9980404228756043,0.997931811050373,0.9978288435651634,0.9978306085303873,0.9975034675066753,0.998087196511195,0.9986199001565668,0.9978735343306575,1.0,0.9977862960197611,0.9983373905515275
3,10,1.7583098943066444,0.51144,5000,2.0671655778531677,0.43577430972388953,833,2.0673699584631873,0.4551,0.998535461858346,0.08325797670493157,,,0.98,,0.9800166246218381,0.01998337537816186,0.9925902988472824,0.09989499329259686,5,0.001,0.1,0.9967168494980817,0.9982909014121621,0.9978516667964554,0.9968452386999207,0.9969783133944452,0.9953202261761259,0.9976319198231873,0.9978063272544273,0.9972969918830453,0.9977862960197611,1.0,0.997317903116389
3,11,1.7674233861789581,0.48456,5000,2.0639222727881537,0.4237695078031212,833,2.0673699584631873,0.4551,0.9989710352478651,0.08337628217257163,,,0.98,,0.9800166246218381,0.01998337537816186,0.9925902988472824,0.09989499329259686,5,0.001,0.1,0.9983992330382833,0.9976029371751893,0.997292919310449,0.9976722158694328,0.9979374138581416,0.9971178731943267,0.9979289137878092,0.9979535495674384,0.9974997998429089,0.9983373905515275,0.997317903116389,1.0
4,0,1.5998048492298005,0.54368,5000,1.9911611036018089,0.4628297362110312,834,1.9742298598487538,0.4813,0.9988507051227428,0.08334743128532204,,,0.98,,0.9800166246218381,0.01998337537816186,0.9965012901598642,0.09988915793130772,5,0.001,0.1,1.0,0.9972207921367423,0.9971895020390752,0.9977440237484502,0.9974553112725547,0.9973118565759368,0.9977130235073557,0.9975459878199944,0.9974646030757754,0.9981490210070073,0.9969215339749985,0.998210913685294
4,1,1.6045723362333455,0.53052,5000,1.9527386162016127,0.5191846522781774,834,1.9742298598487538,0.4813,0.999102299002759,0.08336787008312174,,,0.98,,0.9800166246218381,0.01998337537816186,0.9965012901598642,0.09988915793130772,5,0.001,0.1,0.9972207921367423,1.0,0.9984309718268016,0.9981171739522093,0.9969816634161452,0.9967624899235219,0.9981823193625216,0.9985109752182674,0.9981314777547339,0.9979005886780331,0.9983610304083131,0.9973436020299682
4,2,1.6029585958286456,0.54204,5000,1.972172326511807,0.48081534772182255,834,1.9742298598487538,0.4813,0.9989333384134328,0.08329894371042455,,,0.98,,0.9800166246218381,0.01998337537816186,0.9965012901598642,0.09988915793130772,5,0.001,0.1,0.9971895020390752,0.9984309718268016,1.0,0.997605056008583,0.9969777477212258,0.9965297869077058,0.9986427461129657,0.9980706511499695,0.9976034330526453,0.9978580245266957,0.9978489385450355,0.9971624939126753
4,3,1.5802527104973034,0.56312,5000,1.973007392000269,0.4844124700239808,834,1.9742298598487538,0.4813,0.9989869987591715,0.08331694037412629,,,0.98,,0.9800166246218381,0.01998337537816186,0.9965012901598642,0.09988915793130772,5,0.001,0.1,0.9977440237484502,0.9981171739522093,0.997605056008583,1.0,0.997793847901018,0.9974376826644072,0.9975449006155084,0.998034453176222,0.9981024501391859,0.9975769474492696,0.9972907865207068,0.9973150590183515
4,4,1.5947179123094888,0.5334,5000,1.9765674229021426,0.48139255702280914,833,1.9742298598487538,0.4813,0.9986448381469901,0.08332549319211699,,,0.98,,0.9800166246218381,0.01998337537816186,0.9965012901598642,0.09988915793130772,5,0.001,0.1,0.9974553112725547,0.9969816634161452,0.9969777477212258,0.997793847901018,1.0,0.9972471735142735,0.9973347947411871,0.9972664210483607,0.997532272039881,0.9976168856283351,0.9967230480052087,0.9975310911859313
4,5,1.594680326987224,0.53124,5000,1.9779569087205109,0.4717887154861945,833,1.9742298598487538,0.4813,0.9983051530760262,0.0832572630309124,,,0.98,,0.9800166246218381,0.01998337537816186,0.9965012901598642,0.09988915793130772,5,0.001,0.1,0.9973118565759368,0.9967624899235219,0.9965297869077058,0.9974376826644072,0.9972471735142735,1.0,0.9971322105589084,0.9974868292906509,0.9970044789955778,0.9969090820184632,0.9959838164945292,0.9965863408242247
4,6,1.6073214846052182,0.54212,5000,1.9851083313977276,0.4657863145258103,833,1.9742298598487538,0.4813,0.9991106572267731,0.0833493168317607,,,0.98,,0.9800166246218381,0.01998337537816186,0.9965012901598642,0.09988915793130772,5,0.001,0.1,0.9977130235073557,0.9981823193625216,0.9986427461129657,0.9975449006155084,0.9973347947411871,0.9971322105589084,1.0,0.9981505024844342,0.9978835752933484,0.9978750286231469,0.9980174319997166,0.9975674920039315
4,7,1.5879890820023361,0.5458,5000,1.9558332584522389,0.517406962785114,833,1.9742298598487538,0.4813,0.9991384090359262,0.08336776692486983,,,0.98,,0.9800166246218381,0.01998337537816186,0.9965012901598642,0.09988915793130772,5,0.001,0.1,0.9975459878199944,0.9985109752182674,0.9980706511499695,0.998034453176222,0.9972664210483607,0.9974868292906509,0.9981505024844342,1.0,0.9979530508497756,0.998103659667725,0.9978285395805878,0.9974247639506355
4,8,1.6025174743810278,0.53996,5000,1.9833355877134535,0.47539015606242496,833,1.9742298598487538,0.4813,0.9989764232370557,0.08335943563531117,,,0.98,,0.9800166246218381,0.01998337537816186,0.9965012901598642,0.09988915793130772,5,0.001,0.1,0.9974646030757754,0.9981314777547339,0.9976034330526453,0.9981024501391859,0.997532272039881,0.9970044789955778,0.9978835752933484,0.9979530508497756,1.0,0.9977458935451755,0.9977399026504735,0.9972727901270316
4,9,1.5991895510132905,0.52468,5000,1.9701871033068057,0.49939975990396157,833,1.9742298598487538,0.4813,0.9991020397265987,0.08337019365594046,,,0.98,,0.9800166246218381,0.01998337537816186,0.9965012901598642,0.09988915793130772,5,0.001,0.1,0.9981490210070073,0.9979005886780331,0.9978580245266957,0.9975769474492696,0.9976168856283351,0.9969090820184632,0.9978750286231469,0.998103659667725,0.9977458935451755,1.0,0.9979159419638385,0.9982876359892403
4,10,1.599960204826039,0.5496,5000,1.9747021198272705,0.4669867947178872,833,1.9742298598487538,0.4813,0.9987734759410505,0.08328330216551828,,,0.98,,0.9800166246218381,0.01998337537816186,0.9965012901598642,0.09988915793130772,5,0.001,0.1,0.9969215339749985,0.9983610304083131,0.9978489385450355,0.9972907865207068,0.9967230480052087,0.9959838164945292,0.9980174319997166,0.9978285395805878,0.9977399026504735,0.9979159419638385,1.0,0.9973720187985176
4,11,1.6095189979121942,0.52872,5000,1.9694759404217754,0.45018007202881155,833,1.9742298598487538,0.4813,0.9987796741899232,0.08335604311057555,,,0.98,,0.9800166246218381,0.01998337537816186,0.9965012901598642,0.09988915793130772,5,0.001,0.1,0.998210913685294,0.9973436020299682,0.9971624939126753,0.9973150590183515,0.9975310911859313,0.9965863408242247,0.9975674920039315,0.9974247639506355,0.9972727901270316,0.9982876359892403,0.9973720187985176,1.0
5,0,1.4641241448700049,0.57936,5000,1.8878695920661643,0.4952038369304556,834,1.8675223954569418,0.5084,0.9989686952877941,0.08334473864640317,,,0.98,,0.9800166246218381,0.01998337537816186,0.9976486588509161,0.09988828367791047,5,0.001,0.1,1.0,0.9976945401732852,0.9973548735107163,0.9979836194437747,0.9976679766587322,0.9973453974566894,0.9978296588037592,0.9977716982747515,0.9975045180574926,0.997909060156353,0.9972623228041536,0.9979119003760397
5,1,1.47019633684948,0.56548,5000,1.841245898494014,0.539568345323741,834,1.8675223954569418,0.5084,0.9991357084568492,0.08336266092144644,,,0.98,,0.9800166246218381,0.01998337537816186,0.9976486588509161,0.09988828367791047,5,0.001,0.1,0.9976945401732852,1.0,0.9982091706471158,0.9979034787588079,0.997436181098538,0.9968270121312448,0.99800390122393,0.9983041883971733,0.997952237645523,0.9981994604570483,0.9982536452757458,0.9974531440518416
5,2,1.4677341231115304,0.57216,5000,1.8664169355675027,0.5035971223021583,834,1.8675223954569418,0.5084,0.9988209801853625,0.08331024053742557,,,0.98,,0.9800166246218381,0.01998337537816186,0.9976486588509161,0.09988828367791047,5,0.001,0.1,0.9973548735107163,0.9982091706471158,1.0,0.9974570524225678,0.9974551892142156,0.996356766454375,0.9983215568376262,0.9977580813088811,0.9970911282268257,0.9979356150262866,0.9975453337596586,0.9969809491279037
5,3,1.4417311284192809,0.59996,5000,1.8652022326434101,0.5191846522781774,834,1.8675223954569418,0.5084,0.9989840790178212,0.08332653904967663,,,0.98,,0.9800166246218381,0.01998337537816186,0.9976486588509161,0.09988828367791047,5,0.001,0.1,0.9979836194437747,0.9979034787588079,0.9974570524225678,1.0,0.9980345409493088,0.9974882143059403,0.9974767829901922,0.9978509466768292,0.9978310017911549,0.9977977173413947,0.9973992911804059,0.9971984352818647
5,4,1.4578046666588753,0.57064,5000,1.8697899006031178,0.5090036014405762,833,1.8675223954569418,0.5084,0.9988623267269477,0.08332785417472843,,,0.98,,0.9800166246218381,0.01998337537816186,0.9976486588509161,0.09988828367791047,5,0.001,0.1,0.9976679766587322,0.997436181098538,0.9974551892142156,0.9980345409493088,1.0,0.9977675808122082,0.9977849988514448,0.9976773355051214,0.9974593270292075,0.9974679588073704,0.9969024372113993,0.9973084059436635
5,5,1.458761507158826,0.57144,5000,1.870975794615569,0.5042016806722689,833,1.8675223954569418,0.5084,0.9982992715244335,0.08326784667466844,,,0.98,,0.9800166246218381,0.01998337537816186,0.9976486588509161,0.09988828367791047,5,0.001,0.1,0.9973453974566894,0.9968270121312448,0.996356766454375,0.9974882143059403,0.9977675808122082,1.0,0.9966840424699536,0.9974005200068335,0.9969684020044367,0.9968671835883876,0.9960098143740733,0.9964998851775417
5,6,1.4716551644027613,0.5814,5000,1.8825273337187591,0.4729891956782713,833,1.8675223954569418,0.5084,0.9990560995817779,0.08334871551657701,,,0.98,,0.9800166246218381,0.01998337537816186,0.9976486588509161,0.09988828367791047,5,0.001,0.1,0.9978296588037592,0.99800390122393,0.9983215568376262,0.9974767829901922,0.9977849988514448,0.9966840424699536,1.0,0.9979254179646692,0.9975960268776395,0.9980308853634046,0.9979621834273646,0.9976676609498518
5,7,1.451756105073698,0.58144,5000,1.8469946605187875,0.5462184873949579,833,1.8675223954569418,0.5084,0.9991084649512165,0.08336171846520554,,,0.98,,0.9800166246218381,0.01998337537816186,0.9976486588509161,0.09988828367791047,5,0.001,0.1,0.9977716982747515,0.9983041883971733,0.9977580813088811,0.9978509466768292,0.9976773355051214,0.9974005200068335,0.9979254179646692,1.0,0.997766289412813,0.9981973456150047,0.9977596048371354,0.9974990791712862
5,8,1.4638694113986508,0.57824,5000,1.879278955636201,0.5162064825930373,833,1.8675223954569418,0.5084,0.9988033299884334,0.08334676266178462,,,0.98,,0.9800166246218381,0.01998337537816186,0.9976486588509161,0.09988828367791047,5,0.001,0.1,0.9975045180574926,0.997952237645523,0.9970911282268257,0.9978310017911549,0.9974593270292075,0.9969684020044367,0.9975960268776395,0.997766289412813,1.0,0.9976451871592512,0.9974149388295576,0.9970238694452715
5,9,1.4644034995394908,0.56,5000,1.8622541692521837,0.5222088835534213,833,1.8675223954569418,0.5084,0.9991078716653851,0.08336318731328303,,,0.98,,0.9800166246218381,0.01998337537816186,0.9976486588509161,0.09988828367791047,5,0.001,0.1,0.997909060156353,0.9981994604570483,0.9979356150262866,0.9977977173413947,0.9974679588073704,0.9968671835883876,0.9980308853634046,0.9981973456150047,0.9976451871592512,1.0,0.9979766654535841,0.9978758855056967
5,10,1.4652033657784675,0.58144,5000,1.868515999228866,0.49339735894357745,833,1.8675223954569418,0.5084,0.9987698985477068,0.08329900113018697,,,0.98,,0.9800166246218381,0.01998337537816186,0.9976486588509161,0.09988828367791047,5,0.001,0.1,0.9972623228041536,0.9982536452757458,0.9975453337596586,0.9973992911804059,0.9969024372113993,0.9960098143740733,0.9979621834273646,0.9977596048371354,0.9974149388295576,0.9979766654535841,1.0,0.9973671048791214
5,11,1.474766951609569,0.5646,5000,1.8613782944502655,0.4789915966386555,833,1.8675223954569418,0.5084,0.9986810083956724,0.08334073490861407,,,0.98,,0.9800166246218381,0.01998337537816186,0.9976486588509161,0.09988828367791047,5,0.001,0.1,0.9979119003760397,0.9974531440518416,0.9969809491279037,0.9971984352818647,0.9973084059436635,0.9964998851775417,0.9976676609498518,0.9974990791712862,0.9970238694452715,0.9978758855056967,0.9973671048791214,1.0
6,0,1.347985384874283,0.609,5000,1.773969332377116,0.5215827338129496,834,1.7500925597291404,0.5459,0.9988261275926132,0.08334383914104275,,,0.98,,0.9800166246218381,0.01998337537816186,0.9980290697681343,0.09987171633182222,5,0.001,0.1,1.0,0.9975549823140454,0.9967856039699783,0.9976699708355786,0.9974152994722734,0.9969447668532978,0.9974047930251734,0.9973701785198815,0.9972990676760338,0.9975058313394729,0.9970145610193522,0.9975739280613308
6,1,1.3584089928371892,0.59448,5000,1.718946028638769,0.5707434052757794,834,1.7500925597291404,0.5459,0.9990015971882442,0.08336049233949773,,,0.98,,0.9800166246218381,0.01998337537816186,0.9980290697681343,0.09987171633182222,5,0.001,0.1,0.9975549823140454,1.0,0.9977659795874058,0.9977330256554741,0.9971108028324648,0.9964783305907656,0.9975403446182574,0.9978423577877759,0.997642378629503,0.9979631734920026,0.9977640056244078,0.997245833552737
6,2,1.3550452892188054,0.60308,5000,1.7499470799057573,0.539568345323741,834,1.7500925597291404,0.5459,0.9985390426445441,0.08331341922974084,,,0.98,,0.9800166246218381,0.01998337537816186,0.9980290697681343,0.09987171633182222,5,0.001,0.1,0.9967856039699783,0.9977659795874058,1.0,0.9969373779068785,0.9969313695398448,0.995815448499775,0.9978788819566786,0.9973261874203355,0.9965998752105255,0.9974152546018576,0.9971430661690521,0.9964998358570318
6,3,1.326632208353395,0.63032,5000,1.7465741899278429,0.5611510791366906,834,1.7500925597291404,0.5459,0.9988435984343108,0.08333324286372186,,,0.98,,0.9800166246218381,0.01998337537816186,0.9980290697681343,0.09987171633182222,5,0.001,0.1,0.9976699708355786,0.9977330256554741,0.9969373779068785,1.0,0.9975961809702357,0.9972907249612804,0.9969918762822488,0.997468053924142,0.9975876759143611,0.99738829620094,0.9971372642581049,0.9969488334066416
6,4,1.341549244048489,0.60148,5000,1.7521633660351787,0.5414165666266506,833,1.7500925597291404,0.5459,0.9987071886889975,0.08332964680821175,,,0.98,,0.9800166246218381,0.01998337537816186,0.9980290697681343,0.09987171633182222,5,0.001,0.1,0.9974152994722734,0.9971108028324648,0.9969313695398448,0.9975961809702357,1.0,0.9975916100752006,0.9974442489361579,0.9972833188408796,0.9971735126467071,0.9971404071196799,0.996476644810188,0.9969513814313546
6,5,1.3437457783207012,0.60044,5000,1.7529314579787079,0.5510204081632653,833,1.7500925597291404,0.5459,0.9981913522694839,0.08327620159646393,,,0.98,,0.9800166246218381,0.01998337537816186,0.9980290697681343,0.09987171633182222,5,0.001,0.1,0.9969447668532978,0.9964783305907656,0.995815448499775,0.9972907249612804,0.9975916100752006,1.0,0.9963832660601445,0.9971432075312548,0.9967451079657219,0.9966213870750869,0.9958718226617869,0.9960490233891619
6,6,1.3580411249664939,0.60688,5000,1.7696378231048584,0.5198079231692677,833,1.7500925597291404,0.5459,0.9988423105076899,0.08334680007729861,,,0.98,,0.9800166246218381,0.01998337537816186,0.9980290697681343,0.09987171633182222,5,0.001,0.1,0.9974047930251734,0.9975403446182574,0.9978788819566786,0.9969918762822488,0.9974442489361579,0.9963832660601445,1.0,0.9975396754654874,0.9971027773834803,0.9975874634156179,0.9976630727389991,0.9971964641709858
6,7,1.3351905566112252,0.61404,5000,1.7278841866387262,0.5702280912364946,833,1.7500925597291404,0.5459,0.9989297788708853,0.08335759654727924,,,0.98,,0.9800166246218381,0.01998337537816186,0.9980290697681343,0.09987171633182222,5,0.001,0.1,0.9973701785198815,0.9978423577877759,0.9973261874203355,0.997468053924142,0.9972833188408796,0.9971432075312548,0.9975396754654874,1.0,0.9975242636463894,0.9980038788065725,0.9972053177515567,0.997074290212647
6,8,1.347841517864519,0.608,5000,1.7647014988793268,0.553421368547419,833,1.7500925597291404,0.5459,0.9986714492921465,0.08334008818155796,,,0.98,,0.9800166246218381,0.01998337537816186,0.9980290697681343,0.09987171633182222,5,0.001,0.1,0.9972990676760338,0.997642378629503,0.9965998752105255,0.9975876759143611,0.9971735126467071,0.9967451079657219,0.9971027773834803,0.9975242636463894,1.0,0.9973730573170271,0.9970097796653051,0.9966275333515768
6,9,1.3510416434069348,0.59092,5000,1.743142048517863,0.5618247298919568,833,1.7500925597291404,0.5459,0.9989476032987429,0.0833590725234071,,,0.98,,0.9800166246218381,0.01998337537816186,0.9980290697681343,0.09987171633182222,5,0.001,0.1,0.9975058313394729,0.9979631734920026,0.9974152546018576,0.99738829620094,0.9971404071196799,0.9966213870750869,0.9975874634156179,0.9980038788065725,0.9973730573170271,1.0,0.9976046420626192,0.9973906113118935
6,10,1.3510800748114373,0.60608,5000,1.7514904340108235,0.5450180072028812,833,1.7500925597291404,0.5459,0.9986093796744915,0.08330879720228551,,,0.98,,0.9800166246218381,0.01998337537816186,0.9980290697681343,0.09987171633182222,5,0.001,0.1,0.9970145610193522,0.9977640056244078,0.9971430661690521,0.9971372642581049,0.996476644810188,0.9958718226617869,0.9976630727389991,0.9972053177515567,0.9970097796653051,0.9976046420626192,1.0,0.9970519489705042
6,11,1.3601364824422606,0.59556,5000,1.7428462152127866,0.5150060024009604,833,1.7500925597291404,0.5459,0.9984982940609219,0.08333080348949275,,,0.98,,0.9800166246218381,0.01998337537816186,0.9980290697681343,0.09987171633182222,5,0.001,0.1,0.9975739280613308,0.997245833552737,0.9964998358570318,0.9969488334066416,0.9969513814313546,0.9960490233891619,0.9971964641709858,0.997074290212647,0.9966275333515768,0.9973906113118935,0.9970519489705042,1.0
7,0,1.2513977015094393,0.63588,5000,1.6532047236407246,0.579136690647482,834,1.6258730724596748,0.5905,0.9986284048710933,0.08334465352799902,,,0.98,,0.9800166246218381,0.01998337537816186,0.9982544461854531,0.09984771107441735,5,0.001,0.1,1.0,0.9970980124613905,0.9964151005122404,0.997130430048453,0.9966769550160987,0.9963147284412588,0.9973525617294131,0.9969615467567092,0.996587510690867,0.9970537237203546,0.9966125038686764,0.9970899235337525
7,1,1.2635749607329156,0.61696,5000,1.5901607495767098,0.6007194244604317,834,1.6258730724596748,0.5905,0.998843744090548,0.08336181687013998,,,0.98,,0.9800166246218381,0.01998337537816186,0.9982544461854531,0.09984771107441735,5,0.001,0.1,0.9970980124613905,1.0,0.9974744753900624,0.9972698850138053,0.9965338385370781,0.9961100192999005,0.997221277681719,0.9973570866572469,0.997187172243882,0.9975128025106456,0.9974272100372215,0.9966808224712403
