round,client_id,client_i_training_loss,client_i_training_accuracy,client_i_training_dataset_size,client_i_evaluation_loss,client_i_evaluation_accuracy,client_i_evaluation_dataset_size,client_i_central_evaluation_loss,client_i_central_evaluation_accuracy,client_i_cosine_similarity,client_i_importance_coefficient,client_i_tanh_val,tanh_normalization_value,client_i_q,client_i_mask_order,client_i_v_nonzero_fraction,client_i_v_sparsity,client_i_v_cosine_similarity,client_i_reward_gradient_norm,local_epochs,learning_rate,gamma,client_0_cosine_similarity,client_1_cosine_similarity,client_2_cosine_similarity,client_3_cosine_similarity,client_4_cosine_similarity,client_5_cosine_similarity,client_6_cosine_similarity,client_7_cosine_similarity,client_8_cosine_similarity,client_9_cosine_similarity,client_10_cosine_similarity,client_11_cosine_similarity
0,0,2.2061904721958623,0.26072,5000,2.2622406041180647,0.13908872901678657,834,2.264885054609646,0.1496,0.9942992310420861,0.08319862093017369,,,0.99,,0.9900107286803723,0.00998927131962768,0,0.0995909178272872,5,0.001,0.1,1.0,0.9873728584561513,0.9915794008735528,0.9919008905598768,0.988196446414347,0.9884931420548833,0.9896264740911218,0.9850423715466375,0.9893425384217831,0.9878272546473561,0.9924977323027366,0.9909015159241128
0,1,2.2068807346805643,0.25748,5000,2.268427469112255,0.1606714628297362,834,2.264885054609646,0.1496,0.9959588377829797,0.08333748958039286,,,0.99,,0.9900107286803723,0.00998927131962768,0,0.0995909178272872,5,0.001,0.1,0.9873728584561513,1.0,0.988209572531862,0.9923597420129178,0.9918900814225273,0.9922544676904194,0.9911844488723286,0.9932135031846404,0.9916139654474166,0.9953835204915634,0.9867602873791927,0.9923719884689542
0,2,2.2115296643251066,0.25792,5000,2.260293783964934,0.15707434052757793,834,2.264885054609646,0.1496,0.995309521285689,0.08328315760925657,,,0.99,,0.9900107286803723,0.00998927131962768,0,0.0995909178272872,5,0.001,0.1,0.9915794008735528,0.988209572531862,1.0,0.9898353123128788,0.9922855374135254,0.9899572331503138,0.991983221633505,0.9902263737167756,0.9920023068668928,0.9925774761030959,0.988144814256079,0.988053264941983
0,3,2.207766037837715,0.25652,5000,2.2660982785401522,0.13069544364508393,834,2.264885054609646,0.1496,0.9957963372753492,0.08332389224700143,,,0.99,,0.9900107286803723,0.00998927131962768,0,0.0995909178272872,5,0.001,0.1,0.9919008905598768,0.9923597420129178,0.9898353123128788,1.0,0.9902463875305895,0.9917555101661639,0.9908229018805358,0.9912743395205891,0.9920638804811247,0.9917308113209852,0.9888356869328974,0.9898469444507936
0,4,2.2091712582642864,0.29144,5000,2.262432160200896,0.16206482593037214,833,2.264885054609646,0.1496,0.9966599955036033,0.0833961593988833,,,0.99,,0.9900107286803723,0.00998927131962768,0,0.0995909178272872,5,0.001,0.1,0.988196446414347,0.9918900814225273,0.9922855374135254,0.9902463875305895,1.0,0.9933277388044577,0.9946263930376962,0.9934206669504471,0.9945039010257951,0.9951336059855242,0.9860384697324328,0.9913246809120558
0,5,2.2080802767140093,0.26884,5000,2.2635509614591247,0.16566626650660263,833,2.264885054609646,0.1496,0.9969191760263895,0.0834178464940701,,,0.99,,0.9900107286803723,0.00998927131962768,0,0.0995909178272872,5,0.001,0.1,0.9884931420548833,0.9922544676904194,0.9899572331503138,0.9917555101661639,0.9933277388044577,1.0,0.9925350045680387,0.9943973066601447,0.9952047411712146,0.9955167268868106,0.9895314150699606,0.9911180657882827
0,6,2.2100257709527473,0.28616,5000,2.2702557069283946,0.13445378151260504,833,2.264885054609646,0.1496,0.9963569901186051,0.08337080523046074,,,0.99,,0.9900107286803723,0.00998927131962768,0,0.0995909178272872,5,0.001,0.1,0.9896264740911218,0.9911844488723286,0.991983221633505,0.9908229018805358,0.9946263930376962,0.9925350045680387,1.0,0.9920964449160456,0.99180316500352,0.9938534796256049,0.9872909519602351,0.9915502331229553
0,7,2.210906411128439,0.27544,5000,2.263602927879051,0.12965186074429771,833,2.264885054609646,0.1496,0.9961076118004457,0.08334993834098421,,,0.99,,0.9900107286803723,0.00998927131962768,0,0.0995909178272872,5,0.001,0.1,0.9850423715466375,0.9932135031846404,0.9902263737167756,0.9912743395205891,0.9934206669504471,0.9943973066601447,0.9920964449160456,1.0,0.9928468511941027,0.9963231787862964,0.9837790685920733,0.9917723163992404
0,8,2.2088744998737506,0.27192,5000,2.2623043855031333,0.15846338535414164,833,2.264885054609646,0.1496,0.9969755283202524,0.08342256180812171,,,0.99,,0.9900107286803723,0.00998927131962768,0,0.0995909178272872,5,0.001,0.1,0.9893425384217831,0.9916139654474166,0.9920023068668928,0.9920638804811247,0.9945039010257951,0.9952047411712146,0.99180316500352,0.9928468511941027,1.0,0.9954583967281078,0.9897392011659973,0.9901858656600006
0,9,2.209015974725128,0.27384,5000,2.2668111324310303,0.13925570228091236,833,2.264885054609646,0.1496,0.9978024969670933,0.08349175893592956,,,0.99,,0.9900107286803723,0.00998927131962768,0,0.0995909178272872,5,0.001,0.1,0.9878272546473561,0.9953835204915634,0.9925774761030959,0.9917308113209852,0.9951336059855242,0.9955167268868106,0.9938534796256049,0.9963231787862964,0.9954583967281078,1.0,0.9881998647288193,0.9926435262717417
0,10,2.208543418471221,0.25892,5000,2.2643760133672646,0.1524609843937575,833,2.264885054609646,0.1496,0.9931508951498694,0.08310253319359069,,,0.99,,0.9900107286803723,0.00998927131962768,0,0.0995909178272872,5,0.001,0.1,0.9924977323027366,0.9867602873791927,0.988144814256079,0.9888356869328974,0.9860384697324328,0.9895314150699606,0.9872909519602351,0.9837790685920733,0.9897392011659973,0.9881998647288193,1.0,0.9882394738956713
0,11,2.210168649284703,0.251,5000,2.262437440730907,0.16566626650660263,833,2.264885054609646,0.1496,0.9955733809087308,0.08330523623113505,,,0.99,,0.9900107286803723,0.00998927131962768,0,0.0995909178272872,5,0.001,0.1,0.9909015159241128,0.9923719884689542,0.988053264941983,0.9898469444507936,0.9913246809120558,0.9911180657882827,0.9915502331229553,0.9917723163992404,0.9901858656600006,0.9926435262717417,0.9882394738956713,1.0
1,0,2.050508776136265,0.37148,5000,2.2054289093724004,0.2673860911270983,834,2.2088091266802707,0.2545,0.9981749276796258,0.083256172873715,,,0.99,,0.9900107286803723,0.00998927131962768,0.9553050138255023,0.09980058578267943,5,0.001,0.1,1.0,0.9935249539710558,0.9959498763507599,0.9968082906962422,0.9958467095126421,0.9968870153533316,0.9958691414566809,0.9932336588364428,0.9965884356851346,0.9953101601115003,0.996687095063398,0.997517307864032
1,1,2.048971425196168,0.3868,5000,2.212506753427011,0.2637889688249401,834,2.2088091266802707,0.2545,0.9969452483055159,0.08330165395479862,,,0.99,,0.9900107286803723,0.00998927131962768,0.9553050138255023,0.09980058578267943,5,0.001,0.1,0.9935249539710558,1.0,0.9927641965263817,0.994796977797898,0.993883702567578,0.9947017971658914,0.9932330661504077,0.9971577220916861,0.9950387960472354,0.9962594813545762,0.9934506890003905,0.9946656280928806
1,2,2.0580474953742542,0.40296,5000,2.2024710090072066,0.2733812949640288,834,2.2088091266802707,0.2545,0.9979980045120688,0.08330231410172652,,,0.99,,0.9900107286803723,0.00998927131962768,0.9553050138255023,0.09980058578267943,5,0.001,0.1,0.9959498763507599,0.9927641965263817,1.0,0.9948723320224756,0.9968640565159466,0.9967768267985965,0.9969164900647767,0.9937964828034753,0.9966908587505784,0.9968007236272823,0.9947410282343744,0.9959165274063818
1,3,2.0538318441172314,0.37588,5000,2.2106710098407887,0.22541966426858512,834,2.2088091266802707,0.2545,0.9978070553105494,0.08332113537203316,,,0.99,,0.9900107286803723,0.00998927131962768,0.9553050138255023,0.09980058578267943,5,0.001,0.1,0.9968082906962422,0.994796977797898,0.9948723320224756,1.0,0.9955981917117565,0.9965493847683419,0.9953001162594761,0.9942754152220502,0.9962592642433075,0.9951282977719267,0.9945566422085047,0.9956613062699866
1,4,2.053875670007839,0.42148,5000,2.204960328561288,0.2737094837935174,833,2.2088091266802707,0.2545,0.9981272609707678,0.08337579956125477,,,0.99,,0.9900107286803723,0.00998927131962768,0.9553050138255023,0.09980058578267943,5,0.001,0.1,0.9958467095126421,0.993883702567578,0.9968640565159466,0.9955981917117565,1.0,0.9962930827934443,0.9971981614293336,0.9945954739790284,0.9969842207572412,0.9965678629320882,0.9941361025289919,0.9956639985811362
1,5,2.05241950150508,0.39332,5000,2.2061107688479953,0.2665066026410564,833,2.2088091266802707,0.2545,0.9987118657529822,0.08340797471168296,,,0.99,,0.9900107286803723,0.00998927131962768,0.9553050138255023,0.09980058578267943,5,0.001,0.1,0.9968870153533316,0.9947017971658914,0.9967768267985965,0.9965493847683419,0.9962930827934443,1.0,0.9962355173603781,0.9951903654828442,0.997639459000281,0.997443261455523,0.9961065005311026,0.9968141458822366
1,6,2.0563157886456533,0.41156,5000,2.213311822326095,0.23289315726290516,833,2.2088091266802707,0.2545,0.9979487754388872,0.08335448585644424,,,0.99,,0.9900107286803723,0.00998927131962768,0.9553050138255023,0.09980058578267943,5,0.001,0.1,0.9958691414566809,0.9932330661504077,0.9969164900647767,0.9953001162594761,0.9971981614293336,0.9962355173603781,1.0,0.9941108521816105,0.9958879034533097,0.9964172548243984,0.9945809113394628,0.9957483877981849
1,7,2.0558192754247386,0.40856,5000,2.2083439650358976,0.23289315726290516,833,2.2088091266802707,0.2545,0.9970915359937892,0.08331401233938539,,,0.99,,0.9900107286803723,0.00998927131962768,0.9553050138255023,0.09980058578267943,5,0.001,0.1,0.9932336588364428,0.9971577220916861,0.9937964828034753,0.9942754152220502,0.9945954739790284,0.9951903654828442,0.9941108521816105,1.0,0.995189770939309,0.9968895316794069,0.9918677339960972,0.9949145360124371
1,8,2.0533045512096137,0.40152,5000,2.20934941150524,0.25690276110444177,833,2.2088091266802707,0.2545,0.9987618184876383,0.08341247959944313,,,0.99,,0.9900107286803723,0.00998927131962768,0.9553050138255023,0.09980058578267943,5,0.001,0.1,0.9965884356851346,0.9950387960472354,0.9966908587505784,0.9962592642433075,0.9969842207572412,0.997639459000281,0.9958879034533097,0.995189770939309,1.0,0.9975451673438535,0.9963410138207852,0.9970701634784257
1,9,2.053367487032702,0.402,5000,2.2084675629933677,0.24849939975990396,833,2.2088091266802707,0.2545,0.9986972197040291,0.08345283806960142,,,0.99,,0.9900107286803723,0.00998927131962768,0.9553050138255023,0.09980058578267943,5,0.001,0.1,0.9953101601115003,0.9962594813545762,0.9968007236272823,0.9951282977719267,0.9965678629320882,0.997443261455523,0.9964172548243984,0.9968895316794069,0.9975451673438535,1.0,0.9954917486283381,0.996601122898481
1,10,2.0553813129473646,0.37176,5000,2.207478434951217,0.25930372148859543,833,2.2088091266802707,0.2545,0.9973741467907576,0.08317138328603539,,,0.99,,0.9900107286803723,0.00998927131962768,0.9553050138255023,0.09980058578267943,5,0.001,0.1,0.996687095063398,0.9934506890003905,0.9947410282343744,0.9945566422085047,0.9941361025289919,0.9961065005311026,0.9945809113394628,0.9918677339960972,0.9963410138207852,0.9954917486283381,1.0,0.9966783814462836
1,11,2.0572847809761194,0.37592,5000,2.207192306165342,0.2533013205282113,833,2.2088091266802707,0.2545,0.9984283753822009,0.08332975027387936,,,0.99,,0.9900107286803723,0.00998927131962768,0.9553050138255023,0.09980058578267943,5,0.001,0.1,0.997517307864032,0.9946656280928806,0.9959165274063818,0.9956613062699866,0.9956639985811362,0.9968141458822366,0.9957483877981849,0.9949145360124371,0.9970701634784257,0.996601122898481,0.9966783814462836,1.0
2,0,1.866794724828878,0.453,5000,2.133517698005394,0.4148681055155875,834,2.1375681805534485,0.4017,0.9987221755361798,0.08328902733743138,,,0.99,,0.9900107286803723,0.00998927131962768,0.9872525366176534,0.09986289649657183,5,0.001,0.1,1.0,0.9974209556628076,0.9965129650748772,0.9972699416734166,0.9973943487129134,0.9972805124834756,0.9971081459640613,0.996824045618413,0.9971439953350799,0.9963931709231347,0.9969964405933635,0.9978942539791051
2,1,1.8596610567372316,0.478,5000,2.1420041543466075,0.4136690647482014,834,2.1375681805534485,0.4017,0.9988327883183089,0.08332048769073329,,,0.99,,0.9900107286803723,0.00998927131962768,0.9872525366176534,0.09986289649657183,5,0.001,0.1,0.9974209556628076,1.0,0.9964828499038926,0.9970938520397098,0.9976496477100124,0.9974980967642552,0.9969391914637151,0.9978391777443629,0.997603441964509,0.9973227825831935,0.996159509043936,0.9975499023196683
2,2,1.8749144136526024,0.48896,5000,2.129007763332791,0.43285371702637887,834,2.1375681805534485,0.4017,0.9984805447273872,0.08330952378128709,,,0.99,,0.9900107286803723,0.00998927131962768,0.9872525366176534,0.09986289649657183,5,0.001,0.1,0.9965129650748772,0.9964828499038926,1.0,0.9947957083194864,0.9970751530847013,0.997585934830649,0.9972736473122918,0.9967638333206967,0.9974927284294188,0.9978290094908097,0.9967668958064684,0.9967587545660531
2,3,1.8710268101115135,0.45884,5000,2.139665612468013,0.38609112709832133,834,2.1375681805534485,0.4017,0.9978108263916348,0.08329945023470728,,,0.99,,0.9900107286803723,0.00998927131962768,0.9872525366176534,0.09986289649657183,5,0.001,0.1,0.9972699416734166,0.9970938520397098,0.9947957083194864,1.0,0.9970095846838668,0.9965383845591377,0.9959319076955375,0.9966243991969588,0.9961863913416027,0.9950688472597853,0.9946475778821582,0.9961473744904791
2,4,1.8675973429042063,0.4998,5000,2.1321963204277887,0.39135654261704683,833,2.1375681805534485,0.4017,0.9987853387684825,0.08336442446111744,,,0.99,,0.9900107286803723,0.00998927131962768,0.9872525366176534,0.09986289649657183,5,0.001,0.1,0.9973943487129134,0.9976496477100124,0.9970751530847013,0.9970095846838668,1.0,0.997234644026174,0.9979066523310651,0.9974190514058692,0.9974861238355905,0.9970621783573422,0.9956824199073384,0.9970685125918252
2,5,1.8674325977920727,0.47452,5000,2.1335248329021312,0.39255702280912363,833,2.1375681805534485,0.4017,0.9989533120578792,0.08338957655740535,,,0.99,,0.9900107286803723,0.00998927131962768,0.9872525366176534,0.09986289649657183,5,0.001,0.1,0.9972805124834756,0.9974980967642552,0.997585934830649,0.9965383845591377,0.997234644026174,1.0,0.9972542289058237,0.9977047456958404,0.9979448723384943,0.9980476651757251,0.9969129295089145,0.9969988796790789
2,6,1.8725981905202198,0.49468,5000,2.1415702766842313,0.3697478991596639,833,2.1375681805534485,0.4017,0.9986225100032329,0.08334609895552246,,,0.99,,0.9900107286803723,0.00998927131962768,0.9872525366176534,0.09986289649657183,5,0.001,0.1,0.9971081459640613,0.9969391914637151,0.9972736473122918,0.9959319076955375,0.9979066523310651,0.9972542289058237,1.0,0.9970575660183698,0.9968245143434397,0.9974368506355693,0.99646552903964,0.996840234622258
2,7,1.86841179656375,0.49472,5000,2.1381930245293512,0.3865546218487395,833,2.1375681805534485,0.4017,0.9987049603544659,0.08332394053442067,,,0.99,,0.9900107286803723,0.00998927131962768,0.9872525366176534,0.09986289649657183,5,0.001,0.1,0.996824045618413,0.9978391777443629,0.9967638333206967,0.9966243991969588,0.9974190514058692,0.9977047456958404,0.9970575660183698,1.0,0.9973517465431391,0.9978518665596247,0.9952333492019028,0.9973545304872697
2,8,1.869445407162806,0.48716,5000,2.1418203424524376,0.39615846338535415,833,2.1375681805534485,0.4017,0.9989822914402445,0.08339327439907827,,,0.99,,0.9900107286803723,0.00998927131962768,0.9872525366176534,0.09986289649657183,5,0.001,0.1,0.9971439953350799,0.997603441964509,0.9974927284294188,0.9961863913416027,0.9974861238355905,0.9979448723384943,0.9968245143434397,0.9973517465431391,1.0,0.9981396317305682,0.9974168878451823,0.9977583318828046
2,9,1.8668717689574903,0.49208,5000,2.135050411577578,0.3997599039615846,833,2.1375681805534485,0.4017,0.9988087863147698,0.08341242345954931,,,0.99,,0.9900107286803723,0.00998927131962768,0.9872525366176534,0.09986289649657183,5,0.001,0.1,0.9963931709231347,0.9973227825831935,0.9978290094908097,0.9950688472597853,0.9970621783573422,0.9980476651757251,0.9974368506355693,0.9978518665596247,0.9981396317305682,1.0,0.9970992201415102,0.9970159296187917
2,10,1.8767227532757316,0.45448,5000,2.1350974241892495,0.43577430972388953,833,2.1375681805534485,0.4017,0.9980873193933014,0.08321654182318497,,,0.99,,0.9900107286803723,0.00998927131962768,0.9872525366176534,0.09986289649657183,5,0.001,0.1,0.9969964405933635,0.996159509043936,0.9967668958064684,0.9946475778821582,0.9956824199073384,0.9969129295089145,0.99646552903964,0.9952333492019028,0.9974168878451823,0.9970992201415102,1.0,0.9972521715784298
2,11,1.8751278198448715,0.46308,5000,2.136684038020946,0.4009603841536615,833,2.1375681805534485,0.4017,0.9987557510018293,0.08333523076556228,,,0.99,,0.9900107286803723,0.00998927131962768,0.9872525366176534,0.09986289649657183,5,0.001,0.1,0.9978942539791051,0.9975499023196683,0.9967587545660531,0.9961473744904791,0.9970685125918252,0.9969988796790789,0.996840234622258,0.9973545304872697,0.9977583318828046,0.9970159296187917,0.9972521715784298,1.0
3,0,1.698638432952249,0.5106,5000,2.0456975301106772,0.460431654676259,834,2.050429428728244,0.4421,0.9989287150260926,0.08330764576135506,,,0.99,,0.9900107286803723,0.00998927131962768,0.9937616557594948,0.09988827080364367,5,0.001,0.1,1.0,0.9974537045565968,0.9973931511016506,0.9980126520907742,0.9977149425190457,0.997746756552539,0.9975250703109779,0.9973043361088472,0.9973460077708176,0.9974812220908726,0.9978817276900556,0.9978964441137738
3,1,1.6860517881478474,0.53004,5000,2.055886158236751,0.45323741007194246,834,2.050429428728244,0.4421,0.9989065432360936,0.0833262207268461,,,0.99,,0.9900107286803723,0.00998927131962768,0.9937616557594948,0.09988827080364367,5,0.001,0.1,0.9974537045565968,1.0,0.9974267364325805,0.9974484131946189,0.9975688403086577,0.9977193503625776,0.9971841658697388,0.9978269144734968,0.9979085249705986,0.998218014841672,0.9971888689601939,0.9975436525785304
3,2,1.7037486100652415,0.53836,5000,2.0391760799619885,0.47002398081534774,834,2.050429428728244,0.4421,0.9989133862452043,0.08331971884195385,,,0.99,,0.9900107286803723,0.00998927131962768,0.9937616557594948,0.09988827080364367,5,0.001,0.1,0.9973931511016506,0.9974267364325805,1.0,0.9974619900373407,0.9979684906749295,0.9978639494992936,0.9976923307993971,0.9974180524420968,0.9975490007039653,0.9981276190644083,0.9971211900361622,0.9975468912395863
3,3,1.7018446541136238,0.51616,5000,2.052538995389585,0.43285371702637887,834,2.050429428728244,0.4421,0.9987734524635864,0.08330902611587561,,,0.99,,0.9900107286803723,0.00998927131962768,0.9937616557594948,0.09988827080364367,5,0.001,0.1,0.9980126520907742,0.9974484131946189,0.9974619900373407,1.0,0.9974670483357206,0.9977889010918599,0.9972189229541475,0.9974336097962246,0.9972933649025737,0.9972139504518143,0.9973336126945042,0.9972219143351816
3,4,1.6965962174591744,0.55528,5000,2.0428003205193415,0.4429771908763505,833,2.050429428728244,0.4421,0.9990332832396496,0.08335725152121641,,,0.99,,0.9900107286803723,0.00998927131962768,0.9937616557594948,0.09988827080364367,5,0.001,0.1,0.9977149425190457,0.9975688403086577,0.9979684906749295,0.9974670483357206,1.0,0.9977535492837409,0.9982723347195066,0.9975883754149375,0.9978789598096355,0.9982723975712677,0.9972583115524778,0.9972619934806993
3,5,1.694080044053922,0.5254,5000,2.0450736902378224,0.4261704681872749,833,2.050429428728244,0.4421,0.9989360696185539,0.08336953671147486,,,0.99,,0.9900107286803723,0.00998927131962768,0.9937616557594948,0.09988827080364367,5,0.001,0.1,0.997746756552539,0.9977193503625776,0.9978639494992936,0.9977889010918599,0.9977535492837409,1.0,0.9975198292927662,0.9977417312927781,0.9975487384469338,0.9980314727262419,0.9969887644929352,0.9971366273632122
3,6,1.7019234025554293,0.54508,5000,2.0540240782278554,0.4105642256902761,833,2.050429428728244,0.4421,0.9987538697947261,0.08333699766427567,,,0.99,,0.9900107286803723,0.00998927131962768,0.9937616557594948,0.09988827080364367,5,0.001,0.1,0.9975250703109779,0.9971841658697388,0.9976923307993971,0.9972189229541475,0.9982723347195066,0.9975198292927662,1.0,0.9973756901941675,0.9968372984984261,0.9978155696422619,0.997132975278442,0.9970830251606769
3,7,1.6950566310032158,0.54356,5000,2.0526188611984253,0.4225690276110444,833,2.050429428728244,0.4421,0.9988155530294126,0.08332540146364326,,,0.99,,0.9900107286803723,0.00998927131962768,0.9937616557594948,0.09988827080364367,5,0.001,0.1,0.9973043361088472,0.9978269144734968,0.9974180524420968,0.9974336097962246,0.9975883754149375,0.9977417312927781,0.9973756901941675,1.0,0.9974091631913626,0.9983376719187483,0.9963390179339479,0.9976207845038607
3,8,1.6978890912547993,0.541,5000,2.0589414967430963,0.4309723889555822,833,2.050429428728244,0.4421,0.9988797634791964,0.08336998699820923,,,0.99,,0.9900107286803723,0.00998927131962768,0.9937616557594948,0.09988827080364367,5,0.001,0.1,0.9973460077708176,0.9979085249705986,0.9975490007039653,0.9972933649025737,0.9978789598096355,0.9975487384469338,0.9968372984984261,0.9974091631913626,1.0,0.998149464940815,0.9975334728423507,0.9977108300681251
3,9,1.6925576943500786,0.54008,5000,2.0457988844977484,0.4417767106842737,833,2.050429428728244,0.4421,0.9991860682920821,0.08339161367172927,,,0.99,,0.9900107286803723,0.00998927131962768,0.9937616557594948,0.09988827080364367,5,0.001,0.1,0.9974812220908726,0.998218014841672,0.9981276190644083,0.9972139504518143,0.9982723975712677,0.9980314727262419,0.9978155696422619,0.9983376719187483,0.998149464940815,1.0,0.9974048855777524,0.9977832370360478
3,10,1.7091099590252918,0.50844,5000,2.0467477992728904,0.46338535414165666,833,2.050429428728244,0.4421,0.9986243450623256,0.08325337730223992,,,0.99,,0.9900107286803723,0.00998927131962768,0.9937616557594948,0.09988827080364367,5,0.001,0.1,0.9978817276900556,0.9971888689601939,0.9971211900361622,0.9973336126945042,0.9972583115524778,0.9969887644929352,0.997132975278442,0.9963390179339479,0.9975334728423507,0.9974048855777524,1.0,0.9979268461944699
3,11,1.7046743210713575,0.51792,5000,2.0504470975310713,0.45018007202881155,833,2.050429428728244,0.4421,0.9988434082664808,0.08333322322118067,,,0.99,,0.9900107286803723,0.00998927131962768,0.9937616557594948,0.09988827080364367,5,0.001,0.1,0.9978964441137738,0.9975436525785304,0.9975468912395863,0.9972219143351816,0.9972619934806993,0.9971366273632122,0.9970830251606769,0.9976207845038607,0.9977108300681251,0.9977832370360478,0.9979268461944699,1.0
4,0,1.5557602347082393,0.55604,5000,1.9433604522987649,0.4988009592326139,834,1.9488822987285286,0.4758,0.9988795522845054,0.08332093652574296,,,0.99,,0.9900107286803723,0.00998927131962768,0.9970803217485802,0.09987753613507701,5,0.001,0.1,1.0,0.9971820125699925,0.9972748969356126,0.9976230884544566,0.997667098197713,0.9976610569366569,0.9974898321525834,0.9971262592675778,0.9973129221639971,0.9972958503699606,0.9976293285761945,0.9976174141105367
4,1,1.5404737994169733,0.57204,5000,1.9554202909822818,0.4856115107913669,834,1.9488822987285286,0.4758,0.9988109952600094,0.08333011401484103,,,0.99,,0.9900107286803723,0.00998927131962768,0.9970803217485802,0.09987753613507701,5,0.001,0.1,0.9971820125699925,1.0,0.9972068060868947,0.9971249579761617,0.9974538665627365,0.9976055798872918,0.9970427339701311,0.9975262209491539,0.9977639041252975,0.997953165117843,0.9969697582850172,0.9972271431479963
4,2,1.5589761661116484,0.5774,5000,1.9346736404630873,0.5035971223021583,834,1.9488822987285286,0.4758,0.9987904155640858,0.08332546292303361,,,0.99,,0.9900107286803723,0.00998927131962768,0.9970803217485802,0.09987753613507701,5,0.001,0.1,0.9972748969356126,0.9972068060868947,1.0,0.9971618317382294,0.9978268383460609,0.9977280623785172,0.9975711716929515,0.997027172164862,0.9972213337506007,0.9977278322844425,0.9969414178505006,0.9971225274723278
4,3,1.5594888970350764,0.55784,5000,1.951096565635116,0.46402877697841727,834,1.9488822987285286,0.4758,0.9986130297456641,0.08331318137260797,,,0.99,,0.9900107286803723,0.00998927131962768,0.9970803217485802,0.09987753613507701,5,0.001,0.1,0.9976230884544566,0.9971249579761617,0.9971618317382294,1.0,0.9974661194464252,0.9974457647526997,0.9971134230205799,0.997014810118125,0.9969027502768675,0.9968694687153082,0.9970422191326858,0.9969209799378054
4,4,1.5545824205040173,0.59152,5000,1.938598420884874,0.48139255702280914,833,1.9488822987285286,0.4758,0.998983791750293,0.08335471863070755,,,0.99,,0.9900107286803723,0.00998927131962768,0.9970803217485802,0.09987753613507701,5,0.001,0.1,0.997667098197713,0.9974538665627365,0.9978268383460609,0.9974661194464252,1.0,0.9974870988016997,0.9977657505649872,0.997366494100319,0.9977079308298767,0.9979961786439557,0.9972724366678807,0.9971170475719644
4,5,1.5489745562243613,0.56616,5000,1.9420770583329376,0.4645858343337335,833,1.9488822987285286,0.4758,0.9988044081145163,0.08335646252108216,,,0.99,,0.9900107286803723,0.00998927131962768,0.9970803217485802,0.09987753613507701,5,0.001,0.1,0.9976610569366569,0.9976055798872918,0.9977280623785172,0.9974457647526997,0.9974870988016997,1.0,0.9972105443120998,0.9974216957977483,0.9973574815715286,0.9975310694310269,0.9967132492347689,0.9968148796960198
4,6,1.5569791086160454,0.58276,5000,1.9522093799379137,0.44057623049219685,833,1.9488822987285286,0.4758,0.9986561335401621,0.08333172445848941,,,0.99,,0.9900107286803723,0.00998927131962768,0.9970803217485802,0.09987753613507701,5,0.001,0.1,0.9974898321525834,0.9970427339701311,0.9975711716929515,0.9971134230205799,0.9977657505649872,0.9972105443120998,1.0,0.997216643346201,0.9964782023154299,0.9974388445403352,0.9971425334345511,0.9967313162777833
4,7,1.548595706596496,0.5798,5000,1.9529625707202487,0.4525810324129652,833,1.9488822987285286,0.4758,0.9986430837497273,0.08332419257893489,,,0.99,,0.9900107286803723,0.00998927131962768,0.9970803217485802,0.09987753613507701,5,0.001,0.1,0.9971262592675778,0.9975262209491539,0.997027172164862,0.997014810118125,0.997366494100319,0.9974216957977483,0.997216643346201,1.0,0.9969510266111202,0.9979307464227486,0.9962070288482504,0.9972552644013617
4,8,1.5541335812040196,0.5796,5000,1.9618421616377655,0.4597839135654262,833,1.9488822987285286,0.4758,0.9987820942106859,0.08335601848947229,,,0.99,,0.9900107286803723,0.00998927131962768,0.9970803217485802,0.09987753613507701,5,0.001,0.1,0.9973129221639971,0.9977639041252975,0.9972213337506007,0.9969027502768675,0.9977079308298767,0.9973574815715286,0.9964782023154299,0.9969510266111202,1.0,0.9978978572516831,0.9974860161993436,0.9976296791805492
4,9,1.547851834327552,0.57608,5000,1.9423995194611725,0.4849939975990396,833,1.9488822987285286,0.4758,0.999035063335931,0.08337744399659931,,,0.99,,0.9900107286803723,0.00998927131962768,0.9970803217485802,0.09987753613507701,5,0.001,0.1,0.9972958503699606,0.997953165117843,0.9977278322844425,0.9968694687153082,0.9979961786439557,0.9975310694310269,0.9974388445403352,0.9979307464227486,0.9978978572516831,1.0,0.9974049782114615,0.9976943794502704
4,10,1.5684773403368177,0.54872,5000,1.9437524477640789,0.4969987995198079,833,1.9488822987285286,0.4758,0.998599126115505,0.08327860914521999,,,0.99,,0.9900107286803723,0.00998927131962768,0.9970803217485802,0.09987753613507701,5,0.001,0.1,0.9976293285761945,0.9969697582850172,0.9969414178505006,0.9970422191326858,0.9972724366678807,0.9967132492347689,0.9971425334345511,0.9962070288482504,0.9974860161993436,0.9974049782114615,1.0,0.9977114009021503
4,11,1.5605700636365611,0.56188,5000,1.9502586391237047,0.4765906362545018,833,1.9488822987285286,0.4758,0.9987095940428281,0.08333113534326879,,,0.99,,0.9900107286803723,0.00998927131962768,0.9970803217485802,0.09987753613507701,5,0.001,0.1,0.9976174141105367,0.9972271431479963,0.9971225274723278,0.9969209799378054,0.9971170475719644,0.9968148796960198,0.9967313162777833,0.9972552644013617,0.9976296791805492,0.9976943794502704,0.9977114009021503,1.0
5,0,1.4359938270726782,0.59216,5000,1.8296088112725153,0.5371702637889688,834,1.835803151892397,0.519,0.9986855115705383,0.08332803970019499,,,0.99,,0.9900107286803723,0.00998927131962768,0.9976889025367105,0.09986137499075476,5,0.001,0.1,1.0,0.9968783485807234,0.9968328393334598,0.9973054159134579,0.9972495785484231,0.9971779721536862,0.9970947669998418,0.996971298106526,0.9968463211920036,0.9970012505357586,0.9970752853478048,0.9971836170171758
5,1,1.41807426677388,0.6052,5000,1.843408955468072,0.5335731414868106,834,1.835803151892397,0.519,0.9986372146860031,0.0833321088320264,,,0.99,,0.9900107286803723,0.00998927131962768,0.9976889025367105,0.09986137499075476,5,0.001,0.1,0.9968783485807234,1.0,0.9968677394883864,0.9968001459621361,0.9969827339361678,0.9972380038980299,0.9967993492582057,0.9973975561193633,0.9972229971591279,0.9976651905889531,0.9964860489449646,0.9966985969882938
5,2,1.437157415280676,0.60652,5000,1.8182387175383392,0.5371702637889688,834,1.835803151892397,0.519,0.9986517553165396,0.08332972593697825,,,0.99,,0.9900107286803723,0.00998927131962768,0.9976889025367105,0.09986137499075476,5,0.001,0.1,0.9968328393334598,0.9968677394883864,1.0,0.996993673524819,0.9974784503326989,0.9972796765639625,0.9971215497563951,0.9967632911401034,0.9968862719887841,0.9975711048399785,0.9965928891450299,0.9968236987105807
5,3,1.4405363841421286,0.58916,5000,1.8383114514527497,0.5023980815347722,834,1.835803151892397,0.519,0.998435006706128,0.08331519885035557,,,0.99,,0.9900107286803723,0.00998927131962768,0.9976889025367105,0.09986137499075476,5,0.001,0.1,0.9973054159134579,0.9968001459621361,0.996993673524819,1.0,0.9970183797487535,0.9971463334800608,0.9969068752590861,0.9967161894245746,0.9964445477116962,0.9964756764943207,0.9965345567881234,0.9962733158163963
5,4,1.4329835555356019,0.61916,5000,1.8224049188472606,0.517406962785114,833,1.835803151892397,0.519,0.9987978772443213,0.08335238262095053,,,0.99,,0.9900107286803723,0.00998927131962768,0.9976889025367105,0.09986137499075476,5,0.001,0.1,0.9972495785484231,0.9969827339361678,0.9974784503326989,0.9970183797487535,1.0,0.9970167162770426,0.9975208096019599,0.9971933475059971,0.9972317341531837,0.9977700516690438,0.9968425848587428,0.9966571059494422
5,5,1.4269482429619806,0.59876,5000,1.8276843627293904,0.5162064825930373,833,1.835803151892397,0.519,0.9985626476385233,0.08334585990561136,,,0.99,,0.9900107286803723,0.00998927131962768,0.9976889025367105,0.09986137499075476,5,0.001,0.1,0.9971779721536862,0.9972380038980299,0.9972796765639625,0.9971463334800608,0.9970167162770426,1.0,0.9967865095218573,0.9971340877153924,0.9967258824784148,0.9971957617835551,0.9962224671863316,0.9962191897497975
5,6,1.4364156431453243,0.61168,5000,1.8391976312354759,0.47058823529411764,833,1.835803151892397,0.519,0.9985762069748388,0.08333112736087063,,,0.99,,0.9900107286803723,0.00998927131962768,0.9976889025367105,0.09986137499075476,5,0.001,0.1,0.9970947669998418,0.9967993492582057,0.9971215497563951,0.9969068752590861,0.9975208096019599,0.9967865095218573,1.0,0.9971111460864664,0.9961529778165404,0.9972353460994258,0.9968875502816436,0.9966895107218258
5,7,1.425007363641338,0.61048,5000,1.8422816550290142,0.5066026410564226,833,1.835803151892397,0.519,0.998615880843961,0.08332778905875504,,,0.99,,0.9900107286803723,0.00998927131962768,0.9976889025367105,0.09986137499075476,5,0.001,0.1,0.996971298106526,0.9973975561193633,0.9967632911401034,0.9967161894245746,0.9971933475059971,0.9971340877153924,0.9971111460864664,1.0,0.9965004049954586,0.9978083419770029,0.9960831246472355,0.997102288790353
5,8,1.4331200924648602,0.60784,5000,1.853127704726325,0.5090036014405762,833,1.835803151892397,0.519,0.9985499490519617,0.0833451777593948,,,0.99,,0.9900107286803723,0.00998927131962768,0.9976889025367105,0.09986137499075476,5,0.001,0.1,0.9968463211920036,0.9972229971591279,0.9968862719887841,0.9964445477116962,0.9972317341531837,0.9967258824784148,0.9961529778165404,0.9965004049954586,1.0,0.9977919417747017,0.9972170735215193,0.9969702571936475
5,9,1.4239656558462008,0.60772,5000,1.8275937106874254,0.5342136854741897,833,1.835803151892397,0.519,0.9989695059333386,0.08337185792925284,,,0.99,,0.9900107286803723,0.00998927131962768,0.9976889025367105,0.09986137499075476,5,0.001,0.1,0.9970012505357586,0.9976651905889531,0.9975711048399785,0.9964756764943207,0.9977700516690438,0.9971957617835551,0.9972353460994258,0.9978083419770029,0.9977919417747017,1.0,0.9971775620706526,0.9973253108320829
5,10,1.4498022173620333,0.58248,5000,1.8287492284068354,0.5450180072028812,833,1.835803151892397,0.519,0.9984087036040057,0.08329314910334343,,,0.99,,0.9900107286803723,0.00998927131962768,0.9976889025367105,0.09986137499075476,5,0.001,0.1,0.9970752853478048,0.9964860489449646,0.9965928891450299,0.9965345567881234,0.9968425848587428,0.9962224671863316,0.9968875502816436,0.9960831246472355,0.9972170735215193,0.9971775620706526,1.0,0.9971817944588949
5,11,1.4379011101024166,0.59652,5000,1.8388816780514188,0.5186074429771909,833,1.835803151892397,0.519,0.998477582138627,0.08332758294226626,,,0.99,,0.9900107286803723,0.00998927131962768,0.9976889025367105,0.09986137499075476,5,0.001,0.1,0.9971836170171758,0.9966985969882938,0.9968236987105807,0.9962733158163963,0.9966571059494422,0.9962191897497975,0.9966895107218258,0.997102288790353,0.9969702571936475,0.9973253108320829,0.9971817944588949,1.0
6,0,1.3322786052515552,0.6178,5000,1.70813047002863,0.5947242206235012,834,1.7147918177869754,0.5742,0.9984713249502268,0.08333411679504985,,,0.99,,0.9900107286803723,0.00998927131962768,0.9978629627305793,0.09983463115082045,5,0.001,0.1,1.0,0.9963566302042147,0.9964213683221946,0.9967311775540676,0.9968200749650851,0.9965797085815419,0.9966266689026388,0.9965923095619318,0.9963237225783689,0.9964312408212327,0.9964446661357933,0.996516793145152
6,1,1.3134094401529641,0.62992,5000,1.7235723689750388,0.5863309352517986,834,1.7147918177869754,0.5742,0.9984050404893462,0.08333447279852879,,,0.99,,0.9900107286803723,0.00998927131962768,0.9978629627305793,0.09983463115082045,5,0.001,0.1,0.9963566302042147,1.0,0.9963955624084381,0.9959619572705407,0.9964482040163248,0.9964423618606344,0.9964321433215265,0.9969313557127977,0.9969285610923139,0.9971849689223601,0.9960768551480791,0.9958907841371795
6,2,1.3337491934466514,0.63088,5000,1.6937019206859447,0.580335731414868,834,1.7147918177869754,0.5742,0.9983923935076462,0.08333260315060141,,,0.99,,0.9900107286803723,0.00998927131962768,0.9978629627305793,0.09983463115082045,5,0.001,0.1,0.9964213683221946,0.9963955624084381,1.0,0.9963729453052186,0.9967136279414055,0.9965569029941321,0.9966027614567887,0.9960075291708127,0.9961827572514926,0.9971117018893066,0.996185835175244,0.9963471657760499
6,3,1.3380391048777636,0.61816,5000,1.7176336933065344,0.564748201438849,834,1.7147918177869754,0.5742,0.9981807388933817,0.0833168618085147,,,0.99,,0.9900107286803723,0.00998927131962768,0.9978629627305793,0.09983463115082045,5,0.001,0.1,0.9967311775540676,0.9959619572705407,0.9963729453052186,1.0,0.996512012402175,0.9962384502269174,0.996580336608244,0.9960709431569029,0.9959065995022961,0.9956659729013089,0.9962588348505849,0.9960647379695341
6,4,1.3298595536286664,0.63896,5000,1.697845741554543,0.575030012004802,833,1.7147918177869754,0.5742,0.998510760799268,0.0833503191445802,,,0.99,,0.9900107286803723,0.00998927131962768,0.9978629627305793,0.09983463115082045,5,0.001,0.1,0.9968200749650851,0.9964482040163248,0.9967136279414055,0.996512012402175,1.0,0.9960129980672173,0.9967590888827882,0.9967787843540994,0.996616163376333,0.9971497407127974,0.99644059722621,0.9960642483756388
6,5,1.3230780751082547,0.62436,5000,1.7055422862370808,0.5654261704681873,833,1.7147918177869754,0.5742,0.9980336278971003,0.08333091754889983,,,0.99,,0.9900107286803723,0.00998927131962768,0.9978629627305793,0.09983463115082045,5,0.001,0.1,0.9965797085815419,0.9964423618606344,0.9965569029941321,0.9962384502269174,0.9960129980672173,1.0,0.9959918798209451,0.9959944722751792,0.9957380214493659,0.9962999423941845,0.9953160726103333,0.9954286918059863
6,6,1.3319533933499816,0.63508,5000,1.7184920973247952,0.5450180072028812,833,1.7147918177869754,0.5742,0.9983437458943283,0.08333189235501465,,,0.99,,0.9900107286803723,0.00998927131962768,0.9978629627305793,0.09983463115082045,5,0.001,0.1,0.9966266689026388,0.9964321433215265,0.9966027614567887,0.996580336608244,0.9967590888827882,0.9959918798209451,1.0,0.996677333823392,0.9954706119667305,0.9965320174507172,0.9965041134981469,0.9961390241306981
6,7,1.319606784878263,0.63016,5000,1.724323449311433,0.5522208883553421,833,1.7147918177869754,0.5742,0.9983769467958543,0.08333091667119237,,,0.99,,0.9900107286803723,0.00998927131962768,0.9978629627305793,0.09983463115082045,5,0.001,0.1,0.9965923095619318,0.9969313557127977,0.9960075291708127,0.9960709431569029,0.9967787843540994,0.9959944722751792,0.996677333823392,1.0,0.996025138011582,0.9973004957053356,0.9958418890305267,0.9964927483252709
6,8,1.3301262773525944,0.62948,5000,1.736440031616776,0.5570228091236494,833,1.7147918177869754,0.5742,0.9982692544157001,0.08333810491517198,,,0.99,,0.9900107286803723,0.00998927131962768,0.9978629627305793,0.09983463115082045,5,0.001,0.1,0.9963237225783689,0.9969285610923139,0.9961827572514926,0.9959065995022961,0.996616163376333,0.9957380214493659,0.9954706119667305,0.996025138011582,1.0,0.9972346153778159,0.9966554293715133,0.9963407893510103
6,9,1.3208091942368039,0.63352,5000,1.7053406635920207,0.575030012004802,833,1.7147918177869754,0.5742,0.9986951925050065,0.08336821648935919,,,0.99,,0.9900107286803723,0.00998927131962768,0.9978629627305793,0.09983463115082045,5,0.001,0.1,0.9964312408212327,0.9971849689223601,0.9971117018893066,0.9956659729013089,0.9971497407127974,0.9962999423941845,0.9965320174507172,0.9973004957053356,0.9972346153778159,1.0,0.9967769398982924,0.9968366912513489
6,10,1.3480544515476105,0.61232,5000,1.705198464570222,0.6062424969987995,833,1.7147918177869754,0.5742,0.9982551205806269,0.08330573973775462,,,0.99,,0.9900107286803723,0.00998927131962768,0.9978629627305793,0.09983463115082045,5,0.001,0.1,0.9964446661357933,0.9960768551480791,0.996185835175244,0.9962588348505849,0.99644059722621,0.9953160726103333,0.9965041134981469,0.9958418890305267,0.9966554293715133,0.9967769398982924,1.0,0.9967543700679349
6,11,1.3324802974986423,0.62544,5000,1.7195699391541657,0.5882352941176471,833,1.7147918177869754,0.5742,0.9982235431084401,0.0833258385853325,,,0.99,,0.9900107286803723,0.00998927131962768,0.9978629627305793,0.09983463115082045,5,0.001,0.1,0.996516793145152,0.9958907841371795,0.9963471657760499,0.9960647379695341,0.9960642483756388,0.9954286918059863,0.9961390241306981,0.9964927483252709,0.9963407893510103,0.9968366912513489,0.9967543700679349,1.0
7,0,1.2441680278747704,0.64036,5000,1.583302930549339,0.6330935251798561,834,1.590372631725031,0.612,0.9981957349201295,0.0833396217850816,,,0.99,,0.9900107286803723,0.00998927131962768,0.9979364487715364,0.09980158053598648,5,0.001,0.1,1.0,0.9958104169296018,0.9957813855487606,0.996186220302952,0.9959546154287862,0.9960212207039826,0.9959737670250904,0.9959944856728615,0.9954603272974833,0.9958139849019432,0.9957393949297004,0.9958461466050913
7,1,1.2235350222344612,0.64868,5000,1.6003176592014454,0.6330935251798561,834,1.590372631725031,0.612,0.9981788272253618,0.08333929431973847,,,0.99,,0.9900107286803723,0.00998927131962768,0.9979364487715364,0.09980158053598648,5,0.001,0.1,0.9958104169296018,1.0,0.9957106261800768,0.9953763300386008,0.9956601386290386,0.9960385674358956,0.9957414695134484,0.9961825946373011,0.9964323128931267,0.9965089271101517,0.9953708395024624,0.9955466398965708
