round,client_id,client_i_training_loss,client_i_training_accuracy,client_i_training_dataset_size,client_i_evaluation_loss,client_i_evaluation_accuracy,client_i_evaluation_dataset_size,client_i_central_evaluation_loss,client_i_central_evaluation_accuracy,client_i_cosine_similarity,client_i_importance_coefficient,client_i_tanh_val,tanh_normalization_value,client_i_q,client_i_mask_order,client_i_v_nonzero_fraction,client_i_v_sparsity,client_i_v_cosine_similarity,client_i_reward_gradient_norm,local_epochs,learning_rate,gamma,client_0_cosine_similarity,client_1_cosine_similarity,client_2_cosine_similarity,client_3_cosine_similarity,client_4_cosine_similarity,client_5_cosine_similarity,client_6_cosine_similarity,client_7_cosine_similarity,client_8_cosine_similarity,client_9_cosine_similarity,client_10_cosine_similarity,client_11_cosine_similarity
0,0,2.1232957843003,0.296,5000,2.2463577765005605,0.08633093525179857,834,2.2467256087464644,0.0855,0.996112974700948,0.08327577974544394,,,0.95,,0.95001498149061,0.04998501850938997,0,0.0996798695433598,5,0.001,0.1,1.0,0.9932546084266247,0.9902542168290692,0.9927803487059454,0.9931661252100012,0.9953532850516013,0.9907594637567695,0.993189204724635,0.9916906343484303,0.9926802263724105,0.9922259596575168,0.9897677233546054
0,1,2.1219986801694155,0.33376,5000,2.243024366873282,0.10431654676258993,834,2.2467256087464644,0.0855,0.9970404925827941,0.08335332092480842,,,0.95,,0.95001498149061,0.04998501850938997,0,0.0996798695433598,5,0.001,0.1,0.9932546084266247,1.0,0.9898622571126549,0.9909078218054119,0.9929405894444473,0.9960023520899913,0.9921194793836303,0.9960015925927144,0.9933353119275227,0.9952597073066632,0.9940767472277756,0.9924559430716312
0,2,2.1206043645834467,0.33948,5000,2.2423372710192644,0.09592326139088729,834,2.2467256087464644,0.0855,0.9964817150063389,0.0833066067070787,,,0.95,,0.95001498149061,0.04998501850938997,0,0.0996798695433598,5,0.001,0.1,0.9902542168290692,0.9898622571126549,1.0,0.9939844576692519,0.9946753988257819,0.9901817507791355,0.9941770807982805,0.9918643486789535,0.9937568584373557,0.9934177538770074,0.993801528489195,0.993556875157505
0,3,2.1157010737498094,0.32392,5000,2.24544800652398,0.09352517985611511,834,2.2467256087464644,0.0855,0.9964186347276535,0.08330133314923185,,,0.95,,0.95001498149061,0.04998501850938997,0,0.0996798695433598,5,0.001,0.1,0.9927803487059454,0.9909078218054119,0.9939844576692519,1.0,0.994039610277604,0.9933205486085448,0.9921295957094951,0.9906734408189607,0.9942072306650734,0.9919999072739317,0.9919820452013051,0.992752978061088
0,4,2.1214343922912695,0.3066,5000,2.249468353059557,0.08043217286914765,833,2.2467256087464644,0.0855,0.9972822480231,0.0833735318580163,,,0.95,,0.95001498149061,0.04998501850938997,0,0.0996798695433598,5,0.001,0.1,0.9931661252100012,0.9929405894444473,0.9946753988257819,0.994039610277604,1.0,0.9937996982968399,0.9937877355700132,0.9941135872261684,0.992717486184047,0.9923781774847521,0.9942625204600972,0.99322726637575
0,5,2.1128428029406603,0.32792,5000,2.251486954865632,0.08163265306122448,833,2.2467256087464644,0.0855,0.9972402868147285,0.08337002387003206,,,0.95,,0.95001498149061,0.04998501850938997,0,0.0996798695433598,5,0.001,0.1,0.9953532850516013,0.9960023520899913,0.9901817507791355,0.9933205486085448,0.9937996982968399,1.0,0.9921788015091693,0.995806414961316,0.9922610957410074,0.9948879970162193,0.9920297853399299,0.9927845431069405
0,6,2.1230423465655868,0.32056,5000,2.253406295069942,0.06602641056422569,833,2.2467256087464644,0.0855,0.996422873416,0.08330168750670547,,,0.95,,0.95001498149061,0.04998501850938997,0,0.0996798695433598,5,0.001,0.1,0.9907594637567695,0.9921194793836303,0.9941770807982805,0.9921295957094951,0.9937877355700132,0.9921788015091693,1.0,0.9943127409491587,0.9916058339945479,0.9929166367074534,0.9903206179643042,0.9945206999178742
0,7,2.1174346939014024,0.315,5000,2.245868373800207,0.08043217286914765,833,2.2467256087464644,0.0855,0.9973147184099536,0.08337624640631809,,,0.95,,0.95001498149061,0.04998501850938997,0,0.0996798695433598,5,0.001,0.1,0.993189204724635,0.9960015925927144,0.9918643486789535,0.9906734408189607,0.9941135872261684,0.995806414961316,0.9943127409491587,1.0,0.9929142643013815,0.9951433211045293,0.9932100828030908,0.9922675961942705
0,8,2.119960243990467,0.32148,5000,2.2551622567353427,0.0744297719087635,833,2.2467256087464644,0.0855,0.9968778402744589,0.08333972307180577,,,0.95,,0.95001498149061,0.04998501850938997,0,0.0996798695433598,5,0.001,0.1,0.9916906343484303,0.9933353119275227,0.9937568584373557,0.9942072306650734,0.992717486184047,0.9922610957410074,0.9916058339945479,0.9929142643013815,1.0,0.9951892926820329,0.994068629470405,0.9925241879969121
0,9,2.118822016078196,0.34008,5000,2.2465562467221862,0.08883553421368548,833,2.2467256087464644,0.0855,0.9973960272307184,0.08338304388373415,,,0.95,,0.95001498149061,0.04998501850938997,0,0.0996798695433598,5,0.001,0.1,0.9926802263724105,0.9952597073066632,0.9934177538770074,0.9919999072739317,0.9923781774847521,0.9948879970162193,0.9929166367074534,0.9951433211045293,0.9951892926820329,1.0,0.9930669481598805,0.9935292117468305
0,10,2.1186804516300275,0.30832,5000,2.245846951449359,0.08643457382953182,833,2.2467256087464644,0.0855,0.9965838447642418,0.08331514483020387,,,0.95,,0.95001498149061,0.04998501850938997,0,0.0996798695433598,5,0.001,0.1,0.9922259596575168,0.9940767472277756,0.993801528489195,0.9919820452013051,0.9942625204600972,0.9920297853399299,0.9903206179643042,0.9932100828030908,0.994068629470405,0.9930669481598805,1.0,0.9917092986201438
0,11,2.1176627348942363,0.33904,5000,2.246640337838067,0.08763505402160865,833,2.2467256087464644,0.0855,0.9964452480978799,0.08330355804662155,,,0.95,,0.95001498149061,0.04998501850938997,0,0.0996798695433598,5,0.001,0.1,0.9897677233546054,0.9924559430716312,0.993556875157505,0.992752978061088,0.99322726637575,0.9927845431069405,0.9945206999178742,0.9922675961942705,0.9925241879969121,0.9935292117468305,0.9917092986201438,1.0
1,0,1.9359199604411035,0.4124,5000,2.1804043275338634,0.19904076738609114,834,2.1800121065145865,0.1934,0.9978840925164238,0.0832843116696832,,,0.95,,0.95001498149061,0.04998501850938997,0.9785761494685535,0.09983060189670995,5,0.001,0.1,1.0,0.9961549427114288,0.9960753897125636,0.9950457614111353,0.9961537378578793,0.9970189919942202,0.9959099504119071,0.9960312023660235,0.9954693113734681,0.9959431889941132,0.9952016610601481,0.995361805445079
1,1,1.927801246855669,0.45288,5000,2.177209218343099,0.19784172661870503,834,2.1800121065145865,0.1934,0.9985113945091585,0.08335211683415311,,,0.95,,0.95001498149061,0.04998501850938997,0.9785761494685535,0.09983060189670995,5,0.001,0.1,0.9961549427114288,1.0,0.9957743420901773,0.9945769792053086,0.9973762686074749,0.9972544212241962,0.9964849290089334,0.9976358796505287,0.9968968700374091,0.9968201460108305,0.9963069898151613,0.9965939658511216
1,2,1.9299910385897205,0.4466,5000,2.172546766422413,0.2170263788968825,834,2.1800121065145865,0.1934,0.9984032523497393,0.08331997604704976,,,0.95,,0.95001498149061,0.04998501850938997,0.9785761494685535,0.09983060189670995,5,0.001,0.1,0.9960753897125636,0.9957743420901773,1.0,0.9958553084377422,0.9964744090769236,0.9959978453412859,0.9971761384140512,0.9967359208517811,0.9967611936659914,0.997231536157823,0.9961722412426939,0.9963300570157845
1,3,1.9213167192070348,0.4408,5000,2.1788701746198864,0.20503597122302158,834,2.1800121065145865,0.1934,0.9974745905237528,0.0832867652974546,,,0.95,,0.95001498149061,0.04998501850938997,0.9785761494685535,0.09983060189670995,5,0.001,0.1,0.9950457614111353,0.9945769792053086,0.9958553084377422,1.0,0.9952448035042945,0.9961516261253154,0.9954658708343859,0.9952109512254423,0.9953456542688893,0.995559035209291,0.9954565416375444,0.9955479186756601
1,4,1.9297057897421965,0.4236,5000,2.1825534149452492,0.1716686674669868,833,2.1800121065145865,0.1934,0.998696432337794,0.08337048516429325,,,0.95,,0.95001498149061,0.04998501850938997,0.9785761494685535,0.09983060189670995,5,0.001,0.1,0.9961537378578793,0.9973762686074749,0.9964744090769236,0.9952448035042945,1.0,0.9973367702749627,0.9970262767925586,0.9979432162809757,0.9965571956062557,0.9970233660317845,0.9963663742261486,0.996589787475201
1,5,1.9143773792655605,0.45256,5000,2.1838952876903392,0.19327731092436976,833,2.1800121065145865,0.1934,0.9985716968949762,0.08336430733989648,,,0.95,,0.95001498149061,0.04998501850938997,0.9785761494685535,0.09983060189670995,5,0.001,0.1,0.9970189919942202,0.9972544212241962,0.9959978453412859,0.9961516261253154,0.9973367702749627,1.0,0.9968822423270007,0.9975483076941016,0.995765324786053,0.9969625088102843,0.9948466894926052,0.9968341180523933
1,6,1.9313409465133764,0.4394,5000,2.185344210377446,0.18007202881152462,833,2.1800121065145865,0.1934,0.9984737772150224,0.08331923556429326,,,0.95,,0.95001498149061,0.04998501850938997,0.9785761494685535,0.09983060189670995,5,0.001,0.1,0.9959099504119071,0.9964849290089334,0.9971761384140512,0.9954658708343859,0.9970262767925586,0.9968822423270007,1.0,0.9975951595125785,0.9961985437227149,0.9965701704383356,0.9950653895985517,0.9970536682461858
1,7,1.920394005441362,0.44048,5000,2.175756719377306,0.2028811524609844,833,2.1800121065145865,0.1934,0.9988149998954959,0.0833759772741244,,,0.95,,0.95001498149061,0.04998501850938997,0.9785761494685535,0.09983060189670995,5,0.001,0.1,0.9960312023660235,0.9976358796505287,0.9967359208517811,0.9952109512254423,0.9979432162809757,0.9975483076941016,0.9975951595125785,1.0,0.9967047993448204,0.9970628007688478,0.996270538940752,0.9967738240484496
1,8,1.928602760916303,0.44776,5000,2.191016594568888,0.1524609843937575,833,2.1800121065145865,0.1934,0.9982604846150125,0.08333567803971322,,,0.95,,0.95001498149061,0.04998501850938997,0.9785761494685535,0.09983060189670995,5,0.001,0.1,0.9954693113734681,0.9968968700374091,0.9967611936659914,0.9953456542688893,0.9965571956062557,0.995765324786053,0.9961985437227149,0.9967047993448204,1.0,0.9969916111008275,0.9958416738214875,0.9963394988674057
1,9,1.9252500736030045,0.45724,5000,2.1809188259972467,0.19207683073229292,833,2.1800121065145865,0.1934,0.998572382325196,0.0833723146996305,,,0.95,,0.95001498149061,0.04998501850938997,0.9785761494685535,0.09983060189670995,5,0.001,0.1,0.9959431889941132,0.9968201460108305,0.997231536157823,0.995559035209291,0.9970233660317845,0.9969625088102843,0.9965701704383356,0.9970628007688478,0.9969916111008275,1.0,0.9955671324136642,0.9968749761385816
1,10,1.926070949074569,0.42588,5000,2.1812172024338334,0.20048019207683074,833,2.1800121065145865,0.1934,0.9977232430334085,0.08330326236703228,,,0.95,,0.95001498149061,0.04998501850938997,0.9785761494685535,0.09983060189670995,5,0.001,0.1,0.9952016610601481,0.9963069898151613,0.9961722412426939,0.9954565416375444,0.9963663742261486,0.9948466894926052,0.9950653895985517,0.996270538940752,0.9958416738214875,0.9955671324136642,1.0,0.9953422650361133
1,11,1.9219511145998718,0.46488,5000,2.1773006121317544,0.20888355342136855,833,2.1800121065145865,0.1934,0.9983246696230884,0.08331556970267595,,,0.95,,0.95001498149061,0.04998501850938997,0.9785761494685535,0.09983060189670995,5,0.001,0.1,0.995361805445079,0.9965939658511216,0.9963300570157845,0.9955479186756601,0.996589787475201,0.9968341180523933,0.9970536682461858,0.9967738240484496,0.9963394988674057,0.9968749761385816,0.9953422650361133,1.0
2,0,1.742575989103621,0.49024,5000,2.0986783504486084,0.39688249400479614,834,2.0975501087907786,0.3868,0.9984386369370819,0.08329825065847916,,,0.95,,0.95001498149061,0.04998501850938997,0.9913959797857542,0.09985924041094259,5,0.001,0.1,1.0,0.997237143673224,0.9964417920422378,0.9969530815775258,0.9970838192791422,0.9970814328626049,0.9966486042225504,0.9970616953076921,0.9966656141195922,0.9964644757640456,0.9967908295203007,0.9959937893152315
2,1,1.7298848039785009,0.52868,5000,2.095809724595812,0.3752997601918465,834,2.0975501087907786,0.3868,0.998876198686166,0.08335395387032792,,,0.95,,0.95001498149061,0.04998501850938997,0.9913959797857542,0.09985924041094259,5,0.001,0.1,0.997237143673224,1.0,0.9969086828451287,0.9965007984276353,0.9979041054306709,0.9968612381444673,0.9972647102015607,0.9979573036450777,0.9975815009637885,0.997148960654774,0.9977574441032544,0.9965408052521062
2,2,1.73390273835249,0.52168,5000,2.0864197236520274,0.434052757793765,834,2.0975501087907786,0.3868,0.9984422623760578,0.08332023838538381,,,0.95,,0.95001498149061,0.04998501850938997,0.9913959797857542,0.09985924041094259,5,0.001,0.1,0.9964417920422378,0.9969086828451287,1.0,0.9964146225124119,0.9968839900667498,0.9959402065940207,0.9973868981456108,0.9971396587602409,0.997294143476209,0.9964497844303557,0.9976107216780223,0.9959943555193447
2,3,1.7255493117745515,0.51608,5000,2.0967477206830627,0.38489208633093525,834,2.0975501087907786,0.3868,0.9984226806416773,0.08329924031420145,,,0.95,,0.95001498149061,0.04998501850938997,0.9913959797857542,0.09985924041094259,5,0.001,0.1,0.9969530815775258,0.9965007984276353,0.9964146225124119,1.0,0.9966174361119506,0.9976654769760918,0.9968689286433133,0.996691259429718,0.9966065219101249,0.997195069481836,0.9957427534039957,0.996974903730243
2,4,1.735840696741821,0.5056,5000,2.099111141981902,0.38055222088835533,833,2.0975501087907786,0.3868,0.9988330048277351,0.08336382389994429,,,0.95,,0.95001498149061,0.04998501850938997,0.9913959797857542,0.09985924041094259,5,0.001,0.1,0.9970838192791422,0.9979041054306709,0.9968839900667498,0.9966174361119506,1.0,0.9968788876176812,0.9973079421340555,0.9980216686844603,0.9972973616891712,0.9971776495094665,0.9974533516405689,0.9965182405775098
2,5,1.7165301824071604,0.52988,5000,2.1006164374174894,0.4141656662665066,833,2.0975501087907786,0.3868,0.9985020397308703,0.08334935332336801,,,0.95,,0.95001498149061,0.04998501850938997,0.9913959797857542,0.09985924041094259,5,0.001,0.1,0.9970814328626049,0.9968612381444673,0.9959402065940207,0.9976654769760918,0.9968788876176812,1.0,0.9966740834457977,0.997204668655777,0.9958521742643072,0.9976755565260998,0.9961141814135646,0.9972312347246545
2,6,1.7348006407926038,0.52604,5000,2.1018674815142595,0.36494597839135656,833,2.0975501087907786,0.3868,0.9986777538838365,0.083327384930386,,,0.95,,0.95001498149061,0.04998501850938997,0.9913959797857542,0.09985924041094259,5,0.001,0.1,0.9966486042225504,0.9972647102015607,0.9973868981456108,0.9968689286433133,0.9973079421340555,0.9966740834457977,1.0,0.9974449583993785,0.9969050412790155,0.9967905726472894,0.9968800238562321,0.9971145459101534
2,7,1.7224936078308495,0.53428,5000,2.08934775546745,0.3985594237695078,833,2.0975501087907786,0.3868,0.9988596895733028,0.08336805313149223,,,0.95,,0.95001498149061,0.04998501850938997,0.9913959797857542,0.09985924041094259,5,0.001,0.1,0.9970616953076921,0.9979573036450777,0.9971396587602409,0.996691259429718,0.9980216686844603,0.997204668655777,0.9974449583993785,1.0,0.9971821145734404,0.9966953308729473,0.9974987362738753,0.9965669094465733
2,8,1.7323905394335462,0.52244,5000,2.1117291892016374,0.3793517406962785,833,2.0975501087907786,0.3868,0.9985621565388795,0.08333373708672899,,,0.95,,0.95001498149061,0.04998501850938997,0.9913959797857542,0.09985924041094259,5,0.001,0.1,0.9966656141195922,0.9975815009637885,0.997294143476209,0.9966065219101249,0.9972973616891712,0.9958521742643072,0.9969050412790155,0.9971821145734404,1.0,0.996769625387863,0.9976143010432792,0.9961323684955157
2,9,1.727907250185681,0.53508,5000,2.0995640754699707,0.35294117647058826,833,2.0975501087907786,0.3868,0.9986065956353483,0.08335763833964838,,,0.95,,0.95001498149061,0.04998501850938997,0.9913959797857542,0.09985924041094259,5,0.001,0.1,0.9964644757640456,0.997148960654774,0.9964497844303557,0.997195069481836,0.9971776495094665,0.9976755565260998,0.9967905726472894,0.9966953308729473,0.996769625387863,1.0,0.9966215866264525,0.9974429537982763
2,10,1.7294960230019443,0.51092,5000,2.100477898562396,0.3673469387755102,833,2.0975501087907786,0.3868,0.99860378241176,0.08331520210006235,,,0.95,,0.95001498149061,0.04998501850938997,0.9913959797857542,0.09985924041094259,5,0.001,0.1,0.9967908295203007,0.9977574441032544,0.9976107216780223,0.9957427534039957,0.9974533516405689,0.9961141814135646,0.9968800238562321,0.9974987362738753,0.9976143010432792,0.9966215866264525,1.0,0.9963159513504414
2,11,1.7231150039442027,0.54112,5000,2.0915794284255416,0.39255702280912363,833,2.0975501087907786,0.3868,0.9983055557493796,0.08331312395997746,,,0.95,,0.95001498149061,0.04998501850938997,0.9913959797857542,0.09985924041094259,5,0.001,0.1,0.9959937893152315,0.9965408052521062,0.9959943555193447,0.996974903730243,0.9965182405775098,0.9972312347246545,0.9971145459101534,0.9965669094465733,0.9961323684955157,0.9974429537982763,0.9963159513504414,1.0
3,0,1.5722106299582561,0.548,5000,1.9996642536587186,0.4904076738609113,834,1.9977522113452704,0.4835,0.998577654360995,0.08330693887769111,,,0.95,,0.95001498149061,0.04998501850938997,0.9957362628407168,0.09987272749244563,5,0.001,0.1,1.0,0.9974499340050658,0.9967198277511615,0.9970507114286649,0.9971030502056667,0.9976569487975353,0.9966241007313112,0.9971801998146901,0.9972170028929924,0.9972187907529777,0.9969310940265677,0.9965498703042299
3,1,1.5587968303899098,0.57676,5000,1.9974034936339766,0.4460431654676259,834,1.9977522113452704,0.4835,0.9990262779550465,0.0833555752155516,,,0.95,,0.95001498149061,0.04998501850938997,0.9957362628407168,0.09987272749244563,5,0.001,0.1,0.9974499340050658,1.0,0.9972145142706431,0.9971563489929717,0.9979406149673342,0.99770741464781,0.9972036863295287,0.9977481125725738,0.9976302138533797,0.9979286714668308,0.9977551209587286,0.997341606415887
3,2,1.563431606095308,0.56972,5000,1.9824311203426785,0.5371702637889688,834,1.9977522113452704,0.4835,0.9986497688769578,0.08332274928042227,,,0.95,,0.95001498149061,0.04998501850938997,0.9957362628407168,0.09987272749244563,5,0.001,0.1,0.9967198277511615,0.9972145142706431,1.0,0.9968041194236997,0.9969362048911029,0.9967852607428548,0.9970912240490585,0.9975814060971251,0.9974385964463888,0.9970206775137744,0.997834889657325,0.9971386671198208
3,3,1.5563168262220493,0.56624,5000,1.9976106043215152,0.4676258992805755,834,1.9977522113452704,0.4835,0.9985068966851973,0.0833052621101762,,,0.95,,0.95001498149061,0.04998501850938997,0.9957362628407168,0.09987272749244563,5,0.001,0.1,0.9970507114286649,0.9971563489929717,0.9968041194236997,1.0,0.9967581128087327,0.9978326217646628,0.9966646643168239,0.9968973802435638,0.9970711297266656,0.9972510177818674,0.9965167770222042,0.9968508722659909
3,4,1.5663983587246793,0.56192,5000,1.9976089133156671,0.4717887154861945,833,1.9977522113452704,0.4835,0.9987732345575189,0.0833534608579611,,,0.95,,0.95001498149061,0.04998501850938997,0.9957362628407168,0.09987272749244563,5,0.001,0.1,0.9971030502056667,0.9979406149673342,0.9969362048911029,0.9967581128087327,1.0,0.9973916309106517,0.9969655519729972,0.9976211029231776,0.9973308598077907,0.9976000543969465,0.9974726637492664,0.9969231654041625
3,5,1.5453487243621973,0.58352,5000,2.000134657930445,0.5126050420168067,833,1.9977522113452704,0.4835,0.998865456241645,0.08334756378636773,,,0.95,,0.95001498149061,0.04998501850938997,0.9957362628407168,0.09987272749244563,5,0.001,0.1,0.9976569487975353,0.99770741464781,0.9967852607428548,0.9978326217646628,0.9973916309106517,1.0,0.9967835817263072,0.9977783709474362,0.9967717837308439,0.9978652625947448,0.9971366749620693,0.9974397731271176
3,6,1.5628501488904285,0.58404,5000,2.0010990699132285,0.468187274909964,833,1.9977522113452704,0.4835,0.9984506812349304,0.08332070623365567,,,0.95,,0.95001498149061,0.04998501850938997,0.9957362628407168,0.09987272749244563,5,0.001,0.1,0.9966241007313112,0.9972036863295287,0.9970912240490585,0.9966646643168239,0.9969655519729972,0.9967835817263072,1.0,0.9971625530958549,0.9967488239768235,0.9967539929341991,0.9968938470097004,0.9972870790493574
3,7,1.5511274513924957,0.58684,5000,1.984706891907586,0.4885954381752701,833,1.9977522113452704,0.4835,0.9988854225692236,0.08335967499331234,,,0.95,,0.95001498149061,0.04998501850938997,0.9957362628407168,0.09987272749244563,5,0.001,0.1,0.9971801998146901,0.9977481125725738,0.9975814060971251,0.9968973802435638,0.9976211029231776,0.9977783709474362,0.9971625530958549,1.0,0.9973363547982302,0.9970309029816268,0.9977614058765313,0.9972901428251152
3,8,1.5615325650591758,0.57464,5000,2.015713678465949,0.4789915966386555,833,1.9977522113452704,0.4835,0.9987099455289542,0.08333296888875043,,,0.95,,0.95001498149061,0.04998501850938997,0.9957362628407168,0.09987272749244563,5,0.001,0.1,0.9972170028929924,0.9976302138533797,0.9974385964463888,0.9970711297266656,0.9973308598077907,0.9967717837308439,0.9967488239768235,0.9973363547982302,1.0,0.9973015791385861,0.9975656831376966,0.99687409429334
3,9,1.5561651582930498,0.58156,5000,2.001064803865221,0.4765906362545018,833,1.9977522113452704,0.4835,0.9988402324939654,0.08335183012948283,,,0.95,,0.95001498149061,0.04998501850938997,0.9957362628407168,0.09987272749244563,5,0.001,0.1,0.9972187907529777,0.9979286714668308,0.9970206775137744,0.9972510177818674,0.9976000543969465,0.9978652625947448,0.9967539929341991,0.9970309029816268,0.9973015791385861,1.0,0.9973520609403493,0.9975236582490761
3,10,1.5588776248275853,0.56804,5000,2.002257819528933,0.46218487394957986,833,1.9977522113452704,0.4835,0.9988141771315989,0.08332496710823722,,,0.95,,0.95001498149061,0.04998501850938997,0.9957362628407168,0.09987272749244563,5,0.001,0.1,0.9969310940265677,0.9977551209587286,0.997834889657325,0.9965167770222042,0.9974726637492664,0.9971366749620693,0.9968938470097004,0.9977614058765313,0.9975656831376966,0.9973520609403493,1.0,0.9973151237513662
3,11,1.5504700136792129,0.5902,5000,1.9879040629775435,0.5018007202881153,833,1.9977522113452704,0.4835,0.9986471611635861,0.08331830251839133,,,0.95,,0.95001498149061,0.04998501850938997,0.9957362628407168,0.09987272749244563,5,0.001,0.1,0.9965498703042299,0.997341606415887,0.9971386671198208,0.9968508722659909,0.9969231654041625,0.9974397731271176,0.9972870790493574,0.9972901428251152,0.99687409429334,0.9975236582490761,0.9973151237513662,1.0
4,0,1.4336849709984603,0.58376,5000,1.8848140637079875,0.5515587529976019,834,1.882100659818314,0.5419,0.998292856657135,0.08330880929504332,,,0.95,,0.95001498149061,0.04998501850938997,0.9977687753351431,0.09985493535843325,5,0.001,0.1,1.0,0.996719042630901,0.9962110659624146,0.9967210931611057,0.9965731653685563,0.996964000259036,0.9955682809418902,0.9969153198031864,0.9969243638272308,0.9969862946994463,0.9967349493135518,0.995841547388172
4,1,1.4198006147032332,0.6064,5000,1.8830640139403167,0.5251798561151079,834,1.882100659818314,0.5419,0.9989097298391626,0.0833585456921379,,,0.95,,0.95001498149061,0.04998501850938997,0.9977687753351431,0.09985493535843325,5,0.001,0.1,0.996719042630901,1.0,0.99734403538633,0.9967290701903831,0.9976441879332578,0.9975336987970759,0.9969082839295279,0.9975428010114842,0.9973354523763114,0.9973362016319754,0.9977394860588344,0.9967166802122607
4,2,1.4234522618305911,0.6066,5000,1.8620626705664176,0.5959232613908872,834,1.882100659818314,0.5419,0.9985920243745461,0.08332816096646839,,,0.95,,0.95001498149061,0.04998501850938997,0.9977687753351431,0.09985493535843325,5,0.001,0.1,0.9962110659624146,0.99734403538633,1.0,0.9964624458512141,0.9968819768682889,0.9967158559322147,0.9967030543025077,0.9974514662694594,0.9972155857439886,0.9965573434234172,0.9977724633142185,0.9964279454747267
4,3,1.4195171176248296,0.59928,5000,1.8827506877757885,0.5155875299760192,834,1.882100659818314,0.5419,0.9983298952617816,0.08330897648628921,,,0.95,,0.95001498149061,0.04998501850938997,0.9977687753351431,0.09985493535843325,5,0.001,0.1,0.9967210931611057,0.9967290701903831,0.9964624458512141,1.0,0.9964082803597563,0.9974176478151564,0.9959150806244516,0.9968061795095595,0.9965932819051246,0.9968911156889912,0.9964218612898821,0.9962370898228685
4,4,1.4290746735159758,0.59484,5000,1.8798645514029044,0.539015606242497,833,1.882100659818314,0.5419,0.9986442525039047,0.0833486804778018,,,0.95,,0.95001498149061,0.04998501850938997,0.9977687753351431,0.09985493535843325,5,0.001,0.1,0.9965731653685563,0.9976441879332578,0.9968819768682889,0.9964082803597563,1.0,0.9970075094272246,0.9965289650156659,0.9975263001516286,0.9968780556651649,0.9969776643920047,0.9973814811391472,0.9965601388836738
4,5,1.4051560367748237,0.61596,5000,1.8837232368963737,0.5594237695078031,833,1.882100659818314,0.5419,0.9987268489333209,0.08334773001149524,,,0.95,,0.95001498149061,0.04998501850938997,0.9977687753351431,0.09985493535843325,5,0.001,0.1,0.996964000259036,0.9975336987970759,0.9967158559322147,0.9974176478151564,0.9970075094272246,1.0,0.9962801202462629,0.9975657490543918,0.9963813238278009,0.9973744852346857,0.9972563379325683,0.9968613026676416
4,6,1.4244652912874889,0.6114,5000,1.8840601797457095,0.5186074429771909,833,1.882100659818314,0.5419,0.9980919772182952,0.08331076846879652,,,0.95,,0.95001498149061,0.04998501850938997,0.9977687753351431,0.09985493535843325,5,0.001,0.1,0.9955682809418902,0.9969082839295279,0.9967030543025077,0.9959150806244516,0.9965289650156659,0.9962801202462629,1.0,0.9965745428039724,0.9959007899534196,0.9959024030210606,0.9966643209969732,0.9968058663370686
4,7,1.4125261124531934,0.61688,5000,1.8637234546520092,0.5378151260504201,833,1.882100659818314,0.5419,0.9988289819584851,0.08335845363718064,,,0.95,,0.95001498149061,0.04998501850938997,0.9977687753351431,0.09985493535843325,5,0.001,0.1,0.9969153198031864,0.9975428010114842,0.9974514662694594,0.9968061795095595,0.9975263001516286,0.9975657490543918,0.9965745428039724,1.0,0.9970054133371493,0.9967153982726786,0.9976950364712365,0.996783259740727
4,8,1.421984074146125,0.60368,5000,1.9048788017696805,0.5270108043217286,833,1.882100659818314,0.5419,0.9984883822883689,0.08333108294301826,,,0.95,,0.95001498149061,0.04998501850938997,0.9977687753351431,0.09985493535843325,5,0.001,0.1,0.9969243638272308,0.9973354523763114,0.9972155857439886,0.9965932819051246,0.9968780556651649,0.9963813238278009,0.9959007899534196,0.9970054133371493,1.0,0.9969531316248974,0.9973645004453993,0.9959492294910983
4,9,1.4173188655999056,0.6134,5000,1.8869538881160595,0.5378151260504201,833,1.882100659818314,0.5419,0.9985628609352271,0.08334505343041487,,,0.95,,0.95001498149061,0.04998501850938997,0.9977687753351431,0.09985493535843325,5,0.001,0.1,0.9969862946994463,0.9973362016319754,0.9965573434234172,0.9968911156889912,0.9969776643920047,0.9973744852346857,0.9959024030210606,0.9967153982726786,0.9969531316248974,1.0,0.996926742635797,0.9967721462619415
4,10,1.4219024182884556,0.60676,5000,1.8878540507069341,0.5366146458583433,833,1.882100659818314,0.5419,0.9988653769317657,0.08333834381559709,,,0.95,,0.95001498149061,0.04998501850938997,0.9977687753351431,0.09985493535843325,5,0.001,0.1,0.9967349493135518,0.9977394860588344,0.9977724633142185,0.9964218612898821,0.9973814811391472,0.9972563379325683,0.9966643209969732,0.9976950364712365,0.9973645004453993,0.996926742635797,1.0,0.9970612619335004
4,11,1.4104225006832438,0.6236,5000,1.8681819262327972,0.5582232893157263,833,1.882100659818314,0.5419,0.9982809828919011,0.08331539477575686,,,0.95,,0.95001498149061,0.04998501850938997,0.9977687753351431,0.09985493535843325,5,0.001,0.1,0.995841547388172,0.9967166802122607,0.9964279454747267,0.9962370898228685,0.9965601388836738,0.9968613026676416,0.9968058663370686,0.996783259740727,0.9959492294910983,0.9967721462619415,0.9970612619335004,1.0
5,0,1.3190158575203768,0.61504,5000,1.7582727803124323,0.6103117505995204,834,1.75512702929707,0.6085,0.9979996487528469,0.08330692194884301,,,0.95,,0.95001498149061,0.04998501850938997,0.9980593686221131,0.09983498196177319,5,0.001,0.1,1.0,0.9957988543803132,0.9956936527456294,0.9959402825214329,0.9957740225220124,0.9960630516664012,0.9958062476106389,0.9962885528730099,0.9968259798773512,0.9963511755830797,0.9961822008880876,0.9955357908615611
5,1,1.30578710949345,0.63484,5000,1.7573245543020743,0.6127098321342925,834,1.75512702929707,0.6085,0.9985438590215671,0.0833549913836592,,,0.95,,0.95001498149061,0.04998501850938997,0.9980593686221131,0.09983498196177319,5,0.001,0.1,0.9957988543803132,1.0,0.9967260493099313,0.9961784226762761,0.997064781440167,0.9972153515661116,0.9963959923404546,0.9969000109218272,0.9963810436812145,0.9967908429384538,0.9971843476456282,0.9961410367283786
5,2,1.3089608194721731,0.635,5000,1.7303448915481567,0.6498800959232613,834,1.75512702929707,0.6085,0.9984410803721977,0.08333303904214363,,,0.95,,0.95001498149061,0.04998501850938997,0.9980593686221131,0.09983498196177319,5,0.001,0.1,0.9956936527456294,0.9967260493099313,1.0,0.9961566530521138,0.9966199341368311,0.9962090265341687,0.9966173376767666,0.9970034901943815,0.9964982286116935,0.9963303643138302,0.9973564463283784,0.99633577998389
5,3,1.3065891564272012,0.62644,5000,1.756902601983812,0.6019184652278178,834,1.75512702929707,0.6085,0.9981125548335993,0.08331066894298689,,,0.95,,0.95001498149061,0.04998501850938997,0.9980593686221131,0.09983498196177319,5,0.001,0.1,0.9959402825214329,0.9961784226762761,0.9961566530521138,1.0,0.9960771509385284,0.9971452810209077,0.995792458064799,0.9964878196506818,0.9956147981979615,0.996241098017654,0.9961457126714849,0.9958324224959052
5,4,1.3156654915232566,0.62284,5000,1.7504294139367562,0.5846338535414166,833,1.75512702929707,0.6085,0.9984052140962737,0.08334446583008495,,,0.95,,0.95001498149061,0.04998501850938997,0.9980593686221131,0.09983498196177319,5,0.001,0.1,0.9957740225220124,0.997064781440167,0.9966199341368311,0.9960771509385284,1.0,0.9965514138944686,0.9963852178414002,0.9970734932464657,0.9958786356529981,0.9965925398567048,0.9969343614735311,0.9961645831881173
5,5,1.291365427272335,0.6402,5000,1.7556599422737404,0.6266506602641057,833,1.75512702929707,0.6085,0.9984595099971337,0.0833456355131099,,,0.95,,0.95001498149061,0.04998501850938997,0.9980593686221131,0.09983498196177319,5,0.001,0.1,0.9960630516664012,0.9972153515661116,0.9962090265341687,0.9971452810209077,0.9965514138944686,1.0,0.9960100079665631,0.9968177416964654,0.9956683462179651,0.9967496879566856,0.9967904244458018,0.9965466825988376
5,6,1.309231646729123,0.63672,5000,1.755825921341225,0.5882352941176471,833,1.75512702929707,0.6085,0.9981929926534299,0.08331436438078946,,,0.95,,0.95001498149061,0.04998501850938997,0.9980593686221131,0.09983498196177319,5,0.001,0.1,0.9958062476106389,0.9963959923404546,0.9966173376767666,0.995792458064799,0.9963852178414002,0.9960100079665631,1.0,0.9965338471898995,0.9955478874327016,0.9958856545659903,0.9968435960231857,0.996757680004855
5,7,1.2992086635273732,0.64504,5000,1.731030852706344,0.6062424969987995,833,1.75512702929707,0.6085,0.9986026419852034,0.08335683236199294,,,0.95,,0.95001498149061,0.04998501850938997,0.9980593686221131,0.09983498196177319,5,0.001,0.1,0.9962885528730099,0.9969000109218272,0.9970034901943815,0.9964878196506818,0.9970734932464657,0.9968177416964654,0.9965338471898995,1.0,0.9963291786325909,0.9963761526791576,0.9972871334698228,0.9963840085234966
5,8,1.3097564261430388,0.6342,5000,1.7836082334871646,0.5798319327731093,833,1.75512702929707,0.6085,0.9980965361624294,0.08332370964981951,,,0.95,,0.95001498149061,0.04998501850938997,0.9980593686221131,0.09983498196177319,5,0.001,0.1,0.9968259798773512,0.9963810436812145,0.9964982286116935,0.9956147981979615,0.9958786356529981,0.9956683462179651,0.9955478874327016,0.9963291786325909,1.0,0.9962309660877459,0.9969344125028756,0.995509930452952
5,9,1.3025133378186804,0.64264,5000,1.7615250613954332,0.6038415366146459,833,1.75512702929707,0.6085,0.9983984002262493,0.08334202143934567,,,0.95,,0.95001498149061,0.04998501850938997,0.9980593686221131,0.09983498196177319,5,0.001,0.1,0.9963511755830797,0.9967908429384538,0.9963303643138302,0.996241098017654,0.9965925398567048,0.9967496879566856,0.9958856545659903,0.9963761526791576,0.9962309660877459,1.0,0.9967656687643879,0.9967209627416597
5,10,1.3075768008353603,0.63152,5000,1.7613010538948908,0.602641056422569,833,1.75512702929707,0.6085,0.998756457252956,0.0833494640695888,,,0.95,,0.95001498149061,0.04998501850938997,0.9980593686221131,0.09983498196177319,5,0.001,0.1,0.9961822008880876,0.9971843476456282,0.9973564463283784,0.9961457126714849,0.9969343614735311,0.9967904244458018,0.9968435960231857,0.9972871334698228,0.9969344125028756,0.9967656687643879,1.0,0.9969005124805852
5,11,1.2952121149962115,0.64748,5000,1.73678986231486,0.6350540216086434,833,1.75512702929707,0.6085,0.9982141759477342,0.08331788543763595,,,0.95,,0.95001498149061,0.04998501850938997,0.9980593686221131,0.09983498196177319,5,0.001,0.1,0.9955357908615611,0.9961410367283786,0.99633577998389,0.9958324224959052,0.9961645831881173,0.9965466825988376,0.996757680004855,0.9963840085234966,0.995509930452952,0.9967209627416597,0.9969005124805852,1.0
6,0,1.2239882554218269,0.64016,5000,1.62463880026782,0.6270983213429256,834,1.6214751633592308,0.6434,0.9979081454609823,0.08330929435741465,,,0.95,,0.95001498149061,0.04998501850938997,0.99774139681397,0.09981489360754953,5,0.001,0.1,1.0,0.9959659476276923,0.9954325218242308,0.9955893107028883,0.9954408780695158,0.996046343462004,0.9957115994854058,0.9959881987351376,0.9962648303988866,0.995726100001446,0.9953959771949096,0.9951960377352782
6,1,1.2102684320917554,0.65572,5000,1.6248776647779677,0.6474820143884892,834,1.6214751633592308,0.6434,0.9984762885547538,0.08335711769474281,,,0.95,,0.95001498149061,0.04998501850938997,0.99774139681397,0.09981489360754953,5,0.001,0.1,0.9959659476276923,1.0,0.9963426691876944,0.9957336464772256,0.9962725309329475,0.996514356043998,0.9964251839676067,0.9963786020056088,0.996355450944074,0.9967684230427858,0.9967107422272282,0.9960927062579287
6,2,1.2148537796014434,0.6546,5000,1.5920160655622129,0.6834532374100719,834,1.6214751633592308,0.6434,0.9982056667990336,0.08333491741011839,,,0.95,,0.95001498149061,0.04998501850938997,0.99774139681397,0.09981489360754953,5,0.001,0.1,0.9954325218242308,0.9963426691876944,1.0,0.9954969446063398,0.9958028713956761,0.9958937176343143,0.9962256200876862,0.996299109366208,0.9966539499074424,0.9956388112990828,0.9966382617858726,0.9958953159127569
6,3,1.2105429136069716,0.64804,5000,1.6246425531528614,0.6354916067146283,834,1.6214751633592308,0.6434,0.9978610515902354,0.08331007230189792,,,0.95,,0.95001498149061,0.04998501850938997,0.99774139681397,0.09981489360754953,5,0.001,0.1,0.9955893107028883,0.9957336464772256,0.9954969446063398,1.0,0.995195252763769,0.9969605179879162,0.9955072980568473,0.995689212248252,0.9954174032354344,0.995822404538552,0.9953682738864081,0.9954131346405868
6,4,1.2211216338880502,0.6438,5000,1.6140086783303156,0.6254501800720288,833,1.6214751633592308,0.6434,0.9979854725738257,0.0833348178145008,,,0.95,,0.95001498149061,0.04998501850938997,0.99774139681397,0.09981489360754953,5,0.001,0.1,0.9954408780695158,0.9962725309329475,0.9958028713956761,0.995195252763769,1.0,0.9959238448897354,0.9959373571202718,0.9962678199827317,0.9957597204223848,0.995935981646578,0.9956385849179484,0.9955067948271571
6,5,1.1961866739449227,0.65772,5000,1.62063138573258,0.6602641056422569,833,1.6214751633592308,0.6434,0.9984048767913986,0.08334907408910008,,,0.95,,0.95001498149061,0.04998501850938997,0.99774139681397,0.09981489360754953,5,0.001,0.1,0.996046343462004,0.996514356043998,0.9958937176343143,0.9969605179879162,0.9959238448897354,1.0,0.9959989020485017,0.9964437143079895,0.9956475252035671,0.9967483832902891,0.9961419839021487,0.9963863774305172
6,6,1.2145386600190666,0.65668,5000,1.621337480015225,0.6278511404561825,833,1.6214751633592308,0.6434,0.9980630995075472,0.08331886121297838,,,0.95,,0.95001498149061,0.04998501850938997,0.99774139681397,0.09981489360754953,5,0.001,0.1,0.9957115994854058,0.9964251839676067,0.9962256200876862,0.9955072980568473,0.9959373571202718,0.9959989020485017,1.0,0.9956619037848129,0.9953665530933372,0.995446640397077,0.996101807043846,0.9962303820728873
6,7,1.2021775174292788,0.65944,5000,1.591735221721508,0.6482593037214885,833,1.6214751633592308,0.6434,0.9982208200941418,0.0833500000238135,,,0.95,,0.95001498149061,0.04998501850938997,0.99774139681397,0.09981489360754953,5,0.001,0.1,0.9959881987351376,0.9963786020056088,0.996299109366208,0.995689212248252,0.9962678199827317,0.9964437143079895,0.9956619037848129,1.0,0.996099632223224,0.9956758435817509,0.9962759480999875,0.9957201721876195
6,8,1.2140224626869154,0.65304,5000,1.656314452489217,0.6110444177671068,833,1.6214751633592308,0.6434,0.9981340315501799,0.08332688283031582,,,0.95,,0.95001498149061,0.04998501850938997,0.99774139681397,0.09981489360754953,5,0.001,0.1,0.9962648303988866,0.996355450944074,0.9966539499074424,0.9954174032354344,0.9957597204223848,0.9956475252035671,0.9953665530933372,0.996099632223224,1.0,0.9959394909668012,0.9965232840660164,0.9954343403610952
6,9,1.205684316537942,0.66244,5000,1.6298616064919367,0.6290516206482593,833,1.6214751633592308,0.6434,0.9981990804844386,0.0833402140796181,,,0.95,,0.95001498149061,0.04998501850938997,0.99774139681397,0.09981489360754953,5,0.001,0.1,0.995726100001446,0.9967684230427858,0.9956388112990828,0.995822404538552,0.995935981646578,0.9967483832902891,0.995446640397077,0.9956758435817509,0.9959394909668012,1.0,0.9960898966991129,0.9964485086538901
6,10,1.2129485582849782,0.65204,5000,1.6272943637989186,0.6458583433373349,833,1.6214751633592308,0.6434,0.9982837251311196,0.0833475113871538,,,0.95,,0.95001498149061,0.04998501850938997,0.99774139681397,0.09981489360754953,5,0.001,0.1,0.9953959771949096,0.9967107422272282,0.9966382617858726,0.9953682738864081,0.9956385849179484,0.9961419839021487,0.996101807043846,0.9962759480999875,0.9965232840660164,0.9960898966991129,1.0,0.9963691856281259
6,11,1.198410678669146,0.663,5000,1.5990653347086023,0.6794717887154862,833,1.6214751633592308,0.6434,0.9980697898644828,0.08332123679834587,,,0.95,,0.95001498149061,0.04998501850938997,0.99774139681397,0.09981489360754953,5,0.001,0.1,0.9951960377352782,0.9960927062579287,0.9958953159127569,0.9954131346405868,0.9955067948271571,0.9963863774305172,0.9962303820728873,0.9957201721876195,0.9954343403610952,0.9964485086538901,0.9963691856281259,1.0
7,0,1.1425497909260403,0.6538,5000,1.4891533630865592,0.6510791366906474,834,1.4858723387550623,0.6616,0.9976760058823513,0.08331484180027839,,,0.95,,0.95001498149061,0.04998501850938997,0.998484579582462,0.09977906295585626,5,0.001,0.1,1.0,0.9951709894583445,0.9949262809388945,0.9948470062075806,0.9945559311792078,0.9953448594442476,0.9949390374000716,0.9956180537209051,0.9957354136983078,0.9951974473063653,0.9948945961500649,0.9944497055635072
7,1,1.1304129141151524,0.66824,5000,1.490205866319162,0.6630695443645084,834,1.4858723387550623,0.6616,0.998072289855062,0.08335697224103886,,,0.95,,0.95001498149061,0.04998501850938997,0.998484579582462,0.09977906295585626,5,0.001,0.1,0.9951709894583445,1.0,0.9953929746106664,0.9948580809647534,0.995544101378077,0.9957419928359392,0.9958870672036227,0.9953771246318011,0.9955131293370744,0.9958167625549335,0.9958745911181046,0.995244638288793
7,2,1.1330931941415094,0.67252,5000,1.4519456448378387,0.6870503597122302,834,1.4858723387550623,0.6616,0.9977809688428305,0.08333394848445881,,,0.95,,0.95001498149061,0.04998501850938997,0.998484579582462,0.09977906295585626,5,0.001,0.1,0.9949262809388945,0.9953929746106664,1.0,0.9942622851367512,0.9949513369156561,0.9952466451560177,0.9954947241764399,0.9955565851304448,0.9956052207917476,0.9945612617880895,0.9958508729368359,0.9950862144880952
