round,client_id,client_i_training_loss,client_i_training_accuracy,client_i_training_dataset_size,client_i_evaluation_loss,client_i_evaluation_accuracy,client_i_evaluation_dataset_size,client_i_central_evaluation_loss,client_i_central_evaluation_accuracy,client_i_cosine_similarity,client_i_importance_coefficient,client_i_tanh_val,tanh_normalization_value,client_i_q,client_i_mask_order,client_i_v_nonzero_fraction,client_i_v_sparsity,client_i_v_cosine_similarity,client_i_reward_gradient_norm,local_epochs,learning_rate,gamma,client_0_cosine_similarity,client_1_cosine_similarity,client_2_cosine_similarity,client_3_cosine_similarity,client_4_cosine_similarity,client_5_cosine_similarity,client_6_cosine_similarity,client_7_cosine_similarity,client_8_cosine_similarity,client_9_cosine_similarity,client_10_cosine_similarity,client_11_cosine_similarity
0,0,2.1556247460614344,0.38508,5000,2.253684882764463,0.23980815347721823,834,2.251796707177695,0.2402,0.9979357583236181,0.08342475866013398,,,0.98,,0.9800166246218381,0.01998337537816186,0,0.09968421222021721,5,0.001,0.1,1.0,0.9875385552669443,0.99596908421708,0.9916799403322653,0.9958113177036059,0.9961169090808436,0.9951582599405332,0.9959194510695047,0.9943699429020848,0.9947576025552467,0.9948577782806856,0.995233909296121
0,1,2.16282135422822,0.34492,5000,2.2533080842759876,0.2517985611510791,834,2.251796707177695,0.2402,0.991739745818695,0.08290678859686386,,,0.98,,0.9800166246218381,0.01998337537816186,0,0.09968421222021721,5,0.001,0.1,0.9875385552669443,1.0,0.9878681365276188,0.9836172657373076,0.9869599251398993,0.9876639990345745,0.9883952025658874,0.9885775158234538,0.9891502060197299,0.9842081529049701,0.9895319775133535,0.9897844587671558
0,2,2.155007206406563,0.37496,5000,2.254803048239814,0.2182254196642686,834,2.251796707177695,0.2402,0.9975739297366917,0.08339451075861436,,,0.98,,0.9800166246218381,0.01998337537816186,0,0.09968421222021721,5,0.001,0.1,0.99596908421708,0.9878681365276188,1.0,0.9932367471931223,0.9947516263111731,0.9949320568349176,0.9925375466017514,0.9956200253977691,0.9952651204063869,0.9942291214877461,0.9953463919593786,0.9933286613346826
0,3,2.1552001366949387,0.4072,5000,2.250188359507808,0.2290167865707434,834,2.251796707177695,0.2402,0.9951854756533144,0.08319484238936854,,,0.98,,0.9800166246218381,0.01998337537816186,0,0.09968421222021721,5,0.001,0.1,0.9916799403322653,0.9836172657373076,0.9932367471931223,1.0,0.9920800649261523,0.9920122363812216,0.9893366003966436,0.9933335442712122,0.9930536098438894,0.9925979319209779,0.9931865825388145,0.9903790557811859
0,4,2.1558427593510623,0.385,5000,2.2562380543461553,0.23649459783913565,833,2.251796707177695,0.2402,0.9977223858497823,0.08340692129236156,,,0.98,,0.9800166246218381,0.01998337537816186,0,0.09968421222021721,5,0.001,0.1,0.9958113177036059,0.9869599251398993,0.9947516263111731,0.9920800649261523,1.0,0.9963005823576057,0.9939908507366804,0.9932753582399261,0.9952193592177174,0.9970440295253131,0.9936091294580521,0.9958181228538265
0,5,2.154417994675363,0.38892,5000,2.251391296033506,0.24009603841536614,833,2.251796707177695,0.2402,0.997923932320577,0.0834237700379292,,,0.98,,0.9800166246218381,0.01998337537816186,0,0.09968421222021721,5,0.001,0.1,0.9961169090808436,0.9876639990345745,0.9949320568349176,0.9920122363812216,0.9963005823576057,1.0,0.9955194971372543,0.993930793509077,0.9951062164555015,0.9965156718278042,0.99355581777268,0.9956175062630851
0,6,2.1502385450776216,0.375,5000,2.2475918487266258,0.25090036014405764,833,2.251796707177695,0.2402,0.9970003648417617,0.0833465622684071,,,0.98,,0.9800166246218381,0.01998337537816186,0,0.09968421222021721,5,0.001,0.1,0.9951582599405332,0.9883952025658874,0.9925375466017514,0.9893366003966436,0.9939908507366804,0.9955194971372543,1.0,0.9943481649548848,0.99428430700131,0.9945310816680838,0.9939249474869094,0.9941970169724437
0,7,2.149905312289098,0.38256,5000,2.250315710350319,0.27010804321728693,833,2.251796707177695,0.2402,0.9974698796697196,0.08338581245148054,,,0.98,,0.9800166246218381,0.01998337537816186,0,0.09968421222021721,5,0.001,0.1,0.9959194510695047,0.9885775158234538,0.9956200253977691,0.9933335442712122,0.9932753582399261,0.993930793509077,0.9943481649548848,1.0,0.9945857064827616,0.9924707824548684,0.9967072092278138,0.9930713098883291
0,8,2.155895059275779,0.40324,5000,2.254554933971829,0.24009603841536614,833,2.251796707177695,0.2402,0.997775861905432,0.08341139174749804,,,0.98,,0.9800166246218381,0.01998337537816186,0,0.09968421222021721,5,0.001,0.1,0.9943699429020848,0.9891502060197299,0.9952651204063869,0.9930536098438894,0.9952193592177174,0.9951062164555015,0.99428430700131,0.9945857064827616,1.0,0.9954230407554121,0.9951958191288146,0.9938467242952499
0,9,2.1572100706161206,0.38848,5000,2.2554993099636502,0.23649459783913565,833,2.251796707177695,0.2402,0.9972550951118773,0.08336785703726428,,,0.98,,0.9800166246218381,0.01998337537816186,0,0.09968421222021721,5,0.001,0.1,0.9947576025552467,0.9842081529049701,0.9942291214877461,0.9925979319209779,0.9970440295253131,0.9965156718278042,0.9945310816680838,0.9924707824548684,0.9954230407554121,1.0,0.992328088976979,0.9951650818523302
0,10,2.148631856699658,0.38012,5000,2.2472194565667047,0.23169267707082833,833,2.251796707177695,0.2402,0.9973368157680887,0.08337468866541782,,,0.98,,0.9800166246218381,0.01998337537816186,0,0.09968421222021721,5,0.001,0.1,0.9948577782806856,0.9895319775133535,0.9953463919593786,0.9931865825388145,0.9936091294580521,0.99355581777268,0.9939249474869094,0.9967072092278138,0.9951958191288146,0.992328088976979,1.0,0.9920043938648132
0,11,2.1589741006778302,0.40764,5000,2.2493003915857384,0.23769507803121248,833,2.251796707177695,0.2402,0.9971861821090933,0.08336209609466066,,,0.98,,0.9800166246218381,0.01998337537816186,0,0.09968421222021721,5,0.001,0.1,0.995233909296121,0.9897844587671558,0.9933286613346826,0.9903790557811859,0.9958181228538265,0.9956175062630851,0.9941970169724437,0.9930713098883291,0.9938467242952499,0.9951650818523302,0.9920043938648132,1.0
1,0,1.972243834301165,0.47468,5000,2.1910485603191234,0.4316546762589928,834,2.189751551935848,0.4379,0.9987589995856959,0.08339797930476961,,,0.98,,0.9800166246218381,0.01998337537816186,0.9699990918533038,0.09984940324244773,5,0.001,0.1,1.0,0.9944887259545162,0.9976273801468842,0.9969033319607031,0.997374469899404,0.9977303162124446,0.9974859611783256,0.9976647975685732,0.9970739592045058,0.9970011011281229,0.9969591548085426,0.9967314286478584
1,1,1.9859063429437624,0.49076,5000,2.1914618810017905,0.43764988009592326,834,2.189751551935848,0.4379,0.9967781963657062,0.08301639433778954,,,0.98,,0.9800166246218381,0.01998337537816186,0.9699990918533038,0.09984940324244773,5,0.001,0.1,0.9944887259545162,1.0,0.9944752673617527,0.9946479871265437,0.9947200816203855,0.9945627116249328,0.9954615102114694,0.9946571846504988,0.9951058974494308,0.9939452475223324,0.9956254674551267,0.9956616636522214
1,2,1.9744845385764056,0.47252,5000,2.194576687282986,0.42685851318944845,834,2.189751551935848,0.4379,0.9987742044852984,0.08337992021569954,,,0.98,,0.9800166246218381,0.01998337537816186,0.9699990918533038,0.09984940324244773,5,0.001,0.1,0.9976273801468842,0.9944752673617527,1.0,0.9978451598058149,0.9973651321319276,0.997628215072951,0.9963272856671274,0.9974674028813981,0.997444311019234,0.9974193198838008,0.9974011951620876,0.99622436160897
1,3,1.9689604113815697,0.49744,5000,2.188357362040767,0.4520383693045564,834,2.189751551935848,0.4379,0.9986716602562219,0.0832541615987742,,,0.98,,0.9800166246218381,0.01998337537816186,0.9699990918533038,0.09984940324244773,5,0.001,0.1,0.9969033319607031,0.9946479871265437,0.9978451598058149,1.0,0.9971043559976288,0.9969516965541885,0.9963066324639633,0.9977795017313291,0.9977050237142313,0.997081718252423,0.9974960581133931,0.9961823636664087
1,4,1.9712806054740954,0.48196,5000,2.1949205663469105,0.453781512605042,833,2.189751551935848,0.4379,0.9988076356383295,0.08338861016472693,,,0.98,,0.9800166246218381,0.01998337537816186,0.9699990918533038,0.09984940324244773,5,0.001,0.1,0.997374469899404,0.9947200816203855,0.9973651321319276,0.9971043559976288,1.0,0.9977441798905118,0.9971858723087479,0.9963936686006013,0.997349974880595,0.9982975442295351,0.9966054236585418,0.9974849033417635
1,5,1.9710712809471567,0.48472,5000,2.1894749623757823,0.4477791116446579,833,2.189751551935848,0.4379,0.9987566273132749,0.08339729645182818,,,0.98,,0.9800166246218381,0.01998337537816186,0.9699990918533038,0.09984940324244773,5,0.001,0.1,0.9977303162124446,0.9945627116249328,0.997628215072951,0.9969516965541885,0.9977441798905118,1.0,0.9975272362563005,0.9964531005607231,0.9969877897955524,0.997845771858553,0.9963452200890168,0.9972367411965867
1,6,1.9636680176303645,0.48552,5000,2.1860003118161804,0.45018007202881155,833,2.189751551935848,0.4379,0.9986144911203372,0.08334536022961708,,,0.98,,0.9800166246218381,0.01998337537816186,0.9699990918533038,0.09984940324244773,5,0.001,0.1,0.9974859611783256,0.9954615102114694,0.9963272856671274,0.9963066324639633,0.9971858723087479,0.9975272362563005,1.0,0.9968214684106056,0.9971705043522003,0.9973440102719273,0.996651925325369,0.9970347653270144
1,7,1.9633437218939422,0.47964,5000,2.189984771940443,0.45018007202881155,833,2.189751551935848,0.4379,0.9985005540945056,0.08336575330012987,,,0.98,,0.9800166246218381,0.01998337537816186,0.9699990918533038,0.09984940324244773,5,0.001,0.1,0.9976647975685732,0.9946571846504988,0.9974674028813981,0.9977795017313291,0.9963936686006013,0.9964531005607231,0.9968214684106056,1.0,0.9973210963901552,0.9960007911039427,0.9977912001410956,0.9955997849995991
1,8,1.9716306098707164,0.50328,5000,2.1919826136695013,0.4261704681872749,833,2.189751551935848,0.4379,0.9987935835733527,0.08339089816319836,,,0.98,,0.9800166246218381,0.01998337537816186,0.9699990918533038,0.09984940324244773,5,0.001,0.1,0.9970739592045058,0.9951058974494308,0.997444311019234,0.9977050237142313,0.997349974880595,0.9969877897955524,0.9971705043522003,0.9973210963901552,1.0,0.997495982797236,0.997279258349534,0.9965271076798256
1,9,1.9760091084583549,0.48528,5000,2.1957062968501337,0.44057623049219685,833,2.189751551935848,0.4379,0.9986697281120857,0.08336020235752287,,,0.98,,0.9800166246218381,0.01998337537816186,0.9699990918533038,0.09984940324244773,5,0.001,0.1,0.9970011011281229,0.9939452475223324,0.9974193198838008,0.997081718252423,0.9982975442295351,0.997845771858553,0.9973440102719273,0.9960007911039427,0.997495982797236,1.0,0.996051540377391,0.9974875943181428
1,10,1.9606490413094781,0.48308,5000,2.1838280536510326,0.4297719087635054,833,2.189751551935848,0.4379,0.9984814352696237,0.08335831442062261,,,0.98,,0.9800166246218381,0.01998337537816186,0.9699990918533038,0.09984940324244773,5,0.001,0.1,0.9969591548085426,0.9956254674551267,0.9974011951620876,0.9974960581133931,0.9966054236585418,0.9963452200890168,0.996651925325369,0.9977912001410956,0.997279258349534,0.996051540377391,1.0,0.9955200791996845
1,11,1.977701951743691,0.50524,5000,2.1856141266999423,0.40816326530612246,833,2.189751551935848,0.4379,0.9983115789526729,0.08334510945532117,,,0.98,,0.9800166246218381,0.01998337537816186,0.9699990918533038,0.09984940324244773,5,0.001,0.1,0.9967314286478584,0.9956616636522214,0.99622436160897,0.9961823636664087,0.9974849033417635,0.9972367411965867,0.9970347653270144,0.9955997849995991,0.9965271076798256,0.9974875943181428,0.9955200791996845,1.0
2,0,1.7686083002454915,0.5374,5000,2.111483856483742,0.5479616306954437,834,2.1113340938434053,0.5482,0.9988581778156711,0.0833746455785648,,,0.98,,0.9800166246218381,0.01998337537816186,0.99080852818855,0.0998806506354833,5,0.001,0.1,1.0,0.9960034472147732,0.997870310352332,0.9972577344593512,0.9975743422862199,0.9980219162431596,0.9976661457881768,0.9979820591473388,0.9972583158660375,0.9977131989198815,0.997231613016002,0.997407471864907
2,1,1.7833002820895736,0.56156,5000,2.113501751864398,0.5551558752997602,834,2.1113340938434053,0.5482,0.9978025540604702,0.08310659468849968,,,0.98,,0.9800166246218381,0.01998337537816186,0.99080852818855,0.0998806506354833,5,0.001,0.1,0.9960034472147732,1.0,0.9962077611608445,0.9961285580241387,0.9963012695309283,0.9961130527112897,0.9966999366238193,0.9965397474350524,0.9962694834652137,0.9963429518120801,0.9960874749913786,0.9966632426452582
2,2,1.7730647413593947,0.5318,5000,2.1177664686132363,0.5515587529976019,834,2.1113340938434053,0.5482,0.9990393637732797,0.08336941939815691,,,0.98,,0.9800166246218381,0.01998337537816186,0.99080852818855,0.0998806506354833,5,0.001,0.1,0.997870310352332,0.9962077611608445,1.0,0.9982123391020212,0.9978253536692623,0.9982230565387277,0.9971758455498863,0.997705055288247,0.9976830384543904,0.9983476533002259,0.997784368329293,0.9971247897989572
2,3,1.764719384642923,0.54596,5000,2.109781132804023,0.5383693045563549,834,2.1113340938434053,0.5482,0.9989294938109549,0.08328876007496538,,,0.98,,0.9800166246218381,0.01998337537816186,0.99080852818855,0.0998806506354833,5,0.001,0.1,0.9972577344593512,0.9961285580241387,0.9982123391020212,1.0,0.9978447491552217,0.9976207959210863,0.9970648041572755,0.9980312477806185,0.9978506343208762,0.9980416224599864,0.9977080064789462,0.9970854350516168
2,4,1.7673780609847634,0.54772,5000,2.117060590673376,0.5654261704681873,833,2.1113340938434053,0.5482,0.9989933399193802,0.08337326263127644,,,0.98,,0.9800166246218381,0.01998337537816186,0.99080852818855,0.0998806506354833,5,0.001,0.1,0.9975743422862199,0.9963012695309283,0.9978253536692623,0.9978447491552217,1.0,0.9977623621704188,0.9978952331675138,0.9974145528122735,0.9977290542644659,0.9984737078522674,0.9971888195378191,0.9975989110317818
2,5,1.7689182295161447,0.54936,5000,2.1114512902719005,0.5570228091236494,833,2.1113340938434053,0.5482,0.9989801671089338,0.08337816381990011,,,0.98,,0.9800166246218381,0.01998337537816186,0.99080852818855,0.0998806506354833,5,0.001,0.1,0.9980219162431596,0.9961130527112897,0.9982230565387277,0.9976207959210863,0.9977623621704188,1.0,0.9978041673697863,0.9974333914676564,0.9973630652098929,0.9982912733875038,0.9971255136057867,0.9976904675597171
2,6,1.758808923071357,0.5482,5000,2.108374101144296,0.5642256902761105,833,2.1113340938434053,0.5482,0.9988647406500156,0.08334259207158358,,,0.98,,0.9800166246218381,0.01998337537816186,0.99080852818855,0.0998806506354833,5,0.001,0.1,0.9976661457881768,0.9966999366238193,0.9971758455498863,0.9970648041572755,0.9978952331675138,0.9978041673697863,1.0,0.997469543683762,0.9975865337431383,0.9981517344434029,0.9968781136226138,0.9976773376241346
2,7,1.75951077178785,0.54152,5000,2.113175639399776,0.5462184873949579,833,2.1113340938434053,0.5482,0.9988781017686955,0.08335552803121066,,,0.98,,0.9800166246218381,0.01998337537816186,0.99080852818855,0.0998806506354833,5,0.001,0.1,0.9979820591473388,0.9965397474350524,0.997705055288247,0.9980312477806185,0.9974145528122735,0.9974333914676564,0.997469543683762,1.0,0.997615793732874,0.9974097562094651,0.9978490967578043,0.9967791008406425
2,8,1.7660775242337756,0.56264,5000,2.113184584511651,0.5342136854741897,833,2.1113340938434053,0.5482,0.9988585775127374,0.0833703164172057,,,0.98,,0.9800166246218381,0.01998337537816186,0.99080852818855,0.0998806506354833,5,0.001,0.1,0.9972583158660375,0.9962694834652137,0.9976830384543904,0.9978506343208762,0.9977290542644659,0.9973630652098929,0.9975865337431383,0.997615793732874,1.0,0.9980446989102061,0.9973422498863342,0.9972508298600882
2,9,1.771176978888785,0.54328,5000,2.1201271304377802,0.539015606242497,833,2.1113340938434053,0.5482,0.9992040203530559,0.08336264263062294,,,0.98,,0.9800166246218381,0.01998337537816186,0.99080852818855,0.0998806506354833,5,0.001,0.1,0.9977131989198815,0.9963429518120801,0.9983476533002259,0.9980416224599864,0.9984737078522674,0.9982912733875038,0.9981517344434029,0.9974097562094651,0.9980446989102061,1.0,0.9973103566315615,0.9980062629448877
2,10,1.7558819494429667,0.54604,5000,2.104321731461419,0.5582232893157263,833,2.1113340938434053,0.5482,0.9986015233066287,0.0833420406001849,,,0.98,,0.9800166246218381,0.01998337537816186,0.99080852818855,0.0998806506354833,5,0.001,0.1,0.997231613016002,0.9960874749913786,0.997784368329293,0.9977080064789462,0.9971888195378191,0.9971255136057867,0.9968781136226138,0.9978490967578043,0.9973422498863342,0.9973103566315615,1.0,0.9964081987447102
2,11,1.774138186995391,0.5642,5000,2.105872737036811,0.5210084033613446,833,2.1113340938434053,0.5482,0.9986663008698635,0.08333603405782886,,,0.98,,0.9800166246218381,0.01998337537816186,0.99080852818855,0.0998806506354833,5,0.001,0.1,0.997407471864907,0.9966632426452582,0.9971247897989572,0.9970854350516168,0.9975989110317818,0.9976904675597171,0.9976773376241346,0.9967791008406425,0.9972508298600882,0.9980062629448877,0.9964081987447102,1.0
3,0,1.5919511250629546,0.5792,5000,2.01446235621417,0.6007194244604317,834,2.0158291297217907,0.5902,0.9988385368017866,0.08335894252368317,,,0.98,,0.9800166246218381,0.01998337537816186,0.9962458266366113,0.09988299994348962,5,0.001,0.1,1.0,0.9964031279139925,0.9978124002912092,0.9972888061907511,0.9976388949852719,0.9978539371947225,0.9978093421505206,0.9978875185211877,0.9970124364272421,0.9976505987467074,0.9970627958000093,0.9976161027917589
3,1,1.6061715193614838,0.59472,5000,2.01854959682182,0.6079136690647482,834,2.0158291297217907,0.5902,0.9980400568915493,0.08316880973615792,,,0.98,,0.9800166246218381,0.01998337537816186,0.9962458266366113,0.09988299994348962,5,0.001,0.1,0.9964031279139925,1.0,0.9966925622282127,0.9965739309598927,0.9967216793228917,0.9967557244091367,0.9968863810583142,0.9965707215397311,0.996383712822489,0.9965051419565346,0.9963963474366524,0.9965900222552945
3,2,1.5973559219366427,0.56824,5000,2.024167957129302,0.5839328537170264,834,2.0158291297217907,0.5902,0.9990881864751874,0.08336379479383728,,,0.98,,0.9800166246218381,0.01998337537816186,0.9962458266366113,0.09988299994348962,5,0.001,0.1,0.9978124002912092,0.9966925622282127,1.0,0.9980307082413691,0.9979151580621268,0.9981775183074244,0.9975235204700262,0.9976356307699891,0.997621111436501,0.9984306522816019,0.9978637174301745,0.9973257678211268
3,3,1.5859358847520912,0.58004,5000,2.01385431377976,0.5815347721822542,834,2.0158291297217907,0.5902,0.9988795954398345,0.08330760424128819,,,0.98,,0.9800166246218381,0.01998337537816186,0.9962458266366113,0.09988299994348962,5,0.001,0.1,0.9972888061907511,0.9965739309598927,0.9980307082413691,1.0,0.9979456374356767,0.9976154084489495,0.9971612172649584,0.9978921509797067,0.9976148070522213,0.9979267020933278,0.9972662489133018,0.9972153145356385
3,4,1.5873453426512942,0.5916,5000,2.0219095194781267,0.6062424969987995,833,2.0158291297217907,0.5902,0.9990381877925069,0.08336453779960791,,,0.98,,0.9800166246218381,0.01998337537816186,0.9962458266366113,0.09988299994348962,5,0.001,0.1,0.9976388949852719,0.9967216793228917,0.9979151580621268,0.9979456374356767,1.0,0.997980193209688,0.9979798692143463,0.9975670489276396,0.9975016446064587,0.9983876609621416,0.9972095650740219,0.9975823385738979
3,5,1.5910619560320667,0.59048,5000,2.016666226916843,0.6182472989195679,833,2.0158291297217907,0.5902,0.9990452956652824,0.08336777250522277,,,0.98,,0.9800166246218381,0.01998337537816186,0.9962458266366113,0.09988299994348962,5,0.001,0.1,0.9978539371947225,0.9967557244091367,0.9981775183074244,0.9976154084489495,0.997980193209688,1.0,0.9979539454901318,0.9976137081541121,0.9974451391864768,0.9982067291593681,0.997177912426605,0.9977343237545666
3,6,1.5817849954222418,0.59424,5000,2.0139819780985513,0.602641056422569,833,2.0158291297217907,0.5902,0.9989529723522181,0.08334298106588382,,,0.98,,0.9800166246218381,0.01998337537816186,0.9962458266366113,0.09988299994348962,5,0.001,0.1,0.9978093421505206,0.9968863810583142,0.9975235204700262,0.9971612172649584,0.9979798692143463,0.9979539454901318,1.0,0.9976077287088355,0.9977033865021568,0.9982796252859004,0.9969652440611194,0.9975388773439031
3,7,1.582601052408765,0.58064,5000,2.019136808536671,0.5786314525810324,833,2.0158291297217907,0.5902,0.9988740230725148,0.08334836524493851,,,0.98,,0.9800166246218381,0.01998337537816186,0.9962458266366113,0.09988299994348962,5,0.001,0.1,0.9978875185211877,0.9965707215397311,0.9976356307699891,0.9978921509797067,0.9975670489276396,0.9976137081541121,0.9976077287088355,1.0,0.9975758789129504,0.9973993155165545,0.9976117453897817,0.9971011736127773
3,8,1.5861528092129216,0.59676,5000,2.0177861717012195,0.5798319327731093,833,2.0158291297217907,0.5902,0.9987798206165702,0.0833543930356541,,,0.98,,0.9800166246218381,0.01998337537816186,0.9962458266366113,0.09988299994348962,5,0.001,0.1,0.9970124364272421,0.996383712822489,0.997621111436501,0.9976148070522213,0.9975016446064587,0.9974451391864768,0.9977033865021568,0.9975758789129504,1.0,0.9980962982470167,0.9972075405971431,0.9971708177259715
3,9,1.5932203951155304,0.5822,5000,2.0280770504916155,0.5738295318127251,833,2.0158291297217907,0.5902,0.999174688577345,0.08336243106388017,,,0.98,,0.9800166246218381,0.01998337537816186,0.9962458266366113,0.09988299994348962,5,0.001,0.1,0.9976505987467074,0.9965051419565346,0.9984306522816019,0.9979267020933278,0.9983876609621416,0.9982067291593681,0.9982796252859004,0.9973993155165545,0.9980962982470167,1.0,0.9974175825342901,0.9977644523206418
3,10,1.5782021017590906,0.58712,5000,2.008262201591774,0.5786314525810324,833,2.0158291297217907,0.5902,0.9985630660155812,0.08333005959106507,,,0.98,,0.9800166246218381,0.01998337537816186,0.9962458266366113,0.09988299994348962,5,0.001,0.1,0.9970627958000093,0.9963963474366524,0.9978637174301745,0.9972662489133018,0.9972095650740219,0.997177912426605,0.9969652440611194,0.9976117453897817,0.9972075405971431,0.9974175825342901,1.0,0.9965573418397645
3,11,1.5973167133938735,0.60592,5000,2.009608780896222,0.5702280912364946,833,2.0158291297217907,0.5902,0.9986848998661183,0.08333030839878118,,,0.98,,0.9800166246218381,0.01998337537816186,0.9962458266366113,0.09988299994348962,5,0.001,0.1,0.9976161027917589,0.9965900222552945,0.9973257678211268,0.9972153145356385,0.9975823385738979,0.9977343237545666,0.9975388773439031,0.9971011736127773,0.9971708177259715,0.9977644523206418,0.9965573418397645,1.0
4,0,1.4450428195819733,0.61696,5000,1.901552849345737,0.6247002398081535,834,1.9048506794646145,0.6095,0.9987724995231482,0.08335045213147806,,,0.98,,0.9800166246218381,0.01998337537816186,0.9976755910795501,0.09987287779488888,5,0.001,0.1,1.0,0.9962460264405911,0.9979291867897434,0.9969740998478592,0.997268788771886,0.9976896301643666,0.9974563328015192,0.9978429090983745,0.9967641165375293,0.997042215668795,0.9973390275554018,0.9974788552361105
4,1,1.45960982392548,0.62112,5000,1.9082532767896299,0.6247002398081535,834,1.9048506794646145,0.6095,0.9979345385376315,0.0832068174455564,,,0.98,,0.9800166246218381,0.01998337537816186,0.9976755910795501,0.09987287779488888,5,0.001,0.1,0.9962460264405911,1.0,0.9966606459770782,0.9960022041750491,0.9962596261765253,0.9967215280705032,0.9966718667681664,0.9962247946336256,0.996096557895659,0.9961696351379505,0.9963970223363299,0.9965488230985163
4,2,1.4522706889043189,0.59928,5000,1.9151524437798395,0.5899280575539568,834,1.9048506794646145,0.6095,0.9991164707405398,0.08336452887688224,,,0.98,,0.9800166246218381,0.01998337537816186,0.9976755910795501,0.09987287779488888,5,0.001,0.1,0.9979291867897434,0.9966606459770782,1.0,0.9979137444988833,0.9979274985372771,0.9980362674842477,0.997522661589738,0.9975995721628982,0.9973179202682071,0.9981783311302885,0.9977058399224245,0.9973620365304002
4,3,1.4402230285535194,0.6072,5000,1.9023670973601166,0.6079136690647482,834,1.9048506794646145,0.6095,0.9987405579371191,0.08331794035868317,,,0.98,,0.9800166246218381,0.01998337537816186,0.9976755910795501,0.09987287779488888,5,0.001,0.1,0.9969740998478592,0.9960022041750491,0.9979137444988833,1.0,0.9977041008651244,0.9972182791106967,0.9969942519119267,0.9976589805765362,0.9973965083076922,0.9976950783481451,0.9970226186235797,0.9970696028530217
4,4,1.4409662687854403,0.62388,5000,1.9108959568871393,0.6278511404561825,833,1.9048506794646145,0.6095,0.9988843411043857,0.08335749275201694,,,0.98,,0.9800166246218381,0.01998337537816186,0.9976755910795501,0.09987287779488888,5,0.001,0.1,0.997268788771886,0.9962596261765253,0.9979274985372771,0.9977041008651244,1.0,0.9977456523787361,0.9975509749152675,0.9973190967751808,0.9970785291116704,0.9981337281203143,0.9972256238397792,0.9971576154305999
4,5,1.4445032946623055,0.61952,5000,1.9067504185217399,0.6410564225690276,833,1.9048506794646145,0.6095,0.9988794004853578,0.08335931683641033,,,0.98,,0.9800166246218381,0.01998337537816186,0.9976755910795501,0.09987287779488888,5,0.001,0.1,0.9976896301643666,0.9967215280705032,0.9980362674842477,0.9972182791106967,0.9977456523787361,1.0,0.9974505733905522,0.9973841305692381,0.9970193889085235,0.9975735392052203,0.9971412971039542,0.9973324553479581
4,6,1.4349964511622288,0.62124,5000,1.9043270967624806,0.6146458583433373,833,1.9048506794646145,0.6095,0.998819291297317,0.08334217464093562,,,0.98,,0.9800166246218381,0.01998337537816186,0.9976755910795501,0.09987287779488888,5,0.001,0.1,0.9974563328015192,0.9966718667681664,0.997522661589738,0.9969942519119267,0.9975509749152675,0.9974505733905522,1.0,0.9973930436476771,0.9975332887464384,0.9978687491329128,0.9969039508886326,0.9972473305384579
4,7,1.4378948040828583,0.61328,5000,1.9095165067248874,0.5918367346938775,833,1.9048506794646145,0.6095,0.9988093128957644,0.08334515420407129,,,0.98,,0.9800166246218381,0.01998337537816186,0.9976755910795501,0.09987287779488888,5,0.001,0.1,0.9978429090983745,0.9962247946336256,0.9975995721628982,0.9976589805765362,0.9973190967751808,0.9973841305692381,0.9973930436476771,1.0,0.9973877652790178,0.9970535793941814,0.9975406435552394,0.9970683822662869
4,8,1.4360371221402648,0.62568,5000,1.9073906342188518,0.602641056422569,833,1.9048506794646145,0.6095,0.9986245797556551,0.08334288840781696,,,0.98,,0.9800166246218381,0.01998337537816186,0.9976755910795501,0.09987287779488888,5,0.001,0.1,0.9967641165375293,0.996096557895659,0.9973179202682071,0.9973965083076922,0.9970785291116704,0.9970193889085235,0.9975332887464384,0.9973877652790178,1.0,0.9977180877976033,0.9969899760605533,0.9969566574908282
4,9,1.4458781780710646,0.6124,5000,1.9210293381302446,0.5966386554621849,833,1.9048506794646145,0.6095,0.9989162329579518,0.0833572301671363,,,0.98,,0.9800166246218381,0.01998337537816186,0.9976755910795501,0.09987287779488888,5,0.001,0.1,0.997042215668795,0.9961696351379505,0.9981783311302885,0.9976950783481451,0.9981337281203143,0.9975735392052203,0.9978687491329128,0.9970535793941814,0.9977180877976033,1.0,0.997056762454012,0.9972635066449682
4,10,1.4327731235771421,0.6152,5000,1.8973091487531308,0.595438175270108,833,1.9048506794646145,0.6095,0.9986165363570234,0.08332770742557641,,,0.98,,0.9800166246218381,0.01998337537816186,0.9976755910795501,0.09987287779488888,5,0.001,0.1,0.9973390275554018,0.9963970223363299,0.9977058399224245,0.9970226186235797,0.9972256238397792,0.9971412971039542,0.9969039508886326,0.9975406435552394,0.9969899760605533,0.997056762454012,1.0,0.9968408400599296
4,11,1.4503343711992738,0.63436,5000,1.89851623111301,0.5966386554621849,833,1.9048506794646145,0.6095,0.9986300691831914,0.08332829675343639,,,0.98,,0.9800166246218381,0.01998337537816186,0.9976755910795501,0.09987287779488888,5,0.001,0.1,0.9974788552361105,0.9965488230985163,0.9973620365304002,0.9970696028530217,0.9971576154305999,0.9973324553479581,0.9972473305384579,0.9970683822662869,0.9969566574908282,0.9972635066449682,0.9968408400599296,1.0
5,0,1.324749628905278,0.64056,5000,1.775769450046398,0.645083932853717,834,1.7812636656502185,0.632,0.9985239992048651,0.08334294277213358,,,0.98,,0.9800166246218381,0.01998337537816186,0.9982903822189343,0.09985516091643816,5,0.001,0.1,1.0,0.9958889873239624,0.9974505908820999,0.9966635975303474,0.9968003071687923,0.9971016635587345,0.9969465712292864,0.9972832314688664,0.9964794652936384,0.9965819449062108,0.9968187145637137,0.9969157524432919
5,1,1.3402043886245436,0.6392,5000,1.7853836041909676,0.6390887290167866,834,1.7812636656502185,0.632,0.9979503055589651,0.08323634259267106,,,0.98,,0.9800166246218381,0.01998337537816186,0.9982903822189343,0.09985516091643816,5,0.001,0.1,0.9958889873239624,1.0,0.9963915816223098,0.9962386908067011,0.9963014873915242,0.9965665438049898,0.9964285066973175,0.9959259496083016,0.9959554687343188,0.9963113571966256,0.9961731394964205,0.9958827557791545
5,2,1.3319038486025137,0.62276,5000,1.7938594155841403,0.5995203836930456,834,1.7812636656502185,0.632,0.9988570065349547,0.08336232349346602,,,0.98,,0.9800166246218381,0.01998337537816186,0.9982903822189343,0.09985516091643816,5,0.001,0.1,0.9974505908820999,0.9963915816223098,1.0,0.9972812042027679,0.9971486591258085,0.9975449863930916,0.9971210804472462,0.9969220342610834,0.9969345520829886,0.9978497121174615,0.9973073530944391,0.9969692326599053
5,3,1.3195734554035647,0.62964,5000,1.7777786784701877,0.63189448441247,834,1.7812636656502185,0.632,0.9986273734152014,0.08332634154538665,,,0.98,,0.9800166246218381,0.01998337537816186,0.9982903822189343,0.09985516091643816,5,0.001,0.1,0.9966635975303474,0.9962386908067011,0.9972812042027679,1.0,0.997500650844676,0.9973772052990766,0.9963269456305344,0.9973658518052461,0.9967423757762996,0.9970619517141639,0.9968252286262059,0.9967873038029363
5,4,1.318495481409085,0.6512,5000,1.7870238622029622,0.6482593037214885,833,1.7812636656502185,0.632,0.9986905747131798,0.08335263683010412,,,0.98,,0.9800166246218381,0.01998337537816186,0.9982903822189343,0.09985516091643816,5,0.001,0.1,0.9968003071687923,0.9963014873915242,0.9971486591258085,0.997500650844676,1.0,0.9974975893420948,0.9969728727656966,0.9970155807982087,0.996525753919993,0.9974407804924043,0.9968990383585364,0.9968244007595161
5,5,1.3239000940778454,0.64204,5000,1.784699316377993,0.6614645858343338,833,1.7812636656502185,0.632,0.9987863977713303,0.08335684824503582,,,0.98,,0.9800166246218381,0.01998337537816186,0.9982903822189343,0.09985516091643816,5,0.001,0.1,0.9971016635587345,0.9965665438049898,0.9975449863930916,0.9973772052990766,0.9974975893420948,1.0,0.9971460192295508,0.9970327934376293,0.9968377241405989,0.9973238735759171,0.9967187475568657,0.9969282710839474
5,6,1.3151797160980807,0.64608,5000,1.7821016488251862,0.6266506602641057,833,1.7812636656502185,0.632,0.9985739929067844,0.0833394802301009,,,0.98,,0.9800166246218381,0.01998337537816186,0.9982903822189343,0.09985516091643816,5,0.001,0.1,0.9969465712292864,0.9964285066973175,0.9971210804472462,0.9963269456305344,0.9969728727656966,0.9971460192295508,1.0,0.9969271942138394,0.9971175366597304,0.9977115493516351,0.9963141230210064,0.9965181976490645
5,7,1.3183893188549456,0.64028,5000,1.7869938656135842,0.6218487394957983,833,1.7812636656502185,0.632,0.9985728012720883,0.08334126897707575,,,0.98,,0.9800166246218381,0.01998337537816186,0.9982903822189343,0.09985516091643816,5,0.001,0.1,0.9972832314688664,0.9959259496083016,0.9969220342610834,0.9973658518052461,0.9970155807982087,0.9970327934376293,0.9969271942138394,1.0,0.997079028155386,0.9966306962292277,0.996850577507415,0.99648307605582
5,8,1.31502652008822,0.648,5000,1.784893654010914,0.631452581032413,833,1.7812636656502185,0.632,0.9984744864928891,0.08333670626044717,,,0.98,,0.9800166246218381,0.01998337537816186,0.9982903822189343,0.09985516091643816,5,0.001,0.1,0.9964794652936384,0.9959554687343188,0.9969345520829886,0.9967423757762996,0.996525753919993,0.9968377241405989,0.9971175366597304,0.997079028155386,1.0,0.997300205694095,0.9966948304979264,0.9966711652724006
5,9,1.3249527236458603,0.63676,5000,1.8017201997615673,0.6194477791116446,833,1.7812636656502185,0.632,0.9987491671103501,0.08335436693837962,,,0.98,,0.9800166246218381,0.01998337537816186,0.9982903822189343,0.09985516091643816,5,0.001,0.1,0.9965819449062108,0.9963113571966256,0.9978497121174615,0.9970619517141639,0.9974407804924043,0.9973238735759171,0.9977115493516351,0.9966306962292277,0.997300205694095,1.0,0.9966490416964692,0.9967677438026008
5,10,1.3128897865107105,0.63776,5000,1.7746197647518582,0.6302521008403361,833,1.7812636656502185,0.632,0.9984270994989143,0.08332586709725769,,,0.98,,0.9800166246218381,0.01998337537816186,0.9982903822189343,0.09985516091643816,5,0.001,0.1,0.9968187145637137,0.9961731394964205,0.9973073530944391,0.9968252286262059,0.9968990383585364,0.9967187475568657,0.9963141230210064,0.996850577507415,0.9966948304979264,0.9966490416964692,1.0,0.9965204544215868
5,11,1.3302026003788991,0.65316,5000,1.775273910275212,0.6290516206482593,833,1.7812636656502185,0.632,0.9983851650547391,0.08332487501794182,,,0.98,,0.9800166246218381,0.01998337537816186,0.9982903822189343,0.09985516091643816,5,0.001,0.1,0.9969157524432919,0.9958827557791545,0.9969692326599053,0.9967873038029363,0.9968244007595161,0.9969282710839474,0.9965181976490645,0.99648307605582,0.9966711652724006,0.9967677438026008,0.9965204544215868,1.0
6,0,1.2246278389244323,0.65948,5000,1.641642314416391,0.6654676258992805,834,1.6492146600168733,0.6547,0.9983189908854342,0.08333912109822388,,,0.98,,0.9800166246218381,0.01998337537816186,0.9985477175211728,0.09983223598093556,5,0.001,0.1,1.0,0.995137494904773,0.9971494165444004,0.9959935957952178,0.9962648631440195,0.996822101507872,0.9967479595795884,0.9970084500321574,0.995916655675323,0.9962588204650301,0.9962321101023419,0.9961963107563584
6,1,1.2420812623516009,0.65644,5000,1.6539124073805633,0.658273381294964,834,1.6492146600168733,0.6547,0.9976313618754525,0.08325154704882856,,,0.98,,0.9800166246218381,0.01998337537816186,0.9985477175211728,0.09983223598093556,5,0.001,0.1,0.995137494904773,1.0,0.9960897213711932,0.9953833195279567,0.9955226031326451,0.9958835788695342,0.9960678009791615,0.995190375630405,0.9955504621333293,0.996055695269848,0.9955405995788604,0.9950755101418436
6,2,1.2334432929184787,0.6436,5000,1.6644213773586132,0.6223021582733813,834,1.6492146600168733,0.6547,0.998727609513337,0.08336419713642618,,,0.98,,0.9800166246218381,0.01998337537816186,0.9985477175211728,0.09983223598093556,5,0.001,0.1,0.9971494165444004,0.9960897213711932,1.0,0.9967556838958347,0.9970532854529877,0.9973824841933834,0.9968021877694815,0.9964659392505582,0.9962911517503342,0.9974440974365638,0.9969581215691062,0.9962308571006385
6,3,1.2196282177973705,0.65288,5000,1.6445436742570665,0.6642685851318945,834,1.6492146600168733,0.6547,0.9982619546259046,0.08332709846541503,,,0.98,,0.9800166246218381,0.01998337537816186,0.9985477175211728,0.09983223598093556,5,0.001,0.1,0.9959935957952178,0.9953833195279567,0.9967556838958347,1.0,0.996975992101279,0.9966765535103106,0.9958351406954369,0.9965502471917015,0.9960403943809566,0.9968242952572773,0.9960134545775249,0.9959968354847563
6,4,1.2180173324171903,0.66772,5000,1.6543936950189095,0.6746698679471789,833,1.6492146600168733,0.6547,0.998464156951183,0.08334975229832373,,,0.98,,0.9800166246218381,0.01998337537816186,0.9985477175211728,0.09983223598093556,5,0.001,0.1,0.9962648631440195,0.9955226031326451,0.9970532854529877,0.996975992101279,1.0,0.9969387453560543,0.9966284588397613,0.9964090441586425,0.9960107651383828,0.9972007385341705,0.996289954423636,0.9961723220294442
6,5,1.225216000474942,0.66144,5000,1.654038667678833,0.6758703481392557,833,1.6492146600168733,0.6547,0.9985677804963291,0.08335568003286525,,,0.98,,0.9800166246218381,0.01998337537816186,0.9985477175211728,0.09983223598093556,5,0.001,0.1,0.996822101507872,0.9958835788695342,0.9973824841933834,0.9966765535103106,0.9969387453560543,1.0,0.996922719495342,0.9966245736278335,0.9963032756988339,0.9968010021080299,0.9962211855020562,0.9961320472917758
6,6,1.21656902610876,0.667,5000,1.6515155147623133,0.6434573829531812,833,1.6492146600168733,0.6547,0.9984802281735243,0.08334220209882587,,,0.98,,0.9800166246218381,0.01998337537816186,0.9985477175211728,0.09983223598093556,5,0.001,0.1,0.9967479595795884,0.9960678009791615,0.9968021877694815,0.9958351406954369,0.9966284588397613,0.996922719495342,1.0,0.996725618439281,0.9965493116476527,0.9970835099925602,0.996182356526637,0.9961153092358872
6,7,1.218477124241507,0.66092,5000,1.655662872173168,0.6398559423769508,833,1.6492146600168733,0.6547,0.9983302794750629,0.08333845894185173,,,0.98,,0.9800166246218381,0.01998337537816186,0.9985477175211728,0.09983223598093556,5,0.001,0.1,0.9970084500321574,0.995190375630405,0.9964659392505582,0.9965502471917015,0.9964090441586425,0.9966245736278335,0.996725618439281,1.0,0.9965903654407514,0.9961889770885728,0.9963665351636167,0.9957432748232715
6,8,1.2136375201735528,0.66788,5000,1.6545769770940144,0.6578631452581032,833,1.6492146600168733,0.6547,0.998213395700709,0.08333188772613177,,,0.98,,0.9800166246218381,0.01998337537816186,0.9985477175211728,0.09983223598093556,5,0.001,0.1,0.995916655675323,0.9955504621333293,0.9962911517503342,0.9960403943809566,0.9960107651383828,0.9963032756988339,0.9965493116476527,0.9965903654407514,1.0,0.9968601613192185,0.996310685527093,0.9960407213044264
6,9,1.223814820104344,0.65736,5000,1.6739333382359258,0.6422569027611045,833,1.6492146600168733,0.6547,0.9986525793242798,0.08335689546743276,,,0.98,,0.9800166246218381,0.01998337537816186,0.9985477175211728,0.09983223598093556,5,0.001,0.1,0.9962588204650301,0.996055695269848,0.9974440974365638,0.9968242952572773,0.9972007385341705,0.9968010021080299,0.9970835099925602,0.9961889770885728,0.9968601613192185,1.0,0.9965719466493477,0.9964352618734696
6,10,1.215404217789887,0.65808,5000,1.6444457239574857,0.6482593037214885,833,1.6492146600168733,0.6547,0.9982157905870126,0.08332531735534766,,,0.98,,0.9800166246218381,0.01998337537816186,0.9985477175211728,0.09983223598093556,5,0.001,0.1,0.9962321101023419,0.9955405995788604,0.9969581215691062,0.9960134545775249,0.996289954423636,0.9962211855020562,0.996182356526637,0.9963665351636167,0.996310685527093,0.9965719466493477,1.0,0.9958059441982431
6,11,1.2306592131116587,0.6698,5000,1.6444232154775549,0.6638655462184874,833,1.6492146600168733,0.6547,0.9980030648116348,0.08331784233032767,,,0.98,,0.9800166246218381,0.01998337537816186,0.9985477175211728,0.09983223598093556,5,0.001,0.1,0.9961963107563584,0.9950755101418436,0.9962308571006385,0.9959968354847563,0.9961723220294442,0.9961320472917758,0.9961153092358872,0.9957432748232715,0.9960407213044264,0.9964352618734696,0.9958059441982431,1.0
7,0,1.1405943316259202,0.67432,5000,1.5047658196202032,0.6894484412470024,834,1.5139917230453734,0.6739,0.9979100199720717,0.08333589048772552,,,0.98,,0.9800166246218381,0.01998337537816186,0.9986364771246589,0.09979408526455047,5,0.001,0.1,1.0,0.9943584403459285,0.9964267711830055,0.9952486261495076,0.9952423978341652,0.9959467997574891,0.9955912477599406,0.9959553219014033,0.9948472578757392,0.9957154109916465,0.9953692680787629,0.9955589389011593
7,1,1.1576477860189547,0.66932,5000,1.5190471719812464,0.6666666666666666,834,1.5139917230453734,0.6739,0.9972125249718159,0.08325965546333813,,,0.98,,0.9800166246218381,0.01998337537816186,0.9986364771246589,0.09979408526455047,5,0.001,0.1,0.9943584403459285,1.0,0.9953985980853567,0.9944688349941074,0.9945257177076327,0.995179192546439,0.9953262040572338,0.9936473199703529,0.9946591164602289,0.9955495622776633,0.9944694164955994,0.9943318696612212
7,2,1.15018418070617,0.6638,5000,1.5320469052703292,0.6462829736211031,834,1.5139917230453734,0.6739,0.9984753244360485,0.0833695221086655,,,0.98,,0.9800166246218381,0.01998337537816186,0.9986364771246589,0.09979408526455047,5,0.001,0.1,0.9964267711830055,0.9953985980853567,1.0,0.9961233103134695,0.9964215861009762,0.9966887767586521,0.9959960217221073,0.9956004237013886,0.995438214377067,0.9970872499608159,0.9962831293306714,0.9955653544610764
