round,client_id,client_i_training_loss,client_i_training_accuracy,client_i_training_dataset_size,client_i_evaluation_loss,client_i_evaluation_accuracy,client_i_evaluation_dataset_size,client_i_central_evaluation_loss,client_i_central_evaluation_accuracy,client_i_cosine_similarity,client_i_importance_coefficient,client_i_tanh_val,tanh_normalization_value,client_i_q,client_i_mask_order,client_i_v_nonzero_fraction,client_i_v_sparsity,client_i_v_cosine_similarity,client_i_reward_gradient_norm,local_epochs,learning_rate,gamma,client_0_cosine_similarity,client_1_cosine_similarity,client_2_cosine_similarity,client_3_cosine_similarity,client_4_cosine_similarity,client_5_cosine_similarity,client_6_cosine_similarity,client_7_cosine_similarity,client_8_cosine_similarity,client_9_cosine_similarity,client_10_cosine_similarity,client_11_cosine_similarity
0,0,2.162479810957696,0.38316,5000,2.2555498635327376,0.1750599520383693,834,2.2484342968121123,0.1918,0.9947998617960582,0.08317988668451785,,,0.97,,0.9700176878243976,0.029982312175602432,0,0.09966347716967786,5,0.001,0.1,1.0,0.9905128259280557,0.9903838562220868,0.9918438651740726,0.9940489846927704,0.9928780738667683,0.9906058607864272,0.9869769621793578,0.989679063783585,0.9906415919693784,0.9928002663737653,0.9870572763951054
0,1,2.1593317113864194,0.35416,5000,2.242132451799181,0.19784172661870503,834,2.2484342968121123,0.1918,0.9967488941147116,0.08334285442671009,,,0.97,,0.9700176878243976,0.029982312175602432,0,0.09966347716967786,5,0.001,0.1,0.9905128259280557,1.0,0.9917551165001494,0.9913276545469845,0.9937053075265744,0.9946809364751901,0.990896151362882,0.9949146937495016,0.9933338978708928,0.9930052749834212,0.9938215439289906,0.992784910752941
0,2,2.163346312304211,0.41696,5000,2.2469291157192655,0.19784172661870503,834,2.2484342968121123,0.1918,0.9970735789201214,0.08337000284757276,,,0.97,,0.9700176878243976,0.029982312175602432,0,0.09966347716967786,5,0.001,0.1,0.9903838562220868,0.9917551165001494,1.0,0.9938905843055653,0.9940775211039746,0.9914164800426596,0.994538711009453,0.9911856845617051,0.9949685137096869,0.9950254935885586,0.9948445785019067,0.9925348809236665
0,3,2.1622526302459133,0.39228,5000,2.254380226135254,0.17266187050359713,834,2.2484342968121123,0.1918,0.9966305748516936,0.08333296119766131,,,0.97,,0.9700176878243976,0.029982312175602432,0,0.09966347716967786,5,0.001,0.1,0.9918438651740726,0.9913276545469845,0.9938905843055653,1.0,0.9935223343235636,0.9938719331304542,0.9932687199846394,0.9895202975548207,0.9944358923121804,0.9925776903505109,0.9919661598650145,0.9930981281844827
0,4,2.160689198439288,0.3698,5000,2.2419522868262396,0.18487394957983194,833,2.2484342968121123,0.1918,0.9976627632106664,0.08341926731212079,,,0.97,,0.9700176878243976,0.029982312175602432,0,0.09966347716967786,5,0.001,0.1,0.9940489846927704,0.9937053075265744,0.9940775211039746,0.9935223343235636,1.0,0.9948208882653938,0.9942045342551896,0.9929403961824531,0.9934494348989547,0.9938516269007867,0.995865157557279,0.9911816548485568
0,5,2.1553780139631527,0.34768,5000,2.252933060681378,0.19687875150060025,833,2.2484342968121123,0.1918,0.9970574803863149,0.08336865677358418,,,0.97,,0.9700176878243976,0.029982312175602432,0,0.09966347716967786,5,0.001,0.1,0.9928780738667683,0.9946809364751901,0.9914164800426596,0.9938719331304542,0.9948208882653938,1.0,0.9921979110331633,0.9939966666714141,0.991780947182202,0.9936492643942424,0.9927291112635171,0.9924066758884097
0,6,2.1629887005326096,0.36828,5000,2.2484392236780235,0.21728691476590636,833,2.2484342968121123,0.1918,0.9967809665117316,0.0833455361503937,,,0.97,,0.9700176878243976,0.029982312175602432,0,0.09966347716967786,5,0.001,0.1,0.9906058607864272,0.990896151362882,0.994538711009453,0.9932687199846394,0.9942045342551896,0.9921979110331633,1.0,0.9927181709282921,0.9932511566005144,0.9940558975496219,0.9925966533825755,0.9927881203903971
0,7,2.154623654086119,0.33768,5000,2.251251256024396,0.1872749099639856,833,2.2484342968121123,0.1918,0.995849848389799,0.0832676809929428,,,0.97,,0.9700176878243976,0.029982312175602432,0,0.09966347716967786,5,0.001,0.1,0.9869769621793578,0.9949146937495016,0.9911856845617051,0.9895202975548207,0.9929403961824531,0.9939966666714141,0.9927181709282921,1.0,0.992107276317252,0.9922327377812928,0.9918548025308213,0.9915383795258529
0,8,2.1639107979027328,0.38652,5000,2.245193684542621,0.2064825930372149,833,2.2484342968121123,0.1918,0.9969790418323017,0.08336209815784137,,,0.97,,0.9700176878243976,0.029982312175602432,0,0.09966347716967786,5,0.001,0.1,0.989679063783585,0.9933338978708928,0.9949685137096869,0.9944358923121804,0.9934494348989547,0.991780947182202,0.9932511566005144,0.992107276317252,1.0,0.9947009371014977,0.993694719616602,0.9920889531664907
0,9,2.1622098617492966,0.39736,5000,2.242699066797892,0.20168067226890757,833,2.2484342968121123,0.1918,0.9971689189863548,0.08337797467809903,,,0.97,,0.9700176878243976,0.029982312175602432,0,0.09966347716967786,5,0.001,0.1,0.9906415919693784,0.9930052749834212,0.9950254935885586,0.9925776903505109,0.9938516269007867,0.9936492643942424,0.9940558975496219,0.9922327377812928,0.9947009371014977,1.0,0.9946825569130029,0.9913385803357506
0,10,2.1595485703960344,0.40316,5000,2.250108383319996,0.18487394957983194,833,2.2484342968121123,0.1918,0.9971883087398276,0.08337959594641503,,,0.97,,0.9700176878243976,0.029982312175602432,0,0.09966347716967786,5,0.001,0.1,0.9928002663737653,0.9938215439289906,0.9948445785019067,0.9919661598650145,0.995865157557279,0.9927291112635171,0.9925966533825755,0.9918548025308213,0.993694719616602,0.9946825569130029,1.0,0.9911379951003633
0,11,2.156501959387664,0.38376,5000,2.2481413505695484,0.1788715486194478,833,2.2484342968121123,0.1918,0.9956800676968148,0.08325348483214103,,,0.97,,0.9700176878243976,0.029982312175602432,0,0.09966347716967786,5,0.001,0.1,0.9870572763951054,0.992784910752941,0.9925348809236665,0.9930981281844827,0.9911816548485568,0.9924066758884097,0.9927881203903971,0.9915383795258529,0.9920889531664907,0.9913385803357506,0.9911379951003633,1.0
1,0,2.008844023297547,0.48556,5000,2.195195692556876,0.24100719424460432,834,2.186972864900534,0.2373,0.9977650420364839,0.08322487981627183,,,0.97,,0.9700176878243976,0.029982312175602432,0.9676409233631661,0.0998208283112689,5,0.001,0.1,1.0,0.9960063531550342,0.9954314452816543,0.9956720995149688,0.9968301406868991,0.9968892224817463,0.9952600298672255,0.9952830932589161,0.9947086809710861,0.9953198787823072,0.9960740327890971,0.9942716906473774
1,1,2.004466564640118,0.471,5000,2.180370154204192,0.24820143884892087,834,2.186972864900534,0.2373,0.9985785375071492,0.08335109254871989,,,0.97,,0.9700176878243976,0.029982312175602432,0.9676409233631661,0.0998208283112689,5,0.001,0.1,0.9960063531550342,1.0,0.9960711002819748,0.9955229597809779,0.9972778670402672,0.9972239833689082,0.9960779138334217,0.9975354718024938,0.99659801361617,0.9964050801807536,0.9969436758732996,0.9958214420539677
1,2,2.0076745996050014,0.51952,5000,2.1832872496710882,0.2434052757793765,834,2.186972864900534,0.2373,0.9984092851551125,0.08336227990500565,,,0.97,,0.9700176878243976,0.029982312175602432,0.9676409233631661,0.0998208283112689,5,0.001,0.1,0.9954314452816543,0.9960711002819748,1.0,0.9963901309401374,0.9964334455224805,0.9952106573072782,0.9968855858223337,0.9961464671235517,0.9970643098179538,0.9967096436309146,0.9968404894167027,0.9962715364866298
1,3,2.006733723506806,0.50376,5000,2.1935431162516275,0.21942446043165467,834,2.186972864900534,0.2373,0.9979831308273658,0.08332580476063593,,,0.97,,0.9700176878243976,0.029982312175602432,0.9676409233631661,0.0998208283112689,5,0.001,0.1,0.9956720995149688,0.9955229597809779,0.9963901309401374,1.0,0.9959377580201852,0.9963313454196829,0.9956852841011815,0.9953630732298336,0.9966321241245691,0.9955410168292347,0.99538335806823,0.99589389265004
1,4,2.0077819796884135,0.4762,5000,2.180041061507331,0.23289315726290516,833,2.186972864900534,0.2373,0.9986433981843207,0.08340005247064342,,,0.97,,0.9700176878243976,0.029982312175602432,0.9676409233631661,0.0998208283112689,5,0.001,0.1,0.9968301406868991,0.9972778670402672,0.9964334455224805,0.9959377580201852,1.0,0.9968609461425907,0.9967170603113058,0.9971941276688275,0.9960651410277236,0.9961982907616266,0.9973446028187831,0.995399738300559
1,5,1.9954994869839613,0.47376,5000,2.1913010985762984,0.2388955582232893,833,2.186972864900534,0.2373,0.9982441613091761,0.08335612404912249,,,0.97,,0.9700176878243976,0.029982312175602432,0.9676409233631661,0.0998208283112689,5,0.001,0.1,0.9968892224817463,0.9972239833689082,0.9952106573072782,0.9963313454196829,0.9968609461425907,1.0,0.9958676357474965,0.9968766873258434,0.9952035398389394,0.9961706663539519,0.9956398975850939,0.9952057802745534
1,6,2.008986017810311,0.46512,5000,2.185487261524907,0.2581032412965186,833,2.186972864900534,0.2373,0.9982135534092532,0.08334095547842157,,,0.97,,0.9700176878243976,0.029982312175602432,0.9676409233631661,0.0998208283112689,5,0.001,0.1,0.9952600298672255,0.9960779138334217,0.9968855858223337,0.9956852841011815,0.9967170603113058,0.9958676357474965,1.0,0.996801046972461,0.9957928860963136,0.9962039465952813,0.9954628323938457,0.9963581111964609
1,7,1.9950777864759894,0.4474,5000,2.188599780753807,0.22448979591836735,833,2.186972864900534,0.2373,0.9983532670640125,0.08329771471972117,,,0.97,,0.9700176878243976,0.029982312175602432,0.9676409233631661,0.0998208283112689,5,0.001,0.1,0.9952830932589161,0.9975354718024938,0.9961464671235517,0.9953630732298336,0.9971941276688275,0.9968766873258434,0.996801046972461,1.0,0.9962882801774361,0.995793771150782,0.9959074947693239,0.9955977228951495
1,8,2.0079203614763395,0.49008,5000,2.1863214793028654,0.24849939975990396,833,2.186972864900534,0.2373,0.9981660695025093,0.08334958062606729,,,0.97,,0.9700176878243976,0.029982312175602432,0.9676409233631661,0.0998208283112689,5,0.001,0.1,0.9947086809710861,0.99659801361617,0.9970643098179538,0.9966321241245691,0.9960651410277236,0.9952035398389394,0.9957928860963136,0.9962882801774361,1.0,0.996089294153915,0.9960899401880202,0.996009279613255
1,9,2.007107273028914,0.51216,5000,2.182476176155938,0.24009603841536614,833,2.186972864900534,0.2373,0.9981287839482218,0.0833581145522816,,,0.97,,0.9700176878243976,0.029982312175602432,0.9676409233631661,0.0998208283112689,5,0.001,0.1,0.9953198787823072,0.9964050801807536,0.9967096436309146,0.9955410168292347,0.9961982907616266,0.9961706663539519,0.9962039465952813,0.995793771150782,0.996089294153915,1.0,0.9963524423468385,0.9953095741000464
1,10,2.004621607482813,0.48456,5000,2.189920089862965,0.226890756302521,833,2.186972864900534,0.2373,0.9982596191821455,0.08336333234114772,,,0.97,,0.9700176878243976,0.029982312175602432,0.9676409233631661,0.0998208283112689,5,0.001,0.1,0.9960740327890971,0.9969436758732996,0.9968404894167027,0.99538335806823,0.9973446028187831,0.9956398975850939,0.9954628323938457,0.9959074947693239,0.9960899401880202,0.9963524423468385,1.0,0.9956227892652503
1,11,1.9982269789762557,0.5074,5000,2.1843742617854365,0.22569027611044418,833,2.186972864900534,0.2373,0.9977665625719733,0.08327006873196151,,,0.97,,0.9700176878243976,0.029982312175602432,0.9676409233631661,0.0998208283112689,5,0.001,0.1,0.9942716906473774,0.9958214420539677,0.9962715364866298,0.99589389265004,0.995399738300559,0.9952057802745534,0.9963581111964609,0.9955977228951495,0.996009279613255,0.9953095741000464,0.9956227892652503,1.0
2,0,1.830997493464476,0.54792,5000,2.120697092126917,0.3657074340527578,834,2.111240847803914,0.3559,0.9984472518134967,0.0832589056514455,,,0.97,,0.9700176878243976,0.029982312175602432,0.9892485023820112,0.09986922027583041,5,0.001,0.1,1.0,0.9971734483941712,0.9968573631055063,0.9968458641850504,0.9973162481778955,0.9975870290793302,0.9963537558116067,0.9968102438646066,0.9964281088736122,0.9969736715417475,0.997252567601742,0.9961093440670373
2,1,1.824042314177106,0.54884,5000,2.104791014282792,0.3513189448441247,834,2.111240847803914,0.3559,0.9990215945087542,0.08335483757157254,,,0.97,,0.9700176878243976,0.029982312175602432,0.9892485023820112,0.09986922027583041,5,0.001,0.1,0.9971734483941712,1.0,0.9971573178878289,0.996890202871428,0.9980368859269955,0.9976631771417174,0.9973677395065286,0.9981358073073061,0.9975238283940804,0.997801233305347,0.9977696499210232,0.9970670330685094
2,2,1.826945521573352,0.57144,5000,2.1049032652819597,0.36330935251798563,834,2.111240847803914,0.3559,0.9987529239252851,0.08335302662890064,,,0.97,,0.9700176878243976,0.029982312175602432,0.9892485023820112,0.09986922027583041,5,0.001,0.1,0.9968573631055063,0.9971573178878289,1.0,0.9969987949661184,0.9971435881521744,0.9965574176167148,0.9975973073857877,0.9972353144166883,0.9975417891422853,0.9977123920105349,0.9975736286544392,0.996991442743371
2,3,1.8265232544795722,0.57092,5000,2.118515235406381,0.3213429256594724,834,2.111240847803914,0.3559,0.9984165846896474,0.08331980443067388,,,0.97,,0.9700176878243976,0.029982312175602432,0.9892485023820112,0.09986922027583041,5,0.001,0.1,0.9968458641850504,0.996890202871428,0.9969987949661184,1.0,0.9965781914114321,0.9975095088944638,0.996391949847793,0.9966827107066127,0.997201121265713,0.9970714092550108,0.9963442810759707,0.9968235210769519
2,4,1.8277133303842727,0.5382,5000,2.103211107077422,0.36614645858343337,833,2.111240847803914,0.3559,0.9988698871377536,0.0833799641946129,,,0.97,,0.9700176878243976,0.029982312175602432,0.9892485023820112,0.09986922027583041,5,0.001,0.1,0.9973162481778955,0.9980368859269955,0.9971435881521744,0.9965781914114321,1.0,0.9972489549352243,0.997276766804759,0.9980234689799541,0.9971493716486586,0.9973789187798576,0.9979683967061745,0.9966463135238949
2,5,1.8118698912820999,0.55228,5000,2.1151420451976635,0.35294117647058826,833,2.111240847803914,0.3559,0.998676227885627,0.08334677645632875,,,0.97,,0.9700176878243976,0.029982312175602432,0.9892485023820112,0.09986922027583041,5,0.001,0.1,0.9975870290793302,0.9976631771417174,0.9965574176167148,0.9975095088944638,0.9972489549352243,1.0,0.9967201433612993,0.997493220332393,0.9965438694241857,0.9975385769363287,0.9967917091356683,0.9967952269931066
2,6,1.8283746130147558,0.53756,5000,2.108267651663886,0.3877551020408163,833,2.111240847803914,0.3559,0.9985860438012204,0.08333456424651453,,,0.97,,0.9700176878243976,0.029982312175602432,0.9892485023820112,0.09986922027583041,5,0.001,0.1,0.9963537558116067,0.9973677395065286,0.9975973073857877,0.996391949847793,0.997276766804759,0.9967201433612993,1.0,0.997600452200709,0.9969086524415076,0.9972027327657155,0.9966487139789112,0.9972989044857077
2,7,1.8120634051644877,0.52976,5000,2.1104683169612177,0.34093637454981995,833,2.111240847803914,0.3559,0.9988927035124932,0.08331794568508608,,,0.97,,0.9700176878243976,0.029982312175602432,0.9892485023820112,0.09986922027583041,5,0.001,0.1,0.9968102438646066,0.9981358073073061,0.9972353144166883,0.9966827107066127,0.9980234689799541,0.997493220332393,0.997600452200709,1.0,0.9972206223238113,0.9973978961917752,0.9975216875655318,0.9969210986471057
2,8,1.827399028638366,0.56,5000,2.114205316261009,0.34933973589435774,833,2.111240847803914,0.3559,0.9986272825674882,0.08334118426011554,,,0.97,,0.9700176878243976,0.029982312175602432,0.9892485023820112,0.09986922027583041,5,0.001,0.1,0.9964281088736122,0.9975238283940804,0.9975417891422853,0.997201121265713,0.9971493716486586,0.9965438694241857,0.9969086524415076,0.9972206223238113,1.0,0.9973698729043978,0.9971664823739903,0.9968068318520931
2,9,1.8245549321933916,0.56864,5000,2.107681892536305,0.35294117647058826,833,2.111240847803914,0.3559,0.9988685914320266,0.08335420547722078,,,0.97,,0.9700176878243976,0.029982312175602432,0.9892485023820112,0.09986922027583041,5,0.001,0.1,0.9969736715417475,0.997801233305347,0.9977123920105349,0.9970714092550108,0.9973789187798576,0.9975385769363287,0.9972027327657155,0.9973978961917752,0.9973698729043978,1.0,0.99725016789374,0.9970556627566566
2,10,1.8245039226143223,0.5478,5000,2.115244158992061,0.34093637454981995,833,2.111240847803914,0.3559,0.9987343137115742,0.08335307136357013,,,0.97,,0.9700176878243976,0.029982312175602432,0.9892485023820112,0.09986922027583041,5,0.001,0.1,0.997252567601742,0.9977696499210232,0.9975736286544392,0.9963442810759707,0.9979683967061745,0.9967917091356683,0.9966487139789112,0.9975216875655318,0.9971664823739903,0.99725016789374,1.0,0.9968559261113622
2,11,1.8157898125375151,0.58044,5000,2.1057351606863515,0.37815126050420167,833,2.111240847803914,0.3559,0.9984193017223455,0.08328571403395878,,,0.97,,0.9700176878243976,0.029982312175602432,0.9892485023820112,0.09986922027583041,5,0.001,0.1,0.9961093440670373,0.9970670330685094,0.996991442743371,0.9968235210769519,0.9966463135238949,0.9967952269931066,0.9972989044857077,0.9969210986471057,0.9968068318520931,0.9970556627566566,0.9968559261113622,1.0
3,0,1.6666056402169975,0.59752,5000,2.032380223274231,0.49640287769784175,834,2.0215033410837093,0.5026,0.9986397921423175,0.083282928322345,,,0.97,,0.9700176878243976,0.029982312175602432,0.9953958949070246,0.09987868500289768,5,0.001,0.1,1.0,0.9975536211436263,0.996994895342937,0.9970627272688277,0.9974973068302636,0.9977230378460212,0.996731919481749,0.9973166184029478,0.9970643688366055,0.997388700764868,0.9973533364960936,0.9964628374830958
3,1,1.6563769970729851,0.6,5000,2.0150648620393543,0.5275779376498801,834,2.0215033410837093,0.5026,0.9990554364952328,0.08335516709394977,,,0.97,,0.9700176878243976,0.029982312175602432,0.9953958949070246,0.09987868500289768,5,0.001,0.1,0.9975536211436263,1.0,0.9973489018466128,0.9972083014751552,0.9980490373588959,0.9978633211149215,0.9973808642332866,0.9979463237991262,0.9975784251461968,0.9980361931460241,0.9978674336417077,0.9972956744014589
3,2,1.6608674921047915,0.6108,5000,2.0120689471562705,0.5191846522781774,834,2.0215033410837093,0.5026,0.9987685377599723,0.08334479749636434,,,0.97,,0.9700176878243976,0.029982312175602432,0.9953958949070246,0.09987868500289768,5,0.001,0.1,0.996994895342937,0.9973489018466128,1.0,0.9970353646523806,0.9973291575915477,0.9968360987085465,0.9975847026575119,0.997408855508742,0.9976209907272483,0.9975957761926321,0.9978463364130995,0.9970883963875139
3,3,1.6603629937597142,0.61384,5000,2.0294816670594393,0.4712230215827338,834,2.0215033410837093,0.5026,0.9985202265420549,0.08331641214168109,,,0.97,,0.9700176878243976,0.029982312175602432,0.9953958949070246,0.09987868500289768,5,0.001,0.1,0.9970627272688277,0.9972083014751552,0.9970353646523806,1.0,0.9968600453144996,0.9977038455901923,0.9966174062354913,0.9967923609390118,0.9974310585479249,0.99735318165845,0.9966691060812116,0.9969815551637158
3,4,1.6645499188429231,0.5934,5000,2.011905277216876,0.5006002400960384,833,2.0215033410837093,0.5026,0.9989425909345114,0.08336693262514981,,,0.97,,0.9700176878243976,0.029982312175602432,0.9953958949070246,0.09987868500289768,5,0.001,0.1,0.9974973068302636,0.9980490373588959,0.9973291575915477,0.9968600453144996,1.0,0.9975877311221092,0.9973372943112669,0.9979617012312607,0.9974265036447724,0.997740110086258,0.9980401469817637,0.99694576327756
3,5,1.6446402366753596,0.60428,5000,2.0253132979075112,0.503001200480192,833,2.0215033410837093,0.5026,0.9988524675862813,0.08334367363168858,,,0.97,,0.9700176878243976,0.029982312175602432,0.9953958949070246,0.09987868500289768,5,0.001,0.1,0.9977230378460212,0.9978633211149215,0.9968360987085465,0.9977038455901923,0.9975877311221092,1.0,0.9969993484912901,0.9976917467658405,0.9968496753489098,0.9979647343581411,0.9972631291155063,0.9972137140907501
3,6,1.6619767243695107,0.58576,5000,2.0169084513628923,0.5222088835534213,833,2.0215033410837093,0.5026,0.9986127253805567,0.08332844796304849,,,0.97,,0.9700176878243976,0.029982312175602432,0.9953958949070246,0.09987868500289768,5,0.001,0.1,0.996731919481749,0.9973808642332866,0.9975847026575119,0.9966174062354913,0.9973372943112669,0.9969993484912901,1.0,0.9976802996772574,0.9968651224555285,0.9971355149327844,0.9969917694333114,0.9974986187939632
3,7,1.6450062744177072,0.588,5000,2.0174312238340026,0.4897959183673469,833,2.0215033410837093,0.5026,0.998924905569133,0.08332833266768952,,,0.97,,0.9700176878243976,0.029982312175602432,0.9953958949070246,0.09987868500289768,5,0.001,0.1,0.9973166184029478,0.9979463237991262,0.997408855508742,0.9967923609390118,0.9979617012312607,0.9976917467658405,0.9976802996772574,1.0,0.9973200676129687,0.9974400380998344,0.9977573872722847,0.9972490867529608
3,8,1.65998303191677,0.60128,5000,2.0288881019309715,0.4885954381752701,833,2.0215033410837093,0.5026,0.9987299559254611,0.08333629070228389,,,0.97,,0.9700176878243976,0.029982312175602432,0.9953958949070246,0.09987868500289768,5,0.001,0.1,0.9970643688366055,0.9975784251461968,0.9976209907272483,0.9974310585479249,0.9974265036447724,0.9968496753489098,0.9968651224555285,0.9973200676129687,1.0,0.997368208738257,0.9975252438095861,0.997177918315444
3,9,1.6580454751944087,0.60836,5000,2.019018605903343,0.503001200480192,833,2.0215033410837093,0.5026,0.9989548476902607,0.08335153317550828,,,0.97,,0.9700176878243976,0.029982312175602432,0.9953958949070246,0.09987868500289768,5,0.001,0.1,0.997388700764868,0.9980361931460241,0.9975957761926321,0.99735318165845,0.997740110086258,0.9979647343581411,0.9971355149327844,0.9974400380998344,0.997368208738257,1.0,0.9976431561956758,0.9972568312492589
3,10,1.6593981756526195,0.59624,5000,2.0266426360165632,0.4921968787515006,833,2.0215033410837093,0.5026,0.998882261900524,0.08334849517058882,,,0.97,,0.9700176878243976,0.029982312175602432,0.9953958949070246,0.09987868500289768,5,0.001,0.1,0.9973533364960936,0.9978674336417077,0.9978463364130995,0.9966691060812116,0.9980401469817637,0.9972631291155063,0.9969917694333114,0.9977573872722847,0.9975252438095861,0.9976431561956758,1.0,0.9970951993569593
3,11,1.6463883693051187,0.6264,5000,2.01267178411837,0.517406962785114,833,2.0215033410837093,0.5026,0.9985661095976365,0.08329698900970228,,,0.97,,0.9700176878243976,0.029982312175602432,0.9953958949070246,0.09987868500289768,5,0.001,0.1,0.9964628374830958,0.9972956744014589,0.9970883963875139,0.9969815551637158,0.99694576327756,0.9972137140907501,0.9974986187939632,0.9972490867529608,0.997177918315444,0.9972568312492589,0.9970951993569593,1.0
4,0,1.5237893811456718,0.6228,5000,1.9306766986846924,0.5743405275779376,834,1.9185106175395246,0.5941,0.9985945726854446,0.0832979097300574,,,0.97,,0.9700176878243976,0.029982312175602432,0.9972091351688182,0.09987339116463688,5,0.001,0.1,1.0,0.9972105138844305,0.9970097351994073,0.9970597352867911,0.9969992786225532,0.9975158583267141,0.9969133001870606,0.9971493989902948,0.9971890083665631,0.9972702437759213,0.9970873810799894,0.9965671762856639
4,1,1.512501672270951,0.63032,5000,1.9121007610250402,0.6223021582733813,834,1.9185106175395246,0.5941,0.9989291203905384,0.08335300395733307,,,0.97,,0.9700176878243976,0.029982312175602432,0.9972091351688182,0.09987339116463688,5,0.001,0.1,0.9972105138844305,1.0,0.9973073177811742,0.9971813072611508,0.9976016404692762,0.9973909268489071,0.9972279482667251,0.997977326792068,0.9974037176661805,0.9977714141183454,0.9977269531126005,0.9971794951914241
4,2,1.516774027894257,0.63764,5000,1.9053941302829318,0.6235011990407674,834,1.9185106175395246,0.5941,0.9987516215567921,0.08334091670736463,,,0.97,,0.9700176878243976,0.029982312175602432,0.9972091351688182,0.09987339116463688,5,0.001,0.1,0.9970097351994073,0.9973073177811742,1.0,0.9968850697031885,0.997235199228404,0.996635856635474,0.9975903198173366,0.9972940010767727,0.9976022217902637,0.997382002530763,0.9977651731577373,0.9971448051969454
4,3,1.516883279259797,0.63504,5000,1.9273295490830034,0.5575539568345323,834,1.9185106175395246,0.5941,0.9984839651661795,0.08331487239615501,,,0.97,,0.9700176878243976,0.029982312175602432,0.9972091351688182,0.09987339116463688,5,0.001,0.1,0.9970597352867911,0.9971813072611508,0.9968850697031885,1.0,0.9967799438266439,0.9977051737559078,0.9965274780026717,0.996958211000229,0.9969119228193583,0.9971664682289643,0.9965828676664379,0.9968869787248493
4,4,1.5219811966464778,0.62212,5000,1.9071768743020516,0.5990396158463386,833,1.9185106175395246,0.5941,0.9987834054948775,0.08335551583937978,,,0.97,,0.9700176878243976,0.029982312175602432,0.9972091351688182,0.09987339116463688,5,0.001,0.1,0.9969992786225532,0.9976016404692762,0.997235199228404,0.9967799438266439,1.0,0.9973366226827539,0.9971949978599352,0.9977974887011861,0.9971683204772092,0.9974981217472757,0.9976487423886253,0.9969712871521212
4,5,1.499360473368578,0.63528,5000,1.9220686930197257,0.5978391356542617,833,1.9185106175395246,0.5941,0.9986909325728405,0.08333826888079691,,,0.97,,0.9700176878243976,0.029982312175602432,0.9972091351688182,0.09987339116463688,5,0.001,0.1,0.9975158583267141,0.9973909268489071,0.996635856635474,0.9977051737559078,0.9973366226827539,1.0,0.9967008366852422,0.9974624096839491,0.9966616901281052,0.9977090284383496,0.997048926352656,0.996957449809699
4,6,1.5179839109918873,0.62016,5000,1.9120302465226915,0.6002400960384153,833,1.9185106175395246,0.5941,0.9985994672849228,0.08332598050635893,,,0.97,,0.9700176878243976,0.029982312175602432,0.9972091351688182,0.09987339116463688,5,0.001,0.1,0.9969133001870606,0.9972279482667251,0.9975903198173366,0.9965274780026717,0.9971949978599352,0.9967008366852422,1.0,0.9972239151121974,0.9969680739583445,0.9971320384179886,0.9972267864674415,0.9973230857698779
4,7,1.5002403159050426,0.62972,5000,1.9102789870014898,0.5942376950780313,833,1.9185106175395246,0.5941,0.9988940113765993,0.0833354158859973,,,0.97,,0.9700176878243976,0.029982312175602432,0.9972091351688182,0.09987339116463688,5,0.001,0.1,0.9971493989902948,0.997977326792068,0.9972940010767727,0.996958211000229,0.9977974887011861,0.9974624096839491,0.9972239151121974,1.0,0.9974153386879969,0.9973379674185308,0.9977816151724873,0.997160672636586
4,8,1.5138034783351193,0.62588,5000,1.931055192594175,0.575030012004802,833,1.9185106175395246,0.5941,0.9987226409226194,0.08333476499304983,,,0.97,,0.9700176878243976,0.029982312175602432,0.9972091351688182,0.09987339116463688,5,0.001,0.1,0.9971890083665631,0.9974037176661805,0.9976022217902637,0.9969119228193583,0.9971683204772092,0.9966616901281052,0.9969680739583445,0.9974153386879969,1.0,0.997271101577494,0.9977299471052271,0.9971834063349165
4,9,1.5125913425615638,0.6348,5000,1.917347342879684,0.5786314525810324,833,1.9185106175395246,0.5941,0.9988842138147227,0.08334932631616751,,,0.97,,0.9700176878243976,0.029982312175602432,0.9972091351688182,0.09987339116463688,5,0.001,0.1,0.9972702437759213,0.9977714141183454,0.997382002530763,0.9971664682289643,0.9974981217472757,0.9977090284383496,0.9971320384179886,0.9973379674185308,0.997271101577494,1.0,0.9975274947545858,0.9973746879793011
4,10,1.5167129097470813,0.62708,5000,1.924613012207879,0.595438175270108,833,1.9185106175395246,0.5941,0.9988808137926072,0.08334735366865487,,,0.97,,0.9700176878243976,0.029982312175602432,0.9972091351688182,0.09987339116463688,5,0.001,0.1,0.9970873810799894,0.9977269531126005,0.9977651731577373,0.9965828676664379,0.9976487423886253,0.997048926352656,0.9972267864674415,0.9977816151724873,0.9977299471052271,0.9975274947545858,1.0,0.9972737459178828
4,11,1.4989294771176236,0.65012,5000,1.9061066088853058,0.6110444177671068,833,1.9185106175395246,0.5941,0.9985988896196306,0.08330667111868477,,,0.97,,0.9700176878243976,0.029982312175602432,0.9972091351688182,0.09987339116463688,5,0.001,0.1,0.9965671762856639,0.9971794951914241,0.9971448051969454,0.9968869787248493,0.9969712871521212,0.996957449809699,0.9973230857698779,0.997160672636586,0.9971834063349165,0.9973746879793011,0.9972737459178828,1.0
5,0,1.4016249881428517,0.63808,5000,1.8169603127020377,0.6235011990407674,834,1.8037948863574873,0.6394,0.998422837275255,0.08330502099814582,,,0.97,,0.9700176878243976,0.029982312175602432,0.9980029854651313,0.0998626472018838,5,0.001,0.1,1.0,0.9971592960467032,0.996571262275991,0.9966719853215456,0.9966496831841326,0.9970810270795015,0.9966995915985604,0.9971746391369601,0.9968125642105576,0.9968476321957269,0.9966218535663168,0.9963359757050422
5,1,1.3907140325588785,0.6454,5000,1.797507228674712,0.6666666666666666,834,1.8037948863574873,0.6394,0.9989494007648113,0.08335580133562165,,,0.97,,0.9700176878243976,0.029982312175602432,0.9980029854651313,0.0998626472018838,5,0.001,0.1,0.9971592960467032,1.0,0.9972895870883878,0.9970525075792662,0.9974008523699863,0.99746940510014,0.997325752449134,0.9975541350686173,0.9973813578559206,0.9976117254363236,0.9975414763646931,0.9971474129683133
5,2,1.3936303874489608,0.6554,5000,1.7866624946947451,0.6690647482014388,834,1.8037948863574873,0.6394,0.9986332562749705,0.08333818544924794,,,0.97,,0.9700176878243976,0.029982312175602432,0.9980029854651313,0.0998626472018838,5,0.001,0.1,0.996571262275991,0.9972895870883878,1.0,0.9966072997367843,0.9968770713186648,0.9967223583624851,0.997245287666834,0.9970880192982269,0.9973017219062484,0.996849862330052,0.9976473615886747,0.9969454496213805
5,3,1.3949482364259709,0.65348,5000,1.8136441442701552,0.6067146282973621,834,1.8037948863574873,0.6394,0.9983756198169502,0.0833138990456218,,,0.97,,0.9700176878243976,0.029982312175602432,0.9980029854651313,0.0998626472018838,5,0.001,0.1,0.9966719853215456,0.9970525075792662,0.9966072997367843,1.0,0.9961995511294861,0.9974831459428121,0.9964749060542825,0.9967779982170215,0.9967911382078968,0.9966803930449286,0.9966007860306995,0.9967195569637606
5,4,1.4019152498548957,0.64072,5000,1.7902806599934895,0.6374549819927972,833,1.8037948863574873,0.6394,0.9985785496831123,0.08334537239531714,,,0.97,,0.9700176878243976,0.029982312175602432,0.9980029854651313,0.0998626472018838,5,0.001,0.1,0.9966496831841326,0.9974008523699863,0.9968770713186648,0.9961995511294861,1.0,0.9969284276839268,0.9969317722453718,0.9973307864205965,0.9969203284737544,0.9972582528793064,0.9972841256538355,0.9967080888427575
5,5,1.376592160182394,0.65284,5000,1.806801191082707,0.6266506602641057,833,1.8037948863574873,0.6394,0.9987174975455325,0.08333928063021294,,,0.97,,0.9700176878243976,0.029982312175602432,0.9980029854651313,0.0998626472018838,5,0.001,0.1,0.9970810270795015,0.99746940510014,0.9967223583624851,0.9974831459428121,0.9969284276839268,1.0,0.9967711692366749,0.9972939298963217,0.9965662991733703,0.9975051104624335,0.9971522925450478,0.9971820807781328
5,6,1.3958771357870405,0.64492,5000,1.7954650410899409,0.6374549819927972,833,1.8037948863574873,0.6394,0.9985203044333869,0.08332538059012459,,,0.97,,0.9700176878243976,0.029982312175602432,0.9980029854651313,0.0998626472018838,5,0.001,0.1,0.9966995915985604,0.997325752449134,0.997245287666834,0.9964749060542825,0.9969317722453718,0.9967711692366749,1.0,0.9970232052285808,0.9965131500059972,0.9967166952929993,0.9970361522996926,0.9970547097709718
5,7,1.380019810852731,0.65528,5000,1.7908063288088198,0.6542617046818727,833,1.8037948863574873,0.6394,0.998760287524171,0.08333891214654617,,,0.97,,0.9700176878243976,0.029982312175602432,0.9980029854651313,0.0998626472018838,5,0.001,0.1,0.9971746391369601,0.9975541350686173,0.9970880192982269,0.9967779982170215,0.9973307864205965,0.9972939298963217,0.9970232052285808,1.0,0.9970901576313547,0.9969755138429746,0.9973814135822195,0.9969780495882254
5,8,1.3920534345754392,0.64716,5000,1.822313873856156,0.6362545018007203,833,1.8037948863574873,0.6394,0.9985712220010924,0.0833324108690055,,,0.97,,0.9700176878243976,0.029982312175602432,0.9980029854651313,0.0998626472018838,5,0.001,0.1,0.9968125642105576,0.9973813578559206,0.9973017219062484,0.9967911382078968,0.9969203284737544,0.9965662991733703,0.9965131500059972,0.9970901576313547,1.0,0.9968251588423431,0.9973754570079721,0.9968248240989143
5,9,1.389362972253447,0.65632,5000,1.8045101872196905,0.6182472989195679,833,1.8037948863574873,0.6394,0.9986653021513481,0.08334437675412601,,,0.97,,0.9700176878243976,0.029982312175602432,0.9980029854651313,0.0998626472018838,5,0.001,0.1,0.9968476321957269,0.9976117254363236,0.996849862330052,0.9966803930449286,0.9972582528793064,0.9975051104624335,0.9967166952929993,0.9969755138429746,0.9968251588423431,1.0,0.9970053478349099,0.9972533744329114
5,10,1.3952417546017155,0.64292,5000,1.8108016649882,0.6398559423769508,833,1.8037948863574873,0.6394,0.9987691299852085,0.08334651813517094,,,0.97,,0.9700176878243976,0.029982312175602432,0.9980029854651313,0.0998626472018838,5,0.001,0.1,0.9966218535663168,0.9975414763646931,0.9976473615886747,0.9966007860306995,0.9972841256538355,0.9971522925450478,0.9970361522996926,0.9973814135822195,0.9973754570079721,0.9970053478349099,1.0,0.9971269068312585
5,11,1.3749195197585282,0.66388,5000,1.787699858347575,0.6566626650660264,833,1.8037948863574873,0.6394,0.9985606493209419,0.08331484165085948,,,0.97,,0.9700176878243976,0.029982312175602432,0.9980029854651313,0.0998626472018838,5,0.001,0.1,0.9963359757050422,0.9971474129683133,0.9969454496213805,0.9967195569637606,0.9967080888427575,0.9971820807781328,0.9970547097709718,0.9969780495882254,0.9968248240989143,0.9972533744329114,0.9971269068312585,1.0
6,0,1.2985328486770582,0.6488,5000,1.6941110028160944,0.6618705035971223,834,1.680445321832602,0.6685,0.9980652184837495,0.08330661657092103,,,0.97,,0.9700176878243976,0.029982312175602432,0.998296823608142,0.09983544681027458,5,0.001,0.1,1.0,0.9965440140989237,0.9959743012136264,0.9962113950767368,0.996055824884302,0.9962260448427296,0.995900089364884,0.9961023491620298,0.9963847312298182,0.9961209096137609,0.9958872569757855,0.9956750640397466
6,1,1.2878694211601451,0.6624,5000,1.6744489051677562,0.6810551558752997,834,1.680445321832602,0.6685,0.9986617105226748,0.0833570137743424,,,0.97,,0.9700176878243976,0.029982312175602432,0.998296823608142,0.09983544681027458,5,0.001,0.1,0.9965440140989237,1.0,0.9965779655359274,0.9965294446123771,0.9966967591411804,0.9968311233681283,0.9967399710315347,0.9966582007171105,0.9968083383714432,0.9972044006415366,0.9970052693630329,0.9966303599350878
6,2,1.2916344067852967,0.6644,5000,1.659087966989588,0.6966426858513189,834,1.680445321832602,0.6685,0.9982723148723023,0.08333364090729399,,,0.97,,0.9700176878243976,0.029982312175602432,0.998296823608142,0.09983544681027458,5,0.001,0.1,0.9959743012136264,0.9965779655359274,1.0,0.9959768861318735,0.9965145451129445,0.9960457261312693,0.9964610784621438,0.9961597210894224,0.9966860290200589,0.9960619640889019,0.9968842839173554,0.9962188526358247
6,3,1.2920055326382824,0.66192,5000,1.6916617596590962,0.6354916067146283,834,1.680445321832602,0.6685,0.9981291342113106,0.08331412453346669,,,0.97,,0.9700176878243976,0.029982312175602432,0.998296823608142,0.09983544681027458,5,0.001,0.1,0.9962113950767368,0.9965294446123771,0.9959768861318735,1.0,0.9956475959308932,0.9968623059582401,0.9958150963277274,0.99615088400606,0.996245863971172,0.9961318979918523,0.996075684147971,0.9962003400063097
6,4,1.2996758410125782,0.65156,5000,1.6646059221691556,0.6614645858343338,833,1.680445321832602,0.6685,0.9982803706549234,0.08333830864601728,,,0.97,,0.9700176878243976,0.029982312175602432,0.998296823608142,0.09983544681027458,5,0.001,0.1,0.996055824884302,0.9966967591411804,0.9965145451129445,0.9956475959308932,1.0,0.9963473291242211,0.9962820949221572,0.9965119919229796,0.9961713114977553,0.9965928194164385,0.9967482819281093,0.9960887830258057
6,5,1.273046546529053,0.66676,5000,1.6825773186153836,0.6638655462184874,833,1.680445321832602,0.6685,0.9984793732623001,0.08334099613382918,,,0.97,,0.9700176878243976,0.029982312175602432,0.998296823608142,0.09983544681027458,5,0.001,0.1,0.9962260448427296,0.9968311233681283,0.9960457261312693,0.9968623059582401,0.9963473291242211,1.0,0.9963375804289544,0.9966135213399543,0.9962543314731489,0.997178305298171,0.9967587303099723,0.9965870719117785
6,6,1.292822435213502,0.66152,5000,1.6705614460839167,0.6674669867947179,833,1.680445321832602,0.6685,0.9982712817987137,0.0833257544208936,,,0.97,,0.9700176878243976,0.029982312175602432,0.998296823608142,0.09983544681027458,5,0.001,0.1,0.995900089364884,0.9967399710315347,0.9964610784621438,0.9958150963277274,0.9962820949221572,0.9963375804289544,1.0,0.9964089496912754,0.9962076843511114,0.9961393091513217,0.9966503834628021,0.9966072808831488
6,7,1.2759112206234293,0.6754,5000,1.6622048219045003,0.6830732292917167,833,1.680445321832602,0.6685,0.9983635156935216,0.08333703042277409,,,0.97,,0.9700176878243976,0.029982312175602432,0.998296823608142,0.09983544681027458,5,0.001,0.1,0.9961023491620298,0.9966582007171105,0.9961597210894224,0.99615088400606,0.9965119919229796,0.9966135213399543,0.9964089496912754,1.0,0.9966936537916963,0.9961414090915485,0.996999113241419,0.9962141239022446
6,8,1.2881775912205884,0.66392,5000,1.7057940871627242,0.6674669867947179,833,1.680445321832602,0.6685,0.9984147546139669,0.08333469715141066,,,0.97,,0.9700176878243976,0.029982312175602432,0.998296823608142,0.09983544681027458,5,0.001,0.1,0.9963847312298182,0.9968083383714432,0.9966860290200589,0.996245863971172,0.9961713114977553,0.9962543314731489,0.9962076843511114,0.9966936537916963,1.0,0.9964048256934634,0.9971379249925322,0.9962733955308734
6,9,1.2850764173610953,0.66804,5000,1.683605224997909,0.6482593037214885,833,1.680445321832602,0.6685,0.998418513212336,0.08334215707646538,,,0.97,,0.9700176878243976,0.029982312175602432,0.998296823608142,0.09983544681027458,5,0.001,0.1,0.9961209096137609,0.9972044006415366,0.9960619640889019,0.9961318979918523,0.9965928194164385,0.997178305298171,0.9961393091513217,0.9961414090915485,0.9964048256934634,1.0,0.9966216061838366,0.9967150519832646
6,10,1.293539194164762,0.65852,5000,1.6878805469583582,0.6650660264105642,833,1.680445321832602,0.6685,0.9986003291599729,0.08334933913980275,,,0.97,,0.9700176878243976,0.029982312175602432,0.998296823608142,0.09983544681027458,5,0.001,0.1,0.9958872569757855,0.9970052693630329,0.9968842839173554,0.996075684147971,0.9967482819281093,0.9967587303099723,0.9966503834628021,0.996999113241419,0.9971379249925322,0.9966216061838366,1.0,0.99672200236522
6,11,1.2716135863285916,0.67408,5000,1.6606186230977376,0.6902761104441777,833,1.680445321832602,0.6685,0.9983031997561941,0.083320321222783,,,0.97,,0.9700176878243976,0.029982312175602432,0.998296823608142,0.09983544681027458,5,0.001,0.1,0.9956750640397466,0.9966303599350878,0.9962188526358247,0.9962003400063097,0.9960887830258057,0.9965870719117785,0.9966072808831488,0.9962141239022446,0.9962733955308734,0.9967150519832646,0.99672200236522,1.0
7,0,1.2110950612718132,0.661,5000,1.566720136889705,0.6726618705035972,834,1.552948209043509,0.6828,0.9979318850120403,0.08331452673864279,,,0.97,,0.9700176878243976,0.029982312175602432,0.9983299220343937,0.09980064717676893,5,0.001,0.1,1.0,0.9960117347108912,0.9956781950756791,0.9955264347561926,0.9953818385097262,0.9962215261158035,0.9957313474162056,0.9954055567279856,0.9956978883329732,0.9955188741292827,0.995075703588743,0.9950663929201137
7,1,1.2000065748858604,0.67296,5000,1.5473113545665034,0.6942446043165468,834,1.552948209043509,0.6828,0.9984700782103794,0.08336281367404053,,,0.97,,0.9700176878243976,0.029982312175602432,0.9983299220343937,0.09980064717676893,5,0.001,0.1,0.9960117347108912,1.0,0.9963442459711771,0.995796842248117,0.9961893190307405,0.9964142121786501,0.9963496556081406,0.9957993136098531,0.9960808097436274,0.9965444750894848,0.9962888540638168,0.9959388855819069
