round,client_id,client_i_training_loss,client_i_training_accuracy,client_i_training_dataset_size,client_i_evaluation_loss,client_i_evaluation_accuracy,client_i_evaluation_dataset_size,client_i_central_evaluation_loss,client_i_central_evaluation_accuracy,client_i_cosine_similarity,client_i_importance_coefficient,client_i_tanh_val,tanh_normalization_value,client_i_q,client_i_mask_order,client_i_v_nonzero_fraction,client_i_v_sparsity,client_i_v_cosine_similarity,client_i_reward_gradient_norm,local_epochs,learning_rate,gamma,client_0_cosine_similarity,client_1_cosine_similarity,client_2_cosine_similarity,client_3_cosine_similarity,client_4_cosine_similarity,client_5_cosine_similarity,client_6_cosine_similarity,client_7_cosine_similarity,client_8_cosine_similarity,client_9_cosine_similarity,client_10_cosine_similarity,client_11_cosine_similarity
0,0,0.3360362292569914,0.89596,5000,2.2083602393115007,0.3669064748201439,834,2.1961513799600327,0.39,0.7896650351511925,0.08364476582137237,0.08345023815147765,0.08423664579572165,0.9906643048544246,,0.9906882184629285,0.009311781537071462,0,0.3933620161023406,5,0.1,0.5,1.0,0.5715510403480447,0.5810853825330096,0.6040535141813045,0.5893729695399523,0.5841467530594162,0.5889659907615529,0.5857410008494971,0.5899478069121774,0.5816929784496476,0.5852529580027948,0.5931793082497776
0,1,0.3472827959853183,0.88856,5000,2.196214057781078,0.38369304556354916,834,2.196151536874497,0.3899,0.7803238969749927,0.08265531171048635,0.08246759372542409,0.08423664579572165,0.9789990205027084,,0.9790020581296119,0.02099794187038806,0,0.3933618397724891,5,0.1,0.5,0.5715510403480447,1.0,0.5714539644948392,0.5805366511780298,0.5879142424981204,0.5699251348772335,0.5808965109007611,0.5679730392798692,0.5963378685145277,0.5808970150573508,0.5700164475702203,0.5893009180645029
0,2,0.3450773559700532,0.89104,5000,2.1960006378315113,0.3932853717026379,834,2.196151773007914,0.3899,0.7813029490309249,0.08275901717584191,0.08257059301860972,0.08423664579572165,0.9802217578542666,,0.9802319160684705,0.019768083931529512,0,0.3933618751969242,5,0.1,0.5,0.5810853825330096,0.5714539644948392,1.0,0.5810268483891647,0.5919912759069935,0.5843935450719867,0.5773886611948452,0.5695745140405519,0.586704362298289,0.5773351133187486,0.58047341062928,0.5746186881692822
0,3,0.33407365489917196,0.8932,5000,2.197435158270377,0.38968824940047964,834,2.196151443182851,0.39,0.7883081829082967,0.08350104211187637,0.08330751361477053,0.08423664579572165,0.9889699765088783,,0.9889714371768485,0.011028562823151455,0,0.3933620051489675,5,0.1,0.5,0.6040535141813045,0.5805366511780298,0.5810268483891647,1.0,0.5950849749654646,0.5857782276548099,0.5839365448542064,0.5770392779800386,0.598038476836132,0.5764213700760394,0.5745254726029027,0.5857387068470415
0,4,0.34721693790867736,0.89088,5000,2.212303232263636,0.3937575030012005,833,2.1961513159754937,0.39,0.7971418330183511,0.08443674087263252,0.08423664579572165,0.08423664579572165,0.9999999999881286,,0.9999698810300688,3.0118969931214323e-05,0,0.3933620332435747,5,0.1,0.5,0.5893729695399523,0.5879142424981204,0.5919912759069935,0.5950849749654646,1.0,0.5926069923961378,0.606135077314726,0.5815514653816382,0.6030863046755591,0.5941074190266513,0.5792650092475664,0.604460164798922
0,5,0.3293010744989915,0.89588,5000,2.1940227526205556,0.37815126050420167,833,2.1961518529885873,0.3899,0.781066328570044,0.08273395330425344,0.08254569997855042,0.08423664579572165,0.9799262446625451,,0.9799307263691581,0.020069273630841877,0,0.3933618652351434,5,0.1,0.5,0.5841467530594162,0.5699251348772335,0.5843935450719867,0.5857782276548099,0.5926069923961378,1.0,0.5696227740108234,0.5723781414525604,0.5804724337454475,0.5786096767870048,0.5740084315697054,0.5818697925062106
0,6,0.3397194984790151,0.89352,5000,2.1955928714187056,0.4141656662665066,833,2.1961514942181375,0.39,0.7927908696489395,0.08397586784934852,0.08377902530747042,0.08423664579572165,0.9945674417004261,,0.9945735655840571,0.005426434415942927,0,0.39336203052094704,5,0.1,0.5,0.5889659907615529,0.5808965109007611,0.5773886611948452,0.5839365448542064,0.606135077314726,0.5696227740108234,1.0,0.5914903996883941,0.6108451718959834,0.5814890138660892,0.5950364392601252,0.5986931790078788
0,7,0.34552099611728815,0.89344,5000,2.19333525940224,0.39135654261704683,833,2.1961524067595364,0.3899,0.7784054047916339,0.08245209664806882,0.08226575732941184,0.08423664579572165,0.9766029564844506,,0.9766176396767231,0.023382360323276896,0,0.3933617718725871,5,0.1,0.5,0.5857410008494971,0.5679730392798692,0.5695745140405519,0.5770392779800386,0.5815514653816382,0.5723781414525604,0.5914903996883941,1.0,0.5873155267695888,0.5706084052938303,0.5750219565781861,0.5699971950456684
0,8,0.3328067478545864,0.89408,5000,2.1896029313405356,0.4189675870348139,833,2.196151310643449,0.39,0.7966135556657462,0.08438078343057748,0.08418108515534675,0.08423664579572165,0.9993404219642247,,0.9993323628331912,0.0006676371668088432,0,0.39336203323888563,5,0.1,0.5,0.5899478069121774,0.5963378685145277,0.586704362298289,0.598038476836132,0.6030863046755591,0.5804724337454475,0.6108451718959834,0.5873155267695888,1.0,0.5893829013152527,0.5835613847986455,0.5948963503145163
0,9,0.3669099847412413,0.88472,5000,2.2017852377008507,0.37214885954381755,833,2.196151425663275,0.3899,0.7826066551419678,0.08289711141517618,0.08270774418009749,0.08423664579572165,0.9818499228908795,,0.9818583404447568,0.01814165955524316,0,0.39336190960268064,5,0.1,0.5,0.5816929784496476,0.5808970150573508,0.5773351133187486,0.5764213700760394,0.5941074190266513,0.5786096767870048,0.5814890138660892,0.5706084052938303,0.5893829013152527,1.0,0.5700496172345644,0.5877601514759071
0,10,0.3565701210076452,0.88996,5000,2.1893035659083613,0.4069627851140456,833,2.196151765390707,0.3899,0.7812954659816508,0.08275822453861435,0.08256980578545423,0.08423664579572165,0.9802124123592264,,0.9802268962401486,0.019773103759851418,0,0.39336187517273585,5,0.1,0.5,0.5852529580027948,0.5700164475702203,0.58047341062928,0.5745254726029027,0.5792650092475664,0.5740084315697054,0.5950364392601252,0.5750219565781861,0.5835613847986455,0.5700496172345644,1.0,0.5887639915982201
0,11,0.337613076891062,0.89284,5000,2.1974587263884366,0.3697478991596639,833,2.1961514690813546,0.39,0.7911785613680007,0.08380508512175167,0.08360943886624797,0.08423664579572165,0.9925542271473243,,0.9925656342553084,0.0074343657446915845,0,0.39336202462299086,5,0.1,0.5,0.5931793082497776,0.5893009180645029,0.5746186881692822,0.5857387068470415,0.604460164798922,0.5818697925062106,0.5986931790078788,0.5699971950456684,0.5948963503145163,0.5877601514759071,0.5887639915982201,1.0
1,0,0.29938963499916776,0.9104,5000,2.0417127962465638,0.7266187050359713,834,2.0325712776793456,0.7256,0.8098887588354695,0.08363571463893203,0.08344124999416037,0.08404580964699161,0.9928067841054382,,0.992816625671402,0.007183374328597947,0.960346612975683,0.4035777081917581,5,0.1,0.5,1.0,0.6199019722762652,0.6190279110047466,0.6187862251900442,0.6260067317730765,0.6182010485161669,0.6212537744138172,0.6215021495898111,0.6183046900956475,0.6250948268793706,0.627984770394734,0.6269616068843931
1,1,0.300038909115443,0.90712,5000,2.0325536639602095,0.7350119904076738,834,2.0325717084324015,0.7256,0.804117763634879,0.08277916511246088,0.08259060355526177,0.08404580964699161,0.9826855604244319,,0.9826966517745093,0.017303348225490733,0.9603478782012707,0.4035776176085163,5,0.1,0.5,0.6199019722762652,1.0,0.6147275159175806,0.610521783303554,0.622748513845993,0.6194959915615252,0.6197333746215281,0.6155860526996806,0.6188644772968185,0.6182708727766162,0.6154651111302453,0.6162461358111977
1,2,0.3101739283781617,0.9024,5000,2.030095550749037,0.7290167865707434,834,2.0325718367823398,0.7256,0.8039946717750412,0.08284356373123251,0.08265456255740453,0.08404580964699161,0.983446562102096,,0.9834496260227901,0.01655037397720993,0.9603477859689252,0.4035776282173367,5,0.1,0.5,0.6190279110047466,0.6147275159175806,1.0,0.6125116841937711,0.6247028477360932,0.6158966362054576,0.6209533278264379,0.6130393443031242,0.6180987832535798,0.6216534473700035,0.6089830578036152,0.6201671006509567
1,3,0.2939717756762246,0.90908,5000,2.0357861518859863,0.7230215827338129,834,2.032571286439134,0.7256,0.8058565990419916,0.08339995474305152,0.08320712696157406,0.08404580964699161,0.9900211243138688,,0.9900356407810853,0.009964359218914698,0.9603463516705786,0.40357769574234703,5,0.1,0.5,0.6187862251900442,0.610521783303554,0.6125116841937711,1.0,0.629017817766146,0.6243857213842152,0.622950005196087,0.6129258466494557,0.6261108769318264,0.6194281327927719,0.6090664186585718,0.6184929154457767
1,4,0.3054451134619392,0.90736,5000,2.0474068058861628,0.723889555822329,833,2.032571373656154,0.7256,0.8123058591066481,0.08424454401835334,0.08404580964699161,0.08404580964699161,0.9999999999881016,,0.9999698810300688,3.0118969931214323e-05,0.9603466957022381,0.40357771477542537,5,0.1,0.5,0.6260067317730765,0.622748513845993,0.6247028477360932,0.629017817766146,1.0,0.6272857589536718,0.6324991467120415,0.6204005856176049,0.6216823225338375,0.6293277327201874,0.6124615251055032,0.6166894697308696
1,5,0.2920987764094618,0.91136,5000,2.0328873660829334,0.7070828331332533,833,2.032571874106654,0.7256,0.8076187016448934,0.08295329886231696,0.08276354701363761,0.08404580964699161,0.9847432889310663,,0.9847447417298328,0.01525525827016716,0.9603479564474858,0.4035776474785015,5,0.1,0.5,0.6182010485161669,0.6194959915615252,0.6158966362054576,0.6243857213842152,0.6272857589536718,1.0,0.6233611623693881,0.6136223849161003,0.6193044152566286,0.6252331796083612,0.6114949983614386,0.6266533386641674
1,6,0.30404624625993004,0.90704,5000,2.0323367251290216,0.7394957983193278,833,2.032571508480718,0.7256,0.8123360118763046,0.08394033425561372,0.08374374101634251,0.08404580964699161,0.9964059049116873,,0.9964409417197931,0.0035590582802068615,0.960346622493796,0.4035777139383899,5,0.1,0.5,0.6212537744138172,0.6197333746215281,0.6209533278264379,0.622950005196087,0.6324991467120415,0.6233611623693881,1.0,0.6245098212295755,0.6263089884373163,0.6335440385712275,0.6166323540660058,0.6233508089427575
1,7,0.30187848704291664,0.90956,5000,2.030599483737239,0.7250900360144058,833,2.0325724069302837,0.7256,0.8034028758833681,0.08261964338359706,0.0824321678712129,0.08404580964699161,0.9808004493794857,,0.9808142161538076,0.019185783846192406,0.960348407270472,0.403577581770313,5,0.1,0.5,0.6215021495898111,0.6155860526996806,0.6130393443031242,0.6129258466494557,0.6204005856176049,0.6136223849161003,0.6245098212295755,1.0,0.6264964070577462,0.6210010888583546,0.6036259127142066,0.6126518869559244
1,8,0.29067242570980717,0.90864,5000,2.031253355520743,0.7250900360144058,833,2.032571373656154,0.7256,0.8102540295957075,0.08413595215839062,0.08393798386347712,0.08404580964699161,0.9987170593636243,,0.998709904121279,0.001290095878720976,0.960346712164117,0.40357771474537135,5,0.1,0.5,0.6183046900956475,0.6188644772968185,0.6180987832535798,0.6261108769318264,0.6216823225338375,0.6193044152566286,0.6263089884373163,0.6264964070577462,1.0,0.6294603408315987,0.6135337641528722,0.6250109863367965
1,9,0.3291093314220761,0.90104,5000,2.033772671664203,0.7298919567827131,833,2.0325706332636337,0.7256,0.8103791741643601,0.0831575992749253,0.0829664445747745,0.08404580964699161,0.9871574195342063,,0.9871693188092967,0.012830681190703297,0.9603469903859955,0.40357767453117516,5,0.1,0.5,0.6250948268793706,0.6182708727766162,0.6216534473700035,0.6194281327927719,0.6293277327201874,0.6252331796083612,0.6335440385712275,0.6210010888583546,0.6294603408315987,1.0,0.6071799463415173,0.6206080198300465
1,10,0.3200437439427634,0.90124,5000,2.0238175568757235,0.737094837935174,833,2.032571452113386,0.7256,0.7983148832558672,0.08264503722934774,0.08245738911139938,0.08404580964699161,0.9811005385843149,,0.9811154058531198,0.01888459414688015,0.9603483259379781,0.40357758913953334,5,0.1,0.5,0.627984770394734,0.6154651111302453,0.6089830578036152,0.6090664186585718,0.6124615251055032,0.6114949983614386,0.6166323540660058,0.6036259127142066,0.6135337641528722,0.6071799463415173,1.0,0.6084156356823668
1,11,0.29646202924299486,0.90808,5000,2.036067914079737,0.7058823529411765,833,2.03257163073689,0.7256,0.8071145727398511,0.08364519259177836,0.08345066194986407,0.08404580964699161,0.9929187701252424,,0.9929220420661613,0.007077957933838697,0.9603466205427988,0.4035777083556912,5,0.1,0.5,0.6269616068843931,0.6162461358111977,0.6201671006509567,0.6184929154457767,0.6166894697308696,0.6266533386641674,0.6233508089427575,0.6126518869559244,0.6250109863367965,0.6206080198300465,0.6084156356823668,1.0
2,0,0.26918931779967753,0.91956,5000,1.8355400606437966,0.8609112709832134,834,1.8310870236862962,0.8632,0.8116057978241401,0.08354199288945625,0.0833481800493896,0.08391699655621658,0.9932216770003303,,0.9932282515937955,0.006771748406204536,0.9680050943473077,0.40568212543669524,5,0.1,0.5,1.0,0.6351385621487894,0.6235177500339081,0.6282556786756043,0.6170356993678758,0.619707599758303,0.6235223113323413,0.6279833745567135,0.6293569427122538,0.6275057448302427,0.6263249986559021,0.6424515293197857
2,1,0.27126354434094424,0.91744,5000,1.8309918112225003,0.8741007194244604,834,1.8310873161870451,0.8632,0.8136975625709556,0.08304844652792429,0.08285804219190467,0.08391699655621658,0.9873809310538193,,0.987390191255459,0.012609808744540985,0.9680051456956857,0.4056820883257421,5,0.1,0.5,0.6351385621487894,1.0,0.6281298465909432,0.6353517209863608,0.6238986281763325,0.62871722076848,0.6321196262687342,0.630297025608838,0.6332049628555535,0.6258091087946374,0.6236903925616357,0.6284940911020205
2,2,0.27737371300459857,0.91404,5000,1.8254923467282895,0.8812949640287769,834,1.831088084382371,0.8632,0.8072014207527783,0.08286496516406217,0.08267581774282168,0.08391699655621658,0.9852094466518634,,0.9852216254204106,0.014778374579589415,0.9680045532035566,0.40568206174317284,5,0.1,0.5,0.6235177500339081,0.6281298465909432,1.0,0.6310375189233972,0.6202739699206701,0.6158660278071436,0.6254498411429217,0.6202353349181141,0.6279208960679258,0.6205820335921082,0.6223982972753256,0.625931261023306
2,3,0.2698074371524298,0.9166,5000,1.837246091277511,0.8597122302158273,834,1.8310869924557476,0.8632,0.8145168716271414,0.08348741500586568,0.08329398106744636,0.08391699655621658,0.9925758128230263,,0.9925857135685959,0.007414286431404071,0.968005232252178,0.40568212359605743,5,0.1,0.5,0.6282556786756043,0.6353517209863608,0.6310375189233972,1.0,0.6330877765924158,0.6276207001155808,0.6302901840854865,0.6263252436768842,0.6382037576749542,0.6232511549192562,0.6210803740309871,0.6354226042209922
2,4,0.28268501071176333,0.91328,5000,1.8445947964986165,0.851140456182473,833,1.8310869859811216,0.8632,0.8065517373381434,0.08376866462286192,0.0835732728561364,0.08391699655621658,0.9959040037753756,,0.995903820089353,0.004096179910647035,0.9680048989489003,0.40568213155907373,5,0.1,0.5,0.6170356993678758,0.6238986281763325,0.6202739699206701,0.6330877765924158,1.0,0.6156677435675996,0.6269708890062714,0.6180783416777688,0.630607885257543,0.6274373461843982,0.6162638452287854,0.6192374910098658
2,5,0.26666607396072073,0.91932,5000,1.8342291293320832,0.851140456182473,833,1.8310880063059993,0.8632,0.8059619210673382,0.0828943868015229,0.08270503820374744,0.08391699655621658,0.9855576533575913,,0.9855730134029416,0.014426986597058433,0.9680046593128526,0.4056820676889785,5,0.1,0.5,0.619707599758303,0.62871722076848,0.6158660278071436,0.6276207001155808,0.6156677435675996,1.0,0.6255733689134821,0.6228903361232971,0.6271002836955997,0.6221509420595804,0.619854025511138,0.623711649580425
2,6,0.27784154507195113,0.9166,5000,1.830468632556774,0.8619447779111644,833,1.8310870362546878,0.8632,0.8147938071301905,0.08385434328647248,0.08365835248839557,0.08391699655621658,0.9969178583668128,,0.9969128055820491,0.0030871944179509114,0.9680048655915874,0.40568213272535236,5,0.1,0.5,0.6235223113323413,0.6321196262687342,0.6254498411429217,0.6302901840854865,0.6269708890062714,0.6255733689134821,1.0,0.629895945726107,0.6421743371677539,0.6342625835319395,0.6328053558799058,0.6273242992819218
2,7,0.27260370107403226,0.91752,5000,1.830196738243103,0.8643457382953181,833,1.8310892265825607,0.8632,0.8108557672371891,0.08284408074368808,0.0826550760377245,0.08391699655621658,0.9849622773542464,,0.9849656141759952,0.015034385824004848,0.9680038682538865,0.4056820555758544,5,0.1,0.5,0.6279833745567135,0.630297025608838,0.6202353349181141,0.6263252436768842,0.6180783416777688,0.6228903361232971,0.629895945726107,1.0,0.6421739770066045,0.6251626887370075,0.6264649758976514,0.6283585730928287
2,8,0.2618591547801284,0.91976,5000,1.8362579257399947,0.8643457382953181,833,1.8310870137839272,0.8632,0.8185620776148469,0.08411481597155739,0.08391699655621658,0.08391699655621658,0.9999999999880834,,0.9999698810300688,3.0118969931214323e-05,0.9680049676385681,0.40568213384422247,5,0.1,0.5,0.6293569427122538,0.6332049628555535,0.6279208960679258,0.6382037576749542,0.630607885257543,0.6271002836955997,0.6421743371677539,0.6421739770066045,1.0,0.6294939072689132,0.6336459599545549,0.6323996506851954
2,9,0.29994780978033686,0.90856,5000,1.827273792690701,0.8595438175270108,833,1.831086105051132,0.8632,0.8100296274547523,0.08317102037879541,0.08297977328056085,0.08391699655621658,0.9888315440839601,,0.988835901812158,0.011164098187842031,0.9680047102605458,0.40568210235548435,5,0.1,0.5,0.6275057448302427,0.6258091087946374,0.6205820335921082,0.6232511549192562,0.6274373461843982,0.6221509420595804,0.6342625835319395,0.6251626887370075,0.6294939072689132,1.0,0.6265450613603017,0.625175466792031
2,10,0.28430823168367336,0.91288,5000,1.8207488810574566,0.8787515006002401,833,1.8310883464142917,0.8632,0.8089903311719434,0.08279595502982348,0.08260727892198405,0.08391699655621658,0.9843927012528441,,0.9843933537473019,0.015606646252698142,0.9680041729779069,0.40568204665033886,5,0.1,0.5,0.6263249986559021,0.6236903925616357,0.6223982972753256,0.6210803740309871,0.6162638452287854,0.619854025511138,0.6328053558799058,0.6264649758976514,0.6336459599545549,0.6265450613603017,1.0,0.6305567519425366
2,11,0.2693870826962457,0.91796,5000,1.836791956866229,0.851140456182473,833,1.8310875770763848,0.8632,0.8134924482792574,0.08361391357796974,0.08341960068244594,0.08391699655621658,0.9940727636214732,,0.9940766025801917,0.005923397419808296,0.9680050585284012,0.4056821280562939,5,0.1,0.5,0.6424515293197857,0.6284940911020205,0.625931261023306,0.6354226042209922,0.6192374910098658,0.623711649580425,0.6273242992819218,0.6283585730928287,0.6323996506851954,0.625175466792031,0.6305567519425366,1.0
3,0,0.2438728422813331,0.92736,5000,1.5995661329340052,0.9064748201438849,834,1.6009855498901953,0.9118,0.8092032951428475,0.08357301316061952,0.08337898474558318,0.08372685624984573,0.9958451622234528,,0.9958435821494905,0.004156417850509464,0.9702570558265102,0.40315101289484534,5,0.1,0.5,1.0,0.6224558583302225,0.6191141913197257,0.6255383319310877,0.6224967432708525,0.6146278718339676,0.6232622705538154,0.6193656257536011,0.6162407721262645,0.6264879215479918,0.6119859360722865,0.6269216751678955
3,1,0.24625327386389112,0.9254,5000,1.6004882212038394,0.919664268585132,834,1.6009859406529143,0.9118,0.8065997565850186,0.08315520341629797,0.08296406520740159,0.08372685624984573,0.9908895296252516,,0.9908990512524471,0.00910094874755285,0.9702572915434559,0.4031509896779517,5,0.1,0.5,0.6224558583302225,1.0,0.6138130011829936,0.6180307352472805,0.6195407792377868,0.6177762515489393,0.6210056986395396,0.6234435913792823,0.6186292875569285,0.619708153164171,0.611848762611778,0.6193334420164263
3,2,0.25687246370443684,0.92148,5000,1.5916399955749512,0.9304556354916067,834,1.6009870885660091,0.9118,0.8056891842350351,0.08300187697547907,0.08281179218220368,0.08372685624984573,0.9890708416675705,,0.9890768535716079,0.010923146428392094,0.9702571895450928,0.40315097318082055,5,0.1,0.5,0.6191141913197257,0.6138130011829936,1.0,0.624458246357253,0.6124105175361336,0.6161571141387099,0.615789204862465,0.6176412921162476,0.6204664761180194,0.6162724011927437,0.6195921954187524,0.6219518274088582
3,3,0.24501872161035515,0.9258,5000,1.610516247925935,0.9052757793764988,834,1.6009853388935613,0.9118,0.8076144431006324,0.08348144271542987,0.08328805020913813,0.08372685624984573,0.9947590765811994,,0.9947643190602882,0.005235680939711829,0.9702569692844935,0.40315100991182773,5,0.1,0.5,0.6255383319310877,0.6180307352472805,0.624458246357253,1.0,0.6251340124380594,0.6204065880749073,0.6224117829503374,0.6136129561728711,0.6253386262401494,0.6162700244218314,0.6113452697591966,0.6107708669597973
3,4,0.25812863410112397,0.92136,5000,1.612523569001092,0.9099639855942377,833,1.6009855186596464,0.9118,0.8055144540932915,0.0835945619062246,0.08340038364467055,0.08372685624984573,0.9961007420940651,,0.9961046132222278,0.003895386777772236,0.9702571829005918,0.4031510137864955,5,0.1,0.5,0.6224967432708525,0.6195407792377868,0.6124105175361336,0.6251340124380594,1.0,0.6151642964874539,0.6204845291782983,0.6222104951045709,0.6180612183638245,0.6247079520376474,0.6037299973904885,0.6078185005518212
3,5,0.24043584430091985,0.92888,5000,1.6076729032728407,0.8943577430972389,833,1.6009872645234908,0.9118,0.8034040986383102,0.08294168370369859,0.0827520114054987,0.08372685624984573,0.9883568440402636,,0.9883640379499021,0.01163596205009787,0.970257410644673,0.4031509626794192,5,0.1,0.5,0.6146278718339676,0.6177762515489393,0.6161571141387099,0.6204065880749073,0.6151642964874539,1.0,0.6153964968093452,0.6196789877673964,0.6195670389062304,0.6158290267640012,0.6100490558301318,0.6107845226077513
3,6,0.2503613021082369,0.92512,5000,1.6003381234628182,0.9135654261704682,833,1.6009854820970528,0.9118,0.80898923322272,0.08377250708170494,0.0835770884761313,0.08372685624984573,0.99821123374959,,0.9982079212890919,0.0017920787109081404,0.9702572450981023,0.4031510157226861,5,0.1,0.5,0.6232622705538154,0.6210056986395396,0.615789204862465,0.6224117829503374,0.6204845291782983,0.6153964968093452,1.0,0.6288899047973733,0.6177462998333858,0.6192472452906854,0.6164850866403333,0.624357439215593
3,7,0.249234365209771,0.92628,5000,1.6010349768179435,0.907563025210084,833,1.6009879135095273,0.9118,0.808334696193158,0.08308029600735332,0.08288967292667719,0.08372685624984573,0.9900010180525548,,0.9900205812961197,0.009979418703880305,0.9702575487577144,0.40315098333509114,5,0.1,0.5,0.6193656257536011,0.6234435913792823,0.6176412921162476,0.6136129561728711,0.6222104951045709,0.6196789877673964,0.6288899047973733,1.0,0.6247383619622147,0.6251429516999543,0.6137479012593717,0.6147886477617999
3,8,0.23635975760259445,0.92908,5000,1.613799015680949,0.9159663865546218,833,1.6009855316088983,0.9118,0.8083651881810189,0.08392333026392437,0.08372685624984573,0.08372685624984573,0.9999999999880563,,0.9999698810300688,3.0118969931214323e-05,0.9702572952813456,0.40315101591820024,5,0.1,0.5,0.6162407721262645,0.6186292875569285,0.6204664761180194,0.6253386262401494,0.6180612183638245,0.6195670389062304,0.6177462998333858,0.6247383619622147,1.0,0.6265842975682163,0.6130388196233834,0.6174877235484856
3,9,0.2708009615848968,0.91828,5000,1.5907297222702592,0.9147659063625451,833,1.6009847245658169,0.9118,0.8081027760386853,0.08328883377914087,0.08309677431555901,0.08372685624984573,0.9924745540021352,,0.9924802971738367,0.007519702826163321,0.9702572630480538,0.40315100013606314,5,0.1,0.5,0.6264879215479918,0.619708153164171,0.6162724011927437,0.6162700244218314,0.6247079520376474,0.6158290267640012,0.6192472452906854,0.6251429516999543,0.6265842975682163,1.0,0.6088511097896175,0.6203610970224578
3,10,0.26313730737396107,0.92084,5000,1.588784275231538,0.9207683073229291,833,1.6009876469072823,0.9118,0.7988742081406037,0.08271849367884877,0.0825303456722339,0.08372685624984573,0.9857093574010818,,0.9857236082525977,0.01427639174740225,0.9702575644797103,0.40315092215886095,5,0.1,0.5,0.6119859360722865,0.611848762611778,0.6195921954187524,0.6113452697591966,0.6037299973904885,0.6100490558301318,0.6164850866403333,0.6137479012593717,0.6130388196233834,0.6088511097896175,1.0,0.6114799876349765
3,11,0.25268594998907845,0.92236,5000,1.61006936762068,0.9027611044417767,833,1.6009862190618303,0.9118,0.8048472094349672,0.08346875731127808,0.08327545278904859,0.08372685624984573,0.9946086180467025,,0.994613724210632,0.005386275789368011,0.9702570453563115,0.4031510096704769,5,0.1,0.5,0.6269216751678955,0.6193334420164263,0.6219518274088582,0.6107708669597973,0.6078185005518212,0.6107845226077513,0.624357439215593,0.6147886477617999,0.6174877235484856,0.6203610970224578,0.6114799876349765,1.0
4,0,0.22983566955692925,0.932,5000,1.3481713930765789,0.9280575539568345,834,1.3545652890738589,0.9286,0.796628134455987,0.08354090237311883,0.08334709710868253,0.08361393031425197,0.9968087469927152,,0.9968073891872898,0.0031926108127101616,0.9703980625810562,0.39763303000660943,5,0.1,0.5,1.0,0.6023169583670852,0.5933278157558108,0.6062721092960688,0.592707934211449,0.598723183764527,0.604291521392639,0.5961162321616285,0.5945341702905603,0.606031998981553,0.590337902314362,0.616461650265501
4,1,0.23160075918255243,0.92948,5000,1.3528422470445987,0.935251798561151,834,1.3545660485093967,0.9286,0.7965873772515698,0.08326135510908221,0.08306948532544332,0.08361393031425197,0.9934885851226474,,0.9934943024948547,0.0065056975051452914,0.9703981420611777,0.3976330248282845,5,0.1,0.5,0.6023169583670852,1.0,0.5995324025587698,0.6051964613443885,0.5940495330185696,0.6044329448937045,0.6053772293111087,0.6012502321395098,0.6023239078946994,0.597296793366749,0.5925153294508311,0.5984791776103836
4,2,0.23756808687333658,0.929,5000,1.340852388629207,0.9460431654676259,834,1.3545673042059707,0.9286,0.7954532730967974,0.08311955873321429,0.08292866576328968,0.08361393031425197,0.9918044212324594,,0.9918126600070277,0.008187339992972276,0.9703981675875855,0.3976330192941685,5,0.1,0.5,0.5933278157558108,0.5995324025587698,1.0,0.6081266351686742,0.6022722569268674,0.6036878662627561,0.6056857547730234,0.5986098078977748,0.5954354777354962,0.5879051857141976,0.6002264424991421,0.5979583884990733
4,3,0.22713589918366664,0.931,5000,1.3670720082742196,0.9244604316546763,834,1.3545650601767885,0.9286,0.8009498037377267,0.08363135617272142,0.08343692187194483,0.08361393031425197,0.9978830268755485,,0.9978816324481703,0.002118367551829703,0.9703981142667559,0.39763303056717864,5,0.1,0.5,0.6062721092960688,0.6051964613443885,0.6081266351686742,1.0,0.6035146947810646,0.6066633240078219,0.6057313139172847,0.6025673587779845,0.6102829412498353,0.5980836842190377,0.5938777975203343,0.6024938532787815
4,4,0.23351773173388118,0.92924,5000,1.3642998713034171,0.929171668667467,833,1.3545653911444326,0.9286,0.79287580338934,0.0834237845328564,0.08323079172066603,0.08361393031425197,0.9954177659973477,,0.9954168967421314,0.004583103257868593,0.970398281146273,0.3976330285560298,5,0.1,0.5,0.592707934211449,0.5940495330185696,0.6022722569268674,0.6035146947810646,1.0,0.5973485613350128,0.6046313809353246,0.591314669414226,0.5997260522640785,0.5980160862132382,0.5877823791080377,0.5938202596063589
4,5,0.22610909234566293,0.93092,5000,1.3635673213888098,0.9099639855942377,833,1.3545677894220565,0.9286,0.7943705264865667,0.08304155670619703,0.08285119966803338,0.08361393031425197,0.9908779476775836,,0.9908890115958034,0.009110988404196552,0.9703980033751333,0.39763301468059586,5,0.1,0.5,0.598723183764527,0.6044329448937045,0.6036878662627561,0.6066633240078219,0.5973485613350128,1.0,0.5984581131040034,0.6011928764933893,0.5959022651755874,0.5937436808139245,0.5892150457696841,0.5933385771253278
4,6,0.2302580838518775,0.93252,5000,1.3538540248517636,0.9279711884753902,833,1.3545651984290954,0.9286,0.8005074439182627,0.08380960819013687,0.08361393031425197,0.08361393031425197,0.9999999999880402,,0.9999698810300688,3.0118969931214323e-05,0.9703982725651958,0.3976330308542342,5,0.1,0.5,0.604291521392639,0.6053772293111087,0.6056857547730234,0.6057313139172847,0.6046313809353246,0.5984581131040034,1.0,0.6016159871808165,0.6047685883786444,0.5997672631732758,0.6003341979705799,0.6065825621879639
4,7,0.22808092879250075,0.93384,5000,1.356479869948493,0.9267707082833133,833,1.3545681904680051,0.9286,0.7936511034675546,0.08310862060289573,0.0829178028464297,0.08361393031425197,0.9916745036838043,,0.991682144470659,0.008317855529340945,0.9703979869446003,0.3976330188378449,5,0.1,0.5,0.5961162321616285,0.6012502321395098,0.5986098078977748,0.6025673587779845,0.591314669414226,0.6011928764933893,0.6016159871808165,1.0,0.6013165429555604,0.5942640051650524,0.5898133527889936,0.5970667485383507
4,8,0.21712149846112463,0.93456,5000,1.3753483913562916,0.929171668667467,833,1.3545652997379485,0.9286,0.7966799544351562,0.08377591004934153,0.08358046767263642,0.08361393031425197,0.9995997958415614,,0.9995883740776066,0.00041162592239341045,0.970398245470802,0.3976330308527882,5,0.1,0.5,0.5945341702905603,0.6023239078946994,0.5954354777354962,0.6102829412498353,0.5997260522640785,0.5959022651755874,0.6047685883786444,0.6013165429555604,1.0,0.5982996130973355,0.5993436347604523,0.5980498271187336
4,9,0.252183923283058,0.92284,5000,1.338554236623976,0.936374549819928,833,1.3545649386823368,0.9286,0.79179060850549,0.08318225393409394,0.08299092947521072,0.08361393031425197,0.9925490783928905,,0.9925555945986647,0.007444405401335286,0.9703982552022994,0.3976330223801049,5,0.1,0.5,0.606031998981553,0.597296793366749,0.5879051857141976,0.5980836842190377,0.5980160862132382,0.5937436808139245,0.5997672631732758,0.5942640051650524,0.5982996130973355,1.0,0.5858408221525129,0.596982624656821
4,10,0.23991932565239585,0.92856,5000,1.3413402680997495,0.9351740696278511,833,1.3545687522370213,0.9286,0.7878310725110785,0.0826638798342226,0.08247610357216002,0.08361393031425197,0.9863918997850959,,0.9864012850760504,0.013598714923949595,0.9703973942735281,0.3976329733308375,5,0.1,0.5,0.590337902314362,0.5925153294508311,0.6002264424991421,0.5938777975203343,0.5877823791080377,0.5892150457696841,0.6003341979705799,0.5898133527889936,0.5993436347604523,0.5858408221525129,1.0,0.5920790475284463
4,11,0.22798367456598267,0.9306,5000,1.3655319302170366,0.9147659063625451,833,1.35456612849007,0.9286,0.7957635747297267,0.08344121376211923,0.08324810018619122,0.08361393031425197,0.9956247705653656,,0.9956227097033281,0.004377290296671887,0.9703981408074102,0.3976330289212037,5,0.1,0.5,0.616461650265501,0.5984791776103836,0.5979583884990733,0.6024938532787815,0.5938202596063589,0.5933385771253278,0.6065825621879639,0.5970667485383507,0.5980498271187336,0.596982624656821,0.5920790475284463,1.0
5,0,0.20748339249592299,0.9394,5000,1.094920610940015,0.9376498800959233,834,1.1066905745683007,0.9402,0.7829394007405394,0.08348836830375876,0.08329492775139094,0.0836205355779529,0.9961061260214659,,0.9961096330505497,0.00389036694945033,0.9694538312193607,0.39124770733125036,5,0.1,0.5,1.0,0.5815537494111331,0.56816967014358,0.581660360015044,0.5770503818829615,0.5763004137882932,0.5803969194501569,0.5695811028991641,0.5777016334559236,0.5865658383158784,0.5683881166557656,0.5831962786752444
5,1,0.20914073100337272,0.93576,5000,1.1031279696358576,0.947242206235012,834,1.1066910434073913,0.9402,0.7869110653833703,0.08344117761413894,0.08324806428872522,0.0836205355779529,0.995545695950775,,0.9955474122785001,0.004452587721499923,0.9694538606801781,0.39124770643074086,5,0.1,0.5,0.5815537494111331,1.0,0.5809806163010908,0.5791945085067401,0.5740214561395693,0.582117892899858,0.588197074847223,0.5823162218760395,0.589104162148818,0.5860682633181005,0.5696730528867362,0.5760481023500984
5,2,0.2172582643035396,0.93384,5000,1.0885927434320803,0.9544364508393285,834,1.106690869925502,0.9402,0.7801965113273583,0.08310976663972597,0.08291894100373368,0.0836205355779529,0.9916097813729404,,0.9916972039556248,0.008302796044375227,0.9694535151454574,0.3912476922665144,5,0.1,0.5,0.56816967014358,0.5809806163010908,1.0,0.5883012389097858,0.5739029275235485,0.5764111979758858,0.5772963927742957,0.5789825898765969,0.5794065019111301,0.5748796877574682,0.5628461594327903,0.5657857020882371
5,3,0.2061006907112659,0.936,5000,1.1213137794423986,0.9328537170263789,834,1.1066906166533692,0.9402,0.7892506555231524,0.08377121221838227,0.08357580265745775,0.0836205355779529,0.999465048612934,,0.9994578585412379,0.0005421414587620799,0.9694537992039888,0.3912477090467113,5,0.1,0.5,0.581660360015044,0.5791945085067401,0.5883012389097858,1.0,0.5866446168819005,0.5875015361019513,0.5837175240859863,0.5844114862857255,0.5907743100903365,0.5833313164300518,0.5679483966488904,0.5759174347790954
5,4,0.2160751817439487,0.9348,5000,1.1142964142340201,0.9375750300120048,833,1.1066902934933622,0.9402,0.781034748787247,0.08334289726878258,0.08315046425155494,0.0836205355779529,0.9943785180979361,,0.9943828121078259,0.005617187892174136,0.9694537626786849,0.39124770329842323,5,0.1,0.5,0.5770503818829615,0.5740214561395693,0.5739029275235485,0.5866446168819005,1.0,0.583087996887237,0.5840493691834264,0.5761390881258945,0.5775173949324075,0.580260106085736,0.5587829793522792,0.561769049830009
5,5,0.206792939653632,0.93792,5000,1.1174486500245553,0.9351740696278511,833,1.1066912629733832,0.9402,0.782612802823777,0.0831426747118928,0.08295162272558886,0.0836205355779529,0.9920006150554671,,0.9920134531399026,0.007986546860097365,0.9694536948463428,0.3912476944507588,5,0.1,0.5,0.5763004137882932,0.582117892899858,0.5764111979758858,0.5875015361019513,0.583087996887237,1.0,0.5764461328643754,0.5727800640167839,0.5748177391431785,0.5851190438559356,0.5641327391287825,0.5713410873684848
5,6,0.21457358004679536,0.93416,5000,1.1066368641676727,0.9447779111644657,833,1.1066907354817985,0.9402,0.7871427627962903,0.08381625996197317,0.0836205355779529,0.0836205355779529,0.9999999999880411,,0.9999698810300688,3.0118969931214323e-05,0.9694538143900728,0.39124770905035877,5,0.1,0.5,0.5803969194501569,0.588197074847223,0.5772963927742957,0.5837175240859863,0.5840493691834264,0.5764461328643754,1.0,0.578160902508007,0.5833841677377843,0.585188088214358,0.5738302082433562,0.5780695545265662
5,7,0.21365889107369504,0.9378,5000,1.1102979514333937,0.9351740696278511,833,1.1066915804204849,0.9402,0.7814545132563172,0.08314675802860425,0.08295567794373992,0.0836205355779529,0.9920491105371451,,0.9920586315947995,0.007941368405200544,0.969453544996661,0.3912476945620802,5,0.1,0.5,0.5695811028991641,0.5823162218760395,0.5789825898765969,0.5844114862857255,0.5761390881258945,0.5727800640167839,0.578160902508007,1.0,0.5811439740792715,0.5774432032764427,0.5667209621808481,0.5711619740414385
5,8,0.1974104707544539,0.94016,5000,1.1351800560951233,0.9459783913565426,833,1.1066908642125968,0.9402,0.7866730964634961,0.08377716381738552,0.08358171268210933,0.0836205355779529,0.9995357253266224,,0.999528136137744,0.0004718638622559501,0.969453815914997,0.3912477090479479,5,0.1,0.5,0.5777016334559236,0.589104162148818,0.5794065019111301,0.5907743100903365,0.5775173949324075,0.5748177391431785,0.5833841677377843,0.5811439740792715,1.0,0.5867445238932871,0.5726884667921079,0.5712114273878129
5,9,0.23236867880009732,0.9304,5000,1.086179393309134,0.9447779111644657,833,1.1066897766658674,0.9402,0.7861889974901715,0.08336280468947199,0.08317023399961587,0.0836205355779529,0.9946149402629468,,0.9946187440389539,0.005381255961046105,0.9694538175631968,0.3912477041964341,5,0.1,0.5,0.5865658383158784,0.5860682633181005,0.5748796877574682,0.5833313164300518,0.580260106085736,0.5851190438559356,0.585188088214358,0.5774432032764427,0.5867445238932871,1.0,0.5668254164394545,0.5704241525260403
5,10,0.22278482642878963,0.93372,5000,1.0923182831870184,0.9387755102040817,833,1.1066927949841412,0.9402,0.7696408563507012,0.08243298954085751,0.08224677950267872,0.0836205355779529,0.9835715465493866,,0.9835801415591586,0.016419858440841373,0.9694531292721986,0.39124759087061084,5,0.1,0.5,0.5683881166557656,0.5696730528867362,0.5628461594327903,0.5679483966488904,0.5587829793522792,0.5641327391287825,0.5738302082433562,0.5667209621808481,0.5726884667921079,0.5668254164394545,1.0,0.5584527811477492
5,11,0.21114002223939274,0.9354,5000,1.118448676886382,0.9279711884753902,833,1.1066898760704187,0.9402,0.7757362315272434,0.08316792720502629,0.0829767014044929,0.0836205355779529,0.9923005255825931,,0.992309623010893,0.007690376989107017,0.9694535068004816,0.39124769534397336,5,0.1,0.5,0.5831962786752444,0.5760481023500984,0.5657857020882371,0.5759174347790954,0.561769049830009,0.5713410873684848,0.5780695545265662,0.5711619740414385,0.5712114273878129,0.5704241525260403,0.5584527811477492,1.0
6,0,0.19369883958997716,0.94096,5000,0.861501724631698,0.9460431654676259,834,0.8766334372968339,0.9471,0.7683180553857273,0.08340406510931486,0.08321120886862476,0.08373279047838253,0.9937708798695034,,0.9937754128808794,0.00622458711912055,0.9674533995815742,0.38464270764635616,5,0.1,0.5,1.0,0.5624907429795349,0.5530175768291206,0.5564115092496668,0.5459331664594674,0.5419596648670768,0.5579670844885122,0.5525717680487194,0.5551759520087691,0.5620659202567103,0.5425026066163674,0.5615482665029813
6,1,0.19447396170098785,0.93968,5000,0.8707601935775192,0.9532374100719424,834,0.8766336555298144,0.9471,0.7735058201503989,0.0835560650695977,0.08336215445484242,0.08373279047838253,0.9955735856595944,,0.9955725114201094,0.004427488579890615,0.9674534591296239,0.38464271202968203,5,0.1,0.5,0.5624907429795349,1.0,0.5557006450723433,0.5517890339115901,0.5481022466432004,0.5561460920401259,0.5638647655122109,0.5620011643283254,0.5652301203567592,0.5607352508030956,0.5507459091826911,0.5630661418663931
6,2,0.20148771947759922,0.93952,5000,0.8551440261028431,0.9556354916067147,834,0.8766334611006057,0.9471,0.7717737639362073,0.08327166823166177,0.08307972727313956,0.08373279047838253,0.9922006277050592,,0.9922142462727774,0.007785753727222566,0.9674536448922324,0.3846427014868589,5,0.1,0.5,0.5530175768291206,0.5557006450723433,1.0,0.5669008133754596,0.550507663517984,0.5518086511970234,0.5607236605731288,0.5599318499391398,0.567075466339897,0.5532414559477307,0.5516398636245161,0.5550301733656112
6,3,0.19055874870324827,0.94128,5000,0.8923395231918052,0.9436450839328537,834,0.8766335869749514,0.9471,0.7723393858745038,0.08373686584140229,0.08354169608910395,0.08373279047838253,0.9977178069764002,,0.9977159781135485,0.0022840218864514927,0.9674533408908909,0.3846427137359863,5,0.1,0.5,0.5564115092496668,0.5517890339115901,0.5669008133754596,1.0,0.5586418333726936,0.5536409013068997,0.5626886622223622,0.558705532056926,0.5664434991846731,0.5564965155381708,0.5428177867656424,0.5527157423707632
6,4,0.2030492545111449,0.93708,5000,0.8825762625093814,0.9471788715486195,833,0.876633993543375,0.9471,0.7610509028020932,0.08304874541505815,0.08285833902703496,0.08373279047838253,0.9895566426564646,,0.9895637769188294,0.010436223081170648,0.9674536225489129,0.38464268511248595,5,0.1,0.5,0.5459331664594674,0.5481022466432004,0.550507663517984,0.5586418333726936,1.0,0.5477520229737706,0.5502847970873634,0.5467926067527382,0.5554780399667366,0.5516877872422677,0.5319156737202814,0.5381411038106034
6,5,0.189970519568083,0.94256,5000,0.888337598906623,0.9459783913565426,833,0.8766345280808763,0.9471,0.7636779848000127,0.08300704876461897,0.08281692850208473,0.08373279047838253,0.9890620870025427,,0.9890668139149641,0.010933186085035906,0.9674536487091278,0.38464268078180996,5,0.1,0.5,0.5419596648670768,0.5561460920401259,0.5518086511970234,0.5536409013068997,0.5477520229737706,1.0,0.5489666682772459,0.5521887962851652,0.5587382590945748,0.5479368659270132,0.5392863532003935,0.552289117223789
