round,client_id,client_i_training_loss,client_i_training_accuracy,client_i_training_dataset_size,client_i_evaluation_loss,client_i_evaluation_accuracy,client_i_evaluation_dataset_size,client_i_central_evaluation_loss,client_i_central_evaluation_accuracy,client_i_cosine_similarity,client_i_importance_coefficient,client_i_tanh_val,tanh_normalization_value,client_i_q,client_i_mask_order,client_i_v_nonzero_fraction,client_i_v_sparsity,client_i_v_cosine_similarity,client_i_reward_gradient_norm,local_epochs,learning_rate,gamma,client_0_cosine_similarity,client_1_cosine_similarity,client_2_cosine_similarity,client_3_cosine_similarity,client_4_cosine_similarity,client_5_cosine_similarity,client_6_cosine_similarity,client_7_cosine_similarity,client_8_cosine_similarity,client_9_cosine_similarity,client_10_cosine_similarity,client_11_cosine_similarity
0,0,2.0375609502670873,0.3804,5000,2.2328991095225015,0.30335731414868106,834,2.2351910161515014,0.2897,0.9975994190140004,0.08336178105280748,,,0.97,,0.9700176878243976,0.029982312175602432,0,0.09972589682344013,5,0.001,0.1,1.0,0.9939099543422679,0.9941609493414415,0.9962847960055878,0.9951632958718167,0.9953229105876258,0.9944283826624521,0.9920203291287261,0.9947470261903402,0.991073474992888,0.9959034542939322,0.9953652001805308
0,1,2.0333021833638476,0.40392,5000,2.2369510067833795,0.2949640287769784,834,2.2351910161515014,0.2897,0.9972852506043033,0.08333552839298862,,,0.97,,0.9700176878243976,0.029982312175602432,0,0.09972589682344013,5,0.001,0.1,0.9939099543422679,1.0,0.9922842039526691,0.9935263665298114,0.9938147918771217,0.9949235764826757,0.9939231636563729,0.9949501654078914,0.9948292966295186,0.9929021848049208,0.9943931443230329,0.9951632387002869
0,2,2.046061273441193,0.42756,5000,2.2359155902156123,0.27577937649880097,834,2.2351910161515014,0.2897,0.9968637146131684,0.08330030384260385,,,0.97,,0.9700176878243976,0.029982312175602432,0,0.09972589682344013,5,0.001,0.1,0.9941609493414415,0.9922842039526691,1.0,0.9937414714679976,0.9952838075202471,0.9937618755798089,0.9939563037964644,0.9920434089728756,0.9951289992426638,0.993083656019274,0.9936673918027582,0.9924634515667576
0,3,2.0378413867039287,0.38744,5000,2.2382130357954235,0.27697841726618705,834,2.2351910161515014,0.2897,0.9969534683580145,0.08330780387907533,,,0.97,,0.9700176878243976,0.029982312175602432,0,0.09972589682344013,5,0.001,0.1,0.9962847960055878,0.9935263665298114,0.9937414714679976,1.0,0.9940439530275531,0.9947462971010291,0.9939812741741234,0.9921335183875228,0.9942223688591373,0.9919162870068239,0.9939928698637067,0.992060409263234
0,4,2.0414065110455653,0.44948,5000,2.2309370835622153,0.297719087635054,833,2.2351910161515014,0.2897,0.997871291292928,0.08338449934730358,,,0.97,,0.9700176878243976,0.029982312175602432,0,0.09972589682344013,5,0.001,0.1,0.9951632958718167,0.9938147918771217,0.9952838075202471,0.9940439530275531,1.0,0.9958163594275785,0.9954715971412015,0.9932204291738996,0.9957955397735101,0.9939549065459071,0.9942038442482005,0.9948647738618895
0,5,2.0417330925631676,0.42064,5000,2.2352531221177845,0.30612244897959184,833,2.2351910161515014,0.2897,0.9980823296072675,0.08340213421097573,,,0.97,,0.9700176878243976,0.029982312175602432,0,0.09972589682344013,5,0.001,0.1,0.9953229105876258,0.9949235764826757,0.9937618755798089,0.9947462971010291,0.9958163594275785,1.0,0.9942384287964672,0.9951201866548172,0.9961935822817752,0.9943347160755907,0.9950720075148688,0.994628876865029
0,6,2.0448111067911623,0.446,5000,2.2338107515264443,0.29411764705882354,833,2.2351910161515014,0.2897,0.997052283045011,0.08331606106943171,,,0.97,,0.9700176878243976,0.029982312175602432,0,0.09972589682344013,5,0.001,0.1,0.9944283826624521,0.9939231636563729,0.9939563037964644,0.9939812741741234,0.9954715971412015,0.9942384287964672,1.0,0.9932791313106945,0.9937226850123299,0.9923813668118866,0.9937344074164149,0.9927153980152307
0,7,2.04228357949834,0.4466,5000,2.240761677424113,0.26770708283313327,833,2.2351910161515014,0.2897,0.9965306036467065,0.08327246829767146,,,0.97,,0.9700176878243976,0.029982312175602432,0,0.09972589682344013,5,0.001,0.1,0.9920203291287261,0.9949501654078914,0.9920434089728756,0.9921335183875228,0.9932204291738996,0.9951201866548172,0.9932791313106945,1.0,0.9949421442835662,0.9937420483333478,0.9912937711953269,0.9928440119880046
0,8,2.0410099365149335,0.41828,5000,2.2378913119987205,0.28811524609843936,833,2.2351910161515014,0.2897,0.998209869083985,0.08341279171310641,,,0.97,,0.9700176878243976,0.029982312175602432,0,0.09972589682344013,5,0.001,0.1,0.9947470261903402,0.9948292966295186,0.9951289992426638,0.9942223688591373,0.9957955397735101,0.9961935822817752,0.9937226850123299,0.9949421442835662,1.0,0.9957284379079921,0.9951639615639298,0.9952110540013517
0,9,2.043370218641439,0.44212,5000,2.232772641711765,0.3085234093637455,833,2.2351910161515014,0.2897,0.9963105624184087,0.08325408112908822,,,0.97,,0.9700176878243976,0.029982312175602432,0,0.09972589682344013,5,0.001,0.1,0.991073474992888,0.9929021848049208,0.993083656019274,0.9919162870068239,0.9939549065459071,0.9943347160755907,0.9923813668118866,0.9937420483333478,0.9957284379079921,1.0,0.9924513522341735,0.9913874570579877
0,10,2.0490568048635107,0.38672,5000,2.2363630842279503,0.290516206482593,833,2.2351910161515014,0.2897,0.9973070405570973,0.08333734921328917,,,0.97,,0.9700176878243976,0.029982312175602432,0,0.09972589682344013,5,0.001,0.1,0.9959034542939322,0.9943931443230329,0.9936673918027582,0.9939928698637067,0.9942038442482005,0.9950720075148688,0.9937344074164149,0.9912937711953269,0.9951639615639298,0.9924513522341735,1.0,0.995004644584289
0,11,2.046432445611164,0.38392,5000,2.2367206944359674,0.2725090036014406,833,2.2351910161515014,0.2897,0.9970419528248755,0.08331519785165836,,,0.97,,0.9700176878243976,0.029982312175602432,0,0.09972589682344013,5,0.001,0.1,0.9953652001805308,0.9951632387002869,0.9924634515667576,0.992060409263234,0.9948647738618895,0.994628876865029,0.9927153980152307,0.9928440119880046,0.9952110540013517,0.9913874570579877,0.995004644584289,1.0
1,0,1.8193669228037452,0.47136,5000,2.155783829865632,0.4460431654676259,834,2.1594282194448353,0.411,0.9980316942591421,0.08333755504532396,,,0.97,,0.9700176878243976,0.029982312175602432,0.9810102536491697,0.09984414314972372,5,0.001,0.1,1.0,0.9959574249065741,0.9958730542226658,0.9970601937089408,0.9963826077555744,0.9957717991629993,0.9969275894177817,0.9941149558218398,0.9968239906642975,0.9953354643476087,0.9968938091372037,0.9965701387487244
1,1,1.8073987746694284,0.50044,5000,2.161863671408759,0.407673860911271,834,2.1594282194448353,0.411,0.9986364910443154,0.08334097634330961,,,0.97,,0.9700176878243976,0.029982312175602432,0.9810102536491697,0.09984414314972372,5,0.001,0.1,0.9959574249065741,1.0,0.9963250226826905,0.9966744157549506,0.9967454931147486,0.9968151937398713,0.9961809556397807,0.9966722857406429,0.997715901804103,0.9979647207928372,0.9967865923901834,0.9971230106337179
1,2,1.8285903698319843,0.51028,5000,2.158043048999928,0.41127098321342925,834,2.1594282194448353,0.411,0.9983037126221053,0.08330863280122537,,,0.97,,0.9700176878243976,0.029982312175602432,0.9810102536491697,0.09984414314972372,5,0.001,0.1,0.9958730542226658,0.9963250226826905,1.0,0.9961009987784927,0.9972665477786535,0.9961690099797716,0.9961797487891935,0.9959210600226117,0.9970442694723299,0.9972460863367001,0.9960641209232469,0.9967849701848063
1,3,1.8208723733379584,0.47676,5000,2.16176645844071,0.4148681055155875,834,2.1594282194448353,0.411,0.9981482971282447,0.08330821594324322,,,0.97,,0.9700176878243976,0.029982312175602432,0.9810102536491697,0.09984414314972372,5,0.001,0.1,0.9970601937089408,0.9966744157549506,0.9961009987784927,1.0,0.9963420792800589,0.9958807221452866,0.9966667046372587,0.9949690061575837,0.9969983984730703,0.99589720903502,0.996294625033398,0.9962265308013918
1,4,1.822611141052975,0.53564,5000,2.1533123078169645,0.4297719087635054,833,2.1594282194448353,0.411,0.99881698754003,0.08337683490119818,,,0.97,,0.9700176878243976,0.029982312175602432,0.9810102536491697,0.09984414314972372,5,0.001,0.1,0.9963826077555744,0.9967454931147486,0.9972665477786535,0.9963420792800589,1.0,0.9975032430409654,0.9973333389946437,0.997060795163421,0.9976615235543487,0.9976268630260299,0.9963183354396711,0.9968806412890147
1,5,1.8200292402771627,0.50268,5000,2.159541677545618,0.40816326530612246,833,2.1594282194448353,0.411,0.9984534698737286,0.08337591643556264,,,0.97,,0.9700176878243976,0.029982312175602432,0.9810102536491697,0.09984414314972372,5,0.001,0.1,0.9957717991629993,0.9968151937398713,0.9961690099797716,0.9958807221452866,0.9975032430409654,1.0,0.9961033298432345,0.9973136045519126,0.9970122663261081,0.9973500471124831,0.9960241336574943,0.9968220934985238
1,6,1.8259678255980183,0.53028,5000,2.157413862369679,0.4021608643457383,833,2.1594282194448353,0.411,0.9982254180428066,0.08331576913032335,,,0.97,,0.9700176878243976,0.029982312175602432,0.9810102536491697,0.09984414314972372,5,0.001,0.1,0.9969275894177817,0.9961809556397807,0.9961797487891935,0.9966667046372587,0.9973333389946437,0.9961033298432345,1.0,0.99509455196561,0.9966330729645597,0.9965562079361187,0.9964834264912787,0.9958759144265954
1,7,1.8201715483027658,0.52308,5000,2.166417219020702,0.3793517406962785,833,2.1594282194448353,0.411,0.9979550184855697,0.08328030701829901,,,0.97,,0.9700176878243976,0.029982312175602432,0.9810102536491697,0.09984414314972372,5,0.001,0.1,0.9941149558218398,0.9966722857406429,0.9959210600226117,0.9949690061575837,0.997060795163421,0.9973136045519126,0.99509455196561,1.0,0.9964254541503106,0.9979043102186669,0.9946899269179794,0.9966329430790527
1,8,1.8193260593778768,0.50716,5000,2.1646630499098034,0.40456182472989194,833,2.1594282194448353,0.411,0.9989484205131081,0.08339842818458731,,,0.97,,0.9700176878243976,0.029982312175602432,0.9810102536491697,0.09984414314972372,5,0.001,0.1,0.9968239906642975,0.997715901804103,0.9970442694723299,0.9969983984730703,0.9976615235543487,0.9970122663261081,0.9966330729645597,0.9964254541503106,1.0,0.9978316190057306,0.996983114786555,0.9975658449766345
1,9,1.8207144319631492,0.51824,5000,2.1555687056647406,0.4261704681872749,833,2.1594282194448353,0.411,0.9988821554203005,0.08329895635805563,,,0.97,,0.9700176878243976,0.029982312175602432,0.9810102536491697,0.09984414314972372,5,0.001,0.1,0.9953354643476087,0.9979647207928372,0.9972460863367001,0.99589720903502,0.9976268630260299,0.9973500471124831,0.9965562079361187,0.9979043102186669,0.9978316190057306,1.0,0.9966837885235318,0.9975103813057166
1,10,1.8338255692439474,0.46888,5000,2.1600488556755915,0.41656662665066024,833,2.1594282194448353,0.411,0.9982485925986274,0.08332957259667739,,,0.97,,0.9700176878243976,0.029982312175602432,0.9810102536491697,0.09984414314972372,5,0.001,0.1,0.9968938091372037,0.9967865923901834,0.9960641209232469,0.996294625033398,0.9963183354396711,0.9960241336574943,0.9964834264912787,0.9946899269179794,0.996983114786555,0.9966837885235318,1.0,0.9970900105572632
1,11,1.8288494593018938,0.47864,5000,2.1613654825422497,0.38535414165666265,833,2.1594282194448353,0.411,0.9986466242714709,0.08332883524219449,,,0.97,,0.9700176878243976,0.029982312175602432,0.9810102536491697,0.09984414314972372,5,0.001,0.1,0.9965701387487244,0.9971230106337179,0.9967849701848063,0.9962265308013918,0.9968806412890147,0.9968220934985238,0.9958759144265954,0.9966329430790527,0.9975658449766345,0.9975103813057166,0.9970900105572632,1.0
2,0,1.6266182082473852,0.54472,5000,2.0604284162874573,0.5107913669064749,834,2.065348900925999,0.4773,0.9985536276840277,0.08332812155009282,,,0.97,,0.9700176878243976,0.029982312175602432,0.9930228566852908,0.09987952788179734,5,0.001,0.1,1.0,0.9965660170719066,0.997003295810734,0.9974221680861958,0.9972478843494368,0.9972179363883589,0.9971767692185524,0.9968465657260167,0.9971152441118083,0.9968385878017604,0.9973602784352902,0.9974134416943745
2,1,1.6108727092196227,0.56428,5000,2.0686499542660184,0.4676258992805755,834,2.065348900925999,0.4773,0.9986972540476433,0.08333485472300727,,,0.97,,0.9700176878243976,0.029982312175602432,0.9930228566852908,0.09987952788179734,5,0.001,0.1,0.9965660170719066,1.0,0.9969027828998872,0.9971592175682722,0.9972989641594597,0.9973422549814722,0.9968014848339486,0.9975459850190481,0.9979112972950214,0.998018189643695,0.997119940549051,0.9972633667302178
2,2,1.6341146010502128,0.57612,5000,2.0613440010282726,0.4748201438848921,834,2.065348900925999,0.4773,0.9988280404396538,0.0833192428974351,,,0.97,,0.9700176878243976,0.029982312175602432,0.9930228566852908,0.09987952788179734,5,0.001,0.1,0.997003295810734,0.9969027828998872,1.0,0.9975125455781794,0.9978753085859952,0.9976458654229303,0.997492570010701,0.9971198029031474,0.9974874694949114,0.9977643436786994,0.9972826176272719,0.9974113915351948
2,3,1.630379121774321,0.54324,5000,2.067135793191415,0.4940047961630695,834,2.065348900925999,0.4773,0.9987404013412051,0.08331615889799888,,,0.97,,0.9700176878243976,0.029982312175602432,0.9930228566852908,0.09987952788179734,5,0.001,0.1,0.9974221680861958,0.9971592175682722,0.9975125455781794,1.0,0.9976129979302786,0.997399737089179,0.9972599616944461,0.9972995545040781,0.9974580103218895,0.9968904725950354,0.9972170285165215,0.997215841767155
2,4,1.6288905028324978,0.59148,5000,2.056735224193997,0.49339735894357745,833,2.065348900925999,0.4773,0.9989774596853334,0.08336588591093021,,,0.97,,0.9700176878243976,0.029982312175602432,0.9930228566852908,0.09987952788179734,5,0.001,0.1,0.9972478843494368,0.9972989641594597,0.9978753085859952,0.9976129979302786,1.0,0.9975303557374003,0.9979116278149449,0.9975266215850764,0.9978783072059236,0.9979847931484901,0.9971564591620443,0.9972639657208897
2,5,1.6240568836783147,0.56336,5000,2.0653495347058333,0.4801920768307323,833,2.065348900925999,0.4773,0.9988102618680037,0.08335992672348999,,,0.97,,0.9700176878243976,0.029982312175602432,0.9930228566852908,0.09987952788179734,5,0.001,0.1,0.9972179363883589,0.9973422549814722,0.9976458654229303,0.997399737089179,0.9975303557374003,1.0,0.9972095344426465,0.997590206331736,0.997578856913,0.9976974633183479,0.9969477024734404,0.9971232983151875
2,6,1.6322563521421638,0.58532,5000,2.062591861795496,0.4765906362545018,833,2.065348900925999,0.4773,0.9986735547740186,0.0833186330836201,,,0.97,,0.9700176878243976,0.029982312175602432,0.9930228566852908,0.09987952788179734,5,0.001,0.1,0.9971767692185524,0.9968014848339486,0.997492570010701,0.9972599616944461,0.9979116278149449,0.9972095344426465,1.0,0.9971734145527352,0.9968261317872201,0.9974916196886472,0.9971783911571259,0.9971252248108252
2,7,1.6222544388406595,0.57376,5000,2.074642640573007,0.44657863145258103,833,2.065348900925999,0.4773,0.9987402166121788,0.0832990394856813,,,0.97,,0.9700176878243976,0.029982312175602432,0.9930228566852908,0.09987952788179734,5,0.001,0.1,0.9968465657260167,0.9975459850190481,0.9971198029031474,0.9972995545040781,0.9975266215850764,0.997590206331736,0.9971734145527352,1.0,0.9974615053581191,0.9980860170470999,0.9963672486952341,0.9974295748624517
2,8,1.6234218500981665,0.56484,5000,2.073728985256619,0.45018007202881155,833,2.065348900925999,0.4773,0.9989771573711641,0.08337911692184063,,,0.97,,0.9700176878243976,0.029982312175602432,0.9930228566852908,0.09987952788179734,5,0.001,0.1,0.9971152441118083,0.9979112972950214,0.9974874694949114,0.9974580103218895,0.9978783072059236,0.997578856913,0.9968261317872201,0.9974615053581191,1.0,0.9982035793062838,0.9975759644404025,0.9977863764823725
2,9,1.6239174077465277,0.5738,5000,2.0601360532972546,0.4909963985594238,833,2.065348900925999,0.4773,0.9990513156724942,0.08332051519437021,,,0.97,,0.9700176878243976,0.029982312175602432,0.9930228566852908,0.09987952788179734,5,0.001,0.1,0.9968385878017604,0.998018189643695,0.9977643436786994,0.9968904725950354,0.9979847931484901,0.9976974633183479,0.9974916196886472,0.9980860170470999,0.9982035793062838,1.0,0.9973883103756599,0.9978106684226412
2,10,1.6426544326126196,0.53856,5000,2.065191966516,0.4885954381752701,833,2.065348900925999,0.4773,0.9986535298733963,0.08332645095379862,,,0.97,,0.9700176878243976,0.029982312175602432,0.9930228566852908,0.09987952788179734,5,0.001,0.1,0.9973602784352902,0.997119940549051,0.9972826176272719,0.9972170285165215,0.9971564591620443,0.9969477024734404,0.9971783911571259,0.9963672486952341,0.9975759644404025,0.9973883103756599,1.0,0.9978116216540421
2,11,1.6340459587467704,0.55128,5000,2.0678368232868336,0.453781512605042,833,2.065348900925999,0.4773,0.9988411424376868,0.08333205365773468,,,0.97,,0.9700176878243976,0.029982312175602432,0.9930228566852908,0.09987952788179734,5,0.001,0.1,0.9974134416943745,0.9972633667302178,0.9974113915351948,0.997215841767155,0.9972639657208897,0.9971232983151875,0.9971252248108252,0.9974295748624517,0.9977863764823725,0.9978106684226412,0.9978116216540421,1.0
3,0,1.4720174928379666,0.59304,5000,1.9477744941358213,0.5875299760191847,834,1.9538632277101755,0.5671,0.9986593345164588,0.08332817641180085,,,0.97,,0.9700176878243976,0.029982312175602432,0.9964649131869355,0.09987200175076094,5,0.001,0.1,1.0,0.9966508050283415,0.9967891218176094,0.997544972441081,0.9973256468529309,0.997298741710005,0.9971362351650184,0.996968833557414,0.9971522575011824,0.9969939659178322,0.9973474342956143,0.9973658793195324
3,1,1.4522299394486056,0.60452,5000,1.958426554997762,0.5623501199040767,834,1.9538632277101755,0.5671,0.9986223038751703,0.0833311101118763,,,0.97,,0.9700176878243976,0.029982312175602432,0.9964649131869355,0.09987200175076094,5,0.001,0.1,0.9966508050283415,1.0,0.9969320854773102,0.996913084621476,0.997181360790583,0.9970957637995969,0.9968602784660882,0.9973138371308315,0.9974611852539572,0.9977770381846236,0.9969415074334604,0.9970028982992548
3,2,1.4759972144084372,0.60876,5000,1.946650915675693,0.5587529976019184,834,1.9538632277101755,0.5671,0.9986888432065443,0.08332368432458484,,,0.97,,0.9700176878243976,0.029982312175602432,0.9964649131869355,0.09987200175076094,5,0.001,0.1,0.9967891218176094,0.9969320854773102,1.0,0.9973419416095388,0.9977232880416353,0.9972245526121785,0.9972844932908664,0.9967766722275903,0.9971587815337788,0.9974793218658832,0.9970322039330602,0.9971852358941943
3,3,1.476491182776773,0.588,5000,1.9553311180185389,0.5959232613908872,834,1.9538632277101755,0.5671,0.9987066658404299,0.08332236840308675,,,0.97,,0.9700176878243976,0.029982312175602432,0.9964649131869355,0.09987200175076094,5,0.001,0.1,0.997544972441081,0.996913084621476,0.9973419416095388,1.0,0.9974569545326287,0.9973506205672353,0.9973051771044277,0.9972012740111017,0.9972698527298582,0.9968548118844004,0.9970338933874577,0.9968689392399795
3,4,1.4720740013061815,0.61908,5000,1.9422901603910658,0.5870348139255702,833,1.9538632277101755,0.5671,0.9988891779601319,0.08335875176347061,,,0.97,,0.9700176878243976,0.029982312175602432,0.9964649131869355,0.09987200175076094,5,0.001,0.1,0.9973256468529309,0.997181360790583,0.9977232880416353,0.9974569545326287,1.0,0.9972357025059203,0.9976255396456833,0.9972277352882931,0.997640366359635,0.9977459068712325,0.9971171632578899,0.9970477758294398
3,5,1.4663402257451585,0.60284,5000,1.9536999993854098,0.553421368547419,833,1.9538632277101755,0.5671,0.9986886333824736,0.08334862516114905,,,0.97,,0.9700176878243976,0.029982312175602432,0.9964649131869355,0.09987200175076094,5,0.001,0.1,0.997298741710005,0.9970957637995969,0.9972245526121785,0.9973506205672353,0.9972357025059203,1.0,0.9969538542137145,0.9974616008280428,0.997226127056682,0.9974364391105277,0.9967597273564537,0.9968810726197207
3,6,1.4763247501318622,0.6196,5000,1.9506052864922419,0.5594237695078031,833,1.9538632277101755,0.5671,0.9986079082623807,0.08332069828365589,,,0.97,,0.9700176878243976,0.029982312175602432,0.9964649131869355,0.09987200175076094,5,0.001,0.1,0.9971362351650184,0.9968602784660882,0.9972844932908664,0.9973051771044277,0.9976255396456833,0.9969538542137145,1.0,0.9971035414528616,0.9966082481263662,0.9972541309651534,0.9969592154188539,0.9968675588897463
3,7,1.4630967824322403,0.6122,5000,1.9661252012959234,0.539015606242497,833,1.9538632277101755,0.5671,0.9986777953761865,0.08331093889204157,,,0.97,,0.9700176878243976,0.029982312175602432,0.9964649131869355,0.09987200175076094,5,0.001,0.1,0.996968833557414,0.9973138371308315,0.9967766722275903,0.9972012740111017,0.9972277352882931,0.9974616008280428,0.9971035414528616,1.0,0.9970537625895478,0.9979391582485745,0.9964867980035952,0.99726300792645
3,8,1.4678395404177866,0.60508,5000,1.965944285745974,0.5462184873949579,833,1.9538632277101755,0.5671,0.9988175770648569,0.08336455426126754,,,0.97,,0.9700176878243976,0.029982312175602432,0.9964649131869355,0.09987200175076094,5,0.001,0.1,0.9971522575011824,0.9974611852539572,0.9971587815337788,0.9972698527298582,0.997640366359635,0.997226127056682,0.9966082481263662,0.9970537625895478,1.0,0.997886354183222,0.9975180817472648,0.9974936009518574
3,9,1.464230602562048,0.60692,5000,1.9471614758173625,0.5786314525810324,833,1.9538632277101755,0.5671,0.9989663085456556,0.08333341943752029,,,0.97,,0.9700176878243976,0.029982312175602432,0.9964649131869355,0.09987200175076094,5,0.001,0.1,0.9969939659178322,0.9977770381846236,0.9974793218658832,0.9968548118844004,0.9977459068712325,0.9974364391105277,0.9972541309651534,0.9979391582485745,0.997886354183222,1.0,0.9973094812701025,0.9975762965020776
3,10,1.4896028728242132,0.58488,5000,1.952363654419228,0.5786314525810324,833,1.9538632277101755,0.5671,0.998614638296421,0.08332570946215141,,,0.97,,0.9700176878243976,0.029982312175602432,0.9964649131869355,0.09987200175076094,5,0.001,0.1,0.9973474342956143,0.9969415074334604,0.9970322039330602,0.9970338933874577,0.9971171632578899,0.9967597273564537,0.9969592154188539,0.9964867980035952,0.9975180817472648,0.9973094812701025,1.0,0.9975325772280637
3,11,1.4759658410291003,0.5978,5000,1.95708339744144,0.5582232893157263,833,1.9538632277101755,0.5671,0.9987019656495624,0.08333196348739495,,,0.97,,0.9700176878243976,0.029982312175602432,0.9964649131869355,0.09987200175076094,5,0.001,0.1,0.9973658793195324,0.9970028982992548,0.9971852358941943,0.9968689392399795,0.9970477758294398,0.9968810726197207,0.9968675588897463,0.99726300792645,0.9974936009518574,0.9975762965020776,0.9975325772280637,1.0
4,0,1.345495125518483,0.62668,5000,1.8206911705158375,0.63189448441247,834,1.8281293002942118,0.6159,0.9984986428096236,0.08332868616790129,,,0.97,,0.9700176878243976,0.029982312175602432,0.9976867856118435,0.09985445400271721,5,0.001,0.1,1.0,0.9966739264257413,0.9965341658332664,0.9971655814109257,0.9970034414756873,0.9968513300353834,0.9968467623498346,0.9965946285443256,0.9966604850973456,0.9964252884326692,0.9969971729525233,0.9967931319558188
4,1,1.3251324441782228,0.63332,5000,1.8336169322331746,0.6163069544364509,834,1.8281293002942118,0.6159,0.9985042672945909,0.08333066679295344,,,0.97,,0.9700176878243976,0.029982312175602432,0.9976867856118435,0.09985445400271721,5,0.001,0.1,0.9966739264257413,1.0,0.9965092867698585,0.9965958033276457,0.9968013903568581,0.9966964311265643,0.9963719538275625,0.9970825246362349,0.9972651830587407,0.9974426155575044,0.9966619966192142,0.9965118898396231
4,2,1.3491103769107988,0.6348,5000,1.8174162484981395,0.6091127098321343,834,1.8281293002942118,0.6159,0.9986060267478734,0.08332939735181967,,,0.97,,0.9700176878243976,0.029982312175602432,0.9976867856118435,0.09985445400271721,5,0.001,0.1,0.9965341658332664,0.9965092867698585,1.0,0.9971300520434732,0.9974554062953411,0.997069357797799,0.9969882676987372,0.9965358092974808,0.9969220488853788,0.9971166509696971,0.996838598952476,0.9967328937170505
4,3,1.3508566353731095,0.62132,5000,1.8295706598847001,0.6414868105515588,834,1.8281293002942118,0.6159,0.9984546044076806,0.08332370301968613,,,0.97,,0.9700176878243976,0.029982312175602432,0.9976867856118435,0.09985445400271721,5,0.001,0.1,0.9971655814109257,0.9965958033276457,0.9971300520434732,1.0,0.9969489277652624,0.9968088678812106,0.9969326616107278,0.9967135261003266,0.9967405573218602,0.9960606329105536,0.9967240254422646,0.9961978567403244
4,4,1.3460132128114153,0.64508,5000,1.8130015002356634,0.6338535414165666,833,1.8281293002942118,0.6159,0.9987604404025882,0.08335588630680062,,,0.97,,0.9700176878243976,0.029982312175602432,0.9976867856118435,0.09985445400271721,5,0.001,0.1,0.9970034414756873,0.9968013903568581,0.9974554062953411,0.9969489277652624,1.0,0.9970007683391331,0.9972191479069563,0.9969557603848205,0.9973517715409349,0.9974887623256332,0.9969428803399311,0.9965134957382945
4,5,1.338024066587922,0.62832,5000,1.8278501431147258,0.5942376950780313,833,1.8281293002942118,0.6159,0.9984417220233169,0.08333938914762003,,,0.97,,0.9700176878243976,0.029982312175602432,0.9976867856118435,0.09985445400271721,5,0.001,0.1,0.9968513300353834,0.9966964311265643,0.997069357797799,0.9968088678812106,0.9970007683391331,1.0,0.9965198673308099,0.9967648925770254,0.9967561478075965,0.9968169503203089,0.996337935567564,0.9962404452390987
4,6,1.349421445579286,0.6416,5000,1.8247265771583274,0.60984393757503,833,1.8281293002942118,0.6159,0.998462640008959,0.08332293818016066,,,0.97,,0.9700176878243976,0.029982312175602432,0.9976867856118435,0.09985445400271721,5,0.001,0.1,0.9968467623498346,0.9963719538275625,0.9969882676987372,0.9969326616107278,0.9972191479069563,0.9965198673308099,1.0,0.9968792507049768,0.9962709169191557,0.9967100288456536,0.9968908936673238,0.9964852584487639
4,7,1.3345887616941123,0.63608,5000,1.8437298315542716,0.5978391356542617,833,1.8281293002942118,0.6159,0.9985219613114871,0.08331886791492041,,,0.97,,0.9700176878243976,0.029982312175602432,0.9976867856118435,0.09985445400271721,5,0.001,0.1,0.9965946285443256,0.9970825246362349,0.9965358092974808,0.9967135261003266,0.9969557603848205,0.9967648925770254,0.9968792507049768,1.0,0.9966872502929857,0.9974515491855406,0.9963833407796198,0.9967774210831316
4,8,1.3402222469354133,0.63364,5000,1.844485424183033,0.5906362545018007,833,1.8281293002942118,0.6159,0.9986350794101118,0.08335539849862127,,,0.97,,0.9700176878243976,0.029982312175602432,0.9976867856118435,0.09985445400271721,5,0.001,0.1,0.9966604850973456,0.9972651830587407,0.9969220488853788,0.9967405573218602,0.9973517715409349,0.9967561478075965,0.9962709169191557,0.9966872502929857,1.0,0.9974886976812245,0.9971736375985482,0.9968624868661399
4,9,1.337876267797628,0.63868,5000,1.8201225112985682,0.6374549819927972,833,1.8281293002942118,0.6159,0.9987232215689538,0.08333915000633799,,,0.97,,0.9700176878243976,0.029982312175602432,0.9976867856118435,0.09985445400271721,5,0.001,0.1,0.9964252884326692,0.9974426155575044,0.9971166509696971,0.9960606329105536,0.9974887623256332,0.9968169503203089,0.9967100288456536,0.9974515491855406,0.9974886976812245,1.0,0.9971580905252394,0.9970771656714044
4,10,1.3651823582922578,0.615,5000,1.8248471286561754,0.6266506602641057,833,1.8281293002942118,0.6159,0.9985435216873956,0.08332862183599553,,,0.97,,0.9700176878243976,0.029982312175602432,0.9976867856118435,0.09985445400271721,5,0.001,0.1,0.9969971729525233,0.9966619966192142,0.996838598952476,0.9967240254422646,0.9969428803399311,0.996337935567564,0.9968908936673238,0.9963833407796198,0.9971736375985482,0.9971580905252394,1.0,0.9969750434896213
4,11,1.3479949730976373,0.63012,5000,1.8324139206497758,0.6014405762304922,833,1.8281293002942118,0.6159,0.998383579560718,0.08332729477718283,,,0.97,,0.9700176878243976,0.029982312175602432,0.9976867856118435,0.09985445400271721,5,0.001,0.1,0.9967931319558188,0.9965118898396231,0.9967328937170505,0.9961978567403244,0.9965134957382945,0.9962404452390987,0.9964852584487639,0.9967774210831316,0.9968624868661399,0.9970771656714044,0.9969750434896213,1.0
5,0,1.2419657316177515,0.64784,5000,1.6837902775517217,0.6606714628297362,834,1.692491934703181,0.646,0.9983115748042546,0.08333147642760197,,,0.97,,0.9700176878243976,0.029982312175602432,0.9982268556183878,0.09982806684066148,5,0.001,0.1,1.0,0.9961005091823207,0.9960518461048757,0.9966926255339835,0.9966194561052769,0.9963121817039906,0.9964116370080421,0.9961050552940046,0.9960097000944528,0.9960435567227006,0.9964457246260215,0.996351433367852
5,1,1.220894697441417,0.65528,5000,1.6988413687105532,0.657074340527578,834,1.692491934703181,0.646,0.9982517121692581,0.08333075882878524,,,0.97,,0.9700176878243976,0.029982312175602432,0.9982268556183878,0.09982806684066148,5,0.001,0.1,0.9961005091823207,1.0,0.9959444508868615,0.9959142493857895,0.9963150379749797,0.9959947013064064,0.9958769286081521,0.9964427193110779,0.9967554288699139,0.9969947512787066,0.9961197856760604,0.9959676464647749
5,2,1.2441926611456902,0.65264,5000,1.6781768710524947,0.6366906474820144,834,1.692491934703181,0.646,0.9983108222488862,0.08333188831264753,,,0.97,,0.9700176878243976,0.029982312175602432,0.9982268556183878,0.09982806684066148,5,0.001,0.1,0.9960518461048757,0.9959444508868615,1.0,0.9965715741605735,0.9968530784262916,0.996209463230606,0.9962847023846627,0.9958843826290974,0.9963587141937522,0.9964854745542975,0.9962217417207611,0.9962689785787013
5,3,1.246473386181388,0.64364,5000,1.694228552005909,0.6642685851318945,834,1.692491934703181,0.646,0.9982470063301714,0.0833263359650311,,,0.97,,0.9700176878243976,0.029982312175602432,0.9982268556183878,0.09982806684066148,5,0.001,0.1,0.9966926255339835,0.9959142493857895,0.9965715741605735,1.0,0.9965632791361521,0.9961528025209614,0.9964061834614595,0.99614153610248,0.9962692629725981,0.9954770334688218,0.9962018722767593,0.9959799962960214
5,4,1.242944739426777,0.6636,5000,1.673292146788703,0.6626650660264105,833,1.692491934703181,0.646,0.998480110767606,0.08335359884681551,,,0.97,,0.9700176878243976,0.029982312175602432,0.9982268556183878,0.09982806684066148,5,0.001,0.1,0.9966194561052769,0.9963150379749797,0.9968530784262916,0.9965632791361521,1.0,0.9961895005246496,0.9965513014291795,0.9962583715279021,0.9967928941359945,0.9967942801284096,0.9963690450053335,0.9958551160954631
5,5,1.2331245626613592,0.6508,5000,1.6921639751504969,0.6158463385354142,833,1.692491934703181,0.646,0.9980408514938068,0.08332930186121969,,,0.97,,0.9700176878243976,0.029982312175602432,0.9982268556183878,0.09982806684066148,5,0.001,0.1,0.9963121817039906,0.9959947013064064,0.996209463230606,0.9961528025209614,0.9961895005246496,1.0,0.9957131530506101,0.9959275828395147,0.996108665779269,0.9961400472308435,0.9956233813073356,0.9955284793648462
5,6,1.245914810706096,0.66052,5000,1.6893884826589514,0.6470588235294118,833,1.692491934703181,0.646,0.998171957195541,0.08332344432822193,,,0.97,,0.9700176878243976,0.029982312175602432,0.9982268556183878,0.09982806684066148,5,0.001,0.1,0.9964116370080421,0.9958769286081521,0.9962847023846627,0.9964061834614595,0.9965513014291795,0.9957131530506101,1.0,0.9963296177702581,0.9956803618271077,0.9960937853335059,0.9962031677652635,0.9959207150588559
5,7,1.2289408910806012,0.65812,5000,1.7118892669677734,0.6278511404561825,833,1.692491934703181,0.646,0.9982225804709387,0.0833225820845912,,,0.97,,0.9700176878243976,0.029982312175602432,0.9982268556183878,0.09982806684066148,5,0.001,0.1,0.9961050552940046,0.9964427193110779,0.9958843826290974,0.99614153610248,0.9962583715279021,0.9959275828395147,0.9963296177702581,1.0,0.9959199888261976,0.9969678570596155,0.9958075175916669,0.996293433935977
5,8,1.2365003309432108,0.64904,5000,1.7134629002323858,0.6182472989195679,833,1.692491934703181,0.646,0.9983790409428394,0.08335003718040947,,,0.97,,0.9700176878243976,0.029982312175602432,0.9982268556183878,0.09982806684066148,5,0.001,0.1,0.9960097000944528,0.9967554288699139,0.9963587141937522,0.9962692629725981,0.9967928941359945,0.996108665779269,0.9956803618271077,0.9959199888261976,1.0,0.9969852086154004,0.996684973792484,0.9963852314431897
5,9,1.232848668933674,0.6586,5000,1.6836969322628446,0.6662665066026411,833,1.692491934703181,0.646,0.9984914227704651,0.08334369942957867,,,0.97,,0.9700176878243976,0.029982312175602432,0.9982268556183878,0.09982806684066148,5,0.001,0.1,0.9960435567227006,0.9969947512787066,0.9964854745542975,0.9954770334688218,0.9967942801284096,0.9961400472308435,0.9960937853335059,0.9969678570596155,0.9969852086154004,1.0,0.9966654700768025,0.9966499902469642
5,10,1.261016047000885,0.6374,5000,1.6865123333754364,0.6578631452581032,833,1.692491934703181,0.646,0.9982789505138647,0.08333038387481673,,,0.97,,0.9700176878243976,0.029982312175602432,0.9982268556183878,0.09982806684066148,5,0.001,0.1,0.9964457246260215,0.9961197856760604,0.9962217417207611,0.9962018722767593,0.9963690450053335,0.9956233813073356,0.9962031677652635,0.9958075175916669,0.996684973792484,0.9966654700768025,1.0,0.9964100046386201
5,11,1.2404885205493612,0.65308,5000,1.6981572751645688,0.6374549819927972,833,1.692491934703181,0.646,0.9981836234536785,0.08332649286028102,,,0.97,,0.9700176878243976,0.029982312175602432,0.9982268556183878,0.09982806684066148,5,0.001,0.1,0.996351433367852,0.9959676464647749,0.9962689785787013,0.9959799962960214,0.9958551160954631,0.9955284793648462,0.9959207150588559,0.996293433935977,0.9963852314431897,0.9966499902469642,0.9964100046386201,1.0
6,0,1.1552179019921904,0.6668,5000,1.543026054347003,0.6834532374100719,834,1.5526632611363078,0.6628,0.9980437146321615,0.08333786623265203,,,0.97,,0.9700176878243976,0.029982312175602432,0.9984835722256126,0.09978679864732776,5,0.001,0.1,1.0,0.9954804359054065,0.9953621434445813,0.9959099888294365,0.9957287694659857,0.9956746553884139,0.9957946353931221,0.9954461890100875,0.9951877643588578,0.9950733319292573,0.9957079575954494,0.9956254405423204
6,1,1.132525239552662,0.66828,5000,1.5597210548542164,0.6654676258992805,834,1.5526632611363078,0.6628,0.9977978514666077,0.08332948843014223,,,0.97,,0.9700176878243976,0.029982312175602432,0.9984835722256126,0.09978679864732776,5,0.001,0.1,0.9954804359054065,1.0,0.9951532652459713,0.994906539146245,0.9951355512863099,0.994941531868927,0.9946981370574598,0.9957555256774616,0.9958027466598515,0.9960583579531456,0.9951067755471238,0.9950080291012361
6,2,1.1567736383456333,0.66768,5000,1.5347396885907207,0.6654676258992805,834,1.5526632611363078,0.6628,0.9981070993340276,0.08334016524345234,,,0.97,,0.9700176878243976,0.029982312175602432,0.9984835722256126,0.09978679864732776,5,0.001,0.1,0.9953621434445813,0.9951532652459713,1.0,0.9959295161142727,0.9961271237539437,0.9955901312487176,0.995599426224698,0.9951212241784523,0.9957527868955763,0.9958485374505185,0.9957166987089968,0.9955490403963114
6,3,1.1611236322457623,0.65768,5000,1.5549871391720242,0.6786570743405276,834,1.5526632611363078,0.6628,0.9977929674346562,0.08332661772412911,,,0.97,,0.9700176878243976,0.029982312175602432,0.9984835722256126,0.09978679864732776,5,0.001,0.1,0.9959099888294365,0.994906539146245,0.9959295161142727,1.0,0.9954475844247547,0.9951906680771185,0.9954506816716925,0.9952427365305843,0.9951810619640983,0.9944501464914474,0.9953127394636933,0.9949673308083152
6,4,1.1558261630641427,0.67376,5000,1.5293453755202118,0.6662665066026411,833,1.5526632611363078,0.6628,0.9979033817391647,0.08334690572733884,,,0.97,,0.9700176878243976,0.029982312175602432,0.9984835722256126,0.09978679864732776,5,0.001,0.1,0.9957287694659857,0.9951355512863099,0.9961271237539437,0.9954475844247547,1.0,0.9951140936694824,0.995453419116029,0.9950611840375996,0.9960690615641244,0.995315510736115,0.9952997835363949,0.9945572288209293
6,5,1.1466865658000776,0.66856,5000,1.5520512218828555,0.6470588235294118,833,1.5526632611363078,0.6628,0.9976201527528561,0.08332285776129769,,,0.97,,0.9700176878243976,0.029982312175602432,0.9984835722256126,0.09978679864732776,5,0.001,0.1,0.9956746553884139,0.994941531868927,0.9955901312487176,0.9951906680771185,0.9951140936694824,1.0,0.9948330368825906,0.9952124765077686,0.995089082062409,0.9952067156518278,0.9946802677685894,0.9943866566849376
6,6,1.1595584104774863,0.671,5000,1.550414133954931,0.6686674669867947,833,1.5526632611363078,0.6628,0.9976937659145743,0.08332164127460723,,,0.97,,0.9700176878243976,0.029982312175602432,0.9984835722256126,0.09978679864732776,5,0.001,0.1,0.9957946353931221,0.9946981370574598,0.995599426224698,0.9954506816716925,0.995453419116029,0.9948330368825906,1.0,0.9951813169468475,0.9943503320338105,0.9950491573509307,0.9955453046316985,0.9948458732897502
6,7,1.1400200396586375,0.67292,5000,1.5763500531514485,0.6506602641056423,833,1.5526632611363078,0.6628,0.9978309250798123,0.08332554050986234,,,0.97,,0.9700176878243976,0.029982312175602432,0.9984835722256126,0.09978679864732776,5,0.001,0.1,0.9954461890100875,0.9957555256774616,0.9951212241784523,0.9952427365305843,0.9950611840375996,0.9952124765077686,0.9951813169468475,1.0,0.994808689748697,0.9962538612729714,0.9951171185818717,0.9952433363854104
6,8,1.1499557789723585,0.66612,5000,1.5783891986917566,0.6338535414165666,833,1.5526632611363078,0.6628,0.9979100230344407,0.08334493537975453,,,0.97,,0.9700176878243976,0.029982312175602432,0.9984835722256126,0.09978679864732776,5,0.001,0.1,0.9951877643588578,0.9958027466598515,0.9957527868955763,0.9951810619640983,0.9960690615641244,0.995089082062409,0.9943503320338105,0.994808689748697,1.0,0.9959751558949879,0.9958317444098703,0.9953403946386071
6,9,1.1458386997508396,0.67356,5000,1.543736978813454,0.6698679471788715,833,1.5526632611363078,0.6628,0.99805157960394,0.08334561785601081,,,0.97,,0.9700176878243976,0.029982312175602432,0.9984835722256126,0.09978679864732776,5,0.001,0.1,0.9950733319292573,0.9960583579531456,0.9958485374505185,0.9944501464914474,0.995315510736115,0.9952067156518278,0.9950491573509307,0.9962538612729714,0.9959751558949879,1.0,0.9959197951905282,0.9959340695466731
6,10,1.1775498161650009,0.65536,5000,1.543390605184767,0.6698679471788715,833,1.5526632611363078,0.6628,0.9979485753858822,0.08333412450761439,,,0.97,,0.9700176878243976,0.029982312175602432,0.9984835722256126,0.09978679864732776,5,0.001,0.1,0.9957079575954494,0.9951067755471238,0.9957166987089968,0.9953127394636933,0.9952997835363949,0.9946802677685894,0.9955453046316985,0.9951171185818717,0.9958317444098703,0.9959197951905282,1.0,0.9956136389514958
6,11,1.1524656659478594,0.67152,5000,1.559889727168613,0.6542617046818727,833,1.5526632611363078,0.6628,0.9977163177715958,0.08332423935313837,,,0.97,,0.9700176878243976,0.029982312175602432,0.9984835722256126,0.09978679864732776,5,0.001,0.1,0.9956254405423204,0.9950080291012361,0.9955490403963114,0.9949673308083152,0.9945572288209293,0.9943866566849376,0.9948458732897502,0.9952433363854104,0.9953403946386071,0.9959340695466731,0.9956136389514958,1.0
7,0,1.0819567896757916,0.67852,5000,1.4045415233682703,0.6942446043165468,834,1.4147642043451913,0.6736,0.9975540090761431,0.08334233401482294,,,0.97,,0.9700176878243976,0.029982312175602432,0.9985365998691255,0.09973613617009003,5,0.001,0.1,1.0,0.9943367759530601,0.9942569074252591,0.9947462704989045,0.9947822117034724,0.9945426989793291,0.9946666011575348,0.9944522398623352,0.9939194376795718,0.9939300134850864,0.994691671502776,0.9947375544652809
7,1,1.0589241683103476,0.68376,5000,1.4223538239796956,0.6738609112709832,834,1.4147642043451913,0.6736,0.9972421593806933,0.08332712402965203,,,0.97,,0.9700176878243976,0.029982312175602432,0.9985365998691255,0.09973613617009003,5,0.001,0.1,0.9943367759530601,1.0,0.9939794092113992,0.9937084836113771,0.9939383020484609,0.9936785626020316,0.9936458674784383,0.9947647686203105,0.9947525106029143,0.9946639507164301,0.9938296445580846,0.9940319145470075
