round,client_id,client_i_training_loss,client_i_training_accuracy,client_i_training_dataset_size,client_i_evaluation_loss,client_i_evaluation_accuracy,client_i_evaluation_dataset_size,client_i_central_evaluation_loss,client_i_central_evaluation_accuracy,client_i_cosine_similarity,client_i_importance_coefficient,client_i_tanh_val,tanh_normalization_value,client_i_q,client_i_mask_order,client_i_v_nonzero_fraction,client_i_v_sparsity,client_i_v_cosine_similarity,client_i_reward_gradient_norm,local_epochs,learning_rate,gamma,client_0_cosine_similarity,client_1_cosine_similarity,client_2_cosine_similarity,client_3_cosine_similarity,client_4_cosine_similarity,client_5_cosine_similarity,client_6_cosine_similarity,client_7_cosine_similarity,client_8_cosine_similarity,client_9_cosine_similarity,client_10_cosine_similarity,client_11_cosine_similarity
0,0,2.286544247829553,0.13414926805855532,4167,2.297293084008353,0.1079136690647482,834,2.296930518331407,0.0994,0.9828676927308716,0.08395145734509589,,,0.9899999998009501,,0.9900232707827895,0.00997672921721049,0,0.14634459756257207,10,0.025,0.15,1.0,0.9560272102695332,0.9339179308593939,0.9640465650211969,0.9530158459744676,0.9478150689317242,0.9510075230017432,0.9639566756163171,0.9432080428508545,0.9700980627093149,0.9634422334337103,0.9604557835365413
0,1,2.2859310865402223,0.13057355411567076,4167,2.2936031818389893,0.11750599520383694,834,2.2969306541394583,0.0994,0.9781677718888169,0.08355001449880517,,,0.9100928413729226,,0.9101434206400291,0.08985657935997093,0,0.14634338000002187,10,0.025,0.15,0.9560272102695332,1.0,0.9129634586334919,0.9399076787157198,0.9677715537412268,0.95937421150987,0.9339756520848151,0.9662483382178296,0.9485653875794524,0.9630945504226628,0.94200794351925,0.9620295545237755
0,2,2.2834835225885564,0.12212622990160787,4167,2.296432222638811,0.11151079136690648,834,2.297029111958757,0.0993,0.9569880943287945,0.08174095636166892,,,0.55,,0.5500404350481095,0.4499595649518905,0,0.1457309656929342,10,0.025,0.15,0.9339179308593939,0.9129634586334919,1.0,0.9506488346675356,0.9079962359194991,0.9234738833744882,0.9577959454185953,0.8935976698655442,0.9200022691753812,0.9231681778604732,0.9445563928133209,0.935879960209582
0,3,2.2869220596371274,0.13950083993280538,4167,2.297246149608067,0.10311750599520383,834,2.296930611888065,0.0994,0.979004583816215,0.08362149063068781,,,0.9243201582797803,,0.924361703883415,0.07563829611658501,0,0.14634386590254225,10,0.025,0.15,0.9640465650211969,0.9399076787157198,0.9506488346675356,1.0,0.9409197355620389,0.9451992031388877,0.9501962006263256,0.9391373685228307,0.9528326676719867,0.954707852838536,0.9688906873928639,0.9552788336506133
0,4,2.2844412167867025,0.13126949844012478,4167,2.297913074493408,0.08403361344537816,833,2.296932154063937,0.0994,0.975485035038438,0.08332086904013519,,,0.8644814607288526,,0.8645178326814213,0.13548216731857865,0,0.1463383332711055,10,0.025,0.15,0.9530158459744676,0.9677715537412268,0.9079962359194991,0.9409197355620389,1.0,0.9439708590913051,0.937311495069363,0.9621029352403812,0.9528098515602692,0.9610522032709569,0.9402184723302393,0.9533885660779801
0,5,2.2872258800448795,0.13993280537556996,4167,2.2989304406302318,0.09123649459783914,833,2.296932332123382,0.0993,0.974686022068595,0.08325262149903476,,,0.8508967944944803,,0.8509514614381674,0.14904853856183264,0,0.14633672295049088,10,0.025,0.15,0.9478150689317242,0.95937421150987,0.9234738833744882,0.9451992031388877,0.9439708590913051,1.0,0.9276378727570195,0.9503375509855759,0.9459150592319971,0.9531884971820698,0.9510225918735243,0.9632706325131571
0,6,2.2871192729834355,0.14391648668106552,4167,2.3006155831473216,0.08883553421368548,833,2.296941983548901,0.0994,0.970579566400592,0.08290186936789691,,,0.7810796178508518,,0.781114356917694,0.21888564308230596,0,0.14629803803935965,10,0.025,0.15,0.9510075230017432,0.9339756520848151,0.9577959454185953,0.9501962006263256,0.937311495069363,0.9276378727570195,1.0,0.92567611825121,0.948352744115328,0.938052934561447,0.9453389524929761,0.9477790924791788
0,7,2.2843428734577063,0.11783057355411566,4167,2.2956369944981168,0.09483793517406963,833,2.296932561488091,0.0993,0.9734821136811161,0.08314978989271955,,,0.8304281735359518,,0.8304698717631331,0.16953012823686686,0,0.1463332981285265,10,0.025,0.15,0.9639566756163171,0.9662483382178296,0.8935976698655442,0.9391373685228307,0.9621029352403812,0.9503375509855759,0.92567611825121,1.0,0.9374369278778331,0.9622860953943078,0.9448837261092317,0.9514441434160075
0,8,2.2893294580055006,0.14803168506961115,4166,2.2989345278058733,0.09243697478991597,833,2.296932555452178,0.0993,0.9735396713729485,0.08315470617203821,,,0.8314067584429251,,0.8314518657886485,0.1685481342113515,0,0.14633346693740054,10,0.025,0.15,0.9432080428508545,0.9485653875794524,0.9200022691753812,0.9528326676719867,0.9528098515602692,0.9459150592319971,0.948352744115328,0.9374369278778331,1.0,0.9579385934745239,0.9434209675230645,0.9473114760113913
0,9,2.286616138978438,0.13036485837734038,4166,2.2979699202946255,0.10084033613445378,833,2.2969305122954937,0.0994,0.9820068248059277,0.08387792647475067,,,0.9753636874084988,,0.975400637058309,0.02459936294169096,0,0.1463445781093482,10,0.025,0.15,0.9700980627093149,0.9630945504226628,0.9231681778604732,0.954707852838536,0.9610522032709569,0.9531884971820698,0.938052934561447,0.9622860953943078,0.9579385934745239,1.0,0.9479874008575859,0.9653468904533763
0,10,2.2883683717612064,0.15045607297167546,4166,2.2960562705993652,0.09603841536614646,833,2.2969306420676316,0.0994,0.9782290090783478,0.08355524506172106,,,0.9111339843985105,,0.9111831790199865,0.08881682098001353,0,0.14634341780913915,10,0.025,0.15,0.9634422334337103,0.94200794351925,0.9445563928133209,0.9688906873928639,0.9402184723302393,0.9510225918735243,0.9453389524929761,0.9448837261092317,0.9434209675230645,0.9479874008575859,1.0,0.9609218418075701
0,11,2.2846298297246297,0.1442150744119059,4166,2.296457188470023,0.10444177671068428,833,2.296930527385277,0.0994,0.9825351545023011,0.08392305365544578,,,0.9843462482151807,,0.9843871201993696,0.01561287980063042,0,0.14634459403847153,10,0.025,0.15,0.9604557835365413,0.9620295545237755,0.935879960209582,0.9552788336506133,0.9533885660779801,0.9632706325131571,0.9477790924791788,0.9514441434160075,0.9473114760113913,0.9653468904533763,0.9609218418075701,1.0
1,0,2.161224286483996,0.20345572354211663,4167,2.285705532346453,0.16906474820143885,834,2.2851300631897358,0.1673,0.9889071216602112,0.08373068185995196,,,0.9899999997019795,,0.9900232707827895,0.00997672921721049,0.8628504694137363,0.1482594053663301,10,0.025,0.15,1.0,0.9766289162256591,0.970508629397135,0.9768969767725428,0.9732629053602178,0.9764386805204852,0.9740565668513402,0.975256222443892,0.9736111316504243,0.9789239723303111,0.9769744824256276,0.9762958336596411
1,1,2.159868622909893,0.20165586753059755,4167,2.281580924987793,0.1774580335731415,834,2.2851298760764207,0.1672,0.9899530691635707,0.08351741795775387,,,0.9264429862595347,,0.9264824808965028,0.07351751910349724,0.8628393575024018,0.14825863805130618,10,0.025,0.15,0.9766289162256591,1.0,0.9712492585879409,0.9743895891922457,0.9802130208793105,0.9782888489822027,0.9758958484305256,0.9763448717105274,0.9785343384509647,0.9768464050534262,0.973440276447316,0.9795890661975727
1,2,2.153462774825819,0.21634269258459324,4167,2.2843429701668874,0.16786570743405277,834,2.2854218664048593,0.1653,0.9853436861613087,0.08225427332812918,,,0.55,,0.5500404350481095,0.4499595649518905,0.8576149380273984,0.14758783664806158,10,0.025,0.15,0.970508629397135,0.9712492585879409,1.0,0.9747717095598516,0.9691133391511743,0.9758419491898815,0.9765486842556443,0.9632414587432322,0.9718707168563292,0.9709873256671698,0.9749058490801538,0.9684484191148724
1,3,2.1633108980727918,0.21283897288216944,4167,2.2865688800811768,0.1630695443645084,834,2.2851299967946885,0.1672,0.988837788364114,0.08352528446611476,,,0.9287873669657164,,0.9288343153273588,0.07116568467264117,0.8628390692695069,0.14825871063143864,10,0.025,0.15,0.9768969767725428,0.9743895891922457,0.9747717095598516,1.0,0.970875621267383,0.972682642300495,0.976089878039746,0.9714827432438177,0.9792359049321437,0.9806704135376535,0.9778754378083817,0.973257784811244
1,4,2.1666305047093015,0.19925605951523878,4167,2.2871435369764055,0.16326530612244897,833,2.285129115551333,0.1682,0.9870810839832561,0.08328327692128011,,,0.8566641589511576,,0.8566948886798369,0.1433051113201631,0.8632267627628014,0.1482431984781685,10,0.025,0.15,0.9732629053602178,0.9802130208793105,0.9691133391511743,0.970875621267383,1.0,0.9719045955236749,0.9751307755397535,0.9707806612819928,0.9759998564119255,0.9753487842602292,0.9729796602405654,0.9718360726288127
1,5,2.169546522516193,0.20691144708423326,4167,2.2874351228986467,0.15606242496998798,833,2.285129679909235,0.1682,0.9873167144357715,0.08324889423023692,,,0.8464174123883473,,0.8464623458929544,0.15353765410704556,0.8631926446597125,0.14824181061111247,10,0.025,0.15,0.9764386805204852,0.9782888489822027,0.9758419491898815,0.972682642300495,0.9719045955236749,1.0,0.9712474157047257,0.9696432853975586,0.9713845347498204,0.972331027707275,0.9718849971561667,0.9786606898165404
1,6,2.1700552131190443,0.20578353731701463,4167,2.288708584649222,0.1644657863145258,833,2.2851371704777583,0.1654,0.9889633959252625,0.08308630510771922,,,0.7979625218093771,,0.7979980525160503,0.20200194748394973,0.8628151303575703,0.14821259756150593,10,0.025,0.15,0.9740565668513402,0.9758958484305256,0.9765486842556443,0.976089878039746,0.9751307755397535,0.9712474157047257,1.0,0.9738319490475718,0.9782789716767729,0.9765689841826145,0.9753501789848794,0.97698634169506
1,7,2.1593720746762823,0.19541636669066476,4167,2.283031804221017,0.1716686674669868,833,2.2851295803166645,0.1682,0.9869340714759641,0.08317318480468558,,,0.8238544520003453,,0.8239094915086399,0.1760905084913601,0.8632083516827777,0.14823766793469878,10,0.025,0.15,0.975256222443892,0.9763448717105274,0.9632414587432322,0.9714827432438177,0.9707806612819928,0.9696432853975586,0.9738319490475718,1.0,0.9751320655605452,0.9790557218223886,0.9740785527289183,0.9767225303132742
1,8,2.168590867880619,0.20753720595295247,4166,2.287858860833304,0.15126050420168066,833,2.2851296768912785,0.1682,0.9894250138240109,0.0832569273736466,,,0.8488114537540528,,0.8488554405769834,0.15114455942301663,0.8631882823237828,0.14824217473907855,10,0.025,0.15,0.9736111316504243,0.9785343384509647,0.9718707168563292,0.9792359049321437,0.9759998564119255,0.9713845347498204,0.9782789716767729,0.9751320655605452,1.0,0.9788252515838548,0.9775507276312563,0.9748650353165289
1,9,2.16870146484086,0.193014882381181,4166,2.2849957261766707,0.18847539015606243,833,2.285129993776732,0.1673,0.9901757988628496,0.0837265209217608,,,0.9887599548475876,,0.9887937152382367,0.01120628476176333,0.8628458951985576,0.1482594048976337,10,0.025,0.15,0.9789239723303111,0.9768464050534262,0.9709873256671698,0.9806704135376535,0.9753487842602292,0.972331027707275,0.9765689841826145,0.9790557218223886,0.9788252515838548,1.0,0.9758586967744451,0.9785154811192027
1,10,2.1724455970706362,0.20072011521843494,4166,2.2841215474264964,0.16806722689075632,833,2.2851298760764207,0.1672,0.9886753263220859,0.08347923465824642,,,0.9150635804854703,,0.9151029030714133,0.08489709692858671,0.8628315324347988,0.14825825125156178,10,0.025,0.15,0.9769744824256276,0.973440276447316,0.9749058490801538,0.9778754378083817,0.9729796602405654,0.9718849971561667,0.9753501789848794,0.9740785527289183,0.9775507276312563,0.9758586967744451,1.0,0.9754387921572583
1,11,2.153576014619885,0.21397023523763803,4166,2.2848311492374966,0.17046818727490998,833,2.2851300571538227,0.1673,0.9890553708001268,0.08371799837047457,,,0.9862200599048415,,0.9862603356934199,0.013739664306580135,0.8628506536757574,0.1482594032817229,10,0.025,0.15,0.9762958336596411,0.9795890661975727,0.9684484191148724,0.973257784811244,0.9718360726288127,0.9786606898165404,0.97698634169506,0.9767225303132742,0.9748650353165289,0.9785154811192027,0.9754387921572583,1.0
2,0,2.0690377455769164,0.25413966882649386,4167,2.268195458820888,0.19904076738609114,834,2.26734833174114,0.2137,0.9848948113694008,0.08357837308028705,,,0.9675855093277663,,0.9676354574111666,0.03236454258883337,0.958140380358177,0.1477345263669166,10,0.025,0.15,1.0,0.9674147400043318,0.9657975502053656,0.9666865060360887,0.9652106834968638,0.9703051475843971,0.9676836144689993,0.9650280755203752,0.9669291736175323,0.9683006323065673,0.970251854192841,0.96645504948618
2,1,2.06522532340252,0.24929205663546916,4167,2.2628967421395436,0.2290167865707434,834,2.267347830760328,0.2136,0.9864829000104471,0.0834984240693892,,,0.9347749441688704,,0.9348170520374313,0.06518294796256874,0.9581304682756315,0.1477333451385029,10,0.025,0.15,0.9674147400043318,1.0,0.9631388451225733,0.9662427687668275,0.9731001612364447,0.9696703187464365,0.9692999501656591,0.9698484184513914,0.971756414392733,0.9690711573616613,0.968094315837934,0.9712457823786663
2,2,2.0609486951972498,0.255411567074634,4167,2.266141516821725,0.22182254196642687,834,2.2679387044303025,0.2129,0.9815877846150165,0.08256084874706242,,,0.55,,0.5500404350481095,0.4499595649518905,0.9537567495940956,0.14694201163196255,10,0.025,0.15,0.9657975502053656,0.9631388451225733,1.0,0.9636176178066119,0.9641825979782462,0.9699479734946216,0.967898080079731,0.955981022162841,0.9627673597212563,0.9649435160810771,0.965152677245044,0.9582145316629123
2,3,2.0697244492444127,0.25202783777297816,4167,2.270594392504011,0.22422062350119903,834,2.2673481265200843,0.2136,0.9849256793205897,0.08345274542278232,,,0.9160287183677733,,0.9160683929956595,0.08393160700434055,0.9581208992876228,0.1477324048341845,10,0.025,0.15,0.9666865060360887,0.9662427687668275,0.9636176178066119,1.0,0.9617366213865375,0.9648690399602726,0.9696506822509142,0.9638980556193183,0.9711427678082284,0.9743989008279202,0.9709806504555033,0.9672270217230332
2,4,2.073267913948406,0.25005999520038397,4167,2.271034070423671,0.21608643457382953,833,2.26735194121735,0.2134,0.9834271345563962,0.08325492118479742,,,0.8348429103443868,,0.8348847188526349,0.16511528114736507,0.9581388569439631,0.1477162659950857,10,0.025,0.15,0.9652106834968638,0.9731001612364447,0.9641825979782462,0.9617366213865375,1.0,0.9642525215247466,0.9676845476172922,0.9635530265128014,0.9683497479302515,0.9674526560475434,0.964932789908312,0.9624503857609747
2,5,2.0726485628070255,0.25713942884569235,4167,2.270111186163766,0.1908763505402161,833,2.267353217813033,0.2134,0.9839347959005956,0.08325019646469768,,,0.8329039152905495,,0.8329372349028734,0.1670627650971266,0.9581377590821994,0.14771568871042012,10,0.025,0.15,0.9703051475843971,0.9696703187464365,0.9699479734946216,0.9648690399602726,0.9642525215247466,1.0,0.9659615998058586,0.9626140402642201,0.9625271969901301,0.9640902000848376,0.965910525282224,0.9687951965035021
2,6,2.079893733515884,0.24502039836813055,4167,2.270948205675398,0.20888355342136855,833,2.2673643872707703,0.2135,0.9862355107360684,0.08322461205658134,,,0.8224042370565614,,0.8224406264956842,0.17755937350431583,0.957996693371495,0.147712116505425,10,0.025,0.15,0.9676836144689993,0.9692999501656591,0.967898080079731,0.9696506822509142,0.9676845476172922,0.9659615998058586,1.0,0.9672694224192491,0.970668218748645,0.9695272624643043,0.9715120155233099,0.969004204611499
2,7,2.066975669788592,0.2443244540436765,4167,2.2643754141671315,0.2148859543817527,833,2.2673615473735182,0.2134,0.9833793326643432,0.08318549738334842,,,0.8063518241453191,,0.8063903880114208,0.19360961198857918,0.9578231136512633,0.14769771722950414,10,0.025,0.15,0.9650280755203752,0.9698484184513914,0.955981022162841,0.9638980556193183,0.9635530265128014,0.9626140402642201,0.9672694224192491,1.0,0.9662460646559535,0.970557307268065,0.9666931985374263,0.9705372946044425
2,8,2.075365434993397,0.250384061449832,4166,2.271012680871146,0.20768307322929172,833,2.2673526957065246,0.2133,0.9857590269166815,0.08331434128598766,,,0.859228541635581,,0.8592777805284614,0.14072221947153862,0.9581413714760706,0.14772248107506017,10,0.025,0.15,0.9669291736175323,0.971756414392733,0.9627673597212563,0.9711427678082284,0.9683497479302515,0.9625271969901301,0.970668218748645,0.9662460646559535,1.0,0.9704130536900601,0.9719898854729366,0.9676029091404119
2,9,2.078108406428135,0.2373499759961594,4166,2.2657341275896346,0.21968787515006002,833,2.267348093322561,0.2137,0.9866570963468442,0.08363299013176224,,,0.9899999995896064,,0.9900232707827895,0.00997672921721049,0.9581441820431282,0.1477346183224619,10,0.025,0.15,0.9683006323065673,0.9690711573616613,0.9649435160810771,0.9743989008279202,0.9674526560475434,0.9640902000848376,0.9695272624643043,0.970557307268065,0.9704130536900601,1.0,0.9709975633404356,0.9710995067913331
2,10,2.0841471617872065,0.24044647143542966,4166,2.2662123952593123,0.2112845138055222,833,2.2673477553114108,0.2136,0.986294347569975,0.08346876562207124,,,0.9226033061797395,,0.9226370253007873,0.07736297469921272,0.9581223829267292,0.14773279995618735,10,0.025,0.15,0.970251854192841,0.968094315837934,0.965152677245044,0.9709806504555033,0.964932789908312,0.965910525282224,0.9715120155233099,0.9666931985374263,0.9719898854729366,0.9709975633404356,1.0,0.9701431828323019
2,11,2.0557072653914945,0.2583053288526164,4166,2.2672615391867503,0.21968787515006002,833,2.2673483166513564,0.2137,0.9851330693180915,0.08357828455123284,,,0.9675491775674472,,0.9675859451073592,0.03241405489264082,0.9581405671835613,0.14773452623069158,10,0.025,0.15,0.96645504948618,0.9712457823786663,0.9582145316629123,0.9672270217230332,0.9624503857609747,0.9687951965035021,0.969004204611499,0.9705372946044425,0.9676029091404119,0.9710995067913331,0.9701431828323019,1.0
3,0,2.0025828892534427,0.28075353971682265,4167,2.245154653276716,0.2170263788968825,834,2.243984792805925,0.2368,0.9816226637632809,0.08347912054791384,,,0.99,,0.9900232707827895,0.00997672921721049,0.9785847187516313,0.14726921447623087,10,0.025,0.15,1.0,0.9621562671444155,0.9606235569336921,0.9586928773622911,0.9577862220064342,0.9619421150484466,0.9599529080555355,0.9604671942232827,0.9580517329378037,0.9626360324144734,0.9635322100917045,0.9590566730382134
3,1,1.9950643665862806,0.27919366450683947,4167,2.238003526415144,0.25539568345323743,834,2.243983745574951,0.2367,0.9836796930536347,0.08349659852170109,,,0.99,,0.9900232707827895,0.00997672921721049,0.9785806716697182,0.14726921447623087,10,0.025,0.15,0.9621562671444155,1.0,0.9559039905693089,0.9601308930208761,0.9656040961682739,0.9610881881424161,0.9622472824678254,0.9655155197837714,0.9658254881115774,0.9623862317497403,0.9630720734773851,0.9651970442149251
3,2,1.9911988709912156,0.2828173746100312,4167,2.242179666246687,0.2541966426858513,834,2.244764536241942,0.2367,0.9786583834757996,0.08275474878132351,,,0.99,,0.9900232707827895,0.00997672921721049,0.9722225705418865,0.14726921447623087,10,0.025,0.15,0.9606235569336921,0.9559039905693089,1.0,0.9555657780293586,0.9571119413195807,0.9621959053005729,0.9601920310631264,0.9519599682538271,0.9553551547393053,0.9606857984609009,0.9595837995781705,0.9513141591240992
3,3,1.9974900935635422,0.2779697624190065,4167,2.2495106628962924,0.2422062350119904,834,2.243984246555763,0.2367,0.981789691882713,0.08340700261793754,,,0.99,,0.9900232707827895,0.00997672921721049,0.978580728824264,0.14726921447623087,10,0.025,0.15,0.9586928773622911,0.9601308930208761,0.9555657780293586,1.0,0.9540205678767423,0.9602304743584166,0.9618268336470245,0.9577626912210159,0.9638066231140902,0.968426041349134,0.9656828229702985,0.9607039843025286
3,4,2.005707097414768,0.2763138948884089,4167,2.2495944840567454,0.23289315726290516,833,2.2439898901347872,0.2363,0.9800546825795371,0.08322852945943263,,,0.99,,0.9900232707827895,0.00997672921721049,0.9784049824779549,0.14726921447623087,10,0.025,0.15,0.9577862220064342,0.9656040961682739,0.9571119413195807,0.9540205678767423,1.0,0.9558138277647077,0.9597292378085495,0.9587205486756305,0.9621620720183475,0.962369377931027,0.9589460009149439,0.9543056404565997
3,5,2.000584892431895,0.282889368850492,4167,2.247249330793108,0.1992797118847539,833,2.243991501723664,0.2363,0.9803554574975429,0.08323538439832595,,,0.99,,0.9900232707827895,0.00997672921721049,0.9784009057669018,0.14726921447623087,10,0.025,0.15,0.9619421150484466,0.9610881881424161,0.9621959053005729,0.9602304743584166,0.9558138277647077,1.0,0.9588527603910728,0.957631929691328,0.9558166946981782,0.9568094693184646,0.9592706948932013,0.9604952717846593
3,6,2.0141500841487536,0.2681545476361891,4167,2.2476208891187395,0.22328931572629052,833,2.24400485618205,0.2369,0.9822530397991668,0.08328123918074799,,,0.99,,0.9900232707827895,0.00997672921721049,0.9783725375626733,0.14726921447623087,10,0.025,0.15,0.9599529080555355,0.9622472824678254,0.9601920310631264,0.9618268336470245,0.9597292378085495,0.9588527603910728,1.0,0.9597951587109729,0.9625199576544547,0.9625025857839836,0.9636866145350473,0.9611731329011948
3,7,1.9986750909776398,0.27360211183105354,4167,2.240065234048026,0.23529411764705882,833,2.244003078605555,0.2363,0.981335921691784,0.08322730102264395,,,0.99,,0.9900232707827895,0.00997672921721049,0.9784988296331695,0.14726921447623087,10,0.025,0.15,0.9604671942232827,0.9655155197837714,0.9519599682538271,0.9577626912210159,0.9587205486756305,0.957631929691328,0.9597951587109729,1.0,0.9584777079508471,0.9639347051316388,0.9610904568979239,0.966239050982349
3,8,2.008431052800381,0.2756120979356697,4166,2.2487567152295793,0.22929171668667467,833,2.2439901194994962,0.2363,0.9820287256681322,0.08332933760632223,,,0.99,,0.9900232707827895,0.00997672921721049,0.9784774076553477,0.14726921447623087,10,0.025,0.15,0.9580517329378037,0.9658254881115774,0.9553551547393053,0.9638066231140902,0.9621620720183475,0.9558166946981782,0.9625199576544547,0.9584777079508471,1.0,0.9624676328075111,0.9648169235337399,0.9604435754184922
3,9,2.0122062968485284,0.26488238118098895,4166,2.2407050132751465,0.2545018007202881,833,2.243984433669078,0.2368,0.9839828415832725,0.08358950837344985,,,0.99,,0.9900232707827895,0.00997672921721049,0.9785822022649214,0.14726921447623087,10,0.025,0.15,0.9626360324144734,0.9623862317497403,0.9606857984609009,0.968426041349134,0.962369377931027,0.9568094693184646,0.9625025857839836,0.9639347051316388,0.9624676328075111,1.0,0.9653317324338142,0.9651053629131701
3,10,2.0184632669795644,0.26361017762842054,4166,2.2428568431309293,0.24129651860744297,833,2.243983621838727,0.2367,0.9837506112426381,0.08348059564780622,,,0.99,,0.9900232707827895,0.00997672921721049,0.9785795733228839,0.14726921447623087,10,0.025,0.15,0.9635322100917045,0.9630720734773851,0.9595837995781705,0.9656828229702985,0.9589460009149439,0.9592706948932013,0.9636866145350473,0.9610904568979239,0.9648169235337399,0.9653317324338142,1.0,0.9649603466117683
3,11,1.9846630909226157,0.28377340374459914,4166,2.244152239390782,0.24849939975990396,833,2.243984765644315,0.2368,0.9819787421794873,0.0834906338423952,,,0.99,,0.9900232707827895,0.00997672921721049,0.9785847169851863,0.14726921447623087,10,0.025,0.15,0.9590566730382134,0.9651970442149251,0.9513141591240992,0.9607039843025286,0.9543056404565997,0.9604952717846593,0.9611731329011948,0.966239050982349,0.9604435754184922,0.9651053629131701,0.9649603466117683,1.0
4,0,1.947699982469732,0.3022318214542837,4167,2.2164216382162913,0.24100719424460432,834,2.2148974575573885,0.2629,0.9791837330121355,0.08342515692304771,,,0.99,,0.9900232707827895,0.00997672921721049,0.9867916364686623,0.14686997448790198,10,0.025,0.15,1.0,0.9567491485792214,0.9539145318736544,0.9543198089695529,0.9505720224773697,0.9555899071540971,0.9551525098235434,0.9557807205779636,0.9526473575373954,0.9563867322116891,0.9581564312782366,0.9556423645480132
4,1,1.9418032198241262,0.29916006719462446,4167,2.206820011138916,0.2805755395683453,834,2.2148959727226933,0.2628,0.9805505770227281,0.0834804073204461,,,0.99,,0.9900232707827895,0.00997672921721049,0.9867916364686623,0.14686997448790198,10,0.025,0.15,0.9567491485792214,1.0,0.9501788431841818,0.9544302947620615,0.956042007279485,0.956004547471752,0.9562959971644053,0.9589470370883343,0.9598010308314973,0.9556577774237646,0.9561153342391718,0.9607229893768428
4,2,1.9353898098974518,0.3018718502519798,4167,2.2125462123325894,0.27817745803357313,834,2.2158905403523503,0.2609,0.9764322496328751,0.08288809083345361,,,0.99,,0.9900232707827895,0.00997672921721049,0.9867916364686623,0.14686997448790198,10,0.025,0.15,0.9539145318736544,0.9501788431841818,1.0,0.949667640776891,0.952369783171666,0.9575961116577552,0.954933112287613,0.9466553697548128,0.950297596388411,0.955621113596769,0.952825385534897,0.9489579560884186
4,3,1.939740149902575,0.2976001919846412,4167,2.2232233796800887,0.2685851318944844,834,2.214896654780907,0.2628,0.979142540288225,0.08337925599607121,,,0.99,,0.9900232707827895,0.00997672921721049,0.9867916364686623,0.14686997448790198,10,0.025,0.15,0.9543198089695529,0.9544302947620615,0.949667640776891,1.0,0.9485206875122699,0.9540304412937312,0.9564037161093217,0.9518226783971451,0.958370804972534,0.9608001497126969,0.9587679606541687,0.9572818108381821
4,4,1.9511042547948432,0.2999760019198464,4167,2.222634587969099,0.2424969987995198,833,2.214904607096805,0.2628,0.9768012455564132,0.08319283757587895,,,0.99,,0.9900232707827895,0.00997672921721049,0.9867916364686623,0.14686997448790198,10,0.025,0.15,0.9505720224773697,0.956042007279485,0.952369783171666,0.9485206875122699,1.0,0.9499625052437828,0.954628075927675,0.952281054375191,0.9560648327279335,0.9560731484504482,0.9537932457922769,0.9467695149002835
4,5,1.9406112909317017,0.30590352771778256,4167,2.21888382094247,0.23529411764705882,833,2.2149065265172645,0.2628,0.9784363809847675,0.08325024910178647,,,0.99,,0.9900232707827895,0.00997672921721049,0.9867916364686623,0.14686997448790198,10,0.025,0.15,0.9555899071540971,0.956004547471752,0.9575961116577552,0.9540304412937312,0.9499625052437828,1.0,0.9559825979561005,0.9525168140815943,0.9509739967636737,0.9536532003797127,0.9539473293091888,0.9560407754013716
4,6,1.9596117301420732,0.2904727621790257,4167,2.2185257843562534,0.2545018007202881,833,2.214921875845028,0.2635,0.9796882330927021,0.08331929375951759,,,0.99,,0.9900232707827895,0.00997672921721049,0.9867916364686623,0.14686997448790198,10,0.025,0.15,0.9551525098235434,0.9562959971644053,0.954933112287613,0.9564037161093217,0.954628075927675,0.9559825979561005,1.0,0.9538247711623475,0.9550903243513794,0.9559240992847191,0.9585974612200195,0.9541258496678288
4,7,1.942090104565476,0.29721622270218384,4167,2.2099197251456126,0.2725090036014406,833,2.2149217883242835,0.2632,0.9782772352507689,0.08324007887973947,,,0.99,,0.9900232707827895,0.00997672921721049,0.9867916364686623,0.14686997448790198,10,0.025,0.15,0.9557807205779636,0.9589470370883343,0.9466553697548128,0.9518226783971451,0.952281054375191,0.9525168140815943,0.9538247711623475,1.0,0.9505132035439217,0.956241975742409,0.9545820677350092,0.9611699145926306
4,8,1.9521344264348348,0.2974795967354777,4166,2.2208730152675082,0.2533013205282113,833,2.2149036534224886,0.2626,0.979038343570649,0.08332787861562273,,,0.99,,0.9900232707827895,0.00997672921721049,0.9867916364686623,0.14686997448790198,10,0.025,0.15,0.9526473575373954,0.9598010308314973,0.950297596388411,0.958370804972534,0.9560648327279335,0.9509739967636737,0.9550903243513794,0.9505132035439217,1.0,0.9546263062290959,0.9590953822991919,0.9557711224614512
4,9,1.9553673216790863,0.28840614498319733,4166,2.2097764696393694,0.28211284513805523,833,2.214896914325183,0.2629,0.9807203293730267,0.08354333633200024,,,0.99,,0.9900232707827895,0.00997672921721049,0.9867916364686623,0.14686997448790198,10,0.025,0.15,0.9563867322116891,0.9556577774237646,0.955621113596769,0.9608001497126969,0.9560731484504482,0.9536532003797127,0.9559240992847191,0.956241975742409,0.9546263062290959,1.0,0.958030651148946,0.9598992491718507
4,10,1.9642993822242274,0.28482957273163706,4166,2.2136832986559187,0.26770708283313327,833,2.2148957433579843,0.2628,0.9809641559013178,0.0834839691362238,,,0.99,,0.9900232707827895,0.00997672921721049,0.9867916364686623,0.14686997448790198,10,0.025,0.15,0.9581564312782366,0.9561153342391718,0.952825385534897,0.9587679606541687,0.9537932457922769,0.9539473293091888,0.9585974612200195,0.9545820677350092,0.9590953822991919,0.958030651148946,1.0,0.9618947472449412
4,11,1.9261120424126135,0.30772923667786845,4166,2.2153478349958147,0.27490996398559425,833,2.2148974575573885,0.2629,0.9803268355596538,0.08346944552621215,,,0.99,,0.9900232707827895,0.00997672921721049,0.9867916364686623,0.14686997448790198,10,0.025,0.15,0.9556423645480132,0.9607229893768428,0.9489579560884186,0.9572818108381821,0.9467695149002835,0.9560407754013716,0.9541258496678288,0.9611699145926306,0.9557711224614512,0.9598992491718507,0.9618947472449412,1.0
5,0,1.9025151574250423,0.31927045836333096,4167,2.182389395577567,0.26139088729016785,834,2.180574383916734,0.2888,0.9774544228433442,0.08341844591591688,,,0.99,,0.9900232707827895,0.00997672921721049,0.991545173068895,0.1464880817097089,10,0.025,0.15,1.0,0.9547627241820957,0.9495546577157389,0.9505553540852405,0.9437511845092315,0.9503684880652463,0.9500549318893996,0.951169189923024,0.9473653991216471,0.9528496998313252,0.9529033416776519,0.9514091546251794
5,1,1.898670585227735,0.3149988000959923,4167,2.1700119291033064,0.3117505995203837,834,2.1805725248554086,0.2887,0.9781235456567196,0.0834744008487913,,,0.99,,0.9900232707827895,0.00997672921721049,0.991545173068895,0.1464880817097089,10,0.025,0.15,0.9547627241820957,1.0,0.9456447181112372,0.9502510712693872,0.948745094633698,0.9496873596944293,0.9489445444817602,0.953643904240993,0.9525274727042249,0.9515532248860272,0.9519089178088095,0.9548759170482187
5,2,1.8881238782044614,0.319150467962563,4167,2.1778082847595215,0.2973621103117506,834,2.1817882121363774,0.2864,0.9750100113183988,0.08300669222991496,,,0.99,,0.9900232707827895,0.00997672921721049,0.991545173068895,0.1464880817097089,10,0.025,0.15,0.9495546577157389,0.9456447181112372,1.0,0.9454693579019958,0.9471089487902069,0.9520869486641544,0.9491631535777016,0.94328328486202,0.9444428736773565,0.9543641078184063,0.9498265132498926,0.9455069858682515
5,3,1.8897264368606337,0.3137269018478522,4167,2.192014353615897,0.2841726618705036,834,2.1805734242065045,0.2888,0.9763449859596324,0.08335394011833416,,,0.99,,0.9900232707827895,0.00997672921721049,0.991545173068895,0.1464880817097089,10,0.025,0.15,0.9505553540852405,0.9502510712693872,0.9454693579019958,1.0,0.9415187024271826,0.9480714387330471,0.9497068045724233,0.9440359606524358,0.9516984394661775,0.9556434394610693,0.9541452406157345,0.9506383053765121
5,4,1.9047643094351798,0.31627069834413246,4167,2.1906514848981584,0.26770708283313327,833,2.1805841228629967,0.2885,0.9730049615332621,0.08312991032298965,,,0.99,,0.9900232707827895,0.00997672921721049,0.991545173068895,0.1464880817097089,10,0.025,0.15,0.9437511845092315,0.948745094633698,0.9471089487902069,0.9415187024271826,1.0,0.9431184478126903,0.9477736810107125,0.9449133839177892,0.9481316444609597,0.950515634548463,0.9477962081703944,0.9394072434022512
5,5,1.8928313034953492,0.3252219822414207,4167,2.185453108378819,0.25570228091236497,833,2.1805863108816026,0.2884,0.975591144312863,0.0832496082331167,,,0.99,,0.9900232707827895,0.00997672921721049,0.991545173068895,0.1464880817097089,10,0.025,0.15,0.9503684880652463,0.9496873596944293,0.9520869486641544,0.9480714387330471,0.9431184478126903,1.0,0.9499865037601797,0.9485370622566155,0.9430763589925543,0.9496114855365995,0.9493985211567826,0.9491076380626923
5,6,1.9148927652474605,0.3083993280537557,4167,2.1843279089246477,0.2893157262905162,833,2.1806040625028973,0.2878,0.9766958386145765,0.08332827426067767,,,0.99,,0.9900232707827895,0.00997672921721049,0.991545173068895,0.1464880817097089,10,0.025,0.15,0.9500549318893996,0.9489445444817602,0.9491631535777016,0.9497068045724233,0.9477736810107125,0.9499865037601797,1.0,0.948627965818555,0.949601453388905,0.9508049126037856,0.953732580289823,0.9475434728200286
5,7,1.8965109850421096,0.31305495560355173,4167,2.1744632720947266,0.30612244897959184,833,2.180606497993952,0.2884,0.9757094748744997,0.08324716988475823,,,0.99,,0.9900232707827895,0.00997672921721049,0.991545173068895,0.1464880817097089,10,0.025,0.15,0.951169189923024,0.953643904240993,0.94328328486202,0.9440359606524358,0.9449133839177892,0.9485370622566155,0.948627965818555,1.0,0.9431524746907255,0.9516057159100573,0.9497020049376581,0.9557060821727422
5,8,1.9006708650877981,0.31507441190590496,4166,2.1875197206224715,0.27611044417767105,833,2.1805821732629704,0.2884,0.9751992493543631,0.08328486541311268,,,0.99,,0.9900232707827895,0.00997672921721049,0.991545173068895,0.1464880817097089,10,0.025,0.15,0.9473653991216471,0.9525274727042249,0.9444428736773565,0.9516984394661775,0.9481316444609597,0.9430763589925543,0.949601453388905,0.9431524746907255,1.0,0.9484457107951505,0.9519817153358298,0.9479390379304297
5,9,1.9133023778597513,0.30626500240038407,4166,2.173412254878453,0.3085234093637455,833,2.1805736294275597,0.2888,0.9791627730097212,0.08354715313750871,,,0.99,,0.9900232707827895,0.00997672921721049,0.991545173068895,0.1464880817097089,10,0.025,0.15,0.9528496998313252,0.9515532248860272,0.9543641078184063,0.9556434394610693,0.950515634548463,0.9496114855365995,0.9508049126037856,0.9516057159100573,0.9484457107951505,1.0,0.9546596570267025,0.9546752857581076
5,10,1.9180429137114323,0.3003120499279885,4166,2.179440907069615,0.304921968787515,833,2.180572232113609,0.2887,0.9791787626848271,0.08351095448067047,,,0.99,,0.9900232707827895,0.00997672921721049,0.991545173068895,0.1464880817097089,10,0.025,0.15,0.9529033416776519,0.9519089178088095,0.9498265132498926,0.9541452406157345,0.9477962081703944,0.9493985211567826,0.953732580289823,0.9497020049376581,0.9519817153358298,0.9546596570267025,1.0,0.9588567209336284
5,11,1.878724145528042,0.32460393662986076,4166,2.181432383401053,0.29531812725090034,833,2.1805743326114704,0.2888,0.9775387870649687,0.08344858515420876,,,0.99,,0.9900232707827895,0.00997672921721049,0.991545173068895,0.1464880817097089,10,0.025,0.15,0.9514091546251794,0.9548759170482187,0.9455069858682515,0.9506383053765121,0.9394072434022512,0.9491076380626923,0.9475434728200286,0.9557060821727422,0.9479390379304297,0.9546752857581076,0.9588567209336284,1.0
6,0,1.8629359783548298,0.33141348692104633,4167,2.1441452162606374,0.2841726618705036,834,2.1418911505349074,0.3081,0.9744047011251109,0.08340889058553443,,,0.99,,0.9900232707827895,0.00997672921721049,0.9937127111110027,0.14605585980670022,10,0.025,0.15,1.0,0.9474080456237152,0.9450746535764205,0.9472733726950979,0.936322860474851,0.9439749660746587,0.9419076241610747,0.9441392562711911,0.9441473277920117,0.9449762326061656,0.9455170579282073,0.944576551108045
6,1,1.85399598569581,0.33246940244780415,4167,2.1285641874585832,0.3381294964028777,834,2.1418891134141367,0.308,0.9755777841765445,0.0834817687840811,,,0.99,,0.9900232707827895,0.00997672921721049,0.9937127111110027,0.14605585980670022,10,0.025,0.15,0.9474080456237152,1.0,0.9396452406917932,0.9447611268528461,0.9416478722036771,0.9446950168021966,0.9433201115395484,0.9482743425819986,0.9486832314378538,0.9461972971167646,0.9457739855636204,0.9485740710079896
6,2,1.847112283923409,0.33352531797456203,4167,2.1388398579188754,0.31894484412470026,834,2.143316673327096,0.3073,0.9728784617460231,0.08310419025078666,,,0.99,,0.9900232707827895,0.00997672921721049,0.9937127111110027,0.14605585980670022,10,0.025,0.15,0.9450746535764205,0.9396452406917932,1.0,0.941205534007078,0.9396849209325935,0.9455549383073787,0.9430746127149414,0.9397630253081474,0.9410338953823985,0.9492935595319676,0.9447168213459651,0.9387257234943136
6,3,1.848872305768909,0.3277897768178546,4167,2.156459774289812,0.2949640287769784,834,2.14189009726802,0.3081,0.9736136792962551,0.08334316893886533,,,0.99,,0.9900232707827895,0.00997672921721049,0.9937127111110027,0.14605585980670022,10,0.025,0.15,0.9472733726950979,0.9447611268528461,0.941205534007078,1.0,0.9329790317316874,0.9431720296675347,0.9423863232916596,0.9388213911361865,0.9467210639766032,0.948751912672552,0.9464763902719158,0.9435340007535202
6,4,1.866565958658854,0.3308615310775138,4167,2.1542789936065674,0.2893157262905162,833,2.1419037867196,0.3081,0.9689537985159478,0.08305258365749962,,,0.99,,0.9900232707827895,0.00997672921721049,0.9937127111110027,0.14605585980670022,10,0.025,0.15,0.936322860474851,0.9416478722036771,0.9396849209325935,0.9329790317316874,1.0,0.9366578243217522,0.9388333774187494,0.9374839880233503,0.9437600079768123,0.9444141690575545,0.9394209998817185,0.9306536679432559
6,5,1.852149897633177,0.3353011759059275,4167,2.1478074278150285,0.27611044417767105,833,2.1419062041029147,0.308,0.9728207646865904,0.08325272504132016,,,0.99,,0.9900232707827895,0.00997672921721049,0.9937127111110027,0.14605585980670022,10,0.025,0.15,0.9439749660746587,0.9446950168021966,0.9455549383073787,0.9431720296675347,0.9366578243217522,1.0,0.9428068276102008,0.9448172833880023,0.9392987275296769,0.9404482193619821,0.9425734396337765,0.9429511097888446
6,6,1.875907602815917,0.3234701223902088,4167,2.1457134996141707,0.29891956782713086,833,2.1419263067124765,0.3084,0.9729906820453403,0.08330697311733855,,,0.99,,0.9900232707827895,0.00997672921721049,0.9937127111110027,0.14605585980670022,10,0.025,0.15,0.9419076241610747,0.9433201115395484,0.9430746127149414,0.9423863232916596,0.9388333774187494,0.9428068276102008,1.0,0.9439674345369672,0.9445426426042555,0.9425520341836238,0.9462272503211883,0.939257862665135
6,7,1.855207418311726,0.325845932325414,4167,2.1349597658429826,0.33133253301320525,833,2.1419304835645456,0.3079,0.97365507672464,0.08327840526869866,,,0.99,,0.9900232707827895,0.00997672921721049,0.9937127111110027,0.14605585980670022,10,0.025,0.15,0.9441392562711911,0.9482743425819986,0.9397630253081474,0.9388213911361865,0.9374839880233503,0.9448172833880023,0.9439674345369672,1.0,0.9390899752352196,0.9471785768595231,0.9439991526140318,0.9491113482833443
6,8,1.8611594926227222,0.3304608737397984,4166,2.1495044231414795,0.2965186074429772,833,2.141901028307178,0.308,0.9741123885330095,0.08331665028189641,,,0.99,,0.9900232707827895,0.00997672921721049,0.9937127111110027,0.14605585980670022,10,0.025,0.15,0.9441473277920117,0.9486832314378538,0.9410338953823985,0.9467210639766032,0.9437600079768123,0.9392987275296769,0.9445426426042555,0.9390899752352196,1.0,0.9436785934883741,0.9468051610895598,0.9442229423237827
6,9,1.8705013354619344,0.3228036485837734,4166,2.1326562336512973,0.32533013205282113,833,2.1418902723095083,0.3081,0.9757926116203391,0.08353381864657466,,,0.99,,0.9900232707827895,0.00997672921721049,0.9937127111110027,0.14605585980670022,10,0.025,0.15,0.9449762326061656,0.9461972971167646,0.9492935595319676,0.948751912672552,0.9444141690575545,0.9404482193619821,0.9425520341836238,0.9471785768595231,0.9436785934883741,1.0,0.94632613725742,0.9476645740743315
6,10,1.8773316141330834,0.31507441190590496,4166,2.1410073212214877,0.3277310924369748,833,2.1418887995466402,0.308,0.9756143991958598,0.08350559630068645,,,0.99,,0.9900232707827895,0.00997672921721049,0.9937127111110027,0.14605585980670022,10,0.025,0.15,0.9455170579282073,0.9457739855636204,0.9447168213459651,0.9464763902719158,0.9394209998817185,0.9425734396337765,0.9462272503211883,0.9439991526140318,0.9468051610895598,0.94632613725742,1.0,0.9515520164219908
