round,client_id,client_i_training_loss,client_i_training_accuracy,client_i_training_dataset_size,client_i_evaluation_loss,client_i_evaluation_accuracy,client_i_evaluation_dataset_size,client_i_central_evaluation_loss,client_i_central_evaluation_accuracy,client_i_cosine_similarity,client_i_importance_coefficient,client_i_tanh_val,tanh_normalization_value,client_i_q,client_i_mask_order,client_i_v_nonzero_fraction,client_i_v_sparsity,client_i_v_cosine_similarity,client_i_reward_gradient_norm,local_epochs,learning_rate,gamma,client_0_cosine_similarity,client_1_cosine_similarity,client_2_cosine_similarity,client_3_cosine_similarity,client_4_cosine_similarity,client_5_cosine_similarity,client_6_cosine_similarity,client_7_cosine_similarity,client_8_cosine_similarity,client_9_cosine_similarity,client_10_cosine_similarity,client_11_cosine_similarity
0,0,2.290420607364539,0.13441324694024478,4167,2.298841646739415,0.11031175059952038,834,2.29762342308141,0.1088,0.9749843136747807,0.08380587355324083,,,0.937072864444541,,0.9371028700632107,0.06289712993678931,0,0.1454214351683129,10,0.025,0.15,1.0,0.9493095989700933,0.9176918419024636,0.9429322197541792,0.9375965274105739,0.9258126512224054,0.935153574039649,0.9552803636959553,0.9205137205279682,0.9706231415571659,0.9461014520059373,0.9417929811390106
0,1,2.290980915589766,0.1369330453563715,4167,2.2994330610547746,0.11270983213429256,834,2.2976233778120596,0.1088,0.9768491479863833,0.08396616748445997,,,0.9649691231159514,,0.9650030532587348,0.03499694674126519,0,0.14542287189218148,10,0.025,0.15,0.9493095989700933,1.0,0.9103656415575299,0.9295420688951818,0.9579414258607718,0.936951414367659,0.9307732982996746,0.9659222190684251,0.9382222053424388,0.9488727914756246,0.9437187729757932,0.9528831955154786
0,2,2.290232453201756,0.13506119510439166,4167,2.3006841114589145,0.09952038369304557,834,2.2976666160776644,0.1089,0.9524513621944235,0.0818690283588534,,,0.6,,0.6000148536911423,0.39998514630885773,0,0.14500277993278837,10,0.025,0.15,0.9176918419024636,0.9103656415575299,1.0,0.9362176555555266,0.8783360626590665,0.9040173724524223,0.949426630925701,0.8902017813270543,0.9246298224235209,0.9220201123263327,0.9359147850959485,0.9118423483994303
0,3,2.2890001968903975,0.13503719702423805,4167,2.297938278743199,0.11031175059952038,834,2.297624542743345,0.1088,0.9712423210585388,0.08348422636811645,,,0.8810959911535968,,0.8811539667607401,0.11884603323925991,0,0.14541401157684541,10,0.025,0.15,0.9429322197541792,0.9295420688951818,0.9362176555555266,1.0,0.9188187176483436,0.9230842895559023,0.9278227994727201,0.9279406106533865,0.948087146833388,0.9462763599512901,0.9542544441131893,0.9443048434371706
0,4,2.2900941473065,0.15130789536837053,4167,2.296405008860997,0.11164465786314526,833,2.297628761846808,0.109,0.9655921023946822,0.08299855546628768,,,0.7965737575072658,,0.7966117080094404,0.20338829199055963,0,0.14536527705550786,10,0.025,0.15,0.9375965274105739,0.9579414258607718,0.8783360626590665,0.9188187176483436,1.0,0.9099435942745531,0.9186605271079488,0.9586800150572974,0.9342549954158798,0.9450796544162309,0.9370380185692141,0.9371936989325539
0,5,2.2914059906294852,0.14206863450923926,4167,2.2977851799556186,0.11884753901560624,833,2.297634326958958,0.109,0.9593343898687898,0.08246066674610834,,,0.702963957308134,,0.7030086976613689,0.29699130233863114,0,0.1453048270335852,10,0.025,0.15,0.9258126512224054,0.936951414367659,0.9040173724524223,0.9230842895559023,0.9099435942745531,1.0,0.8963999290525667,0.9158898063302172,0.9378042072106327,0.9367112587600416,0.9200695085074114,0.9540626477788224
0,6,2.291397228385463,0.14202063834893208,4167,2.297457422528948,0.1092436974789916,833,2.2976310434220713,0.109,0.9622261772158278,0.0827092335808252,,,0.7462225177892274,,0.7462494429865821,0.25375055701341787,0,0.14533807583957467,10,0.025,0.15,0.935153574039649,0.9307732982996746,0.949426630925701,0.9278227994727201,0.9186605271079488,0.8963999290525667,1.0,0.9205067144843171,0.9286139346719104,0.9325929254551818,0.9363347945637163,0.9180935273574352
0,7,2.2902286471742572,0.1390688744900408,4167,2.2935284887041365,0.12004801920768307,833,2.297624621210219,0.1088,0.9710464327929488,0.08346738857187055,,,0.8781656773484545,,0.8781997326335594,0.12180026736644056,0,0.14541371274811948,10,0.025,0.15,0.9552803636959553,0.9659222190684251,0.8902017813270543,0.9279406106533865,0.9586800150572974,0.9158898063302172,0.9205067144843171,1.0,0.9289649329727355,0.9582460548584363,0.9409414306209472,0.9344211901016263
0,8,2.2910106442191385,0.14095055208833412,4166,2.2996071066175188,0.09483793517406963,833,2.297624723820747,0.1088,0.9698044626598116,0.08336063363184254,,,0.8595869114599246,,0.8596326187057484,0.14036738129425164,0,0.14540968253150743,10,0.025,0.15,0.9205137205279682,0.9382222053424388,0.9246298224235209,0.948087146833388,0.9342549954158798,0.9378042072106327,0.9286139346719104,0.9289649329727355,1.0,0.9322399463914044,0.9435925995868247,0.945638019941359
0,9,2.289776979070721,0.13379740758521363,4166,2.2963776929037913,0.11764705882352941,833,2.2976233929018433,0.1088,0.979190923692719,0.08416745744982927,,,0.9999999998259681,,1.0,0.0,0,0.14542295733791877,10,0.025,0.15,0.9706231415571659,0.9488727914756246,0.9220201123263327,0.9462763599512901,0.9450796544162309,0.9367112587600416,0.9325929254551818,0.9582460548584363,0.9322399463914044,1.0,0.946508620884283,0.9525848516185552
0,10,2.293332808667963,0.1355256841094575,4166,2.2962582451956615,0.11164465786314526,833,2.2976233959198,0.1088,0.976061439282622,0.08389845909664458,,,0.9531857032050619,,0.9532273770031853,0.04677262299681473,0,0.145422759483981,10,0.025,0.15,0.9461014520059373,0.9437187729757932,0.9359147850959485,0.9542544441131893,0.9370380185692141,0.9200695085074114,0.9363347945637163,0.9409414306209472,0.9435925995868247,0.946508620884283,1.0,0.9508786166781706
0,11,2.2915175893089987,0.15333653384541526,4166,2.2994729791368758,0.08763505402160865,833,2.297623356686363,0.1088,0.9750591906969722,0.08381230969192104,,,0.9381929579384275,,0.9382334010001485,0.061766598999851485,0,0.14542249280271088,10,0.025,0.15,0.9417929811390106,0.9528831955154786,0.9118423483994303,0.9443048434371706,0.9371936989325539,0.9540626477788224,0.9180935273574352,0.9344211901016263,0.945638019941359,0.9525848516185552,0.9508786166781706,1.0
1,0,2.167123147935578,0.21259899208063354,4167,2.2874439103262767,0.13069544364508393,834,2.286456053770041,0.1292,0.988664792625602,0.08371280071705771,,,0.9497210737809464,,0.9497615157366606,0.050238484263339434,0.8229110092695743,0.14789241649938975,10,0.025,0.15,1.0,0.9767061364337164,0.9719414367597012,0.9749915867430761,0.9656725480306926,0.9736278342589314,0.9701251414110809,0.9693133568374384,0.9703446189278198,0.9763353497572999,0.9739456560436318,0.9740318281785022
1,1,2.168376904184168,0.21048716102711784,4167,2.2874318190983365,0.12829736211031176,834,2.286455709722978,0.1292,0.9880493763167618,0.08379162212838219,,,0.970843579649481,,0.9708867653611922,0.029113234638807772,0.8229109606155831,0.14789284402821812,10,0.025,0.15,0.9767061364337164,1.0,0.9696322093575258,0.9714395369470032,0.9701880615045022,0.9696440948089795,0.9689516269299963,0.970465921653382,0.9753099055451302,0.9699709697895724,0.9705445521958204,0.9768569541822472
1,2,2.164752560673338,0.21579073674106072,4167,2.289924757821219,0.12589928057553956,834,2.2866141856471196,0.1295,0.9852290430240677,0.08240777049115111,,,0.6,,0.6000148536911423,0.39998514630885773,0.8217765807650464,0.1473422039596604,10,0.025,0.15,0.9719414367597012,0.9696322093575258,1.0,0.9714715167295789,0.964406381968911,0.9712429563576982,0.970315178724101,0.9600719264844972,0.9699544181477939,0.9712130465792659,0.9704638032246063,0.966489597693138
1,3,2.1670095804965857,0.21363090952723782,4167,2.28801315171378,0.12470023980815348,834,2.2864566573613807,0.1292,0.9875784406178056,0.08347934824576793,,,0.8871606462019144,,0.8872027198758892,0.11279728012411083,0.8230304263297158,0.14788505659408024,10,0.025,0.15,0.9749915867430761,0.9714395369470032,0.9714715167295789,1.0,0.963460386136933,0.9706224519822297,0.9711965821109989,0.9652242111690366,0.9745183188381382,0.9751285861807065,0.9726111684131119,0.9736425514905919
1,4,2.175558537064177,0.21293496520278377,4167,2.285834380558559,0.1404561824729892,833,2.286474019666261,0.13,0.98304155402144,0.08303289858242381,,,0.7675213822566046,,0.7675727418263438,0.23242725817365617,0.8233666173691067,0.1478012262485261,10,0.025,0.15,0.9656725480306926,0.9701880615045022,0.964406381968911,0.963460386136933,1.0,0.9588367060775282,0.971737186643841,0.9665688624385705,0.9678501873362731,0.9700400739457337,0.9690418037674061,0.9629949677574676
1,5,2.1731764237085978,0.20883129349652027,4167,2.286749397005354,0.13445378151260504,833,2.2865142128135583,0.1299,0.9828402700660456,0.08269489266321224,,,0.6769427959032749,,0.6769734779092604,0.32302652209073957,0.8227942743052375,0.1476207120801568,10,0.025,0.15,0.9736278342589314,0.9696440948089795,0.9712429563576982,0.9706224519822297,0.9588367060775282,1.0,0.9599784782817938,0.9584246572994474,0.9622486993822874,0.9697691887245057,0.9618906941813524,0.9723859074537137
1,6,2.1807463035439,0.20943124550035996,4167,2.2866676534925188,0.1332533013205282,833,2.2864863540552838,0.1299,0.986148712454784,0.08295538139648094,,,0.7467483817802474,,0.7467858262778301,0.2532141737221699,0.8231774905227792,0.14776328832209265,10,0.025,0.15,0.9701251414110809,0.9689516269299963,0.970315178724101,0.9711965821109989,0.971737186643841,0.9599784782817938,1.0,0.9700553601823552,0.9694376390392074,0.9699787271165001,0.975437756665613,0.970438002091665
1,7,2.1708909609101035,0.21365490760739142,4167,2.2817254066467285,0.13805522208883553,833,2.2864594399174556,0.1292,0.9827947187924064,0.0833138139944515,,,0.842800895010947,,0.842831443613738,0.15716855638626204,0.82296092740624,0.14786473317319043,10,0.025,0.15,0.9693133568374384,0.970465921653382,0.9600719264844972,0.9652242111690366,0.9665688624385705,0.9584246572994474,0.9700553601823552,1.0,0.9625990025338895,0.9681689355131795,0.9703426182410027,0.9663272691855506
1,8,2.1731579433787953,0.21560249639942392,4166,2.2890071187700545,0.11164465786314526,833,2.2864602517478074,0.1292,0.9858169627895005,0.08334605069540799,,,0.8514396632554356,,0.8514878447294153,0.1485121552705847,0.8228624558990371,0.1478679713598249,10,0.025,0.15,0.9703446189278198,0.9753099055451302,0.9699544181477939,0.9745183188381382,0.9678501873362731,0.9622486993822874,0.9694376390392074,0.9625990025338895,1.0,0.9710302605585462,0.9690640629738321,0.971117653604528
1,9,2.169762790564335,0.20499279884781565,4166,2.2838888508932933,0.1368547418967587,833,2.2864557399025447,0.1292,0.9875793463497607,0.0839004231482223,,,0.9999999997320207,,1.0,0.0,0.8229148137317658,0.14789292545480376,10,0.025,0.15,0.9763353497572999,0.9699709697895724,0.9712130465792659,0.9751285861807065,0.9700400739457337,0.9697691887245057,0.9699787271165001,0.9681689355131795,0.9710302605585462,1.0,0.9682808400326872,0.9742274969526518
1,10,2.181532706636371,0.21041766682669227,4166,2.2849434443882535,0.14285714285714285,833,2.2864556916152377,0.1292,0.9864947098862072,0.08369947149936574,,,0.9461491194833693,,0.9461966298625208,0.053803370137479156,0.8229225942247983,0.1478923050733379,10,0.025,0.15,0.9739456560436318,0.9705445521958204,0.9704638032246063,0.9726111684131119,0.9690418037674061,0.9618906941813524,0.975437756665613,0.9703426182410027,0.9690640629738321,0.9682808400326872,1.0,0.9697678397742434
1,11,2.1649052410414726,0.21881901104176668,4166,2.2884418623788014,0.10804321728691477,833,2.2864562469192697,0.1292,0.9870849774303373,0.08366552643807651,,,0.9370525460493073,,0.9370946180125761,0.0629053819874239,0.8229068894834947,0.14789036264589578,10,0.025,0.15,0.9740318281785022,0.9768569541822472,0.966489597693138,0.9736425514905919,0.9629949677574676,0.9723859074537137,0.970438002091665,0.9663272691855506,0.971117653604528,0.9742274969526518,0.9697678397742434,1.0
2,0,2.0743551723884814,0.25305975521958246,4167,2.270140681947981,0.17146282973621102,834,2.26920880245257,0.1688,0.982382110336373,0.08356167183920137,,,0.9254212516996503,,0.9254674786684491,0.07453252133155086,0.9613271288770628,0.14737945040940797,10,0.025,0.15,1.0,0.9663089055579862,0.9592422364653839,0.9623663305050536,0.9572808867274805,0.963716433237587,0.9623130270247523,0.9603723347758661,0.9585434433402304,0.9656102295350207,0.9676865573199537,0.9593746955490646
2,1,2.074893905538501,0.249652027837773,4167,2.2689362594059537,0.18345323741007194,834,2.2692072934742216,0.1686,0.9834825241356485,0.0836460485383592,,,0.9558187715852636,,0.9558515291049826,0.04414847089501739,0.9613787468524148,0.1473843797491498,10,0.025,0.15,0.9663089055579862,1.0,0.9563589097267406,0.961542612402281,0.965430055790605,0.9617744727629666,0.9630243318610109,0.9651378847518965,0.9651657060720917,0.96203866832362,0.963728906047436,0.9652530454658925
2,2,2.0663287404811745,0.2592272618190545,4167,2.273287500653948,0.1510791366906475,834,2.269628470457053,0.168,0.9793645234406346,0.08265837541378396,,,0.6,,0.6000148536911423,0.39998514630885773,0.9587379445826855,0.14680836670624087,10,0.025,0.15,0.9592422364653839,0.9563589097267406,1.0,0.9576980560576072,0.9574191429910748,0.9633747849058412,0.9630512040952437,0.9551468638090106,0.9595604017768247,0.9623789682286901,0.9623347451846666,0.9514480924993964
2,3,2.0724360119212757,0.2519318454523638,4167,2.2725958142961775,0.1510791366906475,834,2.269209614282922,0.1685,0.9835120300861254,0.0834543123635036,,,0.8867439648419733,,0.88679011734416,0.11320988265583998,0.9612873210205342,0.14737232036534306,10,0.025,0.15,0.9623663305050536,0.961542612402281,0.9576980560576072,1.0,0.9582938817688404,0.9637788909452984,0.9660290420427652,0.9614022129148063,0.9667409221326128,0.9706888023017134,0.9667360219232781,0.9609587470444398
2,4,2.082867149873213,0.25147588192944564,4167,2.269681249346052,0.1836734693877551,833,2.2692800020869774,0.1679,0.9809318048961482,0.08309502348444132,,,0.7573066799637744,,0.7573484510900959,0.24265154890990415,0.9609351374983531,0.14726046663700312,10,0.025,0.15,0.9572808867274805,0.965430055790605,0.9574191429910748,0.9582938817688404,1.0,0.9558738958732353,0.9653360822316696,0.9610336452820494,0.9624423826006044,0.965303494561972,0.9624981323349033,0.9551384119410398
2,5,2.079399279753367,0.24907607391408687,4167,2.269728115626744,0.1752701080432173,833,2.269395604918275,0.1674,0.9806501608810441,0.08287730356312632,,,0.678870977883433,,0.6789127098083874,0.32108729019161264,0.9602925329819696,0.1470939551067411,10,0.025,0.15,0.963716433237587,0.9617744727629666,0.9633747849058412,0.9637788909452984,0.9558738958732353,1.0,0.9579634976425502,0.9569697227400461,0.9561978311221787,0.9630879985680182,0.9601816663256788,0.9600087236631617
2,6,2.087733990495855,0.2486441084713223,4167,2.269538947514125,0.16686674669867949,833,2.2692885911917386,0.168,0.9841545444578871,0.08315185593771933,,,0.7777811195413962,,0.7778217887144956,0.2221782112855044,0.9607389443876598,0.14728405481506096,10,0.025,0.15,0.9623130270247523,0.9630243318610109,0.9630512040952437,0.9660290420427652,0.9653360822316696,0.9579634976425502,1.0,0.9629532189820016,0.9640766015723717,0.9666683167719983,0.9696566028412504,0.9629925318860699
2,7,2.075788913712357,0.24974802015838732,4167,2.263826302119664,0.18127250900360145,833,2.269223264501065,0.1683,0.9818293773773078,0.0832975183335086,,,0.8302574028848282,,0.8302965786998069,0.1697034213001931,0.9612035356011773,0.14734126369479436,10,0.025,0.15,0.9603723347758661,0.9651378847518965,0.9551468638090106,0.9614022129148063,0.9610336452820494,0.9569697227400461,0.9629532189820016,1.0,0.9625428110719364,0.9648835405491161,0.9638614251669968,0.9621215557712309
2,8,2.0793885017886304,0.25062409985597695,4166,2.27250988142831,0.15366146458583432,833,2.269219778761079,0.1682,0.9829725134428015,0.08335453656847631,,,0.8507987721084751,,0.8508441847799179,0.14915581522008214,0.9612792044953375,0.14735127423470068,10,0.025,0.15,0.9585434433402304,0.9651657060720917,0.9595604017768247,0.9667409221326128,0.9624423826006044,0.9561978311221787,0.9640766015723717,0.9625428110719364,1.0,0.9650494515681447,0.9668826888762572,0.9627222923317332
2,9,2.0790160872719503,0.24469515122419588,4166,2.264793498175485,0.18127250900360145,833,2.269207755221596,0.1686,0.9851913937846588,0.08376868572066896,,,0.9999999996397404,,1.0,0.0,0.9613774102225339,0.14738517277273863,10,0.025,0.15,0.9656102295350207,0.96203866832362,0.9623789682286901,0.9706888023017134,0.965303494561972,0.9630879985680182,0.9666683167719983,0.9648835405491161,0.9650494515681447,1.0,0.9646591531915388,0.9655690421021257
2,10,2.0875737179409373,0.24536725876140184,4166,2.2674849373953685,0.17647058823529413,833,2.26920716672004,0.1687,0.984934768383335,0.083636350241124,,,0.9523248664431291,,0.9523609116865541,0.047639088313445876,0.9613559182995404,0.14738420491831675,10,0.025,0.15,0.9676865573199537,0.963728906047436,0.9623347451846666,0.9667360219232781,0.9624981323349033,0.9601816663256788,0.9696566028412504,0.9638614251669968,0.9668826888762572,0.9646591531915388,1.0,0.9647427959879543
2,11,2.066484728726474,0.25892942870859337,4166,2.2714407444000244,0.1452581032412965,833,2.2692097380191467,0.1688,0.9813296102195475,0.08349831799608691,,,0.9025974185191277,,0.9026505586638279,0.09734944133617207,0.9613463871706418,0.1473760323475016,10,0.025,0.15,0.9593746955490646,0.9652530454658925,0.9514480924993964,0.9609587470444398,0.9551384119410398,0.9600087236631617,0.9629925318860699,0.9621215557712309,0.9627222923317332,0.9655690421021257,0.9647427959879543,1.0
3,0,2.0122281721144013,0.27878569714422846,4167,2.2467445646013533,0.19904076738609114,834,2.2457193634178063,0.1965,0.979901445766864,0.08350400693259825,,,1.0,,1.0,0.0,0.9817180737208041,0.14684956905169796,10,0.025,0.15,1.0,0.9592596388311447,0.9530893740912778,0.9546989601829742,0.9518642022977697,0.9557082897730578,0.9572228875324795,0.9533551368425903,0.9522482190887855,0.9563382837411498,0.9619272754490249,0.9559474013562661
3,1,2.009998851111441,0.2785457163426926,4167,2.24379563331604,0.21342925659472423,834,2.2457168856753578,0.1965,0.9799757727560414,0.08355856298490176,,,1.0,,1.0,0.0,0.9817514329896668,0.14684956905169796,10,0.025,0.15,0.9592596388311447,1.0,0.9473590118861661,0.9542802647150231,0.9581294023733768,0.9547447170313318,0.9557884264758099,0.9577178779004618,0.9566253570068978,0.9546290879084084,0.95580090703163,0.9581482431874864
3,2,2.0061363639253558,0.28286537077033835,4167,2.2503981249673024,0.1750599520383693,834,2.24635127828091,0.1968,0.9751585006367719,0.08279158188320626,,,1.0,,1.0,0.0,0.9772860182875419,0.14684956905169796,10,0.025,0.15,0.9530893740912778,0.9473590118861661,1.0,0.9470665220738046,0.9495395266403029,0.9578488408074005,0.9563871434512468,0.9462987873434083,0.9513724136627391,0.9515991244627929,0.9537423742150101,0.942282837558499
3,3,2.0108096505656388,0.2784737221022318,4167,2.2516133104051863,0.18225419664268586,834,2.245720824108848,0.1961,0.9791483657195275,0.08341317439774527,,,1.0,,1.0,0.0,0.9816156569482355,0.14684956905169796,10,0.025,0.15,0.9546989601829742,0.9542802647150231,0.9470665220738046,1.0,0.9489896745095392,0.9561325120646086,0.9571109780208001,0.950374200761837,0.9591643418132774,0.9626960935352189,0.9584750111386245,0.9538265758157469
3,4,2.020362541892312,0.2748020158387329,4167,2.247756242752075,0.20528211284513806,833,2.245824937578998,0.1961,0.9778633310374738,0.08314936703985362,,,1.0,,1.0,0.0,0.9807893591731213,0.14684956905169796,10,0.025,0.15,0.9518642022977697,0.9581294023733768,0.9495395266403029,0.9489896745095392,1.0,0.948687571997316,0.9600478714341154,0.9532365451464095,0.9542831914184047,0.9587180236714922,0.9560274463668916,0.9484368975841398
3,5,2.0127484422741513,0.27892968562514997,4167,2.2464330877576555,0.20888355342136855,833,2.2459927450252484,0.196,0.977441041414138,0.08300109780857928,,,1.0,,1.0,0.0,0.9794611948089571,0.14684956905169796,10,0.025,0.15,0.9557082897730578,0.9547447170313318,0.9578488408074005,0.9561325120646086,0.948687571997316,1.0,0.9506050817538981,0.9485415354734871,0.9508180498140958,0.951547771908299,0.955867610492242,0.9526983916469962
3,6,2.0244200486125368,0.27081833453323734,4167,2.245812143598284,0.19327731092436976,833,2.24583621266522,0.1961,0.9812203989962932,0.08329366580354172,,,1.0,,1.0,0.0,0.9809445973897756,0.14684956905169796,10,0.025,0.15,0.9572228875324795,0.9557884264758099,0.9563871434512468,0.9571109780208001,0.9600478714341154,0.9506050817538981,1.0,0.9544176104636797,0.9578737992672491,0.9583915530831167,0.9631031237672006,0.956431357103057
3,7,2.0146046183326027,0.27530597552195823,4167,2.239564452852522,0.20768307322929172,833,2.245740739605095,0.1962,0.9773477639996111,0.08325772678580423,,,1.0,,1.0,0.0,0.9813887700337649,0.14684956905169796,10,0.025,0.15,0.9533551368425903,0.9577178779004618,0.9462987873434083,0.950374200761837,0.9532365451464095,0.9485415354734871,0.9544176104636797,1.0,0.9542562514291113,0.9532338405604442,0.9567079713704018,0.9536221532026452
3,8,2.0203313516848014,0.2729476716274604,4166,2.2499094349997386,0.18127250900360145,833,2.245735400839697,0.1962,0.979465777565168,0.08336184315102368,,,1.0,,1.0,0.0,0.9814519301348354,0.14684956905169796,10,0.025,0.15,0.9522482190887855,0.9566253570068978,0.9513724136627391,0.9591643418132774,0.9542831914184047,0.9508180498140958,0.9578737992672491,0.9542562514291113,1.0,0.9555027103596032,0.9598848973076842,0.9546167980252683
3,9,2.0167260180820117,0.26915506481036966,4166,2.2391722883496965,0.2148859543817527,833,2.24571740476391,0.1965,0.9803180817121484,0.08364547672696249,,,1.0,,1.0,0.0,0.9817560165656247,0.14684956905169796,10,0.025,0.15,0.9563382837411498,0.9546290879084084,0.9515991244627929,0.9626960935352189,0.9587180236714922,0.951547771908299,0.9583915530831167,0.9532338405604442,0.9555027103596032,1.0,0.957218524431733,0.9565788840106395
3,10,2.027049830826846,0.26817090734517524,4166,2.2439654895237515,0.19807923169267708,833,2.245716906801055,0.1965,0.9819942441691044,0.08361821595343989,,,1.0,,1.0,0.0,0.9817512898148334,0.14684956905169796,10,0.025,0.15,0.9619272754490249,0.95580090703163,0.9537423742150101,0.9584750111386245,0.9560274463668916,0.955867610492242,0.9631031237672006,0.9567079713704018,0.9598848973076842,0.957218524431733,1.0,0.9574867567357199
3,11,1.9991734945412838,0.2831253000480077,4166,2.248238972255162,0.1752701080432173,833,2.2457208391986314,0.1966,0.9780695388828099,0.08340528053234354,,,1.0,,1.0,0.0,0.9816540451945426,0.14684956905169796,10,0.025,0.15,0.9559474013562661,0.9581482431874864,0.942282837558499,0.9538265758157469,0.9484368975841398,0.9526983916469962,0.956431357103057,0.9536221532026452,0.9546167980252683,0.9565788840106395,0.9574867567357199,1.0
4,0,1.9607242295236298,0.2988000959923206,4167,2.2181505135127475,0.22302158273381295,834,2.216847114925143,0.2282,0.9765425029837445,0.08345218035065663,,,1.0,,1.0,0.0,0.9870530647623408,0.14642097612913757,10,0.025,0.15,1.0,0.9539168528452711,0.9447897909513443,0.9478422558774486,0.9458418867094334,0.9492951680206928,0.9487476787607182,0.946430000416972,0.947062168291511,0.9502453639652665,0.9553368790233923,0.9492183831139334
4,1,1.964226851680062,0.29827213822894166,4167,2.2127397060394287,0.2446043165467626,834,2.216843656346768,0.2282,0.9772899006335933,0.08351026411246858,,,1.0,,1.0,0.0,0.9870530647623408,0.14642097612913757,10,0.025,0.15,0.9539168528452711,1.0,0.9424694934336612,0.9469064801165329,0.9509526790096563,0.9494105092372125,0.9501152487224344,0.9506831899615839,0.9517485746586927,0.9470390708008056,0.9513682521860909,0.9528635762888286
4,2,1.9553068767894397,0.3004799616030718,4167,2.2220448085239957,0.2146282973621103,834,2.2177056723003146,0.2283,0.9721612919452035,0.08286881419508602,,,1.0,,1.0,0.0,0.9870530647623408,0.14642097612913757,10,0.025,0.15,0.9447897909513443,0.9424694934336612,1.0,0.9395376147474179,0.9445481512282898,0.951051013514846,0.9495531184821506,0.9384238190917416,0.9459006861747175,0.9466412725729071,0.9476028853464011,0.9374471393310934
4,3,1.9605586250623068,0.295632349412047,4167,2.2256440775735036,0.2158273381294964,834,2.2168493451951425,0.2282,0.9759446965447578,0.0833765258192352,,,1.0,,1.0,0.0,0.9870530647623408,0.14642097612913757,10,0.025,0.15,0.9478422558774486,0.9469064801165329,0.9395376147474179,1.0,0.9423092262202478,0.9511170961399394,0.9503596755543162,0.9416315275189667,0.9548169783600994,0.9552226506480926,0.9532935311213407,0.9487105367610068
4,4,1.969405994270787,0.29524838012958965,4167,2.2208596978868758,0.2424969987995198,833,2.2169863513753385,0.229,0.9749031900593319,0.08317941958108399,,,1.0,,1.0,0.0,0.9870530647623408,0.14642097612913757,10,0.025,0.15,0.9458418867094334,0.9509526790096563,0.9445481512282898,0.9423092262202478,1.0,0.9432147779303496,0.9523399847166677,0.9487981017438227,0.9494229479632394,0.9520367040404949,0.9498095797718311,0.9404907544772776
4,5,1.9599959405985745,0.29971202303815697,4167,2.217740637915475,0.22569027611044418,833,2.217210322995729,0.2284,0.9747340766596835,0.08308219142297242,,,1.0,,1.0,0.0,0.9870530647623408,0.14642097612913757,10,0.025,0.15,0.9492951680206928,0.9494105092372125,0.951051013514846,0.9511170961399394,0.9432147779303496,1.0,0.9440126421891443,0.9410791603248602,0.9460796151996986,0.9465018107036458,0.950178971993984,0.9459799609320213
4,6,1.976360399795301,0.2900407967362611,4167,2.216500895363944,0.2184873949579832,833,2.217000707795348,0.229,0.9776804886223158,0.0833591110307546,,,1.0,,1.0,0.0,0.9870530647623408,0.14642097612913757,10,0.025,0.15,0.9487476787607182,0.9501152487224344,0.9495531184821506,0.9503596755543162,0.9523399847166677,0.9440126421891443,1.0,0.9468735662925385,0.9519110094130468,0.9511355606608871,0.9580649611011949,0.9490906462301384
4,7,1.965382888100364,0.2913606911447084,4167,2.2097132205963135,0.24729891956782712,833,2.216875568220887,0.2282,0.9738857027477588,0.08321332466388744,,,1.0,,1.0,0.0,0.9870530647623408,0.14642097612913757,10,0.025,0.15,0.946430000416972,0.9506831899615839,0.9384238190917416,0.9416315275189667,0.9487981017438227,0.9410791603248602,0.9468735662925385,1.0,0.9467111535127487,0.9487357747491691,0.9493131722099238,0.9490570671149543
4,8,1.968770320487745,0.2945511281805089,4166,2.2218613624572754,0.23289315726290516,833,2.2168690192548532,0.228,0.9775409829538766,0.08339674462451474,,,1.0,,1.0,0.0,0.9870530647623408,0.14642097612913757,10,0.025,0.15,0.947062168291511,0.9517485746586927,0.9459006861747175,0.9548169783600994,0.9494229479632394,0.9460796151996986,0.9519110094130468,0.9467111535127487,1.0,0.9508638119773863,0.9545742382688163,0.9514230609491501
4,9,1.968363219318968,0.28662986077772445,4166,2.208070618765695,0.24729891956782712,833,2.216844232776497,0.2282,0.9776290767652905,0.0835750737040866,,,1.0,,1.0,0.0,0.9870530647623408,0.14642097612913757,10,0.025,0.15,0.9502453639652665,0.9470390708008056,0.9466412725729071,0.9552226506480926,0.9520367040404949,0.9465018107036458,0.9511355606608871,0.9487357747491691,0.9508638119773863,1.0,0.9533582255501861,0.9496239250692715
4,10,1.979708901679877,0.28636581853096493,4166,2.215144191469465,0.226890756302521,833,2.216843810262559,0.2282,0.9797475860989793,0.0836271859131742,,,1.0,,1.0,0.0,0.9870530647623408,0.14642097612913757,10,0.025,0.15,0.9553368790233923,0.9513682521860909,0.9476028853464011,0.9532935311213407,0.9498095797718311,0.950178971993984,0.9580649611011949,0.9493131722099238,0.9545742382688163,0.9533582255501861,1.0,0.953329336343348
4,11,1.9510770642396176,0.29920787325972154,4166,2.2199039799826488,0.2064825930372149,833,2.216849242584615,0.2282,0.97556145353018,0.08335916458207963,,,1.0,,1.0,0.0,0.9870530647623408,0.14642097612913757,10,0.025,0.15,0.9492183831139334,0.9528635762888286,0.9374471393310934,0.9487105367610068,0.9404907544772776,0.9459799609320213,0.9490906462301384,0.9490570671149543,0.9514230609491501,0.9496239250692715,0.953329336343348,1.0
5,0,1.9193991010839289,0.31403887688984883,4167,2.185159615107945,0.24580335731414868,834,2.1833025262325623,0.2594,0.974933271331526,0.08344086158422857,,,1.0,,1.0,0.0,0.9899651162650901,0.1460843533101985,10,0.025,0.15,1.0,0.9519055939307794,0.9406990675059823,0.94224051645616,0.9423857833316337,0.9432018462924447,0.9471297491822116,0.9425811540209124,0.9423604812090823,0.945983111022737,0.9500055363253141,0.9451581964509106
5,1,1.919487239375259,0.31199904007679385,4167,2.1765359810420444,0.2805755395683453,834,2.183297643178626,0.2594,0.9759359696172982,0.08350950010682308,,,1.0,,1.0,0.0,0.9899651162650901,0.1460843533101985,10,0.025,0.15,0.9519055939307794,1.0,0.9386515956142206,0.9418713179997318,0.9471313354358882,0.9463520368549886,0.946416511251432,0.946809665503297,0.9473106437261901,0.9422071435831421,0.9468808458615227,0.9498292088893605
5,2,1.9113515756346964,0.3144468442524598,4167,2.188987663814,0.24700239808153476,834,2.1843887009198153,0.2591,0.9701941265061884,0.0829252277195793,,,1.0,,1.0,0.0,0.9899651162650901,0.1460843533101985,10,0.025,0.15,0.9406990675059823,0.9386515956142206,1.0,0.9327272658104965,0.940939220444208,0.9472159760466045,0.9447319637231112,0.9342338482424377,0.9397653904648743,0.9426127794487972,0.9432387943101818,0.9339353820216842
5,3,1.9129977746443314,0.31115910727141827,4167,2.1952848775046214,0.24580335731414868,834,2.183306120618989,0.2596,0.9722182969161622,0.08330554529101918,,,1.0,,1.0,0.0,0.9899651162650901,0.1460843533101985,10,0.025,0.15,0.94224051645616,0.9418713179997318,0.9327272658104965,1.0,0.9375766447870381,0.9438182613086563,0.9448268091247615,0.9333915952592821,0.9455704188027594,0.9489904749064069,0.9478558730591984,0.9430594567295507
5,4,1.9312780156280056,0.308207343412527,4167,2.1894655568259105,0.2665066026410564,833,2.1834725941283795,0.2593,0.9735182956529059,0.0832258684349936,,,1.0,,1.0,0.0,0.9899651162650901,0.1460843533101985,10,0.025,0.15,0.9423857833316337,0.9471313354358882,0.940939220444208,0.9375766447870381,1.0,0.940038476394314,0.9500968711142985,0.9436913795177255,0.9443305043826248,0.9495273117162596,0.9449040318546874,0.9366954618516931
5,5,1.9173913301843586,0.31747060235181185,4167,2.1846154076712474,0.25090036014405764,833,2.18375174305107,0.2588,0.9729054007967121,0.08314569592214863,,,1.0,,1.0,0.0,0.9899651162650901,0.1460843533101985,10,0.025,0.15,0.9432018462924447,0.9463520368549886,0.9472159760466045,0.9438182613086563,0.940038476394314,1.0,0.9419962020754254,0.9381630604031869,0.9405189885934524,0.9414272974323878,0.946283042887889,0.941255953704701
5,6,1.9350246703985965,0.3043196544276458,4167,2.1825037683759416,0.2581032412965186,833,2.1834902220134493,0.2596,0.9762533530771287,0.08342625475681988,,,1.0,,1.0,0.0,0.9899651162650901,0.1460843533101985,10,0.025,0.15,0.9471297491822116,0.946416511251432,0.9447319637231112,0.9448268091247615,0.9500968711142985,0.9419962020754254,1.0,0.9428367798517638,0.9463454389653722,0.947319299259501,0.9531520505605086,0.9443119011520432
5,7,1.9238896817872018,0.3070794336453084,4167,2.1752327850886752,0.2845138055222089,833,2.183338074744502,0.2597,0.9712262579932892,0.0831721695661224,,,1.0,,1.0,0.0,0.9899651162650901,0.1460843533101985,10,0.025,0.15,0.9425811540209124,0.946809665503297,0.9342338482424377,0.9333915952592821,0.9436913795177255,0.9381630604031869,0.9428367798517638,1.0,0.9383698091990009,0.942972883996897,0.9427109345905949,0.9447371182829689
5,8,1.929447804436539,0.3058329332693231,4166,2.1889243125915527,0.25210084033613445,833,2.1833309885821763,0.2598,0.9738667179871323,0.08337178175055032,,,1.0,,1.0,0.0,0.9899651162650901,0.1460843533101985,10,0.025,0.15,0.9423604812090823,0.9473106437261901,0.9397653904648743,0.9455704188027594,0.9443305043826248,0.9405189885934524,0.9463454389653722,0.9383698091990009,1.0,0.9426952742935224,0.9480285724269614,0.9459380896382736
5,9,1.9302282069668626,0.30199231877100335,4166,2.1723483289991106,0.27010804321728693,833,2.183298391631887,0.2594,0.975023356457434,0.08351988796473975,,,1.0,,1.0,0.0,0.9899651162650901,0.1460843533101985,10,0.025,0.15,0.945983111022737,0.9422071435831421,0.9426127794487972,0.9489904749064069,0.9495273117162596,0.9414272974323878,0.947319299259501,0.942972883996897,0.9426952742935224,1.0,0.9463814048447612,0.9445560139219514
5,10,1.9416039694439282,0.29951992318771004,4166,2.1817260469709123,0.2653061224489796,833,2.1832981984826585,0.2593,0.9770265828894197,0.08361743375467492,,,1.0,,1.0,0.0,0.9899651162650901,0.1460843533101985,10,0.025,0.15,0.9500055363253141,0.9468808458615227,0.9432387943101818,0.9478558730591984,0.9449040318546874,0.946283042887889,0.9531520505605086,0.9427109345905949,0.9480285724269614,0.9463814048447612,1.0,0.9485966032320015
5,11,1.9040586077805721,0.3194911185789726,4166,2.186979736600603,0.24489795918367346,833,2.1833055079737798,0.2594,0.9735985004145857,0.08333977314830036,,,1.0,,1.0,0.0,0.9899651162650901,0.1460843533101985,10,0.025,0.15,0.9451581964509106,0.9498292088893605,0.9339353820216842,0.9430594567295507,0.9366954618516931,0.941255953704701,0.9443119011520432,0.9447371182829689,0.9459380896382736,0.9445560139219514,0.9485966032320015,1.0
6,0,1.8796505133310955,0.32963762898968085,4167,2.1480544294629778,0.28776978417266186,834,2.1455646979657907,0.2929,0.9719647132505665,0.08341368107026843,,,1.0,,1.0,0.0,0.9923730646956654,0.1457321592317449,10,0.025,0.15,1.0,0.9455179503347744,0.936353888020694,0.9368540981678057,0.9359109568199458,0.9369206917263393,0.9399150795326437,0.9373990804049634,0.9387542947817865,0.9407641722186381,0.942931925322427,0.9402628858176205
6,1,1.882829074787371,0.3249340052795776,4167,2.135789087840489,0.32014388489208634,834,2.1455584055260766,0.2929,0.973264684876304,0.08349862001909604,,,1.0,,1.0,0.0,0.9923730646956654,0.1457321592317449,10,0.025,0.15,0.9455179503347744,1.0,0.9327936424981133,0.9363972453787218,0.9407160164013956,0.9406511964897644,0.9409125117235594,0.9415707820920951,0.943069242066402,0.9392446272511046,0.9404587985822651,0.9453773606571
6,2,1.8702121062712236,0.3302375809935205,4167,2.1516128267560686,0.2829736211031175,834,2.1468687600727323,0.2901,0.9689087312684986,0.08299444948268267,,,1.0,,1.0,0.0,0.9923730646956654,0.1457321592317449,10,0.025,0.15,0.936353888020694,0.9327936424981133,1.0,0.9282049039336463,0.9375622407146048,0.9427980886513255,0.9398816591916253,0.9318081253176361,0.9351689567207953,0.9422340031787613,0.9393335829185016,0.9302513612506398
6,3,1.8716081724022373,0.3237341012718982,4167,2.1609581538609097,0.28177458033573144,834,2.1455703415448153,0.2927,0.9693153080244529,0.08324340499025153,,,1.0,,1.0,0.0,0.9923730646956654,0.1457321592317449,10,0.025,0.15,0.9368540981678057,0.9363972453787218,0.9282049039336463,1.0,0.93031910766652,0.9381077265064237,0.938535357300563,0.9289552644226634,0.941005150666046,0.9441744630368251,0.9408372976907736,0.9373673940162365
6,4,1.8898018407099175,0.3251499880009599,4167,2.153977564402989,0.28691476590636256,833,2.1457612967189355,0.2923,0.9705382637889899,0.0832339164572832,,,1.0,,1.0,0.0,0.9923730646956654,0.1457321592317449,10,0.025,0.15,0.9359109568199458,0.9407160164013956,0.9375622407146048,0.93031910766652,1.0,0.9337511569554642,0.9427696970010979,0.9394939511783075,0.9391610995557252,0.9465590551582814,0.9380925766442706,0.9307958325216633
6,5,1.8807969786904075,0.3327573794096472,4167,2.1475593021937778,0.2845138055222089,833,2.1460917509054838,0.2909,0.9704849719948133,0.08318249294185805,,,1.0,,1.0,0.0,0.9923730646956654,0.1457321592317449,10,0.025,0.15,0.9369206917263393,0.9406511964897644,0.9427980886513255,0.9381077265064237,0.9337511569554642,1.0,0.9369635841015923,0.935304934358339,0.9366233470199044,0.9371322968922169,0.9398749150644182,0.9364873868533641
6,6,1.8957996335896579,0.317638588912887,4167,2.1443799223218645,0.2965186074429772,833,2.145781882201569,0.2923,0.973061982614924,0.08344041880253122,,,1.0,,1.0,0.0,0.9923730646956654,0.1457321592317449,10,0.025,0.15,0.9399150795326437,0.9409125117235594,0.9398816591916253,0.938535357300563,0.9427696970010979,0.9369635841015923,1.0,0.9374969254315667,0.9404636511992766,0.9428673596368583,0.9456348608677533,0.9389695554408606
6,7,1.8852412180467086,0.3202783777297816,4167,2.13667893409729,0.304921968787515,833,2.145606517791748,0.2926,0.9697276702295045,0.08317419826804437,,,1.0,,1.0,0.0,0.9923730646956654,0.1457321592317449,10,0.025,0.15,0.9373990804049634,0.9415707820920951,0.9318081253176361,0.9289552644226634,0.9394939511783075,0.935304934358339,0.9374969254315667,1.0,0.9341461689463771,0.940626350292592,0.9375061198055226,0.9414064058783548
6,8,1.8884864778229684,0.32400384061449833,4166,2.1514273711613248,0.28211284513805523,833,2.145599395413942,0.2925,0.9720734853918288,0.08337441811194239,,,1.0,,1.0,0.0,0.9923730646956654,0.1457321592317449,10,0.025,0.15,0.9387542947817865,0.943069242066402,0.9351689567207953,0.941005150666046,0.9391610995557252,0.9366233470199044,0.9404636511992766,0.9341461689463771,1.0,0.9398941873806402,0.9423748670773876,0.9422440264032369
6,9,1.886246384635116,0.31310609697551606,4166,2.1324609347752164,0.30732292917166865,833,2.1455592475359953,0.2929,0.9739527502414628,0.08352750054867565,,,1.0,,1.0,0.0,0.9923730646956654,0.1457321592317449,10,0.025,0.15,0.9407641722186381,0.9392446272511046,0.9422340031787613,0.9441744630368251,0.9465590551582814,0.9371322968922169,0.9428673596368583,0.940626350292592,0.9398941873806402,1.0,0.941766293407634,0.9395088735850964
6,10,1.8993242151809462,0.31349015842534805,4166,2.1441919463021413,0.29531812725090034,833,2.1455591660511644,0.2929,0.9737471818254254,0.08358124746472764,,,1.0,,1.0,0.0,0.9923730646956654,0.1457321592317449,10,0.025,0.15,0.942931925322427,0.9404587985822651,0.9393335829185016,0.9408372976907736,0.9380925766442706,0.9398749150644182,0.9456348608677533,0.9375061198055226,0.9423748670773876,0.941766293407634,1.0,0.9434596549932981
6,11,1.8652346130573387,0.3321171387421987,4166,2.149796826498849,0.2773109243697479,833,2.1455688627460336,0.2929,0.9714931318926837,0.08333565184263901,,,1.0,,1.0,0.0,0.9923730646956654,0.1457321592317449,10,0.025,0.15,0.9402628858176205,0.9453773606571,0.9302513612506398,0.9373673940162365,0.9307958325216633,0.9364873868533641,0.9389695554408606,0.9414064058783548,0.9422440264032369,0.9395088735850964,0.9434596549932981,1.0
7,0,1.8400780659733396,0.34204463642908567,4167,2.107455015182495,0.30815347721822545,834,2.1041950364656086,0.3148,0.9690351884980998,0.08340065905513806,,,1.0,,1.0,0.0,0.9942020788330156,0.14527545236826145,10,0.025,0.15,1.0,0.9388738277603423,0.9322689473012065,0.9314937186389199,0.9301144339071228,0.9303396083506854,0.9314148262897256,0.9302907001037918,0.9324933035478626,0.9350085402726509,0.9373463806458434,0.9324082356557882
7,1,1.8420961387229688,0.3402447804175666,4167,2.091161012649536,0.33093525179856115,834,2.1041870811317542,0.3147,0.9702023500391036,0.08349147616076107,,,1.0,,1.0,0.0,0.9942020788330156,0.14527545236826145,10,0.025,0.15,0.9388738277603423,1.0,0.9278134408897891,0.9300643314710565,0.9333995578285957,0.935376512867479,0.9348953787617884,0.9340907072026136,0.9367039500548096,0.9303331134123843,0.9346811229011202,0.9393357831882442
7,2,1.8327025547172084,0.3425965922726182,4167,2.110425199781145,0.30335731414868106,834,2.1056963039349905,0.3136,0.9667943874556844,0.08306736271204816,,,1.0,,1.0,0.0,0.9942020788330156,0.14527545236826145,10,0.025,0.15,0.9322689473012065,0.9278134408897891,1.0,0.9194164372138919,0.9318630079257277,0.9371322084165836,0.9328147493734362,0.9264630244322737,0.9297669093534665,0.9357356194764828,0.9354442368394362,0.9276516334280146
