round,client_id,client_i_training_loss,client_i_training_accuracy,client_i_training_dataset_size,client_i_evaluation_loss,client_i_evaluation_accuracy,client_i_evaluation_dataset_size,client_i_central_evaluation_loss,client_i_central_evaluation_accuracy,client_i_cosine_similarity,client_i_importance_coefficient,client_i_tanh_val,tanh_normalization_value,client_i_q,client_i_mask_order,client_i_v_nonzero_fraction,client_i_v_sparsity,client_i_v_cosine_similarity,client_i_reward_gradient_norm,local_epochs,learning_rate,gamma,client_0_cosine_similarity,client_1_cosine_similarity,client_2_cosine_similarity,client_3_cosine_similarity,client_4_cosine_similarity,client_5_cosine_similarity,client_6_cosine_similarity,client_7_cosine_similarity,client_8_cosine_similarity,client_9_cosine_similarity,client_10_cosine_similarity,client_11_cosine_similarity
0,0,2.068545221067538,0.46788,5000,2.2404419581095376,0.24700239808153476,834,2.238191317445554,0.2479,0.9974437539853652,0.08335352323091243,,,0.97,,0.9700176878243976,0.029982312175602432,0,0.09972018487926979,5,0.001,0.1,1.0,0.99421892013957,0.9938617607585601,0.9914500747315697,0.9948633908145657,0.993174509515355,0.9946329404593605,0.9934361645745424,0.9953007551512093,0.9954338235456319,0.9923642102077982,0.9971001584970132
0,1,2.065200410223311,0.45268,5000,2.23914756598296,0.22661870503597123,834,2.238191317445554,0.2479,0.9980145768877436,0.08340122526911159,,,0.97,,0.9700176878243976,0.029982312175602432,0,0.09972018487926979,5,0.001,0.1,0.99421892013957,1.0,0.9944055025322925,0.9920229161751493,0.9941849508896932,0.992258525373107,0.9950187348801312,0.9963610676775273,0.9944466721997389,0.9975484519356377,0.9964946322299058,0.9957070446748878
0,2,2.0627532757011946,0.445,5000,2.2414091251514576,0.23860911270983212,834,2.238191317445554,0.2479,0.9969217673061564,0.08330990229628045,,,0.97,,0.9700176878243976,0.029982312175602432,0,0.09972018487926979,5,0.001,0.1,0.9938617607585601,0.9944055025322925,1.0,0.9912357202769221,0.9945456462083919,0.9901100080844398,0.9970726669945638,0.9927783946153915,0.9943203239554418,0.9924354480249044,0.9954093308359476,0.9934155911877744
0,3,2.0489914096844424,0.46252,5000,2.233134004804823,0.27218225419664266,834,2.238191317445554,0.2479,0.9955301981683072,0.08319361284136566,,,0.97,,0.9700176878243976,0.029982312175602432,0,0.09972018487926979,5,0.001,0.1,0.9914500747315697,0.9920229161751493,0.9912357202769221,1.0,0.9929839011546727,0.991777845146266,0.9931719493611652,0.9936794164305993,0.9939445376805481,0.9920007678917244,0.9898573400419951,0.9908138160913623
0,4,2.062994816804388,0.48176,5000,2.2386901996753834,0.23769507803121248,833,2.238191317445554,0.2479,0.9976979447803417,0.08337476522901958,,,0.97,,0.9700176878243976,0.029982312175602432,0,0.09972018487926979,5,0.001,0.1,0.9948633908145657,0.9941849508896932,0.9945456462083919,0.9929839011546727,1.0,0.9953216668601901,0.9957750188781903,0.9935901624060561,0.9947369992687395,0.9941851369349868,0.993308547331289,0.9953830425245839
0,5,2.0619470625166683,0.45904,5000,2.2374495753535517,0.23649459783913565,833,2.238191317445554,0.2479,0.9955899563555061,0.08319860666224528,,,0.97,,0.9700176878243976,0.029982312175602432,0,0.09972018487926979,5,0.001,0.1,0.993174509515355,0.992258525373107,0.9901100080844398,0.991777845146266,0.9953216668601901,1.0,0.9936563954554735,0.9919476686096075,0.9904326656131129,0.9940756735365218,0.9881380050579934,0.9927604131743439
0,6,2.0685766725783137,0.45996,5000,2.243348828068486,0.2545018007202881,833,2.238191317445554,0.2479,0.9980144281906094,0.08340121284291716,,,0.97,,0.9700176878243976,0.029982312175602432,0,0.09972018487926979,5,0.001,0.1,0.9946329404593605,0.9950187348801312,0.9970726669945638,0.9931719493611652,0.9957750188781903,0.9936563954554735,1.0,0.9941381720091043,0.9947272577332826,0.9946279304528423,0.9950069802632883,0.994837592482776
0,7,2.05596492563843,0.4608,5000,2.2381535989266856,0.24129651860744297,833,2.238191317445554,0.2479,0.9972968923811523,0.08334125042646646,,,0.97,,0.9700176878243976,0.029982312175602432,0,0.09972018487926979,5,0.001,0.1,0.9934361645745424,0.9963610676775273,0.9927783946153915,0.9936794164305993,0.9935901624060561,0.9919476686096075,0.9941381720091043,1.0,0.9935854647003883,0.9960649179122744,0.994310680176327,0.9941871911420322
0,8,2.065244548943392,0.47908,5000,2.2397518776081227,0.2665066026410564,833,2.238191317445554,0.2479,0.9973754203286523,0.0833478127825593,,,0.97,,0.9700176878243976,0.029982312175602432,0,0.09972018487926979,5,0.001,0.1,0.9953007551512093,0.9944466721997389,0.9943203239554418,0.9939445376805481,0.9947369992687395,0.9904326656131129,0.9947272577332826,0.9935854647003883,1.0,0.9938203324383111,0.9944659676994336,0.9952380227685927
0,9,2.064786135163277,0.47616,5000,2.2404293572461165,0.2533013205282113,833,2.238191317445554,0.2479,0.9979063811145364,0.08339218365763278,,,0.97,,0.9700176878243976,0.029982312175602432,0,0.09972018487926979,5,0.001,0.1,0.9954338235456319,0.9975484519356377,0.9924354480249044,0.9920007678917244,0.9941851369349868,0.9940756735365218,0.9946279304528423,0.9960649179122744,0.9938203324383111,1.0,0.994410620766309,0.9967695982205255
0,10,2.062387411154,0.43008,5000,2.2440373544339782,0.2148859543817527,833,2.238191317445554,0.2479,0.9967972138778199,0.08329949372232243,,,0.97,,0.9700176878243976,0.029982312175602432,0,0.09972018487926979,5,0.001,0.1,0.9923642102077982,0.9964946322299058,0.9954093308359476,0.9898573400419951,0.993308547331289,0.9881380050579934,0.9950069802632883,0.994310680176327,0.9944659676994336,0.994410620766309,1.0,0.9943336194126806
0,11,2.0711016115868928,0.47928,5000,2.2356405699694597,0.2857142857142857,833,2.238191317445554,0.2479,0.9978373035037803,0.08338641103916693,,,0.97,,0.9700176878243976,0.029982312175602432,0,0.09972018487926979,5,0.001,0.1,0.9971001584970132,0.9957070446748878,0.9934155911877744,0.9908138160913623,0.9953830425245839,0.9927604131743439,0.994837592482776,0.9941871911420322,0.9952380227685927,0.9967695982205255,0.9943336194126806,1.0
1,0,1.8535242329737183,0.5616,5000,2.1687564231731273,0.44964028776978415,834,2.164753232139368,0.4421,0.9985651835039335,0.08334570784012937,,,0.97,,0.9700176878243976,0.029982312175602432,0.9809261822091806,0.09985647790553835,5,0.001,0.1,1.0,0.9963637555734813,0.9966891870527574,0.9970859331721483,0.9973373851501465,0.9970213577080697,0.9974292685852505,0.9968229109317075,0.9970003174423588,0.9972111148610511,0.9952868382027263,0.9973440963042831
1,1,1.8530926932195189,0.53728,5000,2.1630519407766835,0.42685851318944845,834,2.164753232139368,0.4421,0.9984681857744483,0.08337183012071611,,,0.97,,0.9700176878243976,0.029982312175602432,0.9809261822091806,0.09985647790553835,5,0.001,0.1,0.9963637555734813,1.0,0.9970790883528694,0.9956567543917809,0.9959391765615703,0.9953321779177018,0.9969223152975888,0.9973744738077753,0.9973097427958114,0.9978761100345579,0.9976871582224957,0.9968838110562535
1,2,1.849288460251632,0.5384,5000,2.167461068541915,0.434052757793765,834,2.164753232139368,0.4421,0.998525633264431,0.08331768105025757,,,0.97,,0.9700176878243976,0.029982312175602432,0.9809261822091806,0.09985647790553835,5,0.001,0.1,0.9966891870527574,0.9970790883528694,1.0,0.9965626182142144,0.9967886709570251,0.9955599929245065,0.9981591286786267,0.9969984684357042,0.9968631880424828,0.9970762051753527,0.9968516818131763,0.9964888849984579
1,3,1.8259348674944251,0.5624,5000,2.1579210316693342,0.46642685851318944,834,2.164753232139368,0.4421,0.9984019514435238,0.08324237531244288,,,0.97,,0.9700176878243976,0.029982312175602432,0.9809261822091806,0.09985647790553835,5,0.001,0.1,0.9970859331721483,0.9956567543917809,0.9965626182142144,1.0,0.9974107655941628,0.9967845949803534,0.9967319667918942,0.9971330669851847,0.9973693032941263,0.9968282931759436,0.9954183409088662,0.9966614984832741
1,4,1.846189541725596,0.5672,5000,2.165552050979049,0.43337334933973587,833,2.164753232139368,0.4421,0.9986043369432538,0.08335999807927645,,,0.97,,0.9700176878243976,0.029982312175602432,0.9809261822091806,0.09985647790553835,5,0.001,0.1,0.9973373851501465,0.9959391765615703,0.9967886709570251,0.9974107655941628,1.0,0.9973643149698252,0.9975901145532551,0.9967097609140868,0.9970091758311983,0.9971149311073827,0.9954490227748549,0.9973488172152549
1,5,1.8446443507625798,0.56716,5000,2.163824522936786,0.4345738295318127,833,2.164753232139368,0.4421,0.9980030711485635,0.08323256348626869,,,0.97,,0.9700176878243976,0.029982312175602432,0.9809261822091806,0.09985647790553835,5,0.001,0.1,0.9970213577080697,0.9953321779177018,0.9955599929245065,0.9967845949803534,0.9973643149698252,1.0,0.9966768223019692,0.9965337065978743,0.9963277459158404,0.9968978382353733,0.9938674026751696,0.9964970215429696
1,6,1.854994526334629,0.54792,5000,2.172721129876596,0.4261704681872749,833,2.164753232139368,0.4421,0.9989847317992807,0.08338849453392155,,,0.97,,0.9700176878243976,0.029982312175602432,0.9809261822091806,0.09985647790553835,5,0.001,0.1,0.9974292685852505,0.9969223152975888,0.9981591286786267,0.9967319667918942,0.9975901145532551,0.9966768223019692,1.0,0.9973367638881336,0.9974501570027159,0.997788499268592,0.9968416593834075,0.9976899146241256
1,7,1.8379155420194007,0.56196,5000,2.164504607518514,0.42737094837935174,833,2.164753232139368,0.4421,0.998754568049425,0.0833442941925392,,,0.97,,0.9700176878243976,0.029982312175602432,0.9809261822091806,0.09985647790553835,5,0.001,0.1,0.9968229109317075,0.9973744738077753,0.9969984684357042,0.9971330669851847,0.9967097609140868,0.9965337065978743,0.9973367638881336,1.0,0.9971312876032555,0.9977536836743488,0.9968845243716644,0.9971826281100454
1,8,1.849379006312911,0.57176,5000,2.1670922614909984,0.45738295318127253,833,2.164753232139368,0.4421,0.9987837097824678,0.08334925909482623,,,0.97,,0.9700176878243976,0.029982312175602432,0.9809261822091806,0.09985647790553835,5,0.001,0.1,0.9970003174423588,0.9973097427958114,0.9968631880424828,0.9973693032941263,0.9970091758311983,0.9963277459158404,0.9974501570027159,0.9971312876032555,1.0,0.9976239274743626,0.9967671994303111,0.9973579299705227
1,9,1.8511678179358222,0.55604,5000,2.1673901434297913,0.47539015606242496,833,2.164753232139368,0.4421,0.9990066325018708,0.08338366430903776,,,0.97,,0.9700176878243976,0.029982312175602432,0.9809261822091806,0.09985647790553835,5,0.001,0.1,0.9972111148610511,0.9978761100345579,0.9970762051753527,0.9968282931759436,0.9971149311073827,0.9968978382353733,0.997788499268592,0.9977536836743488,0.9976239274743626,1.0,0.9967653819870681,0.9979427613587961
1,10,1.8492461420168542,0.5226,5000,2.170825711003056,0.3985594237695078,833,2.164753232139368,0.4421,0.9979437022772611,0.08329251565925244,,,0.97,,0.9700176878243976,0.029982312175602432,0.9809261822091806,0.09985647790553835,5,0.001,0.1,0.9952868382027263,0.9976871582224957,0.9968516818131763,0.9954183409088662,0.9954490227748549,0.9938674026751696,0.9968416593834075,0.9968845243716644,0.9967671994303111,0.9967653819870681,1.0,0.9963224250031371
1,11,1.8587476092539015,0.5656,5000,2.1604063864107483,0.47539015606242496,833,2.164753232139368,0.4421,0.9987430320430921,0.0833716163213317,,,0.97,,0.9700176878243976,0.029982312175602432,0.9809261822091806,0.09985647790553835,5,0.001,0.1,0.9973440963042831,0.9968838110562535,0.9964888849984579,0.9966614984832741,0.9973488172152549,0.9964970215429696,0.9976899146241256,0.9971826281100454,0.9973579299705227,0.9979427613587961,0.9963224250031371,1.0
2,0,1.6560670187518856,0.60684,5000,2.0787976494541875,0.5443645083932853,834,2.07275154491583,0.5556,0.9990206600435683,0.08334858715497624,,,0.97,,0.9700176878243976,0.029982312175602432,0.9931733459351064,0.09987810015067117,5,0.001,0.1,1.0,0.9975822889967058,0.9972374941199541,0.9979191783802731,0.9977401496774355,0.9972570942169738,0.9980185277231404,0.9976988910773028,0.9976202582581309,0.9980260932268422,0.9966815899505078,0.9978782435473975
2,1,1.658803300417153,0.587,5000,2.0678305714218705,0.5491606714628298,834,2.07275154491583,0.5556,0.9990320341077035,0.0833649722084296,,,0.97,,0.9700176878243976,0.029982312175602432,0.9931733459351064,0.09987810015067117,5,0.001,0.1,0.9975822889967058,1.0,0.9981345027599614,0.997485287491619,0.9971258640227202,0.9962540167230816,0.9977533021079961,0.9979142872764272,0.9977525630641431,0.9983906371700825,0.9981385489151764,0.9972636520219237
2,2,1.6568455509319426,0.58492,5000,2.0750603587539107,0.5563549160671463,834,2.07275154491583,0.5556,0.9987001486125451,0.08332105739884019,,,0.97,,0.9700176878243976,0.029982312175602432,0.9931733459351064,0.09987810015067117,5,0.001,0.1,0.9972374941199541,0.9981345027599614,1.0,0.9970320066184979,0.9972623475660473,0.99569827417055,0.9981362790741277,0.9972612559959553,0.9969933219309929,0.997844167849185,0.9975109185172352,0.9967069107215721
2,3,1.62823221417749,0.619,5000,2.0639488167232938,0.5959232613908872,834,2.07275154491583,0.5556,0.9987378484613061,0.0832760972150294,,,0.97,,0.9700176878243976,0.029982312175602432,0.9931733459351064,0.09987810015067117,5,0.001,0.1,0.9979191783802731,0.997485287491619,0.9970320066184979,1.0,0.9977319381744032,0.9968928948833489,0.9970691238683547,0.9974390092441143,0.9974236681190541,0.9974820988748732,0.9967457421459697,0.997052839636005
2,4,1.6492505698447015,0.61832,5000,2.073880160296405,0.5426170468187275,833,2.07275154491583,0.5556,0.9987349169811248,0.0833481279541988,,,0.97,,0.9700176878243976,0.029982312175602432,0.9931733459351064,0.09987810015067117,5,0.001,0.1,0.9977401496774355,0.9971258640227202,0.9972623475660473,0.9977319381744032,1.0,0.9972992053389558,0.997616658195815,0.9972185517437379,0.9971493969076091,0.99754952579295,0.9962885549501143,0.9972533487621824
2,5,1.6480607529354703,0.61928,5000,2.071372561984592,0.5522208883553421,833,2.07275154491583,0.5556,0.9980120785557945,0.08324665771530781,,,0.97,,0.9700176878243976,0.029982312175602432,0.9931733459351064,0.09987810015067117,5,0.001,0.1,0.9972570942169738,0.9962540167230816,0.99569827417055,0.9968928948833489,0.9972992053389558,1.0,0.9965399924968492,0.9968703980411295,0.9964344981209893,0.9968880282124948,0.9950651439914568,0.9963769797606478
2,6,1.6625997081683699,0.59368,5000,2.084377739164564,0.5306122448979592,833,2.07275154491583,0.5556,0.9990223089928864,0.08337487683319675,,,0.97,,0.9700176878243976,0.029982312175602432,0.9931733459351064,0.09987810015067117,5,0.001,0.1,0.9980185277231404,0.9977533021079961,0.9981362790741277,0.9970691238683547,0.997616658195815,0.9965399924968492,1.0,0.9977797729027147,0.9975039710656508,0.9980677449739839,0.9974794036424435,0.9977125673213442
2,7,1.6402326723572556,0.61488,5000,2.0719671690905535,0.539015606242497,833,2.07275154491583,0.5556,0.99893627640868,0.08334499698193139,,,0.97,,0.9700176878243976,0.029982312175602432,0.9931733459351064,0.09987810015067117,5,0.001,0.1,0.9976988910773028,0.9979142872764272,0.9972612559959553,0.9974390092441143,0.9972185517437379,0.9968703980411295,0.9977797729027147,1.0,0.9975283765027539,0.9981981166811763,0.9972286114577128,0.9975107402438492
2,8,1.6525017490812168,0.61316,5000,2.076265335083008,0.5666266506602641,833,2.07275154491583,0.5556,0.9987910989439294,0.08334335606958874,,,0.97,,0.9700176878243976,0.029982312175602432,0.9931733459351064,0.09987810015067117,5,0.001,0.1,0.9976202582581309,0.9977525630641431,0.9969933219309929,0.9974236681190541,0.9971493969076091,0.9964344981209893,0.9975039710656508,0.9975283765027539,1.0,0.9978965231555321,0.9973567419483089,0.9972485981146724
2,9,1.6558559738906327,0.604,5000,2.075796701289989,0.575030012004802,833,2.07275154491583,0.5556,0.9992226186289738,0.08337837962392544,,,0.97,,0.9700176878243976,0.029982312175602432,0.9931733459351064,0.09987810015067117,5,0.001,0.1,0.9980260932268422,0.9983906371700825,0.997844167849185,0.9974820988748732,0.99754952579295,0.9968880282124948,0.9980677449739839,0.9981981166811763,0.9978965231555321,1.0,0.9978176072693385,0.9979181865750725
2,10,1.6553367298120147,0.57596,5000,2.0789969055740922,0.5378151260504201,833,2.07275154491583,0.5556,0.9984848745106157,0.08329867858218311,,,0.97,,0.9700176878243976,0.029982312175602432,0.9931733459351064,0.09987810015067117,5,0.001,0.1,0.9966815899505078,0.9981385489151764,0.9975109185172352,0.9967457421459697,0.9962885549501143,0.9950651439914568,0.9974794036424435,0.9972286114577128,0.9973567419483089,0.9978176072693385,1.0,0.9969248221098634
2,11,1.6650737781433542,0.6094,5000,2.065926507667259,0.5774309723889556,833,2.07275154491583,0.5556,0.9987026950903303,0.08335421226239248,,,0.97,,0.9700176878243976,0.029982312175602432,0.9931733459351064,0.09987810015067117,5,0.001,0.1,0.9978782435473975,0.9972636520219237,0.9967069107215721,0.997052839636005,0.9972533487621824,0.9963769797606478,0.9977125673213442,0.9975107402438492,0.9972485981146724,0.9979181865750725,0.9969248221098634,1.0
3,0,1.4981667012925362,0.63824,5000,1.9715690789399323,0.6139088729016786,834,1.9631598247125888,0.6126,0.9989201784199425,0.08335020696825585,,,0.97,,0.9700176878243976,0.029982312175602432,0.9969765932302174,0.09986842125052012,5,0.001,0.1,1.0,0.9976862850074792,0.997028123328781,0.9974230182668482,0.9974428178640656,0.9968034870290919,0.9977504485260952,0.9975868832217916,0.9974265099937487,0.9977801128155763,0.996816538640845,0.997560515657591
3,1,1.5050995304326342,0.61608,5000,1.954647907504329,0.6007194244604317,834,1.9631598247125888,0.6126,0.9990283202470509,0.0833637447461278,,,0.97,,0.9700176878243976,0.029982312175602432,0.9969765932302174,0.09986842125052012,5,0.001,0.1,0.9976862850074792,1.0,0.9979667722016622,0.9973724729329703,0.9969966945607655,0.9962149918691963,0.9975727456112461,0.9976969168663498,0.9976588901634522,0.9983563164814584,0.9979696634180771,0.9971084326506976
3,2,1.502596141502356,0.62264,5000,1.9653270112143622,0.6127098321342925,834,1.9631598247125888,0.6126,0.9986099541660819,0.08332331299075528,,,0.97,,0.9700176878243976,0.029982312175602432,0.9969765932302174,0.09986842125052012,5,0.001,0.1,0.997028123328781,0.9979667722016622,1.0,0.9966643723114503,0.9968193555514997,0.995738100864566,0.9979061534456463,0.9971996152620048,0.996709762335647,0.9976644069873478,0.9973835057518076,0.9965067506614093
3,3,1.470995735135048,0.64948,5000,1.9521307724493522,0.6462829736211031,834,1.9631598247125888,0.6126,0.9985954655911414,0.08329527512720825,,,0.97,,0.9700176878243976,0.029982312175602432,0.9969765932302174,0.09986842125052012,5,0.001,0.1,0.9974230182668482,0.9973724729329703,0.9966643723114503,1.0,0.9974227248295324,0.9967915765475883,0.9968494729316004,0.9970427589927484,0.9973387237017378,0.9973784477220284,0.9966151861238467,0.9965177762701222
3,4,1.4904738773965531,0.64372,5000,1.964863282662851,0.5894357743097239,833,1.9631598247125888,0.6126,0.9986452311585878,0.08334105160348747,,,0.97,,0.9700176878243976,0.029982312175602432,0.9969765932302174,0.09986842125052012,5,0.001,0.1,0.9974428178640656,0.9969966945607655,0.9968193555514997,0.9974227248295324,1.0,0.9973377684666961,0.9972544850797632,0.9971790813456393,0.9969005853082963,0.9972906843841086,0.9962752079415276,0.997091624741004
3,5,1.4901800488970083,0.64428,5000,1.9605967998504639,0.6014405762304922,833,1.9631598247125888,0.6126,0.9979534252196817,0.08325650087857799,,,0.97,,0.9700176878243976,0.029982312175602432,0.9969765932302174,0.09986842125052012,5,0.001,0.1,0.9968034870290919,0.9962149918691963,0.995738100864566,0.9967915765475883,0.9973377684666961,1.0,0.9961918752431451,0.9965379160722039,0.9961543631686821,0.9965963577808711,0.995446914796853,0.9959110021164487
3,6,1.5058924752435867,0.62144,5000,1.9790717363357544,0.5846338535414166,833,1.9631598247125888,0.6126,0.9988857595516076,0.08336521733883905,,,0.97,,0.9700176878243976,0.029982312175602432,0.9969765932302174,0.09986842125052012,5,0.001,0.1,0.9977504485260952,0.9975727456112461,0.9979061534456463,0.9968494729316004,0.9972544850797632,0.9961918752431451,1.0,0.9974612106396663,0.9972729148377963,0.9977341523602803,0.9977044787001635,0.9971933077195423
3,7,1.4831576518951708,0.64324,5000,1.9615710002404672,0.6134453781512605,833,1.9631598247125888,0.6126,0.9988288276810895,0.08334505712450545,,,0.97,,0.9700176878243976,0.029982312175602432,0.9969765932302174,0.09986842125052012,5,0.001,0.1,0.9975868832217916,0.9976969168663498,0.9971996152620048,0.9970427589927484,0.9971790813456393,0.9965379160722039,0.9974612106396663,1.0,0.9973265063151056,0.9978876461123211,0.9971214597514341,0.9971699336768474
3,8,1.4945845247074296,0.64004,5000,1.9683555276305587,0.6326530612244898,833,1.9631598247125888,0.6126,0.9986513100384108,0.08333832160556547,,,0.97,,0.9700176878243976,0.029982312175602432,0.9969765932302174,0.09986842125052012,5,0.001,0.1,0.9974265099937487,0.9976588901634522,0.996709762335647,0.9973387237017378,0.9969005853082963,0.9961543631686821,0.9972729148377963,0.9973265063151056,1.0,0.9975064965554777,0.9971871536261883,0.9966009547719645
3,9,1.4989870318181955,0.6296,5000,1.9661438641724762,0.6266506602641057,833,1.9631598247125888,0.6126,0.9990877531019744,0.08337388453611057,,,0.97,,0.9700176878243976,0.029982312175602432,0.9969765932302174,0.09986842125052012,5,0.001,0.1,0.9977801128155763,0.9983563164814584,0.9976644069873478,0.9973784477220284,0.9972906843841086,0.9965963577808711,0.9977341523602803,0.9978876461123211,0.9975064965554777,1.0,0.9977972102680375,0.997320417082004
3,10,1.5008415275318607,0.61056,5000,1.969675412884465,0.6110444177671068,833,1.9631598247125888,0.6126,0.9985757080505605,0.08330848469288768,,,0.97,,0.9700176878243976,0.029982312175602432,0.9969765932302174,0.09986842125052012,5,0.001,0.1,0.996816538640845,0.9979696634180771,0.9973835057518076,0.9966151861238467,0.9962752079415276,0.995446914796853,0.9977044787001635,0.9971214597514341,0.9971871536261883,0.9977972102680375,1.0,0.9968595800269937
3,11,1.5109269438275865,0.62876,5000,1.953812590351811,0.6182472989195679,833,1.9631598247125888,0.6126,0.998464276840989,0.08333894238767901,,,0.97,,0.9700176878243976,0.029982312175602432,0.9969765932302174,0.09986842125052012,5,0.001,0.1,0.997560515657591,0.9971084326506976,0.9965067506614093,0.9965177762701222,0.997091624741004,0.9959110021164487,0.9971933077195423,0.9971699336768474,0.9966009547719645,0.997320417082004,0.9968595800269937,1.0
4,0,1.367920989595401,0.65248,5000,1.8502631893864385,0.6354916067146283,834,1.839265189231775,0.6422,0.9987642016193063,0.08335132159039901,,,0.97,,0.9700176878243976,0.029982312175602432,0.9978419924690461,0.09985256958227891,5,0.001,0.1,1.0,0.9972797189055841,0.9967043593691067,0.9972931672117582,0.996953186469542,0.9965925740402439,0.9973842859002156,0.9973061277347166,0.9971447356184918,0.9971852217146906,0.9965822317578631,0.997095856810724
4,1,1.378176698866923,0.63672,5000,1.826884044541253,0.6306954436450839,834,1.839265189231775,0.6422,0.9988242883895564,0.08336156305874433,,,0.97,,0.9700176878243976,0.029982312175602432,0.9978419924690461,0.09985256958227891,5,0.001,0.1,0.9972797189055841,1.0,0.997611459208973,0.997069408320724,0.9963621954943627,0.9960902601636137,0.9970484437946255,0.9973416473715855,0.9973338637760916,0.9978271589322675,0.9975902248599269,0.9966863489034206
4,2,1.3775986773952558,0.64484,5000,1.8414343374746818,0.6414868105515588,834,1.839265189231775,0.6422,0.998456429907858,0.08332489500177617,,,0.97,,0.9700176878243976,0.029982312175602432,0.9978419924690461,0.09985256958227891,5,0.001,0.1,0.9967043593691067,0.997611459208973,1.0,0.9965914703397882,0.9963913251376202,0.9956381836501863,0.9975026314817651,0.9967480655064758,0.9964566966033933,0.9971499084308229,0.9969809531174813,0.9960586643699288
4,3,1.3418915621793954,0.66808,5000,1.826224547845346,0.6762589928057554,834,1.839265189231775,0.6422,0.998556034424128,0.08331091558531371,,,0.97,,0.9700176878243976,0.029982312175602432,0.9978419924690461,0.09985256958227891,5,0.001,0.1,0.9972931672117582,0.997069408320724,0.9965914703397882,1.0,0.9971473352918191,0.9968861015896587,0.9965606408370608,0.9968170447737841,0.9968692961411402,0.9970895399215803,0.996511242018235,0.9961944775115791
4,4,1.3620073337463816,0.65668,5000,1.8414325714111328,0.6230492196878752,833,1.839265189231775,0.6422,0.9983752974177197,0.08333315458565839,,,0.97,,0.9700176878243976,0.029982312175602432,0.9978419924690461,0.09985256958227891,5,0.001,0.1,0.996953186469542,0.9963621954943627,0.9963913251376202,0.9971473352918191,1.0,0.997272368107212,0.996894681639645,0.9963746315792542,0.9964136438521312,0.9968137266145657,0.9958689348194433,0.9963710283469381
4,5,1.361774276016624,0.65984,5000,1.83516377431375,0.631452581032413,833,1.839265189231775,0.6422,0.9980373135505515,0.08327039469466326,,,0.97,,0.9700176878243976,0.029982312175602432,0.9978419924690461,0.09985256958227891,5,0.001,0.1,0.9965925740402439,0.9960902601636137,0.9956381836501863,0.9968861015896587,0.997272368107212,1.0,0.9961092785881366,0.9963695886222218,0.9962838321525331,0.9965355496817335,0.9957036156240445,0.9953350657648538
4,6,1.378651569299637,0.64352,5000,1.859865250410857,0.6158463385354142,833,1.839265189231775,0.6422,0.998689942353951,0.08335812991556854,,,0.97,,0.9700176878243976,0.029982312175602432,0.9978419924690461,0.09985256958227891,5,0.001,0.1,0.9973842859002156,0.9970484437946255,0.9975026314817651,0.9965606408370608,0.996894681639645,0.9961092785881366,1.0,0.9969450526962435,0.9967527461392885,0.9972996367258382,0.9972764474325054,0.9968569969388882
4,7,1.353783481288108,0.65968,5000,1.8367867602242365,0.6398559423769508,833,1.839265189231775,0.6422,0.9986320700225297,0.08334389869387746,,,0.97,,0.9700176878243976,0.029982312175602432,0.9978419924690461,0.09985256958227891,5,0.001,0.1,0.9973061277347166,0.9973416473715855,0.9967480655064758,0.9968170447737841,0.9963746315792542,0.9963695886222218,0.9969450526962435,1.0,0.9971082880565347,0.9973380808225235,0.9969602035572084,0.9966295099764054
4,8,1.3656525807016215,0.65988,5000,1.8466118397536102,0.6626650660264105,833,1.839265189231775,0.6422,0.9984801875754712,0.08333486589005645,,,0.97,,0.9700176878243976,0.029982312175602432,0.9978419924690461,0.09985256958227891,5,0.001,0.1,0.9971447356184918,0.9973338637760916,0.9964566966033933,0.9968692961411402,0.9964136438521312,0.9962838321525331,0.9967527461392885,0.9971082880565347,1.0,0.9970381880189438,0.9966346643128942,0.99608271524057
4,9,1.3715197264768515,0.64524,5000,1.8416300084855821,0.6566626650660264,833,1.839265189231775,0.6422,0.9988598023004798,0.08336892757658843,,,0.97,,0.9700176878243976,0.029982312175602432,0.9978419924690461,0.09985256958227891,5,0.001,0.1,0.9971852217146906,0.9978271589322675,0.9971499084308229,0.9970895399215803,0.9968137266145657,0.9965355496817335,0.9972996367258382,0.9973380808225235,0.9970381880189438,1.0,0.9974312276868279,0.9969579641803484
4,10,1.375067006858291,0.63276,5000,1.8461483849419489,0.6434573829531812,833,1.839265189231775,0.6422,0.9984635562445745,0.08331603151976494,,,0.97,,0.9700176878243976,0.029982312175602432,0.9978419924690461,0.09985256958227891,5,0.001,0.1,0.9965822317578631,0.9975902248599269,0.9969809531174813,0.996511242018235,0.9958689348194433,0.9957036156240445,0.9972764474325054,0.9969602035572084,0.9966346643128942,0.9974312276868279,1.0,0.9963798912743422
4,11,1.3818917504541433,0.6464,5000,1.8274840425561976,0.6494597839135654,833,1.839265189231775,0.6422,0.9981906670346313,0.08332590188758933,,,0.97,,0.9700176878243976,0.029982312175602432,0.9978419924690461,0.09985256958227891,5,0.001,0.1,0.997095856810724,0.9966863489034206,0.9960586643699288,0.9961944775115791,0.9963710283469381,0.9953350657648538,0.9968569969388882,0.9966295099764054,0.99608271524057,0.9969579641803484,0.9963798912743422,1.0
5,0,1.2617302218060584,0.66224,5000,1.718711747063531,0.6522781774580336,834,1.7053998579232457,0.66,0.9986283773058612,0.08335626543228657,,,0.97,,0.9700176878243976,0.029982312175602432,0.998137088358369,0.09982588324275288,5,0.001,0.1,1.0,0.9970477619077553,0.9961832033537511,0.996761901607457,0.9966225023889489,0.9959965137086905,0.9973478484770905,0.996662327937978,0.996566304937098,0.9968574463021312,0.9962815735541138,0.9963578196498266
5,1,1.2743404657218107,0.64884,5000,1.6890083374800506,0.6594724220623501,834,1.7053998579232457,0.66,0.9986416288186145,0.08336297444895348,,,0.97,,0.9700176878243976,0.029982312175602432,0.998137088358369,0.09982588324275288,5,0.001,0.1,0.9970477619077553,1.0,0.9970798135881804,0.9968692359708169,0.9959334904781424,0.9955883313942309,0.9967071814170316,0.9966704660385435,0.9966347445895605,0.9973182637637961,0.9970145225543693,0.9959796915646526
5,2,1.2715901992882892,0.65692,5000,1.7080060022848624,0.657074340527578,834,1.7053998579232457,0.66,0.9981437796675412,0.08332441485285483,,,0.97,,0.9700176878243976,0.029982312175602432,0.998137088358369,0.09982588324275288,5,0.001,0.1,0.9961832033537511,0.9970798135881804,1.0,0.996121364612184,0.9958407229304611,0.9948253477982874,0.9969259019747937,0.9961822309954361,0.99567104295695,0.9964227986329642,0.9963548901915427,0.9952732830767015
5,3,1.235585163353355,0.67996,5000,1.6906195084253948,0.6942446043165468,834,1.7053998579232457,0.66,0.9983876545687321,0.08332371328309425,,,0.97,,0.9700176878243976,0.029982312175602432,0.998137088358369,0.09982588324275288,5,0.001,0.1,0.996761901607457,0.9968692359708169,0.996121364612184,1.0,0.9965249962462751,0.9960323801706823,0.9961599003895727,0.9965865243168903,0.9964215800717982,0.9963824068057373,0.9963597154946793,0.9955837198199721
5,4,1.2546881228495554,0.66948,5000,1.7079156857949715,0.6494597839135654,833,1.7053998579232457,0.66,0.9980688732493381,0.08332706262606086,,,0.97,,0.9700176878243976,0.029982312175602432,0.998137088358369,0.09982588324275288,5,0.001,0.1,0.9966225023889489,0.9959334904781424,0.9958407229304611,0.9965249962462751,1.0,0.99638090502954,0.9966170727885767,0.9957612768472933,0.9957249982909624,0.9959008177628539,0.9952082170492645,0.9954695983436722
5,5,1.2559307125723287,0.67004,5000,1.699598815706041,0.6422569027611045,833,1.7053998579232457,0.66,0.9975975091741016,0.08327335541381635,,,0.97,,0.9700176878243976,0.029982312175602432,0.998137088358369,0.09982588324275288,5,0.001,0.1,0.9959965137086905,0.9955883313942309,0.9948253477982874,0.9960323801706823,0.99638090502954,1.0,0.995352368437473,0.9957187640025889,0.9955603053296554,0.9958140512079837,0.9950389423077193,0.9940331640305591
5,6,1.2753544284279938,0.65376,5000,1.7306459965529266,0.6290516206482593,833,1.7053998579232457,0.66,0.9985398160120168,0.08335758234795482,,,0.97,,0.9700176878243976,0.029982312175602432,0.998137088358369,0.09982588324275288,5,0.001,0.1,0.9973478484770905,0.9967071814170316,0.9969259019747937,0.9961599003895727,0.9966170727885767,0.995352368437473,1.0,0.9965128763625827,0.9963677481392302,0.9966480615102244,0.9967843551334262,0.996200530677156
5,7,1.247928347633143,0.67124,5000,1.7020003221653126,0.6614645858343338,833,1.7053998579232457,0.66,0.9983797636905671,0.08334368764800007,,,0.97,,0.9700176878243976,0.029982312175602432,0.998137088358369,0.09982588324275288,5,0.001,0.1,0.996662327937978,0.9966704660385435,0.9961822309954361,0.9965865243168903,0.9957612768472933,0.9957187640025889,0.9965128763625827,1.0,0.9966899080265039,0.9967271839178258,0.996383004229886,0.9958129103778693
5,8,1.2581999566904298,0.67032,5000,1.71513420564157,0.6830732292917167,833,1.7053998579232457,0.66,0.9981819522956212,0.08333176236719689,,,0.97,,0.9700176878243976,0.029982312175602432,0.998137088358369,0.09982588324275288,5,0.001,0.1,0.996566304937098,0.9966347445895605,0.99567104295695,0.9964215800717982,0.9957249982909624,0.9955603053296554,0.9963677481392302,0.9966899080265039,1.0,0.9964763181109484,0.9962023878265966,0.9950227472438421
5,9,1.2668965383699746,0.65716,5000,1.7065549426608615,0.6650660264105642,833,1.7053998579232457,0.66,0.998540034179177,0.08336421177278612,,,0.97,,0.9700176878243976,0.029982312175602432,0.998137088358369,0.09982588324275288,5,0.001,0.1,0.9968574463021312,0.9973182637637961,0.9964227986329642,0.9963824068057373,0.9959008177628539,0.9958140512079837,0.9966480615102244,0.9967271839178258,0.9964763181109484,1.0,0.9970616727625812,0.996017271157365
5,10,1.2700892836424955,0.64756,5000,1.7125399774975247,0.65906362545018,833,1.7053998579232457,0.66,0.9982933225201395,0.0833238059489373,,,0.97,,0.9700176878243976,0.029982312175602432,0.998137088358369,0.09982588324275288,5,0.001,0.1,0.9962815735541138,0.9970145225543693,0.9963548901915427,0.9963597154946793,0.9952082170492645,0.9950389423077193,0.9967843551334262,0.996383004229886,0.9962023878265966,0.9970616727625812,1.0,0.995983121171072
5,11,1.27811287535224,0.65748,5000,1.6917632465009336,0.6674669867947179,833,1.7053998579232457,0.66,0.9977141447208306,0.08331116385805835,,,0.97,,0.9700176878243976,0.029982312175602432,0.998137088358369,0.09982588324275288,5,0.001,0.1,0.9963578196498266,0.9959796915646526,0.9952732830767015,0.9955837198199721,0.9954695983436722,0.9940331640305591,0.996200530677156,0.9958129103778693,0.9950227472438421,0.996017271157365,0.995983121171072,1.0
6,0,1.17268466053495,0.6708,5000,1.5824565092722576,0.6642685851318945,834,1.5670844362185785,0.6699,0.9982838291151835,0.08335866338403747,,,0.97,,0.9700176878243976,0.029982312175602432,0.9983398724625807,0.09979348578360159,5,0.001,0.1,1.0,0.99653246946916,0.9955237958986451,0.9962131874176923,0.9957153853305789,0.9949914270578918,0.9965538063726476,0.9959748356316257,0.9958596239610946,0.9959192468036756,0.9957874069030257,0.9955952978216592
6,1,1.188776527620425,0.66012,5000,1.5468310117721558,0.6690647482014388,834,1.5670844362185785,0.6699,0.9983851114061753,0.08336604843613438,,,0.97,,0.9700176878243976,0.029982312175602432,0.9983398724625807,0.09979348578360159,5,0.001,0.1,0.99653246946916,1.0,0.9964433183031152,0.9963336587489562,0.9953405363199025,0.9949905174167512,0.9959679515972285,0.9960090687160768,0.9962111109349893,0.9964611017820076,0.9963807283243785,0.9952086401600032
6,2,1.1834465451301284,0.66664,5000,1.570265809694926,0.6618705035971223,834,1.5670844362185785,0.6699,0.9978467828938014,0.08332501689962894,,,0.97,,0.9700176878243976,0.029982312175602432,0.9983398724625807,0.09979348578360159,5,0.001,0.1,0.9955237958986451,0.9964433183031152,1.0,0.9954572479427949,0.9954061489903744,0.9941290650799114,0.9963208586848054,0.9955420921462537,0.9950922989050199,0.9957506002925101,0.9955804771540981,0.9941876375403745
6,3,1.1459784885880293,0.68872,5000,1.5507874930346455,0.6990407673860911,834,1.5670844362185785,0.6699,0.9980724709179631,0.08333187264444848,,,0.97,,0.9700176878243976,0.029982312175602432,0.9983398724625807,0.09979348578360159,5,0.001,0.1,0.9962131874176923,0.9963336587489562,0.9954572479427949,1.0,0.9958528348755644,0.995600385096302,0.9954890860843669,0.99582202748838,0.9955586345832299,0.9957570680806787,0.9954980349852156,0.9945553217247807
6,4,1.1646799762157878,0.67752,5000,1.569542818599277,0.6614645858343338,833,1.5670844362185785,0.6699,0.9977641938359951,0.08332397473212529,,,0.97,,0.9700176878243976,0.029982312175602432,0.9983398724625807,0.09979348578360159,5,0.001,0.1,0.9957153853305789,0.9953405363199025,0.9954061489903744,0.9958528348755644,1.0,0.9956139454110419,0.9961545548972199,0.995058867048872,0.99492715598524,0.995152477194035,0.9947200455120001,0.9945041875039718
6,5,1.1696232529962138,0.68224,5000,1.5594179144612066,0.6602641056422569,833,1.5670844362185785,0.6699,0.9972634117877215,0.08327486389064769,,,0.97,,0.9700176878243976,0.029982312175602432,0.9983398724625807,0.09979348578360159,5,0.001,0.1,0.9949914270578918,0.9949905174167512,0.9941290650799114,0.995600385096302,0.9956139454110419,1.0,0.9945547184736875,0.9951504316916207,0.9950607360234447,0.994716001382716,0.9945408290086832,0.9931043171250423
6,6,1.1858161952085555,0.66508,5000,1.5970532761679754,0.6386554621848739,833,1.5670844362185785,0.6699,0.9982552187545217,0.08335854751841794,,,0.97,,0.9700176878243976,0.029982312175602432,0.9983398724625807,0.09979348578360159,5,0.001,0.1,0.9965538063726476,0.9959679515972285,0.9963208586848054,0.9954890860843669,0.9961545548972199,0.9945547184736875,1.0,0.9960734189793125,0.9956326267129268,0.9957879937433602,0.9964091803282269,0.9953795844916312
6,7,1.156737131601686,0.68016,5000,1.5631215263296057,0.6746698679471789,833,1.5670844362185785,0.6699,0.9981217226147838,0.08334571482670926,,,0.97,,0.9700176878243976,0.029982312175602432,0.9983398724625807,0.09979348578360159,5,0.001,0.1,0.9959748356316257,0.9960090687160768,0.9955420921462537,0.99582202748838,0.995058867048872,0.9951504316916207,0.9960734189793125,1.0,0.9959544812402757,0.9962220118631874,0.9959092371367476,0.9950094530386163
6,8,1.167833580712604,0.68064,5000,1.5794684180506953,0.6914765906362546,833,1.5670844362185785,0.6699,0.9978661812833797,0.08333015007272906,,,0.97,,0.9700176878243976,0.029982312175602432,0.9983398724625807,0.09979348578360159,5,0.001,0.1,0.9958596239610946,0.9962111109349893,0.9950922989050199,0.9955586345832299,0.99492715598524,0.9950607360234447,0.9956326267129268,0.9959544812402757,1.0,0.9955770973699247,0.9956741595815598,0.9941183247137839
6,9,1.1792237736616924,0.66756,5000,1.566923216537193,0.6758703481392557,833,1.5670844362185785,0.6699,0.9981119221168594,0.08335798779466769,,,0.97,,0.9700176878243976,0.029982312175602432,0.9983398724625807,0.09979348578360159,5,0.001,0.1,0.9959192468036756,0.9964611017820076,0.9957506002925101,0.9957570680806787,0.995152477194035,0.994716001382716,0.9957879937433602,0.9962220118631874,0.9955770973699247,1.0,0.9963483071096301,0.9949153904160759
6,10,1.1813655741655142,0.65972,5000,1.5741151615425393,0.6662665066026411,833,1.5670844362185785,0.6699,0.9980530354225882,0.08333130203204278,,,0.97,,0.9700176878243976,0.029982312175602432,0.9983398724625807,0.09979348578360159,5,0.001,0.1,0.9957874069030257,0.9963807283243785,0.9955804771540981,0.9954980349852156,0.9947200455120001,0.9945408290086832,0.9964091803282269,0.9959092371367476,0.9956741595815598,0.9963483071096301,1.0,0.9950552351240032
6,11,1.1893129373811613,0.66688,5000,1.552133251119543,0.6758703481392557,833,1.5670844362185785,0.6699,0.9971953413131557,0.08329585776841116,,,0.97,,0.9700176878243976,0.029982312175602432,0.9983398724625807,0.09979348578360159,5,0.001,0.1,0.9955952978216592,0.9952086401600032,0.9941876375403745,0.9945553217247807,0.9945041875039718,0.9931043171250423,0.9953795844916312,0.9950094530386163,0.9941183247137839,0.9949153904160759,0.9950552351240032,1.0
7,0,1.0989952318227973,0.68036,5000,1.4478101553740326,0.6750599520383693,834,1.430450526670145,0.6766,0.9980332573564339,0.08336778737103215,,,0.97,,0.9700176878243976,0.029982312175602432,0.9984090015832456,0.09974472871298952,5,0.001,0.1,1.0,0.9955841879785678,0.9946557924640735,0.9953126780027722,0.9947798319552111,0.9941741218943857,0.9959744115064014,0.99534743925298,0.9948070553801274,0.9953104017484061,0.9954207107166013,0.9944612030391337
7,1,1.1144847782554141,0.66872,5000,1.4064507087071736,0.6822541966426858,834,1.430450526670145,0.6766,0.9978858132051878,0.08336755720292148,,,0.97,,0.9700176878243976,0.029982312175602432,0.9984090015832456,0.09974472871298952,5,0.001,0.1,0.9955841879785678,1.0,0.9953333932609876,0.9952239372540225,0.9941441818830044,0.9940694968643294,0.9948098584288076,0.9950502422522136,0.9949775388719362,0.9956197627424428,0.9956021884639693,0.9936477129688892
