round,client_id,client_i_training_loss,client_i_training_accuracy,client_i_training_dataset_size,client_i_evaluation_loss,client_i_evaluation_accuracy,client_i_evaluation_dataset_size,client_i_central_evaluation_loss,client_i_central_evaluation_accuracy,client_i_cosine_similarity,client_i_importance_coefficient,client_i_tanh_val,tanh_normalization_value,client_i_q,client_i_mask_order,client_i_v_nonzero_fraction,client_i_v_sparsity,client_i_v_cosine_similarity,client_i_reward_gradient_norm,local_epochs,learning_rate,gamma,client_0_cosine_similarity,client_1_cosine_similarity,client_2_cosine_similarity,client_3_cosine_similarity,client_4_cosine_similarity,client_5_cosine_similarity,client_6_cosine_similarity,client_7_cosine_similarity,client_8_cosine_similarity,client_9_cosine_similarity,client_10_cosine_similarity,client_11_cosine_similarity
0,0,2.284371929457693,0.137485001199904,4167,2.299124377114432,0.11870503597122302,834,2.2993238907826097,0.1094,0.977609788945734,0.08321929879841983,,,0.8333611537275181,,0.8334241058903138,0.1665758941096862,0,0.14681254418912018,10,0.025,0.15,1.0,0.9504520171609903,0.9547470468735492,0.9641340429380251,0.9453171156068869,0.9390833749493256,0.9492766147483489,0.9656187288461842,0.9468753023238196,0.9691565798833166,0.9583064511579217,0.9413921655349238
0,1,2.28509775725278,0.1459083273338133,4167,2.2977263246263777,0.1223021582733813,834,2.2993230759343013,0.1095,0.9808603251440845,0.0834960015751354,,,0.8818035641294915,,0.8818553910646796,0.11814460893532042,0,0.14682470006810353,10,0.025,0.15,0.9504520171609903,1.0,0.946472096381279,0.9427020558030783,0.959380685957593,0.97107371861838,0.9404114838236093,0.9684112065663705,0.9719380891311775,0.9598371140480875,0.9516391604653138,0.9602307703931601
0,2,2.2804402257456924,0.13878089752819775,4167,2.294255358832223,0.11151079136690648,834,2.299324041680445,0.1094,0.9772872993800119,0.08319184678655102,,,0.8285551245250151,,0.8285966562690829,0.17140334373091715,0,0.14681131678514645,10,0.025,0.15,0.9547470468735492,0.946472096381279,1.0,0.9624903036191929,0.9341104396222762,0.9404525391828695,0.968332655141289,0.9431772670511905,0.9563314693401662,0.9580926134590132,0.9657081440194054,0.9506603629827776
0,3,2.283904073455117,0.13179745620350372,4167,2.300511496407645,0.11390887290167866,834,2.299323878710783,0.1094,0.9774553256933562,0.08320615007210964,,,0.8310592035854135,,0.831105279661996,0.168894720338004,0,0.14681192841482157,10,0.025,0.15,0.9641340429380251,0.9427020558030783,0.9624903036191929,1.0,0.9410548535883387,0.9304447494680197,0.9564177716362745,0.9508672938353305,0.9509581545493244,0.9615857822883147,0.974501731786464,0.9473927934230189
0,4,2.2895111177906844,0.14034077273818094,4167,2.304084130695888,0.09123649459783914,833,2.299312826953357,0.1093,0.9737695452250943,0.08289239700870747,,,0.7761303920909493,,0.776171378587579,0.223828621412421,0,0.1467651647058373,10,0.025,0.15,0.9453171156068869,0.959380685957593,0.9341104396222762,0.9410548535883387,1.0,0.9387281886486281,0.9437105656135365,0.9672799045648942,0.9584492970429194,0.9610465296263739,0.9473326067030935,0.9428385749227508
0,5,2.283155023690426,0.14223662107031437,4167,2.300273827144078,0.1092436974789916,833,2.2993150149719623,0.1095,0.9720161686968845,0.08274314035553446,,,0.75,,0.7500041260253173,0.2499958739746827,0,0.14674317353585126,10,0.025,0.15,0.9390833749493256,0.97107371861838,0.9404525391828695,0.9304447494680197,0.9387281886486281,1.0,0.9228777356319037,0.9480472184264603,0.9643147222163816,0.9582121720161721,0.9401140021416813,0.9653087800672387
0,6,2.2837825659549598,0.12762179025677944,4167,2.3011300223214284,0.10084033613445378,833,2.2993126730375653,0.1093,0.9742195767924547,0.08293070606810558,,,0.7828371667735341,,0.7828720437028601,0.21712795629713988,0,0.14676828627569358,10,0.025,0.15,0.9492766147483489,0.9404114838236093,0.968332655141289,0.9564177716362745,0.9437105656135365,0.9228777356319037,1.0,0.9503059820400963,0.9542688420377676,0.957435901381515,0.9571833890855822,0.9443149324746565
0,7,2.2854351686708854,0.1490040796736261,4167,2.301727260862078,0.09963985594237695,833,2.299325125126899,0.1095,0.9823875446401179,0.08362600654952118,,,0.9045635609688718,,0.904606294664224,0.09539370533577596,0,0.14683879305509245,10,0.025,0.15,0.9656187288461842,0.9684112065663705,0.9431772670511905,0.9508672938353305,0.9672799045648942,0.9480472184264603,0.9503059820400963,1.0,0.9617547624670014,0.974994558343775,0.9575133229575552,0.9525183179323445
0,8,2.2813339493491434,0.12496399423907825,4166,2.2976224763052806,0.11164465786314526,833,2.2993251371987258,0.1095,0.9838274466529539,0.08374857859943473,,,0.9260222742358756,,0.9260698783647736,0.07393012163522639,0,0.14683970654331033,10,0.025,0.15,0.9468753023238196,0.9719380891311775,0.9563314693401662,0.9509581545493244,0.9584492970429194,0.9643147222163816,0.9542688420377676,0.9617547624670014,1.0,0.9628241136814086,0.9602493443612959,0.9694491756831719
0,9,2.2837947939381453,0.13490158425348056,4166,2.2998104436056956,0.10324129651860744,833,2.2993247177027447,0.1095,0.9867783978496868,0.08399977912152169,,,0.9699999998249298,,0.9700285520951957,0.029971447904804327,0,0.14684232685226356,10,0.025,0.15,0.9691565798833166,0.9598371140480875,0.9580926134590132,0.9615857822883147,0.9610465296263739,0.9582121720161721,0.957435901381515,0.974994558343775,0.9628241136814086,1.0,0.962963360935247,0.965927548901126
0,10,2.2836583072488956,0.1371099375900144,4166,2.3015799862997874,0.11284513805522209,833,2.2993252156656,0.1095,0.9821009615057044,0.08360161108236953,,,0.9002926416606687,,0.9003399844861448,0.09966001551385517,0,0.14683855106531143,10,0.025,0.15,0.9583064511579217,0.9516391604653138,0.9657081440194054,0.974501731786464,0.9473326067030935,0.9401140021416813,0.9571833890855822,0.9575133229575552,0.9602493443612959,0.962963360935247,1.0,0.9616198415426456
0,11,2.281953157078136,0.14385501680268842,4166,2.294368471418108,0.11764705882352941,833,2.2993232781374,0.1094,0.9790803884730349,0.08334448398258952,,,0.8552773489308229,,0.8553167962238616,0.1446832037761384,0,0.1468169290503402,10,0.025,0.15,0.9413921655349238,0.9602307703931601,0.9506603629827776,0.9473927934230189,0.9428385749227508,0.9653087800672387,0.9443149324746565,0.9525183179323445,0.9694491756831719,0.965927548901126,0.9616198415426456,1.0
1,0,2.172779538414695,0.19565634749220062,4167,2.2871547085898265,0.17146282973621102,834,2.2874416641042203,0.1511,0.9871927233119224,0.08321861939138758,,,0.97,,0.9700285520951957,0.029971447904804327,0.8405033301469464,0.14828594359388192,10,0.025,0.15,1.0,0.9769742172056706,0.9722276588681117,0.9746115130761301,0.9693413270002875,0.975943970255515,0.9681208563882363,0.9728640217807952,0.9735357909701211,0.9771746410579133,0.9761203072667639,0.973997841066444
1,1,2.1702683622186836,0.189056875449964,4167,2.284526859010969,0.16786570743405277,834,2.28743936140326,0.1511,0.9915334613815251,0.083529611640869,,,0.97,,0.9700285520951957,0.029971447904804327,0.8406210332895703,0.14828594359388192,10,0.025,0.15,0.9769742172056706,1.0,0.9743891193068827,0.9772043039412324,0.9800492527447362,0.9793806884194333,0.9720781128648461,0.9824038995175495,0.9817491694057657,0.9803582564863644,0.9765414949815079,0.9812063630482687
1,2,2.162972614620671,0.19544036477081833,4167,2.282482215336391,0.1606714628297362,834,2.287442095672028,0.1511,0.9852259512699721,0.08313799286148396,,,0.97,,0.9700285520951957,0.029971447904804327,0.8405054010114725,0.14828594359388192,10,0.025,0.15,0.9722276588681117,0.9743891193068827,1.0,0.970328422493922,0.9694298404418468,0.9751264814510868,0.9701243444351189,0.9673189615472989,0.9724037775388665,0.9730719428176832,0.9747002135110272,0.9685350421133238
1,3,2.170161310109225,0.18641708663306936,4167,2.289383888244629,0.14028776978417265,834,2.2874417123915274,0.1511,0.9890001710259488,0.08326908863070183,,,0.97,,0.9700285520951957,0.029971447904804327,0.8405040582480131,0.14828594359388192,10,0.025,0.15,0.9746115130761301,0.9772043039412324,0.970328422493922,1.0,0.9691267083431703,0.9697254425064276,0.9769322620276528,0.9766061956085146,0.9792990441995387,0.9808854386106258,0.9795281507963609,0.9780208811553546
1,4,2.1808789184599213,0.18723302135829134,4167,2.2935797486986433,0.12484993997599039,833,2.287435211712801,0.1497,0.9871427477148131,0.08301575023810272,,,0.97,,0.9700285520951957,0.029971447904804327,0.8396008714031294,0.14828594359388192,10,0.025,0.15,0.9693413270002875,0.9800492527447362,0.9694298404418468,0.9691267083431703,1.0,0.9717297748560092,0.9727836948231938,0.975113740841089,0.9782197613301182,0.9776987573247495,0.9737333753565441,0.9731592445264952
1,5,2.175629888158856,0.19428845692344612,4167,2.288602352142334,0.14765906362545017,833,2.2874397748633277,0.1496,0.9868531908102872,0.08291448160513422,,,0.97,,0.9700285520951957,0.029971447904804327,0.839381868258091,0.14828594359388192,10,0.025,0.15,0.975943970255515,0.9793806884194333,0.9751264814510868,0.9697254425064276,0.9717297748560092,1.0,0.963410270136375,0.9748213903620943,0.9741826312629516,0.974279272235673,0.9712827683936776,0.9771499298882055
1,6,2.1783249844204295,0.1841852651787857,4167,2.289301906313215,0.13805522208883553,833,2.287434743929513,0.1497,0.985512278193743,0.08298650475600372,,,0.97,,0.9700285520951957,0.029971447904804327,0.8396452357121933,0.14828594359388192,10,0.025,0.15,0.9681208563882363,0.9720781128648461,0.9701243444351189,0.9769322620276528,0.9727836948231938,0.963410270136375,1.0,0.9700592166315802,0.9732102892719491,0.9770491803813797,0.9747856898058207,0.9724896553566323
1,7,2.1668736096584436,0.19496040316774657,4167,2.289296661104475,0.14765906362545017,833,2.287440499172935,0.1511,0.9892494152201411,0.08353563988091439,,,0.97,,0.9700285520951957,0.029971447904804327,0.8406042295898613,0.14828594359388192,10,0.025,0.15,0.9728640217807952,0.9824038995175495,0.9673189615472989,0.9766061956085146,0.975113740841089,0.9748213903620943,0.9700592166315802,1.0,0.9774559093981711,0.9806585334575316,0.9766331672019105,0.9812090176913733
1,8,2.1660546082438845,0.1915026404224676,4166,2.2865045411246165,0.148859543817527,833,2.2874405353884155,0.1511,0.9902356059552054,0.08364305268692693,,,0.97,,0.9700285520951957,0.029971447904804327,0.8406137874830272,0.14828594359388192,10,0.025,0.15,0.9735357909701211,0.9817491694057657,0.9724037775388665,0.9792990441995387,0.9782197613301182,0.9741826312629516,0.9732102892719491,0.9774559093981711,1.0,0.9804341674340054,0.9769865291849301,0.979375867038345
1,9,2.169467584292094,0.18612578012481998,4166,2.286494663783482,0.1452581032412965,833,2.2874399046354656,0.1511,0.9913751530878231,0.08383462174503716,,,0.97,,0.9700285520951957,0.029971447904804327,0.8406546180207541,0.14828594359388192,10,0.025,0.15,0.9771746410579133,0.9803582564863644,0.9730719428176832,0.9808854386106258,0.9776987573247495,0.974279272235673,0.9770491803813797,0.9806585334575316,0.9804341674340054,1.0,0.9783259904340083,0.9803881180637994
1,10,2.175028566158179,0.18759001440230436,4166,2.2900729519980296,0.15846338535414164,833,2.2874406802503366,0.1511,0.9894488093514179,0.08352708201300237,,,0.97,,0.9700285520951957,0.029971447904804327,0.840612923621823,0.14828594359388192,10,0.025,0.15,0.9761203072667639,0.9765414949815079,0.9747002135110272,0.9795281507963609,0.9737333753565441,0.9712827683936776,0.9747856898058207,0.9766331672019105,0.9769865291849301,0.9783259904340083,1.0,0.9789232588948726
1,11,2.160946039358775,0.1970955352856457,4166,2.282345635550363,0.15726290516206481,833,2.2874405746218525,0.1511,0.9900280164210572,0.0833875545504362,,,0.97,,0.9700285520951957,0.029971447904804327,0.8405387234783033,0.14828594359388192,10,0.025,0.15,0.973997841066444,0.9812063630482687,0.9685350421133238,0.9780208811553546,0.9731592445264952,0.9771499298882055,0.9724896553566323,0.9812090176913733,0.979375867038345,0.9803881180637994,0.9789232588948726,1.0
2,0,2.0934271783539744,0.23294936405087593,4167,2.2698265484401157,0.2038369304556355,834,2.2700325839127165,0.178,0.9810966047850149,0.08312745502483916,,,0.97,,0.9700285520951957,0.029971447904804327,0.9551452229733316,0.14779002620108028,10,0.025,0.15,1.0,0.9646578445807108,0.9630083619007566,0.9649860220426492,0.9603000862561908,0.9675278373269183,0.9599555994729423,0.9609943523896474,0.9638733258264779,0.9621809944711733,0.9646119721204921,0.9676665172444101
2,1,2.0854294061660767,0.22750179985601152,4167,2.2654258523668562,0.21223021582733814,834,2.2700286243535297,0.1779,0.9878836098126011,0.08353934855273908,,,0.97,,0.9700285520951957,0.029971447904804327,0.9551452229733316,0.14779002620108028,10,0.025,0.15,0.9646578445807108,1.0,0.9649805416750079,0.9711144412070504,0.9746855238277511,0.9693964480349678,0.96920808304645,0.9745878902622608,0.9759838615405781,0.9718986221170557,0.9677037063703314,0.9756215070316512
2,2,2.079009785074176,0.23407727381809454,4167,2.2653413159506663,0.18944844124700239,834,2.2700333444378042,0.178,0.9804429427873336,0.08305654839262963,,,0.97,,0.9700285520951957,0.029971447904804327,0.9551452229733316,0.14779002620108028,10,0.025,0.15,0.9630083619007566,0.9649805416750079,1.0,0.9590947022361267,0.9656556885491906,0.9678412243209655,0.9662966745031036,0.9558305101073606,0.9653382101114897,0.9624832026069292,0.963401685204649,0.9581968390996017
2,3,2.0862757726149126,0.22474202063834894,4167,2.2732020786830356,0.17146282973621102,834,2.2700325929665865,0.178,0.9865702180247584,0.08333614647552721,,,0.97,,0.9700285520951957,0.029971447904804327,0.9551452229733316,0.14779002620108028,10,0.025,0.15,0.9649860220426492,0.9711144412070504,0.9590947022361267,1.0,0.9667767953915782,0.9651759535377833,0.9713854885665388,0.9713081991565337,0.9768510401669362,0.9757036836026738,0.9712012187519039,0.9707239856190035
2,4,2.095357053568869,0.22627789776817855,4167,2.277724470411028,0.16566626650660263,833,2.2700340536576284,0.1775,0.9854164997394482,0.08314255344849218,,,0.97,,0.9700285520951957,0.029971447904804327,0.9551452229733316,0.14779002620108028,10,0.025,0.15,0.9603000862561908,0.9746855238277511,0.9656556885491906,0.9667767953915782,1.0,0.9662868812327674,0.9699581370704607,0.9676155339686893,0.9723646043220509,0.970030636173269,0.9681381972111899,0.9690379347777986
2,5,2.0914930618170535,0.23880489560835133,4167,2.271359443664551,0.16326530612244897,833,2.270042497900468,0.1774,0.9822274744638869,0.08297666746384083,,,0.97,,0.9700285520951957,0.029971447904804327,0.9551452229733316,0.14779002620108028,10,0.025,0.15,0.9675278373269183,0.9693964480349678,0.9678412243209655,0.9651759535377833,0.9662868812327674,1.0,0.9597269389352849,0.9619980784242822,0.9631748766365288,0.9606919770411458,0.9609566153288948,0.9705130497532956
2,6,2.0971614711212387,0.22248620110391168,4167,2.271989549909319,0.15966386554621848,833,2.2700331844860995,0.1776,0.9856549845903925,0.08313226315484486,,,0.97,,0.9700285520951957,0.029971447904804327,0.9551452229733316,0.14779002620108028,10,0.025,0.15,0.9599555994729423,0.96920808304645,0.9662966745031036,0.9713854885665388,0.9699581370704607,0.9597269389352849,1.0,0.9684830914165683,0.9723900009656498,0.9724292572227077,0.9735257071326427,0.9702757899828173
2,7,2.078926234895533,0.22613390928725702,4167,2.271125997815813,0.1644657863145258,833,2.270027945313273,0.1779,0.9855227336756189,0.0834664702368508,,,0.97,,0.9700285520951957,0.029971447904804327,0.9551452229733316,0.14779002620108028,10,0.025,0.15,0.9609943523896474,0.9745878902622608,0.9558305101073606,0.9713081991565337,0.9676155339686893,0.9619980784242822,0.9684830914165683,1.0,0.9736525013669912,0.9735006245197574,0.9685689814019011,0.975287470065153
2,8,2.0843399553587942,0.2243879020643303,4166,2.2699996062687466,0.1716686674669868,833,2.27002802076219,0.1779,0.9883548371378629,0.08362456394550395,,,0.97,,0.9700285520951957,0.029971447904804327,0.9551452229733316,0.14779002620108028,10,0.025,0.15,0.9638733258264779,0.9759838615405781,0.9653382101114897,0.9768510401669362,0.9723646043220509,0.9631748766365288,0.9723900009656498,0.9736525013669912,1.0,0.9747801767675872,0.9728693573350535,0.9740505010908986
2,9,2.0872652165817493,0.22258761401824292,4166,2.267303262438093,0.1788715486194478,833,2.27002702483648,0.1779,0.9869190811583303,0.08369607045333066,,,0.97,,0.9700285520951957,0.029971447904804327,0.9551452229733316,0.14779002620108028,10,0.025,0.15,0.9621809944711733,0.9718986221170557,0.9624832026069292,0.9757036836026738,0.970030636173269,0.9606919770411458,0.9724292572227077,0.9735006245197574,0.9747801767675872,1.0,0.9700889438514189,0.9744921632528383
2,10,2.096910857070576,0.21977916466634662,4166,2.2730421338762556,0.17767106842737096,833,2.270028289360336,0.1779,0.9854844644312613,0.08345995342378563,,,0.97,,0.9700285520951957,0.029971447904804327,0.9551452229733316,0.14779002620108028,10,0.025,0.15,0.9646119721204921,0.9677037063703314,0.963401685204649,0.9712012187519039,0.9681381972111899,0.9609566153288948,0.9735257071326427,0.9685689814019011,0.9728693573350535,0.9700889438514189,1.0,0.9703948317113371
2,11,2.0705247496113635,0.2388382141142583,4166,2.264878273010254,0.18247298919567828,833,2.270030797282352,0.178,0.9875808544995138,0.08344195942761591,,,0.97,,0.9700285520951957,0.029971447904804327,0.9551452229733316,0.14779002620108028,10,0.025,0.15,0.9676665172444101,0.9756215070316512,0.9581968390996017,0.9707239856190035,0.9690379347777986,0.9705130497532956,0.9702757899828173,0.975287470065153,0.9740505010908986,0.9744921632528383,0.9703948317113371,1.0
3,0,2.0286973790688947,0.26066714662826973,4167,2.247401067188808,0.23860911270983212,834,2.24729553657242,0.2168,0.9812370067025903,0.08314844307960889,,,0.97,,0.9700285520951957,0.029971447904804327,0.9795039894796692,0.147453264380451,10,0.025,0.15,1.0,0.96159511567855,0.9590932803564184,0.9630033134079888,0.9566742108810722,0.9660017688963005,0.9595101565616766,0.9600338596417561,0.960028814032458,0.9614080866031611,0.9641460798322704,0.9635371409639111
3,1,2.019146399786978,0.2566834653227742,4167,2.2405265058789934,0.25539568345323743,834,2.2472898447060885,0.217,0.9847768753386323,0.08351750920664623,,,0.97,,0.9700285520951957,0.029971447904804327,0.9795039894796692,0.147453264380451,10,0.025,0.15,0.96159511567855,1.0,0.9562914728753978,0.9672485371714743,0.9688610072740436,0.965989821059503,0.9627684352878594,0.9679064935715231,0.9698646965481096,0.9666781910085992,0.9615309596553155,0.9678192892801797
3,2,2.0145696127053463,0.26294696424286057,4167,2.2428764615740096,0.22422062350119903,834,2.2472965717315674,0.2168,0.9782998385433325,0.08300932234808331,,,0.97,,0.9700285520951957,0.029971447904804327,0.9795039894796692,0.147453264380451,10,0.025,0.15,0.9590932803564184,0.9562914728753978,1.0,0.9556184787503679,0.95945530679759,0.9646935062998071,0.9628258726727813,0.9524871216367674,0.9588532666346942,0.9609201959556973,0.9582258773319807,0.9520190429973041
3,3,2.0207146030483822,0.25224382049436045,4167,2.2523630687168668,0.20863309352517986,834,2.247295439997806,0.2169,0.9845678459936799,0.08338535443663547,,,0.97,,0.9700285520951957,0.029971447904804327,0.9795039894796692,0.147453264380451,10,0.025,0.15,0.9630033134079888,0.9672485371714743,0.9556184787503679,1.0,0.9639079537912423,0.9619506159086069,0.9666675155911421,0.9650284615122627,0.9701347366318552,0.9704057932823336,0.9661012517946982,0.9640688586035151
3,4,2.027024052721081,0.25589152867770576,4167,2.256853001458304,0.20168067226890757,833,2.247309334670441,0.2174,0.9825634888166203,0.08320083105424778,,,0.97,,0.9700285520951957,0.029971447904804327,0.9795039894796692,0.147453264380451,10,0.025,0.15,0.9566742108810722,0.9688610072740436,0.95945530679759,0.9639079537912423,1.0,0.964040016077408,0.961979257355286,0.9601772969427528,0.9660330149917852,0.9660549932651165,0.9631648932433056,0.9602686545945218
3,5,2.0228027560494164,0.26947444204463644,4167,2.248536620821272,0.19447779111644659,833,2.247322106663185,0.2173,0.9819385467758914,0.08307819345742001,,,0.97,,0.9700285520951957,0.029971447904804327,0.9795039894796692,0.147453264380451,10,0.025,0.15,0.9660017688963005,0.965989821059503,0.9646935062998071,0.9619506159086069,0.964040016077408,1.0,0.9593797845422298,0.958829230409611,0.959691838890073,0.9591212740063464,0.9604769276520088,0.9632374603291515
3,6,2.035567634755915,0.24886009119270458,4167,2.249279941831316,0.2028811524609844,833,2.2473079735719703,0.2173,0.9835770297144317,0.08322739356837913,,,0.97,,0.9700285520951957,0.029971447904804327,0.9795039894796692,0.147453264380451,10,0.025,0.15,0.9595101565616766,0.9627684352878594,0.9628258726727813,0.9666675155911421,0.961979257355286,0.9593797845422298,1.0,0.9639326838805995,0.9654744633667736,0.9662106133907652,0.9701154995088134,0.9637064836908718
3,7,2.0152771693287472,0.25435565154787615,4167,2.247342382158552,0.20408163265306123,833,2.247286950485616,0.2166,0.9828413245845379,0.08340969605358219,,,0.97,,0.9700285520951957,0.029971447904804327,0.9795039894796692,0.147453264380451,10,0.025,0.15,0.9600338596417561,0.9679064935715231,0.9524871216367674,0.9650284615122627,0.9601772969427528,0.958829230409611,0.9639326838805995,1.0,0.9647764729092766,0.9670727539782968,0.9645386421815733,0.9689127190237687
3,8,2.022579055121451,0.25242438790206434,4166,2.2482285840170726,0.19567827130852342,833,2.2472870259345332,0.2166,0.9844750843751295,0.08356028397032579,,,0.97,,0.9700285520951957,0.029971447904804327,0.9795039894796692,0.147453264380451,10,0.025,0.15,0.960028814032458,0.9698646965481096,0.9588532666346942,0.9701347366318552,0.9660330149917852,0.959691838890073,0.9654744633667736,0.9647764729092766,1.0,0.9673662216500711,0.9653337527259395,0.9653829641852394
3,9,2.024308145046234,0.2530004800768123,4166,2.2424769742148265,0.22328931572629052,833,2.247285489794574,0.2165,0.9847712517653373,0.08361401752766309,,,0.97,,0.9700285520951957,0.029971447904804327,0.9795039894796692,0.147453264380451,10,0.025,0.15,0.9614080866031611,0.9666781910085992,0.9609201959556973,0.9704057932823336,0.9660549932651165,0.9591212740063464,0.9662106133907652,0.9670727539782968,0.9673662216500711,1.0,0.964684210194723,0.9664969729141825
3,10,2.0364007538015194,0.24644743158905424,4166,2.250680446624756,0.2304921968787515,833,2.247287517861475,0.2166,0.9837105362293519,0.08343390006085054,,,0.97,,0.9700285520951957,0.029971447904804327,0.9795039894796692,0.147453264380451,10,0.025,0.15,0.9641460798322704,0.9615309596553155,0.9582258773319807,0.9661012517946982,0.9631648932433056,0.9604769276520088,0.9701154995088134,0.9645386421815733,0.9653337527259395,0.964684210194723,1.0,0.9657202420501302
3,11,2.0045114864002573,0.27131541046567453,4166,2.2422208104814803,0.22448979591836735,833,2.247292962255357,0.2168,0.9834720725963504,0.08341505523655747,,,0.97,,0.9700285520951957,0.029971447904804327,0.9795039894796692,0.147453264380451,10,0.025,0.15,0.9635371409639111,0.9678192892801797,0.9520190429973041,0.9640688586035151,0.9602686545945218,0.9632374603291515,0.9637064836908718,0.9689127190237687,0.9653829641852394,0.9664969729141825,0.9657202420501302,1.0
4,0,1.9759563586928628,0.28768898488120953,4167,2.2197368826184953,0.24820143884892087,834,2.2193700724010226,0.2433,0.9802009660901555,0.08320373959314897,,,0.97,,0.9700285520951957,0.029971447904804327,0.9876227675709985,0.14710158194281583,10,0.025,0.15,1.0,0.9575740395155847,0.9558934864762875,0.9580518082020666,0.9527626598399987,0.9618112259845114,0.9554097125805362,0.9572920391757004,0.9557024825006547,0.9580611630817478,0.9616149324346978,0.9610489965105259
4,1,1.9686188640016498,0.2787137029037677,4167,2.2099976539611816,0.28177458033573144,834,2.2193624912937984,0.2434,0.9824483931994454,0.08350469032004385,,,0.97,,0.9700285520951957,0.029971447904804327,0.9876227675709985,0.14710158194281583,10,0.025,0.15,0.9575740395155847,1.0,0.9521502456447966,0.9604466624739907,0.9617115465880368,0.9617374544744175,0.9582470681409488,0.9629912624661017,0.9630893279016448,0.9620311633688508,0.9577407685870077,0.9637280344480327
4,2,1.9577098040869743,0.2869450443964483,4167,2.215066058295114,0.2529976019184652,834,2.2193713218350952,0.2433,0.9765120299225745,0.08299793458516293,,,0.97,,0.9700285520951957,0.029971447904804327,0.9876227675709985,0.14710158194281583,10,0.025,0.15,0.9558934864762875,0.9521502456447966,1.0,0.948932411029257,0.955758441375511,0.960973767530507,0.9571403416681936,0.9473133313803461,0.9537417974249864,0.9575539197395337,0.9535659687442933,0.9489204475732608
4,3,1.9645159002506372,0.27655387568994483,4167,2.226975611277989,0.2302158273381295,834,2.2193699969521052,0.2433,0.9800266927022303,0.08334437361708943,,,0.97,,0.9700285520951957,0.029971447904804327,0.9876227675709985,0.14710158194281583,10,0.025,0.15,0.9580518082020666,0.9604466624739907,0.948932411029257,1.0,0.9556113073773799,0.9563329122021281,0.957995041745873,0.9574311918512376,0.9606958672482973,0.9620768383239787,0.9585129985085384,0.9569035632465849
4,4,1.9759459954319578,0.280033597312215,4167,2.231175797326224,0.22088835534213686,833,2.219396235067633,0.2433,0.9796607876507522,0.08321853390956191,,,0.97,,0.9700285520951957,0.029971447904804327,0.9876227675709985,0.14710158194281583,10,0.025,0.15,0.9527626598399987,0.9617115465880368,0.955758441375511,0.9556113073773799,1.0,0.9573061175693361,0.9579205151331895,0.9534050158297781,0.9601219018030033,0.9612022810905647,0.9600091948698005,0.9529990050587595
4,5,1.9677900679183729,0.2937365010799136,4167,2.220728431429182,0.22448979591836735,833,2.2194128730629066,0.2433,0.9809971603808375,0.08318623612540711,,,0.97,,0.9700285520951957,0.029971447904804327,0.9876227675709985,0.14710158194281583,10,0.025,0.15,0.9618112259845114,0.9617374544744175,0.960973767530507,0.9563329122021281,0.9573061175693361,1.0,0.9562549400318218,0.9574481916707661,0.9575479950376058,0.9569772272430273,0.9598679516605949,0.9583898007203904
4,6,1.983045993790482,0.2742020638348932,4167,2.221451384680612,0.2424969987995198,833,2.2193940259233305,0.2433,0.9810218524753702,0.08327917308774861,,,0.97,,0.9700285520951957,0.029971447904804327,0.9876227675709985,0.14710158194281583,10,0.025,0.15,0.9554097125805362,0.9582470681409488,0.9571403416681936,0.957995041745873,0.9579205151331895,0.9562549400318218,1.0,0.956857097157049,0.9605407877968749,0.9602674615942626,0.9642150080099593,0.9599649289875468
4,7,1.9623773925232164,0.27856971442284617,4167,2.218310901096889,0.23169267707082833,833,2.2193577229222163,0.2429,0.9800270285479968,0.08335941603097387,,,0.97,,0.9700285520951957,0.029971447904804327,0.9876227675709985,0.14710158194281583,10,0.025,0.15,0.9572920391757004,0.9629912624661017,0.9473133313803461,0.9574311918512376,0.9534050158297781,0.9574481916707661,0.956857097157049,1.0,0.9575086455680313,0.9599397891884411,0.9586440604406129,0.9641449677961856
4,8,1.9694970112858396,0.2756841094575132,4166,2.221265826906477,0.22328931572629052,833,2.219357846658441,0.2429,0.9813500359709758,0.0834954067869874,,,0.97,,0.9700285520951957,0.029971447904804327,0.9876227675709985,0.14710158194281583,10,0.025,0.15,0.9557024825006547,0.9630893279016448,0.9537417974249864,0.9606958672482973,0.9601219018030033,0.9575479950376058,0.9605407877968749,0.9575086455680313,1.0,0.9593798601680277,0.9608701114333386,0.9593081882890783
4,9,1.9716999624714706,0.27774843975036007,4166,2.2122425692422047,0.25210084033613445,833,2.2193555952627446,0.243,0.9822777887728191,0.08355874154225022,,,0.97,,0.9700285520951957,0.029971447904804327,0.9876227675709985,0.14710158194281583,10,0.025,0.15,0.9580611630817478,0.9620311633688508,0.9575539197395337,0.9620768383239787,0.9612022810905647,0.9569772272430273,0.9602674615942626,0.9599397891884411,0.9593798601680277,1.0,0.9596537791142152,0.962272699311535
4,10,1.984995714823405,0.2697071531445031,4166,2.222898619515555,0.25570228091236497,833,2.219358507590958,0.2429,0.9820867924290332,0.08344130732816439,,,0.97,,0.9700285520951957,0.029971447904804327,0.9876227675709985,0.14710158194281583,10,0.025,0.15,0.9616149324346978,0.9577407685870077,0.9535659687442933,0.9585129985085384,0.9600091948698005,0.9598679516605949,0.9642150080099593,0.9586440604406129,0.9608701114333386,0.9596537791142152,1.0,0.9625738303396733
4,11,1.949047368223017,0.2917906865098416,4166,2.214583362851824,0.25570228091236497,833,2.2193668431873563,0.2433,0.9814953325378755,0.0834104470734615,,,0.97,,0.9700285520951957,0.029971447904804327,0.9876227675709985,0.14710158194281583,10,0.025,0.15,0.9610489965105259,0.9637280344480327,0.9489204475732608,0.9569035632465849,0.9529990050587595,0.9583898007203904,0.9599649289875468,0.9641449677961856,0.9593081882890783,0.962272699311535,0.9625738303396733,1.0
5,0,1.9305595264290318,0.3025677945764339,4167,2.1873654978615895,0.26019184652278177,834,2.186624877060516,0.2611,0.9779019827717549,0.08324856389384741,,,0.97,,0.9700285520951957,0.029971447904804327,0.9907961234991299,0.14670697704136243,10,0.025,0.15,1.0,0.9535161660059707,0.9508376769754285,0.9542146073061246,0.9471524904070708,0.9564860822591225,0.9492470652365443,0.9518016702072354,0.9496158369844736,0.9515673944186781,0.9567565974238137,0.9560788318384923
5,1,1.9242091951948224,0.2990880729541637,4167,2.1743131365094865,0.30335731414868106,834,2.186615349371222,0.2613,0.9795099947041651,0.08348691457062277,,,0.97,,0.9700285520951957,0.029971447904804327,0.9907961234991299,0.14670697704136243,10,0.025,0.15,0.9535161660059707,1.0,0.9463318429936648,0.9541995579870964,0.9559857349202094,0.9552024097708296,0.951968195263121,0.9577125910324472,0.958095843136815,0.9539094015537382,0.9522085427065512,0.9568228661267024
5,2,1.9112406488620874,0.3062155027597792,4167,2.1824116025652205,0.27577937649880097,834,2.1866263890568214,0.2612,0.9742074492091412,0.0830011441108271,,,0.97,,0.9700285520951957,0.029971447904804327,0.9907961234991299,0.14670697704136243,10,0.025,0.15,0.9508376769754285,0.9463318429936648,1.0,0.9490873912084011,0.9488409749004938,0.9553831330387551,0.9497110484625488,0.9439870127645318,0.9482471873166765,0.95240771588775,0.9465304631445118,0.9427148322095003
5,3,1.9187290000193047,0.29400047996160306,4167,2.1974013873509,0.2446043165467626,834,2.186624868006646,0.2612,0.9792746875594139,0.08338015811015227,,,0.97,,0.9700285520951957,0.029971447904804327,0.9907961234991299,0.14670697704136243,10,0.025,0.15,0.9542146073061246,0.9541995579870964,0.9490873912084011,1.0,0.9526402285292693,0.9530512084873816,0.9540177908180116,0.9533404066908496,0.9572178817169558,0.9586063512709053,0.9546310582125961,0.9522696320103354
5,4,1.9295191074862625,0.2986081113510919,4167,2.2009215354919434,0.23289315726290516,833,2.1866663558573665,0.2613,0.9771393884763442,0.08323289842720796,,,0.97,,0.9700285520951957,0.029971447904804327,0.9907961234991299,0.14670697704136243,10,0.025,0.15,0.9471524904070708,0.9559857349202094,0.9488409749004938,0.9526402285292693,1.0,0.9518924812153753,0.9502810431033052,0.9500125286295205,0.9548148792554212,0.9549588624165757,0.9557879242949401,0.9459192361932791
5,5,1.9206667253465364,0.30983921286297095,4167,2.1881983620779857,0.24129651860744297,833,2.186686141581475,0.2612,0.9782167782006039,0.08324798573974447,,,0.97,,0.9700285520951957,0.029971447904804327,0.9907961234991299,0.14670697704136243,10,0.025,0.15,0.9564860822591225,0.9552024097708296,0.9553831330387551,0.9530512084873816,0.9518924812153753,1.0,0.950337177796363,0.9514868264029848,0.9518456944378717,0.950131210887931,0.9545878879811811,0.9506038034024256
5,6,1.9408455534414812,0.29203263738900886,4167,2.1886899130684987,0.2617046818727491,833,2.1866628972789908,0.2613,0.9774423873762375,0.08328024087888841,,,0.97,,0.9700285520951957,0.029971447904804327,0.9907961234991299,0.14670697704136243,10,0.025,0.15,0.9492470652365443,0.951968195263121,0.9497110484625488,0.9540177908180116,0.9502810431033052,0.950337177796363,1.0,0.9512853026821128,0.9538215494997487,0.9510679247277074,0.956615382504887,0.9534699893643886
5,7,1.9140239802273837,0.2991360691144708,4167,2.184401307787214,0.25570228091236497,833,2.186609014680114,0.261,0.977954380883578,0.08334650107775071,,,0.97,,0.9700285520951957,0.029971447904804327,0.9907961234991299,0.14670697704136243,10,0.025,0.15,0.9518016702072354,0.9577125910324472,0.9439870127645318,0.9533404066908496,0.9500125286295205,0.9514868264029848,0.9512853026821128,1.0,0.9523811176443818,0.9551508883354017,0.9528188119372429,0.9577710183282264
5,8,1.9271620060458328,0.2966634661545847,4166,2.189274856022426,0.25210084033613445,833,2.1866090871110746,0.261,0.9785859012147172,0.08345111091404715,,,0.97,,0.9700285520951957,0.029971447904804327,0.9907961234991299,0.14670697704136243,10,0.025,0.15,0.9496158369844736,0.958095843136815,0.9482471873166765,0.9572178817169558,0.9548148792554212,0.9518456944378717,0.9538215494997487,0.9523811176443818,1.0,0.9513224612983439,0.9548292756733552,0.9529241968211374
5,9,1.9256600372719042,0.2986077772443591,4166,2.176847185407366,0.27010804321728693,833,2.1866058941128887,0.2609,0.978576595961644,0.08348995897546856,,,0.97,,0.9700285520951957,0.029971447904804327,0.9907961234991299,0.14670697704136243,10,0.025,0.15,0.9515673944186781,0.9539094015537382,0.95240771588775,0.9586063512709053,0.9549588624165757,0.950131210887931,0.9510679247277074,0.9551508883354017,0.9513224612983439,1.0,0.9520454209098015,0.9538275783890486
5,10,1.9414081172509627,0.28641382621219397,4166,2.190335137503488,0.26410564225690275,833,2.1866100075878676,0.261,0.9794789009952043,0.08344672232881599,,,0.97,,0.9700285520951957,0.029971447904804327,0.9907961234991299,0.14670697704136243,10,0.025,0.15,0.9567565974238137,0.9522085427065512,0.9465304631445118,0.9546310582125961,0.9557879242949401,0.9545878879811811,0.956615382504887,0.9528188119372429,0.9548292756733552,0.9520454209098015,1.0,0.9588317131411316
5,11,1.9028802268432847,0.3130820931349016,4166,2.1823603085109164,0.2725090036014406,833,2.1866211981713017,0.2611,0.9782542070568088,0.08338780097262727,,,0.97,,0.9700285520951957,0.029971447904804327,0.9907961234991299,0.14670697704136243,10,0.025,0.15,0.9560788318384923,0.9568228661267024,0.9427148322095003,0.9522696320103354,0.9459192361932791,0.9506038034024256,0.9534699893643886,0.9577710183282264,0.9529241968211374,0.9538275783890486,0.9588317131411316,1.0
6,0,1.8896736701329548,0.3198944084473242,4167,2.1512057781219482,0.290167865707434,834,2.1499472599995286,0.2802,0.9745236960474101,0.08327714842527713,,,0.97,,0.9700285520951957,0.029971447904804327,0.9921791072833397,0.14619565310930963,10,0.025,0.15,1.0,0.9450818306445694,0.9452700127319902,0.9483511747803948,0.9389505230258854,0.9478788084896451,0.9437597561683424,0.944128697228764,0.9401668375661748,0.9468444514210516,0.9492542899705818,0.9480650224433548
6,1,1.8820803306319498,0.3150467962562995,4167,2.1344593593052457,0.31534772182254195,834,2.149936153918882,0.2801,0.9757048974550677,0.08346316383135632,,,0.97,,0.9700285520951957,0.029971447904804327,0.9921791072833397,0.14619565310930963,10,0.025,0.15,0.9450818306445694,1.0,0.9394072413642658,0.9457006550323666,0.9482170415885935,0.9471634232966047,0.9457965513224749,0.9491784779834918,0.9481369830188608,0.9466882355279058,0.9461481365082225,0.9498718162225784
6,2,1.8710845495715285,0.32176625869930403,4167,2.1456801891326904,0.29256594724220625,834,2.1499489802348464,0.2802,0.9720573518774602,0.0830436521656633,,,0.97,,0.9700285520951957,0.029971447904804327,0.9921791072833397,0.14619565310930963,10,0.025,0.15,0.9452700127319902,0.9394072413642658,1.0,0.9411928656957617,0.9439507581359162,0.9510301738674511,0.9437722498620505,0.9383687201842172,0.9396115667958831,0.9477348229905567,0.9423382788907964,0.9364324392564523
6,3,1.8764245347543196,0.3091432685385169,4167,2.164422035217285,0.26498800959232616,834,2.1499473837357534,0.2802,0.9752199651752257,0.0833812856230981,,,0.97,,0.9700285520951957,0.029971447904804327,0.9921791072833397,0.14619565310930963,10,0.025,0.15,0.9483511747803948,0.9457006550323666,0.9411928656957617,1.0,0.9449198742819745,0.9446908625070531,0.9482837076148369,0.9434816034128958,0.9471701032087275,0.9512007546249656,0.9482775026722683,0.9425204581773342
6,4,1.8879990418752035,0.31389488840892726,4167,2.166996887751988,0.25210084033613445,833,2.150004749056659,0.2804,0.9736337182900876,0.08323845820283893,,,0.97,,0.9700285520951957,0.029971447904804327,0.9921791072833397,0.14619565310930963,10,0.025,0.15,0.9389505230258854,0.9482170415885935,0.9439507581359162,0.9449198742819745,1.0,0.9442678007195351,0.9437301251320425,0.9420338737403361,0.9461299672871912,0.9494906248728313,0.9482653832317808,0.9373804507174214
6,5,1.8769195534966208,0.32896568274538035,4167,2.151872839246477,0.2617046818727491,833,2.1500264330755305,0.2805,0.9750602710853161,0.08329427104906859,,,0.97,,0.9700285520951957,0.029971447904804327,0.9921791072833397,0.14619565310930963,10,0.025,0.15,0.9478788084896451,0.9471634232966047,0.9510301738674511,0.9446908625070531,0.9442678007195351,1.0,0.9456571677522657,0.946306501246193,0.9429459196136858,0.9442866877007084,0.9464767522450858,0.9433594542964879
6,6,1.9003250642256304,0.30758339332853374,4167,2.151972225734166,0.2845138055222089,833,2.1499999173079867,0.2804,0.9751238898086563,0.08331630890497894,,,0.97,,0.9700285520951957,0.029971447904804327,0.9921791072833397,0.14619565310930963,10,0.025,0.15,0.9437597561683424,0.9457965513224749,0.9437722498620505,0.9482837076148369,0.9437301251320425,0.9456571677522657,1.0,0.9460199878343991,0.9456569633555992,0.9448395931666684,0.9520610978403958,0.9451625140310116
6,7,1.8777780189658657,0.31432685385169185,4167,2.1465766429901123,0.2653061224489796,833,2.1499288263200205,0.28,0.9744237886857434,0.08333451482698373,,,0.97,,0.9700285520951957,0.029971447904804327,0.9921791072833397,0.14619565310930963,10,0.025,0.15,0.944128697228764,0.9491784779834918,0.9383687201842172,0.9434816034128958,0.9420338737403361,0.946306501246193,0.9460199878343991,1.0,0.9411064861328267,0.9479925967796293,0.9458270623249496,0.9520430473929257
6,8,1.8890889196684866,0.31267402784445514,4166,2.1530679975237166,0.27010804321728693,833,2.1499288564995873,0.28,0.9731691766755599,0.08335839361174734,,,0.97,,0.9700285520951957,0.029971447904804327,0.9921791072833397,0.14619565310930963,10,0.025,0.15,0.9401668375661748,0.9481369830188608,0.9396115667958831,0.9471701032087275,0.9461299672871912,0.9429459196136858,0.9456569633555992,0.9411064861328267,1.0,0.9420810455872011,0.9462484278397569,0.9425041050581743
6,9,1.8912873708840572,0.31339414306289004,4166,2.1373720850263322,0.304921968787515,833,2.1499244834803326,0.28,0.9758530042707069,0.08346987326708656,,,0.97,,0.9700285520951957,0.029971447904804327,0.9921791072833397,0.14619565310930963,10,0.025,0.15,0.9468444514210516,0.9466882355279058,0.9477348229905567,0.9512007546249656,0.9494906248728313,0.9442866877007084,0.9448395931666684,0.9479925967796293,0.9420810455872011,1.0,0.94490627956322,0.9470976845014513
6,10,1.8968662858009337,0.30619299087854057,4166,2.153865235192435,0.2809123649459784,833,2.149930027466786,0.28,0.9765251867701826,0.08346500893697084,,,0.97,,0.9700285520951957,0.029971447904804327,0.9921791072833397,0.14619565310930963,10,0.025,0.15,0.9492542899705818,0.9461481365082225,0.9423382788907964,0.9482775026722683,0.9482653832317808,0.9464767522450858,0.9520610978403958,0.9458270623249496,0.9462484278397569,0.94490627956322,1.0,0.9512304767813862
