round,client_id,client_i_training_loss,client_i_training_accuracy,client_i_training_dataset_size,client_i_evaluation_loss,client_i_evaluation_accuracy,client_i_evaluation_dataset_size,client_i_central_evaluation_loss,client_i_central_evaluation_accuracy,client_i_cosine_similarity,client_i_importance_coefficient,client_i_tanh_val,tanh_normalization_value,client_i_q,client_i_mask_order,client_i_v_nonzero_fraction,client_i_v_sparsity,client_i_v_cosine_similarity,client_i_reward_gradient_norm,local_epochs,learning_rate,gamma,client_0_cosine_similarity,client_1_cosine_similarity,client_2_cosine_similarity,client_3_cosine_similarity,client_4_cosine_similarity,client_5_cosine_similarity,client_6_cosine_similarity,client_7_cosine_similarity,client_8_cosine_similarity,client_9_cosine_similarity,client_10_cosine_similarity,client_11_cosine_similarity
0,0,0.3343880321189856,0.897,5000,2.207011346463804,0.3657074340527578,834,2.2110220867985735,0.3822,0.7927937024136351,0.0839393644814914,,,0.9217375999603202,,0.9217559359469906,0.07824406405300943,0,0.39352506792739556,5,0.1,0.5,1.0,0.5963872112602756,0.5858562389788085,0.5941784520034876,0.5990035567963407,0.5865019877443419,0.5791630292477441,0.5698595596615436,0.5868389774406556,0.5975318077788675,0.58518573933549,0.6073015582092206
0,1,0.34578032776784556,0.89024,5000,2.2054678952252424,0.4064748201438849,834,2.2110202739033076,0.3822,0.7910793356795041,0.08375785086235812,,,0.9012906398305741,,0.9013101751920084,0.0986898248079916,0,0.3935144543889029,5,0.1,0.5,0.5963872112602756,1.0,0.5856804061121562,0.5949397105343789,0.5853913948155031,0.5901556236995286,0.5884385787429948,0.578175821892174,0.596809580170876,0.6078973916781581,0.5695251510616108,0.5782153288106098
0,2,0.34797713990044443,0.88992,5000,2.2122771828262895,0.35611510791366907,834,2.2112007430567147,0.3817,0.7795718522155003,0.08253946221243696,,,0.7640428439548241,,0.764053009387079,0.23594699061292101,0,0.3931917554500803,5,0.1,0.5,0.5858562389788085,0.5856804061121562,1.0,0.5773087654877697,0.5671112825723591,0.5830038315758936,0.5717153124776185,0.5705300580249791,0.5928378645545537,0.585322269660632,0.5680679027327247,0.5754959490301744
0,3,0.340258973438269,0.8934,5000,2.2160066145437733,0.3537170263788969,834,2.2110280457396096,0.3825,0.7892408249010892,0.08356319312748627,,,0.8793630348228801,,0.8793735254254305,0.12062647457456954,0,0.39349626624701556,5,0.1,0.5,0.5941784520034876,0.5949397105343789,0.5773087654877697,1.0,0.5952914766480284,0.6023669003955491,0.5728697464928814,0.5849023907205405,0.5969387877954445,0.5901533770902865,0.5607252005550948,0.584576955475214
0,4,0.3468656237385455,0.8894,5000,2.2113870603066905,0.368547418967587,833,2.2110560922957836,0.3821,0.7855979994917636,0.08317749827541454,,,0.8359156764361346,,0.8359319311279554,0.16406806887204461,0,0.39343176056036,5,0.1,0.5,0.5990035567963407,0.5853913948155031,0.5671112825723591,0.5952914766480284,1.0,0.6022689559490557,0.572959390654678,0.5664665019541003,0.6008473610708276,0.5941574971054866,0.5611069637051214,0.5752414853717175
0,5,0.33041543604177276,0.8962,5000,2.1996437443627253,0.3937575030012005,833,2.211022227716903,0.3826,0.7909294338421721,0.08374197956453885,,,0.8995027861407656,,0.8995180964811004,0.10048190351889963,0,0.3935131460562286,5,0.1,0.5,0.5865019877443419,0.5901556236995286,0.5830038315758936,0.6023669003955491,0.6022689559490557,1.0,0.571097376214126,0.5852145391758721,0.5989638476202335,0.6042293374838121,0.5648030487392572,0.5815949521308605
0,6,0.34710694842135453,0.89104,5000,2.205986905980993,0.3985594237695078,833,2.2111566066741943,0.3821,0.7819907160977846,0.08279556653873021,,,0.7928922216146266,,0.7929019627528738,0.20709803724712617,0,0.393312414113779,5,0.1,0.5,0.5791630292477441,0.5884385787429948,0.5717153124776185,0.5728697464928814,0.572959390654678,0.571097376214126,1.0,0.5685236431379377,0.589826017747804,0.6033349269256727,0.5808446546397268,0.5870029823764434
0,7,0.3413531182571107,0.89452,5000,2.217074014522411,0.4009603841536615,833,2.21124678907303,0.3814,0.7771041716750263,0.08227818927891073,,,0.7346112383248903,,0.7346267757642688,0.2653732242357312,0,0.3930196860937982,5,0.1,0.5,0.5698595596615436,0.578175821892174,0.5705300580249791,0.5849023907205405,0.5664665019541003,0.5852145391758721,0.5685236431379377,1.0,0.5810775215540804,0.5842223040915939,0.5739636010177639,0.5766870959662985
0,8,0.33500120492094454,0.89484,5000,2.20441801459701,0.4225690276110444,833,2.2110239050258844,0.3821,0.7967454619341887,0.08435776864102128,,,0.9688695628889281,,0.9688770644043974,0.03112293559560264,0,0.3935344255427869,5,0.1,0.5,0.5868389774406556,0.596809580170876,0.5928378645545537,0.5969387877954445,0.6008473610708276,0.5989638476202335,0.589826017747804,0.5810775215540804,1.0,0.6069930476312494,0.5885365192740317,0.5854623208643769
0,9,0.3643367521180089,0.88668,5000,2.204841878679064,0.38895558223289317,833,2.211023121215284,0.3821,0.7993555802730719,0.08463412259529755,,,0.999999999887353,,1.0,0.0,0,0.3935349282017886,5,0.1,0.5,0.5975318077788675,0.6078973916781581,0.585322269660632,0.5901533770902865,0.5941574971054866,0.6042293374838121,0.6033349269256727,0.5842223040915939,0.6069930476312494,1.0,0.5805960022097134,0.5953460261358537
0,10,0.3537540332242182,0.88996,5000,2.2153863377041287,0.37334933973589435,833,2.211378020600389,0.3804,0.7742022070194121,0.08197093523766595,,,0.7,,0.7,0.30000000000000004,0,0.392734693954504,5,0.1,0.5,0.58518573933549,0.5695251510616108,0.5680679027327247,0.5607252005550948,0.5611069637051214,0.5648030487392572,0.5808446546397268,0.5739636010177639,0.5885365192740317,0.5805960022097134,1.0,0.578859669757476
0,11,0.34473125583901526,0.89272,5000,2.2122580298671015,0.35414165666266506,833,2.2110599085164906,0.382,0.7862267509474158,0.08324406918464802,,,0.843414687989083,,0.8434265348125094,0.1565734651874906,0,0.39344635539854966,5,0.1,0.5,0.6073015582092206,0.5782153288106098,0.5754959490301744,0.584576955475214,0.5752414853717175,0.5815949521308605,0.5870029823764434,0.5766870959662985,0.5854623208643769,0.5953460261358537,0.578859669757476,1.0
1,0,0.2997064369451848,0.90784,5000,2.0536991225348578,0.6558752997601919,834,2.0601166452462683,0.6714,0.8120846426722826,0.08378109189529002,,,0.9449737668229552,,0.9449776617639677,0.05502233823603231,0.9590640072723258,0.4053680069209741,5,0.1,0.5,1.0,0.6326417569983587,0.6253993939844184,0.6373409221317379,0.6266360234639627,0.6251606962356688,0.6299531235546705,0.6210121606729688,0.6262777302910851,0.619055183351885,0.6195310807453264,0.6348796490113818
1,1,0.30326299059685247,0.90536,5000,2.053276861155475,0.7002398081534772,834,2.060129818444054,0.6713,0.8137801773559881,0.08372006524680439,,,0.9357313721774589,,0.9357512173083681,0.06424878269163192,0.9590432510345475,0.4053659088626878,5,0.1,0.5,0.6326417569983587,1.0,0.6248382469000917,0.6283976070452519,0.6334109759298154,0.6261980812038557,0.6333093498023011,0.6392057745652923,0.6376829463082013,0.6154865853543241,0.6168315816070382,0.6273229102858342
1,2,0.3044284473060612,0.90496,5000,2.0605607385988587,0.6618705035971223,834,2.060622326482218,0.6697,0.8091747156034306,0.08275396784016288,,,0.7894173647766809,,0.789423221725817,0.21057677827418297,0.9580977217248651,0.4051128159209468,5,0.1,0.5,0.6253993939844184,0.6248382469000917,1.0,0.6354207251446617,0.6284273571660355,0.6372875080228868,0.6209078821922982,0.6209512891095845,0.6259295580341457,0.6119415953027072,0.6243324107207171,0.6205424330522946
1,3,0.29743833486702603,0.90724,5000,2.067120490250764,0.645083932853717,834,2.0601328280025397,0.6717,0.8164188530841354,0.0836831747325372,,,0.9301443589628464,,0.9301641483861252,0.06983585161387484,0.9589996746152247,0.40536425124385145,5,0.1,0.5,0.6373409221317379,0.6283976070452519,0.6354207251446617,1.0,0.6415041400575446,0.637277113180869,0.6422324532569182,0.625802947467594,0.6294920845296815,0.6186626930356468,0.6218601487763291,0.6239194400920096
1,4,0.30526859238506504,0.90428,5000,2.0575676803235656,0.6674669867947179,833,2.0601928691132763,0.6712,0.8146975314562784,0.08336817671527841,,,0.8824383803404083,,0.8824506801867377,0.11754931981326233,0.9588025171066716,0.40533209667183473,5,0.1,0.5,0.6266360234639627,0.6334109759298154,0.6284273571660355,0.6415041400575446,1.0,0.6268297677557418,0.6360823367298453,0.6323259817171825,0.630572393801873,0.6252559658338803,0.6177203242205845,0.62795792789725
1,5,0.289543919017313,0.9108,5000,2.0481897504241378,0.7058823529411765,833,2.0601366244185084,0.6715,0.8119627261585226,0.08364630637764273,,,0.9245607017520929,,0.9245770794638823,0.07542292053611765,0.9590365346114573,0.405362328799136,5,0.1,0.5,0.6251606962356688,0.6261980812038557,0.6372875080228868,0.637277113180869,0.6268297677557418,1.0,0.630188129373757,0.6268723815140832,0.6289839498204632,0.6152745876961279,0.6229052901004613,0.620900235052155
1,6,0.2998516983121254,0.90764,5000,2.0563521208586515,0.6554621848739496,833,2.0603782963067196,0.6704,0.8144929125053185,0.08310846121342345,,,0.8431048559987959,,0.8431203252848752,0.15687967471512476,0.9585137278936549,0.40527209779767037,5,0.1,0.5,0.6299531235546705,0.6333093498023011,0.6209078821922982,0.6422324532569182,0.6360823367298453,0.630188129373757,1.0,0.6247151726932361,0.6341112454402278,0.6261667956966501,0.6237681681748722,0.6247934001028559
1,7,0.2972969263115791,0.9118,5000,2.066371043523153,0.6710684273709484,833,2.0607541750033445,0.6682,0.8092646479885831,0.08258430364871372,,,0.7637219767208975,,0.7637317403744792,0.23626825962552078,0.9576458661208056,0.40499013092693065,5,0.1,0.5,0.6210121606729688,0.6392057745652923,0.6209512891095845,0.625802947467594,0.6323259817171825,0.6268723815140832,0.6247151726932361,1.0,0.629562101830991,0.61372182929707,0.6180521850570796,0.6257185312876188
1,8,0.2952195438680945,0.909,5000,2.0571045345730252,0.6914765906362546,833,2.0601131024832924,0.6715,0.8145730936349013,0.08414442485272632,,,0.9999999998485515,,1.0,0.0,0.9590880098072073,0.40537143890109756,5,0.1,0.5,0.6262777302910851,0.6376829463082013,0.6259295580341457,0.6294920845296815,0.630572393801873,0.6289839498204632,0.6341112454402278,0.629562101830991,1.0,0.6252505741844459,0.6272493747890785,0.6252531821576272
1,9,0.3266136792790928,0.90036,5000,2.049903459019131,0.6686674669867947,833,2.0601081231150764,0.6716,0.8018254264185,0.08388346947650716,,,0.960478698388759,,0.960498970935194,0.039501029064806015,0.9590854899476408,0.40537018322867047,5,0.1,0.5,0.619055183351885,0.6154865853543241,0.6119415953027072,0.6186626930356468,0.6252559658338803,0.6152745876961279,0.6261667956966501,0.61372182929707,0.6252505741844459,1.0,0.6124277264844351,0.6114684480369968
1,10,0.31419496294288973,0.90364,5000,2.064339787871749,0.6830732292917167,833,2.0611167746230055,0.6655,0.8030148169425951,0.08216355352676878,,,0.7,,0.7,0.30000000000000004,0.9568971436196779,0.4044844246923879,5,0.1,0.5,0.6195310807453264,0.6168315816070382,0.6243324107207171,0.6218601487763291,0.6177203242205845,0.6229052901004613,0.6237681681748722,0.6180521850570796,0.6272493747890785,0.6124277264844351,1.0,0.6140562586205726
1,11,0.30429835246792836,0.906,5000,2.064050630286888,0.6326530612244898,833,2.06021858632755,0.6709,0.807538326181616,0.08316300447414493,,,0.8513653512635616,,0.8513829627026755,0.14861703729732445,0.9587937185956575,0.40528747937638665,5,0.1,0.5,0.6348796490113818,0.6273229102858342,0.6205424330522946,0.6239194400920096,0.62795792789725,0.620900235052155,0.6247934001028559,0.6257185312876188,0.6252531821576272,0.6114684480369968,0.6140562586205726,1.0
2,0,0.26774685604343557,0.91828,5000,1.856636890658626,0.8597122302158273,834,1.8667187709777882,0.8489,0.8102032724314405,0.08348264914827143,,,0.8907846417890306,,0.8908036745143316,0.10919632548566838,0.9679060379437936,0.4071853657984052,5,0.1,0.5,1.0,0.6299493276222579,0.6182198396362137,0.6374784882736918,0.6255193480634699,0.6283876636849078,0.6264988563273965,0.6234846382116153,0.6324019890547847,0.6306938654202141,0.6261926403952398,0.6372848596152767
2,1,0.2685771866926959,0.91688,5000,1.8587070085384227,0.8657074340527577,834,1.866765145295725,0.849,0.8164030286446035,0.08365782221342659,,,0.916996595434849,,0.9170121981828222,0.0829878018171778,0.9679462768991979,0.40720561799184835,5,0.1,0.5,0.6299493276222579,1.0,0.6353221649237527,0.6356451920042291,0.6302663944019894,0.6348735684491111,0.6334861307796076,0.6379854169025,0.6430674142476558,0.6396286597292088,0.6209178947448072,0.6358419349245102
2,2,0.27286460331172513,0.9162,5000,1.8650476888374046,0.8657074340527577,834,1.8675141879163992,0.8469,0.8106262727503611,0.0828190973957051,,,0.7914943327197437,,0.7915064504793936,0.2084935495206064,0.9671549178918243,0.40694582235485416,5,0.1,0.5,0.6182198396362137,0.6353221649237527,1.0,0.6374002082303867,0.6204007678350377,0.63794595185197,0.6245522653029618,0.6315600688275953,0.6387848079534603,0.6292050725709829,0.6203597657126106,0.6310623949793238
2,3,0.26586382721260093,0.9172,5000,1.8773588118729767,0.8405275779376499,834,1.8667573688890988,0.8489,0.8210745672074198,0.08379582042367892,,,0.9376459040893276,,0.9376587520706792,0.06234124792932083,0.9679633203109484,0.407214188750211,5,0.1,0.5,0.6374784882736918,0.6356451920042291,0.6374002082303867,1.0,0.6435552693990447,0.6465646940473605,0.6387957705574014,0.6388092318696763,0.6483502720560814,0.6400003141302975,0.6211851851693615,0.6349112232550501
2,4,0.27415707397577205,0.91668,5000,1.8600109594839591,0.8463385354141657,833,1.8668469647629955,0.8487,0.8109767361955299,0.08323686555715565,,,0.8540069094845624,,0.8540233923999799,0.14597660760002007,0.9677585710108421,0.40713401875849,5,0.1,0.5,0.6255193480634699,0.6302663944019894,0.6204007678350377,0.6435552693990447,1.0,0.6333300743192656,0.6323082014899043,0.6299438901793839,0.6343547913252184,0.6377535786279293,0.6164570066140085,0.6214457288970282
2,5,0.25924123431419493,0.91984,5000,1.8561147583855524,0.8607442977190877,833,1.866772061719681,0.8491,0.8168737708759353,0.0836254767106023,,,0.9121565886682272,,0.91217810350886,0.08782189649114003,0.967938106101071,0.4072029649305023,5,0.1,0.5,0.6283876636849078,0.6348735684491111,0.63794595185197,0.6465646940473605,0.6333300743192656,1.0,0.6328641537058564,0.6326813706418449,0.6438021452297668,0.6333315079914642,0.6245873722655627,0.6335508784995756
2,6,0.2716140611061625,0.91816,5000,1.8642485980634336,0.8259303721488596,833,1.867085620618095,0.8479,0.8136978997002037,0.08315993812172137,,,0.8424959025274774,,0.8425079062296069,0.15749209377039308,0.9676354219275706,0.40710985225634566,5,0.1,0.5,0.6264988563273965,0.6334861307796076,0.6245522653029618,0.6387957705574014,0.6323082014899043,0.6328641537058564,1.0,0.6306732915675386,0.6427806816494169,0.6311622632306573,0.6286473004572545,0.6314968537948268
2,7,0.2669069769394815,0.92068,5000,1.8734189801745944,0.8487394957983193,833,1.8676867378405488,0.847,0.8142362578987502,0.08283252546618927,,,0.7935036368372008,,0.7935194016364641,0.20648059836353594,0.9669033224086296,0.4069553575725031,5,0.1,0.5,0.6234846382116153,0.6379854169025,0.6315600688275953,0.6388092318696763,0.6299438901793839,0.6326813706418449,0.6306732915675386,1.0,0.6458205882582495,0.6300791872642277,0.6239971431556073,0.6357821820517189
2,8,0.2581993732684452,0.92052,5000,1.8685722880893283,0.843937575030012,833,1.8667332691887317,0.849,0.8243007729661742,0.08421252946517312,,,0.9999999998503654,,1.0,0.0,0.9680003619694744,0.407219788982191,5,0.1,0.5,0.6324019890547847,0.6430674142476558,0.6387848079534603,0.6483502720560814,0.6343547913252184,0.6438021452297668,0.6427806816494169,0.6458205882582495,1.0,0.6440358006193994,0.6351979396476456,0.643962646617684
2,9,0.2917065474851306,0.9122,5000,1.851632038752238,0.8427370948379351,833,1.8667244644591603,0.849,0.8159911156220051,0.08375140890438797,,,0.9310004036297468,,0.9310225390291652,0.06897746097083479,0.9679664053503779,0.40721200534321406,5,0.1,0.5,0.6306938654202141,0.6396286597292088,0.6292050725709829,0.6400003141302975,0.6377535786279293,0.6333315079914642,0.6311622632306573,0.6300791872642277,0.6440358006193994,1.0,0.6250765288979382,0.6311848832425184
2,10,0.28535394904435063,0.9134,5000,1.8709987887629755,0.843937575030012,833,1.8688464355164063,0.8442,0.8042508623866118,0.08220764573043023,,,0.7,,0.7,0.30000000000000004,0.9656519889741683,0.40628339786879614,5,0.1,0.5,0.6261926403952398,0.6209178947448072,0.6203597657126106,0.6211851851693615,0.6164570066140085,0.6245873722655627,0.6286473004572545,0.6239971431556073,0.6351979396476456,0.6250765288979382,1.0,0.6227077249508298
2,11,0.2703423758482288,0.91736,5000,1.8738085826237996,0.82953181272509,833,1.8668627095298644,0.8486,0.814338545501048,0.08321822086325792,,,0.8512170179464148,,0.8512323678530195,0.14876763214698052,0.9676841673953359,0.40712843080185995,5,0.1,0.5,0.6372848596152767,0.6358419349245102,0.6310623949793238,0.6349112232550501,0.6214457288970282,0.6335508784995756,0.6314968537948268,0.6357821820517189,0.643962646617684,0.6311848832425184,0.6227077249508298,1.0
3,0,0.24126679123598774,0.92828,5000,1.6249927458939728,0.9088729016786571,834,1.6396401720686842,0.907,0.8007363077874872,0.0832146870897695,,,0.8501620342991651,,0.8501832237337483,0.14981677626625167,0.9712655475674556,0.40340772758544424,5,0.1,0.5,1.0,0.6184125543665147,0.6124899623961513,0.6202588597657851,0.6169890210928978,0.6163427719177611,0.615948498087922,0.6078090377544244,0.6202753422578378,0.6046520276552538,0.6082957117070646,0.6119536241062797
3,1,0.24274860563106646,0.92572,5000,1.6311231277607106,0.920863309352518,834,1.6397046086887201,0.907,0.8130452514864872,0.0837598476502632,,,0.9329245787000291,,0.9329350936197982,0.0670649063802018,0.9714524888065477,0.4034919085557421,5,0.1,0.5,0.6184125543665147,1.0,0.6277578475607938,0.6271577976651811,0.6293101818635273,0.631041820129201,0.6280237678801404,0.6270623020686631,0.6312039014940922,0.6257966811858142,0.6076084057241299,0.618387326477071
3,2,0.2493445080070264,0.92468,5000,1.6343950342248987,0.9256594724220624,834,1.640649370492076,0.9066,0.8080285941475842,0.08302938346609112,,,0.8220305066471376,,0.822052105817981,0.17794789418201895,0.9707723481820344,0.4033352284402616,5,0.1,0.5,0.6124899623961513,0.6277578475607938,1.0,0.6275583799080011,0.6190813759303061,0.627838331245061,0.6208958376394018,0.625411503703896,0.6289684325921321,0.6159776283402207,0.6158089790168806,0.605288144127118
3,3,0.24626305422917671,0.92632,5000,1.654101120101081,0.9028776978417267,834,1.6396997679536716,0.907,0.8111084383258024,0.083783734122279,,,0.9365508593667697,,0.936574469153155,0.06342553084684499,0.9714716403920832,0.4034931299425853,5,0.1,0.5,0.6202588597657851,0.6271577976651811,0.6275583799080011,1.0,0.6255824510970047,0.6275841115956111,0.6248955017892002,0.6246251163944812,0.635417389562402,0.615702328543239,0.6107711868123906,0.612859356016794
3,4,0.24941431412259768,0.92428,5000,1.6292167901992798,0.9027611044417767,833,1.6398191631030732,0.9072,0.8083967151314466,0.08331894550853906,,,0.86598983373639,,0.866005722604287,0.133994277395713,0.9712100118504102,0.4034348173133573,5,0.1,0.5,0.6169890210928978,0.6293101818635273,0.6190813759303061,0.6255824510970047,1.0,0.6247314456936688,0.6240460106110464,0.6194324729873172,0.6252631704642384,0.629044339475477,0.6080708205134192,0.6070301695876212
3,5,0.23421704526872011,0.92944,5000,1.6317251523335774,0.907563025210084,833,1.6396995801895191,0.907,0.8100671927972983,0.08363459808508361,,,0.9139100471095973,,0.9139250037648713,0.08607499623512871,0.9714295055571646,0.4034831874315123,5,0.1,0.5,0.6163427719177611,0.631041820129201,0.627838331245061,0.6275841115956111,0.6247314456936688,1.0,0.6273627713534462,0.6184924991832356,0.6259360113867163,0.6247886338673339,0.6102283162952045,0.6087460045104857
3,6,0.24620614302742064,0.92676,5000,1.6387803598686501,0.8979591836734694,833,1.640090066784868,0.9071,0.810993295473083,0.08335851356792151,,,0.8719967856489241,,0.8720094372772451,0.12799056272275489,0.9711713703893082,0.4034433989326876,5,0.1,0.5,0.615948498087922,0.6280237678801404,0.6208958376394018,0.6248955017892002,0.6240460106110464,0.6273627713534462,1.0,0.6188019352685507,0.6276765502752825,0.627779872773154,0.6236447303156364,0.6152097079273751
3,7,0.24550560521092385,0.926,5000,1.646564938403942,0.9015606242496998,833,1.6408774068180365,0.9063,0.8065304316402906,0.08298604776059536,,,0.8154515764930781,,0.8154711108880076,0.1845288891119924,0.9708016829335386,0.40331308402735033,5,0.1,0.5,0.6078090377544244,0.6270623020686631,0.625411503703896,0.6246251163944812,0.6194324729873172,0.6184924991832356,0.6188019352685507,1.0,0.628128511311101,0.6109414397967883,0.6130469196617969,0.6188278625439132
3,8,0.23319636984924033,0.9308,5000,1.647636272289135,0.8919567827130852,833,1.6396904048828271,0.9072,0.815179106016333,0.08420167643227076,,,0.9999999998481868,,1.0,0.0,0.97149794653419,0.4034993180195315,5,0.1,0.5,0.6202753422578378,0.6312039014940922,0.6289684325921321,0.635417389562402,0.6252631704642384,0.6259360113867163,0.6276765502752825,0.628128511311101,1.0,0.6326153535625552,0.6231794937269609,0.6114515158705627
3,9,0.26823782284690695,0.91928,5000,1.619233979119195,0.9027611044417767,833,1.6396511149482604,0.907,0.8055856132360218,0.08356177391847312,,,0.902854380652181,,0.9028713418001104,0.09712865819988958,0.9714412424811859,0.40347585557807386,5,0.1,0.5,0.6046520276552538,0.6257966811858142,0.6159776283402207,0.615702328543239,0.629044339475477,0.6247886338673339,0.627779872773154,0.6109414397967883,0.6326153535625552,1.0,0.5985971653536077,0.613003562606745
3,10,0.25847229685895384,0.92284,5000,1.644821321522748,0.9171668667466987,833,1.6431821398079967,0.9056,0.7965896186261266,0.08222556309199942,,,0.7,,0.7,0.30000000000000004,0.9690709972424635,0.4025325239535544,5,0.1,0.5,0.6082957117070646,0.6076084057241299,0.6158089790168806,0.6107711868123906,0.6080708205134192,0.6102283162952045,0.6236447303156364,0.6130469196617969,0.6231794937269609,0.5985971653536077,1.0,0.600169568154809
3,11,0.2454811713877757,0.92424,5000,1.6496473374190155,0.8967587034813925,833,1.639931141758879,0.9072,0.7974577196983736,0.0829252293067144,,,0.8062185351572247,,0.8062396466040861,0.1937603533959139,0.9709884692914053,0.4032799993581299,5,0.1,0.5,0.6119536241062797,0.618387326477071,0.605288144127118,0.612859356016794,0.6070301695876212,0.6087460045104857,0.6152097079273751,0.6188278625439132,0.6114515158705627,0.613003562606745,0.600169568154809,1.0
4,0,0.22316041569089054,0.93476,5000,1.3759450647566054,0.9256594724220624,834,1.3946760889059437,0.9288,0.7896843449483048,0.0830662053855831,,,0.8195972462511173,,0.8196074494252297,0.18039255057477033,0.970640647857896,0.39735686990682395,5,0.1,0.5,1.0,0.5970142360171576,0.5947487171392853,0.6010691203721782,0.5914635998872725,0.5927867188798309,0.5966791666915948,0.5917040404275407,0.5922287309024484,0.5906207943958471,0.5870036517518834,0.5994768159110776
4,1,0.22523750385661034,0.93304,5000,1.3844486784051966,0.934052757793765,834,1.3946451158188402,0.929,0.7989937322550485,0.0837553080775304,,,0.9241966046105411,,0.9242106319963858,0.07578936800361424,0.9709979305317251,0.39752557343810224,5,0.1,0.5,0.5970142360171576,1.0,0.6034169724555728,0.6025868770330788,0.6014373210582747,0.602457301329786,0.6104843449826233,0.6014886888787913,0.6122133998881645,0.5940002391697113,0.5936470094593336,0.6021436505181194
4,2,0.23287550401606946,0.9302,5000,1.384434390951086,0.9436450839328537,834,1.395775398888146,0.9283,0.7945928055626463,0.08311482697689615,,,0.8269775501059575,,0.8269966367150243,0.17300336328497568,0.9705837631020041,0.3973794608653173,5,0.1,0.5,0.5947487171392853,0.6034169724555728,1.0,0.6046825794737338,0.5975322377661508,0.6035224577261957,0.603198074803412,0.5986293303626871,0.6019005706392454,0.5899505468367181,0.589843738639348,0.5949562181587773
4,3,0.22375300900037787,0.93252,5000,1.41248615582784,0.9244604316546763,834,1.3946257749685464,0.929,0.7977458718782426,0.08372748749739814,,,0.9199737001508328,,0.9199789167210481,0.08002108327895185,0.9709947000092679,0.3975233434733203,5,0.1,0.5,0.6010691203721782,0.6025868770330788,0.6046825794737338,1.0,0.6026390064085526,0.6078957899818932,0.6043302144906517,0.5984553258890192,0.6129439824212591,0.5932606045095784,0.5865030715557759,0.5943452346267946
4,4,0.23140223257386,0.92904,5000,1.3818832724182695,0.9351740696278511,833,1.3948400801363083,0.9287,0.7921804105209711,0.08322306851620016,,,0.8434076057295132,,0.8434215149841875,0.1565784850158125,0.9707563509022042,0.39742368913250864,5,0.1,0.5,0.5914635998872725,0.6014373210582747,0.5975322377661508,0.6026390064085526,1.0,0.5933711745875737,0.6025534764267069,0.5961778221390492,0.6034661454445517,0.5990635962450207,0.5831059278504381,0.5870296743053621
4,5,0.21542670605644867,0.93676,5000,1.3901286390092638,0.9279711884753902,833,1.3946135737263738,0.929,0.7951057588290211,0.08353570146675528,,,0.8908623703273261,,0.8908789719391597,0.10912102806084034,0.9709445717371183,0.39750086322850836,5,0.1,0.5,0.5927867188798309,0.602457301329786,0.6035224577261957,0.6078957899818932,0.5933711745875737,1.0,0.6065726084326408,0.5965367643163305,0.604855052490285,0.5930292628038352,0.5921821492745375,0.5911341789012822
4,6,0.22880320438557558,0.93192,5000,1.3947691961571023,0.9231692677070829,833,1.3950388968562166,0.9287,0.8029257150443451,0.08362590090133344,,,0.9045538028112096,,0.9045730636012248,0.0954269363987752,0.9708877670940556,0.3975135777407349,5,0.1,0.5,0.5966791666915948,0.6104843449826233,0.603198074803412,0.6043302144906517,0.6025534764267069,0.6065726084326408,1.0,0.6079914940418328,0.6155725980383367,0.6095519836601084,0.6029958149483778,0.6003906705915512
4,7,0.2229429157504183,0.93428,5000,1.4018523163265653,0.9231692677070829,833,1.3960307250007653,0.9281,0.7954067846046541,0.08311449764442513,,,0.8269275605099833,,0.8269464384318056,0.1730535615681944,0.9705629817605255,0.3973793855596034,5,0.1,0.5,0.5917040404275407,0.6014886888787913,0.5986293303626871,0.5984553258890192,0.5961778221390492,0.5965367643163305,0.6079914940418328,1.0,0.6136626189214162,0.5916441159221648,0.5956151772038742,0.5984804206393866
4,8,0.21304866749923795,0.93464,5000,1.4090336163838704,0.9183673469387755,833,1.394622108425957,0.9291,0.8048520228541484,0.08425470238105498,,,0.9999999998482093,,1.0,0.0,0.9710441156114921,0.3975382343082521,5,0.1,0.5,0.5922287309024484,0.6122133998881645,0.6019005706392454,0.6129439824212591,0.6034661454445517,0.604855052490285,0.6155725980383367,0.6136626189214162,1.0,0.6058373391383034,0.6046702025380033,0.607489639853407
4,9,0.2548396974944385,0.9236,5000,1.3700970852816547,0.9243697478991597,833,1.3945927128624231,0.9289,0.7906882716284229,0.08333244237493838,,,0.8600095368770794,,0.86003212690126,0.13996787309874004,0.9708699478299477,0.39745769357093697,5,0.1,0.5,0.5906207943958471,0.5940002391697113,0.5899505468367181,0.5932606045095784,0.5990635962450207,0.5930292628038352,0.6095519836601084,0.5916441159221648,0.6058373391383034,1.0,0.5784828662193409,0.5969967567250681
4,10,0.23232730020691825,0.93292,5000,1.4000779037122373,0.9411764705882353,833,1.3993242788619507,0.9283,0.7859902644889301,0.08227829630436354,,,0.7,,0.7,0.30000000000000004,0.9688581515653194,0.39652578626221097,5,0.1,0.5,0.5870036517518834,0.5936470094593336,0.589843738639348,0.5865030715557759,0.5831059278504381,0.5921821492745375,0.6029958149483778,0.5956151772038742,0.6046702025380033,0.5784828662193409,1.0,0.5903552871137522
4,11,0.23010575307212816,0.93028,5000,1.4076121339091547,0.9255702280912365,833,1.3950966055781697,0.9283,0.792482872706552,0.08297156247352133,,,0.8052313353489944,,0.8052557602529994,0.1947442397470006,0.970427580315608,0.3973048224050574,5,0.1,0.5,0.5994768159110776,0.6021436505181194,0.5949562181587773,0.5943452346267946,0.5870296743053621,0.5911341789012822,0.6003906705915512,0.5984804206393866,0.607489639853407,0.5969967567250681,0.5903552871137522,1.0
5,0,0.20748490680032855,0.93832,5000,1.1219614700034812,0.935251798561151,834,1.1431048582917966,0.9396,0.7812656170166734,0.0830399981298745,,,0.8035268459042625,,0.8035490186235631,0.1964509813764369,0.9686139787790672,0.3920456537289315,5,0.1,0.5,1.0,0.5657546912525363,0.576165258616551,0.5874584021350021,0.5778381124779787,0.5756692627449066,0.5799330399007435,0.577093613053782,0.581934364428682,0.575891944164558,0.5768484038371113,0.5820227816250805
5,1,0.20942796618458193,0.93712,5000,1.1300152981722797,0.9412470023980816,834,1.1427752746941564,0.9393,0.7794354543785347,0.08343637558873257,,,0.8634155504097456,,0.863425530846845,0.13657446915315496,0.9691069586599262,0.39220651995428396,5,0.1,0.5,0.5657546912525363,1.0,0.5812972344147331,0.5789340819609278,0.5778076443848063,0.5824049918574691,0.5791945920137501,0.5792949965447909,0.5894266213781634,0.5705328103887795,0.5630916319794727,0.5677763215676197
5,2,0.21232030098178203,0.93676,5000,1.1285001127808183,0.9496402877697842,834,1.1440727771661532,0.9392,0.7869576067516013,0.08327283158655442,,,0.8387056729906102,,0.838722955674916,0.16127704432508405,0.9688093888093983,0.3921565946787753,5,0.1,0.5,0.576165258616551,0.5812972344147331,1.0,0.5938703043727516,0.5860913023372691,0.5811146428369169,0.5875407768531593,0.5862261181371778,0.5937513962617968,0.5742008395394168,0.5783952070727225,0.5710243073526262
5,3,0.2056120834200625,0.9382,5000,1.16290048316673,0.9280575539568345,834,1.1425562310523498,0.9394,0.7925752082453561,0.0838802071209983,,,0.9304740949663783,,0.9304904372270468,0.06950956277295317,0.9692052534506715,0.3922667957770563,5,0.1,0.5,0.5874584021350021,0.5789340819609278,0.5938703043727516,1.0,0.5957311333657787,0.5839667338866312,0.5941708005289293,0.5876478264224241,0.5996253042621095,0.5815846399435616,0.5798590493861574,0.5767435870425838
5,4,0.2131953645936528,0.9342,5000,1.1288116728817974,0.9411764705882353,833,1.1430560917900012,0.9395,0.7871075793211472,0.08335048832004266,,,0.8504388355628124,,0.8504542944631294,0.14954570553687063,0.9689068962503266,0.3921827618973161,5,0.1,0.5,0.5778381124779787,0.5778076443848063,0.5860913023372691,0.5957311333657787,1.0,0.5841317172179449,0.5838213386863313,0.5817823077197127,0.591683885455017,0.5882838749841748,0.5715336997801268,0.5717944485880433
5,5,0.19867738239040042,0.94124,5000,1.1414970049151667,0.9411764705882353,833,1.1427434513363213,0.9393,0.7835880790581697,0.08343567520462158,,,0.8633097293139043,,0.8633201144520858,0.13667988554791421,0.9690811072606402,0.3922064250276929,5,0.1,0.5,0.5756692627449066,0.5824049918574691,0.5811146428369169,0.5839667338866312,0.5841317172179449,1.0,0.5812726485106857,0.5785863381096638,0.5866755872220911,0.5764000583772628,0.5733417989070119,0.572334286639974
5,6,0.20498953683503493,0.93888,5000,1.1431332208492138,0.9399759903961584,833,1.1430342951521706,0.9394,0.7885879858410679,0.083671953971087,,,0.8990091085534134,,0.8990211334772351,0.10097886652276489,0.9691678829560055,0.3922482721169723,5,0.1,0.5,0.5799330399007435,0.5791945920137501,0.5875407768531593,0.5941708005289293,0.5838213386863313,0.5812726485106857,1.0,0.5810854803276418,0.592911166582276,0.5792579493220585,0.5871759813932932,0.576281141237156
5,7,0.21115038189562452,0.93852,5000,1.1506020183916446,0.9351740696278511,833,1.1443865550592685,0.9392,0.7845134260687283,0.08318659198552714,,,0.8256757242203819,,0.8256965011796596,0.17430349882034035,0.9687444120972575,0.3921215984773348,5,0.1,0.5,0.577093613053782,0.5792949965447909,0.5862261181371778,0.5876478264224241,0.5817823077197127,0.5785863381096638,0.5810854803276418,1.0,0.5905403267698842,0.5764895032193275,0.574478276103619,0.5735056424468029
5,8,0.19568321262812538,0.93904,5000,1.1618988381491766,0.9315726290516206,833,1.1425711876287248,0.9393,0.795633304975036,0.08434036904518256,,,0.99999999984891,,1.0,0.0,0.9692661543859495,0.3922742369692964,5,0.1,0.5,0.581934364428682,0.5894266213781634,0.5937513962617968,0.5996253042621095,0.591683885455017,0.5866755872220911,0.592911166582276,0.5905403267698842,1.0,0.5917829787402945,0.5858062186485915,0.581737716785632
5,9,0.23070629904533077,0.9318,5000,1.1163483571123194,0.936374549819928,833,1.142901166368978,0.9394,0.7812914284766754,0.0832189331745962,,,0.8305621572710724,,0.8305858139651624,0.1694141860348376,0.9688821771955775,0.39213568919724406,5,0.1,0.5,0.575891944164558,0.5705328103887795,0.5742008395394168,0.5815846399435616,0.5882838749841748,0.5764000583772628,0.5792579493220585,0.5764895032193275,0.5917829787402945,1.0,0.5644045770535205,0.576389107922011
5,10,0.2215954976186014,0.93552,5000,1.1468321526492085,0.9483793517406963,833,1.1489269114530887,0.9386,0.776766425659481,0.08235479866793982,,,0.7,,0.7,0.30000000000000004,0.9668676481436512,0.39128151784791476,5,0.1,0.5,0.5768484038371113,0.5630916319794727,0.5783952070727225,0.5798590493861574,0.5715336997801268,0.5733417989070119,0.5871759813932932,0.574478276103619,0.5858062186485915,0.5644045770535205,1.0,0.563213575333791
5,11,0.20983077898253777,0.93652,5000,1.157349979435956,0.9399759903961584,833,1.1437869885097296,0.9394,0.7765790942395747,0.08281177720484317,,,0.769044926623218,,0.7690577782239847,0.2309422217760153,0.9683474009124953,0.3918764336327843,5,0.1,0.5,0.5820227816250805,0.5677763215676197,0.5710243073526262,0.5767435870425838,0.5717944485880433,0.572334286639974,0.576281141237156,0.5735056424468029,0.581737716785632,0.576389107922011,0.563213575333791,1.0
6,0,0.19014338303037034,0.94332,5000,0.8847231290958546,0.9424460431654677,834,0.9068652263845498,0.9453,0.7679343762838214,0.083037981013975,,,0.8062440367589134,,0.8062647457456955,0.1937352542543045,0.9670657905667457,0.3851427075326166,5,0.1,0.5,1.0,0.5573999089919464,0.5571033255027499,0.5534179833370748,0.5484914543059748,0.5490832234890597,0.5582997082890354,0.5517651983340279,0.5585029106942248,0.5530487754935356,0.5523459558335999,0.564452662553674
6,1,0.19040111737491883,0.94224,5000,0.8907302618026733,0.9520383693045563,834,0.9064549961790871,0.9458,0.772987139493115,0.08348345446353968,,,0.8798889324335103,,0.879895587570905,0.12010441242909498,0.9675819623178156,0.38531513716720545,5,0.1,0.5,0.5573999089919464,1.0,0.5598962598800018,0.5585013001596751,0.5577870883887722,0.5601870294070218,0.5562118947007982,0.5604898166207757,0.565181682644532,0.5600605267730336,0.5515405383177802,0.5611568948075478
6,2,0.19850734331656936,0.93832,5000,0.8886978957388136,0.9532374100719424,834,0.9076751558163676,0.9454,0.7720606140732152,0.08334065507761122,,,0.8562815863854477,,0.8562973746297876,0.1437026253702124,0.9674053831056236,0.3852799727162533,5,0.1,0.5,0.5571033255027499,0.5598962598800018,1.0,0.5655220519958485,0.553739489788663,0.559539457996422,0.5590938011628318,0.5643271420334499,0.5656613834546117,0.5452264703757068,0.55310322597957,0.5574132671492575
6,3,0.1932250673283532,0.94084,5000,0.9279971851242913,0.9304556354916067,834,0.9061875072911906,0.9458,0.7730453718167972,0.08378403842922656,,,0.9295809507032843,,0.9295969077857538,0.07040309221424623,0.9677928471011343,0.3853527286033953,5,0.1,0.5,0.5534179833370748,0.5585013001596751,0.5655220519958485,1.0,0.556333672900363,0.5614348376668674,0.5616640815240845,0.5656624057082432,0.5634082219800893,0.5515431564732342,0.5551133697748736,0.5539815947108963
6,4,0.19854526001971903,0.93944,5000,0.8918694743403682,0.9495798319327731,833,0.9067095108687306,0.9453,0.7674712300557003,0.08323042226954197,,,0.83805809033173,,0.8380753978213945,0.1619246021786055,0.9674363217535306,0.3852417794414005,5,0.1,0.5,0.5484914543059748,0.5577870883887722,0.553739489788663,0.556333672900363,1.0,0.5496680544403132,0.5600486311348328,0.5575823579410378,0.5550813426695906,0.5672866350401798,0.5446963721383838,0.5470729273819582
6,5,0.18181378842141646,0.9452,5000,0.9084071781900194,0.9447779111644657,833,0.9064056524834313,0.9456,0.7683834831152747,0.08332001315944255,,,0.852869100385349,,0.8528788715425932,0.14712112845740677,0.9674976133489236,0.38527353389615215,5,0.1,0.5,0.5490832234890597,0.5601870294070218,0.559539457996422,0.5614348376668674,0.5496680544403132,1.0,0.5674681092501196,0.5546757672680825,0.5564817182372039,0.5525122400901832,0.5418118075006065,0.5528018950528254
6,6,0.18982785981278985,0.94324,5000,0.9073373719497964,0.943577430972389,833,0.9066312524457328,0.9453,0.7755978947328812,0.08373432643155025,,,0.9213626497333268,,0.9213794488228503,0.07862055117714972,0.9677521413921537,0.38534920262399297,5,0.1,0.5,0.5582997082890354,0.5562118947007982,0.5590938011628318,0.5616640815240845,0.5600486311348328,0.5674681092501196,1.0,0.5569590676133737,0.5616300240713641,0.5676953162601357,0.5602740145124125,0.5620876903393544
6,7,0.188214258340656,0.94444,5000,0.9143280077863623,0.9399759903961584,833,0.907970707256573,0.9453,0.7726889628686539,0.08330489369647165,,,0.850369577070915,,0.8503840168666231,0.14961598313337687,0.9673224318648175,0.38526867907272355,5,0.1,0.5,0.5517651983340279,0.5604898166207757,0.5643271420334499,0.5656624057082432,0.5575823579410378,0.5546757672680825,0.5569590676133737,1.0,0.5704590332073514,0.5532166475855524,0.5508747409336915,0.5608174960691726
6,8,0.18556842121420203,0.94404,5000,0.9301952498930471,0.9459783913565426,833,0.9061931842051375,0.9458,0.7763350196411863,0.08420999893123117,,,0.9999999998346818,,1.0,0.0,0.9678265737628512,0.3853607991986038,5,0.1,0.5,0.5585029106942248,0.565181682644532,0.5656613834546117,0.5634082219800893,0.5550813426695906,0.5564817182372039,0.5616300240713641,0.5704590332073514,1.0,0.5626900202305064,0.5591836063403942,0.5564197468085538
6,9,0.21361859553570675,0.93544,5000,0.8797943967360037,0.9459783913565426,833,0.9065730621258672,0.9455,0.7693186684910431,0.08320733748774906,,,0.8342417543672154,,0.8342553084684504,0.16574469153154958,0.9673436126549305,0.38523204213394663,5,0.1,0.5,0.5530487754935356,0.5600605267730336,0.5452264703757068,0.5515431564732342,0.5672866350401798,0.5525122400901832,0.5676953162601357,0.5532166475855524,0.5626900202305064,1.0,0.5434339540072399,0.5588066200941006
6,10,0.20408834780085902,0.94056,5000,0.9075973100132413,0.9483793517406963,833,0.9133144950333495,0.9444,0.7627989133758208,0.0823953173627181,,,0.7,,0.7,0.30000000000000004,0.9654144432352185,0.384371579476854,5,0.1,0.5,0.5523459558335999,0.5515405383177802,0.55310322597957,0.5551133697748736,0.5446963721383838,0.5418118075006065,0.5602740145124125,0.5508747409336915,0.5591836063403942,0.5434339540072399,1.0,0.5475845031825698
6,11,0.19250811911158405,0.94092,5000,0.9213588414368806,0.9471788715486195,833,0.9076036519516771,0.9454,0.7698293614487492,0.08295156167694274,,,0.7919573423078132,,0.7919682746850057,0.20803172531499425,0.9668187225221568,0.3850810599651658,5,0.1,0.5,0.564452662553674,0.5611568948075478,0.5574132671492575,0.5539815947108963,0.5470729273819582,0.5528018950528254,0.5620876903393544,0.5608174960691726,0.5564197468085538,0.5588066200941006,0.5475845031825698,1.0
7,0,0.17911827181744727,0.947,5000,0.679209170518098,0.947242206235012,834,0.7002707877859902,0.9506,0.7513793109263752,0.08304923341571126,,,0.8216602614663185,,0.8216806385221626,0.17831936147783745,0.9642699410381121,0.3767177130646703,5,0.1,0.5,1.0,0.5261847711795109,0.5244120384258276,0.5318230946504832,0.5354113526418303,0.5241503315412557,0.5339054035325344,0.5197304487278638,0.5355427464621426,0.5248854964686975,0.5135703577206351,0.5281732143005243
