round,client_id,client_i_training_loss,client_i_training_accuracy,client_i_training_dataset_size,client_i_evaluation_loss,client_i_evaluation_accuracy,client_i_evaluation_dataset_size,client_i_central_evaluation_loss,client_i_central_evaluation_accuracy,client_i_cosine_similarity,client_i_importance_coefficient,client_i_tanh_val,tanh_normalization_value,client_i_q,client_i_mask_order,client_i_v_nonzero_fraction,client_i_v_sparsity,client_i_v_cosine_similarity,client_i_reward_gradient_norm,local_epochs,learning_rate,gamma,client_0_cosine_similarity,client_1_cosine_similarity,client_2_cosine_similarity,client_3_cosine_similarity,client_4_cosine_similarity,client_5_cosine_similarity,client_6_cosine_similarity,client_7_cosine_similarity,client_8_cosine_similarity,client_9_cosine_similarity,client_10_cosine_similarity,client_11_cosine_similarity
0,0,2.2957059744632606,0.12212622990160787,4167,2.2976414135524204,0.13908872901678657,834,2.2990308200256733,0.131,0.9591571254784986,0.08317140778691888,,,0.8734454351022141,,0.8734795596705781,0.1265204403294219,0,0.144143069601036,10,0.025,0.15,1.0,0.919010625613495,0.9215529054870937,0.924021847870894,0.8741692656711088,0.8743110859489674,0.9153092741190662,0.935461389254855,0.9058662130969708,0.9509825368914637,0.925412763219297,0.9151789357005873
0,1,2.2961096265099266,0.13191744660427165,4167,2.2984629358564104,0.12470023980815348,834,2.299030035356932,0.1308,0.9695796136517686,0.08407517317737137,,,0.96900991841588,,0.9690465580696803,0.03095344193031968,0,0.14415343435404876,10,0.025,0.15,0.919010625613495,1.0,0.9060915726617453,0.9097679566180087,0.9374959486161468,0.926492521870288,0.9061755386392105,0.9481168556903187,0.9357418472920885,0.9232395124197547,0.9355659479598476,0.9337714311474586
0,2,2.294097904725508,0.1343652507799376,4167,2.2982779911586215,0.14028776978417265,834,2.2990305423736572,0.1309,0.9602018325447309,0.08326199748814236,,,0.8830244232803598,,0.8830601904573286,0.11693980954267136,0,0.14414510316250911,10,0.025,0.15,0.9215529054870937,0.9060915726617453,1.0,0.9275019955872369,0.8690740889908298,0.8989669278945982,0.9548308721050498,0.883566642547072,0.919088057107961,0.924765340029133,0.9408672678629068,0.9270215026248793
0,3,2.29727527661757,0.1320614350851932,4167,2.299048832484654,0.12709832134292565,834,2.29903149001206,0.1311,0.9569191632291038,0.08297734732913592,,,0.8529254112381038,,0.8529649617930055,0.14703503820699448,0,0.14413873538431857,10,0.025,0.15,0.924021847870894,0.9097679566180087,0.9275019955872369,1.0,0.8813809314334993,0.8730625137398462,0.9217829265604313,0.8920706345655351,0.9255707413413039,0.9120298280434294,0.947802162126017,0.9204805718620319
0,4,2.29550283388658,0.1339812814974802,4167,2.3017441545213972,0.12845138055222088,833,2.299040018757687,0.131,0.9456938748776033,0.08200396871346578,,,0.75,,0.7500041260253173,0.2499958739746827,0,0.14405409439163472,10,0.025,0.15,0.8741692656711088,0.9374959486161468,0.8690740889908298,0.8813809314334993,1.0,0.9174798907899183,0.8804982905527754,0.918723346759029,0.9347509665306423,0.8824301862257765,0.9112265674583727,0.8987808606575104
0,5,2.29402976325064,0.12241420686345092,4167,2.2977347373962402,0.1368547418967587,833,2.299036590358879,0.131,0.9502758833262311,0.08240128848833982,,,0.7920127384797604,,0.7920565760591507,0.2079434239408493,0,0.14408508815391224,10,0.025,0.15,0.8743110859489674,0.926492521870288,0.8989669278945982,0.8730625137398462,0.9174798907899183,1.0,0.8629398390019558,0.9051910174257431,0.9404829665506003,0.9055247529209195,0.9164230523879682,0.9379901640045264
0,6,2.296435830809853,0.12922966162706984,4167,2.2990656920841763,0.1404561824729892,833,2.299033056331586,0.1311,0.952557345996013,0.08259912099879987,,,0.8129316205751406,,0.8129837764684524,0.18701622353154757,0,0.1441256224917262,10,0.025,0.15,0.9153092741190662,0.9061755386392105,0.9548308721050498,0.9217829265604313,0.8804982905527754,0.8629398390019558,1.0,0.8939848343846161,0.9219079902854236,0.9063312556839997,0.9152878227847603,0.9061122684292808
0,7,2.2947192856759737,0.12234221262299017,4167,2.3007640838623047,0.10804321728691477,833,2.299030584625051,0.1309,0.9608621148941121,0.08331925256249474,,,0.8890785958071823,,0.8891089435724777,0.11089105642752228,0,0.14414599842958217,10,0.025,0.15,0.935461389254855,0.9481168556903187,0.883566642547072,0.8920706345655351,0.918723346759029,0.9051910174257431,0.8939848343846161,1.0,0.9231900152405639,0.9421832609391504,0.9191686444444139,0.9192825938738886
0,8,2.2949821363795886,0.13197311569851175,4166,2.2987852096557617,0.1368547418967587,833,2.2990300383748887,0.1308,0.970988653474303,0.08419735527095647,,,0.9819294977303697,,0.9819610173128023,0.018038982687197724,0,0.14415354676737221,10,0.025,0.15,0.9058662130969708,0.9357418472920885,0.919088057107961,0.9255707413413039,0.9347509665306423,0.9404829665506003,0.9219079902854236,0.9231900152405639,1.0,0.9146713217423094,0.9385320974305362,0.9379307642035942
0,9,2.2949809912479284,0.1343975036005761,4166,2.295736006328038,0.1368547418967587,833,2.299030376386039,0.1308,0.9647321486780721,0.08365483486642052,,,0.9245631915027752,,0.9246010133518179,0.07539898664818212,0,0.14415155125518767,10,0.025,0.15,0.9509825368914637,0.9232395124197547,0.924765340029133,0.9120298280434294,0.8824301862257765,0.9055247529209195,0.9063312556839997,0.9421832609391504,0.9146713217423094,1.0,0.9187449518727925,0.9446808717276378
0,10,2.2956336924524017,0.13619779164666346,4166,2.2995309829711914,0.12605042016806722,833,2.2990300595005855,0.1308,0.9718688414943587,0.0842736790293904,,,0.9899999998942597,,0.9900232707827895,0.00997672921721049,0,0.14415356818729128,10,0.025,0.15,0.925412763219297,0.9355659479598476,0.9408672678629068,0.947802162126017,0.9112265674583727,0.9164230523879682,0.9152878227847603,0.9191686444444139,0.9385320974305362,0.9187449518727925,1.0,0.9388526712263491
0,11,2.2953533772266272,0.12405184829572731,4166,2.2985899448394775,0.12605042016806722,833,2.299030047428759,0.1308,0.9694573841501627,0.0840645742885641,,,0.9678891880324583,,0.9679325312340117,0.032067468765988316,0,0.14415339764450572,10,0.025,0.15,0.9151789357005873,0.9337714311474586,0.9270215026248793,0.9204805718620319,0.8987808606575104,0.9379901640045264,0.9061122684292808,0.9192825938738886,0.9379307642035942,0.9446808717276378,0.9388526712263491,1.0
1,0,2.2124494989713033,0.1929445644348452,4167,2.287478072302682,0.1630695443645084,834,2.2893839878372,0.1514,0.986354097842087,0.08318896708152783,,,0.8686499789490054,,0.8686768662012511,0.13132313379874894,0.8177430985468024,0.14814893886913982,10,0.025,0.15,1.0,0.9678135494256982,0.9712465662343462,0.9746485358737688,0.9685779882641721,0.9716091367116314,0.9680620055151719,0.9743686410370636,0.9665057758229836,0.9813873903733283,0.9724254697292705,0.9745017681256676
1,1,2.212831556435787,0.1853611711063115,4167,2.288125991821289,0.14628297362110312,834,2.2893859977963604,0.1512,0.9865763830134858,0.08375273566108378,,,0.9597893426144762,,0.9598290175108515,0.04017098248914852,0.8174774404751095,0.14816087905066452,10,0.025,0.15,0.9678135494256982,1.0,0.9706934780750327,0.974329385282378,0.9738644516710357,0.9649081177688176,0.9716261990745708,0.9765662135015615,0.9750092106670206,0.9718758782248352,0.9726221417044096,0.9741128977226768
1,2,2.1997232643040743,0.20146388288936884,4167,2.2883245263780867,0.15227817745803357,834,2.2893829587139662,0.1513,0.9880948717950865,0.083301176689514,,,0.8867898906785082,,0.8868231255466984,0.1131768744533016,0.8177883001145343,0.14815438955340665,10,0.025,0.15,0.9712465662343462,0.9706934780750327,1.0,0.974674174459826,0.9712238005584679,0.9743248587077051,0.9789089679484342,0.9717676098895792,0.9748534776437329,0.9737617325436365,0.9777692068165311,0.9725666240823633
1,3,2.2178794066111247,0.17964962802975762,4167,2.28981283732823,0.14268585131894485,834,2.28938533082793,0.1513,0.9906524487073023,0.08320877736054313,,,0.871852527457318,,0.8718869138981037,0.1281130861018963,0.8177710191827785,0.14814944700035784,10,0.025,0.15,0.9746485358737688,0.974329385282378,0.974674174459826,1.0,0.9729675279040464,0.9673440275378358,0.9810277011135234,0.9781821078967821,0.9808699643946499,0.9790547918963758,0.9799576279224699,0.9789163497659167
1,4,2.2165239149873908,0.1879289656827454,4167,2.29331145967756,0.14165666266506602,833,2.2894170042834703,0.1512,0.9858912479327028,0.08245502372921357,,,0.75,,0.7500041260253173,0.2499958739746827,0.8162501790751581,0.14807677466954944,10,0.025,0.15,0.9685779882641721,0.9738644516710357,0.9712238005584679,0.9729675279040464,1.0,0.9629621172526838,0.9754897252850238,0.9714190699094881,0.9763491776016519,0.9733187063524418,0.9719421195079226,0.9678859768747377
1,5,2.209832709124594,0.19174466042716581,4167,2.288891451699393,0.15366146458583432,833,2.2894075188455703,0.1511,0.9820819993708423,0.08257623897268368,,,0.7695957713094311,,0.7696357544849896,0.23036424551501045,0.8162039264337225,0.14809799842163981,10,0.025,0.15,0.9716091367116314,0.9649081177688176,0.9743248587077051,0.9673440275378358,0.9629621172526838,1.0,0.9634426364565787,0.9640039703168221,0.9625428056742209,0.96706711622748,0.9665855850194617,0.9759965037988447
1,6,2.2213888869141085,0.18898488120950324,4167,2.2889102527073453,0.16326530612244897,833,2.2893906273419344,0.1512,0.9883083878305529,0.0828998793826738,,,0.8219157871680033,,0.8219620075588784,0.17803799244112162,0.8177922381985737,0.148137131980139,10,0.025,0.15,0.9680620055151719,0.9716261990745708,0.9789089679484342,0.9810277011135234,0.9754897252850238,0.9634426364565787,1.0,0.9734352879138553,0.9789538345627573,0.9726545601230002,0.9757069433598268,0.9751032286000092
1,7,2.210660460501006,0.18238540916726662,4167,2.2906082698277066,0.13445378151260504,833,2.2893825241282015,0.1513,0.9887529901519441,0.083357766883535,,,0.8959383151558724,,0.8959911538017197,0.10400884619828032,0.8178534336834974,0.14815538844477483,10,0.025,0.15,0.9743686410370636,0.9765662135015615,0.9717676098895792,0.9781821078967821,0.9714190699094881,0.9640039703168221,0.9734352879138553,1.0,0.9788460425265292,0.9784261644823449,0.9751993626701109,0.9770953253070037
1,8,2.2101018905639647,0.18984637542006721,4166,2.290381738117763,0.16326530612244897,833,2.2893860883350614,0.1512,0.9888132395735684,0.08390047976823083,,,0.9836737952054859,,0.9837187040979684,0.016281295902031645,0.8174848164156909,0.14816107534451017,10,0.025,0.15,0.9665057758229836,0.9750092106670206,0.9748534776437329,0.9808699643946499,0.9763491776016519,0.9625428056742209,0.9789538345627573,0.9788460425265292,1.0,0.9756904607113757,0.9763291097770949,0.9739997635139316
1,9,2.2151800733624083,0.185789726356217,4166,2.2851478372301375,0.16206482593037214,833,2.2893863478793373,0.1511,0.9893794814584005,0.08358473363429055,,,0.9326299755058927,,0.9326632668218052,0.06733673317819477,0.8174753785819264,0.14815987802006228,10,0.025,0.15,0.9813873903733283,0.9718758782248352,0.9737617325436365,0.9790547918963758,0.9733187063524418,0.96706711622748,0.9726545601230002,0.9784261644823449,0.9756904607113757,1.0,0.973214824444455,0.9803421589379164
1,10,2.214977593132944,0.18446951512241958,4166,2.290140322276524,0.14765906362545017,833,2.2893860883350614,0.1512,0.9885704359904028,0.08393961231487593,,,0.9899999998383391,,0.9900232707827895,0.00997672921721049,0.8174861499109692,0.14816108509194667,10,0.025,0.15,0.9724254697292705,0.9726221417044096,0.9777692068165311,0.9799576279224699,0.9719421195079226,0.9665855850194617,0.9757069433598268,0.9751993626701109,0.9763291097770949,0.973214824444455,1.0,0.9752730495022168
1,11,2.2111897266272345,0.18953432549207874,4166,2.288560083934239,0.14645858343337334,833,2.2893860581554946,0.1512,0.9893037672081814,0.08383460852182772,,,0.9730249869910255,,0.973065306728722,0.026934693271277954,0.8174771214042407,0.14816103674841033,10,0.025,0.15,0.9745017681256676,0.9741128977226768,0.9725666240823633,0.9789163497659167,0.9678859768747377,0.9759965037988447,0.9751032286000092,0.9770953253070037,0.9739997635139316,0.9803421589379164,0.9752730495022168,1.0
2,0,2.119706995198221,0.23210943124550035,4167,2.272158690861293,0.19184652278177458,834,2.2745890134497535,0.1798,0.9839632595289287,0.08319332207457857,,,0.99,,0.9900232707827895,0.00997672921721049,0.9548994594249872,0.1478309067921184,10,0.025,0.15,1.0,0.9658419818285535,0.9648654567586651,0.9680971469279571,0.9632400723894228,0.9694614663476875,0.9680445793569791,0.9675582040342106,0.960309836062276,0.9728449006080273,0.9695842912462849,0.9670274827023287
2,1,2.1182941415093164,0.22802975761939046,4167,2.272260904312134,0.18705035971223022,834,2.2745887991748277,0.1794,0.9856999817126982,0.08359714187132722,,,0.99,,0.9900232707827895,0.00997672921721049,0.9550634908015303,0.1478309067921184,10,0.025,0.15,0.9658419818285535,1.0,0.9655300225320966,0.9693984821277473,0.9706106056334122,0.9660031628157826,0.9689610042936124,0.9728816822436952,0.9694802777273381,0.9700643548942435,0.9660594636892789,0.9723439056663852
2,2,2.1022754900383225,0.23798896088312935,4167,2.272949831826346,0.18225419664268586,834,2.274587172496168,0.1797,0.9844615668281702,0.08327864785907933,,,0.99,,0.9900232707827895,0.00997672921721049,0.9549277709079645,0.1478309067921184,10,0.025,0.15,0.9648654567586651,0.9655300225320966,1.0,0.9671489280436335,0.9666367517789719,0.9703832125131494,0.9740517497506388,0.9661628635136235,0.9646800554391846,0.970173623646272,0.9694422606934006,0.9637216193572711
2,3,2.1237816135088603,0.22234221262299017,4167,2.2759531906672885,0.1630695443645084,834,2.2745910354807406,0.1797,0.9872637857455938,0.08331260026475618,,,0.99,,0.9900232707827895,0.00997672921721049,0.9549109717527375,0.1478309067921184,10,0.025,0.15,0.9680971469279571,0.9693984821277473,0.9671489280436335,1.0,0.9644944765311733,0.9662333910636309,0.9742975957552158,0.9709272759560775,0.9749326426071864,0.9761974879015507,0.9719604266981021,0.9720548146430903
2,4,2.123013752157038,0.22978161747060236,4167,2.280205726623535,0.15966386554621848,833,2.274637681019457,0.178,0.9838781176319529,0.08273819111146469,,,0.99,,0.9900232707827895,0.00997672921721049,0.9546300297475768,0.1478309067921184,10,0.025,0.15,0.9632400723894228,0.9706106056334122,0.9666367517789719,0.9644944765311733,1.0,0.9636576420858028,0.9710865312146018,0.9685027491543525,0.9676100863717525,0.9698911152903764,0.9654015630646184,0.9649966434468913
2,5,2.117316927693107,0.2345812335013199,4167,2.2748700210026334,0.1788715486194478,833,2.274621061131924,0.178,0.9826877510042735,0.08277428749936756,,,0.99,,0.9900232707827895,0.00997672921721049,0.9547643778712005,0.1478309067921184,10,0.025,0.15,0.9694614663476875,0.9660031628157826,0.9703832125131494,0.9662333910636309,0.9636576420858028,1.0,0.9630411231532767,0.9650754935280238,0.9609274892906035,0.9656354186872368,0.9618702632101795,0.9697613886104633
2,6,2.1268286083683825,0.22526997840172786,4167,2.2736527919769287,0.18847539015606243,833,2.2745996698548523,0.1797,0.9877435819869326,0.08313777417374887,,,0.99,,0.9900232707827895,0.00997672921721049,0.9548810502023908,0.1478309067921184,10,0.025,0.15,0.9680445793569791,0.9689610042936124,0.9740517497506388,0.9742975957552158,0.9710865312146018,0.9630411231532767,1.0,0.9730780904927319,0.9714578787897906,0.9736915365592621,0.9724596600010302,0.9714185133521883
2,7,2.1147198781822665,0.22980561555075593,4167,2.2752436229160855,0.1752701080432173,833,2.274586484402041,0.1797,0.9867067649581124,0.08338636098544427,,,0.99,,0.9900232707827895,0.00997672921721049,0.9549162129508142,0.1478309067921184,10,0.025,0.15,0.9675582040342106,0.9728816822436952,0.9661628635136235,0.9709272759560775,0.9685027491543525,0.9650754935280238,0.9730780904927319,1.0,0.971598029949207,0.9729662351694932,0.9696721636839172,0.9707438262724707
2,8,2.1169145743052167,0.22882861257801249,4166,2.27705785206386,0.18607442977190877,833,2.2745888836776156,0.1794,0.9847063704810954,0.08365597211667952,,,0.99,,0.9900232707827895,0.00997672921721049,0.9550657184369185,0.1478309067921184,10,0.025,0.15,0.960309836062276,0.9694802777273381,0.9646800554391846,0.9749326426071864,0.9676100863717525,0.9609274892906035,0.9714578787897906,0.971598029949207,1.0,0.9688010537141448,0.9685972886454433,0.966927194722204
2,9,2.1239260427879563,0.2257321171387422,4166,2.2691597938537598,0.1908763505402161,833,2.274589306191553,0.1793,0.9880033232265053,0.08356831281726834,,,0.99,,0.9900232707827895,0.00997672921721049,0.9550621381050143,0.1478309067921184,10,0.025,0.15,0.9728449006080273,0.9700643548942435,0.970173623646272,0.9761974879015507,0.9698911152903764,0.9656354186872368,0.9736915365592621,0.9729662351694932,0.9688010537141448,1.0,0.9694282795865847,0.9747848652971894
2,10,2.127307686299989,0.21939510321651465,4166,2.275724002293178,0.17046818727490998,833,2.274588868587832,0.1794,0.9852699862159601,0.08369837514092832,,,0.99,,0.9900232707827895,0.00997672921721049,0.9550652318887901,0.1478309067921184,10,0.025,0.15,0.9695842912462849,0.9660594636892789,0.9694422606934006,0.9719604266981021,0.9654015630646184,0.9618702632101795,0.9724596600010302,0.9696721636839172,0.9685972886454433,0.9694282795865847,1.0,0.9675133364642384
2,11,2.1115195686166937,0.23470955352856457,4166,2.2731491838182722,0.17767106842737096,833,2.274588753905477,0.1794,0.9860516972160758,0.08365901408535713,,,0.99,,0.9900232707827895,0.00997672921721049,0.9550635507826877,0.1478309067921184,10,0.025,0.15,0.9670274827023287,0.9723439056663852,0.9637216193572711,0.9720548146430903,0.9649966434468913,0.9697613886104633,0.9714185133521883,0.9707438262724707,0.966927194722204,0.9747848652971894,0.9675133364642384,1.0
3,0,2.0521417711720322,0.2593472522198224,4167,2.251161200659616,0.19544364508393286,834,2.254040672809263,0.1992,0.9808283038488865,0.08320997751834734,,,0.99,,0.9900232707827895,0.00997672921721049,0.9774351032331511,0.1472952308809377,10,0.025,0.15,1.0,0.9591880225037982,0.9589695215625713,0.9591682057837344,0.9574337196042406,0.9589401221689406,0.9615728406813241,0.9608729247214277,0.9539764715357674,0.96415934529757,0.9642956624237493,0.9591725570988262
3,1,2.0493627017194576,0.25946724262059034,4167,2.250099011829921,0.21342925659472423,834,2.2540375522420377,0.1991,0.9815737299628248,0.08348343501940109,,,0.99,,0.9900232707827895,0.00997672921721049,0.9774351032331511,0.1472952308809377,10,0.025,0.15,0.9591880225037982,1.0,0.9543532884412071,0.961491882981942,0.9618425156843367,0.9594976075863132,0.9583790935442983,0.9651856325973728,0.9637438815664819,0.9611674058044872,0.9566548491842847,0.9648357561301163
3,2,2.033641408429001,0.2648668106551476,4167,2.2517405578068326,0.18585131894484413,834,2.254037775570833,0.1993,0.9800433299740331,0.08323714186675638,,,0.99,,0.9900232707827895,0.00997672921721049,0.9774351032331511,0.1472952308809377,10,0.025,0.15,0.9589695215625713,0.9543532884412071,1.0,0.9562871559260666,0.9596496050700665,0.9625654672987547,0.963753848897938,0.9588008450586467,0.9587243797312325,0.9621129383966468,0.958278907508742,0.9550526070289191
3,3,2.052761302211068,0.2508039356851452,4167,2.2571992533547536,0.19184652278177458,834,2.254043404060074,0.1992,0.982665917758903,0.08334329205956807,,,0.99,,0.9900232707827895,0.00997672921721049,0.9774351032331511,0.1472952308809377,10,0.025,0.15,0.9591682057837344,0.961491882981942,0.9562871559260666,1.0,0.9565550249732979,0.9586452661916001,0.9635282631096661,0.9609829194925363,0.9668756946936898,0.9695546267017313,0.9613094043348009,0.9648591598161366
3,4,2.0540037899306327,0.2575953923686105,4167,2.261795861380441,0.18607442977190877,833,2.2541089570975004,0.1985,0.9810178091474071,0.0829352212488635,,,0.99,,0.9900232707827895,0.00997672921721049,0.9774351032331511,0.1472952308809377,10,0.025,0.15,0.9574337196042406,0.9618425156843367,0.9596496050700665,0.9565550249732979,1.0,0.9588343015171189,0.9620664493436786,0.9622159231854548,0.9615215557100146,0.9643483874429188,0.9594274827541258,0.9563137050585684
3,5,2.0477443406076143,0.265946724262059,4167,2.2551843779427663,0.19207683073229292,833,2.2540839925596985,0.1985,0.9796582496576608,0.08291333529511175,,,0.99,,0.9900232707827895,0.00997672921721049,0.9774351032331511,0.1472952308809377,10,0.025,0.15,0.9589401221689406,0.9594976075863132,0.9625654672987547,0.9586452661916001,0.9588343015171189,1.0,0.9555392059308605,0.9589849318506611,0.9566986909498647,0.9586536656683629,0.9550035812013159,0.9608430001951933
3,6,2.059019022999388,0.25341972642188626,4167,2.252659899847848,0.2064825930372149,833,2.2540560915500305,0.1992,0.9830762852895433,0.08324871801336796,,,0.99,,0.9900232707827895,0.00997672921721049,0.9774351032331511,0.1472952308809377,10,0.025,0.15,0.9615728406813241,0.9583790935442983,0.963753848897938,0.9635282631096661,0.9620664493436786,0.9555392059308605,1.0,0.9651835440367548,0.9621025291778522,0.9649807132702296,0.9647789254703103,0.9623449699967798
3,7,2.0466635909947484,0.2586513078953684,4167,2.2539281163896834,0.19807923169267708,833,2.2540368128426467,0.1993,0.9831306345448462,0.08340391431891722,,,0.99,,0.9900232707827895,0.00997672921721049,0.9774351032331511,0.1472952308809377,10,0.025,0.15,0.9608729247214277,0.9651856325973728,0.9588008450586467,0.9609829194925363,0.9622159231854548,0.9589849318506611,0.9651835440367548,1.0,0.9622532111589095,0.9651556473545708,0.9607742798342359,0.964363249931205
3,8,2.0495940042264533,0.25667306769083054,4166,2.2581605230058943,0.19567827130852342,833,2.2540375492240807,0.1991,0.9823418673346669,0.08354469858009511,,,0.99,,0.9900232707827895,0.00997672921721049,0.9774351032331511,0.1472952308809377,10,0.025,0.15,0.9539764715357674,0.9637438815664819,0.9587243797312325,0.9668756946936898,0.9615215557100146,0.9566986909498647,0.9621025291778522,0.9622532111589095,1.0,0.9643573247371946,0.9611543350048287,0.9639175713041341
3,9,2.057763797947855,0.2547047527604417,4166,2.247077601296561,0.21248499399759904,833,2.254038324838952,0.1991,0.9846182569017206,0.0835645423662057,,,0.99,,0.9900232707827895,0.00997672921721049,0.9774351032331511,0.1472952308809377,10,0.025,0.15,0.96415934529757,0.9611674058044872,0.9621129383966468,0.9695546267017313,0.9643483874429188,0.9586536656683629,0.9649807132702296,0.9651556473545708,0.9643573247371946,1.0,0.9610488215898925,0.9667043075278007
3,10,2.063902967265158,0.2470235237638022,4166,2.255436658859253,0.20408163265306123,833,2.254037537152254,0.1991,0.9816484404073587,0.08354834437161325,,,0.99,,0.9900232707827895,0.00997672921721049,0.9774351032331511,0.1472952308809377,10,0.025,0.15,0.9642956624237493,0.9566548491842847,0.958278907508742,0.9613094043348009,0.9594274827541258,0.9550035812013159,0.9647789254703103,0.9607742798342359,0.9611543350048287,0.9610488215898925,1.0,0.9644348592478985
3,11,2.0399306467085174,0.263586173787806,4166,2.251875638961792,0.20888355342136855,833,2.254037437559683,0.1991,0.9829822650861857,0.08356737934175279,,,0.99,,0.9900232707827895,0.00997672921721049,0.9774351032331511,0.1472952308809377,10,0.025,0.15,0.9591725570988262,0.9648357561301163,0.9550526070289191,0.9648591598161366,0.9563137050585684,0.9608430001951933,0.9623449699967798,0.964363249931205,0.9639175713041341,0.9667043075278007,0.9644348592478985,1.0
4,0,2.002392409064553,0.2795056395488361,4167,2.2244069576263428,0.2014388489208633,834,2.227477152136308,0.2253,0.9753618803459387,0.08318201125075217,,,0.99,,0.9900232707827895,0.00997672921721049,0.9836241428608599,0.14665061577684543,10,0.025,0.15,1.0,0.9480833274848097,0.9497995135505061,0.9458231501821649,0.9486001998172318,0.9479592822608206,0.9521976657562038,0.9500852753590469,0.9461626934549245,0.9510154209253755,0.955207540203514,0.9481218375315056
4,1,1.995247388608528,0.2789536837053036,4167,2.221096992492676,0.25539568345323743,834,2.227470603170274,0.2255,0.9774316651688126,0.08341842515124442,,,0.99,,0.9900232707827895,0.00997672921721049,0.9836241428608599,0.14665061577684543,10,0.025,0.15,0.9480833274848097,1.0,0.9463699837634658,0.9526535914113409,0.9523461256198501,0.9526458742206919,0.9480994245828087,0.9552818330044427,0.9542712400687268,0.9507826579909175,0.9488016756827187,0.9578301452031758
4,2,1.9794064229184931,0.2850011999040077,4167,2.2242532457624162,0.2158273381294964,834,2.2274728123145766,0.2253,0.9760958742578096,0.08322268922844958,,,0.99,,0.9900232707827895,0.00997672921721049,0.9836241428608599,0.14665061577684543,10,0.025,0.15,0.9497995135505061,0.9463699837634658,1.0,0.9449883539289148,0.9530883924535202,0.955222149927213,0.9539539933094578,0.9501558072293879,0.9496554696593819,0.9535619497525591,0.9493252519818357,0.9455992225688334
4,3,1.9971560806939097,0.27264218862491,4167,2.2333382538386752,0.2158273381294964,834,2.2274804899964153,0.2253,0.9773962366558944,0.08333062927847856,,,0.99,,0.9900232707827895,0.00997672921721049,0.9836241428608599,0.14665061577684543,10,0.025,0.15,0.9458231501821649,0.9526535914113409,0.9449883539289148,1.0,0.9472112755895159,0.9515617608006959,0.9520326936209286,0.9498988493218894,0.9575972764624063,0.9596701522996665,0.9493470269607548,0.9559900103607682
4,4,2.003203923774488,0.2798896088312935,4167,2.237823724746704,0.1992797118847539,833,2.227565680878072,0.2255,0.9775149995047534,0.08308220493481021,,,0.99,,0.9900232707827895,0.00997672921721049,0.9836241428608599,0.14665061577684543,10,0.025,0.15,0.9486001998172318,0.9523461256198501,0.9530883924535202,0.9472112755895159,1.0,0.9500287819092355,0.9533600456751323,0.9535456903281302,0.9545607641203642,0.9554807779669358,0.9528448142360889,0.9473980798972237
4,5,1.9927209453149275,0.28804895608351333,4167,2.229631628308977,0.22448979591836735,833,2.22753187976306,0.2257,0.9761054230868077,0.08302280729735324,,,0.99,,0.9900232707827895,0.00997672921721049,0.9836241428608599,0.14665061577684543,10,0.025,0.15,0.9479592822608206,0.9526458742206919,0.955222149927213,0.9515617608006959,0.9500287819092355,1.0,0.9444469757287166,0.9527083569150923,0.9496471025035567,0.9486075572577964,0.9471657350147114,0.951972728841069
4,6,2.007154847636367,0.27144228461723063,4167,2.225604840687343,0.24009603841536614,833,2.2274967839446247,0.2255,0.9780564058323858,0.08329364057407274,,,0.99,,0.9900232707827895,0.00997672921721049,0.9836241428608599,0.14665061577684543,10,0.025,0.15,0.9521976657562038,0.9480994245828087,0.9539539933094578,0.9520326936209286,0.9533600456751323,0.9444469757287166,1.0,0.9530730647573087,0.9519531698645278,0.9520831249979625,0.9595553423081479,0.9538520566950407
4,7,1.9931441643021324,0.2798656107511399,4167,2.2265057223183766,0.22208883553421369,833,2.2274714934674997,0.2253,0.9783769687603568,0.0834000212302194,,,0.99,,0.9900232707827895,0.00997672921721049,0.9836241428608599,0.14665061577684543,10,0.025,0.15,0.9500852753590469,0.9552818330044427,0.9501558072293879,0.9498988493218894,0.9535456903281302,0.9527083569150923,0.9530730647573087,1.0,0.9518344793874577,0.9554547097593541,0.9499681259071304,0.9563059553997789
4,8,2.000062802704898,0.27878060489678347,4166,2.233534676688058,0.2184873949579832,833,2.227470467362223,0.2255,0.9786021064366864,0.08349438659863198,,,0.99,,0.9900232707827895,0.00997672921721049,0.9836241428608599,0.14665061577684543,10,0.025,0.15,0.9461626934549245,0.9542712400687268,0.9496554696593819,0.9575972764624063,0.9545607641203642,0.9496471025035567,0.9519531698645278,0.9518344793874577,1.0,0.9546608965248454,0.9531797173276401,0.9573231537270107
4,9,2.0055877775856943,0.2701392222755641,4166,2.218640157154628,0.24849939975990396,833,2.227471644365335,0.2255,0.9794962292356051,0.08353574914576442,,,0.99,,0.9900232707827895,0.00997672921721049,0.9836241428608599,0.14665061577684543,10,0.025,0.15,0.9510154209253755,0.9507826579909175,0.9535619497525591,0.9596701522996665,0.9554807779669358,0.9486075572577964,0.9520831249979625,0.9554547097593541,0.9546608965248454,1.0,0.9516284549847609,0.9583943032789098
4,10,2.015894518476544,0.26663466154584736,4166,2.2291737965175082,0.226890756302521,833,2.227470416056959,0.2255,0.978117035344735,0.08348085670318885,,,0.99,,0.9900232707827895,0.00997672921721049,0.9836241428608599,0.14665061577684543,10,0.025,0.15,0.955207540203514,0.9488016756827187,0.9493252519818357,0.9493470269607548,0.9528448142360889,0.9471657350147114,0.9595553423081479,0.9499681259071304,0.9531797173276401,0.9516284549847609,1.0,0.9581478885072932
4,11,1.9833829793063078,0.28557369179068653,4166,2.224546807152884,0.23649459783913565,833,2.2274703074105178,0.2255,0.9794678177227369,0.0835365786070343,,,0.99,,0.9900232707827895,0.00997672921721049,0.9836241428608599,0.14665061577684543,10,0.025,0.15,0.9481218375315056,0.9578301452031758,0.9455992225688334,0.9559900103607682,0.9473980798972237,0.951972728841069,0.9538520566950407,0.9563059553997789,0.9573231537270107,0.9583943032789098,0.9581478885072932,1.0
5,0,1.9572319930249995,0.2970962323014159,4167,2.192193031311035,0.2278177458033573,834,2.195466642138324,0.2517,0.9722245633845409,0.08317415004537003,,,0.99,,0.9900232707827895,0.00997672921721049,0.986195488785521,0.14613544909150078,10,0.025,0.15,1.0,0.9430308556360464,0.9438657696846577,0.9381305741170123,0.9408681131419098,0.9413067334803814,0.9448718983999226,0.9448852113907855,0.9383362227901617,0.943191285563028,0.9492950513321577,0.9384362165397917
5,1,1.9510151848648534,0.2953203743700504,4167,2.1859638350350514,0.2841726618705036,834,2.195456305636635,0.2514,0.9744495174343544,0.08339300436068058,,,0.99,,0.9900232707827895,0.00997672921721049,0.986195488785521,0.14613544909150078,10,0.025,0.15,0.9430308556360464,1.0,0.9381464348850234,0.9451278220009797,0.945278573373007,0.9468451475932215,0.9399643187407379,0.9488104356370556,0.9480951775320828,0.9421675401044033,0.9444084844442298,0.9501778241134171
5,2,1.9358508691643224,0.30129589632829373,4167,2.191173996244158,0.2541966426858513,834,2.1954606243326693,0.2517,0.9733936427739759,0.08323742502578989,,,0.99,,0.9900232707827895,0.00997672921721049,0.986195488785521,0.14613544909150078,10,0.025,0.15,0.9438657696846577,0.9381464348850234,1.0,0.9370224675686694,0.9470760300386806,0.9494807595318012,0.9474272163503523,0.9437894412623908,0.9422009978422102,0.9488268159192357,0.9422250454303677,0.9398412172624256
5,3,1.9501062234242756,0.28932085433165344,4167,2.204771109989711,0.2517985611510791,834,2.195469786849203,0.2517,0.973350492154978,0.08330284232004168,,,0.99,,0.9900232707827895,0.00997672921721049,0.986195488785521,0.14613544909150078,10,0.025,0.15,0.9381305741170123,0.9451278220009797,0.9370224675686694,1.0,0.9385677614198571,0.9462242833612484,0.9424618893907933,0.9397545889928035,0.9494043672420757,0.9514321103451108,0.9433888546522791,0.9477054887965622
5,4,1.959097974950617,0.295632349412047,4167,2.208765540804182,0.21368547418967587,833,2.1955739304989197,0.2513,0.9740868791914812,0.08317304208549267,,,0.99,,0.9900232707827895,0.00997672921721049,0.986195488785521,0.14613544909150078,10,0.025,0.15,0.9408681131419098,0.945278573373007,0.9470760300386806,0.9385677614198571,1.0,0.942338608697299,0.9460763941131639,0.9471285098903667,0.9459774388765617,0.950010934701891,0.9455570516060745,0.9391594946029055
5,5,1.94441997571425,0.3074394048476122,4167,2.1986934457506453,0.24729891956782712,833,2.1955317545540725,0.2515,0.9736191335188296,0.08312102976255845,,,0.99,,0.9900232707827895,0.00997672921721049,0.986195488785521,0.14613544909150078,10,0.025,0.15,0.9413067334803814,0.9468451475932215,0.9494807595318012,0.9462242833612484,0.942338608697299,1.0,0.9373665519905514,0.9473726726576982,0.9445158699395633,0.94133421222492,0.9413521233123173,0.944491341059826
5,6,1.9631834481701707,0.28840892728581713,4167,2.193055118833269,0.2653061224489796,833,2.1954890233051927,0.2518,0.9737130437304631,0.08329175647025681,,,0.99,,0.9900232707827895,0.00997672921721049,0.986195488785521,0.14613544909150078,10,0.025,0.15,0.9448718983999226,0.9399643187407379,0.9474272163503523,0.9424618893907933,0.9460763941131639,0.9373665519905514,1.0,0.9448588055390087,0.9417044328469657,0.9450967723243108,0.9499280799077808,0.943773069859782
5,7,1.9476887475360523,0.29604031677465803,4167,2.1937033108302524,0.24729891956782712,833,2.1954588497741314,0.2517,0.9751774210913644,0.08340532821422868,,,0.99,,0.9900232707827895,0.00997672921721049,0.986195488785521,0.14613544909150078,10,0.025,0.15,0.9448852113907855,0.9488104356370556,0.9437894412623908,0.9397545889928035,0.9471285098903667,0.9473726726576982,0.9448588055390087,1.0,0.9421466621461455,0.950283361796574,0.9432375490578918,0.9483254164743012
5,8,1.9573150251850937,0.2943831012962074,4166,2.2036518028804233,0.23289315726290516,833,2.195455919338178,0.2514,0.974550211552707,0.08344331131479528,,,0.99,,0.9900232707827895,0.00997672921721049,0.986195488785521,0.14613544909150078,10,0.025,0.15,0.9383362227901617,0.9480951775320828,0.9422009978422102,0.9494043672420757,0.9459774388765617,0.9445158699395633,0.9417044328469657,0.9421466621461455,1.0,0.9467850117414504,0.9465820066052426,0.9474225498960938
5,9,1.9608047434777924,0.28533365338454153,4166,2.184311560222081,0.28211284513805523,833,2.195457582232318,0.2514,0.9761337729871192,0.08352051517946803,,,0.99,,0.9900232707827895,0.00997672921721049,0.986195488785521,0.14613544909150078,10,0.025,0.15,0.943191285563028,0.9421675401044033,0.9488268159192357,0.9514321103451108,0.950010934701891,0.94133421222492,0.9450967723243108,0.950283361796574,0.9467850117414504,1.0,0.9428909527805506,0.9496587062656482
5,10,1.9723415981639516,0.2827652424387902,4166,2.1973583357674733,0.2424969987995198,833,2.1954558861406546,0.2514,0.9750506769314639,0.0834512419394567,,,0.99,,0.9900232707827895,0.00997672921721049,0.986195488785521,0.14613544909150078,10,0.025,0.15,0.9492950513321577,0.9444084844442298,0.9422250454303677,0.9433888546522791,0.9455570516060745,0.9413521233123173,0.9499280799077808,0.9432375490578918,0.9465820066052426,0.9428909527805506,1.0,0.9501812923932602
5,11,1.9383534384496284,0.3043686989918387,4166,2.191843714032854,0.26770708283313327,833,2.195455846907217,0.2514,0.9750695566098776,0.08348635328186138,,,0.99,,0.9900232707827895,0.00997672921721049,0.986195488785521,0.14613544909150078,10,0.025,0.15,0.9384362165397917,0.9501778241134171,0.9398412172624256,0.9477054887965622,0.9391594946029055,0.944491341059826,0.943773069859782,0.9483254164743012,0.9474225498960938,0.9496587062656482,0.9501812923932602,1.0
6,0,1.9199689984321595,0.3087832973362131,4167,2.155722447804042,0.2517985611510791,834,2.1591196241258066,0.2743,0.9696534796179541,0.08318098603993829,,,0.99,,0.9900232707827895,0.00997672921721049,0.9897156671155117,0.1456950606404444,10,0.025,0.15,1.0,0.9378006445775005,0.9403810088895626,0.933095074493541,0.9360205913831565,0.9353591313691672,0.9378918363558336,0.9372788748841938,0.9307311499301459,0.9373303747511166,0.9408718065261866,0.9352603747148491
6,1,1.9119354006015894,0.3082313414926806,4167,2.1458609444754466,0.3213429256594724,834,2.159106061428408,0.275,0.9722982947959155,0.08340290467960526,,,0.99,,0.9900232707827895,0.00997672921721049,0.9897156671155117,0.1456950606404444,10,0.025,0.15,0.9378006445775005,1.0,0.9341515687954985,0.9406297938347349,0.9393048169609844,0.9395704396717348,0.9347850828217897,0.9429425976141929,0.9417897588103622,0.9383335201319496,0.9390277408816213,0.9443237783007286
6,2,1.8957950660676668,0.31579073674106073,4167,2.1539546080998013,0.2853717026378897,834,2.159111877030964,0.2745,0.9716435100319136,0.08328511892021863,,,0.99,,0.9900232707827895,0.00997672921721049,0.9897156671155117,0.1456950606404444,10,0.025,0.15,0.9403810088895626,0.9341515687954985,1.0,0.9315398047751978,0.9411103617217949,0.9454099440244565,0.9396719001598508,0.9378358315076153,0.9366222539875177,0.9448896470845922,0.9386715817388913,0.9349035623625741
6,3,1.905594618031473,0.3047516198704104,4167,2.1723609992436,0.2709832134292566,834,2.159121757821192,0.2744,0.9702431698813728,0.0832799840801474,,,0.99,,0.9900232707827895,0.00997672921721049,0.9897156671155117,0.1456950606404444,10,0.025,0.15,0.933095074493541,0.9406297938347349,0.9315398047751978,1.0,0.931992088900732,0.9394572401427628,0.9325576929879977,0.9316648266518505,0.9428379173524302,0.9457022482180243,0.9381418320430086,0.9411232137878823
6,4,1.9226900154894049,0.3082313414926806,4167,2.1754896300179616,0.24129651860744297,833,2.159243514266195,0.2747,0.9709839549129443,0.08322370007650674,,,0.99,,0.9900232707827895,0.00997672921721049,0.9897156671155117,0.1456950606404444,10,0.025,0.15,0.9360205913831565,0.9393048169609844,0.9411103617217949,0.931992088900732,1.0,0.9361211398875975,0.9398648531830894,0.9390991568095857,0.9394990748767503,0.9439299917898883,0.9387519554192653,0.9318188090707891
6,5,1.904382134928848,0.31859851211903045,4167,2.1636834825788225,0.26290516206482595,833,2.159194182746018,0.2745,0.9706308164459251,0.08317994386316523,,,0.99,,0.9900232707827895,0.00997672921721049,0.9897156671155117,0.1456950606404444,10,0.025,0.15,0.9353591313691672,0.9395704396717348,0.9454099440244565,0.9394572401427628,0.9361211398875975,1.0,0.931093808934685,0.9380518790255895,0.9391428969419426,0.9351165400600499,0.9369100589046494,0.9372193007873892
6,6,1.9292326511758746,0.30189584833213345,4167,2.156317336218698,0.2785114045618247,833,2.159142418752743,0.2743,0.9697412310676974,0.0832567397085924,,,0.99,,0.9900232707827895,0.00997672921721049,0.9897156671155117,0.1456950606404444,10,0.025,0.15,0.9378918363558336,0.9347850828217897,0.9396719001598508,0.9325576929879977,0.9398648531830894,0.931093808934685,1.0,0.9367330821122619,0.9326055684538297,0.9367493720257283,0.943664271753754,0.9373277686602346
6,7,1.9080471316973369,0.30575953923686106,4167,2.1566522802625383,0.26290516206482595,833,2.159109782569016,0.2745,0.9710057732464993,0.08336838020040134,,,0.99,,0.9900232707827895,0.00997672921721049,0.9897156671155117,0.1456950606404444,10,0.025,0.15,0.9372788748841938,0.9429425976141929,0.9378358315076153,0.9316648266518505,0.9390991568095857,0.9380518790255895,0.9367330821122619,1.0,0.9343881948783064,0.9412879568926015,0.9365519030345911,0.9417598919018783
6,8,1.9146463751792908,0.3108497359577532,4166,2.1693664278302873,0.25690276110444177,833,2.159105312975147,0.275,0.9709458241586327,0.08338996614247697,,,0.99,,0.9900232707827895,0.00997672921721049,0.9897156671155117,0.1456950606404444,10,0.025,0.15,0.9307311499301459,0.9417897588103622,0.9366222539875177,0.9428379173524302,0.9394990748767503,0.9391428969419426,0.9326055684538297,0.9343881948783064,1.0,0.9406177486707935,0.9380172911955553,0.9406077362759062
6,9,1.9210749687570514,0.3033125300048008,4166,2.1453443595341275,0.3025210084033613,833,2.1591073018086107,0.275,0.9733145987792698,0.08351508680917828,,,0.99,,0.9900232707827895,0.00997672921721049,0.9897156671155117,0.1456950606404444,10,0.025,0.15,0.9373303747511166,0.9383335201319496,0.9448896470845922,0.9457022482180243,0.9439299917898883,0.9351165400600499,0.9367493720257283,0.9412879568926015,0.9406177486707935,1.0,0.9383771876639516,0.9420962695656051
6,10,1.9366450425350306,0.29781565050408065,4166,2.1611127512795583,0.2689075630252101,833,2.1591053009033203,0.275,0.9726715324977488,0.08345117488497687,,,0.99,,0.9900232707827895,0.00997672921721049,0.9897156671155117,0.1456950606404444,10,0.025,0.15,0.9408718065261866,0.9390277408816213,0.9386715817388913,0.9381418320430086,0.9387519554192653,0.9369100589046494,0.943664271753754,0.9365519030345911,0.9380172911955553,0.9383771876639516,1.0,0.9479922305922339
