round,client_id,client_i_training_loss,client_i_training_accuracy,client_i_training_dataset_size,client_i_evaluation_loss,client_i_evaluation_accuracy,client_i_evaluation_dataset_size,client_i_central_evaluation_loss,client_i_central_evaluation_accuracy,client_i_cosine_similarity,client_i_importance_coefficient,client_i_tanh_val,tanh_normalization_value,client_i_q,client_i_mask_order,client_i_v_nonzero_fraction,client_i_v_sparsity,client_i_v_cosine_similarity,client_i_reward_gradient_norm,local_epochs,learning_rate,gamma,client_0_cosine_similarity,client_1_cosine_similarity,client_2_cosine_similarity,client_3_cosine_similarity,client_4_cosine_similarity,client_5_cosine_similarity,client_6_cosine_similarity,client_7_cosine_similarity,client_8_cosine_similarity,client_9_cosine_similarity,client_10_cosine_similarity,client_11_cosine_similarity
0,0,2.1902940197355427,0.42804,5000,2.2608453962537975,0.19184652278177458,834,2.261836879169598,0.1983,0.9970144581365156,0.08339348952659385,,,0.97,,0.9700176878243976,0.029982312175602432,0,0.09962947615481701,5,0.001,0.1,1.0,0.9860889720141802,0.9937826782390311,0.991269666705373,0.9938168146039543,0.9954390282585859,0.9940028991458536,0.992978394738464,0.991947469965114,0.9944489958375357,0.9917976104936536,0.9942767937866245
0,1,2.1930501208943167,0.39536,5000,2.2613815378259727,0.18585131894484413,834,2.261836879169598,0.1983,0.9911989179818972,0.08290705908115968,,,0.97,,0.9700176878243976,0.029982312175602432,0,0.09962947615481701,5,0.001,0.1,0.9860889720141802,1.0,0.9853988647264912,0.9860199292676542,0.9840641699765968,0.9855799730646864,0.9866125291305223,0.9855110393594999,0.9885559657151565,0.9830774804838969,0.9905573705419964,0.9888550899355504
0,2,2.190849746868109,0.42988,5000,2.2592886377263954,0.20863309352517986,834,2.261836879169598,0.1983,0.9968605274721993,0.083380614271739,,,0.97,,0.9700176878243976,0.029982312175602432,0,0.09962947615481701,5,0.001,0.1,0.9937826782390311,0.9853988647264912,1.0,0.9937871873083368,0.9947845435488394,0.9936789333313937,0.9913005584280372,0.9935633451480552,0.9932840222465568,0.9934582411763636,0.9938424263343174,0.9911281975614631
0,3,2.186981384769367,0.39604,5000,2.2645917821813515,0.19544364508393286,834,2.261836879169598,0.1983,0.9965112958152043,0.0833514034149733,,,0.97,,0.9700176878243976,0.029982312175602432,0,0.09962947615481701,5,0.001,0.1,0.991269666705373,0.9860199292676542,0.9937871873083368,1.0,0.9923604398175997,0.9925442765663188,0.9918069613836413,0.994007254085536,0.9945265886220018,0.9927292026648639,0.9937281183416706,0.9910541196925404
0,4,2.1873573168068177,0.44636,5000,2.260316751621388,0.2112845138055222,833,2.261836879169598,0.1983,0.9970187404411918,0.08339384771230245,,,0.97,,0.9700176878243976,0.029982312175602432,0,0.09962947615481701,5,0.001,0.1,0.9938168146039543,0.9840641699765968,0.9947845435488394,0.9923604398175997,1.0,0.9945125977963587,0.9938830834549017,0.9927945180855585,0.9938001953312116,0.9953466083314045,0.9915967508900867,0.9929407983975571
0,5,2.1872194508838048,0.3972,5000,2.260557686841046,0.21248499399759904,833,2.261836879169598,0.1983,0.9971834383556458,0.08340762357451988,,,0.97,,0.9700176878243976,0.029982312175602432,0,0.09962947615481701,5,0.001,0.1,0.9954390282585859,0.9855799730646864,0.9936789333313937,0.9925442765663188,0.9945125977963587,1.0,0.9950040760406927,0.9912555954002054,0.9928098494535086,0.9958822528997446,0.9904252375688628,0.9947377533992646
0,6,2.1876782415778773,0.40696,5000,2.265089891575001,0.18847539015606243,833,2.261836879169598,0.1983,0.9969856387278867,0.0833910789787507,,,0.97,,0.9700176878243976,0.029982312175602432,0,0.09962947615481701,5,0.001,0.1,0.9940028991458536,0.9866125291305223,0.9913005584280372,0.9918069613836413,0.9938830834549017,0.9950040760406927,1.0,0.9935112057159603,0.9931662476470284,0.9939313440780808,0.9931309308088029,0.9931549365770825
0,7,2.186012279000252,0.4422,5000,2.2582875534340188,0.2064825930372149,833,2.261836879169598,0.1983,0.9962358994037006,0.08332836837513916,,,0.97,,0.9700176878243976,0.029982312175602432,0,0.09962947615481701,5,0.001,0.1,0.992978394738464,0.9855110393594999,0.9935633451480552,0.994007254085536,0.9927945180855585,0.9912555954002054,0.9935112057159603,1.0,0.992122109798754,0.989960822802742,0.995195368305369,0.9896415772819673
0,8,2.1865605337604594,0.42316,5000,2.267199154253359,0.18967587034813926,833,2.261836879169598,0.1983,0.9968817328798043,0.08338238796009687,,,0.97,,0.9700176878243976,0.029982312175602432,0,0.09962947615481701,5,0.001,0.1,0.991947469965114,0.9885559657151565,0.9932840222465568,0.9945265886220018,0.9938001953312116,0.9928098494535086,0.9931662476470284,0.992122109798754,1.0,0.9939895155228418,0.9930346798846197,0.9910258767875785
0,9,2.1880771459287898,0.42896,5000,2.2629029662520797,0.1992797118847539,833,2.261836879169598,0.1983,0.9968293820185475,0.08337800916602392,,,0.97,,0.9700176878243976,0.029982312175602432,0,0.09962947615481701,5,0.001,0.1,0.9944489958375357,0.9830774804838969,0.9934582411763636,0.9927292026648639,0.9953466083314045,0.9958822528997446,0.9939313440780808,0.989960822802742,0.9939895155228418,1.0,0.9901362038597172,0.9946759704951407
0,10,2.1862423035749203,0.43588,5000,2.2623213485435203,0.18007202881152462,833,2.261836879169598,0.1983,0.9964932354715071,0.08334989278985581,,,0.97,,0.9700176878243976,0.029982312175602432,0,0.09962947615481701,5,0.001,0.1,0.9917976104936536,0.9905573705419964,0.9938424263343174,0.9937281183416706,0.9915967508900867,0.9904252375688628,0.9931309308088029,0.995195368305369,0.9930346798846197,0.9901362038597172,1.0,0.9901731264539236
0,11,2.1913461912969114,0.36192,5000,2.261262893676758,0.21008403361344538,833,2.261836879169598,0.1983,0.9963298314003585,0.08333622514884546,,,0.97,,0.9700176878243976,0.029982312175602432,0,0.09962947615481701,5,0.001,0.1,0.9942767937866245,0.9888550899355504,0.9911281975614631,0.9910541196925404,0.9929407983975571,0.9947377533992646,0.9931549365770825,0.9896415772819673,0.9910258767875785,0.9946759704951407,0.9901731264539236,1.0
1,0,2.0139527333010534,0.5586,5000,2.2010254948227495,0.38848920863309355,834,2.20236453613915,0.3848,0.9985922442005946,0.08337824179904825,,,0.97,,0.9700176878243976,0.029982312175602432,0.9563487655119246,0.0998342831336569,5,0.001,0.1,1.0,0.9947820006789959,0.9968271913942474,0.9960722759295562,0.9971427346579341,0.9975520878774414,0.9971849777881481,0.9975735557178352,0.9961711637724591,0.996461798132085,0.9967014277430566,0.9967896939174272
1,1,2.023345619705832,0.53368,5000,2.2013655768500433,0.38968824940047964,834,2.20236453613915,0.3848,0.9966748691725764,0.08301802528404664,,,0.97,,0.9700176878243976,0.029982312175602432,0.9563487655119246,0.0998342831336569,5,0.001,0.1,0.9947820006789959,1.0,0.9936894917640778,0.9940427398277999,0.9943312744562983,0.9948587501544773,0.994427214120405,0.9942395084424472,0.9955030646034804,0.9933825896659975,0.995731013739432,0.995341964997563
1,2,2.016459744447356,0.5308,5000,2.201108358524464,0.40047961630695444,834,2.20236453613915,0.3848,0.9983472701689888,0.08336243799459435,,,0.97,,0.9700176878243976,0.029982312175602432,0.9563487655119246,0.0998342831336569,5,0.001,0.1,0.9968271913942474,0.9936894917640778,1.0,0.997197812035869,0.9970651700008618,0.997228882493007,0.9954821105271258,0.996369629817904,0.9970439199146268,0.9970711837294544,0.9966989828951606,0.9956450206102391
1,3,2.0076940333008007,0.50716,5000,2.2039364355581776,0.37410071942446044,834,2.20236453613915,0.3848,0.9984246048169126,0.08334701934811951,,,0.97,,0.9700176878243976,0.029982312175602432,0.9563487655119246,0.0998342831336569,5,0.001,0.1,0.9960722759295562,0.9940427398277999,0.997197812035869,1.0,0.9967419541572726,0.9969683431312407,0.995690607232823,0.9967968921635831,0.997526801457764,0.9971309485947872,0.9969982575140411,0.9960825338766086
1,4,2.00795046053115,0.56896,5000,2.201833380593194,0.4009603841536615,833,2.20236453613915,0.3848,0.9986825707444835,0.08338137710160538,,,0.97,,0.9700176878243976,0.029982312175602432,0.9563487655119246,0.0998342831336569,5,0.001,0.1,0.9971427346579341,0.9943312744562983,0.9970651700008618,0.9967419541572726,1.0,0.9975809067594122,0.996744096867035,0.9960518440573328,0.9971030942150951,0.998057516166279,0.9963963242285258,0.9971223521968937
1,5,2.0088291108987892,0.54664,5000,2.199681591104578,0.375750300120048,833,2.20236453613915,0.3848,0.998862826547765,0.08339564422133329,,,0.97,,0.9700176878243976,0.029982312175602432,0.9563487655119246,0.0998342831336569,5,0.001,0.1,0.9975520878774414,0.9948587501544773,0.997228882493007,0.9969683431312407,0.9975809067594122,1.0,0.9972244542183195,0.9963679589734923,0.9971263149376317,0.9976901570557248,0.9967462437663206,0.9971543172057251
1,6,2.0080623063312215,0.53752,5000,2.2060365235363997,0.37695078031212487,833,2.20236453613915,0.3848,0.9983201437856999,0.0833679803556136,,,0.97,,0.9700176878243976,0.029982312175602432,0.9563487655119246,0.0998342831336569,5,0.001,0.1,0.9971849777881481,0.994427214120405,0.9954821105271258,0.995690607232823,0.996744096867035,0.9972244542183195,1.0,0.9964887053013375,0.9965435439002859,0.9970487932097765,0.9964460547735918,0.9967176981987763
1,7,2.0070916402112147,0.5428,5000,2.1992007538124367,0.4021608643457383,833,2.20236453613915,0.3848,0.9982484299694547,0.08332720533643682,,,0.97,,0.9700176878243976,0.029982312175602432,0.9563487655119246,0.0998342831336569,5,0.001,0.1,0.9975735557178352,0.9942395084424472,0.996369629817904,0.9967968921635831,0.9960518440573328,0.9963679589734923,0.9964887053013375,1.0,0.9962629951146359,0.9957187423907133,0.9976526572704661,0.9956192264898805
1,8,2.0082279817313906,0.548,5000,2.208567901893898,0.34933973589435774,833,2.20236453613915,0.3848,0.998658511052119,0.08337357226007235,,,0.97,,0.9700176878243976,0.029982312175602432,0.9563487655119246,0.0998342831336569,5,0.001,0.1,0.9961711637724591,0.9955030646034804,0.9970439199146268,0.997526801457764,0.9971030942150951,0.9971263149376317,0.9965435439002859,0.9962629951146359,1.0,0.9975112722325145,0.9969840833983192,0.9962804734342832
1,9,2.0120222925380538,0.55688,5000,2.2070023307093867,0.3877551020408163,833,2.20236453613915,0.3848,0.9985853935295728,0.08336852661876798,,,0.97,,0.9700176878243976,0.029982312175602432,0.9563487655119246,0.0998342831336569,5,0.001,0.1,0.996461798132085,0.9933825896659975,0.9970711837294544,0.9971309485947872,0.998057516166279,0.9976901570557248,0.9970487932097765,0.9957187423907133,0.9975112722325145,1.0,0.996026798294696,0.9970686990731474
1,10,2.007607865940993,0.54244,5000,2.2030736163810447,0.3793517406962785,833,2.20236453613915,0.3848,0.9984719797605279,0.08334762209149112,,,0.97,,0.9700176878243976,0.029982312175602432,0.9563487655119246,0.0998342831336569,5,0.001,0.1,0.9967014277430566,0.995731013739432,0.9966989828951606,0.9969982575140411,0.9963963242285258,0.9967462437663206,0.9964460547735918,0.9976526572704661,0.9969840833983192,0.996026798294696,1.0,0.9954443100489692
1,11,2.0163145259687094,0.52852,5000,2.202403289300424,0.39255702280912363,833,2.20236453613915,0.3848,0.9982584589040517,0.08333234758887047,,,0.97,,0.9700176878243976,0.029982312175602432,0.9563487655119246,0.0998342831336569,5,0.001,0.1,0.9967896939174272,0.995341964997563,0.9956450206102391,0.9960825338766086,0.9971223521968937,0.9971543172057251,0.9967176981987763,0.9956192264898805,0.9962804734342832,0.9970686990731474,0.9954443100489692,1.0
2,0,1.8144238221417566,0.60448,5000,2.123993820614285,0.526378896882494,834,2.1260920302174724,0.5244,0.9988914326892497,0.08336225410192999,,,0.97,,0.9700176878243976,0.029982312175602432,0.987081857608506,0.09988439805298123,5,0.001,0.1,1.0,0.996604624015965,0.9979130846747968,0.9972728316590035,0.9976766059189689,0.9978731486370298,0.9980633160857523,0.9982282942205805,0.9970146598410976,0.997243585374002,0.9973408508017279,0.9976622864614548
2,1,1.8280811034949722,0.58368,5000,2.1249026634075023,0.5203836930455635,834,2.1260920302174724,0.5244,0.9980981418233129,0.08311577634919853,,,0.97,,0.9700176878243976,0.029982312175602432,0.987081857608506,0.09988439805298123,5,0.001,0.1,0.996604624015965,1.0,0.9965578198441285,0.9964717721395515,0.996511594726912,0.9968028307076852,0.9966760937577875,0.996690260441315,0.9970026861848078,0.9960323739563656,0.9968436156206864,0.9972088993271243
2,2,1.8194524601006963,0.57636,5000,2.126523733139038,0.5335731414868106,834,2.1260920302174724,0.5244,0.9989930630512027,0.08335584344059467,,,0.97,,0.9700176878243976,0.029982312175602432,0.987081857608506,0.09988439805298123,5,0.001,0.1,0.9979130846747968,0.9965578198441285,1.0,0.9980342520899697,0.9978669481134238,0.9980436976872321,0.9970035368106721,0.997802840616849,0.9977173927789712,0.9980460341871281,0.997766377295253,0.9973589748329206
2,3,1.8072560645972089,0.57324,5000,2.1262368714367903,0.513189448441247,834,2.1260920302174724,0.5244,0.9989197174984988,0.08334402204779676,,,0.97,,0.9700176878243976,0.029982312175602432,0.987081857608506,0.09988439805298123,5,0.001,0.1,0.9972728316590035,0.9964717721395515,0.9980342520899697,1.0,0.9978098013162633,0.997739535975057,0.9969522692932888,0.99792248260426,0.9979606549389234,0.9979278927907372,0.9976656568804705,0.9974753004383584
2,4,1.8067872723196723,0.61768,5000,2.126267503809046,0.5462184873949579,833,2.1260920302174724,0.5244,0.9989909414358953,0.08336738798684012,,,0.97,,0.9700176878243976,0.029982312175602432,0.987081857608506,0.09988439805298123,5,0.001,0.1,0.9976766059189689,0.996511594726912,0.9978669481134238,0.9978098013162633,1.0,0.9981772719657351,0.99757411430866,0.9974050514945143,0.9975650103457504,0.9983779206962351,0.9972720821111968,0.997848290180645
2,5,1.809449062225925,0.61016,5000,2.1220599633676036,0.524609843937575,833,2.1260920302174724,0.5244,0.9991232227209679,0.08338040529088224,,,0.97,,0.9700176878243976,0.029982312175602432,0.987081857608506,0.09988439805298123,5,0.001,0.1,0.9978731486370298,0.9968028307076852,0.9980436976872321,0.997739535975057,0.9981772719657351,1.0,0.9978199393788793,0.9976771914891964,0.997690929029779,0.9982453971626934,0.9975918203447173,0.9980089707534636
2,6,1.8057499504393073,0.60316,5000,2.130591065795333,0.5198079231692677,833,2.1260920302174724,0.5244,0.9987889592573763,0.08335265495701273,,,0.97,,0.9700176878243976,0.029982312175602432,0.987081857608506,0.09988439805298123,5,0.001,0.1,0.9980633160857523,0.9966760937577875,0.9970035368106721,0.9969522692932888,0.99757411430866,0.9978199393788793,1.0,0.9976069579997977,0.9973881154866928,0.9976368399756631,0.9972839669044593,0.9976604673750384
2,7,1.806411061924734,0.58512,5000,2.1232867152602584,0.5426170468187275,833,2.1260920302174724,0.5244,0.998933980031433,0.0833323328476843,,,0.97,,0.9700176878243976,0.029982312175602432,0.987081857608506,0.09988439805298123,5,0.001,0.1,0.9982282942205805,0.996690260441315,0.997802840616849,0.99792248260426,0.9974050514945143,0.9976771914891964,0.9976069579997977,1.0,0.9976878108312864,0.9971020290563729,0.9980412315334479,0.9972405607584526
2,8,1.8061805214851525,0.60684,5000,2.1337868637508817,0.4765906362545018,833,2.1260920302174724,0.5244,0.9988946301947386,0.08335949404154501,,,0.97,,0.9700176878243976,0.029982312175602432,0.987081857608506,0.09988439805298123,5,0.001,0.1,0.9970146598410976,0.9970026861848078,0.9977173927789712,0.9979606549389234,0.9975650103457504,0.997690929029779,0.9973881154866928,0.9976878108312864,1.0,0.9979248414106499,0.9975538575928318,0.997427398384233
2,9,1.8116444343214582,0.59564,5000,2.1345714728037515,0.5294117647058824,833,2.1260920302174724,0.5244,0.9989308163334858,0.08335756798802556,,,0.97,,0.9700176878243976,0.029982312175602432,0.987081857608506,0.09988439805298123,5,0.001,0.1,0.997243585374002,0.9960323739563656,0.9980460341871281,0.9979278927907372,0.9983779206962351,0.9982453971626934,0.9976368399756631,0.9971020290563729,0.9979248414106499,1.0,0.9969930632305664,0.997832405328787
2,10,1.8065693855285645,0.59552,5000,2.127072643350672,0.539015606242497,833,2.1260920302174724,0.5244,0.99875168478054,0.08333896880855265,,,0.97,,0.9700176878243976,0.029982312175602432,0.987081857608506,0.09988439805298123,5,0.001,0.1,0.9973408508017279,0.9968436156206864,0.997766377295253,0.9976656568804705,0.9972720821111968,0.9975918203447173,0.9972839669044593,0.9980412315334479,0.9975538575928318,0.9969930632305664,1.0,0.9968681788989309
2,11,1.8171571048202029,0.60424,5000,2.1263378019686097,0.5210084033613446,833,2.1260920302174724,0.5244,0.9988660020401082,0.08333329213993744,,,0.97,,0.9700176878243976,0.029982312175602432,0.987081857608506,0.09988439805298123,5,0.001,0.1,0.9976622864614548,0.9972088993271243,0.9973589748329206,0.9974753004383584,0.997848290180645,0.9980089707534636,0.9976604673750384,0.9972405607584526,0.997427398384233,0.997832405328787,0.9968681788989309,1.0
3,0,1.6377442544432963,0.62516,5000,2.0302871509834572,0.60431654676259,834,2.0332825427619032,0.5923,0.9988976972970526,0.08335097868452866,,,0.97,,0.9700176878243976,0.029982312175602432,0.9946435123230474,0.09988763733017161,5,0.001,0.1,1.0,0.9966630072110899,0.9981084155236498,0.9972134214474488,0.997750333394785,0.9979483526053028,0.99803700097392,0.9981394352831384,0.9970488469175274,0.9975044683485396,0.9974022069648062,0.9977747036547447
3,1,1.651763065377618,0.61032,5000,2.0318869484795465,0.6007194244604317,834,2.0332825427619032,0.5923,0.9983316071564973,0.08318157859832978,,,0.97,,0.9700176878243976,0.029982312175602432,0.9946435123230474,0.09988763733017161,5,0.001,0.1,0.9966630072110899,1.0,0.9971718998477487,0.9968501233866256,0.996956883845982,0.9973350073953224,0.9971264416091833,0.9967909018967543,0.9971190174124775,0.9968369752127081,0.996662769954523,0.9973028080084899
3,2,1.643466966774813,0.60104,5000,2.035566939247979,0.6091127098321343,834,2.0332825427619032,0.5923,0.9991409403321365,0.08335489778717929,,,0.97,,0.9700176878243976,0.029982312175602432,0.9946435123230474,0.09988763733017161,5,0.001,0.1,0.9981084155236498,0.9971718998477487,1.0,0.9980791044006144,0.9980759576852184,0.9982904131130005,0.9974998846590758,0.9978072390387027,0.9976503211854563,0.9982807016460904,0.9976721321640721,0.9978705547621388
3,3,1.6301965245016061,0.60352,5000,2.031765006206654,0.5947242206235012,834,2.0332825427619032,0.5923,0.9989011653628802,0.08333991136208561,,,0.97,,0.9700176878243976,0.029982312175602432,0.9946435123230474,0.09988763733017161,5,0.001,0.1,0.9972134214474488,0.9968501233866256,0.9980791044006144,1.0,0.9979155702248061,0.9977704264423026,0.9971624325246937,0.9977420490942137,0.9978956242749264,0.9978354311726498,0.9974615867174241,0.9977069647116277
3,4,1.628979721494541,0.63824,5000,2.0340895078800343,0.6062424969987995,833,2.0332825427619032,0.5923,0.9990488270492991,0.08335900382830615,,,0.97,,0.9700176878243976,0.029982312175602432,0.9946435123230474,0.09988763733017161,5,0.001,0.1,0.997750333394785,0.996956883845982,0.9980759576852184,0.9979155702248061,1.0,0.9982896233583982,0.9977519481092333,0.9975000845939263,0.9974227198048979,0.9983913149161384,0.9974774425125055,0.9978699093714137
3,5,1.6341476346277128,0.6358,5000,2.0281142437899553,0.5774309723889556,833,2.0332825427619032,0.5923,0.9991605258420013,0.08337059029451972,,,0.97,,0.9700176878243976,0.029982312175602432,0.9946435123230474,0.09988763733017161,5,0.001,0.1,0.9979483526053028,0.9973350073953224,0.9982904131130005,0.9977704264423026,0.9982896233583982,1.0,0.9979189940667182,0.9977509440293432,0.9975682911928608,0.9981636883601719,0.9975853425303447,0.9981202063374381
3,6,1.6281914868931862,0.62972,5000,2.038675277321427,0.5846338535414166,833,2.0332825427619032,0.5923,0.9989251578084606,0.08334597903251906,,,0.97,,0.9700176878243976,0.029982312175602432,0.9946435123230474,0.09988763733017161,5,0.001,0.1,0.99803700097392,0.9971264416091833,0.9974998846590758,0.9971624325246937,0.9977519481092333,0.9979189940667182,1.0,0.9978231909498944,0.9976591715260142,0.9979528366403179,0.9972603175744396,0.997728444193811
3,7,1.6269445044219875,0.61568,5000,2.0310497990360967,0.5978391356542617,833,2.0332825427619032,0.5923,0.9989197148368362,0.08333334258779575,,,0.97,,0.9700176878243976,0.029982312175602432,0.9946435123230474,0.09988763733017161,5,0.001,0.1,0.9981394352831384,0.9967909018967543,0.9978072390387027,0.9977420490942137,0.9975000845939263,0.9977509440293432,0.9978231909498944,1.0,0.9977905691079321,0.9972866256655013,0.9978021519967075,0.9974220025398567
3,8,1.6283857477698356,0.6364,5000,2.0428765703130654,0.5342136854741897,833,2.0332825427619032,0.5923,0.9988195952065039,0.0833467658191573,,,0.97,,0.9700176878243976,0.029982312175602432,0.9946435123230474,0.09988763733017161,5,0.001,0.1,0.9970488469175274,0.9971190174124775,0.9976503211854563,0.9978956242749264,0.9974227198048979,0.9975682911928608,0.9976591715260142,0.9977905691079321,1.0,0.9978687720154349,0.9972040312330269,0.997428296743642
3,9,1.6347130980461266,0.61548,5000,2.046090245246887,0.6194477791116446,833,2.0332825427619032,0.5923,0.9990422537438368,0.08335277042403047,,,0.97,,0.9700176878243976,0.029982312175602432,0.9946435123230474,0.09988763733017161,5,0.001,0.1,0.9975044683485396,0.9968369752127081,0.9982807016460904,0.9978354311726498,0.9983913149161384,0.9981636883601719,0.9979528366403179,0.9972866256655013,0.9978687720154349,1.0,0.9970704710002114,0.9981315364842914
3,10,1.6279845836056266,0.61832,5000,2.0347221074280917,0.5966386554621849,833,2.0332825427619032,0.5923,0.9986520871872315,0.08332877469533356,,,0.97,,0.9700176878243976,0.029982312175602432,0.9946435123230474,0.09988763733017161,5,0.001,0.1,0.9974022069648062,0.996662769954523,0.9976721321640721,0.9974615867174241,0.9974774425125055,0.9975853425303447,0.9972603175744396,0.9978021519967075,0.9972040312330269,0.9970704710002114,1.0,0.9970490394520214
3,11,1.6416390210959562,0.63552,5000,2.0335664925751864,0.5822328931572629,833,2.0332825427619032,0.5923,0.9989654542966442,0.08333540688621452,,,0.97,,0.9700176878243976,0.029982312175602432,0.9946435123230474,0.09988763733017161,5,0.001,0.1,0.9977747036547447,0.9973028080084899,0.9978705547621388,0.9977069647116277,0.9978699093714137,0.9981202063374381,0.997728444193811,0.9974220025398567,0.997428296743642,0.9981315364842914,0.9970490394520214,1.0
4,0,1.4918339631360047,0.64032,5000,1.9215625921885173,0.6474820143884892,834,1.9257784590553553,0.6413,0.9987631628557283,0.08334305946833874,,,0.97,,0.9700176878243976,0.029982312175602432,0.9971563851157339,0.09987522492270241,5,0.001,0.1,1.0,0.9964830169146044,0.9978783539805774,0.9970668960258794,0.9974715845348477,0.997593830449837,0.9976637787341381,0.9977444137856447,0.9967574162449131,0.9972433310618998,0.9972196557350761,0.9976170755984647
4,1,1.5075026500756574,0.63032,5000,1.924386567539639,0.6247002398081535,834,1.9257784590553553,0.6413,0.9982368913771514,0.08322220083116946,,,0.97,,0.9700176878243976,0.029982312175602432,0.9971563851157339,0.09987522492270241,5,0.001,0.1,0.9964830169146044,1.0,0.9970029837229042,0.9965142479938842,0.9968474435504222,0.99706611554593,0.9967023643459845,0.9966212360455041,0.9968728583878644,0.9967848182316329,0.9965267833059245,0.9970178828328599
4,2,1.4980010796504415,0.621,5000,1.929909140975387,0.645083932853717,834,1.9257784590553553,0.6413,0.9990146905351551,0.08335358019414761,,,0.97,,0.9700176878243976,0.029982312175602432,0.9971563851157339,0.09987522492270241,5,0.001,0.1,0.9978783539805774,0.9970029837229042,1.0,0.9978969587155876,0.9978832561873198,0.9978543241400885,0.997250435924022,0.9974452456263729,0.9973614367529253,0.9979755338188758,0.9975375591668195,0.9976683153729515
4,3,1.4833326575862373,0.62544,5000,1.922372954863089,0.6522781774580336,834,1.9257784590553553,0.6413,0.998839238490871,0.08333872830662645,,,0.97,,0.9700176878243976,0.029982312175602432,0.9971563851157339,0.09987522492270241,5,0.001,0.1,0.9970668960258794,0.9965142479938842,0.9978969587155876,1.0,0.9977927880602041,0.9977098720614376,0.9968455972258229,0.9977535885687512,0.9976800421604631,0.9975231582849348,0.9973907895735141,0.9974774375812395
4,4,1.4826970281115004,0.65128,5000,1.9270499017503526,0.6506602641056423,833,1.9257784590553553,0.6413,0.9989594114976759,0.0833543139469187,,,0.97,,0.9700176878243976,0.029982312175602432,0.9971563851157339,0.09987522492270241,5,0.001,0.1,0.9974715845348477,0.9968474435504222,0.9978832561873198,0.9977927880602041,1.0,0.9979813343477586,0.9974532533406837,0.9973615256007213,0.9972040323197512,0.9980211823142661,0.9974703784130801,0.9976047062151039
4,5,1.4898764504748545,0.64772,5000,1.9197033996935244,0.6530612244897959,833,1.9257784590553553,0.6413,0.9989989705773599,0.08336269533162534,,,0.97,,0.9700176878243976,0.029982312175602432,0.9971563851157339,0.09987522492270241,5,0.001,0.1,0.997593830449837,0.99706611554593,0.9978543241400885,0.9977098720614376,0.9979813343477586,1.0,0.9973995952656605,0.9975151689425112,0.9974441579057672,0.9979136297425711,0.9972737492476478,0.9978139294469327
4,6,1.4826704628148657,0.64824,5000,1.9320730853963781,0.6206482593037215,833,1.9257784590553553,0.6413,0.99875340278289,0.08333967875018236,,,0.97,,0.9700176878243976,0.029982312175602432,0.9971563851157339,0.09987522492270241,5,0.001,0.1,0.9976637787341381,0.9967023643459845,0.997250435924022,0.9968455972258229,0.9974532533406837,0.9973995952656605,1.0,0.9976468015486073,0.9973786558726799,0.9976095975872429,0.9972194931912227,0.9974534306576465
4,7,1.4808635567403903,0.63464,5000,1.9241861546481098,0.6482593037214885,833,1.9257784590553553,0.6413,0.9988593820520837,0.08333535050307651,,,0.97,,0.9700176878243976,0.029982312175602432,0.9971563851157339,0.09987522492270241,5,0.001,0.1,0.9977444137856447,0.9966212360455041,0.9974452456263729,0.9977535885687512,0.9973615256007213,0.9975151689425112,0.9976468015486073,1.0,0.9979202046831225,0.9971936932051481,0.997472192214685,0.9972192310127598
4,8,1.4796374562439645,0.64828,5000,1.9377360167326751,0.6062424969987995,833,1.9257784590553553,0.6413,0.9987378310085772,0.08333965864959059,,,0.97,,0.9700176878243976,0.029982312175602432,0.9971563851157339,0.09987522492270241,5,0.001,0.1,0.9967574162449131,0.9968728583878644,0.9973614367529253,0.9976800421604631,0.9972040323197512,0.9974441579057672,0.9973786558726799,0.9979202046831225,1.0,0.9975593605253101,0.9971452070475764,0.9971134511855704
4,9,1.4894595387634957,0.63252,5000,1.9434884168483593,0.6578631452581032,833,1.9257784590553553,0.6413,0.9989029190878472,0.083348668508696,,,0.97,,0.9700176878243976,0.029982312175602432,0.9971563851157339,0.09987522492270241,5,0.001,0.1,0.9972433310618998,0.9967848182316329,0.9979755338188758,0.9975231582849348,0.9980211823142661,0.9979136297425711,0.9976095975872429,0.9971936932051481,0.9975593605253101,1.0,0.9969198844016454,0.997670199546466
4,10,1.4837910291495597,0.634,5000,1.9278943185453061,0.6614645858343338,833,1.9257784590553553,0.6413,0.9986459242290943,0.08332566057865218,,,0.97,,0.9700176878243976,0.029982312175602432,0.9971563851157339,0.09987522492270241,5,0.001,0.1,0.9972196557350761,0.9965267833059245,0.9975375591668195,0.9973907895735141,0.9974703784130801,0.9972737492476478,0.9972194931912227,0.997472192214685,0.9971452070475764,0.9969198844016454,1.0,0.9971596077337007
4,11,1.4956960716065328,0.64896,5000,1.9264263532779835,0.6278511404561825,833,1.9257784590553553,0.6413,0.9988528324259802,0.08333640493097592,,,0.97,,0.9700176878243976,0.029982312175602432,0.9971563851157339,0.09987522492270241,5,0.001,0.1,0.9976170755984647,0.9970178828328599,0.9976683153729515,0.9974774375812395,0.9976047062151039,0.9978139294469327,0.9974534306576465,0.9972192310127598,0.9971134511855704,0.997670199546466,0.9971596077337007,1.0
5,0,1.3704414739730253,0.65092,5000,1.8009352728172585,0.6750599520383693,834,1.8064464467782944,0.6692,0.9985742491336125,0.08333670844533508,,,0.97,,0.9700176878243976,0.029982312175602432,0.9977973546576362,0.09985979353628635,5,0.001,0.1,1.0,0.9962418548865246,0.9975207047730417,0.9968931099289069,0.9970949683489969,0.9973665631234961,0.9973606647146049,0.997419745697206,0.9960570130231913,0.9967970536160453,0.9968736650375488,0.9971415041852678
5,1,1.3850905041785757,0.64036,5000,1.8051375150680542,0.6558752997601919,834,1.8064464467782944,0.6692,0.9982402539160181,0.08325181554103023,,,0.97,,0.9700176878243976,0.029982312175602432,0.9977973546576362,0.09985979353628635,5,0.001,0.1,0.9962418548865246,1.0,0.9969343021540525,0.996445362738717,0.9967105048273452,0.9968031858462019,0.9966668673356887,0.9964448524802032,0.9967005608774997,0.9966709602163769,0.9964612346152659,0.9966905577785157
5,2,1.3783061098141276,0.63548,5000,1.8126524421903822,0.6666666666666666,834,1.8064464467782944,0.6692,0.9989018180568566,0.08335373223841742,,,0.97,,0.9700176878243976,0.029982312175602432,0.9977973546576362,0.09985979353628635,5,0.001,0.1,0.9975207047730417,0.9969343021540525,1.0,0.9976604425026583,0.9976769613908921,0.9978464190557632,0.9968795942849982,0.9970494334789762,0.9968237509239105,0.9977880807479196,0.9972580930830302,0.9972546846508111
5,3,1.3623390477933701,0.63808,5000,1.800848263281363,0.6858513189448441,834,1.8064464467782944,0.6692,0.9987617203144882,0.08334010308789615,,,0.97,,0.9700176878243976,0.029982312175602432,0.9977973546576362,0.09985979353628635,5,0.001,0.1,0.9968931099289069,0.996445362738717,0.9976604425026583,1.0,0.9975160127377601,0.9976210846788873,0.9965333658604253,0.9975056487949601,0.997247600270846,0.9972921353205116,0.9970361673917212,0.997262637728367
5,4,1.3607261982693035,0.66028,5000,1.8081078308599967,0.687875150060024,833,1.8064464467782944,0.6692,0.998745623190473,0.08334914102244761,,,0.97,,0.9700176878243976,0.029982312175602432,0.9977973546576362,0.09985979353628635,5,0.001,0.1,0.9970949683489969,0.9967105048273452,0.9976769613908921,0.9975160127377601,1.0,0.9977947430831083,0.996961171159725,0.9967434999824669,0.996571656920555,0.9976355329009857,0.99692487496801,0.9971905026719691
5,5,1.3689007406781433,0.65756,5000,1.7996113212020308,0.6794717887154862,833,1.8064464467782944,0.6692,0.9989408038049603,0.08336058010706876,,,0.97,,0.9700176878243976,0.029982312175602432,0.9977973546576362,0.09985979353628635,5,0.001,0.1,0.9973665631234961,0.9968031858462019,0.9978464190557632,0.9976210846788873,0.9977947430831083,1.0,0.9974009548759366,0.9971413520645697,0.9969545669038363,0.9975605941603484,0.9972715859429198,0.9973981830522515
5,6,1.3603947867253783,0.6594,5000,1.8134218719270494,0.6578631452581032,833,1.8064464467782944,0.6692,0.998617294092806,0.08333602458315287,,,0.97,,0.9700176878243976,0.029982312175602432,0.9977973546576362,0.09985979353628635,5,0.001,0.1,0.9973606647146049,0.9966668673356887,0.9968795942849982,0.9965333658604253,0.996961171159725,0.9974009548759366,1.0,0.9973263620842879,0.9968738440551458,0.9974578994517039,0.9967762427748872,0.9970464127607254
5,7,1.3591821104857573,0.65,5000,1.8053462814401697,0.6650660264105642,833,1.8064464467782944,0.6692,0.9986584849432506,0.0833346998336554,,,0.97,,0.9700176878243976,0.029982312175602432,0.9977973546576362,0.09985979353628635,5,0.001,0.1,0.997419745697206,0.9964448524802032,0.9970494334789762,0.9975056487949601,0.9967434999824669,0.9971413520645697,0.9973263620842879,1.0,0.997319513691616,0.9968738580677152,0.9971393257777968,0.9968134064428911
5,8,1.3559212480381035,0.66356,5000,1.8209614400510434,0.6518607442977191,833,1.8064464467782944,0.6692,0.9984414426829606,0.08333033667476616,,,0.97,,0.9700176878243976,0.029982312175602432,0.9977973546576362,0.09985979353628635,5,0.001,0.1,0.9960570130231913,0.9967005608774997,0.9968237509239105,0.997247600270846,0.996571656920555,0.9969545669038363,0.9968738440551458,0.997319513691616,1.0,0.9972807159802689,0.9967202003649827,0.9966270422861647
5,9,1.3685378045792793,0.64552,5000,1.8297660306647971,0.6722689075630253,833,1.8064464467782944,0.6692,0.9988089183069649,0.08334772195397987,,,0.97,,0.9700176878243976,0.029982312175602432,0.9977973546576362,0.09985979353628635,5,0.001,0.1,0.9967970536160453,0.9966709602163769,0.9977880807479196,0.9972921353205116,0.9976355329009857,0.9975605941603484,0.9974578994517039,0.9968738580677152,0.9972807159802689,1.0,0.9967169780003101,0.9975052266956976
5,10,1.3624534543152826,0.64204,5000,1.8094749450683594,0.6818727490996399,833,1.8064464467782944,0.6692,0.9985084192573674,0.08332391440155243,,,0.97,,0.9700176878243976,0.029982312175602432,0.9977973546576362,0.09985979353628635,5,0.001,0.1,0.9968736650375488,0.9964612346152659,0.9972580930830302,0.9970361673917212,0.99692487496801,0.9972715859429198,0.9967762427748872,0.9971393257777968,0.9967202003649827,0.9967169780003101,1.0,0.9968006879261939
5,11,1.3755415748638713,0.65852,5000,1.807594409695378,0.6506602641056423,833,1.8064464467782944,0.6692,0.99865463296862,0.083335222110698,,,0.97,,0.9700176878243976,0.029982312175602432,0.9977973546576362,0.09985979353628635,5,0.001,0.1,0.9971415041852678,0.9966905577785157,0.9972546846508111,0.997262637728367,0.9971905026719691,0.9973981830522515,0.9970464127607254,0.9968134064428911,0.9966270422861647,0.9975052266956976,0.9968006879261939,1.0
6,0,1.266721806252838,0.6612,5000,1.672292466516848,0.6954436450839329,834,1.678834728158701,0.6814,0.9982670092491255,0.08333010565942062,,,0.97,,0.9700176878243976,0.029982312175602432,0.9980851267845661,0.09983661106820978,5,0.001,0.1,1.0,0.9955658563434051,0.9970879944674951,0.9961153132610779,0.9963152091501597,0.9968613602385107,0.9966350583020748,0.9968966074770031,0.995506585096634,0.9964761767769309,0.9962861004169757,0.9966635962321375
6,1,1.2825130440626935,0.65252,5000,1.6775507573728208,0.6630695443645084,834,1.678834728158701,0.6814,0.9978293792224893,0.0832639172304486,,,0.97,,0.9700176878243976,0.029982312175602432,0.9980851267845661,0.09983661106820978,5,0.001,0.1,0.9955658563434051,1.0,0.9965534724173086,0.9956474924576222,0.9959195891219333,0.9960453988318805,0.996120629301105,0.9955851514096424,0.9961378202079163,0.9961296392396638,0.9956597972269167,0.9958067866376425
6,2,1.2761984041542005,0.6502,5000,1.6875900471651997,0.6678657074340527,834,1.678834728158701,0.6814,0.9987845369476965,0.08335725052416777,,,0.97,,0.9700176878243976,0.029982312175602432,0.9980851267845661,0.09983661106820978,5,0.001,0.1,0.9970879944674951,0.9965534724173086,1.0,0.9972537653801267,0.9971599438549716,0.9976025438036824,0.996452782250377,0.9966755350132194,0.9964174883858969,0.9976263192743435,0.9969260378933523,0.9968543522178577
6,3,1.2592272236848334,0.6516,5000,1.6710379874264751,0.6918465227817746,834,1.678834728158701,0.6814,0.9984846579801403,0.08333921270434085,,,0.97,,0.9700176878243976,0.029982312175602432,0.9980851267845661,0.09983661106820978,5,0.001,0.1,0.9961153132610779,0.9956474924576222,0.9972537653801267,1.0,0.9970825614158815,0.9972360959079161,0.9958585433202202,0.9969530669647255,0.9967216755268906,0.99678781341007,0.996546586066647,0.9968142846948336
6,4,1.2584350499377888,0.6724,5000,1.680737680859036,0.7082833133253301,833,1.678834728158701,0.6814,0.9984924926636313,0.0833450083350124,,,0.97,,0.9700176878243976,0.029982312175602432,0.9980851267845661,0.09983661106820978,5,0.001,0.1,0.9963152091501597,0.9959195891219333,0.9971599438549716,0.9970825614158815,1.0,0.9972148166251461,0.9964370078254644,0.9963221036908522,0.9960800101354828,0.9975043922393628,0.9964947740789045,0.9965804743962121
6,5,1.2676298858253818,0.66876,5000,1.6713756013799597,0.6890756302521008,833,1.678834728158701,0.6814,0.9987385419336337,0.08335996554366294,,,0.97,,0.9700176878243976,0.029982312175602432,0.9980851267845661,0.09983661106820978,5,0.001,0.1,0.9968613602385107,0.9960453988318805,0.9976025438036824,0.9972360959079161,0.9972148166251461,1.0,0.996837244223225,0.9967233048399073,0.9965430339972474,0.9971485964585138,0.9969893177750423,0.9968568353297033
6,6,1.257146857878205,0.67332,5000,1.686049465779905,0.6722689075630253,833,1.678834728158701,0.6814,0.9983967369753569,0.08333387357171049,,,0.97,,0.9700176878243976,0.029982312175602432,0.9980851267845661,0.09983661106820978,5,0.001,0.1,0.9966350583020748,0.996120629301105,0.996452782250377,0.9958585433202202,0.9964370078254644,0.996837244223225,1.0,0.9970329611124054,0.9967096715303754,0.9969409347989447,0.9963866494370122,0.9965533727212954
6,7,1.2571753139708453,0.6646,5000,1.6780513525009155,0.6710684273709484,833,1.678834728158701,0.6814,0.9984663590770144,0.08333530837407713,,,0.97,,0.9700176878243976,0.029982312175602432,0.9980851267845661,0.09983661106820978,5,0.001,0.1,0.9968966074770031,0.9955851514096424,0.9966755350132194,0.9969530669647255,0.9963221036908522,0.9967233048399073,0.9970329611124054,1.0,0.9971425220184132,0.9964345707482517,0.9965680596159209,0.9964646802125489
6,8,1.2504338609185188,0.67432,5000,1.696176948370757,0.6698679471788715,833,1.678834728158701,0.6814,0.9982856153151468,0.08332679856795584,,,0.97,,0.9700176878243976,0.029982312175602432,0.9980851267845661,0.09983661106820978,5,0.001,0.1,0.995506585096634,0.9961378202079163,0.9964174883858969,0.9967216755268906,0.9960800101354828,0.9965430339972474,0.9967096715303754,0.9971425220184132,1.0,0.9967455639676106,0.9964562178802938,0.9961733362392345
6,9,1.2643692779692874,0.6594,5000,1.708381352601228,0.6830732292917167,833,1.678834728158701,0.6814,0.9986734391858323,0.08334997858640739,,,0.97,,0.9700176878243976,0.029982312175602432,0.9980851267845661,0.09983661106820978,5,0.001,0.1,0.9964761767769309,0.9961296392396638,0.9976263192743435,0.99678781341007,0.9975043922393628,0.9971485964585138,0.9969409347989447,0.9964345707482517,0.9967455639676106,1.0,0.9964730386986482,0.9970119550912414
6,10,1.2598851126470383,0.65576,5000,1.6830088165071275,0.6962785114045619,833,1.678834728158701,0.6814,0.9983359545202103,0.08332448477613767,,,0.97,,0.9700176878243976,0.029982312175602432,0.9980851267845661,0.09983661106820978,5,0.001,0.1,0.9962861004169757,0.9956597972269167,0.9969260378933523,0.996546586066647,0.9964947740789045,0.9969893177750423,0.9963866494370122,0.9965680596159209,0.9964562178802938,0.9964730386986482,1.0,0.996449968168004
6,11,1.2732846269941633,0.67024,5000,1.6805462484006528,0.6686674669867947,833,1.678834728158701,0.6814,0.9984188789654744,0.08333409612665833,,,0.97,,0.9700176878243976,0.029982312175602432,0.9980851267845661,0.09983661106820978,5,0.001,0.1,0.9966635962321375,0.9958067866376425,0.9968543522178577,0.9968142846948336,0.9965804743962121,0.9968568353297033,0.9965533727212954,0.9964646802125489,0.9961733362392345,0.9970119550912414,0.996449968168004,1.0
7,0,1.1793673429519507,0.6716,5000,1.540234954268844,0.6990407673860911,834,1.5475357904220923,0.6906,0.9979206999981168,0.08332511787332592,,,0.97,,0.9700176878243976,0.029982312175602432,0.9981720107089096,0.09980443590859653,5,0.001,0.1,1.0,0.9949219775120862,0.9965211408949599,0.995226713143376,0.9953517593399052,0.9961077531268355,0.9960010697007667,0.9960580829808664,0.9946166998080406,0.9959022396386625,0.9958168740751113,0.9959374075390741
7,1,1.1948284231173765,0.66188,5000,1.5460539791319106,0.6774580335731415,834,1.5475357904220923,0.6906,0.9976014648796826,0.08327421570017061,,,0.97,,0.9700176878243976,0.029982312175602432,0.9981720107089096,0.09980443590859653,5,0.001,0.1,0.9949219775120862,1.0,0.996028385879474,0.9948196550133468,0.9951839973924945,0.995268839120639,0.9957846562743065,0.9946142433163219,0.9955345787680584,0.9957561430830919,0.9952171446013199,0.9955130718640457
