round,client_id,client_i_training_loss,client_i_training_accuracy,client_i_training_dataset_size,client_i_evaluation_loss,client_i_evaluation_accuracy,client_i_evaluation_dataset_size,client_i_central_evaluation_loss,client_i_central_evaluation_accuracy,client_i_cosine_similarity,client_i_importance_coefficient,client_i_tanh_val,tanh_normalization_value,client_i_q,client_i_mask_order,client_i_v_nonzero_fraction,client_i_v_sparsity,client_i_v_cosine_similarity,client_i_reward_gradient_norm,local_epochs,learning_rate,gamma,client_0_cosine_similarity,client_1_cosine_similarity,client_2_cosine_similarity,client_3_cosine_similarity,client_4_cosine_similarity,client_5_cosine_similarity,client_6_cosine_similarity,client_7_cosine_similarity,client_8_cosine_similarity,client_9_cosine_similarity,client_10_cosine_similarity,client_11_cosine_similarity
0,0,2.289946836413759,0.14252459803215742,4167,2.296285799571446,0.1079136690647482,834,2.2979258313963684,0.1023,0.9790567686367241,0.08342861156514778,,,0.8014429644943051,,0.8014886699344788,0.19851133006552124,0,0.14667401640338698,10,0.025,0.15,1.0,0.9391172263790982,0.9549037823991972,0.9551752550873948,0.9460646322585627,0.9306967429386636,0.9568211694284603,0.9561741676867739,0.9624748078874824,0.9654072579681214,0.9670778509773535,0.9555763581311042
0,1,2.288193136995489,0.13254139668826495,4167,2.2996882029942105,0.08992805755395683,834,2.2979919216300866,0.1022,0.9684892630275352,0.08252812004215963,,,0.6,,0.6000148536911423,0.39998514630885773,0,0.14634819968684742,10,0.025,0.15,0.9391172263790982,1.0,0.9448685797046232,0.9180035987968909,0.934345911573543,0.9466169822202701,0.9527629879021354,0.9360579526881765,0.945464642121714,0.9449383319928941,0.9531310592248803,0.9501658467189
0,2,2.2864534399726173,0.14773218142548597,4167,2.3006475312369212,0.09952038369304557,834,2.297924461244028,0.1023,0.9810173140586683,0.0835956760170804,,,0.8388158409731962,,0.8388539552078692,0.1611460447921308,0,0.14668192224832144,10,0.025,0.15,0.9549037823991972,0.9448685797046232,1.0,0.9643867711732961,0.9391121970124909,0.9516120430364382,0.9668847610043859,0.9409508549676321,0.964363786741453,0.9596994431055916,0.9622925053912552,0.9634200179128795
0,3,2.2872374057769775,0.129685625149988,4167,2.2962330409458707,0.11031175059952038,834,2.2979251734818082,0.1023,0.9738967925768333,0.0829889132226446,,,0.703080975140809,,0.7031324784208876,0.29686752157911245,0,0.1466105917047275,10,0.025,0.15,0.9551752550873948,0.9180035987968909,0.9643867711732961,1.0,0.9566901169773275,0.9332187630998472,0.9595793669222998,0.9351986799851235,0.9542681006960662,0.9609988085738153,0.9475362378147775,0.9438742223906375
0,4,2.2873007225267816,0.12483801295896328,4167,2.29410525730678,0.11764705882352941,833,2.2979243918310237,0.1023,0.9743569105628448,0.0830281213727323,,,0.7118519694082465,,0.7118879041441798,0.2881120958558202,0,0.14661638476647268,10,0.025,0.15,0.9460646322585627,0.934345911573543,0.9391121970124909,0.9566901169773275,1.0,0.9457482266122342,0.949470474040673,0.9388936615295028,0.9640826328219253,0.968241389175173,0.9527461308021682,0.9389378721785996
0,5,2.289841235045231,0.14230861531077513,4167,2.29530736378261,0.1056422569027611,833,2.297947714600382,0.1023,0.9702738593040735,0.08268019129515065,,,0.6340188477457528,,0.6340628146094305,0.3659371853905695,0,0.14649544492611088,10,0.025,0.15,0.9306967429386636,0.9466169822202701,0.9516120430364382,0.9332187630998472,0.9457482266122342,1.0,0.9423126320095905,0.9310208113506927,0.957033523948972,0.9509954851702683,0.9373237752485164,0.9598379184167095
0,6,2.2877185156851105,0.1351331893448524,4167,2.299934455326625,0.10324129651860744,833,2.2979239391375192,0.1023,0.9823566001116186,0.08370980093758097,,,0.8643459672669167,,0.864385799871268,0.13561420012873204,0,0.1466852805641032,10,0.025,0.15,0.9568211694284603,0.9527629879021354,0.9668847610043859,0.9595793669222998,0.949470474040673,0.9423126320095905,1.0,0.949483643574587,0.9700029099409209,0.9628235914483084,0.9566445629115119,0.9614245180039397
0,7,2.29064478151726,0.14094072474202063,4167,2.2976042202540805,0.10804321728691477,833,2.2979432087910325,0.1023,0.9718797037117174,0.08281703052001596,,,0.6646302398713544,,0.6646696704130977,0.33533032958690234,0,0.14652902747498306,10,0.025,0.15,0.9561741676867739,0.9360579526881765,0.9409508549676321,0.9351986799851235,0.9388936615295028,0.9310208113506927,0.949483643574587,1.0,0.9683772999975517,0.9574707904312302,0.9500150183657928,0.9416204660039752
0,8,2.289473630442764,0.14227076332213154,4166,2.300905295780727,0.08043217286914765,833,2.29792336270779,0.1023,0.9868499288871595,0.08409269209676379,,,0.9499999997762967,,0.9500173293063326,0.04998267069366735,0,0.146690447334409,10,0.025,0.15,0.9624748078874824,0.945464642121714,0.964363786741453,0.9542681006960662,0.9640826328219253,0.957033523948972,0.9700029099409209,0.9683772999975517,1.0,0.97106231553313,0.9617398723632459,0.9620774383243899
0,9,2.2845519932833587,0.13113298127700432,4166,2.2984451225825717,0.10804321728691477,833,2.297923404959184,0.1023,0.9859750729728722,0.08401814277890332,,,0.9333230681145662,,0.9333481870244755,0.06665181297552447,0,0.14669000684972897,10,0.025,0.15,0.9654072579681214,0.9449383319928941,0.9596994431055916,0.9609988085738153,0.968241389175173,0.9509954851702683,0.9628235914483084,0.9574707904312302,0.97106231553313,1.0,0.9738190461206849,0.9552262841135424
0,10,2.2857530709468956,0.13478156505040806,4166,2.2980586801256453,0.09603841536614646,833,2.2979240960712675,0.1023,0.9818409643795277,0.08366586193978248,,,0.854516666548943,,0.8545493555148455,0.14545064448515455,0,0.146684111730206,10,0.025,0.15,0.9670778509773535,0.9531310592248803,0.9622925053912552,0.9475362378147775,0.9527461308021682,0.9373237752485164,0.9566445629115119,0.9500150183657928,0.9617398723632459,0.9738190461206849,1.0,0.9598446046706708
0,11,2.2916295398365367,0.1357177148343735,4166,2.2958837236676897,0.10084033613445378,833,2.297925704642187,0.1023,0.9792706631469238,0.08344683821203794,,,0.8055203263445994,,0.8055486788466935,0.19445132115330654,0,0.14667507567757376,10,0.025,0.15,0.9555763581311042,0.9501658467189,0.9634200179128795,0.9438742223906375,0.9389378721785996,0.9598379184167095,0.9614245180039397,0.9416204660039752,0.9620774383243899,0.9552262841135424,0.9598446046706708,1.0
1,0,2.2136421647938813,0.1937844972402208,4167,2.2867326395852223,0.12470023980815348,834,2.287471055984497,0.1216,0.9848220130775558,0.08332775454039772,,,0.7864220400303988,,0.7864699377795382,0.21353006222046178,0.8555820857710507,0.14794901572725497,10,0.025,0.15,1.0,0.9675947817016946,0.964178666034318,0.9626884906878893,0.9702345987801236,0.9713475521860252,0.9639479234207394,0.9731930601846323,0.971459746663635,0.9741730182727467,0.9717171940013416,0.97139710621957
1,1,2.2055868365547875,0.20091192704583632,4167,2.2895333766937256,0.1091127098321343,834,2.287636663340315,0.1213,0.9829011625450184,0.08271072568339354,,,0.6,,0.6000148536911423,0.39998514630885773,0.8503405545575798,0.14750893817029448,10,0.025,0.15,0.9675947817016946,1.0,0.9703587318254205,0.9566300489253473,0.9653470525088748,0.9683387247283095,0.9665837491353879,0.9651122858205706,0.9685561782303196,0.9700434092466079,0.9708100813078563,0.9700789214114932
1,2,2.205971201983365,0.20518358531317496,4167,2.290912525994437,0.11510791366906475,834,2.2874551000474375,0.1216,0.9858306989080882,0.08346337990754764,,,0.8273983369036404,,0.8274496212308758,0.17255037876912416,0.8560194152577407,0.14798877467036378,10,0.025,0.15,0.964178666034318,0.9703587318254205,1.0,0.9716567074356477,0.9667507879663759,0.9718711188111031,0.9738232033224355,0.9689519333718097,0.9710294251950446,0.9711225371329492,0.9702817844143654,0.9737956943448753
1,3,2.2058371594457915,0.1884809215262779,4167,2.2854722567967007,0.13189448441247004,834,2.2875130538698993,0.1216,0.9811729882469783,0.08293856354570686,,,0.6688363252487681,,0.6688782162367348,0.3311217837632652,0.853221254120338,0.14778359986423642,10,0.025,0.15,0.9626884906878893,0.9566300489253473,0.9716567074356477,1.0,0.9653872268089734,0.9681654041392789,0.9658081479012613,0.9688096070734403,0.9641421638681232,0.9650555559548348,0.9619668910585013,0.9685845852880219
1,4,2.2102240324020386,0.183993280537557,4167,2.282471248081752,0.1368547418967587,833,2.287482976913452,0.1216,0.9876336669095361,0.08317219673251472,,,0.7394235835416634,,0.7394662573649552,0.2605337426350448,0.8545853265854153,0.14790475671968087,10,0.025,0.15,0.9702345987801236,0.9653470525088748,0.9667507879663759,0.9653872268089734,1.0,0.9771598818949571,0.9700497433423169,0.9739565050475473,0.9751510930401179,0.9790917566614511,0.9745902678588338,0.9775612684247688
1,5,2.2185413057153873,0.19364050875929925,4167,2.2835497856140137,0.1332533013205282,833,2.28753237181072,0.1216,0.9887868151507102,0.08299524372172697,,,0.6859610252089166,,0.686001221303494,0.31399877869650605,0.8530729920003749,0.1478121220239058,10,0.025,0.15,0.9713475521860252,0.9683387247283095,0.9718711188111031,0.9681654041392789,0.9771598818949571,1.0,0.9716667226718443,0.9729895552087514,0.9760905568961136,0.9774371388698022,0.9723689282582555,0.9816133141557842
1,6,2.2087137886972137,0.2062155027597792,4167,2.2889373983655656,0.11404561824729892,833,2.2874546020845825,0.1216,0.9853501433685452,0.0835181051840447,,,0.8439324058859955,,0.8439702266013104,0.15602977339868962,0.8560955970083574,0.14799337196206072,10,0.025,0.15,0.9639479234207394,0.9665837491353879,0.9738232033224355,0.9658081479012613,0.9700497433423169,0.9716667226718443,1.0,0.9692034501972422,0.9737836505030427,0.9739929226405416,0.9663738940744666,0.9727806726681777
1,7,2.2152152581648394,0.20093592512598993,4167,2.288329465048654,0.12244897959183673,833,2.287508188923703,0.1216,0.9878082427037874,0.08304781460248044,,,0.7018441897076406,,0.7018946708257002,0.29810532917429977,0.854296354256864,0.14786596017599046,10,0.025,0.15,0.9731930601846323,0.9651122858205706,0.9689519333718097,0.9688096070734403,0.9739565050475473,0.9729895552087514,0.9692034501972422,1.0,0.9761745262223822,0.9786683943849798,0.9747302024995166,0.9755928893004103
1,8,2.2144827445348105,0.19056649063850217,4166,2.2904134137289867,0.10444177671068428,833,2.287464673006082,0.1217,0.9888742663849008,0.0838682503362679,,,0.949721256509815,,0.9497615157366606,0.050238484263339434,0.8557510252687616,0.1480210225629775,10,0.025,0.15,0.971459746663635,0.9685561782303196,0.9710294251950446,0.9641421638681232,0.9751510930401179,0.9760905568961136,0.9737836505030427,0.9761745262223822,1.0,0.9786267753037582,0.9762630551057497,0.9783719427849157
1,9,2.197799485018759,0.19639942390782525,4166,2.288076639175415,0.13205282112845138,833,2.28746482993983,0.1217,0.9903191578692347,0.08386917293421123,,,0.9499999996978714,,0.9500173293063326,0.04998267069366735,0.8557339376181722,0.1480210228655994,10,0.025,0.15,0.9741730182727467,0.9700434092466079,0.9711225371329492,0.9650555559548348,0.9790917566614511,0.9774371388698022,0.9739929226405416,0.9786683943849798,0.9786267753037582,1.0,0.9790070772479676,0.9796012864920809
1,10,2.203256210413846,0.20172827652424388,4166,2.2868103981018066,0.11764705882352941,833,2.287453491476518,0.1216,0.9877606136228583,0.08356919289103935,,,0.8593674612327717,,0.8594098133386147,0.14059018666138534,0.8561010517402038,0.14799703412026202,10,0.025,0.15,0.9717171940013416,0.9708100813078563,0.9702817844143654,0.9619668910585013,0.9745902678588338,0.9723689282582555,0.9663738940744666,0.9747302024995166,0.9762630551057497,0.9790070772479676,1.0,0.9784786192147811
1,11,2.216383283066027,0.1959193470955353,4166,2.285924639020647,0.11764705882352941,833,2.28745698023446,0.1216,0.9903925353011114,0.08351959992066887,,,0.8443840085097993,,0.8444323414368471,0.1555676585631529,0.8559825823853012,0.14799357470913316,10,0.025,0.15,0.97139710621957,0.9700789214114932,0.9737956943448753,0.9685845852880219,0.9775612684247688,0.9816133141557842,0.9727806726681777,0.9755928893004103,0.9783719427849157,0.9796012864920809,0.9784786192147811,1.0
2,0,2.1365796948924207,0.22788576913846892,4167,2.272462947028024,0.14268585131894485,834,2.272115127949775,0.15,0.9836220018485631,0.08331267289703134,,,0.95,,0.9500173293063326,0.04998267069366735,0.9400916613042215,0.14762267261540943,10,0.025,0.15,1.0,0.9617946905473049,0.9567272668411312,0.9588526955542452,0.9703757943599856,0.9698767769722758,0.9626013944221447,0.9693937153254898,0.9632810476064897,0.9696927431516423,0.967665406418017,0.9661646337592379
2,1,2.1226950056625133,0.23914086873050155,4167,2.2746104512895857,0.14388489208633093,834,2.272339356096485,0.1502,0.9818720345763706,0.08287536067244503,,,0.95,,0.9500173293063326,0.04998267069366735,0.9356734784838531,0.14762267261540943,10,0.025,0.15,0.9617946905473049,1.0,0.9634321255507098,0.9505033353091115,0.9651216298553221,0.9682426027590518,0.9620353541650275,0.9633940704614063,0.9633846413360545,0.964204614278231,0.9694345121396701,0.9644419567830176
2,2,2.133556364521836,0.23954883609311256,4167,2.2765250546591624,0.1223021582733813,834,2.2720965071569514,0.15,0.981902156291407,0.08334048987629501,,,0.95,,0.9500173293063326,0.04998267069366735,0.9404737127585414,0.14762267261540943,10,0.025,0.15,0.9567272668411312,0.9634321255507098,1.0,0.9610991290568118,0.9610472384382053,0.9670526185790274,0.9666240192613598,0.9627809901766344,0.9608060978251747,0.9649309421644222,0.9659703488861574,0.9655882155571358
2,3,2.1346445737463053,0.22387808975281978,4167,2.26958806174142,0.16666666666666666,834,2.272185902052288,0.1506,0.9792100873905293,0.08292946587737758,,,0.95,,0.9500173293063326,0.04998267069366735,0.9383575150191148,0.14762267261540943,10,0.025,0.15,0.9588526955542452,0.9505033353091115,0.9610991290568118,1.0,0.9622988939305798,0.9644188015264202,0.9621131835040692,0.9644086335030254,0.9578784610710604,0.9618684069033274,0.9568349704776266,0.9642127741047896
2,4,2.132344023025397,0.22253419726421886,4167,2.2659619535718645,0.1836734693877551,833,2.272141357011433,0.1508,0.9860075612842403,0.08329417104540969,,,0.95,,0.9500173293063326,0.04998267069366735,0.9394928369608614,0.14762267261540943,10,0.025,0.15,0.9703757943599856,0.9651216298553221,0.9610472384382053,0.9622988939305798,1.0,0.9691755616158341,0.963484633629797,0.9710872916200818,0.9682934790360356,0.97223709928732,0.9712309537180474,0.9702696612650907
2,5,2.14619350939086,0.2299016078713703,4167,2.26654314994812,0.1716686674669868,833,2.2722060348414166,0.1503,0.9870962902359915,0.08322038361427031,,,0.95,,0.9500173293063326,0.04998267069366735,0.9386617283777818,0.14762267261540943,10,0.025,0.15,0.9698767769722758,0.9682426027590518,0.9670526185790274,0.9644188015264202,0.9691755616158341,1.0,0.9705029740810307,0.9674415981511555,0.9662990445831826,0.9712595660650916,0.9684230807373988,0.974865471379583
2,6,2.1347759048144024,0.24118070554355653,4167,2.2729451656341553,0.14165666266506602,833,2.272096120858494,0.15,0.9828975860537962,0.08340654703976312,,,0.95,,0.9500173293063326,0.04998267069366735,0.9404913123006122,0.14762267261540943,10,0.025,0.15,0.9626013944221447,0.9620353541650275,0.9666240192613598,0.9621131835040692,0.963484633629797,0.9705029740810307,1.0,0.9627891148173608,0.9620695421434752,0.968546508069383,0.9608006172952958,0.9662209832692171
2,7,2.1363316575686135,0.23849292056635468,4167,2.2744456699916293,0.13805522208883553,833,2.2721731330775006,0.1505,0.9851931271407043,0.08319103206174314,,,0.95,,0.9500173293063326,0.04998267069366735,0.9390927854032975,0.14762267261540943,10,0.025,0.15,0.9693937153254898,0.9633940704614063,0.9627809901766344,0.9644086335030254,0.9710872916200818,0.9674415981511555,0.9627891148173608,1.0,0.9682978771345285,0.9681508950304085,0.9690746144796978,0.9682539116045118
2,8,2.1370453093991135,0.22616418626980317,4166,2.275299072265625,0.1404561824729892,833,2.2721032432363004,0.1499,0.9834740047055183,0.08364118567311744,,,0.95,,0.9500173293063326,0.04998267069366735,0.9405614493469486,0.14762267261540943,10,0.025,0.15,0.9632810476064897,0.9633846413360545,0.9608060978251747,0.9578784610710604,0.9682934790360356,0.9662990445831826,0.9620695421434752,0.9682978771345285,1.0,0.9660301430260745,0.9710860476285244,0.9670055705475464
2,9,2.1204094055927163,0.23125300048007683,4166,2.2723518439701627,0.14645858343337334,833,2.272103532960143,0.1499,0.9862348273326119,0.08373136312410114,,,0.95,,0.9500173293063326,0.04998267069366735,0.9405614561555323,0.14762267261540943,10,0.025,0.15,0.9696927431516423,0.964204614278231,0.9649309421644222,0.9618684069033274,0.97223709928732,0.9712595660650916,0.968546508069383,0.9681508950304085,0.9660301430260745,1.0,0.9686139985897254,0.9715303893624534
2,10,2.1228252974423496,0.242678828612578,4166,2.2704143864767894,0.148859543817527,833,2.272094457964354,0.1499,0.9857630104873139,0.08353105570445614,,,0.95,,0.9500173293063326,0.04998267069366735,0.9404930590724824,0.14762267261540943,10,0.025,0.15,0.967665406418017,0.9694345121396701,0.9659703488861574,0.9568349704776266,0.9712309537180474,0.9684230807373988,0.9608006172952958,0.9690746144796978,0.9710860476285244,0.9686139985897254,1.0,0.9724574775445421
2,11,2.1376352617234895,0.23322131541046567,4166,2.2713410513741628,0.1524609843937575,833,2.272099555293216,0.15,0.9865579045554208,0.08352627241399005,,,0.95,,0.9500173293063326,0.04998267069366735,0.940491675592445,0.14762267261540943,10,0.025,0.15,0.9661646337592379,0.9644419567830176,0.9655882155571358,0.9642127741047896,0.9702696612650907,0.974865471379583,0.9662209832692171,0.9682539116045118,0.9670055705475464,0.9715303893624534,0.9724574775445421,1.0
3,0,2.0741722345352174,0.2501559875209983,4167,2.25321136202131,0.18105515587529977,834,2.2512985513180115,0.1929,0.9830891521581018,0.08334567367745159,,,0.95,,0.9500173293063326,0.04998267069366735,0.9675883149861071,0.14734726110275498,10,0.025,0.15,1.0,0.9613833722615018,0.9582707898959045,0.9598334100498366,0.9638599435316682,0.967672713609596,0.9603053502645723,0.9669610944777215,0.95851858753973,0.9652780024636367,0.9630331509547319,0.963367062501713
3,1,2.0544708920247627,0.26450683945284376,4167,2.2543396268572127,0.19784172661870503,834,2.2516010592255413,0.1926,0.9808491522644753,0.08300304016224186,,,0.95,,0.9500173293063326,0.04998267069366735,0.9675883149861071,0.14734726110275498,10,0.025,0.15,0.9613833722615018,1.0,0.963053043787204,0.9529997909865706,0.960711659593616,0.9644779529959735,0.9582310422877482,0.9573579683813873,0.953564791247443,0.9651815292360446,0.963036929790201,0.9622507533064808
3,2,2.0691898624102274,0.2613150947924166,4167,2.2567151273999895,0.17026378896882494,834,2.251276701311522,0.1931,0.9808499307351447,0.0832901094989942,,,0.95,,0.9500173293063326,0.04998267069366735,0.9675883149861071,0.14734726110275498,10,0.025,0.15,0.9582707898959045,0.963053043787204,1.0,0.9609413694449407,0.9589632699243694,0.962840292880162,0.9568349992064284,0.9588646137921917,0.954789955232828,0.966333142217026,0.9606067117137767,0.960591657088566
3,3,2.073450603268363,0.2496040316774658,4167,2.248147521700178,0.2038369304556355,834,2.2514057068885127,0.1933,0.9806028532278637,0.08302843008472857,,,0.95,,0.9500173293063326,0.04998267069366735,0.9675883149861071,0.14734726110275498,10,0.025,0.15,0.9598334100498366,0.9529997909865706,0.9609413694449407,1.0,0.9584223748974772,0.9640758559520954,0.9603370973633882,0.9617496671157469,0.9577224735785024,0.9630171211531605,0.9566818153059048,0.9635449048252394
3,4,2.062283798781308,0.25202783777297816,4167,2.243886266435896,0.21368547418967587,833,2.2513442612901517,0.1935,0.9828824145461015,0.0833275407549404,,,0.95,,0.9500173293063326,0.04998267069366735,0.9675883149861071,0.14734726110275498,10,0.025,0.15,0.9638599435316682,0.960711659593616,0.9589632699243694,0.9584223748974772,1.0,0.9623338624563926,0.9536599615113572,0.9673749874083862,0.9616810037185156,0.9674439415729985,0.9667015579835506,0.9648564927829133
3,5,2.081264849865075,0.25495560355171587,4167,2.2439179761069163,0.21368547418967587,833,2.251430285127857,0.193,0.985066132686661,0.08335293253179166,,,0.95,,0.9500173293063326,0.04998267069366735,0.9675883149861071,0.14734726110275498,10,0.025,0.15,0.967672713609596,0.9644779529959735,0.962840292880162,0.9640758559520954,0.9623338624563926,1.0,0.9644372523483489,0.9654929582200495,0.9583158373738552,0.9692633494791232,0.9635161206228638,0.9693943072121574
3,6,2.068480803749778,0.26690664746820253,4167,2.2510692732674733,0.19567827130852342,833,2.2512756872780715,0.1933,0.9788664677814675,0.08326645152907364,,,0.95,,0.9500173293063326,0.04998267069366735,0.9675883149861071,0.14734726110275498,10,0.025,0.15,0.9603053502645723,0.9582310422877482,0.9568349992064284,0.9603370973633882,0.9536599615113572,0.9644372523483489,1.0,0.9562072071892016,0.9535438727582579,0.9624548154444781,0.9533413058093435,0.9593315188884123
3,7,2.068377210515918,0.26553875689944806,4167,2.2553986481257846,0.19807923169267708,833,2.251387188706217,0.1929,0.9831912070543432,0.08327392054894625,,,0.95,,0.9500173293063326,0.04998267069366735,0.9675883149861071,0.14734726110275498,10,0.025,0.15,0.9669610944777215,0.9573579683813873,0.9588646137921917,0.9617496671157469,0.9673749874083862,0.9654929582200495,0.9562072071892016,1.0,0.9624238528800476,0.967075642385105,0.9635038446431515,0.9626897233430497
3,8,2.0696928176012905,0.2501680268843015,4166,2.2548422472817555,0.16926770708283315,833,2.251277036304715,0.1928,0.979474443695336,0.08343100079655696,,,0.95,,0.9500173293063326,0.04998267069366735,0.9675883149861071,0.14734726110275498,10,0.025,0.15,0.95851858753973,0.953564791247443,0.954789955232828,0.9577224735785024,0.9616810037185156,0.9583158373738552,0.9535438727582579,0.9624238528800476,1.0,0.9613952634753683,0.9613895349608333,0.9623217000262806
3,9,2.054717193589066,0.2589534325492079,4166,2.25053232056754,0.1908763505402161,833,2.251277639896055,0.1929,0.9857980958806967,0.0836920465269406,,,0.95,,0.9500173293063326,0.04998267069366735,0.9675883149861071,0.14734726110275498,10,0.025,0.15,0.9652780024636367,0.9651815292360446,0.966333142217026,0.9630171211531605,0.9674439415729985,0.9692633494791232,0.9624548154444781,0.967075642385105,0.9613952634753683,1.0,0.9659337025917425,0.9668771763593257
3,10,2.0529215465892445,0.26617858857417187,4166,2.2480457169669017,0.19567827130852342,833,2.251273390613025,0.1933,0.982824628242673,0.08347185188498307,,,0.95,,0.9500173293063326,0.04998267069366735,0.9675883149861071,0.14734726110275498,10,0.025,0.15,0.9630331509547319,0.963036929790201,0.9606067117137767,0.9566818153059048,0.9667015579835506,0.9635161206228638,0.9533413058093435,0.9635038446431515,0.9613895349608333,0.9659337025917425,1.0,0.9674900119852591
3,11,2.0744616494034274,0.25436869899183867,4166,2.2519459383828297,0.1908763505402161,833,2.2512807936608037,0.1933,0.9843055835786186,0.08351700200335131,,,0.95,,0.9500173293063326,0.04998267069366735,0.9675883149861071,0.14734726110275498,10,0.025,0.15,0.963367062501713,0.9622507533064808,0.960591657088566,0.9635449048252394,0.9648564927829133,0.9693943072121574,0.9593315188884123,0.9626897233430497,0.9623217000262806,0.9668771763593257,0.9674900119852591,1.0
4,0,2.021905884959481,0.2688984881209503,4167,2.229130847113473,0.20983213429256595,834,2.225507503823389,0.2333,0.9801987442054098,0.0833424566888427,,,0.95,,0.9500173293063326,0.04998267069366735,0.9810411478713607,0.14702278778019007,10,0.025,0.15,1.0,0.9562831789359376,0.9527102047066935,0.9563041078608612,0.9590140583680159,0.9630002689805998,0.9542880645418182,0.9602439908536887,0.9530847085776265,0.961105828807941,0.9569552547863709,0.9559440753863667
4,1,1.9979488253593445,0.2802495800335973,4167,2.2292587075914656,0.2302158273381295,834,2.225909429260447,0.2319,0.9791106620814263,0.0830954584206565,,,0.95,,0.9500173293063326,0.04998267069366735,0.9810411478713607,0.14702278778019007,10,0.025,0.15,0.9562831789359376,1.0,0.958487036526964,0.9509493963684135,0.9583597074129084,0.9578590774027407,0.9546471168366427,0.9531897525192378,0.9483010433954588,0.9623022384028369,0.9583996344860041,0.9575118679647465
4,2,2.0137479879639364,0.2775137988960883,4167,2.2321269512176514,0.21342925659472423,834,2.2254818059221098,0.2332,0.9786526176171173,0.08325787635280726,,,0.95,,0.9500173293063326,0.04998267069366735,0.9810411478713607,0.14702278778019007,10,0.025,0.15,0.9527102047066935,0.958487036526964,1.0,0.9570983242760666,0.9557965948598788,0.9579941734430011,0.9481289539444471,0.9548110461547403,0.95439280561983,0.9608731521737865,0.9553050742727961,0.9551902366343723
4,3,2.0248516035802435,0.26983441324694024,4167,2.2218155520302907,0.2422062350119904,834,2.2256588966031616,0.2332,0.9797926408629372,0.08313331011158889,,,0.95,,0.9500173293063326,0.04998267069366735,0.9810411478713607,0.14702278778019007,10,0.025,0.15,0.9563041078608612,0.9509493963684135,0.9570983242760666,1.0,0.9560556231123619,0.9602132268501936,0.9576370529149182,0.9561065907069587,0.9573648678892642,0.959386170731882,0.9530214122097651,0.9601677274037842
4,4,2.006889094728412,0.27235421166306695,4167,2.2169349193573,0.2605042016806723,833,2.2255764852596234,0.2334,0.9816785667023019,0.08337936271630507,,,0.95,,0.9500173293063326,0.04998267069366735,0.9810411478713607,0.14702278778019007,10,0.025,0.15,0.9590140583680159,0.9583597074129084,0.9557965948598788,0.9560556231123619,1.0,0.9579324018447697,0.9498986005422988,0.9634147554993697,0.9593479440234354,0.9639234351006633,0.9618983857027137,0.9606773518092477
4,5,2.030310371427825,0.27240220782337415,4167,2.216078758239746,0.25690276110444177,833,2.2256903467299063,0.2329,0.9823825066578308,0.0834179294624352,,,0.95,,0.9500173293063326,0.04998267069366735,0.9810411478713607,0.14702278778019007,10,0.025,0.15,0.9630002689805998,0.9578590774027407,0.9579941734430011,0.9602132268501936,0.9579324018447697,1.0,0.957067624902992,0.9590904494206182,0.9552814158679818,0.9656008447770054,0.956844544718081,0.963717349722631
4,6,2.016574329318422,0.2843532517398608,4167,2.2239369324275424,0.234093637454982,833,2.2254796058316773,0.2332,0.9755676195746743,0.08314297748662403,,,0.95,,0.9500173293063326,0.04998267069366735,0.9810411478713607,0.14702278778019007,10,0.025,0.15,0.9542880645418182,0.9546471168366427,0.9481289539444471,0.9576370529149182,0.9498986005422988,0.957067624902992,1.0,0.947977388454286,0.9480962903894001,0.9573135849041255,0.9476838671067149,0.9518027654317072
4,7,2.0149359215389597,0.283993280537557,4167,2.231555019106184,0.24729891956782712,833,2.2256353142895278,0.2329,0.9800741722247235,0.08329408891008311,,,0.95,,0.9500173293063326,0.04998267069366735,0.9810411478713607,0.14702278778019007,10,0.025,0.15,0.9602439908536887,0.9531897525192378,0.9548110461547403,0.9561065907069587,0.9634147554993697,0.9590904494206182,0.947977388454286,1.0,0.9578491243036042,0.9622553792394714,0.9554362464517225,0.9571017612994765
4,8,2.013984436338598,0.27033125300048005,4166,2.229468890598842,0.21248499399759904,833,2.225473642349243,0.2327,0.9786661910109988,0.08334533889924856,,,0.95,,0.9500173293063326,0.04998267069366735,0.9810411478713607,0.14702278778019007,10,0.025,0.15,0.9530847085776265,0.9483010433954588,0.95439280561983,0.9573648678892642,0.9593479440234354,0.9552814158679818,0.9480962903894001,0.9578491243036042,1.0,0.9580515632766798,0.9590880368422171,0.9599712369491101
4,9,2.0031943328452835,0.27467594815170426,4166,2.2233546461377824,0.24129651860744297,833,2.2254745567901226,0.2327,0.9840174934434978,0.08368053258148246,,,0.95,,0.9500173293063326,0.04998267069366735,0.9810411478713607,0.14702278778019007,10,0.025,0.15,0.961105828807941,0.9623022384028369,0.9608731521737865,0.959386170731882,0.9639234351006633,0.9656008447770054,0.9573135849041255,0.9622553792394714,0.9580515632766798,1.0,0.9603699315291176,0.9625225049679488
4,10,1.997497148586042,0.2843494959193471,4166,2.220411777496338,0.23649459783913565,833,2.2254766210725037,0.2331,0.98001112119958,0.08341429126064387,,,0.95,,0.9500173293063326,0.04998267069366735,0.9810411478713607,0.14702278778019007,10,0.025,0.15,0.9569552547863709,0.9583996344860041,0.9553050742727961,0.9530214122097651,0.9618983857027137,0.956844544718081,0.9476838671067149,0.9554362464517225,0.9590880368422171,0.9603699315291176,1.0,0.9616336187741971
4,11,2.0200576587156815,0.27330772923667784,4166,2.2276558535439626,0.2148859543817527,833,2.2254867704608774,0.2332,0.9816783799305446,0.08349637710928251,,,0.95,,0.9500173293063326,0.04998267069366735,0.9810411478713607,0.14702278778019007,10,0.025,0.15,0.9559440753863667,0.9575118679647465,0.9551902366343723,0.9601677274037842,0.9606773518092477,0.963717349722631,0.9518027654317072,0.9571017612994765,0.9599712369491101,0.9625225049679488,0.9616336187741971,1.0
5,0,1.9783288345192418,0.2822414206863451,4167,2.200705426079886,0.23261390887290168,834,2.1951017319401607,0.26,0.9777022206270553,0.083319890789122,,,0.95,,0.9500173293063326,0.04998267069366735,0.9876565383764367,0.14674332305187368,10,0.025,0.15,1.0,0.9527472977151781,0.9478190669873405,0.9531997395421122,0.9554456342175449,0.9579284600134931,0.950130169500715,0.9554996286032073,0.9444221204389168,0.9562714152066547,0.9529961937139362,0.9512457430097121
5,1,1.9508730241746612,0.295224382049436,4167,2.1997770922524587,0.25539568345323743,834,2.195616607424579,0.2593,0.977054377674131,0.08314614638648452,,,0.95,,0.9500173293063326,0.04998267069366735,0.9876565383764367,0.14674332305187368,10,0.025,0.15,0.9527472977151781,1.0,0.9539431186141082,0.9465799217190504,0.954737130615415,0.9543896652757577,0.9521594250854006,0.9492424664404148,0.9414221436630544,0.9576633335956881,0.9542653868585385,0.9530754273062991
5,2,1.9669786045045563,0.2966642668586513,4167,2.2031000341687883,0.23741007194244604,834,2.1950723219521437,0.2606,0.9773535859535197,0.08325627025979467,,,0.95,,0.9500173293063326,0.04998267069366735,0.9876565383764367,0.14674332305187368,10,0.025,0.15,0.9478190669873405,0.9539431186141082,1.0,0.9552216196070157,0.9530614174534129,0.9538572809444504,0.9451963663569553,0.951888900019233,0.950601890319104,0.9587480952213739,0.9543252502551436,0.9489952715043192
5,3,1.9799761233907758,0.28644108471322294,4167,2.1905994415283203,0.26139088729016785,834,2.195302700694603,0.2601,0.9785293926976827,0.0832175268456015,,,0.95,,0.9500173293063326,0.04998267069366735,0.9876565383764367,0.14674332305187368,10,0.025,0.15,0.9531997395421122,0.9465799217190504,0.9552216196070157,1.0,0.953778750052844,0.9568865994833341,0.9513216665158145,0.9540090527104466,0.9534367087006288,0.9560670544316177,0.9512927601530704,0.9557251783757723
5,4,1.9580998648296704,0.2896088312934965,4167,2.185187441962106,0.2845138055222089,833,2.1951973800417743,0.2603,0.980032873832185,0.08341852190356135,,,0.95,,0.9500173293063326,0.04998267069366735,0.9876565383764367,0.14674332305187368,10,0.025,0.15,0.9554456342175449,0.954737130615415,0.9530614174534129,0.953778750052844,1.0,0.9535230046873795,0.9474380156873601,0.9590200966102711,0.9536439399466685,0.9595510627266891,0.9586242979435431,0.9562047244376073
5,5,1.984484933723103,0.28917686585073193,4167,2.1836157866886685,0.28691476590636256,833,2.1953433646431453,0.2596,0.9802370044108994,0.08344900059744387,,,0.95,,0.9500173293063326,0.04998267069366735,0.9876565383764367,0.14674332305187368,10,0.025,0.15,0.9579284600134931,0.9543896652757577,0.9538572809444504,0.9568865994833341,0.9535230046873795,1.0,0.9523086664124872,0.9565915399929527,0.9481170237481525,0.9616561516544663,0.9551092107036642,0.9570460457248504
5,6,1.9730402267340459,0.299592032637389,4167,2.1919026374816895,0.26410564225690275,833,2.1950683714468266,0.2606,0.9738981829805528,0.08307284216948131,,,0.95,,0.9500173293063326,0.04998267069366735,0.9876565383764367,0.14674332305187368,10,0.025,0.15,0.950130169500715,0.9521594250854006,0.9451963663569553,0.9513216665158145,0.9474380156873601,0.9523086664124872,1.0,0.9460493461861695,0.9447090213163013,0.9542681784771184,0.9437195457642601,0.9458918455180947
5,7,1.9687018614826781,0.298080153587713,4167,2.20312990461077,0.26770708283313327,833,2.1952756296230267,0.2597,0.9785106254447595,0.08331629336225108,,,0.95,,0.9500173293063326,0.04998267069366735,0.9876565383764367,0.14674332305187368,10,0.025,0.15,0.9554996286032073,0.9492424664404148,0.951888900019233,0.9540090527104466,0.9590200966102711,0.9565915399929527,0.9460493461861695,1.0,0.951637540573835,0.9579934219527829,0.9516334475772767,0.9536302544114776
5,8,1.9691447615623474,0.2853816610657705,4166,2.1995997428894043,0.22809123649459784,833,2.195052916490579,0.2606,0.9753709551208102,0.08324583278320093,,,0.95,,0.9500173293063326,0.04998267069366735,0.9876565383764367,0.14674332305187368,10,0.025,0.15,0.9444221204389168,0.9414221436630544,0.950601890319104,0.9534367087006288,0.9536439399466685,0.9481170237481525,0.9447090213163013,0.951637540573835,1.0,0.9523130881670785,0.9550434870613966,0.954963430390035
5,9,1.9596305189710674,0.2908305328852616,4166,2.1914219856262207,0.2785114045618247,833,2.195054184032392,0.2606,0.9822866563195634,0.08367799323233081,,,0.95,,0.9500173293063326,0.04998267069366735,0.9876565383764367,0.14674332305187368,10,0.025,0.15,0.9562714152066547,0.9576633335956881,0.9587480952213739,0.9560670544316177,0.9595510627266891,0.9616561516544663,0.9542681784771184,0.9579934219527829,0.9523130881670785,1.0,0.9578663785353879,0.9589632888009277
5,10,1.950903144749728,0.29824771963514163,4166,2.187814678464617,0.2809123649459784,833,2.195064915886408,0.2607,0.9792063770196177,0.08341322400822845,,,0.95,,0.9500173293063326,0.04998267069366735,0.9876565383764367,0.14674332305187368,10,0.025,0.15,0.9529961937139362,0.9542653868585385,0.9543252502551436,0.9512927601530704,0.9586242979435431,0.9551092107036642,0.9437195457642601,0.9516334475772767,0.9550434870613966,0.9578663785353879,1.0,0.9604112161219306
5,11,1.9776787237687545,0.2882141142582813,4166,2.1989452498299733,0.24729891956782712,833,2.1950777995435495,0.2606,0.9792831199675706,0.08346645766249933,,,0.95,,0.9500173293063326,0.04998267069366735,0.9876565383764367,0.14674332305187368,10,0.025,0.15,0.9512457430097121,0.9530754273062991,0.9489952715043192,0.9557251783757723,0.9562047244376073,0.9570460457248504,0.9458918455180947,0.9536302544114776,0.954963430390035,0.9589632888009277,0.9604112161219306,1.0
6,0,1.9415326259352945,0.29349652027837775,4167,2.1685473918914795,0.2577937649880096,834,2.160824932629549,0.2805,0.9755082233906539,0.08329562923306012,,,0.95,,0.9500173293063326,0.04998267069366735,0.9907733480350529,0.14646168580081229,10,0.025,0.15,1.0,0.948455012176905,0.9428283073504866,0.9513997001602689,0.9485051723346586,0.9530404812723139,0.9475948172632421,0.9511026416362274,0.9430057314767489,0.9507677307357492,0.9503372656021284,0.9429552899236561
6,1,1.9114647793047357,0.31101511879049676,4167,2.16642233303615,0.2685851318944844,834,2.1614564189428016,0.2811,0.9743312449375942,0.08314984246773983,,,0.95,,0.9500173293063326,0.04998267069366735,0.9907733480350529,0.14646168580081229,10,0.025,0.15,0.948455012176905,1.0,0.9462482404803901,0.9417109408813895,0.9515499621572623,0.951302021669288,0.9473481283153098,0.9418574256105305,0.9373005804540028,0.953630478777207,0.9498870279877047,0.9469816829840162
6,2,1.9269937049258838,0.3087832973362131,4167,2.1702641419001987,0.25539568345323743,834,2.160793965375876,0.2811,0.9739069521455685,0.08320414674594247,,,0.95,,0.9500173293063326,0.04998267069366735,0.9907733480350529,0.14646168580081229,10,0.025,0.15,0.9428283073504866,0.9462482404803901,1.0,0.9488855785678565,0.9477601687262553,0.9485366985025604,0.9412700410531625,0.9463399353695666,0.9460359394440604,0.9540042308274085,0.9492897245708022,0.9400481501783031
6,3,1.9434100089651165,0.29916006719462446,4167,2.1552114486694336,0.28896882494004794,834,2.161077381689337,0.2812,0.9764658902572046,0.08326348904170994,,,0.95,,0.9500173293063326,0.04998267069366735,0.9907733480350529,0.14646168580081229,10,0.025,0.15,0.9513997001602689,0.9417109408813895,0.9488855785678565,1.0,0.9483576157146283,0.9518173990727353,0.9483065962767495,0.9483573000776009,0.9509331825485752,0.952269776169195,0.9494267888578579,0.949793952675638
6,4,1.9231041138822382,0.3028557715382769,4167,2.149555206298828,0.3025210084033613,833,2.1609484002559998,0.2809,0.9785489943060557,0.0834556309594257,,,0.95,,0.9500173293063326,0.04998267069366735,0.9907733480350529,0.14646168580081229,10,0.025,0.15,0.9485051723346586,0.9515499621572623,0.9477601687262553,0.9483576157146283,1.0,0.9512339903335703,0.9464117962059596,0.9552540616619157,0.9525077559812078,0.9562323920924135,0.9564420998259169,0.9512799862340026
6,5,1.948356727397803,0.29870410367170624,4167,2.1474649565560475,0.3169267707082833,833,2.161126701137688,0.2812,0.9783843059712535,0.08346912211322753,,,0.95,,0.9500173293063326,0.04998267069366735,0.9907733480350529,0.14646168580081229,10,0.025,0.15,0.9530404812723139,0.951302021669288,0.9485366985025604,0.9518173990727353,0.9512339903335703,1.0,0.9515077187681241,0.9519428736612143,0.946664330609865,0.9574115405446519,0.9502636043984054,0.9498849482674085
6,6,1.9297572591088035,0.31115910727141827,4167,2.155766589300973,0.2845138055222089,833,2.1607878479776503,0.2812,0.9736109297189255,0.08308104994096485,,,0.95,,0.9500173293063326,0.04998267069366735,0.9907733480350529,0.14646168580081229,10,0.025,0.15,0.9475948172632421,0.9473481283153098,0.9412700410531625,0.9483065962767495,0.9464117962059596,0.9515077187681241,1.0,0.9432038637540745,0.9434798431180866,0.951836238436249,0.9436675189436068,0.9432867816091656
6,7,1.929338201970765,0.3075593952483801,4167,2.1709200654711043,0.2809123649459784,833,2.161045509048655,0.2813,0.9763546371950246,0.08332095932472254,,,0.95,,0.9500173293063326,0.04998267069366735,0.9907733480350529,0.14646168580081229,10,0.025,0.15,0.9511026416362274,0.9418574256105305,0.9463399353695666,0.9483573000776009,0.9552540616619157,0.9519428736612143,0.9432038637540745,1.0,0.9515224807810095,0.9537918280303231,0.9498496536479989,0.9466457063494867
6,8,1.9275070201266895,0.2983917426788286,4166,2.1661063943590437,0.2533013205282113,833,2.1607619750348825,0.2809,0.9754288876347631,0.0832472377502712,,,0.95,,0.9500173293063326,0.04998267069366735,0.9907733480350529,0.14646168580081229,10,0.025,0.15,0.9430057314767489,0.9373005804540028,0.9460359394440604,0.9509331825485752,0.9525077559812078,0.946664330609865,0.9434798431180866,0.9515224807810095,1.0,0.9511580939110209,0.9542966885268291,0.9521577304395769
6,9,1.920547840089509,0.30648103696591456,4166,2.155503681727818,0.29891956782713086,833,2.160763619821283,0.2809,0.980665760609432,0.08368503934026439,,,0.95,,0.9500173293063326,0.04998267069366735,0.9907733480350529,0.14646168580081229,10,0.025,0.15,0.9507677307357492,0.953630478777207,0.9540042308274085,0.952269776169195,0.9562323920924135,0.9574115405446519,0.951836238436249,0.9537918280303231,0.9511580939110209,1.0,0.9558897332385389,0.9532290981283872
6,10,1.9144036307479395,0.31048967834853575,4166,2.1510443006243025,0.2929171668667467,833,2.1607841751243493,0.2812,0.9782734076441558,0.08344338212292945,,,0.95,,0.9500173293063326,0.04998267069366735,0.9907733480350529,0.14646168580081229,10,0.025,0.15,0.9503372656021284,0.9498870279877047,0.9492897245708022,0.9494267888578579,0.9564420998259169,0.9502636043984054,0.9436675189436068,0.9498496536479989,0.9542966885268291,0.9558897332385389,1.0,0.95295037092448
