round,client_id,client_i_training_loss,client_i_training_accuracy,client_i_training_dataset_size,client_i_evaluation_loss,client_i_evaluation_accuracy,client_i_evaluation_dataset_size,client_i_central_evaluation_loss,client_i_central_evaluation_accuracy,client_i_cosine_similarity,client_i_importance_coefficient,client_i_tanh_val,tanh_normalization_value,client_i_q,client_i_mask_order,client_i_v_nonzero_fraction,client_i_v_sparsity,client_i_v_cosine_similarity,client_i_reward_gradient_norm,local_epochs,learning_rate,gamma,client_0_cosine_similarity,client_1_cosine_similarity,client_2_cosine_similarity,client_3_cosine_similarity,client_4_cosine_similarity,client_5_cosine_similarity,client_6_cosine_similarity,client_7_cosine_similarity,client_8_cosine_similarity,client_9_cosine_similarity,client_10_cosine_similarity,client_11_cosine_similarity
0,0,0.34196374811540553,0.89284,5000,2.184350940916273,0.47002398081534774,834,2.1843728653539105,0.4645,0.7887937584813572,0.08277183677586514,,,0.7585374080951756,,0.7585512775463079,0.2414487224536921,0,0.3966702174388704,5,0.1,0.5,1.0,0.5989100397802596,0.5960038746229864,0.5996886224546785,0.5906556372635855,0.5888180176763589,0.5864618440513008,0.5821111809518872,0.5944254183019485,0.5915835557950558,0.5975311162064286,0.5908070285238244
0,1,0.3384150905783769,0.89644,5000,2.183449868802671,0.4940047961630695,834,2.184225838786116,0.4649,0.7966911193022407,0.0836005439680782,,,0.8750084985628004,,0.8750313739270117,0.12496862607298831,0,0.39702092938397937,5,0.1,0.5,0.5989100397802596,1.0,0.6067850018861128,0.5996132334304888,0.589146952823118,0.6051654418331602,0.5984169424710242,0.598435539825108,0.6075301134960731,0.5890151562553584,0.6042142534155471,0.5950234242009386
0,2,0.3354393889380109,0.8964,5000,2.1890049245622425,0.4568345323741007,834,2.184226555565295,0.4651,0.7978996061802207,0.08372735617663639,,,0.8928313874603094,,0.8928417248130114,0.10715827518698862,0,0.39703972661940135,5,0.1,0.5,0.5960038746229864,0.6067850018861128,1.0,0.6045322824369057,0.6021534735788374,0.5931035104330977,0.5986793528239941,0.6060931950056656,0.5965716538634899,0.6002424944311859,0.605752323345194,0.59385549507385
0,3,0.34749403161939924,0.891,5000,2.1799921459621854,0.4832134292565947,834,2.1842273340438503,0.4651,0.7979195034753417,0.08372944409334,,,0.8931248348173018,,0.8931328748556799,0.10686712514432006,0,0.3970400834781763,5,0.1,0.5,0.5996886224546785,0.5996132334304888,0.6045322824369057,1.0,0.6090288524797641,0.5977257264959589,0.6005652428205592,0.6032661247094081,0.60417428271807,0.5809901742671573,0.6073421859124979,0.5970355438986952
0,4,0.34307368209194034,0.89404,5000,2.1807617169839366,0.4597839135654262,833,2.1842378633090864,0.4649,0.7959652498881166,0.0835243750785295,,,0.8643033017106361,,0.8643140404598163,0.1356859595401837,0,0.3970064105874429,5,0.1,0.5,0.5906556372635855,0.589146952823118,0.6021534735788374,0.6090288524797641,1.0,0.6055115257484595,0.5961037988477152,0.5992837381634036,0.593860866240194,0.5909836017917347,0.6094943558212806,0.5991159475139924
0,5,0.33025901389254886,0.89692,5000,2.183811549787168,0.46338535414165666,833,2.184239616790138,0.4648,0.7940482520749553,0.08332321548721103,,,0.8360312205955726,,0.8360524070076804,0.16394759299231965,0,0.3969554891649865,5,0.1,0.5,0.5888180176763589,0.6051654418331602,0.5931035104330977,0.5977257264959589,0.6055115257484595,1.0,0.5914345811682445,0.6000226524814805,0.5961152698243445,0.5899369202487341,0.6049546105053942,0.5942820104867175
0,6,0.34378125377379026,0.89208,5000,2.1842252060219094,0.4549819927971189,833,2.1843488780073463,0.464,0.789789532803139,0.08287632805605326,,,0.7732231903138239,,0.7732342753877818,0.22676572461221822,0,0.39674311819427893,5,0.1,0.5,0.5864618440513008,0.5984169424710242,0.5986793528239941,0.6005652428205592,0.5961037988477152,0.5914345811682445,1.0,0.5972253609698861,0.5845915437377849,0.592650400377503,0.5986084341946231,0.5817482963626416
0,7,0.3417677152195981,0.89448,5000,2.188422335518731,0.4429771908763505,833,2.184236415278036,0.4646,0.7946476867893487,0.08338611698941495,,,0.8448717454788884,,0.8448772651975303,0.15512273480246974,0,0.39697345647067867,5,0.1,0.5,0.5821111809518872,0.598435539825108,0.6060931950056656,0.6032661247094081,0.5992837381634036,0.6000226524814805,0.5972253609698861,1.0,0.5912570129194584,0.5926902033728282,0.6061132589712098,0.5962844548099643
0,8,0.33012441209736904,0.89636,5000,2.177497660672223,0.468187274909964,833,2.1842325937252838,0.4646,0.7943641012192194,0.08335635902255689,,,0.840689396293766,,0.840710807690377,0.15928919230962302,0,0.39696524986787,5,0.1,0.5,0.5944254183019485,0.6075301134960731,0.5965716538634899,0.60417428271807,0.593860866240194,0.5961152698243445,0.5845915437377849,0.5912570129194584,1.0,0.5930160993899309,0.6028855350658816,0.605652431758284
0,9,0.3498096352360051,0.88952,5000,2.19097908337911,0.46338535414165666,833,2.184381171156423,0.465,0.7882148767010628,0.08271109198964459,,,0.75,,0.750002509914161,0.24999749008583905,0,0.3966203122247986,5,0.1,0.5,0.5915835557950558,0.5890151562553584,0.6002424944311859,0.5809901742671573,0.5909836017917347,0.5899369202487341,0.592650400377503,0.5926902033728282,0.5930160993899309,1.0,0.61153062462068,0.578840509856816
0,10,0.3260268039648439,0.89916,5000,2.1761383127283165,0.46338535414165666,833,2.1841796206209225,0.4652,0.8017759428568381,0.08413411840470346,,,0.9499999998594544,,0.9500025099141609,0.04999749008583909,0,0.39706919365711607,5,0.1,0.5,0.5975311162064286,0.6042142534155471,0.605752323345194,0.6073421859124979,0.6094943558212806,0.6049546105053942,0.5986084341946231,0.6061132589712098,0.6028855350658816,0.61153062462068,1.0,0.592286424615985
0,11,0.36632794521179546,0.88596,5000,2.187535365422567,0.45738295318127253,833,2.184346704056469,0.4641,0.7896264399653011,0.08285921395796655,,,0.7708178803499931,,0.7708347974499272,0.22916520255007278,0,0.3967315329030559,5,0.1,0.5,0.5908070285238244,0.5950234242009386,0.59385549507385,0.5970355438986952,0.5991159475139924,0.5942820104867175,0.5817482963626416,0.5962844548099643,0.605652431758284,0.578840509856816,0.592286424615985,1.0
1,0,0.3074435214479424,0.90364,5000,2.021882039529306,0.7434052757793765,834,2.024211380047539,0.7237,0.8172575768311598,0.08311288174226313,,,0.8144703801378635,,0.8144771848802771,0.1855228151197229,0.9607572033096022,0.40628695484483157,5,0.1,0.5,1.0,0.6359924803256981,0.6409484471361482,0.6279059932612582,0.6408586963103963,0.6305182990023587,0.6304537369783142,0.6322125580489351,0.6391895751618087,0.6304442269533703,0.6347140846203944,0.6317002411778736
1,1,0.3045968002930379,0.90984,5000,2.0169763609215066,0.7290167865707434,834,2.024102588050282,0.7238,0.812212530120373,0.08348500270136289,,,0.8725898762764346,,0.8726067968475478,0.12739320315245217,0.9615578225221162,0.4064156021168909,5,0.1,0.5,0.6359924803256981,1.0,0.6313649039273229,0.621904528882426,0.6276286970752954,0.6292847971915971,0.6249810683120881,0.6293565949704578,0.6339602664631957,0.6268309077124982,0.6317762257583871,0.6290858732250441
1,2,0.30519024599343536,0.90772,5000,2.027954203111154,0.7134292565947242,834,2.024095911187486,0.724,0.8193318054487033,0.08381637676488286,,,0.9243453421651718,,0.92435620701772,0.07564379298227997,0.9616818889468237,0.40645889771134147,5,0.1,0.5,0.6409484471361482,0.6313649039273229,1.0,0.6355220479033036,0.6428971511792023,0.6318246921567809,0.630825977674999,0.6382024359373165,0.6317142223923159,0.6354741268608131,0.6412837370106003,0.6309428158310778
1,3,0.3130448599986637,0.905,5000,2.018773317337036,0.7314148681055156,834,2.0240959405137326,0.7238,0.8085234863256159,0.08344188201220769,,,0.8658550964540054,,0.8658752070679183,0.13412479293208168,0.9615824481656345,0.4064059451945168,5,0.1,0.5,0.6279059932612582,0.621904528882426,0.6355220479033036,1.0,0.6320754320743711,0.6331460552458001,0.612180302159948,0.6298914068149992,0.6333500712602578,0.624895390049677,0.624629720421432,0.6098836751879485
1,4,0.30377327828982453,0.9056,5000,2.0206179707138627,0.7430972388955582,833,2.024117830462349,0.7239,0.8158920432390994,0.08356263418871096,,,0.8847147050957334,,0.8847246624165453,0.11527533758345465,0.9615503645701547,0.40642983223465495,5,0.1,0.5,0.6408586963103963,0.6276286970752954,0.6428971511792023,0.6320754320743711,1.0,0.6359024049845059,0.6251704681600533,0.635100388048487,0.6339955749266121,0.6286170438170408,0.6379795429280567,0.6179946558591118
1,5,0.28586580682617085,0.91104,5000,2.0174309412638345,0.7262905162064826,833,2.024090430226189,0.7238,0.8136332638205074,0.08335116549672122,,,0.8516865901052224,,0.8517042317152753,0.14829576828472468,0.9614362782280278,0.4063820760722722,5,0.1,0.5,0.6305182990023587,0.6292847971915971,0.6318246921567809,0.6331460552458001,0.6359024049845059,1.0,0.618163985752942,0.6326199342761964,0.6361914548681074,0.6329328479303469,0.63736589440026,0.6190927811778985
1,6,0.3047541735207389,0.90584,5000,2.0257454139214977,0.6962785114045619,833,2.024385953101868,0.7238,0.8046339807899557,0.08274292137864557,,,0.7566883353513713,,0.7567039807238592,0.24329601927614075,0.9605146240833426,0.4060206487702682,5,0.1,0.5,0.6304537369783142,0.6249810683120881,0.630825977674999,0.612180302159948,0.6251704681600533,0.618163985752942,1.0,0.6298489432717856,0.6223072323435198,0.6219367549529675,0.6269334626757417,0.6086049062555404
1,7,0.3066130738491845,0.90712,5000,2.0320193105273776,0.7154861944777912,833,2.024092423649261,0.7238,0.8153835436248048,0.08345359617305495,,,0.8676846658708318,,0.8676974047487576,0.13230259525124244,0.9614759335647046,0.4064087825585574,5,0.1,0.5,0.6322125580489351,0.6293565949704578,0.6382024359373165,0.6298914068149992,0.635100388048487,0.6326199342761964,0.6298489432717856,1.0,0.6371527135904315,0.6391540032032086,0.6288726113395621,0.6216333900419577
1,8,0.2956400546067317,0.90796,5000,2.0175952778922186,0.7406962785114045,833,2.024095588217909,0.7238,0.8165092814599154,0.08347308265381381,,,0.8707281505645156,,0.8707494603684554,0.12925053963154465,0.9614561664363541,0.4064130344549279,5,0.1,0.5,0.6391895751618087,0.6339602664631957,0.6317142223923159,0.6333500712602578,0.6339955749266121,0.6361914548681074,0.6223072323435198,0.6371527135904315,1.0,0.6268891086534589,0.6403238226652627,0.6299360918298192
1,9,0.3071135216208685,0.90588,5000,2.0320447904092296,0.6890756302521008,833,2.024349564942308,0.7239,0.8117072247305945,0.08287972331394748,,,0.7780546662609854,,0.7780683700617439,0.2219316299382561,0.9604444653046756,0.4061409059401925,5,0.1,0.5,0.6304442269533703,0.6268309077124982,0.6354741268608131,0.624895390049677,0.6286170438170408,0.6329328479303469,0.6219367549529675,0.6391540032032086,0.6268891086534589,1.0,0.6330290590439869,0.6208638506682056
1,10,0.28955201668320757,0.91208,5000,2.015210368015148,0.7406962785114045,833,2.024021467842614,0.7244,0.8163266063372338,0.08398063551547477,,,0.9499999998438156,,0.9500025099141609,0.04999749008583909,0.9617649023337863,0.40646650981366284,5,0.1,0.5,0.6347140846203944,0.6317762257583871,0.6412837370106003,0.624629720421432,0.6379795429280567,0.63736589440026,0.6269334626757417,0.6288726113395621,0.6403238226652627,0.6330290590439869,1.0,0.6229638879442643
1,11,0.32322639627204197,0.90264,5000,2.0295479783305415,0.7166866746698679,833,2.0244306862925567,0.7234,0.8037277581379844,0.0827000980589148,,,0.75,,0.750002509914161,0.24999749008583905,0.9604300353191266,0.40597606324040664,5,0.1,0.5,0.6317002411778736,0.6290858732250441,0.6309428158310778,0.6098836751879485,0.6179946558591118,0.6190927811778985,0.6086049062555404,0.6216333900419577,0.6299360918298192,0.6208638506682056,0.6229638879442643,1.0
2,0,0.2735422133723167,0.91784,5000,1.8182566960652669,0.8501199040767387,834,1.8233730126493655,0.839,0.815819385676698,0.08326177667198593,,,0.8542341316857109,,0.8542442648461422,0.14575573515385776,0.9688467747738174,0.4067656609149315,5,0.1,0.5,1.0,0.6423597378690727,0.6444507261677165,0.6235875319833699,0.6347144203665903,0.6324568811739881,0.6313041777543696,0.6249292942486391,0.6397622169051492,0.63126134676181,0.6388764467227284,0.6231158373244584
2,1,0.26870645961374234,0.9186,5000,1.8078477603417855,0.8645083932853717,834,1.8232220102803776,0.8397,0.8189029198749916,0.08361477825298189,,,0.903359936326341,,0.9033733246322976,0.09662667536770242,0.9692007633271178,0.4068297090097165,5,0.1,0.5,0.6423597378690727,1.0,0.6404341578120095,0.6358610022729279,0.6340214825626632,0.6357981984124902,0.6350460396311451,0.6335728422654295,0.6380929073428961,0.6330902396380319,0.6420060921577893,0.6250739042720246
2,2,0.27111564261162546,0.91852,5000,1.826312435997857,0.8333333333333334,834,1.8231626897574233,0.8397,0.8214872103770886,0.08392350842510878,,,0.9463246677583728,,0.9463380352391948,0.0536619647608052,0.9693253273202859,0.40685013503185297,5,0.1,0.5,0.6444507261677165,0.6404341578120095,1.0,0.6386210685091311,0.6382939710690115,0.6316046496028006,0.6387940299393464,0.6349466704916797,0.6412389316704505,0.6323726289073105,0.6491516684346608,0.6292351447215448
2,3,0.27744470651314895,0.91532,5000,1.8171545796924167,0.842925659472422,834,1.8232572364350097,0.8398,0.810223279184484,0.08328454445508195,,,0.8574026321250553,,0.857416796345565,0.142583203654435,0.9690984817679194,0.40677137565591115,5,0.1,0.5,0.6235875319833699,0.6358610022729279,0.6386210685091311,1.0,0.629539901787276,0.6317100778470465,0.6259628045160033,0.620661527586349,0.6362291607919609,0.6264965711150071,0.6273594917218408,0.6146940112657101
2,4,0.26477533851032425,0.91824,5000,1.818785967650237,0.8307322929171669,833,1.8232482553670963,0.8397,0.814166199066405,0.08350138331314075,,,0.8875792204265569,,0.8875960042166557,0.11240399578334426,0.9692123732368576,0.4068150453696625,5,0.1,0.5,0.6347144203665903,0.6340214825626632,0.6382939710690115,0.629539901787276,1.0,0.6364716590866968,0.6340158868331502,0.626262972503794,0.6326824283224837,0.625617559735327,0.6373663854307704,0.619744752963513
2,5,0.2600055099494613,0.92112,5000,1.810310999552409,0.8451380552220888,833,1.8232045398352625,0.8395,0.814158588878311,0.08336143484649772,,,0.8681031574223516,,0.8681190703277948,0.13188092967220522,0.9690716716306023,0.4067894488238179,5,0.1,0.5,0.6324568811739881,0.6357981984124902,0.6316046496028006,0.6317100778470465,0.6364716590866968,1.0,0.6272029666349278,0.627005498566693,0.6422224234619985,0.6257528531817856,0.6404114460421005,0.6188748362200212
2,6,0.275164231196473,0.91524,5000,1.8264989808753684,0.8163265306122449,833,1.8236861625037635,0.8387,0.8109914941523555,0.08284955905411104,,,0.7968674703013239,,0.796877666783796,0.203122333216204,0.9681212555631477,0.40659296466508443,5,0.1,0.5,0.6313041777543696,0.6350460396311451,0.6387940299393464,0.6259628045160033,0.6340158868331502,0.6272029666349278,1.0,0.6256313360904415,0.6375016608398458,0.6232066194315539,0.628690599780885,0.6139720122616155
2,7,0.27182196792404933,0.91736,5000,1.8350382469318531,0.8307322929171669,833,1.8232356298464936,0.8395,0.8085876624849287,0.08323541935320197,,,0.850566090058876,,0.850584809999498,0.14941519000050196,0.9690795418461686,0.4067586156442093,5,0.1,0.5,0.6249292942486391,0.6335728422654295,0.6349466704916797,0.620661527586349,0.626262972503794,0.627005498566693,0.6256313360904415,1.0,0.6329531257650358,0.6195476287903711,0.6306334413447329,0.6185628519173094
2,8,0.26346150093421244,0.92044,5000,1.816472574516579,0.8499399759903962,833,1.8231897567407773,0.8396,0.8202418044269194,0.08365345135987746,,,0.9087419164546968,,0.9087545805933437,0.09124541940665631,0.9692011747451859,0.40683357397608794,5,0.1,0.5,0.6397622169051492,0.6380929073428961,0.6412389316704505,0.6362291607919609,0.6326824283224837,0.6422224234619985,0.6375016608398458,0.6329531257650358,1.0,0.6293125960400279,0.6473237422075069,0.6311556154511394
2,9,0.2810520774981446,0.91376,5000,1.8331420289145575,0.8115246098439376,833,1.8236468622859674,0.8387,0.8084463910363076,0.08285144102979247,,,0.7971293772576714,,0.7971437176848551,0.20285628231514485,0.9683916143009967,0.4065946354420388,5,0.1,0.5,0.63126134676181,0.6330902396380319,0.6323726289073105,0.6264965711150071,0.625617559735327,0.6257528531817856,0.6232066194315539,0.6195476287903711,0.6293125960400279,1.0,0.6310676373168634,0.6182320711650364
2,10,0.2558606665439097,0.92056,5000,1.8131162193086412,0.8535414165666266,833,1.823068317513877,0.8401,0.8191259499939213,0.08394991813080917,,,0.9499999998608339,,0.9500025099141609,0.04999749008583909,0.9693412953887834,0.40685089240642797,5,0.1,0.5,0.6388764467227284,0.6420060921577893,0.6491516684346608,0.6273594917218408,0.6373663854307704,0.6404114460421005,0.628690599780885,0.6306334413447329,0.6473237422075069,0.6310676373168634,1.0,0.6223715440017223
2,11,0.28657932684157683,0.91608,5000,1.8317455583148532,0.8403361344537815,833,1.8239279078980224,0.8386,0.8021180808436157,0.08251278510741084,,,0.75,,0.750002509914161,0.24999749008583905,0.9678612411241446,0.40632998166777523,5,0.1,0.5,0.6231158373244584,0.6250739042720246,0.6292351447215448,0.6146940112657101,0.619744752963513,0.6188748362200212,0.6139720122616155,0.6185628519173094,0.6311556154511394,0.6182320711650364,0.6223715440017223,1.0
3,0,0.2495685065283802,0.92616,5000,1.5843711075959381,0.9064748201438849,834,1.5927123105564056,0.8968,0.8105031753478198,0.08345670886117981,,,0.8807918674744339,,0.8808091963254857,0.11919080367451429,0.9706394664850428,0.40276022283450347,5,0.1,0.5,1.0,0.623568959489915,0.616608961482765,0.619747261437469,0.6269962534960598,0.6287919650181283,0.623028919107906,0.6137915697471789,0.6195817552951997,0.625989044479675,0.626983226537413,0.6105754957207399
3,1,0.24565656185743345,0.92688,5000,1.56805090992539,0.919664268585132,834,1.5925658583260192,0.897,0.8058039486477931,0.08352674701137282,,,0.8905158207585367,,0.8905326037849506,0.10946739621504942,0.9707607497200537,0.402771121438212,5,0.1,0.5,0.623568959489915,1.0,0.6035385217951376,0.6115379547661337,0.6172150684358912,0.6195856377428284,0.6228811775229414,0.6144862070631685,0.6168504709677677,0.6165250836509781,0.6219758372511065,0.6206775266809426
3,2,0.25116023292533673,0.92616,5000,1.5948302966577035,0.8872901678657075,834,1.5924897079650586,0.8971,0.801789756311054,0.08359133914787821,,,0.899483660659619,,0.899492997339491,0.10050700266050905,0.970832853834603,0.4027791779251009,5,0.1,0.5,0.616608961482765,0.6035385217951376,1.0,0.6097652083324643,0.6230465832858451,0.6200575913328905,0.6196487961331817,0.6059356844003693,0.6062553531418248,0.6134719145262869,0.6265236813840127,0.6034870241854705
3,3,0.2555410241791207,0.92124,5000,1.5859867908336498,0.89568345323741,834,1.5926103092991888,0.8971,0.8037712200395422,0.08323696819554899,,,0.8502835236457702,,0.8503036996134732,0.14969630038652681,0.9706032067224518,0.4027095693205313,5,0.1,0.5,0.619747261437469,0.6115379547661337,0.6097652083324643,1.0,0.6207014991812188,0.6260400373498148,0.614339989813165,0.6118851178277419,0.6147144275396496,0.6133358030182585,0.6209631463213853,0.6074581381269255
3,4,0.24420014388123706,0.92388,5000,1.5862613519032795,0.9063625450180072,833,1.5925892930442151,0.897,0.8079779108310353,0.08352742577564755,,,0.8906100589998411,,0.8906279805230661,0.10937201947693387,0.9707422464670445,0.40277117385144195,5,0.1,0.5,0.6269962534960598,0.6172150684358912,0.6230465832858451,0.6207014991812188,1.0,0.6270046095621725,0.6184236681451726,0.6133164248246462,0.616521799085441,0.6167867783948875,0.6233337127184108,0.6067292304440911
3,5,0.23156975521617065,0.92892,5000,1.5743235482109919,0.9063625450180072,833,1.5925287591001858,0.8969,0.8119489540064494,0.08357319301478291,,,0.896964288717049,,0.8969780633502334,0.10302193664976655,0.9707190994698996,0.40277703674209286,5,0.1,0.5,0.6287919650181283,0.6195856377428284,0.6200575913328905,0.6260400373498148,0.6270046095621725,1.0,0.6240676746256352,0.6199033983019737,0.6246342882111601,0.6176600800682911,0.630361905544432,0.6110067668039584
3,6,0.24674381899771985,0.92616,5000,1.5977821305946067,0.8703481392557023,833,1.5931038753674054,0.8967,0.8071657351496327,0.08306708087723781,,,0.8266967164233205,,0.8267155263289996,0.17328447367100042,0.9702418889226265,0.40265039673911873,5,0.1,0.5,0.623028919107906,0.6228811775229414,0.6196487961331817,0.614339989813165,0.6184236681451726,0.6240676746256352,1.0,0.6108758730114929,0.6189170470702865,0.6186316393930893,0.6192351479137107,0.6152705352411058
3,7,0.25529360382396515,0.9228,5000,1.6075009637408786,0.8979591836734694,833,1.5926230867830709,0.8972,0.7997973567093075,0.08306578906454459,,,0.8265173637955591,,0.8265348125094122,0.1734651874905878,0.9704968546836095,0.40265014465130394,5,0.1,0.5,0.6137915697471789,0.6144862070631685,0.6059356844003693,0.6118851178277419,0.6133164248246462,0.6199033983019737,0.6108758730114929,1.0,0.6130383648091733,0.6102630800658423,0.6162545412547078,0.6025341845520809
3,8,0.24050335074703738,0.9266,5000,1.585435191790263,0.9027611044417767,833,1.5925209720294697,0.8969,0.8041745893808196,0.08349554174174785,,,0.8861833450547263,,0.8862004919431755,0.11379950805682448,0.9707590111292245,0.40276651864346386,5,0.1,0.5,0.6195817552951997,0.6168504709677677,0.6062553531418248,0.6147144275396496,0.616521799085441,0.6246342882111601,0.6189170470702865,0.6130383648091733,1.0,0.6111490459958092,0.6184684913002979,0.6126519966683834
3,9,0.25024385714227226,0.92372,5000,1.6056239119282476,0.8679471788715486,833,1.5930818227914194,0.8969,0.8049017639130411,0.0829893541583583,,,0.8159052980145225,,0.815922895436976,0.18407710456302395,0.9702112057697001,0.4026146205301005,5,0.1,0.5,0.625989044479675,0.6165250836509781,0.6134719145262869,0.6133358030182585,0.6167867783948875,0.6176600800682911,0.6186316393930893,0.6102630800658423,0.6111490459958092,1.0,0.6272063041524992,0.6124211482393138
3,10,0.23153152823044806,0.92984,5000,1.5806614204689309,0.9111644657863145,833,1.5923785268308255,0.8974,0.8117185932307526,0.08395519023280502,,,0.949999999861162,,0.9500025099141609,0.04999749008583909,0.9708890436283738,0.4028041349042444,5,0.1,0.5,0.626983226537413,0.6219758372511065,0.6265236813840127,0.6209631463213853,0.6233337127184108,0.630361905544432,0.6192351479137107,0.6162545412547078,0.6184684913002979,0.6272063041524992,1.0,0.6129857063252185
3,11,0.262939302349214,0.92404,5000,1.6044589678446453,0.8931572629051621,833,1.5937036877623,0.897,0.7977280905764225,0.08251466191889617,,,0.75,,0.750002509914161,0.24999749008583905,0.9695111579921661,0.402270087047471,5,0.1,0.5,0.6105754957207399,0.6206775266809426,0.6034870241854705,0.6074581381269255,0.6067292304440911,0.6110067668039584,0.6152705352411058,0.6025341845520809,0.6126519966683834,0.6124211482393138,0.6129857063252185,1.0
4,0,0.22573271457010963,0.93376,5000,1.3318656153149075,0.935251798561151,834,1.343810097097208,0.9259,0.8014740687305437,0.08354220915987748,,,0.8871507499522604,,0.8871693188092967,0.11283068119070327,0.9704116766212406,0.39889028216874356,5,0.1,0.5,1.0,0.6120730602944445,0.6059542781407136,0.6008661074467712,0.6116145050652733,0.6050117066294345,0.6111450718091636,0.6020551329755142,0.60760173594281,0.6076870999734535,0.6091619637044995,0.599753899593001
4,1,0.21871453955010245,0.93472,5000,1.3092228571573894,0.947242206235012,834,1.3436650833763635,0.9262,0.8000533904367202,0.08353906109449687,,,0.8867435721609337,,0.8867576928869033,0.11324230711309669,0.970435631191452,0.3988897205664562,5,0.1,0.5,0.6120730602944445,1.0,0.6077002053748535,0.6067709143826389,0.5998808934724211,0.6057283253622959,0.608806445613103,0.6046424227610301,0.5973623869834914,0.6065453837615844,0.6113472915714762,0.59814977265042
4,2,0.2286021221126578,0.93088,5000,1.3446481183723167,0.9172661870503597,834,1.343562742010854,0.9265,0.8000354040250972,0.08358138124034882,,,0.8922173541296143,,0.8922293057577431,0.10777069424225694,0.9704750013874299,0.39889607340599925,5,0.1,0.5,0.6059542781407136,0.6077002053748535,1.0,0.6004058015791188,0.6102537897394541,0.6097660885396784,0.6089591741412689,0.6036399794370948,0.5995842277140161,0.6018711168790258,0.6167596184563023,0.5934899202256033
4,3,0.23444729175323703,0.92896,5000,1.3368902603785198,0.920863309352518,834,1.3437115270108841,0.9264,0.794358872712183,0.08314708804098102,,,0.8360449039651895,,0.836062446664324,0.16393755333567595,0.9701236057722492,0.3987885341893187,5,0.1,0.5,0.6008661074467712,0.6067709143826389,0.6004058015791188,1.0,0.6004638915481549,0.6070837999661377,0.5966102563922362,0.6001918305537292,0.5988127767617859,0.5939637148708086,0.6041879665284532,0.5964586726032008
4,4,0.2239883567734509,0.93144,5000,1.335379269387987,0.9327731092436975,833,1.3436568499373172,0.9263,0.7965551803595319,0.08341708693845522,,,0.8709671630171316,,0.8709803724712615,0.12901962752873852,0.9703743353850994,0.39886738080278944,5,0.1,0.5,0.6116145050652733,0.5998808934724211,0.6102537897394541,0.6004638915481549,1.0,0.6067589732057694,0.6007676607917017,0.5987834799648093,0.5975548073139736,0.6006805597896596,0.6083239226251901,0.590286930110955
4,5,0.2106049028159991,0.93656,5000,1.3211639678036724,0.936374549819928,833,1.3435946032642938,0.9263,0.8004219063406331,0.08358284150139543,,,0.8924062275473587,,0.8924200592339742,0.10757994076602584,0.970466571209096,0.3988961789313512,5,0.1,0.5,0.6050117066294345,0.6057283253622959,0.6097660885396784,0.6070837999661377,0.6067589732057694,1.0,0.602721498840264,0.6076019828030258,0.6038072984631458,0.5980896913002912,0.6194388420329783,0.5961585241853253
4,6,0.2286184736331747,0.93128,5000,1.3511426095609311,0.9099639855942377,833,1.3442064660806625,0.9259,0.7973923461988167,0.08314028520548203,,,0.835165010062637,,0.8351839767079966,0.1648160232920034,0.9700614116565803,0.39878574471587847,5,0.1,0.5,0.6111450718091636,0.608806445613103,0.6089591741412689,0.5966102563922362,0.6007676607917017,0.602721498840264,1.0,0.5999724854140727,0.6008606610214433,0.607590437849466,0.6076606496650216,0.5905201085536828
4,7,0.22866518860504886,0.93168,5000,1.363177639466745,0.9315726290516206,833,1.3437575848338703,0.9263,0.7958076714775865,0.08308396799153041,,,0.8278808161155484,,0.8278951859846393,0.1721048140153607,0.9700251773815314,0.398762460328098,5,0.1,0.5,0.6020551329755142,0.6046424227610301,0.6036399794370948,0.6001918305537292,0.5987834799648093,0.6076019828030258,0.5999724854140727,1.0,0.6038477806887618,0.6009631582339493,0.6056620539278065,0.5931297840878847
4,8,0.21896867431510406,0.93116,5000,1.3351613018247817,0.9327731092436975,833,1.3435676707246433,0.9263,0.7962312674989472,0.08338455025836142,,,0.8667587963106178,,0.8667737563375333,0.13322624366246671,0.9703523974197166,0.3988604369019028,5,0.1,0.5,0.60760173594281,0.5973623869834914,0.5995842277140161,0.5988127767617859,0.5975548073139736,0.6038072984631458,0.6008606610214433,0.6038477806887618,1.0,0.6019571891558956,0.6108791870674399,0.600306663862094
4,9,0.22795556852220303,0.93116,5000,1.3600953155093722,0.8979591836734694,833,1.3442617437710016,0.9259,0.7969055827439068,0.08307156687481662,,,0.826276828045732,,0.8262988805782843,0.17370111942171573,0.9699334580643696,0.39875729968430196,5,0.1,0.5,0.6076870999734535,0.6065453837615844,0.6018711168790258,0.5939637148708086,0.6006805597896596,0.5980896913002912,0.607590437849466,0.6009631582339493,0.6019571891558956,1.0,0.6154605238898584,0.5965560462259086
4,10,0.21466085965401097,0.93524,5000,1.3294726433577362,0.9375750300120048,833,1.3433775760876103,0.9264,0.805887536128049,0.08402812354931627,,,0.9499999998706578,,0.9500025099141609,0.04999749008583909,0.970576234079929,0.3989287294053861,5,0.1,0.5,0.6091619637044995,0.6113472915714762,0.6167596184563023,0.6041879665284532,0.6083239226251901,0.6194388420329783,0.6076606496650216,0.6056620539278065,0.6108791870674399,0.6154605238898584,1.0,0.6039665912468308
4,11,0.24730501823056086,0.9264,5000,1.3585940025470875,0.9147659063625451,833,1.34531861105666,0.926,0.789073710426696,0.0824818381449385,,,0.75,,0.750002509914161,0.24999749008583905,0.9690361162104552,0.39834061762718487,5,0.1,0.5,0.599753899593001,0.59814977265042,0.5934899202256033,0.5964586726032008,0.590286930110955,0.5961585241853253,0.5905201085536828,0.5931297840878847,0.600306663862094,0.5965560462259086,0.6039665912468308,1.0
5,0,0.2106969742092547,0.93732,5000,1.0829758401270266,0.9496402877697842,834,1.0982256937331665,0.9386,0.7844116368211693,0.08355862044013368,,,0.9078712445231604,,0.9078861502936599,0.09211384970634007,0.9693730397122802,0.3909740191996197,5,0.1,0.5,1.0,0.5779199966335276,0.5821340908501375,0.5696052811628864,0.5796307171480193,0.5796220435605459,0.5826790579993409,0.5722454182549589,0.5811699597387383,0.5794273055712941,0.5778305985292664,0.5775201707063982
5,1,0.2100934442352195,0.939,5000,1.0559333849836279,0.9556354916067147,834,1.0980648899230714,0.9388,0.7819682401094771,0.08347042902888392,,,0.8937299887116315,,0.8937402740826264,0.10625972591737365,0.969355182475613,0.39095980889294785,5,0.1,0.5,0.5779199966335276,1.0,0.5752875124134578,0.5748703696337689,0.5732283536414274,0.5821696251723335,0.580569276548683,0.5735721602232075,0.5705203429365574,0.5785994909281388,0.577501120781092,0.5726202810494898
5,2,0.20937655038663014,0.93784,5000,1.097202232590428,0.934052757793765,834,1.0979704853063954,0.9386,0.7861833716449373,0.08364726261504568,,,0.9220847790766665,,0.9221023041011998,0.07789769589880025,0.9693977894706128,0.3909840500737758,5,0.1,0.5,0.5821340908501375,0.5752875124134578,1.0,0.5763723308729714,0.5851995549610299,0.5802292449856619,0.5842765387787249,0.5798320175306445,0.5801264560477347,0.571714958273491,0.5877640950287272,0.5731670517090355
5,3,0.21700515509316115,0.93536,5000,1.0914639278694436,0.9304556354916067,834,1.0984272368418904,0.9386,0.7767069880839179,0.08302268323840993,,,0.8219351543632318,,0.8219517092515436,0.1780482907484564,0.9689326300451475,0.39079458718283183,5,0.1,0.5,0.5696052811628864,0.5748703696337689,0.5763723308729714,1.0,0.569492776050119,0.581315732561084,0.5642607249497217,0.5698560939119934,0.5764402092849379,0.570826645876993,0.5697919679915436,0.5666044794749138
5,4,0.21164389157038965,0.935,5000,1.0870447092586093,0.9399759903961584,833,1.0980676835337386,0.9388,0.7820271623044426,0.08339085601729983,,,0.8809706701276744,,0.8809848903167512,0.1190151096832488,0.9692937690638004,0.39094198356954507,5,0.1,0.5,0.5796307171480193,0.5732283536414274,0.5851995549610299,0.569492776050119,1.0,0.5916540269909458,0.5716543873392612,0.5656852197999149,0.5768726909851277,0.5707044369060058,0.5822278989187384,0.5714879032742625
5,5,0.1969415508904702,0.9398,5000,1.0729705227745905,0.9495798319327731,833,1.0979904134433491,0.9386,0.7891764231728763,0.0837536892873038,,,0.9391500099902483,,0.9391647005672406,0.06083529943275945,0.9694115283574124,0.3909915690824414,5,0.1,0.5,0.5796220435605459,0.5821696251723335,0.5802292449856619,0.581315732561084,0.5916540269909458,1.0,0.5815467477065723,0.5885927643898605,0.5843268106538189,0.5809429768758626,0.5845907513921488,0.569218730181245
5,6,0.21407038539553144,0.93548,5000,1.1080692344241672,0.9267707082833133,833,1.0987225011133919,0.9385,0.7801807686638766,0.08314051535618983,,,0.8408292178182407,,0.8408513628833894,0.15914863711661065,0.9690222576697695,0.39085535582270137,5,0.1,0.5,0.5826790579993409,0.580569276548683,0.5842765387787249,0.5642607249497217,0.5716543873392612,0.5815467477065723,1.0,0.5703328435117826,0.5753683927952544,0.5740536517663544,0.5699638252610373,0.5673093078162298
5,7,0.21234559913931095,0.938,5000,1.1191489652351096,0.9423769507803121,833,1.0984066282979215,0.9387,0.7795671043432395,0.08308119667252019,,,0.8313176262892208,,0.8313337683851212,0.16866623161487881,0.9689589177112385,0.3908264626007175,5,0.1,0.5,0.5722454182549589,0.5735721602232075,0.5798320175306445,0.5698560939119934,0.5656852197999149,0.5885927643898605,0.5703328435117826,1.0,0.5805060703878607,0.5750647084947497,0.5679803025064936,0.5730077832611269
5,8,0.20056772217640925,0.93848,5000,1.0887484440097102,0.9483793517406963,833,1.097965203915922,0.9385,0.7841068527566696,0.08344234637542192,,,0.889227010690925,,0.8892374880779077,0.1107625119220923,0.9692866546558974,0.39095411384194484,5,0.1,0.5,0.5811699597387383,0.5705203429365574,0.5801264560477347,0.5764402092849379,0.5768726909851277,0.5843268106538189,0.5753683927952544,0.5805060703878607,1.0,0.5762366724212098,0.578378617813518,0.5777949419333938
5,9,0.20835932122460407,0.93524,5000,1.1184151150562145,0.9111644657863145,833,1.0988640794738793,0.9385,0.7802508241084541,0.08309698377948439,,,0.833849046468818,,0.8338587420310225,0.1661412579689775,0.9689504196888696,0.39083437572380053,5,0.1,0.5,0.5794273055712941,0.5785994909281388,0.571714958273491,0.570826645876993,0.5707044369060058,0.5809429768758626,0.5740536517663544,0.5750647084947497,0.5762366724212098,1.0,0.5733560037770709,0.5721996904634723
5,10,0.2049760173098629,0.9398,5000,1.0810658666822646,0.9459783913565426,833,1.0977669996194566,0.9389,0.7826366718062202,0.08382135484187812,,,0.9499999998396527,,0.9500025099141609,0.04999749008583909,0.9695077579150267,0.3909946282177633,5,0.1,0.5,0.5778305985292664,0.577501120781092,0.5877640950287272,0.5697919679915436,0.5822278989187384,0.5845907513921488,0.5699638252610373,0.5679803025064936,0.578378617813518,0.5733560037770709,1.0,0.5711238892723849
5,11,0.22225203685830258,0.93636,5000,1.1153734878257469,0.9279711884753902,833,1.100138485241241,0.9382,0.7766131573630322,0.08257406234742863,,,0.75,,0.750002509914161,0.24999749008583905,0.9678179200192423,0.3904019753690336,5,0.1,0.5,0.5775201707063982,0.5726202810494898,0.5731670517090355,0.5666044794749138,0.5714879032742625,0.569218730181245,0.5673093078162298,0.5730077832611269,0.5777949419333938,0.5721996904634723,0.5711238892723849,1.0
6,0,0.1956544809387463,0.94232,5000,0.851684711597584,0.9532374100719424,834,0.8694579397527554,0.946,0.7730144119082548,0.08362465528107131,,,0.9089126654859637,,0.9089252547562874,0.09107474524371262,0.9668261826493629,0.384517196010147,5,0.1,0.5,1.0,0.5567529952418948,0.5517653108571926,0.5553346522304796,0.5526034986469631,0.5625921174896374,0.5628135553000754,0.553560004107376,0.5577102514965536,0.5682604627255216,0.5574188254212341,0.5541170220322994
6,1,0.19846089468841815,0.94284,5000,0.8212273783153958,0.960431654676259,834,0.8693073911788746,0.9458,0.7695657298499259,0.08344312758468171,,,0.8817541609481316,,0.881773003363285,0.11822699663671499,0.9667147036829734,0.3844854909992705,5,0.1,0.5,0.5567529952418948,1.0,0.5496370707096577,0.5516851309001868,0.5400393749110117,0.5602213701030175,0.5618301888531159,0.5610118232318055,0.5554429638049907,0.5595067549125898,0.5573651144217789,0.5480355503518145
6,2,0.19829998916715003,0.94056,5000,0.8669839368926154,0.9424460431654677,834,0.8692160281129538,0.9457,0.7681590302676244,0.0835123170226204,,,0.8921056483608008,,0.8921238893629838,0.10787611063701619,0.9668013673620923,0.38449967300952664,5,0.1,0.5,0.5517653108571926,0.5496370707096577,1.0,0.5531968956989162,0.5451259963082026,0.5601801458843612,0.5674820661692597,0.5527945264678088,0.5470417251035815,0.5537566635439565,0.5603013404973751,0.5462739619418439
6,3,0.20471631162770235,0.93944,5000,0.8635509433569731,0.9364508393285371,834,0.869758783057094,0.9461,0.7656543705541456,0.08300320433335066,,,0.8159368897812583,,0.8159530144069073,0.18404698559309274,0.96610891353025,0.38431874602349336,5,0.1,0.5,0.5553346522304796,0.5516851309001868,0.5531968956989162,1.0,0.5459710510256759,0.5643429233427135,0.5546156913802158,0.5509852630408488,0.5490379233648623,0.5467696135782835,0.553682274844012,0.5420758609814146
6,4,0.1940377036020587,0.94008,5000,0.8570254136014868,0.9507803121248499,833,0.8694490399985267,0.9458,0.7576305697664126,0.08296676934445406,,,0.8104858218122108,,0.8105065006776768,0.18949349932232318,0.9662661215873048,0.3842967277512718,5,0.1,0.5,0.5526034986469631,0.5400393749110117,0.5451259963082026,0.5459710510256759,1.0,0.5599969413211264,0.5412533192605733,0.5417322394373861,0.5404899216611323,0.5428758669088661,0.545356662654743,0.5362104225552832
6,5,0.17830511522627654,0.94468,5000,0.8428725743735278,0.9603841536614646,833,0.8691700361788083,0.9458,0.7770605410860836,0.08389928340529566,,,0.9499999998503892,,0.9500025099141609,0.04999749008583909,0.9668758944122686,0.38453701577409233,5,0.1,0.5,0.5625921174896374,0.5602213701030175,0.5601801458843612,0.5643429233427135,0.5599969413211264,1.0,0.557056724992226,0.564457219883897,0.5568737390191919,0.5581910902536954,0.5694720098207477,0.5557900503376701
6,6,0.19972545808228623,0.93932,5000,0.8815462236051206,0.9351740696278511,833,0.8699110304585661,0.9461,0.7727806708492033,0.08333496099875483,,,0.8655712711017678,,0.8655890768535716,0.13441092314642844,0.966478405272126,0.38445867498897096,5,0.1,0.5,0.5628135553000754,0.5618301888531159,0.5674820661692597,0.5546156913802158,0.5412533192605733,0.557056724992226,1.0,0.5591416889173003,0.5579725352455451,0.5638143978396204,0.5609539185604593,0.5459048163321191
6,7,0.1962607077548316,0.94212,5000,0.892203829906605,0.943577430972389,833,0.8696544768330389,0.9461,0.7712345040069535,0.08324026279335216,,,0.8514033964892171,,0.8514231213292506,0.14857687867074942,0.9663755908891141,0.3844283554426622,5,0.1,0.5,0.553560004107376,0.5610118232318055,0.5527945264678088,0.5509852630408488,0.5417322394373861,0.564457219883897,0.5591416889173003,1.0,0.5621035417213899,0.5601351443183544,0.5570366747141139,0.5560551463890269
6,8,0.18890901308322836,0.94208,5000,0.8583441641595628,0.9543817527010804,833,0.8691894469169763,0.9459,0.7681467328811122,0.08337395838030179,,,0.8714057006944487,,0.8714221173635862,0.1285778826364138,0.9666777291705859,0.38446889386079114,5,0.1,0.5,0.5577102514965536,0.5554429638049907,0.5470417251035815,0.5490379233648623,0.5404899216611323,0.5568737390191919,0.5579725352455451,0.5621035417213899,1.0,0.5577457352257412,0.5529815757551577,0.5512404925520932
6,9,0.19852578995280726,0.93888,5000,0.8922973738776313,0.921968787515006,833,0.8700474066475329,0.9461,0.7707254419003102,0.08323285522827896,,,0.8502951447256795,,0.850313739270117,0.149686260729883,0.9663828843448886,0.3844258300336547,5,0.1,0.5,0.5682604627255216,0.5595067549125898,0.5537566635439565,0.5467696135782835,0.5428758669088661,0.5581910902536954,0.5638143978396204,0.5601351443183544,0.5577457352257412,1.0,0.5613885431056815,0.541621278275024
6,10,0.18383321754017454,0.94584,5000,0.8509651003060518,0.9531812725090036,833,0.868967673268181,0.9457,0.7731451144757647,0.08380612407774755,,,0.936062357990347,,0.9360825259776115,0.06391747402238845,0.9668706379221756,0.38453285359416495,5,0.1,0.5,0.5574188254212341,0.5573651144217789,0.5603013404973751,0.553682274844012,0.545356662654743,0.5694720098207477,0.5609539185604593,0.5570366747141139,0.5529815757551577,0.5613885431056815,1.0,0.5567303096915736
6,11,0.20920422260833393,0.9392,5000,0.8884946703910828,0.9387755102040817,833,0.8715854397597024,0.946,0.7617370682977708,0.08256248155009088,,,0.75,,0.750002509914161,0.24999749008583905,0.9650721760829143,0.3839443082131187,5,0.1,0.5,0.5541170220322994,0.5480355503518145,0.5462739619418439,0.5420758609814146,0.5362104225552832,0.5557900503376701,0.5459048163321191,0.5560551463890269,0.5512404925520932,0.541621278275024,0.5567303096915736,1.0
7,0,0.18266390306507327,0.9456,5000,0.6517655165107162,0.9556354916067147,834,0.6711835113767618,0.9507,0.757035954040249,0.0836641659573594,,,0.9009343685287854,,0.9009537673811555,0.09904623261884449,0.9646001751326738,0.3766230563718454,5,0.1,0.5,1.0,0.5329236117810378,0.5279253689709958,0.52689177919295,0.5265765195537632,0.5335876583985263,0.5379333147770771,0.5257938102455786,0.5379016684894655,0.5312535107583528,0.5342275757244483,0.5266630841266781
