round,client_id,client_i_training_loss,client_i_training_accuracy,client_i_training_dataset_size,client_i_evaluation_loss,client_i_evaluation_accuracy,client_i_evaluation_dataset_size,client_i_central_evaluation_loss,client_i_central_evaluation_accuracy,client_i_cosine_similarity,client_i_importance_coefficient,client_i_tanh_val,tanh_normalization_value,client_i_q,client_i_mask_order,client_i_v_nonzero_fraction,client_i_v_sparsity,client_i_v_cosine_similarity,client_i_reward_gradient_norm,local_epochs,learning_rate,gamma,client_0_cosine_similarity,client_1_cosine_similarity,client_2_cosine_similarity,client_3_cosine_similarity,client_4_cosine_similarity,client_5_cosine_similarity,client_6_cosine_similarity,client_7_cosine_similarity,client_8_cosine_similarity,client_9_cosine_similarity,client_10_cosine_similarity,client_11_cosine_similarity
0,0,0.3620209713958821,0.88548,5000,2.2097097679420754,0.22422062350119903,834,2.2080243311751,0.2196,0.7865804768628879,0.08240678546786881,,,0.75,,0.750002509914161,0.24999749008583905,0,0.39733836095541647,5,0.1,0.5,1.0,0.5904305655243672,0.6012180319634589,0.6033942120524829,0.5872528401628486,0.5979837194528389,0.5932522476902634,0.5832422038546573,0.5828742024801614,0.6033304763140114,0.584358660613274,0.5806470824572282
0,1,0.33775584761077054,0.8952,5000,2.2053751945495605,0.2170263788968825,834,2.2079022044952685,0.2193,0.8009394395557188,0.08391111464075714,,,0.9327623521544233,,0.9327794789418202,0.06722052105817977,0,0.3977062540080426,5,0.1,0.5,0.5904305655243672,1.0,0.6192504305591209,0.6020379882152386,0.5996898928386601,0.5984501815841947,0.6026622633599102,0.6086656193831472,0.5948343641392003,0.6129607803849306,0.6130443127090536,0.6030154861263421
0,2,0.3376349776864621,0.89288,5000,2.2083163349716752,0.22182254196642687,834,2.207897730147877,0.2193,0.8004300431073649,0.08385774728029961,,,0.9262787018328895,,0.9262988805782842,0.07370111942171576,0,0.39770431986932436,5,0.1,0.5,0.6012180319634589,0.6192504305591209,1.0,0.5950065608379821,0.6038495357050739,0.5994264921039383,0.6017236107078006,0.6065126659272,0.5886305767228595,0.6177689740557483,0.607027732729422,0.5997650373118925
0,3,0.3344577591035776,0.89892,5000,2.1950969342832214,0.2422062350119904,834,2.2078959043033586,0.2192,0.7987606141033163,0.0836828481036265,,,0.9050300379800992,,0.9050549671201245,0.09494503287987555,0,0.39769511695766063,5,0.1,0.5,0.6033942120524829,0.6020379882152386,0.5950065608379821,1.0,0.6158992703858477,0.6019367237145162,0.6033175905373003,0.6006584396550625,0.5925051382747325,0.6118482289582868,0.6011540681152778,0.5964865685253392
0,4,0.32626517753763373,0.89764,5000,2.2131168400799788,0.2184873949579832,833,2.207897874113089,0.2198,0.795161286252045,0.08330576140138439,,,0.8592174233542718,,0.8592289543697605,0.14077104563023946,0,0.39765353059459574,5,0.1,0.5,0.5872528401628486,0.5996898928386601,0.6038495357050739,0.6158992703858477,1.0,0.6095734022826046,0.5931393089127597,0.5885442963025879,0.5955498432205318,0.5966587821947723,0.604843946746945,0.5948877473346468
0,5,0.33615986802644887,0.89836,5000,2.2065866964834706,0.22088835534213686,833,2.2078983341923917,0.2197,0.7952518692884528,0.08331525141171119,,,0.8603703735466588,,0.8603885347121129,0.13961146528788715,0,0.39765493732756885,5,0.1,0.5,0.5979837194528389,0.5984501815841947,0.5994264921039383,0.6019367237145162,0.6095734022826046,1.0,0.5878112251428069,0.5955104216037406,0.5939995451109525,0.6005189152208378,0.61115968218848,0.5943831816079718
0,6,0.33949477626900576,0.89252,5000,2.2092237914050066,0.21248499399759904,833,2.207904523173079,0.2198,0.7946568148884023,0.08325291002169571,,,0.8527964600168639,,0.852808593946087,0.147191406053913,0,0.39764473764286073,5,0.1,0.5,0.5932522476902634,0.6026622633599102,0.6017236107078006,0.6033175905373003,0.5931393089127597,0.5878112251428069,1.0,0.6125374846083533,0.5916781407714209,0.6047368978453138,0.6096705628552506,0.5845443091021407
0,7,0.3375382567138951,0.8932,5000,2.196964564146819,0.23289315726290516,833,2.207897401846255,0.2197,0.7950331266706002,0.08329233465174539,,,0.8575861950366683,,0.8576025299934742,0.1423974700065258,0,0.39765147206149537,5,0.1,0.5,0.5832422038546573,0.6086656193831472,0.6065126659272,0.6006584396550625,0.5885442963025879,0.5955104216037406,0.6125374846083533,1.0,0.5936455559979311,0.6092792772226838,0.5980509854055414,0.5920186223747156
0,8,0.3503852464353583,0.8904,5000,2.2110407705660218,0.22448979591836735,833,2.208012810149513,0.2196,0.7867106924882509,0.0824204276207311,,,0.7516573978557994,,0.7516741127453441,0.24832588725465587,0,0.3973474498156907,5,0.1,0.5,0.5828742024801614,0.5948343641392003,0.5886305767228595,0.5925051382747325,0.5955498432205318,0.5939995451109525,0.5916781407714209,0.5936455559979311,1.0,0.5969200848061366,0.5847101664499218,0.5938795406729351
0,9,0.3430462144528794,0.89396,5000,2.213893245767664,0.19807923169267708,833,2.2078899758311508,0.2194,0.8030794008929429,0.08413530954517365,,,0.959999999878509,,0.9600020079313287,0.03999799206867127,0,0.39771090043850427,5,0.1,0.5,0.6033304763140114,0.6129607803849306,0.6177689740557483,0.6118482289582868,0.5966587821947723,0.6005189152208378,0.6047368978453138,0.6092792772226838,0.5969200848061366,1.0,0.6047770388565034,0.6066685596220223
0,10,0.3409633884419966,0.89504,5000,2.215522880907412,0.20888355342136855,833,2.207873919520515,0.2197,0.7980427116094972,0.0836076364265824,,,0.8958925012934527,,0.895903820089353,0.10409617991064701,0,0.39768883051815523,5,0.1,0.5,0.584358660613274,0.6130443127090536,0.607027732729422,0.6011540681152778,0.604843946746945,0.61115968218848,0.6096705628552506,0.5980509854055414,0.5847101664499218,0.6047770388565034,1.0,0.5985951868671842
0,11,0.3408242140914414,0.89076,5000,2.212128577408967,0.2112845138055222,833,2.2079648605931683,0.2197,0.7904470793444169,0.08281187342842398,,,0.7992145135750804,,0.7992219266101099,0.20077807338989007,0,0.3975294375676716,5,0.1,0.5,0.5806470824572282,0.6030154861263421,0.5997650373118925,0.5964865685253392,0.5948877473346468,0.5943831816079718,0.5845443091021407,0.5920186223747156,0.5938795406729351,0.6066685596220223,0.5985951868671842,1.0
1,0,0.3199205833682968,0.901,5000,2.0476459353058427,0.5203836930455635,834,2.0482098892473948,0.4948,0.8168878650525944,0.08281093268554393,,,0.7961705312145239,,0.7961849304753778,0.20381506952462225,0.9615369097677151,0.40693403594880273,5,0.1,0.5,1.0,0.640757107998104,0.625299480368606,0.6357438605239851,0.6397114128523459,0.6423040011279104,0.6340626977562112,0.6269726952358198,0.6308099496691931,0.6383800386128423,0.6289172843727674,0.6435789824280087
1,1,0.30034663396513767,0.90924,5000,2.0490507858770863,0.4844124700239808,834,2.0477571967310797,0.496,0.8201600606994953,0.08391807535375573,,,0.950983702456679,,0.9510014557502133,0.04899854424978667,0.9624987962455067,0.4071560009507535,5,0.1,0.5,0.640757107998104,1.0,0.6360485511803528,0.6302394608581094,0.6430473570354398,0.6408867009814944,0.638518985827784,0.6317619440058996,0.6303631930970225,0.6427714684578753,0.6380759694162264,0.639416559754166
1,2,0.29876839788452647,0.90904,5000,2.0498897985175804,0.5143884892086331,834,2.0477780614036343,0.4958,0.8076018947846905,0.08344635784784558,,,0.8850228420209225,,0.8850409116008232,0.11495908839917679,0.9624168561017894,0.4071214387500322,5,0.1,0.5,0.625299480368606,0.6360485511803528,1.0,0.6217016717189607,0.6330378911109845,0.6184723025936175,0.6227013921596385,0.6210884681835434,0.6259251529790164,0.6220657287918684,0.6277769188485116,0.6352808123133403
1,3,0.2990529470454166,0.91084,5000,2.0343792924174555,0.5011990407673861,834,2.0477743803883515,0.4956,0.8131003262742914,0.08352196485515746,,,0.8955950662754406,,0.8956126700466844,0.10438732995331557,0.9624087153912481,0.4071309026942554,5,0.1,0.5,0.6357438605239851,0.6302394608581094,0.6217016717189607,1.0,0.6410598650138463,0.6337927199532495,0.6210211550862111,0.6237995078573086,0.6233993313980191,0.6374708130150741,0.6378980505823003,0.6377638685139966
1,4,0.2894866935291867,0.90972,5000,2.0565052562289767,0.4957983193277311,833,2.0478035154434058,0.4961,0.8199237791170154,0.08351010619836757,,,0.8939368551730897,,0.8939460870438231,0.10605391295617694,0.9623228876727276,0.40712941343017306,5,0.1,0.5,0.6397114128523459,0.6430473570354398,0.6330378911109845,0.6410598650138463,1.0,0.6421190426758632,0.6379785699377857,0.6322069972729293,0.6353571630378364,0.641313394451646,0.628677155057488,0.6377134576602491
1,5,0.29297893280667625,0.91012,5000,2.043175600193165,0.4837935174069628,833,2.047808526803891,0.4958,0.8168022981783453,0.08340788199953668,,,0.8796427150833936,,0.8796496159831334,0.1203503840168666,0.9622964139221438,0.40711569318942603,5,0.1,0.5,0.6423040011279104,0.6408867009814944,0.6184723025936175,0.6337927199532495,0.6421190426758632,1.0,0.634011655408576,0.6251119097828852,0.6231646198668636,0.6398174282630186,0.6361633203043136,0.6459013947164818
1,6,0.2926809436754341,0.90992,5000,2.0470305416319103,0.5066026410564226,833,2.04790370761396,0.4954,0.8121304454586673,0.08320433734740186,,,0.8511808067935902,,0.8512022488830882,0.14879775111691185,0.9622434287073026,0.4070758072195269,5,0.1,0.5,0.6340626977562112,0.638518985827784,0.6227013921596385,0.6210211550862111,0.6379785699377857,0.634011655408576,1.0,0.6223969390116756,0.6287298046681328,0.6303343680309226,0.6319001015675293,0.6347563694131269
1,7,0.29809171398449097,0.90712,5000,2.0354304357811257,0.5282112845138055,833,2.047942497098027,0.495,0.8072017640733287,0.0830590694693623,,,0.8308678141462678,,0.8308870036644747,0.16911299633552535,0.9622114685953224,0.40703450355778775,5,0.1,0.5,0.6269726952358198,0.6317619440058996,0.6210884681835434,0.6237995078573086,0.6322069972729293,0.6251119097828852,0.6223969390116756,1.0,0.6160005237739358,0.6318930346219834,0.6202084998847567,0.636488301946769
1,8,0.3069907730445266,0.90548,5000,2.0562793060585305,0.5006002400960384,833,2.0483924485624025,0.4949,0.807128588262573,0.08248074524276074,,,0.75,,0.750002509914161,0.24999749008583905,0.9613822463238034,0.40671991620143744,5,0.1,0.5,0.6308099496691931,0.6303631930970225,0.6259251529790164,0.6233993313980191,0.6353571630378364,0.6231646198668636,0.6287298046681328,0.6160005237739358,1.0,0.6268630648820724,0.6211771257963921,0.6294732185527446
1,9,0.2967516818843118,0.90872,5000,2.0544256236818104,0.45738295318127253,833,2.047756121943172,0.496,0.8177555562167326,0.08398255518763935,,,0.9599999998601687,,0.9600020079313287,0.03999799206867127,0.9625147984301096,0.4071572036213125,5,0.1,0.5,0.6383800386128423,0.6427714684578753,0.6220657287918684,0.6374708130150741,0.641313394451646,0.6398174282630186,0.6303343680309226,0.6318930346219834,0.6268630648820724,1.0,0.6346971965453435,0.641833846954776
1,10,0.30048932046955745,0.90824,5000,2.0514991371719926,0.4597839135654262,833,2.0477577318398716,0.4962,0.8127969266365064,0.08346175230187583,,,0.887175468160617,,0.887194417950906,0.11280558204909397,0.9623998508656361,0.4071234806444273,5,0.1,0.5,0.6289172843727674,0.6380759694162264,0.6277769188485116,0.6378980505823003,0.628677155057488,0.6361633203043136,0.6319001015675293,0.6202084998847567,0.6211771257963921,0.6346971965453435,1.0,0.6355861449841756
1,11,0.2971871851996821,0.9062,5000,2.052707627967552,0.4909963985594238,833,2.0479825891244907,0.4955,0.8202766337767443,0.08319622151075277,,,0.8500459590047703,,0.8500677676823453,0.14993223231765473,0.9620664096096206,0.407073925252453,5,0.1,0.5,0.6435789824280087,0.639416559754166,0.6352808123133403,0.6377638685139966,0.6377134576602491,0.6459013947164818,0.6347563694131269,0.636488301946769,0.6294732185527446,0.641833846954776,0.6355861449841756,1.0
2,0,0.28385430407846807,0.91464,5000,1.8476820963400382,0.7805755395683454,834,1.8501829484019416,0.7556,0.8125040320206588,0.0829693275217087,,,0.8122017403846933,,0.8122232819637568,0.18777671803624318,0.9694385503472318,0.40634446983040967,5,0.1,0.5,1.0,0.6336029783557086,0.6214114814785255,0.6266835207537785,0.6383785977511276,0.6304351802158158,0.6306838961059676,0.6349868239448812,0.6286838401268958,0.6255877215534335,0.6326619331957983,0.6264756226916111
2,1,0.27188573457615056,0.9176,5000,1.8533252786706995,0.762589928057554,834,1.8492734961616346,0.7561,0.8155301699360198,0.08380607070622383,,,0.9599999998233648,,0.9600020079313287,0.03999799206867127,0.9700567802241404,0.40652315132216915,5,0.1,0.5,0.6336029783557086,1.0,0.6259730287129405,0.6253990013892262,0.6417737862888006,0.633573543376293,0.6391625543886417,0.6286675645928403,0.6285698735182511,0.6308143891015789,0.6327171934190874,0.6339439833132748
2,2,0.2773924479830512,0.9162,5000,1.8542840480804443,0.7589928057553957,834,1.8494610017100082,0.7558,0.8070113441704674,0.08319815851338734,,,0.85262133734302,,0.8526379197831434,0.1473620802168566,0.9698327896310842,0.40644093167871304,5,0.1,0.5,0.6214114814785255,0.6259730287129405,1.0,0.6199104902009017,0.6335464090501783,0.6271337669030373,0.6242235741188852,0.629718798221835,0.6225415720680604,0.6210532373602093,0.6259348242444361,0.6216974459239868
2,3,0.26703829654628874,0.92136,5000,1.8348674730018333,0.7482014388489209,834,1.849366316018394,0.756,0.8116261701932523,0.0834085926166598,,,0.8897913971245399,,0.8897997088499573,0.1102002911500427,0.9699297672865222,0.40649050701176015,5,0.1,0.5,0.6266835207537785,0.6253990013892262,0.6199104902009017,1.0,0.6387244877663529,0.6320894327960721,0.6275934703417727,0.6335570372561727,0.627145747394247,0.6262702367855332,0.6289971410007337,0.6315115988146599
2,4,0.25036069169658337,0.92396,5000,1.8626733135294031,0.7490996398559424,833,1.8493700469263827,0.7568,0.8203880340660232,0.08370544842520014,,,0.9422265679373705,,0.9422468751568697,0.05775312484313033,0.9699822244725366,0.4065200579293342,5,0.1,0.5,0.6383785977511276,0.6417737862888006,0.6335464090501783,0.6387244877663529,1.0,0.6423477941547809,0.6400136653415188,0.6331846908255805,0.6304323482724593,0.6411043347979402,0.633541790213229,0.6302292429167491
2,5,0.2642919295212361,0.92128,5000,1.8402150472005208,0.7478991596638656,833,1.8494062644605058,0.7564,0.8146303345377691,0.08343768477268819,,,0.8949300945216467,,0.8949400130515537,0.10505998694844632,0.9699081009567148,0.4064952033741459,5,0.1,0.5,0.6304351802158158,0.633573543376293,0.6271337669030373,0.6320894327960721,0.6423477941547809,1.0,0.6325982686633144,0.6308479404378936,0.6236872446712765,0.6273093769617964,0.6348153615910681,0.632755427492785
2,6,0.26521676444466324,0.91892,5000,1.846410592397054,0.7527010804321729,833,1.8496269471348283,0.7553,0.8144267678543505,0.0832961199869601,,,0.8699247771009322,,0.8699312283519903,0.13006877164800967,0.9697698547311775,0.406467446446636,5,0.1,0.5,0.6306838961059676,0.6391625543886417,0.6242235741188852,0.6275934703417727,0.6400136653415188,0.6325982686633144,1.0,0.6372536437889427,0.6281733651418777,0.6268379297886209,0.6306176751679514,0.6293995767454073
2,7,0.2689457538697845,0.9166,5000,1.835752597561589,0.7827130852340937,833,1.84969619973399,0.7551,0.8150379254604013,0.0832213915528233,,,0.85672510879124,,0.8567441393504343,0.14325586064956575,0.9696888234887573,0.40644791874389047,5,0.1,0.5,0.6349868239448812,0.6286675645928403,0.629718798221835,0.6335570372561727,0.6331846908255805,0.6308479404378936,0.6372536437889427,1.0,0.6338940085465544,0.6260127352135222,0.6274037685050672,0.6378052082691021
2,8,0.2737911374266645,0.91696,5000,1.8640296812410708,0.758703481392557,833,1.850652295941362,0.7546,0.8086510272196651,0.08261717938052258,,,0.75,,0.750002509914161,0.24999749008583905,0.968752695677771,0.40606076271003005,5,0.1,0.5,0.6286838401268958,0.6285698735182511,0.6225415720680604,0.627145747394247,0.6304323482724593,0.6236872446712765,0.6281733651418777,0.6338940085465544,1.0,0.6226670011226111,0.621277874595899,0.6264862451564958
2,9,0.27170762248147445,0.91892,5000,1.8555294672648113,0.7563025210084033,833,1.8492794078759873,0.7562,0.8100326790249938,0.0836575002476445,,,0.933757234314908,,0.9337734049495507,0.06622659505044926,0.9700454973664387,0.4065175782675902,5,0.1,0.5,0.6255877215534335,0.6308143891015789,0.6210532373602093,0.6262702367855332,0.6411043347979402,0.6273093769617964,0.6268379297886209,0.6260127352135222,0.6226670011226111,1.0,0.6213605965180465,0.6311440604650979
2,10,0.2720847923943334,0.91828,5000,1.8498907839810406,0.7430972388955582,833,1.8493468289177257,0.7565,0.8127927255397797,0.08340937563245539,,,0.8899297052384787,,0.8899352442146479,0.11006475578535213,0.9699226247073274,0.40649058365083945,5,0.1,0.5,0.6326619331957983,0.6327171934190874,0.6259348242444361,0.6289971410007337,0.633541790213229,0.6348153615910681,0.6306176751679514,0.6274037685050672,0.621277874595899,0.6213605965180465,1.0,0.6401670531944662
2,11,0.26697959080575756,0.91856,5000,1.8554317068170618,0.7298919567827131,833,1.8497257240283222,0.7553,0.8139204496453907,0.08327315064372626,,,0.8658675836714113,,0.865885246724562,0.13411475327543798,0.9697703052401754,0.4064618782480471,5,0.1,0.5,0.6264756226916111,0.6339439833132748,0.6216974459239868,0.6315115988146599,0.6302292429167491,0.632755427492785,0.6293995767454073,0.6378052082691021,0.6264862451564958,0.6311440604650979,0.6401670531944662,1.0
3,0,0.2605060932232411,0.92236,5000,1.6153210578141388,0.8764988009592326,834,1.620622904536823,0.8627,0.8043929314477538,0.08301760796640183,,,0.8184004858992824,,0.8184177501129462,0.18158224988705385,0.9708992954849801,0.4031046124300375,5,0.1,0.5,1.0,0.6074181369898622,0.6200370934632868,0.6214709116821583,0.6195796925273633,0.6250885481866706,0.6157073781791903,0.6167960849654609,0.6119602491017841,0.6181574737582761,0.6163801179579239,0.6143358790046053
3,1,0.2474500390665404,0.92868,5000,1.6257778759355899,0.8693045563549161,834,1.6192665423828954,0.8641,0.8016471245984363,0.08347622228177862,,,0.9052569604909968,,0.9052808593946087,0.09471914060539133,0.9713952255258083,0.40324794461961455,5,0.1,0.5,0.6074181369898622,1.0,0.6228277552804241,0.6083256331612127,0.6194994481878341,0.6183930510615071,0.6176561408374045,0.6118595374374726,0.6032810396859669,0.6180967397698511,0.6137788535677124,0.6152262709248437
3,2,0.24061921884893042,0.92636,5000,1.62763484760567,0.8633093525179856,834,1.6195484468350396,0.8635,0.809036044713887,0.08333111603217581,,,0.8777754431044974,,0.8777922795040409,0.12220772049595907,0.9711832950874144,0.4032234719582536,5,0.1,0.5,0.6200370934632868,0.6228277552804241,1.0,0.6187452729540658,0.6215575029260969,0.6183550005992116,0.6172376958153027,0.6244536142582653,0.6198325163759868,0.629680671680862,0.616475247140035,0.6215775470144063
3,3,0.2418539067421844,0.93032,5000,1.6037271685070462,0.8597122302158273,834,1.6194161172872914,0.8638,0.8075697117617237,0.08341940258762441,,,0.8944959393973593,,0.894498268159229,0.10550173184077105,0.9713134457658378,0.4032397131673128,5,0.1,0.5,0.6214709116821583,0.6083256331612127,0.6187452729540658,1.0,0.6209933899537612,0.6281449086295949,0.614602925677078,0.624672531158501,0.6191091553549147,0.621768140623349,0.6204350103167565,0.6174533416447189
3,4,0.23222724053842628,0.9306,5000,1.6372160425892583,0.8595438175270108,833,1.6193336682578625,0.8641,0.8108588153702835,0.08373076485065986,,,0.9534645053173709,,0.9534762311128959,0.04652376888710408,0.9714252131582257,0.4032663425063798,5,0.1,0.5,0.6195796925273633,0.6194994481878341,0.6215575029260969,0.6209933899537612,1.0,0.6284269797317661,0.6157972679634286,0.629447151051883,0.6169936490982239,0.6368445307087304,0.6196896127947531,0.6172385070113057
3,5,0.24172963262802571,0.92656,5000,1.6056947928887826,0.8643457382953181,833,1.619419212539356,0.8636,0.8105691384187754,0.0835432651680474,,,0.9179541410030697,,0.9179709853922996,0.0820290146077004,0.9713471152229401,0.4032552985920932,5,0.1,0.5,0.6250885481866706,0.6183930510615071,0.6183550005992116,0.6281449086295949,0.6284269797317661,1.0,0.6227132259695852,0.6234529211691366,0.6106905852227631,0.6278267757697907,0.6254957990099428,0.6158585904696597
3,6,0.24455414046622387,0.92468,5000,1.6137794388665094,0.8643457382953181,833,1.6198195394235677,0.863,0.804185015585046,0.08322686462135728,,,0.8580313799313476,,0.8580492947141207,0.14195070528587928,0.9712062666625888,0.4031958857566909,5,0.1,0.5,0.6157073781791903,0.6176561408374045,0.6172376958153027,0.614602925677078,0.6157972679634286,0.6227132259695852,1.0,0.6215535974487525,0.61665975381214,0.6185591622634107,0.6135401542282929,0.6093926483571538
3,7,0.2444829778342395,0.925,5000,1.604663402945907,0.8871548619447779,833,1.6198469137612241,0.8633,0.8095691109747479,0.08336509612989658,,,0.8842108974620064,,0.8842226795843582,0.11577732041564182,0.9712143263955576,0.4032304108810704,5,0.1,0.5,0.6167960849654609,0.6118595374374726,0.6244536142582653,0.624672531158501,0.629447151051883,0.6234529211691366,0.6215535974487525,1.0,0.6199339502121277,0.6313013156502669,0.6110643190322672,0.621301786034485
3,8,0.25255649284026616,0.92556,5000,1.6403242437927812,0.8559423769507803,833,1.6216000996458644,0.8615,0.8007261458589086,0.0826564438487054,,,0.75,,0.750002509914161,0.24999749008583905,0.9700140584759048,0.4027797478576296,5,0.1,0.5,0.6119602491017841,0.6032810396859669,0.6198325163759868,0.6191091553549147,0.6169936490982239,0.6106905852227631,0.61665975381214,0.6199339502121277,1.0,0.6183005818560516,0.5996050617505874,0.6167920229323188
3,9,0.24263379564568116,0.92724,5000,1.6251758690233584,0.8787515006002401,833,1.6191965059731335,0.8642,0.8127594734144563,0.08376527317426792,,,0.959999999810611,,0.9600020079313287,0.03999799206867127,0.9714203673503207,0.40326718292622815,5,0.1,0.5,0.6181574737582761,0.6180967397698511,0.629680671680862,0.621768140623349,0.6368445307087304,0.6278267757697907,0.6185591622634107,0.6313013156502669,0.6183005818560516,1.0,0.6203448709090901,0.6238259113395226
3,10,0.24947365194108265,0.92716,5000,1.6179536978403728,0.843937575030012,833,1.6194504834592534,0.8637,0.8027357332653983,0.0832513630431338,,,0.8626711098246911,,0.862682596255208,0.13731740374479195,0.9712628909347157,0.40320320580117164,5,0.1,0.5,0.6163801179579239,0.6137788535677124,0.616475247140035,0.6204350103167565,0.6196896127947531,0.6254957990099428,0.6135401542282929,0.6110643190322672,0.5996050617505874,0.6203448709090901,1.0,0.6118906382202117
3,11,0.2400355895749845,0.92692,5000,1.6272331476211548,0.8403361344537815,833,1.6199384992495893,0.8631,0.8043264953582503,0.08321658029595112,,,0.8560836425442162,,0.8561016013252347,0.14389839867476528,0.9711964616536387,0.4031925419249562,5,0.1,0.5,0.6143358790046053,0.6152262709248437,0.6215775470144063,0.6174533416447189,0.6172385070113057,0.6158585904696597,0.6093926483571538,0.621301786034485,0.6167920229323188,0.6238259113395226,0.6118906382202117,1.0
4,0,0.2393554532105566,0.92924,5000,1.3640330720830847,0.9172661870503597,834,1.373256380565631,0.9077,0.7946327640295724,0.0830507142390625,,,0.8144510674239168,,0.8144621253953115,0.1855378746046885,0.970113331096705,0.39815256885270167,5,0.1,0.5,1.0,0.5879746572412562,0.604345413781884,0.6062360681306445,0.6151566256287235,0.6044455578275293,0.5983247241999593,0.6017240309450889,0.5929435161011132,0.5949937963906285,0.5999507613153402,0.592436203905271
4,1,0.22800092709422776,0.93224,5000,1.3800387559113678,0.9184652278177458,834,1.3715815506042384,0.908,0.7886455591946632,0.08314617720909993,,,0.8310041085449142,,0.831027558857487,0.16897244114251297,0.9703628236381818,0.3982050674805124,5,0.1,0.5,0.5879746572412562,1.0,0.5928203503982991,0.5924755347707515,0.6014716153170736,0.5991660876772666,0.5949422634906995,0.5869168204702541,0.590391468247523,0.5911040793608253,0.6048847864000081,0.5969796163737836
4,2,0.22453312806245296,0.931,5000,1.3832868249328047,0.9160671462829736,834,1.3717612047164967,0.9078,0.7954137867010518,0.08328662339090234,,,0.855357126492615,,0.8553737262185633,0.14462627378143667,0.9704250513581231,0.39826384765631556,5,0.1,0.5,0.604345413781884,0.5928203503982991,1.0,0.5974811219104467,0.6109199728974908,0.5954472912590777,0.5977835325028824,0.6029766536006482,0.5960217646947964,0.5981892548540291,0.604641708767626,0.6039544535483665
4,3,0.2200771646372452,0.9362,5000,1.3546289382157501,0.9112709832134293,834,1.3715413919272132,0.9081,0.7977083379700288,0.08342569659308044,,,0.8794720731947783,,0.8794789418201897,0.12052105817981029,0.970554449794295,0.3983036273285502,5,0.1,0.5,0.6062360681306445,0.5924755347707515,0.5974811219104467,1.0,0.6104355714846433,0.6074730955318943,0.5980385742857359,0.5960998054819638,0.5980374420057679,0.6079178480657769,0.6095018938904709,0.6023464755720894
4,4,0.2076515173699683,0.938,5000,1.393665494742217,0.8991596638655462,833,1.3714177665619043,0.9083,0.8050562864096249,0.08389010884162362,,,0.9599999998266024,,0.9600020079313287,0.03999799206867127,0.9707173196410673,0.3983549462383171,5,0.1,0.5,0.6151566256287235,0.6014716153170736,0.6109199728974908,0.6104355714846433,1.0,0.6145412447082138,0.6050356346355118,0.6149677008460679,0.6026770182744511,0.6071289405954902,0.6116740862457422,0.6008744674714407
4,5,0.2234606530185148,0.934,5000,1.354132663320612,0.9087635054021609,833,1.3715186618006647,0.908,0.7990318522178154,0.0835544375926986,,,0.9017954417197891,,0.9018121580241956,0.09818784197580444,0.9706419926350781,0.3983288112460874,5,0.1,0.5,0.6044455578275293,0.5991660876772666,0.5954472912590777,0.6074730955318943,0.6145412447082138,1.0,0.5987607921431599,0.6002503441449837,0.5961210352400612,0.6015536745943121,0.6154800187790862,0.6048626843782335
4,6,0.22461004493799605,0.93252,5000,1.3642200982129131,0.907563025210084,833,1.37214774636034,0.9077,0.7955449309691301,0.08322186140943648,,,0.8441275602863532,,0.844144370262537,0.15585562973746303,0.9703477123553159,0.39823924063070054,5,0.1,0.5,0.5983247241999593,0.5949422634906995,0.5977835325028824,0.5980385742857359,0.6050356346355118,0.5987607921431599,1.0,0.6055972407835207,0.6006671713293567,0.6070330684005704,0.5999288428124095,0.6002003377010976
4,7,0.2248616137263027,0.93224,5000,1.3557442956500583,0.9207683073229291,833,1.372070938253555,0.9077,0.7967659563642577,0.08335657292669564,,,0.8674862016924245,,0.8674966116158828,0.13250338838411724,0.9704978585152444,0.3982857899958112,5,0.1,0.5,0.6017240309450889,0.5869168204702541,0.6029766536006482,0.5960998054819638,0.6149677008460679,0.6002503441449837,0.6055972407835207,1.0,0.5929833620516711,0.598748184325311,0.6081085116426003,0.6089374659259034
4,8,0.23197113525324092,0.93108,5000,1.3982027018511738,0.8955582232893158,833,1.3749127148058469,0.907,0.7908790856096779,0.0826790187739576,,,0.75,,0.750002509914161,0.24999749008583905,0.9693402984320673,0.39781131886080534,5,0.1,0.5,0.5929435161011132,0.590391468247523,0.5960217646947964,0.5980374420057679,0.6026770182744511,0.5961210352400612,0.6006671713293567,0.5929833620516711,1.0,0.5993947157336568,0.5975976553664201,0.5976462304496248
4,9,0.22103756564568466,0.93452,5000,1.3763766730273213,0.921968787515006,833,1.3712394964961578,0.9083,0.7972429871801382,0.0836394952685861,,,0.916544230764069,,0.9165654334621756,0.08343456653782444,0.9706883921814902,0.39834005428872366,5,0.1,0.5,0.5949937963906285,0.5911040793608253,0.5981892548540291,0.6079178480657769,0.6071289405954902,0.6015536745943121,0.6070330684005704,0.598748184325311,0.5993947157336568,1.0,0.6048103101120796,0.6091100584463522
4,10,0.2283542463627116,0.93252,5000,1.369787821063289,0.8919567827130852,833,1.3715640420730884,0.9079,0.8018362873738233,0.0834584410858933,,,0.8851498866527607,,0.8851664073088701,0.11483359269112992,0.9705102547254584,0.3983110019390607,5,0.1,0.5,0.5999507613153402,0.6048847864000081,0.604641708767626,0.6095018938904709,0.6116740862457422,0.6154800187790862,0.5999288428124095,0.6081085116426003,0.5975976553664201,0.6048103101120796,1.0,0.6096674299963982
4,11,0.2228475979060694,0.93156,5000,1.3805149749473289,0.885954381752701,833,1.3721840968147254,0.9078,0.7977107558525414,0.0832908526689634,,,0.8560904727694941,,0.8561066211535565,0.1438933788464435,0.9703730600483502,0.3982655287697325,5,0.1,0.5,0.592436203905271,0.5969796163737836,0.6039544535483665,0.6023464755720894,0.6008744674714407,0.6048626843782335,0.6002003377010976,0.6089374659259034,0.5976462304496248,0.6091100584463522,0.6096674299963982,1.0
5,0,0.2224963316011723,0.9338,5000,1.108253139036673,0.9376498800959233,834,1.1213218548808235,0.9315,0.7885700255783615,0.0833147092427508,,,0.8603966742628955,,0.8604136338537222,0.13958636614627784,0.9692880813055946,0.39178519257315025,5,0.1,0.5,1.0,0.5783139036974458,0.5866772624120462,0.5830931344600253,0.5880452276389854,0.5878747335615777,0.5805462211594761,0.5881617089970065,0.5795647484899769,0.57996868948623,0.5871072135079811,0.5783499815326798
5,1,0.20967538958462845,0.93792,5000,1.128883997599284,0.9364508393285371,834,1.1197209493420757,0.9316,0.7802745400016666,0.08308651892781728,,,0.8222494427106453,,0.8222629386074997,0.17773706139250034,0.9692715068116001,0.3916891801472928,5,0.1,0.5,0.5783139036974458,1.0,0.5847214979267698,0.571845235885499,0.5776471173514309,0.5797566671222882,0.5765958072259442,0.5738307281106823,0.5649613739388389,0.5766097020564181,0.5845094997914878,0.5704091541822636
5,2,0.20887229879784167,0.93792,5000,1.1344898100252505,0.9400479616306955,834,1.1197719827246742,0.9316,0.7836707076783439,0.08330002705065635,,,0.8579422099632827,,0.8579539179760052,0.14204608202399482,0.9694875441200129,0.39178042604091373,5,0.1,0.5,0.5866772624120462,0.5847214979267698,1.0,0.5746294662457228,0.584146797044782,0.5718363845378809,0.5755431040577456,0.578414467164419,0.5747165545925369,0.5806981064838244,0.5805859505778661,0.5785434120102048
5,3,0.20564256897433453,0.93996,5000,1.103042432555446,0.935251798561151,834,1.1195490440240683,0.9316,0.7824606939003433,0.08335045442627333,,,0.8663722994471127,,0.8663872295567492,0.13361277044325082,0.9695899075012246,0.39179579943670273,5,0.1,0.5,0.5830931344600253,0.571845235885499,0.5746294662457228,1.0,0.5838719524868989,0.5856803722592795,0.570803014774311,0.5803477664643594,0.5754273677465807,0.5742130125226033,0.5818575101049028,0.5765979591365359
5,4,0.19265804066542228,0.94216,5000,1.1455017747702423,0.9243697478991597,833,1.1192789928981672,0.9318,0.7895453720885003,0.08391051956254028,,,0.959999999832827,,0.9600020079313287,0.03999799206867127,0.9698265336683559,0.39186660674573137,5,0.1,0.5,0.5880452276389854,0.5776471173514309,0.584146797044782,0.5838719524868989,1.0,0.5915959353237382,0.5908224846278485,0.5906631926380428,0.5787722555796689,0.5815767768649632,0.5805542341610674,0.5750257092502482
5,5,0.20501506773600722,0.94012,5000,1.1003710870389585,0.9279711884753902,833,1.119413485542273,0.9319,0.7868765797355028,0.08359203249024336,,,0.9067575995282909,,0.9067767682345264,0.09322323176547365,0.9697045378424758,0.39184564271630395,5,0.1,0.5,0.5878747335615777,0.5797566671222882,0.5718363845378809,0.5856803722592795,0.5915959353237382,1.0,0.5817740466000642,0.5835672482309939,0.5718425703869776,0.5775914807856222,0.5941191640124439,0.573552844258261
5,6,0.20652112704494102,0.93684,5000,1.110539182468697,0.9279711884753902,833,1.120192561286707,0.9316,0.7832082948225125,0.08324042820096102,,,0.8479788987673714,,0.8479945785854124,0.15200542141458762,0.9694024859768315,0.3917595385367383,5,0.1,0.5,0.5805462211594761,0.5765958072259442,0.5755431040577456,0.570803014774311,0.5908224846278485,0.5817740466000642,1.0,0.589613013992806,0.5749376978676702,0.575783695055455,0.5800001532309814,0.5699821166316411
5,7,0.20887352584499366,0.93612,5000,1.1024123032887776,0.9459783913565426,833,1.1200064757761483,0.9316,0.7877862204544809,0.08349170462944148,,,0.8899855023502585,,0.8899904623261884,0.11000953767381161,0.9695742418188746,0.3918291340005948,5,0.1,0.5,0.5881617089970065,0.5738307281106823,0.578414467164419,0.5803477664643594,0.5906631926380428,0.5835672482309939,0.589613013992806,1.0,0.5828621790359021,0.5775461821404982,0.5822049601317663,0.5816464738138084
5,8,0.2199977322095993,0.9324,5000,1.1507803775646068,0.9231692677070829,833,1.123710445321787,0.9304,0.7768744712574637,0.08265433492874169,,,0.75,,0.750002509914161,0.24999749008583905,0.9682559844621447,0.3913164368300578,5,0.1,0.5,0.5795647484899769,0.5649613739388389,0.5747165545925369,0.5754273677465807,0.5787722555796689,0.5718425703869776,0.5749376978676702,0.5828621790359021,1.0,0.5667949239527553,0.5626895554241366,0.5771688210309145
5,9,0.21136313699612952,0.93784,5000,1.1222058446319014,0.9387755102040817,833,1.1191711254394092,0.9319,0.7806470983442938,0.0834296165092074,,,0.8796060526356478,,0.8796194970132022,0.12038050298679781,0.9696843678790752,0.3918162514818974,5,0.1,0.5,0.57996868948623,0.5766097020564181,0.5806981064838244,0.5742130125226033,0.5815767768649632,0.5775914807856222,0.575783695055455,0.5775461821404982,0.5667949239527553,1.0,0.5757571997591319,0.5736656735680976
5,10,0.21105836352546978,0.93804,5000,1.1183899464430633,0.9147659063625451,833,1.1194994453424083,0.9317,0.7853660029538367,0.0834746397915671,,,0.8871327242996864,,0.8871492394960092,0.11285076050399079,0.9696478729532347,0.3918259807564565,5,0.1,0.5,0.5871072135079811,0.5845094997914878,0.5805859505778661,0.5818575101049028,0.5805542341610674,0.5941191640124439,0.5800001532309814,0.5822049601317663,0.5626895554241366,0.5757571997591319,1.0,0.5760920123550204
5,11,0.20536903262162096,0.93648,5000,1.1294625291117915,0.9267707082833133,833,1.1202777052839723,0.9314,0.7794712985667123,0.0831550142397999,,,0.8337000011061927,,0.8337181868380101,0.16628181316198987,0.9694079612629739,0.39172411283772723,5,0.1,0.5,0.5783499815326798,0.5704091541822636,0.5785434120102048,0.5765979591365359,0.5750257092502482,0.573552844258261,0.5699821166316411,0.5816464738138084,0.5771688210309145,0.5736656735680976,0.5760920123550204,1.0
6,0,0.21184639333254973,0.93732,5000,0.8709366630624842,0.947242206235012,834,0.8874729344258293,0.9436,0.7674634870445585,0.08320283539255231,,,0.8077429778614743,,0.8077606545856132,0.1922393454143868,0.9669109543474236,0.3851580999633955,5,0.1,0.5,1.0,0.5425997674823696,0.5571360495761549,0.5493708792658529,0.5632814653673915,0.5516504893751982,0.5550091778249568,0.5509611388775592,0.5535853432657255,0.5584780541179074,0.5565787108371469,0.5601068072265236
6,1,0.19660643327827002,0.94252,5000,0.8949664345494023,0.9460431654676259,834,0.8862000957083779,0.9439,0.7631793955200754,0.08289770818192316,,,0.75,,0.750002509914161,0.24999749008583905,0.9661246308253608,0.3848261247126649,5,0.1,0.5,0.5425997674823696,1.0,0.5617060370065071,0.5414138463200133,0.5602382143409403,0.548451364479194,0.5487221397810047,0.5444915561147888,0.5468034433054444,0.5543468545029894,0.5555806579582074,0.5560125017855274
6,2,0.188082056534091,0.94224,5000,0.9029123209140919,0.9496402877697842,834,0.8858253706377536,0.9439,0.7731795886321715,0.08339530356405868,,,0.8441660990358026,,0.8441795090607901,0.1558204909392099,0.9671773233953681,0.3852778357694864,5,0.1,0.5,0.5571360495761549,0.5617060370065071,1.0,0.5553581050679482,0.5661952224646107,0.5529000972405262,0.5547404695564698,0.5548523483805461,0.5685123440688005,0.5567777103160831,0.5623149708718879,0.56135442635223
6,3,0.18932745941087106,0.94452,5000,0.8704829966580426,0.9460431654676259,834,0.8857645721862111,0.944,0.7667206853118764,0.08320058249870019,,,0.8073166350270896,,0.8073339691782541,0.19266603082174594,0.9669183939588135,0.3851561945890637,5,0.1,0.5,0.5493708792658529,0.5414138463200133,0.5553581050679482,1.0,0.5568222217161495,0.5577824559924291,0.5501467567333237,0.55653724867132,0.5591941874893679,0.55707341098724,0.5531681597418305,0.5548740434222363
6,4,0.17913555503840659,0.9454,5000,0.9140768580966525,0.9351740696278511,833,0.8851288734152675,0.9442,0.77887158617059,0.08400739660720839,,,0.9599999998107577,,0.9600020079313287,0.03999799206867127,0.9675296751441129,0.3853987358939487,5,0.1,0.5,0.5632814653673915,0.5602382143409403,0.5661952224646107,0.5568222217161495,1.0,0.5667474603001983,0.5580492889342412,0.56735846138833,0.5670028334258742,0.5725562335925808,0.5623787841607121,0.5605897335297771
6,5,0.1903190811846856,0.94356,5000,0.86608945440363,0.9507803121248499,833,0.8854386606536353,0.944,0.7693419259592359,0.08345585109341493,,,0.8556242532921071,,0.8556397771196225,0.14436022288037753,0.9672765940112243,0.38530405177955607,5,0.1,0.5,0.5516504893751982,0.548451364479194,0.5529000972405262,0.5577824559924291,0.5667474603001983,1.0,0.5590092690585894,0.5544677092172178,0.5496984314964694,0.5555183769463835,0.5618253001784195,0.5565325959232875
6,6,0.19039493471170496,0.94212,5000,0.8755828981046323,0.943577430972389,833,0.8863696650194284,0.9439,0.7686445313181773,0.0831946832099302,,,0.8062002399991233,,0.8062245871191205,0.19377541288087952,0.966884930257178,0.3851517862880165,5,0.1,0.5,0.5550091778249568,0.5487221397810047,0.5547404695564698,0.5501467567333237,0.5580492889342412,0.5590092690585894,1.0,0.5571657109356728,0.5601684597316406,0.5568500938643097,0.5528175907945118,0.5574746692227243
6,7,0.19253039281625467,0.94216,5000,0.8683637777964274,0.9519807923169268,833,0.8860625969335294,0.9439,0.7692850425771064,0.08338635927908927,,,0.8424734618963282,,0.8424828070879976,0.1575171929120024,0.9672108864579575,0.3852731732326956,5,0.1,0.5,0.5509611388775592,0.5444915561147888,0.5548523483805461,0.55653724867132,0.56735846138833,0.5544677092172178,0.5571657109356728,1.0,0.5582180530534072,0.5573451084361895,0.5582365056738391,0.5550129711851879
6,8,0.19543464346759162,0.94268,5000,0.9180039454389501,0.9375750300120048,833,0.8900173102704861,0.9431,0.7725353217023869,0.08293821962553244,,,0.7576664791273242,,0.7576828472466242,0.24231715275337584,0.9659626886368738,0.38488285761531316,5,0.1,0.5,0.5535853432657255,0.5468034433054444,0.5685123440688005,0.5591941874893679,0.5670028334258742,0.5496984314964694,0.5601684597316406,0.5582180530534072,1.0,0.5629984912986404,0.558037981972661,0.5649783788418579
6,9,0.18808165035584265,0.94384,5000,0.8870088965804489,0.943577430972389,833,0.8851205055325176,0.9442,0.7742738543606964,0.08352119813515345,,,0.8679906783534445,,0.8679985944480699,0.13200140555193007,0.9673176284785354,0.3853273799235389,5,0.1,0.5,0.5584780541179074,0.5543468545029894,0.5567777103160831,0.55707341098724,0.5725562335925808,0.5555183769463835,0.5568500938643097,0.5573451084361895,0.5629984912986404,1.0,0.560311957378446,0.5689219924225932
6,10,0.19257196764362336,0.94276,5000,0.886901898516549,0.9303721488595438,833,0.8854708898181732,0.944,0.7723351136531582,0.08348285068528079,,,0.8607337183973812,,0.8607549821796094,0.13924501782039056,0.9672908747795527,0.3853142478406442,5,0.1,0.5,0.5565787108371469,0.5555806579582074,0.5623149708718879,0.5531681597418305,0.5623787841607121,0.5618253001784195,0.5528175907945118,0.5582365056738391,0.558037981972661,0.560311957378446,1.0,0.5617527563554505
6,11,0.18508207360964718,0.94028,5000,0.895830735012337,0.9447779111644657,833,0.8863605519834037,0.9438,0.7737231225911337,0.08331701172715628,,,0.8293499710488298,,0.8293609758546258,0.17063902414537424,0.9669929938444184,0.38523564750409134,5,0.1,0.5,0.5601068072265236,0.5560125017855274,0.56135442635223,0.5548740434222363,0.5605897335297771,0.5565325959232875,0.5574746692227243,0.5550129711851879,0.5649783788418579,0.5689219924225932,0.5617527563554505,1.0
7,0,0.1932882933610469,0.94288,5000,0.6673308257703428,0.9508393285371702,834,0.6868973075391386,0.9498,0.7530896352873113,0.0833458588427438,,,0.8466525188185471,,0.8466743637367602,0.1533256362632398,0.9641549251245489,0.3750205538982195,5,0.1,0.5,1.0,0.5198261647831323,0.5359898151976651,0.5174815200327735,0.5328858192304192,0.5276504517058688,0.5302139041374778,0.5183885789829547,0.5249063277346732,0.5227146430510864,0.526346161190421,0.5244718882094399
