round,client_id,client_i_training_loss,client_i_training_accuracy,client_i_training_dataset_size,client_i_evaluation_loss,client_i_evaluation_accuracy,client_i_evaluation_dataset_size,client_i_central_evaluation_loss,client_i_central_evaluation_accuracy,client_i_cosine_similarity,client_i_importance_coefficient,client_i_tanh_val,tanh_normalization_value,client_i_q,client_i_mask_order,client_i_v_nonzero_fraction,client_i_v_sparsity,client_i_v_cosine_similarity,client_i_reward_gradient_norm,local_epochs,learning_rate,gamma,client_0_cosine_similarity,client_1_cosine_similarity,client_2_cosine_similarity,client_3_cosine_similarity,client_4_cosine_similarity,client_5_cosine_similarity,client_6_cosine_similarity,client_7_cosine_similarity,client_8_cosine_similarity,client_9_cosine_similarity,client_10_cosine_similarity,client_11_cosine_similarity
0,0,0.3525597488139845,0.88948,5000,2.1816605726877847,0.5443645083932853,834,2.189310446333961,0.5105,0.7876502823079099,0.08381143620682996,,,0.9235123515344319,,0.9235279353446112,0.0764720646553888,0,0.3915698247710462,5,0.1,0.5,1.0,0.575203469785726,0.5838703382998471,0.582131919558765,0.5691967467404324,0.5762032298113706,0.5788870474471527,0.5862371676521345,0.5805672084835588,0.5788889954850635,0.6016642851383289,0.589396771959021
0,1,0.34221742350584383,0.89604,5000,2.1870556584110967,0.5275779376498801,834,2.1894396075044575,0.5101,0.7788285763885179,0.0828727456997535,,,0.7997975793081098,,0.799804226695447,0.20019577330455296,0,0.3913676396416282,5,0.1,0.5,0.575203469785726,1.0,0.5690953813389046,0.5786986113379408,0.5644842825500261,0.562012519163281,0.5704988985094828,0.5724489119409332,0.5912051094914643,0.5781607533506693,0.581518348279683,0.5760155113140921
0,2,0.34960578109618207,0.89172,5000,2.199049569942333,0.49280575539568344,834,2.1894137463249717,0.5105,0.7802661196965627,0.0830257102475522,,,0.8199575511486232,,0.8199688770644044,0.18003112293559564,0,0.39143055598978826,5,0.1,0.5,0.5838703382998471,0.5690953813389046,1.0,0.5667657155296054,0.5617850232498077,0.5687704613728783,0.5807063812887825,0.5866271544403706,0.5827081038243768,0.5700177575317159,0.5909062610365003,0.5715990903829803
0,3,0.3459061625111065,0.8948,5000,2.1889504150108055,0.5035971223021583,834,2.1893340208279057,0.5105,0.7843788538633394,0.08346333360019603,,,0.8776341474123596,,0.8776517243110286,0.12234827568897144,0,0.3915373672669163,5,0.1,0.5,0.582131919558765,0.5786986113379408,0.5667657155296054,1.0,0.5764251158581776,0.5828956723662659,0.581779345397375,0.5545869509190612,0.577596502140821,0.5975135745921996,0.5786810915932137,0.5944281706498555
0,4,0.32413387422265993,0.89752,5000,2.1941478517320423,0.5078031212484994,833,2.189437060310437,0.51,0.7789666033721891,0.08288743272519693,,,0.8017332567158578,,0.8017519200843332,0.19824807991566684,0,0.3913773491980611,5,0.1,0.5,0.5691967467404324,0.5644842825500261,0.5617850232498077,0.5764251158581776,1.0,0.5720386968166012,0.5825617397560342,0.5744050351349718,0.5706907803162552,0.5838008133037305,0.5853125558452217,0.579938166444397
0,5,0.3510532472875847,0.88952,5000,2.1888646726255065,0.531812725090036,833,2.189501647370311,0.5096,0.7752776697971039,0.08249490468585748,,,0.75,,0.750002509914161,0.24999749008583905,0,0.39114979808095446,5,0.1,0.5,0.5762032298113706,0.562012519163281,0.5687704613728783,0.5828956723662659,0.5720386968166012,1.0,0.582931839937834,0.5575608913163582,0.560838272600349,0.5770757041527601,0.5628582826927241,0.5827852111596213
0,6,0.3393032219925314,0.89512,5000,2.1957524529209844,0.48619447779111646,833,2.189317610317145,0.5105,0.7853835612277329,0.08357024141076734,,,0.8917240687808377,,0.8917373625821997,0.10826263741780029,0,0.3915508904022095,5,0.1,0.5,0.5788870474471527,0.5704988985094828,0.5807063812887825,0.581779345397375,0.5825617397560342,0.582931839937834,1.0,0.5745738982747318,0.5802427071071293,0.5815523806890454,0.5882135023909514,0.5789970523552624
0,7,0.3486133695763957,0.89208,5000,2.192703927004779,0.49459783913565425,833,2.1894139352317055,0.5101,0.7797991873128548,0.0829760254133446,,,0.8134093354153675,,0.8134230209326841,0.18657697906731585,0,0.3914124189944301,5,0.1,0.5,0.5862371676521345,0.5724489119409332,0.5866271544403706,0.5545869509190612,0.5744050351349718,0.5575608913163582,0.5745738982747318,1.0,0.5788423314322162,0.5718660091576093,0.5928133257689114,0.5785018130840321
0,8,0.34991862615867025,0.89208,5000,2.189624238897253,0.5006002400960384,833,2.1893334655335157,0.5105,0.7844653623263453,0.0834725386988184,,,0.8788473339427469,,0.8788564831082777,0.12114351689172231,0,0.39153855021045364,5,0.1,0.5,0.5805672084835588,0.5912051094914643,0.5827081038243768,0.577596502140821,0.5706907803162552,0.560838272600349,0.5802427071071293,0.5788423314322162,1.0,0.5816968917101142,0.5882756591195594,0.5796520979004883
0,9,0.3399717717781473,0.89276,5000,2.1794706273961952,0.5186074429771909,833,2.189307199880338,0.5106,0.7862300082689035,0.08366030922866448,,,0.9035945622950101,,0.9036092565634255,0.0963907434365745,0,0.39156009710295875,5,0.1,0.5,0.5788889954850635,0.5781607533506693,0.5700177575317159,0.5975135745921996,0.5838008133037305,0.5770757041527601,0.5815523806890454,0.5718660091576093,0.5816968917101142,1.0,0.5828596413906406,0.5854670815704393
0,10,0.3523175237498655,0.88908,5000,2.1960570635618986,0.5102040816326531,833,2.1893112887970556,0.5104,0.7902521001627888,0.08408828761673111,,,0.959999999868205,,0.9600020079313287,0.03999799206867127,0,0.39157758426936606,5,0.1,0.5,0.6016642851383289,0.581518348279683,0.5909062610365003,0.5786810915932137,0.5853125558452217,0.5628582826927241,0.5882135023909514,0.5928133257689114,0.5882756591195594,0.5828596413906406,1.0,0.5735958139825786
0,11,0.3461019648476296,0.89028,5000,2.188948074976603,0.5006002400960384,833,2.1893061959324553,0.5105,0.7863871901372982,0.08367703446628798,,,0.9057988660004632,,0.905817981025049,0.09418201897495104,0,0.3915613846388135,5,0.1,0.5,0.589396771959021,0.5760155113140921,0.5715990903829803,0.5944281706498555,0.579938166444397,0.5827852111596213,0.5789970523552624,0.5785018130840321,0.5796520979004883,0.5854670815704393,0.5735958139825786,1.0
1,0,0.31502227663970106,0.9028,5000,2.0185093879699707,0.7649880095923262,834,2.0287448289676213,0.7421,0.7988839617465177,0.08330248498598541,,,0.96,,0.9600020079313287,0.03999799206867127,0.9579899021252334,0.4044212104711444,5,0.1,0.5,1.0,0.6105752747392017,0.6105641140290007,0.6120510337238521,0.6148132974576219,0.6213649654907416,0.6192759610429509,0.6123408788345261,0.6126749407156845,0.6213650854914813,0.6117173383179298,0.6051809960226188
1,1,0.3073083630151999,0.9082,5000,2.029456474162914,0.749400479616307,834,2.02890967332517,0.7408,0.8048393282757024,0.08288864630513215,,,0.96,,0.9600020079313287,0.03999799206867127,0.9575093090805741,0.4044212104711444,5,0.1,0.5,0.6105752747392017,1.0,0.620512421410467,0.6234970884615917,0.6231924608572786,0.6221144955549603,0.6271840890541304,0.6091717927185254,0.6291664415493647,0.6139189331879572,0.6130622646916534,0.6216754752061896
1,2,0.30678875914709586,0.90564,5000,2.041162296577736,0.7314148681055156,834,2.028874078497719,0.7419,0.8098511226889068,0.08316447903048596,,,0.96,,0.9600020079313287,0.03999799206867127,0.9576735645159574,0.4044212104711444,5,0.1,0.5,0.6105641140290007,0.620512421410467,1.0,0.626083852629898,0.6292407434987771,0.6288844824430642,0.6285397237808179,0.626601766265145,0.6256922067401317,0.6262848699692213,0.6257680383853459,0.6138888171429494
1,3,0.3048956666809097,0.90932,5000,2.0272276401519775,0.7398081534772182,834,2.0287825284293666,0.7421,0.8151836049123503,0.0836398922236208,,,0.96,,0.9600020079313287,0.03999799206867127,0.957886328914113,0.4044212104711444,5,0.1,0.5,0.6120510337238521,0.6234970884615917,0.626083852629898,1.0,0.6406128875569005,0.6354533061703775,0.632681230398455,0.625701633045517,0.6313472993540105,0.6300188359493922,0.6297743265666619,0.6246482522374914
1,4,0.28239384372362714,0.91268,5000,2.032007235067862,0.751500600240096,833,2.0289026236000915,0.7416,0.812942442828846,0.08318064440746693,,,0.96,,0.9600020079313287,0.03999799206867127,0.9575402628631227,0.4044212104711444,5,0.1,0.5,0.6148132974576219,0.6231924608572786,0.6292407434987771,0.6406128875569005,1.0,0.6252240700895078,0.6221663375120544,0.6232828876567515,0.6274155304904806,0.6363406035465081,0.6300214188937799,0.620198727792136
1,5,0.30759957710067465,0.90652,5000,2.026912636227078,0.7563025210084033,833,2.0290209355826576,0.7413,0.8131348469279271,0.08292754165787551,,,0.96,,0.9600020079313287,0.03999799206867127,0.9568857938690439,0.4044212104711444,5,0.1,0.5,0.6213649654907416,0.6221144955549603,0.6288844824430642,0.6354533061703775,0.6252240700895078,1.0,0.6315651663886386,0.6235764146592929,0.6301233154852915,0.6293323829242604,0.623155666619225,0.6253491742826665
1,6,0.297708292646559,0.90964,5000,2.0375290755872375,0.7503001200480192,833,2.02876310836012,0.7422,0.8122031244539138,0.08360682512710352,,,0.96,,0.9600020079313287,0.03999799206867127,0.9579377158314902,0.4044212104711444,5,0.1,0.5,0.6192759610429509,0.6271840890541304,0.6285397237808179,0.632681230398455,0.6221663375120544,0.6315651663886386,1.0,0.6225825947558595,0.6246972381505238,0.6266540394203882,0.6233593757621176,0.6236869806228094
1,7,0.31080652793549046,0.90616,5000,2.033073323744315,0.7382953181272509,833,2.0288722237078147,0.7418,0.8075156816273444,0.08305023722303488,,,0.96,,0.9600020079313287,0.03999799206867127,0.9576390079900328,0.4044212104711444,5,0.1,0.5,0.6123408788345261,0.6091717927185254,0.626601766265145,0.625701633045517,0.6232828876567515,0.6235764146592929,0.6225825947558595,1.0,0.6234710084580364,0.6260342046302175,0.6253451832087319,0.6213443103475187
1,8,0.3062790823471584,0.90796,5000,2.0318226946724787,0.7394957983193278,833,2.028781663876372,0.7421,0.8083929574070936,0.08340942838401862,,,0.96,,0.9600020079313287,0.03999799206867127,0.9578876232211674,0.4044212104711444,5,0.1,0.5,0.6126749407156845,0.6291664415493647,0.6256922067401317,0.6313472993540105,0.6274155304904806,0.6301233154852915,0.6246972381505238,0.6234710084580364,1.0,0.6228011055027444,0.6135252386498372,0.6051747798282665
1,9,0.3102857707720843,0.90336,5000,2.018561018837823,0.7310924369747899,833,2.0287450193977965,0.742,0.8124097125790669,0.08367363556854385,,,0.96,,0.9600020079313287,0.03999799206867127,0.9579624142587547,0.4044212104711444,5,0.1,0.5,0.6213650854914813,0.6139189331879572,0.6262848699692213,0.6300188359493922,0.6363406035465081,0.6293323829242604,0.6266540394203882,0.6260342046302175,0.6228011055027444,1.0,0.6265645186068828,0.6246287568613639
1,10,0.315419996012548,0.90204,5000,2.040507515271505,0.7262905162064826,833,2.0287447813600776,0.7421,0.8074234259208909,0.0837832041694199,,,0.96,,0.9600020079313287,0.03999799206867127,0.9580109109211135,0.4044212104711444,5,0.1,0.5,0.6117173383179298,0.6130622646916534,0.6257680383853459,0.6297743265666619,0.6300214188937799,0.623155666619225,0.6233593757621176,0.6253451832087319,0.6135252386498372,0.6265645186068828,1.0,0.6113642567843107
1,11,0.3082369893896067,0.9044,5000,2.0280069245232477,0.723889555822329,833,2.028742817263253,0.742,0.8034612680446661,0.0833729809173125,,,0.96,,0.9600020079313287,0.03999799206867127,0.9579651585692202,0.4044212104711444,5,0.1,0.5,0.6051809960226188,0.6216754752061896,0.6138888171429494,0.6246482522374914,0.620198727792136,0.6253491742826665,0.6236869806228094,0.6213443103475187,0.6051747798282665,0.6246287568613639,0.6113642567843107,1.0
2,0,0.2867221418969855,0.91036,5000,1.8131381229118064,0.8693045563549161,834,1.827422757118274,0.8569,0.8099378806819604,0.08316442889470557,,,0.96,,0.9600020079313287,0.03999799206867127,0.9682244418521395,0.4071059223218817,5,0.1,0.5,1.0,0.6235384667265178,0.6276780301063618,0.6272118469543325,0.6273822178636248,0.6268975461716786,0.6294912343026816,0.6266088567233973,0.6352504844024436,0.6301025891261101,0.626450588835371,0.6330391735378802
2,1,0.2761285389115097,0.9178,5000,1.8319045526010018,0.8585131894484412,834,1.8276268605607005,0.8568,0.8091829987301858,0.08286489268696066,,,0.96,,0.9600020079313287,0.03999799206867127,0.9682244418521395,0.4071059223218817,5,0.1,0.5,0.6235384667265178,1.0,0.6263188551126159,0.6319523025298374,0.626959270291947,0.6254772336170538,0.6285114439680443,0.6271807857920346,0.6337907353091359,0.6332862541989827,0.6200242739985379,0.6311065153234994
2,2,0.27862630675481576,0.91576,5000,1.8414738266556352,0.8513189448441247,834,1.8275832726170842,0.8568,0.8152262766702548,0.08325710297437028,,,0.96,,0.9600020079313287,0.03999799206867127,0.9682244418521395,0.4071059223218817,5,0.1,0.5,0.6276780301063618,0.6263188551126159,1.0,0.6338497265882455,0.627969338149093,0.6449488512740768,0.628307923955205,0.6296382219558616,0.628804294147294,0.6407507932293997,0.6365898514628159,0.6410798353810059
2,3,0.2736386014812976,0.9174,5000,1.8239776823255751,0.8537170263788969,834,1.8274756426247545,0.8569,0.8158101994278274,0.08359136069654599,,,0.96,,0.9600020079313287,0.03999799206867127,0.9682244418521395,0.4071059223218817,5,0.1,0.5,0.6272118469543325,0.6319523025298374,0.6338497265882455,1.0,0.6348129654518011,0.6407516173837109,0.623664240073354,0.6299182555212458,0.6330768734984928,0.640145339782041,0.6359517157474431,0.6382587621488962
2,4,0.25791087520492684,0.92048,5000,1.8298763831456502,0.8475390156062425,833,1.8276148703151618,0.857,0.8109524035526572,0.08311922820134637,,,0.96,,0.9600020079313287,0.03999799206867127,0.9682244418521395,0.4071059223218817,5,0.1,0.5,0.6273822178636248,0.626959270291947,0.627969338149093,0.6348129654518011,1.0,0.6291020538981683,0.6224983104641992,0.6250890268553358,0.6378595346461251,0.6330765620407306,0.6296184392080735,0.6297299329653566
2,5,0.27628746130177456,0.91668,5000,1.8235126027354487,0.8631452581032413,833,1.8277852363860645,0.8568,0.8182543685016369,0.08320587979556608,,,0.96,,0.9600020079313287,0.03999799206867127,0.9682244418521395,0.4071059223218817,5,0.1,0.5,0.6268975461716786,0.6254772336170538,0.6449488512740768,0.6407516173837109,0.6291020538981683,1.0,0.6378847067109057,0.6343073921924881,0.6429354748528338,0.6452306499445057,0.627864729465329,0.641103391515305
2,6,0.2617253264934299,0.92124,5000,1.8404940719957705,0.8751500600240096,833,1.8274508387136001,0.8569,0.8128585663101844,0.08346693103346574,,,0.96,,0.9600020079313287,0.03999799206867127,0.9682244418521395,0.4071059223218817,5,0.1,0.5,0.6294912343026816,0.6285114439680443,0.628307923955205,0.623664240073354,0.6224983104641992,0.6378847067109057,1.0,0.6206833371847844,0.6365853048264074,0.6373007147302199,0.6306453478515538,0.6452683324750779
2,7,0.2769109841934435,0.91796,5000,1.8318939871258206,0.8739495798319328,833,1.8275806519170157,0.8568,0.8106767194367888,0.08302352540543129,,,0.96,,0.9600020079313287,0.03999799206867127,0.9682244418521395,0.4071059223218817,5,0.1,0.5,0.6266088567233973,0.6271807857920346,0.6296382219558616,0.6299182555212458,0.6250890268553358,0.6343073921924881,0.6206833371847844,1.0,0.6315644665845661,0.636567867489334,0.6223666464174157,0.6381461194749637
2,8,0.2702219650896776,0.92044,5000,1.8333376072071217,0.8559423769507803,833,1.8274743206584796,0.8569,0.8159990280817893,0.08344572613229495,,,0.96,,0.9600020079313287,0.03999799206867127,0.9682244418521395,0.4071059223218817,5,0.1,0.5,0.6352504844024436,0.6337907353091359,0.628804294147294,0.6330768734984928,0.6378595346461251,0.6429354748528338,0.6365853048264074,0.6315644665845661,1.0,0.6391488532959786,0.6232843455749739,0.6302112308364028
2,9,0.26760795661218606,0.9168,5000,1.8181716247841164,0.8523409363745498,833,1.827426388621711,0.8568,0.8210693777320918,0.0837964421070712,,,0.96,,0.9600020079313287,0.03999799206867127,0.9682244418521395,0.4071059223218817,5,0.1,0.5,0.6301025891261101,0.6332862541989827,0.6407507932293997,0.640145339782041,0.6330765620407306,0.6452306499445057,0.6373007147302199,0.636567867489334,0.6391488532959786,1.0,0.6394266317427915,0.6457876330800524
2,10,0.28216676762813975,0.91444,5000,1.8439162660528112,0.8343337334933973,833,1.8274223781622256,0.8569,0.8112102976374164,0.08352612121339249,,,0.96,,0.9600020079313287,0.03999799206867127,0.9682244418521395,0.4071059223218817,5,0.1,0.5,0.626450588835371,0.6200242739985379,0.6365898514628159,0.6359517157474431,0.6296184392080735,0.627864729465329,0.6306453478515538,0.6223666464174157,0.6232843455749739,0.6394266317427915,1.0,0.631637123028216
2,11,0.2744263447619453,0.91716,5000,1.8257218775925812,0.8475390156062425,833,1.827422721317401,0.8568,0.8193566805729854,0.08353836085884953,,,0.96,,0.9600020079313287,0.03999799206867127,0.9682244418521395,0.4071059223218817,5,0.1,0.5,0.6330391735378802,0.6311065153234994,0.6410798353810059,0.6382587621488962,0.6297299329653566,0.641103391515305,0.6452683324750779,0.6381461194749637,0.6302112308364028,0.6457876330800524,0.631637123028216,1.0
3,0,0.2557058444116146,0.92332,5000,1.5769017978950783,0.9184652278177458,834,1.5958176104786297,0.9077,0.8052198037909675,0.08312409718771292,,,0.96,,0.9600020079313287,0.03999799206867127,0.9699330668984004,0.4040080549179029,5,0.1,0.5,1.0,0.6147186646018608,0.6163492925442986,0.6176675784445605,0.6213116440438157,0.6194056777957864,0.6193085130505328,0.623437328571866,0.6199408522758265,0.6172706018952316,0.6212753817459272,0.6176978578554382
3,1,0.24585479551594064,0.92676,5000,1.6025802515171192,0.9112709832134293,834,1.59605723562332,0.9073,0.8017927643203657,0.08280634660873813,,,0.96,,0.9600020079313287,0.03999799206867127,0.9699330668984004,0.4040080549179029,5,0.1,0.5,0.6147186646018608,1.0,0.6181014869610172,0.6239353080153058,0.6170181062494744,0.6147827621969335,0.6163840379446359,0.61600152160645,0.6217281131529676,0.6094271902829409,0.6165906022210721,0.6078684045022105
3,2,0.25187027505984544,0.92464,5000,1.6101146848113448,0.9112709832134293,834,1.5960054488989492,0.9075,0.8094701812906303,0.08333357403346243,,,0.96,,0.9600020079313287,0.03999799206867127,0.9699330668984004,0.4040080549179029,5,0.1,0.5,0.6163492925442986,0.6181014869610172,1.0,0.6272708836978176,0.6140289902326836,0.6328188081373398,0.6237607683487002,0.6237416774771518,0.617592117052853,0.6291652800579327,0.6266879541288072,0.619557224868405
3,3,0.2514878266342696,0.92592,5000,1.5901929493303653,0.9064748201438849,834,1.5958835419755393,0.9078,0.812526977971091,0.08366141187828502,,,0.96,,0.9600020079313287,0.03999799206867127,0.9699330668984004,0.4040080549179029,5,0.1,0.5,0.6176675784445605,0.6239353080153058,0.6272708836978176,1.0,0.6274648521320567,0.6251304732959679,0.6233629222846168,0.6250363698278413,0.6235627829251488,0.6296647760713687,0.6302697725243912,0.6238870374744944
3,4,0.23091508449428969,0.92888,5000,1.5982851363994457,0.9027611044417767,833,1.5960408868119358,0.9076,0.8078652767700115,0.08318635843230898,,,0.96,,0.9600020079313287,0.03999799206867127,0.9699330668984004,0.4040080549179029,5,0.1,0.5,0.6213116440438157,0.6170181062494744,0.6140289902326836,0.6274648521320567,1.0,0.6196770803183972,0.6110204537490157,0.6221706352259159,0.6231137468465189,0.6272324556546052,0.6318370878160533,0.6192664195152804
3,5,0.2498467991757355,0.926,5000,1.5894810093773737,0.9087635054021609,833,1.596273853375127,0.9077,0.8102289610714596,0.08332610054306541,,,0.96,,0.9600020079313287,0.03999799206867127,0.9699330668984004,0.4040080549179029,5,0.1,0.5,0.6194056777957864,0.6147827621969335,0.6328188081373398,0.6251304732959679,0.6196770803183972,1.0,0.6214499058580953,0.6242171813778042,0.6216297512448202,0.6303318949209635,0.6303208930768767,0.6168934331873923
3,6,0.23887072032092105,0.92812,5000,1.6136333854110152,0.9183673469387755,833,1.5958539982573292,0.9078,0.807231056941055,0.08339447443373504,,,0.96,,0.9600020079313287,0.03999799206867127,0.9699330668984004,0.4040080549179029,5,0.1,0.5,0.6193085130505328,0.6163840379446359,0.6237607683487002,0.6233629222846168,0.6110204537490157,0.6214499058580953,1.0,0.621142845868344,0.6171091440966728,0.6209011819763911,0.6309959610646949,0.6209870626916754
3,7,0.25844019685937153,0.92356,5000,1.6014581035684656,0.9147659063625451,833,1.5960026560500027,0.9076,0.8087907449900642,0.08315524331731174,,,0.96,,0.9600020079313287,0.03999799206867127,0.9699330668984004,0.4040080549179029,5,0.1,0.5,0.623437328571866,0.61600152160645,0.6237416774771518,0.6250363698278413,0.6221706352259159,0.6242171813778042,0.621142845868344,1.0,0.6155923876676259,0.628547164011412,0.626525561115938,0.6171622905782459
3,8,0.25171366177712845,0.92496,5000,1.6045461628172133,0.9027611044417767,833,1.5958818185824555,0.9078,0.8051618130946886,0.08330832578695402,,,0.96,,0.9600020079313287,0.03999799206867127,0.9699330668984004,0.4040080549179029,5,0.1,0.5,0.6199408522758265,0.6217281131529676,0.617592117052853,0.6235627829251488,0.6231137468465189,0.6216297512448202,0.6171091440966728,0.6155923876676259,1.0,0.6190733217236322,0.6158746840106952,0.6113440715784032
3,9,0.2451323813462191,0.92692,5000,1.5885584354400635,0.9099639855942377,833,1.595824633924344,0.9077,0.8113714065094422,0.08375692896299976,,,0.96,,0.9600020079313287,0.03999799206867127,0.9699330668984004,0.4040080549179029,5,0.1,0.5,0.6172706018952316,0.6094271902829409,0.6291652800579327,0.6296647760713687,0.6272324556546052,0.6303318949209635,0.6209011819763911,0.628547164011412,0.6190733217236322,1.0,0.6290486611502781,0.6244254468833298
3,10,0.2523603670435489,0.92424,5000,1.6178193842923199,0.8883553421368547,833,1.595816056949262,0.9078,0.8123954209515513,0.08361363174663186,,,0.96,,0.9600020079313287,0.03999799206867127,0.9699330668984004,0.4040080549179029,5,0.1,0.5,0.6212753817459272,0.6165906022210721,0.6266879541288072,0.6302697725243912,0.6318370878160533,0.6303208930768767,0.6309959610646949,0.626525561115938,0.6158746840106952,0.6290486611502781,1.0,0.6168491319699305
3,11,0.25532337091744517,0.92344,5000,1.5938462637088917,0.8979591836734694,833,1.595819883834059,0.9077,0.8041243598554491,0.08333350706879473,,,0.96,,0.9600020079313287,0.03999799206867127,0.9699330668984004,0.4040080549179029,5,0.1,0.5,0.6176978578554382,0.6078684045022105,0.619557224868405,0.6238870374744944,0.6192664195152804,0.6168934331873923,0.6209870626916754,0.6171622905782459,0.6113440715784032,0.6244254468833298,0.6168491319699305,1.0
4,0,0.2382759417976686,0.92788,5000,1.3247579865985446,0.9412470023980816,834,1.3479358384403557,0.9291,0.7909087321313341,0.08298358918061931,,,0.8039380058069214,,0.8039506048893128,0.1960493951106872,0.9701599094547626,0.3982260939001605,5,0.1,0.5,1.0,0.5883476944515424,0.5950691666761572,0.5987397166272842,0.5956817008160443,0.5952818224065852,0.5975436535262614,0.6012606184331116,0.5957770465249478,0.6001689766718081,0.5968694209842,0.5998001488199198
4,1,0.22801197515741276,0.93248,5000,1.3562548293007746,0.9256594724220624,834,1.348470169896135,0.9291,0.789468799229346,0.08272181086732491,,,0.75,,0.750002509914161,0.24999749008583905,0.9693916625502667,0.3979303159395209,5,0.1,0.5,0.5883476944515424,1.0,0.6020925213049085,0.5997809099621743,0.5920701179445045,0.5945740142895156,0.5994728556651254,0.5972961736672618,0.5937398394099748,0.6001166348560927,0.5912481738665836,0.5935984417929828
4,2,0.23055004855428057,0.93252,5000,1.3605474498536851,0.9328537170263789,834,1.347936421918412,0.9292,0.8009619712651473,0.08347489827908987,,,0.9051695886405091,,0.905190502484815,0.09480949751518497,0.9707057757706021,0.3984425230677955,5,0.1,0.5,0.5950691666761572,0.6020925213049085,1.0,0.609207992205078,0.5969966354599238,0.625173506765332,0.6077342205345141,0.6116129902958471,0.596203878496534,0.607266517355932,0.6006524332864104,0.6076696778997603
4,3,0.22833293926825,0.93344,5000,1.3411939806408353,0.9232613908872902,834,1.3477882702891437,0.9291,0.8004985040754417,0.08367674810182725,,,0.9467596530500506,,0.9467747603031976,0.05322523969680237,0.9707506148461889,0.39846237359480835,5,0.1,0.5,0.5987397166272842,0.5997809099621743,0.609207992205078,1.0,0.598959569918105,0.6117673163618825,0.6078646409460368,0.6085274211490949,0.5978926826015427,0.6070032008860455,0.6043490634217052,0.6095970096334922
4,4,0.20910528893256264,0.9368,5000,1.349400246584857,0.9279711884753902,833,1.348124850672274,0.9291,0.7933438138814676,0.08311025779907677,,,0.830037389640256,,0.8300587319913659,0.16994126800863407,0.9703817190197922,0.3983155674035886,5,0.1,0.5,0.5956817008160443,0.5920701179445045,0.5969966354599238,0.598959569918105,1.0,0.6072822765011316,0.5940308618987697,0.6014288235349895,0.6032102213031719,0.5986248278064334,0.6030674125079879,0.5961884261699578
4,5,0.22804760105943508,0.93108,5000,1.3398657728124548,0.929171668667467,833,1.348254223601125,0.9292,0.8032422829124927,0.08354976120061171,,,0.9205946887756263,,0.9206164349179258,0.07938356508207423,0.9707264830423897,0.3984526744385186,5,0.1,0.5,0.5952818224065852,0.5945740142895156,0.625173506765332,0.6117673163618825,0.6072822765011316,1.0,0.6126124429486833,0.6091151669093292,0.6000782702492242,0.6131764352381228,0.6092256941751224,0.6031276573704147
4,6,0.21212947736464582,0.93764,5000,1.3700874028382477,0.9351740696278511,833,1.347767459317899,0.9291,0.7997887240501736,0.0834743332275633,,,0.905053162829151,,0.9050800662617339,0.09491993373826613,0.9707056376412198,0.39844248181171965,5,0.1,0.5,0.5975436535262614,0.5994728556651254,0.6077342205345141,0.6078646409460368,0.5940308618987697,0.6126124429486833,1.0,0.6050567314474332,0.6018466867048268,0.6011779269828115,0.6090607992947534,0.6117510311234775
4,7,0.229592673427716,0.93168,5000,1.3548316690656874,0.936374549819928,833,1.3479932291439165,0.9291,0.7992742220447329,0.08329718517855011,,,0.8685527653129809,,0.8685708548767632,0.13142914512323678,0.9706015863041996,0.3984006940404369,5,0.1,0.5,0.6012606184331116,0.5972961736672618,0.6116129902958471,0.6085274211490949,0.6014288235349895,0.6091151669093292,0.6050567314474332,1.0,0.5951571585619193,0.6136343955364957,0.6083238189839646,0.5928949539661874
4,8,0.22892818039959403,0.93168,5000,1.358514498781275,0.9327731092436975,833,1.3479108627611838,0.9291,0.7916186326015028,0.08313099080608023,,,0.8343093136131561,,0.8343205662366348,0.16567943376336525,0.9704333182008917,0.3983271998987639,5,0.1,0.5,0.5957770465249478,0.5937398394099748,0.596203878496534,0.5978926826015427,0.6032102213031719,0.6000782702492242,0.6018466867048268,0.5951571585619193,1.0,0.5973176011266645,0.5949824883845605,0.5942851350667555
4,9,0.22788276452405057,0.93236,5000,1.3432618600350839,0.9267707082833133,833,1.347725321309635,0.929,0.8005191318237967,0.08374100771962735,,,0.9599999997939553,,0.9600020079313287,0.03999799206867127,0.9707557489654495,0.39846438583418387,5,0.1,0.5,0.6001689766718081,0.6001166348560927,0.607266517355932,0.6070032008860455,0.5986248278064334,0.6131764352381228,0.6011779269828115,0.6136343955364957,0.5973176011266645,1.0,0.6066917764671865,0.6082710643324546
4,10,0.23372968063707564,0.93028,5000,1.3738770043408428,0.9135654261704682,833,1.3477360333878392,0.929,0.7971745819650451,0.08352859372985093,,,0.9162332458950283,,0.9162542041062196,0.0837457958937804,0.9707231369078606,0.3984501288744482,5,0.1,0.5,0.5968694209842,0.5912481738665836,0.6006524332864104,0.6043490634217052,0.6030674125079879,0.6092256941751224,0.6090607992947534,0.6083238189839646,0.5949824883845605,0.6066917764671865,1.0,0.5976058600118244
4,11,0.2379161798086753,0.9288,5000,1.34624860463319,0.9243697478991597,833,1.3477824316999782,0.929,0.7962767748855006,0.08331082390977831,,,0.8713629521268837,,0.8713769389086893,0.12862306109131072,0.9706097778859805,0.3984048334372849,5,0.1,0.5,0.5998001488199198,0.5935984417929828,0.6076696778997603,0.6095970096334922,0.5961884261699578,0.6031276573704147,0.6117510311234775,0.5928949539661874,0.5942851350667555,0.6082710643324546,0.5976058600118244,1.0
5,0,0.22432401077732872,0.93228,5000,1.0756592905079876,0.9568345323741008,834,1.1022396047656147,0.94,0.7809070139480074,0.0829023018663593,,,0.784185649350173,,0.7841975804427489,0.2158024195572511,0.9688370779580239,0.3929204331205589,5,0.1,0.5,1.0,0.5746905448061682,0.5813636367576437,0.5742596890924678,0.5798127535695197,0.5838852659090621,0.5796861059426748,0.5760577434020545,0.5797345421503235,0.5765558824942763,0.5802910838621856,0.585908261945617
5,1,0.21234298072351962,0.93648,5000,1.1109668281343248,0.935251798561151,834,1.1028878134660447,0.94,0.7810962152983508,0.08273405702034178,,,0.75,,0.750002509914161,0.24999749008583905,0.9681933446108865,0.3927070332161882,5,0.1,0.5,0.5746905448061682,1.0,0.5864147880613193,0.5838108692781369,0.5753335851353628,0.582664514608157,0.5855514706277657,0.5773348960040525,0.5766477547101547,0.5815648947653532,0.5690183447815097,0.5822629293682523
5,2,0.20705756994771066,0.93792,5000,1.1113644750029952,0.9412470023980816,834,1.1017955105525616,0.94,0.7930103884913535,0.08365615479764613,,,0.9373609327575956,,0.9373776416846544,0.06262235831534557,0.9696610142764501,0.39325873770560754,5,0.1,0.5,0.5813636367576437,0.5864147880613193,1.0,0.5949421887161529,0.5860481268924306,0.6042744007025431,0.5909835478367502,0.5848116417659996,0.5783747133587507,0.5982730031714503,0.5836610800696536,0.5947006154900719
5,3,0.21228210142914467,0.93628,5000,1.0948452861220748,0.9316546762589928,834,1.1016385631439405,0.9402,0.7892570575432392,0.08365903175824549,,,0.937945502024186,,0.9379549219416696,0.06204507805833037,0.9697029791811185,0.3932589345598764,5,0.1,0.5,0.5742596890924678,0.5838108692781369,0.5949421887161529,1.0,0.5905363736379025,0.5935500004338196,0.5829599469629283,0.5850690122426006,0.576778987270779,0.5831231989820623,0.5921081542461007,0.5903567381439387
5,4,0.19699438024419033,0.94108,5000,1.1029075980186462,0.9387755102040817,833,1.1022259693937941,0.9398,0.7846877457265481,0.08311987638729479,,,0.8283945892154573,,0.8284072084734702,0.17159279152652984,0.9692226341695679,0.3931010170552218,5,0.1,0.5,0.5798127535695197,0.5753335851353628,0.5860481268924306,0.5905363736379025,1.0,0.5906317438181103,0.5750455451646381,0.5799957062889595,0.5753520442405823,0.5859677398132133,0.5877572924686576,0.5806560106942542
5,5,0.2118398549391111,0.93588,5000,1.0919678431970101,0.9459783913565426,833,1.102145079606638,0.9402,0.7944513381617847,0.08375684125372733,,,0.9578194012538324,,0.9578334420962803,0.042166557903719704,0.9696910463573185,0.393263954849226,5,0.1,0.5,0.5838852659090621,0.582664514608157,0.6042744007025431,0.5935500004338196,0.5906317438181103,1.0,0.5940581541197301,0.5899097590532333,0.5919857224001434,0.5930601153461841,0.5833841023967969,0.5897446243527444
5,6,0.19704566462392545,0.94116,5000,1.1269504847349945,0.9423769507803121,833,1.1015618641536458,0.9401,0.7870335094030328,0.08344560674851259,,,0.8945797008243891,,0.8945936448973445,0.1054063551026555,0.9696257889743048,0.3932295532633493,5,0.1,0.5,0.5796861059426748,0.5855514706277657,0.5909835478367502,0.5829599469629283,0.5750455451646381,0.5940581541197301,1.0,0.5828702617265538,0.5804740358996971,0.5875874808353796,0.5818649668843393,0.5864485584378326
5,7,0.21175058587353415,0.93688,5000,1.11043354316994,0.9411764705882353,833,1.1019696176242524,0.9399,0.784254039264895,0.08322951447352751,,,0.8506719383295317,,0.8506902263942573,0.1493097736057427,0.9694391806737067,0.3931595152738303,5,0.1,0.5,0.5760577434020545,0.5773348960040525,0.5848116417659996,0.5850690122426006,0.5799957062889595,0.5899097590532333,0.5828702617265538,1.0,0.578634041039699,0.5892938308655216,0.5744941168246934,0.5836660827269522
5,8,0.21454820203814348,0.93664,5000,1.1140964583114341,0.9423769507803121,833,1.1021075743836717,0.9401,0.7807873822505444,0.08299657632155655,,,0.8033412641837834,,0.8033532453190101,0.1966467546809899,0.9690807831953433,0.39301080842306185,5,0.1,0.5,0.5797345421503235,0.5766477547101547,0.5783747133587507,0.576778987270779,0.5753520442405823,0.5919857224001434,0.5804740358996971,0.578634041039699,1.0,0.5852095646533194,0.5712587864151846,0.575874795144902
5,9,0.20532542624700648,0.93828,5000,1.1000834107398987,0.9387755102040817,833,1.1015784193913396,0.9401,0.7911228485200489,0.0837675730804752,,,0.95999999979681,,0.9600020079313287,0.03999799206867127,0.9697170831944251,0.3932642503616205,5,0.1,0.5,0.5765558824942763,0.5815648947653532,0.5982730031714503,0.5831231989820623,0.5859677398132133,0.5930601153461841,0.5875874808353796,0.5892938308655216,0.5852095646533194,1.0,0.5911592859808935,0.592982677643014
5,10,0.21489629219137843,0.93452,5000,1.1305459185882851,0.9315726290516206,833,1.101601679294635,0.9401,0.7833546183330619,0.08335249473039573,,,0.8756602814366561,,0.8756789317805331,0.12432106821946687,0.9696107553904852,0.3932054198245856,5,0.1,0.5,0.5802910838621856,0.5690183447815097,0.5836610800696536,0.5921081542461007,0.5877572924686576,0.5833841023967969,0.5818649668843393,0.5744941168246934,0.5712587864151846,0.5911592859808935,1.0,0.5774096100647679
5,11,0.21738001214233554,0.93364,5000,1.1011661909244679,0.936374549819928,833,1.1016427537503715,0.9399,0.7882736375281493,0.08337997156191773,,,0.8812432954183572,,0.8812559610461322,0.11874403895386776,0.9695483119771326,0.3932133318758589,5,0.1,0.5,0.585908261945617,0.5822629293682523,0.5947006154900719,0.5903567381439387,0.5806560106942542,0.5897446243527444,0.5864485584378326,0.5836660827269522,0.575874795144902,0.592982677643014,0.5774096100647679,1.0
6,0,0.2060691000164077,0.93748,5000,0.8431303236219618,0.9616306954436451,834,0.8719978096386114,0.9473,0.7709346250668224,0.08299610954945777,,,0.8113860646027706,,0.8114050499472918,0.1885949500527082,0.9667793832952918,0.38592627817597897,5,0.1,0.5,1.0,0.5481284520468023,0.5581030132815604,0.5554226916218445,0.5527810656546017,0.5647129156423822,0.5591461817932522,0.5598965527889896,0.5582349701894255,0.5562316474269766,0.5710229423076343,0.5631088677606921
6,1,0.1958367441276646,0.94308,5000,0.8810539620893972,0.9448441247002398,834,0.8728643345375793,0.9472,0.7639041655363885,0.08263430983747676,,,0.75,,0.750002509914161,0.24999749008583905,0.9661772001527961,0.3855930185178355,5,0.1,0.5,0.5481284520468023,1.0,0.5528082736561782,0.5581962076385845,0.5505785578138582,0.5559879203044945,0.5584330846136564,0.5522101835690051,0.5504886622224154,0.5473468481951224,0.5488404350397573,0.5595903068931408
6,2,0.19467074197426343,0.94108,5000,0.876510171978562,0.9484412470023981,834,0.8715773571413546,0.9475,0.7737667847111308,0.08360300683173623,,,0.9143575002990675,,0.9143717684855178,0.08562823151448218,0.9676780302770934,0.38612482504717216,5,0.1,0.5,0.5581030132815604,0.5528082736561782,1.0,0.5641522848498237,0.5567394161535948,0.5764374891682305,0.5602815291451041,0.5639974174412471,0.5537878163822444,0.558851723175213,0.559405323088838,0.564398451312419
6,3,0.19446828596910853,0.94428,5000,0.8647452592849731,0.9400479616306955,834,0.8714568022721872,0.9475,0.7715682538385664,0.08352716420092879,,,0.9014893843768691,,0.9015059484965614,0.0984940515034386,0.9676666005467621,0.3861147954891727,5,0.1,0.5,0.5554226916218445,0.5581962076385845,0.5641522848498237,1.0,0.5559198417583772,0.564809980539576,0.5580927947880017,0.5550061427330946,0.5510881526278061,0.5573866542939719,0.5657103166533657,0.5628575905845313
6,4,0.18026566417282744,0.94632,5000,0.8712820366576866,0.9423769507803121,833,0.8720240608190957,0.9473,0.7695890162687709,0.08309475017689788,,,0.8281222855780219,,0.8281361377440891,0.17186386225591088,0.9671496020346724,0.3859825316502871,5,0.1,0.5,0.5527810656546017,0.5505785578138582,0.5567394161535948,0.5559198417583772,1.0,0.5660633303909273,0.5545600655537601,0.5605126049448705,0.557893201182223,0.5509238391151521,0.5624926782945296,0.5647350663092628
6,5,0.19658852236962338,0.94136,5000,0.8602736150776898,0.9531812725090036,833,0.8719024302098698,0.9477,0.7794579261490546,0.08387201647246435,,,0.9599999998303314,,0.9600020079313287,0.03999799206867127,0.9677089867797674,0.3861423311093983,5,0.1,0.5,0.5647129156423822,0.5559879203044945,0.5764374891682305,0.564809980539576,0.5660633303909273,1.0,0.5667114686171899,0.5697090257621021,0.5657042395904172,0.5613985726114895,0.5656313447257583,0.5641375379143676
6,6,0.18215632635601767,0.94524,5000,0.8982799627162792,0.9519807923169268,833,0.8714033751822889,0.9475,0.7740097187081935,0.08347008026854537,,,0.8918040312794827,,0.8918176798353497,0.10818232016465035,0.9676043036594094,0.38610524187343054,5,0.1,0.5,0.5591461817932522,0.5584330846136564,0.5602815291451041,0.5580927947880017,0.5545600655537601,0.5667114686171899,1.0,0.56107986896257,0.5577165246157364,0.5579311148403084,0.5690412783048481,0.5694565453656301
6,7,0.19887629656512645,0.94108,5000,0.8807230900835108,0.9519807923169268,833,0.8718233169458164,0.9474,0.7723878500406016,0.08326745688561411,,,0.8574251977349641,,0.8574418954871743,0.1425581045128257,0.9673509959815534,0.3860534035995168,5,0.1,0.5,0.5598965527889896,0.5522101835690051,0.5639974174412471,0.5550061427330946,0.5605126049448705,0.5697090257621021,0.56107986896257,1.0,0.5548918311322141,0.5606170487042768,0.5622802186435049,0.5582963516984609
6,8,0.19765656237063373,0.94112,5000,0.8848881213753311,0.9495798319327731,833,0.8718860901582736,0.9474,0.767701268164288,0.08294509156195361,,,0.802729912115291,,0.8027508659203855,0.19724913407961453,0.9668572659875474,0.3858926818897407,5,0.1,0.5,0.5582349701894255,0.5504886622224154,0.5537878163822444,0.5510881526278061,0.557893201182223,0.5657042395904172,0.5577165246157364,0.5548918311322141,1.0,0.5534255903258976,0.5582984813234276,0.5548716058269642
6,9,0.19263645928252227,0.94168,5000,0.8731138021857651,0.9459783913565426,833,0.87136616112706,0.9475,0.7712360683994012,0.08358836912283345,,,0.9118739401562947,,0.9118869534661914,0.08811304653380858,0.9676804643509677,0.3861230700151966,5,0.1,0.5,0.5562316474269766,0.5473468481951224,0.558851723175213,0.5573866542939719,0.5509238391151521,0.5613985726114895,0.5579311148403084,0.5606170487042768,0.5534255903258976,1.0,0.5715752836180091,0.5692622854601248
6,10,0.19994874778885846,0.93976,5000,0.9006163323367083,0.9387755102040817,833,0.8714284224632068,0.9475,0.7765742263805151,0.08349821802854483,,,0.8965781267137958,,0.8965965563977712,0.10340344360222875,0.9675808528372938,0.38611033390831306,5,0.1,0.5,0.5710229423076343,0.5488404350397573,0.559405323088838,0.5657103166533657,0.5624926782945296,0.5656313447257583,0.5690412783048481,0.5622802186435049,0.5582984813234276,0.5715752836180091,1.0,0.5623288034104422
6,11,0.19883522299847975,0.94064,5000,0.8719317041061543,0.9399759903961584,833,0.8714682947332486,0.9475,0.7761994120894139,0.08350342706354683,,,0.8974619365913649,,0.8974750263540987,0.1025249736459013,0.967593435883931,0.38611102739554976,5,0.1,0.5,0.5631088677606921,0.5595903068931408,0.564398451312419,0.5628575905845313,0.5647350663092628,0.5641375379143676,0.5694565453656301,0.5582963516984609,0.5548716058269642,0.5692622854601248,0.5623288034104422,1.0
7,0,0.18817857199817137,0.94424,5000,0.6432471231178001,0.9664268585131894,834,0.6729355268775464,0.9516,0.749511468198376,0.08283200794082993,,,0.7643302638796358,,0.7643391396014256,0.23566086039857437,0.963802890109926,0.37813861887978867,5,0.1,0.5,1.0,0.526359295668069,0.5318769411264374,0.5202454577621041,0.5273407001638537,0.5328627799017653,0.5284624412144632,0.526826494747946,0.5285951556715988,0.5323925420024224,0.5259491493237608,0.5312651131442895
7,1,0.17907149324751204,0.94672,5000,0.6801433629459805,0.947242206235012,834,0.673721145326718,0.9515,0.7543129263297162,0.08275820887510207,,,0.75,,0.750002509914161,0.24999749008583905,0.963321708905579,0.3780383525128838,5,0.1,0.5,0.526359295668069,1.0,0.5343036870682318,0.5318773801735897,0.5333766305990408,0.5325724229214077,0.5404775934823516,0.5228755795951937,0.5362104572785122,0.5396524219692016,0.5258937934622414,0.5342296234894668
