round,client_id,client_i_training_loss,client_i_training_accuracy,client_i_training_dataset_size,client_i_evaluation_loss,client_i_evaluation_accuracy,client_i_evaluation_dataset_size,client_i_central_evaluation_loss,client_i_central_evaluation_accuracy,client_i_cosine_similarity,client_i_importance_coefficient,client_i_tanh_val,tanh_normalization_value,client_i_q,client_i_mask_order,client_i_v_nonzero_fraction,client_i_v_sparsity,client_i_v_cosine_similarity,client_i_reward_gradient_norm,local_epochs,learning_rate,gamma,client_0_cosine_similarity,client_1_cosine_similarity,client_2_cosine_similarity,client_3_cosine_similarity,client_4_cosine_similarity,client_5_cosine_similarity,client_6_cosine_similarity,client_7_cosine_similarity,client_8_cosine_similarity,client_9_cosine_similarity,client_10_cosine_similarity,client_11_cosine_similarity
0,0,0.3594907774856895,0.88752,5000,2.185886277092828,0.4616306954436451,834,2.190061252338056,0.441,0.7864338525480411,0.08295466033528157,,,0.6964214922750859,,0.6964309020631494,0.3035690979368506,0,0.39434547991322133,5,0.1,0.5,1.0,0.58542309508272,0.5973723047274293,0.5766427170621067,0.58585319653065,0.5947459436475807,0.5851485304174401,0.582795962243804,0.5815915071973276,0.5843634218516097,0.5949152826443124,0.586765383855466
0,1,0.351270812774777,0.89008,5000,2.192920137334753,0.4352517985611511,834,2.189958863365003,0.4417,0.7874896679351243,0.0830660299139543,,,0.7206928487963762,,0.7207118116560414,0.27928818834395863,0,0.39451335820731254,5,0.1,0.5,0.58542309508272,1.0,0.5803588969998098,0.5774772776749847,0.5962846099014155,0.5885056276398857,0.5962762947190795,0.5864004675072586,0.5882546443364485,0.5751710672221949,0.5924307511904066,0.5990440459571074
0,2,0.3443177868250259,0.88996,5000,2.194711067058422,0.4460431654676259,834,2.1898509191628843,0.4418,0.788551628862084,0.0831780477368136,,,0.7451054805739125,,0.7451282566136238,0.2548717433863762,0,0.39464740810870563,5,0.1,0.5,0.5973723047274293,0.5803588969998098,1.0,0.5851157421122158,0.5941912575053633,0.5883959944036157,0.5769699643144965,0.5976744234882566,0.5783976101323896,0.5781823242083642,0.5998368259307332,0.5991991260680327
0,3,0.34875196347096166,0.89084,5000,2.185740665153221,0.45083932853717024,834,2.1900968429760432,0.441,0.7858701789795298,0.08289520288788874,,,0.6834636188529559,,0.6834747251643993,0.31652527483560067,0,0.3942431165059957,5,0.1,0.5,0.5766427170621067,0.5774772776749847,0.5851157421122158,1.0,0.5914977779785098,0.5927600389696226,0.5926362577121573,0.5882091038654206,0.5837684212655653,0.5819144238441203,0.5888284620109667,0.5914233375597246
0,4,0.3298339582362752,0.89648,5000,2.194302479426066,0.42136854741896757,833,2.1896888623222375,0.4415,0.7973685642304873,0.0841080762144971,,,0.9477914656142377,,0.9478038251091813,0.052196174890818736,0,0.3950093467605434,5,0.1,0.5,0.58585319653065,0.5962846099014155,0.5941912575053633,0.5914977779785098,1.0,0.5958047925600902,0.6089799201148237,0.6039171643343932,0.5858105717161711,0.5976784616794174,0.5949637408606951,0.604300037050235
0,5,0.33742368857844907,0.89596,5000,2.1866630095022694,0.4645858343337335,833,2.189727191346141,0.4411,0.7922506429051791,0.0835682273463589,,,0.8301393697514977,,0.8301591285578033,0.16984087144219673,0,0.39491676881472315,5,0.1,0.5,0.5947459436475807,0.5885056276398857,0.5883959944036157,0.5927600389696226,0.5958047925600902,1.0,0.5940492280966461,0.5770466205747676,0.6017714154724859,0.5853350637918702,0.599989757627989,0.5923576938532369
0,6,0.3422160538210041,0.89116,5000,2.1918748308111122,0.42737094837935174,833,2.189726962829931,0.4412,0.7922861204114032,0.08357196958668696,,,0.8309549358178622,,0.8309723407459465,0.1690276592540535,0,0.39491794093258975,5,0.1,0.5,0.5851485304174401,0.5962762947190795,0.5769699643144965,0.5926362577121573,0.6089799201148237,0.5940492280966461,1.0,0.5889207948370306,0.5961033033194837,0.585132335586093,0.5840647800513828,0.6028171026200057
0,7,0.3474118848254157,0.89244,5000,2.1891840475576894,0.4129651860744298,833,2.1898720668146785,0.4415,0.7883207276765731,0.08315369180483916,,,0.7397974645483046,,0.7398072385924401,0.26019276140755987,0,0.3946206850718231,5,0.1,0.5,0.582795962243804,0.5864004675072586,0.5976744234882566,0.5882091038654206,0.6039171643343932,0.5770466205747676,0.5889207948370306,1.0,0.5875633718879684,0.5831829547390331,0.5854001349345622,0.5923944602559188
0,8,0.34995842447421355,0.8908,5000,2.1975797105718544,0.43577430972388953,833,2.1898562306413254,0.4418,0.7884646840713178,0.08316887662145207,,,0.7431067712918056,,0.7431253451131972,0.25687465488680283,0,0.3946376440068369,5,0.1,0.5,0.5815915071973276,0.5882546443364485,0.5783976101323896,0.5837684212655653,0.5858105717161711,0.6017714154724859,0.5961033033194837,0.5875633718879684,1.0,0.5818106462752368,0.5902614392931906,0.5995372743568178
0,9,0.3391509379028894,0.8938,5000,2.188551487746062,0.4381752701080432,833,2.1906194816382167,0.4386,0.7822394724316984,0.08251222849344145,,,0.6,,0.6,0.4,0,0.39322413766138736,5,0.1,0.5,0.5843634218516097,0.5751710672221949,0.5781823242083642,0.5819144238441203,0.5976784616794174,0.5853350637918702,0.585132335586093,0.5831829547390331,0.5818106462752368,1.0,0.5815362756364144,0.5815464497123314
0,10,0.3449809426192645,0.89332,5000,2.1915035601015442,0.453781512605042,833,2.1897187164416327,0.441,0.7935451910131803,0.08370477894346905,,,0.8598987756548935,,0.8599066311932132,0.1400933688067868,0,0.3949597629535078,5,0.1,0.5,0.5949152826443124,0.5924307511904066,0.5998368259307332,0.5888284620109667,0.5949637408606951,0.599989757627989,0.5840647800513828,0.5854001349345622,0.5902614392931906,0.5815362756364144,1.0,0.6108074142335775
0,11,0.3458184654521904,0.8876,5000,2.18804074216772,0.45138055222088835,833,2.1896878294289683,0.4415,0.7974646365021482,0.08411821011531717,,,0.9499999997820647,,0.9500025099141609,0.04999749008583909,0,0.3950096536147739,5,0.1,0.5,0.586765383855466,0.5990440459571074,0.5991991260680327,0.5914233375597246,0.604300037050235,0.5923576938532369,0.6028171026200057,0.5923944602559188,0.5995372743568178,0.5815464497123314,0.6108074142335775,1.0
1,0,0.3191340197577693,0.90196,5000,2.0262560800269798,0.7601918465227818,834,2.0334148879249256,0.7374,0.810880313680751,0.08293215796850137,,,0.6,,0.6,0.4,0.9573873464007939,0.4055540730443981,5,0.1,0.5,1.0,0.6244251452862938,0.6312701729198292,0.6282072111005638,0.631664536833994,0.6336812514197006,0.6288555397913915,0.6272364687324318,0.6323713955991214,0.6357344151732357,0.6335714161374348,0.6274114114063163
1,1,0.30712564210199816,0.9074,5000,2.0400690325984248,0.7086330935251799,834,2.0331900119781494,0.7363,0.8096639472085615,0.08296341468589288,,,0.6098262882292933,,0.6098388635108679,0.3901611364891321,0.9575765814073981,0.4057454750223217,5,0.1,0.5,0.6244251452862938,1.0,0.6287762267364656,0.6223672653185491,0.6306819804664641,0.6346918014671966,0.6249624495711844,0.628049874849813,0.627248587752161,0.6345594181937928,0.6369632373740641,0.6292313835364532
1,2,0.2994534976471951,0.90912,5000,2.0420067089575307,0.7410071942446043,834,2.0324827215542047,0.739,0.8128814447415946,0.08314914498611167,,,0.6682150000061244,,0.668229506550876,0.331770493449124,0.9591261047599469,0.4066087982009669,5,0.1,0.5,0.6312701729198292,0.6287762267364656,1.0,0.6197434969430162,0.6433485051192537,0.6247658284363165,0.6236583686914656,0.6398393108766233,0.6301479562004283,0.6478789006480402,0.6311735621443804,0.6324217679575032
1,3,0.3049074998555503,0.90788,5000,2.0281734069188437,0.750599520383693,834,2.0333631933687593,0.7361,0.8126027307134532,0.08295275102216099,,,0.606473913375038,,0.6064906380201797,0.39350936197982034,0.95763903620274,0.40568147345082917,5,0.1,0.5,0.6282072111005638,0.6223672653185491,0.6197434969430162,1.0,0.636296697223561,0.6332769843881338,0.6283359139998382,0.6375783709367357,0.6341469939961281,0.6386337785650522,0.642198284944477,0.6306760478807546
1,4,0.29089541687944515,0.91152,5000,2.0357141936266863,0.7490996398559424,833,2.031462491129915,0.743,0.8210100075825375,0.08404548283969646,,,0.9499999996856263,,0.9500025099141609,0.04999749008583909,0.9611399240771771,0.4076174310714789,5,0.1,0.5,0.631664536833994,0.6306819804664641,0.6433485051192537,0.636296697223561,1.0,0.64453007105372,0.6314610748689805,0.6479008774939199,0.6412342246448028,0.6434360694864929,0.6435153612937627,0.6344333762557539
1,5,0.30030488775699005,0.90796,5000,2.024684958987766,0.7623049219687875,833,2.0317325534911963,0.7427,0.8164904687635688,0.08353209732422853,,,0.7886051230405933,,0.7886200491943176,0.2113799508056824,0.9606943441239848,0.40742085687496676,5,0.1,0.5,0.6336812514197006,0.6346918014671966,0.6247658284363165,0.6332769843881338,0.64453007105372,1.0,0.633977047068858,0.6355810756807966,0.6304829679124672,0.6417187234547851,0.6385277738399376,0.6352719641323253
1,6,0.2991625781670794,0.90648,5000,2.0335833408214428,0.7250900360144058,833,2.0319121565681675,0.7417,0.8113554223309513,0.08335616080370115,,,0.7332953175000277,,0.7333065609156166,0.26669343908438337,0.9601914358762218,0.4071652293780329,5,0.1,0.5,0.6288555397913915,0.6249624495711844,0.6236583686914656,0.6283359139998382,0.6314610748689805,0.633977047068858,1.0,0.6357254683048833,0.6348623002969386,0.6362154117884712,0.6308976443648089,0.6274055331065114
1,7,0.305291639330091,0.90524,5000,2.0295107099745007,0.7298919567827131,833,2.0322767065736813,0.7401,0.8176537086480558,0.08329886991714505,,,0.7152845725724508,,0.7153054565533858,0.28469454344661416,0.959744416747317,0.4070435390332798,5,0.1,0.5,0.6272364687324318,0.628049874849813,0.6398393108766233,0.6375783709367357,0.6479008774939199,0.6355810756807966,0.6357254683048833,1.0,0.6328173855531293,0.6413798762905452,0.6342503768829802,0.6392852992867335
1,8,0.3126018572385144,0.90308,5000,2.043797016143799,0.737094837935174,833,2.032354711724546,0.7401,0.8150638778526302,0.08321891521831934,,,0.6901489223342373,,0.6901661563174539,0.3098338436825461,0.9594474819063129,0.406833463292761,5,0.1,0.5,0.6323713955991214,0.627248587752161,0.6301479562004283,0.6341469939961281,0.6412342246448028,0.6304829679124672,0.6348623002969386,0.6328173855531293,1.0,0.6342367766210152,0.6327084238072754,0.6439406343625378
1,9,0.3073141946095475,0.90388,5000,2.0297400244960078,0.7298919567827131,833,2.0340644022146352,0.734,0.8203583598090661,0.08296939692780579,,,0.6117069474347143,,0.6117263189598916,0.3882736810401084,0.9567878486435939,0.4057811086202768,5,0.1,0.5,0.6357344151732357,0.6345594181937928,0.6478789006480402,0.6386337785650522,0.6434360694864929,0.6417187234547851,0.6362154117884712,0.6413798762905452,0.6342367766210152,1.0,0.6324367400976431,0.6427154235479375
1,10,0.30126958603312254,0.91044,5000,2.0295526760595815,0.7478991596638656,833,2.0316080026352368,0.743,0.8180184701901032,0.0836753246422982,,,0.8336320173248684,,0.8336479092415039,0.1663520907584961,0.9609219458133922,0.40753459049412644,5,0.1,0.5,0.6335714161374348,0.6369632373740641,0.6311735621443804,0.642198284944477,0.6435153612937627,0.6385277738399376,0.6308976443648089,0.6342503768829802,0.6327084238072754,0.6324367400976431,1.0,0.6445253965098321
1,11,0.3026234969330631,0.90696,5000,2.0315657324261136,0.7274909963985594,833,2.0314889213147636,0.743,0.816810922874024,0.08390628366413856,,,0.9062394472520813,,0.9062597259173736,0.09374027408262642,0.9611213269251024,0.4076064308447474,5,0.1,0.5,0.6274114114063163,0.6292313835364532,0.6324217679575032,0.6306760478807546,0.6344333762557539,0.6352719641323253,0.6274055331065114,0.6392852992867335,0.6439406343625378,0.6427154235479375,0.6445253965098321,1.0
2,0,0.2852636875644041,0.91536,5000,1.8279796264789723,0.8621103117505995,834,1.8392921282460515,0.8561,0.8097169217233657,0.08290894171200314,,,0.6,,0.6,0.4,0.9653618053340207,0.4049057898838957,5,0.1,0.5,1.0,0.626988283059585,0.6304499734841916,0.6261262095833027,0.6366742462314418,0.6382077121314013,0.6221053503959442,0.6280839691200198,0.6258618807303428,0.6272551929264348,0.6256439407415594,0.6266766747354197
2,1,0.27916462207984205,0.91756,5000,1.8489053116904364,0.8465227817745803,834,1.838225833143289,0.8562,0.8166019068100158,0.08316888022746702,,,0.6738820944107823,,0.6738918728979469,0.32610812710205306,0.9658142889904245,0.4060916281315393,5,0.1,0.5,0.626988283059585,1.0,0.6419522324874529,0.6286389803221214,0.6444684004171245,0.6362148365618513,0.6266914368753665,0.6322788238935947,0.6373927604067386,0.6358332933659862,0.6335009363120974,0.6371764770291088
2,2,0.269728035893837,0.91892,5000,1.8524519734912448,0.8621103117505995,834,1.8371024333630888,0.8577,0.8165593011280574,0.08329005050272904,,,0.7083222146088733,,0.7083329150143065,0.2916670849856935,0.967221872800158,0.4064421548432686,5,0.1,0.5,0.6304499734841916,0.6419522324874529,1.0,0.6342977631748841,0.6446057236943364,0.6335475585220999,0.6245444129009795,0.6312883352256842,0.6371868124553626,0.6320349478487544,0.6330634919795282,0.6369849987440734
2,3,0.2699733991140298,0.92092,5000,1.833412488301595,0.8717026378896883,834,1.8387715012882464,0.8549,0.8124894724477068,0.08301890473426857,,,0.631254692588403,,0.6312735304452588,0.3687264695547412,0.9657679731019219,0.4054959301905604,5,0.1,0.5,0.6261262095833027,0.6286389803221214,0.6342977631748841,1.0,0.6419402349489836,0.6258517528984501,0.6222249510839483,0.6292559972434911,0.6314611075498862,0.6333101553573678,0.6355395510405085,0.6323821346206274
2,4,0.2614153094720214,0.92112,5000,1.8384360428209658,0.8559423769507803,833,1.8349321551216295,0.8606,0.8239931988868722,0.08414034264972749,,,0.9499999997157709,,0.9500025099141609,0.04999749008583909,0.9696510189769816,0.4071547872346428,5,0.1,0.5,0.6366742462314418,0.6444684004171245,0.6446057236943364,0.6419402349489836,1.0,0.6492100737417007,0.6345199360325191,0.640506809632963,0.6391311394685247,0.6384101125309399,0.6386487655584293,0.6406824791981953
2,5,0.2705166748635898,0.91868,5000,1.8245287780408506,0.8691476590636255,833,1.835635085837148,0.86,0.8168899169362427,0.08355443254050299,,,0.7834672874368503,,0.7834747251643994,0.21652527483560058,0.96899836035117,0.40689903272128486,5,0.1,0.5,0.6382077121314013,0.6362148365618513,0.6335475585220999,0.6258517528984501,0.6492100737417007,1.0,0.6319811473528522,0.6331027873094431,0.6368218847735312,0.6323914746295087,0.630903248028267,0.6332388221649967
2,6,0.2656118238125305,0.92032,5000,1.837460994720459,0.8559423769507803,833,1.8366285935758402,0.8588,0.8065773662307973,0.08307982160879239,,,0.6485690419711678,,0.6485818984990713,0.35141810150092867,0.9669162274873787,0.405766430812051,5,0.1,0.5,0.6221053503959442,0.6266914368753665,0.6245444129009795,0.6222249510839483,0.6345199360325191,0.6319811473528522,1.0,0.6291383523600973,0.6287474875344417,0.6208653322861716,0.6163819924099445,0.6243031322574752
2,7,0.27720949190971295,0.91316,5000,1.8322863048977323,0.8703481392557023,833,1.8368097014320544,0.8584,0.8144429689555877,0.08331536852416316,,,0.715518333454714,,0.7155413884845139,0.2844586115154861,0.9680229688975568,0.4065039580810069,5,0.1,0.5,0.6280839691200198,0.6322788238935947,0.6312883352256842,0.6292559972434911,0.640506809632963,0.6331027873094431,0.6291383523600973,1.0,0.6342851634503225,0.6297027473214475,0.6324478028649411,0.6384583608274899
2,8,0.27608490035792066,0.91668,5000,1.851720756954617,0.8535414165666266,833,1.8369305727961727,0.8584,0.8148067021384632,0.08327521074130169,,,0.7041043223398009,,0.7041212790522564,0.2958787209477436,0.967636227571174,0.4064058304173728,5,0.1,0.5,0.6258618807303428,0.6373927604067386,0.6371868124553626,0.6314611075498862,0.6391311394685247,0.6368218847735312,0.6287474875344417,0.6342851634503225,1.0,0.6255067173623076,0.6300258609366236,0.6360796022156521
2,9,0.26898544067694885,0.91808,5000,1.8336023533785786,0.8619447779111644,833,1.839787954339585,0.8539,0.8112521156178438,0.08298689112759128,,,0.6221554934691799,,0.622172581697706,0.37782741830229405,0.9658023010659545,0.4053401448246713,5,0.1,0.5,0.6272551929264348,0.6358332933659862,0.6320349478487544,0.6333101553573678,0.6384101125309399,0.6323914746295087,0.6208653322861716,0.6297027473214475,0.6255067173623076,1.0,0.6246721289231556,0.6289895611741676
2,10,0.2761436888927321,0.9168,5000,1.8310168628339414,0.8475390156062425,833,1.8355186724434265,0.8605,0.8123675962274668,0.08349183616496103,,,0.7656755749647283,,0.7656944932483309,0.23430550675166906,0.9689802486059526,0.4068222937118812,5,0.1,0.5,0.6256439407415594,0.6335009363120974,0.6330634919795282,0.6355395510405085,0.6386487655584293,0.630903248028267,0.6163819924099445,0.6324478028649411,0.6300258609366236,0.6246721289231556,1.0,0.6358221697078112
2,11,0.26873795223084224,0.91628,5000,1.8371600398310908,0.8451380552220888,833,1.835068054092578,0.8608,0.8159630301578166,0.0837693194664923,,,0.8445444084062169,,0.8445559961849305,0.1554440038150695,0.9695037235941583,0.4070721042293596,5,0.1,0.5,0.6266766747354197,0.6371764770291088,0.6369849987440734,0.6323821346206274,0.6406824791981953,0.6332388221649967,0.6243031322574752,0.6384583608274899,0.6360796022156521,0.6289895611741676,0.6358221697078112,1.0
3,0,0.26162925407314186,0.92144,5000,1.5989831156200833,0.9064748201438849,834,1.6146882037385204,0.9005,0.8101452640452502,0.08307997916492611,,,0.6349745972814526,,0.6349831835751217,0.36501681642487827,0.9664480188607386,0.4029699158831122,5,0.1,0.5,1.0,0.6156234112665409,0.626906030237713,0.6259968716638401,0.633150377789493,0.630069025213545,0.6247248251903427,0.6279412553123448,0.6211977634452883,0.6222847100416921,0.6252329773314397,0.6171403349679594
3,1,0.25570604040578104,0.92432,5000,1.6276928230568215,0.9052757793764988,834,1.6140713977356689,0.9006,0.8016664502461892,0.08295668757334311,,,0.6,,0.6,0.4,0.9665603501128784,0.4022925172992017,5,0.1,0.5,0.6156234112665409,1.0,0.6209131673059255,0.6120307196318686,0.6265530079614741,0.6223056091046753,0.6157163209009402,0.6124581716054756,0.6130740837437308,0.6146768530469713,0.6192108253496004,0.6141447724563263
3,2,0.24575864342604853,0.9264,5000,1.6318550904591878,0.9040767386091128,834,1.6114476823959107,0.9019,0.8110335311898975,0.08336311013752748,,,0.7152914430411436,,0.7153104763817077,0.28468952361829225,0.96893925781959,0.40396469681410035,5,0.1,0.5,0.626906030237713,0.6209131673059255,1.0,0.6251142126212256,0.6354271169508867,0.6199892873283641,0.6192769922359292,0.6283088763415903,0.621060162980382,0.625208673536026,0.6291376104467776,0.6258010186224361
3,3,0.24655513058588574,0.92784,5000,1.6081008513768513,0.9124700239808153,834,1.6139400005340576,0.9003,0.8089474367100892,0.08311102756173172,,,0.6437822147399378,,0.6437980021083279,0.35620199789167206,0.9673918007922484,0.4031148861029921,5,0.1,0.5,0.6259968716638401,0.6120307196318686,0.6251142126212256,1.0,0.6338253657581499,0.6222458597461974,0.6191938689876564,0.6264996861658313,0.6249058414691043,0.6227468554837837,0.6281461390677991,0.6174214508547585
3,4,0.23976660059753116,0.9288,5000,1.6118363804287381,0.8979591836734694,833,1.6078562694616592,0.9042,0.8186341958129731,0.08419049897857007,,,0.9499999997163261,,0.9500025099141609,0.04999749008583909,0.9707546542442699,0.4046797863478398,5,0.1,0.5,0.633150377789493,0.6265530079614741,0.6354271169508867,0.6338253657581499,1.0,0.6322475698820526,0.6248179395621137,0.6351006331777903,0.6316440847477038,0.6317883957230672,0.635018012579613,0.6277461985228282
3,5,0.2479017116995469,0.92616,5000,1.5949269709763703,0.907563025210084,833,1.6092610073546632,0.9033,0.8106061673488109,0.08352317739019899,,,0.760698332742666,,0.7607148235530344,0.23928517644696556,0.9697500202308522,0.40428334537048694,5,0.1,0.5,0.630069025213545,0.6223056091046753,0.6199892873283641,0.6222458597461974,0.6322475698820526,1.0,0.6238444197669134,0.6263396829413758,0.6233571829496166,0.6239718282678454,0.6281028734086241,0.6193976904372476
3,6,0.24352716367786667,0.92664,5000,1.6112799247105916,0.9039615846338536,833,1.6115704931009311,0.9024,0.8058542147094955,0.08304360687051149,,,0.6246567294283354,,0.6246724562019978,0.37532754379800215,0.9674265214565992,0.40279156294203655,5,0.1,0.5,0.6247248251903427,0.6157163209009402,0.6192769922359292,0.6191938689876564,0.6248179395621137,0.6238444197669134,1.0,0.6222047998567828,0.6251794923296743,0.6194115112715157,0.6156458321860099,0.6178774999571288
3,7,0.25200501033431216,0.92324,5000,1.6041764462435688,0.9063625450180072,833,1.6109752316063586,0.9025,0.8114826777798815,0.08339550704852076,,,0.724481598676294,,0.7244917423824105,0.27550825761758946,0.9690421555201653,0.40403987051667994,5,0.1,0.5,0.6279412553123448,0.6124581716054756,0.6283088763415903,0.6264996861658313,0.6351006331777903,0.6263396829413758,0.6222047998567828,1.0,0.6232801885094258,0.6303949158264276,0.6285843086254447,0.6203218497528703
3,8,0.25227411351920026,0.92368,5000,1.6294019752078586,0.9027611044417767,833,1.611435264444199,0.9022,0.8082124783935504,0.08325503760299739,,,0.6846340938752755,,0.6846443451633955,0.31535565483660455,0.9685392200699677,0.403660465235763,5,0.1,0.5,0.6211977634452883,0.6130740837437308,0.621060162980382,0.6249058414691043,0.6316440847477038,0.6233571829496166,0.6251794923296743,0.6232801885094258,1.0,0.6272195274201577,0.6190740869969495,0.6198767965113378
3,9,0.24748109327213969,0.92624,5000,1.6090185642242432,0.9039615846338536,833,1.615244716881944,0.8997,0.8087359250465258,0.0830824763511999,,,0.6356829836615883,,0.6357060388534712,0.3642939611465288,0.9671936472076151,0.4029843878993309,5,0.1,0.5,0.6222847100416921,0.6146768530469713,0.625208673536026,0.6227468554837837,0.6317883957230672,0.6239718282678454,0.6194115112715157,0.6303949158264276,0.6272195274201577,1.0,0.6195849861628856,0.6189422211511479
3,10,0.24692867434921728,0.9272,5000,1.6027932873478643,0.8835534213685474,833,1.6091751001132564,0.9035,0.8109403682737932,0.083493394649924,,,0.7522497489124013,,0.752261432659003,0.24773856734099697,0.9695873696798435,0.40423324664988447,5,0.1,0.5,0.6252329773314397,0.6192108253496004,0.6291376104467776,0.6281461390677991,0.635018012579613,0.6281028734086241,0.6156458321860099,0.6285843086254447,0.6190740869969495,0.6195849861628856,1.0,0.6275397656679977
3,11,0.2478304714226953,0.92508,5000,1.6132458536713212,0.8967587034813925,833,1.6085852354098433,0.9038,0.8060156620813266,0.0835054966705487,,,0.755682775384086,,0.7557050348878068,0.24429496511219317,0.9697959909680746,0.40425419952533637,5,0.1,0.5,0.6171403349679594,0.6141447724563263,0.6258010186224361,0.6174214508547585,0.6277461985228282,0.6193976904372476,0.6178774999571288,0.6203218497528703,0.6198767965113378,0.6189422211511479,0.6275397656679977,1.0
4,0,0.24193693907741623,0.92856,5000,1.3505288627412584,0.9292565947242206,834,1.3702335239599308,0.9212,0.8018931237348236,0.08324322633389666,,,0.7248814870241383,,0.7248933286481603,0.27510667135183975,0.9678932716748213,0.3991413130713882,5,0.1,0.5,1.0,0.601122568120617,0.6116284338038294,0.6086678010851363,0.6171040096351388,0.6182210885190905,0.6062993289806696,0.6023781166782138,0.60976370713316,0.6059579423627232,0.599407812286369,0.6154235286217169
4,1,0.2368579884884274,0.9304,5000,1.3865281608369615,0.9232613908872902,834,1.370945852023725,0.9208,0.7906342067241202,0.08276758226967953,,,0.6,,0.6,0.4,0.9667553623568124,0.39723320667613427,5,0.1,0.5,0.601122568120617,1.0,0.6084989160973907,0.5914805600866389,0.6063649378858724,0.6008547728690004,0.6048233409137769,0.5923450739896261,0.5962782355938333,0.5983854088088069,0.5875169736361675,0.6009784258358365
4,2,0.22861449711001033,0.92996,5000,1.3908157745997112,0.920863309352518,834,1.3663976805659528,0.922,0.8006491976626565,0.08338784728700074,,,0.7628520642628382,,0.7628683299031173,0.23713167009688274,0.9699223517395721,0.3994190350758227,5,0.1,0.5,0.6116284338038294,0.6084989160973907,1.0,0.6027823524082432,0.6088478207597745,0.5973520624357008,0.6072785317256061,0.6095479590857735,0.6095797068529601,0.6150288226484327,0.5999623972772773,0.612391647246357
4,3,0.23296130965256198,0.9322,5000,1.363144622908698,0.9280575539568345,834,1.3701522411248934,0.9206,0.7941818390117837,0.08299419161531378,,,0.6594968258522261,,0.6595050449274635,0.34049495507253646,0.9684914465323091,0.39836837637749645,5,0.1,0.5,0.6086678010851363,0.5914805600866389,0.6027823524082432,1.0,0.6004882225936946,0.6022188512126024,0.5982300059890097,0.6036886638372285,0.6023837541176906,0.6070948484688601,0.5949280094117811,0.6100224526712286
4,4,0.2125290579749805,0.93552,5000,1.3667216963238187,0.9195678271308524,833,1.3617574094583431,0.9234,0.8053120122262127,0.0841006495346372,,,0.9499999997374475,,0.9500025099141609,0.04999749008583909,0.971707357389893,0.39982885012763025,5,0.1,0.5,0.6171040096351388,0.6063649378858724,0.6088478207597745,0.6004882225936946,1.0,0.6134650037695273,0.6137146383607601,0.61167337214941,0.6083226707372713,0.6214358472299994,0.6098995498668488,0.6124270633898992
4,5,0.22606958139711505,0.93316,5000,1.3460841487955164,0.9231692677070829,833,1.363700232566736,0.9228,0.8006011654835045,0.08349252132937804,,,0.7903344845184541,,0.7903518899653632,0.2096481100346368,0.9705922796674165,0.39955805767315866,5,0.1,0.5,0.6182210885190905,0.6008547728690004,0.5973520624357008,0.6022188512126024,0.6134650037695273,1.0,0.6106662705650626,0.6056876466252683,0.60705333528961,0.6113439624703467,0.6032730222192185,0.6114615582312476
4,6,0.21983930364986703,0.93456,5000,1.3647065295113459,0.9279711884753902,833,1.3667519324884627,0.9224,0.8016079785827908,0.08320908788510338,,,0.7159183556182632,,0.7159329350936198,0.28406706490638023,0.9675277122151545,0.3990589576625058,5,0.1,0.5,0.6062993289806696,0.6048233409137769,0.6072785317256061,0.5982300059890097,0.6137146383607601,0.6106662705650626,1.0,0.612855856807738,0.6127250331009095,0.613192570982445,0.6027574899212695,0.6109289787984639
4,7,0.23344101747616555,0.9302,5000,1.3565797496725012,0.9267707082833133,833,1.3658594110141546,0.922,0.7996592575780941,0.08337475453142142,,,0.7594145299614671,,0.7594247276743136,0.24057527232568643,0.9700991516133343,0.39939816011694296,5,0.1,0.5,0.6023781166782138,0.5923450739896261,0.6095479590857735,0.6036886638372285,0.61167337214941,0.6056876466252683,0.612855856807738,1.0,0.6152734696099256,0.6059579565557242,0.6016351088070432,0.6120523678942662
4,8,0.2339948163350012,0.92904,5000,1.3872976435555353,0.9303721488595438,833,1.3663749553905888,0.9227,0.8003141102592831,0.08330432245249288,,,0.7409224191321762,,0.7409366999648612,0.2590633000351388,0.9693994886528312,0.3992717920148815,5,0.1,0.5,0.60976370713316,0.5962782355938333,0.6095797068529601,0.6023837541176906,0.6083226707372713,0.60705333528961,0.6127250331009095,0.6152734696099256,1.0,0.6096923348227881,0.5927244819762086,0.6163184745238753
4,9,0.22869875179277435,0.93072,5000,1.3649517165289984,0.9147659063625451,833,1.370692046305623,0.9206,0.8034318753518979,0.08329869581218817,,,0.7394451312586099,,0.7394508307815872,0.26054916921841276,0.9677912430811408,0.39926042046351007,5,0.1,0.5,0.6059579423627232,0.5983854088088069,0.6150288226484327,0.6070948484688601,0.6214358472299994,0.6113439624703467,0.613192570982445,0.6059579565557242,0.6096923348227881,1.0,0.6042116367595086,0.618386213613818
4,10,0.23273096682064853,0.9322,5000,1.3578817954769842,0.907563025210084,833,1.3639757831256611,0.923,0.7923359142852754,0.08318369623195028,,,0.7092517163341601,,0.7092666030821746,0.2907333969178254,0.969990082502136,0.3989944948642944,5,0.1,0.5,0.599407812286369,0.5875169736361675,0.5999623972772773,0.5949280094117811,0.6098995498668488,0.6032730222192185,0.6027574899212695,0.6016351088070432,0.5927244819762086,0.6042116367595086,1.0,0.6059606088048863
4,11,0.22415414970890163,0.93088,5000,1.3695650277314362,0.9159663865546218,833,1.3628034545971563,0.9232,0.8052523132619117,0.08364342471693793,,,0.8299545299540614,,0.8299633552532504,0.17003664474674962,0.9705790345951977,0.39969440266375367,5,0.1,0.5,0.6154235286217169,0.6009784258358365,0.612391647246357,0.6100224526712286,0.6124270633898992,0.6114615582312476,0.6109289787984639,0.6120523678942662,0.6163184745238753,0.618386213613818,0.6059606088048863,1.0
5,0,0.22301523257640138,0.93528,5000,1.1017681823836432,0.9436450839328537,834,1.1250868479664715,0.9363,0.7833884207931169,0.08317048723953722,,,0.7031583794298613,,0.7031775513277446,0.2968224486722554,0.9680473461545911,0.3922644438503,5,0.1,0.5,1.0,0.5795285214209918,0.5857513789430011,0.5765436479579987,0.5816181677988271,0.581399220252694,0.5776791614175015,0.5751039922701114,0.5823408714866659,0.5823858196401889,0.5870331377003764,0.582926908885379
5,1,0.21830283929682842,0.93544,5000,1.1435286159868594,0.9364508393285371,834,1.1273074460486634,0.9354,0.7825272820478146,0.08282239025517096,,,0.6,,0.6,0.4,0.9648810688881437,0.390568806387943,5,0.1,0.5,0.5795285214209918,1.0,0.5906054981961217,0.5731128062066977,0.5872212537392595,0.5821039728210629,0.5752643485951934,0.5728837912589558,0.5792176580635346,0.5813846538680243,0.5827105387234062,0.5824720566693976
5,2,0.2095290456619707,0.93708,5000,1.1484255724483066,0.934052757793765,834,1.1205191579870522,0.937,0.7907562816987513,0.0835262254343848,,,0.808581228032215,,0.8085989659153657,0.19140103408463427,0.9691037085110995,0.39296509304821853,5,0.1,0.5,0.5857513789430011,0.5906054981961217,1.0,0.5782457973450951,0.5888940822245881,0.5832224621898766,0.5777783988001152,0.592049775261833,0.5870204089127699,0.5942364791369854,0.5953170431029849,0.5879981833142118
5,3,0.21124650073937692,0.9362,5000,1.1182350957835163,0.9388489208633094,834,1.126277519491153,0.9359,0.7802733995474389,0.08289454238073612,,,0.6213822488559407,,0.6213995281361377,0.37860047186386225,0.9661490822475204,0.3910332998611393,5,0.1,0.5,0.5765436479579987,0.5731128062066977,0.5782457973450951,1.0,0.5801055978809331,0.5777097877441537,0.5693898518010312,0.5838073477770774,0.58143442623906,0.5780106744381939,0.5812872370784641,0.5844838187583654
5,4,0.19570407937725734,0.9418,5000,1.1220314745549802,0.9399759903961584,833,1.115521418591277,0.9375,0.7907826217877016,0.08400342804481431,,,0.9499999997036505,,0.9500025099141609,0.04999749008583909,0.9701362492303551,0.3931556393584183,5,0.1,0.5,0.5816181677988271,0.5872212537392595,0.5888940822245881,0.5801055978809331,1.0,0.5932062768046775,0.5839166683384591,0.5883933390995956,0.5886719070594387,0.593114353239396,0.588792777303999,0.5838928586630266
5,5,0.207485364015054,0.93924,5000,1.0984166948883622,0.9327731092436975,833,1.1177640787709635,0.9372,0.786761814632237,0.08345569221852434,,,0.7876787423143655,,0.7876964007830932,0.21230359921690678,0.9693210065160884,0.39288127152181923,5,0.1,0.5,0.581399220252694,0.5821039728210629,0.5832224621898766,0.5777097877441537,0.5932062768046775,1.0,0.5824321278505765,0.5813134187029283,0.5838334619062614,0.5854294234170695,0.5904110428297238,0.5817613890420867
5,6,0.21100220013955595,0.93532,5000,1.1179825177899114,0.9459783913565426,833,1.1221061310829066,0.9367,0.779930391029958,0.08302606798653663,,,0.6603598009672064,,0.6603784950554691,0.3396215049445309,0.9672640186066862,0.3917158983832524,5,0.1,0.5,0.5776791614175015,0.5752643485951934,0.5777783988001152,0.5693898518010312,0.5839166683384591,0.5824321278505765,1.0,0.5816599721372799,0.5853925268947995,0.5724528458163444,0.5742418408738444,0.5795541047228326
5,7,0.20807994891693637,0.938,5000,1.108990243187657,0.9399759903961584,833,1.1200775677403703,0.9374,0.7859694521906869,0.08334913836995071,,,0.7561015588438407,,0.7561216806385221,0.24387831936147786,0.9689029241079369,0.39271383727079784,5,0.1,0.5,0.5751039922701114,0.5728837912589558,0.592049775261833,0.5838073477770774,0.5883933390995956,0.5813134187029283,0.5816599721372799,1.0,0.5868140778929312,0.5859694725782237,0.5855823745409479,0.582343395085385
5,8,0.2164047020027758,0.93412,5000,1.1445922542501379,0.9423769507803121,833,1.1205799038798665,0.9367,0.7889550468822072,0.08340707209760313,,,0.7732701920907936,,0.7732794538426786,0.2267205461573214,0.9688064109165216,0.3928122388709407,5,0.1,0.5,0.5823408714866659,0.5792176580635346,0.5870204089127699,0.58143442623906,0.5886719070594387,0.5838334619062614,0.5853925268947995,0.5868140778929312,1.0,0.5874630859226275,0.5862120263168201,0.5960346255219074
5,9,0.2075344415234734,0.93784,5000,1.1194055124565407,0.9339735894357744,833,1.1250516166702247,0.9361,0.7879516908503548,0.08336802741752583,,,0.7616993193081272,,0.7617137693890869,0.23828623061091314,0.9687968061082334,0.39274780526762837,5,0.1,0.5,0.5823858196401889,0.5813846538680243,0.5942364791369854,0.5780106744381939,0.593114353239396,0.5854294234170695,0.5724528458163444,0.5859694725782237,0.5874630859226275,1.0,0.5844430021621073,0.590057993273148
5,10,0.20758236003802366,0.93864,5000,1.113709599883468,0.9267707082833133,833,1.1180917727299773,0.9373,0.7893182778807142,0.08333924650321699,,,0.7531701087376442,,0.7531850810702274,0.2468149189297726,0.968452064944429,0.39269467091014176,5,0.1,0.5,0.5870331377003764,0.5827105387234062,0.5953170431029849,0.5812872370784641,0.588792777303999,0.5904110428297238,0.5742418408738444,0.5855823745409479,0.5862120263168201,0.5844430021621073,1.0,0.5924355928630761
5,11,0.20675278716857076,0.93524,5000,1.1244223868405376,0.929171668667467,833,1.116665369405533,0.9373,0.7890696557254692,0.08363768205199876,,,0.8416113448277451,,0.8416294362732795,0.15837056372672054,0.9697460477225559,0.39305442692700326,5,0.1,0.5,0.582926908885379,0.5824720566693976,0.5879981833142118,0.5844838187583654,0.5838928586630266,0.5817613890420867,0.5795541047228326,0.582343395085385,0.5960346255219074,0.590057993273148,0.5924355928630761,1.0
6,0,0.2094292124697737,0.93804,5000,0.8682638097692419,0.9544364508393285,834,0.8942313731287996,0.9434,0.7693687348021023,0.08309411950180494,,,0.6839781970541038,,0.6839867476532303,0.3160132523467697,0.9661669661225313,0.38536741478187453,5,0.1,0.5,1.0,0.5540315717218718,0.554273393791715,0.5597886182339763,0.562980860733977,0.5660516611360709,0.5585044937887197,0.5532744525833992,0.5658287649217867,0.5541340137488792,0.5516862233024602,0.55731799065768
6,1,0.20281180012852523,0.93968,5000,0.9131526240596065,0.9424460431654677,834,0.8972959617456309,0.9433,0.7691196071195837,0.0828514098739844,,,0.6,,0.6,0.4,0.963248950136245,0.38386982027363215,5,0.1,0.5,0.5540315717218718,1.0,0.5587933166046973,0.556682329912649,0.5630859236434185,0.5628387395604354,0.5600794331202406,0.5521959053206024,0.5592981495294076,0.5536928802273162,0.5564373123383481,0.5602662580807173
6,2,0.1976330221523857,0.9408,5000,0.9192146769276371,0.9436450839328537,834,0.8892759496030717,0.9437,0.7696030838446738,0.08334144089271191,,,0.7695520767876163,,0.7695647808844938,0.23043521911550624,0.9678980980933641,0.3861299578932158,5,0.1,0.5,0.554273393791715,0.5587933166046973,1.0,0.5535196042978441,0.5559784158297639,0.5525187656831563,0.5589712960733314,0.5591065043387657,0.5635910172527119,0.5631436750489501,0.5598400700364679,0.5584736078567137
6,3,0.19416789142592888,0.94548,5000,0.8859034180641174,0.947242206235012,834,0.8954004245444228,0.9432,0.7741185634195458,0.08307668013329247,,,0.6779441277071648,,0.6779529140103409,0.32204708598965914,0.964345189764716,0.3852886002833941,5,0.1,0.5,0.5597886182339763,0.556682329912649,0.5535196042978441,1.0,0.5648373738719251,0.5670203832203662,0.5554954770164489,0.559254048121137,0.5637744479484837,0.5684658556655627,0.5641885431581072,0.5703019147658072
6,4,0.18632020798399096,0.94396,5000,0.8920180532667372,0.9411764705882353,833,0.8839715273616413,0.9448,0.7752830232250272,0.083862962546382,,,0.9499999996539972,,0.9500025099141609,0.04999749008583909,0.9688501419782188,0.3865189136314233,5,0.1,0.5,0.562980860733977,0.5630859236434185,0.5559784158297639,0.5648373738719251,1.0,0.5674963723028515,0.5600603700805938,0.5626097506448853,0.5651693231407731,0.5685971935995359,0.5556611069012127,0.5619486293147994
6,5,0.1927141383889422,0.94268,5000,0.866466568575965,0.943577430972389,833,0.8862628622557789,0.9441,0.7770474773489585,0.08355731873753992,,,0.8442464033183591,,0.8442548064856182,0.15574519351438176,0.9681389742858729,0.3864123058033108,5,0.1,0.5,0.5660516611360709,0.5628387395604354,0.5525187656831563,0.5670203832203662,0.5674963723028515,1.0,0.5650709240704281,0.5623535036851814,0.564798935541079,0.5670713524909282,0.5651847063727993,0.5672541747419556
6,6,0.19358807652595506,0.9424,5000,0.8849352112522831,0.9483793517406963,833,0.8912632585333559,0.9434,0.7728843978049363,0.0831214106496124,,,0.6934210090636138,,0.6934290447266703,0.30657095527332967,0.9656524876583898,0.3854831845206626,5,0.1,0.5,0.5585044937887197,0.5600794331202406,0.5589712960733314,0.5554954770164489,0.5600603700805938,0.5650709240704281,1.0,0.5658895682098566,0.5714595972105313,0.5600961297107432,0.5551116399877257,0.5605181156702087
6,7,0.19575638546827873,0.94172,5000,0.8771636817190382,0.9459783913565426,833,0.8888755499745329,0.9439,0.7724347228902757,0.08332259075809591,,,0.7630298784986829,,0.7630490437227047,0.23695095627729534,0.9676532439186728,0.386092326914291,5,0.1,0.5,0.5532744525833992,0.5521959053206024,0.5591065043387657,0.559254048121137,0.5626097506448853,0.5623535036851814,0.5658895682098566,1.0,0.56675762150619,0.5634202543889364,0.5553728446284605,0.5650986273118579
6,8,0.19717661963307126,0.94052,5000,0.9141071836153666,0.9459783913565426,833,0.8889502294528218,0.9438,0.7770683900317781,0.08352538866413994,,,0.8331985103278174,,0.8332111841775012,0.16678881582249883,0.9679720392970371,0.38638599782586847,5,0.1,0.5,0.5658287649217867,0.5592981495294076,0.5635910172527119,0.5637744479484837,0.5651693231407731,0.564798935541079,0.5714595972105313,0.56675762150619,1.0,0.5634820557139765,0.555504307546544,0.5684176829375753
6,9,0.19510072231482548,0.94272,5000,0.8874783604233353,0.9447779111644657,833,0.8934752055631278,0.9432,0.7746492568315119,0.08341360021814329,,,0.7945194013424056,,0.7945283871291602,0.20547161287083981,0.967761959338007,0.3862541754414531,5,0.1,0.5,0.5541340137488792,0.5536928802273162,0.5631436750489501,0.5684658556655627,0.5685971935995359,0.5670713524909282,0.5600961297107432,0.5634202543889364,0.5634820557139765,1.0,0.5547494447077049,0.5688871361928969
6,10,0.19699847632129291,0.94244,5000,0.8867554907445554,0.9303721488595438,833,0.8871888857299146,0.944,0.7688699016597301,0.08318987379189506,,,0.7171094441091643,,0.7171276542342252,0.2828723457657748,0.9671382795526174,0.3857390289297295,5,0.1,0.5,0.5516862233024602,0.5564373123383481,0.5598400700364679,0.5641885431581072,0.5556611069012127,0.5651847063727993,0.5551116399877257,0.5553728446284605,0.555504307546544,0.5547494447077049,1.0,0.5586767182905875
6,11,0.19242448246545474,0.93948,5000,0.8935834986192209,0.9339735894357744,833,0.8851348369266279,0.9446,0.7760182087338827,0.08364320423239782,,,0.8739630201498874,,0.8739721901510968,0.12602780984890316,0.9685518928376565,0.3864657379978065,5,0.1,0.5,0.55731799065768,0.5602662580807173,0.5584736078567137,0.5703019147658072,0.5619486293147994,0.5672541747419556,0.5605181156702087,0.5650986273118579,0.5684176829375753,0.5688871361928969,0.5586767182905875,1.0
7,0,0.19319708360222637,0.94392,5000,0.6658097880857962,0.9616306954436451,834,0.6937799118578244,0.9484,0.759507918292527,0.0832433479007552,,,0.7458877351892952,,0.7459063300035139,0.2540936699964861,0.9638056680483211,0.3781852626030916,5,0.1,0.5,1.0,0.5226294991339283,0.542644101592305,0.53272000682428,0.5467370445109625,0.5426894729086206,0.5312209936770794,0.5250792330137738,0.5465776690685202,0.530564397839315,0.5399326543154077,0.5442816079491789
