round,client_id,client_i_training_loss,client_i_training_accuracy,client_i_training_dataset_size,client_i_evaluation_loss,client_i_evaluation_accuracy,client_i_evaluation_dataset_size,client_i_central_evaluation_loss,client_i_central_evaluation_accuracy,client_i_cosine_similarity,client_i_importance_coefficient,client_i_tanh_val,tanh_normalization_value,client_i_q,client_i_mask_order,client_i_v_nonzero_fraction,client_i_v_sparsity,client_i_v_cosine_similarity,client_i_reward_gradient_norm,local_epochs,learning_rate,gamma,client_0_cosine_similarity,client_1_cosine_similarity,client_2_cosine_similarity,client_3_cosine_similarity,client_4_cosine_similarity,client_5_cosine_similarity,client_6_cosine_similarity,client_7_cosine_similarity,client_8_cosine_similarity,client_9_cosine_similarity,client_10_cosine_similarity,client_11_cosine_similarity
0,0,2.2145349189734005,0.3414,5000,2.260434380284062,0.19184652278177458,834,2.258704004958034,0.2009,0.9941989722133392,0.08328878864094885,,,0.99,,0.9900107286803723,0.00998927131962768,0,0.09947307078878376,5,0.001,0.1,1.0,0.9936370546991292,0.9890421044093132,0.9846281640964359,0.9903309569491668,0.9876014004967897,0.9907438459920016,0.9925018243235921,0.9792205614946146,0.9923701358150234,0.9863311266616303,0.9811156042659523
0,1,2.217638816954983,0.33224,5000,2.2582637204064264,0.20863309352517986,834,2.258704004958034,0.2009,0.9970872554985425,0.0835307539042411,,,0.99,,0.9900107286803723,0.00998927131962768,0,0.09947307078878376,5,0.001,0.1,0.9936370546991292,1.0,0.9920038173165511,0.9900689677311085,0.9928958716384909,0.9903472232902374,0.9912163579776392,0.9944783418722176,0.986945935000272,0.9926002926851458,0.9901710403692124,0.9876346440098256
0,2,2.2159212325029314,0.34244,5000,2.2567474047342935,0.18345323741007194,834,2.258704004958034,0.2009,0.996362538545016,0.08347004090930367,,,0.99,,0.9900107286803723,0.00998927131962768,0,0.09947307078878376,5,0.001,0.1,0.9890421044093132,0.9920038173165511,1.0,0.9933795199937183,0.9857242041617585,0.9864754282914665,0.9890259008483631,0.9897067360688447,0.9914379031748883,0.9919347177968636,0.9929944410447756,0.991623994933225
0,3,2.2182799138840594,0.38104,5000,2.2608962059020996,0.2038369304556355,834,2.258704004958034,0.2009,0.9952869455279972,0.08337993335340999,,,0.99,,0.9900107286803723,0.00998927131962768,0,0.09947307078878376,5,0.001,0.1,0.9846281640964359,0.9900689677311085,0.9933795199937183,1.0,0.9853858047917158,0.9848869836103682,0.982785580258642,0.988927012399539,0.9933806068616315,0.987306186834527,0.9948265589334969,0.9949342771094599
0,4,2.21653083114867,0.34116,5000,2.2631038383201316,0.18607442977190877,833,2.258704004958034,0.2009,0.9932284500280493,0.08320748336964887,,,0.99,,0.9900107286803723,0.00998927131962768,0,0.09947307078878376,5,0.001,0.1,0.9903309569491668,0.9928958716384909,0.9857242041617585,0.9853858047917158,1.0,0.9902462565914161,0.9890217144150694,0.9918965355951337,0.978875089359177,0.9851813871862848,0.9867652630914493,0.9796147953519357
0,5,2.2167881634584656,0.35984,5000,2.2584539431112782,0.21728691476590636,833,2.258704004958034,0.2009,0.9937775746953251,0.08325348616147278,,,0.99,,0.9900107286803723,0.00998927131962768,0,0.09947307078878376,5,0.001,0.1,0.9876014004967897,0.9903472232902374,0.9864754282914665,0.9848869836103682,0.9902462565914161,1.0,0.989241500221732,0.9922554903286651,0.9831731490886104,0.988807507920761,0.9855551493101912,0.9839025646971955
0,6,2.2130526065826417,0.3434,5000,2.258412149217394,0.23649459783913565,833,2.258704004958034,0.2009,0.9935904120785873,0.08323780665660238,,,0.99,,0.9900107286803723,0.00998927131962768,0,0.09947307078878376,5,0.001,0.1,0.9907438459920016,0.9912163579776392,0.9890259008483631,0.982785580258642,0.9890217144150694,0.989241500221732,1.0,0.9908498324143455,0.9795516145685834,0.9895931258094329,0.987520023325153,0.9807090409914877
0,7,2.2163832035793622,0.35336,5000,2.2595174577501087,0.1992797118847539,833,2.258704004958034,0.2009,0.9963131115861784,0.08346590017727432,,,0.99,,0.9900107286803723,0.00998927131962768,0,0.09947307078878376,5,0.001,0.1,0.9925018243235921,0.9944783418722176,0.9897067360688447,0.988927012399539,0.9918965355951337,0.9922554903286651,0.9908498324143455,1.0,0.9851135382722525,0.9913658372107984,0.9902922788329366,0.9853713430957564
0,8,2.2165878973189432,0.36368,5000,2.2639664985515453,0.1992797118847539,833,2.258704004958034,0.2009,0.992553921473207,0.0831509748961876,,,0.99,,0.9900107286803723,0.00998927131962768,0,0.09947307078878376,5,0.001,0.1,0.9792205614946146,0.986945935000272,0.9914379031748883,0.9933806068616315,0.978875089359177,0.9831731490886104,0.9795516145685834,0.9851135382722525,1.0,0.9840983061794544,0.9908673701844569,0.9952221136008536
0,9,2.2168028731255016,0.33264,5000,2.2588921829506203,0.18127250900360145,833,2.258704004958034,0.2009,0.995016749619174,0.08335729775372562,,,0.99,,0.9900107286803723,0.00998927131962768,0,0.09947307078878376,5,0.001,0.1,0.9923701358150234,0.9926002926851458,0.9919347177968636,0.987306186834527,0.9851813871862848,0.988807507920761,0.9895931258094329,0.9913658372107984,0.9840983061794544,1.0,0.9881400721220878,0.9858868287749791
0,10,2.217216199826283,0.36388,5000,2.2573964595794678,0.21368547418967587,833,2.258704004958034,0.2009,0.9958259154903726,0.08342508543718267,,,0.99,,0.9900107286803723,0.00998927131962768,0,0.09947307078878376,5,0.001,0.1,0.9863311266616303,0.9901710403692124,0.9929944410447756,0.9948265589334969,0.9867652630914493,0.9855551493101912,0.987520023325153,0.9902922788329366,0.9908673701844569,0.9881400721220878,1.0,0.9934798985329543
0,11,2.217128170827392,0.368,5000,2.262534150370845,0.18967587034813926,833,2.258704004958034,0.2009,0.993526455869544,0.08323244874000202,,,0.99,,0.9900107286803723,0.00998927131962768,0,0.09947307078878376,5,0.001,0.1,0.9811156042659523,0.9876346440098256,0.991623994933225,0.9949342771094599,0.9796147953519357,0.9839025646971955,0.9807090409914877,0.9853713430957564,0.9952221136008536,0.9858868287749791,0.9934798985329543,1.0
1,0,2.1126205918135916,0.4626,5000,2.2112184012377702,0.35851318944844124,834,2.208018088112243,0.3818,0.9973469986594362,0.08329620625971199,,,0.99,,0.9900107286803723,0.00998927131962768,0.9653300941257108,0.09976513094874959,5,0.001,0.1,1.0,0.9962398277420649,0.9961667635483015,0.9941183614506749,0.9934312408458149,0.9926331109450728,0.9946630134405906,0.9952736739558508,0.9920784367826712,0.9957456692244997,0.9959276204592904,0.9937607188129339
1,1,2.117611901623428,0.4682,5000,2.208258787790934,0.3932853717026379,834,2.208018088112243,0.3818,0.9985961762403878,0.08348497528042276,,,0.99,,0.9900107286803723,0.00998927131962768,0.9653300941257108,0.09976513094874959,5,0.001,0.1,0.9962398277420649,1.0,0.9966461871858199,0.9963371330778015,0.9959137285362458,0.9945900795459924,0.9948321501065477,0.9963710538366686,0.9953695255273378,0.995587227056447,0.9969936749604399,0.9961128222416137
1,2,2.1156781579278836,0.48116,5000,2.2062773263012923,0.38609112709832133,834,2.208018088112243,0.3818,0.9980398058195401,0.08342976644640113,,,0.99,,0.9900107286803723,0.00998927131962768,0.9653300941257108,0.09976513094874959,5,0.001,0.1,0.9961667635483015,0.9966461871858199,1.0,0.9954364124456554,0.993990306107238,0.9945303485226725,0.9942990510388267,0.995393908250743,0.9944840060531922,0.9963664059874245,0.9958260528495138,0.9951921017063565
1,3,2.1194384681191414,0.51872,5000,2.210019252918385,0.3669064748201439,834,2.208018088112243,0.3818,0.9980150026993956,0.08337368813266537,,,0.99,,0.9900107286803723,0.00998927131962768,0.9653300941257108,0.09976513094874959,5,0.001,0.1,0.9941183614506749,0.9963371330778015,0.9954364124456554,1.0,0.9955759364374551,0.9941302340272512,0.9917606114585598,0.9959753498827636,0.9962786834487611,0.9947663827762768,0.9966375640694092,0.9970263993445899
1,4,2.116017006005451,0.49504,5000,2.2105174506152117,0.375750300120048,833,2.208018088112243,0.3818,0.9971275133185096,0.08323924201723655,,,0.99,,0.9900107286803723,0.00998927131962768,0.9653300941257108,0.09976513094874959,5,0.001,0.1,0.9934312408458149,0.9959137285362458,0.993990306107238,0.9955759364374551,1.0,0.994411479283957,0.9939734533582534,0.9948065603778946,0.9930483106965405,0.9923197752536252,0.9965697991387205,0.9933837468099541
1,5,2.1149853132332965,0.50648,5000,2.2048669126298694,0.40816326530612246,833,2.208018088112243,0.3818,0.99720123502323,0.08326984322705738,,,0.99,,0.9900107286803723,0.00998927131962768,0.9653300941257108,0.09976513094874959,5,0.001,0.1,0.9926331109450728,0.9945900795459924,0.9945303485226725,0.9941302340272512,0.994411479283957,1.0,0.9941064686364633,0.9961518156175514,0.9941907053045425,0.9939417706786725,0.9951297579509764,0.9944936708165114
1,6,2.1102421280684744,0.47644,5000,2.207985833839134,0.39615846338535415,833,2.208018088112243,0.3818,0.9963399085548446,0.08323241444289027,,,0.99,,0.9900107286803723,0.00998927131962768,0.9653300941257108,0.09976513094874959,5,0.001,0.1,0.9946630134405906,0.9948321501065477,0.9942990510388267,0.9917606114585598,0.9939734533582534,0.9941064686364633,1.0,0.9946654812330097,0.9897922454062362,0.9938053550797932,0.994932655013277,0.9911589367746294
1,7,2.1137337374839054,0.49104,5000,2.2067669850808604,0.375750300120048,833,2.208018088112243,0.3818,0.9983421926085573,0.08343698956011994,,,0.99,,0.9900107286803723,0.00998927131962768,0.9653300941257108,0.09976513094874959,5,0.001,0.1,0.9952736739558508,0.9963710538366686,0.995393908250743,0.9959753498827636,0.9948065603778946,0.9961518156175514,0.9946654812330097,1.0,0.9952332448980677,0.9951085756429175,0.9971401884635652,0.9958364534189007
1,8,2.1164814098625424,0.48952,5000,2.2154586491761386,0.368547418967587,833,2.208018088112243,0.3818,0.9969977991056188,0.08320038812576341,,,0.99,,0.9900107286803723,0.00998927131962768,0.9653300941257108,0.09976513094874959,5,0.001,0.1,0.9920784367826712,0.9953695255273378,0.9944840060531922,0.9962786834487611,0.9930483106965405,0.9941907053045425,0.9897922454062362,0.9952332448980677,1.0,0.993372313717296,0.9949034142139022,0.9971249909050538
1,9,2.1167305894718047,0.47496,5000,2.2045126402819597,0.40456182472989194,833,2.208018088112243,0.3818,0.9973970380113066,0.08333984958075726,,,0.99,,0.9900107286803723,0.00998927131962768,0.9653300941257108,0.09976513094874959,5,0.001,0.1,0.9957456692244997,0.995587227056447,0.9963664059874245,0.9947663827762768,0.9923197752536252,0.9939417706786725,0.9938053550797932,0.9951085756429175,0.993372313717296,1.0,0.9954525142104318,0.994171574983851
1,10,2.119320911510735,0.49296,5000,2.2051998244391546,0.39735894357743096,833,2.208018088112243,0.3818,0.9986716667916958,0.08342258917703164,,,0.99,,0.9900107286803723,0.00998927131962768,0.9653300941257108,0.09976513094874959,5,0.001,0.1,0.9959276204592904,0.9969936749604399,0.9958260528495138,0.9966375640694092,0.9965697991387205,0.9951297579509764,0.994932655013277,0.9971401884635652,0.9949034142139022,0.9954525142104318,1.0,0.9963885021341661
1,11,2.117548714170031,0.50708,5000,2.2145460270069264,0.3505402160864346,833,2.208018088112243,0.3818,0.9977311677004126,0.08327404774994236,,,0.99,,0.9900107286803723,0.00998927131962768,0.9653300941257108,0.09976513094874959,5,0.001,0.1,0.9937607188129339,0.9961128222416137,0.9951921017063565,0.9970263993445899,0.9933837468099541,0.9944936708165114,0.9911589367746294,0.9958364534189007,0.9971249909050538,0.994171574983851,0.9963885021341661,1.0
2,0,1.9686402973855377,0.54012,5000,2.151492304272122,0.47601918465227816,834,2.14696058830895,0.4891,0.9983069221477883,0.08330474114292888,,,0.99,,0.9900107286803723,0.00998927131962768,0.9843053837159399,0.09984876504504417,5,0.001,0.1,1.0,0.9973824475483527,0.9970630816442977,0.9965338778656475,0.996254994329961,0.9955370454961452,0.9961774454410663,0.9968274720388801,0.995396691140727,0.9969637867792226,0.9974698629642398,0.9959540837472901
2,1,1.9759733576683483,0.55456,5000,2.1479426843148692,0.47721822541966424,834,2.14696058830895,0.4891,0.9990377406127473,0.08344409467136249,,,0.99,,0.9900107286803723,0.00998927131962768,0.9843053837159399,0.09984876504504417,5,0.001,0.1,0.9973824475483527,1.0,0.9977588159136586,0.9975654300186737,0.9974583422591384,0.9970837783015222,0.9965802463641462,0.997678515894783,0.9969003233274899,0.9969282172343222,0.9978834003421786,0.9970953344846966
2,2,1.9732481212372992,0.56596,5000,2.1452459670879223,0.47961630695443647,834,2.14696058830895,0.4891,0.9987468038780248,0.08340084661933467,,,0.99,,0.9900107286803723,0.00998927131962768,0.9843053837159399,0.09984876504504417,5,0.001,0.1,0.9970630816442977,0.9977588159136586,1.0,0.9971306409534748,0.99659931752411,0.9969429706298172,0.9965000364471691,0.9968976694339101,0.9965441260845078,0.9974510994339493,0.9973197030445277,0.9966224376174234
2,3,1.9802553343924747,0.59596,5000,2.1489303995061806,0.4784172661870504,834,2.14696058830895,0.4891,0.9987670085954132,0.08336710804963414,,,0.99,,0.9900107286803723,0.00998927131962768,0.9843053837159399,0.09984876504504417,5,0.001,0.1,0.9965338778656475,0.9975654300186737,0.9971306409534748,1.0,0.9970326036474613,0.9967211483999735,0.9946744745578175,0.9976827698730535,0.9974159476303466,0.9964702218353108,0.9979013484358106,0.9979444902843095
2,4,1.9726563087694204,0.57744,5000,2.1474231349097357,0.5042016806722689,833,2.14696058830895,0.4891,0.9983397403206986,0.08327086639056712,,,0.99,,0.9900107286803723,0.00998927131962768,0.9843053837159399,0.09984876504504417,5,0.001,0.1,0.996254994329961,0.9974583422591384,0.99659931752411,0.9970326036474613,1.0,0.997006097878791,0.9961288784812582,0.9970079027361728,0.9957155370904246,0.995126740322395,0.9978060305263061,0.9958213182284357
2,5,1.971415713638257,0.58492,5000,2.1405561058609575,0.5090036014405762,833,2.14696058830895,0.4891,0.9984716226698657,0.08329388972126334,,,0.99,,0.9900107286803723,0.00998927131962768,0.9843053837159399,0.09984876504504417,5,0.001,0.1,0.9955370454961452,0.9970837783015222,0.9969429706298172,0.9967211483999735,0.997006097878791,1.0,0.9960114391530954,0.997398228880217,0.9968004022757814,0.9963564513106106,0.9970711142396029,0.9966106523508798
2,6,1.9625146460381284,0.5528,5000,2.146699799431695,0.47539015606242496,833,2.14696058830895,0.4891,0.9974857406373423,0.08323911477940238,,,0.99,,0.9900107286803723,0.00998927131962768,0.9843053837159399,0.09984876504504417,5,0.001,0.1,0.9961774454410663,0.9965802463641462,0.9965000364471691,0.9946744745578175,0.9961288784812582,0.9960114391530954,1.0,0.9963800889002166,0.9934789078859003,0.9955233677406053,0.996408942961135,0.9938610994347223
2,7,1.9694188020791217,0.56816,5000,2.143638990543507,0.4921968787515006,833,2.14696058830895,0.4891,0.9988699665567524,0.08340925160014931,,,0.99,,0.9900107286803723,0.00998927131962768,0.9843053837159399,0.09984876504504417,5,0.001,0.1,0.9968274720388801,0.997678515894783,0.9968976694339101,0.9976827698730535,0.9970079027361728,0.997398228880217,0.9963800889002166,1.0,0.9969898901893652,0.9965455961887314,0.9979569267377117,0.9969410485402221
2,8,1.97402670732729,0.56636,5000,2.157029143086186,0.48139255702280914,833,2.14696058830895,0.4891,0.9981800184322773,0.08324188342538769,,,0.99,,0.9900107286803723,0.00998927131962768,0.9843053837159399,0.09984876504504417,5,0.001,0.1,0.995396691140727,0.9969003233274899,0.9965441260845078,0.9974159476303466,0.9957155370904246,0.9968004022757814,0.9934789078859003,0.9969898901893652,1.0,0.9959724822873299,0.9968476466436951,0.9979837082315526
2,9,1.9745685215968236,0.54592,5000,2.139064656363593,0.5258103241296519,833,2.14696058830895,0.4891,0.9981898329571013,0.08332772666353114,,,0.99,,0.9900107286803723,0.00998927131962768,0.9843053837159399,0.09984876504504417,5,0.001,0.1,0.9969637867792226,0.9969282172343222,0.9974510994339493,0.9964702218353108,0.995126740322395,0.9963564513106106,0.9955233677406053,0.9965455961887314,0.9959724822873299,1.0,0.996843607330461,0.995975605286714
2,10,1.9798685644842258,0.572,5000,2.142244497934977,0.503001200480192,833,2.14696058830895,0.4891,0.9990895306557398,0.08340750725038001,,,0.99,,0.9900107286803723,0.00998927131962768,0.9843053837159399,0.09984876504504417,5,0.001,0.1,0.9974698629642398,0.9978834003421786,0.9973197030445277,0.9979013484358106,0.9978060305263061,0.9970711142396029,0.996408942961135,0.9979569267377117,0.9968476466436951,0.996843607330461,1.0,0.9974287672688753
2,11,1.9762521875891716,0.58444,5000,2.1564887717918113,0.4669867947178872,833,2.14696058830895,0.4891,0.9983632323440422,0.0832929696860588,,,0.99,,0.9900107286803723,0.00998927131962768,0.9843053837159399,0.09984876504504417,5,0.001,0.1,0.9959540837472901,0.9970953344846966,0.9966224376174234,0.9979444902843095,0.9958213182284357,0.9966106523508798,0.9938610994347223,0.9969410485402221,0.9979837082315526,0.995975605286714,0.9974287672688753,1.0
3,0,1.8032182590217347,0.58792,5000,2.07924583223131,0.5467625899280576,834,2.073311640431706,0.5688,0.9986612174952846,0.083312267286563,,,0.99,,0.9900107286803723,0.00998927131962768,0.9931183161297494,0.09987708762021563,5,0.001,0.1,1.0,0.9977138556828049,0.9973869554079207,0.9972741674865808,0.9970291214904622,0.9964591114853015,0.9970946613257561,0.9973262931271882,0.996695494953152,0.9975965033780053,0.9978226662622435,0.9968042492494047
3,1,1.8110485827087597,0.60316,5000,2.0754801079078957,0.5611510791366906,834,2.073311640431706,0.5688,0.9990890406189197,0.08341152549231012,,,0.99,,0.9900107286803723,0.00998927131962768,0.9931183161297494,0.09987708762021563,5,0.001,0.1,0.9977138556828049,1.0,0.9979685248370278,0.9980162814774558,0.9977833971273031,0.9974890512435222,0.9971265091313033,0.997863487786696,0.9975837292141042,0.9973451793282933,0.9980308093833107,0.9974068905576758
3,2,1.8073230927157553,0.61156,5000,2.0716481032194913,0.5695443645083933,834,2.073311640431706,0.5688,0.9988970893148589,0.08337881107677615,,,0.99,,0.9900107286803723,0.00998927131962768,0.9931183161297494,0.09987708762021563,5,0.001,0.1,0.9973869554079207,0.9979685248370278,1.0,0.9975745050863661,0.9972012225113543,0.9976464553669325,0.9973554835959227,0.9972399360078268,0.9973561003271364,0.9976068397954726,0.9976400809321766,0.9970525582942398
3,3,1.8165638846196945,0.6322,5000,2.075505397937916,0.5767386091127098,834,2.073311640431706,0.5688,0.9989692451416242,0.08336045146933864,,,0.99,,0.9900107286803723,0.00998927131962768,0.9931183161297494,0.09987708762021563,5,0.001,0.1,0.9972741674865808,0.9980162814774558,0.9975745050863661,1.0,0.9974193826661591,0.9974003489082398,0.9962165012910374,0.9979808007115276,0.9979468630883962,0.996907812747947,0.9981567875537934,0.9979995809886074
3,4,1.8056432490136214,0.62028,5000,2.0711957348717585,0.5822328931572629,833,2.073311640431706,0.5688,0.998637531569247,0.08329073103125752,,,0.99,,0.9900107286803723,0.00998927131962768,0.9931183161297494,0.09987708762021563,5,0.001,0.1,0.9970291214904622,0.9977833971273031,0.9972012225113543,0.9974193826661591,1.0,0.9975174506257767,0.9971356796112841,0.9976808200540088,0.996730648425462,0.9961041431298046,0.9980548804455724,0.9962633529371241
3,5,1.803256072815816,0.6232,5000,2.063421858681573,0.5834333733493398,833,2.073311640431706,0.5688,0.9987561577453761,0.08330867729560967,,,0.99,,0.9900107286803723,0.00998927131962768,0.9931183161297494,0.09987708762021563,5,0.001,0.1,0.9964591114853015,0.9974890512435222,0.9976464553669325,0.9974003489082398,0.9975174506257767,1.0,0.9967318546128113,0.9977879288518355,0.9977236972339906,0.9970883091253185,0.9975547354545703,0.9969434533206039
3,6,1.7934033978516888,0.5976,5000,2.072642520621971,0.5486194477791116,833,2.073311640431706,0.5688,0.9982038630463261,0.08325726513417539,,,0.99,,0.9900107286803723,0.00998927131962768,0.9931183161297494,0.09987708762021563,5,0.001,0.1,0.9970946613257561,0.9971265091313033,0.9973554835959227,0.9962165012910374,0.9971356796112841,0.9967318546128113,1.0,0.9970197522712556,0.995607719185107,0.9965984729934827,0.9973508206655117,0.9954866492253226
3,7,1.8023133075920639,0.61052,5000,2.067990506136859,0.581032412965186,833,2.073311640431706,0.5688,0.9990339087216038,0.08338838059960521,,,0.99,,0.9900107286803723,0.00998927131962768,0.9931183161297494,0.09987708762021563,5,0.001,0.1,0.9973262931271882,0.997863487786696,0.9972399360078268,0.9979808007115276,0.9976808200540088,0.9977879288518355,0.9970197522712556,1.0,0.9978632549331853,0.9971147803458872,0.9983341941567002,0.9974570528120501
3,8,1.8089596872876403,0.61156,5000,2.086458109043263,0.5426170468187275,833,2.073311640431706,0.5688,0.9987459394633683,0.08327645751509465,,,0.99,,0.9900107286803723,0.00998927131962768,0.9931183161297494,0.09987708762021563,5,0.001,0.1,0.996695494953152,0.9975837292141042,0.9973561003271364,0.9979468630883962,0.996730648425462,0.9977236972339906,0.995607719185107,0.9978632549331853,1.0,0.9969345015226974,0.9977648636909926,0.9980128363745359
3,9,1.8097902342012733,0.59368,5000,2.0605301945297807,0.6086434573829532,833,2.073311640431706,0.5688,0.9985030530001023,0.08332125738379856,,,0.99,,0.9900107286803723,0.00998927131962768,0.9931183161297494,0.09987708762021563,5,0.001,0.1,0.9975965033780053,0.9973451793282933,0.9976068397954726,0.996907812747947,0.9961041431298046,0.9970883091253185,0.9965984729934827,0.9971147803458872,0.9969345015226974,1.0,0.9974071335924902,0.9966033313088327
3,10,1.816750783069878,0.61516,5000,2.066247087937814,0.595438175270108,833,2.073311640431706,0.5688,0.9992131269178575,0.08339309495750245,,,0.99,,0.9900107286803723,0.00998927131962768,0.9931183161297494,0.09987708762021563,5,0.001,0.1,0.9978226662622435,0.9980308093833107,0.9976400809321766,0.9981567875537934,0.9980548804455724,0.9975547354545703,0.9973508206655117,0.9983341941567002,0.9977648636909926,0.9974071335924902,1.0,0.9976994647998766
3,11,1.8115508652037116,0.6234,5000,2.0860030739395707,0.5294117647058824,833,2.073311640431706,0.5688,0.9985382578082426,0.08330108075796872,,,0.99,,0.9900107286803723,0.00998927131962768,0.9931183161297494,0.09987708762021563,5,0.001,0.1,0.9968042492494047,0.9974068905576758,0.9970525582942398,0.9979995809886074,0.9962633529371241,0.9969434533206039,0.9954866492253226,0.9974570528120501,0.9980128363745359,0.9966033313088327,0.9976994647998766,1.0
4,0,1.6448274399824203,0.6192,5000,1.993864134505943,0.5899280575539568,834,1.986366996369042,0.6121,0.9987492385099016,0.08331749085521567,,,0.99,,0.9900107286803723,0.00998927131962768,0.9960713495366726,0.09988399811077052,5,0.001,0.1,1.0,0.9976734290652022,0.997428367062309,0.9975430321569344,0.997325207023854,0.9969361809964767,0.9972113923098738,0.9975957987604482,0.9968721123975134,0.9976551640534228,0.9979575084885144,0.9968888520716663
4,1,1.6507008162273722,0.62636,5000,1.9899043374591403,0.5995203836930456,834,1.986366996369042,0.6121,0.9990506967046792,0.0833880826888944,,,0.99,,0.9900107286803723,0.00998927131962768,0.9960713495366726,0.09988399811077052,5,0.001,0.1,0.9976734290652022,1.0,0.9978094169728393,0.9981107957804928,0.9978347804249876,0.9976002874544045,0.9973381666827291,0.9979314133213925,0.9974552447323284,0.9974388367736999,0.9979061263448878,0.9975997150186892
4,2,1.6473548255908261,0.63872,5000,1.9846549431482952,0.6115107913669064,834,1.986366996369042,0.6121,0.9989203218028317,0.08336381537815457,,,0.99,,0.9900107286803723,0.00998927131962768,0.9960713495366726,0.09988399811077052,5,0.001,0.1,0.997428367062309,0.9978094169728393,1.0,0.9977112697207537,0.9972765622566186,0.997760887076855,0.9978018530655416,0.9974120141507875,0.9974054354203892,0.9976862556088635,0.9976910612976324,0.9971538455890229
4,3,1.6573620302661969,0.64976,5000,1.9891061473775793,0.6211031175059952,834,1.986366996369042,0.6121,0.9991084845999871,0.08335863015460804,,,0.99,,0.9900107286803723,0.00998927131962768,0.9960713495366726,0.09988399811077052,5,0.001,0.1,0.9975430321569344,0.9981107957804928,0.9977112697207537,1.0,0.9976792463376415,0.9976146597334875,0.9971017412246103,0.9980864485746296,0.9980290873921752,0.9972083417367584,0.9980620427403627,0.9982454785644784
4,4,1.6444641309938612,0.64284,5000,1.9811245291321367,0.6230492196878752,833,1.986366996369042,0.6121,0.9987481776627969,0.08330425104827684,,,0.99,,0.9900107286803723,0.00998927131962768,0.9960713495366726,0.09988399811077052,5,0.001,0.1,0.997325207023854,0.9978347804249876,0.9972765622566186,0.9976792463376415,1.0,0.9976984096647514,0.9972311872761891,0.9977203714315535,0.9969742181401493,0.9965387308716911,0.9980884329736174,0.996707665964305
4,5,1.641281406287175,0.64708,5000,1.9729629401807431,0.6254501800720288,833,1.986366996369042,0.6121,0.9988647193684429,0.08331901641226021,,,0.99,,0.9900107286803723,0.00998927131962768,0.9960713495366726,0.09988399811077052,5,0.001,0.1,0.9969361809964767,0.9976002874544045,0.997760887076855,0.9976146597334875,0.9976984096647514,1.0,0.9970117054665463,0.9978631659802255,0.9976574962184048,0.9974348900159445,0.9976704257110364,0.9972237664997015
4,6,1.6308592435660636,0.62576,5000,1.9856465260187786,0.5930372148859544,833,1.986366996369042,0.6121,0.9984708063475978,0.08327477899494716,,,0.99,,0.9900107286803723,0.00998927131962768,0.9960713495366726,0.09988399811077052,5,0.001,0.1,0.9972113923098738,0.9973381666827291,0.9978018530655416,0.9971017412246103,0.9972311872761891,0.9970117054665463,1.0,0.997229468588022,0.9960520300016807,0.9971053977255138,0.9975604834392475,0.9961079625654775
4,7,1.640676709193333,0.63536,5000,1.9792156925907842,0.6230492196878752,833,1.986366996369042,0.6121,0.999058212881517,0.08337413330243891,,,0.99,,0.9900107286803723,0.00998927131962768,0.9960713495366726,0.09988399811077052,5,0.001,0.1,0.9975957987604482,0.9979314133213925,0.9974120141507875,0.9980864485746296,0.9977203714315535,0.9978631659802255,0.997229468588022,1.0,0.9977850506301252,0.9973971734567547,0.9982373090187988,0.9975307422999466
4,8,1.6494469252361614,0.63404,5000,2.002950328367728,0.5894357743097239,833,1.986366996369042,0.6121,0.998724202803455,0.0832947251037183,,,0.99,,0.9900107286803723,0.00998927131962768,0.9960713495366726,0.09988399811077052,5,0.001,0.1,0.9968721123975134,0.9974552447323284,0.9974054354203892,0.9980290873921752,0.9969742181401493,0.9976574962184048,0.9960520300016807,0.9977850506301252,1.0,0.9971187883239829,0.9975697504670147,0.9978685842489825
4,9,1.6496473111924093,0.62032,5000,1.9683059453964233,0.6458583433373349,833,1.986366996369042,0.6121,0.9986202583292486,0.08331884087008583,,,0.99,,0.9900107286803723,0.00998927131962768,0.9960713495366726,0.09988399811077052,5,0.001,0.1,0.9976551640534228,0.9974388367736999,0.9976862556088635,0.9972083417367584,0.9965387308716911,0.9974348900159445,0.9971053977255138,0.9973971734567547,0.9971187883239829,1.0,0.9972523718958786,0.9967054456254345
4,10,1.6555022807637598,0.63512,5000,1.9767579370074801,0.6398559423769508,833,1.986366996369042,0.6121,0.9991305383011152,0.0833793581720312,,,0.99,,0.9900107286803723,0.00998927131962768,0.9960713495366726,0.09988399811077052,5,0.001,0.1,0.9979575084885144,0.9979061263448878,0.9976910612976324,0.9980620427403627,0.9980884329736174,0.9976704257110364,0.9975604834392475,0.9982373090187988,0.9975697504670147,0.9972523718958786,1.0,0.9976605285001104
4,11,1.649874013852162,0.64872,5000,2.0020911119602345,0.5834333733493398,833,1.986366996369042,0.6121,0.9986329014018396,0.08330687701936902,,,0.99,,0.9900107286803723,0.00998927131962768,0.9960713495366726,0.09988399811077052,5,0.001,0.1,0.9968888520716663,0.9975997150186892,0.9971538455890229,0.9982454785644784,0.996707665964305,0.9972237664997015,0.9961079625654775,0.9975307422999466,0.9978685842489825,0.9967054456254345,0.9976605285001104,1.0
5,0,1.5054758341449082,0.64228,5000,1.8956142134136624,0.6235011990407674,834,1.8866178311478978,0.6399,0.9985607368052096,0.08331652942954872,,,0.99,,0.9900107286803723,0.00998927131962768,0.9972720533656046,0.09987804728163827,5,0.001,0.1,1.0,0.9973426206275453,0.9968548790805423,0.9973260284532228,0.9972364408327441,0.9966298022047048,0.9969308479394422,0.9972557627936538,0.9968804995129005,0.9975338742397547,0.9975902639758446,0.9965341991214203
5,1,1.5104907482293002,0.6428,5000,1.8917010404445507,0.63189448441247,834,1.8866178311478978,0.6399,0.9989195900972107,0.08337139720792419,,,0.99,,0.9900107286803723,0.00998927131962768,0.9972720533656046,0.09987804728163827,5,0.001,0.1,0.9973426206275453,1.0,0.9976200213725214,0.9979175191075699,0.9977051755768954,0.9973786336277813,0.9970956977930668,0.9976595037009757,0.9975185263621503,0.9971510466176422,0.9976615472502202,0.9973638672090097
5,2,1.5066166040244375,0.65512,5000,1.8848917131070737,0.6486810551558753,834,1.8866178311478978,0.6399,0.9987755836000001,0.08335186910476822,,,0.99,,0.9900107286803723,0.00998927131962768,0.9972720533656046,0.09987804728163827,5,0.001,0.1,0.9968548790805423,0.9976200213725214,1.0,0.9975211294724964,0.9972046846606557,0.9975047098960396,0.9975955345838267,0.9971169260670077,0.997407583083693,0.9973671495731189,0.997378743231044,0.9971180764816607
5,3,1.512873182554913,0.66044,5000,1.890116638607449,0.6354916067146283,834,1.8866178311478978,0.6399,0.9990471580203542,0.08335745416641793,,,0.99,,0.9900107286803723,0.00998927131962768,0.9972720533656046,0.09987804728163827,5,0.001,0.1,0.9973260284532228,0.9979175191075699,0.9975211294724964,1.0,0.9975039696243785,0.9975493051298887,0.997194104071085,0.9979645734348185,0.997783113978533,0.997110120206619,0.9980504321528314,0.9980235699986248
5,4,1.5006367804897818,0.65396,5000,1.8776519077795524,0.6530612244897959,833,1.8866178311478978,0.6399,0.9987732034991907,0.08331526787790858,,,0.99,,0.9900107286803723,0.00998927131962768,0.9972720533656046,0.09987804728163827,5,0.001,0.1,0.9972364408327441,0.9977051755768954,0.9972046846606557,0.9975039696243785,1.0,0.9974569218530979,0.9972700480374674,0.9977378779013281,0.9972231759904255,0.9965163707363691,0.9980314135690179,0.9967756090761141
5,5,1.498313902290004,0.6614,5000,1.869428767098321,0.6566626650660264,833,1.8866178311478978,0.6399,0.9987793437857144,0.08332452005885024,,,0.99,,0.9900107286803723,0.00998927131962768,0.9972720533656046,0.09987804728163827,5,0.001,0.1,0.9966298022047048,0.9973786336277813,0.9975047098960396,0.9975493051298887,0.9974569218530979,1.0,0.9967953354455609,0.997616881859123,0.9977038953267944,0.9973639580063616,0.9974469173632999,0.9972890272610903
5,6,1.4880607677872772,0.64772,5000,1.886000531691092,0.6230492196878752,833,1.8866178311478978,0.6399,0.998456124618821,0.0832869626474341,,,0.99,,0.9900107286803723,0.00998927131962768,0.9972720533656046,0.09987804728163827,5,0.001,0.1,0.9969308479394422,0.9970956977930668,0.9975955345838267,0.997194104071085,0.9972700480374674,0.9967953354455609,1.0,0.996928323222859,0.9963846390120336,0.9969771431579268,0.9974498793204465,0.9962412137154959
5,7,1.496686208172209,0.65156,5000,1.8777742827380146,0.6494597839135654,833,1.8866178311478978,0.6399,0.9989666537911803,0.08336436244652358,,,0.99,,0.9900107286803723,0.00998927131962768,0.9972720533656046,0.09987804728163827,5,0.001,0.1,0.9972557627936538,0.9976595037009757,0.9971169260670077,0.9979645734348185,0.9977378779013281,0.997616881859123,0.996928323222859,1.0,0.9978495677611783,0.9972456525845136,0.9980439932204175,0.9975596728126702
5,8,1.5063596796078287,0.65244,5000,1.9065699135815655,0.6122448979591837,833,1.8866178311478978,0.6399,0.9988395079186406,0.08331156650057482,,,0.99,,0.9900107286803723,0.00998927131962768,0.9972720533656046,0.09987804728163827,5,0.001,0.1,0.9968804995129005,0.9975185263621503,0.997407583083693,0.997783113978533,0.9972231759904255,0.9977038953267944,0.9963846390120336,0.9978495677611783,1.0,0.9971185492425078,0.9976962963307281,0.9978907465187188
5,9,1.5089489053768717,0.64728,5000,1.8629961676067777,0.6782713085234093,833,1.8866178311478978,0.6399,0.9985597296837372,0.08331732474569793,,,0.99,,0.9900107286803723,0.00998927131962768,0.9972720533656046,0.09987804728163827,5,0.001,0.1,0.9975338742397547,0.9971510466176422,0.9973671495731189,0.997110120206619,0.9965163707363691,0.9973639580063616,0.9969771431579268,0.9972456525845136,0.9971185492425078,1.0,0.9971782317854804,0.9965412680827385
5,10,1.5138216449956226,0.6496,5000,1.8744984688582245,0.6530612244897959,833,1.8866178311478978,0.6399,0.9990601928881201,0.08337058511390473,,,0.99,,0.9900107286803723,0.00998927131962768,0.9972720533656046,0.09987804728163827,5,0.001,0.1,0.9975902639758446,0.9976615472502202,0.997378743231044,0.9980504321528314,0.9980314135690179,0.9974469173632999,0.9974498793204465,0.9980439932204175,0.9976962963307281,0.9971782317854804,1.0,0.9975722964842688
5,11,1.5053465630598128,0.66428,5000,1.9057403405507405,0.6134453781512605,833,1.8866178311478978,0.6399,0.9986270330211183,0.08331216070044711,,,0.99,,0.9900107286803723,0.00998927131962768,0.9972720533656046,0.09987804728163827,5,0.001,0.1,0.9965341991214203,0.9973638672090097,0.9971180764816607,0.9980235699986248,0.9967756090761141,0.9972890272610903,0.9962412137154959,0.9975596728126702,0.9978907465187188,0.9965412680827385,0.9975722964842688,1.0
6,0,1.3857257406423047,0.6568,5000,1.786343428823683,0.6426858513189448,834,1.775849396428361,0.6578,0.9984813173595508,0.0833173879326925,,,0.99,,0.9900107286803723,0.00998927131962768,0.9980067752690917,0.0998656138532279,5,0.001,0.1,1.0,0.9970823053569469,0.996664958865635,0.9970889938236414,0.997055762298684,0.9964450986965444,0.9966349607398258,0.9969609264883774,0.996792088939723,0.9971259363299616,0.9974652297808662,0.996357707658547
6,1,1.38844347599965,0.65296,5000,1.7827400454768427,0.6510791366906474,834,1.775849396428361,0.6578,0.9988011028348336,0.08336135510422961,,,0.99,,0.9900107286803723,0.00998927131962768,0.9980067752690917,0.0998656138532279,5,0.001,0.1,0.9970823053569469,1.0,0.9972723351218042,0.9976555248669279,0.9975653336695481,0.9970992008680075,0.9967764006731762,0.9972775917592018,0.997227510951415,0.9969573276336336,0.9974586956948074,0.997132212110204
6,2,1.3852766244274795,0.66204,5000,1.7738646445450958,0.6642685851318945,834,1.775849396428361,0.6578,0.998617001160597,0.08334343818235149,,,0.99,,0.9900107286803723,0.00998927131962768,0.9980067752690917,0.0998656138532279,5,0.001,0.1,0.996664958865635,0.9972723351218042,1.0,0.9971167828262217,0.9970167148500455,0.9971818464241797,0.997381779348589,0.9966363718509123,0.9971269101615868,0.9971240745090256,0.9971701946215646,0.9966073968464939
6,3,1.3893611435677595,0.67004,5000,1.7804506928832442,0.6534772182254197,834,1.775849396428361,0.6578,0.9988573623611189,0.08335462068915132,,,0.99,,0.9900107286803723,0.00998927131962768,0.9980067752690917,0.0998656138532279,5,0.001,0.1,0.9970889938236414,0.9976555248669279,0.9971167828262217,1.0,0.997273881971264,0.9971980516926576,0.9968886547910379,0.9975716547227023,0.9974883825936423,0.9967106954560766,0.9975492321455834,0.997637227866569
6,4,1.3776206157769366,0.66736,5000,1.7622767686843872,0.6758703481392557,833,1.775849396428361,0.6578,0.998669837780858,0.08332269879036028,,,0.99,,0.9900107286803723,0.00998927131962768,0.9980067752690917,0.0998656138532279,5,0.001,0.1,0.997055762298684,0.9975653336695481,0.9970167148500455,0.997273881971264,1.0,0.9969996659331399,0.9969055858284752,0.997449660871347,0.9970918785467143,0.99630703364565,0.9976582419275263,0.9966090319605597
6,5,1.3753048665204626,0.67324,5000,1.7549839858655576,0.6770708283313326,833,1.775849396428361,0.6578,0.99861273134029,0.08332652933139233,,,0.99,,0.9900107286803723,0.00998927131962768,0.9980067752690917,0.0998656138532279,5,0.001,0.1,0.9964450986965444,0.9970992008680075,0.9971818464241797,0.9971980516926576,0.9969996659331399,1.0,0.9963537387504561,0.9972643927969207,0.9975248030074805,0.9971806944615381,0.9971199518229689,0.9968810851817305
6,6,1.366318967160146,0.66188,5000,1.775433204792164,0.6458583433373349,833,1.775849396428361,0.6578,0.9983309936568511,0.08329440524876254,,,0.99,,0.9900107286803723,0.00998927131962768,0.9980067752690917,0.0998656138532279,5,0.001,0.1,0.9966349607398258,0.9967764006731762,0.997381779348589,0.9968886547910379,0.9969055858284752,0.9963537387504561,1.0,0.9966243032349238,0.9963638183405087,0.9969125088443723,0.9973032770348271,0.9957285557691608
6,7,1.3741634821436208,0.66676,5000,1.765603776331301,0.6602641056422569,833,1.775849396428361,0.6578,0.998801351295082,0.08335704925112211,,,0.99,,0.9900107286803723,0.00998927131962768,0.9980067752690917,0.0998656138532279,5,0.001,0.1,0.9969609264883774,0.9972775917592018,0.9966363718509123,0.9975716547227023,0.997449660871347,0.9972643927969207,0.9966243032349238,1.0,0.9976723287215578,0.9970105429150737,0.9978311913875425,0.9972087093432559
6,8,1.3837092895416696,0.66552,5000,1.7994645524907995,0.6386554621848739,833,1.775849396428361,0.6578,0.9988070935864363,0.08332485893463838,,,0.99,,0.9900107286803723,0.00998927131962768,0.9980067752690917,0.0998656138532279,5,0.001,0.1,0.996792088939723,0.997227510951415,0.9971269101615868,0.9974883825936423,0.9970918785467143,0.9975248030074805,0.9963638183405087,0.9976723287215578,1.0,0.9970454594723277,0.9976352639290469,0.9976094240795651
6,9,1.3885691503810276,0.6594,5000,1.7466440068350897,0.687875150060024,833,1.775849396428361,0.6578,0.9984789618337798,0.08331779961398922,,,0.99,,0.9900107286803723,0.00998927131962768,0.9980067752690917,0.0998656138532279,5,0.001,0.1,0.9971259363299616,0.9969573276336336,0.9971240745090256,0.9967106954560766,0.99630703364565,0.9971806944615381,0.9969125088443723,0.9970105429150737,0.9970454594723277,1.0,0.9969372029625226,0.9963346489114299
6,10,1.3916403077969886,0.66272,5000,1.7612874507904053,0.6686674669867947,833,1.775849396428361,0.6578,0.9989589969783234,0.08336595312064163,,,0.99,,0.9900107286803723,0.00998927131962768,0.9980067752690917,0.0998656138532279,5,0.001,0.1,0.9974652297808662,0.9974586956948074,0.9971701946215646,0.9975492321455834,0.9976582419275263,0.9971199518229689,0.9973032770348271,0.9978311913875425,0.9976352639290469,0.9969372029625226,1.0,0.9972685428407108
6,11,1.3830315089529488,0.67348,5000,1.7986130581961737,0.6278511404561825,833,1.775849396428361,0.6578,0.9984563713079098,0.08331390380066847,,,0.99,,0.9900107286803723,0.00998927131962768,0.9980067752690917,0.0998656138532279,5,0.001,0.1,0.996357707658547,0.997132212110204,0.9966073968464939,0.997637227866569,0.9966090319605597,0.9968810851817305,0.9957285557691608,0.9972087093432559,0.9976094240795651,0.9963346489114299,0.9972685428407108,1.0
7,0,1.282835446269649,0.66948,5000,1.6688734381287187,0.6546762589928058,834,1.6569717688301502,0.6701,0.9981683579424063,0.08331530812514601,,,0.99,,0.9900107286803723,0.00998927131962768,0.9983126429405119,0.09984238856964876,5,0.001,0.1,1.0,0.9964010605409349,0.9960200598069223,0.9967474432643758,0.9965284978622313,0.9957793748921715,0.9961181095811136,0.996317247728436,0.9960341110925526,0.9965891038697435,0.9968388953785917,0.9957677721801178
7,1,1.2860604511704414,0.6644,5000,1.6657948008290044,0.6534772182254197,834,1.6569717688301502,0.6701,0.9985650707294506,0.08335507719731622,,,0.99,,0.9900107286803723,0.00998927131962768,0.9983126429405119,0.09984238856964876,5,0.001,0.1,0.9964010605409349,1.0,0.9967866016056562,0.9973327526961844,0.9968841928959998,0.9965270414492772,0.9964156960814452,0.9967770516489745,0.9967110755772821,0.9964838621306351,0.996953539319986,0.9966200287718109
7,2,1.280651813251957,0.67152,5000,1.6547942161560059,0.6774580335731415,834,1.6569717688301502,0.6701,0.9983810784740127,0.08333815029647712,,,0.99,,0.9900107286803723,0.00998927131962768,0.9983126429405119,0.09984238856964876,5,0.001,0.1,0.9960200598069223,0.9967866016056562,1.0,0.9968179689567123,0.996477784301139,0.99657103539136,0.9971558326510397,0.9961080349964111,0.9963574185151914,0.996676783505208,0.9966604107300507,0.9960577655657936
