round,client_id,client_i_training_loss,client_i_training_accuracy,client_i_training_dataset_size,client_i_evaluation_loss,client_i_evaluation_accuracy,client_i_evaluation_dataset_size,client_i_central_evaluation_loss,client_i_central_evaluation_accuracy,client_i_cosine_similarity,client_i_importance_coefficient,client_i_tanh_val,tanh_normalization_value,client_i_q,client_i_mask_order,client_i_v_nonzero_fraction,client_i_v_sparsity,client_i_v_cosine_similarity,client_i_reward_gradient_norm,local_epochs,learning_rate,gamma,client_0_cosine_similarity,client_1_cosine_similarity,client_2_cosine_similarity,client_3_cosine_similarity,client_4_cosine_similarity,client_5_cosine_similarity,client_6_cosine_similarity,client_7_cosine_similarity,client_8_cosine_similarity,client_9_cosine_similarity,client_10_cosine_similarity,client_11_cosine_similarity
0,0,2.2932088071649726,0.1277417806575474,4167,2.2962589263916016,0.09592326139088729,834,2.2975291602219206,0.1006,0.9532827644416951,0.08232343612940625,,,0.791610661278107,,0.791635721476787,0.20836427852321304,0,0.14471490994862238,10,0.025,0.15,1.0,0.9451508759004152,0.9085128803200636,0.8999570153410347,0.9240605132545671,0.9001309727929626,0.9373884209669627,0.8992409075452721,0.9313329518673422,0.8539426701768799,0.9202772191751603,0.9187428533103809
0,1,2.295260993639628,0.11538276937844973,4167,2.2961229596819197,0.10071942446043165,834,2.2975265979766846,0.1006,0.9731772647274066,0.08404148211186604,,,0.9244838598584257,,0.924518492845472,0.07548150715452795,0,0.14474570015779217,10,0.025,0.15,0.9451508759004152,1.0,0.9171452395513038,0.9301091071254707,0.9511860254499389,0.9394795149523468,0.9582920419187867,0.921927403493643,0.9282469283937791,0.8764775279518711,0.9412172536198422,0.9598793017008187
0,2,2.2928142952196526,0.11226301895848333,4167,2.2962121963500977,0.11630695443645084,834,2.2975269480596614,0.1006,0.9668159376476535,0.08349213167453277,,,0.8819972497820993,,0.8820369361786404,0.11796306382135957,0,0.14474307141952913,10,0.025,0.15,0.9085128803200636,0.9171452395513038,1.0,0.9150739633322379,0.9485161315093582,0.896361355547183,0.9071232733698446,0.9541887292193185,0.94536505365883,0.9340160909661263,0.9457020370064579,0.9234602021852412
0,3,2.294811218435114,0.12373410127189825,4167,2.2978229182107106,0.09712230215827339,834,2.2975304971767376,0.1006,0.949362786935306,0.08198491535685778,,,0.7654295588549955,,0.7654684689145252,0.23453153108547475,0,0.1447056789563851,10,0.025,0.15,0.8999570153410347,0.9301091071254707,0.9150739633322379,1.0,0.9195461973766694,0.889302046777714,0.8968730536554229,0.906336239018052,0.8968288560573398,0.8694755194772809,0.9311398324109562,0.9387096757680979
0,4,2.2927048191879735,0.1275737940964723,4167,2.2981645379747664,0.10084033613445378,833,2.297526591940771,0.1006,0.9771713583287567,0.08438640338994892,,,0.9511599755999063,,0.9511973725470779,0.048802627452922076,0,0.14474633977823248,10,0.025,0.15,0.9240605132545671,0.9511860254499389,0.9485161315093582,0.9195461973766694,1.0,0.9273583528460303,0.9264264946945076,0.9380211458633034,0.9395012318958651,0.9378101965709253,0.954110713023392,0.9488388851504562
0,5,2.29354250720053,0.12114230861531078,4167,2.2976062979016985,0.09003601440576231,833,2.2975277266924894,0.1006,0.9592545012038736,0.08283914239019315,,,0.8314952400951088,,0.8315343862949943,0.16846561370500568,0,0.14473608928212614,10,0.025,0.15,0.9001309727929626,0.9394795149523468,0.896361355547183,0.889302046777714,0.9273583528460303,1.0,0.930158410201797,0.9275248889180653,0.9453665207879568,0.8809826967016576,0.9287158122151702,0.9425198133288774
0,6,2.293348693847656,0.1335733141348692,4167,2.2977181502750943,0.10324129651860744,833,2.2975276633153987,0.1006,0.9599368022245991,0.08289806442948294,,,0.8360522542304937,,0.8361060223465531,0.16389397765344693,0,0.1447369368875264,10,0.025,0.15,0.9373884209669627,0.9582920419187867,0.9071232733698446,0.8968730536554229,0.9264264946945076,0.930158410201797,1.0,0.9282859227950088,0.9270244834915744,0.837885134058263,0.9210961774933428,0.9452312852810537
0,7,2.2917769836656974,0.12642188624910008,4167,2.297182696206229,0.1056422569027611,833,2.297526585904858,0.1006,0.9726667425388899,0.0839973945207056,,,0.9210741378166434,,0.921118647984024,0.07888135201597601,0,0.14474557511147515,10,0.025,0.15,0.8992409075452721,0.921927403493643,0.9541887292193185,0.906336239018052,0.9380211458633034,0.9275248889180653,0.9282859227950088,1.0,0.9654619621634359,0.9302932821090082,0.9583016806721909,0.9336374728791879
0,8,2.292797647822987,0.13058089294287087,4166,2.2976108619144986,0.10324129651860744,833,2.297526573833031,0.1006,0.9761976619120896,0.08430231707499927,,,0.9446567633819218,,0.9447112607482959,0.05528873925170408,0,0.1447462413155541,10,0.025,0.15,0.9313329518673422,0.9282469283937791,0.94536505365883,0.8968288560573398,0.9395012318958651,0.9453665207879568,0.9270244834915744,0.9654619621634359,1.0,0.9339336714580062,0.9531446457041878,0.9379060748388426
0,9,2.291719508893562,0.12520403264522323,4166,2.2974108287266324,0.0936374549819928,833,2.2975370642505113,0.1006,0.9395663163811043,0.08113891336453732,,,0.7,,0.7000132032810154,0.29998679671898465,0,0.14462830107799268,10,0.025,0.15,0.8539426701768799,0.8764775279518711,0.9340160909661263,0.8694755194772809,0.9378101965709253,0.8809826967016576,0.837885134058263,0.9302932821090082,0.9339336714580062,1.0,0.9373762351748732,0.887756627571284
0,10,2.2943552515723487,0.11817090734517523,4166,2.297970873968942,0.09843937575030012,833,2.2975265647791607,0.1006,0.9784949350040665,0.08450070460670915,,,0.9599999999226603,,0.9600270667260814,0.0399729332739186,0,0.14474642901550364,10,0.025,0.15,0.9202772191751603,0.9412172536198422,0.9457020370064579,0.9311398324109562,0.954110713023392,0.9287158122151702,0.9210961774933428,0.9583016806721909,0.9531446457041878,0.9373762351748732,1.0,0.9396316737830637
0,11,2.2954453042059235,0.12124339894383102,4166,2.2987509114401683,0.10204081632653061,833,2.2975265677971177,0.1006,0.9737980866667477,0.08409509495076072,,,0.9286302619114761,,0.9286775263653018,0.07132247363469824,0,0.1447458325712542,10,0.025,0.15,0.9187428533103809,0.9598793017008187,0.9234602021852412,0.9387096757680979,0.9488388851504562,0.9425198133288774,0.9452312852810537,0.9336374728791879,0.9379060748388426,0.887756627571284,0.9396316737830637,1.0
1,0,2.204445691903432,0.19313654907607392,4167,2.28585992540632,0.10671462829736211,834,2.2873707179781757,0.1111,0.9878212565162628,0.08262191977686836,,,0.7904544800205893,,0.7904804343879454,0.20951956561205465,0.8261891333524817,0.1485466046087843,10,0.025,0.15,1.0,0.9826082036182683,0.9724705060535395,0.9807726118639384,0.9824190637739671,0.9733024534708631,0.9759063799018453,0.9689316887584809,0.9760471204793447,0.9707356672536508,0.9792608561029281,0.9803751533194099
1,1,2.2137701962933396,0.18903287736981042,4167,2.2859160559517995,0.10431654676258993,834,2.2873600826987737,0.1112,0.9930544056247129,0.08384818574176231,,,0.9303119319283193,,0.9303444405934875,0.06965555940651247,0.8260908951098619,0.14859192654938602,10,0.025,0.15,0.9826082036182683,1.0,0.9801223235553723,0.9831541283660179,0.9865403818445786,0.9817293912963492,0.9845898967313738,0.9804200592945659,0.9779418432685146,0.9734474671130311,0.9863180587617637,0.9876682339081433
1,2,2.202613288344759,0.1822174226061915,4167,2.285928521837507,0.1223021582733813,834,2.2873619749576233,0.1112,0.9907524063683175,0.08343572932916637,,,0.883270666378998,,0.8832994999257315,0.11670050007426847,0.8260199769040052,0.1485871162496907,10,0.025,0.15,0.9724705060535395,0.9801223235553723,1.0,0.977979345429706,0.9795400073879256,0.9828153973999798,0.9771082062143578,0.9810239856757442,0.9830367554660084,0.9785789054931637,0.9799119283076163,0.9847552021894243
1,3,2.217598579869126,0.18077753779697625,4167,2.2873965331486295,0.11390887290167866,834,2.2873732560797584,0.1111,0.9898858202237678,0.08248052400892175,,,0.7743280829895341,,0.77437243154924,0.22562756845076004,0.8262567184264346,0.14853941117348632,10,0.025,0.15,0.9807726118639384,0.9831541283660179,0.977979345429706,1.0,0.9836531515291721,0.9758572023649024,0.9737927041662549,0.9745731551053881,0.9755146453572089,0.975924472003031,0.9839877755518216,0.9822293126306141
1,4,2.1992499474323157,0.1857211423086153,4167,2.2878177847181047,0.10804321728691477,833,2.2873601732374746,0.1112,0.9927838942964448,0.08405160256998874,,,0.9535119228645117,,0.9535574590285686,0.04644254097143141,0.8260974944545364,0.14859412473540048,10,0.025,0.15,0.9824190637739671,0.9865403818445786,0.9795400073879256,0.9836531515291721,1.0,0.982659128934056,0.9818776612313828,0.9781387148146349,0.9784811101874724,0.9767129925162886,0.9852553778241068,0.9861161834128701
1,5,2.204489273374731,0.17823374130069594,4167,2.2867893491472517,0.10444177671068428,833,2.287364362161371,0.1112,0.9912820107052136,0.08305119591405705,,,0.8394140601041764,,0.8394563549041937,0.16054364509580632,0.8259800953264043,0.14857355737543373,10,0.025,0.15,0.9733024534708631,0.9817293912963492,0.9828153973999798,0.9758572023649024,0.982659128934056,1.0,0.9797460766510728,0.979102465669678,0.9869256439637761,0.978152139289994,0.9791059498741784,0.9842879356518442
1,6,2.19292119994308,0.1970722342212623,4167,2.28710675239563,0.11764705882352941,833,2.287364519095119,0.1112,0.9893568728242534,0.0830251133622772,,,0.8364393063920031,,0.836485616675744,0.16351438332425605,0.8259796455867989,0.14857287030969832,10,0.025,0.15,0.9759063799018453,0.9845898967313738,0.9771082062143578,0.9737927041662549,0.9818776612313828,0.9797460766510728,1.0,0.983654160331245,0.9764936603682273,0.9629480567500834,0.9818471763843881,0.9824777102856337
1,7,2.1967733068899675,0.18773698104151668,4167,2.2872700350625172,0.11284513805522209,833,2.28736037845853,0.1111,0.9891249518005649,0.08369384655315103,,,0.9127093185747411,,0.9127593206911918,0.08724067930880819,0.8260774840008982,0.14859100543316758,10,0.025,0.15,0.9689316887584809,0.9804200592945659,0.9810239856757442,0.9745731551053881,0.9781387148146349,0.979102465669678,0.983654160331245,1.0,0.9795662478919329,0.9675886539240445,0.9826346196757665,0.9819154199549819
1,8,2.2025184674696487,0.17957273163706192,4166,2.287482363837106,0.12484993997599039,833,2.287360152111778,0.1112,0.9908279608998357,0.0839365528427164,,,0.9403903308448057,,0.9404284464689475,0.05957155353105248,0.8260981759731446,0.14859383155128367,10,0.025,0.15,0.9760471204793447,0.9779418432685146,0.9830367554660084,0.9755146453572089,0.9784811101874724,0.9869256439637761,0.9764936603682273,0.9795662478919329,1.0,0.983394579039422,0.9777039335234218,0.9832102799252121
1,9,2.1907944932128443,0.17683629380700913,4166,2.2882732323237827,0.11164465786314526,833,2.287383852125723,0.1109,0.9858304182393208,0.08182881759526557,,,0.7,,0.7000132032810154,0.29998679671898465,0.826834668426147,0.14846857682631376,10,0.025,0.15,0.9707356672536508,0.9734474671130311,0.9785789054931637,0.975924472003031,0.9767129925162886,0.978152139289994,0.9629480567500834,0.9675886539240445,0.983394579039422,1.0,0.9736749504315426,0.9784635263565528
1,10,2.212104778217547,0.1772203552568411,4166,2.287905011858259,0.09963985594237695,833,2.2873601732374746,0.1112,0.992369264201497,0.08410848983570446,,,0.9599999998859485,,0.9600270667260814,0.0399729332739186,0.8260977789380459,0.1485942125977625,10,0.025,0.15,0.9792608561029281,0.9863180587617637,0.9799119283076163,0.9839877755518216,0.9852553778241068,0.9791059498741784,0.9818471763843881,0.9826346196757665,0.9777039335234218,0.9736749504315426,1.0,0.9865800441320659
1,11,2.2105032635457587,0.1856216994719155,4166,2.2895803110940114,0.10804321728691477,833,2.2873600464832933,0.1112,0.9941928284147711,0.08391802247012072,,,0.9382769143688321,,0.9383159215064943,0.061684078493505656,0.8260954764738249,0.14859375803524086,10,0.025,0.15,0.9803751533194099,0.9876682339081433,0.9847552021894243,0.9822293126306141,0.9861161834128701,0.9842879356518442,0.9824777102856337,0.9819154199549819,0.9832102799252121,0.9784635263565528,0.9865800441320659,1.0
2,0,2.113916772784609,0.2308615310775138,4167,2.269808053970337,0.1474820143884892,834,2.271389218825328,0.1519,0.9866571491048791,0.08281069389828584,,,0.7803544711902207,,0.7803881764618508,0.21961182353814923,0.9493359348247543,0.14831176681720298,10,0.025,0.15,1.0,0.9784194517015119,0.9748812967330118,0.978806863028322,0.9774955206431643,0.9708448584875571,0.9685533799304237,0.9653644662951035,0.9761249211434648,0.9753890099998851,0.9729455724256726,0.9744139385200092
2,1,2.1215514970548224,0.22526997840172786,4167,2.269896984100342,0.1486810551558753,834,2.2713603249079064,0.152,0.9909082829310734,0.08370311465064131,,,0.9342889807184337,,0.9343219289993563,0.06567807100064371,0.9497435431267063,0.1483899297014897,10,0.025,0.15,0.9784194517015119,1.0,0.9787114177358918,0.977088124388358,0.9797494642098519,0.9795717692810102,0.9771365201055168,0.9767954286378131,0.9775574017321043,0.9765844778934564,0.9799133600937725,0.9817264307950436
2,2,2.111482009743199,0.2257739380849532,4167,2.2692974976130893,0.1630695443645084,834,2.271367124364346,0.152,0.9904201304029124,0.08343345238002471,,,0.8877746776208559,,0.8878133716228482,0.11218662837715176,0.9496961632114175,0.1483841090771324,10,0.025,0.15,0.9748812967330118,0.9787114177358918,1.0,0.9781369851462842,0.9783130274529557,0.9798900643666246,0.9756183211857594,0.9768501162697545,0.9777323727489764,0.9761924059824969,0.9794276234482754,0.9817943575535621
2,3,2.1290990471839906,0.21725461963042955,4167,2.270970038005284,0.1642685851318945,834,2.271392445021038,0.152,0.9890261581788173,0.08280040892370956,,,0.7785804060839006,,0.7786222376260501,0.2213777623739499,0.9492497675530336,0.14831035989288338,10,0.025,0.15,0.978806863028322,0.977088124388358,0.9781369851462842,1.0,0.9801630148204686,0.9779803044885284,0.97122339444662,0.9703502003066151,0.9740545817029542,0.9750360174583736,0.9810355861243729,0.9774295238951566
2,4,2.1095352281223643,0.22421406287497,4167,2.2714435032435825,0.15366146458583432,833,2.271360427518434,0.1518,0.9907320057813276,0.08382259918166267,,,0.9548989818086532,,0.9549438035351785,0.04505619646482151,0.9497485679007421,0.14839205649860318,10,0.025,0.15,0.9774955206431643,0.9797494642098519,0.9783130274529557,0.9801630148204686,1.0,0.9824250478086504,0.9784546436351612,0.9737098720156292,0.975116831562049,0.9760307533664456,0.9805685597709675,0.9791565812918606
2,5,2.11276657147841,0.2224382049436045,4167,2.2698564529418945,0.1524609843937575,833,2.2713739238207853,0.1519,0.990338515844098,0.08319414435352661,,,0.8464962071371522,,0.8465448663993003,0.15345513360069973,0.9496091921723349,0.14836354345704975,10,0.025,0.15,0.9708448584875571,0.9795717692810102,0.9798900643666246,0.9779803044885284,0.9824250478086504,1.0,0.9771884040822332,0.9768773859270183,0.9779431955136212,0.9758106708958877,0.9782496890505897,0.9798356676253784
2,6,2.096656651207895,0.23585313174946004,4167,2.270724262510027,0.1524609843937575,833,2.2713727437997164,0.152,0.9875962177967679,0.08308926160739288,,,0.828404881894599,,0.8284481193576604,0.17155188064233962,0.9495614481067709,0.14835546598100366,10,0.025,0.15,0.9685533799304237,0.9771365201055168,0.9756183211857594,0.97122339444662,0.9784546436351612,0.9771884040822332,1.0,0.9781402615548783,0.9751185701488455,0.9673437190377216,0.9779299730231567,0.9772113994073628
2,7,2.104668427958633,0.23131749460043197,4167,2.27156662940979,0.15126050420168066,833,2.2713645470293264,0.152,0.98703422521703,0.08348263470013176,,,0.8962581830785171,,0.8962964796751993,0.10370352032480068,0.9496929523692493,0.14838564118090153,10,0.025,0.15,0.9653644662951035,0.9767954286378131,0.9768501162697545,0.9703502003066151,0.9737098720156292,0.9768773859270183,0.9781402615548783,1.0,0.9781492127056595,0.9693500191537323,0.975032505869949,0.9765025423710197
2,8,2.1156906760100163,0.21634661545847336,4166,2.271460396902902,0.16926770708283315,833,2.2713605391828318,0.1518,0.989435715171689,0.08370980070438147,,,0.9354422645259357,,0.9354772160881979,0.0645227839118021,0.94973891415272,0.14838998053999766,10,0.025,0.15,0.9761249211434648,0.9775574017321043,0.9777323727489764,0.9740545817029542,0.975116831562049,0.9779431955136212,0.9751185701488455,0.9781492127056595,1.0,0.9789502030932445,0.9760862536023425,0.9789842768952753
2,9,2.096361033121745,0.22040326452232356,4166,2.2739244529179166,0.1452581032412965,833,2.2714262672617465,0.1516,0.9873447752339501,0.08234484645540585,,,0.7,,0.7000132032810154,0.29998679671898465,0.9488477224406727,0.14819512901257542,10,0.025,0.15,0.9753890099998851,0.9765844778934564,0.9761924059824969,0.9750360174583736,0.9760307533664456,0.9758106708958877,0.9673437190377216,0.9693500191537323,0.9789502030932445,1.0,0.9743420812756067,0.9765377507492526
2,10,2.122324322931694,0.22373979836773883,4166,2.271791321890695,0.1332533013205282,833,2.2713604848596116,0.1518,0.9905640944238416,0.08385217185092389,,,0.959999999827509,,0.9600270667260814,0.0399729332739186,0.949750193594993,0.14839217600747534,10,0.025,0.15,0.9729455724256726,0.9799133600937725,0.9794276234482754,0.9810355861243729,0.9805685597709675,0.9782496890505897,0.9779299730231567,0.975032505869949,0.9760862536023425,0.9743420812756067,1.0,0.9835232673049137
2,11,2.119749083663478,0.22762842054728757,4166,2.275117908205305,0.1404561824729892,833,2.271360421482521,0.1518,0.9912409224565439,0.08375687129391332,,,0.9435615155559733,,0.9436137380138965,0.056386261986103525,0.9497540947759526,0.148391630649476,10,0.025,0.15,0.9744139385200092,0.9817264307950436,0.9817943575535621,0.9774295238951566,0.9791565812918606,0.9798356676253784,0.9772113994073628,0.9765025423710197,0.9789842768952753,0.9765377507492526,0.9835232673049137,1.0
3,0,2.046741748939861,0.25862730981521476,4167,2.2475689138684953,0.20863309352517986,834,2.249634305133095,0.2019,0.9843416061293389,0.08297743175989852,,,0.7786887175542853,,0.7787377663349342,0.2212622336650658,0.9693144814454067,0.14771047313281777,10,0.025,0.15,1.0,0.9716878519636424,0.9678620715553493,0.9692613024281322,0.9698248500720218,0.9638155340632717,0.9626277837718847,0.966526868395397,0.9686812557733537,0.9674695136353563,0.965610745424551,0.9662957597236718
3,1,2.050084939147487,0.25243580513558916,4167,2.2480579784938266,0.2038369304556355,834,2.249572615080242,0.2018,0.9855759010378492,0.08356755454573772,,,0.9275210788203139,,0.9275717515802677,0.07242824841973228,0.9700515490604383,0.14780558481684491,10,0.025,0.15,0.9716878519636424,1.0,0.9677137044020451,0.9656709671804188,0.9698001750208937,0.9691894964280662,0.9669377687135615,0.9704970543222051,0.9669781287785594,0.9674449611832124,0.9677094032052577,0.9702918033989877
3,2,2.0409636851513024,0.2568994480441565,4167,2.246556656701224,0.2170263788968825,834,2.2495846537095083,0.2023,0.9851122276983459,0.08338629479098333,,,0.8818063259757292,,0.8818553910646796,0.11814460893532042,0.9699706872338623,0.14779543648352092,10,0.025,0.15,0.9678620715553493,0.9677137044020451,1.0,0.9657051076395097,0.9684715030218304,0.970402382375403,0.9666151916968316,0.9686824881301519,0.9662907344963573,0.9662826949276172,0.9682236269259828,0.9722579971744124
3,3,2.060939120162617,0.24694024478041757,4167,2.248774664742606,0.22062350119904076,834,2.249639686149887,0.2019,0.9844349925550401,0.08297412180144934,,,0.7778539269928861,,0.7778878051195722,0.22211219488042777,0.9693307551344271,0.14770950914312683,10,0.025,0.15,0.9692613024281322,0.9656709671804188,0.9657051076395097,1.0,0.9715534121149071,0.9705001463866816,0.9624142370100128,0.9664881046670163,0.9639703446823699,0.9654081393073005,0.9715198490174161,0.968259792849535
3,4,2.041234255920757,0.25440364770818336,4167,2.249222312654768,0.21008403361344538,833,2.2495739248734488,0.2019,0.9872752682297857,0.08369633400697678,,,0.9599999997477942,,0.9600270667260814,0.0399729332739186,0.970063532224634,0.14780762402829004,10,0.025,0.15,0.9698248500720218,0.9698001750208937,0.9684715030218304,0.9715534121149071,1.0,0.9749431461609273,0.969437746922439,0.9690428800188225,0.9681184787938106,0.9692889275508477,0.9718355267339921,0.9716842931875351
3,5,2.043133836081534,0.2546916246700264,4167,2.247106041227068,0.19807923169267708,833,2.249602344971669,0.2023,0.9866420982227501,0.08328841895237436,,,0.857121476448439,,0.857148751464739,0.142851248535261,0.9697238011781782,0.14777866763142486,10,0.025,0.15,0.9638155340632717,0.9691894964280662,0.970402382375403,0.9705001463866816,0.9749431461609273,1.0,0.9685271515575433,0.9697147197596925,0.9689190975250594,0.9699622720337951,0.9690380615781328,0.9716648690637982
3,6,2.0249635010054616,0.2675545956323494,4167,2.2486484391348704,0.21008403361344538,833,2.249602423438543,0.2023,0.9840088531067508,0.08313834337185394,,,0.8192715517324141,,0.8193296034064464,0.18067039659355355,0.9696826594105652,0.14775672526900274,10,0.025,0.15,0.9626277837718847,0.9669377687135615,0.9666151916968316,0.9624142370100128,0.969437746922439,0.9685271515575433,1.0,0.9708212911100458,0.9684676506553409,0.9605584322070946,0.9693589962787288,0.969697275110771
3,7,2.0313268358057197,0.2634989200863931,4167,2.250115292412894,0.18127250900360145,833,2.249579109723055,0.2019,0.9854425971915525,0.08342732806454504,,,0.8921551536116247,,0.8921869584591771,0.10781304154082294,0.969979102346469,0.14779844813241594,10,0.025,0.15,0.966526868395397,0.9704970543222051,0.9686824881301519,0.9664881046670163,0.9690428800188225,0.9697147197596925,0.9708212911100458,1.0,0.971845888165295,0.9626118361586642,0.9673875840293895,0.968723433184264
3,8,2.048900118379882,0.24781565050408066,4166,2.2494848115103587,0.20888355342136855,833,2.2495723072486586,0.2018,0.9852074270226631,0.08355972186917993,,,0.9255456327350183,,0.9255830073773332,0.07441699262266677,0.9700478605505347,0.14780529945668433,10,0.025,0.15,0.9686812557733537,0.9669781287785594,0.9662907344963573,0.9639703446823699,0.9681184787938106,0.9689190975250594,0.9684676506553409,0.971845888165295,1.0,0.9693083555542127,0.96829137256012,0.9687003167892722
3,9,2.027915693051887,0.25182429188670186,4166,2.2544008663722446,0.20048019207683074,833,2.2497251758092567,0.2025,0.9835753735370554,0.08266542968708153,,,0.7,,0.7000132032810154,0.29998679671898465,0.9683632153712814,0.1475603054220362,10,0.025,0.15,0.9674695136353563,0.9674449611832124,0.9662826949276172,0.9654081393073005,0.9692889275508477,0.9699622720337951,0.9605584322070946,0.9626118361586642,0.9693083555542127,1.0,0.9649790755601336,0.9674763039288703
3,10,2.0493161071430555,0.25345655304848774,4166,2.249880926949637,0.17647058823529413,833,2.2495740033403226,0.2019,0.986015573846805,0.08367369578827802,,,0.9542905107657653,,0.9543331517882194,0.045666848211780575,0.9700663080356969,0.14780746026319624,10,0.025,0.15,0.965610745424551,0.9677094032052577,0.9682236269259828,0.9715198490174161,0.9718355267339921,0.9690380615781328,0.9693589962787288,0.9673875840293895,0.96829137256012,0.9649790755601336,1.0,0.9750480716937406
3,11,2.049884869474353,0.2574411905904945,4166,2.2552612849644254,0.19207683073229292,833,2.2495730194864394,0.2019,0.9869517778396473,0.08364532536164156,,,0.9471353259673599,,0.9471786238880362,0.0528213761119638,0.9700564724902524,0.14780713312189953,10,0.025,0.15,0.9662957597236718,0.9702918033989877,0.9722579971744124,0.968259792849535,0.9716842931875351,0.9716648690637982,0.969697275110771,0.968723433184264,0.9687003167892722,0.9674763039288703,0.9750480716937406,1.0
4,0,1.9910790306149106,0.2814734821214303,4167,2.2199525833129883,0.2434052757793765,834,2.222557855557792,0.2465,0.9789065112312061,0.08302934741033871,,,0.96,,0.9600270667260814,0.0399729332739186,0.9805573445475714,0.1472251316837858,10,0.025,0.15,1.0,0.9591252356487696,0.9601113222011043,0.9621372252921404,0.9580076332617445,0.9522930094531485,0.9523640052570327,0.9591334849723736,0.960368545323885,0.9560802850128403,0.9567108006810533,0.9534564538816566
4,1,1.9920062206008218,0.2759779217662587,4167,2.2209087780543735,0.2637889688249401,834,2.22246008583262,0.2476,0.9817661082479101,0.08348655474720977,,,0.96,,0.9600270667260814,0.0399729332739186,0.9812642622213381,0.1472251316837858,10,0.025,0.15,0.9591252356487696,1.0,0.9538288257747901,0.9590274896636953,0.9638499928538321,0.9638854606933404,0.9579028601061013,0.9642934772335405,0.9579786570960517,0.9599683933869417,0.9618899199640943,0.9613940325367024
4,2,1.978937475609057,0.2830333573314135,4167,2.218329497746059,0.2697841726618705,834,2.222475021700316,0.247,0.9789663779989253,0.08328369346755407,,,0.96,,0.9600270667260814,0.0399729332739186,0.9811746963318168,0.1472251316837858,10,0.025,0.15,0.9601113222011043,0.9538288257747901,1.0,0.959058973897439,0.9585976316186368,0.9561893184564515,0.9548597974405901,0.9588811990613992,0.9584731113591788,0.9535239921219756,0.9576896909761033,0.9590505364646055
4,3,2.001673020738544,0.2737700983921286,4167,2.2211779866899763,0.24820143884892087,834,2.2225657203529456,0.2465,0.9816716825060057,0.08311714653886433,,,0.96,,0.9600270667260814,0.0399729332739186,0.980548761439751,0.1472251316837858,10,0.025,0.15,0.9621372252921404,0.9590274896636953,0.959058973897439,1.0,0.961712916484507,0.9630458793804009,0.954775968232894,0.9616578452410321,0.9596575337959847,0.9578244690210816,0.9644030423208216,0.9590135765454835
4,4,1.980961032708486,0.27979361651067913,4167,2.2214983190808977,0.2617046818727491,833,2.222461323194866,0.2477,0.9836418485477106,0.08362699757277137,,,0.96,,0.9600270667260814,0.0399729332739186,0.9812913272020266,0.1472251316837858,10,0.025,0.15,0.9580076332617445,0.9638499928538321,0.9585976316186368,0.961712916484507,1.0,0.968855917311026,0.9617921669369562,0.9629168505364025,0.957703459637497,0.9621250357261276,0.9643025238766156,0.9653274734756588
4,5,1.98657404942946,0.2781377489800816,4167,2.2189532688685825,0.24969987995198079,833,2.2225027084350586,0.247,0.9829265871324206,0.08335194247079503,,,0.96,,0.9600270667260814,0.0399729332739186,0.9810660434187158,0.1472251316837858,10,0.025,0.15,0.9522930094531485,0.9638854606933404,0.9561893184564515,0.9630458793804009,0.968855917311026,1.0,0.9600312301642051,0.9630100373098642,0.9611497617491019,0.9635665704927986,0.9617802032699524,0.9631116116036268
4,6,1.9673018982916168,0.29133669306455484,4167,2.221247128077916,0.2388955582232893,833,2.2225044618678997,0.247,0.980284613662547,0.08317345756239425,,,0.96,,0.9600270667260814,0.0399729332739186,0.9808371333254976,0.1472251316837858,10,0.025,0.15,0.9523640052570327,0.9579028601061013,0.9548597974405901,0.954775968232894,0.9617921669369562,0.9600312301642051,1.0,0.9656864033528303,0.9597626645422538,0.9526760755020519,0.9644034738113314,0.9615407457922412
4,7,1.9681160800384752,0.288648908087353,4167,2.223168441227504,0.21728691476590636,833,2.222467666939844,0.2472,0.9832171423378762,0.08344713474479687,,,0.96,,0.9600270667260814,0.0399729332739186,0.9812074917998901,0.1472251316837858,10,0.025,0.15,0.9591334849723736,0.9642934772335405,0.9588811990613992,0.9616578452410321,0.9629168505364025,0.9630100373098642,0.9656864033528303,1.0,0.9618430319816654,0.9559802423553426,0.9635510435794641,0.9633146993998429
4,8,1.9891287077556956,0.27496399423907825,4166,2.222102233341762,0.24489795918367346,833,2.222459476205367,0.2476,0.9810711073615356,0.08345913835923605,,,0.96,,0.9600270667260814,0.0399729332739186,0.9812639705436438,0.1472251316837858,10,0.025,0.15,0.960368545323885,0.9579786570960517,0.9584731113591788,0.9596575337959847,0.957703459637497,0.9611497617491019,0.9597626645422538,0.9618430319816654,1.0,0.9595207696197201,0.9599907958811043,0.9585664511384798
4,9,1.9722953926433215,0.2767162746039366,4166,2.230172566005162,0.24009603841536614,833,2.2227000345157673,0.2459,0.9797235563387343,0.08286328745336168,,,0.96,,0.9600270667260814,0.0399729332739186,0.979355305197917,0.1472251316837858,10,0.025,0.15,0.9560802850128403,0.9599683933869417,0.9535239921219756,0.9578244690210816,0.9621250357261276,0.9635665704927986,0.9526760755020519,0.9559802423553426,0.9595207696197201,1.0,0.95873674133901,0.9595200450103532
4,10,1.9914575146906304,0.27638022083533365,4166,2.222616979054042,0.24129651860744297,833,2.2224615404877484,0.2477,0.9833028839274953,0.08360200924874028,,,0.96,,0.9600270667260814,0.0399729332739186,0.9812898868647123,0.1472251316837858,10,0.025,0.15,0.9567108006810533,0.9618899199640943,0.9576896909761033,0.9644030423208216,0.9643025238766156,0.9617802032699524,0.9644034738113314,0.9635510435794641,0.9599907958811043,0.95873674133901,1.0,0.9677221091994136
4,11,1.9925550305482114,0.28218915026404223,4166,2.230248042515346,0.24009603841536614,833,2.2224600707428364,0.2477,0.982527121807108,0.08355929042393781,,,0.96,,0.9600270667260814,0.0399729332739186,0.9812802401045135,0.1472251316837858,10,0.025,0.15,0.9534564538816566,0.9613940325367024,0.9590505364646055,0.9590135765454835,0.9653274734756588,0.9631116116036268,0.9615407457922412,0.9633146993998429,0.9585664511384798,0.9595200450103532,0.9677221091994136,1.0
5,0,1.9410438414775963,0.296976241900648,4167,2.1870364802224294,0.27697841726618705,834,2.190434087680865,0.2852,0.9784546049755981,0.0831469676941256,,,0.96,,0.9600270667260814,0.0399729332739186,0.9856286056675074,0.14676073317641,10,0.025,0.15,1.0,0.9570236596858251,0.9554772055445988,0.9570110494494528,0.9567326172730888,0.9438103935264234,0.9482651529943475,0.9546021217904901,0.955611213436363,0.9525051018278063,0.9559934288522357,0.9510781984052868
5,1,1.941892594279665,0.29152867770578356,4167,2.188622372491019,0.29856115107913667,834,2.1902941661544992,0.2864,0.9790068744476386,0.08344751876344907,,,0.96,,0.9600270667260814,0.0399729332739186,0.9856286056675074,0.14676073317641,10,0.025,0.15,0.9570236596858251,1.0,0.9516802334501017,0.9552911065674098,0.9557272685887955,0.9521657485410722,0.949658321946993,0.9565907282403648,0.9533826458974832,0.9514029548076909,0.9567087185436959,0.9547070338785663
5,2,1.9265398892489347,0.3033597312215023,4167,2.184995787484305,0.30815347721822545,834,2.190312415738649,0.2863,0.977470581168778,0.08327216090261161,,,0.96,,0.9600270667260814,0.0399729332739186,0.9856286056675074,0.14676073317641,10,0.025,0.15,0.9554772055445988,0.9516802334501017,1.0,0.9518355877735142,0.9542917399755415,0.9492072936866389,0.9497800830558781,0.9537898262356446,0.9513306588812912,0.9498387732857448,0.9545548342288168,0.9546289045204597
5,3,1.951209102977406,0.2951523878089753,4167,2.188598803111485,0.29256594724220625,834,2.1904452661924725,0.2853,0.9796228826273673,0.08323923765214679,,,0.96,,0.9600270667260814,0.0399729332739186,0.9856286056675074,0.14676073317641,10,0.025,0.15,0.9570110494494528,0.9552911065674098,0.9518355877735142,1.0,0.9587628005450599,0.9533104438555203,0.9500959970966099,0.9577350707181412,0.9507817648563737,0.9509898075540607,0.9605842800305745,0.9553469478976697
5,4,1.9318411100994457,0.2980321574274058,4167,2.188716615949358,0.3025210084033613,833,2.1902951349185993,0.286,0.9803082430871758,0.08357665561263991,,,0.96,,0.9600270667260814,0.0399729332739186,0.9856286056675074,0.14676073317641,10,0.025,0.15,0.9567326172730888,0.9557272685887955,0.9542917399755415,0.9587628005450599,1.0,0.9566121328535334,0.9526268979608674,0.954095999823584,0.9531544064485009,0.9543579132619466,0.957152721586154,0.9560581165685827
5,5,1.9391111142707593,0.29601631869450445,4167,2.1854217733655656,0.27611044417767105,833,2.190351114997381,0.2862,0.9765704362156146,0.08328506183175029,,,0.96,,0.9600270667260814,0.0399729332739186,0.9856286056675074,0.14676073317641,10,0.025,0.15,0.9438103935264234,0.9521657485410722,0.9492072936866389,0.9533104438555203,0.9566121328535334,1.0,0.9488710179257345,0.9593972681983667,0.9511676941762932,0.9489710956295982,0.9513684002401983,0.9508820971497703
5,6,1.9167134154926646,0.3095752339812815,4167,2.189070701599121,0.3025210084033613,833,2.1903553190110605,0.2861,0.9764201216788974,0.08316985608406079,,,0.96,,0.9600270667260814,0.0399729332739186,0.9856286056675074,0.14676073317641,10,0.025,0.15,0.9482651529943475,0.949658321946993,0.9497800830558781,0.9500959970966099,0.9526268979608674,0.9488710179257345,1.0,0.9553287133456883,0.9531031374402528,0.9440459254638712,0.9592288624251036,0.9530746219159818
5,7,1.9140078938368594,0.310943124550036,4167,2.191242149897984,0.27130852340936373,833,2.190303398084037,0.2859,0.9797398368527612,0.08344699771028169,,,0.96,,0.9600270667260814,0.0399729332739186,0.9856286056675074,0.14676073317641,10,0.025,0.15,0.9546021217904901,0.9565907282403648,0.9537898262356446,0.9577350707181412,0.954095999823584,0.9593972681983667,0.9553287133456883,1.0,0.9534377126368635,0.9466256344117823,0.9587446025941911,0.9526028263459823
5,8,1.9393427884939944,0.2938790206433029,4166,2.189557211739676,0.28811524609843936,833,2.190293290947057,0.2864,0.978108309922253,0.083401343273256,,,0.96,,0.9600270667260814,0.0399729332739186,0.9856286056675074,0.14676073317641,10,0.025,0.15,0.955611213436363,0.9533826458974832,0.9513306588812912,0.9507817648563737,0.9531544064485009,0.9511676941762932,0.9531031374402528,0.9534377126368635,1.0,0.9541289423295901,0.9544171207361389,0.953318153952761
5,9,1.9235883300954646,0.2974075852136342,4166,2.20125082560948,0.25210084033613445,833,2.190637724309028,0.2853,0.975454447357325,0.08294673615255035,,,0.96,,0.9600270667260814,0.0399729332739186,0.9856286056675074,0.14676073317641,10,0.025,0.15,0.9525051018278063,0.9514029548076909,0.9498387732857448,0.9509898075540607,0.9543579132619466,0.9489710956295982,0.9440459254638712,0.9466256344117823,0.9541289423295901,1.0,0.9499037199814299,0.9502358039863071
5,10,1.936838556058479,0.29759961593855017,4166,2.1904773030962263,0.2809123649459784,833,2.190295385409005,0.286,0.9810072969317077,0.08358395129117296,,,0.96,,0.9600270667260814,0.0399729332739186,0.9856286056675074,0.14676073317641,10,0.025,0.15,0.9559934288522357,0.9567087185436959,0.9545548342288168,0.9605842800305745,0.957152721586154,0.9513684002401983,0.9592288624251036,0.9587446025941911,0.9544171207361389,0.9499037199814299,1.0,0.9591088824233827
5,11,1.941585952946634,0.30201632261161787,4166,2.2003704139164517,0.28331332533013204,833,2.1902935625631597,0.2859,0.9787313926195504,0.08348351303195493,,,0.96,,0.9600270667260814,0.0399729332739186,0.9856286056675074,0.14676073317641,10,0.025,0.15,0.9510781984052868,0.9547070338785663,0.9546289045204597,0.9553469478976697,0.9560581165685827,0.9508820971497703,0.9530746219159818,0.9526028263459823,0.953318153952761,0.9502358039863071,0.9591088824233827,1.0
6,0,1.8981090838258916,0.3130309575233981,4167,2.1498615741729736,0.2997601918465228,834,2.1541320704206637,0.3037,0.9755095946789654,0.08321162015818216,,,0.96,,0.9600270667260814,0.0399729332739186,0.9899975380254386,0.1463550150746803,10,0.025,0.15,1.0,0.9481530251965354,0.9484463023918462,0.9490733692624822,0.9494290884754001,0.9424526606225941,0.9436781245488507,0.9536174400486395,0.9485408732428565,0.9449083502032625,0.9483294440516973,0.9452131150011818
6,1,1.8985974116758866,0.306575473962083,4167,2.151764154434204,0.3273381294964029,834,2.1539442448676387,0.304,0.9754333570324895,0.08339509500083675,,,0.96,,0.9600270667260814,0.0399729332739186,0.9899975380254386,0.1463550150746803,10,0.025,0.15,0.9481530251965354,1.0,0.9424331085804624,0.9477638149999607,0.9483828091502312,0.9498233747064577,0.9426567276870884,0.9541883516355456,0.9452346710486638,0.9469324988442405,0.9487822576065126,0.9464187374459868
6,2,1.8824832945158987,0.3218382529397648,4167,2.14762510572161,0.31414868105515587,834,2.153964769991138,0.3042,0.9730954013754044,0.08321046339797183,,,0.96,,0.9600270667260814,0.0399729332739186,0.9899975380254386,0.1463550150746803,10,0.025,0.15,0.9484463023918462,0.9424331085804624,1.0,0.9430760370682802,0.9474545224478428,0.9439323299560581,0.9423143899638992,0.9503316117227013,0.9428530126269281,0.9418076994375153,0.9452137123050138,0.9456433694252384
6,3,1.9063193075584643,0.30926325893928486,4167,2.1518278462546214,0.30935251798561153,834,2.154146152206614,0.3036,0.976089489751811,0.0832875934604632,,,0.96,,0.9600270667260814,0.0399729332739186,0.9899975380254386,0.1463550150746803,10,0.025,0.15,0.9490733692624822,0.9477638149999607,0.9430760370682802,1.0,0.9505426940716711,0.9495499155456419,0.9450186630358884,0.9546932092172571,0.9437853221172077,0.9453559833298512,0.9512959872390163,0.9484100033820732
6,4,1.8856921925689234,0.31655867530597553,4167,2.151881286076137,0.3241296518607443,833,2.153943870641008,0.3041,0.9773817697941475,0.08353844346915856,,,0.96,,0.9600270667260814,0.0399729332739186,0.9899975380254386,0.1463550150746803,10,0.025,0.15,0.9494290884754001,0.9483828091502312,0.9474545224478428,0.9505426940716711,1.0,0.9542429731543213,0.9474096767064272,0.9508934379116126,0.9463670824466134,0.9478414357855768,0.9504116267867659,0.9505440508060921
6,5,1.8990309657472553,0.30770338372930167,4167,2.147717237472534,0.304921968787515,833,2.154015311711951,0.3042,0.9762174528045909,0.08332011290195453,,,0.96,,0.9600270667260814,0.0399729332739186,0.9899975380254386,0.1463550150746803,10,0.025,0.15,0.9424526606225941,0.9498233747064577,0.9439323299560581,0.9495499155456419,0.9542429731543213,1.0,0.944337009843374,0.9519767124649452,0.9498952795738971,0.9483043661524121,0.9474390545376022,0.9480772836947056
6,6,1.8740300839597528,0.32397408207343414,4167,2.15289306640625,0.3157262905162065,833,2.1540232217764554,0.3042,0.9741877231450445,0.08318273588056875,,,0.96,,0.9600270667260814,0.0399729332739186,0.9899975380254386,0.1463550150746803,10,0.025,0.15,0.9436781245488507,0.9426567276870884,0.9423143899638992,0.9450186630358884,0.9474096767064272,0.944337009843374,1.0,0.9518402129990049,0.9481417404075977,0.9407898594954354,0.9523998689391032,0.9477352043343658
6,7,1.87118385849577,0.32531797456203504,4167,2.15503123828343,0.29891956782713086,833,2.1539542856095713,0.3041,0.9797249355755023,0.08353452486485329,,,0.96,,0.9600270667260814,0.0399729332739186,0.9899975380254386,0.1463550150746803,10,0.025,0.15,0.9536174400486395,0.9541883516355456,0.9503316117227013,0.9546932092172571,0.9508934379116126,0.9519767124649452,0.9518402129990049,1.0,0.9518327118089592,0.9471753152463541,0.9537272156635134,0.9507522458622332
6,8,1.8977043534770157,0.3084013442150744,4166,2.1527318954467773,0.29411764705882354,833,2.1539426000812387,0.304,0.9749736818142051,0.08335155622140727,,,0.96,,0.9600270667260814,0.0399729332739186,0.9899975380254386,0.1463550150746803,10,0.025,0.15,0.9485408732428565,0.9452346710486638,0.9428530126269281,0.9437853221172077,0.9463670824466134,0.9498952795738971,0.9481417404075977,0.9518327118089592,1.0,0.9458539135273006,0.9461720417472971,0.946759775693256
6,9,1.8854606436960626,0.3115698511761882,4166,2.1681673526763916,0.27010804321728693,833,2.1544098129755334,0.3029,0.9732053607188393,0.08301269679276578,,,0.96,,0.9600270667260814,0.0399729332739186,0.9899975380254386,0.1463550150746803,10,0.025,0.15,0.9449083502032625,0.9469324988442405,0.9418076994375153,0.9453559833298512,0.9478414357855768,0.9483043661524121,0.9407898594954354,0.9471753152463541,0.9458539135273006,1.0,0.9415617461856337,0.9444914575237926
6,10,1.8924507415655887,0.3142822851656265,4166,2.1544036184038435,0.290516206482593,833,2.1539442358137686,0.3041,0.9768128420665767,0.08352443073060739,,,0.96,,0.9600270667260814,0.0399729332739186,0.9899975380254386,0.1463550150746803,10,0.025,0.15,0.9483294440516973,0.9487822576065126,0.9452137123050138,0.9512959872390163,0.9504116267867659,0.9474390545376022,0.9523998689391032,0.9537272156635134,0.9461720417472971,0.9415617461856337,1.0,0.9514883179379633
