round,client_id,client_i_training_loss,client_i_training_accuracy,client_i_training_dataset_size,client_i_evaluation_loss,client_i_evaluation_accuracy,client_i_evaluation_dataset_size,client_i_central_evaluation_loss,client_i_central_evaluation_accuracy,client_i_cosine_similarity,client_i_importance_coefficient,client_i_tanh_val,tanh_normalization_value,client_i_q,client_i_mask_order,client_i_v_nonzero_fraction,client_i_v_sparsity,client_i_v_cosine_similarity,client_i_reward_gradient_norm,local_epochs,learning_rate,gamma,client_0_cosine_similarity,client_1_cosine_similarity,client_2_cosine_similarity,client_3_cosine_similarity,client_4_cosine_similarity,client_5_cosine_similarity,client_6_cosine_similarity,client_7_cosine_similarity,client_8_cosine_similarity,client_9_cosine_similarity,client_10_cosine_similarity,client_11_cosine_similarity
0,0,2.115029627957921,0.41268,5000,2.2591958752384893,0.29856115107913667,834,2.2643125476166843,0.2829,0.9956332133338467,0.08328156495947657,,,0.96,,0.9600139182880506,0.039986081711949395,0,0.0996251644361286,5,0.001,0.1,1.0,0.9943044329023236,0.9884975686248662,0.9890050781351398,0.9948775554039554,0.9944575230081988,0.9884634035292964,0.9908967182336718,0.991851487556598,0.9935521577709435,0.9905580299698212,0.9863562671869067
0,1,2.1103237085281665,0.41364,5000,2.2698464217009366,0.2685851318944844,834,2.2643125476166843,0.2829,0.9972310397020269,0.08341521807459311,,,0.96,,0.9600139182880506,0.039986081711949395,0,0.0996251644361286,5,0.001,0.1,0.9943044329023236,1.0,0.9894806895687093,0.9891162106683219,0.9957425503551898,0.9958292850462644,0.9897500720734188,0.994726959292346,0.9943536007626795,0.9954911347433597,0.9926045513957779,0.9905227895193739
0,2,2.1149754522712367,0.38316,5000,2.263158171265214,0.27577937649880097,834,2.2643125476166843,0.2829,0.9961221107243725,0.08332245967777474,,,0.96,,0.9600139182880506,0.039986081711949395,0,0.0996251644361286,5,0.001,0.1,0.9884975686248662,0.9894806895687093,1.0,0.9942328578359211,0.9908899579808186,0.9870521341433747,0.9957929419571103,0.9900808488280596,0.9928334590097545,0.9926539683632954,0.9951975032968355,0.9919530723749367
0,3,2.1037069013923597,0.3618,5000,2.2638917764027915,0.2565947242206235,834,2.2643125476166843,0.2829,0.9953126953536106,0.08325475464556355,,,0.96,,0.9600139182880506,0.039986081711949395,0,0.0996251644361286,5,0.001,0.1,0.9890050781351398,0.9891162106683219,0.9942328578359211,1.0,0.9913188294413621,0.9895608979200362,0.9926665836126319,0.9866056140493764,0.9899702366742719,0.9902979401667922,0.9939474213987359,0.9922667514149053
0,4,2.1149061360936257,0.40416,5000,2.2640824671144837,0.2893157262905162,833,2.2643125476166843,0.2829,0.9975192338974482,0.08343932460628117,,,0.96,,0.9600139182880506,0.039986081711949395,0,0.0996251644361286,5,0.001,0.1,0.9948775554039554,0.9957425503551898,0.9908899579808186,0.9913188294413621,1.0,0.9959725540500088,0.9916923967445435,0.9945064932940705,0.9923104605915766,0.9945087338494744,0.993859265732519,0.9896888479824505
0,5,2.1022381135612536,0.4254,5000,2.262850381709911,0.2785114045618247,833,2.2643125476166843,0.2829,0.9961198249362028,0.08332226847883381,,,0.96,,0.9600139182880506,0.039986081711949395,0,0.0996251644361286,5,0.001,0.1,0.9944575230081988,0.9958292850462644,0.9870521341433747,0.9895608979200362,0.9959725540500088,1.0,0.9886770556055579,0.9939857250517258,0.9910021648219463,0.9939049518631837,0.9896919942040616,0.9885033905857861
0,6,2.116598017807979,0.41716,5000,2.2609722349378796,0.2653061224489796,833,2.2643125476166843,0.2829,0.9959668194682691,0.08330947005603491,,,0.96,,0.9600139182880506,0.039986081711949395,0,0.0996251644361286,5,0.001,0.1,0.9884634035292964,0.9897500720734188,0.9957929419571103,0.9926665836126319,0.9916923967445435,0.9886770556055579,1.0,0.9917104111949433,0.9913834437923837,0.9919528312563097,0.9931546588591764,0.9915646924905669
0,7,2.106181245093133,0.4576,5000,2.257665510530825,0.2893157262905162,833,2.2643125476166843,0.2829,0.996079155719651,0.08331886662767543,,,0.96,,0.9600139182880506,0.039986081711949395,0,0.0996251644361286,5,0.001,0.1,0.9908967182336718,0.994726959292346,0.9900808488280596,0.9866056140493764,0.9945064932940705,0.9939857250517258,0.9917104111949433,1.0,0.9940711078724779,0.9950563701445412,0.9899403819367638,0.9865708441992859
0,8,2.107831664601709,0.3708,5000,2.2660229294388383,0.2965186074429772,833,2.2643125476166843,0.2829,0.9965257799989239,0.08335622533410326,,,0.96,,0.9600139182880506,0.039986081711949395,0,0.0996251644361286,5,0.001,0.1,0.991851487556598,0.9943536007626795,0.9928334590097545,0.9899702366742719,0.9923104605915766,0.9910021648219463,0.9913834437923837,0.9940711078724779,1.0,0.9957637829281571,0.9909396714029854,0.9890114628184746
0,9,2.1115223199698576,0.40548,5000,2.2705038300266973,0.28331332533013204,833,2.2643125476166843,0.2829,0.997436076591973,0.08343236876105119,,,0.96,,0.9600139182880506,0.039986081711949395,0,0.0996251644361286,5,0.001,0.1,0.9935521577709435,0.9954911347433597,0.9926539683632954,0.9902979401667922,0.9945087338494744,0.9939049518631837,0.9919528312563097,0.9950563701445412,0.9957637829281571,1.0,0.9921632212365978,0.9890284047619692
0,10,2.1095410839007918,0.39872,5000,2.2631810859397605,0.3013205282112845,833,2.2643125476166843,0.2829,0.9966517504689517,0.08336676236495168,,,0.96,,0.9600139182880506,0.039986081711949395,0,0.0996251644361286,5,0.001,0.1,0.9905580299698212,0.9926045513957779,0.9951975032968355,0.9939474213987359,0.993859265732519,0.9896919942040616,0.9931546588591764,0.9899403819367638,0.9909396714029854,0.9921632212365978,1.0,0.9929401592243937
0,11,2.1081785039537273,0.36792,5000,2.2665379224000155,0.2917166866746699,833,2.2643125476166843,0.2829,0.9944275664205137,0.08318071641366047,,,0.96,,0.9600139182880506,0.039986081711949395,0,0.0996251644361286,5,0.001,0.1,0.9863562671869067,0.9905227895193739,0.9919530723749367,0.9922667514149053,0.9896888479824505,0.9885033905857861,0.9915646924905669,0.9865708441992859,0.9890114628184746,0.9890284047619692,0.9929401592243937,1.0
1,0,1.8642030362110988,0.49208,5000,2.189172559314304,0.3776978417266187,834,2.194050459816052,0.3622,0.997981235426631,0.083292423982707,,,0.96,,0.9600139182880506,0.039986081711949395,0.9745186977486554,0.09982645140251835,5,0.001,0.1,1.0,0.9967830688106818,0.993974815519066,0.9953073979586782,0.9966895141594856,0.9974207571309918,0.9948411614617391,0.9963733534763893,0.9950199827135049,0.9964236644817169,0.9963496073469187,0.9958143491321425
1,1,1.8556039703879388,0.50516,5000,2.1992924919834844,0.34772182254196643,834,2.194050459816052,0.3622,0.9987145305313523,0.08339806604051254,,,0.96,,0.9600139182880506,0.039986081711949395,0.9745186977486554,0.09982645140251835,5,0.001,0.1,0.9967830688106818,1.0,0.9950939527014463,0.9948338420311785,0.9976085082882145,0.997506040436472,0.9956307000411873,0.9979736572641872,0.9963246192031885,0.9974687997428524,0.9973656457017374,0.9971875060645919
1,2,1.8622929176707177,0.48072,5000,2.188747043962832,0.38489208633093525,834,2.194050459816052,0.3622,0.9976454021758862,0.08330666472120579,,,0.96,,0.9600139182880506,0.039986081711949395,0.9745186977486554,0.09982645140251835,5,0.001,0.1,0.993974815519066,0.9950939527014463,1.0,0.9960314163988645,0.9949961484705775,0.994320366546828,0.9968524161848696,0.9956439791017451,0.9965019557218254,0.9957380737627858,0.9964691332134538,0.9953534999302951
1,3,1.8510949660258689,0.47644,5000,2.1942650653697826,0.3345323741007194,834,2.194050459816052,0.3622,0.9975287498283986,0.08326137469179289,,,0.96,,0.9600139182880506,0.039986081711949395,0.9745186977486554,0.09982645140251835,5,0.001,0.1,0.9953073979586782,0.9948338420311785,0.9960314163988645,1.0,0.995075216932272,0.9958748473319474,0.9949879596093852,0.9953569553069406,0.9942178744942972,0.9959177838064487,0.9961879809422528,0.9957922431409132
1,4,1.861118895384916,0.4958,5000,2.191939874931618,0.37695078031212487,833,2.194050459816052,0.3622,0.9986117029528281,0.08340953169347898,,,0.96,,0.9600139182880506,0.039986081711949395,0.9745186977486554,0.09982645140251835,5,0.001,0.1,0.9966895141594856,0.9976085082882145,0.9949961484705775,0.995075216932272,1.0,0.9973407260384363,0.995597490097539,0.9976768840412954,0.9962036414239949,0.9974546817293064,0.9970321440280852,0.9968685768478275
1,5,1.842132403896113,0.51088,5000,2.193071303544221,0.34933973589435774,833,2.194050459816052,0.3622,0.9984765857830226,0.0833333778503283,,,0.96,,0.9600139182880506,0.039986081711949395,0.9745186977486554,0.09982645140251835,5,0.001,0.1,0.9974207571309918,0.997506040436472,0.994320366546828,0.9958748473319474,0.9973407260384363,1.0,0.9953771744807799,0.9973435565093541,0.9953494785465118,0.9972352891211504,0.9961771924531726,0.9969853974332714
1,6,1.8645619772042439,0.52796,5000,2.1905312184934265,0.3397358943577431,833,2.194050459816052,0.3622,0.9978487569648465,0.08330526223009639,,,0.96,,0.9600139182880506,0.039986081711949395,0.9745186977486554,0.09982645140251835,5,0.001,0.1,0.9948411614617391,0.9956307000411873,0.9968524161848696,0.9949879596093852,0.995597490097539,0.9953771744807799,1.0,0.9963302719813534,0.9959928760687099,0.9954762888074641,0.9961513525843462,0.9961751853044098
1,7,1.8491282280842969,0.5504,5000,2.185102356804742,0.3709483793517407,833,2.194050459816052,0.3622,0.9987746769096127,0.08334091374885408,,,0.96,,0.9600139182880506,0.039986081711949395,0.9745186977486554,0.09982645140251835,5,0.001,0.1,0.9963733534763893,0.9979736572641872,0.9956439791017451,0.9953569553069406,0.9976768840412954,0.9973435565093541,0.9963302719813534,1.0,0.9963876836725819,0.9972225846571557,0.9973266611961397,0.9968637005921843
1,8,1.855589878027606,0.48944,5000,2.1981644365522595,0.3709483793517407,833,2.194050459816052,0.3622,0.9978807888473324,0.08333497193109218,,,0.96,,0.9600139182880506,0.039986081711949395,0.9745186977486554,0.09982645140251835,5,0.001,0.1,0.9950199827135049,0.9963246192031885,0.9965019557218254,0.9942178744942972,0.9962036414239949,0.9953494785465118,0.9959928760687099,0.9963876836725819,1.0,0.9963120945543487,0.9955648366185841,0.9959159612214005
1,9,1.8566329237761772,0.5026,5000,2.2011527397014476,0.34813925570228094,833,2.194050459816052,0.3622,0.9986582480833189,0.08340676803318434,,,0.96,,0.9600139182880506,0.039986081711949395,0.9745186977486554,0.09982645140251835,5,0.001,0.1,0.9964236644817169,0.9974687997428524,0.9957380737627858,0.9959177838064487,0.9974546817293064,0.9972352891211504,0.9954762888074641,0.9972225846571557,0.9963120945543487,1.0,0.9970439882773819,0.9968086599288951
1,10,1.8576138408320724,0.49392,5000,2.1940512745468705,0.3817527010804322,833,2.194050459816052,0.3622,0.9986092397666907,0.08336494866109824,,,0.96,,0.9600139182880506,0.039986081711949395,0.9745186977486554,0.09982645140251835,5,0.001,0.1,0.9963496073469187,0.9973656457017374,0.9964691332134538,0.9961879809422528,0.9970321440280852,0.9961771924531726,0.9961513525843462,0.9973266611961397,0.9955648366185841,0.9970439882773819,1.0,0.9968499087914037
1,11,1.8566784412238249,0.47884,5000,2.195679019998621,0.3637454981992797,833,2.194050459816052,0.3622,0.9984497761006244,0.08324569641564936,,,0.96,,0.9600139182880506,0.039986081711949395,0.9745186977486554,0.09982645140251835,5,0.001,0.1,0.9958143491321425,0.9971875060645919,0.9953534999302951,0.9957922431409132,0.9968685768478275,0.9969853974332714,0.9961751853044098,0.9968637005921843,0.9959159612214005,0.9968086599288951,0.9968499087914037,1.0
2,0,1.6561012293123136,0.5416,5000,2.0975311155672425,0.47721822541966424,834,2.1020226364318555,0.4659,0.9977319196827448,0.08328473632289611,,,0.96,,0.9600139182880506,0.039986081711949395,0.9931147187872612,0.0998459645227364,5,0.001,0.1,1.0,0.9958267927044575,0.9951683679273107,0.9956469569994973,0.9952526429127253,0.996743550219721,0.996897064727412,0.9956616997874259,0.9956964947872192,0.9956346862889962,0.9960445438445323,0.9957796085483105
2,1,1.644409718483117,0.5614,5000,2.1072491186636464,0.4304556354916067,834,2.1020226364318555,0.4659,0.9988912604638578,0.08338694368945065,,,0.96,,0.9600139182880506,0.039986081711949395,0.9931147187872612,0.0998459645227364,5,0.001,0.1,0.9958267927044575,1.0,0.9975090217748466,0.9961455187073932,0.9975252847975528,0.997028654898869,0.9967863563703117,0.9981022117039007,0.9975629259453367,0.9975699326131671,0.9975784898378083,0.996599979615855
2,2,1.6516196559948526,0.542,5000,2.0921114992212364,0.5203836930455635,834,2.1020226364318555,0.4659,0.9984586664751002,0.08331692714912775,,,0.96,,0.9600139182880506,0.039986081711949395,0.9931147187872612,0.0998459645227364,5,0.001,0.1,0.9951683679273107,0.9975090217748466,1.0,0.9964574338027721,0.9968439428703542,0.9956125576600099,0.9963896736692661,0.9972469957766372,0.9973595227201164,0.9971543359791201,0.9973228449338839,0.9959904084985156
2,3,1.6410833166663055,0.54344,5000,2.1031065075485795,0.45083932853717024,834,2.1020226364318555,0.4659,0.9978793248984607,0.0832704526057461,,,0.96,,0.9600139182880506,0.039986081711949395,0.9931147187872612,0.0998459645227364,5,0.001,0.1,0.9956469569994973,0.9961455187073932,0.9964574338027721,1.0,0.9961737576912968,0.995224638238032,0.9954232181097856,0.9962541364374244,0.996231695919183,0.9963669597425309,0.9968616363255534,0.9953315535266466
2,4,1.6534161689175162,0.54712,5000,2.0972687315057823,0.468187274909964,833,2.1020226364318555,0.4659,0.9986372208703269,0.08338577550326598,,,0.96,,0.9600139182880506,0.039986081711949395,0.9931147187872612,0.0998459645227364,5,0.001,0.1,0.9952526429127253,0.9975252847975528,0.9968439428703542,0.9961737576912968,1.0,0.9964747338155059,0.9964359042289389,0.997758191512567,0.9972648332957055,0.997284265163524,0.9975118321119778,0.9966654531556034
2,5,1.6310050835275347,0.56536,5000,2.1020133142118103,0.47539015606242496,833,2.1020226364318555,0.4659,0.9982924329264922,0.08332794390593896,,,0.96,,0.9600139182880506,0.039986081711949395,0.9931147187872612,0.0998459645227364,5,0.001,0.1,0.996743550219721,0.997028654898869,0.9956125576600099,0.995224638238032,0.9964747338155059,1.0,0.9971231576105272,0.9968267164117048,0.9962656810993848,0.9967779301988603,0.9958708890667008,0.9971162518107966
2,6,1.6533499371473956,0.57676,5000,2.09829169732553,0.4297719087635054,833,2.1020226364318555,0.4659,0.9983857158922176,0.0833137123970994,,,0.96,,0.9600139182880506,0.039986081711949395,0.9931147187872612,0.0998459645227364,5,0.001,0.1,0.996897064727412,0.9967863563703117,0.9963896736692661,0.9954232181097856,0.9964359042289389,0.9971231576105272,1.0,0.9968786894986676,0.996369433863494,0.9962113612645825,0.9964480789634553,0.9972215688749793
2,7,1.6358500130616935,0.58716,5000,2.0896162147875184,0.47539015606242496,833,2.1020226364318555,0.4659,0.9988544739454344,0.08335070660519506,,,0.96,,0.9600139182880506,0.039986081711949395,0.9931147187872612,0.0998459645227364,5,0.001,0.1,0.9956616997874259,0.9981022117039007,0.9972469957766372,0.9962541364374244,0.997758191512567,0.9968267164117048,0.9968786894986676,1.0,0.9975241203557275,0.9972883810328453,0.9976130701305238,0.9966415260279448
2,8,1.64511327933354,0.55916,5000,2.1094810874373824,0.47058823529411764,833,2.1020226364318555,0.4659,0.9986959746500069,0.08334194674426912,,,0.96,,0.9600139182880506,0.039986081711949395,0.9931147187872612,0.0998459645227364,5,0.001,0.1,0.9956964947872192,0.9975629259453367,0.9973595227201164,0.996231695919183,0.9972648332957055,0.9962656810993848,0.996369433863494,0.9975241203557275,1.0,0.9972349286114981,0.9973214414083943,0.9970671118555939
2,9,1.6475586556325292,0.56012,5000,2.109558856045758,0.4561824729891957,833,2.1020226364318555,0.4659,0.9986469618056344,0.08338439504788077,,,0.96,,0.9600139182880506,0.039986081711949395,0.9931147187872612,0.0998459645227364,5,0.001,0.1,0.9956346862889962,0.9975699326131671,0.9971543359791201,0.9963669597425309,0.997284265163524,0.9967779301988603,0.9962113612645825,0.9972883810328453,0.9972349286114981,1.0,0.997208915444109,0.9965763543642012
2,10,1.650146998721323,0.5488,5000,2.1025137459790266,0.46938775510204084,833,2.1020226364318555,0.4659,0.9987247392245628,0.08336125897899503,,,0.96,,0.9600139182880506,0.039986081711949395,0.9931147187872612,0.0998459645227364,5,0.001,0.1,0.9960445438445323,0.9975784898378083,0.9973228449338839,0.9968616363255534,0.9975118321119778,0.9958708890667008,0.9964480789634553,0.9976130701305238,0.9973214414083943,0.997208915444109,1.0,0.9964599958163683
2,11,1.6425041863113452,0.554,5000,2.1023963910562022,0.4669867947178872,833,2.1020226364318555,0.4659,0.998324326184324,0.0832752010501352,,,0.96,,0.9600139182880506,0.039986081711949395,0.9931147187872612,0.0998459645227364,5,0.001,0.1,0.9957796085483105,0.996599979615855,0.9959904084985156,0.9953315535266466,0.9966654531556034,0.9971162518107966,0.9972215688749793,0.9966415260279448,0.9970671118555939,0.9965763543642012,0.9964599958163683,1.0
3,0,1.4917326389604313,0.57972,5000,1.984999003233733,0.5347721822541966,834,1.98928607195711,0.5221,0.9984949176645473,0.08329723098402757,,,0.96,,0.9600139182880506,0.039986081711949395,0.9958825041839648,0.09986894462893547,5,0.001,0.1,1.0,0.9973331473578809,0.9966544360679586,0.9971233791793896,0.9967816687938132,0.9972863805825348,0.9965886216358281,0.997024061488042,0.996964039843199,0.9971228159813298,0.9970750956639193,0.9962928433566801
3,1,1.4792267403784831,0.58964,5000,1.9946630089371293,0.4892086330935252,834,1.98928607195711,0.5221,0.998947672273539,0.08337451838288701,,,0.96,,0.9600139182880506,0.039986081711949395,0.9958825041839648,0.09986894462893547,5,0.001,0.1,0.9973331473578809,1.0,0.9974089199169393,0.9970023165331738,0.9972925338247483,0.9973986554561158,0.9971494865045283,0.9977565252681511,0.997477202375789,0.9976707158379436,0.997872123402239,0.9973073061910337
3,2,1.4876930833622148,0.58884,5000,1.9741213807353266,0.565947242206235,834,1.98928607195711,0.5221,0.9987093629398597,0.08332389195262764,,,0.96,,0.9600139182880506,0.039986081711949395,0.9958825041839648,0.09986894462893547,5,0.001,0.1,0.9966544360679586,0.9974089199169393,1.0,0.9970138255318389,0.9971042542459961,0.9967485305556277,0.9974352057748825,0.9973849894738719,0.9973466966261894,0.9970659613116949,0.9977033906589241,0.996948957478365
3,3,1.4782592667136223,0.591,5000,1.9913010244016294,0.4988009592326139,834,1.98928607195711,0.5221,0.9985441983114464,0.08329006251138658,,,0.96,,0.9600139182880506,0.039986081711949395,0.9958825041839648,0.09986894462893547,5,0.001,0.1,0.9971233791793896,0.9970023165331738,0.9970138255318389,1.0,0.9967248541484679,0.9975452755831377,0.9967095744512454,0.9970314201400905,0.9969424433474774,0.9970769369159508,0.9968497635043532,0.9968186222706541
3,4,1.490782204023592,0.5862,5000,1.9813621441523235,0.5354141656662665,833,1.98928607195711,0.5221,0.9985990642221625,0.08336255090895964,,,0.96,,0.9600139182880506,0.039986081711949395,0.9958825041839648,0.09986894462893547,5,0.001,0.1,0.9967816687938132,0.9972925338247483,0.9971042542459961,0.9967248541484679,1.0,0.9968267684341939,0.9969175779406593,0.9975278019003164,0.9969472973269222,0.9971893352546741,0.9975382787298682,0.9966401439620812
3,5,1.4672805809670952,0.59748,5000,1.99043783876631,0.5150060024009604,833,1.98928607195711,0.5221,0.9987121986825795,0.08333073910567931,,,0.96,,0.9600139182880506,0.039986081711949395,0.9958825041839648,0.09986894462893547,5,0.001,0.1,0.9972863805825348,0.9973986554561158,0.9967485305556277,0.9975452755831377,0.9968267684341939,1.0,0.996898222633093,0.9973266681358318,0.9965978913286441,0.9976896494456671,0.9972421748720531,0.9972894291809365
3,6,1.4870292923253052,0.61292,5000,1.985290112318816,0.49939975990396157,833,1.98928607195711,0.5221,0.9985017402398407,0.0833152197172282,,,0.96,,0.9600139182880506,0.039986081711949395,0.9958825041839648,0.09986894462893547,5,0.001,0.1,0.9965886216358281,0.9971494865045283,0.9974352057748825,0.9967095744512454,0.9969175779406593,0.996898222633093,1.0,0.997261876490653,0.9964940313331281,0.9967386094797692,0.9971543876431027,0.9969800099614813
3,7,1.4720636735296553,0.61752,5000,1.9723210820445307,0.5306122448979592,833,1.98928607195711,0.5221,0.99886404005656,0.08334959810834604,,,0.96,,0.9600139182880506,0.039986081711949395,0.9958825041839648,0.09986894462893547,5,0.001,0.1,0.997024061488042,0.9977565252681511,0.9973849894738719,0.9970314201400905,0.9975278019003164,0.9973266681358318,0.997261876490653,1.0,0.9974284527349909,0.9970967456543199,0.9977518396041586,0.9970772023886488
3,8,1.4823916786795208,0.59816,5000,2.001113291139956,0.5162064825930373,833,1.98928607195711,0.5221,0.9986355678536825,0.08333685262796164,,,0.96,,0.9600139182880506,0.039986081711949395,0.9958825041839648,0.09986894462893547,5,0.001,0.1,0.996964039843199,0.997477202375789,0.9973466966261894,0.9969424433474774,0.9969472973269222,0.9965978913286441,0.9964940313331281,0.9974284527349909,1.0,0.9972153026176158,0.99757449589342,0.9969420242232795
3,9,1.4828475523146853,0.60072,5000,1.9973458625652172,0.5186074429771909,833,1.98928607195711,0.5221,0.9987854951260839,0.08336772134507899,,,0.96,,0.9600139182880506,0.039986081711949395,0.9958825041839648,0.09986894462893547,5,0.001,0.1,0.9971228159813298,0.9976707158379436,0.9970659613116949,0.9970769369159508,0.9971893352546741,0.9976896494456671,0.9967386094797692,0.9970967456543199,0.9972153026176158,1.0,0.9975042559241217,0.9973552730447659
3,10,1.4866497316178242,0.592,5000,1.989817570756983,0.5162064825930373,833,1.98928607195711,0.5221,0.9989365931898696,0.08335841058410763,,,0.96,,0.9600139182880506,0.039986081711949395,0.9958825041839648,0.09986894462893547,5,0.001,0.1,0.9970750956639193,0.997872123402239,0.9977033906589241,0.9968497635043532,0.9975382787298682,0.9972421748720531,0.9971543876431027,0.9977518396041586,0.99757449589342,0.9975042559241217,1.0,0.9972707040228381
3,11,1.4770245347812676,0.59844,5000,1.9877471261554294,0.5450180072028812,833,1.98928607195711,0.5221,0.9985513075642392,0.08329320377170976,,,0.96,,0.9600139182880506,0.039986081711949395,0.9958825041839648,0.09986894462893547,5,0.001,0.1,0.9962928433566801,0.9973073061910337,0.996948957478365,0.9968186222706541,0.9966401439620812,0.9972894291809365,0.9969800099614813,0.9970772023886488,0.9969420242232795,0.9973552730447659,0.9972707040228381,1.0
4,0,1.3650406090317257,0.60076,5000,1.8549908841097797,0.5551558752997602,834,1.8590835805137318,0.5509,0.9983721247791633,0.08330852801379372,,,0.96,,0.9600139182880506,0.039986081711949395,0.9978261669993866,0.09984540636955708,5,0.001,0.1,1.0,0.9969135480312838,0.9962672778164582,0.9966182156171561,0.9964846255760018,0.9966168054507485,0.9964369219424335,0.9968185443564576,0.9969535139067145,0.9967007537845592,0.9963846938785506,0.9957584338613643
4,1,1.3538034399603582,0.61588,5000,1.864882027661359,0.5215827338129496,834,1.8590835805137318,0.5509,0.9988460130720366,0.08337122193164453,,,0.96,,0.9600139182880506,0.039986081711949395,0.9978261669993866,0.09984540636955708,5,0.001,0.1,0.9969135480312838,1.0,0.9971142804726554,0.9966482889344305,0.9970341709492629,0.9969163850199589,0.9970925130474082,0.9974838358312729,0.9970547387102779,0.9970706342106684,0.9973985932970657,0.9969013845179756
4,2,1.3592664781649402,0.61576,5000,1.8378777503967285,0.5875299760191847,834,1.8590835805137318,0.5509,0.9984262726201416,0.08332662613805182,,,0.96,,0.9600139182880506,0.039986081711949395,0.9978261669993866,0.09984540636955708,5,0.001,0.1,0.9962672778164582,0.9971142804726554,1.0,0.9963831922175409,0.9967521127923384,0.995830202938178,0.996627329580165,0.9968812290229493,0.9968303827871975,0.9963819931457808,0.9973344526147867,0.9961982088425752
4,3,1.3505278194026582,0.61484,5000,1.862223779713666,0.5335731414868106,834,1.8590835805137318,0.5509,0.9982736718486432,0.08330095400213247,,,0.96,,0.9600139182880506,0.039986081711949395,0.9978261669993866,0.09984540636955708,5,0.001,0.1,0.9966182156171561,0.9966482889344305,0.9963831922175409,1.0,0.9963430522784682,0.9969284921314288,0.9961091595970265,0.9966061549694253,0.9963725855349737,0.996526465558669,0.9962558013381378,0.9959830245507059
4,4,1.3645846939390631,0.60824,5000,1.8479584632096466,0.553421368547419,833,1.8590835805137318,0.5509,0.9984656218819535,0.08335160460990301,,,0.96,,0.9600139182880506,0.039986081711949395,0.9978261669993866,0.09984540636955708,5,0.001,0.1,0.9964846255760018,0.9970341709492629,0.9967521127923384,0.9963430522784682,1.0,0.996454058243402,0.996534520870339,0.9972610186262877,0.9964067145580555,0.9968730951580721,0.9967951895623343,0.9961320418876319
4,5,1.340850352481672,0.624,5000,1.8610541864677712,0.5510204081632653,833,1.8590835805137318,0.5509,0.9984180874605834,0.08333056109667851,,,0.96,,0.9600139182880506,0.039986081711949395,0.9978261669993866,0.09984540636955708,5,0.001,0.1,0.9966168054507485,0.9969163850199589,0.995830202938178,0.9969284921314288,0.996454058243402,1.0,0.9964116654254525,0.9967324657515167,0.9959218271798675,0.997106723389417,0.9966906030929269,0.996893908133418
4,6,1.3597294746690496,0.62908,5000,1.8544626677477802,0.5366146458583433,833,1.8590835805137318,0.5509,0.9982919220334432,0.08331697123167311,,,0.96,,0.9600139182880506,0.039986081711949395,0.9978261669993866,0.09984540636955708,5,0.001,0.1,0.9964369219424335,0.9970925130474082,0.996627329580165,0.9961091595970265,0.996534520870339,0.9964116654254525,1.0,0.9966696256386788,0.9957991665624978,0.9959892549216965,0.9967799167493786,0.9965418390044881
4,7,1.3445442497350608,0.63504,5000,1.8371115613866735,0.5582232893157263,833,1.8590835805137318,0.5509,0.9986533712502415,0.08334972110116946,,,0.96,,0.9600139182880506,0.039986081711949395,0.9978261669993866,0.09984540636955708,5,0.001,0.1,0.9968185443564576,0.9974838358312729,0.9968812290229493,0.9966061549694253,0.9972610186262877,0.9967324657515167,0.9966696256386788,1.0,0.9968897206232393,0.9962876254131042,0.9973261668932035,0.9963644355044724
4,8,1.3543113500449309,0.62072,5000,1.8764651351504855,0.5342136854741897,833,1.8590835805137318,0.5509,0.998349203130998,0.08333208693179232,,,0.96,,0.9600139182880506,0.039986081711949395,0.9978261669993866,0.09984540636955708,5,0.001,0.1,0.9969535139067145,0.9970547387102779,0.9968303827871975,0.9963725855349737,0.9964067145580555,0.9959218271798675,0.9957991665624978,0.9968897206232393,1.0,0.9965204088598265,0.9969074910812522,0.9960204636647144
4,9,1.3549797900163445,0.62572,5000,1.868003871705797,0.5510204081632653,833,1.8590835805137318,0.5509,0.9984534608256216,0.08335438295670901,,,0.96,,0.9600139182880506,0.039986081711949395,0.9978261669993866,0.09984540636955708,5,0.001,0.1,0.9967007537845592,0.9970706342106684,0.9963819931457808,0.996526465558669,0.9968730951580721,0.997106723389417,0.9959892549216965,0.9962876254131042,0.9965204088598265,1.0,0.9968505673630871,0.9966176106575579
4,10,1.3602390560374897,0.616,5000,1.859361555841234,0.5582232893157263,833,1.8590835805137318,0.5509,0.9986750285432412,0.08335582456935774,,,0.96,,0.9600139182880506,0.039986081711949395,0.9978261669993866,0.09984540636955708,5,0.001,0.1,0.9963846938785506,0.9973985932970657,0.9973344526147867,0.9962558013381378,0.9967951895623343,0.9966906030929269,0.9967799167493786,0.9973261668932035,0.9969074910812522,0.9968505673630871,1.0,0.9968564636009448
4,11,1.348673897336243,0.625,5000,1.8547421473043937,0.5702280912364946,833,1.8590835805137318,0.5509,0.9982314433184766,0.0833015174170943,,,0.96,,0.9600139182880506,0.039986081711949395,0.9978261669993866,0.09984540636955708,5,0.001,0.1,0.9957584338613643,0.9969013845179756,0.9961982088425752,0.9959830245507059,0.9961320418876319,0.996893908133418,0.9965418390044881,0.9963644355044724,0.9960204636647144,0.9966176106575579,0.9968564636009448,1.0
5,0,1.2636768746527896,0.62392,5000,1.7138199143939548,0.5743405275779376,834,1.7177966616024225,0.5683,0.9978944046685763,0.08330765414324523,,,0.96,,0.9600139182880506,0.039986081711949395,0.9983295767503754,0.0998217686369276,5,0.001,0.1,1.0,0.9960742502391843,0.9955574142281719,0.9955461273140748,0.99569910730696,0.9960713846584016,0.9958209233136478,0.9960369939562737,0.9962214108748817,0.9956843328327373,0.9957881873288477,0.994902272004089
5,1,1.2513162709345484,0.63868,5000,1.7242961194780138,0.5431654676258992,834,1.7177966616024225,0.5683,0.9985458202298786,0.08336713386840126,,,0.96,,0.9600139182880506,0.039986081711949395,0.9983295767503754,0.0998217686369276,5,0.001,0.1,0.9960742502391843,1.0,0.9965066217019081,0.9959145669456,0.9965533027144721,0.9965284956947374,0.99672043493458,0.99675218082271,0.9964593925066516,0.9963436630075034,0.9970151596640797,0.9963345802850878
5,2,1.2572517725312786,0.63612,5000,1.6901456426691126,0.5935251798561151,834,1.7177966616024225,0.5683,0.9982350969401491,0.08332975185318939,,,0.96,,0.9600139182880506,0.039986081711949395,0.9983295767503754,0.0998217686369276,5,0.001,0.1,0.9955574142281719,0.9965066217019081,1.0,0.9956580893236263,0.9961196744744503,0.9957955972638591,0.9964334090962376,0.9961879718215216,0.9964709021833309,0.9958154632496676,0.9970736670659801,0.9958634806299304
5,3,1.2498178321085158,0.63664,5000,1.721991154882643,0.5419664268585132,834,1.7177966616024225,0.5683,0.997892852437309,0.08330295869724835,,,0.96,,0.9600139182880506,0.039986081711949395,0.9983295767503754,0.0998217686369276,5,0.001,0.1,0.9955461273140748,0.9959145669456,0.9956580893236263,1.0,0.9957023990595163,0.9966730072002866,0.995402907104171,0.9956609068965648,0.9956876156227552,0.9957884547317005,0.9958569807102251,0.9954934253008542
5,4,1.2623816967769792,0.62724,5000,1.7034993215843484,0.5726290516206483,833,1.7177966616024225,0.5683,0.9982303894365344,0.08334491984360605,,,0.96,,0.9600139182880506,0.039986081711949395,0.9983295767503754,0.0998217686369276,5,0.001,0.1,0.99569910730696,0.9965533027144721,0.9961196744744503,0.9957023990595163,1.0,0.9962160731522842,0.9961341521938007,0.9966405213645362,0.995651150683991,0.9962780542440005,0.9965749509332258,0.995855259047794
5,5,1.238584505069028,0.63752,5000,1.7201289424189814,0.5714285714285714,833,1.7177966616024225,0.5683,0.9984253999485483,0.08333830830902715,,,0.96,,0.9600139182880506,0.039986081711949395,0.9983295767503754,0.0998217686369276,5,0.001,0.1,0.9960713846584016,0.9965284956947374,0.9957955972638591,0.9966730072002866,0.9962160731522842,1.0,0.9964688732795919,0.9963755562096117,0.9956906890648862,0.9966795346088677,0.9965001030383888,0.9967631005695969
5,6,1.2568060246242838,0.64872,5000,1.7125174910933882,0.5558223289315727,833,1.7177966616024225,0.5683,0.9981722675181419,0.08332180209245596,,,0.96,,0.9600139182880506,0.039986081711949395,0.9983295767503754,0.0998217686369276,5,0.001,0.1,0.9958209233136478,0.99672043493458,0.9964334090962376,0.995402907104171,0.9961341521938007,0.9964688732795919,1.0,0.9959603514548895,0.9952842652552647,0.9956250371524162,0.9966466696302955,0.9962333028130921
5,7,1.2425446297712386,0.64712,5000,1.6909529544689037,0.5786314525810324,833,1.7177966616024225,0.5683,0.9983024435710209,0.08334609056924419,,,0.96,,0.9600139182880506,0.039986081711949395,0.9983295767503754,0.0998217686369276,5,0.001,0.1,0.9960369939562737,0.99675218082271,0.9961879718215216,0.9956609068965648,0.9966405213645362,0.9963755562096117,0.9959603514548895,1.0,0.9963621983172908,0.9954886345737587,0.9969948200220148,0.9958277514183198
5,8,1.2520076335615413,0.64148,5000,1.7419213365625452,0.5570228091236494,833,1.7177966616024225,0.5683,0.9981147943025994,0.08332921769270356,,,0.96,,0.9600139182880506,0.039986081711949395,0.9983295767503754,0.0998217686369276,5,0.001,0.1,0.9962214108748817,0.9964593925066516,0.9964709021833309,0.9956876156227552,0.995651150683991,0.9956906890648862,0.9952842652552647,0.9963621983172908,1.0,0.9958651158682823,0.9967605508110966,0.9955877448969553
5,9,1.2511563540264299,0.64792,5000,1.72730936827483,0.5690276110444178,833,1.7177966616024225,0.5683,0.9981235431162394,0.08334317484253122,,,0.96,,0.9600139182880506,0.039986081711949395,0.9983295767503754,0.0998217686369276,5,0.001,0.1,0.9956843328327373,0.9963436630075034,0.9958154632496676,0.9957884547317005,0.9962780542440005,0.9966795346088677,0.9956250371524162,0.9954886345737587,0.9958651158682823,1.0,0.9963588667200141,0.9962179339919616
5,10,1.2585638380354378,0.63888,5000,1.7175361271257754,0.5774309723889556,833,1.7177966616024225,0.5683,0.9986141989652823,0.08335989755109405,,,0.96,,0.9600139182880506,0.039986081711949395,0.9983295767503754,0.0998217686369276,5,0.001,0.1,0.9957881873288477,0.9970151596640797,0.9970736670659801,0.9958569807102251,0.9965749509332258,0.9965001030383888,0.9966466696302955,0.9969948200220148,0.9967605508110966,0.9963588667200141,1.0,0.9964522434825315
5,11,1.244441818735402,0.64596,5000,1.7104427284664578,0.5846338535414166,833,1.7177966616024225,0.5683,0.9980721035147808,0.08330909053725355,,,0.96,,0.9600139182880506,0.039986081711949395,0.9983295767503754,0.0998217686369276,5,0.001,0.1,0.994902272004089,0.9963345802850878,0.9958634806299304,0.9954934253008542,0.995855259047794,0.9967631005695969,0.9962333028130921,0.9958277514183198,0.9955877448969553,0.9962179339919616,0.9964522434825315,1.0
6,0,1.1773757788026409,0.64396,5000,1.568582989551403,0.6031175059952039,834,1.572752377476555,0.5884,0.997243257263427,0.0833012715496384,,,0.96,,0.9600139182880506,0.039986081711949395,0.9984867243062276,0.09977475491868008,5,0.001,0.1,1.0,0.9946189511469683,0.9944241310766238,0.9944770642203627,0.9942636710930318,0.9947617956016629,0.9945197494002569,0.9948214184433776,0.9952736303020997,0.9948951315735786,0.9940599424517513,0.9938610662168752
6,1,1.1670641981112728,0.65556,5000,1.5801303519143,0.564748201438849,834,1.572752377476555,0.5884,0.9980235001594805,0.08336294974861845,,,0.96,,0.9600139182880506,0.039986081711949395,0.9984867243062276,0.09977475491868008,5,0.001,0.1,0.9946189511469683,1.0,0.9957945681790009,0.9948291063287112,0.995650609734246,0.9955744844581983,0.9952792413225718,0.9957448850989787,0.9953325264365618,0.9953303174488234,0.9958571539666279,0.9953024079150871
6,2,1.1714479481338695,0.65568,5000,1.5393558519857902,0.6151079136690647,834,1.572752377476555,0.5884,0.9978638117176459,0.08333486247035753,,,0.96,,0.9600139182880506,0.039986081711949395,0.9984867243062276,0.09977475491868008,5,0.001,0.1,0.9944241310766238,0.9957945681790009,1.0,0.9947307997253028,0.9952196617913536,0.9950481273379373,0.9956238432410295,0.9952096431276852,0.9955143664207923,0.9946382695382456,0.9961899029308063,0.9950109033412596
6,3,1.166138398571379,0.65432,5000,1.5781248013178508,0.5563549160671463,834,1.572752377476555,0.5884,0.9973543891496306,0.08330197921198418,,,0.96,,0.9600139182880506,0.039986081711949395,0.9984867243062276,0.09977475491868008,5,0.001,0.1,0.9944770642203627,0.9948291063287112,0.9947307997253028,1.0,0.9945458697191728,0.9957716355942984,0.9940821368609254,0.9949736702672646,0.9944512854494401,0.994457072569624,0.9947858325868101,0.9942025927649074
6,4,1.1794121784769047,0.64756,5000,1.555401810893306,0.5846338535414166,833,1.572752377476555,0.5884,0.9977531551756799,0.0833405944106245,,,0.96,,0.9600139182880506,0.039986081711949395,0.9984867243062276,0.09977475491868008,5,0.001,0.1,0.9942636710930318,0.995650609734246,0.9952196617913536,0.9945458697191728,1.0,0.995119335472335,0.9952192343353519,0.9956944028495465,0.9944513871513766,0.9955038061032007,0.9954951616686754,0.9949151642356342
6,5,1.153398873775628,0.66188,5000,1.574779545819318,0.5942376950780313,833,1.572752377476555,0.5884,0.9980491422035294,0.08334609494258301,,,0.96,,0.9600139182880506,0.039986081711949395,0.9984867243062276,0.09977475491868008,5,0.001,0.1,0.9947617956016629,0.9955744844581983,0.9950481273379373,0.9957716355942984,0.995119335472335,1.0,0.9955734912225767,0.9955608877446382,0.9944524234822276,0.9960811363389964,0.9956588761713614,0.996021239695417
6,6,1.171703256087698,0.6628,5000,1.566986984676785,0.5738295318127251,833,1.572752377476555,0.5884,0.9976615796802566,0.08332345648094443,,,0.96,,0.9600139182880506,0.039986081711949395,0.9984867243062276,0.09977475491868008,5,0.001,0.1,0.9945197494002569,0.9952792413225718,0.9956238432410295,0.9940821368609254,0.9952192343353519,0.9955734912225767,1.0,0.9947684912509444,0.99398699238435,0.9948688854124907,0.9958156327115755,0.9952457389095075
6,7,1.1578008162747522,0.66364,5000,1.541393518447876,0.5990396158463386,833,1.572752377476555,0.5884,0.9978735800689429,0.08334520064084876,,,0.96,,0.9600139182880506,0.039986081711949395,0.9984867243062276,0.09977475491868008,5,0.001,0.1,0.9948214184433776,0.9957448850989787,0.9952096431276852,0.9949736702672646,0.9956944028495465,0.9955608877446382,0.9947684912509444,1.0,0.9953644909070574,0.9945210405847402,0.9960510360912533,0.9948102757972133
6,8,1.168193521924839,0.65236,5000,1.6044566410559196,0.575030012004802,833,1.572752377476555,0.5884,0.9975709855223374,0.08332508054958275,,,0.96,,0.9600139182880506,0.039986081711949395,0.9984867243062276,0.09977475491868008,5,0.001,0.1,0.9952736303020997,0.9953325264365618,0.9955143664207923,0.9944512854494401,0.9944513871513766,0.9944524234822276,0.99398699238435,0.9953644909070574,1.0,0.9947373739073433,0.9958529038410132,0.994481043905703
6,9,1.1663339417451506,0.66232,5000,1.5831733897880271,0.5846338535414166,833,1.572752377476555,0.5884,0.9977628577163467,0.0833398372190616,,,0.96,,0.9600139182880506,0.039986081711949395,0.9984867243062276,0.09977475491868008,5,0.001,0.1,0.9948951315735786,0.9953303174488234,0.9946382695382456,0.994457072569624,0.9955038061032007,0.9960811363389964,0.9948688854124907,0.9945210405847402,0.9947373739073433,1.0,0.995351127999956,0.9958110671311289
6,10,1.1728955426033896,0.65572,5000,1.5710395133053814,0.60984393757503,833,1.572752377476555,0.5884,0.9981402399680946,0.08336227980276002,,,0.96,,0.9600139182880506,0.039986081711949395,0.9984867243062276,0.09977475491868008,5,0.001,0.1,0.9940599424517513,0.9958571539666279,0.9961899029308063,0.9947858325868101,0.9954951616686754,0.9956588761713614,0.9958156327115755,0.9960510360912533,0.9958529038410132,0.995351127999956,1.0,0.9955947462778406
6,11,1.1596375421353966,0.66508,5000,1.5618271783546165,0.6002400960384153,833,1.572752377476555,0.5884,0.9976843213329069,0.08331639297299641,,,0.96,,0.9600139182880506,0.039986081711949395,0.9984867243062276,0.09977475491868008,5,0.001,0.1,0.9938610662168752,0.9953024079150871,0.9950109033412596,0.9942025927649074,0.9949151642356342,0.996021239695417,0.9952457389095075,0.9948102757972133,0.994481043905703,0.9958110671311289,0.9955947462778406,1.0
7,0,1.104609508423289,0.6602,5000,1.4270697567198012,0.6294964028776978,834,1.431444083920683,0.623,0.9969811903009685,0.08330474917223667,,,0.96,,0.9600139182880506,0.039986081711949395,0.9984164239560829,0.09972560297114322,5,0.001,0.1,1.0,0.9939588565380936,0.9929932764508911,0.9934806840979944,0.9933120693471144,0.9938435453408805,0.9937844576370239,0.9945935322411905,0.9944998494834328,0.9939665036689088,0.993577998657235,0.9929518605484301
7,1,1.0951992520860805,0.66964,5000,1.4397355759585346,0.6067146282973621,834,1.431444083920683,0.623,0.9975215815320937,0.08336004262154127,,,0.96,,0.9600139182880506,0.039986081711949395,0.9984164239560829,0.09972560297114322,5,0.001,0.1,0.9939588565380936,1.0,0.9942480180807451,0.9934523055282997,0.9941616513300463,0.9946136998733246,0.9947248401779315,0.9943927114535956,0.9946377818677815,0.9941046344780463,0.994833716516461,0.9942966088790133
