round,client_id,client_i_training_loss,client_i_training_accuracy,client_i_training_dataset_size,client_i_evaluation_loss,client_i_evaluation_accuracy,client_i_evaluation_dataset_size,client_i_central_evaluation_loss,client_i_central_evaluation_accuracy,client_i_cosine_similarity,client_i_importance_coefficient,client_i_tanh_val,tanh_normalization_value,client_i_q,client_i_mask_order,client_i_v_nonzero_fraction,client_i_v_sparsity,client_i_v_cosine_similarity,client_i_reward_gradient_norm,local_epochs,learning_rate,gamma,client_0_cosine_similarity,client_1_cosine_similarity,client_2_cosine_similarity,client_3_cosine_similarity,client_4_cosine_similarity,client_5_cosine_similarity,client_6_cosine_similarity,client_7_cosine_similarity,client_8_cosine_similarity,client_9_cosine_similarity,client_10_cosine_similarity,client_11_cosine_similarity
0,0,2.156047924157161,0.37984,5000,2.2561451417428477,0.1906474820143885,834,2.2582875478762787,0.1839,0.99651122579156,0.08328195964922372,,,0.96,,0.9600139182880506,0.039986081711949395,0,0.09971258558725768,5,0.001,0.1,1.0,0.9926368988995907,0.9923250833434452,0.9929294937813269,0.9945291449832219,0.9945768652536634,0.9935911896398485,0.9924812319093155,0.9927178497991003,0.9937177459964489,0.9934951375957609,0.9907656497043712
0,1,2.150448334748578,0.40072,5000,2.2609385914272733,0.16666666666666666,834,2.2582875478762787,0.1839,0.9973165136658738,0.08334926039859696,,,0.96,,0.9600139182880506,0.039986081711949395,0,0.09971258558725768,5,0.001,0.1,0.9926368988995907,1.0,0.9924307874821854,0.9916040347023134,0.9942112761471291,0.9956869907602889,0.9933983197199275,0.9960222480228722,0.9934445632675001,0.9953291419371199,0.9951320125654388,0.993505698434084
0,2,2.154327491286454,0.394,5000,2.251716869848746,0.20863309352517986,834,2.2582875478762787,0.1839,0.9972616420873288,0.08334467458714596,,,0.96,,0.9600139182880506,0.039986081711949395,0,0.09971258558725768,5,0.001,0.1,0.9923250833434452,0.9924307874821854,1.0,0.9952215592279777,0.9929947769084988,0.992006393019704,0.9945455001902693,0.9932864792358184,0.9959043120441542,0.9960888900230755,0.9943140227292608,0.9936276019251069
0,3,2.1506713089669587,0.38444,5000,2.261010337758947,0.16786570743405277,834,2.2582875478762787,0.1839,0.9968150014868484,0.08330734725604905,,,0.96,,0.9600139182880506,0.039986081711949395,0,0.09971258558725768,5,0.001,0.1,0.9929294937813269,0.9916040347023134,0.9952215592279777,1.0,0.9928759794753983,0.9931489695846553,0.9934813150144236,0.9915557955583564,0.9950740990224992,0.9939847281641084,0.9928314462403482,0.9946937024574766
0,4,2.1558927331001136,0.35884,5000,2.2592003875308566,0.18247298919567828,833,2.2582875478762787,0.1839,0.997096430406017,0.08333086726393626,,,0.96,,0.9600139182880506,0.039986081711949395,0,0.09971258558725768,5,0.001,0.1,0.9945291449832219,0.9942112761471291,0.9929947769084988,0.9928759794753983,1.0,0.995122630188516,0.9943253155964548,0.9964136521894537,0.9920969914196656,0.993049977789746,0.9940846629018796,0.9910641556594985
0,5,2.1450902897840853,0.39008,5000,2.2540363912229187,0.20168067226890757,833,2.2582875478762787,0.1839,0.997127464587143,0.08333346089996704,,,0.96,,0.9600139182880506,0.039986081711949395,0,0.09971258558725768,5,0.001,0.1,0.9945768652536634,0.9956869907602889,0.992006393019704,0.9931489695846553,0.995122630188516,1.0,0.9944468418562056,0.9954265825032882,0.992229510776785,0.9943216683217162,0.9918669741031387,0.9923064773444665
0,6,2.1545895266684756,0.38344,5000,2.257981856664022,0.20408163265306123,833,2.2582875478762787,0.1839,0.9973617031329135,0.083353037041823,,,0.96,,0.9600139182880506,0.039986081711949395,0,0.09971258558725768,5,0.001,0.1,0.9935911896398485,0.9933983197199275,0.9945455001902693,0.9934813150144236,0.9943253155964548,0.9944468418562056,1.0,0.9960274719895235,0.9935056628430855,0.9946704920572778,0.9923739196013271,0.9935766595339278
0,7,2.150243277914205,0.36768,5000,2.2522754492583097,0.17406962785114047,833,2.2582875478762787,0.1839,0.9974377410046902,0.08335939179509143,,,0.96,,0.9600139182880506,0.039986081711949395,0,0.09971258558725768,5,0.001,0.1,0.9924812319093155,0.9960222480228722,0.9932864792358184,0.9915557955583564,0.9964136521894537,0.9954265825032882,0.9960274719895235,1.0,0.9928024047060081,0.994610343270047,0.9944537391486908,0.99177257036666
0,8,2.1519078869728525,0.40012,5000,2.2637283625426114,0.1872749099639856,833,2.2582875478762787,0.1839,0.9972205268798408,0.08334123844416798,,,0.96,,0.9600139182880506,0.039986081711949395,0,0.09971258558725768,5,0.001,0.1,0.9927178497991003,0.9934445632675001,0.9959043120441542,0.9950740990224992,0.9920969914196656,0.992229510776785,0.9935056628430855,0.9928024047060081,1.0,0.9964121585619921,0.9940916565317556,0.9939742323346517
0,9,2.150766411860278,0.42884,5000,2.2583175941749856,0.18127250900360145,833,2.2582875478762787,0.1839,0.997939623339518,0.08340133587286595,,,0.96,,0.9600139182880506,0.039986081711949395,0,0.09971258558725768,5,0.001,0.1,0.9937177459964489,0.9953291419371199,0.9960888900230755,0.9939847281641084,0.993049977789746,0.9943216683217162,0.9946704920572778,0.994610343270047,0.9964121585619921,1.0,0.9949408688036252,0.9937317829968372
0,10,2.1505582788187985,0.38368,5000,2.2637419435713024,0.16206482593037214,833,2.2582875478762787,0.1839,0.9970696346198263,0.08332862784552679,,,0.96,,0.9600139182880506,0.039986081711949395,0,0.09971258558725768,5,0.001,0.1,0.9934951375957609,0.9951320125654388,0.9943140227292608,0.9928314462403482,0.9940846629018796,0.9918669741031387,0.9923739196013271,0.9944537391486908,0.9940916565317556,0.9949408688036252,1.0,0.9928634974416843
0,11,2.1500810064327944,0.39232,5000,2.256974352730645,0.18007202881152462,833,2.2582875478762787,0.1839,0.9963537512442527,0.08326879894560574,,,0.96,,0.9600139182880506,0.039986081711949395,0,0.09971258558725768,5,0.001,0.1,0.9907656497043712,0.993505698434084,0.9936276019251069,0.9946937024574766,0.9910641556594985,0.9923064773444665,0.9935766595339278,0.99177257036666,0.9939742323346517,0.9937317829968372,0.9928634974416843,1.0
1,0,1.9660685596952012,0.47932,5000,2.1925889121161566,0.4172661870503597,834,2.194869948652225,0.4136,0.9980629827163641,0.08328633916611118,,,0.96,,0.9600139182880506,0.039986081711949395,0.9719586407273864,0.09985425965932772,5,0.001,0.1,1.0,0.9962247549800469,0.9959895215987051,0.9963401538074901,0.9967072304491762,0.9972917418171691,0.996254048275689,0.9956886106960735,0.9962299031296615,0.9966317442137482,0.9966522683248162,0.9952967036688336
1,1,1.9549034720013856,0.48784,5000,2.1977704454351357,0.41606714628297364,834,2.194869948652225,0.4136,0.9987233632861778,0.08334892591335563,,,0.96,,0.9600139182880506,0.039986081711949395,0.9719586407273864,0.09985425965932772,5,0.001,0.1,0.9962247549800469,1.0,0.996352259572111,0.9960877148317414,0.9974135179928245,0.9975284001663668,0.9966180424773021,0.9973408870601567,0.9971087966313158,0.9978517609142743,0.9976001945679995,0.9970899756337458
1,2,1.9593493577021701,0.4944,5000,2.185987287097507,0.44364508393285373,834,2.194869948652225,0.4136,0.9984856163967345,0.08333844008573309,,,0.96,,0.9600139182880506,0.039986081711949395,0.9719586407273864,0.09985425965932772,5,0.001,0.1,0.9959895215987051,0.996352259572111,1.0,0.9969241166821735,0.9968008974465712,0.9960475810671727,0.996935239874815,0.9969077028255253,0.9971766016122915,0.9974489379186736,0.9972665173924267,0.9965183450659729
1,3,1.9546715154769314,0.49368,5000,2.19858040633025,0.38848920863309355,834,2.194869948652225,0.4136,0.9983094961741718,0.08330986462870797,,,0.96,,0.9600139182880506,0.039986081711949395,0.9719586407273864,0.09985425965932772,5,0.001,0.1,0.9963401538074901,0.9960877148317414,0.9969241166821735,1.0,0.9965259504617925,0.997095348583409,0.9966712485089039,0.9956750522492627,0.9970359493412638,0.9970672176551452,0.9960599089186317,0.9967772366470405
1,4,1.9607870276566524,0.47204,5000,2.1942165162828235,0.40456182472989194,833,2.194869948652225,0.4136,0.9987742781326345,0.0833392896809092,,,0.96,,0.9600139182880506,0.039986081711949395,0.9719586407273864,0.09985425965932772,5,0.001,0.1,0.9967072304491762,0.9974135179928245,0.9968008974465712,0.9965259504617925,1.0,0.9976204181502251,0.9972681593506569,0.9978558241156686,0.9967798896753899,0.9971841557844018,0.9974317173685224,0.9962391688367299
1,5,1.9425169510446536,0.50072,5000,2.1908387961211027,0.4429771908763505,833,2.194869948652225,0.4136,0.9986807162753326,0.08333786039818819,,,0.96,,0.9600139182880506,0.039986081711949395,0.9719586407273864,0.09985425965932772,5,0.001,0.1,0.9972917418171691,0.9975284001663668,0.9960475810671727,0.997095348583409,0.9976204181502251,1.0,0.9971490625175242,0.9973597501226338,0.9962688951769283,0.9972880971520478,0.9964914670821108,0.9965659529895177
1,6,1.9627091419924596,0.51292,5000,2.192952941965174,0.4117647058823529,833,2.194869948652225,0.4136,0.9985300243264023,0.08334500167608182,,,0.96,,0.9600139182880506,0.039986081711949395,0.9719586407273864,0.09985425965932772,5,0.001,0.1,0.996254048275689,0.9966180424773021,0.996935239874815,0.9966712485089039,0.9972681593506569,0.9971490625175242,1.0,0.997268437732097,0.9965506218723591,0.9970464593651853,0.9963430683987278,0.9967956268741988
1,7,1.9516491654572214,0.50812,5000,2.1867155852141202,0.3997599039615846,833,2.194869948652225,0.4136,0.9985187526446713,0.08334853491513347,,,0.96,,0.9600139182880506,0.039986081711949395,0.9719586407273864,0.09985425965932772,5,0.001,0.1,0.9956886106960735,0.9973408870601567,0.9969077028255253,0.9956750522492627,0.9978558241156686,0.9973597501226338,0.997268437732097,1.0,0.9963517097962311,0.9971450175817554,0.9971810756907996,0.9959892611426616
1,8,1.956505218888544,0.50192,5000,2.2030159632364907,0.41656662665066024,833,2.194869948652225,0.4136,0.9985565272135644,0.08333862161071025,,,0.96,,0.9600139182880506,0.039986081711949395,0.9719586407273864,0.09985425965932772,5,0.001,0.1,0.9962299031296615,0.9971087966313158,0.9971766016122915,0.9970359493412638,0.9967798896753899,0.9962688951769283,0.9965506218723591,0.9963517097962311,1.0,0.9978710461799173,0.9970407169657297,0.9968035625499534
1,9,1.9537058726997132,0.51548,5000,2.195443515424375,0.38415366146458585,833,2.194869948652225,0.4136,0.9989530113539673,0.08338827333547821,,,0.96,,0.9600139182880506,0.039986081711949395,0.9719586407273864,0.09985425965932772,5,0.001,0.1,0.9966317442137482,0.9978517609142743,0.9974489379186736,0.9970672176551452,0.9971841557844018,0.9972880971520478,0.9970464593651853,0.9971450175817554,0.9978710461799173,1.0,0.9974422667841849,0.9969902228873757
1,10,1.9560321791156843,0.48384,5000,2.202308045493232,0.39735894357743096,833,2.194869948652225,0.4136,0.9986454034211572,0.08333375676456334,,,0.96,,0.9600139182880506,0.039986081711949395,0.9719586407273864,0.09985425965932772,5,0.001,0.1,0.9966522683248162,0.9976001945679995,0.9972665173924267,0.9960599089186317,0.9974317173685224,0.9964914670821108,0.9963430683987278,0.9971810756907996,0.9970407169657297,0.9974422667841849,1.0,0.9967738856408415
1,11,1.9541059147780109,0.50144,5000,2.190564446979099,0.44057623049219685,833,2.194869948652225,0.4136,0.998274390321819,0.08328509182502758,,,0.96,,0.9600139182880506,0.039986081711949395,0.9719586407273864,0.09985425965932772,5,0.001,0.1,0.9952967036688336,0.9970899756337458,0.9965183450659729,0.9967772366470405,0.9962391688367299,0.9965659529895177,0.9967956268741988,0.9959892611426616,0.9968035625499534,0.9969902228873757,0.9967738856408415,1.0
2,0,1.763786352667839,0.53932,5000,2.111603931144432,0.5539568345323741,834,2.1142336743327377,0.5563,0.9985361233751362,0.083296217337617,,,0.96,,0.9600139182880506,0.039986081711949395,0.9909138486431848,0.0998793049408844,5,0.001,0.1,1.0,0.9976385452432579,0.9967343478250072,0.9969311639515749,0.9971238212025776,0.9979196863841878,0.9971438350474777,0.9968302951326499,0.9966759224128658,0.9973193401480654,0.9970142464265124,0.9966446815805271
2,1,1.7519151652694507,0.56036,5000,2.117789868955259,0.5551558752997602,834,2.1142336743327377,0.5563,0.9990623247527718,0.08335157705410183,,,0.96,,0.9600139182880506,0.039986081711949395,0.9909138486431848,0.0998793049408844,5,0.001,0.1,0.9976385452432579,1.0,0.9972848956935578,0.9969593901359313,0.9979087969084112,0.997997621503589,0.9976140974537268,0.9978810654166718,0.997447600974386,0.9980420952261256,0.9978858198114245,0.9976206724485419
2,2,1.7569873250214159,0.56696,5000,2.1023868366524026,0.5851318944844125,834,2.1142336743327377,0.5563,0.9987889882657488,0.08333632582645405,,,0.96,,0.9600139182880506,0.039986081711949395,0.9909138486431848,0.0998793049408844,5,0.001,0.1,0.9967343478250072,0.9972848956935578,1.0,0.9973255115231628,0.9973237110701344,0.996908537014372,0.9974450657209272,0.9976588649411762,0.9977458248486648,0.9978288784636009,0.9977676030449317,0.9969811326599478
2,3,1.7509243694839964,0.56452,5000,2.1188897556728787,0.5335731414868106,834,2.1142336743327377,0.5563,0.9985556591570265,0.08331127338891409,,,0.96,,0.9600139182880506,0.039986081711949395,0.9909138486431848,0.0998793049408844,5,0.001,0.1,0.9969311639515749,0.9969593901359313,0.9973255115231628,1.0,0.9969406438293871,0.9976971548723507,0.9971125189054068,0.9970831188013601,0.9972601251722354,0.9974021844918319,0.996599721810629,0.9968977639450818
2,4,1.760577987105983,0.54208,5000,2.111578376204879,0.539015606242497,833,2.1142336743327377,0.5563,0.9988651403604871,0.08333930445661872,,,0.96,,0.9600139182880506,0.039986081711949395,0.9909138486431848,0.0998793049408844,5,0.001,0.1,0.9971238212025776,0.9979087969084112,0.9973237110701344,0.9969406438293871,1.0,0.9975828081578716,0.9972995542322522,0.9982403674171142,0.9973050259145423,0.9976212118595902,0.9976779290385089,0.9968931850150117
2,5,1.7365361931217704,0.56548,5000,2.110387263474641,0.5858343337334934,833,2.1142336743327377,0.5563,0.9989323216637777,0.08334059618682763,,,0.96,,0.9600139182880506,0.039986081711949395,0.9909138486431848,0.0998793049408844,5,0.001,0.1,0.9979196863841878,0.997997621503589,0.996908537014372,0.9976971548723507,0.9975828081578716,1.0,0.9975253559599047,0.9978032196467799,0.9968296256526804,0.9978659992288399,0.9971068069122657,0.997486417655981
2,6,1.7600341505305783,0.58092,5000,2.1105978047406233,0.5582232893157263,833,2.1142336743327377,0.5563,0.9987395572916016,0.08333875403303781,,,0.96,,0.9600139182880506,0.039986081711949395,0.9909138486431848,0.0998793049408844,5,0.001,0.1,0.9971438350474777,0.9976140974537268,0.9974450657209272,0.9971125189054068,0.9972995542322522,0.9975253559599047,1.0,0.997435361410733,0.9967047053072063,0.9973563891203429,0.9972555268974713,0.9975201159076674
2,7,1.7460262441331413,0.57528,5000,2.102704070232533,0.5546218487394958,833,2.1142336743327377,0.5563,0.9989115166255119,0.08334647024627749,,,0.96,,0.9600139182880506,0.039986081711949395,0.9909138486431848,0.0998793049408844,5,0.001,0.1,0.9968302951326499,0.9978810654166718,0.9976588649411762,0.9970831188013601,0.9982403674171142,0.9978032196467799,0.997435361410733,1.0,0.9973430429197989,0.9975684481223864,0.9978513697262967,0.9967773422985435
2,8,1.7525699411987499,0.57308,5000,2.1258058106457747,0.5414165666266506,833,2.1142336743327377,0.5563,0.9986820625546841,0.08333298630728087,,,0.96,,0.9600139182880506,0.039986081711949395,0.9909138486431848,0.0998793049408844,5,0.001,0.1,0.9966759224128658,0.997447600974386,0.9977458248486648,0.9972601251722354,0.9973050259145423,0.9968296256526804,0.9967047053072063,0.9973430429197989,1.0,0.9978295068781705,0.9975014769691075,0.9970800946308952
2,9,1.7497193442788093,0.57716,5000,2.1152796568693937,0.5354141656662665,833,2.1142336743327377,0.5563,0.9990454495298801,0.0833751598698481,,,0.96,,0.9600139182880506,0.039986081711949395,0.9909138486431848,0.0998793049408844,5,0.001,0.1,0.9973193401480654,0.9980420952261256,0.9978288784636009,0.9974021844918319,0.9976212118595902,0.9978659992288399,0.9973563891203429,0.9975684481223864,0.9978295068781705,1.0,0.9976842172156694,0.9975591203070284
2,10,1.7537719419807385,0.54868,5000,2.123816790404143,0.5510204081632653,833,2.1142336743327377,0.5563,0.9988205873702345,0.0833344738646782,,,0.96,,0.9600139182880506,0.039986081711949395,0.9909138486431848,0.0998793049408844,5,0.001,0.1,0.9970142464265124,0.9978858198114245,0.9977676030449317,0.996599721810629,0.9976779290385089,0.9971068069122657,0.9972555268974713,0.9978513697262967,0.9975014769691075,0.9976842172156694,1.0,0.9970384529519384
2,11,1.747381648288411,0.57088,5000,2.1061946374398692,0.5822328931572629,833,2.1142336743327377,0.5563,0.9985797803415226,0.0832968614283443,,,0.96,,0.9600139182880506,0.039986081711949395,0.9909138486431848,0.0998793049408844,5,0.001,0.1,0.9966446815805271,0.9976206724485419,0.9969811326599478,0.9968977639450818,0.9968931850150117,0.997486417655981,0.9975201159076674,0.9967773422985435,0.9970800946308952,0.9975591203070284,0.9970384529519384,1.0
3,0,1.594272897957237,0.57648,5000,2.0121978609650224,0.5983213429256595,834,2.01503334296778,0.5943,0.9986756911429359,0.0833055522409309,,,0.96,,0.9600139182880506,0.039986081711949395,0.9964087137207239,0.09988311747106048,5,0.001,0.1,1.0,0.9975492403935726,0.997183108272732,0.9971149909251985,0.9970709542774018,0.9979329392054651,0.9972184565391948,0.9974507076976742,0.9970781925206934,0.9972530262213822,0.9973591045243012,0.9968930602258865
3,1,1.5804394986978763,0.59512,5000,2.0188283258014255,0.592326139088729,834,2.01503334296778,0.5943,0.9991147367548715,0.08335366691828576,,,0.96,,0.9600139182880506,0.039986081711949395,0.9964087137207239,0.09988311747106048,5,0.001,0.1,0.9975492403935726,1.0,0.9977621179635073,0.9969930958779857,0.9978278859937256,0.9978070692221258,0.9978657112310341,0.9980715431140395,0.9977830856786337,0.9979675950789453,0.9980248836366183,0.9977120728174714
3,2,1.5850058040041832,0.59628,5000,1.9993233415815566,0.6247002398081535,834,2.01503334296778,0.5943,0.9988404907553831,0.08333546451183034,,,0.96,,0.9600139182880506,0.039986081711949395,0.9964087137207239,0.09988311747106048,5,0.001,0.1,0.997183108272732,0.9977621179635073,1.0,0.9971205254849603,0.9973736983693019,0.997039297166589,0.9977539298277703,0.9976388718816845,0.9975227294573885,0.9974644528848958,0.9978454280994221,0.9973735964402654
3,3,1.5804487005920167,0.60132,5000,2.0207446107157954,0.5599520383693045,834,2.01503334296778,0.5943,0.998522394385126,0.08330983702505254,,,0.96,,0.9600139182880506,0.039986081711949395,0.9964087137207239,0.09988311747106048,5,0.001,0.1,0.9971149909251985,0.9969930958779857,0.9971205254849603,1.0,0.9969648635081793,0.9977166858865494,0.9971198865248806,0.997135614832304,0.9970756178044926,0.9971910622325482,0.9967810515859061,0.9970527694648246
3,4,1.5907855802280888,0.5804,5000,2.010015125627871,0.5594237695078031,833,2.01503334296778,0.5943,0.9988137537109171,0.08333642807447285,,,0.96,,0.9600139182880506,0.039986081711949395,0.9964087137207239,0.09988311747106048,5,0.001,0.1,0.9970709542774018,0.9978278859937256,0.9973736983693019,0.9969648635081793,1.0,0.9974656331804744,0.9975220338275855,0.998050565297634,0.9972155826565628,0.9974586371661532,0.9976770820069771,0.9971299610638453
3,5,1.5637807464144033,0.60096,5000,2.011599032967179,0.6242496998799519,833,2.01503334296778,0.5943,0.9989085424470278,0.08334027922349233,,,0.96,,0.9600139182880506,0.039986081711949395,0.9964087137207239,0.09988311747106048,5,0.001,0.1,0.9979329392054651,0.9978070692221258,0.997039297166589,0.9977166858865494,0.9974656331804744,1.0,0.9974798692537353,0.9978351619886677,0.9969551793032654,0.9976405260210323,0.9974827037052763,0.9975386540672836
3,6,1.5847347449345195,0.60932,5000,2.009964845798634,0.595438175270108,833,2.01503334296778,0.5943,0.998860935647645,0.08333761325221266,,,0.96,,0.9600139182880506,0.039986081711949395,0.9964087137207239,0.09988311747106048,5,0.001,0.1,0.9972184565391948,0.9978657112310341,0.9977539298277703,0.9971198865248806,0.9975220338275855,0.9974798692537353,1.0,0.9978423645081163,0.9970190608102912,0.9972122355438487,0.9975707819786903,0.9977186038329741
3,7,1.5738556314425862,0.60752,5000,1.9995893593187686,0.5942376950780313,833,2.01503334296778,0.5943,0.9990204263889247,0.08334749187586564,,,0.96,,0.9600139182880506,0.039986081711949395,0.9964087137207239,0.09988311747106048,5,0.001,0.1,0.9974507076976742,0.9980715431140395,0.9976388718816845,0.997135614832304,0.998050565297634,0.9978351619886677,0.9978423645081163,1.0,0.9974206059607886,0.9973701423506486,0.9979289255412673,0.9974896979145289
3,8,1.5821099106673222,0.60292,5000,2.0309023283146046,0.5906362545018007,833,2.01503334296778,0.5943,0.998664972748347,0.08332775234961382,,,0.96,,0.9600139182880506,0.039986081711949395,0.9964087137207239,0.09988311747106048,5,0.001,0.1,0.9970781925206934,0.9977830856786337,0.9975227294573885,0.9970756178044926,0.9972155826565628,0.9969551793032654,0.9970190608102912,0.9974206059607886,1.0,0.9974533082559187,0.9974367847209116,0.997013844037469
3,9,1.5782826102463303,0.60584,5000,2.0165046011960066,0.5846338535414166,833,2.01503334296778,0.5943,0.9988435942959125,0.08335937695439104,,,0.96,,0.9600139182880506,0.039986081711949395,0.9964087137207239,0.09988311747106048,5,0.001,0.1,0.9972530262213822,0.9979675950789453,0.9974644528848958,0.9971910622325482,0.9974586371661532,0.9976405260210323,0.9972122355438487,0.9973701423506486,0.9974533082559187,1.0,0.9975418786849533,0.9975610185109394
3,10,1.5837544656103584,0.58852,5000,2.0266166704672353,0.5894357743097239,833,2.01503334296778,0.5943,0.9989454729646917,0.08333771698037154,,,0.96,,0.9600139182880506,0.039986081711949395,0.9964087137207239,0.09988311747106048,5,0.001,0.1,0.9973591045243012,0.9980248836366183,0.9978454280994221,0.9967810515859061,0.9976770820069771,0.9974827037052763,0.9975707819786903,0.9979289255412673,0.9974367847209116,0.9975418786849533,1.0,0.9976874289685117
3,11,1.5741612313659328,0.60624,5000,2.0028966002994113,0.6182472989195679,833,2.01503334296778,0.5943,0.9987647265119228,0.08330882059348053,,,0.96,,0.9600139182880506,0.039986081711949395,0.9964087137207239,0.09988311747106048,5,0.001,0.1,0.9968930602258865,0.9977120728174714,0.9973735964402654,0.9970527694648246,0.9971299610638453,0.9975386540672836,0.9977186038329741,0.9974896979145289,0.997013844037469,0.9975610185109394,0.9976874289685117,1.0
4,0,1.4546513658420295,0.59664,5000,1.8969307608074613,0.6330935251798561,834,1.900155850111867,0.6185,0.9985426813172843,0.08331132613714662,,,0.96,,0.9600139182880506,0.039986081711949395,0.9977854393830008,0.09986965359545011,5,0.001,0.1,1.0,0.997182632134202,0.9968918115451101,0.996858437633754,0.9966913303971758,0.9974666229687291,0.996831285056677,0.9972487470576725,0.9969863885092434,0.9970433172703822,0.9969782657325341,0.9967177781308443
4,1,1.4400816120919149,0.6148,5000,1.9040788191336173,0.6163069544364509,834,1.900155850111867,0.6185,0.9989738926118178,0.0833547477258696,,,0.96,,0.9600139182880506,0.039986081711949395,0.9977854393830008,0.09986965359545011,5,0.001,0.1,0.997182632134202,1.0,0.9974024849721961,0.9968372293613564,0.9975722643890379,0.9976174899634619,0.9976085888390014,0.9977212372651694,0.9974597112736312,0.9975180620853236,0.9977486905235758,0.9973942473970127
4,2,1.444812414448732,0.61832,5000,1.8802527895680181,0.6438848920863309,834,1.900155850111867,0.6185,0.9986879188288216,0.08333435616403874,,,0.96,,0.9600139182880506,0.039986081711949395,0.9977854393830008,0.09986965359545011,5,0.001,0.1,0.9968918115451101,0.9974024849721961,1.0,0.9966429697642476,0.9969836498470251,0.9966631298317451,0.9973699806208675,0.99735459554647,0.9974750409144009,0.9969833447399874,0.9977408823156935,0.9971282172870267
4,3,1.4416006664561618,0.61848,5000,1.9070172089117545,0.5779376498800959,834,1.900155850111867,0.6185,0.9983625838358429,0.08330814109213963,,,0.96,,0.9600139182880506,0.039986081711949395,0.9977854393830008,0.09986965359545011,5,0.001,0.1,0.996858437633754,0.9968372293613564,0.9966429697642476,1.0,0.9966132284045272,0.9972709360772293,0.9964778752211477,0.9967542470645852,0.9967507125667331,0.9969623018250785,0.9967355255994601,0.9968349067848602
4,4,1.4532449347198388,0.60188,5000,1.8923203106279727,0.5894357743097239,833,1.900155850111867,0.6185,0.9986363149362849,0.08333328155085815,,,0.96,,0.9600139182880506,0.039986081711949395,0.9977854393830008,0.09986965359545011,5,0.001,0.1,0.9966913303971758,0.9975722643890379,0.9969836498470251,0.9966132284045272,1.0,0.997023095526522,0.9972251366235764,0.9976417178835605,0.9969420584202132,0.9971034999168217,0.9973283538545589,0.9968929892772778
4,5,1.4247917756912813,0.6272,5000,1.8970309584229081,0.6374549819927972,833,1.900155850111867,0.6185,0.9987431880390193,0.0833390923834983,,,0.96,,0.9600139182880506,0.039986081711949395,0.9977854393830008,0.09986965359545011,5,0.001,0.1,0.9974666229687291,0.9976174899634619,0.9966631298317451,0.9972709360772293,0.997023095526522,1.0,0.9972529812371133,0.9976961399854997,0.9964880881736904,0.9972643304287544,0.9972239441146157,0.9973317182190018
4,6,1.4457279736069357,0.62368,5000,1.8936329329455341,0.6290516206482593,833,1.900155850111867,0.6185,0.9986605688568538,0.08333479109621164,,,0.96,,0.9600139182880506,0.039986081711949395,0.9977854393830008,0.09986965359545011,5,0.001,0.1,0.996831285056677,0.9976085888390014,0.9973699806208675,0.9964778752211477,0.9972251366235764,0.9972529812371133,1.0,0.9974632589062776,0.9966136531282695,0.9967258277051493,0.9974738475853303,0.9972657167961222
4,7,1.4329868923326967,0.6274,5000,1.8803218558982566,0.6158463385354142,833,1.900155850111867,0.6185,0.9988769097775186,0.08334783105449414,,,0.96,,0.9600139182880506,0.039986081711949395,0.9977854393830008,0.09986965359545011,5,0.001,0.1,0.9972487470576725,0.9977212372651694,0.99735459554647,0.9967542470645852,0.9976417178835605,0.9976961399854997,0.9974632589062776,1.0,0.9971116316145336,0.9968842744624944,0.9977810205103809,0.9972437865795806
4,8,1.4424863229132003,0.62108,5000,1.9210858168425384,0.6158463385354142,833,1.900155850111867,0.6185,0.9985814072644529,0.08332618937791476,,,0.96,,0.9600139182880506,0.039986081711949395,0.9977854393830008,0.09986965359545011,5,0.001,0.1,0.9969863885092434,0.9974597112736312,0.9974750409144009,0.9967507125667331,0.9969420584202132,0.9964880881736904,0.9966136531282695,0.9971116316145336,1.0,0.9971444947565282,0.997571053151214,0.9968170469747871
4,9,1.437941737159802,0.62404,5000,1.9024735115192555,0.6134453781512605,833,1.900155850111867,0.6185,0.9986692684791885,0.08334841764699695,,,0.96,,0.9600139182880506,0.039986081711949395,0.9977854393830008,0.09986965359545011,5,0.001,0.1,0.9970433172703822,0.9975180620853236,0.9969833447399874,0.9969623018250785,0.9971034999168217,0.9972643304287544,0.9967258277051493,0.9968842744624944,0.9971444947565282,1.0,0.9973012653805147,0.997481286158563
4,10,1.4449424336670311,0.61312,5000,1.9132915337880452,0.602641056422569,833,1.900155850111867,0.6185,0.9989287682131694,0.08334351066265773,,,0.96,,0.9600139182880506,0.039986081711949395,0.9977854393830008,0.09986965359545011,5,0.001,0.1,0.9969782657325341,0.9977486905235758,0.9977408823156935,0.9967355255994601,0.9973283538545589,0.9972239441146157,0.9974738475853303,0.9977810205103809,0.997571053151214,0.9973012653805147,1.0,0.9976395142212487
4,11,1.432572155621401,0.6248,5000,1.8835284533324066,0.6470588235294118,833,1.900155850111867,0.6185,0.9986971314175975,0.08331831510817354,,,0.96,,0.9600139182880506,0.039986081711949395,0.9977854393830008,0.09986965359545011,5,0.001,0.1,0.9967177781308443,0.9973942473970127,0.9971282172870267,0.9968349067848602,0.9968929892772778,0.9973317182190018,0.9972657167961222,0.9972437865795806,0.9968170469747871,0.997481286158563,0.9976395142212487,1.0
5,0,1.3403028100159518,0.61652,5000,1.76946285477391,0.645083932853717,834,1.773156423919117,0.638,0.9984347653546226,0.08331795651968481,,,0.96,,0.9600139182880506,0.039986081711949395,0.998274933039486,0.0998492836357802,5,0.001,0.1,1.0,0.9968583203973397,0.9965836871064634,0.9965103309268775,0.9962827229528088,0.997012510446899,0.9965498041022934,0.9969341375541614,0.9968841198697562,0.9966824094472596,0.9964701408138983,0.9963946056514154
5,1,1.32577862299172,0.634,5000,1.7771150050339874,0.6354916067146283,834,1.773156423919117,0.638,0.9987298902273826,0.0833541109991143,,,0.96,,0.9600139182880506,0.039986081711949395,0.998274933039486,0.0998492836357802,5,0.001,0.1,0.9968583203973397,1.0,0.9969639326968439,0.9964352149627278,0.9969509474158595,0.9970803484213375,0.9970527934726523,0.9971629793560353,0.9970579975802881,0.996967294482252,0.9972773835624458,0.9968899746842271
5,2,1.330159224598271,0.6376,5000,1.7487847893326371,0.6630695443645084,834,1.773156423919117,0.638,0.9985230652572129,0.08333492998275492,,,0.96,,0.9600139182880506,0.039986081711949395,0.998274933039486,0.0998492836357802,5,0.001,0.1,0.9965836871064634,0.9969639326968439,1.0,0.9961379401703583,0.996387555309452,0.9964405226346893,0.9969750083386727,0.9970347374476435,0.997135138559192,0.996462282526282,0.9972601529070322,0.9968388088521596
5,3,1.3290660861950772,0.63236,5000,1.7813628205546626,0.5971223021582733,834,1.773156423919117,0.638,0.9981880518316952,0.08330804010992249,,,0.96,,0.9600139182880506,0.039986081711949395,0.998274933039486,0.0998492836357802,5,0.001,0.1,0.9965103309268775,0.9964352149627278,0.9961379401703583,1.0,0.9960522463954118,0.9973026901202969,0.9962986937049446,0.9964818540453756,0.9961853748893031,0.99624380225658,0.9962591287647514,0.9962997508851419
5,4,1.339272352844287,0.6178,5000,1.7622583839628432,0.6194477791116446,833,1.773156423919117,0.638,0.9983217555273092,0.08332777331182452,,,0.96,,0.9600139182880506,0.039986081711949395,0.998274933039486,0.0998492836357802,5,0.001,0.1,0.9962827229528088,0.9969509474158595,0.996387555309452,0.9960522463954118,1.0,0.9963539884559783,0.9965182974044756,0.9971841102809809,0.9963471248187399,0.9965774042844151,0.9967722078782959,0.9963809060715548
5,5,1.3094552772060322,0.64116,5000,1.7701262147338301,0.6542617046818727,833,1.773156423919117,0.638,0.9986101354189673,0.08334064487557519,,,0.96,,0.9600139182880506,0.039986081711949395,0.998274933039486,0.0998492836357802,5,0.001,0.1,0.997012510446899,0.9970803484213375,0.9964405226346893,0.9973026901202969,0.9963539884559783,1.0,0.9969063426072757,0.9970945432860776,0.9961531347961013,0.9969226258650895,0.9969338078053932,0.9970626563710316
5,6,1.3307343775299705,0.6398,5000,1.765287818732085,0.6470588235294118,833,1.773156423919117,0.638,0.9984434225738057,0.08333262609130923,,,0.96,,0.9600139182880506,0.039986081711949395,0.998274933039486,0.0998492836357802,5,0.001,0.1,0.9965498041022934,0.9970527934726523,0.9969750083386727,0.9962986937049446,0.9965182974044756,0.9969063426072757,1.0,0.9967497469253946,0.9961535202674999,0.9962023478797294,0.997029549279323,0.9968293990604677
5,7,1.3192913664374382,0.64132,5000,1.7488083353749029,0.6398559423769508,833,1.773156423919117,0.638,0.9986566214174465,0.08334750438499947,,,0.96,,0.9600139182880506,0.039986081711949395,0.998274933039486,0.0998492836357802,5,0.001,0.1,0.9969341375541614,0.9971629793560353,0.9970347374476435,0.9964818540453756,0.9971841102809809,0.9970945432860776,0.9967497469253946,1.0,0.9968846828085421,0.9962788761441324,0.9972732521671863,0.9967407229181711
5,8,1.3282652936923276,0.63736,5000,1.799914907526087,0.6290516206482593,833,1.773156423919117,0.638,0.9984153591855829,0.0833264451942496,,,0.96,,0.9600139182880506,0.039986081711949395,0.998274933039486,0.0998492836357802,5,0.001,0.1,0.9968841198697562,0.9970579975802881,0.997135138559192,0.9961853748893031,0.9963471248187399,0.9961531347961013,0.9961535202674999,0.9968846828085421,1.0,0.9965267050673178,0.9971380024241895,0.9964637866891318
5,9,1.3236646097177154,0.64144,5000,1.7768020497428045,0.6254501800720288,833,1.773156423919117,0.638,0.9983908637085944,0.08333928628615224,,,0.96,,0.9600139182880506,0.039986081711949395,0.998274933039486,0.0998492836357802,5,0.001,0.1,0.9966824094472596,0.996967294482252,0.996462282526282,0.99624380225658,0.9965774042844151,0.9969226258650895,0.9962023478797294,0.9962788761441324,0.9965267050673178,1.0,0.9966244655119197,0.9971471785745671
5,10,1.3309508123974891,0.63312,5000,1.7871521358136777,0.6278511404561825,833,1.773156423919117,0.638,0.9986843175708607,0.08334574880310427,,,0.96,,0.9600139182880506,0.039986081711949395,0.998274933039486,0.0998492836357802,5,0.001,0.1,0.9964701408138983,0.9972773835624458,0.9972601529070322,0.9962591287647514,0.9967722078782959,0.9969338078053932,0.997029549279323,0.9972732521671863,0.9971380024241895,0.9966244655119197,1.0,0.997113356428924
5,11,1.31609934591184,0.641,5000,1.752267766881872,0.6722689075630253,833,1.773156423919117,0.638,0.9985181333074693,0.08332493344130894,,,0.96,,0.9600139182880506,0.039986081711949395,0.998274933039486,0.0998492836357802,5,0.001,0.1,0.9963946056514154,0.9968899746842271,0.9968388088521596,0.9962997508851419,0.9963809060715548,0.9970626563710316,0.9968293990604677,0.9967407229181711,0.9964637866891318,0.9971471785745671,0.997113356428924,1.0
6,0,1.2462217518478442,0.63148,5000,1.634913687352781,0.6618705035971223,834,1.6390238029126543,0.6535,0.998058140358496,0.08331956300525052,,,0.96,,0.9600139182880506,0.039986081711949395,0.9985363012796098,0.0998192317281774,5,0.001,0.1,1.0,0.9959356268659979,0.995764492115351,0.9958054220447524,0.9954190836772101,0.9962303708729341,0.995858314968866,0.9963785901974184,0.9963995551287583,0.9960135778416995,0.9955989246632425,0.9956474991693179
6,1,1.2310655409363425,0.64592,5000,1.6430620396578755,0.6534772182254197,834,1.6390238029126543,0.6535,0.9984600265840546,0.0833547108654275,,,0.96,,0.9600139182880506,0.039986081711949395,0.9985363012796098,0.0998192317281774,5,0.001,0.1,0.9959356268659979,1.0,0.9964457017433312,0.9958517625058817,0.9962961499899026,0.9965743264837209,0.9966043021076443,0.9964069733781783,0.9964613412189834,0.9964781990729655,0.9965337579578057,0.9962753978901085
6,2,1.2344886220944156,0.65028,5000,1.6102101008097331,0.670263788968825,834,1.6390238029126543,0.6535,0.9982205523284847,0.08333521614309436,,,0.96,,0.9600139182880506,0.039986081711949395,0.9985363012796098,0.0998192317281774,5,0.001,0.1,0.995764492115351,0.9964457017433312,1.0,0.9954707233072557,0.9956305875177333,0.9958721386484326,0.9961899676811269,0.9964152226410732,0.9964109358962006,0.995772671753065,0.9967553392110654,0.9962679570946692
6,3,1.234101556896404,0.64668,5000,1.6486270957522922,0.6139088729016786,834,1.6390238029126543,0.6535,0.9978906074176022,0.08330807287819793,,,0.96,,0.9600139182880506,0.039986081711949395,0.9985363012796098,0.0998192317281774,5,0.001,0.1,0.9958054220447524,0.9958517625058817,0.9954707233072557,1.0,0.9952596563338355,0.9968453459227488,0.9957139898087946,0.9959433726803787,0.9954756185765948,0.9956225911348597,0.9954633016151416,0.9955934112123664
6,4,1.245087548198214,0.63624,5000,1.624965614742703,0.631452581032413,833,1.6390238029126543,0.6535,0.9978522242780843,0.08331893685652618,,,0.96,,0.9600139182880506,0.039986081711949395,0.9985363012796098,0.0998192317281774,5,0.001,0.1,0.9954190836772101,0.9962961499899026,0.9956305875177333,0.9952596563338355,1.0,0.9955930492658718,0.9957975286641295,0.9962161250137982,0.9955442620493659,0.9956848193310102,0.9957684716294943,0.9953743876369687
6,5,1.2157705246263248,0.65588,5000,1.635627962924816,0.6674669867947179,833,1.6390238029126543,0.6535,0.9984458527499679,0.08334599411571449,,,0.96,,0.9600139182880506,0.039986081711949395,0.9985363012796098,0.0998192317281774,5,0.001,0.1,0.9962303708729341,0.9965743264837209,0.9958721386484326,0.9968453459227488,0.9955930492658718,1.0,0.9964091206652742,0.9966499538476431,0.9956812578585154,0.99669308460596,0.9963700700233245,0.9967758677562306
6,6,1.2372161353469655,0.65344,5000,1.6300214882250186,0.6686674669867947,833,1.6390238029126543,0.6535,0.9981568382333617,0.08333174635955894,,,0.96,,0.9600139182880506,0.039986081711949395,0.9985363012796098,0.0998192317281774,5,0.001,0.1,0.995858314968866,0.9966043021076443,0.9961899676811269,0.9957139898087946,0.9957975286641295,0.9964091206652742,1.0,0.9960526538389807,0.9955338904816964,0.9954914107025112,0.9962429959881154,0.9963385882251989
6,7,1.2241677280444248,0.65252,5000,1.6102426714367337,0.6458583433373349,833,1.6390238029126543,0.6535,0.998344465160208,0.08334692841744369,,,0.96,,0.9600139182880506,0.039986081711949395,0.9985363012796098,0.0998192317281774,5,0.001,0.1,0.9963785901974184,0.9964069733781783,0.9964152226410732,0.9959433726803787,0.9962161250137982,0.9966499538476431,0.9960526538389807,1.0,0.9963420498749712,0.9956059841380878,0.9966056760371567,0.9958630851858734
6,8,1.2341039747189564,0.65052,5000,1.6725520734433774,0.6446578631452581,833,1.6390238029126543,0.6535,0.9981383022793003,0.08332735706282494,,,0.96,,0.9600139182880506,0.039986081711949395,0.9985363012796098,0.0998192317281774,5,0.001,0.1,0.9963995551287583,0.9964613412189834,0.9964109358962006,0.9954756185765948,0.9955442620493659,0.9956812578585154,0.9955338904816964,0.9963420498749712,1.0,0.9959060120596198,0.9965257134983582,0.9957303528407067
6,9,1.2264330772837255,0.65672,5000,1.6438011902349967,0.6542617046818727,833,1.6390238029126543,0.6535,0.998156954994244,0.08333583504160254,,,0.96,,0.9600139182880506,0.039986081711949395,0.9985363012796098,0.0998192317281774,5,0.001,0.1,0.9960135778416995,0.9964781990729655,0.995772671753065,0.9956225911348597,0.9956848193310102,0.99669308460596,0.9954914107025112,0.9956059841380878,0.9959060120596198,1.0,0.9961748488645937,0.9967907730182947
6,10,1.2369704819029304,0.64584,5000,1.6529313370033547,0.6458583433373349,833,1.6390238029126543,0.6535,0.9983511101510619,0.08334606616690425,,,0.96,,0.9600139182880506,0.039986081711949395,0.9985363012796098,0.0998192317281774,5,0.001,0.1,0.9955989246632425,0.9965337579578057,0.9967553392110654,0.9954633016151416,0.9957684716294943,0.9963700700233245,0.9962429959881154,0.9966056760371567,0.9965257134983582,0.9961748488645937,1.0,0.9965199641665182
6,11,1.2200350301280902,0.65648,5000,1.6139005687501695,0.6842737094837935,833,1.6390238029126543,0.6535,0.9982356742847789,0.08332957308745466,,,0.96,,0.9600139182880506,0.039986081711949395,0.9985363012796098,0.0998192317281774,5,0.001,0.1,0.9956474991693179,0.9962753978901085,0.9962679570946692,0.9955934112123664,0.9953743876369687,0.9967758677562306,0.9963385882251989,0.9958630851858734,0.9957303528407067,0.9967907730182947,0.9965199641665182,1.0
7,0,1.1650479420734818,0.648,5000,1.499036400406449,0.6618705035971223,834,1.5036106269580487,0.6617,0.9976746398979915,0.08332155600385738,,,0.96,,0.9600139182880506,0.039986081711949395,0.9985278027408571,0.09977776460933545,5,0.001,0.1,1.0,0.9949794817915503,0.9948418769100807,0.9950586478314997,0.9941695783885003,0.9953121302020074,0.9948614345144766,0.995782050463373,0.9957872801077561,0.9953239509140517,0.9946377781402849,0.9947379795633841
7,1,1.1509509117739976,0.65872,5000,1.5078003583131012,0.6558752997601919,834,1.5036106269580487,0.6617,0.9980728351916764,0.08335597285598761,,,0.96,,0.9600139182880506,0.039986081711949395,0.9985278027408571,0.09977776460933545,5,0.001,0.1,0.9949794817915503,1.0,0.9956024256555656,0.9947944660890612,0.9952040212856668,0.995643452832137,0.9956360095166219,0.9957516566287825,0.9957734158275153,0.9956207972513257,0.9960223029215844,0.9952296188398365
