round,client_id,client_i_training_loss,client_i_training_accuracy,client_i_training_dataset_size,client_i_evaluation_loss,client_i_evaluation_accuracy,client_i_evaluation_dataset_size,client_i_central_evaluation_loss,client_i_central_evaluation_accuracy,client_i_cosine_similarity,client_i_importance_coefficient,client_i_tanh_val,tanh_normalization_value,client_i_q,client_i_mask_order,client_i_v_nonzero_fraction,client_i_v_sparsity,client_i_v_cosine_similarity,client_i_reward_gradient_norm,local_epochs,learning_rate,gamma,client_0_cosine_similarity,client_1_cosine_similarity,client_2_cosine_similarity,client_3_cosine_similarity,client_4_cosine_similarity,client_5_cosine_similarity,client_6_cosine_similarity,client_7_cosine_similarity,client_8_cosine_similarity,client_9_cosine_similarity,client_10_cosine_similarity,client_11_cosine_similarity
0,0,2.279906652912949,0.17281017518598513,4167,2.2957681247166226,0.1486810551558753,834,2.2960647178601614,0.1479,0.9733094997803634,0.08281613057418967,,,0.8403412122249995,,0.8403723325246324,0.1596276674753676,0,0.14688455268445838,10,0.025,0.15,1.0,0.9640191433032026,0.9512546976809282,0.9439306233449177,0.9539066184727418,0.9476832557900485,0.9515459859958436,0.9366695919119136,0.9569237898768895,0.9264500520924384,0.9534966746922503,0.9530852010411859
0,1,2.2839839790806624,0.16556275497960163,4167,2.2981370176587785,0.12709832134292565,834,2.296069341369822,0.1477,0.9827080766610216,0.08361582868700557,,,0.9545750282600696,,0.9546219735604298,0.04537802643957023,0,0.14690786581082702,10,0.025,0.15,0.9640191433032026,1.0,0.9583065947026939,0.9602059384280763,0.9721946344109723,0.9570445757230397,0.9565699361034598,0.9540491777813616,0.9522429786612783,0.9378951394467606,0.965120895832208,0.9717749213135563
0,2,2.2725959546638257,0.14962802975761938,4167,2.2963825975145613,0.1474820143884892,834,2.2960692598849914,0.1477,0.9853948791589631,0.08384444105187697,,,0.9872314299865972,,0.9872670858708389,0.01273291412916111,0,0.1469081795947418,10,0.025,0.15,0.9512546976809282,0.9583065947026939,1.0,0.9650168430627263,0.965099396887734,0.9570141995304515,0.9534206251879515,0.9674390478911293,0.9647244517022943,0.9653167657945136,0.9654168348692894,0.9679977561447879
0,3,2.283861277320168,0.12464602831773458,4167,2.298093795776367,0.13788968824940048,834,2.2960633839233013,0.1477,0.9776746866551961,0.08318755188086391,,,0.8933973249482492,,0.8934495222062683,0.10655047779373172,0,0.14689648548812925,10,0.025,0.15,0.9439306233449177,0.9602059384280763,0.9650168430627263,1.0,0.9556704926608312,0.9446520549895442,0.9497647145792658,0.9560228822051476,0.9440738269401981,0.9421839326088246,0.9618811442234854,0.966867628995491
0,4,2.2773210308768532,0.16841852651787856,4167,2.2974988392421176,0.14405762304921968,833,2.296069368531432,0.1477,0.9818172896959256,0.08354003416364808,,,0.943748070563249,,0.9437870310772227,0.05621296892277727,0,0.14690758169091855,10,0.025,0.15,0.9539066184727418,0.9721946344109723,0.965099396887734,0.9556704926608312,1.0,0.9542268261831879,0.9520511735159951,0.9527681010355606,0.9489861727118698,0.9582065006003492,0.9623916982493425,0.9634554884294537
0,5,2.282013827381712,0.1550755939524838,4167,2.296745606831142,0.15006002400960383,833,2.29606913313081,0.1477,0.9794588347736362,0.0833393599579183,,,0.9150825279879389,,0.915127659223317,0.08487234077668304,0,0.14690451387345208,10,0.025,0.15,0.9476832557900485,0.9570445757230397,0.9570141995304515,0.9446520549895442,0.9542268261831879,1.0,0.9497878133674841,0.9550641054529075,0.9689809608605133,0.9498525020725381,0.9628388676584623,0.9640991054329051
0,6,2.277000571742202,0.17290616750659948,4167,2.298374448503767,0.16206482593037214,833,2.2960651554638827,0.1479,0.9723576617745322,0.08273514139182354,,,0.8287722173618433,,0.8288277136868512,0.17117228631314885,0,0.14688133009667573,10,0.025,0.15,0.9515459859958436,0.9565699361034598,0.9534206251879515,0.9497647145792658,0.9520511735159951,0.9497878133674841,1.0,0.958984835561481,0.9359164306818687,0.9198055414906549,0.944554685495521,0.9553699359920638
0,7,2.272408162463795,0.1673626109911207,4167,2.293461561203003,0.16566626650660263,833,2.296069112005113,0.1477,0.9796595565072679,0.0833564387980049,,,0.9175221749563122,,0.917578518261788,0.08242148173821195,0,0.14690471763174506,10,0.025,0.15,0.9366695919119136,0.9540491777813616,0.9674390478911293,0.9560228822051476,0.9527681010355606,0.9550641054529075,0.958984835561481,1.0,0.9596577442643602,0.944077491870363,0.9619281083704326,0.9669388467212009
0,8,2.276295070214705,0.16752280364858377,4166,2.29566867010934,0.14765906362545017,833,2.296069090879416,0.1477,0.9797870924432771,0.08336729046721375,,,0.9190722943878962,,0.919121651730455,0.08087834826954499,0,0.14690479108329346,10,0.025,0.15,0.9569237898768895,0.9522429786612783,0.9647244517022943,0.9440738269401981,0.9489861727118698,0.9689809608605133,0.9359164306818687,0.9596577442643602,1.0,0.9561348580802836,0.9628604838591391,0.9646092358026462
0,9,2.2702877326445146,0.15460873739798367,4166,2.296245813369751,0.12605042016806722,833,2.2960842440399944,0.1478,0.9699904301938305,0.08253372040525044,,,0.8,,0.8000115528708884,0.19998844712911157,0,0.14685657152536225,10,0.025,0.15,0.9264500520924384,0.9378951394467606,0.9653167657945136,0.9421839326088246,0.9582065006003492,0.9498525020725381,0.9198055414906549,0.944077491870363,0.9561348580802836,1.0,0.9528222955728765,0.9472316906696349
0,10,2.2826886769497032,0.17167546807489198,4166,2.295017889567784,0.1608643457382953,833,2.2960692568670344,0.1477,0.9840526513974025,0.08373023471813956,,,0.9709174921278968,,0.9709610338169035,0.029038966183096537,0,0.14690809958654683,10,0.025,0.15,0.9534966746922503,0.965120895832208,0.9654168348692894,0.9618811442234854,0.9623916982493425,0.9628388676584623,0.944554685495521,0.9619281083704326,0.9628604838591391,0.9528222955728765,1.0,0.9719278423745684
0,11,2.2825795939474394,0.14973595775324053,4166,2.2941204139164517,0.15606242496998798,833,2.296069271956818,0.1477,0.9864454120900142,0.08393382790406535,,,0.9999999998571538,,1.0,0.0,0,0.1469081880427853,10,0.025,0.15,0.9530852010411859,0.9717749213135563,0.9679977561447879,0.966867628995491,0.9634554884294537,0.9640991054329051,0.9553699359920638,0.9669388467212009,0.9646092358026462,0.9472316906696349,0.9719278423745684,1.0
1,0,2.1806760311126707,0.21850251979841612,4167,2.2838198116847446,0.1750599520383693,834,2.284572402133217,0.1761,0.9844603768651513,0.08295703319587482,,,0.851823813969712,,0.8518756911092407,0.14812430889075934,0.8508422439739579,0.147898210831254,10,0.025,0.15,1.0,0.9741435235490911,0.9693033233362796,0.9694964509387981,0.9688266814546211,0.9635206027855445,0.9632437687722135,0.966393232424409,0.9742160555066993,0.9629814277814818,0.9689504304282139,0.9700507952970757
1,1,2.1824529326323305,0.2170386369090473,4167,2.2866330487387523,0.1630695443645084,834,2.284567507007454,0.1759,0.9877449807591981,0.08355631854804965,,,0.956650356017245,,0.95669323826971,0.04330676173029002,0.8516403724801757,0.14793588400029722,10,0.025,0.15,0.9741435235490911,1.0,0.9708115046546092,0.9733426066723017,0.9749191776480725,0.9697997768078689,0.9681178240824744,0.9760590144157866,0.9707297936182866,0.9644972860165176,0.9721690475961754,0.9751399779959131
1,2,2.171260528492205,0.21881449484041277,4167,2.2843188558306013,0.18585131894484413,834,2.2845664990099173,0.1759,0.986914917583417,0.08367026665804059,,,0.97658207352019,,0.9766219405522272,0.023378059447772825,0.8516751790779581,0.1479369279890823,10,0.025,0.15,0.9693033233362796,0.9708115046546092,1.0,0.970324983872706,0.9733965791595616,0.9681509303242255,0.9689288966142792,0.9741614554575788,0.9712052288919877,0.9657545602284516,0.9724636867993889,0.9753087139987249
1,3,2.1888570641026353,0.2009839212862971,4167,2.285862309592111,0.17026378896882494,834,2.2845650081393085,0.176,0.9859823215830446,0.0832352558006762,,,0.900490302271061,,0.9005380337013748,0.09946196629862525,0.8509594183481335,0.14792289702739403,10,0.025,0.15,0.9694964509387981,0.9733426066723017,0.970324983872706,1.0,0.9725651599124308,0.9652857018907048,0.9651848426448923,0.9719363102331408,0.9692712489060653,0.9653969006905766,0.9731863773897528,0.9729951648911915
1,4,2.1673212455980706,0.2248140148788097,4167,2.285719156265259,0.17406962785114047,833,2.2845680502396597,0.1759,0.987924218343685,0.08351542784282012,,,0.9494977846828366,,0.9495304583188923,0.05046954168110773,0.8516339663826039,0.14793535704401675,10,0.025,0.15,0.9688266814546211,0.9749191776480725,0.9733965791595616,0.9725651599124308,1.0,0.9740224583018419,0.9693706207415833,0.9733671111466439,0.9696509783571569,0.965040672804612,0.9737661965612356,0.9768926181770381
1,5,2.1791419993747363,0.21631869450443963,4167,2.2858200754438127,0.17406962785114047,833,2.2845690190037593,0.1759,0.9858213555430286,0.08332357756303711,,,0.9159394783642844,,0.9159858724893136,0.08401412751068638,0.8514516432521005,0.14792595715976822,10,0.025,0.15,0.9635206027855445,0.9697997768078689,0.9681509303242255,0.9652857018907048,0.9740224583018419,1.0,0.9695877467804884,0.971149157933201,0.9739697211740758,0.9630192282024805,0.9732147616144925,0.9752725831210016
1,6,2.161782770807093,0.22560595152387808,4167,2.2865804944719588,0.17286914765906364,833,2.284575308425517,0.1761,0.983217812625756,0.08286683137575926,,,0.8360457795912764,,0.8360977702959186,0.16390222970408141,0.8507903235378186,0.14789047838199562,10,0.025,0.15,0.9632437687722135,0.9681178240824744,0.9689288966142792,0.9651848426448923,0.9693706207415833,0.9695877467804884,1.0,0.9738930604362822,0.962950470664279,0.9582376826221535,0.9681416628577767,0.9687830986201026
1,7,2.1664723240967954,0.22598992080633548,4167,2.2818655967712402,0.18127250900360145,833,2.284568584417995,0.1759,0.9880672796752762,0.0834069385300967,,,0.9305209158829604,,0.9305589939099866,0.06944100609001336,0.8514766309679916,0.14792805295480987,10,0.025,0.15,0.966393232424409,0.9760590144157866,0.9741614554575788,0.9719363102331408,0.9733671111466439,0.971149157933201,0.9738930604362822,1.0,0.9747056386728643,0.9631427170303349,0.9733202518459658,0.9754423222997618
1,8,2.1777839902675513,0.2144743158905425,4166,2.284606013979231,0.1752701080432173,833,2.284568705136263,0.1759,0.9869318497571568,0.08337680222328657,,,0.9252494958131634,,0.9252941856051229,0.07470581439487711,0.8514771121024326,0.1479273663367272,10,0.025,0.15,0.9742160555066993,0.9707297936182866,0.9712052288919877,0.9692712489060653,0.9696509783571569,0.9739697211740758,0.962950470664279,0.9747056386728643,1.0,0.9674677657800514,0.9719036971773674,0.9741268798978819
1,9,2.1605402686379174,0.21629860777724436,4166,2.2861362865992954,0.17406962785114047,833,2.2845891608467586,0.1773,0.9806906457999094,0.08266076040084358,,,0.8,,0.8000115528708884,0.19998844712911157,0.851229873261734,0.147821954847366,10,0.025,0.15,0.9629814277814818,0.9644972860165176,0.9657545602284516,0.9653969006905766,0.965040672804612,0.9630192282024805,0.9582376826221535,0.9631427170303349,0.9674677657800514,1.0,0.964565165084545,0.9666038436478432
1,10,2.1846890312252625,0.2128420547287566,4166,2.283443348748343,0.18127250900360145,833,2.284566710266886,0.1759,0.9877397002577798,0.08362664270344324,,,0.9689514042667474,,0.9689970457658729,0.031002954234127134,0.8516599652915844,0.14793665954040086,10,0.025,0.15,0.9689504304282139,0.9721690475961754,0.9724636867993889,0.9731863773897528,0.9737661965612356,0.9732147616144925,0.9681416628577767,0.9733202518459658,0.9719036971773674,0.964565165084545,1.0,0.9778888243256691
1,11,2.1814519427039407,0.21797887662025925,4166,2.283647264753069,0.18127250900360145,833,2.2845662756811214,0.1759,0.9893446895396127,0.08380414515807226,,,0.9999999998250808,,1.0,0.0,0.8516842680974487,0.14793712964308295,10,0.025,0.15,0.9700507952970757,0.9751399779959131,0.9753087139987249,0.9729951648911915,0.9768926181770381,0.9752725831210016,0.9687830986201026,0.9754423222997618,0.9741268798978819,0.9666038436478432,0.9778888243256691,1.0
2,0,2.101745846416011,0.24694024478041757,4167,2.266025815691267,0.21103117505995203,834,2.267346143722534,0.2071,0.9811130228820312,0.08303209716377094,,,1.0,,1.0,0.0,0.9630564091495061,0.1474870985900523,10,0.025,0.15,1.0,0.9666845596097803,0.9629071998066819,0.9615660581152452,0.9592212087466466,0.959919029429557,0.9572315483812543,0.9586053763095772,0.9662635633612399,0.9586855377726642,0.9617500040812629,0.9633880341448118
2,1,2.101371962735147,0.24598032157427405,4167,2.2693604741777693,0.2038369304556355,834,2.2673319170746624,0.2081,0.9851493745365226,0.08353285456052421,,,1.0,,1.0,0.0,0.9634609902920328,0.1474870985900523,10,0.025,0.15,0.9666845596097803,1.0,0.9640950739988907,0.9639250619082418,0.9651821015310094,0.9666247724632246,0.9660165367429037,0.9700834568033767,0.9654907785453989,0.9618442173671029,0.9661060749144422,0.9675664156983961
2,2,2.0934116851199756,0.24778017758579313,4167,2.2660487719944546,0.22182254196642687,834,2.267330534850495,0.2081,0.9833499615730948,0.08354472515371786,,,1.0,,1.0,0.0,0.9634559123026303,0.1474870985900523,10,0.025,0.15,0.9629071998066819,0.9640950739988907,1.0,0.9625395916398495,0.9653378417516013,0.9615918702119716,0.9636771933878063,0.9651209585693412,0.9627635995038427,0.9616833450936627,0.9650355162299792,0.96756213537611
2,3,2.10790586977294,0.2369330453563715,4167,2.268020902361189,0.2014388489208633,834,2.2673319019848788,0.2071,0.9822725864890874,0.08324138368439418,,,1.0,,1.0,0.0,0.9633226675113409,0.1474870985900523,10,0.025,0.15,0.9615660581152452,0.9639250619082418,0.9625395916398495,1.0,0.9627480467218371,0.9625128214280487,0.9610364078854484,0.9662201551559834,0.9607557628435013,0.9612771492528662,0.9648185448961636,0.9624104103801654
2,4,2.0875487771901216,0.2568994480441565,4167,2.2680653503962924,0.20528211284513806,833,2.267332756066624,0.2081,0.982856769392999,0.08343319095995576,,,1.0,,1.0,0.0,0.9634605741226763,0.1474870985900523,10,0.025,0.15,0.9592212087466466,0.9651821015310094,0.9653378417516013,0.9627480467218371,1.0,0.9678539428284092,0.9626140319535582,0.9629144500513105,0.9603290873062025,0.9564796965342321,0.965535979927801,0.9682740937626028
2,5,2.0950099977579986,0.24732421406287497,4167,2.2688089098249162,0.21368547418967587,833,2.2673343797273273,0.2081,0.984085264718042,0.08335472515236635,,,1.0,,1.0,0.0,0.9633452622860367,0.1474870985900523,10,0.025,0.15,0.959919029429557,0.9666247724632246,0.9615918702119716,0.9625128214280487,0.9678539428284092,1.0,0.9631319061460412,0.9652954943652158,0.968253341286,0.9602510165262051,0.9667561286396135,0.9689025564354536
2,6,2.0746613379680747,0.25819534437245023,4167,2.268806219100952,0.20048019207683074,833,2.2673504473287847,0.2071,0.9824868045438575,0.08302105608760753,,,1.0,,1.0,0.0,0.9629424877277574,0.1474870985900523,10,0.025,0.15,0.9572315483812543,0.9660165367429037,0.9636771933878063,0.9610364078854484,0.9626140319535582,0.9631319061460412,1.0,0.9692647054344891,0.9634953946524916,0.9543462876360257,0.9653001311154933,0.9662826468986156
2,7,2.0847637075366396,0.25927525797936163,4167,2.264587470463344,0.20408163265306123,833,2.2673338878003855,0.2081,0.9845046723178567,0.08341976859375169,,,1.0,,1.0,0.0,0.9633828261504508,0.1474870985900523,10,0.025,0.15,0.9586053763095772,0.9700834568033767,0.9651209585693412,0.9662201551559834,0.9629144500513105,0.9652954943652158,0.9692647054344891,1.0,0.9656369134149172,0.9578091651926356,0.966013058876181,0.9690464961200426
2,8,2.1007622523741287,0.24315890542486798,4166,2.267935276031494,0.20408163265306123,833,2.267333984375,0.2081,0.9836469971870511,0.08337332975022614,,,1.0,,1.0,0.0,0.9633606109660928,0.1474870985900523,10,0.025,0.15,0.9662635633612399,0.9654907785453989,0.9627635995038427,0.9607557628435013,0.9603290873062025,0.968253341286,0.9634953946524916,0.9656369134149172,1.0,0.9616291126095189,0.9650355085490601,0.966323240574605
2,9,2.0773456367579373,0.2541046567450792,4166,2.271333251680647,0.2112845138055222,833,2.2673697562157353,0.2077,0.978975383751771,0.08277991854474669,,,1.0,,1.0,0.0,0.9624247962209289,0.1474870985900523,10,0.025,0.15,0.9586855377726642,0.9618442173671029,0.9616833450936627,0.9612771492528662,0.9564796965342321,0.9602510165262051,0.9543462876360257,0.9578091651926356,0.9616291126095189,1.0,0.9563570978056799,0.9608284463691456
2,10,2.1051225503285727,0.24375900144023044,4166,2.2660491125924245,0.21008403361344538,833,2.267330812502511,0.2081,0.9844669145769568,0.08355407931683821,,,1.0,,1.0,0.0,0.9634599409500638,0.1474870985900523,10,0.025,0.15,0.9617500040812629,0.9661060749144422,0.9650355162299792,0.9648185448961636,0.965535979927801,0.9667561286396135,0.9653001311154933,0.966013058876181,0.9650355085490601,0.9563570978056799,1.0,0.9727306456272781
2,11,2.100239638848738,0.2514642342774844,4166,2.2677712440490723,0.20888355342136855,833,2.267330272288262,0.2081,0.9859849769436079,0.08371287103210048,,,1.0,,1.0,0.0,0.9634582733928478,0.1474870985900523,10,0.025,0.15,0.9633880341448118,0.9675664156983961,0.96756213537611,0.9624104103801654,0.9682740937626028,0.9689025564354536,0.9662826468986156,0.9690464961200426,0.966323240574605,0.9608284463691456,0.9727306456272781,1.0
3,0,2.042782577601346,0.2685385169186465,4167,2.242096185684204,0.23860911270983212,834,2.2440835433670236,0.2386,0.9775065609680624,0.08307912188487757,,,1.0,,1.0,0.0,0.9803546219434534,0.14694100310171737,10,0.025,0.15,1.0,0.9564296609807444,0.9563675389570646,0.9534865707043727,0.9532412071433396,0.9505800267584701,0.9490555939773356,0.9555067030048562,0.9576278402902477,0.9510454410544037,0.9526983151540499,0.9549380646619213
3,1,2.038986298893437,0.26681065514758817,4167,2.2460739612579346,0.24700239808153476,834,2.2440604499623746,0.2391,0.9810194493978397,0.08350270137198795,,,1.0,,1.0,0.0,0.9803546219434534,0.14694100310171737,10,0.025,0.15,0.9564296609807444,1.0,0.9562307829567029,0.9564565519406997,0.9551383955740383,0.9587213160857784,0.9559658167489838,0.9636449128014986,0.9575287175936729,0.9554401902304459,0.9588069657391325,0.9576641709970388
3,2,2.0336608453230425,0.26983441324694024,4167,2.2415222781045094,0.2517985611510791,834,2.244058796122104,0.2391,0.9791622651827023,0.08344964881333364,,,1.0,,1.0,0.0,0.9803546219434534,0.14694100310171737,10,0.025,0.15,0.9563675389570646,0.9562307829567029,1.0,0.9537646263853409,0.9554283795839085,0.9547591726336802,0.9538988853290432,0.9581727698048088,0.953990103456009,0.9520654446253788,0.9557107597317309,0.9597743447456045
3,3,2.047423134428082,0.26064314854811615,4167,2.2441133771623885,0.2290167865707434,834,2.244062785860858,0.2385,0.9785997724146175,0.08324396075977421,,,1.0,,1.0,0.0,0.9803546219434534,0.14694100310171737,10,0.025,0.15,0.9534865707043727,0.9564565519406997,0.9537646263853409,1.0,0.9560560730512955,0.9566042408777576,0.9517774143137336,0.9619393558128347,0.9501640985749553,0.9520499856327284,0.9560967224633287,0.9553201706618806
3,4,2.028346012577866,0.2755219582433405,4167,2.2441988672528947,0.24009603841536614,833,2.2440615394447425,0.2391,0.9789927996427243,0.08337523492659084,,,1.0,,1.0,0.0,0.9803546219434534,0.14694100310171737,10,0.025,0.15,0.9532412071433396,0.9551383955740383,0.9554283795839085,0.9560560730512955,1.0,0.9612544645776837,0.9557235645478495,0.9545277806153293,0.9524677802216981,0.9482641613968704,0.9570413624440322,0.9590651669559871
3,5,2.033325642166716,0.2681065514758819,4167,2.2449100017547607,0.24489795918367346,833,2.244063516206379,0.2391,0.9808949524348468,0.083388608347116,,,1.0,,1.0,0.0,0.9803546219434534,0.14694100310171737,10,0.025,0.15,0.9505800267584701,0.9587213160857784,0.9547591726336802,0.9566042408777576,0.9612544645776837,1.0,0.9534532832842952,0.9589576787553613,0.9596446302243093,0.955220378057634,0.9589200525674608,0.9624831202097063
3,6,2.0133802782405508,0.2799376049916007,4167,2.2449418817247664,0.24369747899159663,833,2.2440891054612173,0.2385,0.9781531550045679,0.08309332479529458,,,1.0,,1.0,0.0,0.9803546219434534,0.14694100310171737,10,0.025,0.15,0.9490555939773356,0.9559658167489838,0.9538988853290432,0.9517774143137336,0.9557235645478495,0.9534532832842952,1.0,0.9599398151875908,0.9560097839531707,0.9447122868466936,0.9599380816158272,0.958032700037255
3,7,2.020680478847388,0.2815694744420446,4167,2.2413529327937534,0.24369747899159663,833,2.244063009189654,0.2391,0.9820617427719609,0.08346672893840364,,,1.0,,1.0,0.0,0.9803546219434534,0.14694100310171737,10,0.025,0.15,0.9555067030048562,0.9636449128014986,0.9581727698048088,0.9619393558128347,0.9545277806153293,0.9589576787553613,0.9599398151875908,1.0,0.9587484144593896,0.9505014807807074,0.9593944600104034,0.9629502291774198
3,8,2.0426244883826286,0.26236197791646665,4166,2.245379958833967,0.22088835534213686,833,2.244063157069532,0.2391,0.9797459562581534,0.08336274252988175,,,1.0,,1.0,0.0,0.9803546219434534,0.14694100310171737,10,0.025,0.15,0.9576278402902477,0.9575287175936729,0.953990103456009,0.9501640985749553,0.9524677802216981,0.9596446302243093,0.9560097839531707,0.9587484144593896,1.0,0.954270288424855,0.9574563903562243,0.9592304201180378
3,9,2.016387970158548,0.27628420547287563,4166,2.2512447152818953,0.22929171668667467,833,2.2441140428374085,0.2392,0.9754654766947266,0.08285696516675083,,,1.0,,1.0,0.0,0.9803546219434534,0.14694100310171737,10,0.025,0.15,0.9510454410544037,0.9554401902304459,0.9520654446253788,0.9520499856327284,0.9482641613968704,0.955220378057634,0.9447122868466936,0.9505014807807074,0.954270288424855,1.0,0.9495868515171707,0.9539946120436347
3,10,2.042976168791453,0.26790686509841577,4166,2.2426455361502513,0.2388955582232893,833,2.2440591763846482,0.2391,0.9810479979420546,0.08351674188149431,,,1.0,,1.0,0.0,0.9803546219434534,0.14694100310171737,10,0.025,0.15,0.9526983151540499,0.9588069657391325,0.9557107597317309,0.9560967224633287,0.9570413624440322,0.9589200525674608,0.9599380816158272,0.9593944600104034,0.9574563903562243,0.9495868515171707,1.0,0.9666273571689098
3,11,2.0404805902278786,0.27047527604416705,4166,2.2462646620614186,0.24009603841536614,833,2.2440585456316984,0.2392,0.9825666948397052,0.08366422058449473,,,1.0,,1.0,0.0,0.9803546219434534,0.14694100310171737,10,0.025,0.15,0.9549380646619213,0.9576641709970388,0.9597743447456045,0.9553201706618806,0.9590651669559871,0.9624831202097063,0.958032700037255,0.9629502291774198,0.9592304201180378,0.9539946120436347,0.9666273571689098,1.0
4,0,1.9943930994380603,0.2847372210223182,4167,2.2128940309797014,0.2637889688249401,834,2.2154730543305603,0.263,0.9739218755839064,0.08312853878219466,,,1.0,,1.0,0.0,0.9852093245311371,0.1463076973036167,10,0.025,0.15,1.0,0.9460346555931455,0.9478931429232369,0.9454494261025872,0.947021503363107,0.9398560368904549,0.9385745886322533,0.9499326830683029,0.9477844970897765,0.9437722940043285,0.944832516497819,0.9483471154686229
4,1,1.9927746003324336,0.28252939764818813,4167,2.217352424349104,0.26258992805755393,834,2.215441640419296,0.2623,0.9757026974893169,0.08344864863622387,,,1.0,,1.0,0.0,0.9852093245311371,0.1463076973036167,10,0.025,0.15,0.9460346555931455,1.0,0.9444510949737103,0.9471411549427576,0.9455850557563192,0.9475321849539629,0.9447035980488246,0.9551072659805074,0.9463974638233208,0.9462507974534322,0.9501682767173082,0.9467174485920898
4,2,1.9851812734748377,0.2871130309575234,4167,2.2116451944623674,0.2745803357314149,834,2.215439853788931,0.2624,0.9740618332027816,0.08336237927047165,,,1.0,,1.0,0.0,0.9852093245311371,0.1463076973036167,10,0.025,0.15,0.9478931429232369,0.9444510949737103,1.0,0.9433118494530939,0.9492444000591211,0.942212416758466,0.9441676566471021,0.9486946694190505,0.9447167920325513,0.9405800546073684,0.9461584319966662,0.9494662287399664
4,3,2.0014385176427436,0.27880969522438204,4167,2.2148240974971225,0.26498800959232616,834,2.2154458051995385,0.2626,0.9747335345825432,0.08325697565428775,,,1.0,,1.0,0.0,0.9852093245311371,0.1463076973036167,10,0.025,0.15,0.9454494261025872,0.9471411549427576,0.9433118494530939,1.0,0.9489255541486995,0.9470707305103662,0.9445720407298626,0.952974188777262,0.9412302243886402,0.9428834210818067,0.9478170708158554,0.9475198075119957
4,4,1.983056650017247,0.2905927525797936,4167,2.2149934428078786,0.2653061224489796,833,2.2154428838174556,0.2623,0.9756700890695377,0.08336871031771062,,,1.0,,1.0,0.0,0.9852093245311371,0.1463076973036167,10,0.025,0.15,0.947021503363107,0.9455850557563192,0.9492444000591211,0.9489255541486995,1.0,0.9534872102110372,0.9449918457180471,0.9460445951151978,0.9424575823610049,0.9423880033990041,0.9492576907857274,0.9503635759774699
4,5,1.988111795801105,0.2863930885529158,4167,2.2150745391845703,0.27010804321728693,833,2.215445210662069,0.2623,0.9757574457960081,0.08337983087174243,,,1.0,,1.0,0.0,0.9852093245311371,0.1463076973036167,10,0.025,0.15,0.9398560368904549,0.9475321849539629,0.942212416758466,0.9470707305103662,0.9534872102110372,1.0,0.9438910355090606,0.9482074067157032,0.9488507395315113,0.9466595117182136,0.9497394245592538,0.9532603099011319
4,6,1.9645898125388406,0.3005519558435325,4167,2.2155784538814,0.2617046818727491,833,2.215479820589476,0.263,0.9732311210957868,0.08311483074688236,,,1.0,,1.0,0.0,0.9852093245311371,0.1463076973036167,10,0.025,0.15,0.9385745886322533,0.9447035980488246,0.9441676566471021,0.9445720407298626,0.9449918457180471,0.9438910355090606,1.0,0.9512171670300631,0.9462348216031722,0.9334904020136043,0.9509742740691592,0.9485163824002842
4,7,1.9703325448614177,0.2976961843052556,4167,2.2127953256879533,0.27490996398559425,833,2.215444721753084,0.2623,0.9786377401158378,0.08352197866935128,,,1.0,,1.0,0.0,0.9852093245311371,0.1463076973036167,10,0.025,0.15,0.9499326830683029,0.9551072659805074,0.9486946694190505,0.952974188777262,0.9460445951151978,0.9482074067157032,0.9512171670300631,1.0,0.9509885857805047,0.942621661882731,0.9522721107586092,0.956366581503712
4,8,1.994830352609808,0.2800048007681229,4166,2.21760664667402,0.24849939975990396,833,2.2154449571537067,0.2623,0.9752705200994457,0.0833479666720959,,,1.0,,1.0,0.0,0.9852093245311371,0.1463076973036167,10,0.025,0.15,0.9477844970897765,0.9463974638233208,0.9447167920325513,0.9412302243886402,0.9424575823610049,0.9488507395315113,0.9462348216031722,0.9509885857805047,1.0,0.9448908001468376,0.9493969905858022,0.9521547177580935
4,9,1.9708444291895086,0.28936629860777724,4166,2.2262552806309293,0.24369747899159663,833,2.2155102415929866,0.2635,0.9714691487933226,0.08291118655584337,,,1.0,,1.0,0.0,0.9852093245311371,0.1463076973036167,10,0.025,0.15,0.9437722940043285,0.9462507974534322,0.9405800546073684,0.9428834210818067,0.9423880033990041,0.9466595117182136,0.9334904020136043,0.942621661882731,0.9448908001468376,1.0,0.9410983026334718,0.9463240482238432
4,10,1.995294146826773,0.28230916946711476,4166,2.213610921587263,0.26290516206482595,833,2.2154402883746958,0.2624,0.9773098108944824,0.08350967810862335,,,1.0,,1.0,0.0,0.9852093245311371,0.1463076973036167,10,0.025,0.15,0.944832516497819,0.9501682767173082,0.9461584319966662,0.9478170708158554,0.9492576907857274,0.9497394245592538,0.9509742740691592,0.9522721107586092,0.9493969905858022,0.9410983026334718,1.0,0.9571183092120801
4,11,1.9923372304800786,0.28804608737397985,4166,2.2197623252868652,0.25690276110444177,833,2.2154396455499192,0.2624,0.9787939985794235,0.08364927571457283,,,1.0,,1.0,0.0,0.9852093245311371,0.1463076973036167,10,0.025,0.15,0.9483471154686229,0.9467174485920898,0.9494662287399664,0.9475198075119957,0.9503635759774699,0.9532603099011319,0.9485163824002842,0.956366581503712,0.9521547177580935,0.9463240482238432,0.9571183092120801,1.0
5,0,1.9548859849120632,0.29832013438924887,4167,2.1788626738956998,0.2709832134292566,834,2.1820139764230464,0.2826,0.9715109193493834,0.08320920850696745,,,1.0,,1.0,0.0,0.9873569827176795,0.14571449424891356,10,0.025,0.15,1.0,0.9398607101882177,0.9414634894272235,0.9387761010720954,0.9399520058286712,0.9325418420329316,0.930806392644339,0.9458531714294092,0.9429267178735736,0.9349115518777907,0.9391245084900175,0.9389337306773886
5,1,1.9509810967878862,0.29378449724022077,4167,2.1836046831948415,0.2793764988009592,834,2.181973934173584,0.2824,0.9714558370527063,0.08340580259520528,,,1.0,,1.0,0.0,0.9873569827176795,0.14571449424891356,10,0.025,0.15,0.9398607101882177,1.0,0.9336471506007377,0.9383825299377818,0.9380724009322411,0.9395481238129382,0.9359474506012601,0.9477726158700175,0.9372999854881391,0.9349614594856211,0.9413918737259566,0.9374034424292502
5,2,1.9428497296391112,0.30302375809935206,4167,2.176971129008702,0.2961630695443645,834,2.1819720871840853,0.2823,0.9694040522789228,0.08328540952035966,,,1.0,,1.0,0.0,0.9873569827176795,0.14571449424891356,10,0.025,0.15,0.9414634894272235,0.9336471506007377,1.0,0.9325684313767858,0.9401983436111456,0.9324541747961809,0.9363016315686685,0.9402341190809406,0.9362325763401487,0.9299397537206818,0.9360276300834366,0.9413619040736182
5,3,1.9579635341962178,0.2961123110151188,4167,2.1806856223515103,0.2733812949640288,834,2.181980130038684,0.2824,0.9700794973330256,0.08324211698500224,,,1.0,,1.0,0.0,0.9873569827176795,0.14571449424891356,10,0.025,0.15,0.9387761010720954,0.9383825299377818,0.9325684313767858,1.0,0.9383967190186655,0.938753861027003,0.9337474622748404,0.9467565419382836,0.9320903569209434,0.9318542309211719,0.9391391183027712,0.937902494027475
5,4,1.9414157755447157,0.3050395968322534,4167,2.180843319211687,0.29891956782713086,833,2.1819752650924875,0.2824,0.9714676327171491,0.08335664490219274,,,1.0,,1.0,0.0,0.9873569827176795,0.14571449424891356,10,0.025,0.15,0.9399520058286712,0.9380724009322411,0.9401983436111456,0.9383967190186655,1.0,0.9458967747344413,0.9365813265609879,0.9385706882659007,0.9334543597786776,0.9329895034396711,0.9403618451098148,0.9400105642343998
5,5,1.9474028121341358,0.2970722342212623,4167,2.1795858315059116,0.30012004801920766,833,2.1819782890850985,0.2824,0.97217848483157,0.08338672415280675,,,1.0,,1.0,0.0,0.9873569827176795,0.14571449424891356,10,0.025,0.15,0.9325418420329316,0.9395481238129382,0.9324541747961809,0.938753861027003,0.9458967747344413,1.0,0.93493918895593,0.9431426947757671,0.9407662465476341,0.9382351164021218,0.9427355713161226,0.9437245423323204
5,6,1.922716294996666,0.315190784737221,4167,2.1813935892922536,0.2785114045618247,833,2.1820222667500944,0.2825,0.9694305129852149,0.08313285233121291,,,1.0,,1.0,0.0,0.9873569827176795,0.14571449424891356,10,0.025,0.15,0.930806392644339,0.9359474506012601,0.9363016315686685,0.9337474622748404,0.9365813265609879,0.93493918895593,1.0,0.9455526764597152,0.9384646148419205,0.9236499461757085,0.9441673327235404,0.9406817728662655
5,7,1.9272425987503745,0.3107511399088073,4167,2.1794870580945696,0.29531812725090034,833,2.1819775768473177,0.2824,0.9762360043070467,0.08360717316087951,,,1.0,,1.0,0.0,0.9873569827176795,0.14571449424891356,10,0.025,0.15,0.9458531714294092,0.9477726158700175,0.9402341190809406,0.9467565419382836,0.9385706882659007,0.9431426947757671,0.9455526764597152,1.0,0.9436987983452837,0.9348904025036965,0.9463148989420977,0.94717248238885
5,8,1.9536335890943355,0.2945511281805089,4166,2.1848841394696916,0.27130852340936373,833,2.181978032558779,0.2824,0.9712940599370515,0.08333812710312416,,,1.0,,1.0,0.0,0.9873569827176795,0.14571449424891356,10,0.025,0.15,0.9429267178735736,0.9372999854881391,0.9362325763401487,0.9320903569209434,0.9334543597786776,0.9407662465476341,0.9384646148419205,0.9436987983452837,1.0,0.935167143504717,0.9402971116283396,0.9420833083985504
5,9,1.9307027755361614,0.30177628420547287,4166,2.1967787742614746,0.26290516206482595,833,2.1820587960979605,0.2837,0.9662556670423118,0.08290308222205668,,,1.0,,1.0,0.0,0.9873569827176795,0.14571449424891356,10,0.025,0.15,0.9349115518777907,0.9349614594856211,0.9299397537206818,0.9318542309211719,0.9329895034396711,0.9382351164021218,0.9236499461757085,0.9348904025036965,0.935167143504717,1.0,0.9315083248461338,0.9359901718741831
5,10,1.9529537652478073,0.2969755160825732,4166,2.1798403603690013,0.28811524609843936,833,2.18197254893146,0.2823,0.9737113863186804,0.08351719959842484,,,1.0,,1.0,0.0,0.9873569827176795,0.14571449424891356,10,0.025,0.15,0.9391245084900175,0.9413918737259566,0.9360276300834366,0.9391391183027712,0.9403618451098148,0.9427355713161226,0.9441673327235404,0.9463148989420977,0.9402971116283396,0.9315083248461338,1.0,0.9494264558644211
5,11,1.9521496870300987,0.30228036485837734,4166,2.188850164413452,0.27611044417767105,833,2.1819718970528132,0.2823,0.9740775092812333,0.08361565892176781,,,1.0,,1.0,0.0,0.9873569827176795,0.14571449424891356,10,0.025,0.15,0.9389337306773886,0.9374034424292502,0.9413619040736182,0.937902494027475,0.9400105642343998,0.9437245423323204,0.9406817728662655,0.94717248238885,0.9420833083985504,0.9359901718741831,0.9494264558644211,1.0
6,0,1.9186210000153743,0.30815934725221983,4167,2.141272578920637,0.29256594724220625,834,2.1450666113744807,0.298,0.9686017780323655,0.0832888707504218,,,1.0,,1.0,0.0,0.9897727252603485,0.1451414275911845,10,0.025,0.15,1.0,0.9316848599627677,0.9340215970018051,0.9324274536919139,0.9326959328211412,0.9255833927420702,0.9236828136541648,0.939133256228644,0.9341049388312848,0.929367558405622,0.9327339222875972,0.9313543706248112
6,1,1.914236177820148,0.3067674586033117,4167,2.1459480694362094,0.31534772182254195,834,2.145019111754019,0.2977,0.9668116714867219,0.08335241539188135,,,1.0,,1.0,0.0,0.9897727252603485,0.1451414275911845,10,0.025,0.15,0.9316848599627677,1.0,0.9229221956398508,0.929584912691382,0.9292573866461105,0.9321477681078476,0.9264467430460704,0.9386938540367915,0.9256419342969116,0.9285763767056952,0.9317906044969978,0.9290982886655192
6,2,1.9068501967372316,0.3151187904967603,4167,2.138852119445801,0.30935251798561153,834,2.1450172708004334,0.2976,0.9640781937015686,0.08318839250400664,,,1.0,,1.0,0.0,0.9897727252603485,0.1451414275911845,10,0.025,0.15,0.9340215970018051,0.9229221956398508,1.0,0.9213525314099001,0.9317492783223182,0.9224629981169891,0.9260388372247879,0.9325808658921738,0.926682010395903,0.9206653926729339,0.9258918619266653,0.9298381313035365
6,3,1.921456720973506,0.30717542596592273,4167,2.143174716404506,0.2829736211031175,834,2.1450268860104718,0.2978,0.9667816161171325,0.08324983605911192,,,1.0,,1.0,0.0,0.9897727252603485,0.1451414275911845,10,0.025,0.15,0.9324274536919139,0.929584912691382,0.9213525314099001,1.0,0.9314929155924935,0.9311844308617407,0.9262361080854791,0.940767881919381,0.9245490050952951,0.9255660389626662,0.9318484574672974,0.9305967035978145
6,4,1.9063687501531659,0.31653467722582196,4167,2.1431708676474437,0.3133253301320528,833,2.145020478888403,0.2977,0.9677722050655966,0.083353282308736,,,1.0,,1.0,0.0,0.9897727252603485,0.1451414275911845,10,0.025,0.15,0.9326959328211412,0.9292573866461105,0.9317492783223182,0.9314929155924935,1.0,0.9372968006211491,0.9277466149070875,0.9313540846456144,0.9223282462312263,0.9268141370197467,0.933569810647883,0.9327419448635322
6,5,1.9153720378875732,0.31137508999280056,4167,2.1401218346187045,0.31932773109243695,833,2.145023892197428,0.2977,0.9683399296264935,0.08339049837115715,,,1.0,,1.0,0.0,0.9897727252603485,0.1451414275911845,10,0.025,0.15,0.9255833927420702,0.9321477681078476,0.9224629981169891,0.9311844308617407,0.9372968006211491,1.0,0.9275533187961013,0.9354961723988025,0.9299181306761347,0.930594873164883,0.9349523716486502,0.936397072825556
6,6,1.8864923907048774,0.3275737940964723,4167,2.143960918698992,0.29531812725090034,833,2.1450764891467515,0.298,0.9652884690186833,0.08313323921619943,,,1.0,,1.0,0.0,0.9897727252603485,0.1451414275911845,10,0.025,0.15,0.9236828136541648,0.9264467430460704,0.9260388372247879,0.9262361080854791,0.9277466149070875,0.9275533187961013,1.0,0.9369332264866747,0.930513116467111,0.9169644646408606,0.9350199912496382,0.9311851521539274
6,7,1.8884521542173442,0.3239500839932805,4167,2.142956120627267,0.304921968787515,833,2.1450230562234225,0.2977,0.9731637810862386,0.0836849124042554,,,1.0,,1.0,0.0,0.9897727252603485,0.1451414275911845,10,0.025,0.15,0.939133256228644,0.9386938540367915,0.9325808658921738,0.940767881919381,0.9313540846456144,0.9354961723988025,0.9369332264866747,1.0,0.9347684147091077,0.9274506853641177,0.9409740321700338,0.9412841462606605
6,8,1.9178411664384785,0.3036725876140182,4166,2.148622444697789,0.28331332533013204,833,2.145023671886589,0.2977,0.9663237939664021,0.0832944722610161,,,1.0,,1.0,0.0,0.9897727252603485,0.1451414275911845,10,0.025,0.15,0.9341049388312848,0.9256419342969116,0.926682010395903,0.9245490050952951,0.9223282462312263,0.9299181306761347,0.930513116467111,0.9347684147091077,1.0,0.928084787599837,0.9322490746361994,0.9314156531291913
6,9,1.8961036299214218,0.31361017762842053,4166,2.1637046677725658,0.2725090036014406,833,2.1451175122321406,0.2979,0.9635711605487158,0.08293452338981759,,,1.0,,1.0,0.0,0.9897727252603485,0.1451414275911845,10,0.025,0.15,0.929367558405622,0.9285763767056952,0.9206653926729339,0.9255660389626662,0.9268141370197467,0.930594873164883,0.9169644646408606,0.9274506853641177,0.928084787599837,1.0,0.9253417409994232,0.9292434119775905
6,10,1.9146577975966714,0.30760921747479597,4166,2.1428143978118896,0.29891956782713086,833,2.1450177566914617,0.2976,0.9703103731455017,0.08353585265989373,,,1.0,,1.0,0.0,0.9897727252603485,0.1451414275911845,10,0.025,0.15,0.9327339222875972,0.9317906044969978,0.9258918619266653,0.9318484574672974,0.933569810647883,0.9349523716486502,0.9350199912496382,0.9409740321700338,0.9322490746361994,0.9253417409994232,1.0,0.9419616149358335
6,11,1.9144516583644982,0.31505040806529044,4166,2.1547834873199463,0.2857142857142857,833,2.1450171259385122,0.2976,0.970210568964536,0.08359370468350304,,,1.0,,1.0,0.0,0.9897727252603485,0.1451414275911845,10,0.025,0.15,0.9313543706248112,0.9290982886655192,0.9298381313035365,0.9305967035978145,0.9327419448635322,0.936397072825556,0.9311851521539274,0.9412841462606605,0.9314156531291913,0.9292434119775905,0.9419616149358335,1.0
7,0,1.883151365410198,0.32452603791696666,4167,2.1014604227883473,0.3057553956834532,834,2.105929978286164,0.3114,0.9654356340325778,0.08333655755634521,,,1.0,,1.0,0.0,0.991036650298879,0.14467465216488593,10,0.025,0.15,1.0,0.9233736881671142,0.926221290142385,0.9270485456882919,0.9259025598105098,0.9173135882058885,0.917044177939133,0.933234389778131,0.9308063157921415,0.9225211986893282,0.9248442906234292,0.9256003414000832
7,1,1.8831929831793814,0.3186945044396448,4167,2.1058699062892368,0.33093525179856115,834,2.1058786488786527,0.311,0.9635950259905132,0.08331584512826419,,,1.0,,1.0,0.0,0.991036650298879,0.14467465216488593,10,0.025,0.15,0.9233736881671142,1.0,0.9159393550150452,0.9226486769300365,0.9243398041320733,0.9239786728260371,0.9193385146912157,0.9337252184959967,0.9224335300842816,0.9204312329460547,0.9275427759483429,0.9187751456652364
7,2,1.870344540567109,0.32819774418046554,4167,2.0985073021480014,0.3237410071942446,834,2.1058767958532405,0.311,0.959985542512815,0.08309585628941005,,,1.0,,1.0,0.0,0.991036650298879,0.14467465216488593,10,0.025,0.15,0.926221290142385,0.9159393550150452,1.0,0.9137312679573562,0.9245738832609897,0.9132915972502479,0.9170825464798914,0.9245762632134669,0.9206821789802366,0.914029566625362,0.9189726653702236,0.921828275044238
7,3,1.887645294088306,0.32061435085193185,4167,2.1035806792122975,0.2973621103117506,834,2.105886039854605,0.3113,0.9634276510422074,0.0832466232831108,,,1.0,,1.0,0.0,0.991036650298879,0.14467465216488593,10,0.025,0.15,0.9270485456882919,0.9226486769300365,0.9137312679573562,1.0,0.9249103175577731,0.9245776101013617,0.9183211887357504,0.9334743116514915,0.9185278230368549,0.9202503113104501,0.9251508140718867,0.922032905438496
