round,client_id,client_i_training_loss,client_i_training_accuracy,client_i_training_dataset_size,client_i_evaluation_loss,client_i_evaluation_accuracy,client_i_evaluation_dataset_size,client_i_central_evaluation_loss,client_i_central_evaluation_accuracy,client_i_cosine_similarity,client_i_importance_coefficient,client_i_tanh_val,tanh_normalization_value,client_i_q,client_i_mask_order,client_i_v_nonzero_fraction,client_i_v_sparsity,client_i_v_cosine_similarity,client_i_reward_gradient_norm,local_epochs,learning_rate,gamma,client_0_cosine_similarity,client_1_cosine_similarity,client_2_cosine_similarity,client_3_cosine_similarity,client_4_cosine_similarity,client_5_cosine_similarity,client_6_cosine_similarity,client_7_cosine_similarity,client_8_cosine_similarity,client_9_cosine_similarity,client_10_cosine_similarity,client_11_cosine_similarity
0,0,0.35697315904448274,0.8884,5000,2.1891924010382757,0.4052757793764988,834,2.187802822826008,0.4093,0.7939004118864399,0.08344244757657293,,,0.7701563979642192,,0.7701771999397621,0.22982280006023792,0,0.39617216065318595,5,0.1,0.5,1.0,0.6015538826043311,0.5908554658914684,0.6058091218250493,0.5989102918466562,0.5947833091873268,0.5964110758172101,0.5897904292767056,0.5900750569656462,0.6087413422157985,0.5927499738121227,0.5837641605680833
0,1,0.35027199707521944,0.89288,5000,2.1964156892564564,0.4052757793764988,834,2.1881580314697167,0.4103,0.7902473532300651,0.08305849494112286,,,0.6600184547961658,,0.6600371467295818,0.3399628532704182,0,0.3953868926881304,5,0.1,0.5,0.6015538826043311,1.0,0.5722535824910291,0.6008203546038771,0.5963174035331716,0.5880706244911847,0.5964547492644239,0.6000945499672333,0.5855937717365262,0.6026112438778939,0.5768556952828074,0.5980617836428079
0,2,0.3514978106679383,0.88932,5000,2.196698577315719,0.39928057553956836,834,2.188288068619018,0.4106,0.7892666494802113,0.08295541863582044,,,0.6304507133426851,,0.6304703579137594,0.3695296420862406,0,0.39500706256441864,5,0.1,0.5,0.5908554658914684,0.5722535824910291,1.0,0.6100546039643451,0.5937154901911312,0.5914593515310481,0.5872338582107998,0.5939561119839288,0.5838693332219724,0.5929706648244146,0.6027911485804023,0.5901972757215067
0,3,0.3457089754462147,0.89284,5000,2.1852502999482333,0.41007194244604317,834,2.1876460249050735,0.41,0.7998034688180136,0.08406288499061074,,,0.94813069567031,,0.9481451734350685,0.051854826564931455,0,0.3964294060417472,5,0.1,0.5,0.6058091218250493,0.6008203546038771,0.6100546039643451,1.0,0.6150187744517204,0.6092601608737596,0.5988930265391827,0.599450523964596,0.5906354593603312,0.5968910797521496,0.5892680575164494,0.5935066811539723
0,4,0.3242864575426859,0.89696,5000,2.1866281032562256,0.44057623049219685,833,2.1876460249050735,0.41,0.8005288305611566,0.08413912372070845,,,0.969999999713147,,0.9700015059484965,0.029998494051503455,0,0.39643079651274893,5,0.1,0.5,0.5989102918466562,0.5963174035331716,0.5937154901911312,0.6150187744517204,1.0,0.6059712551885202,0.60693701263709,0.6036725804390459,0.599729555229444,0.5955116457214069,0.6024654552618509,0.5982597203442015
0,5,0.35231909056425476,0.88848,5000,2.1866916285620794,0.4177671068427371,833,2.1881337584778904,0.4111,0.7904946230259964,0.08308448409124214,,,0.6674735189747674,,0.6674815521309171,0.3325184478690829,0,0.39546667912517547,5,0.1,0.5,0.5947833091873268,0.5880706244911847,0.5914593515310481,0.6092601608737596,0.6059712551885202,1.0,0.5892231276720906,0.6025238676500254,0.5874466630821675,0.583504074489602,0.5734684050394888,0.5953294112545958
0,6,0.33611278791680554,0.89512,5000,2.1894585203241417,0.3997599039615846,833,2.187951553363008,0.4103,0.7919459358841724,0.08323702349703209,,,0.7112298963364921,,0.7112494352693138,0.28875056473068617,0,0.3958562783497923,5,0.1,0.5,0.5964110758172101,0.5964547492644239,0.5872338582107998,0.5988930265391827,0.60693701263709,0.5892231276720906,1.0,0.5896893001935898,0.5849147333078557,0.5937587193442143,0.6003535895943827,0.5909793494664715
0,7,0.3520263090338202,0.8904,5000,2.1894321088437683,0.4021608643457383,833,2.1877830112323213,0.4096,0.7940958685032083,0.08346299093220547,,,0.7760493199713439,,0.7760654585613173,0.22393454143868274,0,0.3961951003613089,5,0.1,0.5,0.5897904292767056,0.6000945499672333,0.5939561119839288,0.599450523964596,0.6036725804390459,0.6025238676500254,0.5896893001935898,1.0,0.5928386026847455,0.5911502734306509,0.5956429962184087,0.5964945121405489
0,8,0.3502189222340632,0.89092,5000,2.179004439601192,0.4297719087635054,833,2.1890759468078613,0.4094,0.7865982577676515,0.08267495885490161,,,0.55,,0.5500125495708047,0.4499874504291953,0,0.3933865719868909,5,0.1,0.5,0.5900750569656462,0.5855937717365262,0.5838693332219724,0.5906354593603312,0.599729555229444,0.5874466630821675,0.5849147333078557,0.5928386026847455,1.0,0.5906254402608936,0.5845440527834769,0.593696210209776
0,9,0.3461755320856905,0.88992,5000,2.183946238623725,0.4117647058823529,833,2.187706866584266,0.4097,0.7955245845717831,0.08361315531538117,,,0.8191244151082344,,0.8191355855629737,0.18086441443702628,0,0.39631891283597437,5,0.1,0.5,0.6087413422157985,0.6026112438778939,0.5929706648244146,0.5968910797521496,0.5955116457214069,0.583504074489602,0.5937587193442143,0.5911502734306509,0.5906254402608936,1.0,0.6072802721426463,0.6058522901170615
0,10,0.35733688370840755,0.88884,5000,2.191418488820394,0.4009603841536615,833,2.188168377921985,0.4104,0.7898816011734182,0.08302005278092765,,,0.6489912080372695,,0.6489985442497866,0.35100145575021335,0,0.395253129213931,5,0.1,0.5,0.5927499738121227,0.5768556952828074,0.6027911485804023,0.5892680575164494,0.6024654552618509,0.5734684050394888,0.6003535895943827,0.5956429962184087,0.5845440527834769,0.6072802721426463,1.0,0.5897880987636919
0,11,0.34957712100474697,0.88876,5000,2.183758951999523,0.39135654261704683,833,2.1879390832334282,0.4096,0.7920595482868789,0.08324896466347431,,,0.7146552550644824,,0.7146679383565082,0.2853320616434918,0,0.39588025963311274,5,0.1,0.5,0.5837641605680833,0.5980617836428079,0.5901972757215067,0.5935066811539723,0.5982597203442015,0.5953294112545958,0.5909793494664715,0.5964945121405489,0.593696210209776,0.6058522901170615,0.5897880987636919,1.0
1,0,0.317056137911833,0.90272,5000,2.032008970225299,0.6954436450839329,834,2.031892275277037,0.7014,0.8110006627977854,0.08331402536829449,,,0.7719801553807402,,0.7719943777922795,0.22800562220772047,0.9612423435248846,0.40657568541885486,5,0.1,0.5,1.0,0.6276219876824667,0.6287216301852159,0.632729893987433,0.631174330139857,0.6335776316374658,0.6203240555829748,0.6288492967808664,0.6295880150167322,0.6281864795552118,0.6275403555275564,0.6294990863047254
1,1,0.30506489435388784,0.90632,5000,2.0423707564671836,0.7050359712230215,834,2.032470770537282,0.7001,0.816218662353785,0.08324181242901912,,,0.7518436919388418,,0.7518598463932533,0.24814015360674668,0.959743491730568,0.40648694973881755,5,0.1,0.5,0.6276219876824667,1.0,0.6359157710488422,0.6365692567316936,0.6303772641315201,0.6405956069567663,0.6434927670763506,0.6238114096511091,0.6274389279309412,0.6381192724753917,0.6291191553696776,0.6374398908928637
1,2,0.310657677867088,0.90544,5000,2.0437990073804504,0.6966426858513189,834,2.0327916248157,0.6997,0.8163744681186713,0.08317914130492249,,,0.7343679485070128,,0.7343757843481753,0.2656242156518247,0.9589681868889675,0.4063918044851058,5,0.1,0.5,0.6287216301852159,0.6359157710488422,1.0,0.638251455798484,0.6396376485216014,0.6377592381184242,0.6348950408818496,0.6279151386706066,0.6201840558438738,0.6366576420259235,0.6345317929547213,0.6378412988595908
1,3,0.30828076322343506,0.90648,5000,2.026836306960494,0.697841726618705,834,2.0313728545039607,0.701,0.8162410104357256,0.08390604750306704,,,0.9370645875236157,,0.937081471813664,0.06291852818633603,0.9620245521617825,0.4068166992372367,5,0.1,0.5,0.632729893987433,0.6365692567316936,0.638251455798484,1.0,0.6420441847190251,0.632016253433475,0.62647291819244,0.6274649504019424,0.6269132588426946,0.6346518426191387,0.6355355440256422,0.6335574334060747
1,4,0.28209540527847826,0.91188,5000,2.030957230815181,0.7298919567827131,833,2.0313629799376662,0.7011,0.8181898020994943,0.08402415974893844,,,0.9699999997211515,,0.9700015059484965,0.029998494051503455,0.962039445867859,0.40681966096705163,5,0.1,0.5,0.631174330139857,0.6303772641315201,0.6396376485216014,0.6420441847190251,1.0,0.6388092986485999,0.6326430191594514,0.6360111897117546,0.6224674956631191,0.6396905331073529,0.6320544102051031,0.6399408581921071
1,5,0.3144308234238701,0.90156,5000,2.0286669775291726,0.7130852340936374,833,2.0324143262716907,0.7001,0.8166420719545714,0.08327370012857856,,,0.7607355263229295,,0.7607549821796095,0.23924501782039054,0.9599110399517067,0.4065288993947028,5,0.1,0.5,0.6335776316374658,0.6405956069567663,0.6377592381184242,0.632016253433475,0.6388092986485999,1.0,0.629117071203319,0.6317466775576055,0.6263101645512735,0.6432739755001249,0.6291565707924006,0.6320591407375427
1,6,0.29777605687357056,0.90736,5000,2.0362142810115107,0.7022809123649459,833,2.032194214507033,0.7018,0.8124749329011771,0.08322958560425019,,,0.7484342612683721,,0.7484463631343808,0.25155363686561916,0.9606329326787182,0.4064695552911653,5,0.1,0.5,0.6203240555829748,0.6434927670763506,0.6348950408818496,0.62647291819244,0.6326430191594514,0.629117071203319,1.0,0.6303448601349881,0.6151518409220842,0.6324713176763167,0.6319074833246926,0.6363227932648553
1,7,0.30398503407408856,0.90788,5000,2.0338103903664484,0.6986794717887155,833,2.0318518370485155,0.7015,0.8111745001555006,0.0833336391192784,,,0.7774494186957227,,0.7774609708347975,0.22253902916520252,0.9613333242535562,0.4065964360308529,5,0.1,0.5,0.6288492967808664,0.6238114096511091,0.6279151386706066,0.6274649504019424,0.6360111897117546,0.6317466775576055,0.6303448601349881,1.0,0.6224727605356146,0.6305770685853977,0.6294647272753199,0.6306939029295718
1,8,0.3108512692782245,0.90576,5000,2.0258000691731772,0.7178871548619448,833,2.035874958998098,0.6997,0.8026854274548704,0.08251796505079641,,,0.55,,0.5500125495708047,0.4499874504291953,0.9559466566057921,0.40365534764165933,5,0.1,0.5,0.6295880150167322,0.6274389279309412,0.6201840558438738,0.6269132588426946,0.6224674956631191,0.6263101645512735,0.6151518409220842,0.6224727605356146,1.0,0.6172167043093605,0.6167092970009014,0.615644517175999
1,9,0.30313270763155953,0.90576,5000,2.0272320597260087,0.6914765906362546,833,2.0315401965436846,0.7012,0.816080303838704,0.08360338770242388,,,0.8526683827417663,,0.8526830982380402,0.14731690176195977,0.9617374182707363,0.40676621516810296,5,0.1,0.5,0.6281864795552118,0.6381192724753917,0.6366576420259235,0.6346518426191387,0.6396905331073529,0.6432739755001249,0.6324713176763167,0.6305770685853977,0.6172167043093605,1.0,0.6362686570690365,0.629480402882031
1,10,0.311243164786108,0.90524,5000,2.0376515211882413,0.6782713085234093,833,2.0327789893927286,0.7,0.8121483777908125,0.08307491072384593,,,0.7053034164932624,,0.7053260378495055,0.29467396215049446,0.9594715890526918,0.40619045433881207,5,0.1,0.5,0.6275403555275564,0.6291191553696776,0.6345317929547213,0.6355355440256422,0.6320544102051031,0.6291565707924006,0.6319074833246926,0.6294647272753199,0.6167092970009014,0.6362686570690365,1.0,0.6284861254928173
1,11,0.3036144916668155,0.90712,5000,2.0279215750870883,0.6818727490996399,833,2.032108587197983,0.7012,0.814320168634497,0.08330162531658515,,,0.7685224206530255,,0.7685357160785101,0.23146428392148988,0.9607109803129478,0.4065628243613191,5,0.1,0.5,0.6294990863047254,0.6374398908928637,0.6378412988595908,0.6335574334060747,0.6399408581921071,0.6320591407375427,0.6363227932648553,0.6306939029295718,0.615644517175999,0.629480402882031,0.6284861254928173,1.0
2,0,0.28829592967014406,0.91276,5000,1.835324834894251,0.8657074340527577,834,1.8374460379536541,0.8574,0.8100754880587534,0.08316906042229388,,,0.7210302434045757,,0.7210531599819286,0.27894684001807135,0.9676945823034536,0.4066539516510022,5,0.1,0.5,1.0,0.6231469582524617,0.6315920305515114,0.6241189336853673,0.633678488749877,0.6354615381367931,0.6300387365095154,0.6253382403424794,0.6265359833926547,0.6255873808644868,0.6353775367957851,0.6263036630756496
2,1,0.2753516364925701,0.91804,5000,1.8488294901671234,0.8657074340527577,834,1.8382184909174617,0.8558,0.8116302552557465,0.08317541081783732,,,0.7231521255152484,,0.7231715275337584,0.27682847246624165,0.9676565303019551,0.4066691820875035,5,0.1,0.5,0.6231469582524617,1.0,0.6251337771166197,0.633645051419046,0.6314977442101961,0.6339229356988139,0.6324999727212647,0.6218691302235734,0.629809741095718,0.6342998645796201,0.6302081100880125,0.6366022446166189
2,2,0.2791623184834103,0.91568,5000,1.8519978302496451,0.8513189448441247,834,1.8385050033989805,0.8552,0.8156721206218419,0.08327449995885149,,,0.756261161675572,,0.7562772953165002,0.24372270468349977,0.9677374836740754,0.4068753719200476,5,0.1,0.5,0.6315920305515114,0.6251337771166197,1.0,0.6376362907328309,0.6376624233995212,0.6417667919424174,0.6333164093780437,0.6308197677767277,0.6321397507813903,0.6369157140416272,0.6364492707618911,0.6289482706730444
2,3,0.27705692486825645,0.91828,5000,1.8298243460831818,0.86810551558753,834,1.8362588379710627,0.8576,0.8133145566031021,0.08367256636653563,,,0.8892686229506639,,0.8892776467044827,0.11072235329551727,0.9688541669573838,0.4071969394908483,5,0.1,0.5,0.6241189336853673,0.633645051419046,0.6376362907328309,1.0,0.6345811591641619,0.6359176879175837,0.6272373836625836,0.6258332289396634,0.6245389618444301,0.6273203437601839,0.6399971942323451,0.6353438699271133
2,4,0.25536841207960986,0.92092,5000,1.8358284985577618,0.8631452581032413,833,1.836217953755071,0.8576,0.8180224341907444,0.0839141802490076,,,0.9699999996658661,,0.9700015059484965,0.029998494051503455,0.96890343720826,0.40721927168796707,5,0.1,0.5,0.633678488749877,0.6314977442101961,0.6376624233995212,0.6345811591641619,1.0,0.6415742987972054,0.6338733301401918,0.6300302534402697,0.6291287901711676,0.6406934252549626,0.6413737582105687,0.6375887659203625
2,5,0.2784126990338325,0.91236,5000,1.830815249019199,0.8643457382953181,833,1.8377463151090823,0.8563,0.8184820560847295,0.08343459856929532,,,0.8097555267306127,,0.8097685859143617,0.19023141408563826,0.9681634614173612,0.40707696456462733,5,0.1,0.5,0.6354615381367931,0.6339229356988139,0.6417667919424174,0.6359176879175837,0.6415742987972054,1.0,0.6344227510775169,0.6264765202723978,0.6345625838395382,0.6387989988001543,0.6431256957578075,0.6334377948329074
2,6,0.26234886834255544,0.91976,5000,1.8448165478529754,0.8559423769507803,833,1.8376194623331674,0.8571,0.8155617831633194,0.08330397542678063,,,0.7661099132493578,,0.7661312183123338,0.23386878168766623,0.9679814449062617,0.40692322993404967,5,0.1,0.5,0.6300387365095154,0.6324999727212647,0.6333164093780437,0.6272373836625836,0.6338733301401918,0.6344227510775169,1.0,0.6354599574576272,0.6360366021311324,0.6318082978943361,0.6421049264686104,0.634461445618206
2,7,0.2837773193688292,0.91584,5000,1.839882775589272,0.8535414165666266,833,1.8374237854259845,0.8571,0.809476273276126,0.0831611866603102,,,0.7183993530005657,,0.7184127302846243,0.28158726971537573,0.9676811441678742,0.4066323712488806,5,0.1,0.5,0.6253382403424794,0.6218691302235734,0.6308197677767277,0.6258332289396634,0.6300302534402697,0.6264765202723978,0.6354599574576272,1.0,0.6234857404808051,0.6329430546717485,0.6279016969417516,0.6310182898580747
2,8,0.2811477803856514,0.91488,5000,1.835175907170331,0.8643457382953181,833,1.845369690523361,0.8526,0.8104727295866734,0.08265719895268359,,,0.55,,0.5500125495708047,0.4499874504291953,0.9629293299824611,0.4037735051905067,5,0.1,0.5,0.6265359833926547,0.629809741095718,0.6321397507813903,0.6245389618444301,0.6291287901711676,0.6345625838395382,0.6360366021311324,0.6234857404808051,1.0,0.6264838455587453,0.6255225165484162,0.6364052783286928
2,9,0.2723955871851723,0.91652,5000,1.832925902472602,0.8475390156062425,833,1.8365472391390572,0.8577,0.8157124666391042,0.08355604740342831,,,0.8503356932330499,,0.8503538978966919,0.1496461021033081,0.9686700679345392,0.4071568443485033,5,0.1,0.5,0.6255873808644868,0.6342998645796201,0.6369157140416272,0.6273203437601839,0.6406934252549626,0.6387989988001543,0.6318082978943361,0.6329430546717485,0.6264838455587453,1.0,0.6377009712444628,0.6383770110762397
2,10,0.2828931193692005,0.91408,5000,1.8458448780907526,0.8319327731092437,833,1.8383976320108286,0.8553,0.8184473202132663,0.08330212350783957,,,0.7654911244440663,,0.7655087596004216,0.23449124039957836,0.9674702575153791,0.4069195001908952,5,0.1,0.5,0.6353775367957851,0.6302081100880125,0.6364492707618911,0.6399971942323451,0.6413737582105687,0.6431256957578075,0.6421049264686104,0.6279016969417516,0.6255225165484162,0.6377009712444628,1.0,0.6401046383519763
2,11,0.2841565086808839,0.91292,5000,1.8337775468826294,0.843937575030012,833,1.8373792853218298,0.8573,0.8163560913427004,0.08337915166513656,,,0.7912288391846186,,0.7912454194066563,0.20875458059334373,0.9682008786325232,0.4070222386782173,5,0.1,0.5,0.6263036630756496,0.6366022446166189,0.6289482706730444,0.6353438699271133,0.6375887659203625,0.6334377948329074,0.634461445618206,0.6310182898580747,0.6364052783286928,0.6383770110762397,0.6401046383519763,1.0
3,0,0.26064881945064494,0.92132,5000,1.607579858214767,0.920863309352518,834,1.6122127740908736,0.9103,0.8094847732535606,0.08324652860974185,,,0.97,,0.9700015059484965,0.029998494051503455,0.9693255413539218,0.4044281278680559,5,0.1,0.5,1.0,0.6162164805199847,0.6201110131423843,0.6166558840322794,0.6272655124905769,0.6230153714349438,0.6269238064392836,0.6248029651486879,0.6271785381715574,0.621900118289885,0.6256291729746595,0.6281565871050603
3,1,0.2481985028156904,0.92652,5000,1.6244969456284135,0.920863309352518,834,1.6131664049891998,0.9109,0.8058845699095003,0.08312531653937358,,,0.97,,0.9700015059484965,0.029998494051503455,0.9693724451233524,0.4044281278680559,5,0.1,0.5,0.6162164805199847,1.0,0.6175696175366638,0.6191712820533777,0.6268177702650328,0.6122928710039329,0.6296042396639198,0.619293012484994,0.6188551850392459,0.6217120119354462,0.6183956049462448,0.6228803445756602
3,2,0.2543142173866368,0.92504,5000,1.6287760072284274,0.9124700239808153,834,1.6135083078957213,0.9105,0.8080549459263353,0.08326650765838531,,,0.97,,0.9700015059484965,0.029998494051503455,0.9698760840054808,0.4044281278680559,5,0.1,0.5,0.6201110131423843,0.6175696175366638,1.0,0.6135211871759869,0.6207492307258619,0.6294317488820065,0.6260220686908079,0.6278018936136651,0.6139016412093884,0.6259739753706433,0.6222811150874316,0.6260730838009803
3,3,0.2525276323501614,0.92628,5000,1.6032500311180398,0.9148681055155875,834,1.6107577192135893,0.9103,0.8051369004228811,0.08342832655825934,,,0.97,,0.9700015059484965,0.029998494051503455,0.9706868876153169,0.4044281278680559,5,0.1,0.5,0.6166558840322794,0.6191712820533777,0.6135211871759869,1.0,0.6156423614554314,0.6164571422040604,0.6210683295558086,0.6243556175739758,0.6136772810863773,0.621850843431607,0.6271153627965097,0.6238027344877738
3,4,0.2297676666182982,0.93208,5000,1.6084251933627658,0.9063625450180072,833,1.6107055322049906,0.9104,0.8087713814632762,0.08371485442144938,,,0.97,,0.9700015059484965,0.029998494051503455,0.9707500783915722,0.4044281278680559,5,0.1,0.5,0.6272655124905769,0.6268177702650328,0.6207492307258619,0.6156423614554314,1.0,0.6254859796151745,0.6182963889713705,0.6249274444981642,0.621019753269739,0.6210812510369117,0.6253303253033153,0.6209571890988148
3,5,0.2533928585066727,0.92172,5000,1.6031414623613711,0.9135654261704682,833,1.6125813726419078,0.9106,0.809028804627161,0.08340639810673581,,,0.97,,0.9700015059484965,0.029998494051503455,0.9703955197473735,0.4044281278680559,5,0.1,0.5,0.6230153714349438,0.6122928710039329,0.6294317488820065,0.6164571422040604,0.6254859796151745,1.0,0.621530248177718,0.6208186507918895,0.621526937731232,0.6320493967468941,0.6250041875029952,0.6245469054817813
3,6,0.24208835413869303,0.92648,5000,1.6221089407249734,0.9183673469387755,833,1.6124246779341287,0.9108,0.8107682303897986,0.08338053567071968,,,0.97,,0.9700015059484965,0.029998494051503455,0.970005039169151,0.4044281278680559,5,0.1,0.5,0.6269238064392836,0.6296042396639198,0.6260220686908079,0.6210683295558086,0.6182963889713705,0.621530248177718,1.0,0.6225700775335327,0.6263158031183799,0.6250342762123599,0.6291764183216662,0.6232273478300089
3,7,0.25286208503304203,0.92596,5000,1.613538101867393,0.907563025210084,833,1.612186845879966,0.9105,0.8104602789271119,0.08327529947882467,,,0.97,,0.9700015059484965,0.029998494051503455,0.9692900330021601,0.4044281278680559,5,0.1,0.5,0.6248029651486879,0.619293012484994,0.6278018936136651,0.6243556175739758,0.6249274444981642,0.6208186507918895,0.6225700775335327,1.0,0.619295960417342,0.6340095467602899,0.6285787085489905,0.6208117074768278
3,8,0.25333751241801084,0.925,5000,1.6111595189129864,0.9087635054021609,833,1.6218704499375707,0.909,0.8057699446659463,0.08277833128591144,,,0.97,,0.9700015059484965,0.029998494051503455,0.9622173370342645,0.4044281278680559,5,0.1,0.5,0.6271785381715574,0.6188551850392459,0.6139016412093884,0.6136772810863773,0.621019753269739,0.621526937731232,0.6263158031183799,0.619295960417342,1.0,0.6262465060127839,0.6143468595025936,0.6217579679108345
3,9,0.2532710330839607,0.92332,5000,1.6098416337260493,0.9027611044417767,833,1.611112498627684,0.9103,0.8128598408452178,0.08362023867565553,,,0.97,,0.9700015059484965,0.029998494051503455,0.9705988664302935,0.4044281278680559,5,0.1,0.5,0.621900118289885,0.6217120119354462,0.6259739753706433,0.621850843431607,0.6210812510369117,0.6320493967468941,0.6250342762123599,0.6340095467602899,0.6262465060127839,1.0,0.6298199317629104,0.6292184213190525
3,10,0.25767117005737294,0.92024,5000,1.6236232960665669,0.8883553421368547,833,1.6133620967499365,0.9103,0.8102286372323325,0.08336051287727099,,,0.97,,0.9700015059484965,0.029998494051503455,0.9699971367088731,0.4044281278680559,5,0.1,0.5,0.6256291729746595,0.6183956049462448,0.6222811150874316,0.6271153627965097,0.6253303253033153,0.6250041875029952,0.6291764183216662,0.6285787085489905,0.6143468595025936,0.6298199317629104,1.0,0.6186628145650996
3,11,0.25584780377140093,0.92104,5000,1.6098377218952886,0.9063625450180072,833,1.6121270150041427,0.9107,0.8098168205802215,0.08339715011767246,,,0.97,,0.9700015059484965,0.029998494051503455,0.9702901729417482,0.4044281278680559,5,0.1,0.5,0.6281565871050603,0.6228803445756602,0.6260730838009803,0.6238027344877738,0.6209571890988148,0.6245469054817813,0.6232273478300089,0.6208117074768278,0.6217579679108345,0.6292184213190525,0.6186628145650996,1.0
4,0,0.24205811519745238,0.9276,5000,1.3618275236200403,0.9436450839328537,834,1.3701611464015973,0.9311,0.79099259993055,0.08301438344515205,,,0.97,,0.9700015059484965,0.029998494051503455,0.9708170885298042,0.39923130991245787,5,0.1,0.5,1.0,0.5898786987703175,0.5991576831083562,0.5940084332922473,0.592011534599482,0.5972448649173515,0.6039413164566497,0.5969340148554737,0.5988342580677987,0.5986663227434698,0.6002870628899639,0.6084024841427708
4,1,0.22464813804283595,0.93236,5000,1.3825759225421481,0.9412470023980816,834,1.3712596919970772,0.9312,0.7948203040136949,0.08306772823376947,,,0.97,,0.9700015059484965,0.029998494051503455,0.9708170885298042,0.39923130991245787,5,0.1,0.5,0.5898786987703175,1.0,0.6083619605637755,0.5985104209136726,0.6027029657620688,0.5970455945431502,0.6045795449883931,0.5986964216777659,0.6063599430984888,0.6036766481282692,0.5975389191140552,0.6092749246519157
4,2,0.23394684881049024,0.93092,5000,1.3874613444010417,0.934052757793765,834,1.3716362162519948,0.9309,0.8023766756667459,0.08342596689909476,,,0.97,,0.9700015059484965,0.029998494051503455,0.9708170885298042,0.39923130991245787,5,0.1,0.5,0.5991576831083562,0.6083619605637755,1.0,0.609010638738486,0.6074859888804475,0.6165068473464657,0.6072911431849934,0.6012835179738626,0.5998645550252166,0.6073838844286694,0.6108778718811527,0.6210298787502894
4,3,0.23492801113789724,0.93128,5000,1.3596514375121505,0.9328537170263789,834,1.368487545476554,0.9308,0.7967018479966326,0.08333498960856157,,,0.97,,0.9700015059484965,0.029998494051503455,0.9708170885298042,0.39923130991245787,5,0.1,0.5,0.5940084332922473,0.5985104209136726,0.609010638738486,1.0,0.6049442865414745,0.5956159741137652,0.6021274921097354,0.6004672262693479,0.6026233947288131,0.6011533307443458,0.6111996699514881,0.613507991981123
4,4,0.2114653255796404,0.93572,5000,1.364418003294203,0.9303721488595438,833,1.3684256259625711,0.9308,0.7990281570559349,0.08360685550237087,,,0.97,,0.9700015059484965,0.029998494051503455,0.9708170885298042,0.39923130991245787,5,0.1,0.5,0.592011534599482,0.6027029657620688,0.6074859888804475,0.6049442865414745,1.0,0.6015462669084657,0.6095235063176204,0.5999615190214115,0.605715976812907,0.6062194750458398,0.6171317949741368,0.606860586369959
4,5,0.23659387100784546,0.92864,5000,1.359183218744066,0.936374549819928,833,1.3705784368057983,0.9309,0.7972603604293466,0.08333995337153402,,,0.97,,0.9700015059484965,0.029998494051503455,0.9708170885298042,0.39923130991245787,5,0.1,0.5,0.5972448649173515,0.5970455945431502,0.6165068473464657,0.5956159741137652,0.6015462669084657,1.0,0.6080809870861684,0.6037670641204304,0.6047052102048988,0.6064235523789542,0.6029271539247538,0.6047884759310181
4,6,0.22309142618327385,0.9346,5000,1.3827337865476255,0.9387755102040817,833,1.3703987255644874,0.9311,0.8026651408983003,0.08351186149478217,,,0.97,,0.9700015059484965,0.029998494051503455,0.9708170885298042,0.39923130991245787,5,0.1,0.5,0.6039413164566497,0.6045795449883931,0.6072911431849934,0.6021274921097354,0.6095235063176204,0.6080809870861684,1.0,0.6037544815074994,0.6022800312366686,0.6117317586728861,0.6170414339012783,0.6201318119464018
4,7,0.2356861324168172,0.9318,5000,1.371430926852756,0.9267707082833133,833,1.370131588210694,0.9311,0.79516794077369,0.08317959469298122,,,0.97,,0.9700015059484965,0.029998494051503455,0.9708170885298042,0.39923130991245787,5,0.1,0.5,0.5969340148554737,0.5986964216777659,0.6012835179738626,0.6004672262693479,0.5999615190214115,0.6037670641204304,0.6037544815074994,1.0,0.6006266672292664,0.6035664433343245,0.6071317809018448,0.6030159858194831
4,8,0.23548479633892228,0.9296,5000,1.372137467066447,0.9267707082833133,833,1.3811142021855607,0.9306,0.7952548907562637,0.08285226962012189,,,0.97,,0.9700015059484965,0.029998494051503455,0.9708170885298042,0.39923130991245787,5,0.1,0.5,0.5988342580677987,0.6063599430984888,0.5998645550252166,0.6026233947288131,0.605715976812907,0.6047052102048988,0.6022800312366686,0.6006266672292664,1.0,0.5957744853776858,0.5993170771576927,0.6063363305975307
4,9,0.23077969008071977,0.93052,5000,1.3698128903353657,0.9267707082833133,833,1.368898044759854,0.9309,0.7993128529443083,0.0835539190708833,,,0.97,,0.9700015059484965,0.029998494051503455,0.9708170885298042,0.39923130991245787,5,0.1,0.5,0.5986663227434698,0.6036766481282692,0.6073838844286694,0.6011533307443458,0.6062194750458398,0.6064235523789542,0.6117317586728861,0.6035664433343245,0.5957744853776858,1.0,0.6120761156590112,0.610550037570304
4,10,0.23366060400274907,0.9286,5000,1.3856333759095933,0.9147659063625451,833,1.3714635848237302,0.9312,0.802483695275175,0.08349220267870755,,,0.97,,0.9700015059484965,0.029998494051503455,0.9708170885298042,0.39923130991245787,5,0.1,0.5,0.6002870628899639,0.5975389191140552,0.6108778718811527,0.6111996699514881,0.6171317949741368,0.6029271539247538,0.6170414339012783,0.6071317809018448,0.5993170771576927,0.6120761156590112,1.0,0.6132356518948352
4,11,0.23166647202596305,0.93068,5000,1.368132370489615,0.9195678271308524,833,1.3700620415873421,0.9311,0.8054480992871106,0.08362027538204105,,,0.97,,0.9700015059484965,0.029998494051503455,0.9708170885298042,0.39923130991245787,5,0.1,0.5,0.6084024841427708,0.6092749246519157,0.6210298787502894,0.613507991981123,0.606860586369959,0.6047884759310181,0.6201318119464018,0.6030159858194831,0.6063363305975307,0.610550037570304,0.6132356518948352,1.0
5,0,0.22316293115045424,0.934,5000,1.1131785379515753,0.9496402877697842,834,1.1251880918828825,0.9412,0.7798910766072674,0.08288226403580781,,,0.97,,0.9700015059484965,0.029998494051503455,0.9700741450913143,0.39333207341116805,5,0.1,0.5,1.0,0.5741765055722227,0.5797227441610531,0.5741328567791064,0.5796091401191085,0.5759239962147432,0.578496023472855,0.5804842555923083,0.576051992732888,0.5754949818577532,0.5886010233348677,0.581025986377069
5,1,0.20981047706838674,0.93796,5000,1.1368762652079265,0.9484412470023981,834,1.1263411823933878,0.9411,0.7856747498352492,0.08312126702638933,,,0.97,,0.9700015059484965,0.029998494051503455,0.9700741450913143,0.39333207341116805,5,0.1,0.5,0.5741765055722227,1.0,0.5872569976157267,0.5837903649687386,0.5851132935164838,0.5800970511263911,0.5858237025461966,0.5851068865494671,0.5870959342570807,0.5834786274710585,0.5772911288775433,0.5888173942343479
5,2,0.21854132872703633,0.936,5000,1.1420004919723228,0.9424460431654677,834,1.1267447888660735,0.9409,0.7902136045377706,0.08352019192543622,,,0.97,,0.9700015059484965,0.029998494051503455,0.9700741450913143,0.39333207341116805,5,0.1,0.5,0.5797227441610531,0.5872569976157267,1.0,0.5904985088619011,0.5912939364086668,0.5895965426530344,0.5939230898705786,0.5856937861682506,0.5752152081569989,0.5899114823260939,0.58688994407851,0.5889972633882102
5,3,0.21283785954746565,0.9362,5000,1.1142241292529635,0.9424460431654677,834,1.1234142549883444,0.9411,0.7881849140930973,0.08338807974243216,,,0.97,,0.9700015059484965,0.029998494051503455,0.9700741450913143,0.39333207341116805,5,0.1,0.5,0.5741328567791064,0.5837903649687386,0.5904985088619011,1.0,0.5899452048772938,0.5768570711529334,0.5856229626098118,0.5870547612345685,0.586142212232056,0.5849178080241743,0.5936490837477306,0.5877459553696781
5,4,0.19619827259830228,0.94132,5000,1.1168599217026323,0.943577430972389,833,1.1233456108135917,0.9412,0.7873164090482637,0.08353916835396764,,,0.97,,0.9700015059484965,0.029998494051503455,0.9700741450913143,0.39333207341116805,5,0.1,0.5,0.5796091401191085,0.5851132935164838,0.5912939364086668,0.5899452048772938,1.0,0.581138743319135,0.5807226211966481,0.5870159747823148,0.5804821519965815,0.5831487408477203,0.585604990039364,0.586770651785929
5,5,0.21800909326738044,0.93512,5000,1.1129368676079645,0.9447779111644657,833,1.1256200977788566,0.9412,0.7837042085657938,0.08323384600545612,,,0.97,,0.9700015059484965,0.029998494051503455,0.9700741450913143,0.39333207341116805,5,0.1,0.5,0.5759239962147432,0.5800970511263911,0.5895965426530344,0.5768570711529334,0.581138743319135,1.0,0.577881175912297,0.5799479085595631,0.5845996858176864,0.5905850654260223,0.5834421917005207,0.5780218964403079
5,6,0.20210964408981952,0.9384,5000,1.1378489997651842,0.9507803121248499,833,1.125424768216313,0.9412,0.7875557360367119,0.08348412039490388,,,0.97,,0.9700015059484965,0.029998494051503455,0.9700741450913143,0.39333207341116805,5,0.1,0.5,0.578496023472855,0.5858237025461966,0.5939230898705786,0.5856229626098118,0.5807226211966481,0.577881175912297,1.0,0.5871608667569587,0.5854494476112069,0.5800920727769509,0.5929375644279735,0.585495984560407
5,7,0.21651540028797403,0.93472,5000,1.1275485003436054,0.936374549819928,833,1.1251563237497981,0.9411,0.7879898688286768,0.08327740610280858,,,0.97,,0.9700015059484965,0.029998494051503455,0.9700741450913143,0.39333207341116805,5,0.1,0.5,0.5804842555923083,0.5851068865494671,0.5856937861682506,0.5870547612345685,0.5870159747823148,0.5799479085595631,0.5871608667569587,1.0,0.5857442375241845,0.5880169213195438,0.5941877081256473,0.5789310457129802
5,8,0.21412207617952375,0.93644,5000,1.1301539893503543,0.9339735894357744,833,1.1367302883547334,0.9404,0.7834474225437035,0.0828990075210698,,,0.97,,0.9700015059484965,0.029998494051503455,0.9700741450913143,0.39333207341116805,5,0.1,0.5,0.576051992732888,0.5870959342570807,0.5752152081569989,0.586142212232056,0.5804821519965815,0.5845996858176864,0.5854494476112069,0.5857442375241845,1.0,0.5743113627973306,0.5813682571537366,0.5817073755236364
5,9,0.2115016741624731,0.93496,5000,1.1275382969114516,0.9303721488595438,833,1.1238514318252906,0.9412,0.7874616962156972,0.08350891140357536,,,0.97,,0.9700015059484965,0.029998494051503455,0.9700741450913143,0.39333207341116805,5,0.1,0.5,0.5754949818577532,0.5834786274710585,0.5899114823260939,0.5849178080241743,0.5831487408477203,0.5905850654260223,0.5800920727769509,0.5880169213195438,0.5743113627973306,1.0,0.5960435491682033,0.5864099931473314
5,10,0.2160364248724595,0.93344,5000,1.1452112043345417,0.9351740696278511,833,1.1265485966548372,0.941,0.79111553087531,0.08359615580637964,,,0.97,,0.9700015059484965,0.029998494051503455,0.9700741450913143,0.39333207341116805,5,0.1,0.5,0.5886010233348677,0.5772911288775433,0.58688994407851,0.5936490837477306,0.585604990039364,0.5834421917005207,0.5929375644279735,0.5941877081256473,0.5813682571537366,0.5960435491682033,1.0,0.5872343344655403
5,11,0.214416111869868,0.93572,5000,1.124994483258989,0.9339735894357744,833,1.1250723211910016,0.9413,0.7873575854693148,0.0835495816817735,,,0.97,,0.9700015059484965,0.029998494051503455,0.9700741450913143,0.39333207341116805,5,0.1,0.5,0.581025986377069,0.5888173942343479,0.5889972633882102,0.5877459553696781,0.586770651785929,0.5780218964403079,0.585495984560407,0.5789310457129802,0.5817073755236364,0.5864099931473314,0.5872343344655403,1.0
6,0,0.2078394085631534,0.93596,5000,0.8824585146374173,0.9556354916067147,834,0.898245892776087,0.9476,0.7632715819952502,0.08277909068477526,,,0.97,,0.9700015059484965,0.029998494051503455,0.9682895352294205,0.3851801954145197,5,0.1,0.5,1.0,0.5504699310128696,0.5496310984220235,0.5517320168724086,0.5466634662276498,0.553458180076218,0.5475155663552456,0.5431873597319821,0.5563327676109148,0.5509304863970451,0.5510069667535764,0.5574674385352717
6,1,0.1968368661844996,0.942,5000,0.9094385394343624,0.9520383693045563,834,0.8993514781942764,0.9476,0.7708364735442843,0.08320770683892455,,,0.97,,0.9700015059484965,0.029998494051503455,0.9682895352294205,0.3851801954145197,5,0.1,0.5,0.5504699310128696,1.0,0.5668659273187362,0.5582387548100846,0.5621395739761692,0.5528237869663339,0.5578224168735211,0.5516643121609415,0.5596814528557507,0.5604050591441291,0.5487763881899804,0.5580588990198612
6,2,0.19884110141343847,0.94072,5000,0.9125212916621456,0.9496402877697842,834,0.899736827364364,0.9475,0.7743542091627017,0.08360061168463562,,,0.97,,0.9700015059484965,0.029998494051503455,0.9682895352294205,0.3851801954145197,5,0.1,0.5,0.5496310984220235,0.5668659273187362,1.0,0.5651088851937319,0.5595476583090965,0.5649278939099291,0.5545169324825157,0.5576685956334234,0.5545091200761748,0.5610212909221095,0.5564048845946762,0.5671358554015313
6,3,0.19961254094626493,0.9418,5000,0.8872721592585245,0.9520383693045563,834,0.8965050168692494,0.9481,0.7727169457305846,0.08345377143706689,,,0.97,,0.9700015059484965,0.029998494051503455,0.9682895352294205,0.3851801954145197,5,0.1,0.5,0.5517320168724086,0.5582387548100846,0.5651088851937319,1.0,0.5608875453096743,0.5549262020674239,0.5487126049146817,0.5522307647769652,0.5570673339387239,0.5587480149107966,0.5663136135315529,0.5688897585467785
6,4,0.17941098229212177,0.94488,5000,0.8879231346978081,0.9447779111644657,833,0.8964336373554632,0.9481,0.7711904423686434,0.08350136270003332,,,0.97,,0.9700015059484965,0.029998494051503455,0.9682895352294205,0.3851801954145197,5,0.1,0.5,0.5466634662276498,0.5621395739761692,0.5595476583090965,0.5608875453096743,1.0,0.5585127094600678,0.5456435571891254,0.5587843129400465,0.5554119273000433,0.5609963495369319,0.556360844385499,0.5630423236273743
6,5,0.20384547214059362,0.9362,5000,0.884747255731512,0.9519807923169268,833,0.8986458547960836,0.9477,0.7710027908588266,0.08328932758183445,,,0.97,,0.9700015059484965,0.029998494051503455,0.9682895352294205,0.3851801954145197,5,0.1,0.5,0.553458180076218,0.5528237869663339,0.5649278939099291,0.5549262020674239,0.5585127094600678,1.0,0.5523784082747812,0.5533846811352522,0.5627533126882013,0.5600207788124703,0.5579986520012984,0.5567291274860103
6,6,0.1901037445066461,0.94396,5000,0.9105380861847489,0.9543817527010804,833,0.8984573532978948,0.9477,0.7656605201625738,0.0832685425732499,,,0.97,,0.9700015059484965,0.029998494051503455,0.9682895352294205,0.3851801954145197,5,0.1,0.5,0.5475155663552456,0.5578224168735211,0.5545169324825157,0.5487126049146817,0.5456435571891254,0.5523784082747812,1.0,0.5558132810768281,0.5520906973100447,0.5529866853121127,0.5570656920881948,0.5526519926735565
6,7,0.2039403070144023,0.93936,5000,0.9015161240542376,0.9507803121248499,833,0.8982129022717095,0.9477,0.7676414244865938,0.08319962000772924,,,0.97,,0.9700015059484965,0.029998494051503455,0.9682895352294205,0.3851801954145197,5,0.1,0.5,0.5431873597319821,0.5516643121609415,0.5576685956334234,0.5522307647769652,0.5587843129400465,0.5533846811352522,0.5558132810768281,1.0,0.5520815219308077,0.5549099116897307,0.5557580263709979,0.5610276138532779
6,8,0.2000560011690969,0.94012,5000,0.9059635411809992,0.9423769507803121,833,0.9093867845047777,0.9476,0.7687727431490147,0.08298512498277266,,,0.97,,0.9700015059484965,0.029998494051503455,0.9682895352294205,0.3851801954145197,5,0.1,0.5,0.5563327676109148,0.5596814528557507,0.5545091200761748,0.5570673339387239,0.5554119273000433,0.5627533126882013,0.5520906973100447,0.5520815219308077,1.0,0.5575565819303365,0.5473275448485944,0.5543503673415784
6,9,0.19488691622332024,0.94024,5000,0.9028246557271039,0.9387755102040817,833,0.896935828387166,0.948,0.7732740121584789,0.08355477841881037,,,0.97,,0.9700015059484965,0.029998494051503455,0.9682895352294205,0.3851801954145197,5,0.1,0.5,0.5509304863970451,0.5604050591441291,0.5610212909221095,0.5587480149107966,0.5609963495369319,0.5600207788124703,0.5529866853121127,0.5549099116897307,0.5575565819303365,1.0,0.5639339301162348,0.5658844084172227
6,10,0.2030908254348928,0.93836,5000,0.9210490297388148,0.9387755102040817,833,0.8995447421607118,0.9476,0.7703929939751121,0.08351146433302876,,,0.97,,0.9700015059484965,0.029998494051503455,0.9682895352294205,0.3851801954145197,5,0.1,0.5,0.5510069667535764,0.5487763881899804,0.5564048845946762,0.5663136135315529,0.556360844385499,0.5579986520012984,0.5570656920881948,0.5557580263709979,0.5473275448485944,0.5639339301162348,1.0,0.5592995179958321
6,11,0.20419794808551195,0.93784,5000,0.8998853807096128,0.9423769507803121,833,0.8981190731350225,0.9479,0.7751511633990972,0.08364859875713901,,,0.97,,0.9700015059484965,0.029998494051503455,0.9682895352294205,0.3851801954145197,5,0.1,0.5,0.5574674385352717,0.5580588990198612,0.5671358554015313,0.5688897585467785,0.5630423236273743,0.5567291274860103,0.5526519926735565,0.5610276138532779,0.5543503673415784,0.5658844084172227,0.5592995179958321,1.0
7,0,0.1894160528868959,0.94272,5000,0.6798514282261884,0.9592326139088729,834,0.6987450614143104,0.9512,0.7514858495274849,0.0828163683280396,,,0.55,,0.5500125495708047,0.4499874504291953,0.9561389285865485,0.37402046659887117,5,0.1,0.5,1.0,0.5262729695863008,0.5311811468105829,0.5309577722446504,0.5266165472485265,0.5189018768402436,0.5351127173557644,0.5239310886567368,0.5341618661031808,0.5275926835414346,0.5230070042094153,0.5380697868370026
7,1,0.17873175176465586,0.94676,5000,0.7063519292407565,0.9568345323741008,834,0.6975898411327277,0.9516,0.7521261022966891,0.08312934824384118,,,0.6783489095911698,,0.6783595201044125,0.3216404798955875,0.9629120818326411,0.37661554460379143,5,0.1,0.5,0.5262729695863008,1.0,0.5376830786463968,0.5264193731891132,0.5329537818143356,0.5190165840681635,0.5388003383870096,0.5291408324234159,0.5297426445357476,0.5298827104777235,0.5154230129756824,0.5338297656872166
