round,client_id,client_i_training_loss,client_i_training_accuracy,client_i_training_dataset_size,client_i_evaluation_loss,client_i_evaluation_accuracy,client_i_evaluation_dataset_size,client_i_central_evaluation_loss,client_i_central_evaluation_accuracy,client_i_cosine_similarity,client_i_importance_coefficient,client_i_tanh_val,tanh_normalization_value,client_i_q,client_i_mask_order,client_i_v_nonzero_fraction,client_i_v_sparsity,client_i_v_cosine_similarity,client_i_reward_gradient_norm,local_epochs,learning_rate,gamma,client_0_cosine_similarity,client_1_cosine_similarity,client_2_cosine_similarity,client_3_cosine_similarity,client_4_cosine_similarity,client_5_cosine_similarity,client_6_cosine_similarity,client_7_cosine_similarity,client_8_cosine_similarity,client_9_cosine_similarity,client_10_cosine_similarity,client_11_cosine_similarity
0,0,0.3377443146743592,0.89436,5000,2.1990996378439442,0.3908872901678657,834,2.1990115992939128,0.383,0.7913907902787067,0.08416761176382524,,,0.9889701272075442,,0.9889764570051705,0.01102354299482955,0,0.39177321242980195,5,0.1,0.5,1.0,0.5933761402165187,0.5819834876725021,0.564683428573837,0.5879905250322458,0.5882801141841348,0.5847322401433124,0.5861731964270794,0.58792676299575,0.5867373435108603,0.5919950136928785,0.5872189804757734
0,1,0.34945943130144647,0.8916,5000,2.1996840459329112,0.38369304556354916,834,2.1990124912688525,0.3831,0.7874842218085506,0.08375213240474766,,,0.9445363639939717,,0.9445509763566086,0.05544902364339144,0,0.391771215537256,5,0.1,0.5,0.5933761402165187,1.0,0.5931544841691547,0.5674642604445778,0.5728840574946032,0.5831411695072264,0.6003126695776082,0.5759373725515043,0.5743654508158453,0.5750103041115913,0.5803464898153262,0.5883731016910186
0,2,0.3543487611885188,0.88908,5000,2.1977435924388744,0.4088729016786571,834,2.1990397776277684,0.383,0.7824594063064505,0.08321772295045432,,,0.8873835292445308,,0.8873952110837809,0.11260478891621906,0,0.39175418966299336,5,0.1,0.5,0.5819834876725021,0.5931544841691547,1.0,0.5615333772409254,0.5721796024433986,0.5698960974825771,0.5847506036222886,0.5731633934116135,0.5712902813882209,0.5707585005635413,0.5897388240246652,0.5886707346419227
0,3,0.3601462458420521,0.88672,5000,2.202478806177775,0.38369304556354916,834,2.1992611336631898,0.3817,0.77038079479912,0.0819331137580261,,,0.75,,0.750002509914161,0.24999749008583905,0,0.39145983648640814,5,0.1,0.5,0.564683428573837,0.5674642604445778,0.5615333772409254,1.0,0.5532304421057122,0.5665705360327716,0.582249657533635,0.5629856001428873,0.5705604783892161,0.5698058403792878,0.5736767998223353,0.5707891285396013
0,4,0.3409619891565222,0.89168,5000,2.2005144313529685,0.37815126050420167,833,2.1990720372611343,0.3825,0.7765444512331593,0.08258864355210307,,,0.8201061436941783,,0.8201295115707042,0.17987048842929576,0,0.3916746165640886,5,0.1,0.5,0.5879905250322458,0.5728840574946032,0.5721796024433986,0.5532304421057122,1.0,0.5715690945039372,0.583313016023945,0.5635328376835205,0.5693725626760265,0.5648497542881012,0.5789694875858332,0.5836122993976431
0,5,0.33822753340907535,0.89368,5000,2.200809840802793,0.37334933973589435,833,2.199060256488788,0.3827,0.7811089014212643,0.08307409129305095,,,0.8720227299278006,,0.8720395562471763,0.12796044375282367,0,0.3917437642275205,5,0.1,0.5,0.5882801141841348,0.5831411695072264,0.5698960974825771,0.5665705360327716,0.5715690945039372,1.0,0.5834382777857797,0.5677666646602397,0.5803433904550761,0.5573151640156084,0.5935089017416022,0.5825917729485807
0,6,0.3396388280709648,0.89564,5000,2.200167037822582,0.3985594237695078,833,2.199010738549522,0.383,0.7906710041211994,0.08409105959440118,,,0.9807831959067306,,0.9807991566688419,0.019200843331158124,0,0.39177314113407957,5,0.1,0.5,0.5847322401433124,0.6003126695776082,0.5847506036222886,0.582249657533635,0.583313016023945,0.5834382777857797,1.0,0.5887364645837728,0.5778734300175411,0.5739073746941443,0.5914725022715711,0.5835431625448201
0,7,0.3469986673776701,0.89008,5000,2.20136418165984,0.36014405762304924,833,2.1990601658440245,0.3827,0.7811856943723805,0.0830822585340337,,,0.8728961818671254,,0.8729079865468601,0.12709201345313992,0,0.3917443410232334,5,0.1,0.5,0.5861731964270794,0.5759373725515043,0.5731633934116135,0.5629856001428873,0.5635328376835205,0.5677666646602397,0.5887364645837728,1.0,0.5772160749886054,0.5737005585816363,0.5831921849818692,0.5927388833759898
0,8,0.3532289001960189,0.88976,5000,2.1996711271780507,0.3469387755102041,833,2.1990313415710157,0.3831,0.7826049465557701,0.08323320174468747,,,0.889038920933096,,0.8890517544299985,0.11094824557000149,0,0.39175517320321673,5,0.1,0.5,0.58792676299575,0.5743654508158453,0.5712902813882209,0.5705604783892161,0.5693725626760265,0.5803433904550761,0.5778734300175411,0.5772160749886054,1.0,0.5757317823338848,0.5898509885911504,0.5839566291803125
0,9,0.35056309419310394,0.88964,5000,2.198007910339921,0.4021608643457383,833,2.1990835445757493,0.3824,0.7760616565880217,0.08253729638866276,,,0.8146147813625798,,0.8146277797299333,0.18537222027006672,0,0.39166368687123926,5,0.1,0.5,0.5867373435108603,0.5750103041115913,0.5707585005635413,0.5698058403792878,0.5648497542881012,0.5573151640156084,0.5739073746941443,0.5737005585816363,0.5757317823338848,1.0,0.5675480057783585,0.5815995453858209
0,10,0.34744430807460647,0.89144,5000,2.1982970149428755,0.3997599039615846,833,2.199011353258127,0.383,0.791184071578652,0.08414562639388631,,,0.9866188847193542,,0.9866321971788565,0.01336780282114347,0,0.3917731993353101,5,0.1,0.5,0.5919950136928785,0.5803464898153262,0.5897388240246652,0.5736767998223353,0.5789694875858332,0.5935089017416022,0.5914725022715711,0.5831921849818692,0.5898509885911504,0.5675480057783585,1.0,0.5988543494635336
0,11,0.3502508729672546,0.888,5000,2.2036118154172546,0.36614645858343337,833,2.1990116107197233,0.383,0.7914813355728821,0.0841772416221213,,,0.9899999998930542,,0.9900005019828322,0.009999498017167818,0,0.39177321677263865,5,0.1,0.5,0.5872189804757734,0.5883731016910186,0.5886707346419227,0.5707891285396013,0.5836122993976431,0.5825917729485807,0.5835431625448201,0.5927388833759898,0.5839566291803125,0.5815995453858209,0.5988543494635336,1.0
1,0,0.3030967160928876,0.9076,5000,2.0458151587733515,0.7290167865707434,834,2.0437353571382957,0.7208,0.8058755805766229,0.08375792894787164,,,0.9534266662099069,,0.9534410923146428,0.0465589076853572,0.9589570055647337,0.4047627282750751,5,0.1,0.5,1.0,0.6259072991052286,0.6165277964361366,0.6118914476956744,0.6310100545040078,0.6212969792250909,0.6248498477078374,0.6176700229733803,0.628183836458163,0.6068518334269876,0.6255390852164776,0.6147784136733007
1,1,0.3088174267855894,0.90376,5000,2.0412772010873863,0.7290167865707434,834,2.043735258495465,0.7208,0.810347596668101,0.08363875217401354,,,0.9361879665381255,,0.9362080216856583,0.06379197831434169,0.9589471815588051,0.40476065409555123,5,0.1,0.5,0.6259072991052286,1.0,0.6193903646638,0.6209811931024681,0.6310473235034593,0.6216133140293264,0.6225017611222387,0.6221985010010473,0.6363852448814515,0.6259530690710355,0.6291513957786671,0.6150325177462215
1,2,0.3158148132644262,0.9038,5000,2.045356582712244,0.7362110311750599,834,2.043807434578673,0.7205,0.8033177814992664,0.08304032128653951,,,0.8496260467150119,,0.8496410822749862,0.15035891772501375,0.9587999705153972,0.40470588605443175,5,0.1,0.5,0.6165277964361366,0.6193903646638,1.0,0.6168757729496078,0.6239812792048066,0.6199702131783161,0.6254321570898189,0.6229438072533496,0.6264240982758238,0.613563859511679,0.6173708064374802,0.6018825856530224
1,3,0.31063615392869826,0.90532,5000,2.0434799194335938,0.7278177458033573,834,2.04435549643093,0.7201,0.8079483731377478,0.08235157381336629,,,0.75,,0.750002509914161,0.24999749008583905,0.9578867471351131,0.40442415974292184,5,0.1,0.5,0.6118914476956744,0.6209811931024681,0.6168757729496078,1.0,0.6326177153739275,0.6270706865755628,0.631870539104835,0.6296809783634241,0.6195023921715029,0.6213501656072241,0.6293514736834418,0.6139856666747364
1,4,0.2962302313432406,0.90912,5000,2.043884180210255,0.7130852340936374,833,2.0438672677396585,0.7201,0.8151441056003911,0.0830359268228794,,,0.8489903956833311,,0.8489985442497866,0.1510014557502134,0.9586980810746537,0.4047048306452698,5,0.1,0.5,0.6310100545040078,0.6310473235034593,0.6239812792048066,0.6326177153739275,1.0,0.6290606427500567,0.623964874208285,0.6343024068968387,0.6344954115479347,0.6231942561294208,0.6313117336573181,0.626949242034774
1,5,0.30643068348371966,0.90624,5000,2.051760713259379,0.7154861944777912,833,2.043831764318692,0.7204,0.8126283278573135,0.08326952825875261,,,0.8827804108477791,,0.8827920285126248,0.11720797148737516,0.9588533113018118,0.40473906001590976,5,0.1,0.5,0.6212969792250909,0.6216133140293264,0.6199702131783161,0.6270706865755628,0.6290606427500567,1.0,0.6326696414007186,0.634979938464915,0.634031137749877,0.6202798524608466,0.6326395160517765,0.6217035910516168
1,6,0.2977782364365212,0.91096,5000,2.0454407223948725,0.7322929171668667,833,2.043734953807185,0.7209,0.8083343979171861,0.08379290531801928,,,0.9584859333897867,,0.9584960594347673,0.041503940565232655,0.9589579058136378,0.40476312601243203,5,0.1,0.5,0.6248498477078374,0.6225017611222387,0.6254321570898189,0.631870539104835,0.623964874208285,0.6326696414007186,1.0,0.6228815559405222,0.6274276160344389,0.6123510300044946,0.6158214035294224,0.6095195021521601
1,7,0.30347315529539326,0.90544,5000,2.046841537510907,0.7046818727490997,833,2.0438020301703066,0.7203,0.8143873964689097,0.08333619324124271,,,0.8924233771286056,,0.892430098890618,0.10756990110938203,0.9588722292768656,0.40474522534785345,5,0.1,0.5,0.6176700229733803,0.6221985010010473,0.6229438072533496,0.6296809783634241,0.6343024068968387,0.634979938464915,0.6228815559405222,1.0,0.6392789825591197,0.6315317593127376,0.6355062719034885,0.6216968175716214
1,8,0.3051305156198158,0.9068,5000,2.0462606218126087,0.7142857142857143,833,2.043756791958794,0.7208,0.8159811861896377,0.08349157548452298,,,0.914899130914536,,0.914908890115958,0.085091109884042,0.9589000469690384,0.404755394497577,5,0.1,0.5,0.628183836458163,0.6363852448814515,0.6264240982758238,0.6195023921715029,0.6344954115479347,0.634031137749877,0.6274276160344389,0.6392789825591197,1.0,0.6263568547634014,0.631823027236034,0.6231778321606148
1,9,0.3058041003906423,0.90696,5000,2.046801377225805,0.7298919567827131,833,2.0439838254794527,0.7204,0.8047850103118008,0.08264118814864295,,,0.7918921773501054,,0.7919030169168214,0.2080969830831786,0.9584720932247117,0.40458630255185374,5,0.1,0.5,0.6068518334269876,0.6259530690710355,0.613563859511679,0.6213501656072241,0.6231942561294208,0.6202798524608466,0.6123510300044946,0.6315317593127376,0.6263568547634014,1.0,0.6260792510008936,0.6143261253361803
1,10,0.30616604286560395,0.90824,5000,2.039292022033974,0.7190876350540216,833,2.043735466445216,0.721,0.8135535545401207,0.0840107723755134,,,0.9899999998553518,,0.9900005019828322,0.009999498017167818,0.9589619316079411,0.4047640424076128,5,0.1,0.5,0.6255390852164776,0.6291513957786671,0.6173708064374802,0.6293514736834418,0.6313117336573181,0.6326395160517765,0.6158214035294224,0.6355062719034885,0.631823027236034,0.6260792510008936,1.0,0.6251331145705692
1,11,0.3089458715040118,0.90328,5000,2.046068549156189,0.6974789915966386,833,2.043734537145962,0.7208,0.80211494551689,0.08363333412863566,,,0.9354042563062268,,0.9354249284674464,0.0645750715325536,0.9589476914624924,0.404760515034876,5,0.1,0.5,0.6147784136733007,0.6150325177462215,0.6018825856530224,0.6139856666747364,0.626949242034774,0.6217035910516168,0.6095195021521601,0.6216968175716214,0.6231778321606148,0.6143261253361803,0.6251331145705692,1.0
2,0,0.2659857884393471,0.91932,5000,1.8523370645664357,0.8788968824940048,834,1.8482104452273336,0.8708,0.8134411414043916,0.08363547621476733,,,0.9470950172195094,,0.947111088800763,0.052888911199237,0.9680862164823011,0.4064086831613418,5,0.1,0.5,1.0,0.6294117584758511,0.6247272564851465,0.6295425948453599,0.6370931746911586,0.6337566465222406,0.6416158930867228,0.6368094677177959,0.619827399300206,0.6279669044809,0.6259801820759955,0.6255666603072234
2,1,0.2774318112487531,0.91516,5000,1.8416052261988323,0.8860911270983214,834,1.8482006952023735,0.8708,0.8138247317476668,0.08357006694002739,,,0.934195759879131,,0.9342051101852317,0.06579488981476833,0.9680759844235137,0.4064064598162263,5,0.1,0.5,0.6294117584758511,1.0,0.6207704697324321,0.6336995708115164,0.6394182947045637,0.631770946293942,0.6396720339442591,0.6298451993022399,0.6226781591757908,0.631631570401209,0.6295611743009453,0.6281496579452021
2,2,0.28630127887223744,0.913,5000,1.8529647323820326,0.8729016786570744,834,1.848435224816441,0.8713,0.8057428705888695,0.08289356451671584,,,0.8007838105129255,,0.8008031725314995,0.19919682746850054,0.9677143461430181,0.40624010408428374,5,0.1,0.5,0.6247272564851465,0.6207704697324321,1.0,0.6212951757530217,0.6237167112998909,0.6237060527320772,0.6265421246486309,0.6256975617400159,0.621729780509376,0.632719998955509,0.6223629269198194,0.6172314853475995
2,3,0.289289862672045,0.91416,5000,1.8434510584230777,0.8776978417266187,834,1.8492737559083932,0.8704,0.8114245700179606,0.0826360510702802,,,0.75,,0.750002509914161,0.24999749008583905,0.9670412621925848,0.4060305691114427,5,0.1,0.5,0.6295425948453599,0.6336995708115164,0.6212951757530217,1.0,0.638228739839239,0.6288916634711689,0.6321487962197013,0.620575561017511,0.6277984275545521,0.6296947669202928,0.6300651177682645,0.6269265359357293
2,4,0.26902781859763963,0.91632,5000,1.8476894122582894,0.8691476590636255,833,1.8483663843081781,0.8712,0.8197453346031638,0.08337763778174909,,,0.8962471166279546,,0.8962602279002058,0.10373977209979424,0.9679205852923216,0.4063919883614586,5,0.1,0.5,0.6370931746911586,0.6394182947045637,0.6237167112998909,0.638228739839239,1.0,0.6314607267662968,0.6465561713786525,0.6317430501485921,0.6402389688839887,0.6352426763385944,0.6352589277496632,0.6379100384347125
2,5,0.26943585683775556,0.91936,5000,1.8635938432481554,0.8643457382953181,833,1.8483367636561774,0.8711,0.8126719704923443,0.08328600007098776,,,0.878175391816859,,0.8781888459414688,0.12181115405853116,0.9679770137053857,0.4063792189042902,5,0.1,0.5,0.6337566465222406,0.631770946293942,0.6237060527320772,0.6288916634711689,0.6314607267662968,1.0,0.6363726865501846,0.6252068259685724,0.6327763873399237,0.6344260510941075,0.6246296801289709,0.6239794282794227
2,6,0.26529220638523815,0.92064,5000,1.8499513776214034,0.8823529411764706,833,1.8482107860973467,0.8709,0.8190323252252231,0.08385303787118281,,,0.9899999998027916,,0.9900005019828322,0.009999498017167818,0.9680890210867678,0.4064107688395412,5,0.1,0.5,0.6416158930867228,0.6396720339442591,0.6265421246486309,0.6321487962197013,0.6465561713786525,0.6363726865501846,1.0,0.632774659565978,0.6333430957188435,0.6330386260676025,0.6297141964630004,0.6348927891685272
2,7,0.2718234563522207,0.91664,5000,1.8514918618732028,0.8595438175270108,833,1.848291262651023,0.871,0.8118392249335268,0.08330108984626648,,,0.8811512220076486,,0.8811706239646604,0.1188293760353396,0.9680006722429928,0.40638166223172145,5,0.1,0.5,0.6368094677177959,0.6298451993022399,0.6256975617400159,0.620575561017511,0.6317430501485921,0.6252068259685724,0.632774659565978,1.0,0.6314560825317203,0.6312700138720305,0.6303310070651987,0.6227012695246062
2,8,0.28168991032252266,0.91568,5000,1.8522839722809967,0.8823529411764706,833,1.8482245172555454,0.8709,0.810785533016776,0.0833671182501536,,,0.8941725768063471,,0.8941820189749511,0.10581798102504891,0.9680175487476997,0.40639077491500486,5,0.1,0.5,0.619827399300206,0.6226781591757908,0.621729780509376,0.6277984275545521,0.6402389688839887,0.6327763873399237,0.6333430957188435,0.6314560825317203,1.0,0.6358685733322957,0.6188825922063625,0.6231929020284995
2,9,0.274652414538773,0.91768,5000,1.855970409181383,0.8607442977190877,833,1.8486524519448082,0.8715,0.8147443167706334,0.08294287675309514,,,0.8105085969383244,,0.8105315998192861,0.18946840018071387,0.9675363772857685,0.40626860778526835,5,0.1,0.5,0.6279669044809,0.631631570401209,0.632719998955509,0.6296947669202928,0.6352426763385944,0.6344260510941075,0.6330386260676025,0.6312700138720305,0.6358685733322957,1.0,0.6296197978244813,0.6285080317633124
2,10,0.2738062702854917,0.91748,5000,1.8407432238260906,0.8619447779111644,833,1.8482119359147435,0.8709,0.8107566192417087,0.08370918819043287,,,0.9616316367884905,,0.9616485116209026,0.03835148837909741,0.9680913094575764,0.4064100396164495,5,0.1,0.5,0.6259801820759955,0.6295611743009453,0.6223629269198194,0.6300651177682645,0.6352589277496632,0.6246296801289709,0.6297141964630004,0.6303310070651987,0.6188825922063625,0.6296197978244813,1.0,0.6286271912938485
2,11,0.28388514799320963,0.91124,5000,1.8477449549569025,0.8535414165666266,833,1.848187918480212,0.8709,0.8098396121735387,0.0834278924943416,,,0.9061577672638915,,0.9061794086642236,0.09382059133577636,0.96805672898735,0.4063972319640666,5,0.1,0.5,0.6255666603072234,0.6281496579452021,0.6172314853475995,0.6269265359357293,0.6379100384347125,0.6239794282794227,0.6348927891685272,0.6227012695246062,0.6231929020284995,0.6285080317633124,0.6286271912938485,1.0
3,0,0.24529082865104268,0.92676,5000,1.6281815502378676,0.9172661870503597,834,1.6216326597780466,0.9164,0.8049706673706141,0.08343700221480692,,,0.8818480205435878,,0.8818583404447567,0.11814165955524325,0.9693514426358744,0.40384298982076144,5,0.1,0.5,1.0,0.6169044236692505,0.6184452276245873,0.6075193317113782,0.6255942662187667,0.6229672857826151,0.6222294642250754,0.6187232034486044,0.6236795823425656,0.6111497327057307,0.6212711584800179,0.6125140598257959
3,1,0.25065932046194933,0.92292,5000,1.6104605374512848,0.9256594724220624,834,1.621617393371777,0.9164,0.8053114518972547,0.0834055660923169,,,0.8762941869427909,,0.8763064103207671,0.12369358967923294,0.9693323547604268,0.403838114268975,5,0.1,0.5,0.6169044236692505,1.0,0.618694326424732,0.616333827614408,0.6210600324658043,0.6242192049439829,0.6296498241935709,0.6147509586790728,0.6188721965742258,0.6177971355184732,0.6105580584048103,0.6158696300797558
3,2,0.2548279091834452,0.92416,5000,1.629569579053808,0.919664268585132,834,1.6219908227554907,0.9164,0.8070881289238734,0.08301951618327333,,,0.8080905795445857,,0.8081070227398223,0.19189297726017773,0.9689131984411185,0.40371267725022936,5,0.1,0.5,0.6184452276245873,0.618694326424732,1.0,0.6158474110787049,0.6148742005128727,0.6228351640251104,0.6317551927542226,0.615472497641191,0.6276806272286676,0.6199141126667135,0.6212631970343117,0.6181797969364873
3,3,0.25294876666917543,0.92452,5000,1.6115822615446869,0.9232613908872902,834,1.6231843389261265,0.9159,0.8025464605502464,0.08269070860541981,,,0.75,,0.750002509914161,0.24999749008583905,0.968322389384359,0.40346324949646,5,0.1,0.5,0.6075193317113782,0.616333827614408,0.6158474110787049,1.0,0.6203245297512695,0.6199315142035298,0.6286984673193171,0.6168676161432355,0.6127898804182736,0.6157697757052252,0.6150259670662243,0.6131002838154569
3,4,0.2466845095359311,0.92448,5000,1.6202887031767104,0.9051620648259304,833,1.6217906589325244,0.9164,0.8107633801839694,0.08346815223432288,,,0.8873513082059961,,0.8873650921138497,0.11263490788615027,0.9693195111528954,0.40384739873818193,5,0.1,0.5,0.6255942662187667,0.6210600324658043,0.6148742005128727,0.6203245297512695,1.0,0.624947842079784,0.6403849472851438,0.6244855741919055,0.6249615830045935,0.6169211983463426,0.6239304489727017,0.6207917633591576
3,5,0.24315327549602386,0.92684,5000,1.64380325211419,0.9051620648259304,833,1.621753980938238,0.9164,0.8119265578527345,0.08344800996897456,,,0.8837927653188049,,0.8838010140053211,0.11619898599467893,0.9692975928400716,0.40384460800409466,5,0.1,0.5,0.6229672857826151,0.6242192049439829,0.6228351640251104,0.6199315142035298,0.624947842079784,1.0,0.6375293866764649,0.6213009473101829,0.6333960652892056,0.6200284251073032,0.6203433202206229,0.6225454389471432
3,6,0.24321214730501364,0.92888,5000,1.6241504307146426,0.921968787515006,833,1.6215953152781477,0.9165,0.8184018338015149,0.08404917015366767,,,0.9899999998233295,,0.9900005019828322,0.009999498017167818,0.9694412098451406,0.40387263264559514,5,0.1,0.5,0.6222294642250754,0.6296498241935709,0.6317551927542226,0.6286984673193171,0.6403849472851438,0.6375293866764649,1.0,0.6303177985108865,0.6309326173325972,0.6298472336911474,0.6265248979506703,0.6225948741421687
3,7,0.248229029912288,0.92464,5000,1.624381352353979,0.9159663865546218,833,1.6217049821116292,0.9164,0.8058049368360534,0.08324465209661268,,,0.8478654404755855,,0.8478791225340093,0.15212087746599068,0.9692262709965996,0.40380206122501316,5,0.1,0.5,0.6187232034486044,0.6147509586790728,0.615472497641191,0.6168676161432355,0.6244855741919055,0.6213009473101829,0.6303177985108865,1.0,0.6206148035679614,0.6136226940566749,0.6204639864012508,0.6140267257135993
3,8,0.2551155729421005,0.92464,5000,1.6273681101975617,0.9243697478991597,833,1.6216217435586948,0.9164,0.8106750333418132,0.08345810729199199,,,0.8855766638218767,,0.885598112544551,0.11440188745544899,0.9693155129669585,0.4038461174226752,5,0.1,0.5,0.6236795823425656,0.6188721965742258,0.6276806272286676,0.6127898804182736,0.6249615830045935,0.6333960652892056,0.6309326173325972,0.6206148035679614,1.0,0.6224194973465532,0.6201242565745596,0.622117647928142
3,9,0.25449764616075593,0.92464,5000,1.6348742776446872,0.9063625450180072,833,1.622262435599257,0.9163,0.8044919710702445,0.08296168903019395,,,0.797874230950299,,0.7978816324481702,0.20211836755182977,0.9688638442510654,0.40368052163303086,5,0.1,0.5,0.6111497327057307,0.6177971355184732,0.6199141126667135,0.6157697757052252,0.6169211983463426,0.6200284251073032,0.6298472336911474,0.6136226940566749,0.6224194973465532,1.0,0.6118113606043455,0.6203704064399485
3,10,0.2522475410418905,0.9246,5000,1.61181934233065,0.9135654261704682,833,1.621590554904633,0.9164,0.8059744547371087,0.08352079715259028,,,0.8966521090944503,,0.8966718538225993,0.10332814617740071,0.9693812808527729,0.4038537660961638,5,0.1,0.5,0.6212711584800179,0.6105580584048103,0.6212631970343117,0.6150259670662243,0.6239304489727017,0.6203433202206229,0.6265248979506703,0.6204639864012508,0.6201242565745596,0.6118113606043455,1.0,0.6191417639104291
3,11,0.25762110117965253,0.92068,5000,1.6187575569859258,0.9171668667466987,833,1.621624507843115,0.9164,0.8048870509018677,0.08329662897582918,,,0.857048218610798,,0.857065408363034,0.14293459163696598,0.9692748705387018,0.4038160605659431,5,0.1,0.5,0.6125140598257959,0.6158696300797558,0.6181797969364873,0.6131002838154569,0.6207917633591576,0.6225454389471432,0.6225948741421687,0.6140267257135993,0.622117647928142,0.6203704064399485,0.6191417639104291,1.0
4,0,0.2267763580610845,0.93116,5000,1.3868148547631722,0.9364508393285371,834,1.3780559632724847,0.9344,0.797141866305451,0.08341306279485723,,,0.8696787610289236,,0.8696902765925405,0.1303097234074595,0.9697635134215452,0.39837868168541857,5,0.1,0.5,1.0,0.5945735863645966,0.6010386170477887,0.5988344724076273,0.6103160097096162,0.6054764653449132,0.6077937600202897,0.6044005156040039,0.6123113379817764,0.5971874737053684,0.6026448635761309,0.5871692648322405
4,1,0.23193938458029917,0.93,5000,1.3617325226465862,0.947242206235012,834,1.3781898246405604,0.9343,0.7912066996362092,0.08318435156208634,,,0.8263500113938048,,0.8263691581747904,0.1736308418252096,0.9695959662263837,0.39830210805554356,5,0.1,0.5,0.5945735863645966,1.0,0.601349844646374,0.5944929781303686,0.6050865433174148,0.5886083859003973,0.605991331615121,0.5925055609688111,0.5995987229754086,0.5946105492494745,0.5960838783104919,0.5922718240998193
4,2,0.24253313927466322,0.92776,5000,1.3890370704509594,0.934052757793765,834,1.3787114037492405,0.9341,0.7928346501142935,0.08298454078633079,,,0.7884963783552225,,0.7885045931429145,0.21149540685708546,0.9692130639977281,0.3981830900778338,5,0.1,0.5,0.6010386170477887,0.601349844646374,1.0,0.5993901812274098,0.5988071287393195,0.591462246309137,0.5979296578463611,0.5982433008096883,0.6019860037973097,0.5957273048166734,0.5987152520279699,0.5980464797504348
4,3,0.23737718191674087,0.93004,5000,1.3624838237409238,0.9424460431654677,834,1.380102717457488,0.9342,0.7932780928902512,0.08278133727307498,,,0.75,,0.750002509914161,0.24999749008583905,0.9685729570681492,0.39798854450349486,5,0.1,0.5,0.5988344724076273,0.5944929781303686,0.5993901812274098,1.0,0.6050290606545933,0.5967675001537263,0.6064203198470363,0.5964982331590969,0.5922208868767114,0.602302122688147,0.6014738286538713,0.5950403201226739
4,4,0.22049370859482675,0.93208,5000,1.3752837313546076,0.921968787515006,833,1.3782044378713296,0.9342,0.8045238131892288,0.08369223770831208,,,0.9225677240367365,,0.9225842076200994,0.0774157923799006,0.9698466237785723,0.3984149257160298,5,0.1,0.5,0.6103160097096162,0.6050865433174148,0.5988071287393195,0.6050290606545933,1.0,0.6048734499397679,0.618279995519235,0.6093699572618827,0.6175705049572054,0.6101634016863207,0.6094657804626885,0.603214009207007
4,5,0.22766027749978765,0.93148,5000,1.4053422565813418,0.9255702280912365,833,1.3782317268962678,0.9345,0.795163815582275,0.08335113076471391,,,0.8579458986068904,,0.8579539179760052,0.14204608202399482,0.9697449688423001,0.3983631759711333,5,0.1,0.5,0.6054764653449132,0.5886083859003973,0.591462246309137,0.5967675001537263,0.6048734499397679,1.0,0.6122081209933367,0.605017366081031,0.6115820521715138,0.5962557399575559,0.5912855289303697,0.5991955356108215
4,6,0.22287078213627348,0.93308,5000,1.3811596985216494,0.9411764705882353,833,1.3779970681705414,0.9344,0.8036508905309281,0.08404817964180088,,,0.9899999998105526,,0.9900005019828322,0.009999498017167818,0.9699257607207539,0.398422037529511,5,0.1,0.5,0.6077937600202897,0.605991331615121,0.5979296578463611,0.6064203198470363,0.618279995519235,0.6122081209933367,1.0,0.6089182166063529,0.6111221848982045,0.6032337280668754,0.6086895825846184,0.6005590384179862
4,7,0.22563073292706803,0.93188,5000,1.380561696158515,0.936374549819928,833,1.3781764023601057,0.9344,0.798568018320736,0.08333503957215738,,,0.8548974639272039,,0.8549018623563074,0.14509813764369262,0.9696303241188762,0.3983585888424503,5,0.1,0.5,0.6044005156040039,0.5925055609688111,0.5982433008096883,0.5964982331590969,0.6093699572618827,0.605017366081031,0.6089182166063529,1.0,0.6080372412802081,0.6082362840709588,0.6056534149542525,0.5994365232235451
4,8,0.2295243711273073,0.93112,5000,1.3848212957382202,0.9375750300120048,833,1.3780278732982307,0.9343,0.800890153848534,0.0835583356137283,,,0.8972003196397241,,0.8972190151096833,0.10278098489031673,0.9698170094656917,0.39840321851861804,5,0.1,0.5,0.6123113379817764,0.5995987229754086,0.6019860037973097,0.5922208868767114,0.6175705049572054,0.6115820521715138,0.6111221848982045,0.6080372412802081,1.0,0.6049721913791077,0.5991745007446775,0.5988651819943253
4,9,0.2318467930149121,0.93156,5000,1.3971018526289198,0.9243697478991597,833,1.3789288266398274,0.9341,0.7957429375115969,0.08304789666906087,,,0.8004989859554956,,0.8005170423171527,0.1994829576828473,0.969221475717308,0.3982278212428095,5,0.1,0.5,0.5971874737053684,0.5946105492494745,0.5957273048166734,0.602302122688147,0.6101634016863207,0.5962557399575559,0.6032337280668754,0.6082362840709588,0.6049721913791077,1.0,0.5980548600651155,0.6000134073287617
4,10,0.23387432722493437,0.93116,5000,1.3670265674591064,0.929171668667467,833,1.378018125939293,0.9344,0.7965206453282748,0.08344705489728667,,,0.8761184766383959,,0.8761357361578234,0.12386426384217664,0.9698112078837597,0.3983857968933777,5,0.1,0.5,0.6026448635761309,0.5960838783104919,0.5987152520279699,0.6014738286538713,0.6094657804626885,0.5912855289303697,0.6086895825846184,0.6056534149542525,0.5991745007446775,0.5980548600651155,1.0,0.6042210027666066
4,11,0.23269495157655448,0.92784,5000,1.3737449601844505,0.936374549819928,833,1.378196156063019,0.9343,0.7924905112515999,0.08315683271659062,,,0.8211366375149365,,0.8211585763766879,0.17884142362331212,0.9695588638556922,0.398289439463196,5,0.1,0.5,0.5871692648322405,0.5922718240998193,0.5980464797504348,0.5950403201226739,0.603214009207007,0.5991955356108215,0.6005590384179862,0.5994365232235451,0.5988651819943253,0.6000134073287617,0.6042210027666066,1.0
5,0,0.20430561434062328,0.94036,5000,1.1395436503269054,0.9424460431654677,834,1.128053175755583,0.9423,0.7858723520282359,0.08332439321980259,,,0.8497674527093559,,0.8497766176396767,0.1502233823603233,0.9693173388488568,0.3937492811694108,5,0.1,0.5,1.0,0.5822631628337304,0.5805287774979015,0.5737079902125916,0.5878768654228158,0.5861722978857195,0.5916959578660246,0.580401876116253,0.58643651074357,0.5847261565402139,0.5853304634787059,0.5882116430323949
5,1,0.21107608887491522,0.93692,5000,1.1066868945404336,0.9520383693045563,834,1.1282911222582808,0.9424,0.786116042997905,0.08318022529259085,,,0.8224770950709293,,0.8224938507103057,0.17750614928969433,0.9690808843355592,0.3936904577372032,5,0.1,0.5,0.5822631628337304,1.0,0.5837487651226846,0.580437046481328,0.5896599363192457,0.5845423708564218,0.5935685898443501,0.5796873233313194,0.5813284227193174,0.5900310477856489,0.5779879294358702,0.5876223190200786
5,2,0.21691732999637342,0.934,5000,1.1411859039907102,0.9424460431654677,834,1.1290118231560096,0.9421,0.7843300285027867,0.08298401840672802,,,0.7853359903198397,,0.7853521409567793,0.2146478590432207,0.9687318467600862,0.3935636944805238,5,0.1,0.5,0.5805287774979015,0.5837487651226846,1.0,0.5806859203100788,0.5855286225864151,0.5830900628215853,0.584914172782961,0.5802381144939486,0.5825252688457245,0.5839274074091924,0.5842182470606124,0.5856473545535138
5,3,0.2198704673297656,0.93464,5000,1.1081817856541387,0.9556354916067147,834,1.1304296443637567,0.9421,0.7828797901232126,0.08279734747526275,,,0.75,,0.750002509914161,0.24999749008583905,0.9681421902657209,0.39337483667474843,5,0.1,0.5,0.5737079902125916,0.580437046481328,0.5806859203100788,1.0,0.5880800237297381,0.5874747804718602,0.5957221240226419,0.5836849362818708,0.5691124057996164,0.5807316663410895,0.581951120292848,0.580693580857164
5,4,0.2012635714860906,0.93756,5000,1.1245111138732344,0.9303721488595438,833,1.1280859181294427,0.9422,0.7916595679430735,0.08371423072363013,,,0.9235619859740254,,0.9235781336278299,0.07642186637217008,0.9694968222027464,0.393817338641684,5,0.1,0.5,0.5878768654228158,0.5896599363192457,0.5855286225864151,0.5880800237297381,1.0,0.5911888528859601,0.5966000937922807,0.5862223112003259,0.5866675895959872,0.5878517150451117,0.5897654848072728,0.5913259368175051
5,5,0.209325710461426,0.9388,5000,1.1585781221036557,0.9339735894357744,833,1.1281387792608608,0.9423,0.790933535386734,0.08346092196637593,,,0.8756117468874943,,0.8756287334973144,0.1243712665026856,0.9693463312358968,0.3937846602396256,5,0.1,0.5,0.5861722978857195,0.5845423708564218,0.5830900628215853,0.5874747804718602,0.5911888528859601,1.0,0.5991448815792408,0.5891025033365097,0.5887319533681785,0.5901546983067391,0.586259428988857,0.5896766602114483
5,6,0.20789380193729498,0.93996,5000,1.1299697028266058,0.943577430972389,833,1.1278476507519,0.9424,0.7948825035838174,0.08406520563095095,,,0.9899999998107043,,0.9900005019828322,0.009999498017167818,0.9695236211793254,0.3938253796046555,5,0.1,0.5,0.5916959578660246,0.5935685898443501,0.584914172782961,0.5957221240226419,0.5966000937922807,0.5991448815792408,1.0,0.5911019542776521,0.5896456274860065,0.5877517228319554,0.5884343610344084,0.590969728833346
5,7,0.21249136623279874,0.93588,5000,1.1298410473046478,0.9495798319327731,833,1.128231706520239,0.9425,0.7858909067695965,0.08327294158254944,,,0.8400278829667825,,0.8400532101802118,0.15994678981978816,0.96925189807778,0.39373160508812505,5,0.1,0.5,0.580401876116253,0.5796873233313194,0.5802381144939486,0.5836849362818708,0.5862223112003259,0.5891025033365097,0.5911019542776521,1.0,0.5756969983227043,0.5836277141207509,0.59409932439609,0.5841333688064445
5,8,0.21724687267189763,0.9342,5000,1.1352295169123896,0.9423769507803121,833,1.1279913141323736,0.9425,0.7844931183244039,0.08337292985941104,,,0.8589552261559191,,0.8589679232970232,0.1410320767029768,0.9693795097096054,0.3937635169344396,5,0.1,0.5,0.58643651074357,0.5813284227193174,0.5825252688457245,0.5691124057996164,0.5866675895959872,0.5887319533681785,0.5896456274860065,0.5756969983227043,1.0,0.5874981078464528,0.5790398827979999,0.5869256761112873
5,9,0.2119714828736036,0.93724,5000,1.1518449695022017,0.9339735894357744,833,1.1290436055713569,0.9421,0.7881261012464833,0.08315974902080855,,,0.8186010264414637,,0.818618543245821,0.18138145675417905,0.9689521120047134,0.3936802867913439,5,0.1,0.5,0.5847261565402139,0.5900310477856489,0.5839274074091924,0.5807316663410895,0.5878517150451117,0.5901546983067391,0.5877517228319554,0.5836277141207509,0.5874981078464528,1.0,0.5806499552150982,0.5936459484382418
5,10,0.21331250112308012,0.93652,5000,1.116380517129545,0.9423769507803121,833,1.1279871387603564,0.9425,0.786687810605079,0.08337575424851437,,,0.8594898706516174,,0.8595000250991416,0.14049997490085842,0.9693554340623431,0.39376425797294196,5,0.1,0.5,0.5853304634787059,0.5779879294358702,0.5842182470606124,0.581951120292848,0.5897654848072728,0.586259428988857,0.5884343610344084,0.59409932439609,0.5790398827979999,0.5806499552150982,1.0,0.5872398246074024
5,11,0.21885715144431325,0.93076,5000,1.1227446838661477,0.9399759903961584,833,1.1282183476530325,0.9422,0.7898271210723518,0.08329228257337515,,,0.8436890478799731,,0.8437026253702123,0.15629737462978766,0.9691242570011318,0.39373851374610375,5,0.1,0.5,0.5882116430323949,0.5876223190200786,0.5856473545535138,0.580693580857164,0.5913259368175051,0.5896766602114483,0.590969728833346,0.5841333688064445,0.5869256761112873,0.5936459484382418,0.5872398246074024,1.0
6,0,0.19201150482318774,0.94208,5000,0.9106121615127281,0.9484412470023981,834,0.8967628734180341,0.9475,0.7690261022091679,0.08327671336418603,,,0.99,,0.9900005019828322,0.009999498017167818,0.9671864266839678,0.3852305044364405,5,0.1,0.5,1.0,0.5461715483910038,0.5540772239349192,0.5537451330450233,0.562931031489962,0.5556573799866992,0.5604469873882284,0.5480979102658436,0.5633088540170667,0.5582269384018569,0.555371415489247,0.5519519723143287
6,1,0.20265602588024773,0.93928,5000,0.8722068314199094,0.9568345323741008,834,0.8969880487210453,0.9474,0.7614420450741733,0.08291123000614406,,,0.99,,0.9900005019828322,0.009999498017167818,0.9670364833211061,0.3852305044364405,5,0.1,0.5,0.5461715483910038,1.0,0.5503452584316437,0.5467596911765464,0.5574088699529655,0.5519221134589624,0.55422854007704,0.5376631066996979,0.5501032276228758,0.5595044065505101,0.5419882461780539,0.5445874309669616
6,2,0.20369797262547026,0.94,5000,0.9093035371215256,0.9460431654676259,834,0.8976671015873504,0.9473,0.7707851618153292,0.0831100295556297,,,0.99,,0.9900005019828322,0.009999498017167818,0.9666880888586386,0.3852305044364405,5,0.1,0.5,0.5540772239349192,0.5503452584316437,1.0,0.5538283627563717,0.5623445485069895,0.5597025106351604,0.5625299680624576,0.5542455688473239,0.5595213312315116,0.5598700562300868,0.5504791596831115,0.5611303318606016
6,3,0.20194582281646076,0.93912,5000,0.8736098342471652,0.960431654676259,834,0.8990085462030892,0.9473,0.7691194662203407,0.0829254886704326,,,0.99,,0.9900005019828322,0.009999498017167818,0.9661770445942358,0.3852305044364405,5,0.1,0.5,0.5537451330450233,0.5467596911765464,0.5538283627563717,1.0,0.5706708036548037,0.5603102487344379,0.5559090761930723,0.5451573528979684,0.5531160325879266,0.5584837625208142,0.5553927028271207,0.5603035337625308
6,4,0.1874898072207572,0.94212,5000,0.89459361632665,0.9339735894357744,833,0.8967970516354131,0.9474,0.777335657843988,0.08383313782623872,,,0.99,,0.9900005019828322,0.009999498017167818,0.9673565508323407,0.3852305044364405,5,0.1,0.5,0.562931031489962,0.5574088699529655,0.5623445485069895,0.5706708036548037,1.0,0.550695668220465,0.5633860136445606,0.556425239383818,0.5700315817769589,0.5668029236672787,0.5603149222675844,0.5639264657041598
6,5,0.19402941138287827,0.94172,5000,0.9284957205807721,0.9411764705882353,833,0.8968394756697999,0.9474,0.7729899794792563,0.0835088895110426,,,0.99,,0.9900005019828322,0.009999498017167818,0.9672865086109845,0.3852305044364405,5,0.1,0.5,0.5556573799866992,0.5519221134589624,0.5597025106351604,0.5603102487344379,0.550695668220465,1.0,0.5622359041759436,0.557324746636606,0.5656414305662082,0.5596010809231858,0.556036602672996,0.566910958133279
6,6,0.18985072498441122,0.94532,5000,0.8964999583032396,0.9459783913565426,833,0.8965804683514678,0.9474,0.7717366037143403,0.08387100121679494,,,0.99,,0.9900005019828322,0.009999498017167818,0.9673773393384618,0.3852305044364405,5,0.1,0.5,0.5604469873882284,0.55422854007704,0.5625299680624576,0.5559090761930723,0.5633860136445606,0.5622359041759436,1.0,0.5468148181498628,0.5618651091266877,0.5554345874780888,0.5527605724052705,0.5555763929184289
6,7,0.19464436546323974,0.94056,5000,0.8978953758875529,0.9519807923169268,833,0.8969287552391759,0.9475,0.7641235998899614,0.08306853540623159,,,0.99,,0.9900005019828322,0.009999498017167818,0.9671457312010788,0.3852305044364405,5,0.1,0.5,0.5480979102658436,0.5376631066996979,0.5542455688473239,0.5451573528979684,0.556425239383818,0.557324746636606,0.5468148181498628,1.0,0.5564413919551081,0.5573519944682952,0.5525793406094505,0.5529177899014084
6,8,0.1942592411414738,0.94276,5000,0.9044994159981057,0.9447779111644657,833,0.8967019357620337,0.9474,0.7745440920171992,0.08350472114311705,,,0.99,,0.9900005019828322,0.009999498017167818,0.9672280880733507,0.3852305044364405,5,0.1,0.5,0.5633088540170667,0.5501032276228758,0.5595213312315116,0.5531160325879266,0.5700315817769589,0.5656414305662082,0.5618651091266877,0.5564413919551081,1.0,0.5654602990802418,0.5540117258881986,0.5612400196049346
6,9,0.20371708571673577,0.93848,5000,0.9240679189010903,0.9459783913565426,833,0.8976847851238312,0.9471,0.774260350316754,0.08335127429828317,,,0.99,,0.9900005019828322,0.009999498017167818,0.9670096897525517,0.3852305044364405,5,0.1,0.5,0.5582269384018569,0.5595044065505101,0.5598700562300868,0.5584837625208142,0.5668029236672787,0.5596010809231858,0.5554345874780888,0.5573519944682952,0.5654602990802418,1.0,0.5553266099832049,0.5633008024538705
6,10,0.20063736534612195,0.94036,5000,0.8848353778874433,0.9483793517406963,833,0.8967029347587318,0.9475,0.7675037948855207,0.08325736697497398,,,0.99,,0.9900005019828322,0.009999498017167818,0.9672305308696408,0.3852305044364405,5,0.1,0.5,0.555371415489247,0.5419882461780539,0.5504791596831115,0.5553927028271207,0.5603149222675844,0.556036602672996,0.5527605724052705,0.5525793406094505,0.5540117258881986,0.5553266099832049,1.0,0.5614495498022057
6,11,0.2002106409318223,0.93924,5000,0.8912174491970627,0.9447779111644657,833,0.8969153021090328,0.9475,0.77259911609995,0.08338161202692551,,,0.99,,0.9900005019828322,0.009999498017167818,0.9671636330477082,0.3852305044364405,5,0.1,0.5,0.5519519723143287,0.5445874309669616,0.5611303318606016,0.5603035337625308,0.5639264657041598,0.566910958133279,0.5555763929184289,0.5529177899014084,0.5612400196049346,0.5633008024538705,0.5614495498022057,1.0
7,0,0.17737450895943696,0.94792,5000,0.7105189738450227,0.9544364508393285,834,0.6939287507495941,0.9519,0.7556159164180719,0.08330737837083044,,,0.8467695795808341,,0.8467847999598413,0.15321520004015865,0.9643636747768216,0.3775680222961707,5,0.1,0.5,1.0,0.5305903652564523,0.5246805746735617,0.5249693224343934,0.5395724974544528,0.5335870587390378,0.5378649826546531,0.5258814516292816,0.5425377388927636,0.5215830338930162,0.5337585613207984,0.5336142327837987
