round,client_id,client_i_training_loss,client_i_training_accuracy,client_i_training_dataset_size,client_i_evaluation_loss,client_i_evaluation_accuracy,client_i_evaluation_dataset_size,client_i_central_evaluation_loss,client_i_central_evaluation_accuracy,client_i_cosine_similarity,client_i_importance_coefficient,client_i_tanh_val,tanh_normalization_value,client_i_q,client_i_mask_order,client_i_v_nonzero_fraction,client_i_v_sparsity,client_i_v_cosine_similarity,client_i_reward_gradient_norm,local_epochs,learning_rate,gamma,client_0_cosine_similarity,client_1_cosine_similarity,client_2_cosine_similarity,client_3_cosine_similarity,client_4_cosine_similarity,client_5_cosine_similarity,client_6_cosine_similarity,client_7_cosine_similarity,client_8_cosine_similarity,client_9_cosine_similarity,client_10_cosine_similarity,client_11_cosine_similarity
0,0,2.2873172760009766,0.14283657307415407,4167,2.3001102038792203,0.11630695443645084,834,2.2981634683246854,0.1194,0.9793662135014947,0.08317657092694954,,,0.97,,0.9700285520951957,0.029971447904804327,0,0.1471817006252151,10,0.025,0.15,1.0,0.9462505240963824,0.9566019778108877,0.9597629773909379,0.9490371642515091,0.952639915183376,0.9674522096518807,0.9682542762996326,0.9588267138101941,0.9613108274522179,0.9570110710664327,0.9544379597315515
0,1,2.2772027817639438,0.15145188384929206,4167,2.2961796011243547,0.1354916067146283,834,2.2981634683246854,0.1194,0.9793278776543155,0.08317331510265422,,,0.97,,0.9700285520951957,0.029971447904804327,0,0.1471817006252151,10,0.025,0.15,0.9462505240963824,1.0,0.9623667573997055,0.9409968867547756,0.963674155460147,0.9479077291659259,0.9659457559859287,0.9499521322051288,0.9559592069659835,0.9596527141653054,0.9717936023477637,0.9666401806962929
0,2,2.2751519094813952,0.14497240220782337,4167,2.297426530293056,0.12589928057553956,834,2.2981634683246854,0.1194,0.9847397925074522,0.08363294349643263,,,0.97,,0.9700285520951957,0.029971447904804327,0,0.1471817006252151,10,0.025,0.15,0.9566019778108877,0.9623667573997055,1.0,0.9616711558578497,0.949729635553445,0.9589369133748961,0.9689687731733659,0.9634180515323947,0.9618565698979538,0.9741090381063575,0.9745116418973877,0.9626914457427717
0,3,2.2862110845970385,0.14691624670026399,4167,2.300626039505005,0.1211031175059952,834,2.2981634683246854,0.1194,0.9779048256535295,0.08305245675156517,,,0.97,,0.9700285520951957,0.029971447904804327,0,0.1471817006252151,10,0.025,0.15,0.9597629773909379,0.9409968867547756,0.9616711558578497,1.0,0.9519152417664409,0.9538314953167748,0.9639375934497791,0.9521681228447819,0.9599036036638124,0.9646322076395839,0.9530493948513729,0.9525107840482955
0,4,2.2821752750512325,0.17259419246460284,4167,2.297590051378523,0.12484993997599039,833,2.2981634683246854,0.1194,0.979802740353424,0.08321364470605327,,,0.97,,0.9700285520951957,0.029971447904804327,0,0.1471817006252151,10,0.025,0.15,0.9490371642515091,0.963674155460147,0.949729635553445,0.9519152417664409,1.0,0.9597084693605469,0.9526550416118018,0.9526544226463757,0.9622277202498538,0.9660876754343546,0.9646343752671593,0.9644073857884435
0,5,2.285548023744063,0.1784977201823854,4167,2.2977182865142822,0.11164465786314526,833,2.2981634683246854,0.1194,0.9762008305834287,0.08290773819291622,,,0.97,,0.9700285520951957,0.029971447904804327,0,0.1471817006252151,10,0.025,0.15,0.952639915183376,0.9479077291659259,0.9589369133748961,0.9538314953167748,0.9597084693605469,1.0,0.9562183933463627,0.9493218730423957,0.950270296235322,0.956932699128958,0.9454735572840237,0.9630725117054876
0,6,2.2828628251046847,0.14446844252459803,4167,2.3003718852996826,0.0936374549819928,833,2.2981634683246854,0.1194,0.9842814814808557,0.08359401960965282,,,0.97,,0.9700285520951957,0.029971447904804327,0,0.1471817006252151,10,0.025,0.15,0.9674522096518807,0.9659457559859287,0.9689687731733659,0.9639375934497791,0.9526550416118018,0.9562183933463627,1.0,0.9556183019963495,0.9659331451286907,0.96820998692903,0.9638717357341196,0.9606515739500864
0,7,2.2835513649564803,0.14302855771538278,4167,2.2980918203081404,0.12725090036014405,833,2.2981634683246854,0.1194,0.9785252746460232,0.08310515084997214,,,0.97,,0.9700285520951957,0.029971447904804327,0,0.1471817006252151,10,0.025,0.15,0.9682542762996326,0.9499521322051288,0.9634180515323947,0.9521681228447819,0.9526544226463757,0.9493218730423957,0.9556183019963495,1.0,0.9602941581652471,0.9628454247361367,0.9603795920274529,0.9467780714484776
0,8,2.2853332158290978,0.16017762842054728,4166,2.296283619744437,0.11524609843937575,833,2.2981634683246854,0.1194,0.982565575252314,0.08344828944849887,,,0.97,,0.9700285520951957,0.029971447904804327,0,0.1471817006252151,10,0.025,0.15,0.9588267138101941,0.9559592069659835,0.9618565698979538,0.9599036036638124,0.9622277202498538,0.950270296235322,0.9659331451286907,0.9602941581652471,1.0,0.9749721522017492,0.9659173401769141,0.9531076874980426
0,9,2.280560041918899,0.17393182909265484,4166,2.2975761890411377,0.12484993997599039,833,2.2981634683246854,0.1194,0.9866612278985353,0.08379612903916907,,,0.97,,0.9700285520951957,0.029971447904804327,0,0.1471817006252151,10,0.025,0.15,0.9613108274522179,0.9596527141653054,0.9741090381063575,0.9646322076395839,0.9660876754343546,0.956932699128958,0.96820998692903,0.9628454247361367,0.9749721522017492,1.0,0.974582080357307,0.9541566922592476
0,10,2.276738645813682,0.1616178588574172,4166,2.294189691543579,0.13205282112845138,833,2.2981634683246854,0.1194,0.9848248927694757,0.0836401709746553,,,0.97,,0.9700285520951957,0.029971447904804327,0,0.1471817006252151,10,0.025,0.15,0.9570110710664327,0.9717936023477637,0.9745116418973877,0.9530493948513729,0.9646343752671593,0.9454735572840237,0.9638717357341196,0.9603795920274529,0.9659173401769141,0.974582080357307,1.0,0.9646471760186641
0,11,2.2840850338791356,0.14757561209793568,4166,2.301608051572527,0.10444177671068428,833,2.2981634683246854,0.1194,0.9803435003729235,0.08325957090148078,,,0.97,,0.9700285520951957,0.029971447904804327,0,0.1471817006252151,10,0.025,0.15,0.9544379597315515,0.9666401806962929,0.9626914457427717,0.9525107840482955,0.9644073857884435,0.9630725117054876,0.9606515739500864,0.9467780714484776,0.9531076874980426,0.9541566922592476,0.9646471760186641,1.0
1,0,2.1877817164767874,0.20071994240460764,4167,2.28942380632673,0.17625899280575538,834,2.286901108826263,0.1803,0.9874959976417804,0.08326138961482038,,,0.97,,0.9700285520951957,0.029971447904804327,0.8634307725413917,0.14801035166194446,10,0.025,0.15,1.0,0.9742575900075604,0.969137000772667,0.9677316714352461,0.9716267577853739,0.976817994625518,0.9716833083071892,0.9692552653464096,0.9747328744678885,0.9723145053151753,0.9720785933572906,0.9732061437980914
1,1,2.1647176894274627,0.2111111111111111,4167,2.284944977079119,0.21103117505995203,834,2.286901108826263,0.1803,0.9869052416594967,0.08324022881852379,,,0.97,,0.9700285520951957,0.029971447904804327,0.8634307725413917,0.14801035166194446,10,0.025,0.15,0.9742575900075604,1.0,0.9686048652400839,0.963148413653482,0.9746199084508689,0.9711477182895879,0.9724911577295247,0.9662737137898141,0.9766073959766608,0.9727950438475941,0.9731575185492655,0.9726857704037777
1,2,2.1618887106577556,0.21137508999280058,4167,2.28615072795323,0.16786570743405277,834,2.286901108826263,0.1803,0.9839357765910212,0.0834271068412676,,,0.97,,0.9700285520951957,0.029971447904804327,0.8634307725413917,0.14801035166194446,10,0.025,0.15,0.969137000772667,0.9686048652400839,1.0,0.9703826686661711,0.9611389022735294,0.9719548467657209,0.9736327950055931,0.9632544054266318,0.9638258858549051,0.9742064649141804,0.9647995795876477,0.9695430307959946
1,3,2.1853959119681154,0.20083993280537557,4167,2.289229256766183,0.17985611510791366,834,2.286901108826263,0.1803,0.9846123654418926,0.08309142659673388,,,0.97,,0.9700285520951957,0.029971447904804327,0.8634307725413917,0.14801035166194446,10,0.025,0.15,0.9677316714352461,0.963148413653482,0.9703826686661711,1.0,0.9656195214670376,0.9704115558254395,0.9698872344731021,0.9681918543251041,0.9675612074861987,0.9754207335648578,0.9694991635332113,0.9708267101741611
1,4,2.172017369848309,0.2156467482601392,4167,2.2855732100350514,0.19207683073229292,833,2.286901108826263,0.1803,0.9871234806338394,0.08327215082755877,,,0.97,,0.9700285520951957,0.029971447904804327,0.8634307725413917,0.14801035166194446,10,0.025,0.15,0.9716267577853739,0.9746199084508689,0.9611389022735294,0.9656195214670376,1.0,0.9754332728434166,0.9689105622296758,0.9696304095073437,0.9780354691384651,0.9748417455894768,0.9754635263302718,0.9730919017808162
1,5,2.1851442763299653,0.2107271418286537,4167,2.285569497517177,0.16926770708283315,833,2.286901108826263,0.1803,0.9891241328120328,0.08314856236203767,,,0.97,,0.9700285520951957,0.029971447904804327,0.8634307725413917,0.14801035166194446,10,0.025,0.15,0.976817994625518,0.9711477182895879,0.9719548467657209,0.9704115558254395,0.9754332728434166,1.0,0.9716140908496056,0.9728328360247822,0.9736075693770846,0.9761868117294511,0.9726384031788856,0.9795418748040036
1,6,2.1743408036954475,0.2123110151187905,4167,2.2886028630392894,0.15126050420168066,833,2.286901108826263,0.1803,0.9850409852228498,0.08343896303042639,,,0.97,,0.9700285520951957,0.029971447904804327,0.8634307725413917,0.14801035166194446,10,0.025,0.15,0.9716833083071892,0.9724911577295247,0.9736327950055931,0.9698872344731021,0.9689105622296758,0.9716140908496056,1.0,0.9574632637590907,0.9727284376217169,0.969692209343651,0.9692157486203413,0.9662583168859702
1,7,2.1778040571646256,0.2079673626109911,4167,2.2877233028411865,0.18007202881152462,833,2.286901108826263,0.1803,0.9840696793092847,0.08310629330592938,,,0.97,,0.9700285520951957,0.029971447904804327,0.8634307725413917,0.14801035166194446,10,0.025,0.15,0.9692552653464096,0.9662737137898141,0.9632544054266318,0.9681918543251041,0.9696304095073437,0.9728328360247822,0.9574632637590907,1.0,0.9686790944593819,0.9729311756363213,0.9674226795329949,0.9764164358228496
1,8,2.17861056544564,0.20794527124339895,4166,2.284888369696481,0.1836734693877551,833,2.286901108826263,0.1803,0.9882544881775434,0.08345337995141096,,,0.97,,0.9700285520951957,0.029971447904804327,0.8634307725413917,0.14801035166194446,10,0.025,0.15,0.9747328744678885,0.9766073959766608,0.9638258858549051,0.9675612074861987,0.9780354691384651,0.9736075693770846,0.9727284376217169,0.9686790944593819,1.0,0.9732498177915195,0.9775581256873683,0.9751419364008173
1,9,2.1617034605055143,0.22203552568410945,4166,2.2855794770377025,0.19207683073229292,833,2.286901108826263,0.1803,0.9888664864506277,0.08368751596975987,,,0.97,,0.9700285520951957,0.029971447904804327,0.8634307725413917,0.14801035166194446,10,0.025,0.15,0.9723145053151753,0.9727950438475941,0.9742064649141804,0.9754207335648578,0.9748417455894768,0.9761868117294511,0.969692209343651,0.9729311756363213,0.9732498177915195,1.0,0.9726497913438491,0.9745990463755471
1,10,2.1677075281287683,0.2188670187229957,4166,2.2823327609470914,0.19567827130852342,833,2.286901108826263,0.1803,0.987000302635557,0.0835309253029964,,,0.97,,0.9700285520951957,0.029971447904804327,0.8634307725413917,0.14801035166194446,10,0.025,0.15,0.9720785933572906,0.9731575185492655,0.9647995795876477,0.9694991635332113,0.9754635263302718,0.9726384031788856,0.9692157486203413,0.9674226795329949,0.9775581256873683,0.9726497913438491,1.0,0.9723335727490487
1,11,2.1793539484341937,0.20753720595295247,4166,2.2915280546460832,0.1644657863145258,833,2.286901108826263,0.1803,0.9884068593804342,0.08334205737853494,,,0.97,,0.9700285520951957,0.029971447904804327,0.8634307725413917,0.14801035166194446,10,0.025,0.15,0.9732061437980914,0.9726857704037777,0.9695430307959946,0.9708267101741611,0.9730919017808162,0.9795418748040036,0.9662583168859702,0.9764164358228496,0.9751419364008173,0.9745990463755471,0.9723335727490487,1.0
2,0,2.104108266758196,0.2318214542836573,4167,2.273395197732108,0.21342925659472423,834,2.270317572581617,0.2284,0.9834565574376567,0.083287145807538,,,0.97,,0.9700285520951957,0.029971447904804327,0.9637452520196801,0.14752681608728468,10,0.025,0.15,1.0,0.9668652859148559,0.9599633130321078,0.9604174192930045,0.9650983680580533,0.9698882205710828,0.9640802112084333,0.9639268701415205,0.9675730394813845,0.9624315425629071,0.9657738045942365,0.9609305595555218
2,1,2.079848066965739,0.24605231581473483,4167,2.2686378955841064,0.23621103117505995,834,2.270317572581617,0.2284,0.9847060548704677,0.08331465824964414,,,0.97,,0.9700285520951957,0.029971447904804327,0.9637452520196801,0.14752681608728468,10,0.025,0.15,0.9668652859148559,1.0,0.9613383976955431,0.9597542852952599,0.9681690165386837,0.9690117968935693,0.9671153602559873,0.9624190076437348,0.9687877729357688,0.9679164804798666,0.9675058603789848,0.9627800714884042
2,2,2.09038454655445,0.24353251739860812,4167,2.26957631111145,0.22182254196642687,834,2.270317572581617,0.2284,0.9800107232605347,0.08327749690648475,,,0.97,,0.9700285520951957,0.029971447904804327,0.9637452520196801,0.14752681608728468,10,0.025,0.15,0.9599633130321078,0.9613383976955431,1.0,0.959153585844042,0.9532389593211542,0.9623177594059091,0.962411246681735,0.9619420710055057,0.9581969437889002,0.966850653913022,0.9583343912696325,0.962427000031899
2,3,2.107701421145237,0.23758099352051837,4167,2.2726316452026367,0.23501199040767387,834,2.270317572581617,0.2284,0.9812787131583153,0.08311160150168419,,,0.97,,0.9700285520951957,0.029971447904804327,0.9637452520196801,0.14752681608728468,10,0.025,0.15,0.9604174192930045,0.9597542852952599,0.959153585844042,1.0,0.9596199917980073,0.961446527306637,0.9697471791119113,0.960888924056715,0.9624141396086752,0.9659837723685032,0.9646547773892465,0.9571956505478458
2,4,2.0897129799380445,0.24269258459323254,4167,2.2676609584263394,0.2424969987995198,833,2.270317572581617,0.2284,0.9835967719761873,0.08329833585781625,,,0.97,,0.9700285520951957,0.029971447904804327,0.9637452520196801,0.14752681608728468,10,0.025,0.15,0.9650983680580533,0.9681690165386837,0.9532389593211542,0.9596199917980073,1.0,0.967756251851423,0.9645388755812059,0.9648497032356768,0.969331648475673,0.9672393798130865,0.9669806830230416,0.9617540845090541
2,5,2.106140018593181,0.24074874010079195,4167,2.2678289072854176,0.23169267707082833,833,2.270317572581617,0.2284,0.985686143675411,0.08328993354935192,,,0.97,,0.9700285520951957,0.029971447904804327,0.9637452520196801,0.14752681608728468,10,0.025,0.15,0.9698882205710828,0.9690117968935693,0.9623177594059091,0.961446527306637,0.967756251851423,1.0,0.9696736596374577,0.9659307626415767,0.9681437766062625,0.9658450392003346,0.9668388795079266,0.9664352831501529
2,6,2.0935564615509725,0.250755939524838,4167,2.2711735112326488,0.20888355342136855,833,2.270317572581617,0.2284,0.9834670646288569,0.08339702133080754,,,0.97,,0.9700285520951957,0.029971447904804327,0.9637452520196801,0.14752681608728468,10,0.025,0.15,0.9640802112084333,0.9671153602559873,0.962411246681735,0.9697471791119113,0.9645388755812059,0.9696736596374577,1.0,0.9580342155966993,0.9651247389194707,0.9644467062488382,0.9654410813245914,0.9563867231709229
2,7,2.10008674029148,0.24506839452843773,4167,2.272467953818185,0.21728691476590636,833,2.270317572581617,0.2284,0.9828924247058293,0.08317316146320186,,,0.97,,0.9700285520951957,0.029971447904804327,0.9637452520196801,0.14752681608728468,10,0.025,0.15,0.9639268701415205,0.9624190076437348,0.9619420710055057,0.960888924056715,0.9648497032356768,0.9659307626415767,0.9580342155966993,1.0,0.9650742512606137,0.9675137862811943,0.9617784292192915,0.9679833817826581
2,8,2.095303227323474,0.24066250600096015,4166,2.2682441643306186,0.226890756302521,833,2.270317572581617,0.2284,0.9851559505258577,0.08346074440037529,,,0.97,,0.9700285520951957,0.029971447904804327,0.9637452520196801,0.14752681608728468,10,0.025,0.15,0.9675730394813845,0.9687877729357688,0.9581969437889002,0.9624141396086752,0.969331648475673,0.9681437766062625,0.9651247389194707,0.9650742512606137,1.0,0.9657515495974909,0.970718603638965,0.9657985969006408
2,9,2.079795484831839,0.25348055688910226,4166,2.268042666571481,0.23769507803121248,833,2.270317572581617,0.2284,0.9851943087482621,0.08360641419672202,,,0.97,,0.9700285520951957,0.029971447904804327,0.9637452520196801,0.14752681608728468,10,0.025,0.15,0.9624315425629071,0.9679164804798666,0.966850653913022,0.9659837723685032,0.9672393798130865,0.9658450392003346,0.9644467062488382,0.9675137862811943,0.9657515495974909,1.0,0.9668826704167218,0.966415081551302
2,10,2.0863790848038413,0.24983197311569852,4166,2.2649042265755788,0.2460984393757503,833,2.270317572581617,0.2284,0.9844902755223608,0.083486966165382,,,0.97,,0.9700285520951957,0.029971447904804327,0.9637452520196801,0.14752681608728468,10,0.025,0.15,0.9657738045942365,0.9675058603789848,0.9583343912696325,0.9646547773892465,0.9669806830230416,0.9668388795079266,0.9654410813245914,0.9617784292192915,0.970718603638965,0.9668826704167218,1.0,0.9641069667511007
2,11,2.099702776923324,0.23874219875180028,4166,2.276503324508667,0.22328931572629052,833,2.270317572581617,0.2284,0.9822126327749043,0.08329652057099197,,,0.97,,0.9700285520951957,0.029971447904804327,0.9637452520196801,0.14752681608728468,10,0.025,0.15,0.9609305595555218,0.9627800714884042,0.962427000031899,0.9571956505478458,0.9617540845090541,0.9664352831501529,0.9563867231709229,0.9679833817826581,0.9657985969006408,0.966415081551302,0.9641069667511007,1.0
3,0,2.0379454551321086,0.2560835133189345,4167,2.252115215573992,0.24100719424460432,834,2.2481294281875033,0.2537,0.9796908814003685,0.08329714940472666,,,0.97,,0.9700285520951957,0.029971447904804327,0.9737229519166035,0.1469888353736735,10,0.025,0.15,1.0,0.9581160094964409,0.955112868495951,0.9503838241597324,0.9576713371951808,0.9629337471386895,0.9543031407796426,0.9599364043431305,0.9541767663431738,0.9558119253993543,0.9581287103720151,0.9537511166292578
3,1,2.011817834232793,0.27297816174706024,4167,2.2469614573887418,0.26139088729016785,834,2.2481294281875033,0.2537,0.9809115862891497,0.08335382987983239,,,0.97,,0.9700285520951957,0.029971447904804327,0.9737229519166035,0.1469888353736735,10,0.025,0.15,0.9581160094964409,1.0,0.9581276709903749,0.951183381812442,0.959620808826538,0.9603192275609801,0.9557644971650552,0.9601452103262499,0.9553769408543125,0.9615462845282065,0.9571232945536722,0.9573288113960551
3,2,2.0292533531333463,0.26633069354451644,4167,2.2475646223340715,0.24700239808153476,834,2.2481294281875033,0.2537,0.9792720349767093,0.08327757226374027,,,0.97,,0.9700285520951957,0.029971447904804327,0.9737229519166035,0.1469888353736735,10,0.025,0.15,0.955112868495951,0.9581276709903749,1.0,0.9574382573290106,0.952342112916091,0.9575533890041955,0.9569443213153844,0.9562911096053132,0.9530187662194592,0.9612901391494793,0.9552031578372858,0.9520771704789017
3,3,2.0444467652927747,0.26417086633069353,4167,2.2502077307019914,0.27218225419664266,834,2.2481294281875033,0.2537,0.9768788430987569,0.08309729385026107,,,0.97,,0.9700285520951957,0.029971447904804327,0.9737229519166035,0.1469888353736735,10,0.025,0.15,0.9503838241597324,0.951183381812442,0.9574382573290106,1.0,0.9523600832305996,0.9567675181536475,0.9577759159172163,0.9584082226158827,0.9476298340974103,0.956752906247904,0.948042248200528,0.9506341903124726
3,4,2.0209920157085763,0.2674826013918887,4167,2.2437237330845425,0.2773109243697479,833,2.2481294281875033,0.2537,0.9806673995967379,0.08333580881110358,,,0.97,,0.9700285520951957,0.029971447904804327,0.9737229519166035,0.1469888353736735,10,0.025,0.15,0.9576713371951808,0.959620808826538,0.952342112916091,0.9523600832305996,1.0,0.9585321300850552,0.9535933006463903,0.9629028738975955,0.9577258036423886,0.9633769341222943,0.9580410657774272,0.9556151708211482
3,5,2.0427081888372247,0.26275497960163186,4167,2.244143213544573,0.25210084033613445,833,2.2481294281875033,0.2537,0.9821676418410501,0.08337939258635911,,,0.97,,0.9700285520951957,0.029971447904804327,0.9737229519166035,0.1469888353736735,10,0.025,0.15,0.9629337471386895,0.9603192275609801,0.9575533890041955,0.9567675181536475,0.9585321300850552,1.0,0.9590890356250639,0.9640324522721788,0.9561346661629407,0.9579531306589543,0.9577794443186454,0.9583707616964524
3,6,2.0293462905016812,0.27393808495320376,4167,2.2479064805167064,0.23529411764705882,833,2.2481294281875033,0.2537,0.978081200190147,0.08331268800919628,,,0.97,,0.9700285520951957,0.029971447904804327,0.9737229519166035,0.1469888353736735,10,0.025,0.15,0.9543031407796426,0.9557644971650552,0.9569443213153844,0.9577759159172163,0.9535933006463903,0.9590890356250639,1.0,0.9565739552939113,0.9479492876508412,0.9565422342478911,0.9541337483493109,0.9486901719995288
3,7,2.0345605413118997,0.27079433645308376,4167,2.2519363335200717,0.2388955582232893,833,2.2481294281875033,0.2537,0.9822899308828844,0.08331123781172377,,,0.97,,0.9700285520951957,0.029971447904804327,0.9737229519166035,0.1469888353736735,10,0.025,0.15,0.9599364043431305,0.9601452103262499,0.9562911096053132,0.9584082226158827,0.9629028738975955,0.9640324522721788,0.9565739552939113,1.0,0.9573978380687214,0.9612631209735745,0.9565054209569016,0.9574920663188332
3,8,2.0262975555477722,0.26473835813730195,4166,2.2461552960532054,0.2533013205282113,833,2.2481294281875033,0.2537,0.9782253123517667,0.08335673513002,,,0.97,,0.9700285520951957,0.029971447904804327,0.9737229519166035,0.1469888353736735,10,0.025,0.15,0.9541767663431738,0.9553769408543125,0.9530187662194592,0.9476298340974103,0.9577258036423886,0.9561346661629407,0.9479492876508412,0.9573978380687214,1.0,0.9568522752480867,0.9590797322096286,0.9576383476976879
3,9,2.0135042703512944,0.2760681709073452,4166,2.2446214812142506,0.27611044417767105,833,2.2481294281875033,0.2537,0.982297537062212,0.0835791066350776,,,0.97,,0.9700285520951957,0.029971447904804327,0.9737229519166035,0.1469888353736735,10,0.025,0.15,0.9558119253993543,0.9615462845282065,0.9612901391494793,0.956752906247904,0.9633769341222943,0.9579531306589543,0.9565422342478911,0.9612631209735745,0.9568522752480867,1.0,0.9600572972806289,0.9593796269605609
3,10,2.024486500927896,0.27385981757081135,4166,2.2417329038892473,0.26770708283313327,833,2.2481294281875033,0.2537,0.9798789340119524,0.08342669277184209,,,0.97,,0.9700285520951957,0.029971447904804327,0.9737229519166035,0.1469888353736735,10,0.025,0.15,0.9581287103720151,0.9571232945536722,0.9552031578372858,0.948042248200528,0.9580410657774272,0.9577794443186454,0.9541337483493109,0.9565054209569016,0.9590797322096286,0.9600572972806289,1.0,0.9583078815915959
3,11,2.038119612679337,0.26399423907825253,4166,2.256090913500105,0.22208883553421369,833,2.2481294281875033,0.2537,0.9787543469569766,0.08327249284611721,,,0.97,,0.9700285520951957,0.029971447904804327,0.9737229519166035,0.1469888353736735,10,0.025,0.15,0.9537511166292578,0.9573288113960551,0.9520771704789017,0.9506341903124726,0.9556151708211482,0.9583707616964524,0.9486901719995288,0.9574920663188332,0.9576383476976879,0.9593796269605609,0.9583078815915959,1.0
4,0,1.9837369080745813,0.2748500119990401,4167,2.225944757461548,0.2637889688249401,834,2.2207309445248375,0.2712,0.9768169115074576,0.08330898568633777,,,0.97,,0.9700285520951957,0.029971447904804327,0.9803892309202092,0.1465316629026129,10,0.025,0.15,1.0,0.9518651999664935,0.9515971557921071,0.9428642546638502,0.9516537331134758,0.9570482015863576,0.9467748457394235,0.9555029641786706,0.9464656740504878,0.9478184066918144,0.9528981171513207,0.9462924174769232
4,1,1.956679760687279,0.2931365490760739,4167,2.22025990486145,0.2841726618705036,834,2.2207309445248375,0.2712,0.9784211845580186,0.08339625721450719,,,0.97,,0.9700285520951957,0.029971447904804327,0.9803892309202092,0.1465316629026129,10,0.025,0.15,0.9518651999664935,1.0,0.9532105460314108,0.9451910305895751,0.9532104877139355,0.9539319371381867,0.9495184534162446,0.955396548381367,0.9488329187869388,0.9555758732883658,0.9518262067562365,0.9509862713310917
4,2,1.9747473774534283,0.283585313174946,4167,2.2205216203417097,0.2529976019184652,834,2.2207309445248375,0.2712,0.9775935350167199,0.08332215705732496,,,0.97,,0.9700285520951957,0.029971447904804327,0.9803892309202092,0.1465316629026129,10,0.025,0.15,0.9515971557921071,0.9532105460314108,1.0,0.9501886931455618,0.9490154887710626,0.9531486695749314,0.9484167881216504,0.9541937510378224,0.9500640066863488,0.9552773258874456,0.9510832778843851,0.9437004806614213
4,3,1.989634429324757,0.2829853611711063,4167,2.2223518235342845,0.28776978417266186,834,2.2207309445248375,0.2712,0.9736845138650572,0.0830834296092626,,,0.97,,0.9700285520951957,0.029971447904804327,0.9803892309202092,0.1465316629026129,10,0.025,0.15,0.9428642546638502,0.9451910305895751,0.9501886931455618,1.0,0.9468950696068075,0.9505457313592506,0.9507598915431201,0.9518960510420261,0.94277780228498,0.9495792569330703,0.9410607519509725,0.9424505539174898
4,4,1.9605427315740875,0.29028077753779696,4167,2.214348214013236,0.2917166866746699,833,2.2207309445248375,0.2712,0.9780359464194102,0.08337257301720863,,,0.97,,0.9700285520951957,0.029971447904804327,0.9803892309202092,0.1465316629026129,10,0.025,0.15,0.9516537331134758,0.9532104877139355,0.9490154887710626,0.9468950696068075,1.0,0.9517971020075835,0.9489919173726259,0.9567452085886049,0.950168213946937,0.9549039723022863,0.9537215702525849,0.9479374503016871
4,5,1.9890572728532734,0.2828413726901848,4167,2.215025084359305,0.2653061224489796,833,2.2207309445248375,0.2712,0.9793389850839489,0.08344194004023274,,,0.97,,0.9700285520951957,0.029971447904804327,0.9803892309202092,0.1465316629026129,10,0.025,0.15,0.9570482015863576,0.9539319371381867,0.9531486695749314,0.9505457313592506,0.9517971020075835,1.0,0.9529954348381247,0.9585027567625626,0.9485602588680899,0.9520578336626364,0.9510822635913136,0.9506502556396315
4,6,1.9747676289442815,0.2952963762898968,4167,2.2192867483411516,0.27010804321728693,833,2.2207309445248375,0.2712,0.9745213128012209,0.08324387499169021,,,0.97,,0.9700285520951957,0.029971447904804327,0.9803892309202092,0.1465316629026129,10,0.025,0.15,0.9467748457394235,0.9495184534162446,0.9484167881216504,0.9507598915431201,0.9489919173726259,0.9529954348381247,1.0,0.9505107497198575,0.9400368507616015,0.9498243453336375,0.9459524511387349,0.9401000163577213
4,7,1.9785393848563686,0.291792656587473,4167,2.2264019080570767,0.2665066026410564,833,2.2207309445248375,0.2712,0.9798278740525657,0.08341570353663347,,,0.97,,0.9700285520951957,0.029971447904804327,0.9803892309202092,0.1465316629026129,10,0.025,0.15,0.9555029641786706,0.955396548381367,0.9541937510378224,0.9518960510420261,0.9567452085886049,0.9585027567625626,0.9505107497198575,1.0,0.9493574988505907,0.9545971911379674,0.9495501239199053,0.9498286977887549
4,8,1.9698988499063435,0.28326932309169467,4166,2.218992233276367,0.26770708283313327,833,2.2207309445248375,0.2712,0.9746016750019769,0.08327373117601362,,,0.97,,0.9700285520951957,0.029971447904804327,0.9803892309202092,0.1465316629026129,10,0.025,0.15,0.9464656740504878,0.9488329187869388,0.9500640066863488,0.94277780228498,0.950168213946937,0.9485602588680899,0.9400368507616015,0.9493574988505907,1.0,0.9469813431758253,0.9527976230065377,0.9487375678005769
4,9,1.956769347190857,0.2959193470955353,4166,2.2157747404915944,0.28811524609843936,833,2.2207309445248375,0.2712,0.9784658527498885,0.08353703099342424,,,0.97,,0.9700285520951957,0.029971447904804327,0.9803892309202092,0.1465316629026129,10,0.025,0.15,0.9478184066918144,0.9555758732883658,0.9552773258874456,0.9495792569330703,0.9549039723022863,0.9520578336626364,0.9498243453336375,0.9545971911379674,0.9469813431758253,1.0,0.9528531248575732,0.9504922467152241
4,10,1.9642692789886937,0.2918626980316851,4166,2.212968417576381,0.28331332533013204,833,2.2207309445248375,0.2712,0.976964803207718,0.08339391410006139,,,0.97,,0.9700285520951957,0.029971447904804327,0.9803892309202092,0.1465316629026129,10,0.025,0.15,0.9528981171513207,0.9518262067562365,0.9510832778843851,0.9410607519509725,0.9537215702525849,0.9510822635913136,0.9459524511387349,0.9495501239199053,0.9527976230065377,0.9528531248575732,1.0,0.9495977048945854
4,11,1.9864674373106523,0.28310129620739316,4166,2.2307613577161516,0.23289315726290516,833,2.2207309445248375,0.2712,0.9742566636693842,0.0832104025773032,,,0.97,,0.9700285520951957,0.029971447904804327,0.9803892309202092,0.1465316629026129,10,0.025,0.15,0.9462924174769232,0.9509862713310917,0.9437004806614213,0.9424505539174898,0.9479374503016871,0.9506502556396315,0.9401000163577213,0.9498286977887549,0.9487375678005769,0.9504922467152241,0.9495977048945854,1.0
5,0,1.93583045908899,0.2931605471562275,4167,2.194880178996495,0.2853717026378897,834,2.1883401931086675,0.2876,0.9748433012042269,0.0833048162290977,,,0.97,,0.9700285520951957,0.029971447904804327,0.9875431339548556,0.14628855696046203,10,0.025,0.15,1.0,0.9475423489522076,0.9472245236260101,0.9404966436065338,0.9457827380310231,0.9531174582338963,0.9435223749519368,0.9506157487656249,0.9409697778503914,0.9459277689123519,0.9496205779787611,0.9438427547390024
5,1,1.905305765614365,0.310535157187425,4167,2.1889964853014265,0.29856115107913667,834,2.1883401931086675,0.2876,0.9760543697800245,0.0833982670512468,,,0.97,,0.9700285520951957,0.029971447904804327,0.9875431339548556,0.14628855696046203,10,0.025,0.15,0.9475423489522076,1.0,0.9501088771383094,0.9441906582164892,0.9483495541116886,0.949950858011986,0.9448077182336929,0.951370377019229,0.9433157834872599,0.9511066798879685,0.9456783122021039,0.9463704997874832
5,2,1.9252494010058316,0.3013918886489081,4167,2.188869203839983,0.2733812949640288,834,2.1883401931086675,0.2876,0.9765591810977777,0.08336885333077622,,,0.97,,0.9700285520951957,0.029971447904804327,0.9875431339548556,0.14628855696046203,10,0.025,0.15,0.9472245236260101,0.9501088771383094,1.0,0.9494261720214563,0.9481070232867425,0.9500896672566079,0.9452493419564189,0.9503217587097398,0.9456526886708482,0.9531712213209348,0.9473274040674325,0.9420713444278692
5,3,1.9429952094049165,0.29904007679385647,4167,2.1892505373273576,0.2949640287769784,834,2.1883401931086675,0.2876,0.973223404711613,0.08311247517085021,,,0.97,,0.9700285520951957,0.029971447904804327,0.9875431339548556,0.14628855696046203,10,0.025,0.15,0.9404966436065338,0.9441906582164892,0.9494261720214563,1.0,0.9447537484464171,0.9502745073323651,0.9469029030049423,0.9490564124178807,0.9412751048799755,0.947575011857684,0.9360492438844693,0.9398779464999543
5,4,1.9090619788025365,0.3077513798896088,4167,2.179811920438494,0.304921968787515,833,2.1883401931086675,0.2876,0.9764641010564216,0.08339695550599803,,,0.97,,0.9700285520951957,0.029971447904804327,0.9875431339548556,0.14628855696046203,10,0.025,0.15,0.9457827380310231,0.9483495541116886,0.9481070232867425,0.9447537484464171,1.0,0.9492749584865716,0.9457147350125139,0.9528514043579288,0.9458614045382117,0.9533842075191987,0.9485598060929787,0.9449552614317
5,5,1.9408209721247356,0.29820014398848094,4167,2.180638006755284,0.28811524609843936,833,2.1883401931086675,0.2876,0.9783980678577037,0.0835028712889506,,,0.97,,0.9700285520951957,0.029971447904804327,0.9875431339548556,0.14628855696046203,10,0.025,0.15,0.9531174582338963,0.949950858011986,0.9500896672566079,0.9502745073323651,0.9492749584865716,1.0,0.9501891114724909,0.9543708378336895,0.9464616842326229,0.9501699459385827,0.9484032336876727,0.9479175906897631
5,6,1.925255378809842,0.31142308615310776,4167,2.185669013432094,0.2857142857142857,833,2.1883401931086675,0.2876,0.9726765269621945,0.08319395184731326,,,0.97,,0.9700285520951957,0.029971447904804327,0.9875431339548556,0.14628855696046203,10,0.025,0.15,0.9435223749519368,0.9448077182336929,0.9452493419564189,0.9469029030049423,0.9457147350125139,0.9501891114724909,1.0,0.9449728352682332,0.9393571319217089,0.9470112381555561,0.9408267983033384,0.934814386327359
5,7,1.9290166648951443,0.3121190304775618,4167,2.196063586643764,0.28331332533013204,833,2.1883401931086675,0.2876,0.9776677623163186,0.08346284926817286,,,0.97,,0.9700285520951957,0.029971447904804327,0.9875431339548556,0.14628855696046203,10,0.025,0.15,0.9506157487656249,0.951370377019229,0.9503217587097398,0.9490564124178807,0.9528514043579288,0.9543708378336895,0.9449728352682332,1.0,0.9458276648276664,0.9519639542373262,0.9443250229901011,0.9459939458346474
5,8,1.9174636367595557,0.30196831493038884,4166,2.1869382517678395,0.2917166866746699,833,2.1883401931086675,0.2876,0.9728769660338212,0.08321895607152077,,,0.97,,0.9700285520951957,0.029971447904804327,0.9875431339548556,0.14628855696046203,10,0.025,0.15,0.9409697778503914,0.9433157834872599,0.9456526886708482,0.9412751048799755,0.9458614045382117,0.9464616842326229,0.9393571319217089,0.9458276648276664,1.0,0.9438818414040818,0.9461877733468619,0.946910849929795
5,9,1.9059027483969024,0.31190590494479115,4166,2.181732211794172,0.3025210084033613,833,2.1883401931086675,0.2876,0.9774517900450858,0.0835308961788059,,,0.97,,0.9700285520951957,0.029971447904804327,0.9875431339548556,0.14628855696046203,10,0.025,0.15,0.9459277689123519,0.9511066798879685,0.9531712213209348,0.947575011857684,0.9533842075191987,0.9501699459385827,0.9470112381555561,0.9519639542373262,0.9438818414040818,1.0,0.9480837594053705,0.94679608699464
5,10,1.9152096184817227,0.3115938550168027,4166,2.1790617874690463,0.29411764705882354,833,2.1883401931086675,0.2876,0.974097982713235,0.08333309747997576,,,0.97,,0.9700285520951957,0.029971447904804327,0.9875431339548556,0.14628855696046203,10,0.025,0.15,0.9496205779787611,0.9456783122021039,0.9473274040674325,0.9360492438844693,0.9485598060929787,0.9484032336876727,0.9408267983033384,0.9443250229901011,0.9461877733468619,0.9480837594053705,1.0,0.9448230553295794
5,11,1.9374214291572571,0.3027604416706673,4166,2.2002178260258267,0.24849939975990396,833,2.1883401931086675,0.2876,0.9727616506746019,0.08317601057729156,,,0.97,,0.9700285520951957,0.029971447904804327,0.9875431339548556,0.14628855696046203,10,0.025,0.15,0.9438427547390024,0.9463704997874832,0.9420713444278692,0.9398779464999543,0.9449552614317,0.9479175906897631,0.934814386327359,0.9459939458346474,0.946910849929795,0.94679608699464,0.9448230553295794,1.0
6,0,1.8892813205718995,0.3108951283897288,4167,2.159399543489729,0.2973621103117506,834,2.151558634601062,0.3022,0.9719730556458588,0.08329988324864991,,,0.97,,0.9700285520951957,0.029971447904804327,0.9922372643924914,0.1458688136605244,10,0.025,0.15,1.0,0.9407981954490773,0.941323860765783,0.9321118287116974,0.9412762535854436,0.9466781097563569,0.9380604344888475,0.9444139769909096,0.9339329485169396,0.939451292360178,0.9449318612427691,0.9394460944974542
6,1,1.8618643161022301,0.3275737940964723,4167,2.153533629008702,0.3117505995203837,834,2.151558634601062,0.3022,0.972767118251337,0.08338366777199131,,,0.97,,0.9700285520951957,0.029971447904804327,0.9922372643924914,0.1458688136605244,10,0.025,0.15,0.9407981954490773,1.0,0.9420915754439857,0.9376301106083942,0.9429413634874183,0.9448914150593422,0.9383727172454501,0.9444162579342873,0.9358428815622194,0.9449968649374729,0.9395020451530168,0.9401493343504842
6,2,1.8795046719637785,0.31754259659227263,4167,2.153101239885603,0.28776978417266186,834,2.151558634601062,0.3022,0.9733343351586883,0.08338394023232984,,,0.97,,0.9700285520951957,0.029971447904804327,0.9922372643924914,0.1458688136605244,10,0.025,0.15,0.941323860765783,0.9420915754439857,1.0,0.9417737783729891,0.9413437627899227,0.9439401180478353,0.9400250460418993,0.944193371065173,0.9391908082161513,0.9451130034757461,0.9423663285526995,0.9369263681894311
6,3,1.8942248391382621,0.3168706503479722,4167,2.1515897001538957,0.3117505995203837,834,2.151558634601062,0.3022,0.9692999011282291,0.08309356630153288,,,0.97,,0.9700285520951957,0.029971447904804327,0.9922372643924914,0.1458688136605244,10,0.025,0.15,0.9321118287116974,0.9376301106083942,0.9417737783729891,1.0,0.9380476541694632,0.9425170916048617,0.9397863683579187,0.940215817626186,0.9348831326790806,0.9394338408973363,0.930579698273631,0.9344222278465069
6,4,1.8641621806404807,0.3214302855771538,4167,2.140810523714338,0.31812725090036015,833,2.151558634601062,0.3022,0.9738621083934595,0.08341855817735291,,,0.97,,0.9700285520951957,0.029971447904804327,0.9922372643924914,0.1458688136605244,10,0.025,0.15,0.9412762535854436,0.9429413634874183,0.9413437627899227,0.9380476541694632,1.0,0.9437951374439385,0.9387667385300142,0.9453427822271411,0.9405759180098421,0.9468275113194243,0.9453546222777082,0.9401451253014699
6,5,1.8946229782971469,0.31415886729061676,4167,2.14155421938215,0.3133253301320528,833,2.151558634601062,0.3022,0.975776852866415,0.08354660546217386,,,0.97,,0.9700285520951957,0.029971447904804327,0.9922372643924914,0.1458688136605244,10,0.025,0.15,0.9466781097563569,0.9448914150593422,0.9439401180478353,0.9425170916048617,0.9437951374439385,1.0,0.944887925251109,0.9483739274620668,0.940444478479139,0.9441654887943456,0.9441565245235616,0.9428672272415302
6,6,1.8798453685009118,0.3296136309095272,4167,2.147716590336391,0.29531812725090034,833,2.151558634601062,0.3022,0.9703334086671993,0.08317774001188707,,,0.97,,0.9700285520951957,0.029971447904804327,0.9922372643924914,0.1458688136605244,10,0.025,0.15,0.9380604344888475,0.9383727172454501,0.9400250460418993,0.9397863683579187,0.9387667385300142,0.944887925251109,1.0,0.9396910590308699,0.9343751459654326,0.9418956064564155,0.9384813651137925,0.929041788610668
6,7,1.8838575554616523,0.3268298536117111,4167,2.1613924503326416,0.304921968787515,833,2.151558634601062,0.3022,0.9746542806878531,0.08348520923916068,,,0.97,,0.9700285520951957,0.029971447904804327,0.9922372643924914,0.1458688136605244,10,0.025,0.15,0.9444139769909096,0.9444162579342873,0.944193371065173,0.940215817626186,0.9453427822271411,0.9483739274620668,0.9396910590308699,1.0,0.9396417919830402,0.9454668649202617,0.9411638300796739,0.9406979055271246
6,8,1.8737359870563854,0.31670667306769085,4166,2.1508748871939525,0.2965186074429772,833,2.151558634601062,0.3022,0.9697759878607438,0.08317505524084876,,,0.97,,0.9700285520951957,0.029971447904804327,0.9922372643924914,0.1458688136605244,10,0.025,0.15,0.9339329485169396,0.9358428815622194,0.9391908082161513,0.9348831326790806,0.9405759180098421,0.940444478479139,0.9343751459654326,0.9396417919830402,1.0,0.9351556076670214,0.9414316726082379,0.9414203010023976
6,9,1.858905837391362,0.32765242438790204,4166,2.1431304727281844,0.3133253301320528,833,2.151558634601062,0.3022,0.9741023864106332,0.08350936996478053,,,0.97,,0.9700285520951957,0.029971447904804327,0.9922372643924914,0.1458688136605244,10,0.025,0.15,0.939451292360178,0.9449968649374729,0.9451130034757461,0.9394338408973363,0.9468275113194243,0.9441654887943456,0.9418956064564155,0.9454668649202617,0.9351556076670214,1.0,0.9422148547160529,0.9424153676153962
6,10,1.869947195414341,0.3269083053288526,4166,2.140598569597517,0.3097238895558223,833,2.151558634601062,0.3022,0.9727783342628318,0.08334366038936245,,,0.97,,0.9700285520951957,0.029971447904804327,0.9922372643924914,0.1458688136605244,10,0.025,0.15,0.9449318612427691,0.9395020451530168,0.9423663285526995,0.930579698273631,0.9453546222777082,0.9441565245235616,0.9384813651137925,0.9411638300796739,0.9414316726082379,0.9422148547160529,1.0,0.9416327275722308
6,11,1.8952875563592622,0.3150984157465194,4166,2.165208033152989,0.2665066026410564,833,2.151558634601062,0.3022,0.9708277613097052,0.08318274395992983,,,0.97,,0.9700285520951957,0.029971447904804327,0.9922372643924914,0.1458688136605244,10,0.025,0.15,0.9394460944974542,0.9401493343504842,0.9369263681894311,0.9344222278465069,0.9401451253014699,0.9428672272415302,0.929041788610668,0.9406979055271246,0.9414203010023976,0.9424153676153962,0.9416327275722308,1.0
