round,client_id,client_i_training_loss,client_i_training_accuracy,client_i_training_dataset_size,client_i_evaluation_loss,client_i_evaluation_accuracy,client_i_evaluation_dataset_size,client_i_central_evaluation_loss,client_i_central_evaluation_accuracy,client_i_cosine_similarity,client_i_importance_coefficient,client_i_tanh_val,tanh_normalization_value,client_i_q,client_i_mask_order,client_i_v_nonzero_fraction,client_i_v_sparsity,client_i_v_cosine_similarity,client_i_reward_gradient_norm,local_epochs,learning_rate,gamma,client_0_cosine_similarity,client_1_cosine_similarity,client_2_cosine_similarity,client_3_cosine_similarity,client_4_cosine_similarity,client_5_cosine_similarity,client_6_cosine_similarity,client_7_cosine_similarity,client_8_cosine_similarity,client_9_cosine_similarity,client_10_cosine_similarity,client_11_cosine_similarity
0,0,2.2894161975745,0.13630909527237822,4167,2.2960360050201416,0.18105515587529977,834,2.297310814072814,0.1616,0.9681384202035834,0.08295858058687279,,,0.7790589091577913,,0.7790843524615867,0.2209156475384133,0,0.14580314045957,10,0.025,0.15,1.0,0.9618170851044447,0.935895501633653,0.8951121007354534,0.9178871204626285,0.9423535591756892,0.9451838429005324,0.923228173880562,0.9443044310294875,0.9342878605705984,0.9494207596528136,0.9488218672952607
0,1,2.2919932452115144,0.1320614350851932,4167,2.297740970339094,0.17625899280575538,834,2.297301165665252,0.1622,0.9795775096741716,0.0839387819773792,,,0.9557093685445213,,0.9557525044973676,0.044247495502632406,0,0.1458755190662339,10,0.025,0.15,0.9618170851044447,1.0,0.9337424972530441,0.9164686336614386,0.9527195653793432,0.9390303405450627,0.9510483867157151,0.9486834679317336,0.9543453203942776,0.9584855535528534,0.9591166938788368,0.9563521920540264
0,2,2.288064719691421,0.15641948644108472,4167,2.29890125138419,0.14268585131894485,834,2.2973629885082003,0.1584,0.9567058038983823,0.08197893387388067,,,0.6025084129405265,,0.6025647373372283,0.39743526266277174,0,0.14544907840712676,10,0.025,0.15,0.935895501633653,0.9337424972530441,1.0,0.8884716991314016,0.9277195742163415,0.9359880983811103,0.9335485167655434,0.9026106479306111,0.927867846548201,0.9086311859717134,0.9541388079260649,0.9162715988351425
0,3,2.292657977884466,0.13585313174946004,4167,2.2992587089538574,0.1606714628297362,834,2.2973670355881315,0.1584,0.9565433703550138,0.08196501514499197,,,0.6,,0.6000148536911423,0.39998514630885773,0,0.1454042396234122,10,0.025,0.15,0.8951121007354534,0.9164686336614386,0.8884716991314016,1.0,0.9293171507065408,0.9377139287868698,0.9449078889367152,0.9574356142733823,0.928713386466942,0.9296393507038482,0.9106792036368953,0.9245283495592379
0,4,2.290046793764288,0.1466762658987281,4167,2.2996014867510115,0.148859543817527,833,2.2973028557210027,0.1621,0.974916070874298,0.08353934906751827,,,0.8837241543788308,,0.8837698668119027,0.11623013318809727,0,0.14586467450351298,10,0.025,0.15,0.9178871204626285,0.9527195653793432,0.9277195742163415,0.9293171507065408,1.0,0.9477014258092487,0.9537241083567023,0.9458670307490731,0.9470673060706577,0.9577725733240112,0.9606604623766842,0.9369719345060118
0,5,2.2920746861082133,0.15905927525797936,4167,2.295090845652989,0.16806722689075632,833,2.297301591197147,0.1621,0.9776559193483538,0.08377412328542709,,,0.9260348201740787,,0.9260781304154082,0.07392186958459179,0,0.14587290981745493,10,0.025,0.15,0.9423535591756892,0.9390303405450627,0.9359880983811103,0.9377139287868698,0.9477014258092487,1.0,0.9609951357714533,0.9423987173789092,0.9602799382007372,0.9443751462375967,0.9544950293469542,0.9440489601223832
0,6,2.290202934814222,0.15303575713942885,4167,2.2978393690926686,0.148859543817527,833,2.2973010057135475,0.1622,0.9805029067001199,0.08401807810089823,,,0.9699999998197815,,0.9700285520951957,0.029971447904804327,0,0.14587617873652384,10,0.025,0.15,0.9451838429005324,0.9510483867157151,0.9335485167655434,0.9449078889367152,0.9537241083567023,0.9609951357714533,1.0,0.9547734676376092,0.9595867855856627,0.9408036264012744,0.9531466827943174,0.944882773183613
0,7,2.2938698118383236,0.1314374850011999,4167,2.297150577817644,0.15966386554621848,833,2.297304340555698,0.1618,0.9724298558244491,0.08332630838318532,,,0.8453302741823989,,0.8453813272598241,0.15461867274017593,0,0.14585067866424314,10,0.025,0.15,0.923228173880562,0.9486834679317336,0.9026106479306111,0.9574356142733823,0.9458670307490731,0.9423987173789092,0.9547734676376092,1.0,0.9523368069573954,0.945706741537255,0.9419382297652976,0.9334102235964721
0,8,2.2937167073741103,0.15508881421027365,4166,2.2950097152165005,0.16206482593037214,833,2.2973011234138587,0.1622,0.9797945869043085,0.08395738305602052,,,0.9590616277015713,,0.9590945850043736,0.04090541499562639,0,0.14587569795158378,10,0.025,0.15,0.9443044310294875,0.9543453203942776,0.927867846548201,0.928713386466942,0.9470673060706577,0.9602799382007372,0.9595867855856627,0.9523368069573954,1.0,0.954966365500441,0.9554287207341028,0.9494535195830327
0,9,2.2917730324196093,0.1385021603456553,4166,2.296391691480364,0.15606242496998798,833,2.297303604174264,0.162,0.9736805361458547,0.08343347762889083,,,0.8646441587262966,,0.8646746216434784,0.1353253783565216,0,0.14585846338467418,10,0.025,0.15,0.9342878605705984,0.9584855535528534,0.9086311859717134,0.9296393507038482,0.9577725733240112,0.9443751462375967,0.9408036264012744,0.945706741537255,0.954966365500441,1.0,0.9491158050865984,0.9392161324413065
0,10,2.2907890153653696,0.14935189630340853,4166,2.298025369644165,0.17046818727490998,833,2.297301289401477,0.1621,0.9791339043518006,0.08390076998744397,,,0.9488589033755304,,0.948903302470664,0.05109669752933599,0,0.14587509431750711,10,0.025,0.15,0.9494207596528136,0.9591166938788368,0.9541388079260649,0.9106792036368953,0.9606604623766842,0.9544950293469542,0.9531466827943174,0.9419382297652976,0.9554287207341028,0.9491158050865984,1.0,0.9384963545346788
0,11,2.2889399868069273,0.12443590974555929,4166,2.296607562473842,0.16686674669867949,833,2.297305451163763,0.1615,0.9710631716070073,0.08320919890749112,,,0.8242249759444205,,0.8242808337871961,0.17571916621280392,0,0.14583926911380507,10,0.025,0.15,0.9488218672952607,0.9563521920540264,0.9162715988351425,0.9245283495592379,0.9369719345060118,0.9440489601223832,0.944882773183613,0.9334102235964721,0.9494535195830327,0.9392161324413065,0.9384963545346788,1.0
1,0,2.192046618461609,0.20727141828653708,4167,2.2851455892835344,0.21223021582733814,834,2.2870076608054246,0.1908,0.9843137372837183,0.08301597348266998,,,0.7535290713501651,,0.7535772639500916,0.2464227360499084,0.8072201570674122,0.14797135183736643,10,0.025,0.15,1.0,0.974446297609871,0.9715525817506449,0.9643369897732187,0.964365132598308,0.9697169920618717,0.9702284762154934,0.9702454741835649,0.9687479656387578,0.9622311160730646,0.9731286316756,0.9690894000266418
1,1,2.206479270169229,0.19731221502279817,4167,2.2878554548536028,0.18585131894484413,834,2.2869732319554195,0.1906,0.9893399212628584,0.08378274095424343,,,0.9699999997176837,,0.9700285520951957,0.029971447904804327,0.8069561561944987,0.14804777825416157,10,0.025,0.15,0.974446297609871,1.0,0.9738452602965514,0.9747639137564893,0.9766137589242824,0.9744833275467473,0.9727158288309717,0.9773119108126914,0.9735548220143514,0.973848912777078,0.9691287922856028,0.9767267172661783
1,2,2.1851222348935675,0.21792656587473003,4167,2.288629872458322,0.1642685851318945,834,2.2871105580390254,0.1912,0.9861535755673067,0.08247215404816226,,,0.6,,0.6000148536911423,0.39998514630885773,0.8096147781874613,0.1475369901797009,10,0.025,0.15,0.9715525817506449,0.9738452602965514,1.0,0.9671121344766912,0.9710735288476555,0.9760444834901446,0.9710510012652328,0.9680863745993593,0.9712722593976807,0.9658705009437026,0.9730456711124892,0.971233839882496
1,3,2.2120137398893185,0.2,4167,2.2893814699990407,0.20503597122302158,834,2.287115782122069,0.1907,0.987188394841397,0.08249713034228548,,,0.6070512140596409,,0.6070868610849797,0.39291313891502033,0.8095919226239705,0.14760784784203596,10,0.025,0.15,0.9643369897732187,0.9747639137564893,0.9671121344766912,1.0,0.9738658561048743,0.9772442211559941,0.9700814914414551,0.9744797316443639,0.9734425782747098,0.9749392557471561,0.966721609115023,0.9754398789597053
1,4,2.199886177525376,0.20208783297336214,4167,2.2901996885027205,0.17767106842737096,833,2.2869805354106276,0.1909,0.9871329188723765,0.08346513311387274,,,0.8803341406264513,,0.8803782740010893,0.11962172599891074,0.8067988726250807,0.14804063288702854,10,0.025,0.15,0.964365132598308,0.9766137589242824,0.9710735288476555,0.9738658561048743,1.0,0.9746779915102206,0.9739264943780658,0.9750919254815906,0.9735276983459373,0.9706499198509493,0.9687564008950061,0.9687419646372186
1,5,2.202199962644866,0.2085913126949844,4167,2.2850707599094937,0.19687875150060025,833,2.2869745387306697,0.1906,0.9893251850061242,0.08368083220702545,,,0.9412295028762123,,0.9412784076843096,0.05872159231569041,0.8069216939747185,0.14804724069791464,10,0.025,0.15,0.9697169920618717,0.9744833275467473,0.9760444834901446,0.9772442211559941,0.9746779915102206,1.0,0.9747412067473051,0.9701012503569949,0.9794631491913962,0.9745783348091495,0.9730129844662212,0.9732174287655644
1,6,2.1966070554473185,0.21475881929445645,4167,2.2879814761025563,0.18847539015606243,833,2.2869730629498446,0.1905,0.9870190043017063,0.08375634047724921,,,0.9625467156698402,,0.9625852024228021,0.0374147975771979,0.80694617857017,0.14804770555985933,10,0.025,0.15,0.9702284762154934,0.9727158288309717,0.9710510012652328,0.9700814914414551,0.9739264943780658,0.9747412067473051,1.0,0.9733021909706391,0.973917973978558,0.9713692972229396,0.9676574119558952,0.9707987850609426
1,7,2.214683081886985,0.19496040316774657,4167,2.2867931638445174,0.19447779111644659,833,2.2869855422007888,0.1906,0.9873788894667415,0.08334187319260325,,,0.8455358600825977,,0.8455876285256886,0.15441237147431142,0.8067837200017954,0.1480337993530909,10,0.025,0.15,0.9702454741835649,0.9773119108126914,0.9680863745993593,0.9744797316443639,0.9750919254815906,0.9701012503569949,0.9733021909706391,1.0,0.9704340017242084,0.971171676523692,0.9704214701905444,0.9736523313361376
1,8,2.205258846282959,0.20962554008641382,4166,2.2841712066105435,0.19447779111644659,833,2.286973280242727,0.1906,0.9880673782614036,0.08375294167597325,,,0.9615871787895982,,0.9616197124985559,0.038380287501444066,0.8069495480357535,0.14804768705841032,10,0.025,0.15,0.9687479656387578,0.9735548220143514,0.9712722593976807,0.9734425782747098,0.9735276983459373,0.9794631491913962,0.973917973978558,0.9704340017242084,1.0,0.976350102139776,0.968590543613657,0.9729374700460705
1,9,2.2019018892085915,0.20084013442150744,4166,2.28566152708871,0.19327731092436976,833,2.286982832075674,0.1907,0.9860317585012293,0.08336421431323822,,,0.8518431218065444,,0.8518839431598753,0.14811605684012474,0.8067687081920086,0.14803533488043788,10,0.025,0.15,0.9622311160730646,0.973848912777078,0.9658705009437026,0.9749392557471561,0.9706499198509493,0.9745783348091495,0.9713692972229396,0.971171676523692,0.976350102139776,1.0,0.9681566897476457,0.9690683914892818
1,10,2.190829188895948,0.20772923667786847,4166,2.2879038197653636,0.1908763505402161,833,2.28697391703159,0.1906,0.9849865183320926,0.0836181816799271,,,0.923542240092537,,0.9235860111237643,0.07641398887623574,0.8069499632161614,0.14804640852587259,10,0.025,0.15,0.9731286316756,0.9691287922856028,0.9730456711124892,0.966721609115023,0.9687564008950061,0.9730129844662212,0.9676574119558952,0.9704214701905444,0.968590543613657,0.9681566897476457,1.0,0.9672195219208216
1,11,2.1992138429121537,0.18876620259241478,4166,2.2859253542763844,0.18247298919567828,833,2.286990796463399,0.1906,0.9868468843566364,0.08325248451274958,,,0.820299981891569,,0.8203446056345002,0.17965539436549982,0.8066491479617124,0.14802614251362656,10,0.025,0.15,0.9690894000266418,0.9767267172661783,0.971233839882496,0.9754398789597053,0.9687419646372186,0.9732174287655644,0.9707987850609426,0.9736523313361376,0.9729374700460705,0.9690683914892818,0.9672195219208216,1.0
2,0,2.103611276366494,0.2466762658987281,4167,2.2688706261771068,0.22182254196642687,834,2.2715249061584473,0.2191,0.9850242880559801,0.08311414548141144,,,0.97,,0.9700285520951957,0.029971447904804327,0.9502232654980042,0.1478631589444897,10,0.025,0.15,1.0,0.9718234840126782,0.9700505316876423,0.9653864514266011,0.9664351976776316,0.9689454769121887,0.9692767842908276,0.9688781905947077,0.971068656973805,0.964444777232054,0.9682503159628839,0.9674314864046651
2,1,2.1144120465625416,0.23858891288696904,4167,2.272762264524187,0.20623501199040767,834,2.2714731059496915,0.2188,0.988601900763835,0.0837027530252369,,,0.97,,0.9700285520951957,0.029971447904804327,0.9509639663189863,0.1478631589444897,10,0.025,0.15,0.9718234840126782,1.0,0.9702883709490072,0.9723521027320359,0.975913853965798,0.97278834339832,0.9688614308640666,0.976044708820331,0.976719081264947,0.9699703341595233,0.9648038826477814,0.9745171910412411
2,2,2.093177655248931,0.25706743460523157,4167,2.273223638534546,0.1906474820143885,834,2.2716967063614084,0.2201,0.9848498770497566,0.08277333089421024,,,0.97,,0.9700285520951957,0.029971447904804327,0.9470146075136826,0.1478631589444897,10,0.025,0.15,0.9700505316876423,0.9702883709490072,1.0,0.9635455015318984,0.96726403483333,0.9704581369886293,0.9674333327077088,0.9668301943639489,0.9717636024970111,0.9653040638669378,0.969550331016761,0.9676192519553566
2,3,2.1273554303429343,0.23153347732181426,4167,2.274589572634016,0.2302158273381295,834,2.2716961450214628,0.2197,0.9844090976599403,0.08277442629707416,,,0.97,,0.9700285520951957,0.029971447904804327,0.9472506052411035,0.1478631589444897,10,0.025,0.15,0.9653864514266011,0.9723521027320359,0.9635455015318984,1.0,0.9685708506535479,0.9692093314315736,0.9633151814328713,0.9688962615477036,0.9700892204384186,0.9692488777345121,0.9623646460144696,0.9719346554235416
2,4,2.1161925727670843,0.24310055195584354,4167,2.2757170540945872,0.18847539015606243,833,2.2714826638185523,0.2182,0.9860713583176929,0.0834249274253432,,,0.97,,0.9700285520951957,0.029971447904804327,0.9508788593039751,0.1478631589444897,10,0.025,0.15,0.9664351976776316,0.975913853965798,0.96726403483333,0.9685708506535479,1.0,0.9711306679957029,0.9689993691342083,0.9739972560226534,0.9714051177430064,0.9672943051003239,0.9668902739289461,0.9662690182768073
2,5,2.1132971232587643,0.23909287257019438,4167,2.270167589187622,0.22929171668667467,833,2.2714751038370253,0.2188,0.9873019291943365,0.08359777928292152,,,0.97,,0.9700285520951957,0.029971447904804327,0.9509777502250429,0.1478631589444897,10,0.025,0.15,0.9689454769121887,0.97278834339832,0.9704581369886293,0.9692093314315736,0.9711306679957029,1.0,0.9704399010569712,0.9693260873362993,0.9760333290043,0.9679266549142171,0.9715485229365572,0.9708692734483435
2,6,2.105394288265344,0.2517158627309815,4167,2.2732652596064975,0.226890756302521,833,2.2714728252797185,0.2188,0.984695837618264,0.08355978150089739,,,0.97,,0.9700285520951957,0.029971447904804327,0.9509681640053028,0.1478631589444897,10,0.025,0.15,0.9692767842908276,0.9688614308640666,0.9674333327077088,0.9633151814328713,0.9689993691342083,0.9704399010569712,1.0,0.9689486260656878,0.9704893590559556,0.9679869866815594,0.9659250157194968,0.9661232764304754
2,7,2.1271937572594846,0.23486921046316295,4167,2.271192789077759,0.23649459783913565,833,2.2714901453332055,0.2183,0.986426461328046,0.0833604805051275,,,0.97,,0.9700285520951957,0.029971447904804327,0.9508213213348964,0.1478631589444897,10,0.025,0.15,0.9688781905947077,0.976044708820331,0.9668301943639489,0.9688962615477036,0.9739972560226534,0.9693260873362993,0.9689486260656878,1.0,0.9690826280117152,0.9689337959654032,0.9661839720747263,0.9713207898475201
2,8,2.1162962118784585,0.2426068170907345,4166,2.2681220940181186,0.21608643457382953,833,2.2714731783806523,0.2188,0.9881452159291154,0.08366957418693458,,,0.97,,0.9700285520951957,0.029971447904804327,0.9509685830427116,0.1478631589444897,10,0.025,0.15,0.971068656973805,0.976719081264947,0.9717636024970111,0.9700892204384186,0.9714051177430064,0.9760333290043,0.9704893590559556,0.9690826280117152,1.0,0.9739242203529961,0.9668660560880457,0.9712116721039808
2,9,2.115560159899972,0.23790206433029285,4166,2.269902535847255,0.226890756302521,833,2.2714856274520296,0.2183,0.9847000138135357,0.08331824866785421,,,0.97,,0.9700285520951957,0.029971447904804327,0.9508093699531174,0.1478631589444897,10,0.025,0.15,0.964444777232054,0.9699703341595233,0.9653040638669378,0.9692488777345121,0.9672943051003239,0.9679266549142171,0.9679869866815594,0.9689337959654032,0.9739242203529961,1.0,0.9650964099069952,0.967882454842953
2,10,2.103144859906399,0.24373499759961595,4166,2.2725862434932163,0.226890756302521,833,2.27147424070141,0.2188,0.9832338050764694,0.0834272099990421,,,0.97,,0.9700285520951957,0.029971447904804327,0.9509633869141179,0.1478631589444897,10,0.025,0.15,0.9682503159628839,0.9648038826477814,0.969550331016761,0.9623646460144696,0.9668902739289461,0.9715485229365572,0.9659250157194968,0.9661839720747263,0.9668660560880457,0.9650964099069952,1.0,0.9631275679437442
2,11,2.1171354936830924,0.23089294287085935,4166,2.2699036257607594,0.22088835534213686,833,2.2714980101283593,0.2184,0.985561790103845,0.08327734273394675,,,0.97,,0.9700285520951957,0.029971447904804327,0.9507913568529973,0.1478631589444897,10,0.025,0.15,0.9674314864046651,0.9745171910412411,0.9676192519553566,0.9719346554235416,0.9662690182768073,0.9708692734483435,0.9661232764304754,0.9713207898475201,0.9712116721039808,0.967882454842953,0.9631275679437442,1.0
3,0,2.033970023646499,0.27564194864410846,4167,2.246622221810477,0.24820143884892087,834,2.25024902971485,0.2585,0.9824642237214853,0.08320834720786632,,,0.97,,0.9700285520951957,0.029971447904804327,0.9767804426821453,0.14732236250565614,10,0.025,0.15,1.0,0.9649966998297688,0.9637779808225948,0.9587900055388138,0.9628002078595441,0.9612683453469815,0.9623400717858669,0.9643047979357027,0.9641217563659144,0.9603262928698263,0.9590043495330395,0.9574598567037926
3,1,2.043707792325453,0.2706263498920086,4167,2.2519990035465787,0.24700239808153476,834,2.2501750716680213,0.2585,0.9842803471297242,0.08363060940892636,,,0.97,,0.9700285520951957,0.029971447904804327,0.9767804426821453,0.14732236250565614,10,0.025,0.15,0.9649966998297688,1.0,0.9623114769234918,0.9637920718482096,0.9663869937751586,0.9636671990616562,0.959769861738475,0.966553938724564,0.9703489657969545,0.9617800768021982,0.9554772295666625,0.9652658194382334
3,2,2.021564600323186,0.2842092632589393,4167,2.2518535000937328,0.23741007194244604,834,2.2505029937889,0.2593,0.981682390183241,0.0829726113194817,,,0.97,,0.9700285520951957,0.029971447904804327,0.9767804426821453,0.14732236250565614,10,0.025,0.15,0.9637779808225948,0.9623114769234918,1.0,0.9577707186552821,0.960634726754443,0.9625478735402963,0.9596747228816795,0.9609531022179947,0.9633397553226583,0.9600968993941312,0.9605506735251856,0.9584798252758208
3,3,2.057861815076886,0.25749940004799615,4167,2.254363468715123,0.26019184652278177,834,2.2504963452302955,0.2592,0.981452888841156,0.08296583258073799,,,0.97,,0.9700285520951957,0.029971447904804327,0.9767804426821453,0.14732236250565614,10,0.025,0.15,0.9587900055388138,0.9637920718482096,0.9577707186552821,1.0,0.961340026326592,0.961947805661096,0.9570737524002844,0.9613670273897597,0.9637800905708743,0.9606902318270536,0.9555889061611373,0.9652885817107656
3,4,2.0472863146753024,0.27278617710583153,4167,2.2556794711521695,0.2460984393757503,833,2.2501874603802645,0.2584,0.9830498491623737,0.08341917456432704,,,0.97,,0.9700285520951957,0.029971447904804327,0.9767804426821453,0.14732236250565614,10,0.025,0.15,0.9628002078595441,0.9663869937751586,0.960634726754443,0.961340026326592,1.0,0.9658583765558298,0.9608190603744712,0.9681441014078906,0.9640460800315078,0.9602402905987341,0.9578215849547681,0.9578422591351698
3,5,2.0445918921268347,0.2669786417086633,4167,2.2494892392839705,0.27010804321728693,833,2.250177769721309,0.2584,0.9839132689848183,0.08355389931539156,,,0.97,,0.9700285520951957,0.029971447904804327,0.9767804426821453,0.14732236250565614,10,0.025,0.15,0.9612683453469815,0.9636671990616562,0.9625478735402963,0.961947805661096,0.9658583765558298,1.0,0.9617594503077824,0.9629476677109441,0.9681331871278909,0.9603822756583493,0.962777329022247,0.9647561630172351
3,6,2.0344181353395636,0.2772258219342453,4167,2.25283796446664,0.26290516206482595,833,2.2501745646512963,0.2585,0.9803480945949584,0.08341464236861833,,,0.97,,0.9700285520951957,0.029971447904804327,0.9767804426821453,0.14732236250565614,10,0.025,0.15,0.9623400717858669,0.959769861738475,0.9596747228816795,0.9570737524002844,0.9608190603744712,0.9617594503077824,1.0,0.960770770923395,0.9610576622582896,0.9586488258924943,0.9569547022013233,0.9551785199342951
3,7,2.055626444383101,0.26570674346052314,4167,2.249997581754412,0.2725090036014406,833,2.2501985724968248,0.2585,0.9831313152094715,0.0833820461943069,,,0.97,,0.9700285520951957,0.029971447904804327,0.9767804426821453,0.14732236250565614,10,0.025,0.15,0.9643047979357027,0.966553938724564,0.9609531022179947,0.9613670273897597,0.9681441014078906,0.9629476677109441,0.960770770923395,1.0,0.9613488071600427,0.9619248639550474,0.9569481940414989,0.9616848731191487
3,8,2.041386043664181,0.27049927988478156,4166,2.2462262766701833,0.26410564225690275,833,2.2501751109014583,0.2585,0.9847276332078724,0.0836246614708606,,,0.97,,0.9700285520951957,0.029971447904804327,0.9767804426821453,0.14732236250565614,10,0.025,0.15,0.9641217563659144,0.9703489657969545,0.9633397553226583,0.9637800905708743,0.9640460800315078,0.9681331871278909,0.9610576622582896,0.9613488071600427,1.0,0.965520082558479,0.9593502946374083,0.9645740519636288
3,9,2.048533786426891,0.2655064810369659,4166,2.2484383242470876,0.26410564225690275,833,2.2501916281784635,0.2584,0.9811637072175984,0.08329206913816713,,,0.97,,0.9700285520951957,0.029971447904804327,0.9767804426821453,0.14732236250565614,10,0.025,0.15,0.9603262928698263,0.9617800768021982,0.9600968993941312,0.9606902318270536,0.9602402905987341,0.9603822756583493,0.9586488258924943,0.9619248639550474,0.965520082558479,1.0,0.9556237787517399,0.9585495513316539
3,10,2.033103579463381,0.2756601056168987,4166,2.25181405884879,0.2689075630252101,833,2.2501767255082914,0.2584,0.9785510356671796,0.08327445040494322,,,0.97,,0.9700285520951957,0.029971447904804327,0.9767804426821453,0.14732236250565614,10,0.025,0.15,0.9590043495330395,0.9554772295666625,0.9605506735251856,0.9555889061611373,0.9578215849547681,0.962777329022247,0.9569547022013233,0.9569481940414989,0.9593502946374083,0.9556237787517399,1.0,0.9528513377222696
3,11,2.0515912792899393,0.25808929428708594,4166,2.247612033571516,0.2653061224489796,833,2.2502099894270113,0.2587,0.9810046289159234,0.08326165602637273,,,0.97,,0.9700285520951957,0.029971447904804327,0.9767804426821453,0.14732236250565614,10,0.025,0.15,0.9574598567037926,0.9652658194382334,0.9584798252758208,0.9652885817107656,0.9578422591351698,0.9647561630172351,0.9551785199342951,0.9616848731191487,0.9645740519636288,0.9585495513316539,0.9528513377222696,1.0
4,0,1.9785592053875778,0.29685625149988,4167,2.219094787325178,0.2841726618705036,834,2.2235249235660217,0.2872,0.9779260066485189,0.08325706889418423,,,0.97,,0.9700285520951957,0.029971447904804327,0.9835172195560448,0.14668448406475756,10,0.025,0.15,1.0,0.9567692448037868,0.9535052369378537,0.9481208951599785,0.9550565062726615,0.9526357463126064,0.953520188410626,0.9566244109705779,0.9544858443248034,0.9498285408190498,0.9479480586842335,0.9472684359473145
4,1,1.9879931554649815,0.2907367410607151,4167,2.225787333079747,0.2865707434052758,834,2.223424866229673,0.2864,0.9798360506810988,0.08358025447925707,,,0.97,,0.9700285520951957,0.029971447904804327,0.9835172195560448,0.14668448406475756,10,0.025,0.15,0.9567692448037868,1.0,0.9532279070567401,0.9529990635239104,0.9572033817936473,0.9548446708628582,0.9512883480559101,0.9562423144570307,0.9624177230929191,0.9508767761678579,0.9449995183539733,0.9570828506444499
4,2,1.96842424399925,0.30122390208783295,4167,2.224736315863473,0.2709832134292566,834,2.223871605305732,0.2884,0.9770288278888825,0.08308214761165615,,,0.97,,0.9700285520951957,0.029971447904804327,0.9835172195560448,0.14668448406475756,10,0.025,0.15,0.9535052369378537,0.9532279070567401,1.0,0.9476490459438622,0.9488110984938103,0.9519471444645959,0.9516085055774162,0.952250206890758,0.9535374282991096,0.9513330254197117,0.9529172106144703,0.948611588693177
4,3,2.00152261726784,0.2775137988960883,4167,2.2292471953800748,0.28896882494004794,834,2.223859551586682,0.2877,0.9770928238032488,0.08308003924452052,,,0.97,,0.9700285520951957,0.029971447904804327,0.9835172195560448,0.14668448406475756,10,0.025,0.15,0.9481208951599785,0.9529990635239104,0.9476490459438622,1.0,0.9533469187148135,0.952295643844532,0.9512003864501966,0.9511175225876978,0.9551753453042177,0.9506488472849892,0.9460286750038295,0.9575562547561715
4,4,1.9941979151783567,0.29227261819054473,4167,2.230278423854283,0.27490996398559425,833,2.2234408463103863,0.2859,0.9792396293005158,0.08343014151266283,,,0.97,,0.9700285520951957,0.029971447904804327,0.9835172195560448,0.14668448406475756,10,0.025,0.15,0.9550565062726615,0.9572033817936473,0.9488110984938103,0.9533469187148135,1.0,0.9583168728117147,0.9528921490634439,0.9589969333471599,0.957297817237507,0.9487525973348899,0.9503087554918485,0.9500605181883998
4,5,1.9884507768081896,0.28656107511399087,4167,2.2233626501900807,0.2857142857142857,833,2.2234284032749225,0.2865,0.9797177140838157,0.0835289825886247,,,0.97,,0.9700285520951957,0.029971447904804327,0.9835172195560448,0.14668448406475756,10,0.025,0.15,0.9526357463126064,0.9548446708628582,0.9519471444645959,0.952295643844532,0.9583168728117147,1.0,0.9525307194480498,0.9539641171814301,0.9609315432125803,0.950286130305384,0.9529178194982593,0.9559279321330318
4,6,1.978416059956406,0.2962562994960403,4167,2.2267652920314243,0.29411764705882354,833,2.223424057417278,0.2865,0.9768510423316076,0.08334962355619957,,,0.97,,0.9700285520951957,0.029971447904804327,0.9835172195560448,0.14668448406475756,10,0.025,0.15,0.953520188410626,0.9512883480559101,0.9516085055774162,0.9512003864501966,0.9528921490634439,0.9525307194480498,1.0,0.9528742208042816,0.9523714867660144,0.9489727150764414,0.9471056609409862,0.948706427893389
4,7,1.9996324463324113,0.2863450923926086,4167,2.223341533115932,0.3037214885954382,833,2.2234560447403147,0.2859,0.9788810921498984,0.08339552348491795,,,0.97,,0.9700285520951957,0.029971447904804327,0.9835172195560448,0.14668448406475756,10,0.025,0.15,0.9566244109705779,0.9562423144570307,0.952250206890758,0.9511175225876978,0.9589969333471599,0.9539641171814301,0.9528742208042816,1.0,0.9520068981442925,0.9518299371982819,0.9480992015977882,0.9528919688340828
4,8,1.9859018098224293,0.28907825252040326,4166,2.218768732888358,0.2929171668667467,833,2.2234247907807556,0.2865,0.9809937035838359,0.08361424344361262,,,0.97,,0.9700285520951957,0.029971447904804327,0.9835172195560448,0.14668448406475756,10,0.025,0.15,0.9544858443248034,0.9624177230929191,0.9535374282991096,0.9551753453042177,0.957297817237507,0.9609315432125803,0.9523714867660144,0.9520068981442925,1.0,0.9555551320868669,0.9494413355431219,0.9583179686484059
4,9,1.9950222853458288,0.2802208353336534,4166,2.2214953899383545,0.2893157262905162,833,2.2234464325482333,0.2859,0.9757312361024743,0.08323741511431973,,,0.97,,0.9700285520951957,0.029971447904804327,0.9835172195560448,0.14668448406475756,10,0.025,0.15,0.9498285408190498,0.9508767761678579,0.9513330254197117,0.9506488472849892,0.9487525973348899,0.950286130305384,0.9489727150764414,0.9518299371982819,0.9555551320868669,1.0,0.9449219801635574,0.94698847724425
4,10,1.9788094675902164,0.2948631781084974,4166,2.226025479180472,0.2965186074429772,833,2.22342719005633,0.2865,0.9740704428938496,0.08317248699212655,,,0.97,,0.9700285520951957,0.029971447904804327,0.9835172195560448,0.14668448406475756,10,0.025,0.15,0.9479480586842335,0.9449995183539733,0.9529172106144703,0.9460286750038295,0.9503087554918485,0.9529178194982593,0.9471056609409862,0.9480992015977882,0.9494413355431219,0.9449219801635574,1.0,0.9458490014706108
4,11,1.997746721903483,0.2794767162746039,4166,2.2196130752563477,0.27130852340936373,833,2.2234722994550875,0.2859,0.9773742888257594,0.08327207307791822,,,0.97,,0.9700285520951957,0.029971447904804327,0.9835172195560448,0.14668448406475756,10,0.025,0.15,0.9472684359473145,0.9570828506444499,0.948611588693177,0.9575562547561715,0.9500605181883998,0.9559279321330318,0.948706427893389,0.9528919688340828,0.9583179686484059,0.94698847724425,0.9458490014706108,1.0
5,0,1.9312388062477113,0.31079913606911447,4167,2.186392136982509,0.30455635491606714,834,2.191755780690833,0.3037,0.9747019847297571,0.08329363039707746,,,0.97,,0.9700285520951957,0.029971447904804327,0.988110458906214,0.1461708906931322,10,0.025,0.15,1.0,0.9494308789400003,0.9465822959429272,0.9416628338765191,0.9488267812079927,0.9418362936123826,0.9487274890647575,0.9497468308200407,0.9467061107272656,0.9431495325590203,0.94218923051704,0.93901359014837
5,1,1.9435735081181382,0.3064314854811615,4167,2.1944331101008823,0.2949640287769784,834,2.191628622103341,0.3042,0.975603128151469,0.08352304812544653,,,0.97,,0.9700285520951957,0.029971447904804327,0.988110458906214,0.1461708906931322,10,0.025,0.15,0.9494308789400003,1.0,0.9442026212555926,0.9445801257904785,0.9502637265787538,0.9427225420133862,0.944411750799243,0.9491027508049066,0.9531385886326742,0.9427325385928871,0.9380342352432317,0.9495705267737523
5,2,1.9223286921327765,0.3167746580273578,4167,2.1925930976867676,0.29136690647482016,834,2.192194310924675,0.3042,0.9733712203052309,0.08314199423070652,,,0.97,,0.9700285520951957,0.029971447904804327,0.988110458906214,0.1461708906931322,10,0.025,0.15,0.9465822959429272,0.9442026212555926,1.0,0.9401153503880832,0.9411937135037138,0.9423288706354673,0.945787908380192,0.9448953591703066,0.943305729253938,0.9448945718354144,0.9456643334381225,0.9434978711802662
5,3,1.952674966508692,0.29133669306455484,4167,2.1997150693620955,0.29376498800959233,834,2.192177639731878,0.3036,0.9739093140231343,0.08315822021214676,,,0.97,,0.9700285520951957,0.029971447904804327,0.988110458906214,0.1461708906931322,10,0.025,0.15,0.9416628338765191,0.9445801257904785,0.9401153503880832,1.0,0.9469639270703853,0.9431024637308204,0.9460290651170298,0.9443379838645768,0.9462980973059255,0.9453362173580061,0.9390107664745709,0.951295150524045
5,4,1.9467591975674485,0.3087592992560595,4167,2.2001474584851946,0.297719087635054,833,2.1916482478757446,0.3041,0.9759834762553529,0.08344251689076551,,,0.97,,0.9700285520951957,0.029971447904804327,0.988110458906214,0.1461708906931322,10,0.025,0.15,0.9488267812079927,0.9502637265787538,0.9411937135037138,0.9469639270703853,1.0,0.9487812502898871,0.9470205585587825,0.9509108233220293,0.9492838608841745,0.9430261137631845,0.9435906261575929,0.9428668371588186
5,5,1.9443142771720887,0.29988000959923206,4167,2.191927637372698,0.304921968787515,833,2.191632811027237,0.3042,0.9744635434279538,0.08345418208894585,,,0.97,,0.9700285520951957,0.029971447904804327,0.988110458906214,0.1461708906931322,10,0.025,0.15,0.9418362936123826,0.9427225420133862,0.9423288706354673,0.9431024637308204,0.9487812502898871,1.0,0.945456382518062,0.9428934282889503,0.9521134886747404,0.9416610995702052,0.9461877295930244,0.9478217737345663
5,6,1.9316281268090914,0.31144708423326134,4167,2.1956616810389926,0.31452581032412963,833,2.191627417938619,0.3042,0.9747719294636694,0.08335320241839674,,,0.97,,0.9700285520951957,0.029971447904804327,0.988110458906214,0.1461708906931322,10,0.025,0.15,0.9487274890647575,0.944411750799243,0.945787908380192,0.9460290651170298,0.9470205585587825,0.945456382518062,1.0,0.9469780728683542,0.9457002178422647,0.9437816548815409,0.9411093103209968,0.9436572905073805
5,7,1.95183716470545,0.30340772738180943,4167,2.1916446685791016,0.31812725090036015,833,2.191667448116254,0.304,0.9754401206729618,0.08340338509136068,,,0.97,,0.9700285520951957,0.029971447904804327,0.988110458906214,0.1461708906931322,10,0.025,0.15,0.9497468308200407,0.9491027508049066,0.9448953591703066,0.9443379838645768,0.9509108233220293,0.9428934282889503,0.9469780728683542,1.0,0.944846568595426,0.9454868557319042,0.9408838835721831,0.9463486388374666
5,8,1.9360343568252794,0.3044647143542967,4166,2.186077765056065,0.3097238895558223,833,2.1916283263435847,0.3042,0.9768831367406631,0.08358579069086866,,,0.97,,0.9700285520951957,0.029971447904804327,0.988110458906214,0.1461708906931322,10,0.025,0.15,0.9467061107272656,0.9531385886326742,0.943305729253938,0.9462980973059255,0.9492838608841745,0.9521134886747404,0.9457002178422647,0.944846568595426,1.0,0.949502535010423,0.9418290242243095,0.9504127481587581
5,9,1.9483928568435438,0.2971435429668747,4166,2.1892543179648265,0.30732292917166865,833,2.191655116745188,0.304,0.973112439742673,0.08322967690100413,,,0.97,,0.9700285520951957,0.029971447904804327,0.988110458906214,0.1461708906931322,10,0.025,0.15,0.9431495325590203,0.9427325385928871,0.9448945718354144,0.9453362173580061,0.9430261137631845,0.9416610995702052,0.9437816548815409,0.9454868557319042,0.949502535010423,1.0,0.9389083867662223,0.9408409370169707
5,10,1.9332787239190303,0.31072971675468075,4166,2.195427451814924,0.3085234093637455,833,2.191631612898428,0.3042,0.9710832007453707,0.0831233724258019,,,0.97,,0.9700285520951957,0.029971447904804327,0.988110458906214,0.1461708906931322,10,0.025,0.15,0.94218923051704,0.9380342352432317,0.9456643334381225,0.9390107664745709,0.9435906261575929,0.9461877295930244,0.9411093103209968,0.9408838835721831,0.9418290242243095,0.9389083867662223,1.0,0.9382440046095988
5,11,1.9550310994639541,0.2967354776764282,4166,2.186366319656372,0.2965186074429772,833,2.191688920878157,0.304,0.9743355710447993,0.08329098052747937,,,0.97,,0.9700285520951957,0.029971447904804327,0.988110458906214,0.1461708906931322,10,0.025,0.15,0.93901359014837,0.9495705267737523,0.9434978711802662,0.951295150524045,0.9428668371588186,0.9478217737345663,0.9436572905073805,0.9463486388374666,0.9504127481587581,0.9408409370169707,0.9382440046095988,1.0
6,0,1.8885535937367064,0.3263498920086393,4167,2.1500162397112166,0.3129496402877698,834,2.15591742720785,0.316,0.971357700320787,0.08330561426145693,,,0.97,,0.9700285520951957,0.029971447904804327,0.9906059613674958,0.14571805716203318,10,0.025,0.15,1.0,0.9423272499194199,0.9404921944964256,0.9355957411647983,0.9413750215045262,0.9374770224341477,0.9434382197423163,0.941153126440912,0.9396512639350274,0.9349922251291743,0.9347462116034269,0.9323129476414023
6,1,1.9040928118156664,0.31893448524118073,4167,2.1589745453425815,0.3009592326139089,834,2.155762068832977,0.3156,0.971905905085798,0.08346567791892115,,,0.97,,0.9700285520951957,0.029971447904804327,0.9906059613674958,0.14571805716203318,10,0.025,0.15,0.9423272499194199,1.0,0.9379066513483764,0.9389447740165178,0.9413547811376876,0.9385457566614587,0.9375572342799996,0.9389836298837139,0.946629320007591,0.9355460124067072,0.9311872475900423,0.9407881649928056
6,2,1.8839281074928516,0.32819774418046554,4167,2.156158890042986,0.30455635491606714,834,2.156444229657137,0.3159,0.9700661011252483,0.08316950744131979,,,0.97,,0.9700285520951957,0.029971447904804327,0.9906059613674958,0.14571805716203318,10,0.025,0.15,0.9404921944964256,0.9379066513483764,1.0,0.9324964797562911,0.934606073272528,0.9361252746420546,0.9396860355493519,0.9362983305864663,0.9373016170649496,0.936756120922133,0.9393014473270359,0.9376853850436113
6,3,1.9071795813965076,0.30638348932085435,4167,2.1665347644260953,0.30455635491606714,834,2.1564232458042194,0.3158,0.9716735358827305,0.08323199565134749,,,0.97,,0.9700285520951957,0.029971447904804327,0.9906059613674958,0.14571805716203318,10,0.025,0.15,0.9355957411647983,0.9389447740165178,0.9324964797562911,1.0,0.9421697520444327,0.9402186812535114,0.9415859275406608,0.9383934534520706,0.9401313195206068,0.9386214501322615,0.9326353472499571,0.9465468572867703
6,4,1.9074243238477997,0.32068634509239263,4167,2.1656082357679094,0.3217286914765906,833,2.1557849811602243,0.3156,0.9729528370063202,0.08344991790846581,,,0.97,,0.9700285520951957,0.029971447904804327,0.9906059613674958,0.14571805716203318,10,0.025,0.15,0.9413750215045262,0.9413547811376876,0.934606073272528,0.9421697520444327,1.0,0.9460331790085402,0.9403025434640555,0.9437148694339389,0.9420681710892529,0.9361435222514761,0.9381515542391491,0.9361255945520397
6,5,1.9041779803507255,0.3111111111111111,4167,2.1561331748962402,0.3205282112845138,833,2.155766755719728,0.3157,0.973481045625563,0.08347437681440645,,,0.97,,0.9700285520951957,0.029971447904804327,0.9906059613674958,0.14571805716203318,10,0.025,0.15,0.9374770224341477,0.9385457566614587,0.9361252746420546,0.9402186812535114,0.9460331790085402,1.0,0.9404181746696004,0.9396956889753957,0.9481254952007534,0.937236536924033,0.9400774847977951,0.9442410452107701
6,6,1.8898119391817034,0.3246460283177346,4167,2.1599515846797397,0.3205282112845138,833,2.1557604451722736,0.3156,0.9719974437619691,0.08336340160378367,,,0.97,,0.9700285520951957,0.029971447904804327,0.9906059613674958,0.14571805716203318,10,0.025,0.15,0.9434382197423163,0.9375572342799996,0.9396860355493519,0.9415859275406608,0.9403025434640555,0.9404181746696004,1.0,0.9413811492876454,0.9380427072191138,0.9374748704523331,0.934650863982067,0.9364692316998027
6,7,1.9113110730142304,0.31838252939764816,4167,2.155954190662929,0.31932773109243695,833,2.155808261678189,0.3156,0.9718518115561905,0.08338975209624455,,,0.97,,0.9700285520951957,0.029971447904804327,0.9906059613674958,0.14571805716203318,10,0.025,0.15,0.941153126440912,0.9389836298837139,0.9362983305864663,0.9383934534520706,0.9437148694339389,0.9396956889753957,0.9413811492876454,1.0,0.9370030848795623,0.9376959089506993,0.9346659989001015,0.9402718618789957
6,8,1.8952326543403395,0.31610657705232836,4166,2.14931515284947,0.33613445378151263,833,2.1557615919958186,0.3156,0.9735287613791033,0.08355749788983428,,,0.97,,0.9700285520951957,0.029971447904804327,0.9906059613674958,0.14571805716203318,10,0.025,0.15,0.9396512639350274,0.946629320007591,0.9373016170649496,0.9401313195206068,0.9420681710892529,0.9481254952007534,0.9380427072191138,0.9370030848795623,1.0,0.9423493749083742,0.9332584081237795,0.9440901743230068
6,9,1.9089555476651048,0.31111377820451275,4166,2.153141566685268,0.3241296518607443,833,2.1557931598228746,0.3156,0.9695043674449784,0.08320552601099943,,,0.97,,0.9700285520951957,0.029971447904804327,0.9906059613674958,0.14571805716203318,10,0.025,0.15,0.9349922251291743,0.9355460124067072,0.936756120922133,0.9386214501322615,0.9361435222514761,0.937236536924033,0.9374748704523331,0.9376959089506993,0.9423493749083742,1.0,0.9316567532605434,0.9335425969272325
6,10,1.8958538944070988,0.32325972155544885,4166,2.1610398633139476,0.3169267707082833,833,2.1557656390757503,0.3156,0.9677612320533959,0.08308278514598216,,,0.97,,0.9700285520951957,0.029971447904804327,0.9906059613674958,0.14571805716203318,10,0.025,0.15,0.9347462116034269,0.9311872475900423,0.9393014473270359,0.9326353472499571,0.9381515542391491,0.9400774847977951,0.934650863982067,0.9346659989001015,0.9332584081237795,0.9316567532605434,1.0,0.9314767281733295
