round,client_id,client_i_training_loss,client_i_training_accuracy,client_i_training_dataset_size,client_i_evaluation_loss,client_i_evaluation_accuracy,client_i_evaluation_dataset_size,client_i_central_evaluation_loss,client_i_central_evaluation_accuracy,client_i_cosine_similarity,client_i_importance_coefficient,client_i_tanh_val,tanh_normalization_value,client_i_q,client_i_mask_order,client_i_v_nonzero_fraction,client_i_v_sparsity,client_i_v_cosine_similarity,client_i_reward_gradient_norm,local_epochs,learning_rate,gamma,client_0_cosine_similarity,client_1_cosine_similarity,client_2_cosine_similarity,client_3_cosine_similarity,client_4_cosine_similarity,client_5_cosine_similarity,client_6_cosine_similarity,client_7_cosine_similarity,client_8_cosine_similarity,client_9_cosine_similarity,client_10_cosine_similarity,client_11_cosine_similarity
0,0,2.2965470725839787,0.11490280777537797,4167,2.2976612704140797,0.11151079136690648,834,2.2983306631257263,0.1099,0.9586471137615405,0.08392697062435889,,,0.8578282507376601,,0.8578666798699477,0.1421333201300523,0,0.14276643896944619,10,0.025,0.15,1.0,0.886436950966053,0.8960447531312314,0.9125297144437975,0.9302357611055341,0.8694819277966451,0.9386340985499195,0.8949356786107093,0.9182383171314878,0.9068945891627318,0.9024281042241454,0.8941793601734292
0,1,2.297328501036673,0.12742980561555076,4167,2.296287911278861,0.11510791366906475,834,2.298332132870638,0.11,0.9544240440142636,0.08355725225193963,,,0.8177003572306786,,0.8177534617352412,0.18224653826475878,0,0.1427545789139768,10,0.025,0.15,0.886436950966053,1.0,0.890914388680498,0.9366587204574516,0.8909777263828557,0.9168112406790495,0.877276255932323,0.8528590184170599,0.9012603789066128,0.8984310901542703,0.9164928080765145,0.9336937209367051
0,2,2.2975405938697584,0.1074154067674586,4167,2.30251635823931,0.08752997601918465,834,2.298331864272492,0.1099,0.9549688061407059,0.08360494470761687,,,0.8228767236903152,,0.8229274974831245,0.17707250251687545,0,0.14275653248173376,10,0.025,0.15,0.8960447531312314,0.890914388680498,1.0,0.9317055665122292,0.8777490183139767,0.8923882118145398,0.8991263704690591,0.9428046892156152,0.8922897651507599,0.8354702287494047,0.9129695806365926,0.9365542919319748
0,3,2.2967795465931746,0.10931125509959204,4167,2.2986790112086704,0.11031175059952038,834,2.2983291571653344,0.1098,0.9736093049033312,0.08523687012586144,,,0.9999999998914635,,1.0,0.0,0,0.14277993373556278,10,0.025,0.15,0.9125297144437975,0.9366587204574516,0.9317055665122292,1.0,0.9108942514788081,0.9086435560055026,0.896540463778105,0.917444997095939,0.9395851825380519,0.9010368456023106,0.9388461503923925,0.9270645470792656
0,4,2.296663601470716,0.1259659227261819,4167,2.2948286533355713,0.13805522208883553,833,2.298333418520191,0.11,0.9526175611428187,0.08339909954620596,,,0.800535035172176,,0.8005809443646746,0.19941905563532536,0,0.1427443764609982,10,0.025,0.15,0.9302357611055341,0.8909777263828557,0.8777490183139767,0.9108942514788081,1.0,0.8590388635164795,0.9004395611387049,0.8772074558913374,0.9409119460480424,0.8763069666499628,0.9078889257695869,0.9095254572796097
0,5,2.297025436343569,0.11298296136309095,4167,2.2961698600224087,0.1056422569027611,833,2.298358660710009,0.1097,0.934738843704266,0.08183386602938147,,,0.6306502564805009,,0.6306877258998861,0.3693122741001139,0,0.14252397129859964,10,0.025,0.15,0.8694819277966451,0.9168112406790495,0.8923882118145398,0.9086435560055026,0.8590388635164795,1.0,0.8196330158576015,0.8546839843827232,0.8760325995680006,0.8899219802117909,0.8995234403072558,0.8907968779349531
0,6,2.2956669973604606,0.14439644828413728,4167,2.2965502398354665,0.11764705882352941,833,2.2983498663841924,0.1097,0.9392897642905192,0.08223228685897913,,,0.6738934107669423,,0.6739202191744649,0.3260797808255351,0,0.1426100743570336,10,0.025,0.15,0.9386340985499195,0.877276255932323,0.8991263704690591,0.896540463778105,0.9004395611387049,0.8196330158576015,1.0,0.8934815606687504,0.8833911269411713,0.8451241401460912,0.8647988841573215,0.9104758711592519
0,7,2.2974302710908834,0.11766258699304055,4167,2.2983996868133545,0.11164465786314526,833,2.2983452851259254,0.1097,0.9416608646957492,0.08243987030777948,,,0.6964237667045334,,0.6964565694575102,0.3035434305424898,0,0.14264668816781528,10,0.025,0.15,0.8949356786107093,0.8528590184170599,0.9428046892156152,0.917444997095939,0.8772074558913374,0.8546839843827232,0.8934815606687504,1.0,0.9246176410714251,0.7912744266116721,0.8937889270876193,0.912908964411114
0,8,2.2966914704351713,0.10638502160345656,4166,2.3002514157976424,0.09483793517406963,833,2.298329748684847,0.1099,0.9617859765065173,0.08420176959637883,,,0.8876539361989706,,0.8876895908633295,0.11231040913667045,0,0.14277333010868576,10,0.025,0.15,0.9182383171314878,0.9012603789066128,0.8922897651507599,0.9395851825380519,0.9409119460480424,0.8760325995680006,0.8833911269411713,0.9246176410714251,1.0,0.8788812717588277,0.9219567451124682,0.9087458331804512
0,9,2.2934083757978496,0.11056168987037926,4166,2.3003418104989186,0.10204081632653061,833,2.2983900414237493,0.1098,0.9262511901424445,0.08109079483986144,,,0.55,,0.5500404350481095,0.4499595649518905,0,0.1422392316721615,10,0.025,0.15,0.9068945891627318,0.8984310901542703,0.8354702287494047,0.9010368456023106,0.8763069666499628,0.8899219802117909,0.8451241401460912,0.7912744266116721,0.8788812717588277,1.0,0.9054275278697452,0.8512640598459358
0,10,2.2970306757724646,0.11317810849735958,4166,2.2982894011906216,0.11644657863145258,833,2.298329787918284,0.1099,0.961715281997763,0.08419558048270566,,,0.886982192209743,,0.8870294268125629,0.11297057318743708,0,0.14277321012847485,10,0.025,0.15,0.9024281042241454,0.9164928080765145,0.9129695806365926,0.9388461503923925,0.9078889257695869,0.8995234403072558,0.8647988841573215,0.8937889270876193,0.9219567451124682,0.9054275278697452,1.0,0.9209915725798347
0,11,2.297730978329976,0.1458953432549208,4166,2.2993002959660123,0.1092436974789916,833,2.2983296249486225,0.1099,0.9626874895016491,0.08428069462893124,,,0.8962201734691781,,0.8962552194220264,0.10374478057797365,0,0.14277448964286157,10,0.025,0.15,0.8941793601734292,0.9336937209367051,0.9365542919319748,0.9270645470792656,0.9095254572796097,0.8907968779349531,0.9104758711592519,0.912908964411114,0.9087458331804512,0.8512640598459358,0.9209915725798347,1.0
1,0,2.247375598820773,0.16753059755219582,4167,2.2885126726967946,0.14148681055155876,834,2.2896113697486586,0.1295,0.9880776030297785,0.08373602932452746,,,0.857502185837937,,0.8575531019458336,0.14244689805416644,0.7983532943600684,0.14801244189810467,10,0.025,0.15,1.0,0.9686561776006256,0.9742443500473624,0.9753106909284898,0.9737013598467316,0.9696737898908279,0.9770841665639336,0.9754764344813635,0.9768980605479493,0.9696581754425111,0.9705088450959166,0.9706690815138512
1,1,2.2469519745219837,0.1722582193424526,4167,2.288480452128819,0.13309352517985612,834,2.2896163191976426,0.1295,0.9851397428928846,0.08341302464758468,,,0.8034789621377971,,0.8035186743905861,0.1964813256094139,0.7982133971184723,0.1479932692756253,10,0.025,0.15,0.9686561776006256,1.0,0.9635183464335149,0.9723984843163863,0.9711636573784735,0.9730710317544846,0.9642906306064164,0.9666842566526921,0.9709403545132861,0.9729294823578306,0.9739175907630231,0.9696833538392426
1,2,2.251085987958041,0.16861051115910727,4167,2.2942007950374057,0.09832134292565947,834,2.2896139470836783,0.1294,0.9870851329979496,0.08350547755490638,,,0.8189419088085448,,0.8189830172797941,0.18101698272020594,0.7982672292761788,0.1480031483480747,10,0.025,0.15,0.9742443500473624,0.9635183464335149,1.0,0.9745891550364603,0.96842643602821,0.9710119208202396,0.9663918882616722,0.982847818190947,0.9706565693467577,0.9674912005661829,0.9707493668792369,0.9801916814736645
1,3,2.234550966638507,0.1736741060715143,4167,2.289488281522478,0.14028776978417265,834,2.289591333534144,0.1346,0.9894677626222411,0.084588023286049,,,0.9999999998327478,,1.0,0.0,0.8005681744410647,0.1480422291850134,10,0.025,0.15,0.9753106909284898,0.9723984843163863,0.9745891550364603,1.0,0.9765753170935845,0.9728468369013132,0.9714371452740261,0.9766369353583687,0.9790056285919759,0.9723481668177558,0.9709171295772567,0.975860400925415
1,4,2.2364705540917136,0.17566594672426206,4167,2.2859682015010288,0.15006002400960383,833,2.2896173996261404,0.1294,0.9873989326612209,0.08338884716955988,,,0.7994352271795246,,0.799466917529006,0.200533082470994,0.7982633345495137,0.1479640455868439,10,0.025,0.15,0.9737013598467316,0.9711636573784735,0.96842643602821,0.9765753170935845,1.0,0.9712518832345186,0.9759302061082233,0.9701751969145216,0.9719298080996992,0.9699415184114102,0.970246255434614,0.9746251192378096
1,5,2.2435775402820473,0.17348212143028557,4167,2.287443058831351,0.12484993997599039,833,2.2897153262850605,0.1289,0.9869415955333896,0.08240980674859491,,,0.6356886208644738,,0.6357297288376161,0.36427027116238386,0.7935383684959728,0.14775150476722826,10,0.025,0.15,0.9696737898908279,0.9730710317544846,0.9710119208202396,0.9728468369013132,0.9712518832345186,1.0,0.9619757712932504,0.9713014101132451,0.9708451600280802,0.977419022134702,0.9747422013379085,0.9750405769817904
1,6,2.2425391616243306,0.18704103671706263,4167,2.2877395493643626,0.13205282112845138,833,2.289691399924363,0.129,0.9836018614165383,0.0825469603779663,,,0.6586278589923762,,0.6586786816523906,0.34132131834760937,0.7941860191826311,0.14779551946080025,10,0.025,0.15,0.9770841665639336,0.9642906306064164,0.9663918882616722,0.9714371452740261,0.9759302061082233,0.9619757712932504,1.0,0.9714568826709047,0.9648714073509311,0.965267308786573,0.96091839290344,0.9697744583191956
1,7,2.245094563021804,0.17652987760979122,4167,2.290210553577968,0.13805522208883553,833,2.289650732957864,0.1291,0.9886370862233549,0.0828380877608014,,,0.7073195370107811,,0.7073575283457939,0.2926424716542061,0.7971176805293364,0.1478960785363958,10,0.025,0.15,0.9754764344813635,0.9666842566526921,0.982847818190947,0.9766369353583687,0.9701751969145216,0.9713014101132451,0.9714568826709047,1.0,0.9753600908279417,0.9668350150897829,0.9731073441742104,0.9787890829159595
1,8,2.2338645259539285,0.1658425348055689,4166,2.2912125246865407,0.11884753901560624,833,2.2896101142786724,0.1295,0.9870657539987946,0.08387250435426453,,,0.8803279267242681,,0.8803700219504547,0.11962997804954534,0.7983427404991682,0.14801755096172334,10,0.025,0.15,0.9768980605479493,0.9709403545132861,0.9706565693467577,0.9790056285919759,0.9719298080996992,0.9708451600280802,0.9648714073509311,0.9753600908279417,1.0,0.9711206437083281,0.9681756002044165,0.9698715001729951
1,9,2.2225351897152987,0.17167546807489198,4166,2.2912536689213345,0.11764705882352941,833,2.2898271989218797,0.1283,0.9852579723110959,0.08189747476608254,,,0.55,,0.5500404350481095,0.4499595649518905,0.7905376141061127,0.1473813417328991,10,0.025,0.15,0.9696581754425111,0.9729294823578306,0.9674912005661829,0.9723481668177558,0.9699415184114102,0.977419022134702,0.965267308786573,0.9668350150897829,0.9711206437083281,1.0,0.9678171295575909,0.9687735294901683
1,10,2.243008081118266,0.17467594815170429,4166,2.2896217618669783,0.12965186074429771,833,2.2896097762675227,0.1295,0.985923570539006,0.08383165985100406,,,0.8734965961149206,,0.8735208199237511,0.12647918007624892,0.7983682089552965,0.14801479445735066,10,0.025,0.15,0.9705088450959166,0.9739175907630231,0.9707493668792369,0.9709171295772567,0.970246255434614,0.9747422013379085,0.96091839290344,0.9731073441742104,0.9681756002044165,0.9678171295575909,1.0,0.975118513262368
1,11,2.2417089722373267,0.1887181949111858,4166,2.2904461451939175,0.12845138055222088,833,2.2896092783046673,0.1296,0.9886381585703979,0.08397210415865887,,,0.896986207230338,,0.8970226601310426,0.10297733986895741,0.7983558821732282,0.14801919114712692,10,0.025,0.15,0.9706690815138512,0.9696833538392426,0.9801916814736645,0.975860400925415,0.9746251192378096,0.9750405769817904,0.9697744583191956,0.9787890829159595,0.9698715001729951,0.9687735294901683,0.975118513262368,1.0
2,0,2.152636947776332,0.22495800335973123,4167,2.274311440331595,0.19664268585131894,834,2.2762339567836327,0.1897,0.9879633470167952,0.08365400596755283,,,0.8706020828579992,,0.8706326022016471,0.12936739779835293,0.9217580370926698,0.14784110275903883,10,0.025,0.15,1.0,0.971344774215444,0.9721804897632248,0.9697571321054694,0.9714564505533877,0.9703891379798221,0.972507980526295,0.9733730623698529,0.9699929022480622,0.9686526771922599,0.9731072714028894,0.9735078711490393
2,1,2.149166950312528,0.22699784017278618,4167,2.275594541004726,0.19544364508393286,834,2.276252230511436,0.1895,0.9846594708192487,0.08334776692094684,,,0.7931974823766361,,0.7932283672492615,0.2067716327507385,0.9215484158365369,0.14779036192671913,10,0.025,0.15,0.971344774215444,1.0,0.9614919285314956,0.9699820816261018,0.9620130890711798,0.9728727818987745,0.9615410944613599,0.9689130438259088,0.9710673478469557,0.9697273083916139,0.9728485090325775,0.9654949592723856
2,2,2.1602478688413447,0.2204703623710103,4167,2.2820610318865096,0.15587529976019185,834,2.2762360120121437,0.1897,0.9845845416818505,0.08340231588737618,,,0.8069852112764287,,0.8070175438596491,0.19298245614035092,0.92184809747317,0.1478087381289694,10,0.025,0.15,0.9721804897632248,0.9614919285314956,1.0,0.9710569003657394,0.9678294037550896,0.9641669117523396,0.9662678473217509,0.9726791587586348,0.9646344148195448,0.9648029192723593,0.9679740982555374,0.9731573974525579
2,3,2.136216980760748,0.22690184785217182,4167,2.2755729470934187,0.2038369304556355,834,2.2762144456935833,0.1906,0.9875580018620529,0.08416594833860744,,,0.9999999997472413,,1.0,0.0,0.9217009974127331,0.14786022281109557,10,0.025,0.15,0.9697571321054694,0.9699820816261018,0.9710569003657394,1.0,0.9706883581994294,0.9721016305662861,0.9694361051580598,0.9740521984342664,0.971622945206441,0.9678764828090188,0.9711574396192781,0.9734210930943282
2,4,2.136830886927518,0.2267578593712503,4167,2.2724178518567766,0.20408163265306123,833,2.276255858095386,0.1895,0.9847941256051659,0.08333723398128581,,,0.7905351896501154,,0.7905712069449258,0.20942879305507422,0.9212927176188227,0.14778897823389583,10,0.025,0.15,0.9714564505533877,0.9620130890711798,0.9678294037550896,0.9706883581994294,1.0,0.9682356612032389,0.9703620734881006,0.9678040023197805,0.9687671770810956,0.9617799105907108,0.968952921692162,0.97087270631325
2,5,2.1476313869158425,0.23213342932565395,4167,2.274134806224278,0.18247298919567828,833,2.276430434818509,0.1885,0.9862440847919515,0.08278087628427747,,,0.6499109102221925,,0.6499397600303676,0.3500602399696324,0.920660590714638,0.14754558092065642,10,0.025,0.15,0.9703891379798221,0.9728727818987745,0.9641669117523396,0.9721016305662861,0.9682356612032389,1.0,0.9650867371495213,0.9708645138759048,0.9678718256468182,0.9740491946430929,0.9725958414585301,0.9682172435707771
2,6,2.1448997298876447,0.23050155987520998,4167,2.2740114756992886,0.20528211284513806,833,2.2763898372650146,0.189,0.9840029059077754,0.08279270745320783,,,0.6529013417639293,,0.6529435064613557,0.3470564935386443,0.9209117851804032,0.1475530714324069,10,0.025,0.15,0.972507980526295,0.9615410944613599,0.9662678473217509,0.9694361051580598,0.9703620734881006,0.9650867371495213,1.0,0.9689534474535217,0.9632291872806226,0.9648240624405342,0.9684943803885725,0.9690931196095874
2,7,2.153797918738741,0.22819774418046557,4167,2.2773256642477855,0.19207683073229292,833,2.27631201925157,0.1894,0.9872441030191123,0.08307726713194451,,,0.7248262921901778,,0.7248601277417438,0.2751398722582562,0.921452442571792,0.14771709279316955,10,0.025,0.15,0.9733730623698529,0.9689130438259088,0.9726791587586348,0.9740521984342664,0.9678040023197805,0.9708645138759048,0.9689534474535217,1.0,0.9706887165042707,0.9658198075290365,0.9705547438419398,0.9742134950871472
2,8,2.1344673651637454,0.2269803168506961,4166,2.2775538989475796,0.18847539015606243,833,2.276232417625717,0.1896,0.9844413842967137,0.08362387379071116,,,0.8629859113217029,,0.8630159594659272,0.13698404053407276,0.921854990027312,0.14783961062281356,10,0.025,0.15,0.9699929022480622,0.9710673478469557,0.9646344148195448,0.971622945206441,0.9687671770810956,0.9678718256468182,0.9632291872806226,0.9706887165042707,1.0,0.9651139308809324,0.9673225784334142,0.9641524016791092
2,9,2.12139510530414,0.23526164186269805,4166,2.2776801926749095,0.19207683073229292,833,2.2766851956331275,0.1867,0.983792354335329,0.08238559458652685,,,0.55,,0.5500404350481095,0.4499595649518905,0.9184268519760459,0.14705405397761795,10,0.025,0.15,0.9686526771922599,0.9697273083916139,0.9648029192723593,0.9678764828090188,0.9617799105907108,0.9740491946430929,0.9648240624405342,0.9658198075290365,0.9651139308809324,1.0,0.9700966450639856,0.9649702305587831
2,10,2.1512022477207764,0.2257801248199712,4166,2.27637825693403,0.1836734693877551,833,2.276229164268397,0.1897,0.9869759179021131,0.08368091432613341,,,0.8774034061008134,,0.8774487960258124,0.12255120397418762,0.9218333054343356,0.147851314710051,10,0.025,0.15,0.9731072714028894,0.9728485090325775,0.9679740982555374,0.9711574396192781,0.968952921692162,0.9725958414585301,0.9684943803885725,0.9705547438419398,0.9673225784334142,0.9700966450639856,1.0,0.971469789496477
2,11,2.146321249730659,0.2344455112818051,4166,2.2769252913338796,0.1716686674669868,833,2.2762273595302918,0.1896,0.9864833997745951,0.08375149533142975,,,0.8952433732019575,,0.8952979815484148,0.10470201845158522,0.9218997177517391,0.14785382562535326,10,0.025,0.15,0.9735078711490393,0.9654949592723856,0.9731573974525579,0.9734210930943282,0.97087270631325,0.9682172435707771,0.9690931196095874,0.9742134950871472,0.9641524016791092,0.9649702305587831,0.971469789496477,1.0
3,0,2.0736868645205644,0.25961123110151185,4167,2.2544991288866316,0.2565947242206235,834,2.257658644567562,0.2269,0.9847399103019607,0.08361591211259166,,,0.8863779674695543,,0.8864187750656038,0.11358122493439615,0.9676681732362932,0.1473114268898329,10,0.025,0.15,1.0,0.9670260000684467,0.9623688731791862,0.9638496097157202,0.9630889277628936,0.9630926058383535,0.9615450428725391,0.9685453571899866,0.9631333913698303,0.9616967651747522,0.9647042744265059,0.9665593172401572
3,1,2.073731491059968,0.2627069834413247,4167,2.257550137383597,0.24820143884892087,834,2.257720645469955,0.2266,0.980241486981711,0.08328078902885258,,,0.7603128382862973,,0.7603604495717186,0.23963955042828144,0.9671910137683165,0.1471804821287175,10,0.025,0.15,0.9670260000684467,1.0,0.9506774924314091,0.9600612785726307,0.9525763013392382,0.9646437290878518,0.9492758934175907,0.9618776357620824,0.9626785991887925,0.9625349305950082,0.96345622782528,0.9579243122581316
3,2,2.0840340451760726,0.25207583393328536,4167,2.265057393482753,0.18105515587529977,834,2.2577015086065364,0.2264,0.9792503624814273,0.08328226068644179,,,0.7608664399720633,,0.7609215890148702,0.23907841098512983,0.9671477162485386,0.14718145228217752,10,0.025,0.15,0.9623688731791862,0.9506774924314091,1.0,0.9623885272741758,0.9578894550172206,0.9574219706516466,0.9534281075169926,0.9624158568563839,0.9562921719412881,0.9573243111513685,0.9585917704464171,0.962157727701029
3,3,2.0593756292805527,0.2634029277657787,4167,2.256222758974348,0.23980815347721823,834,2.2576292798488953,0.227,0.9843116476278005,0.0839179573017961,,,0.9999999996238245,,1.0,0.0,0.9679678337495798,0.14732053784004015,10,0.025,0.15,0.9638496097157202,0.9600612785726307,0.9623885272741758,1.0,0.9649397274674917,0.9636711983947015,0.9615884040280543,0.967594408302214,0.9648833690992117,0.9612985152832483,0.9647214901012044,0.9653419100076638
3,4,2.06203481500799,0.25874730021598275,4167,2.2536092485700334,0.23529411764705882,833,2.257723600049562,0.2264,0.9814547253091966,0.08331369767685762,,,0.772692268899413,,0.7727302734729581,0.22726972652704192,0.9672750238205099,0.1471943068284366,10,0.025,0.15,0.9630889277628936,0.9525763013392382,0.9578894550172206,0.9649397274674917,1.0,0.9620305642154457,0.9612036245520276,0.9607139833686069,0.9636193186838944,0.958379328233669,0.9615712225634558,0.9609836268678655
3,5,2.072462783799027,0.2662347012239021,4167,2.2559290613446916,0.234093637454982,833,2.2580438052551655,0.2272,0.9836166886472528,0.08304055591883074,,,0.6699430024901483,,0.6699839910217689,0.33001600897823113,0.9653176844818987,0.14691973923248358,10,0.025,0.15,0.9630926058383535,0.9646437290878518,0.9574219706516466,0.9636711983947015,0.9620305642154457,1.0,0.9599278786421136,0.9667861709518729,0.9628358157081962,0.96660442684872,0.9626266807559688,0.9631907983960756
3,6,2.069560846415433,0.2596352291816655,4167,2.254755905696324,0.21248499399759904,833,2.258050363275069,0.2273,0.9789795181737087,0.08289722987469672,,,0.61602724095118,,0.6160650921754056,0.3839349078245944,0.9650743908213976,0.14668761945685574,10,0.025,0.15,0.9615450428725391,0.9492758934175907,0.9534281075169926,0.9615884040280543,0.9612036245520276,0.9599278786421136,1.0,0.9603973444090897,0.9552908858110535,0.9595829240967414,0.959758121512121,0.9561826077296193
3,7,2.0800445733648356,0.2615310775137989,4167,2.2594234262193953,0.21968787515006002,833,2.257815237286725,0.226,0.9847912026943509,0.08326163136168153,,,0.7531061912245025,,0.7531564093677279,0.24684359063227213,0.9665209800231432,0.14717143298361254,10,0.025,0.15,0.9685453571899866,0.9618776357620824,0.9624158568563839,0.967594408302214,0.9607139833686069,0.9667861709518729,0.9603973444090897,1.0,0.9641603913540854,0.9617649454438902,0.9648636392223747,0.967286114680292
3,8,2.058338942672267,0.2631301008161306,4166,2.258823667253767,0.234093637454982,833,2.257661937158319,0.2271,0.9817382341396049,0.08349981278294753,,,0.8427042317591497,,0.8427406710567577,0.15725932894324235,0.9676848558905097,0.14728740058875014,10,0.025,0.15,0.9631333913698303,0.9626785991887925,0.9562921719412881,0.9648833690992117,0.9636193186838944,0.9628358157081962,0.9552908858110535,0.9641603913540854,1.0,0.961044761133837,0.9604153381151106,0.9558964310509667
3,9,2.0460856408783883,0.2746519443110898,4166,2.2593437944139754,0.22809123649459784,833,2.2586198396320585,0.2256,0.98131110059348,0.08272170748605762,,,0.55,,0.5500404350481095,0.4499595649518905,0.962039464031717,0.14622084864007176,10,0.025,0.15,0.9616967651747522,0.9625349305950082,0.9573243111513685,0.9612985152832483,0.958379328233669,0.96660442684872,0.9595829240967414,0.9617649454438902,0.961044761133837,1.0,0.9605714201895458,0.9550826107946675
3,10,2.0742597236777796,0.25960153624579935,4166,2.25767149244036,0.21368547418967587,833,2.257654184027563,0.227,0.9830310033885472,0.08357700924565069,,,0.8717436579144091,,0.8717878892904887,0.12821211070951133,0.9676977674747458,0.14729720963872425,10,0.025,0.15,0.9647042744265059,0.96345622782528,0.9585917704464171,0.9647214901012044,0.9615712225634558,0.9626266807559688,0.959758121512121,0.9648636392223747,0.9604153381151106,0.9605714201895458,1.0,0.9641558659307295
3,11,2.0723435203234355,0.25916946711473837,4166,2.2583626338413785,0.2184873949579832,833,2.2576487939569017,0.2271,0.9821341166957636,0.08359143652359524,,,0.8771708479412799,,0.8772094865574095,0.12279051344259051,0.9677715509572862,0.14730966935851902,10,0.025,0.15,0.9665593172401572,0.9579243122581316,0.962157727701029,0.9653419100076638,0.9609836268678655,0.9631907983960756,0.9561826077296193,0.967286114680292,0.9558964310509667,0.9550826107946675,0.9641558659307295,1.0
4,0,2.015224022215063,0.28180945524358053,4167,2.229332378932408,0.2745803357314149,834,2.2338410631010803,0.2611,0.9823119505364502,0.08359563852312797,,,1.0,,1.0,0.0,0.9810103242900039,0.146942594283512,10,0.025,0.15,1.0,0.9610889946231684,0.9601127195718082,0.9569266640528985,0.9546869898589802,0.9594988185996053,0.9557946228285037,0.9624006882790741,0.95819998482101,0.9566466793122352,0.960249234211118,0.9617085158503873
4,1,2.017896795995308,0.2845692344612431,4167,2.2342765671866283,0.26019184652278177,834,2.233915736403646,0.2613,0.9771919787618911,0.08322213260674954,,,1.0,,1.0,0.0,0.979893291967636,0.146942594283512,10,0.025,0.15,0.9610889946231684,1.0,0.9461732139352051,0.9512603880311012,0.944405036364776,0.9586933101416909,0.9459562010375059,0.9548507065058222,0.957830471878847,0.9545947107538116,0.9594609244934857,0.9529521576617296
4,2,2.0210127555962765,0.2733621310295176,4167,2.242856434413365,0.2434052757793765,834,2.2338930202435843,0.2612,0.9772814787475992,0.08322595182607015,,,1.0,,1.0,0.0,0.979901099987821,0.146942594283512,10,0.025,0.15,0.9601127195718082,0.9461732139352051,1.0,0.9579177278529954,0.9508607654952868,0.9517542808194199,0.9489839484043895,0.9560782793998328,0.9513184073528993,0.9522217809206651,0.9545791172775264,0.9582611032825685
4,3,2.0033236424128216,0.28188144948404126,4167,2.231361593518938,0.27218225419664266,834,2.233800115464609,0.2618,0.9817187238599048,0.08376294696207817,,,1.0,,1.0,0.0,0.9810558211491768,0.146942594283512,10,0.025,0.15,0.9569266640528985,0.9512603880311012,0.9579177278529954,1.0,0.9584114388708257,0.9595457715784907,0.9569400997924149,0.9626784909327833,0.9605880623693854,0.9574027682762347,0.958266414395132,0.9602571472096965
4,4,2.0073991854985556,0.2772258219342453,4167,2.229393584387643,0.2605042016806723,833,2.233924548837203,0.2618,0.9777240946337307,0.08325976442241749,,,1.0,,1.0,0.0,0.980021411041863,0.146942594283512,10,0.025,0.15,0.9546869898589802,0.944405036364776,0.9508607654952868,0.9584114388708257,1.0,0.9576208711614038,0.955153227105534,0.9540239730311867,0.9584439179464411,0.9536541570676291,0.9525774815615634,0.95368932307899
4,5,2.0145389835039773,0.2874970002399808,4167,2.232540096555437,0.24969987995198079,833,2.23440958880171,0.2598,0.9817736798573143,0.08322269420000793,,,1.0,,1.0,0.0,0.978022269968924,0.146942594283512,10,0.025,0.15,0.9594988185996053,0.9586933101416909,0.9517542808194199,0.9595457715784907,0.9576208711614038,1.0,0.9560031208862406,0.9610089380384284,0.9574201767829169,0.9601934365949453,0.9590323946447465,0.9605052857655032
4,6,2.014135606722398,0.2795296376289897,4167,2.2297961030687605,0.25690276110444177,833,2.234419644633426,0.2602,0.9768842106154039,0.08297517106509146,,,1.0,,1.0,0.0,0.9761626337712975,0.146942594283512,10,0.025,0.15,0.9557946228285037,0.9459562010375059,0.9489839484043895,0.9569400997924149,0.955153227105534,0.9560031208862406,1.0,0.9536718568884727,0.9516323608966031,0.9558217300153555,0.9533591150484255,0.9505990556296519
4,7,2.0200388330401795,0.2838252939764819,4167,2.236306701387678,0.26290516206482595,833,2.2340610691263705,0.2613,0.9814183658581355,0.08334771692551723,,,1.0,,1.0,0.0,0.9798062043185906,0.146942594283512,10,0.025,0.15,0.9624006882790741,0.9548507065058222,0.9560782793998328,0.9626784909327833,0.9540239730311867,0.9610089380384284,0.9536718568884727,1.0,0.9581431264119357,0.9542031119692158,0.9575146165275751,0.9623310513502021
4,8,1.9997446432258144,0.2861977916466635,4166,2.234950678689139,0.25690276110444177,833,2.233845795257182,0.2611,0.9798875598521726,0.08344508663997763,,,1.0,,1.0,0.0,0.9808239133418613,0.146942594283512,10,0.025,0.15,0.95819998482101,0.957830471878847,0.9513184073528993,0.9605880623693854,0.9584439179464411,0.9574201767829169,0.9516323608966031,0.9581431264119357,1.0,0.9574373252348584,0.9561381164902326,0.9517043139520318
4,9,1.9890234968879006,0.2958473355736918,4166,2.2358996186937605,0.26410564225690275,833,2.2352387874941284,0.2588,0.9786854506826795,0.08292530381840958,,,1.0,,1.0,0.0,0.9725142327069843,0.146942594283512,10,0.025,0.15,0.9566466793122352,0.9545947107538116,0.9522217809206651,0.9574027682762347,0.9536541570676291,0.9601934365949453,0.9558217300153555,0.9542031119692158,0.9574373252348584,1.0,0.9538551039011265,0.9491594266151896
4,10,2.0161326455347464,0.27974075852136343,4166,2.2335419995444163,0.25690276110444177,833,2.233833964866928,0.2612,0.9804051114242034,0.08350960495853224,,,1.0,,1.0,0.0,0.9809069154481488,0.146942594283512,10,0.025,0.15,0.960249234211118,0.9594609244934857,0.9545791172775264,0.958266414395132,0.9525774815615634,0.9590323946447465,0.9533591150484255,0.9575146165275751,0.9561381164902326,0.9538551039011265,1.0,0.959840794577957
4,11,2.013362661997477,0.27914066250600095,4166,2.2347142355782643,0.2737094837935174,833,2.233825903904589,0.2611,0.9800812645951467,0.08350798805202055,,,1.0,,1.0,0.0,0.9809746530005669,0.146942594283512,10,0.025,0.15,0.9617085158503873,0.9529521576617296,0.9582611032825685,0.9602571472096965,0.95368932307899,0.9605052857655032,0.9505990556296519,0.9623310513502021,0.9517043139520318,0.9491594266151896,0.959840794577957,1.0
5,0,1.9648184462027116,0.2983921286297096,4167,2.1995226315089633,0.3057553956834532,834,2.2054015171678762,0.285,0.981149513914996,0.08361005526553467,,,1.0,,1.0,0.0,0.9860288919035024,0.14664492109965394,10,0.025,0.15,1.0,0.9580339938800875,0.9549453861020978,0.9539099965725735,0.9531763756505447,0.9554792826353563,0.9500390899403492,0.9608419579139066,0.9566939419232394,0.9553232710857256,0.9550768093786721,0.9567675064313925
5,1,1.9675544930226876,0.29798416126709865,4167,2.206505400793893,0.2733812949640288,834,2.2054895207851746,0.2852,0.9758799325215735,0.08320766119317102,,,1.0,,1.0,0.0,0.9860288919035024,0.14664492109965394,10,0.025,0.15,0.9580339938800875,1.0,0.9411617122544146,0.9481105290867377,0.9397830414215901,0.9557097308890875,0.942511278240346,0.9526058739796378,0.9544088000421527,0.9525874941940371,0.9542423526686113,0.9494767109130795
5,2,1.9721167838934697,0.2914086873050156,4167,2.216047866003854,0.2685851318944844,834,2.20546295974828,0.285,0.9751307536884356,0.08318564428701547,,,1.0,,1.0,0.0,0.9860288919035024,0.14664492109965394,10,0.025,0.15,0.9549453861020978,0.9411617122544146,1.0,0.9528223831446514,0.9483509549208671,0.9477476059606044,0.9433872115276973,0.9528466184777191,0.9468006522705963,0.9494115212840007,0.9498126018073579,0.9525368702734119
5,3,1.9536134304422321,0.29815214782817373,4167,2.2015420368739536,0.2973621103117506,834,2.2053435029862802,0.2852,0.9787951006233333,0.08363688264754826,,,1.0,,1.0,0.0,0.9860288919035024,0.14664492109965394,10,0.025,0.15,0.9539099965725735,0.9481105290867377,0.9528223831446514,1.0,0.9531934186968638,0.9551152893702115,0.9480789773908749,0.9581570388139102,0.9548691772449388,0.949992418561647,0.9533770479484135,0.9549072149019543
5,4,1.9586235031937107,0.29349652027837775,4167,2.2003164291381836,0.2893157262905162,833,2.2055044385451303,0.2861,0.9760666823329545,0.08323700414173159,,,1.0,,1.0,0.0,0.9860288919035024,0.14664492109965394,10,0.025,0.15,0.9531763756505447,0.9397830414215901,0.9483509549208671,0.9531934186968638,1.0,0.9553797134917367,0.9484829948638888,0.9505474948989444,0.9513438763095334,0.9509674255011457,0.9492457737799851,0.9503529762068561
5,5,1.9685318115985755,0.30463162946964245,4167,2.20479484966823,0.27490996398559425,833,2.206190724916096,0.2844,0.9802080520797987,0.08334884475672043,,,1.0,,1.0,0.0,0.9860288919035024,0.14664492109965394,10,0.025,0.15,0.9554792826353563,0.9557097308890875,0.9477476059606044,0.9551152893702115,0.9553797134917367,1.0,0.9507404548773821,0.9581423847687818,0.9533953395119061,0.956536080463558,0.9549994368017993,0.9561952507777604
5,6,1.9657269167177605,0.2939764818814495,4167,2.2000459943498885,0.27490996398559425,833,2.2062010855614385,0.2842,0.9732745177983894,0.08297019566126271,,,1.0,,1.0,0.0,0.9860288919035024,0.14664492109965394,10,0.025,0.15,0.9500390899403492,0.942511278240346,0.9433872115276973,0.9480789773908749,0.9484829948638888,0.9507404548773821,1.0,0.949746061737568,0.9444607906518687,0.9504256343027861,0.9455376436190555,0.9448866461786319
5,7,1.9691470850597728,0.297672186225102,4167,2.2084756578717912,0.2785114045618247,833,2.2056956442096567,0.2857,0.9805041955142608,0.08343577740948656,,,1.0,,1.0,0.0,0.9860288919035024,0.14664492109965394,10,0.025,0.15,0.9608419579139066,0.9526058739796378,0.9528466184777191,0.9581570388139102,0.9505474948989444,0.9581423847687818,0.949746061737568,1.0,0.9550372438466106,0.9499813837040402,0.9552244930711168,0.9596407896552839
5,8,1.9557991880359071,0.2991118578972636,4166,2.206601142883301,0.28691476590636256,833,2.2054106283791457,0.2851,0.9774769422929254,0.08339747056773004,,,1.0,,1.0,0.0,0.9860288919035024,0.14664492109965394,10,0.025,0.15,0.9566939419232394,0.9544088000421527,0.9468006522705963,0.9548691772449388,0.9513438763095334,0.9533953395119061,0.9444607906518687,0.9550372438466106,1.0,0.9539376173529875,0.950108199484813,0.9462033231170548
5,9,1.942347319198377,0.31125780124819974,4166,2.2081083910805837,0.28691476590636256,833,2.2072983120061176,0.2843,0.9771777670260337,0.08306637601926348,,,1.0,,1.0,0.0,0.9860288919035024,0.14664492109965394,10,0.025,0.15,0.9553232710857256,0.9525874941940371,0.9494115212840007,0.949992418561647,0.9509674255011457,0.956536080463558,0.9504256343027861,0.9499813837040402,0.9539376173529875,1.0,0.949041818239135,0.9458954410071773
5,10,1.9694817449107314,0.2959193470955353,4166,2.2046091556549072,0.2773109243697479,833,2.205391600162168,0.285,0.9779340808838389,0.08345223469805925,,,1.0,,1.0,0.0,0.9860288919035024,0.14664492109965394,10,0.025,0.15,0.9550768093786721,0.9542423526686113,0.9498126018073579,0.9533770479484135,0.9492457737799851,0.9549994368017993,0.9455376436190555,0.9552244930711168,0.950108199484813,0.949041818239135,1.0,0.9558941591009661
5,11,1.9613031495701183,0.29671147383581375,4166,2.206537587302072,0.297719087635054,833,2.20537873159481,0.2851,0.9779530827664803,0.0834518533524765,,,1.0,,1.0,0.0,0.9860288919035024,0.14664492109965394,10,0.025,0.15,0.9567675064313925,0.9494767109130795,0.9525368702734119,0.9549072149019543,0.9503529762068561,0.9561952507777604,0.9448866461786319,0.9596407896552839,0.9462033231170548,0.9458954410071773,0.9558941591009661,1.0
6,0,1.9220567714084278,0.31255099592032637,4167,2.1656531265803745,0.31774580335731417,834,2.1729344506806965,0.302,0.9787907559539107,0.08360359380507869,,,1.0,,1.0,0.0,0.9897752659426797,0.14636306013863465,10,0.025,0.15,1.0,0.9533682321262065,0.9521513896392012,0.950997473711414,0.9472355791368731,0.9501172258014985,0.9442255356528438,0.9557436773451332,0.9528017300055184,0.9514896068655825,0.950831350406611,0.9515461185088825
6,1,1.9286021308465437,0.31377489800815933,4167,2.174863815307617,0.29256594724220625,834,2.1730367956282217,0.3016,0.9741673256672959,0.08320407176819065,,,1.0,,1.0,0.0,0.9897752659426797,0.14636306013863465,10,0.025,0.15,0.9533682321262065,1.0,0.9390223632631807,0.9463068069699716,0.9362183892179575,0.9530836696106301,0.9369723123824678,0.9488452214653145,0.9496866621929055,0.9478830596365171,0.9507284211310721,0.9444405018099339
6,2,1.9309423573089368,0.30381569474442044,4167,2.18526748248509,0.2961630695443645,834,2.173006253906443,0.3016,0.9738719661476676,0.08318083164306847,,,1.0,,1.0,0.0,0.9897752659426797,0.14636306013863465,10,0.025,0.15,0.9521513896392012,0.9390223632631807,1.0,0.9504114626730221,0.9450508567956398,0.945040534280883,0.9385940600825124,0.949912941803074,0.9440112809590957,0.9453915285701829,0.945123344016362,0.948408903982568
6,3,1.9092611117796465,0.3108951283897288,4167,2.1675831249782016,0.3117505995203837,834,2.1728536207464675,0.3019,0.9779438464908428,0.08359261365820357,,,1.0,,1.0,0.0,0.9897752659426797,0.14636306013863465,10,0.025,0.15,0.950997473711414,0.9463068069699716,0.9504114626730221,1.0,0.9484307306240444,0.9532286101909846,0.9433186352774953,0.9536904275712336,0.9527671301563467,0.9489582246950427,0.9495947791249192,0.952848834959806
6,4,1.9167171044783158,0.30595152387808977,4167,2.1669393607548306,0.29891956782713086,833,2.1730573388594614,0.3021,0.9741149099939543,0.08322051973254709,,,1.0,,1.0,0.0,0.9897752659426797,0.14636306013863465,10,0.025,0.15,0.9472355791368731,0.9362183892179575,0.9450508567956398,0.9484307306240444,1.0,0.9539880592505425,0.9424807717728944,0.947001603896061,0.9484377925099352,0.9458333045761159,0.9457694604006129,0.9455222430416124
6,5,1.923404506481055,0.31648668106551475,4167,2.1731690679277693,0.30732292917166865,833,2.1739716469487056,0.3023,0.9788189512301418,0.0834428980406744,,,1.0,,1.0,0.0,0.9897752659426797,0.14636306013863465,10,0.025,0.15,0.9501172258014985,0.9530836696106301,0.945040534280883,0.9532286101909846,0.9539880592505425,1.0,0.94667994648965,0.9540127574737822,0.9502196900407496,0.9520216970468476,0.9513314442681025,0.9512736178424922
6,6,1.9251439806186792,0.30806335493160547,4167,2.1660730498177663,0.28691476590636256,833,2.1739797411085684,0.3023,0.9702902855320351,0.08293089815896332,,,1.0,,1.0,0.0,0.9897752659426797,0.14636306013863465,10,0.025,0.15,0.9442255356528438,0.9369723123824678,0.9385940600825124,0.9433186352774953,0.9424807717728944,0.94667994648965,1.0,0.9444000408679675,0.9413065241069178,0.9445830492569668,0.9395185833686405,0.9393328664292666
6,7,1.9253403385480246,0.3134389248860091,4167,2.1766248089926585,0.3025210084033613,833,2.173312609708762,0.3017,0.9782150553659426,0.08347701914291135,,,1.0,,1.0,0.0,0.9897752659426797,0.14636306013863465,10,0.025,0.15,0.9557436773451332,0.9488452214653145,0.949912941803074,0.9536904275712336,0.947001603896061,0.9540127574737822,0.9444000408679675,1.0,0.9506874133138834,0.943087061419346,0.9517257911920401,0.9547007523433667
6,8,1.9140037374062973,0.3129380700912146,4166,2.1743473325456892,0.2929171668667467,833,2.172951933703845,0.3016,0.9760166183502914,0.08338172889904653,,,1.0,,1.0,0.0,0.9897752659426797,0.14636306013863465,10,0.025,0.15,0.9528017300055184,0.9496866621929055,0.9440112809590957,0.9527671301563467,0.9484377925099352,0.9502196900407496,0.9413065241069178,0.9506874133138834,1.0,0.950521950618174,0.9442510375095623,0.943440868846574
6,9,1.897917917280486,0.32707633221315413,4166,2.176398651940482,0.3013205282112845,833,2.175363622134245,0.3022,0.9749416173047892,0.08314187087014345,,,1.0,,1.0,0.0,0.9897752659426797,0.14636306013863465,10,0.025,0.15,0.9514896068655825,0.9478830596365171,0.9453915285701829,0.9489582246950427,0.9458333045761159,0.9520216970468476,0.9445830492569668,0.943087061419346,0.950521950618174,1.0,0.9449168607303522,0.941095704645854
6,10,1.9275527589248889,0.31034565530484876,4166,2.171424320765904,0.3013205282112845,833,2.1729216515263423,0.3019,0.9759575787734427,0.08341368953810788,,,1.0,,1.0,0.0,0.9897752659426797,0.14636306013863465,10,0.025,0.15,0.950831350406611,0.9507284211310721,0.945123344016362,0.9495947791249192,0.9457694604006129,0.9513314442681025,0.9395185833686405,0.9517257911920401,0.9442510375095623,0.9449168607303522,1.0,0.9535899692684899
6,11,1.9185542984442276,0.31101776284205473,4166,2.174379961831229,0.31812725090036015,833,2.172901413108729,0.3022,0.9758596523476989,0.08341026474306458,,,1.0,,1.0,0.0,0.9897752659426797,0.14636306013863465,10,0.025,0.15,0.9515461185088825,0.9444405018099339,0.948408903982568,0.952848834959806,0.9455222430416124,0.9512736178424922,0.9393328664292666,0.9547007523433667,0.943440868846574,0.941095704645854,0.9535899692684899,1.0
7,0,1.8847351677490003,0.32375809935205185,4167,2.1285576479775563,0.33213429256594723,834,2.136980177480963,0.3161,0.9767610955602247,0.08358968029067639,,,1.0,,1.0,0.0,0.9926336521504031,0.14610501686709634,10,0.025,0.15,1.0,0.950325552523628,0.9485707922591896,0.9459726877471261,0.9426017362539861,0.9442030671408289,0.9431526647503263,0.9528026517321669,0.9480854056427985,0.9464871757559264,0.9464832719068289,0.9478971399876355
7,1,1.8860494097073872,0.32390208783297336,4167,2.1398909773145403,0.31414868105515587,834,2.137093142618107,0.316,0.9726089056347986,0.08320702340074511,,,1.0,,1.0,0.0,0.9926336521504031,0.14610501686709634,10,0.025,0.15,0.950325552523628,1.0,0.9364705095214431,0.9412476813023017,0.9338201433322735,0.9499437228241078,0.9364905990492863,0.9434098828582307,0.9458878923546431,0.9452795394086125,0.9467131482144177,0.9386631110332032
