round,client_id,client_i_training_loss,client_i_training_accuracy,client_i_training_dataset_size,client_i_evaluation_loss,client_i_evaluation_accuracy,client_i_evaluation_dataset_size,client_i_central_evaluation_loss,client_i_central_evaluation_accuracy,client_i_cosine_similarity,client_i_importance_coefficient,client_i_tanh_val,tanh_normalization_value,client_i_q,client_i_mask_order,client_i_v_nonzero_fraction,client_i_v_sparsity,client_i_v_cosine_similarity,client_i_reward_gradient_norm,local_epochs,learning_rate,gamma,client_0_cosine_similarity,client_1_cosine_similarity,client_2_cosine_similarity,client_3_cosine_similarity,client_4_cosine_similarity,client_5_cosine_similarity,client_6_cosine_similarity,client_7_cosine_similarity,client_8_cosine_similarity,client_9_cosine_similarity,client_10_cosine_similarity,client_11_cosine_similarity
0,0,2.211772368060555,0.33624,5000,2.2576689896760165,0.23980815347721823,834,2.2609791108213675,0.2334,0.996943619589068,0.08348456512058947,,,0.9364847298093029,,0.9364978107692754,0.06350218923072459,0,0.09951357406698087,5,0.001,0.1,1.0,0.9771239109501906,0.9938119406358824,0.9892885482261119,0.9945063085851568,0.9942188133175707,0.993798068726192,0.9949439979423831,0.9908208323223746,0.9927400446377085,0.9921402143482969,0.9917610358392672
0,1,2.2171622176079233,0.3124,5000,2.2583399702001503,0.2302158273381295,834,2.261103239303199,0.2325,0.9849668937389019,0.08248162801409414,,,0.55,,0.5500188476817351,0.44998115231826485,0,0.09937718916250188,5,0.001,0.1,0.9771239109501906,1.0,0.9792411052980916,0.9774966392660428,0.9791707417059499,0.9765689570004453,0.9740510891268173,0.9795935370840627,0.9816806125064922,0.9736092837202529,0.9814308245704043,0.9821651247637299
0,2,2.2107644567064417,0.32204,5000,2.2552339412547924,0.26139088729016785,834,2.260979094825233,0.2334,0.9965951164669951,0.08345538129211838,,,0.9252386566623412,,0.9252616928117842,0.07473830718821584,0,0.09951354003601913,5,0.001,0.1,0.9938119406358824,0.9792411052980916,1.0,0.9924266708384472,0.9933672412810787,0.9923883382657572,0.9883823880049811,0.9945108054801748,0.9931246377813348,0.9926345152109866,0.9937193720368066,0.987384997754631
0,3,2.211268507902789,0.32108,5000,2.2618519994947643,0.2290167865707434,834,2.260978723105531,0.2334,0.9950593358935741,0.08332677424677158,,,0.8756795578409615,,0.875706788065068,0.12429321193493204,0,0.09951298923288446,5,0.001,0.1,0.9892885482261119,0.9774966392660428,0.9924266708384472,1.0,0.9910533880614839,0.989769167736184,0.9865578555740239,0.9929149680760717,0.9928421576824854,0.9912380580953087,0.9931427958578521,0.985922006688446
0,4,2.2111875695028123,0.3402,5000,2.257123099433051,0.23529411764705882,833,2.260979127579223,0.2334,0.9973624425560956,0.08351963756859734,,,0.9499999996146471,,0.95001498149061,0.04998501850938997,0,0.09951372191287834,5,0.001,0.1,0.9945063085851568,0.9791707417059499,0.9933672412810787,0.9910533880614839,1.0,0.9938499977452252,0.9918253855433559,0.9923570198123451,0.9929264608489696,0.9963424708106002,0.9906624236174484,0.9940937152585698
0,5,2.2125099898903233,0.32952,5000,2.265372046717891,0.22088835534213686,833,2.2609788358401945,0.2334,0.9963614401243526,0.08343581311648522,,,0.9176980032918922,,0.917717787378819,0.08228221262118096,0,0.09951349561144485,5,0.001,0.1,0.9942188133175707,0.9765689570004453,0.9923883382657572,0.989769167736184,0.9938499977452252,1.0,0.9924063678870187,0.9911848985671511,0.9921970855828849,0.9938207799557583,0.9899058449857486,0.9918912790575187
0,6,2.2107844188714485,0.35752,5000,2.264090061187744,0.2460984393757503,833,2.2609788647855815,0.2334,0.9947847585115738,0.08330378099732615,,,0.8668190423192951,,0.8668338794328297,0.13316612056717025,0,0.09951265904724754,5,0.001,0.1,0.993798068726192,0.9740510891268173,0.9883823880049811,0.9865578555740239,0.9918253855433559,0.9924063678870187,1.0,0.9906966672240264,0.9876649063913856,0.9924730617203067,0.9897250024038957,0.9917925545344924
0,7,2.2081010734959015,0.30328,5000,2.2568087666123002,0.24729891956782712,833,2.260979107012764,0.2334,0.9966087757484141,0.08345652512728291,,,0.9256794368684444,,0.9256966393133644,0.07430336068663557,0,0.09951354060165604,5,0.001,0.1,0.9949439979423831,0.9795935370840627,0.9945108054801748,0.9929149680760717,0.9923570198123451,0.9911848985671511,0.9906966672240264,1.0,0.9921876285268656,0.989880402730623,0.9956820639635378,0.9872031382140254
0,8,2.2135974161184517,0.32512,5000,2.2606971793704562,0.2424969987995198,833,2.260978812226853,0.2334,0.9961382277499117,0.08341712119886464,,,0.9104950184941207,,0.9105170064082118,0.08948299359178824,0,0.09951343541429257,5,0.001,0.1,0.9908208323223746,0.9816806125064922,0.9931246377813348,0.9928421576824854,0.9929264608489696,0.9921970855828849,0.9876649063913856,0.9921876285268656,1.0,0.9927670796628404,0.9914938808053995,0.9878307240349631
0,9,2.212403393702902,0.32756,5000,2.264278773908262,0.21248499399759904,833,2.260978866309023,0.2334,0.9962862137953495,0.0834295136254819,,,0.915270476119363,,0.9152917524477823,0.08470824755221773,0,0.09951344502359306,5,0.001,0.1,0.9927400446377085,0.9736092837202529,0.9926345152109866,0.9912380580953087,0.9963424708106002,0.9938207799557583,0.9924730617203067,0.989880402730623,0.9927670796628404,1.0,0.9888600291451098,0.9929374775321435
0,10,2.2110713442419745,0.30388,5000,2.261070145501031,0.22088835534213686,833,2.2609785570504184,0.2334,0.9958495499644124,0.08339294717446764,,,0.9011794879120226,,0.9011994857965804,0.09880051420341962,0,0.09951331259856817,5,0.001,0.1,0.9921402143482969,0.9814308245704043,0.9937193720368066,0.9931427958578521,0.9906624236174484,0.9899058449857486,0.9897250024038957,0.9956820639635378,0.9914938808053995,0.9888600291451098,1.0,0.9853262661255527
0,11,2.212797389364546,0.31548,5000,2.2647152035324662,0.2148859543817527,833,2.2609788685941847,0.2334,0.9946955725299413,0.08329631251792056,,,0.8639410420673761,,0.8639583997834933,0.1360416002165067,0,0.09951263723942134,5,0.001,0.1,0.9917610358392672,0.9821651247637299,0.987384997754631,0.985922006688446,0.9940937152585698,0.9918912790575187,0.9917925545344924,0.9872031382140254,0.9878307240349631,0.9929374775321435,0.9853262661255527,1.0
1,0,2.0931776938165068,0.42452,5000,2.202245562164872,0.3537170263788969,834,2.207114596717274,0.3451,0.9986260084065717,0.083447078971437,,,0.95,,0.95001498149061,0.04998501850938997,0.9634958442404926,0.09979781497115654,5,0.001,0.1,1.0,0.993850430813589,0.9967851481718253,0.9955932287370765,0.9969579005282452,0.9971789639889375,0.9966686228998627,0.9976358082253858,0.9954791864851212,0.995948483019929,0.996437204036376,0.9967141000378081
1,1,2.1020737696605125,0.40428,5000,2.2050876087612576,0.3273381294964029,834,2.2072831517972125,0.3448,0.9957605558486886,0.08273938718148109,,,0.95,,0.95001498149061,0.04998501850938997,0.961772090680226,0.09979781497115654,5,0.001,0.1,0.993850430813589,1.0,0.9924186749472788,0.9924397463447219,0.9926293179641335,0.9931515213979979,0.9926969099781586,0.9940032082544317,0.9940536102859632,0.9907616012909161,0.9945332094558649,0.9945014836071135
1,2,2.0910889769815335,0.40548,5000,2.202112312670107,0.3597122302158273,834,2.2071146195688947,0.3451,0.9980951211837482,0.08341203926231003,,,0.95,,0.95001498149061,0.04998501850938997,0.9634962708079295,0.09979781497115654,5,0.001,0.1,0.9967851481718253,0.9924186749472788,1.0,0.9967844735047173,0.9961560886413747,0.9965042476053891,0.9944057937542493,0.9966877479934112,0.995907485307822,0.9960984997884579,0.9963630030269717,0.9947685396012378
1,3,2.089601314751206,0.40084,5000,2.207713180118137,0.3441247002398082,834,2.2071149608197684,0.3451,0.9980801174632953,0.08333266941522635,,,0.95,,0.95001498149061,0.04998501850938997,0.9634749066023638,0.09979781497115654,5,0.001,0.1,0.9955932287370765,0.9924397463447219,0.9967844735047173,1.0,0.9964989166458523,0.996138308207475,0.9949250289309893,0.9966776298389532,0.9964667491848679,0.9960484996853015,0.9961617702078561,0.9949726246043217
1,4,2.089864235015432,0.421,5000,2.204279484572234,0.35414165666266506,833,2.2071144946467,0.3451,0.998537152252054,0.08346572326746393,,,0.95,,0.95001498149061,0.04998501850938997,0.9634993252448072,0.09979781497115654,5,0.001,0.1,0.9969579005282452,0.9926293179641335,0.9961560886413747,0.9964989166458523,1.0,0.9969965912615723,0.9963112623915834,0.9961828884545091,0.9962161343351085,0.9976914094113617,0.99576284643416,0.9967688350157391
1,5,2.0934101367452342,0.42124,5000,2.2113281974086054,0.3445378151260504,833,2.2071145746273735,0.3451,0.998494019826745,0.08341291424801932,,,0.95,,0.95001498149061,0.04998501850938997,0.9634895444531069,0.09979781497115654,5,0.001,0.1,0.9971789639889375,0.9931515213979979,0.9965042476053891,0.996138308207475,0.9969965912615723,1.0,0.9966148735209241,0.9961200383372992,0.9957952548387341,0.9970241913271106,0.9954777240884275,0.996662902902594
1,6,2.0915206877289303,0.44124,5000,2.2100500795576306,0.36494597839135656,833,2.2071155572470764,0.3452,0.9978821853858241,0.08331217581681799,,,0.95,,0.95001498149061,0.04998501850938997,0.9634625849774309,0.09979781497115654,5,0.001,0.1,0.9966686228998627,0.9926969099781586,0.9944057937542493,0.9949250289309893,0.9963112623915834,0.9966148735209241,1.0,0.9960478136702389,0.9950670543565894,0.9964153731003051,0.9953640640480613,0.9958280569443241
1,7,2.084911534133231,0.3834,5000,2.2031165758768716,0.3625450180072029,833,2.2071146256626606,0.3451,0.9983971382616006,0.08342249099747705,,,0.95,,0.95001498149061,0.04998501850938997,0.9634963238894164,0.09979781497115654,5,0.001,0.1,0.9976358082253858,0.9940032082544317,0.9966877479934112,0.9966776298389532,0.9961828884545091,0.9961200383372992,0.9960478136702389,1.0,0.9957555560895558,0.9946597373247916,0.997588387466086,0.995154465410207
1,8,2.092723339530313,0.41708,5000,2.207056098514133,0.3553421368547419,833,2.2071145479671492,0.3451,0.9979659204070807,0.08338440010655673,,,0.95,,0.95001498149061,0.04998501850938997,0.9634892940104491,0.09979781497115654,5,0.001,0.1,0.9954791864851212,0.9940536102859632,0.995907485307822,0.9964667491848679,0.9962161343351085,0.9957952548387341,0.9950670543565894,0.9957555560895558,1.0,0.9961974712512727,0.995185347818067,0.9952327971204923
1,9,2.0926552426283527,0.413,5000,2.2150260872311063,0.31092436974789917,833,2.2071145616781216,0.3451,0.997983767513866,0.08339257758465991,,,0.95,,0.95001498149061,0.04998501850938997,0.9634896620500485,0.09979781497115654,5,0.001,0.1,0.995948483019929,0.9907616012909161,0.9960984997884579,0.9960484996853015,0.9976914094113617,0.9970241913271106,0.9964153731003051,0.9946597373247916,0.9961974712512727,1.0,0.9940976050483654,0.9965908023916746
1,10,2.089746038625195,0.3912,5000,2.205700891989249,0.34093637454981995,833,2.207114703358172,0.3451,0.9979362666089141,0.08336861482774492,,,0.95,,0.95001498149061,0.04998501850938997,0.9634759049939129,0.09979781497115654,5,0.001,0.1,0.996437204036376,0.9945332094558649,0.9963630030269717,0.9961617702078561,0.99576284643416,0.9954777240884275,0.9953640640480613,0.997588387466086,0.995185347818067,0.9940976050483654,1.0,0.9940349193226755
1,11,2.0936833486435518,0.41492,5000,2.2112650076548257,0.3205282112845138,833,2.207115573243211,0.3452,0.9979544687037082,0.08330992832080564,,,0.95,,0.95001498149061,0.04998501850938997,0.9634625785396866,0.09979781497115654,5,0.001,0.1,0.9967141000378081,0.9945014836071135,0.9947685396012378,0.9949726246043217,0.9967688350157391,0.996662902902594,0.9958280569443241,0.995154465410207,0.9952327971204923,0.9965908023916746,0.9940349193226755,1.0
2,0,1.9403273324298251,0.47848,5000,2.135259743090029,0.42206235011990406,834,2.1417838567362044,0.4128,0.9989594147366351,0.08341314765485583,,,0.95,,0.95001498149061,0.04998501850938997,0.9882745380000888,0.09986471123077473,5,0.001,0.1,1.0,0.9960359307930058,0.9977467454168509,0.9970679717112034,0.9976614071397147,0.9979686654760737,0.9975620641459908,0.998223431854553,0.9966669987038846,0.9972016221876092,0.997399032880663,0.997762957089573
2,1,1.9529109716415405,0.46616,5000,2.1400493250952826,0.3980815347721823,834,2.142001736278351,0.4133,0.9974266986529701,0.0829297055391814,,,0.95,,0.95001498149061,0.04998501850938997,0.9882745380000888,0.09986471123077473,5,0.001,0.1,0.9960359307930058,1.0,0.9954494835131866,0.9952772937020906,0.9953854395778914,0.9959524725205064,0.9954203289692827,0.9960976717190323,0.9958513014610688,0.9945268992355549,0.9965918385357015,0.9963858796902734
2,2,1.9404456568371717,0.45812,5000,2.1376646801277444,0.4292565947242206,834,2.1417838399783493,0.4128,0.9987649264746408,0.08338538335467403,,,0.95,,0.95001498149061,0.04998501850938997,0.9882745380000888,0.09986471123077473,5,0.001,0.1,0.9977467454168509,0.9954494835131866,1.0,0.9976916820130503,0.9974892473612935,0.9976311982901577,0.99644764957882,0.9975776363009433,0.9969631083890854,0.9976001491058228,0.9974270633433726,0.9969392271835796
2,3,1.9351222042824812,0.4672,5000,2.141743306760435,0.407673860911271,834,2.141785077012766,0.4128,0.9987281788922667,0.08333552581321602,,,0.95,,0.95001498149061,0.04998501850938997,0.9882745380000888,0.09986471123077473,5,0.001,0.1,0.9970679717112034,0.9952772937020906,0.9976916820130503,1.0,0.9974224026172837,0.997549602378843,0.9965423678235771,0.9977942607101128,0.9971748254991248,0.9974983939762366,0.9973814649326194,0.9971244376411041
2,4,1.936295096585705,0.47796,5000,2.140152101163511,0.4261704681872749,833,2.141783649548174,0.4128,0.9988853653550931,0.08342219084838974,,,0.95,,0.95001498149061,0.04998501850938997,0.9882745380000888,0.09986471123077473,5,0.001,0.1,0.9976614071397147,0.9953854395778914,0.9974892473612935,0.9974224026172837,1.0,0.997914465023793,0.9971893260252827,0.9972675247460975,0.9966231022492603,0.9982379684916522,0.997322831847175,0.9978911447609063
2,5,1.9405032431244091,0.48432,5000,2.145668356506913,0.40816326530612246,833,2.141784094393063,0.4128,0.9990051418746428,0.0833936728596385,,,0.95,,0.95001498149061,0.04998501850938997,0.9882745380000888,0.09986471123077473,5,0.001,0.1,0.9979686654760737,0.9959524725205064,0.9976311982901577,0.997549602378843,0.997914465023793,1.0,0.9975776979808435,0.9974525518295432,0.9968154499436329,0.9977612688244164,0.9972875875670577,0.9979342346245309
2,6,1.936357472201062,0.50096,5000,2.144456483699657,0.43937575030012005,833,2.141786163988205,0.4128,0.9985591101595839,0.08331750195512377,,,0.95,,0.95001498149061,0.04998501850938997,0.9882745380000888,0.09986471123077473,5,0.001,0.1,0.9975620641459908,0.9954203289692827,0.99644764957882,0.9965423678235771,0.9971893260252827,0.9975776979808435,1.0,0.9974803686456176,0.9966473273123232,0.9974657394880435,0.9968236025124617,0.9973458427405258
2,7,1.9288487858073726,0.44684,5000,2.138201854847096,0.4225690276110444,833,2.1417838315994215,0.4128,0.9988961994982827,0.08339602944373306,,,0.95,,0.95001498149061,0.04998501850938997,0.9882745380000888,0.09986471123077473,5,0.001,0.1,0.998223431854553,0.9960976717190323,0.9975776363009433,0.9977942607101128,0.9972675247460975,0.9974525518295432,0.9974803686456176,1.0,0.9969048921092604,0.9965895381625544,0.9982143541825621,0.9969389795427304
2,8,1.9383498762823215,0.483,5000,2.1419463599169695,0.43937575030012005,833,2.1417840951547835,0.4128,0.9983597395301581,0.08335535696163604,,,0.95,,0.95001498149061,0.04998501850938997,0.9882745380000888,0.09986471123077473,5,0.001,0.1,0.9966669987038846,0.9958513014610688,0.9969631083890854,0.9971748254991248,0.9966231022492603,0.9968154499436329,0.9966473273123232,0.9969048921092604,1.0,0.997348738144572,0.996470696110982,0.9966498467701866
2,9,1.9404519152489437,0.48284,5000,2.155087956675777,0.37695078031212487,833,2.1417841050571527,0.4128,0.9987193022271964,0.08337197646127872,,,0.95,,0.95001498149061,0.04998501850938997,0.9882745380000888,0.09986471123077473,5,0.001,0.1,0.9972016221876092,0.9945268992355549,0.9976001491058228,0.9974983939762366,0.9982379684916522,0.9977612688244164,0.9974657394880435,0.9965895381625544,0.997348738144572,1.0,0.996273487271842,0.9979078877896614
2,10,1.9346359784436074,0.45636,5000,2.1392061886964022,0.39615846338535415,833,2.1417847784182515,0.4128,0.99866329581976,0.08335547431313944,,,0.95,,0.95001498149061,0.04998501850938997,0.9882745380000888,0.09986471123077473,5,0.001,0.1,0.997399032880663,0.9965918385357015,0.9974270633433726,0.9973814649326194,0.997322831847175,0.9972875875670577,0.9968236025124617,0.9982143541825621,0.996470696110982,0.996273487271842,1.0,0.996564412632015
2,11,1.9426072728102375,0.47692,5000,2.146430810292562,0.38895558223289317,833,2.1417861723671323,0.4128,0.9988042246065578,0.08332403479513326,,,0.95,,0.95001498149061,0.04998501850938997,0.9882745380000888,0.09986471123077473,5,0.001,0.1,0.997762957089573,0.9963858796902734,0.9969392271835796,0.9971244376411041,0.9978911447609063,0.9979342346245309,0.9973458427405258,0.9969389795427304,0.9966498467701866,0.9979078877896614,0.996564412632015,1.0
3,0,1.7759830367033649,0.528,5000,2.0552469889322915,0.4676258992805755,834,2.0634080819047678,0.4578,0.9990344323061837,0.08338817809739539,,,0.95,,0.95001498149061,0.04998501850938997,0.9949014467167976,0.09988499787517281,5,0.001,0.1,1.0,0.9966922731117273,0.9980363340948089,0.9975023493303091,0.9979138678893158,0.9980944331398495,0.9980210462024965,0.9982231345315455,0.9970878874784928,0.9976809329900957,0.9974333075473368,0.9979554228212152
3,1,1.7899435919561204,0.52408,5000,2.061716821458605,0.4520383693045564,834,2.0636817784355093,0.4582,0.9980216480681015,0.08305905808203755,,,0.95,,0.95001498149061,0.04998501850938997,0.9949014467167976,0.09988499787517281,5,0.001,0.1,0.9966922731117273,1.0,0.9966036165750546,0.9965539559098642,0.9964373141395775,0.9968422713818036,0.9964085225208682,0.996711832259522,0.9964904673798248,0.9959066361543097,0.9966639738339347,0.9972151905778753
3,2,1.7779358174390854,0.50536,5000,2.060361950485795,0.4784172661870504,834,2.063408006113558,0.4578,0.9990041234666571,0.08337017555998033,,,0.95,,0.95001498149061,0.04998501850938997,0.9949014467167976,0.09988499787517281,5,0.001,0.1,0.9980363340948089,0.9966036165750546,1.0,0.9981522275105676,0.9979042710305807,0.9979359673952516,0.9971477453358522,0.9978105032308522,0.9972113691492412,0.9980225137773888,0.9978458875435442,0.9976074026937908
3,3,1.7690022517161763,0.51684,5000,2.062460590291906,0.4460431654676259,834,2.063410081802466,0.4579,0.9990232658978064,0.08334022189263068,,,0.95,,0.95001498149061,0.04998501850938997,0.9949014467167976,0.09988499787517281,5,0.001,0.1,0.9975023493303091,0.9965539559098642,0.9981522275105676,1.0,0.9979241988976947,0.9978675502910422,0.9971443598014139,0.9980649397427842,0.9977918709277754,0.9978459687885126,0.997989975056618,0.997670996803102
3,4,1.7722978443097157,0.53716,5000,2.06291491455502,0.46338535414165666,833,2.0634077932126225,0.4578,0.9990369417920996,0.08339380415233727,,,0.95,,0.95001498149061,0.04998501850938997,0.9949014467167976,0.09988499787517281,5,0.001,0.1,0.9979138678893158,0.9964373141395775,0.9979042710305807,0.9979241988976947,1.0,0.9983105249272862,0.9976109265425536,0.9974786279644545,0.9970555030716289,0.9984323665478163,0.9975850201133029,0.9980170095013128
3,5,1.7774467437889925,0.53772,5000,2.0669359895918102,0.4561824729891957,833,2.0634085975896816,0.4578,0.999103654591076,0.0833784705936456,,,0.95,,0.95001498149061,0.04998501850938997,0.9949014467167976,0.09988499787517281,5,0.001,0.1,0.9980944331398495,0.9968422713818036,0.9979359673952516,0.9978675502910422,0.9983105249272862,1.0,0.9978727809300145,0.9977202243790685,0.9970504403842143,0.9980803861356145,0.9975262057921473,0.9981708939897154
3,6,1.7690551116967657,0.55016,5000,2.0658246411217585,0.4777911164465786,833,2.0634116410447385,0.4579,0.9988090096545283,0.08332225553245938,,,0.95,,0.95001498149061,0.04998501850938997,0.9949014467167976,0.09988499787517281,5,0.001,0.1,0.9980210462024965,0.9964085225208682,0.9971477453358522,0.9971443598014139,0.9976109265425536,0.9978727809300145,1.0,0.997889867202418,0.9974073065521802,0.9976385307724988,0.9972531044873713,0.9975469656639655
3,7,1.7629190996194342,0.50816,5000,2.0603754697022616,0.4729891956782713,833,2.0634079965920495,0.4578,0.9989665287461905,0.0833754902122364,,,0.95,,0.95001498149061,0.04998501850938997,0.9949014467167976,0.09988499787517281,5,0.001,0.1,0.9982231345315455,0.996711832259522,0.9978105032308522,0.9980649397427842,0.9974786279644545,0.9977202243790685,0.997889867202418,1.0,0.9974858031459204,0.9969805358041726,0.9981489784201212,0.9973138889196679
3,8,1.7719141616942777,0.53748,5000,2.0640939429954246,0.46938775510204084,833,2.0634085732146192,0.4578,0.9985804554858589,0.08333809131339488,,,0.95,,0.95001498149061,0.04998501850938997,0.9949014467167976,0.09988499787517281,5,0.001,0.1,0.9970878874784928,0.9964904673798248,0.9972113691492412,0.9977918709277754,0.9970555030716289,0.9970504403842143,0.9974073065521802,0.9974858031459204,1.0,0.9974659514484594,0.9971173167566598,0.9970393456474463
3,9,1.775906467893321,0.52688,5000,2.082697700571131,0.4297719087635054,833,2.0634085530290207,0.4578,0.9989086014304905,0.0833588720503235,,,0.95,,0.95001498149061,0.04998501850938997,0.9949014467167976,0.09988499787517281,5,0.001,0.1,0.9976809329900957,0.9959066361543097,0.9980225137773888,0.9978459687885126,0.9984323665478163,0.9980803861356145,0.9976385307724988,0.9969805358041726,0.9974659514484594,1.0,0.9969120933698025,0.9981645576791824
3,10,1.769028400767381,0.51544,5000,2.0597045995570995,0.43937575030012005,833,2.0634098723292733,0.4578,0.9987717666951398,0.08334433734477235,,,0.95,,0.95001498149061,0.04998501850938997,0.9949014467167976,0.09988499787517281,5,0.001,0.1,0.9974333075473368,0.9966639738339347,0.9978458875435442,0.997989975056618,0.9975850201133029,0.9975262057921473,0.9972531044873713,0.9981489784201212,0.9971173167566598,0.9969120933698025,1.0,0.9970194186856605
3,11,1.7783313506727765,0.53336,5000,2.068665102676109,0.43937575030012005,833,2.063411637236135,0.4579,0.9989572432788352,0.08333104516878659,,,0.95,,0.95001498149061,0.04998501850938997,0.9949014467167976,0.09988499787517281,5,0.001,0.1,0.9979554228212152,0.9972151905778753,0.9976074026937908,0.997670996803102,0.9980170095013128,0.9981708939897154,0.9975469656639655,0.9973138889196679,0.9970393456474463,0.9981645576791824,0.9970194186856605,1.0
4,0,1.6242578561898249,0.57484,5000,1.9620542879457827,0.5203836930455635,834,1.9718754554328066,0.5036,0.9990040028650641,0.08336918339480028,,,0.95,,0.95001498149061,0.04998501850938997,0.9971146190720693,0.0998932659547781,5,0.001,0.1,1.0,0.9968816459895142,0.9981142319228522,0.9977303480649946,0.9978453007928985,0.997936467737003,0.9981526801252908,0.9980524099871008,0.9972425030375938,0.9977583072207828,0.997675927925565,0.9978903444184505
4,1,1.638292408141361,0.57148,5000,1.9702636577464916,0.5,834,1.9722026030476483,0.5038,0.9983638787482909,0.0831467238136377,,,0.95,,0.95001498149061,0.04998501850938997,0.9971146190720693,0.0998932659547781,5,0.001,0.1,0.9968816459895142,1.0,0.9972490316201759,0.9970035325645609,0.9971087353106058,0.9971767035192178,0.9970002710807802,0.9970672031196225,0.9970321255125966,0.9965728995390589,0.9972300504500551,0.997299124335087
4,2,1.6276691726818207,0.5532,5000,1.9702870801643089,0.5143884892086331,834,1.971875261194028,0.5036,0.9991255987274993,0.08336206909623371,,,0.95,,0.95001498149061,0.04998501850938997,0.9971146190720693,0.0998932659547781,5,0.001,0.1,0.9981142319228522,0.9972490316201759,1.0,0.9982624314358884,0.9980661177753137,0.9980171648508933,0.9975209474888621,0.9978680271929091,0.9976213400876225,0.9983035957661774,0.997798627242246,0.9979174224333894
4,3,1.6163417561798339,0.56104,5000,1.9697235072100605,0.49280575539568344,834,1.971878156875269,0.5035,0.9990769662649186,0.08334213339035076,,,0.95,,0.95001498149061,0.04998501850938997,0.9971146190720693,0.0998932659547781,5,0.001,0.1,0.9977303480649946,0.9970035325645609,0.9982624314358884,1.0,0.9981351075538848,0.9980136162852564,0.9974451070599695,0.9980435304109562,0.9976814806261128,0.9980105925987297,0.9978117230702798,0.9980185088886299
4,4,1.6195418667641415,0.57784,5000,1.9723429459112662,0.5210084033613446,833,1.9718750894260102,0.5036,0.9990865162878573,0.08337529586487614,,,0.95,,0.95001498149061,0.04998501850938997,0.9971146190720693,0.0998932659547781,5,0.001,0.1,0.9978453007928985,0.9971087353106058,0.9980661177753137,0.9981351075538848,1.0,0.9982318177938163,0.9977911653701594,0.9976410464715314,0.9973366989688225,0.9983423871214768,0.9978067536131899,0.9979645330359086
4,5,1.6254614532373513,0.57992,5000,1.9752058011514169,0.4969987995198079,833,1.9718762506692173,0.5036,0.9990636097366976,0.08336515477616659,,,0.95,,0.95001498149061,0.04998501850938997,0.9971146190720693,0.0998932659547781,5,0.001,0.1,0.997936467737003,0.9971767035192178,0.9980171648508933,0.9980136162852564,0.9982318177938163,1.0,0.9978864745486785,0.9976391519399682,0.9972421495627407,0.9979723435491754,0.9977983053871765,0.9980815401208384
4,6,1.6160328127016688,0.59372,5000,1.9739533044673778,0.5090036014405762,833,1.9718803479648626,0.5035,0.9989308220359375,0.08332640093541901,,,0.95,,0.95001498149061,0.04998501850938997,0.9971146190720693,0.0998932659547781,5,0.001,0.1,0.9981526801252908,0.9970002710807802,0.9975209474888621,0.9974451070599695,0.9977911653701594,0.9978864745486785,1.0,0.9979979425192609,0.9975950282566571,0.9978837266947742,0.9973931824367976,0.9977386128611372
4,7,1.6101990490961986,0.56312,5000,1.9693341255187988,0.5090036014405762,833,1.9718752619557487,0.5036,0.9989765944504885,0.08336051923531757,,,0.95,,0.95001498149061,0.04998501850938997,0.9971146190720693,0.0998932659547781,5,0.001,0.1,0.9980524099871008,0.9970672031196225,0.9978680271929091,0.9980435304109562,0.9976410464715314,0.9976391519399682,0.9979979425192609,1.0,0.9977876169909221,0.9973555951901202,0.9980574491240346,0.9974429518091004
4,8,1.6179791892410085,0.58452,5000,1.9735824796888564,0.5078031212484994,833,1.9718760998485187,0.5036,0.9987339491299081,0.08332975738124791,,,0.95,,0.95001498149061,0.04998501850938997,0.9971146190720693,0.0998932659547781,5,0.001,0.1,0.9972425030375938,0.9970321255125966,0.9976213400876225,0.9976814806261128,0.9973366989688225,0.9972421495627407,0.9975950282566571,0.9977876169909221,1.0,0.9978434769975592,0.9972572701799736,0.9974064777811275
4,9,1.6244525217706232,0.57052,5000,1.99776765593776,0.4909963985594238,833,1.9718760910887307,0.5036,0.9990134857267109,0.08335152024209097,,,0.95,,0.95001498149061,0.04998501850938997,0.9971146190720693,0.0998932659547781,5,0.001,0.1,0.9977583072207828,0.9965728995390589,0.9983035957661774,0.9980105925987297,0.9983423871214768,0.9979723435491754,0.9978837266947742,0.9973555951901202,0.9978434769975592,1.0,0.9971654272094483,0.9981851315778798
4,10,1.6169613937663425,0.56444,5000,1.9673056249265317,0.49939975990396157,833,1.9718781492580622,0.5036,0.9988419204198858,0.08333707155374045,,,0.95,,0.95001498149061,0.04998501850938997,0.9971146190720693,0.0998932659547781,5,0.001,0.1,0.997675927925565,0.9972300504500551,0.997798627242246,0.9978117230702798,0.9978067536131899,0.9977983053871765,0.9973931824367976,0.9980574491240346,0.9972572701799736,0.9971654272094483,1.0,0.9973451986456765
4,11,1.6275214465560428,0.58132,5000,1.9780125706284135,0.4849939975990396,833,1.9718803502500248,0.5035,0.9990045704696068,0.08333417031611882,,,0.95,,0.95001498149061,0.04998501850938997,0.9971146190720693,0.0998932659547781,5,0.001,0.1,0.9978903444184505,0.997299124335087,0.9979174224333894,0.9980185088886299,0.9979645330359086,0.9980815401208384,0.9977386128611372,0.9974429518091004,0.9974064777811275,0.9981851315778798,0.9973451986456765,1.0
5,0,1.490645103697564,0.60668,5000,1.8569426183347348,0.5575539568345323,834,1.8685712246849133,0.546,0.9988831138676756,0.08335566525359517,,,0.95,,0.95001498149061,0.04998501850938997,0.9975582235482339,0.09988692832547999,5,0.001,0.1,1.0,0.9968431707763273,0.9978985090968656,0.9974849502976372,0.9974406792242113,0.997739934660256,0.9978110879505308,0.9979336532940172,0.9972367681390977,0.9975228550323996,0.9974458802428522,0.9977207719428887
5,1,1.5057552516840067,0.607,5000,1.8668616391994335,0.5335731414868106,834,1.8689497149409577,0.5459,0.9983602083713086,0.08320238422651091,,,0.95,,0.95001498149061,0.04998501850938997,0.9975582235482339,0.09988692832547999,5,0.001,0.1,0.9968431707763273,1.0,0.9972461378172999,0.9970121697530815,0.9968308757581312,0.9967829790476879,0.9971252187830625,0.9968271778955177,0.9970433908480846,0.9968548884632886,0.9969632122448234,0.9972910911317994
5,2,1.495994351320206,0.58988,5000,1.8685600801750466,0.5575539568345323,834,1.8685709458951372,0.546,0.9990695304888231,0.08335731903838556,,,0.95,,0.95001498149061,0.04998501850938997,0.9975582235482339,0.09988692832547999,5,0.001,0.1,0.9978985090968656,0.9972461378172999,1.0,0.9982487847546055,0.997929959540637,0.9979782903005655,0.997345977916043,0.9976390964997518,0.997443450402074,0.9981592170200185,0.9976250043240533,0.9977988916899884
5,3,1.4823482055572947,0.59404,5000,1.8647916228682906,0.5371702637889688,834,1.868574767447889,0.5461,0.9990445864175533,0.08334429004483454,,,0.95,,0.95001498149061,0.04998501850938997,0.9975582235482339,0.09988692832547999,5,0.001,0.1,0.9974849502976372,0.9970121697530815,0.9982487847546055,1.0,0.9980677476333332,0.9978509396558516,0.9972383263271215,0.9979036127805135,0.9978598526551996,0.9978244925034943,0.9975967359965454,0.9979267638069074
5,4,1.485029567958443,0.61416,5000,1.8696475426355998,0.5630252100840336,833,1.8685707893615333,0.546,0.9989599720300888,0.08336189362070082,,,0.95,,0.95001498149061,0.04998501850938997,0.9975582235482339,0.09988692832547999,5,0.001,0.1,0.9974406792242113,0.9968308757581312,0.997929959540637,0.9980677476333332,1.0,0.9980054636437337,0.9975801806480802,0.9973482441086332,0.9973634268807801,0.9980587214493388,0.9975915040022793,0.9977823792074171
5,5,1.493662789065367,0.62056,5000,1.8715069867946483,0.5618247298919568,833,1.8685723459377837,0.546,0.9989459423277592,0.08335522263153666,,,0.95,,0.95001498149061,0.04998501850938997,0.9975582235482339,0.09988692832547999,5,0.001,0.1,0.997739934660256,0.9967829790476879,0.9979782903005655,0.9978509396558516,0.9980054636437337,1.0,0.9976184516126217,0.9973167173474826,0.997293335461796,0.9979409315789455,0.9974175668995119,0.9978864610274437
5,6,1.4816751752689385,0.62268,5000,1.8702561060587566,0.553421368547419,833,1.8685776364689055,0.5461,0.998864280104138,0.08332882448846846,,,0.95,,0.95001498149061,0.04998501850938997,0.9975582235482339,0.09988692832547999,5,0.001,0.1,0.9978110879505308,0.9971252187830625,0.997345977916043,0.9972383263271215,0.9975801806480802,0.9976184516126217,1.0,0.9978183066503303,0.9975922250640508,0.9977909986205349,0.9972947031355276,0.9976389832999382
5,7,1.4768826075420258,0.60572,5000,1.8665177203990795,0.5546218487394958,833,1.8685709428482544,0.546,0.9988430702410963,0.08334906034912014,,,0.95,,0.95001498149061,0.04998501850938997,0.9975582235482339,0.09988692832547999,5,0.001,0.1,0.9979336532940172,0.9968271778955177,0.9976390964997518,0.9979036127805135,0.9973482441086332,0.9973167173474826,0.9978183066503303,1.0,0.997663166238667,0.9971430763691476,0.997762510274035,0.9972432425291761
5,8,1.4826073409645422,0.61848,5000,1.8717025650872126,0.5354141656662665,833,1.8685721421774966,0.546,0.9988020215533865,0.08332887334592552,,,0.95,,0.95001498149061,0.04998501850938997,0.9975582235482339,0.09988692832547999,5,0.001,0.1,0.9972367681390977,0.9970433908480846,0.997443450402074,0.9978598526551996,0.9973634268807801,0.997293335461796,0.9975922250640508,0.997663166238667,1.0,0.9978715955032299,0.9972697771175285,0.9974713480390718
5,9,1.4914296939874152,0.6052,5000,1.9017360828540943,0.5282112845138055,833,1.8685720987594165,0.546,0.9989852477181806,0.08334813080158857,,,0.95,,0.95001498149061,0.04998501850938997,0.9975582235482339,0.09988692832547999,5,0.001,0.1,0.9975228550323996,0.9968548884632886,0.9981592170200185,0.9978244925034943,0.9980587214493388,0.9979409315789455,0.9977909986205349,0.9971430763691476,0.9978715955032299,1.0,0.9971531763710039,0.9979828627853314
5,10,1.4838257594473043,0.60612,5000,1.8635173947722823,0.5522208883553421,833,1.8685749079853582,0.546,0.9987452913912693,0.08333152737919618,,,0.95,,0.95001498149061,0.04998501850938997,0.9975582235482339,0.09988692832547999,5,0.001,0.1,0.9974458802428522,0.9969632122448234,0.9976250043240533,0.9975967359965454,0.9975915040022793,0.9974175668995119,0.9972947031355276,0.997762510274035,0.9972697771175285,0.9971531763710039,1.0,0.9973076668321761
5,11,1.4954180730376274,0.61656,5000,1.8758237891727023,0.5198079231692677,833,1.8685776581779456,0.5461,0.9989640681032763,0.08333680882013746,,,0.95,,0.95001498149061,0.04998501850938997,0.9975582235482339,0.09988692832547999,5,0.001,0.1,0.9977207719428887,0.9972910911317994,0.9977988916899884,0.9979267638069074,0.9977823792074171,0.9978864610274437,0.9976389832999382,0.9972432425291761,0.9974713480390718,0.9979828627853314,0.9973076668321761,1.0
6,0,1.374800581613164,0.63724,5000,1.7426909826419972,0.5911270983213429,834,1.7559680733056113,0.5826,0.9988439107319333,0.08335122691965893,,,0.95,,0.95001498149061,0.04998501850938997,0.9977333254141328,0.0998710607299352,5,0.001,0.1,1.0,0.9964127957190329,0.9977280151350483,0.9974066244587919,0.9973914888814093,0.997582625789883,0.9976796556475845,0.9976450265232916,0.9967381295289229,0.9973869570921905,0.9971101780764902,0.9976273900714837
6,1,1.3906216949414296,0.63344,5000,1.7540144125620525,0.5839328537170264,834,1.756388426588747,0.5828,0.9981774354502365,0.08323572377356732,,,0.95,,0.95001498149061,0.04998501850938997,0.9977333254141328,0.0998710607299352,5,0.001,0.1,0.9964127957190329,1.0,0.9969898465085011,0.9966997846824226,0.9966816200736762,0.9965501324963083,0.9967106860875318,0.9963984112988848,0.9964754710315721,0.9966081553445166,0.9962384569722231,0.9969638442025217
6,2,1.3800895980968597,0.6192,5000,1.7578130342342235,0.5815347721822542,834,1.7559676977773062,0.5826,0.9988895562450879,0.08335371420398621,,,0.95,,0.95001498149061,0.04998501850938997,0.9977333254141328,0.0998710607299352,5,0.001,0.1,0.9977280151350483,0.9969898465085011,1.0,0.9978335435947581,0.9974967218595743,0.9977900250751249,0.996970575689686,0.997143284644369,0.9968754470832253,0.9978674822894278,0.9971499972222094,0.9974116929073894
6,3,1.3662365404663572,0.6258,5000,1.7505271787996646,0.580335731414868,834,1.7559724280628533,0.5826,0.998878488080061,0.0833453674985131,,,0.95,,0.95001498149061,0.04998501850938997,0.9977333254141328,0.0998710607299352,5,0.001,0.1,0.9974066244587919,0.9966997846824226,0.9978335435947581,1.0,0.9977471598558733,0.9974953626461904,0.9966992725475023,0.9976227247692843,0.9973592260007671,0.9974711816512284,0.9971150454080399,0.9976739998500349
6,4,1.3688024491261526,0.64476,5000,1.7570456796222262,0.602641056422569,833,1.7559675839000617,0.5826,0.9988422874445974,0.0833549938173308,,,0.95,,0.95001498149061,0.04998501850938997,0.9977333254141328,0.0998710607299352,5,0.001,0.1,0.9973914888814093,0.9966816200736762,0.9974967218595743,0.9977471598558733,1.0,0.9977398340254494,0.9971483884325527,0.9969541226152441,0.9968646125723213,0.9979182106733429,0.997248224189745,0.9974992800975981
6,5,1.3790627438551302,0.64344,5000,1.7585422462887235,0.5990396158463386,833,1.7559695034362257,0.5826,0.9988312367549402,0.08335054645841121,,,0.95,,0.95001498149061,0.04998501850938997,0.9977333254141328,0.0998710607299352,5,0.001,0.1,0.997582625789883,0.9965501324963083,0.9977900250751249,0.9974953626461904,0.9977398340254494,1.0,0.9972493676240829,0.9970585939930934,0.9967811872358352,0.9976347379418957,0.9971770448927785,0.9974982154106853
6,6,1.3653686067860598,0.6442,5000,1.75707682856807,0.5714285714285714,833,1.7559759963434725,0.5826,0.9986553356082549,0.08332868183472183,,,0.95,,0.95001498149061,0.04998501850938997,0.9977333254141328,0.0998710607299352,5,0.001,0.1,0.9976796556475845,0.9967106860875318,0.996970575689686,0.9966992725475023,0.9971483884325527,0.9972493676240829,1.0,0.9975286157580924,0.9970110849347444,0.9974585608986992,0.9968594624096103,0.9971349628477341
6,7,1.3623682384278364,0.64168,5000,1.75454048315684,0.5834333733493398,833,1.7559676935878425,0.5826,0.9986988701354415,0.08334249567630943,,,0.95,,0.95001498149061,0.04998501850938997,0.9977333254141328,0.0998710607299352,5,0.001,0.1,0.9976450265232916,0.9963984112988848,0.997143284644369,0.9976227247692843,0.9969541226152441,0.9970585939930934,0.9975286157580924,1.0,0.997334408408557,0.9969994818609983,0.9972936752510797,0.9969930075004746
6,8,1.3647944524789313,0.64972,5000,1.7607914297669023,0.5702280912364946,833,1.7559692356913996,0.5826,0.9985056121907001,0.08332387960098263,,,0.95,,0.95001498149061,0.04998501850938997,0.9977333254141328,0.0998710607299352,5,0.001,0.1,0.9967381295289229,0.9964754710315721,0.9968754470832253,0.9973592260007671,0.9968646125723213,0.9967811872358352,0.9970110849347444,0.997334408408557,1.0,0.9974366151067329,0.9968520900096285,0.9969280818921581
6,9,1.375142589572129,0.63304,5000,1.796775809040776,0.5690276110444178,833,1.7559691781814868,0.5826,0.9989007053891588,0.08334843972773005,,,0.95,,0.95001498149061,0.04998501850938997,0.9977333254141328,0.0998710607299352,5,0.001,0.1,0.9973869570921905,0.9966081553445166,0.9978674822894278,0.9974711816512284,0.9979182106733429,0.9976347379418957,0.9974585608986992,0.9969994818609983,0.9974366151067329,1.0,0.9968975256074566,0.997711077473521
6,10,1.3679200399453473,0.6342,5000,1.7505849334928725,0.595438175270108,833,1.7559727251339263,0.5826,0.9985250368569534,0.08332613399110408,,,0.95,,0.95001498149061,0.04998501850938997,0.9977333254141328,0.0998710607299352,5,0.001,0.1,0.9971101780764902,0.9962384569722231,0.9971499972222094,0.9971150454080399,0.997248224189745,0.9971770448927785,0.9968594624096103,0.9972936752510797,0.9968520900096285,0.9968975256074566,1.0,0.996946688831403
6,11,1.3807256450318985,0.64348,5000,1.7645046710968018,0.5618247298919568,833,1.7559760401424127,0.5826,0.9988170317436832,0.08333879649768436,,,0.95,,0.95001498149061,0.04998501850938997,0.9977333254141328,0.0998710607299352,5,0.001,0.1,0.9976273900714837,0.9969638442025217,0.9974116929073894,0.9976739998500349,0.9974992800975981,0.9974982154106853,0.9971349628477341,0.9969930075004746,0.9969280818921581,0.997711077473521,0.996946688831403,1.0
7,0,1.274303932402544,0.65884,5000,1.622700404237818,0.617505995203837,834,1.6371685833976672,0.6112,0.9985577593684184,0.0833476349906852,,,0.95,,0.95001498149061,0.04998501850938997,0.9981740900777629,0.09984507247453474,5,0.001,0.1,1.0,0.9956391028370283,0.997101267652383,0.9967487614925465,0.9968371127452053,0.9970095730352768,0.9972155818387224,0.9969059973547183,0.9960220230129311,0.9968467623518675,0.996759713866581,0.9970884883655831
7,1,1.2898474615850266,0.6494,5000,1.6346969251279477,0.6103117505995204,834,1.6376180325072414,0.6112,0.9978057801984743,0.08325252845459559,,,0.95,,0.95001498149061,0.04998501850938997,0.9981740900777629,0.09984507247453474,5,0.001,0.1,0.9956391028370283,1.0,0.9967741907445513,0.9959095552023861,0.9957942338296515,0.9957949921722111,0.9961632789376045,0.9953224422055424,0.9959011200886067,0.9959364742339758,0.9956763066663963,0.9962598765659864
7,2,1.2812791106047903,0.6436,5000,1.6410692267947726,0.6091127098321343,834,1.6371681080839504,0.6112,0.9987063743532927,0.08335395726902665,,,0.95,,0.95001498149061,0.04998501850938997,0.9981740900777629,0.09984507247453474,5,0.001,0.1,0.997101267652383,0.9967741907445513,1.0,0.9973742000552588,0.9968328812847209,0.9974172792552436,0.9964552560983997,0.9965630578871667,0.9964257927503243,0.9973626579823156,0.9966708689519654,0.9969785725247955
