round,client_id,client_i_training_loss,client_i_training_accuracy,client_i_training_dataset_size,client_i_evaluation_loss,client_i_evaluation_accuracy,client_i_evaluation_dataset_size,client_i_central_evaluation_loss,client_i_central_evaluation_accuracy,client_i_cosine_similarity,client_i_importance_coefficient,client_i_tanh_val,tanh_normalization_value,client_i_q,client_i_mask_order,client_i_v_nonzero_fraction,client_i_v_sparsity,client_i_v_cosine_similarity,client_i_reward_gradient_norm,local_epochs,learning_rate,gamma,client_0_cosine_similarity,client_1_cosine_similarity,client_2_cosine_similarity,client_3_cosine_similarity,client_4_cosine_similarity,client_5_cosine_similarity,client_6_cosine_similarity,client_7_cosine_similarity,client_8_cosine_similarity,client_9_cosine_similarity,client_10_cosine_similarity,client_11_cosine_similarity
0,0,0.3432588374965889,0.89372,5000,2.1831998030344644,0.41247002398081534,834,2.1820282631407912,0.4128,0.7797125356512462,0.08238012813389324,,,0.65,,0.650002509914161,0.349997490085839,0,0.39301930152268805,5,0.1,0.5,1.0,0.5744492683585567,0.5872467883176722,0.5781658720697705,0.5692841158819816,0.591792162670921,0.568026912827,0.5944481829445968,0.5823514110720109,0.576540975279197,0.5793527548224454,0.5781751626161746
0,1,0.339716130493885,0.89604,5000,2.1824940663796886,0.40047961630695444,834,2.1814553623382276,0.4137,0.7882100812177372,0.08327793195335656,,,0.7998021860071562,,0.7998092465237688,0.20019075347623116,0,0.394163425604741,5,0.1,0.5,0.5744492683585567,1.0,0.5854265607119387,0.6012061617121592,0.5775184278728956,0.5973095187350974,0.5777296930533967,0.5943838912617594,0.5770642531353019,0.5963300026380866,0.5993421667852465,0.579501347368752
0,2,0.34199635665270556,0.89108,5000,2.1777112395675093,0.43285371702637887,834,2.1814187921274204,0.4137,0.7903890986097123,0.08350815491855099,,,0.8382158156972042,,0.8382310124993725,0.16176898750062751,0,0.3942666881331181,5,0.1,0.5,0.5872467883176722,0.5854265607119387,1.0,0.5879921694331051,0.5903520123023653,0.5923492789461595,0.5835703539627259,0.594574210615163,0.589789850812001,0.5858782481158313,0.5993776097205301,0.584328200901353
0,3,0.3492486494314519,0.89212,5000,2.184350711328012,0.39448441247002397,834,2.18136999858454,0.4142,0.791838092817197,0.08366124765852874,,,0.8637599564251882,,0.8637718990010541,0.1362281009989459,0,0.39431011174956193,5,0.1,0.5,0.5781658720697705,0.6012061617121592,0.5879921694331051,1.0,0.5818212737661038,0.6051911277929239,0.5914671452147418,0.5951867886778962,0.5897350165029045,0.587088346881329,0.6000784762189338,0.5766673666463494
0,4,0.3388062279244327,0.8924,5000,2.183991237922951,0.43337334933973587,833,2.181999225585986,0.4131,0.7803713852885142,0.08244973855447443,,,0.6616147792489607,,0.6616334521359369,0.33836654786406306,0,0.3931718429630781,5,0.1,0.5,0.5692841158819816,0.5775184278728956,0.5903520123023653,0.5818212737661038,1.0,0.5909998051613695,0.5830166697769692,0.5853052582520039,0.5816092341716517,0.562223473313264,0.5845957285535257,0.5793434968417391
0,5,0.3296840591023967,0.89632,5000,2.17471150998716,0.4225690276110444,833,2.1813536261598143,0.4143,0.7978645710276149,0.084297972123598,,,0.9699999998331459,,0.9700015059484965,0.029998494051503455,0,0.3943666942794042,5,0.1,0.5,0.591792162670921,0.5973095187350974,0.5923492789461595,0.6051911277929239,0.5909998051613695,1.0,0.5941468144508139,0.5934869235164735,0.603518376091853,0.588121699275932,0.6080416222114915,0.5866819083251663
0,6,0.34437837392376486,0.89176,5000,2.1827700756214283,0.4009603841536615,833,2.1814973293401945,0.4135,0.7868001635023949,0.0831289678201185,,,0.7749469199546437,,0.7749510566738618,0.22504894332613823,0,0.3940688180480726,5,0.1,0.5,0.568026912827,0.5777296930533967,0.5835703539627259,0.5914671452147418,0.5830166697769692,0.5941468144508139,1.0,0.5945617263497405,0.5938257089069341,0.5824569980639426,0.5852979946092164,0.5928166638455865
0,7,0.3450900777106642,0.89116,5000,2.1917230906309904,0.42136854741896757,833,2.181345986101193,0.4144,0.796269611401833,0.08412945748219809,,,0.9418826526926435,,0.9419005070026605,0.05809949299733952,0,0.39436330622636473,5,0.1,0.5,0.5944481829445968,0.5943838912617594,0.594574210615163,0.5951867886778962,0.5853052582520039,0.5934869235164735,0.5945617263497405,1.0,0.6010696818284307,0.5989319578343356,0.5948877599192348,0.5897068574352163
0,8,0.3376800433999509,0.89304,5000,2.1856625256715,0.42136854741896757,833,2.1813768045589947,0.4141,0.791620262093511,0.08363823286511676,,,0.8599198453799065,,0.8599267105065007,0.1400732894934993,0,0.39430448870795687,5,0.1,0.5,0.5823514110720109,0.5770642531353019,0.589789850812001,0.5897350165029045,0.5816092341716517,0.603518376091853,0.5938257089069341,0.6010696818284307,1.0,0.5872435089782752,0.5998349746818733,0.5864959993846056
0,9,0.3475499494938524,0.88948,5000,2.1815167003207736,0.3997599039615846,833,2.1816450010854216,0.4136,0.7846219584342118,0.08289883068057777,,,0.7365476106208477,,0.7365644294965112,0.26343557050348876,0,0.39386449219707503,5,0.1,0.5,0.576540975279197,0.5963300026380866,0.5858782481158313,0.587088346881329,0.562223473313264,0.588121699275932,0.5824569980639426,0.5989319578343356,0.5872435089782752,1.0,0.5935910986431862,0.5678940680332653
0,10,0.31945170308374293,0.90012,5000,2.1851711096587003,0.4297719087635054,833,2.1813523662737766,0.4143,0.7950444000779319,0.08400000840803415,,,0.9202835529049495,,0.9203052055619698,0.07969479443803018,0,0.3943569176312158,5,0.1,0.5,0.5793527548224454,0.5993421667852465,0.5993776097205301,0.6000784762189338,0.5845957285535257,0.6080416222114915,0.5852979946092164,0.5948877599192348,0.5998349746818733,0.5935910986431862,1.0,0.5805466583727157
0,11,0.36084229358394815,0.88968,5000,2.186585549955015,0.39255702280912363,833,2.181870465842299,0.4139,0.782071179133549,0.08262932940155271,,,0.691580235951166,,0.6915968073891873,0.3084031926108127,0,0.3935042417443386,5,0.1,0.5,0.5781751626161746,0.579501347368752,0.584328200901353,0.5766673666463494,0.5793434968417391,0.5866819083251663,0.5928166638455865,0.5897068574352163,0.5864959993846056,0.5678940680332653,0.5805466583727157,1.0
1,0,0.30170711993601673,0.90804,5000,2.021484238130075,0.7002398081534772,834,2.0220219037784175,0.6953,0.8111022896570871,0.08270549051880233,,,0.6764647829731072,,0.6764770844837107,0.3235229155162893,0.9581089572663902,0.4044896255223132,5,0.1,0.5,1.0,0.6337425260412374,0.6231033932856499,0.6238116980650494,0.6303604601736065,0.6266053222964434,0.6292269046250335,0.622212890163884,0.633829757660241,0.6259440673559693,0.6244670236630342,0.6251429751636266
1,1,0.3000666038115408,0.91,5000,2.016545565040023,0.7158273381294964,834,2.020466595031202,0.6987,0.8151521215587848,0.08344013596370234,,,0.8299946358284843,,0.8300035138798253,0.1699964861201747,0.9607490176145735,0.4054118336189172,5,0.1,0.5,0.6337425260412374,1.0,0.6223153177949037,0.6267694136523614,0.6257314647638341,0.633787115494786,0.6322527671480059,0.6330934390995172,0.6299886285787257,0.6334666484937467,0.6356276656747988,0.6268812337549433
1,2,0.2987975385953571,0.9066,5000,2.0157241512227944,0.7074340527577938,834,2.020523110136818,0.6989,0.80490584731866,0.08323576584120315,,,0.7872843528570762,,0.7872998343456654,0.21270016565433458,0.9606202072385199,0.40528966109761855,5,0.1,0.5,0.6231033932856499,0.6223153177949037,1.0,0.6290906727235932,0.6104891641495234,0.6154677238458236,0.624866650109785,0.6226946776558447,0.617687744888935,0.6261603670123682,0.6252355992453986,0.6157762379785664
1,3,0.31177358980865993,0.90416,5000,2.0211388799879284,0.6966426858513189,834,2.0203237209838036,0.6992,0.8099631538704752,0.08351301650703258,,,0.8452255736518781,,0.8452487324933488,0.15475126750665125,0.9610593811068459,0.4054408955610378,5,0.1,0.5,0.6238116980650494,0.6267694136523614,0.6290906727235932,1.0,0.6206109852196948,0.6348194274821555,0.6244790422615479,0.629891861814102,0.6281320340385187,0.6199451151657924,0.6310529321708862,0.6125032792330434
1,4,0.30967728557112584,0.9044,5000,2.022988897782785,0.7046818727490997,833,2.022205715743117,0.6953,0.8061411719031283,0.08257885565333564,,,0.65,,0.650002509914161,0.349997490085839,0.9579524069601035,0.40414883725740636,5,0.1,0.5,0.6303604601736065,0.6257314647638341,0.6104891641495234,0.6206109852196948,1.0,0.6376168950899627,0.6219893704963941,0.6195921143254338,0.6163097087390236,0.6232042538654908,0.6257833861787127,0.6180591390919954
1,5,0.2862758019772969,0.90936,5000,2.0090733192585133,0.7178871548619448,833,2.0202245518041493,0.7003,0.8150200438021633,0.08411006628007885,,,0.9699999997910149,,0.9700015059484965,0.029998494051503455,0.9613694786453064,0.4055222715851325,5,0.1,0.5,0.6266053222964434,0.633787115494786,0.6154677238458236,0.6348194274821555,0.6376168950899627,1.0,0.628817513558247,0.6277183691870567,0.6326507386998032,0.6339808532086458,0.6359326957633119,0.6204980791754873
1,6,0.30056022120770187,0.90696,5000,2.0219782105198614,0.673469387755102,833,2.020629425018359,0.698,0.8128812895560694,0.0832625957677654,,,0.7928914041303382,,0.7929019627528738,0.20709803724712617,0.9603905817535093,0.4053097451370146,5,0.1,0.5,0.6292269046250335,0.6322527671480059,0.624866650109785,0.6244790422615479,0.6219893704963941,0.628817513558247,1.0,0.6337341696810068,0.6335040769450473,0.6299173200827833,0.6276204833428246,0.6257915518842397
1,7,0.30343457250529604,0.90808,5000,2.0338783264160156,0.6794717887154862,833,2.020207509446068,0.7008,0.8120302012504264,0.08389457341201445,,,0.9249652302229374,,0.9249736459013101,0.07502635409868985,0.9613465804926786,0.4055146348608182,5,0.1,0.5,0.622212890163884,0.6330934390995172,0.6226946776558447,0.629891861814102,0.6195921143254338,0.6277183691870567,0.6337341696810068,1.0,0.6265456832080458,0.6295497644732607,0.6360125091682626,0.6182574050906015
1,8,0.2931673470006627,0.90844,5000,2.023634667749758,0.7106842737094838,833,2.0202874745042942,0.6995,0.8124096975840284,0.08358294678652026,,,0.8598399506883273,,0.8598463932533508,0.14015360674664923,0.9610850303349333,0.40546276181238644,5,0.1,0.5,0.633829757660241,0.6299886285787257,0.617687744888935,0.6281320340385187,0.6163097087390236,0.6326507386998032,0.6335040769450473,0.6265456832080458,1.0,0.6276388922637749,0.6350392339455861,0.6239731371841564
1,9,0.30889977928500173,0.9052,5000,2.0227147296622947,0.6818727490996399,833,2.020939671193449,0.698,0.8128545994936944,0.08310948289298484,,,0.7608931152979297,,0.7609105968575874,0.23908940314241256,0.9598172040017954,0.4051713050314649,5,0.1,0.5,0.6259440673559693,0.6334666484937467,0.6261603670123682,0.6199451151657924,0.6232042538654908,0.6339808532086458,0.6299173200827833,0.6295497644732607,0.6276388922637749,1.0,0.6408308405023333,0.6221807304164638
1,10,0.2855877317096682,0.91064,5000,2.0234838238468877,0.7058823529411765,833,2.0202226966333847,0.6999,0.8158674988335818,0.08394252508435043,,,0.9349864088050965,,0.9349932232317655,0.06500677676823452,0.9613428923959324,0.4055177470176155,5,0.1,0.5,0.6244670236630342,0.6356276656747988,0.6252355992453986,0.6310529321708862,0.6257833861787127,0.6359326957633119,0.6276204833428246,0.6360125091682626,0.6350392339455861,0.6408308405023333,1.0,0.6196250555990703
1,11,0.32508514563072544,0.90168,5000,2.0292187134424844,0.6914765906362546,833,2.0220114015542663,0.6958,0.8040417174011358,0.08262454529220979,,,0.6595484475974914,,0.6595602630390041,0.34043973696099594,0.958354235315333,0.4042842178250443,5,0.1,0.5,0.6251429751636266,0.6268812337549433,0.6157762379785664,0.6125032792330434,0.6180591390919954,0.6204980791754873,0.6257915518842397,0.6182574050906015,0.6239731371841564,0.6221807304164638,0.6196250555990703,1.0
2,0,0.27601630103531155,0.91676,5000,1.820548997984992,0.8585131894484412,834,1.8234333561632199,0.86,0.8132110972182752,0.0829760330585447,,,0.7461691846444252,,0.7461874403895387,0.25381255961046134,0.9666111883991849,0.40531070870198266,5,0.1,0.5,1.0,0.6323885432831584,0.6340763088764013,0.6258770023876425,0.6377411994272907,0.621053855593495,0.637810029946671,0.6185276010245003,0.6371009553548486,0.623471985871133,0.6299946860955186,0.6244860828564754
2,1,0.2681349135591251,0.92,5000,1.8112930545100459,0.8741007194244604,834,1.8210663125156976,0.8613,0.8165355585397998,0.08357740967129834,,,0.9028815501702386,,0.9028964409417198,0.09710355905828016,0.9687208713776542,0.40575632009837587,5,0.1,0.5,0.6323885432831584,1.0,0.628648929523183,0.6297776283029322,0.630754772840905,0.6358303006874213,0.638994834061367,0.6338981044424714,0.6316650870099314,0.6289624491607508,0.6358854415720865,0.6245272265228272
2,2,0.27054900396808057,0.917,5000,1.8149877389272053,0.8657074340527577,834,1.821270014150455,0.8608,0.8119583668373055,0.08328302432774674,,,0.8261678526540377,,0.826188444355203,0.173811555644797,0.9683305478104537,0.405650273613749,5,0.1,0.5,0.6340763088764013,0.628648929523183,1.0,0.6283664952488354,0.6283296533019787,0.617576350000935,0.6337522545145535,0.6208566411495213,0.6303878861118403,0.6210154122984324,0.643116774391488,0.6216945076102809
2,3,0.2797621332654718,0.91412,5000,1.8200889693366156,0.8597122302158273,834,1.8209413335727045,0.8614,0.8108236931121515,0.0834268409452479,,,0.8636449374833401,,0.8636564429496512,0.13634355705034884,0.9687552734417756,0.4057185902200648,5,0.1,0.5,0.6258770023876425,0.6297776283029322,0.6283664952488354,1.0,0.6268675680888046,0.6253911190776278,0.6279332698082858,0.6209644574973346,0.6352378355877419,0.6202005711811666,0.6282567845747592,0.6266408816200404
2,4,0.27528556249442565,0.91604,5000,1.8230520619286432,0.8691476590636255,833,1.8239463537264937,0.8593,0.8128260659832558,0.08287891304509917,,,0.720860739446902,,0.7208774659906632,0.27912253400933684,0.9660631744627409,0.40511984865910955,5,0.1,0.5,0.6377411994272907,0.630754772840905,0.6283296533019787,0.6268675680888046,1.0,0.6385892123718919,0.6355762797208029,0.6250245549271138,0.6320459049726207,0.6182621233833802,0.6285222798396454,0.6173508818574498
2,5,0.2554162382735473,0.92324,5000,1.8044385998337358,0.8679471788715486,833,1.8208181389604514,0.8616,0.8097433571637824,0.08378397762017975,,,0.9567109662541033,,0.9567290798654686,0.04327092013453138,0.9690353411047169,0.40577542822099455,5,0.1,0.5,0.621053855593495,0.6358303006874213,0.617576350000935,0.6253911190776278,0.6385892123718919,1.0,0.6273526856817327,0.6277168978430174,0.6273101624374882,0.615997026398644,0.6292001908049148,0.6162111410301039
2,6,0.2729154867849722,0.91672,5000,1.8230056630240545,0.8427370948379351,833,1.821345448874818,0.8607,0.8149292561132485,0.08340413869331706,,,0.8577289714690417,,0.8577430851864867,0.14225691481351332,0.9684390159276515,0.4057102218105834,5,0.1,0.5,0.637810029946671,0.638994834061367,0.6337522545145535,0.6279332698082858,0.6355762797208029,0.6273526856817327,1.0,0.6238102822932367,0.6340220037727884,0.6260065569133516,0.6278784895203271,0.6235995788303852
2,7,0.27201991132964753,0.91636,5000,1.8378878434499104,0.8559423769507803,833,1.820743854053485,0.8617,0.8076739633039044,0.08356950101602399,,,0.9008206385054226,,0.9008383113297526,0.09916168867024744,0.9689625741463658,0.4057549884506875,5,0.1,0.5,0.6185276010245003,0.6338981044424714,0.6208566411495213,0.6209644574973346,0.6250245549271138,0.6277168978430174,0.6238102822932367,1.0,0.6252665742672411,0.622182238261859,0.6235873347997097,0.6211808911659765
2,8,0.266376811562545,0.92024,5000,1.8229421112272475,0.8643457382953181,833,1.8208848504593578,0.8611,0.8159758310426124,0.08365234991824963,,,0.9224101835154068,,0.9224235731137995,0.07757642688620048,0.968860167230735,0.4057666951614016,5,0.1,0.5,0.6371009553548486,0.6316650870099314,0.6303878861118403,0.6352378355877419,0.6320459049726207,0.6273101624374882,0.6340220037727884,0.6252665742672411,1.0,0.6336002561926553,0.6348310834421768,0.623969546329145
2,9,0.28295465044285745,0.91232,5000,1.8252060148451064,0.8487394957983193,833,1.821959564480157,0.8608,0.8063921352653299,0.08300584985599309,,,0.7539391257453023,,0.7539480949751518,0.2460519050248482,0.9678450482514268,0.4053591362558029,5,0.1,0.5,0.623471985871133,0.6289624491607508,0.6210154122984324,0.6202005711811666,0.6182621233833802,0.615997026398644,0.6260065569133516,0.622182238261859,0.6336002561926553,1.0,0.6282856166877401,0.6161002875719238
2,10,0.2529538614420327,0.92352,5000,1.8235138124889798,0.8595438175270108,833,1.8208175330116345,0.8616,0.8143921956316964,0.08383497368495964,,,0.9699999997394106,,0.9700015059484965,0.029998494051503455,0.9690201805939935,0.40577657098652836,5,0.1,0.5,0.6299946860955186,0.6358854415720865,0.643116774391488,0.6282567845747592,0.6285222798396454,0.6292001908049148,0.6278784895203271,0.6235873347997097,0.6348310834421768,0.6282856166877401,1.0,0.6187493630810039
2,11,0.2945772415893093,0.9138,5000,1.8349476743627477,0.8523409363745498,833,1.8241988416677846,0.859,0.8041432211484308,0.08260698816334007,,,0.65,,0.650002509914161,0.349997490085839,0.9657865813434545,0.40426809789235835,5,0.1,0.5,0.6244860828564754,0.6245272265228272,0.6216945076102809,0.6266408816200404,0.6173508818574498,0.6162111410301039,0.6235995788303852,0.6211808911659765,0.623969546329145,0.6161002875719238,0.6187493630810039,1.0
3,0,0.24846173943536487,0.92604,5000,1.590099851290385,0.9112709832134293,834,1.59587489187527,0.9161,0.8074142941566608,0.0831686960014641,,,0.7946715766999222,,0.7946789819788164,0.20532101802118363,0.969761664499981,0.4024319547344285,5,0.1,0.5,1.0,0.6167923408363329,0.6182483861102003,0.6159179082029735,0.6248602290569926,0.6135541554823405,0.6186058370888889,0.6165684296443338,0.6224490949865146,0.6231568358135972,0.6206573958501104,0.613876652474408
3,1,0.2492436131904759,0.92756,5000,1.576037093445107,0.9376498800959233,834,1.5930045759335112,0.917,0.8017757901202609,0.08337060864034336,,,0.8446513852055071,,0.8446664324080116,0.15533356759198835,0.9706607975356503,0.40257800985129155,5,0.1,0.5,0.6167923408363329,1.0,0.6101980451023148,0.61607468829679,0.6063974109393461,0.615484409564514,0.6144778470013582,0.6139007875971257,0.6135040566616233,0.6134446512424943,0.6174082925688588,0.6096210557368053
3,2,0.24876060532109373,0.92588,5000,1.5854345162709553,0.9280575539568345,834,1.5932980661575025,0.9167,0.8026718311071457,0.08320673555777255,,,0.8040875783454188,,0.8041011997389689,0.19589880026103113,0.9703462389596182,0.40246705560310964,5,0.1,0.5,0.6182483861102003,0.6101980451023148,1.0,0.6135575247575384,0.6175509261806973,0.6105935726350099,0.6131679096583946,0.6101512751183299,0.6082079495586025,0.6202520269518421,0.6240071562327525,0.6115374628723047
3,3,0.25283950898487856,0.92544,5000,1.5904421276516385,0.9004796163069544,834,1.592857700567276,0.9167,0.8072411880937249,0.08346147452443156,,,0.8671435853551709,,0.8671602831183174,0.1328397168816826,0.9706716547456263,0.40261678869036244,5,0.1,0.5,0.6159179082029735,0.61607468829679,0.6135575247575384,1.0,0.622424089001328,0.6233742341005656,0.610187054394611,0.6162635596755586,0.6212352926207101,0.620614037556261,0.629304639211152,0.6118493812285957
3,4,0.2502810015260082,0.92396,5000,1.593485779232449,0.9243697478991597,833,1.5966905732505239,0.9159,0.8054272569637656,0.08303499871252742,,,0.7615772397834142,,0.7615983133376838,0.2384016866623162,0.9692708931450725,0.40227088825832236,5,0.1,0.5,0.6248602290569926,0.6063974109393461,0.6175509261806973,0.622424089001328,1.0,0.6252585561512736,0.612966985580494,0.6142163691735651,0.6143627219957823,0.6186053525193554,0.6189009862123185,0.6103414250653275
3,5,0.23448482634051804,0.92916,5000,1.571110902009187,0.9327731092436975,833,1.592647361679199,0.9173,0.8068718755818026,0.08368531814623262,,,0.9225520105776441,,0.9225741679634557,0.0774258320365443,0.9708386332593093,0.40266537337076325,5,0.1,0.5,0.6135541554823405,0.615484409564514,0.6105935726350099,0.6233742341005656,0.6252585561512736,1.0,0.6137523212779067,0.6253552955120738,0.6155968685646642,0.6185790154028743,0.6264164659894981,0.6076249358628627
3,6,0.25075599951135696,0.92416,5000,1.5957958565817938,0.8991596638655462,833,1.5933890887342703,0.917,0.8032498264423563,0.0833071805231898,,,0.8289509061924015,,0.828964409417198,0.17103559058280204,0.9705306721397032,0.4025422678866607,5,0.1,0.5,0.6186058370888889,0.6144778470013582,0.6131679096583946,0.610187054394611,0.612966985580494,0.6137523212779067,1.0,0.618597613014531,0.6216444289232065,0.6219054437064494,0.6154207360822264,0.6016167483956543
3,7,0.24436771450623584,0.92756,5000,1.6135543673126787,0.9087635054021609,833,1.592599250638066,0.9172,0.8050678368011667,0.08348021536586472,,,0.8717825404560605,,0.8717986044877265,0.1282013955122735,0.970748952842281,0.40262326587632535,5,0.1,0.5,0.6165684296443338,0.6139007875971257,0.6101512751183299,0.6162635596755586,0.6142163691735651,0.6253552955120738,0.618597613014531,1.0,0.613867493982203,0.6230572931626903,0.6211852641036948,0.605958162490763
3,8,0.2431714095388818,0.92664,5000,1.5930391638367265,0.9267707082833133,833,1.592739938547055,0.9169,0.8060175500241158,0.08356826414743942,,,0.8935774180163765,,0.8935896792329703,0.10641032076702972,0.9707865724012371,0.40264756849496586,5,0.1,0.5,0.6224490949865146,0.6135040566616233,0.6082079495586025,0.6212352926207101,0.6143627219957823,0.6155968685646642,0.6216444289232065,0.613867493982203,1.0,0.6207932741194355,0.6215237442747532,0.6148683246103385
3,9,0.2547880294252258,0.9244,5000,1.5989463726679485,0.907563025210084,833,1.5941038916286188,0.9166,0.8093292370264769,0.08325526626849505,,,0.8161004748238854,,0.816123688569851,0.18387631143014904,0.9698633409377422,0.4025064530381005,5,0.1,0.5,0.6231568358135972,0.6134446512424943,0.6202520269518421,0.620614037556261,0.6186053525193554,0.6185790154028743,0.6219054437064494,0.6230572931626903,0.6207932741194355,1.0,0.6309202025921729,0.6115785201403094
3,10,0.2295646013893709,0.9302,5000,1.5945050363187436,0.9099639855942377,833,1.592672579966414,0.917,0.8113974177960656,0.08387700252819123,,,0.9699999997524681,,0.9700015059484965,0.029998494051503455,0.9708634348582037,0.4026751813797566,5,0.1,0.5,0.6206573958501104,0.6174082925688588,0.6240071562327525,0.629304639211152,0.6189009862123185,0.6264164659894981,0.6154207360822264,0.6211852641036948,0.6215237442747532,0.6309202025921729,1.0,0.6134305491336337
3,11,0.26337646452626984,0.92332,5000,1.6126088787008215,0.907563025210084,833,1.5984424223153355,0.915,0.7976732081636997,0.08258423958404827,,,0.65,,0.650002509914161,0.349997490085839,0.9675501788926952,0.40109979018147385,5,0.1,0.5,0.613876652474408,0.6096210557368053,0.6115374628723047,0.6118493812285957,0.6103414250653275,0.6076249358628627,0.6016167483956543,0.605958162490763,0.6148683246103385,0.6115785201403094,0.6134305491336337,1.0
4,0,0.2352868097757173,0.93076,5000,1.3414428454858285,0.935251798561151,834,1.3503103911305387,0.9343,0.7947050666972523,0.08316426418889054,,,0.8014828217283834,,0.8015009286682395,0.19849907133176048,0.9707358251738755,0.3979794832644385,5,0.1,0.5,1.0,0.5977025868402829,0.5950514457194349,0.6007211733889166,0.597232786164765,0.6016991345777123,0.6121025385187985,0.5972359396578056,0.6021671985888996,0.5964556424927845,0.5979907387897413,0.5974004053530173
4,1,0.22609382099976205,0.93256,5000,1.3215314149856567,0.9496402877697842,834,1.3470516498096454,0.9349,0.7965264967153953,0.08336238716384321,,,0.8507788554009041,,0.8508006626173384,0.14919933738266156,0.9712179877994668,0.3981177378340348,5,0.1,0.5,0.5977025868402829,1.0,0.5952557063664639,0.5976973981148719,0.5993219231412645,0.6075833655322024,0.6039576437714974,0.6081276542544211,0.6020812524400894,0.601325139226104,0.6052278209764549,0.5938028317668725
4,2,0.22712172696331315,0.93116,5000,1.3386049800448947,0.9400479616306955,834,1.3474736685950917,0.9348,0.7934145754961289,0.08314438316480754,,,0.7965361181324282,,0.7965513779428743,0.20344862205712566,0.9707522597645653,0.3979606528752474,5,0.1,0.5,0.5950514457194349,0.5952557063664639,1.0,0.5920987539575924,0.5953999076890922,0.6039951111708786,0.6102096522130096,0.6020595453739108,0.5884875918910226,0.6028794853960064,0.6068151657839622,0.5909067586357534
4,3,0.23614434773802379,0.931,5000,1.3430789400030065,0.9244604316546763,834,1.3469279532234508,0.9349,0.7950371685407527,0.0833706907244907,,,0.852844908595281,,0.8528587922293057,0.14714120777069428,0.9713031493570016,0.39812160127714996,5,0.1,0.5,0.6007211733889166,0.5976973981148719,0.5920987539575924,1.0,0.5973985589024766,0.6120289998748639,0.6038375708913019,0.5977434448706669,0.6094466595978201,0.592769071527845,0.600058165727988,0.593608331846695
4,4,0.23136750495381606,0.93084,5000,1.3450717087145205,0.9411764705882353,833,1.3513148272761142,0.9339,0.7922324450697044,0.08298872423000805,,,0.7578057886835716,,0.7578183826113147,0.24218161738868527,0.9702307745075296,0.39775986469703734,5,0.1,0.5,0.597232786164765,0.5993219231412645,0.5953999076890922,0.5973985589024766,1.0,0.6146751043006021,0.5989761704431092,0.5937903996280423,0.5974556215725464,0.595563323572093,0.597666133380171,0.5851514717537533
4,5,0.2141699077339048,0.93488,5000,1.3203235158213862,0.9471788715486195,833,1.3465549888702246,0.9349,0.8042301825231604,0.08384154230141173,,,0.9699999997511847,,0.9700015059484965,0.029998494051503455,0.9715340801485427,0.39820802168251307,5,0.1,0.5,0.6016991345777123,0.6075833655322024,0.6039951111708786,0.6120289998748639,0.6146751043006021,1.0,0.6092073395177267,0.6097249962561998,0.6129577287641745,0.5998903679923198,0.610806218374596,0.6017128555621807
4,6,0.22881094440580554,0.93088,5000,1.35115146195447,0.921968787515006,833,1.347439158838778,0.9349,0.8023054739565494,0.0835225533353248,,,0.8906306544385526,,0.8906480598363536,0.10935194016364636,0.9711684499419352,0.3981734257024422,5,0.1,0.5,0.6121025385187985,0.6039576437714974,0.6102096522130096,0.6038375708913019,0.5989761704431092,0.6092073395177267,1.0,0.6062660848538021,0.6127362106881009,0.606524928798863,0.6037606296029618,0.6001138188330228
4,7,0.2298807783224353,0.931,5000,1.370570942207619,0.921968787515006,833,1.3466185860740492,0.9347,0.7967559811128606,0.08344334887119426,,,0.8709233694468661,,0.8709351940163647,0.12906480598363534,0.9713623872498954,0.3981504898656306,5,0.1,0.5,0.5972359396578056,0.6081276542544211,0.6020595453739108,0.5977434448706669,0.5937903996280423,0.6097249962561998,0.6062660848538021,1.0,0.6027925392235814,0.5987706956940513,0.6035876419938656,0.5936482829075023
4,8,0.22099475874417243,0.9326,5000,1.3444524164553042,0.9375750300120048,833,1.3466543675230715,0.9347,0.7998534124827379,0.08361039658361362,,,0.9124874013735509,,0.9125043923497816,0.08749560765021835,0.971467686148395,0.3981905379035615,5,0.1,0.5,0.6021671985888996,0.6020812524400894,0.5884875918910226,0.6094466595978201,0.5974556215725464,0.6129577287641745,0.6127362106881009,0.6027925392235814,1.0,0.6020108369851525,0.6092525480650227,0.6035721449015917
4,9,0.23611918205490254,0.92784,5000,1.3551976945665147,0.9243697478991597,833,1.3484098896050987,0.9351,0.7947056482133668,0.08322188314843659,,,0.8158193022432565,,0.8158375583555042,0.1841624416444958,0.970944452398342,0.3980303129796463,5,0.1,0.5,0.5964556424927845,0.601325139226104,0.6028794853960064,0.592769071527845,0.595563323572093,0.5998903679923198,0.606524928798863,0.5987706956940513,0.6020108369851525,1.0,0.6076661887953916,0.5913932484228268
4,10,0.2139027332531134,0.93536,5000,1.346494643776505,0.9351740696278511,833,1.3465957611132735,0.935,0.7986701881905157,0.08377437836804885,,,0.9532885834127891,,0.9533005371216304,0.04669946287836957,0.9715465481056236,0.398205814312424,5,0.1,0.5,0.5979907387897413,0.6052278209764549,0.6068151657839622,0.600058165727988,0.597666133380171,0.610806218374596,0.6037606296029618,0.6035876419938656,0.6092525480650227,0.6076661887953916,1.0,0.5872703351093287
4,11,0.24256758264675263,0.9296,5000,1.3718034514674433,0.9339735894357744,833,1.354840376125738,0.9333,0.7884238573675321,0.08255544791993011,,,0.65,,0.650002509914161,0.349997490085839,0.9679136097703891,0.39658530866817704,5,0.1,0.5,0.5974004053530173,0.5938028317668725,0.5909067586357534,0.593608331846695,0.5851514717537533,0.6017128555621807,0.6001138188330228,0.5936482829075023,0.6035721449015917,0.5913932484228268,0.5872703351093287,1.0
5,0,0.2134791387274719,0.9362,5000,1.0890161726209853,0.9424460431654677,834,1.1012956115384451,0.9437,0.7826899572855558,0.08313522269127055,,,0.8191902807567126,,0.81920586315948,0.18079413684052004,0.9693053982124907,0.39237718310662034,5,0.1,0.5,1.0,0.5793553184349682,0.5792865275858263,0.5768114887288519,0.5817228908594373,0.579778724619747,0.5847314406030406,0.5778954335658503,0.5808651553554592,0.5865394000528666,0.5752411965378749,0.572671449771182
5,1,0.20568719126171414,0.93908,5000,1.06519114529645,0.960431654676259,834,1.0979640196306637,0.9437,0.7870960636053838,0.083422698749222,,,0.8863969627158894,,0.8864113247326941,0.11358867526730587,0.969780992317782,0.3925207938209274,5,0.1,0.5,0.5793553184349682,1.0,0.5824993007295155,0.5798943223963355,0.5789560826790963,0.5911079241581345,0.5896649118065984,0.5828610871297757,0.5857801863449026,0.5853494577389925,0.5865813817631277,0.5731955195386637
5,2,0.20985174427864847,0.93664,5000,1.0891239135353654,0.9424460431654677,834,1.0984518699371777,0.9436,0.7822751228129942,0.08310733607197417,,,0.8126708955692158,,0.812685106169369,0.18731489383063105,0.9693043476376829,0.3923548663246228,5,0.1,0.5,0.5792865275858263,0.5824993007295155,1.0,0.581886293332525,0.5868366778245029,0.5802932964283118,0.5833030142372189,0.5756311043748471,0.5766392097423699,0.5791420813340762,0.5857147633942159,0.5597073835476541
5,3,0.2126918905990044,0.9354,5000,1.0939837937001828,0.935251798561151,834,1.0978356344631304,0.9439,0.7850630023786691,0.08335671676824842,,,0.8709715737567978,,0.8709853922995834,0.12901460770041662,0.969751064802468,0.3924999734077058,5,0.1,0.5,0.5768114887288519,0.5798943223963355,0.581886293332525,1.0,0.5850135883195279,0.586302780848875,0.5814681443407841,0.588849501743664,0.5894793171085816,0.5757119530005775,0.5815862634506858,0.5690667671072236
5,4,0.21441215777259534,0.9344,5000,1.0926698512501187,0.9555822328931572,833,1.1023445797804445,0.9438,0.7861825677573862,0.08314075907636108,,,0.820484587053502,,0.8205009788665227,0.17949902113347727,0.9688860076414038,0.39238095746105284,5,0.1,0.5,0.5817228908594373,0.5789560826790963,0.5868366778245029,0.5850135883195279,1.0,0.5950795920994641,0.5814543708713446,0.5821761516455632,0.5827912612003232,0.5791558914903491,0.58132775269826,0.5740578798665151
5,5,0.19765255428423548,0.941,5000,1.0663428107897441,0.957983193277311,833,1.097375593817653,0.9438,0.7881558945904635,0.08378031008820457,,,0.9699999997662181,,0.9700015059484965,0.029998494051503455,0.9700562154858647,0.39256025360415536,5,0.1,0.5,0.579778724619747,0.5911079241581345,0.5802932964283118,0.586302780848875,0.5950795920994641,1.0,0.5872646360025923,0.5833756413370438,0.5878585998022479,0.5752417304661162,0.5887094017965532,0.5678500962128015
5,6,0.2106942046682831,0.9354,5000,1.1037676952503346,0.9327731092436975,833,1.09835126072454,0.9437,0.7884304996643798,0.08357672384849345,,,0.9224052339236978,,0.9224235731137995,0.07757642688620048,0.9699675338647847,0.39254907224898056,5,0.1,0.5,0.5847314406030406,0.5896649118065984,0.5833030142372189,0.5814681443407841,0.5814543708713446,0.5872646360025923,1.0,0.5849963342287393,0.5933831528199675,0.5879531396912051,0.5831338951521127,0.5696827705534642
5,7,0.20596181640466735,0.93916,5000,1.1237947720068473,0.9387755102040817,833,1.0975315837433544,0.944,0.785612734705251,0.08342463193111405,,,0.8868489055368473,,0.8868580894533407,0.11314191054665934,0.969852841968961,0.3925213327442975,5,0.1,0.5,0.5778954335658503,0.5828610871297757,0.5756311043748471,0.588849501743664,0.5821761516455632,0.5833756413370438,0.5849963342287393,1.0,0.5805696506891901,0.5831071270544761,0.5815083475377424,0.5800483646116298
5,8,0.20048765873144955,0.94012,5000,1.0929353148848922,0.9483793517406963,833,1.0974965110754433,0.9438,0.7891331362588374,0.083660170363615,,,0.9419135138213002,,0.9419306259725917,0.058069374027408305,0.9700077956573977,0.39255609143077197,5,0.1,0.5,0.5808651553554592,0.5857801863449026,0.5766392097423699,0.5894793171085816,0.5827912612003232,0.5878585998022479,0.5933831528199675,0.5805696506891901,1.0,0.5893746653628675,0.5901546445379662,0.5763406649188381
5,9,0.21508416703955574,0.9354,5000,1.1089817660826224,0.9255702280912365,833,1.0993627285043273,0.9437,0.7859093779743361,0.08328701663290948,,,0.8546769478264988,,0.8546910295667888,0.14530897043321123,0.9695160785042167,0.3924714334228337,5,0.1,0.5,0.5865394000528666,0.5853494577389925,0.5791420813340762,0.5757119530005775,0.5791558914903491,0.5752417304661162,0.5879531396912051,0.5831071270544761,0.5893746653628675,1.0,0.5858153735045177,0.5775158938192129
5,10,0.19581201770372547,0.94148,5000,1.094895318702415,0.9459783913565426,833,1.0974326350818426,0.9439,0.7870614202414368,0.08369690119377879,,,0.9505005149041204,,0.9505245720596356,0.049475427940364414,0.9700409497820456,0.3925579897507294,5,0.1,0.5,0.5752411965378749,0.5865813817631277,0.5857147633942159,0.5815862634506858,0.58132775269826,0.5887094017965532,0.5831338951521127,0.5815083475377424,0.5901546445379662,0.5858153735045177,1.0,0.5731268375762346
5,11,0.2332289551378815,0.93356,5000,1.1267859604623582,0.9411764705882353,833,1.107533914783892,0.9436,0.7736886854595492,0.08241151258480849,,,0.65,,0.650002509914161,0.349997490085839,0.9663091279766098,0.3908614810451372,5,0.1,0.5,0.572671449771182,0.5731955195386637,0.5597073835476541,0.5690667671072236,0.5740578798665151,0.5678500962128015,0.5696827705534642,0.5800483646116298,0.5763406649188381,0.5775158938192129,0.5731268375762346,1.0
6,0,0.19765375037410646,0.9412,5000,0.8541428954512985,0.9508393285371702,834,0.8696072950911599,0.9493,0.7750426794638042,0.08336358885625392,,,0.8850131088348924,,0.8850358917725014,0.11496410822749858,0.968087792057128,0.3851768063946168,5,0.1,0.5,1.0,0.5563205789205741,0.5554763226063932,0.5618158365465828,0.5655806781131836,0.5648753857714318,0.56225818194796,0.5588813464155573,0.5600472979177109,0.5644495880021966,0.5639622741761963,0.5527378327120978
6,1,0.19549688299269577,0.94288,5000,0.8287018051853886,0.9640287769784173,834,0.8665192942268932,0.9488,0.7681814186144991,0.08331405048186982,,,0.8753592965659132,,0.8753777420812209,0.12462225791877912,0.9683952069040207,0.38516395036941187,5,0.1,0.5,0.5563205789205741,1.0,0.5513493096700172,0.559706296368415,0.5535472321660171,0.5606782137922585,0.5571031819308471,0.5609578774519073,0.5439807977495806,0.555038569170702,0.5614439931653142,0.541253095105374
6,2,0.19624485342057457,0.94176,5000,0.8579922406761734,0.9496402877697842,834,0.8669867365124126,0.9489,0.7694873617710571,0.08314814738054087,,,0.8430288574874483,,0.8430450278600472,0.1569549721399528,0.967993375424947,0.38510363660616614,5,0.1,0.5,0.5554763226063932,0.5513493096700172,1.0,0.5601379198132536,0.5666922064155299,0.5535794286485299,0.5617492473811061,0.550850423025197,0.5490626828340652,0.5608375228956349,0.5662983098702353,0.5391197614914522
6,3,0.19906778729218205,0.94016,5000,0.8630364272329543,0.9436450839328537,834,0.8664364740490532,0.9488,0.7746575818330297,0.08349895008507567,,,0.9113916872155973,,0.9114100697756137,0.08858993022438633,0.9684174383356107,0.3852010619175043,5,0.1,0.5,0.5618158365465828,0.559706296368415,0.5601379198132536,1.0,0.5614539917665899,0.5682364465795142,0.5595084249810203,0.5607902959245041,0.558478339175636,0.5629921817560368,0.5609747343400499,0.5475340778593525
6,4,0.19501431609539516,0.94008,5000,0.8569017869454844,0.9615846338535414,833,0.8705646986016831,0.9495,0.7729549944442309,0.08329339988404541,,,0.8713350023269995,,0.87135183976708,0.12864816023292003,0.9680776847517885,0.3851580250763657,5,0.1,0.5,0.5655806781131836,0.5535472321660171,0.5666922064155299,0.5614539917665899,1.0,0.5707234376548588,0.558264836404586,0.555841969693532,0.5518611909038305,0.5571057571520306,0.5615048278375925,0.5444634504286364
6,5,0.17914300005538922,0.94668,5000,0.8327980648588251,0.9603841536614646,833,0.8659853264927483,0.9489,0.7751039502144003,0.08379969764989102,,,0.9699999998051245,,0.9700015059484965,0.029998494051503455,0.9686154667594492,0.38521898281303574,5,0.1,0.5,0.5648753857714318,0.5606782137922585,0.5535794286485299,0.5682364465795142,0.5707234376548588,1.0,0.564843248432557,0.559105884308149,0.5553659748400954,0.5580933608615444,0.5652762213019933,0.5427165830968643
6,6,0.19821629134499152,0.9406,5000,0.8747419295487581,0.936374549819928,833,0.8669027290024316,0.9488,0.771985084322454,0.0835523270478017,,,0.9217935460584028,,0.9218111540585312,0.0781888459414688,0.9685531589372727,0.38520712353933795,5,0.1,0.5,0.56225818194796,0.5571031819308471,0.5617492473811061,0.5595084249810203,0.558264836404586,0.564843248432557,1.0,0.5572307364762641,0.5574721774002822,0.5602213651025435,0.5567993460961661,0.5402700988759414
6,7,0.19222437370758338,0.9442,5000,0.89271773453112,0.9459783913565426,833,0.8661273988291097,0.9488,0.7685663661318207,0.08332897973158407,,,0.8782686406017222,,0.8782792028512625,0.12172079714873751,0.9684059954939296,0.38516804664625276,5,0.1,0.5,0.5588813464155573,0.5609578774519073,0.550850423025197,0.5607902959245041,0.555841969693532,0.559105884308149,0.5572307364762641,1.0,0.5459199780533421,0.5558026943785507,0.5579990518928065,0.5415768525140074
6,8,0.19241957954267502,0.94056,5000,0.8596021290178653,0.9531812725090036,833,0.8661344740718318,0.9489,0.7659056417828822,0.08339322119767227,,,0.8907877242658526,,0.8908036745143316,0.10919632548566838,0.9684994298126911,0.3851832155027632,5,0.1,0.5,0.5600472979177109,0.5439807977495806,0.5490626828340652,0.558478339175636,0.5518611909038305,0.5553659748400954,0.5574721774002822,0.5459199780533421,1.0,0.5586078355759752,0.558485411519681,0.5397995882085076
6,9,0.20113387959564377,0.93928,5000,0.8805459958535654,0.929171668667467,833,0.867870286440316,0.9488,0.7735023638896728,0.08341116418378731,,,0.8942843714944535,,0.8942924551980322,0.10570754480196776,0.9683267738112078,0.38518681444402886,5,0.1,0.5,0.5644495880021966,0.555038569170702,0.5608375228956349,0.5629921817560368,0.5571057571520306,0.5580933608615444,0.5602213651025435,0.5558026943785507,0.5586078355759752,1.0,0.5674434631796447,0.5507896008275299
6,10,0.17772216851212036,0.94504,5000,0.86164257923762,0.9531812725090036,833,0.8660530859289078,0.9489,0.7749700843614711,0.08373885043845203,,,0.95814237299306,,0.9581547111088801,0.041845288891119936,0.9686111825232268,0.3852178214420695,5,0.1,0.5,0.5639622741761963,0.5614439931653142,0.5662983098702353,0.5609747343400499,0.5615048278375925,0.5652762213019933,0.5567993460961661,0.5579990518928065,0.558485411519681,0.5674434631796447,1.0,0.5425319064297759
6,11,0.21485680921394734,0.93668,5000,0.8972511026594374,0.943577430972389,833,0.8769318505217092,0.9487,0.7547305614254389,0.082157623063026,,,0.65,,0.650002509914161,0.349997490085839,0.9647146562576253,0.3835452015549748,5,0.1,0.5,0.5527378327120978,0.541253095105374,0.5391197614914522,0.5475340778593525,0.5444634504286364,0.5427165830968643,0.5402700988759414,0.5415768525140074,0.5397995882085076,0.5507896008275299,0.5425319064297759,1.0
7,0,0.18407261450270748,0.94596,5000,0.6546666412441818,0.9532374100719424,834,0.6718092352247086,0.9529,0.7572047779880289,0.08348912423430943,,,0.9199435453363494,,0.9199538175794388,0.08004618242056116,0.9649002872339288,0.37669485171031203,5,0.1,0.5,1.0,0.5338808366323692,0.523498627286672,0.5188952831367144,0.5377034565982348,0.5308003207913115,0.537819350555878,0.5285873656919996,0.536555559358262,0.5325223662783908,0.5287952815305637,0.536768475719248
