round,client_id,client_i_training_loss,client_i_training_accuracy,client_i_training_dataset_size,client_i_evaluation_loss,client_i_evaluation_accuracy,client_i_evaluation_dataset_size,client_i_central_evaluation_loss,client_i_central_evaluation_accuracy,client_i_cosine_similarity,client_i_importance_coefficient,client_i_tanh_val,tanh_normalization_value,client_i_q,client_i_mask_order,client_i_v_nonzero_fraction,client_i_v_sparsity,client_i_v_cosine_similarity,client_i_reward_gradient_norm,local_epochs,learning_rate,gamma,client_0_cosine_similarity,client_1_cosine_similarity,client_2_cosine_similarity,client_3_cosine_similarity,client_4_cosine_similarity,client_5_cosine_similarity,client_6_cosine_similarity,client_7_cosine_similarity,client_8_cosine_similarity,client_9_cosine_similarity,client_10_cosine_similarity,client_11_cosine_similarity
0,0,2.3006766629941535,0.13477321814254858,4167,2.30136353628976,0.1091127098321343,834,2.3005053302909753,0.0998,0.944309633512847,0.08375240509568896,,,0.7980063355160085,,0.7980393127692231,0.20196068723077687,0,0.140696894122858,10,0.025,0.15,1.0,0.8449675035608539,0.8661102514626434,0.884939909066237,0.8337177658640561,0.8167790743770418,0.914357360244364,0.9128439219804121,0.9081550772572032,0.8718760916974285,0.9044854499069616,0.8888664936813713
0,1,2.2998605843746303,0.10854331653467722,4167,2.3011954171316966,0.10551558752997602,834,2.3005529506297053,0.0999,0.9245921481552086,0.08200362825117233,,,0.6143638947550321,,0.6143981779472198,0.38560182205278015,0,0.14027808609715772,10,0.025,0.15,0.8449675035608539,1.0,0.8597822976353516,0.7989957904302657,0.8412892743563752,0.8630798407420815,0.9073737431046356,0.8226349675551649,0.8600709561421245,0.8445511164932711,0.8773674923114737,0.9046682040033904
0,2,2.299896886854461,0.10573554115670747,4167,2.3013650349208286,0.10671462829736211,834,2.3005086108099055,0.0998,0.9375551222723099,0.08315333616579103,,,0.7350969478400008,,0.7351421828324338,0.2648578171675662,0,0.14066029040848854,10,0.025,0.15,0.8661102514626434,0.8597822976353516,1.0,0.8764924346734273,0.7878970777562713,0.86954039623485,0.8979422192303532,0.8368812579152826,0.8913091432604585,0.8782909977060515,0.8860341827416943,0.9206683209166149
0,3,2.299879475073381,0.12567794576433886,4167,2.3004476683480397,0.08872901678657075,834,2.300545239750343,0.0999,0.9290181207333754,0.08239617518191801,,,0.6555860076286119,,0.6556254229175951,0.34437457708240493,0,0.14035807773282277,10,0.025,0.15,0.884939909066237,0.7989957904302657,0.8764924346734273,1.0,0.865805866335379,0.8452496663676267,0.8938124333102528,0.8509090295989921,0.8710995653555882,0.8766722944223441,0.8427824300775636,0.8679138551974143
0,4,2.299497838453813,0.10472762179025678,4167,2.298384189605713,0.09603841536614646,833,2.3006017117560664,0.1,0.9220649653610494,0.08177948817082611,,,0.5908265111510553,,0.5908550774867555,0.4091449225132445,0,0.13980231798726755,10,0.025,0.15,0.8337177658640561,0.8412892743563752,0.7878970777562713,0.865805866335379,1.0,0.870812335259936,0.8573003680301916,0.8400746989138757,0.8997129274403499,0.9044978032834109,0.8506181608023209,0.8445662179983242
0,5,2.300540141625838,0.12229421646268299,4167,2.3001108510153636,0.09123649459783914,833,2.300614335868932,0.1,0.9176814681014364,0.08139070844731823,,,0.55,,0.5500404350481095,0.4499595649518905,0,0.1396737126319537,10,0.025,0.15,0.8167790743770418,0.8630798407420815,0.86954039623485,0.8452496663676267,0.870812335259936,1.0,0.8540687849352203,0.7827293349299255,0.875551866805585,0.8381104817663719,0.8156919827140033,0.9152456366025252
0,6,2.3000417131366153,0.10362371010319174,4167,2.3021608761378696,0.08523409363745499,833,2.300483881672726,0.0998,0.9627764026591638,0.0853902538218503,,,0.969999999894988,,0.9700285520951957,0.029971447904804327,0,0.1409374730857778,10,0.025,0.15,0.914357360244364,0.9073737431046356,0.8979422192303532,0.8938124333102528,0.8573003680301916,0.8540687849352203,1.0,0.88488742892824,0.9164146368489186,0.9004067737999248,0.9215227033805222,0.9072259831053465
0,7,2.299205133409211,0.10727141828653708,4167,2.300823211669922,0.10204081632653061,833,2.300553602508352,0.0999,0.924233312303259,0.08197180249766017,,,0.6110218107879696,,0.6110808535921176,0.3889191464078824,0,0.14027171859714596,10,0.025,0.15,0.9128439219804121,0.8226349675551649,0.8368812579152826,0.8509090295989921,0.8400746989138757,0.7827293349299255,0.88488742892824,1.0,0.9081823452729668,0.8799186295377529,0.8724330549158444,0.829241709298768
0,8,2.3001583431706285,0.1115218434949592,4166,2.2998364652906145,0.09483793517406963,833,2.300483881672726,0.0998,0.9621539157576539,0.08533504441458409,,,0.9642023531940245,,0.9642356125497186,0.03576438745028143,0,0.1409374415500097,10,0.025,0.15,0.9081550772572032,0.8600709561421245,0.8913091432604585,0.8710995653555882,0.8997129274403499,0.875551866805585,0.9164146368489186,0.9081823452729668,1.0,0.9270665766967396,0.8995446362794896,0.8912040447865726
0,9,2.299477941339666,0.11586653864618339,4166,2.2994439942496165,0.11044417767106843,833,2.3004859972603713,0.0998,0.950760165635437,0.0843245136078135,,,0.8580845575465165,,0.8581224934396198,0.14187750656038023,0,0.14090980408290774,10,0.025,0.15,0.8718760916974285,0.8445511164932711,0.8782909977060515,0.8766722944223441,0.9044978032834109,0.8381104817663719,0.9004067737999248,0.8799186295377529,0.9270665766967396,1.0,0.9272847496152998,0.8711838229867518
0,10,2.299650546276208,0.10832933269323092,4166,2.2991769995008196,0.11404561824729892,833,2.3004865555823604,0.0998,0.9480263579334043,0.08408204761785784,,,0.8326227347092575,,0.8326566651812976,0.16734333481870245,0,0.14090461342762658,10,0.025,0.15,0.9044854499069616,0.8773674923114737,0.8860341827416943,0.8427824300775636,0.8506181608023209,0.8156919827140033,0.9215227033805222,0.8724330549158444,0.8995446362794896,0.9272847496152998,1.0,0.8912715008553832
0,11,2.3012584339488638,0.11843494959193471,4166,2.299132858003889,0.0936374549819928,833,2.3004858342907095,0.0998,0.9518435042625817,0.0844205967275196,,,0.8681744318915962,,0.8682064993150798,0.13179350068492024,0,0.14091127742488796,10,0.025,0.15,0.8888664936813713,0.9046682040033904,0.9206683209166149,0.8679138551974143,0.8445662179983242,0.9152456366025252,0.9072259831053465,0.829241709298768,0.8912040447865726,0.8711838229867518,0.8912715008553832,1.0
1,0,2.264899424350623,0.17237820974322055,4167,2.294170924595424,0.15587529976019185,834,2.292754776870148,0.1515,0.9883803730122646,0.08358490742203961,,,0.7923428016128012,,0.7923701539832648,0.20762984601673518,0.693252226396677,0.14823591209794929,10,0.025,0.15,1.0,0.9751193303327068,0.9731888760060853,0.9745490046617664,0.9719281086000099,0.968053718435789,0.9788234571395545,0.9779001983957758,0.9776410059060937,0.9741667472458345,0.9793182899071178,0.9741620117008415
1,1,2.253560278632424,0.16947444204463644,4167,2.2940657820020403,0.15587529976019185,834,2.2928742577758014,0.1549,0.98741725870684,0.08247711039440447,,,0.6150794467511075,,0.6151243584030631,0.3848756415969369,0.6940530885264379,0.1479781601812246,10,0.025,0.15,0.9751193303327068,1.0,0.972464518422511,0.9706998137962468,0.9740488932865012,0.9702847684779334,0.9794282989502803,0.9715446957516871,0.9751913467567561,0.9757442824356675,0.9767150784634988,0.9727165127040707
1,2,2.2561456752545905,0.15337173026157908,4167,2.293331895555769,0.15827338129496402,834,2.2927696976480605,0.1515,0.9886231545766024,0.08322397201772115,,,0.7345879791482255,,0.7346305556930898,0.26536944430691023,0.6927682581683102,0.1481970113009036,10,0.025,0.15,0.9731888760060853,0.972464518422511,1.0,0.9782753895430023,0.9664031110000285,0.9737832149410423,0.9821733660293526,0.9755971781820423,0.978319551785621,0.974987677381379,0.9786483489684087,0.9739745906216569
1,3,2.25754005836718,0.15603551715862732,4167,2.2931927953447615,0.14628297362110312,834,2.292843984652169,0.155,0.986967202613366,0.08270418971199074,,,0.6514153825325705,,0.6514581373471308,0.34854186265286924,0.6948739417718224,0.1480598193879898,10,0.025,0.15,0.9745490046617664,0.9706998137962468,0.9782753895430023,1.0,0.9700606750487338,0.9688455048598995,0.9781728135412804,0.9745743667566881,0.9753862257844258,0.9761419976733178,0.9724135987425749,0.9694212589378512
1,4,2.259415240721269,0.13902087832973362,4167,2.2901766981397356,0.15966386554621848,833,2.2929282218595093,0.155,0.9875694342159426,0.08234405483071768,,,0.5937886551947468,,0.5938258157152052,0.4061741842847948,0.6990215239765293,0.14786989196750885,10,0.025,0.15,0.9719281086000099,0.9740488932865012,0.9664031110000285,0.9700606750487338,1.0,0.9787952052922583,0.9765232662491037,0.9759786923700754,0.9772627799476352,0.9791637662978505,0.9762742748349037,0.9696852420864276
1,5,2.270518412734523,0.17144228461723063,4167,2.291664327893938,0.14765906362545017,833,2.2929800763914856,0.1546,0.986510461505358,0.08207040017656353,,,0.55,,0.5500404350481095,0.4499595649518905,0.698325767387842,0.1477136356531519,10,0.025,0.15,0.968053718435789,0.9702847684779334,0.9737832149410423,0.9688455048598995,0.9787952052922583,1.0,0.9766343001018233,0.9695464064733849,0.9749535221939871,0.9750146901701897,0.9722187571126982,0.9754499770026646
1,6,2.255864384680083,0.15985121190304777,4167,2.2936656134469167,0.13925570228091236,833,2.292730705647529,0.1516,0.9915270845605428,0.08469516575088382,,,0.9699999998399857,,0.9700285520951957,0.029971447904804327,0.6946413352112166,0.14828957983572513,10,0.025,0.15,0.9788234571395545,0.9794282989502803,0.9821733660293526,0.9781728135412804,0.9765232662491037,0.9766343001018233,1.0,0.9787171846907848,0.982032673256233,0.9783567302832775,0.9777514301144297,0.9734470637234068
1,7,2.261844699310534,0.14984401247900167,4167,2.294116190501622,0.1452581032412965,833,2.2928738775132578,0.1548,0.9885580906639466,0.08249448212315945,,,0.6178591715942297,,0.6179052994669175,0.3820947005330825,0.6940903860200741,0.14798387986199862,10,0.025,0.15,0.9779001983957758,0.9715446957516871,0.9755971781820423,0.9745743667566881,0.9759786923700754,0.9695464064733849,0.9787171846907848,1.0,0.9812036300264724,0.9775261286439314,0.9768255466171398,0.9680551644042803
1,8,2.2610178846301454,0.1544407105136822,4166,2.292113644736154,0.1452581032412965,833,2.2927307599707496,0.1516,0.9910631348407904,0.0846461448732003,,,0.9621559589013712,,0.9621891039923421,0.03781089600765786,0.6946414475098663,0.14828946583150499,10,0.025,0.15,0.9776410059060937,0.9751913467567561,0.978319551785621,0.9753862257844258,0.9772627799476352,0.9749535221939871,0.982032673256233,0.9812036300264724,1.0,0.979638494451975,0.9786964360981986,0.976098483862693
1,9,2.250027616818746,0.16512241958713395,4166,2.2910527842385426,0.15846338535414164,833,2.292735087720654,0.1515,0.9900910454360918,0.0839925398034373,,,0.8575698077107212,,0.8576108663002756,0.1423891336997244,0.6957109178875858,0.14827478145878992,10,0.025,0.15,0.9741667472458345,0.9757442824356675,0.974987677381379,0.9761419976733178,0.9791637662978505,0.9750146901701897,0.9783567302832775,0.9775261286439314,0.979638494451975,1.0,0.9810382312489745,0.9734686381612964
1,10,2.2555765932256526,0.16260201632261162,4166,2.290961606161935,0.16926770708283315,833,2.2927372455596924,0.1515,0.9899418593414842,0.08383843783703115,,,0.8329112909657808,,0.8329454869535079,0.1670545130464921,0.6956391948913426,0.14826892290827715,10,0.025,0.15,0.9793182899071178,0.9767150784634988,0.9786483489684087,0.9724135987425749,0.9762742748349037,0.9722187571126982,0.9777514301144297,0.9768255466171398,0.9786964360981986,0.9810382312489745,1.0,0.9734950281492202
1,11,2.266285835612904,0.16596255400864138,4166,2.292116948536464,0.14645858343337334,833,2.29273536537267,0.1515,0.9862919432795164,0.08392859505885104,,,0.847337734805335,,0.847378323513393,0.15262167648660696,0.6956927277212775,0.14827248666708817,10,0.025,0.15,0.9741620117008415,0.9727165127040707,0.9739745906216569,0.9694212589378512,0.9696852420864276,0.9754499770026646,0.9734470637234068,0.9680551644042803,0.976098483862693,0.9734686381612964,0.9734950281492202,1.0
2,0,2.173861669771599,0.2132949364050876,4167,2.2828066689627513,0.1774580335731415,834,2.2802706730516653,0.1787,0.9841295976898272,0.08346152191375307,,,0.7701232912974667,,0.7701556336749682,0.2298443663250318,0.8917835334584435,0.14763429145461215,10,0.025,0.15,1.0,0.9683933579433892,0.9582051350044147,0.9560949883683701,0.9669824553109694,0.9726612640096562,0.9651600956387458,0.9692998960656893,0.9691724553083555,0.96823761362006,0.9722095492731221,0.9654559264289496
2,1,2.155440246697628,0.2259659227261819,4167,2.282538993018014,0.18345323741007194,834,2.280580659455891,0.1803,0.9835841715785627,0.08276087570792917,,,0.5792738393288912,,0.5793187106996088,0.42068128930039117,0.8885459283097776,0.14705935177411864,10,0.025,0.15,0.9683933579433892,1.0,0.9648229358770195,0.9524762482019858,0.967603018644677,0.9701770526785455,0.9657116024182494,0.9639289125466214,0.9659114448931186,0.9685416926622209,0.9721180581761809,0.9660948462510895
2,2,2.167179511171399,0.21475881929445645,4167,2.2808177130562917,0.18345323741007194,834,2.2803037317493295,0.1785,0.982562760723148,0.08318816874031579,,,0.6956644518564827,,0.6957056328497632,0.30429436715023683,0.8918901983579252,0.14752840643949017,10,0.025,0.15,0.9582051350044147,0.9648229358770195,1.0,0.9630590649144383,0.9607605672523098,0.9671119925731427,0.9700612118247345,0.9642049710928325,0.9610891793599657,0.9679116773289776,0.9674641805468237,0.9687055415365596
2,3,2.166969292452841,0.20832733381329493,4167,2.2811777591705322,0.17625899280575538,834,2.280541223815725,0.1804,0.9778199387068027,0.08271383647705068,,,0.56646079422915,,0.5664950240134673,0.4335049759865327,0.8881882008861095,0.14701187478008965,10,0.025,0.15,0.9560949883683701,0.9524762482019858,0.9630590649144383,1.0,0.9597699549949585,0.9628546418383845,0.9635668919007212,0.9649121365508672,0.9588514389158019,0.9597729897611522,0.9571668480794703,0.9591901045727774
2,4,2.1655601010178076,0.20962323014158868,4167,2.2766689913613454,0.1836734693877551,833,2.280656820611109,0.183,0.9861032008103072,0.08276058282593315,,,0.5791940610214278,,0.579236190193263,0.420763809806737,0.8875262081406068,0.1470592939116716,10,0.025,0.15,0.9669824553109694,0.967603018644677,0.9607605672523098,0.9597699549949585,1.0,0.9729149801084747,0.9673336815005542,0.9738839476644712,0.9701330474949318,0.9747860296387031,0.9712028136824359,0.9702632717394205
2,5,2.181950196352872,0.2187664986801056,4167,2.278125081743513,0.18247298919567828,833,2.280777671669103,0.1827,0.98799949121795,0.08265340563534514,,,0.55,,0.5500404350481095,0.4499595649518905,0.8865052799347074,0.14690524639776448,10,0.025,0.15,0.9726612640096562,0.9701770526785455,0.9671119925731427,0.9628546418383845,0.9729149801084747,1.0,0.9748987136376802,0.9681872291534711,0.9688785499519029,0.9753740428028963,0.9690836628783199,0.9758419580275538
2,6,2.1665995587002147,0.2166066714662827,4167,2.2802652290889194,0.17286914765906364,833,2.280214804637281,0.179,0.9856496436774311,0.08419530896920245,,,0.9699999997276094,,0.9700285520951957,0.029971447904804327,0.891979694362011,0.14774430094385166,10,0.025,0.15,0.9651600956387458,0.9657116024182494,0.9700612118247345,0.9635668919007212,0.9673336815005542,0.9748987136376802,1.0,0.9673407214709636,0.9699467062378123,0.9721819120163464,0.9665300286579632,0.9666882639696542
2,7,2.170047554102811,0.2184065274778018,4167,2.2831127302987233,0.16926770708283315,833,2.2804992470560195,0.1804,0.9856903918904527,0.08283992574828274,,,0.6008063285569333,,0.6008565628558696,0.39914343714413036,0.8917234707716614,0.14729084724246905,10,0.025,0.15,0.9692998960656893,0.9639289125466214,0.9642049710928325,0.9649121365508672,0.9738839476644712,0.9681872291534711,0.9673407214709636,1.0,0.9651947903610462,0.9750034877623268,0.9723705146330702,0.9664041946917229
2,8,2.1720446890050713,0.21171387421987517,4166,2.2797097137996127,0.17406962785114047,833,2.280215275438526,0.179,0.9845663183729385,0.0841299373175864,,,0.9521933752408152,,0.9522371309270353,0.047762869072964675,0.8919785757458963,0.14774387248286822,10,0.025,0.15,0.9691724553083555,0.9659114448931186,0.9610891793599657,0.9588514389158019,0.9701330474949318,0.9688785499519029,0.9699467062378123,0.9651947903610462,1.0,0.9685564091344664,0.9710238653860084,0.967732141594462
2,9,2.1535626819639493,0.2169947191550648,4166,2.277583156313215,0.19327731092436976,833,2.280229073536547,0.179,0.9880705020772365,0.0838406947596972,,,0.8734064165728084,,0.8734382994174053,0.12656170058259475,0.8920120512921059,0.14770679572472248,10,0.025,0.15,0.96823761362006,0.9685416926622209,0.9679116773289776,0.9597729897611522,0.9747860296387031,0.9753740428028963,0.9721819120163464,0.9750034877623268,0.9685564091344664,1.0,0.9743084922035086,0.973679456655147
2,10,2.162723562934182,0.2187950072011522,4166,2.2777720860072543,0.19207683073229292,833,2.280235800562026,0.179,0.9872339994995044,0.08371855003767824,,,0.8401353404370844,,0.8401660312587678,0.15983396874123224,0.8919210464035371,0.14769606430581922,10,0.025,0.15,0.9722095492731221,0.9721180581761809,0.9674641805468237,0.9571668480794703,0.9712028136824359,0.9690836628783199,0.9665300286579632,0.9723705146330702,0.9710238653860084,0.9743084922035086,1.0,0.974920951947038
2,11,2.1735867135452502,0.21500240038406146,4166,2.280687536512102,0.17647058823529413,833,2.2802325683304026,0.179,0.9860955442543281,0.08373719186722589,,,0.8452131998806782,,0.8452492944496708,0.15475070555032922,0.8919304665685096,0.14769795702947167,10,0.025,0.15,0.9654559264289496,0.9660948462510895,0.9687055415365596,0.9591901045727774,0.9702632717394205,0.9758419580275538,0.9666882639696542,0.9664041946917229,0.967732141594462,0.973679456655147,0.974920951947038,1.0
3,0,2.0989173939733794,0.23858891288696904,4167,2.2668207032339915,0.18944844124700239,834,2.262890936453131,0.2022,0.9826053403595131,0.08341246316039524,,,0.97,,0.9700285520951957,0.029971447904804327,0.9542763363007178,0.14739047828911578,10,0.025,0.15,1.0,0.9607576070643573,0.9523857156442284,0.9580944901380841,0.9650220449508216,0.9692520238313471,0.9610489206029822,0.9650986633886963,0.9615246206783645,0.9643112189944051,0.9654298514134068,0.9631797343254954
3,1,2.077194542234594,0.2574754019678426,4167,2.265892812183925,0.1906474820143885,834,2.2633052807819993,0.2001,0.9815754061132274,0.08294667464065407,,,0.97,,0.9700285520951957,0.029971447904804327,0.950225902632438,0.14739047828911578,10,0.025,0.15,0.9607576070643573,1.0,0.9616676864464947,0.9513976380524155,0.963870553455741,0.9654455315380797,0.9595406922262781,0.9589179641128516,0.9552407874706099,0.9652431201100901,0.968404296186282,0.9637490507564729
3,2,2.0912972551403626,0.2503719702423806,4167,2.263476950781686,0.2038369304556355,834,2.2629451932786386,0.2021,0.9795471322626511,0.0831444676231061,,,0.97,,0.9700285520951957,0.029971447904804327,0.9532955148042375,0.14739047828911578,10,0.025,0.15,0.9523857156442284,0.9616676864464947,1.0,0.9609782819851213,0.9589082432862037,0.9643941916447782,0.9584884561561977,0.9563574257777906,0.9527545804373454,0.9645729388452926,0.959813365643795,0.9599248496146021
3,3,2.095911124980811,0.2394528437724982,4167,2.264194897242955,0.18944844124700239,834,2.263247121738482,0.2,0.9789582812829425,0.08283265296648873,,,0.97,,0.9700285520951957,0.029971447904804327,0.9499574257859565,0.14739047828911578,10,0.025,0.15,0.9580944901380841,0.9513976380524155,0.9609782819851213,1.0,0.9584693459782331,0.9640921977494805,0.9594217448737611,0.96193088048961,0.9542823320944153,0.9603777738515211,0.9545037791956729,0.9599499907753509
3,4,2.0867800438042843,0.2479001679865611,4167,2.2583875315529958,0.234093637454982,833,2.263408688050282,0.2066,0.9848600754540152,0.08305316931895163,,,0.97,,0.9700285520951957,0.029971447904804327,0.9502253391833078,0.14739047828911578,10,0.025,0.15,0.9650220449508216,0.963870553455741,0.9589082432862037,0.9584693459782331,1.0,0.964667311924749,0.9597266062149521,0.9701473115803961,0.9641869558926087,0.96883755704708,0.9692815851572019,0.9698064879903034
3,5,2.106012921261065,0.24986801055915528,4167,2.2593468938555037,0.2064825930372149,833,2.2635856157616723,0.2065,0.985663151785912,0.08301311605157788,,,0.97,,0.9700285520951957,0.029971447904804327,0.9492465364618489,0.14739047828911578,10,0.025,0.15,0.9692520238313471,0.9654455315380797,0.9643941916447782,0.9640921977494805,0.964667311924749,1.0,0.9682708725711564,0.9641257364617812,0.9580430139894027,0.9702102901065904,0.9634074982236721,0.9705356771335931
3,6,2.0922118403694845,0.2560355171586273,4167,2.2616431372506276,0.20528211284513806,833,2.262799972220312,0.2062,0.9808216357103755,0.08380732365546743,,,0.97,,0.9700285520951957,0.029971447904804327,0.9551478307364253,0.14739047828911578,10,0.025,0.15,0.9610489206029822,0.9595406922262781,0.9584884561561977,0.9594217448737611,0.9597266062149521,0.9682708725711564,1.0,0.9559844307395693,0.9576410607649964,0.9654149203135116,0.9585735134316011,0.960606931871283
3,7,2.09307093222936,0.25404367650587956,4167,2.2672881058284213,0.1836734693877551,833,2.2632189974000183,0.2,0.982362125726376,0.08302100322935073,,,0.97,,0.9700285520951957,0.029971447904804327,0.9515200750845929,0.14739047828911578,10,0.025,0.15,0.9650986633886963,0.9589179641128516,0.9563574257777906,0.96193088048961,0.9701473115803961,0.9641257364617812,0.9559844307395693,1.0,0.957847986772516,0.9667430010353598,0.9644361420082191,0.9620070824980224
3,8,2.0938145843419163,0.2454872779644743,4166,2.2625722544533864,0.20048019207683074,833,2.2628005577039114,0.2062,0.9794452536728974,0.08372228510838449,,,0.97,,0.9700285520951957,0.029971447904804327,0.955149428046516,0.14739047828911578,10,0.025,0.15,0.9615246206783645,0.9552407874706099,0.9527545804373454,0.9542823320944153,0.9641869558926087,0.9580430139894027,0.9576410607649964,0.957847986772516,1.0,0.9597678861710273,0.9636197661760034,0.9634899871688352
3,9,2.0776474154356754,0.25235237638022084,4166,2.258653061730521,0.22208883553421369,833,2.2628243331667743,0.2062,0.9858988273026668,0.08375339670458362,,,0.97,,0.9700285520951957,0.029971447904804327,0.954679629570567,0.14739047828911578,10,0.025,0.15,0.9643112189944051,0.9652431201100901,0.9645729388452926,0.9603777738515211,0.96883755704708,0.9702102901065904,0.9654149203135116,0.9667430010353598,0.9597678861710273,1.0,0.9700789577405398,0.9692526579256078
3,10,2.085021608164816,0.2519443110897744,4166,2.2592808519090926,0.22448979591836735,833,2.2628330490257165,0.2062,0.9845494553121894,0.08363420305862977,,,0.97,,0.9700285520951957,0.029971447904804327,0.9546720694416723,0.14739047828911578,10,0.025,0.15,0.9654298514134068,0.968404296186282,0.959813365643795,0.9545037791956729,0.9692815851572019,0.9634074982236721,0.9585735134316011,0.9644361420082191,0.9636197661760034,0.9700789577405398,1.0,0.9713204921140819
3,11,2.097003822976893,0.24762361977916467,4166,2.264715705599104,0.20888355342136855,833,2.262828875191604,0.2061,0.9849663173659544,0.08365924448241047,,,0.97,,0.9700285520951957,0.029971447904804327,0.9546496660065064,0.14739047828911578,10,0.025,0.15,0.9631797343254954,0.9637490507564729,0.9599248496146021,0.9599499907753509,0.9698064879903034,0.9705356771335931,0.960606931871283,0.9620070824980224,0.9634899871688352,0.9692526579256078,0.9713204921140819,1.0
4,0,2.0400854562268114,0.26268298536117113,4167,2.2455966813223704,0.2302158273381295,834,2.2398919817767564,0.2397,0.9798696706612071,0.08339735279106285,,,0.97,,0.9700285520951957,0.029971447904804327,0.9771654368698349,0.14691066519288595,10,0.025,0.15,1.0,0.9554113749462245,0.9500198891101287,0.9545264035488872,0.955635207700729,0.9624640473591553,0.9570180447331943,0.9580453319397287,0.951221362878777,0.9584924031376941,0.9586364194983307,0.9547669483204724
4,1,2.016650918758277,0.2817134629229662,4167,2.2435905933380127,0.21942446043165467,834,2.240439583983602,0.237,0.978917639444266,0.08307861770257055,,,0.97,,0.9700285520951957,0.029971447904804327,0.9771654368698349,0.14691066519288595,10,0.025,0.15,0.9554113749462245,1.0,0.9577412394710547,0.9471773337559296,0.9570143748465454,0.9595498736598608,0.9537211294067396,0.9508833290974413,0.9450686159943328,0.9594670433610382,0.9609547446419769,0.9582689399815085
4,2,2.0303291057095385,0.2730261579073674,4167,2.2406250408717563,0.23261390887290168,834,2.2399724314484417,0.2397,0.9780149645594565,0.08317146735944218,,,0.97,,0.9700285520951957,0.029971447904804327,0.9771654368698349,0.14691066519288595,10,0.025,0.15,0.9500198891101287,0.9577412394710547,1.0,0.9534013280052527,0.9527381920792,0.9587519384666281,0.9516933830186587,0.9532086406533468,0.9485265130456806,0.959136011924065,0.9557130765043244,0.9536861659301582
4,3,2.042272663116455,0.2623230141588673,4167,2.2413268429892406,0.2290167865707434,834,2.240356372881539,0.2371,0.9770450257739679,0.08294727946301451,,,0.97,,0.9700285520951957,0.029971447904804327,0.9771654368698349,0.14691066519288595,10,0.025,0.15,0.9545264035488872,0.9471773337559296,0.9534013280052527,1.0,0.9543517925010228,0.9566610911889696,0.951643212268687,0.9523515139144936,0.9497954588925352,0.9543096492669766,0.9520167908092105,0.9571161193595128
4,4,2.024643538576184,0.27410607151427885,4167,2.2346150875091553,0.26290516206482595,833,2.2405800759037837,0.2387,0.9809128112907964,0.08320929080885471,,,0.97,,0.9700285520951957,0.029971447904804327,0.9771654368698349,0.14691066519288595,10,0.025,0.15,0.955635207700729,0.9570143748465454,0.9527381920792,0.9543517925010228,1.0,0.9543427969725425,0.9495228310968011,0.9609887238397986,0.9579065997475624,0.960522012421218,0.9637987874027945,0.961814654691312
4,5,2.0499484737714133,0.273050155987521,4167,2.234665632247925,0.25210084033613445,833,2.240822598903994,0.2382,0.9815609521980156,0.08320562054204943,,,0.97,,0.9700285520951957,0.029971447904804327,0.9771654368698349,0.14691066519288595,10,0.025,0.15,0.9624640473591553,0.9595498736598608,0.9587519384666281,0.9566610911889696,0.9543427969725425,1.0,0.9599442394379416,0.9564327490536182,0.948395181114417,0.963245892536722,0.955074265885782,0.9614334398532483
4,6,2.0310728279027073,0.2789536837053036,4167,2.2369906221117293,0.25210084033613445,833,2.2397454177276996,0.2442,0.9766297818845326,0.08353595654044031,,,0.97,,0.9700285520951957,0.029971447904804327,0.9771654368698349,0.14691066519288595,10,0.025,0.15,0.9570180447331943,0.9537211294067396,0.9516933830186587,0.951643212268687,0.9495228310968011,0.9599442394379416,1.0,0.9451896666780109,0.9487934413429876,0.9579716715178259,0.9496596189970343,0.9527530162951817
4,7,2.032515583255074,0.27746580273578114,4167,2.246109587805612,0.2148859543817527,833,2.2403503067885775,0.2371,0.9783176402204673,0.08310502969044445,,,0.97,,0.9700285520951957,0.029971447904804327,0.9771654368698349,0.14691066519288595,10,0.025,0.15,0.9580453319397287,0.9508833290974413,0.9532086406533468,0.9523515139144936,0.9609887238397986,0.9564327490536182,0.9451896666780109,1.0,0.9490982443081682,0.9602654611627083,0.957218099371673,0.954554133982395
4,8,2.0327135779640892,0.2650024003840615,4166,2.239874839782715,0.22929171668667467,833,2.239746132983437,0.2442,0.9754596037804528,0.08344536622792142,,,0.97,,0.9700285520951957,0.029971447904804327,0.9771654368698349,0.14691066519288595,10,0.025,0.15,0.951221362878777,0.9450686159943328,0.9485265130456806,0.9497954588925352,0.9579065997475624,0.948395181114417,0.9487934413429876,0.9490982443081682,1.0,0.9512617324071421,0.9570993864101308,0.9569790016815232
4,9,2.021440750541109,0.27337974075852134,4166,2.2336243220738004,0.2605042016806723,833,2.2397866128366206,0.2435,0.9827457459999953,0.08370151360821233,,,0.97,,0.9700285520951957,0.029971447904804327,0.9771654368698349,0.14691066519288595,10,0.025,0.15,0.9584924031376941,0.9594670433610382,0.959136011924065,0.9543096492669766,0.960522012421218,0.963245892536722,0.9579716715178259,0.9602654611627083,0.9512617324071421,1.0,0.9644697686644601,0.9607439710482403
4,10,2.0215568759224634,0.2775324051848296,4166,2.234771490097046,0.2617046818727491,833,2.23979765252222,0.2434,0.9817973038041593,0.08359703154456577,,,0.97,,0.9700285520951957,0.029971447904804327,0.9771654368698349,0.14691066519288595,10,0.025,0.15,0.9586364194983307,0.9609547446419769,0.9557130765043244,0.9520167908092105,0.9637987874027945,0.955074265885782,0.9496596189970343,0.957218099371673,0.9570993864101308,0.9644697686644601,1.0,0.9641088651167989
4,11,2.0423290458592502,0.26905904944791165,4166,2.2437047277178084,0.23289315726290516,833,2.2397924918162673,0.2434,0.981581137770076,0.0836054737214217,,,0.97,,0.9700285520951957,0.029971447904804327,0.9771654368698349,0.14691066519288595,10,0.025,0.15,0.9547669483204724,0.9582689399815085,0.9536861659301582,0.9571161193595128,0.961814654691312,0.9614334398532483,0.9527530162951817,0.954554133982395,0.9569790016815232,0.9607439710482403,0.9641088651167989,1.0
5,0,1.9912390849807047,0.28159347252219824,4167,2.2199437618255615,0.2434052757793765,834,2.2119224373298354,0.2745,0.977790617258609,0.08336860566896186,,,0.97,,0.9700285520951957,0.029971447904804327,0.98534178083532,0.14668846131264288,10,0.025,0.15,1.0,0.9499990886901544,0.9461840486409828,0.9522859488453834,0.9541507343277141,0.9564951751075952,0.9512628109294229,0.9549952002152213,0.9508727168061162,0.9539402689534303,0.9540444225684066,0.9501888320134696
5,1,1.964828442443501,0.2945044396448284,4167,2.2163561412266324,0.2517985611510791,834,2.212634442727777,0.2727,0.9769995684101207,0.08314583036733748,,,0.97,,0.9700285520951957,0.029971447904804327,0.98534178083532,0.14668846131264288,10,0.025,0.15,0.9499990886901544,1.0,0.9538017606835645,0.9452377923810854,0.9545134959544626,0.9519716059389014,0.9508493060453195,0.9465852903008176,0.9451673936097712,0.9560748592072232,0.9583493406956465,0.9527076374852115
5,2,1.9819166042587975,0.29112071034317255,4167,2.2133283274514333,0.27697841726618705,834,2.212032788916479,0.2743,0.9770629159014103,0.08320528982828004,,,0.97,,0.9700285520951957,0.029971447904804327,0.98534178083532,0.14668846131264288,10,0.025,0.15,0.9461840486409828,0.9538017606835645,1.0,0.9529433954884009,0.952850516103824,0.9542389568335141,0.9469453969127023,0.9518851622026782,0.9485555212350882,0.9552418102519723,0.9538450621230155,0.949545201384984
5,3,1.9938053745211977,0.28056155507559394,4167,2.213221549987793,0.2697841726618705,834,2.2125204273417025,0.2726,0.9766680651585515,0.08305385304717232,,,0.97,,0.9700285520951957,0.029971447904804327,0.98534178083532,0.14668846131264288,10,0.025,0.15,0.9522859488453834,0.9452377923810854,0.9529433954884009,1.0,0.9533617813199451,0.9516060671067481,0.9478186087548345,0.951980920441643,0.9505958085131098,0.9502695185114463,0.9522370807759917,0.9531693773555662
5,4,1.9745022578672928,0.2911447084233261,4167,2.2058749198913574,0.2917166866746699,833,2.2128176538250113,0.2723,0.9800653585430765,0.08332635959045158,,,0.97,,0.9700285520951957,0.029971447904804327,0.98534178083532,0.14668846131264288,10,0.025,0.15,0.9541507343277141,0.9545134959544626,0.952850516103824,0.9533617813199451,1.0,0.9510406056046395,0.9448186335287622,0.9586731679691,0.9550472984116722,0.9568226294770059,0.9615959010648647,0.9583225554784506
5,5,2.0031104550217136,0.28468922486201104,4167,2.2047442368098666,0.28811524609843936,833,2.2131295355060434,0.2715,0.9789920299087523,0.08328916873551033,,,0.97,,0.9700285520951957,0.029971447904804327,0.98534178083532,0.14668846131264288,10,0.025,0.15,0.9564951751075952,0.9519716059389014,0.9542389568335141,0.9516060671067481,0.9510406056046395,1.0,0.9545249716213297,0.955192596156318,0.9471558214758398,0.9573967805495497,0.9536663205564978,0.9553098274429539
5,6,1.9845853982549726,0.2978641708663307,4167,2.207116195133754,0.28691476590636256,833,2.2117051021962224,0.2768,0.9740478171840488,0.08333251241562396,,,0.97,,0.9700285520951957,0.029971447904804327,0.98534178083532,0.14668846131264288,10,0.025,0.15,0.9512628109294229,0.9508493060453195,0.9469453969127023,0.9478186087548345,0.9448186335287622,0.9545249716213297,1.0,0.9439729911793777,0.9450414207044043,0.9523700506091556,0.9475199631859567,0.9452796697604564
5,7,1.9832604480512215,0.29656827453803697,4167,2.2200450556618825,0.25570228091236497,833,2.212540505807611,0.2724,0.9779780707943693,0.08319399456312335,,,0.97,,0.9700285520951957,0.029971447904804327,0.98534178083532,0.14668846131264288,10,0.025,0.15,0.9549952002152213,0.9465852903008176,0.9518851622026782,0.951980920441643,0.9586731679691,0.955192596156318,0.9439729911793777,1.0,0.9502980046461899,0.9569718934718531,0.954507048513337,0.9517172387712555
5,8,1.981200299840985,0.2840374459913586,4166,2.2121836117335727,0.2605042016806723,833,2.2117059230804443,0.2769,0.9758778864479708,0.08333605408022818,,,0.97,,0.9700285520951957,0.029971447904804327,0.98534178083532,0.14668846131264288,10,0.025,0.15,0.9508727168061162,0.9451673936097712,0.9485555212350882,0.9505958085131098,0.9550472984116722,0.9471558214758398,0.9450414207044043,0.9502980046461899,1.0,0.9484208826374022,0.9556697271469481,0.9550947914824436
5,9,1.9751709045785846,0.29219875180028804,4166,2.2032863753182546,0.3013205282112845,833,2.211770274971105,0.2764,0.9799750641342777,0.08362770711860083,,,0.97,,0.9700285520951957,0.029971447904804327,0.98534178083532,0.14668846131264288,10,0.025,0.15,0.9539402689534303,0.9560748592072232,0.9552418102519723,0.9502695185114463,0.9568226294770059,0.9573967805495497,0.9523700506091556,0.9569718934718531,0.9484208826374022,1.0,0.9581693990999697,0.9542197007766474
5,10,1.9728067188551932,0.292774843975036,4166,2.2050111293792725,0.2965186074429772,833,2.2117838859558105,0.2764,0.9808329494556065,0.08359103000295708,,,0.97,,0.9700285520951957,0.029971447904804327,0.98534178083532,0.14668846131264288,10,0.025,0.15,0.9540444225684066,0.9583493406956465,0.9538450621230155,0.9522370807759917,0.9615959010648647,0.9536663205564978,0.9475199631859567,0.954507048513337,0.9556697271469481,0.9581693990999697,1.0,0.960403097911357
5,11,1.9939302982706013,0.28643783005280843,4166,2.2177320889064243,0.2617046818727491,833,2.2117776086058796,0.2763,0.978784325837311,0.08352959458175292,,,0.97,,0.9700285520951957,0.029971447904804327,0.98534178083532,0.14668846131264288,10,0.025,0.15,0.9501888320134696,0.9527076374852115,0.949545201384984,0.9531693773555662,0.9583225554784506,0.9553098274429539,0.9452796697604564,0.9517172387712555,0.9550947914824436,0.9542197007766474,0.960403097911357,1.0
6,0,1.9534343260707276,0.2943604511639069,4167,2.190358945301601,0.2541966426858513,834,2.179991489724268,0.2919,0.9760437332860542,0.08334658749403347,,,0.97,,0.9700285520951957,0.029971447904804327,0.9891985027259916,0.14644621407644834,10,0.025,0.15,1.0,0.9470390094637081,0.9440159056925349,0.9500146968247957,0.9491228106884187,0.9519793418113214,0.9499063654196586,0.9495993473338404,0.9467306727465515,0.9486104147178153,0.9515964259722364,0.9463982024051383
6,1,1.9236726493546457,0.3076313894888409,4167,2.185331242425101,0.2745803357314149,834,2.180888260467143,0.2912,0.9753824593137257,0.08318725504709314,,,0.97,,0.9700285520951957,0.029971447904804327,0.9891985027259916,0.14644621407644834,10,0.025,0.15,0.9470390094637081,1.0,0.9512431140041689,0.9407510782062849,0.9504770588156694,0.9493938240326374,0.9467379430486613,0.9434292751910685,0.9411226024723931,0.9521879738233818,0.9549990954053547,0.9499635661629475
6,2,1.9431569583488233,0.30604751619870413,4167,2.1823343890053883,0.28896882494004794,834,2.1801348064519184,0.2917,0.9756745685775955,0.08323354537663605,,,0.97,,0.9700285520951957,0.029971447904804327,0.9891985027259916,0.14644621407644834,10,0.025,0.15,0.9440159056925349,0.9512431140041689,1.0,0.948656776552664,0.9491955503388453,0.9509126161389596,0.9445474688773154,0.9490578692000315,0.9465416562546042,0.951325740253429,0.9512210715411478,0.9440805368555669
6,3,1.954038469357924,0.29721622270218384,4167,2.1808809212275913,0.2853717026378897,834,2.1807391522805903,0.2917,0.9748047794959057,0.08311155270931375,,,0.97,,0.9700285520951957,0.029971447904804327,0.9891985027259916,0.14644621407644834,10,0.025,0.15,0.9500146968247957,0.9407510782062849,0.948656776552664,1.0,0.946810003444034,0.9486698724586007,0.9451320996556897,0.9476372690951692,0.9487162355308931,0.9467894005524126,0.9477059482149459,0.9498014839462477
6,4,1.9330286647334243,0.3044876409887209,4167,2.1731251307896207,0.3169267707082833,833,2.1811171634287776,0.2896,0.9780430501973115,0.0833855461418183,,,0.97,,0.9700285520951957,0.029971447904804327,0.9891985027259916,0.14644621407644834,10,0.025,0.15,0.9491228106884187,0.9504770588156694,0.9491955503388453,0.946810003444034,1.0,0.9479366896675157,0.9431715331226389,0.9557172348854494,0.9519243173536575,0.9542016242064786,0.9567568021814151,0.9531100473171463
6,5,1.9599246404387733,0.2968322534197264,4167,2.1710083144051686,0.304921968787515,833,2.181502653073661,0.2899,0.9777444691623464,0.08335281995025647,,,0.97,,0.9700285520951957,0.029971447904804327,0.9891985027259916,0.14644621407644834,10,0.025,0.15,0.9519793418113214,0.9493938240326374,0.9509126161389596,0.9486698724586007,0.9479366896675157,1.0,0.9508932326360562,0.9523612100546859,0.9449383674829975,0.9558959835186032,0.9513142926622951,0.9506699096262359
6,6,1.9435722437771883,0.3119510439164867,4167,2.173180307660784,0.30612244897959184,833,2.1796907744830167,0.293,0.9726601071677912,0.0832141014893498,,,0.97,,0.9700285520951957,0.029971447904804327,0.9891985027259916,0.14644621407644834,10,0.025,0.15,0.9499063654196586,0.9467379430486613,0.9445474688773154,0.9451320996556897,0.9431715331226389,0.9508932326360562,1.0,0.9398058141749529,0.9420617760134348,0.9481426668283074,0.944355566741689,0.9406429241153949
6,7,1.9438108137159638,0.3084473242140629,4167,2.1900466850825717,0.2785114045618247,833,2.180792069133324,0.2912,0.9762121871816842,0.08324406145668549,,,0.97,,0.9700285520951957,0.029971447904804327,0.9891985027259916,0.14644621407644834,10,0.025,0.15,0.9495993473338404,0.9434292751910685,0.9490578692000315,0.9476372690951692,0.9557172348854494,0.9523612100546859,0.9398058141749529,1.0,0.9481273635711109,0.9516313489093354,0.9521770709283153,0.9475256882761561
6,8,1.9379417455557622,0.29757561209793565,4166,2.180826050894601,0.28211284513805523,833,2.1796915682056284,0.293,0.9748450577409504,0.08328742697281247,,,0.97,,0.9700285520951957,0.029971447904804327,0.9891985027259916,0.14644621407644834,10,0.025,0.15,0.9467306727465515,0.9411226024723931,0.9465416562546042,0.9487162355308931,0.9519243173536575,0.9449383674829975,0.9420617760134348,0.9481273635711109,1.0,0.9425144184864398,0.9558586324033769,0.9524289573850522
6,9,1.937208161570809,0.3032405184829573,4166,2.168863466807774,0.31812725090036015,833,2.1797872676125056,0.2928,0.9780250345495479,0.08357136612354306,,,0.97,,0.9700285520951957,0.029971447904804327,0.9891985027259916,0.14644621407644834,10,0.025,0.15,0.9486104147178153,0.9521879738233818,0.951325740253429,0.9467894005524126,0.9542016242064786,0.9558959835186032,0.9481426668283074,0.9516313489093354,0.9425144184864398,1.0,0.9556041419032109,0.9511564576384509
6,10,1.9275448564327125,0.307081132981277,4166,2.1708987099783763,0.3085234093637455,833,2.17980371245855,0.2929,0.9796525586455074,0.08360166526884312,,,0.97,,0.9700285520951957,0.029971447904804327,0.9891985027259916,0.14644621407644834,10,0.025,0.15,0.9515964259722364,0.9549990954053547,0.9512210715411478,0.9477059482149459,0.9567568021814151,0.9513142926622951,0.944355566741689,0.9521770709283153,0.9558586324033769,0.9556041419032109,1.0,0.9555541018808715
