round,client_id,client_i_training_loss,client_i_training_accuracy,client_i_training_dataset_size,client_i_evaluation_loss,client_i_evaluation_accuracy,client_i_evaluation_dataset_size,client_i_central_evaluation_loss,client_i_central_evaluation_accuracy,client_i_cosine_similarity,client_i_importance_coefficient,client_i_tanh_val,tanh_normalization_value,client_i_q,client_i_mask_order,client_i_v_nonzero_fraction,client_i_v_sparsity,client_i_v_cosine_similarity,client_i_reward_gradient_norm,local_epochs,learning_rate,gamma,client_0_cosine_similarity,client_1_cosine_similarity,client_2_cosine_similarity,client_3_cosine_similarity,client_4_cosine_similarity,client_5_cosine_similarity,client_6_cosine_similarity,client_7_cosine_similarity,client_8_cosine_similarity,client_9_cosine_similarity,client_10_cosine_similarity,client_11_cosine_similarity
0,0,2.2046653820450897,0.31072,5000,2.259919767026548,0.17026378896882494,834,2.261076840348899,0.172,0.9959169852180161,0.0832928002164718,,,0.96,,0.9600139182880506,0.039986081711949395,0,0.09964011005346822,5,0.001,0.1,1.0,0.993580683103554,0.9935868309609102,0.9914673556482649,0.9917893325361561,0.9892477288208745,0.9916443631880256,0.9918513308089884,0.9878184422752463,0.9925623452917602,0.9936226207484883,0.9908286840619137
0,1,2.207842451447894,0.324,5000,2.2578004907678673,0.19184652278177458,834,2.261076840348899,0.172,0.9975110836167013,0.08342612148864392,,,0.96,,0.9600139182880506,0.039986081711949395,0,0.09964011005346822,5,0.001,0.1,0.993580683103554,1.0,0.994163747260467,0.9948852502676763,0.9943898503226818,0.9918301343444145,0.9917320136617084,0.9931755989251163,0.9933915272042664,0.9912891727674454,0.9942227194609097,0.9943993669536427
0,2,2.2069369981243354,0.27564,5000,2.264592276679145,0.15947242206235013,834,2.261076840348899,0.172,0.9973723984149669,0.08341452265161986,,,0.96,,0.9600139182880506,0.039986081711949395,0,0.09964011005346822,5,0.001,0.1,0.9935868309609102,0.994163747260467,1.0,0.9938006346138091,0.9928406479263617,0.9931078373704154,0.9920906142516959,0.9932065353115631,0.9918294547037652,0.9939666397438521,0.9939244150868949,0.9928844734559603
0,3,2.208744397740455,0.3294,5000,2.257688522338867,0.16906474820143885,834,2.261076840348899,0.172,0.9971467943780846,0.08339565442038074,,,0.96,,0.9600139182880506,0.039986081711949395,0,0.09964011005346822,5,0.001,0.1,0.9914673556482649,0.9948852502676763,0.9938006346138091,1.0,0.9935777779646402,0.9912699482916965,0.9880905978098075,0.9941012517031607,0.9935024888119373,0.9907950206566855,0.9958331599966557,0.9953808383275528
0,4,2.2078896194506603,0.35504,5000,2.2623449519828513,0.1716686674669868,833,2.261076840348899,0.172,0.9965632303920844,0.08334684846644995,,,0.96,,0.9600139182880506,0.039986081711949395,0,0.09964011005346822,5,0.001,0.1,0.9917893325361561,0.9943898503226818,0.9928406479263617,0.9935777779646402,1.0,0.9932377068960688,0.9917848092280216,0.9933885077331762,0.990313867783963,0.9880330054332458,0.9952605663857214,0.9911106815352233
0,5,2.2068784880789982,0.3346,5000,2.259345019305194,0.18967587034813926,833,2.261076840348899,0.172,0.9961527661050957,0.08331251958125209,,,0.96,,0.9600139182880506,0.039986081711949395,0,0.09964011005346822,5,0.001,0.1,0.9892477288208745,0.9918301343444145,0.9931078373704154,0.9912699482916965,0.9932377068960688,1.0,0.9915506567682019,0.9947293899159151,0.992385132078212,0.9899131278404321,0.992037307277117,0.991509936577338
0,6,2.2052295104713195,0.33872,5000,2.256300511183562,0.18127250900360145,833,2.261076840348899,0.172,0.994537415879456,0.08317742092782929,,,0.96,,0.9600139182880506,0.039986081711949395,0,0.09964011005346822,5,0.001,0.1,0.9916443631880256,0.9917320136617084,0.9920906142516959,0.9880905978098075,0.9917848092280216,0.9915506567682019,1.0,0.9927646487930225,0.9851790536913052,0.9893512471151207,0.9909085318801713,0.9864079189774029
0,7,2.206441683678111,0.35548,5000,2.2588746636002153,0.1716686674669868,833,2.261076840348899,0.172,0.9972410784090561,0.08340353979744718,,,0.96,,0.9600139182880506,0.039986081711949395,0,0.09964011005346822,5,0.001,0.1,0.9918513308089884,0.9931755989251163,0.9932065353115631,0.9941012517031607,0.9933885077331762,0.9947293899159151,0.9927646487930225,1.0,0.9926063168041526,0.9910245531526035,0.9945377803450393,0.9924457471453143
0,8,2.206461613952734,0.26512,5000,2.265570984946357,0.16926770708283315,833,2.261076840348899,0.172,0.995422888756053,0.08325147681451683,,,0.96,,0.9600139182880506,0.039986081711949395,0,0.09964011005346822,5,0.001,0.1,0.9878184422752463,0.9933915272042664,0.9918294547037652,0.9935024888119373,0.990313867783963,0.992385132078212,0.9851790536913052,0.9926063168041526,1.0,0.9880989224803953,0.9918285545535604,0.9951381348235747
0,9,2.204400324669613,0.28276,5000,2.2549979598433882,0.16926770708283315,833,2.261076840348899,0.172,0.9949810660007815,0.08321452528639538,,,0.96,,0.9600139182880506,0.039986081711949395,0,0.09964011005346822,5,0.001,0.1,0.9925623452917602,0.9912891727674454,0.9939666397438521,0.9907950206566855,0.9880330054332458,0.9899131278404321,0.9893512471151207,0.9910245531526035,0.9880989224803953,1.0,0.9907113920314713,0.991063674586818
0,10,2.2099146985703975,0.34188,5000,2.2579382437246815,0.15606242496998798,833,2.261076840348899,0.172,0.9974769368967923,0.0834232656523025,,,0.96,,0.9600139182880506,0.039986081711949395,0,0.09964011005346822,5,0.001,0.1,0.9936226207484883,0.9942227194609097,0.9939244150868949,0.9958331599966557,0.9952605663857214,0.992037307277117,0.9909085318801713,0.9945377803450393,0.9918285545535604,0.9907113920314713,1.0,0.9937647307448162
0,11,2.20806159608683,0.30304,5000,2.2615281917430736,0.1644657863145258,833,2.261076840348899,0.172,0.9964969445372298,0.08334130469669049,,,0.96,,0.9600139182880506,0.039986081711949395,0,0.09964011005346822,5,0.001,0.1,0.9908286840619137,0.9943993669536427,0.9928844734559603,0.9953808383275528,0.9911106815352233,0.991509936577338,0.9864079189774029,0.9924457471453143,0.9951381348235747,0.991063674586818,0.9937647307448162,1.0
1,0,2.074378030011608,0.44832,5000,2.2057910142121493,0.35611510791366907,834,2.206673806467757,0.3637,0.9978550311841354,0.08330801835324525,,,0.96,,0.9600139182880506,0.039986081711949395,0.9617907313747168,0.09978687208102978,5,0.001,0.1,1.0,0.9961177922277155,0.9966097435770908,0.9941344004075278,0.9952259991364943,0.9943383833766856,0.9952253447148731,0.9957807550337673,0.9937871130495678,0.9960975205975633,0.9966964580879889,0.9947339593303537
1,1,2.081130017140868,0.4698,5000,2.2035568643499306,0.3932853717026379,834,2.206673806467757,0.3637,0.9984139619171236,0.08340784376023909,,,0.96,,0.9600139182880506,0.039986081711949395,0.9617907313747168,0.09978687208102978,5,0.001,0.1,0.9961177922277155,1.0,0.9964851863827063,0.9966703452341731,0.9957318012525606,0.9947803654947418,0.9955528041086391,0.9957836328477772,0.996132049212544,0.9947907380825768,0.9969839760568409,0.9964042801856312
1,2,2.080009309956982,0.42356,5000,2.2096048637672707,0.3405275779376499,834,2.206673806467757,0.3637,0.9984791089394669,0.08340283217842806,,,0.96,,0.9600139182880506,0.039986081711949395,0.9617907313747168,0.09978687208102978,5,0.001,0.1,0.9966097435770908,0.9964851863827063,1.0,0.9950946715023874,0.9956252823175389,0.9961825191067386,0.995653279815458,0.9957998476682447,0.9952047225114543,0.9972234960302384,0.9967246640161164,0.9956150182325232
1,3,2.0841978316094467,0.47932,5000,2.2037992742326526,0.34652278177458035,834,2.206673806467757,0.3637,0.9977270902454646,0.08336697953639148,,,0.96,,0.9600139182880506,0.039986081711949395,0.9617907313747168,0.09978687208102978,5,0.001,0.1,0.9941344004075278,0.9966703452341731,0.9950946715023874,1.0,0.9949442991926161,0.9940799707614796,0.9926328389115284,0.9959509097487564,0.9963055973738295,0.9933227452389074,0.9969917019512762,0.9970745526833865
1,4,2.081587847934407,0.5008,5000,2.207524644003974,0.3565426170468187,833,2.206673806467757,0.3637,0.9976796182280181,0.08333550889438456,,,0.96,,0.9600139182880506,0.039986081711949395,0.9617907313747168,0.09978687208102978,5,0.001,0.1,0.9952259991364943,0.9957318012525606,0.9956252823175389,0.9949442991926161,1.0,0.9961083782684275,0.9946367542669473,0.9960955077463155,0.9938652126033118,0.9936500100954357,0.9967344027250145,0.9940227282802703
1,5,2.079382623988352,0.50016,5000,2.2033421640042907,0.4069627851140456,833,2.206673806467757,0.3637,0.9977328557264012,0.08331616999598851,,,0.96,,0.9600139182880506,0.039986081711949395,0.9617907313747168,0.09978687208102978,5,0.001,0.1,0.9943383833766856,0.9947803654947418,0.9961825191067386,0.9940799707614796,0.9961083782684275,1.0,0.994198151451608,0.9968658048487707,0.994796829670411,0.9956715628845678,0.9957468922880075,0.9945146861250355
1,6,2.0743601633484956,0.46036,5000,2.2009273811622903,0.3877551020408163,833,2.206673806467757,0.3637,0.9968145785225392,0.08320365293535886,,,0.96,,0.9600139182880506,0.039986081711949395,0.9617907313747168,0.09978687208102978,5,0.001,0.1,0.9952253447148731,0.9955528041086391,0.995653279815458,0.9926328389115284,0.9946367542669473,0.994198151451608,1.0,0.9950330998993662,0.9919673774206683,0.9939219311043653,0.9952378844606216,0.9922360801530367
1,7,2.0792202500021384,0.4916,5000,2.2031830240178993,0.3553421368547419,833,2.206673806467757,0.3637,0.9983450698991511,0.08339176778469416,,,0.96,,0.9600139182880506,0.039986081711949395,0.9617907313747168,0.09978687208102978,5,0.001,0.1,0.9957807550337673,0.9957836328477772,0.9957998476682447,0.9959509097487564,0.9960955077463155,0.9968658048487707,0.9950330998993662,1.0,0.9955062016963082,0.9952258484726519,0.997169220542294,0.9953987751225845
1,8,2.08135408854029,0.42884,5000,2.2136791812049017,0.3385354141656663,833,2.206673806467757,0.3637,0.9974603269037287,0.08326992728958242,,,0.96,,0.9600139182880506,0.039986081711949395,0.9617907313747168,0.09978687208102978,5,0.001,0.1,0.9937871130495678,0.996132049212544,0.9952047225114543,0.9963055973738295,0.9938652126033118,0.994796829670411,0.9919673774206683,0.9955062016963082,1.0,0.9933450807922103,0.9958351707977344,0.9972697983475505
1,9,2.0760602437766495,0.433,5000,2.196994772663823,0.3817527010804322,833,2.206673806467757,0.3637,0.9973353811789732,0.08324322704662794,,,0.96,,0.9600139182880506,0.039986081711949395,0.9617907313747168,0.09978687208102978,5,0.001,0.1,0.9960975205975633,0.9947907380825768,0.9972234960302384,0.9933227452389074,0.9936500100954357,0.9956715628845678,0.9939219311043653,0.9952258484726519,0.9933450807922103,1.0,0.9952216425401721,0.994059370007018
1,10,2.087028010787478,0.46372,5000,2.20171586672465,0.3589435774309724,833,2.206673806467757,0.3637,0.998794193623563,0.08341836762894629,,,0.96,,0.9600139182880506,0.039986081711949395,0.9617907313747168,0.09978687208102978,5,0.001,0.1,0.9966964580879889,0.9969839760568409,0.9967246640161164,0.9969917019512762,0.9967344027250145,0.9957468922880075,0.9952378844606216,0.997169220542294,0.9958351707977344,0.9952216425401721,1.0,0.9966425506002599
1,11,2.0835610755689586,0.46332,5000,2.2087996270921497,0.34213685474189676,833,2.206673806467757,0.3637,0.9977910116025971,0.08333570459611325,,,0.96,,0.9600139182880506,0.039986081711949395,0.9617907313747168,0.09978687208102978,5,0.001,0.1,0.9947339593303537,0.9964042801856312,0.9956150182325232,0.9970745526833865,0.9940227282802703,0.9945146861250355,0.9922360801530367,0.9953987751225845,0.9972697983475505,0.994059370007018,0.9966425506002599,1.0
2,0,1.9031546392258565,0.51912,5000,2.139243964795713,0.46402877697841727,834,2.1394973875234684,0.4787,0.9986852838934703,0.08331948628768905,,,0.96,,0.9600139182880506,0.039986081711949395,0.9853711680218432,0.09986331359386823,5,0.001,0.1,1.0,0.9976186950911622,0.9974347077802924,0.9972538752436417,0.9967859104538231,0.9962782380399504,0.996972427943136,0.9973193119461796,0.9963914854267188,0.9973210005016047,0.9978790532392159,0.9965914547298526
2,1,1.9105660926004884,0.54144,5000,2.136714979454323,0.49760191846522783,834,2.1394973875234684,0.4787,0.9990545279642398,0.08339261939055818,,,0.96,,0.9600139182880506,0.039986081711949395,0.9853711680218432,0.09986331359386823,5,0.001,0.1,0.9976186950911622,1.0,0.9976727031474132,0.9978986022561754,0.9977169429961303,0.9972985520075507,0.9972698014676312,0.9976552657631568,0.9971518946858976,0.9968683897221045,0.9980156231675898,0.9971016012826003
2,2,1.9084445166739687,0.52596,5000,2.1419461921409324,0.4592326139088729,834,2.1394973875234684,0.4787,0.9988358488193028,0.08338248825022332,,,0.96,,0.9600139182880506,0.039986081711949395,0.9853711680218432,0.09986331359386823,5,0.001,0.1,0.9974347077802924,0.9976727031474132,1.0,0.9972182767112104,0.9967792866091689,0.9973793033095532,0.9972728492906113,0.9969451050545465,0.9969795187262365,0.9979083984072342,0.9976456629785989,0.996413988648583
2,3,1.9168107512650217,0.569,5000,2.1371738027643272,0.46522781774580335,834,2.1394973875234684,0.4787,0.9988745980118837,0.0833617530546103,,,0.96,,0.9600139182880506,0.039986081711949395,0.9853711680218432,0.09986331359386823,5,0.001,0.1,0.9972538752436417,0.9978986022561754,0.9972182767112104,1.0,0.997359845927227,0.9965868989533432,0.9960184134640987,0.9977978806937746,0.9979063447741856,0.9961103174196122,0.9980703184252739,0.997889878741326
2,4,1.9110056779946492,0.57276,5000,2.139108728479456,0.4849939975990396,833,2.1394973875234684,0.4787,0.998498745093456,0.0833303236817294,,,0.96,,0.9600139182880506,0.039986081711949395,0.9853711680218432,0.09986331359386823,5,0.001,0.1,0.9967859104538231,0.9977169429961303,0.9967792866091689,0.997359845927227,1.0,0.9970525056392755,0.9968293705435198,0.9971276879953036,0.9966452424270363,0.9954208820557483,0.9979194611626477,0.9959711596146457
2,5,1.9039589089193163,0.58552,5000,2.1342559743810585,0.503001200480192,833,2.1394973875234684,0.4787,0.9984881981099328,0.08331812412927428,,,0.96,,0.9600139182880506,0.039986081711949395,0.9853711680218432,0.09986331359386823,5,0.001,0.1,0.9962782380399504,0.9972985520075507,0.9973793033095532,0.9965868989533432,0.9970525056392755,1.0,0.9963969284908338,0.9972539067741872,0.9968660589162096,0.996852322903203,0.997388676326235,0.9961307202144183
2,6,1.898056707412574,0.53168,5000,2.132519907421536,0.4957983193277311,833,2.1394973875234684,0.4787,0.998150727058589,0.08323823363217477,,,0.96,,0.9600139182880506,0.039986081711949395,0.9853711680218432,0.09986331359386823,5,0.001,0.1,0.996972427943136,0.9972698014676312,0.9972728492906113,0.9960184134640987,0.9968293705435198,0.9963969284908338,1.0,0.9965693706760779,0.9952551925071262,0.9965381062867263,0.9973341652431852,0.994987794993646
2,7,1.9057216260083922,0.55556,5000,2.134955331131264,0.45738295318127253,833,2.1394973875234684,0.4787,0.998868025467719,0.08337674176393,,,0.96,,0.9600139182880506,0.039986081711949395,0.9853711680218432,0.09986331359386823,5,0.001,0.1,0.9973193119461796,0.9976552657631568,0.9969451050545465,0.9977978806937746,0.9971276879953036,0.9972539067741872,0.9965693706760779,1.0,0.9976004938952766,0.9964332515648897,0.9981373946159031,0.9971930996363382
2,8,1.909963345072072,0.52552,5000,2.1496170538443105,0.460984393757503,833,2.1394973875234684,0.4787,0.9985054899721801,0.08329032492064835,,,0.96,,0.9600139182880506,0.039986081711949395,0.9853711680218432,0.09986331359386823,5,0.001,0.1,0.9963914854267188,0.9971518946858976,0.9969795187262365,0.9979063447741856,0.9966452424270363,0.9968660589162096,0.9952551925071262,0.9976004938952766,1.0,0.995849715409545,0.997528485330965,0.9975153278397352
2,9,1.9042117873574518,0.52048,5000,2.125409726743345,0.49939975990396157,833,2.1394973875234684,0.4787,0.99816844732797,0.08326307349533818,,,0.96,,0.9600139182880506,0.039986081711949395,0.9853711680218432,0.09986331359386823,5,0.001,0.1,0.9973210005016047,0.9968683897221045,0.9979083984072342,0.9961103174196122,0.9954208820557483,0.996852322903203,0.9965381062867263,0.9964332515648897,0.995849715409545,1.0,0.996805529108827,0.9955483154783228
2,10,1.9198937003020269,0.54904,5000,2.132374807640358,0.4801920768307323,833,2.1394973875234684,0.4787,0.9992098766163032,0.08340408681712827,,,0.96,,0.9600139182880506,0.039986081711949395,0.9853711680218432,0.09986331359386823,5,0.001,0.1,0.9978790532392159,0.9980156231675898,0.9976456629785989,0.9980703184252739,0.9979194611626477,0.997388676326235,0.9973341652431852,0.9981373946159031,0.997528485330965,0.996805529108827,1.0,0.9974051053172773
2,11,1.9126230522325844,0.54948,5000,2.143542519322148,0.4765906362545018,833,2.1394973875234684,0.4787,0.9982601988021401,0.08332274457669578,,,0.96,,0.9600139182880506,0.039986081711949395,0.9853711680218432,0.09986331359386823,5,0.001,0.1,0.9965914547298526,0.9971016012826003,0.996413988648583,0.997889878741326,0.9959711596146457,0.9961307202144183,0.994987794993646,0.9971930996363382,0.9975153278397352,0.9955483154783228,0.9974051053172773,1.0
3,0,1.7248760360061743,0.56472,5000,2.058419108390808,0.5383693045563549,834,2.0578061513626538,0.5461,0.9987201121238702,0.08332323873899905,,,0.96,,0.9600139182880506,0.039986081711949395,0.9943439332504708,0.09987689252901279,5,0.001,0.1,1.0,0.9971508552846545,0.9976472124507316,0.9976716887186341,0.997210140572479,0.9968066921006815,0.9972439008823062,0.9973920336801559,0.9967894940859611,0.9974084637325416,0.9980368359198557,0.996540956185846
3,1,1.7320141127155084,0.58444,5000,2.0555562443203397,0.5587529976019184,834,2.0578061513626538,0.5461,0.9989289447664704,0.08337482335541282,,,0.96,,0.9600139182880506,0.039986081711949395,0.9943439332504708,0.09987689252901279,5,0.001,0.1,0.9971508552846545,1.0,0.9972606628105447,0.9981135717806608,0.9973963836795455,0.9975742098214581,0.9973034732226966,0.9978230043277012,0.9974318118899324,0.9972893860828784,0.9975699644533186,0.9974861740044629
3,2,1.7288171860822448,0.57876,5000,2.059661114657367,0.5287769784172662,834,2.0578061513626538,0.5461,0.9988288526389469,0.08336538067185251,,,0.96,,0.9600139182880506,0.039986081711949395,0.9943439332504708,0.09987689252901279,5,0.001,0.1,0.9976472124507316,0.9972606628105447,1.0,0.9974996768742608,0.9971479538695205,0.9976860586816791,0.9975018677691222,0.9971628216661937,0.9972924215230126,0.9977952588628012,0.9977262690668794,0.996480966677265
3,3,1.7376932248947727,0.61204,5000,2.056246218857942,0.5299760191846523,834,2.0578061513626538,0.5461,0.9991403053286113,0.08336271759635845,,,0.96,,0.9600139182880506,0.039986081711949395,0.9943439332504708,0.09987689252901279,5,0.001,0.1,0.9976716887186341,0.9981135717806608,0.9974996768742608,1.0,0.9978164079629882,0.9974278626151711,0.9968743793227162,0.9980094722364337,0.998075751187998,0.9970879060363679,0.9982757182623788,0.9980799537320627
3,4,1.729633871157458,0.60652,5000,2.05550722722654,0.5654261704681873,833,2.0578061513626538,0.5461,0.9986714781034625,0.08332831459054771,,,0.96,,0.9600139182880506,0.039986081711949395,0.9943439332504708,0.09987689252901279,5,0.001,0.1,0.997210140572479,0.9973963836795455,0.9971479538695205,0.9978164079629882,1.0,0.9973459901732892,0.997143429467019,0.9974330430180242,0.9972360574440381,0.9961854378705981,0.9982335655287495,0.9961656281478284
3,5,1.7202469927490138,0.62072,5000,2.050379161481504,0.5678271308523409,833,2.0578061513626538,0.5461,0.9987713271398299,0.08332405635435476,,,0.96,,0.9600139182880506,0.039986081711949395,0.9943439332504708,0.09987689252901279,5,0.001,0.1,0.9968066921006815,0.9975742098214581,0.9976860586816791,0.9974278626151711,0.9973459901732892,1.0,0.9970527306688972,0.9974774541938648,0.997508353781641,0.9977262640749677,0.9973964533615848,0.9965107606861068
3,6,1.713589419225219,0.57748,5000,2.0498607202812478,0.5726290516206483,833,2.0578061513626538,0.5461,0.9984391780263577,0.08326434829011281,,,0.96,,0.9600139182880506,0.039986081711949395,0.9943439332504708,0.09987689252901279,5,0.001,0.1,0.9972439008823062,0.9973034732226966,0.9975018677691222,0.9968743793227162,0.997143429467019,0.9970527306688972,1.0,0.9969300537278328,0.9962841545248725,0.9971663913095984,0.9975175472846857,0.995516348437207
3,7,1.7243868680516625,0.60012,5000,2.0527569629527904,0.5222088835534213,833,2.0578061513626538,0.5461,0.9989438830412406,0.08336556937986865,,,0.96,,0.9600139182880506,0.039986081711949395,0.9943439332504708,0.09987689252901279,5,0.001,0.1,0.9973920336801559,0.9978230043277012,0.9971628216661937,0.9980094722364337,0.9974330430180242,0.9974774541938648,0.9969300537278328,1.0,0.9979546902942227,0.9971022886796334,0.9980499472499793,0.9972435068194849
3,8,1.730939110221377,0.58184,5000,2.0714581277635364,0.5294117647058824,833,2.0578061513626538,0.5461,0.9987769844570574,0.08330719259319617,,,0.96,,0.9600139182880506,0.039986081711949395,0.9943439332504708,0.09987689252901279,5,0.001,0.1,0.9967894940859611,0.9974318118899324,0.9972924215230126,0.998075751187998,0.9972360574440381,0.997508353781641,0.9962841545248725,0.9979546902942227,1.0,0.9969385170859232,0.9977436070415673,0.9973247317016142
3,9,1.7261179424395228,0.57064,5000,2.0388693853660866,0.5642256902761105,833,2.0578061513626538,0.5461,0.9985711592585704,0.0832838394632878,,,0.96,,0.9600139182880506,0.039986081711949395,0.9943439332504708,0.09987689252901279,5,0.001,0.1,0.9974084637325416,0.9972893860828784,0.9977952588628012,0.9970879060363679,0.9961854378705981,0.9977262640749677,0.9971663913095984,0.9971022886796334,0.9969385170859232,1.0,0.9971185415693852,0.9962973688492481
3,10,1.7414219156192365,0.5934,5000,2.0487545198864408,0.5402160864345739,833,2.0578061513626538,0.5461,0.9991408086530991,0.0833886927017361,,,0.96,,0.9600139182880506,0.039986081711949395,0.9943439332504708,0.09987689252901279,5,0.001,0.1,0.9980368359198557,0.9975699644533186,0.9977262690668794,0.9982757182623788,0.9982335655287495,0.9973964533615848,0.9975175472846857,0.9980499472499793,0.9977436070415673,0.9971185415693852,1.0,0.9972698832624542
3,11,1.733318244727554,0.60256,5000,2.064266425591928,0.5354141656662665,833,2.0578061513626538,0.5461,0.9983045863915352,0.08331182626427333,,,0.96,,0.9600139182880506,0.039986081711949395,0.9943439332504708,0.09987689252901279,5,0.001,0.1,0.996540956185846,0.9974861740044629,0.996480966677265,0.9980799537320627,0.9961656281478284,0.9965107606861068,0.995516348437207,0.9972435068194849,0.9973247317016142,0.9962973688492481,0.9972698832624542,1.0
4,0,1.5654910763357854,0.5986,5000,1.963353854638559,0.5959232613908872,834,1.9617848700989549,0.6052,0.9988271731954639,0.083327675977043,,,0.96,,0.9600139182880506,0.039986081711949395,0.9967423922542202,0.09988101526603797,5,0.001,0.1,1.0,0.9976291449960956,0.9973636718369896,0.9978878142855505,0.9971615153291861,0.9969354089006396,0.9970945843782814,0.9976130621913696,0.9973236617731267,0.9976894001929173,0.9979417740120663,0.9970311111764903
4,1,1.5706692728267353,0.61464,5000,1.9605404050261885,0.617505995203837,834,1.9617848700989549,0.6052,0.9990891619282714,0.08336776205930395,,,0.96,,0.9600139182880506,0.039986081711949395,0.9967423922542202,0.09988101526603797,5,0.001,0.1,0.9976291449960956,1.0,0.99740272368111,0.9983615046851271,0.9975372176716629,0.9978593027372223,0.9974731063781372,0.9977922852912554,0.9976334004720843,0.9974211477111137,0.99803119657497,0.9976690074896735
4,2,1.5667593317426693,0.6142,5000,1.9630560124361958,0.592326139088729,834,1.9617848700989549,0.6052,0.9986645030371182,0.08334826695893807,,,0.96,,0.9600139182880506,0.039986081711949395,0.9967423922542202,0.09988101526603797,5,0.001,0.1,0.9973636718369896,0.99740272368111,1.0,0.9973856404474045,0.9970423148982461,0.997528522239973,0.9973200956755658,0.9969970429169108,0.9970875337031746,0.9976250797851322,0.9974781777521172,0.9964901221314337
4,3,1.575674334984676,0.63648,5000,1.9610662636933502,0.5971223021582733,834,1.9617848700989549,0.6052,0.9991785208241927,0.08336322285577916,,,0.96,,0.9600139182880506,0.039986081711949395,0.9967423922542202,0.09988101526603797,5,0.001,0.1,0.9978878142855505,0.9983615046851271,0.9973856404474045,1.0,0.9975625849517569,0.9976236669098462,0.9973066151453377,0.9981272333829077,0.9980659326085322,0.9971660720546026,0.9981952059608625,0.9981987949084677
4,4,1.5656042991929753,0.63424,5000,1.9568265367437292,0.617046818727491,833,1.9617848700989549,0.6052,0.9984997986814644,0.08332022308344017,,,0.96,,0.9600139182880506,0.039986081711949395,0.9967423922542202,0.09988101526603797,5,0.001,0.1,0.9971615153291861,0.9975372176716629,0.9970423148982461,0.9975625849517569,1.0,0.9970380018444133,0.9968800940171201,0.9974994751539082,0.9970853691813778,0.9960700675932359,0.997847087424052,0.9960223537651778
4,5,1.5565922718139211,0.64452,5000,1.95216112225144,0.6338535414165666,833,1.9617848700989549,0.6052,0.9987967339356666,0.0833271949630742,,,0.96,,0.9600139182880506,0.039986081711949395,0.9967423922542202,0.09988101526603797,5,0.001,0.1,0.9969354089006396,0.9978593027372223,0.997528522239973,0.9976236669098462,0.9970380018444133,1.0,0.9969374465444358,0.9974172723970194,0.9976443064180177,0.9976029657127753,0.9975430178459508,0.9971765751382851
4,6,1.5512889698052863,0.614,5000,1.9530962882218537,0.6218487394957983,833,1.9617848700989549,0.6052,0.998491635101292,0.08328073641121041,,,0.96,,0.9600139182880506,0.039986081711949395,0.9967423922542202,0.09988101526603797,5,0.001,0.1,0.9970945843782814,0.9974731063781372,0.9973200956755658,0.9973066151453377,0.9968800940171201,0.9969374465444358,1.0,0.9969793118371404,0.9966372926912742,0.9972260819883363,0.997684046343444,0.9961128297988773
4,7,1.5600668415142473,0.62048,5000,1.956360521139922,0.5786314525810324,833,1.9617848700989549,0.6052,0.9989373001879363,0.0833571866332612,,,0.96,,0.9600139182880506,0.039986081711949395,0.9967423922542202,0.09988101526603797,5,0.001,0.1,0.9976130621913696,0.9977922852912554,0.9969970429169108,0.9981272333829077,0.9974994751539082,0.9974172723970194,0.9969793118371404,1.0,0.9978246069596898,0.9973709623217496,0.9981628011938404,0.9972056554434569
4,8,1.5680258643854956,0.62324,5000,1.9791555713724207,0.5906362545018007,833,1.9617848700989549,0.6052,0.9988816902570601,0.08331959613757549,,,0.96,,0.9600139182880506,0.039986081711949395,0.9967423922542202,0.09988101526603797,5,0.001,0.1,0.9973236617731267,0.9976334004720843,0.9970875337031746,0.9980659326085322,0.9970853691813778,0.9976443064180177,0.9966372926912742,0.9978246069596898,1.0,0.9972934081416859,0.9979088327586993,0.997820391959337
4,9,1.566420813274991,0.6072,5000,1.9377213010081538,0.6278511404561825,833,1.9617848700989549,0.6052,0.9986640129947246,0.08329825125489532,,,0.96,,0.9600139182880506,0.039986081711949395,0.9967423922542202,0.09988101526603797,5,0.001,0.1,0.9976894001929173,0.9974211477111137,0.9976250797851322,0.9971660720546026,0.9960700675932359,0.9976029657127753,0.9972260819883363,0.9973709623217496,0.9972934081416859,1.0,0.9974463463982765,0.9968058451459482
4,10,1.5794130272166744,0.62148,5000,1.9505575056429263,0.5930372148859544,833,1.9617848700989549,0.6052,0.9991702825481115,0.08337888454121269,,,0.96,,0.9600139182880506,0.039986081711949395,0.9967423922542202,0.09988101526603797,5,0.001,0.1,0.9979417740120663,0.99803119657497,0.9974781777521172,0.9981952059608625,0.997847087424052,0.9975430178459508,0.997684046343444,0.9981628011938404,0.9979088327586993,0.9974463463982765,1.0,0.9975436651057936
4,11,1.567888600887007,0.6342,5000,1.9709339671664767,0.5966386554621849,833,1.9617848700989549,0.6052,0.9985272657899075,0.08331099912426623,,,0.96,,0.9600139182880506,0.039986081711949395,0.9967423922542202,0.09988101526603797,5,0.001,0.1,0.9970311111764903,0.9976690074896735,0.9964901221314337,0.9981987949084677,0.9960223537651778,0.9971765751382851,0.9961128297988773,0.9972056554434569,0.997820391959337,0.9968058451459482,0.9975436651057936,1.0
5,0,1.4295440145358917,0.6312,5000,1.8552998878337719,0.6330935251798561,834,1.852501006172107,0.6375,0.9987043783286503,0.083327464281009,,,0.96,,0.9600139182880506,0.039986081711949395,0.9976393803225755,0.09987782369053282,5,0.001,0.1,1.0,0.9973278458838817,0.9970868059806118,0.9977226783659504,0.9972066545357041,0.9968190108827942,0.9969327041838902,0.9975326509356414,0.9971965558464343,0.9974753438396127,0.9977648211817655,0.9967514678953994
5,1,1.4327000968015877,0.6428,5000,1.8527389808937356,0.6474820143884892,834,1.852501006172107,0.6375,0.9989502954005118,0.08335998135117506,,,0.96,,0.9600139182880506,0.039986081711949395,0.9976393803225755,0.09987782369053282,5,0.001,0.1,0.9973278458838817,1.0,0.9974404365800961,0.9981915604671269,0.9977421532997691,0.9976263734693491,0.9971022347028291,0.9975424081127842,0.9975199946309519,0.997184246591614,0.9976509051775019,0.9974346887555418
5,2,1.4283057356336315,0.64252,5000,1.853323388982702,0.6390887290167866,834,1.852501006172107,0.6375,0.9987830838649234,0.08334263061830563,,,0.96,,0.9600139182880506,0.039986081711949395,0.9976393803225755,0.09987782369053282,5,0.001,0.1,0.9970868059806118,0.9974404365800961,1.0,0.9975190162431121,0.9969992424647722,0.9977642266950845,0.9972941614168633,0.9969379850621541,0.9973990313056516,0.9974701204007843,0.9976747168218559,0.9971740454536346
5,3,1.4343403846594938,0.65672,5000,1.8527532815933228,0.6330935251798561,834,1.852501006172107,0.6375,0.999077550121924,0.08336130487539432,,,0.96,,0.9600139182880506,0.039986081711949395,0.9976393803225755,0.09987782369053282,5,0.001,0.1,0.9977226783659504,0.9981915604671269,0.9975190162431121,1.0,0.9975954617411184,0.9974969255230991,0.9971110691125812,0.9978760248416098,0.9978822066287018,0.9969824497367916,0.9978712848056835,0.9980393671428546
5,4,1.4248820441543677,0.64844,5000,1.8440535333421495,0.6494597839135654,833,1.852501006172107,0.6375,0.9987247136542835,0.08332355050650879,,,0.96,,0.9600139182880506,0.039986081711949395,0.9976393803225755,0.09987782369053282,5,0.001,0.1,0.9972066545357041,0.9977421532997691,0.9969992424647722,0.9975954617411184,1.0,0.9972426508652457,0.9971977255650154,0.9975638843231809,0.9974774136456256,0.9966209564487155,0.9978001268640656,0.9966139554970647
5,5,1.417383844609473,0.663,5000,1.840392236356382,0.65906362545018,833,1.852501006172107,0.6375,0.9987745267488931,0.08332943324908075,,,0.96,,0.9600139182880506,0.039986081711949395,0.9976393803225755,0.09987782369053282,5,0.001,0.1,0.9968190108827942,0.9976263734693491,0.9977642266950845,0.9974969255230991,0.9972426508652457,1.0,0.9965755889019299,0.9973441948593028,0.9976268374186916,0.9974803643153046,0.9974760689567741,0.9972050924528879
5,6,1.411443728778013,0.63924,5000,1.8435659408569336,0.6506602641056423,833,1.852501006172107,0.6375,0.998385431890709,0.08328838780172619,,,0.96,,0.9600139182880506,0.039986081711949395,0.9976393803225755,0.09987782369053282,5,0.001,0.1,0.9969327041838902,0.9971022347028291,0.9972941614168633,0.9971110691125812,0.9971977255650154,0.9965755889019299,1.0,0.9965267556737967,0.9965827200483239,0.9972647080669138,0.9974571326329152,0.9959510915481907
5,7,1.4210267382062924,0.64988,5000,1.84677638830962,0.6182472989195679,833,1.852501006172107,0.6375,0.9988304620747163,0.08334962915333907,,,0.96,,0.9600139182880506,0.039986081711949395,0.9976393803225755,0.09987782369053282,5,0.001,0.1,0.9975326509356414,0.9975424081127842,0.9969379850621541,0.9978760248416098,0.9975638843231809,0.9973441948593028,0.9965267556737967,1.0,0.9977984579540076,0.997209838430997,0.9978667171461051,0.9971276604324493
5,8,1.4293759954962761,0.64948,5000,1.8736311859554715,0.6122448979591837,833,1.852501006172107,0.6375,0.9988914837767844,0.08332854829341359,,,0.96,,0.9600139182880506,0.039986081711949395,0.9976393803225755,0.09987782369053282,5,0.001,0.1,0.9971965558464343,0.9975199946309519,0.9973990313056516,0.9978822066287018,0.9974774136456256,0.9976268374186916,0.9965827200483239,0.9977984579540076,1.0,0.9972728378022744,0.9978067277941908,0.9974962559082213
5,9,1.429820027700655,0.63368,5000,1.8230465164890997,0.6554621848739496,833,1.852501006172107,0.6375,0.9986181597259708,0.08330663868345013,,,0.96,,0.9600139182880506,0.039986081711949395,0.9976393803225755,0.09987782369053282,5,0.001,0.1,0.9974753438396127,0.997184246591614,0.9974701204007843,0.9969824497367916,0.9966209564487155,0.9974803643153046,0.9972647080669138,0.997209838430997,0.9972728378022744,1.0,0.9973354899893759,0.9964884071521313
5,10,1.4392713603700042,0.64472,5000,1.8389248450597127,0.6206482593037215,833,1.852501006172107,0.6375,0.9990703556773594,0.08337067632436287,,,0.96,,0.9600139182880506,0.039986081711949395,0.9976393803225755,0.09987782369053282,5,0.001,0.1,0.9977648211817655,0.9976509051775019,0.9976747168218559,0.9978712848056835,0.9978001268640656,0.9974760689567741,0.9974571326329152,0.9978667171461051,0.9978067277941908,0.9973354899893759,1.0,0.9974978665509333
5,11,1.4282179255394418,0.65616,5000,1.8646308404427987,0.631452581032413,833,1.852501006172107,0.6375,0.9985344767722227,0.08331175486223462,,,0.96,,0.9600139182880506,0.039986081711949395,0.9976393803225755,0.09987782369053282,5,0.001,0.1,0.9967514678953994,0.9974346887555418,0.9971740454536346,0.9980393671428546,0.9966139554970647,0.9972050924528879,0.9959510915481907,0.9971276604324493,0.9974962559082213,0.9964884071521313,0.9974978665509333,1.0
6,0,1.31508355292545,0.65056,5000,1.7365381805985063,0.6606714628297362,834,1.7321380308260932,0.659,0.9985257180119959,0.08332768022871458,,,0.96,,0.9600139182880506,0.039986081711949395,0.9984058572899802,0.09985888215776935,5,0.001,0.1,1.0,0.9968582713393271,0.9966293509202777,0.9972223756636505,0.9970105508670245,0.9965838399568344,0.9965753208851517,0.9970139468801695,0.9968116854732618,0.9969742295977666,0.9973637891018433,0.9963626532799269
6,1,1.3172351953330312,0.65776,5000,1.7342582234629877,0.6642685851318945,834,1.7321380308260932,0.659,0.9987308313965936,0.08335424111042276,,,0.96,,0.9600139182880506,0.039986081711949395,0.9984058572899802,0.09985888215776935,5,0.001,0.1,0.9968582713393271,1.0,0.9972003105573212,0.9975967570374482,0.9973106523009139,0.9973076228589283,0.9967964003228893,0.9970096572717654,0.9969645058509944,0.9966316498452977,0.9972215937396828,0.9969653744791915
6,2,1.3116230677647196,0.66056,5000,1.732245648348773,0.6606714628297362,834,1.7321380308260932,0.659,0.9986131701251347,0.08333980338158965,,,0.96,,0.9600139182880506,0.039986081711949395,0.9984058572899802,0.09985888215776935,5,0.001,0.1,0.9966293509202777,0.9972003105573212,1.0,0.9971499090572781,0.9966133318548347,0.9973870555521716,0.9971157491653719,0.9966217951707806,0.9970628957448181,0.9970737293816846,0.9971178757595682,0.9964818039611814
6,3,1.3171949399504692,0.67024,5000,1.733427639360781,0.6534772182254197,834,1.7321380308260932,0.659,0.998813255348423,0.08335771303570594,,,0.96,,0.9600139182880506,0.039986081711949395,0.9984058572899802,0.09985888215776935,5,0.001,0.1,0.9972223756636505,0.9975967570374482,0.9971499090572781,1.0,0.9969939354815962,0.9969266020825637,0.9967764107407744,0.9973793316763497,0.9973910736254801,0.9964603140406205,0.9973727954883626,0.9975808987861478
6,4,1.3075773879980586,0.6668,5000,1.7194862321571067,0.6674669867947179,833,1.7321380308260932,0.659,0.9985722742283213,0.08332678278707523,,,0.96,,0.9600139182880506,0.039986081711949395,0.9984058572899802,0.09985888215776935,5,0.001,0.1,0.9970105508670245,0.9973106523009139,0.9966133318548347,0.9969939354815962,1.0,0.9969385486187289,0.9970331998805704,0.9971391721955893,0.9970260531802717,0.9960448928142351,0.9974982118288463,0.9963553175804044
6,5,1.2996122278984945,0.6728,5000,1.7173737110915008,0.687875150060024,833,1.7321380308260932,0.659,0.9986109396678396,0.08333163826257589,,,0.96,,0.9600139182880506,0.039986081711949395,0.9984058572899802,0.09985888215776935,5,0.001,0.1,0.9965838399568344,0.9973076228589283,0.9973870555521716,0.9969266020825637,0.9969385486187289,1.0,0.9963160684828974,0.9969525944512464,0.9973040909376465,0.9970346928609258,0.9969539253310034,0.9967221688610096
6,6,1.2971453895234757,0.65872,5000,1.7234647274017334,0.6662665066026411,833,1.7321380308260932,0.659,0.9983020688586642,0.08329649861279828,,,0.96,,0.9600139182880506,0.039986081711949395,0.9984058572899802,0.09985888215776935,5,0.001,0.1,0.9965753208851517,0.9967964003228893,0.9971157491653719,0.9967764107407744,0.9970331998805704,0.9963160684828974,1.0,0.9961625859027037,0.9964368167360723,0.9968027038965445,0.997218903684833,0.9954934912338803
6,7,1.3046860324349372,0.66556,5000,1.7261444904186107,0.6434573829531812,833,1.7321380308260932,0.659,0.9986382089387794,0.08334490329478929,,,0.96,,0.9600139182880506,0.039986081711949395,0.9984058572899802,0.09985888215776935,5,0.001,0.1,0.9970139468801695,0.9970096572717654,0.9966217951707806,0.9973793316763497,0.9971391721955893,0.9969525944512464,0.9961625859027037,1.0,0.9974205401347481,0.9967507496817802,0.9974505500961208,0.9968520444501494
6,8,1.3122873104301986,0.66624,5000,1.7571935565383345,0.6350540216086434,833,1.7321380308260932,0.659,0.9987192368262094,0.08333459093943991,,,0.96,,0.9600139182880506,0.039986081711949395,0.9984058572899802,0.09985888215776935,5,0.001,0.1,0.9968116854732618,0.9969645058509944,0.9970628957448181,0.9973910736254801,0.9970260531802717,0.9973040909376465,0.9964368167360723,0.9974205401347481,1.0,0.996891110901519,0.9973271824780169,0.9970888875552184
6,9,1.3154812459733076,0.65308,5000,1.6971516476737127,0.6818727490996399,833,1.7321380308260932,0.659,0.9983760853448296,0.08331007968168434,,,0.96,,0.9600139182880506,0.039986081711949395,0.9984058572899802,0.09985888215776935,5,0.001,0.1,0.9969742295977666,0.9966316498452977,0.9970737293816846,0.9964603140406205,0.9960448928142351,0.9970346928609258,0.9968027038965445,0.9967507496817802,0.996891110901519,1.0,0.9967892168536977,0.9961609917001306
6,10,1.3238626509715037,0.65976,5000,1.7160670757293701,0.6458583433373349,833,1.7321380308260932,0.659,0.9988460889076748,0.08336451969089353,,,0.96,,0.9600139182880506,0.039986081711949395,0.9984058572899802,0.09985888215776935,5,0.001,0.1,0.9973637891018433,0.9972215937396828,0.9971178757595682,0.9973727954883626,0.9974982118288463,0.9969539253310034,0.997218903684833,0.9974505500961208,0.9973271824780169,0.9967892168536977,1.0,0.9969298627424799
6,11,1.3105328494576132,0.67196,5000,1.7477221224043105,0.6410564225690276,833,1.7321380308260932,0.659,0.9983244011475589,0.08331154897431048,,,0.96,,0.9600139182880506,0.039986081711949395,0.9984058572899802,0.09985888215776935,5,0.001,0.1,0.9963626532799269,0.9969653744791915,0.9964818039611814,0.9975808987861478,0.9963553175804044,0.9967221688610096,0.9954934912338803,0.9968520444501494,0.9970888875552184,0.9961609917001306,0.9969298627424799,1.0
7,0,1.220798881418386,0.66636,5000,1.6107224535059046,0.6858513189448441,834,1.604422859490489,0.6785,0.9979750160668308,0.08332301593583434,,,0.96,,0.9600139182880506,0.039986081711949395,0.9985502278994995,0.09981867733489246,5,0.001,0.1,1.0,0.9953142090461252,0.996049552097058,0.9966042865643523,0.9960011702072529,0.9956938460429477,0.9953495831203867,0.9956368193713874,0.9957729165440099,0.9960720105311551,0.9964613527147222,0.9950352464315444
7,1,1.2208787882403962,0.66468,5000,1.6087200023509838,0.6750599520383693,834,1.604422859490489,0.6785,0.9981205912963945,0.08334400589014263,,,0.96,,0.9600139182880506,0.039986081711949395,0.9985502278994995,0.09981867733489246,5,0.001,0.1,0.9953142090461252,1.0,0.9961885063878169,0.9965763058810772,0.995887330627551,0.9959106136608336,0.9960397739849871,0.9961902640974315,0.9960728658340219,0.9957194185538453,0.9961692325136775,0.9956651070759982
