round,client_id,client_i_training_loss,client_i_training_accuracy,client_i_training_dataset_size,client_i_evaluation_loss,client_i_evaluation_accuracy,client_i_evaluation_dataset_size,client_i_central_evaluation_loss,client_i_central_evaluation_accuracy,client_i_cosine_similarity,client_i_importance_coefficient,client_i_tanh_val,tanh_normalization_value,client_i_q,client_i_mask_order,client_i_v_nonzero_fraction,client_i_v_sparsity,client_i_v_cosine_similarity,client_i_reward_gradient_norm,local_epochs,learning_rate,gamma,client_0_cosine_similarity,client_1_cosine_similarity,client_2_cosine_similarity,client_3_cosine_similarity,client_4_cosine_similarity,client_5_cosine_similarity,client_6_cosine_similarity,client_7_cosine_similarity,client_8_cosine_similarity,client_9_cosine_similarity,client_10_cosine_similarity,client_11_cosine_similarity
0,0,2.290693413850033,0.12378209743220542,4167,2.297654356275286,0.12709832134292565,834,2.2970973690853844,0.1292,0.9506012381665904,0.08156024989353373,,,0.65,,0.6500140284860788,0.3499859715139212,0,0.1454501617442988,10,0.025,0.15,1.0,0.9347418318197527,0.9198494552009041,0.9056072433057848,0.9297003056801445,0.9116704772420156,0.9311860269809722,0.8981494377946715,0.9243316936607172,0.8923580828386459,0.9171771404146775,0.9146654399358514
0,1,2.291500048203902,0.13930885529157666,4167,2.298074381692069,0.12350119904076738,834,2.297047551674179,0.1296,0.980109694645386,0.08409203397686275,,,0.9595419103171673,,0.9595979600930832,0.04040203990691682,0,0.14568983807808206,10,0.025,0.15,0.9347418318197527,1.0,0.9459936054322239,0.9513755517057838,0.9602335101658953,0.9489562455104656,0.9527058115233374,0.9447739730368686,0.9425272902353542,0.9226925163247343,0.9530780814239896,0.9662908351845909
0,2,2.2860390200759424,0.13071754259659227,4167,2.295851469039917,0.12829736211031176,834,2.29704766032062,0.1296,0.9790241403891864,0.08399889494773694,,,0.9481545123196322,,0.9481936261160898,0.051806373883910184,0,0.14568960786379428,10,0.025,0.15,0.9198494552009041,0.9459936054322239,1.0,0.9342400514135174,0.9661346104569081,0.931727302203043,0.9248993522340678,0.9613200513161856,0.9576402248884627,0.9590069986226631,0.9522125777465701,0.9577037481907615
0,3,2.291503663496538,0.12258219342452603,4167,2.2971873623984203,0.1211031175059952,834,2.297056551221051,0.1296,0.9640887020820674,0.08271745533700439,,,0.7914826745929825,,0.7915119407172683,0.20848805928273173,0,0.1456411260541819,10,0.025,0.15,0.9056072433057848,0.9513755517057838,0.9342400514135174,1.0,0.9383785836821543,0.9171199050215653,0.9206282839980726,0.9308157518036032,0.9195069347456047,0.9114579854303627,0.9523922812049863,0.9551226639686209
0,4,2.2852263219428783,0.1491960643148548,4167,2.298990045275007,0.1212484993997599,833,2.2970475667639625,0.1296,0.9799367405038197,0.08407719475465274,,,0.9577276319113761,,0.9577577528015712,0.04224224719842884,0,0.1456898151415107,10,0.025,0.15,0.9297003056801445,0.9602335101658953,0.9661346104569081,0.9383785836821543,1.0,0.9339212665763474,0.9356026387531893,0.941051391704416,0.9442011111932301,0.9610908081649481,0.9527215034161831,0.9583254886001361
0,5,2.2903482899521337,0.14012479001679864,4167,2.294433695929391,0.15126050420168066,833,2.2970545623875873,0.1296,0.96713723569627,0.08297901523551951,,,0.8234616064386537,,0.82351339307818,0.17648660692182006,0,0.14566617198400608,10,0.025,0.15,0.9116704772420156,0.9489562455104656,0.931727302203043,0.9171199050215653,0.9339212665763474,1.0,0.9423711874286882,0.934045716723354,0.9478781586684409,0.9124129765098549,0.9492668350133069,0.9428069349426319
0,6,2.2891527790011783,0.15200383969282458,4167,2.297116381781442,0.1212484993997599,833,2.2970558088037034,0.1296,0.9652560831253716,0.08281761498943288,,,0.8037284306009954,,0.8037662359096236,0.1962337640903764,0,0.1456593042031355,10,0.025,0.15,0.9311860269809722,0.9527058115233374,0.9248993522340678,0.9206282839980726,0.9356026387531893,0.9423711874286882,1.0,0.9459642563954055,0.9307645992470257,0.8806124363151988,0.9358947330096926,0.9496109089446075
0,7,2.287829016194199,0.12008639308855291,4167,2.294435943875994,0.14765906362545017,833,2.297051272814787,0.1296,0.9743524373547993,0.08359806939479755,,,0.8991486321666731,,0.8991846973973032,0.10081530260269678,0,0.14568080999915023,10,0.025,0.15,0.8981494377946715,0.9447739730368686,0.9613200513161856,0.9308157518036032,0.941051391704416,0.934045716723354,0.9459642563954055,1.0,0.9608766775600697,0.9284026816411668,0.9513870570507194,0.9594893626217826
0,8,2.288242798140555,0.1241238598175708,4166,2.297846691949027,0.12244897959183673,833,2.297048088870471,0.1295,0.9759136636382473,0.08373202041516857,,,0.9155258007442,,0.9155650179069499,0.08443498209305011,0,0.1456878711189339,10,0.025,0.15,0.9243316936607172,0.9425272902353542,0.9576402248884627,0.9195069347456047,0.9442011111932301,0.9478781586684409,0.9307645992470257,0.9608766775600697,1.0,0.9496830731252238,0.9494579567685183,0.9476147693856622
0,9,2.282289059234388,0.1313490158425348,4166,2.2978432519095287,0.1404561824729892,833,2.297063175636002,0.1296,0.9590955281891467,0.08228904803632178,,,0.7391045847233486,,0.7391444273902065,0.26085557260979353,0,0.1456062743525452,10,0.025,0.15,0.8923580828386459,0.9226925163247343,0.9590069986226631,0.9114579854303627,0.9610908081649481,0.9124129765098549,0.8806124363151988,0.9284026816411668,0.9496830731252238,1.0,0.9346785426739092,0.9260746193672725
0,10,2.2905963883255467,0.13024483917426788,4166,2.2970209462302074,0.12725090036014405,833,2.2970477780209313,0.1296,0.9785804967734335,0.08396083094917298,,,0.9435007178245245,,0.9435559736594544,0.05644402634054557,0,0.14568948540536703,10,0.025,0.15,0.9171771404146775,0.9530780814239896,0.9522125777465701,0.9523922812049863,0.9527215034161831,0.9492668350133069,0.9358947330096926,0.9513870570507194,0.9494579567685183,0.9346785426739092,1.0,0.9572944956287034
0,11,2.2919628540674846,0.1330532885261642,4166,2.2967300415039062,0.1212484993997599,833,2.2970474852791316,0.1296,0.9811066584501684,0.08417757206979612,,,0.9699999998777376,,0.9700285520951957,0.029971447904804327,0,0.14568993957735438,10,0.025,0.15,0.9146654399358514,0.9662908351845909,0.9577037481907615,0.9551226639686209,0.9583254886001361,0.9428069349426319,0.9496109089446075,0.9594893626217826,0.9476147693856622,0.9260746193672725,0.9572944956287034,1.0
1,0,2.219032198010069,0.17962562994960404,4167,2.2864236491067067,0.17026378896882494,834,2.2864062695563594,0.1668,0.9833617021915438,0.08213171005410284,,,0.65,,0.6500140284860788,0.3499859715139212,0.8483306169420316,0.14774551931873825,10,0.025,0.15,1.0,0.9722374109685509,0.9659970823000588,0.9671500509567329,0.9718661442143222,0.9639895990865528,0.970299349402883,0.9679349367431866,0.972013151815237,0.9576942748901442,0.9654132008894674,0.9699317188805012
1,1,2.2200480721213602,0.18680105591552676,4167,2.2875838620322093,0.17625899280575538,834,2.286316907858547,0.1669,0.989466808968215,0.08388941510381336,,,0.958861213428237,,0.9589047878397782,0.04109521216022183,0.8475101725467902,0.14801320851382932,10,0.025,0.15,0.9722374109685509,1.0,0.9739639864489487,0.9785365192293475,0.9771244464334343,0.9754344250928394,0.9759406664507383,0.976016297784052,0.9747851890986706,0.9607623648016411,0.9733583253711202,0.9777326635170992
1,2,2.211480420286005,0.1802495800335973,4167,2.2846126896994456,0.1630695443645084,834,2.286317122133472,0.1669,0.9881303080807068,0.08378869969097828,,,0.941163656819243,,0.9412041392285984,0.05879586077140164,0.8475051749050495,0.14801285876688414,10,0.025,0.15,0.9659970823000588,0.9739639864489487,1.0,0.9718522463156533,0.9753846750121117,0.9701974206196077,0.9726947985019188,0.9780499610174072,0.9766154424264883,0.9643490041363695,0.9723798705820719,0.978432308812282
1,3,2.2243012110392253,0.17940964722822175,4167,2.2861856051853726,0.16666666666666666,834,2.286325717274147,0.1669,0.987488649710823,0.08297844111319123,,,0.798786272418395,,0.798815005528874,0.20118499447112603,0.8479920323637443,0.14796108384845097,10,0.025,0.15,0.9671500509567329,0.9785365192293475,0.9718522463156533,1.0,0.9743424870234765,0.969837709092338,0.967482710824244,0.9739656344921299,0.9733308891355068,0.9640811615704205,0.9773354663940436,0.9748198654974426
1,4,2.203004922288837,0.19301655867530598,4167,2.2884517397199358,0.15726290516206481,833,2.2863168233557594,0.1669,0.989540594780909,0.08388266561912561,,,0.9576752044155096,,0.9577164925483983,0.0422835074516017,0.8475069198203974,0.14801319405837624,10,0.025,0.15,0.9718661442143222,0.9771244464334343,0.9753846750121117,0.9743424870234765,1.0,0.973943636561385,0.9750853104570689,0.9720614700380572,0.9740820163045051,0.9666433076530367,0.9747909082000741,0.9814252264959825
1,5,2.2143254959222043,0.181665466762659,4167,2.283495937074934,0.18847539015606243,833,2.286323716368856,0.167,0.9862445997276735,0.08309924180071282,,,0.8200131824378132,,0.8200640359129243,0.17993596408707568,0.8480343818674222,0.14798303994349318,10,0.025,0.15,0.9639895990865528,0.9754344250928394,0.9701974206196077,0.969837709092338,0.973943636561385,1.0,0.9708893648529219,0.970799519175124,0.9780134305548701,0.9593498233413017,0.9702941925622243,0.9751370865552633
1,6,2.202534945083387,0.19656827453803696,4167,2.286503893988473,0.1608643457382953,833,2.286326532122455,0.1669,0.9859001416652725,0.08298863947052176,,,0.8005783119989837,,0.8006222046178475,0.1993777953821525,0.84817170077267,0.14796839084926688,10,0.025,0.15,0.970299349402883,0.9759406664507383,0.9726947985019188,0.967482710824244,0.9750853104570689,0.9708893648529219,1.0,0.9741457099386763,0.97357604130305,0.9518357835290397,0.9677722601877924,0.9741691725539701
1,7,2.2091228972781787,0.18291336693064555,4167,2.2836223670414517,0.1716686674669868,833,2.286319409744649,0.167,0.9876587787672739,0.08352647502011801,,,0.8950859431288467,,0.8951329405357231,0.10486705946427688,0.8478790355773814,0.14800455969540846,10,0.025,0.15,0.9679349367431866,0.976016297784052,0.9780499610174072,0.9739656344921299,0.9720614700380572,0.970799519175124,0.9741457099386763,1.0,0.9770706434343854,0.9588737189212267,0.9716342801534631,0.9739464263150907
1,8,2.2122433987530794,0.17940470475276044,4166,2.2871121679033553,0.16806722689075632,833,2.286320161215867,0.1668,0.9892603590117072,0.08366092845793147,,,0.9187118933185571,,0.9187585615025334,0.08124143849746657,0.8474931035714661,0.14800792704133459,10,0.025,0.15,0.972013151815237,0.9747851890986706,0.9766154424264883,0.9733308891355068,0.9740820163045051,0.9780134305548701,0.97357604130305,0.9770706434343854,1.0,0.9698286497664903,0.9700442554077405,0.9743257328701754
1,9,2.196472386157874,0.185549687950072,4166,2.2883591651916504,0.17286914765906364,833,2.286346245415603,0.167,0.9776833127092116,0.08239657928832664,,,0.6965424122753943,,0.6965886022676635,0.3034113977323365,0.8485141362002178,0.14782967178215772,10,0.025,0.15,0.9576942748901442,0.9607623648016411,0.9643490041363695,0.9640811615704205,0.9666433076530367,0.9593498233413017,0.9518357835290397,0.9588737189212267,0.9698286497664903,1.0,0.9593168982357936,0.9643331459942768
1,10,2.2165010127154265,0.17755640902544406,4166,2.28641220501491,0.15486194477791115,833,2.286319219613377,0.1668,0.9862536342027012,0.08370439931370217,,,0.9263505248764036,,0.9263917083395223,0.07360829166047766,0.8474633015203246,0.14800828582141967,10,0.025,0.15,0.9654132008894674,0.9733583253711202,0.9723798705820719,0.9773354663940436,0.9747909082000741,0.9702941925622243,0.9677722601877924,0.9716342801534631,0.9700442554077405,0.9593168982357936,1.0,0.9753962968800669
1,11,2.220972168445587,0.18538166106577053,4166,2.2866408484322682,0.15486194477791115,833,2.2863167116913616,0.1669,0.9897965814728293,0.08395280506747586,,,0.9699999998242815,,0.9700285520951957,0.029971447904804327,0.8475079803566223,0.1480133448767086,10,0.025,0.15,0.9699317188805012,0.9777326635170992,0.978432308812282,0.9748198654974426,0.9814252264959825,0.9751370865552633,0.9741691725539701,0.9739464263150907,0.9743257328701754,0.9643331459942768,0.9753962968800669,1.0
2,0,2.139222987492879,0.2230621550275978,4167,2.270124912261963,0.18944844124700239,834,2.2708779920505573,0.188,0.9856337435476102,0.08254081390629091,,,0.65,,0.6500140284860788,0.3499859715139212,0.949326784109221,0.1478125454354283,10,0.025,0.15,1.0,0.9745995910584943,0.9705721780942592,0.9725684902885133,0.9731787252366859,0.966850479158519,0.9715122776449087,0.9698855402092811,0.9713834824455952,0.9660388455186018,0.9700885568613433,0.9705587415553735
2,1,2.1406136093717634,0.22111831053515718,4167,2.271986654826573,0.19304556354916066,834,2.27065402646608,0.1881,0.9891364042665425,0.08373700998096079,,,0.9634307652154008,,0.9634681718407024,0.036531828159297564,0.9517983478355362,0.1480886743872162,10,0.025,0.15,0.9745995910584943,1.0,0.975583273771977,0.9749705188132364,0.9753215342723912,0.9734393393433723,0.974688901540417,0.9757530442664573,0.9750169429294712,0.9713683058555265,0.9718326847047496,0.975610475014321
2,2,2.133781973520915,0.22023038156947444,4167,2.2682667119162425,0.19304556354916066,834,2.2706545998778522,0.1882,0.9881347020276707,0.08364250175094601,,,0.9386674446528752,,0.9387120199369543,0.0612879800630457,0.9517856917294227,0.1480882097516822,10,0.025,0.15,0.9705721780942592,0.975583273771977,1.0,0.9723158430741223,0.9730923330489013,0.9706197621889853,0.9743724910519496,0.9753699037102915,0.9739870367763859,0.9697053418633764,0.9740462225674155,0.9765876754770207
2,3,2.1478008046294703,0.21245500359971203,4167,2.270047289984567,0.1882494004796163,834,2.2706836296033255,0.1886,0.9873430667908609,0.08311776515365128,,,0.801174439359407,,0.8012163522635375,0.1987836477364625,0.9515868980226714,0.14803807172523045,10,0.025,0.15,0.9725684902885133,0.9749705188132364,0.9723158430741223,1.0,0.9751037533126661,0.9687839736233106,0.9698291875606174,0.9738675770995598,0.9720480483988516,0.9705101499753306,0.9746791853543941,0.9725092424015223
2,4,2.1248843099131727,0.22654187664986802,4167,2.272601706641061,0.17406962785114047,833,2.2706542709205726,0.1881,0.9886511956393746,0.08371712315576064,,,0.9582199615920022,,0.9582528758396461,0.041747124160353866,0.9517941620397592,0.14808861859380706,10,0.025,0.15,0.9731787252366859,0.9753215342723912,0.9730923330489013,0.9751037533126661,1.0,0.9748764380971615,0.9758377492421269,0.970922697459062,0.9714191682504266,0.9691168024884613,0.9760607436703508,0.9774781493437797
2,5,2.1335897279508185,0.21823854091672668,4167,2.2669828619275774,0.19687875150060025,833,2.270677240588997,0.1891,0.9861779174964368,0.08315439963610756,,,0.8107735127159301,,0.8108134871515572,0.1891865128484428,0.9515195745179996,0.1480421999749786,10,0.025,0.15,0.966850479158519,0.9734393393433723,0.9706197621889853,0.9687839736233106,0.9748764380971615,1.0,0.9711634227373929,0.970744899042299,0.9766406779284744,0.9676803390520007,0.9687022613683464,0.9737542701489998
2,6,2.114820098515713,0.23424526037916968,4167,2.2709566865648543,0.18007202881152462,833,2.2706844987748545,0.189,0.9870015643510808,0.08311297591433721,,,0.7999195489824895,,0.7999455364658118,0.2000544635341882,0.9515456988154929,0.14803636995167865,10,0.025,0.15,0.9715122776449087,0.974688901540417,0.9743724910519496,0.9698291875606174,0.9758377492421269,0.9711634227373929,1.0,0.9711472243926658,0.9747995092482599,0.9640146389416683,0.9736737187298512,0.9720052927059598
2,7,2.1268767887895756,0.2241900647948164,4167,2.2682861600603377,0.19567827130852342,833,2.2706642452674575,0.189,0.9872127129067267,0.08345109712645626,,,0.8885150497487678,,0.8885560561799607,0.1114439438200393,0.9516827934490824,0.14807996086432745,10,0.025,0.15,0.9698855402092811,0.9757530442664573,0.9753699037102915,0.9738675770995598,0.970922697459062,0.970744899042299,0.9711472243926658,1.0,0.9765964055028079,0.9674545670200434,0.9702469773952525,0.9734196249353854
2,8,2.138040515870759,0.21466634661545847,4166,2.271702902657645,0.1872749099639856,833,2.2706641154953195,0.1881,0.9881574507750277,0.08356453939095812,,,0.9182395209483556,,0.9182799425657275,0.08172005743427246,0.9517578409824085,0.14808241575124043,10,0.025,0.15,0.9713834824455952,0.9750169429294712,0.9739870367763859,0.9720480483988516,0.9714191682504266,0.9766406779284744,0.9747995092482599,0.9765964055028079,1.0,0.9716805469275623,0.9712934390156557,0.9718073957592779
2,9,2.1160585724946226,0.221531445031205,4166,2.274724074772426,0.19567827130852342,833,2.2707827121396607,0.188,0.983748042243195,0.08264282753670157,,,0.6767299073446971,,0.6767754286940305,0.3232245713059695,0.9497129389231902,0.14786151456431065,10,0.025,0.15,0.9660388455186018,0.9713683058555265,0.9697053418633764,0.9705101499753306,0.9691168024884613,0.9676803390520007,0.9640146389416683,0.9674545670200434,0.9716805469275623,1.0,0.9656654316952307,0.9715860527151378
2,10,2.138120018713402,0.21615458473355736,4166,2.2709993294307163,0.1908763505402161,833,2.2706625069244,0.188,0.9870947801294859,0.08355686524406128,,,0.9162287187185321,,0.9162581901602548,0.08374180983974522,0.9517634490941174,0.14808232558095366,10,0.025,0.15,0.9700885568613433,0.9718326847047496,0.9740462225674155,0.9746791853543941,0.9760607436703508,0.9687022613683464,0.9736737187298512,0.9702469773952525,0.9712934390156557,0.9656654316952307,1.0,0.9776385461997258
2,11,2.139636413978808,0.22131541046567452,4166,2.272173983710153,0.17406962785114047,833,2.2706537186344966,0.1881,0.9887053668903624,0.08376208120376845,,,0.9699999997379771,,0.9700285520951957,0.029971447904804327,0.9517940172324839,0.14808873393318905,10,0.025,0.15,0.9705587415553735,0.975610475014321,0.9765876754770207,0.9725092424015223,0.9774781493437797,0.9737542701489998,0.9720052927059598,0.9734196249353854,0.9718073957592779,0.9715860527151378,0.9776385461997258,1.0
3,0,2.070451848434679,0.25207583393328536,4167,2.2486373015812466,0.22302158273381295,834,2.250267484520055,0.222,0.981610584243099,0.08276908399482338,,,0.97,,0.9700285520951957,0.029971447904804327,0.9664475115138381,0.14759107959557988,10,0.025,0.15,1.0,0.9667590997854035,0.9628704327863843,0.9648774365817039,0.96533095025061,0.9567440648399069,0.9637313134227564,0.9634784397588281,0.9629329676496453,0.9584111471599047,0.9627316307465655,0.9625862143464851
3,1,2.0692092808810147,0.24674826013918885,4167,2.2511437961033414,0.22422062350119903,834,2.249967566019372,0.2222,0.9857110617232628,0.08363992517633709,,,0.97,,0.9700285520951957,0.029971447904804327,0.9681308565358593,0.14759107959557988,10,0.025,0.15,0.9667590997854035,1.0,0.9667171483233548,0.9663600789013569,0.9685378666926661,0.9658523354814937,0.9683125581352351,0.9693889134025642,0.9661800010991686,0.966460592449168,0.9645456816198361,0.9692942721026193
3,2,2.0623098131382105,0.24763618910487162,4167,2.2466819967542375,0.22302158273381295,834,2.249968202808235,0.2222,0.9842144140464881,0.08353305726732936,,,0.97,,0.9700285520951957,0.029971447904804327,0.9681314673367316,0.14759107959557988,10,0.025,0.15,0.9628704327863843,0.9667171483233548,1.0,0.9642594028061124,0.9660035307488657,0.9611727516679921,0.9663836778676663,0.9671238641287547,0.9657861897502862,0.9642379085177174,0.9676094977522575,0.9685461326523449
3,3,2.078911474979285,0.23856491480681546,4167,2.2488698278154646,0.22661870503597123,834,2.250012379658373,0.2227,0.9837978478660377,0.08319591036457513,,,0.97,,0.9700285520951957,0.029971447904804327,0.967830155575167,0.14759107959557988,10,0.025,0.15,0.9648774365817039,0.9663600789013569,0.9642594028061124,1.0,0.9672311929642415,0.9620618416235661,0.9639375550076611,0.967287400195719,0.9625902012609446,0.9639690357038124,0.9678322460133042,0.9656420309594911
3,4,2.0567085948857393,0.2525797936165107,4167,2.251504591533116,0.22088835534213686,833,2.249967943263959,0.2222,0.9851862103644577,0.08361062357752683,,,0.97,,0.9700285520951957,0.029971447904804327,0.9681353912876101,0.14759107959557988,10,0.025,0.15,0.96533095025061,0.9685378666926661,0.9660035307488657,0.9672311929642415,1.0,0.9677752058593766,0.9686601730513499,0.9658482636911118,0.9649526886929088,0.961325137198407,0.9669339104613464,0.9695744335462282
3,5,2.0645221681305856,0.24809215262778977,4167,2.245027542114258,0.23169267707082833,833,2.250000974800013,0.2221,0.9822804935972149,0.08316925106565784,,,0.97,,0.9700285520951957,0.029971447904804327,0.9678796502682132,0.14759107959557988,10,0.025,0.15,0.9567440648399069,0.9658523354814937,0.9611727516679921,0.9620618416235661,0.9677752058593766,1.0,0.964273298255682,0.9640285815333474,0.9680655137121533,0.9627753543049666,0.9591603714240731,0.966141724183571
3,6,2.0426273309823237,0.25891528677705783,4167,2.250335318701608,0.226890756302521,833,2.250011353553096,0.2219,0.9844377472807606,0.08321372773737999,,,0.97,,0.9700285520951957,0.029971447904804327,0.9677881974341794,0.14759107959557988,10,0.025,0.15,0.9637313134227564,0.9683125581352351,0.9663836778676663,0.9639375550076611,0.9686601730513499,0.964273298255682,1.0,0.9658952366768971,0.9681081246085212,0.9590441149608384,0.9691192070547094,0.9660509450284315
3,7,2.0541727286396605,0.25483561315094794,4167,2.2480911867959157,0.2304921968787515,833,2.24998173230811,0.2222,0.9847618038314063,0.08343277891471247,,,0.97,,0.9700285520951957,0.029971447904804327,0.9680897237268671,0.14759107959557988,10,0.025,0.15,0.9634784397588281,0.9693889134025642,0.9671238641287547,0.967287400195719,0.9658482636911118,0.9640285815333474,0.9658952366768971,1.0,0.9692790968846211,0.9616888963470481,0.964269601773215,0.96894328127322
3,8,2.072044243957057,0.23922227556409026,4166,2.251314095088414,0.2112845138055222,833,2.249980516071561,0.2221,0.98429144443212,0.08348747528732882,,,0.97,,0.9700285520951957,0.029971447904804327,0.9680906378727444,0.14759107959557988,10,0.025,0.15,0.9629329676496453,0.9661800010991686,0.9657861897502862,0.9625902012609446,0.9649526886929088,0.9680655137121533,0.9681081246085212,0.9692790968846211,1.0,0.9655909755965704,0.9628608809053941,0.9653657698834174
3,9,2.047979552818067,0.24817570811329812,4166,2.2565466335841586,0.2184873949579832,833,2.2501407514644574,0.2216,0.9812963499624018,0.08282179969819588,,,0.97,,0.9700285520951957,0.029971447904804327,0.9666865598143894,0.14759107959557988,10,0.025,0.15,0.9584111471599047,0.966460592449168,0.9642379085177174,0.9639690357038124,0.961325137198407,0.9627753543049666,0.9590441149608384,0.9616888963470481,0.9655909755965704,1.0,0.9564259066663008,0.9667670447032438
3,10,2.0670750549345307,0.24402304368698993,4166,2.2505153928484236,0.22448979591836735,833,2.2499782073346872,0.222,0.9836573472350262,0.08346215960536774,,,0.97,,0.9700285520951957,0.029971447904804327,0.9680936043907828,0.14759107959557988,10,0.025,0.15,0.9627316307465655,0.9645456816198361,0.9676094977522575,0.9678322460133042,0.9669339104613464,0.9591603714240731,0.9691192070547094,0.964269601773215,0.9628608809053941,0.9564259066663008,1.0,0.9726209550572404
3,11,2.0687727895649997,0.24947191550648104,4166,2.2531534263065884,0.20768307322929172,833,2.2499672008466116,0.2222,0.9859827737434814,0.0836642073107655,,,0.97,,0.9700285520951957,0.029971447904804327,0.9681359094890863,0.14759107959557988,10,0.025,0.15,0.9625862143464851,0.9692942721026193,0.9685461326523449,0.9656420309594911,0.9695744335462282,0.966141724183571,0.9660509450284315,0.96894328127322,0.9653657698834174,0.9667670447032438,0.9726209550572404,1.0
4,0,2.0109808575023305,0.27465802735781136,4167,2.2222063882010326,0.24700239808153476,834,2.224977481214306,0.2479,0.9788940695313749,0.08293340738888028,,,0.97,,0.9700285520951957,0.029971447904804327,0.9793537406384986,0.1470722061326483,10,0.025,0.15,1.0,0.9582545016092697,0.9576453656397181,0.9578495282000582,0.9598262286228014,0.9485066660198542,0.9544985528498936,0.9598114533397825,0.9565128451570626,0.9512507703294472,0.9563451684516328,0.9571774703004444
4,1,2.0086166063944497,0.2703383729301656,4167,2.2253343718392506,0.26139088729016785,834,2.2245907813687866,0.2486,0.9817237737336414,0.0835631888965042,,,0.97,,0.9700285520951957,0.029971447904804327,0.9793537406384986,0.1470722061326483,10,0.025,0.15,0.9582545016092697,1.0,0.9585823452618691,0.9597770081980754,0.9602083390221565,0.9570774352740014,0.9590909616265278,0.9643801010291745,0.958791761048244,0.9580331043469522,0.9565313362332993,0.9598532910883255
4,2,2.0011565761132672,0.27437005039596835,4167,2.220355987548828,0.24580335731414868,834,2.2245915328400043,0.2486,0.9802672071475336,0.08344984664627661,,,0.97,,0.9700285520951957,0.029971447904804327,0.9793537406384986,0.1470722061326483,10,0.025,0.15,0.9576453656397181,0.9585823452618691,1.0,0.956345854068135,0.9582605906893342,0.9533821537485997,0.9588342384761014,0.9606255400275278,0.9573398572922215,0.9539336940514882,0.9580805854430104,0.9604317864324019
4,3,2.019279496236281,0.26318694504439644,4167,2.223162923540388,0.25059952038369304,834,2.2246543727343595,0.2489,0.9805623046912044,0.08325122649397944,,,0.97,,0.9700285520951957,0.029971447904804327,0.9793537406384986,0.1470722061326483,10,0.025,0.15,0.9578495282000582,0.9597770081980754,0.956345854068135,1.0,0.9605649270851228,0.955038912323121,0.9570773525839503,0.9615104419614551,0.955641152416068,0.9548196944162475,0.9604053324719114,0.9580837904272915
4,4,1.996528846206087,0.27626589872810176,4167,2.22577132497515,0.2533013205282113,833,2.2245912431161616,0.2486,0.9823380629996191,0.08356505977335527,,,0.97,,0.9700285520951957,0.029971447904804327,0.9793537406384986,0.1470722061326483,10,0.025,0.15,0.9598262286228014,0.9602083390221565,0.9582605906893342,0.9605649270851228,1.0,0.9597472956286865,0.9612523885693455,0.9601543794958308,0.9586918576270376,0.9550245363159535,0.9609930484821514,0.9630862794857977
4,5,2.00695434736483,0.2703623710103192,4167,2.2180588585989818,0.2653061224489796,833,2.2246365245384507,0.2482,0.9778667841882448,0.08314714811274175,,,0.97,,0.9700285520951957,0.029971447904804327,0.9793537406384986,0.1470722061326483,10,0.025,0.15,0.9485066660198542,0.9570774352740014,0.9533821537485997,0.955038912323121,0.9597472956286865,1.0,0.9536527272236478,0.9570700880823086,0.9596030967871422,0.9534523840039371,0.9507338121326132,0.9571088679167975
4,6,1.981683686285308,0.28356131509479243,4167,2.2250193187168668,0.24489795918367346,833,2.224651176718217,0.2484,0.9807481794500326,0.08326827159168483,,,0.97,,0.9700285520951957,0.029971447904804327,0.9793537406384986,0.1470722061326483,10,0.025,0.15,0.9544985528498936,0.9590909616265278,0.9588342384761014,0.9570773525839503,0.9612523885693455,0.9536527272236478,1.0,0.9618072845389316,0.9597415072594728,0.950347883400195,0.9636901191382699,0.959222631569166
4,7,1.9902516610694654,0.2814014878809695,4167,2.2231837000165666,0.24489795918367346,833,2.224608807624141,0.2483,0.9829138452174626,0.08347394324385556,,,0.97,,0.9700285520951957,0.029971447904804327,0.9793537406384986,0.1470722061326483,10,0.025,0.15,0.9598114533397825,0.9643801010291745,0.9606255400275278,0.9615104419614551,0.9601543794958308,0.9570700880823086,0.9618072845389316,1.0,0.9625184884783925,0.9530688191373521,0.9601697150280897,0.9635096011670058
4,8,2.01291909976439,0.26207393182909267,4166,2.226283924920218,0.2388955582232893,833,2.224606354025346,0.2484,0.9807256951446626,0.08343659912549539,,,0.97,,0.9700285520951957,0.029971447904804327,0.9793537406384986,0.1470722061326483,10,0.025,0.15,0.9565128451570626,0.958791761048244,0.9573398572922215,0.955641152416068,0.9586918576270376,0.9596030967871422,0.9597415072594728,0.9625184884783925,1.0,0.9575530196649046,0.9547315726329036,0.9577927915097532
4,9,1.9897400137149925,0.2742438790206433,4166,2.23404107775007,0.2424969987995198,833,2.2248159963873366,0.2482,0.976835023183218,0.0828990364167624,,,0.97,,0.9700285520951957,0.029971447904804327,0.9793537406384986,0.1470722061326483,10,0.025,0.15,0.9512507703294472,0.9580331043469522,0.9539336940514882,0.9548196944162475,0.9550245363159535,0.9534523840039371,0.950347883400195,0.9530688191373521,0.9575530196649046,1.0,0.9482042536599061,0.9577740627960197
4,10,2.0063590172565346,0.27078732597215555,4166,2.2253688062940324,0.24969987995198079,833,2.2246033662482154,0.2485,0.9803978507038645,0.08341030875478213,,,0.97,,0.9700285520951957,0.029971447904804327,0.9793537406384986,0.1470722061326483,10,0.025,0.15,0.9563451684516328,0.9565313362332993,0.9580805854430104,0.9604053324719114,0.9609930484821514,0.9507338121326132,0.9636901191382699,0.9601697150280897,0.9547315726329036,0.9482042536599061,1.0,0.9650996201539815
4,11,2.0095162763740078,0.2730436869899184,4166,2.229759693145752,0.23289315726290516,833,2.2245903377291523,0.2486,0.9824553438024787,0.08360196355568202,,,0.97,,0.9700285520951957,0.029971447904804327,0.9793537406384986,0.1470722061326483,10,0.025,0.15,0.9571774703004444,0.9598532910883255,0.9604317864324019,0.9580837904272915,0.9630862794857977,0.9571088679167975,0.959222631569166,0.9635096011670058,0.9577927915097532,0.9577740627960197,0.9650996201539815,1.0
5,0,1.9615119431958055,0.2933525317974562,4167,2.190617527280535,0.26498800959232616,834,2.194792273678357,0.2627,0.9752227665695615,0.0830237457086391,,,0.97,,0.9700285520951957,0.029971447904804327,0.987164601438152,0.1465707877084247,10,0.025,0.15,1.0,0.9492451286331586,0.9523915266775776,0.9514237433478151,0.9519083461157076,0.9418713404680028,0.9455034801241972,0.953671015073287,0.9486513115132152,0.9423332534479207,0.9494367307818311,0.9488882232841125
5,1,1.9571412454951893,0.2906167506599472,4167,2.194498028073992,0.28177458033573144,834,2.1943219673784475,0.2636,0.9783288543055355,0.08351427862030283,,,0.97,,0.9700285520951957,0.029971447904804327,0.987164601438152,0.1465707877084247,10,0.025,0.15,0.9492451286331586,1.0,0.9502105243118245,0.9537789962831921,0.9539687508282988,0.9509688135343879,0.9518329115526458,0.9577233721829371,0.9505121188713412,0.9520551318446978,0.950051789509534,0.9510728101240117
5,2,1.950288054076108,0.29539236861051116,4167,2.189082043511527,0.2697841726618705,834,2.1943228546577163,0.2636,0.9766174517742514,0.08338849098458369,,,0.97,,0.9700285520951957,0.029971447904804327,0.987164601438152,0.1465707877084247,10,0.025,0.15,0.9523915266775776,0.9502105243118245,1.0,0.9476597128215696,0.9515068406092307,0.9471517297671207,0.9514005602135402,0.9534498005006794,0.9475005182867771,0.9467339148609168,0.9513255680540046,0.9520758557608702
5,3,1.9655547839222531,0.286729061675066,4167,2.192471946988787,0.2673860911270983,834,2.1944054742402668,0.2638,0.9773996161665854,0.08329112543732047,,,0.97,,0.9700285520951957,0.029971447904804327,0.987164601438152,0.1465707877084247,10,0.025,0.15,0.9514237433478151,0.9537789962831921,0.9476597128215696,1.0,0.952857339149092,0.9501790007418508,0.9495580173938394,0.9565999932985771,0.9482731399497407,0.9485733578839725,0.9538666175497942,0.9479341999500315
5,4,1.9464892051436684,0.2947204223662107,4167,2.195078032357352,0.27130852340936373,833,2.19432254984409,0.2636,0.9787723617168766,0.08352986996720116,,,0.97,,0.9700285520951957,0.029971447904804327,0.987164601438152,0.1465707877084247,10,0.025,0.15,0.9519083461157076,0.9539687508282988,0.9515068406092307,0.952857339149092,1.0,0.952364108323555,0.9534987926624029,0.9534736117944125,0.9505643804804753,0.9474565998124976,0.9550482153203896,0.9539564623864426
5,5,1.9588843280618842,0.28944084473242143,4167,2.1857857704162598,0.2689075630252101,833,2.1943809050547927,0.2633,0.9755194322192512,0.08316557317815872,,,0.97,,0.9700285520951957,0.029971447904804327,0.987164601438152,0.1465707877084247,10,0.025,0.15,0.9418713404680028,0.9509688135343879,0.9471517297671207,0.9501790007418508,0.952364108323555,1.0,0.9490393973013213,0.9507670104106454,0.9504219051035999,0.9488085809391843,0.9471237657742229,0.9499958214877506
5,6,1.9339825290622132,0.309023278137749,4167,2.1947460174560547,0.2617046818727491,833,2.19440023506744,0.2632,0.9772933865465105,0.08329820835747058,,,0.97,,0.9700285520951957,0.029971447904804327,0.987164601438152,0.1465707877084247,10,0.025,0.15,0.9455034801241972,0.9518329115526458,0.9514005602135402,0.9495580173938394,0.9534987926624029,0.9490393973013213,1.0,0.9548202400114784,0.9520775996495117,0.94470474952274,0.9561239953134666,0.9508225666537508
5,7,1.9362297495206198,0.3005999520038397,4167,2.1934404713766917,0.25570228091236497,833,2.1943429270877113,0.2634,0.9804746454957053,0.08352892839904812,,,0.97,,0.9700285520951957,0.029971447904804327,0.987164601438152,0.1465707877084247,10,0.025,0.15,0.953671015073287,0.9577233721829371,0.9534498005006794,0.9565999932985771,0.9534736117944125,0.9507670104106454,0.9548202400114784,1.0,0.956036477376022,0.9483149133956372,0.9554458639025095,0.9562987685490498
5,8,1.9632703213980705,0.2829332693230917,4166,2.1963581357683455,0.25210084033613445,833,2.1943394654913795,0.2635,0.9764944932911415,0.08337629721385831,,,0.97,,0.9700285520951957,0.029971447904804327,0.987164601438152,0.1465707877084247,10,0.025,0.15,0.9486513115132152,0.9505121188713412,0.9475005182867771,0.9482731399497407,0.9505643804804753,0.9504219051035999,0.9520775996495117,0.956036477376022,1.0,0.9499934999313192,0.9483071289661639,0.9476569828018011
5,9,1.9427096403006352,0.29354296687469994,4166,2.20707597051348,0.24369747899159663,833,2.1945965169351314,0.2625,0.9739135654860982,0.08295988211721543,,,0.97,,0.9700285520951957,0.029971447904804327,0.987164601438152,0.1465707877084247,10,0.025,0.15,0.9423332534479207,0.9520551318446978,0.9467339148609168,0.9485733578839725,0.9474565998124976,0.9488085809391843,0.94470474952274,0.9483149133956372,0.9499934999313192,1.0,0.9416538798479624,0.9494062343730575
5,10,1.9536420688484655,0.29342294767162747,4166,2.1955955028533936,0.2689075630252101,833,2.1943357715123817,0.2636,0.9778093460595091,0.08340283322071049,,,0.97,,0.9700285520951957,0.029971447904804327,0.987164601438152,0.1465707877084247,10,0.025,0.15,0.9494367307818311,0.950051789509534,0.9513255680540046,0.9538666175497942,0.9550482153203896,0.9471237657742229,0.9561239953134666,0.9554458639025095,0.9483071289661639,0.9416538798479624,1.0,0.9569614258784213
5,11,1.960333361047687,0.2915986557849256,4166,2.2017527648380826,0.2545018007202881,833,2.194321550900423,0.2636,0.9777914890994416,0.08352076679549128,,,0.97,,0.9700285520951957,0.029971447904804327,0.987164601438152,0.1465707877084247,10,0.025,0.15,0.9488882232841125,0.9510728101240117,0.9520758557608702,0.9479341999500315,0.9539564623864426,0.9499958214877506,0.9508225666537508,0.9562987685490498,0.9476569828018011,0.9494062343730575,0.9569614258784213,1.0
6,0,1.9174168214653478,0.3098632109431245,4167,2.154731512069702,0.27817745803357313,834,2.160442560533934,0.2807,0.9735900632041077,0.08313065399265648,,,0.97,,0.9700285520951957,0.029971447904804327,0.9914147623543337,0.14608926242167086,10,0.025,0.15,1.0,0.9418404362842288,0.9457249630998417,0.9459764632092328,0.9479810664496254,0.9383963769467308,0.9360231672794302,0.9506899974147706,0.9470268564925263,0.9369254864303705,0.9442995166742734,0.9437630309873174
6,1,1.9135317354491264,0.30436765058795295,4167,2.159269230706351,0.29856115107913667,834,2.1598925198180767,0.2811,0.9735888023672226,0.08343432736706823,,,0.97,,0.9700285520951957,0.029971447904804327,0.9914147623543337,0.14608926242167086,10,0.025,0.15,0.9418404362842288,1.0,0.939917029941197,0.9455349952935568,0.945201238200339,0.9411595406062007,0.9420092511732776,0.95096544042286,0.9435788132872613,0.9448261442594078,0.9415713479764086,0.9417476480666672
6,2,1.9064858382398433,0.31207103431725464,4167,2.153667620250157,0.2829736211031175,834,2.1598934282230426,0.2811,0.9728039182643374,0.08333086871437621,,,0.97,,0.9700285520951957,0.029971447904804327,0.9914147623543337,0.14608926242167086,10,0.025,0.15,0.9457249630998417,0.939917029941197,1.0,0.9391844499705386,0.9448994418320679,0.9405308002778187,0.9423378411402696,0.947583202433093,0.9408710284898526,0.9397730135533285,0.9432413239113242,0.9451947566543298
6,3,1.9240742892930003,0.30086393088552915,4167,2.157550028392247,0.27577937649880097,834,2.1599952269204055,0.281,0.974047850775948,0.0833111206025275,,,0.97,,0.9700285520951957,0.029971447904804327,0.9914147623543337,0.14608926242167086,10,0.025,0.15,0.9459764632092328,0.9455349952935568,0.9391844499705386,1.0,0.9466766893323629,0.9426717961315736,0.9421203032583071,0.9496673410512028,0.9438001611359961,0.9419773094096462,0.9459178005119288,0.9403405645223922
6,4,1.9033411687070674,0.31060715142788575,4167,2.160289900643485,0.30012004801920766,833,2.15989319282242,0.2811,0.9760063430916534,0.08352276106116015,,,0.97,,0.9700285520951957,0.029971447904804327,0.9914147623543337,0.14608926242167086,10,0.025,0.15,0.9479810664496254,0.945201238200339,0.9448994418320679,0.9466766893323629,1.0,0.9462294654190502,0.9444358507366954,0.9469156827432018,0.9449296919786144,0.9427616611320592,0.9492143118237121,0.9473626073767036
6,5,1.915936204881379,0.3056635469162467,4167,2.1490694795336043,0.28331332533013204,833,2.1599642174153386,0.2811,0.9718370989648649,0.08316134300348259,,,0.97,,0.9700285520951957,0.029971447904804327,0.9914147623543337,0.14608926242167086,10,0.025,0.15,0.9383963769467308,0.9411595406062007,0.9405308002778187,0.9426717961315736,0.9462294654190502,1.0,0.9394765411493176,0.9438156202765934,0.9442261098025221,0.9408885325239983,0.939516910703975,0.94119757383238
6,6,1.8940455227187185,0.3203263738900888,4167,2.1606687818254744,0.28811524609843936,833,2.159988856013817,0.2805,0.9727173321459405,0.08327214846255308,,,0.97,,0.9700285520951957,0.029971447904804327,0.9914147623543337,0.14608926242167086,10,0.025,0.15,0.9360231672794302,0.9420092511732776,0.9423378411402696,0.9421203032583071,0.9444358507366954,0.9394765411493176,1.0,0.9467594936316005,0.9456694040862756,0.9368279637144246,0.9493241478110692,0.9432698032162917
6,7,1.8928122780539773,0.31941444684425246,4167,2.159559283937727,0.27611044417767105,833,2.1599151182778273,0.281,0.9779811613364818,0.08358653139142344,,,0.97,,0.9700285520951957,0.029971447904804327,0.9914147623543337,0.14608926242167086,10,0.025,0.15,0.9506899974147706,0.95096544042286,0.947583202433093,0.9496673410512028,0.9469156827432018,0.9438156202765934,0.9467594936316005,1.0,0.9520785630001518,0.9416355456366144,0.9489926700286992,0.950562434977558
6,8,1.9201528429985046,0.2973835813730197,4166,2.162203618458339,0.2617046818727491,833,2.159911119485203,0.2811,0.9746825790844614,0.08338453874304605,,,0.97,,0.9700285520951957,0.029971447904804327,0.9914147623543337,0.14608926242167086,10,0.025,0.15,0.9470268564925263,0.9435788132872613,0.9408710284898526,0.9438001611359961,0.9449296919786144,0.9442261098025221,0.9456694040862756,0.9520785630001518,1.0,0.9446086435559329,0.9425648471774359,0.9418957022543126
6,9,1.9009351520827322,0.3060009601536246,4166,2.1760313510894775,0.2581032412965186,833,2.1602138809010953,0.2819,0.9709430066849867,0.08300485321926553,,,0.97,,0.9700285520951957,0.029971447904804327,0.9914147623543337,0.14608926242167086,10,0.025,0.15,0.9369254864303705,0.9448261442594078,0.9397730135533285,0.9419773094096462,0.9427616611320592,0.9408885325239983,0.9368279637144246,0.9416355456366144,0.9446086435559329,1.0,0.9345869586794326,0.9429932836744038
6,10,1.9097601507649278,0.3090494479116659,4166,2.1617651666913713,0.29411764705882354,833,2.1599070874950552,0.2811,0.9745031796148848,0.08339512248466047,,,0.97,,0.9700285520951957,0.029971447904804327,0.9914147623543337,0.14608926242167086,10,0.025,0.15,0.9442995166742734,0.9415713479764086,0.9432413239113242,0.9459178005119288,0.9492143118237121,0.939516910703975,0.9493241478110692,0.9489926700286992,0.9425648471774359,0.9345869586794326,1.0,0.9498252065627218
