round,client_id,client_i_training_loss,client_i_training_accuracy,client_i_training_dataset_size,client_i_evaluation_loss,client_i_evaluation_accuracy,client_i_evaluation_dataset_size,client_i_central_evaluation_loss,client_i_central_evaluation_accuracy,client_i_cosine_similarity,client_i_importance_coefficient,client_i_tanh_val,tanh_normalization_value,client_i_q,client_i_mask_order,client_i_v_nonzero_fraction,client_i_v_sparsity,client_i_v_cosine_similarity,client_i_reward_gradient_norm,local_epochs,learning_rate,gamma,client_0_cosine_similarity,client_1_cosine_similarity,client_2_cosine_similarity,client_3_cosine_similarity,client_4_cosine_similarity,client_5_cosine_similarity,client_6_cosine_similarity,client_7_cosine_similarity,client_8_cosine_similarity,client_9_cosine_similarity,client_10_cosine_similarity,client_11_cosine_similarity
0,0,2.1264503726534025,0.38912,5000,2.249876940691913,0.2182254196642686,834,2.2427103024321244,0.2134,0.9976022604724034,0.08334893951948835,,,0.97,,0.9700176878243976,0.029982312175602432,0,0.09974153296224327,5,0.001,0.1,1.0,0.9949585331658387,0.992675403861784,0.9945032042263982,0.9952389308654436,0.9957365906304699,0.9946999031539507,0.9953631562849681,0.9950551990263676,0.9964720954508659,0.9897929111676743,0.9957912051456141
0,1,2.1181963337454826,0.35808,5000,2.2359240584903293,0.2302158273381295,834,2.2427103024321244,0.2134,0.9983760410500448,0.08341358832104244,,,0.97,,0.9700176878243976,0.029982312175602432,0,0.09974153296224327,5,0.001,0.1,0.9949585331658387,1.0,0.9963095203094441,0.9925847315712436,0.9945652513053711,0.9933588723507304,0.9958924646311894,0.9966764894735771,0.9956234399213852,0.9969770007391588,0.9959315575972411,0.9966706404074093
0,2,2.1219868215026367,0.37324,5000,2.250580213688038,0.19544364508393286,834,2.2427103024321244,0.2134,0.9969769046533514,0.08329669149800167,,,0.97,,0.9700176878243976,0.029982312175602432,0,0.09974153296224327,5,0.001,0.1,0.992675403861784,0.9963095203094441,1.0,0.9920548157692924,0.993684415311339,0.9910311723376581,0.996189143668784,0.993652524587018,0.9932974420180699,0.9942011552796123,0.995606518384879,0.9941001469999736
0,3,2.1204173642358963,0.4094,5000,2.242942969004313,0.21942446043165467,834,2.2427103024321244,0.2134,0.9961473749265136,0.08322738489579021,,,0.97,,0.9700176878243976,0.029982312175602432,0,0.09974153296224327,5,0.001,0.1,0.9945032042263982,0.9925847315712436,0.9920548157692924,1.0,0.9946193014145285,0.9910163832640482,0.9925468488465813,0.9952640823253819,0.9947207978185376,0.9932039636195313,0.9911553216322532,0.9912041782326065
0,4,2.1187081678657775,0.36936,5000,2.2479664749569364,0.20408163265306123,833,2.2427103024321244,0.2134,0.9978162594407066,0.0833668189768363,,,0.97,,0.9700176878243976,0.029982312175602432,0,0.09974153296224327,5,0.001,0.1,0.9952389308654436,0.9945652513053711,0.993684415311339,0.9946193014145285,1.0,0.9944755206338532,0.995804821636163,0.9950175746573245,0.9963073431264841,0.9956060638222324,0.9928652547635651,0.9946640064133604
0,5,2.1200756507314695,0.37388,5000,2.23871499520761,0.2112845138055222,833,2.2427103024321244,0.2134,0.9961303389544113,0.08322596155277598,,,0.97,,0.9700176878243976,0.029982312175602432,0,0.09974153296224327,5,0.001,0.1,0.9957365906304699,0.9933588723507304,0.9910311723376581,0.9910163832640482,0.9944755206338532,1.0,0.9940353729398854,0.9937625021073562,0.9921523869964797,0.9959247255982323,0.9874580022288743,0.9937181965343453
0,6,2.121999642195975,0.37576,5000,2.2528348940390126,0.20888355342136855,833,2.2427103024321244,0.2134,0.998008910988783,0.08338291487283131,,,0.97,,0.9700176878243976,0.029982312175602432,0,0.09974153296224327,5,0.001,0.1,0.9946999031539507,0.9958924646311894,0.996189143668784,0.9925468488465813,0.995804821636163,0.9940353729398854,1.0,0.9949586428734634,0.995406220834583,0.9963583543871635,0.9948319124580531,0.9944306425455108
0,7,2.1168203973466424,0.38724,5000,2.235123599017108,0.21248499399759904,833,2.2427103024321244,0.2134,0.9981238831175877,0.08339252071013728,,,0.97,,0.9700176878243976,0.029982312175602432,0,0.09974153296224327,5,0.001,0.1,0.9953631562849681,0.9966764894735771,0.993652524587018,0.9952640823253819,0.9950175746573245,0.9937625021073562,0.9949586428734634,1.0,0.9953695625192488,0.9973818254044071,0.9940244856816515,0.9950595803352044
0,8,2.1209437646683615,0.38028,5000,2.231815982747961,0.21008403361344538,833,2.2427103024321244,0.2134,0.99771287815952,0.0833581815463748,,,0.97,,0.9700176878243976,0.029982312175602432,0,0.09974153296224327,5,0.001,0.1,0.9950551990263676,0.9956234399213852,0.9932974420180699,0.9947207978185376,0.9963073431264841,0.9921523869964797,0.995406220834583,0.9953695625192488,1.0,0.9954948254180861,0.9941309320383688,0.9940529652882695
0,9,2.118380346419705,0.37172,5000,2.2366953867453114,0.21608643457382953,833,2.2427103024321244,0.2134,0.9985149539155853,0.0834251943893997,,,0.97,,0.9700176878243976,0.029982312175602432,0,0.09974153296224327,5,0.001,0.1,0.9964720954508659,0.9969770007391588,0.9942011552796123,0.9932039636195313,0.9956060638222324,0.9959247255982323,0.9963583543871635,0.9973818254044071,0.9954948254180861,1.0,0.9934827564197932,0.9961083815558855
0,10,2.119273843431169,0.35636,5000,2.2484569284651013,0.21608643457382953,833,2.2427103024321244,0.2134,0.9960977895815202,0.08322324207646764,,,0.97,,0.9700176878243976,0.029982312175602432,0,0.09974153296224327,5,0.001,0.1,0.9897929111676743,0.9959315575972411,0.995606518384879,0.9911553216322532,0.9928652547635651,0.9874580022288743,0.9948319124580531,0.9940244856816515,0.9941309320383688,0.9934827564197932,1.0,0.9930004897841939
0,11,2.1251269294957447,0.36024,5000,2.2331740149745234,0.2184873949579832,833,2.2427103024321244,0.2134,0.9974780477920283,0.0833385616408544,,,0.97,,0.9700176878243976,0.029982312175602432,0,0.09974153296224327,5,0.001,0.1,0.9957912051456141,0.9966706404074093,0.9941001469999736,0.9912041782326065,0.9946640064133604,0.9937181965343453,0.9944306425455108,0.9950595803352044,0.9940529652882695,0.9961083815558855,0.9930004897841939,1.0
1,0,1.9302139414343864,0.47924,5000,2.185044703660188,0.3645083932853717,834,2.1754915341020773,0.3669,0.9988529093000391,0.0833505350680905,,,0.97,,0.9700176878243976,0.029982312175602432,0.9725775931767932,0.09986164029763876,5,0.001,0.1,1.0,0.9972469764085371,0.996547169552282,0.9979162556650427,0.9974747332139913,0.9976491905958319,0.9970313967779867,0.9976999784559929,0.997391720713104,0.9980093851438999,0.994792293064961,0.9978919625015307
1,1,1.9221433923502635,0.45176,5000,2.1661475146258318,0.4052757793764988,834,2.1754915341020773,0.3669,0.9988779981682494,0.08339098951139626,,,0.97,,0.9700176878243976,0.029982312175602432,0.9725775931767932,0.09986164029763876,5,0.001,0.1,0.9972469764085371,1.0,0.997728292290601,0.9969571658959497,0.9967880229228723,0.9961612187258866,0.9972218473592087,0.9979633858829298,0.9976899455677883,0.9978936794766049,0.9968678557164206,0.997431354358836
1,2,1.9253883544047168,0.46,5000,2.1846454585040056,0.3597122302158273,834,2.1754915341020773,0.3669,0.9986034481347216,0.08331044348118781,,,0.97,,0.9700176878243976,0.029982312175602432,0.9725775931767932,0.09986164029763876,5,0.001,0.1,0.996547169552282,0.997728292290601,1.0,0.9962674209664151,0.9968105499042927,0.9955905510181146,0.9983949368488019,0.997090454548045,0.9967227227728155,0.997282395259938,0.9974588127033538,0.9967697982132521
1,3,1.9163581064552258,0.51248,5000,2.174771379541468,0.36810551558752996,834,2.1754915341020773,0.3669,0.9984780822638407,0.08326389625173303,,,0.97,,0.9700176878243976,0.029982312175602432,0.9725775931767932,0.09986164029763876,5,0.001,0.1,0.9979162556650427,0.9969571658959497,0.9962674209664151,1.0,0.997491803616749,0.9965530383334933,0.9961814681651745,0.9973826857657253,0.9975889232223836,0.9971580200342123,0.9948101232691808,0.9968559299799665
1,4,1.9215829885689317,0.47516,5000,2.1803103729530617,0.34933973589435774,833,2.1754915341020773,0.3669,0.9987369367026483,0.08335775626105982,,,0.97,,0.9700176878243976,0.029982312175602432,0.9725775931767932,0.09986164029763876,5,0.001,0.1,0.9974747332139913,0.9967880229228723,0.9968105499042927,0.997491803616749,1.0,0.9972790309398324,0.9970680250978041,0.9973059955848932,0.997372033726345,0.9975090938252854,0.9953915889017226,0.9977710524717165
1,5,1.9241564014155395,0.46868,5000,2.170968523731938,0.35294117647058826,833,2.1754915341020773,0.3669,0.9980026238676375,0.0832476778265777,,,0.97,,0.9700176878243976,0.029982312175602432,0.9725775931767932,0.09986164029763876,5,0.001,0.1,0.9976491905958319,0.9961612187258866,0.9955905510181146,0.9965530383334933,0.9972790309398324,1.0,0.99621740840591,0.996826719745766,0.9958350293982534,0.997341387370756,0.9934260694412368,0.9965851286612285
1,6,1.9284804315324042,0.46168,5000,2.1891027203312627,0.3565426170468187,833,2.1754915341020773,0.3669,0.9987092842029692,0.0833667342798259,,,0.97,,0.9700176878243976,0.029982312175602432,0.9725775931767932,0.09986164029763876,5,0.001,0.1,0.9970313967779867,0.9972218473592087,0.9983949368488019,0.9961814681651745,0.9970680250978041,0.99621740840591,1.0,0.9970882589753862,0.9967155001869488,0.9974287008477718,0.9975437317247984,0.9970393751791227
1,7,1.9139587091032866,0.4812,5000,2.164380983070091,0.3673469387755102,833,2.1754915341020773,0.3669,0.9989570188555,0.08338062060592333,,,0.97,,0.9700176878243976,0.029982312175602432,0.9725775931767932,0.09986164029763876,5,0.001,0.1,0.9976999784559929,0.9979633858829298,0.997090454548045,0.9973826857657253,0.9973059955848932,0.996826719745766,0.9970882589753862,1.0,0.9971847919480971,0.9984621978465594,0.9961915878258089,0.9977006573077248
1,8,1.9239820688393465,0.471,5000,2.1653881867726645,0.36494597839135656,833,2.1754915341020773,0.3669,0.9986249584150441,0.08334884537688905,,,0.97,,0.9700176878243976,0.029982312175602432,0.9725775931767932,0.09986164029763876,5,0.001,0.1,0.997391720713104,0.9976899455677883,0.9967227227728155,0.9975889232223836,0.997372033726345,0.9958350293982534,0.9967155001869488,0.9971847919480971,1.0,0.9973825012539747,0.9960044140012828,0.9970314016051055
1,9,1.9207890791498172,0.46076,5000,2.169299178653293,0.39735894357743096,833,2.1754915341020773,0.3669,0.9991238164946222,0.0834060405923858,,,0.97,,0.9700176878243976,0.029982312175602432,0.9725775931767932,0.09986164029763876,5,0.001,0.1,0.9980093851438999,0.9978936794766049,0.997282395259938,0.9971580200342123,0.9975090938252854,0.997341387370756,0.9974287008477718,0.9984621978465594,0.9973825012539747,1.0,0.9963114904333574,0.9981163228432425
1,10,1.92303627418105,0.4564,5000,2.1816917260487876,0.3637454981992797,833,2.1754915341020773,0.3669,0.997614411418079,0.0832334804649306,,,0.97,,0.9700176878243976,0.029982312175602432,0.9725775931767932,0.09986164029763876,5,0.001,0.1,0.994792293064961,0.9968678557164206,0.9974588127033538,0.9948101232691808,0.9953915889017226,0.9934260694412368,0.9975437317247984,0.9961915878258089,0.9960044140012828,0.9963114904333574,1.0,0.996014916018589
1,11,1.9310038234018216,0.45112,5000,2.16480059976931,0.35294117647058826,833,2.1754915341020773,0.3669,0.998816015991627,0.08334298028000026,,,0.97,,0.9700176878243976,0.029982312175602432,0.9725775931767932,0.09986164029763876,5,0.001,0.1,0.9978919625015307,0.997431354358836,0.9967697982132521,0.9968559299799665,0.9977710524717165,0.9965851286612285,0.9970393751791227,0.9977006573077248,0.9970314016051055,0.9981163228432425,0.996014916018589,1.0
2,0,1.737252421287974,0.539,5000,2.104240064267759,0.42565947242206237,834,2.092193397851036,0.4385,0.9991027891943535,0.08335058559295755,,,0.97,,0.9700176878243976,0.029982312175602432,0.9930731241813409,0.09988949050914267,5,0.001,0.1,1.0,0.9977597719000417,0.997423202337001,0.9982914281925359,0.9980192120656337,0.9977525197355067,0.9979465443237505,0.9979117404824042,0.9977282401067896,0.9982365021398899,0.9966856572683971,0.9982307249976748
2,1,1.7323997807350888,0.51116,5000,2.079621120735451,0.4628297362110312,834,2.092193397851036,0.4385,0.9991581190746386,0.08337717646031713,,,0.97,,0.9700176878243976,0.029982312175602432,0.9930731241813409,0.09988949050914267,5,0.001,0.1,0.9977597719000417,1.0,0.9983681269937144,0.9976315690154877,0.9975118585792061,0.9965868633941783,0.9980733503683269,0.9983235610115048,0.9979148718640193,0.9983128673373094,0.998254880017761,0.9979101524734288
2,2,1.7339141970227478,0.52032,5000,2.102722070835255,0.4172661870503597,834,2.092193397851036,0.4385,0.9988606631843647,0.08331818895655305,,,0.97,,0.9700176878243976,0.029982312175602432,0.9930731241813409,0.09988949050914267,5,0.001,0.1,0.997423202337001,0.9983681269937144,1.0,0.9973234605246296,0.9973787239852315,0.9960017844594614,0.9985088355657553,0.997660936721704,0.9972816500121489,0.9978613328809834,0.9979153855747638,0.9973601046533169
2,3,1.717026944373064,0.56652,5000,2.0904954186192266,0.4412470023980815,834,2.092193397851036,0.4385,0.9988935950882294,0.08329071057561982,,,0.97,,0.9700176878243976,0.029982312175602432,0.9930731241813409,0.09988949050914267,5,0.001,0.1,0.9982914281925359,0.9976315690154877,0.9973234605246296,1.0,0.9979558456863458,0.9972781661379382,0.9975326904323976,0.99770390426941,0.9979631343076742,0.9976962714900467,0.9967719785581458,0.997331826031371
2,4,1.7273524849278152,0.53232,5000,2.0964247429812395,0.43217286914765907,833,2.092193397851036,0.4385,0.9989781174165637,0.08335098998814329,,,0.97,,0.9700176878243976,0.029982312175602432,0.9930731241813409,0.09988949050914267,5,0.001,0.1,0.9980192120656337,0.9975118585792061,0.9973787239852315,0.9979558456863458,1.0,0.9978186629624798,0.997896637664948,0.9977147374286109,0.9977084740517722,0.9979098042363405,0.9967562815548219,0.9978212252190581
2,5,1.7313187775338532,0.533,5000,2.0871028811843306,0.4417767106842737,833,2.092193397851036,0.4385,0.9982029777676241,0.08325847848580921,,,0.97,,0.9700176878243976,0.029982312175602432,0.9930731241813409,0.09988949050914267,5,0.001,0.1,0.9977525197355067,0.9965868633941783,0.9960017844594614,0.9972781661379382,0.9978186629624798,1.0,0.9966705470560773,0.9970591192368986,0.9966622948873817,0.9974610624985945,0.9950407790690041,0.9968704022586676
2,6,1.7372573131208966,0.52576,5000,2.109712503574513,0.4177671068427371,833,2.092193397851036,0.4385,0.9990891608951884,0.0833600785799672,,,0.97,,0.9700176878243976,0.029982312175602432,0.9930731241813409,0.09988949050914267,5,0.001,0.1,0.9979465443237505,0.9980733503683269,0.9985088355657553,0.9975326904323976,0.997896637664948,0.9966705470560773,1.0,0.9978694238056132,0.997619633663787,0.9980730197068506,0.9979669508684165,0.9976643124733771
2,7,1.7192253744526274,0.53908,5000,2.07753614143089,0.4549819927971189,833,2.092193397851036,0.4385,0.99906389849611,0.083367777931171,,,0.97,,0.9700176878243976,0.029982312175602432,0.9930731241813409,0.09988949050914267,5,0.001,0.1,0.9979117404824042,0.9983235610115048,0.997660936721704,0.99770390426941,0.9977147374286109,0.9970591192368986,0.9978694238056132,1.0,0.9975152705497475,0.9984685010070881,0.9974438426683495,0.9978469626192357
2,8,1.73133121447958,0.53632,5000,2.0827823170909174,0.44417767106842737,833,2.092193397851036,0.4385,0.9988021224911643,0.08333984645640949,,,0.97,,0.9700176878243976,0.029982312175602432,0.9930731241813409,0.09988949050914267,5,0.001,0.1,0.9977282401067896,0.9979148718640193,0.9972816500121489,0.9979631343076742,0.9977084740517722,0.9966622948873817,0.997619633663787,0.9975152705497475,1.0,0.9978298538101354,0.9970518508241974,0.9971061314146622
2,9,1.7289919528232258,0.52172,5000,2.0857732119383634,0.468187274909964,833,2.092193397851036,0.4385,0.9992289775173134,0.08338869199816368,,,0.97,,0.9700176878243976,0.029982312175602432,0.9930731241813409,0.09988949050914267,5,0.001,0.1,0.9982365021398899,0.9983128673373094,0.9978613328809834,0.9976962714900467,0.9979098042363405,0.9974610624985945,0.9980730197068506,0.9984685010070881,0.9978298538101354,1.0,0.9975422334252849,0.9981051371918096
2,10,1.7298283132777852,0.51964,5000,2.0985564390818277,0.42136854741896757,833,2.092193397851036,0.4385,0.9984789281873067,0.08325867858908931,,,0.97,,0.9700176878243976,0.029982312175602432,0.9930731241813409,0.09988949050914267,5,0.001,0.1,0.9966856572683971,0.998254880017761,0.9979153855747638,0.9967719785581458,0.9967562815548219,0.9950407790690041,0.9979669508684165,0.9974438426683495,0.9970518508241974,0.9975422334252849,1.0,0.9970795302126367
2,11,1.7416505540252492,0.50924,5000,2.0801522864235773,0.4345738295318127,833,2.092193397851036,0.4385,0.9988810210666822,0.08333879638579927,,,0.97,,0.9700176878243976,0.029982312175602432,0.9930731241813409,0.09988949050914267,5,0.001,0.1,0.9982307249976748,0.9979101524734288,0.9973601046533169,0.997331826031371,0.9978212252190581,0.9968704022586676,0.9976643124733771,0.9978469626192357,0.9971061314146622,0.9981051371918096,0.9970795302126367,1.0
3,0,1.566925030301331,0.58,5000,2.0078370173772178,0.4832134292565947,834,1.9931617701015534,0.5088,0.999054103117583,0.08334982557288671,,,0.97,,0.9700176878243976,0.029982312175602432,0.9964754191281141,0.09988706936316988,5,0.001,0.1,1.0,0.9978429584981059,0.9972991066152525,0.9981661309849054,0.9979131296529286,0.9974013141164958,0.9978898438480452,0.9978709047584938,0.9976235992876883,0.9980518142469978,0.9969240363355932,0.9981292975330195
3,1,1.5679470739546855,0.55584,5000,1.9768451673013192,0.5359712230215827,834,1.9931617701015534,0.5088,0.9991662232688239,0.08336974868846388,,,0.97,,0.9700176878243976,0.029982312175602432,0.9964754191281141,0.09988706936316988,5,0.001,0.1,0.9978429584981059,1.0,0.9981639768750192,0.9978111324335316,0.9974410617254911,0.9963988578695627,0.998161473239505,0.9982381079682995,0.9979958009814318,0.9983884599451989,0.9982983457402751,0.9977151370125568
3,2,1.5691779170066689,0.56508,5000,2.0051008021389998,0.4856115107913669,834,1.9931617701015534,0.5088,0.99871778954054,0.08331910731833136,,,0.97,,0.9700176878243976,0.029982312175602432,0.9964754191281141,0.09988706936316988,5,0.001,0.1,0.9972991066152525,0.9981639768750192,1.0,0.9970299378317378,0.9971130888746856,0.9955251484061137,0.9982878597297277,0.9976393165163715,0.9971466865898663,0.9978507317109254,0.997774774127807,0.9972500451113392
3,3,1.5447341900722236,0.59944,5000,1.9902990305865254,0.5191846522781774,834,1.9931617701015534,0.5088,0.9988679666768749,0.08330710490767954,,,0.97,,0.9700176878243976,0.029982312175602432,0.9964754191281141,0.09988706936316988,5,0.001,0.1,0.9981661309849054,0.9978111324335316,0.9970299378317378,1.0,0.997995444363401,0.9971395414003661,0.9974081321312295,0.9976834788577632,0.997875079504348,0.9975695710506356,0.9969327303439303,0.9972714710706149
3,4,1.5592646316358239,0.57512,5000,1.9968706722612735,0.5090036014405762,833,1.9931617701015534,0.5088,0.9989320771587162,0.08334613549386335,,,0.97,,0.9700176878243976,0.029982312175602432,0.9964754191281141,0.09988706936316988,5,0.001,0.1,0.9979131296529286,0.9974410617254911,0.9971130888746856,0.997995444363401,1.0,0.9976227272773212,0.9978329709790913,0.9977217847239895,0.9976357517017895,0.9977511252961447,0.9969655407612966,0.9976574780186902
3,5,1.5628539991986221,0.57724,5000,1.9874657215895477,0.5090036014405762,833,1.9931617701015534,0.5088,0.9980284052874608,0.08326024664928688,,,0.97,,0.9700176878243976,0.029982312175602432,0.9964754191281141,0.09988706936316988,5,0.001,0.1,0.9974013141164958,0.9963988578695627,0.9955251484061137,0.9971395414003661,0.9976227272773212,1.0,0.9963585973021489,0.9968719305739366,0.9966085547554836,0.9970793989396564,0.9953321621281342,0.9964825826720537
3,6,1.5718460928102966,0.57044,5000,2.015010877891823,0.4909963985594238,833,1.9931617701015534,0.5088,0.9990791824928131,0.08335645576531871,,,0.97,,0.9700176878243976,0.029982312175602432,0.9964754191281141,0.09988706936316988,5,0.001,0.1,0.9978898438480452,0.998161473239505,0.9982878597297277,0.9974081321312295,0.9978329709790913,0.9963585973021489,1.0,0.9980267685888436,0.9977028940143352,0.9979940638191709,0.9980445009335304,0.9977051078697479
3,7,1.5516550795287842,0.57644,5000,1.9752206846519753,0.5270108043217286,833,1.9931617701015534,0.5088,0.999085787064773,0.08336138992987283,,,0.97,,0.9700176878243976,0.029982312175602432,0.9964754191281141,0.09988706936316988,5,0.001,0.1,0.9978709047584938,0.9982381079682995,0.9976393165163715,0.9976834788577632,0.9977217847239895,0.9968719305739366,0.9980267685888436,1.0,0.9977849184121848,0.998341369712131,0.9976173506297953,0.9976951165775884
3,8,1.5622151623106306,0.57884,5000,1.9843910888389305,0.5222088835534213,833,1.9931617701015534,0.5088,0.9988543631037664,0.08333679459954042,,,0.97,,0.9700176878243976,0.029982312175602432,0.9964754191281141,0.09988706936316988,5,0.001,0.1,0.9976235992876883,0.9979958009814318,0.9971466865898663,0.997875079504348,0.9976357517017895,0.9966085547554836,0.9977028940143352,0.9977849184121848,1.0,0.9977964649367576,0.9973995563439967,0.9971488065007449
3,9,1.563617606755275,0.56484,5000,1.9863029497641105,0.5366146458583433,833,1.9931617701015534,0.5088,0.999185946350585,0.08337744619167492,,,0.97,,0.9700176878243976,0.029982312175602432,0.9964754191281141,0.09988706936316988,5,0.001,0.1,0.9980518142469978,0.9983884599451989,0.9978507317109254,0.9975695710506356,0.9977511252961447,0.9970793989396564,0.9979940638191709,0.998341369712131,0.9977964649367576,1.0,0.9978361524521604,0.9980322608300597
3,10,1.5651910396897868,0.56452,5000,1.999834586072851,0.48739495798319327,833,1.9931617701015534,0.5088,0.998657319921396,0.08328066578699711,,,0.97,,0.9700176878243976,0.029982312175602432,0.9964754191281141,0.09988706936316988,5,0.001,0.1,0.9969240363355932,0.9982983457402751,0.997774774127807,0.9969327303439303,0.9969655407612966,0.9953321621281342,0.9980445009335304,0.9976173506297953,0.9973995563439967,0.9978361524521604,1.0,0.9972321887662174
3,11,1.574564299765666,0.55344,5000,1.979723126799972,0.49939975990396157,833,1.9931617701015534,0.5088,0.9988211570827409,0.08333507909608427,,,0.97,,0.9700176878243976,0.029982312175602432,0.9964754191281141,0.09988706936316988,5,0.001,0.1,0.9981292975330195,0.9977151370125568,0.9972500451113392,0.9972714710706149,0.9976574780186902,0.9964825826720537,0.9977051078697479,0.9976951165775884,0.9971488065007449,0.9980322608300597,0.9972321887662174,1.0
4,0,1.4258231372590278,0.6132,5000,1.8970706992679172,0.526378896882494,834,1.879619021766102,0.5546,0.9990178357797815,0.08335275166367652,,,0.97,,0.9700176878243976,0.029982312175602432,0.9972767682401974,0.09987292399672978,5,0.001,0.1,1.0,0.9975145803217705,0.9972000197391602,0.9980070164632534,0.9976358988045567,0.9972150676505296,0.9977921837173472,0.9975907905387306,0.9974932395866077,0.9977228506723628,0.9970139760247315,0.9977974472124173
4,1,1.4315015351696379,0.59156,5000,1.8588427702585857,0.5671462829736211,834,1.879619021766102,0.5546,0.998966499909953,0.0833633118031597,,,0.97,,0.9700176878243976,0.029982312175602432,0.9972767682401974,0.09987292399672978,5,0.001,0.1,0.9975145803217705,1.0,0.9977847219114515,0.997677791310124,0.9967860305960277,0.9961955373042108,0.99771720719508,0.9977030174690166,0.9975978507675637,0.9980859283570215,0.9980698824915344,0.9972343786770128
4,2,1.4300490299607538,0.59912,5000,1.89293928499575,0.5203836930455635,834,1.879619021766102,0.5546,0.9986121159501463,0.08332082090637558,,,0.97,,0.9700176878243976,0.029982312175602432,0.9972767682401974,0.09987292399672978,5,0.001,0.1,0.9972000197391602,0.9977847219114515,1.0,0.9971595581413315,0.9967578490922834,0.9955007816474101,0.9980191761040511,0.9972225667218821,0.9967306190838301,0.9975009969830742,0.9974722111265811,0.9967719170172696
4,3,1.400970378499122,0.62956,5000,1.875755235000893,0.5767386091127098,834,1.879619021766102,0.5546,0.9989018319299391,0.08332281124578646,,,0.97,,0.9700176878243976,0.029982312175602432,0.9972767682401974,0.09987292399672978,5,0.001,0.1,0.9980070164632534,0.997677791310124,0.9971595581413315,1.0,0.997611152508356,0.9972013157415369,0.9971968443443936,0.9975540831931934,0.9976639449968491,0.9975424176299251,0.9969651961389754,0.99701465905374
4,4,1.4153260202164863,0.60752,5000,1.8827659598103277,0.5666266506602641,833,1.879619021766102,0.5546,0.9986394963757813,0.08333827838747619,,,0.97,,0.9700176878243976,0.029982312175602432,0.9972767682401974,0.09987292399672978,5,0.001,0.1,0.9976358988045567,0.9967860305960277,0.9967578490922834,0.997611152508356,1.0,0.9971379150749223,0.9974706476903443,0.997195505588318,0.9971867189126916,0.9971488458623207,0.9964495310359569,0.997069022360858
4,5,1.421284146445572,0.6132,5000,1.8733987322560064,0.553421368547419,833,1.879619021766102,0.5546,0.9980008861219982,0.08326500046871187,,,0.97,,0.9700176878243976,0.029982312175602432,0.9972767682401974,0.09987292399672978,5,0.001,0.1,0.9972150676505296,0.9961955373042108,0.9955007816474101,0.9972013157415369,0.9971379150749223,1.0,0.9961080656316258,0.9967629090129937,0.9966601298379222,0.996736982907127,0.9953083807418011,0.995971457679854
4,6,1.430615776815232,0.6034,5000,1.905953464684663,0.5294117647058824,833,1.879619021766102,0.5546,0.9989054511045117,0.08335319023358909,,,0.97,,0.9700176878243976,0.029982312175602432,0.9972767682401974,0.09987292399672978,5,0.001,0.1,0.9977921837173472,0.99771720719508,0.9980191761040511,0.9971968443443936,0.9974706476903443,0.9961080656316258,1.0,0.9974064361918238,0.9972731388748207,0.9975366071448334,0.9977970497436492,0.9973181610261124
4,7,1.4100917046237145,0.608,5000,1.8589911593331232,0.5846338535414166,833,1.879619021766102,0.5546,0.9988552297284866,0.08335459504545983,,,0.97,,0.9700176878243976,0.029982312175602432,0.9972767682401974,0.09987292399672978,5,0.001,0.1,0.9975907905387306,0.9977030174690166,0.9972225667218821,0.9975540831931934,0.997195505588318,0.9967629090129937,0.9974064361918238,1.0,0.997537722511518,0.997816750983711,0.9971165462292866,0.9971271985777573
4,8,1.4200430189727977,0.61416,5000,1.8718037605285645,0.5774309723889556,833,1.879619021766102,0.5546,0.9986997378609476,0.08333449473612828,,,0.97,,0.9700176878243976,0.029982312175602432,0.9972767682401974,0.09987292399672978,5,0.001,0.1,0.9974932395866077,0.9975978507675637,0.9967306190838301,0.9976639449968491,0.9971867189126916,0.9966601298379222,0.9972731388748207,0.997537722511518,1.0,0.9974630964844813,0.9969409581253293,0.9966233530488489
4,9,1.4242322295334688,0.59716,5000,1.8715694303865786,0.5942376950780313,833,1.879619021766102,0.5546,0.9990155359617396,0.08336961453551563,,,0.97,,0.9700176878243976,0.029982312175602432,0.9972767682401974,0.09987292399672978,5,0.001,0.1,0.9977228506723628,0.9980859283570215,0.9975009969830742,0.9975424176299251,0.9971488458623207,0.996736982907127,0.9975366071448334,0.997816750983711,0.9974630964844813,1.0,0.997775974173015,0.9976240939756366
4,10,1.424964299551241,0.59944,5000,1.8867485081707989,0.5270108043217286,833,1.879619021766102,0.5546,0.998584671922446,0.0832963626480233,,,0.97,,0.9700176878243976,0.029982312175602432,0.9972767682401974,0.09987292399672978,5,0.001,0.1,0.9970139760247315,0.9980698824915344,0.9974722111265811,0.9969651961389754,0.9964495310359569,0.9953083807418011,0.9977970497436492,0.9971165462292866,0.9969409581253293,0.997775974173015,1.0,0.9968826380158367
4,11,1.4355921283649031,0.589,5000,1.8647424821500425,0.531812725090036,833,1.879619021766102,0.5546,0.9985549010193953,0.0833287683260974,,,0.97,,0.9700176878243976,0.029982312175602432,0.9972767682401974,0.09987292399672978,5,0.001,0.1,0.9977974472124173,0.9972343786770128,0.9967719170172696,0.99701465905374,0.997069022360858,0.995971457679854,0.9973181610261124,0.9971271985777573,0.9966233530488489,0.9976240939756366,0.9968826380158367,1.0
5,0,1.307101344758538,0.63816,5000,1.7741991678873699,0.5587529976019184,834,1.7540424468037419,0.5847,0.9988684150033647,0.08335494663727964,,,0.97,,0.9700176878243976,0.029982312175602432,0.9981055107208914,0.09985671905466768,5,0.001,0.1,1.0,0.9974643227048644,0.9967462301435417,0.9976750241072831,0.9973028784134766,0.996610485452739,0.9974378939208165,0.9973304782813394,0.9971005630841387,0.9973312824527926,0.9969794238386931,0.997274050576069
5,1,1.3162045788613095,0.6136,5000,1.7284688419765897,0.5899280575539568,834,1.7540424468037419,0.5847,0.9989122914434571,0.08336283872548009,,,0.97,,0.9700176878243976,0.029982312175602432,0.9981055107208914,0.09985671905466768,5,0.001,0.1,0.9974643227048644,1.0,0.9974854031318431,0.9975782751032445,0.9965166621540247,0.9961128342009891,0.9974532022900565,0.9974669918567806,0.9975035706594005,0.9977454547065231,0.9977465163695237,0.9967046630679102
5,2,1.3150514346019477,0.62416,5000,1.7688997409961842,0.5539568345323741,834,1.7540424468037419,0.5847,0.9983964468567692,0.08332013209197443,,,0.97,,0.9700176878243976,0.029982312175602432,0.9981055107208914,0.09985671905466768,5,0.001,0.1,0.9967462301435417,0.9974854031318431,1.0,0.9968262116825242,0.9963666030876199,0.9951609077501438,0.9975027288631599,0.9967059092755656,0.996486974295978,0.9971076410051773,0.9969925750933831,0.996216138616852
5,3,1.2842835735363565,0.65276,5000,1.7490600259215743,0.60431654676259,834,1.7540424468037419,0.5847,0.9987811249821104,0.08333376850964493,,,0.97,,0.9700176878243976,0.029982312175602432,0.9981055107208914,0.09985671905466768,5,0.001,0.1,0.9976750241072831,0.9975782751032445,0.9968262116825242,1.0,0.9972832566393104,0.9969931513872001,0.9969011300112653,0.9972579278865898,0.9972310804494376,0.9972272601503261,0.9968411565009037,0.9963933804454047
5,4,1.2988642437442852,0.63248,5000,1.7564445424962927,0.5930372148859544,833,1.7540424468037419,0.5847,0.9984181501758126,0.08333153826944908,,,0.97,,0.9700176878243976,0.029982312175602432,0.9981055107208914,0.09985671905466768,5,0.001,0.1,0.9973028784134766,0.9965166621540247,0.9963666030876199,0.9972832566393104,1.0,0.9967581526828901,0.9971864241016222,0.9967356836822967,0.9965377983183519,0.9967975422307386,0.9959829905693935,0.9963899865200375
5,5,1.3036686608745793,0.6366,5000,1.7471732607594244,0.5834333733493398,833,1.7540424468037419,0.5847,0.9978670529456544,0.08326881389037138,,,0.97,,0.9700176878243976,0.029982312175602432,0.9981055107208914,0.09985671905466768,5,0.001,0.1,0.996610485452739,0.9961128342009891,0.9951609077501438,0.9969931513872001,0.9967581526828901,1.0,0.9958338119350217,0.9965525342371789,0.996429363078323,0.9964190717617045,0.9952752386703472,0.995111823011738
5,6,1.3155124361348,0.62692,5000,1.7848312854766846,0.5642256902761105,833,1.7540424468037419,0.5847,0.9987995142422611,0.08335299174914818,,,0.97,,0.9700176878243976,0.029982312175602432,0.9981055107208914,0.09985671905466768,5,0.001,0.1,0.9974378939208165,0.9974532022900565,0.9975027288631599,0.9969011300112653,0.9971864241016222,0.9958338119350217,1.0,0.9972400880692571,0.9970118878606192,0.9973051275604261,0.9976357663289319,0.996918630444157
5,7,1.2929712665308812,0.63192,5000,1.731515230955901,0.6050420168067226,833,1.7540424468037419,0.5847,0.9987076331266065,0.0833508876893648,,,0.97,,0.9700176878243976,0.029982312175602432,0.9981055107208914,0.09985671905466768,5,0.001,0.1,0.9973304782813394,0.9974669918567806,0.9967059092755656,0.9972579278865898,0.9967356836822967,0.9965525342371789,0.9972400880692571,1.0,0.9971896307326086,0.9976383839124668,0.9967519279543211,0.996456091749598
5,8,1.3019253433889644,0.63476,5000,1.7478914614076968,0.6110444177671068,833,1.7540424468037419,0.5847,0.9985544665108742,0.08333361771136875,,,0.97,,0.9700176878243976,0.029982312175602432,0.9981055107208914,0.09985671905466768,5,0.001,0.1,0.9971005630841387,0.9975035706594005,0.996486974295978,0.9972310804494376,0.9965377983183519,0.996429363078323,0.9970118878606192,0.9971896307326086,1.0,0.9971997151432,0.9967438510700276,0.9960566572835274
5,9,1.3082157717388907,0.62224,5000,1.7443316865850378,0.617046818727491,833,1.7540424468037419,0.5847,0.9988405465835691,0.0833643881992283,,,0.97,,0.9700176878243976,0.029982312175602432,0.9981055107208914,0.09985671905466768,5,0.001,0.1,0.9973312824527926,0.9977454547065231,0.9971076410051773,0.9972272601503261,0.9967975422307386,0.9964190717617045,0.9973051275604261,0.9976383839124668,0.9971997151432,1.0,0.9973070478487989,0.9968394664856127
5,10,1.3104984047306572,0.62424,5000,1.7615076126875702,0.575030012004802,833,1.7540424468037419,0.5847,0.9984960246967076,0.08330834720101996,,,0.97,,0.9700176878243976,0.029982312175602432,0.9981055107208914,0.09985671905466768,5,0.001,0.1,0.9969794238386931,0.9977465163695237,0.9969925750933831,0.9968411565009037,0.9959829905693935,0.9952752386703472,0.9976357663289319,0.9967519279543211,0.9967438510700276,0.9973070478487989,1.0,0.9965347873690827
5,11,1.319921989577591,0.6142,5000,1.7380088788491708,0.56062424969988,833,1.7540424468037419,0.5847,0.9981710014237769,0.08331772932567055,,,0.97,,0.9700176878243976,0.029982312175602432,0.9981055107208914,0.09985671905466768,5,0.001,0.1,0.997274050576069,0.9967046630679102,0.996216138616852,0.9963933804454047,0.9963899865200375,0.995111823011738,0.996918630444157,0.996456091749598,0.9960566572835274,0.9968394664856127,0.9965347873690827,1.0
6,0,1.2095437856236841,0.65456,5000,1.6437013370019418,0.5959232613908872,834,1.6209294464641486,0.612,0.9984342390510328,0.083352588238509,,,0.97,,0.9700176878243976,0.029982312175602432,0.9984646536768493,0.09982478414420333,5,0.001,0.1,1.0,0.9968666069725843,0.9962278090212002,0.9965085443495284,0.9961270132102452,0.9962075230409031,0.9966994494447573,0.9964999047473473,0.996163353207015,0.9966334915486236,0.9960593756332576,0.9962306914325124
6,1,1.2218785057401962,0.63724,5000,1.5901354860376429,0.6139088729016786,834,1.6209294464641486,0.612,0.9985766557602318,0.0833620258112787,,,0.97,,0.9700176878243976,0.029982312175602432,0.9984646536768493,0.09982478414420333,5,0.001,0.1,0.9968666069725843,1.0,0.9969752935478221,0.9966971743586105,0.9954262684200894,0.9958535226217189,0.9966954261506473,0.9966283268292034,0.9965827629854596,0.9972089061457308,0.9970641538727262,0.9959308622925381
6,2,1.2188256530245398,0.64376,5000,1.637137218757912,0.5839328537170264,834,1.6209294464641486,0.612,0.9981457876549273,0.08332192461645296,,,0.97,,0.9700176878243976,0.029982312175602432,0.9984646536768493,0.09982478414420333,5,0.001,0.1,0.9962278090212002,0.9969752935478221,1.0,0.9959129608485494,0.9957032483937178,0.994922414784924,0.9969584494451241,0.9961589942181469,0.9956437285261562,0.9966197125847147,0.9962499898339323,0.995396262327516
6,3,1.1866520924173343,0.66856,5000,1.6147702049326014,0.6306954436450839,834,1.6209294464641486,0.612,0.9983173965947852,0.0833358276198893,,,0.97,,0.9700176878243976,0.029982312175602432,0.9984646536768493,0.09982478414420333,5,0.001,0.1,0.9965085443495284,0.9966971743586105,0.9959129608485494,1.0,0.9964961605313576,0.9963619295479267,0.9961190574082323,0.9964665493552429,0.9965538696951933,0.9963237158266732,0.9959789350575821,0.9954063159890749
6,4,1.2000871449519115,0.65328,5000,1.6221603331742462,0.6218487394957983,833,1.6209294464641486,0.612,0.998016580383852,0.08332474943827957,,,0.97,,0.9700176878243976,0.029982312175602432,0.9984646536768493,0.09982478414420333,5,0.001,0.1,0.9961270132102452,0.9954262684200894,0.9957032483937178,0.9964961605313576,1.0,0.9961750153016421,0.9966174590683798,0.9961475046409441,0.996063920133168,0.9957189787841617,0.9951821022670387,0.9955645021459171
6,5,1.2077082622582744,0.65412,5000,1.6134081637417828,0.6110444177671068,833,1.6209294464641486,0.612,0.9977962546138984,0.0832791672745357,,,0.97,,0.9700176878243976,0.029982312175602432,0.9984646536768493,0.09982478414420333,5,0.001,0.1,0.9962075230409031,0.9958535226217189,0.994922414784924,0.9963619295479267,0.9961750153016421,1.0,0.9954321805021481,0.99610232358714,0.9959484601708881,0.9959540299426548,0.9950243138672835,0.9946037402023271
6,6,1.2196633476360588,0.64652,5000,1.6561555509214048,0.5918367346938775,833,1.6209294464641486,0.612,0.998486865844477,0.0833530880586638,,,0.97,,0.9700176878243976,0.029982312175602432,0.9984646536768493,0.09982478414420333,5,0.001,0.1,0.9966994494447573,0.9966954261506473,0.9969584494451241,0.9961190574082323,0.9966174590683798,0.9954321805021481,1.0,0.9964762482995331,0.9962420970556947,0.996524782544252,0.996912765726134,0.9961762196604603
6,7,1.1973776388320194,0.65284,5000,1.5977083400443748,0.6194477791116446,833,1.6209294464641486,0.612,0.9984535742482009,0.08335072294753282,,,0.97,,0.9700176878243976,0.029982312175602432,0.9984646536768493,0.09982478414420333,5,0.001,0.1,0.9964999047473473,0.9966283268292034,0.9961589942181469,0.9964665493552429,0.9961475046409441,0.99610232358714,0.9964762482995331,1.0,0.9968379195074093,0.9969287086492259,0.9962132279449656,0.9959957762244784
6,8,1.205686947722344,0.65596,5000,1.6172124324021515,0.6338535414165666,833,1.6209294464641486,0.612,0.9982099357915578,0.08333226630289754,,,0.97,,0.9700176878243976,0.029982312175602432,0.9984646536768493,0.09982478414420333,5,0.001,0.1,0.996163353207015,0.9965827629854596,0.9956437285261562,0.9965538696951933,0.996063920133168,0.9959484601708881,0.9962420970556947,0.9968379195074093,1.0,0.9963521210405178,0.9958954591298592,0.9952538436445679
6,9,1.212386023466754,0.64088,5000,1.60945901605818,0.6422569027611045,833,1.6209294464641486,0.612,0.9985416549322128,0.0833618463080584,,,0.97,,0.9700176878243976,0.029982312175602432,0.9984646536768493,0.09982478414420333,5,0.001,0.1,0.9966334915486236,0.9972089061457308,0.9966197125847147,0.9963237158266732,0.9957189787841617,0.9959540299426548,0.996524782544252,0.9969287086492259,0.9963521210405178,1.0,0.99692674471566,0.9963188858284366
6,10,1.2141783085977955,0.64228,5000,1.628610646283185,0.6122448979591837,833,1.6209294464641486,0.612,0.9981941436193014,0.08331625764615237,,,0.97,,0.9700176878243976,0.029982312175602432,0.9984646536768493,0.09982478414420333,5,0.001,0.1,0.9960593756332576,0.9970641538727262,0.9962499898339323,0.9959789350575821,0.9951821022670387,0.9950243138672835,0.996912765726134,0.9962132279449656,0.9958954591298592,0.99692674471566,1.0,0.9958416285057504
6,11,1.2252853672975188,0.635,5000,1.6040445632404752,0.5870348139255702,833,1.6209294464641486,0.612,0.9978076453800477,0.08330953573774999,,,0.97,,0.9700176878243976,0.029982312175602432,0.9984646536768493,0.09982478414420333,5,0.001,0.1,0.9962306914325124,0.9959308622925381,0.995396262327516,0.9954063159890749,0.9955645021459171,0.9946037402023271,0.9961762196604603,0.9959957762244784,0.9952538436445679,0.9963188858284366,0.9958416285057504,1.0
7,0,1.1280122535243915,0.67148,5000,1.5111005394547075,0.6199040767386091,834,1.4860031734259365,0.63,0.9980841989075708,0.08335133904919732,,,0.97,,0.9700176878243976,0.029982312175602432,0.9985250509874385,0.09978918492582915,5,0.001,0.1,1.0,0.9961546326609405,0.9949506387762915,0.9959524635924611,0.9955422009285098,0.9950755371412812,0.9960413733051481,0.9957896788710912,0.9956485875826199,0.9959422228041787,0.9955019675027235,0.9951663511533254
7,1,1.1418610934239284,0.65148,5000,1.450281023979187,0.6294964028776978,834,1.4860031734259365,0.63,0.998347124961586,0.08336561650223641,,,0.97,,0.9700176878243976,0.029982312175602432,0.9985250509874385,0.09978918492582915,5,0.001,0.1,0.9961546326609405,1.0,0.9959560103675232,0.9963326509973699,0.9951667268199866,0.9949114512843374,0.9958778010666018,0.99633277223552,0.9962224529028552,0.996373135818041,0.99657573035637,0.99501025846439
