round,client_id,client_i_training_loss,client_i_training_accuracy,client_i_training_dataset_size,client_i_evaluation_loss,client_i_evaluation_accuracy,client_i_evaluation_dataset_size,client_i_central_evaluation_loss,client_i_central_evaluation_accuracy,client_i_cosine_similarity,client_i_importance_coefficient,client_i_tanh_val,tanh_normalization_value,client_i_q,client_i_mask_order,client_i_v_nonzero_fraction,client_i_v_sparsity,client_i_v_cosine_similarity,client_i_reward_gradient_norm,local_epochs,learning_rate,gamma,client_0_cosine_similarity,client_1_cosine_similarity,client_2_cosine_similarity,client_3_cosine_similarity,client_4_cosine_similarity,client_5_cosine_similarity,client_6_cosine_similarity,client_7_cosine_similarity,client_8_cosine_similarity,client_9_cosine_similarity,client_10_cosine_similarity,client_11_cosine_similarity
0,0,2.2837969700495404,0.15591552675785939,4167,2.2968264647892545,0.1211031175059952,834,2.2973684630816495,0.116,0.9659436324751972,0.08255990490965272,,,0.82844849798258,,0.8284976316614678,0.17150236833853216,0,0.1462345734593342,10,0.025,0.15,1.0,0.957263167347817,0.9370114647909948,0.9291892071132196,0.9500005905738816,0.9388843755701811,0.9531752646007083,0.8993051246152974,0.9470444821504936,0.9085074562073729,0.9414026406791169,0.9396630583535
0,1,2.2880666292074956,0.15951523878089752,4167,2.2978994165148054,0.1223021582733813,834,2.2973650407187547,0.116,0.982914539993049,0.08401042072009814,,,0.9570327319923638,,0.9570728325989009,0.04292716740109914,0,0.1462487729800277,10,0.025,0.15,0.957263167347817,1.0,0.9516387988179575,0.9575048037105078,0.9686307774338198,0.964249586714214,0.9649213287112649,0.9326281564331171,0.9528030947643772,0.917660231596521,0.9654518314791387,0.9672532431026393
0,2,2.285879132964394,0.15905927525797936,4167,2.297290631702968,0.1211031175059952,834,2.2973651282394987,0.116,0.9802062846434305,0.08377894416534036,,,0.9365129725589162,,0.9365499826706937,0.06345001732930633,0,0.14624845754724664,10,0.025,0.15,0.9370114647909948,0.9516387988179575,1.0,0.9498083781799912,0.9600636434349197,0.9396694607903607,0.9426033543562105,0.9524647476414871,0.9650887688728932,0.9510159364992639,0.9635053717412689,0.9554589437879125
0,3,2.289505603096702,0.12990160787137028,4167,2.2955405712127686,0.10431654676258993,834,2.2973680737652358,0.116,0.9687451070512587,0.08279934897950364,,,0.8496745556982223,,0.8497054017923454,0.15029459820765456,0,0.14623813529609708,10,0.025,0.15,0.9291892071132196,0.9575048037105078,0.9498083781799912,1.0,0.9420407700958651,0.9328403970959864,0.9390066643393015,0.9315623390308192,0.9351785079429988,0.9057758932548776,0.95496225613956,0.9563557541173935
0,4,2.2862872434384895,0.14382049436045116,4167,2.2940474578312466,0.1212484993997599,833,2.297365107113802,0.116,0.9812716668950396,0.08387000316136055,,,0.9445851019136182,,0.9446369922925847,0.05536300770741531,0,0.1462486279239244,10,0.025,0.15,0.9500005905738816,0.9686307774338198,0.9600636434349197,0.9420407700958651,1.0,0.958720270825103,0.9526812657614542,0.919412771021588,0.950531373606491,0.9516613521759248,0.9658551073012172,0.9611934276404484
0,5,2.2857088919841884,0.15709143268538517,4167,2.2952122007097517,0.11884753901560624,833,2.297365396837645,0.116,0.9755293504503315,0.08337920319778357,,,0.9010770360834383,,0.9011156772457956,0.09888432275420445,0,0.14624710725783943,10,0.025,0.15,0.9388843755701811,0.964249586714214,0.9396694607903607,0.9328403970959864,0.958720270825103,1.0,0.9572575131759271,0.9215591912292695,0.9589894735118815,0.9181115228098775,0.9649087288408222,0.9584146969801144
0,6,2.2845233953360355,0.1579793616510679,4167,2.2949855668204173,0.10804321728691477,833,2.2973653998556016,0.116,0.9757471441001964,0.08339781817946391,,,0.9027272029711323,,0.9027660873727121,0.09723391262728787,0,0.1462471893870712,10,0.025,0.15,0.9531752646007083,0.9649213287112649,0.9426033543562105,0.9390066643393015,0.9526812657614542,0.9572575131759271,1.0,0.9392989736132908,0.9503722492007636,0.9002966796987595,0.9529508172161402,0.9635810910298066
0,7,2.2877253489060836,0.16023518118550517,4167,2.2991605486188615,0.09723889555822329,833,2.2973691511757766,0.1159,0.9632993989254259,0.08233390034469831,,,0.808413815383393,,0.8084534006700665,0.19154659932993345,0,0.14622898326367983,10,0.025,0.15,0.8993051246152974,0.9326281564331171,0.9524647476414871,0.9315623390308192,0.919412771021588,0.9215591912292695,0.9392989736132908,1.0,0.9584785815649217,0.9182808736869418,0.9507776673568326,0.9467526251383974
0,8,2.2841064272504865,0.15667306769083053,4166,2.2979309218270436,0.12244897959183673,833,2.2973650708983215,0.116,0.9820915574747041,0.08394007980560526,,,0.9507972035379472,,0.9508425343697909,0.04915746563020906,0,0.1462487074956976,10,0.025,0.15,0.9470444821504936,0.9528030947643772,0.9650887688728932,0.9351785079429988,0.950531373606491,0.9589894735118815,0.9503722492007636,0.9584785815649217,1.0,0.9477987086506754,0.9686471774641298,0.9554610470982987
0,9,2.2825372060139975,0.13646183389342295,4166,2.300442968096052,0.11284513805522209,833,2.2973747585393207,0.1158,0.9555897798864308,0.08167495359734199,,,0.75,,0.7500041260253173,0.2499958739746827,0,0.1461653720964947,10,0.025,0.15,0.9085074562073729,0.917660231596521,0.9510159364992639,0.9057758932548776,0.9516613521759248,0.9181115228098775,0.9002966796987595,0.9182808736869418,0.9477987086506754,1.0,0.9378610331251584,0.9233650646390436
0,10,2.2882286823157107,0.15544887181949113,4166,2.299332482474191,0.11764705882352941,833,2.2973649652698374,0.116,0.9859458243708928,0.08426950680087453,,,0.9799999999113527,,0.9800300374643098,0.019969962535690167,0,0.1462488680568701,10,0.025,0.15,0.9414026406791169,0.9654518314791387,0.9635053717412689,0.95496225613956,0.9658551073012172,0.9649087288408222,0.9529508172161402,0.9507776673568326,0.9686471774641298,0.9378610331251584,1.0,0.9691627118279375
0,11,2.288712577386336,0.1544407105136822,4166,2.3001876899174283,0.12484993997599039,833,2.297365049772625,0.116,0.9826278385390855,0.08398591613827691,,,0.9548604682634737,,0.9549025432820056,0.045097456717994366,0,0.14624875027878148,10,0.025,0.15,0.9396630583535,0.9672532431026393,0.9554589437879125,0.9563557541173935,0.9611934276404484,0.9584146969801144,0.9635810910298066,0.9467526251383974,0.9554610470982987,0.9233650646390436,0.9691627118279375,1.0
1,0,2.161278903845585,0.21487880969522438,4167,2.2853563853672574,0.18225419664268586,834,2.286222228521033,0.1824,0.9823289672974562,0.08269523550344479,,,0.8098060617031941,,0.8098479972273109,0.19015200277268907,0.8583762231016152,0.14805482254086771,10,0.025,0.15,1.0,0.9744666734489537,0.9694713680667543,0.9670532111341928,0.9685569450025632,0.9671508942218788,0.9647276498813584,0.9565673946326316,0.9693716840876293,0.9647486046719251,0.9674878898419389,0.9690708553075744
1,1,2.1707720489212963,0.21123110151187904,4167,2.2863173484802246,0.18705035971223022,834,2.2862099092217942,0.1815,0.9893790982586625,0.0838171928805418,,,0.9568486773001464,,0.95689128748494,0.04310871251505999,0.8585493860403203,0.1481000666654989,10,0.025,0.15,0.9744666734489537,1.0,0.972493671405724,0.9712370670796667,0.977292147340879,0.9795612400742377,0.9734536880059018,0.9724759275116125,0.9734513975961767,0.9725025033853618,0.976549101612622,0.9783571306860284
1,2,2.163246495073492,0.22210223182145428,4167,2.285656758717128,0.18585131894484413,834,2.2862100480478023,0.1816,0.9885318091565014,0.08364715347959588,,,0.934563482888999,,0.9346107507715667,0.06538924922843325,0.8585625441020573,0.1480979774955146,10,0.025,0.15,0.9694713680667543,0.972493671405724,1.0,0.9725134847619875,0.9753373267707213,0.9738539551656935,0.9709976863766727,0.9749222850189836,0.9744243458114717,0.9713229668013925,0.9781282896843929,0.9783732346265818
1,3,2.1723345879352456,0.20998320134389248,4167,2.284137317112514,0.18585131894484413,834,2.286219310156907,0.1824,0.9851870232383348,0.08293536576061039,,,0.8412772938715312,,0.8413130662969748,0.15868693370302522,0.858393411928911,0.14807641658356013,10,0.025,0.15,0.9670532111341928,0.9712370670796667,0.9725134847619875,1.0,0.9710302999231899,0.9704929259707457,0.9658855132093396,0.9691591676691954,0.9670144987343233,0.967133522604303,0.9773342234367357,0.9736474039930044
1,4,2.1570775284911647,0.2222702183825294,4167,2.2825101103101457,0.19207683073229292,833,2.2862102049815505,0.1815,0.9879964765843082,0.08368588518327592,,,0.9396396213697459,,0.9396857619118351,0.06031423808816494,0.8585425271778886,0.14809970677745105,10,0.025,0.15,0.9685569450025632,0.977292147340879,0.9753373267707213,0.9710302999231899,1.0,0.9794517472621554,0.9709145685074604,0.9669855473431973,0.9686105654633738,0.972389932353979,0.9761555210043621,0.9786726287417662
1,5,2.1607350515596795,0.2224382049436045,4167,2.283406972885132,0.17647058823529413,833,2.2862105309208736,0.1816,0.9893311919619795,0.08342685599598859,,,0.9056915142560575,,0.9057285735505273,0.09427142644947273,0.8585654768348213,0.14809645398800225,10,0.025,0.15,0.9671508942218788,0.9795612400742377,0.9738539551656935,0.9704929259707457,0.9794517472621554,1.0,0.9724368775482916,0.9733092483577409,0.9755290598104122,0.9739377442119862,0.9769007171653986,0.9787268823951552
1,6,2.149181938171387,0.22534197264218864,4167,2.2836194378989085,0.1836734693877551,833,2.2862131776688974,0.1818,0.9857949043950217,0.08332368489224434,,,0.8921700122290986,,0.8922117146110808,0.10778828538891916,0.8585030852606463,0.14809191264601815,10,0.025,0.15,0.9647276498813584,0.9734536880059018,0.9709976863766727,0.9658855132093396,0.9709145685074604,0.9724368775482916,1.0,0.9724656606116318,0.9719194722490373,0.964223829411387,0.974301522486511,0.9780458898934323
1,7,2.1627173886154636,0.2308615310775138,4167,2.2882182938711986,0.17046818727490998,833,2.286223480973063,0.1824,0.9857082065532262,0.08266557870156899,,,0.8059192708080335,,0.805953029327788,0.194046970672212,0.8582955462966962,0.14805339715410368,10,0.025,0.15,0.9565673946326316,0.9724759275116125,0.9749222850189836,0.9691591676691954,0.9669855473431973,0.9733092483577409,0.9724656606116318,1.0,0.9754119519752746,0.9666763574523947,0.9746053972102955,0.9761099004094245
1,8,2.162377988569664,0.22191550648103697,4166,2.2866742270333424,0.18487394957983194,833,2.2862100721914556,0.1815,0.9874747401087318,0.08371213403810215,,,0.9430797701212612,,0.9431351190770907,0.05686488092290931,0.8585489688103538,0.14809979101746926,10,0.025,0.15,0.9693716840876293,0.9734513975961767,0.9744243458114717,0.9670144987343233,0.9686105654633738,0.9755290598104122,0.9719194722490373,0.9754119519752746,1.0,0.9728599126147922,0.975084579710646,0.9756770223984136
1,9,2.146878499334509,0.2272683629380701,4166,2.2908694403512135,0.16806722689075632,833,2.2862385435949397,0.1824,0.9850662816811173,0.08223890621515914,,,0.75,,0.7500041260253173,0.2499958739746827,0.8576614695353304,0.14800224274512006,10,0.025,0.15,0.9647486046719251,0.9725025033853618,0.9713229668013925,0.967133522604303,0.972389932353979,0.9739377442119862,0.964223829411387,0.9666763574523947,0.9728599126147922,1.0,0.9707190370619513,0.9749568685603612
1,10,2.168618990435745,0.2158905424867979,4166,2.2881040232522145,0.18487394957983194,833,2.286210020886192,0.1815,0.9899056699604567,0.08399384097021405,,,0.979999999868941,,0.9800300374643098,0.019969962535690167,0.8585288576359335,0.14810027508084989,10,0.025,0.15,0.9674878898419389,0.976549101612622,0.9781282896843929,0.9773342234367357,0.9761555210043621,0.9769007171653986,0.974301522486511,0.9746053972102955,0.975084579710646,0.9707190370619513,1.0,0.9806526709275619
1,11,2.170887147657799,0.21553048487758042,4166,2.2899984291621616,0.1788715486194478,833,2.286210069173499,0.1815,0.9911086281393906,0.08385816637925414,,,0.9622186232034471,,0.9622551203974188,0.037744879602581216,0.8585421373371795,0.14810013069963907,10,0.025,0.15,0.9690708553075744,0.9783571306860284,0.9783732346265818,0.9736474039930044,0.9786726287417662,0.9787268823951552,0.9780458898934323,0.9761099004094245,0.9756770223984136,0.9749568685603612,0.9806526709275619,1.0
2,0,2.076576068907073,0.2492200623950084,4167,2.267832483564104,0.22541966426858512,834,2.2688872331305396,0.2298,0.9780974779330739,0.08274895547320603,,,0.7730286850409894,,0.7730603554983413,0.2269396445016587,0.9660989528938889,0.14750721674653194,10,0.025,0.15,1.0,0.9622618910726627,0.9623621304053738,0.9611163439345696,0.9634695885015163,0.9576388358124156,0.948737856718709,0.9528719981130918,0.9612605765115193,0.959136821389802,0.9601302854140952,0.9604081353924782
2,1,2.0812019019415886,0.24938804895608352,4167,2.268493277685983,0.23621103117505995,834,2.268847812580157,0.2288,0.9839875913232247,0.0836320880234906,,,0.9456284064791155,,0.9456767506725421,0.05432324932745791,0.9670361766460005,0.14759669262155478,10,0.025,0.15,0.9622618910726627,1.0,0.9617229616393422,0.96194703249443,0.9676887476344214,0.9716704104680931,0.961202121201042,0.9685375441313757,0.9642873712608564,0.9653258663705129,0.9659038711784427,0.9679618816664834
2,2,2.073022611574693,0.2568274538036957,4167,2.267563956124442,0.23980815347721823,834,2.2688498557368413,0.2289,0.9850372742634229,0.08356129195616047,,,0.9317919993665487,,0.9318298097077123,0.06817019029228766,0.9670288478709842,0.14759253637871178,10,0.025,0.15,0.9623621304053738,0.9617229616393422,1.0,0.9646324845820222,0.9695206011327824,0.969024733492935,0.962765278454878,0.9686172821583886,0.9676835282316769,0.9661196287930904,0.9693451961378771,0.969158246328538
2,3,2.0845860961711766,0.2498200143988481,4167,2.266582046236311,0.23501199040767387,834,2.2688644898088675,0.2298,0.9823461076666485,0.08303495857814107,,,0.8289252276679373,,0.8289679985476391,0.17103200145236086,0.9667485261584763,0.1475572192878143,10,0.025,0.15,0.9611163439345696,0.96194703249443,0.9646324845820222,1.0,0.9669390171275952,0.9657253036999726,0.9577742247278554,0.9658501669800339,0.9572863044168417,0.9629796689795486,0.9689897981795099,0.9662452361416608
2,4,2.0663628791317796,0.25869930405567554,4167,2.264652831213815,0.2388955582232893,833,2.2688490921937965,0.2288,0.9854579708739687,0.08359883445665894,,,0.9391293182390552,,0.9391658827218564,0.060834117278143585,0.9670347629040887,0.14759623436953664,10,0.025,0.15,0.9634695885015163,0.9676887476344214,0.9695206011327824,0.9669390171275952,1.0,0.9734083062825569,0.9629258308222886,0.9654612987338302,0.9614171392943813,0.9668609609715348,0.968411542643169,0.969798633572764
2,5,2.0710375970060175,0.2533957283417327,4167,2.264986651284354,0.22809123649459784,833,2.268851512595068,0.2289,0.9869974865777077,0.08348905552936123,,,0.9176740879168841,,0.9177270551732105,0.08227294482678948,0.9670262359346624,0.14759098578428717,10,0.025,0.15,0.9576388358124156,0.9716704104680931,0.969024733492935,0.9657253036999726,0.9734083062825569,1.0,0.9621369251445687,0.9733398713274068,0.9688621135585483,0.9707923761308237,0.9695987647515867,0.9719511714616613
2,6,2.0562569282271643,0.2645308375329974,4167,2.2660960129329135,0.2304921968787515,833,2.268852777118924,0.2295,0.9809567042814612,0.0832293468485632,,,0.8669165363507481,,0.8669521876186232,0.13304781238137675,0.9668161518528862,0.14757260106734765,10,0.025,0.15,0.948737856718709,0.961202121201042,0.962765278454878,0.9577742247278554,0.9629258308222886,0.9621369251445687,1.0,0.9716673540927042,0.9636805277187375,0.9571444549718239,0.9671950849372203,0.96753790923686
2,7,2.0682974576950075,0.2664266858651308,4167,2.270939758845738,0.22208883553421369,833,2.2688736372356173,0.2298,0.9857570758350848,0.08297929117561355,,,0.8180455718718306,,0.8180917958112591,0.18190820418874087,0.9663204849830932,0.14755177307546374,10,0.025,0.15,0.9528719981130918,0.9685375441313757,0.9686172821583886,0.9658501669800339,0.9654612987338302,0.9733398713274068,0.9716673540927042,1.0,0.9684500652593201,0.9637397069315516,0.969607784281511,0.9715331015199461
2,8,2.0768123254631505,0.25302448391742677,4166,2.2693724972861156,0.23529411764705882,833,2.268849514707734,0.2289,0.9833976179569435,0.08354814506807912,,,0.929222567156301,,0.9292716740109918,0.07072832598900824,0.9670107326110768,0.14759230388455147,10,0.025,0.15,0.9612605765115193,0.9642873712608564,0.9676835282316769,0.9572863044168417,0.9614171392943813,0.9688621135585483,0.9636805277187375,0.9684500652593201,1.0,0.9659758408153017,0.9668812298371056,0.9657950617841852
2,9,2.0561799013253412,0.26176188190110417,4166,2.275784526552473,0.20528211284513806,833,2.2689211247842525,0.2296,0.9831376681556888,0.08263112572712941,,,0.75,,0.7500041260253173,0.2499958739746827,0.9657932944130868,0.14746458733131704,10,0.025,0.15,0.959136821389802,0.9653258663705129,0.9661196287930904,0.9629796689795486,0.9668609609715348,0.9707923761308237,0.9571444549718239,0.9637397069315516,0.9659758408153017,1.0,0.9649683389141691,0.966028936792953
2,10,2.0789527784694326,0.25386461833893426,4166,2.2704290321895053,0.23529411764705882,833,2.2688473568686955,0.2288,0.9860493534163441,0.08380795547343736,,,0.9799999998045597,,0.9800300374643098,0.019969962535690167,0.9670436940607925,0.14759766551242195,10,0.025,0.15,0.9601302854140952,0.9659038711784427,0.9693451961378771,0.9689897981795099,0.968411542643169,0.9695987647515867,0.9671950849372203,0.969607784281511,0.9668812298371056,0.9649683389141691,1.0,0.9717074989270514
2,11,2.0810803362817474,0.2528804608737398,4166,2.2738605567387173,0.22088835534213686,833,2.268847501730617,0.2288,0.9865013211585748,0.08373895169015894,,,0.9665138772873958,,0.9665461867274018,0.03345381327259822,0.9670493465476541,0.14759748231235165,10,0.025,0.15,0.9604081353924782,0.9679618816664834,0.969158246328538,0.9662452361416608,0.969798633572764,0.9719511714616613,0.96753790923686,0.9715331015199461,0.9657950617841852,0.966028936792953,0.9717074989270514,1.0
3,0,2.0171961372548886,0.2713462922966163,4167,2.2440382753099715,0.2434052757793765,834,2.245465498936327,0.2584,0.9742888232034679,0.08278824844185224,,,0.98,,0.9800300374643098,0.019969962535690167,0.981027820107395,0.1469936936327732,10,0.025,0.15,1.0,0.9530644733645974,0.9572788428330239,0.9521873924658459,0.9558001910100723,0.9492357204069308,0.9391111668019223,0.9469595856651345,0.9528779318491929,0.9517709803037554,0.950975171375345,0.9481809223825878
3,1,2.0167229919722587,0.27228221742260617,4167,2.244679961885725,0.2793764988009592,834,2.245401602757128,0.257,0.9793649131288041,0.08349878213615297,,,0.98,,0.9800300374643098,0.019969962535690167,0.981523768490454,0.1469936936327732,10,0.025,0.15,0.9530644733645974,1.0,0.9506235843196041,0.9535174781711387,0.9586324391600194,0.9614905914719336,0.9515120848680878,0.9608446371110781,0.9556618720579781,0.9561433808813004,0.9576070713006959,0.957551428614838
3,2,2.0084694356629345,0.2814974802015839,4167,2.243154321398054,0.26618705035971224,834,2.245405504975138,0.2571,0.9804433800755602,0.08349011297779241,,,0.98,,0.9800300374643098,0.019969962535690167,0.9814890906829741,0.1469936936327732,10,0.025,0.15,0.9572788428330239,0.9506235843196041,1.0,0.9557434780722552,0.9604772631452405,0.9582620458625691,0.9526123291914693,0.9589131913927285,0.959491941914248,0.9567068396233922,0.9603536602522645,0.958913489444452
3,3,2.023737832994172,0.2748260139188865,4167,2.2431039810180664,0.26019184652278177,834,2.2454315046720867,0.2585,0.9780866805506129,0.08308838136466588,,,0.98,,0.9800300374643098,0.019969962535690167,0.981300936996199,0.1469936936327732,10,0.025,0.15,0.9521873924658459,0.9535174781711387,0.9557434780722552,1.0,0.95851601071586,0.9558554797118218,0.9481475612658444,0.9590681597135674,0.949114549303479,0.9540853125334153,0.9601581607413396,0.9555309993888514
3,4,2.0057322480461814,0.28293736501079914,4167,2.2407431602478027,0.2725090036014406,833,2.2454034316388864,0.257,0.9812667443179742,0.08354007072949501,,,0.98,,0.9800300374643098,0.019969962535690167,0.9815229806345293,0.1469936936327732,10,0.025,0.15,0.9558001910100723,0.9586324391600194,0.9604772631452405,0.95851601071586,1.0,0.962778345405896,0.9545183334597908,0.9557218794747678,0.9536280674270264,0.9599281726935152,0.9589393296914208,0.9600969606570622
3,5,2.0096769697738415,0.2790256779457643,4167,2.2402213300977434,0.2653061224489796,833,2.2454078408736216,0.2571,0.9824698686626492,0.08351137463866266,,,0.98,,0.9800300374643098,0.019969962535690167,0.981482968817065,0.1469936936327732,10,0.025,0.15,0.9492357204069308,0.9614905914719336,0.9582620458625691,0.9558554797118218,0.962778345405896,1.0,0.9523644552120997,0.9655641948098925,0.9613940722128443,0.963262876267832,0.9605434017537602,0.9624498582905708
3,6,1.9924605626048464,0.28699304055675545,4167,2.242391279765538,0.2665066026410564,833,2.2454132007647165,0.258,0.9767156508737808,0.08316388171644296,,,0.98,,0.9800300374643098,0.019969962535690167,0.9814155534811994,0.1469936936327732,10,0.025,0.15,0.9391111668019223,0.9515120848680878,0.9526123291914693,0.9481475612658444,0.9545183334597908,0.9523644552120997,1.0,0.9628095330162925,0.9566075140266712,0.9495616344411453,0.9601526454422727,0.958172699645834
3,7,2.00285084103093,0.28860091192704584,4167,2.247607776096889,0.24969987995198079,833,2.245445589475994,0.2585,0.982572384897004,0.08319982764884702,,,0.98,,0.9800300374643098,0.019969962535690167,0.9813589130015231,0.1469936936327732,10,0.025,0.15,0.9469595856651345,0.9608446371110781,0.9589131913927285,0.9590681597135674,0.9557218794747678,0.9655641948098925,0.9628095330162925,1.0,0.9606974199110611,0.9561688594429247,0.9626516402782586,0.9651665073603739
3,8,2.0154647621241484,0.27323571771483435,4166,2.2460758004869734,0.2460984393757503,833,2.2454047897194007,0.257,0.9802951358527059,0.08347717271355544,,,0.98,,0.9800300374643098,0.019969962535690167,0.9814891695134412,0.1469936936327732,10,0.025,0.15,0.9528779318491929,0.9556618720579781,0.959491941914248,0.949114549303479,0.9536280674270264,0.9613940722128443,0.9566075140266712,0.9606974199110611,1.0,0.9595364445278043,0.9602289623374792,0.958384010069995
3,9,1.9930141167207198,0.28617378780604896,4166,2.2551137038639615,0.22809123649459784,833,2.2455132490471947,0.2592,0.9797801642596812,0.08289399085433913,,,0.98,,0.9800300374643098,0.019969962535690167,0.9806418232745387,0.1469936936327732,10,0.025,0.15,0.9517709803037554,0.9561433808813004,0.9567068396233922,0.9540853125334153,0.9599281726935152,0.963262876267832,0.9495616344411453,0.9561688594429247,0.9595364445278043,1.0,0.9574416223441691,0.9573911653494973
3,10,2.0184449499303643,0.2785885741718675,4166,2.2465926579066684,0.27490996398559425,833,2.245400953896438,0.257,0.982377863544419,0.08370536700628499,,,0.98,,0.9800300374643098,0.019969962535690167,0.9815212267576581,0.1469936936327732,10,0.025,0.15,0.950975171375345,0.9576070713006959,0.9603536602522645,0.9601581607413396,0.9589393296914208,0.9605434017537602,0.9601526454422727,0.9626516402782586,0.9602289623374792,0.9574416223441691,1.0,0.9629135234711348
3,11,2.0186878583647987,0.27885261641862696,4166,2.2518162727355957,0.24009603841536614,833,2.245401104794273,0.257,0.9817640956351051,0.08364278977190928,,,0.98,,0.9800300374643098,0.019969962535690167,0.9815213747904505,0.1469936936327732,10,0.025,0.15,0.9481809223825878,0.957551428614838,0.958913489444452,0.9555309993888514,0.9600969606570622,0.9624498582905708,0.958172699645834,0.9651665073603739,0.958384010069995,0.9573911653494973,0.9629135234711348,1.0
4,0,1.9711858767451662,0.2908087353011759,4167,2.2144692625318254,0.26258992805755393,834,2.2165169444265245,0.2812,0.9730137065950974,0.08288858932313381,,,0.98,,0.9800300374643098,0.019969962535690167,0.9869216381313308,0.14644822696709833,10,0.025,0.15,1.0,0.945490497828033,0.9488260875339755,0.9464832637095517,0.9519810542310037,0.9431195710586803,0.9350584477757333,0.9444496247502924,0.9489173721926121,0.9462622653735263,0.9470709156761099,0.9423560817393345
4,1,1.9677340709801876,0.294936405087593,4167,2.2151668752942766,0.302158273381295,834,2.216425068770783,0.2801,0.9747159449331257,0.08338352587015618,,,0.98,,0.9800300374643098,0.019969962535690167,0.9869216381313308,0.14644822696709833,10,0.025,0.15,0.945490497828033,1.0,0.9383606675902353,0.9456494874618908,0.9511430965719797,0.9535228539722425,0.9428779844341117,0.9534747390290136,0.946744365969433,0.9468619760155644,0.9490070315885468,0.9463717046015095
4,2,1.9569464932788503,0.30182385409167267,4167,2.2129782949175154,0.290167865707434,834,2.2164308270321618,0.2801,0.9744587586069269,0.08336979026328334,,,0.98,,0.9800300374643098,0.019969962535690167,0.9869216381313308,0.14644822696709833,10,0.025,0.15,0.9488260875339755,0.9383606675902353,1.0,0.946452121309842,0.9516365331788874,0.9465511092464481,0.9420982740883161,0.9499300458678395,0.946573879328866,0.9464294156023391,0.9511750476420817,0.9484755872262043
4,3,1.975338147987019,0.29419246460283177,4167,2.2143094880240306,0.28776978417266186,834,2.2164693361596215,0.2813,0.9748259122368151,0.08313324282208248,,,0.98,,0.9800300374643098,0.019969962535690167,0.9869216381313308,0.14644822696709833,10,0.025,0.15,0.9464832637095517,0.9456494874618908,0.946452121309842,1.0,0.9517409471021299,0.9486829807479326,0.9409408791622874,0.9539786455160485,0.9413239106230054,0.9465842993526387,0.9521779297022618,0.9470342414116563
4,4,1.9573189742637402,0.2982961363090953,4167,2.2113982949938094,0.2917166866746699,833,2.2164275465132315,0.2801,0.9791545767817286,0.08355357232428018,,,0.98,,0.9800300374643098,0.019969962535690167,0.9869216381313308,0.14644822696709833,10,0.025,0.15,0.9519810542310037,0.9511430965719797,0.9516365331788874,0.9517409471021299,1.0,0.9577989908350022,0.9483767047937518,0.950929748762895,0.9460446275607877,0.9547371217931674,0.9523490871684404,0.9547746374806481
4,5,1.9631805076743618,0.2988480921526278,4167,2.209272486822946,0.3025210084033613,833,2.216433884222296,0.2801,0.9785171821513401,0.08351507032050541,,,0.98,,0.9800300374643098,0.019969962535690167,0.9869216381313308,0.14644822696709833,10,0.025,0.15,0.9431195710586803,0.9535228539722425,0.9465511092464481,0.9486829807479326,0.9577989908350022,1.0,0.9445772460766023,0.9569899217733588,0.9520749763993146,0.9544415843528927,0.9529571946412295,0.9532737888851416
4,6,1.9430754654335254,0.3076313894888409,4167,2.2129043170384,0.2929171668667467,833,2.216443523575988,0.2805,0.9733449242755324,0.08313172955342185,,,0.98,,0.9800300374643098,0.019969962535690167,0.9869216381313308,0.14644822696709833,10,0.025,0.15,0.9350584477757333,0.9428779844341117,0.9420982740883161,0.9409408791622874,0.9483767047937518,0.9445772460766023,1.0,0.9567083432114163,0.9480764199300834,0.9420024306539794,0.9525613647955389,0.9502769449516185
4,7,1.9483685110554552,0.3053755699544036,4167,2.2187977177756175,0.27611044417767105,833,2.216489577595192,0.2814,0.9797607490868019,0.08336284170005892,,,0.98,,0.9800300374643098,0.019969962535690167,0.9869216381313308,0.14644822696709833,10,0.025,0.15,0.9444496247502924,0.9534747390290136,0.9499300458678395,0.9539786455160485,0.950929748762895,0.9569899217733588,0.9567083432114163,1.0,0.953594580976481,0.9481460007354536,0.9544005143404456,0.9561251755140521
4,8,1.9669484546690277,0.2910465674507921,4166,2.2172461918422153,0.26410564225690275,833,2.2164297616934476,0.2801,0.9759639398019848,0.08341078921603436,,,0.98,,0.9800300374643098,0.019969962535690167,0.9869216381313308,0.14644822696709833,10,0.025,0.15,0.9489173721926121,0.946744365969433,0.946573879328866,0.9413239106230054,0.9460446275607877,0.9520749763993146,0.9480764199300834,0.953594580976481,1.0,0.9508593460495285,0.9508123089309106,0.9491412468764787
4,9,1.9455113324252042,0.3018722995679309,4166,2.2293458666120256,0.24489795918367346,833,2.216583312312259,0.2816,0.97595091715703,0.08304962417398314,,,0.98,,0.9800300374643098,0.019969962535690167,0.9869216381313308,0.14644822696709833,10,0.025,0.15,0.9462622653735263,0.9468619760155644,0.9464294156023391,0.9465842993526387,0.9547371217931674,0.9544415843528927,0.9420024306539794,0.9481460007354536,0.9508593460495285,1.0,0.9497251562901746,0.9482633096622133
4,10,1.9676734577525745,0.29335093614978397,4166,2.2174783434186662,0.2917166866746699,833,2.2164242871199984,0.2801,0.9787416442081688,0.08364237663711714,,,0.98,,0.9800300374643098,0.019969962535690167,0.9869216381313308,0.14644822696709833,10,0.025,0.15,0.9470709156761099,0.9490070315885468,0.9511750476420817,0.9521779297022618,0.9523490871684404,0.9529571946412295,0.9525613647955389,0.9544005143404456,0.9508123089309106,0.9497251562901746,1.0,0.95430938275916
4,11,1.9680889176599907,0.300240038406145,4166,2.2245280742645264,0.26410564225690275,833,2.216424471215357,0.2801,0.9773649553780631,0.0835588477959433,,,0.98,,0.9800300374643098,0.019969962535690167,0.9869216381313308,0.14644822696709833,10,0.025,0.15,0.9423560817393345,0.9463717046015095,0.9484755872262043,0.9470342414116563,0.9547746374806481,0.9532737888851416,0.9502769449516185,0.9561251755140521,0.9491412468764787,0.9482633096622133,0.95430938275916,1.0
5,0,1.930362422177286,0.3070794336453084,4167,2.179691893713815,0.27697841726618705,834,2.1825046720384043,0.2977,0.9707084282722429,0.08298493415433511,,,0.98,,0.9800300374643098,0.019969962535690167,0.9899429035844995,0.14594236713116424,10,0.025,0.15,1.0,0.9384855664941789,0.9447982896224522,0.9411085178521541,0.9458124332491684,0.9353229216460685,0.9296360295187811,0.9398010547122858,0.943049041284796,0.937817765430875,0.9409932744519174,0.9368661135690413
5,1,1.927106779271906,0.30513558915286776,4167,2.1806587151118686,0.31654676258992803,834,2.1823774349840384,0.2964,0.9712943552021361,0.08331059376051866,,,0.98,,0.9800300374643098,0.019969962535690167,0.9899429035844995,0.14594236713116424,10,0.025,0.15,0.9384855664941789,1.0,0.9313791235392647,0.9405165518013294,0.9435615617979999,0.9437371739918482,0.9343716234259887,0.9480835566665047,0.9394079549413983,0.9384113139737933,0.9432578275880503,0.9389462820612801
5,2,1.912354830900828,0.31963042956563475,4167,2.1776138033185686,0.29856115107913667,834,2.182385106629963,0.2965,0.9716442419645692,0.0833134921868263,,,0.98,,0.9800300374643098,0.019969962535690167,0.9899429035844995,0.14594236713116424,10,0.025,0.15,0.9447982896224522,0.9313791235392647,1.0,0.9399404871372118,0.9444701782048708,0.9386563479850601,0.9370593789230356,0.9439001448702823,0.9416034550300572,0.936723845999993,0.9442527822472897,0.9415014576095265
5,3,1.9336049235228336,0.30681545476361893,4167,2.1804404599326,0.2961630695443645,834,2.182439339311817,0.297,0.9722102119138389,0.08318542740982582,,,0.98,,0.9800300374643098,0.019969962535690167,0.9899429035844995,0.14594236713116424,10,0.025,0.15,0.9411085178521541,0.9405165518013294,0.9399404871372118,1.0,0.9449737866515223,0.9415365156087232,0.934002496907519,0.9487596139810085,0.936554365443514,0.9388728150290413,0.9461817972927359,0.9385877664931717
5,4,1.9163800940369116,0.31281497480201587,4167,2.1770689828055247,0.3085234093637455,833,2.182380510281913,0.2964,0.9749890301599623,0.0835363632572966,,,0.98,,0.9800300374643098,0.019969962535690167,0.9899429035844995,0.14594236713116424,10,0.025,0.15,0.9458124332491684,0.9435615617979999,0.9444701782048708,0.9449737866515223,1.0,0.9481304188418005,0.9395893604898573,0.9430458354902109,0.9366419008794713,0.9470679432362762,0.9438883790183012,0.9460577264411377
5,5,1.9229983994455049,0.3123350131989441,4167,2.172969715935843,0.32292917166866747,833,2.1823889032194885,0.2965,0.9740718546424406,0.08348261607048281,,,0.98,,0.9800300374643098,0.019969962535690167,0.9899429035844995,0.14594236713116424,10,0.025,0.15,0.9353229216460685,0.9437371739918482,0.9386563479850601,0.9415365156087232,0.9481304188418005,1.0,0.9354728703811807,0.9517222854996679,0.9431859382737529,0.9437337124769271,0.9457164184729605,0.9452436623465809
5,6,1.8994648348201404,0.3221982241420686,4167,2.178171600614275,0.31092436974789917,833,2.1824039296258855,0.2968,0.9694883047948116,0.08309575738095273,,,0.98,,0.9800300374643098,0.019969962535690167,0.9899429035844995,0.14594236713116424,10,0.025,0.15,0.9296360295187811,0.9343716234259887,0.9370593789230356,0.934002496907519,0.9395893604898573,0.9354728703811807,1.0,0.9492289797198027,0.9404333609150523,0.9319405533050902,0.9458061421088544,0.9416526898484212
5,7,1.9025951685327471,0.3210943124550036,4167,2.184899296079363,0.29531812725090034,833,2.182467285590836,0.2971,0.9775176234078566,0.0835006574306176,,,0.98,,0.9800300374643098,0.019969962535690167,0.9899429035844995,0.14594236713116424,10,0.025,0.15,0.9398010547122858,0.9480835566665047,0.9439001448702823,0.9487596139810085,0.9430458354902109,0.9517222854996679,0.9492289797198027,1.0,0.9476100297464539,0.9412834568307433,0.9495774319430473,0.9498087008274424
5,8,1.9234521009705283,0.30648103696591456,4166,2.1831386429922923,0.2785114045618247,833,2.182383682154402,0.2964,0.9728671359611673,0.08337875221856958,,,0.98,,0.9800300374643098,0.019969962535690167,0.9899429035844995,0.14594236713116424,10,0.025,0.15,0.943049041284796,0.9394079549413983,0.9416034550300572,0.936554365443514,0.9366419008794713,0.9431859382737529,0.9404333609150523,0.9476100297464539,1.0,0.9412009712845919,0.9457979797708125,0.9430502133175981
5,9,1.9047324079455752,0.31363418146903504,4166,2.198667287826538,0.2605042016806723,833,2.1825929291640658,0.2981,0.9710593213316079,0.08309611644217449,,,0.98,,0.9800300374643098,0.019969962535690167,0.9899429035844995,0.14594236713116424,10,0.025,0.15,0.937817765430875,0.9384113139737933,0.936723845999993,0.9388728150290413,0.9470679432362762,0.9437337124769271,0.9319405533050902,0.9412834568307433,0.9412009712845919,1.0,0.9406525935931054,0.939938953434411
5,10,1.9273426417148474,0.30914546327412384,4166,2.183607816696167,0.30732292917166865,833,2.1823767348180843,0.2964,0.9757961757832977,0.08361768027034518,,,0.98,,0.9800300374643098,0.019969962535690167,0.9899429035844995,0.14594236713116424,10,0.025,0.15,0.9409932744519174,0.9432578275880503,0.9442527822472897,0.9461817972927359,0.9438883790183012,0.9457164184729605,0.9458061421088544,0.9495774319430473,0.9457979797708125,0.9406525935931054,1.0,0.9464429027784859
5,11,1.9284633632862207,0.31204992798847814,4166,2.1924141815730502,0.28691476590636256,833,2.1823767861233483,0.2964,0.9737000087439749,0.08349760941805504,,,0.98,,0.9800300374643098,0.019969962535690167,0.9899429035844995,0.14594236713116424,10,0.025,0.15,0.9368661135690413,0.9389462820612801,0.9415014576095265,0.9385877664931717,0.9460577264411377,0.9452436623465809,0.9416526898484212,0.9498087008274424,0.9430502133175981,0.939938953434411,0.9464429027784859,1.0
6,0,1.8909728447596232,0.32222222222222224,4167,2.1406456402369907,0.28896882494004794,834,2.1442785112163687,0.3108,0.9686950535603607,0.08306785522110191,,,0.98,,0.9800300374643098,0.019969962535690167,0.9922434197562154,0.1455320373608394,10,0.025,0.15,1.0,0.9298851709583098,0.937319468007007,0.9367384467769703,0.9400462112415431,0.93062566595346,0.926379946182455,0.9376515599108108,0.9368729405399042,0.933887225363345,0.9363325811776335,0.9325934688624734
6,1,1.8878028190497196,0.318742500599952,4167,2.141979013170515,0.3273381294964029,834,2.144112384771999,0.3107,0.9671918774922258,0.08322072632100452,,,0.98,,0.9800300374643098,0.019969962535690167,0.9922434197562154,0.1455320373608394,10,0.025,0.15,0.9298851709583098,1.0,0.9226970530519821,0.9332808682971548,0.9359251840668517,0.9371359743615378,0.9296183686205662,0.9412201319975747,0.930460989923612,0.933651425170622,0.9351352184811274,0.9315472679915109
6,2,1.8743777553240457,0.33138948884089275,4167,2.137961285454886,0.3213429256594724,834,2.1441217857071115,0.3106,0.9684016552315249,0.08326200385452914,,,0.98,,0.9800300374643098,0.019969962535690167,0.9922434197562154,0.1455320373608394,10,0.025,0.15,0.937319468007007,0.9226970530519821,1.0,0.9334392038303128,0.9368756310434639,0.9313443739659298,0.9321617152173607,0.9414136549730846,0.9330968947842522,0.9314080511016607,0.9381187309762824,0.9367830621465342
6,3,1.8964691613659714,0.32277417806575476,4167,2.1423422268458774,0.3069544364508393,834,2.144192834443684,0.3109,0.9696144362237245,0.08322217522473617,,,0.98,,0.9800300374643098,0.019969962535690167,0.9922434197562154,0.1455320373608394,10,0.025,0.15,0.9367384467769703,0.9332808682971548,0.9334392038303128,1.0,0.9375872190380727,0.9358427957763501,0.9306784814508676,0.9430498532341501,0.9306390470928098,0.9341049651423569,0.9412071526555527,0.9323024484626239
6,4,1.876599243554202,0.32579793616510677,4167,2.138459954942976,0.31452581032412963,833,2.144115867494028,0.3106,0.9716239716140453,0.08350535412683682,,,0.98,,0.9800300374643098,0.019969962535690167,0.9922434197562154,0.1455320373608394,10,0.025,0.15,0.9400462112415431,0.9359251840668517,0.9368756310434639,0.9375872190380727,1.0,0.9416641707305315,0.9349560813330272,0.9367667568435853,0.9289779611366502,0.9411144559584591,0.9383611262539965,0.9397745895414127
6,5,1.8863959763989304,0.32327813774898007,4167,2.132129975727626,0.3349339735894358,833,2.144126303588288,0.3107,0.9708998116434896,0.08344839548719823,,,0.98,,0.9800300374643098,0.019969962535690167,0.9922434197562154,0.1455320373608394,10,0.025,0.15,0.93062566595346,0.9371359743615378,0.9313443739659298,0.9358427957763501,0.9416641707305315,1.0,0.9289223696095484,0.943410670888006,0.9370233957353217,0.9391128820585445,0.9408879666162149,0.9375972406928362
6,6,1.8628409562688886,0.3369330453563715,4167,2.1392979621887207,0.32292917166866747,833,2.144147061094453,0.3106,0.9677156341394513,0.08310460878162386,,,0.98,,0.9800300374643098,0.019969962535690167,0.9922434197562154,0.1455320373608394,10,0.025,0.15,0.926379946182455,0.9296183686205662,0.9321617152173607,0.9306784814508676,0.9349560813330272,0.9289223696095484,1.0,0.9438214248778825,0.9341116876154915,0.9306414026197238,0.940401918251367,0.9351028674267667
6,7,1.8617223674600774,0.3326133909287257,4167,2.1468556949070523,0.3085234093637455,833,2.144229406042944,0.3107,0.9752691323727458,0.0836021721953289,,,0.98,,0.9800300374643098,0.019969962535690167,0.9922434197562154,0.1455320373608394,10,0.025,0.15,0.9376515599108108,0.9412201319975747,0.9414136549730846,0.9430498532341501,0.9367667568435853,0.943410670888006,0.9438214248778825,1.0,0.94207326739789,0.9381290003458082,0.9434084223963546,0.9435548087233228
6,8,1.8861518921274127,0.3199711953912626,4166,2.144746950694493,0.30612244897959184,833,2.144119875340522,0.3106,0.9693857520477586,0.08333458395175221,,,0.98,,0.9800300374643098,0.019969962535690167,0.9922434197562154,0.1455320373608394,10,0.025,0.15,0.9368729405399042,0.930460989923612,0.9330968947842522,0.9306390470928098,0.9289779611366502,0.9370233957353217,0.9341116876154915,0.94207326739789,1.0,0.9365387877044415,0.9394521710712472,0.9368342551688098
6,9,1.8675271633899573,0.32508401344215077,4166,2.1638152599334717,0.28331332533013204,833,2.1443885036661654,0.3113,0.9698330153425797,0.08317393085575303,,,0.98,,0.9800300374643098,0.019969962535690167,0.9922434197562154,0.1455320373608394,10,0.025,0.15,0.933887225363345,0.933651425170622,0.9314080511016607,0.9341049651423569,0.9411144559584591,0.9391128820585445,0.9306414026197238,0.9381290003458082,0.9365387877044415,1.0,0.9368741086504073,0.9360108982571071
6,10,1.8855613697658886,0.32366778684589537,4166,2.145653486251831,0.3205282112845138,833,2.1441118988809706,0.3106,0.9731547481726448,0.08360573096719626,,,0.98,,0.9800300374643098,0.019969962535690167,0.9922434197562154,0.1455320373608394,10,0.025,0.15,0.9363325811776335,0.9351352184811274,0.9381187309762824,0.9412071526555527,0.9383611262539965,0.9408879666162149,0.940401918251367,0.9434084223963546,0.9394521710712472,0.9368741086504073,1.0,0.9396091179027477
