round,client_id,client_i_training_loss,client_i_training_accuracy,client_i_training_dataset_size,client_i_evaluation_loss,client_i_evaluation_accuracy,client_i_evaluation_dataset_size,client_i_central_evaluation_loss,client_i_central_evaluation_accuracy,client_i_cosine_similarity,client_i_importance_coefficient,client_i_tanh_val,tanh_normalization_value,client_i_q,client_i_mask_order,client_i_v_nonzero_fraction,client_i_v_sparsity,client_i_v_cosine_similarity,client_i_reward_gradient_norm,local_epochs,learning_rate,gamma,client_0_cosine_similarity,client_1_cosine_similarity,client_2_cosine_similarity,client_3_cosine_similarity,client_4_cosine_similarity,client_5_cosine_similarity,client_6_cosine_similarity,client_7_cosine_similarity,client_8_cosine_similarity,client_9_cosine_similarity,client_10_cosine_similarity,client_11_cosine_similarity
0,0,2.289056955684315,0.16609071274298057,4167,2.301119429724557,0.13309352517985612,834,2.2984240930291673,0.1538,0.9610102317711136,0.08217338237364646,,,0.7,,0.7000132032810154,0.29998679671898465,0,0.14589976645645347,10,0.025,0.15,1.0,0.951683572805408,0.9370803683977597,0.9194912009797058,0.9446897165112385,0.9274363302796677,0.9365354636506802,0.905948367145556,0.9446758066771909,0.9042224002605171,0.9295465100339685,0.937607216274543
0,1,2.291709564671372,0.1569954403647708,4167,2.2994535991123746,0.1510791366906475,834,2.2984137867070453,0.1536,0.9802736685378758,0.08382054668359185,,,0.9197172348090424,,0.9197570596293179,0.08024294037068214,0,0.1461850752821731,10,0.025,0.15,0.951683572805408,1.0,0.9464594842764203,0.9534466895532231,0.9556573873466622,0.9631595102219616,0.9502480054799758,0.9325467352257496,0.9533380630490774,0.9305363889135345,0.9532835685972327,0.9738463876685435
0,2,2.2852776382908675,0.15025197984161268,4167,2.2967709813799178,0.16666666666666666,834,2.298413768599305,0.1538,0.9797339874846052,0.08377440001825562,,,0.9135616754382408,,0.9136010298559192,0.08639897014408082,0,0.14618478573267862,10,0.025,0.15,0.9370803683977597,0.9464594842764203,1.0,0.9396832507917063,0.9608284695400212,0.9403914483049791,0.9420712140567695,0.9599414755469391,0.9627730834451392,0.9545174255559916,0.9562798427143496,0.9578736253309514
0,3,2.290922263174346,0.13940484761219102,4167,2.2946366242000034,0.15707434052757793,834,2.2984137625633916,0.1537,0.9664514982143746,0.08263865033152755,,,0.7620626543045191,,0.7621181363568846,0.23788186364311537,0,0.14603397889272002,10,0.025,0.15,0.9194912009797058,0.9534466895532231,0.9396832507917063,1.0,0.9408468957512289,0.933444885238124,0.9228847232139323,0.9300445718701675,0.9302283590177389,0.912711847206246,0.957827787428285,0.9619479467599997
0,4,2.285309239589807,0.1592032637389009,4167,2.2968648842402866,0.1524609843937575,833,2.2984120906153813,0.1537,0.9778233646332155,0.08361102783245723,,,0.8917692624460478,,0.8918156161806209,0.10818438381937912,0,0.1461362747916337,10,0.025,0.15,0.9446897165112385,0.9556573873466622,0.9608284695400212,0.9408468957512289,1.0,0.9423437650261279,0.9409820722810425,0.9319472380428288,0.9494891105186436,0.9489225050429564,0.9601814004164997,0.9596651940337078
0,5,2.289760872811982,0.1501799856011519,4167,2.301656791142055,0.1404561824729892,833,2.2984129054636897,0.1536,0.9761685577718179,0.08346952977917892,,,0.8728946663845262,,0.8729266722780611,0.1270733277219389,0,0.1461343481646081,10,0.025,0.15,0.9274363302796677,0.9631595102219616,0.9403914483049791,0.933444885238124,0.9423437650261279,1.0,0.9510731974280656,0.9440333678084967,0.9645223622892211,0.9306111152863586,0.9550021249954164,0.9641834374174724
0,6,2.2847901142004763,0.1759779217662587,4167,2.296865224838257,0.17046818727490998,833,2.298415455637099,0.1537,0.9704923035580167,0.08298416865341746,,,0.8081517601715763,,0.8081810829991253,0.19181891700087472,0,0.14611908389761485,10,0.025,0.15,0.9365354636506802,0.9502480054799758,0.9420712140567695,0.9228847232139323,0.9409820722810425,0.9510731974280656,1.0,0.9490742395437821,0.9505531906585866,0.9050973037442893,0.9447406489026963,0.9565497680593423
0,7,2.2836459824533173,0.13369330453563716,4167,2.3004907880510603,0.15486194477791115,833,2.2984147403813617,0.1537,0.9715130019025784,0.08307144580467238,,,0.8197937646880401,,0.8198412305457906,0.1801587694542094,0,0.1461234246010035,10,0.025,0.15,0.905948367145556,0.9325467352257496,0.9599414755469391,0.9300445718701675,0.9319472380428288,0.9440333678084967,0.9490742395437821,1.0,0.9637227216457452,0.9355567396636767,0.9553593281025635,0.9535833647386772
0,8,2.286118818051887,0.12510801728276524,4166,2.2975572858537947,0.14645858343337334,833,2.298413602611687,0.1537,0.9826389256490009,0.08402279341372942,,,0.9466951701775381,,0.9467412652044033,0.05325873479559673,0,0.146185992522203,10,0.025,0.15,0.9446758066771909,0.9533380630490774,0.9627730834451392,0.9302283590177389,0.9494891105186436,0.9645223622892211,0.9505531906585866,0.9637227216457452,1.0,0.9568914783811029,0.9573188995557118,0.9583667393789155
0,9,2.281538382443515,0.12208353336533845,4166,2.300351415361677,0.13925570228091236,833,2.2984218748309946,0.1535,0.9622267380483578,0.08227740253095082,,,0.7138753742958852,,0.7139096565496525,0.28609034345034745,0,0.14598700105671705,10,0.025,0.15,0.9042224002605171,0.9305363889135345,0.9545174255559916,0.912711847206246,0.9489225050429564,0.9306111152863586,0.9050973037442893,0.9355567396636767,0.9568914783811029,1.0,0.9375420843198661,0.9365610318560611
0,10,2.289180029522289,0.13895823331733076,4166,2.2979488713400706,0.17406962785114047,833,2.2984137142760845,0.1536,0.9810178697607513,0.08388418131476282,,,0.9282055350439123,,0.928240167681669,0.07175983231833105,0,0.1461854378445807,10,0.025,0.15,0.9295465100339685,0.9532835685972327,0.9562798427143496,0.957827787428285,0.9601814004164997,0.9550021249954164,0.9447406489026963,0.9553593281025635,0.9573188995557118,0.9375420843198661,1.0,0.9658381912130531
0,11,2.2895452239296654,0.16944311089774364,4166,2.29957069669451,0.15846338535414164,833,2.298413518108899,0.1537,0.9855588853931728,0.08427247126380943,,,0.9799999998666087,,0.9800300374643098,0.019969962535690167,0,0.14618630289738835,10,0.025,0.15,0.937607216274543,0.9738463876685435,0.9578736253309514,0.9619479467599997,0.9596651940337078,0.9641834374174724,0.9565497680593423,0.9535833647386772,0.9583667393789155,0.9365610318560611,0.9658381912130531,1.0
1,0,2.1896615100629404,0.2107751379889609,4167,2.290297269821167,0.145083932853717,834,2.2878780847863305,0.164,0.9878701205124679,0.08259055341690491,,,0.7046681494381111,,0.7047168721427275,0.2952831278572725,0.8310185187382879,0.14820087873403878,10,0.025,0.15,1.0,0.9790454950799267,0.9743347961960352,0.9753635701889118,0.9779363367307068,0.9743688478134822,0.9708291259668237,0.9705351538670977,0.9782522796466284,0.9704985747020506,0.9729674788932504,0.9773518007636216
1,1,2.1904335473522996,0.2097672186225102,4167,2.2885550430842807,0.15827338129496402,834,2.2878353354297105,0.164,0.9905444054013699,0.08369116297798972,,,0.9216452492290326,,0.9216880394778102,0.0783119605221898,0.8358984212657223,0.14831223674138666,10,0.025,0.15,0.9790454950799267,1.0,0.9775390329702012,0.9779087863971122,0.9791131413123364,0.9778441900360724,0.9745769896875379,0.9775145624992732,0.9787305926584656,0.9736792982989095,0.976677316218114,0.9801830403118743
1,2,2.182522416837288,0.2043196544276458,4167,2.2860356739589145,0.16666666666666666,834,2.287835513489156,0.164,0.9888790221981546,0.08360879904119119,,,0.9054078033937509,,0.9054562558795861,0.09454374412041389,0.8358699523934351,0.1483110719824051,10,0.025,0.15,0.9743347961960352,0.9775390329702012,1.0,0.9741780837515516,0.9756338256598815,0.9751679991622494,0.9730912801938977,0.9773921914188793,0.9789080884007585,0.9730087741262217,0.9749303430047022,0.9788100831857044
1,3,2.1964962529413627,0.20619150467962563,4167,2.2841853754861012,0.17266187050359713,834,2.2878547288194486,0.1639,0.9888729636882146,0.0829094553291967,,,0.7675373216617755,,0.7675809938769784,0.23241900612302158,0.8329225478399744,0.14826074830542044,10,0.025,0.15,0.9753635701889118,0.9779087863971122,0.9741780837515516,1.0,0.978632663785186,0.9741457853495954,0.9698654073631613,0.9738639612258132,0.9774184421391491,0.9741061581834581,0.9787262912441098,0.9790431348584048
1,4,2.1766045342792166,0.21499880009599232,4167,2.286954402923584,0.17767106842737096,833,2.2878366572947444,0.1641,0.9897019256135606,0.08353489131750781,,,0.8908374379308509,,0.8908748824082785,0.1091251175917215,0.8346292704853269,0.14830960145359123,10,0.025,0.15,0.9779363367307068,0.9791131413123364,0.9756338256598815,0.978632663785186,1.0,0.9781366305731234,0.974468032067973,0.972624335804772,0.975560036641094,0.9727786054946647,0.9776439793022521,0.980332292894702
1,5,2.183559334639347,0.20669546436285097,4167,2.2906601769583568,0.15126050420168066,833,2.287838953959791,0.1641,0.9895255504854878,0.0834420732282556,,,0.8725390326414861,,0.872571834100774,0.127428165899226,0.8346627216592863,0.14830563685911674,10,0.025,0.15,0.9743688478134822,0.9778441900360724,0.9751679991622494,0.9741457853495954,0.9781366305731234,1.0,0.9752539406760014,0.9765908366625671,0.9823392808989116,0.9719453828223934,0.9755771281831004,0.9793311332915325
1,6,2.165742207295967,0.22606191504679626,4167,2.287226813180106,0.17286914765906364,833,2.2878523144540908,0.164,0.985880098899026,0.08302518426429988,,,0.7903524321136852,,0.7903814097803304,0.20961859021966955,0.8340663490071107,0.14827293155984023,10,0.025,0.15,0.9708291259668237,0.9745769896875379,0.9730912801938977,0.9698654073631613,0.974468032067973,0.9752539406760014,1.0,0.9749100973779355,0.9753020714884412,0.9632373517815328,0.9716983610685744,0.9743404124034672
1,7,2.1740394379153396,0.20787137029037678,4167,2.28959550176348,0.17046818727490998,833,2.287843025183376,0.164,0.9881054247869819,0.0831510090226649,,,0.8151578600485712,,0.8152118301397897,0.1847881698602103,0.8345781528024575,0.14829137338395668,10,0.025,0.15,0.9705351538670977,0.9775145624992732,0.9773921914188793,0.9738639612258132,0.972624335804772,0.9765908366625671,0.9749100973779355,1.0,0.9798334568497746,0.9700100150552462,0.9742993690431063,0.976378210637536
1,8,2.1838514414700594,0.1943350936149784,4166,2.28695205279759,0.15606242496998798,833,2.287835462183892,0.164,0.9909292677655792,0.08382813167080048,,,0.9486476220768042,,0.9486887491541648,0.05131125084583521,0.8358841440870663,0.14831469133354044,10,0.025,0.15,0.9782522796466284,0.9787305926584656,0.9789080884007585,0.9774184421391491,0.975560036641094,0.9823392808989116,0.9753020714884412,0.9798334568497746,1.0,0.9773010007198073,0.9751847213068415,0.9785637771777622
1,9,2.1636011813626146,0.2000240038406145,4166,2.2905819756644115,0.148859543817527,833,2.287895392767991,0.164,0.9851628818920761,0.08256687437469673,,,0.7,,0.7000132032810154,0.29998679671898465,0.831295050952343,0.14817462861444464,10,0.025,0.15,0.9704985747020506,0.9736792982989095,0.9730087741262217,0.9741061581834581,0.9727786054946647,0.9719453828223934,0.9632373517815328,0.9700100150552462,0.9773010007198073,1.0,0.96948086247767,0.9733700328938905
1,10,2.1900657393715597,0.20602496399423909,4166,2.287707567214966,0.1788715486194478,833,2.2878352871424035,0.164,0.9885185570012189,0.08366469972901486,,,0.9164282138546075,,0.9164644914261194,0.08353550857388059,0.8359009897809077,0.1483119231666106,10,0.025,0.15,0.9729674788932504,0.976677316218114,0.9749303430047022,0.9787262912441098,0.9776439793022521,0.9755771281831004,0.9716983610685744,0.9742993690431063,0.9751847213068415,0.96948086247767,1.0,0.9814559090269187
1,11,2.1838732665235345,0.2200672107537206,4166,2.2888284070151195,0.16806722689075632,833,2.287835371645191,0.164,0.9910939850780801,0.08398716562747742,,,0.9799999998028573,,0.9800300374643098,0.019969962535690167,0.8358853554044577,0.1483151267851307,10,0.025,0.15,0.9773518007636216,0.9801830403118743,0.9788100831857044,0.9790431348584048,0.980332292894702,0.9793311332915325,0.9743404124034672,0.976378210637536,0.9785637771777622,0.9733700328938905,0.9814559090269187,1.0
2,0,2.0982450210686885,0.24242860571154307,4167,2.273909943444388,0.1882494004796163,834,2.2720627543292466,0.1903,0.9845770126205765,0.08282537717926498,,,0.98,,0.9800300374643098,0.019969962535690167,0.9499975623136171,0.14791958798111043,10,0.025,0.15,1.0,0.9732878933143665,0.9666779222580003,0.9692646095333798,0.971645110811814,0.9661762729720966,0.9643118601571428,0.966796506123398,0.9699861198710449,0.9659966973974774,0.9688097703540279,0.968321817371621
2,1,2.0980748620900243,0.23993280537556996,4167,2.2722900254385814,0.1882494004796163,834,2.2720025702367854,0.1886,0.9872069858151326,0.08358888256261557,,,0.98,,0.9800300374643098,0.019969962535690167,0.9507453542835942,0.14791958798111043,10,0.025,0.15,0.9732878933143665,1.0,0.9694949913116531,0.9703990201160221,0.9722770401676101,0.9708356307756283,0.9691820556746962,0.9736636423870134,0.9704712194529151,0.9705380865815949,0.9716873665752173,0.9702410770930063
2,2,2.091024840600563,0.24451643868490522,4167,2.269760404314314,0.19664268585131894,834,2.272002503841738,0.1886,0.9856365874185812,0.08348719732907206,,,0.98,,0.9800300374643098,0.019969962535690167,0.9507334769492284,0.14791958798111043,10,0.025,0.15,0.9666779222580003,0.9694949913116531,1.0,0.9697356863264276,0.9688264744921126,0.9697202216116975,0.9683781727692496,0.9690707739805039,0.9703833566379857,0.968065878780613,0.9706898787530902,0.9723808515820489
2,3,2.107374641389558,0.23897288216942644,4167,2.2683320386069163,0.19304556354916066,834,2.272033631047116,0.1905,0.9864255606730373,0.08308184110595532,,,0.98,,0.9800300374643098,0.019969962535690167,0.9504763903376878,0.14791958798111043,10,0.025,0.15,0.9692646095333798,0.9703990201160221,0.9697356863264276,1.0,0.9716812615666969,0.9705406877161649,0.9654946026467177,0.9713135988241621,0.9697970183493068,0.9708948830424238,0.973114536101907,0.970816234147289
2,4,2.0835957863114096,0.24797216222702184,4167,2.2715112822396413,0.19807923169267708,833,2.2720053980622112,0.1902,0.9868676905854531,0.08348158189463657,,,0.98,,0.9800300374643098,0.019969962535690167,0.9507547798445284,0.14791958798111043,10,0.025,0.15,0.971645110811814,0.9722770401676101,0.9688264744921126,0.9716812615666969,1.0,0.9736078634123493,0.9719218671103272,0.9702175737885876,0.9689751609900562,0.9663628680608674,0.9717756404252932,0.970783018782637
2,5,2.0903808015765564,0.24506839452843773,4167,2.274077926363264,0.17046818727490998,833,2.272009010556378,0.1903,0.9868887765648139,0.08342507008583973,,,0.98,,0.9800300374643098,0.019969962535690167,0.950702212455887,0.14791958798111043,10,0.025,0.15,0.9661762729720966,0.9708356307756283,0.9697202216116975,0.9705406877161649,0.9736078634123493,1.0,0.9684722509108437,0.9723410917712434,0.9750708297537649,0.9693630169874982,0.9698441572333004,0.9723084656311458
2,6,2.0685556162487377,0.25980321574274057,4167,2.2723086902073453,0.19327731092436976,833,2.272025820575183,0.1902,0.9842774270717259,0.08308348594486821,,,0.98,,0.9800300374643098,0.019969962535690167,0.9505509294245361,0.14791958798111043,10,0.025,0.15,0.9643118601571428,0.9691820556746962,0.9683781727692496,0.9654946026467177,0.9719218671103272,0.9684722509108437,1.0,0.9696561452274881,0.970703530756632,0.9622945428811173,0.9708032662383462,0.966290109986532
2,7,2.0793440876585065,0.2545236381089513,4167,2.2738009180341447,0.18607442977190877,833,2.2720153995707064,0.1902,0.9866962467118495,0.08323946848579294,,,0.98,,0.9800300374643098,0.019969962535690167,0.9506219638753148,0.14791958798111043,10,0.025,0.15,0.966796506123398,0.9736636423870134,0.9690707739805039,0.9713135988241621,0.9702175737885876,0.9723410917712434,0.9696561452274881,1.0,0.972995940780895,0.9682201923865157,0.9713087199158773,0.9705365205292596
2,8,2.094123942201788,0.23343734997599616,4166,2.2711013725825717,0.19327731092436976,833,2.2720020390764066,0.1886,0.9871247172077988,0.08367061623905185,,,0.98,,0.9800300374643098,0.019969962535690167,0.9507808390905239,0.14791958798111043,10,0.025,0.15,0.9699861198710449,0.9704712194529151,0.9703833566379857,0.9697970183493068,0.9689751609900562,0.9750708297537649,0.970703530756632,0.972995940780895,1.0,0.9724969810382095,0.9704468398994802,0.9697271402200393
2,9,2.07254182100296,0.2427988478156505,4166,2.2761683804648265,0.16806722689075632,833,2.2720785322068613,0.1904,0.9842432096145982,0.08279995987596889,,,0.98,,0.9800300374643098,0.019969962535690167,0.9500155350163325,0.14791958798111043,10,0.025,0.15,0.9659966973974774,0.9705380865815949,0.968065878780613,0.9708948830424238,0.9663628680608674,0.9693630169874982,0.9622945428811173,0.9682201923865157,0.9724969810382095,1.0,0.966250376937049,0.9668770275628947
2,10,2.0953303380446,0.24397503600576093,4166,2.272291217531477,0.20048019207683074,833,2.2720023227643362,0.1886,0.9870529022674197,0.08356757830088513,,,0.98,,0.9800300374643098,0.019969962535690167,0.9507495720359902,0.14791958798111043,10,0.025,0.15,0.9688097703540279,0.9716873665752173,0.9706898787530902,0.973114536101907,0.9717756404252932,0.9698441572333004,0.9708032662383462,0.9713087199158773,0.9704468398994802,0.966250376937049,1.0,0.9754264253998894
2,11,2.0895814787257803,0.2510321651464234,4166,2.2732579026903426,0.19687875150060025,833,2.272001879124702,0.1886,0.9865180996176007,0.08374894099604865,,,0.98,,0.9800300374643098,0.019969962535690167,0.9507818928501335,0.14791958798111043,10,0.025,0.15,0.968321817371621,0.9702410770930063,0.9723808515820489,0.970816234147289,0.970783018782637,0.9723084656311458,0.966290109986532,0.9705365205292596,0.9697271402200393,0.9668770275628947,0.9754264253998894,1.0
3,0,2.0235432119080516,0.2671946244300456,4167,2.252018485750471,0.21103117505995203,834,2.251053360444081,0.2163,0.9817722967515762,0.08298828097411075,,,0.98,,0.9800300374643098,0.019969962535690167,0.9735843005582125,0.14741217172240137,10,0.025,0.15,1.0,0.9633109054353117,0.9628474419341496,0.9622464033129812,0.9658107444488112,0.9575983108018771,0.9560069591048627,0.9626811413560575,0.9633756396751648,0.9594508203001182,0.9629760269475972,0.9618994257521334
3,1,2.024588444738677,0.2640748740100792,4167,2.2505500657217845,0.21942446043165467,834,2.2509697992590407,0.2169,0.9823593256507986,0.08347844604008378,,,0.98,,0.9800300374643098,0.019969962535690167,0.9735843005582125,0.14741217172240137,10,0.025,0.15,0.9633109054353117,1.0,0.9591569169656198,0.961677930430448,0.96429504543412,0.9605976876550899,0.9602523645482035,0.9666463713205025,0.961358074689684,0.9626169687711089,0.964054794846886,0.9608756255537223
3,2,2.0163744164235666,0.2724742020638349,4167,2.2482114178793773,0.22302158273381295,834,2.250969458229934,0.2169,0.9821080780686479,0.08340754453138306,,,0.98,,0.9800300374643098,0.019969962535690167,0.9735843005582125,0.14741217172240137,10,0.025,0.15,0.9628474419341496,0.9591569169656198,1.0,0.9604367668669692,0.963419049962762,0.9606019404586525,0.962453624745726,0.9648223459697974,0.9608262189632447,0.9605083865608262,0.9623523468760936,0.9644795194418331
3,3,2.0321622624541775,0.2641228701703864,4167,2.2473136697496687,0.21942446043165467,834,2.2510164417798006,0.2166,0.9824602466637771,0.08316886657835969,,,0.98,,0.9800300374643098,0.019969962535690167,0.9735843005582125,0.14741217172240137,10,0.025,0.15,0.9622464033129812,0.961677930430448,0.9604367668669692,1.0,0.9645112893480549,0.9634249533787409,0.9578232063060342,0.9672476824735279,0.9596074387590282,0.9626225659962353,0.9646074351497965,0.9620411427129516
3,4,2.0084758018002367,0.27465802735781136,4167,2.250631332397461,0.23649459783913565,833,2.2509741119191617,0.2182,0.984386085791878,0.08347805788148603,,,0.98,,0.9800300374643098,0.019969962535690167,0.9735843005582125,0.14741217172240137,10,0.025,0.15,0.9658107444488112,0.96429504543412,0.963419049962762,0.9645112893480549,1.0,0.9664011275339649,0.9643740844459531,0.966546751382064,0.9617965583055729,0.9619630149959378,0.9651976011661312,0.9644696109267114
3,5,2.018294061313976,0.2685145188384929,4167,2.251892055783953,0.21728691476590636,833,2.25097949595391,0.2181,0.9825079235394645,0.08338219548216762,,,0.98,,0.9800300374643098,0.019969962535690167,0.9735843005582125,0.14741217172240137,10,0.025,0.15,0.9575983108018771,0.9605976876550899,0.9606019404586525,0.9634249533787409,0.9664011275339649,1.0,0.9606679047091882,0.9654929381159804,0.9644779879051582,0.961599803816633,0.9618868154313746,0.9638591437350646
3,6,1.9957451870947174,0.28363330933525316,4167,2.2522382055010115,0.2148859543817527,833,2.251001351996313,0.2181,0.9811967279797913,0.08312884876535866,,,0.98,,0.9800300374643098,0.019969962535690167,0.9735843005582125,0.14741217172240137,10,0.025,0.15,0.9560069591048627,0.9602523645482035,0.962453624745726,0.9578232063060342,0.9643740844459531,0.9606679047091882,1.0,0.9650995503858307,0.9631613185015775,0.9557834726465613,0.9656757929210115,0.9599597482000304
3,7,1.9990444866093722,0.28363330933525316,4167,2.253021683011736,0.21248499399759904,833,2.2509893857980074,0.218,0.9854525780614855,0.08336330233388597,,,0.98,,0.9800300374643098,0.019969962535690167,0.9735843005582125,0.14741217172240137,10,0.025,0.15,0.9626811413560575,0.9666463713205025,0.9648223459697974,0.9672476824735279,0.966546751382064,0.9654929381159804,0.9650995503858307,1.0,0.9659264601136328,0.9632610840443279,0.9674033242926028,0.9662904099013349
3,8,2.0228838208949926,0.2633701392222756,4166,2.250084638595581,0.2148859543817527,833,2.250968293298649,0.2169,0.9827075557037822,0.08354018645633966,,,0.98,,0.9800300374643098,0.019969962535690167,0.9735843005582125,0.14741217172240137,10,0.025,0.15,0.9633756396751648,0.961358074689684,0.9608262189632447,0.9596074387590282,0.9617965583055729,0.9644779879051582,0.9631613185015775,0.9659264601136328,1.0,0.9639797939438771,0.9621459396669124,0.962262342733252
3,9,2.0034632224025146,0.27109937590014405,4166,2.2571301800864085,0.18847539015606243,833,2.251067019716094,0.2162,0.9811266842056896,0.08295163164047872,,,0.98,,0.9800300374643098,0.019969962535690167,0.9735843005582125,0.14741217172240137,10,0.025,0.15,0.9594508203001182,0.9626169687711089,0.9605083865608262,0.9626225659962353,0.9619630149959378,0.961599803816633,0.9557834726465613,0.9632610840443279,0.9639797939438771,1.0,0.9588463678448115,0.9599988633820675
3,10,2.017319390629277,0.27189150264042244,4166,2.2517807143075124,0.22569027611044418,833,2.2509692922423157,0.2169,0.9838172105594063,0.0835126455480669,,,0.98,,0.9800300374643098,0.019969962535690167,0.9735843005582125,0.14741217172240137,10,0.025,0.15,0.9629760269475972,0.964054794846886,0.9623523468760936,0.9646074351497965,0.9651976011661312,0.9618868154313746,0.9656757929210115,0.9674033242926028,0.9621459396669124,0.9588463678448115,1.0,0.9668560734489688
3,11,2.018598105690696,0.27556409025444073,4166,2.2528030531747,0.22328931572629052,833,2.250968115239204,0.2169,0.9830610292304588,0.08359999376827924,,,0.98,,0.9800300374643098,0.019969962535690167,0.9735843005582125,0.14741217172240137,10,0.025,0.15,0.9618994257521334,0.9608756255537223,0.9644795194418331,0.9620411427129516,0.9644696109267114,0.9638591437350646,0.9599597482000304,0.9662904099013349,0.962262342733252,0.9599988633820675,0.9668560734489688,1.0
4,0,1.9666831265796314,0.2904487640988721,4167,2.224076884133475,0.23741007194244604,834,2.2243280501305303,0.2506,0.9775093343756638,0.08305951219265209,,,0.98,,0.9800300374643098,0.019969962535690167,0.9855969498583004,0.14690632483650404,10,0.025,0.15,1.0,0.9557640985409804,0.9586368447495122,0.954810966655353,0.9555583502989514,0.9472973522692385,0.9464167852602395,0.9545194105186205,0.9561901929914937,0.9519800425982091,0.9543999810640974,0.9527691454452428
4,1,1.963699903271415,0.28692104631629467,4167,2.22284003666469,0.2685851318944844,834,2.224213853667054,0.2522,0.9796126435752165,0.08343074867145851,,,0.98,,0.9800300374643098,0.019969962535690167,0.9855969498583004,0.14690632483650404,10,0.025,0.15,0.9557640985409804,1.0,0.9528350381937233,0.956802588179287,0.9564129252378009,0.9542981668275815,0.9528579552828352,0.9618695798638959,0.9543527518383997,0.9561282694659256,0.9578365391789987,0.9536741724908955
4,2,1.9564192594903889,0.2955123590112791,4167,2.22079907144819,0.26139088729016785,834,2.2242131535011,0.2522,0.9788640963676566,0.08336260212488539,,,0.98,,0.9800300374643098,0.019969962535690167,0.9855969498583004,0.14690632483650404,10,0.025,0.15,0.9586368447495122,0.9528350381937233,1.0,0.9542806221174642,0.9565741818677569,0.9508034864426693,0.9526346107518571,0.9579186096843285,0.953840220877138,0.9543945548868399,0.9546061151871518,0.9575480628766013
4,3,1.971477041461251,0.2891288696904248,4167,2.2204320090157643,0.2529976019184652,834,2.224279500261138,0.2505,0.9797520772658593,0.08324401334015323,,,0.98,,0.9800300374643098,0.019969962535690167,0.9855969498583004,0.14690632483650404,10,0.025,0.15,0.954810966655353,0.956802588179287,0.9542806221174642,1.0,0.956399481834495,0.9560258316135111,0.9519514152799174,0.961787992428701,0.9533788679653566,0.956225345738581,0.9580924153543133,0.9548658081208139
4,4,1.949140678391312,0.2966882649388049,4167,2.2239885330200195,0.26410564225690275,833,2.2242195576052124,0.2524,0.9806552849453853,0.08346441314596684,,,0.98,,0.9800300374643098,0.019969962535690167,0.9855969498583004,0.14690632483650404,10,0.025,0.15,0.9555583502989514,0.9564129252378009,0.9565741818677569,0.956399481834495,1.0,0.9591443932873206,0.9554797912640777,0.9597613049802326,0.9547652333063438,0.9571676542189934,0.956279883941439,0.9575368371795772
4,5,1.958593815023249,0.29071274298056154,4167,2.2235656125204906,0.2545018007202881,833,2.2242270481737356,0.2524,0.9784183236451351,0.0833324450640964,,,0.98,,0.9800300374643098,0.019969962535690167,0.9855969498583004,0.14690632483650404,10,0.025,0.15,0.9472973522692385,0.9542981668275815,0.9508034864426693,0.9560258316135111,0.9591443932873206,1.0,0.9524672550658544,0.9577860560328726,0.9550181229323907,0.9543861547478711,0.9541544240572023,0.9574146750481275
4,6,1.935377461982496,0.3056395488360931,4167,2.226498467581613,0.2460984393757503,833,2.2242557700676255,0.2523,0.9773495413617151,0.08314116396011956,,,0.98,,0.9800300374643098,0.019969962535690167,0.9855969498583004,0.14690632483650404,10,0.025,0.15,0.9464167852602395,0.9528579552828352,0.9526346107518571,0.9519514152799174,0.9554797912640777,0.9524672550658544,1.0,0.9583019986840553,0.9548963076089174,0.9493759109174191,0.9585690921651363,0.9534044868552546
4,7,1.9360884471373125,0.3028557715382769,4167,2.2266965934208462,0.24969987995198079,833,2.224241507204273,0.2524,0.9826898269422147,0.08345967163021113,,,0.98,,0.9800300374643098,0.019969962535690167,0.9855969498583004,0.14690632483650404,10,0.025,0.15,0.9545194105186205,0.9618695798638959,0.9579186096843285,0.961787992428701,0.9597613049802326,0.9577860560328726,0.9583019986840553,1.0,0.9601280525706987,0.9567958873827748,0.9607196308989957,0.9594306268010471
4,8,1.965200894167929,0.28338934229476714,4166,2.22343533379691,0.24969987995198079,833,2.2242110348954984,0.2522,0.9793069599242832,0.08345895400726201,,,0.98,,0.9800300374643098,0.019969962535690167,0.9855969498583004,0.14690632483650404,10,0.025,0.15,0.9561901929914937,0.9543527518383997,0.953840220877138,0.9533788679653566,0.9547652333063438,0.9550181229323907,0.9548963076089174,0.9601280525706987,1.0,0.9579827064125176,0.9542526603421106,0.9544166056855333
4,9,1.9442563898635634,0.29371099375900145,4166,2.2327453749520436,0.2148859543817527,833,2.2243405203276043,0.2503,0.9785330088793194,0.08307015644237815,,,0.98,,0.9800300374643098,0.019969962535690167,0.9855969498583004,0.14690632483650404,10,0.025,0.15,0.9519800425982091,0.9561282694659256,0.9543945548868399,0.956225345738581,0.9571676542189934,0.9543861547478711,0.9493759109174191,0.9567958873827748,0.9579827064125176,1.0,0.9520251053127038,0.9539357580962936
4,10,1.9543233535506508,0.2942390782525204,4166,2.225740432739258,0.26770708283313327,833,2.2242129905314387,0.2522,0.9801487092536,0.08346930998462324,,,0.98,,0.9800300374643098,0.019969962535690167,0.9855969498583004,0.14690632483650404,10,0.025,0.15,0.9543999810640974,0.9578365391789987,0.9546061151871518,0.9580924153543133,0.956279883941439,0.9541544240572023,0.9585690921651363,0.9607196308989957,0.9542526603421106,0.9520251053127038,1.0,0.9581562198810373
4,11,1.9589271184169885,0.2941670667306769,4166,2.2268823214939664,0.25570228091236497,833,2.2242107240459585,0.2522,0.9796484450110676,0.08350700943619345,,,0.98,,0.9800300374643098,0.019969962535690167,0.9855969498583004,0.14690632483650404,10,0.025,0.15,0.9527691454452428,0.9536741724908955,0.9575480628766013,0.9548658081208139,0.9575368371795772,0.9574146750481275,0.9534044868552546,0.9594306268010471,0.9544166056855333,0.9539357580962936,0.9581562198810373,1.0
5,0,1.915692520502842,0.3074874010079194,4167,2.190777608326503,0.2685851318944844,834,2.192534102669245,0.278,0.9765686079499409,0.08318454326483361,,,0.98,,0.9800300374643098,0.019969962535690167,0.990613970134707,0.1463903970141828,10,0.025,0.15,1.0,0.950305290782334,0.9518275216253043,0.9527715034846117,0.9505450482050785,0.9434252450009614,0.942851497831911,0.9510512151786454,0.9507226198313794,0.9464198934229349,0.9479384143882849,0.9491131171389978
5,1,1.91355386466691,0.3032157427405808,4167,2.189901113510132,0.2961630695443645,834,2.192382863805264,0.2802,0.9766663886918748,0.083417398630182,,,0.98,,0.9800300374643098,0.019969962535690167,0.990613970134707,0.1463903970141828,10,0.025,0.15,0.950305290782334,1.0,0.946080038056051,0.9497269731254516,0.949892420470725,0.9481390219477497,0.9459938225951207,0.9556097546598734,0.9467687113419857,0.9477286743409873,0.9493444720642453,0.9483155666684024
5,2,1.9041760755307746,0.31689464842812576,4167,2.188173702784947,0.29136690647482016,834,2.1923819403105145,0.2802,0.9746394766931515,0.08330923960252225,,,0.98,,0.9800300374643098,0.019969962535690167,0.990613970134707,0.1463903970141828,10,0.025,0.15,0.9518275216253043,0.946080038056051,1.0,0.9449661187357448,0.948765063991652,0.9425066057616959,0.9447597844180863,0.9510578504338465,0.9431535089826609,0.9435640749753954,0.9479512829386759,0.9495769460900897
5,3,1.9174161419723974,0.3084473242140629,4167,2.1883980546678816,0.27697841726618705,834,2.192469744742671,0.2785,0.9759528726345952,0.0832786387089986,,,0.98,,0.9800300374643098,0.019969962535690167,0.990613970134707,0.1463903970141828,10,0.025,0.15,0.9527715034846117,0.9497269731254516,0.9449661187357448,1.0,0.9494300575247172,0.9483368356276927,0.9444981478418476,0.9525721864451738,0.9432688676444828,0.9478771028874746,0.9487707276139512,0.9474615639997296
5,4,1.8983542984182185,0.31607871370290375,4167,2.1922502517700195,0.2857142857142857,833,2.1923892890350727,0.2802,0.9772692561494635,0.08345785590329219,,,0.98,,0.9800300374643098,0.019969962535690167,0.990613970134707,0.1463903970141828,10,0.025,0.15,0.9505450482050785,0.949892420470725,0.948765063991652,0.9494300575247172,1.0,0.9516692357844235,0.9477770535891348,0.9509611817817131,0.9463730018712296,0.9495888372746776,0.9490443476196171,0.9509108597037211
5,5,1.912086883096984,0.3064314854811615,4167,2.1899314607892717,0.2809123649459784,833,2.1923990400531626,0.2803,0.9749297015470464,0.08330003256866474,,,0.98,,0.9800300374643098,0.019969962535690167,0.990613970134707,0.1463903970141828,10,0.025,0.15,0.9434252450009614,0.9481390219477497,0.9425066057616959,0.9483368356276927,0.9516692357844235,1.0,0.9454320881666168,0.9490464087133658,0.946442836054559,0.9460748413305418,0.9466133729148323,0.9499200725292651
5,6,1.8876313223983303,0.32421406287497,4167,2.1958004406520297,0.2797118847539016,833,2.1924366769911368,0.2801,0.9744064755297784,0.0831646564380849,,,0.98,,0.9800300374643098,0.019969962535690167,0.990613970134707,0.1463903970141828,10,0.025,0.15,0.942851497831911,0.9459938225951207,0.9447597844180863,0.9444981478418476,0.9477770535891348,0.9454320881666168,1.0,0.9521355156143206,0.947351187557123,0.941411873811673,0.9520887632965334,0.9472820800257028
5,7,1.8862484447883836,0.3219102471802256,4167,2.19540422303336,0.2785114045618247,833,2.192419435404524,0.2801,0.9792460044181613,0.08351928814458177,,,0.98,,0.9800300374643098,0.019969962535690167,0.990613970134707,0.1463903970141828,10,0.025,0.15,0.9510512151786454,0.9556097546598734,0.9510578504338465,0.9525721864451738,0.9509611817817131,0.9490464087133658,0.9521355156143206,1.0,0.9517708757831944,0.9475623696620126,0.9540620940737433,0.9522626472242185
5,8,1.9203859083580248,0.2999759961593855,4166,2.1917427267347063,0.27490996398559425,833,2.1923782885829106,0.2802,0.9745593754183486,0.08336624105432468,,,0.98,,0.9800300374643098,0.019969962535690167,0.990613970134707,0.1463903970141828,10,0.025,0.15,0.9507226198313794,0.9467687113419857,0.9431535089826609,0.9432688676444828,0.9463730018712296,0.946442836054559,0.947351187557123,0.9517708757831944,1.0,0.9468482133869949,0.9454978667525666,0.9450335791190928
5,9,1.899317889141314,0.31051368218915026,4166,2.2035274165017262,0.2545018007202881,833,2.1925462016576454,0.2781,0.9739028644344868,0.08310432820796505,,,0.98,,0.9800300374643098,0.019969962535690167,0.990613970134707,0.1463903970141828,10,0.025,0.15,0.9464198934229349,0.9477286743409873,0.9435640749753954,0.9478771028874746,0.9495888372746776,0.9460748413305418,0.941411873811673,0.9475623696620126,0.9468482133869949,1.0,0.9421064107986278,0.946587853821159
5,10,1.9021634596766848,0.31197791646663464,4166,2.194716419492449,0.290516206482593,833,2.192381626443018,0.2802,0.9764119581149193,0.08343297060269916,,,0.98,,0.9800300374643098,0.019969962535690167,0.990613970134707,0.1463903970141828,10,0.025,0.15,0.9479384143882849,0.9493444720642453,0.9479512829386759,0.9487707276139512,0.9490443476196171,0.9466133729148323,0.9520887632965334,0.9540620940737433,0.9454978667525666,0.9421064107986278,1.0,0.9514697048579939
5,11,1.9112683765815965,0.31212193951032163,4166,2.196084874016898,0.28211284513805523,833,2.1923778268355356,0.2802,0.976673399465555,0.08346480687385091,,,0.98,,0.9800300374643098,0.019969962535690167,0.990613970134707,0.1463903970141828,10,0.025,0.15,0.9491131171389978,0.9483155666684024,0.9495769460900897,0.9474615639997296,0.9509108597037211,0.9499200725292651,0.9472820800257028,0.9522626472242185,0.9450335791190928,0.946587853821159,0.9514697048579939,1.0
6,0,1.8743954116647894,0.3228701703863691,4167,2.1524428640093123,0.2853717026378897,834,2.155907851231249,0.3018,0.9727807805948838,0.08324688829756759,,,0.98,,0.9800300374643098,0.019969962535690167,0.9935039658454599,0.14589088357796792,10,0.025,0.15,1.0,0.9429657719772807,0.9438707601852914,0.9441624400658546,0.9420519870946577,0.9366789282381264,0.9360696543632626,0.9446534022816993,0.9450325226767872,0.9388073447366106,0.9390044338410658,0.9403789160215852
6,1,1.8704722834355902,0.32327813774898007,4167,2.152122872216361,0.31534772182254195,834,2.155714004854613,0.3019,0.9736971737967102,0.08342101367862481,,,0.98,,0.9800300374643098,0.019969962535690167,0.9935039658454599,0.14589088357796792,10,0.025,0.15,0.9429657719772807,1.0,0.9374801403185873,0.9425033640594351,0.9427961945199546,0.941762936179688,0.9400121164567422,0.9494431799342077,0.9416181724695935,0.9432351786827046,0.9422457496634644,0.9401547371125307
6,2,1.8616747577985129,0.33177345812335013,4167,2.1505843230656216,0.30815347721822545,834,2.1557130179827726,0.3019,0.9710507777947746,0.08326772955348785,,,0.98,,0.9800300374643098,0.019969962535690167,0.9935039658454599,0.14589088357796792,10,0.025,0.15,0.9438707601852914,0.9374801403185873,1.0,0.9386881862154862,0.9403166464095117,0.9350223032721066,0.9380840828067325,0.9436454427535943,0.935974783271065,0.9381356147081389,0.939228422184683,0.9429620317052488
6,3,1.8759831273194516,0.32608591312694984,4167,2.151493719645909,0.29376498800959233,834,2.1558226301700256,0.3018,0.9724326043323207,0.08329382595495197,,,0.98,,0.9800300374643098,0.019969962535690167,0.9935039658454599,0.14589088357796792,10,0.025,0.15,0.9441624400658546,0.9425033640594351,0.9386881862154862,1.0,0.9401684984714078,0.9412666508204036,0.9374297294468847,0.9482563517047611,0.9370839798481505,0.9408728677650554,0.940668378550874,0.9384571846336986
6,4,1.856207581722375,0.33294936405087594,4167,2.1556951999664307,0.31092436974789917,833,2.15572092502932,0.3029,0.9729994837329433,0.08342332848803356,,,0.98,,0.9800300374643098,0.019969962535690167,0.9935039658454599,0.14589088357796792,10,0.025,0.15,0.9420519870946577,0.9427961945199546,0.9403166464095117,0.9401684984714078,1.0,0.9432703434147894,0.9408407406139546,0.9427074003422605,0.9394179727931593,0.9424482740801939,0.9417007713619496,0.9403420327029334
6,5,1.8708525458971659,0.32193424526037917,4167,2.1510959012167796,0.2965186074429772,833,2.1557331960412522,0.3029,0.9716953847404104,0.08328304269273346,,,0.98,,0.9800300374643098,0.019969962535690167,0.9935039658454599,0.14589088357796792,10,0.025,0.15,0.9366789282381264,0.941762936179688,0.9350223032721066,0.9412666508204036,0.9432703434147894,1.0,0.9374987031197353,0.9447487322601297,0.9407186279731973,0.9387349181474532,0.941060836381304,0.9401544814197133
6,6,1.844606965599638,0.3400287976961843,4167,2.160343510763986,0.297719087635054,833,2.1557815255998056,0.3026,0.9712716492719349,0.08318536552601549,,,0.98,,0.9800300374643098,0.019969962535690167,0.9935039658454599,0.14589088357796792,10,0.025,0.15,0.9360696543632626,0.9400121164567422,0.9380840828067325,0.9374297294468847,0.9408407406139546,0.9374987031197353,1.0,0.9437994541456425,0.940484186362834,0.9368772891923324,0.9460176713600504,0.938955581328923
6,7,1.8428311170953693,0.3376049916006719,4167,2.159162623541696,0.3241296518607443,833,2.1557604180106633,0.3028,0.9766000808070023,0.083578777249617,,,0.98,,0.9800300374643098,0.019969962535690167,0.9935039658454599,0.14589088357796792,10,0.025,0.15,0.9446534022816993,0.9494431799342077,0.9436454427535943,0.9482563517047611,0.9427074003422605,0.9447487322601297,0.9437994541456425,1.0,0.9475168937489816,0.9411790135682965,0.9460256009723852,0.9460566445776888
6,8,1.8756580927155235,0.3172587614018243,4166,2.155186857495989,0.2917166866746699,833,2.15570756453502,0.3019,0.9720880276494043,0.08333685867685683,,,0.98,,0.9800300374643098,0.019969962535690167,0.9935039658454599,0.14589088357796792,10,0.025,0.15,0.9450325226767872,0.9416181724695935,0.935974783271065,0.9370839798481505,0.9394179727931593,0.9407186279731973,0.940484186362834,0.9475168937489816,1.0,0.9405550043244274,0.939023472956608,0.9380563540664923
6,9,1.8570465463580508,0.3292846855496879,4166,2.169569049562727,0.2917166866746699,833,2.1559195699571054,0.3018,0.9714216429448832,0.08315288421804862,,,0.98,,0.9800300374643098,0.019969962535690167,0.9935039658454599,0.14589088357796792,10,0.025,0.15,0.9388073447366106,0.9432351786827046,0.9381356147081389,0.9408728677650554,0.9424482740801939,0.9387349181474532,0.9368772891923324,0.9411790135682965,0.9405550043244274,1.0,0.9363670299665255,0.9406696448483228
6,10,1.8556652054642186,0.3298847815650504,4166,2.1589886460985457,0.30012004801920766,833,2.155712375157996,0.3019,0.9728321355678913,0.08340245654343957,,,0.98,,0.9800300374643098,0.019969962535690167,0.9935039658454599,0.14589088357796792,10,0.025,0.15,0.9390044338410658,0.9422457496634644,0.939228422184683,0.940668378550874,0.9417007713619496,0.941060836381304,0.9460176713600504,0.9460256009723852,0.939023472956608,0.9363670299665255,1.0,0.9427596855751823
