round,client_id,client_i_training_loss,client_i_training_accuracy,client_i_training_dataset_size,client_i_evaluation_loss,client_i_evaluation_accuracy,client_i_evaluation_dataset_size,client_i_central_evaluation_loss,client_i_central_evaluation_accuracy,client_i_cosine_similarity,client_i_importance_coefficient,client_i_tanh_val,tanh_normalization_value,client_i_q,client_i_mask_order,client_i_v_nonzero_fraction,client_i_v_sparsity,client_i_v_cosine_similarity,client_i_reward_gradient_norm,local_epochs,learning_rate,gamma,client_0_cosine_similarity,client_1_cosine_similarity,client_2_cosine_similarity,client_3_cosine_similarity,client_4_cosine_similarity,client_5_cosine_similarity,client_6_cosine_similarity,client_7_cosine_similarity,client_8_cosine_similarity,client_9_cosine_similarity,client_10_cosine_similarity,client_11_cosine_similarity
0,0,0.3399922578316775,0.8946,5000,2.1930831979822227,0.34652278177458035,834,2.1922841818568806,0.3223,0.7982498692916583,0.0840859941361679,,,0.9301094710035485,,0.9301340294161939,0.06986597058380606,0,0.3955470941076737,5,0.1,0.5,1.0,0.6083118831513424,0.60001263607736,0.5926352616160304,0.6003423056261087,0.6036057959999609,0.6022431469838321,0.5929308450221398,0.5978441998538724,0.5868728694709583,0.6126247193830249,0.5805667080498025
0,1,0.34750692185465315,0.89,5000,2.1889081796010337,0.32014388489208634,834,2.1923597308393483,0.3231,0.7909163083105625,0.08331349195436254,,,0.8161418909891978,,0.8161638471964259,0.18383615280357413,0,0.3954363917341494,5,0.1,0.5,0.6083118831513424,1.0,0.5954182673460658,0.5942250620072694,0.6033146861170644,0.5881897464811641,0.5984488006994114,0.5825604437068317,0.5853826574071942,0.5811751943450566,0.5998756698089879,0.5714685870127655
0,2,0.3526165071447754,0.88904,5000,2.192339605755276,0.31894484412470026,834,2.192316813209948,0.3235,0.7931254074630514,0.08354619390086862,,,0.8504725095072558,,0.8504894332613825,0.1495105667386175,0,0.39549125495664844,5,0.1,0.5,0.60001263607736,0.5954182673460658,1.0,0.585815675929356,0.5968274421272136,0.5961720583951287,0.6060915491150144,0.5840019053862239,0.6048133611437282,0.5916181904335509,0.5985508875170328,0.5700205702702499
0,3,0.35152335000954044,0.88768,5000,2.181336694293552,0.33093525179856115,834,2.1925606445763437,0.3219,0.786512606031061,0.0828496150427632,,,0.747705930179409,,0.7477235078560314,0.25227649214396863,0,0.3952171937894514,5,0.1,0.5,0.5926352616160304,0.5942250620072694,0.585815675929356,1.0,0.601623352081294,0.5937595700376197,0.5987288496751627,0.5675545369821591,0.5743599701404608,0.589312043011725,0.5963381652398563,0.5722130374261776
0,4,0.33207855294962785,0.89532,5000,2.180841154522366,0.34213685474189676,833,2.1922849809018947,0.3223,0.7994014958693321,0.08420730410361364,,,0.9480063828143361,,0.9480246975553436,0.051975302444656424,0,0.3955504025461044,5,0.1,0.5,0.6003423056261087,0.6033146861170644,0.5968274421272136,0.601623352081294,1.0,0.6023118832478533,0.5901379015669167,0.592558538463618,0.6126411279098272,0.5909304594920808,0.6148322562635596,0.5834031033470072
0,5,0.3341169596916646,0.895,5000,2.203063231927377,0.29531812725090034,833,2.1923012253575433,0.323,0.795182321080291,0.08376286493710855,,,0.882438080920604,,0.8824506801867377,0.11754931981326233,0,0.39552224161209826,5,0.1,0.5,0.6036057959999609,0.5881897464811641,0.5961720583951287,0.5937595700376197,0.6023118832478533,1.0,0.6005592086333077,0.5908403691305815,0.6002405809581621,0.587944411870717,0.5961261058312441,0.589119617577108
0,6,0.33558786537403323,0.89648,5000,2.1884897638250282,0.33373349339735897,833,2.1922971257767356,0.3231,0.7956492477554512,0.08381205002962148,,,0.889694378829538,,0.8897043321118417,0.11029566788815826,0,0.39552728090364886,5,0.1,0.5,0.6022431469838321,0.5984488006994114,0.6060915491150144,0.5987288496751627,0.5901379015669167,0.6005592086333077,1.0,0.5919824203652804,0.5873992923224746,0.5955758352850158,0.6018321711932049,0.580302827315797
0,7,0.34268798805583434,0.89136,5000,2.189365581229881,0.3085234093637455,833,2.192769179328943,0.3215,0.7833417431712139,0.08251560289181065,,,0.698428973510513,,0.698438833391898,0.30156116660810195,0,0.3949199021726129,5,0.1,0.5,0.5929308450221398,0.5825604437068317,0.5840019053862239,0.5675545369821591,0.592558538463618,0.5908403691305815,0.5919824203652804,1.0,0.5873073126775511,0.5827400903335276,0.5919491866234005,0.5720380646618421
0,8,0.34220782729773336,0.8928,5000,2.206448440198545,0.3289315726290516,833,2.1924180260862407,0.3225,0.789665819877475,0.08318176808305737,,,0.7967086114511546,,0.796722052105818,0.20327794789418197,0,0.39538911275036104,5,0.1,0.5,0.5978441998538724,0.5853826574071942,0.6048133611437282,0.5743599701404608,0.6126411279098272,0.6002405809581621,0.5873992923224746,0.5873073126775511,1.0,0.5866204721088709,0.5950365461395002,0.5648542677099879
0,9,0.3456827580098324,0.892,5000,2.1923548733746565,0.31812725090036015,833,2.1925210206272503,0.3219,0.787247265878462,0.08292700259520397,,,0.7591229491634806,,0.759133577631645,0.24086642236835498,0,0.39526603851520725,5,0.1,0.5,0.5868728694709583,0.5811751943450566,0.5916181904335509,0.589312043011725,0.5909304594920808,0.587944411870717,0.5955758352850158,0.5827400903335276,0.5866204721088709,1.0,0.6040140179766229,0.5767362541987804
0,10,0.3411946861642846,0.89452,5000,2.197591366591277,0.30732292917166865,833,2.1922832860733372,0.3223,0.8001732585225532,0.0842885999890622,,,0.9599999998524695,,0.9600020079313287,0.03999799206867127,0,0.39555151310511094,5,0.1,0.5,0.6126247193830249,0.5998756698089879,0.5985508875170328,0.5963381652398563,0.6148322562635596,0.5961261058312441,0.6018321711932049,0.5919491866234005,0.5950365461395002,0.6040140179766229,1.0,0.5850698728957953
0,11,0.3509151176033411,0.88936,5000,2.1945090647096985,0.3157262905162065,833,2.1939272636803575,0.3176,0.7737906679578617,0.08150951233636003,,,0.55,,0.5500125495708047,0.4499874504291953,0,0.39277074856127886,5,0.1,0.5,0.5805667080498025,0.5714685870127655,0.5700205702702499,0.5722130374261776,0.5834031033470072,0.589119617577108,0.580302827315797,0.5720380646618421,0.5648542677099879,0.5767362541987804,0.5850698728957953,1.0
1,0,0.2969103466796505,0.90844,5000,2.028306312031216,0.7194244604316546,834,2.0240757221611925,0.7084,0.818505282096334,0.0839539471588637,,,0.9360781766584134,,0.9361026052908991,0.06389739470910094,0.9619932550830473,0.40748302883741544,5,0.1,0.5,1.0,0.6309946817179527,0.6362753868086732,0.6361965406893529,0.63805557420693,0.639634652746264,0.6336936343549837,0.6310448755803671,0.6409568540099668,0.6435880090625278,0.6422032108671276,0.628535581214868
1,1,0.30685886547894803,0.90724,5000,2.0182634680359453,0.7050359712230215,834,2.0244022333583893,0.7076,0.8109284209274005,0.08318067012062313,,,0.7874226286106009,,0.7874303498820341,0.2125696501179659,0.9615002605442212,0.407270935063895,5,0.1,0.5,0.6309946817179527,1.0,0.6342623433182669,0.6303806766470397,0.6290979226342895,0.6331758464896095,0.6333762731961476,0.6216235089322858,0.6294966535910326,0.6354374826115798,0.6321385254683582,0.6204011231204647
1,2,0.31225015040676873,0.90564,5000,2.025969796710544,0.7326139088729017,834,2.024188884150106,0.7089,0.8169335870007229,0.08354296137326082,,,0.8570698598749921,,0.8570854876763214,0.14291451232367858,0.9618300961207541,0.4074285812748729,5,0.1,0.5,0.6362753868086732,0.6342623433182669,1.0,0.6298534221279812,0.63624806206363,0.6363050653108209,0.6381715290395797,0.6311446275269497,0.6480190620088863,0.6288203267040635,0.6385972032371217,0.630467122082922
1,3,0.3110093125065041,0.90448,5000,2.01046441660987,0.7254196642685852,834,2.0248480494410845,0.7065,0.8107552650142156,0.08286840384543989,,,0.7273922488390335,,0.7274082626374178,0.27259173736258224,0.9608090204397817,0.40698532190054987,5,0.1,0.5,0.6361965406893529,0.6303806766470397,0.6298534221279812,1.0,0.6355561050990252,0.6404491135117301,0.6351688641175351,0.6216636206767056,0.6257536692392192,0.6313540130102193,0.6225300490913183,0.6218063975136102
1,4,0.2997881841056856,0.90624,5000,2.0108220842149525,0.7082833133253301,833,2.024076388666805,0.7085,0.8197815969876857,0.08407838379642728,,,0.959999999807759,,0.9600020079313287,0.03999799206867127,0.9620066556721418,0.4074862626382886,5,0.1,0.5,0.63805557420693,0.6290979226342895,0.63624806206363,0.6355561050990252,1.0,0.6460088323534682,0.6387026517135935,0.6340635560600413,0.641695946058888,0.6316561327142712,0.6440707016090296,0.6380729788822578
1,5,0.2923263207807615,0.91056,5000,2.039265822481226,0.6614645858343338,833,2.024135116951915,0.7087,0.8208502792597825,0.08382210057557066,,,0.9107318581614177,,0.9107524722654485,0.08924752773455147,0.961930983838656,0.40747492117495715,5,0.1,0.5,0.639634652746264,0.6331758464896095,0.6363050653108209,0.6404491135117301,0.6460088323534682,1.0,0.6432193916005946,0.6299683721674647,0.6471764979192102,0.6344774870869826,0.6362205805456624,0.6390151145894143
1,6,0.29795345544020174,0.9094,5000,2.018356128975197,0.7262905162064826,833,2.024140347307102,0.7086,0.817141259858279,0.08372569451950714,,,0.8921986619192804,,0.8922092264444555,0.10779077355554445,0.9619260388676837,0.4074623702502416,5,0.1,0.5,0.6336936343549837,0.6333762731961476,0.6381715290395797,0.6351688641175351,0.6387026517135935,0.6432193916005946,1.0,0.6296795801302704,0.6353198857610867,0.6347384679118523,0.6333577447241826,0.6337281585900861
1,7,0.30998852832515716,0.90456,5000,2.022407567059552,0.6986794717887155,833,2.025342458353256,0.7058,0.8093184895587752,0.08259796656701165,,,0.6754031170670882,,0.6754229205361176,0.32457707946388237,0.959835983973775,0.406548406784296,5,0.1,0.5,0.6310448755803671,0.6216235089322858,0.6311446275269497,0.6216636206767056,0.6340635560600413,0.6299683721674647,0.6296795801302704,1.0,0.634325742138465,0.6220555871451267,0.6354323752233928,0.6272598779789248
1,8,0.30456183963591693,0.90704,5000,2.0397659275266857,0.7010804321728692,833,2.0243802950405083,0.708,0.8172538504495265,0.0833134972110741,,,0.8129574407802624,,0.8129712363837157,0.1870287636162843,0.9615517623914143,0.40734670160572467,5,0.1,0.5,0.6409568540099668,0.6294966535910326,0.6480190620088863,0.6257536692392192,0.641695946058888,0.6471764979192102,0.6353198857610867,0.634325742138465,1.0,0.629526686024584,0.6337595221649053,0.6266474673610009
1,9,0.30728507151672985,0.90692,5000,2.0272464443136147,0.695078031212485,833,2.024714659197262,0.7065,0.8118303222442695,0.08295684995804656,,,0.7443952176225863,,0.7444054013352743,0.25559459866472567,0.9610284526058324,0.4070866593518643,5,0.1,0.5,0.6435880090625278,0.6354374826115798,0.6288203267040635,0.6313540130102193,0.6316561327142712,0.6344774870869826,0.6347384679118523,0.6220555871451267,0.629526686024584,1.0,0.6251942261635387,0.624076520035511
1,10,0.29776787641843794,0.91044,5000,2.0255273933763855,0.7010804321728692,833,2.0240738007207266,0.7085,0.8163806202116201,0.08401388075476275,,,0.9475998708304285,,0.9476130716329502,0.052386928367049834,0.9620081484494521,0.40748498516141535,5,0.1,0.5,0.6422032108671276,0.6321385254683582,0.6385972032371217,0.6225300490913183,0.6440707016090296,0.6362205805456624,0.6333577447241826,0.6354323752233928,0.6337595221649053,0.6251942261635387,1.0,0.6360015554010923
1,11,0.3165408243027747,0.90152,5000,2.0278699000676474,0.7118847539015606,833,2.0283978282453154,0.7026,0.8096608007504337,0.0819456441194123,,,0.55,,0.5500125495708047,0.4499874504291953,0.95587142848992,0.40435430324567584,5,0.1,0.5,0.628535581214868,0.6204011231204647,0.630467122082922,0.6218063975136102,0.6380729788822578,0.6390151145894143,0.6337281585900861,0.6272598779789248,0.6266474673610009,0.624076520035511,0.6360015554010923,1.0
2,0,0.26601902989338444,0.91824,5000,1.8255655456472326,0.8764988009592326,834,1.818849940269519,0.8632,0.812263736182077,0.08369905267504722,,,0.8942933303776253,,0.894302494854676,0.10569750514532406,0.9701374085574895,0.40675541855788944,5,0.1,0.5,1.0,0.6229492310450768,0.628192579982873,0.6201990045452548,0.6327695261019781,0.6294274707794207,0.6411944841861225,0.633360480756289,0.6316725725836373,0.6248656344819742,0.6325470616995363,0.6297879819298468
2,1,0.2856647813146946,0.91344,5000,1.8100166674013491,0.8597122302158273,834,1.8199671354537574,0.8627,0.805637076208827,0.08295784553477138,,,0.7026339282950733,,0.7026504693539481,0.29734953064605185,0.9687991027442346,0.4060721877922118,5,0.1,0.5,0.6229492310450768,1.0,0.6233464784503385,0.6211335665429003,0.6265842591303744,0.6258785180078289,0.6278390434057999,0.6181976676799241,0.6270065484046866,0.6260628304569644,0.6253080419232016,0.6214111192666735
2,2,0.28237501476049,0.91412,5000,1.82298273951919,0.8741007194244604,834,1.8191257406728336,0.8625,0.8125230063587131,0.08343657631598798,,,0.8264228805336351,,0.8264394357712966,0.17356056422870336,0.9698893072273466,0.4066662858984093,5,0.1,0.5,0.628192579982873,0.6233464784503385,1.0,0.6222591927102599,0.6267246689873699,0.6328177803839937,0.633832042718381,0.6290793049939117,0.6442349039784173,0.6317929512347771,0.6299480169916173,0.6291918384788402
2,3,0.2814309009961831,0.91528,5000,1.8029792926929615,0.8776978417266187,834,1.8210975582988118,0.8619,0.8063120018880555,0.08277503301636721,,,0.6553627458324898,,0.6553787460468852,0.3446212539531148,0.9678791412261335,0.4055679051598541,5,0.1,0.5,0.6201990045452548,0.6211335665429003,0.6222591927102599,1.0,0.6249564013282528,0.6327405772729177,0.6305367056171182,0.6199509359713165,0.6223467456439612,0.623171083849631,0.6312593705374401,0.6251726623780723
2,4,0.26480566673514666,0.91824,5000,1.8042085921322857,0.8547418967587035,833,1.8188392015310904,0.863,0.8172082151950535,0.08395316101498253,,,0.9599999997414226,,0.9600020079313287,0.03999799206867127,0.9702052642002624,0.40677763615891965,5,0.1,0.5,0.6327695261019781,0.6265842591303744,0.6267246689873699,0.6249564013282528,1.0,0.6377451235122793,0.6417772894616695,0.6286977192631147,0.6360586403030608,0.6414860141200722,0.6404735148923075,0.6374999351981344
2,5,0.2672394997671626,0.92084,5000,1.839012689060635,0.8535414165666266,833,1.818934738826447,0.8629,0.8198589470441376,0.08387602397180616,,,0.9400541050376867,,0.9400783093218212,0.05992169067817876,0.9701582286101632,0.4067751589560511,5,0.1,0.5,0.6294274707794207,0.6258785180078289,0.6328177803839937,0.6327405772729177,0.6377451235122793,1.0,0.6419278509121891,0.6343271318861078,0.6496993822461489,0.6372356535012638,0.6452525583791586,0.6347126636855737
2,6,0.2631074187672062,0.922,5000,1.8121535910500421,0.8607442977190877,833,1.8189244712122714,0.8625,0.8201871769879375,0.08382375144984508,,,0.926537613142211,,0.9265599116510216,0.07344008834897842,0.9701221697631014,0.4067718010498524,5,0.1,0.5,0.6411944841861225,0.6278390434057999,0.633832042718381,0.6305367056171182,0.6417772894616695,0.6419278509121891,1.0,0.6309918199386129,0.6393041959742245,0.6369322836659129,0.6434520695077308,0.6374883005901654
2,7,0.27426830904831173,0.91708,5000,1.8189163384614166,0.8571428571428571,833,1.8218154823437285,0.8622,0.8094334416554957,0.08270491140183032,,,0.6372308823021395,,0.6372471261482857,0.3627528738517143,0.967348344625617,0.40531517103134995,5,0.1,0.5,0.633360480756289,0.6181976676799241,0.6290793049939117,0.6199509359713165,0.6286977192631147,0.6343271318861078,0.6309918199386129,1.0,0.6320642940951375,0.618853353789314,0.6365798735293534,0.6230695603051217
2,8,0.27370763517038266,0.91884,5000,1.8348145970591792,0.8703481392557023,833,1.8193537107290931,0.862,0.816807064540792,0.08343394229372537,,,0.8257417819520212,,0.825761758947844,0.17423824105215602,0.9697891649243172,0.40666505082774196,5,0.1,0.5,0.6316725725836373,0.6270065484046866,0.6442349039784173,0.6223467456439612,0.6360586403030608,0.6496993822461489,0.6393041959742245,0.6320642940951375,1.0,0.6285626727103736,0.6328131476803028,0.6302390262750867
2,9,0.27468683894510104,0.9156,5000,1.8252209557427301,0.8391356542617047,833,1.82013010178892,0.8624,0.8118053220647733,0.08302444847126325,,,0.7198559412673489,,0.7198684804979669,0.2801315195020331,0.9689566274331001,0.4062068508249756,5,0.1,0.5,0.6248656344819742,0.6260628304569644,0.6317929512347771,0.623171083849631,0.6414860141200722,0.6372356535012638,0.6369322836659129,0.618853353789314,0.6285626727103736,1.0,0.6299152522899937,0.6278718846793631
2,10,0.27379391547055193,0.9188,5000,1.817808261624089,0.8667466986794717,833,1.8188377843497279,0.863,0.8182764618218794,0.08394769168828309,,,0.9585857555604793,,0.9586014758295266,0.041398524170473405,0.9702020024701073,0.40677754442345143,5,0.1,0.5,0.6325470616995363,0.6253080419232016,0.6299480169916173,0.6312593705374401,0.6404735148923075,0.6452525583791586,0.6434520695077308,0.6365798735293534,0.6328131476803028,0.6299152522899937,1.0,0.6379295628386842
2,11,0.28399272762167793,0.91148,5000,1.8269236396860193,0.8631452581032413,833,1.8272798864986188,0.863,0.8121245820091371,0.08236756216609047,,,0.55,,0.5500125495708047,0.4499874504291953,0.963813368211238,0.40343880363212864,5,0.1,0.5,0.6297879819298468,0.6214111192666735,0.6291918384788402,0.6251726623780723,0.6374999351981344,0.6347126636855737,0.6374883005901654,0.6230695603051217,0.6302390262750867,0.6278718846793631,0.6379295628386842,1.0
3,0,0.2443474490070941,0.92704,5000,1.594009244883502,0.9112709832134293,834,1.5847981539778053,0.9116,0.8090410323044671,0.08360822956108876,,,0.8563779254718589,,0.8563977711962251,0.14360222880377493,0.9705162850258877,0.403988499533245,5,0.1,0.5,1.0,0.6293923267851823,0.6173606866788074,0.6154122466815193,0.627910532330509,0.6247794611910161,0.6237400157287042,0.619235938179118,0.6245965601299435,0.6152825928538852,0.6245498447039739,0.6214664826125665
3,1,0.2491549720584302,0.92344,5000,1.5725972299222593,0.9184652278177458,834,1.5869027159084528,0.9119,0.8113802406896047,0.08319900069412095,,,0.7137033242513721,,0.7137191908036745,0.2862808091963255,0.9691999199937628,0.403397641196738,5,0.1,0.5,0.6293923267851823,1.0,0.6237263288324095,0.6260202672338615,0.6266329566382404,0.62325067908717,0.6298574838780762,0.6132582289809744,0.6248830472932858,0.6227622970413745,0.6219748409971557,0.6280731515320299
3,2,0.26022670220014205,0.92208,5000,1.591331164042155,0.9172661870503597,834,1.5856528792518396,0.9117,0.8047358994039647,0.08328442863096071,,,0.7434871391420746,,0.7434968124090157,0.25650318759098434,0.9697641256305088,0.40360489025161844,5,0.1,0.5,0.6173606866788074,0.6237263288324095,1.0,0.6124402096100987,0.6225757482015096,0.6170284646165106,0.6184045534110291,0.6148506648528319,0.6240077988885147,0.6176241641823609,0.6169330852292776,0.6183038338300054
3,3,0.25888458398781766,0.92248,5000,1.567749606238471,0.9244604316546763,834,1.5901441372240694,0.9122,0.80330424535926,0.08279654231428536,,,0.5733892030205211,,0.5733999297224035,0.4266000702775965,0.9655692290115141,0.40122510186706045,5,0.1,0.5,0.6154122466815193,0.6260202672338615,0.6124402096100987,1.0,0.626441936944078,0.616424340345491,0.623855397209189,0.6095498961107854,0.6099241352954592,0.615408363158083,0.6173313559862935,0.6195835215693333
3,4,0.24277699208658213,0.92668,5000,1.5694365280645866,0.9051620648259304,833,1.5847960238258678,0.9117,0.8127422381222587,0.08390544534894857,,,0.9599999996513574,,0.9600020079313287,0.03999799206867127,0.9706798045200067,0.40405384461919497,5,0.1,0.5,0.627910532330509,0.6266329566382404,0.6225757482015096,0.626441936944078,1.0,0.6213021923233186,0.6347384405307821,0.6199615458061775,0.6280663549897507,0.6221495113410539,0.6194877310851318,0.6293856780577894
3,5,0.2433023152908512,0.92724,5000,1.6091141347531919,0.9123649459783914,833,1.5849600196265565,0.9117,0.8087353751672832,0.08371474853484764,,,0.8935149735400217,,0.8935294412931077,0.10647055870689226,0.9706149176824819,0.4040291527895974,5,0.1,0.5,0.6247794611910161,0.62325067908717,0.6170284646165106,0.616424340345491,0.6213021923233186,1.0,0.6292242454580916,0.6141866526689653,0.625720629420709,0.6228024627292225,0.6222417558865728,0.6230248409529895
3,6,0.243508953669933,0.92768,5000,1.5774332638140078,0.9159663865546218,833,1.584884841221209,0.9118,0.814046243844318,0.08386520534088514,,,0.9459706200865687,,0.9459866472566638,0.054013352743336185,0.9706555171266821,0.4040518060310716,5,0.1,0.5,0.6237400157287042,0.6298574838780762,0.6184045534110291,0.623855397209189,0.6347384405307821,0.6292242454580916,1.0,0.621016466838133,0.6279480413414008,0.6283460278274483,0.6253643560543586,0.6293263588831846
3,7,0.25389914364809063,0.92292,5000,1.588248155735157,0.9027611044417767,833,1.5915746563158857,0.9129,0.8027113610867995,0.08272945583239237,,,0.55,,0.5500125495708047,0.4499874504291953,0.9644392901678672,0.4006005753491265,5,0.1,0.5,0.619235938179118,0.6132582289809744,0.6148506648528319,0.6095498961107854,0.6199615458061775,0.6141866526689653,0.621016466838133,1.0,0.6172772178712204,0.614693451117334,0.619852113919211,0.6231015343826536
3,8,0.2508754980791906,0.92468,5000,1.6002949123029355,0.9183673469387755,833,1.5854805814572417,0.9115,0.8086411492460509,0.08341876932957351,,,0.7903240246831202,,0.7903368304803976,0.2096631695196024,0.9701654306918877,0.4038266949664971,5,0.1,0.5,0.6245965601299435,0.6248830472932858,0.6240077988885147,0.6099241352954592,0.6280663549897507,0.625720629420709,0.6279480413414008,0.6172772178712204,1.0,0.621126677925264,0.6164100048952027,0.6210473850695988
3,9,0.2501078630898409,0.92588,5000,1.5965081894839253,0.9015606242496998,833,1.5875728507392324,0.9121,0.8052081511842067,0.08302802123362112,,,0.6540926068441212,,0.6541037096531299,0.3458962903468701,0.9680965749419789,0.40275337575393133,5,0.1,0.5,0.6152825928538852,0.6227622970413745,0.6176241641823609,0.615408363158083,0.6221495113410539,0.6228024627292225,0.6283460278274483,0.614693451117334,0.621126677925264,1.0,0.6131928825008984,0.616275832717182
3,10,0.24723934248374527,0.9266,5000,1.581212114404749,0.9027611044417767,833,1.5848448904939354,0.9116,0.8070346707922627,0.08370293492139262,,,0.8893962450613662,,0.8894031424125295,0.11059685758747051,0.9706100139230177,0.40402581894841105,5,0.1,0.5,0.6245498447039739,0.6219748409971557,0.6169330852292776,0.6173313559862935,0.6194877310851318,0.6222417558865728,0.6253643560543586,0.619852113919211,0.6164100048952027,0.6131928825008984,1.0,0.6259201518285951
3,11,0.25736983525003215,0.921,5000,1.5954358356970328,0.9135654261704682,833,1.597833366058886,0.9126,0.8096307286440073,0.0827472182578833,,,0.5561927375563798,,0.5562120375483158,0.44378796245168417,0.9649755925260546,0.40077933043706143,5,0.1,0.5,0.6214664826125665,0.6280731515320299,0.6183038338300054,0.6195835215693333,0.6293856780577894,0.6230248409529895,0.6293263588831846,0.6231015343826536,0.6210473850695988,0.616275832717182,0.6259201518285951,1.0
4,0,0.22511847319413616,0.93284,5000,1.3473115982832733,0.9292565947242206,834,1.3358191598337679,0.9315,0.7966797624566991,0.08349751923549849,,,0.797908862834497,,0.7979217910747453,0.20207820892525474,0.9703716309458502,0.39838876881691165,5,0.1,0.5,1.0,0.598089201661478,0.5959046739593137,0.5950465997419578,0.610906580393058,0.5976566936952216,0.6059402729755584,0.6037944793637853,0.6056520111060899,0.6022323113239549,0.6050132843109669,0.5998969767512238
4,1,0.23079033680556782,0.93048,5000,1.3201046608112477,0.9424460431654677,834,1.339066661204012,0.9312,0.7921241911964997,0.08306586335155779,,,0.6522944107161315,,0.6523066111138999,0.34769338888610013,0.9684381249876065,0.39722327702934074,5,0.1,0.5,0.598089201661478,1.0,0.5994104053561876,0.5979024289912727,0.6059719567927573,0.5912422602898447,0.6059584831616242,0.5928754409677328,0.5954387504135447,0.6023333642620601,0.5934503758682,0.5958907833360679
4,2,0.2411607737822019,0.92792,5000,1.3446731125866924,0.9364508393285371,834,1.337254139942864,0.9314,0.7948929828909687,0.08321960688631777,,,0.7041581322909112,,0.7041714773354751,0.29582852266452486,0.9693414637303672,0.3978203371004099,5,0.1,0.5,0.5959046739593137,0.5994104053561876,1.0,0.5940134071651989,0.6078774937442456,0.599180771963517,0.6026365239070874,0.5936273614457411,0.6066396882628947,0.6035052568723502,0.6004197772064063,0.6013855276780535
4,3,0.24170588937700743,0.92596,5000,1.3182091624648482,0.9424460431654677,834,1.3444676338293302,0.9303,0.7915857087440024,0.08277933272595248,,,0.5556363976670576,,0.5556548366045881,0.44434516339541186,0.9655290304432662,0.39522796507538926,5,0.1,0.5,0.5950465997419578,0.5979024289912727,0.5940134071651989,1.0,0.6023469721375909,0.599586339118914,0.6091014057036672,0.5899406767338946,0.5872389344764551,0.599826485584078,0.6007546280239231,0.5995407452141528
4,4,0.22096554555093786,0.93224,5000,1.3196222826286599,0.9207683073229291,833,1.3356108185582267,0.9314,0.80475886046095,0.08397801819647827,,,0.9599999996626608,,0.9600020079313287,0.03999799206867127,0.9709252583257038,0.39861037201766003,5,0.1,0.5,0.610906580393058,0.6059719567927573,0.6078774937442456,0.6023469721375909,1.0,0.6055167355880251,0.6160522173445195,0.6048194769097227,0.6125318670977078,0.6102675528736612,0.6037731312425832,0.6160870070477956
4,5,0.22521368355792798,0.9312,5000,1.3639187680350409,0.929171668667467,833,1.3359225219050155,0.9314,0.7969176209579183,0.08357669291730657,,,0.8246172496018177,,0.8246272777471011,0.1753727222528989,0.9706184719497054,0.3984712182534258,5,0.1,0.5,0.5976566936952216,0.5912422602898447,0.599180771963517,0.599586339118914,0.6055167355880251,1.0,0.6127566427314869,0.6003275308636944,0.6050017923987635,0.607807826257495,0.5964433252195211,0.6064682479042506
4,6,0.2238177715545627,0.9358,5000,1.3286131576255515,0.9327731092436975,833,1.3357199731345375,0.9315,0.8034392964746473,0.08390506139624024,,,0.9353888107730663,,0.9354048491541589,0.06459515084584111,0.9709060420099647,0.39860550511437776,5,0.1,0.5,0.6059402729755584,0.6059584831616242,0.6026365239070874,0.6091014057036672,0.6160522173445195,0.6127566427314869,1.0,0.6037800622451029,0.6067727660643276,0.6034663392176559,0.6044830954567774,0.6127351179143691
4,7,0.2361932051267214,0.9278,5000,1.3420235006897538,0.9195678271308524,833,1.3462576774743418,0.9303,0.7923830506005285,0.08276262432797535,,,0.55,,0.5500125495708047,0.4499874504291953,0.9650224567167842,0.3950615253820535,5,0.1,0.5,0.6037944793637853,0.5928754409677328,0.5936273614457411,0.5899406767338946,0.6048194769097227,0.6003275308636944,0.6037800622451029,1.0,0.5950335353992781,0.5937738680887495,0.6038452423854413,0.6013844766863291
4,8,0.23298690218232262,0.93196,5000,1.3504559596379597,0.9399759903961584,833,1.3367215029347819,0.9312,0.7971158409307738,0.0833867720211105,,,0.7605494857317923,,0.7605692485317003,0.23943075146829973,0.970007059367934,0.3982268847707912,5,0.1,0.5,0.6056520111060899,0.5954387504135447,0.6066396882628947,0.5872389344764551,0.6125318670977078,0.6050017923987635,0.6067727660643276,0.5950335353992781,1.0,0.6063907750218038,0.5993103718560809,0.6051063074265822
4,9,0.23279022636829289,0.92984,5000,1.3521325764832672,0.9267707082833133,833,1.339370938154836,0.9308,0.7990352722098559,0.08319407173382716,,,0.6955441242858913,,0.6955624717634656,0.30443752823653436,0.968359217558944,0.39773832508253376,5,0.1,0.5,0.6022323113239549,0.6023333642620601,0.6035052568723502,0.599826485584078,0.6102675528736612,0.607807826257495,0.6034663392176559,0.5937738680887495,0.6063907750218038,1.0,0.6020124915072845,0.6138747751029588
4,10,0.22912563596893648,0.93384,5000,1.3310642065825287,0.9243697478991597,833,1.3358098177102427,0.9315,0.7967938791688961,0.0835645038207922,,,0.820505389491039,,0.820531097836454,0.17946890216354605,0.9705962257175152,0.39846032832737555,5,0.1,0.5,0.6050132843109669,0.5934503758682,0.6004197772064063,0.6007546280239231,0.6037731312425832,0.5964433252195211,0.6044830954567774,0.6038452423854413,0.5993103718560809,0.6020124915072845,1.0,0.6114533047309385
4,11,0.2389533208861093,0.92704,5000,1.3462038702434964,0.9303721488595438,833,1.3509209159844981,0.9304,0.8008243243575748,0.08306993338694332,,,0.6536673932117175,,0.6536820440740927,0.3463179559259073,0.9648944772936964,0.39724328334319675,5,0.1,0.5,0.5998969767512238,0.5958907833360679,0.6013855276780535,0.5995407452141528,0.6160870070477956,0.6064682479042506,0.6127351179143691,0.6013844766863291,0.6051063074265822,0.6138747751029588,0.6114533047309385,1.0
5,0,0.20543716279522867,0.9374,5000,1.1013741581528276,0.9412470023980816,834,1.0871670611750204,0.943,0.7852440457153627,0.08338859133756057,,,0.7560928908131402,,0.7561116409818784,0.24388835901812156,0.9687090836788889,0.3929827968589592,5,0.1,0.5,1.0,0.5785231904125727,0.5769281276886109,0.5739288671676743,0.597232042879924,0.5825096995453922,0.5942515336052715,0.5786782148365488,0.5819584519384451,0.5833524750744821,0.5810895650330762,0.5844922305456302
5,1,0.2153632474897109,0.9336,5000,1.0677808501102306,0.9520383693045563,834,1.0914548064192262,0.9424,0.781661298011065,0.08297425988334893,,,0.6431422059285314,,0.6431554640831284,0.3568445359168716,0.96652462934629,0.3918370666031415,5,0.1,0.5,0.5785231904125727,1.0,0.5793724497864355,0.5770206347753534,0.5919523519578264,0.5799005915513769,0.5887110520333259,0.5701622475472037,0.5739006117491713,0.5831398665115864,0.5756739676471986,0.5830105334514774
5,2,0.22365648096937474,0.93404,5000,1.0966941625983626,0.9460431654676259,834,1.0889604792427332,0.9425,0.7834153366904398,0.08313863817798357,,,0.6879532883853872,,0.6879674715124743,0.3120325284875257,0.9675324187377505,0.3924191304976708,5,0.1,0.5,0.5769281276886109,0.5793724497864355,1.0,0.5679064865203184,0.5914114664450707,0.5833452833552324,0.5839980835389277,0.5835203358992332,0.5897465857409986,0.5821906450335315,0.5752086752127858,0.58357626676047
5,3,0.22278044202667513,0.93224,5000,1.0689454696796559,0.9508393285371702,834,1.0984773706323423,0.9415,0.7773878003273491,0.08263259090037398,,,0.55,,0.5500125495708047,0.4499874504291953,0.9636389128510398,0.38980566946327,5,0.1,0.5,0.5739288671676743,0.5770206347753534,0.5679064865203184,1.0,0.5814687514344973,0.5842686238620391,0.5837609413453361,0.5705384192910535,0.5707154377225994,0.5792451849103011,0.5724961821834872,0.5812201263971514
5,4,0.20218272316284405,0.93888,5000,1.0717789000935025,0.929171668667467,833,1.0866986423635636,0.943,0.797388310651568,0.08413657377827657,,,0.9599999997273905,,0.9600020079313287,0.03999799206867127,0.9696205543604726,0.39340289222314956,5,0.1,0.5,0.597232042879924,0.5919523519578264,0.5914114664450707,0.5814687514344973,1.0,0.5941295150306797,0.6021726310028874,0.5902383620290408,0.5950815525669216,0.5929926466676473,0.5935367683005419,0.5951794940349537
5,5,0.20769479890075174,0.93708,5000,1.1173984783667106,0.9423769507803121,833,1.0871194029768434,0.9429,0.7885099571754857,0.08355631142369756,,,0.8018149773347225,,0.8018322373374831,0.1981677626625169,0.9691056934715377,0.39319346063788746,5,0.1,0.5,0.5825096995453922,0.5799005915513769,0.5833452833552324,0.5842686238620391,0.5941295150306797,1.0,0.5930026105802715,0.5824841305933849,0.5891940432826911,0.5837662118145596,0.5801095166075929,0.5908326807671449
5,6,0.2049168518753307,0.9394,5000,1.0807742101174813,0.9423769507803121,833,1.0868412280996766,0.943,0.7934689501224452,0.0839500316098457,,,0.9091468350208438,,0.9091611866874153,0.0908388133125847,0.9695657938718993,0.39338439644111617,5,0.1,0.5,0.5942515336052715,0.5887110520333259,0.5839980835389277,0.5837609413453361,0.6021726310028874,0.5930026105802715,1.0,0.5853605419971881,0.5886839233706974,0.5867944395640355,0.587034708955016,0.5949494381042358
5,7,0.21290162742659924,0.9334,5000,1.0945091644922893,0.9399759903961584,833,1.099488570286443,0.9413,0.7836510298716998,0.08284164349092311,,,0.606989719316278,,0.6070026605090106,0.39299733949098936,0.9634738844743154,0.391195797194932,5,0.1,0.5,0.5786782148365488,0.5701622475472037,0.5835203358992332,0.5705384192910535,0.5902383620290408,0.5824841305933849,0.5853605419971881,1.0,0.5843137456640081,0.5805446609576358,0.5885064179799693,0.5873290284529419
5,8,0.2115048039182546,0.9362,5000,1.1001136369175382,0.9495798319327731,833,1.0880594807691848,0.9427,0.7872391477851728,0.08338475556974977,,,0.7550472241207249,,0.7550675166909292,0.2449324833090708,0.9685669645476699,0.3929768033144915,5,0.1,0.5,0.5819584519384451,0.5739006117491713,0.5897465857409986,0.5707154377225994,0.5950815525669216,0.5891940432826911,0.5886839233706974,0.5843137456640081,1.0,0.5885582153930102,0.5850097386326084,0.5852301972532892
5,9,0.21969680942262815,0.935,5000,1.1070218174545854,0.9351740696278511,833,1.0908930583502918,0.9422,0.7876876536372769,0.08327179390413664,,,0.7242528024879622,,0.7242658501079263,0.2757341498920737,0.9678078150706365,0.39276344722600787,5,0.1,0.5,0.5833524750744821,0.5831398665115864,0.5821906450335315,0.5792451849103011,0.5929926466676473,0.5837662118145596,0.5867944395640355,0.5805446609576358,0.5885582153930102,1.0,0.5817440041907946,0.5953838648070445
5,10,0.2133810228780861,0.93544,5000,1.0820684145998072,0.936374549819928,833,1.0871082340566496,0.9428,0.7848349967858491,0.08341895746048734,,,0.7643709839846928,,0.7643792982280005,0.23562070177199945,0.9687963659862942,0.39302822083532296,5,0.1,0.5,0.5810895650330762,0.5756739676471986,0.5752086752127858,0.5724961821834872,0.5935367683005419,0.5801095166075929,0.587034708955016,0.5885064179799693,0.5850097386326084,0.5817440041907946,1.0,0.5884753324288943
5,11,0.21727019438763284,0.93364,5000,1.0962470416669492,0.9423769507803121,833,1.1023490912617204,0.9419,0.7910149588662265,0.08330585246361631,,,0.7335374888913444,,0.7335525325033884,0.26644746749661163,0.9669071606086977,0.3928353911711282,5,0.1,0.5,0.5844922305456302,0.5830105334514774,0.58357626676047,0.5812201263971514,0.5951794940349537,0.5908326807671449,0.5949494381042358,0.5873290284529419,0.5852301972532892,0.5953838648070445,0.5884753324288943,1.0
6,0,0.19276848947925931,0.94196,5000,0.8760665037013866,0.9496402877697842,834,0.8591885391515665,0.9483,0.7694779789700611,0.08328609594994144,,,0.7167476080901263,,0.7167662265950504,0.2832337734049496,0.9657571283031242,0.38522124584068834,5,0.1,0.5,1.0,0.5522138172723597,0.5634834725907855,0.5539222218624283,0.5580959407958928,0.5608669576351509,0.5604437098645146,0.5527069916951284,0.55525752164841,0.5489907193688363,0.5638494714127404,0.557064770042637
6,1,0.2013294759236134,0.94036,5000,0.8381524218453301,0.9580335731414868,834,0.8643335284897313,0.9484,0.7669252351740175,0.08291722925755206,,,0.5932028692140436,,0.5932182119371517,0.40678178806284826,0.962710646882786,0.3834489833855152,5,0.1,0.5,0.5522138172723597,1.0,0.5597695554789357,0.5546859112448154,0.5616741999847806,0.5527972746230817,0.5623183339784481,0.5481809313446993,0.5553450053210677,0.5505100465735941,0.5541876804306564,0.5537485259957905
6,2,0.20688966719706536,0.93764,5000,0.8686259344772056,0.9508393285371702,834,0.8608662651750607,0.9481,0.7738288105413862,0.08327200376052739,,,0.7120277027767105,,0.7120475879724913,0.28795241202750865,0.9650901202107603,0.3851812527979418,5,0.1,0.5,0.5634834725907855,0.5597695554789357,1.0,0.5582970121968044,0.5599785283316788,0.563691478596264,0.562511187639459,0.5557129846578733,0.5680339816027449,0.5588180803044475,0.562411735116979,0.5558430564834773
6,3,0.20676335834180284,0.938,5000,0.839586666336766,0.9544364508393285,834,0.8714798540353014,0.9475,0.7704288312649806,0.08281150152961224,,,0.5577914189264744,,0.5578033231263491,0.44219667687365094,0.9610992162642168,0.3825750147415596,5,0.1,0.5,0.5539222218624283,0.5546859112448154,0.5582970121968044,1.0,0.5652447943824279,0.563075954234798,0.5641025338779317,0.5456918296364516,0.5550493978881743,0.5592727177034741,0.5625803918016397,0.5576913891029289
6,4,0.1869645459767265,0.9418,5000,0.8454866652135495,0.9399759903961584,833,0.8580405045622073,0.9486,0.7757926116702019,0.08401237297243815,,,0.9599999996650694,,0.9600020079313287,0.03999799206867127,0.9675560532497521,0.38593668860171654,5,0.1,0.5,0.5580959407958928,0.5616741999847806,0.5599785283316788,0.5652447943824279,1.0,0.560000806757682,0.5725921917036311,0.5580280651038932,0.5635614631904132,0.5584989388716245,0.5599935433707975,0.563829748975685
6,5,0.19043973910438408,0.94072,5000,0.8887254971045034,0.9483793517406963,833,0.8585557935717768,0.9488,0.7733427087246304,0.08353559431548609,,,0.8003122428408431,,0.8003313086692435,0.1996686913307565,0.9668573902134142,0.38571266059067233,5,0.1,0.5,0.5608669576351509,0.5527972746230817,0.563691478596264,0.563075954234798,0.560000806757682,1.0,0.5678274997314458,0.5549227875460094,0.5667126699879894,0.552713408996259,0.5593905978751509,0.5598306897155216
6,6,0.19156024921092257,0.94464,5000,0.8527855232909873,0.9459783913565426,833,0.8581707410919018,0.9486,0.778697618596232,0.0839897529794104,,,0.9524238720567746,,0.9524371266502686,0.047562873349731416,0.9675122726747682,0.3859356260177421,5,0.1,0.5,0.5604437098645146,0.5623183339784481,0.562511187639459,0.5641025338779317,0.5725921917036311,0.5678274997314458,1.0,0.5589078096506452,0.5703420650265394,0.5602048105050708,0.5663481654839067,0.5637366413545876
6,7,0.1961030762541778,0.94104,5000,0.8667327187679432,0.9483793517406963,833,0.8726246267461929,0.9474,0.7657993709028156,0.08278823874274997,,,0.55,,0.5500125495708047,0.4499874504291953,0.9609158164984691,0.38235078499422476,5,0.1,0.5,0.5527069916951284,0.5481809313446993,0.5557129846578733,0.5456918296364516,0.5580280651038932,0.5549227875460094,0.5589078096506452,1.0,0.5520436445035222,0.5490101899656449,0.5631840491461123,0.5572948220256586
6,8,0.19366294673946538,0.94248,5000,0.8701144456863403,0.9507803121248499,833,0.8595748941738385,0.9481,0.7735514711498208,0.0834276486473163,,,0.7641579365236919,,0.764168465438482,0.23583153456151795,0.9663370719862234,0.38554909571335994,5,0.1,0.5,0.55525752164841,0.5553450053210677,0.5680339816027449,0.5550493978881743,0.5635614631904132,0.5667126699879894,0.5703420650265394,0.5520436445035222,1.0,0.5529151927735931,0.5674891903999272,0.5577842454403621
6,9,0.20282755384969103,0.93948,5000,0.881246476261704,0.9423769507803121,833,0.8630380537182378,0.9481,0.766938153808339,0.08311771025142045,,,0.6603500867539308,,0.6603684553988254,0.3396315446011746,0.9647596131035787,0.3846133507442938,5,0.1,0.5,0.5489907193688363,0.5505100465735941,0.5588180803044475,0.5592727177034741,0.5584989388716245,0.552713408996259,0.5602048105050708,0.5490101899656449,0.5529151927735931,1.0,0.5564355297588728,0.556666459169763
6,10,0.19541119794675688,0.94236,5000,0.8531847287107397,0.943577430972389,833,0.8585468389736578,0.9485,0.7755602715724034,0.08352171852726742,,,0.7956648169074506,,0.7956829476431906,0.20431705235680941,0.9665277323727347,0.38569508031623134,5,0.1,0.5,0.5638494714127404,0.5541876804306564,0.562411735116979,0.5625803918016397,0.5599935433707975,0.5593905978751509,0.5663481654839067,0.5631840491461123,0.5674891903999272,0.5564355297588728,1.0,0.5672875534776015
6,11,0.20589588670783743,0.9366,5000,0.8657676864553381,0.9471788715486195,833,0.8729074496430711,0.9477,0.7720119866417549,0.08332013306627817,,,0.7281476795432504,,0.7281612368856986,0.27183876311430144,0.9658421926886074,0.3853142786534762,5,0.1,0.5,0.557064770042637,0.5537485259957905,0.5558430564834773,0.5576913891029289,0.563829748975685,0.5598306897155216,0.5637366413545876,0.5572948220256586,0.5577842454403621,0.556666459169763,0.5672875534776015,1.0
7,0,0.1815519039109824,0.9458,5000,0.6810149550437927,0.9532374100719424,834,0.6624574367992413,0.9529,0.7458127805286122,0.08296258836970774,,,0.6335635161060095,,0.6335776316449977,0.3664223683550023,0.9617371647379609,0.3759545220286744,5,0.1,0.5,1.0,0.5219098181205796,0.5243848070934001,0.5139051709859964,0.5284009744560643,0.5276002467055352,0.5259293194731117,0.5180303512367262,0.533643814276512,0.5232627363945818,0.5201487371202277,0.5229811967661763
