round,client_id,client_i_training_loss,client_i_training_accuracy,client_i_training_dataset_size,client_i_evaluation_loss,client_i_evaluation_accuracy,client_i_evaluation_dataset_size,client_i_central_evaluation_loss,client_i_central_evaluation_accuracy,client_i_cosine_similarity,client_i_importance_coefficient,client_i_tanh_val,tanh_normalization_value,client_i_q,client_i_mask_order,client_i_v_nonzero_fraction,client_i_v_sparsity,client_i_v_cosine_similarity,client_i_reward_gradient_norm,local_epochs,learning_rate,gamma,client_0_cosine_similarity,client_1_cosine_similarity,client_2_cosine_similarity,client_3_cosine_similarity,client_4_cosine_similarity,client_5_cosine_similarity,client_6_cosine_similarity,client_7_cosine_similarity,client_8_cosine_similarity,client_9_cosine_similarity,client_10_cosine_similarity,client_11_cosine_similarity
0,0,0.37117874148734814,0.88368,5000,2.206373205891362,0.2997601918465228,834,2.2130270255640294,0.2886,0.7681072749027524,0.08183163276284029,,,0.65,,0.650002509914161,0.349997490085839,0,0.3899502500083623,5,0.1,0.5,1.0,0.5717121320772802,0.545707632682137,0.5674865651326152,0.5658682177895737,0.5667359648402008,0.5701952678510405,0.561727791175021,0.5688627852005271,0.5666660213382959,0.5680487816940709,0.5567775973471314
0,1,0.3475312579921476,0.89264,5000,2.206787215338813,0.2997601918465228,834,2.2123390744669367,0.2893,0.783156112694123,0.08343488664141722,,,0.8749662311382486,,0.8749711359871493,0.12502886401285074,0,0.3910674030205555,5,0.1,0.5,0.5717121320772802,1.0,0.5681495170205025,0.5716233350936947,0.5699210241832516,0.5797404000927714,0.5943349445588203,0.5664351720875405,0.5970755832095379,0.5866172766410989,0.5651463736220362,0.5802879309639168
0,2,0.35158113141063674,0.89112,5000,2.2175512843661838,0.2949640287769784,834,2.212477003804411,0.2899,0.7769503448726344,0.08277374446769702,,,0.7821957316834752,,0.7822097284272878,0.21779027157271225,0,0.39088980779643595,5,0.1,0.5,0.545707632682137,0.5681495170205025,1.0,0.5770561739041908,0.5593160448075927,0.5880164702962671,0.5904639308248267,0.5694739530434714,0.5675056061153019,0.5855720179251425,0.5746362130453118,0.5668960972444733
0,3,0.3488077452536791,0.89216,5000,2.2052811604958995,0.31654676258992803,834,2.2123781271255054,0.2895,0.7802164749471487,0.08312170726605375,,,0.8310213608421679,,0.8310426183424527,0.16895738165754726,0,0.3910119833590953,5,0.1,0.5,0.5674865651326152,0.5716233350936947,0.5770561739041908,1.0,0.5840267411431022,0.5839504445285929,0.5677362620699524,0.5804558543462034,0.5831465662970724,0.5734495532629117,0.5784369432243786,0.5560825322780445
0,4,0.328493366585036,0.8956,5000,2.2207287240911415,0.2725090036014406,833,2.212362594878712,0.2892,0.7812785564097157,0.08323485794571629,,,0.8468984981406021,,0.8469102956678881,0.1530897043321119,0,0.39103631326228644,5,0.1,0.5,0.5658682177895737,0.5699210241832516,0.5593160448075927,0.5840267411431022,1.0,0.58985982575323,0.5672126338158814,0.5816689333307142,0.5926225417748817,0.5747128132298663,0.5735085309019028,0.5747028188241566
0,5,0.35113104916738264,0.88948,5000,2.2188456058502197,0.28811524609843936,833,2.2123325236689166,0.2893,0.7894354685554582,0.08410386864382961,,,0.9688368038485531,,0.9688469454344661,0.031153054565533855,0,0.3911010709502312,5,0.1,0.5,0.5667359648402008,0.5797404000927714,0.5880164702962671,0.5839504445285929,0.58985982575323,1.0,0.5832541645061896,0.5820977666043076,0.5902119095970267,0.590943004056008,0.5746868705501288,0.5804876307979715
0,6,0.3359857769884691,0.89372,5000,2.2127780561093933,0.28691476590636256,833,2.212330911106195,0.2893,0.7901822167458633,0.08418342474970204,,,0.9799999998596814,,0.9800010039656644,0.019998996034335637,0,0.3911013541549028,5,0.1,0.5,0.5701952678510405,0.5943349445588203,0.5904639308248267,0.5677362620699524,0.5672126338158814,0.5832541645061896,1.0,0.5947243388987816,0.5756268513019134,0.591937125068587,0.5985504240292479,0.5829578112145218
0,7,0.35139359367572387,0.89168,5000,2.211451194904469,0.2773109243697479,833,2.212336850242493,0.2894,0.784815655583398,0.08361168890420861,,,0.8997748651595786,,0.8997791275538377,0.10022087244616229,0,0.39108494036866204,5,0.1,0.5,0.561727791175021,0.5664351720875405,0.5694739530434714,0.5804558543462034,0.5816689333307142,0.5820977666043076,0.5947243388987816,1.0,0.5840178916529503,0.585177969346209,0.584675996591252,0.576165214962246
0,8,0.35003050263306706,0.89112,5000,2.2235817820937545,0.2653061224489796,833,2.2123435236775455,0.2896,0.7856832833641756,0.08370412312564,,,0.9127450994446661,,0.9127604035941971,0.08723959640580292,0,0.39109140852025936,5,0.1,0.5,0.5688627852005271,0.5970755832095379,0.5675056061153019,0.5831465662970724,0.5926225417748817,0.5902119095970267,0.5756268513019134,0.5840178916529503,1.0,0.5715763938841566,0.5584724727975627,0.5856462085444379
0,9,0.34699035991683225,0.89152,5000,2.2103977821491383,0.297719087635054,833,2.2123291088750188,0.2896,0.7874402360622275,0.08389130311034575,,,0.9390099201735844,,0.9390241453742282,0.06097585462577182,0,0.3910985023509421,5,0.1,0.5,0.5666660213382959,0.5866172766410989,0.5855720179251425,0.5734495532629117,0.5747128132298663,0.590943004056008,0.591937125068587,0.585177969346209,0.5715763938841566,1.0,0.5920194289196409,0.5725847263273187
0,10,0.35487732809203065,0.88896,5000,2.218781100379096,0.2797118847539016,833,2.2123565361522637,0.2892,0.7814805287544316,0.08325637541766465,,,0.849917798223095,,0.8499272124893329,0.1500727875106671,0,0.39104037379542544,5,0.1,0.5,0.5680487816940709,0.5651463736220362,0.5746362130453118,0.5784369432243786,0.5735085309019028,0.5746868705501288,0.5985504240292479,0.584675996591252,0.5584724727975627,0.5920194289196409,1.0,0.5671338948557384
0,11,0.34968872068770185,0.89056,5000,2.2086054307443126,0.2929171668667467,833,2.2124420636759017,0.2899,0.7776885175348074,0.08285238696488487,,,0.7932307314648914,,0.7932433110787611,0.20675668892123888,0,0.39092494643218784,5,0.1,0.5,0.5567775973471314,0.5802879309639168,0.5668960972444733,0.5560825322780445,0.5747028188241566,0.5804876307979715,0.5829578112145218,0.576165214962246,0.5856462085444379,0.5725847263273187,0.5671338948557384,1.0
1,0,0.3168840780949137,0.89956,5000,2.0475912623935275,0.6810551558752997,834,2.057773812510335,0.6539,0.8059501448097987,0.08221219143160279,,,0.65,,0.650002509914161,0.349997490085839,0.9537302270319648,0.40346091650610755,5,0.1,0.5,1.0,0.621620226014536,0.624199048049172,0.6106499154254006,0.6218781208941676,0.6169005854802602,0.6241613128118172,0.6184530622705501,0.6313533215727527,0.626455202195948,0.6187890748039411,0.6224401897862301
1,1,0.30824025425715906,0.9052,5000,2.050675250865795,0.6870503597122302,834,2.0559152547543804,0.6571,0.8121722334234124,0.08348969363631537,,,0.8812539686528671,,0.8812710205310978,0.11872897946890215,0.9568725414052704,0.4047760147917077,5,0.1,0.5,0.621620226014536,1.0,0.6282537177615132,0.6221193018185602,0.6336601813936978,0.6297891185096113,0.6353834854807265,0.6147645545108935,0.6319075688821396,0.6221947477379709,0.6209341396589604,0.6293604318620211
1,2,0.3052212091957688,0.90608,5000,2.064574886251379,0.6366906474820144,834,2.0561491049135836,0.656,0.8127483775982615,0.08307230152380018,,,0.8056974786934186,,0.8057175844586115,0.19428241554138848,0.9563575283500502,0.4046439016922375,5,0.1,0.5,0.624199048049172,0.6282537177615132,1.0,0.6265641795074092,0.6235277485778651,0.6357420007816362,0.6287288151977131,0.6181131664276143,0.6226625275542614,0.6322750665213291,0.6261254016931632,0.6323859472718165
1,3,0.30895662497444326,0.90648,5000,2.0471564487174705,0.6822541966426858,834,2.0560083377856415,0.6565,0.806383337568718,0.0830808771884038,,,0.8072498489876592,,0.8072636915817479,0.19273630841825207,0.956586332522489,0.4046482787435822,5,0.1,0.5,0.6106499154254006,0.6221193018185602,0.6265641795074092,1.0,0.6218651216165488,0.6129980134723569,0.625667558684686,0.6131072155768182,0.6201045611516979,0.6246254170595046,0.6276922420925884,0.6298548408453878
1,4,0.28951287582326846,0.9104,5000,2.0645470089382596,0.6362545018007203,833,2.055954295606278,0.6569,0.8098575058168181,0.08327673176760966,,,0.8427035245688942,,0.8427187390191255,0.15728126098087447,0.9567344769013929,0.4047278006137662,5,0.1,0.5,0.6218781208941676,0.6336601813936978,0.6235277485778651,0.6218651216165488,1.0,0.6203128015515699,0.6284801672276189,0.6183301148219602,0.6261790916939814,0.6208802915727404,0.629894318356579,0.6234974428118094
1,5,0.30741390459073387,0.9032,5000,2.0613096908286765,0.6626650660264105,833,2.0558915941859968,0.6575,0.8088016249574059,0.08381495703326816,,,0.9401332810527782,,0.9401536067466493,0.05984639325335073,0.9569949048397279,0.4048049105609513,5,0.1,0.5,0.6169005854802602,0.6297891185096113,0.6357420007816362,0.6129980134723569,0.6203128015515699,1.0,0.6200102775273906,0.6122604689269944,0.6248007555470477,0.6304045461035713,0.622837534441343,0.6282762011730322
1,6,0.2913135313799688,0.9124,5000,2.059226972085458,0.6698679471788715,833,2.0558716492911877,0.6574,0.8136141329657898,0.08403519031797745,,,0.9799999998189797,,0.9800010039656644,0.019998996034335637,0.9569995966132793,0.40480866400283483,5,0.1,0.5,0.6241613128118172,0.6353834854807265,0.6287288151977131,0.625667558684686,0.6284801672276189,0.6200102775273906,1.0,0.6210446835438201,0.6262431017606578,0.632018918710789,0.6295431322087699,0.6295291781437423
1,7,0.3061788228298923,0.9042,5000,2.0543246578287193,0.6422569027611045,833,2.055933030649496,0.657,0.8008253809471553,0.08321152841119109,,,0.8309003864720208,,0.8309221424627278,0.16907785753727222,0.9567492455292194,0.4047056959044214,5,0.1,0.5,0.6184530622705501,0.6147645545108935,0.6181131664276143,0.6131072155768182,0.6183301148219602,0.6122604689269944,0.6210446835438201,1.0,0.6184437355720628,0.6206339061006195,0.6091753066695205,0.6147217907913323
1,8,0.30413219609125786,0.90756,5000,2.0676549275716147,0.6302521008403361,833,2.0559080667769947,0.6572,0.811074718055478,0.08362961806684911,,,0.9065831459748754,,0.9066060940715828,0.09339390592841723,0.9569628308390834,0.4047933314148185,5,0.1,0.5,0.6313533215727527,0.6319075688821396,0.6226625275542614,0.6201045611516979,0.6261790916939814,0.6248007555470477,0.6262431017606578,0.6184437355720628,1.0,0.6236825229679458,0.6183978299684773,0.6346294834411499
1,9,0.30345263547815715,0.9064,5000,2.0531034734514026,0.6554621848739496,833,2.0558865329328055,0.6573,0.8126472417793943,0.08380823141891364,,,0.9389158076070376,,0.9389237488077907,0.061076251192209274,0.9569956608775128,0.40480464001037647,5,0.1,0.5,0.626455202195948,0.6221947477379709,0.6322750665213291,0.6246254170595046,0.6208802915727404,0.6304045461035713,0.632018918710789,0.6206339061006195,0.6236825229679458,1.0,0.6285343542880151,0.6309956419414804
1,10,0.31143737942051547,0.90232,5000,2.0638003084394665,0.6470588235294118,833,2.0559530825660635,0.6569,0.8084718747872564,0.08324271514076978,,,0.8365458209438922,,0.8365644294965112,0.16343557050348878,0.9567222178888756,0.4047170665870396,5,0.1,0.5,0.6187890748039411,0.6209341396589604,0.6261254016931632,0.6276922420925884,0.629894318356579,0.622837534441343,0.6295431322087699,0.6091753066695205,0.6183978299684773,0.6285343542880151,1.0,0.6229934656587378
1,11,0.304820260463674,0.90616,5000,2.0494326529679476,0.6482593037214885,833,2.05608118837253,0.6563,0.8127951083088695,0.08312596406329892,,,0.8154114934178514,,0.8154309522614327,0.1845690477385673,0.9564353560233965,0.40467017396406585,5,0.1,0.5,0.6224401897862301,0.6293604318620211,0.6323859472718165,0.6298548408453878,0.6234974428118094,0.6282762011730322,0.6295291781437423,0.6147217907913323,0.6346294834411499,0.6309956419414804,0.6229934656587378,1.0
2,0,0.28254371569106346,0.91304,5000,1.8484668775841042,0.8609112709832134,834,1.862674088904652,0.8469,0.8151368991979264,0.08265130437611944,,,0.65,,0.650002509914161,0.349997490085839,0.9654016062309604,0.40525796513941914,5,0.1,0.5,1.0,0.6272034635867489,0.6313954741762795,0.6248496018160845,0.6320100405883028,0.6371424048468413,0.6300657777982641,0.6364782495934409,0.6332710730651172,0.6365898568628671,0.6331989610410925,0.6396015167454179
2,1,0.27771713785755975,0.91732,5000,1.8556983117704038,0.854916067146283,834,1.859262419584841,0.8505,0.8090260020093951,0.08328276302163398,,,0.8259080203500999,,0.8259274132824658,0.17407258671753423,0.9682645779198245,0.4065962694363509,5,0.1,0.5,0.6272034635867489,1.0,0.6298582982864364,0.6225746946083762,0.6299231321745754,0.6278646309114628,0.6286149647013323,0.6233321316999505,0.6292039378895311,0.6280612344609802,0.6199817652804771,0.6298802097751138
2,2,0.28117621135512355,0.91596,5000,1.8704947144896895,0.8585131894484412,834,1.8596032275178562,0.8492,0.8132425969040823,0.08315363672057184,,,0.7899367779634139,,0.7899452838712916,0.2100547161287084,0.9679450275501279,0.40647827666955755,5,0.1,0.5,0.6313954741762795,0.6298582982864364,1.0,0.6240719945941388,0.6268197770760774,0.6436032945426914,0.6267369215035747,0.6241257896085303,0.6310385745033423,0.6329251930943731,0.6256325991209846,0.6432945148317977
2,3,0.27882410423106446,0.91584,5000,1.8486741737083152,0.8633093525179856,834,1.859639360881842,0.8494,0.8083809582891761,0.08299026851190733,,,0.7444266271745217,,0.7444405401335275,0.25555945986647255,0.9674563524741057,0.40623820288044726,5,0.1,0.5,0.6248496018160845,0.6225746946083762,0.6240719945941388,1.0,0.6319210928058644,0.6246191368715299,0.6147012000196179,0.6260985115367385,0.6304375364068461,0.634214293808213,0.6282533563368173,0.630374394150609
2,4,0.2545201116567774,0.92252,5000,1.8679797031261303,0.843937575030012,833,1.8592717297160968,0.8506,0.8134223535082169,0.08329493474485988,,,0.8292987471255214,,0.829310777571407,0.17068922242859297,0.968226854580147,0.40660478734954775,5,0.1,0.5,0.6320100405883028,0.6299231321745754,0.6268197770760774,0.6319210928058644,1.0,0.6297135618038252,0.6283995619111314,0.6370389452048583,0.6270628388245726,0.6317475454677304,0.6324527445427935,0.6333730480726592
2,5,0.28004701875007837,0.91472,5000,1.8627962006462946,0.8571428571428571,833,1.8590593905494617,0.8506,0.8168278828454938,0.08376889643895433,,,0.9613321968568113,,0.9613473219215903,0.038652678078409664,0.9685230339683312,0.40672437034846237,5,0.1,0.5,0.6371424048468413,0.6278646309114628,0.6436032945426914,0.6246191368715299,0.6297135618038252,1.0,0.6326906762427236,0.6378379167879991,0.6302164494622748,0.6422194074095219,0.6270824519567125,0.6383275644709663
2,6,0.2630617156079051,0.91972,5000,1.8653949587433427,0.851140456182473,833,1.8590386679378181,0.8509,0.8110857558214424,0.0837147372618733,,,0.9462448531458845,,0.9462627378143668,0.05373726218563324,0.9685288225334026,0.406722330265255,5,0.1,0.5,0.6300657777982641,0.6286149647013323,0.6267369215035747,0.6147012000196179,0.6283995619111314,0.6326906762427236,1.0,0.6334422754147959,0.6264662889113792,0.6315035954275879,0.6277856178912126,0.6337656319388183
2,7,0.27745663509437235,0.9172,5000,1.857103422836021,0.8427370948379351,833,1.8592627456013007,0.8499,0.8141955882627904,0.0832787453813156,,,0.8247888098366252,,0.8247979519100447,0.17520204808995532,0.9681934030018453,0.40659358139713314,5,0.1,0.5,0.6364782495934409,0.6233321316999505,0.6241257896085303,0.6260985115367385,0.6370389452048583,0.6378379167879991,0.6334422754147959,1.0,0.6271463120672063,0.6359072219235251,0.6283356874094564,0.6384923621561909
2,8,0.2745003521157678,0.91748,5000,1.8715795278549194,0.8355342136854742,833,1.8591865952403401,0.8508,0.8114325273207145,0.08345887011999112,,,0.8749668957992771,,0.8749711359871493,0.12502886401285074,0.9684532826201885,0.40668231251851816,5,0.1,0.5,0.6332710730651172,0.6292039378895311,0.6310385745033423,0.6304375364068461,0.6270628388245726,0.6302164494622748,0.6264662889113792,0.6271463120672063,1.0,0.6376550095166227,0.6165201108233278,0.6304089945750323
2,9,0.2728735111523301,0.91676,5000,1.856363194960135,0.8379351740696278,833,1.85904744067512,0.8506,0.8188830290684127,0.08383590842333208,,,0.9799999997214259,,0.9800010039656644,0.019998996034335637,0.9685241255605281,0.4067253631976121,5,0.1,0.5,0.6365898568628671,0.6280612344609802,0.6329251930943731,0.634214293808213,0.6317475454677304,0.6422194074095219,0.6315035954275879,0.6359072219235251,0.6376550095166227,1.0,0.639225214743077,0.6413495895809375
2,10,0.28059303405320946,0.91452,5000,1.8694487589376945,0.8307322929171669,833,1.8593354590784628,0.8501,0.8107973511211058,0.08318119492366409,,,0.7976137794342121,,0.7976256212037548,0.2023743787962452,0.9680814762111887,0.4065086702830503,5,0.1,0.5,0.6331989610410925,0.6199817652804771,0.6256325991209846,0.6282533563368173,0.6324527445427935,0.6270824519567125,0.6277856178912126,0.6283356874094564,0.6165201108233278,0.639225214743077,1.0,0.6365503418268247
2,11,0.2769823466617448,0.91508,5000,1.8518874733536332,0.8643457382953181,833,1.859414232805514,0.8494,0.8189849140223616,0.08338874007577705,,,0.8554304822393539,,0.8554490236433914,0.14455097635660863,0.9681676099020923,0.4066564133330163,5,0.1,0.5,0.6396015167454179,0.6298802097751138,0.6432945148317977,0.630374394150609,0.6333730480726592,0.6383275644709663,0.6337656319388183,0.6384923621561909,0.6304089945750323,0.6413495895809375,0.6365503418268247,1.0
3,0,0.2581206428624132,0.92236,5000,1.6150011442325733,0.9220623501199041,834,1.633793350987541,0.9086,0.8115566288174431,0.08296982211103718,,,0.98,,0.9800010039656644,0.019998996034335637,0.9670572469850872,0.40451823911011175,5,0.1,0.5,1.0,0.6186644421473574,0.6238543552818253,0.6246361472751663,0.6252243557861591,0.6319924898418491,0.6330442936530656,0.62468488772881,0.6262201900679096,0.6243580351315898,0.6253716401026841,0.6238921322634545
3,1,0.2449972538016499,0.926,5000,1.627772370974223,0.9064748201438849,834,1.6296497507217211,0.9101,0.8008782201108017,0.08301577748444498,,,0.98,,0.9800010039656644,0.019998996034335637,0.9705268343264092,0.40451823911011175,5,0.1,0.5,0.6186644421473574,1.0,0.627624613892219,0.6151890310526893,0.6170397229301874,0.6219989501231333,0.6194190518195808,0.6120988058991254,0.6168774612186179,0.6054083104324498,0.609150306759656,0.6120903769520672
3,2,0.24991772941367071,0.92608,5000,1.6421582919579965,0.920863309352518,834,1.630040179807157,0.9094,0.8127134235645662,0.08334257387452844,,,0.98,,0.9800010039656644,0.019998996034335637,0.9702693361957876,0.40451823911011175,5,0.1,0.5,0.6238543552818253,0.627624613892219,1.0,0.6246038095064278,0.6226573643941515,0.6397522344897872,0.6256545159149657,0.6243956273227118,0.6198571857802448,0.6276487745911209,0.6273229736963375,0.6275228686966544
3,3,0.2534368916616366,0.92464,5000,1.6173210585558857,0.9088729016786571,834,1.630086045676527,0.9093,0.8061427769627728,0.08300557702873684,,,0.98,,0.9800010039656644,0.019998996034335637,0.9695930518091014,0.40451823911011175,5,0.1,0.5,0.6246361472751663,0.6151890310526893,0.6246038095064278,1.0,0.618128369714935,0.6251399228669442,0.6188890866080192,0.616364828911269,0.6151812642500001,0.6208886005794846,0.6269231145071283,0.6220449045408067
3,4,0.2286896991401104,0.931,5000,1.6381663658000805,0.9051620648259304,833,1.6296444285791902,0.9101,0.811483831785847,0.08339325835482063,,,0.98,,0.9800010039656644,0.019998996034335637,0.970557067250625,0.40451823911011175,5,0.1,0.5,0.6252243557861591,0.6170397229301874,0.6226573643941515,0.618128369714935,1.0,0.6341386862990975,0.6274004047646466,0.623766194848549,0.6284969316324468,0.6276394288910753,0.6295588904911952,0.6242590902285574
3,5,0.2538155305145937,0.923,5000,1.6317788671564173,0.9159663865546218,833,1.629387015351853,0.9099,0.8178654824296292,0.08392923107165033,,,0.98,,0.9800010039656644,0.019998996034335637,0.9708952322776099,0.40451823911011175,5,0.1,0.5,0.6319924898418491,0.6219989501231333,0.6397522344897872,0.6251399228669442,0.6341386862990975,1.0,0.6332465733740817,0.625724566662513,0.6296434294629747,0.6375123049359609,0.634864543625693,0.6242178858539092
3,6,0.23412854512263634,0.93056,5000,1.6384607641785234,0.9315726290516206,833,1.6293614371516072,0.9099,0.8115599558483181,0.0836737466424241,,,0.98,,0.9800010039656644,0.019998996034335637,0.9708872969922517,0.40451823911011175,5,0.1,0.5,0.6330442936530656,0.6194190518195808,0.6256545159149657,0.6188890866080192,0.6274004047646466,0.6332465733740817,1.0,0.6238827371559146,0.6266205383172072,0.622716004530878,0.6265499169547915,0.6198580733289186
3,7,0.25340441199505975,0.92448,5000,1.6276513161482635,0.8979591836734694,833,1.6296421415127886,0.9101,0.805676711305146,0.08318026435576308,,,0.98,,0.9800010039656644,0.019998996034335637,0.9705234421903701,0.40451823911011175,5,0.1,0.5,0.62468488772881,0.6120988058991254,0.6243956273227118,0.616364828911269,0.623766194848549,0.625724566662513,0.6238827371559146,1.0,0.6168041354831117,0.6181893799993966,0.617576392509319,0.6186225087149849
3,8,0.2545920117135355,0.92464,5000,1.6440110780574657,0.9027611044417767,833,1.6295438635463533,0.9101,0.8061457799693937,0.08331581484852588,,,0.98,,0.9800010039656644,0.019998996034335637,0.9707869501275574,0.40451823911011175,5,0.1,0.5,0.6262201900679096,0.6168774612186179,0.6198571857802448,0.6151812642500001,0.6284969316324468,0.6296434294629747,0.6266205383172072,0.6168041354831117,1.0,0.6138000802836507,0.6171677596634925,0.6151647373444858
3,9,0.2468917016580606,0.92516,5000,1.6262727446026273,0.8991596638655462,833,1.6293733066644152,0.9099,0.8085126255351321,0.08364779333026116,,,0.98,,0.9800010039656644,0.019998996034335637,0.9708984333550563,0.40451823911011175,5,0.1,0.5,0.6243580351315898,0.6054083104324498,0.6276487745911209,0.6208886005794846,0.6276394288910753,0.6375123049359609,0.622716004530878,0.6181893799993966,0.6138000802836507,1.0,0.6279989034055727,0.6209162376821578
3,10,0.25004315292284746,0.92524,5000,1.6416028119899608,0.8991596638655462,833,1.6297341737503441,0.9096,0.8096376260631883,0.08325367337742835,,,0.98,,0.9800010039656644,0.019998996034335637,0.9703225313355737,0.40451823911011175,5,0.1,0.5,0.6253716401026841,0.609150306759656,0.6273229736963375,0.6269231145071283,0.6295588904911952,0.634864543625693,0.6265499169547915,0.617576392509319,0.6171677596634925,0.6279989034055727,1.0,0.6184643080277663
3,11,0.2508428720757365,0.92512,5000,1.6225756230177704,0.9123649459783914,833,1.6297988057517396,0.9098,0.8062338180758438,0.08327246752037917,,,0.98,,0.9800010039656644,0.019998996034335637,0.9707008127744086,0.40451823911011175,5,0.1,0.5,0.6238921322634545,0.6120903769520672,0.6275228686966544,0.6220449045408067,0.6242590902285574,0.6242178858539092,0.6198580733289186,0.6186225087149849,0.6151647373444858,0.6209162376821578,0.6184643080277663,1.0
4,0,0.23828479226168459,0.92928,5000,1.3611298313847295,0.9388489208633094,834,1.384210862290745,0.9334,0.799129596958122,0.08302413302566711,,,0.98,,0.9800010039656644,0.019998996034335637,0.9710677363192002,0.40053791030257657,5,0.1,0.5,1.0,0.6039358886742423,0.61031317683235,0.6040596262155161,0.609235616346202,0.6039040107998034,0.6114877997242809,0.606462459949376,0.6090066707818172,0.605412769479531,0.6048499075156721,0.6149975314471237
4,1,0.2283448002016421,0.93172,5000,1.3801451965614602,0.9244604316546763,834,1.3795536806027349,0.9336,0.7973379927464437,0.08299203372606483,,,0.98,,0.9800010039656644,0.019998996034335637,0.9710677363192002,0.40053791030257657,5,0.1,0.5,0.6039358886742423,1.0,0.6121588383722198,0.6018925750352971,0.604735565016554,0.6074684369724765,0.6062381559073489,0.6041956324289814,0.6079305532027794,0.6050366197494476,0.6054355569523812,0.6071790338356339
4,2,0.23391116419213878,0.92976,5000,1.3915328670431066,0.9436450839328537,834,1.379963899191957,0.9335,0.8054754025526923,0.08349343593998418,,,0.98,,0.9800010039656644,0.019998996034335637,0.9710677363192002,0.40053791030257657,5,0.1,0.5,0.61031317683235,0.6121588383722198,1.0,0.612115932323772,0.6141876337379374,0.6322651278421131,0.6100123541723086,0.6003093053759608,0.609759938096983,0.617689046358233,0.6097466514798968,0.6141753485439112
4,3,0.23218369527191968,0.93156,5000,1.3663143361056294,0.9364508393285371,834,1.3800099029327735,0.9334,0.7979675696986757,0.0830072635423626,,,0.98,,0.9800010039656644,0.019998996034335637,0.9710677363192002,0.40053791030257657,5,0.1,0.5,0.6040596262155161,0.6018925750352971,0.612115932323772,1.0,0.608226220602941,0.6054621524727087,0.6060876842860978,0.6074044369416703,0.6013863323466813,0.609983238514258,0.6087479179401466,0.6069433740611309
4,4,0.2099938665237871,0.93468,5000,1.3870606775637027,0.9351740696278511,833,1.379535005496333,0.9336,0.8039353559539891,0.08347326871864712,,,0.98,,0.9800010039656644,0.019998996034335637,0.9710677363192002,0.40053791030257657,5,0.1,0.5,0.609235616346202,0.604735565016554,0.6141876337379374,0.608226220602941,1.0,0.6120368594093724,0.6164773886655798,0.615514203894638,0.6107716430627917,0.6124448134568398,0.6200079091560107,0.6041768862126874
4,5,0.23029501106127337,0.93096,5000,1.3787301646338568,0.9387755102040817,833,1.3792477446242262,0.9338,0.8035990359889256,0.08381742056538986,,,0.98,,0.9800010039656644,0.019998996034335637,0.9710677363192002,0.40053791030257657,5,0.1,0.5,0.6039040107998034,0.6074684369724765,0.6322651278421131,0.6054621524727087,0.6120368594093724,1.0,0.6115215403223231,0.6100473617562656,0.6089017019487707,0.6148481960489369,0.6088655208111559,0.6067318006003156
4,6,0.21866377429431602,0.93692,5000,1.391903660915516,0.943577430972389,833,1.3792197064469798,0.9338,0.8018839973421401,0.08358782983444461,,,0.98,,0.9800010039656644,0.019998996034335637,0.9710677363192002,0.40053791030257657,5,0.1,0.5,0.6114877997242809,0.6062381559073489,0.6100123541723086,0.6060876842860978,0.6164773886655798,0.6115215403223231,1.0,0.6097075599044797,0.6102906768408919,0.6103002408375503,0.6090702559524908,0.6056098915881005
4,7,0.2288998856023844,0.93372,5000,1.37812990170938,0.936374549819928,833,1.3795326974826119,0.9335,0.7999806519000993,0.08319361839052973,,,0.98,,0.9800010039656644,0.019998996034335637,0.9710677363192002,0.40053791030257657,5,0.1,0.5,0.606462459949376,0.6041956324289814,0.6003093053759608,0.6074044369416703,0.615514203894638,0.6100473617562656,0.6097075599044797,1.0,0.605223860818167,0.6138752922575691,0.6133932066699199,0.6046614251586642
4,8,0.2270507058401586,0.93188,5000,1.3951752450731065,0.9279711884753902,833,1.3794235714708274,0.9336,0.7982388513255211,0.08322275421885007,,,0.98,,0.9800010039656644,0.019998996034335637,0.9710677363192002,0.40053791030257657,5,0.1,0.5,0.6090066707818172,0.6079305532027794,0.609759938096983,0.6013863323466813,0.6107716430627917,0.6089017019487707,0.6102906768408919,0.605223860818167,1.0,0.6087589613100917,0.5981921692541885,0.6031998678033296
4,9,0.23288226758195146,0.93112,5000,1.3769993782043457,0.9267707082833133,833,1.379232707115027,0.9338,0.8040513587252688,0.08364634372066668,,,0.98,,0.9800010039656644,0.019998996034335637,0.9710677363192002,0.40053791030257657,5,0.1,0.5,0.605412769479531,0.6050366197494476,0.617689046358233,0.609983238514258,0.6124448134568398,0.6148481960489369,0.6103002408375503,0.6138752922575691,0.6087589613100917,1.0,0.6171265148592721,0.6122662650806725
4,10,0.23196164862531576,0.93052,5000,1.3932015807540328,0.9183673469387755,833,1.3796423795505073,0.9335,0.8014258557650211,0.08329287366533938,,,0.98,,0.9800010039656644,0.019998996034335637,0.9710677363192002,0.40053791030257657,5,0.1,0.5,0.6048499075156721,0.6054355569523812,0.6097466514798968,0.6087479179401466,0.6200079091560107,0.6088655208111559,0.6090702559524908,0.6133932066699199,0.5981921692541885,0.6171265148592721,1.0,0.6089102921031095
4,11,0.22663333209077263,0.93124,5000,1.373228508013266,0.9303721488595438,833,1.3796888125209381,0.9337,0.7998141222568174,0.08324902465205399,,,0.98,,0.9800010039656644,0.019998996034335637,0.9710677363192002,0.40053791030257657,5,0.1,0.5,0.6149975314471237,0.6071790338356339,0.6141753485439112,0.6069433740611309,0.6041768862126874,0.6067318006003156,0.6056098915881005,0.6046614251586642,0.6031998678033296,0.6122662650806725,0.6089102921031095,1.0
5,0,0.2213289407811537,0.93308,5000,1.110445581100605,0.9508393285371702,834,1.1373058010975774,0.9444,0.7841806278930963,0.08305329334804148,,,0.6975197192085097,,0.6975352642939612,0.3024647357060388,0.9678142909224102,0.39213658270468676,5,0.1,0.5,1.0,0.5747625512347909,0.5803017834641342,0.5723375140967045,0.5767280740687268,0.587703866234633,0.5897283875244946,0.5810423496107033,0.5846113045868738,0.5826117360149798,0.5847506456945006,0.5858863834843868
5,1,0.21015059904308075,0.93872,5000,1.1356960402594671,0.9448441247002398,834,1.1332703609816945,0.9449,0.7805604344621657,0.08290453138134905,,,0.65,,0.650002509914161,0.349997490085839,0.966255028547188,0.39148371676067883,5,0.1,0.5,0.5747625512347909,1.0,0.5826928071544917,0.5768580069306561,0.5812766728785934,0.5841732464749165,0.5825497406614967,0.5677023226108231,0.5775190160603302,0.5831306182441651,0.5732501680172206,0.5825606809094653
5,2,0.21272517385044296,0.93644,5000,1.1412023195513972,0.9520383693045563,834,1.1317077440956531,0.9452,0.7877414690447432,0.08349210106428291,,,0.8376900861775883,,0.837703930525576,0.162296069474424,0.9700182027178585,0.3930125670768479,5,0.1,0.5,0.5803017834641342,0.5826928071544917,1.0,0.5799064536886412,0.5816530886516658,0.595727124190966,0.5849704998697123,0.5821055975614274,0.5792823347065646,0.5935573276769707,0.5844007656669903,0.5870774267301648
5,3,0.21837828115672822,0.93572,5000,1.1200993259747822,0.9520383693045563,834,1.1333994730212056,0.9451,0.7822349555315031,0.0829735966874646,,,0.67206184837853,,0.6720797148737513,0.3279202851262487,0.9670366001074576,0.3918192713368743,5,0.1,0.5,0.5723375140967045,0.5768580069306561,0.5799064536886412,1.0,0.589831334836241,0.5891902562648224,0.5710309547236424,0.5758696981568445,0.5730853385107751,0.5873052821098521,0.5848624658199836,0.5819060230491844
5,4,0.19738746582512642,0.9404,5000,1.1367835071351793,0.9471788715486195,833,1.1312195744377356,0.9452,0.7890785294280354,0.08352564689164287,,,0.8484057840955783,,0.8484212639927714,0.1515787360072286,0.970070410670835,0.3930374340211386,5,0.1,0.5,0.5767280740687268,0.5812766728785934,0.5816530886516658,0.589831334836241,1.0,0.5949885786765627,0.5800407808474562,0.5902235297399063,0.5860933823084823,0.5884636155618578,0.5884658132406286,0.5867097319118666
5,5,0.2138717470738064,0.9358,5000,1.1271906428866916,0.9423769507803121,833,1.1308297014084105,0.9452,0.7942538144774725,0.08393760669784191,,,0.9799999996805654,,0.9800010039656644,0.019998996034335637,0.9703102590075269,0.393139507650901,5,0.1,0.5,0.587703866234633,0.5841732464749165,0.595727124190966,0.5891902562648224,0.5949885786765627,1.0,0.5860621804340762,0.5870859882319772,0.5929228816635526,0.5981327182174749,0.587257866087048,0.5883611023265695
5,6,0.19992869257938806,0.94076,5000,1.1462565395567152,0.9507803121248499,833,1.1309789221126811,0.9452,0.7855566984599139,0.0834783404354099,,,0.8332944652086216,,0.8333065609156167,0.16669343908438328,0.969998976790946,0.3930011431739405,5,0.1,0.5,0.5897283875244946,0.5825497406614967,0.5849704998697123,0.5710309547236424,0.5800407808474562,0.5860621804340762,1.0,0.5826450839623121,0.5867819777111498,0.5878515790514661,0.5796337747263481,0.579376725561471
5,7,0.21612697321280933,0.9368,5000,1.1318962662308305,0.9531812725090036,833,1.1320408283712002,0.9453,0.7829777884383071,0.08312423994389445,,,0.720182516620317,,0.7202048089955323,0.2797951910044677,0.9684127980593726,0.39236965166509324,5,0.1,0.5,0.5810423496107033,0.5677023226108231,0.5821055975614274,0.5758696981568445,0.5902235297399063,0.5870859882319772,0.5826450839623121,1.0,0.5804432835793361,0.5831363965072783,0.5790711987489371,0.5789045569655782
5,8,0.21379583931178045,0.9346,5000,1.1491020255618625,0.9375750300120048,833,1.131705358767281,0.9451,0.7839328903483628,0.08317729676345971,,,0.7371307005136529,,0.7371517494101701,0.26284825058982986,0.9687942211571685,0.39251696628829413,5,0.1,0.5,0.5846113045868738,0.5775190160603302,0.5792823347065646,0.5730853385107751,0.5860933823084823,0.5929228816635526,0.5867819777111498,0.5804432835793361,1.0,0.5791580038913994,0.5715214235610357,0.5857026034341036
5,9,0.206176895424605,0.93708,5000,1.1301675858321014,0.9375750300120048,833,1.130808621930619,0.9451,0.7917709641639996,0.08373597965995747,,,0.9155933476434781,,0.9156166859093419,0.08438331409065813,0.9702733497945627,0.3931243423682242,5,0.1,0.5,0.5826117360149798,0.5831306182441651,0.5935573276769707,0.5873052821098521,0.5884636155618578,0.5981327182174749,0.5878515790514661,0.5831363965072783,0.5791580038913994,1.0,0.5919888095122787,0.5936300342576143
5,10,0.2147047607156976,0.93564,5000,1.1461602515644498,0.9243697478991597,833,1.1317273848734724,0.9453,0.7851621827605176,0.0832673808692586,,,0.765906680744967,,0.765925405351137,0.23407459464886304,0.9693160998687402,0.3927182895958257,5,0.1,0.5,0.5847506456945006,0.5732501680172206,0.5844007656669903,0.5848624658199836,0.5884658132406286,0.587257866087048,0.5796337747263481,0.5790711987489371,0.5715214235610357,0.5919888095122787,1.0,0.5831738841920131
5,11,0.21033616282496673,0.93672,5000,1.1267353605341028,0.9507803121248499,833,1.1316452094922052,0.9452,0.7877755123651707,0.08332998625739702,,,0.7859050078135263,,0.7859193815571508,0.2140806184428492,0.9695653777200899,0.3928285273888099,5,0.1,0.5,0.5858863834843868,0.5825606809094653,0.5870774267301648,0.5819060230491844,0.5867097319118666,0.5883611023265695,0.579376725561471,0.5789045569655782,0.5857026034341036,0.5936300342576143,0.5831738841920131,1.0
6,0,0.20431167690000338,0.9372,5000,0.8740202806614064,0.9556354916067147,834,0.9027940821342956,0.9496,0.7701673313273343,0.08310708065161868,,,0.7559842353509473,,0.7560012047587973,0.24399879524120272,0.9654664512663594,0.3851386479871648,5,0.1,0.5,1.0,0.547980317931497,0.5546487759945822,0.5499596506320322,0.5553783911777579,0.5630166324554376,0.5666569682080047,0.559782670461371,0.5663790834257746,0.5561922442893528,0.5528361903776816,0.5564972799651025
6,1,0.19622762142710246,0.9426,5000,0.9042938638616491,0.9544364508393285,834,0.9000259883487567,0.9499,0.7601736714245975,0.08265334872937015,,,0.65,,0.650002509914161,0.349997490085839,0.964049708087289,0.3839622357876352,5,0.1,0.5,0.547980317931497,1.0,0.5502578336763241,0.5457573666844661,0.5449363254468159,0.5528770341433974,0.5581298049778911,0.5494941966510536,0.551850924501107,0.5482070318465482,0.542516711636024,0.5457153050374982
6,2,0.19711201428109484,0.94168,5000,0.9035307389718515,0.9568345323741008,834,0.8969370037222061,0.9498,0.7740316307602932,0.08353892285396607,,,0.8568553959720597,,0.856869635058481,0.14313036494151898,0.9676433045287389,0.38554454791783777,5,0.1,0.5,0.5546487759945822,0.5502578336763241,1.0,0.560829864897473,0.5594509928616501,0.5807274173999989,0.5642415912658062,0.5595111207203445,0.556483990779796,0.5622809779821792,0.557329347711625,0.5568654760497888
6,3,0.20239235861879434,0.94012,5000,0.8867608242564731,0.9568345323741008,834,0.8993545711611788,0.9501,0.7660515660813507,0.08290782291484003,,,0.709440939993655,,0.7094523367300838,0.2905476632699162,0.9649408768170324,0.38475008011803746,5,0.1,0.5,0.5499596506320322,0.5457573666844661,0.560829864897473,1.0,0.5569447389713961,0.5591291710517652,0.5540867950523317,0.5562163768736783,0.549515113155855,0.559713046757474,0.5519745977725204,0.5475048637687752
6,4,0.18087714276436692,0.94544,5000,0.8992424894262243,0.9423769507803121,833,0.8965485554914505,0.9497,0.7717897780577307,0.08348213682438557,,,0.8435911233286895,,0.8436072486320968,0.1563927513679032,0.9676569723700305,0.3855177837990619,5,0.1,0.5,0.5553783911777579,0.5449363254468159,0.5594509928616501,0.5569447389713961,1.0,0.567110951265874,0.5651292748883118,0.5625937184725331,0.5639083616715975,0.5581061707337011,0.5591704448649633,0.5490706234943594
6,5,0.19542122432772235,0.94156,5000,0.8894325229856703,0.9471788715486195,833,0.8960970242183429,0.9498,0.7804629251693596,0.08406612048490739,,,0.9799999997664166,,0.9800010039656644,0.019998996034335637,0.9680120016522232,0.3856272171101469,5,0.1,0.5,0.5630166324554376,0.5528770341433974,0.5807274173999989,0.5591291710517652,0.567110951265874,1.0,0.5732559491543079,0.5680750393635919,0.5637886247305822,0.5740410547764494,0.5611208039461462,0.556747481062863
6,6,0.18270797090913365,0.94588,5000,0.9131398333443536,0.9555822328931572,833,0.8962494601456883,0.9499,0.7792161657490115,0.08371316123255455,,,0.8975545851143544,,0.8975704030922143,0.10242959690778575,0.9676487191052232,0.3855988438122657,5,0.1,0.5,0.5666569682080047,0.5581298049778911,0.5642415912658062,0.5540867950523317,0.5651292748883118,0.5732559491543079,1.0,0.5688217691298657,0.5658964427013493,0.5652629135120679,0.5636715123003582,0.565654277500585
6,7,0.20067551052613053,0.9416,5000,0.898320840464698,0.9555822328931572,833,0.8975062370300293,0.9499,0.7739760744027496,0.08328958823626112,,,0.798614973581181,,0.7986245670398072,0.20137543296019278,0.9659834029621872,0.3853703547153155,5,0.1,0.5,0.559782670461371,0.5494941966510536,0.5595111207203445,0.5562163768736783,0.5625937184725331,0.5680750393635919,0.5688217691298657,1.0,0.562126393881741,0.5648670991111738,0.5590117200415784,0.5536267616118506
6,8,0.1985976749758242,0.94276,5000,0.9152139116216589,0.943577430972389,833,0.8971673971928728,0.9499,0.7714521565542631,0.0832359394959515,,,0.786083519565163,,0.7861000953767381,0.21389990462326192,0.9663712534416109,0.3853124176207293,5,0.1,0.5,0.5663790834257746,0.551850924501107,0.556483990779796,0.549515113155855,0.5639083616715975,0.5637886247305822,0.5658964427013493,0.562126393881741,1.0,0.5601983844090374,0.5469378163932104,0.5534612090937227
6,9,0.19525251635498586,0.94044,5000,0.8969177471266853,0.9411764705882353,833,0.8961036469989692,0.9499,0.7752698859775207,0.08374674360034814,,,0.9053988680430052,,0.9054163947592992,0.09458360524070075,0.9679227505303293,0.38560494701174813,5,0.1,0.5,0.5561922442893528,0.5482070318465482,0.5622809779821792,0.559713046757474,0.5581061707337011,0.5740410547764494,0.5652629135120679,0.5648670991111738,0.5601983844090374,1.0,0.5624942253964066,0.561507648467224
6,10,0.19782907259650528,0.94056,5000,0.9136383776311521,0.9351740696278511,833,0.8974375614342979,0.9499,0.7666876241717763,0.08312788965591594,,,0.760844872878788,,0.7608603985743687,0.2391396014256313,0.9665832485712318,0.38517024404806377,5,0.1,0.5,0.5528361903776816,0.542516711636024,0.557329347711625,0.5519745977725204,0.5591704448649633,0.5611208039461462,0.5636715123003582,0.5590117200415784,0.5469378163932104,0.5624942253964066,1.0,0.5388272993898304
6,11,0.20312170979513483,0.93928,5000,0.8940110085187135,0.9531812725090036,833,0.8973405161223853,0.9498,0.7655929356520945,0.08313124531988081,,,0.7616287002049513,,0.7616485116209025,0.23835148837909748,0.9667382423025382,0.38517585242712254,5,0.1,0.5,0.5564972799651025,0.5457153050374982,0.5568654760497888,0.5475048637687752,0.5490706234943594,0.556747481062863,0.565654277500585,0.5536267616118506,0.5534612090937227,0.561507648467224,0.5388272993898304,1.0
7,0,0.19276620250218993,0.94228,5000,0.6676118395946644,0.9592326139088729,834,0.6971345936147549,0.9527,0.749936022914114,0.08295974685212444,,,0.755394668865835,,0.7554088650168165,0.24459113498318352,0.9644838406641093,0.3775679670644886,5,0.1,0.5,1.0,0.5180690696882388,0.5220408884597579,0.522752022706378,0.524168544533144,0.5257975609780102,0.5356904453817829,0.5279532449535509,0.5348347145395057,0.5271979406294496,0.5291964983488718,0.5381714857947953
