round,client_id,client_i_training_loss,client_i_training_accuracy,client_i_training_dataset_size,client_i_evaluation_loss,client_i_evaluation_accuracy,client_i_evaluation_dataset_size,client_i_central_evaluation_loss,client_i_central_evaluation_accuracy,client_i_cosine_similarity,client_i_importance_coefficient,client_i_tanh_val,tanh_normalization_value,client_i_q,client_i_mask_order,client_i_v_nonzero_fraction,client_i_v_sparsity,client_i_v_cosine_similarity,client_i_reward_gradient_norm,local_epochs,learning_rate,gamma,client_0_cosine_similarity,client_1_cosine_similarity,client_2_cosine_similarity,client_3_cosine_similarity,client_4_cosine_similarity,client_5_cosine_similarity,client_6_cosine_similarity,client_7_cosine_similarity,client_8_cosine_similarity,client_9_cosine_similarity,client_10_cosine_similarity,client_11_cosine_similarity
0,0,2.2973555239764125,0.10964722822174226,4167,2.2997401782444546,0.09952038369304557,834,2.298421029803119,0.1006,0.9609585062929666,0.08333488672188949,,,0.8316984281976157,,0.8317406875608588,0.16825931243914116,0,0.14411957954264418,10,0.025,0.15,1.0,0.9191281337584007,0.8978656315050276,0.9217821953924811,0.9038059345298158,0.9066636088729676,0.9086390178537287,0.9272978015556196,0.9134117914110053,0.9465646346392471,0.9225541087166126,0.9133681219483729
0,1,2.2958422227339312,0.11432685385169186,4167,2.2965287821633473,0.09712230215827339,834,2.2984188417845135,0.1006,0.9663840690945777,0.08380539471834705,,,0.8929050174184713,,0.8929543991681933,0.1070456008318067,0,0.14413471566863473,10,0.025,0.15,0.9191281337584007,1.0,0.8849457180201248,0.9082911762105463,0.9444076530059012,0.9401096187512783,0.8917674339127418,0.9445448324727039,0.9360856811300182,0.9237370422548143,0.9172035080783468,0.9334223514768006
0,2,2.296159583872015,0.11247900167986562,4167,2.296003580093384,0.12470023980815348,834,2.298447267918647,0.1006,0.9448521320334403,0.08193813247534476,,,0.65,,0.6500140284860788,0.3499859715139212,0,0.14382996278741852,10,0.025,0.15,0.8978656315050276,0.8849457180201248,1.0,0.9204320051129533,0.8506557168912762,0.9024386229240621,0.941415398358162,0.8466450925187323,0.9059633563280903,0.9048138163933606,0.9161795473538191,0.9240030386703466
0,3,2.2962081107226284,0.12555795536357092,4167,2.29964348248073,0.09832134292565947,834,2.298419882979574,0.1006,0.9637094176104289,0.08357344736891163,,,0.8627318721273254,,0.8627683979468898,0.13723160205311025,0,0.14412865397427382,10,0.025,0.15,0.9217821953924811,0.9082911762105463,0.9204320051129533,1.0,0.9012866652290534,0.90850999862701,0.9105432639967559,0.8950991371087804,0.9417876381741397,0.9306134710797482,0.9486711605077954,0.9257954941271603
0,4,2.296527064930309,0.11684665226781857,4167,2.297752550670079,0.09723889555822329,833,2.2984295585487464,0.1006,0.95414655220533,0.08274415005789158,,,0.754851750557187,,0.7548975920516249,0.24510240794837512,0,0.14407008620475253,10,0.025,0.15,0.9038059345298158,0.9444076530059012,0.8506557168912762,0.9012866652290534,1.0,0.9139990734967384,0.8846195535619321,0.9379200177888898,0.930164984504031,0.9210800749109721,0.9017169888870966,0.9128728633859857
0,5,2.296788766889861,0.11226301895848333,4167,2.301438706261771,0.08523409363745499,833,2.298419584201861,0.1006,0.9642678132626947,0.08362187176822006,,,0.8690312173861785,,0.8690482084798072,0.13095179152019276,0,0.14413001224158736,10,0.025,0.15,0.9066636088729676,0.9401096187512783,0.9024386229240621,0.90850999862701,0.9139990734967384,1.0,0.8797318178886167,0.9067068931774015,0.9491804717889301,0.9340593152186627,0.9218622463830861,0.9559924576006135
0,6,2.2970290458563603,0.1173986081113511,4167,2.297910826546805,0.10684273709483794,833,2.298445650293857,0.1006,0.9454053677324556,0.08198610940047318,,,0.6562411350508897,,0.6562773349177271,0.3437226650822729,0,0.14384315985375856,10,0.025,0.15,0.9086390178537287,0.8917674339127418,0.941415398358162,0.9105432639967559,0.8846195535619321,0.8797318178886167,1.0,0.8764982487839101,0.9194182186713233,0.8971385284876155,0.898001542082777,0.8939537440259078
0,7,2.2967353784676754,0.13134149268058556,4167,2.299961975642613,0.09843937575030012,833,2.298430955862697,0.1006,0.9531293652216236,0.08265593900454533,,,0.7433767113494533,,0.7434272416695549,0.2565727583304451,0,0.14405956899359965,10,0.025,0.15,0.9272978015556196,0.9445448324727039,0.8466450925187323,0.8950991371087804,0.9379200177888898,0.9067068931774015,0.8764982487839101,1.0,0.918343261046556,0.9342076631976954,0.9046662009289997,0.8988695026688094
0,8,2.2968567790407124,0.12815650504080653,4166,2.299477747508458,0.0936374549819928,833,2.2984187844433364,0.1006,0.9732180337755714,0.08439804015394338,,,0.9699999998699138,,0.9700285520951957,0.029971447904804327,0,0.1441408402668415,10,0.025,0.15,0.9134117914110053,0.9360856811300182,0.9059633563280903,0.9417876381741397,0.930164984504031,0.9491804717889301,0.9194182186713233,0.918343261046556,1.0,0.932957839728346,0.9367428975355475,0.9384084985720375
0,9,2.2973251472819936,0.11457033125300048,4166,2.3012920788356235,0.0936374549819928,833,2.2984189413770846,0.1006,0.9698863676811785,0.08410911611117441,,,0.9324149740362798,,0.9324404614546715,0.06755953854532848,0,0.14413926009309835,10,0.025,0.15,0.9465646346392471,0.9237370422548143,0.9048138163933606,0.9306134710797482,0.9210800749109721,0.9340593152186627,0.8971385284876155,0.9342076631976954,0.932957839728346,1.0,0.9169528217181829,0.9419202269175769
0,10,2.2970878434903694,0.11533845415266443,4166,2.2968388284955705,0.11164465786314526,833,2.298419083221049,0.1006,0.9653209853062649,0.08371320346711739,,,0.8809122094614233,,0.8809476654948755,0.11905233450512454,0,0.14413279900685338,10,0.025,0.15,0.9225541087166126,0.9172035080783468,0.9161795473538191,0.9486711605077954,0.9017169888870966,0.9218622463830861,0.898001542082777,0.9046662009289997,0.9367428975355475,0.9169528217181829,1.0,0.9468560094148029
0,11,2.296580844936949,0.1098655784925588,4166,2.2970099789755687,0.10084033613445378,833,2.298418965520738,0.1006,0.9700085144655801,0.08411970875214163,,,0.9337929302651337,,0.9338350580119159,0.06616494198808409,0,0.14413934893593255,10,0.025,0.15,0.9133681219483729,0.9334223514768006,0.9240030386703466,0.9257954941271603,0.9128728633859857,0.9559924576006135,0.8939537440259078,0.8988695026688094,0.9384084985720375,0.9419202269175769,0.9468560094148029,1.0
1,0,2.2359382185068997,0.17489800815934725,4167,2.2904536724090576,0.11750599520383694,834,2.289667715000201,0.1169,0.9910386127760643,0.08335927346388758,,,0.842827626198673,,0.8428644518162763,0.15713554818372366,0.7741504352683352,0.14851991503587403,10,0.025,0.15,1.0,0.9811810718467742,0.9758038666941242,0.9819724154060016,0.9758610940287934,0.9787619482784897,0.9769407970105791,0.981366652239158,0.9777376590162458,0.9843688330363994,0.9827464865468174,0.9799271195089774
1,1,2.233324604323416,0.17189824814014878,4167,2.287066732134138,0.11270983213429256,834,2.2896580847003793,0.1168,0.9916614901147012,0.08366890873436436,,,0.9027070493874243,,0.902749583271443,0.09725041672855705,0.7751005493644827,0.14853568989658003,10,0.025,0.15,0.9811810718467742,1.0,0.9733550837087869,0.9773800000957599,0.9798337898449511,0.9803048178728992,0.9771547398420013,0.9862089758008536,0.9815609500602377,0.9826476739195963,0.9805752854496604,0.9837400499447213
1,2,2.234092145616358,0.16942644588432926,4167,2.287172896521432,0.14148681055155876,834,2.2897430703609802,0.1157,0.9867830626637746,0.08236216575953952,,,0.65,,0.6500140284860788,0.3499859715139212,0.7714051570376614,0.14833748972036714,10,0.025,0.15,0.9758038666941242,0.9733550837087869,1.0,0.9765938546385358,0.9679847054748423,0.9781131125754171,0.9774174341813414,0.9712346348963239,0.9738401536799801,0.978918036274568,0.9799583975260868,0.9733907781757107
1,3,2.235316530863444,0.1752099832013439,4167,2.291349002293178,0.11031175059952038,834,2.2896665711946125,0.1169,0.9903022721287823,0.08348219826233923,,,0.8665996790902707,,0.8666221055932399,0.13337789440676007,0.7741665496127266,0.14852384277936495,10,0.025,0.15,0.9819724154060016,0.9773800000957599,0.9765938546385358,1.0,0.9746214413741578,0.9752015012800572,0.9797564741639457,0.9775483835610429,0.9816881472983321,0.980026691512945,0.9829828121811551,0.9801341589163637
1,4,2.240595898483739,0.17544996400287977,4167,2.290071044649397,0.11524609843937575,833,2.2896836407576937,0.1169,0.988164786093709,0.08290278510121189,,,0.7545487301694584,,0.7545922661781452,0.24540773382185477,0.7747753939047336,0.148471616358135,10,0.025,0.15,0.9758610940287934,0.9798337898449511,0.9679847054748423,0.9746214413741578,1.0,0.9703277496329119,0.9769844056570961,0.9804969631869681,0.9806384736579088,0.9802914405255269,0.978133854116066,0.9774802674153296
1,5,2.2346364440339985,0.1824334053275738,4167,2.292981045586722,0.0936374549819928,833,2.289665919315966,0.1168,0.9876630003783153,0.0834265301990434,,,0.8558342016462576,,0.8558696836163787,0.14413031638362128,0.7741417914999928,0.14852234594124303,10,0.025,0.15,0.9787619482784897,0.9803048178728992,0.9781131125754171,0.9752015012800572,0.9703277496329119,1.0,0.9689727488165376,0.9786556769225735,0.9740874544402527,0.9786627377372895,0.9758416166361573,0.9775784831272332
1,6,2.2457982359510478,0.1717062634989201,4167,2.2887260913848877,0.1212484993997599,833,2.2897385283361507,0.1162,0.9894769688096845,0.0824789110203422,,,0.6725770109009896,,0.6726081431235662,0.3273918568764338,0.7714787735140304,0.14836893358826836,10,0.025,0.15,0.9769407970105791,0.9771547398420013,0.9774174341813414,0.9797564741639457,0.9769844056570961,0.9689727488165376,1.0,0.9776804887224503,0.9835552089762585,0.9805745903701916,0.9798178764770121,0.9796736892334372
1,7,2.232719707850254,0.1906647468202544,4167,2.2907499926430837,0.11284513805522209,833,2.2896856175193303,0.1169,0.9914132561984335,0.08295370145313308,,,0.7643952886032614,,0.764445214635837,0.23555478536416297,0.7748545456524556,0.14847704045417204,10,0.025,0.15,0.981366652239158,0.9862089758008536,0.9712346348963239,0.9775483835610429,0.9804969631869681,0.9786556769225735,0.9776804887224503,1.0,0.982355752940116,0.9838366204607988,0.979564341536372,0.9822150164731143
1,8,2.2332466212185946,0.18240518482957274,4166,2.2912308829171315,0.11404561824729892,833,2.2896571642235863,0.1168,0.9911476698378181,0.08401687920225859,,,0.969999999806613,,0.9700285520951957,0.029971447904804327,0.7752634909578575,0.1485415322198485,10,0.025,0.15,0.9777376590162458,0.9815609500602377,0.9738401536799801,0.9816881472983321,0.9806384736579088,0.9740874544402527,0.9835552089762585,0.982355752940116,1.0,0.9806066211734533,0.981315013414524,0.9804616813713793
1,9,2.2338565746943155,0.16668266922707634,4166,2.2916849681309293,0.11164465786314526,833,2.2896572517443308,0.1168,0.9925500781929488,0.08388453709043837,,,0.9444067613258249,,0.9444636992292584,0.055536300770741565,0.7752764089051568,0.1485411206828857,10,0.025,0.15,0.9843688330363994,0.9826476739195963,0.978918036274568,0.980026691512945,0.9802914405255269,0.9786627377372895,0.9805745903701916,0.9838366204607988,0.9806066211734533,1.0,0.9807332590113537,0.9839122988269579
1,10,2.2383899703170314,0.17268362938070092,4166,2.2888455050332204,0.13205282112845138,833,2.2896661124651945,0.1168,0.991625088215622,0.08361101203221057,,,0.8915105822531669,,0.8915432985096796,0.10845670149032038,0.7741478254514607,0.14853072701024464,10,0.025,0.15,0.9827464865468174,0.9805752854496604,0.9799583975260868,0.9829828121811551,0.978133854116066,0.9758416166361573,0.9798178764770121,0.979564341536372,0.981315013414524,0.9807332590113537,1.0,0.9819867773793499
1,11,2.230884792587974,0.17734037445991357,4166,2.2882754802703857,0.11764705882352941,833,2.289657284941854,0.1168,0.9913778683215514,0.08385309768123111,,,0.9383267896035241,,0.9383736858609364,0.06162631413906361,0.7752800497251872,0.14854095290360908,10,0.025,0.15,0.9799271195089774,0.9837400499447213,0.9733907781757107,0.9801341589163637,0.9774802674153296,0.9775784831272332,0.9796736892334372,0.9822150164731143,0.9804616813713793,0.9839122988269579,0.9819867773793499,1.0
2,0,2.133741996505044,0.2226781857451404,4167,2.2763923576899936,0.16666666666666666,834,2.275884024704559,0.1712,0.9857876480181458,0.08330134027146882,,,0.8438396582306069,,0.8438794540443301,0.15612054595566993,0.9351794249543592,0.14806518316167216,10,0.025,0.15,1.0,0.9709899618998477,0.9680620242720739,0.9739625189729099,0.9664946655513438,0.9735870855450022,0.9681379215911693,0.9699411563087901,0.9672348224393003,0.9724339443891847,0.9764016283945975,0.9715787886461908
2,1,2.1278347333272296,0.22097432205423567,4167,2.2720602239881242,0.17026378896882494,834,2.2758732988864563,0.1708,0.98879555563477,0.08358956659977493,,,0.9211814005894656,,0.9212259246422736,0.0787740753577264,0.9356270765357465,0.148085135971068,10,0.025,0.15,0.9709899618998477,1.0,0.9662031200645255,0.9743806514793357,0.9753792392995392,0.9750713861478827,0.9707524278155062,0.9778571850589242,0.9750678483260369,0.9748290115163405,0.9744251353166554,0.9793590476137177
2,2,2.127476234508283,0.22294216462682986,4167,2.2738170623779297,0.19544364508393286,834,2.276063140434555,0.1688,0.9824494610918804,0.08257896589421872,,,0.65,,0.6500140284860788,0.3499859715139212,0.9328729224317968,0.14771055884502282,10,0.025,0.15,0.9680620242720739,0.9662031200645255,1.0,0.966609742890575,0.9641308780737593,0.9713330706697993,0.9689943773857704,0.9648709309061277,0.9660707247556052,0.9691557596842567,0.9698381888345966,0.9644949909116111
2,3,2.134567522280144,0.21677465802735782,4167,2.278543540409633,0.16786570743405277,834,2.2758817250215553,0.171,0.9884031334510778,0.08346184285119401,,,0.8869084134064154,,0.8869634104074863,0.11303658959251373,0.9352991435313748,0.1480810151548052,10,0.025,0.15,0.9739625189729099,0.9743806514793357,0.966609742890575,1.0,0.9697158216440169,0.9710520394409937,0.9737527521705666,0.973326161477977,0.9770326679240311,0.9772047453301332,0.977630419113872,0.9750294072548202
2,4,2.139224859078725,0.22598992080633548,4167,2.2774254935128346,0.17046818727490998,833,2.2759172433539283,0.1712,0.9862218564084465,0.08303424737074629,,,0.7721687930637595,,0.7722021422323447,0.22779785776765527,0.934791793216393,0.14800703738810914,10,0.025,0.15,0.9664946655513438,0.9753792392995392,0.9641308780737593,0.9697158216440169,1.0,0.9684286944038182,0.9712323540626198,0.9742437872750375,0.973525150926908,0.9746871786614857,0.9733799899141994,0.9728711996112469
2,5,2.1328199299899016,0.23287736981041518,4167,2.279389040810721,0.15126050420168066,833,2.275882078122489,0.1711,0.9855124953031575,0.08333384646211578,,,0.8525622667336543,,0.8526018715650839,0.14739812843491606,0.9352479445459985,0.14806768457772967,10,0.025,0.15,0.9735870855450022,0.9750713861478827,0.9713330706697993,0.9710520394409937,0.9684286944038182,1.0,0.9640898865039793,0.9718282735859316,0.9671961219595442,0.9703602028486629,0.969412419909472,0.9732152836717829
2,6,2.1438157670425646,0.21509479241660667,4167,2.27459488596235,0.17767106842737096,833,2.2760204755807223,0.1677,0.9866530707666921,0.08278714581914513,,,0.7058623433624895,,0.705913419484742,0.29408658051525804,0.9338708919113226,0.14788803612064205,10,0.025,0.15,0.9681379215911693,0.9707524278155062,0.9689943773857704,0.9737527521705666,0.9712323540626198,0.9640898865039793,1.0,0.9710462425932316,0.9763055367758914,0.9744064586208426,0.976762621120609,0.9738827784901554
2,7,2.1269234823458123,0.23218142548596113,4167,2.2761967863355363,0.16686674669867949,833,2.2759175723112084,0.171,0.9882688400746507,0.08313196753608941,,,0.7983907135095775,,0.7984271591490485,0.2015728408509515,0.934917360343907,0.14802596622222228,10,0.025,0.15,0.9699411563087901,0.9778571850589242,0.9648709309061277,0.973326161477977,0.9742437872750375,0.9718282735859316,0.9710462425932316,1.0,0.9752323874579016,0.9767057935486672,0.9745092748510098,0.9786813383400035
2,8,2.131462805560141,0.22520403264522323,4166,2.278047595705305,0.1716686674669868,833,2.2758733381198932,0.1709,0.9877961583900655,0.08377149688935279,,,0.9699999997316632,,0.9700285520951957,0.029971447904804327,0.9357536082708392,0.1480912577775329,10,0.025,0.15,0.9672348224393003,0.9750678483260369,0.9660707247556052,0.9770326679240311,0.973525150926908,0.9671961219595442,0.9763055367758914,0.9752323874579016,1.0,0.9738252708038895,0.9765527371364098,0.9743970587444158
2,9,2.1346995129729764,0.21622659625540086,4166,2.276801824569702,0.15966386554621848,833,2.275872939749609,0.1709,0.9890282193054436,0.08372992297535788,,,0.9588441869926241,,0.9588965357891436,0.04110346421085642,0.9357677013120317,0.1480910695033586,10,0.025,0.15,0.9724339443891847,0.9748290115163405,0.9691557596842567,0.9772047453301332,0.9746871786614857,0.9703602028486629,0.9744064586208426,0.9767057935486672,0.9738252708038895,1.0,0.9747217937061683,0.9787519787368024
2,10,2.140673236052195,0.21682669227076332,4166,2.275863919939314,0.18607442977190877,833,2.275880961478511,0.1708,0.9891968224011441,0.08356691396442202,,,0.9151028639841869,,0.9151441633245861,0.08485583667541385,0.935511887891236,0.14808464441301308,10,0.025,0.15,0.9764016283945975,0.9744251353166554,0.9698381888345966,0.977630419113872,0.9733799899141994,0.969412419909472,0.976762621120609,0.9745092748510098,0.9765527371364098,0.9747217937061683,1.0,0.9755420866111362
2,11,2.118558729778637,0.23245319251080174,4166,2.2745773792266846,0.16566626650660263,833,2.275873024252397,0.1709,0.9890956250854606,0.08371274336611413,,,0.9542342649228246,,0.9542836394844119,0.04571636051558814,0.9357648658349885,0.14809096594029902,10,0.025,0.15,0.9715787886461908,0.9793590476137177,0.9644949909116111,0.9750294072548202,0.9728711996112469,0.9732152836717829,0.9738827784901554,0.9786813383400035,0.9743970587444158,0.9787519787368024,0.9755420866111362,1.0
3,0,2.062925631710977,0.25673146148308135,4167,2.256903988974435,0.21103117505995203,834,2.2563253263883953,0.2302,0.9824316665474989,0.0832975832048399,,,0.97,,0.9700285520951957,0.029971447904804327,0.9758862636080207,0.1474393723149889,10,0.025,0.15,1.0,0.9633062531955857,0.9626891973659331,0.9617969934001716,0.9568073693690472,0.9654432534243516,0.9596743402685823,0.96179739783354,0.9615883366279268,0.9623620128137668,0.9691829585819782,0.9632554492824008
3,1,2.053058178135843,0.2552435805135589,4167,2.2508819784436906,0.23621103117505995,834,2.2563135412674917,0.2299,0.9843702895135966,0.0835383657966357,,,0.97,,0.9700285520951957,0.029971447904804327,0.9760278130083921,0.1474393723149889,10,0.025,0.15,0.9633062531955857,1.0,0.9556970867503976,0.9637822090706339,0.9660949946621894,0.9627036222712291,0.9633541374590675,0.9683463859339425,0.967810301766458,0.9633966151104147,0.9656033949909946,0.9704944038946589
3,2,2.0521190758907433,0.2568994480441565,4167,2.2548297473362515,0.2529976019184652,834,2.256583497494082,0.2297,0.9787912288554468,0.08273367684613636,,,0.97,,0.9700285520951957,0.029971447904804327,0.973307301596645,0.1474393723149889,10,0.025,0.15,0.9626891973659331,0.9556970867503976,1.0,0.9543971666967899,0.9559451949244474,0.9646803540092497,0.9611780644427405,0.9563590539364313,0.9579910399491108,0.9614041671643939,0.9603299076265642,0.9547317161097935
3,3,2.06061600374453,0.2498200143988481,4167,2.2605159963880266,0.22302158273381295,834,2.256321955330764,0.2299,0.982522338615279,0.08339955466837053,,,0.97,,0.9700285520951957,0.029971447904804327,0.9759982035813408,0.1474393723149889,10,0.025,0.15,0.9617969934001716,0.9637822090706339,0.9543971666967899,1.0,0.9576373523701663,0.9625647064952423,0.9620073717363562,0.9632255141119536,0.9676503825609118,0.9658580349189559,0.9658206468929729,0.9640615520440046
3,4,2.0650602622465652,0.25961123110151185,4167,2.2593058177403043,0.23169267707082833,833,2.2563730312299124,0.2303,0.9816273114447395,0.08310667228583567,,,0.97,,0.9700285520951957,0.029971447904804327,0.9754653489134602,0.1474393723149889,10,0.025,0.15,0.9568073693690472,0.9660949946621894,0.9559451949244474,0.9576373523701663,1.0,0.9579362598070336,0.9635715781231968,0.9633545787543925,0.9650760219409211,0.9654253745882297,0.9659633924034187,0.9606962821502326
3,5,2.056908348834876,0.2686105111591073,4167,2.2599569729396274,0.20888355342136855,833,2.2563230659388287,0.23,0.9815629953808397,0.08328943081789941,,,0.97,,0.9700285520951957,0.029971447904804327,0.975909883420003,0.1474393723149889,10,0.025,0.15,0.9654432534243516,0.9627036222712291,0.9646803540092497,0.9625647064952423,0.9579362598070336,1.0,0.9563828082806267,0.9617722573266074,0.9612752515301628,0.9594618723577606,0.9623570049430809,0.9631029558655586
3,6,2.071543487635526,0.2494120470362371,4167,2.2544871057782854,0.22929171668667467,833,2.2565257368208487,0.2286,0.9824484273655724,0.08298087909238504,,,0.97,,0.9700285520951957,0.029971447904804327,0.97447386164462,0.1474393723149889,10,0.025,0.15,0.9596743402685823,0.9633541374590675,0.9611780644427405,0.9620073717363562,0.9635715781231968,0.9563828082806267,1.0,0.9623589918853362,0.9647615817824562,0.9631725098328499,0.9683168131353318,0.9635639036019535
3,7,2.0545577226263103,0.25982721382289414,4167,2.2555638381413052,0.23649459783913565,833,2.2563738581500474,0.2301,0.9836871505020154,0.08323385234420147,,,0.97,,0.9700285520951957,0.029971447904804327,0.9755674618104097,0.1474393723149889,10,0.025,0.15,0.96179739783354,0.9683463859339425,0.9563590539364313,0.9632255141119536,0.9633545787543925,0.9617722573266074,0.9623589918853362,1.0,0.9661318410919271,0.9644288884465654,0.9655850563844877,0.9693446306735233
3,8,2.0613265561335012,0.25676908305328855,4166,2.259406089782715,0.22328931572629052,833,2.256312518180171,0.2301,0.9841968895653078,0.08364498262538184,,,0.97,,0.9700285520951957,0.029971447904804327,0.9760367499841589,0.1474393723149889,10,0.025,0.15,0.9615883366279268,0.967810301766458,0.9579910399491108,0.9676503825609118,0.9650760219409211,0.9612752515301628,0.9647615817824562,0.9661318410919271,1.0,0.9617987411755743,0.9673965218346728,0.9670265613611015
3,9,2.064968818245512,0.24752760441670668,4166,2.25578887122018,0.23169267707082833,833,2.2563119145888315,0.2301,0.9835006083066913,0.08359672216243158,,,0.97,,0.9700285520951957,0.029971447904804327,0.9760362482039437,0.1474393723149889,10,0.025,0.15,0.9623620128137668,0.9633966151104147,0.9614041671643939,0.9658580349189559,0.9654253745882297,0.9594618723577606,0.9631725098328499,0.9644288884465654,0.9617987411755743,1.0,0.9658602533083699,0.9671822777974781
3,10,2.072510807803183,0.24817570811329812,4166,2.257213694708688,0.24729891956782712,833,2.2563203678855412,0.2299,0.9855210510026077,0.0835617578782957,,,0.97,,0.9700285520951957,0.029971447904804327,0.9760249134800314,0.1474393723149889,10,0.025,0.15,0.9691829585819782,0.9656033949909946,0.9603299076265642,0.9658206468929729,0.9659633924034187,0.9623570049430809,0.9683168131353318,0.9655850563844877,0.9673965218346728,0.9658602533083699,1.0,0.9678252710515984
3,11,2.043853785052444,0.2661065770523284,4166,2.255080120904105,0.22208883553421369,833,2.2563120443609694,0.2301,0.9844367673436865,0.08361652227758692,,,0.97,,0.9700285520951957,0.029971447904804327,0.9760386858678451,0.1474393723149889,10,0.025,0.15,0.9632554492824008,0.9704944038946589,0.9547317161097935,0.9640615520440046,0.9606962821502326,0.9631029558655586,0.9635639036019535,0.9693446306735233,0.9670265613611015,0.9671822777974781,0.9678252710515984,1.0
4,0,2.009925442753416,0.2763858891288697,4167,2.2319247722625732,0.24700239808153476,834,2.230966839609267,0.259,0.9782102449537595,0.08330527867151884,,,0.97,,0.9700285520951957,0.029971447904804327,0.9863787494872763,0.14675972001212398,10,0.025,0.15,1.0,0.9563459430133056,0.9490585932127884,0.9517656542625141,0.9490444945401932,0.9553216732176278,0.9512825455586473,0.9505229247615522,0.9518037960166718,0.9558601921981741,0.9615590867258497,0.9523386334666301
4,1,1.9984979358586399,0.27976961843052556,4167,2.2232676914760043,0.26258992805755393,834,2.230953925772558,0.2591,0.9802084795413695,0.0835191026687188,,,0.97,,0.9700285520951957,0.029971447904804327,0.9863787494872763,0.14675972001212398,10,0.025,0.15,0.9563459430133056,1.0,0.9439463218282643,0.9545915614310505,0.9575598813727282,0.9532782067097298,0.9525404682019114,0.9583801647196302,0.9587187764333047,0.9554044077213661,0.9575028071628164,0.9599283830036252
4,2,1.9961684638803656,0.2802255819534437,4167,2.2301094191414967,0.27817745803357313,834,2.2313146440288687,0.2579,0.9727966770708256,0.08278063942440696,,,0.97,,0.9700285520951957,0.029971447904804327,0.9863787494872763,0.14675972001212398,10,0.025,0.15,0.9490585932127884,0.9439463218282643,1.0,0.9414606512945413,0.9492307697078294,0.9522154264537416,0.9513726311630438,0.9444473259142924,0.9470095121965206,0.9535956784495256,0.9465193322838606,0.9429613065670099
4,3,2.0051091717951226,0.27199424046076315,4167,2.23732100214277,0.25539568345323743,834,2.2309621436686458,0.2591,0.9776166822093487,0.08334899576795819,,,0.97,,0.9700285520951957,0.029971447904804327,0.9863787494872763,0.14675972001212398,10,0.025,0.15,0.9517656542625141,0.9545915614310505,0.9414606512945413,1.0,0.9476582720868624,0.9538575801098488,0.9488507339938306,0.9522657139171651,0.9570384891207162,0.9593545584784432,0.9583285762345667,0.9526180085356718
4,4,2.0134611328442893,0.28012958963282936,4167,2.23588718686785,0.25570228091236497,833,2.2310309742070453,0.2589,0.9782587255718406,0.08318885892820631,,,0.97,,0.9700285520951957,0.029971447904804327,0.9863787494872763,0.14675972001212398,10,0.025,0.15,0.9490444945401932,0.9575598813727282,0.9492307697078294,0.9476582720868624,1.0,0.9511693548176503,0.9543892093227876,0.9535575437396959,0.9580629379416098,0.9585700128588943,0.9582143921574322,0.9481401588794872
4,5,1.9977739662835092,0.2908087353011759,4167,2.234898805618286,0.23769507803121248,833,2.230964313579511,0.259,0.9774684623656998,0.08327610961132675,,,0.97,,0.9700285520951957,0.029971447904804327,0.9863787494872763,0.14675972001212398,10,0.025,0.15,0.9553216732176278,0.9532782067097298,0.9522154264537416,0.9538575801098488,0.9511693548176503,1.0,0.9477325714933788,0.9515717912313266,0.9528461666497928,0.9518389753329256,0.9554597488069535,0.9509581386999723
4,6,2.01690105416558,0.2711063114950804,4167,2.228388956614903,0.25690276110444177,833,2.2312377706358704,0.258,0.9769731941721522,0.08306929107290292,,,0.97,,0.9700285520951957,0.029971447904804327,0.9863787494872763,0.14675972001212398,10,0.025,0.15,0.9512825455586473,0.9525404682019114,0.9513726311630438,0.9488507339938306,0.9543892093227876,0.9477325714933788,1.0,0.9515912008196665,0.9520189646207989,0.9525548271198423,0.9576197132858236,0.9506780934527425
4,7,2.001226192893404,0.27919366450683947,4167,2.2287276131766185,0.2689075630252101,833,2.231031574780428,0.2589,0.9785291479181509,0.08327626232577337,,,0.97,,0.9700285520951957,0.029971447904804327,0.9863787494872763,0.14675972001212398,10,0.025,0.15,0.9505229247615522,0.9583801647196302,0.9444473259142924,0.9522657139171651,0.9535575437396959,0.9515717912313266,0.9515912008196665,1.0,0.9551432304966492,0.9564801729714659,0.9556873269733503,0.9589902145124684
4,8,2.0090883609020347,0.279044647143543,4166,2.2352918216160367,0.2545018007202881,833,2.2309515596945073,0.2591,0.9795770645938728,0.08356445960099934,,,0.97,,0.9700285520951957,0.029971447904804327,0.9863787494872763,0.14675972001212398,10,0.025,0.15,0.9518037960166718,0.9587187764333047,0.9470095121965206,0.9570384891207162,0.9580629379416098,0.9528461666497928,0.9520189646207989,0.9551432304966492,1.0,0.9525166087657058,0.9592760714310733,0.9563259683863927
4,9,2.0126018567518753,0.27131541046567453,4166,2.2285499572753906,0.26410564225690275,833,2.230950705612762,0.2591,0.9805816144793541,0.08356730927682673,,,0.97,,0.9700285520951957,0.029971447904804327,0.9863787494872763,0.14675972001212398,10,0.025,0.15,0.9558601921981741,0.9554044077213661,0.9535956784495256,0.9593545584784432,0.9585700128588943,0.9518389753329256,0.9525548271198423,0.9564801729714659,0.9525166087657058,1.0,0.9585694297066655,0.9578941396058465
4,10,2.0201876177932276,0.26793086893903023,4166,2.232689414705549,0.2605042016806723,833,2.2309595180463186,0.2591,0.9818602485275459,0.0835872929541933,,,0.97,,0.9700285520951957,0.029971447904804327,0.9863787494872763,0.14675972001212398,10,0.025,0.15,0.9615590867258497,0.9575028071628164,0.9465193322838606,0.9583285762345667,0.9582143921574322,0.9554597488069535,0.9576197132858236,0.9556873269733503,0.9592760714310733,0.9585694297066655,1.0,0.958872068715894
4,11,1.9872834841410318,0.28886221795487277,4166,2.2298856803349087,0.25690276110444177,833,2.230950856510597,0.2591,0.9786404151091098,0.08351639969716831,,,0.97,,0.9700285520951957,0.029971447904804327,0.9863787494872763,0.14675972001212398,10,0.025,0.15,0.9523386334666301,0.9599283830036252,0.9429613065670099,0.9526180085356718,0.9481401588794872,0.9509581386999723,0.9506780934527425,0.9589902145124684,0.9563259683863927,0.9578941396058465,0.958872068715894,1.0
5,0,1.9678241950092894,0.288648908087353,4167,2.2016992568969727,0.26618705035971224,834,2.2001811492292185,0.2768,0.9736191658071163,0.08330215517843066,,,0.97,,0.9700285520951957,0.029971447904804327,0.9894443629390427,0.14610686800785178,10,0.025,0.15,1.0,0.946229679845739,0.9436927746305009,0.9392374638874891,0.9384817874619644,0.9472341219164059,0.9418725754997858,0.942202926448776,0.9438243312804496,0.9434327627626694,0.9508417128452995,0.9431398110464632
5,1,1.9559445027149085,0.2915766738660907,4167,2.189638001578195,0.290167865707434,834,2.2001664940314956,0.2768,0.9750038211541922,0.08347965843159677,,,0.97,,0.9700285520951957,0.029971447904804327,0.9894443629390427,0.14610686800785178,10,0.025,0.15,0.946229679845739,1.0,0.9346474255139735,0.942608495108536,0.9463208202309671,0.9421647578376879,0.9430735502536722,0.9498192487229803,0.9494695119235612,0.943897019309988,0.9471668052820273,0.9507752665536409
5,2,1.9527595444159074,0.29692824574034077,4167,2.1999777044568742,0.29256594724220625,834,2.2006236993813815,0.2753,0.9710870005159418,0.08289482654491725,,,0.97,,0.9700285520951957,0.029971447904804327,0.9894443629390427,0.14610686800785178,10,0.025,0.15,0.9436927746305009,0.9346474255139735,1.0,0.9338986533041055,0.9433442506018953,0.9482633771441721,0.9431374873856525,0.9382657882143284,0.9405490682604205,0.9485070560117744,0.940964657532735,0.9357549567560964
5,3,1.962237620714939,0.28560115190784735,4167,2.20928042275565,0.2733812949640288,834,2.2001745157603976,0.2766,0.972105613548928,0.08327990166046129,,,0.97,,0.9700285520951957,0.029971447904804327,0.9894443629390427,0.14610686800785178,10,0.025,0.15,0.9392374638874891,0.942608495108536,0.9338986533041055,1.0,0.9358800475452987,0.9444550563529653,0.9383338489871811,0.9422090911361577,0.9463181778541553,0.9487332313801372,0.9477692442786011,0.9429370011890433
5,4,1.9689948190342297,0.29448044156467484,4167,2.207566499710083,0.2737094837935174,833,2.2002638382247732,0.2764,0.9728389347883938,0.08320465270507549,,,0.97,,0.9700285520951957,0.029971447904804327,0.9894443629390427,0.14610686800785178,10,0.025,0.15,0.9384817874619644,0.9463208202309671,0.9433442506018953,0.9358800475452987,1.0,0.9398012353407785,0.9438772654902235,0.9447015155625268,0.945821269918978,0.9474673585644897,0.949195055363776,0.9362698192378583
5,5,1.9555640841975357,0.30441564674826016,4167,2.204481840133667,0.24009603841536614,833,2.200178191631655,0.2767,0.9735359432934327,0.08328138406415916,,,0.97,,0.9700285520951957,0.029971447904804327,0.9894443629390427,0.14610686800785178,10,0.025,0.15,0.9472341219164059,0.9421647578376879,0.9482633771441721,0.9444550563529653,0.9398012353407785,1.0,0.9387576006289324,0.9455455786201838,0.9435307351362712,0.9401819826564738,0.947687857728163,0.9416692455451917
5,6,1.975415242802013,0.2879289656827454,4167,2.1967829636165073,0.2737094837935174,833,2.200524710401704,0.2763,0.9724844183152032,0.08311907327245982,,,0.97,,0.9700285520951957,0.029971447904804327,0.9894443629390427,0.14610686800785178,10,0.025,0.15,0.9418725754997858,0.9430735502536722,0.9431374873856525,0.9383338489871811,0.9438772654902235,0.9387576006289324,1.0,0.9424978739596009,0.9415386183502683,0.9426192871709667,0.9511284623100195,0.9402757100100735
5,7,1.958119346517505,0.2933525317974562,4167,2.196249212537493,0.2845138055222089,833,2.2002634639981427,0.2765,0.9748874702675304,0.08332551876852698,,,0.97,,0.9700285520951957,0.029971447904804327,0.9894443629390427,0.14610686800785178,10,0.025,0.15,0.942202926448776,0.9498192487229803,0.9382657882143284,0.9422090911361577,0.9447015155625268,0.9455455786201838,0.9424978739596009,1.0,0.9434820369960522,0.9494020819330162,0.9469154793393267,0.949941369281062
5,8,1.9686528353980093,0.2914546327412386,4166,2.2058938230787004,0.2725090036014406,833,2.2001625073106985,0.2766,0.9748365582301619,0.08350228965970821,,,0.97,,0.9700285520951957,0.029971447904804327,0.9894443629390427,0.14610686800785178,10,0.025,0.15,0.9438243312804496,0.9494695119235612,0.9405490682604205,0.9463181778541553,0.945821269918978,0.9435307351362712,0.9415386183502683,0.9434820369960522,1.0,0.9411723758732151,0.9511324077906265,0.9473829972343939
5,9,1.9681554035706954,0.2873979836773884,4166,2.195563248225621,0.29411764705882354,833,2.200161393684677,0.2766,0.9755162946134404,0.08352620349906241,,,0.97,,0.9700285520951957,0.029971447904804327,0.9894443629390427,0.14610686800785178,10,0.025,0.15,0.9434327627626694,0.943897019309988,0.9485070560117744,0.9487332313801372,0.9474673585644897,0.9401819826564738,0.9426192871709667,0.9494020819330162,0.9411723758732151,1.0,0.9494642902397438,0.9473649898624954
5,10,1.9795266368172386,0.2814690350456073,4166,2.2025932584490096,0.27010804321728693,833,2.2001707734940927,0.2768,0.9782980612577272,0.08362922107704696,,,0.97,,0.9700285520951957,0.029971447904804327,0.9894443629390427,0.14610686800785178,10,0.025,0.15,0.9508417128452995,0.9471668052820273,0.940964657532735,0.9477692442786011,0.949195055363776,0.947687857728163,0.9511284623100195,0.9469154793393267,0.9511324077906265,0.9494642902397438,1.0,0.9524192394645806
5,11,1.9453101739738927,0.3011281805088814,4166,2.199272734778268,0.28211284513805523,833,2.200161589851862,0.2766,0.974301980390556,0.08345511513855504,,,0.97,,0.9700285520951957,0.029971447904804327,0.9894443629390427,0.14610686800785178,10,0.025,0.15,0.9431398110464632,0.9507752665536409,0.9357549567560964,0.9429370011890433,0.9362698192378583,0.9416692455451917,0.9402757100100735,0.949941369281062,0.9473829972343939,0.9473649898624954,0.9524192394645806,1.0
6,0,1.93128469062574,0.30177585793136547,4167,2.167158773967198,0.2829736211031175,834,2.164850262146962,0.2956,0.9699748878854053,0.08330661403997117,,,0.97,,0.9700285520951957,0.029971447904804327,0.9909025118540535,0.14553051809398368,10,0.025,0.15,1.0,0.9372507615080092,0.934385364564626,0.9329775013625363,0.9315474206421204,0.9405600878329224,0.9346165168166892,0.9353674314439628,0.9342586872023574,0.9346377559322764,0.9405963445588771,0.936689017552162
6,1,1.9200329170082555,0.30254379649628027,4167,2.151025261197771,0.30935251798561153,834,2.1648329964166955,0.2958,0.9710218890785968,0.08345084428452607,,,0.97,,0.9700285520951957,0.029971447904804327,0.9909025118540535,0.14553051809398368,10,0.025,0.15,0.9372507615080092,1.0,0.9241465593625607,0.9355863072037589,0.9360905541398615,0.9361077670521564,0.9355642634615813,0.9418550297389005,0.9397405153513948,0.9352573517216677,0.9394011298044531,0.9438789287849535
6,2,1.913326455968799,0.30835133189344854,4167,2.1652985981532504,0.3129496402877698,834,2.1653906604911706,0.2951,0.96629894721343,0.08293408515398573,,,0.97,,0.9700285520951957,0.029971447904804327,0.9909025118540535,0.14553051809398368,10,0.025,0.15,0.934385364564626,0.9241465593625607,1.0,0.9270146050432793,0.9332289175268507,0.9398819392576515,0.9346979875746835,0.929064425817088,0.9303124335364104,0.9405117273315181,0.9305255367849126,0.926706854465501
6,3,1.9235367464296746,0.298080153587713,4167,2.1772965022495816,0.290167865707434,834,2.164841371246531,0.2957,0.9689906083615819,0.0832606941486341,,,0.97,,0.9700285520951957,0.029971447904804327,0.9909025118540535,0.14553051809398368,10,0.025,0.15,0.9329775013625363,0.9355863072037589,0.9270146050432793,1.0,0.9294654460921051,0.9367485427229252,0.9312577893961224,0.9332328492678799,0.938792833128257,0.9401301763730086,0.9402065703242167,0.9359629816739348
6,4,1.9338674469427628,0.30835133189344854,4167,2.1749747480664934,0.29531812725090034,833,2.164953476266016,0.296,0.9691252606341715,0.08321842992496058,,,0.97,,0.9700285520951957,0.029971447904804327,0.9909025118540535,0.14553051809398368,10,0.025,0.15,0.9315474206421204,0.9360905541398615,0.9332289175268507,0.9294654460921051,1.0,0.9330973920438804,0.9346656932744725,0.9364401535259959,0.9388067934581756,0.938927044346309,0.9419514132357396,0.9288312026144374
6,5,1.9173470323736017,0.31648668106551475,4167,2.169736623764038,0.25930372148859543,833,2.164846399162389,0.2956,0.9708134888511438,0.0833211021211217,,,0.97,,0.9700285520951957,0.029971447904804327,0.9909025118540535,0.14553051809398368,10,0.025,0.15,0.9405600878329224,0.9361077670521564,0.9398819392576515,0.9367485427229252,0.9330973920438804,1.0,0.9315238650383466,0.9393642118514232,0.9381565979449709,0.9324788969708465,0.9393934817028663,0.935383741077456
6,6,1.9402335647380713,0.29889608831293496,4167,2.1605726310185025,0.29891956782713086,833,2.165266450447372,0.2965,0.9686306542436135,0.08314922468728381,,,0.97,,0.9700285520951957,0.029971447904804327,0.9909025118540535,0.14553051809398368,10,0.025,0.15,0.9346165168166892,0.9355642634615813,0.9346979875746835,0.9312577893961224,0.9346656932744725,0.9315238650383466,1.0,0.934207546025937,0.9322958761251391,0.9336442873990043,0.942601751383164,0.9323129045847705
6,7,1.9210645440853003,0.3057355411567075,4167,2.159170457295009,0.3037214885954382,833,2.164951686617694,0.2961,0.9710445979719058,0.08335601022171259,,,0.97,,0.9700285520951957,0.029971447904804327,0.9909025118540535,0.14553051809398368,10,0.025,0.15,0.9353674314439628,0.9418550297389005,0.929064425817088,0.9332328492678799,0.9364401535259959,0.9393642118514232,0.934207546025937,1.0,0.9348527438966864,0.9395909921703222,0.9381107048256585,0.943193225375027
6,8,1.9292833122340116,0.3061449831973116,4166,2.171906198774065,0.29531812725090034,833,2.1648272230655334,0.2959,0.9704129589737864,0.08344500477184634,,,0.97,,0.9700285520951957,0.029971447904804327,0.9909025118540535,0.14553051809398368,10,0.025,0.15,0.9342586872023574,0.9397405153513948,0.9303124335364104,0.938792833128257,0.9388067934581756,0.9381565979449709,0.9322958761251391,0.9348527438966864,1.0,0.9309002644278337,0.9411101884070511,0.9385879648867553
6,9,1.9320755741812967,0.2993518963034085,4166,2.1578223364693776,0.3217286914765906,833,2.16482593741598,0.296,0.9711009908022823,0.08348228625823503,,,0.97,,0.9700285520951957,0.029971447904804327,0.9909025118540535,0.14553051809398368,10,0.025,0.15,0.9346377559322764,0.9352573517216677,0.9405117273315181,0.9401301763730086,0.938927044346309,0.9324788969708465,0.9336442873990043,0.9395909921703222,0.9309002644278337,1.0,0.9402338597543242,0.9395578929428404
6,10,1.9418043945774888,0.29639942390782525,4166,2.167785882949829,0.28331332533013204,833,2.16483608076844,0.2957,0.9739204907891,0.08363817586337396,,,0.97,,0.9700285520951957,0.029971447904804327,0.9909025118540535,0.14553051809398368,10,0.025,0.15,0.9405963445588771,0.9394011298044531,0.9305255367849126,0.9402065703242167,0.9419514132357396,0.9393934817028663,0.942601751383164,0.9381107048256585,0.9411101884070511,0.9402338597543242,1.0,0.9444377942041922
