round,client_id,client_i_training_loss,client_i_training_accuracy,client_i_training_dataset_size,client_i_evaluation_loss,client_i_evaluation_accuracy,client_i_evaluation_dataset_size,client_i_central_evaluation_loss,client_i_central_evaluation_accuracy,client_i_cosine_similarity,client_i_importance_coefficient,client_i_tanh_val,tanh_normalization_value,client_i_q,client_i_mask_order,client_i_v_nonzero_fraction,client_i_v_sparsity,client_i_v_cosine_similarity,client_i_reward_gradient_norm,local_epochs,learning_rate,gamma,client_0_cosine_similarity,client_1_cosine_similarity,client_2_cosine_similarity,client_3_cosine_similarity,client_4_cosine_similarity,client_5_cosine_similarity,client_6_cosine_similarity,client_7_cosine_similarity,client_8_cosine_similarity,client_9_cosine_similarity,client_10_cosine_similarity,client_11_cosine_similarity
0,0,2.2875717040264245,0.16498680105591554,4167,2.297616754259382,0.13309352517985612,834,2.2969180420984197,0.139,0.981571772248773,0.08342770383865966,,,0.9027280466797263,,0.9027660873727121,0.09723391262728787,0,0.1470667835589181,10,0.025,0.15,1.0,0.9626848119735062,0.9613842814963126,0.9578533763999716,0.953551852436279,0.9441700558445941,0.9605400198084985,0.9540842709563175,0.968185474358503,0.9659543293188658,0.9574770980319377,0.9628325815536941
0,1,2.2839585239237006,0.17257019438444923,4167,2.2978073869432722,0.1486810551558753,834,2.296921582161626,0.139,0.9792402748992289,0.08322954057044264,,,0.8702850760348458,,0.8703272763281675,0.12967272367183247,0,0.14706109771301787,10,0.025,0.15,0.9626848119735062,1.0,0.963337996010683,0.9491075231158663,0.9552604936020085,0.9606775987175202,0.9606344742035426,0.9384640321349245,0.9572042301738475,0.9637080822313351,0.9465843352664441,0.9636198432284415
0,2,2.2824570417404173,0.16352291816654668,4167,2.300574472972325,0.1366906474820144,834,2.2969181205652935,0.139,0.9864729787271186,0.08384427694527087,,,0.9709287237821713,,0.9709692858675381,0.029030714132461943,0,0.14706913746534228,10,0.025,0.15,0.9613842814963126,0.963337996010683,1.0,0.9690026963943236,0.9515989251468754,0.9657027077317263,0.9670120934752272,0.9562708342796816,0.9659233555836955,0.9737628869620523,0.9615515701811448,0.9708357260392559
0,3,2.2859227592294866,0.14638828893688505,4167,2.2943457535334995,0.13069544364508393,834,2.296921772292898,0.139,0.9786329105217315,0.08317791824710309,,,0.8618335525219644,,0.8618771764783548,0.13812282352164518,0,0.14705982830318873,10,0.025,0.15,0.9578533763999716,0.9491075231158663,0.9690026963943236,1.0,0.9528272147118833,0.952930011141077,0.955285613694146,0.9460059585643719,0.9580836240305076,0.970829973791536,0.9440222605649033,0.9581897873695593
0,4,2.2856276324301055,0.15157187425006,4167,2.2942986828940257,0.13205282112845138,833,2.2969218537777283,0.139,0.9784028926380637,0.08315836810882613,,,0.8586328354166713,,0.8586836328827714,0.14131636711722861,0,0.14705929445210433,10,0.025,0.15,0.953551852436279,0.9552604936020085,0.9515989251468754,0.9528272147118833,1.0,0.9626176774192793,0.9389371018334677,0.9526726838414945,0.9712395357741719,0.9745691186259958,0.9440473355349935,0.9541131088668997
0,5,2.28667020147497,0.17828173746100312,4167,2.2959532056535994,0.14285714285714285,833,2.296921968460083,0.1389,0.9769360646407009,0.08303369654103451,,,0.8382218074269386,,0.8382680596128138,0.1617319403871862,0,0.14705533720147784,10,0.025,0.15,0.9441700558445941,0.9606775987175202,0.9657027077317263,0.952930011141077,0.9626176774192793,1.0,0.9391909371854711,0.9370290026444803,0.9592817885574612,0.9678409714413732,0.9320418467584164,0.9726929050157056
0,6,2.2813911763104526,0.16481881449484043,4167,2.294550282614572,0.14405762304921968,833,2.2969218356699885,0.139,0.9778323986071139,0.08310987954344413,,,0.8506943657020042,,0.8507286560710337,0.14927134392896635,0,0.1470578613417029,10,0.025,0.15,0.9605400198084985,0.9606344742035426,0.9670120934752272,0.955285613694146,0.9389371018334677,0.9391909371854711,1.0,0.9481864336077439,0.9598897142254311,0.9578800254589079,0.9647976750879271,0.9523671612839049
0,7,2.2871047084981746,0.15869930405567553,4167,2.2995975017547607,0.1368547418967587,833,2.296941434280782,0.1404,0.9741892741668527,0.08280023585212935,,,0.8,,0.8000115528708884,0.19998844712911157,0,0.14700409607582327,10,0.025,0.15,0.9540842709563175,0.9384640321349245,0.9562708342796816,0.9460059585643719,0.9526726838414945,0.9370290026444803,0.9481864336077439,1.0,0.9695695599975385,0.9611260998346766,0.9553344532093171,0.9431166518750332
0,8,2.2872862895329793,0.1384781565050408,4166,2.29674802507673,0.1404561824729892,833,2.296918150744861,0.139,0.9863177445741126,0.08383108297483612,,,0.9687686282238189,,0.968815500651912,0.03118449934808798,0,0.14706912317350515,10,0.025,0.15,0.968185474358503,0.9572042301738475,0.9659233555836955,0.9580836240305076,0.9712395357741719,0.9592817885574612,0.9598897142254311,0.9695695599975385,1.0,0.9732139872428579,0.9603764535802575,0.961594633335311
0,9,2.2806137590697317,0.1456793086893903,4166,2.2966087205069408,0.1404561824729892,833,2.296918156780774,0.139,0.9885621709842007,0.08402184573627894,,,0.9999999998362816,,1.0,0.0,0,0.1470691822794775,10,0.025,0.15,0.9659543293188658,0.9637080822313351,0.9737628869620523,0.970829973791536,0.9745691186259958,0.9678409714413732,0.9578800254589079,0.9611260998346766,0.9732139872428579,1.0,0.9543912732091373,0.9676903978311262
0,10,2.2845203399658205,0.16466634661545848,4166,2.298701320375715,0.13565426170468187,833,2.296922789344305,0.1388,0.9750163762670069,0.08287053456181812,,,0.8115091913618814,,0.811547919658035,0.18845208034196503,0,0.14704714788769835,10,0.025,0.15,0.9574770980319377,0.9465843352664441,0.9615515701811448,0.9440222605649033,0.9440473355349935,0.9320418467584164,0.9647976750879271,0.9553344532093171,0.9603764535802575,0.9543912732091373,1.0,0.9509749817741132
0,11,2.28864076498783,0.14397503600576092,4166,2.2950242928096225,0.15006002400960383,833,2.296917969667459,0.139,0.9823625721574235,0.08349491708015638,,,0.9137320901659153,,0.9137743229192454,0.08622567708075457,0,0.14706747952292396,10,0.025,0.15,0.9628325815536941,0.9636198432284415,0.9708357260392559,0.9581897873695593,0.9541131088668997,0.9726929050157056,0.9523671612839049,0.9431166518750332,0.961594633335311,0.9676903978311262,0.9509749817741132,1.0
1,0,2.1867360230648156,0.21783057355411567,4167,2.2874655382973805,0.2158273381294964,834,2.2857641389098347,0.2136,0.9879375579871452,0.0833757885567443,,,1.0,,1.0,0.0,0.8531025953630529,0.14826336163203455,10,0.025,0.15,1.0,0.9744237044828594,0.9681081429585594,0.9716650756503646,0.9760372587899572,0.977433608936049,0.9725427781289168,0.9745444586115669,0.9752063816267926,0.9766774558193404,0.9767244270393306,0.9746358959075728
1,1,2.1653446219184183,0.22994960403167747,4167,2.287048373903547,0.20623501199040767,834,2.285768723186058,0.2135,0.9877790315586542,0.08324865000479767,,,1.0,,1.0,0.0,0.8534610729261107,0.14826336163203455,10,0.025,0.15,0.9744237044828594,1.0,0.9733735791407602,0.9675819812099589,0.9757517882818845,0.9778479076916401,0.9724192358246588,0.9712030262547445,0.9764521857212155,0.9758401630934356,0.9756258829956068,0.9755910650964563
1,2,2.167138349648678,0.23818094552435806,4167,2.289618968963623,0.20023980815347722,834,2.2857637314856807,0.2136,0.987075088700625,0.0836043103007685,,,1.0,,1.0,0.0,0.8530788510201387,0.14826336163203455,10,0.025,0.15,0.9681081429585594,0.9733735791407602,1.0,0.9757285237176185,0.972195406520057,0.9749412383691302,0.976241686872134,0.970873390676192,0.9727209262017892,0.9753976260613072,0.9736812452588031,0.9743329740111137
1,3,2.1786524266907663,0.21550275977921765,4167,2.282921348299299,0.21223021582733814,834,2.285769157771823,0.2135,0.9851550310210173,0.08313184175266579,,,1.0,,1.0,0.0,0.8534699456958216,0.14826336163203455,10,0.025,0.15,0.9716650756503646,0.9675819812099589,0.9757285237176185,1.0,0.9700663442893601,0.9722996812297212,0.9736058309709263,0.9685288346646208,0.9681682747474789,0.9737654635093832,0.970240483026834,0.973340610962754
1,4,2.1782752586133554,0.21303095752339812,4167,2.282407181603568,0.23169267707082833,833,2.285769263400307,0.2135,0.9895329432811767,0.0832616643067031,,,1.0,,1.0,0.0,0.8534519136519426,0.14826336163203455,10,0.025,0.15,0.9760372587899572,0.9757517882818845,0.972195406520057,0.9700663442893601,1.0,0.9777831223892431,0.9733032418108983,0.9754431112598011,0.9773073757462847,0.983446704193802,0.9774033927411255,0.9781729561981297
1,5,2.186791542082122,0.22632589392848573,4167,2.2832160336630687,0.22569027611044418,833,2.285770319685151,0.2135,0.9892989419724254,0.08317732623167048,,,1.0,,1.0,0.0,0.8535265075216655,0.14826336163203455,10,0.025,0.15,0.977433608936049,0.9778479076916401,0.9749412383691302,0.9722996812297212,0.9777831223892431,1.0,0.9772914461161931,0.9707671062565868,0.974642447462334,0.977386635944558,0.973169132312792,0.9806129884732593
1,6,2.173562124642459,0.22654187664986802,4167,2.2827460765838623,0.20768307322929172,833,2.285769592357587,0.2134,0.9876018176819389,0.08316923683457542,,,1.0,,1.0,0.0,0.8534564441116036,0.14826336163203455,10,0.025,0.15,0.9725427781289168,0.9724192358246588,0.976241686872134,0.9736058309709263,0.9733032418108983,0.9772914461161931,1.0,0.9718814836432267,0.975050306758805,0.9753689772249856,0.973124642063298,0.973214511664734
1,7,2.180776168722095,0.22620590352771777,4167,2.2894720349993025,0.1992797118847539,833,2.28579137596903,0.2127,0.987099101110713,0.08296231102293397,,,1.0,,1.0,0.0,0.8541464656322858,0.14826336163203455,10,0.025,0.15,0.9745444586115669,0.9712030262547445,0.970873390676192,0.9685288346646208,0.9754431112598011,0.9707671062565868,0.9718814836432267,1.0,0.9779981477583513,0.9761635387372714,0.9780093840705109,0.9727778834158782
1,8,2.1811241095716305,0.20892942870859338,4166,2.2859585285186768,0.21968787515006002,833,2.2857637707191176,0.2136,0.9892551503907931,0.08366682847783061,,,1.0,,1.0,0.0,0.8530785956843229,0.14826336163203455,10,0.025,0.15,0.9752063816267926,0.9764521857212155,0.9727209262017892,0.9681682747474789,0.9773073757462847,0.974642447462334,0.975050306758805,0.9779981477583513,1.0,0.9777478708468496,0.9796900281267851,0.9785125630905064
1,9,2.160249663483013,0.22237157945271244,4166,2.284635203225272,0.22929171668667467,833,2.2857637948627714,0.2136,0.9908517204118856,0.08383600818489187,,,1.0,,1.0,0.0,0.8530854588326764,0.14826336163203455,10,0.025,0.15,0.9766774558193404,0.9758401630934356,0.9753976260613072,0.9737654635093832,0.983446704193802,0.977386635944558,0.9753689772249856,0.9761635387372714,0.9777478708468496,1.0,0.9808439927859655,0.9797516484397375
1,10,2.1730998678640887,0.22366778684589533,4166,2.286656209400722,0.20168067226890757,833,2.2857723900034457,0.2135,0.9896208368198466,0.08308730391415495,,,1.0,,1.0,0.0,0.8535494690036435,0.14826336163203455,10,0.025,0.15,0.9767244270393306,0.9756258829956068,0.9736812452588031,0.970240483026834,0.9774033927411255,0.973169132312792,0.973124642063298,0.9780093840705109,0.9796900281267851,0.9808439927859655,1.0,0.9795129526062804
1,11,2.1832824248256104,0.21946711473835814,4166,2.2853550229753767,0.2112845138055222,833,2.28576399706587,0.2136,0.9898373995952019,0.08347873041226339,,,1.0,,1.0,0.0,0.853097835287794,0.14826336163203455,10,0.025,0.15,0.9746358959075728,0.9755910650964563,0.9743329740111137,0.973340610962754,0.9781729561981297,0.9806129884732593,0.973214511664734,0.9727778834158782,0.9785125630905064,0.9797516484397375,0.9795129526062804,1.0
2,0,2.100056241859089,0.24874010079193665,4167,2.2719298090253557,0.21342925659472423,834,2.268795016445691,0.2273,0.9860859046408598,0.08340227071251827,,,1.0,,1.0,0.0,0.9658878761605402,0.14771534305353326,10,0.025,0.15,1.0,0.9685955162598576,0.963846708371261,0.964061190389917,0.9704767907302302,0.9752304165062242,0.965243625626805,0.973040227712247,0.9657233799530652,0.9689481426452967,0.9698928754654531,0.9677727115920381
2,1,2.07180507255323,0.26323494120470364,4167,2.270609208515712,0.2170263788968825,834,2.268800786778897,0.2272,0.983931203042327,0.08325396614421454,,,1.0,,1.0,0.0,0.9658878761605402,0.14771534305353326,10,0.025,0.15,0.9685955162598576,1.0,0.967113586798277,0.9605954307762046,0.968134796157979,0.968991978058383,0.9628155896828166,0.9664511686184114,0.9633706843536652,0.9690948312958355,0.9677904978328434,0.9644042061083127
2,2,2.0824240521951154,0.2696424286057115,4167,2.2728778294154575,0.20743405275779375,834,2.268793709670441,0.2273,0.9843949774794122,0.08348829359908343,,,1.0,,1.0,0.0,0.9658878761605402,0.14771534305353326,10,0.025,0.15,0.963846708371261,0.967113586798277,1.0,0.9695167145863175,0.9657619166830178,0.9675481705466147,0.966336768181241,0.9670886602671172,0.9641887276229708,0.969547511382649,0.9659594720656219,0.9658053838362904
2,3,2.0940982894463973,0.25089992800575955,4167,2.2657900197165355,0.2302158273381295,834,2.2688014959987206,0.2272,0.982976853971013,0.0831509813144509,,,1.0,,1.0,0.0,0.9658878761605402,0.14771534305353326,10,0.025,0.15,0.964061190389917,0.9605954307762046,0.9695167145863175,1.0,0.9626234456381264,0.9658900086426727,0.9658151823502499,0.9655736258071013,0.9623537085010779,0.9698271259137168,0.9625959892744677,0.9672486382435648
2,4,2.086865383567232,0.25128389728821693,4167,2.264545576913016,0.24729891956782712,833,2.26880177063278,0.2272,0.9860752319251618,0.08333156239852658,,,1.0,,1.0,0.0,0.9658878761605402,0.14771534305353326,10,0.025,0.15,0.9704767907302302,0.968134796157979,0.9657619166830178,0.9626234456381264,1.0,0.9678547909336895,0.9630227482194453,0.9738300096472577,0.9671674605149432,0.9748852373038854,0.9707048203108333,0.9682190697488655
2,5,2.0991782632741063,0.2575233981281497,4167,2.264334031513759,0.23289315726290516,833,2.2688041095492206,0.2272,0.985578297323457,0.0832634395041973,,,1.0,,1.0,0.0,0.9658878761605402,0.14771534305353326,10,0.025,0.15,0.9752304165062242,0.968991978058383,0.9675481705466147,0.9658900086426727,0.9678547909336895,1.0,0.9692364437117091,0.9673016091191532,0.9626403332934328,0.9692539342636319,0.9651745184340876,0.9677393269148763
2,6,2.0864926836707376,0.26597072234221264,4167,2.2647506509508406,0.2460984393757503,833,2.268802636786352,0.2272,0.9813791259486848,0.08312219151614522,,,1.0,,1.0,0.0,0.9658878761605402,0.14771534305353326,10,0.025,0.15,0.965243625626805,0.9628155896828166,0.966336768181241,0.9658151823502499,0.9630227482194453,0.9692364437117091,1.0,0.9603169545768433,0.9578513723379474,0.9661269149186391,0.9581629600213318,0.9623075160371717
2,7,2.088402065002557,0.26491480681545476,4167,2.2735755102975026,0.21968787515006002,833,2.268827706952638,0.2255,0.985918276383491,0.08314190646998718,,,1.0,,1.0,0.0,0.9658878761605402,0.14771534305353326,10,0.025,0.15,0.973040227712247,0.9664511686184114,0.9670886602671172,0.9655736258071013,0.9738300096472577,0.9673016091191532,0.9603169545768433,1.0,0.9689248986960523,0.9707013224472779,0.9704933628202701,0.9672112512719491
2,8,2.089699797919302,0.24971195391262602,4166,2.2694463389260426,0.22448979591836735,833,2.2687937126883977,0.2273,0.9833097452636008,0.08349162333349372,,,1.0,,1.0,0.0,0.9658878761605402,0.14771534305353326,10,0.025,0.15,0.9657233799530652,0.9633706843536652,0.9641887276229708,0.9623537085010779,0.9671674605149432,0.9626403332934328,0.9578513723379474,0.9689248986960523,1.0,0.9654348517920601,0.9729836672313633,0.9692242235692867
2,9,2.073359864047079,0.2571051368218915,4166,2.266482251031058,0.24849939975990396,833,2.2687937247602243,0.2273,0.987004956424792,0.08371583649206926,,,1.0,,1.0,0.0,0.9658878761605402,0.14771534305353326,10,0.025,0.15,0.9689481426452967,0.9690948312958355,0.969547511382649,0.9698271259137168,0.9748852373038854,0.9692539342636319,0.9661269149186391,0.9707013224472779,0.9654348517920601,1.0,0.9691525949192514,0.9705222869536726
2,10,2.0813474185539014,0.2613778204512722,4166,2.268280131476266,0.22088835534213686,833,2.2688083014910734,0.2273,0.9853800883246966,0.08320150552026996,,,1.0,,1.0,0.0,0.9658878761605402,0.14771534305353326,10,0.025,0.15,0.9698928754654531,0.9677904978328434,0.9659594720656219,0.9625959892744677,0.9707048203108333,0.9651745184340876,0.9581629600213318,0.9704933628202701,0.9729836672313633,0.9691525949192514,1.0,0.9715921663105213
2,11,2.096646559238434,0.2512481997119539,4166,2.2703541346958707,0.22208883553421369,833,2.2687947357757183,0.2273,0.9851824876926932,0.08343642299504359,,,1.0,,1.0,0.0,0.9658878761605402,0.14771534305353326,10,0.025,0.15,0.9677727115920381,0.9644042061083127,0.9658053838362904,0.9672486382435648,0.9682190697488655,0.9677393269148763,0.9623075160371717,0.9672112512719491,0.9692242235692867,0.9705222869536726,0.9715921663105213,1.0
3,0,2.037670333818956,0.26976241900647946,4167,2.250758716038295,0.22422062350119903,834,2.2457919543302514,0.2455,0.9819104127943289,0.08340717590435402,,,1.0,,1.0,0.0,0.9797515777190283,0.14714249435469498,10,0.025,0.15,1.0,0.9597268443099516,0.9549527530751867,0.9577879883738689,0.9644413283132331,0.9646360250037012,0.9557343081007713,0.9645083876839485,0.9558188911693448,0.9628157469907841,0.9599862510525918,0.9580234303775956
3,1,2.009341311454773,0.283177345812335,4167,2.248242207935878,0.2278177458033573,834,2.245798702481427,0.2455,0.9801153090888947,0.08325726741377174,,,1.0,,1.0,0.0,0.9797515777190283,0.14714249435469498,10,0.025,0.15,0.9597268443099516,1.0,0.9592325236487738,0.9539265017396861,0.9609050128853679,0.9597543630664136,0.9544613408894735,0.9557781374785619,0.9525779067162677,0.9639897597656838,0.9581097026741952,0.9588635556501364
3,2,2.0217172445672933,0.28461723062155025,4167,2.250286102294922,0.23621103117505995,834,2.2457895550546767,0.2455,0.9800408194847481,0.0833995337870118,,,1.0,,1.0,0.0,0.9797515777190283,0.14714249435469498,10,0.025,0.15,0.9549527530751867,0.9592325236487738,1.0,0.9606181479214175,0.9568983069587316,0.9580007095002459,0.9531727564228646,0.959887882120229,0.9574933874549474,0.9619414969680928,0.9561340950057069,0.9580232959298014
3,3,2.0358400641065657,0.2683225341972642,4167,2.2427234990256175,0.2314148681055156,834,2.2457996471018733,0.2455,0.9802231484528685,0.08319718324944986,,,1.0,,1.0,0.0,0.9797515777190283,0.14714249435469498,10,0.025,0.15,0.9577879883738689,0.9539265017396861,0.9606181479214175,1.0,0.9571870466175985,0.9599490120107358,0.9589184171721157,0.9588062719454042,0.9579936007582552,0.9598904820510259,0.9554045172920059,0.9581924553592341
3,4,2.0214023474491003,0.27360211183105354,4167,2.240232297352382,0.28331332533013204,833,2.2458000515080707,0.2455,0.9829515282097167,0.0833973504564389,,,1.0,,1.0,0.0,0.9797515777190283,0.14714249435469498,10,0.025,0.15,0.9644413283132331,0.9609050128853679,0.9568983069587316,0.9571870466175985,1.0,0.9585984935510152,0.9529516060934825,0.9667450514863267,0.961364455969516,0.9679760458465728,0.961971273575059,0.961632560409708
3,5,2.0379129752968295,0.27415406767458605,4167,2.2390993663242886,0.24729891956782712,833,2.2458038330078125,0.2455,0.9819855937714397,0.0833238968207185,,,1.0,,1.0,0.0,0.9797515777190283,0.14714249435469498,10,0.025,0.15,0.9646360250037012,0.9597543630664136,0.9580007095002459,0.9599490120107358,0.9585984935510152,1.0,0.9605618523955545,0.9605350413351469,0.9550772268834206,0.964818150273971,0.9573228409050439,0.960109630824194
3,6,2.0257750966332178,0.28488120950323975,4167,2.2402985777173723,0.27611044417767105,833,2.2458015574684627,0.2455,0.9759417212254682,0.08304027010320245,,,1.0,,1.0,0.0,0.9797515777190283,0.14714249435469498,10,0.025,0.15,0.9557343081007713,0.9544613408894735,0.9531727564228646,0.9589184171721157,0.9529516060934825,0.9605618523955545,1.0,0.9510495376221334,0.9459588626709122,0.9590852762657363,0.9468118246325659,0.9496067061215812
3,7,2.023578854040666,0.28735301175905925,4167,2.2517315660204207,0.234093637454982,833,2.2458304996731915,0.2456,0.9820727198430234,0.08325168680349408,,,1.0,,1.0,0.0,0.9797515777190283,0.14714249435469498,10,0.025,0.15,0.9645083876839485,0.9557781374785619,0.959887882120229,0.9588062719454042,0.9667450514863267,0.9605350413351469,0.9510495376221334,1.0,0.960154400435681,0.9620292973076148,0.9611897921670889,0.9597388126974794
3,8,2.0260965408700886,0.2686509841574652,4166,2.2471755232129778,0.24849939975990396,833,2.24578954298285,0.2455,0.9797194027251497,0.08339114443818116,,,1.0,,1.0,0.0,0.9797515777190283,0.14714249435469498,10,0.025,0.15,0.9558188911693448,0.9525779067162677,0.9574933874549474,0.9579936007582552,0.961364455969516,0.9550772268834206,0.9459588626709122,0.960154400435681,1.0,0.9588561813209975,0.9653193718546647,0.9619468641328068
3,9,2.0135710615100284,0.278756601056169,4166,2.241887262889317,0.2605042016806723,833,2.245789530911023,0.2455,0.9841770925290053,0.08367445123167999,,,1.0,,1.0,0.0,0.9797515777190283,0.14714249435469498,10,0.025,0.15,0.9628157469907841,0.9639897597656838,0.9619414969680928,0.9598904820510259,0.9679760458465728,0.964818150273971,0.9590852762657363,0.9620292973076148,0.9588561813209975,1.0,0.9612004350113351,0.9623606366083028
3,10,2.017573432488875,0.2815890542486798,4166,2.2433833735329762,0.25090036014405764,833,2.245810294453102,0.2455,0.9809007262654277,0.0832503995155143,,,1.0,,1.0,0.0,0.9797515777190283,0.14714249435469498,10,0.025,0.15,0.9599862510525918,0.9581097026741952,0.9561340950057069,0.9554045172920059,0.961971273575059,0.9573228409050439,0.9468118246325659,0.9611897921670889,0.9653193718546647,0.9612004350113351,1.0,0.9631305105593954
3,11,2.034343860727368,0.27181949111857895,4166,2.2497243200029646,0.22569027611044418,833,2.2457914865469633,0.2455,0.981337351538081,0.08340964027618328,,,1.0,,1.0,0.0,0.9797515777190283,0.14714249435469498,10,0.025,0.15,0.9580234303775956,0.9588635556501364,0.9580232959298014,0.9581924553592341,0.961632560409708,0.960109630824194,0.9496067061215812,0.9597388126974794,0.9619468641328068,0.9623606366083028,0.9631305105593954,1.0
4,0,1.9877424536329327,0.28504919606431484,4167,2.224066359656198,0.24580335731414868,834,2.217187335219564,0.2689,0.9787631550422938,0.08341423478488097,,,1.0,,1.0,0.0,0.9857458306833423,0.14665232010181434,10,0.025,0.15,1.0,0.9502634124064103,0.9483898548385963,0.9537266461747138,0.9586355302159056,0.9588515746189779,0.9495308741250791,0.9586434375061593,0.9490500250096299,0.9544842678692981,0.9525528415770586,0.9488530084710279
4,1,1.9605474840510975,0.29892008639308854,4167,2.2203826904296875,0.2517985611510791,834,2.2171947352493864,0.2688,0.9756972255888396,0.08322179172087327,,,1.0,,1.0,0.0,0.9857458306833423,0.14665232010181434,10,0.025,0.15,0.9502634124064103,1.0,0.9508688186689274,0.9470767699315625,0.9526287543937556,0.9535403003838304,0.9481428695903924,0.9475060628502856,0.9424543546378301,0.9561704232696738,0.9474363551455046,0.9509787923404062
4,2,1.9747456593946977,0.2964722822174226,4167,2.222102097102574,0.2685851318944844,834,2.2171839792517165,0.2689,0.9770017114647004,0.08335219411182901,,,1.0,,1.0,0.0,0.9857458306833423,0.14665232010181434,10,0.025,0.15,0.9483898548385963,0.9508688186689274,1.0,0.9542499554988747,0.9506647015342204,0.9519238446535648,0.9457296086657815,0.9523107457094376,0.9518293179852446,0.9547686749137502,0.9514683520018437,0.9500986089735836
4,3,1.9882132880615466,0.2851211903047756,4167,2.2139431749071394,0.2673860911270983,834,2.2171957643726206,0.2688,0.9782862021416822,0.08326888823131133,,,1.0,,1.0,0.0,0.9857458306833423,0.14665232010181434,10,0.025,0.15,0.9537266461747138,0.9470767699315625,0.9542499554988747,1.0,0.9508756643572494,0.9567643089617225,0.9551244367699558,0.9526821480437468,0.9513364481594976,0.9537354484612454,0.9498384174827161,0.9520999313479784
4,4,1.9707082271575929,0.2907367410607151,4167,2.210117850984846,0.3085234093637455,833,2.2171963921076134,0.2688,0.9796452321957287,0.08343686234095105,,,1.0,,1.0,0.0,0.9857458306833423,0.14665232010181434,10,0.025,0.15,0.9586355302159056,0.9526287543937556,0.9506647015342204,0.9508756643572494,1.0,0.9514721574633572,0.9454968024706122,0.9614392790586671,0.9532969982665755,0.9588240164702692,0.9561662616870701,0.9537966458007401
4,5,1.9909636089296052,0.2880729541636669,4167,2.208212205341884,0.26770708283313327,833,2.21720163128044,0.2687,0.9795962844597934,0.08338985728572562,,,1.0,,1.0,0.0,0.9857458306833423,0.14665232010181434,10,0.025,0.15,0.9588515746189779,0.9535403003838304,0.9519238446535648,0.9567643089617225,0.9514721574633572,1.0,0.9548062328584278,0.956458401016269,0.9483554926348015,0.9570595162640558,0.9503422398958944,0.9532337464783163
4,6,1.9790552948460434,0.30220782337413005,4167,2.2099976199013844,0.3013205282112845,833,2.21719863444944,0.2688,0.9730409517474015,0.08300120120463031,,,1.0,,1.0,0.0,0.9857458306833423,0.14665232010181434,10,0.025,0.15,0.9495308741250791,0.9481428695903924,0.9457296086657815,0.9551244367699558,0.9454968024706122,0.9548062328584278,1.0,0.9421687767396913,0.9399415667012132,0.9527338648876784,0.9394331699323125,0.9429633089234081
4,7,1.9767480330033735,0.3003599712023038,4167,2.2245256219591414,0.26290516206482595,833,2.2172311861303786,0.2678,0.9788770889859953,0.08332181176296372,,,1.0,,1.0,0.0,0.9857458306833423,0.14665232010181434,10,0.025,0.15,0.9586434375061593,0.9475060628502856,0.9523107457094376,0.9526821480437468,0.9614392790586671,0.956458401016269,0.9421687767396913,1.0,0.9519290727001062,0.9541312561143944,0.9545085500089037,0.9525799303612399
4,8,1.9783039725188054,0.2868939030244839,4166,2.219557557787214,0.2605042016806723,833,2.2171839309644095,0.2689,0.9758025203371361,0.0833079867142706,,,1.0,,1.0,0.0,0.9857458306833423,0.14665232010181434,10,0.025,0.15,0.9490500250096299,0.9424543546378301,0.9518293179852446,0.9513364481594976,0.9532969982665755,0.9483554926348015,0.9399415667012132,0.9519290727001062,1.0,0.9484117574106099,0.9574890842600962,0.9541362161670173
4,9,1.9628656885840676,0.2942150744119059,4166,2.2115304129464284,0.2845138055222089,833,2.217183894748929,0.2689,0.9802336916265968,0.08362732648070687,,,1.0,,1.0,0.0,0.9857458306833423,0.14665232010181434,10,0.025,0.15,0.9544842678692981,0.9561704232696738,0.9547686749137502,0.9537354484612454,0.9588240164702692,0.9570595162640558,0.9527338648876784,0.9541312561143944,0.9484117574106099,1.0,0.9533485703166371,0.9564214411876844
4,10,1.96979672944907,0.2971675468074892,4166,2.212567056928362,0.2653061224489796,833,2.2172103380855126,0.2685,0.9774943986805554,0.08327602426092065,,,1.0,,1.0,0.0,0.9857458306833423,0.14665232010181434,10,0.025,0.15,0.9525528415770586,0.9474363551455046,0.9514683520018437,0.9498384174827161,0.9561662616870701,0.9503422398958944,0.9394331699323125,0.9545085500089037,0.9574890842600962,0.9533485703166371,1.0,0.9555442684523899
4,11,1.9892056450699316,0.28362938070091215,4166,2.2237307684762135,0.2424969987995198,833,2.217186710502528,0.2689,0.9777201895000744,0.0833818211009367,,,1.0,,1.0,0.0,0.9857458306833423,0.14665232010181434,10,0.025,0.15,0.9488530084710279,0.9509787923404062,0.9500986089735836,0.9520999313479784,0.9537966458007401,0.9532337464783163,0.9429633089234081,0.9525799303612399,0.9541362161670173,0.9564214411876844,0.9555442684523899,1.0
5,0,1.9480202754338583,0.29546436285097194,4167,2.1923741613115584,0.2697841726618705,834,2.183674546736705,0.2887,0.9761208505776523,0.0834013761873018,,,1.0,,1.0,0.0,0.9886296825685151,0.14633566626766056,10,0.025,0.15,1.0,0.9467866939461732,0.9451720521950687,0.9486359712860777,0.9515746085705875,0.9538634422732193,0.947735510260089,0.9515742566651305,0.9431191794103642,0.9490409697771642,0.9486896834668244,0.9410505496730226
5,1,1.9186935442866702,0.3115670746340293,4167,2.1878740106310164,0.28177458033573144,834,2.183682441711426,0.2887,0.9730757941125835,0.08318313561444628,,,1.0,,1.0,0.0,0.9886296825685151,0.14633566626766056,10,0.025,0.15,0.9467866939461732,1.0,0.9457712868109447,0.9413590578902118,0.9512698531692234,0.9481357827887644,0.9429489783204658,0.9433567929497767,0.9364007502265245,0.9494574566223247,0.9455981025023749,0.9406059275352061
5,2,1.9329677549275486,0.30907127429805614,4167,2.1893297604152133,0.28177458033573144,834,2.183670279345935,0.2887,0.975836258161358,0.08335372015998374,,,1.0,,1.0,0.0,0.9886296825685151,0.14633566626766056,10,0.025,0.15,0.9451720521950687,0.9457712868109447,1.0,0.9518542226028812,0.9474085649261711,0.9465313380300856,0.9431434823931445,0.949375394631324,0.9492188733574168,0.9518610756443789,0.9485572059469879,0.945040726852167
5,3,1.9483543934244099,0.30167986561075116,4167,2.180043799536569,0.2829736211031175,834,2.1836832897572576,0.2888,0.9762856950228275,0.08331681061510018,,,1.0,,1.0,0.0,0.9886296825685151,0.14633566626766056,10,0.025,0.15,0.9486359712860777,0.9413590578902118,0.9518542226028812,1.0,0.9495187211896062,0.9512095806925184,0.9488992279752821,0.9472137154485378,0.9480961084370151,0.9487513289468712,0.9472198967674249,0.9465024482606036
5,4,1.9255691575281548,0.3050155987520998,4167,2.174858808517456,0.3157262905162065,833,2.18368417401857,0.2888,0.9782336286881054,0.08348418194226188,,,1.0,,1.0,0.0,0.9886296825685151,0.14633566626766056,10,0.025,0.15,0.9515746085705875,0.9512698531692234,0.9474085649261711,0.9495187211896062,1.0,0.9468936595256239,0.9429492325015973,0.9569305086580642,0.9499591766470319,0.9512848970031782,0.9549163172934181,0.9492444617776886
5,5,1.9511911829312643,0.2988480921526278,4167,2.172480344772339,0.2965186074429772,833,2.1836908648285687,0.2887,0.9770703188044713,0.0834172129197449,,,1.0,,1.0,0.0,0.9886296825685151,0.14633566626766056,10,0.025,0.15,0.9538634422732193,0.9481357827887644,0.9465313380300856,0.9512095806925184,0.9468936595256239,1.0,0.9493502696404023,0.9514419514368457,0.9443785115136324,0.9535185512912333,0.9473663309796474,0.9456789871648169
5,6,1.9383421005624712,0.31166306695464363,4167,2.1746844904763356,0.3157262905162065,833,2.183687167831614,0.2887,0.9714984461628478,0.08299527613693938,,,1.0,,1.0,0.0,0.9886296825685151,0.14633566626766056,10,0.025,0.15,0.947735510260089,0.9429489783204658,0.9431434823931445,0.9488992279752821,0.9429492325015973,0.9493502696404023,1.0,0.9391579831252929,0.9369171703732233,0.948721521336628,0.9376492548867613,0.9359177405552209
5,7,1.9307684266205989,0.31773458123350135,4167,2.1925185748509,0.2845138055222089,833,2.183724177034595,0.2894,0.9762697468137358,0.08334903794407286,,,1.0,,1.0,0.0,0.9886296825685151,0.14633566626766056,10,0.025,0.15,0.9515742566651305,0.9433567929497767,0.949375394631324,0.9472137154485378,0.9569305086580642,0.9514419514368457,0.9391579831252929,1.0,0.9460308477174775,0.9484119864410798,0.9498624389872465,0.9456392600633138
5,8,1.9348732753233475,0.2999759961593855,4166,2.18728164264134,0.2785114045618247,833,2.183670209932931,0.2887,0.9739411742012227,0.08326465120948442,,,1.0,,1.0,0.0,0.9886296825685151,0.14633566626766056,10,0.025,0.15,0.9431191794103642,0.9364007502265245,0.9492188733574168,0.9480961084370151,0.9499591766470319,0.9443785115136324,0.9369171703732233,0.9460308477174775,1.0,0.9448963611693411,0.9541164821135724,0.9486280920934772
5,9,1.9224639636097531,0.3102976476236198,4166,2.1761160918644498,0.29411764705882354,833,2.1836701254301434,0.2887,0.977739189933489,0.0835859306605355,,,1.0,,1.0,0.0,0.9886296825685151,0.14633566626766056,10,0.025,0.15,0.9490409697771642,0.9494574566223247,0.9518610756443789,0.9487513289468712,0.9512848970031782,0.9535185512912333,0.948721521336628,0.9484119864410798,0.9448963611693411,1.0,0.9504947855506103,0.9496223696578711
5,10,1.9283554095210451,0.30638502160345654,4166,2.1765086310250417,0.29531812725090034,833,2.183701762670203,0.2887,0.9769342068866071,0.08334234554008345,,,1.0,,1.0,0.0,0.9886296825685151,0.14633566626766056,10,0.025,0.15,0.9486896834668244,0.9455981025023749,0.9485572059469879,0.9472198967674249,0.9549163172934181,0.9473663309796474,0.9376492548867613,0.9498624389872465,0.9541164821135724,0.9504947855506103,1.0,0.9523273851241602
5,11,1.9450626282980947,0.29781565050408065,4166,2.192725624356951,0.27130852340936373,833,2.1836737137806566,0.2887,0.9738178698947224,0.08330632107004556,,,1.0,,1.0,0.0,0.9886296825685151,0.14633566626766056,10,0.025,0.15,0.9410505496730226,0.9406059275352061,0.945040726852167,0.9465024482606036,0.9492444617776886,0.9456789871648169,0.9359177405552209,0.9456392600633138,0.9486280920934772,0.9496223696578711,0.9523273851241602,1.0
6,0,1.9112822669925111,0.3107751379889609,4167,2.15666811806815,0.2805755395683453,834,2.1459702117533626,0.305,0.9737015461345767,0.08339787575874569,,,1.0,,1.0,0.0,0.9911352008806242,0.14595263789837137,10,0.025,0.15,1.0,0.9392448859614924,0.9407748425161533,0.9421140323878296,0.9466627011074878,0.9470081611830339,0.9405239083553898,0.9476084867574674,0.939009147313546,0.9429034282589274,0.9440383923158546,0.9391779611362218
6,1,1.8804927414113826,0.3244060475161987,4167,2.151298557009016,0.2973621103117506,834,2.1459778139862835,0.3048,0.9688019195517648,0.08310298247579866,,,1.0,,1.0,0.0,0.9911352008806242,0.14595263789837137,10,0.025,0.15,0.9392448859614924,1.0,0.9382719992928993,0.9338018061622398,0.943803784249548,0.9393275037865365,0.9339072079842816,0.9367284605600943,0.9290112296896614,0.94217764658626,0.9391609577023937,0.9365612195371498
6,2,1.8910896398804404,0.3217182625389969,4167,2.15255035672869,0.29376498800959233,834,2.145965304555772,0.305,0.9740347530696216,0.08337922096834885,,,1.0,,1.0,0.0,0.9911352008806242,0.14595263789837137,10,0.025,0.15,0.9407748425161533,0.9382719992928993,1.0,0.9466123653921302,0.9447572052829685,0.9443699852588802,0.9406122868554231,0.9446560682543439,0.9418436596446943,0.9456140769757442,0.944015295891706,0.9414636445706249
6,3,1.9102826497771523,0.31358291336693067,4167,2.1420807157244,0.29856115107913667,834,2.1459780735305594,0.3048,0.9737748277934349,0.0833478869874756,,,1.0,,1.0,0.0,0.9911352008806242,0.14595263789837137,10,0.025,0.15,0.9421140323878296,0.9338018061622398,0.9466123653921302,1.0,0.9442429837615165,0.9459100379768468,0.9442906574645411,0.9411685281689781,0.9423741177512598,0.9443175312481911,0.9419448190691244,0.943214223226074
6,4,1.8853185043190466,0.31761459083273336,4167,2.1353690964835033,0.32653061224489793,833,2.145979341072372,0.3048,0.9759712119227147,0.0835231513297463,,,1.0,,1.0,0.0,0.9911352008806242,0.14595263789837137,10,0.025,0.15,0.9466627011074878,0.943803784249548,0.9447572052829685,0.9442429837615165,1.0,0.9423587026088088,0.9384071746538779,0.9516692317809471,0.94357201884484,0.9442904526967184,0.9503961848275578,0.9453574686905234
6,5,1.914017101128896,0.3095032397408207,4167,2.1324377741132463,0.30612244897959184,833,2.1459871756879587,0.3048,0.9744082484829322,0.08343072210673436,,,1.0,,1.0,0.0,0.9911352008806242,0.14595263789837137,10,0.025,0.15,0.9470081611830339,0.9393275037865365,0.9443699852588802,0.9459100379768468,0.9423587026088088,1.0,0.9439663542666975,0.9476654459570985,0.9376242237192369,0.9442078443712211,0.9418191205290213,0.9430682748658727
6,6,1.9031114141146341,0.3212862970962323,4167,2.135230234691075,0.33133253301320525,833,2.14598301694363,0.3048,0.9688717399668615,0.08298890339501669,,,1.0,,1.0,0.0,0.9911352008806242,0.14595263789837137,10,0.025,0.15,0.9405239083553898,0.9339072079842816,0.9406122868554231,0.9442906574645411,0.9384071746538779,0.9439663542666975,1.0,0.9329392238513438,0.9312487099951209,0.9432483148194591,0.9321953210470526,0.9316258008387002
6,7,1.8948732563943573,0.3268298536117111,4167,2.1562972409384593,0.304921968787515,833,2.146022941492781,0.3046,0.9738623895710756,0.08337070212221111,,,1.0,,1.0,0.0,0.9911352008806242,0.14595263789837137,10,0.025,0.15,0.9476084867574674,0.9367284605600943,0.9446560682543439,0.9411685281689781,0.9516692317809471,0.9476654459570985,0.9329392238513438,1.0,0.9413474595636219,0.9401939799389085,0.9450753781773353,0.9418893704400284
6,8,1.8951292153560755,0.31080172827652425,4166,2.150746856416975,0.2929171668667467,833,2.145965238160725,0.305,0.9710270756395947,0.08322600800283063,,,1.0,,1.0,0.0,0.9911352008806242,0.14595263789837137,10,0.025,0.15,0.939009147313546,0.9290112296896614,0.9418436596446943,0.9423741177512598,0.94357201884484,0.9376242237192369,0.9312487099951209,0.9413474595636219,1.0,0.9395421834703022,0.9491634096863205,0.9431730418435321
6,9,1.8847934925194942,0.32052328372539607,4166,2.1363327162606374,0.3097238895558223,833,2.145965075191063,0.305,0.9742969631733773,0.08353159361147804,,,1.0,,1.0,0.0,0.9911352008806242,0.14595263789837137,10,0.025,0.15,0.9429034282589274,0.94217764658626,0.9456140769757442,0.9443175312481911,0.9442904526967184,0.9442078443712211,0.9432483148194591,0.9401939799389085,0.9395421834703022,1.0,0.9447602153951,0.9446622767155876
6,10,1.890649004054792,0.3185549687950072,4166,2.1357977049691335,0.3205282112845138,833,2.145999820926521,0.3049,0.9746705537287004,0.08339290203854628,,,1.0,,1.0,0.0,0.9911352008806242,0.14595263789837137,10,0.025,0.15,0.9440383923158546,0.9391609577023937,0.944015295891706,0.9419448190691244,0.9503961848275578,0.9418191205290213,0.9321953210470526,0.9450753781773353,0.9491634096863205,0.9447602153951,1.0,0.9478205504572971
6,11,1.913027832363591,0.3086413826212194,4166,2.15754120690482,0.29411764705882354,833,2.145969179612172,0.305,0.972752119721499,0.0833080512030679,,,1.0,,1.0,0.0,0.9911352008806242,0.14595263789837137,10,0.025,0.15,0.9391779611362218,0.9365612195371498,0.9414636445706249,0.943214223226074,0.9453574686905234,0.9430682748658727,0.9316258008387002,0.9418893704400284,0.9431730418435321,0.9446622767155876,0.9478205504572971,1.0
7,0,1.8761336637265755,0.3198704103671706,4167,2.117946113858904,0.2997601918465228,834,2.1054059644288654,0.3181,0.9688782179522958,0.08332305219426508,,,1.0,,1.0,0.0,0.9927501244190698,0.14556344651750447,10,0.025,0.15,1.0,0.9334471217314847,0.9332291978791994,0.9307167605224671,0.9388034196968237,0.9409268247580854,0.9344976732151629,0.9387510399597078,0.9297882276693431,0.9370649862871024,0.9363314471673867,0.9290168783049917
7,1,1.84339321382118,0.3336213102951764,4167,2.112065519605364,0.3057553956834532,834,2.1054130083397973,0.3179,0.9668821188243361,0.08307508147129461,,,1.0,,1.0,0.0,0.9927501244190698,0.14556344651750447,10,0.025,0.15,0.9334471217314847,1.0,0.9346524486252621,0.9280863346791042,0.9398226010486184,0.9367288523330909,0.9297162900708537,0.9313142980026677,0.9252999005600522,0.9389608247560104,0.9331056155167434,0.9284077393950584
7,2,1.8580058672211386,0.33170146388288935,4167,2.1131786618913924,0.2973621103117506,834,2.105400580394117,0.318,0.97132197139518,0.08339123003840752,,,1.0,,1.0,0.0,0.9927501244190698,0.14556344651750447,10,0.025,0.15,0.9332291978791994,0.9346524486252621,1.0,0.940453531174774,0.9386001342952545,0.9383773904396354,0.9370008330455565,0.9388477879485696,0.9367497959953331,0.9421824001747047,0.9382681610066207,0.9326964315497419
7,3,1.8766419739434212,0.32080633549316057,4167,2.1011814389910017,0.3261390887290168,834,2.1054125194308124,0.3179,0.9696218340288597,0.08331632449507866,,,1.0,,1.0,0.0,0.9927501244190698,0.14556344651750447,10,0.025,0.15,0.9307167605224671,0.9280863346791042,0.940453531174774,1.0,0.936672590583182,0.9407230260617159,0.9374973184347949,0.933716403420223,0.9368325002935228,0.9375049580509287,0.9333437254093226,0.9357406050870518
7,4,1.8483058098590734,0.33213342932565393,4167,2.092977319444929,0.3385354141656663,833,2.1054141913788227,0.3179,0.9734186635123304,0.08354888588612557,,,1.0,,1.0,0.0,0.9927501244190698,0.14556344651750447,10,0.025,0.15,0.9388034196968237,0.9398226010486184,0.9386001342952545,0.936672590583182,1.0,0.937724146426187,0.9351642446175943,0.9466447505050687,0.9390206032049226,0.9410107239191207,0.9446731731326029,0.9372346379663425
