round,client_id,client_i_training_loss,client_i_training_accuracy,client_i_training_dataset_size,client_i_evaluation_loss,client_i_evaluation_accuracy,client_i_evaluation_dataset_size,client_i_central_evaluation_loss,client_i_central_evaluation_accuracy,client_i_cosine_similarity,client_i_importance_coefficient,client_i_tanh_val,tanh_normalization_value,client_i_q,client_i_mask_order,client_i_v_nonzero_fraction,client_i_v_sparsity,client_i_v_cosine_similarity,client_i_reward_gradient_norm,local_epochs,learning_rate,gamma,client_0_cosine_similarity,client_1_cosine_similarity,client_2_cosine_similarity,client_3_cosine_similarity,client_4_cosine_similarity,client_5_cosine_similarity,client_6_cosine_similarity,client_7_cosine_similarity,client_8_cosine_similarity,client_9_cosine_similarity,client_10_cosine_similarity,client_11_cosine_similarity
0,0,2.2967248461463234,0.1081833453323734,4167,2.2969772475106374,0.11750599520383694,834,2.299487020395979,0.1,0.9490384571251121,0.0828376013214554,,,0.802666788989456,,0.8027182254790315,0.1972817745209685,0,0.1431885545785565,10,0.025,0.15,1.0,0.9460696540631128,0.8788730515090664,0.8631362898684855,0.8635623464973148,0.9277406890226039,0.903885503423298,0.8652212692770113,0.9199765223390546,0.8865796518695771,0.8848280705863765,0.9328903898471295
0,1,2.2974835952123005,0.10638348932085433,4167,2.300461087908064,0.09352517985611511,834,2.299486329283895,0.1,0.9599716952291765,0.08379191799051915,,,0.8767749526771429,,0.8768216401775841,0.12317835982241587,0,0.14319939598322456,10,0.025,0.15,0.9460696540631128,1.0,0.8783489395978343,0.8780231874899687,0.9018150787054806,0.9086467207915272,0.9136083956189079,0.904266291334395,0.932988487104286,0.9129789073320898,0.8918860925659576,0.9293898142690367
0,2,2.2909137472961887,0.1443484521238301,4167,2.3034566811152866,0.0815347721822542,834,2.299521657484996,0.1,0.9117623187410476,0.07958392296197511,,,0.55,,0.5500404350481095,0.4499595649518905,0,0.14280941233677083,10,0.025,0.15,0.8788730515090664,0.8783489395978343,1.0,0.8272091507683214,0.836766930612121,0.8824405359197198,0.898074413887546,0.8258850594139615,0.8746878070979537,0.8191174554371995,0.8721448655232179,0.8521417261252391
0,3,2.296593162507722,0.12447804175665947,4167,2.2991530214037215,0.09352517985611511,834,2.299489383456073,0.1,0.9481059157481659,0.08275620368132895,,,0.7963457953048331,,0.7963806505916721,0.20361934940832793,0,0.1431810784929183,10,0.025,0.15,0.8631362898684855,0.8780231874899687,0.8272091507683214,1.0,0.9148129803215911,0.92506644133337,0.9145438339606388,0.9390795655864342,0.8920805034571491,0.9065612420341288,0.892390472202931,0.9091710760737308
0,4,2.2948738719477797,0.12846172306215503,4167,2.3004372801099504,0.08763505402160865,833,2.2994865888281715,0.1,0.9571900792467126,0.08354912235452064,,,0.8579204787708178,,0.8579574524269281,0.1420425475730719,0,0.14319727013294836,10,0.025,0.15,0.8635623464973148,0.9018150787054806,0.836766930612121,0.9148129803215911,1.0,0.9150076921465454,0.9065724545858949,0.9286735787104319,0.9169829206724666,0.9461906914863685,0.9350047310422002,0.9007744215740732
0,5,2.2960067626201743,0.13345332373410126,4167,2.2997658593314037,0.10084033613445378,833,2.299486540540864,0.1,0.9692755631482743,0.08460401374453567,,,0.9398388464764372,,0.9398755590764305,0.0601244409235695,0,0.14320738416093487,10,0.025,0.15,0.9277406890226039,0.9086467207915272,0.8824405359197198,0.92506644133337,0.9150076921465454,1.0,0.9395205288123183,0.9049613704658986,0.9469111664846266,0.9071823797661189,0.910855791538174,0.9362786624786165
0,6,2.295952024604335,0.12241420686345092,4167,2.3020191533224925,0.08763505402160865,833,2.2994865375229074,0.1,0.9668959640788821,0.08439630848503298,,,0.9237093415971807,,0.9237428000858213,0.07625719991417867,0,0.14320696314541084,10,0.025,0.15,0.903885503423298,0.9136083956189079,0.898074413887546,0.9145438339606388,0.9065724545858949,0.9395205288123183,1.0,0.9347266135022081,0.949603052816039,0.9018259479346463,0.9028741995475811,0.9121087242188092
0,7,2.2984256794958404,0.12150227981761459,4167,2.2996950830732072,0.09483793517406963,833,2.2994866129718248,0.1,0.956882608397072,0.08352228450883664,,,0.8558363661010415,,0.8558696836163787,0.14413031638362128,0,0.14319712339405732,10,0.025,0.15,0.8652212692770113,0.904266291334395,0.8258850594139615,0.9390795655864342,0.9286735787104319,0.9049613704658986,0.9347266135022081,1.0,0.930239216813056,0.9272729988424953,0.9061535299235461,0.8961526475726176
0,8,2.2970995079387317,0.12930868939030246,4166,2.297163043703352,0.11764705882352941,833,2.299486513379254,0.1,0.9707746464409628,0.08473486246116572,,,0.9499999999223442,,0.9500173293063326,0.04998267069366735,0,0.14320749280617856,10,0.025,0.15,0.9199765223390546,0.932988487104286,0.8746878070979537,0.8920805034571491,0.9169829206724666,0.9469111664846266,0.949603052816039,0.930239216813056,1.0,0.9254321165478664,0.9110689134016176,0.9218280051089549
0,9,2.2964800531213934,0.1255640902544407,4166,2.300136157444545,0.11644657863145258,833,2.2994865767563444,0.1,0.9564065955234452,0.08348073533413952,,,0.8526098343434401,,0.852659635919526,0.14734036408047402,0,0.14319685525318449,10,0.025,0.15,0.8865796518695771,0.9129789073320898,0.8191174554371995,0.9065612420341288,0.9461906914863685,0.9071823797661189,0.9018259479346463,0.9272729988424953,0.9254321165478664,1.0,0.9202164222535508,0.9038427952492822
0,10,2.295192663597338,0.13406144983197313,4166,2.298905406679426,0.10324129651860744,833,2.2994868061210534,0.1,0.9522241428119514,0.08311566651352492,,,0.8242601462447086,,0.8243055899390999,0.17569441006090014,0,0.14319356811844644,10,0.025,0.15,0.8848280705863765,0.8918860925659576,0.8721448655232179,0.892390472202931,0.9350047310422002,0.910855791538174,0.9028741995475811,0.9061535299235461,0.9110689134016176,0.9202164222535508,1.0,0.8818559079618657
0,11,2.2965404134808165,0.10825732117138742,4166,2.2999726704188754,0.1056422569027611,833,2.299486531486994,0.1,0.9580864251496507,0.08362736064296537,,,0.8639961306740747,,0.864030961693981,0.13596903830601903,0,0.14319771957243022,10,0.025,0.15,0.9328903898471295,0.9293898142690367,0.8521417261252391,0.9091710760737308,0.9007744215740732,0.9362786624786165,0.9121087242188092,0.8961526475726176,0.9218280051089549,0.9038427952492822,0.8818559079618657,1.0
1,0,2.2071117570905976,0.1923446124310055,4167,2.286679812840053,0.1366906474820144,834,2.2896242594417138,0.1304,0.9837159692006305,0.08291547406360637,,,0.7848190588011164,,0.78485253585516,0.21514746414483998,0.8019607078393369,0.14801665010804954,10,0.025,0.15,1.0,0.9720538727162104,0.9678205882378471,0.9597255077009816,0.9642451604897124,0.9672737123505499,0.9686857304370352,0.9677398723036856,0.9729224283219389,0.9718956169021165,0.9681219978881058,0.9731207499600443
1,1,2.210118072683161,0.18560115190784737,4167,2.290722336087908,0.1211031175059952,834,2.2896184891085083,0.1304,0.9897585064284365,0.08369918566035367,,,0.8774766192938861,,0.877514812430889,0.12248518756911098,0.8020478242365364,0.14807062587593933,10,0.025,0.15,0.9720538727162104,1.0,0.9743510537909469,0.9719893057543543,0.9765428589796549,0.9748104046698489,0.9735336807366893,0.9794701526765374,0.978451483358671,0.9782959623252819,0.9685533858055545,0.9768432375846077
1,2,2.1792877222552445,0.20983921286297097,4167,2.292654207774571,0.11750599520383694,834,2.2897254605836506,0.1302,0.9842710678404869,0.08092933911098067,,,0.55,,0.5500404350481095,0.4499595649518905,0.7999175172784951,0.147526302617801,10,0.025,0.15,0.9678205882378471,0.9743510537909469,1.0,0.9600084265981534,0.9683147124390381,0.9720071438374634,0.9699238400987923,0.963418898036208,0.9764149044250183,0.9699952537824943,0.9739836731329791,0.9650880263839886
1,3,2.2129406195698365,0.1857211423086153,4167,2.2895736353737965,0.14388489208633093,834,2.289627383026896,0.1304,0.9845589212609875,0.0828926640497402,,,0.7821222501173895,,0.7821541152976514,0.21784588470234856,0.8020023886984252,0.14801509021950743,10,0.025,0.15,0.9597255077009816,0.9719893057543543,0.9600084265981534,1.0,0.9723410960989497,0.9729473734167202,0.9684308960428364,0.9766075304684062,0.972593867788444,0.9755882190654939,0.9673937956180769,0.965552918861892
1,4,2.199078417546821,0.19692824574034076,4167,2.2901105880737305,0.12244897959183673,833,2.2896194156212144,0.1304,0.9878640231950396,0.08348821664523254,,,0.8525339307311324,,0.8525853674638147,0.14741463253618525,0.8020788300283835,0.14805683498457708,10,0.025,0.15,0.9642451604897124,0.9765428589796549,0.9683147124390381,0.9723410960989497,1.0,0.9740218147389029,0.9740459550027598,0.9772973051762955,0.9779334914725742,0.9794116342719387,0.9706576043879963,0.9674492894859222
1,5,2.2043999765858504,0.18759299256059514,4167,2.289968592779977,0.1368547418967587,833,2.28961702539951,0.1303,0.98825724053413,0.08415073355148181,,,0.9308627452759917,,0.9309055800366391,0.06909441996336085,0.8020654719253412,0.14807825144308542,10,0.025,0.15,0.9672737123505499,0.9748104046698489,0.9720071438374634,0.9729473734167202,0.9740218147389029,1.0,0.9706473317360427,0.9712855129829847,0.9825118655583589,0.9763231883126352,0.9746522761892165,0.9702934247688728
1,6,2.1971781716202243,0.19474442044636428,4167,2.2927322387695312,0.11764705882352941,833,2.289617982091783,0.1303,0.9872426325261472,0.08398990330565262,,,0.9118479210806691,,0.9118928553745606,0.08810714462543945,0.8020331723280545,0.1480763250430865,10,0.025,0.15,0.9686857304370352,0.9735336807366893,0.9699238400987923,0.9684308960428364,0.9740459550027598,0.9706473317360427,1.0,0.9740835058739442,0.9764769320644194,0.9760337905829172,0.9721895007005318,0.9707544401480105
1,7,2.218673827431419,0.18430525557955363,4167,2.2903980868203297,0.12244897959183673,833,2.289619596698616,0.1304,0.9878566482479814,0.08347144656047598,,,0.85055121776727,,0.8505966232608804,0.14940337673911963,0.8020725165192675,0.14805614573465967,10,0.025,0.15,0.9677398723036856,0.9794701526765374,0.963418898036208,0.9766075304684062,0.9772973051762955,0.9712855129829847,0.9740835058739442,1.0,0.9716941649972184,0.9786320041977331,0.9686545819430296,0.973233206877028
1,8,2.205170215621139,0.1942390782525204,4166,2.2876206806727817,0.14645858343337334,833,2.289617124992081,0.1303,0.9907640652102976,0.08431259933215521,,,0.9499999998817708,,0.9500173293063326,0.04998267069366735,0.8020330059189019,0.1480806387749562,10,0.025,0.15,0.9729224283219389,0.978451483358671,0.9764149044250183,0.972593867788444,0.9779334914725742,0.9825118655583589,0.9764769320644194,0.9716941649972184,1.0,0.9807032116557736,0.9740363550165185,0.9728107799119206
1,9,2.2111330527247803,0.1925588094095055,4166,2.290419885090419,0.14285714285714285,833,2.289619789847845,0.1304,0.9905892139013313,0.08353444067256256,,,0.8579989584611383,,0.8580317208826393,0.14196827911736065,0.8020574947268155,0.14805818546702126,10,0.025,0.15,0.9718956169021165,0.9782959623252819,0.9699952537824943,0.9755882190654939,0.9794116342719387,0.9763231883126352,0.9760337905829172,0.9786320041977331,0.9807032116557736,1.0,0.9734113079603243,0.9742786202038988
1,10,2.1987718769998263,0.19985597695631302,4166,2.2895479883466447,0.12845138055222088,833,2.2896216760707806,0.1304,0.9857510671555929,0.08315272622883384,,,0.8128691820133325,,0.8129177600633758,0.1870822399366242,0.8020639265282912,0.14804264027608044,10,0.025,0.15,0.9681219978881058,0.9685533858055545,0.9739836731329791,0.9673937956180769,0.9706576043879963,0.9746522761892165,0.9721895007005318,0.9686545819430296,0.9740363550165185,0.9734113079603243,1.0,0.9661302212701216
1,11,2.2096570719372144,0.1801248199711954,4166,2.289635283606393,0.12725090036014405,833,2.2896194820162616,0.1304,0.985608010834995,0.08346327081892457,,,0.849584606745414,,0.8496228812859996,0.1503771187140004,0.8020815022475912,0.1480558993479992,10,0.025,0.15,0.9731207499600443,0.9768432375846077,0.9650880263839886,0.965552918861892,0.9674492894859222,0.9702934247688728,0.9707544401480105,0.973233206877028,0.9728107799119206,0.9742786202038988,0.9661302212701216,1.0
2,0,2.106593197042292,0.2402687784977202,4167,2.2707321303231374,0.15467625899280577,834,2.274220216123364,0.1503,0.9854389421082278,0.08308400714422955,,,0.7775003313805576,,0.7775577230941889,0.2224422769058111,0.9608866993161503,0.14767661717416108,10,0.025,0.15,1.0,0.9694420544537669,0.9677608452324725,0.961430157929666,0.9676650010151231,0.9697720769257318,0.9681034497287286,0.9683281092228055,0.9730229593102149,0.9698993044122923,0.9674602040289612,0.9673646860841887
2,1,2.1080256736639775,0.23760499160067194,4167,2.275321994509016,0.14268585131894485,834,2.2741981095905546,0.1504,0.986654756282972,0.08360656321806392,,,0.8684244166427737,,0.8684540608341172,0.13154593916588275,0.9616167441720866,0.14774812297890175,10,0.025,0.15,0.9694420544537669,1.0,0.9679920931802998,0.9674915001209005,0.9711531231322558,0.9689068627305955,0.9676442481851132,0.9737260059669062,0.9755236489604554,0.9690350185386755,0.960840925361023,0.9725654261295485
2,2,2.0834882830128527,0.2523398128149748,4167,2.2764523369925365,0.13788968824940048,834,2.274522883982598,0.1509,0.9828759922954561,0.08177652431809607,,,0.55,,0.5500404350481095,0.4499595649518905,0.9561780675174965,0.14692092311331573,10,0.025,0.15,0.9677608452324725,0.9679920931802998,1.0,0.9584927887904959,0.9648094621773788,0.9665749596138932,0.9629912290328109,0.9635511410387566,0.9717882863751306,0.9659737703669317,0.9673940574030339,0.9634940343804693
2,3,2.1201004566568318,0.22939764818814495,4167,2.2748733248029436,0.1618705035971223,834,2.2742231375054467,0.1507,0.9822270147709129,0.08296573797182362,,,0.7569216473805386,,0.7569606047102705,0.2430393952897295,0.9608828866302531,0.14765431709159388,10,0.025,0.15,0.961430157929666,0.9674915001209005,0.9584927887904959,1.0,0.9667641327683906,0.9659955452974148,0.9623175751594866,0.9697024914051557,0.9710246763558041,0.9674214885854608,0.9586264356707473,0.9628606035179953
2,4,2.104558869564172,0.24067674586033116,4167,2.2742719650268555,0.14165666266506602,833,2.2741984264760076,0.1504,0.9865112991916901,0.08347185944438743,,,0.844986133143296,,0.8450182370319024,0.15498176296809762,0.9613668690488487,0.14773775496954297,10,0.025,0.15,0.9676650010151231,0.9711531231322558,0.9648094621773788,0.9667641327683906,1.0,0.9702492547908698,0.9699183915689646,0.9727123219537919,0.9732320898674971,0.971174351400003,0.9683766050639387,0.9665566960443236
2,5,2.1078028613870794,0.2357091432685385,4167,2.2746925013405934,0.15966386554621848,833,2.2741991809651823,0.1505,0.98651091956942,0.08388024808520346,,,0.9160452317874096,,0.9160848970969286,0.08391510290307136,0.9616361999920235,0.14776854477401233,10,0.025,0.15,0.9697720769257318,0.9689068627305955,0.9665749596138932,0.9659955452974148,0.9702492547908698,1.0,0.9679916707808354,0.9666069527703139,0.9768544791269724,0.9682403688125426,0.9702684016376631,0.9709641771288517
2,6,2.102563075585799,0.2380609551235901,4167,2.27795147895813,0.14285714285714285,833,2.2741991779472253,0.1502,0.984136137085387,0.08370405836163484,,,0.8853884463241207,,0.8854285289894539,0.1145714710105461,0.9615975094259713,0.14776114722223216,10,0.025,0.15,0.9681034497287286,0.9676442481851132,0.9629912290328109,0.9623175751594866,0.9699183915689646,0.9679916707808354,1.0,0.9688230300837496,0.9713847585591576,0.9668968746191567,0.9639509271859328,0.9643242917867421
2,7,2.1224010716785084,0.22934965202783777,4167,2.2755263873509,0.14645858343337334,833,2.2741983570630038,0.1504,0.9857588144997407,0.08343710800363517,,,0.8389394271146828,,0.8389777359673879,0.1610222640326121,0.9613643821021064,0.1477345631693171,10,0.025,0.15,0.9683281092228055,0.9737260059669062,0.9635511410387566,0.9697024914051557,0.9727123219537919,0.9666069527703139,0.9688230300837496,1.0,0.9698552974321535,0.9698177443692884,0.9628012465099836,0.9678409233300065
2,8,2.101810571641633,0.23960633701392223,4166,2.2724835191454207,0.16806722689075632,833,2.2741972736165494,0.1505,0.989450233050018,0.08407539187161642,,,0.9499999998260013,,0.9500173293063326,0.04998267069366735,0.9617929700950939,0.14777892330711373,10,0.025,0.15,0.9730229593102149,0.9755236489604554,0.9717882863751306,0.9710246763558041,0.9732320898674971,0.9768544791269724,0.9713847585591576,0.9698552974321535,1.0,0.9746719244865285,0.9685669317629052,0.9713112022943408
2,9,2.1159211910132205,0.23670187229956793,4166,2.275051934378488,0.15726290516206481,833,2.2741991326778748,0.1504,0.9857031655893272,0.08347413452169414,,,0.8453819936707525,,0.8454308395636315,0.15456916043636848,0.9613947292257148,0.14773818745640482,10,0.025,0.15,0.9698993044122923,0.9690350185386755,0.9659737703669317,0.9674214885854608,0.971174351400003,0.9682403688125426,0.9668968746191567,0.9698177443692884,0.9746719244865285,1.0,0.9632689493767145,0.9667192245903675
2,10,2.0994949037378485,0.24438310129620738,4166,2.2749580315181186,0.14645858343337334,833,2.274213398559184,0.1503,0.9825094332353904,0.08313521314544069,,,0.7864101097817451,,0.7864616857289036,0.21353831427109637,0.9610135840546303,0.14768428251520302,10,0.025,0.15,0.9674602040289612,0.960840925361023,0.9673940574030339,0.9586264356707473,0.9683766050639387,0.9702684016376631,0.9639509271859328,0.9628012465099836,0.9685669317629052,0.9632689493767145,1.0,0.9640893154863025
2,11,2.1171765620058234,0.22938070091214594,4166,2.2734905992235457,0.14765906362545017,833,2.2741990511930443,0.1504,0.9844361024387559,0.08338915391417485,,,0.8305954771788071,,0.8306349127758248,0.1693650872241752,0.9613247225186946,0.14772987693368297,10,0.025,0.15,0.9673646860841887,0.9725654261295485,0.9634940343804693,0.9628606035179953,0.9665566960443236,0.9709641771288517,0.9643242917867421,0.9678409233300065,0.9713112022943408,0.9667192245903675,0.9640893154863025,1.0
3,0,2.0406145330631373,0.2680345572354212,4167,2.2486434323447093,0.21223021582733814,834,2.2527857400194,0.213,0.982528731954562,0.08322559376734237,,,0.7773451852434174,,0.7773844300308627,0.22261556996913734,0.9802688994394356,0.14707426255363756,10,0.025,0.15,1.0,0.9639277193468897,0.9597518816990064,0.9545040835157302,0.9604528594817296,0.9640680413942254,0.960338053406699,0.9637876422618724,0.965238545710942,0.9603551707663434,0.9580331741757032,0.9572247196674083
3,1,2.0441976890419467,0.2685625149988001,4167,2.2538297176361084,0.21342925659472423,834,2.252747418005255,0.2128,0.983441841756724,0.0835779017972051,,,0.8649105224165607,,0.8649386872637851,0.1350613127362149,0.9810984018699374,0.14714255627565978,10,0.025,0.15,0.9639277193468897,1.0,0.9608153309511086,0.9613793521350159,0.961491638784816,0.9611345218289246,0.9596793319524115,0.966491515189376,0.9689844438361636,0.9603037842773798,0.949975181599665,0.9640335599465298
3,2,2.0225192615480134,0.2767218622510199,4167,2.2545103345598494,0.19544364508393286,834,2.2535066846050795,0.2135,0.9792227509428096,0.08231089924439988,,,0.55,,0.5500404350481095,0.4499595649518905,0.976915736905557,0.1462986392303515,10,0.025,0.15,0.9597518816990064,0.9608153309511086,1.0,0.9515021305115484,0.954060823557187,0.9587884861282119,0.9536363175360293,0.9569472738084319,0.9619381245237623,0.9572396524592897,0.9584110965856079,0.9564163410300732
3,3,2.057595164486856,0.2587952963762899,4167,2.254599400929042,0.21342925659472423,834,2.2528015842920617,0.2126,0.9787990584802515,0.08303137375269515,,,0.7290722546633703,,0.7291181858691885,0.27088181413081147,0.9799488990696776,0.14700586712478958,10,0.025,0.15,0.9545040835157302,0.9613793521350159,0.9515021305115484,1.0,0.9568938198730335,0.9559248960497833,0.9541891091112056,0.959643115831888,0.9652991226810852,0.9609274410831153,0.9485592704827781,0.9549368578662752
3,4,2.0391130194519507,0.26849052075833935,4167,2.2524678707122803,0.21008403361344538,833,2.2527502488486375,0.2128,0.9815479545600577,0.08343318994791674,,,0.828942730592962,,0.8289845026489082,0.17101549735109178,0.9809821772824957,0.1471271978818753,10,0.025,0.15,0.9604528594817296,0.961491638784816,0.954060823557187,0.9568938198730335,1.0,0.961235138917463,0.961209829490999,0.9642582868680464,0.9621524070426237,0.9594769911627766,0.957365894501597,0.9573067336835895
3,5,2.0424306952592097,0.2611711063114951,4167,2.253357137952532,0.22208883553421369,833,2.252746983419491,0.2138,0.9825584984007945,0.08371817506350208,,,0.8997751148144661,,0.8998036011948969,0.10019639880510312,0.981292197728252,0.14715591156622826,10,0.025,0.15,0.9640680413942254,0.9611345218289246,0.9587884861282119,0.9559248960497833,0.961235138917463,1.0,0.95838523374889,0.9595363977758855,0.9673797238325558,0.9586448851615111,0.9607057082156257,0.9618831511210116
3,6,2.039647358114069,0.2648668106551476,4167,2.257112673350743,0.20528211284513806,833,2.2527480608300317,0.2135,0.9798260245594489,0.08352059853878173,,,0.8506679315028152,,0.8507121519697645,0.14928784803023554,0.9811943028938899,0.14713754238440338,10,0.025,0.15,0.960338053406699,0.9596793319524115,0.9536363175360293,0.9541891091112056,0.961209829490999,0.95838523374889,1.0,0.9623142851042835,0.9607842558346023,0.9581909039682183,0.9530591768518539,0.9537502583693479
3,7,2.0578470526319563,0.25961123110151185,4167,2.254774672644479,0.22328931572629052,833,2.252750309207771,0.2127,0.9825285146949502,0.08344359776647355,,,0.8315295695631637,,0.8315591424468981,0.1684408575531019,0.9809704703092148,0.1471285209149813,10,0.025,0.15,0.9637876422618724,0.966491515189376,0.9569472738084319,0.959643115831888,0.9642582868680464,0.9595363977758855,0.9623142851042835,1.0,0.9615779591202241,0.9589665531455653,0.9531722990008618,0.9608280292794518
3,8,2.0369509548851936,0.2632021123379741,4166,2.251239401953561,0.2388955582232893,833,2.2527430359321303,0.213,0.9850692303771463,0.08392024851897505,,,0.9499999997514523,,0.9500173293063326,0.04998267069366735,0.9813418468802066,0.14716660831741465,10,0.025,0.15,0.965238545710942,0.9689844438361636,0.9619381245237623,0.9652991226810852,0.9621524070426237,0.9673797238325558,0.9607842558346023,0.9615779591202241,1.0,0.965190644898885,0.9564692802663394,0.9621969709170118
3,9,2.0560278860005465,0.2601056168987038,4166,2.253514289855957,0.2028811524609844,833,2.2527538492709778,0.2128,0.9807542788421743,0.08340880356007101,,,0.8228815509060321,,0.8229274974831245,0.17707250251687545,0.9809634236509595,0.14712392021535337,10,0.025,0.15,0.9603551707663434,0.9603037842773798,0.9572396524592897,0.9609274410831153,0.9594769911627766,0.9586448851615111,0.9581909039682183,0.9589665531455653,0.965190644898885,1.0,0.9509501911682694,0.9563889581816097
3,10,2.0382488362716904,0.2691070571291407,4166,2.254519666944231,0.18607442977190877,833,2.2527823116205914,0.2129,0.9768669736441302,0.08307322640141444,,,0.7394746326566342,,0.7395157696687626,0.26048423033123735,0.9800133525649064,0.14702060977028403,10,0.025,0.15,0.9580331741757032,0.949975181599665,0.9584110965856079,0.9485592704827781,0.957365894501597,0.9607057082156257,0.9530591768518539,0.9531722990008618,0.9564692802663394,0.9509501911682694,1.0,0.9544598868621575
3,11,2.0566667314731713,0.25705712914066253,4166,2.251340934208461,0.22929171668667467,833,2.2527563451211665,0.2127,0.9801405578112256,0.08333639164122317,,,0.804883737765821,,0.8049215229984651,0.1950784770015349,0.9808519512547805,0.14710506098213028,10,0.025,0.15,0.9572247196674083,0.9640335599465298,0.9564163410300732,0.9549368578662752,0.9573067336835895,0.9618831511210116,0.9537502583693479,0.9608280292794518,0.9621969709170118,0.9563889581816097,0.9544598868621575,1.0
4,0,1.988982830625592,0.2869450443964483,4167,2.2208516938345775,0.27218225419664266,834,2.2256673529178284,0.2582,0.977262205755295,0.08328517361557834,,,0.7703071464707782,,0.7703454308395636,0.22965456916043636,0.9843613345590935,0.1464189435016911,10,0.025,0.15,1.0,0.9545676963940338,0.948921179036239,0.9429806360203987,0.9506231665548409,0.9514345283966235,0.9499660466184985,0.9559194773198567,0.9552502025309499,0.9491265746252563,0.9481845074035472,0.9469178544905402
4,1,1.9972728418581414,0.28188144948404126,4167,2.2268644060407365,0.25539568345323743,834,2.225583281698106,0.2581,0.979871373796675,0.08358800300903572,,,0.8699765006009509,,0.8700054463534188,0.1299945536465812,0.9848194956779422,0.146484194298778,10,0.025,0.15,0.9545676963940338,1.0,0.9512037284806416,0.9532140841647423,0.9530993789763376,0.951947592175817,0.9504659456374862,0.9583252912026203,0.9627503946452842,0.9515180077633626,0.9422576778677986,0.9549122403500341
4,2,1.9781987847703877,0.29133669306455484,4167,2.2270282677241733,0.24580335731414868,834,2.2270272592955,0.2591,0.9740781910457242,0.08261580558242204,,,0.55,,0.5500404350481095,0.4499595649518905,0.9822980412980243,0.14557337974479592,10,0.025,0.15,0.948921179036239,0.9512037284806416,1.0,0.9408285926529384,0.9438514135388727,0.9472012970680804,0.9453330094015513,0.9467336214737718,0.9523572852131303,0.9465079047140701,0.9485883013837098,0.945684519878269
4,3,2.007892741217758,0.2775137988960883,4167,2.229090554373605,0.2673860911270983,834,2.2257480802415293,0.258,0.973700216222187,0.08304910295878899,,,0.6926099004318417,,0.6926606261656022,0.3073393738343978,0.9836324156451763,0.14626810319390618,10,0.025,0.15,0.9429806360203987,0.9532140841647423,0.9408285926529384,1.0,0.9464467183951323,0.943453757475506,0.9460006276895634,0.948969541770317,0.9536474310397153,0.9501508552006175,0.938085266800346,0.9484426259333709
4,4,1.9961102055780815,0.28783297336213104,4167,2.225270986557007,0.24969987995198079,833,2.2255999679806866,0.2583,0.9776806632756698,0.0834271898032387,,,0.8170485196860204,,0.8171015497351092,0.18289845026489082,0.9846055229950386,0.14646215760078096,10,0.025,0.15,0.9506231665548409,0.9530993789763376,0.9438514135388727,0.9464467183951323,1.0,0.9529296488562513,0.9532198219788511,0.9556816234353764,0.9530229286240484,0.9488048110528996,0.9517565493533572,0.9492051170614396
4,5,1.9932791392008464,0.2799376049916007,4167,2.2261502061571394,0.27010804321728693,833,2.2255826569810697,0.2586,0.9774798581872218,0.0835969116503147,,,0.8729085756954972,,0.8729431763793303,0.12705682362066972,0.98488457393293,0.14648518227477333,10,0.025,0.15,0.9514345283966235,0.951947592175817,0.9472012970680804,0.943453757475506,0.9529296488562513,1.0,0.9488528474345783,0.950237888296526,0.9577450478189355,0.9479125054990528,0.950176579777357,0.9542491221697069
4,6,1.990578839634404,0.28538516918646506,4167,2.230642931801932,0.26410564225690275,833,2.2255962468400785,0.2591,0.9758332584023955,0.08342111429517705,,,0.8150489054557003,,0.8150963014309056,0.1849036985690944,0.9846418723298342,0.1464611189596643,10,0.025,0.15,0.9499660466184985,0.9504659456374862,0.9453330094015513,0.9460006276895634,0.9532198219788511,0.9488528474345783,1.0,0.9534579338058957,0.9512758436223027,0.9487247068511641,0.9453469347561518,0.9443337681071317
4,7,2.0085503560124023,0.27741780657547394,4167,2.228388888495309,0.25930372148859543,833,2.2255998623522024,0.2583,0.978495503135558,0.08346015130549317,,,0.8278970426888768,,0.8279529963195854,0.1720470036804146,0.9846220019173387,0.1464680076387167,10,0.025,0.15,0.9559194773198567,0.9583252912026203,0.9467336214737718,0.948969541770317,0.9556816234353764,0.950237888296526,0.9534579338058957,1.0,0.9507061525463277,0.9495902255590841,0.9449612236326549,0.953645082430228
4,8,1.985608204567071,0.28182909265482475,4166,2.2242325374058316,0.2689075630252101,833,2.2255699513833735,0.2584,0.9808360856238182,0.08383114161364665,,,0.9499999996708729,,0.9500173293063326,0.04998267069366735,0.9849688066130959,0.14650454249717287,10,0.025,0.15,0.9552502025309499,0.9627503946452842,0.9523572852131303,0.9536474310397153,0.9530229286240484,0.9577450478189355,0.9512758436223027,0.9507061525463277,1.0,0.9583271381221526,0.9469151301262992,0.9534249078361023
4,9,2.005415925835118,0.27794047047527604,4166,2.2261057240622386,0.24369747899159663,833,2.225615226769749,0.2585,0.9759283624109226,0.0833550668206074,,,0.7933108929823103,,0.7933438959581456,0.20665610404185442,0.9844296660345487,0.1464398619635443,10,0.025,0.15,0.9491265746252563,0.9515180077633626,0.9465079047140701,0.9501508552006175,0.9488048110528996,0.9479125054990528,0.9487247068511641,0.9495902255590841,0.9583271381221526,1.0,0.9405681233100688,0.9469054401034916
4,10,1.9886409665599014,0.28795007201152184,4166,2.228659084865025,0.23649459783913565,833,2.2257217183897766,0.2585,0.9728287735896028,0.08304662113997653,,,0.6917930666519962,,0.6918519252034131,0.3081480747965869,0.9836580155608545,0.14626640428271265,10,0.025,0.15,0.9481845074035472,0.9422576778677986,0.9485883013837098,0.938085266800346,0.9517565493533572,0.950176579777357,0.9453469347561518,0.9449612236326549,0.9469151301262992,0.9405681233100688,1.0,0.9452947179643673
4,11,2.010190041498704,0.2761161785885742,4166,2.223292350769043,0.27130852340936373,833,2.2256214256528057,0.2584,0.9763411488978527,0.08332371820572071,,,0.7829932148898354,,0.7830288326649172,0.21697116733508282,0.9843361769349607,0.14643139879836106,10,0.025,0.15,0.9469178544905402,0.9549122403500341,0.945684519878269,0.9484426259333709,0.9492051170614396,0.9542491221697069,0.9443337681071317,0.953645082430228,0.9534249078361023,0.9469054401034916,0.9452947179643673,1.0
5,0,1.9455483107855827,0.30239980801535876,4167,2.18794584274292,0.2865707434052758,834,2.1933793689631207,0.2812,0.9745641617358768,0.08332852008899815,,,0.95,,0.9500173293063326,0.04998267069366735,0.9868820948577928,0.14606922679868073,10,0.025,0.15,1.0,0.9503183891957449,0.9433003617058603,0.9359591917708859,0.9474618385189216,0.9472951555493391,0.9439177687563024,0.9490248185098771,0.9494648989662944,0.9425182000659522,0.9413123960861375,0.937760587518512
5,1,1.9554898457093672,0.29853611711063116,4167,2.1946144785199846,0.26618705035971224,834,2.1932594202741793,0.2812,0.9769180427658689,0.0835927368413139,,,0.95,,0.9500173293063326,0.04998267069366735,0.9873083230416837,0.14606922679868073,10,0.025,0.15,0.9503183891957449,1.0,0.9454213017105884,0.9474607160634944,0.9473024084903329,0.9471693150588807,0.9433505405375684,0.9511440953016814,0.9556949606856008,0.9445937137792326,0.9368269797433665,0.9463805273454953
5,2,1.9383561849594115,0.30604751619870413,4167,2.194112982068743,0.26618705035971224,834,2.195147112955021,0.2832,0.9710509841120627,0.08279956871076619,,,0.95,,0.9500173293063326,0.04998267069366735,0.980244737118935,0.14606922679868073,10,0.025,0.15,0.9433003617058603,0.9454213017105884,1.0,0.933372443255369,0.9394621461157826,0.9437489940788778,0.9401213897719796,0.9390610178938389,0.9433339996555089,0.9403615080249358,0.9426138500283037,0.9370253649958888
5,3,1.9699227889378865,0.2907367410607151,4167,2.1987722601209367,0.290167865707434,834,2.193490813050089,0.2818,0.9704329372413238,0.0830477180947473,,,0.95,,0.9500173293063326,0.04998267069366735,0.9857292033271153,0.14606922679868073,10,0.025,0.15,0.9359591917708859,0.9474607160634944,0.933372443255369,1.0,0.9417019474278787,0.9367172339752853,0.9405883849601632,0.9428928090579459,0.9476805663618422,0.941875929038912,0.9309443954486609,0.9409969140143168
5,4,1.9549158854918047,0.3019438444924406,4167,2.193071263177054,0.2797118847539016,833,2.193283437173578,0.2809,0.9762036865161177,0.08346988404254972,,,0.95,,0.9500173293063326,0.04998267069366735,0.9871600885374582,0.14606922679868073,10,0.025,0.15,0.9474618385189216,0.9473024084903329,0.9394621461157826,0.9417019474278787,1.0,0.9509234634556311,0.9472836376075909,0.9497219809721217,0.9507125677508323,0.9429535988669141,0.9479554938495696,0.9419193459663051
5,5,1.954810594067429,0.2947204223662107,4167,2.1937942504882812,0.28811524609843936,833,2.1932587683955327,0.2817,0.9757369596080961,0.08355976306110141,,,0.95,,0.9500173293063326,0.04998267069366735,0.9873112983326998,0.14606922679868073,10,0.025,0.15,0.9472951555493391,0.9471693150588807,0.9437489940788778,0.9367172339752853,0.9509234634556311,1.0,0.9442451475335875,0.943614078453292,0.9524865630551648,0.9410947016078755,0.9476266088166322,0.9469452576264941
5,6,1.95145126581192,0.29815214782817373,4167,2.1986501898084367,0.290516206482593,833,2.193277048159249,0.2819,0.9729943315454886,0.08336153374948134,,,0.95,,0.9500173293063326,0.04998267069366735,0.9871616672581729,0.14606922679868073,10,0.025,0.15,0.9439177687563024,0.9433505405375684,0.9401213897719796,0.9405883849601632,0.9472836376075909,0.9442451475335875,1.0,0.9477880878190695,0.9447531689763022,0.940867699262244,0.9386711485479381,0.9383516587811795
5,7,1.9690812074776851,0.29203263738900886,4167,2.196711472102574,0.2845138055222089,833,2.193283087090601,0.281,0.9749966764451047,0.08345095847976385,,,0.95,,0.9500173293063326,0.04998267069366735,0.9872149470829135,0.14606922679868073,10,0.025,0.15,0.9490248185098771,0.9511440953016814,0.9390610178938389,0.9428928090579459,0.9497219809721217,0.943614078453292,0.9477880878190695,1.0,0.9460511739151781,0.9422511137056113,0.9382377644119183,0.9434940390285707
5,8,1.943475248596885,0.29750360057609215,4166,2.191828659602574,0.28811524609843936,833,2.193236945550653,0.2816,0.9780120092011665,0.08377893515644659,,,0.95,,0.9500173293063326,0.04998267069366735,0.9874593905206835,0.14606922679868073,10,0.025,0.15,0.9494648989662944,0.9556949606856008,0.9433339996555089,0.9476805663618422,0.9507125677508323,0.9524865630551648,0.9447531689763022,0.9460511739151781,1.0,0.9505389126099966,0.9423255045922024,0.9452602117334992
5,9,1.964792204986919,0.2958953432549208,4166,2.1935198647635326,0.2665066026410564,833,2.1933058968073205,0.2815,0.9723844512529469,0.08330076307446414,,,0.95,,0.9500173293063326,0.04998267069366735,0.9870593220194072,0.14606922679868073,10,0.025,0.15,0.9425182000659522,0.9445937137792326,0.9403615080249358,0.941875929038912,0.9429535988669141,0.9410947016078755,0.940867699262244,0.9422511137056113,0.9505389126099966,1.0,0.9358767174282866,0.9399076732117856
5,10,1.9471213832046046,0.2991838694191071,4166,2.1979976381574358,0.27490996398559425,833,2.1934542354149156,0.2822,0.9704527011663255,0.0830468254719388,,,0.95,,0.9500173293063326,0.04998267069366735,0.9857156063711348,0.14606922679868073,10,0.025,0.15,0.9413123960861375,0.9368269797433665,0.9426138500283037,0.9309443954486609,0.9479554938495696,0.9476266088166322,0.9386711485479381,0.9382377644119183,0.9423255045922024,0.9358767174282866,1.0,0.9381486248377452
5,11,1.9730549577510719,0.2911425828132501,4166,2.190127440861293,0.297719087635054,833,2.193313004095343,0.2816,0.9718149488752921,0.08326279322842838,,,0.95,,0.9500173293063326,0.04998267069366735,0.9869948564983053,0.14606922679868073,10,0.025,0.15,0.937760587518512,0.9463805273454953,0.9370253649958888,0.9409969140143168,0.9419193459663051,0.9469452576264941,0.9383516587811795,0.9434940390285707,0.9452602117334992,0.9399076732117856,0.9381486248377452,1.0
6,0,1.909467045104865,0.3173506119510439,4167,2.1509252275739397,0.30455635491606714,834,2.156976612308357,0.2999,0.9718727979884471,0.083357315724457,,,0.95,,0.9500173293063326,0.04998267069366735,0.9891964246309498,0.14565666496943042,10,0.025,0.15,1.0,0.9447680400577708,0.9350723155734568,0.9330033403243083,0.9429285665112506,0.9415630278028323,0.938328187649879,0.943665813834454,0.9445327132315384,0.9349591181188152,0.9342875087291073,0.9316344075480408
6,1,1.9161206711422314,0.31235901127909765,4167,2.1583778517586842,0.290167865707434,834,2.156816413130941,0.2992,0.9730225873967628,0.08355860099295113,,,0.95,,0.9500173293063326,0.04998267069366735,0.9891964246309498,0.14565666496943042,10,0.025,0.15,0.9447680400577708,1.0,0.9360723164637126,0.9433550204487705,0.9407485211295488,0.9387427194210837,0.9355117396587123,0.9441736317558106,0.9496195513211212,0.9361432407274075,0.9285137859256327,0.9403315600894723
6,2,1.9057714780171713,0.316822654187665,4167,2.1568937642233714,0.2805755395683453,834,2.1591582630254047,0.3008,0.9679112203451167,0.08290020361853233,,,0.95,,0.9500173293063326,0.04998267069366735,0.9891964246309498,0.14565666496943042,10,0.025,0.15,0.9350723155734568,0.9360723164637126,1.0,0.9295888543897424,0.9325535564993602,0.9384423315169306,0.9364255306227126,0.9344304479412893,0.9358094245362754,0.9333017661823108,0.9376178278797886,0.9297883943508356
6,3,1.92829901341236,0.30297576193904485,4167,2.164706059864589,0.302158273381295,834,2.1571217820614197,0.2996,0.9699734666605622,0.08312129724932335,,,0.95,,0.9500173293063326,0.04998267069366735,0.9891964246309498,0.14565666496943042,10,0.025,0.15,0.9330033403243083,0.9433550204487705,0.9295888543897424,1.0,0.9392719300912589,0.9341378914137024,0.9366484552006399,0.9383567311884358,0.9432122692668987,0.9380538444683312,0.9267452629986501,0.940456295264863
6,4,1.920153238917842,0.31257499400047994,4167,2.156998429979597,0.30612244897959184,833,2.1568485754954665,0.299,0.9734349027631525,0.08349590188584255,,,0.95,,0.9500173293063326,0.04998267069366735,0.9891964246309498,0.14565666496943042,10,0.025,0.15,0.9429285665112506,0.9407485211295488,0.9325535564993602,0.9392719300912589,1.0,0.9434666878482272,0.9406755084556072,0.9445412340743736,0.9441555571496709,0.9353709586476563,0.9410089584019171,0.9381688593324431
6,5,1.9149999315088446,0.30791936645068396,4167,2.157269205365862,0.3085234093637455,833,2.1568145993389662,0.299,0.9730760641309061,0.08353990678962782,,,0.95,,0.9500173293063326,0.04998267069366735,0.9891964246309498,0.14565666496943042,10,0.025,0.15,0.9415630278028323,0.9387427194210837,0.9384423315169306,0.9341378914137024,0.9434666878482272,1.0,0.9405564454394829,0.9382396172353177,0.9459324076214489,0.9347956479486745,0.9405047107338682,0.9422937157679224
6,6,1.9142032601616599,0.31214302855771536,4167,2.162162712642125,0.3085234093637455,833,2.156837985485415,0.2992,0.9698542053971826,0.08331192528128463,,,0.95,,0.9500173293063326,0.04998267069366735,0.9891964246309498,0.14565666496943042,10,0.025,0.15,0.938328187649879,0.9355117396587123,0.9364255306227126,0.9366484552006399,0.9406755084556072,0.9405564454394829,1.0,0.9418311038381119,0.9345226696392738,0.9329809925567464,0.9318138898625883,0.9320057190832274
6,7,1.9293747493714997,0.3055915526757859,4167,2.1610861846378873,0.290516206482593,833,2.1568479779400405,0.299,0.9729400041263658,0.08346802543840934,,,0.95,,0.9500173293063326,0.04998267069366735,0.9891964246309498,0.14565666496943042,10,0.025,0.15,0.943665813834454,0.9441736317558106,0.9344304479412893,0.9383567311884358,0.9445412340743736,0.9382396172353177,0.9418311038381119,1.0,0.9392667570945261,0.9371945154631106,0.9342057759989686,0.9412485819239378
6,8,1.9048774170153069,0.30676908305328854,4166,2.1551351887839183,0.3013205282112845,833,2.1567819722091097,0.2985,0.9748124556288147,0.08373240824236812,,,0.95,,0.9500173293063326,0.04998267069366735,0.9891964246309498,0.14565666496943042,10,0.025,0.15,0.9445327132315384,0.9496195513211212,0.9358094245362754,0.9432122692668987,0.9441555571496709,0.9459324076214489,0.9345226696392738,0.9392667570945261,1.0,0.9459186616314074,0.9341616359119198,0.9415968540114393
6,9,1.9282154617887555,0.3056409025444071,4166,2.1568325587681363,0.28211284513805523,833,2.1568781816506686,0.2993,0.9689514747036693,0.08324480612794995,,,0.95,,0.9500173293063326,0.04998267069366735,0.9891964246309498,0.14565666496943042,10,0.025,0.15,0.9349591181188152,0.9361432407274075,0.9333017661823108,0.9380538444683312,0.9353709586476563,0.9347956479486745,0.9329809925567464,0.9371945154631106,0.9459186616314074,1.0,0.9286990288197148,0.9333551887872785
