round,client_id,client_i_training_loss,client_i_training_accuracy,client_i_training_dataset_size,client_i_evaluation_loss,client_i_evaluation_accuracy,client_i_evaluation_dataset_size,client_i_central_evaluation_loss,client_i_central_evaluation_accuracy,client_i_cosine_similarity,client_i_importance_coefficient,client_i_tanh_val,tanh_normalization_value,client_i_q,client_i_mask_order,client_i_v_nonzero_fraction,client_i_v_sparsity,client_i_v_cosine_similarity,client_i_reward_gradient_norm,local_epochs,learning_rate,gamma,client_0_cosine_similarity,client_1_cosine_similarity,client_2_cosine_similarity,client_3_cosine_similarity,client_4_cosine_similarity,client_5_cosine_similarity,client_6_cosine_similarity,client_7_cosine_similarity,client_8_cosine_similarity,client_9_cosine_similarity,client_10_cosine_similarity,client_11_cosine_similarity
0,0,2.1257106706594966,0.3454,5000,2.263527675911232,0.17386091127098321,834,2.260134311529775,0.1809,0.9973934230312723,0.0833607184030441,,,0.95,,0.95001498149061,0.04998501850938997,0,0.09970635423360992,5,0.001,0.1,1.0,0.9948668549467862,0.9958826156837259,0.9929551033947718,0.9917940932230374,0.9932345931282919,0.9944060297167382,0.994738424338659,0.9930267795329496,0.9953219202762766,0.9956948938493192,0.9916807450656252
0,1,2.132985729624511,0.36376,5000,2.255975255259761,0.18105515587529977,834,2.260134311529775,0.1809,0.9978605327736773,0.08339975876846138,,,0.95,,0.95001498149061,0.04998501850938997,0,0.09970635423360992,5,0.001,0.1,0.9948668549467862,1.0,0.9949778706250819,0.9951961449249616,0.9935023529160524,0.99496652538427,0.9933712503051415,0.9944537576970087,0.9943372075330562,0.9933377499108794,0.9948321116845784,0.9953490972301068
0,2,2.128801493128394,0.3394,5000,2.265654042915062,0.16666666666666666,834,2.260134311529775,0.1809,0.9976514313723288,0.08338228237185301,,,0.95,,0.95001498149061,0.04998501850938997,0,0.09970635423360992,5,0.001,0.1,0.9958826156837259,0.9949778706250819,1.0,0.9929409116280329,0.990631929614384,0.9950362604879668,0.9942226458572818,0.993531111753636,0.9939288665040017,0.9965962745915975,0.9953292192365355,0.993611363320036
0,3,2.1355214509235068,0.37044,5000,2.259010005880285,0.17026378896882494,834,2.260134311529775,0.1809,0.9968789454507728,0.08331771910134192,,,0.95,,0.95001498149061,0.04998501850938997,0,0.09970635423360992,5,0.001,0.1,0.9929551033947718,0.9951961449249616,0.9929409116280329,1.0,0.9935925417727571,0.9937144598850874,0.9899725748658935,0.9944067367403033,0.9946865213388394,0.9919945802971021,0.9944473604334075,0.9935395025944896
0,4,2.130831096126775,0.37044,5000,2.2568714530379683,0.19807923169267708,833,2.260134311529775,0.1809,0.9956473014854815,0.08321478005703639,,,0.95,,0.95001498149061,0.04998501850938997,0,0.09970635423360992,5,0.001,0.1,0.9917940932230374,0.9935023529160524,0.990631929614384,0.9935925417727571,1.0,0.9934634286128572,0.9926970484049403,0.9945797064029185,0.9903821808793425,0.9887770623239762,0.9946394310441091,0.9886503020964577
0,5,2.12910798446388,0.36764,5000,2.2497193813323975,0.18847539015606243,833,2.260134311529775,0.1809,0.9975988294023679,0.08337788597429903,,,0.95,,0.95001498149061,0.04998501850938997,0,0.09970635423360992,5,0.001,0.1,0.9932345931282919,0.99496652538427,0.9950362604879668,0.9937144598850874,0.9934634286128572,1.0,0.9943040964706275,0.9955225104800582,0.994403043438382,0.9937393453653952,0.9946625552901119,0.9930128783959495
0,6,2.1229886013990753,0.3662,5000,2.2572073759856046,0.16806722689075632,833,2.260134311529775,0.1809,0.9963677398029939,0.08327499326310545,,,0.95,,0.95001498149061,0.04998501850938997,0,0.09970635423360992,5,0.001,0.1,0.9944060297167382,0.9933712503051415,0.9942226458572818,0.9899725748658935,0.9926970484049403,0.9943040964706275,1.0,0.9950279736142283,0.9901723112905525,0.9931709863465428,0.9947580794697418,0.9892269735626451
0,7,2.131210185767739,0.37768,5000,2.2553777429792614,0.18847539015606243,833,2.260134311529775,0.1809,0.9978147484029245,0.08339593217611632,,,0.95,,0.95001498149061,0.04998501850938997,0,0.09970635423360992,5,0.001,0.1,0.994738424338659,0.9944537576970087,0.993531111753636,0.9944067367403033,0.9945797064029185,0.9955225104800582,0.9950279736142283,1.0,0.9939906479933299,0.9936101359570834,0.9965653413853268,0.9922167759235895
0,8,2.135432677815674,0.38128,5000,2.2691009751072637,0.17406962785114047,833,2.260134311529775,0.1809,0.9968131353416028,0.08331221878636898,,,0.95,,0.95001498149061,0.04998501850938997,0,0.09970635423360992,5,0.001,0.1,0.9930267795329496,0.9943372075330562,0.9939288665040017,0.9946865213388394,0.9903821808793425,0.994403043438382,0.9901723112905525,0.9939906479933299,1.0,0.9928340829852494,0.994620569422379,0.9942768223868997
0,9,2.126880608850224,0.3458,5000,2.2516512782485396,0.19207683073229292,833,2.260134311529775,0.1809,0.9966472553200784,0.0832983547709828,,,0.95,,0.95001498149061,0.04998501850938997,0,0.09970635423360992,5,0.001,0.1,0.9953219202762766,0.9933377499108794,0.9965962745915975,0.9919945802971021,0.9887770623239762,0.9937393453653952,0.9931709863465428,0.9936101359570834,0.9928340829852494,1.0,0.9940769771200204,0.991215199421838
0,10,2.1369897480982885,0.35496,5000,2.2588752287405507,0.1788715486194478,833,2.260134311529775,0.1809,0.9981798393885003,0.08342644595948136,,,0.95,,0.95001498149061,0.04998501850938997,0,0.09970635423360992,5,0.001,0.1,0.9956948938493192,0.9948321116845784,0.9953292192365355,0.9944473604334075,0.9946394310441091,0.9946625552901119,0.9947580794697418,0.9965653413853268,0.994620569422379,0.9940769771200204,1.0,0.993384820023192
0,11,2.1317926895846226,0.376,5000,2.252960690745601,0.1908763505402161,833,2.260134311529775,0.1809,0.9959360155683431,0.08323891036790938,,,0.95,,0.95001498149061,0.04998501850938997,0,0.09970635423360992,5,0.001,0.1,0.9916807450656252,0.9953490972301068,0.993611363320036,0.9935395025944896,0.9886503020964577,0.9930128783959495,0.9892269735626451,0.9922167759235895,0.9942768223868997,0.991215199421838,0.993384820023192,1.0
1,0,1.9180930474761186,0.45512,5000,2.1951677004496255,0.31654676258992803,834,2.1907385332515825,0.3246,0.9986616132243111,0.08335641455691557,,,0.95,,0.95001498149061,0.04998501850938997,0.9696277068999926,0.09984635363376076,5,0.001,0.1,1.0,0.9972469557113894,0.9973607749095756,0.996920281192095,0.9964325330773032,0.9964046914487702,0.9965744544100403,0.9970613347918643,0.9961277784523777,0.9972835915576541,0.9976427709099511,0.9965097724765564
1,1,1.9252974551194793,0.474,5000,2.186760107676188,0.3405275779376499,834,2.1907385332515825,0.3246,0.9986644973768075,0.08338044982451016,,,0.95,,0.95001498149061,0.04998501850938997,0.9696277068999926,0.09984635363376076,5,0.001,0.1,0.9972469557113894,1.0,0.9978471393015795,0.997347651054857,0.996184356680114,0.9976770877001113,0.995777235009184,0.9964821784905161,0.9964232819191243,0.9961591679555069,0.9970969857727566,0.9973559762070108
1,2,1.9233794913929738,0.44408,5000,2.196123785442776,0.302158273381295,834,2.1907385332515825,0.3246,0.9987147859041438,0.08337135529776803,,,0.95,,0.95001498149061,0.04998501850938997,0.9696277068999926,0.09984635363376076,5,0.001,0.1,0.9973607749095756,0.9978471393015795,1.0,0.9967402611824351,0.996029771567169,0.9977385550668467,0.9963493758073915,0.9963542888846512,0.9962488303087402,0.9972856217840536,0.9972485799544583,0.9969977518047245
1,3,1.9325539660301938,0.4788,5000,2.1895760695139566,0.2997601918465228,834,2.1907385332515825,0.3246,0.9987578257908246,0.08333314997024217,,,0.95,,0.95001498149061,0.04998501850938997,0.9696277068999926,0.09984635363376076,5,0.001,0.1,0.996920281192095,0.997347651054857,0.9967402611824351,1.0,0.9969704854923241,0.9969742911219984,0.9953766768536089,0.9975251537601353,0.9977263618263934,0.9958473037431176,0.9977181434722124,0.9975731804611085
1,4,1.9230897112257161,0.488,5000,2.1868322602024786,0.3565426170468187,833,2.1907385332515825,0.3246,0.9981977332007845,0.083251942599849,,,0.95,,0.95001498149061,0.04998501850938997,0.9696277068999926,0.09984635363376076,5,0.001,0.1,0.9964325330773032,0.996184356680114,0.996029771567169,0.9969704854923241,1.0,0.9966273596941749,0.9966333697310442,0.9970534448414975,0.9964186201667121,0.9951726178773922,0.9975072976881694,0.9949824774510303
1,5,1.9176806987470882,0.4828,5000,2.1780483192867703,0.35414165666266506,833,2.1907385332515825,0.3246,0.9986236823509957,0.08336571856192478,,,0.95,,0.95001498149061,0.04998501850938997,0.9696277068999926,0.09984635363376076,5,0.001,0.1,0.9964046914487702,0.9976770877001113,0.9977385550668467,0.9969742911219984,0.9966273596941749,1.0,0.9961893120145316,0.9969735790741636,0.9965054700761243,0.9963272624307324,0.9968829543352853,0.9968095645307771
1,6,1.910608481601545,0.4746,5000,2.1871159871419272,0.30612244897959184,833,2.1907385332515825,0.3246,0.9978210377170871,0.08327671070030884,,,0.95,,0.95001498149061,0.04998501850938997,0.9696277068999926,0.09984635363376076,5,0.001,0.1,0.9965744544100403,0.995777235009184,0.9963493758073915,0.9953766768536089,0.9966333697310442,0.9961893120145316,1.0,0.9965616456370587,0.9947881444908827,0.9962981526760201,0.9967533799937902,0.9941951433047151
1,7,1.919420894088259,0.48572,5000,2.186012029647827,0.31932773109243695,833,2.1907385332515825,0.3246,0.998672287940843,0.08337835455873123,,,0.95,,0.95001498149061,0.04998501850938997,0.9696277068999926,0.09984635363376076,5,0.001,0.1,0.9970613347918643,0.9964821784905161,0.9963542888846512,0.9975251537601353,0.9970534448414975,0.9969735790741636,0.9965616456370587,1.0,0.9975166122109924,0.9961750524944862,0.9976889278187556,0.9963008619568692
1,8,1.9278012211915034,0.48296,5000,2.201593037004824,0.31812725090036015,833,2.1907385332515825,0.3246,0.9983133761894508,0.08331543120975857,,,0.95,,0.95001498149061,0.04998501850938997,0.9696277068999926,0.09984635363376076,5,0.001,0.1,0.9961277784523777,0.9964232819191243,0.9962488303087402,0.9977263618263934,0.9964186201667121,0.9965054700761243,0.9947881444908827,0.9975166122109924,1.0,0.9957228666738348,0.9973054908505711,0.9966109282598024
1,9,1.9213476909953318,0.44628,5000,2.178724439055831,0.33133253301320525,833,2.1907385332515825,0.3246,0.9980172998111445,0.08329737234146609,,,0.95,,0.95001498149061,0.04998501850938997,0.9696277068999926,0.09984635363376076,5,0.001,0.1,0.9972835915576541,0.9961591679555069,0.9972856217840536,0.9958473037431176,0.9951726178773922,0.9963272624307324,0.9962981526760201,0.9961750524944862,0.9957228666738348,1.0,0.9964920397207865,0.9950823840166036
1,10,1.9335276169382083,0.46816,5000,2.1878083282046847,0.3037214885954382,833,2.1907385332515825,0.3246,0.9989929179913759,0.08340741670772682,,,0.95,,0.95001498149061,0.04998501850938997,0.9696277068999926,0.09984635363376076,5,0.001,0.1,0.9976427709099511,0.9970969857727566,0.9972485799544583,0.9977181434722124,0.9975072976881694,0.9968829543352853,0.9967533799937902,0.9976889278187556,0.9973054908505711,0.9964920397207865,1.0,0.9971980800855917
1,11,1.9257174077307342,0.48484,5000,2.1853249867757163,0.3469387755102041,833,2.1907385332515825,0.3246,0.9981649776859021,0.08326568367079881,,,0.95,,0.95001498149061,0.04998501850938997,0.9696277068999926,0.09984635363376076,5,0.001,0.1,0.9965097724765564,0.9973559762070108,0.9969977518047245,0.9975731804611085,0.9949824774510303,0.9968095645307771,0.9941951433047151,0.9963008619568692,0.9966109282598024,0.9950823840166036,0.9971980800855917,1.0
2,0,1.7173937065586162,0.52448,5000,2.109923486356382,0.4040767386091127,834,2.1042632599608204,0.4258,0.9988122890118519,0.08334625259986644,,,0.95,,0.95001498149061,0.04998501850938997,0.9909978993781858,0.09988478095378509,5,0.001,0.1,1.0,0.9977908652635906,0.997595990429673,0.9976013561510717,0.997328301084051,0.997218500820605,0.9972070352854432,0.9977744402172746,0.9969295713435188,0.9975766318915738,0.9977848884213674,0.9971616643534138
2,1,1.7259780209535247,0.5354,5000,2.1006234928413674,0.4364508393285372,834,2.1042632599608204,0.4258,0.9990970811327669,0.08337018138293271,,,0.95,,0.95001498149061,0.04998501850938997,0.9909978993781858,0.09988478095378509,5,0.001,0.1,0.9977908652635906,1.0,0.9980331100780911,0.9981261053903276,0.997762337138498,0.9979759188380443,0.9974120121248866,0.9976796690992913,0.9974916760700314,0.9974837709371082,0.9978972697975012,0.9977300147134371
2,2,1.7208343535471873,0.51824,5000,2.109752902278194,0.4088729016786571,834,2.1042632599608204,0.4258,0.9989733483231362,0.08336061167903884,,,0.95,,0.95001498149061,0.04998501850938997,0.9909978993781858,0.09988478095378509,5,0.001,0.1,0.997595990429673,0.9980331100780911,1.0,0.9976092008885162,0.9974089723587009,0.9979668378360497,0.9975953697000163,0.9974215389702084,0.9972538505347502,0.9978193858687352,0.9978805657386,0.9973148012941334
2,3,1.7315662174467827,0.54344,5000,2.1034582632559315,0.39448441247002397,834,2.1042632599608204,0.4258,0.9990579497139663,0.0833399153785985,,,0.95,,0.95001498149061,0.04998501850938997,0.9909978993781858,0.09988478095378509,5,0.001,0.1,0.9976013561510717,0.9981261053903276,0.9976092008885162,1.0,0.9977538765130289,0.9978373368907655,0.996820563625087,0.9981324391781452,0.9978736552605011,0.9969134282475338,0.9979333068447561,0.9983134293934828
2,4,1.7186117711340545,0.55336,5000,2.0990520583258734,0.4657863145258103,833,2.1042632599608204,0.4258,0.9987761029493744,0.08328102508422909,,,0.95,,0.95001498149061,0.04998501850938997,0.9909978993781858,0.09988478095378509,5,0.001,0.1,0.997328301084051,0.997762337138498,0.9974089723587009,0.9977538765130289,1.0,0.9978244456061757,0.9972806547997142,0.9976997488210914,0.9971391885441363,0.9964020462885466,0.9979547655705234,0.996983723313539
2,5,1.7121776527659909,0.5464,5000,2.089088210353145,0.44417767106842737,833,2.1042632599608204,0.4258,0.9990123238075489,0.0833584132009076,,,0.95,,0.95001498149061,0.04998501850938997,0.9909978993781858,0.09988478095378509,5,0.001,0.1,0.997218500820605,0.9979759188380443,0.9979668378360497,0.9978373368907655,0.9978244456061757,1.0,0.9973464037697635,0.9979505511230253,0.9974199562374053,0.99758639898298,0.9977008805071457,0.9975400648827955
2,6,1.7049690394644526,0.53568,5000,2.100037618919655,0.4009603841536615,833,2.1042632599608204,0.4258,0.9984368828990249,0.0832852648371603,,,0.95,,0.95001498149061,0.04998501850938997,0.9909978993781858,0.09988478095378509,5,0.001,0.1,0.9972070352854432,0.9974120121248866,0.9975953697000163,0.996820563625087,0.9972806547997142,0.9973464037697635,1.0,0.9970572026651299,0.9961183115028531,0.9970520822097472,0.9974046083870419,0.9961776194251186
2,7,1.7134735891014148,0.54504,5000,2.0988487755810774,0.4189675870348139,833,2.1042632599608204,0.4258,0.9990106379109772,0.08336610688375254,,,0.95,,0.95001498149061,0.04998501850938997,0.9909978993781858,0.09988478095378509,5,0.001,0.1,0.9977744402172746,0.9976796690992913,0.9974215389702084,0.9981324391781452,0.9976997488210914,0.9979505511230253,0.9970572026651299,1.0,0.9977523464931224,0.9971652559447655,0.998024039113624,0.9976892139841675
2,8,1.7253138814002844,0.54648,5000,2.1178825343096697,0.4189675870348139,833,2.1042632599608204,0.4258,0.9986376119804464,0.08331548534096053,,,0.95,,0.95001498149061,0.04998501850938997,0.9909978993781858,0.09988478095378509,5,0.001,0.1,0.9969295713435188,0.9974916760700314,0.9972538505347502,0.9978736552605011,0.9971391885441363,0.9974199562374053,0.9961183115028531,0.9977523464931224,1.0,0.9967531000890639,0.9975032679258512,0.9976417363169459
2,9,1.7205652692515379,0.51564,5000,2.0877428231415927,0.4429771908763505,833,2.1042632599608204,0.4258,0.9985541761887832,0.08330171939984987,,,0.95,,0.95001498149061,0.04998501850938997,0.9909978993781858,0.09988478095378509,5,0.001,0.1,0.9975766318915738,0.9974837709371082,0.9978193858687352,0.9969134282475338,0.9964020462885466,0.99758639898298,0.9970520822097472,0.9971652559447655,0.9967531000890639,1.0,0.9973676458956271,0.9967566727212752
2,10,1.733045964939579,0.53344,5000,2.0992949450457536,0.42016806722689076,833,2.1042632599608204,0.4258,0.9990917709338025,0.08338654545730695,,,0.95,,0.95001498149061,0.04998501850938997,0.9909978993781858,0.09988478095378509,5,0.001,0.1,0.9977848884213674,0.9978972697975012,0.9978805657386,0.9979333068447561,0.9979547655705234,0.9977008805071457,0.9974046083870419,0.998024039113624,0.9975032679258512,0.9973676458956271,1.0,0.9978674200382032
2,11,1.7226006003701764,0.5472,5000,2.1011380398714983,0.453781512605042,833,2.1042632599608204,0.4258,0.9987459835927615,0.08328847875539658,,,0.95,,0.95001498149061,0.04998501850938997,0.9909978993781858,0.09988478095378509,5,0.001,0.1,0.9971616643534138,0.9977300147134371,0.9973148012941334,0.9983134293934828,0.996983723313539,0.9975400648827955,0.9961776194251186,0.9976892139841675,0.9976417363169459,0.9967566727212752,0.9978674200382032,1.0
3,0,1.5505029298697308,0.57164,5000,2.0077298703017057,0.4712230215827338,834,2.000734779781427,0.4714,0.9986651545231601,0.08333627230410766,,,0.95,,0.95001498149061,0.04998501850938997,0.9965100813819704,0.09988171023902176,5,0.001,0.1,1.0,0.9974429879885739,0.9972476703729434,0.9974464922939771,0.9972168248561192,0.9970056005480965,0.9969797813478964,0.9974645399130069,0.9969775174810952,0.9974462140780337,0.9977869724073053,0.9968203792999495
3,1,1.5573000858543784,0.578,5000,1.9977121794665302,0.4832134292565947,834,2.000734779781427,0.4714,0.9990377102106583,0.08336296845656295,,,0.95,,0.95001498149061,0.04998501850938997,0.9965100813819704,0.09988171023902176,5,0.001,0.1,0.9974429879885739,1.0,0.9978517891648088,0.998183027851519,0.9978116777106388,0.9979666559779423,0.99715853891135,0.9975501440892705,0.9976521052155004,0.9972871551380799,0.9978800898743188,0.9975157618426673
3,2,1.5535063658550288,0.5654,5000,2.006354159779019,0.4556354916067146,834,2.000734779781427,0.4714,0.9988902990211519,0.083352343099292,,,0.95,,0.95001498149061,0.04998501850938997,0.9965100813819704,0.09988171023902176,5,0.001,0.1,0.9972476703729434,0.9978517891648088,1.0,0.9975765502195234,0.997281782218693,0.9979131994050469,0.9974587686164977,0.9972065075712069,0.9975310568260072,0.9974349903631334,0.9978216212479971,0.9972093705538397
3,3,1.5614929536345659,0.5866,5000,2.0004121506655657,0.4364508393285372,834,2.000734779781427,0.4714,0.9990894856532637,0.08334608078367424,,,0.95,,0.95001498149061,0.04998501850938997,0.9965100813819704,0.09988171023902176,5,0.001,0.1,0.9974464922939771,0.998183027851519,0.9975765502195234,1.0,0.9978628560495143,0.9978223963185062,0.9969764802756645,0.9979823445737088,0.997918405037478,0.9969944765132364,0.9980029581941133,0.9981552801213021
3,4,1.5482798820847918,0.58896,5000,1.9934441910849676,0.5102040816326531,833,2.000734779781427,0.4714,0.9988465079322236,0.08330212865750225,,,0.95,,0.95001498149061,0.04998501850938997,0.9965100813819704,0.09988171023902176,5,0.001,0.1,0.9972168248561192,0.9978116777106388,0.997281782218693,0.9978628560495143,1.0,0.9977676946821995,0.9971295024532274,0.9977652999471773,0.9974883543502225,0.9966831509721369,0.9979273532137035,0.9970757340357037
3,5,1.5419725494020304,0.5914,5000,1.9831443627675374,0.48259303721488594,833,2.000734779781427,0.4714,0.9989680550710093,0.08335350443529506,,,0.95,,0.95001498149061,0.04998501850938997,0.9965100813819704,0.09988171023902176,5,0.001,0.1,0.9970056005480965,0.9979666559779423,0.9979131994050469,0.9978223963185062,0.9977676946821995,1.0,0.9970236768799227,0.9977100715985462,0.9977095300513386,0.9975341364741771,0.9976941554108946,0.9973182552750736
3,6,1.535893045033619,0.5814,5000,1.9960937588303178,0.4489795918367347,833,2.000734779781427,0.4714,0.9983259833436039,0.08328792961178012,,,0.95,,0.95001498149061,0.04998501850938997,0.9965100813819704,0.09988171023902176,5,0.001,0.1,0.9969797813478964,0.99715853891135,0.9974587686164977,0.9969764802756645,0.9971295024532274,0.9970236768799227,1.0,0.9965585065802262,0.9962192677614786,0.996889211521493,0.9974360148719125,0.9959419590787107
3,7,1.544374996309827,0.59032,5000,1.994425610259727,0.4561824729891957,833,2.000734779781427,0.4714,0.998885438838651,0.08335555581594738,,,0.95,,0.95001498149061,0.04998501850938997,0.9965100813819704,0.09988171023902176,5,0.001,0.1,0.9974645399130069,0.9975501440892705,0.9972065075712069,0.9979823445737088,0.9977652999471773,0.9977100715985462,0.9965585065802262,1.0,0.9977671334402757,0.9971703054497457,0.9978385110359485,0.9974614936849311
3,8,1.55469965995497,0.58464,5000,2.017765522003174,0.46938775510204084,833,2.000734779781427,0.4714,0.998840580969966,0.08332306783577449,,,0.95,,0.95001498149061,0.04998501850938997,0.9965100813819704,0.09988171023902176,5,0.001,0.1,0.9969775174810952,0.9976521052155004,0.9975310568260072,0.997918405037478,0.9974883543502225,0.9977095300513386,0.9962192677614786,0.9977671334402757,1.0,0.99702262661867,0.9977788808855479,0.9978734403250435
3,9,1.5552813924042284,0.565,5000,1.9791743843643754,0.49459783913565425,833,2.000734779781427,0.4714,0.9985362186452026,0.08330480416102544,,,0.95,,0.95001498149061,0.04998501850938997,0.9965100813819704,0.09988171023902176,5,0.001,0.1,0.9974462140780337,0.9972871551380799,0.9974349903631334,0.9969944765132364,0.9966831509721369,0.9975341364741771,0.996889211521493,0.9971703054497457,0.99702262661867,1.0,0.9973382688910237,0.9964901354680001
3,10,1.5645795131185252,0.57164,5000,1.9929340371379145,0.46338535414165666,833,2.000734779781427,0.4714,0.9991100868345826,0.08337533843275918,,,0.95,,0.95001498149061,0.04998501850938997,0.9965100813819704,0.09988171023902176,5,0.001,0.1,0.9977869724073053,0.9978800898743188,0.9978216212479971,0.9980029581941133,0.9979273532137035,0.9976941554108946,0.9974360148719125,0.9978385110359485,0.9977788808855479,0.9973382688910237,1.0,0.9976624832125597
3,11,1.5519407781066408,0.58936,5000,2.0005320752108537,0.4849939975990396,833,2.000734779781427,0.4714,0.9986391284545644,0.08330000640627938,,,0.95,,0.95001498149061,0.04998501850938997,0.9965100813819704,0.09988171023902176,5,0.001,0.1,0.9968203792999495,0.9975157618426673,0.9972093705538397,0.9981552801213021,0.9970757340357037,0.9973182552750736,0.9959419590787107,0.9974614936849311,0.9978734403250435,0.9964901354680001,0.9976624832125597,1.0
4,0,1.4179318155452705,0.60616,5000,1.8907448009208396,0.526378896882494,834,1.8825157031464501,0.5164,0.9986900570120963,0.08333509020452223,,,0.95,,0.95001498149061,0.04998501850938997,0.9978959728104956,0.09986892606270246,5,0.001,0.1,1.0,0.9970861077249756,0.9970806723710399,0.9975240011843192,0.9974293574167431,0.996828654566712,0.9967818085974739,0.9973044413898898,0.9970791283356799,0.9972221655740295,0.997409333945241,0.996853223680304
4,1,1.4212298303652722,0.6068,5000,1.880440764957004,0.5335731414868106,834,1.8825157031464501,0.5164,0.9987701247556543,0.0833540447939999,,,0.95,,0.95001498149061,0.04998501850938997,0.9978959728104956,0.09986892606270246,5,0.001,0.1,0.9970861077249756,1.0,0.9972939849640929,0.9978231750368812,0.9973551827311034,0.9976149873267918,0.9967540903078587,0.9970510325566403,0.9972661740363739,0.9968343087666556,0.9973447643001925,0.9971334840283881
4,2,1.4171026634562547,0.60096,5000,1.888117582709701,0.5035971223021583,834,1.8825157031464501,0.5164,0.9987311333815834,0.08334627075420205,,,0.95,,0.95001498149061,0.04998501850938997,0.9978959728104956,0.09986892606270246,5,0.001,0.1,0.9970806723710399,0.9972939849640929,1.0,0.9973977827189802,0.9971279525007678,0.9974246833327468,0.9972516262893425,0.9968926764634656,0.9974086986084101,0.9971925625472311,0.9972982409834846,0.9967218103653815
4,3,1.422676229856576,0.6164,5000,1.8828378518422444,0.4892086330935252,834,1.8825157031464501,0.5164,0.9989683451497863,0.08335008648606737,,,0.95,,0.95001498149061,0.04998501850938997,0.9978959728104956,0.09986892606270246,5,0.001,0.1,0.9975240011843192,0.9978231750368812,0.9973977827189802,1.0,0.9975187084185605,0.9974519702942204,0.9970629518607379,0.9975012240885331,0.9976181140781194,0.9966909080679958,0.9975039429595188,0.9978407930868063
4,4,1.4095076731056164,0.6208,5000,1.8724793725543551,0.5522208883553421,833,1.8825157031464501,0.5164,0.9987703739730809,0.08331674503069014,,,0.95,,0.95001498149061,0.04998501850938997,0.9978959728104956,0.09986892606270246,5,0.001,0.1,0.9974293574167431,0.9973551827311034,0.9971279525007678,0.9975187084185605,1.0,0.9974428180724693,0.9970458954554124,0.9975330841315934,0.9974430544900555,0.9964317833683676,0.9974826685511415,0.9967515102516619
4,5,1.4034807272777436,0.62,5000,1.8626510655438457,0.5186074429771909,833,1.8825157031464501,0.5164,0.9988223111760423,0.08334992561125842,,,0.95,,0.95001498149061,0.04998501850938997,0.9978959728104956,0.09986892606270246,5,0.001,0.1,0.996828654566712,0.9976149873267918,0.9974246833327468,0.9974519702942204,0.9974428180724693,1.0,0.996745695608422,0.9973764869145989,0.9975897101327431,0.9973037119836416,0.99723676893255,0.9971677389490758
4,6,1.4008143617089388,0.6112,5000,1.8777520877343636,0.4921968787515006,833,1.8825157031464501,0.5164,0.9983081879438267,0.08329312119681351,,,0.95,,0.95001498149061,0.04998501850938997,0.9978959728104956,0.09986892606270246,5,0.001,0.1,0.9967818085974739,0.9967540903078587,0.9972516262893425,0.9970629518607379,0.9970458954554124,0.996745695608422,1.0,0.9963452016102097,0.9965147325143016,0.9967931777610761,0.9969007956198482,0.9958282648391518
4,7,1.4069907494411347,0.62,5000,1.8754438161849976,0.49339735894357745,833,1.8825157031464501,0.5164,0.9986964183880511,0.08334712043048992,,,0.95,,0.95001498149061,0.04998501850938997,0.9978959728104956,0.09986892606270246,5,0.001,0.1,0.9973044413898898,0.9970510325566403,0.9968926764634656,0.9975012240885331,0.9975330841315934,0.9973764869145989,0.9963452016102097,1.0,0.9977096128554841,0.9966639969597909,0.997211350030176,0.9970852067261384
4,8,1.4169686053209245,0.61372,5000,1.903103435481036,0.5114045618247299,833,1.8825157031464501,0.5164,0.9988407143150692,0.08333185541776571,,,0.95,,0.95001498149061,0.04998501850938997,0.9978959728104956,0.09986892606270246,5,0.001,0.1,0.9970791283356799,0.9972661740363739,0.9974086986084101,0.9976181140781194,0.9974430544900555,0.9975897101327431,0.9965147325143016,0.9977096128554841,1.0,0.9969919743283876,0.9974132919932003,0.997369928324109
4,9,1.420470641600858,0.60212,5000,1.8555760118696425,0.5510204081632653,833,1.8825157031464501,0.5164,0.9984089010815848,0.08330671936126485,,,0.95,,0.95001498149061,0.04998501850938997,0.9978959728104956,0.09986892606270246,5,0.001,0.1,0.9972221655740295,0.9968343087666556,0.9971925625472311,0.9966909080679958,0.9964317833683676,0.9973037119836416,0.9967931777610761,0.9966639969597909,0.9969919743283876,1.0,0.9969400465852764,0.9961656818330556
4,10,1.428483261272406,0.60856,5000,1.87185212859401,0.5018007202881153,833,1.8825157031464501,0.5164,0.9988050790511465,0.08336275836392458,,,0.95,,0.95001498149061,0.04998501850938997,0.9978959728104956,0.09986892606270246,5,0.001,0.1,0.997409333945241,0.9973447643001925,0.9972982409834846,0.9975039429595188,0.9974826685511415,0.99723676893255,0.9969007956198482,0.997211350030176,0.9974132919932003,0.9969400465852764,1.0,0.9972349041824132
4,11,1.4140776269754787,0.6212,5000,1.8859514130486383,0.5234093637454982,833,1.8825157031464501,0.5164,0.9984858982178046,0.08330626234900132,,,0.95,,0.95001498149061,0.04998501850938997,0.9978959728104956,0.09986892606270246,5,0.001,0.1,0.996853223680304,0.9971334840283881,0.9967218103653815,0.9978407930868063,0.9967515102516619,0.9971677389490758,0.9958282648391518,0.9970852067261384,0.997369928324109,0.9961656818330556,0.9972349041824132,1.0
5,0,1.3075431321077287,0.63124,5000,1.7626982044290613,0.552757793764988,834,1.7531831546332508,0.5436,0.9984850455489839,0.08333593189012066,,,0.95,,0.95001498149061,0.04998501850938997,0.9983609480381223,0.09984358994050901,5,0.001,0.1,1.0,0.9965530024629108,0.9965071478662846,0.9971769400260269,0.9968465077416174,0.9965660827711937,0.9958404385605367,0.9969088349692261,0.9963700198921294,0.9968818749704138,0.9971943469586773,0.9962587416498063
5,1,1.3089723189165638,0.6292,5000,1.7522913923969976,0.5599520383693045,834,1.7531831546332508,0.5436,0.9984088621017557,0.08334509723066383,,,0.95,,0.95001498149061,0.04998501850938997,0.9983609480381223,0.09984358994050901,5,0.001,0.1,0.9965530024629108,1.0,0.9967478329223323,0.9971549938353906,0.9966438816915569,0.9969227847833586,0.995800352167803,0.996497022017195,0.9966718119616433,0.9961849022227757,0.9967155611064811,0.9962981038767761
5,2,1.3044653554630887,0.6298,5000,1.7587277756796942,0.5287769784172662,834,1.7531831546332508,0.5436,0.9985125776730226,0.08334367730158597,,,0.95,,0.95001498149061,0.04998501850938997,0.9983609480381223,0.09984358994050901,5,0.001,0.1,0.9965071478662846,0.9967478329223323,1.0,0.9969480309908831,0.9965356723076908,0.9971536128429646,0.9965033241839755,0.9964557622209906,0.9966373489612759,0.9967990177619475,0.9970273065821548,0.9961184870054658
5,3,1.3095228580912208,0.64188,5000,1.7541500506577667,0.5227817745803357,834,1.7531831546332508,0.5436,0.9987890841787195,0.08335494235236421,,,0.95,,0.95001498149061,0.04998501850938997,0.9983609480381223,0.09984358994050901,5,0.001,0.1,0.9971769400260269,0.9971549938353906,0.9969480309908831,1.0,0.9969026717292914,0.9971402163163129,0.9963527302785112,0.9971612170156314,0.9969552634476874,0.9963502832307136,0.9972023068058928,0.9974016340891461
5,4,1.2954977955787805,0.64104,5000,1.739474755746347,0.5678271308523409,833,1.7531831546332508,0.5436,0.9984417918664548,0.0833232851466333,,,0.95,,0.95001498149061,0.04998501850938997,0.9983609480381223,0.09984358994050901,5,0.001,0.1,0.9968465077416174,0.9966438816915569,0.9965356723076908,0.9969026717292914,1.0,0.9970400356965147,0.9960661273751092,0.9970851580075734,0.9964948177254731,0.9958541616566586,0.9971482697164225,0.9959687043993086
5,5,1.2907660882943754,0.64208,5000,1.7309761047363281,0.5450180072028812,833,1.7531831546332508,0.5436,0.9986909654346722,0.08335167665621006,,,0.95,,0.95001498149061,0.04998501850938997,0.9983609480381223,0.09984358994050901,5,0.001,0.1,0.9965660827711937,0.9969227847833586,0.9971536128429646,0.9971402163163129,0.9970400356965147,1.0,0.9958977984744146,0.9971105341787099,0.9971635809788199,0.9970777107465855,0.9969187495377573,0.996579524951388
5,6,1.2888659960904698,0.63888,5000,1.748450031986943,0.517406962785114,833,1.7531831546332508,0.5436,0.9977866455047356,0.08328765072174826,,,0.95,,0.95001498149061,0.04998501850938997,0.9983609480381223,0.09984358994050901,5,0.001,0.1,0.9958404385605367,0.995800352167803,0.9965033241839755,0.9963527302785112,0.9960661273751092,0.9958977984744146,1.0,0.9955356178774972,0.9956653477537282,0.9960266518602543,0.9963176882550433,0.9947323323949389
5,7,1.2925460654459182,0.6414,5000,1.745342696154559,0.5258103241296519,833,1.7531831546332508,0.5436,0.9985604306537428,0.08334574296452048,,,0.95,,0.95001498149061,0.04998501850938997,0.9983609480381223,0.09984358994050901,5,0.001,0.1,0.9969088349692261,0.996497022017195,0.9964557622209906,0.9971612170156314,0.9970851580075734,0.9971105341787099,0.9955356178774972,1.0,0.9970352600044707,0.9964659053306912,0.9970471503936154,0.9967041304083399
5,8,1.3028598256931183,0.63668,5000,1.7777843254583854,0.5306122448979592,833,1.7531831546332508,0.5436,0.998477422305114,0.08333370201944024,,,0.95,,0.95001498149061,0.04998501850938997,0.9983609480381223,0.09984358994050901,5,0.001,0.1,0.9963700198921294,0.9966718119616433,0.9966373489612759,0.9969552634476874,0.9964948177254731,0.9971635809788199,0.9956653477537282,0.9970352600044707,1.0,0.9962234574970233,0.9970918351524612,0.9967036700208574
5,9,1.3094682034413525,0.6284,5000,1.7203692551012393,0.5846338535414166,833,1.7531831546332508,0.5436,0.9982328567923825,0.08331039274467263,,,0.95,,0.95001498149061,0.04998501850938997,0.9983609480381223,0.09984358994050901,5,0.001,0.1,0.9968818749704138,0.9961849022227757,0.9967990177619475,0.9963502832307136,0.9958541616566586,0.9970777107465855,0.9960266518602543,0.9964659053306912,0.9962234574970233,1.0,0.9965720541558065,0.9956475360486405
5,10,1.3159539125527546,0.63028,5000,1.7395510055400707,0.539015606242497,833,1.7531831546332508,0.5436,0.998719442082456,0.08336046580784826,,,0.95,,0.95001498149061,0.04998501850938997,0.9983609480381223,0.09984358994050901,5,0.001,0.1,0.9971943469586773,0.9967155611064811,0.9970273065821548,0.9972023068058928,0.9971482697164225,0.9969187495377573,0.9963176882550433,0.9970471503936154,0.9970918351524612,0.9965720541558065,1.0,0.9966762226202108
5,11,1.2990405022718345,0.64332,5000,1.7608904132136591,0.5486194477791116,833,1.7531831546332508,0.5436,0.9981499104702408,0.08330743516419221,,,0.95,,0.95001498149061,0.04998501850938997,0.9983609480381223,0.09984358994050901,5,0.001,0.1,0.9962587416498063,0.9962981038767761,0.9961184870054658,0.9974016340891461,0.9959687043993086,0.996579524951388,0.9947323323949389,0.9967041304083399,0.9967036700208574,0.9956475360486405,0.9966762226202108,1.0
6,0,1.2151353896803156,0.6514,5000,1.62848875257704,0.580335731414868,834,1.6174959009066938,0.5766,0.9981207243470276,0.08333564570436566,,,0.95,,0.95001498149061,0.04998501850938997,0.9984916525559944,0.09980964509837999,5,0.001,0.1,1.0,0.9959088990418253,0.9955575021063345,0.9964453620292788,0.9964345683801983,0.9957704216256476,0.995527790219049,0.9959923052317784,0.9952912966763271,0.9957900263939676,0.9966007797028497,0.9953540198703608
6,1,1.21553547048265,0.64312,5000,1.6182000681206032,0.5839328537170264,834,1.6174959009066938,0.5766,0.998113891777643,0.08334104674126848,,,0.95,,0.95001498149061,0.04998501850938997,0.9984916525559944,0.09980964509837999,5,0.001,0.1,0.9959088990418253,1.0,0.9959838595236832,0.9965530797218044,0.9958526270250079,0.9962654722850104,0.995470670010128,0.9957180548294375,0.9956347432751556,0.9955516415399708,0.9960502184898872,0.9956013588327844
6,2,1.210324382706053,0.64972,5000,1.622678897998951,0.564748201438849,834,1.6174959009066938,0.5766,0.9981443484426332,0.08334115901786474,,,0.95,,0.95001498149061,0.04998501850938997,0.9984916525559944,0.09980964509837999,5,0.001,0.1,0.9955575021063345,0.9959838595236832,1.0,0.9963169820241222,0.9960072688182805,0.9963981092040758,0.996320038519169,0.9951791463608843,0.9955521718173498,0.9959266052128325,0.9963943477600077,0.995319958847165
6,3,1.214722846723666,0.6598,5000,1.6191674515053078,0.5563549160671463,834,1.6174959009066938,0.5766,0.9985155599119061,0.08336005187395876,,,0.95,,0.95001498149061,0.04998501850938997,0.9984916525559944,0.09980964509837999,5,0.001,0.1,0.9964453620292788,0.9965530797218044,0.9963169820241222,1.0,0.9963435970727388,0.9964515041910618,0.9963240553916661,0.9962260961896363,0.995848836006184,0.995667679419307,0.9965289161874533,0.9966955294660803
6,4,1.2004757754362312,0.65772,5000,1.5989575915866427,0.6050420168067226,833,1.6174959009066938,0.5766,0.9982087321456602,0.08333072981725813,,,0.95,,0.95001498149061,0.04998501850938997,0.9984916525559944,0.09980964509837999,5,0.001,0.1,0.9964345683801983,0.9958526270250079,0.9960072688182805,0.9963435970727388,1.0,0.996303042436604,0.99601725437032,0.9962059962226748,0.995734907123615,0.9949925547127659,0.9964993298663903,0.995336356273139
6,5,1.1963969576131006,0.65804,5000,1.5931290123197768,0.5822328931572629,833,1.6174959009066938,0.5766,0.9983718604550196,0.08335340996293826,,,0.95,,0.95001498149061,0.04998501850938997,0.9984916525559944,0.09980964509837999,5,0.001,0.1,0.9957704216256476,0.9962654722850104,0.9963981092040758,0.9964515041910618,0.996303042436604,1.0,0.9955099899062194,0.996294966415551,0.9964431806058769,0.9963893498842054,0.9960279580342163,0.9958263466042448
6,6,1.1956247642541387,0.65352,5000,1.6133832136789958,0.5594237695078031,833,1.6174959009066938,0.5766,0.9978008578424611,0.0832957063477177,,,0.95,,0.95001498149061,0.04998501850938997,0.9984916525559944,0.09980964509837999,5,0.001,0.1,0.995527790219049,0.995470670010128,0.996320038519169,0.9963240553916661,0.99601725437032,0.9955099899062194,1.0,0.9948567915811726,0.9947054448112815,0.9959164076402081,0.9961225863008577,0.994073404126982
6,7,1.198977680191113,0.65912,5000,1.609072380595737,0.5702280912364946,833,1.6174959009066938,0.5766,0.9980337682530958,0.08333885627145235,,,0.95,,0.95001498149061,0.04998501850938997,0.9984916525559944,0.09980964509837999,5,0.001,0.1,0.9959923052317784,0.9957180548294375,0.9951791463608843,0.9962260961896363,0.9962059962226748,0.996294966415551,0.9948567915811726,1.0,0.9956255816459548,0.9956327307847807,0.9962095391808505,0.9956896085994392
6,8,1.2078309500293367,0.65452,5000,1.6465513529600921,0.5594237695078031,833,1.6174959009066938,0.5766,0.9978634045695555,0.08332597125030057,,,0.95,,0.95001498149061,0.04998501850938997,0.9984916525559944,0.09980964509837999,5,0.001,0.1,0.9952912966763271,0.9956347432751556,0.9955521718173498,0.995848836006184,0.995734907123615,0.9964431806058769,0.9947054448112815,0.9956255816459548,1.0,0.9954550433049445,0.9957317248723849,0.9955680247276176
6,9,1.2163111329078675,0.64688,5000,1.578497224383884,0.60984393757503,833,1.6174959009066938,0.5766,0.9978870270810221,0.08331243697482614,,,0.95,,0.95001498149061,0.04998501850938997,0.9984916525559944,0.09980964509837999,5,0.001,0.1,0.9957900263939676,0.9955516415399708,0.9959266052128325,0.995667679419307,0.9949925547127659,0.9963893498842054,0.9959164076402081,0.9956327307847807,0.9954550433049445,1.0,0.995847913337046,0.9947054797535815
6,10,1.2217040118138502,0.65008,5000,1.6008325771049217,0.5738295318127251,833,1.6174959009066938,0.5766,0.9983881905698555,0.08335932799635921,,,0.95,,0.95001498149061,0.04998501850938997,0.9984916525559944,0.09980964509837999,5,0.001,0.1,0.9966007797028497,0.9960502184898872,0.9963943477600077,0.9965289161874533,0.9964993298663903,0.9960279580342163,0.9961225863008577,0.9962095391808505,0.9957317248723849,0.995847913337046,1.0,0.9958624198963667
6,11,1.2047150933059159,0.6636,5000,1.6298407051298354,0.5738295318127251,833,1.6174959009066938,0.5766,0.997733228867375,0.08330565804168996,,,0.95,,0.95001498149061,0.04998501850938997,0.9984916525559944,0.09980964509837999,5,0.001,0.1,0.9953540198703608,0.9956013588327844,0.995319958847165,0.9966955294660803,0.995336356273139,0.9958263466042448,0.994073404126982,0.9956896085994392,0.9955680247276176,0.9947054797535815,0.9958624198963667,1.0
7,0,1.137991391321656,0.66564,5000,1.493963082631429,0.6067146282973621,834,1.4812534601924519,0.6183,0.9976316957648809,0.08333411370457768,,,0.95,,0.95001498149061,0.04998501850938997,0.9983308416933175,0.09976495790752421,5,0.001,0.1,1.0,0.9949239911286096,0.9946754280702338,0.995541323179505,0.9953719853002738,0.994742759391576,0.9942129996516034,0.9950201454524484,0.9948932776339428,0.9944668851026456,0.9956323025890914,0.9939829445052981
7,1,1.1373043706462642,0.65712,5000,1.4838968206334997,0.6235011990407674,834,1.4812534601924519,0.6183,0.9973830251157989,0.08332939809666215,,,0.95,,0.95001498149061,0.04998501850938997,0.9983308416933175,0.09976495790752421,5,0.001,0.1,0.9949239911286096,1.0,0.9949254366345033,0.9952308822157941,0.9946126385661714,0.9947310942524976,0.9942398688103762,0.9940513857720535,0.9948505697442569,0.9937733372606836,0.9949586038800727,0.9941890976824773
7,2,1.1326570762950143,0.6632,5000,1.4858067565494113,0.6079136690647482,834,1.4812534601924519,0.6183,0.9976713741685742,0.08333877702018741,,,0.95,,0.95001498149061,0.04998501850938997,0.9983308416933175,0.09976495790752421,5,0.001,0.1,0.9946754280702338,0.9949254366345033,1.0,0.9951355301084612,0.9949208764280852,0.9953425310407019,0.9952554512720775,0.9941065496985196,0.9951020531710532,0.9949661865811733,0.9954646290213767,0.9940447592996661
