round,client_id,client_i_training_loss,client_i_training_accuracy,client_i_training_dataset_size,client_i_evaluation_loss,client_i_evaluation_accuracy,client_i_evaluation_dataset_size,client_i_central_evaluation_loss,client_i_central_evaluation_accuracy,client_i_cosine_similarity,client_i_importance_coefficient,client_i_tanh_val,tanh_normalization_value,client_i_q,client_i_mask_order,client_i_v_nonzero_fraction,client_i_v_sparsity,client_i_v_cosine_similarity,client_i_reward_gradient_norm,local_epochs,learning_rate,gamma,client_0_cosine_similarity,client_1_cosine_similarity,client_2_cosine_similarity,client_3_cosine_similarity,client_4_cosine_similarity,client_5_cosine_similarity,client_6_cosine_similarity,client_7_cosine_similarity,client_8_cosine_similarity,client_9_cosine_similarity,client_10_cosine_similarity,client_11_cosine_similarity
0,0,0.3564498661121555,0.8866,5000,2.199630958062631,0.24820143884892087,834,2.2000314747563565,0.2544,0.7945769265299321,0.08356989854478239,,,0.9264321563586816,,0.9264494754279403,0.07355052457205968,0,0.39615673008104735,5,0.1,0.5,1.0,0.5880784362257863,0.5915183554118885,0.5988186854670825,0.5842075196670085,0.6027981490504674,0.6000140659052907,0.598077296838154,0.6022341143828259,0.606806059845846,0.5947140052814159,0.587516831563717
0,1,0.3460853113745381,0.89308,5000,2.1973500604982728,0.2565947242206235,834,2.2002108272272176,0.2536,0.7848895433106746,0.08255102471926958,,,0.8057848290034436,,0.8058079413684052,0.19419205863159483,0,0.3960027530887665,5,0.1,0.5,0.5880784362257863,1.0,0.5839374330954111,0.594848439836365,0.5825708621782283,0.5801480263339275,0.5754137242575358,0.5986241151061654,0.5975023992375557,0.5862402842272068,0.5830773248915286,0.5922354909632289
0,2,0.35633718970996936,0.88856,5000,2.206316029583966,0.29136690647482016,834,2.2001718804478263,0.2537,0.7870288514530417,0.082776027180887,,,0.8324279176398889,,0.8324431504442548,0.16755684955574524,0,0.39606496976649747,5,0.1,0.5,0.5915183554118885,0.5839374330954111,1.0,0.5938754863029306,0.5856020106210212,0.6062555445269484,0.5862981378425053,0.5921040783281508,0.5910329136076549,0.582557283949593,0.5888526561290702,0.5809830352923945
0,3,0.3497168763178834,0.89412,5000,2.194409935562699,0.2577937649880096,834,2.2000200695123153,0.2541,0.7984471692584394,0.08397695264032169,,,0.9746324216772089,,0.9746448471462276,0.025355152853772434,0,0.3961635781755268,5,0.1,0.5,0.5988186854670825,0.594848439836365,0.5938754863029306,1.0,0.5900526458551545,0.6063172491190854,0.5950034066640651,0.6016274691191363,0.6024587917647203,0.594357175230377,0.6098219425151952,0.6044002321773038
0,4,0.32609034521552693,0.89632,5000,2.2091199645289668,0.24129651860744297,833,2.200213070494679,0.2538,0.7844250501748323,0.08250217149569736,,,0.8,,0.8,0.19999999999999996,0,0.39598572607794347,5,0.1,0.5,0.5842075196670085,0.5825708621782283,0.5856020106210212,0.5900526458551545,1.0,0.5842339428802105,0.5801784068857632,0.5909000211064034,0.5992426394176029,0.5817912775267007,0.5876216420966561,0.5918591988623991
0,5,0.34887277574462305,0.89088,5000,2.1899508281990334,0.2653061224489796,833,2.2000287576986195,0.2545,0.7951983923958574,0.08363526142863965,,,0.9341719343843274,,0.9341850308719442,0.06581496912805584,0,0.3961587401909764,5,0.1,0.5,0.6027981490504674,0.5801480263339275,0.6062555445269484,0.6063172491190854,0.5842339428802105,1.0,0.5888813949723884,0.5996963242572397,0.6085948530556649,0.599710482245325,0.6018232960943765,0.5822331097654156
0,6,0.33341603754147603,0.8968,5000,2.1991704128406666,0.23769507803121248,833,2.2001487264237083,0.254,0.7874553043709855,0.08282087951160133,,,0.8377389911907415,,0.8377541288087947,0.16224587119120526,0,0.3960751663103367,5,0.1,0.5,0.6000140659052907,0.5754137242575358,0.5862981378425053,0.5950034066640651,0.5801784068857632,0.5888813949723884,1.0,0.5936082746453284,0.5972085671857122,0.5828218130098436,0.5881322318946007,0.5995115954841675
0,7,0.34751719342081977,0.89016,5000,2.2101747459835477,0.26410564225690275,833,2.200019854707078,0.2541,0.7994878039824181,0.08408640175141642,,,0.9875925570780171,,0.9876060438732995,0.012393956126700467,0,0.3961638250789425,5,0.1,0.5,0.598077296838154,0.5986241151061654,0.5921040783281508,0.6016274691191363,0.5909000211064034,0.5996963242572397,0.5936082746453284,1.0,0.6059066902262124,0.6021553411840207,0.6108494983857113,0.6079267008940858
0,8,0.3474735306789446,0.89204,5000,2.2002711825900607,0.2424969987995198,833,2.2000195743938606,0.2541,0.7996811097234393,0.08410673274848654,,,0.9899999998815876,,0.9900005019828322,0.009999498017167818,0,0.3961638373289239,5,0.1,0.5,0.6022341143828259,0.5975023992375557,0.5910329136076549,0.6024587917647203,0.5992426394176029,0.6085948530556649,0.5972085671857122,0.6059066902262124,1.0,0.6086863609596012,0.5965387267086999,0.5939076879999904
0,9,0.3535602629208451,0.88724,5000,2.201989359325833,0.24729891956782712,833,2.2000476057156204,0.2541,0.7907912381791996,0.08317173748468903,,,0.8792849369932083,,0.8792932081722805,0.12070679182771948,0,0.39613048703878373,5,0.1,0.5,0.606806059845846,0.5862402842272068,0.582557283949593,0.594357175230377,0.5817912775267007,0.599710482245325,0.5828218130098436,0.6021553411840207,0.6086863609596012,1.0,0.5889809136669226,0.584682455078024
0,10,0.35408209007660485,0.8868,5000,2.2063573201497397,0.2533013205282113,833,2.200033916832921,0.2543,0.7942982787883257,0.08354059167376932,,,0.9229618584941816,,0.9229757542292054,0.07702424577079459,0,0.39615567216249536,5,0.1,0.5,0.5947140052814159,0.5830773248915286,0.5888526561290702,0.6098219425151952,0.5876216420966561,0.6018232960943765,0.5881322318946007,0.6108494983857113,0.5965387267086999,0.5889809136669226,1.0,0.6017219166341468
0,11,0.34739316631357664,0.89084,5000,2.1980563004811606,0.24849939975990396,833,2.2000370939699607,0.2542,0.7916524983909372,0.08326232082043968,,,0.8900111300581214,,0.8900306209527634,0.10996937904723658,0,0.3961392911228477,5,0.1,0.5,0.587516831563717,0.5922354909632289,0.5809830352923945,0.6044002321773038,0.5918591988623991,0.5822331097654156,0.5995115954841675,0.6079267008940858,0.5939076879999904,0.584682455078024,0.6017219166341468,1.0
1,0,0.31089025625045513,0.90284,5000,2.0330259005228677,0.6378896882494005,834,2.036155701064454,0.6324,0.8120415272588324,0.08346314474821442,,,0.9292489028795575,,0.9292605792881884,0.07073942071181161,0.9612275886902307,0.40639911856378547,5,0.1,0.5,1.0,0.627748490490468,0.6248501776267814,0.6337444355016293,0.6288278496487607,0.6276690397971104,0.6327187721948626,0.6282258495353777,0.6282056830236672,0.6296132348729749,0.6196190017277821,0.6381533511846627
1,1,0.3073593958014041,0.90468,5000,2.034943933840151,0.6630695443645084,834,2.0366074052481604,0.6303,0.8065900607981701,0.0826002952031254,,,0.8,,0.8,0.19999999999999996,0.9606824196188368,0.40622557769154916,5,0.1,0.5,0.627748490490468,1.0,0.620553279172533,0.6239292310820185,0.623543659296508,0.6191429828078141,0.6269631564704369,0.6222039774801946,0.6307159767160515,0.6240527005163736,0.6198293411073652,0.6320767991698351
1,2,0.30355730820565846,0.90712,5000,2.04434695508745,0.6354916067146283,834,2.036404736887533,0.6314,0.8116920336889144,0.0829264110676873,,,0.8488499043038799,,0.8488579890567742,0.15114201094322577,0.9609256455540778,0.40633329275688035,5,0.1,0.5,0.6248501776267814,0.620553279172533,1.0,0.6317987735317965,0.6283897322472931,0.6400708604824894,0.6303696249783494,0.6321104754046432,0.6267397351841792,0.6341412552459381,0.6179937244722914,0.6323933908966699
1,3,0.31047815939020007,0.9072,5000,2.0296943717532687,0.6546762589928058,834,2.0361362733780006,0.6326,0.8142554246130366,0.08380911567867552,,,0.9810729589329252,,0.9810903067115104,0.01890969328848957,0.9612682247611972,0.4064052135578618,5,0.1,0.5,0.6337444355016293,0.6239292310820185,0.6317987735317965,1.0,0.6354539831480184,0.6321997722492915,0.622604814808144,0.6281033619414429,0.6303279143818092,0.6333991640767447,0.6332114434094807,0.6343575175511355
1,4,0.2837837647172106,0.912,5000,2.0461176722138017,0.60984393757503,833,2.0365781726928565,0.6312,0.8106304733873617,0.08270853196360538,,,0.816213119219796,,0.8162341247929321,0.18376587520706789,0.9606935702489268,0.4062698397114822,5,0.1,0.5,0.6288278496487607,0.623543659296508,0.6283897322472931,0.6354539831480184,1.0,0.6260800961690359,0.6256029116113765,0.6263202495409136,0.6292459829255569,0.6315046397361795,0.6203911350863329,0.6349479143504757
1,5,0.31265662499128066,0.90408,5000,2.025087974689625,0.6278511404561825,833,2.0361480320604466,0.6325,0.8152180506375825,0.0836168093787889,,,0.9522668033074876,,0.9522815119722905,0.047718488027709505,0.961253089547093,0.40640340705826017,5,0.1,0.5,0.6276690397971104,0.6191429828078141,0.6400708604824894,0.6321997722492915,0.6260800961690359,1.0,0.6315101934288315,0.63416532374762,0.6356056263325894,0.6367651297652316,0.6262712867457646,0.6404615156943848
1,6,0.2942930462111713,0.90992,5000,2.0369320710500083,0.6554621848739496,833,2.036345775896749,0.6317,0.8138553326004054,0.08303128449292163,,,0.864559219131599,,0.8645700517042317,0.13542994829576827,0.9609734275009152,0.40635519491114647,5,0.1,0.5,0.6327187721948626,0.6269631564704369,0.6303696249783494,0.622604814808144,0.6256029116113765,0.6315101934288315,1.0,0.6349235830642558,0.6317344972911434,0.6344065600436223,0.6277154603853398,0.6417873680774224
1,7,0.31230414914928234,0.90624,5000,2.046980204405608,0.6182472989195679,833,2.0361377412137895,0.6326,0.8138894882716271,0.08386871148972581,,,0.9899999998502069,,0.9900005019828322,0.009999498017167818,0.961269297463601,0.4064053328447982,5,0.1,0.5,0.6282258495353777,0.6222039774801946,0.6321104754046432,0.6281033619414429,0.6263202495409136,0.63416532374762,0.6349235830642558,1.0,0.6311372963487912,0.6401609674671448,0.6239807721255016,0.6337479958726027
1,8,0.30922512910358463,0.90596,5000,2.040159653734278,0.6050420168067226,833,2.0361370846105458,0.6326,0.8129419597675808,0.08384919258810782,,,0.9870762031884377,,0.9870940213844687,0.012905978615531333,0.9612695554696349,0.406405308094731,5,0.1,0.5,0.6282056830236672,0.6307159767160515,0.6267397351841792,0.6303279143818092,0.6292459829255569,0.6356056263325894,0.6317344972911434,0.6311372963487912,1.0,0.6255161505652518,0.6208174495405788,0.6357139649734427
1,9,0.30202436610910993,0.9042,5000,2.0367593986016734,0.6218487394957983,833,2.0362002293522745,0.6322,0.8156265860896259,0.08332472746688778,,,0.9085149500683593,,0.9085337081471814,0.09146629185281863,0.961154368308362,0.40639121104675674,5,0.1,0.5,0.6296132348729749,0.6240527005163736,0.6341412552459381,0.6333991640767447,0.6315046397361795,0.6367651297652316,0.6344065600436223,0.6401609674671448,0.6255161505652518,1.0,0.6264746867913354,0.6400146298537329
1,10,0.30819545993640735,0.90532,5000,2.0442396578965365,0.6182472989195679,833,2.036178429667561,0.6322,0.8069928761980679,0.08326819618806096,,,0.9000469549140115,,0.9000702775965062,0.09992972240349385,0.9611898296941727,0.4063866446186058,5,0.1,0.5,0.6196190017277821,0.6198293411073652,0.6179937244722914,0.6332114434094807,0.6203911350863329,0.6262712867457646,0.6277154603853398,0.6239807721255016,0.6208174495405788,0.6264746867913354,1.0,0.6338334378965446
1,11,0.3114669985001444,0.90432,5000,2.0324495677594787,0.6362545018007203,833,2.0361663285916607,0.6323,0.8199107665743293,0.08353357973419884,,,0.9397995773449224,,0.9398072385924401,0.060192761407559914,0.9611854902806829,0.4064015400712016,5,0.1,0.5,0.6381533511846627,0.6320767991698351,0.6323933908966699,0.6343575175511355,0.6349479143504757,0.6404615156943848,0.6417873680774224,0.6337479958726027,0.6357139649734427,0.6400146298537329,0.6338334378965446,1.0
2,0,0.2851254895210836,0.91212,5000,1.8266835610071819,0.8381294964028777,834,1.8332917846429844,0.8179,0.8051056532026909,0.08314989820051726,,,0.8733852139365355,,0.8733949098940816,0.12660509010591836,0.9686774718849164,0.4063760355225358,5,0.1,0.5,1.0,0.6204007221218518,0.6244351246335307,0.6222534049109474,0.6230479716411692,0.6145100298861504,0.6298831907156713,0.6273605339626572,0.6151795550613137,0.6317447690254631,0.624218824612503,0.6195271532263871
2,1,0.2721067837018306,0.9194,5000,1.834010468588935,0.8321342925659473,834,1.8339949983377426,0.8165,0.8098827044243668,0.08274588394686609,,,0.8,,0.8,0.19999999999999996,0.9681968159376938,0.4062059655834974,5,0.1,0.5,0.6204007221218518,1.0,0.6280067997362833,0.6300187433939676,0.6286680581958947,0.6223748194682327,0.6312559330232899,0.6296857862306251,0.6222997000182985,0.6315428028550356,0.6278101001690612,0.6309339001890744
2,2,0.27871492650941204,0.91512,5000,1.8416888051562839,0.8285371702637889,834,1.833612165131127,0.8179,0.8161603712166885,0.08317969486681853,,,0.8787974851902194,,0.878806284825059,0.12119371517494104,0.9685374264800874,0.40638225996906774,5,0.1,0.5,0.6244351246335307,0.6280067997362833,1.0,0.6411907862123283,0.6384077769473477,0.6346752956706602,0.6304586805754104,0.6342017013930671,0.6172697814313477,0.6448451162258876,0.6313564790238657,0.6378748434779298
2,3,0.27633157992367724,0.91788,5000,1.825473048068859,0.8249400479616307,834,1.8331824602029574,0.8181,0.8138617342050802,0.0836830220737901,,,0.9702219199221166,,0.9702374378796245,0.029762562120375535,0.968779484844592,0.4064200171621873,5,0.1,0.5,0.6222534049109474,0.6300187433939676,0.6411907862123283,1.0,0.6313712096328783,0.625602322535161,0.6314839170216504,0.6355465953982983,0.6178614949891964,0.63485496445236,0.6345748594711971,0.6317491055535988
2,4,0.2543100985229775,0.92208,5000,1.8440710703531902,0.7947178871548619,833,1.833859234953079,0.8171,0.8146194289202753,0.08298213578498768,,,0.8429128218293566,,0.8429245519803222,0.15707544801967777,0.968392175786054,0.40632783127702066,5,0.1,0.5,0.6230479716411692,0.6286680581958947,0.6384077769473477,0.6313712096328783,1.0,0.6273560013685499,0.6300905325159213,0.6347537837637384,0.6220434052465121,0.6380989319890463,0.6365922878145799,0.6382642912180974
2,5,0.279028217712785,0.91512,5000,1.820565696115847,0.8199279711884754,833,1.8332382425332603,0.8181,0.8082679221922333,0.08336141184435966,,,0.9118045861829247,,0.9118216956980071,0.08817830430199292,0.9687395044535707,0.40640728867062714,5,0.1,0.5,0.6145100298861504,0.6223748194682327,0.6346752956706602,0.625602322535161,0.6273560013685499,1.0,0.6257494768096049,0.6242626783600873,0.6199539009789299,0.6346239093829035,0.6247710857758723,0.6288502481501492
2,6,0.26232272954034813,0.92156,5000,1.8363625561749493,0.82953181272509,833,1.8335359983931716,0.8176,0.8141076469724904,0.08317760372012559,,,0.8784176489689781,,0.8784247778725968,0.12157522212740324,0.9685946027578947,0.4063817852840676,5,0.1,0.5,0.6298831907156713,0.6312559330232899,0.6304586805754104,0.6314839170216504,0.6300905325159213,0.6257494768096049,1.0,0.6345224086794143,0.6228181214676576,0.63947814401595,0.6344568230125285,0.6320605771132598
2,7,0.2791413427811045,0.9148,5000,1.8439885510338678,0.7959183673469388,833,1.8331791231045709,0.8181,0.8158603406471046,0.08379190812534326,,,0.9899999998183598,,0.9900005019828322,0.009999498017167818,0.9687806141276731,0.4064205154842345,5,0.1,0.5,0.6273605339626572,0.6296857862306251,0.6342017013930671,0.6355465953982983,0.6347537837637384,0.6242626783600873,0.6345224086794143,1.0,0.6257520548042935,0.6423411922632982,0.636225608998949,0.6310398461683546
2,8,0.2738565977556026,0.91684,5000,1.8412312048452872,0.8223289315726291,833,1.8332230408732502,0.818,0.8032885913562572,0.08334179555662118,,,0.9082414805268249,,0.9082576175894784,0.09174238241052157,0.9687427615528704,0.40640548517366465,5,0.1,0.5,0.6151795550613137,0.6222997000182985,0.6172697814313477,0.6178614949891964,0.6220434052465121,0.6199539009789299,0.6228181214676576,0.6257520548042935,1.0,0.6247834199288184,0.6226665290968736,0.6223835028141755
2,9,0.27575252374907017,0.91568,5000,1.8329796349560772,0.8259303721488596,833,1.8332758563014264,0.818,0.821672263455686,0.08363458223704527,,,0.9614233001941132,,0.961437678831384,0.03856232116861602,0.9687300876566028,0.4064194907174729,5,0.1,0.5,0.6317447690254631,0.6315428028550356,0.6448451162258876,0.63485496445236,0.6380989319890463,0.6346239093829035,0.63947814401595,0.6423411922632982,0.6247834199288184,1.0,0.64743355420566,0.6450245166411286
2,10,0.2778771736475218,0.91616,5000,1.8432161454801206,0.8031212484993998,833,1.8332796222485674,0.8181,0.8157354145471254,0.08339075861564335,,,0.91713513843334,,0.9171527533758346,0.08284724662416543,0.9686873890617392,0.4064096928054362,5,0.1,0.5,0.624218824612503,0.6278101001690612,0.6313564790238657,0.6345748594711971,0.6365922878145799,0.6247710857758723,0.6344568230125285,0.636225608998949,0.6226665290968736,0.64743355420566,1.0,0.6369861332300485
2,11,0.27400810182758956,0.91804,5000,1.8288204890710336,0.7995198079231692,833,1.833241004151658,0.818,0.8155970458448462,0.08356130502788199,,,0.9481132161499927,,0.9481301139501029,0.05186988604989706,0.9687586908109029,0.4064180777484998,5,0.1,0.5,0.6195271532263871,0.6309339001890744,0.6378748434779298,0.6317491055535988,0.6382642912180974,0.6288502481501492,0.6320605771132598,0.6310398461683546,0.6223835028141755,0.6450245166411286,0.6369861332300485,1.0
3,0,0.26059913309824884,0.92176,5000,1.5920138977192066,0.89568345323741,834,1.6024518789955602,0.8831,0.8090634563920494,0.08325846005878414,,,0.99,,0.9900005019828322,0.009999498017167818,0.971419179801659,0.40386740523961634,5,0.1,0.5,1.0,0.617646316015306,0.613057926786725,0.6209310962025735,0.6187068678926854,0.6289700679767338,0.6206962371002702,0.6244087114361929,0.6269298971167621,0.625296099172894,0.616523231603891,0.6296666955208304
3,1,0.24689097167793542,0.92636,5000,1.605437437693278,0.9004796163069544,834,1.6032806535879263,0.8829,0.8039308978373466,0.08281204611715005,,,0.99,,0.9900005019828322,0.009999498017167818,0.9710044695047554,0.40386740523961634,5,0.1,0.5,0.617646316015306,1.0,0.6127958017201068,0.6207900792015243,0.6097785058810616,0.6196818442474042,0.6213041519095633,0.6160092070851669,0.6202752850514301,0.6159432275722584,0.6068615879664641,0.6338944130665228
3,2,0.25389391612736095,0.92512,5000,1.6106833351982965,0.882494004796163,834,1.602816828523581,0.8829,0.8065182259635285,0.08318948458691314,,,0.99,,0.9900005019828322,0.009999498017167818,0.9714266325722998,0.40386740523961634,5,0.1,0.5,0.613057926786725,0.6127958017201068,1.0,0.6241761903707859,0.6135768357255081,0.6279067304007044,0.616228337781383,0.621854031931754,0.617040694349675,0.6273980910138677,0.6194809343809046,0.6244510046912608
3,3,0.25800557575977534,0.92584,5000,1.5936220663565177,0.894484412470024,834,1.6023259970326773,0.8832,0.8103648356614901,0.08365684451402967,,,0.99,,0.9900005019828322,0.009999498017167818,0.9715387262292319,0.40386740523961634,5,0.1,0.5,0.6209310962025735,0.6207900792015243,0.6241761903707859,1.0,0.6134191070058715,0.6273203699029206,0.618420806347435,0.6241594506160688,0.6253912335250978,0.6260935775577785,0.6211484797895008,0.6311796866161032
3,4,0.23027352873995235,0.9306,5000,1.6135914149107757,0.8631452581032413,833,1.6031238766143117,0.8828,0.8008679038851306,0.08286173785315579,,,0.99,,0.9900005019828322,0.009999498017167818,0.9712983138388116,0.40386740523961634,5,0.1,0.5,0.6187068678926854,0.6097785058810616,0.6135768357255081,0.6134191070058715,1.0,0.6186447628866745,0.6140739301236607,0.6160515723284661,0.6159359478353705,0.6134138899554349,0.6162190275692483,0.6144423070140905
3,5,0.2541025571563655,0.92444,5000,1.5881891515519884,0.8811524609843937,833,1.6023891509150545,0.8832,0.8130568397510551,0.08353769964040221,,,0.99,,0.9900005019828322,0.009999498017167818,0.9715017048019655,0.40386740523961634,5,0.1,0.5,0.6289700679767338,0.6196818442474042,0.6279067304007044,0.6273203699029206,0.6186447628866745,1.0,0.6230535601957177,0.6236275257748616,0.6269119521429631,0.6347768825543554,0.619076942317317,0.6306126459213142
3,6,0.2430379143690655,0.92668,5000,1.608424018930506,0.8883553421368547,833,1.6027282015584148,0.883,0.8054336736564213,0.0831503009832142,,,0.99,,0.9900005019828322,0.009999498017167818,0.9714283221316111,0.40386740523961634,5,0.1,0.5,0.6206962371002702,0.6213041519095633,0.616228337781383,0.618420806347435,0.6140739301236607,0.6230535601957177,1.0,0.624668434532548,0.6115138518706257,0.6132529075842692,0.6159032726539916,0.6284806874114666
3,7,0.25543889137767967,0.92352,5000,1.6129536893632677,0.8739495798319328,833,1.6023226062329814,0.8832,0.8088132851371355,0.08367487293691113,,,0.99,,0.9900005019828322,0.009999498017167818,0.971538574126847,0.40386740523961634,5,0.1,0.5,0.6244087114361929,0.6160092070851669,0.621854031931754,0.6241594506160688,0.6160515723284661,0.6236275257748616,0.624668434532548,1.0,0.6221315837054777,0.6291707838874917,0.6167756599423849,0.6186632626482267
3,8,0.2499775552979795,0.92404,5000,1.6133930329923276,0.879951980792317,833,1.602368216164196,0.8832,0.8072545617933492,0.08332248867964127,,,0.99,,0.9900005019828322,0.009999498017167818,0.9714953237356967,0.40386740523961634,5,0.1,0.5,0.6269298971167621,0.6202752850514301,0.617040694349675,0.6253912335250978,0.6159359478353705,0.6269119521429631,0.6115138518706257,0.6221315837054777,1.0,0.6199833003498693,0.6124980108309641,0.6258529681712627
3,9,0.2538021717006993,0.923,5000,1.601709621923941,0.8895558223289316,833,1.6024358386810595,0.8833,0.8108468573699125,0.08364156763477013,,,0.99,,0.9900005019828322,0.009999498017167818,0.9715377486074135,0.40386740523961634,5,0.1,0.5,0.625296099172894,0.6159432275722584,0.6273980910138677,0.6260935775577785,0.6134138899554349,0.6347768825543554,0.6132529075842692,0.6291707838874917,0.6199833003498693,1.0,0.6290418192275938,0.6235066888591324
3,10,0.25491011684677406,0.92376,5000,1.6146756984569408,0.8703481392557023,833,1.6024382434333095,0.8834,0.8037547041648776,0.08323293426726637,,,0.99,,0.9900005019828322,0.009999498017167818,0.9715078260553537,0.40386740523961634,5,0.1,0.5,0.616523231603891,0.6068615879664641,0.6194809343809046,0.6211484797895008,0.6162190275692483,0.619076942317317,0.6159032726539916,0.6167756599423849,0.6124980108309641,0.6290418192275938,1.0,0.616723158045485
3,11,0.2551071073824338,0.92324,5000,1.597988106586315,0.8751500600240096,833,1.6024008060034853,0.8832,0.8128128379102035,0.08366156272776197,,,0.99,,0.9900005019828322,0.009999498017167818,0.971533746493588,0.40386740523961634,5,0.1,0.5,0.6296666955208304,0.6338944130665228,0.6244510046912608,0.6311796866161032,0.6144423070140905,0.6306126459213142,0.6284806874114666,0.6186632626482267,0.6258529681712627,0.6235066888591324,0.616723158045485,1.0
4,0,0.2388057706438622,0.9276,5000,1.3404104709625244,0.9292565947242206,834,1.3547758880895548,0.919,0.7944077022242222,0.08311558406542516,,,0.8752286187724546,,0.8752472265448522,0.12475277345514779,0.970995841510051,0.39955982485053915,5,0.1,0.5,1.0,0.596581644380573,0.6017065414127489,0.5988265016606966,0.5983638275360152,0.6004520535416152,0.6045907503082281,0.6039367658718907,0.6018532325873972,0.6078380428817359,0.6016133068296352,0.6033960610512004
4,1,0.2247308651121796,0.93268,5000,1.3597565138781513,0.9256594724220624,834,1.3558924011529063,0.9187,0.7908319736053215,0.08269385021497633,,,0.8,,0.8,0.19999999999999996,0.970551780762427,0.3993735400531335,5,0.1,0.5,0.596581644380573,1.0,0.5981130910839283,0.5968857609049575,0.5998571343445659,0.5979114186016653,0.5986289500026853,0.5985932941269654,0.6022612049502556,0.6003932423005478,0.5940676911673368,0.6037747094287926
4,2,0.2348597826436162,0.93056,5000,1.3621929354137845,0.9292565947242206,834,1.3551250589541353,0.9189,0.7994719387589052,0.08324687588884039,,,0.8986483715884388,,0.8986597058380603,0.10134029416193968,0.9710355087772673,0.3995839283273558,5,0.1,0.5,0.6017065414127489,0.5981130910839283,1.0,0.6022467294969858,0.6077689077686566,0.6131500587731291,0.6034216582456828,0.6078434281164635,0.59613384038897,0.6124873336000111,0.6120214610488324,0.6131206411834031
4,3,0.23062311003257516,0.9328,5000,1.3459095778288666,0.919664268585132,834,1.3545649794343941,0.9191,0.7979489218684187,0.08350419263703522,,,0.9445483711571607,,0.9445610160132524,0.055438983986747625,0.9710718951071801,0.3996057826902977,5,0.1,0.5,0.5988265016606966,0.5968857609049575,0.6022467294969858,1.0,0.610482843620866,0.6068656656960648,0.6039112071181995,0.6065645895735047,0.6027375427521794,0.6054081985759625,0.6086013148787254,0.6087130234553085
4,4,0.21143087178281847,0.93624,5000,1.3644137603265267,0.8991596638655462,833,1.3555137688359513,0.9186,0.8003210521196364,0.08305876902497648,,,0.8650939876208263,,0.8651121931629938,0.13488780683700619,0.9709707663910654,0.39954548447719634,5,0.1,0.5,0.5983638275360152,0.5998571343445659,0.6077689077686566,0.610482843620866,1.0,0.6062979575234907,0.6052288935863925,0.6094189986270641,0.605964847340324,0.607335670749982,0.6139487512069567,0.6130452400550201
4,5,0.23432387140383765,0.93032,5000,1.3395430026230988,0.9231692677070829,833,1.3546367578993972,0.9191,0.801502683547073,0.08354931279271643,,,0.9525968761255986,,0.9526128206415341,0.047387179358465925,0.971079851729972,0.3996072463521785,5,0.1,0.5,0.6004520535416152,0.5979114186016653,0.6131500587731291,0.6068656656960648,0.6062979575234907,1.0,0.6111597385924022,0.6151502263445594,0.6055475852257161,0.6138172839135161,0.6053754700590308,0.6101044739538914
4,6,0.2173078013423854,0.93512,5000,1.36381936956335,0.9279711884753902,833,1.3550322657576004,0.9189,0.7994722133058272,0.0832208458022235,,,0.8940051411229876,,0.8940213844686512,0.1059786155313488,0.9710263951628151,0.3995800877812774,5,0.1,0.5,0.6045907503082281,0.5986289500026853,0.6034216582456828,0.6039112071181995,0.6052288935863925,0.6111597385924022,1.0,0.6140103452333,0.6037440113982079,0.612027006380828,0.6040057922682368,0.6074544146515544
4,7,0.23598295365116162,0.93172,5000,1.3656821383370294,0.9183673469387755,833,1.3545720051652708,0.9191,0.8027109841471705,0.08368273436568995,,,0.9763965323271662,,0.9764068068872045,0.023593193112795507,0.9710852760749207,0.3996092759711589,5,0.1,0.5,0.6039367658718907,0.5985932941269654,0.6078434281164635,0.6065645895735047,0.6094189986270641,0.6151502263445594,0.6140103452333,1.0,0.6054833158835023,0.6212964434746779,0.60826950432363,0.6062342800053688
4,8,0.22898067320062288,0.93088,5000,1.3683606297881514,0.9159663865546218,833,1.3546408967088206,0.919,0.7961594382161231,0.08321940445572516,,,0.8937480346419051,,0.893755333567592,0.10624466643240804,0.9710247683437719,0.3995797528164108,5,0.1,0.5,0.6018532325873972,0.6022612049502556,0.59613384038897,0.6027375427521794,0.605964847340324,0.6055475852257161,0.6037440113982079,0.6054833158835023,1.0,0.6091311099141145,0.5973892358476011,0.6054223258145852
4,9,0.22837612644300623,0.9314,5000,1.3556697854289301,0.9255702280912365,833,1.3546990776976076,0.919,0.8055241397056091,0.0837589958047474,,,0.9899999998216207,,0.9900005019828322,0.009999498017167818,0.9710854499231713,0.3996095318179438,5,0.1,0.5,0.6078380428817359,0.6003932423005478,0.6124873336000111,0.6054081985759625,0.607335670749982,0.6138172839135161,0.612027006380828,0.6212964434746779,0.6091311099141145,1.0,0.616432222312134,0.6177452813788938
4,10,0.23328196947970042,0.93032,5000,1.3690342903137207,0.9111644657863145,833,1.3547068293483113,0.919,0.7995637113285645,0.08327896051814686,,,0.9043716075676782,,0.9043823101249937,0.0956176898750063,0.9710437908889882,0.39958823426545165,5,0.1,0.5,0.6016133068296352,0.5940676911673368,0.6120214610488324,0.6086013148787254,0.6139487512069567,0.6053754700590308,0.6040057922682368,0.60826950432363,0.5973892358476011,0.616432222312134,1.0,0.6069801058313009
4,11,0.23219679272585328,0.92932,5000,1.3511423954257258,0.9039615846338536,833,1.354664807502454,0.9191,0.8026133600705454,0.08367047442949706,,,0.9742096126263933,,0.9742231815671905,0.025776818432809545,0.9710845220644231,0.3996091919385723,5,0.1,0.5,0.6033960610512004,0.6037747094287926,0.6131206411834031,0.6087130234553085,0.6130452400550201,0.6101044739538914,0.6074544146515544,0.6062342800053688,0.6054223258145852,0.6177452813788938,0.6069801058313009,1.0
5,0,0.22166492298103063,0.93252,5000,1.0882329940795898,0.9424460431654677,834,1.1064409962096535,0.9346,0.7817598522191043,0.08306886477722443,,,0.8540386182685272,,0.8540535113699111,0.14594648863008886,0.9701250490285708,0.39247809877140005,5,0.1,0.5,1.0,0.5733618004006482,0.5734691208144291,0.5754408167880555,0.5774188616436735,0.5755109684447834,0.5820493730968647,0.5801729732558933,0.5812180194870793,0.5813537178546894,0.5826930247936905,0.5838775476450919
5,1,0.21034554518569426,0.93776,5000,1.1128184442166928,0.9448441247002398,834,1.107813921028052,0.9341,0.7812809687889923,0.08277008478738006,,,0.8,,0.8,0.19999999999999996,0.9696263523949319,0.39231508198588494,5,0.1,0.5,0.5733618004006482,1.0,0.574379614810122,0.5732031987745708,0.5825275865940346,0.5727807729757977,0.5891662277170612,0.5724465240779087,0.5866901784702258,0.5796695105224886,0.573713164894257,0.5863465383351916
5,2,0.21332207444972198,0.9346,5000,1.1122560501098633,0.9388489208633094,834,1.1067526974617101,0.9348,0.7804080865415096,0.083109072791917,,,0.8613108106212972,,0.8613272426083028,0.13867275739169715,0.9701790235034808,0.39249199981727323,5,0.1,0.5,0.5734691208144291,0.574379614810122,1.0,0.5773064039865162,0.5750225643814773,0.5824547385472945,0.5817103566197892,0.5737182696602281,0.5717524450211285,0.5808954137401658,0.5761011600154958,0.5863280329748205
5,3,0.2147930921340112,0.93876,5000,1.0979943363754838,0.934052757793765,834,1.106125939577913,0.9348,0.7837781152357317,0.08339966256387167,,,0.9138681112878392,,0.9138798253099744,0.08612017469002564,0.9703367812593042,0.3925530658263277,5,0.1,0.5,0.5754408167880555,0.5732031987745708,0.5773064039865162,1.0,0.5851744084676304,0.5837259996210852,0.5774390268891114,0.5818107729300046,0.5743355872897327,0.5803036368183669,0.5862670434540095,0.588568261687393
5,4,0.19382970131470995,0.94148,5000,1.1141803993119135,0.9183673469387755,833,1.1071035928619555,0.9345,0.7873701493577865,0.08322827874558944,,,0.8828709058244474,,0.8828823854224186,0.11711761457758141,0.9701725210324037,0.39252409462659377,5,0.1,0.5,0.5774188616436735,0.5825275865940346,0.5750225643814773,0.5851744084676304,1.0,0.5791124629923338,0.5844046156464305,0.58380095543827,0.5849851327629988,0.5841194641493672,0.5921008331178649,0.5910449613153539
5,5,0.2158442514907023,0.933,5000,1.0905998216734991,0.936374549819928,833,1.10620406641366,0.9348,0.7845241532035333,0.0834560744800726,,,0.9240710101063507,,0.924085136288339,0.07591486371166101,0.9703564418277768,0.39255916599261154,5,0.1,0.5,0.5755109684447834,0.5727807729757977,0.5824547385472945,0.5837259996210852,0.5791124629923338,1.0,0.5820534363098899,0.5740876010853749,0.5830471146177385,0.5854879815848877,0.5822809454150492,0.589835334537715
5,6,0.2006976787439862,0.93852,5000,1.1176639486242224,0.943577430972389,833,1.106609969283826,0.9347,0.7886007424373548,0.08337992541827072,,,0.910298367285251,,0.9103157472014457,0.0896842527985543,0.9702810240671534,0.3925506182301346,5,0.1,0.5,0.5820493730968647,0.5891662277170612,0.5817103566197892,0.5774390268891114,0.5844046156464305,0.5820534363098899,1.0,0.5783659962659286,0.5871444266560607,0.5832581681784159,0.5926544937154125,0.5923551428605283
5,7,0.21811055100706828,0.93616,5000,1.1176314685079787,0.9351740696278511,833,1.106138107113945,0.9349,0.7823968965418603,0.08347042104062705,,,0.9266657899966371,,0.9266854073590683,0.07331459264093165,0.9703600020619443,0.39256046507035547,5,0.1,0.5,0.5801729732558933,0.5724465240779087,0.5737182696602281,0.5818107729300046,0.58380095543827,0.5740876010853749,0.5783659962659286,1.0,0.574921565304912,0.5812258218406156,0.5847165364032214,0.5844350564333695
5,8,0.21421852447863693,0.93748,5000,1.1212745551709775,0.9315726290516206,833,1.1062120126840025,0.9349,0.7836302546284913,0.08320407814373944,,,0.8784938821625814,,0.8785000752974248,0.1214999247025752,0.9702411069733844,0.39251840859910336,5,0.1,0.5,0.5812180194870793,0.5866901784702258,0.5717524450211285,0.5743355872897327,0.5849851327629988,0.5830471146177385,0.5871444266560607,0.574921565304912,1.0,0.5798343401793062,0.5717967963316184,0.5880621041191249
5,9,0.21047056669452388,0.9368,5000,1.1094609167840745,0.9375750300120048,833,1.1062756117921286,0.9349,0.7878781478139761,0.08371425676025213,,,0.9707669541338829,,0.9707845991667085,0.02921540083329155,0.9703935644135554,0.3925714799311771,5,0.1,0.5,0.5813537178546894,0.5796695105224886,0.5808954137401658,0.5803036368183669,0.5841194641493672,0.5854879815848877,0.5832581681784159,0.5812258218406156,0.5798343401793062,1.0,0.5934819787553278,0.5913632272843281
5,10,0.21605109438822148,0.93356,5000,1.1224834499535736,0.9303721488595438,833,1.1062862975909686,0.9349,0.7874612811915616,0.08337868405413053,,,0.9100738488931764,,0.9100948747552834,0.08990512524471661,0.9702847998838243,0.39255053022632114,5,0.1,0.5,0.5826930247936905,0.573713164894257,0.5761011600154958,0.5862670434540095,0.5921008331178649,0.5822809454150492,0.5926544937154125,0.5847165364032214,0.5717967963316184,0.5934819787553278,1.0,0.5835950725726348
5,11,0.21485982169070916,0.93416,5000,1.1037914311444317,0.9255702280912365,833,1.10623900730389,0.9349,0.7925824052540301,0.08382059643692485,,,0.9899999998191358,,0.9900005019828322,0.009999498017167818,0.9703931510624166,0.39257210111736046,5,0.1,0.5,0.5838775476450919,0.5863465383351916,0.5863280329748205,0.588568261687393,0.5910449613153539,0.589835334537715,0.5923551428605283,0.5844350564333695,0.5880621041191249,0.5913632272843281,0.5835950725726348,1.0
6,0,0.20210827822399557,0.9392,5000,0.8522030115127563,0.9532374100719424,834,0.8738397055159742,0.9431,0.7704531527955356,0.08308090667435575,,,0.8671684233212562,,0.8671853822599267,0.1328146177400733,0.9683688171468153,0.3862135029757983,5,0.1,0.5,1.0,0.551780334563021,0.5614109938165839,0.5505132091843399,0.5565921640796003,0.5540668239714021,0.5621261879319589,0.5643342515522196,0.557163903452197,0.5556150421897608,0.5661450971776607,0.5643337555577898
6,1,0.19485686180555517,0.94268,5000,0.8813880991052698,0.9520383693045563,834,0.8753640489837232,0.9429,0.7659328080637184,0.08272021034769368,,,0.8,,0.8,0.19999999999999996,0.9678656946557226,0.38602829916158743,5,0.1,0.5,0.551780334563021,1.0,0.5614272504843612,0.5482066444419245,0.5559081015445768,0.5515715116497603,0.5618859881379233,0.5556349914309091,0.5572421630163321,0.5501876736910497,0.5521132066211167,0.5579127657764191
6,2,0.20000409166607414,0.93956,5000,0.8770103520817227,0.9520383693045563,834,0.8740815358420911,0.9432,0.7782260699287524,0.08338287467992271,,,0.9234005314081233,,0.92341749912153,0.07658250087846996,0.96844055205896,0.386271469080295,5,0.1,0.5,0.5614109938165839,0.5614272504843612,1.0,0.5594920181217794,0.5615363193816367,0.5758863489448269,0.565416384974811,0.5591075281571436,0.5596366563252793,0.5727506964517193,0.5688529647781974,0.5703422365974036
6,3,0.20283271047423124,0.94124,5000,0.8661477146325288,0.9400479616306955,834,0.8735357104018092,0.9431,0.7655861005107151,0.08313106821690655,,,0.8765094436628805,,0.8765272827669294,0.12347271723307063,0.9685067984202363,0.3862281522307709,5,0.1,0.5,0.5505132091843399,0.5482066444419245,0.5594920181217794,1.0,0.5542685281540067,0.5641003281158964,0.5557915081890197,0.5580340118072842,0.5449591562045791,0.5464566616609337,0.5603584840191983,0.5550425710607684
6,4,0.17774685732071188,0.94548,5000,0.8789157183082016,0.9315726290516206,833,0.874427425213896,0.9431,0.7703375212052671,0.08318395421560992,,,0.8863578088556973,,0.8863711661061192,0.11362883389388079,0.9684861132330417,0.38624106145434733,5,0.1,0.5,0.5565921640796003,0.5559081015445768,0.5615363193816367,0.5542685281540067,1.0,0.559723821920025,0.557469396633255,0.5609597327655833,0.5559760418903723,0.5509033666553556,0.5678634371448974,0.561023817147065
6,5,0.20007019592982947,0.94072,5000,0.8566885590553284,0.9447779111644657,833,0.8735428134473368,0.9431,0.7763043487331515,0.08354810930651513,,,0.9541703189715196,,0.9541790070779579,0.045820992922042114,0.968622022992273,0.38628225669964433,5,0.1,0.5,0.5540668239714021,0.5515715116497603,0.5758863489448269,0.5641003281158964,0.559723821920025,1.0,0.5676744667618292,0.5635660624718372,0.5685414866628994,0.5647919789427566,0.5623720220213928,0.5639690649569392
6,6,0.18468018110639825,0.94492,5000,0.8863359424802992,0.9531812725090036,833,0.8739166320703281,0.9431,0.7764756431812059,0.08350299070804601,,,0.9457683894323956,,0.945785854123789,0.054214145876210984,0.9685971412413326,0.3862802692114768,5,0.1,0.5,0.5621261879319589,0.5618859881379233,0.565416384974811,0.5557915081890197,0.557469396633255,0.5676744667618292,1.0,0.5623757398567322,0.5626698739091464,0.5630024451218761,0.5714867451636422,0.5683894076000751
6,7,0.20315238144486003,0.94076,5000,0.8855973327601397,0.9387755102040817,833,0.8734913415040452,0.9431,0.7733417329878947,0.08345295694030828,,,0.9364511631582464,,0.9364690527583956,0.06353094724160435,0.9686127733281643,0.38627724301038135,5,0.1,0.5,0.5643342515522196,0.5556349914309091,0.5591075281571436,0.5580340118072842,0.5609597327655833,0.5635660624718372,0.5623757398567322,1.0,0.5562997782036792,0.564707336016209,0.5639208590279065,0.5598116873594566
6,8,0.19694553895788208,0.94288,5000,0.8893279057961924,0.9351740696278511,833,0.873607974082898,0.9431,0.7694598461379788,0.08313664435152457,,,0.8775478245468374,,0.8775613674012349,0.12243863259876508,0.9684682293445478,0.3862295943015022,5,0.1,0.5,0.557163903452197,0.5572421630163321,0.5596366563252793,0.5449591562045791,0.5559760418903723,0.5685414866628994,0.5626698739091464,0.5562997782036792,1.0,0.5561154733411408,0.5587669894842351,0.5568557591237256
6,9,0.1957269999578263,0.93968,5000,0.8786848651038276,0.943577430972389,833,0.8736131653998988,0.9431,0.7726919140783932,0.08359384659841372,,,0.9626874608349874,,0.9627026755684955,0.037297324431504464,0.9686538260329458,0.3862835335013986,5,0.1,0.5,0.5556150421897608,0.5501876736910497,0.5727506964517193,0.5464566616609337,0.5509033666553556,0.5647919789427566,0.5630024451218761,0.564707336016209,0.5561154733411408,1.0,0.5732586858638065,0.5636036454123016
6,10,0.19604731302079598,0.94096,5000,0.8918995172889145,0.9339735894357744,833,0.8736179865206393,0.9431,0.7771475217806585,0.08352592225805398,,,0.950038674280046,,0.9500627478540233,0.04993725214597666,0.9685954697921275,0.38628138144294666,5,0.1,0.5,0.5661450971776607,0.5521132066211167,0.5688529647781974,0.5603584840191983,0.5678634371448974,0.5623720220213928,0.5714867451636422,0.5639208590279065,0.5587669894842351,0.5732586858638065,1.0,0.559355463166319
6,11,0.19988835979442876,0.9394,5000,0.87280649277899,0.9387755102040817,833,0.8735900702187047,0.9431,0.7748179094036725,0.0837405157026496,,,0.9899999998137812,,0.9900005019828322,0.009999498017167818,0.968655359339782,0.38628489678366007,5,0.1,0.5,0.5643337555577898,0.5579127657764191,0.5703422365974036,0.5550425710607684,0.561023817147065,0.5639690649569392,0.5683894076000751,0.5598116873594566,0.5568557591237256,0.5636036454123016,0.559355463166319,1.0
7,0,0.19023696741706153,0.94232,5000,0.6509561030953018,0.9556354916067147,834,0.6748977989053574,0.9484,0.7535254231606422,0.08309453775535126,,,0.8694046150956378,,0.8694141860348376,0.13058581396516244,0.9648723431930836,0.37764661758087636,5,0.1,0.5,1.0,0.527067985105542,0.5281117562213498,0.5261285033178282,0.5215126848826718,0.5243629931717468,0.5354448412622965,0.5319180119635581,0.5421926391802411,0.5360028550237044,0.5293376223752465,0.5302117969471808
