round,client_id,client_i_training_loss,client_i_training_accuracy,client_i_training_dataset_size,client_i_evaluation_loss,client_i_evaluation_accuracy,client_i_evaluation_dataset_size,client_i_central_evaluation_loss,client_i_central_evaluation_accuracy,client_i_cosine_similarity,client_i_importance_coefficient,client_i_tanh_val,tanh_normalization_value,client_i_q,client_i_mask_order,client_i_v_nonzero_fraction,client_i_v_sparsity,client_i_v_cosine_similarity,client_i_reward_gradient_norm,local_epochs,learning_rate,gamma,client_0_cosine_similarity,client_1_cosine_similarity,client_2_cosine_similarity,client_3_cosine_similarity,client_4_cosine_similarity,client_5_cosine_similarity,client_6_cosine_similarity,client_7_cosine_similarity,client_8_cosine_similarity,client_9_cosine_similarity,client_10_cosine_similarity,client_11_cosine_similarity
0,0,0.3474539597127231,0.89248,5000,2.1784410741594105,0.41606714628297364,834,2.1777012180596493,0.4289,0.7910655728944862,0.08331147000519311,,,0.8443204338262231,,0.8443301039104463,0.15566989608955373,0,0.3955519540680852,5,0.1,0.5,1.0,0.5918907679884449,0.5994261559938229,0.5939063750632235,0.6027785846691843,0.5853921369524244,0.6025432604664686,0.578882070221931,0.5927087717871874,0.602349447985509,0.5849226015305232,0.5765874028495174
0,1,0.3336166173101041,0.89708,5000,2.1713343461354575,0.43884892086330934,834,2.1776635052677924,0.4289,0.7931799619455812,0.08353414795509437,,,0.8714663643799008,,0.8714773354751267,0.12852266452487326,0,0.3955898420427577,5,0.1,0.5,0.5918907679884449,1.0,0.5933575271857666,0.5985780848352332,0.5996222043072508,0.5967919415625105,0.5990713719289072,0.5906807251501,0.5916321134414836,0.5958708674055037,0.5926353927678176,0.5813332894185558
0,2,0.3384734358436837,0.89328,5000,2.180152177810669,0.4412470023980815,834,2.177646369598925,0.4294,0.7939284457030626,0.08361297489972125,,,0.8810758958379941,,0.8810953265398324,0.11890467346016764,0,0.3955998702000739,5,0.1,0.5,0.5994261559938229,0.5933575271857666,1.0,0.6094764560878745,0.5990373577363631,0.5832620931548589,0.6092016179882198,0.5743693351715008,0.596212886358754,0.5971813168010185,0.5880849124674192,0.588961690420453
0,3,0.3424832871747292,0.89248,5000,2.180540755943016,0.42206235011990406,834,2.177620059765947,0.4294,0.7992969251755474,0.08417835902446444,,,0.9499999998780932,,0.9500025099141609,0.04999749008583909,0,0.39563391515019136,5,0.1,0.5,0.5939063750632235,0.5985780848352332,0.6094764560878745,1.0,0.6048712488039508,0.5920339372615021,0.6069752052871724,0.596930036911619,0.5989003805989731,0.5986821260562677,0.5972563940089248,0.5919363091097507
0,4,0.3496956834806853,0.89148,5000,2.181318203608195,0.4297719087635054,833,2.177624893645509,0.4299,0.7963084526672022,0.0838636265341737,,,0.9116320055247825,,0.9116510215350635,0.0883489784649365,0,0.3956218491683451,5,0.1,0.5,0.6027785846691843,0.5996222043072508,0.5990373577363631,0.6048712488039508,1.0,0.5985470445939819,0.5959541366633169,0.5761687699597745,0.5988665554675565,0.5960013360646098,0.589506816910272,0.5998161205472541
0,5,0.32917121365595203,0.89584,5000,2.172779816168326,0.4417767106842737,833,2.1777071366294884,0.4292,0.790327894410535,0.08323378102340072,,,0.8348496276442133,,0.8348576878670749,0.16514231213292507,0,0.39553449976328636,5,0.1,0.5,0.5853921369524244,0.5967919415625105,0.5832620931548589,0.5920339372615021,0.5985470445939819,1.0,0.6006151583524884,0.5854305371863453,0.5967833000237825,0.5908167899279733,0.5901963654372155,0.5845138062910131
0,6,0.34188785483692863,0.89308,5000,2.1788424209312156,0.4057623049219688,833,2.1776197177533523,0.4296,0.7976837143736433,0.08400846291478653,,,0.9292885284607323,,0.9293007379147633,0.07069926208523669,0,0.3956289699286354,5,0.1,0.5,0.6025432604664686,0.5990713719289072,0.6092016179882198,0.6069752052871724,0.5959541366633169,0.6006151583524884,1.0,0.5935523441230193,0.6061579132878785,0.5903182061090264,0.5933410078621225,0.5764984439764498
0,7,0.3491667003056426,0.8914,5000,2.1888259516821966,0.4237695078031212,833,2.1779439472161926,0.4285,0.7821219772157003,0.08236957071307068,,,0.7294966141177546,,0.7295065508759601,0.27049344912403994,0,0.3951029672807801,5,0.1,0.5,0.578882070221931,0.5906807251501,0.5743693351715008,0.596930036911619,0.5761687699597745,0.5854305371863453,0.5935523441230193,1.0,0.590381356026221,0.5751373706290108,0.5882181838715446,0.5767149182078803
0,8,0.33206121295239704,0.89544,5000,2.17292054494222,0.4345738295318127,833,2.177640529486318,0.4294,0.7947794825998622,0.08370260227996687,,,0.8920020725920668,,0.8920184729682245,0.10798152703177555,0,0.39560882779201023,5,0.1,0.5,0.5927087717871874,0.5916321134414836,0.596212886358754,0.5989003805989731,0.5988665554675565,0.5967833000237825,0.6061579132878785,0.590381356026221,1.0,0.5869982272970096,0.5987052894315361,0.5893053866612503
0,9,0.34686435123395387,0.89272,5000,2.182627492480808,0.4489795918367347,833,2.1777543358909437,0.4299,0.7887338216114618,0.08306590044214858,,,0.8143838626144815,,0.8143968676271272,0.18560313237287285,0,0.3954877953293663,5,0.1,0.5,0.602349447985509,0.5958708674055037,0.5971813168010185,0.5986821260562677,0.5960013360646098,0.5908167899279733,0.5903182061090264,0.5751373706290108,0.5869982272970096,1.0,0.5882898523302555,0.5676014064534857
0,10,0.32095691710354607,0.8992,5000,2.1792304780748157,0.43217286914765907,833,2.177757516074866,0.4298,0.7880273126261166,0.08299149409183097,,,0.8053132311515547,,0.8053360775061493,0.19466392249385067,0,0.3954626366760958,5,0.1,0.5,0.5849226015305232,0.5926353927678176,0.5880849124674192,0.5972563940089248,0.589506816910272,0.5901963654372155,0.5933410078621225,0.5882181838715446,0.5987052894315361,0.5882898523302555,1.0,0.5713816322335131
0,11,0.35873272178374277,0.89148,5000,2.183576707486753,0.4141656662665066,833,2.178009225918462,0.4283,0.7798244940695016,0.0821276101161487,,,0.7,,0.7,0.30000000000000004,0,0.3948751293574091,5,0.1,0.5,0.5765874028495174,0.5813332894185558,0.588961690420453,0.5919363091097507,0.5998161205472541,0.5845138062910131,0.5764984439764498,0.5767149182078803,0.5893053866612503,0.5676014064534857,0.5713816322335131,1.0
1,0,0.3061444900692648,0.90848,5000,2.0114409305431225,0.762589928057554,834,2.013651555719467,0.7704,0.8107313737548724,0.08334861922756112,,,0.8786923159866362,,0.8787008684302997,0.12129913156970029,0.9612070823115673,0.40489785848906296,5,0.1,0.5,1.0,0.6287214546254952,0.6227753557012436,0.6240441581802413,0.6222908721226196,0.6244574663879846,0.6254743428457935,0.6255258913617313,0.6292336387514118,0.6334820541180918,0.6270433742310649,0.6161289551041939
1,1,0.30215971840243006,0.90832,5000,2.0023474251782454,0.7889688249400479,834,2.0135900966656473,0.7706,0.8104869164152664,0.08348742941634946,,,0.9010814181130941,,0.9011043622308117,0.0988956377691883,0.9612988983534503,0.4049186417670652,5,0.1,0.5,0.6287214546254952,1.0,0.621541162411529,0.6228836369476504,0.6280353074817988,0.6293728735833426,0.6197234132500302,0.6253113798730826,0.6190146161846044,0.6301846659563197,0.6272941861438402,0.6239045299371032
1,2,0.29987593193295276,0.90888,5000,2.0146973530451455,0.7637889688249401,834,2.013590913230238,0.7705,0.8069096769048498,0.08341501874587175,,,0.88940208887565,,0.8894131820691732,0.11058681793082681,0.9613094764313438,0.404908704738156,5,0.1,0.5,0.6227753557012436,0.621541162411529,1.0,0.6205189906906929,0.6204193410623902,0.6224679731480638,0.6281283758196274,0.6183840789367133,0.6244802216387091,0.6203971879785966,0.6320357706588088,0.6093831992923521
1,3,0.307206308420534,0.90568,5000,2.0158928014613964,0.7697841726618705,834,2.0135406644199603,0.7704,0.8069569558739793,0.08379071971920468,,,0.949999999838707,,0.9500025099141609,0.04999749008583909,0.9614261307621368,0.40493835899208713,5,0.1,0.5,0.6240441581802413,0.6228836369476504,0.6205189906906929,1.0,0.6199453524391538,0.6293738536184409,0.6180404242017056,0.6209976927645982,0.6218594072703134,0.623647799631596,0.6198056492780711,0.6175093378570797
1,4,0.3039971981007772,0.90616,5000,2.015034136948762,0.7599039615846338,833,2.013553590439379,0.7709,0.8099475654123077,0.08368662983633239,,,0.9332110375996859,,0.9332262436624668,0.06677375633753324,0.9613904997295963,0.40493436509845365,5,0.1,0.5,0.6222908721226196,0.6280353074817988,0.6204193410623902,0.6199453524391538,1.0,0.6344011133783599,0.6242931670285095,0.6199993139906649,0.6291066751981637,0.6277529671836558,0.6317880179896025,0.6109607958645218
1,5,0.28309485406442814,0.9132,5000,2.0051491569589683,0.7899159663865546,833,2.0136645293464297,0.7704,0.8141447148845895,0.08341607570582817,,,0.8895725690443927,,0.889578836403795,0.11042116359620502,0.9611751444563642,0.4049090128825705,5,0.1,0.5,0.6244574663879846,0.6293728735833426,0.6224679731480638,0.6293738536184409,0.6344011133783599,1.0,0.6229323764533531,0.6340625660134803,0.628577741062875,0.6352486945920587,0.6312600564177903,0.6206243928938397
1,6,0.3040864888044774,0.90652,5000,2.016720727637962,0.7635054021608644,833,2.013540716216968,0.7705,0.8085885246139477,0.08373512990700599,,,0.9410337561258268,,0.9410571758445861,0.05894282415541385,0.9614133636297056,0.404936552544806,5,0.1,0.5,0.6254743428457935,0.6197234132500302,0.6281283758196274,0.6180404242017056,0.6242931670285095,0.6229323764533531,1.0,0.6221907504452076,0.6243099952627675,0.633098778686968,0.6274680791878546,0.6094977382212677
1,7,0.30207149570683245,0.90796,5000,2.027173541210316,0.78031212484994,833,2.0142179917984495,0.7708,0.8084249134279979,0.08264515177124496,,,0.7652279884788155,,0.7652477285276843,0.2347522714723157,0.9599732494552146,0.4045684518468187,5,0.1,0.5,0.6255258913617313,0.6253113798730826,0.6183840789367133,0.6209976927645982,0.6199993139906649,0.6340625660134803,0.6221907504452076,1.0,0.6264015760512255,0.6335225147270718,0.6168568151639764,0.6178442491619505
1,8,0.29581029558684796,0.91068,5000,2.00866280220173,0.7839135654261705,833,2.013575240445975,0.7707,0.8121236964922129,0.08365587164846057,,,0.9282499593424043,,0.928261633452136,0.07173836654786403,0.9613581713771148,0.4049326825571076,5,0.1,0.5,0.6292336387514118,0.6190146161846044,0.6244802216387091,0.6218594072703134,0.6291066751981637,0.628577741062875,0.6243099952627675,0.6264015760512255,1.0,0.6322155448682687,0.6317220858484709,0.6242000874778635
1,9,0.3025490445150122,0.90592,5000,2.020631710688273,0.7599039615846338,833,2.0137174906441198,0.7709,0.8152419435405084,0.08334321324244279,,,0.8778203688049128,,0.877832438130616,0.12216756186938404,0.9610678117681414,0.40489680555918645,5,0.1,0.5,0.6334820541180918,0.6301846659563197,0.6203971879785966,0.623647799631596,0.6277529671836558,0.6352486945920587,0.633098778686968,0.6335225147270718,0.6322155448682687,1.0,0.6366274378038816,0.6179866574200957
1,10,0.28396973832492617,0.91504,5000,2.0126692851384482,0.7635054021608644,833,2.0137435986211125,0.7709,0.813559312104368,0.08323539599824177,,,0.8604302095343228,,0.8604487726519753,0.13955122734802472,0.9609713781528902,0.4048726750668643,5,0.1,0.5,0.6270433742310649,0.6272941861438402,0.6320357706588088,0.6198056492780711,0.6317880179896025,0.6312600564177903,0.6274680791878546,0.6168568151639764,0.6317220858484709,0.6366274378038816,1.0,0.626182846733432
1,11,0.320481177198754,0.90284,5000,2.024165153503418,0.7563025210084033,833,2.0146956363805946,0.7705,0.8014081930138722,0.08224074478145647,,,0.7,,0.7,0.30000000000000004,0.9593035952179629,0.40407619340904855,5,0.1,0.5,0.6161289551041939,0.6239045299371032,0.6093831992923521,0.6175093378570797,0.6109607958645218,0.6206243928938397,0.6094977382212677,0.6178442491619505,0.6242000874778635,0.6179866574200957,0.626182846733432,1.0
2,0,0.2753693993043178,0.91892,5000,1.8046873719603926,0.8788968824940048,834,1.8107012064693073,0.881,0.8104419265516734,0.08332724507646848,,,0.886068962313449,,0.8860850358917725,0.11391496410822755,0.9693839759878664,0.40542432838872233,5,0.1,0.5,1.0,0.632893171419854,0.6290388250229864,0.6221451774795566,0.6213737982426957,0.6238448523529176,0.6297549695381461,0.6229404662124008,0.6250151568851137,0.626168402542698,0.628712288213296,0.6244564710156849
2,1,0.2638811774623052,0.92288,5000,1.7930221910829898,0.8968824940047961,834,1.810609762280132,0.8809,0.8148672884205046,0.08357306955688214,,,0.9308374362772468,,0.9308568846945434,0.06914311530545658,0.9694417333354783,0.40545258323298156,5,0.1,0.5,0.632893171419854,1.0,0.6288813064574158,0.6326546555467242,0.6292621353666776,0.6306231826336547,0.6348866635539973,0.6246910333488869,0.6266227283583339,0.6308903075873481,0.6351813849137653,0.6220704178408936
2,2,0.27040077362826487,0.919,5000,1.8100620684800324,0.8693045563549161,834,1.810608678351576,0.8807,0.8140144058209782,0.0834954984985614,,,0.9167105360640037,,0.9167310877967974,0.08326891220320265,0.9694308224532128,0.4054467182777002,5,0.1,0.5,0.6290388250229864,0.6288813064574158,1.0,0.636032325287601,0.6309274300455985,0.6217419109098345,0.6349824536834611,0.6315716162414662,0.61822019742286,0.628047224376466,0.6380462871508685,0.6232828684299856
2,3,0.2798168219673406,0.91736,5000,1.8118610426231667,0.8812949640287769,834,1.8105165299516135,0.8812,0.8118934413075419,0.0836701312524313,,,0.9485138856803454,,0.9485266803875307,0.05147331961246926,0.9694782341727949,0.4054572059165818,5,0.1,0.5,0.6221451774795566,0.6326546555467242,0.636032325287601,1.0,0.6253148338669037,0.6274437127176196,0.6288101188724968,0.6224137916463843,0.6287726018562595,0.6242895827411908,0.6320455469543556,0.6184254047278303
2,4,0.2755226663640066,0.91568,5000,1.8095365718558982,0.879951980792317,833,1.8105712035974375,0.881,0.8094482560420467,0.08351618915570959,,,0.9204786276075057,,0.9205009788665227,0.07949902113347729,0.9694694178936482,0.4054484713739406,5,0.1,0.5,0.6213737982426957,0.6292621353666776,0.6309274300455985,0.6253148338669037,1.0,0.6356884689926816,0.6233603188911605,0.6230104090578538,0.6231382040432859,0.6200181351426595,0.6277555791641404,0.6151814460235059
2,5,0.2528088146968964,0.92196,5000,1.7974210977554321,0.8895558223289316,833,1.8107060879564132,0.8807,0.8124112006549051,0.08344039672229697,,,0.9066756427453964,,0.9066964509813764,0.09330354901862359,0.9694247531452942,0.4054409851737529,5,0.1,0.5,0.6238448523529176,0.6306231826336547,0.6217419109098345,0.6274437127176196,0.6356884689926816,1.0,0.6243003228120699,0.6283971573149211,0.627220964472305,0.6240310952011566,0.6415276999651891,0.6203283940597686
2,6,0.26941149986473617,0.91816,5000,1.8150558559982866,0.8823529411764706,833,1.8105177304234368,0.8814,0.8131840997946034,0.08367829153138098,,,0.9499999998178843,,0.9500025099141609,0.04999749008583909,0.9694758660233137,0.4054574217185585,5,0.1,0.5,0.6297549695381461,0.6348866635539973,0.6349824536834611,0.6288101188724968,0.6233603188911605,0.6243003228120699,1.0,0.6295504200426425,0.6343109061333856,0.6261053914118134,0.6304417870630106,0.6146441922901442
2,7,0.2744881655095489,0.91636,5000,1.8281888520276104,0.8787515006002401,833,1.811558058467536,0.8806,0.8072673327853422,0.08275154147107348,,,0.781224351940957,,0.7812358817328448,0.21876411826715525,0.9684525855022625,0.40514878134845944,5,0.1,0.5,0.6229404662124008,0.6246910333488869,0.6315716162414662,0.6224137916463843,0.6230104090578538,0.6283971573149211,0.6295504200426425,1.0,0.6117869776376438,0.6241702128732031,0.6282192156571708,0.6117683887714155
2,8,0.2661535952702924,0.9194,5000,1.8059575866769861,0.8883553421368547,833,1.810605288694461,0.8808,0.8086986267478263,0.0834697570755823,,,0.9120226212457072,,0.9120425681441695,0.08795743185583049,0.9694664995705642,0.40544426307213677,5,0.1,0.5,0.6250151568851137,0.6266227283583339,0.61822019742286,0.6287726018562595,0.6231382040432859,0.627220964472305,0.6343109061333856,0.6117869776376438,1.0,0.6220845437767156,0.6298134088434882,0.620826281064441
2,9,0.2730734435283834,0.91492,5000,1.8196706153728344,0.8667466986794717,833,1.8107863055250515,0.8812,0.8095398318944226,0.08329227197027472,,,0.8796998139217442,,0.8797048340946739,0.12029516590532607,0.9693648839231194,0.4054175027321366,5,0.1,0.5,0.626168402542698,0.6308903075873481,0.628047224376466,0.6242895827411908,0.6200181351426595,0.6240310952011566,0.6261053914118134,0.6241702128732031,0.6220845437767156,1.0,0.635389251064655,0.6163342649385314
2,10,0.2555163402157794,0.92216,5000,1.8074070391831574,0.8883553421368547,833,1.8107844690164439,0.881,0.816983979887007,0.08348007056786552,,,0.9139008691320873,,0.9139149641082275,0.08608503589177252,0.9693301391919,0.40544520919200994,5,0.1,0.5,0.628712288213296,0.6351813849137653,0.6380462871508685,0.6320455469543556,0.6277555791641404,0.6415276999651891,0.6304417870630106,0.6282192156571708,0.6298134088434882,0.635389251064655,1.0,0.6232695869550604
2,11,0.29007250014811187,0.91224,5000,1.826174877308033,0.8703481392557023,833,1.812777306705999,0.8811,0.8021369648632194,0.08230553712147318,,,0.7,,0.7,0.30000000000000004,0.9671829528614774,0.4045471055245514,5,0.1,0.5,0.6244564710156849,0.6220704178408936,0.6232828684299856,0.6184254047278303,0.6151814460235059,0.6203283940597686,0.6146441922901442,0.6117683887714155,0.620826281064441,0.6163342649385314,0.6232695869550604,1.0
3,0,0.2468942216900029,0.92764,5000,1.56800197230445,0.9316546762589928,834,1.578771604897496,0.9199,0.8054289724195528,0.08342371941872287,,,0.9030291995538787,,0.9030470357913759,0.09695296420862409,0.9706797075007864,0.4013436244634209,5,0.1,0.5,1.0,0.6197398367224778,0.6119783163882232,0.6148367375530319,0.6179334370236975,0.6183773315883321,0.6120858369694149,0.6110790880492518,0.6120269877889186,0.6125556373187804,0.6145235588907567,0.6133721022033326
3,1,0.24554995340858676,0.92904,5000,1.5536373323864408,0.9400479616306955,834,1.5786839388429927,0.9201,0.8050244359387707,0.08357271438304958,,,0.933934310839754,,0.9339440791124943,0.06605592088750567,0.9707604944647796,0.4013597354169,5,0.1,0.5,0.6197398367224778,1.0,0.6045223131034566,0.6162924575219879,0.6116463646178463,0.6193015703463272,0.6169795189258603,0.6187323650570691,0.609932682033986,0.613001181080351,0.6136239110945911,0.6097328819870177
3,2,0.2485279445328815,0.92492,5000,1.5765173655969125,0.9112709832134293,834,1.578732268878827,0.9202,0.7988758903715855,0.08330650146129433,,,0.8787153978398261,,0.878725967571909,0.12127403242809098,0.9706691450551213,0.40131997471403125,5,0.1,0.5,0.6119783163882232,0.6045223131034566,1.0,0.6094013057202458,0.6129152722350271,0.6129365211608028,0.6105748102091834,0.6060237795023099,0.60190807077096,0.6114772457164189,0.6115549089622833,0.6012347142013813
3,3,0.25391089127630373,0.92276,5000,1.5794391852838021,0.9148681055155875,834,1.5785612568687708,0.9202,0.8020645061211115,0.08353374643859844,,,0.9258514292115966,,0.9258721951709251,0.07412780482907488,0.970775507819123,0.40135665780088786,5,0.1,0.5,0.6148367375530319,0.6162924575219879,0.6094013057202458,1.0,0.616036408722594,0.6265519263712076,0.6117317384556226,0.6067702699786429,0.6085712495966085,0.6035958557606917,0.6073085117527446,0.603287963894816
3,4,0.24952836730369146,0.92552,5000,1.574280438599763,0.9231692677070829,833,1.5786399993652733,0.9202,0.8047746509948702,0.08352624610027291,,,0.9242956800513507,,0.9243060087345013,0.0756939912654987,0.9707505327220307,0.40135598722928,5,0.1,0.5,0.6179334370236975,0.6116463646178463,0.6129152722350271,0.616036408722594,1.0,0.6264898799681528,0.6068426972052194,0.6108771429050189,0.6160337489202137,0.6133507396506063,0.6096450234012808,0.6095507424381085
3,5,0.22693060469594162,0.9324,5000,1.5598814134244565,0.9447779111644657,833,1.5787945985794067,0.9199,0.8097629207853041,0.08365016780912748,,,0.9499999997925761,,0.9500025099141609,0.04999749008583909,0.9707473784803277,0.4013635622550741,5,0.1,0.5,0.6183773315883321,0.6193015703463272,0.6129365211608028,0.6265519263712076,0.6264898799681528,1.0,0.6190246012941639,0.6171152101912524,0.6177147875677333,0.6147881760290664,0.613692589025492,0.613690023855315
3,6,0.24894807071537728,0.92404,5000,1.5848605102962918,0.9063625450180072,833,1.5785633542667181,0.9202,0.802174624526155,0.08354300730718647,,,0.9277723543623916,,0.9277847497615581,0.07221525023844189,0.9707764668041706,0.40135747999776145,5,0.1,0.5,0.6120858369694149,0.6169795189258603,0.6105748102091834,0.6117317384556226,0.6068426972052194,0.6190246012941639,1.0,0.6094166684244602,0.6188981447575239,0.6091894897269863,0.6113195399077908,0.5993177969494131
3,7,0.2539620950035039,0.92112,5000,1.600154647120723,0.9147659063625451,833,1.580190202679497,0.9196,0.8017566155301874,0.0829134383914406,,,0.7971847369138629,,0.7971989357963958,0.20280106420360422,0.9698550649130263,0.4011113719115092,5,0.1,0.5,0.6110790880492518,0.6187323650570691,0.6060237795023099,0.6067702699786429,0.6108771429050189,0.6171152101912524,0.6094166684244602,1.0,0.6158146907949916,0.6080400813999397,0.610053322211763,0.6119552650556735
3,8,0.23694194134823077,0.92912,5000,1.573506682007401,0.929171668667467,833,1.5786868425223013,0.92,0.8035507062903597,0.08345268845589132,,,0.9090380691930733,,0.9090557702926559,0.09094422970734406,0.9707205054181671,0.4013478844212738,5,0.1,0.5,0.6120269877889186,0.609932682033986,0.60190807077096,0.6085712495966085,0.6160337489202137,0.6177147875677333,0.6188981447575239,0.6158146907949916,1.0,0.6106780937300447,0.6172716427032194,0.6109497321433949
3,9,0.2539688263800304,0.9232,5000,1.590138483930517,0.9003601440576231,833,1.5789447116394775,0.9203,0.80057411504418,0.08323095570084878,,,0.8630454042645657,,0.8630590833793484,0.13694091662065155,0.9705796563199905,0.4012982085649556,5,0.1,0.5,0.6125556373187804,0.613001181080351,0.6114772457164189,0.6035958557606917,0.6133507396506063,0.6147881760290664,0.6091894897269863,0.6080400813999397,0.6106780937300447,1.0,0.6112852084568527,0.6039063288927737
3,10,0.23516908542721704,0.93012,5000,1.572829705697519,0.929171668667467,833,1.5788843163286155,0.9203,0.8019007748678114,0.08340190823300449,,,0.8985050391236955,,0.898519150645048,0.10148084935495205,0.9707056073002811,0.40134007206662853,5,0.1,0.5,0.6145235588907567,0.6136239110945911,0.6115549089622833,0.6073085117527446,0.6096450234012808,0.613692589025492,0.6113195399077908,0.610053322211763,0.6172716427032194,0.6112852084568527,1.0,0.6034751500275488
3,11,0.2638672494863391,0.92244,5000,1.5996767105879608,0.8931572629051621,833,1.5826632393815647,0.9186,0.79681535770118,0.0824449063005628,,,0.7,,0.7,0.30000000000000004,0.9683373834756985,0.4003977939777556,5,0.1,0.5,0.6133721022033326,0.6097328819870177,0.6012347142013813,0.603287963894816,0.6095507424381085,0.613690023855315,0.5993177969494131,0.6119552650556735,0.6109497321433949,0.6039063288927737,0.6034751500275488,1.0
4,0,0.23312450570000964,0.93152,5000,1.3176125023100111,0.9460431654676259,834,1.3324217998181669,0.9362,0.7991760479988108,0.0835559641372347,,,0.9185922608092636,,0.9186085035891772,0.08139149641082277,0.9702667062228778,0.39726090724482466,5,0.1,0.5,1.0,0.6062519940729024,0.598498406868289,0.5980511427738193,0.5999114718530041,0.6047990957498276,0.599185920487683,0.5998796953797361,0.6020814650230852,0.6054003352375961,0.6055280050112222,0.5997764961802852
4,1,0.22472490343105073,0.93516,5000,1.2998472231405753,0.9532374100719424,834,1.3323382893309426,0.9361,0.7973334534945438,0.08359059976106908,,,0.9252825861140059,,0.9253049545705537,0.07469504542944627,0.9703127407424195,0.39726418805932656,5,0.1,0.5,0.6062519940729024,1.0,0.6003838773749215,0.599668670000022,0.5932249920102509,0.6065449282270218,0.6047137900037572,0.6037335686835644,0.5951185970664307,0.6013776991554315,0.59947409166249,0.5905218096858382
4,2,0.23107502963453247,0.92924,5000,1.3294158776601155,0.9268585131894485,834,1.332521921910417,0.9362,0.7942852148137466,0.08330651251945073,,,0.8704074070081744,,0.8704231715275338,0.1295768284724662,0.9701233077052321,0.3972136721904893,5,0.1,0.5,0.598498406868289,0.6003838773749215,1.0,0.5975085585063011,0.601410872018584,0.5950429076585672,0.6006462773780242,0.5966293110913592,0.5946536389082497,0.5966622783548536,0.6056140984153575,0.5861324898769553
4,3,0.23544464046728744,0.92884,5000,1.332098541436372,0.9292565947242206,834,1.3322493664372843,0.9362,0.7933524020253296,0.08342513534856294,,,0.8933209632681833,,0.8933286481602329,0.10667135183976706,0.9702343089645545,0.3972416405632046,5,0.1,0.5,0.5980511427738193,0.599668670000022,0.5975085585063011,1.0,0.5935625834035863,0.6019041467083308,0.5980878786740427,0.5939541711621845,0.5948277706204657,0.5968015394308497,0.6011035724037915,0.5877293190885929
4,4,0.22938551935812185,0.93076,5000,1.3253516885969374,0.9483793517406963,833,1.3324291043388197,0.9362,0.7899591729049203,0.08330122440058293,,,0.8693859374470981,,0.8693941067215502,0.13060589327844985,0.9701674327006705,0.3972121184406846,5,0.1,0.5,0.5999114718530041,0.5932249920102509,0.601410872018584,0.5935625834035863,1.0,0.6026169333321795,0.5902273034295865,0.5933438055326576,0.5889188673423368,0.5885725420052541,0.5968879187940292,0.5821799390651599
4,5,0.21503318650232758,0.93532,5000,1.308184610472785,0.9519807923169268,833,1.3324345418820367,0.9361,0.7995131500340008,0.08371856110881054,,,0.9499999998068368,,0.9500025099141609,0.04999749008583909,0.9703380470391094,0.39727206257355757,5,0.1,0.5,0.6047990957498276,0.6065449282270218,0.5950429076585672,0.6019041467083308,0.6026169333321795,1.0,0.6044139572132851,0.6017431234051159,0.5953080166957646,0.6010218696197043,0.6092187497670035,0.5988608119403056
4,6,0.229946058186566,0.92996,5000,1.340982264942593,0.921968787515006,833,1.332208440326654,0.9362,0.7965273052687409,0.08354256726677084,,,0.9160044794574002,,0.9160283118317354,0.08397168816826461,0.9702936325447986,0.39725947620839436,5,0.1,0.5,0.599185920487683,0.6047137900037572,0.6006462773780242,0.5980878786740427,0.5902273034295865,0.6044139572132851,1.0,0.6079579588715393,0.6024011236562022,0.6009799739391465,0.6008610223745116,0.5839592633047863
4,7,0.23098965358629728,0.92972,5000,1.357505131650854,0.9339735894357744,833,1.334259524893837,0.9364,0.7946585640062436,0.08305787133292074,,,0.8223790986399663,,0.8223984739721901,0.17760152602780988,0.9696282487816582,0.397106416515744,5,0.1,0.5,0.5998796953797361,0.6037335686835644,0.5966293110913592,0.5939541711621845,0.5933438055326576,0.6017431234051159,0.6079579588715393,1.0,0.5958229643895062,0.5937570865103562,0.5968237532480548,0.5950691142410494
4,8,0.22020693579985268,0.93448,5000,1.3264037061620642,0.9495798319327731,833,1.3324446868591797,0.9362,0.7925852654113401,0.0833442774678664,,,0.8777022024253396,,0.8777169820792129,0.12228301792078711,0.970173530464602,0.39722407430459855,5,0.1,0.5,0.6020814650230852,0.5951185970664307,0.5946536389082497,0.5948277706204657,0.5889188673423368,0.5953080166957646,0.6024011236562022,0.5958229643895062,1.0,0.594514927520755,0.59995531770563,0.5927704978075775
4,9,0.2304640870671838,0.92956,5000,1.3457419474919636,0.9195678271308524,833,1.3327420656673443,0.9362,0.7936128918779665,0.08323264778669776,,,0.8561394644693494,,0.8561568194367752,0.14384318056322476,0.9700580709575091,0.39718988914435266,5,0.1,0.5,0.6054003352375961,0.6013776991554315,0.5966622783548536,0.5968015394308497,0.5885725420052541,0.6010218696197043,0.6009799739391465,0.5937570865103562,0.594514927520755,1.0,0.6020429267733223,0.5859914920961441
4,10,0.21102517383873082,0.93628,5000,1.3241792696493644,0.9411764705882353,833,1.3325762843933349,0.9362,0.7980027020793291,0.08350032065039378,,,0.9078439910556692,,0.9078560313237287,0.09214396867627128,0.9702395660623965,0.39725410098432923,5,0.1,0.5,0.6055280050112222,0.59947409166249,0.6056140984153575,0.6011035724037915,0.5968879187940292,0.6092187497670035,0.6008610223745116,0.5968237532480548,0.59995531770563,0.6020429267733223,1.0,0.5906571106421209
4,11,0.24462329148059817,0.929,5000,1.3585518245343808,0.9123649459783914,833,1.3378981694626733,0.9354,0.785482559562471,0.08242431821963944,,,0.7,,0.7,0.30000000000000004,0.9677824334923654,0.39627590449653494,5,0.1,0.5,0.5997764961802852,0.5905218096858382,0.5861324898769553,0.5877293190885929,0.5821799390651599,0.5988608119403056,0.5839592633047863,0.5950691142410494,0.5927704978075775,0.5859914920961441,0.5906571106421209,1.0
5,0,0.21358885431638475,0.9392,5000,1.069550379558846,0.9508393285371702,834,1.0871453089074206,0.9443,0.7826569653575731,0.08348284230822346,,,0.8991620177707205,,0.8991717283268912,0.10082827167310882,0.9688036395886167,0.3912944297109041,5,0.1,0.5,1.0,0.575861889142421,0.5806227630785334,0.5760889952939284,0.571381813983002,0.5750587006744634,0.579322288653516,0.56998232309654,0.5781724806941163,0.5824979239254455,0.5836462448193683,0.5767692768413425
5,1,0.2055073585660808,0.94044,5000,1.048127916124132,0.9664268585131894,834,1.0870600921658282,0.9442,0.7839591745161324,0.08355188662831341,,,0.9138480276568677,,0.913859745996687,0.08614025400331304,0.9688317333777754,0.3913060915186978,5,0.1,0.5,0.575861889142421,1.0,0.5773958109308251,0.5765439672489122,0.5694953276067838,0.5812009452853003,0.5846147590971101,0.5833448318365114,0.5759991923089478,0.5772407786212248,0.584493219203353,0.5752436313285962
5,2,0.20544245036906164,0.93696,5000,1.0838635387244049,0.9376498800959233,834,1.0873243399321462,0.9444,0.7851628449648388,0.08340416788268014,,,0.8824276449821837,,0.8824406405300939,0.11755935946990614,0.9686826748131557,0.39127549358334585,5,0.1,0.5,0.5806227630785334,0.5773958109308251,1.0,0.5774914311683074,0.5806559687120777,0.5801711429432683,0.5850927168682718,0.5787906161940802,0.5751765209551919,0.5754705170591796,0.5921029341309304,0.5711260707392155
5,3,0.21487771551700155,0.93556,5000,1.0867137092131156,0.935251798561151,834,1.0871704729220357,0.9442,0.7801942312441654,0.08330854911278561,,,0.862089140697647,,0.8621053159981928,0.13789468400180716,0.9686814833874701,0.3912431024439558,5,0.1,0.5,0.5760889952939284,0.5765439672489122,0.5774914311683074,1.0,0.5711718215355398,0.5780918295464599,0.5765258717170543,0.5699074852378688,0.5783908928900585,0.573691575875259,0.5783512814324642,0.5706078560603635
5,4,0.2103911288527499,0.9364,5000,1.077502085102929,0.9519807923169268,833,1.0874920986330927,0.9442,0.7757405165972068,0.08306875997340395,,,0.8110850078890068,,0.8111088800763014,0.18889111992369856,0.9683745330848839,0.3910944826246378,5,0.1,0.5,0.571381813983002,0.5694953276067838,0.5806559687120777,0.5711718215355398,1.0,0.5846806870187167,0.5755642058316616,0.5643974920709544,0.5706515241206817,0.5627742355496265,0.5725710669703111,0.5622251536307532
5,5,0.19366830187155656,0.94284,5000,1.0585072173012628,0.963985594237695,833,1.0871353252246356,0.9442,0.7863534677777677,0.08372185031177862,,,0.9499999997872959,,0.9500025099141609,0.04999749008583909,0.968879629392003,0.3913214810772056,5,0.1,0.5,0.5750587006744634,0.5812009452853003,0.5801711429432683,0.5780918295464599,0.5846806870187167,1.0,0.579523657126985,0.5790592083584644,0.5799856309165374,0.5782860184680222,0.5888750418478067,0.5783770711945486
5,6,0.21140520291960543,0.93528,5000,1.0971380450107433,0.929171668667467,833,1.0869331508398818,0.9442,0.7860427029041207,0.08359312793348837,,,0.9226202223099274,,0.9226344059033181,0.07736559409668187,0.9688283259945385,0.39131144089560027,5,0.1,0.5,0.579322288653516,0.5846147590971101,0.5850927168682718,0.5765258717170543,0.5755642058316616,0.579523657126985,1.0,0.5832347312449304,0.5877202650258431,0.5785622316831722,0.578672200747838,0.5723925073094088
5,7,0.21283707061284193,0.93648,5000,1.114000744289822,0.9423769507803121,833,1.0893300158528094,0.9441,0.7819091500884464,0.08312317464034208,,,0.8226592305848603,,0.8226745645298931,0.17732543547010693,0.9682783630815281,0.39113745909911857,5,0.1,0.5,0.56998232309654,0.5833448318365114,0.5787906161940802,0.5699074852378688,0.5643974920709544,0.5790592083584644,0.5832347312449304,1.0,0.5833800170387405,0.5745852404334822,0.5797225597882834,0.5785159136728333
5,8,0.20466579935471912,0.93792,5000,1.0808390997074269,0.9483793517406963,833,1.0872582800852986,0.9442,0.7843452479875118,0.08340064350979698,,,0.881677996424024,,0.8816977059384569,0.11830229406154313,0.9687011539128002,0.39127467301127283,5,0.1,0.5,0.5781724806941163,0.5759991923089478,0.5751765209551919,0.5783908928900585,0.5706515241206817,0.5799856309165374,0.5877202650258431,0.5833800170387405,1.0,0.5768796598886486,0.5804324159966961,0.5795692838856958
5,9,0.2176245101780933,0.93488,5000,1.103641187703168,0.9279711884753902,833,1.0877543971561396,0.9443,0.780675092284636,0.08319667127506884,,,0.838292266043674,,0.8383063099242006,0.16169369007579937,0.9685061266565899,0.3911859933900447,5,0.1,0.5,0.5824979239254455,0.5772407786212248,0.5754705170591796,0.573691575875259,0.5627742355496265,0.5782860184680222,0.5785622316831722,0.5745852404334822,0.5768796598886486,1.0,0.5810433741617363,0.571321181680683
5,10,0.19263441638463433,0.9422,5000,1.076809498998854,0.9495798319327731,833,1.0873009503459017,0.9442,0.7870921094494477,0.08360181782473262,,,0.924468597796229,,0.9244766828974449,0.07552331710255511,0.9688152619120183,0.3913123371552442,5,0.1,0.5,0.5836462448193683,0.584493219203353,0.5921029341309304,0.5783512814324642,0.5725710669703111,0.5888750418478067,0.578672200747838,0.5797225597882834,0.5804324159966961,0.5810433741617363,1.0,0.5713097633435872
5,11,0.2241710123742462,0.93448,5000,1.1168358325958252,0.9279711884753902,833,1.0940635076726968,0.9434,0.7775741267591864,0.08254650859938592,,,0.7,,0.7,0.30000000000000004,0.9663229517528029,0.39024989117037145,5,0.1,0.5,0.5767692768413425,0.5752436313285962,0.5711260707392155,0.5706078560603635,0.5622251536307532,0.5783770711945486,0.5723925073094088,0.5785159136728333,0.5795692838856958,0.571321181680683,0.5713097633435872,1.0
6,0,0.19475217799056962,0.94244,5000,0.8417330384254456,0.9580335731414868,834,0.8614101665088544,0.9515,0.7699324975384695,0.08355301606169431,,,0.9202708150343704,,0.9202901460770042,0.07970985392299579,0.9668802958649704,0.3832799693655629,5,0.1,0.5,1.0,0.5600352995352695,0.5582074528751118,0.5442052035038918,0.5552313449571957,0.5492046109081603,0.550425088938011,0.5487398232270652,0.5528083514756951,0.5606765520438131,0.559311065756585,0.5429082491844326
6,1,0.1952511583395587,0.94232,5000,0.8183839740576567,0.9688249400479616,834,0.8613114562659218,0.9515,0.771987376367829,0.08367240781507694,,,0.9452194366726814,,0.945238692836705,0.05476130716329497,0.9669115350973632,0.38329008478162685,5,0.1,0.5,0.5600352995352695,1.0,0.553832208496572,0.547315340181634,0.5488898526820022,0.5540351970049837,0.5549969423445695,0.5558686164892506,0.5500023913911078,0.5571399397062398,0.5640462594317203,0.5541828113563363
6,2,0.1969130051607017,0.94116,5000,0.8580602164621707,0.9460431654676259,834,0.8616209172973999,0.9515,0.7696514537288562,0.08349004001068344,,,0.9071110646795044,,0.9071331760453792,0.09286682395462076,0.9668342360494478,0.3832713510306774,5,0.1,0.5,0.5582074528751118,0.553832208496572,1.0,0.5507763178751912,0.5546369235421241,0.5523239146246524,0.550923843742727,0.560099543716319,0.5450550066149383,0.5549671574579865,0.5582679072141996,0.5405009120953805
6,3,0.20071650137709585,0.9408,5000,0.8608041670587327,0.947242206235012,834,0.8614998393165417,0.9515,0.760210689978093,0.08309082215679417,,,0.8236887603263545,,0.8237036293358767,0.1762963706641233,0.9664415507258967,0.38310692317942635,5,0.1,0.5,0.5442052035038918,0.547315340181634,0.5507763178751912,1.0,0.5383560362938165,0.5474488633406883,0.5411785038553635,0.5468580652170333,0.5452027493624354,0.5472514752087281,0.5430612376072871,0.5416640695674216
6,4,0.20041745165422273,0.939,5000,0.8496329894772282,0.957983193277311,833,0.8618818443423262,0.9516,0.762118307866877,0.08299690459311987,,,0.8040633365017053,,0.8040811204256815,0.19591887957431853,0.9661989464858822,0.38303216652659533,5,0.1,0.5,0.5552313449571957,0.5488898526820022,0.5546369235421241,0.5383560362938165,1.0,0.5520253419411001,0.5457084307626673,0.5421221579801445,0.5429030937128667,0.5447619620633686,0.5526467515372286,0.5347395609942847
6,5,0.18185244659021213,0.94472,5000,0.829651865694258,0.9687875150060024,833,0.8613936011783612,0.9515,0.766959360987551,0.08360862153859801,,,0.9318903780693665,,0.9319060288138146,0.06809397118618543,0.9669473614993058,0.3832857342391265,5,0.1,0.5,0.5492046109081603,0.5540351970049837,0.5523239146246524,0.5474488633406883,0.5520253419411001,1.0,0.5467412536236763,0.5560012855904632,0.548892991819236,0.5490709984744405,0.5527533808644455,0.5446754202038608
6,6,0.19914626408380212,0.94056,5000,0.8727338799723873,0.9387755102040817,833,0.8612542537073739,0.9516,0.7658399814344328,0.08348219463324402,,,0.9054716603839787,,0.9054866723558054,0.09451332764419462,0.9669001664790079,0.38326996777834843,5,0.1,0.5,0.550425088938011,0.5549969423445695,0.550923843742727,0.5411785038553635,0.5457084307626673,0.5467412536236763,1.0,0.5474096245666662,0.5539966250936703,0.5558484667124383,0.5544235038338311,0.5418517062502359
6,7,0.19556037888144423,0.94064,5000,0.8890732526779175,0.9507803121248499,833,0.863490051354844,0.9514,0.7675348040344282,0.08322564988635651,,,0.8518629508872652,,0.8518799257065408,0.1481200742934592,0.9664286390638054,0.3831873005785323,5,0.1,0.5,0.5487398232270652,0.5558686164892506,0.560099543716319,0.5468580652170333,0.5421221579801445,0.5560012855904632,0.5474096245666662,1.0,0.5508709366896575,0.5564280792307917,0.5512921451762948,0.5459491751764952
6,8,0.18675679960199126,0.9426,5000,0.8541912833849589,0.9555822328931572,833,0.8615214619011925,0.9515,0.7654965421029851,0.0833403225147635,,,0.8758254435832878,,0.8758445861151548,0.12415541388484519,0.9667523474098112,0.38323536874583936,5,0.1,0.5,0.5528083514756951,0.5500023913911078,0.5450550066149383,0.5452027493624354,0.5429030937128667,0.548892991819236,0.5539966250936703,0.5508709366896575,1.0,0.5528437080916204,0.5574369999730426,0.5413474079985614
6,9,0.1979140774400276,0.94036,5000,0.8800918570271244,0.936374549819928,833,0.8619801230704822,0.9514,0.7695272236250289,0.08334582658907423,,,0.8769755989630099,,0.8769891069725415,0.12301089302745849,0.9665708758248952,0.3832371022201032,5,0.1,0.5,0.5606765520438131,0.5571399397062398,0.5549671574579865,0.5472514752087281,0.5447619620633686,0.5490709984744405,0.5558484667124383,0.5564280792307917,0.5528437080916204,1.0,0.5575987565783247,0.5429332946747255
6,10,0.1791966335213251,0.94704,5000,0.8488810790909661,0.9555822328931572,833,0.8615376168546586,0.9515,0.7716838023141849,0.08369528522374228,,,0.9499999997910356,,0.9500025099141609,0.04999749008583909,0.9669363624570387,0.3832910688193769,5,0.1,0.5,0.559311065756585,0.5640462594317203,0.5582679072141996,0.5430612376072871,0.5526467515372286,0.5527533808644455,0.5544235038338311,0.5512921451762948,0.5574369999730426,0.5575987565783247,1.0,0.5463785004872267
6,11,0.21226055808958544,0.93676,5000,0.892924964427948,0.9327731092436975,833,0.8689915035098505,0.9502,0.7579981353825114,0.08249890897685278,,,0.7,,0.7,0.30000000000000004,0.9645778627903648,0.3822462775714785,5,0.1,0.5,0.5429082491844326,0.5541828113563363,0.5405009120953805,0.5416640695674216,0.5347395609942847,0.5446754202038608,0.5418517062502359,0.5459491751764952,0.5413474079985614,0.5429332946747255,0.5463785004872267,1.0
7,0,0.18292168416676058,0.947,5000,0.6436556334848758,0.9580335731414868,834,0.6645116765087786,0.9555,0.7565446391287691,0.0836256356703111,,,0.9221246012496668,,0.9221424627277747,0.07785753727222533,0.9647822706343265,0.37625802055887764,5,0.1,0.5,1.0,0.5343251652651777,0.5330207470113951,0.5259447008393388,0.5325531073283318,0.5275691779097386,0.5298627915982599,0.5277535438126596,0.5279489811928245,0.5393892993736927,0.5319845945824685,0.5202646998574904
