round,client_id,client_i_training_loss,client_i_training_accuracy,client_i_training_dataset_size,client_i_evaluation_loss,client_i_evaluation_accuracy,client_i_evaluation_dataset_size,client_i_central_evaluation_loss,client_i_central_evaluation_accuracy,client_i_cosine_similarity,client_i_importance_coefficient,client_i_tanh_val,tanh_normalization_value,client_i_q,client_i_mask_order,client_i_v_nonzero_fraction,client_i_v_sparsity,client_i_v_cosine_similarity,client_i_reward_gradient_norm,local_epochs,learning_rate,gamma,client_0_cosine_similarity,client_1_cosine_similarity,client_2_cosine_similarity,client_3_cosine_similarity,client_4_cosine_similarity,client_5_cosine_similarity,client_6_cosine_similarity,client_7_cosine_similarity,client_8_cosine_similarity,client_9_cosine_similarity,client_10_cosine_similarity,client_11_cosine_similarity
0,0,2.275607624920932,0.1691144708423326,4167,2.298311335699899,0.17865707434052758,834,2.297860393041297,0.1772,0.9856509286402362,0.08337461490934756,,,0.98,,0.9800300374643098,0.019969962535690167,0,0.14777441480799924,10,0.025,0.15,1.0,0.970704437426735,0.9641617456323982,0.9697130519601548,0.966911157741991,0.9574246324171628,0.9709602897322926,0.9731611719870404,0.9685508250556943,0.9708418183051896,0.9716300425005661,0.9682600253306893
0,1,2.266504317341429,0.180849532037437,4167,2.302870341709682,0.16666666666666666,834,2.297860393041297,0.1772,0.9872566021803187,0.08351043623227696,,,0.98,,0.9800300374643098,0.019969962535690167,0,0.14777441480799924,10,0.025,0.15,0.970704437426735,1.0,0.9732714990937176,0.9637714416961314,0.9713906511896018,0.9649819708865164,0.9736381356678883,0.9707682933255702,0.9664601278843624,0.9699458628101078,0.9755556984394761,0.9708125968724564
0,2,2.260151025020715,0.17554595632349412,4167,2.295837436403547,0.18705035971223022,834,2.297860393041297,0.1772,0.9844526183852902,0.08327325178661822,,,0.98,,0.9800300374643098,0.019969962535690167,0,0.14777441480799924,10,0.025,0.15,0.9641617456323982,0.9732714990937176,1.0,0.967639401957,0.9527722644567176,0.9595627403711736,0.97826241170516,0.9667453953170843,0.969446575074879,0.9662478818198765,0.9780416562516299,0.962001540858411
0,3,2.2686517253066554,0.16390688744900409,4167,2.2988039766039168,0.17146282973621102,834,2.297860393041297,0.1772,0.9846262924174652,0.08328794259157929,,,0.98,,0.9800300374643098,0.019969962535690167,0,0.14777441480799924,10,0.025,0.15,0.9697130519601548,0.9637714416961314,0.967639401957,1.0,0.9690996133580014,0.9665614541885255,0.9705113883944957,0.9656264103384739,0.9665141031436144,0.9754600711907134,0.9633065037877644,0.9620006486355972
0,4,2.2666514425566704,0.161699064074874,4167,2.287687131336757,0.2028811524609844,833,2.297860393041297,0.1772,0.984409814517349,0.08326963107678827,,,0.98,,0.9800300374643098,0.019969962535690167,0,0.14777441480799924,10,0.025,0.15,0.966911157741991,0.9713906511896018,0.9527722644567176,0.9690996133580014,1.0,0.9729918073749668,0.958303735907335,0.966594065220519,0.9655212471599992,0.9795577820836354,0.9623691622199092,0.9721365621898429
0,5,2.2713625915122755,0.16784257259419247,4167,2.2984041145869663,0.18487394957983194,833,2.297860393041297,0.1772,0.9815632257613515,0.08302884274651805,,,0.98,,0.9800300374643098,0.019969962535690167,0,0.14777441480799924,10,0.025,0.15,0.9574246324171628,0.9649819708865164,0.9595627403711736,0.9665614541885255,0.9729918073749668,1.0,0.9596994302751084,0.9617470355279394,0.9624296724890016,0.9688971681206275,0.9573260599557231,0.9723720742874482
0,6,2.2670053843295936,0.17669786417086633,4167,2.296973943710327,0.16566626650660263,833,2.297860393041297,0.1772,0.985973103630675,0.08340186716973788,,,0.98,,0.9800300374643098,0.019969962535690167,0,0.14777441480799924,10,0.025,0.15,0.9709602897322926,0.9736381356678883,0.97826241170516,0.9705113883944957,0.958303735907335,0.9596994302751084,1.0,0.9717384513475557,0.973210728047679,0.9646384819482782,0.9769364964045869,0.9582265788606565
0,7,2.2712724194382177,0.156227501799856,4167,2.2985921246664867,0.19207683073229292,833,2.297860393041297,0.1772,0.9858174978132547,0.08338870472578525,,,0.98,,0.9800300374643098,0.019969962535690167,0,0.14777441480799924,10,0.025,0.15,0.9731611719870404,0.9707682933255702,0.9667453953170843,0.9656264103384739,0.966594065220519,0.9617470355279394,0.9717384513475557,1.0,0.9781711348290297,0.9689466247580312,0.9730399051145643,0.9577493955865524
0,8,2.2698456106763896,0.14491118578972637,4166,2.297861780439104,0.1716686674669868,833,2.297860393041297,0.1772,0.9853848019870082,0.08335210368698143,,,0.98,,0.9800300374643098,0.019969962535690167,0,0.14777441480799924,10,0.025,0.15,0.9685508250556943,0.9664601278843624,0.969446575074879,0.9665141031436144,0.9655212471599992,0.9624296724890016,0.973210728047679,0.9781711348290297,1.0,0.9679508462358469,0.9730507738390504,0.9578719814633954
0,9,2.2602631547234275,0.1527604416706673,4166,2.297321285520281,0.1752701080432173,833,2.297860393041297,0.1772,0.9872071224408352,0.08350625082129079,,,0.98,,0.9800300374643098,0.019969962535690167,0,0.14777441480799924,10,0.025,0.15,0.9708418183051896,0.9699458628101078,0.9662478818198765,0.9754600711907134,0.9795577820836354,0.9688971681206275,0.9646384819482782,0.9689466247580312,0.9679508462358469,1.0,0.9675628974769046,0.9706720009906897
0,10,2.265215943076394,0.1730676908305329,4166,2.2990848336900984,0.1788715486194478,833,2.297860393041297,0.1772,0.9867822366884735,0.08347031042398148,,,0.98,,0.9800300374643098,0.019969962535690167,0,0.14777441480799924,10,0.025,0.15,0.9716300425005661,0.9755556984394761,0.9780416562516299,0.9633065037877644,0.9623691622199092,0.9573260599557231,0.9769364964045869,0.9730399051145643,0.9730507738390504,0.9675628974769046,1.0,0.9668799715521917
0,11,2.2739715677319152,0.17076332213154105,4166,2.301410606929234,0.15126050420168066,833,2.297860393041297,0.1772,0.9828305521137181,0.08313604382909481,,,0.98,,0.9800300374643098,0.019969962535690167,0,0.14777441480799924,10,0.025,0.15,0.9682600253306893,0.9708125968724564,0.962001540858411,0.9620006486355972,0.9721365621898429,0.9723720742874482,0.9582265788606565,0.9577493955865524,0.9578719814633954,0.9706720009906897,0.9668799715521917,1.0
1,0,2.1517304030331696,0.20849532037437005,4167,2.284945249557495,0.20503597122302158,834,2.284674046914789,0.1933,0.9892787628570974,0.08341510031433041,,,0.98,,0.9800300374643098,0.019969962535690167,0.8849144869161085,0.14813102741007494,10,0.025,0.15,1.0,0.9774678274545465,0.9697025799242665,0.9733644174265108,0.9757284772391623,0.9798708369425703,0.973562711838567,0.9778864151760002,0.9729594849062464,0.9748196056900595,0.9743801460229802,0.9736831005154561
1,1,2.130565402724526,0.22354211663066956,4167,2.289978197642735,0.18105515587529977,834,2.284674046914789,0.1933,0.9880603219369053,0.0834592540493091,,,0.98,,0.9800300374643098,0.019969962535690167,0.8849144869161085,0.14813102741007494,10,0.025,0.15,0.9774678274545465,1.0,0.972584406038202,0.9685623622558289,0.9731767459795384,0.9766024790780207,0.9733976101190824,0.9716964413708086,0.9713241826503323,0.974278055402797,0.9760616264253464,0.9737868189947534
1,2,2.1398756912260346,0.22428605711543076,4167,2.2830443722861156,0.20623501199040767,834,2.284674046914789,0.1933,0.9844529934437173,0.08319624902675711,,,0.98,,0.9800300374643098,0.019969962535690167,0.8849144869161085,0.14813102741007494,10,0.025,0.15,0.9697025799242665,0.972584406038202,1.0,0.9691014163006513,0.9667117967800493,0.9733294136299803,0.9739069016500429,0.9643658443445655,0.9629032891424787,0.9703038596581941,0.9724715167501322,0.9708878484304232
1,3,2.151437602259896,0.21267098632109432,4167,2.285351480756487,0.19184652278177458,834,2.284674046914789,0.1933,0.985010741638425,0.0832233757783066,,,0.98,,0.9800300374643098,0.019969962535690167,0.8849144869161085,0.14813102741007494,10,0.025,0.15,0.9733644174265108,0.9685623622558289,0.9691014163006513,1.0,0.9670774218874612,0.9714605043006492,0.9732395468499343,0.9687308189486844,0.9702749856941282,0.9717725908102536,0.9698646255169817,0.9694182532139599
1,4,2.137166946223288,0.21607871370290377,4167,2.2736460140773227,0.21248499399759904,833,2.284674046914789,0.1933,0.9883245136636147,0.08331951213003386,,,0.98,,0.9800300374643098,0.019969962535690167,0.8849144869161085,0.14813102741007494,10,0.025,0.15,0.9757284772391623,0.9731767459795384,0.9667117967800493,0.9670774218874612,1.0,0.9758536225792266,0.9715848200353513,0.9771525175404685,0.9759222277814225,0.9780341523762113,0.9750215552888736,0.9758722923249511
1,5,2.15583026156281,0.20947924166066714,4167,2.2845681735447476,0.19807923169267708,833,2.284674046914789,0.1933,0.9897052018238289,0.08321597113433171,,,0.98,,0.9800300374643098,0.019969962535690167,0.8849144869161085,0.14813102741007494,10,0.025,0.15,0.9798708369425703,0.9766024790780207,0.9733294136299803,0.9714605043006492,0.9758536225792266,1.0,0.976672534312135,0.9732509630948438,0.9708038011871706,0.9770257688859827,0.9754481997781017,0.9782535124335614
1,6,2.1418999769470908,0.22291816654667626,4167,2.2831807817731584,0.19567827130852342,833,2.284674046914789,0.1933,0.9863217414862873,0.08333603418989685,,,0.98,,0.9800300374643098,0.019969962535690167,0.8849144869161085,0.14813102741007494,10,0.025,0.15,0.973562711838567,0.9733976101190824,0.9739069016500429,0.9732395468499343,0.9715848200353513,0.976672534312135,1.0,0.9664983022408999,0.9676902530869588,0.9732562240832618,0.967859053474151,0.970719324451499
1,7,2.144793483705232,0.21571874250059994,4167,2.2863289969308034,0.19567827130852342,833,2.284674046914789,0.1933,0.9870627910552385,0.08335194846502625,,,0.98,,0.9800300374643098,0.019969962535690167,0.8849144869161085,0.14813102741007494,10,0.025,0.15,0.9778864151760002,0.9716964413708086,0.9643658443445655,0.9687308189486844,0.9771525175404685,0.9732509630948438,0.9664983022408999,1.0,0.974556199177381,0.9776136334148627,0.9728713545932925,0.9725212141769427
1,8,2.1455050927219967,0.21082573211713873,4166,2.285262039729527,0.17767106842737096,833,2.284674046914789,0.1933,0.986337097397044,0.08330588392778056,,,0.98,,0.9800300374643098,0.019969962535690167,0.8849144869161085,0.14813102741007494,10,0.025,0.15,0.9729594849062464,0.9713241826503323,0.9629032891424787,0.9702749856941282,0.9759222277814225,0.9708038011871706,0.9676902530869588,0.974556199177381,1.0,0.9699572354048542,0.9745183124093248,0.9776625936006411
1,9,2.129979574319088,0.21913106096975515,4166,2.2832505021776472,0.1872749099639856,833,2.284674046914789,0.1933,0.9886369702935032,0.0834753680753877,,,0.98,,0.9800300374643098,0.019969962535690167,0.8849144869161085,0.14813102741007494,10,0.025,0.15,0.9748196056900595,0.974278055402797,0.9703038596581941,0.9717725908102536,0.9780341523762113,0.9770257688859827,0.9732562240832618,0.9776136334148627,0.9699572354048542,1.0,0.9757183121764118,0.9729958317065798
1,10,2.136596312306144,0.21817090734517522,4166,2.285515512738909,0.1908763505402161,833,2.284674046914789,0.1933,0.9885848413543407,0.08345154360563974,,,0.98,,0.9800300374643098,0.019969962535690167,0.8849144869161085,0.14813102741007494,10,0.025,0.15,0.9743801460229802,0.9760616264253464,0.9724715167501322,0.9698646255169817,0.9750215552888736,0.9754481997781017,0.967859053474151,0.9728713545932925,0.9745183124093248,0.9757183121764118,1.0,0.9809676050191662
1,11,2.1486913016348175,0.21303408545367258,4166,2.289221559252058,0.17767106842737096,833,2.284674046914789,0.1933,0.988710762710499,0.08324975930320001,,,0.98,,0.9800300374643098,0.019969962535690167,0.8849144869161085,0.14813102741007494,10,0.025,0.15,0.9736831005154561,0.9737868189947534,0.9708878484304232,0.9694182532139599,0.9758722923249511,0.9782535124335614,0.970719324451499,0.9725212141769427,0.9776625936006411,0.9729958317065798,0.9809676050191662,1.0
2,0,2.0726937998424875,0.2380609551235901,4167,2.265481506075178,0.21342925659472423,834,2.264944595626638,0.218,0.9863790834364999,0.08346136426297651,,,0.98,,0.9800300374643098,0.019969962535690167,0.9644553622193278,0.14759830727390724,10,0.025,0.15,1.0,0.9692488608021307,0.9659039721153557,0.9649518354771676,0.969950657980111,0.9725058223186218,0.965940116045228,0.9716218284177388,0.9649296929738905,0.9681855377117768,0.9683619101006559,0.9653948981296634
2,1,2.0495526870091756,0.25505159587233023,4167,2.270770856312343,0.20983213429256595,834,2.264944595626638,0.218,0.9838853641582277,0.08340765075165234,,,0.98,,0.9800300374643098,0.019969962535690167,0.9644553622193278,0.14759830727390724,10,0.025,0.15,0.9692488608021307,1.0,0.9670806503158184,0.9605138476413918,0.9647673580607401,0.9657581993260832,0.9666897605730802,0.963160502594137,0.9609106537659757,0.9701409166657409,0.964580006048864,0.964670138854642
2,2,2.064150869846344,0.25481161507079436,4167,2.263761418206351,0.22661870503597123,834,2.264944595626638,0.218,0.9833703960781368,0.08322873330700635,,,0.98,,0.9800300374643098,0.019969962535690167,0.9644553622193278,0.14759830727390724,10,0.025,0.15,0.9659039721153557,0.9670806503158184,1.0,0.9642926191135635,0.9626813471644773,0.9658330280029569,0.9652479956349083,0.9638836903931621,0.9600969808085513,0.9672889180661919,0.9657230147946148,0.9635216260691447
2,3,2.0766784725767193,0.24557235421166307,4167,2.265481540134975,0.22182254196642687,834,2.264944595626638,0.218,0.9818696847018629,0.08319675110796003,,,0.98,,0.9800300374643098,0.019969962535690167,0.9644553622193278,0.14759830727390724,10,0.025,0.15,0.9649518354771676,0.9605138476413918,0.9642926191135635,1.0,0.9596410912879498,0.9647291185583471,0.9645235538680196,0.9627483418003528,0.962745936573601,0.9645846238477981,0.9615498807533484,0.9635616886396068
2,4,2.0564917416283577,0.24701223902087832,4167,2.2524585723876953,0.22328931572629052,833,2.264944595626638,0.218,0.98408756512543,0.08332803160466926,,,0.98,,0.9800300374643098,0.019969962535690167,0.9644553622193278,0.14759830727390724,10,0.025,0.15,0.969950657980111,0.9647673580607401,0.9626813471644773,0.9596410912879498,1.0,0.9624802518204374,0.9627595341653353,0.9704078996524302,0.968021872054636,0.9659713675971358,0.9676031296370193,0.9656740107157813
2,5,2.0801061511039736,0.23849292056635468,4167,2.2639622688293457,0.22809123649459784,833,2.264944595626638,0.218,0.9848470681200575,0.08328882810462986,,,0.98,,0.9800300374643098,0.019969962535690167,0.9644553622193278,0.14759830727390724,10,0.025,0.15,0.9725058223186218,0.9657581993260832,0.9658330280029569,0.9647291185583471,0.9624802518204374,1.0,0.9675226840953903,0.9666577085650258,0.9608788527839844,0.9683003269571595,0.9668062715947063,0.9675062075429702
2,6,2.0625109123461174,0.2566834653227742,4167,2.262525967189244,0.23169267707082833,833,2.264944595626638,0.218,0.9817705210553249,0.08326301167271291,,,0.98,,0.9800300374643098,0.019969962535690167,0.9644553622193278,0.14759830727390724,10,0.025,0.15,0.965940116045228,0.9666897605730802,0.9652479956349083,0.9645235538680196,0.9627595341653353,0.9675226840953903,1.0,0.9587805417620587,0.9575087441045085,0.9650870543868865,0.9576964004204125,0.9608640666644315
2,7,2.0643392263036784,0.25145188384929207,4167,2.267859084265573,0.21608643457382953,833,2.264944595626638,0.218,0.9845220779267565,0.08336213988680835,,,0.98,,0.9800300374643098,0.019969962535690167,0.9644553622193278,0.14759830727390724,10,0.025,0.15,0.9716218284177388,0.963160502594137,0.9638836903931621,0.9627483418003528,0.9704078996524302,0.9666577085650258,0.9587805417620587,1.0,0.9665073356001515,0.9692705524439016,0.9670337192345223,0.9650124541122953
2,8,2.0638446070931176,0.2458953432549208,4166,2.266258818762643,0.20768307322929172,833,2.264944595626638,0.218,0.9822177249184613,0.08325893313175475,,,0.98,,0.9800300374643098,0.019969962535690167,0.9644553622193278,0.14759830727390724,10,0.025,0.15,0.9649296929738905,0.9609106537659757,0.9600969808085513,0.962745936573601,0.968021872054636,0.9608788527839844,0.9575087441045085,0.9665073356001515,1.0,0.9587847444533364,0.9689141112809868,0.9686087176270384
2,9,2.0549155831336976,0.2517762842054729,4166,2.2621750150408064,0.2112845138055222,833,2.264944595626638,0.218,0.9853218504339124,0.0834642159527316,,,0.98,,0.9800300374643098,0.019969962535690167,0.9644553622193278,0.14759830727390724,10,0.025,0.15,0.9681855377117768,0.9701409166657409,0.9672889180661919,0.9645846238477981,0.9659713675971358,0.9683003269571595,0.9650870543868865,0.9692705524439016,0.9587847444533364,1.0,0.9706813543343543,0.9661829496863144
2,10,2.05877547083479,0.24939990398463754,4166,2.2649002415793285,0.21608643457382953,833,2.264944595626638,0.218,0.9851340582950416,0.08344342719709903,,,0.98,,0.9800300374643098,0.019969962535690167,0.9644553622193278,0.14759830727390724,10,0.025,0.15,0.9683619101006559,0.964580006048864,0.9657230147946148,0.9615498807533484,0.9676031296370193,0.9668062715947063,0.9576964004204125,0.9670337192345223,0.9689141112809868,0.9706813543343543,1.0,0.9733305626490077
2,11,2.073758167931528,0.2428468554968795,4166,2.2709992272513255,0.21008403361344538,833,2.264944595626638,0.218,0.9844541718488546,0.08329691301999896,,,0.98,,0.9800300374643098,0.019969962535690167,0.9644553622193278,0.14759830727390724,10,0.025,0.15,0.9653948981296634,0.964670138854642,0.9635216260691447,0.9635616886396068,0.9656740107157813,0.9675062075429702,0.9608640666644315,0.9650124541122953,0.9686087176270384,0.9661829496863144,0.9733305626490077,1.0
3,0,2.014786419362733,0.26429085673146147,4167,2.2402729647500172,0.2290167865707434,834,2.2390745742411555,0.236,0.982192507185879,0.08344608349504945,,,0.98,,0.9800300374643098,0.019969962535690167,0.9809414495352591,0.14717340933633027,10,0.025,0.15,1.0,0.961726473030658,0.9583063241157128,0.9563916793908356,0.9639735209671461,0.9656298591696172,0.9585544706202185,0.963915984929751,0.9555482876840273,0.9597699862395054,0.9615016755875453,0.958818065733689
3,1,1.9885298551935138,0.2796736261099112,4167,2.2455341475350514,0.22062350119904076,834,2.2390745742411555,0.236,0.9805184682126814,0.08335852232025459,,,0.98,,0.9800300374643098,0.019969962535690167,0.9809414495352591,0.14717340933633027,10,0.025,0.15,0.961726473030658,1.0,0.9605659604262825,0.9554420554059132,0.9576952503748777,0.9597157877344783,0.960132431655879,0.9554323664986981,0.9512913712978925,0.9654166467047853,0.9579330512466329,0.959093829730847
3,2,2.003956899137208,0.2814014878809695,4167,2.2384786946432933,0.23261390887290168,834,2.2390745742411555,0.236,0.9812333557477166,0.08327128777896615,,,0.98,,0.9800300374643098,0.019969962535690167,0.9809414495352591,0.14717340933633027,10,0.025,0.15,0.9583063241157128,0.9605659604262825,1.0,0.9587178097711041,0.9582090332919195,0.9588465653958126,0.9563083961552491,0.9611865300211148,0.9569838136797353,0.9617344905069469,0.9626222301648536,0.9594755460691872
3,3,2.019019437197483,0.27041036717062633,4167,2.2394228662763322,0.24580335731414868,834,2.2390745742411555,0.236,0.9792760130892496,0.08318793768562144,,,0.98,,0.9800300374643098,0.019969962535690167,0.9809414495352591,0.14717340933633027,10,0.025,0.15,0.9563916793908356,0.9554420554059132,0.9587178097711041,1.0,0.9551762836059308,0.9587071983186726,0.9589608001027996,0.9571410541442514,0.957022144883552,0.9577618353585543,0.955050223498045,0.9595831519170998
3,4,1.99317433906324,0.27489800815934723,4167,2.2248005867004395,0.2460984393757503,833,2.2390745742411555,0.236,0.9818878689324743,0.08335386372188366,,,0.98,,0.9800300374643098,0.019969962535690167,0.9809414495352591,0.14717340933633027,10,0.025,0.15,0.9639735209671461,0.9576952503748777,0.9582090332919195,0.9551762836059308,1.0,0.9563362327622981,0.9558409235804338,0.9649352189895398,0.9613087897601221,0.9614324264271537,0.9641062703413452,0.9615874246546825
3,5,2.021980340914293,0.26275497960163186,4167,2.2368123531341553,0.24129651860744297,833,2.2390745742411555,0.236,0.9818305323996709,0.08332779604859772,,,0.98,,0.9800300374643098,0.019969962535690167,0.9809414495352591,0.14717340933633027,10,0.025,0.15,0.9656298591696172,0.9597157877344783,0.9588465653958126,0.9587071983186726,0.9563362327622981,1.0,0.9596220773398831,0.9620520530967731,0.954273754828526,0.9608535470894947,0.9614096711894926,0.9625051151970181
3,6,2.0037811196211615,0.28341732661387087,4167,2.2353768008095876,0.2545018007202881,833,2.2390745742411555,0.236,0.9783148194355312,0.08319761333363872,,,0.98,,0.9800300374643098,0.019969962535690167,0.9809414495352591,0.14717340933633027,10,0.025,0.15,0.9585544706202185,0.960132431655879,0.9563083961552491,0.9589608001027996,0.9558409235804338,0.9596220773398831,1.0,0.9519033749081299,0.9505512444818311,0.959987458166555,0.9520898665570702,0.9546378758934694
3,7,2.005734992027283,0.27393808495320376,4167,2.2434261526380266,0.2388955582232893,833,2.2390745742411555,0.236,0.9821417479624339,0.08338317224126288,,,0.98,,0.9800300374643098,0.019969962535690167,0.9809414495352591,0.14717340933633027,10,0.025,0.15,0.963915984929751,0.9554323664986981,0.9611865300211148,0.9571410541442514,0.9649352189895398,0.9620520530967731,0.9519033749081299,1.0,0.9609171133678985,0.9610810181738194,0.9637708190784096,0.9612499199261313
3,8,2.0036807385357944,0.26632261161785886,4166,2.2411676134381975,0.22809123649459784,833,2.2390745742411555,0.236,0.9787858770654794,0.08321040228179374,,,0.98,,0.9800300374643098,0.019969962535690167,0.9809414495352591,0.14717340933633027,10,0.025,0.15,0.9555482876840273,0.9512913712978925,0.9569838136797353,0.957022144883552,0.9613087897601221,0.954273754828526,0.9505512444818311,0.9609171133678985,1.0,0.9506690784674832,0.9636610845561994,0.9619179075613462
3,9,1.9976255463831352,0.2758521363418147,4166,2.234778199877058,0.2304921968787515,833,2.2390745742411555,0.236,0.9822505571555913,0.08344973048831983,,,0.98,,0.9800300374643098,0.019969962535690167,0.9809414495352591,0.14717340933633027,10,0.025,0.15,0.9597699862395054,0.9654166467047853,0.9617344905069469,0.9577618353585543,0.9614324264271537,0.9608535470894947,0.959987458166555,0.9610810181738194,0.9506690784674832,1.0,0.9641165345162717,0.9619917168428064
3,10,2.001750661748828,0.271147383581373,4166,2.237649883542742,0.2388955582232893,833,2.2390745742411555,0.236,0.9829484857881231,0.08345957462993023,,,0.98,,0.9800300374643098,0.019969962535690167,0.9809414495352591,0.14717340933633027,10,0.025,0.15,0.9615016755875453,0.9579330512466329,0.9626222301648536,0.955050223498045,0.9641062703413452,0.9614096711894926,0.9520898665570702,0.9637708190784096,0.9636610845561994,0.9641165345162717,1.0,0.9667868354135764
3,11,2.0172504869374364,0.2678348535765723,4166,2.2471738883427212,0.22569027611044418,833,2.2390745742411555,0.236,0.9824838074481175,0.08335401597468173,,,0.98,,0.9800300374643098,0.019969962535690167,0.9809414495352591,0.14717340933633027,10,0.025,0.15,0.958818065733689,0.959093829730847,0.9594755460691872,0.9595831519170998,0.9615874246546825,0.9625051151970181,0.9546378758934694,0.9612499199261313,0.9619179075613462,0.9619917168428064,0.9667868354135764,1.0
4,0,1.9650837110750603,0.2844252459803216,4167,2.2100307600838796,0.23621103117505995,834,2.2079639796969257,0.25,0.9796150339612423,0.0834365104608712,,,0.98,,0.9800300374643098,0.019969962535690167,0.9858317106667868,0.14678796305066746,10,0.025,0.15,1.0,0.9569911785731132,0.9519869407279515,0.9503099860276663,0.9598122735862816,0.9575091293182442,0.9550592468252305,0.959548322844345,0.9510709678709935,0.9551539747944724,0.9556455725616343,0.9504897188018882
4,1,1.9377995852268104,0.29791216702663786,4167,2.2152232783181325,0.23261390887290168,834,2.2079639796969257,0.25,0.9779408502314801,0.08332793798989165,,,0.98,,0.9800300374643098,0.019969962535690167,0.9858317106667868,0.14678796305066746,10,0.025,0.15,0.9569911785731132,1.0,0.9548527733912284,0.9491790457928685,0.9540079173424946,0.953163646861438,0.9538431249835287,0.9508796360320614,0.9461945376921199,0.9594664775480458,0.9525062399551236,0.9528733740911189
4,2,1.9525541771541943,0.2978161747060235,4167,2.2080672468457903,0.2434052757793765,834,2.2079639796969257,0.25,0.9791088435066267,0.08331201688161803,,,0.98,,0.9800300374643098,0.019969962535690167,0.9858317106667868,0.14678796305066746,10,0.025,0.15,0.9519869407279515,0.9548527733912284,1.0,0.9543779680649797,0.9533442677276758,0.952327912402791,0.9512941699708741,0.9573431787709895,0.953313642363281,0.9579701241770001,0.9587807301886402,0.952140495762895
4,3,1.970514705325618,0.2915046796256299,4167,2.2080298832484653,0.2709832134292566,834,2.2079639796969257,0.25,0.9766092696924956,0.08317919892510785,,,0.98,,0.9800300374643098,0.019969962535690167,0.9858317106667868,0.14678796305066746,10,0.025,0.15,0.9503099860276663,0.9491790457928685,0.9543779680649797,1.0,0.9492373102293892,0.9525735747632939,0.9538684174793797,0.9511574838136788,0.9519896130751812,0.9532250734296175,0.9505983280864355,0.9519384621193221
4,4,1.9438595898223645,0.2941684665226782,4167,2.1918495382581438,0.2653061224489796,833,2.2079639796969257,0.25,0.9795572603804863,0.08337763696530091,,,0.98,,0.9800300374643098,0.019969962535690167,0.9858317106667868,0.14678796305066746,10,0.025,0.15,0.9598122735862816,0.9540079173424946,0.9533442677276758,0.9492373102293892,1.0,0.9513194513114608,0.9528253233452356,0.9588801665788731,0.9565658508042055,0.9555095798506493,0.9585025215126167,0.9529377517969632
4,5,1.9703637079759078,0.28677705783537316,4167,2.2042129380362376,0.2581032412965186,833,2.2079639796969257,0.25,0.978366637537341,0.0833227982268986,,,0.98,,0.9800300374643098,0.019969962535690167,0.9858317106667868,0.14678796305066746,10,0.025,0.15,0.9575091293182442,0.953163646861438,0.952327912402791,0.9525735747632939,0.9513194513114608,1.0,0.9527197714165323,0.957136413029553,0.9486598868289948,0.9537978818687166,0.9537819462193555,0.9559929273184525
4,6,1.957229734550823,0.3010319174466043,4167,2.202791793005807,0.27010804321728693,833,2.2079639796969257,0.25,0.9762817894905044,0.08317452655159761,,,0.98,,0.9800300374643098,0.019969962535690167,0.9858317106667868,0.14678796305066746,10,0.025,0.15,0.9550592468252305,0.9538431249835287,0.9512941699708741,0.9538684174793797,0.9528253233452356,0.9527197714165323,1.0,0.9485104633372506,0.9468770735956841,0.9548528490167896,0.9488202597920294,0.9459185418060706
4,7,1.9555683681459137,0.29832013438924887,4167,2.213812691824777,0.2581032412965186,833,2.2079639796969257,0.25,0.9799380374346107,0.08340813620736677,,,0.98,,0.9800300374643098,0.019969962535690167,0.9858317106667868,0.14678796305066746,10,0.025,0.15,0.959548322844345,0.9508796360320614,0.9573431787709895,0.9511574838136788,0.9588801665788731,0.957136413029553,0.9485104633372506,1.0,0.9550954347713821,0.9568657080573446,0.9576180612866403,0.9543624743814241
4,8,1.9544828302932509,0.2886221795487278,4166,2.2108537469591414,0.24009603841536614,833,2.2079639796969257,0.25,0.9768829105237367,0.08320198354658334,,,0.98,,0.9800300374643098,0.019969962535690167,0.9858317106667868,0.14678796305066746,10,0.025,0.15,0.9510709678709935,0.9461945376921199,0.953313642363281,0.9519896130751812,0.9565658508042055,0.9486598868289948,0.9468770735956841,0.9550954347713821,1.0,0.9481956251925292,0.9580400989104372,0.9556310726269089
4,9,1.947237396962715,0.2941670667306769,4166,2.201728480202811,0.24489795918367346,833,2.2079639796969257,0.25,0.980242313942729,0.08345916837701914,,,0.98,,0.9800300374643098,0.019969962535690167,0.9858317106667868,0.14678796305066746,10,0.025,0.15,0.9551539747944724,0.9594664775480458,0.9579701241770001,0.9532250734296175,0.9555095798506493,0.9537978818687166,0.9548528490167896,0.9568657080573446,0.9481956251925292,1.0,0.9602790498340428,0.9556235207195615
4,10,1.9496601484038614,0.2901584253480557,4166,2.204854352133615,0.2424969987995198,833,2.2079639796969257,0.25,0.9803782389624003,0.08346967364524491,,,0.98,,0.9800300374643098,0.019969962535690167,0.9858317106667868,0.14678796305066746,10,0.025,0.15,0.9556455725616343,0.9525062399551236,0.9587807301886402,0.9505983280864355,0.9585025215126167,0.9537819462193555,0.9488202597920294,0.9576180612866403,0.9580400989104372,0.9602790498340428,1.0,0.9579589256154936
4,11,1.970070306821303,0.28408545367258764,4166,2.218400069645473,0.23769507803121248,833,2.2079639796969257,0.25,0.9781025361891353,0.08333041222249997,,,0.98,,0.9800300374643098,0.019969962535690167,0.9858317106667868,0.14678796305066746,10,0.025,0.15,0.9504897188018882,0.9528733740911189,0.952140495762895,0.9519384621193221,0.9529377517969632,0.9559929273184525,0.9459185418060706,0.9543624743814241,0.9556310726269089,0.9556235207195615,0.9579589256154936,1.0
5,0,1.91789241956942,0.2998560115190785,4167,2.1755969524383545,0.2529976019184652,834,2.172457915318163,0.2745,0.976449162982338,0.08339835351488788,,,0.98,,0.9800300374643098,0.019969962535690167,0.989130096656669,0.1464619983652115,10,0.025,0.15,1.0,0.9499902255670744,0.9479784098706278,0.9436867486067914,0.9526313259204907,0.953293087330267,0.9492152492533598,0.952446480154594,0.9473698559180693,0.9482741547868897,0.951876085099598,0.9441734265406406
5,1,1.8960316961461847,0.31291096712263017,4167,2.180683272225516,0.2434052757793765,834,2.172457915318163,0.2745,0.9746721506975252,0.08327334469978386,,,0.98,,0.9800300374643098,0.019969962535690167,0.989130096656669,0.1464619983652115,10,0.025,0.15,0.9499902255670744,1.0,0.9504948488251734,0.9409839380508224,0.9489290946272887,0.9474215874681958,0.9479615448007196,0.9449133711648761,0.9418910303959115,0.9542345833825823,0.9478196193278207,0.9455294628802862
5,2,1.9085991097219062,0.31403887688984883,4167,2.1733343601226807,0.2673860911270983,834,2.172457915318163,0.2745,0.9773201457495235,0.08334970300266699,,,0.98,,0.9800300374643098,0.019969962535690167,0.989130096656669,0.1464619983652115,10,0.025,0.15,0.9479784098706278,0.9504948488251734,1.0,0.9487111071957316,0.9511162629842247,0.9487731208226889,0.9485030152058372,0.9513694063156704,0.9500855731046661,0.9534003193486703,0.9529810980372193,0.9478089028612839
5,3,1.927732768203273,0.30554355651547876,4167,2.172279323850359,0.3057553956834532,834,2.172457915318163,0.2745,0.9736335705833373,0.0831475306903646,,,0.98,,0.9800300374643098,0.019969962535690167,0.989130096656669,0.1464619983652115,10,0.025,0.15,0.9436867486067914,0.9409839380508224,0.9487111071957316,1.0,0.9452058675738183,0.9495308503719666,0.9494527943665191,0.9448871429221928,0.9473117025663957,0.9471826291597587,0.9454435281106903,0.9457448801128722
5,4,1.8970025651382678,0.3133189344852412,4167,2.15434878213065,0.2929171668667467,833,2.172457915318163,0.2745,0.9777120456832938,0.08340305080078395,,,0.98,,0.9800300374643098,0.019969962535690167,0.989130096656669,0.1464619983652115,10,0.025,0.15,0.9526313259204907,0.9489290946272887,0.9511162629842247,0.9452058675738183,1.0,0.9481635454546335,0.9498432712736333,0.9534081689819064,0.9513396295114106,0.9513551098215812,0.9558123504435357,0.9479595638678175
5,5,1.9270695863348064,0.3013678905687545,4167,2.1671694687434604,0.28331332533013204,833,2.172457915318163,0.2745,0.977457520177337,0.08336084408320923,,,0.98,,0.9800300374643098,0.019969962535690167,0.989130096656669,0.1464619983652115,10,0.025,0.15,0.953293087330267,0.9474215874681958,0.9487731208226889,0.9495308503719666,0.9481635454546335,1.0,0.9509930209967035,0.9524258041021898,0.946300548775123,0.9518289191879362,0.9523157127512604,0.9517765934970062
5,6,1.9112648017478713,0.32018238540916727,4167,2.165759597505842,0.304921968787515,833,2.172457915318163,0.2745,0.9753340399974585,0.08319999991139777,,,0.98,,0.9800300374643098,0.019969962535690167,0.989130096656669,0.1464619983652115,10,0.025,0.15,0.9492152492533598,0.9479615448007196,0.9485030152058372,0.9494527943665191,0.9498432712736333,0.9509930209967035,1.0,0.9452493264733318,0.9466590204236405,0.9502033711730014,0.9485081280578428,0.9414598137849515
5,7,1.9125789971062632,0.3134869210463163,4167,2.1798668248312816,0.2773109243697479,833,2.172457915318163,0.2745,0.9770395247749147,0.08340002200670946,,,0.98,,0.9800300374643098,0.019969962535690167,0.989130096656669,0.1464619983652115,10,0.025,0.15,0.952446480154594,0.9449133711648761,0.9513694063156704,0.9448871429221928,0.9534081689819064,0.9524258041021898,0.9452493264733318,1.0,0.9506452667752957,0.9504319970605326,0.9525261040059534,0.9495611277600433
5,8,1.90806682398825,0.3013442150744119,4166,2.1762172835213796,0.2581032412965186,833,2.172457915318163,0.2745,0.975547575613496,0.08322393518414563,,,0.98,,0.9800300374643098,0.019969962535690167,0.989130096656669,0.1464619983652115,10,0.025,0.15,0.9473698559180693,0.9418910303959115,0.9500855731046661,0.9473117025663957,0.9513396295114106,0.946300548775123,0.9466590204236405,0.9506452667752957,1.0,0.9437611194878552,0.9543977510601218,0.9507639941870584
5,9,1.9027613535071863,0.30924147863658186,4166,2.1640162808554515,0.27611044417767105,833,2.172457915318163,0.2745,0.9776397950480141,0.08345112999806041,,,0.98,,0.9800300374643098,0.019969962535690167,0.989130096656669,0.1464619983652115,10,0.025,0.15,0.9482741547868897,0.9542345833825823,0.9534003193486703,0.9471826291597587,0.9513551098215812,0.9518289191879362,0.9502033711730014,0.9504319970605326,0.9437611194878552,1.0,0.9527227992150479,0.9514820688589286
5,10,1.9054033907977017,0.3087373979836774,4166,2.1672167778015137,0.2689075630252101,833,2.172457915318163,0.2745,0.9787020499482401,0.0834922100887501,,,0.98,,0.9800300374643098,0.019969962535690167,0.989130096656669,0.1464619983652115,10,0.025,0.15,0.951876085099598,0.9478196193278207,0.9529810980372193,0.9454435281106903,0.9558123504435357,0.9523157127512604,0.9485081280578428,0.9525261040059534,0.9543977510601218,0.9527227992150479,1.0,0.95291553683738
5,11,1.9274629910786947,0.300240038406145,4166,2.1854260989597867,0.26290516206482595,833,2.172457915318163,0.2745,0.975440101429657,0.08329987601924009,,,0.98,,0.9800300374643098,0.019969962535690167,0.989130096656669,0.1464619983652115,10,0.025,0.15,0.9441734265406406,0.9455294628802862,0.9478089028612839,0.9457448801128722,0.9479595638678175,0.9517765934970062,0.9414598137849515,0.9495611277600433,0.9507639941870584,0.9514820688589286,0.95291553683738,1.0
6,0,1.8791850212848549,0.3150707943364531,4167,2.137825148446219,0.2637889688249401,834,2.1335206544851957,0.2924,0.9737053432711351,0.08335699129739038,,,0.98,,0.9800300374643098,0.019969962535690167,0.9920175616452436,0.14613237737524917,10,0.025,0.15,1.0,0.9474892875441742,0.941875586822457,0.9388022111352483,0.9441837189141702,0.9483712860328462,0.9429417402744854,0.9475623413645973,0.9417153028761426,0.9438845967729949,0.9458043724245185,0.9404966632047355
6,1,1.8543995969223253,0.32747780177585795,4167,2.1428770337785994,0.26139088729016785,834,2.1335206544851957,0.2924,0.9738794583827524,0.0832852737646355,,,0.98,,0.9800300374643098,0.019969962535690167,0.9920175616452436,0.14613237737524917,10,0.025,0.15,0.9474892875441742,1.0,0.9471670003794448,0.9379076421253574,0.943142438084462,0.9466647848542987,0.9433906158169697,0.9424884427739689,0.939510184261256,0.9510233139173209,0.9454730442795106,0.9409756555202118
6,2,1.8675602262670343,0.328989680825534,4167,2.135286126817976,0.2805755395683453,834,2.1335206544851957,0.2924,0.9747805898802117,0.08336190768859308,,,0.98,,0.9800300374643098,0.019969962535690167,0.9920175616452436,0.14613237737524917,10,0.025,0.15,0.941875586822457,0.9471670003794448,1.0,0.9456317940739634,0.9441672122637018,0.9447501403735428,0.9440861975975531,0.9445406868090843,0.9447841256620733,0.9489135083241775,0.9471473036417396,0.9426834514349044
6,3,1.8896694714372808,0.31886249100071995,4167,2.1331841264452254,0.3129496402877698,834,2.1335206544851957,0.2924,0.9712968087310282,0.0831232332782417,,,0.98,,0.9800300374643098,0.019969962535690167,0.9920175616452436,0.14613237737524917,10,0.025,0.15,0.9388022111352483,0.9379076421253574,0.9456317940739634,1.0,0.939641186209109,0.9435618390727074,0.9439158630052348,0.9398358047775177,0.9424395038259465,0.9415234588201958,0.9406387297711746,0.9412760243873115
6,4,1.8562398318088416,0.32644588432925364,4167,2.11319146837507,0.32653061224489793,833,2.1335206544851957,0.2924,0.9738749255150986,0.08336542485294363,,,0.98,,0.9800300374643098,0.019969962535690167,0.9920175616452436,0.14613237737524917,10,0.025,0.15,0.9441837189141702,0.943142438084462,0.9441672122637018,0.939641186209109,1.0,0.9422630152277233,0.9421705955155841,0.9479441169296693,0.943394289244864,0.9453364010839003,0.9488225781546669,0.94403551880179
6,5,1.888580243876486,0.31564674826013916,4167,2.1265131064823697,0.29891956782713086,833,2.1335206544851957,0.2924,0.9761893465384018,0.08341470686704246,,,0.98,,0.9800300374643098,0.019969962535690167,0.9920175616452436,0.14613237737524917,10,0.025,0.15,0.9483712860328462,0.9466647848542987,0.9447501403735428,0.9435618390727074,0.9422630152277233,1.0,0.9477916263375078,0.9498695759890731,0.9442041799797707,0.9487120691604446,0.9499264922301387,0.9460826156188791
6,6,1.874538833806009,0.33114950803935683,4167,2.1250006471361433,0.3289315726290516,833,2.1335206544851957,0.2924,0.9730299613478427,0.08321218787570647,,,0.98,,0.9800300374643098,0.019969962535690167,0.9920175616452436,0.14613237737524917,10,0.025,0.15,0.9429417402744854,0.9433906158169697,0.9440861975975531,0.9439158630052348,0.9421705955155841,0.9477916263375078,1.0,0.9399256425875416,0.9437311147273129,0.9455048504311712,0.944347887745493,0.9375791414240892
6,7,1.875040006276333,0.32824574034077275,4167,2.142731155667986,0.29531812725090034,833,2.1335206544851957,0.2924,0.9747097334920383,0.0833907505716442,,,0.98,,0.9800300374643098,0.019969962535690167,0.9920175616452436,0.14613237737524917,10,0.025,0.15,0.9475623413645973,0.9424884427739689,0.9445406868090843,0.9398358047775177,0.9479441169296693,0.9498695759890731,0.9399256425875416,1.0,0.9440883051756549,0.9460442429930332,0.9476428482466276,0.944914020289211
6,8,1.8655198328422777,0.321819491118579,4166,2.1381590706961497,0.2737094837935174,833,2.1335206544851957,0.2924,0.9732226586446546,0.08323328449778339,,,0.98,,0.9800300374643098,0.019969962535690167,0.9920175616452436,0.14613237737524917,10,0.025,0.15,0.9417153028761426,0.939510184261256,0.9447841256620733,0.9424395038259465,0.943394289244864,0.9442041799797707,0.9437311147273129,0.9440883051756549,1.0,0.9400197819772227,0.9489820335569427,0.9447463994696529
6,9,1.8625363808689694,0.3245079212674028,4166,2.1228422777993337,0.2917166866746699,833,2.1335206544851957,0.2924,0.9757629448132458,0.08345670772963053,,,0.98,,0.9800300374643098,0.019969962535690167,0.9920175616452436,0.14613237737524917,10,0.025,0.15,0.9438845967729949,0.9510233139173209,0.9489135083241775,0.9415234588201958,0.9453364010839003,0.9487120691604446,0.9455048504311712,0.9460442429930332,0.9400197819772227,1.0,0.948999318201069,0.9471904545859148
6,10,1.863919894623034,0.32453192510801726,4166,2.1262216567993164,0.29891956782713086,833,2.1335206544851957,0.2924,0.9766836893082602,0.08351214058397266,,,0.98,,0.9800300374643098,0.019969962535690167,0.9920175616452436,0.14613237737524917,10,0.025,0.15,0.9458043724245185,0.9454730442795106,0.9471473036417396,0.9406387297711746,0.9488225781546669,0.9499264922301387,0.944347887745493,0.9476428482466276,0.9489820335569427,0.948999318201069,1.0,0.9501056636630466
6,11,1.890536624735052,0.31353816610657703,4166,2.148726531437465,0.27611044417767105,833,2.1335206544851957,0.2924,0.9734403422527673,0.08328739099241585,,,0.98,,0.9800300374643098,0.019969962535690167,0.9920175616452436,0.14613237737524917,10,0.025,0.15,0.9404966632047355,0.9409756555202118,0.9426834514349044,0.9412760243873115,0.94403551880179,0.9460826156188791,0.9375791414240892,0.944914020289211,0.9447463994696529,0.9471904545859148,0.9501056636630466,1.0
