round,client_id,client_i_training_loss,client_i_training_accuracy,client_i_training_dataset_size,client_i_evaluation_loss,client_i_evaluation_accuracy,client_i_evaluation_dataset_size,client_i_central_evaluation_loss,client_i_central_evaluation_accuracy,client_i_cosine_similarity,client_i_importance_coefficient,client_i_tanh_val,tanh_normalization_value,client_i_q,client_i_mask_order,client_i_v_nonzero_fraction,client_i_v_sparsity,client_i_v_cosine_similarity,client_i_reward_gradient_norm,local_epochs,learning_rate,gamma,client_0_cosine_similarity,client_1_cosine_similarity,client_2_cosine_similarity,client_3_cosine_similarity,client_4_cosine_similarity,client_5_cosine_similarity,client_6_cosine_similarity,client_7_cosine_similarity,client_8_cosine_similarity,client_9_cosine_similarity,client_10_cosine_similarity,client_11_cosine_similarity
0,0,2.1896416746127376,0.23256,5000,2.266215448026304,0.17625899280575538,834,2.264384600301139,0.1627,0.9972640142281431,0.0833678740305014,0.08317526827243173,0.08324503421338195,0.9991619206766069,,0.999159103430278,0.0008408965697219717,0,0.09968508530272177,5,0.001,0.1,1.0,0.9932442383953936,0.9917079115204362,0.9948020204575372,0.9942909156945698,0.9951270630390071,0.9935518412567955,0.9944385441825173,0.9937676396886252,0.9963797229738715,0.9871110702364054,0.9950605703705073
0,1,2.1873366283003692,0.25728,5000,2.2575146268915245,0.18585131894484413,834,2.2643845995394187,0.1627,0.9979754377354754,0.08342734661197977,0.08323432912291948,0.08324503421338195,0.9998714026420494,,0.9998695160495259,0.00013048395047410288,0,0.09968508530274868,5,0.001,0.1,0.9932442383953936,1.0,0.9954541554468743,0.9926191199258593,0.9933327507893664,0.9903546558873786,0.9957556768640006,0.9964274152346965,0.9953754564677156,0.9960056363060841,0.9949500365144818,0.9944725931891112
0,2,2.184632237701659,0.24972,5000,2.265545862692374,0.15347721822541965,834,2.26438460106286,0.1627,0.9962855935954729,0.083286081398972,0.08309404094015346,0.08324503421338195,0.9981861587822808,,0.9981828901711756,0.001817109828824437,0,0.09968508530247552,5,0.001,0.1,0.9917079115204362,0.9954541554468743,1.0,0.9906500216630031,0.992226373093866,0.9892082306525444,0.9963919171068244,0.9928804059886719,0.9926500280649414,0.9933027165144623,0.9922745657160829,0.9910311391183836
0,3,2.1883764359601745,0.27504,5000,2.2691856490241156,0.14028776978417265,834,2.26438460106286,0.1627,0.9961595409244489,0.08327554382512074,0.08308357611507886,0.08324503421338195,0.9980604476792299,,0.998057238959608,0.0019427610403920381,0,0.09968508530241377,5,0.001,0.1,0.9948020204575372,0.9926191199258593,0.9906500216630031,1.0,0.9938532675262145,0.9903023985765794,0.991532244474082,0.9950806062478413,0.9935604748705459,0.9926306812977044,0.989106281932036,0.9921324796302435
0,4,2.189012340831149,0.26156,5000,2.262051087838632,0.16686674669867949,833,2.264384600301139,0.1627,0.9971750929925813,0.08336044051815243,0.08316788618148814,0.08324503421338195,0.999073241621895,,0.999072114129962,0.0009278858700380033,0,0.09968508530271315,5,0.001,0.1,0.9942909156945698,0.9933327507893664,0.992226373093866,0.9938532675262145,1.0,0.9933501965563137,0.9948180557219197,0.9934751880026259,0.9945807026119347,0.9947797510293918,0.9893220084445902,0.9943886328718626
0,5,2.1819358540188736,0.2258,5000,2.2688130890881575,0.1524609843937575,833,2.264384605633184,0.1627,0.9947743106537668,0.08315974329380522,0.08296857383506981,0.08324503421338195,0.9966789565056797,,0.9966750756323639,0.003324924367636095,0,0.09968508530115551,5,0.001,0.1,0.9951270630390071,0.9903546558873786,0.9892082306525444,0.9903023985765794,0.9933501965563137,1.0,0.9916373868572089,0.9911611710671454,0.9902222133648707,0.994823986899995,0.9816090365907005,0.9919028403932924
0,6,2.185213644944938,0.24308,5000,2.265977894818341,0.16686674669867949,833,2.2643845995394187,0.1627,0.9977277731393674,0.08340664269550872,0.08321376860679142,0.08324503421338195,0.9996244147427459,,0.9996230463652971,0.00037695363470291454,0,0.09968508530274585,5,0.001,0.1,0.9935518412567955,0.9957556768640006,0.9963919171068244,0.991532244474082,0.9948180557219197,0.9916373868572089,1.0,0.9937877485492742,0.9946879454983415,0.9952869682592242,0.9934749256766775,0.9941044087219439
0,7,2.1883201555081992,0.27384,5000,2.2606466434620045,0.17286914765906364,833,2.2643845995394187,0.1627,0.9977038902111689,0.08340464616407761,0.08321178590007526,0.08324503421338195,0.9996005970251503,,0.9995988826707648,0.00040111732923520105,0,0.0996850853027453,5,0.001,0.1,0.9944385441825173,0.9964274152346965,0.9928804059886719,0.9950806062478413,0.9934751880026259,0.9911611710671454,0.9937877485492742,1.0,0.9941017718113537,0.9961285250060447,0.992676369422489,0.9945856815590617
0,8,2.1916994065995428,0.2538,5000,2.2574565322310836,0.15726290516206481,833,2.264384600301139,0.1627,0.9973600635051942,0.0833759034228345,0.08318324211109748,0.08324503421338195,0.9992577082360813,,0.9992557582084071,0.0007442417915929367,0,0.09968508530272951,5,0.001,0.1,0.9937676396886252,0.9953754564677156,0.9926500280649414,0.9935604748705459,0.9945807026119347,0.9902222133648707,0.9946879454983415,0.9941017718113537,1.0,0.9943509830239041,0.9930367089745997,0.9942965746154127
0,9,2.1860785771327413,0.23832,5000,2.260964773319386,0.16686674669867949,833,2.2643845995394187,0.1627,0.9981043877499902,0.08343812639387596,0.08324503421338195,0.08324503421338195,0.9999999999879872,,0.9999951672610935,4.83273890650171e-06,0,0.09968508530274876,5,0.001,0.1,0.9963797229738715,0.9960056363060841,0.9933027165144623,0.9926306812977044,0.9947797510293918,0.994823986899995,0.9952869682592242,0.9961285250060447,0.9943509830239041,1.0,0.9903800157589435,0.9954652750155375
0,10,2.191211845464767,0.27184,5000,2.266485585106744,0.15486194477791115,833,2.264384605633184,0.1627,0.9944397260437411,0.08313177316029674,0.08294079617747092,0.08324503421338195,0.9963452710449068,,0.996341616647819,0.0036583833521810494,0,0.09968508530067018,5,0.001,0.1,0.9871110702364054,0.9949500365144818,0.9922745657160829,0.989106281932036,0.9893220084445902,0.9816090365907005,0.9934749256766775,0.992676369422489,0.9930367089745997,0.9903800157589435,1.0,0.9917557902781837
0,11,2.192818279327101,0.2482,5000,2.26496246125963,0.15846338535414164,833,2.264384600301139,0.1627,0.9972401430923483,0.08336587848487506,0.08317328653191104,0.08324503421338195,0.9991381145656552,,0.9991349397357459,0.0008650602642541472,0,0.09968508530271955,5,0.001,0.1,0.9950605703705073,0.9944725931891112,0.9910311391183836,0.9921324796302435,0.9943886328718626,0.9919028403932924,0.9941044087219439,0.9945856815590617,0.9942965746154127,0.9954652750155375,0.9917557902781837,1.0
1,0,2.0267099533870723,0.3602,5000,2.209455057426735,0.2637889688249401,834,2.20514882258333,0.2615,0.998155873330376,0.08335053351680158,0.08315804769774207,0.08322535129800206,0.9991913088955529,,0.9991880998637168,0.0008119001362831835,0.961627743918306,0.09982798223743937,5,0.001,0.1,1.0,0.9949400974270056,0.9958891366306738,0.9971067250618252,0.9969393126418972,0.9968510614857412,0.9964291203695635,0.9959256398705737,0.9964049375386326,0.996914319028379,0.9934859989415967,0.9963737647380475
1,1,2.0258469110841206,0.36072,5000,2.195082770453559,0.30935251798561153,834,2.2051488233450502,0.2615,0.9984771438528298,0.0833973792220153,0.08320456927141899,0.08322535129800206,0.9997502921014005,,0.9997486975768647,0.00025130242313531337,0.9616277438833454,0.09982798223745053,5,0.001,0.1,0.9949400974270056,1.0,0.9975632824783051,0.9956289233185445,0.9952838663020923,0.9941972696351407,0.9969817465226439,0.9975208403283884,0.9972929720742669,0.9977771769003404,0.996828453892461,0.9970898371495946
1,2,2.0206965126049745,0.34632,5000,2.2065593313287803,0.25059952038369304,834,2.205148821821609,0.2615,0.9985932921639259,0.08331448882543306,0.08312225215754004,0.08322535129800206,0.9987612050913235,,0.9987579861010429,0.0012420138989570617,0.9616277438370017,0.09982798223741077,5,0.001,0.1,0.9958891366306738,0.9975632824783051,1.0,0.996073717949015,0.9962616873831006,0.9946519605299476,0.9982999148738693,0.9967120148545864,0.9971650131677107,0.9971713291778982,0.9966423224028342,0.9960704509441205
1,3,2.017929146092409,0.38308,5000,2.209719931637799,0.2589928057553957,834,2.205148821821609,0.2615,0.9981463954884002,0.08329360037728069,0.08310150799811142,0.08322535129800206,0.998511952200169,,0.9985163491557205,0.0014836508442794827,0.9616277439478773,0.09982798223737958,5,0.001,0.1,0.9971067250618252,0.9956289233185445,0.996073717949015,1.0,0.9969512811781059,0.995519008295583,0.9957242697286575,0.9967585489456053,0.9971354530624056,0.9960549459784896,0.9943952178275287,0.995801275541067
1,4,2.0257200569104237,0.37856,5000,2.202183617485894,0.25570228091236497,833,2.20514882258333,0.2615,0.9983405432803596,0.0833519355221108,0.08315944000765647,0.08322535129800206,0.9992080382922172,,0.9992074308193426,0.0007925691806573987,0.9616277438812728,0.09982798223744013,5,0.001,0.1,0.9969393126418972,0.9952838663020923,0.9962616873831006,0.9969512811781059,1.0,0.9970083218759205,0.9965846523083386,0.996030296255117,0.9969959230237646,0.9964623159694833,0.9946931762901726,0.9962648259084148
1,5,2.0174358869054516,0.3458,5000,2.2105399855860957,0.25090036014405764,833,2.2051488202981675,0.2615,0.9972979885260562,0.08319519234404064,0.08300377875813378,0.08322535129800206,0.9973376797164575,,0.9973371608625472,0.0026628391374527993,0.9616277430211457,0.09982798223699468,5,0.001,0.1,0.9968510614857412,0.9941972696351407,0.9946519605299476,0.995519008295583,0.9970083218759205,1.0,0.995350509302863,0.9950938498307086,0.9950610550775632,0.9963141967190959,0.9913935332883564,0.9955476796239927
1,6,2.023589586300455,0.35132,5000,2.2098299309059426,0.24849939975990396,833,2.20514882258333,0.2615,0.998624378836361,0.08338943394824154,0.08319667899756236,0.08322535129800206,0.9996554859668096,,0.9996568755376422,0.00034312446235784666,0.9616277438741515,0.09982798223745001,5,0.001,0.1,0.9964291203695635,0.9969817465226439,0.9982999148738693,0.9957242697286575,0.9965846523083386,0.995350509302863,1.0,0.9961520150734351,0.9971293042791254,0.9972891283725579,0.9965937140687336,0.9963380623468533
1,7,2.0195608933260485,0.38832,5000,2.1997490370715105,0.27010804321728693,833,2.20514882258333,0.2615,0.9985060270902791,0.08338438910916515,0.08319166907518233,0.08322535129800206,0.999595288895823,,0.9995940499318584,0.00040595006814159174,0.961627743873874,0.09982798223744943,5,0.001,0.1,0.9959256398705737,0.9975208403283884,0.9967120148545864,0.9967585489456053,0.996030296255117,0.9950938498307086,0.9961520150734351,1.0,0.9967301323699393,0.997918705242177,0.9956586219221321,0.9969500613429377
1,8,2.030894187301587,0.37284,5000,2.19842411853649,0.24489795918367346,833,2.20514882258333,0.2615,0.9986861924462055,0.08337257650788873,0.0831799382156649,0.08322535129800206,0.999454335936967,,0.9994539005035714,0.000546099496428587,0.9616277439107261,0.09982798223744715,5,0.001,0.1,0.9964049375386326,0.9972929720742669,0.9971650131677107,0.9971354530624056,0.9969959230237646,0.9950610550775632,0.9971293042791254,0.9967301323699393,1.0,0.9970288865074423,0.9960883651142757,0.996579714591431
1,9,2.022475777917607,0.36236,5000,2.2012888855404324,0.28211284513805523,833,2.2051488233450502,0.2615,0.998920631027514,0.08341830616200022,0.08322535129800206,0.08322535129800206,0.9999999999879844,,0.9999951672610935,4.83273890650171e-06,0.9616277438827406,0.09982798223745085,5,0.001,0.1,0.996914319028379,0.9977771769003404,0.9971713291778982,0.9960549459784896,0.9964623159694833,0.9963141967190959,0.9972891283725579,0.997918705242177,0.9970288865074423,1.0,0.9956712559694887,0.9978143342907774
1,10,2.0273262505318708,0.37004,5000,2.208785065898189,0.24969987995198079,833,2.2051488202981675,0.2615,0.9972426541666812,0.08317625176373053,0.08298496864179275,0.08322535129800206,0.9971116654546077,,0.9971100221339442,0.002889977866055826,0.9616277432467669,0.09982798223686835,5,0.001,0.1,0.9934859989415967,0.996828453892461,0.9966423224028342,0.9943952178275287,0.9946931762901726,0.9913935332883564,0.9965937140687336,0.9956586219221321,0.9960883651142757,0.9956712559694887,1.0,0.9948763011160079
1,11,2.032356369267603,0.36364,5000,2.2052138999656394,0.2533013205282113,833,2.20514882258333,0.2615,0.9983604323446598,0.08335591270129163,0.08316338968137832,0.08322535129800206,0.999255495871671,,0.9992509254695006,0.0007490745304994384,0.9616277438915886,0.09982798223744166,5,0.001,0.1,0.9963737647380475,0.9970898371495946,0.9960704509441205,0.995801275541067,0.9962648259084148,0.9955476796239927,0.9963380623468533,0.9969500613429377,0.996579714591431,0.9978143342907774,0.9948763011160079,1.0
2,0,1.8344487001941463,0.45964,5000,2.137143161561754,0.34172661870503596,834,2.130486869202635,0.3372,0.9988872817411188,0.0833470054657565,0.08315454404306252,0.08320635422364737,0.9993773290265191,,0.9993765766810683,0.0006234233189317262,0.9870564959858336,0.09987907189767137,5,0.001,0.1,1.0,0.997174297102121,0.997296680433607,0.9979361861412607,0.9975352724864265,0.9975131193722555,0.9977998385094884,0.9976268045518559,0.9976175339825364,0.9979607293627696,0.99597682529723,0.9977110606672266
2,1,1.83554119289301,0.44352,5000,2.116692145665487,0.381294964028777,834,2.130486869964356,0.3372,0.9990846654396991,0.08338210099789443,0.08318939679916268,0.08320635422364737,0.9997962003546157,,0.9997921922270228,0.00020780777297724207,0.9870564960012356,0.09987907189767525,5,0.001,0.1,0.997174297102121,1.0,0.998219963611785,0.9975638568156157,0.9972185029051459,0.996015246367273,0.9979085391345313,0.9980958178160176,0.9978612239872652,0.9983322762164183,0.9983187647491301,0.9978051647571811
2,2,1.8327274565484113,0.436,5000,2.1325907707214355,0.31534772182254195,834,2.1304868684409146,0.3372,0.9988813534777161,0.08332471188567739,0.08313240457487671,0.08320635422364737,0.9991112499705129,,0.9991107760412136,0.0008892239587864337,0.9870564960662759,0.09987907189766317,5,0.001,0.1,0.997296680433607,0.998219963611785,1.0,0.9974164587404584,0.9971298871235844,0.9957521235074501,0.9984082337283924,0.9975436406240092,0.9975474864103162,0.9980008475582516,0.9975296758477941,0.9972322768566648
2,3,1.8196024513548348,0.479,5000,2.1347030886897334,0.34532374100719426,834,2.130486869202635,0.3372,0.9987709548847571,0.08330834037812204,0.08311614618862964,0.08320635422364737,0.998915851597413,,0.9989126337460492,0.0010873662539507833,0.9870564960271613,0.09987907189765244,5,0.001,0.1,0.9979361861412607,0.9975638568156157,0.9974164587404584,1.0,0.9975571768834466,0.9967741421776186,0.9969857869726623,0.9976636661505461,0.9979168590016991,0.9973209332890968,0.9964343247723553,0.9971866713560221
2,4,1.8333276794214917,0.46824,5000,2.127006257021869,0.33133253301320525,833,2.1304868684409146,0.3372,0.9987961302155713,0.0833449234126952,0.08315247638637015,0.08320635422364737,0.9993524792814288,,0.999352412986536,0.0006475870134640127,0.9870564959859133,0.09987907189767088,5,0.001,0.1,0.9975352724864265,0.9972185029051459,0.9971298871235844,0.9975571768834466,1.0,0.9974176632435304,0.9975941507069233,0.9974797593420717,0.9974565060472207,0.9976484164068162,0.9965118722627788,0.9975078795062654
2,5,1.8257939006112942,0.44316,5000,2.136454352626094,0.3277310924369748,833,2.1304868669174732,0.3372,0.9979261317177356,0.08322073239760808,0.08302914279647594,0.08320635422364737,0.997870217607504,,0.9978687621422565,0.0021312378577434954,0.9870564960493864,0.09987907189750764,5,0.001,0.1,0.9975131193722555,0.996015246367273,0.9957521235074501,0.9967741421776186,0.9974176632435304,1.0,0.996451441124211,0.9967298851451125,0.9963009340958612,0.9969817198895374,0.994393054823129,0.9963042862154953
2,6,1.834791809434344,0.4348,5000,2.1389212608337402,0.31812725090036015,833,2.130486869964356,0.3372,0.9989965445945976,0.08337438509336877,0.08318173428744882,0.08320635422364737,0.99970410989127,,0.9997003701878002,0.00029962981219977536,0.9870564959876247,0.099879071897675,5,0.001,0.1,0.9977998385094884,0.9979085391345313,0.9984082337283924,0.9969857869726623,0.9975941507069233,0.996451441124211,1.0,0.99746906529353,0.9976948749000663,0.9981989067533872,0.9973549087358944,0.9975910524202519
2,7,1.8226522611204985,0.4744,5000,2.123285514337045,0.34093637454981995,833,2.130486869964356,0.3372,0.9989782569573054,0.08337070144670719,0.08317807612755772,0.08320635422364737,0.9996601449810755,,0.9996568755376422,0.00034312446235784666,0.9870564959875675,0.09987907189767482,5,0.001,0.1,0.9976268045518559,0.9980958178160176,0.9975436406240092,0.9976636661505461,0.9974797593420717,0.9967298851451125,0.99746906529353,1.0,0.997431176006765,0.9984275511858695,0.9972190349677063,0.9975515160961999
2,8,1.8384882884420406,0.464,5000,2.1243330196098045,0.31812725090036015,833,2.130486869964356,0.3372,0.998830842740137,0.08335870054896523,0.08316615824723905,0.08320635422364737,0.9995169121663496,,0.9995167261093553,0.0004832738906447309,0.987056495987806,0.09987907189767367,5,0.001,0.1,0.9976175339825364,0.9978612239872652,0.9975474864103162,0.9979168590016991,0.9974565060472207,0.9963009340958612,0.9976948749000663,0.997431176006765,1.0,0.9975941409781692,0.9969288139615365,0.9971217651681711
2,9,1.831510530611512,0.4546,5000,2.125993499049434,0.36614645858343337,833,2.130486869964356,0.3372,0.9992161499533336,0.08339917661788285,0.08320635422364737,0.08320635422364737,0.9999999999879816,,0.9999951672610935,4.83273890650171e-06,0.9870564959996126,0.09987907189767538,5,0.001,0.1,0.9979607293627696,0.9983322762164183,0.9980008475582516,0.9973209332890968,0.9976484164068162,0.9969817198895374,0.9981989067533872,0.9984275511858695,0.9975941409781692,1.0,0.997584194160327,0.9980388824593731
2,10,1.835993556004421,0.44856,5000,2.1356799602508545,0.3289315726290516,833,2.130486869202635,0.3372,0.9983164421779378,0.08322171477480649,0.08303011840124498,0.08320635422364737,0.997881942730881,,0.9978784276200694,0.002121572379930603,0.9870564960343807,0.09987907189750975,5,0.001,0.1,0.99597682529723,0.9983187647491301,0.9975296758477941,0.9964343247723553,0.9965118722627788,0.994393054823129,0.9973549087358944,0.9972190349677063,0.9969288139615365,0.997584194160327,1.0,0.9970584492924738
2,11,1.8431340867546713,0.45664,5000,2.1295933900056063,0.33133253301320525,833,2.130486869202635,0.3372,0.9988006169140486,0.08334750698051589,0.08315504208998797,0.08320635422364737,0.9993833147103061,,0.9993814094199747,0.0006185905800253355,0.9870564959861493,0.09987907189767146,5,0.001,0.1,0.9977110606672266,0.9978051647571811,0.9972322768566648,0.9971866713560221,0.9975078795062654,0.9963042862154953,0.9975910524202519,0.9975515160961999,0.9971217651681711,0.9980388824593731,0.9970584492924738,1.0
3,0,1.6553995784680555,0.52892,5000,2.0487658977508545,0.40167865707434053,834,2.0395875064709696,0.4042,0.9989944394407211,0.08334600324032687,0.08315354874761627,0.08319363164742472,0.9995181974868239,,0.9995167261093553,0.0004832738906447309,0.9947024076300907,0.0998861792615959,5,0.001,0.1,1.0,0.9976005261358636,0.9973681411150037,0.9980295422830228,0.9977850055635795,0.9973241154506376,0.9980590133058153,0.9977840116845447,0.9975758800370537,0.9980276689300248,0.9968203736710474,0.9979118203598836
3,1,1.6590566683726706,0.50792,5000,2.0213912283932722,0.4520383693045564,834,2.0395875064709696,0.4042,0.999157098551435,0.08337277226944215,0.08318013262276013,0.08319363164742472,0.9998377396755362,,0.9998356868771807,0.0001643131228192818,0.9947024076250534,0.0998861792615971,5,0.001,0.1,0.9976005261358636,1.0,0.9981569976043425,0.9978558177154896,0.9974165586966035,0.9963686326628123,0.9979371163010936,0.9981742611273589,0.9980279506475827,0.9984333425722649,0.9983720114934072,0.9978918594489621
3,2,1.6547928026527357,0.5072,5000,2.0423572063446045,0.3908872901678657,834,2.0395875053283885,0.4042,0.9987839412561255,0.08332554015179945,0.08313322711679771,0.08319363164742472,0.9992739284193979,,0.9992702564251263,0.0007297435748736536,0.9947024076279548,0.09988617926159243,5,0.001,0.1,0.9973681411150037,0.9981569976043425,1.0,0.9973962861201003,0.9971695826311852,0.9958079391158189,0.998314005166471,0.9975800083319427,0.9972170673353133,0.9979167213861156,0.9976334343951827,0.9972024101985708
3,3,1.6356084391569636,0.54184,5000,2.0431572507928917,0.420863309352518,834,2.039587504566668,0.4042,0.9989013229983033,0.08331928975548998,0.08312701991458597,0.08319363164742472,0.9991993169126184,,0.9991977653415297,0.0008022346584702911,0.9947024076245673,0.09988617926159069,5,0.001,0.1,0.9980295422830228,0.9978558177154896,0.9973962861201003,1.0,0.9977338863544181,0.9971803609229279,0.9972284906275547,0.9978283340505189,0.9979736302457297,0.9978076985280774,0.996899009870644,0.9972381588622303
3,4,1.6528372389495753,0.53316,5000,2.035734702039648,0.40936374549819926,833,2.0395875064709696,0.4042,0.9988585283603092,0.08334034041948306,0.08314792507977088,0.08319363164742472,0.9994506001511391,,0.9994490677646649,0.0005509322353350887,0.994702407628782,0.09988617926159524,5,0.001,0.1,0.9977850055635795,0.9974165586966035,0.9971695826311852,0.9977338863544181,1.0,0.9978329102948712,0.9977167608484074,0.997707075415486,0.9974927875719828,0.9977279856262506,0.9965862846257194,0.9974891492054154
3,5,1.6482988799453542,0.52008,5000,2.046151125872577,0.38535414165666265,833,2.0395875098987126,0.4042,0.9980938859374654,0.08323951303003013,0.08304779392916452,0.08319363164742472,0.9982470086186823,,0.9982457157769594,0.0017542842230405808,0.9947024075670252,0.09988617926152374,5,0.001,0.1,0.9973241154506376,0.9963686326628123,0.9958079391158189,0.9971803609229279,0.9978329102948712,1.0,0.996590052775706,0.9971406506144465,0.9965877595471535,0.9971355647782644,0.9950775636891029,0.9964504913149643
3,6,1.659771018650881,0.51164,5000,2.052283596109461,0.3865546218487395,833,2.0395875064709696,0.4042,0.9990395252047429,0.0833642467211563,0.08317166605618022,0.08319363164742472,0.9997359702682853,,0.9997341993601454,0.00026580063985459645,0.994702407627244,0.09988617926159696,5,0.001,0.1,0.9980590133058153,0.9979371163010936,0.998314005166471,0.9972284906275547,0.9977167608484074,0.996590052775706,1.0,0.9976443402813302,0.9977188651580043,0.9981174450267845,0.9977393771228229,0.9977602905374414
3,7,1.639216080440837,0.53688,5000,2.0307608577940197,0.3937575030012005,833,2.0395875064709696,0.4042,0.9990522460663448,0.08336239853817974,0.08316983065777538,0.08319363164742472,0.9997139085026372,,0.9997100356656131,0.00028996433438688296,0.9947024076275911,0.09988617926159689,5,0.001,0.1,0.9977840116845447,0.9981742611273589,0.9975800083319427,0.9978283340505189,0.997707075415486,0.9971406506144465,0.9976443402813302,1.0,0.9977050733700578,0.9983400871218656,0.9974001595943606,0.997674480957411
3,8,1.656774040695968,0.53088,5000,2.034390617299963,0.4021608643457383,833,2.0395875064709696,0.4042,0.9988410846546965,0.08334822524512944,0.08315575538793075,0.08319363164742472,0.9995447216362181,,0.9995408898038874,0.00045911019611255544,0.9947024076291453,0.09988617926159607,5,0.001,0.1,0.9975758800370537,0.9980279506475827,0.9972170673353133,0.9979736302457297,0.9974927875719828,0.9965877595471535,0.9977188651580043,0.9977050733700578,1.0,0.9978733770128239,0.9971516178394987,0.9971232532533462
3,9,1.653964471741087,0.51912,5000,2.033992153626901,0.4261704681872749,833,2.039587505709249,0.4042,0.9992538618601386,0.08338636535906685,0.08319363164742472,0.08319363164742472,0.9999999999879797,,0.9999951672610935,4.83273890650171e-06,0.9947024076257752,0.09988617926159714,5,0.001,0.1,0.9980276689300248,0.9984333425722649,0.9979167213861156,0.9978076985280774,0.9977279856262506,0.9971355647782644,0.9981174450267845,0.9983400871218656,0.9978733770128239,1.0,0.9978779392640575,0.9981368248771433
3,10,1.6575645731512907,0.51452,5000,2.0461538632710776,0.38055222088835533,833,2.0395875083752713,0.4042,0.9985430932895039,0.08325461234566417,0.08306278908697928,0.08319363164742472,0.9984272526772436,,0.9984535235499367,0.0015464764500633388,0.9947024075890034,0.09988617926154629,5,0.001,0.1,0.9968203736710474,0.9983720114934072,0.9976334343951827,0.996899009870644,0.9965862846257194,0.9950775636891029,0.9977393771228229,0.9974001595943606,0.9971516178394987,0.9978779392640575,1.0,0.9973201649882848
3,11,1.666076674279134,0.51972,5000,2.0375571339218705,0.4009603841536615,833,2.0395875064709696,0.4042,0.9988203634035017,0.08334069292423193,0.08314827514744062,0.08319363164742472,0.9994548080173279,,0.9994539005035714,0.000546099496428587,0.994702407628861,0.0998861792615953,5,0.001,0.1,0.9979118203598836,0.9978918594489621,0.9972024101985708,0.9972381588622303,0.9974891492054154,0.9964504913149643,0.9977602905374414,0.997674480957411,0.9971232532533462,0.9981368248771433,0.9973201649882848,1.0
4,0,1.503395409341071,0.57604,5000,1.9455971320470173,0.44244604316546765,834,1.9337305466587933,0.447,0.9990121211748294,0.08334821555875867,0.08315574576854007,0.08318513950841912,0.999646646732188,,0.9996423773209229,0.00035762267907712975,0.9971954693872297,0.09987918367639838,5,0.001,0.1,1.0,0.9977004826695911,0.9974679849974524,0.9979454730826933,0.997726223284637,0.9969875378767408,0.9979189235520725,0.997735808992742,0.9973915084282359,0.9979053789107095,0.9970941632488522,0.9977864688193374
4,1,1.5106091528941112,0.5554,5000,1.9105249069355152,0.4880095923261391,834,1.9337305462779328,0.447,0.9990318737815759,0.08336526753951742,0.08317267981291768,0.08318513950841912,0.9998502172794933,,0.9998501850939001,0.00014981490609988768,0.9971954693872225,0.09987918367639896,5,0.001,0.1,0.9977004826695911,1.0,0.9978152589426292,0.997730800266261,0.9972201899197956,0.9962971831361211,0.9976036759910369,0.9977770977613715,0.9977435899968493,0.9982526486478274,0.9982634346884295,0.9974918093413835
4,2,1.5061595546212165,0.55672,5000,1.9372956929383454,0.43285371702637887,834,1.9337305455162122,0.447,0.9987140080637531,0.08332604674496126,0.08313373020880538,0.08318513950841912,0.9993819893683303,,0.9993814094199747,0.0006185905800253355,0.9971954693922866,0.09987918367639498,5,0.001,0.1,0.9974679849974524,0.9978152589426292,1.0,0.9972382304289589,0.9972225396108907,0.9958218387740417,0.9980206740910558,0.9974486248047532,0.9969505329648912,0.9978031576773271,0.9973732763144565,0.9969245238222209
4,3,1.481192241428764,0.58588,5000,1.9360917894928544,0.47002398081534774,834,1.9337305447544915,0.447,0.9988663708624157,0.08332713129315761,0.08313480726135658,0.08318513950841912,0.9993949370240962,,0.9993910748977876,0.0006089251022124431,0.9971954693923153,0.09987918367639516,5,0.001,0.1,0.9979454730826933,0.997730800266261,0.9972382304289589,1.0,0.9978260998198724,0.996909997345647,0.997272230106042,0.9975680387615562,0.9976931086775349,0.9976318843712317,0.9970522973270549,0.9970458745300678
4,4,1.4995597449837217,0.57484,5000,1.9292477545914826,0.44057623049219685,833,1.9337305462779328,0.447,0.998852907069199,0.0833396048312718,0.08314719457706102,0.08318513950841912,0.9995438496276873,,0.9995408898038874,0.00045911019611255544,0.9971954693883391,0.09987918367639752,5,0.001,0.1,0.997726223284637,0.9972201899197956,0.9972225396108907,0.9978260998198724,1.0,0.9976393130709732,0.9976241294883144,0.9976315036306392,0.997345355192463,0.9976372431829329,0.996664088162826,0.9972160486505587
4,5,1.4978890769041269,0.56972,5000,1.940775575461211,0.44657863145258103,833,1.9337305478013742,0.447,0.9980065811244295,0.08325046486930937,0.0830586702244156,0.08318513950841912,0.9984796649287436,,0.998477687244469,0.0015223127555310523,0.9971954694044555,0.09987918367633948,5,0.001,0.1,0.9969875378767408,0.9962971831361211,0.9958218387740417,0.996909997345647,0.9976393130709732,1.0,0.9962910365014088,0.9970158381103166,0.9963028431630856,0.9966771837364987,0.9955352544221471,0.9961347225143059
4,6,1.5097174066646843,0.56048,5000,1.9512713396990742,0.42016806722689076,833,1.9337305462779328,0.447,0.998946262719166,0.08335727681885483,0.083164744364347,0.08318513950841912,0.9997548222532004,,0.9997535303157712,0.00024646968422881166,0.9971954693885057,0.0998791836763988,5,0.001,0.1,0.9979189235520725,0.9976036759910369,0.9980206740910558,0.997272230106042,0.9976241294883144,0.9962910365014088,1.0,0.9973723300393252,0.997505757327092,0.9978425653312916,0.9978604170225613,0.9975585100646184
4,7,1.4864214732388783,0.57384,5000,1.9233878983391657,0.44057623049219685,833,1.9337305462779328,0.447,0.9989144976298738,0.083355118371692,0.08316260084542876,0.08318513950841912,0.9997290542021894,,0.9997245338823325,0.00027546611766748885,0.9971954693880914,0.09987918367639871,5,0.001,0.1,0.997735808992742,0.9977770977613715,0.9974486248047532,0.9975680387615562,0.9976315036306392,0.9970158381103166,0.9973723300393252,1.0,0.9975124736427311,0.9981026245978456,0.997106803341241,0.9972183535876022
4,8,1.5031238793567487,0.57704,5000,1.9297955124466508,0.43937575030012005,833,1.9337305466587933,0.447,0.9986885647399439,0.08333913588154708,0.0831467288693814,0.08318513950841912,0.9995382511796669,,0.999536057064981,0.0004639429350189461,0.9971954693880403,0.09987918367639746,5,0.001,0.1,0.9973915084282359,0.9977435899968493,0.9969505329648912,0.9976931086775349,0.997345355192463,0.9963028431630856,0.997505757327092,0.9975124736427311,1.0,0.9975817790056598,0.9969902214595288,0.9967643070521145
4,9,1.5051214433779383,0.56288,5000,1.9267673404128463,0.4657863145258103,833,1.9337305462779328,0.447,0.9991623647043563,0.08337781404088715,0.08318513950841912,0.08318513950841912,0.9999999999879785,,0.9999951672610935,4.83273890650171e-06,0.9971954693879547,0.09987918367639899,5,0.001,0.1,0.9979053789107095,0.9982526486478274,0.9978031576773271,0.9976318843712317,0.9976372431829329,0.9966771837364987,0.9978425653312916,0.9981026245978456,0.9975817790056598,1.0,0.9981237603928245,0.9979016619655382
4,10,1.5079281195713456,0.55596,5000,1.9415218035380046,0.4345738295318127,833,1.9337305470396535,0.447,0.9986533449615471,0.08328059673151113,0.08308859413975297,0.08318513950841912,0.9988393916240867,,0.9988353099235461,0.0011646900764539225,0.9971954694037769,0.09987918367637233,5,0.001,0.1,0.9970941632488522,0.9982634346884295,0.9973732763144565,0.9970522973270549,0.996664088162826,0.9955352544221471,0.9978604170225613,0.997106803341241,0.9969902214595288,0.9981237603928245,1.0,0.9972975568833918
4,11,1.5167656751195338,0.56056,5000,1.9304454900600292,0.4429771908763505,833,1.9337305470396535,0.447,0.9986516976042319,0.08333332731853176,0.08314096046037502,0.08318513950841912,0.9994689069549604,,0.9994683987202907,0.0005316012797093039,0.9971954693886311,0.09987918367639652,5,0.001,0.1,0.9977864688193374,0.9974918093413835,0.9969245238222209,0.9970458745300678,0.9972160486505587,0.9961347225143059,0.9975585100646184,0.9972183535876022,0.9967643070521145,0.9979016619655382,0.9972975568833918,1.0
5,0,1.3783024344474646,0.60852,5000,1.8298707758938824,0.486810551558753,834,1.8154139469225947,0.4973,0.9987825226558825,0.08334753961231046,0.08315507449614139,0.08318041873756153,0.9996953099923697,,0.9996907047099873,0.00030929529001266776,0.9980993049313113,0.09986251960871155,5,0.001,0.1,1.0,0.9972662804979925,0.9970149311324094,0.9975852927161518,0.9972507535861601,0.9967009037535018,0.9975622515276112,0.9971460735814278,0.9969709516696384,0.9975363184268832,0.9966836762212652,0.9971937617156321
5,1,1.386962037785038,0.58788,5000,1.7870808000917788,0.5239808153477218,834,1.8154139469225947,0.4973,0.9989000981723419,0.08336179116973795,0.08316922749060471,0.08318041873756153,0.9998654581435565,,0.9998646833106195,0.00013531668938049357,0.9980993049324962,0.0998625196087119,5,0.001,0.1,0.9972662804979925,1.0,0.9975389071126384,0.9976163251129403,0.9966147093305425,0.9964213666239667,0.997317569194817,0.9975257213345874,0.9974074443263253,0.9978703292457971,0.9978016450925542,0.9969395915382966
5,2,1.3835961628112063,0.59264,5000,1.8197328073007089,0.4844124700239808,834,1.8154139446374327,0.4973,0.9985722225994853,0.08332715755450373,0.08313483334120009,0.08318041873756153,0.9994519696095217,,0.9994490677646649,0.0005509322353350887,0.9980993049313162,0.0998625196087097,5,0.001,0.1,0.9970149311324094,0.9975389071126384,1.0,0.9971084012169459,0.9968228112917105,0.9958286851413682,0.9977989973328627,0.9968052184212798,0.9963720632241814,0.9975036311225165,0.997165056283716,0.996432564556592
5,3,1.3547897989582864,0.62144,5000,1.815947863790724,0.5215827338129496,834,1.8154139446374327,0.4973,0.9987789708216754,0.08333449548039791,0.08314212054730387,0.08318041873756153,0.9995395768398565,,0.999536057064981,0.0004639429350189461,0.9980993049330782,0.09986251960871059,5,0.001,0.1,0.9975852927161518,0.9976163251129403,0.9971084012169459,1.0,0.9973100976405644,0.9970823093099727,0.9970624163933769,0.9972052249736422,0.9973238564665564,0.9973064236950778,0.9967278957265218,0.996541502488033
5,4,1.3722937495845138,0.60708,5000,1.8104427920447455,0.49939975990396157,833,1.8154139465417345,0.4973,0.9984925545517316,0.08333290046875018,0.08314053656114306,0.08318041873756153,0.9995205340629045,,0.9995167261093553,0.0004832738906447309,0.9980993049318283,0.09986251960871041,5,0.001,0.1,0.9972507535861601,0.9966147093305425,0.9968228112917105,0.9973100976405644,1.0,0.9972499561294828,0.9972404803790302,0.9967921043699531,0.9965748762089591,0.9970428636492841,0.9961168351814538,0.9964220330449289
5,5,1.372117795610124,0.60516,5000,1.822296937306722,0.4909963985594238,833,1.815413943875712,0.4973,0.9981174614509581,0.08326613098569735,0.08307422824405206,0.08318041873756153,0.9987233714843003,,0.9987193241897914,0.0012806758102086313,0.998099304924422,0.09986251960868285,5,0.001,0.1,0.9967009037535018,0.9964213666239667,0.9958286851413682,0.9970823093099727,0.9972499561294828,1.0,0.9962207208830027,0.9966655349614205,0.9965318366459344,0.9966261259533974,0.9958944457391848,0.9957241278623926
5,6,1.3866557018772052,0.5984,5000,1.838156404318633,0.4669867947178872,833,1.8154139469225947,0.4973,0.9988528532947637,0.0833553661835177,0.08316284694337828,0.08318041873756153,0.9997887508208093,,0.9997873594881163,0.00021264051188374378,0.9980993049316682,0.0998625196087118,5,0.001,0.1,0.9975622515276112,0.997317569194817,0.9977989973328627,0.9970624163933769,0.9972404803790302,0.9962207208830027,1.0,0.9970789350122474,0.9970215290529142,0.9976065237515307,0.997661736698877,0.9971827050688199
5,7,1.3608594753939636,0.6092,5000,1.8040597482963845,0.5018007202881153,833,1.8154139469225947,0.4973,0.9986347356737054,0.08334700276090115,0.08315454135691036,0.08318041873756153,0.9996889005604491,,0.9996858719710809,0.00031412802891905844,0.9980993049314746,0.09986251960871152,5,0.001,0.1,0.9971460735814278,0.9975257213345874,0.9968052184212798,0.9972052249736422,0.9967921043699531,0.9966655349614205,0.9970789350122474,1.0,0.9969993288675846,0.9976153153180958,0.9967002264287754,0.9966062278874495
5,8,1.3754492589622547,0.61084,5000,1.8134742312961154,0.49459783913565425,833,1.8154139469225947,0.4973,0.9984688296931099,0.08333184716935484,0.08313949054242895,0.08318041873756153,0.9995079587629725,,0.9995070606315423,0.0004929393684577343,0.9980993049317111,0.09986251960871032,5,0.001,0.1,0.9969709516696384,0.9974074443263253,0.9963720632241814,0.9973238564665564,0.9965748762089591,0.9965318366459344,0.9970215290529142,0.9969993288675846,1.0,0.9972255763815164,0.9964944677804924,0.9962304470548472
5,9,1.3798246200676936,0.597,5000,1.8068384991751776,0.5198079231692677,833,1.8154139465417345,0.4973,0.999010874166589,0.08337306037765224,0.08318041873756153,0.08318041873756153,0.9999999999879778,,0.9999951672610935,4.83273890650171e-06,0.9980993049321047,0.09986251960871194,5,0.001,0.1,0.9975363184268832,0.9978703292457971,0.9975036311225165,0.9973064236950778,0.9970428636492841,0.9966261259533974,0.9976065237515307,0.9976153153180958,0.9972255763815164,1.0,0.9978770984735372,0.9974368983119116
5,10,1.3828731973459767,0.58944,5000,1.8238714359424733,0.48139255702280914,833,1.8154139427331308,0.4973,0.998545811544146,0.08329843383807664,0.08310630807777267,0.08318041873756153,0.9991090371759032,,0.9991059433023072,0.0008940566976928244,0.9980993049253604,0.09986251960870236,5,0.001,0.1,0.9966836762212652,0.9978016450925542,0.997165056283716,0.9967278957265218,0.9961168351814538,0.9958944457391848,0.997661736698877,0.9967002264287754,0.9964944677804924,0.9978770984735372,1.0,0.9969531401581104
5,11,1.393183148514693,0.5926,5000,1.8108039343798603,0.4957983193277311,833,1.8154139465417345,0.4973,0.9983445614518771,0.08332427439909988,0.08313197011175169,0.08318041873756153,0.9994175476927795,,0.9994152385923198,0.0005847614076801566,0.9980993049315647,0.09986251960870925,5,0.001,0.1,0.9971937617156321,0.9969395915382966,0.996432564556592,0.996541502488033,0.9964220330449289,0.9957241278623926,0.9971827050688199,0.9966062278874495,0.9962304470548472,0.9974368983119116,0.9969531401581104,1.0
6,0,1.2739077066160311,0.62832,5000,1.705655610119855,0.5359712230215827,834,1.6884748730034873,0.535,0.9985900521029406,0.08334957861030563,0.08315709939459837,0.08317775559170056,0.99975166199238,,0.9997486975768647,0.00025130242313531337,0.9983561097818111,0.09983567702313467,5,0.001,0.1,1.0,0.9969829830005521,0.9962532509103361,0.9969942750932552,0.9963316694770084,0.9962055216589587,0.9972009681882107,0.9967675054566844,0.9965425204803227,0.9970559656062308,0.9963935830229257,0.9966597856566423
6,1,1.2850249754395455,0.613,5000,1.6551618443595038,0.5407673860911271,834,1.6884748745269287,0.535,0.9987520002796935,0.08336354645579545,0.08317097063488273,0.08317775559170056,0.9999184282171418,,0.9999178434385904,8.21565614096409e-05,0.998356109780679,0.09983567702313499,5,0.001,0.1,0.9969829830005521,1.0,0.9970259895118825,0.9971042920023322,0.9958996169759191,0.9959565058675526,0.9967875938606189,0.9971453172666163,0.9970899641413511,0.9974947193315066,0.9973697286990295,0.9964710752551513
6,2,1.2795168811348594,0.61756,5000,1.6936530316317524,0.5203836930455635,834,1.6884748722417666,0.535,0.9981752570173683,0.08332368942604973,0.08313138918137784,0.08317775559170056,0.9994425623654747,,0.999439402286852,0.0005605977131479811,0.9983561097925535,0.09983567702313156,5,0.001,0.1,0.9962532509103361,0.9970259895118825,1.0,0.9964078596830211,0.9960488003223462,0.9953771314823436,0.9968022705628492,0.9961807083843222,0.9957628637638241,0.996700167571068,0.9963904970361166,0.995469593758852
6,3,1.2501915429807773,0.64356,5000,1.6869728830125597,0.5575539568345323,834,1.6884748722417666,0.535,0.9985291763747276,0.08333961374775499,0.08314720343190049,0.08317775559170056,0.9996326883241515,,0.9996278791042035,0.00037212089579652385,0.9983561097927706,0.09983567702313399,5,0.001,0.1,0.9969942750932552,0.9971042920023322,0.9964078596830211,1.0,0.9964784293260974,0.9967114960956166,0.9964550942339315,0.9966610024944376,0.9968033255856167,0.9967455522497177,0.9963611280965529,0.9959373892616329
6,4,1.2659692784783187,0.629,5000,1.6830129226048787,0.531812725090036,833,1.688474872622627,0.535,0.9979782525179929,0.08332085248823118,0.08312857184848381,0.08317775559170056,0.999408691135433,,0.999405573114507,0.000594426885493049,0.9983561097926013,0.09983567702313091,5,0.001,0.1,0.9963316694770084,0.9958996169759191,0.9960488003223462,0.9964784293260974,1.0,0.9963418501492938,0.9965841808106063,0.995925887698521,0.995831144628591,0.9959604097334516,0.9952520984654606,0.9954057222372772
