round,client_id,client_i_training_loss,client_i_training_accuracy,client_i_training_dataset_size,client_i_evaluation_loss,client_i_evaluation_accuracy,client_i_evaluation_dataset_size,client_i_central_evaluation_loss,client_i_central_evaluation_accuracy,client_i_cosine_similarity,client_i_importance_coefficient,client_i_tanh_val,tanh_normalization_value,client_i_q,client_i_mask_order,client_i_v_nonzero_fraction,client_i_v_sparsity,client_i_v_cosine_similarity,client_i_reward_gradient_norm,local_epochs,learning_rate,gamma,client_0_cosine_similarity,client_1_cosine_similarity,client_2_cosine_similarity,client_3_cosine_similarity,client_4_cosine_similarity,client_5_cosine_similarity,client_6_cosine_similarity,client_7_cosine_similarity,client_8_cosine_similarity,client_9_cosine_similarity,client_10_cosine_similarity,client_11_cosine_similarity
0,0,2.230622844331583,0.30812,5000,2.2651258133075856,0.2709832134292566,834,2.2639348468841454,0.259,0.9955494497562937,0.08329522823436535,,,0.95,,0.95001498149061,0.04998501850938997,0,0.09960041483911353,5,0.001,0.1,1.0,0.9925796409712363,0.9896869221508982,0.9927623680282633,0.9891983145566584,0.9934755497419401,0.99065242765154,0.9880107888488459,0.9897344636050966,0.9905278689447833,0.9902351491830702,0.9920018784896062
0,1,2.230000298190269,0.37816,5000,2.267603353217796,0.24580335731414868,834,2.2639348468841454,0.259,0.996638371493297,0.08338633569731985,,,0.95,,0.95001498149061,0.04998501850938997,0,0.09960041483911353,5,0.001,0.1,0.9925796409712363,1.0,0.9899482146572028,0.9927987674349054,0.989987472277416,0.993914396808607,0.9903640980516051,0.9932118231573701,0.9921479156514688,0.9950173319314723,0.9914721092060363,0.9904384586538482
0,2,2.23154839345604,0.33032,5000,2.2641416125827365,0.2829736211031175,834,2.2639348468841454,0.259,0.9961592770173594,0.08334625101470683,,,0.95,,0.95001498149061,0.04998501850938997,0,0.09960041483911353,5,0.001,0.1,0.9896869221508982,0.9899482146572028,1.0,0.9901600638812627,0.9924570222680329,0.9915807429978117,0.9935015401649832,0.9905451818134592,0.9932120957847342,0.9938386815050375,0.9902572176378931,0.9909663801484062
0,3,2.230164130022571,0.3368,5000,2.2631106464951127,0.2733812949640288,834,2.2639348468841454,0.259,0.9960713122706564,0.08333889121589926,,,0.95,,0.95001498149061,0.04998501850938997,0,0.09960041483911353,5,0.001,0.1,0.9927623680282633,0.9927987674349054,0.9901600638812627,1.0,0.9882630025202181,0.9931141571936773,0.9905802448448218,0.9902169053983199,0.9933727603780742,0.9903915831171873,0.9917637526191345,0.9916790988647857
0,4,2.2301907764118947,0.36164,5000,2.2599680953555636,0.2533013205282113,833,2.2639348468841454,0.259,0.9948129862995994,0.08323361010808679,,,0.95,,0.95001498149061,0.04998501850938997,0,0.09960041483911353,5,0.001,0.1,0.9891983145566584,0.989987472277416,0.9924570222680329,0.9882630025202181,1.0,0.9910133059661314,0.9929100823489105,0.9889426701914157,0.992237712451135,0.9924659015145552,0.9863343521261996,0.9862532819906494
0,5,2.230651649851708,0.36216,5000,2.268955363167657,0.22569027611044418,833,2.2639348468841454,0.259,0.9971613263726626,0.0834300900744065,,,0.95,,0.95001498149061,0.04998501850938997,0,0.09960041483911353,5,0.001,0.1,0.9934755497419401,0.993914396808607,0.9915807429978117,0.9931141571936773,0.9910133059661314,1.0,0.9920228078619098,0.9934779523013187,0.9937463572926596,0.9951743064338757,0.989633833941473,0.9909772056557213
0,6,2.2320438946887946,0.36648,5000,2.2617791846946433,0.26410564225690275,833,2.2639348468841454,0.259,0.995957218926799,0.08332934530020521,,,0.95,,0.95001498149061,0.04998501850938997,0,0.09960041483911353,5,0.001,0.1,0.99065242765154,0.9903640980516051,0.9935015401649832,0.9905802448448218,0.9929100823489105,0.9920228078619098,1.0,0.9891356481173685,0.991234704372093,0.9923662062893587,0.9898787793303081,0.9910925141380171
0,7,2.2295257525838865,0.34352,5000,2.2704275095904314,0.2653061224489796,833,2.2639348468841454,0.259,0.9952688972645538,0.08327175508209057,,,0.95,,0.95001498149061,0.04998501850938997,0,0.09960041483911353,5,0.001,0.1,0.9880107888488459,0.9932118231573701,0.9905451818134592,0.9902169053983199,0.9889426701914157,0.9934779523013187,0.9891356481173685,1.0,0.9922784503846173,0.9949961139914343,0.9865417741836547,0.9881548840084914
0,8,2.2304253359509123,0.35008,5000,2.2680144574907093,0.24969987995198079,833,2.2639348468841454,0.259,0.9969897812269418,0.0834157373046181,,,0.95,,0.95001498149061,0.04998501850938997,0,0.09960041483911353,5,0.001,0.1,0.9897344636050966,0.9921479156514688,0.9932120957847342,0.9933727603780742,0.992237712451135,0.9937463572926596,0.991234704372093,0.9922784503846173,1.0,0.9938173904077238,0.992596740905671,0.9917017072389901
0,9,2.230304863498469,0.3602,5000,2.263056834538778,0.2545018007202881,833,2.2639348468841454,0.259,0.9971868600763494,0.0834322264179872,,,0.95,,0.95001498149061,0.04998501850938997,0,0.09960041483911353,5,0.001,0.1,0.9905278689447833,0.9950173319314723,0.9938386815050375,0.9903915831171873,0.9924659015145552,0.9951743064338757,0.9923662062893587,0.9949961139914343,0.9938173904077238,1.0,0.9898965120026014,0.9899439001025434
0,10,2.2325124698080074,0.364,5000,2.2642440795898438,0.2653061224489796,833,2.2639348468841454,0.259,0.9949391671286806,0.08324416735459995,,,0.95,,0.95001498149061,0.04998501850938997,0,0.09960041483911353,5,0.001,0.1,0.9902351491830702,0.9914721092060363,0.9902572176378931,0.9917637526191345,0.9863343521261996,0.989633833941473,0.9898787793303081,0.9865417741836547,0.992596740905671,0.9898965120026014,1.0,0.9929610168466706
0,11,2.232801965239701,0.33692,5000,2.266924584353412,0.25690276110444177,833,2.2639348468841454,0.259,0.9953239617566076,0.08327636219571447,,,0.95,,0.95001498149061,0.04998501850938997,0,0.09960041483911353,5,0.001,0.1,0.9920018784896062,0.9904384586538482,0.9909663801484062,0.9916790988647857,0.9862532819906494,0.9909772056557213,0.9910925141380171,0.9881548840084914,0.9917017072389901,0.9899439001025434,0.9929610168466706,1.0
1,0,2.131697576213035,0.41588,5000,2.216540318948251,0.43884892086330934,834,2.2154691729682705,0.425,0.9975736061453079,0.08330553399316766,,,0.95,,0.95001498149061,0.04998501850938997,0.9579288189194143,0.09977087017947053,5,0.001,0.1,1.0,0.9951695986830857,0.9942693999263796,0.9956007300833527,0.9943814864107929,0.9954602710456052,0.9938243764034546,0.9933956621522024,0.9952662077903144,0.9937474214141411,0.9960896904066044,0.9962769071639976
1,1,2.129628493983275,0.48852,5000,2.2191244849452265,0.4364508393285372,834,2.2154691729682705,0.425,0.9980437405799576,0.08337660265976925,,,0.95,,0.95001498149061,0.04998501850938997,0.9579288189194143,0.09977087017947053,5,0.001,0.1,0.9951695986830857,1.0,0.9932773051404348,0.9959907391778391,0.9948751301999197,0.9968622046389293,0.9949234766237851,0.9961357094423002,0.9963544019121837,0.9941295997867594,0.9957936502052656,0.9955922055098179
1,2,2.1348719879320472,0.454,5000,2.2139911386701794,0.447242206235012,834,2.2154691729682705,0.425,0.9973204644618032,0.0833286606541403,,,0.95,,0.95001498149061,0.04998501850938997,0.9579288189194143,0.09977087017947053,5,0.001,0.1,0.9942693999263796,0.9932773051404348,1.0,0.9922850880929612,0.9962945756375322,0.9949831399840419,0.9952272287372046,0.9947122484415638,0.995956517115728,0.9947056521272304,0.9939194565141116,0.9948170527060831
1,3,2.131909947790158,0.43296,5000,2.215682197500158,0.43764988009592326,834,2.2154691729682705,0.425,0.997082832821128,0.08331647347251599,,,0.95,,0.95001498149061,0.04998501850938997,0.9579288189194143,0.09977087017947053,5,0.001,0.1,0.9956007300833527,0.9959907391778391,0.9922850880929612,1.0,0.9941012311937392,0.9960088411862147,0.9934851001152301,0.9946594277941896,0.9959303773864784,0.9917390757043019,0.9936718992146166,0.9941285402753105
1,4,2.13080655632505,0.47116,5000,2.210336208343506,0.4237695078031212,833,2.2154691729682705,0.425,0.9979065370849722,0.08327848378037511,,,0.95,,0.95001498149061,0.04998501850938997,0.9579288189194143,0.09977087017947053,5,0.001,0.1,0.9943814864107929,0.9948751301999197,0.9962945756375322,0.9941012311937392,1.0,0.9962050086116144,0.9970559199962189,0.9952873703995373,0.9965857049168082,0.9943069551737974,0.993788001199479,0.9945856203457567
1,5,2.131016175306527,0.47864,5000,2.2192318969302707,0.4141656662665066,833,2.2154691729682705,0.425,0.998589682233019,0.0834210702873356,,,0.95,,0.95001498149061,0.04998501850938997,0.9579288189194143,0.09977087017947053,5,0.001,0.1,0.9954602710456052,0.9968622046389293,0.9949831399840419,0.9960088411862147,0.9962050086116144,1.0,0.9955559014584519,0.9969207185376855,0.9974661376939261,0.9955458197296667,0.9950375950730542,0.9955915174743311
1,6,2.135051254709815,0.4972,5000,2.2126631913361727,0.42136854741896757,833,2.2154691729682705,0.425,0.9974925289710008,0.08332384528780222,,,0.95,,0.95001498149061,0.04998501850938997,0.9579288189194143,0.09977087017947053,5,0.001,0.1,0.9938243764034546,0.9949234766237851,0.9952272287372046,0.9934851001152301,0.9970559199962189,0.9955559014584519,1.0,0.9951949845392621,0.9950217273463078,0.9938535075238252,0.9940506487675774,0.9943168144681639
1,7,2.1306116140572127,0.469,5000,2.222865166487517,0.4117647058823529,833,2.2154691729682705,0.425,0.9978027935205557,0.0832985341602362,,,0.95,,0.95001498149061,0.04998501850938997,0.9579288189194143,0.09977087017947053,5,0.001,0.1,0.9933956621522024,0.9961357094423002,0.9947122484415638,0.9946594277941896,0.9952873703995373,0.9969207185376855,0.9951949845392621,1.0,0.9964889600414398,0.9953979214655732,0.9926236069446867,0.9954023124698538
1,8,2.13163646968307,0.45536,5000,2.2217238832403114,0.39735894357743096,833,2.2154691729682705,0.425,0.9985898732659768,0.08341227179347642,,,0.95,,0.95001498149061,0.04998501850938997,0.9579288189194143,0.09977087017947053,5,0.001,0.1,0.9952662077903144,0.9963544019121837,0.995956517115728,0.9959303773864784,0.9965857049168082,0.9974661376939261,0.9950217273463078,0.9964889600414398,1.0,0.995017286395149,0.9953425469333596,0.9962115879527104
1,9,2.132466211592316,0.48204,5000,2.212986672366107,0.4189675870348139,833,2.2154691729682705,0.425,0.9970025144415812,0.08337113644634218,,,0.95,,0.95001498149061,0.04998501850938997,0.9579288189194143,0.09977087017947053,5,0.001,0.1,0.9937474214141411,0.9941295997867594,0.9947056521272304,0.9917390757043019,0.9943069551737974,0.9955458197296667,0.9938535075238252,0.9953979214655732,0.995017286395149,1.0,0.9933354218090654,0.994853867673607
1,10,2.1356215484582695,0.47516,5000,2.2159744986781367,0.44057623049219685,833,2.2154691729682705,0.425,0.9972221102700559,0.08326286222249131,,,0.95,,0.95001498149061,0.04998501850938997,0.9579288189194143,0.09977087017947053,5,0.001,0.1,0.9960896904066044,0.9957936502052656,0.9939194565141116,0.9936718992146166,0.993788001199479,0.9950375950730542,0.9940506487675774,0.9926236069446867,0.9953425469333596,0.9933354218090654,1.0,0.9956223074974123
1,11,2.136087395734848,0.44544,5000,2.2197721622608326,0.4117647058823529,833,2.2154691729682705,0.425,0.9979008173171644,0.08330452524234778,,,0.95,,0.95001498149061,0.04998501850938997,0.9579288189194143,0.09977087017947053,5,0.001,0.1,0.9962769071639976,0.9955922055098179,0.9948170527060831,0.9941285402753105,0.9945856203457567,0.9955915174743311,0.9943168144681639,0.9954023124698538,0.9962115879527104,0.994853867673607,0.9956223074974123,1.0
2,0,1.9929164892548967,0.479,5000,2.1571157155213534,0.4988009592326139,834,2.1561659875388344,0.4934,0.9984590428471488,0.08331421362633076,,,0.95,,0.95001498149061,0.04998501850938997,0.9835214002858033,0.09985217264906661,5,0.001,0.1,1.0,0.9971442929674391,0.9961205953459781,0.9972497094321244,0.9960855684875994,0.9970729662715689,0.9963796633322483,0.9956177357180022,0.9968656432969086,0.9962797373546879,0.9975024786409827,0.9974986026893593
2,1,1.9901218162220755,0.53872,5000,2.1601166990068226,0.5107913669064749,834,2.1561659875388344,0.4934,0.9986943860602129,0.08336539281467671,,,0.95,,0.95001498149061,0.04998501850938997,0.9835214002858033,0.09985217264906661,5,0.001,0.1,0.9971442929674391,1.0,0.9959179947500418,0.9968356200131687,0.9959330919317096,0.9975430040702482,0.9963847383158756,0.9971019353378195,0.9975857503754487,0.9974971318264512,0.9971757976400089,0.9975135741738002
2,2,1.9999135126733476,0.51172,5000,2.1526790018434876,0.511990407673861,834,2.1561659875388344,0.4934,0.998310067947736,0.08332358774827966,,,0.95,,0.95001498149061,0.04998501850938997,0.9835214002858033,0.09985217264906661,5,0.001,0.1,0.9961205953459781,0.9959179947500418,1.0,0.9953585796142258,0.9973396609826649,0.9968941680899471,0.9971210647483824,0.9965976105847201,0.9970787723504454,0.9975801694272204,0.9957447108266545,0.9962765916196266
2,3,1.9957605524427573,0.47632,5000,2.1573759008336952,0.513189448441247,834,2.1561659875388344,0.4934,0.9980938220989564,0.08330913425040921,,,0.95,,0.95001498149061,0.04998501850938997,0.9835214002858033,0.09985217264906661,5,0.001,0.1,0.9972497094321244,0.9968356200131687,0.9953585796142258,1.0,0.9958807491025016,0.9972456787392786,0.9954927001033401,0.9961014251686753,0.9971374980698147,0.996058348396066,0.9960235434450622,0.9960545977822971
2,4,1.9944384274209381,0.52384,5000,2.1495688844610146,0.4921968787515006,833,2.1561659875388344,0.4934,0.9983590958743701,0.08329439904067058,,,0.95,,0.95001498149061,0.04998501850938997,0.9835214002858033,0.09985217264906661,5,0.001,0.1,0.9960855684875994,0.9959330919317096,0.9973396609826649,0.9958807491025016,1.0,0.9971709727097199,0.9978369757328986,0.9964157007539131,0.9972863065192573,0.9974157153241016,0.9955282081853966,0.9957253418901229
2,5,1.9929067484132803,0.5256,5000,2.15879875642282,0.4801920768307323,833,2.1561659875388344,0.4934,0.998961953722566,0.08340129890782819,,,0.95,,0.95001498149061,0.04998501850938997,0.9835214002858033,0.09985217264906661,5,0.001,0.1,0.9970729662715689,0.9975430040702482,0.9968941680899471,0.9972456787392786,0.9971709727097199,1.0,0.9968281497687848,0.9975879039186489,0.997910935409774,0.9981267177290453,0.9966133256697115,0.9968437493373175
2,6,1.9996737379936655,0.545,5000,2.152675990705137,0.5042016806722689,833,2.1561659875388344,0.4934,0.9983589997955687,0.08332221405614547,,,0.95,,0.95001498149061,0.04998501850938997,0.9835214002858033,0.09985217264906661,5,0.001,0.1,0.9963796633322483,0.9963847383158756,0.9971210647483824,0.9954927001033401,0.9978369757328986,0.9968281497687848,1.0,0.9964088482443655,0.9965227283482448,0.9972417808930957,0.9960000474090059,0.996400832085445
2,7,1.9935157505569945,0.52352,5000,2.164494276046753,0.47539015606242496,833,2.1561659875388344,0.4934,0.9984124007637512,0.08330841550829489,,,0.95,,0.95001498149061,0.04998501850938997,0.9835214002858033,0.09985217264906661,5,0.001,0.1,0.9956177357180022,0.9971019353378195,0.9965976105847201,0.9961014251686753,0.9964157007539131,0.9975879039186489,0.9964088482443655,1.0,0.997242061603856,0.998335032042623,0.9948836099095206,0.9969624256983907
2,8,1.9952598243761974,0.50792,5000,2.165071619881524,0.4597839135654262,833,2.1561659875388344,0.4934,0.998953620626312,0.08339563423477073,,,0.95,,0.95001498149061,0.04998501850938997,0.9835214002858033,0.09985217264906661,5,0.001,0.1,0.9968656432969086,0.9975857503754487,0.9970787723504454,0.9971374980698147,0.9972863065192573,0.997910935409774,0.9965227283482448,0.997242061603856,1.0,0.9979724402795089,0.9967762682537878,0.9973597183152244
2,9,1.99467507350217,0.53372,5000,2.1520182026757135,0.503001200480192,833,2.1561659875388344,0.4934,0.9989989910275022,0.08337187222550141,,,0.95,,0.95001498149061,0.04998501850938997,0.9835214002858033,0.09985217264906661,5,0.001,0.1,0.9962797373546879,0.9974971318264512,0.9975801694272204,0.996058348396066,0.9974157153241016,0.9981267177290453,0.9972417808930957,0.998335032042623,0.9979724402795089,1.0,0.9965676128002429,0.9972079060777104
2,10,2.0010671554857,0.52164,5000,2.1567452836919716,0.4921968787515006,833,2.1561659875388344,0.4934,0.9981283062488077,0.08327736997608957,,,0.95,,0.95001498149061,0.04998501850938997,0.9835214002858033,0.09985217264906661,5,0.001,0.1,0.9975024786409827,0.9971757976400089,0.9957447108266545,0.9960235434450622,0.9955282081853966,0.9966133256697115,0.9960000474090059,0.9948836099095206,0.9967762682537878,0.9965676128002429,1.0,0.9970389680528012
2,11,2.0001901994085616,0.50648,5000,2.1618572959193476,0.4789915966386555,833,2.1561659875388344,0.4934,0.9985480426940907,0.08331646761100286,,,0.95,,0.95001498149061,0.04998501850938997,0.9835214002858033,0.09985217264906661,5,0.001,0.1,0.9974986026893593,0.9975135741738002,0.9962765916196266,0.9960545977822971,0.9957253418901229,0.9968437493373175,0.996400832085445,0.9969624256983907,0.9973597183152244,0.9972079060777104,0.9970389680528012,1.0
3,0,1.8344400765789541,0.51948,5000,2.084927585389879,0.5455635491606715,834,2.0842560076485044,0.5512,0.9986024251110579,0.08331514804348639,,,0.95,,0.95001498149061,0.04998501850938997,0.9911920522078778,0.09988012226644295,5,0.001,0.1,1.0,0.9973483410579792,0.9968531840851108,0.9975212308516449,0.9970712357543363,0.9975789290719866,0.9969198747396234,0.9965582976268078,0.9969049131877548,0.9965993710066285,0.9978191702454656,0.9977080689629858
3,1,1.8272887231438024,0.56312,5000,2.088607938201339,0.5707434052757794,834,2.0842560076485044,0.5512,0.9989068775806006,0.08335635608031394,,,0.95,,0.95001498149061,0.04998501850938997,0.9911920522078778,0.09988012226644295,5,0.001,0.1,0.9973483410579792,1.0,0.9971647159090389,0.9971048723882208,0.9970838494554152,0.9978440935960522,0.997011413595853,0.9978404757621014,0.997858118814407,0.9979075603017623,0.9974330461839302,0.9979321254413351
3,2,1.8418960132416646,0.5488,5000,2.0783065689934626,0.565947242206235,834,2.0842560076485044,0.5512,0.9987072828437277,0.0833242802133046,,,0.95,,0.95001498149061,0.04998501850938997,0.9911920522078778,0.09988012226644295,5,0.001,0.1,0.9968531840851108,0.9971647159090389,1.0,0.9966138511048706,0.9978028286232081,0.9975776669583409,0.9974186782599803,0.9972814195843478,0.9975276343720761,0.99796454984941,0.9969137824886969,0.9970193259737562
3,3,1.836656305288813,0.51284,5000,2.0861855701163963,0.5695443645083933,834,2.0842560076485044,0.5512,0.998466373449451,0.08330764263558911,,,0.95,,0.95001498149061,0.04998501850938997,0.9911920522078778,0.09988012226644295,5,0.001,0.1,0.9975212308516449,0.9971048723882208,0.9966138511048706,1.0,0.9970347183696259,0.9978510068857177,0.9966065259844528,0.9970017068081407,0.9974356842546094,0.9964965551629431,0.996849593811185,0.996735076696074
3,4,1.8352818776088156,0.56192,5000,2.0756184569111578,0.5546218487394958,833,2.0842560076485044,0.5512,0.9988784441868499,0.08331190595847594,,,0.95,,0.95001498149061,0.04998501850938997,0.9911920522078778,0.09988012226644295,5,0.001,0.1,0.9970712357543363,0.9970838494554152,0.9978028286232081,0.9970347183696259,1.0,0.997893166124631,0.9981313444320874,0.9974338942086681,0.9978368965148912,0.9980487910741532,0.9970810894310581,0.9967719486054547
3,5,1.8323166265609159,0.5546,5000,2.0858793523576526,0.5270108043217286,833,2.0842560076485044,0.5512,0.9990949552982462,0.08338444308201674,,,0.95,,0.95001498149061,0.04998501850938997,0.9911920522078778,0.09988012226644295,5,0.001,0.1,0.9975789290719866,0.9978440935960522,0.9975776669583409,0.9978510068857177,0.997893166124631,1.0,0.997442757287395,0.9979720801027773,0.9980693029757378,0.9980683524255997,0.9971639731113061,0.9973208415688822
3,6,1.8416462163256992,0.57512,5000,2.080524859605012,0.5486194477791116,833,2.0842560076485044,0.5512,0.998663793690749,0.08332203435611421,,,0.95,,0.95001498149061,0.04998501850938997,0.9911920522078778,0.09988012226644295,5,0.001,0.1,0.9969198747396234,0.997011413595853,0.9974186782599803,0.9966065259844528,0.9981313444320874,0.997442757287395,1.0,0.9973683836957915,0.9968798568792683,0.9976866541878688,0.9971674193242914,0.9969846641940466
3,7,1.8329754922040709,0.5546,5000,2.093712329864502,0.5438175270108043,833,2.0842560076485044,0.5512,0.9988313836498778,0.0833189818945329,,,0.95,,0.95001498149061,0.04998501850938997,0.9911920522078778,0.09988012226644295,5,0.001,0.1,0.9965582976268078,0.9978404757621014,0.9972814195843478,0.9970017068081407,0.9974338942086681,0.9979720801027773,0.9973683836957915,1.0,0.9978320869001017,0.9984480251402092,0.9962074816247086,0.9976801994103538
3,8,1.836745745664949,0.53732,5000,2.0961637055432356,0.5354141656662665,833,2.0842560076485044,0.5512,0.9989916284941975,0.08337763490734855,,,0.95,,0.95001498149061,0.04998501850938997,0.9911920522078778,0.09988012226644295,5,0.001,0.1,0.9969049131877548,0.997858118814407,0.9975276343720761,0.9974356842546094,0.9978368965148912,0.9980693029757378,0.9968798568792683,0.9978320869001017,1.0,0.9981276410132802,0.99731288646522,0.99775857398219
3,9,1.833619147349315,0.56228,5000,2.078696030157584,0.5630252100840336,833,2.0842560076485044,0.5512,0.9990489678518548,0.08336491485621186,,,0.95,,0.95001498149061,0.04998501850938997,0.9911920522078778,0.09988012226644295,5,0.001,0.1,0.9965993710066285,0.9979075603017623,0.99796454984941,0.9964965551629431,0.9980487910741532,0.9980683524255997,0.9976866541878688,0.9984480251402092,0.9981276410132802,1.0,0.9973312180564452,0.997552711334897
3,10,1.8436610469392911,0.54504,5000,2.0846460042176425,0.5618247298919568,833,2.0842560076485044,0.5512,0.9986285673380828,0.08329339966874783,,,0.95,,0.95001498149061,0.04998501850938997,0.9911920522078778,0.09988012226644295,5,0.001,0.1,0.9978191702454656,0.9974330461839302,0.9969137824886969,0.996849593811185,0.9970810894310581,0.9971639731113061,0.9971674193242914,0.9962074816247086,0.99731288646522,0.9973312180564452,1.0,0.9979167007625565
3,11,1.84247589718764,0.55168,5000,2.0915380672172263,0.5282112845138055,833,2.0842560076485044,0.5512,0.9988109009423368,0.0833232583038577,,,0.95,,0.95001498149061,0.04998501850938997,0.9911920522078778,0.09988012226644295,5,0.001,0.1,0.9977080689629858,0.9979321254413351,0.9970193259737562,0.996735076696074,0.9967719486054547,0.9973208415688822,0.9969846641940466,0.9976801994103538,0.99775857398219,0.997552711334897,0.9979167007625565,1.0
4,0,1.6816079218676137,0.56204,5000,1.9993873613852042,0.592326139088729,834,1.9989582170693638,0.5863,0.9987693076274059,0.08331813810900485,,,0.95,,0.95001498149061,0.04998501850938997,0.9957319019142028,0.09988924885036651,5,0.001,0.1,1.0,0.9975997228252812,0.9971810124646571,0.9977785617550805,0.997368999099558,0.9977463154069074,0.9973381860119035,0.9969299959503969,0.9972405535554056,0.9971785635514151,0.9979218312049282,0.9977011147268136
4,1,1.6701747257998034,0.58852,5000,2.0037383724142006,0.6031175059952039,834,1.9989582170693638,0.5863,0.9990080858966861,0.08335111128115619,,,0.95,,0.95001498149061,0.04998501850938997,0.9957319019142028,0.09988924885036651,5,0.001,0.1,0.9975997228252812,1.0,0.9974247936988829,0.9974156756852678,0.9975264644793903,0.9979001136845126,0.9973740721116354,0.997912198900687,0.9979995143772763,0.9981841104327811,0.9976603807643268,0.9978479378581675
4,2,1.6888858978915366,0.587,5000,1.989981770515442,0.5911270983213429,834,1.9989582170693638,0.5863,0.998875515363593,0.08332716516386762,,,0.95,,0.95001498149061,0.04998501850938997,0.9957319019142028,0.09988924885036651,5,0.001,0.1,0.9971810124646571,0.9974247936988829,1.0,0.9970678799582884,0.9980647569722224,0.9979136333315537,0.9977525198506244,0.9973638109133645,0.9975835841951602,0.9980226623885016,0.9974503594874757,0.9974318936295737
4,3,1.6838815634417685,0.54644,5000,2.0015363340024597,0.60431654676259,834,1.9989582170693638,0.5863,0.9985796387381973,0.08330741508083538,,,0.95,,0.95001498149061,0.04998501850938997,0.9957319019142028,0.09988924885036651,5,0.001,0.1,0.9977785617550805,0.9974156756852678,0.9970678799582884,1.0,0.9972149566289515,0.9976862328667807,0.9969773924609141,0.9969832165810308,0.9974582597463282,0.9968612703889007,0.997247184741204,0.9970205095040117
4,4,1.6817154998232604,0.5958,5000,1.9878744460918285,0.5978391356542617,833,1.9989582170693638,0.5863,0.9990011877758466,0.08332363338076125,,,0.95,,0.95001498149061,0.04998501850938997,0.9957319019142028,0.09988924885036651,5,0.001,0.1,0.997368999099558,0.9975264644793903,0.9980647569722224,0.9972149566289515,1.0,0.9980399046311319,0.9982924820067944,0.997780881198819,0.9978318607157247,0.9980744187600071,0.997420820570755,0.9971479770803601
4,5,1.6770000649105972,0.57836,5000,1.9996094615371138,0.5678271308523409,833,1.9989582170693638,0.5863,0.9990932548239025,0.0833710818248932,,,0.95,,0.95001498149061,0.04998501850938997,0.9957319019142028,0.09988924885036651,5,0.001,0.1,0.9977463154069074,0.9979001136845126,0.9979136333315537,0.9976862328667807,0.9980399046311319,1.0,0.9977554464302684,0.9979437605175127,0.9978978634560663,0.998194901048355,0.9974090645351812,0.9973781685100387
4,6,1.6880501531491614,0.60444,5000,1.995413232732702,0.5846338535414166,833,1.9989582170693638,0.5863,0.9987768083933786,0.08332260262270719,,,0.95,,0.95001498149061,0.04998501850938997,0.9957319019142028,0.09988924885036651,5,0.001,0.1,0.9973381860119035,0.9973740721116354,0.9977525198506244,0.9969773924609141,0.9982924820067944,0.9977554464302684,1.0,0.9975391707773462,0.9968856135628038,0.9976400946529981,0.9973354959497369,0.9971839570157399
4,7,1.6769091273568997,0.58616,5000,2.009884207336991,0.5690276110444178,833,1.9989582170693638,0.5863,0.9988513754201135,0.08332313737592796,,,0.95,,0.95001498149061,0.04998501850938997,0.9957319019142028,0.09988924885036651,5,0.001,0.1,0.9969299959503969,0.997912198900687,0.9973638109133645,0.9969832165810308,0.997780881198819,0.9979437605175127,0.9975391707773462,1.0,0.9975913828304075,0.9984022623656694,0.9967336645188452,0.9977865872838316
4,8,1.6814941673521784,0.57416,5000,2.0143353894904807,0.5510204081632653,833,1.9989582170693638,0.5863,0.9989732311811018,0.08336303389869949,,,0.95,,0.95001498149061,0.04998501850938997,0.9957319019142028,0.09988924885036651,5,0.001,0.1,0.9972405535554056,0.9979995143772763,0.9975835841951602,0.9974582597463282,0.9978318607157247,0.9978978634560663,0.9968856135628038,0.9975913828304075,1.0,0.9981587934497285,0.9978571212894205,0.9979221556480727
4,9,1.6775693026317913,0.59312,5000,1.9920226688738223,0.6158463385354142,833,1.9989582170693638,0.5863,0.9991208690864712,0.08335999895280236,,,0.95,,0.95001498149061,0.04998501850938997,0.9957319019142028,0.09988924885036651,5,0.001,0.1,0.9971785635514151,0.9981841104327811,0.9980226623885016,0.9968612703889007,0.9980744187600071,0.998194901048355,0.9976400946529981,0.9984022623656694,0.9981587934497285,1.0,0.9977194437502774,0.99775999546545
4,10,1.691288592557239,0.57384,5000,1.9989209440019395,0.5966386554621849,833,1.9989582170693638,0.5863,0.9988254269518966,0.083306613829727,,,0.95,,0.95001498149061,0.04998501850938997,0.9957319019142028,0.09988924885036651,5,0.001,0.1,0.9979218312049282,0.9976603807643268,0.9974503594874757,0.997247184741204,0.997420820570755,0.9974090645351812,0.9973354959497369,0.9967336645188452,0.9978571212894205,0.9977194437502774,1.0,0.9979022459130523
4,11,1.68803172734133,0.58632,5000,2.007806976636251,0.5618247298919568,833,1.9989582170693638,0.5863,0.9988609489781337,0.08332606847961749,,,0.95,,0.95001498149061,0.04998501850938997,0.9957319019142028,0.09988924885036651,5,0.001,0.1,0.9977011147268136,0.9978479378581675,0.9974318936295737,0.9970205095040117,0.9971479770803601,0.9973781685100387,0.9971839570157399,0.9977865872838316,0.9979221556480727,0.99775999546545,0.9979022459130523,1.0
5,0,1.5448639389815604,0.59404,5000,1.901558898113392,0.6079136690647482,834,1.9013610849746119,0.6015,0.9987222300387444,0.08332128140873667,,,0.95,,0.95001498149061,0.04998501850938997,0.9974934947040192,0.09988046680548766,5,0.001,0.1,1.0,0.9974484654372304,0.9972234649661142,0.9974216083540185,0.9974136523785175,0.9974831835373686,0.9973060389556972,0.9969366723071416,0.9969596952817837,0.9969412293757528,0.997795493889628,0.9974401237159721
5,1,1.53032555162527,0.613,5000,1.9067687502613775,0.6103117505995204,834,1.9013610849746119,0.6015,0.9989480425873163,0.08334878775112835,,,0.95,,0.95001498149061,0.04998501850938997,0.9974934947040192,0.09988046680548766,5,0.001,0.1,0.9974484654372304,1.0,0.997406863618643,0.9970374080526662,0.9975752101787944,0.9976831235117107,0.9971891882144822,0.9978049724032607,0.9978416465081602,0.9980629299480785,0.9974824502133919,0.9975420266202459
5,2,1.5515992078052205,0.61156,5000,1.8889044434935958,0.6007194244604317,834,1.9013610849746119,0.6015,0.9988197574961754,0.08332996417669528,,,0.95,,0.95001498149061,0.04998501850938997,0.9974934947040192,0.09988046680548766,5,0.001,0.1,0.9972234649661142,0.997406863618643,1.0,0.996955439518976,0.997910779745401,0.9976236484133236,0.9975559413154729,0.9971275301833092,0.9973019913277935,0.9978318629643183,0.9973636582176613,0.9972364307687628
5,3,1.5478333217323206,0.58068,5000,1.9047427265732377,0.6330935251798561,834,1.9013610849746119,0.6015,0.9984047738634562,0.08330446094032273,,,0.95,,0.95001498149061,0.04998501850938997,0.9974934947040192,0.09988046680548766,5,0.001,0.1,0.9974216083540185,0.9970374080526662,0.996955439518976,1.0,0.997245644637028,0.997314627418976,0.996922513177768,0.9968593295343989,0.9969982720787387,0.9963442851537179,0.996870008248391,0.9965957670705088
5,4,1.5453345284340487,0.62372,5000,1.8873299713487979,0.6206482593037215,833,1.9013610849746119,0.6015,0.9989878618899626,0.08333322376316796,,,0.95,,0.95001498149061,0.04998501850938997,0.9974934947040192,0.09988046680548766,5,0.001,0.1,0.9974136523785175,0.9975752101787944,0.997910779745401,0.997245644637028,1.0,0.9977028312973121,0.9980143380748232,0.9975403745487947,0.9976505385388879,0.9980940401581585,0.9973412852874775,0.9970637838021975
5,5,1.5376362666202958,0.60964,5000,1.9011547300550673,0.5738295318127251,833,1.9013610849746119,0.6015,0.9989075209058135,0.0833597256621658,,,0.95,,0.95001498149061,0.04998501850938997,0.9974934947040192,0.09988046680548766,5,0.001,0.1,0.9974831835373686,0.9976831235117107,0.9976236484133236,0.997314627418976,0.9977028312973121,1.0,0.9973400961827562,0.9976940693392675,0.9975040900186296,0.9979802514141357,0.9971665459912338,0.9970957180719217
5,6,1.5507760709258402,0.63156,5000,1.8983798556857638,0.5966386554621849,833,1.9013610849746119,0.6015,0.9987053045375842,0.08332347275169014,,,0.95,,0.95001498149061,0.04998501850938997,0.9974934947040192,0.09988046680548766,5,0.001,0.1,0.9973060389556972,0.9971891882144822,0.9975559413154729,0.996922513177768,0.9980143380748232,0.9973400961827562,1.0,0.9973768412346631,0.9965777250982168,0.9975450847005456,0.9972401646785113,0.9970985366515983
5,7,1.5369058756311988,0.61232,5000,1.914203895462884,0.5858343337334934,833,1.9013610849746119,0.6015,0.9987984082398162,0.08332680538798469,,,0.95,,0.95001498149061,0.04998501850938997,0.9974934947040192,0.09988046680548766,5,0.001,0.1,0.9969366723071416,0.9978049724032607,0.9971275301833092,0.9968593295343989,0.9975403745487947,0.9976940693392675,0.9973768412346631,1.0,0.9972206056203927,0.9982403376036902,0.996760726671807,0.997719887495708
5,8,1.544399822973142,0.60384,5000,1.9204361262144867,0.5738295318127251,833,1.9013610849746119,0.6015,0.9987898493162638,0.08335099317165044,,,0.95,,0.95001498149061,0.04998501850938997,0.9974934947040192,0.09988046680548766,5,0.001,0.1,0.9969596952817837,0.9978416465081602,0.9973019913277935,0.9969982720787387,0.9976505385388879,0.9975040900186296,0.9965777250982168,0.9972206056203927,1.0,0.9979524571504285,0.9975207773684156,0.9976500098397522
5,9,1.5373520054634968,0.61484,5000,1.8932738348289773,0.6254501800720288,833,1.9013610849746119,0.6015,0.999052153204895,0.08335759750931562,,,0.95,,0.95001498149061,0.04998501850938997,0.9974934947040192,0.09988046680548766,5,0.001,0.1,0.9969412293757528,0.9980629299480785,0.9978318629643183,0.9963442851537179,0.9980940401581585,0.9979802514141357,0.9975450847005456,0.9982403376036902,0.9979524571504285,1.0,0.997654524956465,0.99767468764025
5,10,1.5573378682136536,0.59848,5000,1.9003945500762374,0.6122448979591837,833,1.9013610849746119,0.6015,0.9987770515524508,0.08331598413031452,,,0.95,,0.95001498149061,0.04998501850938997,0.9974934947040192,0.09988046680548766,5,0.001,0.1,0.997795493889628,0.9974824502133919,0.9973636582176613,0.996870008248391,0.9973412852874775,0.9971665459912338,0.9972401646785113,0.996760726671807,0.9975207773684156,0.997654524956465,1.0,0.9978309130026951
5,11,1.5516061540621862,0.614,5000,1.9118270609113905,0.5774309723889556,833,1.9013610849746119,0.6015,0.9987705411382191,0.0833277033468278,,,0.95,,0.95001498149061,0.04998501850938997,0.9974934947040192,0.09988046680548766,5,0.001,0.1,0.9974401237159721,0.9975420266202459,0.9972364307687628,0.9965957670705088,0.9970637838021975,0.9970957180719217,0.9970985366515983,0.997719887495708,0.9976500098397522,0.99767468764025,0.9978309130026951,1.0
6,0,1.4266195309389929,0.62616,5000,1.7936893878159699,0.6235011990407674,834,1.793618170978924,0.6154,0.998532792011897,0.08332308040808327,,,0.95,,0.95001498149061,0.04998501850938997,0.9980617368917748,0.09986169160930951,5,0.001,0.1,1.0,0.9969927606587259,0.9967847426497128,0.9971901410664945,0.9972833904530368,0.9971562432462411,0.9969433478528631,0.996829077464804,0.996196034910446,0.9965254513453145,0.9971704819133056,0.9968048660089666
6,1,1.409574542987119,0.63652,5000,1.799923883544074,0.617505995203837,834,1.793618170978924,0.6154,0.9988669151294796,0.08335073205467532,,,0.95,,0.95001498149061,0.04998501850938997,0.9980617368917748,0.09986169160930951,5,0.001,0.1,0.9969927606587259,1.0,0.9970356955058151,0.9968697289831198,0.9973765612734384,0.997522385664555,0.9969298959135748,0.9977615547301404,0.99751217538747,0.9977870726765087,0.9970928778326243,0.9969979907909671
6,2,1.4332649424577215,0.63468,5000,1.7773521388018574,0.617505995203837,834,1.793618170978924,0.6154,0.9986107452260039,0.08333092090824724,,,0.95,,0.95001498149061,0.04998501850938997,0.9980617368917748,0.09986169160930951,5,0.001,0.1,0.9967847426497128,0.9970356955058151,1.0,0.9968465827267273,0.9974170906311458,0.9972464838797738,0.9970776223968649,0.9966666895483027,0.9968360146520149,0.9972651107024137,0.9969649628271829,0.9966688001124415
6,3,1.429736946494716,0.60632,5000,1.798022053859852,0.6378896882494005,834,1.793618170978924,0.6154,0.9982225372857714,0.08330275202408823,,,0.95,,0.95001498149061,0.04998501850938997,0.9980617368917748,0.09986169160930951,5,0.001,0.1,0.9971901410664945,0.9968697289831198,0.9968465827267273,1.0,0.9969980673189986,0.9968916914526155,0.9966018267484307,0.9966162507397687,0.9960954321427067,0.9958862296027837,0.9964558184101875,0.9957074470331689
6,4,1.426512602104503,0.64996,5000,1.776079049816838,0.6338535414165666,833,1.793618170978924,0.6154,0.9988591414011212,0.08334093684387715,,,0.95,,0.95001498149061,0.04998501850938997,0.9980617368917748,0.09986169160930951,5,0.001,0.1,0.9972833904530368,0.9973765612734384,0.9974170906311458,0.9969980673189986,1.0,0.9974352760034014,0.9975899927767412,0.9974184615898699,0.9969718738347927,0.9977405685528301,0.9970179449393639,0.9965370682326385
6,5,1.42016368717145,0.62964,5000,1.7924666625482064,0.5906362545018007,833,1.793618170978924,0.6154,0.9987506518776059,0.08335368708502312,,,0.95,,0.95001498149061,0.04998501850938997,0.9980617368917748,0.09986169160930951,5,0.001,0.1,0.9971562432462411,0.997522385664555,0.9972464838797738,0.9968916914526155,0.9974352760034014,1.0,0.9969727290790847,0.9974258796885701,0.9969377557152769,0.9975703670266908,0.9967642095417527,0.9965622233697395
6,6,1.4321851797164626,0.65052,5000,1.7916801814679746,0.6062424969987995,833,1.793618170978924,0.6154,0.9985268727167842,0.08332423315937809,,,0.95,,0.95001498149061,0.04998501850938997,0.9980617368917748,0.09986169160930951,5,0.001,0.1,0.9969433478528631,0.9969298959135748,0.9970776223968649,0.9966018267484307,0.9975899927767412,0.9969727290790847,1.0,0.9971148300936752,0.9958340136594718,0.9971206322906635,0.9969409490760817,0.9966794308638227
6,7,1.4145572068584953,0.63172,5000,1.808705493255898,0.5942376950780313,833,1.793618170978924,0.6154,0.998711571026706,0.083332238024483,,,0.95,,0.95001498149061,0.04998501850938997,0.9980617368917748,0.09986169160930951,5,0.001,0.1,0.996829077464804,0.9977615547301404,0.9966666895483027,0.9966162507397687,0.9974184615898699,0.9974258796885701,0.9971148300936752,1.0,0.9966299549215183,0.9979059341202047,0.996492241086095,0.997156820823716
6,8,1.4261202655020793,0.62644,5000,1.8161718050638835,0.5942376950780313,833,1.793618170978924,0.6154,0.9984518143014964,0.08333868698722488,,,0.95,,0.95001498149061,0.04998501850938997,0.9980617368917748,0.09986169160930951,5,0.001,0.1,0.996196034910446,0.99751217538747,0.9968360146520149,0.9960954321427067,0.9969718738347927,0.9969377557152769,0.9958340136594718,0.9966299549215183,1.0,0.9974764029106895,0.9971566051809446,0.9972577235004519
6,9,1.4166752208570006,0.63516,5000,1.7847966794614438,0.6422569027611045,833,1.793618170978924,0.6154,0.9988606111759533,0.08335593100482144,,,0.95,,0.95001498149061,0.04998501850938997,0.9980617368917748,0.09986169160930951,5,0.001,0.1,0.9965254513453145,0.9977870726765087,0.9972651107024137,0.9958862296027837,0.9977405685528301,0.9975703670266908,0.9971206322906635,0.9979059341202047,0.9974764029106895,1.0,0.9972927179668806,0.9972321203825957
6,10,1.4396766605650544,0.61908,5000,1.791226311966225,0.6290516206482593,833,1.793618170978924,0.6154,0.9986047885246655,0.08332215566374024,,,0.95,,0.95001498149061,0.04998501850938997,0.9980617368917748,0.09986169160930951,5,0.001,0.1,0.9971704819133056,0.9970928778326243,0.9969649628271829,0.9964558184101875,0.9970179449393639,0.9967642095417527,0.9969409490760817,0.996492241086095,0.9971566051809446,0.9972927179668806,1.0,0.9973901190173875
6,11,1.4314691302882638,0.63388,5000,1.805690632926093,0.5978391356542617,833,1.793618170978924,0.6154,0.9984592775689313,0.08332464583635814,,,0.95,,0.95001498149061,0.04998501850938997,0.9980617368917748,0.09986169160930951,5,0.001,0.1,0.9968048660089666,0.9969979907909671,0.9966688001124415,0.9957074470331689,0.9965370682326385,0.9965622233697395,0.9966794308638227,0.997156820823716,0.9972577235004519,0.9972321203825957,0.9973901190173875,1.0
7,0,1.3248866978724292,0.64492,5000,1.6787131362491183,0.6366906474820144,834,1.6787656518978813,0.6297,0.9984470775117167,0.08332694899657118,,,0.95,,0.95001498149061,0.04998501850938997,0.9981590965257615,0.09984439893162117,5,0.001,0.1,1.0,0.9967831105370113,0.9961720620705986,0.9969028738171869,0.9968741362629732,0.9971234340141023,0.9967051185187481,0.9965991164250709,0.9959348108769446,0.9963965775797764,0.9969606217176405,0.996343545525067
7,1,1.3052430853722201,0.65464,5000,1.6860483752356634,0.6247002398081535,834,1.6787656518978813,0.6297,0.9987445277215591,0.08335350788266212,,,0.95,,0.95001498149061,0.04998501850938997,0.9981590965257615,0.09984439893162117,5,0.001,0.1,0.9967831105370113,1.0,0.9967009184054879,0.9966532557538426,0.997086184184769,0.9970360209186917,0.9966094169705458,0.9973478269051754,0.9973198432154271,0.9975696819467565,0.996539389279465,0.9967120623488102
7,2,1.3284042944574053,0.6518,5000,1.6584412345179804,0.63189448441247,834,1.6787656518978813,0.6297,0.998357075589403,0.0833288523185404,,,0.95,,0.95001498149061,0.04998501850938997,0.9981590965257615,0.09984439893162117,5,0.001,0.1,0.9961720620705986,0.9967009184054879,1.0,0.9963463271651611,0.9970848474632054,0.9966428594322989,0.99660990420305,0.9959268176029514,0.9964311002338095,0.997088935125363,0.9962852557421922,0.9964272616272494
