round,client_id,client_i_training_loss,client_i_training_accuracy,client_i_training_dataset_size,client_i_evaluation_loss,client_i_evaluation_accuracy,client_i_evaluation_dataset_size,client_i_central_evaluation_loss,client_i_central_evaluation_accuracy,client_i_cosine_similarity,client_i_importance_coefficient,client_i_tanh_val,tanh_normalization_value,client_i_q,client_i_mask_order,client_i_v_nonzero_fraction,client_i_v_sparsity,client_i_v_cosine_similarity,client_i_reward_gradient_norm,local_epochs,learning_rate,gamma,client_0_cosine_similarity,client_1_cosine_similarity,client_2_cosine_similarity,client_3_cosine_similarity,client_4_cosine_similarity,client_5_cosine_similarity,client_6_cosine_similarity,client_7_cosine_similarity,client_8_cosine_similarity,client_9_cosine_similarity,client_10_cosine_similarity,client_11_cosine_similarity
0,0,2.2284943483437702,0.34892,5000,2.2679714185220226,0.16666666666666666,834,2.2656457180413194,0.1591,0.9944451967617141,0.08321170996748652,,,0.99,,0.9900107286803723,0.00998927131962768,0,0.09958986965139609,5,0.001,0.1,1.0,0.9911905423642379,0.9877564891023911,0.9898772156855009,0.9917322547635173,0.9923264777435222,0.9882371077595813,0.9890823223914721,0.9888937811069887,0.9892427282251721,0.9899843032732382,0.9860768187383085
0,1,2.228391881505395,0.35004,5000,2.2651964028676352,0.14628297362110312,834,2.2656457180413194,0.1591,0.9967939535984411,0.08340824575781294,,,0.99,,0.9900107286803723,0.00998927131962768,0,0.09958986965139609,5,0.001,0.1,0.9911905423642379,1.0,0.9900408276703723,0.9891545146074826,0.99272797018395,0.993859569574086,0.9909665722202518,0.9944142424452809,0.9922907058599677,0.9937289898225838,0.9934067057797664,0.9906888872143227
0,2,2.2247163641984296,0.36276,5000,2.263407592420225,0.17386091127098321,834,2.2656457180413194,0.1591,0.9960692774307955,0.08334760738047567,,,0.99,,0.9900107286803723,0.00998927131962768,0,0.09958986965139609,5,0.001,0.1,0.9877564891023911,0.9900408276703723,1.0,0.9912430561873168,0.9914044903402097,0.9888974806191284,0.9915184651229589,0.9915002024049211,0.9931056417160258,0.9943901733245607,0.9922601909354702,0.9916920620750908
0,3,2.227269239182685,0.35372,5000,2.2681008356588857,0.1498800959232614,834,2.2656457180413194,0.1591,0.995099278762107,0.08326644127081916,,,0.99,,0.9900107286803723,0.00998927131962768,0,0.09958986965139609,5,0.001,0.1,0.9898772156855009,0.9891545146074826,0.9912430561873168,1.0,0.9901065459443774,0.99121606668294,0.9906678428227897,0.9877842862909949,0.9931793593515418,0.9904194327010774,0.987430357511733,0.991138155804915
0,4,2.229975689444572,0.31284,5000,2.26530674651817,0.16926770708283315,833,2.2656457180413194,0.1591,0.996521739865313,0.08338546786086701,,,0.99,,0.9900107286803723,0.00998927131962768,0,0.09958986965139609,5,0.001,0.1,0.9917322547635173,0.99272797018395,0.9914044903402097,0.9901065459443774,1.0,0.9931465208312056,0.9901481571634136,0.9943568722798369,0.9920411256823587,0.9913047232234674,0.9934535707207361,0.9887941279832168
0,5,2.2250268389464942,0.36428,5000,2.2628663469243935,0.16806722689075632,833,2.2656457180413194,0.1591,0.9960504179823658,0.08334602928752698,,,0.99,,0.9900107286803723,0.00998927131962768,0,0.09958986965139609,5,0.001,0.1,0.9923264777435222,0.993859569574086,0.9888974806191284,0.99121606668294,0.9931465208312056,1.0,0.991018349787605,0.9931880808559403,0.9893782682113589,0.9922037562636037,0.988513397034956,0.9898357252269112
0,6,2.2269049653581754,0.31724,5000,2.264912207921346,0.16926770708283315,833,2.2656457180413194,0.1591,0.9955065433649336,0.08330051975409886,,,0.99,,0.9900107286803723,0.00998927131962768,0,0.09958986965139609,5,0.001,0.1,0.9882371077595813,0.9909665722202518,0.9915184651229589,0.9906678428227897,0.9901481571634136,0.991018349787605,1.0,0.9938156957412388,0.9909320660778408,0.9919890774371578,0.9871134244443548,0.9906772069012326
0,7,2.2270930484601648,0.29836,5000,2.2620234666047274,0.16206482593037214,833,2.2656457180413194,0.1591,0.9966290386291313,0.08339444624765373,,,0.99,,0.9900107286803723,0.00998927131962768,0,0.09958986965139609,5,0.001,0.1,0.9890823223914721,0.9944142424452809,0.9915002024049211,0.9877842862909949,0.9943568722798369,0.9931880808559403,0.9938156957412388,1.0,0.9915991953827206,0.9936712333640244,0.9922361012717599,0.9888504316515025
0,8,2.2291734868553794,0.34088,5000,2.266363170411852,0.16926770708283315,833,2.2656457180413194,0.1591,0.9964066082491179,0.08337583404827872,,,0.99,,0.9900107286803723,0.00998927131962768,0,0.09958986965139609,5,0.001,0.1,0.9888937811069887,0.9922907058599677,0.9931056417160258,0.9931793593515418,0.9920411256823587,0.9893782682113589,0.9909320660778408,0.9915991953827206,1.0,0.9940780655058701,0.9913081103876191,0.9910341278732251
0,9,2.2271694769525223,0.35544,5000,2.2608217045112893,0.16326530612244897,833,2.2656457180413194,0.1591,0.9968939534271964,0.08341661339513905,,,0.99,,0.9900107286803723,0.00998927131962768,0,0.09958986965139609,5,0.001,0.1,0.9892427282251721,0.9937289898225838,0.9943901733245607,0.9904194327010774,0.9913047232234674,0.9922037562636037,0.9919890774371578,0.9936712333640244,0.9940780655058701,1.0,0.9915093094781814,0.9911271154116981
0,10,2.226373685848941,0.32808,5000,2.2705984468813294,0.12965186074429771,833,2.2656457180413194,0.1591,0.9954895974444314,0.08329910177850147,,,0.99,,0.9900107286803723,0.00998927131962768,0,0.09958986965139609,5,0.001,0.1,0.9899843032732382,0.9934067057797664,0.9922601909354702,0.987430357511733,0.9934535707207361,0.988513397034956,0.9871134244443548,0.9922361012717599,0.9913081103876191,0.9915093094781814,1.0,0.9896659777961229
0,11,2.225658477491634,0.33964,5000,2.263427972793579,0.14165666266506602,833,2.2656457180413194,0.1591,0.9948786909527709,0.08324798325133995,,,0.99,,0.9900107286803723,0.00998927131962768,0,0.09958986965139609,5,0.001,0.1,0.9860768187383085,0.9906888872143227,0.9916920620750908,0.991138155804915,0.9887941279832168,0.9898357252269112,0.9906772069012326,0.9888504316515025,0.9910341278732251,0.9911271154116981,0.9896659777961229,1.0
1,0,2.1250712672616268,0.47592,5000,2.2167383388236717,0.2793764988009592,834,2.215423790410685,0.3046,0.9967473004220686,0.08323058359793624,,,0.99,,0.9900107286803723,0.00998927131962768,0.959324146005318,0.0997619059232256,5,0.001,0.1,1.0,0.9947661058667165,0.9931188894605324,0.9938530416992407,0.9952578725090845,0.9957649279026305,0.9932391744696285,0.9939802015068927,0.993222453711526,0.9932728667064095,0.9943138560525288,0.9917055470840426
1,1,2.1261719645967907,0.5038,5000,2.216530172913163,0.302158273381295,834,2.215423790410685,0.3046,0.9981298487355139,0.08339579163422911,,,0.99,,0.9900107286803723,0.00998927131962768,0.959324146005318,0.0997619059232256,5,0.001,0.1,0.9947661058667165,1.0,0.9942504437655468,0.9936473853673489,0.996282901287331,0.9964313948946039,0.9942484371499004,0.9968020620177334,0.995595354022374,0.9959831056971722,0.9963296083392118,0.994694069551679
1,2,2.1183382950011334,0.48184,5000,2.212829183649134,0.3261390887290168,834,2.215423790410685,0.3046,0.9977511894916322,0.08334636580361111,,,0.99,,0.9900107286803723,0.00998927131962768,0.959324146005318,0.0997619059232256,5,0.001,0.1,0.9931188894605324,0.9942504437655468,1.0,0.995364944214273,0.9946160874521676,0.9936159765577116,0.9953862495715392,0.9953052727224578,0.9959244090702623,0.9964049379030522,0.9955141738082445,0.995001958237684
1,3,2.1249427303387103,0.49192,5000,2.2181677994904696,0.2841726618705036,834,2.215423790410685,0.3046,0.9972134548397286,0.08327921065251495,,,0.99,,0.9900107286803723,0.00998927131962768,0.959324146005318,0.0997619059232256,5,0.001,0.1,0.9938530416992407,0.9936473853673489,0.995364944214273,1.0,0.9939322743501019,0.9951634669055168,0.9942481364901941,0.9936941321586524,0.9956624005246353,0.9941695074332675,0.9934590247382895,0.9948800284832513
1,4,2.1285918304115343,0.45744,5000,2.2147190129315413,0.3217286914765906,833,2.215423790410685,0.3046,0.9979148755680106,0.08337487709101997,,,0.99,,0.9900107286803723,0.00998927131962768,0.959324146005318,0.0997619059232256,5,0.001,0.1,0.9952578725090845,0.996282901287331,0.9946160874521676,0.9939322743501019,1.0,0.9961834074271915,0.9940106887712178,0.9967322914437086,0.9952732746809702,0.9941888264895303,0.9963769360561769,0.9936055284388272
1,5,2.1190370697884044,0.50648,5000,2.211899430663497,0.2965186074429772,833,2.215423790410685,0.3046,0.9978140357431592,0.08334742686183966,,,0.99,,0.9900107286803723,0.00998927131962768,0.959324146005318,0.0997619059232256,5,0.001,0.1,0.9957649279026305,0.9964313948946039,0.9936159765577116,0.9951634669055168,0.9961834074271915,1.0,0.9943567987465844,0.9962716879646971,0.9937994117133134,0.9948209461318933,0.9943495106913643,0.9944996131442047
1,6,2.1231773560214195,0.47056,5000,2.213535776844731,0.3205282112845138,833,2.215423790410685,0.3046,0.9973198084354459,0.08330355066187732,,,0.99,,0.9900107286803723,0.00998927131962768,0.959324146005318,0.0997619059232256,5,0.001,0.1,0.9932391744696285,0.9942484371499004,0.9953862495715392,0.9942481364901941,0.9940106887712178,0.9943567987465844,1.0,0.9963815524346195,0.9943414372082382,0.9949059305306597,0.9932949443400579,0.9949284278624827
1,7,2.1220056778306415,0.4564,5000,2.209820093931975,0.3013205282112845,833,2.215423790410685,0.3046,0.9982489262588344,0.08339117082104316,,,0.99,,0.9900107286803723,0.00998927131962768,0.959324146005318,0.0997619059232256,5,0.001,0.1,0.9939802015068927,0.9968020620177334,0.9953052727224578,0.9936941321586524,0.9967322914437086,0.9962716879646971,0.9963815524346195,1.0,0.9951988838164628,0.9957983650694958,0.9959174181038538,0.9943742411743025
1,8,2.1278801831470173,0.48308,5000,2.2179384496476917,0.3013205282112845,833,2.215423790410685,0.3046,0.9977578363208178,0.08336389659255204,,,0.99,,0.9900107286803723,0.00998927131962768,0.959324146005318,0.0997619059232256,5,0.001,0.1,0.993222453711526,0.995595354022374,0.9959244090702623,0.9956624005246353,0.9952732746809702,0.9937994117133134,0.9943414372082382,0.9951988838164628,1.0,0.9957380111363888,0.9947569733941121,0.9950677558641896
1,9,2.1226371259446357,0.48372,5000,2.212030393105966,0.31932773109243695,833,2.215423790410685,0.3046,0.9977690275408815,0.08338927478573144,,,0.99,,0.9900107286803723,0.00998927131962768,0.959324146005318,0.0997619059232256,5,0.001,0.1,0.9932728667064095,0.9959831056971722,0.9964049379030522,0.9941695074332675,0.9941888264895303,0.9948209461318933,0.9949059305306597,0.9957983650694958,0.9957380111363888,1.0,0.9948648339301854,0.9945632009516189
1,10,2.1211768227777665,0.4436,5000,2.22008192980731,0.2965186074429772,833,2.215423790410685,0.3046,0.9976243058413217,0.08331251233762238,,,0.99,,0.9900107286803723,0.00998927131962768,0.959324146005318,0.0997619059232256,5,0.001,0.1,0.9943138560525288,0.9963296083392118,0.9955141738082445,0.9934590247382895,0.9963769360561769,0.9943495106913643,0.9932949443400579,0.9959174181038538,0.9947569733941121,0.9948648339301854,1.0,0.9938064650595673
1,11,2.11996569466439,0.49508,5000,2.2104928581802934,0.30612244897959184,833,2.215423790410685,0.3046,0.9971345373184373,0.08326533916002264,,,0.99,,0.9900107286803723,0.00998927131962768,0.959324146005318,0.0997619059232256,5,0.001,0.1,0.9917055470840426,0.994694069551679,0.995001958237684,0.9948800284832513,0.9936055284388272,0.9944996131442047,0.9949284278624827,0.9943742411743025,0.9950677558641896,0.9945632009516189,0.9938064650595673,1.0
2,0,1.9853160010781257,0.5334,5000,2.154553766603823,0.5311750599520384,834,2.1540559960630374,0.5343,0.9977818897601727,0.08325108456797363,,,0.99,,0.9900107286803723,0.00998927131962768,0.9856913667120023,0.09983777620136693,5,0.001,0.1,1.0,0.9962251831031556,0.9958798020479245,0.9957903653784839,0.9965538882492712,0.9970042285262036,0.9953900254564593,0.9958287773442961,0.9953277991686509,0.9955237631667097,0.9960346494352919,0.9944058709335716
2,1,1.9851158617408413,0.57112,5000,2.156637571476124,0.5179856115107914,834,2.1540559960630374,0.5343,0.9987261693348267,0.0833828845036205,,,0.99,,0.9900107286803723,0.00998927131962768,0.9856913667120023,0.09983777620136693,5,0.001,0.1,0.9962251831031556,1.0,0.9963241426836924,0.9955814665258536,0.9972705631760722,0.9975731580124219,0.9963723740770708,0.997666940709293,0.996861691738241,0.9973927840364464,0.9974595829043963,0.996540653632716
2,2,1.9754137124225593,0.53468,5000,2.150603100105568,0.5467625899280576,834,2.1540559960630374,0.5343,0.998534720880558,0.08334639258033262,,,0.99,,0.9900107286803723,0.00998927131962768,0.9856913667120023,0.09983777620136693,5,0.001,0.1,0.9958798020479245,0.9963241426836924,1.0,0.9969761618150701,0.9964432478430431,0.9959590192725583,0.9970607827143936,0.9965500893827315,0.9971951126624965,0.997249801392104,0.9970376716434658,0.996303095081819
2,3,1.985178935451872,0.55156,5000,2.1571683088938394,0.49160671462829736,834,2.1540559960630374,0.5343,0.9980219021559539,0.08328865417435678,,,0.99,,0.9900107286803723,0.00998927131962768,0.9856913667120023,0.09983777620136693,5,0.001,0.1,0.9957903653784839,0.9955814665258536,0.9969761618150701,1.0,0.9956939425025496,0.9966272828526738,0.9960500333609376,0.9956671422279136,0.9969098677994079,0.9959791811685226,0.9955733019504409,0.9959900702844873
2,4,1.9897831991219976,0.539,5000,2.152727003450747,0.5510204081632653,833,2.1540559960630374,0.5343,0.9985910175178968,0.08336569538241355,,,0.99,,0.9900107286803723,0.00998927131962768,0.9856913667120023,0.09983777620136693,5,0.001,0.1,0.9965538882492712,0.9972705631760722,0.9964432478430431,0.9956939425025496,1.0,0.9972924124225786,0.9964454679073661,0.9978472027133815,0.996576963655119,0.9964355865644081,0.997456419855007,0.995634754899189
2,5,1.974210229193329,0.57284,5000,2.149851083755493,0.5438175270108043,833,2.1540559960630374,0.5343,0.9985554286747531,0.08334771172808429,,,0.99,,0.9900107286803723,0.00998927131962768,0.9856913667120023,0.09983777620136693,5,0.001,0.1,0.9970042285262036,0.9975731580124219,0.9959590192725583,0.9966272828526738,0.9972924124225786,1.0,0.9962512552468707,0.9974309543522434,0.9957836428412623,0.996678910194157,0.996315116232079,0.9963106124721858
2,6,1.981833951184704,0.55384,5000,2.1510724933059127,0.539015606242497,833,2.1540559960630374,0.5343,0.9982994844568988,0.08331254151281177,,,0.99,,0.9900107286803723,0.00998927131962768,0.9856913667120023,0.09983777620136693,5,0.001,0.1,0.9953900254564593,0.9963723740770708,0.9970607827143936,0.9960500333609376,0.9964454679073661,0.9962512552468707,1.0,0.997486466084067,0.9961670604286854,0.9965445722770626,0.9957503779094262,0.9966426271738826
2,7,1.9788682831320794,0.55528,5000,2.1459384582660816,0.5654261704681873,833,2.1540559960630374,0.5343,0.9987281514136457,0.08338011459092935,,,0.99,,0.9900107286803723,0.00998927131962768,0.9856913667120023,0.09983777620136693,5,0.001,0.1,0.9958287773442961,0.997666940709293,0.9965500893827315,0.9956671422279136,0.9978472027133815,0.9974309543522434,0.997486466084067,1.0,0.9966074065091056,0.9969091901890699,0.9973001741217301,0.9959976736938634
2,8,1.9884058808065523,0.54476,5000,2.158791259483055,0.5258103241296519,833,2.1540559960630374,0.5343,0.9983809511192772,0.0833521805772087,,,0.99,,0.9900107286803723,0.00998927131962768,0.9856913667120023,0.09983777620136693,5,0.001,0.1,0.9953277991686509,0.996861691738241,0.9971951126624965,0.9969098677994079,0.996576963655119,0.9957836428412623,0.9961670604286854,0.9966074065091056,1.0,0.9968642547739913,0.9966634051462758,0.9961774277613649
2,9,1.98053643217512,0.54776,5000,2.1524978743659124,0.5222088835534213,833,2.1540559960630374,0.5343,0.9984913683507263,0.08337130881172364,,,0.99,,0.9900107286803723,0.00998927131962768,0.9856913667120023,0.09983777620136693,5,0.001,0.1,0.9955237631667097,0.9973927840364464,0.997249801392104,0.9959791811685226,0.9964355865644081,0.996678910194157,0.9965445722770626,0.9969091901890699,0.9968642547739913,1.0,0.9967340442027639,0.9961435122014746
2,10,1.9781140764807439,0.5172,5000,2.1588349960468434,0.5222088835534213,833,2.1540559960630374,0.5343,0.9984690155983065,0.0833235097869811,,,0.99,,0.9900107286803723,0.00998927131962768,0.9856913667120023,0.09983777620136693,5,0.001,0.1,0.9960346494352919,0.9974595829043963,0.9970376716434658,0.9955733019504409,0.997456419855007,0.996315116232079,0.9957503779094262,0.9973001741217301,0.9966634051462758,0.9967340442027639,1.0,0.9958652601919756
2,11,1.9762746267257982,0.571,5000,2.1461981932322183,0.5546218487394958,833,2.1540559960630374,0.5343,0.997952965325497,0.08327792178356422,,,0.99,,0.9900107286803723,0.00998927131962768,0.9856913667120023,0.09983777620136693,5,0.001,0.1,0.9944058709335716,0.996540653632716,0.996303095081819,0.9959900702844873,0.995634754899189,0.9963106124721858,0.9966426271738826,0.9959976736938634,0.9961774277613649,0.9961435122014746,0.9958652601919756,1.0
3,0,1.830053968034732,0.56708,5000,2.079715092976888,0.5947242206235012,834,2.0799273157272093,0.5981,0.9982842523017273,0.08326941259800442,,,0.99,,0.9900107286803723,0.00998927131962768,0.9943479748545845,0.099870200799427,5,0.001,0.1,1.0,0.99694764610893,0.9967947181850932,0.9966187438272642,0.9971790156629079,0.9975672177627504,0.9960959681352565,0.9964756395957025,0.9966817722270905,0.9966608340970029,0.9971020597794825,0.9957423179181554
3,1,1.8269805593855062,0.60264,5000,2.0837556521097818,0.5743405275779376,834,2.0799273157272093,0.5981,0.9989206685009773,0.08337077368471595,,,0.99,,0.9900107286803723,0.00998927131962768,0.9943479748545845,0.099870200799427,5,0.001,0.1,0.99694764610893,1.0,0.996983094488282,0.9965432182363033,0.997743524400433,0.9979259401251773,0.9971559148792462,0.9978670119022781,0.9973451588728369,0.998084309515815,0.9977343039181393,0.9971574153840547
3,2,1.8162730982349178,0.56896,5000,2.0753296746148004,0.6091127098321343,834,2.0799273157272093,0.5981,0.9987627700028832,0.08334330036404025,,,0.99,,0.9900107286803723,0.00998927131962768,0.9943479748545845,0.099870200799427,5,0.001,0.1,0.9967947181850932,0.996983094488282,1.0,0.9972784380513687,0.9969388716486175,0.9967106859359356,0.9975401492748512,0.997247253001059,0.9978252714653284,0.9977952819517891,0.9976001762001382,0.9968836309274915
3,3,1.828403934399793,0.58892,5000,2.083789931403266,0.5755395683453237,834,2.0799273157272093,0.5981,0.9983800971530596,0.08329554402938835,,,0.99,,0.9900107286803723,0.00998927131962768,0.9943479748545845,0.099870200799427,5,0.001,0.1,0.9966187438272642,0.9965432182363033,0.9972784380513687,1.0,0.9962015842375282,0.9972997585090635,0.9966098009067879,0.9965658903897853,0.9973662600013349,0.997042139416708,0.9965278435285968,0.9969604595456324
3,4,1.8342117853225417,0.57624,5000,2.0774552557203503,0.6134453781512605,833,2.0799273157272093,0.5981,0.9987514842519475,0.08335477282125149,,,0.99,,0.9900107286803723,0.00998927131962768,0.9943479748545845,0.099870200799427,5,0.001,0.1,0.9971790156629079,0.997743524400433,0.9969388716486175,0.9962015842375282,1.0,0.9975397382712987,0.9971715930133718,0.9979047350671983,0.9972262190088763,0.997383892490352,0.9976703483459477,0.996500908152778
3,5,1.8136386692144308,0.60252,5000,2.0749470348711365,0.6062424969987995,833,2.0799273157272093,0.5981,0.9988359610591289,0.08334647146900417,,,0.99,,0.9900107286803723,0.00998927131962768,0.9943479748545845,0.099870200799427,5,0.001,0.1,0.9975672177627504,0.9979259401251773,0.9967106859359356,0.9972997585090635,0.9975397382712987,1.0,0.9969423408808616,0.9977674230214273,0.9968416070628138,0.9975007730228816,0.9972860292719608,0.9970931552128524
3,6,1.8238411589033285,0.58784,5000,2.076231563532794,0.6014405762304922,833,2.0799273157272093,0.5981,0.9986105207118416,0.08331762877009825,,,0.99,,0.9900107286803723,0.00998927131962768,0.9943479748545845,0.099870200799427,5,0.001,0.1,0.9960959681352565,0.9971559148792462,0.9975401492748512,0.9966098009067879,0.9971715930133718,0.9969423408808616,1.0,0.9978604788285187,0.9971810756611117,0.9972405213324861,0.9965942835467028,0.9973808089365561
3,7,1.8178398114101142,0.59784,5000,2.068892068333096,0.6074429771908764,833,2.0799273157272093,0.5981,0.9988941547802926,0.0833682194316635,,,0.99,,0.9900107286803723,0.00998927131962768,0.9943479748545845,0.099870200799427,5,0.001,0.1,0.9964756395957025,0.9978670119022781,0.997247253001059,0.9965658903897853,0.9979047350671983,0.9977674230214273,0.9978604788285187,1.0,0.9973714135371612,0.9975159920502649,0.9977045084628419,0.9968892281244532
3,8,1.8307779052454956,0.5852,5000,2.0873438870465315,0.595438175270108,833,2.0799273157272093,0.5981,0.9988100309198632,0.08334837494129176,,,0.99,,0.9900107286803723,0.00998927131962768,0.9943479748545845,0.099870200799427,5,0.001,0.1,0.9966817722270905,0.9973451588728369,0.9978252714653284,0.9973662600013349,0.9972262190088763,0.9968416070628138,0.9971810756611117,0.9973714135371612,1.0,0.9977399136754932,0.9972836637458771,0.9973011522931142
3,9,1.822291195620397,0.58804,5000,2.0801438049033836,0.5942376950780313,833,2.0799273157272093,0.5981,0.9989439009787048,0.08336442515092511,,,0.99,,0.9900107286803723,0.00998927131962768,0.9943479748545845,0.099870200799427,5,0.001,0.1,0.9966608340970029,0.998084309515815,0.9977952819517891,0.997042139416708,0.997383892490352,0.9975007730228816,0.9972405213324861,0.9975159920502649,0.9977399136754932,1.0,0.9974891337215027,0.9973137143194459
3,10,1.8194384593113213,0.56492,5000,2.0848708152770996,0.581032412965186,833,2.0799273157272093,0.5981,0.9987728848957683,0.08332959482706495,,,0.99,,0.9900107286803723,0.00998927131962768,0.9943479748545845,0.099870200799427,5,0.001,0.1,0.9971020597794825,0.9977343039181393,0.9976001762001382,0.9965278435285968,0.9976703483459477,0.9972860292719608,0.9965942835467028,0.9977045084628419,0.9972836637458771,0.9974891337215027,1.0,0.9967258356004968
3,11,1.8161513952692603,0.60636,5000,2.069201213342172,0.6242496998799519,833,2.0799273157272093,0.5981,0.9984581502241688,0.0832914819125521,,,0.99,,0.9900107286803723,0.00998927131962768,0.9943479748545845,0.099870200799427,5,0.001,0.1,0.9957423179181554,0.9971574153840547,0.9968836309274915,0.9969604595456324,0.996500908152778,0.9970931552128524,0.9973808089365561,0.9968892281244532,0.9973011522931142,0.9973137143194459,0.9967258356004968,1.0
4,0,1.6812796820500853,0.59176,5000,1.9925184735545405,0.6306954436450839,834,1.9932718871119686,0.636,0.9984834265321115,0.08328371818128062,,,0.99,,0.9900107286803723,0.00998927131962768,0.9969768854105657,0.09988063253854201,5,0.001,0.1,1.0,0.9973048349170909,0.9971223912998174,0.9968147467347721,0.9972491756626581,0.997730225950228,0.99664416577015,0.9969169788286811,0.9970196393211538,0.997165039799084,0.9972494246437672,0.9962838811224628
4,1,1.674587363498226,0.62056,5000,1.9982843708108973,0.6163069544364509,834,1.9932718871119686,0.636,0.9990371078950414,0.08336374038413849,,,0.99,,0.9900107286803723,0.00998927131962768,0.9969768854105657,0.09988063253854201,5,0.001,0.1,0.9973048349170909,1.0,0.997361165314498,0.9969140007872874,0.9978708443902232,0.9980395855197913,0.9975635335239357,0.9979129158105139,0.9976179203234978,0.9982232318254987,0.9978194710626846,0.9975056686574321
4,2,1.6667392016975744,0.6004,5000,1.9872964134922735,0.6462829736211031,834,1.9932718871119686,0.636,0.9988629389611281,0.08334127316289687,,,0.99,,0.9900107286803723,0.00998927131962768,0.9969768854105657,0.09988063253854201,5,0.001,0.1,0.9971223912998174,0.997361165314498,1.0,0.997341568198598,0.9971141294441118,0.9971204660962976,0.997852698129696,0.9974686458953372,0.9978682359136312,0.9977611860148685,0.9978118808636073,0.9972247619661831
4,3,1.6780759785585342,0.61272,5000,1.998136281967163,0.6115107913669064,834,1.9932718871119686,0.636,0.9984850689063681,0.08329979462830117,,,0.99,,0.9900107286803723,0.00998927131962768,0.9969768854105657,0.09988063253854201,5,0.001,0.1,0.9968147467347721,0.9969140007872874,0.997341568198598,1.0,0.9963021999341471,0.9974860400119271,0.9968780677467337,0.9969687437503489,0.9973693917518208,0.9973146526966027,0.9969068256482351,0.9972237441803044
4,4,1.6841701170441452,0.60036,5000,1.9891323645909627,0.6566626650660264,833,1.9932718871119686,0.636,0.9987858538403196,0.08334582015320569,,,0.99,,0.9900107286803723,0.00998927131962768,0.9969768854105657,0.09988063253854201,5,0.001,0.1,0.9972491756626581,0.9978708443902232,0.9971141294441118,0.9963021999341471,1.0,0.9976631312329104,0.9974053711887212,0.9979846909060388,0.997427885985567,0.9974779670566459,0.9976715933920013,0.9969548801100674
4,5,1.660195943656241,0.62196,5000,1.9874865699697424,0.6446578631452581,833,1.9932718871119686,0.636,0.9989396497272298,0.08334569332667292,,,0.99,,0.9900107286803723,0.00998927131962768,0.9969768854105657,0.09988063253854201,5,0.001,0.1,0.997730225950228,0.9980395855197913,0.9971204660962976,0.9974860400119271,0.9976631312329104,1.0,0.9973226130739169,0.9979591342878605,0.9970534834320138,0.9977364602978916,0.9974347923827739,0.9974205363114631
4,6,1.6738527846184506,0.61104,5000,1.9889320267571344,0.6470588235294118,833,1.9932718871119686,0.636,0.9987905494229274,0.08332319546040748,,,0.99,,0.9900107286803723,0.00998927131962768,0.9969768854105657,0.09988063253854201,5,0.001,0.1,0.99664416577015,0.9975635335239357,0.997852698129696,0.9968780677467337,0.9974053711887212,0.9973226130739169,1.0,0.9978860047725502,0.997261259176576,0.9973163692614212,0.9973249718903772,0.9977246538140474
4,7,1.6640967151921267,0.6194,5000,1.978839017726757,0.6326530612244898,833,1.9932718871119686,0.636,0.9989508986689827,0.08335939192208672,,,0.99,,0.9900107286803723,0.00998927131962768,0.9969768854105657,0.09988063253854201,5,0.001,0.1,0.9969169788286811,0.9979129158105139,0.9974686458953372,0.9969687437503489,0.9979846909060388,0.9979591342878605,0.9978860047725502,1.0,0.99761001671312,0.9974744498839175,0.9977686421657384,0.9971495950968268
4,8,1.679023771528985,0.61204,5000,2.003816432423062,0.6326530612244898,833,1.9932718871119686,0.636,0.9988479585505856,0.0833439013630547,,,0.99,,0.9900107286803723,0.00998927131962768,0.9969768854105657,0.09988063253854201,5,0.001,0.1,0.9970196393211538,0.9976179203234978,0.9978682359136312,0.9973693917518208,0.997427885985567,0.9970534834320138,0.997261259176576,0.99761001671312,1.0,0.9976983587851606,0.9975005745431393,0.997440378082628
4,9,1.672461237269602,0.61596,5000,1.9953965346018474,0.6326530612244898,833,1.9932718871119686,0.636,0.998964831296516,0.08335751496747591,,,0.99,,0.9900107286803723,0.00998927131962768,0.9969768854105657,0.09988063253854201,5,0.001,0.1,0.997165039799084,0.9982232318254987,0.9977611860148685,0.9973146526966027,0.9974779670566459,0.9977364602978916,0.9973163692614212,0.9974744498839175,0.9976983587851606,1.0,0.9975899663334795,0.9975096309974376
4,10,1.6692921075092,0.5956,5000,1.9986007699260004,0.6266506602641057,833,1.9932718871119686,0.636,0.9988738188306704,0.08333322023750563,,,0.99,,0.9900107286803723,0.00998927131962768,0.9969768854105657,0.09988063253854201,5,0.001,0.1,0.9972494246437672,0.9978194710626846,0.9978118808636073,0.9969068256482351,0.9976715933920013,0.9974347923827739,0.9973249718903772,0.9977686421657384,0.9975005745431393,0.9975899663334795,1.0,0.9970990925654453
4,11,1.6626990995589335,0.62584,5000,1.979701324745461,0.6542617046818727,833,1.9932718871119686,0.636,0.9986533961143745,0.08330273621297377,,,0.99,,0.9900107286803723,0.00998927131962768,0.9969768854105657,0.09988063253854201,5,0.001,0.1,0.9962838811224628,0.9975056686574321,0.9972247619661831,0.9972237441803044,0.9969548801100674,0.9974205363114631,0.9977246538140474,0.9971495950968268,0.997440378082628,0.9975096309974376,0.9970990925654453,1.0
5,0,1.5475642387274724,0.61076,5000,1.893814069253427,0.6402877697841727,834,1.8949235632015875,0.651,0.9986390766420036,0.08329871555550308,,,0.99,,0.9900107286803723,0.00998927131962768,0.9977282541256975,0.09987690570546061,5,0.001,0.1,1.0,0.9973465830871673,0.9972414483266064,0.997065996277478,0.9971658591162829,0.9977785941915591,0.9968833369321184,0.9971341994502391,0.9971572307849799,0.997248081222067,0.9973594739961632,0.9965382046679249
5,1,1.5377719611119314,0.63372,5000,1.9009104878814131,0.6258992805755396,834,1.8949235632015875,0.651,0.9989965973581025,0.0833593232279613,,,0.99,,0.9900107286803723,0.00998927131962768,0.9977282541256975,0.09987690570546061,5,0.001,0.1,0.9973465830871673,1.0,0.9974050052709835,0.996964060827042,0.9976238126345666,0.9978791829333774,0.9975001710921952,0.9976107844888259,0.9976053272733808,0.9980078152199784,0.9979497292051435,0.9973087482298916
5,2,1.5314196692910165,0.621,5000,1.8875308963987563,0.6654676258992805,834,1.8949235632015875,0.651,0.9987671801477406,0.08333814234761704,,,0.99,,0.9900107286803723,0.00998927131962768,0.9977282541256975,0.09987690570546061,5,0.001,0.1,0.9972414483266064,0.9974050052709835,1.0,0.997153381433625,0.9969467132207483,0.9969746661355897,0.9974858708882735,0.9972980181911903,0.9978634023746176,0.9974540949583357,0.9976114264062154,0.9970186413251768
5,3,1.541934454668859,0.62928,5000,1.9010902643203735,0.6235011990407674,834,1.8949235632015875,0.651,0.998425467326989,0.08330167965108314,,,0.99,,0.9900107286803723,0.00998927131962768,0.9977282541256975,0.09987690570546061,5,0.001,0.1,0.997065996277478,0.996964060827042,0.997153381433625,1.0,0.9960711012299913,0.9974078722420086,0.9965892034887818,0.9968290407082976,0.9970733203638014,0.9972428898666107,0.9969470838035253,0.9970149489597004
5,4,1.5492643029067168,0.6212,5000,1.8888316640147456,0.6650660264105642,833,1.8949235632015875,0.651,0.9986825242847501,0.08333819840506666,,,0.99,,0.9900107286803723,0.00998927131962768,0.9977282541256975,0.09987690570546061,5,0.001,0.1,0.9971658591162829,0.9976238126345666,0.9969467132207483,0.9960711012299913,1.0,0.997489876864015,0.9973960184817037,0.997771564561517,0.9971329837749178,0.997434677790957,0.9975283324826671,0.9968761912223281
5,5,1.5234414200114597,0.63972,5000,1.888122766106217,0.6554621848739496,833,1.8949235632015875,0.651,0.9988734809271128,0.08334428346392629,,,0.99,,0.9900107286803723,0.00998927131962768,0.9977282541256975,0.09987690570546061,5,0.001,0.1,0.9977785941915591,0.9978791829333774,0.9969746661355897,0.9974078722420086,0.997489876864015,1.0,0.997205060207285,0.9978597202751601,0.996860780615506,0.9976205756541014,0.9975759129000015,0.9970743618872933
5,6,1.5377015573203943,0.62532,5000,1.8901114993625217,0.673469387755102,833,1.8949235632015875,0.651,0.9987251149980025,0.08332569959609748,,,0.99,,0.9900107286803723,0.00998927131962768,0.9977282541256975,0.09987690570546061,5,0.001,0.1,0.9968833369321184,0.9975001710921952,0.9974858708882735,0.9965892034887818,0.9973960184817037,0.997205060207285,1.0,0.9978169262182424,0.9972213447710637,0.9970914510463258,0.9971659386977035,0.9975933898791409
5,7,1.5266882131054142,0.63864,5000,1.8767601913876004,0.6458583433373349,833,1.8949235632015875,0.651,0.9988860290459736,0.08335308835084566,,,0.99,,0.9900107286803723,0.00998927131962768,0.9977282541256975,0.09987690570546061,5,0.001,0.1,0.9971341994502391,0.9976107844888259,0.9972980181911903,0.9968290407082976,0.997771564561517,0.9978597202751601,0.9978169262182424,1.0,0.9974926356738657,0.9971836483401857,0.9978018463478847,0.9970777914697994
5,8,1.542862486763365,0.62964,5000,1.9093032545513577,0.6518607442977191,833,1.8949235632015875,0.651,0.9987877540220456,0.08334041793766678,,,0.99,,0.9900107286803723,0.00998927131962768,0.9977282541256975,0.09987690570546061,5,0.001,0.1,0.9971572307849799,0.9976053272733808,0.9978634023746176,0.9970733203638014,0.9971329837749178,0.996860780615506,0.9972213447710637,0.9974926356738657,1.0,0.997517830822766,0.9973945412155387,0.9973796403892286
5,9,1.5361291903599052,0.63424,5000,1.8988469176822238,0.6422569027611045,833,1.8949235632015875,0.651,0.9988970497370503,0.08335229308652628,,,0.99,,0.9900107286803723,0.00998927131962768,0.9977282541256975,0.09987690570546061,5,0.001,0.1,0.997248081222067,0.9980078152199784,0.9974540949583357,0.9972428898666107,0.997434677790957,0.9976205756541014,0.9970914510463258,0.9971836483401857,0.997517830822766,1.0,0.9977644972481509,0.9974429652951903
5,10,1.5343201649416784,0.62076,5000,1.900606632232666,0.6494597839135654,833,1.8949235632015875,0.651,0.9989315298407369,0.08333850846112241,,,0.99,,0.9900107286803723,0.00998927131962768,0.9977282541256975,0.09987690570546061,5,0.001,0.1,0.9973594739961632,0.9979497292051435,0.9976114264062154,0.9969470838035253,0.9975283324826671,0.9975759129000015,0.9971659386977035,0.9978018463478847,0.9973945412155387,0.9977644972481509,1.0,0.9973233821124623
5,11,1.5249669385563795,0.63496,5000,1.8784586411935311,0.673469387755102,833,1.8949235632015875,0.651,0.9986165377146926,0.08330964991658374,,,0.99,,0.9900107286803723,0.00998927131962768,0.9977282541256975,0.09987690570546061,5,0.001,0.1,0.9965382046679249,0.9973087482298916,0.9970186413251768,0.9970149489597004,0.9968761912223281,0.9970743618872933,0.9975933898791409,0.9970777914697994,0.9973796403892286,0.9974429652951903,0.9973233821124623,1.0
6,0,1.4315451326643585,0.62532,5000,1.7853647691232186,0.6510791366906474,834,1.786839534299442,0.6579,0.9984869563481364,0.0833070462197457,,,0.99,,0.9900107286803723,0.00998927131962768,0.9980584288031656,0.09986437163084583,5,0.001,0.1,1.0,0.9969560885755698,0.9966165205089993,0.9967670561928408,0.9965781354971454,0.9976124674122813,0.9966152721798993,0.9970854781337932,0.9968772808954557,0.9970256329843626,0.9970112016128697,0.9964485888783047
6,1,1.419281664243929,0.64752,5000,1.7935957334659718,0.6402877697841727,834,1.786839534299442,0.6579,0.9988467165462772,0.08335582363463805,,,0.99,,0.9900107286803723,0.00998927131962768,0.9980584288031656,0.09986437163084583,5,0.001,0.1,0.9969560885755698,1.0,0.9969916458408492,0.9965414862032744,0.9972764879078445,0.9977063434086204,0.9973273713384042,0.997440953161706,0.9971899237391105,0.9977053805946772,0.99781935315525,0.9969474733605638
6,2,1.4139191793028716,0.64296,5000,1.7779564769179732,0.6750599520383693,834,1.786839534299442,0.6579,0.9985680354073251,0.08333384054896996,,,0.99,,0.9900107286803723,0.00998927131962768,0.9980584288031656,0.09986437163084583,5,0.001,0.1,0.9966165205089993,0.9969916458408492,1.0,0.9967695531862192,0.9967450566110381,0.996734740836741,0.9970751888732702,0.9971534340210807,0.9974650271621773,0.9971089786338345,0.9971046190036937,0.9967991327344099
6,3,1.423271838267138,0.64436,5000,1.7946166903884322,0.6258992805755396,834,1.786839534299442,0.6579,0.9982340943529106,0.0833007027544691,,,0.99,,0.9900107286803723,0.00998927131962768,0.9980584288031656,0.09986437163084583,5,0.001,0.1,0.9967670561928408,0.9965414862032744,0.9967695531862192,1.0,0.9956612285071158,0.9971302227555251,0.9962884573801408,0.9964500998871075,0.9967628297246369,0.996955146907564,0.9965117631842498,0.9967260295934719
6,4,1.430577948138972,0.6348,5000,1.7784021386393793,0.6758703481392557,833,1.786839534299442,0.6579,0.9984911484293072,0.0833313933968538,,,0.99,,0.9900107286803723,0.00998927131962768,0.9980584288031656,0.09986437163084583,5,0.001,0.1,0.9965781354971454,0.9972764879078445,0.9967450566110381,0.9956612285071158,1.0,0.9970188824078305,0.9969955199962486,0.9975042234680485,0.9969350644880772,0.9971019534548676,0.9969899191667659,0.9968354414563808
6,5,1.404184784023625,0.65428,5000,1.7789765905450892,0.6578631452581032,833,1.786839534299442,0.6579,0.9988315811380227,0.08334611237713863,,,0.99,,0.9900107286803723,0.00998927131962768,0.9980584288031656,0.09986437163084583,5,0.001,0.1,0.9976124674122813,0.9977063434086204,0.996734740836741,0.9971302227555251,0.9970188824078305,1.0,0.9969382529309528,0.9977334532311453,0.996696874828896,0.9975480055973407,0.9974070404835312,0.9971958540527556
6,6,1.4204127759690497,0.64248,5000,1.7817811965942383,0.6794717887154862,833,1.786839534299442,0.6579,0.9986011947516382,0.08332728055854972,,,0.99,,0.9900107286803723,0.00998927131962768,0.9980584288031656,0.09986437163084583,5,0.001,0.1,0.9966152721798993,0.9973273713384042,0.9970751888732702,0.9962884573801408,0.9969955199962486,0.9969382529309528,1.0,0.997494955753542,0.9968354416493492,0.9968306206741051,0.9970380533041532,0.9975224886155989
6,7,1.407887182645737,0.65432,5000,1.7647957492757727,0.6506602641056423,833,1.786839534299442,0.6579,0.998840090908006,0.08335178640843899,,,0.99,,0.9900107286803723,0.00998927131962768,0.9980584288031656,0.09986437163084583,5,0.001,0.1,0.9970854781337932,0.997440953161706,0.9971534340210807,0.9964500998871075,0.9975042234680485,0.9977334532311453,0.997494955753542,1.0,0.9973283479070559,0.9969133177032067,0.9976389479769018,0.9970803125034658
6,8,1.423679230395396,0.6464,5000,1.8056469272684168,0.6554621848739496,833,1.786839534299442,0.6579,0.9986603914909703,0.08333821679158365,,,0.99,,0.9900107286803723,0.00998927131962768,0.9980584288031656,0.09986437163084583,5,0.001,0.1,0.9968772808954557,0.9971899237391105,0.9974650271621773,0.9967628297246369,0.9969350644880772,0.996696874828896,0.9968354416493492,0.9973283479070559,1.0,0.9973020986466994,0.9971693394662781,0.9971083835877729
6,9,1.417699643988518,0.64996,5000,1.792691049752412,0.6506602641056423,833,1.786839534299442,0.6579,0.9987769992719282,0.08334926244916922,,,0.99,,0.9900107286803723,0.00998927131962768,0.9980584288031656,0.09986437163084583,5,0.001,0.1,0.9970256329843626,0.9977053805946772,0.9971089786338345,0.996955146907564,0.9971019534548676,0.9975480055973407,0.9968306206741051,0.9969133177032067,0.9973020986466994,1.0,0.9973265752756965,0.9972499146551644
6,10,1.4156277403709994,0.63804,5000,1.7928691660916363,0.6554621848739496,833,1.786839534299442,0.6579,0.9987813526755641,0.08334094987587799,,,0.99,,0.9900107286803723,0.00998927131962768,0.9980584288031656,0.09986437163084583,5,0.001,0.1,0.9970112016128697,0.99781935315525,0.9971046190036937,0.9965117631842498,0.9969899191667659,0.9974070404835312,0.9970380533041532,0.9976389479769018,0.9971693394662781,0.9973265752756965,1.0,0.997103056441815
6,11,1.4061006097277258,0.64704,5000,1.7674518337956182,0.6770708283313326,833,1.786839534299442,0.6579,0.9986057336711861,0.08331758498456536,,,0.99,,0.9900107286803723,0.00998927131962768,0.9980584288031656,0.09986437163084583,5,0.001,0.1,0.9964485888783047,0.9969474733605638,0.9967991327344099,0.9967260295934719,0.9968354414563808,0.9971958540527556,0.9975224886155989,0.9970803125034658,0.9971083835877729,0.9972499146551644,0.997103056441815,1.0
7,0,1.3292972443210092,0.64016,5000,1.670149909125434,0.657074340527578,834,1.6718731036963173,0.6646,0.9983970900322907,0.08331465844269498,,,0.99,,0.9900107286803723,0.00998927131962768,0.9982132602614483,0.09984762328269134,5,0.001,0.1,1.0,0.9966324120575268,0.9964286898120782,0.9963685627633586,0.9962689953749506,0.9970629920396117,0.9964741680764719,0.9968520692186175,0.996773204354188,0.9967938528360981,0.9967309964064333,0.9961240568561569
7,1,1.3148045302955969,0.65988,5000,1.6789570384555392,0.6534772182254197,834,1.6718731036963173,0.6646,0.9987100169299437,0.08335467229594391,,,0.99,,0.9900107286803723,0.00998927131962768,0.9982132602614483,0.09984762328269134,5,0.001,0.1,0.9966324120575268,1.0,0.9966975747315889,0.9963493320789879,0.9970934068933284,0.9972162002819618,0.9971373865207848,0.9968056496129355,0.9966956962915011,0.9975101550728629,0.9973600604649872,0.9967595302168791
7,2,1.3102354230394788,0.65784,5000,1.6615898653312966,0.6786570743405276,834,1.6718731036963173,0.6646,0.9984071262739188,0.083331414406783,,,0.99,,0.9900107286803723,0.00998927131962768,0.9982132602614483,0.09984762328269134,5,0.001,0.1,0.9964286898120782,0.9966975747315889,1.0,0.9962039046524397,0.996293128464101,0.9962851787821163,0.9968141358456466,0.9967622149666664,0.9970298996897221,0.9967528053735383,0.9968812822183858,0.9964804167694904
