round,client_id,client_i_training_loss,client_i_training_accuracy,client_i_training_dataset_size,client_i_evaluation_loss,client_i_evaluation_accuracy,client_i_evaluation_dataset_size,client_i_central_evaluation_loss,client_i_central_evaluation_accuracy,client_i_cosine_similarity,client_i_importance_coefficient,client_i_tanh_val,tanh_normalization_value,client_i_q,client_i_mask_order,client_i_v_nonzero_fraction,client_i_v_sparsity,client_i_v_cosine_similarity,client_i_reward_gradient_norm,local_epochs,learning_rate,gamma,client_0_cosine_similarity,client_1_cosine_similarity,client_2_cosine_similarity,client_3_cosine_similarity,client_4_cosine_similarity,client_5_cosine_similarity,client_6_cosine_similarity,client_7_cosine_similarity,client_8_cosine_similarity,client_9_cosine_similarity,client_10_cosine_similarity,client_11_cosine_similarity
0,0,2.298577779712099,0.13174946004319654,4167,2.29799553326198,0.09832134292565947,834,2.2983893503116657,0.108,0.9505947762318268,0.08320163368922495,,,0.8681856420306965,,0.8682147513657144,0.13178524863428565,0,0.14280551859104398,10,0.025,0.15,1.0,0.9427592657670263,0.8913067821775598,0.8231667331461558,0.8603782095432524,0.911364350317643,0.8959202847668649,0.8577661824105054,0.9217376722613331,0.9064063087847235,0.9248915213016436,0.9250395285231955
0,1,2.299178059895833,0.14655627549796016,4167,2.298403263092041,0.11510791366906475,834,2.298387074772316,0.1082,0.9569845558438816,0.08376090470136378,,,0.9004953663643843,,0.9005380337013748,0.09946196629862525,0,0.14281220290728203,10,0.025,0.15,0.9427592657670263,1.0,0.9013223316100486,0.8312694035220788,0.892935512069279,0.8934455717638893,0.9046617908009044,0.8870415621274346,0.9247995994026348,0.9139914898642255,0.9241258547804514,0.9173835841227981
0,2,2.296651018749584,0.1431725461963043,4167,2.2984539440699985,0.11510791366906475,834,2.298400909085817,0.1081,0.9281217955345802,0.08123466652863398,,,0.7545517054369383,,0.7545922661781452,0.24540773382185477,0,0.14271818129254993,10,0.025,0.15,0.8913067821775598,0.9013223316100486,1.0,0.8043481630004177,0.8877041036012052,0.8890002357504088,0.8811421897123844,0.8296559578859826,0.8892218588193042,0.8452724070311518,0.9351061804458798,0.8498810969637446
0,3,2.2980679410876648,0.12692584593232542,4167,2.2971592290060863,0.11990407673860912,834,2.298401286330404,0.1081,0.9272216208905427,0.08115587796082128,,,0.75,,0.7500041260253173,0.2499958739746827,0,0.1427125252434746,10,0.025,0.15,0.8231667331461558,0.8312694035220788,0.8043481630004177,1.0,0.8822083745054141,0.9168323292530297,0.9181223787610776,0.9271281606359235,0.8730274285770914,0.8757660663748678,0.8612942386606249,0.8805072674732332
0,4,2.2977769656614826,0.1097672186225102,4167,2.2977339199611118,0.12244897959183673,833,2.2983893472937087,0.108,0.9506621067883434,0.08320752685468247,,,0.8685260969215319,,0.8685613374923669,0.13143866250763314,0,0.14280561528531666,10,0.025,0.15,0.8603782095432524,0.892935512069279,0.8877041036012052,0.8822083745054141,1.0,0.9050710708792878,0.9120983710574773,0.8905021350195741,0.9048557115293717,0.9293815030100074,0.9249438983263891,0.871415752386762
0,5,2.2983899701725354,0.12332613390928726,4167,2.3010451793670654,0.0936374549819928,833,2.2983867458150358,0.1082,0.9678229758490192,0.08470954682899264,,,0.9552995041969434,,0.9553399019656384,0.04466009803436155,0,0.14281463503912498,10,0.025,0.15,0.911364350317643,0.8934455717638893,0.8890002357504088,0.9168323292530297,0.9050710708792878,1.0,0.9414955807287559,0.899890808431512,0.9459514273526891,0.9047534651328024,0.9277378447525934,0.9220191730217963
0,6,2.2983226942293573,0.14149268058555314,4167,2.298431873321533,0.11284513805522209,833,2.298386763922776,0.1082,0.9644234441812115,0.08441199986617313,,,0.9381098767419848,,0.9381591325444373,0.06184086745556272,0,0.14281427759264645,10,0.025,0.15,0.8959202847668649,0.9046617908009044,0.8811421897123844,0.9181223787610776,0.9120983710574773,0.9414955807287559,1.0,0.922901802985884,0.9391999289554829,0.8948693260599503,0.9155630571283591,0.8927360359314759
0,7,2.299084627267086,0.11982241420686345,4167,2.298178570611136,0.11284513805522209,833,2.298390222501151,0.1081,0.9427594797976093,0.08251584256132666,,,0.8285667062876396,,0.8286049083197174,0.17139509168028255,0,0.14279770964674332,10,0.025,0.15,0.8577661824105054,0.8870415621274346,0.8296559578859826,0.9271281606359235,0.8905021350195741,0.899890808431512,0.922901802985884,1.0,0.9098558778442677,0.8875058544498682,0.8877174414024601,0.871229272606953
0,8,2.2988183534506597,0.1345895343254921,4166,2.2996795858655656,0.10084033613445378,833,2.298386730725252,0.1082,0.9687525762247322,0.084790910909536,,,0.9599999999422288,,0.9600270667260814,0.0399729332739186,0,0.14281468962325472,10,0.025,0.15,0.9217376722613331,0.9247995994026348,0.8892218588193042,0.8730274285770914,0.9048557115293717,0.9459514273526891,0.9391999289554829,0.9098558778442677,1.0,0.9162051406728728,0.9345109726142513,0.9088304315209442
0,9,2.2978311358076153,0.121531445031205,4166,2.29953019959586,0.08523409363745499,833,2.2983892024317876,0.1081,0.9532067249038836,0.08343024676607036,,,0.8813928802598034,,0.8814345364823158,0.11856546351768416,0,0.14280751270928907,10,0.025,0.15,0.9064063087847235,0.9139914898642255,0.8452724070311518,0.8757660663748678,0.9293815030100074,0.9047534651328024,0.8948693260599503,0.8875058544498682,0.9162051406728728,1.0,0.9216543183654758,0.8947836679264569
0,10,2.297347408352476,0.12107537205952952,4166,2.297088759286063,0.11764705882352941,833,2.298386763922776,0.1082,0.9671126530774276,0.08464737521126361,,,0.9517077789213529,,0.951750259939595,0.048249740060405055,0,0.1428145846380594,10,0.025,0.15,0.9248915213016436,0.9241258547804514,0.9351061804458798,0.8612942386606249,0.9249438983263891,0.9277378447525934,0.9155630571283591,0.8877174414024601,0.9345109726142513,0.9216543183654758,1.0,0.891913038448418
0,11,2.298706316947937,0.12462794047047528,4166,2.2979465552738736,0.10204081632653061,833,2.2983896702150757,0.108,0.9475309326971442,0.08293346812191113,,,0.8526934113095631,,0.8527421564258718,0.1472578435741282,0,0.1428030149617089,10,0.025,0.15,0.9250395285231955,0.9173835841227981,0.8498810969637446,0.8805072674732332,0.871415752386762,0.9220191730217963,0.8927360359314759,0.871229272606953,0.9088304315209442,0.8947836679264569,0.891913038448418,1.0
1,0,2.22527438546672,0.19738420926325895,4167,2.2887788840702603,0.13189448441247004,834,2.2892765546146827,0.1484,0.9872240739232281,0.08318266563175676,,,0.8612042896615978,,0.861241768579492,0.13875823142050803,0.7453515106187393,0.14839460029269658,10,0.025,0.15,1.0,0.9769089707676301,0.9761356120852548,0.9688079697059283,0.9710239873424669,0.9729552010984086,0.973708547006439,0.9722775443268187,0.9740328417524877,0.9751986426835787,0.9793665283624744,0.9803884382188164
1,1,2.2309079069079774,0.1919846412287017,4167,2.2893058572496687,0.1498800959232614,834,2.2892749732053734,0.1489,0.9912700419822337,0.0836579147103112,,,0.9032345726179012,,0.9032694624614217,0.0967305375385783,0.7451560243668741,0.14840567984859188,10,0.025,0.15,0.9769089707676301,1.0,0.9816577389838981,0.9754175671175055,0.9814418362369999,0.9773587025612509,0.9763234638427318,0.9811439407673572,0.9827233631718708,0.9817087975205985,0.9754241787001728,0.9787796939224929
1,2,2.204775108351852,0.2031197504199664,4167,2.2887561321258545,0.1606714628297362,834,2.2892863599559927,0.1489,0.9878895682524216,0.08199368169912981,,,0.7560524158887696,,0.7561106434949085,0.24388935650509147,0.7462322687639216,0.14834936661280515,10,0.025,0.15,0.9761356120852548,0.9816577389838981,1.0,0.9684093514607114,0.9803644393568717,0.9745013274296979,0.9761301886433263,0.972069650359269,0.9755799328025452,0.9727063033178143,0.9782444979701252,0.9733498341648188
1,3,2.229850011160879,0.18836093112550997,4167,2.288725887026106,0.17625899280575538,834,2.2892886596389963,0.1487,0.9872737469015702,0.08192524520829875,,,0.75,,0.7500041260253173,0.2499958739746827,0.7461738532079834,0.1483355186638977,10,0.025,0.15,0.9688079697059283,0.9754175671175055,0.9684093514607114,1.0,0.9754807097518243,0.9743626720224364,0.9723094156222651,0.9809428037810607,0.9752088809947669,0.9787140475432784,0.9755135750851911,0.9769118609418022
1,4,2.2195908243005924,0.18284137269018477,4167,2.2885400567735945,0.16326530612244897,833,2.289276563668553,0.1484,0.9898292487682968,0.08327067751352649,,,0.8689879224159212,,0.8690152002772689,0.13098479972273114,0.7453573049698416,0.14839558596263858,10,0.025,0.15,0.9710239873424669,0.9814418362369999,0.9803644393568717,0.9754807097518243,1.0,0.9776260899255379,0.9804266980533018,0.9768227357746486,0.9771021697305602,0.9794419091298929,0.9766549351803826,0.9754454297173081
1,5,2.219813767346469,0.18600911927045835,4167,2.292157139096941,0.13925570228091236,833,2.28927435452425,0.1489,0.9895365488163365,0.0841855920360186,,,0.9499015275051517,,0.9499348087999868,0.05006519120001318,0.7451393578218284,0.14840730425956383,10,0.025,0.15,0.9729552010984086,0.9773587025612509,0.9745013274296979,0.9743626720224364,0.9776260899255379,1.0,0.9812783862862694,0.9759970392609831,0.9860542056773721,0.9784322054459079,0.9729104682269483,0.9762115809341092
1,6,2.221888446085381,0.19210463162946964,4167,2.289275884628296,0.15966386554621848,833,2.2892742730394193,0.1489,0.988511981115327,0.08396928417319312,,,0.9307715994516739,,0.9308065554290241,0.06919344457097587,0.7451556477029574,0.14840677142751982,10,0.025,0.15,0.973708547006439,0.9763234638427318,0.9761301886433263,0.9723094156222651,0.9804266980533018,0.9812783862862694,1.0,0.97519956597433,0.9794355608943075,0.975444582889547,0.9710974800457803,0.9743658060999941
1,7,2.237866172646031,0.18269738420926326,4167,2.2892833096640453,0.14165666266506602,833,2.289276385609108,0.1484,0.9897214207983065,0.08284149819622945,,,0.8310319768728908,,0.8310805235100922,0.1689194764899078,0.7454825232873571,0.1483891418461429,10,0.025,0.15,0.9722775443268187,0.9811439407673572,0.972069650359269,0.9809428037810607,0.9768227357746486,0.9759970392609831,0.97519956597433,1.0,0.9807054090674282,0.9820916132212149,0.9770703169256397,0.9763862554102065
1,8,2.2244385166601703,0.19193470955352857,4166,2.2904251302991594,0.13445378151260504,833,2.289274436009081,0.1489,0.9915158507509184,0.08429977850749544,,,0.9599999999115615,,0.9600270667260814,0.0399729332739186,0.7451390573332873,0.14840740392265683,10,0.025,0.15,0.9740328417524877,0.9827233631718708,0.9755799328025452,0.9752088809947669,0.9771021697305602,0.9860542056773721,0.9794355608943075,0.9807054090674282,1.0,0.9865976440558383,0.9746692090706021,0.9791340041773244
1,9,2.228965884988958,0.18511761881901104,4166,2.2904555116380965,0.11884753901560624,833,2.289276642135427,0.1484,0.9912721738945938,0.08345448534466977,,,0.8852435986521284,,0.8852964961793005,0.11470350382069949,0.745344350451481,0.14840445509439992,10,0.025,0.15,0.9751986426835787,0.9817087975205985,0.9727063033178143,0.9787140475432784,0.9794419091298929,0.9784322054459079,0.975444582889547,0.9820916132212149,0.9865976440558383,1.0,0.9782509111660718,0.9801516546577903
1,10,2.2183081670240923,0.19735957753240518,4166,2.28831216267177,0.1608643457382953,833,2.289274306236943,0.1489,0.988720951098536,0.0841209111776365,,,0.9441812538584878,,0.9442408938621247,0.05575910613787527,0.7451534912554565,0.14840723608126075,10,0.025,0.15,0.9793665283624744,0.9754241787001728,0.9782444979701252,0.9755135750851911,0.9766549351803826,0.9729104682269483,0.9710974800457803,0.9770703169256397,0.9746692090706021,0.9782509111660718,1.0,0.9793222395655065
1,11,2.2330882473425433,0.1869659145463274,4166,2.2888849803379605,0.14405762304921968,833,2.28927727892429,0.1483,0.9897135877058423,0.08309826580173423,,,0.853740101097359,,0.8537819148058292,0.1462180851941708,0.7453793130441746,0.14839349819024925,10,0.025,0.15,0.9803884382188164,0.9787796939224929,0.9733498341648188,0.9769118609418022,0.9754454297173081,0.9762115809341092,0.9743658060999941,0.9763862554102065,0.9791340041773244,0.9801516546577903,0.9793222395655065,1.0
2,0,2.1262902064756912,0.23246940244780417,4167,2.2739970002855574,0.16786570743405277,834,2.2744556288175946,0.1913,0.9851693130013256,0.08320301374781709,,,0.8526240285207147,,0.8526678879701606,0.14733211202983942,0.9387796372588577,0.14793162783879654,10,0.025,0.15,1.0,0.9729425243288742,0.9739845553193933,0.9666072719237999,0.9719765202455416,0.9693048340432442,0.9690705873894785,0.9665301601547097,0.9688291379554048,0.9633161112574617,0.970152135713731,0.9677903896219452
2,1,2.127271457151933,0.22738180945524358,4167,2.2743896075657437,0.19184652278177458,834,2.2744542103779466,0.1927,0.9889642327403303,0.08361891376986454,,,0.9089006216260822,,0.9089468732980146,0.0910531267019854,0.9389223290487732,0.14794605443424372,10,0.025,0.15,0.9729425243288742,1.0,0.9734905550370514,0.972249569018411,0.979505622917271,0.9762309726082936,0.9729224663231582,0.974782299282533,0.9772498928785487,0.9705970071987847,0.964300775981314,0.9709924475357326
2,2,2.105218975832968,0.24163666906647469,4167,2.273139238357544,0.2014388489208633,834,2.2744614534740206,0.1911,0.9844972206291471,0.08244860782009207,,,0.7505432562671966,,0.7505982736710073,0.2494017263289927,0.9381622354963888,0.14786856936709974,10,0.025,0.15,0.9739845553193933,0.9734905550370514,1.0,0.965633950549664,0.9764320458472554,0.9700376953938838,0.9715865817411464,0.9603454292542146,0.9690929456144889,0.9608369145516228,0.9687455681031975,0.9626552192966045
2,3,2.1342258543679207,0.22174226061915048,4167,2.27490987096514,0.20023980815347722,834,2.2744664813898785,0.1909,0.9856737134134519,0.08244459300183395,,,0.75,,0.7500041260253173,0.2499958739746827,0.938190947410163,0.1478597636202247,10,0.025,0.15,0.9666072719237999,0.972249569018411,0.965633950549664,1.0,0.9722371435554462,0.9746459480678966,0.9692520407093713,0.9699305863917488,0.9717411346461596,0.9679575644070607,0.9660492258821405,0.9705123786384913
2,4,2.1250952832626573,0.22531797456203503,4167,2.2735045637403215,0.2148859543817527,833,2.274457837961897,0.1913,0.9885568518792842,0.08336710055374663,,,0.8748270723334959,,0.8748494000759188,0.12515059992408117,0.9387960086339403,0.14793554919663843,10,0.025,0.15,0.9719765202455416,0.979505622917271,0.9764320458472554,0.9722371435554462,1.0,0.9742965892396257,0.9751998828827194,0.9720583851104618,0.9734745843680632,0.9684795534532245,0.9708265604222095,0.9660536396587444
2,5,2.124953733068524,0.22759779217662587,4167,2.277582815715245,0.1836734693877551,833,2.2744526953636846,0.1927,0.9887937902693847,0.08393852260721082,,,0.9521477857009253,,0.9521876186232279,0.04781238137677213,0.9389625047714514,0.14794934040812857,10,0.025,0.15,0.9693048340432442,0.9762309726082936,0.9700376953938838,0.9746459480678966,0.9742965892396257,1.0,0.9737402382013449,0.9697830770769608,0.9807678625008942,0.9705476831115449,0.972096049250872,0.971471015723719
2,6,2.124235604387341,0.2290856731461483,4167,2.274583101272583,0.1992797118847539,833,2.2744522034367427,0.1927,0.9859945155525569,0.0837144615708559,,,0.921829461331433,,0.9218778366424056,0.07812216335759437,0.9389541551149045,0.14794712004655633,10,0.025,0.15,0.9690705873894785,0.9729224663231582,0.9715865817411464,0.9692520407093713,0.9751998828827194,0.9737402382013449,1.0,0.9691241349746138,0.974106611671013,0.9684533555836883,0.9635895334119844,0.9628920388466669
2,7,2.1409644415884306,0.2194864410847132,4167,2.2746874604906355,0.19207683073229292,833,2.274454795861546,0.191,0.9858671572923561,0.08301542925540846,,,0.8272414471489031,,0.8272845802181842,0.17271541978181582,0.9387119258315086,0.14792450003834381,10,0.025,0.15,0.9665301601547097,0.974782299282533,0.9603454292542146,0.9699305863917488,0.9720583851104618,0.9697830770769608,0.9691241349746138,1.0,0.9687386849905785,0.9789413340306063,0.9641306108380225,0.974414638728893
2,8,2.1244935487255905,0.22657225156024963,4166,2.275685889380319,0.18847539015606243,833,2.2744528522974328,0.1927,0.9884136576210295,0.08399655270220459,,,0.9599999998646872,,0.9600270667260814,0.0399729332739186,0.9389637139817569,0.14794950035511617,10,0.025,0.15,0.9688291379554048,0.9772498928785487,0.9690929456144889,0.9717411346461596,0.9734745843680632,0.9807678625008942,0.974106611671013,0.9687386849905785,1.0,0.9744569376215249,0.969715452694224,0.9701575583426253
2,9,2.1348282420273983,0.22575612097935668,4166,2.275441680635725,0.17767106842737096,833,2.2744541922702064,0.1913,0.9854041499226511,0.08337811520924385,,,0.876317496119869,,0.8763677773926821,0.12363222260731788,0.9389383925379619,0.14794215721399953,10,0.025,0.15,0.9633161112574617,0.9705970071987847,0.9608369145516228,0.9679575644070607,0.9684795534532245,0.9705476831115449,0.9684533555836883,0.9789413340306063,0.9744569376215249,1.0,0.9654317491159945,0.9740260345109242
2,10,2.121453369747509,0.23336533845415267,4166,2.2739415849958147,0.19687875150060025,833,2.274452290957487,0.1927,0.9836278779777022,0.08373113938729151,,,0.9240861832349638,,0.9241223944150121,0.0758776055849879,0.9389598562369263,0.14794723765579967,10,0.025,0.15,0.970152135713731,0.964300775981314,0.9687455681031975,0.9660492258821405,0.9708265604222095,0.972096049250872,0.9635895334119844,0.9641306108380225,0.969715452694224,0.9654317491159945,1.0,0.9668082534638092
2,11,2.1367059447548606,0.22292366778684589,4166,2.274280990873064,0.19327731092436976,833,2.2744579556622084,0.191,0.9849393030303034,0.08314355037443064,,,0.844577873456168,,0.8446221386014424,0.15537786139855758,0.9387665259705106,0.14792963046200774,10,0.025,0.15,0.9677903896219452,0.9709924475357326,0.9626552192966045,0.9705123786384913,0.9660536396587444,0.971471015723719,0.9628920388466669,0.974414638728893,0.9701575583426253,0.9740260345109242,0.9668082534638092,1.0
3,0,2.0536066936724113,0.25987520998320135,4167,2.25338990347726,0.2302158273381295,834,2.253852089749107,0.2505,0.982440814322032,0.08321554081804458,,,0.8440128001502124,,0.8440527471076562,0.1559472528923438,0.9676155898035628,0.14751512987967544,10,0.025,0.15,1.0,0.9663048274087007,0.9657167687524215,0.9588529132311768,0.9663797342774592,0.965343328275352,0.9628813319620845,0.9629440734163053,0.9648363298135816,0.9590960687450557,0.9607672858807106,0.9628161117290682
3,1,2.0577921253262144,0.25653947684185263,4167,2.2534372125353133,0.2589928057553957,834,2.2538377272931833,0.2508,0.9859705779834282,0.08358666767257686,,,0.9119301587564208,,0.911983627931541,0.08801637206845903,0.9676562202248246,0.14753492071079208,10,0.025,0.15,0.9663048274087007,1.0,0.9644325758702478,0.9656729888804577,0.9703353172470736,0.9713562023619143,0.9663849639040538,0.9702020818136761,0.9734258195199891,0.9646471494133069,0.9552924614269386,0.9693738815132389
3,2,2.0359856724739074,0.2669306455483561,4167,2.2519101074763705,0.2529976019184652,834,2.2538825439501413,0.2513,0.9809502726612288,0.08270181832468586,,,0.75,,0.7500041260253173,0.2499958739746827,0.967427652683166,0.14743237348929217,10,0.025,0.15,0.9657167687524215,0.9644325758702478,1.0,0.9575424190405212,0.9664557316816408,0.9629581323037004,0.9624635250322043,0.9566216081265438,0.964183943629953,0.9596376785427378,0.9608707829490385,0.9577532323389015
3,3,2.068065403808247,0.25106791456683464,4167,2.255554097039359,0.2733812949640288,834,2.253885139392901,0.2514,0.9828532318261262,0.08276112003732419,,,0.7608523962468198,,0.7608968328629665,0.2391031671370335,0.9674374171439961,0.14745194630058053,10,0.025,0.15,0.9588529132311768,0.9656729888804577,0.9575424190405212,1.0,0.965432902862777,0.9667476663914394,0.9628391871355807,0.9673415880814435,0.9668503723603306,0.9631427708168444,0.9569631898700388,0.9697333344528468
3,4,2.058675004857959,0.2560355171586273,4167,2.2527460711342946,0.2653061224489796,833,2.2538493403905555,0.2506,0.9854755361845231,0.08341527291301276,,,0.8805643893264232,,0.8806093314188576,0.11939066858114245,0.9675584479504186,0.14752928561453377,10,0.025,0.15,0.9663797342774592,0.9703353172470736,0.9664557316816408,0.965432902862777,1.0,0.9689316457366143,0.9669766125857492,0.9681670415784547,0.9692905414369731,0.9633491981230538,0.9639700531467511,0.9623885115674471
3,5,2.057024778741779,0.2554595632349412,4167,2.2571849822998047,0.24129651860744297,833,2.2538357143160663,0.2511,0.9863071135268695,0.08379473438752243,,,0.9500070090850862,,0.9500668416101401,0.0499331583898599,0.9676810680464906,0.14753912529873958,10,0.025,0.15,0.965343328275352,0.9713562023619143,0.9629581323037004,0.9667476663914394,0.9689316457366143,1.0,0.9671250303754734,0.9663023323160765,0.9746049576297693,0.9640754387903456,0.964421862846456,0.9693478995300994
3,6,2.0560804536848356,0.25610751139908805,4167,2.2542580536433627,0.24969987995198079,833,2.253835735441763,0.251,0.9830658702060592,0.08355130438309387,,,0.9054585677519427,,0.9055057681833936,0.09449423181660643,0.9676448084004757,0.14753405069823772,10,0.025,0.15,0.9628813319620845,0.9663849639040538,0.9624635250322043,0.9628391871355807,0.9669766125857492,0.9671250303754734,1.0,0.9647680183070878,0.9686033053722278,0.9671800634260672,0.9544560927735782,0.9593999761887448
3,7,2.0735618818889963,0.24662826973842092,4167,2.254356486456735,0.2388955582232893,833,2.2538525997837886,0.2507,0.9841087402359253,0.08315398278105714,,,0.832747489590998,,0.8327886979914508,0.16721130200854917,0.9676012938445835,0.1475103751282785,10,0.025,0.15,0.9629440734163053,0.9702020818136761,0.9566216081265438,0.9673415880814435,0.9681670415784547,0.9663023323160765,0.9647680183070878,1.0,0.9653490599552466,0.9692848505662753,0.9576435627178095,0.9670641262774295
3,8,2.0520193110812794,0.25578492558809407,4166,2.2551163605281284,0.2605042016806723,833,2.253836154937744,0.2511,0.9868865640230209,0.08384933997427982,,,0.9599999998169969,,0.9600270667260814,0.0399729332739186,0.9676918922510362,0.14753939030006963,10,0.025,0.15,0.9648363298135816,0.9734258195199891,0.964183943629953,0.9668503723603306,0.9692905414369731,0.9746049576297693,0.9686033053722278,0.9653490599552466,1.0,0.9708435115993053,0.9617879826791309,0.9682624941941047
3,9,2.0665015758890095,0.2527604416706673,4166,2.254602704729353,0.23529411764705882,833,2.253846630265441,0.2507,0.9829680145392756,0.08334066217933356,,,0.8669103950296508,,0.8669521876186232,0.13304781238137675,0.96755029706274,0.14752307731931158,10,0.025,0.15,0.9590960687450557,0.9646471494133069,0.9596376785427378,0.9631427708168444,0.9633491981230538,0.9640754387903456,0.9671800634260672,0.9692848505662753,0.9708435115993053,1.0,0.9572648685012867,0.9635262492366741
3,10,2.051307504466086,0.2601296207393183,4166,2.254078047616141,0.2533013205282113,833,2.2538399726529663,0.2508,0.9786752700476321,0.08341905407901777,,,0.88125635436311,,0.8813107557227972,0.11868924427720284,0.9676194990387678,0.14752947316507317,10,0.025,0.15,0.9607672858807106,0.9552924614269386,0.9608707829490385,0.9569631898700388,0.9639700531467511,0.964421862846456,0.9544560927735782,0.9576435627178095,0.9617879826791309,0.9572648685012867,1.0,0.9578125541986638
3,11,2.0702411633549316,0.2468314930388862,4166,2.253854274749756,0.25570228091236497,833,2.2538560643980774,0.2505,0.9834154209754373,0.08321050245005122,,,0.8430907632735597,,0.843128517436583,0.156871482563417,0.9675790677193667,0.14751468172754978,10,0.025,0.15,0.9628161117290682,0.9693738815132389,0.9577532323389015,0.9697333344528468,0.9623885115674471,0.9693478995300994,0.9593999761887448,0.9670641262774295,0.9682624941941047,0.9635262492366741,0.9578125541986638,1.0
4,0,1.9974497964887907,0.2812814974802016,4167,2.227518251964024,0.2733812949640288,834,2.228140722347211,0.2872,0.980470816212275,0.08323784948503198,,,0.96,,0.9600270667260814,0.0399729332739186,0.9807943388523538,0.14717588777959284,10,0.025,0.15,1.0,0.9641166157709901,0.9590125422132874,0.9547730733311596,0.9597727269493589,0.9601164846803208,0.9607980723297487,0.9607381697179391,0.9604127623231028,0.9557020356303714,0.9543505489118537,0.9543840290162563
4,1,2.001440708203749,0.28089752819774416,4167,2.227400064468384,0.2997601918465228,834,2.2281199980385695,0.2879,0.9832947960791645,0.08355874935860755,,,0.96,,0.9600270667260814,0.0399729332739186,0.9809483894208035,0.14717588777959284,10,0.025,0.15,0.9641166157709901,1.0,0.9606706962427269,0.959585066591637,0.9632326838025649,0.9637430187631527,0.9609588968507784,0.965666663859129,0.9663456666536846,0.958359366279763,0.950829740882603,0.9637715192158419
4,2,1.981484307303573,0.2890328773698104,4167,2.225551128387451,0.28776978417266186,834,2.2281882189497164,0.2876,0.9780995264853986,0.08284362072918312,,,0.96,,0.9600270667260814,0.0399729332739186,0.979984601778359,0.14717588777959284,10,0.025,0.15,0.9590125422132874,0.9606706962427269,1.0,0.9507694247072187,0.9574874788008466,0.9568596425684377,0.9571556682845139,0.9525959188379816,0.9595205640241221,0.9539196031650484,0.9549512296757481,0.9535662417630482
4,3,2.010528048240777,0.271130309575234,4167,2.231421402522496,0.30455635491606714,834,2.2281935758228544,0.2873,0.9803379861849676,0.08295297233484253,,,0.96,,0.9600270667260814,0.0399729332739186,0.9801530716516538,0.14717588777959284,10,0.025,0.15,0.9547730733311596,0.959585066591637,0.9507694247072187,1.0,0.9602617325849581,0.9595794601379303,0.9591500178208368,0.9614118082026407,0.9622107770564982,0.9590231517003748,0.9513390832973241,0.9647226085882245
4,4,2.0021605137622718,0.2790496760259179,4167,2.2270428793770924,0.2965186074429772,833,2.228137779839431,0.2872,0.9824428725458878,0.08342524650786338,,,0.96,,0.9600270667260814,0.0399729332739186,0.9809283886724094,0.14717588777959284,10,0.025,0.15,0.9597727269493589,0.9632326838025649,0.9574874788008466,0.9602617325849581,1.0,0.9634740636369509,0.9629716793580119,0.9636666231964575,0.9633669161793843,0.958110484815478,0.9581100738330687,0.9568375032920965
4,5,2.001256659897891,0.27626589872810176,4167,2.231478759220668,0.2785114045618247,833,2.2281166058552415,0.2877,0.9832537329732154,0.08368587607555776,,,0.96,,0.9600270667260814,0.0399729332739186,0.9809788083979043,0.14717588777959284,10,0.025,0.15,0.9601164846803208,0.9637430187631527,0.9568596425684377,0.9595794601379303,0.9634740636369509,1.0,0.9637908067510335,0.96110838878277,0.9685591307731567,0.95764049009622,0.9601242984318952,0.961631755001325
4,6,1.9970546863295815,0.2805135589152868,4167,2.228869608470372,0.28811524609843936,833,2.228117182284971,0.2878,0.9819214784429571,0.0834922901224301,,,0.96,,0.9600270667260814,0.0399729332739186,0.9809466373441075,0.14717588777959284,10,0.025,0.15,0.9607980723297487,0.9609588968507784,0.9571556682845139,0.9591500178208368,0.9629716793580119,0.9637908067510335,1.0,0.9629092273861244,0.9637514155822896,0.9615834690224366,0.9526149065735219,0.955404090274375
4,7,2.0132756991819902,0.27067434605231583,4167,2.2290243421282088,0.2809123649459784,833,2.2281416186803504,0.2872,0.9824346270216289,0.08326365720283754,,,0.96,,0.9600270667260814,0.0399729332739186,0.9807459572908025,0.14717588777959284,10,0.025,0.15,0.9607381697179391,0.965666663859129,0.9525959188379816,0.9614118082026407,0.9636666231964575,0.96110838878277,0.9629092273861244,1.0,0.9622636285797751,0.9612545017796187,0.9537912635263859,0.9618991224502713
4,8,1.994962208560019,0.2784925588094095,4166,2.229459830692836,0.2929171668667467,833,2.228117170213144,0.2878,0.9847714187073253,0.08376890679571194,,,0.96,,0.9600270667260814,0.0399729332739186,0.9809722518179048,0.14717588777959284,10,0.025,0.15,0.9604127623231028,0.9663456666536846,0.9595205640241221,0.9622107770564982,0.9633669161793843,0.9685591307731567,0.9637514155822896,0.9622636285797751,1.0,0.9679557393778428,0.9561213734891897,0.9640085276795818
4,9,2.0099133892492813,0.2755160825732117,4166,2.2286040442330495,0.2737094837935174,833,2.228131903877741,0.2873,0.9804215467195887,0.08331349880820799,,,0.96,,0.9600270667260814,0.0399729332739186,0.9808854805588694,0.14717588777959284,10,0.025,0.15,0.9557020356303714,0.958359366279763,0.9539196031650484,0.9590231517003748,0.958110484815478,0.95764049009622,0.9615834690224366,0.9612545017796187,0.9679557393778428,1.0,0.952315269701484,0.9576490253096047
4,10,1.9954766750335693,0.28211713874219874,4166,2.2292683805738176,0.28811524609843936,833,2.22812361656865,0.2878,0.976213196500903,0.08322514827412524,,,0.96,,0.9600270667260814,0.0399729332739186,0.9809288050716201,0.14717588777959284,10,0.025,0.15,0.9543505489118537,0.950829740882603,0.9549512296757481,0.9513390832973241,0.9581100738330687,0.9601242984318952,0.9526149065735219,0.9537912635263859,0.9561213734891897,0.952315269701484,1.0,0.949401666344344
4,11,2.0146873857035783,0.26898703792606815,4166,2.2281644684927806,0.2845138055222089,833,2.2281460007534752,0.2873,0.9803922046652637,0.0832321843056007,,,0.96,,0.9600270667260814,0.0399729332739186,0.9808030167127125,0.14717588777959284,10,0.025,0.15,0.9543840290162563,0.9637715192158419,0.9535662417630482,0.9647226085882245,0.9568375032920965,0.961631755001325,0.955404090274375,0.9618991224502713,0.9640085276795818,0.9576490253096047,0.949401666344344,1.0
5,0,1.9454802805727178,0.3003839692824574,4167,2.1967031274523054,0.2853717026378897,834,2.197601245928414,0.3022,0.9778611061043435,0.08323553063202986,,,0.96,,0.9600270667260814,0.0399729332739186,0.9862982682713602,0.14685849971597814,10,0.025,0.15,1.0,0.9583548685736748,0.9532209021713504,0.9513097103070531,0.9564908245188523,0.9533148895063592,0.9558587871991026,0.957018788515654,0.9570478995457908,0.9504491943897818,0.9483960938509761,0.9471362008972288
5,1,1.9519471616456003,0.3002639788816895,4167,2.196530955178397,0.30455635491606714,834,2.197573625588719,0.3028,0.9810451727536038,0.08353737035752948,,,0.96,,0.9600270667260814,0.0399729332739186,0.9862982682713602,0.14685849971597814,10,0.025,0.15,0.9583548685736748,1.0,0.9565824101213388,0.9558797888717018,0.9609714660308193,0.9579071477137576,0.9562409520842329,0.9601566858343742,0.9631687682724486,0.9517926244995788,0.9461171702969899,0.9586720943613831
5,2,1.935592531074177,0.3050875929925606,4167,2.1941776616232738,0.3069544364508393,834,2.197669137882281,0.3007,0.9765638388482935,0.08294974203790953,,,0.96,,0.9600270667260814,0.0399729332739186,0.9862982682713602,0.14685849971597814,10,0.025,0.15,0.9532209021713504,0.9565824101213388,1.0,0.9469697642213106,0.9544817472808379,0.9528094744926284,0.9529482912799824,0.9502695188116368,0.9559791844926084,0.9481724285175107,0.953484687876582,0.9486625799394568
5,3,1.9624985030203155,0.28780897528197746,4167,2.202830961772374,0.31534772182254195,834,2.197677696807475,0.3006,0.978661932159021,0.08308554552004613,,,0.96,,0.9600270667260814,0.0399729332739186,0.9862982682713602,0.14685849971597814,10,0.025,0.15,0.9513097103070531,0.9558797888717018,0.9469697642213106,1.0,0.9555404137276798,0.9560920181820046,0.9546848565819911,0.9573724253215602,0.9568194135014572,0.9557034802099822,0.9467862463143093,0.9609941349784787
5,4,1.955103908885609,0.2947924166066715,4167,2.196643216269357,0.31212484993997597,833,2.1975980318045316,0.3023,0.9811530929973431,0.08345838692653437,,,0.96,,0.9600270667260814,0.0399729332739186,0.9862982682713602,0.14685849971597814,10,0.025,0.15,0.9564908245188523,0.9609714660308193,0.9544817472808379,0.9555404137276798,1.0,0.9606464848990697,0.9596184654399769,0.9592285746448971,0.9602332965394579,0.9532756687555629,0.9537930690680876,0.9528782071178434
5,5,1.9544806223927123,0.29076073914086875,4167,2.201019968305315,0.2929171668667467,833,2.1975684920443763,0.3027,0.98058469632355,0.08360094814568707,,,0.96,,0.9600270667260814,0.0399729332739186,0.9862982682713602,0.14685849971597814,10,0.025,0.15,0.9533148895063592,0.9579071477137576,0.9528094744926284,0.9560920181820046,0.9606464848990697,1.0,0.9583573878416143,0.9552781504744114,0.9635866783231727,0.9516046346110416,0.9539551651923666,0.9567886549588388
5,6,1.9497211402112788,0.2971202303815695,4167,2.198411771229335,0.30012004801920766,833,2.1975698078734967,0.3028,0.9794747985250398,0.08344523299008343,,,0.96,,0.9600270667260814,0.0399729332739186,0.9862982682713602,0.14685849971597814,10,0.025,0.15,0.9558587871991026,0.9562409520842329,0.9529482912799824,0.9546848565819911,0.9596184654399769,0.9583573878416143,1.0,0.9578880052089483,0.9578718407986411,0.9546416560598594,0.9479849722632718,0.9513236802967885
5,7,1.9654936122171807,0.2847372210223182,4167,2.1990156173706055,0.3013205282112845,833,2.197603111025653,0.3021,0.9805388942168944,0.08333856392592219,,,0.96,,0.9600270667260814,0.0399729332739186,0.9862982682713602,0.14685849971597814,10,0.025,0.15,0.957018788515654,0.9601566858343742,0.9502695188116368,0.9573724253215602,0.9592285746448971,0.9552781504744114,0.9578880052089483,1.0,0.9581614662333069,0.9555485112075316,0.9501135228600784,0.9590120513455282
5,8,1.9474481853571806,0.2952472395583293,4166,2.1989425250462125,0.29891956782713086,833,2.1975690775279757,0.3027,0.9830538999526007,0.08373255676060545,,,0.96,,0.9600270667260814,0.0399729332739186,0.9862982682713602,0.14685849971597814,10,0.025,0.15,0.9570478995457908,0.9631687682724486,0.9559791844926084,0.9568194135014572,0.9602332965394579,0.9635866783231727,0.9578718407986411,0.9581614662333069,1.0,0.9623548121414927,0.953866070855307,0.9602473572308052
5,9,1.9606934276494112,0.2901344215074412,4166,2.197723320552281,0.297719087635054,833,2.197588329073749,0.3023,0.9773581989298675,0.08326591993200173,,,0.96,,0.9600270667260814,0.0399729332739186,0.9862982682713602,0.14685849971597814,10,0.025,0.15,0.9504491943897818,0.9517926244995788,0.9481724285175107,0.9557034802099822,0.9532756687555629,0.9516046346110416,0.9546416560598594,0.9555485112075316,0.9623548121414927,1.0,0.9465879820729124,0.9525101188509364
5,10,1.9461938095815254,0.30182429188670185,4166,2.199857337134225,0.3085234093637455,833,2.1975780076618436,0.3029,0.9741693526492513,0.08310762009320768,,,0.96,,0.9600270667260814,0.0399729332739186,0.9862982682713602,0.14685849971597814,10,0.025,0.15,0.9483960938509761,0.9461171702969899,0.953484687876582,0.9467862463143093,0.9537930690680876,0.9539551651923666,0.9479849722632718,0.9501135228600784,0.953866070855307,0.9465879820729124,1.0,0.9441833450138005
5,11,1.96467100128983,0.2898703792606817,4166,2.197524751935686,0.3025210084033613,833,2.1976078099842313,0.3021,0.9781855854244905,0.08324258267844298,,,0.96,,0.9600270667260814,0.0399729332739186,0.9862982682713602,0.14685849971597814,10,0.025,0.15,0.9471362008972288,0.9586720943613831,0.9486625799394568,0.9609941349784787,0.9528782071178434,0.9567886549588388,0.9513236802967885,0.9590120513455282,0.9602473572308052,0.9525101188509364,0.9441833450138005,1.0
6,0,1.902504523233934,0.3162227021838253,4167,2.161905458995274,0.2973621103117506,834,2.163299331182166,0.3117,0.9755222293708715,0.08324288175691429,,,0.96,,0.9600270667260814,0.0399729332739186,0.9895175174750346,0.1464662952644579,10,0.025,0.15,1.0,0.952651795795841,0.9493526295284169,0.9461942552789847,0.9521291509115508,0.9488988153109207,0.9512803613566052,0.9513364881189508,0.9503789877925687,0.9447243916763918,0.9435909196932546,0.940013956885135
6,1,1.906783656279246,0.3173746100311975,4167,2.1621536867959157,0.31534772182254195,834,2.163264316848562,0.3112,0.9784419385381535,0.08352463378096893,,,0.96,,0.9600270667260814,0.0399729332739186,0.9895175174750346,0.1464662952644579,10,0.025,0.15,0.952651795795841,1.0,0.9508398588849801,0.951814663956314,0.9549203183106222,0.9521406628192538,0.9510286334729599,0.9538873316317887,0.9578873162921144,0.9448600693555981,0.940805644521272,0.9537359331732267
6,2,1.8975420745936307,0.3152147828173746,4167,2.1591198103768483,0.302158273381295,834,2.1633909050422377,0.3112,0.9746602758470637,0.08303804816176727,,,0.96,,0.9600270667260814,0.0399729332739186,0.9895175174750346,0.1464662952644579,10,0.025,0.15,0.9493526295284169,0.9508398588849801,1.0,0.9446837687708469,0.9475036929507125,0.948156444235749,0.9472457809722744,0.9456055054050514,0.9505272806090498,0.9415961786226862,0.9495385906250919,0.9456099039473158
6,3,1.917539926369985,0.30381569474442044,4167,2.1708130836486816,0.328537170263789,834,2.163404099548919,0.3114,0.9769436344310491,0.0831963831501231,,,0.96,,0.9600270667260814,0.0399729332739186,0.9895175174750346,0.1464662952644579,10,0.025,0.15,0.9461942552789847,0.951814663956314,0.9446837687708469,1.0,0.9507181742418624,0.9536387216228248,0.9508868682528776,0.9527340957797437,0.9510027849413447,0.9471275088567839,0.9423902130507387,0.9560937713523313
6,4,1.9118442925539885,0.3121190304775618,4167,2.1626947266714915,0.32292917166866747,833,2.1632955527003808,0.3117,0.9781600726809282,0.08346660294718646,,,0.96,,0.9600270667260814,0.0399729332739186,0.9895175174750346,0.1464662952644579,10,0.025,0.15,0.9521291509115508,0.9549203183106222,0.9475036929507125,0.9507181742418624,1.0,0.9554065576069338,0.9524794502797003,0.9533159888556455,0.9535896443595124,0.9458526918755369,0.9487537438421412,0.946646386332762
6,5,1.910564989754648,0.3070074394048476,4167,2.166769572666713,0.297719087635054,833,2.163257520410079,0.3112,0.9788416516722499,0.0835769720608334,,,0.96,,0.9600270667260814,0.0399729332739186,0.9895175174750346,0.1464662952644579,10,0.025,0.15,0.9488988153109207,0.9521406628192538,0.948156444235749,0.9536387216228248,0.9554065576069338,1.0,0.9535461425317453,0.9513623717185937,0.9584582227213045,0.9449040914320173,0.9502422112984589,0.9524712567265576
6,6,1.9041793490901138,0.3143508519318455,4167,2.1640121936798096,0.31452581032412963,833,2.1632592889327036,0.3112,0.976824750281792,0.08341499532759795,,,0.96,,0.9600270667260814,0.0399729332739186,0.9895175174750346,0.1464662952644579,10,0.025,0.15,0.9512803613566052,0.9510286334729599,0.9472457809722744,0.9508868682528776,0.9524794502797003,0.9535461425317453,1.0,0.9539612022579231,0.9505419943479468,0.9455921726566192,0.9421478020702581,0.9469770657573021
6,7,1.920395755406582,0.30518358531317497,4167,2.1653432846069336,0.3097238895558223,833,2.1633024970187416,0.3119,0.9778292902441282,0.08338171857602561,,,0.96,,0.9600270667260814,0.0399729332739186,0.9895175174750346,0.1464662952644579,10,0.025,0.15,0.9513364881189508,0.9538873316317887,0.9456055054050514,0.9527340957797437,0.9533159888556455,0.9513623717185937,0.9539612022579231,1.0,0.952229372443408,0.9462626969309939,0.9443034240013016,0.9525195896903582
6,8,1.9028292630658006,0.30916946711473836,4166,2.1644393035343716,0.30732292917166865,833,2.1632579731035837,0.3112,0.979739378102133,0.08368760317523498,,,0.96,,0.9600270667260814,0.0399729332739186,0.9895175174750346,0.1464662952644579,10,0.025,0.15,0.9503789877925687,0.9578873162921144,0.9505272806090498,0.9510027849413447,0.9535896443595124,0.9584582227213045,0.9505419943479468,0.952229372443408,1.0,0.9539591890772952,0.9461502082940138,0.9549502650634174
6,9,1.916175973776615,0.30794527124339893,4166,2.1629935673304965,0.30612244897959184,833,2.163281223441981,0.3117,0.9728744203094583,0.08317547961665131,,,0.96,,0.9600270667260814,0.0399729332739186,0.9895175174750346,0.1464662952644579,10,0.025,0.15,0.9447243916763918,0.9448600693555981,0.9415961786226862,0.9471275088567839,0.9458526918755369,0.9449040914320173,0.9455921726566192,0.9462626969309939,0.9539591890772952,1.0,0.9398775152202301,0.9447440392440767
6,10,1.9039524714152019,0.3153384541526644,4166,2.1667823450905934,0.3133253301320528,833,2.163268934322309,0.3112,0.9717674624170977,0.08304152729534306,,,0.96,,0.9600270667260814,0.0399729332739186,0.9895175174750346,0.1464662952644579,10,0.025,0.15,0.9435909196932546,0.940805644521272,0.9495385906250919,0.9423902130507387,0.9487537438421412,0.9502422112984589,0.9421478020702581,0.9443034240013016,0.9461502082940138,0.9398775152202301,1.0,0.9388892115588077
