round,client_id,client_i_training_loss,client_i_training_accuracy,client_i_training_dataset_size,client_i_evaluation_loss,client_i_evaluation_accuracy,client_i_evaluation_dataset_size,client_i_central_evaluation_loss,client_i_central_evaluation_accuracy,client_i_cosine_similarity,client_i_importance_coefficient,client_i_tanh_val,tanh_normalization_value,client_i_q,client_i_mask_order,client_i_v_nonzero_fraction,client_i_v_sparsity,client_i_v_cosine_similarity,client_i_reward_gradient_norm,local_epochs,learning_rate,gamma,client_0_cosine_similarity,client_1_cosine_similarity,client_2_cosine_similarity,client_3_cosine_similarity,client_4_cosine_similarity,client_5_cosine_similarity,client_6_cosine_similarity,client_7_cosine_similarity,client_8_cosine_similarity,client_9_cosine_similarity,client_10_cosine_similarity,client_11_cosine_similarity
0,0,0.3426330036489637,0.89188,5000,2.180616820300067,0.5095923261390888,834,2.185872263801745,0.476,0.7913893965358744,0.08320139015980303,,,0.8868250584665724,,0.886843029968375,0.11315697003162495,0,0.39629374498680753,5,0.1,0.5,1.0,0.594625201940488,0.5879459541124742,0.594048558352976,0.6089527562739722,0.6022753802213172,0.5951847209297727,0.5874707254453004,0.6038449739177085,0.5900507339929483,0.5897885789009358,0.5732969452856456
0,1,0.34190805879907954,0.8944,5000,2.1802750605124013,0.4988009592326139,834,2.1858580158160517,0.4761,0.7937953754804338,0.08345433870038091,,,0.9050002257947697,,0.9050298679785151,0.09497013202148485,0,0.396306150525245,5,0.1,0.5,0.594625201940488,1.0,0.5867307459995306,0.5879946028911247,0.5897981837670935,0.60971214874896,0.6019112196488733,0.5912798950301092,0.5933251168140963,0.592402607120679,0.6143954987244779,0.5881943373763092
0,2,0.3382308542265729,0.8928,5000,2.1838237709469266,0.5023980815347722,834,2.1858732898395283,0.4758,0.7891677397138784,0.08296782001486909,,,0.8700422912786404,,0.870061743888359,0.129938256111641,0,0.396278601354128,5,0.1,0.5,0.5879459541124742,0.5867307459995306,1.0,0.5968439780528046,0.5965385609145224,0.5961388047932892,0.5945314990103937,0.5806175382545423,0.5968086999218902,0.5772591474860593,0.5985152282238247,0.5944225635166703
0,3,0.3490200534510385,0.88888,5000,2.1798279638643616,0.49280575539568344,834,2.1858685808821607,0.4758,0.7924602617566753,0.08331397376963459,,,0.8949145534382625,,0.8949199337382662,0.10508006626173383,0,0.3962996199960793,5,0.1,0.5,0.594048558352976,0.5879946028911247,0.5968439780528046,1.0,0.6037633961623307,0.5860008809263068,0.5973992039200084,0.5980729350781213,0.5915073979210722,0.5971403313004293,0.5981602755708345,0.5867387515440257
0,4,0.3431770980106014,0.89072,5000,2.1901377307044134,0.4429771908763505,833,2.1858552583871176,0.4764,0.7988818718594534,0.08398909892288291,,,0.9434244701182726,,0.9434315546408313,0.05656844535916872,0,0.3963190588201296,5,0.1,0.5,0.6089527562739722,0.5897981837670935,0.5965385609145224,0.6037633961623307,1.0,0.6108566517777151,0.6024116455739645,0.6080853494563628,0.6052424462972584,0.5926001001319227,0.6051031752285724,0.575398682994
0,5,0.3237346226218969,0.8962,5000,2.177169411270707,0.4849939975990396,833,2.185855450340734,0.4764,0.798659581206051,0.08396572876975276,,,0.9417452493461125,,0.9417599518096481,0.05824004819035189,0,0.39631878846341767,5,0.1,0.5,0.6022753802213172,0.60971214874896,0.5961388047932892,0.5860008809263068,0.6108566517777151,1.0,0.5956927271694383,0.5986428081337203,0.6011911600655353,0.5871752543737134,0.6206055517703223,0.5883452099077184
0,6,0.3411914163417402,0.89404,5000,2.181751083444666,0.47058823529411764,833,2.1858547251826277,0.4764,0.7988233107068321,0.08398294219481858,,,0.9429820893774797,,0.9429948295768285,0.05700517042317155,0,0.3963189816231268,5,0.1,0.5,0.5951847209297727,0.6019112196488733,0.5945314990103937,0.5973992039200084,0.6024116455739645,0.5956927271694383,1.0,0.5962768302061291,0.6118137995191393,0.5983831792957596,0.6137422271059214,0.5908468781429475
0,7,0.34600349314700646,0.8894,5000,2.1950475374857583,0.4525810324129652,833,2.1858673857423825,0.4758,0.7867137529631316,0.08270982425451444,,,0.8515044649535757,,0.8515235178956879,0.14847648210431208,0,0.3962562632822907,5,0.1,0.5,0.5874707254453004,0.5912798950301092,0.5806175382545423,0.5980729350781213,0.6080853494563628,0.5986428081337203,0.5962768302061291,1.0,0.5942278273169447,0.5788515183883043,0.5968489027631125,0.552636721890305
0,8,0.33156237526897603,0.89568,5000,2.186846971511841,0.47418967587034816,833,2.1858541447514543,0.4761,0.7955928880422948,0.0836433171535055,,,0.918578936306862,,0.9185984639325335,0.08140153606746647,0,0.39631225645676027,5,0.1,0.5,0.6038449739177085,0.5933251168140963,0.5968086999218902,0.5915073979210722,0.6052424462972584,0.6011911600655353,0.6118137995191393,0.5942278273169447,1.0,0.5821011176871754,0.6013636885784108,0.5860407851231542
0,9,0.3475932100111512,0.89048,5000,2.184192427882442,0.44417767106842737,833,2.185861559340748,0.4759,0.785276850879417,0.08255875797612876,,,0.8406498663026598,,0.8406656292354802,0.15933437076451984,0,0.39623954546702345,5,0.1,0.5,0.5900507339929483,0.592402607120679,0.5772591474860593,0.5971403313004293,0.5926001001319227,0.5871752543737134,0.5983831792957596,0.5788515183883043,0.5821011176871754,1.0,0.5861196651568077,0.5872599682683932
0,10,0.32928724855682845,0.89708,5000,2.1867904133266873,0.4669867947178872,833,2.185854775456194,0.4764,0.801076095164105,0.08421978489121554,,,0.9599999999281468,,0.9600020079313287,0.03999799206867127,0,0.39632103792563866,5,0.1,0.5,0.5897885789009358,0.6143954987244779,0.5985152282238247,0.5981602755708345,0.6051031752285724,0.6206055517703223,0.6137422271059214,0.5968489027631125,0.6013636885784108,0.5861196651568077,1.0,0.5949790216008967
0,11,0.3571695139667221,0.89,5000,2.1859472504368536,0.46938775510204084,833,2.18591595914798,0.4759,0.7798957327495376,0.08199302319249398,,,0.8,,0.8,0.19999999999999996,0,0.3961487485933309,5,0.1,0.5,0.5732969452856456,0.5881943373763092,0.5944225635166703,0.5867387515440257,0.575398682994,0.5883452099077184,0.5908468781429475,0.552636721890305,0.5860407851231542,0.5872599682683932,0.5949790216008967,1.0
1,0,0.302329199647258,0.90864,5000,2.0194037093056574,0.829736211031175,834,2.02752598520285,0.8077,0.8131051418350725,0.08317746507298542,,,0.8781223616061349,,0.8781336278299282,0.12186637217007179,0.9633347988134701,0.4075088188652731,5,0.1,0.5,1.0,0.6271507589346544,0.6343841287913635,0.6223698601119774,0.6309949831965718,0.6336666180230383,0.6341842451783436,0.6284484434072782,0.6408494352388693,0.6294526713915581,0.6337941800187684,0.6383862280820046
1,1,0.30017138449949726,0.91032,5000,2.0167422073858754,0.841726618705036,834,2.027501908354104,0.8075,0.8092300824507708,0.08320981150028126,,,0.8811556176029213,,0.8811756437929823,0.1188243562070177,0.9633620130099978,0.40751178823308915,5,0.1,0.5,0.6271507589346544,1.0,0.6355913512795649,0.6219607906004575,0.6270221077338918,0.630313220485731,0.63563306198725,0.6293808317840486,0.6286325996527115,0.633704577949187,0.6285643780696003,0.6165404252327777
1,2,0.2992781274340999,0.90788,5000,2.0256614685058594,0.8045563549160671,834,2.0275036606925747,0.8077,0.8196532657671167,0.08325078741606562,,,0.8849980958197572,,0.8850007529742483,0.1149992470257517,0.9633221374487467,0.4075151696602479,5,0.1,0.5,0.6343841287913635,0.6355913512795649,1.0,0.6379117315027929,0.6393535708524601,0.6345912105312953,0.64433036853184,0.6383914712549695,0.6365543262127642,0.6356141624461297,0.6483768812823837,0.633407244240773
1,3,0.3152053508504181,0.90108,5000,2.0177091271788985,0.7889688249400479,834,2.0274997397352714,0.8077,0.813622610851794,0.08326976751447819,,,0.8867779368143431,,0.8867928316851563,0.11320716831484368,0.9633679334884567,0.4075168443061623,5,0.1,0.5,0.6223698601119774,0.6219607906004575,0.6379117315027929,1.0,0.636076929006796,0.6335983818506027,0.6386892171174309,0.6381166883933951,0.636627138924748,0.6296069464285232,0.632695645224234,0.6305022904546814
1,4,0.30203464361868654,0.90852,5000,2.029756448887013,0.7935174069627852,833,2.0274613650081257,0.8078,0.8133042818386654,0.08370439605502333,,,0.9275348221088311,,0.9275538376587521,0.0724461623412479,0.9634350170278807,0.4075406209706989,5,0.1,0.5,0.6309949831965718,0.6270221077338918,0.6393535708524601,0.636076929006796,1.0,0.6406633918759537,0.6297388539497621,0.6334477656630011,0.633693058605066,0.6215703284198739,0.6331306870950594,0.6262591856652495
1,5,0.28402125398942807,0.9122,5000,2.0129824656027333,0.8247298919567827,833,2.0274623198250232,0.8077,0.8173044813339867,0.08382795552830329,,,0.9391214962678772,,0.9391345815973093,0.06086541840269066,0.9634399889508181,0.4075436558930276,5,0.1,0.5,0.6336666180230383,0.630313220485731,0.6345912105312953,0.6335983818506027,0.6406633918759537,1.0,0.6369183782421242,0.6384477294769199,0.6364302263291968,0.6266764291964065,0.6433664431271137,0.6365596723093866
1,6,0.30213301573482576,0.90856,5000,2.022283006597448,0.8103241296518607,833,2.0274606802212163,0.8077,0.8194921406154253,0.08391532960766222,,,0.9473149189217994,,0.9473269414186035,0.05267305858139648,0.9634391995157113,0.4075451649131085,5,0.1,0.5,0.6341842451783436,0.63563306198725,0.64433036853184,0.6386892171174309,0.6297388539497621,0.6369183782421242,1.0,0.643993679586623,0.6364413522613832,0.6429842324102597,0.6365546244583749,0.6334245279207318
1,7,0.3056746430173042,0.90512,5000,2.0414384735955133,0.7923169267707083,833,2.027549161316869,0.8077,0.8156003787032059,0.08293965149229235,,,0.8558216152777376,,0.8558355504241755,0.14416444957582453,0.9632230764573202,0.40748084090503967,5,0.1,0.5,0.6284484434072782,0.6293808317840486,0.6383914712549695,0.6381166883933951,0.6334477656630011,0.6384477294769199,0.643993679586623,1.0,0.6338575690377453,0.6288628476968472,0.6363859531611136,0.63070188506583
1,8,0.2987509697011322,0.90888,5000,2.027298088426943,0.8199279711884754,833,2.0274580869430934,0.8077,0.8174222616140011,0.08361920537757443,,,0.9195461459289611,,0.9195572511420109,0.08044274885798908,0.9634263518199441,0.4075376040122862,5,0.1,0.5,0.6408494352388693,0.6286325996527115,0.6365543262127642,0.636627138924748,0.633693058605066,0.6364302263291968,0.6364413522613832,0.6338575690377453,1.0,0.6290567054983478,0.640469128867714,0.6413562472830077
1,9,0.3076843251207262,0.90448,5000,2.027904956429093,0.7863145258103241,833,2.0275227646477307,0.8076,0.8113042465617364,0.08269065428444757,,,0.832472134762609,,0.8324833090708298,0.1675166909291702,0.9631359638770961,0.40743903415114857,5,0.1,0.5,0.6294526713915581,0.633704577949187,0.6356141624461297,0.6296069464285232,0.6215703284198739,0.6266764291964065,0.6429842324102597,0.6288628476968472,0.6290567054983478,1.0,0.6359525812556573,0.6253126690167116
1,10,0.28861773929612083,0.90932,5000,2.0294864398461803,0.7995198079231692,833,2.027455457483237,0.8077,0.8188854175282108,0.08405060241359727,,,0.9599999999062259,,0.9600020079313287,0.03999799206867127,0.9634529945415243,0.4075467743690545,5,0.1,0.5,0.6337941800187684,0.6285643780696003,0.6483768812823837,0.632695645224234,0.6331306870950594,0.6433664431271137,0.6365546244583749,0.6363859531611136,0.640469128867714,0.6359525812556573,1.0,0.6364971887062378
1,11,0.32250496329158357,0.90128,5000,2.0297966798146567,0.7995198079231692,833,2.027644280427561,0.8075,0.8120869031404432,0.08234437373728891,,,0.8,,0.8,0.19999999999999996,0.96287871707104,0.40735675230184143,5,0.1,0.5,0.6383862280820046,0.6165404252327777,0.633407244240773,0.6305022904546814,0.6262591856652495,0.6365596723093866,0.6334245279207318,0.63070188506583,0.6413562472830077,0.6253126690167116,0.6364971887062378,1.0
2,0,0.27258738217768586,0.92084,5000,1.818018184767829,0.9088729016786571,834,1.8297163598453656,0.8982,0.8153412465303885,0.08330436908873107,,,0.8895164784033947,,0.8895286381205763,0.11047136187942375,0.9695665274564026,0.40658270267779034,5,0.1,0.5,1.0,0.6324218867009945,0.629127660141621,0.6304422496795055,0.631028681143638,0.6291105063264228,0.6331644971803121,0.635341133688831,0.6401552240685996,0.6367346086727144,0.6357075903073828,0.6240237221607351
2,1,0.272616823812484,0.91888,5000,1.8118518944139834,0.9256594724220624,834,1.829688674344803,0.8981,0.8135779231155739,0.08326442475248816,,,0.8851939662549727,,0.8852115857637669,0.1147884142362331,0.9695547816223667,0.40657875116324943,5,0.1,0.5,0.6324218867009945,1.0,0.6286333853929342,0.6281164474574781,0.6273820892465811,0.6292788190252069,0.6395437910303309,0.6373953913250209,0.6286793576686198,0.6329820155278593,0.633375091507857,0.6220846817013688
2,2,0.27546571955606813,0.91956,5000,1.8271780058189675,0.894484412470024,834,1.8296802196258934,0.8978,0.8104649361019616,0.08318325082681888,,,0.8764098603505253,,0.8764268862004919,0.12357311379950808,0.9695587909309468,0.406569720133153,5,0.1,0.5,0.629127660141621,0.6286333853929342,1.0,0.6288203224047513,0.6296996192271398,0.6285354464354203,0.6280571113953094,0.6245595820480823,0.6291943833434414,0.6246553396093111,0.6314504582955865,0.6266107089654854
2,3,0.281733738520675,0.91508,5000,1.8168633028312966,0.8860911270983214,834,1.8296875633751621,0.8978,0.8126012348568318,0.08327007441132456,,,0.8858053350058831,,0.8858240048190352,0.11417599518096477,0.9695721514376948,0.4065792719990056,5,0.1,0.5,0.6304422496795055,0.6281164474574781,0.6288203224047513,1.0,0.6329533447295308,0.6294324608013735,0.6304445287300795,0.6339124171059328,0.6314446836245459,0.6277312265930309,0.6318248947903666,0.6249872944941868
2,4,0.27292793937454557,0.916,5000,1.828674484182287,0.9015606242496998,833,1.8296314359853825,0.8979,0.8130983764393254,0.08357450850315355,,,0.9187491809699838,,0.9187590984388334,0.08124090156116659,0.9696701831961024,0.4066007893135807,5,0.1,0.5,0.631028681143638,0.6273820892465811,0.6296996192271398,0.6329533447295308,1.0,0.6357926364907887,0.6298626573832169,0.6292971851041205,0.6314415498368748,0.6224767765667133,0.6386365562665294,0.6243141313549916
2,5,0.25541837289425173,0.9222,5000,1.8097785181469388,0.9147659063625451,833,1.8296196940607918,0.898,0.8144779184329212,0.08370411071344569,,,0.9327738758614793,,0.932784498770142,0.06721550122985798,0.9696844518277473,0.40660579573564587,5,0.1,0.5,0.6291105063264228,0.6292788190252069,0.6285354464354203,0.6294324608013735,0.6357926364907887,1.0,0.6335881522199399,0.6379747257427528,0.6301475689484499,0.6275239831471118,0.6386584544946217,0.6258365772986533
2,6,0.27872293012299737,0.91512,5000,1.825326469209459,0.8979591836734694,833,1.8296152703678266,0.898,0.8136920444040678,0.08373450979124882,,,0.936063463208876,,0.9360825259776115,0.06391747402238845,0.9696901766191051,0.4066067184224964,5,0.1,0.5,0.6331644971803121,0.6395437910303309,0.6280571113953094,0.6304445287300795,0.6298626573832169,0.6335881522199399,1.0,0.6316854910413914,0.6349609413594548,0.6240237506522079,0.6298262291763803,0.6226837962030572
2,7,0.27613061308789594,0.91572,5000,1.8488848297684282,0.8847539015606243,833,1.829756738659673,0.8977,0.8140887199083847,0.08310369888362684,,,0.8678012746730204,,0.8678178806284825,0.13218211937151747,0.9694598704245105,0.4065595305571461,5,0.1,0.5,0.635341133688831,0.6373953913250209,0.6245595820480823,0.6339124171059328,0.6292971851041205,0.6379747257427528,0.6316854910413914,1.0,0.6276274398420426,0.6298201874259363,0.6333750941088704,0.625079896049779
2,8,0.2655323215006928,0.9188,5000,1.8279819047009502,0.9111644657863145,833,1.8296283967197893,0.8979,0.8154580619479903,0.08360027692921511,,,0.9215376697815,,0.9215601626424377,0.07843983735756233,0.9696681085827433,0.40660198508819945,5,0.1,0.5,0.6401552240685996,0.6286793576686198,0.6291943833434414,0.6314446836245459,0.6314415498368748,0.6301475689484499,0.6349609413594548,0.6276274398420426,1.0,0.6337186543268436,0.6348960334875009,0.6342679754016274
2,9,0.2802416685090703,0.9148,5000,1.832485145992703,0.865546218487395,833,1.8298036644633966,0.8976,0.8108887079912448,0.08282792148385065,,,0.837958466582689,,0.8379699814266353,0.16203001857336474,0.9692892005446977,0.4065079656015703,5,0.1,0.5,0.6367346086727144,0.6329820155278593,0.6246553396093111,0.6277312265930309,0.6224767765667133,0.6275239831471118,0.6240237506522079,0.6298201874259363,0.6337186543268436,1.0,0.634766190052553,0.6215768953527419
2,10,0.2593591638241604,0.92316,5000,1.8306892359698261,0.8967587034813925,833,1.8295976586235216,0.898,0.817483182293268,0.08395570733492766,,,0.9599999998917865,,0.9600020079313287,0.03999799206867127,0.9697045904494412,0.4066106922649945,5,0.1,0.5,0.6357075903073828,0.633375091507857,0.6314504582955865,0.6318248947903666,0.6386365562665294,0.6386584544946217,0.6298262291763803,0.6333750941088704,0.6348960334875009,0.634766190052553,1.0,0.631850702878725
2,11,0.29063054548256145,0.91184,5000,1.8352293924049095,0.8871548619447779,833,1.8300914772021504,0.8979,0.8073802800174794,0.08247714728116907,,,0.8,,0.8,0.19999999999999996,0.9690761838210769,0.40639726635914647,5,0.1,0.5,0.6240237221607351,0.6220846817013688,0.6266107089654854,0.6249872944941868,0.6243141313549916,0.6258365772986533,0.6226837962030572,0.625079896049779,0.6342679754016274,0.6215768953527419,0.631850702878725,1.0
3,0,0.24777349521803438,0.9272,5000,1.5843572395819205,0.934052757793765,834,1.59955319314719,0.9278,0.8092749520091114,0.08339946234479441,,,0.8937610222811887,,0.8937703930525576,0.10622960694744243,0.9710562339919753,0.4033965641824948,5,0.1,0.5,1.0,0.6254512016633358,0.6176344237344094,0.6153576446063608,0.6232102045224395,0.6182923589886643,0.6270943218514832,0.615634397286036,0.6263434783220989,0.6209694743949727,0.6290274055166356,0.6164642159195688
3,1,0.24880281722493422,0.92948,5000,1.573882359045523,0.9520383693045563,834,1.5995239396445669,0.9278,0.8100820149429643,0.08340114007487442,,,0.8939358666530949,,0.8939460870438231,0.10605391295617694,0.9710425072926981,0.40339664094190747,5,0.1,0.5,0.6254512016633358,1.0,0.6145635565946601,0.6133233087706526,0.617897735222996,0.624996384564629,0.6323508722455861,0.6248308324580362,0.6228180863744147,0.6170538771285041,0.6336960183139533,0.6164216260578613
3,2,0.2508032077436994,0.92428,5000,1.5965963822823983,0.9268585131894485,834,1.599574106569869,0.9279,0.8022687175508435,0.08307495559834993,,,0.8599426036110737,,0.85995180964811,0.14004819035188998,0.970981294775135,0.4033563547033691,5,0.1,0.5,0.6176344237344094,0.6145635565946601,1.0,0.6096472603226892,0.6121653287804314,0.6150856584811311,0.6240629988542679,0.6088325974934341,0.6149655830096398,0.6210209343238948,0.6207798840269408,0.6094967792355693
3,3,0.25972878668860644,0.9214,5000,1.5843136178122625,0.9160671462829736,834,1.599586263632241,0.9278,0.8009664874448412,0.08308706837939607,,,0.8612049351501434,,0.8612218262135435,0.13877817378645652,0.9709831714119056,0.403358552251243,5,0.1,0.5,0.6153576446063608,0.6133233087706526,0.6096472603226892,1.0,0.6214720136159366,0.6159303607451616,0.6160022297613282,0.6083551275568561,0.6157806704387213,0.6110044143117285,0.6183046184876443,0.6100278448267409
3,4,0.25230749786540774,0.92376,5000,1.594815448478416,0.9399759903961584,833,1.5994517201432785,0.9278,0.8047022109997325,0.08341898361708942,,,0.8957954285506406,,0.8958084433512374,0.10419155664876256,0.971105222914892,0.4033982015890983,5,0.1,0.5,0.6232102045224395,0.617897735222996,0.6121653287804314,0.6214720136159366,1.0,0.6245738247963177,0.6202512668735004,0.6108955017319954,0.6169854674998592,0.6128725788640035,0.6237370235032057,0.6058142389873252
3,5,0.23094154257434094,0.93152,5000,1.5752921766704984,0.9507803121248499,833,1.5994471018306744,0.9278,0.8087299236388351,0.08364526383899604,,,0.9193771856791129,,0.9193915968073891,0.08060840319261087,0.9711382600514292,0.40341191727685755,5,0.1,0.5,0.6182923589886643,0.624996384564629,0.6150856584811311,0.6159303607451616,0.6245738247963177,1.0,0.6275352611378467,0.6134959359903075,0.6240444032478364,0.6179014796688687,0.6340456548234611,0.612362369107156
3,6,0.24728119848533325,0.92464,5000,1.5959411373844854,0.9147659063625451,833,1.5994375708004156,0.9278,0.8127868673773632,0.08380684729575487,,,0.9362165797771014,,0.9362331208272677,0.06376687917273227,0.9711610010259382,0.40341746261099853,5,0.1,0.5,0.6270943218514832,0.6323508722455861,0.6240629988542679,0.6160022297613282,0.6202512668735004,0.6275352611378467,1.0,0.623022044157818,0.6300959523092426,0.6241742681052047,0.6292491956770104,0.6137016928663308
3,7,0.2524577243099357,0.92496,5000,1.6238818301094904,0.9171668667466987,833,1.59965703662592,0.9278,0.8028996339749096,0.08304425437494499,,,0.8567430805251317,,0.8567591988353999,0.14324080116460014,0.9709546586544054,0.403351260511671,5,0.1,0.5,0.615634397286036,0.6248308324580362,0.6088325974934341,0.6083551275568561,0.6108955017319954,0.6134959359903075,0.623022044157818,1.0,0.6224721864710377,0.6165901406863366,0.6223225300401152,0.6082328875069011
3,8,0.24139542913503328,0.9294,5000,1.5954415665732489,0.936374549819928,833,1.5994587572999657,0.9278,0.8101552121367745,0.08362617330689243,,,0.9173876689298035,,0.9174037447919281,0.0825962552080719,0.9711252596130346,0.4034110508695433,5,0.1,0.5,0.6263434783220989,0.6228180863744147,0.6149655830096398,0.6157806704387213,0.6169854674998592,0.6240444032478364,0.6300959523092426,0.6224721864710377,1.0,0.6211209895960482,0.6322921596706379,0.6157151326924156
3,9,0.25074386022818884,0.9246,5000,1.6047451010456792,0.9015606242496998,833,1.5997138232849657,0.9278,0.8057519662202647,0.08296101597615081,,,0.8480684041102513,,0.848084935495206,0.15191506450479397,0.970841127525269,0.4033356771732351,5,0.1,0.5,0.6209694743949727,0.6170538771285041,0.6210209343238948,0.6110044143117285,0.6128725788640035,0.6179014796688687,0.6241742681052047,0.6165901406863366,0.6211209895960482,1.0,0.626575372736611,0.6143097156245466
3,10,0.2365645418554592,0.92856,5000,1.599330359035068,0.929171668667467,833,1.5993925100698259,0.9278,0.8151297702286502,0.08403506258746679,,,0.9599999998957851,,0.9600020079313287,0.03999799206867127,0.9711862983253093,0.40342140116313613,5,0.1,0.5,0.6290274055166356,0.6336960183139533,0.6207798840269408,0.6183046184876443,0.6237370235032057,0.6340456548234611,0.6292491956770104,0.6223225300401152,0.6322921596706379,0.626575372736611,1.0,0.6192314502643878
3,11,0.2693785534400469,0.92024,5000,1.6092392824314259,0.9123649459783914,833,1.600185197001448,0.9279,0.7991873236520148,0.0824997726052897,,,0.8,,0.8,0.19999999999999996,0.970531888412871,0.40319766308253335,5,0.1,0.5,0.6164642159195688,0.6164216260578613,0.6094967792355693,0.6100278448267409,0.6058142389873252,0.612362369107156,0.6137016928663308,0.6082328875069011,0.6157151326924156,0.6143097156245466,0.6192314502643878,1.0
4,0,0.22749464028095234,0.93364,5000,1.3326431380377874,0.9484412470023981,834,1.3507566208275743,0.9399,0.7977842781041058,0.08338012943445668,,,0.8986649694132864,,0.8986747653230259,0.10132523467697407,0.97071572077172,0.3988339274722091,5,0.1,0.5,1.0,0.6017745296568292,0.5954524235148994,0.599315874329823,0.6143057230912929,0.605069054281105,0.6079738118700041,0.6014424556323655,0.6050951629053705,0.6015389262598451,0.608482728465459,0.5959284656407591
4,1,0.2260585726292175,0.93396,5000,1.3167064278214067,0.960431654676259,834,1.350722696834479,0.9399,0.7949170707236318,0.08328089639270565,,,0.8879997877151652,,0.8880076301390493,0.11199236986095074,0.9706926651340594,0.3988239612438187,5,0.1,0.5,0.6017745296568292,1.0,0.5949348664289262,0.5956726584679474,0.5974205642571669,0.6065822464317777,0.6016570472747572,0.6055089861740558,0.6009329665631318,0.6030521169680264,0.6062984441008463,0.5951714286243237
4,2,0.22981307814787527,0.93104,5000,1.3472503467842385,0.935251798561151,834,1.35078052324228,0.9399,0.7936148038111562,0.08301841370071653,,,0.8597891680135157,,0.859796194970132,0.14020380502986796,0.9705723075456381,0.3987867622968896,5,0.1,0.5,0.5954524235148994,0.5949348664289262,1.0,0.6019530005967049,0.6078300742332617,0.6013261490171424,0.6061638952628972,0.6000189437176386,0.5977401872546411,0.5930815930994853,0.6051245639902672,0.5944568404002069
4,3,0.2390334545542741,0.92828,5000,1.3348396133493494,0.9256594724220624,834,1.3507782514102924,0.9399,0.7956009316546039,0.08309598041844324,,,0.8681257374029523,,0.8681441694694041,0.1318558305305959,0.970595243495873,0.39880009675430383,5,0.1,0.5,0.599315874329823,0.5956726584679474,0.6019530005967049,1.0,0.6050628858554304,0.6100858940558224,0.6015335028328214,0.6077424909914017,0.6023484305088498,0.5934300781700833,0.6045098651377531,0.5954019880849741
4,4,0.22432618686146322,0.93204,5000,1.341656592157152,0.9531812725090036,833,1.3506505496966572,0.9401,0.8009423004858305,0.08350363747526374,,,0.9119391336749366,,0.9119572310626977,0.08804276893730234,0.9707325811349667,0.3988433379983686,5,0.1,0.5,0.6143057230912929,0.5974205642571669,0.6078300742332617,0.6050628858554304,1.0,0.6153284885906657,0.6094378993405476,0.6067060110638108,0.6070693439946748,0.5996109644861514,0.6116768161349756,0.5920195797648805
4,5,0.21272351319136418,0.93672,5000,1.3225526721389205,0.9567827130852341,833,1.3506067248579032,0.9401,0.8032281526469495,0.08373411045904017,,,0.9367094743307336,,0.936730083831133,0.06326991616886701,0.9707781553517005,0.398854193853392,5,0.1,0.5,0.605069054281105,0.6065822464317777,0.6013261490171424,0.6100858940558224,0.6153284885906657,1.0,0.6140323652498227,0.6075062357291068,0.6079196178638904,0.6062171728122991,0.6143354486703503,0.598947475564884
4,6,0.22748143760143383,0.9312,5000,1.3482933905389574,0.9279711884753902,833,1.3505854557116572,0.94,0.8027781652983178,0.0838258106421865,,,0.9465650536594458,,0.9465840068269665,0.05341599317303347,0.9707970939674045,0.3988568387167429,5,0.1,0.5,0.6079738118700041,0.6016570472747572,0.6061638952628972,0.6015335028328214,0.6094378993405476,0.6140323652498227,1.0,0.6125449210575007,0.6129362152027238,0.6054419779501458,0.6129072619304269,0.5976582653728354
4,7,0.22742161944295,0.93048,5000,1.379753413023772,0.9339735894357744,833,1.3508599086310535,0.9398,0.7995658195433094,0.08320627626242942,,,0.87997990609418,,0.8799859444806988,0.12001405551930122,0.9706093356187286,0.39881519359423767,5,0.1,0.5,0.6014424556323655,0.6055089861740558,0.6000189437176386,0.6077424909914017,0.6067060110638108,0.6075062357291068,0.6125449210575007,1.0,0.6037612426222255,0.6072645324226807,0.603868208364193,0.5988753857416034
4,8,0.22021645377419746,0.93408,5000,1.3445709458103887,0.9483793517406963,833,1.3506548492291484,0.9401,0.7988439286612787,0.08356797331906836,,,0.9188537001516934,,0.9188695346619146,0.08113046533808543,0.9707579201226105,0.3988470846244377,5,0.1,0.5,0.6050951629053705,0.6009329665631318,0.5977401872546411,0.6023484305088498,0.6070693439946748,0.6079196178638904,0.6129362152027238,0.6037612426222255,1.0,0.6008582777703828,0.608969469990468,0.5978226999877656
4,9,0.2328159154404643,0.92988,5000,1.3584209349420335,0.9207683073229291,833,1.3509666237968225,0.9399,0.7945062327549819,0.08297384544863831,,,0.8549991454767237,,0.8550022589227448,0.14499774107725516,0.9705259483277481,0.3987781317054907,5,0.1,0.5,0.6015389262598451,0.6030521169680264,0.5930815930994853,0.5934300781700833,0.5996109644861514,0.6062171728122991,0.6054419779501458,0.6072645324226807,0.6008582777703828,1.0,0.6035614295902983,0.5930864402765693
4,10,0.21470336905757711,0.936,5000,1.3489233873508595,0.9399759903961584,833,1.3505293306070394,0.9401,0.8020137450769361,0.08395081466164026,,,0.9599999998925238,,0.9600020079313287,0.03999799206867127,0.9708160265771764,0.39885899626629473,5,0.1,0.5,0.608482728465459,0.6062984441008463,0.6051245639902672,0.6045098651377531,0.6116768161349756,0.6143354486703503,0.6129072619304269,0.603868208364193,0.608969469990468,0.6035614295902983,1.0,0.5941132691001859
4,11,0.24530471674623383,0.92876,5000,1.364691482649909,0.929171668667467,833,1.351618402301313,0.9396,0.7886483754660549,0.0824621117854112,,,0.8,,0.8,0.19999999999999996,0.9700072240872528,0.3986152836166123,5,0.1,0.5,0.5959284656407591,0.5951714286243237,0.5944568404002069,0.5954019880849741,0.5920195797648805,0.598947475564884,0.5976582653728354,0.5988753857416034,0.5978226999877656,0.5930864402765693,0.5941132691001859,1.0
5,0,0.2110580749240271,0.93852,5000,1.084265461674443,0.9532374100719424,834,1.105189371223267,0.9449,0.7920909609970064,0.08364260812776227,,,0.9315525933752171,,0.9315747201445711,0.0684252798554289,0.9695498163035955,0.39209892205406555,5,0.1,0.5,1.0,0.591118497049378,0.5790746874312843,0.5828859230913908,0.5936250141160436,0.5896747569937814,0.5865806078715189,0.5791706883516728,0.5961102517195571,0.58723293616339,0.588914090649472,0.579208086237092
5,1,0.20828230596699152,0.9384,5000,1.0646469041153237,0.9628297362110312,834,1.105213490347512,0.9449,0.7823870959145415,0.08323468269409609,,,0.8884211688467185,,0.8884292957180865,0.11157070428191351,0.969489603337052,0.39207006124462696,5,0.1,0.5,0.591118497049378,1.0,0.5774861446151993,0.5773031246679957,0.5792387454544735,0.5849800486009469,0.5860228745937485,0.5717703647409272,0.5768278540220432,0.5679420032290222,0.5839841124882872,0.5659812332982784
5,2,0.21127475536677537,0.93656,5000,1.10068013270696,0.9400479616306955,834,1.1053538486218681,0.945,0.7824990798256617,0.08306308353881996,,,0.87027737244641,,0.870297675819487,0.12970232418051297,0.9693803631457797,0.392046569239711,5,0.1,0.5,0.5790746874312843,0.5774861446151993,1.0,0.5747717961011848,0.590435054732139,0.5821343521932171,0.5845667553850761,0.5737981877042806,0.5747894400692887,0.577201325630824,0.5820583842412708,0.5688151816717807
5,3,0.21893804924099877,0.9354,5000,1.0897504422399733,0.9316546762589928,834,1.1053069593807379,0.9451,0.7838497978737712,0.08316250112712822,,,0.8807891519360715,,0.8808041764971638,0.1191958235028362,0.9694408451242068,0.3920612745451132,5,0.1,0.5,0.5828859230913908,0.5773031246679957,0.5747717961011848,1.0,0.5825578856902829,0.5858524082951638,0.577473011917278,0.5712716552505922,0.5820290864167708,0.5754199846037953,0.5876442737809847,0.5803222439612146
5,4,0.20993380381452856,0.93696,5000,1.092293593618605,0.9543817527010804,833,1.1050824387766682,0.9448,0.7877344955296157,0.08357186578629365,,,0.9240727509574487,,0.924085136288339,0.07591486371166101,0.9695757910118262,0.3920959485682511,5,0.1,0.5,0.5936250141160436,0.5792387454544735,0.590435054732139,0.5825578856902829,1.0,0.5936771483543553,0.5877541995134216,0.5736598097882842,0.5827111446245824,0.569146113734005,0.5868833208951669,0.572209536786998
5,5,0.19758728895763492,0.94036,5000,1.07465895458504,0.9627851140456183,833,1.105028736515167,0.945,0.7885510542916909,0.08375474106221513,,,0.9434088121847328,,0.9434215149841876,0.05657848501581242,0.9696130753116212,0.39210242644489113,5,0.1,0.5,0.5896747569937814,0.5849800486009469,0.5821343521932171,0.5858524082951638,0.5936771483543553,1.0,0.5839546499317703,0.5781889925040359,0.5892094354199763,0.5770567859339364,0.5851808997174223,0.5685524518795881
5,6,0.21016512600005052,0.93612,5000,1.1046246687571208,0.936374549819928,833,1.1050085404429573,0.9449,0.7864714026858142,0.08374286692268738,,,0.9421533166686064,,0.9421715777320415,0.05782842226795848,0.969612801589533,0.3921021371432785,5,0.1,0.5,0.5865806078715189,0.5860228745937485,0.5845667553850761,0.577473011917278,0.5877541995134216,0.5839546499317703,1.0,0.570591181623502,0.5940515813326211,0.5751231539884822,0.5816179407498441,0.5707127006970679
5,7,0.21869451025750036,0.93508,5000,1.1375973533701014,0.9399759903961584,833,1.1054514996921674,0.9451,0.7771861963829176,0.08300171518202253,,,0.8637886751718673,,0.8638020179709854,0.13619798202901456,0.9693956185485657,0.3920361790967029,5,0.1,0.5,0.5791706883516728,0.5717703647409272,0.5737981877042806,0.5712716552505922,0.5736598097882842,0.5781889925040359,0.570591181623502,1.0,0.5766935600991919,0.5757973700920308,0.5765080981119498,0.5668548251017389
5,8,0.2025235681563236,0.9398,5000,1.0976467905221161,0.9531812725090036,833,1.1050828502962764,0.9449,0.7882824929601572,0.08363418040806968,,,0.9306615002344897,,0.9306811907032779,0.06931880929672207,0.9695872151457509,0.39209857998457714,5,0.1,0.5,0.5961102517195571,0.5768278540220432,0.5747894400692887,0.5820290864167708,0.5827111446245824,0.5892094354199763,0.5940515813326211,0.5766935600991919,1.0,0.5737206669583538,0.592162009854265,0.5783984242923885
5,9,0.21334581424772833,0.93536,5000,1.1160148801626983,0.9279711884753902,833,1.1056206978548069,0.9451,0.7781921457300305,0.08288168007194303,,,0.8510969308875419,,0.8511118919732945,0.1488881080267055,0.9693134253659552,0.39201337073433273,5,0.1,0.5,0.58723293616339,0.5679420032290222,0.577201325630824,0.5754199846037953,0.569146113734005,0.5770567859339364,0.5751231539884822,0.5757973700920308,0.5737206669583538,1.0,0.5815537230537053,0.5647146153408488
5,10,0.19717341243752107,0.94232,5000,1.1022783782747057,0.943577430972389,833,1.104954600905458,0.9449,0.7888916800756298,0.08391165606132388,,,0.9599999998942663,,0.9600020079313287,0.03999799206867127,0.9696256918925061,0.39210539683992934,5,0.1,0.5,0.588914090649472,0.5839841124882872,0.5820583842412708,0.5876442737809847,0.5868833208951669,0.5851808997174223,0.5816179407498441,0.5765080981119498,0.592162009854265,0.5815537230537053,1.0,0.5741815072699359
5,11,0.2314418450045358,0.9328,5000,1.1228825427867748,0.9339735894357744,833,1.1064368374050615,0.945,0.7741854832238239,0.08239841901763821,,,0.8,,0.8,0.19999999999999996,0.9688256683969676,0.39186700293761845,5,0.1,0.5,0.579208086237092,0.5659812332982784,0.5688151816717807,0.5803222439612146,0.572209536786998,0.5685524518795881,0.5707127006970679,0.5668548251017389,0.5783984242923885,0.5647146153408488,0.5741815072699359,1.0
6,0,0.1926790524013103,0.94328,5000,0.8499966594907973,0.9556354916067147,834,0.8731287679733178,0.9501,0.7697679720393446,0.08349848035305328,,,0.9205207753357139,,0.9205411374930977,0.07945886250690226,0.967393873061488,0.38548403917546875,5,0.1,0.5,1.0,0.56255586407135,0.5583695181685548,0.5499784823535234,0.5630243812127823,0.5577948678803528,0.5542285946737919,0.5552888476614204,0.5602154267629874,0.557621525362031,0.5509444475690962,0.5501211228132007
6,1,0.19150180408707376,0.94296,5000,0.82848604299404,0.9664268585131894,834,0.8731749510993592,0.9501,0.7752083469192648,0.08341670810843768,,,0.9123737611476277,,0.9123889362983786,0.08761106370162142,0.9673267634698631,0.38547925124485444,5,0.1,0.5,0.56255586407135,1.0,0.5560662550426619,0.5563456468101619,0.5608522090310647,0.5712171419631907,0.5615639987749528,0.563984661414869,0.5637782196890959,0.5626416252850414,0.5621425981325883,0.5513632773926946
6,2,0.19505276895027346,0.94208,5000,0.8675895664427016,0.9460431654676259,834,0.8733106202210862,0.9501,0.7691912228108018,0.08308832099339564,,,0.8796563703262208,,0.8796696952964209,0.12033030470357908,0.9672180568951415,0.38544907871512823,5,0.1,0.5,0.5583695181685548,0.5560662550426619,1.0,0.5498032919570092,0.5633344414751387,0.5594482885256842,0.5598954319352972,0.561163320964774,0.5520426578904674,0.5584293479664871,0.5555317229234721,0.5437022744580117
6,3,0.20293627606028583,0.94036,5000,0.8594646961600693,0.9424460431654677,834,0.8732740389653288,0.9501,0.7667253228530644,0.08306789868530018,,,0.8776216844179484,,0.877636664826063,0.12236333517393705,0.9672525402972107,0.38544648968470213,5,0.1,0.5,0.5499784823535234,0.5563456468101619,0.5498032919570092,1.0,0.5615058793171775,0.5662023766367452,0.5522346154706763,0.5491891658359114,0.5579280291686869,0.5507611191201297,0.5540927492857863,0.5463633104508026
6,4,0.1969169725598708,0.94276,5000,0.8564871814515855,0.9627851140456183,833,0.8730125103514796,0.9501,0.7739830550156221,0.08360010164372515,,,0.9306453610164332,,0.9306661312183123,0.06933386878168768,0.9673960194954767,0.38548852248993887,5,0.1,0.5,0.5630243812127823,0.5608522090310647,0.5633344414751387,0.5615058793171775,1.0,0.5743101202991233,0.5582283676069585,0.556977174020807,0.5585417459263916,0.5571262700568131,0.5602049443049105,0.5452317056368584
6,5,0.17715729942847827,0.94604,5000,0.8415895755644198,0.9699879951980792,833,0.8729391042797711,0.9501,0.7788323739624858,0.08389473654382512,,,0.9599999999003694,,0.9600020079313287,0.03999799206867127,0.9674201508988648,0.38549577147007186,5,0.1,0.5,0.5577948678803528,0.5712171419631907,0.5594482885256842,0.5662023766367452,0.5743101202991233,1.0,0.5613944889948678,0.5669115443961088,0.5667140495368262,0.5591846475297153,0.5656899830822736,0.5545014307892655
6,6,0.19711047069400928,0.93968,5000,0.8743064513912907,0.9387755102040817,833,0.8729389890695152,0.9501,0.7713615679269716,0.08362231388473533,,,0.9328583789360194,,0.9328748556799358,0.06712514432006422,0.9674108044086918,0.3854893032080292,5,0.1,0.5,0.5542285946737919,0.5615639987749528,0.5598954319352972,0.5522346154706763,0.5582283676069585,0.5613944889948678,1.0,0.5638785078991302,0.5639052812272385,0.5579191193253777,0.5562046731004004,0.544828074547748
6,7,0.19670580234437895,0.94112,5000,0.9080528241616709,0.9447779111644657,833,0.8733841841594099,0.9501,0.7717741397933949,0.08313847429729303,,,0.8846531718736433,,0.8846644244766829,0.11533557552331708,0.9671908760860116,0.38545506851997136,5,0.1,0.5,0.5552888476614204,0.563984661414869,0.561163320964774,0.5491891658359114,0.556977174020807,0.5669115443961088,0.5638785078991302,1.0,0.5637590010517896,0.5555634082566494,0.5566081833669952,0.5486535510861404
6,8,0.19039317974998693,0.94308,5000,0.863714787695143,0.9555822328931572,833,0.8730031733695691,0.9501,0.7738280887090885,0.08363652458381421,,,0.9342741987849486,,0.9342854274383816,0.06571457256161839,0.9674018330890012,0.38548981254866954,5,0.1,0.5,0.5602154267629874,0.5637782196890959,0.5520426578904674,0.5579280291686869,0.5585417459263916,0.5667140495368262,0.5639052812272385,0.5637590010517896,1.0,0.5571110358248089,0.5621769041842987,0.5514646183273246
6,9,0.19700361523053544,0.93932,5000,0.887720153287605,0.9315726290516206,833,0.8735872748941659,0.9499,0.7704615307783382,0.08301128652588739,,,0.8719813835050616,,0.8719943777922795,0.1280056222077205,0.9671312596229313,0.3854385751295778,5,0.1,0.5,0.557621525362031,0.5626416252850414,0.5584293479664871,0.5507611191201297,0.5571262700568131,0.5591846475297153,0.5579191193253777,0.5555634082566494,0.5571110358248089,1.0,0.5654211296115094,0.5487096496144425
6,10,0.18470576654075627,0.94392,5000,0.8679933702504193,0.9483793517406963,833,0.8728820352127757,0.9501,0.7713763175149434,0.08373635086054879,,,0.9442199462292503,,0.9442297073440088,0.055770292655991205,0.9674319479947237,0.38549274533691935,5,0.1,0.5,0.5509444475690962,0.5621425981325883,0.5555317229234721,0.5540927492857863,0.5602049443049105,0.5656899830822736,0.5562046731004004,0.5566081833669952,0.5621769041842987,0.5654211296115094,1.0,0.544490703994221
6,11,0.21443910228954569,0.93588,5000,0.8938388427098592,0.9387755102040817,833,0.874611075884237,0.9496,0.759232087309447,0.08228880351998412,,,0.8,,0.8,0.19999999999999996,0.9666128557364779,0.3852498370041528,5,0.1,0.5,0.5501211228132007,0.5513632773926946,0.5437022744580117,0.5463633104508026,0.5452317056368584,0.5545014307892655,0.544828074547748,0.5486535510861404,0.5514646183273246,0.5487096496144425,0.544490703994221,1.0
7,0,0.18262865308577278,0.94596,5000,0.6505542485802261,0.9592326139088729,834,0.6748074524509259,0.9535,0.7596031030778213,0.08366248035435907,,,0.9341621135843485,,0.9341749912153005,0.06582500878469955,0.9652714768610144,0.3767618655799537,5,0.1,0.5,1.0,0.5383883289671416,0.5237381186795176,0.5251878188809034,0.5352446324730159,0.5366271975209068,0.53639148568766,0.53567039055828,0.5356504821616205,0.5362515490918605,0.5349427695509172,0.5295086178182872
