round,client_id,client_i_training_loss,client_i_training_accuracy,client_i_training_dataset_size,client_i_evaluation_loss,client_i_evaluation_accuracy,client_i_evaluation_dataset_size,client_i_central_evaluation_loss,client_i_central_evaluation_accuracy,client_i_cosine_similarity,client_i_importance_coefficient,client_i_tanh_val,tanh_normalization_value,client_i_q,client_i_mask_order,client_i_v_nonzero_fraction,client_i_v_sparsity,client_i_v_cosine_similarity,client_i_reward_gradient_norm,local_epochs,learning_rate,gamma,client_0_cosine_similarity,client_1_cosine_similarity,client_2_cosine_similarity,client_3_cosine_similarity,client_4_cosine_similarity,client_5_cosine_similarity,client_6_cosine_similarity,client_7_cosine_similarity,client_8_cosine_similarity,client_9_cosine_similarity,client_10_cosine_similarity,client_11_cosine_similarity
0,0,2.2899522998116235,0.15181185505159586,4167,2.2975967611585344,0.1079136690647482,834,2.2977031967307946,0.102,0.9673255014649726,0.08415600769017562,,,0.9476259964949557,,0.9476819989767458,0.052318001023254235,0,0.14367920736953302,10,0.025,0.15,1.0,0.9221790041209021,0.89873807045634,0.9445218217915762,0.9133671051482432,0.8597738629694942,0.9236422422151788,0.9283371698437717,0.9271310263204193,0.9441786456275478,0.9405286610790705,0.916458997067038
0,1,2.292770791053772,0.13095752339812816,4167,2.2952475207192555,0.11990407673860912,834,2.2977031665512277,0.102,0.9672737590909077,0.08415150617375418,,,0.9474303021435488,,0.9474756977108811,0.05252430228911886,0,0.1436791588570394,10,0.025,0.15,0.9221790041209021,1.0,0.8910143735942387,0.9169642423557278,0.9466673199030294,0.8983311828560807,0.9056784631352344,0.9422187949713007,0.9273047053426785,0.9172873414254186,0.9217926033049857,0.9288159350714037
0,2,2.291453665675539,0.1183585313174946,4167,2.296182325908116,0.11390887290167866,834,2.297708951974217,0.102,0.9435393562861543,0.082086645295039,,,0.8576646381817037,,0.8577098909078906,0.14229010909210937,0,0.14364444102970958,10,0.025,0.15,0.89873807045634,0.8910143735942387,1.0,0.910781658147007,0.8712224129442051,0.8954396295295654,0.9211084468058873,0.8575659979781696,0.8843889893963534,0.883140476540747,0.9171399689057077,0.9148994798734076
0,3,2.2918692111968992,0.13249340052795777,4167,2.2983377320425853,0.10311750599520383,834,2.2977031665512277,0.102,0.9655032637523911,0.08399747547871103,,,0.9407341282009944,,0.9407832846462346,0.05921671535376538,0,0.14367866315050404,10,0.025,0.15,0.9445218217915762,0.9169642423557278,0.910781658147007,1.0,0.9159418548550943,0.854343259064435,0.9297606198292788,0.8950455022815784,0.9433281998693592,0.919568676418554,0.9567787999557791,0.9108786147060414
0,4,2.290304593606429,0.1377009839212863,4167,2.2991010461534773,0.08883553421368548,833,2.2977036373524724,0.102,0.9600828965575108,0.08352591087853756,,,0.9202338078782939,,0.920268686768662,0.07973131323133797,0,0.14367494915606843,10,0.025,0.15,0.9133671051482432,0.9466673199030294,0.8712224129442051,0.9159418548550943,1.0,0.8837861201236182,0.9114594422477968,0.9285900659485127,0.9272246865598139,0.9172825515344318,0.9127788178235269,0.907278008131118
0,5,2.291650152206421,0.1509719222462203,4167,2.3006042071751187,0.09963985594237695,833,2.297718675830696,0.102,0.928292593885147,0.08076019762884366,,,0.8,,0.8000115528708884,0.19998844712911157,0,0.14357377295692886,10,0.025,0.15,0.8597738629694942,0.8983311828560807,0.8954396295295654,0.854343259064435,0.8837861201236182,1.0,0.843533846129491,0.8724147983496202,0.8742759594797469,0.8772049364332994,0.8774013004685879,0.9336869665343835
0,6,2.291885261102156,0.15560355171586274,4167,2.2990623201642717,0.09123649459783914,833,2.297708013389684,0.102,0.9527917550252644,0.08289159144632097,,,0.8926580493447441,,0.8926985855985212,0.10730141440147878,0,0.14365758499828765,10,0.025,0.15,0.9236422422151788,0.9056784631352344,0.9211084468058873,0.9297606198292788,0.9114594422477968,0.843533846129491,1.0,0.8849056455943188,0.9251617396782668,0.9009309365181133,0.9171793124068245,0.8884290273562493
0,7,2.291043001232725,0.1201343892488601,4167,2.297242743628366,0.09603841536614646,833,2.297707992263987,0.102,0.9531559873713776,0.08292327916681846,,,0.8940356091112235,,0.8940684260038619,0.10593157399613806,0,0.143657786429276,10,0.025,0.15,0.9283371698437717,0.9422187949713007,0.8575659979781696,0.8950455022815784,0.9285900659485127,0.8724147983496202,0.8849056455943188,1.0,0.9106342597170923,0.9192742115231953,0.9008149795931278,0.9161782460753207
0,8,2.2925254662831622,0.14896783485357656,4166,2.3002165385654996,0.09603841536614646,833,2.2977032631258423,0.102,0.9646713412216037,0.0839250993459692,,,0.9375877217396528,,0.9376392533544586,0.062360746645541365,0,0.1436784377512602,10,0.025,0.15,0.9271310263204193,0.9273047053426785,0.8843889893963534,0.9433281998693592,0.9272246865598139,0.8742759594797469,0.9251617396782668,0.9106342597170923,1.0,0.9234859274228034,0.9344468530854292,0.9109783993237259
0,9,2.2938222950155085,0.14248679788766203,4166,2.298099790300642,0.1056422569027611,833,2.2977036071729056,0.102,0.9607990128554482,0.08358821202596416,,,0.9229422246641323,,0.9229836114274397,0.07701638857256032,0,0.1436752578797461,10,0.025,0.15,0.9441786456275478,0.9172873414254186,0.883140476540747,0.919568676418554,0.9172825515344318,0.8772049364332994,0.9009309365181133,0.9192742115231953,0.9234859274228034,1.0,0.9233405590066556,0.9181589076921712
0,10,2.292644061464252,0.14375900144023043,4166,2.296884366444179,0.09603841536614646,833,2.2977031242998343,0.102,0.9679531975341598,0.08421061639752965,,,0.949999999956527,,0.9500173293063326,0.04998267069366735,0,0.14367931124478106,10,0.025,0.15,0.9405286610790705,0.9217926033049857,0.9171399689057077,0.9567787999557791,0.9127788178235269,0.8774013004685879,0.9171793124068245,0.9008149795931278,0.9344468530854292,0.9233405590066556,1.0,0.9238819831189674
0,11,2.2917004838134303,0.14335093614978398,4166,2.2968736716679166,0.1056422569027611,833,2.2977036071729056,0.102,0.963043259841852,0.08378345847233658,,,0.9314301703051563,,0.9314667194797908,0.06853328052020924,0,0.143676192790869,10,0.025,0.15,0.916458997067038,0.9288159350714037,0.9148994798734076,0.9108786147060414,0.907278008131118,0.9336869665343835,0.8884290273562493,0.9161782460753207,0.9109783993237259,0.9181589076921712,0.9238819831189674,1.0
1,0,2.191203195759744,0.21216702663786896,4167,2.2872348172324046,0.12589928057553956,834,2.2876517561417593,0.1261,0.9875330166238199,0.08386594413897938,,,0.9451531633236758,,0.9451981317357363,0.0548018682642637,0.8528139000706988,0.14801244284801338,10,0.025,0.15,1.0,0.9731912881787325,0.967421137361046,0.9743254918266344,0.9654327237357009,0.9721059883928279,0.97187300876619,0.9737757289272565,0.9678038405668089,0.9766502809234504,0.9754769580211565,0.9749752866174601
1,1,2.2001465465083268,0.2033357331413487,4167,2.284027167728969,0.13788968824940048,834,2.287651744069932,0.1261,0.9888384517915015,0.08390549902415526,,,0.9477405597019957,,0.9477975276856299,0.05220247231437014,0.8528171724340253,0.14801251969636708,10,0.025,0.15,0.9731912881787325,1.0,0.9699161517698204,0.973634070450292,0.9732633121086194,0.9726752721176307,0.9719625466785311,0.9755704966746169,0.9728804645421332,0.9733531415109797,0.9760921170837571,0.9759658595608364
1,2,2.1911480495423983,0.21005519558435326,4167,2.286238193511963,0.12829736211031176,834,2.287661404549321,0.1257,0.9841331132721685,0.08248084008944735,,,0.8545496086572817,,0.8545823637173837,0.14541763628261628,0.8530365898251476,0.14799756342987816,10,0.025,0.15,0.967421137361046,0.9699161517698204,1.0,0.9696117920107107,0.9662371197723764,0.9720431329065398,0.9712999986305622,0.9649315882620711,0.9634523229005288,0.9710323068094242,0.9712473429317158,0.9665469600476808
1,3,2.1957383040225866,0.2083993280537557,4167,2.288729667663574,0.1342925659472422,834,2.2876516324055345,0.1261,0.9883724828260743,0.08379549712854856,,,0.9405450260773732,,0.9405934874816392,0.05940651251836082,0.8528312047200213,0.14801222435409467,10,0.025,0.15,0.9743254918266344,0.973634070450292,0.9696117920107107,1.0,0.9703334471912363,0.9689629598771843,0.9750403900699066,0.9726428850872849,0.9728175020099389,0.9732945451319269,0.9779164580023408,0.9743249458239019
1,4,2.192725503083431,0.20883129349652027,4167,2.290097679410662,0.11164465786314526,833,2.2876530116117455,0.1261,0.9844833350334394,0.08337887844249119,,,0.9132928251253988,,0.9133369642356125,0.0866630357643875,0.8527980016783331,0.1480099349236182,10,0.025,0.15,0.9654327237357009,0.9732633121086194,0.9662371197723764,0.9703334471912363,1.0,0.9622199501573144,0.9724710828819503,0.9698915705423451,0.968062860167215,0.9712721417481314,0.9714612713511196,0.9663319852033627
1,5,2.1941998958587647,0.2097432205423566,4167,2.290811402457101,0.11764705882352941,833,2.2876729512516456,0.1257,0.98361655444553,0.08164691161798956,,,0.8,,0.8000115528708884,0.19998844712911157,0.8526219267660355,0.14796880521590788,10,0.025,0.15,0.9721059883928279,0.9726752721176307,0.9720431329065398,0.9689629598771843,0.9622199501573144,1.0,0.9678554003451644,0.9634438581537097,0.9604548803199562,0.9679405705008843,0.9689005373944765,0.9714104271464731
1,6,2.210253481792681,0.21341492680585553,4167,2.2887282371520996,0.12965186074429771,833,2.287657861468158,0.1258,0.9873752359794212,0.08308186432966758,,,0.8938642959712197,,0.8939033849911703,0.10609661500882972,0.8530574824931876,0.14800734712907526,10,0.025,0.15,0.97187300876619,0.9719625466785311,0.9712999986305622,0.9750403900699066,0.9724710828819503,0.9678554003451644,1.0,0.9704808595908617,0.972829576968395,0.9706222781716235,0.9754005045122179,0.9716567151419213
1,7,2.19639203006571,0.20671946244300457,4167,2.287128891263689,0.12364945978391356,833,2.287657864486115,0.1258,0.9867880245165797,0.08308234600334696,,,0.893895803602402,,0.8939281411430741,0.10607185885692594,0.8530593447971293,0.14800734713648978,10,0.025,0.15,0.9737757289272565,0.9755704966746169,0.9649315882620711,0.9726428850872849,0.9698915705423451,0.9634438581537097,0.9704808595908617,1.0,0.9705433879098785,0.9761090084685592,0.973170833764742,0.9737188860796034
1,8,2.1997067444252245,0.20645703312530006,4166,2.290952069418771,0.11404561824729892,833,2.287651849698417,0.1261,0.9851522973229365,0.08364649566646291,,,0.9307984210335063,,0.9308313115809279,0.06916868841907209,0.8528101043414755,0.1480112640329943,10,0.025,0.15,0.9678038405668089,0.9728804645421332,0.9634523229005288,0.9728175020099389,0.968062860167215,0.9604548803199562,0.972829576968395,0.9705433879098785,1.0,0.9716957830192502,0.9728251217540453,0.9712074597946736
1,9,2.202116490132881,0.2099855976956313,4166,2.2867864200047086,0.12725090036014405,833,2.287652577025981,0.1261,0.9880559982563195,0.08353310197169968,,,0.9233810202788292,,0.9234209701110726,0.0765790298889274,0.8528294898597163,0.1480108173392191,10,0.025,0.15,0.9766502809234504,0.9733531415109797,0.9710323068094242,0.9732945451319269,0.9712721417481314,0.9679405705008843,0.9706222781716235,0.9761090084685592,0.9716957830192502,1.0,0.9716737909035175,0.9756716542074994
1,10,2.2021289839889064,0.20544887181949112,4166,2.2868563447679793,0.12725090036014405,833,2.287651759159716,0.1261,0.9887806390417058,0.0839400402717626,,,0.9499999999345872,,0.9500173293063326,0.04998267069366735,0.8528161513258571,0.14801256528622933,10,0.025,0.15,0.9754769580211565,0.9760921170837571,0.9712473429317158,0.9779164580023408,0.9714612713511196,0.9689005373944765,0.9754005045122179,0.973170833764742,0.9728251217540453,0.9716737909035175,1.0,0.9735142823483914
1,11,2.1969678911295802,0.21070571291406626,4166,2.2869062423706055,0.1332533013205282,833,2.287652368786969,0.1261,0.9877227520020398,0.08364258131544877,,,0.9305423723155685,,0.9305754980112558,0.06942450198874417,0.852834919287254,0.14801126235964474,10,0.025,0.15,0.9749752866174601,0.9759658595608364,0.9665469600476808,0.9743249458239019,0.9663319852033627,0.9714104271464731,0.9716567151419213,0.9737188860796034,0.9712074597946736,0.9756716542074994,0.9735142823483914,1.0
2,0,2.087388909224308,0.25385169186465084,4167,2.2715917995997836,0.1882494004796163,834,2.2722689894181265,0.1836,0.9830917660799283,0.08363057787583161,,,0.9376694123616208,,0.9377217738608045,0.062278226139195536,0.9572186485805568,0.14760829518913718,10,0.025,0.15,1.0,0.9657563701540915,0.9621836538003554,0.9656402748536743,0.9593120931654396,0.9651537848787036,0.9625712177936602,0.9663082838050606,0.9621742034742785,0.9671375290428006,0.9668929438886613,0.965675375271732
2,1,2.093180976853226,0.2486441084713223,4167,2.2669481209346225,0.21223021582733814,834,2.272268793250941,0.1836,0.9855101149444704,0.0837334675609039,,,0.9477583112553969,,0.9478057797362645,0.05219422026373555,0.9572202777810278,0.1476086727921539,10,0.025,0.15,0.9657563701540915,1.0,0.9624036641422351,0.9666405762134445,0.9670767908807694,0.965069978226306,0.9651447875537558,0.969287380704,0.970448157522784,0.9687044607926842,0.9656650342815205,0.9711113475519395
2,2,2.0814476161292106,0.25629949604031677,4167,2.270938055855887,0.18345323741007194,834,2.2722828659830214,0.183,0.9815109481630991,0.08272505944987292,,,0.8488783558088655,,0.84892145698206,0.15107854301794,0.9570790708216184,0.14758955576873417,10,0.025,0.15,0.9621836538003554,0.9624036641422351,1.0,0.9622463769481585,0.9633077605945254,0.9686589019491444,0.9660584955622394,0.9568800927539042,0.9613986965484016,0.9652459228594383,0.9644599772644528,0.9580693789419368
2,3,2.09121216210452,0.24938804895608352,4167,2.2742768696376254,0.18465227817745802,834,2.2722685699221454,0.1836,0.9851999943146728,0.08365556226123766,,,0.9401192686140493,,0.9401643808486408,0.059835619151359154,0.957219855011326,0.14760840172848214,10,0.025,0.15,0.9656402748536743,0.9666405762134445,0.9622463769481585,1.0,0.9634264933683254,0.9642700025828917,0.9689660768460477,0.964937083076141,0.9707505327072046,0.969594845613241,0.9710648924559623,0.966112627562666
2,4,2.090092308593519,0.25377969762419006,4167,2.275925806590489,0.17767106842737096,833,2.2722713132447834,0.1835,0.982616483852053,0.08331477266063941,,,0.9067029759888895,,0.9067518278292156,0.0932481721707844,0.9571844372628475,0.14760566022595342,10,0.025,0.15,0.9593120931654396,0.9670767908807694,0.9633077605945254,0.9634264933683254,1.0,0.9591270986817603,0.969247316626055,0.9644385044689752,0.9658703885149232,0.9650147664189731,0.9664647633960713,0.9600674685129288
2,5,2.0875129396265204,0.2539716822654188,4167,2.2758690289088657,0.1644657863145258,833,2.2723112589196313,0.1826,0.9819982052097408,0.0822265829868837,,,0.8,,0.8000115528708884,0.19998844712911157,0.9567514589735258,0.14755987607345203,10,0.025,0.15,0.9651537848787036,0.965069978226306,0.9686589019491444,0.9642700025828917,0.9591270986817603,1.0,0.9611831198975249,0.9603242693197617,0.9618039364719045,0.9635999073574782,0.9640448023553774,0.9636787099759981
2,6,2.108292783751632,0.24984401247900168,4167,2.2731389658791676,0.17767106842737096,833,2.272278100629396,0.1832,0.9847107207121557,0.08319957670203698,,,0.8954073793652334,,0.8954547705104718,0.10454522948952816,0.957174322692238,0.14760396779325058,10,0.025,0.15,0.9625712177936602,0.9651447875537558,0.9660584955622394,0.9689660768460477,0.969247316626055,0.9611831198975249,1.0,0.9644464755558388,0.9673422929248674,0.965350562434283,0.9719908281893244,0.9658556157256337
2,7,2.088928747538364,0.2549316054715623,4167,2.271559579031808,0.1872749099639856,833,2.2722777173488953,0.1832,0.9835547028882217,0.08316235123951746,,,0.8917572182497661,,0.8917991120793517,0.1082008879206483,0.9571758616350844,0.14760336761769483,10,0.025,0.15,0.9663082838050606,0.969287380704,0.9568800927539042,0.964937083076141,0.9644385044689752,0.9603242693197617,0.9644464755558388,1.0,0.9657548694234079,0.9689044986636083,0.9649989938074794,0.9681263095112032
2,8,2.0947660005453863,0.2507441190590495,4166,2.276710203715733,0.16326530612244897,833,2.2722694632373277,0.1836,0.9849416623804298,0.08355528651687975,,,0.9302866809682198,,0.9303279364922183,0.06967206350778166,0.9571984179678081,0.14760773858152537,10,0.025,0.15,0.9621742034742785,0.970448157522784,0.9613986965484016,0.9707505327072046,0.9658703885149232,0.9618039364719045,0.9673422929248674,0.9657548694234079,1.0,0.9678088947171855,0.9692579261244667,0.9679857518758027
2,9,2.0977307930137172,0.2513922227556409,4166,2.269798823765346,0.19327731092436976,833,2.2722703806961637,0.1835,0.9854613922010217,0.08350222509756726,,,0.9250837172869925,,0.9251373966430658,0.07486260335693418,0.9571957887934454,0.1476074105929936,10,0.025,0.15,0.9671375290428006,0.9687044607926842,0.9652459228594383,0.969594845613241,0.9650147664189731,0.9635999073574782,0.965350562434283,0.9689044986636083,0.9678088947171855,1.0,0.9649679627538131,0.9705355340158042
2,10,2.102936944094571,0.24457513202112338,4166,2.2714808668409074,0.18127250900360145,833,2.272268787215028,0.1836,0.9855581608472671,0.08375632898922247,,,0.9499999999019445,,0.9500173293063326,0.04998267069366735,0.9572172180462816,0.14760872761529892,10,0.025,0.15,0.9668929438886613,0.9656650342815205,0.9644599772644528,0.9710648924559623,0.9664647633960713,0.9640448023553774,0.9719908281893244,0.9649989938074794,0.9692579261244667,0.9649679627538131,1.0,0.9680548914075058
2,11,2.083792472608162,0.257033125300048,4166,2.2717642102922713,0.1872749099639856,833,2.272270072864581,0.1835,0.9844898894178307,0.0835382086594068,,,0.9286121032178267,,0.9286610222640326,0.07133897773596742,0.9571959224187991,0.14760763703850308,10,0.025,0.15,0.965675375271732,0.9711113475519395,0.9580693789419368,0.966112627562666,0.9600674685129288,0.9636787099759981,0.9658556157256337,0.9681263095112032,0.9679857518758027,0.9705355340158042,0.9680548914075058,1.0
3,0,2.0157711906866593,0.2796496280297576,4167,2.2502540179661343,0.22661870503597123,834,2.2510020702700073,0.2358,0.980782240134891,0.08352895631383633,,,0.9289477094587975,,0.9289828522387813,0.0710171477612187,0.9797163228086518,0.14705974606324618,10,0.025,0.15,1.0,0.9592470648048369,0.9580051857621,0.9569683848764399,0.9565206376358594,0.9594939365104407,0.9575828601650578,0.95814162059623,0.9532948650152369,0.9584510439044011,0.9628930025342586,0.9581647869939051
3,1,2.0169923265775043,0.2740100791936645,4167,2.243520600455148,0.26498800959232616,834,2.2510005311120915,0.2358,0.9811126215828723,0.08360323845323646,,,0.9390245869826268,,0.9390668581142414,0.0609331418857586,0.9797359821257611,0.1470609510658754,10,0.025,0.15,0.9592470648048369,1.0,0.9519302762300764,0.957345210699248,0.9589019060752019,0.9558682435574533,0.9576453251163174,0.9616485796055814,0.961110775104706,0.9578316704376341,0.9583535609382741,0.9626237897200861
3,2,2.007497558810494,0.2829613630909527,4167,2.2496935980660573,0.23381294964028776,834,2.2510272852982145,0.2359,0.9776761556005877,0.08286875884578195,,,0.8393874318355175,,0.8394398508029245,0.1605601491970755,0.9795674470673723,0.1470368763921998,10,0.025,0.15,0.9580051857621,0.9519302762300764,1.0,0.9519702191064325,0.9568991035926524,0.9598965795490982,0.9583569847719434,0.9496023776836277,0.9523984188957616,0.957934075818141,0.955782668437769,0.9500039205347347
3,3,2.0140428152951326,0.276601871850252,4167,2.2544842788151334,0.24820143884892087,834,2.251000887230982,0.2358,0.9804130103741125,0.08353238468283135,,,0.9294127910349104,,0.9294532191249526,0.0705467808750474,0.979723052515635,0.14705982654382765,10,0.025,0.15,0.9569683848764399,0.957345210699248,0.9519702191064325,1.0,0.9541871209718346,0.9548646217490051,0.9579788057932203,0.9563866318264455,0.9612452362272338,0.9619122670247213,0.9637973961405941,0.957619273954762
3,4,2.0207954984722716,0.28068154547636187,4167,2.256234884262085,0.226890756302521,833,2.251006980485554,0.2357,0.9798580961344346,0.08330388051703268,,,0.8984146465141274,,0.8984502648908254,0.10154973510917464,0.9796967917962915,0.14705525520507268,10,0.025,0.15,0.9565206376358594,0.9589019060752019,0.9568991035926524,0.9541871209718346,1.0,0.9539488086511241,0.9587955123104409,0.9585860895257671,0.9593413768655545,0.9582739267921146,0.9602275775733315,0.9523192511504386
3,5,2.012728023890293,0.2827453803695704,4167,2.2549901008605957,0.2148859543817527,833,2.2510679462288,0.2353,0.9782147265607127,0.08257841268494988,,,0.8,,0.8000115528708884,0.19998844712911157,0.9794797809866767,0.14701408069501265,10,0.025,0.15,0.9594939365104407,0.9558682435574533,0.9598965795490982,0.9548646217490051,0.9539488086511241,1.0,0.955292457553779,0.9542289916696867,0.9533496224700987,0.9525184862484168,0.9571796786715064,0.9526778459834139
3,6,2.0343630891857725,0.2758099352051836,4167,2.251507077898298,0.22929171668667467,833,2.251015273830559,0.2358,0.9810947316971806,0.08327293335148438,,,0.8942164529852618,,0.8942582231684574,0.10574177683154262,0.979688519631868,0.1470544604323887,10,0.025,0.15,0.9575828601650578,0.9576453251163174,0.9583569847719434,0.9579788057932203,0.9587955123104409,0.955292457553779,1.0,0.959390756778692,0.9585506053527477,0.9589207318114775,0.963375613135438,0.956709385189847
3,7,2.017016698736133,0.2789056875449964,4167,2.250018221991403,0.24849939975990396,833,2.2510145555568646,0.2358,0.9806217557563555,0.08323456955883665,,,0.88901214353776,,0.8890511792180357,0.11094882078196433,0.9796854656532629,0.14705325907912525,10,0.025,0.15,0.95814162059623,0.9616485796055814,0.9496023776836277,0.9563866318264455,0.9585860895257671,0.9542289916696867,0.959390756778692,1.0,0.9579731297414814,0.958254863271609,0.9597196496554479,0.9630326872159226
3,8,2.022968091025497,0.2781565050408065,4166,2.256688220160348,0.2112845138055222,833,2.2510027583641343,0.2358,0.9803712696762223,0.08346909901012602,,,0.9208276590231672,,0.920862834414352,0.07913716558564798,0.979715785727547,0.14705883229130365,10,0.025,0.15,0.9532948650152369,0.961110775104706,0.9523984188957616,0.9612452362272338,0.9593413768655545,0.9533496224700987,0.9585506053527477,0.9579731297414814,1.0,0.9565723138567391,0.9617419424685435,0.958255479767162
3,9,2.025000950423154,0.27633221315410467,4166,2.2464724268232072,0.24969987995198079,833,2.2510040530675575,0.2358,0.9809931407102466,0.08345654264078575,,,0.9191243021057762,,0.919162911983628,0.08083708801637202,0.9797201751842867,0.14705862946874332,10,0.025,0.15,0.9584510439044011,0.9578316704376341,0.957934075818141,0.9619122670247213,0.9582739267921146,0.9525184862484168,0.9589207318114775,0.958254863271609,0.9565723138567391,1.0,0.9593354675162693,0.9612029328093259
3,10,2.031124945481618,0.27011521843494957,4166,2.2503847735268727,0.23649459783913565,833,2.251000343998776,0.2358,0.9831673143212104,0.08368414418496989,,,0.9499999998643431,,0.9500173293063326,0.04998267069366735,0.9797325883841808,0.14706167629854394,10,0.025,0.15,0.9628930025342586,0.9583535609382741,0.955782668437769,0.9637973961405941,0.9602275775733315,0.9571796786715064,0.963375613135438,0.9597196496554479,0.9617419424685435,0.9593354675162693,1.0,0.9642662481081077
3,11,2.0067980748234375,0.28473355736917905,4166,2.250770262309483,0.2388955582232893,833,2.251003367991387,0.2358,0.9806336267427813,0.08346707975612865,,,0.9205537334821781,,0.9206070208446799,0.07939297915532006,0.9797190998347225,0.1470588294821325,10,0.025,0.15,0.9581647869939051,0.9626237897200861,0.9500039205347347,0.957619273954762,0.9523192511504386,0.9526778459834139,0.956709385189847,0.9630326872159226,0.958255479767162,0.9612029328093259,0.9642662481081077,1.0
4,0,1.96254295760935,0.29779217662586993,4167,2.223297357559204,0.2637889688249401,834,2.2240117199813265,0.2718,0.9774074161869438,0.08345816267557893,,,0.95,,0.9500173293063326,0.04998267069366735,0.9871936917340352,0.1465926955811898,10,0.025,0.15,1.0,0.9532485949969873,0.9526178491809303,0.9505065931877672,0.9499581318920356,0.9515249977059131,0.9504406600174797,0.9506777625638745,0.9448319709696351,0.9522713252853566,0.956449729655002,0.9499143029908705
4,1,1.9632885311589097,0.2924166066714663,4167,2.2139009748186385,0.3117505995203837,834,2.2240095802500277,0.272,0.9776633576479669,0.08351242365125114,,,0.95,,0.9500173293063326,0.04998267069366735,0.9871835709964033,0.1465926955811898,10,0.025,0.15,0.9532485949969873,1.0,0.9449112668933038,0.9482442497226329,0.9539303497793513,0.9499850244512613,0.9501149090884339,0.954989710082979,0.952981929786332,0.9490759774653027,0.9516741713924686,0.956201845928749
4,2,1.9505845069885255,0.3013678905687545,4167,2.222621509007045,0.26498800959232616,834,2.2240423462058923,0.272,0.9742300599853543,0.08294653214447265,,,0.95,,0.9500173293063326,0.04998267069366735,0.9870794197844668,0.1465926955811898,10,0.025,0.15,0.9526178491809303,0.9449112668933038,1.0,0.9449891148299199,0.948827871197145,0.9524208552414243,0.9503428153706366,0.9425829147953444,0.9441983191816911,0.9523315375112252,0.9502989778911602,0.9421108645749219
4,3,1.958761964783524,0.29308855291576674,4167,2.229468788419451,0.26618705035971224,834,2.2240101415899733,0.2718,0.9773635593076915,0.08345885528504737,,,0.95,,0.9500173293063326,0.04998267069366735,0.9871932047694302,0.1465926955811898,10,0.025,0.15,0.9505065931877672,0.9482442497226329,0.9449891148299199,1.0,0.9493827533915485,0.9477546222695856,0.9514230265954428,0.949342503533754,0.9550330266645214,0.9561184296868341,0.9586170189717427,0.9504204177675196
4,4,1.9697854594750839,0.29798416126709865,4167,2.2311382634299144,0.25690276110444177,833,2.2240176563021503,0.2722,0.9771533671318255,0.08331072163142705,,,0.95,,0.9500173293063326,0.04998267069366735,0.9871581135465726,0.1465926955811898,10,0.025,0.15,0.9499581318920356,0.9539303497793513,0.948827871197145,0.9493827533915485,1.0,0.9463301122524895,0.9541426347500376,0.9521396629537767,0.9541099693290608,0.9522835899556922,0.9540323873864212,0.9444008426517286
4,5,1.9538145545757177,0.30561555075593955,4167,2.2286390236445834,0.24849939975990396,833,2.224093681649317,0.2717,0.9748300445093959,0.08278652568480574,,,0.95,,0.9500173293063326,0.04998267069366735,0.9868406852847994,0.1465926955811898,10,0.025,0.15,0.9515249977059131,0.9499850244512613,0.9524208552414243,0.9477546222695856,0.9463301122524895,1.0,0.948180934569891,0.9492845789626477,0.9468253228172802,0.9468626047298836,0.9485052586970766,0.9451516774938117
4,6,1.980273604031765,0.29246460283177345,4167,2.2242185728890553,0.2785114045618247,833,2.224027606505382,0.2724,0.9780481330020249,0.08332070519977812,,,0.95,,0.9500173293063326,0.04998267069366735,0.9871494888868521,0.1465926955811898,10,0.025,0.15,0.9504406600174797,0.9501149090884339,0.9503428153706366,0.9514230265954428,0.9541426347500376,0.948180934569891,1.0,0.9534744690437685,0.9514247634787263,0.9522256024835875,0.9590586908617359,0.9492289095246363
4,7,1.9609844572616346,0.2964722822174226,4167,2.222678014210292,0.28211284513805523,833,2.2240265441846243,0.2723,0.9776774056206876,0.08328491833868873,,,0.95,,0.9500173293063326,0.04998267069366735,0.9871446885094366,0.1465926955811898,10,0.025,0.15,0.9506777625638745,0.954989710082979,0.9425829147953444,0.949342503533754,0.9521396629537767,0.9492845789626477,0.9534744690437685,1.0,0.9498127640382849,0.952706478354436,0.9539589961779433,0.9567272877542451
4,8,1.9689942392435942,0.2977676428228517,4166,2.230925049100603,0.25690276110444177,833,2.224012800409824,0.2718,0.9767910849035327,0.08340109255341331,,,0.95,,0.9500173293063326,0.04998267069366735,0.9871887009395293,0.1465926955811898,10,0.025,0.15,0.9448319709696351,0.952981929786332,0.9441983191816911,0.9550330266645214,0.9541099693290608,0.9468253228172802,0.9514247634787263,0.9498127640382849,1.0,0.9487668689829712,0.9560040258768613,0.951171280647557
4,9,1.9732545989932435,0.29020643302928467,4166,2.217214379991804,0.28811524609843936,833,2.224014140382598,0.2718,0.9782313864453298,0.08344020188481095,,,0.95,,0.9500173293063326,0.04998267069366735,0.9871860827379654,0.1465926955811898,10,0.025,0.15,0.9522713252853566,0.9490759774653027,0.9523315375112252,0.9561184296868341,0.9522835899556922,0.9468626047298836,0.9522256024835875,0.952706478354436,0.9487668689829712,1.0,0.9550160333706978,0.9544412278314643
4,10,1.9785593021999706,0.28912626020163223,4166,2.2236173152923584,0.27010804321728693,833,2.224009287508228,0.2719,0.9809050292289357,0.0836679483855992,,,0.95,,0.9500173293063326,0.04998267069366735,0.9871999418976436,0.1465926955811898,10,0.025,0.15,0.956449729655002,0.9516741713924686,0.9502989778911602,0.9586170189717427,0.9540323873864212,0.9485052586970766,0.9590586908617359,0.9539589961779433,0.9560040258768613,0.9550160333706978,1.0,0.9596829277808232
4,11,1.943225608811234,0.3085933749399904,4166,2.224005631038121,0.2809123649459784,833,2.2240132651751554,0.2718,0.9771619222365372,0.08341191256512676,,,0.95,,0.9500173293063326,0.04998267069366735,0.9871886822241274,0.1465926955811898,10,0.025,0.15,0.9499143029908705,0.956201845928749,0.9421108645749219,0.9504204177675196,0.9444008426517286,0.9451516774938117,0.9492289095246363,0.9567272877542451,0.951171280647557,0.9544412278314643,0.9596829277808232,1.0
5,0,1.9155006083575161,0.31355891528677704,4167,2.191317387989589,0.28177458033573144,834,2.191788332371772,0.2935,0.9753147877414791,0.08344152465824455,,,0.95,,0.9500173293063326,0.04998267069366735,0.9911687426690222,0.14615471331683058,10,0.025,0.15,1.0,0.9486134091515747,0.9479130099612165,0.9448169661426025,0.9441057697448738,0.9462769835060644,0.9437755306410313,0.9438495874706521,0.9405321817826876,0.9467481588219768,0.9496454315758408,0.9474390354121174
5,1,1.9179846543254275,0.30827933765298776,4167,2.178525686264038,0.34172661870503596,834,2.191785558869567,0.2935,0.9751821209410032,0.0834707922296425,,,0.95,,0.9500173293063326,0.04998267069366735,0.9911687426690222,0.14615471331683058,10,0.025,0.15,0.9486134091515747,1.0,0.9378815043921043,0.9431154446887086,0.947422775623786,0.9440310724164629,0.9450289650379754,0.9481201545539134,0.9460186539829954,0.9430601397567682,0.9468014709846971,0.95199004665216
5,2,1.9050360694076076,0.3148308135349172,4167,2.1903988974434987,0.2829736211031175,834,2.191824626319016,0.2932,0.9712144598663588,0.08299120757202715,,,0.95,,0.9500173293063326,0.04998267069366735,0.9911687426690222,0.14615471331683058,10,0.025,0.15,0.9479130099612165,0.9378815043921043,1.0,0.9380337159344452,0.9414232505208198,0.9459398694638214,0.9435936088631834,0.9355775149009518,0.9358851776063205,0.9479606066062819,0.9444472736515832,0.9374954882906501
5,3,1.9115422837661975,0.30969522438204944,4167,2.1997293404170444,0.2853717026378897,834,2.1917864642565763,0.2935,0.9742406524776769,0.08340695662172494,,,0.95,,0.9500173293063326,0.04998267069366735,0.9911687426690222,0.14615471331683058,10,0.025,0.15,0.9448169661426025,0.9431154446887086,0.9380337159344452,1.0,0.9435293407842019,0.9428271776691989,0.9444041917429065,0.9402244886891896,0.947755653601604,0.9500948072295168,0.9519054184863885,0.9443739496656378
5,4,1.9239014047564882,0.3142308615310775,4167,2.2010529722486223,0.27490996398559425,833,2.19179565393472,0.2935,0.9739130940382688,0.08330458278304206,,,0.95,,0.9500173293063326,0.04998267069366735,0.9911687426690222,0.14615471331683058,10,0.025,0.15,0.9441057697448738,0.947422775623786,0.9414232505208198,0.9435293407842019,1.0,0.9416844665047645,0.9463639431168817,0.9446166380578761,0.947478274023257,0.9463927024985428,0.9465244669990245,0.9378455817641
5,5,1.9086764613787333,0.3212862970962323,4167,2.1971522739955356,0.2581032412965186,833,2.191887248920489,0.2938,0.9727533809105703,0.0829422963711279,,,0.95,,0.9500173293063326,0.04998267069366735,0.9911687426690222,0.14615471331683058,10,0.025,0.15,0.9462769835060644,0.9440310724164629,0.9459398694638214,0.9428271776691989,0.9416844665047645,1.0,0.9435990153724572,0.9415645305859753,0.9421531083295288,0.9413020711472849,0.9447173896517522,0.9401383014039788
5,6,1.9370350602901343,0.3053275737940965,4167,2.191837855747768,0.2965186074429772,833,2.191807236852525,0.2935,0.9748236723110513,0.08334043095403822,,,0.95,,0.9500173293063326,0.04998267069366735,0.9911687426690222,0.14615471331683058,10,0.025,0.15,0.9437755306410313,0.9450289650379754,0.9435936088631834,0.9444041917429065,0.9463639431168817,0.9435990153724572,1.0,0.9451607539813711,0.9456655947261158,0.9435024874935496,0.9529055683556307,0.944029001481553
5,7,1.9184353279344963,0.3108471322294216,4167,2.1900970935821533,0.3025210084033613,833,2.191805960256842,0.2936,0.973392212250658,0.0832716383194363,,,0.95,,0.9500173293063326,0.04998267069366735,0.9911687426690222,0.14615471331683058,10,0.025,0.15,0.9438495874706521,0.9481201545539134,0.9355775149009518,0.9402244886891896,0.9446166380578761,0.9415645305859753,0.9451607539813711,1.0,0.9412742755155777,0.9461743963046404,0.9454498337373878,0.949276427415257
5,8,1.9266936276898239,0.3101056168987038,4166,2.1999557358878,0.28211284513805523,833,2.191790001301826,0.2934,0.9734114592399479,0.08334418258905903,,,0.95,,0.9500173293063326,0.04998267069366735,0.9911687426690222,0.14615471331683058,10,0.025,0.15,0.9405321817826876,0.9460186539829954,0.9358851776063205,0.947755653601604,0.947478274023257,0.9421531083295288,0.9456655947261158,0.9412742755155777,1.0,0.9407149014534715,0.9485213741060616,0.9454351599333369
5,9,1.928368673541329,0.3069611137782045,4166,2.1825452872685025,0.3205282112845138,833,2.1917913654182533,0.2934,0.9751483406501201,0.08342498303005123,,,0.95,,0.9500173293063326,0.04998267069366735,0.9911687426690222,0.14615471331683058,10,0.025,0.15,0.9467481588219768,0.9430601397567682,0.9479606066062819,0.9500948072295168,0.9463927024985428,0.9413020711472849,0.9435024874935496,0.9461743963046404,0.9407149014534715,1.0,0.9488654945948402,0.9469425482549456
5,10,1.9334002375602721,0.3030484877580413,4166,2.191697120666504,0.2917166866746699,833,2.191785094104236,0.2935,0.9779907386375545,0.08365857778529967,,,0.95,,0.9500173293063326,0.04998267069366735,0.9911687426690222,0.14615471331683058,10,0.025,0.15,0.9496454315758408,0.9468014709846971,0.9444472736515832,0.9519054184863885,0.9465244669990245,0.9447173896517522,0.9529055683556307,0.9454498337373878,0.9485213741060616,0.9488654945948402,1.0,0.9550474398472925
5,11,1.8996187069199302,0.32198751800288045,4166,2.1918365955352783,0.3013205282112845,833,2.1917902155767512,0.2934,0.9750058188415363,0.08340282708630639,,,0.95,,0.9500173293063326,0.04998267069366735,0.9911687426690222,0.14615471331683058,10,0.025,0.15,0.9474390354121174,0.95199004665216,0.9374954882906501,0.9443739496656378,0.9378455817641,0.9401383014039788,0.944029001481553,0.949276427415257,0.9454351599333369,0.9469425482549456,0.9550474398472925,1.0
6,0,1.8797633521484607,0.3268298536117111,4167,2.154611962182181,0.3069544364508393,834,2.154695486720604,0.3131,0.9721880791122329,0.0834274540991586,,,0.95,,0.9500173293063326,0.04998267069366735,0.9932942070184405,0.14570341146857418,10,0.025,0.15,1.0,0.9422381540684014,0.9400049992362065,0.939304786795294,0.9375901077353502,0.9397062138443839,0.9379120485919724,0.9398742987659653,0.9340834511642527,0.9394851077883596,0.9423315482474591,0.9395278589504322
6,1,1.8789193258141026,0.3203263738900888,4167,2.137804235730852,0.3645083932853717,834,2.154691865172567,0.313,0.9718685796163407,0.08343517141540079,,,0.95,,0.9500173293063326,0.04998267069366735,0.9932942070184405,0.14570341146857418,10,0.025,0.15,0.9422381540684014,1.0,0.9333324098517518,0.9366087463063135,0.9372962050675443,0.9386998041768094,0.9389102942845392,0.9415490655921852,0.93862889091813,0.9350846064354426,0.9408301076990015,0.9451125794060992
6,2,1.8632286729234637,0.33071754259659225,4167,2.1533563137054443,0.2997601918465228,834,2.1547378226171565,0.3131,0.9688869888880061,0.08304067830022471,,,0.95,,0.9500173293063326,0.04998267069366735,0.9932942070184405,0.14570341146857418,10,0.025,0.15,0.9400049992362065,0.9333324098517518,1.0,0.931917146391557,0.9356237771363235,0.9399213770526846,0.93797591498862,0.9316643065142499,0.9295221490793049,0.9427321100717471,0.9399125883403854,0.9313261566408764
6,3,1.8699452595277266,0.3219102471802256,4167,2.1655562945774625,0.3057553956834532,834,2.1546933077558688,0.3131,0.9717862962261506,0.08339292365727441,,,0.95,,0.9500173293063326,0.04998267069366735,0.9932942070184405,0.14570341146857418,10,0.025,0.15,0.939304786795294,0.9366087463063135,0.931917146391557,1.0,0.9394377890414153,0.9371419336045302,0.941300914120523,0.9351105169562601,0.9416449609015972,0.9427154732924743,0.9450735080789111,0.9370923260424736
6,4,1.8861493760889227,0.3281257499400048,4167,2.166369915008545,0.2917166866746699,833,2.1547038223170025,0.3132,0.9702325196006263,0.08327879117622018,,,0.95,,0.9500173293063326,0.04998267069366735,0.9932942070184405,0.14570341146857418,10,0.025,0.15,0.9375901077353502,0.9372962050675443,0.9356237771363235,0.9394377890414153,1.0,0.9325854243852381,0.939478674931348,0.9392426804454916,0.940278566923553,0.9376637692604994,0.9386564317189352,0.9314913263277863
6,5,1.869861078262329,0.3337413006959443,4167,2.160895415714809,0.2845138055222089,833,2.154811952687517,0.3137,0.9696505032091739,0.08303526999926236,,,0.95,,0.9500173293063326,0.04998267069366735,0.9932942070184405,0.14570341146857418,10,0.025,0.15,0.9397062138443839,0.9386998041768094,0.9399213770526846,0.9371419336045302,0.9325854243852381,1.0,0.938686332412549,0.9362254683796448,0.9341893189343122,0.9339903489944591,0.9394397309005318,0.9322812596450305
6,6,1.8968410419695305,0.3195344372450204,4167,2.1545658452170238,0.3169267707082833,833,2.15471724920635,0.3132,0.9726557170822837,0.08338005299669257,,,0.95,,0.9500173293063326,0.04998267069366735,0.9932942070184405,0.14570341146857418,10,0.025,0.15,0.9379120485919724,0.9389102942845392,0.93797591498862,0.941300914120523,0.939478674931348,0.938686332412549,1.0,0.9417113779725035,0.9385166326282768,0.9373277947663944,0.9472851586624836,0.9384556766318312
6,7,1.8761810826532768,0.32061435085193185,4167,2.152820246560233,0.31932773109243695,833,2.1547158760360525,0.3132,0.9713597233560864,0.08329514210407493,,,0.95,,0.9500173293063326,0.04998267069366735,0.9932942070184405,0.14570341146857418,10,0.025,0.15,0.9398742987659653,0.9415490655921852,0.9316643065142499,0.9351105169562601,0.9392426804454916,0.9362254683796448,0.9417113779725035,1.0,0.936069960317711,0.9374816261743981,0.9383850258709212,0.9451783789956351
6,8,1.8840543165351404,0.3255400864138262,4166,2.16382030078343,0.3013205282112845,833,2.1546976596494263,0.3132,0.969967900040179,0.08329470231867529,,,0.95,,0.9500173293063326,0.04998267069366735,0.9932942070184405,0.14570341146857418,10,0.025,0.15,0.9340834511642527,0.93862889091813,0.9295221490793049,0.9416449609015972,0.940278566923553,0.9341893189343122,0.9385166326282768,0.936069960317711,1.0,0.9337275583388795,0.9402055619001124,0.9393371838298545
6,9,1.8892959909005598,0.31637061929908783,4166,2.1428728103637695,0.34093637454981995,833,2.1546990569633775,0.3132,0.9712260319789453,0.0833858203052667,,,0.95,,0.9500173293063326,0.04998267069366735,0.9932942070184405,0.14570341146857418,10,0.025,0.15,0.9394851077883596,0.9350846064354426,0.9427321100717471,0.9427154732924743,0.9376637692604994,0.9339903489944591,0.9373277947663944,0.9374816261743981,0.9337275583388795,1.0,0.9419324276825789,0.9387095702437042
6,10,1.8936227711764249,0.31332213154104654,4166,2.1551171711512973,0.31212484993997597,833,2.1546913219403616,0.3131,0.9747675920142094,0.08364612113827809,,,0.95,,0.9500173293063326,0.04998267069366735,0.9932942070184405,0.14570341146857418,10,0.025,0.15,0.9423315482474591,0.9408301076990015,0.9399125883403854,0.9450735080789111,0.9386564317189352,0.9394397309005318,0.9472851586624836,0.9383850258709212,0.9402055619001124,0.9419324276825789,1.0,0.9479075343654623
