round,client_id,client_i_training_loss,client_i_training_accuracy,client_i_training_dataset_size,client_i_evaluation_loss,client_i_evaluation_accuracy,client_i_evaluation_dataset_size,client_i_central_evaluation_loss,client_i_central_evaluation_accuracy,client_i_cosine_similarity,client_i_importance_coefficient,client_i_tanh_val,tanh_normalization_value,client_i_q,client_i_mask_order,client_i_v_nonzero_fraction,client_i_v_sparsity,client_i_v_cosine_similarity,client_i_reward_gradient_norm,local_epochs,learning_rate,gamma,client_0_cosine_similarity,client_1_cosine_similarity,client_2_cosine_similarity,client_3_cosine_similarity,client_4_cosine_similarity,client_5_cosine_similarity,client_6_cosine_similarity,client_7_cosine_similarity,client_8_cosine_similarity,client_9_cosine_similarity,client_10_cosine_similarity,client_11_cosine_similarity
0,0,0.32442086770371265,0.89772,5000,2.194913722850658,0.2949640287769784,834,2.1885381392396677,0.3131,0.793412463269007,0.08350382670355413,,,0.8765403308869857,,0.8765574017368606,0.12344259826313941,0,0.3958552018802523,5,0.1,0.5,1.0,0.5954293404189858,0.5907818428949613,0.5980027792978609,0.5778954068551995,0.6112849430569384,0.5910223582703693,0.5830802738630098,0.5896887938385826,0.5926445205995852,0.5895582880573291,0.6192280843974594
0,1,0.34031059384156187,0.89192,5000,2.1852758548877858,0.3273381294964029,834,2.1885845219365323,0.3131,0.7915362189687237,0.08330635869522608,,,0.8372454721377343,,0.8372621856332514,0.1627378143667486,0,0.39579474941428583,5,0.1,0.5,0.5954293404189858,1.0,0.5959761385809763,0.5859711469658351,0.5952506563146729,0.5922809982927666,0.5982351831520512,0.587134180096328,0.5843481325791587,0.6018733041037341,0.5755835085912966,0.6087068877297139
0,2,0.33575363310564094,0.8938,5000,2.19602550400628,0.2961630695443645,834,2.1885276808144565,0.3132,0.7958924095641818,0.08376483218967061,,,0.9284787375006184,,0.928492545554942,0.07150745444505802,0,0.39588895867924884,5,0.1,0.5,0.5907818428949613,0.5959761385809763,1.0,0.6145686043034672,0.5895455241625588,0.605520770437196,0.599157998026657,0.5849617541238661,0.604777869555265,0.5973773671080616,0.587158776395669,0.5923532222434984
0,3,0.3321010557175347,0.89612,5000,2.186152943858394,0.31534772182254195,834,2.188511946711677,0.3131,0.794427904476175,0.0836106982621904,,,0.8978070810632877,,0.8978213945083078,0.10217860549169222,0,0.39587374479399307,5,0.1,0.5,0.5980027792978609,0.5859711469658351,0.6145686043034672,1.0,0.5934245474473969,0.6042548939332003,0.5876261266203378,0.5894399006445742,0.6072518251957839,0.5906046575255817,0.5800755398836751,0.5970448388077154
0,4,0.34297588699123566,0.89244,5000,2.193492085845382,0.3277310924369748,833,2.1887957676531027,0.3123,0.7865772019816923,0.08278443987711362,,,0.7333869969854734,,0.7334019376537323,0.2665980623462677,0,0.3953808573090365,5,0.1,0.5,0.5778954068551995,0.5952506563146729,0.5895455241625588,0.5934245474473969,1.0,0.5867018155056559,0.5840735263106814,0.5933678498495255,0.5853996521439915,0.5972239925853344,0.5780406149208176,0.5927477412849896
0,5,0.3318547596481694,0.89508,5000,2.189302444458008,0.30012004801920766,833,2.188517955164559,0.3134,0.7978147756434752,0.08396715435043517,,,0.9687395412449851,,0.9687515686963506,0.031248431303649404,0,0.3958957761669648,5,0.1,0.5,0.6112849430569384,0.5922809982927666,0.605520770437196,0.6042548939332003,0.5867018155056559,1.0,0.601208227407361,0.5967552710773303,0.6017771315952469,0.5955995049640812,0.5840061028833777,0.6010555914606549
0,6,0.3366009539764398,0.89416,5000,2.1875155766805015,0.3157262905162065,833,2.1886148666040586,0.313,0.791136798805371,0.0832643211502585,,,0.828880272095193,,0.8288941318206917,0.17110586817930828,0,0.3957766309333504,5,0.1,0.5,0.5910223582703693,0.5982351831520512,0.599157998026657,0.5876261266203378,0.5840735263106814,0.601208227407361,1.0,0.5835886871824526,0.6012745847216521,0.5941369060503784,0.5791992484197754,0.5974715354772946
0,7,0.33988176457892366,0.89452,5000,2.1829223809418856,0.31812725090036015,833,2.188799679850618,0.3123,0.7861538069751333,0.08273987906556651,,,0.7245196831845127,,0.7245319010089855,0.27546809899101454,0,0.39532247110002616,5,0.1,0.5,0.5830802738630098,0.587134180096328,0.5849617541238661,0.5894399006445742,0.5933678498495255,0.5967552710773303,0.5835886871824526,1.0,0.6010031716100779,0.5713266787793124,0.5824074505245465,0.5965832177320498
0,8,0.3303037372969423,0.8942,5000,2.1915733725936324,0.33013205282112845,833,2.188525305769314,0.3133,0.7957824349356364,0.08375325775298227,,,0.9261754993274007,,0.9261984840118468,0.07380151598815321,0,0.3958882379819932,5,0.1,0.5,0.5896887938385826,0.5843481325791587,0.604777869555265,0.6072518251957839,0.5853996521439915,0.6017771315952469,0.6012745847216521,0.6010031716100779,1.0,0.5921255828992649,0.5955755348200931,0.5979126654973486
0,9,0.36487100018057855,0.88792,5000,2.190364952440615,0.31452581032412963,833,2.188660758752792,0.3126,0.7902155103746632,0.08316735883491391,,,0.8095853973571225,,0.8095979117514182,0.19040208824858185,0,0.39572655332819506,5,0.1,0.5,0.5926445205995852,0.6018733041037341,0.5973773671080616,0.5906046575255817,0.5972239925853344,0.5955995049640812,0.5941369060503784,0.5713266787793124,0.5921255828992649,1.0,0.5772149413136682,0.5981132959650798
0,10,0.3501935192662629,0.89116,5000,2.1799822560063116,0.3025210084033613,833,2.1893129577271093,0.3094,0.7802082621052852,0.08211413171289142,,,0.6,,0.6,0.4,0,0.3937964786068013,5,0.1,0.5,0.5895582880573291,0.5755835085912966,0.587158776395669,0.5800755398836751,0.5780406149208176,0.5840061028833777,0.5791992484197754,0.5824074505245465,0.5955755348200931,0.5772149413136682,1.0,0.5843367726484089
0,11,0.33532674153851477,0.896,5000,2.1911411903522633,0.31212484993997597,833,2.188518752686132,0.3134,0.7983524381229139,0.0840237414051974,,,0.9799999998010065,,0.9800010039656644,0.019998996034335637,0,0.3958961408613131,5,0.1,0.5,0.6192280843974594,0.6087068877297139,0.5923532222434984,0.5970448388077154,0.5927477412849896,0.6010555914606549,0.5974715354772946,0.5965832177320498,0.5979126654973486,0.5981132959650798,0.5843367726484089,1.0
1,0,0.29201129973883844,0.9092,5000,2.0302610132429333,0.6894484412470024,834,2.0265486914509783,0.7124,0.8118077339867548,0.08343212059851669,,,0.862707334950906,,0.8627227548817831,0.13727724511821693,0.9605592761507554,0.4060486739928541,5,0.1,0.5,1.0,0.6208132964299671,0.6284505841250514,0.6272398341957128,0.6282885862378668,0.6395165773090551,0.6214350628606875,0.6209196655961532,0.6287848271847117,0.630362993340029,0.6263478006442006,0.6391881671509896
1,1,0.2990237303078175,0.90672,5000,2.0235005661293313,0.7362110311750599,834,2.0267351953366313,0.7118,0.8101325911971403,0.08324333110271614,,,0.8134334430529069,,0.8134481200742935,0.18655187992570654,0.9602830253027513,0.40594215189285165,5,0.1,0.5,0.6208132964299671,1.0,0.6274785550632858,0.6241663429634515,0.6304646405560664,0.6308431237933316,0.6237712822490109,0.6290196958293697,0.6323548349524648,0.6233756383032858,0.6273678580797916,0.6265069746003198
1,2,0.3006524258536423,0.9072,5000,2.0326760168428772,0.6858513189448441,834,2.026496572235522,0.7129,0.8112383289527334,0.08358482444270819,,,0.9025629036052663,,0.9025801917574419,0.09741980824255814,0.9607125833787177,0.4060885140773844,5,0.1,0.5,0.6284505841250514,0.6274785550632858,1.0,0.6324754200307423,0.6316685333381633,0.6312387855544409,0.6230608877991842,0.6270435739194844,0.6252525440309521,0.6257323117199504,0.625251494996584,0.6271881105227495
1,3,0.2912109432427604,0.90972,5000,2.025793534738046,0.6990407673860911,834,2.0264829336263883,0.7129,0.8146139439068854,0.08360037661500522,,,0.9066220068583006,,0.9066412328698359,0.09335876713016411,0.9607041860970424,0.40609090369670536,5,0.1,0.5,0.6272398341957128,0.6241663429634515,0.6324754200307423,1.0,0.6294771289457969,0.6354019279303987,0.6318130774594874,0.624508378495556,0.6405063588537564,0.6341085534618618,0.6309667367535293,0.6277211000639227
1,4,0.3036951068741311,0.90636,5000,2.0324693300105907,0.7118847539015606,833,2.0274592222877965,0.7074,0.8097841333806611,0.08288624694645239,,,0.7202347932042026,,0.720255007278751,0.279744992721249,0.9590365607559953,0.4054709261145587,5,0.1,0.5,0.6282885862378668,0.6304646405560664,0.6316685333381633,0.6294771289457969,1.0,0.6316257924716051,0.6259652741430816,0.6179805896947485,0.6277370862233497,0.627621257722627,0.6170119484789298,0.6269784317747569
1,5,0.28789648503705767,0.91204,5000,2.031562023692661,0.6770708283313326,833,2.026480391383552,0.713,0.8159231430155625,0.08388151930021223,,,0.9799999997390008,,0.9800010039656644,0.019998996034335637,0.960770657005866,0.40610832992432394,5,0.1,0.5,0.6395165773090551,0.6308431237933316,0.6312387855544409,0.6354019279303987,0.6316257924716051,1.0,0.6311851557308631,0.6285229008561164,0.6385344574410458,0.6362904471349258,0.6204159663693546,0.6259109858029622
1,6,0.30174270825828337,0.90692,5000,2.025411853083858,0.7190876350540216,833,2.0267543179539445,0.712,0.8112632711042249,0.08325487917615021,,,0.8164474800341879,,0.8164600170674163,0.18353998293258367,0.9602772310041073,0.40595075119088037,5,0.1,0.5,0.6214350628606875,0.6237712822490109,0.6230608877991842,0.6318130774594874,0.6259652741430816,0.6311851557308631,1.0,0.6260423283755341,0.6291972480386213,0.6354297751519143,0.6276176096077305,0.6317970677327646
1,7,0.3001457643546876,0.90936,5000,2.022660220110858,0.7070828331332533,833,2.0275014505599636,0.7073,0.8104160204295257,0.08287877582957624,,,0.7182848382888015,,0.7183022940615431,0.2816977059384569,0.9589839021848882,0.40545535804938687,5,0.1,0.5,0.6209196655961532,0.6290196958293697,0.6270435739194844,0.624508378495556,0.6179805896947485,0.6285229008561164,0.6260423283755341,1.0,0.6380278358870616,0.6365516241007589,0.6291809639142573,0.6236351428676432
1,8,0.2922632748996661,0.90808,5000,2.034384705402233,0.7358943577430972,833,2.0264867372787037,0.7129,0.8157366728896696,0.0837336575684,,,0.9414082181450492,,0.9414236233120827,0.058576376687917264,0.9607401178403159,0.40610420445649525,5,0.1,0.5,0.6287848271847117,0.6323548349524648,0.6252525440309521,0.6405063588537564,0.6277370862233497,0.6385344574410458,0.6291972480386213,0.6380278358870616,1.0,0.6314011395936087,0.6331862562637048,0.6238846521644316
1,9,0.32190416130017796,0.90316,5000,2.0260821757493197,0.7274909963985594,833,2.0267688253055365,0.712,0.8142484012750313,0.08329463520426378,,,0.8268237683083585,,0.8268360022087244,0.17316399779127556,0.9602176947888063,0.4059784034496789,5,0.1,0.5,0.630362993340029,0.6233756383032858,0.6257323117199504,0.6341085534618618,0.627621257722627,0.6362904471349258,0.6354297751519143,0.6365516241007589,0.6314011395936087,1.0,0.6264566915924835,0.6295013930600777
1,10,0.30828906728346256,0.90716,5000,2.0166920246901334,0.7190876350540216,833,2.0292469807707083,0.7023,0.8092773076503993,0.08242557568399775,,,0.6,,0.6,0.4,0.9558541361143796,0.40384066197747576,5,0.1,0.5,0.6263478006442006,0.6273678580797916,0.625251494996584,0.6309667367535293,0.6170119484789298,0.6204159663693546,0.6276176096077305,0.6291809639142573,0.6331862562637048,0.6264566915924835,1.0,0.6293053221722733
1,11,0.2961573944978748,0.90804,5000,2.0285549384576305,0.7262905162064826,833,2.0264829168685328,0.713,0.812046305439043,0.08378405753200105,,,0.9545625641938623,,0.9545755735153858,0.0454244264846142,0.9607680737034694,0.4061065565286527,5,0.1,0.5,0.6391881671509896,0.6265069746003198,0.6271881105227495,0.6277211000639227,0.6269784317747569,0.6259109858029622,0.6317970677327646,0.6236351428676432,0.6238846521644316,0.6295013930600777,0.6293053221722733,1.0
2,0,0.2553016960647574,0.92472,5000,1.824843998308535,0.8489208633093526,834,1.8242185298627176,0.8635,0.8126917630137404,0.0833592397400738,,,0.87511295195817,,0.8751317704934491,0.12486822950655085,0.9681052679419576,0.40687364070207777,5,0.1,0.5,1.0,0.6342266504377803,0.6298327572644389,0.6353697245224347,0.6336307720499705,0.629918652224485,0.6296627990361449,0.6266137551734314,0.6290931192834223,0.6283890739693857,0.6165229588697313,0.6428340732706428
2,1,0.2681470666911192,0.91788,5000,1.820483437290898,0.8752997601918465,834,1.8244278457598946,0.8631,0.816110821622308,0.08335340151089612,,,0.8733910216113039,,0.8733999297224035,0.12660007027759645,0.9678097452195078,0.40687135748841585,5,0.1,0.5,0.6342266504377803,1.0,0.6384330526123011,0.6316098587667299,0.6333489516209379,0.6326799115291101,0.6343033296875654,0.6274491474604872,0.6427791500340532,0.6343915785286468,0.6224346438471624,0.63865665565488
2,2,0.27074704493639196,0.91948,5000,1.827133682039049,0.8609112709832134,834,1.8240756919970527,0.8638,0.8152290853263081,0.08354830730807918,,,0.9308766386941723,,0.9308970433211184,0.06910295667888156,0.9682215862570265,0.4069108694611599,5,0.1,0.5,0.6298327572644389,0.6384330526123011,1.0,0.6353127536899542,0.6315079124314634,0.6339909456110967,0.6327350300680753,0.6379663477606524,0.6343254263050252,0.6276078997638057,0.6261333837182846,0.6325164086111623
2,3,0.25986434578017636,0.92008,5000,1.8262460584993716,0.8729016786570744,834,1.8240738452052156,0.8637,0.8141512789844109,0.08352111137269574,,,0.9228554553827591,,0.922870337834446,0.07712966216555395,0.9682242189850885,0.40690831823298407,5,0.1,0.5,0.6353697245224347,0.6316098587667299,0.6353127536899542,1.0,0.6363974872811475,0.6340588702358204,0.6294930706452027,0.6291345785837112,0.6398323593526316,0.6272277505557836,0.6199322257429719,0.6312724658966474
2,4,0.27464963757866034,0.91448,5000,1.8290301384749237,0.8607442977190877,833,1.8256059081409686,0.8615,0.8136500936541502,0.08303200246825326,,,0.7785974209939968,,0.778610511520506,0.22138948847949402,0.9666122353994299,0.4066023285166454,5,0.1,0.5,0.6336307720499705,0.6333489516209379,0.6315079124314634,0.6363974872811475,1.0,0.6328306091548066,0.6385832038367204,0.6294467043120453,0.6297470570928189,0.6384607999076747,0.6210163295102152,0.6230364344059676
2,5,0.25703849128750006,0.9224,5000,1.8335727276625458,0.8523409363745498,833,1.8240587802740713,0.8638,0.8135169797277118,0.08368475703325376,,,0.9711211915284932,,0.9711359871492395,0.028864012850760457,0.9682856160376732,0.40691671693621273,5,0.1,0.5,0.629918652224485,0.6326799115291101,0.6339909456110967,0.6340588702358204,0.6328306091548066,1.0,0.6304557448867487,0.6357972325652782,0.624032692455206,0.6335559595507522,0.6194058839181831,0.6355651032699318
2,6,0.2704553144444136,0.91708,5000,1.8231205233821162,0.8547418967587035,833,1.8244374758138444,0.8632,0.8158134490864368,0.08335069138573428,,,0.8725916958880471,,0.8726067968475478,0.12739320315245217,0.9678332609007102,0.4068705350925068,5,0.1,0.5,0.6296627990361449,0.6343033296875654,0.6327350300680753,0.6294930706452027,0.6385832038367204,0.6304557448867487,1.0,0.6296314716954031,0.6386001580332686,0.6383906828204374,0.6315023239091812,0.6342289539874522
2,7,0.26792521720965673,0.92056,5000,1.822583591496503,0.8523409363745498,833,1.8257752295119314,0.8609,0.8125275750388604,0.08298804519151415,,,0.7656326389549217,,0.7656543346217559,0.23434566537824408,0.9665715814454393,0.40653354435470707,5,0.1,0.5,0.6266137551734314,0.6274491474604872,0.6379663477606524,0.6291345785837112,0.6294467043120453,0.6357972325652782,0.6296314716954031,1.0,0.6339101471965857,0.62630611927305,0.6273532134924857,0.6334331817743003
2,8,0.26019653106333723,0.92192,5000,1.8378662621533428,0.865546218487395,833,1.8240647399768282,0.8638,0.8171923128221803,0.0837148607578636,,,0.9799999997050595,,0.9800010039656644,0.019998996034335637,0.9682691053542164,0.40691699378359886,5,0.1,0.5,0.6290931192834223,0.6427791500340532,0.6343254263050252,0.6398323593526316,0.6297470570928189,0.624032692455206,0.6386001580332686,0.6339101471965857,1.0,0.6395828702459125,0.6317389924215631,0.6353217501248773
2,9,0.2869622437983372,0.91256,5000,1.8209644511893943,0.8619447779111644,833,1.8244408612814955,0.8631,0.8141867624619499,0.08332040126321417,,,0.8636579114149832,,0.8636715024346168,0.13632849756538323,0.9679186135810403,0.40685814313674507,5,0.1,0.5,0.6283890739693857,0.6343915785286468,0.6276078997638057,0.6272277505557836,0.6384607999076747,0.6335559595507522,0.6383906828204374,0.62630611927305,0.6395828702459125,1.0,0.6243499698195332,0.6331735356012274
2,10,0.27829604463853463,0.91664,5000,1.8143740230136447,0.8763505402160864,833,1.8300631427155516,0.8569,0.8049840394462262,0.08242646538819562,,,0.6,,0.6,0.4,0.9633909013595535,0.4043950089257901,5,0.1,0.5,0.6165229588697313,0.6224346438471624,0.6261333837182846,0.6199322257429719,0.6210163295102152,0.6194058839181831,0.6315023239091812,0.6273532134924857,0.6317389924215631,0.6243499698195332,1.0,0.6251985124664009
2,11,0.2639690742003405,0.91896,5000,1.8262454845287182,0.8679471788715486,833,1.8240636971811899,0.8637,0.815827843768792,0.0837007165802264,,,0.9758283086042557,,0.9758445861151549,0.0241554138848451,0.9682811590718832,0.4069168899961368,5,0.1,0.5,0.6428340732706428,0.63865665565488,0.6325164086111623,0.6312724658966474,0.6230364344059676,0.6355651032699318,0.6342289539874522,0.6334331817743003,0.6353217501248773,0.6331735356012274,0.6251985124664009,1.0
3,0,0.23280571267412156,0.92852,5000,1.5881594905146845,0.907673860911271,834,1.590733918899926,0.9143,0.8130165576643122,0.08352933137059858,,,0.8702674151287658,,0.8702826163345213,0.1297173836654787,0.9710870855111399,0.4038873955018462,5,0.1,0.5,1.0,0.6209195231271376,0.6256785274383033,0.6214431390129052,0.627274099756003,0.6244881992581581,0.6284289081968996,0.6117453925576515,0.6296334933561869,0.6330427678019452,0.6255966281445325,0.6335280261574944
3,1,0.24601489154111808,0.92412,5000,1.5855246517393324,0.9148681055155875,834,1.5911371544146309,0.9143,0.8034070128386109,0.08319057544922684,,,0.7699867066367369,,0.7699914662918528,0.23000853370814722,0.970496033254669,0.40355394210790974,5,0.1,0.5,0.6209195231271376,1.0,0.617887033227356,0.6196721023885323,0.6177762565016146,0.620313690672212,0.6179338168202395,0.6025697838505653,0.625669138227559,0.6225008323849762,0.6128942576460886,0.6104583052761686
3,2,0.24993654838318277,0.92416,5000,1.590247255784494,0.9172661870503597,834,1.5905577382340599,0.9145,0.8088179182809696,0.08350820003414541,,,0.864011980884765,,0.8640279102454697,0.13597208975453035,0.9711305528945048,0.4038774871494946,5,0.1,0.5,0.6256785274383033,0.617887033227356,1.0,0.6209804244576028,0.6213503510109989,0.6217594058038637,0.6206503137300204,0.6160564881989092,0.6319413333023425,0.6229356168761596,0.6217457330645736,0.6192597082033781
3,3,0.2405896551723171,0.9264,5000,1.597086230913798,0.9148681055155875,834,1.5905461604602802,0.9144,0.8088385232356204,0.0834909104557589,,,0.858893808593911,,0.8589026655288389,0.14109733447116113,0.9710967738336747,0.4038679648515871,5,0.1,0.5,0.6214431390129052,0.6196721023885323,0.6209804244576028,1.0,0.6253717455112521,0.6237134640905709,0.6157444805207579,0.611886867805667,0.6380983691467973,0.6261028691331766,0.6168753825088528,0.6205839351811874
3,4,0.2450704687488544,0.92724,5000,1.5938556635821308,0.9099639855942377,833,1.5926567182754174,0.913,0.8083654608221481,0.08315056328056661,,,0.7581420469026643,,0.7581547111088801,0.2418452888911199,0.9702586269972017,0.40348544886597765,5,0.1,0.5,0.627274099756003,0.6177762565016146,0.6213503510109989,0.6253717455112521,1.0,0.6260014288092637,0.6266727922666939,0.6077256570839763,0.6273395403349046,0.6279950945241035,0.617767970135184,0.6128722168770073
3,5,0.22992032659803607,0.9302,5000,1.6037649048699274,0.907563025210084,833,1.5905794419419652,0.9146,0.8082040744568633,0.08357715725365106,,,0.8844251408958576,,0.8844335123738768,0.1155664876261232,0.971206522645075,0.40390611406166044,5,0.1,0.5,0.6244881992581581,0.620313690672212,0.6217594058038637,0.6237134640905709,0.6260014288092637,1.0,0.6244132288712309,0.6011056831925635,0.6289290930572952,0.6278200474689826,0.6156517559555853,0.6193739916168755
3,6,0.2471982322772668,0.92484,5000,1.5897237150757402,0.9027611044417767,833,1.5909263108865903,0.9143,0.8091632225120362,0.08338938338021608,,,0.8288391101392503,,0.8288489533657949,0.1711510466342051,0.9709631352558862,0.40379801190851466,5,0.1,0.5,0.6284289081968996,0.6179338168202395,0.6206503137300204,0.6157444805207579,0.6266727922666939,0.6244132288712309,1.0,0.6117204439276924,0.6267162925114148,0.6291871354440195,0.626204955400138,0.6169046256937315
3,7,0.24467631284574604,0.92796,5000,1.5930110525201868,0.9051620648259304,833,1.5947815499747524,0.9119,0.7945054068508333,0.08263843786720287,,,0.6065393853730024,,0.6065609156166859,0.3934390843833141,0.9662464995540668,0.40151335510550573,5,0.1,0.5,0.6117453925576515,0.6025697838505653,0.6160564881989092,0.611886867805667,0.6077256570839763,0.6011056831925635,0.6117204439276924,1.0,0.6206971504268465,0.6131667825508748,0.6042061786251143,0.603187878861344
3,8,0.23207426179396168,0.9312,5000,1.610953278011746,0.9267707082833133,833,1.5905665570554641,0.9144,0.8168964245597065,0.08390001645401352,,,0.9799999997039736,,0.9800010039656644,0.019998996034335637,0.9713060760246924,0.4039473192239672,5,0.1,0.5,0.6296334933561869,0.625669138227559,0.6319413333023425,0.6380983691467973,0.6273395403349046,0.6289290930572952,0.6267162925114148,0.6206971504268465,1.0,0.6382572628003019,0.627626009524552,0.6229385296046535
3,9,0.26451243101767485,0.92088,5000,1.5829512234087344,0.9195678271308524,833,1.5909504658117082,0.9145,0.8139466630351085,0.08353602859590782,,,0.872249970876344,,0.8722604286933386,0.12773957130666136,0.971067069591149,0.4038903217185403,5,0.1,0.5,0.6330427678019452,0.6225008323849762,0.6229356168761596,0.6261028691331766,0.6279950945241035,0.6278200474689826,0.6291871354440195,0.6131667825508748,0.6382572628003019,1.0,0.6213689771632116,0.6285165677081607
3,10,0.25420263270717,0.92404,5000,1.5818618580147072,0.921968787515006,833,1.6004241019392167,0.9098,0.8045415433975414,0.08261634732206664,,,0.6,,0.6,0.4,0.9662081115267825,0.4013591648309983,5,0.1,0.5,0.6255966281445325,0.6128942576460886,0.6217457330645736,0.6168753825088528,0.617767970135184,0.6156517559555853,0.626204955400138,0.6042061786251143,0.627626009524552,0.6213689771632116,1.0,0.613956753002027
3,11,0.24523799981755814,0.92472,5000,1.5922534156728674,0.9171668667466987,833,1.5905366614222907,0.9145,0.8049134833773589,0.08347304853664557,,,0.8536062083168167,,0.8536218061342302,0.14637819386576978,0.97108285344563,0.4038582446860327,5,0.1,0.5,0.6335280261574944,0.6104583052761686,0.6192597082033781,0.6205839351811874,0.6128722168770073,0.6193739916168755,0.6169046256937315,0.603187878861344,0.6229385296046535,0.6285165677081607,0.613956753002027,1.0
4,0,0.2204342781809295,0.93484,5000,1.3381687226118866,0.9364508393285371,834,1.3437929739967323,0.9335,0.7994377900973662,0.08354462636707541,,,0.8766830470396826,,0.876697956929873,0.12330204307012704,0.9704821678123066,0.3985210213133095,5,0.1,0.5,1.0,0.6096469809587771,0.6117141174961387,0.5995980709090839,0.5997139554230293,0.6042992940252228,0.6074430370630423,0.6037188963619533,0.6035956676420935,0.6016194591835008,0.5933614667080116,0.6113750046841538
4,1,0.22223386937443904,0.93144,5000,1.3376533322864108,0.9280575539568345,834,1.3442583320239863,0.9334,0.8020628889968475,0.0834112045151522,,,0.8404197212179898,,0.840434717132674,0.15956528286732596,0.9698023610420538,0.3984556050430026,5,0.1,0.5,0.6096469809587771,1.0,0.6147067737139598,0.6035948497107916,0.601367771446106,0.6048366300294163,0.6080860491325725,0.610568244771053,0.6173996261065204,0.6088817559947995,0.5917532754285308,0.6018769802702517
4,2,0.2211738819814032,0.93372,5000,1.3387464770564326,0.9376498800959233,834,1.3435878273778068,0.9334,0.8049632284339905,0.08372400151067837,,,0.925436224896417,,0.9254555494202098,0.0745444505797902,0.9705034704205622,0.39855820368358214,5,0.1,0.5,0.6117141174961387,0.6147067737139598,1.0,0.6128360885777953,0.6083811794954592,0.6125931033062985,0.6098643576060512,0.6089708931492462,0.6157811012626073,0.601587131906555,0.602820887442447,0.5998215808390857
4,3,0.21301730829142745,0.93448,5000,1.354626320026539,0.9412470023980816,834,1.3436472678717715,0.9335,0.7971969353862728,0.08344062500979332,,,0.848416049912486,,0.8484262838210933,0.1515737161789067,0.9703524014706321,0.39847409520276256,5,0.1,0.5,0.5995980709090839,0.6035948497107916,0.6128360885777953,1.0,0.6043465374063182,0.6020963351546343,0.605549919411007,0.605579371519441,0.6105213107269506,0.5952438539714173,0.5946585997615227,0.5908451011939081
4,4,0.23074225248401142,0.93072,5000,1.34475839138031,0.9327731092436975,833,1.3460889422474578,0.9327,0.7935070306345273,0.0830850738532512,,,0.7517792003251509,,0.751794588625069,0.24820541137493102,0.9694356192485301,0.39805528871003165,5,0.1,0.5,0.5997139554230293,0.601367771446106,0.6083811794954592,0.6043465374063182,1.0,0.596932722663482,0.6056366130034444,0.6010138143072431,0.6006249071050821,0.5994557256854388,0.5906050514244261,0.5831287459389544
4,5,0.21075208405341217,0.9374,5000,1.3601474011385883,0.9243697478991597,833,1.3436794033446633,0.9334,0.7958027175430191,0.08344918327791194,,,0.8507421401351987,,0.8507605039907635,0.14923949600923647,0.9704314317483456,0.3984792360692639,5,0.1,0.5,0.6042992940252228,0.6048366300294163,0.6125931033062985,0.6020963351546343,0.596932722663482,1.0,0.6042776144523793,0.5998848546373098,0.606770085588533,0.6041353351640538,0.5851999772633959,0.5899483883320805
4,6,0.2225844035031879,0.93408,5000,1.343515193020856,0.9243697478991597,833,1.3439949983225081,0.9334,0.800169469606232,0.08347715576614025,,,0.8583449086475887,,0.8583555042417549,0.14164449575824511,0.9702761617421986,0.398493704525703,5,0.1,0.5,0.6074430370630423,0.6080860491325725,0.6098643576060512,0.605549919411007,0.6056366130034444,0.6042776144523793,1.0,0.6014542910841247,0.6046805536187576,0.6061783412189086,0.6041466418208372,0.5965101090197836
4,7,0.22533388057616865,0.93408,5000,1.3483157687717013,0.929171668667467,833,1.3490666448117825,0.9327,0.7978503236799587,0.08289648666198926,,,0.7005222385610028,,0.7005421414587621,0.29945785854123785,0.9658183992495956,0.3975941881011801,5,0.1,0.5,0.6037188963619533,0.610568244771053,0.6089708931492462,0.605579371519441,0.6010138143072431,0.5998848546373098,0.6014542910841247,1.0,0.6084831517228056,0.5976701611367211,0.602142239900858,0.5957453966652784
4,8,0.21903504430654513,0.9334,5000,1.3709137837092082,0.9387755102040817,833,1.3435996881308265,0.9335,0.8032533512298381,0.08392475529486722,,,0.9799999997282054,,0.9800010039656644,0.019998996034335637,0.9707057545826662,0.39856772622509706,5,0.1,0.5,0.6035956676420935,0.6173996261065204,0.6157811012626073,0.6105213107269506,0.6006249071050821,0.606770085588533,0.6046805536187576,0.6084831517228056,1.0,0.6147798296031901,0.5994736713457339,0.5987731318228914
4,9,0.24772699076421323,0.92728,5000,1.3304293950398762,0.9327731092436975,833,1.3440385295179325,0.9333,0.7951220674619627,0.0833979993697796,,,0.8368306353053971,,0.8368505597108579,0.16314944028914213,0.970329465610999,0.3984466133879776,5,0.1,0.5,0.6016194591835008,0.6088817559947995,0.601587131906555,0.5952438539714173,0.5994557256854388,0.6041353351640538,0.6061783412189086,0.5976701611367211,0.6147798296031901,1.0,0.5881362708384441,0.5869818385168328
4,10,0.2370465749770901,0.9302,5000,1.3369082344902887,0.9423769507803121,833,1.3576216054038879,0.932,0.7877051898550205,0.08252664018695215,,,0.6,,0.6,0.4,0.9653823845489344,0.39584677331999385,5,0.1,0.5,0.5933614667080116,0.5917532754285308,0.602820887442447,0.5946585997615227,0.5906050514244261,0.5851999772633959,0.6041466418208372,0.602142239900858,0.5994736713457339,0.5881362708384441,1.0,0.5861386839319866
4,11,0.22814802879550655,0.9322,5000,1.345169363198457,0.9339735894357744,833,1.3437927885177416,0.9336,0.7884417146552475,0.08312224818640919,,,0.7618829796992236,,0.7618995030369962,0.23810049696300384,0.9696469242314519,0.3981235202802326,5,0.1,0.5,0.6113750046841538,0.6018769802702517,0.5998215808390857,0.5908451011939081,0.5831287459389544,0.5899483883320805,0.5965101090197836,0.5957453966652784,0.5987731318228914,0.5869818385168328,0.5861386839319866,1.0
5,0,0.2008972902372954,0.94048,5000,1.0841708889713995,0.9460431654676259,834,1.0932169360474657,0.9455,0.7869979981739411,0.08353274979211127,,,0.8715177156010854,,0.8715325535866674,0.12846744641333263,0.9698588038528095,0.3926166700284025,5,0.1,0.5,1.0,0.5836650452515181,0.5814594122484571,0.5836687321045309,0.5746159105774767,0.5741866794982484,0.5905127059442535,0.5835053003782639,0.5808463028319707,0.5878013341517134,0.5836709057240995,0.5918654389486973
5,1,0.20563454424108193,0.93668,5000,1.0851073728667364,0.9448441247002398,834,1.093787723455947,0.9455,0.7870599057830696,0.08344574247083299,,,0.8436803750226786,,0.8436976055418904,0.15630239445810956,0.9696477374788417,0.3925622494919716,5,0.1,0.5,0.5836650452515181,1.0,0.582207420033341,0.5881892550810058,0.5739846356403306,0.5794449131377315,0.5871554602398296,0.5883657766126401,0.5905041509245834,0.5852461117748606,0.5792265264253431,0.5789289020144947
5,2,0.21107738208452798,0.93592,5000,1.0838937052973994,0.947242206235012,834,1.0930097535395393,0.9459,0.7851574579365465,0.08358789967305956,,,0.8891625068239519,,0.8891722303097234,0.11082776969027663,0.9699515858254248,0.3926391981815003,5,0.1,0.5,0.5814594122484571,0.582207420033341,1.0,0.5924054366578425,0.5765474733338493,0.5780288041836867,0.5805260962205236,0.5880461949428889,0.579448278715974,0.5745153737751326,0.5842977616860223,0.5800970465470419
5,3,0.1981492163924868,0.9394,5000,1.107428753817523,0.9484412470023981,834,1.0930872765212014,0.9459,0.7907804345414079,0.08359630179731005,,,0.891850703528628,,0.8918678781185684,0.10813212188143162,0.9697757625902721,0.39264194593276364,5,0.1,0.5,0.5836687321045309,0.5881892550810058,0.5924054366578425,1.0,0.5845676891511093,0.5858722689783716,0.5858205685315381,0.5915075214946567,0.5952764630966121,0.5847148238806391,0.581334430886762,0.5784579433260632
5,4,0.21200098127458886,0.93504,5000,1.0922718931127477,0.943577430972389,833,1.0971923780898316,0.9451,0.7792156760285865,0.08295177092673915,,,0.6856378803571869,,0.6856583504844135,0.3143416495155865,0.9676524243043012,0.3915156016517272,5,0.1,0.5,0.5746159105774767,0.5739846356403306,0.5765474733338493,0.5845676891511093,1.0,0.5705434124323667,0.5732764521496384,0.5807954999372189,0.5820831726150829,0.5878006764335185,0.5739555121141517,0.5665154374745998
5,5,0.20079485666552546,0.9392,5000,1.112258579995897,0.9339735894357744,833,1.0937169249446248,0.9453,0.7785924323500829,0.08317323188144175,,,0.7564926536142308,,0.7565082074193062,0.24349179258069376,0.9689518343883549,0.39218496980061174,5,0.1,0.5,0.5741866794982484,0.5794449131377315,0.5780288041836867,0.5858722689783716,0.5705434124323667,1.0,0.5758238656215411,0.5788722228881904,0.5770126958527277,0.5782598024744163,0.5667268316040692,0.5721248703535946
5,6,0.20693398992661505,0.93892,5000,1.0937137846593503,0.9351740696278511,833,1.093395226870101,0.9455,0.7881603842923084,0.08352854367247438,,,0.8701719991357875,,0.8701872395964058,0.12981276040359424,0.9697859579459027,0.3926145083066225,5,0.1,0.5,0.5905127059442535,0.5871554602398296,0.5805260962205236,0.5858205685315381,0.5732764521496384,0.5758238656215411,1.0,0.588069571618399,0.5824000571178075,0.5899102676558542,0.5885538317518171,0.5850683979894739
5,7,0.20648651541014956,0.94072,5000,1.1001424259609647,0.9399759903961584,833,1.0990926749028338,0.9442,0.790206417558771,0.08321237993738105,,,0.7690177808121965,,0.7690276592540535,0.23097234074594652,0.9679581413085563,0.39226535277461894,5,0.1,0.5,0.5835053003782639,0.5883657766126401,0.5880461949428889,0.5915075214946567,0.5807954999372189,0.5788722228881904,0.588069571618399,1.0,0.5962867026287757,0.5868201935450604,0.5884587124981004,0.5784204664923593
5,8,0.19615761415238023,0.94024,5000,1.1265050062426814,0.9507803121248499,833,1.092996931304566,0.9461,0.7894132636866471,0.08387181784774236,,,0.9799999996800575,,0.9800010039656644,0.019998996034335637,0.9700595415442239,0.39267508296242853,5,0.1,0.5,0.5808463028319707,0.5905041509245834,0.579448278715974,0.5952764630966121,0.5820831726150829,0.5770126958527277,0.5824000571178075,0.5962867026287757,1.0,0.5891850823793722,0.588649416048742,0.5750473528018725
5,9,0.22621726304957063,0.93188,5000,1.0754238609914426,0.9471788715486195,833,1.0935833833088129,0.9456,0.786712666705142,0.08342469919528679,,,0.8369477366692792,,0.836960995933939,0.16303900406606098,0.9696081236925095,0.3925448812444813,5,0.1,0.5,0.5878013341517134,0.5852461117748606,0.5745153737751326,0.5847148238806391,0.5878006764335185,0.5782598024744163,0.5899102676558542,0.5868201935450604,0.5891850823793722,1.0,0.5743512203529662,0.5751190816896569
5,10,0.20875527078677325,0.93848,5000,1.08752825083556,0.9591836734693877,833,1.1105188234164691,0.9434,0.7822177287557429,0.08268410446094146,,,0.6,,0.6,0.4,0.9649975941486842,0.3899924039101478,5,0.1,0.5,0.5836709057240995,0.5792265264253431,0.5842977616860223,0.581334430886762,0.5739555121141517,0.5667268316040692,0.5885538317518171,0.5884587124981004,0.588649416048742,0.5743512203529662,1.0,0.5665306673051898
5,11,0.2109951762429136,0.93516,5000,1.0961064806690923,0.943577430972389,833,1.0945851362932224,0.9455,0.7796175472090537,0.08299075834467895,,,0.6981116126307232,,0.6981225842076201,0.3018774157923799,0.9678658008547242,0.39166632212144387,5,0.1,0.5,0.5918654389486973,0.5789289020144947,0.5800970465470419,0.5784579433260632,0.5665154374745998,0.5721248703535946,0.5850683979894739,0.5784204664923593,0.5750473528018725,0.5751190816896569,0.5665306673051898,1.0
6,0,0.1857543938716126,0.94376,5000,0.8501802704952381,0.947242206235012,834,0.8607749723778746,0.9524,0.7740030733605527,0.08349800661116029,,,0.8649247227797612,,0.8649314793434064,0.13506852065659358,0.9677507780727345,0.3865063143792896,5,0.1,0.5,1.0,0.5680514869662614,0.5606138296092723,0.5642882207983698,0.5604703158152923,0.554295468488432,0.5651301178814387,0.5606215016034509,0.5636075575038669,0.5630849762147782,0.5553816589306693,0.5643513949223649
6,1,0.1872016054260764,0.94364,5000,0.8498397601975335,0.9532374100719424,834,0.8613147230955739,0.9522,0.7794498756582483,0.08363216438406612,,,0.9052274056246692,,0.9052507404246775,0.09474925957532254,0.9676971700880059,0.3865535118831739,5,0.1,0.5,0.5680514869662614,1.0,0.567006928418118,0.5692079246350159,0.560232323277179,0.5664658678840017,0.5716519835741568,0.5654898138384116,0.5723117700834972,0.5676600465890392,0.5587305215156907,0.5640156389425456
6,2,0.1934953473508358,0.94128,5000,0.8478304147720337,0.9568345323741008,834,0.8605866354113569,0.9525,0.7747207118812655,0.0835604406472072,,,0.8836806927025221,,0.8836955976105617,0.11630440238943829,0.9678537633110416,0.386533688267224,5,0.1,0.5,0.5606138296092723,0.567006928418118,1.0,0.5674020662963954,0.5597736626665455,0.5613618421047298,0.5644621976957388,0.5629456236227681,0.5696717393141776,0.5601928899971097,0.5508361456084664,0.5619224195225193
6,3,0.1862896137983556,0.94404,5000,0.877112763899344,0.9532374100719424,834,0.8606566116451836,0.9524,0.7744863182504457,0.08355779709881678,,,0.8828865375070619,,0.8828974449073842,0.1171025550926158,0.9678601303464639,0.38653267373456185,5,0.1,0.5,0.5642882207983698,0.5692079246350159,0.5674020662963954,1.0,0.5666561585122951,0.5600719765273933,0.5613354337639036,0.5642799769624784,0.5713123458362337,0.5568689795459452,0.5512048673748794,0.551321981723597
6,4,0.19619211322586438,0.94024,5000,0.8593887223137749,0.9519807923169268,833,0.865887455475597,0.9517,0.7685215545551214,0.08291379498638582,,,0.6894202006219528,,0.6894282415541388,0.31057175844586116,0.9650120271491429,0.3854265529481279,5,0.1,0.5,0.5604703158152923,0.560232323277179,0.5597736626665455,0.5666561585122951,1.0,0.5536890739122187,0.561576909902842,0.5578426761562227,0.5589102882549336,0.5655798082246811,0.5458400116519341,0.5414009054710979
6,5,0.18584507228035457,0.94444,5000,0.8809956709543864,0.943577430972389,833,0.8618347492461769,0.9525,0.7691462781026028,0.08308468917167881,,,0.7407589639356293,,0.7407810852868831,0.25921891471311687,0.9663797183223247,0.3859546828021846,5,0.1,0.5,0.554295468488432,0.5664658678840017,0.5613618421047298,0.5600719765273933,0.5536890739122187,1.0,0.5609456385972471,0.5609441321713675,0.5565132409906239,0.5598639176992904,0.5519923574125317,0.5505742597606693
6,6,0.1895492629165862,0.94388,5000,0.8611797955301073,0.9495798319327731,833,0.860920210044605,0.9522,0.7769777531646523,0.08360037601208198,,,0.8956777787451881,,0.8956980071281562,0.10430199287184383,0.967800063367726,0.3865457690470505,5,0.1,0.5,0.5651301178814387,0.5716519835741568,0.5644621976957388,0.5613354337639036,0.561576909902842,0.5609456385972471,1.0,0.5645761477443871,0.5663497247447109,0.5625849439160909,0.5638889406453311,0.5650833285554446
6,7,0.1906955124899318,0.94396,5000,0.8687775819389908,0.9495798319327731,833,0.8664378293406088,0.9515,0.7746318721029692,0.08330498373540726,,,0.8069382224467034,,0.8069524622257919,0.19304753777420813,0.9668835636145031,0.38634606596265825,5,0.1,0.5,0.5606215016034509,0.5654898138384116,0.5629456236227681,0.5642799769624784,0.5578426761562227,0.5609441321713675,0.5645761477443871,1.0,0.569180771542616,0.5613444733607693,0.556992377051823,0.5631740539948747
6,8,0.18360238956661218,0.94372,5000,0.897746883056782,0.9567827130852341,833,0.8605678334784584,0.9526,0.7783927351935611,0.08388106405990371,,,0.9799999996995874,,0.9800010039656644,0.019998996034335637,0.968009209978711,0.38657451382608304,5,0.1,0.5,0.5636075575038669,0.5723117700834972,0.5696717393141776,0.5713123458362337,0.5589102882549336,0.5565132409906239,0.5663497247447109,0.569180771542616,1.0,0.5663873258042754,0.5613432240195736,0.5632487069059583
6,9,0.2129033765025959,0.93672,5000,0.8405486698503848,0.9495798319327731,833,0.8611382352658354,0.9525,0.7731061856842331,0.08339368918649259,,,0.8335864559725832,,0.8336027307866071,0.16639726921339293,0.9675158278196202,0.386436646209955,5,0.1,0.5,0.5630849762147782,0.5676600465890392,0.5601928899971097,0.5568689795459452,0.5655798082246811,0.5598639176992904,0.5625849439160909,0.5613444733607693,0.5663873258042754,1.0,0.5519252038782025,0.5566390576768336
6,10,0.20322104837911523,0.94004,5000,0.8563335913198965,0.9603841536614646,833,0.8804245516895867,0.9505,0.7651901568053149,0.08261613701124808,,,0.6,,0.6,0.4,0.9624409799354872,0.38380021392252067,5,0.1,0.5,0.5553816589306693,0.5587305215156907,0.5508361456084664,0.5512048673748794,0.5458400116519341,0.5519923574125317,0.5638889406453311,0.556992377051823,0.5613432240195736,0.5519252038782025,1.0,0.5545210860161303
6,11,0.18982563676389683,0.94116,5000,0.8641051605895713,0.9555822328931572,833,0.8631634716027842,0.9521,0.7689984877890635,0.08295685709555123,,,0.7023565999876794,,0.7023743787962452,0.2976256212037548,0.9654872821546232,0.3855830756679892,5,0.1,0.5,0.5643513949223649,0.5640156389425456,0.5619224195225193,0.551321981723597,0.5414009054710979,0.5505742597606693,0.5650833285554446,0.5631740539948747,0.5632487069059583,0.5566390576768336,0.5545210860161303,1.0
7,0,0.1755946727122542,0.94648,5000,0.6499713306073789,0.9496402877697842,834,0.6605042018258153,0.9564,0.755961225178218,0.08348111432561636,,,0.9043782650173173,,0.9043923497816375,0.09560765021836248,0.9655296308809233,0.3774547474471501,5,0.1,0.5,1.0,0.5360220788322939,0.5362029589742089,0.5343083196839746,0.5320788437385193,0.5233351314585083,0.5371920571320263,0.524349230771153,0.521425172180569,0.5358540985490748,0.5241992420429135,0.5426638857877185
