round,client_id,client_i_training_loss,client_i_training_accuracy,client_i_training_dataset_size,client_i_evaluation_loss,client_i_evaluation_accuracy,client_i_evaluation_dataset_size,client_i_central_evaluation_loss,client_i_central_evaluation_accuracy,client_i_cosine_similarity,client_i_importance_coefficient,client_i_tanh_val,tanh_normalization_value,client_i_q,client_i_mask_order,client_i_v_nonzero_fraction,client_i_v_sparsity,client_i_v_cosine_similarity,client_i_reward_gradient_norm,local_epochs,learning_rate,gamma,client_0_cosine_similarity,client_1_cosine_similarity,client_2_cosine_similarity,client_3_cosine_similarity,client_4_cosine_similarity,client_5_cosine_similarity,client_6_cosine_similarity,client_7_cosine_similarity,client_8_cosine_similarity,client_9_cosine_similarity,client_10_cosine_similarity,client_11_cosine_similarity
0,0,2.1460551577768507,0.39072,5000,2.2579296871467873,0.26139088729016785,834,2.255745848908592,0.2393,0.9939097406885049,0.0832248838954061,,,1.0,,1.0,0.0,0,0.0995204914618529,5,0.001,0.1,1.0,0.984846697358713,0.9851555524414642,0.9945931884342203,0.9859750540929143,0.9923470603214357,0.9858436839513888,0.9949642496731962,0.9907324713028423,0.9881541994376336,0.9808196443989589,0.9862942510604953
0,1,2.1407760498630015,0.37324,5000,2.258654797518695,0.22422062350119903,834,2.255745848908592,0.2393,0.9962311693693595,0.08341926837975752,,,1.0,,1.0,0.0,0,0.0995204914618529,5,0.001,0.1,0.984846697358713,1.0,0.9944723306492301,0.9861165340589569,0.9926032447758604,0.9894043673644644,0.9931569523418763,0.9886152120587947,0.9881846087348519,0.9956419423916872,0.9912241698450078,0.9931835602250455
0,2,2.1442363348736126,0.37312,5000,2.2559136991147644,0.23261390887290168,834,2.255745848908592,0.2393,0.995560326848603,0.0833630954813378,,,1.0,,1.0,0.0,0,0.0995204914618529,5,0.001,0.1,0.9851555524414642,0.9944723306492301,1.0,0.9867531033546056,0.9933414218022776,0.9894959562788007,0.9945188451450019,0.9877627085503615,0.9868547798963804,0.9925309443431348,0.9889840362403292,0.9895684311801926
0,3,2.1367557067020684,0.39768,5000,2.2504183098121926,0.2422062350119904,834,2.255745848908592,0.2393,0.9944618385685762,0.08327111372904873,,,1.0,,1.0,0.0,0,0.0995204914618529,5,0.001,0.1,0.9945931884342203,0.9861165340589569,0.9867531033546056,1.0,0.9872865238966961,0.989030817857492,0.9875129133825797,0.9949326860627733,0.9923578575975924,0.986731833903438,0.9837223923083251,0.9872816082805935
0,4,2.139953262638894,0.38188,5000,2.261556060225875,0.2304921968787515,833,2.255745848908592,0.2393,0.9957883952904873,0.08338219275830269,,,1.0,,1.0,0.0,0,0.0995204914618529,5,0.001,0.1,0.9859750540929143,0.9926032447758604,0.9933414218022776,0.9872865238966961,1.0,0.9924837789217689,0.9926857932097088,0.9863677718329331,0.9878373592776948,0.9942829924075106,0.9864203694366673,0.9928774984780468
0,5,2.1416144043017344,0.39148,5000,2.2500158415900335,0.22569027611044418,833,2.255745848908592,0.2393,0.9951163704338045,0.08332592085716052,,,1.0,,1.0,0.0,0,0.0995204914618529,5,0.001,0.1,0.9923470603214357,0.9894043673644644,0.9894959562788007,0.989030817857492,0.9924837789217689,1.0,0.9899740248567445,0.989674345856617,0.9857065549748039,0.9938335980960554,0.9807364423884927,0.9914492313696252
0,6,2.1488311065989696,0.38876,5000,2.2514278005670616,0.24129651860744297,833,2.255745848908592,0.2393,0.9965148141201114,0.08344301933065626,,,1.0,,1.0,0.0,0,0.0995204914618529,5,0.001,0.1,0.9858436839513888,0.9931569523418763,0.9945188451450019,0.9875129133825797,0.9926857932097088,0.9899740248567445,1.0,0.988126625160379,0.991796801410398,0.9920889709143119,0.9918775042542919,0.9932549200838998
0,7,2.1378519712739688,0.38684,5000,2.2593744772451894,0.23529411764705882,833,2.255745848908592,0.2393,0.9953462997643441,0.08334517395535943,,,1.0,,1.0,0.0,0,0.0995204914618529,5,0.001,0.1,0.9949642496731962,0.9886152120587947,0.9877627085503615,0.9949326860627733,0.9863677718329331,0.989674345856617,0.988126625160379,1.0,0.9918259172998171,0.9888457068708779,0.9881437496566782,0.9876231275198933
0,8,2.1483817474097964,0.37912,5000,2.2608375637619584,0.24489795918367346,833,2.255745848908592,0.2393,0.9946982248620867,0.08329090750007893,,,1.0,,1.0,0.0,0,0.0995204914618529,5,0.001,0.1,0.9907324713028423,0.9881846087348519,0.9868547798963804,0.9923578575975924,0.9878373592776948,0.9857065549748039,0.991796801410398,0.9918259172998171,1.0,0.9871830818194746,0.988627508825838,0.9880355520972881
0,9,2.1423205416673308,0.37896,5000,2.2595551632068775,0.22208883553421369,833,2.255745848908592,0.2393,0.996398810314931,0.08343330576933139,,,1.0,,1.0,0.0,0,0.0995204914618529,5,0.001,0.1,0.9881541994376336,0.9956419423916872,0.9925309443431348,0.986731833903438,0.9942829924075106,0.9938335980960554,0.9920889709143119,0.9888457068708779,0.9871830818194746,1.0,0.9866614333335415,0.9934969607362755
0,10,2.1433479993965974,0.3712,5000,2.256622385095667,0.2388955582232893,833,2.255745848908592,0.2393,0.9927155077373213,0.083124884977358,,,1.0,,1.0,0.0,0,0.0995204914618529,5,0.001,0.1,0.9808196443989589,0.9912241698450078,0.9889840362403292,0.9837223923083251,0.9864203694366673,0.9807364423884927,0.9918775042542919,0.9881437496566782,0.988627508825838,0.9866614333335415,1.0,0.988246725095376
0,11,2.1424534791594096,0.38352,5000,2.249889621028194,0.2725090036014406,833,2.255745848908592,0.2393,0.9957172254963153,0.08337623336620263,,,1.0,,1.0,0.0,0,0.0995204914618529,5,0.001,0.1,0.9862942510604953,0.9931835602250455,0.9895684311801926,0.9872816082805935,0.9928774984780468,0.9914492313696252,0.9932549200838998,0.9876231275198933,0.9880355520972881,0.9934969607362755,0.988246725095376,1.0
1,0,1.9441755838454908,0.4876,5000,2.196443796157837,0.42565947242206237,834,2.190956377754577,0.4286,0.9987095642863764,0.08327300000816223,,,1.0,,1.0,0.0,0.9699349428053321,0.09985185650828739,5,0.001,0.1,1.0,0.9968577401070622,0.9960473275381315,0.9967976344238065,0.9975649047848782,0.9968631089176909,0.9972149336510386,0.9974300282318213,0.9973474117379254,0.9975091121161404,0.9952200043362204,0.9979064630564607
1,1,1.9401526577153783,0.46932,5000,2.1908974206006087,0.4088729016786571,834,2.190956377754577,0.4286,0.9989059405181417,0.08339854561163512,,,1.0,,1.0,0.0,0.9699349428053321,0.09985185650828739,5,0.001,0.1,0.9968577401070622,1.0,0.9971787252994115,0.9954554953780653,0.9969235678430202,0.9952134052559021,0.9979803830355962,0.9980068988618863,0.9976120056021966,0.9982358861906786,0.997980399574156,0.9976638826733553
1,2,1.9471401360384217,0.48264,5000,2.192194099779482,0.42206235011990406,834,2.190956377754577,0.4286,0.998243948149476,0.08334273045472182,,,1.0,,1.0,0.0,0.9699349428053321,0.09985185650828739,5,0.001,0.1,0.9960473275381315,0.9971787252994115,1.0,0.9951594661001961,0.9966165215417317,0.9944129972998829,0.997980998297841,0.9968162444035472,0.9967345659489238,0.9967816350814215,0.997051956391146,0.9963963430516459
1,3,1.9281747329007288,0.5078,5000,2.183926538184837,0.44004796163069543,834,2.190956377754577,0.4286,0.9974789130732291,0.08326162947433692,,,1.0,,1.0,0.0,0.9699349428053321,0.09985185650828739,5,0.001,0.1,0.9967976344238065,0.9954554953780653,0.9951594661001961,1.0,0.9964635206550828,0.994330717179528,0.9955202517109885,0.9964213550849116,0.9961589433342956,0.9953606084402647,0.9945580825612799,0.9957908436649284
1,4,1.9403217075736658,0.487,5000,2.1973506256386086,0.4189675870348139,833,2.190956377754577,0.4286,0.9988323379524506,0.08337343316366295,,,1.0,,1.0,0.0,0.9699349428053321,0.09985185650828739,5,0.001,0.1,0.9975649047848782,0.9969235678430202,0.9966165215417317,0.9964635206550828,1.0,0.9967454787221147,0.9975292086664402,0.9976088102672976,0.9976656994789637,0.9972854153067658,0.9961507940379367,0.9976731615169051
1,5,1.9405635312863976,0.47628,5000,2.184232508694684,0.4345738295318127,833,2.190956377754577,0.4286,0.9973882357053738,0.08329231346289424,,,1.0,,1.0,0.0,0.9699349428053321,0.09985185650828739,5,0.001,0.1,0.9968631089176909,0.9952134052559021,0.9944129972998829,0.994330717179528,0.9967454787221147,1.0,0.9959521499655547,0.9960243127372396,0.9952826787297088,0.996578685150107,0.9933735827389517,0.9961444291135547
1,6,1.9508726449529077,0.49268,5000,2.1894041608881065,0.40936374549819926,833,2.190956377754577,0.4286,0.9989728084860454,0.08341526926941763,,,1.0,,1.0,0.0,0.9699349428053321,0.09985185650828739,5,0.001,0.1,0.9972149336510386,0.9979803830355962,0.997980998297841,0.9955202517109885,0.9975292086664402,0.9959521499655547,1.0,0.9974288126252027,0.9975590328573208,0.9976572694119953,0.9975111946533772,0.9975743652818098
1,7,1.9297147626330138,0.4888,5000,2.19346637196011,0.4249699879951981,833,2.190956377754577,0.4286,0.9989991354959656,0.08335611485263192,,,1.0,,1.0,0.0,0.9699349428053321,0.09985185650828739,5,0.001,0.1,0.9974300282318213,0.9980068988618863,0.9968162444035472,0.9964213550849116,0.9976088102672976,0.9960243127372396,0.9974288126252027,1.0,0.9974418026710219,0.9981390301360783,0.9974096956010098,0.9975005319806434
1,8,1.9479884243315193,0.47708,5000,2.197130706575182,0.43337334933973587,833,2.190956377754577,0.4286,0.9987401973516481,0.08331447804227249,,,1.0,,1.0,0.0,0.9699349428053321,0.09985185650828739,5,0.001,0.1,0.9973474117379254,0.9976120056021966,0.9967345659489238,0.9961589433342956,0.9976656994789637,0.9952826787297088,0.9975590328573208,0.9974418026710219,1.0,0.9971476675234197,0.996782614819034,0.9973936490557928
1,9,1.9408447417483967,0.47384,5000,2.194431746447528,0.43937575030012005,833,2.190956377754577,0.4286,0.9989511024417687,0.08340861178285637,,,1.0,,1.0,0.0,0.9699349428053321,0.09985185650828739,5,0.001,0.1,0.9975091121161404,0.9982358861906786,0.9967816350814215,0.9953606084402647,0.9972854153067658,0.996578685150107,0.9976572694119953,0.9981390301360783,0.9971476675234197,1.0,0.9970764186004304,0.9978761324198661
1,10,1.9421376173663292,0.4816,5000,2.1927336940058955,0.43337334933973587,833,2.190956377754577,0.4286,0.9981309343107093,0.08319299897967854,,,1.0,,1.0,0.0,0.9699349428053321,0.09985185650828739,5,0.001,0.1,0.9952200043362204,0.997980399574156,0.997051956391146,0.9945580825612799,0.9961507940379367,0.9933735827389517,0.9975111946533772,0.9974096956010098,0.996782614819034,0.9970764186004304,1.0,0.9967141774647023
1,11,1.9455907580199514,0.47196,5000,2.182588259379069,0.4525810324129652,833,2.190956377754577,0.4286,0.9988663056458611,0.0833708748977296,,,1.0,,1.0,0.0,0.9699349428053321,0.09985185650828739,5,0.001,0.1,0.9979064630564607,0.9976638826733553,0.9963963430516459,0.9957908436649284,0.9976731615169051,0.9961444291135547,0.9975743652818098,0.9975005319806434,0.9973936490557928,0.9978761324198661,0.9967141774647023,1.0
2,0,1.7477395085772132,0.54384,5000,2.118377341164483,0.5095923261390888,834,2.1092797795804543,0.5233,0.9989507394250151,0.08329830085731756,,,1.0,,1.0,0.0,0.9928762600566172,0.09988900561379077,5,0.001,0.1,1.0,0.9974893143364555,0.9973033350441858,0.9981401721877236,0.9978311162876305,0.9976310759674986,0.9977321050788067,0.9977647542309928,0.9975023649680632,0.9978970449629189,0.9966908324175988,0.9981214870812695
2,1,1.747597231151192,0.5248,5000,2.1058142759181835,0.5203836930455635,834,2.1092797795804543,0.5233,0.9990126019854986,0.08337727766533042,,,1.0,,1.0,0.0,0.9928762600566172,0.09988900561379077,5,0.001,0.1,0.9974893143364555,1.0,0.998177709483592,0.9972420734311581,0.9970367203547287,0.9964375692966098,0.9980855680844108,0.998252594715457,0.9978427609014877,0.998363009009476,0.9982601191544968,0.9976548608301531
2,2,1.7512145043938023,0.54296,5000,2.111890183554755,0.5107913669064749,834,2.1092797795804543,0.5233,0.998928028097191,0.08334032430687277,,,1.0,,1.0,0.0,0.9928762600566172,0.09988900561379077,5,0.001,0.1,0.9973033350441858,0.998177709483592,1.0,0.9973623428809287,0.9974922675479908,0.9963574637105301,0.9984663496066204,0.9979187505407559,0.9973825775496639,0.9980697015115784,0.9979731202850619,0.9973253942850505
2,3,1.727101468888058,0.56224,5000,2.1002332899305554,0.5251798561151079,834,2.1092797795804543,0.5233,0.9988520017987733,0.08328814237065608,,,1.0,,1.0,0.0,0.9928762600566172,0.09988900561379077,5,0.001,0.1,0.9981401721877236,0.9972420734311581,0.9973623428809287,1.0,0.9980077743055485,0.9974698044323876,0.9975265947832883,0.9980315257382788,0.9975530347522764,0.9972138145785492,0.9969014913115283,0.9974731182486669
2,4,1.7398734952993453,0.54372,5000,2.1161588033040366,0.5234093637454982,833,2.1092797795804543,0.5233,0.9989167865213777,0.08335878739830287,,,1.0,,1.0,0.0,0.9928762600566172,0.09988900561379077,5,0.001,0.1,0.9978311162876305,0.9970367203547287,0.9974922675479908,0.9980077743055485,1.0,0.9978687396632977,0.9978527504943994,0.9978455398315279,0.9975789979480936,0.9976660301452788,0.9968581104470621,0.9976568710768596
2,5,1.7424250390119613,0.5372,5000,2.101528211876198,0.5186074429771909,833,2.1092797795804543,0.5233,0.9982912364613493,0.08328885979006427,,,1.0,,1.0,0.0,0.9928762600566172,0.09988900561379077,5,0.001,0.1,0.9976310759674986,0.9964375692966098,0.9963574637105301,0.9974698044323876,0.9978687396632977,1.0,0.9969868324517133,0.9971777294227059,0.9965926198098345,0.9971591812634056,0.9956095830170305,0.9969076179774875
2,6,1.7557062124750418,0.54536,5000,2.111048203927499,0.5114045618247299,833,2.1092797795804543,0.5233,0.9991203976152911,0.08339101082862838,,,1.0,,1.0,0.0,0.9928762600566172,0.09988900561379077,5,0.001,0.1,0.9977321050788067,0.9980855680844108,0.9984663496066204,0.9975265947832883,0.9978527504943994,0.9969868324517133,1.0,0.9979848614620535,0.9977828841341014,0.9980465286255654,0.9979237431514638,0.9977458124989975
2,7,1.7297918948398274,0.54592,5000,2.1107069033163564,0.5306122448979592,833,2.1092797795804543,0.5233,0.9991686807635813,0.08335629750041806,,,1.0,,1.0,0.0,0.9928762600566172,0.09988900561379077,5,0.001,0.1,0.9977647542309928,0.998252594715457,0.9979187505407559,0.9980315257382788,0.9978455398315279,0.9971777294227059,0.9979848614620535,1.0,0.9978166720634349,0.9983190030852599,0.9978480431917521,0.9977548577428335
2,8,1.7505870450074505,0.54244,5000,2.1170373845983437,0.5210084033613446,833,2.1092797795804543,0.5233,0.998802809903657,0.08331895983530543,,,1.0,,1.0,0.0,0.9928762600566172,0.09988900561379077,5,0.001,0.1,0.9975023649680632,0.9978427609014877,0.9973825775496639,0.9975530347522764,0.9975789979480936,0.9965926198098345,0.9977828841341014,0.9978166720634349,1.0,0.9977205868156858,0.9971838073127907,0.9973729518352494
2,9,1.7465761883243633,0.53096,5000,2.112275238390322,0.5450180072028812,833,2.1092797795804543,0.5233,0.9991383859124076,0.08338750919664321,,,1.0,,1.0,0.0,0.9928762600566172,0.09988900561379077,5,0.001,0.1,0.9978970449629189,0.998363009009476,0.9980697015115784,0.9972138145785492,0.9976660301452788,0.9971591812634056,0.9980465286255654,0.9983190030852599,0.9977205868156858,1.0,0.9977267767684457,0.9981673554357281
2,10,1.7454605016738747,0.53636,5000,2.1120933956570096,0.5222088835534213,833,2.1092797795804543,0.5233,0.9986149991927774,0.08323841190464544,,,1.0,,1.0,0.0,0.9928762600566172,0.09988900561379077,5,0.001,0.1,0.9966908324175988,0.9982601191544968,0.9979731202850619,0.9969014913115283,0.9968581104470621,0.9956095830170305,0.9979237431514638,0.9978480431917521,0.9971838073127907,0.9977267767684457,1.0,0.9971047997463809
2,11,1.752304996958204,0.53024,5000,2.098028549441585,0.5414165666266506,833,2.1092797795804543,0.5233,0.9988826885005064,0.08335611834581569,,,1.0,,1.0,0.0,0.9928762600566172,0.09988900561379077,5,0.001,0.1,0.9981214870812695,0.9976548608301531,0.9973253942850505,0.9974731182486669,0.9976568710768596,0.9969076179774875,0.9977458124989975,0.9977548577428335,0.9973729518352494,0.9981673554357281,0.9971047997463809,1.0
3,0,1.5799263484918389,0.58404,5000,2.023770301430314,0.5827338129496403,834,2.0109391719007643,0.5976,0.9989500126798302,0.08331347098248781,,,1.0,,1.0,0.0,0.9968465917647635,0.09988999410329838,5,0.001,0.1,1.0,0.9976282930612217,0.9972823154320715,0.9981252572736973,0.9978838564117309,0.9972807297143372,0.997935774757512,0.9978127756356434,0.9974960697490058,0.9978105404143522,0.9970400982127762,0.9979173996115899
3,1,1.5819131423713295,0.5708,5000,2.0031461583243475,0.6031175059952039,834,2.0109391719007643,0.5976,0.9991442616081078,0.08336816550945658,,,1.0,,1.0,0.0,0.9968465917647635,0.09988999410329838,5,0.001,0.1,0.9976282930612217,1.0,0.9980259400044895,0.9978217910350731,0.9972723081901399,0.9967757983905136,0.9981314838420178,0.9982300121142093,0.9979268712730358,0.9984831890431021,0.9983780973538281,0.997866116356129
3,2,1.5860487209004202,0.58304,5000,2.0150176507455333,0.6007194244604317,834,2.0109391719007643,0.5976,0.9987492926792871,0.08333276066622268,,,1.0,,1.0,0.0,0.9968465917647635,0.09988999410329838,5,0.001,0.1,0.9972823154320715,0.9980259400044895,1.0,0.9976045562693656,0.9973167772526028,0.9961772635069348,0.9981039031601159,0.9976142449070584,0.9970623008327646,0.9978211575383665,0.9976888984580574,0.9971083011074484
3,3,1.55689131849131,0.60248,5000,1.9998818415182609,0.60431654676259,834,2.0109391719007643,0.5976,0.9990302712782833,0.08330983225070678,,,1.0,,1.0,0.0,0.9968465917647635,0.09988999410329838,5,0.001,0.1,0.9981252572736973,0.9978217910350731,0.9976045562693656,1.0,0.9981212519766344,0.9974499248081728,0.9976837270050725,0.9979980317054628,0.997818462585387,0.9977092297529281,0.9973421227215488,0.9975016188756447
3,4,1.5703177325285165,0.59,5000,2.018189792279844,0.6014405762304922,833,2.0109391719007643,0.5976,0.9988594233298386,0.08334763569080055,,,1.0,,1.0,0.0,0.9968465917647635,0.09988999410329838,5,0.001,0.1,0.9978838564117309,0.9972723081901399,0.9973167772526028,0.9981212519766344,1.0,0.9978498479306406,0.9978200440434258,0.9976622028400082,0.9974566963357835,0.9975154797420318,0.9967574126243004,0.997470413703784
3,5,1.5737277661918834,0.58376,5000,2.00229819615682,0.6002400960384153,833,2.0109391719007643,0.5976,0.9983160107897995,0.08328722166955589,,,1.0,,1.0,0.0,0.9968465917647635,0.09988999410329838,5,0.001,0.1,0.9972807297143372,0.9967757983905136,0.9961772635069348,0.9974499248081728,0.9978498479306406,1.0,0.9969635676595354,0.9975262930251799,0.9967628547485434,0.996960520108614,0.996268302638644,0.9965995083408862
3,6,1.58689015883549,0.58596,5000,2.0165472560458713,0.5738295318127251,833,2.0109391719007643,0.5976,0.9991355292291874,0.08337630438590718,,,1.0,,1.0,0.0,0.9968465917647635,0.09988999410329838,5,0.001,0.1,0.997935774757512,0.9981314838420178,0.9981039031601159,0.9976837270050725,0.9978200440434258,0.9969635676595354,1.0,0.9980067342538052,0.9977680604700572,0.9980424851400295,0.998082509592601,0.9978965855224304
3,7,1.5620314776517783,0.59104,5000,2.0115419317174843,0.6158463385354142,833,2.0109391719007643,0.5976,0.9991123023534024,0.08335426983741769,,,1.0,,1.0,0.0,0.9968465917647635,0.09988999410329838,5,0.001,0.1,0.9978127756356434,0.9982300121142093,0.9976142449070584,0.9979980317054628,0.9976622028400082,0.9975262930251799,0.9980067342538052,1.0,0.9977609169214883,0.9981852348651543,0.9976683792789383,0.9976924114257383
3,8,1.5807836494628031,0.58568,5000,2.020663521907948,0.5906362545018007,833,2.0109391719007643,0.5976,0.998793123147083,0.08332107522239716,,,1.0,,1.0,0.0,0.9968465917647635,0.09988999410329838,5,0.001,0.1,0.9974960697490058,0.9979268712730358,0.9970623008327646,0.997818462585387,0.9974566963357835,0.9967628547485434,0.9977680604700572,0.9977609169214883,1.0,0.9976355232812404,0.9974166931037834,0.9972278473708589
3,9,1.5796441695492738,0.57388,5000,2.0129511135595815,0.6110444177671068,833,2.0109391719007643,0.5976,0.9991103118219433,0.08337334349869996,,,1.0,,1.0,0.0,0.9968465917647635,0.09988999410329838,5,0.001,0.1,0.9978105404143522,0.9984831890431021,0.9978211575383665,0.9977092297529281,0.9975154797420318,0.996960520108614,0.9980424851400295,0.9981852348651543,0.9976355232812404,1.0,0.9979994031745667,0.9979696231623922
3,10,1.5802038286142288,0.57788,5000,2.014941838052538,0.5930372148859544,833,2.0109391719007643,0.5976,0.9987734561478877,0.08327105141348512,,,1.0,,1.0,0.0,0.9968465917647635,0.09988999410329838,5,0.001,0.1,0.9970400982127762,0.9983780973538281,0.9976888984580574,0.9973421227215488,0.9967574126243004,0.996268302638644,0.998082509592601,0.9976683792789383,0.9974166931037834,0.9979994031745667,1.0,0.9974558498066134
3,11,1.586055893503177,0.5738,5000,1.996757639778985,0.5942376950780313,833,2.0109391719007643,0.5976,0.998824400497452,0.08334486887286251,,,1.0,,1.0,0.0,0.9968465917647635,0.09988999410329838,5,0.001,0.1,0.9979173996115899,0.997866116356129,0.9971083011074484,0.9975016188756447,0.997470413703784,0.9965995083408862,0.9978965855224304,0.9976924114257383,0.9972278473708589,0.9979696231623922,0.9974558498066134,1.0
4,0,1.4396848494839516,0.616,5000,1.913877213442767,0.6199040767386091,834,1.8974675050558754,0.631,0.9987837351502737,0.08332141434558905,,,1.0,,1.0,0.0,0.997962893954174,0.09987757211093948,5,0.001,0.1,1.0,0.9974853225066566,0.9970664019035245,0.9975547367945926,0.9973834407698982,0.9969761399930837,0.9975642731159564,0.9973513439700604,0.9970410381094891,0.9977037750675654,0.9970245500821183,0.997580140960769
4,1,1.4467371609560244,0.60088,5000,1.8846359252929688,0.6486810551558753,834,1.8974675050558754,0.631,0.9990883942844988,0.083364785066578,,,1.0,,1.0,0.0,0.997962893954174,0.09987757211093948,5,0.001,0.1,0.9974853225066566,1.0,0.9978840731371377,0.9977793273262751,0.9971879865064173,0.9967861145424735,0.9978904289968252,0.9978969540024779,0.9976328731236536,0.9982680132697163,0.9982020814973422,0.9973681892045085
4,2,1.4477920085761198,0.61268,5000,1.903164307276408,0.6199040767386091,834,1.8974675050558754,0.631,0.9986841576590917,0.0833300289606207,,,1.0,,1.0,0.0,0.997962893954174,0.09987757211093948,5,0.001,0.1,0.9970664019035245,0.9978840731371377,1.0,0.9971913517471707,0.9970668656506706,0.9961185266582128,0.9979043718505671,0.9972936155220079,0.9968738866339952,0.9977303556834638,0.9975105296428314,0.9968966088680778
4,3,1.415124738823836,0.63512,5000,1.884438572106538,0.6426858513189448,834,1.8974675050558754,0.631,0.9988801741210502,0.08332229550729849,,,1.0,,1.0,0.0,0.997962893954174,0.09987757211093948,5,0.001,0.1,0.9975547367945926,0.9977793273262751,0.9971913517471707,1.0,0.997675094730903,0.9971915614255965,0.9972381481628947,0.9978649771105013,0.9975338235870681,0.9975567259719849,0.997277446905628,0.9970243227553155
4,4,1.4282387432778716,0.62168,5000,1.9050379108499598,0.631452581032413,833,1.8974675050558754,0.631,0.9987377590448097,0.08334088013089293,,,1.0,,1.0,0.0,0.997962893954174,0.09987757211093948,5,0.001,0.1,0.9973834407698982,0.9971879865064173,0.9970668656506706,0.997675094730903,1.0,0.9976130822521131,0.9976714193230954,0.9972429141869121,0.9972584267658551,0.9974282894696594,0.9966020306400306,0.9970499072357986
4,5,1.434857898912612,0.61776,5000,1.887730669092249,0.6458583433373349,833,1.8974675050558754,0.631,0.9982451617477875,0.08328793685524852,,,1.0,,1.0,0.0,0.997962893954174,0.09987757211093948,5,0.001,0.1,0.9969761399930837,0.9967861145424735,0.9961185266582128,0.9971915614255965,0.9976130822521131,1.0,0.9967970934973002,0.9970331897057668,0.9966334885662936,0.9968603247424744,0.9960912111756818,0.996176876140945
4,6,1.4478665064094933,0.61428,5000,1.907735096083747,0.5906362545018007,833,1.8974675050558754,0.631,0.9989621444533553,0.08336570126923272,,,1.0,,1.0,0.0,0.997962893954174,0.09987757211093948,5,0.001,0.1,0.9975642731159564,0.9978904289968252,0.9979043718505671,0.9972381481628947,0.9976714193230954,0.9967970934973002,1.0,0.9974052967145782,0.9972900464439398,0.9977973378505705,0.9979049167351747,0.9974045438887686
4,7,1.4220314725948746,0.62264,5000,1.8973863036544234,0.6470588235294118,833,1.8974675050558754,0.631,0.9988948365355867,0.0833500175671513,,,1.0,,1.0,0.0,0.997962893954174,0.09987757211093948,5,0.001,0.1,0.9973513439700604,0.9978969540024779,0.9972936155220079,0.9978649771105013,0.9972429141869121,0.9970331897057668,0.9974052967145782,1.0,0.9974186749875346,0.998103533807422,0.997428407633975,0.997022840629073
4,8,1.43814319979613,0.61968,5000,1.9094427559110854,0.6230492196878752,833,1.8974675050558754,0.631,0.9986224145707543,0.08332087086152043,,,1.0,,1.0,0.0,0.997962893954174,0.09987757211093948,5,0.001,0.1,0.9970410381094891,0.9976328731236536,0.9968738866339952,0.9975338235870681,0.9972584267658551,0.9966334885662936,0.9972900464439398,0.9974186749875346,1.0,0.9974396621784742,0.99702872774446,0.9966469152949261
4,9,1.4413422362060304,0.60844,5000,1.8980834086736043,0.6374549819927972,833,1.8974675050558754,0.631,0.9991109786258493,0.08336868905026923,,,1.0,,1.0,0.0,0.997962893954174,0.09987757211093948,5,0.001,0.1,0.9977037750675654,0.9982680132697163,0.9977303556834638,0.9975567259719849,0.9974282894696594,0.9968603247424744,0.9977973378505705,0.998103533807422,0.9974396621784742,1.0,0.9980912957257025,0.9976724535551714
4,10,1.4428142259834678,0.6078,5000,1.9028963998511985,0.6266506602641057,833,1.8974675050558754,0.631,0.9987457543730154,0.08329417715984978,,,1.0,,1.0,0.0,0.997962893954174,0.09987757211093948,5,0.001,0.1,0.9970245500821183,0.9982020814973422,0.9975105296428314,0.997277446905628,0.9966020306400306,0.9960912111756818,0.9979049167351747,0.997428407633975,0.99702872774446,0.9980912957257025,1.0,0.9971152197203029
4,11,1.4494031326026673,0.60744,5000,1.880398017388803,0.6386554621848739,833,1.8974675050558754,0.631,0.9985524573155001,0.08333320322574876,,,1.0,,1.0,0.0,0.997962893954174,0.09987757211093948,5,0.001,0.1,0.997580140960769,0.9973681892045085,0.9968966088680778,0.9970243227553155,0.9970499072357986,0.996176876140945,0.9974045438887686,0.997022840629073,0.9966469152949261,0.9976724535551714,0.9971152197203029,1.0
5,0,1.3237390496168926,0.6398,5000,1.7918497677202578,0.6402877697841727,834,1.7719321818397449,0.647,0.9987972257176875,0.08333402506532805,,,1.0,,1.0,0.0,0.9983923287829994,0.09985493911424839,5,0.001,0.1,1.0,0.9972064401026398,0.9966429206342688,0.9975943442935101,0.9972325513798665,0.996587133287666,0.9974086294262847,0.9973191315666233,0.996816785555788,0.997391219722018,0.9966780682544037,0.9973027391831993
5,1,1.333720827710097,0.62016,5000,1.7534486717647977,0.6642685851318945,834,1.7719321818397449,0.647,0.9987989814448367,0.08336067872380666,,,1.0,,1.0,0.0,0.9983923287829994,0.09985493911424839,5,0.001,0.1,0.9972064401026398,1.0,0.997400627707866,0.9972142321803278,0.9965543694043274,0.9962942983355226,0.9972111698935063,0.9974759991845202,0.996919045973747,0.9975900618999811,0.9976709671239928,0.9966626587043392
5,2,1.3345384316079936,0.63152,5000,1.7790727880265977,0.6342925659472423,834,1.7719321818397449,0.647,0.9984066130032426,0.0833267004674104,,,1.0,,1.0,0.0,0.9983923287829994,0.09985493911424839,5,0.001,0.1,0.9966429206342688,0.997400627707866,1.0,0.9969864395511474,0.996535403676571,0.9957879119483493,0.9974581467953876,0.9969971654589003,0.9961521537360977,0.9970861462817693,0.9965887378515583,0.9958629144399633
5,3,1.2996022726320158,0.65588,5000,1.7570559095453333,0.6558752997601919,834,1.7719321818397449,0.647,0.9987522877304535,0.08333311500864994,,,1.0,,1.0,0.0,0.9983923287829994,0.09985493911424839,5,0.001,0.1,0.9975943442935101,0.9972142321803278,0.9969864395511474,1.0,0.9971510414115955,0.9968877656951144,0.9970639300850942,0.9972462582713517,0.9970744461680442,0.9970669469303277,0.9967268364918066,0.9966297519487276
5,4,1.3125465443179865,0.64468,5000,1.779585595484133,0.6446578631452581,833,1.7719321818397449,0.647,0.9984757648918512,0.08333558688090947,,,1.0,,1.0,0.0,0.9983923287829994,0.09985493911424839,5,0.001,0.1,0.9972325513798665,0.9965543694043274,0.996535403676571,0.9971510414115955,1.0,0.9969648806704737,0.99748083838109,0.9967348900762569,0.9964441444879145,0.9969414376744925,0.9957240139064144,0.9965639752035413
5,5,1.3193389140876235,0.63932,5000,1.7609597665292245,0.6530612244897959,833,1.7719321818397449,0.647,0.9980646112586211,0.08328984907206209,,,1.0,,1.0,0.0,0.9983923287829994,0.09985493911424839,5,0.001,0.1,0.996587133287666,0.9962942983355226,0.9957879119483493,0.9968877656951144,0.9969648806704737,1.0,0.9964122899284424,0.9969993875903227,0.996304886328369,0.996349474234052,0.9952870924028215,0.9955279946549282
5,6,1.3327560635129359,0.63472,5000,1.7876447527496904,0.6062424969987995,833,1.7719321818397449,0.647,0.998813304079034,0.08336170286293089,,,1.0,,1.0,0.0,0.9983923287829994,0.09985493911424839,5,0.001,0.1,0.9974086294262847,0.9972111698935063,0.9974581467953876,0.9970639300850942,0.99748083838109,0.9964122899284424,1.0,0.9972207369030551,0.9968191305369184,0.9973114662180386,0.9971019853752198,0.9968830183394096
5,7,1.3063095137571832,0.64288,5000,1.7712533385665328,0.6566626650660264,833,1.7719321818397449,0.647,0.9987604473942845,0.083350378858009,,,1.0,,1.0,0.0,0.9983923287829994,0.09985493911424839,5,0.001,0.1,0.9973191315666233,0.9974759991845202,0.9969971654589003,0.9972462582713517,0.9967348900762569,0.9969993875903227,0.9972207369030551,1.0,0.9969595058459517,0.9975187348027169,0.9964878274453227,0.9967787925150428
5,8,1.3200438715849712,0.64108,5000,1.786687179848,0.6542617046818727,833,1.7719321818397449,0.647,0.9983400373257244,0.08331893547601052,,,1.0,,1.0,0.0,0.9983923287829994,0.09985493911424839,5,0.001,0.1,0.996816785555788,0.996919045973747,0.9961521537360977,0.9970744461680442,0.9964441444879145,0.996304886328369,0.9968191305369184,0.9969595058459517,1.0,0.9969148933442116,0.9962782832279503,0.9960186575117222
5,9,1.3278029760737329,0.629,5000,1.7708762663382072,0.6518607442977191,833,1.7719321818397449,0.647,0.998837154808541,0.0833643049231201,,,1.0,,1.0,0.0,0.9983923287829994,0.09985493911424839,5,0.001,0.1,0.997391219722018,0.9975900618999811,0.9970861462817693,0.9970669469303277,0.9969414376744925,0.996349474234052,0.9973114662180386,0.9975187348027169,0.9969148933442116,1.0,0.997300480157209,0.997186080791563
5,10,1.3283207280620648,0.62784,5000,1.7786251659746524,0.6494597839135654,833,1.7719321818397449,0.647,0.9982905817799227,0.08330096939113449,,,1.0,,1.0,0.0,0.9983923287829994,0.09985493911424839,5,0.001,0.1,0.9966780682544037,0.9976709671239928,0.9965887378515583,0.9967268364918066,0.9957240139064144,0.9952870924028215,0.9971019853752198,0.9964878274453227,0.9962782832279503,0.997300480157209,1.0,0.9962652268929681
5,11,1.3349246524701452,0.62828,5000,1.7522053100444652,0.6530612244897959,833,1.7719321818397449,0.647,0.9982549901703663,0.08332375327062828,,,1.0,,1.0,0.0,0.9983923287829994,0.09985493911424839,5,0.001,0.1,0.9973027391831993,0.9966626587043392,0.9958629144399633,0.9966297519487276,0.9965639752035413,0.9955279946549282,0.9968830183394096,0.9967787925150428,0.9960186575117222,0.997186080791563,0.9962652268929681,1.0
6,0,1.2263598761740764,0.65612,5000,1.6617817481358845,0.6546762589928058,834,1.6387271058445159,0.6595,0.9985782444159892,0.08334104754949005,,,1.0,,1.0,0.0,0.9985681491353763,0.09983524467060556,5,0.001,0.1,1.0,0.9968923340344491,0.9964450225597399,0.9971424638050064,0.9965978628311539,0.995953498712361,0.9970186761126336,0.9968706594767385,0.9962824647218611,0.996976741421877,0.9962772830257035,0.9967385269392882
6,1,1.2398234255754264,0.63548,5000,1.6143374619660553,0.6726618705035972,834,1.6387271058445159,0.6595,0.9985951388879759,0.08335793941903151,,,1.0,,1.0,0.0,0.9985681491353763,0.09983524467060556,5,0.001,0.1,0.9968923340344491,1.0,0.9968420849627623,0.9970237835346493,0.9962585550209355,0.995754784729469,0.9968199796559124,0.9968274056441075,0.996659792135779,0.997102334206395,0.9970993129335343,0.996116852308467
6,2,1.2382257857140462,0.65012,5000,1.6472841854448672,0.6462829736211031,834,1.6387271058445159,0.6595,0.998299950495929,0.08332757246241664,,,1.0,,1.0,0.0,0.9985681491353763,0.09983524467060556,5,0.001,0.1,0.9964450225597399,0.9968420849627623,1.0,0.9966901410489353,0.9962969160393672,0.9953131386820996,0.9970229909395348,0.9966176901521917,0.9958416767209468,0.9966615768537149,0.9963530689102555,0.9957772139778471
6,3,1.2031843051788913,0.67228,5000,1.6222554754327845,0.6834532374100719,834,1.6387271058445159,0.6595,0.9985989474402395,0.0833411576825491,,,1.0,,1.0,0.0,0.9985681491353763,0.09983524467060556,5,0.001,0.1,0.9971424638050064,0.9970237835346493,0.9966901410489353,1.0,0.9967450834801569,0.9964895201829345,0.9965880921828169,0.9969111839825998,0.996613202384543,0.9966176777678922,0.9965407903090036,0.9960822606604869
6,4,1.2138747867505262,0.66156,5000,1.6458257304297552,0.6638655462184874,833,1.6387271058445159,0.6595,0.9982490889868568,0.08333138070890218,,,1.0,,1.0,0.0,0.9985681491353763,0.09983524467060556,5,0.001,0.1,0.9965978628311539,0.9962585550209355,0.9962969160393672,0.9967450834801569,1.0,0.9963954275800343,0.9968863741762088,0.9962082272114919,0.9961210197166763,0.996374264516137,0.9955501794237476,0.9958186167084946
6,5,1.223649977802471,0.65616,5000,1.6261723924566198,0.6614645858343338,833,1.6387271058445159,0.6595,0.9978609355508452,0.0832908008987063,,,1.0,,1.0,0.0,0.9985681491353763,0.09983524467060556,5,0.001,0.1,0.995953498712361,0.995754784729469,0.9953131386820996,0.9964895201829345,0.9963954275800343,1.0,0.9960151178907911,0.9963638510391497,0.9958674337392626,0.9960471875840092,0.9953755839881981,0.9950290693432118
6,6,1.236736452199851,0.6518,5000,1.6604537036683824,0.6158463385354142,833,1.6387271058445159,0.6595,0.9986084108262152,0.08335899591805937,,,1.0,,1.0,0.0,0.9985681491353763,0.09983524467060556,5,0.001,0.1,0.9970186761126336,0.9968199796559124,0.9970229909395348,0.9965880921828169,0.9968863741762088,0.9960151178907911,1.0,0.9966879291531103,0.9962270709965488,0.9969092743155286,0.9969480517235078,0.9964327578356242
6,7,1.2099878825959127,0.66132,5000,1.6377894348568387,0.6614645858343338,833,1.6387271058445159,0.6595,0.9985148477179413,0.08334903087861809,,,1.0,,1.0,0.0,0.9985681491353763,0.09983524467060556,5,0.001,0.1,0.9968706594767385,0.9968274056441075,0.9966176901521917,0.9969111839825998,0.9962082272114919,0.9963638510391497,0.9966879291531103,1.0,0.996531968468607,0.9970302540979111,0.9962157967446592,0.9961707526293708
6,8,1.2230343053295354,0.6562,5000,1.6564720471700032,0.6662665066026411,833,1.6387271058445159,0.6595,0.9981017967523682,0.08331641410130494,,,1.0,,1.0,0.0,0.9985681491353763,0.09983524467060556,5,0.001,0.1,0.9962824647218611,0.996659792135779,0.9958416767209468,0.996613202384543,0.9961210197166763,0.9958674337392626,0.9962270709965488,0.996531968468607,1.0,0.9961721095212294,0.9959646400745336,0.9952072113011654
6,9,1.2316204049025372,0.64716,5000,1.635624470534148,0.6554621848739496,833,1.6387271058445159,0.6595,0.9985974321091575,0.08336023736875356,,,1.0,,1.0,0.0,0.9985681491353763,0.09983524467060556,5,0.001,0.1,0.996976741421877,0.997102334206395,0.9966615768537149,0.9966176777678922,0.996374264516137,0.9960471875840092,0.9969092743155286,0.9970302540979111,0.9961721095212294,1.0,0.996946875583774,0.9965862422577726
6,10,1.232753188291173,0.64448,5000,1.6465900429972895,0.6566626650660264,833,1.6387271058445159,0.6595,0.9982501949330232,0.0833101856956563,,,1.0,,1.0,0.0,0.9985681491353763,0.09983524467060556,5,0.001,0.1,0.9962772830257035,0.9970993129335343,0.9963530689102555,0.9965407903090036,0.9955501794237476,0.9953755839881981,0.9969480517235078,0.9962157967446592,0.9959646400745336,0.996946875583774,1.0,0.9959949976397776
6,11,1.2398404002569283,0.644,5000,1.6168897924599823,0.6758703481392557,833,1.6387271058445159,0.6595,0.9979738015925038,0.08331523731651183,,,1.0,,1.0,0.0,0.9985681491353763,0.09983524467060556,5,0.001,0.1,0.9967385269392882,0.996116852308467,0.9957772139778471,0.9960822606604869,0.9958186167084946,0.9950290693432118,0.9964327578356242,0.9961707526293708,0.9952072113011654,0.9965862422577726,0.9959949976397776,1.0
7,0,1.1442997637827685,0.67064,5000,1.529726540600812,0.6678657074340527,834,1.5038593485713385,0.6733,0.998162814398326,0.0833442241269114,,,1.0,,1.0,0.0,0.9986103844828406,0.09979721042299873,5,0.001,0.1,1.0,0.9960896432497356,0.995649505691248,0.9960052829773565,0.9957192002168429,0.9950787039348171,0.9961462418325104,0.9961173818869139,0.9954150703700769,0.9962689388199631,0.9956308400290848,0.9955414433037356
7,1,1.1618270097264818,0.65192,5000,1.4737969835599263,0.6834532374100719,834,1.5038593485713385,0.6733,0.9982277483496436,0.0833566816312084,,,1.0,,1.0,0.0,0.9986103844828406,0.09979721042299873,5,0.001,0.1,0.9960896432497356,1.0,0.9963284329940466,0.9960289985235878,0.9955165430675956,0.995159836604814,0.9959871358518977,0.9958761149690658,0.9957946310236349,0.9962090252699171,0.9963522778664817,0.9950968235210778
7,2,1.1578306233806974,0.6638,5000,1.5137409722363506,0.6642685851318945,834,1.5038593485713385,0.6733,0.9979397941526946,0.08332875886058032,,,1.0,,1.0,0.0,0.9986103844828406,0.09979721042299873,5,0.001,0.1,0.995649505691248,0.9963284329940466,1.0,0.9955879498479486,0.99572955521638,0.994651185925702,0.9963469506701522,0.9957999503738596,0.994877804318949,0.9960348763737983,0.9952913633010527,0.994694002888861
7,3,1.121894034838221,0.68616,5000,1.4863507438589025,0.7062350119904077,834,1.5038593485713385,0.6733,0.9980974623674483,0.08334218189459963,,,1.0,,1.0,0.0,0.9986103844828406,0.09979721042299873,5,0.001,0.1,0.9960052829773565,0.9960289985235878,0.9955879498479486,1.0,0.9958233074930014,0.9956862104046812,0.9958530165796239,0.9956480079836296,0.9957456527440127,0.9958086183243485,0.99586947046008,0.9948237287961229
7,4,1.1307566740710264,0.67536,5000,1.5097562074661255,0.673469387755102,833,1.5038593485713385,0.6733,0.9978718253520565,0.08332890051638236,,,1.0,,1.0,0.0,0.9986103844828406,0.09979721042299873,5,0.001,0.1,0.9957192002168429,0.9955165430675956,0.99572955521638,0.9958233074930014,1.0,0.9957357199964249,0.9964243665419557,0.9952272933906492,0.995179318400719,0.9956106936111335,0.9946502839876145,0.9945619685313677
7,5,1.143526412043602,0.67184,5000,1.4896255201763577,0.6746698679471789,833,1.5038593485713385,0.6733,0.9975899243317646,0.08329490875434098,,,1.0,,1.0,0.0,0.9986103844828406,0.09979721042299873,5,0.001,0.1,0.9950787039348171,0.995159836604814,0.994651185925702,0.9956862104046812,0.9957357199964249,1.0,0.9951822219721519,0.9957472137049956,0.9955335513015208,0.9952033282203473,0.99500311533527,0.9938238163542981
7,6,1.1546224461239614,0.66476,5000,1.5316857894261677,0.631452581032413,833,1.5038593485713385,0.6733,0.9982974472276162,0.08335957978888105,,,1.0,,1.0,0.0,0.9986103844828406,0.09979721042299873,5,0.001,0.1,0.9961462418325104,0.9959871358518977,0.9963469506701522,0.9958530165796239,0.9964243665419557,0.9951822219721519,1.0,0.9960308262785327,0.9954822287330832,0.9960020298774008,0.9963218602959522,0.9954973223778241
7,7,1.128493203554943,0.67756,5000,1.5032121958556,0.6662665066026411,833,1.5038593485713385,0.6733,0.9981555862394202,0.08334888762960732,,,1.0,,1.0,0.0,0.9986103844828406,0.09979721042299873,5,0.001,0.1,0.9961173818869139,0.9958761149690658,0.9957999503738596,0.9956480079836296,0.9952272933906492,0.9957472137049956,0.9960308262785327,1.0,0.9958544200128238,0.9964353004224917,0.9954881075814811,0.9953511287137622
7,8,1.1413883559263436,0.67392,5000,1.5246089431974623,0.6818727490996399,833,1.5038593485713385,0.6733,0.9977358373887779,0.0833153300727613,,,1.0,,1.0,0.0,0.9986103844828406,0.09979721042299873,5,0.001,0.1,0.9954150703700769,0.9957946310236349,0.994877804318949,0.9957456527440127,0.995179318400719,0.9955335513015208,0.9954822287330832,0.9958544200128238,1.0,0.9955686251124585,0.995058215297618,0.9940410301487554
