round,client_id,client_i_training_loss,client_i_training_accuracy,client_i_training_dataset_size,client_i_evaluation_loss,client_i_evaluation_accuracy,client_i_evaluation_dataset_size,client_i_central_evaluation_loss,client_i_central_evaluation_accuracy,client_i_cosine_similarity,client_i_importance_coefficient,client_i_tanh_val,tanh_normalization_value,client_i_q,client_i_mask_order,client_i_v_nonzero_fraction,client_i_v_sparsity,client_i_v_cosine_similarity,client_i_reward_gradient_norm,local_epochs,learning_rate,gamma,client_0_cosine_similarity,client_1_cosine_similarity,client_2_cosine_similarity,client_3_cosine_similarity,client_4_cosine_similarity,client_5_cosine_similarity,client_6_cosine_similarity,client_7_cosine_similarity,client_8_cosine_similarity,client_9_cosine_similarity,client_10_cosine_similarity,client_11_cosine_similarity
0,0,0.35278260373884135,0.88784,5000,2.199606736501058,0.486810551558753,834,2.204729545611543,0.4593,0.7967879991717032,0.08438860866933348,,,0.9263666884586703,,0.926384217659756,0.07361578234024402,0,0.39340682912782565,5,0.1,0.5,1.0,0.5860287658932826,0.6065869421452856,0.5860628461990178,0.5923931225710259,0.5795236104382911,0.5958964766987863,0.602479968979746,0.5820838845814691,0.6059031623078225,0.6043124856489754,0.5819137459447857
0,1,0.3478265010034013,0.89324,5000,2.206206754401878,0.47721822541966424,834,2.2048478294104434,0.4591,0.7797243753514854,0.08258138331636382,,,0.7411644374601446,,0.741182671552633,0.25881732844736705,0,0.39308816830210064,5,0.1,0.5,0.5860287658932826,1.0,0.5897886892724614,0.5687195578685669,0.5754693717802776,0.5718293511694594,0.568749680834855,0.5809257320203377,0.5778147556074539,0.5838385145876854,0.5908140399544026,0.568093683498674
0,2,0.34282306943824337,0.89012,5000,2.2008173818941468,0.44844124700239807,834,2.2047301237575545,0.4591,0.7998868069406506,0.08471680647907338,,,0.9599999998975212,,0.9600020079313287,0.03999799206867127,0,0.39341133161048447,5,0.1,0.5,0.6065869421452856,0.5897886892724614,1.0,0.5986491752012572,0.6025641238982458,0.5919001194729497,0.5935263261468493,0.5968596765385359,0.590879105832398,0.604640823631542,0.6026711669323385,0.5743774635444898
0,3,0.3590111483196924,0.88752,5000,2.2072615358564587,0.460431654676259,834,2.2047951632795244,0.4595,0.7821493209709655,0.08283821171631392,,,0.7674838987896067,,0.7674966116158828,0.23250338838411722,0,0.393189104853608,5,0.1,0.5,0.5860628461990178,0.5687195578685669,0.5986491752012572,1.0,0.5739482032993276,0.5860893286681119,0.5778155662025444,0.5920854200613278,0.579793706508078,0.5814231606571213,0.5765891927418523,0.5637920532068615
0,4,0.3517393069863794,0.89088,5000,2.2074457186239735,0.4261704681872749,833,2.204798245963197,0.4596,0.7818463074950593,0.08280611925801089,,,0.7641951027863682,,0.7642036042367351,0.23579639576326494,0,0.3931783798341769,5,0.1,0.5,0.5923931225710259,0.5754693717802776,0.6025641238982458,0.5739482032993276,1.0,0.576050597544736,0.5796315025150814,0.5890904837265671,0.5732836662804746,0.5765955352344911,0.5768958815785081,0.5661847014545076
0,5,0.3369573776248344,0.89512,5000,2.2029329582496926,0.4801920768307323,833,2.2047628404233404,0.4597,0.7841364248790288,0.08304866786557469,,,0.7890511884004614,,0.7890668139149641,0.21093318608503586,0,0.39325264306054974,5,0.1,0.5,0.5795236104382911,0.5718293511694594,0.5919001194729497,0.5860893286681119,0.576050597544736,1.0,0.5711853698772478,0.5903164295868173,0.5856190198157014,0.5780421918181715,0.5857204375475645,0.5874537724929314
0,6,0.3563852868926753,0.88636,5000,2.2034937540690103,0.453781512605042,833,2.204817483219476,0.4591,0.781173213144542,0.08273483116657077,,,0.7568895860823199,,0.756904773856734,0.24309522614326595,0,0.3931517799869375,5,0.1,0.5,0.5958964766987863,0.568749680834855,0.5935263261468493,0.5778155662025444,0.5796315025150814,0.5711853698772478,1.0,0.5953549014246344,0.5809674656841135,0.5882024043093399,0.5752095163394216,0.5492126990823049
0,7,0.3562637137830447,0.88788,5000,2.204292226720739,0.4549819927971189,833,2.204729442017528,0.4592,0.796415432685087,0.08434914978255928,,,0.9223229898460598,,0.9223382360323277,0.07766176396767233,0,0.39340585616401497,5,0.1,0.5,0.602479968979746,0.5809257320203377,0.5968596765385359,0.5920854200613278,0.5890904837265671,0.5903164295868173,0.5953549014246344,1.0,0.594850900318645,0.5965730741216869,0.6003079313422086,0.5808227565795705
0,8,0.3384710043004364,0.89296,5000,2.2059383745546692,0.468187274909964,833,2.204771486715006,0.4598,0.7838644763533547,0.0830198655270164,,,0.7860995598577061,,0.7861151548617037,0.2138848451382963,0,0.3932449171242273,5,0.1,0.5,0.5820838845814691,0.5778147556074539,0.590879105832398,0.579793706508078,0.5732836662804746,0.5856190198157014,0.5809674656841135,0.594850900318645,1.0,0.5961617953363008,0.5813764417975623,0.5583317832978618
0,9,0.34345342264196294,0.89136,5000,2.200738553647642,0.453781512605042,833,2.2047436336358897,0.4591,0.7931985705010599,0.08400844871242114,,,0.8874083595242207,,0.8874203102253903,0.11257968977460975,0,0.3933917682940528,5,0.1,0.5,0.6059031623078225,0.5838385145876854,0.604640823631542,0.5814231606571213,0.5765955352344911,0.5780421918181715,0.5882024043093399,0.5965730741216869,0.5961617953363008,1.0,0.6017906093998305,0.5761227441860506
0,10,0.32813049107256115,0.89624,5000,2.208329518636068,0.44657863145258103,833,2.2047480638034807,0.459,0.7913826002232964,0.08381611749598132,,,0.8676984909328983,,0.8677124642337232,0.13228753576627683,0,0.3933784230985115,5,0.1,0.5,0.6043124856489754,0.5908140399544026,0.6026711669323385,0.5765891927418523,0.5768958815785081,0.5857204375475645,0.5752095163394216,0.6003079313422086,0.5813764417975623,0.6017906093998305,1.0,0.5764601210094485
0,11,0.37171793856723295,0.88556,5000,2.2050923859631575,0.453781512605042,833,2.2052902505039786,0.4571,0.7713249328057571,0.08169179001078082,,,0.65,,0.650002509914161,0.349997490085839,0,0.39243982492956214,5,0.1,0.5,0.5819137459447857,0.568093683498674,0.5743774635444898,0.5637920532068615,0.5661847014545076,0.5874537724929314,0.5492126990823049,0.5808227565795705,0.5583317832978618,0.5761227441860506,0.5764601210094485,1.0
1,0,0.31245597732508446,0.90276,5000,2.04331276151869,0.8033573141486811,834,2.0491231996030472,0.7867,0.8131579631192992,0.08404656993409251,,,0.9294698761583757,,0.9294764319060288,0.0705235680939712,0.959089740488797,0.40635428264113976,5,0.1,0.5,1.0,0.6303815033077561,0.6275760521809504,0.6234309709583578,0.6352119699517942,0.6259873559351651,0.6348484062080301,0.6283150054775319,0.631443418237269,0.6289060310200153,0.6326058583103238,0.627044580859426
1,1,0.30882040664885835,0.90624,5000,2.047198013023094,0.8009592326139089,834,2.049506582391148,0.7858,0.8141609480538625,0.08288721336083799,,,0.7727194416687353,,0.7727322925555946,0.2272677074444054,0.9582589978578543,0.40613908192110776,5,0.1,0.5,0.6303815033077561,1.0,0.6370739087124515,0.628640447110623,0.6265460080096752,0.6298581639180287,0.6339442813234065,0.6311043588947411,0.6329871702901811,0.6305241149116205,0.6397924841357945,0.6223458996592192
1,2,0.3077925178951993,0.90356,5000,2.044190450950905,0.7757793764988009,834,2.0491298368563666,0.7867,0.8134146920273377,0.08427237664216675,,,0.9599999998647952,,0.9600020079313287,0.03999799206867127,0.9591067460040135,0.40635802565666246,5,0.1,0.5,0.6275760521809504,0.6370739087124515,1.0,0.6304755675226877,0.6265173451159611,0.6355108781298273,0.6338881557800332,0.6265538518778766,0.6201008287185752,0.6262557328397561,0.6404686984008288,0.6223013192287171
1,3,0.3080156395615191,0.90548,5000,2.050860157719365,0.7889688249400479,834,2.0493514301677864,0.7859,0.8130934938833091,0.08301980347368487,,,0.790646245447004,,0.7906631193213192,0.20933688067868084,0.9584805426079023,0.40619533870777536,5,0.1,0.5,0.6234309709583578,0.628640447110623,0.6304755675226877,1.0,0.6270508684948514,0.6361071319266013,0.6263815694778959,0.6305169593123179,0.6368409187357715,0.6290428622216252,0.6354140510478024,0.6280818089982676
1,4,0.3127746981479655,0.90464,5000,2.0518273689128734,0.773109243697479,833,2.0494233263186374,0.786,0.8109879825135952,0.08292536728637577,,,0.7778780309617122,,0.7778926760704784,0.2221073239295216,0.9584543129883862,0.4061560792220245,5,0.1,0.5,0.6352119699517942,0.6265460080096752,0.6265173451159611,0.6270508684948514,1.0,0.6325820609421134,0.6249856437574424,0.6317112426568093,0.631443124680783,0.6255389282410093,0.6294988510222725,0.6202557116050756
1,5,0.2954677066356418,0.90968,5000,2.0431321020479554,0.7923169267707083,833,2.049245780268416,0.7863,0.8129646676262214,0.08315439533693197,,,0.8088436952475684,,0.8088549771597812,0.19114502284021884,0.9586491538957325,0.40624036542142544,5,0.1,0.5,0.6259873559351651,0.6298581639180287,0.6355108781298273,0.6361071319266013,0.6325820609421134,1.0,0.6245972772131012,0.619070556275678,0.6395422502506287,0.6240438706197486,0.6416523485691663,0.6207833434883611
1,6,0.3155031416968555,0.90052,5000,2.049905856450399,0.7623049219687875,833,2.0495123893689042,0.7861,0.8097200483793937,0.082834160748423,,,0.7655464801841458,,0.7655639777119623,0.23443602228803773,0.9583580220292429,0.40611356114519254,5,0.1,0.5,0.6348484062080301,0.6339442813234065,0.6338881557800332,0.6263815694778959,0.6249856437574424,0.6245972772131012,1.0,0.6282787603016813,0.6267249006470083,0.6236433826247295,0.631184369306213,0.6105769046878157
1,7,0.31757312463774423,0.90288,5000,2.051852817888613,0.7971188475390156,833,2.049125102762216,0.7867,0.811324365484226,0.08395672298256485,,,0.9173221478283449,,0.9173384870237438,0.08266151297625624,0.9590741575390778,0.4063514799961858,5,0.1,0.5,0.6283150054775319,0.6311043588947411,0.6265538518778766,0.6305169593123179,0.6317112426568093,0.619070556275678,0.6282787603016813,1.0,0.6294487959619142,0.6307860859478658,0.6298624111840891,0.6222684603921019
1,8,0.29691187381080003,0.90728,5000,2.0498689898738154,0.8151260504201681,833,2.049244690626955,0.7862,0.815419099847129,0.08322072674070896,,,0.8178120114690073,,0.8178254103709653,0.18217458962903466,0.9586467076666008,0.4062585724302794,5,0.1,0.5,0.631443418237269,0.6329871702901811,0.6201008287185752,0.6368409187357715,0.631443124680783,0.6395422502506287,0.6267249006470083,0.6294487959619142,1.0,0.6347398719239905,0.6466797898724629,0.6238922583307198
1,9,0.3117593727222863,0.90492,5000,2.0440622523978904,0.7815126050420168,833,2.0491546068709496,0.7867,0.8125268016994645,0.08377340325663281,,,0.8925364629465117,,0.8925505747703428,0.10744942522965717,0.9590185726239004,0.4063419686845218,5,0.1,0.5,0.6289060310200153,0.6305241149116205,0.6262557328397561,0.6290428622216252,0.6255389282410093,0.6240438706197486,0.6236433826247295,0.6307860859478658,0.6347398719239905,1.0,0.6409409257605642,0.6267022494569765
1,10,0.2890651177638655,0.91264,5000,2.051512674049095,0.7695078031212484,833,2.0491532967113457,0.7869,0.8206751075669236,0.08392970363589614,,,0.9136690057082659,,0.9136840520054215,0.08631594799457853,0.9590260885899494,0.40635048736095936,5,0.1,0.5,0.6326058583103238,0.6397924841357945,0.6404686984008288,0.6354140510478024,0.6294988510222725,0.6416523485691663,0.631184369306213,0.6298624111840891,0.6466797898724629,0.6409409257605642,1.0,0.6334881282262227
1,11,0.3325741269002864,0.90124,5000,2.0499732229444714,0.773109243697479,833,2.0507032060013795,0.7837,0.8049659006095576,0.08197955660168446,,,0.65,,0.650002509914161,0.349997490085839,0.956422283825346,0.40527579449423595,5,0.1,0.5,0.627044580859426,0.6223458996592192,0.6223013192287171,0.6280818089982676,0.6202557116050756,0.6207833434883611,0.6105769046878157,0.6222684603921019,0.6238922583307198,0.6267022494569765,0.6334881282262227,1.0
2,0,0.2791525358666375,0.91636,5000,1.845511754353841,0.8980815347721822,834,1.8533174142289086,0.8864,0.8186779719747623,0.08396126045635019,,,0.9465894232073038,,0.9466091059685758,0.05339089403142416,0.9693646997844143,0.4070920333581349,5,0.1,0.5,1.0,0.6306561857759939,0.6334733102099949,0.6342051131028883,0.6333764805128174,0.6356765319766656,0.6422401795073653,0.6302269280374285,0.6400825720485859,0.6412542836800091,0.6426107023029762,0.6317036095512517
2,1,0.2737761989318926,0.91836,5000,1.845778014924791,0.8968824940047961,834,1.8539974445733018,0.8859,0.8116602985621592,0.0829516851932144,,,0.7899653662723599,,0.789970383012901,0.210029616987099,0.9688148686502992,0.4069066468487293,5,0.1,0.5,0.6306561857759939,1.0,0.6262251440150807,0.6325671003563745,0.6199106552291536,0.6401365079919314,0.6394670399073483,0.6264170854641243,0.6244935369915471,0.6389970683206324,0.636668544720879,0.6163560523289124
2,2,0.27833612082158304,0.91716,5000,1.84784851692341,0.8693045563549161,834,1.8533210963867723,0.8862,0.8148044927120853,0.08397574946052862,,,0.9488372265145323,,0.9488479494001305,0.05115205059986949,0.969371921430771,0.4070922977007472,5,0.1,0.5,0.6334733102099949,0.6262251440150807,1.0,0.641903022390027,0.6295019657699636,0.6333977976500902,0.6428098801378961,0.6292918065525726,0.6233717901264202,0.6268845305686415,0.6500347490234251,0.6195686452607393
2,3,0.2802155905053209,0.91468,5000,1.8544570075141058,0.9016786570743405,834,1.8536409364340785,0.8856,0.8155177104572211,0.08317332687093165,,,0.8243505379554682,,0.8243662466743638,0.17563375332563624,0.9689674597964095,0.4069899689958741,5,0.1,0.5,0.6342051131028883,0.6325671003563745,0.641903022390027,1.0,0.6313193257578665,0.6410491253364009,0.6302654057785525,0.6374095934438756,0.6291909188304458,0.6340927358784877,0.6387446657925651,0.618008891754294
2,4,0.27829138945705095,0.9156,5000,1.8553981471944738,0.8835534213685474,833,1.8539484301314186,0.8863,0.8084996295795969,0.08286702245139317,,,0.7768309100515431,,0.7768485517795292,0.22315144822047084,0.9687854469111431,0.4068651547860978,5,0.1,0.5,0.6333764805128174,0.6199106552291536,0.6295019657699636,0.6313193257578665,1.0,0.6376130365846137,0.6287251431696974,0.61848616339745,0.6266114601966608,0.6205938821965985,0.6368924531449864,0.6178572508732624
2,5,0.26571980476213297,0.91848,5000,1.841763805460047,0.8895558223289316,833,1.8535135036078505,0.8857,0.8176339560999567,0.08333577025625968,,,0.8495517715448262,,0.8495657848501581,0.1504342151498419,0.9690702368370929,0.4070314774484866,5,0.1,0.5,0.6356765319766656,0.6401365079919314,0.6333977976500902,0.6410491253364009,0.6376130365846137,1.0,0.6358872913436058,0.633572971344123,0.6377506553397364,0.6291343604664787,0.642028733980295,0.6229163400091515
2,6,0.28094374831991303,0.91436,5000,1.8573853660512853,0.8727490996398559,833,1.8539084946385587,0.8862,0.8164058843864825,0.08308159796027294,,,0.8101198464456878,,0.8101400532101802,0.18985994678981977,0.9688131714558734,0.4069596500741806,5,0.1,0.5,0.6422401795073653,0.6394670399073483,0.6428098801378961,0.6302654057785525,0.6287251431696974,0.6358872913436058,1.0,0.6283611651331414,0.6339248960650874,0.6375336178772715,0.6410283633115479,0.6179876457664704
2,7,0.28048792712176873,0.91516,5000,1.8582067842836734,0.9099639855942377,833,1.853325154834662,0.8862,0.8118370960150345,0.08366414618937287,,,0.9004955423779553,,0.9005120224888309,0.09948797751116911,0.9693378047509437,0.4070781228692676,5,0.1,0.5,0.6302269280374285,0.6264170854641243,0.6292918065525726,0.6374095934438756,0.61848616339745,0.633572971344123,0.6283611651331414,1.0,0.6302429451658604,0.6335213490944211,0.6386191619025857,0.6227040689857462
2,8,0.26750506633050314,0.91776,5000,1.8527277928811532,0.8979591836734694,833,1.8534717910205976,0.886,0.8136728920085514,0.08324189572040212,,,0.834988210822045,,0.8349982430600873,0.1650017569399127,0.9690694117779914,0.4070091193061451,5,0.1,0.5,0.6400825720485859,0.6244935369915471,0.6233717901264202,0.6291909188304458,0.6266114601966608,0.6377506553397364,0.6339248960650874,0.6302429451658604,1.0,0.6308827388285188,0.6433675022122307,0.6302620708229293
2,9,0.27606527653113483,0.91524,5000,1.848055985238817,0.8619447779111644,833,1.8533634693858723,0.8861,0.8149233426759752,0.08365035305175798,,,0.8983556948103792,,0.8983685557953918,0.10163144420460823,0.9693088351753634,0.40707690565885624,5,0.1,0.5,0.6412542836800091,0.6389970683206324,0.6268845305686415,0.6340927358784877,0.6205938821965985,0.6291343604664787,0.6375336178772715,0.6335213490944211,0.6308827388285188,1.0,0.6425709988493122,0.624390649559116
2,10,0.2605822003428723,0.92156,5000,1.854289628841259,0.8883553421368547,833,1.8533546250468245,0.8864,0.8233853817175226,0.08404770302911083,,,0.9599999998448614,,0.9600020079313287,0.03999799206867127,0.9693495609655777,0.407093369283438,5,0.1,0.5,0.6426107023029762,0.636668544720879,0.6500347490234251,0.6387446657925651,0.6368924531449864,0.642028733980295,0.6410283633115479,0.6386191619025857,0.6433675022122307,0.6425709988493122,1.0,0.6292143854274969
2,11,0.29590043877103145,0.9136,5000,1.8556558732633237,0.8595438175270108,833,1.8565839784213911,0.8843,0.8029496314868935,0.0820494893604056,,,0.65,,0.650002509914161,0.349997490085839,0.9664839148994386,0.40592308483873357,5,0.1,0.5,0.6317036095512517,0.6163560523289124,0.6195686452607393,0.618008891754294,0.6178572508732624,0.6229163400091515,0.6179876457664704,0.6227040689857462,0.6302620708229293,0.624390649559116,0.6292143854274969,1.0
3,0,0.2562441718284112,0.923,5000,1.6138218729584306,0.9292565947242206,834,1.6245885916030445,0.9227,0.8092852248770307,0.083791792129754,,,0.9219966867855838,,0.922011947191406,0.077988052808594,0.9715554885383207,0.4040287256854809,5,0.1,0.5,1.0,0.6212343128337966,0.6258281160031621,0.6191992748865314,0.6171032723729227,0.6223983016248155,0.6318242625183649,0.6117636213934775,0.6298630657222334,0.6245843827433815,0.624505990681753,0.6162964462452423
3,1,0.24836772748500488,0.92772,5000,1.610298717463458,0.9400479616306955,834,1.625826618922785,0.9228,0.8077692546580468,0.08307052838030966,,,0.7898558879296951,,0.7898649666181417,0.21013503338185835,0.9710090808074592,0.4038314306125461,5,0.1,0.5,0.6212343128337966,1.0,0.6192263084109785,0.6221392332292258,0.6066595352209688,0.6266004581879547,0.6235206870709504,0.619036237733844,0.6174314506921968,0.6291918997177383,0.62737641038357,0.6220498996248865
3,2,0.24929277087164342,0.92456,5000,1.617539639826174,0.9148681055155875,834,1.6245785041358143,0.9227,0.8115581758452053,0.08388059121537669,,,0.9382653293187688,,0.9382812107825912,0.06171878921740881,0.9715594780824408,0.40403304601989426,5,0.1,0.5,0.6258281160031621,0.6192263084109785,1.0,0.6288940664312377,0.6254706448158321,0.6248007843049264,0.628516661187865,0.6225868782500406,0.6215834747953319,0.6226367755596524,0.6285348850401022,0.6184989215162646
3,3,0.25953128901873806,0.92284,5000,1.625352559266267,0.920863309352518,834,1.6252248032024492,0.9229,0.8081985368995084,0.08323223588330607,,,0.8194818862463968,,0.8194919933738266,0.1805080066261734,0.9712096669392274,0.4039117581504376,5,0.1,0.5,0.6191992748865314,0.6221392332292258,0.6288940664312377,1.0,0.6117779261020856,0.6288489755952614,0.6137319364585606,0.6174841082495618,0.6238691021234063,0.6223506223668772,0.6298028814851272,0.6194441420175024
3,4,0.26010688506659996,0.9226,5000,1.6266510751512315,0.9255702280912365,833,1.6261509653097523,0.9228,0.7998765828684469,0.08273943599213425,,,0.7291973386787329,,0.7292103810049696,0.2707896189950304,0.9705868905570447,0.4035426059974161,5,0.1,0.5,0.6171032723729227,0.6066595352209688,0.6254706448158321,0.6117779261020856,1.0,0.6251803661174544,0.6123315275150237,0.603662387455033,0.619993593209009,0.6104079260541745,0.6188153704105642,0.6068326908340431
3,5,0.23940083047072552,0.92904,5000,1.606679254108005,0.9315726290516206,833,1.6248362871785513,0.923,0.8118732090385443,0.08346784112498726,,,0.8626464912530563,,0.8626574971135987,0.13734250288640126,0.971397307221569,0.4039850744833016,5,0.1,0.5,0.6223983016248155,0.6266004581879547,0.6248007843049264,0.6288489755952614,0.6251803661174544,1.0,0.6191438343287669,0.6246170041299459,0.6286031678945562,0.6220748530992591,0.633242346495592,0.6169711644404253
3,6,0.2572963342616323,0.92152,5000,1.6318366439254195,0.9003601440576231,833,1.625582860300716,0.9226,0.8093119642182561,0.08321030229317367,,,0.8154634919709238,,0.8154811505446514,0.18451884945534858,0.9711244660975419,0.40390262108850955,5,0.1,0.5,0.6318242625183649,0.6235206870709504,0.628516661187865,0.6137319364585606,0.6123315275150237,0.6191438343287669,1.0,0.6206513244679157,0.6265470535983566,0.6265270349312747,0.6249158762123144,0.6210120716199052
3,7,0.25781332940681817,0.92276,5000,1.6316443725868508,0.9399759903961584,833,1.6246896734633767,0.9226,0.8022237139090278,0.08334899991243719,,,0.8408739111456173,,0.8408915215099644,0.15910847849003562,0.9714087251084089,0.4039533299155055,5,0.1,0.5,0.6117636213934775,0.619036237733844,0.6225868782500406,0.6174841082495618,0.603662387455033,0.6246170041299459,0.6206513244679157,1.0,0.6199243192244519,0.6137994728908275,0.6153033710113021,0.608574426607742
3,8,0.24461473371643738,0.92644,5000,1.623752646976047,0.9339735894357744,833,1.6248689825161577,0.9229,0.8110046469812573,0.08337542015472682,,,0.8457142929404985,,0.8457356558405702,0.1542643441594298,0.9713365999296247,0.4039614227364095,5,0.1,0.5,0.6298630657222334,0.6174314506921968,0.6215834747953319,0.6238691021234063,0.619993593209009,0.6286031678945562,0.6265470535983566,0.6199243192244519,1.0,0.6226114825782559,0.6304944798705675,0.6236088454256687
3,9,0.2552491285274648,0.92348,5000,1.6203161698800546,0.9027611044417767,833,1.6246489728220737,0.9227,0.8090135433133858,0.08357647402583303,,,0.8825488339270802,,0.8825611164098188,0.11743888359018118,0.97148921216753,0.4040056629838109,5,0.1,0.5,0.6245843827433815,0.6291918997177383,0.6226367755596524,0.6223506223668772,0.6104079260541745,0.6220748530992591,0.6265270349312747,0.6137994728908275,0.6226114825782559,1.0,0.6314873330370564,0.6176541198876274
3,10,0.23720196802762283,0.92868,5000,1.6240293096613,0.9195678271308524,833,1.6246220315226352,0.9227,0.8135954724633249,0.08399922550601269,,,0.9599999998167926,,0.9600020079313287,0.03999799206867127,0.9715711015527454,0.404036182661225,5,0.1,0.5,0.624505990681753,0.62737641038357,0.6285348850401022,0.6298028814851272,0.6188153704105642,0.633242346495592,0.6249158762123144,0.6153033710113021,0.6304944798705675,0.6314873330370564,1.0,0.6215865232585133
3,11,0.2690620510038107,0.92296,5000,1.6300299962361653,0.9099639855942377,833,1.629783166864048,0.9218,0.8030046207566753,0.08230715338194863,,,0.65,,0.650002509914161,0.349997490085839,0.9686875333273399,0.4027811503516248,5,0.1,0.5,0.6162964462452423,0.6220498996248865,0.6184989215162646,0.6194441420175024,0.6068326908340431,0.6169711644404253,0.6210120716199052,0.608574426607742,0.6236088454256687,0.6176541198876274,0.6215865232585133,1.0
4,0,0.23227311379993987,0.93156,5000,1.3660632018689756,0.9436450839328537,834,1.3798881262636031,0.9371,0.7948835117306313,0.08352552765102096,,,0.8537698391863728,,0.8537824406405301,0.1462175593594699,0.9717594462953733,0.39898649563092,5,0.1,0.5,1.0,0.6024128922223566,0.6009686428911968,0.5985755890235245,0.6049402293122881,0.6016414925480991,0.6009357027862782,0.5964418396215881,0.6028715793856343,0.5969054867170792,0.6046672762868628,0.6002745452632622
4,1,0.22752017157959045,0.93284,5000,1.3566415574815538,0.9508393285371702,834,1.381412653496471,0.9369,0.801199534966805,0.08326700049417472,,,0.7998740027685227,,0.7998795241202751,0.20012047587972492,0.9713123557472413,0.3988663216435755,5,0.1,0.5,0.6024128922223566,1.0,0.6025192949218515,0.6083722943471446,0.6006578655370934,0.6079684487347455,0.6073497998445592,0.6045562376560438,0.6047105668465662,0.6076178949718746,0.6211443402090485,0.6071468744914634
4,2,0.22819867533613827,0.9298,5000,1.3710000691590485,0.9328537170263789,834,1.3797351860771545,0.9372,0.7995665494637639,0.08374844016216972,,,0.9002409967348655,,0.9002610310727374,0.09973896892726264,0.971873529322584,0.399033494787143,5,0.1,0.5,0.6009686428911968,0.6025192949218515,1.0,0.6024522540169474,0.6131587634926966,0.6026935428245411,0.6036773693559704,0.6025871098179897,0.6047093895173846,0.6040255657876353,0.6131316477646113,0.6051730935500652
4,3,0.23553845689270148,0.9294,5000,1.3802258924201682,0.9280575539568345,834,1.3808383336082435,0.9371,0.7964671287966983,0.08320891354638969,,,0.7877644639718068,,0.7877767180362432,0.21222328196375684,0.9713386158466909,0.3988263144932183,5,0.1,0.5,0.5985755890235245,0.6083722943471446,0.6024522540169474,1.0,0.6080169350314724,0.5998214126217731,0.5952916824287879,0.6015307800974111,0.6102174932685395,0.5987995601188906,0.6035762166226933,0.6018872024258148
4,4,0.23524247221856312,0.92852,5000,1.3815752223685935,0.943577430972389,833,1.3820938340391213,0.9371,0.7996782078976958,0.08299363304115283,,,0.7428843707710024,,0.742899452838713,0.25710054716128705,0.970660220097137,0.3986182689903043,5,0.1,0.5,0.6049402293122881,0.6006578655370934,0.6131587634926966,0.6080169350314724,1.0,0.611826584786588,0.5982471094919365,0.6002806599666288,0.6073861790038381,0.5996550406772394,0.6111396296379455,0.6061504623464566
4,5,0.22218034608396375,0.93464,5000,1.3573780898694638,0.9483793517406963,833,1.3803337168769714,0.9369,0.797352121293586,0.0833965277257259,,,0.8268768854385662,,0.8268962401485869,0.17310375985141313,0.9716168880002978,0.39893772904671687,5,0.1,0.5,0.6016414925480991,0.6079684487347455,0.6026935428245411,0.5998214126217731,0.611826584786588,1.0,0.5948221024296909,0.6090401627621046,0.6078939556691698,0.5968219485303566,0.608156291184532,0.5950918990774358
4,6,0.23447642109184794,0.92884,5000,1.390529336752715,0.9171668667466987,833,1.381360711000217,0.937,0.7946847775713252,0.08313196102023827,,,0.7717219684290119,,0.7717383665478641,0.2282616334521359,0.9712458058590935,0.3987643912279267,5,0.1,0.5,0.6009357027862782,0.6073497998445592,0.6036773693559704,0.5952916824287879,0.5982471094919365,0.5948221024296909,1.0,0.6020341552883102,0.6052607709092408,0.6010700954560163,0.6057456932274022,0.5969755251329304
4,7,0.23671574008467186,0.93036,5000,1.3887370824813843,0.943577430972389,833,1.3800771655366062,0.9368,0.7970143626881968,0.08330569518690847,,,0.8079407871452896,,0.8079564278901662,0.1920435721098338,0.9714965951990243,0.3988902920583658,5,0.1,0.5,0.5964418396215881,0.6045562376560438,0.6025871098179897,0.6015307800974111,0.6002806599666288,0.6090401627621046,0.6020341552883102,1.0,0.6026971549974648,0.6042269595232221,0.6123166938808211,0.597312941553835
4,8,0.22592474127627293,0.9312,5000,1.3784300397943567,0.9459783913565426,833,1.3803297723063266,0.9368,0.8001565973399126,0.08343321700239589,,,0.8345255954534742,,0.8345414386827971,0.16545856131720293,0.9716068739807949,0.3989539388404658,5,0.1,0.5,0.6028715793856343,0.6047105668465662,0.6047093895173846,0.6102174932685395,0.6073861790038381,0.6078939556691698,0.6052607709092408,0.6026971549974648,1.0,0.599288193594523,0.61406444870096,0.6039947788147728
4,9,0.23533678546334338,0.93,5000,1.3781536950005426,0.929171668667467,833,1.3800876612861317,0.9371,0.7955561152041349,0.08340590648986325,,,0.8288321010681919,,0.828843933537473,0.171156066462527,0.9716420506808806,0.3989420035595439,5,0.1,0.5,0.5969054867170792,0.6076178949718746,0.6040255657876353,0.5987995601188906,0.5996550406772394,0.5968219485303566,0.6010700954560163,0.6042269595232221,0.599288193594523,1.0,0.6103697849915026,0.5992470504016201
4,10,0.21572099926519642,0.93804,5000,1.3765158035137035,0.936374549819928,833,1.379817599686571,0.937,0.8055042030345747,0.08403509171418251,,,0.9599999997915274,,0.9600020079313287,0.03999799206867127,0.9719239404302191,0.3990524357992207,5,0.1,0.5,0.6046672762868628,0.6211443402090485,0.6131316477646113,0.6035762166226933,0.6111396296379455,0.608156291184532,0.6057456932274022,0.6123166938808211,0.61406444870096,0.6103697849915026,1.0,0.607119006171596
4,11,0.25726720714989076,0.9244,5000,1.3893295217443395,0.9243697478991597,833,1.3873321553007862,0.9363,0.795159079722247,0.08254808596577752,,,0.65,,0.650002509914161,0.349997490085839,0.9690986073673686,0.39772115450956175,5,0.1,0.5,0.6002745452632622,0.6071468744914634,0.6051730935500652,0.6018872024258148,0.6061504623464566,0.5950918990774358,0.5969755251329304,0.597312941553835,0.6039947788147728,0.5992470504016201,0.607119006171596,1.0
5,0,0.21684426465991197,0.93584,5000,1.1139471310156364,0.9496402877697842,834,1.1308506089277541,0.9448,0.7879940110515602,0.08357680080160716,,,0.8601227406889441,,0.8601425631243411,0.13985743687565888,0.9695848222404081,0.39230823676442395,5,0.1,0.5,1.0,0.5846784873758768,0.5791842775623482,0.5848081863416069,0.5858025188617573,0.5876744468733761,0.5837559310843963,0.5731446269267647,0.5833857886805657,0.5851095232353976,0.5900269987305479,0.5818526778632992
5,1,0.21210048140447801,0.93884,5000,1.099301075493848,0.9580335731414868,834,1.13263752304327,0.9441,0.7872355279969647,0.08337725286413111,,,0.817461183532621,,0.8174740223884344,0.18252597761156564,0.9693148101124109,0.392227397810313,5,0.1,0.5,0.5846784873758768,1.0,0.5790824543807227,0.5860178592592126,0.5751595002966297,0.589897795160607,0.58271365195403,0.5796383402619997,0.5855228440594822,0.578214874763352,0.5904852111785147,0.5821173356812024
5,2,0.21170546271167934,0.93604,5000,1.1211419547045673,0.9424460431654677,834,1.1307190704269532,0.9448,0.7823015273215992,0.08352552304267585,,,0.8491600162871509,,0.8491742382410522,0.1508257617589478,0.9696365661386813,0.3922918240058511,5,0.1,0.5,0.5791842775623482,0.5790824543807227,1.0,0.57956704798522,0.5843106748571163,0.5808816083251525,0.5808905532393683,0.5704084983793565,0.5798035534902347,0.5742727857378254,0.5895696971192489,0.5665739427095896
5,3,0.21746656150663876,0.93508,5000,1.1306164617891665,0.9364508393285371,834,1.1320655189764004,0.9442,0.7871753437480691,0.08333629683483168,,,0.808705152240323,,0.8087194417950906,0.1912805582049094,0.9692095279408373,0.39220478079444887,5,0.1,0.5,0.5848081863416069,0.5860178592592126,0.57956704798522,1.0,0.5803787792956817,0.595388474997229,0.5760696959050889,0.5791346414702082,0.5872501164533144,0.5772780797761023,0.5917091496100143,0.5755731199929759
5,4,0.21626754054016653,0.93408,5000,1.1324139347782842,0.9495798319327731,833,1.1338093688312811,0.9439,0.7812190442957213,0.08298275050784629,,,0.7331201222627229,,0.733135886752673,0.26686411324732695,0.9686363761963357,0.39187059169421906,5,0.1,0.5,0.5858025188617573,0.5751595002966297,0.5843106748571163,0.5803787792956817,1.0,0.5910160424144635,0.5707240424269391,0.5672677842890043,0.5779294482682303,0.5683078855613075,0.5819896180829689,0.5753337201458497
5,5,0.20110334203679375,0.93816,5000,1.1045567040090207,0.9531812725090036,833,1.1313377923477952,0.9447,0.7910859560018426,0.08359935605209211,,,0.864944850703758,,0.8649515586566939,0.13504844134330607,0.9695159470902376,0.3923144638017796,5,0.1,0.5,0.5876744468733761,0.589897795160607,0.5808816083251525,0.595388474997229,0.5910160424144635,1.0,0.581938651270659,0.5838090500653705,0.5931972050900689,0.5743503533559927,0.5875714225306179,0.5835190200988007
5,6,0.21403530783963146,0.93556,5000,1.1454971300231085,0.9243697478991597,833,1.1327793542950297,0.9441,0.7822325814306335,0.08311090632550824,,,0.7605186852809807,,0.760539129561769,0.23946087043823105,0.9689565294387098,0.392027430783847,5,0.1,0.5,0.5837559310843963,0.58271365195403,0.5808905532393683,0.5760696959050889,0.5707240424269391,0.581938651270659,1.0,0.5726589984134781,0.5839583437008256,0.5794336036272846,0.5832303934542123,0.5716458055437212
5,7,0.21722897010244382,0.93464,5000,1.141798977498655,0.9483793517406963,833,1.1314587195079548,0.9445,0.7785731670448954,0.08309829173997145,,,0.7578218001681198,,0.7578334420962803,0.24216655790371966,0.9690456454211882,0.39201372648305916,5,0.1,0.5,0.5731446269267647,0.5796383402619997,0.5704084983793565,0.5791346414702082,0.5672677842890043,0.5838090500653705,0.5726589984134781,1.0,0.5769078692699279,0.5766603545627379,0.5817643113207609,0.5703483877722806
5,8,0.20654033830116508,0.93724,5000,1.1285984339537445,0.9543817527010804,833,1.1313763148487566,0.9447,0.7879565026339941,0.08351376008571225,,,0.8466452017158883,,0.8466593042517946,0.1533406957482054,0.9695218108404635,0.39228770429156745,5,0.1,0.5,0.5833857886805657,0.5855228440594822,0.5798035534902347,0.5872501164533144,0.5779294482682303,0.5931972050900689,0.5839583437008256,0.5769078692699279,1.0,0.5825986299654401,0.5928255117605622,0.5760430125651519
5,9,0.21610446288458007,0.934,5000,1.133797241581811,0.9315726290516206,833,1.131360411643982,0.9446,0.7807281342205612,0.08324112951629267,,,0.7883592341084797,,0.788369057778224,0.21163094222177603,0.9692647165124086,0.39214131818286835,5,0.1,0.5,0.5851095232353976,0.578214874763352,0.5742727857378254,0.5772780797761023,0.5683078855613075,0.5743503533559927,0.5794336036272846,0.5766603545627379,0.5825986299654401,1.0,0.5817627219600928,0.5735382798917462
5,10,0.19708505430241013,0.94136,5000,1.1249106173162107,0.9447779111644657,833,1.1307027964546277,0.9448,0.7915878032104591,0.08404397317838165,,,0.959999999786209,,0.9600020079313287,0.03999799206867127,0.9698472252951204,0.39236780516896363,5,0.1,0.5,0.5900269987305479,0.5904852111785147,0.5895696971192489,0.5917091496100143,0.5819896180829689,0.5875714225306179,0.5832303934542123,0.5817643113207609,0.5928255117605622,0.5817627219600928,1.0,0.5797448450033286
5,11,0.23485183483760827,0.93116,5000,1.144048026314488,0.9303721488595438,833,1.1402978253440734,0.9436,0.7786362584815084,0.08259395905094971,,,0.65,,0.650002509914161,0.349997490085839,0.9671365318740329,0.39101633124169705,5,0.1,0.5,0.5818526778632992,0.5821173356812024,0.5665739427095896,0.5755731199929759,0.5753337201458497,0.5835190200988007,0.5716458055437212,0.5703483877722806,0.5760430125651519,0.5735382798917462,0.5797448450033286,1.0
6,0,0.19859369294480628,0.94076,5000,0.8774021576952051,0.9544364508393285,834,0.8967737568833958,0.9499,0.7731878427403106,0.08355019420178822,,,0.8522867038076088,,0.852301591285578,0.14769840871442197,0.9675372092534197,0.3857733138839765,5,0.1,0.5,1.0,0.5576476210177539,0.5580108063339199,0.5578341199486088,0.5557880059568897,0.5632870263659173,0.5670267359233236,0.5584487924137082,0.563337056524196,0.5583229186764364,0.5661038689822603,0.5528010567826662
6,1,0.19768460831088816,0.9422,5000,0.8586773541238573,0.9676258992805755,834,0.8986238163119307,0.9499,0.7727118864439323,0.0833991915992881,,,0.8223425082630809,,0.8223583153456152,0.1776416846543848,0.9673257496808254,0.38570949407108146,5,0.1,0.5,0.5576476210177539,1.0,0.5553936117873101,0.554614159433738,0.5546596887708235,0.5677672578292856,0.5616693021691872,0.5594423854815256,0.5569167316778008,0.5587052156790061,0.5722270920453298,0.5561843820451237
6,2,0.1995215114075572,0.93896,5000,0.8871292074521383,0.9508393285371702,834,0.8967008823023056,0.95,0.7707212749348238,0.0834284384281223,,,0.82814222791803,,0.8281562170573766,0.17184378294262337,0.9674468374219942,0.38572404087346973,5,0.1,0.5,0.5580108063339199,0.5553936117873101,1.0,0.556258842361407,0.5664485692951355,0.5608166393085107,0.561305386717516,0.5589590791370842,0.5535246688851825,0.5568282863182097,0.565487484532617,0.5429830799675431
6,3,0.20444270476971746,0.93968,5000,0.896463930606842,0.9436450839328537,834,0.8980690954973142,0.9498,0.7709967785507919,0.08331096609182638,,,0.8048471684231798,,0.8048591938155715,0.19514080618442853,0.967195946923544,0.38565866194191534,5,0.1,0.5,0.5578341199486088,0.554614159433738,0.556258842361407,1.0,0.5592416213107431,0.5680112117031608,0.5566137523353943,0.5592935699449727,0.5567663673885656,0.5524836031329542,0.5622625622820836,0.5562651221021636
6,4,0.19997338544411264,0.9388,5000,0.8963987584467288,0.9567827130852341,833,0.9001592016829469,0.9496,0.7694469097120528,0.08301842596331876,,,0.746835725788298,,0.7468500577280257,0.2531499422719743,0.9664774793746803,0.3853900062636088,5,0.1,0.5,0.5557880059568897,0.5546596887708235,0.5664485692951355,0.5592416213107431,1.0,0.5644169157042528,0.5574388248027935,0.5558223990108071,0.5512711611568979,0.5506735307707198,0.5630361572045983,0.5482844223148015
6,5,0.1839280066290977,0.94404,5000,0.8678961650088981,0.957983193277311,833,0.8971711850394837,0.9499,0.7772937199292638,0.083710646830452,,,0.8841048632882577,,0.8841172631895989,0.11588273681040107,0.9676035000481288,0.38581483056406546,5,0.1,0.5,0.5632870263659173,0.5677672578292856,0.5608166393085107,0.5680112117031608,0.5644169157042528,1.0,0.5662302683832852,0.5626176053878134,0.5652077145965436,0.5563856039601512,0.5677326298868843,0.554063846297696
6,6,0.2022137397069745,0.93624,5000,0.9145556445474978,0.929171668667467,833,0.8988024959929835,0.9496,0.7743074497916129,0.08327658035956285,,,0.7980283913041564,,0.7980422669544701,0.20195773304552989,0.9669125056150683,0.38563599032041396,5,0.1,0.5,0.5670267359233236,0.5616693021691872,0.561305386717516,0.5566137523353943,0.5574388248027935,0.5662302683832852,1.0,0.5589520775477355,0.5582877399611926,0.5576338616615528,0.5707406528648883,0.5554817464592294
6,7,0.20147248288723313,0.94036,5000,0.9088593500631826,0.9531812725090036,833,0.8977422971314135,0.9498,0.7695420472010102,0.08309947348227668,,,0.7629076524696471,,0.762918528186336,0.237081471813664,0.9667480641287686,0.3854814367670915,5,0.1,0.5,0.5584487924137082,0.5594423854815256,0.5589590791370842,0.5592935699449727,0.5558223990108071,0.5626176053878134,0.5589520775477355,1.0,0.5511744823099516,0.5532479891199363,0.5647452724769642,0.5446154797857192
6,8,0.19510652375478701,0.94184,5000,0.8932665718926324,0.957983193277311,833,0.8973806513764988,0.95,0.7706172271080328,0.08341684814386724,,,0.8258438454239284,,0.8258621555142814,0.17413784448571856,0.9674329118017133,0.3857182705116083,5,0.1,0.5,0.563337056524196,0.5569167316778008,0.5535246688851825,0.5567663673885656,0.5512711611568979,0.5652077145965436,0.5582877399611926,0.5511744823099516,1.0,0.5587206219056727,0.5646584092220935,0.5552446991464941
6,9,0.2006419774708427,0.9396,5000,0.9051709727004722,0.9315726290516206,833,0.8975328008968609,0.9497,0.7687014384373358,0.0831657613185585,,,0.7760526969853199,,0.776075498217961,0.22392450178203904,0.9669916233161465,0.3855471431237329,5,0.1,0.5,0.5583229186764364,0.5587052156790061,0.5568282863182097,0.5524836031329542,0.5506735307707198,0.5563856039601512,0.5576338616615528,0.5532479891199363,0.5587206219056727,1.0,0.5654774821634801,0.5503185523434575
6,10,0.17839245342880866,0.9456,5000,0.8878689938121371,0.9519807923169268,833,0.8965369910477831,0.9497,0.7796618606219118,0.08409337085833878,,,0.9599999998016975,,0.9600020079313287,0.03999799206867127,0.9677751065341896,0.385848730157797,5,0.1,0.5,0.5661038689822603,0.5722270920453298,0.565487484532617,0.5622625622820836,0.5630361572045983,0.5677326298868843,0.5707406528648883,0.5647452724769642,0.5646584092220935,0.5654774821634801,1.0,0.5536877288083928
6,11,0.21469606209759878,0.93772,5000,0.9127146402994791,0.9399759903961584,833,0.9075202774315977,0.9488,0.7630338240758731,0.08253010272259999,,,0.65,,0.650002509914161,0.349997490085839,0.964617784223486,0.3843955588792918,5,0.1,0.5,0.5528010567826662,0.5561843820451237,0.5429830799675431,0.5562651221021636,0.5482844223148015,0.554063846297696,0.5554817464592294,0.5446154797857192,0.5552446991464941,0.5503185523434575,0.5536877288083928,1.0
7,0,0.1884893104665361,0.94508,5000,0.674770054993806,0.9592326139088729,834,0.6953777491855926,0.9539,0.7541933125593882,0.08347296323913768,,,0.8380111605089543,,0.8380302193664977,0.1619697806335023,0.9646164899610307,0.37709260464209365,5,0.1,0.5,1.0,0.5300693169680876,0.530500401925995,0.5310218172372081,0.5303316620370002,0.5326898424541067,0.5304309043507244,0.5258092291533978,0.5324386737541444,0.5295881150454498,0.5266536129391128,0.5268645515742745
