round,client_id,client_i_training_loss,client_i_training_accuracy,client_i_training_dataset_size,client_i_evaluation_loss,client_i_evaluation_accuracy,client_i_evaluation_dataset_size,client_i_central_evaluation_loss,client_i_central_evaluation_accuracy,client_i_cosine_similarity,client_i_importance_coefficient,client_i_tanh_val,tanh_normalization_value,client_i_q,client_i_mask_order,client_i_v_nonzero_fraction,client_i_v_sparsity,client_i_v_cosine_similarity,client_i_reward_gradient_norm,local_epochs,learning_rate,gamma,client_0_cosine_similarity,client_1_cosine_similarity,client_2_cosine_similarity,client_3_cosine_similarity,client_4_cosine_similarity,client_5_cosine_similarity,client_6_cosine_similarity,client_7_cosine_similarity,client_8_cosine_similarity,client_9_cosine_similarity,client_10_cosine_similarity,client_11_cosine_similarity
0,0,0.3333627134988642,0.8966,5000,2.1935895990442345,0.4064748201438849,834,2.191604656152451,0.4226,0.7887842842860334,0.08333593181882853,,,0.8451788685443438,,0.8452035540384519,0.15479644596154807,0,0.394284948584631,5,0.1,0.5,1.0,0.587178039291228,0.574104907089154,0.5930509689726922,0.6001735344638591,0.5880005235342936,0.5717503834281422,0.5800638816425824,0.589763178188753,0.5885089056402549,0.5943689021284453,0.5989717426294996
0,1,0.34174567963334784,0.89304,5000,2.188798877927992,0.4520383693045564,834,2.191621297464584,0.4226,0.787345630837539,0.08318393649122996,,,0.8257335887938129,,0.8257567391195221,0.17424326088047792,0,0.3942394428002535,5,0.1,0.5,0.587178039291228,1.0,0.5911189804244183,0.5829176126387514,0.5816558494373404,0.5990210070322957,0.5815968198338343,0.5832663383195862,0.5912429689541497,0.5835892148549296,0.5821665462656422,0.5885645661388681
0,2,0.33866315914353556,0.89284,5000,2.193062667493467,0.42206235011990406,834,2.1917182645096944,0.4224,0.7842455396587057,0.08285640843031626,,,0.7838318088428119,,0.783841172631896,0.216158827368104,0,0.39409196189275714,5,0.1,0.5,0.574104907089154,0.5911189804244183,1.0,0.5737286769330553,0.583980659304148,0.5741737508640814,0.5922183667360807,0.5958473569386138,0.5966062272252295,0.5842980215241361,0.5789798653697541,0.5779184075857818
0,3,0.32907774807517504,0.8958,5000,2.1954209627928556,0.41127098321342925,834,2.191606057718539,0.4226,0.793254903970699,0.0838082577318206,,,0.9056051306976927,,0.9056272275488179,0.09437277245118214,0,0.3943584629276835,5,0.1,0.5,0.5930509689726922,0.5829176126387514,0.5737286769330553,1.0,0.6019851762569055,0.6125239629107774,0.5965576119890605,0.5831229070862178,0.5970869450950438,0.6011206980156694,0.5755539401908057,0.5906013963955233
0,4,0.34511211701330674,0.89312,5000,2.1922996750584356,0.4261704681872749,833,2.191607939930389,0.4226,0.7929987463139149,0.08378119439213964,,,0.9021428255111167,,0.9021585261784048,0.09784147382159525,0,0.3943560903744587,5,0.1,0.5,0.6001735344638591,0.5816558494373404,0.583980659304148,0.6019851762569055,1.0,0.5929676938037612,0.5851659544636086,0.5936883742101101,0.6168021635375627,0.5961478136289027,0.5737488671557974,0.5795092513606864
0,5,0.3280484284493764,0.89592,5000,2.191103184664691,0.4369747899159664,833,2.1916217179344106,0.4227,0.7913572246138458,0.08360776580944432,,,0.879955516463333,,0.8799658651674113,0.12003413483258873,0,0.39433633896482984,5,0.1,0.5,0.5880005235342936,0.5990210070322957,0.5741737508640814,0.6125239629107774,0.5929676938037612,1.0,0.5900725512262928,0.5834590427379223,0.5956757406616819,0.5930899868108452,0.5757701055291005,0.5855337759956717
0,6,0.342725000091514,0.89352,5000,2.182423406177097,0.4297719087635054,833,2.1916594482458436,0.4228,0.7854305683497453,0.08298160802184873,,,0.7998490188483113,,0.7998544249786658,0.20014557502133423,0,0.39415690665638176,5,0.1,0.5,0.5717503834281422,0.5815968198338343,0.5922183667360807,0.5965576119890605,0.5851659544636086,0.5900725512262928,1.0,0.5788684471702361,0.5786598761989027,0.5994517614853737,0.5745401870557926,0.585309688914371
0,7,0.3384026104679248,0.8934,5000,2.1921901173061795,0.4225690276110444,833,2.191636209670728,0.4229,0.7866847818496686,0.0831141170649396,,,0.8168013518777986,,0.816821444706591,0.18317855529340898,0,0.3942143028621349,5,0.1,0.5,0.5800638816425824,0.5832663383195862,0.5958473569386138,0.5831229070862178,0.5936883742101101,0.5834590427379223,0.5788684471702361,1.0,0.5978848899862269,0.595766425776479,0.5841566985603351,0.5699385669174002
0,8,0.3403183066432963,0.89164,5000,2.192192042315448,0.4057623049219688,833,2.1915929195599055,0.4231,0.7972792927746701,0.08423343885885555,,,0.9599999998720665,,0.9600020079313287,0.03999799206867127,0,0.39437803919673076,5,0.1,0.5,0.589763178188753,0.5912429689541497,0.5966062272252295,0.5970869450950438,0.6168021635375627,0.5956757406616819,0.5786598761989027,0.5978848899862269,1.0,0.5853635016315984,0.6012646833374717,0.5959910333801647
0,9,0.3631938920255489,0.88628,5000,2.192319914146706,0.4225690276110444,833,2.191614467876788,0.4224,0.7906446989361999,0.0835324866837386,,,0.8703248016127481,,0.8703378344460619,0.12966216555393806,0,0.3943252880470547,5,0.1,0.5,0.5885089056402549,0.5835892148549296,0.5842980215241361,0.6011206980156694,0.5961478136289027,0.5930899868108452,0.5994517614853737,0.595766425776479,0.5853635016315984,1.0,0.5769344707072701,0.5792732053325746
0,10,0.3571753806060856,0.88972,5000,2.1899043454064264,0.4129651860744298,833,2.19183138536569,0.4223,0.781742502979113,0.08259195983742959,,,0.75,,0.750002509914161,0.24999749008583905,0,0.3939014684185534,5,0.1,0.5,0.5943689021284453,0.5821665462656422,0.5789798653697541,0.5755539401908057,0.5737488671557974,0.5757701055291005,0.5745401870557926,0.5841566985603351,0.6012646833374717,0.5769344707072701,1.0,0.5817994206709078
0,11,0.34097677479337923,0.8908,5000,2.1921168080082647,0.4189675870348139,833,2.1916656715039626,0.4225,0.7853480972541542,0.08297289485940859,,,0.7987343143120785,,0.7987450429195322,0.2012549570804678,0,0.39415302759490145,5,0.1,0.5,0.5989717426294996,0.5885645661388681,0.5779184075857818,0.5906013963955233,0.5795092513606864,0.5855337759956717,0.585309688914371,0.5699385669174002,0.5959910333801647,0.5792732053325746,0.5817994206709078,1.0
1,0,0.2935716246391178,0.90992,5000,2.0308295400054366,0.7757793764988009,834,2.0313746719695507,0.7784,0.820956204543003,0.08355174894717393,,,0.8979495276993099,,0.8979569298729984,0.10204307012700164,0.9597807381987209,0.4073342170992221,5,0.1,0.5,1.0,0.6443822107304957,0.6384857569278825,0.6451104958896428,0.6457853743185108,0.634854193765016,0.6400307513600374,0.6285737716187793,0.6328792015611369,0.6447498207431996,0.6307123466532893,0.6406422907338288
1,1,0.2971482383294897,0.90696,5000,2.0282120042377048,0.8057553956834532,834,2.031441456974505,0.7787,0.8186477199599212,0.08337117209243386,,,0.8714613246433685,,0.8714773354751267,0.12852266452487326,0.9596721456348858,0.40730118168930773,5,0.1,0.5,0.6443822107304957,1.0,0.6387558628598322,0.6392995630406825,0.6377064471766829,0.6341402328339922,0.6428118584949502,0.632572092897872,0.6332865082508834,0.6397862780865484,0.6292297009213464,0.6323757368780062
1,2,0.3049857817993612,0.90412,5000,2.03175308086254,0.8009592326139089,834,2.031711994268643,0.7782,0.8139656899731601,0.08299221674024873,,,0.8158736562665753,,0.8158877566387229,0.18411224336127707,0.9592107212950375,0.4071665009368765,5,0.1,0.5,0.6384857569278825,0.6387558628598322,1.0,0.6272392849687117,0.6301112253653981,0.6304358824485514,0.6344984294780813,0.6364332219669073,0.6367764763751039,0.6286600220651536,0.6287474812576108,0.6299184737141978
1,3,0.2917718643892058,0.90744,5000,2.0363998942905,0.7721822541966427,834,2.031366919176266,0.7784,0.8162522342277375,0.08370014088883455,,,0.9197166356059674,,0.9197279253049546,0.08027207469504538,0.9599792164724501,0.40735150019762834,5,0.1,0.5,0.6451104958896428,0.6392995630406825,0.6272392849687117,1.0,0.638108301174951,0.6397756862499584,0.6368108384722166,0.6322671463480473,0.6411604572267898,0.6340992700026948,0.6219511905704592,0.6221084114191355
1,4,0.30268550320131005,0.90368,5000,2.032604729687726,0.787515006002401,833,2.0313733709505954,0.7784,0.8149906342660576,0.08363843100234572,,,0.9106646227872249,,0.9106872144972642,0.0893127855027358,0.959967979448474,0.40734544889889535,5,0.1,0.5,0.6457853743185108,0.6377064471766829,0.6301112253653981,0.638108301174951,1.0,0.6335962380327385,0.6342909151603683,0.6341327791336229,0.6374511025398534,0.6310715925204698,0.6233986254344166,0.6201410273014585
1,5,0.2831764397846096,0.91344,5000,2.033399052090115,0.7827130852340937,833,2.0314035343285948,0.7781,0.8141176597951274,0.08349358723296482,,,0.8894179841730362,,0.889423221725817,0.110576778274183,0.9599048366274429,0.407325128415894,5,0.1,0.5,0.634854193765016,0.6341402328339922,0.6304358824485514,0.6397756862499584,0.6335962380327385,1.0,0.6295834422839245,0.6401485511391467,0.6287216625909126,0.6393541105146011,0.6160368738558368,0.6314144649812103
1,6,0.29853248438163166,0.90872,5000,2.0208502875434027,0.7683073229291717,833,2.0315659034747284,0.7781,0.8157583930173755,0.08313717788750133,,,0.837137512640506,,0.837156769238492,0.16284323076150797,0.9594229720797799,0.4072328498449278,5,0.1,0.5,0.6400307513600374,0.6428118584949502,0.6344984294780813,0.6368108384722166,0.6342909151603683,0.6295834422839245,1.0,0.6307604648487654,0.6369188927369358,0.639380259953536,0.63027478878893,0.6215475231713351
1,7,0.30091838004470917,0.90976,5000,2.0334892714465105,0.7683073229291717,833,2.031538726041873,0.7786,0.8149998794141561,0.08319830934655814,,,0.8461046779116789,,0.8461272024496762,0.1538727975503238,0.959573877521347,0.40725458926935404,5,0.1,0.5,0.6285737716187793,0.632572092897872,0.6364332219669073,0.6322671463480473,0.6341327791336229,0.6401485511391467,0.6307604648487654,1.0,0.6358360619344146,0.6424649945118733,0.6314859798807481,0.6242419347535927
1,8,0.2900363141142876,0.91028,5000,2.037477736119871,0.7611044417767107,833,2.0313608292192695,0.7783,0.8160764921645348,0.08397476288560692,,,0.9599999998533134,,0.9600020079313287,0.03999799206867127,0.9600745651585335,0.40736409889696024,5,0.1,0.5,0.6328792015611369,0.6332865082508834,0.6367764763751039,0.6411604572267898,0.6374511025398534,0.6287216625909126,0.6369188927369358,0.6358360619344146,1.0,0.6383768197959385,0.6305909206871886,0.6225459792271242
1,9,0.3233075947471105,0.90052,5000,2.0285620071269848,0.78031212484994,833,2.0313771235676237,0.7784,0.8178599681569657,0.0835739303403252,,,0.901203240622266,,0.9012248381105367,0.09877516188946334,0.9599273720391475,0.4073375766131618,5,0.1,0.5,0.6447498207431996,0.6397862780865484,0.6286600220651536,0.6340992700026948,0.6310715925204698,0.6393541105146011,0.639380259953536,0.6424649945118733,0.6383768197959385,1.0,0.6263659500614603,0.6307434120780169
1,10,0.3072440453858417,0.90736,5000,2.02729571307147,0.773109243697479,833,2.0321594290078258,0.7776,0.8060672682378343,0.08254313917791939,,,0.75,,0.750002509914161,0.24999749008583905,0.9584469392488463,0.40681498891738793,5,0.1,0.5,0.6307123466532893,0.6292297009213464,0.6287474812576108,0.6219511905704592,0.6233986254344166,0.6160368738558368,0.63027478878893,0.6314859798807481,0.6305909206871886,0.6263659500614603,1.0,0.6153003083780939
1,11,0.29824355030135746,0.9076,5000,2.033013701438904,0.7647058823529411,833,2.031701511087509,0.7782,0.8069515459040729,0.0828253834580874,,,0.7914014510067183,,0.7914160935696,0.20858390643040003,0.9592212855490804,0.4070645093776497,5,0.1,0.5,0.6406422907338288,0.6323757368780062,0.6299184737141978,0.6221084114191355,0.6201410273014585,0.6314144649812103,0.6215475231713351,0.6242419347535927,0.6225459792271242,0.6307434120780169,0.6153003083780939,1.0
2,0,0.26160040695255826,0.92232,5000,1.8266129714471322,0.8776978417266187,834,1.8311666311166537,0.8791,0.8203773053044586,0.08372475546168881,,,0.9419091101145949,,0.9419256061442699,0.0580743938557301,0.9682102013922949,0.40663636391150276,5,0.1,0.5,1.0,0.6403190555977261,0.6349501144722028,0.64586175161625,0.6443338804078212,0.6252216137370774,0.63808916929272,0.6275377359554585,0.6320157341094771,0.6457173460280712,0.6326844930083294,0.6386193615591648
2,1,0.2669611211249213,0.91756,5000,1.8270809208905254,0.8896882494004796,834,1.831335067368163,0.8792,0.8124803791905583,0.0833308686476567,,,0.8752953606431172,,0.8753124843130365,0.12468751568696346,0.968058190622356,0.4065833346419648,5,0.1,0.5,0.6403190555977261,1.0,0.6333491454895253,0.631084459952598,0.6246274766520042,0.6183119740358616,0.6303222685174004,0.6270447735666247,0.632265295801022,0.64057397679752,0.6274745032539609,0.6236848679250276
2,2,0.27613820350331486,0.91588,5000,1.8297554740199335,0.8932853717026379,834,1.8318572006286524,0.8792,0.8119932881249055,0.08306357221973534,,,0.8300904524058944,,0.8301139501029065,0.16988604989709355,0.9677079447931628,0.406483170927902,5,0.1,0.5,0.6349501144722028,0.6333491454895253,1.0,0.6336385265960429,0.6222159009878698,0.6214562208499875,0.6231997957062796,0.6277795747923002,0.6313789708071443,0.6465258861901655,0.6229019676024258,0.6285412135987484
2,3,0.26060996371066303,0.9216,5000,1.8384898371166654,0.8633093525179856,834,1.8311457664440995,0.8791,0.8194354536679793,0.08379004213476737,,,0.9529503278689091,,0.9529642086240651,0.04703579137593494,0.9682682526361999,0.4066387996472903,5,0.1,0.5,0.64586175161625,0.631084459952598,0.6336385265960429,1.0,0.642531655975767,0.6310147305289836,0.6449914583005543,0.6297289682076027,0.6362453873417528,0.6412327759837487,0.6239025793891678,0.6351857100301863
2,4,0.2731164556091568,0.91496,5000,1.8326387891062983,0.8955582232893158,833,1.8311505028234123,0.8789,0.8130204241865037,0.08352621330279651,,,0.9083318560385051,,0.9083479744992721,0.09165202550072793,0.9682363420532014,0.4066196632587969,5,0.1,0.5,0.6443338804078212,0.6246274766520042,0.6222159009878698,0.642531655975767,1.0,0.6223453290794804,0.6372788495553277,0.6254134377983975,0.6316218820990375,0.638897786852495,0.620422158741941,0.62327600481603
2,5,0.2565903134406752,0.92284,5000,1.8362618199101202,0.8763505402160864,833,1.8314406033902884,0.8789,0.8025339987595154,0.0830658932125953,,,0.8304829764290163,,0.8305004768836906,0.16949952311630945,0.9678961112083424,0.4064837229047407,5,0.1,0.5,0.6252216137370774,0.6183119740358616,0.6214562208499875,0.6310147305289836,0.6223453290794804,1.0,0.6200130853856074,0.6213616979165733,0.6205097777343985,0.6297064964312836,0.6080433048471375,0.6132824777395892
2,6,0.26912809449075986,0.91912,5000,1.8188838296466403,0.8847539015606243,833,1.8315228612278216,0.8793,0.8153531816334514,0.08327617014655614,,,0.8660448040898818,,0.8660609407158275,0.1339390592841725,0.9678930528525952,0.40656852217447537,5,0.1,0.5,0.63808916929272,0.6303222685174004,0.6231997957062796,0.6449914583005543,0.6372788495553277,0.6200130853856074,1.0,0.627511106677009,0.6366835763421568,0.6382830536450361,0.6317116333333945,0.6299538813253369
2,7,0.2693479858042233,0.91852,5000,1.835628593409503,0.8763505402160864,833,1.8315440561062992,0.8793,0.8108083755937018,0.08315852767624043,,,0.8461492255489431,,0.8461673610762512,0.15383263892374877,0.9678846278070037,0.40652713497095005,5,0.1,0.5,0.6275377359554585,0.6270447735666247,0.6277795747923002,0.6297289682076027,0.6254134377983975,0.6213616979165733,0.627511106677009,1.0,0.6354246468439232,0.6352706332994585,0.6297766959335778,0.6266969072241839
2,8,0.26379055279265545,0.92072,5000,1.843732926580641,0.8691476590636255,833,1.8311370218904635,0.879,0.8154164555443055,0.08383172681474867,,,0.959999999830881,,0.9600020079313287,0.03999799206867127,0.9683151390071533,0.4066397879960284,5,0.1,0.5,0.6320157341094771,0.632265295801022,0.6313789708071443,0.6362453873417528,0.6316218820990375,0.6205097777343985,0.6366835763421568,0.6354246468439232,1.0,0.6399217355457865,0.6305993958990409,0.6284323224582831
2,9,0.2874874068898665,0.9124,5000,1.82423112127516,0.8703481392557023,833,1.8311577696388903,0.879,0.8214347917143647,0.08377618007365803,,,0.9506059897672006,,0.9506299884543948,0.049370011545605164,0.9682293402868999,0.4066384217731363,5,0.1,0.5,0.6457173460280712,0.64057397679752,0.6465258861901655,0.6412327759837487,0.638897786852495,0.6297064964312836,0.6382830536450361,0.6352706332994585,0.6399217355457865,1.0,0.627870214196545,0.6315186034912944
2,10,0.2806901501586578,0.91716,5000,1.8244986534118652,0.8835534213685474,833,1.8328840835406757,0.8791,0.8069061179655173,0.08258999771923292,,,0.75,,0.750002509914161,0.24999749008583905,0.9666952178496567,0.4060720528803854,5,0.1,0.5,0.6326844930083294,0.6274745032539609,0.6229019676024258,0.6239025793891678,0.620422158741941,0.6080433048471375,0.6317116333333945,0.6297766959335778,0.6305993958990409,0.627870214196545,1.0,0.6230684170977849
2,11,0.2696114701201107,0.9166,5000,1.8346314341933638,0.8679471788715486,833,1.8319958718820883,0.8791,0.8094826055894573,0.08286605259032388,,,0.7966861275070127,,0.7967019727925305,0.20329802720746948,0.9674087950245356,0.40635599310738274,5,0.1,0.5,0.6386193615591648,0.6236848679250276,0.6285412135987484,0.6351857100301863,0.62327600481603,0.6132824777395892,0.6299538813253369,0.6266969072241839,0.6284323224582831,0.6315186034912944,0.6230684170977849,1.0
3,0,0.2393383547361157,0.9286,5000,1.5900303037078292,0.9148681055155875,834,1.5978301634042027,0.9154,0.812102347545566,0.08371810925578604,,,0.9328900928865204,,0.932904974649867,0.06709502535013301,0.9713360590566252,0.40424350897139444,5,0.1,0.5,1.0,0.6294877711729587,0.628026587770803,0.6223246197226239,0.6226883338008158,0.6236197899815269,0.6297524403301906,0.6198644537547724,0.6235643233124649,0.628127857220076,0.6228318775977901,0.6270197425414004
3,1,0.24018632057152547,0.92672,5000,1.5918360109682437,0.9232613908872902,834,1.598076131397162,0.9155,0.8140409781332102,0.08352490915837682,,,0.8992843884291366,,0.8992922042066162,0.10070779579338385,0.9711938190986452,0.40422070628798656,5,0.1,0.5,0.6294877711729587,1.0,0.6368432866099812,0.6239330126866527,0.6278245640967028,0.6230953096836765,0.6310797608629206,0.6209852395323446,0.6323183338954861,0.6265030257086287,0.6239486159735183,0.6217952119077617
3,2,0.24588344479216986,0.92368,5000,1.5933846456033212,0.9328537170263789,834,1.5988059889394255,0.9151,0.8102167423579459,0.08321472574016396,,,0.8453303148037851,,0.8453491290597862,0.1546508709402138,0.9708764544743528,0.4041219199434898,5,0.1,0.5,0.628026587770803,0.6368432866099812,1.0,0.619821212306335,0.6214164654250112,0.6233390131767869,0.6234436850232127,0.6214284307972778,0.6283168646138317,0.6171393760740546,0.6216433707507575,0.6205445372337159
3,3,0.2433856556417456,0.9272,5000,1.608024901813931,0.8968824940047961,834,1.5978181822993123,0.9154,0.8059647160975496,0.0835474872165299,,,0.9032116719020157,,0.9032277496109633,0.0967722503890367,0.9713092557873036,0.40422452295689004,5,0.1,0.5,0.6223246197226239,0.6239330126866527,0.619821212306335,1.0,0.6223206420617879,0.6241441033896429,0.6216246998794338,0.6152277077194369,0.633106798253404,0.6145344906366489,0.6093084960140509,0.6108829969896264
3,4,0.2470668371129858,0.9258,5000,1.5995436862662986,0.9303721488595438,833,1.5978415358942537,0.9152,0.8077673644231546,0.08343564464617842,,,0.8837574976268097,,0.8837708950353897,0.11622910496461025,0.9712318908473968,0.4042018775399957,5,0.1,0.5,0.6226883338008158,0.6278245640967028,0.6214164654250112,0.6223206420617879,1.0,0.6266318337024611,0.6230378476395831,0.613766615477047,0.6259793878868629,0.632241262329853,0.610961064403786,0.6090080772725553
3,5,0.2334946970680764,0.92928,5000,1.6059460993166323,0.9099639855942377,833,1.5983432893174143,0.9157,0.8073238976063816,0.08311547303347755,,,0.8280660526619602,,0.8280809196325486,0.1719190803674514,0.9707846556642622,0.4040688552510293,5,0.1,0.5,0.6236197899815269,0.6230953096836765,0.6233390131767869,0.6241441033896429,0.6266318337024611,1.0,0.6212452919432101,0.6219128640180546,0.6232818574794847,0.6180646224274644,0.6130562444982918,0.615398646382119
3,6,0.24607236787949682,0.92628,5000,1.5846295577508431,0.9243697478991597,833,1.598356226000923,0.9153,0.8108692085290183,0.08337819293791346,,,0.8737642048986254,,0.8737764168465438,0.12622358315345616,0.9711045903728966,0.4041858694083658,5,0.1,0.5,0.6297524403301906,0.6310797608629206,0.6234436850232127,0.6216246998794338,0.6230378476395831,0.6212452919432101,1.0,0.624756598220929,0.6293743755094574,0.6222672378933769,0.6231339994914754,0.6175578316709907
3,7,0.2451803457513926,0.92736,5000,1.604905605316162,0.9111644657863145,833,1.5985268243966393,0.9155,0.8049056536142438,0.08309254116784308,,,0.8240772270376329,,0.8240951759449827,0.17590482405501728,0.9708374320715026,0.4040547255572283,5,0.1,0.5,0.6198644537547724,0.6209852395323446,0.6214284307972778,0.6152277077194369,0.613766615477047,0.6219128640180546,0.624756598220929,1.0,0.6268034163729355,0.6140760508454596,0.6140535347020467,0.617143657503073
3,8,0.23572253297857204,0.9288,5000,1.617780605951945,0.9111644657863145,833,1.5977496594285812,0.9152,0.8145432504589919,0.08387396483882004,,,0.9599999998260574,,0.9600020079313287,0.03999799206867127,0.9713822173710447,0.40425073705807757,5,0.1,0.5,0.6235643233124649,0.6323183338954861,0.6283168646138317,0.633106798253404,0.6259793878868629,0.6232818574794847,0.6293743755094574,0.6268034163729355,1.0,0.6299243036618224,0.6290471174672421,0.6187365493921413
3,9,0.264945081661746,0.92132,5000,1.5862124628490872,0.9039615846338536,833,1.597823759999138,0.9152,0.8079444988675119,0.0836072881642775,,,0.913613597176518,,0.9136288338938808,0.08637116610611917,0.9713139941674388,0.4042328832034414,5,0.1,0.5,0.628127857220076,0.6265030257086287,0.6171393760740546,0.6145344906366489,0.632241262329853,0.6180646224274644,0.6222672378933769,0.6140760508454596,0.6299243036618224,1.0,0.6159008892735681,0.6177578155695089
3,10,0.25555392312846936,0.9244,5000,1.5892495844099257,0.9183673469387755,833,1.6007607676350653,0.9148,0.8034843683251879,0.08266666920025421,,,0.75,,0.750002509914161,0.24999749008583905,0.9698032514787582,0.40364646455797926,5,0.1,0.5,0.6228318775977901,0.6239486159735183,0.6216433707507575,0.6093084960140509,0.610961064403786,0.6130562444982918,0.6231339994914754,0.6140535347020467,0.6290471174672421,0.6159008892735681,1.0,0.6149377907934038
3,11,0.24261152698498242,0.92592,5000,1.6028223081871316,0.907563025210084,833,1.599510782062055,0.915,0.802783574102355,0.08282499464037908,,,0.7775395200119991,,0.777556347572913,0.22244365242708697,0.9703286097236351,0.40383522136191385,5,0.1,0.5,0.6270197425414004,0.6217952119077617,0.6205445372337159,0.6108829969896264,0.6090080772725553,0.615398646382119,0.6175578316709907,0.617143657503073,0.6187365493921413,0.6177578155695089,0.6149377907934038,1.0
4,0,0.22026575744525784,0.93448,5000,1.3344288402133517,0.9388489208633094,834,1.3461772321512142,0.9332,0.8021140108800541,0.0836660620570478,,,0.9354569161070266,,0.9354751267506651,0.06452487324933487,0.9713164779172961,0.3999513360097345,5,0.1,0.5,1.0,0.6124317025193393,0.6078343903271294,0.6162590238228739,0.6073862289417525,0.6031190365134916,0.6108202685043759,0.60306277706347,0.604732794427684,0.6111654023719479,0.5984704924047941,0.6223842081465859
4,1,0.2211083563305675,0.9326,5000,1.3382144018455788,0.9388489208633094,834,1.3465206901105449,0.9332,0.8025444197637263,0.08355275728103333,,,0.9150134982356984,,0.9150394056523267,0.08496059434767333,0.9712553792501979,0.39994074823204756,5,0.1,0.5,0.6124317025193393,1.0,0.6074832539901112,0.6078401025580262,0.6033981638762805,0.6037627285037186,0.6175847471444592,0.6144523352924376,0.6116464614841245,0.6140676161389218,0.602393987692727,0.6075789045938137
4,2,0.22886917240039747,0.93088,5000,1.3389493668520893,0.9436450839328537,834,1.347434378660525,0.9327,0.7981044738637998,0.08319143472560563,,,0.84982058892708,,0.8498268159228954,0.15017318407710456,0.9709033047063692,0.399840244640457,5,0.1,0.5,0.6078343903271294,0.6074832539901112,1.0,0.6118691758430398,0.6067246785836209,0.6002087589785307,0.60732869989469,0.6035143352559312,0.6092875085636661,0.5959299666194205,0.6048636097345448,0.6064970283579367
4,3,0.22058398159677578,0.93316,5000,1.3588094490545768,0.9220623501199041,834,1.3461862181703124,0.9332,0.8037367265931962,0.0836094479030456,,,0.9252421056779337,,0.9252597761156568,0.0747402238843432,0.9712681455709432,0.3999467468049519,5,0.1,0.5,0.6162590238228739,0.6078401025580262,0.6118691758430398,1.0,0.6108713203180384,0.6109672365259716,0.6169062750126947,0.6082110236745768,0.6146717986291574,0.6104076123625173,0.5985928834095613,0.6073232960337426
4,4,0.22669860037506387,0.93164,5000,1.3466293679343329,0.9339735894357744,833,1.3462522437397284,0.9331,0.7976256634687161,0.0833214623721943,,,0.8732812902985582,,0.8732945133276442,0.12670548667235582,0.9711492734036029,0.39989158306126665,5,0.1,0.5,0.6073862289417525,0.6033981638762805,0.6067246785836209,0.6108713203180384,1.0,0.6011093711830712,0.6123324420686631,0.6025722449317314,0.6059188525543492,0.6087829641607343,0.5953890636735905,0.6013004213653556
4,5,0.215201097143114,0.93544,5000,1.3578170935312908,0.9267707082833133,833,1.3469730790811605,0.9329,0.7957359392735379,0.08304267604280866,,,0.8229802736166427,,0.8229958335424928,0.17700416645750716,0.9707028819250153,0.39975480318640827,5,0.1,0.5,0.6031190365134916,0.6037627285037186,0.6002087589785307,0.6109672365259716,0.6011093711830712,1.0,0.6055324626721881,0.6070671229874148,0.6087477284226556,0.6002773214519753,0.5946583726345634,0.6037735120758149
4,6,0.22633372660382253,0.93244,5000,1.3328973231492218,0.9423769507803121,833,1.3468442980092936,0.933,0.8030787871389873,0.0834739696314251,,,0.900797955866725,,0.900818232016465,0.09918176798353495,0.9711629800979898,0.39992886327395427,5,0.1,0.5,0.6108202685043759,0.6175847471444592,0.60732869989469,0.6169062750126947,0.6123324420686631,0.6055324626721881,1.0,0.6067014548551192,0.6065085234299329,0.6141815996806268,0.6035322945497175,0.6070076859892037
4,7,0.22042786525888666,0.93496,5000,1.3550937440660265,0.9243697478991597,833,1.3471392644480014,0.9329,0.7996141510358525,0.08316304798872347,,,0.8446988107946977,,0.8447065910345866,0.15529340896541344,0.9707730426271175,0.39982645760953184,5,0.1,0.5,0.60306277706347,0.6144523352924376,0.6035143352559312,0.6082110236745768,0.6025722449317314,0.6070671229874148,0.6067014548551192,1.0,0.6129593310679812,0.6035819746128006,0.6074907468130416,0.6070147829516269
4,8,0.21416113595448577,0.93536,5000,1.3732941018210516,0.9267707082833133,833,1.346038594032629,0.9332,0.8030429671119995,0.08380208865593929,,,0.9599999998195714,,0.9600020079313287,0.03999799206867127,0.9713517149345473,0.39995753355110863,5,0.1,0.5,0.604732794427684,0.6116464614841245,0.6092875085636661,0.6146717986291574,0.6059188525543492,0.6087477284226556,0.6065085234299329,0.6129593310679812,1.0,0.6161273181113682,0.6055045044127051,0.6097576324778112
4,9,0.24500811960382066,0.92676,5000,1.330252347169099,0.9315726290516206,833,1.346213750565014,0.9332,0.8004262616692349,0.08353342238317678,,,0.9115249304075391,,0.9115456051403042,0.08845439485969575,0.9712709564868183,0.3999382501628173,5,0.1,0.5,0.6111654023719479,0.6140676161389218,0.5959299666194205,0.6104076123625173,0.6087829641607343,0.6002773214519753,0.6141815996806268,0.6035819746128006,0.6161273181113682,1.0,0.599016597548265,0.6082735380322202
4,10,0.22998010655924392,0.93152,5000,1.3351439392125164,0.9423769507803121,833,1.3501324451769503,0.9319,0.7926954416442306,0.08263819311301414,,,0.75,,0.750002509914161,0.24999749008583905,0.9697779806673794,0.39933217360465945,5,0.1,0.5,0.5984704924047941,0.602393987692727,0.6048636097345448,0.5985928834095613,0.5953890636735905,0.5946583726345634,0.6035322945497175,0.6074907468130416,0.6055045044127051,0.599016597548265,1.0,0.6023974472385741
4,11,0.22025169059990127,0.93276,5000,1.3520772766183924,0.9267707082833133,833,1.3483425988175999,0.9325,0.8001900569438972,0.0830054378459859,,,0.8162614392903187,,0.8162793032478289,0.18372069675217106,0.9703065901300498,0.39972930883876745,5,0.1,0.5,0.6223842081465859,0.6075789045938137,0.6064970283579367,0.6073232960337426,0.6013004213653556,0.6037735120758149,0.6070076859892037,0.6070147829516269,0.6097576324778112,0.6082735380322202,0.6023974472385741,1.0
5,0,0.202119275571031,0.9398,5000,1.079498244656457,0.947242206235012,834,1.0949285207465054,0.942,0.7865308267148621,0.08357504466060514,,,0.9048785947822149,,0.9048893127855028,0.09511068721449722,0.9698414894806463,0.3929700203862264,5,0.1,0.5,1.0,0.5931897248253222,0.5753448114047064,0.5877401797543259,0.5883194726863632,0.5710397225901492,0.5826301159733444,0.5834621697137632,0.585962767576564,0.5820778638333101,0.584651314139886,0.5823360951772532
5,1,0.2014757932175639,0.93796,5000,1.084997879134284,0.947242206235012,834,1.0953441256532273,0.9418,0.7944068911716851,0.0837763432352806,,,0.9406418695271964,,0.9406606094071582,0.05933939059284177,0.9698707074674378,0.3929920342860643,5,0.1,0.5,0.5931897248253222,1.0,0.5887226566083531,0.5873954680588261,0.5899827130376837,0.5898613533610793,0.5968086272351089,0.5947925073682295,0.5941422460421105,0.5913084749226141,0.5863598889432208,0.5790525356491939
5,2,0.2145440195159168,0.93512,5000,1.0850789569042347,0.9508393285371702,834,1.096501183966859,0.9417,0.7826548660956625,0.08312154203612682,,,0.8243080344444845,,0.8243210682194669,0.17567893178053307,0.969359853477162,0.3927894626607595,5,0.1,0.5,0.5753448114047064,0.5887226566083531,1.0,0.5924917005398233,0.5711933111458287,0.5752954367478653,0.5865779392747477,0.5823396493189861,0.5863425167259225,0.5737605216937057,0.5785041141686827,0.5719676032635905
5,3,0.19843156305527326,0.9402,5000,1.1096406247880723,0.9388489208633094,834,1.0949600580782175,0.9419,0.7907553547302596,0.08368579610783217,,,0.924555010484463,,0.9245720596355604,0.07542794036443956,0.9698540196596771,0.3929851742121402,5,0.1,0.5,0.5877401797543259,0.5873954680588261,0.5924917005398233,1.0,0.5925098429643596,0.5837020664111708,0.5883001268417635,0.5949948163790899,0.5948851142036655,0.576348851890007,0.5819040385058019,0.5766290555714445
5,4,0.20880314001255923,0.93664,5000,1.094353801674313,0.9423769507803121,833,1.0950887441254271,0.9418,0.7842471457625769,0.08326443872203035,,,0.8496954642678427,,0.8497063400431705,0.15029365995682953,0.9695867064556207,0.39287205869759084,5,0.1,0.5,0.5883194726863632,0.5899827130376837,0.5711933111458287,0.5925098429643596,1.0,0.5749575699827488,0.5850573711931134,0.5830809917235982,0.5872627486948804,0.5833450211419458,0.5717478311707487,0.569285225928214
5,5,0.1989474025620207,0.93988,5000,1.1089158323076036,0.9375750300120048,833,1.0961839581449953,0.9418,0.7786883429852877,0.0828826213025137,,,0.7818607004171363,,0.7818733999297224,0.21812660007027762,0.9688264847748641,0.392574941274046,5,0.1,0.5,0.5710397225901492,0.5898613533610793,0.5752954367478653,0.5837020664111708,0.5749575699827488,1.0,0.5750454733700041,0.5815095498578838,0.5827054655032783,0.5763852302583926,0.5696261244120233,0.565735569654282
5,6,0.20640437081396865,0.93684,5000,1.0828013309726008,0.9471788715486195,833,1.0956239717456098,0.9417,0.7905405249554884,0.08358770452035738,,,0.9071277813116388,,0.9071482355303448,0.09285176446965515,0.9697954670970732,0.39297225921508716,5,0.1,0.5,0.5826301159733444,0.5968086272351089,0.5865779392747477,0.5883001268417635,0.5850573711931134,0.5750454733700041,1.0,0.5899969754451527,0.59199588630483,0.5932427066797453,0.5868890637075423,0.5789705731822515
5,7,0.20742733564382052,0.93804,5000,1.104439017949281,0.9339735894357744,833,1.0959844440697861,0.9418,0.7898569767872644,0.08335588425011645,,,0.8659419357116452,,0.8659555243210683,0.13404447567893174,0.9695138130823857,0.39291139990706153,5,0.1,0.5,0.5834621697137632,0.5947925073682295,0.5823396493189861,0.5949948163790899,0.5830809917235982,0.5815095498578838,0.5899969754451527,1.0,0.5908939240944326,0.585048758682294,0.5827712686210116,0.5817039641278995
5,8,0.19812748056189838,0.94044,5000,1.1290619417473122,0.936374549819928,833,1.094823554872324,0.942,0.7927675182401343,0.08388530316874812,,,0.9599999998223372,,0.9600020079313287,0.03999799206867127,0.969911835580832,0.3929962206895335,5,0.1,0.5,0.585962767576564,0.5941422460421105,0.5863425167259225,0.5948851142036655,0.5872627486948804,0.5827054655032783,0.59199588630483,0.5908939240944326,1.0,0.5927175669711728,0.5898948114580839,0.5781336222823278
5,9,0.23567510739823055,0.93068,5000,1.0758953800907842,0.936374549819928,833,1.0950008990665594,0.942,0.7839511693259031,0.08339567446520191,,,0.8730111779879877,,0.873028462426585,0.12697153757341495,0.9697366058724501,0.39292626487800886,5,0.1,0.5,0.5820778638333101,0.5913084749226141,0.5737605216937057,0.576348851890007,0.5833450211419458,0.5763852302583926,0.5932427066797453,0.585048758682294,0.5927175669711728,1.0,0.5704217634369813,0.5682626968023208
5,10,0.21607077613437348,0.93548,5000,1.082842833466,0.9447779111644657,833,1.099619522071875,0.9418,0.7812747822951344,0.08270328891117469,,,0.75,,0.750002509914161,0.24999749008583905,0.9680509312133135,0.39233999184808727,5,0.1,0.5,0.584651314139886,0.5863598889432208,0.5785041141686827,0.5819040385058019,0.5717478311707487,0.5696261244120233,0.5868890637075423,0.5827712686210116,0.5898948114580839,0.5704217634369813,1.0,0.56951459190517
5,11,0.21213242957831188,0.93712,5000,1.1024648061505071,0.9399759903961584,833,1.0977970734952738,0.9424,0.7760903154909667,0.08276635862001262,,,0.7612051430512781,,0.7612218262135435,0.2387781737864565,0.9685468881444664,0.392430628101957,5,0.1,0.5,0.5823360951772532,0.5790525356491939,0.5719676032635905,0.5766290555714445,0.569285225928214,0.565735569654282,0.5789705731822515,0.5817039641278995,0.5781336222823278,0.5682626968023208,0.56951459190517,1.0
6,0,0.18869245708712443,0.94284,5000,0.843968062489121,0.9520383693045563,834,0.8617440224074708,0.9476,0.7705499068207645,0.08341946496146169,,,0.8869282919476126,,0.8869434265348125,0.1130565734651875,0.9678718692891349,0.3863083541860665,5,0.1,0.5,1.0,0.5650384510581096,0.5579797472101956,0.5618693910739403,0.5553132335507729,0.5536419059104345,0.5652664336594705,0.5551649831365677,0.5540711447007344,0.5649252925954809,0.5482611443651609,0.5621659431599025
6,1,0.18252141322335524,0.94604,5000,0.8489940519686099,0.9556354916067147,834,0.8620202531829809,0.9476,0.7807006095559994,0.0839137750501036,,,0.9599999998521743,,0.9600020079313287,0.03999799206867127,0.9680410551749399,0.38636161998709856,5,0.1,0.5,0.5650384510581096,1.0,0.5692719975797075,0.565338551675251,0.5641991191804401,0.5727669355698046,0.5759923010374863,0.5699437508226638,0.5740254836061108,0.5673761186179438,0.5511043102999456,0.561687081293965
6,2,0.19548637654667922,0.93996,5000,0.8489042277689334,0.9592326139088729,834,0.8632752626848678,0.9473,0.7733734362932644,0.08321456539420526,,,0.8566388811660751,,0.8566537824406405,0.1433462175593595,0.9674083766966407,0.38624911201204426,5,0.1,0.5,0.5579797472101956,0.5692719975797075,1.0,0.5702029722356412,0.5581992958605433,0.5598822916418652,0.5629372264207015,0.5653559283368852,0.5631629353388037,0.5567399655383036,0.553938150043312,0.5545341225929934
6,3,0.18440628287376493,0.94332,5000,0.8775743488912229,0.9388489208633094,834,0.8616627757541668,0.9476,0.7781574496933293,0.08376297277883554,,,0.9377075567670677,,0.9377240098388635,0.062275990161136496,0.9680136149980239,0.38635526694292727,5,0.1,0.5,0.5618693910739403,0.565338551675251,0.5702029722356412,1.0,0.5631017191216079,0.5673070415258425,0.5722561384174937,0.5670117754981453,0.5689021646660717,0.5643962495812105,0.5575724547457123,0.5557136255399281
6,4,0.19827245449303252,0.93952,5000,0.8603039692949366,0.9507803121248499,833,0.8619574390280361,0.9475,0.765827944725255,0.08304371185374262,,,0.8313823462702443,,0.8313990261533055,0.16860097384669448,0.9674318169152998,0.3861725163411026,5,0.1,0.5,0.5553132335507729,0.5641991191804401,0.5581992958605433,0.5631017191216079,1.0,0.5478993268828931,0.5577074353421626,0.5525341363512007,0.5543469412762938,0.5627995145379205,0.539849461657857,0.545434322319797
6,5,0.18342855771348046,0.94632,5000,0.8761465372862639,0.9411764705882353,833,0.8630298800742664,0.9474,0.7704716639120639,0.08295136724445805,,,0.8177314447991809,,0.8177501129461372,0.1822498870538628,0.9668869631841358,0.3861185881518266,5,0.1,0.5,0.5536419059104345,0.5727669355698046,0.5598822916418652,0.5673070415258425,0.5478993268828931,1.0,0.5572421533120286,0.5688310070448256,0.5645839871715528,0.5620788579665282,0.544591056185308,0.5476176121641224
6,6,0.19240364179632086,0.94312,5000,0.8514501916037666,0.9519807923169268,833,0.8623184359873446,0.9475,0.7789062980129505,0.08372353897046543,,,0.931878228592314,,0.9318959891571709,0.06810401084282913,0.9679702182480096,0.38635247746927587,5,0.1,0.5,0.5652664336594705,0.5759923010374863,0.5629372264207015,0.5722561384174937,0.5577074353421626,0.5572421533120286,1.0,0.5674154865338081,0.5631319503551618,0.5701856624261212,0.5618599856837407,0.5671246380393551
6,7,0.1850676984027559,0.94676,5000,0.8712946088225754,0.9399759903961584,833,0.8627600925037274,0.9475,0.7758694443674268,0.08346033472078615,,,0.8929698904990238,,0.892977260177702,0.10702273982229804,0.9677665909578232,0.38631718319658054,5,0.1,0.5,0.5551649831365677,0.5699437508226638,0.5653559283368852,0.5670117754981453,0.5525341363512007,0.5688310070448256,0.5674154865338081,1.0,0.5682378141362018,0.5641605137494559,0.5561160306497998,0.5594144361211636
6,8,0.1861369167924651,0.94412,5000,0.9009485862873219,0.9447779111644657,833,0.8615147732317258,0.9476,0.7758857448229864,0.0838166974220303,,,0.9456494368237535,,0.945665378244064,0.05433462175593595,0.9680426055370678,0.38635819840215224,5,0.1,0.5,0.5540711447007344,0.5740254836061108,0.5631629353388037,0.5689021646660717,0.5543469412762938,0.5645839871715528,0.5631319503551618,0.5682378141362018,1.0,0.5662212868046355,0.5550762385516083,0.5597866883831625
6,9,0.2130389846552899,0.93588,5000,0.8404146830240885,0.9399759903961584,833,0.8618070603178712,0.9476,0.7751179367146558,0.08346049411369066,,,0.8929934528580132,,0.8930023593193113,0.10699764068068873,0.9677860136143543,0.38631719908511875,5,0.1,0.5,0.5649252925954809,0.5673761186179438,0.5567399655383036,0.5643962495812105,0.5627995145379205,0.5620788579665282,0.5701856624261212,0.5641605137494559,0.5662212868046355,1.0,0.5500159399808336,0.5580054765868425
6,10,0.20080142766237258,0.94152,5000,0.8499684962961409,0.9495798319327731,833,0.8669252030003947,0.9471,0.7609249590870547,0.0824931825729535,,,0.75,,0.750002509914161,0.24999749008583905,0.9661267736677751,0.38570286384146096,5,0.1,0.5,0.5482611443651609,0.5511043102999456,0.553938150043312,0.5575724547457123,0.539849461657857,0.544591056185308,0.5618599856837407,0.5561160306497998,0.5550762385516083,0.5500159399808336,1.0,0.5406776535301622
6,11,0.19120217391058422,0.94184,5000,0.8697625199953715,0.9459783913565426,833,0.8647412998607745,0.9475,0.7667018062158829,0.0827398949172673,,,0.786470411537983,,0.7864816023292004,0.2135183976707996,0.9665647506765472,0.38595797115565605,5,0.1,0.5,0.5621659431599025,0.561687081293965,0.5545341225929934,0.5557136255399281,0.545434322319797,0.5476176121641224,0.5671246380393551,0.5594144361211636,0.5597866883831625,0.5580054765868425,0.5406776535301622,1.0
7,0,0.17582592137074868,0.94756,5000,0.6438318226072524,0.9544364508393285,834,0.6616612469045499,0.9516,0.7562759615061673,0.08335382701192982,,,0.8745773266219772,,0.8745896290346871,0.12541037096531293,0.9660676883269449,0.37861086026038415,5,0.1,0.5,1.0,0.5370512348958123,0.5320044276412169,0.5398950427944655,0.531577772254467,0.5285561495234782,0.5348854559516404,0.5298552865918119,0.5307512043339951,0.5376875038366724,0.5311467598743278,0.5393015390064406
