round,client_id,client_i_training_loss,client_i_training_accuracy,client_i_training_dataset_size,client_i_evaluation_loss,client_i_evaluation_accuracy,client_i_evaluation_dataset_size,client_i_central_evaluation_loss,client_i_central_evaluation_accuracy,client_i_cosine_similarity,client_i_importance_coefficient,client_i_tanh_val,tanh_normalization_value,client_i_q,client_i_mask_order,client_i_v_nonzero_fraction,client_i_v_sparsity,client_i_v_cosine_similarity,client_i_reward_gradient_norm,local_epochs,learning_rate,gamma,client_0_cosine_similarity,client_1_cosine_similarity,client_2_cosine_similarity,client_3_cosine_similarity,client_4_cosine_similarity,client_5_cosine_similarity,client_6_cosine_similarity,client_7_cosine_similarity,client_8_cosine_similarity,client_9_cosine_similarity,client_10_cosine_similarity,client_11_cosine_similarity
0,0,2.290969710639029,0.13213342932565394,4167,2.3020195279802596,0.14628297362110312,834,2.299733074405525,0.1577,0.9732525238447058,0.08330541230545913,,,,,,,0,0,10,0.025,0.15,1.0,0.9651642266946721,0.9339324402551032,0.9162954702905297,0.9363689335345156,0.947247377762121,0.9452053417393563,0.9333814357775706,0.9545872126719219,0.9518019983058976,0.9407356155086662,0.9457357602058223
0,1,2.290217492797158,0.13866090712742982,4167,2.2992875576019287,0.1642685851318945,834,2.299733074405525,0.1577,0.9827168981767466,0.08411551408955649,,,,,,,0,0,10,0.025,0.15,0.9651642266946721,1.0,0.9442046986566441,0.9311088887272921,0.963109166757135,0.9547569479227618,0.9519565074359685,0.9491156646330206,0.9558553862981918,0.9633658844084056,0.946558185813468,0.9558300696965514
0,2,2.286091336337003,0.14876409887209024,4167,2.299023355756487,0.14388489208633093,834,2.299733074405525,0.1577,0.9602681497843141,0.08219401664181754,,,,,,,0,0,10,0.025,0.15,0.9339324402551032,0.9442046986566441,1.0,0.8886288977689061,0.9462085701645108,0.9246482382383006,0.942489799590135,0.9107848123555087,0.9526042858837992,0.920390361896333,0.9526990414635733,0.9021654867541963
0,3,2.292435476996682,0.11600671946244301,4167,2.2976166861397878,0.18585131894484413,834,2.299733074405525,0.1577,0.9609802896907402,0.08225497215651752,,,,,,,0,0,10,0.025,0.15,0.9162954702905297,0.9311088887272921,0.8886288977689061,1.0,0.9319305245939553,0.9483892710973183,0.9459773463839459,0.9612694849859288,0.9226809005623791,0.9449377656399769,0.9011754476144759,0.9346759921935908
0,4,2.2872320305217397,0.11742260619150469,4167,2.2949942520686557,0.18847539015606243,833,2.299733074405525,0.1577,0.9810019583205303,0.08396872405480087,,,,,,,0,0,10,0.025,0.15,0.9363689335345156,0.963109166757135,0.9462085701645108,0.9319305245939553,1.0,0.9604869010755608,0.9600756593547551,0.9431413529826443,0.9619408270104226,0.967505870244588,0.9564076796320087,0.9338157317495329
0,5,2.2892899932283344,0.13657307415406766,4167,2.305488041469029,0.15726290516206481,833,2.299733074405525,0.1577,0.9789265844279688,0.083791082719616,,,,,,,0,0,10,0.025,0.15,0.947247377762121,0.9547569479227618,0.9246482382383006,0.9483892710973183,0.9604869010755608,1.0,0.9560154526446016,0.9376680078726003,0.9546658037474153,0.9608461833269819,0.9359375624496771,0.9560820165317543
0,6,2.289900516018723,0.15929925605951523,4167,2.2984960079193115,0.15606242496998798,833,2.299733074405525,0.1577,0.9803690399820629,0.08391454949902019,,,,,,,0,0,10,0.025,0.15,0.9452053417393563,0.9519565074359685,0.942489799590135,0.9459773463839459,0.9600756593547551,0.9560154526446016,1.0,0.959376759565195,0.9655749602527911,0.9509686997328758,0.9428698722866501,0.9330805309113528
0,7,2.2936882177988687,0.12152627789776818,4167,2.299158675330026,0.16926770708283315,833,2.299733074405525,0.1577,0.970087408291319,0.08303449468674316,,,,,,,0,0,10,0.025,0.15,0.9333814357775706,0.9491156646330206,0.9107848123555087,0.9612694849859288,0.9431413529826443,0.9376680078726003,0.959376759565195,1.0,0.9423521508804467,0.9500627790054402,0.9237512259710972,0.9225642289402906
0,8,2.2903152220176928,0.13216514642342775,4166,2.301673242024013,0.148859543817527,833,2.299733074405525,0.1577,0.9809206189044097,0.08396176181896732,,,,,,,0,0,10,0.025,0.15,0.9545872126719219,0.9558553862981918,0.9526042858837992,0.9226809005623791,0.9619408270104226,0.9546658037474153,0.9655749602527911,0.9423521508804467,1.0,0.954924080658928,0.9602306171510827,0.9346320061417458
0,9,2.2895880843653824,0.13226116178588573,4166,2.2987519332340787,0.13805522208883553,833,2.299733074405525,0.1577,0.9803096611315851,0.08390946697470088,,,,,,,0,0,10,0.025,0.15,0.9518019983058976,0.9633658844084056,0.920390361896333,0.9449377656399769,0.967505870244588,0.9608461833269819,0.9509686997328758,0.9500627790054402,0.954924080658928,1.0,0.9446443051980252,0.9434614702195172
0,10,2.2885238856980297,0.14325492078732596,4166,2.297907897404262,0.1404561824729892,833,2.299733074405525,0.1577,0.9688944931341474,0.08293238728236568,,,,,,,0,0,10,0.025,0.15,0.9407356155086662,0.946558185813468,0.9526990414635733,0.9011754476144759,0.9564076796320087,0.9359375624496771,0.9428698722866501,0.9237512259710972,0.9602306171510827,0.9446443051980252,1.0,0.914542072969247
0,11,2.2894624240470653,0.13230916946711474,4166,2.303363459450858,0.15366146458583432,833,2.299733074405525,0.1577,0.9652170583380444,0.08261761777043511,,,,,,,0,0,10,0.025,0.15,0.9457357602058223,0.9558300696965514,0.9021654867541963,0.9346759921935908,0.9338157317495329,0.9560820165317543,0.9330805309113528,0.9225642289402906,0.9346320061417458,0.9434614702195172,0.914542072969247,1.0
1,0,2.179111640742331,0.21535877129829614,4167,2.2912910325186595,0.17985611510791366,834,2.289068137543111,0.187,0.988529435886059,0.08331757513679638,,,,,,,0,0,10,0.025,0.15,1.0,0.9773040392144638,0.9727501741661196,0.971219673903471,0.9729948958338361,0.9753080668180839,0.9766236897533498,0.9755575176249353,0.9798615629533491,0.9752936966243451,0.9766620223928021,0.9721774359829436
1,1,2.1835713653853444,0.20736741060715141,4167,2.288965497698103,0.1906474820143885,834,2.289068137543111,0.187,0.9895924178050308,0.08385075542667898,,,,,,,0,0,10,0.025,0.15,0.9773040392144638,1.0,0.9716358853645454,0.9747529105188443,0.9803094702653334,0.9762760164680069,0.9731551264109372,0.9799975206849044,0.9788789353143595,0.9787850535436109,0.9725383093517591,0.9745008231383191
1,2,2.160446165908467,0.22630189584833213,4167,2.2880592005593434,0.19664268585131894,834,2.289068137543111,0.187,0.9851719379599508,0.08252455602670394,,,,,,,0,0,10,0.025,0.15,0.9727501741661196,0.9716358853645454,1.0,0.9659994421665076,0.9729789872427296,0.9722376614488064,0.975748517620575,0.9698056971363118,0.9764017194194504,0.967994312657466,0.9765091627838759,0.9642237593107169
1,3,2.1932464278105535,0.20626349892008639,4167,2.287210396357945,0.21342925659472423,834,2.289068137543111,0.187,0.9868538522700262,0.08261658134468287,,,,,,,0,0,10,0.025,0.15,0.971219673903471,0.9747529105188443,0.9659994421665076,1.0,0.9753023693165402,0.9760101698548669,0.9716293650274246,0.9771022994286892,0.9777806447601692,0.9761343781047462,0.9670898808696143,0.9731414002992448
1,4,2.1807351018443253,0.20962323014158868,4167,2.2842293807438443,0.20888355342136855,833,2.289068137543111,0.187,0.9891555997012544,0.08374623053364892,,,,,,,0,0,10,0.025,0.15,0.9729948958338361,0.9803094702653334,0.9729789872427296,0.9753023693165402,1.0,0.9752230132269426,0.9764962791176981,0.9803039020694695,0.9778776938428785,0.9753783105905209,0.9750290659229872,0.9711148847239854
1,5,2.185279628724763,0.2048956083513319,4167,2.295163529259818,0.18487394957983194,833,2.289068137543111,0.187,0.9894196785817349,0.08364542292833446,,,,,,,0,0,10,0.025,0.15,0.9753080668180839,0.9762760164680069,0.9722376614488064,0.9760101698548669,0.9752230132269426,1.0,0.9748039133965215,0.9746694517207168,0.9825102431976162,0.9771809296111522,0.9763270981072985,0.975674885202499
1,6,2.181093649791949,0.22534197264218864,4167,2.288073335375105,0.1872749099639856,833,2.289068137543111,0.187,0.9885857327018207,0.08369441300001963,,,,,,,0,0,10,0.025,0.15,0.9766236897533498,0.9731551264109372,0.975748517620575,0.9716293650274246,0.9764962791176981,0.9748039133965215,1.0,0.9775830831041558,0.9784984587926031,0.975009925078525,0.9744599463086079,0.9723127700072376
1,7,2.200214381651445,0.21295896328293737,4167,2.288752794265747,0.19207683073229292,833,2.289068137543111,0.187,0.9894392876155944,0.08318026688366448,,,,,,,0,0,10,0.025,0.15,0.9755575176249353,0.9799975206849044,0.9698056971363118,0.9771022994286892,0.9803039020694695,0.9746694517207168,0.9775830831041558,1.0,0.9760228239569027,0.9783850132480258,0.9737194286891167,0.9734340089487392
1,8,2.185642610174237,0.20650504080652904,4166,2.290712594985962,0.18007202881152462,833,2.289068137543111,0.187,0.9915992019873063,0.0838211230567997,,,,,,,0,0,10,0.025,0.15,0.9798615629533491,0.9788789353143595,0.9764017194194504,0.9777806447601692,0.9778776938428785,0.9825102431976162,0.9784984587926031,0.9760228239569027,1.0,0.981399361882697,0.9775163928308375,0.9752801579200147
1,9,2.188565831112139,0.20103216514642344,4166,2.2882176467350552,0.1608643457382953,833,2.289068137543111,0.187,0.9894083477975362,0.08371793873697851,,,,,,,0,0,10,0.025,0.15,0.9752936966243451,0.9787850535436109,0.967994312657466,0.9761343781047462,0.9753783105905209,0.9771809296111522,0.975009925078525,0.9783850132480258,0.981399361882697,1.0,0.9754763810951357,0.9749460312681525
1,10,2.1754576271230524,0.2156505040806529,4166,2.2877470084599087,0.1644657863145258,833,2.289068137543111,0.187,0.9878172248485076,0.08306484585256692,,,,,,,0,0,10,0.025,0.15,0.9766620223928021,0.9725383093517591,0.9765091627838759,0.9670898808696143,0.9750290659229872,0.9763270981072985,0.9744599463086079,0.9737194286891167,0.9775163928308375,0.9754763810951357,1.0,0.9721274015891818
1,11,2.1901047984759012,0.20036005760921746,4166,2.292349031993321,0.18487394957983194,833,2.289068137543111,0.187,0.9862504392200154,0.0828202910731253,,,,,,,0,0,10,0.025,0.15,0.9721774359829436,0.9745008231383191,0.9642237593107169,0.9731414002992448,0.9711148847239854,0.975674885202499,0.9723127700072376,0.9734340089487392,0.9752801579200147,0.9749460312681525,0.9721274015891818,1.0
2,0,2.0768905379555442,0.2605231581473482,4167,2.2746034349714006,0.2038369304556355,834,2.2725077460083782,0.2201,0.9855263401492899,0.08334206391095385,,,,,,,0,0,10,0.025,0.15,1.0,0.9699474047464408,0.9669771798789143,0.9677896646273116,0.9663262779046451,0.9679699955660799,0.9701953969704824,0.9702495127749541,0.9719261416070237,0.9675749208910306,0.9659162435384047,0.9635426536440694
2,1,2.0857217571952127,0.25742740580753537,4167,2.2731021472385953,0.2314148681055156,834,2.2725077460083782,0.2201,0.9857378001274516,0.0836776270246369,,,,,,,0,0,10,0.025,0.15,0.9699474047464408,1.0,0.9647420450400438,0.968669664293899,0.9704324320215411,0.9673181314372217,0.9661111781526464,0.9732413757393905,0.9728975937214372,0.9674787035267983,0.9609993434871441,0.9688875887955287
2,2,2.0624009508075134,0.2666426685865131,4167,2.2711125101361955,0.22182254196642687,834,2.2725077460083782,0.2201,0.9839666067348193,0.08280256458244858,,,,,,,0,0,10,0.025,0.15,0.9669771798789143,0.9647420450400438,1.0,0.9635569626863679,0.9652602374263676,0.9678422113080336,0.9667895092945552,0.9664504719521637,0.9720439694625459,0.9647231322323967,0.9685401950596308,0.9633978608218811
2,3,2.0992860757943355,0.2535157187425006,4167,2.2710281099591936,0.2434052757793765,834,2.2725077460083782,0.2201,0.9833874382588031,0.08284050526221243,,,,,,,0,0,10,0.025,0.15,0.9677896646273116,0.968669664293899,0.9635569626863679,1.0,0.9664883096302058,0.9655674292514272,0.9652490039856972,0.9674504950250391,0.9707873740378742,0.9653721540831545,0.9576619687008819,0.9648097070497997
2,4,2.0876174182602854,0.25476361891048716,4167,2.2677338804517473,0.25210084033613445,833,2.2725077460083782,0.2201,0.9852142904470942,0.08359620185200102,,,,,,,0,0,10,0.025,0.15,0.9663262779046451,0.9704324320215411,0.9652602374263676,0.9664883096302058,1.0,0.9687253999092784,0.9685168256649467,0.9723371350639491,0.9709135346795698,0.9658826390263162,0.9662947358518283,0.9633676513089987
2,5,2.0871590798551387,0.24847612191024718,4167,2.2790938786097934,0.2184873949579832,833,2.2725077460083782,0.2201,0.9856727564139129,0.08354893052049725,,,,,,,0,0,10,0.025,0.15,0.9679699955660799,0.9673181314372217,0.9678422113080336,0.9655674292514272,0.9687253999092784,1.0,0.9660851046888865,0.9687054533534549,0.9752722731951821,0.964492582923946,0.968278272556539,0.9698126452549023
2,6,2.078658149097905,0.2672186225101992,4167,2.272006000791277,0.22328931572629052,833,2.2725077460083782,0.2201,0.9847869456969713,0.08355039065623364,,,,,,,0,0,10,0.025,0.15,0.9701953969704824,0.9661111781526464,0.9667895092945552,0.9652490039856972,0.9685168256649467,0.9660851046888865,1.0,0.9691074866060808,0.9705977110088835,0.9672387811576724,0.9638175463766486,0.9658437392536494
2,7,2.101278704585451,0.255003599712023,4167,2.2725959164755687,0.21728691476590636,833,2.2725077460083782,0.2201,0.9862807855774129,0.08328189383287352,,,,,,,0,0,10,0.025,0.15,0.9702495127749541,0.9732413757393905,0.9664504719521637,0.9674504950250391,0.9723371350639491,0.9687054533534549,0.9691074866060808,1.0,0.9688722245767138,0.9683347640082093,0.9651506484343224,0.9674617821019658
2,8,2.0806910359498225,0.2528084493518963,4166,2.2738842964172363,0.2064825930372149,833,2.2725077460083782,0.2201,0.9885562344203698,0.08375080860379137,,,,,,,0,0,10,0.025,0.15,0.9719261416070237,0.9728975937214372,0.9720439694625459,0.9707873740378742,0.9709135346795698,0.9752722731951821,0.9705977110088835,0.9688722245767138,1.0,0.972487364128648,0.9681732091853092,0.9701137112911199
2,9,2.0910091298999207,0.24781565050408066,4166,2.271692616598947,0.20168067226890757,833,2.2725077460083782,0.2201,0.9843315141579648,0.08355011672127897,,,,,,,0,0,10,0.025,0.15,0.9675749208910306,0.9674787035267983,0.9647231322323967,0.9653721540831545,0.9658826390263162,0.964492582923946,0.9672387811576724,0.9683347640082093,0.972487364128648,1.0,0.9642395438406086,0.966318282398522
2,10,2.074009664853414,0.2623139702352376,4166,2.2717463629586354,0.20888355342136855,833,2.2725077460083782,0.2201,0.9824064421836067,0.08308502678126237,,,,,,,0,0,10,0.025,0.15,0.9659162435384047,0.9609993434871441,0.9685401950596308,0.9576619687008819,0.9662947358518283,0.968278272556539,0.9638175463766486,0.9651506484343224,0.9681732091853092,0.9642395438406086,1.0,0.9626037118915156
2,11,2.0966472539034755,0.24536725876140184,4166,2.2751801695142473,0.21248499399759904,833,2.2725077460083782,0.2201,0.983627194961675,0.08297387025181012,,,,,,,0,0,10,0.025,0.15,0.9635426536440694,0.9688875887955287,0.9633978608218811,0.9648097070497997,0.9633676513089987,0.9698126452549023,0.9658437392536494,0.9674617821019658,0.9701137112911199,0.966318282398522,0.9626037118915156,1.0
3,0,2.009549988038612,0.286729061675066,4167,2.2512070451463972,0.22541966426858512,834,2.249674033515061,0.241,0.9808334137533182,0.08335343160003984,,,,,,,0,0,10,0.025,0.15,1.0,0.9606396244845471,0.956853925408723,0.9579391481794979,0.9584014529776075,0.9581153365726094,0.9593410050063993,0.9609814439524109,0.9634485329158876,0.9562087156709047,0.9539414497340916,0.9531915025428565
3,1,2.0190146200584644,0.28312934965202785,4167,2.2512097699301585,0.2577937649880096,834,2.249674033515061,0.241,0.9813732818697016,0.08357822157371086,,,,,,,0,0,10,0.025,0.15,0.9606396244845471,1.0,0.9542080906486538,0.9598421014077338,0.9618994171129491,0.9571803945047732,0.9550965171838095,0.9658478624936113,0.9653522937306428,0.9576222468153256,0.9476074053556167,0.9599559738087242
3,2,1.9954691431739113,0.2935445164386849,4167,2.2479369980948314,0.2302158273381295,834,2.249674033515061,0.241,0.9785186494944138,0.08294499908234562,,,,,,,0,0,10,0.025,0.15,0.956853925408723,0.9542080906486538,1.0,0.9535266597487471,0.9538807077917135,0.9566922983436862,0.9562694635251532,0.9550876244798275,0.9622208508938798,0.9525543490659023,0.9561832325678464,0.9546834679691344
3,3,2.031571308410529,0.2786897048236141,4167,2.249032803944179,0.26139088729016785,834,2.249674033515061,0.241,0.9796358006444942,0.08300474391090419,,,,,,,0,0,10,0.025,0.15,0.9579391481794979,0.9598421014077338,0.9535266597487471,1.0,0.9570791889607416,0.9561128827051026,0.9575494208684683,0.957705295731104,0.9639289208719538,0.9566012014977794,0.9473884536847775,0.9575424515385123
3,4,2.0215440544215117,0.2833693304535637,4167,2.245206219809396,0.2689075630252101,833,2.249674033515061,0.241,0.9812302777110901,0.08352328557616887,,,,,,,0,0,10,0.025,0.15,0.9584014529776075,0.9618994171129491,0.9538807077917135,0.9570791889607416,1.0,0.9608646551682221,0.9582982473141675,0.9636386018549051,0.9621323309323153,0.9561927925594264,0.9556205577169735,0.9555862652340178
3,5,2.022164326725584,0.2748500119990401,4167,2.256741319383894,0.23769507803121248,833,2.249674033515061,0.241,0.9810982015680612,0.08348979798370135,,,,,,,0,0,10,0.025,0.15,0.9581153365726094,0.9571803945047732,0.9566922983436862,0.9561128827051026,0.9608646551682221,1.0,0.9563339210532239,0.9576004160224711,0.9663953908404257,0.9525605791059082,0.9574501261456709,0.9628144161342991
3,6,2.009312435713681,0.29119270458363333,4167,2.249958344868251,0.2460984393757503,833,2.249674033515061,0.241,0.9802733201599341,0.08346388704837923,,,,,,,0,0,10,0.025,0.15,0.9593410050063993,0.9550965171838095,0.9562694635251532,0.9575494208684683,0.9582982473141675,0.9563339210532239,1.0,0.9620529766216659,0.9615343558489906,0.9586246482035047,0.9516069552284634,0.955693294518481
3,7,2.0348156968752544,0.2818334533237341,4167,2.2504518032073975,0.23769507803121248,833,2.249674033515061,0.241,0.9820315149283074,0.08335521513507123,,,,,,,0,0,10,0.025,0.15,0.9609814439524109,0.9658478624936113,0.9550876244798275,0.957705295731104,0.9636386018549051,0.9576004160224711,0.9620529766216659,1.0,0.9600107710157274,0.9583198803886173,0.9526243772281988,0.9592940033474714
3,8,2.0141629132357513,0.2799807969275084,4166,2.2506213188171387,0.22929171668667467,833,2.249674033515061,0.241,0.9850060242251598,0.08374150004864843,,,,,,,0,0,10,0.025,0.15,0.9634485329158876,0.9653522937306428,0.9622208508938798,0.9639289208719538,0.9621323309323153,0.9663953908404257,0.9615343558489906,0.9600107710157274,1.0,0.9635983224661515,0.9565679243211131,0.9628231664131639
3,9,2.0257854916832665,0.27602016322611617,4166,2.2487587588174,0.22929171668667467,833,2.249674033515061,0.241,0.979069385156393,0.08342458405475926,,,,,,,0,0,10,0.025,0.15,0.9562087156709047,0.9576222468153256,0.9525543490659023,0.9566012014977794,0.9561927925594264,0.9525605791059082,0.9586246482035047,0.9583198803886173,0.9635983224661515,1.0,0.9501114103603711,0.9558033445010325
3,10,2.0089551997907233,0.28662986077772445,4166,2.249633925301688,0.22208883553421369,833,2.249674033515061,0.241,0.9756987852242452,0.08302778643680657,,,,,,,0,0,10,0.025,0.15,0.9539414497340916,0.9476074053556167,0.9561832325678464,0.9473884536847775,0.9556205577169735,0.9574501261456709,0.9516069552284634,0.9526243772281988,0.9565679243211131,0.9501114103603711,1.0,0.9497434046347996
3,11,2.033627731149847,0.271867498799808,4166,2.2514073848724365,0.2460984393757503,833,2.249674033515061,0.241,0.9798031071815857,0.08309254754946453,,,,,,,0,0,10,0.025,0.15,0.9531915025428565,0.9599559738087242,0.9546834679691344,0.9575424515385123,0.9555862652340178,0.9628144161342991,0.955693294518481,0.9592940033474714,0.9628231664131639,0.9558033445010325,0.9497434046347996,1.0
4,0,1.957502281665802,0.3032877369810415,4167,2.222146374838693,0.2434052757793765,834,2.2211247969277297,0.2594,0.9770400646446723,0.08335163207594402,,,,,,,0,0,10,0.025,0.15,1.0,0.9523378503822353,0.9490614530219772,0.9502015831866818,0.9498813640086091,0.9519426107569916,0.9538690457013169,0.9529582599300019,0.9548041918507851,0.9474811182080438,0.9454347867420811,0.9451726803689362
4,1,1.9687723297061341,0.30167986561075116,4167,2.2237934044429233,0.2685851318944844,834,2.2211247969277297,0.2594,0.9766839061822077,0.08347905902210558,,,,,,,0,0,10,0.025,0.15,0.9523378503822353,1.0,0.9463682177075204,0.9520706220968832,0.9520887171521881,0.948637664780765,0.947736580504309,0.9541091763770967,0.9564825815866903,0.9482206035469354,0.9390048639888494,0.951776246673061
4,2,1.9459426153789867,0.3074394048476122,4167,2.2187140669141496,0.2565947242206235,834,2.2211247969277297,0.2594,0.9740346678517954,0.08300121532121463,,,,,,,0,0,10,0.025,0.15,0.9490614530219772,0.9463682177075204,1.0,0.9440744542914221,0.9422279845677283,0.9480600362395435,0.951780794645412,0.9465631276252618,0.951331859045144,0.9438613286308458,0.9487873244791761,0.9461066715860366
4,3,1.9778594660036493,0.2943844492440605,4167,2.221887077604021,0.2673860911270983,834,2.2211247969277297,0.2594,0.976223826479535,0.08310942038816425,,,,,,,0,0,10,0.025,0.15,0.9502015831866818,0.9520706220968832,0.9440744542914221,1.0,0.9486390369620115,0.9485626312436377,0.95242043494782,0.9485962109989338,0.9552276438133405,0.9519373867713155,0.9387654621437889,0.953271730356626
4,4,1.971030672752496,0.2998080153587713,4167,2.216982330594744,0.28691476590636256,833,2.2211247969277297,0.2594,0.9771574296815869,0.08346049725628935,,,,,,,0,0,10,0.025,0.15,0.9498813640086091,0.9520887171521881,0.9422279845677283,0.9486390369620115,1.0,0.9545013712130157,0.952546656380675,0.9546789256878682,0.9549312426610761,0.9480936689274233,0.9482511240629787,0.9485568476035431
4,5,1.9695880033753135,0.2915046796256299,4167,2.228585583823068,0.25090036014405764,833,2.2211247969277297,0.2594,0.9784447864531253,0.08348169007563828,,,,,,,0,0,10,0.025,0.15,0.9519426107569916,0.948637664780765,0.9480600362395435,0.9485626312436377,0.9545013712130157,1.0,0.9528295254211504,0.9514525660928306,0.9589497856277962,0.9471119041094328,0.9503096647196206,0.9571991775115856
4,6,1.955704428210403,0.30928725701943843,4167,2.222144229071481,0.2581032412965186,833,2.2211247969277297,0.2594,0.978620842198363,0.0834713961897428,,,,,,,0,0,10,0.025,0.15,0.9538690457013169,0.947736580504309,0.951780794645412,0.95242043494782,0.952546656380675,0.9528295254211504,1.0,0.955953970178797,0.9544199985986827,0.9524015380930577,0.9463291348626977,0.9513706820298408
4,7,1.9834979339079424,0.29875209983201345,4167,2.222637891769409,0.25570228091236497,833,2.2211247969277297,0.2594,0.9780570373785169,0.0833858371750791,,,,,,,0,0,10,0.025,0.15,0.9529582599300019,0.9541091763770967,0.9465631276252618,0.9485962109989338,0.9546789256878682,0.9514525660928306,0.955953970178797,1.0,0.9523372357051537,0.9505190015119223,0.9455528509627538,0.952337375773741
4,8,1.9601827769568472,0.2970475276044167,4166,2.221709966659546,0.24489795918367346,833,2.2211247969277297,0.2594,0.9809245611848091,0.08371806918598253,,,,,,,0,0,10,0.025,0.15,0.9548041918507851,0.9564825815866903,0.951331859045144,0.9552276438133405,0.9549312426610761,0.9589497856277962,0.9544199985986827,0.9523372357051537,1.0,0.9567250239627821,0.9478131722872282,0.9554684595136943
4,9,1.9703786539308952,0.29243879020643304,4166,2.2200189317975725,0.2533013205282113,833,2.2211247969277297,0.2594,0.9758185600958647,0.08335587629003642,,,,,,,0,0,10,0.025,0.15,0.9474811182080438,0.9482206035469354,0.9438613286308458,0.9519373867713155,0.9480936689274233,0.9471119041094328,0.9524015380930577,0.9505190015119223,0.9567250239627821,1.0,0.9430002602309897,0.9494341070688859
4,10,1.9582516825560368,0.30638502160345654,4166,2.2221170493534634,0.24969987995198079,833,2.2211247969277297,0.2594,0.9722009669688945,0.08299272829375687,,,,,,,0,0,10,0.025,0.15,0.9454347867420811,0.9390048639888494,0.9487873244791761,0.9387654621437889,0.9482511240629787,0.9503096647196206,0.9463291348626977,0.9455528509627538,0.9478131722872282,0.9430002602309897,1.0,0.943431279429244
4,11,1.9837404009067652,0.2928948631781085,4166,2.2215399060930525,0.2773109243697479,833,2.2211247969277297,0.2594,0.9771103741664272,0.0831925787260462,,,,,,,0,0,10,0.025,0.15,0.9451726803689362,0.951776246673061,0.9461066715860366,0.953271730356626,0.9485568476035431,0.9571991775115856,0.9513706820298408,0.952337375773741,0.9554684595136943,0.9494341070688859,0.943431279429244,1.0
5,0,1.914432911078135,0.3194624430045596,4167,2.187923329217093,0.2637889688249401,834,2.1875161943556387,0.2817,0.9732969716044396,0.08332141964040829,,,,,,,0,0,10,0.025,0.15,1.0,0.9469307359942876,0.9421788948426059,0.941949764209572,0.9438145228322453,0.9438277375216397,0.9460117121963459,0.9469900176755618,0.9484866806886945,0.938215183314405,0.9408188588935714,0.9367628601571284
5,1,1.9250082012378809,0.3163666906647468,4167,2.1916326454707553,0.2949640287769784,834,2.1875161943556387,0.2817,0.9742162844555712,0.08343027037786117,,,,,,,0,0,10,0.025,0.15,0.9469307359942876,1.0,0.9394256035370242,0.9470962009619575,0.9470155630495005,0.9432550764703871,0.9403418494133529,0.9488025420870346,0.9512123945145421,0.9426852625309882,0.9344903483517015,0.9453774636126385
5,2,1.9060757590062691,0.32404607631389487,4167,2.1843185084206715,0.2805755395683453,834,2.1875161943556387,0.2817,0.9711447597705525,0.08303433365111378,,,,,,,0,0,10,0.025,0.15,0.9421788948426059,0.9394256035370242,1.0,0.9372196769265654,0.936591479455184,0.9422827506608589,0.945837465563739,0.939978591365543,0.9454539026597778,0.9371586776862298,0.9444003604934713,0.9406015730897285
5,3,1.9346648508852178,0.3076313894888409,4167,2.190188544137137,0.2841726618705036,834,2.1875161943556387,0.2817,0.9739708721265429,0.08319341827859181,,,,,,,0,0,10,0.025,0.15,0.941949764209572,0.9470962009619575,0.9372196769265654,1.0,0.9444829530488056,0.9441648831626858,0.946223615369008,0.9439821800904776,0.9476989577351257,0.9463450272727457,0.9353758413365252,0.9494737874072665
5,4,1.928231444864562,0.31655867530597553,4167,2.1840670789991106,0.30732292917166865,833,2.1875161943556387,0.2817,0.975057108718641,0.08344617720641839,,,,,,,0,0,10,0.025,0.15,0.9438145228322453,0.9470155630495005,0.936591479455184,0.9444829530488056,1.0,0.9496581382439859,0.9472229213167498,0.9484979737763903,0.9499457090048545,0.9429394455370642,0.9441600240300307,0.9421434155924963
5,5,1.9247455672784286,0.307391408687305,4167,2.1952736718314037,0.2725090036014406,833,2.1875161943556387,0.2817,0.975543473325891,0.0834751469864401,,,,,,,0,0,10,0.025,0.15,0.9438277375216397,0.9432550764703871,0.9422827506608589,0.9441648831626858,0.9496581382439859,1.0,0.945171025906618,0.9450848886982699,0.9530105939216148,0.9411988027705538,0.9441533437091654,0.9503709549162812
5,6,1.912143352537444,0.32152627789776816,4167,2.189211470740182,0.27611044417767105,833,2.1875161943556387,0.2817,0.9749627984961821,0.08344985190209352,,,,,,,0,0,10,0.025,0.15,0.9460117121963459,0.9403418494133529,0.945837465563739,0.946223615369008,0.9472229213167498,0.945171025906618,1.0,0.9495955168621464,0.946731902460517,0.9437162640595497,0.9398214218021733,0.9447505416242725
5,7,1.9370769291213064,0.3118790496760259,4167,2.189485822405134,0.28331332533013204,833,2.1875161943556387,0.2817,0.9754459354069615,0.08341262302482111,,,,,,,0,0,10,0.025,0.15,0.9469900176755618,0.9488025420870346,0.939978591365543,0.9439821800904776,0.9484979737763903,0.9450848886982699,0.9495955168621464,1.0,0.94677352181534,0.9444706434985415,0.9402662353127103,0.9466393002597758
5,8,1.9180220022346035,0.3129380700912146,4166,2.1875969682421004,0.2737094837935174,833,2.1875161943556387,0.2817,0.978049621357744,0.08370316194552917,,,,,,,0,0,10,0.025,0.15,0.9484866806886945,0.9512123945145421,0.9454539026597778,0.9476989577351257,0.9499457090048545,0.9530105939216148,0.946731902460517,0.94677352181534,1.0,0.9492842792467329,0.9424736374192431,0.9502594936916761
5,9,1.925279469201059,0.30818530964954394,4166,2.1861343724387035,0.2797118847539016,833,2.1875161943556387,0.2817,0.9723443819397187,0.08329300638115751,,,,,,,0,0,10,0.025,0.15,0.938215183314405,0.9426852625309882,0.9371586776862298,0.9463450272727457,0.9429394455370642,0.9411988027705538,0.9437162640595497,0.9444706434985415,0.9492842792467329,1.0,0.9369030917655276,0.9419327870620636
5,10,1.9148840723615703,0.32237157945271244,4166,2.189788579940796,0.27010804321728693,833,2.1875161943556387,0.2817,0.9700923747069766,0.08299478614988189,,,,,,,0,0,10,0.025,0.15,0.9408188588935714,0.9344903483517015,0.9444003604934713,0.9353758413365252,0.9441600240300307,0.9441533437091654,0.9398214218021733,0.9402662353127103,0.9424736374192431,0.9369030917655276,1.0,0.9359759147651115
5,11,1.939466031031175,0.30619299087854057,4166,2.1864291599818637,0.29411764705882354,833,2.1875161943556387,0.2817,0.9739984971570053,0.08324580445568311,,,,,,,0,0,10,0.025,0.15,0.9367628601571284,0.9453774636126385,0.9406015730897285,0.9494737874072665,0.9421434155924963,0.9503709549162812,0.9447505416242725,0.9466393002597758,0.9502594936916761,0.9419327870620636,0.9359759147651115,1.0
6,0,1.8774089939666516,0.3310775137988961,4167,2.1498729501451765,0.28896882494004794,834,2.1499812029585055,0.3011,0.9684150214219511,0.0832417398523943,,,,,,,0,0,10,0.025,0.15,1.0,0.9379124570725901,0.9345765842797019,0.9341738764276811,0.9344374318147466,0.9350512578532486,0.9391549625483476,0.9385544588365488,0.9394716084209292,0.929837459178661,0.9329450881473134,0.9278207079259387
6,1,1.885793760689822,0.3287257019438445,4167,2.1557510920933316,0.3069544364508393,834,2.1499812029585055,0.3011,0.9719219104075715,0.08342362231793539,,,,,,,0,0,10,0.025,0.15,0.9379124570725901,1.0,0.9345462309596272,0.9418138504328603,0.9413837672426989,0.9381196529330481,0.9355138901987263,0.9424590194041107,0.9473119887129324,0.9371900003442737,0.9276974439383641,0.9407292650635087
6,2,1.8677753267866193,0.33491720662347013,4167,2.1459882940564836,0.31534772182254195,834,2.1499812029585055,0.3011,0.9693069307070304,0.08309288394301505,,,,,,,0,0,10,0.025,0.15,0.9345765842797019,0.9345462309596272,1.0,0.9341452090842223,0.9315327307682372,0.936936260700546,0.9411759133902946,0.9348665251368079,0.9380049034648431,0.9350807184102575,0.9370126315724058,0.9367162951130069
6,3,1.8924326647411693,0.31970242380609554,4167,2.1549320220947266,0.3117505995203837,834,2.1499812029585055,0.3011,0.971434362975211,0.08326090064310868,,,,,,,0,0,10,0.025,0.15,0.9341738764276811,0.9418138504328603,0.9341452090842223,1.0,0.93696038424343,0.93770056347716,0.941544557833152,0.9384253595003109,0.9416857063331017,0.9410088397749115,0.9277170275139036,0.9440171441319264
6,4,1.8882486527616327,0.32742980561555074,4167,2.147513048989432,0.3277310924369748,833,2.1499812029585055,0.3011,0.9715431175371502,0.08342112449585784,,,,,,,0,0,10,0.025,0.15,0.9344374318147466,0.9413837672426989,0.9315327307682372,0.93696038424343,1.0,0.9442977970282144,0.9416389992807895,0.9408465139966284,0.9440146099998752,0.9358113621431646,0.9347299682752545,0.9345982088373209
6,5,1.8884499112764994,0.32078233741300693,4167,2.158118656703404,0.28211284513805523,833,2.1499812029585055,0.3011,0.9725937176153154,0.08347335692090804,,,,,,,0,0,10,0.025,0.15,0.9350512578532486,0.9381196529330481,0.936936260700546,0.93770056347716,0.9442977970282144,1.0,0.941726212970622,0.9380156109897623,0.9463186498896299,0.934924687860648,0.936450964824413,0.9429645606341389
6,6,1.8697545246644454,0.33422126229901605,4167,2.1520188535962785,0.2893157262905162,833,2.1499812029585055,0.3011,0.9727756908078322,0.08346361420080417,,,,,,,0,0,10,0.025,0.15,0.9391549625483476,0.9355138901987263,0.9411759133902946,0.941544557833152,0.9416389992807895,0.941726212970622,1.0,0.9435453114215286,0.939745842367109,0.9399857878353907,0.9315995905932851,0.9390446044885118
6,7,1.8975109934806824,0.3243820494360451,4167,2.1521898678370883,0.30732292917166865,833,2.1499812029585055,0.3011,0.972318223137811,0.08342561282797432,,,,,,,0,0,10,0.025,0.15,0.9385544588365488,0.9424590194041107,0.9348665251368079,0.9384253595003109,0.9408465139966284,0.9380156109897623,0.9435453114215286,1.0,0.9410658347787709,0.9389242889025206,0.9313889251013892,0.9412450636939395
6,8,1.8754808472864555,0.3243158905424868,4166,2.149320977074759,0.2965186074429772,833,2.1499812029585055,0.3011,0.9748878131580954,0.08368953823612704,,,,,,,0,0,10,0.025,0.15,0.9394716084209292,0.9473119887129324,0.9380049034648431,0.9416857063331017,0.9440146099998752,0.9463186498896299,0.939745842367109,0.9410658347787709,1.0,0.9454119748868134,0.9330839234115591,0.9429672321176753
6,9,1.8868385325778614,0.31932309169467116,4166,2.148256369999477,0.290516206482593,833,2.1499812029585055,0.3011,0.9702361252851714,0.08328353986065964,,,,,,,0,0,10,0.025,0.15,0.929837459178661,0.9371900003442737,0.9350807184102575,0.9410088397749115,0.9358113621431646,0.934924687860648,0.9399857878353907,0.9389242889025206,0.9454119748868134,1.0,0.9302552532463939,0.9367319984941764
6,10,1.8756102121237552,0.3316130580892943,4166,2.1536195959363664,0.290516206482593,833,2.1499812029585055,0.3011,0.965504285916757,0.08294431112155216,,,,,,,0,0,10,0.025,0.15,0.9329450881473134,0.9276974439383641,0.9370126315724058,0.9277170275139036,0.9347299682752545,0.936450964824413,0.9315995905932851,0.9313889251013892,0.9330839234115591,0.9302552532463939,1.0,0.9274545418927339
6,11,1.8999420108217182,0.31812289966394625,4166,2.147301197052002,0.30612244897959184,833,2.1499812029585055,0.3011,0.9710169662615389,0.08327975557966336,,,,,,,0,0,10,0.025,0.15,0.9278207079259387,0.9407292650635087,0.9367162951130069,0.9440171441319264,0.9345982088373209,0.9429645606341389,0.9390446044885118,0.9412450636939395,0.9429672321176753,0.9367319984941764,0.9274545418927339,1.0
7,0,1.8398172790353948,0.3404127669786417,4167,2.1091401236397878,0.30935251798561153,834,2.109308309192899,0.3217,0.9650802768667059,0.08318476195010514,,,,,,,0,0,10,0.025,0.15,1.0,0.9330097635888509,0.9251167363854079,0.9237746262772493,0.9300775008338156,0.9301056291871397,0.9317044122067342,0.9311330222915554,0.9352015309523543,0.9241702210892259,0.9246098872256896,0.920231240412837
7,1,1.850073927821535,0.33938084953203745,4167,2.1165084498269215,0.3261390887290168,834,2.109308309192899,0.3217,0.9692000427186536,0.08343220981694992,,,,,,,0,0,10,0.025,0.15,0.9330097635888509,1.0,0.9281073462449096,0.9352040535792054,0.9358093848526794,0.9321945834888001,0.9283584402892973,0.934188429938159,0.9410124546135377,0.9308185783826534,0.9236723728375092,0.9344576632968145
7,2,1.8309297991521432,0.3476841852651788,4167,2.1044424261365617,0.3405275779376499,834,2.109308309192899,0.3217,0.9651624891462179,0.08309506473123175,,,,,,,0,0,10,0.025,0.15,0.9251167363854079,0.9281073462449096,1.0,0.9260566530526744,0.9250254343775987,0.9303169289666311,0.9333009144424506,0.9256832516194217,0.9323219281987484,0.9277970494923306,0.9301673364493324,0.9263898074557393
7,3,1.8565961010528333,0.3280777537796976,4167,2.1170803138187955,0.3333333333333333,834,2.109308309192899,0.3217,0.9684545897105481,0.08330687232718945,,,,,,,0,0,10,0.025,0.15,0.9237746262772493,0.9352040535792054,0.9260566530526744,1.0,0.9326371114307278,0.9331158356008872,0.93551140110876,0.9309203542748106,0.9358474928427276,0.935282247543184,0.9223260385123563,0.9376242048713974
7,4,1.8495348850886026,0.33933285337173025,4167,2.1079817840031216,0.3469387755102041,833,2.109308309192899,0.3217,0.9691867458887411,0.08343022529560329,,,,,,,0,0,10,0.025,0.15,0.9300775008338156,0.9358093848526794,0.9250254343775987,0.9326371114307278,1.0,0.9387513017762964,0.9355715073929549,0.9321064980499192,0.9389944108187389,0.9294924617438513,0.9307831884978764,0.9274339334119556
7,5,1.849725011623267,0.3320854331653468,4167,2.117239236831665,0.304921968787515,833,2.109308309192899,0.3217,0.9704296634988072,0.08350324043188466,,,,,,,0,0,10,0.025,0.15,0.9301056291871397,0.9321945834888001,0.9303169289666311,0.9331158356008872,0.9387513017762964,1.0,0.936851980781129,0.9312704799179183,0.9401161134854108,0.9303688674512747,0.9302536578063274,0.9377535586128338
7,6,1.8358031511306763,0.3439644828413727,4167,2.110872438975743,0.30612244897959184,833,2.109308309192899,0.3217,0.9696232495497461,0.0834708531513953,,,,,,,0,0,10,0.025,0.15,0.9317044122067342,0.9283584402892973,0.9333009144424506,0.93551140110876,0.9355715073929549,0.936851980781129,1.0,0.9364391674729917,0.9336374462212726,0.9321172282448984,0.9260095522665068,0.9322576130046349
7,7,1.8607123974597815,0.3353731701463883,4167,2.1116246495928084,0.32533013205282113,833,2.109308309192899,0.3217,0.9680283216522308,0.08339517196260501,,,,,,,0,0,10,0.025,0.15,0.9311330222915554,0.934188429938159,0.9256832516194217,0.9309203542748106,0.9321064980499192,0.9312704799179183,0.9364391674729917,1.0,0.9324992320496819,0.9305221454237284,0.9235620406234849,0.934913691806832
7,8,1.8388225450660243,0.33773403744599134,4166,2.107516186577933,0.31932773109243695,833,2.109308309192899,0.3217,0.9721597746706332,0.08369391888016742,,,,,,,0,0,10,0.025,0.15,0.9352015309523543,0.9410124546135377,0.9323219281987484,0.9358474928427276,0.9389944108187389,0.9401161134854108,0.9336374462212726,0.9324992320496819,1.0,0.9401275105082957,0.9255081158943984,0.9357621262842627
7,9,1.8516094789360509,0.3301488238118099,4166,2.1070941856929233,0.31212484993997597,833,2.109308309192899,0.3217,0.9671007152003824,0.0832766995495194,,,,,,,0,0,10,0.025,0.15,0.9241702210892259,0.9308185783826534,0.9277970494923306,0.935282247543184,0.9294924617438513,0.9303688674512747,0.9321172282448984,0.9305221454237284,0.9401275105082957,1.0,0.9242273972047583,0.927641902909715
7,10,1.8436009183074489,0.3441430628900624,4166,2.1147697993687222,0.3085234093637455,833,2.109308309192899,0.3217,0.9628040704783081,0.0829258222176234,,,,,,,0,0,10,0.025,0.15,0.9246098872256896,0.9236723728375092,0.9301673364493324,0.9223260385123563,0.9307831884978764,0.9302536578063274,0.9260095522665068,0.9235620406234849,0.9255081158943984,0.9242273972047583,1.0,0.921928836576204
7,11,1.8636600772539775,0.3302688430148824,4166,2.1052187851497104,0.3277310924369748,833,2.109308309192899,0.3217,0.9674316207460038,0.08328515968572515,,,,,,,0,0,10,0.025,0.15,0.920231240412837,0.9344576632968145,0.9263898074557393,0.9376242048713974,0.9274339334119556,0.9377535586128338,0.9322576130046349,0.934913691806832,0.9357621262842627,0.927641902909715,0.921928836576204,1.0
8,0,1.8068731448867104,0.35305975521958244,4167,2.0654914719717845,0.31654676258992803,834,2.0657329740403574,0.3331,0.962169624235862,0.083166627128853,,,,,,,0,0,10,0.025,0.15,1.0,0.9258071338625178,0.9208905679511983,0.916458455167253,0.924608672221168,0.9223951482283039,0.9242724938965384,0.9236174464538023,0.928157961962267,0.915899465158386,0.9193749270378136,0.9141435241471667
8,1,1.8193232048641552,0.34864410847132227,4167,2.0744169780186246,0.3381294964028777,834,2.0657329740403574,0.3331,0.965266578513506,0.08342170126356381,,,,,,,0,0,10,0.025,0.15,0.9258071338625178,1.0,0.9210194907640188,0.9253628930845119,0.9281610659188912,0.9234013774218551,0.9207718704133266,0.9273329040489435,0.9329657220267052,0.9227754281871805,0.9177512379324072,0.925881337208403
8,2,1.7999219731851057,0.35977921766258697,4167,2.0600950036730086,0.35851318944844124,834,2.0657329740403574,0.3331,0.962904011746716,0.08313490471294623,,,,,,,0,0,10,0.025,0.15,0.9208905679511983,0.9210194907640188,1.0,0.9177012815193105,0.9199115164792384,0.9255364002131914,0.9259734638716155,0.9211661093495166,0.9252213249861831,0.9208070838366348,0.9244267139324439,0.9216055450754947
8,3,1.819920293490092,0.34086873050155986,4167,2.076657465526036,0.34292565947242204,834,2.0657329740403574,0.3331,0.9640101780542609,0.08330271475888607,,,,,,,0,0,10,0.025,0.15,0.916458455167253,0.9253628930845119,0.9177012815193105,1.0,0.9242716176559449,0.9255786078245589,0.9278240283198377,0.9232791817725647,0.9261226665901389,0.9264273559537414,0.9140855057735232,0.929671989010606
