round,client_id,client_i_training_loss,client_i_training_accuracy,client_i_training_dataset_size,client_i_evaluation_loss,client_i_evaluation_accuracy,client_i_evaluation_dataset_size,client_i_central_evaluation_loss,client_i_central_evaluation_accuracy,client_i_cosine_similarity,client_i_importance_coefficient,client_i_tanh_val,tanh_normalization_value,client_i_q,client_i_mask_order,client_i_v_nonzero_fraction,client_i_v_sparsity,client_i_v_cosine_similarity,client_i_reward_gradient_norm,local_epochs,learning_rate,gamma,client_0_cosine_similarity,client_1_cosine_similarity,client_2_cosine_similarity,client_3_cosine_similarity,client_4_cosine_similarity,client_5_cosine_similarity,client_6_cosine_similarity,client_7_cosine_similarity,client_8_cosine_similarity,client_9_cosine_similarity,client_10_cosine_similarity,client_11_cosine_similarity
0,0,2.2862823392405653,0.1609311255099592,4167,2.3016180992126465,0.14028776978417265,834,2.298495208160787,0.1391,0.9820490352570512,0.08359037659151237,,,0.886854502533519,,0.8868973940024096,0.11310260599759037,0,0.1468467887133684,10,0.025,0.15,1.0,0.9534554119717961,0.954207139383916,0.9595473131377866,0.9617799787882471,0.9554886784706804,0.9617164779854595,0.9551005396926705,0.9576476498475741,0.9618846509945147,0.9548980349529156,0.9617267557997145
0,1,2.2849879922288836,0.15209983201343893,4167,2.2986205986567905,0.14148681055155876,834,2.298495184017133,0.1391,0.9821044562750821,0.08359509393616826,,,0.8880324552772296,,0.8880691851925203,0.11193081480747968,0,0.14684688825558914,10,0.025,0.15,0.9534554119717961,1.0,0.9489369394505683,0.9631460464293294,0.96185104338683,0.9637952404390613,0.9440543374191289,0.9435108541896949,0.9620097028376225,0.9623765335655825,0.9667516702609386,0.968221472279752
0,2,2.2883460023186424,0.141036717062635,4167,2.2999483176640103,0.14388489208633093,834,2.2985072105745727,0.139,0.9766493856864437,0.08313076742245379,,,0.7720869964003227,,0.7721196217259989,0.2278803782740011,0,0.1467708144157862,10,0.025,0.15,0.954207139383916,0.9489369394505683,1.0,0.9505787864514765,0.9543801809013225,0.9547186305182545,0.9478758140854676,0.9638062873928108,0.9431269155285218,0.9350029089165965,0.9573143740897897,0.9640639694748773
0,3,2.2842881990201547,0.1410127189824814,4167,2.2934599944523404,0.17266187050359713,834,2.29849523230444,0.1391,0.981784433837258,0.08356785415980776,,,0.8812304995918714,,0.8812777475202588,0.11872225247974122,0,0.14684612499769759,10,0.025,0.15,0.9595473131377866,0.9631460464293294,0.9505787864514765,1.0,0.9658483833121048,0.958516451737363,0.9435844174798731,0.9545681794614512,0.9665515852820695,0.9523374409302404,0.9544282932860605,0.9652379296900309
0,4,2.281177874767419,0.12512598992080634,4167,2.2948916299002513,0.16326530612244897,833,2.29849524135831,0.1391,0.9830372943735309,0.083674495559864,,,0.907859575682926,,0.9079071149180571,0.09209288508194291,0,0.14684930775363464,10,0.025,0.15,0.9617799787882471,0.96185104338683,0.9543801809013225,0.9658483833121048,1.0,0.9465505108929075,0.9550344877759318,0.9506373695752004,0.9751490192454522,0.9515048264332511,0.9574405850267289,0.968889772266593
0,5,2.2854597452915075,0.15065994720422365,4167,2.2999942983899797,0.1368547418967587,833,2.298505152328105,0.139,0.9778721869463142,0.08323485022701801,,,0.7980771739584699,,0.7981135812249344,0.20188641877506563,0,0.14678427207969227,10,0.025,0.15,0.9554886784706804,0.9637952404390613,0.9547186305182545,0.958516451737363,0.9465505108929075,1.0,0.926907289907779,0.949681063134686,0.9513821698579116,0.95902920690296,0.9602471729931829,0.962068246394784
0,6,2.2844659220088612,0.132829373650108,4167,2.3000103064945767,0.13565426170468187,833,2.2986226806157752,0.1444,0.9685529348047653,0.08244161102195183,,,0.6,,0.6000148536911423,0.39998514630885773,0,0.1463380652546931,10,0.025,0.15,0.9617164779854595,0.9440543374191289,0.9478758140854676,0.9435844174798731,0.9550344877759318,0.926907289907779,1.0,0.9399280961030976,0.9397963245677672,0.9384004447196328,0.9314547834255507,0.9501376165190852
0,7,2.287893183303602,0.16455483561315096,4167,2.301935774939401,0.12004801920768307,833,2.298514680017399,0.1389,0.9749355523350013,0.08298488878491236,,,0.7356601177481181,,0.735695070224951,0.26430492977504905,0,0.14673826396337852,10,0.025,0.15,0.9551005396926705,0.9435108541896949,0.9638062873928108,0.9545681794614512,0.9506373695752004,0.949681063134686,0.9399280961030976,1.0,0.9550659757232964,0.9263995041487645,0.9548823274829521,0.9602979594260159
0,8,2.2839839017752444,0.1427028324531925,4166,2.301133837018694,0.12845138055222088,833,2.2984972271738173,0.1391,0.9800879193594727,0.0834234496759177,,,0.8451717270385288,,0.8452162862471324,0.1547837137528676,0,0.14683500014164516,10,0.025,0.15,0.9576476498475741,0.9620097028376225,0.9431269155285218,0.9665515852820695,0.9751490192454522,0.9513821698579116,0.9397963245677672,0.9550659757232964,1.0,0.9502681186198233,0.9525789518880827,0.9608447950439426
0,9,2.2758992592493694,0.17100336053768603,4166,2.296392100197928,0.12965186074429771,833,2.298514420473123,0.1389,0.9750171214940857,0.08299183181574009,,,0.7373938393245087,,0.7374197488075787,0.26258025119242134,0,0.1467396481113148,10,0.025,0.15,0.9618846509945147,0.9623765335655825,0.9350029089165965,0.9523374409302404,0.9515048264332511,0.95902920690296,0.9384004447196328,0.9263995041487645,0.9502681186198233,1.0,0.9613153219519398,0.9563345220441885
0,10,2.28365201661081,0.15192030724915986,4166,2.2977403913225447,0.1332533013205282,833,2.298497021952762,0.1391,0.9802991776664478,0.08344143163079382,,,0.8496619423246151,,0.8496971497417108,0.15030285025828916,0,0.14683595081844544,10,0.025,0.15,0.9548980349529156,0.9667516702609386,0.9573143740897897,0.9544282932860605,0.9574405850267289,0.9602471729931829,0.9314547834255507,0.9548823274829521,0.9525789518880827,0.9613153219519398,1.0,0.9655952214810802
0,11,2.2838114420572917,0.1325732117138742,4166,2.2995339121137346,0.12725090036014405,833,2.29849485807781,0.1391,0.9859609138320151,0.08392334917385998,,,0.9699999997502933,,0.9700285520951957,0.029971447904804327,0,0.14685428870866976,10,0.025,0.15,0.9617267557997145,0.968221472279752,0.9640639694748773,0.9652379296900309,0.968889772266593,0.962068246394784,0.9501376165190852,0.9602979594260159,0.9608447950439426,0.9563345220441885,0.9655952214810802,1.0
1,0,2.1650085561203234,0.2101511879049676,4167,2.289365768432617,0.17386091127098321,834,2.2866469485850276,0.1647,0.9915272726486702,0.08361952156676165,,,0.97,,0.9700285520951957,0.029971447904804327,0.8628746709175164,0.14813796951254504,10,0.025,0.15,1.0,0.9794236609189263,0.9781530153511814,0.9776220321394127,0.9783545549403717,0.9780283538712145,0.973375432317419,0.9779982872934526,0.9767010264248357,0.971974130144544,0.9790186698239428,0.9798248979710283
1,1,2.160911046374928,0.21039116870650348,4167,2.2871741567339217,0.16666666666666666,834,2.286646963674811,0.1647,0.9878150354773362,0.08350209880465621,,,0.97,,0.9700285520951957,0.029971447904804327,0.8628765399179248,0.14813796951254504,10,0.025,0.15,0.9794236609189263,1.0,0.96867690817256,0.9732725191103893,0.9719449823104123,0.9749666537538487,0.9709536624015207,0.9727616350839039,0.9753187025095792,0.9691770301469985,0.9766155765070573,0.9733705413670869
1,2,2.173361653992624,0.20863930885529158,4167,2.2886989457266673,0.16786570743405277,834,2.286667684965496,0.1648,0.9866899070984211,0.0831796671926802,,,0.97,,0.9700285520951957,0.029971447904804327,0.8632444064715361,0.14813796951254504,10,0.025,0.15,0.9781530153511814,0.96867690817256,1.0,0.9721039476588359,0.9764834715908015,0.9679356162373567,0.9735543416949355,0.9760008958614023,0.9706921313515984,0.9648269039866901,0.9718536101629472,0.9730588673350323
1,3,2.149047064419949,0.2156707463402928,4167,2.2809673718043735,0.18465227817745802,834,2.2866471568240394,0.1647,0.9884993464868325,0.08350750398929235,,,0.97,,0.9700285520951957,0.029971447904804327,0.8629072230902758,0.14813796951254504,10,0.025,0.15,0.9776220321394127,0.9732725191103893,0.9721039476588359,1.0,0.9744263946982253,0.9760156772687384,0.9697801103589906,0.9741752872584575,0.9756691356507432,0.9738024225322756,0.9729106632401928,0.9748335637374453
1,4,2.1466001626217004,0.20069594432445403,4167,2.2828993797302246,0.16806722689075632,833,2.286646504945393,0.1647,0.9885949814536642,0.08357628045506929,,,0.97,,0.9700285520951957,0.029971447904804327,0.8628577152241319,0.14813796951254504,10,0.025,0.15,0.9783545549403717,0.9719449823104123,0.9764834715908015,0.9744263946982253,1.0,0.9724904628152693,0.9753716341816999,0.9739693478888755,0.979596089857041,0.9667744903271663,0.9737865409750971,0.9725636834836714
1,5,2.1620637655258177,0.21514278857691385,4167,2.288130078996931,0.1644657863145258,833,2.2866638370707064,0.1648,0.9873599422577501,0.08326548645026306,,,0.97,,0.9700285520951957,0.029971447904804327,0.8632406371550841,0.14813796951254504,10,0.025,0.15,0.9780283538712145,0.9749666537538487,0.9679356162373567,0.9760156772687384,0.9724904628152693,1.0,0.9676268412982159,0.9737685448052621,0.9722126979763219,0.969840245726748,0.9739530475882651,0.9743225708131349
1,6,2.159278585694053,0.21173506119510438,4167,2.2873576368604387,0.1716686674669868,833,2.2868263208413424,0.1656,0.9854059084906535,0.08271362141788353,,,0.97,,0.9700285520951957,0.029971447904804327,0.8641692904666448,0.14813796951254504,10,0.025,0.15,0.973375432317419,0.9709536624015207,0.9735543416949355,0.9697801103589906,0.9753716341816999,0.9676268412982159,1.0,0.9719158493941606,0.9705439836538238,0.9670052752657629,0.9673189886360345,0.9709268633132966
1,7,2.1713531555551473,0.21864650827933765,4167,2.290069341659546,0.14645858343337334,833,2.2866795606251005,0.1649,0.9883423965151739,0.08314338942801183,,,0.97,,0.9700285520951957,0.029971447904804327,0.8632679098449961,0.14813796951254504,10,0.025,0.15,0.9779982872934526,0.9727616350839039,0.9760008958614023,0.9741752872584575,0.9739693478888755,0.9737685448052621,0.9719158493941606,1.0,0.9732465334368433,0.9651928512655724,0.9776125080685104,0.9762736817660703
1,8,2.1536682602131005,0.20962554008641382,4166,2.2890604564121793,0.16326530612244897,833,2.2866517954234835,0.1648,0.9880305863366207,0.08340337617731566,,,0.97,,0.9700285520951957,0.029971447904804327,0.8629585477555598,0.14813796951254504,10,0.025,0.15,0.9767010264248357,0.9753187025095792,0.9706921313515984,0.9756691356507432,0.979596089857041,0.9722126979763219,0.9705439836538238,0.9732465334368433,1.0,0.9689137168815389,0.9766195450838868,0.9695690987336316
1,9,2.1410608049594995,0.22469995199231876,4166,2.2846113613673618,0.15006002400960383,833,2.2866790355006352,0.1649,0.9831026705154458,0.08297782554842115,,,0.97,,0.9700285520951957,0.029971447904804327,0.8632394181594796,0.14813796951254504,10,0.025,0.15,0.971974130144544,0.9691770301469985,0.9648269039866901,0.9738024225322756,0.9667744903271663,0.969840245726748,0.9670052752657629,0.9651928512655724,0.9689137168815389,1.0,0.9677771394947186,0.965601096106017
1,10,2.1580652236938476,0.2087133941430629,4166,2.2857909543173656,0.16206482593037214,833,2.28665144232255,0.1648,0.9881029364309688,0.08341679575745255,,,0.97,,0.9700285520951957,0.029971447904804327,0.8629499314991435,0.14813796951254504,10,0.025,0.15,0.9790186698239428,0.9766155765070573,0.9718536101629472,0.9729106632401928,0.9737865409750971,0.9739530475882651,0.9673189886360345,0.9776125080685104,0.9766195450838868,0.9677771394947186,1.0,0.9724526288072791
1,11,2.1606671383886624,0.20828132501200192,4166,2.288342441831316,0.16206482593037214,833,2.286644968805434,0.1645,0.9875118914744062,0.08369443321219255,,,0.97,,0.9700285520951957,0.029971447904804327,0.8629020644300108,0.14813796951254504,10,0.025,0.15,0.9798248979710283,0.9733705413670869,0.9730588673350323,0.9748335637374453,0.9725636834836714,0.9743225708131349,0.9709268633132966,0.9762736817660703,0.9695690987336316,0.965601096106017,0.9724526288072791,1.0
2,0,2.0698582410812376,0.24830813534917207,4167,2.2711600916726247,0.17266187050359713,834,2.268846762331226,0.1716,0.9877426561967785,0.08362998979644891,,,0.97,,0.9700285520951957,0.029971447904804327,0.9579659750565152,0.14760624556912577,10,0.025,0.15,1.0,0.9720762681506402,0.9705105586200181,0.9686597774251179,0.9699594760389626,0.9689103776078795,0.9678449334740558,0.9700306345977308,0.9723622703021843,0.9660673145299121,0.9691828042213869,0.9680401159887976
2,1,2.067207286574624,0.24600431965442765,4167,2.2702454158238004,0.17865707434052758,834,2.268846753277356,0.1716,0.9840183205499816,0.08343668696185204,,,0.97,,0.9700285520951957,0.029971447904804327,0.9579659750565152,0.14760624556912577,10,0.025,0.15,0.9720762681506402,1.0,0.9603878944535503,0.9640043382828041,0.9613598310736923,0.9705183727239997,0.9610101230187127,0.9657408992528369,0.9707073971949611,0.9628517340399423,0.9686709835545464,0.9623468565848986
2,2,2.0800027962886927,0.24931605471562274,4167,2.271871668951852,0.1750599520383693,834,2.268879884405981,0.1716,0.9831090426140724,0.08320832526865275,,,0.97,,0.9700285520951957,0.029971447904804327,0.9579659750565152,0.14760624556912577,10,0.025,0.15,0.9705105586200181,0.9603878944535503,1.0,0.9654612848872597,0.9670521426645192,0.9593906525924426,0.9650526166954202,0.9685205226798509,0.9657207880371168,0.9608189169876781,0.9620330061420792,0.9641497867982018
2,3,2.053399342479128,0.250467962562995,4167,2.2621628556932722,0.18705035971223022,834,2.2688471516476403,0.1716,0.984682031599593,0.08346156353317571,,,0.97,,0.9700285520951957,0.029971447904804327,0.9579659750565152,0.14760624556912577,10,0.025,0.15,0.9686597774251179,0.9640043382828041,0.9654612848872597,1.0,0.9649234431969991,0.9689671765843865,0.9648328539488895,0.963372941102836,0.9672027057337167,0.9680135849233259,0.9677981354661286,0.964323309143174
2,4,2.056414587208719,0.24506839452843773,4167,2.264925513948713,0.17647058823529413,833,2.2688455642024175,0.1716,0.9840013970480767,0.08348188644844592,,,0.97,,0.9700285520951957,0.029971447904804327,0.9579659750565152,0.14760624556912577,10,0.025,0.15,0.9699594760389626,0.9613598310736923,0.9670521426645192,0.9649234431969991,1.0,0.9678915461691495,0.967365782644514,0.9641864297476695,0.970185286149152,0.9581972132678066,0.9647331249498486,0.9636243953701799
2,5,2.067829149419611,0.2527237820974322,4167,2.270519120352609,0.18127250900360145,833,2.268873371655428,0.1716,0.9852936188166503,0.08333215939040148,,,0.97,,0.9700285520951957,0.029971447904804327,0.9579659750565152,0.14760624556912577,10,0.025,0.15,0.9689103776078795,0.9705183727239997,0.9593906525924426,0.9689671765843865,0.9678915461691495,1.0,0.9673282560876983,0.967057108822103,0.9681947812285081,0.9649557071502061,0.9644517268702582,0.9671760722787607
2,6,2.0641337203257013,0.24787616990640748,4167,2.2687828881399974,0.16686674669867949,833,2.269092043743858,0.1715,0.9831648089410527,0.08292271880541043,,,0.97,,0.9700285520951957,0.029971447904804327,0.9579659750565152,0.14760624556912577,10,0.025,0.15,0.9678449334740558,0.9610101230187127,0.9650526166954202,0.9648328539488895,0.967365782644514,0.9673282560876983,1.0,0.9667979426133614,0.9652362934177072,0.9615042598148226,0.9620116893113245,0.9609952351314529
2,7,2.074314750324596,0.25245980321574274,4167,2.2722014018467496,0.15606242496998798,833,2.2688975364347046,0.1718,0.9839272488953835,0.08321251011378915,,,0.97,,0.9700285520951957,0.029971447904804327,0.9579659750565152,0.14760624556912577,10,0.025,0.15,0.9700306345977308,0.9657408992528369,0.9685205226798509,0.963372941102836,0.9641864297476695,0.967057108822103,0.9667979426133614,1.0,0.9648319280847313,0.9566112972168138,0.9665675538527276,0.9650535033233275
2,8,2.058887505531311,0.24911185789726356,4166,2.2711329460144043,0.1644657863145258,833,2.268854835365392,0.1716,0.9852989759227708,0.08341737168289351,,,0.97,,0.9700285520951957,0.029971447904804327,0.9579659750565152,0.14760624556912577,10,0.025,0.15,0.9723622703021843,0.9707073971949611,0.9657207880371168,0.9672027057337167,0.970185286149152,0.9681947812285081,0.9652362934177072,0.9648319280847313,1.0,0.9626004108726055,0.9675475286697336,0.9602556634821724
2,9,2.0444423415444115,0.2602016322611618,4166,2.266964946474348,0.15366146458583432,833,2.2688966914068294,0.1718,0.9810575396085652,0.08301725798289548,,,0.97,,0.9700285520951957,0.029971447904804327,0.9579659750565152,0.14760624556912577,10,0.025,0.15,0.9660673145299121,0.9628517340399423,0.9608189169876781,0.9680135849233259,0.9581972132678066,0.9649557071502061,0.9615042598148226,0.9566112972168138,0.9626004108726055,1.0,0.9646586142319982,0.9586941975285869
2,10,2.067214871897842,0.24613538166106577,4166,2.2673725400652205,0.18007202881152462,833,2.2688542981691,0.1716,0.9840649114751661,0.08338559172621307,,,0.97,,0.9700285520951957,0.029971447904804327,0.9579659750565152,0.14760624556912577,10,0.025,0.15,0.9691828042213869,0.9686709835545464,0.9620330061420792,0.9677981354661286,0.9647331249498486,0.9644517268702582,0.9620116893113245,0.9665675538527276,0.9675475286697336,0.9646586142319982,1.0,0.9626105902596019
2,11,2.0683592904697763,0.2486317810849736,4166,2.2710221835545132,0.16326530612244897,833,2.2688420211212543,0.1717,0.9821277936772966,0.08349393828982159,,,0.97,,0.9700285520951957,0.029971447904804327,0.9579659750565152,0.14760624556912577,10,0.025,0.15,0.9680401159887976,0.9623468565848986,0.9641497867982018,0.964323309143174,0.9636243953701799,0.9671760722787607,0.9609952351314529,0.9650535033233275,0.9602556634821724,0.9586941975285869,0.9626105902596019,1.0
3,0,2.003777176322359,0.2763618910487161,4167,2.246803249631609,0.19664268585131894,834,2.2449235614342027,0.1948,0.983411066271403,0.08362815221650854,,,0.97,,0.9700285520951957,0.029971447904804327,0.9806446915498399,0.1469970907050795,10,0.025,0.15,1.0,0.9643548524307822,0.9614319710043779,0.9599834425516072,0.9589837924779421,0.9595854142167921,0.9585922174672368,0.9633388347621344,0.9634424080624673,0.9565841285086929,0.9589279515069397,0.9593116015037428
3,1,2.001147263700312,0.272234221262299,4167,2.24754422051566,0.18944844124700239,834,2.244923570488073,0.1948,0.9799122703001982,0.08339500499203498,,,0.97,,0.9700285520951957,0.029971447904804327,0.9806446915498399,0.1469970907050795,10,0.025,0.15,0.9643548524307822,1.0,0.95022160767234,0.9564320057637882,0.9476085192981366,0.9636812528923199,0.9518581233531536,0.9572103022115902,0.9608163268617324,0.9556993083715105,0.9605118675220231,0.9550534837757807
3,2,2.0125271985025117,0.27489800815934723,4167,2.2491863455091203,0.19904076738609114,834,2.2449731223190885,0.195,0.9780989329354498,0.08319499654032202,,,0.97,,0.9700285520951957,0.029971447904804327,0.9806446915498399,0.1469970907050795,10,0.025,0.15,0.9614319710043779,0.95022160767234,1.0,0.9557154871058137,0.9566206195735364,0.949865329978094,0.9554223482927303,0.9583100549022239,0.9553765763625351,0.9533140007632771,0.9510547039843076,0.9549439008142784
3,3,1.9884250926248954,0.27765778737700986,4167,2.23691987991333,0.2146282973621103,834,2.2449242193487624,0.1948,0.9813642084832748,0.08345757354915741,,,0.97,,0.9700285520951957,0.029971447904804327,0.9806446915498399,0.1469970907050795,10,0.025,0.15,0.9599834425516072,0.9564320057637882,0.9557154871058137,1.0,0.9583870060525631,0.9603908391468648,0.9558585168185451,0.9549534250579677,0.9578715054010501,0.9602888577158112,0.9603086403755696,0.9603506701171347
3,4,1.9929481343789535,0.27086633069354454,4167,2.24065147127424,0.19447779111644659,833,2.2449215967443923,0.1946,0.9795995127635437,0.0834127565260175,,,0.97,,0.9700285520951957,0.029971447904804327,0.9806446915498399,0.1469970907050795,10,0.025,0.15,0.9589837924779421,0.9476085192981366,0.9566206195735364,0.9583870060525631,1.0,0.9593180785540958,0.9565267083750602,0.9545513228260766,0.9579912126635807,0.9551600712081665,0.9586734036889931,0.9559655402957237
3,5,1.9994977936600193,0.28077753779697623,4167,2.2469314507075717,0.20048019207683074,833,2.2449625956861277,0.195,0.9817448865673242,0.08339001770828486,,,0.97,,0.9700285520951957,0.029971447904804327,0.9806446915498399,0.1469970907050795,10,0.025,0.15,0.9595854142167921,0.9636812528923199,0.949865329978094,0.9603908391468648,0.9593180785540958,1.0,0.9583733389743172,0.9599530577407339,0.9616951835300598,0.9578919802884609,0.9557975536463406,0.9585216032618898
3,6,1.9999095804763563,0.2732181425485961,4167,2.244002205984933,0.19207683073229292,833,2.245255310324174,0.1943,0.9780406358204353,0.0830166849381064,,,0.97,,0.9700285520951957,0.029971447904804327,0.9806446915498399,0.1469970907050795,10,0.025,0.15,0.9585922174672368,0.9518581233531536,0.9554223482927303,0.9558585168185451,0.9565267083750602,0.9583733389743172,1.0,0.9569030496669294,0.9547552507569136,0.9522926458371961,0.9497111414273745,0.9514608901821043
3,7,2.0031550869797217,0.28214542836573075,4167,2.2482015064784457,0.17767106842737096,833,2.2449980627132367,0.1951,0.9795660111553222,0.08324527622033669,,,0.97,,0.9700285520951957,0.029971447904804327,0.9806446915498399,0.1469970907050795,10,0.025,0.15,0.9633388347621344,0.9572103022115902,0.9583100549022239,0.9549534250579677,0.9545513228260766,0.9599530577407339,0.9569030496669294,1.0,0.9559046429937667,0.9471780859640574,0.9542991757601084,0.9568923192522677
3,8,1.9905743324395382,0.2761881901104177,4166,2.2472843442644392,0.1872749099639856,833,2.244935515560681,0.1947,0.9804497851594889,0.08340054874876877,,,0.97,,0.9700285520951957,0.029971447904804327,0.9806446915498399,0.1469970907050795,10,0.025,0.15,0.9634424080624673,0.9608163268617324,0.9553765763625351,0.9578715054010501,0.9579912126635807,0.9616951835300598,0.9547552507569136,0.9559046429937667,1.0,0.954734322116003,0.9567156913504729,0.9504848089461247
3,9,1.9767605810454398,0.2878540566490638,4166,2.243289130074637,0.19327731092436976,833,2.2449968494946444,0.1951,0.9784567152326428,0.0830886076273865,,,0.97,,0.9700285520951957,0.029971447904804327,0.9806446915498399,0.1469970907050795,10,0.025,0.15,0.9565841285086929,0.9556993083715105,0.9533140007632771,0.9602888577158112,0.9551600712081665,0.9578919802884609,0.9522926458371961,0.9471780859640574,0.954734322116003,1.0,0.9584355085996187,0.9549826989685554
3,10,2.0019300103187563,0.2719395103216515,4166,2.2426013946533203,0.20048019207683074,833,2.2449347429637667,0.1947,0.9798255026381091,0.08336062313865977,,,0.97,,0.9700285520951957,0.029971447904804327,0.9806446915498399,0.1469970907050795,10,0.025,0.15,0.9589279515069397,0.9605118675220231,0.9510547039843076,0.9603086403755696,0.9586734036889931,0.9557975536463406,0.9497111414273745,0.9542991757601084,0.9567156913504729,0.9584355085996187,1.0,0.9580046487262661
3,11,2.0019904949448324,0.27520403264522325,4166,2.2475099563598633,0.1872749099639856,833,2.2449157026749624,0.1946,0.9792782875495902,0.08340975779441634,,,0.97,,0.9700285520951957,0.029971447904804327,0.9806446915498399,0.1469970907050795,10,0.025,0.15,0.9593116015037428,0.9550534837757807,0.9549439008142784,0.9603506701171347,0.9559655402957237,0.9585216032618898,0.9514608901821043,0.9568923192522677,0.9504848089461247,0.9549826989685554,0.9580046487262661,1.0
4,0,1.952103071863001,0.297264218862491,4167,2.216930798121861,0.22182254196642687,834,2.215452897397778,0.2257,0.9784453903723512,0.08357765770643376,,,0.97,,0.9700285520951957,0.029971447904804327,0.9868388927389812,0.1464814186369287,10,0.025,0.15,1.0,0.9560512514425686,0.9527593410916941,0.9537439177215049,0.9465775532659727,0.948776541865808,0.9472509497130638,0.9560213661232595,0.9534202511859512,0.9476924554465188,0.950861143356099,0.952594434430401
4,1,1.9463329730611858,0.29280057595392367,4167,2.2194277218409946,0.2314148681055156,834,2.215452921541431,0.2257,0.9773987452083355,0.08339937939141222,,,0.97,,0.9700285520951957,0.029971447904804327,0.9868388927389812,0.1464814186369287,10,0.025,0.15,0.9560512514425686,1.0,0.9415092509504263,0.9520056683834734,0.9427628352088837,0.9567748472107485,0.9447930387363452,0.9480942897403022,0.9526877568596006,0.9515343421878486,0.9567582451687103,0.9506116501143319
4,2,1.9598771611849466,0.2937365010799136,4167,2.220942497253418,0.2302158273381295,834,2.2155176657664626,0.2254,0.9734090438330361,0.08314579077396644,,,0.97,,0.9700285520951957,0.029971447904804327,0.9868388927389812,0.1464814186369287,10,0.025,0.15,0.9527593410916941,0.9415092509504263,1.0,0.9475821447034231,0.9458812028076355,0.9390940226545694,0.9439548070815638,0.9520025997991307,0.9463477460233942,0.946387897400201,0.9451208088219131,0.9463562512672684
4,3,1.9361579649376146,0.2968802495800336,4167,2.205971888133458,0.2517985611510791,834,2.215453811838657,0.2257,0.9791688136650282,0.0834957015112144,,,0.97,,0.9700285520951957,0.029971447904804327,0.9868388927389812,0.1464814186369287,10,0.025,0.15,0.9537439177215049,0.9520056683834734,0.9475821447034231,1.0,0.952345090611004,0.9540330895846028,0.9507318407797389,0.9482514447376617,0.9556528992139607,0.9530572459233377,0.9542488083406343,0.9526723151020814
4,4,1.9416341492623994,0.28874490040796735,4167,2.2107301439557756,0.22448979591836735,833,2.215450280829321,0.2257,0.9758517721865931,0.08335999941276481,,,0.97,,0.9700285520951957,0.029971447904804327,0.9868388927389812,0.1464814186369287,10,0.025,0.15,0.9465775532659727,0.9427628352088837,0.9458812028076355,0.952345090611004,1.0,0.9527117641557581,0.9479363373024327,0.9441571798911258,0.9525135212740388,0.9496359880702714,0.9530405558927644,0.947929759905056
4,5,1.9448604717399134,0.30107991360691144,4167,2.217791795730591,0.21968787515006002,833,2.215503372723543,0.2254,0.9776276410906103,0.08340374605940715,,,0.97,,0.9700285520951957,0.029971447904804327,0.9868388927389812,0.1464814186369287,10,0.025,0.15,0.948776541865808,0.9567748472107485,0.9390940226545694,0.9540330895846028,0.9527117641557581,1.0,0.9488260790977865,0.9507431538733779,0.9553034569831008,0.9509399258573605,0.9491953842620743,0.949896443053404
4,6,1.948884071003307,0.2931845452363811,4167,2.213249240602766,0.22929171668667467,833,2.215876618518105,0.2253,0.973710687051667,0.08304532111501892,,,0.97,,0.9700285520951957,0.029971447904804327,0.9868388927389812,0.1464814186369287,10,0.025,0.15,0.9472509497130638,0.9447930387363452,0.9439548070815638,0.9507318407797389,0.9479363373024327,0.9488260790977865,1.0,0.9472195315786041,0.9457945583113023,0.9461059209863183,0.9432754531525631,0.9447627031262317
4,7,1.9488769361467073,0.30364770818334536,4167,2.218779053006853,0.21728691476590636,833,2.2155509779724896,0.2253,0.9754498262828435,0.08324332471491894,,,0.97,,0.9700285520951957,0.029971447904804327,0.9868388927389812,0.1464814186369287,10,0.025,0.15,0.9560213661232595,0.9480942897403022,0.9520025997991307,0.9482514447376617,0.9441571798911258,0.9507431538733779,0.9472195315786041,1.0,0.9491099285636919,0.9389940318884871,0.9462903321432229,0.9499593108110387
4,8,1.9388399991122158,0.2969755160825732,4166,2.218149423599243,0.2148859543817527,833,2.215468068666096,0.2258,0.9780687163243607,0.08342461833513311,,,0.97,,0.9700285520951957,0.029971447904804327,0.9868388927389812,0.1464814186369287,10,0.025,0.15,0.9534202511859512,0.9526877568596006,0.9463477460233942,0.9556528992139607,0.9525135212740388,0.9553034569831008,0.9457945583113023,0.9491099285636919,1.0,0.9515089829514782,0.9524360961681151,0.9466693546570403
4,9,1.9236137708028158,0.3082333173307729,4166,2.2143894604274204,0.21968787515006002,833,2.2155494116529635,0.2253,0.975733920616131,0.08315567040470428,,,0.97,,0.9700285520951957,0.029971447904804327,0.9868388927389812,0.1464814186369287,10,0.025,0.15,0.9476924554465188,0.9515343421878486,0.946387897400201,0.9530572459233377,0.9496359880702714,0.9509399258573605,0.9461059209863183,0.9389940318884871,0.9515089829514782,1.0,0.9508394183717627,0.9475904186701722
4,10,1.9469072977701822,0.2942150744119059,4166,2.2120916502816335,0.23769507803121248,833,2.215467169315,0.2258,0.9773727099749443,0.08337726599243767,,,0.97,,0.9700285520951957,0.029971447904804327,0.9868388927389812,0.1464814186369287,10,0.025,0.15,0.950861143356099,0.9567582451687103,0.9451208088219131,0.9542488083406343,0.9530405558927644,0.9491953842620743,0.9432754531525631,0.9462903321432229,0.9524360961681151,0.9508394183717627,1.0,0.9512359661735176
4,11,1.947565318960132,0.29623139702352375,4166,2.2184737750462125,0.21368547418967587,833,2.2154420780230173,0.2258,0.9762627840168232,0.08337152458258835,,,0.97,,0.9700285520951957,0.029971447904804327,0.9868388927389812,0.1464814186369287,10,0.025,0.15,0.952594434430401,0.9506116501143319,0.9463562512672684,0.9526723151020814,0.947929759905056,0.949896443053404,0.9447627031262317,0.9499593108110387,0.9466693546570403,0.9475904186701722,0.9512359661735176,1.0
5,0,1.9057985240762885,0.31495080393568514,4167,2.181957415172032,0.25539568345323743,834,2.1809372569941265,0.2582,0.9765509813844538,0.08356091082596778,,,0.97,,0.9700285520951957,0.029971447904804327,0.9903224070968656,0.14613155290809765,10,0.025,0.15,1.0,0.9526954379698649,0.9468660551085185,0.950634581822322,0.9453682516702899,0.9436672221703728,0.942116447456215,0.9494483592677262,0.9478803364377024,0.9439588347820369,0.9460033019304696,0.9475837154330066
5,1,1.9058798985047773,0.3104871610271178,4167,2.186671563557216,0.25539568345323743,834,2.1809372298325163,0.2582,0.9751007872097488,0.08340328936294071,,,0.97,,0.9700285520951957,0.029971447904804327,0.9903224070968656,0.14613155290809765,10,0.025,0.15,0.9526954379698649,1.0,0.9393819549580961,0.9456738154869094,0.9391430598501156,0.9512530656032067,0.9389781638404031,0.9469562513216643,0.9460994185415347,0.9456352396515205,0.9490863177097265,0.9444476712196673
5,2,1.9117781906416922,0.3132469402447804,4167,2.187472036906651,0.2685851318944844,834,2.1810161856156363,0.2582,0.972020278634443,0.08314592336216044,,,0.97,,0.9700285520951957,0.029971447904804327,0.9903224070968656,0.14613155290809765,10,0.025,0.15,0.9468660551085185,0.9393819549580961,1.0,0.9466838087857826,0.942899738303013,0.9338871623301276,0.9383534732505536,0.9457850133464697,0.9424391700084267,0.9440728286568757,0.940970027748811,0.9422139701865161
5,3,1.890261922821854,0.31341492680585553,4167,2.1698855331965854,0.2853717026378897,834,2.1809384038176716,0.2581,0.9774723162578447,0.08354019325048145,,,0.97,,0.9700285520951957,0.029971447904804327,0.9903224070968656,0.14613155290809765,10,0.025,0.15,0.950634581822322,0.9456738154869094,0.9466838087857826,1.0,0.9479463280864254,0.949585204169983,0.9442895217668057,0.9465571840239216,0.9510788279739969,0.9472966571149739,0.9489218358934851,0.9483796586419097
5,4,1.8966860977086153,0.30765538756899447,4167,2.1757452147347585,0.2424969987995198,833,2.180934190750122,0.258,0.9742004071510877,0.0833495724332147,,,0.97,,0.9700285520951957,0.029971447904804327,0.9903224070968656,0.14613155290809765,10,0.025,0.15,0.9453682516702899,0.9391430598501156,0.942899738303013,0.9479463280864254,1.0,0.9465846168619705,0.9409412254809845,0.9424071466178082,0.9481274443868466,0.9448370485292377,0.948445178121821,0.9421814288194401
5,5,1.8946976065635681,0.3186945044396448,4167,2.1838790007999966,0.2617046818727491,833,2.1809980839113647,0.2583,0.9747643262851877,0.08339502966698775,,,0.97,,0.9700285520951957,0.029971447904804327,0.9903224070968656,0.14613155290809765,10,0.025,0.15,0.9436672221703728,0.9512530656032067,0.9338871623301276,0.949585204169983,0.9465846168619705,1.0,0.9434237136923228,0.9482745615093524,0.9482968874056602,0.9431316111318684,0.9443342173173874,0.9429924870212455
5,6,1.904994051022963,0.30772738180945525,4167,2.1772543702806746,0.2617046818727491,833,2.1814479858060425,0.2554,0.9703392685497118,0.08302895123322657,,,0.97,,0.9700285520951957,0.029971447904804327,0.9903224070968656,0.14613155290809765,10,0.025,0.15,0.942116447456215,0.9389781638404031,0.9383534732505536,0.9442895217668057,0.9409412254809845,0.9434237136923228,1.0,0.9437186886442792,0.9399420342880839,0.9394215687719832,0.9343214910484152,0.9384765701108155
5,7,1.9020632393432386,0.3164386849052076,4167,2.184114388057164,0.24489795918367346,833,2.1810577972025813,0.2582,0.9745349273827804,0.08328824079069287,,,0.97,,0.9700285520951957,0.029971447904804327,0.9903224070968656,0.14613155290809765,10,0.025,0.15,0.9494483592677262,0.9469562513216643,0.9457850133464697,0.9465571840239216,0.9424071466178082,0.9482745615093524,0.9437186886442792,1.0,0.9443492291542459,0.9364432707220264,0.9419742986625659,0.9469455083523325
5,8,1.8922775557546905,0.31493038886221797,4166,2.1841847896575928,0.2460984393757503,833,2.180955213836477,0.2581,0.9749140563522205,0.083412830068823,,,0.97,,0.9700285520951957,0.029971447904804327,0.9903224070968656,0.14613155290809765,10,0.025,0.15,0.9478803364377024,0.9460994185415347,0.9424391700084267,0.9510788279739969,0.9481274443868466,0.9482968874056602,0.9399420342880839,0.9443492291542459,1.0,0.9437333186748024,0.9448520598524864,0.9403630129042287
5,9,1.876414758870096,0.3239078252520403,4166,2.1806014265332903,0.25210084033613445,833,2.1810559532310387,0.2583,0.9729397274047867,0.08318199842140699,,,0.97,,0.9700285520951957,0.029971447904804327,0.9903224070968656,0.14613155290809765,10,0.025,0.15,0.9439588347820369,0.9456352396515205,0.9440728286568757,0.9472966571149739,0.9448370485292377,0.9431316111318684,0.9394215687719832,0.9364432707220264,0.9437333186748024,1.0,0.9444652362663769,0.941284521063218
5,10,1.9020666534250432,0.31267402784445514,4166,2.1763433388301303,0.2653061224489796,833,2.180954145479806,0.2581,0.9741984772654848,0.08336019901422254,,,0.97,,0.9700285520951957,0.029971447904804327,0.9903224070968656,0.14613155290809765,10,0.025,0.15,0.9460033019304696,0.9490863177097265,0.940970027748811,0.9489218358934851,0.948445178121821,0.9443342173173874,0.9343214910484152,0.9419742986625659,0.9448520598524864,0.9444652362663769,1.0,0.9454381304454968
5,11,1.901939528277426,0.31557849255880943,4166,2.184335844857352,0.2533013205282113,833,2.180924153026146,0.258,0.9734685641043039,0.08333286156987518,,,0.97,,0.9700285520951957,0.029971447904804327,0.9903224070968656,0.14613155290809765,10,0.025,0.15,0.9475837154330066,0.9444476712196673,0.9422139701865161,0.9483796586419097,0.9421814288194401,0.9429924870212455,0.9384765701108155,0.9469455083523325,0.9403630129042287,0.941284521063218,0.9454381304454968,1.0
6,0,1.8701984586137714,0.32882169426445884,4167,2.142385925565447,0.2853717026378897,834,2.141876489301271,0.2902,0.9730135196986549,0.08353139700106273,,,0.97,,0.9700285520951957,0.029971447904804327,0.99274721987044,0.14569001871116982,10,0.025,0.15,1.0,0.9442614266149002,0.9424182335073841,0.9423452051630445,0.9371073451006393,0.935881953426308,0.9356543176908876,0.9419727648357786,0.9401509121545322,0.9386251350606923,0.9387520587358296,0.9433346781691165
6,1,1.8635080099105834,0.3253659707223422,4167,2.149627821786063,0.29256594724220625,834,2.141876419888267,0.2902,0.9709137679178427,0.08336520786247338,,,0.97,,0.9700285520951957,0.029971447904804327,0.99274721987044,0.14569001871116982,10,0.025,0.15,0.9442614266149002,1.0,0.9331959489621015,0.9370436631963975,0.9317923098628047,0.9453997954697498,0.9331016314258409,0.9390135072828822,0.9380710540846802,0.9389370529736502,0.9382080676341883,0.9370901128599665
6,2,1.872297355261716,0.3275737940964723,4167,2.149383647101266,0.30335731414868106,834,2.1419663036925884,0.2909,0.969400751728236,0.08315633718654396,,,0.97,,0.9700285520951957,0.029971447904804327,0.99274721987044,0.14569001871116982,10,0.025,0.15,0.9424182335073841,0.9331959489621015,1.0,0.9408058083713973,0.9360658724008235,0.9285670064920927,0.9325034017828905,0.9390603527287182,0.9345705243463028,0.9399068869369368,0.9334088321409991,0.9381953024983095
6,3,1.8500016443657152,0.32824574034077275,4167,2.129126480647496,0.3117505995203837,834,2.141877877561352,0.2903,0.9739836533676686,0.08355020294352859,,,0.97,,0.9700285520951957,0.029971447904804327,0.99274721987044,0.14569001871116982,10,0.025,0.15,0.9423452051630445,0.9370436631963975,0.9408058083713973,1.0,0.9415772923215929,0.943269807397087,0.938907061624659,0.9400221806022349,0.9444692004313343,0.9414805833061451,0.9392128075319537,0.9426997061921577
6,4,1.8545619773142266,0.32179025677945766,4167,2.135860170636858,0.28211284513805523,833,2.1418734653086604,0.2902,0.9718684405013263,0.08336305654382742,,,0.97,,0.9700285520951957,0.029971447904804327,0.99274721987044,0.14569001871116982,10,0.025,0.15,0.9371073451006393,0.9317923098628047,0.9360658724008235,0.9415772923215929,1.0,0.9412384249535856,0.9364778697089972,0.9365794953842369,0.9431241573966761,0.9408987475799856,0.9432594012361908,0.9391904963733024
6,5,1.8530354142189025,0.33388528917686583,4167,2.1456212316240584,0.2929171668667467,833,2.141944824894772,0.2909,0.9719849127164814,0.08339503023783304,,,0.97,,0.9700285520951957,0.029971447904804327,0.99274721987044,0.14569001871116982,10,0.025,0.15,0.935881953426308,0.9453997954697498,0.9285670064920927,0.943269807397087,0.9412384249535856,1.0,0.9372203354981243,0.9422944757547812,0.9426422673764551,0.9383393930713073,0.935671428912319,0.9380868977435413
6,6,1.8667160272598267,0.3235901127909767,4167,2.136651175362723,0.290516206482593,833,2.1424560697772836,0.2884,0.9679911820500657,0.08303785675444776,,,0.97,,0.9700285520951957,0.029971447904804327,0.99274721987044,0.14569001871116982,10,0.025,0.15,0.9356543176908876,0.9331016314258409,0.9325034017828905,0.938907061624659,0.9364778697089972,0.9372203354981243,1.0,0.937654184593724,0.9333289202629191,0.9344085096152408,0.9277721676071141,0.9353446904195862
6,7,1.8572916554682182,0.3363570914326854,4167,2.1449022633688792,0.28691476590636256,833,2.142014162449897,0.2908,0.9713415196291365,0.08330785472991778,,,0.97,,0.9700285520951957,0.029971447904804327,0.99274721987044,0.14569001871116982,10,0.025,0.15,0.9419727648357786,0.9390135072828822,0.9390603527287182,0.9400221806022349,0.9365794953842369,0.9422944757547812,0.937654184593724,1.0,0.9380452370656871,0.9311535378324813,0.9342839584626057,0.9411218319842998
6,8,1.849471921631784,0.33055688910225633,4166,2.145976577486311,0.2725090036014406,833,2.141896733754798,0.2904,0.9719535050356715,0.0834050383296613,,,0.97,,0.9700285520951957,0.029971447904804327,0.99274721987044,0.14569001871116982,10,0.025,0.15,0.9401509121545322,0.9380710540846802,0.9345705243463028,0.9444692004313343,0.9431241573966761,0.9426422673764551,0.9333289202629191,0.9380452370656871,1.0,0.938631232382657,0.9391159087749839,0.9360715950516512
6,9,1.8374177235545535,0.3424147863658185,4166,2.142352819442749,0.27130852340936373,833,2.142012390909316,0.2908,0.97093043789833,0.08322859615194701,,,0.97,,0.9700285520951957,0.029971447904804327,0.99274721987044,0.14569001871116982,10,0.025,0.15,0.9386251350606923,0.9389370529736502,0.9399068869369368,0.9414805833061451,0.9408987475799856,0.9383393930713073,0.9344085096152408,0.9311535378324813,0.938631232382657,1.0,0.9370309840064807,0.9370822398822646
6,10,1.8646729602958216,0.3258281325012002,4166,2.1359412329537526,0.2965186074429772,833,2.141895523554162,0.2904,0.9699835042054245,0.0833081545428834,,,0.97,,0.9700285520951957,0.029971447904804327,0.99274721987044,0.14569001871116982,10,0.025,0.15,0.9387520587358296,0.9382080676341883,0.9334088321409991,0.9392128075319537,0.9432594012361908,0.935671428912319,0.9277721676071141,0.9342839584626057,0.9391159087749839,0.9370309840064807,1.0,0.93857710775826
6,11,1.8620029445850488,0.328324531925108,4166,2.145608799798148,0.29411764705882354,833,2.141862172114698,0.2902,0.9718245581468918,0.08335126771587371,,,0.97,,0.9700285520951957,0.029971447904804327,0.99274721987044,0.14569001871116982,10,0.025,0.15,0.9433346781691165,0.9370901128599665,0.9381953024983095,0.9426997061921577,0.9391904963733024,0.9380868977435413,0.9353446904195862,0.9411218319842998,0.9360715950516512,0.9370822398822646,0.93857710775826,1.0
