round,client_id,client_i_training_loss,client_i_training_accuracy,client_i_training_dataset_size,client_i_evaluation_loss,client_i_evaluation_accuracy,client_i_evaluation_dataset_size,client_i_central_evaluation_loss,client_i_central_evaluation_accuracy,client_i_cosine_similarity,client_i_importance_coefficient,client_i_tanh_val,tanh_normalization_value,client_i_q,client_i_mask_order,client_i_v_nonzero_fraction,client_i_v_sparsity,client_i_v_cosine_similarity,client_i_reward_gradient_norm,local_epochs,learning_rate,gamma,client_0_cosine_similarity,client_1_cosine_similarity,client_2_cosine_similarity,client_3_cosine_similarity,client_4_cosine_similarity,client_5_cosine_similarity,client_6_cosine_similarity,client_7_cosine_similarity,client_8_cosine_similarity,client_9_cosine_similarity,client_10_cosine_similarity,client_11_cosine_similarity
0,0,2.286118121580644,0.15205183585313176,4167,2.2968999658312117,0.09952038369304557,834,2.2979507808443866,0.1003,0.9784888912835176,0.08329931203962387,,,0.8242374125988132,,0.8242890858378307,0.17571091416216933,0,0.14675453113594247,10,0.025,0.15,1.0,0.9698440725886855,0.9507831015615669,0.9316986785775929,0.9415903139119335,0.9603920705431858,0.9552156675556012,0.9391798961994733,0.9649747311277034,0.9597029143125931,0.9610230545844286,0.9595743167237566
0,1,2.2875541535290806,0.138300935925126,4167,2.3009564535958424,0.10311750599520383,834,2.2979459370238873,0.1003,0.9806772849935144,0.08348561123232646,,,0.8734674496707732,,0.8734960637718473,0.1265039362281527,0,0.14679882229288913,10,0.025,0.15,0.9698440725886855,1.0,0.9497944286560128,0.9329738177381174,0.9551586057242955,0.9517802732486418,0.9574598900014553,0.9525872238012373,0.9596526051024596,0.9631658794478667,0.9655658355032699,0.9617016005794264
0,2,2.283104644399701,0.16294696424286056,4167,2.298703670501709,0.10431654676258993,834,2.298092301887802,0.1004,0.9685209982559355,0.08245073967556464,,,0.6,,0.6000148536911423,0.39998514630885773,0,0.14578039197694778,10,0.025,0.15,0.9507831015615669,0.9497944286560128,1.0,0.9131165893241443,0.9493186780851236,0.9461368427035373,0.9522239461416812,0.9230449345354238,0.9544965010371741,0.9403960227503317,0.9672873620614123,0.9302876589708031
0,3,2.29019147049297,0.11862251019918406,4167,2.296119042805263,0.10311750599520383,834,2.2980552111999897,0.1003,0.968813381368785,0.08247563041512165,,,0.6065774414443996,,0.6066164941988084,0.39338350580119164,0,0.1459366524623285,10,0.025,0.15,0.9316986785775929,0.9329738177381174,0.9131165893241443,1.0,0.938654589471186,0.9590141203873558,0.9577511049306463,0.9627085661976996,0.9499067052770503,0.9527255808442627,0.9378331216220122,0.9439354998546284
0,4,2.28480608029799,0.12253419726421887,4167,2.298555714743478,0.10084033613445378,833,2.297952021224589,0.1003,0.9779722965298001,0.08325533403642806,,,0.8126161130307727,,0.8126784505949729,0.1873215494050271,0,0.1467402719708753,10,0.025,0.15,0.9415903139119335,0.9551586057242955,0.9493186780851236,0.938654589471186,1.0,0.9568361469874289,0.9598965811709372,0.9537111351161704,0.9605091104432293,0.9628884119677303,0.9637050775720299,0.9456393857271446
0,5,2.289426245833888,0.1539236861051116,4167,2.300985131944929,0.08643457382953182,833,2.29794621769386,0.1003,0.9833227225344991,0.08371081882453404,,,0.9329791305988022,,0.9330098529484577,0.06699014705154227,0,0.1468285548934025,10,0.025,0.15,0.9603920705431858,0.9517802732486418,0.9461368427035373,0.9590141203873558,0.9568361469874289,1.0,0.9676246912152064,0.9534166590259635,0.9711673992686027,0.9609231519864664,0.9620343789177139,0.9614323684251151
0,6,2.28599600575187,0.13306935445164386,4167,2.2990080629076277,0.09843937575030012,833,2.2979452911811538,0.1003,0.9847190927644202,0.08382969261098291,,,0.9643918320113334,,0.9644419138155832,0.035558086184416804,0,0.14683256261358751,10,0.025,0.15,0.9552156675556012,0.9574598900014553,0.9522239461416812,0.9577511049306463,0.9598965811709372,0.9676246912152064,1.0,0.9652294635481834,0.9725389905384485,0.9641375065542037,0.963173923881191,0.9519067992067108
0,7,2.291571430726485,0.11291096712263018,4167,2.299789701189314,0.09723889555822329,833,2.297977474671376,0.1003,0.9752367486308516,0.08302245529854586,,,0.7510773122829147,,0.7511264049116205,0.24887359508837947,0,0.14661126124274548,10,0.025,0.15,0.9391798961994733,0.9525872238012373,0.9230449345354238,0.9627085661976996,0.9537111351161704,0.9534166590259635,0.9652294635481834,1.0,0.9556490509452168,0.9589058265396709,0.9543576989422262,0.9369801523946633
0,8,2.2871727350986366,0.14481517042726835,4166,2.2989296572549,0.07683073229291716,833,2.2979452579836304,0.1003,0.9863019615759694,0.08396444312703433,,,0.9999999997357474,,1.0,0.0,0,0.14683323503599302,10,0.025,0.15,0.9649747311277034,0.9596526051024596,0.9544965010371741,0.9499067052770503,0.9605091104432293,0.9711673992686027,0.9725389905384485,0.9556490509452168,1.0,0.9678088256959022,0.9723509375717523,0.9567064724560523
0,9,2.2861684611349395,0.13610177628420547,4166,2.297438621520996,0.1092436974789916,833,2.2979460637780686,0.1003,0.9835026063629929,0.08372613243646575,,,0.9370257916291956,,0.9370616098100378,0.06293839018996217,0,0.14682930267068758,10,0.025,0.15,0.9597029143125931,0.9631658794478667,0.9403960227503317,0.9527255808442627,0.9628884119677303,0.9609231519864664,0.9641375065542037,0.9589058265396709,0.9678088256959022,1.0,0.9699090528503135,0.9523160795415244
0,10,2.2865801392179548,0.14635141622659625,4166,2.29627571787153,0.11044417767106843,833,2.2979453364505043,0.1003,0.9845231617724359,0.08381301289495863,,,0.9599841744884354,,0.9600188146754468,0.03998118532455319,0,0.14683228678184246,10,0.025,0.15,0.9610230545844286,0.9655658355032699,0.9672873620614123,0.9378331216220122,0.9637050775720299,0.9620343789177139,0.963173923881191,0.9543576989422262,0.9723509375717523,0.9699090528503135,1.0,0.947625931171775
0,11,2.2860970013069384,0.13230916946711474,4166,2.2961344378335133,0.11404561824729892,833,2.2979827892931204,0.1003,0.9745831891224289,0.08296681740841391,,,0.7363748578381751,,0.736404746579525,0.26359525342047496,0,0.14656933959262936,10,0.025,0.15,0.9595743167237566,0.9617016005794264,0.9302876589708031,0.9439354998546284,0.9456393857271446,0.9614323684251151,0.9519067992067108,0.9369801523946633,0.9567064724560523,0.9523160795415244,0.947625931171775,1.0
1,0,2.164437981446584,0.20302375809935205,4167,2.2852892535073415,0.14028776978417265,834,2.286776138257377,0.1514,0.9882654176334983,0.08327440261211912,,,0.7998967418236377,,0.799920780313908,0.200079219686092,0.836914730558851,0.14827612667140652,10,0.025,0.15,1.0,0.9784948603183957,0.9760686649783881,0.972432817583074,0.9722040796988382,0.9770187407586972,0.9769848808419199,0.9763294168649976,0.9777459093335393,0.9744655225440505,0.9758821818955172,0.9762992645830572
1,1,2.173213524168188,0.19560835133189344,4167,2.2901090553828647,0.15227817745803357,834,2.286740960954111,0.1518,0.9891946783228864,0.0834191539354612,,,0.8559939966719482,,0.8560347246290704,0.14396527537092962,0.8383085541205696,0.14837717535571776,10,0.025,0.15,0.9784948603183957,1.0,0.9761358216772246,0.9751602331261392,0.9798845654249956,0.9754116963288129,0.9751153456485058,0.980722383030961,0.979592201779451,0.9771801521303668,0.9703179261616437,0.97697546856474
1,2,2.1569256739182907,0.22730981521478283,4167,2.2869670391082764,0.15227817745803357,834,2.2871249446386024,0.1549,0.9884636699034741,0.08275859630414584,,,0.6,,0.6000148536911423,0.39998514630885773,0.8306543701469296,0.14739235260384503,10,0.025,0.15,0.9760686649783881,0.9761358216772246,1.0,0.9730292639230648,0.9763223869230323,0.979499039925131,0.9779176764550928,0.9731519819662502,0.9785988180900452,0.9744465307937249,0.9782644553472819,0.9730405403217866
1,3,2.184491531054179,0.18168946484281256,4167,2.285562583378383,0.1630695443645084,834,2.2870916203607488,0.1555,0.9883363354220879,0.08276979011917224,,,0.6043380763627066,,0.6043801884768365,0.3956198115231635,0.8295832634521341,0.14753883770803156,10,0.025,0.15,0.972432817583074,0.9751602331261392,0.9730292639230648,1.0,0.9793552936973879,0.9794628662985319,0.9746421128255394,0.9792260889527873,0.9786128964083267,0.975420195674525,0.9702731653407258,0.9774464650187499
1,4,2.1723443988597753,0.19577633789296855,4167,2.2878949301583424,0.1524609843937575,833,2.286763269690019,0.1516,0.9893318248328443,0.08328187915113545,,,0.8027942166438965,,0.8028420062385503,0.1971579937614497,0.83741684881208,0.14831187968567894,10,0.025,0.15,0.9722040796988382,0.9798845654249956,0.9763223869230323,0.9793552936973879,1.0,0.9779965745327827,0.9778760692122092,0.9817266622988307,0.9783311602905537,0.9770629681096064,0.9735393303687141,0.9723649923904694
1,5,2.1736796592221115,0.1972402207823374,4167,2.2898854528154646,0.12965186074429771,833,2.286737116077278,0.1518,0.991242227408833,0.08362407214566563,,,0.9354084627748274,,0.9354442078856596,0.06455579211434037,0.8391380895643252,0.1484129329675979,10,0.025,0.15,0.9770187407586972,0.9754116963288129,0.979499039925131,0.9794628662985319,0.9779965745327827,1.0,0.9802768578909666,0.9800404964090786,0.9835367500906295,0.9782566458641596,0.979396348134928,0.9783022373489014
1,6,2.1631352103117742,0.20422366210703144,4167,2.2882842676980153,0.1524609843937575,833,2.286735951145993,0.1518,0.9899756275814834,0.08365620357884744,,,0.9478607509765865,,0.9479048043438795,0.05209519565612053,0.8391750653844604,0.14841505716784562,10,0.025,0.15,0.9769848808419199,0.9751153456485058,0.9779176764550928,0.9746421128255394,0.9778760692122092,0.9802768578909666,1.0,0.9810614166806233,0.9803068929892664,0.9786375929581811,0.9757727339206393,0.9755089121521022
1,7,2.1856871836113205,0.17945764338852893,4167,2.289127826690674,0.1644657863145258,833,2.28681691990623,0.1562,0.9909373096371736,0.08319056352246093,,,0.7674055516209011,,0.7674407090161905,0.23255929098380945,0.8365696360098244,0.14822748975329922,10,0.025,0.15,0.9763294168649976,0.980722383030961,0.9731519819662502,0.9792260889527873,0.9817266622988307,0.9800404964090786,0.9810614166806233,1.0,0.9789521133102947,0.9793934143532725,0.9776468232217166,0.977446792607928
1,8,2.168412508025314,0.1957273163706193,4166,2.287351608276367,0.13565426170468187,833,2.2867366845094703,0.1518,0.9915690015579154,0.08379074180640443,,,0.9999999996124578,,1.0,0.0,0.8391109752209941,0.14841627642613622,10,0.025,0.15,0.9777459093335393,0.979592201779451,0.9785988180900452,0.9786128964083267,0.9783311602905537,0.9835367500906295,0.9803068929892664,0.9789521133102947,1.0,0.9810601055805204,0.9787907358373827,0.9774574560143009
1,9,2.16895244771784,0.19805568891022562,4166,2.2865375450679233,0.1716686674669868,833,2.2867371311670617,0.1518,0.9896102448119273,0.08358063572407495,,,0.9185750138265775,,0.91862652869238,0.08137347130761996,0.8391582447909605,0.14841067176895673,10,0.025,0.15,0.9744655225440505,0.9771801521303668,0.9744465307937249,0.975420195674525,0.9770629681096064,0.9782566458641596,0.9786375929581811,0.9793934143532725,0.9810601055805204,1.0,0.9775715741839264,0.9762498474678282
1,10,2.159951516714963,0.20626500240038406,4166,2.2854853016989574,0.17046818727490998,833,2.286736111097698,0.1518,0.9880265679744306,0.08358280756702965,,,0.9194166947515419,,0.9194682378571075,0.08053176214289248,0.8391865607076128,0.14841081152069785,10,0.025,0.15,0.9758821818955172,0.9703179261616437,0.9782644553472819,0.9702731653407258,0.9735393303687141,0.979396348134928,0.9757727339206393,0.9776468232217166,0.9787907358373827,0.9775715741839264,1.0,0.9734700449139504
1,11,2.176941711252386,0.18343734997599617,4166,2.284318242754255,0.15846338535414164,833,2.2868456840515137,0.1559,0.9883078538227578,0.08307115353348336,,,0.7211291347395302,,0.7211714611080854,0.2788285388919146,0.8354643985853394,0.14810954055620626,10,0.025,0.15,0.9762992645830572,0.97697546856474,0.9730405403217866,0.9774464650187499,0.9723649923904694,0.9783022373489014,0.9755089121521022,0.977446792607928,0.9774574560143009,0.9762498474678282,0.9734700449139504,1.0
2,0,2.0658180518583817,0.2503959683225342,4167,2.2675743103027344,0.18465227817745802,834,2.2696771350088,0.1943,0.9837654213710177,0.0832521505462167,,,1.0,,1.0,0.0,0.9673863516560691,0.14777237550588454,10,0.025,0.15,1.0,0.9722997144633044,0.9664658061345377,0.9639890802197228,0.9650356997775555,0.966564500413147,0.9661383674827657,0.9695881235211276,0.9671855990431852,0.9638893176742008,0.9642575240190239,0.9644648963852339
2,1,2.0746612722223454,0.2433885289176866,4167,2.273749692099435,0.19544364508393286,834,2.269628458385226,0.1963,0.9866851903866452,0.08343611282996019,,,1.0,,1.0,0.0,0.967793998541544,0.14777237550588454,10,0.025,0.15,0.9722997144633044,1.0,0.9689531124287555,0.9671329746619136,0.9712276016018487,0.9691459077928942,0.9646219617755021,0.9738156103054751,0.9740924053858272,0.968487008137263,0.9622579297661016,0.9723387405705315
2,2,2.0570631630492935,0.265250779937605,4167,2.2691959653581892,0.19784172661870503,834,2.270174642152424,0.1916,0.9846832155828569,0.08296396060338351,,,1.0,,1.0,0.0,0.9627922068421618,0.14777237550588454,10,0.025,0.15,0.9664658061345377,0.9689531124287555,1.0,0.9651452145728748,0.9686060944015201,0.9691940895680642,0.9681083194142811,0.9677358657700709,0.9686474419366478,0.9654063547381838,0.9683823095760029,0.9642595250391532
2,3,2.089362982186404,0.23234941204703624,4167,2.2690867015293668,0.20863309352517986,834,2.2701332056069674,0.1967,0.9841669062793093,0.08295410955438177,,,1.0,,1.0,0.0,0.9629441483941201,0.14777237550588454,10,0.025,0.15,0.9639890802197228,0.9671329746619136,0.9651452145728748,1.0,0.9686632678545126,0.9692590683527754,0.9664699524176917,0.9696510448688749,0.9706576951390128,0.9645252962387396,0.9608521331903818,0.9684870114301163
2,4,2.0746207078297934,0.24852411807055436,4167,2.27143509047372,0.2028811524609844,833,2.2696664665318744,0.1963,0.9858142595469457,0.08332323316236576,,,1.0,,1.0,0.0,0.9675468865063057,0.14777237550588454,10,0.025,0.15,0.9650356997775555,0.9712276016018487,0.9686060944015201,0.9686632678545126,1.0,0.9709464381096761,0.9684175175454404,0.9742242749285034,0.9712100996067303,0.9675951843347502,0.9645376476405864,0.963627339842786
2,5,2.074574148654938,0.24247660187185024,4167,2.2730006831032887,0.17406962785114047,833,2.269621049301534,0.1962,0.9869948488741138,0.08357248085064964,,,1.0,,1.0,0.0,0.967793048084352,0.14777237550588454,10,0.025,0.15,0.966564500413147,0.9691459077928942,0.9691940895680642,0.9692590683527754,0.9709464381096761,1.0,0.9704083633396692,0.9721215441098924,0.9752423826249025,0.9664562984608263,0.967895371379127,0.9706879803245029
2,6,2.06424460700064,0.2533957283417327,4167,2.271803787776402,0.19447779111644659,833,2.26961936226374,0.1962,0.9840918640256376,0.0834981020194044,,,1.0,,1.0,0.0,0.9678295803798731,0.14777237550588454,10,0.025,0.15,0.9661383674827657,0.9646219617755021,0.9681083194142811,0.9664699524176917,0.9684175175454404,0.9704083633396692,1.0,0.9712064690420346,0.9685175786310286,0.9658936407447823,0.9616125699237049,0.9622028866446852
2,7,2.08756864973993,0.2379169666426686,4167,2.27297111919948,0.20408163265306123,833,2.2697311926491652,0.1957,0.9875696165481358,0.08332389373613955,,,1.0,,1.0,0.0,0.9672239754578232,0.14777237550588454,10,0.025,0.15,0.9695881235211276,0.9738156103054751,0.9677358657700709,0.9696510448688749,0.9742242749285034,0.9721215441098924,0.9712064690420346,1.0,0.9704603625746551,0.9693178703764621,0.9676404448962386,0.9691025318779818
2,8,2.066850078828407,0.24798367738838215,4166,2.2697721890040805,0.1872749099639856,833,2.2696201831479614,0.1962,0.987594644553002,0.08369468403997354,,,1.0,,1.0,0.0,0.9678526729657674,0.14777237550588454,10,0.025,0.15,0.9671855990431852,0.9740924053858272,0.9686474419366478,0.9706576951390128,0.9712100996067303,0.9752423826249025,0.9685175786310286,0.9704603625746551,1.0,0.972383639372756,0.9655081240369306,0.9710541434038327
2,9,2.075061400008924,0.24395103216514644,4166,2.2696732112339566,0.20168067226890757,833,2.2696213722229004,0.1961,0.9841926117295392,0.08345478713805511,,,1.0,,1.0,0.0,0.9677692674827347,0.14777237550588454,10,0.025,0.15,0.9638893176742008,0.968487008137263,0.9654063547381838,0.9645252962387396,0.9675951843347502,0.9664562984608263,0.9658936407447823,0.9693178703764621,0.972383639372756,1.0,0.9648787709827279,0.9659396435003723
2,10,2.062099831754511,0.2504560729716755,4166,2.268918548311506,0.2148859543817527,833,2.269619836082941,0.1961,0.9820873321555855,0.08338782102261065,,,1.0,,1.0,0.0,0.9677826193673313,0.14777237550588454,10,0.025,0.15,0.9642575240190239,0.9622579297661016,0.9683823095760029,0.9608521331903818,0.9645376476405864,0.967895371379127,0.9616125699237049,0.9676404448962386,0.9655081240369306,0.9648787709827279,1.0,0.9620959201160856
2,11,2.0846920342156383,0.23408545367258762,4166,2.2663579327719554,0.18607442977190877,833,2.2697687330125254,0.1962,0.9841293123608078,0.08313866449685922,,,1.0,,1.0,0.0,0.9664813573245878,0.14777237550588454,10,0.025,0.15,0.9644648963852339,0.9723387405705315,0.9642595250391532,0.9684870114301163,0.963627339842786,0.9706879803245029,0.9622028866446852,0.9691025318779818,0.9710541434038327,0.9659396435003723,0.9620959201160856,1.0
3,0,1.9994818066105697,0.276601871850252,4167,2.2433266980307445,0.2158273381294964,834,2.2462641770326637,0.2255,0.978821484257667,0.08323116975737785,,,1.0,,1.0,0.0,0.9856490617423146,0.14706363131299105,10,0.025,0.15,1.0,0.9623189406311148,0.9547881003053211,0.9551775947581054,0.955266773060089,0.9576510215577445,0.9560959695134778,0.9595180959076044,0.9562748370398336,0.952540529681886,0.9529197203535704,0.9533928889245463
3,1,2.0094652006120395,0.27017038636909047,4167,2.2512756756373813,0.2290167865707434,834,2.2461982286429105,0.2277,0.9820419545002486,0.08344946130467387,,,1.0,,1.0,0.0,0.9856490617423146,0.14706363131299105,10,0.025,0.15,0.9623189406311148,1.0,0.9603468407470183,0.9586263411424267,0.958431078711583,0.9597338775704528,0.9539372210744427,0.9629247316723233,0.9651803902433422,0.9580747897396571,0.9517337283541693,0.9624571333005315
3,2,1.99467271566391,0.28778497720182383,4167,2.2450361933026994,0.2278177458033573,834,2.246943784665458,0.2234,0.9795255861547265,0.08307607478123147,,,1.0,,1.0,0.0,0.9856490617423146,0.14706363131299105,10,0.025,0.15,0.9547881003053211,0.9603468407470183,1.0,0.9527631020286662,0.9562616207312746,0.959630388487473,0.9586395279556023,0.9572487228175243,0.9581783918909614,0.9549747922457216,0.958726396363631,0.9527903555017019
3,3,2.022591565594529,0.2634269258459323,4167,2.2468347549438477,0.2446043165467626,834,2.2468912088418307,0.226,0.9805293914440179,0.08310261902416441,,,1.0,,1.0,0.0,0.9856490617423146,0.14706363131299105,10,0.025,0.15,0.9551775947581054,0.9586263411424267,0.9527631020286662,1.0,0.9603806496858595,0.9604149683409495,0.9578204115776106,0.9599335686755616,0.9610303983567113,0.9573661616930037,0.9505598904694678,0.9621045119254465
3,4,2.0111887043172665,0.27338612910967125,4167,2.2488699981144498,0.23169267707082833,833,2.2462563001656832,0.2277,0.98097277693828,0.08334499569571131,,,1.0,,1.0,0.0,0.9856490617423146,0.14706363131299105,10,0.025,0.15,0.955266773060089,0.958431078711583,0.9562616207312746,0.9603806496858595,1.0,0.9635306485331041,0.9622148095871174,0.9645843060133045,0.9614924874587712,0.9553262971692744,0.9522772912696168,0.9514262462507138
3,5,2.0081163879596824,0.26947444204463644,4167,2.2497243540627614,0.2148859543817527,833,2.2461860270439824,0.2282,0.9833515337174185,0.08357624704735972,,,1.0,,1.0,0.0,0.9856490617423146,0.14706363131299105,10,0.025,0.15,0.9576510215577445,0.9597338775704528,0.959630388487473,0.9604149683409495,0.9635306485331041,1.0,0.9626755665971369,0.9617425921438708,0.9678880239376864,0.9560126755191931,0.9578081859234103,0.9619883658668013
3,6,1.997761396928267,0.280441564674826,4167,2.248943941933768,0.22448979591836735,833,2.246184035192562,0.2282,0.9801967787153077,0.08342776847918248,,,1.0,,1.0,0.0,0.9856490617423146,0.14706363131299105,10,0.025,0.15,0.9560959695134778,0.9539372210744427,0.9586395279556023,0.9578204115776106,0.9622148095871174,0.9626755665971369,1.0,0.9623787960908107,0.9604568654831662,0.9561679010407069,0.9499103258044335,0.9516987255428251
3,7,2.0250203385497585,0.26532277417806577,4167,2.2507625307355608,0.23289315726290516,833,2.2463357116602642,0.2279,0.9824604511700317,0.08339375961463029,,,1.0,,1.0,0.0,0.9856490617423146,0.14706363131299105,10,0.025,0.15,0.9595180959076044,0.9629247316723233,0.9572487228175243,0.9599335686755616,0.9645843060133045,0.9617425921438708,0.9623787960908107,1.0,0.9602085188832724,0.9569085993488364,0.9555969213681538,0.9576711239760322
3,8,2.0012283820094483,0.2729236677868459,4166,2.2457443305424283,0.22088835534213686,833,2.2461850099925753,0.2282,0.9832852026490306,0.08364956168301504,,,1.0,,1.0,0.0,0.9856490617423146,0.14706363131299105,10,0.025,0.15,0.9562748370398336,0.9651803902433422,0.9581783918909614,0.9610303983567113,0.9614924874587712,0.9678880239376864,0.9604568654831662,0.9602085188832724,1.0,0.9633002798494695,0.9536972838892289,0.9605222715558469
3,9,2.0110107057022324,0.26944311089774364,4166,2.2465065887996127,0.22088835534213686,833,2.2461869354489483,0.2282,0.9788990826150242,0.08335883708416074,,,1.0,,1.0,0.0,0.9856490617423146,0.14706363131299105,10,0.025,0.15,0.952540529681886,0.9580747897396571,0.9549747922457216,0.9573661616930037,0.9553262971692744,0.9560126755191931,0.9561679010407069,0.9569085993488364,0.9633002798494695,1.0,0.9515090769852295,0.9545543764761192
3,10,1.9981849522301645,0.27899663946231396,4166,2.246064935411726,0.234093637454982,833,2.246184886256351,0.2282,0.9760560532907382,0.08322506894414498,,,1.0,,1.0,0.0,0.9856490617423146,0.14706363131299105,10,0.025,0.15,0.9529197203535704,0.9517337283541693,0.958726396363631,0.9505598904694678,0.9522772912696168,0.9578081859234103,0.9499103258044335,0.9555969213681538,0.9536972838892289,0.9515090769852295,1.0,0.9486154439539802
3,11,2.024216658418829,0.26046567450792124,4166,2.241992609841483,0.23169267707082833,833,2.246384361122228,0.2278,0.9789246687919212,0.08316443658434786,,,1.0,,1.0,0.0,0.9856490617423146,0.14706363131299105,10,0.025,0.15,0.9533928889245463,0.9624571333005315,0.9527903555017019,0.9621045119254465,0.9514262462507138,0.9619883658668013,0.9516987255428251,0.9576711239760322,0.9605222715558469,0.9545543764761192,0.9486154439539802,1.0
4,0,1.9513951908458362,0.2962083033357331,4167,2.212601797921317,0.26258992805755393,834,2.2165817580645597,0.254,0.9752966083464961,0.08322272661477467,,,1.0,,1.0,0.0,0.9897518396220502,0.14651335575137614,10,0.025,0.15,1.0,0.9565139574630105,0.9467635534171305,0.948203337729558,0.9481916211958126,0.9482559231864665,0.9469635113371909,0.9535786506178255,0.948483676694776,0.946564764785274,0.9445123756347196,0.9435167417176791
4,1,1.9625961083354373,0.2882889368850492,4167,2.2226410593305315,0.2422062350119904,834,2.216497563108613,0.2551,0.9788143094405336,0.08347223770331216,,,1.0,,1.0,0.0,0.9897518396220502,0.14651335575137614,10,0.025,0.15,0.9565139574630105,1.0,0.9506649559031964,0.9539692751421126,0.9527779842289884,0.9514095907700559,0.9445706748615885,0.9555616423535224,0.9584124944550817,0.9492789840012928,0.9443180761420938,0.9551921322440052
4,2,1.9425019387042883,0.30359971202303815,4167,2.214681250708444,0.2709832134292566,834,2.2174551879303364,0.2509,0.9757379095599338,0.0831411700263499,,,1.0,,1.0,0.0,0.9897518396220502,0.14651335575137614,10,0.025,0.15,0.9467635534171305,0.9506649559031964,1.0,0.9469923940984843,0.948980737657484,0.9516140144566855,0.9498340782785938,0.9509671728101086,0.94846672770511,0.9465821266163251,0.9504832453464135,0.9454760396027893
4,3,1.9733932744372975,0.28056155507559394,4167,2.2186823231833324,0.2685851318944844,834,2.2173890644990943,0.2532,0.9781615224317071,0.08323647778121453,,,1.0,,1.0,0.0,0.9897518396220502,0.14651335575137614,10,0.025,0.15,0.948203337729558,0.9539692751421126,0.9469923940984843,1.0,0.9519589797716478,0.9538459806335754,0.950858922400287,0.9537577226754935,0.9534584703299497,0.9519546252838754,0.9432872320733351,0.9569088377876281
4,4,1.9667137250755773,0.2938804895608351,4167,2.2203163419451033,0.25690276110444177,833,2.2165772914886475,0.2551,0.977682360319611,0.08337078294968667,,,1.0,,1.0,0.0,0.9897518396220502,0.14651335575137614,10,0.025,0.15,0.9481916211958126,0.9527779842289884,0.948980737657484,0.9519589797716478,1.0,0.9565144732216314,0.9516213932546826,0.9568851538106142,0.9535172692307563,0.9478033988354699,0.9451878999336415,0.9459790866784499
4,5,1.9630952683362093,0.28507319414446847,4167,2.220104558127267,0.25570228091236497,833,2.216479367847684,0.2545,0.9791178209971942,0.08356053030472982,,,1.0,,1.0,0.0,0.9897518396220502,0.14651335575137614,10,0.025,0.15,0.9482559231864665,0.9514095907700559,0.9516140144566855,0.9538459806335754,0.9565144732216314,1.0,0.9545408400050736,0.9529621978580465,0.9575333263582374,0.9466299622372107,0.9476517649207923,0.9551862429779805
4,6,1.9469277728687633,0.29947204223662105,4167,2.2197402545384,0.25570228091236497,833,2.2164772281163856,0.2547,0.9751320208958878,0.08333895927146177,,,1.0,,1.0,0.0,0.9897518396220502,0.14651335575137614,10,0.025,0.15,0.9469635113371909,0.9445706748615885,0.9498340782785938,0.950858922400287,0.9516213932546826,0.9545408400050736,1.0,0.9523989257336325,0.948691972795043,0.9471289213900678,0.9384589101912901,0.9444342647244706
4,7,1.9751767707593513,0.28581713462922964,4167,2.222533873149327,0.2533013205282113,833,2.2166725170763235,0.2545,0.9792571459113305,0.0834522027171586,,,1.0,,1.0,0.0,0.9897518396220502,0.14651335575137614,10,0.025,0.15,0.9535786506178255,0.9555616423535224,0.9509671728101086,0.9537577226754935,0.9568851538106142,0.9529621978580465,0.9523989257336325,1.0,0.9531973650779828,0.9497396233397314,0.9478591108932458,0.9509809148734295
4,8,1.9532495216889816,0.29219875180028804,4166,2.2152912276131764,0.2545018007202881,833,2.2164781576470483,0.2547,0.9788949328965079,0.08359861787994274,,,1.0,,1.0,0.0,0.9897518396220502,0.14651335575137614,10,0.025,0.15,0.948483676694776,0.9584124944550817,0.94846672770511,0.9534584703299497,0.9535172692307563,0.9575333263582374,0.948691972795043,0.9531973650779828,1.0,0.9552031395957026,0.9442237541379679,0.9522799110052563
4,9,1.9639472444852193,0.28670187229956795,4166,2.217070613588606,0.24729891956782712,833,2.2164811092086985,0.2545,0.9753299543448912,0.08330277029465587,,,1.0,,1.0,0.0,0.9897518396220502,0.14651335575137614,10,0.025,0.15,0.946564764785274,0.9492789840012928,0.9465821266163251,0.9519546252838754,0.9478033988354699,0.9466299622372107,0.9471289213900678,0.9497396233397314,0.9552031395957026,1.0,0.9425560660205858,0.9484246946871913
4,10,1.9518922213352088,0.2961353816610658,4166,2.2170400619506836,0.24009603841536614,833,2.2164787642563444,0.2547,0.9716817109335993,0.08310128500054252,,,1.0,,1.0,0.0,0.9897518396220502,0.14651335575137614,10,0.025,0.15,0.9445123756347196,0.9443180761420938,0.9504832453464135,0.9432872320733351,0.9451878999336415,0.9476517649207923,0.9384589101912901,0.9478591108932458,0.9442237541379679,0.9425560660205858,1.0,0.9406857697480526
4,11,1.973981021751057,0.2795487277964474,4166,2.2113241468157088,0.2460984393757503,833,2.2167327917074857,0.2541,0.9759351517854468,0.08320223945617078,,,1.0,,1.0,0.0,0.9897518396220502,0.14651335575137614,10,0.025,0.15,0.9435167417176791,0.9551921322440052,0.9454760396027893,0.9569088377876281,0.9459790866784499,0.9551862429779805,0.9444342647244706,0.9509809148734295,0.9522799110052563,0.9484246946871913,0.9406857697480526,1.0
5,0,1.9077389413660222,0.3119510439164867,4167,2.176920073372977,0.2865707434052758,834,2.1817581532876704,0.2754,0.9730389763541855,0.08325495846287714,,,1.0,,1.0,0.0,0.9913569685708237,0.14600164003117486,10,0.025,0.15,1.0,0.9485718640193327,0.9415694426128963,0.9417855121551166,0.9437927327194928,0.9416970573925161,0.9429429206716967,0.9464623909970031,0.9424195860286307,0.9394837348604567,0.9399938806617297,0.9365455977563811
5,1,1.922417082931056,0.305879529637629,4167,2.1886801379067555,0.2589928057553957,834,2.1816576010064233,0.2771,0.9750379424172658,0.08347463427463093,,,1.0,,1.0,0.0,0.9913569685708237,0.14600164003117486,10,0.025,0.15,0.9485718640193327,1.0,0.9433793577188078,0.9482893760772569,0.945614199962194,0.9414881537021192,0.9388815849414415,0.9461184851796617,0.9516329493869965,0.9393008243635189,0.9374932058862645,0.9476823257423522
5,2,1.9034938725558195,0.3181905447564195,4167,2.1793055874960765,0.2805755395683453,834,2.1828135840500456,0.2731,0.9727546193588188,0.08319518251893114,,,1.0,,1.0,0.0,0.9913569685708237,0.14600164003117486,10,0.025,0.15,0.9415694426128963,0.9433793577188078,1.0,0.9408015960625269,0.9419398601376265,0.9415232607820772,0.9441944122870276,0.9418981536371377,0.9417736465403188,0.9405861689482863,0.944973063741286,0.9393976673566158
5,3,1.9346105629747563,0.29383249340052797,4167,2.18563597542899,0.3057553956834532,834,2.1827335599102553,0.2755,0.9754887509030059,0.08334332344082603,,,1.0,,1.0,0.0,0.9913569685708237,0.14600164003117486,10,0.025,0.15,0.9417855121551166,0.9482893760772569,0.9408015960625269,1.0,0.9453506067072759,0.9448339459023032,0.9446883527126416,0.9458811245693844,0.947321336832408,0.9445050144954054,0.9382183519871876,0.9521896433297978
5,4,1.9259685241814815,0.31255099592032637,4167,2.1866840975625172,0.28211284513805523,833,2.1817566744888883,0.2769,0.9741963535994751,0.08338437287463779,,,1.0,,1.0,0.0,0.9913569685708237,0.14600164003117486,10,0.025,0.15,0.9437927327194928,0.945614199962194,0.9419398601376265,0.9453506067072759,1.0,0.9497110298269515,0.9450071537570707,0.9474234254819832,0.9458546656923562,0.9369789680920577,0.9395892560907567,0.9373961986966864
5,5,1.9204658024238817,0.30268778497720183,4167,2.185114622116089,0.2809123649459784,833,2.181634160536754,0.2769,0.9745093338472179,0.08351208365413246,,,1.0,,1.0,0.0,0.9913569685708237,0.14600164003117486,10,0.025,0.15,0.9416970573925161,0.9414881537021192,0.9415232607820772,0.9448339459023032,0.9497110298269515,1.0,0.9476941411328726,0.943546487244881,0.949015869371658,0.9358800100526627,0.940596619875947,0.9462267786983938
5,6,1.908588057937044,0.31454283657307414,4167,2.184994867869786,0.2845138055222089,833,2.181632213954684,0.2769,0.9728427768682394,0.08332054562623162,,,1.0,,1.0,0.0,0.9913569685708237,0.14600164003117486,10,0.025,0.15,0.9429429206716967,0.9388815849414415,0.9441944122870276,0.9446883527126416,0.9450071537570707,0.9476941411328726,1.0,0.9456698341468529,0.942331097373087,0.9397868234282045,0.9333750089894267,0.9383167288295047
5,7,1.934463226072716,0.30127189824814016,4167,2.1892146723611012,0.2689075630252101,833,2.181865348091608,0.2764,0.9746098072063206,0.08344827191456415,,,1.0,,1.0,0.0,0.9913569685708237,0.14600164003117486,10,0.025,0.15,0.9464623909970031,0.9461184851796617,0.9418981536371377,0.9458811245693844,0.9474234254819832,0.943546487244881,0.9456698341468529,1.0,0.9428294042256162,0.9383887313791041,0.9409592489838843,0.9443034503046385
5,8,1.9109524900263006,0.30780124819971194,4166,2.1796906675611223,0.28811524609843936,833,2.181632823581937,0.2769,0.9751987839340986,0.08355814327691276,,,1.0,,1.0,0.0,0.9913569685708237,0.14600164003117486,10,0.025,0.15,0.9424195860286307,0.9516329493869965,0.9417736465403188,0.947321336832408,0.9458546656923562,0.949015869371658,0.942331097373087,0.9428294042256162,1.0,0.9469037017881912,0.934393791153913,0.9457435189751916
5,9,1.9223387949394457,0.3012962073931829,4166,2.1825920854296004,0.26410564225690275,833,2.181636804266821,0.2769,0.9705812199958854,0.08322441989490696,,,1.0,,1.0,0.0,0.9913569685708237,0.14600164003117486,10,0.025,0.15,0.9394837348604567,0.9393008243635189,0.9405861689482863,0.9445050144954054,0.9369789680920577,0.9358800100526627,0.9397868234282045,0.9383887313791041,0.9469037017881912,1.0,0.9354852381516673,0.9392248388315955
5,10,1.9096292954502683,0.314450312049928,4166,2.1829474653516496,0.25930372148859543,833,2.18163443818877,0.2768,0.9691204665016045,0.08305202888584039,,,1.0,,1.0,0.0,0.9913569685708237,0.14600164003117486,10,0.025,0.15,0.9399938806617297,0.9374932058862645,0.944973063741286,0.9382183519871876,0.9395892560907567,0.940596619875947,0.9333750089894267,0.9409592489838843,0.934393791153913,0.9354852381516673,1.0,0.9345623043713376
5,11,1.9342288436311663,0.29685549687950075,4166,2.1755919797079906,0.2581032412965186,833,2.1819351504120648,0.2763,0.9727249435277536,0.08323203517550855,,,1.0,,1.0,0.0,0.9913569685708237,0.14600164003117486,10,0.025,0.15,0.9365455977563811,0.9476823257423522,0.9393976673566158,0.9521896433297978,0.9373961986966864,0.9462267786983938,0.9383167288295047,0.9443034503046385,0.9457435189751916,0.9392248388315955,0.9345623043713376,1.0
6,0,1.8694236300208351,0.32980561555075594,4167,2.136723824909755,0.2997601918465228,834,2.142540183248399,0.2998,0.9704257604965372,0.0832861817572417,,,1.0,,1.0,0.0,0.9932608022088238,0.14555767112401047,10,0.025,0.15,1.0,0.9421735051342077,0.9373558005608051,0.9359759464824431,0.9380343053073071,0.9363369018748561,0.9377060529262123,0.9410710194349842,0.9367174780830717,0.9338812891520908,0.9331651404235468,0.9278347358331976
6,1,1.8852601809935137,0.3213102951763859,4167,2.150494711739676,0.2793764988009592,834,2.142429059064841,0.3009,0.9717781789452348,0.08346651573680883,,,1.0,,1.0,0.0,0.9932608022088238,0.14555767112401047,10,0.025,0.15,0.9421735051342077,1.0,0.9390881548939235,0.9405689305645935,0.9389607333663049,0.934406603988935,0.9328648242739139,0.9373385822193546,0.9458639913327177,0.9368124853543248,0.9293061745235971,0.9384534788545753
6,2,1.8641655629331415,0.33194144468442527,4167,2.1396693161555698,0.31894484412470026,834,2.1437409769130658,0.2975,0.9708757550581208,0.08326380427981638,,,1.0,,1.0,0.0,0.9932608022088238,0.14555767112401047,10,0.025,0.15,0.9373558005608051,0.9390881548939235,1.0,0.9332635894905186,0.9361128423427382,0.937169913002721,0.9390381049851835,0.9391590001316688,0.9358962234962426,0.9359974812316497,0.9385277184824075,0.9339666210137901
6,3,1.8953414819457315,0.3106311495080394,4167,2.1486709117889404,0.33093525179856115,834,2.1436502752424795,0.3004,0.9715443379889414,0.08337747072809384,,,1.0,,1.0,0.0,0.9932608022088238,0.14555767112401047,10,0.025,0.15,0.9359759464824431,0.9405689305645935,0.9332635894905186,1.0,0.9376482879208281,0.938438199088665,0.9386829109939145,0.9396429927216101,0.9373759984707067,0.939004056606209,0.9289733393166385,0.9436391995496479
6,4,1.8874037085157451,0.32375809935205185,4167,2.148989234651838,0.30012004801920766,833,2.142542700224285,0.3007,0.9714226074352276,0.08339894952504666,,,1.0,,1.0,0.0,0.9932608022088238,0.14555767112401047,10,0.025,0.15,0.9380343053073071,0.9389607333663049,0.9361128423427382,0.9376482879208281,1.0,0.9436428205017678,0.9387110668281629,0.9429594299349626,0.9405282824613883,0.934059255133223,0.9305020055178664,0.930574169864278
6,5,1.889175454053012,0.3144708423326134,4167,2.145774943487985,0.2929171668667467,833,2.1424031649963764,0.3012,0.9720519622918159,0.08349866894599825,,,1.0,,1.0,0.0,0.9932608022088238,0.14555767112401047,10,0.025,0.15,0.9363369018748561,0.934406603988935,0.937169913002721,0.938438199088665,0.9436428205017678,1.0,0.9424984848832122,0.9381125175464032,0.9404556112621271,0.9347622780294527,0.9327829095343636,0.9404049993916377
6,6,1.8716530958811441,0.3261099112071034,4167,2.1455300876072476,0.3205282112845138,833,2.142401994029178,0.3012,0.9705062648161292,0.08332947360426034,,,1.0,,1.0,0.0,0.9932608022088238,0.14555767112401047,10,0.025,0.15,0.9377060529262123,0.9328648242739139,0.9390381049851835,0.9386829109939145,0.9387110668281629,0.9424984848832122,1.0,0.9424245332535224,0.9354575978200151,0.9349884665285625,0.9268203912290041,0.9319393232521648
6,7,1.8980409596905563,0.3127429805615551,4167,2.1514602388654436,0.2893157262905162,833,2.1426590062394926,0.3009,0.9722972296662482,0.08346710852941275,,,1.0,,1.0,0.0,0.9932608022088238,0.14555767112401047,10,0.025,0.15,0.9410710194349842,0.9373385822193546,0.9391590001316688,0.9396429927216101,0.9429594299349626,0.9381125175464032,0.9424245332535224,1.0,0.936539156374317,0.9343118305814853,0.9325262914065121,0.9378383511541373
6,8,1.875828550078652,0.31809889582333173,4166,2.1395797729492188,0.3205282112845138,833,2.142401963849611,0.3012,0.9713767154403207,0.08350519166513026,,,1.0,,1.0,0.0,0.9932608022088238,0.14555767112401047,10,0.025,0.15,0.9367174780830717,0.9458639913327177,0.9358962234962426,0.9373759984707067,0.9405282824613883,0.9404556112621271,0.9354575978200151,0.936539156374317,1.0,0.9410456839037309,0.9257971733260001,0.9353986321906139
6,9,1.8867115353093002,0.3159865578492559,4166,2.143609183175223,0.2845138055222089,833,2.1424068287958073,0.3012,0.9691636178827332,0.08322606099627533,,,1.0,,1.0,0.0,0.9932608022088238,0.14555767112401047,10,0.025,0.15,0.9338812891520908,0.9368124853543248,0.9359974812316497,0.939004056606209,0.934059255133223,0.9347622780294527,0.9349884665285625,0.9343118305814853,0.9410456839037309,1.0,0.927131318261848,0.9335812281028061
6,10,1.8770020412676263,0.32645223235717713,4166,2.144355739865984,0.28691476590636256,833,2.1424047977109497,0.3011,0.964493102836192,0.08296676736281006,,,1.0,,1.0,0.0,0.9932608022088238,0.14555767112401047,10,0.025,0.15,0.9331651404235468,0.9293061745235971,0.9385277184824075,0.9289733393166385,0.9305020055178664,0.9327829095343636,0.9268203912290041,0.9325262914065121,0.9257971733260001,0.927131318261848,1.0,0.9258641503447129
6,11,1.899029896476052,0.31058569371099376,4166,2.135298320225307,0.28211284513805523,833,2.142733066896849,0.3009,0.9686434049839453,0.0832138068691059,,,1.0,,1.0,0.0,0.9932608022088238,0.14555767112401047,10,0.025,0.15,0.9278347358331976,0.9384534788545753,0.9339666210137901,0.9436391995496479,0.930574169864278,0.9404049993916377,0.9319393232521648,0.9378383511541373,0.9353986321906139,0.9335812281028061,0.9258641503447129,1.0
7,0,1.8384091200250567,0.3397888168946484,4167,2.0938936301640103,0.33213429256594723,834,2.1004617093484614,0.3206,0.9651979930265646,0.08324683733608791,,,1.0,,1.0,0.0,0.9937291934005703,0.14504275289585497,10,0.025,0.15,1.0,0.933486893862817,0.9280159960275185,0.926054965698568,0.9315939702158043,0.9282493228766282,0.9299734069060043,0.9285753579506721,0.9259381245786913,0.9254945414213631,0.9257025240372695,0.9165159578535519
7,1,1.8526698488177675,0.3325653947684185,4167,2.1093670300074985,0.30455635491606714,834,2.1003424306459064,0.3217,0.9692746866416387,0.08349200753377965,,,1.0,,1.0,0.0,0.9937291934005703,0.14504275289585497,10,0.025,0.15,0.933486893862817,1.0,0.9289518333502667,0.935982706377176,0.9338113283968092,0.9267420496294989,0.9277320952873271,0.9307797477077514,0.9397944942101955,0.9312220590512895,0.9257958984787706,0.9324568054036199
7,2,1.829201923717152,0.3431245500359971,4167,2.0971061502184187,0.33093525179856115,834,2.101788593243949,0.3201,0.9666190463347487,0.0832793788692448,,,1.0,,1.0,0.0,0.9937291934005703,0.14504275289585497,10,0.025,0.15,0.9280159960275185,0.9289518333502667,1.0,0.9264794541928071,0.9286531450038555,0.9299346552998793,0.9321753048945682,0.925852618216066,0.9273231263417355,0.9304029573187883,0.9330939696931948,0.9252854277630026
7,3,1.8589560934991547,0.32061435085193185,4167,2.1090294974190846,0.3393285371702638,834,2.101685101472879,0.3215,0.9692744676446812,0.08343671711820311,,,1.0,,1.0,0.0,0.9937291934005703,0.14504275289585497,10,0.025,0.15,0.926054965698568,0.935982706377176,0.9264794541928071,1.0,0.9331137733138216,0.9308379792535487,0.9330728007725602,0.9321495928187105,0.9304702231100752,0.9351934897714269,0.925261577077113,0.9382196709954203
