round,client_id,client_i_training_loss,client_i_training_accuracy,client_i_training_dataset_size,client_i_evaluation_loss,client_i_evaluation_accuracy,client_i_evaluation_dataset_size,client_i_central_evaluation_loss,client_i_central_evaluation_accuracy,client_i_cosine_similarity,client_i_importance_coefficient,client_i_tanh_val,tanh_normalization_value,client_i_q,client_i_mask_order,client_i_v_nonzero_fraction,client_i_v_sparsity,client_i_v_cosine_similarity,client_i_reward_gradient_norm,local_epochs,learning_rate,gamma,client_0_cosine_similarity,client_1_cosine_similarity,client_2_cosine_similarity,client_3_cosine_similarity,client_4_cosine_similarity,client_5_cosine_similarity,client_6_cosine_similarity,client_7_cosine_similarity,client_8_cosine_similarity,client_9_cosine_similarity,client_10_cosine_similarity,client_11_cosine_similarity
0,0,2.226298662355751,0.22096,5000,2.2720720326458967,0.16906474820143885,834,2.267644175325339,0.1699,0.9966890516465395,0.08341952966325272,,,1.0,,1.0,0.0,0,0.09956592072858927,5,0.001,0.1,1.0,0.9845528371307124,0.9941888256786073,0.9891179771298061,0.9946927390591717,0.992862426113866,0.9928579004934264,0.9920369152881494,0.9914647799996122,0.9897221017718236,0.9937893638729733,0.9930654470600058
0,1,2.230253693404471,0.2362,5000,2.2615673630325883,0.18345323741007194,834,2.267644175325339,0.1699,0.9908992190605872,0.08293494010109066,,,1.0,,1.0,0.0,0,0.09956592072858927,5,0.001,0.1,0.9845528371307124,1.0,0.9830739813113009,0.9851314113916286,0.9839614350657183,0.9858206773891297,0.9858740546421645,0.9860108433813064,0.9876711123190702,0.9799715096925674,0.9891328713613996,0.9879741805312612
0,2,2.2242324242925946,0.19168,5000,2.267780445240162,0.17865707434052758,834,2.267644175325339,0.1699,0.9963740372593748,0.08339316401594173,,,1.0,,1.0,0.0,0,0.09956592072858927,5,0.001,0.1,0.9941888256786073,0.9830739813113009,1.0,0.9915588673403097,0.9944345530649447,0.9930037086833737,0.9890851170892669,0.9909259556077402,0.99237896821324,0.9916197282500572,0.9929875456974865,0.991330299146537
0,3,2.2242831782930215,0.2204,5000,2.2671374303323253,0.16666666666666666,834,2.267644175325339,0.1699,0.9954535597346696,0.08331612313538862,,,1.0,,1.0,0.0,0,0.09956592072858927,5,0.001,0.1,0.9891179771298061,0.9851314113916286,0.9915588673403097,1.0,0.9902858024249234,0.9918128293975367,0.9892062519708517,0.9937319021140217,0.9913989291446507,0.9889051679875377,0.9923937904178698,0.990046838489139
0,4,2.2246635157591217,0.20868,5000,2.269959953096178,0.15846338535414164,833,2.267644175325339,0.1699,0.9970873838878633,0.08345286873541977,,,1.0,,1.0,0.0,0,0.09956592072858927,5,0.001,0.1,0.9946927390591717,0.9839614350657183,0.9944345530649447,0.9902858024249234,1.0,0.9941998621184741,0.9922773099881808,0.9890358723952373,0.9928641643727459,0.9945759597095923,0.9919160893050654,0.9948667642561789
0,5,2.225505354450007,0.21576,5000,2.2703958882225885,0.16926770708283315,833,2.267644175325339,0.1699,0.9966594264883678,0.08341705013690817,,,1.0,,1.0,0.0,0,0.09956592072858927,5,0.001,0.1,0.992862426113866,0.9858206773891297,0.9930037086833737,0.9918128293975367,0.9941998621184741,1.0,0.9933155981613345,0.9911030516747361,0.9896336433650832,0.9918000871688445,0.9901891241321081,0.9942563471186261
0,6,2.223367569856583,0.21648,5000,2.2681523429022894,0.1644657863145258,833,2.267644175325339,0.1699,0.9958469760806767,0.08334905076361081,,,1.0,,1.0,0.0,0,0.09956592072858927,5,0.001,0.1,0.9928579004934264,0.9858740546421645,0.9890851170892669,0.9892062519708517,0.9922773099881808,0.9933155981613345,1.0,0.9918690141764671,0.9909100694443275,0.9896147457667486,0.9921963660740647,0.9910838428322636
0,7,2.2244155950607007,0.20004,5000,2.268409676022,0.15486194477791115,833,2.267644175325339,0.1699,0.9952346927519101,0.08329780470324526,,,1.0,,1.0,0.0,0,0.09956592072858927,5,0.001,0.1,0.9920369152881494,0.9860108433813064,0.9909259556077402,0.9937319021140217,0.9890358723952373,0.9911030516747361,0.9918690141764671,1.0,0.989390697106665,0.9846491953298694,0.9939586370346387,0.9882626799416991
0,8,2.2260746220874177,0.2378,5000,2.263722225471779,0.16806722689075632,833,2.267644175325339,0.1699,0.9961654319417924,0.08337570445074512,,,1.0,,1.0,0.0,0,0.09956592072858927,5,0.001,0.1,0.9914647799996122,0.9876711123190702,0.99237896821324,0.9913989291446507,0.9928641643727459,0.9896336433650832,0.9909100694443275,0.989390697106665,1.0,0.9909526852149086,0.9944463350317204,0.9909837680336202
0,9,2.2258457080573795,0.20692,5000,2.2731727759043374,0.1836734693877551,833,2.267644175325339,0.1699,0.9944556613902006,0.08323260239197337,,,1.0,,1.0,0.0,0,0.09956592072858927,5,0.001,0.1,0.9897221017718236,0.9799715096925674,0.9916197282500572,0.9889051679875377,0.9945759597095923,0.9918000871688445,0.9896147457667486,0.9846491953298694,0.9909526852149086,1.0,0.9872048881901703,0.9926508986823673
0,10,2.2247587364949997,0.20444,5000,2.2658787656713417,0.17286914765906364,833,2.267644175325339,0.1699,0.99667697910281,0.08341851923184676,,,1.0,,1.0,0.0,0,0.09956592072858927,5,0.001,0.1,0.9937893638729733,0.9891328713613996,0.9929875456974865,0.9923937904178698,0.9919160893050654,0.9901891241321081,0.9921963660740647,0.9939586370346387,0.9944463350317204,0.9872048881901703,1.0,0.9899920612436021
0,11,2.2286624033739613,0.217,5000,2.2614412660951966,0.16926770708283315,833,2.267644175325339,0.1699,0.9963678082717601,0.08339264267057706,,,1.0,,1.0,0.0,0,0.09956592072858927,5,0.001,0.1,0.9930654470600058,0.9879741805312612,0.991330299146537,0.990046838489139,0.9948667642561789,0.9942563471186261,0.9910838428322636,0.9882626799416991,0.9909837680336202,0.9926508986823673,0.9899920612436021,1.0
1,0,2.1074775269077084,0.35196,5000,2.2194957115032055,0.26139088729016785,834,2.2165935770772136,0.2724,0.9984093387246339,0.08339813977970024,,,1.0,,1.0,0.0,0.9582812924638772,0.09980403294164229,5,0.001,0.1,1.0,0.993976957389115,0.996987329190731,0.995382310827559,0.9970575156198207,0.996806771278003,0.997004164468698,0.9966905811027911,0.9954233911311561,0.9961491155371229,0.996148833472211,0.9957900688035762
1,1,2.1148612086180667,0.39908,5000,2.2105408332965992,0.30335731414868106,834,2.2165935770772136,0.2724,0.9965023572269424,0.08303934546452871,,,1.0,,1.0,0.0,0.9582812924638772,0.09980403294164229,5,0.001,0.1,0.993976957389115,1.0,0.9934907151274738,0.9935445574389765,0.9942724266989315,0.9942848356497556,0.9936599409239272,0.9937449871562419,0.9948532017075151,0.9925581633427158,0.9950471430668462,0.9951857414991228
1,2,2.105395048742841,0.34272,5000,2.217497534222073,0.2685851318944844,834,2.2165935770772136,0.2724,0.9982808452116487,0.0833778198172332,,,1.0,,1.0,0.0,0.9582812924638772,0.09980403294164229,5,0.001,0.1,0.996987329190731,0.9934907151274738,1.0,0.9969510795131796,0.9967465752066798,0.9961463071582412,0.9949804386810382,0.9962085740989837,0.9964176980207721,0.9966218234068709,0.9965180801627137,0.9948101420691998
1,3,2.10245001695718,0.36232,5000,2.2159754965040417,0.2709832134292566,834,2.2165935770772136,0.2724,0.9980438751545224,0.08332291535244848,,,1.0,,1.0,0.0,0.9582812924638772,0.09980403294164229,5,0.001,0.1,0.995382310827559,0.9935445574389765,0.9969510795131796,1.0,0.9959339355233598,0.9955865430792314,0.9949588195126514,0.9964445449155482,0.9966258979986512,0.9961938699355544,0.996654650461288,0.9947703198574548
1,4,2.104356350109076,0.36232,5000,2.2194117351814553,0.2689075630252101,833,2.2165935770772136,0.2724,0.9986343173794193,0.0834258518102817,,,1.0,,1.0,0.0,0.9582812924638772,0.09980403294164229,5,0.001,0.1,0.9970575156198207,0.9942724266989315,0.9967465752066798,0.9959339355233598,1.0,0.9971139038807401,0.996514298454658,0.9953620510902873,0.9964228116718357,0.9978361391615886,0.9957408646156849,0.99711171780189
1,5,2.1063099545278368,0.34928,5000,2.219322743239226,0.2845138055222089,833,2.2165935770772136,0.2724,0.9982647050417691,0.08339194976993834,,,1.0,,1.0,0.0,0.9582812924638772,0.09980403294164229,5,0.001,0.1,0.996806771278003,0.9942848356497556,0.9961463071582412,0.9955865430792314,0.9971139038807401,1.0,0.9966337302538306,0.9947377254650818,0.9954125426525265,0.9967374953166991,0.9951875540419468,0.9970396062385447
1,6,2.1006709613617818,0.34936,5000,2.217455404776114,0.26290516206482595,833,2.2165935770772136,0.2724,0.9980596049583017,0.08334361992704648,,,1.0,,1.0,0.0,0.9582812924638772,0.09980403294164229,5,0.001,0.1,0.997004164468698,0.9936599409239272,0.9949804386810382,0.9949588195126514,0.996514298454658,0.9966337302538306,1.0,0.9954481575717161,0.9956681637681641,0.9970543983323255,0.9957199026608351,0.9955907885897011
1,7,2.1030281659144503,0.33748,5000,2.2187598369739674,0.2605042016806723,833,2.2165935770772136,0.2724,0.9978802556849337,0.0833063973439193,,,1.0,,1.0,0.0,0.9582812924638772,0.09980403294164229,5,0.001,0.1,0.9966905811027911,0.9937449871562419,0.9962085740989837,0.9964445449155482,0.9953620510902873,0.9947377254650818,0.9954481575717161,1.0,0.99615966664954,0.9947678657642381,0.9977241980483941,0.9937992026118916
1,8,2.106534032001617,0.4022,5000,2.213530602278533,0.2785114045618247,833,2.2165935770772136,0.2724,0.998231873542311,0.08336552973559733,,,1.0,,1.0,0.0,0.9582812924638772,0.09980403294164229,5,0.001,0.1,0.9954233911311561,0.9948532017075151,0.9964176980207721,0.9966258979986512,0.9964228116718357,0.9954125426525265,0.9956681637681641,0.99615966664954,1.0,0.9964821608554957,0.9968515195833942,0.9949844319156284
1,9,2.1054031116947245,0.35544,5000,2.224351441418683,0.2725090036014406,833,2.2165935770772136,0.2724,0.9982439269653851,0.0832781445285104,,,1.0,,1.0,0.0,0.9582812924638772,0.09980403294164229,5,0.001,0.1,0.9961491155371229,0.9925581633427158,0.9966218234068709,0.9961938699355544,0.9978361391615886,0.9967374953166991,0.9970543983323255,0.9947678657642381,0.9964821608554957,1.0,0.9949495420761758,0.9960862995683123
1,10,2.1023534291868757,0.3568,5000,2.214452655227096,0.2653061224489796,833,2.2165935770772136,0.2724,0.9981863889484557,0.08339032262258612,,,1.0,,1.0,0.0,0.9582812924638772,0.09980403294164229,5,0.001,0.1,0.996148833472211,0.9950471430668462,0.9965180801627137,0.996654650461288,0.9957408646156849,0.9951875540419468,0.9957199026608351,0.9977241980483941,0.9968515195833942,0.9949495420761758,1.0,0.9942135027440434
1,11,2.1110741105049278,0.3534,5000,2.210057081999602,0.27130852340936373,833,2.2165935770772136,0.2724,0.9977376357932997,0.08335996384820986,,,1.0,,1.0,0.0,0.9582812924638772,0.09980403294164229,5,0.001,0.1,0.9957900688035762,0.9951857414991228,0.9948101420691998,0.9947703198574548,0.99711171780189,0.9970396062385447,0.9955907885897011,0.9937992026118916,0.9949844319156284,0.9960862995683123,0.9942135027440434,1.0
2,0,1.9395755767822265,0.4526,5000,2.154683227892275,0.31894484412470026,834,2.1532577660898813,0.3205,0.9989483296085017,0.08337842881846332,,,1.0,,1.0,0.0,0.9865483314890068,0.09987825987947292,5,0.001,0.1,1.0,0.9966841359340514,0.99785003941449,0.9970137757714973,0.9978899825602605,0.9977884726835518,0.9979162094128118,0.9979670428059834,0.9972203333696914,0.9973853473097586,0.9976108664562604,0.997454742656474
2,1,1.950137945648971,0.50284,5000,2.147130286252057,0.3369304556354916,834,2.1532577660898813,0.3205,0.9980773097561896,0.08313030825957148,,,1.0,,1.0,0.0,0.9865483314890068,0.09987825987947292,5,0.001,0.1,0.9966841359340514,1.0,0.9964021171269157,0.9965542862159749,0.996522555245602,0.9964881033166809,0.9964999569174211,0.9964830622790586,0.9970592021841951,0.9956582401852322,0.996914100639869,0.9970923051584635
2,2,1.9383686931269943,0.44064,5000,2.1551816993289523,0.31894484412470026,834,2.1532577660898813,0.3205,0.9989819988092693,0.08336705539032686,,,1.0,,1.0,0.0,0.9865483314890068,0.09987825987947292,5,0.001,0.1,0.99785003941449,0.9964021171269157,1.0,0.9981403580494281,0.9979468504647719,0.9976645727848819,0.9966329135812019,0.9977361237113862,0.9978103807995692,0.9979582041073115,0.9979808811450375,0.9970618467678033
2,3,1.931116326903082,0.46024,5000,2.1525188110492848,0.3273381294964029,834,2.1532577660898813,0.3205,0.9987948936165991,0.08332734990026898,,,1.0,,1.0,0.0,0.9865483314890068,0.09987825987947292,5,0.001,0.1,0.9970137757714973,0.9965542862159749,0.9981403580494281,1.0,0.9974675585466102,0.9972097529898594,0.9965532099729235,0.9980254171256029,0.9979391340594169,0.9973358329227898,0.9980626189902042,0.9966427988702333
2,4,1.9340464473529986,0.46952,5000,2.156697776582506,0.3157262905162065,833,2.1532577660898813,0.3205,0.9990282914109757,0.08339800225028152,,,1.0,,1.0,0.0,0.9865483314890068,0.09987825987947292,5,0.001,0.1,0.9978899825602605,0.996522555245602,0.9979468504647719,0.9974675585466102,1.0,0.9978182153034358,0.9975325642949514,0.9972996136077996,0.9975384399233302,0.9985415273984525,0.9973549726574326,0.9978262841745231
2,5,1.9394008648623327,0.46568,5000,2.155636186952944,0.32653061224489793,833,2.1532577660898813,0.3205,0.9988911118300006,0.08337278654724882,,,1.0,,1.0,0.0,0.9865483314890068,0.09987825987947292,5,0.001,0.1,0.9977884726835518,0.9964881033166809,0.9976645727848819,0.9972097529898594,0.9978182153034358,1.0,0.9977748802237824,0.9970283176645199,0.9973891762739212,0.9980077987692085,0.9971672825666273,0.9977585415795648
2,6,1.9298508934154632,0.463,5000,2.1549111472235785,0.3157262905162065,833,2.1532577660898813,0.3205,0.9986815359051174,0.08333638736024744,,,1.0,,1.0,0.0,0.9865483314890068,0.09987825987947292,5,0.001,0.1,0.9979162094128118,0.9964999569174211,0.9966329135812019,0.9965532099729235,0.9975325642949514,0.9977748802237824,1.0,0.9971694184949658,0.9971582576823657,0.997815450133351,0.9971640875350412,0.9973684696124787
2,7,1.9306774957924133,0.44636,5000,2.157013504593461,0.29531812725090034,833,2.1532577660898813,0.3205,0.9987564406373186,0.08331598018177691,,,1.0,,1.0,0.0,0.9865483314890068,0.09987825987947292,5,0.001,0.1,0.9979670428059834,0.9964830622790586,0.9977361237113862,0.9980254171256029,0.9972996136077996,0.9970283176645199,0.9971694184949658,1.0,0.9972341775999717,0.9967308035936578,0.9983608039680295,0.9964486713937712
2,8,1.9367302200596803,0.492,5000,2.15101929947182,0.31932773109243695,833,2.1532577660898813,0.3205,0.9988810069711969,0.08335625986997165,,,1.0,,1.0,0.0,0.9865483314890068,0.09987825987947292,5,0.001,0.1,0.9972203333696914,0.9970592021841951,0.9978103807995692,0.9979391340594169,0.9975384399233302,0.9973891762739212,0.9971582576823657,0.9972341775999717,1.0,0.9977666041151622,0.9976562201856023,0.9972055102653192
2,9,1.9358333690910583,0.46016,5000,2.1637748082478843,0.3217286914765906,833,2.1532577660898813,0.3205,0.9988640107327096,0.08330212741367714,,,1.0,,1.0,0.0,0.9865483314890068,0.09987825987947292,5,0.001,0.1,0.9973853473097586,0.9956582401852322,0.9979582041073115,0.9973358329227898,0.9985415273984525,0.9980077987692085,0.997815450133351,0.9967308035936578,0.9977666041151622,1.0,0.9969958557249817,0.9975737239562372
2,10,1.9301666590818174,0.45828,5000,2.15103961803295,0.32292917166866747,833,2.1532577660898813,0.3205,0.9988599570745258,0.08337078332706185,,,1.0,,1.0,0.0,0.9865483314890068,0.09987825987947292,5,0.001,0.1,0.9976108664562604,0.996914100639869,0.9979808811450375,0.9980626189902042,0.9973549726574326,0.9971672825666273,0.9971640875350412,0.9983608039680295,0.9976562201856023,0.9969958557249817,1.0,0.9964563194526272
2,11,1.9458332389782949,0.4672,5000,2.146339699074074,0.32653061224489793,833,2.1532577660898813,0.3205,0.9986233253610874,0.08334453068110403,,,1.0,,1.0,0.0,0.9865483314890068,0.09987825987947292,5,0.001,0.1,0.997454742656474,0.9970923051584635,0.9970618467678033,0.9966427988702333,0.9978262841745231,0.9977585415795648,0.9973684696124787,0.9964486713937712,0.9972055102653192,0.9975737239562372,0.9964563194526272,1.0
3,0,1.7558291391202598,0.52692,5000,2.075102285102562,0.4172661870503597,834,2.0754589859289103,0.3971,0.999005204485106,0.08335964264467723,,,1.0,,1.0,0.0,0.9943011631505559,0.09990468496172385,5,0.001,0.1,1.0,0.9969318529398613,0.9983260279662437,0.9974834556196714,0.9981060534265144,0.9979689548098006,0.9981757037134268,0.9982805495165399,0.997510954960822,0.9981255753845585,0.9978429182052683,0.9978802925917816
3,1,1.7659452983528185,0.56328,5000,2.069348997539944,0.41247002398081534,834,2.0754589859289103,0.3971,0.9985372204515746,0.08319241078481168,,,1.0,,1.0,0.0,0.9943011631505559,0.09990468496172385,5,0.001,0.1,0.9969318529398613,1.0,0.9973435881674443,0.9972007785440211,0.9974305014981618,0.9974753718422681,0.9973534333074886,0.9973279157663513,0.9976112239647209,0.9973412206098022,0.99740491266285,0.9976110974306921
3,2,1.7559889129772308,0.51552,5000,2.0785622508437545,0.4028776978417266,834,2.0754589859289103,0.3971,0.9993009955445296,0.08336221442996979,,,1.0,,1.0,0.0,0.9943011631505559,0.09990468496172385,5,0.001,0.1,0.9983260279662437,0.9973435881674443,1.0,0.9984990978926498,0.9984029802265164,0.9983266581786208,0.9976971059954902,0.998241421674692,0.9982590372180025,0.9986874574984638,0.9983380928451508,0.998057652542616
3,3,1.7453325361203236,0.52892,5000,2.074310196770562,0.41127098321342925,834,2.0754589859289103,0.3971,0.998972590758266,0.08332727221031247,,,1.0,,1.0,0.0,0.9943011631505559,0.09990468496172385,5,0.001,0.1,0.9974834556196714,0.9972007785440211,0.9984990978926498,1.0,0.9980722391816756,0.9977005645213994,0.9971873557343297,0.9982570919917494,0.9982428296081652,0.9980558282835847,0.9980924317424251,0.9974517029029012
3,4,1.7475363555227874,0.54492,5000,2.0795426103803845,0.39135654261704683,833,2.0754589859289103,0.3971,0.9992198165420694,0.08337856921780279,,,1.0,,1.0,0.0,0.9943011631505559,0.09990468496172385,5,0.001,0.1,0.9981060534265144,0.9974305014981618,0.9984029802265164,0.9980722391816756,1.0,0.9982565695306395,0.998129836012274,0.9979030908368195,0.9980145853554688,0.9988636756598774,0.9979369995108587,0.9980893322854762
3,5,1.7563203700788461,0.53976,5000,2.0775035840493663,0.3997599039615846,833,2.0754589859289103,0.3971,0.9990798927507792,0.08335859339015905,,,1.0,,1.0,0.0,0.9943011631505559,0.09990468496172385,5,0.001,0.1,0.9979689548098006,0.9974753718422681,0.9983266581786208,0.9977005645213994,0.9982565695306395,1.0,0.9979884508971353,0.9978401220408117,0.9978043198106424,0.9984603102654339,0.9976531714757223,0.9980546323723706
3,6,1.7446894595577458,0.5378,5000,2.0780881864053233,0.37695078031212487,833,2.0754589859289103,0.3971,0.998958769440658,0.08333236732986783,,,1.0,,1.0,0.0,0.9943011631505559,0.09990468496172385,5,0.001,0.1,0.9981757037134268,0.9973534333074886,0.9976971059954902,0.9971873557343297,0.998129836012274,0.9979884508971353,1.0,0.9978890129851059,0.9978129076839904,0.9984495638229999,0.9976120936200601,0.9977824123262757
3,7,1.7462540226377499,0.52432,5000,2.0809451827296503,0.36614645858343337,833,2.0754589859289103,0.3971,0.9991035219381916,0.08332452624634047,,,1.0,,1.0,0.0,0.9943011631505559,0.09990468496172385,5,0.001,0.1,0.9982805495165399,0.9973279157663513,0.998241421674692,0.9982570919917494,0.9979030908368195,0.9978401220408117,0.9978890129851059,1.0,0.9981162067546325,0.9978902190968211,0.9985435276862219,0.9975239151082134
3,8,1.749694796428559,0.55272,5000,2.0743394957648382,0.4021608643457383,833,2.0754589859289103,0.3971,0.9990847997012698,0.08334861874435189,,,1.0,,1.0,0.0,0.9943011631505559,0.09990468496172385,5,0.001,0.1,0.997510954960822,0.9976112239647209,0.9982590372180025,0.9982428296081652,0.9980145853554688,0.9978043198106424,0.9978129076839904,0.9981162067546325,1.0,0.9983855913137705,0.9980214503908431,0.9978100166966916
3,9,1.7526133853159134,0.53724,5000,2.089227905979863,0.3937575030012005,833,2.0754589859289103,0.3971,0.9993357662889133,0.08332352722468853,,,1.0,,1.0,0.0,0.9943011631505559,0.09990468496172385,5,0.001,0.1,0.9981255753845585,0.9973412206098022,0.9986874574984638,0.9980558282835847,0.9988636756598774,0.9984603102654339,0.9984495638229999,0.9978902190968211,0.9983855913137705,1.0,0.9979223155389542,0.9984148901104083
3,10,1.742096128053726,0.5328,5000,2.073530603338171,0.3997599039615846,833,2.0754589859289103,0.3971,0.9990100029069205,0.08335510981348684,,,1.0,,1.0,0.0,0.9943011631505559,0.09990468496172385,5,0.001,0.1,0.9978429182052683,0.99740491266285,0.9983380928451508,0.9980924317424251,0.9979369995108587,0.9976531714757223,0.9976120936200601,0.9985435276862219,0.9980214503908431,0.9979223155389542,1.0,0.9973235542181873
3,11,1.7621282304168506,0.55064,5000,2.0682767673775,0.39135654261704683,833,2.0754589859289103,0.3971,0.9989521913011957,0.08333714796353141,,,1.0,,1.0,0.0,0.9943011631505559,0.09990468496172385,5,0.001,0.1,0.9978802925917816,0.9976110974306921,0.998057652542616,0.9974517029029012,0.9980893322854762,0.9980546323723706,0.9977824123262757,0.9975239151082134,0.9978100166966916,0.9984148901104083,0.9973235542181873,1.0
4,0,1.5894189612880634,0.57616,5000,1.9805528455310397,0.5719424460431655,834,1.982670195186481,0.5429,0.9990908354346377,0.0833513352675596,,,1.0,,1.0,0.0,0.9964984835636914,0.09990329490034873,5,0.001,0.1,1.0,0.9971286965936598,0.9982748147642733,0.997721693488607,0.9979606280898695,0.998236807327965,0.998251086407547,0.998262016481142,0.9974749772920789,0.9982095177953347,0.9979628999197017,0.99801069529801
4,1,1.6002669511327319,0.596,5000,1.9767171850910894,0.5539568345323741,834,1.982670195186481,0.5429,0.9984835036164811,0.08322920124813951,,,1.0,,1.0,0.0,0.9964984835636914,0.09990329490034873,5,0.001,0.1,0.9971286965936598,1.0,0.997355654405415,0.9972795112517556,0.9973216187838754,0.9973151412501852,0.9973400057490579,0.9973883328572676,0.9973621356468388,0.9972051132385875,0.9971448573357796,0.9973785496939536
4,2,1.5916621370680013,0.56684,5000,1.9873540666368272,0.5383693045563549,834,1.982670195186481,0.5429,0.9992163557437905,0.08335696267205893,,,1.0,,1.0,0.0,0.9964984835636914,0.09990329490034873,5,0.001,0.1,0.9982748147642733,0.997355654405415,1.0,0.9982468414345769,0.9982612468393205,0.9984558301808163,0.9976607357938805,0.9979751969814808,0.9979398589064244,0.9986353780005714,0.9982493156582463,0.9979437426739702
4,3,1.5785923212197177,0.57624,5000,1.9808477075011641,0.5431654676258992,834,1.982670195186481,0.5429,0.9990283808820147,0.0833294724760186,,,1.0,,1.0,0.0,0.9964984835636914,0.09990329490034873,5,0.001,0.1,0.997721693488607,0.9972795112517556,0.9982468414345769,1.0,0.9982113842463357,0.9979335424023472,0.9973729914062891,0.9982529877205888,0.9980630334017896,0.9981584577100839,0.997939052393356,0.997566614542569
4,4,1.5816225416341405,0.59576,5000,1.9872720418152985,0.56062424969988,833,1.982670195186481,0.5429,0.9991306213021233,0.08336422366547218,,,1.0,,1.0,0.0,0.9964984835636914,0.09990329490034873,5,0.001,0.1,0.9979606280898695,0.9973216187838754,0.9982612468393205,0.9982113842463357,1.0,0.9981953360118344,0.9979914440542217,0.9978397023526653,0.997867735958031,0.99865837012071,0.9978192922459374,0.9978439377233576
4,5,1.5898864867580924,0.5886,5000,1.9844266176223755,0.5450180072028812,833,1.982670195186481,0.5429,0.9991523569722629,0.08335267724421477,,,1.0,,1.0,0.0,0.9964984835636914,0.09990329490034873,5,0.001,0.1,0.998236807327965,0.9973151412501852,0.9984558301808163,0.9979335424023472,0.9981953360118344,1.0,0.9980963032924048,0.997989299698121,0.997739278836712,0.9984717970785283,0.9977938476643283,0.9980043531653183
4,6,1.5777876047571753,0.59084,5000,1.9863459622418438,0.5414165666266506,833,1.982670195186481,0.5429,0.9990025736779997,0.0833317636585422,,,1.0,,1.0,0.0,0.9964984835636914,0.09990329490034873,5,0.001,0.1,0.998251086407547,0.9973400057490579,0.9976607357938805,0.9973729914062891,0.9979914440542217,0.9980963032924048,1.0,0.9978375325527186,0.9978620763137763,0.9984854521025138,0.9976959008183027,0.9978433251847
4,7,1.5805321385906002,0.5756,5000,1.989925914340549,0.5258103241296519,833,1.982670195186481,0.5429,0.9990612263893976,0.08332884876483578,,,1.0,,1.0,0.0,0.9964984835636914,0.09990329490034873,5,0.001,0.1,0.998262016481142,0.9973883328572676,0.9979751969814808,0.9982529877205888,0.9978397023526653,0.997989299698121,0.9978375325527186,1.0,0.9979335747685134,0.9979480429993733,0.998129164385516,0.9975843286880669
4,8,1.5812417050835432,0.5936,5000,1.983061878769486,0.5450180072028812,833,1.982670195186481,0.5429,0.9989762071350945,0.08334087708111042,,,1.0,,1.0,0.0,0.9964984835636914,0.09990329490034873,5,0.001,0.1,0.9974749772920789,0.9973621356468388,0.9979398589064244,0.9980630334017896,0.997867735958031,0.997739278836712,0.9978620763137763,0.9979335747685134,1.0,0.9983119759089293,0.9978511426919997,0.9977149204013914
4,9,1.585891929325784,0.58472,5000,2.0002006645555848,0.5450180072028812,833,1.982670195186481,0.5429,0.9993403309296786,0.08333724297610325,,,1.0,,1.0,0.0,0.9964984835636914,0.09990329490034873,5,0.001,0.1,0.9982095177953347,0.9972051132385875,0.9986353780005714,0.9981584577100839,0.99865837012071,0.9984717970785283,0.9984854521025138,0.9979480429993733,0.9983119759089293,1.0,0.9980848516870614,0.9983160595298904
4,10,1.5777913385136113,0.57864,5000,1.981240983362551,0.5330132052821128,833,1.982670195186481,0.5429,0.9989753542279539,0.08334482944485977,,,1.0,,1.0,0.0,0.9964984835636914,0.09990329490034873,5,0.001,0.1,0.9979628999197017,0.9971448573357796,0.9982493156582463,0.997939052393356,0.9978192922459374,0.9977938476643283,0.9976959008183027,0.998129164385516,0.9978511426919997,0.9980848516870614,1.0,0.9974393703147281
4,11,1.5947345883982955,0.59428,5000,1.9752946385630854,0.5114045618247299,833,1.982670195186481,0.5429,0.9989365894513,0.08333256550108491,,,1.0,,1.0,0.0,0.9964984835636914,0.09990329490034873,5,0.001,0.1,0.99801069529801,0.9973785496939536,0.9979437426739702,0.997566614542569,0.9978439377233576,0.9980043531653183,0.9978433251847,0.9975843286880669,0.9977149204013914,0.9983160595298904,0.9974393703147281,1.0
5,0,1.4495030585367967,0.6094,5000,1.8710997899373372,0.6199040767386091,834,1.8751906697361613,0.605,0.9988536873836379,0.08334283362255644,,,1.0,,1.0,0.0,0.9976605349420555,0.09989014017232703,5,0.001,0.1,1.0,0.9969161000681458,0.9980946567339739,0.9972943503347463,0.9973312562914612,0.9977561328411487,0.9979415629579761,0.9979024793521515,0.9970697070056059,0.9977866798612695,0.9975566832183763,0.9974251998228351
5,1,1.461302961361636,0.61296,5000,1.869704939700939,0.6079136690647482,834,1.8751906697361613,0.605,0.9984139201886574,0.08325375336479818,,,1.0,,1.0,0.0,0.9976605349420555,0.09989014017232703,5,0.001,0.1,0.9969161000681458,1.0,0.997353849643034,0.9969731399990712,0.9970903152598575,0.9970420933015609,0.997375810828597,0.9967202869387854,0.9972478405591713,0.9972099435763533,0.9969439688836759,0.9969350383060169
5,2,1.4520373668640283,0.59404,5000,1.881655353086966,0.5959232613908872,834,1.8751906697361613,0.605,0.9992783501847523,0.08335998877283528,,,1.0,,1.0,0.0,0.9976605349420555,0.09989014017232703,5,0.001,0.1,0.9980946567339739,0.997353849643034,1.0,0.9981612771520915,0.9981863704917714,0.9983939250000942,0.9977513970144026,0.9978295444629572,0.9978289904929496,0.9986667427078848,0.9980212179594378,0.9978770080325559
5,3,1.438415426737184,0.60336,5000,1.8723623885048761,0.5911270983213429,834,1.8751906697361613,0.605,0.9988424979517581,0.08332906704292502,,,1.0,,1.0,0.0,0.9976605349420555,0.09989014017232703,5,0.001,0.1,0.9972943503347463,0.9969731399990712,0.9981612771520915,1.0,0.9977327473280804,0.9976428194247301,0.9970414176184554,0.9977153422801184,0.99766750612192,0.9978164450852056,0.99766929308881,0.9972268842570923
5,4,1.4407645878518462,0.62776,5000,1.8798669400038543,0.631452581032413,833,1.8751906697361613,0.605,0.9989682889270254,0.08335443472099585,,,1.0,,1.0,0.0,0.9976605349420555,0.09989014017232703,5,0.001,0.1,0.9973312562914612,0.9970903152598575,0.9981863704917714,0.9977327473280804,1.0,0.9979454719064333,0.9976392658946388,0.9974605407582627,0.9975944098548394,0.9983835830987191,0.9974829977576989,0.9976012200372739
5,5,1.4496166065999656,0.6142,5000,1.8768814228199147,0.6086434573829532,833,1.8751906697361613,0.605,0.9990361813454206,0.0833495458810105,,,1.0,,1.0,0.0,0.9976605349420555,0.09989014017232703,5,0.001,0.1,0.9977561328411487,0.9970420933015609,0.9983939250000942,0.9976428194247301,0.9979454719064333,1.0,0.9978906502529585,0.9977377621738924,0.9974856154653984,0.9982977021523608,0.9973198104684022,0.9977501364669865
5,6,1.4369867041612128,0.6188,5000,1.8800892962349787,0.6146458583433373,833,1.8751906697361613,0.605,0.9989374304520422,0.08333353555520626,,,1.0,,1.0,0.0,0.9976605349420555,0.09989014017232703,5,0.001,0.1,0.9979415629579761,0.997375810828597,0.9977513970144026,0.9970414176184554,0.9976392658946388,0.9978906502529585,1.0,0.9977543767723336,0.9976306903346821,0.998207592573246,0.99728758453284,0.9975592309925756
5,7,1.44107024555753,0.60896,5000,1.8842137963683516,0.595438175270108,833,1.8751906697361613,0.605,0.9988557816941249,0.08332911329581816,,,1.0,,1.0,0.0,0.9976605349420555,0.09989014017232703,5,0.001,0.1,0.9979024793521515,0.9967202869387854,0.9978295444629572,0.9977153422801184,0.9974605407582627,0.9977377621738924,0.9977543767723336,1.0,0.9975720440650725,0.9977014293515049,0.9975789456526127,0.9971274825903356
5,8,1.4382915130086764,0.6226,5000,1.8774588417123865,0.6050420168067226,833,1.8751906697361613,0.605,0.9988542309687867,0.08333643858161897,,,1.0,,1.0,0.0,0.9976605349420555,0.09989014017232703,5,0.001,0.1,0.9970697070056059,0.9972478405591713,0.9978289904929496,0.99766750612192,0.9975944098548394,0.9974856154653984,0.9976306903346821,0.9975720440650725,1.0,0.9981014417131395,0.9975038019309441,0.9973800857026569
5,9,1.4444009335937014,0.61448,5000,1.8968381660955924,0.602641056422569,833,1.8751906697361613,0.605,0.9992571201552429,0.08334721223420735,,,1.0,,1.0,0.0,0.9976605349420555,0.09989014017232703,5,0.001,0.1,0.9977866798612695,0.9972099435763533,0.9986667427078848,0.9978164450852056,0.9983835830987191,0.9982977021523608,0.998207592573246,0.9977014293515049,0.9981014417131395,1.0,0.9976661725304843,0.9980729304970932
5,10,1.4375892932247964,0.6062,5000,1.8745058245129056,0.6062424969987995,833,1.8751906697361613,0.605,0.9987624503085359,0.08333590010264237,,,1.0,,1.0,0.0,0.9976605349420555,0.09989014017232703,5,0.001,0.1,0.9975566832183763,0.9969439688836759,0.9980212179594378,0.99766929308881,0.9974829977576989,0.9973198104684022,0.99728758453284,0.9975789456526127,0.9975038019309441,0.9976661725304843,1.0,0.9969509315269821
5,11,1.45513370750816,0.61936,5000,1.8676799579902932,0.581032412965186,833,1.8751906697361613,0.605,0.9987561454683306,0.08332817682538565,,,1.0,,1.0,0.0,0.9976605349420555,0.09989014017232703,5,0.001,0.1,0.9974251998228351,0.9969350383060169,0.9978770080325559,0.9972268842570923,0.9976012200372739,0.9977501364669865,0.9975592309925756,0.9971274825903356,0.9973800857026569,0.9980729304970932,0.9969509315269821,1.0
6,0,1.3361871445254916,0.6268,5000,1.7493013540903728,0.6498800959232613,834,1.7556196813004465,0.6381,0.9986588416561544,0.0833367313196961,,,1.0,,1.0,0.0,0.9985728494175504,0.0998734119025045,5,0.001,0.1,1.0,0.9963021413615901,0.9977892308080317,0.9969330177597914,0.9968025906538807,0.9973446683891252,0.9973711648440234,0.9974491934959657,0.9966199555552578,0.9975779754193748,0.997179859143521,0.9973647983525333
6,1,1.34830204886236,0.62612,5000,1.750734077559577,0.6438848920863309,834,1.7556196813004465,0.6381,0.9982003008803301,0.08326730808421075,,,1.0,,1.0,0.0,0.9985728494175504,0.0998734119025045,5,0.001,0.1,0.9963021413615901,1.0,0.9969572630454626,0.996473825173014,0.9965689924937495,0.9967770278391428,0.9970429737520876,0.9965850273399068,0.9968033733973147,0.9968966693809784,0.9962944897031621,0.9965416928503535
6,2,1.3392979128345563,0.6136,5000,1.7641895126413416,0.6247002398081535,834,1.7556196813004465,0.6381,0.9991070530038754,0.08336171644094233,,,1.0,,1.0,0.0,0.9985728494175504,0.0998734119025045,5,0.001,0.1,0.9977892308080317,0.9969572630454626,1.0,0.9978835851304422,0.9976837874995339,0.9981788912287104,0.9973751866895418,0.9974529910651915,0.9972264448992444,0.9983433912583592,0.9976477951617058,0.9975674385455444
6,3,1.3253755767633961,0.62212,5000,1.7515083816316392,0.6378896882494005,834,1.7556196813004465,0.6381,0.998654404916848,0.08332814641105314,,,1.0,,1.0,0.0,0.9985728494175504,0.0998734119025045,5,0.001,0.1,0.9969330177597914,0.996473825173014,0.9978835851304422,1.0,0.9972743160701953,0.9974077638718118,0.9965668596360865,0.9974816070400475,0.997102737356671,0.9974452816250982,0.9972202096294444,0.9968927052503842
6,4,1.3262432973096325,0.6414,5000,1.7602066419742726,0.6566626650660264,833,1.7556196813004465,0.6381,0.9987256393044904,0.08334600097571196,,,1.0,,1.0,0.0,0.9985728494175504,0.0998734119025045,5,0.001,0.1,0.9968025906538807,0.9965689924937495,0.9976837874995339,0.9972743160701953,1.0,0.9975895899841001,0.9973907934370707,0.9971554208461602,0.9969930775569504,0.9978597198299699,0.9971975955168761,0.9970189841089688
6,5,1.3358828092076975,0.62688,5000,1.7573304926907574,0.6482593037214885,833,1.7556196813004465,0.6381,0.9988675478298715,0.08334758305956731,,,1.0,,1.0,0.0,0.9985728494175504,0.0998734119025045,5,0.001,0.1,0.9973446683891252,0.9967770278391428,0.9981788912287104,0.9974077638718118,0.9975895899841001,1.0,0.9974729082690178,0.9973090424012284,0.9969490099105726,0.9978454833807794,0.9970762074290425,0.9972851803193863
6,6,1.3228630728782362,0.63516,5000,1.762019152994509,0.6422569027611045,833,1.7556196813004465,0.6381,0.9987797895936361,0.08333493316942672,,,1.0,,1.0,0.0,0.9985728494175504,0.0998734119025045,5,0.001,0.1,0.9973711648440234,0.9970429737520876,0.9973751866895418,0.9965668596360865,0.9973907934370707,0.9974729082690178,1.0,0.9973889098482067,0.9973030981649186,0.9979281008029799,0.9970786213265355,0.9972663673213169
6,7,1.3275051373585014,0.62892,5000,1.7661607088866058,0.6230492196878752,833,1.7556196813004465,0.6381,0.9987807393161078,0.08333225207474532,,,1.0,,1.0,0.0,0.9985728494175504,0.0998734119025045,5,0.001,0.1,0.9974491934959657,0.9965850273399068,0.9974529910651915,0.9974816070400475,0.9971554208461602,0.9973090424012284,0.9973889098482067,1.0,0.9975258818186695,0.9975928743869256,0.9974036561476499,0.9968515803735905
6,8,1.3224366440135202,0.63648,5000,1.760347189726653,0.6338535414165666,833,1.7556196813004465,0.6381,0.9986313560003371,0.08333192278804089,,,1.0,,1.0,0.0,0.9985728494175504,0.0998734119025045,5,0.001,0.1,0.9966199555552578,0.9968033733973147,0.9972264448992444,0.997102737356671,0.9969930775569504,0.9969490099105726,0.9973030981649186,0.9975258818186695,1.0,0.9977334799893608,0.9971308209022245,0.9970182198591863
6,9,1.3304055428049366,0.63284,5000,1.7816338230062414,0.6290516206482593,833,1.7556196813004465,0.6381,0.9991307658183485,0.08335464712444805,,,1.0,,1.0,0.0,0.9985728494175504,0.0998734119025045,5,0.001,0.1,0.9975779754193748,0.9968966693809784,0.9983433912583592,0.9974452816250982,0.9978597198299699,0.9978454833807794,0.9979281008029799,0.9975928743869256,0.9977334799893608,1.0,0.9975911838813116,0.99757624600646
6,10,1.3232868909835815,0.62296,5000,1.756108080899274,0.6482593037214885,833,1.7556196813004465,0.6381,0.9986544095607802,0.08333233661857306,,,1.0,,1.0,0.0,0.9985728494175504,0.0998734119025045,5,0.001,0.1,0.997179859143521,0.9962944897031621,0.9976477951617058,0.9972202096294444,0.9971975955168761,0.9970762074290425,0.9970786213265355,0.9974036561476499,0.9971308209022245,0.9975911838813116,1.0,0.9968612248977036
6,11,1.3424895529534406,0.63376,5000,1.7483360767364502,0.6194477791116446,833,1.7556196813004465,0.6381,0.9986178864455605,0.0833264219335844,,,1.0,,1.0,0.0,0.9985728494175504,0.0998734119025045,5,0.001,0.1,0.9973647983525333,0.9965416928503535,0.9975674385455444,0.9968927052503842,0.9970189841089688,0.9972851803193863,0.9972663673213169,0.9968515803735905,0.9970182198591863,0.99757624600646,0.9968612248977036,1.0
7,0,1.241215143841543,0.64044,5000,1.6201250464827925,0.6642685851318945,834,1.6287284125916113,0.6559,0.9984336859728504,0.08333539757449217,,,1.0,,1.0,0.0,0.9986760434965912,0.09984343527464223,5,0.001,0.1,1.0,0.9955956963127215,0.9974105870855976,0.9961960958330848,0.9962281065836597,0.9965332053911178,0.9968225777123065,0.997014813481282,0.995961293143213,0.9971760218585541,0.9966410125969347,0.9968653034238719
7,1,1.2524711165458533,0.635,5000,1.6246769604859528,0.6618705035971223,834,1.6287284125916113,0.6559,0.9978271135772221,0.08327324332764009,,,1.0,,1.0,0.0,0.9986760434965912,0.09984343527464223,5,0.001,0.1,0.9955956963127215,1.0,0.9964326333778463,0.9956555229016912,0.995979216247097,0.9958365178043254,0.9964231153240153,0.9955726562541053,0.9960740267221144,0.9963517190032636,0.9955709306003291,0.9956894234787076
7,2,1.2446105247090578,0.6298,5000,1.6401070797884907,0.6366906474820144,834,1.6287284125916113,0.6559,0.9989295931202746,0.08336672702879194,,,1.0,,1.0,0.0,0.9986760434965912,0.09984343527464223,5,0.001,0.1,0.9974105870855976,0.9964326333778463,1.0,0.9972067513577264,0.9972063432181639,0.9975826627621422,0.996963746133597,0.9967746520539174,0.9966300966643299,0.9980994677237983,0.9969829423880784,0.9970958137735345
7,3,1.2315752791750962,0.63888,5000,1.6230141675030743,0.658273381294964,834,1.6287284125916113,0.6559,0.9982918287930184,0.08332555385215575,,,1.0,,1.0,0.0,0.9986760434965912,0.09984343527464223,5,0.001,0.1,0.9961960958330848,0.9956555229016912,0.9972067513577264,1.0,0.9965058729938204,0.9965956347904008,0.9958860078960381,0.9968867969051282,0.9964551410090741,0.9969929481288441,0.9965961927243392,0.9957685645252338
7,4,1.2304822512493012,0.65284,5000,1.632994329487836,0.6746698679471789,833,1.6287284125916113,0.6559,0.998387145388616,0.08333958020240194,,,1.0,,1.0,0.0,0.9986760434965912,0.09984343527464223,5,0.001,0.1,0.9962281065836597,0.995979216247097,0.9972063432181639,0.9965058729938204,1.0,0.9968913443156753,0.9966049586712724,0.9963980817042606,0.9961882605135599,0.9972439941383467,0.996270534997118,0.99637023654589
7,5,1.2413424494919503,0.64196,5000,1.630437590457775,0.6746698679471789,833,1.6287284125916113,0.6559,0.9984842964396556,0.08334368626016944,,,1.0,,1.0,0.0,0.9986760434965912,0.09984343527464223,5,0.001,0.1,0.9965332053911178,0.9958365178043254,0.9975826627621422,0.9965956347904008,0.9968913443156753,1.0,0.996650933017536,0.9965608871338463,0.996516001202983,0.9971302162086108,0.9962310451712185,0.9965222308483312
7,6,1.2287379305833463,0.64804,5000,1.6365441834485088,0.6482593037214885,833,1.6287284125916113,0.6559,0.9985205349873317,0.08333709809415372,,,1.0,,1.0,0.0,0.9986760434965912,0.09984343527464223,5,0.001,0.1,0.9968225777123065,0.9964231153240153,0.996963746133597,0.9958860078960381,0.9966049586712724,0.996650933017536,1.0,0.9968822443309187,0.9967900824022747,0.9975097350319312,0.9963557699632493,0.9965967808944476
7,7,1.2314287143148435,0.64276,5000,1.6402948344195332,0.6506602641056423,833,1.6287284125916113,0.6559,0.9984844670492976,0.08333428965856793,,,1.0,,1.0,0.0,0.9986760434965912,0.09984343527464223,5,0.001,0.1,0.997014813481282,0.9955726562541053,0.9967746520539174,0.9968867969051282,0.9963980817042606,0.9965608871338463,0.9968822443309187,1.0,0.9968750612804994,0.9970856948796506,0.9968127800404329,0.99618981929925
7,8,1.227181377076799,0.65136,5000,1.6362985725756045,0.6506602641056423,833,1.6287284125916113,0.6559,0.9983318343838962,0.08332916109500031,,,1.0,,1.0,0.0,0.9986760434965912,0.09984343527464223,5,0.001,0.1,0.995961293143213,0.9960740267221144,0.9966300966643299,0.9964551410090741,0.9961882605135599,0.996516001202983,0.9967900824022747,0.9968750612804994,1.0,0.9971730106963066,0.9963844099909224,0.9961778672284937
