round,client_id,client_i_training_loss,client_i_training_accuracy,client_i_training_dataset_size,client_i_evaluation_loss,client_i_evaluation_accuracy,client_i_evaluation_dataset_size,client_i_central_evaluation_loss,client_i_central_evaluation_accuracy,client_i_cosine_similarity,client_i_importance_coefficient,client_i_tanh_val,tanh_normalization_value,client_i_q,client_i_mask_order,client_i_v_nonzero_fraction,client_i_v_sparsity,client_i_v_cosine_similarity,client_i_reward_gradient_norm,local_epochs,learning_rate,gamma,client_0_cosine_similarity,client_1_cosine_similarity,client_2_cosine_similarity,client_3_cosine_similarity,client_4_cosine_similarity,client_5_cosine_similarity,client_6_cosine_similarity,client_7_cosine_similarity,client_8_cosine_similarity,client_9_cosine_similarity,client_10_cosine_similarity,client_11_cosine_similarity
0,0,2.2430156510347015,0.25052,5000,2.2732490168677435,0.17386091127098321,834,2.2761711754357092,0.1659,0.9945223294289692,0.0833838401765912,,,0.97,,0.9700176878243976,0.029982312175602432,0,0.09939197843813571,5,0.001,0.1,1.0,0.9879414334214491,0.9869315639484525,0.9904829631937935,0.9888147081158536,0.9886629522565081,0.9829961051326151,0.9818798026417658,0.9871074479473593,0.986281594815812,0.9878292127686942,0.9927790119075317
0,1,2.245007544414253,0.24804,5000,2.2735968430836997,0.16906474820143885,834,2.2761711754357092,0.1659,0.9944017317486594,0.08337372889260787,,,0.97,,0.9700176878243976,0.029982312175602432,0,0.09939197843813571,5,0.001,0.1,0.9879414334214491,1.0,0.980760690621949,0.9882838673170282,0.9853673791233032,0.9918350354007679,0.986285502776152,0.9869186315344277,0.9870321004603714,0.9918833726255367,0.9850471346867562,0.9889132750615612
0,2,2.2433245352119395,0.24268,5000,2.26762733636079,0.17865707434052758,834,2.2761711754357092,0.1659,0.9927536072594928,0.08323554501786802,,,0.97,,0.9700176878243976,0.029982312175602432,0,0.09939197843813571,5,0.001,0.1,0.9869315639484525,0.980760690621949,1.0,0.9823248201002217,0.9887554171466142,0.9856877405854834,0.9854122777097767,0.9852514807918407,0.9901146210182632,0.9878862026643098,0.9809916206534979,0.9864947418857276
0,3,2.2434437068404667,0.23988,5000,2.2752088529092296,0.15587529976019185,834,2.2761711754357092,0.1659,0.9922792864084048,0.08319577648490582,,,0.97,,0.9700176878243976,0.029982312175602432,0,0.09939197843813571,5,0.001,0.1,0.9904829631937935,0.9882838673170282,0.9823248201002217,1.0,0.9861867922177278,0.9868169625667866,0.9779461104660621,0.9812770486887193,0.9858101860968307,0.9832194705617076,0.9862417356773697,0.9863639773518236
0,4,2.245123215997295,0.2688,5000,2.275294886695014,0.16206482593037214,833,2.2761711754357092,0.1659,0.9945986007804071,0.08339023500352485,,,0.97,,0.9700176878243976,0.029982312175602432,0,0.09939197843813571,5,0.001,0.1,0.9888147081158536,0.9853673791233032,0.9887554171466142,0.9861867922177278,1.0,0.988950300812777,0.9896547470614997,0.9866189239672704,0.9884422415714718,0.9890640912334266,0.9809331854208078,0.9898287010995604
0,5,2.246155009300086,0.261,5000,2.278347227308485,0.16686674669867949,833,2.2761711754357092,0.1659,0.9961634762532267,0.08352143902223882,,,0.97,,0.9700176878243976,0.029982312175602432,0,0.09939197843813571,5,0.001,0.1,0.9886629522565081,0.9918350354007679,0.9856877405854834,0.9868169625667866,0.988950300812777,1.0,0.9895637180334653,0.9914529048995676,0.9921614172977633,0.9950865847359746,0.982473183169338,0.9885900185227977
0,6,2.2469430762491407,0.24308,5000,2.28282743913156,0.1608643457382953,833,2.2761711754357092,0.1659,0.9925938585722524,0.0832221511918964,,,0.97,,0.9700176878243976,0.029982312175602432,0,0.09939197843813571,5,0.001,0.1,0.9829961051326151,0.986285502776152,0.9854122777097767,0.9779461104660621,0.9896547470614997,0.9895637180334653,1.0,0.9879067955664236,0.9866195725538458,0.9906967433775434,0.9751330883252358,0.9864911888606814
0,7,2.243351714929957,0.26404,5000,2.27772910506637,0.16206482593037214,833,2.2761711754357092,0.1659,0.9932619676432881,0.08327816753094809,,,0.97,,0.9700176878243976,0.029982312175602432,0,0.09939197843813571,5,0.001,0.1,0.9818798026417658,0.9869186315344277,0.9852514807918407,0.9812770486887193,0.9866189239672704,0.9914529048995676,0.9879067955664236,1.0,0.9903775904432284,0.9931205204980657,0.9752817578900904,0.9865889550704801
0,8,2.244835960485373,0.25892,5000,2.2783577530472368,0.18127250900360145,833,2.2761711754357092,0.1659,0.9953716583079153,0.08345505054704117,,,0.97,,0.9700176878243976,0.029982312175602432,0,0.09939197843813571,5,0.001,0.1,0.9871074479473593,0.9870321004603714,0.9901146210182632,0.9858101860968307,0.9884422415714718,0.9921614172977633,0.9866195725538458,0.9903775904432284,1.0,0.9920307508161127,0.9828547595289046,0.9892860876439222
0,9,2.244910028785657,0.24516,5000,2.279907323695995,0.1608643457382953,833,2.2761711754357092,0.1659,0.9961072650191305,0.08351672609783148,,,0.97,,0.9700176878243976,0.029982312175602432,0,0.09939197843813571,5,0.001,0.1,0.986281594815812,0.9918833726255367,0.9878862026643098,0.9832194705617076,0.9890640912334266,0.9950865847359746,0.9906967433775434,0.9931205204980657,0.9920307508161127,1.0,0.9827005186403622,0.9886405354177297
0,10,2.2468818907525128,0.2484,5000,2.278060233151471,0.16206482593037214,833,2.2761711754357092,0.1659,0.9897891699183073,0.08298699738635044,,,0.97,,0.9700176878243976,0.029982312175602432,0,0.09939197843813571,5,0.001,0.1,0.9878292127686942,0.9850471346867562,0.9809916206534979,0.9862417356773697,0.9809331854208078,0.982473183169338,0.9751330883252358,0.9752817578900904,0.9828547595289046,0.9827005186403622,1.0,0.9857680211929579
0,11,2.246161108259942,0.25032,5000,2.2766711623580367,0.15726290516206481,833,2.2761711754357092,0.1659,0.9951962366220127,0.0834403426481957,,,0.97,,0.9700176878243976,0.029982312175602432,0,0.09939197843813571,5,0.001,0.1,0.9927790119075317,0.9889132750615612,0.9864947418857276,0.9863639773518236,0.9898287010995604,0.9885900185227977,0.9864911888606814,0.9865889550704801,0.9892860876439222,0.9886405354177297,0.9857680211929579,1.0
1,0,2.1341513251043427,0.37228,5000,2.223140319188436,0.2949640287769784,834,2.2270258242329852,0.2681,0.9974552683109199,0.08336545492141569,,,0.97,,0.9700176878243976,0.029982312175602432,0.9387482247594139,0.09974207290114667,5,0.001,0.1,1.0,0.9946726656519727,0.9938520751907387,0.9943047841489534,0.993634453189438,0.9955252066528795,0.993118424327997,0.9930049358931172,0.993794850612126,0.9939645206977916,0.9963303195830054,0.9963900384789872
1,1,2.133520189516104,0.39968,5000,2.22680836253696,0.2673860911270983,834,2.2270258242329852,0.2681,0.9978211437730108,0.08337106572039718,,,0.97,,0.9700176878243976,0.029982312175602432,0.9387482247594139,0.09974207290114667,5,0.001,0.1,0.9946726656519727,1.0,0.994244962095953,0.9945514330866322,0.9936203418698321,0.9961238080382149,0.9933008336150199,0.995667810194122,0.9949538674336881,0.9961515204204142,0.9948492858789655,0.9948264541311546
1,2,2.137411811852911,0.39316,5000,2.2170791184460676,0.29256594724220625,834,2.2270258242329852,0.2681,0.9970960677342883,0.08326287478201516,,,0.97,,0.9700176878243976,0.029982312175602432,0.9387482247594139,0.09974207290114667,5,0.001,0.1,0.9938520751907387,0.994244962095953,1.0,0.9914604519538148,0.994676816890271,0.9946028529749664,0.9939739986654645,0.9946902269050751,0.9944633709650423,0.996044590500902,0.9928821797593171,0.9933954982819332
1,3,2.1340126184900856,0.37916,5000,2.2257626586490207,0.26258992805755393,834,2.2270258242329852,0.2681,0.9963074208128949,0.08321301049904893,,,0.97,,0.9700176878243976,0.029982312175602432,0.9387482247594139,0.09974207290114667,5,0.001,0.1,0.9943047841489534,0.9945514330866322,0.9914604519538148,1.0,0.9922692742139032,0.9948077759649214,0.9906653976506964,0.9924943100870364,0.9953542476266719,0.9933989725223872,0.9934814202643254,0.9920672834965832
1,4,2.1393721097593854,0.41664,5000,2.2246552220097295,0.2581032412965186,833,2.2270258242329852,0.2681,0.9973765101954244,0.08336683512545812,,,0.97,,0.9700176878243976,0.029982312175602432,0.9387482247594139,0.09974207290114667,5,0.001,0.1,0.993634453189438,0.9936203418698321,0.994676816890271,0.9922692742139032,1.0,0.9943554169268013,0.9966144726545135,0.9944896650468685,0.9962503793516575,0.9955087351461072,0.9921501826863348,0.9940644222358681
1,5,2.1376975153661837,0.40748,5000,2.2289516307689525,0.25210084033613445,833,2.2270258242329852,0.2681,0.9982330077160885,0.08347498745164895,,,0.97,,0.9700176878243976,0.029982312175602432,0.9387482247594139,0.09974207290114667,5,0.001,0.1,0.9955252066528795,0.9961238080382149,0.9946028529749664,0.9948077759649214,0.9943554169268013,1.0,0.9937857138957762,0.9962491452569479,0.9957168300493499,0.996912162927507,0.9947186321577425,0.9950853802509121
1,6,2.141886902007328,0.38776,5000,2.2332729233635797,0.24849939975990396,833,2.2270258242329852,0.2681,0.9967650831946151,0.08324396986261474,,,0.97,,0.9700176878243976,0.029982312175602432,0.9387482247594139,0.09974207290114667,5,0.001,0.1,0.993118424327997,0.9933008336150199,0.9939739986654645,0.9906653976506964,0.9966144726545135,0.9937857138957762,1.0,0.9938735678259826,0.9937681282888147,0.9950181679101504,0.9921827808766741,0.9940240671404791
1,7,2.1346894203477604,0.42104,5000,2.2295324272579617,0.27010804321728693,833,2.2270258242329852,0.2681,0.9973841382814215,0.08329832626010746,,,0.97,,0.9700176878243976,0.029982312175602432,0.9387482247594139,0.09974207290114667,5,0.001,0.1,0.9930049358931172,0.995667810194122,0.9946902269050751,0.9924943100870364,0.9944896650468685,0.9962491452569479,0.9938735678259826,1.0,0.9949419336480643,0.9967635000508097,0.9912560762864137,0.9942886909968174
1,8,2.1350672146317304,0.40812,5000,2.2302967089193837,0.2773109243697479,833,2.2270258242329852,0.2681,0.9978377098696802,0.08342149277451787,,,0.97,,0.9700176878243976,0.029982312175602432,0.9387482247594139,0.09974207290114667,5,0.001,0.1,0.993794850612126,0.9949538674336881,0.9944633709650423,0.9953542476266719,0.9962503793516575,0.9957168300493499,0.9937681282888147,0.9949419336480643,1.0,0.9964692928366394,0.9932176764696082,0.9942204382688802
1,9,2.137374668819889,0.40552,5000,2.229758342107137,0.27010804321728693,833,2.2270258242329852,0.2681,0.9984032025320894,0.08347759164113627,,,0.97,,0.9700176878243976,0.029982312175602432,0.9387482247594139,0.09974207290114667,5,0.001,0.1,0.9939645206977916,0.9961515204204142,0.996044590500902,0.9933989725223872,0.9955087351461072,0.996912162927507,0.9950181679101504,0.9967635000508097,0.9964692928366394,1.0,0.9943469506413463,0.9953402814874391
1,10,2.140861772427893,0.36948,5000,2.2279209472514965,0.2653061224489796,833,2.2270258242329852,0.2681,0.9968336847080023,0.08310191442333109,,,0.97,,0.9700176878243976,0.029982312175602432,0.9387482247594139,0.09974207290114667,5,0.001,0.1,0.9963303195830054,0.9948492858789655,0.9928821797593171,0.9934814202643254,0.9921501826863348,0.9947186321577425,0.9921827808766741,0.9912560762864137,0.9932176764696082,0.9943469506413463,1.0,0.9957531431687138
1,11,2.1393522674111045,0.38164,5000,2.227493480399803,0.2581032412965186,833,2.2270258242329852,0.2681,0.9975282453397383,0.08340247653830857,,,0.97,,0.9700176878243976,0.029982312175602432,0.9387482247594139,0.09974207290114667,5,0.001,0.1,0.9963900384789872,0.9948264541311546,0.9933954982819332,0.9920672834965832,0.9940644222358681,0.9950853802509121,0.9940240671404791,0.9942886909968174,0.9942204382688802,0.9953402814874391,0.9957531431687138,1.0
2,0,1.9829374172125653,0.44392,5000,2.1615532769097223,0.38848920863309355,834,2.166501149582787,0.3691,0.9982489265128915,0.08334685095392917,,,0.97,,0.9700176878243976,0.029982312175602432,0.9769576020281336,0.09984402952615812,5,0.001,0.1,1.0,0.9964737263757975,0.9959384034515761,0.9969337215189474,0.9960554760591039,0.9967108809265565,0.9960594417598847,0.9957496852992506,0.9960730492281048,0.9956865488302319,0.9972691929129596,0.9973583423158487
2,1,1.9756617994065497,0.4794,5000,2.168408340877957,0.37170263788968827,834,2.166501149582787,0.3691,0.9987538393077794,0.08336658925623645,,,0.97,,0.9700176878243976,0.029982312175602432,0.9769576020281336,0.09984402952615812,5,0.001,0.1,0.9964737263757975,1.0,0.9963292302581318,0.997221368889661,0.996635410265058,0.997233640854094,0.9967498029535272,0.9972494016999995,0.9975426633393117,0.9978884911922903,0.9969369587423993,0.9960927967299723
2,2,1.9869013200140304,0.47536,5000,2.1545246795371726,0.4052757793764988,834,2.166501149582787,0.3691,0.9983733521184666,0.08328795743081922,,,0.97,,0.9700176878243976,0.029982312175602432,0.9769576020281336,0.09984402952615812,5,0.001,0.1,0.9959384034515761,0.9963292302581318,1.0,0.9960890567396645,0.9972474473603333,0.9965071664284719,0.997088619042094,0.9967854564030415,0.9971722105241292,0.9975464886406983,0.9957754058893978,0.9953181754913071
2,3,1.9812597443343727,0.46424,5000,2.1652964309409812,0.36211031175059955,834,2.166501149582787,0.3691,0.9983443521498425,0.08325644094159479,,,0.97,,0.9700176878243976,0.029982312175602432,0.9769576020281336,0.09984402952615812,5,0.001,0.1,0.9969337215189474,0.997221368889661,0.9960890567396645,1.0,0.9965230168911362,0.9968993031883729,0.9961082933250687,0.9966926096971781,0.9972031925981519,0.9964177798111075,0.99643394756626,0.9949320704752431
2,4,1.9864809959557406,0.49432,5000,2.1622077800609447,0.3625450180072029,833,2.166501149582787,0.3691,0.9984319518645695,0.08335360500645848,,,0.97,,0.9700176878243976,0.029982312175602432,0.9769576020281336,0.09984402952615812,5,0.001,0.1,0.9960554760591039,0.996635410265058,0.9972474473603333,0.9965230168911362,1.0,0.9963445118312542,0.9975472548211042,0.9967548118090613,0.9980492869382871,0.9975068173749088,0.9954079227461246,0.9944244310867253
2,5,1.9849145793611076,0.48356,5000,2.1681946560188576,0.3565426170468187,833,2.166501149582787,0.3691,0.998671635470859,0.08342766835728892,,,0.97,,0.9700176878243976,0.029982312175602432,0.9769576020281336,0.09984402952615812,5,0.001,0.1,0.9967108809265565,0.997233640854094,0.9965071664284719,0.9968993031883729,0.9963445118312542,1.0,0.9963979598721332,0.9974528958606876,0.997122650455735,0.9976705108934363,0.9968215267701634,0.996203914755885
2,6,1.9918531487701805,0.47676,5000,2.172559040564078,0.3517406962785114,833,2.166501149582787,0.3691,0.9983589322677336,0.08327589810805491,,,0.97,,0.9700176878243976,0.029982312175602432,0.9769576020281336,0.09984402952615812,5,0.001,0.1,0.9960594417598847,0.9967498029535272,0.997088619042094,0.9961082933250687,0.9975472548211042,0.9963979598721332,1.0,0.9965025276051698,0.9969757481258406,0.9973921360427598,0.9957187594786794,0.9950852575113021
2,7,1.9812099380857626,0.5024,5000,2.170207111923783,0.37334933973589435,833,2.166501149582787,0.3691,0.998526932432835,0.08331465607774587,,,0.97,,0.9700176878243976,0.029982312175602432,0.9769576020281336,0.09984402952615812,5,0.001,0.1,0.9957496852992506,0.9972494016999995,0.9967854564030415,0.9966926096971781,0.9967548118090613,0.9974528958606876,0.9965025276051698,1.0,0.9973266108507287,0.9980288887516622,0.9952979926590914,0.9957912745696138
2,8,1.9805201993626393,0.48428,5000,2.171385261747572,0.3697478991596639,833,2.166501149582787,0.3691,0.9988267944696841,0.08339986964404192,,,0.97,,0.9700176878243976,0.029982312175602432,0.9769576020281336,0.09984402952615812,5,0.001,0.1,0.9960730492281048,0.9975426633393117,0.9971722105241292,0.9972031925981519,0.9980492869382871,0.997122650455735,0.9969757481258406,0.9973266108507287,1.0,0.9981081385520955,0.9962044395940235,0.9954469682149134
2,9,1.9833599489965257,0.4864,5000,2.168251152391787,0.3565426170468187,833,2.166501149582787,0.3691,0.998934768571597,0.08343775872951711,,,0.97,,0.9700176878243976,0.029982312175602432,0.9769576020281336,0.09984402952615812,5,0.001,0.1,0.9956865488302319,0.9978884911922903,0.9975464886406983,0.9964177798111075,0.9975068173749088,0.9976705108934363,0.9973921360427598,0.9980288887516622,0.9981081385520955,1.0,0.9964452181522028,0.9958258928172411
2,10,1.9903675348136076,0.44868,5000,2.1657978517037852,0.3949579831932773,833,2.166501149582787,0.3691,0.9981498549974286,0.08318203077535542,,,0.97,,0.9700176878243976,0.029982312175602432,0.9769576020281336,0.09984402952615812,5,0.001,0.1,0.9972691929129596,0.9969369587423993,0.9957754058893978,0.99643394756626,0.9954079227461246,0.9968215267701634,0.9957187594786794,0.9952979926590914,0.9962044395940235,0.9964452181522028,1.0,0.9968161811526539
2,11,1.9894580598090106,0.45368,5000,2.166969096219098,0.33613445378151263,833,2.166501149582787,0.3691,0.997663980947272,0.08335067471895756,,,0.97,,0.9700176878243976,0.029982312175602432,0.9769576020281336,0.09984402952615812,5,0.001,0.1,0.9973583423158487,0.9960927967299723,0.9953181754913071,0.9949320704752431,0.9944244310867253,0.996203914755885,0.9950852575113021,0.9957912745696138,0.9954469682149134,0.9958258928172411,0.9968161811526539,1.0
3,0,1.8101351722790178,0.51076,5000,2.0858596872400352,0.4748201438848921,834,2.09204907920033,0.4598,0.998664861781324,0.08333751453213323,,,0.97,,0.9700176878243976,0.029982312175602432,0.9906223162115857,0.09987919444239052,5,0.001,0.1,1.0,0.9970010047852444,0.9968813158011779,0.9975627965936849,0.997416357312534,0.9972014163629072,0.9973066015263314,0.9967478374576372,0.9973563163127187,0.9968759643016867,0.9973031499551901,0.997852056122612
3,1,1.7956682865786704,0.53984,5000,2.095843924416436,0.4568345323741007,834,2.09204907920033,0.4598,0.9988931980867578,0.08335698699307999,,,0.97,,0.9700176878243976,0.029982312175602432,0.9906223162115857,0.09987919444239052,5,0.001,0.1,0.9970010047852444,1.0,0.9972102032459863,0.9975427705575148,0.9973000345134494,0.9976282203298842,0.9971681274735097,0.9976231835944566,0.9977371009913383,0.9979753842810563,0.9973138290447648,0.9977391420567598
3,2,1.8151882959778902,0.5328,5000,2.0778676315590188,0.4904076738609113,834,2.09204907920033,0.4598,0.9987347387856532,0.08330365676826168,,,0.97,,0.9700176878243976,0.029982312175602432,0.9906223162115857,0.09987919444239052,5,0.001,0.1,0.9968813158011779,0.9972102032459863,1.0,0.9970070979837353,0.9978187187209019,0.9974091546367116,0.9975222328056677,0.9972016763666627,0.9974301614651797,0.9979558336511406,0.9967922555601159,0.9971130171396773
3,3,1.8095401940072418,0.52008,5000,2.0909788696854203,0.4448441247002398,834,2.09204907920033,0.4598,0.9986735883155011,0.08328235765595321,,,0.97,,0.9700176878243976,0.029982312175602432,0.9906223162115857,0.09987919444239052,5,0.001,0.1,0.9975627965936849,0.9975427705575148,0.9970070979837353,1.0,0.9972610430271545,0.9974342497650157,0.9968370103146909,0.9974043203669993,0.9974741435377644,0.9969628003527946,0.9969168096884238,0.9972076904545781
3,4,1.8134832480910477,0.5468,5000,2.0854659742779202,0.453781512605042,833,2.09204907920033,0.4598,0.9989014586558149,0.0833492917765105,,,0.97,,0.9700176878243976,0.029982312175602432,0.9906223162115857,0.09987919444239052,5,0.001,0.1,0.997416357312534,0.9973000345134494,0.9978187187209019,0.9972610430271545,1.0,0.997352330554902,0.9979182380596032,0.9975351272851714,0.9980972666145531,0.9977773990325846,0.9966407584416034,0.997220814688462
3,5,1.8083518336532982,0.5368,5000,2.0933130317264133,0.44537815126050423,833,2.09204907920033,0.4598,0.9988104374012943,0.08339176913430621,,,0.97,,0.9700176878243976,0.029982312175602432,0.9906223162115857,0.09987919444239052,5,0.001,0.1,0.9972014163629072,0.9976282203298842,0.9974091546367116,0.9974342497650157,0.997352330554902,1.0,0.997089893852415,0.9974966360730363,0.9975065081747071,0.9978214428094878,0.9969458392279367,0.997359310043413
3,6,1.818027607802373,0.534,5000,2.0980031843538636,0.42857142857142855,833,2.09204907920033,0.4598,0.9986674822462619,0.08329409153234225,,,0.97,,0.9700176878243976,0.029982312175602432,0.9906223162115857,0.09987919444239052,5,0.001,0.1,0.9973066015263314,0.9971681274735097,0.9975222328056677,0.9968370103146909,0.9979182380596032,0.997089893852415,1.0,0.997055001475698,0.9974132359985648,0.9975977653293624,0.996484503387899,0.9971433040473494
3,7,1.8059948543074784,0.55352,5000,2.097091277440389,0.4777911164465786,833,2.09204907920033,0.4598,0.9987629267924876,0.08332093782553948,,,0.97,,0.9700176878243976,0.029982312175602432,0.9906223162115857,0.09987919444239052,5,0.001,0.1,0.9967478374576372,0.9976231835944566,0.9972016763666627,0.9974043203669993,0.9975351272851714,0.9974966360730363,0.997055001475698,1.0,0.9975294637222275,0.9981569854073422,0.9963717799389749,0.997555290741254
3,8,1.8048926514425097,0.53876,5000,2.0988076792822943,0.46338535414165666,833,2.09204907920033,0.4598,0.9990062063821825,0.08338104132581936,,,0.97,,0.9700176878243976,0.029982312175602432,0.9906223162115857,0.09987919444239052,5,0.001,0.1,0.9973563163127187,0.9977371009913383,0.9974301614651797,0.9974741435377644,0.9980972666145531,0.9975065081747071,0.9974132359985648,0.9975294637222275,1.0,0.9978514246106055,0.997224446269862,0.9979725255716125
3,9,1.8072659718762538,0.54592,5000,2.0927216476864285,0.45858343337334934,833,2.09204907920033,0.4598,0.9990145669960337,0.08340454435479677,,,0.97,,0.9700176878243976,0.029982312175602432,0.9906223162115857,0.09987919444239052,5,0.001,0.1,0.9968759643016867,0.9979753842810563,0.9979558336511406,0.9969628003527946,0.9977773990325846,0.9978214428094878,0.9975977653293624,0.9981569854073422,0.9978514246106055,1.0,0.9970380976970998,0.9976782345356559
3,10,1.8173322123327074,0.50852,5000,2.089575449625651,0.48259303721488594,833,2.09204907920033,0.4598,0.9984455070582424,0.0832293691899022,,,0.97,,0.9700176878243976,0.029982312175602432,0.9906223162115857,0.09987919444239052,5,0.001,0.1,0.9973031499551901,0.9973138290447648,0.9967922555601159,0.9969168096884238,0.9966407584416034,0.9969458392279367,0.996484503387899,0.9963717799389749,0.997224446269862,0.9970380976970998,1.0,0.9978485644037518
3,11,1.8150650595403781,0.51832,5000,2.0928585352721036,0.44057623049219685,833,2.09204907920033,0.4598,0.9989307076602143,0.08334843891135506,,,0.97,,0.9700176878243976,0.029982312175602432,0.9906223162115857,0.09987919444239052,5,0.001,0.1,0.997852056122612,0.9977391420567598,0.9971130171396773,0.9972076904545781,0.997220814688462,0.997359310043413,0.9971433040473494,0.997555290741254,0.9979725255716125,0.9976782345356559,0.9978485644037518,1.0
4,0,1.6459835415433166,0.55312,5000,1.9958696586114388,0.5419664268585132,834,2.0033816419089563,0.5286,0.9987919251350217,0.08333368124402095,,,0.97,,0.9700176878243976,0.029982312175602432,0.9949118699327801,0.09988601473503426,5,0.001,0.1,1.0,0.9972842333561825,0.9969314991736892,0.9979258247510508,0.9975578811191904,0.9976613265212267,0.9975863808481259,0.9968528105020932,0.9974444524949737,0.9970204183173973,0.9977986682230849,0.9977841947184157
4,1,1.626566233908295,0.57584,5000,2.008793972156666,0.5407673860911271,834,2.0033816419089563,0.5286,0.9989295271162246,0.08335006197667068,,,0.97,,0.9700176878243976,0.029982312175602432,0.9949118699327801,0.09988601473503426,5,0.001,0.1,0.9972842333561825,1.0,0.9971833294652691,0.9976055550070203,0.9975219398611381,0.997534416472531,0.9975492764414282,0.9976571901695817,0.9977017386272269,0.9981017443271282,0.9976584915693565,0.9976973441434396
4,2,1.6497163837882365,0.56992,5000,1.9869043562147353,0.5431654676258992,834,2.0033816419089563,0.5286,0.9987157398395519,0.08331046187994834,,,0.97,,0.9700176878243976,0.029982312175602432,0.9949118699327801,0.09988601473503426,5,0.001,0.1,0.9969314991736892,0.9971833294652691,1.0,0.9971577259952226,0.9977841062445002,0.9973939592808834,0.9975173291264765,0.9971667487824312,0.9972876878864506,0.9978732300001473,0.9973109010642082,0.9973277910742886
4,3,1.6458329367030198,0.55396,5000,2.002482855761493,0.5335731414868106,834,2.0033816419089563,0.5286,0.9988305308866098,0.08330110639595238,,,0.97,,0.9700176878243976,0.029982312175602432,0.9949118699327801,0.09988601473503426,5,0.001,0.1,0.9979258247510508,0.9976055550070203,0.9971577259952226,1.0,0.9976577097600546,0.997462297842827,0.9974938888150375,0.9973607267473157,0.9976842067031565,0.997086828679742,0.9975178206092972,0.9973588936983352
4,4,1.6463146560511013,0.57984,5000,1.993880651615284,0.5282112845138055,833,2.0033816419089563,0.5286,0.99900443286951,0.08334776085329387,,,0.97,,0.9700176878243976,0.029982312175602432,0.9949118699327801,0.09988601473503426,5,0.001,0.1,0.9975578811191904,0.9975219398611381,0.9977841062445002,0.9976577097600546,1.0,0.9975066327078318,0.9981332209885022,0.9975908915828214,0.998103904870092,0.997935298488484,0.997219066150351,0.9973826193164703
4,5,1.640919583086755,0.5702,5000,2.0038115315967135,0.5186074429771909,833,2.0033816419089563,0.5286,0.9988321037737995,0.08336824539479498,,,0.97,,0.9700176878243976,0.029982312175602432,0.9949118699327801,0.09988601473503426,5,0.001,0.1,0.9976613265212267,0.997534416472531,0.9973939592808834,0.997462297842827,0.9975066327078318,1.0,0.9974166354370181,0.9974898115694567,0.9974072709209961,0.9977985386488887,0.9972385592318185,0.9974168723219585
4,6,1.6514638492256213,0.57264,5000,2.009297459213822,0.5090036014405762,833,2.0033816419089563,0.5286,0.9988900264375384,0.08331022135823467,,,0.97,,0.9700176878243976,0.029982312175602432,0.9949118699327801,0.09988601473503426,5,0.001,0.1,0.9975863808481259,0.9975492764414282,0.9975173291264765,0.9974938888150375,0.9981332209885022,0.9974166354370181,1.0,0.9974993375081597,0.9974102387981072,0.9976916400040227,0.9972254536396686,0.9975002299794383
4,7,1.63808718335097,0.58632,5000,2.0102384046271995,0.531812725090036,833,2.0033816419089563,0.5286,0.9987127869876584,0.08332096287401156,,,0.97,,0.9700176878243976,0.029982312175602432,0.9949118699327801,0.09988601473503426,5,0.001,0.1,0.9968528105020932,0.9976571901695817,0.9971667487824312,0.9973607267473157,0.9975908915828214,0.9974898115694567,0.9974993375081597,1.0,0.9972932877847642,0.9980430508856478,0.9965007542906129,0.9974424916388897
4,8,1.6383758625407128,0.57016,5000,2.0124812435220787,0.5138055222088835,833,2.0033816419089563,0.5286,0.9989321539515936,0.08336489623426716,,,0.97,,0.9700176878243976,0.029982312175602432,0.9949118699327801,0.09988601473503426,5,0.001,0.1,0.9974444524949737,0.9977017386272269,0.9972876878864506,0.9976842067031565,0.998103904870092,0.9974072709209961,0.9974102387981072,0.9972932877847642,1.0,0.9979137181365213,0.9974746651000248,0.9978047580979316
4,9,1.6393376630582628,0.57544,5000,2.0030679172939725,0.5150060024009604,833,2.0033816419089563,0.5286,0.9990315908817118,0.08338251673119862,,,0.97,,0.9700176878243976,0.029982312175602432,0.9949118699327801,0.09988601473503426,5,0.001,0.1,0.9970204183173973,0.9981017443271282,0.9978732300001473,0.997086828679742,0.997935298488484,0.9977985386488887,0.9976916400040227,0.9980430508856478,0.9979137181365213,1.0,0.9974911910586651,0.9977613477892248
4,10,1.6521561417610022,0.54772,5000,1.999135723820439,0.5558223289315727,833,2.0033816419089563,0.5286,0.9987428315697428,0.08326578500500156,,,0.97,,0.9700176878243976,0.029982312175602432,0.9949118699327801,0.09988601473503426,5,0.001,0.1,0.9977986682230849,0.9976584915693565,0.9973109010642082,0.9975178206092972,0.997219066150351,0.9972385592318185,0.9972254536396686,0.9965007542906129,0.9974746651000248,0.9974911910586651,1.0,0.9978260158361434
4,11,1.6495716997772265,0.5588,5000,2.00480705720407,0.5114045618247299,833,2.0033816419089563,0.5286,0.9989133998054769,0.08334430005260535,,,0.97,,0.9700176878243976,0.029982312175602432,0.9949118699327801,0.09988601473503426,5,0.001,0.1,0.9977841947184157,0.9976973441434396,0.9973277910742886,0.9973588936983352,0.9973826193164703,0.9974168723219585,0.9975002299794383,0.9974424916388897,0.9978047580979316,0.9977613477892248,0.9978260158361434,1.0
5,0,1.501469942490766,0.58336,5000,1.8921824517073456,0.5911270983213429,834,1.9009429303982768,0.5693,0.9987098751175648,0.08333169982447558,,,0.97,,0.9700176878243976,0.029982312175602432,0.9971153269603936,0.09987667462794655,5,0.001,0.1,1.0,0.9969301823274268,0.9967590811586999,0.9975931718286892,0.997488218422282,0.9973478655442869,0.9974551722161418,0.9970418983678359,0.997179607657394,0.9969087310731474,0.997617253977954,0.9974221846336362
5,1,1.4798095137450347,0.59756,5000,1.9076338432453297,0.5743405275779376,834,1.9009429303982768,0.5693,0.9987523335349936,0.08334311470249516,,,0.97,,0.9700176878243976,0.029982312175602432,0.9971153269603936,0.09987667462794655,5,0.001,0.1,0.9969301823274268,1.0,0.997130301706274,0.9972296159066095,0.9973042372409986,0.9970333593632008,0.9972045322930104,0.9973593423891434,0.9974504967241994,0.9978778288602902,0.9974232522132137,0.9973077743060264
5,2,1.5054351350304427,0.5934,5000,1.882026685608758,0.5743405275779376,834,1.9009429303982768,0.5693,0.998724573214833,0.0833179361647756,,,0.97,,0.9700176878243976,0.029982312175602432,0.9971153269603936,0.09987667462794655,5,0.001,0.1,0.9967590811586999,0.997130301706274,1.0,0.9974344357881562,0.9976276976509241,0.9972684215061606,0.9976169816877649,0.9969079854718632,0.9971741161867377,0.9974885352213742,0.9972582346994464,0.9972539634057
5,3,1.5038249945184987,0.57944,5000,1.900149318906996,0.5767386091127098,834,1.9009429303982768,0.5693,0.9987007142759411,0.08331142940990624,,,0.97,,0.9700176878243976,0.029982312175602432,0.9971153269603936,0.09987667462794655,5,0.001,0.1,0.9975931718286892,0.9972296159066095,0.9974344357881562,1.0,0.9974860871885625,0.997275538371407,0.9973125683657683,0.9971995551616245,0.9971819135640824,0.9967009235421677,0.9972257728121837,0.9969949317475041
5,4,1.5029991687483089,0.60792,5000,1.888272272215949,0.581032412965186,833,1.9009429303982768,0.5693,0.998892507156011,0.08334622755187712,,,0.97,,0.9700176878243976,0.029982312175602432,0.9971153269603936,0.09987667462794655,5,0.001,0.1,0.997488218422282,0.9973042372409986,0.9976276976509241,0.9974860871885625,1.0,0.9970307043774619,0.9977547866084917,0.9973702374028325,0.9979054987807024,0.9977306964315836,0.9972347023263137,0.9969983312487285
5,5,1.4950763173923372,0.59224,5000,1.9000065547448617,0.5594237695078031,833,1.9009429303982768,0.5693,0.9986088238026307,0.08334963314285058,,,0.97,,0.9700176878243976,0.029982312175602432,0.9971153269603936,0.09987667462794655,5,0.001,0.1,0.9973478655442869,0.9970333593632008,0.9972684215061606,0.997275538371407,0.9970307043774619,1.0,0.9971709416706864,0.9972764488278858,0.9969416862681197,0.9973815890737792,0.9968701728732139,0.9969337205033539
5,6,1.5064264456177974,0.59992,5000,1.9066893657048543,0.5462184873949579,833,1.9009429303982768,0.5693,0.9988148353095747,0.08332070174859627,,,0.97,,0.9700176878243976,0.029982312175602432,0.9971153269603936,0.09987667462794655,5,0.001,0.1,0.9974551722161418,0.9972045322930104,0.9976169816877649,0.9973125683657683,0.9977547866084917,0.9971709416706864,1.0,0.9974335648269052,0.9970532030340318,0.9974333623592394,0.9973810643288719,0.9971856122698679
5,7,1.4918696642681293,0.60392,5000,1.9099862266469885,0.5546218487394958,833,1.9009429303982768,0.5693,0.998711306692384,0.08332394717433798,,,0.97,,0.9700176878243976,0.029982312175602432,0.9971153269603936,0.09987667462794655,5,0.001,0.1,0.9970418983678359,0.9973593423891434,0.9969079854718632,0.9971995551616245,0.9973702374028325,0.9972764488278858,0.9974335648269052,1.0,0.997170139616975,0.9979055470116274,0.9968257059581667,0.9972691931651995
5,8,1.491845568122378,0.59296,5000,1.9129851659138997,0.5594237695078031,833,1.9009429303982768,0.5693,0.9988131765093734,0.08335417462178557,,,0.97,,0.9700176878243976,0.029982312175602432,0.9971153269603936,0.09987667462794655,5,0.001,0.1,0.997179607657394,0.9974504967241994,0.9971741161867377,0.9971819135640824,0.9979054987807024,0.9969416862681197,0.9970532030340318,0.997170139616975,1.0,0.9976867269865906,0.9975939254242634,0.9976424345083
5,9,1.4917766139765454,0.60092,5000,1.8998260365592108,0.5486194477791116,833,1.9009429303982768,0.5693,0.9989166341069063,0.08336831837317911,,,0.97,,0.9700176878243976,0.029982312175602432,0.9971153269603936,0.09987667462794655,5,0.001,0.1,0.9969087310731474,0.9978778288602902,0.9974885352213742,0.9967009235421677,0.9977306964315836,0.9973815890737792,0.9974333623592394,0.9979055470116274,0.9976867269865906,1.0,0.9973405427614344,0.9977643918339105
5,10,1.5102240714297932,0.57292,5000,1.8947495884365506,0.5990396158463386,833,1.9009429303982768,0.5693,0.9987800318616212,0.08329233033218322,,,0.97,,0.9700176878243976,0.029982312175602432,0.9971153269603936,0.09987667462794655,5,0.001,0.1,0.997617253977954,0.9974232522132137,0.9972582346994464,0.9972257728121837,0.9972347023263137,0.9968701728732139,0.9973810643288719,0.9968257059581667,0.9975939254242634,0.9973405427614344,1.0,0.997815148558339
5,11,1.5041197390313361,0.5916,5000,1.9032890752509788,0.5666266506602641,833,1.9009429303982768,0.5693,0.9987803887515692,0.08334048695353756,,,0.97,,0.9700176878243976,0.029982312175602432,0.9971153269603936,0.09987667462794655,5,0.001,0.1,0.9974221846336362,0.9973077743060264,0.9972539634057,0.9969949317475041,0.9969983312487285,0.9969337205033539,0.9971856122698679,0.9972691931651995,0.9976424345083,0.9977643918339105,0.997815148558339,1.0
6,0,1.3813474269429589,0.60808,5000,1.7765042649375067,0.605515587529976,834,1.7864439586480967,0.5953,0.9984672622971623,0.08332858297857418,,,0.97,,0.9700176878243976,0.029982312175602432,0.9981817558831426,0.09985832517178723,5,0.001,0.1,1.0,0.9966276373301339,0.9962833344264466,0.9971218457291016,0.9967289870133152,0.9969590773583966,0.996991741173159,0.9966847720031625,0.9967538530447888,0.9964024684599748,0.9972941491710823,0.9967868052878532
6,1,1.3577082950598116,0.62076,5000,1.7941651123541373,0.5935251798561151,834,1.7864439586480967,0.5953,0.9985786500652535,0.08333917815790608,,,0.97,,0.9700176878243976,0.029982312175602432,0.9981817558831426,0.09985832517178723,5,0.001,0.1,0.9966276373301339,1.0,0.9966527819398731,0.9965211192132067,0.9967262055964461,0.9966577287821089,0.9967468012677123,0.9969695903937944,0.9973595388392562,0.9976879368859117,0.9971336490338136,0.9968851652224591
6,2,1.3844543638502715,0.61352,5000,1.765276030257896,0.6211031175059952,834,1.7864439586480967,0.5953,0.9985961610444762,0.08332430286421276,,,0.97,,0.9700176878243976,0.029982312175602432,0.9981817558831426,0.09985832517178723,5,0.001,0.1,0.9962833344264466,0.9966527819398731,1.0,0.9971741963688676,0.9973157775867593,0.996827530684777,0.99735321444611,0.9963651530022787,0.9971134071647919,0.9972936859575954,0.9969265175900214,0.9968735914234247
6,3,1.384200263403024,0.60004,5000,1.7857457134458754,0.5947242206235012,834,1.7864439586480967,0.5953,0.9985255721468433,0.08331803435455605,,,0.97,,0.9700176878243976,0.029982312175602432,0.9981817558831426,0.09985832517178723,5,0.001,0.1,0.9971218457291016,0.9965211192132067,0.9971741963688676,1.0,0.9970014849926799,0.9968614445800743,0.9969058715436373,0.9967424985906781,0.9972426549738899,0.9963789485917671,0.9967489096186134,0.9966349033514147
6,4,1.379991158254587,0.625,5000,1.7702205269425004,0.6134453781512605,833,1.7864439586480967,0.5953,0.9986151336994914,0.08334226461724856,,,0.97,,0.9700176878243976,0.029982312175602432,0.9981817558831426,0.09985832517178723,5,0.001,0.1,0.9967289870133152,0.9967262055964461,0.9973157775867593,0.9970014849926799,1.0,0.9966566807718638,0.9972867890882484,0.9968025617706694,0.9975001259427926,0.9973912286146015,0.9967119016773753,0.9962837200096699
6,5,1.3730360415331118,0.6156,5000,1.7839352113229257,0.5714285714285714,833,1.7864439586480967,0.5953,0.9983905800529495,0.08333710541983208,,,0.97,,0.9700176878243976,0.029982312175602432,0.9981817558831426,0.09985832517178723,5,0.001,0.1,0.9969590773583966,0.9966577287821089,0.996827530684777,0.9968614445800743,0.9966566807718638,1.0,0.99667102783507,0.9968304371097478,0.9965934451884799,0.9969983836942186,0.996397292112935,0.9962614857469335
6,6,1.3855043203208097,0.6194,5000,1.7922006492261533,0.5714285714285714,833,1.7864439586480967,0.5953,0.9986105941241379,0.08332646466811724,,,0.97,,0.9700176878243976,0.029982312175602432,0.9981817558831426,0.09985832517178723,5,0.001,0.1,0.996991741173159,0.9967468012677123,0.99735321444611,0.9969058715436373,0.9972867890882484,0.99667102783507,1.0,0.9969785573064687,0.9967426623251395,0.9970011301866135,0.996936756130452,0.9967377720623188
6,7,1.3679652055357672,0.62444,5000,1.7982072609442252,0.575030012004802,833,1.7864439586480967,0.5953,0.9985011541603893,0.08332492263302337,,,0.97,,0.9700176878243976,0.029982312175602432,0.9981817558831426,0.09985832517178723,5,0.001,0.1,0.9966847720031625,0.9969695903937944,0.9963651530022787,0.9967424985906781,0.9968025617706694,0.9968304371097478,0.9969785573064687,1.0,0.9969741258758523,0.9974812056653906,0.9964819424788721,0.9967292448700039
6,8,1.3718443211476514,0.6152,5000,1.801957823612072,0.5882352941176471,833,1.7864439586480967,0.5953,0.9987922323949419,0.08335285406999661,,,0.97,,0.9700176878243976,0.029982312175602432,0.9981817558831426,0.09985832517178723,5,0.001,0.1,0.9967538530447888,0.9973595388392562,0.9971134071647919,0.9972426549738899,0.9975001259427926,0.9965934451884799,0.9967426623251395,0.9969741258758523,1.0,0.9975536804710985,0.997362529102273,0.9973314386244704
6,9,1.3701418771105967,0.6226,5000,1.784474249239321,0.5858343337334934,833,1.7864439586480967,0.5953,0.9987987225655223,0.08336173705225546,,,0.97,,0.9700176878243976,0.029982312175602432,0.9981817558831426,0.09985832517178723,5,0.001,0.1,0.9964024684599748,0.9976879368859117,0.9972936859575954,0.9963789485917671,0.9973912286146015,0.9969983836942186,0.9970011301866135,0.9974812056653906,0.9975536804710985,1.0,0.997124685439158,0.9972911453289569
6,10,1.390665476792937,0.59608,5000,1.7777977563716747,0.6230492196878752,833,1.7864439586480967,0.5953,0.9986167105865674,0.08330926360836043,,,0.97,,0.9700176878243976,0.029982312175602432,0.9981817558831426,0.09985832517178723,5,0.001,0.1,0.9972941491710823,0.9971336490338136,0.9969265175900214,0.9967489096186134,0.9967119016773753,0.996397292112935,0.996936756130452,0.9964819424788721,0.997362529102273,0.997124685439158,1.0,0.9973079982043478
6,11,1.3791841364969872,0.614,5000,1.7900152912846319,0.6002400960384153,833,1.7864439586480967,0.5953,0.9985080973562998,0.08333528957591714,,,0.97,,0.9700176878243976,0.029982312175602432,0.9981817558831426,0.09985832517178723,5,0.001,0.1,0.9967868052878532,0.9968851652224591,0.9968735914234247,0.9966349033514147,0.9962837200096699,0.9962614857469335,0.9967377720623188,0.9967292448700039,0.9973314386244704,0.9972911453289569,0.9973079982043478,1.0
7,0,1.279466916649205,0.62808,5000,1.6527242042400219,0.6354916067146283,834,1.6635063745724126,0.6208,0.9983226633174316,0.08332901773556116,,,0.97,,0.9700176878243976,0.029982312175602432,0.9984447945486213,0.09983658602851314,5,0.001,0.1,1.0,0.9960056170299237,0.9961668300838543,0.9969940050372936,0.9965508189675688,0.9966198540108399,0.9967667415332995,0.9962467733673276,0.9960728406070603,0.9959314059220922,0.9965666126642404,0.9963772618669077
7,1,1.254214463340249,0.63732,5000,1.6719286618409333,0.6223021582733813,834,1.6635063745724126,0.6208,0.9982726094144477,0.08333390000103222,,,0.97,,0.9700176878243976,0.029982312175602432,0.9984447945486213,0.09983658602851314,5,0.001,0.1,0.9960056170299237,1.0,0.9962281198943236,0.996077389790858,0.9961281005059724,0.995881519788279,0.9961963251355115,0.9965047508524043,0.9967900782181232,0.9970432504142536,0.9965552303405528,0.9962875538882252
