round,client_id,client_i_training_loss,client_i_training_accuracy,client_i_training_dataset_size,client_i_evaluation_loss,client_i_evaluation_accuracy,client_i_evaluation_dataset_size,client_i_central_evaluation_loss,client_i_central_evaluation_accuracy,client_i_cosine_similarity,client_i_importance_coefficient,client_i_tanh_val,tanh_normalization_value,client_i_q,client_i_mask_order,client_i_v_nonzero_fraction,client_i_v_sparsity,client_i_v_cosine_similarity,client_i_reward_gradient_norm,local_epochs,learning_rate,gamma,client_0_cosine_similarity,client_1_cosine_similarity,client_2_cosine_similarity,client_3_cosine_similarity,client_4_cosine_similarity,client_5_cosine_similarity,client_6_cosine_similarity,client_7_cosine_similarity,client_8_cosine_similarity,client_9_cosine_similarity,client_10_cosine_similarity,client_11_cosine_similarity
0,0,2.2345754535334885,0.33748,5000,2.2726549395808466,0.2314148681055156,834,2.27052710536189,0.2436,0.9965419618736856,0.08343500686010981,,,0.98,,0.9800166246218381,0.01998337537816186,0,0.09953275911786386,5,0.001,0.1,1.0,0.9821223222664635,0.9939179187384246,0.9891535735334686,0.9931200023291706,0.9914372897051987,0.9933915970085724,0.9914210856328184,0.9915029458959399,0.9920905576372374,0.9920403397628662,0.9924307617505232
0,1,2.236578983865726,0.28652,5000,2.2700610602343523,0.2422062350119904,834,2.27052710536189,0.2436,0.988281216414016,0.08274337983338506,,,0.98,,0.9800166246218381,0.01998337537816186,0,0.09953275911786386,5,0.001,0.1,0.9821223222664635,1.0,0.9806668580578466,0.9797042250903192,0.9824022865843841,0.9810784471834623,0.9795549750080139,0.982978306753968,0.9865226335485647,0.9781392525626046,0.9855686408241827,0.9852246738207787
0,2,2.234745894875496,0.31952,5000,2.2743264392570213,0.2314148681055156,834,2.27052710536189,0.2436,0.9954025556658409,0.08333961061147696,,,0.98,,0.9800166246218381,0.01998337537816186,0,0.09953275911786386,5,0.001,0.1,0.9939179187384246,0.9806668580578466,1.0,0.9907694599774064,0.9913225013947766,0.9895992744330332,0.988799946538291,0.9896313167306504,0.9924732560081723,0.992082013174872,0.9914598391145165,0.9882970213756174
0,3,2.2343629263009235,0.3614,5000,2.268481563638758,0.24940047961630696,834,2.27052710536189,0.2436,0.9950790020169865,0.08331252123446665,,,0.98,,0.9800166246218381,0.01998337537816186,0,0.09953275911786386,5,0.001,0.1,0.9891535735334686,0.9797042250903192,0.9907694599774064,1.0,0.9913424604081089,0.9902218308578661,0.9899521953460584,0.992659902806662,0.9914225432032818,0.9902608897729974,0.9922436285005478,0.9874241937658504
0,4,2.232875736503844,0.34792,5000,2.2748277099044234,0.26290516206482595,833,2.27052710536189,0.2436,0.997231556335008,0.0834927428319127,,,0.98,,0.9800166246218381,0.01998337537816186,0,0.09953275911786386,5,0.001,0.1,0.9931200023291706,0.9824022865843841,0.9913225013947766,0.9913424604081089,1.0,0.993935738845761,0.9927138548938897,0.9915146297951223,0.9934964426525749,0.995335278518834,0.9917583207826608,0.9939233471406463
0,5,2.234068081485238,0.31804,5000,2.2674118412865534,0.24009603841536614,833,2.27052710536189,0.2436,0.9957759701685266,0.08337087456501352,,,0.98,,0.9800166246218381,0.01998337537816186,0,0.09953275911786386,5,0.001,0.1,0.9914372897051987,0.9810784471834623,0.9895992744330332,0.9902218308578661,0.993935738845761,1.0,0.9926881069157389,0.9911078500449889,0.989953779704157,0.9919285343414662,0.9903989406618867,0.991129650199552
0,6,2.232927356404104,0.31176,5000,2.269356436199612,0.26770708283313327,833,2.27052710536189,0.2436,0.9957625829219747,0.08336975372409498,,,0.98,,0.9800166246218381,0.01998337537816186,0,0.09953275911786386,5,0.001,0.1,0.9933915970085724,0.9795549750080139,0.988799946538291,0.9899521953460584,0.9927138548938897,0.9926881069157389,1.0,0.9894202219845744,0.9911814051839073,0.9931577415036337,0.9909777071428503,0.9914817947661666
0,7,2.232301988723172,0.35176,5000,2.26737552218967,0.2533013205282113,833,2.27052710536189,0.2436,0.9952958462405961,0.08333067641505777,,,0.98,,0.9800166246218381,0.01998337537816186,0,0.09953275911786386,5,0.001,0.1,0.9914210856328184,0.982978306753968,0.9896313167306504,0.992659902806662,0.9915146297951223,0.9911078500449889,0.9894202219845744,1.0,0.9900636198355945,0.9869711268699359,0.9944512068791341,0.9875256082146722
0,8,2.2342458734087125,0.34728,5000,2.274268291614674,0.22809123649459784,833,2.27052710536189,0.2436,0.9967467339283168,0.08345215130403347,,,0.98,,0.9800166246218381,0.01998337537816186,0,0.09953275911786386,5,0.001,0.1,0.9915029458959399,0.9865226335485647,0.9924732560081723,0.9914225432032818,0.9934964426525749,0.989953779704157,0.9911814051839073,0.9900636198355945,1.0,0.9944804571834209,0.9922525566862741,0.9917245387472657
0,9,2.232561767784653,0.34432,5000,2.274445622055619,0.2424969987995198,833,2.27052710536189,0.2436,0.9960733243624965,0.0833957704049911,,,0.98,,0.9800166246218381,0.01998337537816186,0,0.09953275911786386,5,0.001,0.1,0.9920905576372374,0.9781392525626046,0.992082013174872,0.9902608897729974,0.995335278518834,0.9919285343414662,0.9931577415036337,0.9869711268699359,0.9944804571834209,1.0,0.9887927342415549,0.9937924353151049
0,10,2.2328613259989742,0.33124,5000,2.27163028717041,0.23769507803121248,833,2.27052710536189,0.2436,0.9961627193560637,0.08340325495876495,,,0.98,,0.9800166246218381,0.01998337537816186,0,0.09953275911786386,5,0.001,0.1,0.9920403397628662,0.9855686408241827,0.9914598391145165,0.9922436285005478,0.9917583207826608,0.9903989406618867,0.9909777071428503,0.9944512068791341,0.9922525566862741,0.9887927342415549,1.0,0.9881548338981903
0,11,2.234645962867008,0.3054,5000,2.2714775844856545,0.23649459783913565,833,2.27052710536189,0.2436,0.9955774941851487,0.08335425725669308,,,0.98,,0.9800166246218381,0.01998337537816186,0,0.09953275911786386,5,0.001,0.1,0.9924307617505232,0.9852246738207787,0.9882970213756174,0.9874241937658504,0.9939233471406463,0.991129650199552,0.9914817947661666,0.9875256082146722,0.9917245387472657,0.9937924353151049,0.9881548338981903,1.0
1,0,2.12530851181905,0.4736,5000,2.2229474120669894,0.4172661870503597,834,2.220629252564793,0.4281,0.9982110592187527,0.08341457703498856,,,0.98,,0.9800166246218381,0.01998337537816186,0.952383068608244,0.09976283940513836,5,0.001,0.1,1.0,0.9921683658193503,0.9965181951701078,0.9939248182007095,0.9963090831225441,0.9954411216688702,0.9962456362359214,0.9967661720556955,0.9953637785604692,0.9953360335627022,0.9959536796572278,0.9960682047890108
1,1,2.1322920371013083,0.43404,5000,2.2198888107582375,0.4172661870503597,834,2.220629252564793,0.4281,0.9947804941318316,0.08287952163815306,,,0.98,,0.9800166246218381,0.01998337537816186,0.952383068608244,0.09976283940513836,5,0.001,0.1,0.9921683658193503,1.0,0.9913397797497374,0.9907931288414947,0.99175961372982,0.9908555472385477,0.9911071894242794,0.9920741660719491,0.9927895275038772,0.9898127025195798,0.9932549553807086,0.9931592312204138
1,2,2.1271437980566814,0.4642,5000,2.2262173052187317,0.4028776978417266,834,2.220629252564793,0.4281,0.9979131496683874,0.08334643577758973,,,0.98,,0.9800166246218381,0.01998337537816186,0.952383068608244,0.09976283940513836,5,0.001,0.1,0.9965181951701078,0.9913397797497374,1.0,0.9951463237622022,0.9958241537378144,0.9946942741378965,0.9941969185512926,0.9963134006133262,0.9962203043127564,0.9956261748657266,0.9963146321460289,0.9943337591557455
1,3,2.1255313129182074,0.47728,5000,2.2184475616172508,0.43764988009592326,834,2.220629252564793,0.4281,0.9972820214635228,0.0833094396472466,,,0.98,,0.9800166246218381,0.01998337537816186,0.952383068608244,0.09976283940513836,5,0.001,0.1,0.9939248182007095,0.9907931288414947,0.9951463237622022,1.0,0.9946439467876643,0.9951123755147468,0.9934963219996269,0.9959234414917021,0.9957931982563852,0.9947429566677748,0.9958477166055848,0.9935532039194004
1,4,2.124007243715274,0.47524,5000,2.2264543109469943,0.4225690276110444,833,2.220629252564793,0.4281,0.9982811643886905,0.08345225967560159,,,0.98,,0.9800166246218381,0.01998337537816186,0.952383068608244,0.09976283940513836,5,0.001,0.1,0.9963090831225441,0.99175961372982,0.9958241537378144,0.9946439467876643,1.0,0.9957925836198077,0.995753802224189,0.994927279824487,0.9965237767178,0.9975017809891465,0.9952877559529957,0.9966025058925096
1,5,2.1239245382843506,0.43948,5000,2.2163017237627947,0.4417767106842737,833,2.220629252564793,0.4281,0.9975279932388478,0.08335317935013016,,,0.98,,0.9800166246218381,0.01998337537816186,0.952383068608244,0.09976283940513836,5,0.001,0.1,0.9954411216688702,0.9908555472385477,0.9946942741378965,0.9951123755147468,0.9957925836198077,1.0,0.9956557833060131,0.9943874740246764,0.9947547247296772,0.9959090254694094,0.9942376393851281,0.995075132925318
1,6,2.1211612175983987,0.44844,5000,2.221207477428295,0.46338535414165666,833,2.220629252564793,0.4281,0.9977112790240612,0.08335840963301527,,,0.98,,0.9800166246218381,0.01998337537816186,0.952383068608244,0.09976283940513836,5,0.001,0.1,0.9962456362359214,0.9911071894242794,0.9941969185512926,0.9934963219996269,0.995753802224189,0.9956557833060131,1.0,0.9952184356050979,0.9952091939627543,0.9963989326192388,0.9952307270173825,0.9955955681445119
1,7,2.12083707432838,0.48052,5000,2.217564856564557,0.4369747899159664,833,2.220629252564793,0.4281,0.9978883806219364,0.08334015520814128,,,0.98,,0.9800166246218381,0.01998337537816186,0.952383068608244,0.09976283940513836,5,0.001,0.1,0.9967661720556955,0.9920741660719491,0.9963134006133262,0.9959234414917021,0.994927279824487,0.9943874740246764,0.9952184356050979,1.0,0.9953583203365146,0.9939048331018309,0.9973250865173225,0.9940414203225785
1,8,2.1269220324838236,0.4952,5000,2.2245059278276234,0.4057623049219688,833,2.220629252564793,0.4281,0.9982041594897448,0.08342487180618098,,,0.98,,0.9800166246218381,0.01998337537816186,0.952383068608244,0.09976283940513836,5,0.001,0.1,0.9953637785604692,0.9927895275038772,0.9962203043127564,0.9957931982563852,0.9965237767178,0.9947547247296772,0.9952091939627543,0.9953583203365146,1.0,0.9966873837962286,0.9961355012429567,0.9951800771284217
1,9,2.1244126937951253,0.47276,5000,2.2261401547325983,0.4309723889555822,833,2.220629252564793,0.4281,0.9979357112221988,0.08338161640973969,,,0.98,,0.9800166246218381,0.01998337537816186,0.952383068608244,0.09976283940513836,5,0.001,0.1,0.9953360335627022,0.9898127025195798,0.9956261748657266,0.9947429566677748,0.9975017809891465,0.9959090254694094,0.9963989326192388,0.9939048331018309,0.9966873837962286,1.0,0.9943916811691208,0.9964697062070345
1,10,2.1216845946706786,0.47208,5000,2.2207182866555675,0.4369747899159664,833,2.220629252564793,0.4281,0.9980548449017999,0.08339005449112867,,,0.98,,0.9800166246218381,0.01998337537816186,0.952383068608244,0.09976283940513836,5,0.001,0.1,0.9959536796572278,0.9932549553807086,0.9963146321460289,0.9958477166055848,0.9952877559529957,0.9942376393851281,0.9952307270173825,0.9973250865173225,0.9961355012429567,0.9943916811691208,1.0,0.9942583366585577
1,11,2.1273709203027615,0.43204,5000,2.2216244538625083,0.4237695078031212,833,2.220629252564793,0.4281,0.997729126792423,0.08334947932808438,,,0.98,,0.9800166246218381,0.01998337537816186,0.952383068608244,0.09976283940513836,5,0.001,0.1,0.9960682047890108,0.9931592312204138,0.9943337591557455,0.9935532039194004,0.9966025058925096,0.995075132925318,0.9955955681445119,0.9940414203225785,0.9951800771284217,0.9964697062070345,0.9942583366585577,1.0
2,0,1.970107829039264,0.53052,5000,2.1614508628845215,0.5083932853717026,834,2.1592681034685324,0.5261,0.9987410045891288,0.08339148988723767,,,0.98,,0.9800166246218381,0.01998337537816186,0.9836219691894019,0.09984835049008331,5,0.001,0.1,1.0,0.9950313867896754,0.9976681693494219,0.9967241887566936,0.9973601527834185,0.997534232819559,0.9975611034538985,0.997790117547167,0.9965805856340564,0.9968590348850429,0.9967668410620013,0.9968274096696103
2,1,1.9819202653921333,0.51524,5000,2.1583124001820884,0.5143884892086331,834,2.1592681034685324,0.5261,0.9971702771417217,0.08301266160006655,,,0.98,,0.9800166246218381,0.01998337537816186,0.9836219691894019,0.09984835049008331,5,0.001,0.1,0.9950313867896754,1.0,0.994884807079611,0.9947813702297813,0.9954131208090824,0.9952703816803404,0.9956120409142017,0.9952997075861864,0.9954887524085941,0.9947497985044156,0.9955241301689066,0.9958669245210094
2,2,1.974190213725825,0.51572,5000,2.166543625019215,0.5107913669064749,834,2.1592681034685324,0.5261,0.9987546251292291,0.08335014097933063,,,0.98,,0.9800166246218381,0.01998337537816186,0.9836219691894019,0.09984835049008331,5,0.001,0.1,0.9976681693494219,0.994884807079611,1.0,0.997359352358433,0.997379578579231,0.9972240193804794,0.9964241803848636,0.9972417128302695,0.9972136630018171,0.997292848056423,0.9974691023730167,0.9967093097721421
2,3,1.9686882878564724,0.532,5000,2.1569257135744446,0.5443645083932853,834,2.1592681034685324,0.5261,0.9984375285385513,0.08331721767397432,,,0.98,,0.9800166246218381,0.01998337537816186,0.9836219691894019,0.09984835049008331,5,0.001,0.1,0.9967241887566936,0.9947813702297813,0.997359352358433,1.0,0.9968759087778074,0.9966741004332133,0.9961031591047235,0.9972799575678537,0.9975753584399797,0.99727619793346,0.996372285127738,0.9960484355370866
2,4,1.9688108419916432,0.53668,5000,2.1664067727548106,0.5354141656662665,833,2.1592681034685324,0.5261,0.9988230350548191,0.08341724697009445,,,0.98,,0.9800166246218381,0.01998337537816186,0.9836219691894019,0.09984835049008331,5,0.001,0.1,0.9973601527834185,0.9954131208090824,0.997379578579231,0.9968759087778074,1.0,0.9973195474631247,0.9973234783339041,0.9966315076997438,0.996974110803699,0.9982592494985364,0.9963934945692067,0.9977559679620772
2,5,1.969314470108907,0.51044,5000,2.1536690570690014,0.5198079231692677,833,2.1592681034685324,0.5261,0.9986991133451815,0.08335248481048574,,,0.98,,0.9800166246218381,0.01998337537816186,0.9836219691894019,0.09984835049008331,5,0.001,0.1,0.997534232819559,0.9952703816803404,0.9972240193804794,0.9966741004332133,0.9973195474631247,1.0,0.9977197182258765,0.9966110462667156,0.9969654814258729,0.9978098662402253,0.9959173089974905,0.9971584081779348
2,6,1.9644639103275956,0.52232,5000,2.1617201610847756,0.5522208883553421,833,2.1592681034685324,0.5261,0.9986425220497916,0.08335386575309053,,,0.98,,0.9800166246218381,0.01998337537816186,0.9836219691894019,0.09984835049008331,5,0.001,0.1,0.9975611034538985,0.9956120409142017,0.9964241803848636,0.9961031591047235,0.9973234783339041,0.9977197182258765,1.0,0.9969479699998941,0.9967875131888809,0.9976219731778986,0.9965381679337002,0.9968882949611318
2,7,1.9644366894557976,0.52904,5000,2.156526468418263,0.5414165666266506,833,2.1592681034685324,0.5261,0.9985360147639565,0.08333923324481245,,,0.98,,0.9800166246218381,0.01998337537816186,0.9836219691894019,0.09984835049008331,5,0.001,0.1,0.997790117547167,0.9952997075861864,0.9972417128302695,0.9972799575678537,0.9966315076997438,0.9966110462667156,0.9969479699998941,1.0,0.9968551812551868,0.9962569467379457,0.9975287460494157,0.9958090127609013
2,8,1.971483981533415,0.56396,5000,2.163507443887216,0.5018007202881153,833,2.1592681034685324,0.5261,0.9985859832637417,0.08339279966701206,,,0.98,,0.9800166246218381,0.01998337537816186,0.9836219691894019,0.09984835049008331,5,0.001,0.1,0.9965805856340564,0.9954887524085941,0.9972136630018171,0.9975753584399797,0.996974110803699,0.9969654814258729,0.9967875131888809,0.9968551812551868,1.0,0.997577840491207,0.9965145425322608,0.9963159924610642
2,9,1.9695185674983224,0.52708,5000,2.166954755783081,0.5270108043217286,833,2.1592681034685324,0.5261,0.9987837518024212,0.08337265609521106,,,0.98,,0.9800166246218381,0.01998337537816186,0.9836219691894019,0.09984835049008331,5,0.001,0.1,0.9968590348850429,0.9947497985044156,0.997292848056423,0.99727619793346,0.9982592494985364,0.9978098662402253,0.9976219731778986,0.9962569467379457,0.997577840491207,1.0,0.995911166426708,0.9975985116776503
2,10,1.961987576515052,0.53736,5000,2.159308663120976,0.5294117647058824,833,2.1592681034685324,0.5261,0.9982249251777208,0.0833597936032199,,,0.98,,0.9800166246218381,0.01998337537816186,0.9836219691894019,0.09984835049008331,5,0.001,0.1,0.9967668410620013,0.9955241301689066,0.9974691023730167,0.996372285127738,0.9963934945692067,0.9959173089974905,0.9965381679337002,0.9975287460494157,0.9965145425322608,0.995911166426708,1.0,0.9955903963464356
2,11,1.974425642201855,0.50332,5000,2.1606694327460394,0.5282112845138055,833,2.1592681034685324,0.5261,0.9983953056565328,0.08334040971546465,,,0.98,,0.9800166246218381,0.01998337537816186,0.9836219691894019,0.09984835049008331,5,0.001,0.1,0.9968274096696103,0.9958669245210094,0.9967093097721421,0.9960484355370866,0.9977559679620772,0.9971584081779348,0.9968882949611318,0.9958090127609013,0.9963159924610642,0.9975985116776503,0.9955903963464356,1.0
3,0,1.7945759220487754,0.56848,5000,2.0856178248370134,0.565947242206235,834,2.083985309631299,0.5727,0.9989665903996074,0.08337359615572211,,,0.98,,0.9800166246218381,0.01998337537816186,0.9925763300198956,0.09988242523382,5,0.001,0.1,1.0,0.9963938178881429,0.9979271811162386,0.9973927550618863,0.9978332376172083,0.9980161584343309,0.9979424408463821,0.9980256163312318,0.9971990564913793,0.9979086643164959,0.9973586311438489,0.9975006470138835
3,1,1.8069387920343192,0.5742,5000,2.082879975990013,0.5683453237410072,834,2.083985309631299,0.5727,0.9980788903972441,0.08311265680476258,,,0.98,,0.9800166246218381,0.01998337537816186,0.9925763300198956,0.09988242523382,5,0.001,0.1,0.9963938178881429,1.0,0.9962571040597906,0.9962082673186765,0.9967085401585151,0.9967901537052816,0.99702699359032,0.9964322619988805,0.9966942036469579,0.9966961946515343,0.9968175556809553,0.996852650944168
3,2,1.7994432326335057,0.55996,5000,2.093029428411413,0.5479616306954437,834,2.083985309631299,0.5727,0.9988790494060755,0.08334541654542255,,,0.98,,0.9800166246218381,0.01998337537816186,0.9925763300198956,0.09988242523382,5,0.001,0.1,0.9979271811162386,0.9962571040597906,1.0,0.9977948566088977,0.9977261670827646,0.997825145934278,0.9968898525366966,0.9975753039583292,0.9974714700280782,0.9981217767585469,0.9975099243316378,0.9973508597120592
3,3,1.7909192603105193,0.57472,5000,2.0812784830729165,0.5839328537170264,834,2.083985309631299,0.5727,0.9987314677655718,0.08332046568887205,,,0.98,,0.9800166246218381,0.01998337537816186,0.9925763300198956,0.09988242523382,5,0.001,0.1,0.9973927550618863,0.9962082673186765,0.9977948566088977,1.0,0.9975459526525311,0.9973415116365617,0.9967659412809279,0.9976726973312517,0.9977875304891252,0.9978533427874541,0.9972802508882805,0.9970390114630723
3,4,1.7924765964981857,0.5816,5000,2.0919731104815447,0.581032412965186,833,2.083985309631299,0.5727,0.9990085802781016,0.08339074507382738,,,0.98,,0.9800166246218381,0.01998337537816186,0.9925763300198956,0.09988242523382,5,0.001,0.1,0.9978332376172083,0.9967085401585151,0.9977261670827646,0.9975459526525311,1.0,0.9977649066145221,0.9978323456919995,0.9973920809602479,0.9972872064892547,0.9985740172465299,0.9973624513380407,0.9979749093971669
3,5,1.7928100046838165,0.56952,5000,2.0770749339350947,0.5834333733493398,833,2.083985309631299,0.5727,0.9990036348752445,0.0833508744578134,,,0.98,,0.9800166246218381,0.01998337537816186,0.9925763300198956,0.09988242523382,5,0.001,0.1,0.9980161584343309,0.9967901537052816,0.997825145934278,0.9973415116365617,0.9977649066145221,1.0,0.9979269221677156,0.9975016946890084,0.997484162505588,0.998296327191526,0.9971943869328463,0.9978030614333591
3,6,1.7871596772199982,0.56348,5000,2.088717460632324,0.5846338535414166,833,2.083985309631299,0.5727,0.9988533875679224,0.0833468723327647,,,0.98,,0.9800166246218381,0.01998337537816186,0.9925763300198956,0.09988242523382,5,0.001,0.1,0.9979424408463821,0.99702699359032,0.9968898525366966,0.9967659412809279,0.9978323456919995,0.9979269221677156,1.0,0.9974646463641991,0.9971535867146508,0.9981707069553578,0.997274181133367,0.9976971856740161
3,7,1.7875716947446203,0.56748,5000,2.081898428775646,0.5822328931572629,833,2.083985309631299,0.5727,0.9988448607048105,0.08333762475134988,,,0.98,,0.9800166246218381,0.01998337537816186,0.9925763300198956,0.09988242523382,5,0.001,0.1,0.9980256163312318,0.9964322619988805,0.9975753039583292,0.9976726973312517,0.9973920809602479,0.9975016946890084,0.9974646463641991,1.0,0.9975576289311776,0.9974391779426871,0.9980734231731667,0.9969066158267778
3,8,1.7937928544487922,0.60624,5000,2.0890272899910256,0.5522208883553421,833,2.083985309631299,0.5727,0.9987795140557193,0.08336836182036668,,,0.98,,0.9800166246218381,0.01998337537816186,0.9925763300198956,0.09988242523382,5,0.001,0.1,0.9971990564913793,0.9966942036469579,0.9974714700280782,0.9977875304891252,0.9972872064892547,0.997484162505588,0.9971535867146508,0.9975576289311776,1.0,0.9979371332904411,0.997522090074286,0.9971640038243015
3,9,1.794595132511892,0.5712,5000,2.0945453732102006,0.5870348139255702,833,2.083985309631299,0.5727,0.999220952665051,0.08337025657792341,,,0.98,,0.9800166246218381,0.01998337537816186,0.9925763300198956,0.09988242523382,5,0.001,0.1,0.9979086643164959,0.9966961946515343,0.9981217767585469,0.9978533427874541,0.9985740172465299,0.998296327191526,0.9981707069553578,0.9974391779426871,0.9979371332904411,1.0,0.997412089681395,0.9981377970641078
3,10,1.7830242860089442,0.57816,5000,2.084458245171441,0.5630252100840336,833,2.083985309631299,0.5727,0.998734507372081,0.0833466705943663,,,0.98,,0.9800166246218381,0.01998337537816186,0.9925763300198956,0.09988242523382,5,0.001,0.1,0.9973586311438489,0.9968175556809553,0.9975099243316378,0.9972802508882805,0.9973624513380407,0.9971943869328463,0.997274181133367,0.9980734231731667,0.997522090074286,0.997412089681395,1.0,0.9969150750179755
3,11,1.7994190583563154,0.56464,5000,2.085732795574047,0.5726290516206483,833,2.083985309631299,0.5727,0.9987863920201603,0.08333645919680907,,,0.98,,0.9800166246218381,0.01998337537816186,0.9925763300198956,0.09988242523382,5,0.001,0.1,0.9975006470138835,0.996852650944168,0.9973508597120592,0.9970390114630723,0.9979749093971669,0.9978030614333591,0.9976971856740161,0.9969066158267778,0.9971640038243015,0.9981377970641078,0.9969150750179755,1.0
4,0,1.6285603725986115,0.6024,5000,1.9946158682858501,0.6079136690647482,834,1.9940409031919777,0.6067,0.9989555936189256,0.08335874329900102,,,0.98,,0.9800166246218381,0.01998337537816186,0.9955961220168952,0.09989333461986298,5,0.001,0.1,1.0,0.9966219539643305,0.9982042858894526,0.997426732381757,0.9977462456175131,0.9979210371209202,0.9981331277761663,0.9979831038962393,0.9973795200296761,0.9979521336256275,0.9975500351970293,0.9977584070826097
4,1,1.6399239605399454,0.61004,5000,1.9932201703389485,0.605515587529976,834,1.9940409031919777,0.6067,0.9983316039081834,0.08317860964189697,,,0.98,,0.9800166246218381,0.01998337537816186,0.9955961220168952,0.09989333461986298,5,0.001,0.1,0.9966219539643305,1.0,0.997128161222641,0.9969341616905997,0.9971332744978266,0.9970250405181903,0.997189083777641,0.9968148128407883,0.9972549397655904,0.9970525345818074,0.9969612269211027,0.9970935553809642
4,2,1.6327127016274032,0.5846,5000,2.0048756952638978,0.5911270983213429,834,1.9940409031919777,0.6067,0.999162579854968,0.08334814452350178,,,0.98,,0.9800166246218381,0.01998337537816186,0.9955961220168952,0.09989333461986298,5,0.001,0.1,0.9982042858894526,0.997128161222641,1.0,0.9980547476245949,0.998047694153656,0.9981495279241679,0.9977610650747505,0.9977873386216128,0.9977406506450512,0.9985541083343716,0.9979423040596004,0.9977892618449827
4,3,1.6250791129033277,0.59876,5000,1.9909364205819589,0.63189448441247,834,1.9940409031919777,0.6067,0.9988936923429893,0.08332416837129165,,,0.98,,0.9800166246218381,0.01998337537816186,0.9955961220168952,0.09989333461986298,5,0.001,0.1,0.997426732381757,0.9969341616905997,0.9980547476245949,1.0,0.9977475115990456,0.997458361068061,0.9971340360627802,0.9978583919859618,0.9978277093280183,0.9980666851710568,0.9978333370282584,0.9975953614574803
4,4,1.6242011563793108,0.60836,5000,2.0026786150755704,0.6062424969987995,833,1.9940409031919777,0.6067,0.999025096230131,0.08337150121436826,,,0.98,,0.9800166246218381,0.01998337537816186,0.9955961220168952,0.09989333461986298,5,0.001,0.1,0.9977462456175131,0.9971332744978266,0.998047694153656,0.9977475115990456,1.0,0.9978705959126647,0.9979830753292879,0.997600668522608,0.997602851980322,0.9983529656161232,0.9975472480462036,0.9978783347862752
4,5,1.6272613225469164,0.60556,5000,1.9859594283280548,0.6254501800720288,833,1.9940409031919777,0.6067,0.9989780827108089,0.08334553709808766,,,0.98,,0.9800166246218381,0.01998337537816186,0.9955961220168952,0.09989333461986298,5,0.001,0.1,0.9979210371209202,0.9970250405181903,0.9981495279241679,0.997458361068061,0.9978705959126647,1.0,0.9980192178147657,0.9976253243146165,0.9975679784686823,0.9981493854214645,0.9973336450521724,0.9978275137417582
4,6,1.6199245784692704,0.60656,5000,2.001286263819094,0.6086434573829532,833,1.9940409031919777,0.6067,0.9990103850079358,0.08334412560944086,,,0.98,,0.9800166246218381,0.01998337537816186,0.9955961220168952,0.09989333461986298,5,0.001,0.1,0.9981331277761663,0.997189083777641,0.9977610650747505,0.9971340360627802,0.9979830753292879,0.9980192178147657,1.0,0.9978428578817873,0.997729613348172,0.9982142107057494,0.9975214412945301,0.997807330928269
4,7,1.6232013808693855,0.59524,5000,1.9928211856771398,0.5990396158463386,833,1.9940409031919777,0.6067,0.9989232921963727,0.08333564478924259,,,0.98,,0.9800166246218381,0.01998337537816186,0.9955961220168952,0.09989333461986298,5,0.001,0.1,0.9979831038962393,0.9968148128407883,0.9977873386216128,0.9978583919859618,0.997600668522608,0.9976253243146165,0.9978428578817873,1.0,0.9977470483531757,0.9976872104117737,0.998003221186249,0.9973410249713489
4,8,1.6243200330217933,0.62776,5000,2.0003065091592296,0.5870348139255702,833,1.9940409031919777,0.6067,0.9989256551096894,0.08335456767527606,,,0.98,,0.9800166246218381,0.01998337537816186,0.9955961220168952,0.09989333461986298,5,0.001,0.1,0.9973795200296761,0.9972549397655904,0.9977406506450512,0.9978277093280183,0.997602851980322,0.9975679784686823,0.997729613348172,0.9977470483531757,1.0,0.9982430774040849,0.9977084122188414,0.9975179778303062
4,9,1.6257446604169858,0.60312,5000,2.007814981319286,0.6158463385354142,833,1.9940409031919777,0.6067,0.9992442970750006,0.08336601247753979,,,0.98,,0.9800166246218381,0.01998337537816186,0.9955961220168952,0.09989333461986298,5,0.001,0.1,0.9979521336256275,0.9970525345818074,0.9985541083343716,0.9980666851710568,0.9983529656161232,0.9981493854214645,0.9982142107057494,0.9976872104117737,0.9982430774040849,1.0,0.9977140196709119,0.9981514000874714
4,10,1.6148715363945931,0.60584,5000,1.9952181224469785,0.6014405762304922,833,1.9940409031919777,0.6067,0.9988471719869237,0.08333873480101113,,,0.98,,0.9800166246218381,0.01998337537816186,0.9955961220168952,0.09989333461986298,5,0.001,0.1,0.9975500351970293,0.9969612269211027,0.9979423040596004,0.9978333370282584,0.9975472480462036,0.9973336450521724,0.9975214412945301,0.998003221186249,0.9977084122188414,0.9977140196709119,1.0,0.997264155374626
4,11,1.6341408333201317,0.60348,5000,1.996156440840827,0.6002400960384153,833,1.9940409031919777,0.6067,0.9989009931068819,0.08333421049934228,,,0.98,,0.9800166246218381,0.01998337537816186,0.9955961220168952,0.09989333461986298,5,0.001,0.1,0.9977584070826097,0.9970935553809642,0.9977892618449827,0.9975953614574803,0.9978783347862752,0.9978275137417582,0.997807330928269,0.9973410249713489,0.9975179778303062,0.9981514000874714,0.997264155374626,1.0
5,0,1.487502971500348,0.62496,5000,1.889150513543023,0.6306954436450839,834,1.889937305983644,0.6298,0.9988374583593439,0.08334883284949053,,,0.98,,0.9800166246218381,0.01998337537816186,0.9979053297851569,0.09988400758659681,5,0.001,0.1,1.0,0.996547216439884,0.9979407074022306,0.9973047506794657,0.9975707238678578,0.9977181797230938,0.997844323654458,0.9978577136049462,0.9969060208132091,0.9974908913813616,0.9973713684421865,0.9975921977800637
5,1,1.4978640683137687,0.62976,5000,1.8897841727292095,0.6282973621103117,834,1.889937305983644,0.6298,0.9982548642716437,0.08321957695116193,,,0.98,,0.9800166246218381,0.01998337537816186,0.9979053297851569,0.09988400758659681,5,0.001,0.1,0.996547216439884,1.0,0.9972923771045369,0.9968861473969316,0.9967004726842081,0.9969507198833528,0.9970906880804543,0.9966884211038707,0.9967489628441065,0.9968273710479559,0.9967877179168662,0.9966495003661846
5,2,1.492434420327472,0.6088,5000,1.9026743041144476,0.617505995203837,834,1.889937305983644,0.6298,0.9991662094654685,0.08335294354605818,,,0.98,,0.9800166246218381,0.01998337537816186,0.9979053297851569,0.09988400758659681,5,0.001,0.1,0.9979407074022306,0.9972923771045369,1.0,0.9981286335905578,0.9979383141544736,0.9981994504438889,0.9975662197247814,0.9977995348420584,0.9974570565856237,0.9981999175424447,0.9978440082854502,0.9977193950744829
5,3,1.4825765318931288,0.62268,5000,1.8861614995532565,0.6534772182254197,834,1.889937305983644,0.6298,0.9988821120751046,0.08332907333438491,,,0.98,,0.9800166246218381,0.01998337537816186,0.9979053297851569,0.09988400758659681,5,0.001,0.1,0.9973047506794657,0.9968861473969316,0.9981286335905578,1.0,0.9978509706867966,0.9975447029709061,0.9970638816421952,0.9978040906144862,0.9973849435173732,0.997651285800414,0.9976232857452293,0.9974381375511333
5,4,1.4819154510832138,0.63304,5000,1.8992767775500263,0.6302521008403361,833,1.889937305983644,0.6298,0.9989772713138525,0.08336116785119692,,,0.98,,0.9800166246218381,0.01998337537816186,0.9979053297851569,0.09988400758659681,5,0.001,0.1,0.9975707238678578,0.9967004726842081,0.9979383141544736,0.9978509706867966,1.0,0.9978199504311254,0.997743525378092,0.9974533186063486,0.9973668177516636,0.9982196075068172,0.9975063207506719,0.9976494506503228
5,5,1.486460238201603,0.63,5000,1.881161544058058,0.6434573829531812,833,1.889937305983644,0.6298,0.9989610770678473,0.08334472458184544,,,0.98,,0.9800166246218381,0.01998337537816186,0.9979053297851569,0.09988400758659681,5,0.001,0.1,0.9977181797230938,0.9969507198833528,0.9981994504438889,0.9975447029709061,0.9978199504311254,1.0,0.9978202640356143,0.9975214635288765,0.9972274154725517,0.9979230922946275,0.9972922741097169,0.9976090270543919
5,6,1.479359659799345,0.6286,5000,1.8998823519106265,0.6266506602641057,833,1.889937305983644,0.6298,0.9988959524201309,0.08334175734840474,,,0.98,,0.9800166246218381,0.01998337537816186,0.9979053297851569,0.09988400758659681,5,0.001,0.1,0.997844323654458,0.9970906880804543,0.9975662197247814,0.9970638816421952,0.997743525378092,0.9978202640356143,1.0,0.9975833879410615,0.9973689410298676,0.9979486066354439,0.9973467061345086,0.997469709823025
5,7,1.4820912216879,0.62008,5000,1.8897536198298137,0.6158463385354142,833,1.889937305983644,0.6298,0.9988719021316583,0.0833357809269347,,,0.98,,0.9800166246218381,0.01998337537816186,0.9979053297851569,0.09988400758659681,5,0.001,0.1,0.9978577136049462,0.9966884211038707,0.9977995348420584,0.9978040906144862,0.9974533186063486,0.9975214635288765,0.9975833879410615,1.0,0.997532438987281,0.9973483594978326,0.9978156594638453,0.997153475719061
5,8,1.4792661721539346,0.64132,5000,1.8978459305233426,0.6110444177671068,833,1.889937305983644,0.6298,0.9986651169101307,0.08334071054740887,,,0.98,,0.9800166246218381,0.01998337537816186,0.9979053297851569,0.09988400758659681,5,0.001,0.1,0.9969060208132091,0.9967489628441065,0.9974570565856237,0.9973849435173732,0.9973668177516636,0.9972274154725517,0.9973689410298676,0.997532438987281,1.0,0.9978052242592903,0.9972524703998662,0.9970288534634238
5,9,1.48514191162814,0.6294,5000,1.9070509009891086,0.6386554621848739,833,1.889937305983644,0.6298,0.9990416560680516,0.08335988013600755,,,0.98,,0.9800166246218381,0.01998337537816186,0.9979053297851569,0.09988400758659681,5,0.001,0.1,0.9974908913813616,0.9968273710479559,0.9981999175424447,0.997651285800414,0.9982196075068172,0.9979230922946275,0.9979486066354439,0.9973483594978326,0.9978052242592903,1.0,0.9975818203291347,0.9975951709460681
5,10,1.4737857567276924,0.62624,5000,1.8919797517635204,0.6326530612244898,833,1.889937305983644,0.6298,0.9987846062138626,0.08333485839351222,,,0.98,,0.9800166246218381,0.01998337537816186,0.9979053297851569,0.09988400758659681,5,0.001,0.1,0.9973713684421865,0.9967877179168662,0.9978440082854502,0.9976232857452293,0.9975063207506719,0.9972922741097169,0.9973467061345086,0.9978156594638453,0.9972524703998662,0.9975818203291347,1.0,0.9970901401174223
5,11,1.4935928321947718,0.63044,5000,1.8918050041905157,0.6290516206482593,833,1.889937305983644,0.6298,0.9987415152640318,0.08333069353359397,,,0.98,,0.9800166246218381,0.01998337537816186,0.9979053297851569,0.09988400758659681,5,0.001,0.1,0.9975921977800637,0.9966495003661846,0.9977193950744829,0.9974381375511333,0.9976494506503228,0.9976090270543919,0.997469709823025,0.997153475719061,0.9970288534634238,0.9975951709460681,0.9970901401174223,1.0
6,0,1.369619282567577,0.63924,5000,1.771614600110937,0.6474820143884892,834,1.7740350276136552,0.6465,0.9986450147780638,0.08334316424783575,,,0.98,,0.9800166246218381,0.01998337537816186,0.998357695725509,0.09986350042146715,5,0.001,0.1,1.0,0.995888808951246,0.9974034243590787,0.9967009673911142,0.9970903459110938,0.9973101251777787,0.9975202353464142,0.9973904406290351,0.9965136177639581,0.9974318754357949,0.9968506660476554,0.9972796270180998
6,1,1.3805575190835697,0.64164,5000,1.7748037355917472,0.6498800959232613,834,1.7740350276136552,0.6465,0.9979055493848367,0.08324003467243483,,,0.98,,0.9800166246218381,0.01998337537816186,0.998357695725509,0.09986350042146715,5,0.001,0.1,0.995888808951246,1.0,0.9964913447942337,0.9960070248959342,0.9961855436120579,0.9964177881143963,0.9965981290024463,0.9959805277130879,0.9963675781335014,0.9967730706204023,0.9959299071363718,0.9958862476685633
6,2,1.3746427110046338,0.63072,5000,1.789098858833313,0.6306954436450839,834,1.7740350276136552,0.6465,0.998929320566615,0.08335486104234237,,,0.98,,0.9800166246218381,0.01998337537816186,0.998357695725509,0.09986350042146715,5,0.001,0.1,0.9974034243590787,0.9964913447942337,1.0,0.997552553522165,0.9977182432046903,0.9976886288438006,0.9972515246700818,0.9973317502433617,0.9967327015446138,0.9979920335164266,0.9974090504998533,0.9972161858148754
6,3,1.3640612176269482,0.63868,5000,1.769263157138118,0.6690647482014388,834,1.7740350276136552,0.6465,0.998571993118233,0.08332869039156045,,,0.98,,0.9800166246218381,0.01998337537816186,0.998357695725509,0.09986350042146715,5,0.001,0.1,0.9967009673911142,0.9960070248959342,0.997552553522165,1.0,0.9973853321643152,0.9970379174565257,0.9966737084209928,0.9973589293617612,0.9967154344762407,0.9972030011014382,0.9969324708660627,0.9969387063095954
6,4,1.3637478750982102,0.64724,5000,1.7838997355213873,0.6650660264105642,833,1.7740350276136552,0.6465,0.9987709332826612,0.08335479244201763,,,0.98,,0.9800166246218381,0.01998337537816186,0.998357695725509,0.09986350042146715,5,0.001,0.1,0.9970903459110938,0.9961855436120579,0.9977182432046903,0.9973853321643152,1.0,0.9973491593445658,0.9973315426168764,0.9971649077691896,0.996590395932697,0.9979401692609138,0.9969469189793346,0.9971863158731534
6,5,1.3688532107195277,0.64648,5000,1.764795841994109,0.6578631452581032,833,1.7740350276136552,0.6465,0.9987540277543088,0.0833441633529141,,,0.98,,0.9800166246218381,0.01998337537816186,0.998357695725509,0.09986350042146715,5,0.001,0.1,0.9973101251777787,0.9964177881143963,0.9976886288438006,0.9970379174565257,0.9973491593445658,1.0,0.997385306397898,0.9972158009050135,0.996704087555792,0.9976650781306843,0.9966879639354322,0.9972252948094333
6,6,1.361023113226435,0.64664,5000,1.786647778970224,0.6290516206482593,833,1.7740350276136552,0.6465,0.9987664210883084,0.08334274376078973,,,0.98,,0.9800166246218381,0.01998337537816186,0.998357695725509,0.09986350042146715,5,0.001,0.1,0.9975202353464142,0.9965981290024463,0.9972515246700818,0.9966737084209928,0.9973315426168764,0.997385306397898,1.0,0.9972183407569527,0.9971157586538035,0.9978059398282962,0.9967775353318038,0.9971579519736766
6,7,1.3642747123529957,0.64264,5000,1.7750284451025504,0.6290516206482593,833,1.7740350276136552,0.6465,0.9987143387483374,0.08333739789243137,,,0.98,,0.9800166246218381,0.01998337537816186,0.998357695725509,0.09986350042146715,5,0.001,0.1,0.9973904406290351,0.9959805277130879,0.9973317502433617,0.9973589293617612,0.9971649077691896,0.9972158009050135,0.9972183407569527,1.0,0.9971255531082542,0.9972750918093861,0.9972832571349254,0.9968668636870299
6,8,1.3595596663511482,0.65536,5000,1.7840645887233593,0.6302521008403361,833,1.7740350276136552,0.6465,0.9984325276893838,0.08333132538455049,,,0.98,,0.9800166246218381,0.01998337537816186,0.998357695725509,0.09986350042146715,5,0.001,0.1,0.9965136177639581,0.9963675781335014,0.9967327015446138,0.9967154344762407,0.996590395932697,0.996704087555792,0.9971157586538035,0.9971255531082542,1.0,0.997551025771334,0.9968838231537002,0.9965351807758073
6,9,1.3656770847405597,0.64368,5000,1.7945674878579598,0.6422569027611045,833,1.7740350276136552,0.6465,0.9990660473538523,0.0833635276218387,,,0.98,,0.9800166246218381,0.01998337537816186,0.998357695725509,0.09986350042146715,5,0.001,0.1,0.9974318754357949,0.9967730706204023,0.9979920335164266,0.9972030011014382,0.9979401692609138,0.9976650781306843,0.9978059398282962,0.9972750918093861,0.997551025771334,1.0,0.9973711158641879,0.9974175257865193
6,10,1.3561457963506127,0.6414,5000,1.77697162716477,0.6530612244897959,833,1.7740350276136552,0.6465,0.9985047732205035,0.0833300684173433,,,0.98,,0.9800166246218381,0.01998337537816186,0.998357695725509,0.09986350042146715,5,0.001,0.1,0.9968506660476554,0.9959299071363718,0.9974090504998533,0.9969324708660627,0.9969469189793346,0.9966879639354322,0.9967775353318038,0.9972832571349254,0.9968838231537002,0.9973711158641879,1.0,0.9966275939941615
6,11,1.3759326323582108,0.64632,5000,1.7755264617778637,0.6542617046818727,833,1.7740350276136552,0.6465,0.9985579523350174,0.08332923077394155,,,0.98,,0.9800166246218381,0.01998337537816186,0.998357695725509,0.09986350042146715,5,0.001,0.1,0.9972796270180998,0.9958862476685633,0.9972161858148754,0.9969387063095954,0.9971863158731534,0.9972252948094333,0.9971579519736766,0.9968668636870299,0.9965351807758073,0.9974175257865193,0.9966275939941615,1.0
7,0,1.2694855977775186,0.65328,5000,1.6462631048979584,0.658273381294964,834,1.6503133225364808,0.6618,0.9982293581115512,0.08333401887481434,,,0.98,,0.9800166246218381,0.01998337537816186,0.9983457000744417,0.09983949878854796,5,0.001,0.1,1.0,0.9951175189177943,0.997091938212603,0.9959859613735869,0.9963729383083201,0.9966135019676076,0.9967272979364723,0.996693099297913,0.9958828178749758,0.9965088799749959,0.9961010437310109,0.9964294418990629
7,1,1.2818385268472563,0.64784,5000,1.6521201840153448,0.6642685851318945,834,1.6503133225364808,0.6618,0.9975258775208551,0.08324806409712547,,,0.98,,0.9800166246218381,0.01998337537816186,0.9983457000744417,0.09983949878854796,5,0.001,0.1,0.9951175189177943,1.0,0.9960838793927075,0.9954797972077666,0.9955544674042611,0.9957861952532983,0.9958811334800808,0.9951518407246825,0.9958837682974176,0.9961758287776606,0.9950901198094327,0.9948984419840707
7,2,1.2753004034613349,0.6404,5000,1.6677994242420904,0.6402877697841727,834,1.6503133225364808,0.6618,0.9988981786480725,0.08336278060433655,,,0.98,,0.9800166246218381,0.01998337537816186,0.9983457000744417,0.09983949878854796,5,0.001,0.1,0.997091938212603,0.9960838793927075,1.0,0.9971425522230661,0.9973667060184974,0.9975600082710041,0.99697699958766,0.9968410989514389,0.9966725972986168,0.9978567179789605,0.9971447552904243,0.9968000644811031
