round,client_id,client_i_training_loss,client_i_training_accuracy,client_i_training_dataset_size,client_i_evaluation_loss,client_i_evaluation_accuracy,client_i_evaluation_dataset_size,client_i_central_evaluation_loss,client_i_central_evaluation_accuracy,client_i_cosine_similarity,client_i_importance_coefficient,client_i_tanh_val,tanh_normalization_value,client_i_q,client_i_mask_order,client_i_v_nonzero_fraction,client_i_v_sparsity,client_i_v_cosine_similarity,client_i_reward_gradient_norm,local_epochs,learning_rate,gamma,client_0_cosine_similarity,client_1_cosine_similarity,client_2_cosine_similarity,client_3_cosine_similarity,client_4_cosine_similarity,client_5_cosine_similarity,client_6_cosine_similarity,client_7_cosine_similarity,client_8_cosine_similarity,client_9_cosine_similarity,client_10_cosine_similarity,client_11_cosine_similarity
0,0,2.286196660273003,0.13470122390208783,4167,2.29590950693403,0.10191846522781775,834,2.297952902467945,0.1,0.9815196200917594,0.08355691002281972,,,0.804734217982628,,0.804764734036408,0.19523526596359198,0,0.14681502446953296,10,0.025,0.15,1.0,0.9525064359841678,0.9530289935220053,0.9687120100889243,0.9632463305181552,0.9385148458385155,0.9640147346674726,0.9577336206185445,0.9568051118144137,0.9523882557441079,0.9589285674538527,0.9637535990029514
0,1,2.2825998891483654,0.12253419726421887,4167,2.294745717729841,0.09952038369304557,834,2.2979508683651306,0.1,0.9829271833999209,0.08367673609484512,,,0.8306966918247215,,0.8307256853328052,0.16927431466719478,0,0.14682246121177986,10,0.025,0.15,0.9525064359841678,1.0,0.9505057809709053,0.9714945383811404,0.9571053008167301,0.9651665672088555,0.943898353356951,0.9464541744122109,0.9613287686143551,0.9647779213539743,0.9672462092315383,0.9656879049368031
0,2,2.2810068014896276,0.1271178305735541,4167,2.298731190817697,0.10431654676258993,834,2.2980127545851694,0.1,0.9742253379145465,0.0829359467052393,,,0.6701913458256945,,0.6702315525408064,0.32976844745919365,0,0.146601716107968,10,0.025,0.15,0.9530289935220053,0.9505057809709053,1.0,0.9654074012376925,0.9398068279367835,0.9536765108299515,0.938286979783955,0.95632090424178,0.9367061378126802,0.9360309015630843,0.9555931058060882,0.9585811433749439
0,3,2.281642600261804,0.12308615310775138,4167,2.298147337777274,0.10431654676258993,834,2.2979421857037123,0.1,0.9893952480322115,0.0842273633909674,,,0.9499999997833319,,0.9500173293063326,0.04998267069366735,0,0.14683385858827405,10,0.025,0.15,0.9687120100889243,0.9714945383811404,0.9654074012376925,1.0,0.9688816564778778,0.956248214286679,0.9588467998586799,0.9670530148216507,0.9653971434838307,0.9612893767270805,0.9678392826282969,0.9709765281492008
0,4,2.2807343750288993,0.1324454043676506,4167,2.298558235168457,0.09003601440576231,833,2.2979643707033954,0.1,0.9795406455718986,0.08338843963006484,,,0.7682320770784484,,0.7682741661302833,0.23172583386971668,0,0.1467791489804104,10,0.025,0.15,0.9632463305181552,0.9571053008167301,0.9398068279367835,0.9688816564778778,1.0,0.9291614616633436,0.9545398260531417,0.95062007002417,0.9704808427903239,0.9495873861895358,0.9567094212724315,0.9662514636969634
0,5,2.2780901106921108,0.1325893928485721,4167,2.300465856279646,0.07923169267707082,833,2.2980727183667917,0.1,0.970419893043013,0.08261198862206029,,,0.6,,0.6000148536911423,0.39998514630885773,0,0.14634211137504358,10,0.025,0.15,0.9385148458385155,0.9651665672088555,0.9536765108299515,0.956248214286679,0.9291614616633436,1.0,0.9252439053478602,0.9411949482616517,0.9411041402935383,0.9501460374843099,0.9559794065992404,0.9428114886136495
0,6,2.28442846067024,0.12915766738660908,4167,2.2957465648651123,0.10204081632653061,833,2.298020770278158,0.1,0.9723257246677888,0.08277423234936872,,,0.6351530218348125,,0.6352015975970029,0.3647984024029971,0,0.14654126619304308,10,0.025,0.15,0.9640147346674726,0.943898353356951,0.938286979783955,0.9588467998586799,0.9545398260531417,0.9252439053478602,1.0,0.9603991810440696,0.941588190523284,0.934271029300834,0.9346971274334517,0.9658435965370764
0,7,2.283191644784176,0.12728581713462922,4167,2.297140462057931,0.1056422569027611,833,2.297974091541918,0.1,0.9771692155828046,0.08318655944533088,,,0.7244911037927563,,0.7245300457163605,0.2754699542836395,0,0.14675002935577522,10,0.025,0.15,0.9577336206185445,0.9464541744122109,0.95632090424178,0.9670530148216507,0.95062007002417,0.9411949482616517,0.9603991810440696,1.0,0.9563967210378098,0.9282227230254777,0.9468003056096642,0.9673300032320502
0,8,2.284486347978765,0.12779644743158905,4166,2.2958126749311174,0.1092436974789916,833,2.2979651161386996,0.1,0.9788152164926804,0.0833266837455574,,,0.7548515538832982,,0.7548975920516249,0.24510240794837512,0,0.1467730918690665,10,0.025,0.15,0.9568051118144137,0.9613287686143551,0.9367061378126802,0.9653971434838307,0.9704808427903239,0.9411041402935383,0.941588190523284,0.9563967210378098,1.0,0.9486040410528195,0.9619647946923742,0.9574999710114678
0,9,2.275605246514985,0.14253480556889103,4166,2.2968974113464355,0.10804321728691477,833,2.2980132404761977,0.1,0.9738902209950251,0.08290741815245402,,,0.6640101217154402,,0.6640425145648694,0.3359574854351306,0,0.14659170251148618,10,0.025,0.15,0.9523882557441079,0.9647779213539743,0.9360309015630843,0.9612893767270805,0.9495873861895358,0.9501460374843099,0.934271029300834,0.9282227230254777,0.9486040410528195,1.0,0.9655646603580826,0.9491444796866758
0,10,2.276651500933098,0.12813250120019204,4166,2.298821176801409,0.09483793517406963,833,2.297952790803547,0.1,0.9816894091911894,0.0835713641938964,,,0.8078659741367298,,0.8079005132775495,0.19209948672245047,0,0.14681578499204287,10,0.025,0.15,0.9589285674538527,0.9672462092315383,0.9555931058060882,0.9678392826282969,0.9567094212724315,0.9559794065992404,0.9346971274334517,0.9468003056096642,0.9619647946923742,0.9655646603580826,1.0,0.9603173613207355
0,11,2.2807848569118616,0.12335573691790687,4166,2.2986371517181396,0.10084033613445378,833,2.297950608820855,0.1,0.984802213072215,0.0838363576473958,,,0.8652815723326375,,0.8653182815929759,0.13468171840702414,0,0.1468268799912466,10,0.025,0.15,0.9637535990029514,0.9656879049368031,0.9585811433749439,0.9709765281492008,0.9662514636969634,0.9428114886136495,0.9658435965370764,0.9673300032320502,0.9574999710114678,0.9491444796866758,0.9603173613207355,1.0
1,0,2.1809433286840267,0.19018478521718263,4167,2.282938616616385,0.10191846522781775,834,2.285403233540209,0.1001,0.9918598064329139,0.08359089927959386,,,0.8244231117447831,,0.8244706309517915,0.17552936904820848,0.8525309218399402,0.1481998511720386,10,0.025,0.15,1.0,0.9756607023276621,0.9791632735196387,0.9819308124251154,0.9820662606291095,0.975776844623638,0.9809444858790934,0.9728624670290987,0.9803112838156222,0.9748483998895946,0.9785099875824179,0.9792939997938069
1,1,2.176400244597233,0.1912167026637869,4167,2.283144269670759,0.09952038369304557,834,2.285400580756272,0.1001,0.9878826398933924,0.08353579280146617,,,0.8074492281279986,,0.8074879107458204,0.19251208925417962,0.852616741182239,0.1481844832340843,10,0.025,0.15,0.9756607023276621,1.0,0.9637555056392726,0.9766853918601699,0.9748608588217043,0.9776475104800942,0.9718367356943378,0.9654476419249813,0.9810313645205516,0.9749337050130222,0.9805991269008345,0.9716837243473926
1,2,2.184765364184524,0.1829853611711063,4167,2.2872776303972517,0.10431654676258993,834,2.2855030494400217,0.1,0.9863731971411348,0.08303075415085324,,,0.6518873492211649,,0.6519367562839365,0.34806324371606345,0.8525015015292717,0.14794731871750524,10,0.025,0.15,0.9791632735196387,0.9637555056392726,1.0,0.9777276506917211,0.9744566823779297,0.9709732045583054,0.9781942575854882,0.973581281091619,0.9690264014960609,0.9623786265177436,0.970895818398799,0.9763262201509494
1,3,2.1671571973598365,0.19563234941204705,4167,2.2851430007389615,0.10431654676258993,834,2.285386634778373,0.1001,0.9917016886005646,0.08399859030571605,,,0.9499999996919802,,0.9500173293063326,0.04998267069366735,0.8523981452151911,0.14822462773667988,10,0.025,0.15,0.9819308124251154,0.9766853918601699,0.9777276506917211,1.0,0.9817128151147064,0.9763214758203494,0.9792636790578897,0.9743906391191843,0.98131378210473,0.9743566063883048,0.9780730403315241,0.9775668205983028
1,4,2.1586882641821195,0.19757619390448763,4167,2.2862450735909596,0.09003601440576231,833,2.285415392887743,0.1001,0.9903324743971299,0.0834376721716499,,,0.7772261362612329,,0.777260649271344,0.22273935072865603,0.8528754362754565,0.1481619099004987,10,0.025,0.15,0.9820662606291095,0.9748608588217043,0.9744566823779297,0.9817128151147064,1.0,0.9738072407375515,0.9782899515928304,0.973368782783012,0.981686991663843,0.9669158953171126,0.976405221028201,0.9796356801671222
1,5,2.1761706363071096,0.20103191744660426,4167,2.2874909469059537,0.07923169267707082,833,2.2856312069711806,0.1,0.9873302419804837,0.082862299533188,,,0.6,,0.6000148536911423,0.39998514630885773,0.850652591217155,0.1477330909247296,10,0.025,0.15,0.975776844623638,0.9776475104800942,0.9709732045583054,0.9763214758203494,0.9738072407375515,1.0,0.9727715834923247,0.9673268853990011,0.9747078830092682,0.9688136370190421,0.9772996166046197,0.9724529255439834
1,6,2.173070676399,0.1928005759539237,4167,2.2826735632760182,0.10204081632653061,833,2.285517372662508,0.1,0.9889376165518305,0.08301428663173807,,,0.6468150281000355,,0.6468617451436682,0.35313825485633177,0.8521073220200849,0.1479356791446577,10,0.025,0.15,0.9809444858790934,0.9718367356943378,0.9781942575854882,0.9792636790578897,0.9782899515928304,0.9727715834923247,1.0,0.9755775181743696,0.9728116078250545,0.965630164593558,0.9718770097844338,0.9796889827187405
1,7,2.183631367755659,0.17844972402207823,4167,2.283902168273926,0.1056422569027611,833,2.28545128242879,0.1,0.9838671169664027,0.0831038492282112,,,0.6744020766758716,,0.674431846313809,0.32556815368619096,0.8526025332003847,0.14799534887028448,10,0.025,0.15,0.9728624670290987,0.9654476419249813,0.973581281091619,0.9743906391191843,0.973368782783012,0.9673268853990011,0.9755775181743696,1.0,0.966942293304847,0.9513457445551564,0.9692377182161848,0.9765455462494682
1,8,2.1719645980632665,0.20067210753720596,4166,2.2833591869899204,0.11044417767106843,833,2.2854154804084876,0.1001,0.9896803235160861,0.08337851352394451,,,0.7590041043841331,,0.7590483735208199,0.24095162647918011,0.8528534514762349,0.14814926765394934,10,0.025,0.15,0.9803112838156222,0.9810313645205516,0.9690264014960609,0.98131378210473,0.981686991663843,0.9747078830092682,0.9728116078250545,0.966942293304847,1.0,0.974746293501565,0.980055875922401,0.9728409557341461
1,9,2.1633395263642976,0.2041766682669227,4166,2.2845588411603654,0.10804321728691477,833,2.2855364159692693,0.1,0.9824533193910003,0.08288615851464361,,,0.6073490375034347,,0.6074004390090938,0.3925995609909062,0.8519300194231019,0.14777780881629574,10,0.025,0.15,0.9748483998895946,0.9749337050130222,0.9623786265177436,0.9743566063883048,0.9669158953171126,0.9688136370190421,0.965630164593558,0.9513457445551564,0.974746293501565,1.0,0.9726441715606797,0.9633349768276179
1,10,2.1732457384918673,0.1969275084013442,4166,2.2859089374542236,0.09483793517406963,833,2.2854004690918743,0.1001,0.9890101550047932,0.08350745158243292,,,0.7987195729264174,,0.7987572411744318,0.2012427588255682,0.8528259470235521,0.14817472491473827,10,0.025,0.15,0.9785099875824179,0.9805991269008345,0.970895818398799,0.9780730403315241,0.976405221028201,0.9772996166046197,0.9718770097844338,0.9692377182161848,0.980055875922401,0.9726441715606797,1.0,0.9719404071282053
1,11,2.1779419042847374,0.19395103216514642,4166,2.286257096699306,0.10084033613445378,833,2.2853990868677068,0.1001,0.9884891970201041,0.08365373227656256,,,0.8437769157634183,,0.8438216896898879,0.1561783103101121,0.8525986581058018,0.14820647187464012,10,0.025,0.15,0.9792939997938069,0.9716837243473926,0.9763262201509494,0.9775668205983028,0.9796356801671222,0.9724529255439834,0.9796889827187405,0.9765455462494682,0.9728409557341461,0.9633349768276179,0.9719404071282053,1.0
2,0,2.1005858316566006,0.22589392848572115,4167,2.263650519507272,0.1498800959232614,834,2.2668378081502794,0.145,0.9882650449540447,0.08359118394277776,,,0.95,,0.9500173293063326,0.04998267069366735,0.9602838192569333,0.14778201829120208,10,0.025,0.15,1.0,0.972126558820356,0.9687604329610752,0.974188917077458,0.972530313667407,0.9694537223412433,0.9716044440616778,0.9695801666299632,0.9738749776686515,0.9683339443226134,0.969067372705052,0.9741844611892088
2,1,2.0978069803931496,0.23563714902807775,4167,2.2663892337254117,0.14628297362110312,834,2.2668353998208346,0.145,0.984245758737713,0.08342681363963131,,,0.95,,0.9500173293063326,0.04998267069366735,0.9601052009651234,0.14778201829120208,10,0.025,0.15,0.972126558820356,1.0,0.9585746049166246,0.9670812022494332,0.9628473522818366,0.970948360196583,0.9663828955155059,0.9630284262750746,0.9704119017420989,0.967321474417799,0.9718918683189954,0.9656164445100732
2,2,2.110254685084025,0.21989440844732422,4167,2.2701897961752757,0.12829736211031176,834,2.266964221302467,0.145,0.9837202426701915,0.0830984418599979,,,0.95,,0.9500173293063326,0.04998267069366735,0.9575991143712607,0.14778201829120208,10,0.025,0.15,0.9687604329610752,0.9585746049166246,1.0,0.9710547279975963,0.9702152620112604,0.9654089948399263,0.9713563104143733,0.9676680632023309,0.964226161251767,0.9572013542890009,0.964089638493408,0.9716258364453036
2,3,2.0846287109635093,0.2380609551235901,4167,2.265913895198277,0.1474820143884892,834,2.266821263711664,0.1452,0.9876966642074239,0.08382405735572172,,,0.95,,0.9500173293063326,0.04998267069366735,0.9605220464392916,0.14778201829120208,10,0.025,0.15,0.974188917077458,0.9670812022494332,0.9710547279975963,1.0,0.9709842475300112,0.9703400719757809,0.9740079369646555,0.9669483772958417,0.9718281496069302,0.9691256489922128,0.9687928034323254,0.9725489199541197
2,4,2.079479854034655,0.23347732181425487,4167,2.2677059854779924,0.13805522208883553,833,2.2668517450743084,0.1451,0.9861118569907552,0.08342687224242228,,,0.95,,0.9500173293063326,0.04998267069366735,0.9598721477527757,0.14778201829120208,10,0.025,0.15,0.972530313667407,0.9628473522818366,0.9702152620112604,0.9709842475300112,1.0,0.9696576309949387,0.9716955681310571,0.9684981481574603,0.9711138547182087,0.9572808255142023,0.9705886336242069,0.9728836282397758
2,5,2.099303192803354,0.240220782337413,4167,2.268728494644165,0.12364945978391356,833,2.267127115515214,0.1444,0.9852660962132059,0.08304475437997311,,,0.95,,0.9500173293063326,0.04998267069366735,0.9558711224944784,0.14778201829120208,10,0.025,0.15,0.9694537223412433,0.970948360196583,0.9654089948399263,0.9703400719757809,0.9696576309949387,1.0,0.9684103750501043,0.9663042863772293,0.968288361081994,0.9608646746826843,0.9702090489234236,0.9686172015002724
2,6,2.093433254776579,0.23347732181425487,4167,2.2636549132210866,0.15366146458583432,833,2.266985331909566,0.1447,0.9864215193515871,0.0831759304207285,,,0.95,,0.9500173293063326,0.04998267069366735,0.9574604683198348,0.14778201829120208,10,0.025,0.15,0.9716044440616778,0.9663828955155059,0.9713563104143733,0.9740079369646555,0.9716955681310571,0.9684103750501043,1.0,0.969473537702862,0.9680087307243002,0.9613712353570882,0.965607466670526,0.974180752305589
2,7,2.1045173767841225,0.2238300935925126,4167,2.264456135886056,0.148859543817527,833,2.2669064032880564,0.1452,0.9832537750731295,0.08312836603381277,,,0.95,,0.9500173293063326,0.04998267069366735,0.9581241627353592,0.14778201829120208,10,0.025,0.15,0.9695801666299632,0.9630284262750746,0.9676680632023309,0.9669483772958417,0.9684981481574603,0.9663042863772293,0.969473537702862,1.0,0.9631251495779767,0.9508897512622543,0.967609265759136,0.9714923097920416
2,8,2.08764672351606,0.24073451752280364,4166,2.264836004802159,0.15606242496998798,833,2.266851739038395,0.1451,0.9859434063087373,0.08338493977258256,,,0.95,,0.9500173293063326,0.04998267069366735,0.959766107402814,0.14778201829120208,10,0.025,0.15,0.9738749776686515,0.9704119017420989,0.964226161251767,0.9718281496069302,0.9711138547182087,0.968288361081994,0.9680087307243002,0.9631251495779767,1.0,0.9684829468880783,0.9700887123326188,0.966872103472757
2,9,2.0839278997796953,0.24243879020643302,4166,2.2663234301975796,0.1404561824729892,833,2.2670155356201946,0.1445,0.9795468399444244,0.08287390744130231,,,0.95,,0.9500173293063326,0.04998267069366735,0.956091293561386,0.14778201829120208,10,0.025,0.15,0.9683339443226134,0.967321474417799,0.9572013542890009,0.9691256489922128,0.9572808255142023,0.9608646746826843,0.9613712353570882,0.9508897512622543,0.9684829468880783,1.0,0.9600324405310616,0.9599634125063736
2,10,2.098861829439799,0.2343014882381181,4166,2.2664755071912492,0.15006002400960383,833,2.2668364832672894,0.145,0.9851843456716145,0.08343979452461757,,,0.95,,0.9500173293063326,0.04998267069366735,0.9599559453430567,0.14778201829120208,10,0.025,0.15,0.969067372705052,0.9718918683189954,0.964089638493408,0.9687928034323254,0.9705886336242069,0.9702090489234236,0.965607466670526,0.967609265759136,0.9700887123326188,0.9600324405310616,1.0,0.969318361519159
2,11,2.1023035056663284,0.22935669707153145,4166,2.2676362650735036,0.15606242496998798,833,2.2668331484251385,0.145,0.9868787141371769,0.08358493838643212,,,0.95,,0.9500173293063326,0.04998267069366735,0.9603584120091689,0.14778201829120208,10,0.025,0.15,0.9741844611892088,0.9656164445100732,0.9716258364453036,0.9725489199541197,0.9728836282397758,0.9686172015002724,0.974180752305589,0.9714923097920416,0.966872103472757,0.9599634125063736,0.969318361519159,1.0
3,0,2.034121295900056,0.2576193904487641,4167,2.238942725317819,0.22182254196642687,834,2.243047291719461,0.2124,0.9857566092203498,0.08362208084270015,,,0.95,,0.9500173293063326,0.04998267069366735,0.9713185001245145,0.14726524561311755,10,0.025,0.15,1.0,0.9674132201556364,0.9610409906006069,0.9667924988670932,0.9649125374383299,0.9638414798827399,0.9637729915856217,0.9651954053775794,0.9659187803781999,0.9606823835281821,0.9658076982918853,0.967923450130174
3,1,2.0332048564246206,0.2670026397888169,4167,2.244871514184134,0.22541966426858512,834,2.243045803866809,0.2124,0.980524100003916,0.08335063134185959,,,0.95,,0.9500173293063326,0.04998267069366735,0.9713185001245145,0.14726524561311755,10,0.025,0.15,0.9674132201556364,1.0,0.9499996979483631,0.9589462807389966,0.9533810737845476,0.9638507445937081,0.9585618087474876,0.956214501272438,0.9616612942641785,0.9575934823599918,0.9653760739173082,0.9587319166959719
3,2,2.046973023631356,0.2548596112311015,4167,2.248150416782924,0.21342925659472423,834,2.2432064285761193,0.2119,0.9795677707093345,0.08311687209898869,,,0.95,,0.9500173293063326,0.04998267069366735,0.9713185001245145,0.14726524561311755,10,0.025,0.15,0.9610409906006069,0.9499996979483631,1.0,0.9621340960373357,0.9608906186229654,0.9552831988586578,0.9604203559974617,0.9614050188089276,0.9574502393846829,0.9516721829522551,0.9589579998848995,0.9613553028198558
3,3,2.019083339879007,0.26841852651787856,4167,2.241417101451329,0.2014388489208633,834,2.243029678924174,0.2122,0.983694677756788,0.08369883751119098,,,0.95,,0.9500173293063326,0.04998267069366735,0.9713185001245145,0.14726524561311755,10,0.025,0.15,0.9667924988670932,0.9589462807389966,0.9621340960373357,1.0,0.9627900417277313,0.9616883702944046,0.9656910210669886,0.9599307373787289,0.9626212686723671,0.9604735074199844,0.962550201277995,0.9653095459020897
3,4,2.018020270809983,0.2620110391168706,4167,2.243657044001988,0.21008403361344538,833,2.243064596683164,0.2124,0.9820289570925373,0.08339955633154908,,,0.95,,0.9500173293063326,0.04998267069366735,0.9713185001245145,0.14726524561311755,10,0.025,0.15,0.9649125374383299,0.9533810737845476,0.9608906186229654,0.9627900417277313,1.0,0.962455127596016,0.9614183664697284,0.9604082254238846,0.9638609431589368,0.9496301876861117,0.9656606131529865,0.9640165614349463
3,5,2.0355950023188734,0.2732901367890569,4167,2.2449251243046353,0.1872749099639856,833,2.2434091175658795,0.2107,0.9823268035198939,0.08317336664568127,,,0.95,,0.9500173293063326,0.04998267069366735,0.9713185001245145,0.14726524561311755,10,0.025,0.15,0.9638414798827399,0.9638507445937081,0.9552831988586578,0.9616883702944046,0.962455127596016,1.0,0.9627449839991024,0.9610645599836324,0.9630473664809085,0.9548560333261238,0.9630871667548025,0.961213872494726
3,6,2.0310088089018157,0.26282697384209264,4167,2.239457539149693,0.21728691476590636,833,2.243235117272486,0.212,0.9818736514310018,0.08323961460893939,,,0.95,,0.9500173293063326,0.04998267069366735,0.9713185001245145,0.14726524561311755,10,0.025,0.15,0.9637729915856217,0.9585618087474876,0.9604203559974617,0.9656910210669886,0.9614183664697284,0.9627449839991024,1.0,0.9614745479282427,0.9583638205201032,0.9530060454536018,0.9591492526263263,0.9631235471319782
3,7,2.0367343736417367,0.2636909047276218,4167,2.239753791264125,0.22208883553421369,833,2.243142103847069,0.2123,0.9808890654424216,0.08317826844549596,,,0.95,,0.9500173293063326,0.04998267069366735,0.9713185001245145,0.14726524561311755,10,0.025,0.15,0.9651954053775794,0.956214501272438,0.9614050188089276,0.9599307373787289,0.9604082254238846,0.9610645599836324,0.9614745479282427,1.0,0.9585116245768104,0.94518199490203,0.9624337728125187,0.9643079064325917
3,8,2.0209919759721466,0.27229956793086896,4166,2.2411532402038574,0.2148859543817527,833,2.2430652304540706,0.2124,0.9822822088975872,0.08338190059078228,,,0.95,,0.9500173293063326,0.04998267069366735,0.9713185001245145,0.14726524561311755,10,0.025,0.15,0.9659187803781999,0.9616612942641785,0.9574502393846829,0.9626212686723671,0.9638609431589368,0.9630473664809085,0.9583638205201032,0.9585116245768104,1.0,0.9593197018057729,0.9634605151942776,0.9582546964927497
3,9,2.016090639071031,0.2740518482957273,4166,2.242992537362235,0.1992797118847539,833,2.2432771483554115,0.2116,0.9760416707155286,0.0828637224300077,,,0.95,,0.9500173293063326,0.04998267069366735,0.9713185001245145,0.14726524561311755,10,0.025,0.15,0.9606823835281821,0.9575934823599918,0.9516721829522551,0.9604735074199844,0.9496301876861117,0.9548560333261238,0.9530060454536018,0.94518199490203,0.9593197018057729,1.0,0.9539607895153567,0.9528122774145538
3,10,2.036143025484952,0.26512241958713395,4166,2.2413715975625172,0.21608643457382953,833,2.243048299716998,0.2126,0.9832550777803544,0.0834473661445291,,,0.95,,0.9500173293063326,0.04998267069366735,0.9713185001245145,0.14726524561311755,10,0.025,0.15,0.9658076982918853,0.9653760739173082,0.9589579998848995,0.962550201277995,0.9656606131529865,0.9630871667548025,0.9591492526263263,0.9624337728125187,0.9634605151942776,0.9539607895153567,1.0,0.9634286813084086
3,11,2.038137212305358,0.2627460393662986,4166,2.2437407289232527,0.21608643457382953,833,2.2430416209788264,0.2124,0.9829726730390175,0.08352778300827585,,,0.95,,0.9500173293063326,0.04998267069366735,0.9713185001245145,0.14726524561311755,10,0.025,0.15,0.967923450130174,0.9587319166959719,0.9613553028198558,0.9653095459020897,0.9640165614349463,0.961213872494726,0.9631235471319782,0.9643079064325917,0.9582546964927497,0.9528122774145538,0.9634286813084086,1.0
4,0,1.9784354076241002,0.28428125749940003,4167,2.209714719227382,0.2709832134292566,834,2.214759618421144,0.2563,0.982616322892009,0.08362644970185346,,,0.95,,0.9500173293063326,0.04998267069366735,0.9820390020557593,0.14686316772366403,10,0.025,0.15,1.0,0.9604141533866766,0.9540195667426489,0.9612648314731301,0.9581638780390911,0.958251300376712,0.955894146263443,0.9600570035996193,0.9606000714622308,0.9551396288030084,0.9600739885582474,0.9608074008382363
4,1,1.9779031580144708,0.2917686585073194,4167,2.2189483642578125,0.2517985611510791,834,2.214759440361699,0.2562,0.9783971711646405,0.08332150743407635,,,0.95,,0.9500173293063326,0.04998267069366735,0.9820390020557593,0.14686316772366403,10,0.025,0.15,0.9604141533866766,1.0,0.9453548940675004,0.9537154086217969,0.9466677313807866,0.9596455529902492,0.9514147204879593,0.9551889056859831,0.9562917134782709,0.9543327170874667,0.9582325167298706,0.9540099290891015
4,2,1.9894053480841898,0.28005759539236863,4167,2.2217386790684293,0.2673860911270983,834,2.2149576657935035,0.2546,0.9761354716640649,0.08310351305815436,,,0.95,,0.9500173293063326,0.04998267069366735,0.9820390020557593,0.14686316772366403,10,0.025,0.15,0.9540195667426489,0.9453548940675004,1.0,0.9555786800497256,0.9528009459861019,0.9470092560809694,0.9507712754407525,0.9569722426979046,0.9530429497261919,0.9469132063567701,0.9524343852421177,0.9539068391592622
4,3,1.9661407611586832,0.28977681785457166,4167,2.2124312605176653,0.24580335731414868,834,2.2147396606735037,0.2559,0.9812714681644797,0.08363014158458071,,,0.95,,0.9500173293063326,0.04998267069366735,0.9820390020557593,0.14686316772366403,10,0.025,0.15,0.9612648314731301,0.9537154086217969,0.9555786800497256,1.0,0.9574577673511621,0.9570791652758605,0.9586346101326384,0.9559696275498808,0.9591656211484829,0.9556457537636769,0.9573633218222393,0.9569901706719401
4,4,1.9646914955341455,0.28677705783537316,4167,2.214951685496739,0.24969987995198079,833,2.2147823919223835,0.2561,0.9787027114362312,0.08336167498808926,,,0.95,,0.9500173293063326,0.04998267069366735,0.9820390020557593,0.14686316772366403,10,0.025,0.15,0.9581638780390911,0.9466677313807866,0.9528009459861019,0.9574577673511621,1.0,0.9560131403726569,0.9541546395551367,0.9545938687060576,0.9588075239152195,0.9482167405540718,0.9568655066626376,0.9550542462133915
4,5,1.9778892549601468,0.29582433405327574,4167,2.216827630996704,0.24729891956782712,833,2.2152061643479746,0.2545,0.9797745095759778,0.08325676757100568,,,0.95,,0.9500173293063326,0.04998267069366735,0.9820390020557593,0.14686316772366403,10,0.025,0.15,0.958251300376712,0.9596455529902492,0.9470092560809694,0.9570791652758605,0.9560131403726569,1.0,0.9574706668459113,0.9592330661232972,0.9562193955239352,0.9529925540109322,0.9529836408375723,0.9546410152596401
4,6,1.9758498805941958,0.2869450443964483,4167,2.2106784752437045,0.24849939975990396,833,2.2149950311153748,0.2545,0.9777840406815972,0.08323296985919837,,,0.95,,0.9500173293063326,0.04998267069366735,0.9820390020557593,0.14686316772366403,10,0.025,0.15,0.955894146263443,0.9514147204879593,0.9507712754407525,0.9586346101326384,0.9541546395551367,0.9574706668459113,1.0,0.9553631444120255,0.952097832960377,0.9475138177066078,0.9507801847722657,0.9540067591406349
4,7,1.976177521907922,0.29210463162946965,4167,2.2104761941092357,0.2653061224489796,833,2.214886318279218,0.2558,0.9802108412318953,0.08327398649144695,,,0.95,,0.9500173293063326,0.04998267069366735,0.9820390020557593,0.14686316772366403,10,0.025,0.15,0.9600570035996193,0.9551889056859831,0.9569722426979046,0.9559696275498808,0.9545938687060576,0.9592330661232972,0.9553631444120255,1.0,0.9567089473365334,0.9447107998006197,0.9573155369561541,0.9605073256087608
4,8,1.9624282638231914,0.29495919347095534,4166,2.2132046222686768,0.2617046818727491,833,2.2147839491880394,0.2561,0.9801776077430022,0.08339873097377805,,,0.95,,0.9500173293063326,0.04998267069366735,0.9820390020557593,0.14686316772366403,10,0.025,0.15,0.9606000714622308,0.9562917134782709,0.9530429497261919,0.9591656211484829,0.9588075239152195,0.9562193955239352,0.952097832960377,0.9567089473365334,1.0,0.9544819129707368,0.9565051253313435,0.9522394503291668
4,9,1.9596838416475237,0.2983677388382141,4166,2.215278148651123,0.22809123649459784,833,2.215048693403413,0.2545,0.9751241528424757,0.08291420125633664,,,0.95,,0.9500173293063326,0.04998267069366735,0.9820390020557593,0.14686316772366403,10,0.025,0.15,0.9551396288030084,0.9543327170874667,0.9469132063567701,0.9556457537636769,0.9482167405540718,0.9529925540109322,0.9475138177066078,0.9447107998006197,0.9544819129707368,1.0,0.9498213102413411,0.9473156847313645
4,10,1.9814969731099679,0.28907825252040326,4166,2.2114759853907993,0.27130852340936373,833,2.214763608159898,0.2562,0.9795614198966462,0.08341914322041945,,,0.95,,0.9500173293063326,0.04998267069366735,0.9820390020557593,0.14686316772366403,10,0.025,0.15,0.9600739885582474,0.9582325167298706,0.9524343852421177,0.9573633218222393,0.9568655066626376,0.9529836408375723,0.9507801847722657,0.9573155369561541,0.9565051253313435,0.9498213102413411,1.0,0.9564777559051643
4,11,1.982062284151713,0.28634181469035047,4166,2.2151895250592912,0.2581032412965186,833,2.2147524115405504,0.2563,0.9793179079899109,0.08346091386106069,,,0.95,,0.9500173293063326,0.04998267069366735,0.9820390020557593,0.14686316772366403,10,0.025,0.15,0.9608074008382363,0.9540099290891015,0.9539068391592622,0.9569901706719401,0.9550542462133915,0.9546410152596401,0.9540067591406349,0.9605073256087608,0.9522394503291668,0.9473156847313645,0.9564777559051643,1.0
5,0,1.9301811290509774,0.30340772738180943,4167,2.176440579550607,0.3105515587529976,834,2.182346869118606,0.2895,0.9798847797817257,0.0836059957605477,,,0.95,,0.9500173293063326,0.04998267069366735,0.9883822231121921,0.14656112668503754,10,0.025,0.15,1.0,0.9554483921287646,0.9501000667716595,0.9557109709280237,0.9523469540422985,0.9498402663446435,0.949558450747385,0.95531736316095,0.9551918140256469,0.9520864516432945,0.9552498090607894,0.9580519959500857
5,1,1.93023718920621,0.3125989920806336,4167,2.188713346208845,0.2829736211031175,834,2.182348375078998,0.2895,0.9762519675402057,0.08329918565040086,,,0.95,,0.9500173293063326,0.04998267069366735,0.9883822231121921,0.14656112668503754,10,0.025,0.15,0.9554483921287646,1.0,0.9408837755241426,0.9480875256047205,0.9422805347904314,0.9553379600201277,0.9480021769774861,0.9517959742130092,0.9507764532957003,0.9497890103261764,0.9533478644627091,0.9507322329610701
5,2,1.9410997679739288,0.30227981761459083,4167,2.1913104397909984,0.2961630695443645,834,2.182586401323729,0.2876,0.9733728184320791,0.08307067267732171,,,0.95,,0.9500173293063326,0.04998267069366735,0.9883822231121921,0.14656112668503754,10,0.025,0.15,0.9501000667716595,0.9408837755241426,1.0,0.9493670658498579,0.9466967513627433,0.940757549160249,0.9452323660298847,0.9502676889163515,0.9474976924577846,0.9462273747765257,0.9484731928026114,0.9473648847257294
5,3,1.9151522325746941,0.30835133189344854,4167,2.1794417245047435,0.2793764988009592,834,2.182323932647705,0.2896,0.9788789175547402,0.08357554111556817,,,0.95,,0.9500173293063326,0.04998267069366735,0.9883822231121921,0.14656112668503754,10,0.025,0.15,0.9557109709280237,0.9480875256047205,0.9493670658498579,1.0,0.9515095476839921,0.9515111635341398,0.9525533686896921,0.9528087842914225,0.9565686915874728,0.9532388673875398,0.9521042030771223,0.9536619409451536
5,4,1.9162678530721953,0.304247660187185,4167,2.1817521027156284,0.2845138055222089,833,2.1823756966409804,0.2893,0.9765448863221577,0.08333355847849483,,,0.95,,0.9500173293063326,0.04998267069366735,0.9883822231121921,0.14656112668503754,10,0.025,0.15,0.9523469540422985,0.9422805347904314,0.9466967513627433,0.9515095476839921,1.0,0.9502062589983643,0.9475124104010948,0.950264699092841,0.9556681799121508,0.9485958021972822,0.953849191786038,0.9509558619565683
5,5,1.923461445533868,0.3158867290616751,4167,2.1845204489571706,0.29531812725090034,833,2.1828849074206773,0.2868,0.9766500962112938,0.08327210897145942,,,0.95,,0.9500173293063326,0.04998267069366735,0.9883822231121921,0.14656112668503754,10,0.025,0.15,0.9498402663446435,0.9553379600201277,0.940757549160249,0.9515111635341398,0.9502062589983643,1.0,0.9524711502798168,0.9547946135313519,0.9507525791251482,0.9488027956109373,0.945894719222376,0.950830170225164
5,6,1.9299104184815379,0.3048956083513319,4167,2.1774487836020335,0.27130852340936373,833,2.182632449307019,0.2875,0.9750565425264286,0.08320552750032233,,,0.95,,0.9500173293063326,0.04998267069366735,0.9883822231121921,0.14656112668503754,10,0.025,0.15,0.949558450747385,0.9480021769774861,0.9452323660298847,0.9525533686896921,0.9475124104010948,0.9524711502798168,1.0,0.9505462994288646,0.9473815950736107,0.9455373294531825,0.9454324997874748,0.9482978477523255
5,7,1.9250769261157874,0.31555075593952486,4167,2.1771552903311595,0.29411764705882354,833,2.1825079585932476,0.2888,0.9786729299719183,0.08334859390416265,,,0.95,,0.9500173293063326,0.04998267069366735,0.9883822231121921,0.14656112668503754,10,0.025,0.15,0.95531736316095,0.9517959742130092,0.9502676889163515,0.9528087842914225,0.950264699092841,0.9547946135313519,0.9505462994288646,1.0,0.9552121918851266,0.9449836199293443,0.9530393058396769,0.9558387515196024
5,8,1.914274327321486,0.3144263082093135,4166,2.1815382071903775,0.2929171668667467,833,2.182377872587759,0.2891,0.9786567858619264,0.08342520927839712,,,0.95,,0.9500173293063326,0.04998267069366735,0.9883822231121921,0.14656112668503754,10,0.025,0.15,0.9551918140256469,0.9507764532957003,0.9474976924577846,0.9565686915874728,0.9556681799121508,0.9507525791251482,0.9473815950736107,0.9552121918851266,1.0,0.9516372959446248,0.9531615231948277,0.9507759350427809
5,9,1.908773419712529,0.31776284205472877,4166,2.1837314878191267,0.26410564225690275,833,2.1826983494094656,0.2872,0.97546683935241,0.08302175787346218,,,0.95,,0.9500173293063326,0.04998267069366735,0.9883822231121921,0.14656112668503754,10,0.025,0.15,0.9520864516432945,0.9497890103261764,0.9462273747765257,0.9532388673875398,0.9485958021972822,0.9488027956109373,0.9455373294531825,0.9449836199293443,0.9516372959446248,1.0,0.9491455413023671,0.9474785034752453
5,10,1.9325559915918293,0.307561209793567,4166,2.1770314829690114,0.29891956782713086,833,2.18235444117196,0.2892,0.9775558854354973,0.083402001152949,,,0.95,,0.9500173293063326,0.04998267069366735,0.9883822231121921,0.14656112668503754,10,0.025,0.15,0.9552498090607894,0.9533478644627091,0.9484731928026114,0.9521042030771223,0.953849191786038,0.945894719222376,0.9454324997874748,0.9530393058396769,0.9531615231948277,0.9491455413023671,1.0,0.9520032182528142
5,11,1.931672859914375,0.30775324051848296,4166,2.1826282228742326,0.2917166866746699,833,2.182337600973588,0.2895,0.9779250733616472,0.08343984763691392,,,0.95,,0.9500173293063326,0.04998267069366735,0.9883822231121921,0.14656112668503754,10,0.025,0.15,0.9580519959500857,0.9507322329610701,0.9473648847257294,0.9536619409451536,0.9509558619565683,0.950830170225164,0.9482978477523255,0.9558387515196024,0.9507759350427809,0.9474785034752453,0.9520032182528142,1.0
6,0,1.8879910815845837,0.32174226061915046,4167,2.139070851462228,0.34292565947242204,834,2.1458533594879925,0.3124,0.9755842080874747,0.08354318452646944,,,0.95,,0.9500173293063326,0.04998267069366735,0.9922536485230614,0.14614780666857863,10,0.025,0.15,1.0,0.9482785086875778,0.9435978511274511,0.9476153216556877,0.944503612231125,0.941996223206447,0.9414909988245053,0.9484553223348149,0.9476141016516209,0.944133400644504,0.9487527204772283,0.949802716191059
6,1,1.887230236602552,0.32378209743220543,4167,2.1545330456324985,0.30455635491606714,834,2.1458567003660565,0.3123,0.9737805136028623,0.0832944840755804,,,0.95,,0.9500173293063326,0.04998267069366735,0.9922536485230614,0.14614780666857863,10,0.025,0.15,0.9482785086875778,1.0,0.9356512301095061,0.943832891264823,0.9377982038028495,0.948813079177894,0.9416912863943069,0.9471964991376572,0.9432477434252609,0.9433947563079115,0.9486176349460844,0.9468182047757525
6,2,1.8954372239835335,0.3186945044396448,4167,2.156703404017857,0.31414868105515587,834,2.1461399356021156,0.3115,0.9710772601561409,0.08306494460388217,,,0.95,,0.9500173293063326,0.04998267069366735,0.9922536485230614,0.14614780666857863,10,0.025,0.15,0.9435978511274511,0.9356512301095061,1.0,0.9452021152659831,0.9420383635915813,0.9337071331163939,0.939393887623611,0.9453438829075562,0.9411153296855516,0.9428544255806721,0.9429011806683777,0.9421129556278778
6,3,1.8713628241510103,0.3245980321574274,4167,2.1421611649649486,0.30455635491606714,834,2.145826463457904,0.3127,0.9762813496130571,0.08354704558799726,,,0.95,,0.9500173293063326,0.04998267069366735,0.9922536485230614,0.14614780666857863,10,0.025,0.15,0.9476153216556877,0.943832891264823,0.9452021152659831,1.0,0.9457882891426792,0.9453358070349014,0.9453031061287926,0.947704603183976,0.9501633665234677,0.9475233736485177,0.9479045768084193,0.94806185675316
6,4,1.8770181666720998,0.31929445644348453,4167,2.1440810476030623,0.31452581032412963,833,2.1458891252928143,0.3123,0.9743861553668244,0.0833354957417866,,,0.95,,0.9500173293063326,0.04998267069366735,0.9922536485230614,0.14614780666857863,10,0.025,0.15,0.944503612231125,0.9377982038028495,0.9420383635915813,0.9457882891426792,1.0,0.9472826743825253,0.9422803660691645,0.9449799793730509,0.9497911680387691,0.9446208117540976,0.9476377798045054,0.9457008404744971
6,5,1.880659614909779,0.33093352531797454,4167,2.1482727187020436,0.31092436974789917,833,2.146490800229809,0.3102,0.9739568951368942,0.08328346893837868,,,0.95,,0.9500173293063326,0.04998267069366735,0.9922536485230614,0.14614780666857863,10,0.025,0.15,0.941996223206447,0.948813079177894,0.9337071331163939,0.9453358070349014,0.9472826743825253,1.0,0.9451641346704885,0.9508585904643281,0.9466889622549972,0.9424540573148255,0.9403187788753562,0.9448162448313032
6,6,1.8888657020800041,0.3208543316534677,4167,2.140209232057844,0.2965186074429772,833,2.146195598795444,0.3115,0.9715861728133954,0.0831650086408859,,,0.95,,0.9500173293063326,0.04998267069366735,0.9922536485230614,0.14614780666857863,10,0.025,0.15,0.9414909988245053,0.9416912863943069,0.939393887623611,0.9453031061287926,0.9422803660691645,0.9451641346704885,1.0,0.9451909739516953,0.9404415971958785,0.9386984668122401,0.9389087566290717,0.9412140371367089
6,7,1.8777678291002908,0.3318454523638109,4167,2.1399151938302174,0.31812725090036015,833,2.1460527528690387,0.3122,0.9765702339018862,0.08341596493808529,,,0.95,,0.9500173293063326,0.04998267069366735,0.9922536485230614,0.14614780666857863,10,0.025,0.15,0.9484553223348149,0.9471964991376572,0.9453438829075562,0.947704603183976,0.9449799793730509,0.9508585904643281,0.9451909739516953,1.0,0.950634455611276,0.9398319673330529,0.9468728997855796,0.9508571272212708
6,8,1.8717373963558313,0.3289726356216995,4166,2.1461948326655795,0.3205282112845138,833,2.1458927257151545,0.3122,0.9754186621679682,0.0834258737572769,,,0.95,,0.9500173293063326,0.04998267069366735,0.9922536485230614,0.14614780666857863,10,0.025,0.15,0.9476141016516209,0.9432477434252609,0.9411153296855516,0.9501633665234677,0.9497911680387691,0.9466889622549972,0.9404415971958785,0.950634455611276,1.0,0.9442500994162029,0.9472242949227181,0.9432419734877973
6,9,1.8654164299820408,0.33497359577532404,4166,2.1482744898114885,0.2917166866746699,833,2.146273667299295,0.3113,0.9728450561876886,0.08309226174830153,,,0.95,,0.9500173293063326,0.04998267069366735,0.9922536485230614,0.14614780666857863,10,0.025,0.15,0.944133400644504,0.9433947563079115,0.9428544255806721,0.9475233736485177,0.9446208117540976,0.9424540573148255,0.9386984668122401,0.9398319673330529,0.9442500994162029,1.0,0.9444398896209419,0.9424155096932131
6,10,1.8898028525439177,0.3259241478636582,4166,2.1382690838405063,0.32292917166866747,833,2.14586451989186,0.3123,0.97513737516083,0.08340234176170937,,,0.95,,0.9500173293063326,0.04998267069366735,0.9922536485230614,0.14614780666857863,10,0.025,0.15,0.9487527204772283,0.9486176349460844,0.9429011806683777,0.9479045768084193,0.9476377798045054,0.9403187788753562,0.9389087566290717,0.9468728997855796,0.9472242949227181,0.9444398896209419,1.0,0.9475600122226803
