round,client_id,client_i_training_loss,client_i_training_accuracy,client_i_training_dataset_size,client_i_evaluation_loss,client_i_evaluation_accuracy,client_i_evaluation_dataset_size,client_i_central_evaluation_loss,client_i_central_evaluation_accuracy,client_i_cosine_similarity,client_i_importance_coefficient,client_i_tanh_val,tanh_normalization_value,client_i_q,client_i_mask_order,client_i_v_nonzero_fraction,client_i_v_sparsity,client_i_v_cosine_similarity,client_i_reward_gradient_norm,local_epochs,learning_rate,gamma,client_0_cosine_similarity,client_1_cosine_similarity,client_2_cosine_similarity,client_3_cosine_similarity,client_4_cosine_similarity,client_5_cosine_similarity,client_6_cosine_similarity,client_7_cosine_similarity,client_8_cosine_similarity,client_9_cosine_similarity,client_10_cosine_similarity,client_11_cosine_similarity
0,0,2.2891809152834344,0.1507799376049916,4167,2.296616349901472,0.14028776978417265,834,2.29761297793328,0.1435,0.9825120596984842,0.08400427556859305,,,0.9799999998068063,,0.9800300374643098,0.019969962535690167,0,0.14619954052261563,10,0.025,0.15,1.0,0.9386671047694994,0.960261325674192,0.9506897033206709,0.9556875090721493,0.9468993753076258,0.9582878666200024,0.9570272668448777,0.949933014363862,0.9502362963384706,0.9617409362139112,0.9620047611132247
0,1,2.2922042203672004,0.13767698584113272,4167,2.299509355000087,0.13189448441247004,834,2.297617806663996,0.1434,0.9735705928017855,0.08323978474961193,,,0.8323051364152959,,0.8323430872571834,0.16765691274281658,0,0.14616241906105717,10,0.025,0.15,0.9386671047694994,1.0,0.9304755197564051,0.9563357387185525,0.936589338598961,0.9529302999734434,0.9405028457039961,0.9222939507803323,0.947141946154327,0.9608442979405583,0.9460354612703958,0.9550442812797013
0,2,2.290828877506834,0.14674826013918887,4167,2.2983852113996233,0.145083932853717,834,2.2976160381413715,0.1434,0.9750630209398051,0.08336738658750793,,,0.8569570165277002,,0.856991962502682,0.14300803749731805,0,0.14617666597620782,10,0.025,0.15,0.960261325674192,0.9304755197564051,1.0,0.9534350331250446,0.9306959211253961,0.9491555394838048,0.9347389657091647,0.9635797249950491,0.9340370388381738,0.9265814388338329,0.9613303129080073,0.960017457238992
0,3,2.2916322614207414,0.1220782337413007,4167,2.3000683103288924,0.14388489208633093,834,2.2976133099085168,0.1434,0.9788319884422202,0.08368963136970338,,,0.9192127008384866,,0.9192619365912429,0.08073806340875711,0,0.14619479915281747,10,0.025,0.15,0.9506897033206709,0.9563357387185525,0.9534350331250446,1.0,0.9431118051104344,0.9561629167039043,0.928937333868262,0.9489473066395546,0.9541201268235248,0.9480971411720327,0.9610790729356845,0.9474772426700683
0,4,2.289063636461894,0.1587952963762899,4167,2.2989795889173235,0.1452581032412965,833,2.29763713064073,0.1435,0.9710941504672432,0.08302805020422174,,,0.7913993413681502,,0.7914294202109224,0.20857057978907756,0,0.14607872153221324,10,0.025,0.15,0.9556875090721493,0.936589338598961,0.9306959211253961,0.9431118051104344,1.0,0.9249639312800558,0.944199226939279,0.9373338406821862,0.9629480139488676,0.9283792392575345,0.9451078901633535,0.9488762839275765
0,5,2.28852992997025,0.13981281497480202,4167,2.2977425030299594,0.12965186074429771,833,2.2976190017748483,0.1435,0.9720611962919866,0.08311073212465958,,,0.8073729732821205,,0.8074053902394746,0.19259460976052545,0,0.1461412027005709,10,0.025,0.15,0.9468993753076258,0.9529302999734434,0.9491555394838048,0.9561629167039043,0.9249639312800558,1.0,0.9155917320664811,0.934307172939275,0.9375660130550632,0.9575426940369721,0.9501680649264194,0.9439158183615984
0,6,2.289145156108972,0.15718742500599953,4167,2.2980143342699324,0.14645858343337334,833,2.297687880600555,0.1502,0.9655608220463554,0.08255495347132014,,,0.7,,0.7000132032810154,0.29998679671898465,0,0.14586277291439922,10,0.025,0.15,0.9582878666200024,0.9405028457039961,0.9347389657091647,0.928937333868262,0.944199226939279,0.9155917320664811,1.0,0.9355297198857079,0.933889426894858,0.9263956870457073,0.9240119090677499,0.9510838006799135
0,7,2.2898431626233187,0.12356611471082313,4167,2.2963007518223355,0.1452581032412965,833,2.2976189927209782,0.1434,0.9720824893512318,0.08311255267026905,,,0.807724691351734,,0.807751976366127,0.19224802363387306,0,0.1461417750786684,10,0.025,0.15,0.9570272668448777,0.9222939507803323,0.9635797249950491,0.9489473066395546,0.9373338406821862,0.934307172939275,0.9355297198857079,1.0,0.957074189710129,0.9062236454427437,0.9504113214956388,0.9567199365738098
0,8,2.290468702171788,0.12066730676908305,4166,2.2955356666019986,0.148859543817527,833,2.2976159476026705,0.1434,0.9751965882156388,0.08337880652086684,,,0.8591632765055914,,0.85920351207275,0.14079648792724997,0,0.1461774816839284,10,0.025,0.15,0.949933014363862,0.947141946154327,0.9340370388381738,0.9541201268235248,0.9629480139488676,0.9375660130550632,0.933889426894858,0.957074189710129,1.0,0.9360066164606878,0.9466075045142158,0.9465577999326898
0,9,2.2875620003902553,0.12942870859337494,4166,2.2984072480882918,0.15726290516206481,833,2.2976434713677514,0.1435,0.9688314447974963,0.08283459003369685,,,0.7540240416942404,,0.7540723869881666,0.2459276130118334,0,0.14603015924086574,10,0.025,0.15,0.9502362963384706,0.9608442979405583,0.9265814388338329,0.9480971411720327,0.9283792392575345,0.9575426940369721,0.9263956870457073,0.9062236454427437,0.9360066164606878,1.0,0.9533415373701049,0.937792005323823
0,10,2.291323820027438,0.14959193470955354,4166,2.297563280378069,0.15366146458583432,833,2.297613146938855,0.1434,0.9801732747708406,0.08380431066066334,,,0.941368025391291,,0.9414104404944629,0.058589559505537125,0,0.14619736065962638,10,0.025,0.15,0.9617409362139112,0.9460354612703958,0.9613303129080073,0.9610790729356845,0.9451078901633535,0.9501680649264194,0.9240119090677499,0.9504113214956388,0.9466075045142158,0.9533415373701049,1.0,0.9642586319527989
0,11,2.290561013510733,0.15513682189150263,4166,2.2967478888375417,0.14285714285714285,833,2.2976129809512367,0.1435,0.9809991905975598,0.08387492603888624,,,0.9550104765248077,,0.9550675842946972,0.04493241570530282,0,0.1461984824895362,10,0.025,0.15,0.9620047611132247,0.9550442812797013,0.960017457238992,0.9474772426700683,0.9488762839275765,0.9439158183615984,0.9510838006799135,0.9567199365738098,0.9465577999326898,0.937792005323823,0.9642586319527989,1.0
1,0,2.1991581663940893,0.19632829373650107,4167,2.2858729362487793,0.17865707434052758,834,2.2873489404026466,0.1713,0.9914259608220057,0.08383193364342595,,,0.98,,0.9800300374643098,0.019969962535690167,0.8370729867179607,0.1483183721424768,10,0.025,0.15,1.0,0.9764595724757382,0.9820375104415595,0.979221397072803,0.9812928788161893,0.9813478157482676,0.9796893984995679,0.9757275754955883,0.9731983457073795,0.973288544418005,0.9811117047190447,0.980150493152031
1,1,2.2035672332301286,0.1912167026637869,4167,2.290435825075422,0.15587529976019185,834,2.28736071646968,0.1712,0.9887114653905712,0.0832733854270897,,,0.98,,0.9800300374643098,0.019969962535690167,0.8371058824395757,0.1483183721424768,10,0.025,0.15,0.9764595724757382,1.0,0.96762106934307,0.978363333600558,0.9779672024045758,0.981014987660183,0.9731133727678426,0.9659854100255577,0.978395543487341,0.9776776303422628,0.9798993069924352,0.975007955890109
1,2,2.2052992354739795,0.19500839932805375,4167,2.2893002033233643,0.1630695443645084,834,2.2873562257501145,0.1712,0.9869485639761024,0.083294818269098,,,0.98,,0.9800300374643098,0.019969962535690167,0.8369038980397756,0.1483183721424768,10,0.025,0.15,0.9820375104415595,0.96762106934307,1.0,0.9762421568107021,0.9745402655031873,0.9742072939282566,0.9739674515052419,0.9741671947402359,0.9672170496226522,0.9635603368279345,0.9791512827229206,0.9776979657570868
1,3,2.1907287175005132,0.19736021118310534,4167,2.2890327317374095,0.17266187050359713,834,2.2873495621017264,0.1713,0.9909318130312119,0.08362223653960144,,,0.98,,0.9800300374643098,0.019969962535690167,0.8370126974992648,0.1483183721424768,10,0.025,0.15,0.979221397072803,0.978363333600558,0.9762421568107021,1.0,0.9789132445012974,0.9773365121624971,0.978734474288749,0.9735453556889244,0.9806929849910112,0.978552381587754,0.9780261069862106,0.9781407347069322
1,4,2.183211101185192,0.20599952003839692,4167,2.288330078125,0.17046818727490998,833,2.287381190287916,0.1712,0.9900412274275848,0.0831861293652437,,,0.98,,0.9800300374643098,0.019969962535690167,0.8374003282493307,0.1483183721424768,10,0.025,0.15,0.9812928788161893,0.9779672024045758,0.9745402655031873,0.9789132445012974,1.0,0.9785201721028245,0.9790812129478382,0.9673105540312922,0.9794030466426422,0.9740309304977486,0.9794393597864448,0.9768177130778737
1,5,2.1964099327723186,0.19752819774418046,4167,2.287041868482317,0.1644657863145258,833,2.287364558328556,0.1711,0.9897530625424799,0.08322769017740267,,,0.98,,0.9800300374643098,0.019969962535690167,0.8370784888781512,0.1483183721424768,10,0.025,0.15,0.9813478157482676,0.981014987660183,0.9742072939282566,0.9773365121624971,0.9785201721028245,1.0,0.9748943960829107,0.9703607969917204,0.9740743792253916,0.9752743955100749,0.9804157781540882,0.9764158016557148
1,6,2.1926979541778566,0.20422366210703144,4167,2.287306547164917,0.17767106842737096,833,2.287448928325991,0.1703,0.9886843042885375,0.08285093989943115,,,0.98,,0.9800300374643098,0.019969962535690167,0.8385970313741186,0.1483183721424768,10,0.025,0.15,0.9796893984995679,0.9731133727678426,0.9739674515052419,0.978734474288749,0.9790812129478382,0.9748943960829107,1.0,0.9732963629268013,0.9737028406097844,0.9727810592884861,0.973859442023024,0.9782473034756765
1,7,2.200558835809881,0.20088792896568275,4167,2.2860655784606934,0.15606242496998798,833,2.2873644858975952,0.1711,0.9848535315451076,0.08307007230462081,,,0.98,,0.9800300374643098,0.019969962535690167,0.8370673550687704,0.1483183721424768,10,0.025,0.15,0.9757275754955883,0.9659854100255577,0.9741671947402359,0.9735453556889244,0.9673105540312922,0.9703607969917204,0.9732963629268013,1.0,0.9693234062352586,0.9674881001260505,0.9712932241413268,0.9772193919413188
1,8,2.196726800817432,0.18773403744599135,4166,2.2846945353916714,0.1872749099639856,833,2.287355981295622,0.1712,0.98785548519003,0.0833312311942347,,,0.98,,0.9800300374643098,0.019969962535690167,0.8369137389780057,0.1483183721424768,10,0.025,0.15,0.9731983457073795,0.978395543487341,0.9672170496226522,0.9806929849910112,0.9794030466426422,0.9740743792253916,0.9737028406097844,0.9693234062352586,1.0,0.9782653386788261,0.9734178390678261,0.9736882155946016
1,9,2.181670693917708,0.20350456072971676,4166,2.2884293283735,0.1752701080432173,833,2.287392175650295,0.1712,0.9864921423405721,0.08295205414037747,,,0.98,,0.9800300374643098,0.019969962535690167,0.8374136567918326,0.1483183721424768,10,0.025,0.15,0.973288544418005,0.9776776303422628,0.9635603368279345,0.978552381587754,0.9740309304977486,0.9752743955100749,0.9727810592884861,0.9674881001260505,0.9782653386788261,1.0,0.9724017125279637,0.9720195502123656
1,10,2.196714957916375,0.19407105136821892,4166,2.2873946598597934,0.17647058823529413,833,2.2873495228682894,0.1713,0.9900102592746053,0.08366297316605617,,,0.98,,0.9800300374643098,0.019969962535690167,0.837087946916237,0.1483183721424768,10,0.025,0.15,0.9811117047190447,0.9798993069924352,0.9791512827229206,0.9780261069862106,0.9794393597864448,0.9804157781540882,0.973859442023024,0.9712932241413268,0.9734178390678261,0.9724017125279637,1.0,0.9777019910957402
1,11,2.1948461536205177,0.19877580412866058,4166,2.2868453775133406,0.1752701080432173,833,2.2873490882825247,0.1713,0.9897044938893311,0.08369653587341826,,,0.98,,0.9800300374643098,0.019969962535690167,0.8370581723870615,0.1483183721424768,10,0.025,0.15,0.980150493152031,0.975007955890109,0.9776979657570868,0.9781407347069322,0.9768177130778737,0.9764158016557148,0.9782473034756765,0.9772193919413188,0.9736882155946016,0.9720195502123656,0.9777019910957402,1.0
2,0,2.11083286820036,0.23210943124550035,4167,2.2684980801173618,0.19184652278177458,834,2.2706891947154757,0.1879,0.9890269452415742,0.0837580087736767,,,0.98,,0.9800300374643098,0.019969962535690167,0.9558526002095596,0.14781209812723548,10,0.025,0.15,1.0,0.9710189521923008,0.9747004195440951,0.9746323699048632,0.9730936103147522,0.9764198690806973,0.9707727818354697,0.9720597210578549,0.9710964925175585,0.9653239048888183,0.9731622366714123,0.972725229756072
2,1,2.1114725430806476,0.22889368850491962,4167,2.274956771305629,0.1882494004796163,834,2.2707101846043067,0.1878,0.9832769808476349,0.08322719208393985,,,0.98,,0.9800300374643098,0.019969962535690167,0.9558526002095596,0.14781209812723548,10,0.025,0.15,0.9710189521923008,1.0,0.9563387279056237,0.9670691543144501,0.9642596834924342,0.9711740911238675,0.962936826943632,0.9634395248807425,0.9700317789003416,0.9652095409434925,0.9713134741840654,0.9643809072697174
2,2,2.1204608357313908,0.22963762898968082,4167,2.2744710445404053,0.16906474820143885,834,2.270702033103267,0.1878,0.98269652535071,0.08322157223108838,,,0.98,,0.9800300374643098,0.019969962535690167,0.9558526002095596,0.14781209812723548,10,0.025,0.15,0.9747004195440951,0.9563387279056237,1.0,0.9697070885258577,0.9683150924670173,0.9651011411364089,0.9654794880072537,0.966555503570998,0.9607042543518336,0.954655173499214,0.9688064428978117,0.969864578169557
2,3,2.0994887424237803,0.2345812335013199,4167,2.2714223521096364,0.18585131894484413,834,2.2706905437421194,0.1879,0.987490546869374,0.08357891199587202,,,0.98,,0.9800300374643098,0.019969962535690167,0.9558526002095596,0.14781209812723548,10,0.025,0.15,0.9746323699048632,0.9670691543144501,0.9697070885258577,1.0,0.9704777891640408,0.9721773432507272,0.9732003365546659,0.9683671206921618,0.9718707508780056,0.9683872534992017,0.9708815246662896,0.9701523270614543
2,4,2.0953309803298024,0.237892968562515,4167,2.2714044707162038,0.20048019207683074,833,2.2707357104820542,0.1879,0.9862124049373224,0.08326863773995666,,,0.98,,0.9800300374643098,0.019969962535690167,0.9558526002095596,0.14781209812723548,10,0.025,0.15,0.9730936103147522,0.9642596834924342,0.9683150924670173,0.9704777891640408,1.0,0.972435655923529,0.9726279597993098,0.9667382038000946,0.9698601194834632,0.9618453803008853,0.9725395354134112,0.969734220595529
2,5,2.11110801263289,0.23328533717302616,4167,2.269954408918108,0.17406962785114047,833,2.270718191243425,0.1877,0.9869997571030766,0.08331979789675589,,,0.98,,0.9800300374643098,0.019969962535690167,0.9558526002095596,0.14781209812723548,10,0.025,0.15,0.9764198690806973,0.9711740911238675,0.9651011411364089,0.9721773432507272,0.972435655923529,1.0,0.9691501618859364,0.9700011420524114,0.9698665732030717,0.9647833922284648,0.9712549613122745,0.968849842657095
2,6,2.104650141614856,0.23602111831053516,4167,2.269744259970529,0.1992797118847539,833,2.270821221267121,0.1871,0.9856031499496103,0.08304226714518462,,,0.98,,0.9800300374643098,0.019969962535690167,0.9558526002095596,0.14781209812723548,10,0.025,0.15,0.9707727818354697,0.962936826943632,0.9654794880072537,0.9732003365546659,0.9726279597993098,0.9691501618859364,1.0,0.9692178786005802,0.9656362417461476,0.9656170379866154,0.9698377149429513,0.9703873421725541
2,7,2.1147330779017826,0.23820494360451164,4167,2.2692696026393344,0.16926770708283315,833,2.270718025255807,0.1878,0.9849026187070432,0.08315461081944872,,,0.98,,0.9800300374643098,0.019969962535690167,0.9558526002095596,0.14781209812723548,10,0.025,0.15,0.9720597210578549,0.9634395248807425,0.966555503570998,0.9683671206921618,0.9667382038000946,0.9700011420524114,0.9692178786005802,1.0,0.9657967934676804,0.9598311410966283,0.9715693561997721,0.9728790875374189
2,8,2.1028899774406895,0.23247719635141623,4166,2.2675900799887523,0.20768307322929172,833,2.270701661894593,0.1878,0.9851021445467553,0.08332205797625773,,,0.98,,0.9800300374643098,0.019969962535690167,0.9558526002095596,0.14781209812723548,10,0.025,0.15,0.9710964925175585,0.9700317789003416,0.9607042543518336,0.9718707508780056,0.9698601194834632,0.9698665732030717,0.9656362417461476,0.9657967934676804,1.0,0.9694668857951496,0.9689866255619805,0.9654580634487165
2,9,2.0864690856500103,0.24224675948151705,4166,2.272049597331456,0.18127250900360145,833,2.2707529762123206,0.1879,0.9807391123274013,0.08294679674939838,,,0.98,,0.9800300374643098,0.019969962535690167,0.9558526002095596,0.14781209812723548,10,0.025,0.15,0.9653239048888183,0.9652095409434925,0.954655173499214,0.9683872534992017,0.9618453803008853,0.9647833922284648,0.9656170379866154,0.9598311410966283,0.9694668857951496,1.0,0.9618493219075814,0.9604027883242034
2,10,2.109794373223276,0.22770043206913107,4166,2.2705884660993303,0.1992797118847539,833,2.2706903898263278,0.1879,0.9870824979174189,0.08359078378610024,,,0.98,,0.9800300374643098,0.019969962535690167,0.9558526002095596,0.14781209812723548,10,0.025,0.15,0.9731622366714123,0.9713134741840654,0.9688064428978117,0.9708815246662896,0.9725395354134112,0.9712549613122745,0.9698377149429513,0.9715693561997721,0.9689866255619805,0.9618493219075814,1.0,0.9718496371530374
2,11,2.1075455784797668,0.22914066250600096,4166,2.2707723890032088,0.18607442977190877,833,2.27068962024737,0.1879,0.9857845064264036,0.08356936280232075,,,0.98,,0.9800300374643098,0.019969962535690167,0.9558526002095596,0.14781209812723548,10,0.025,0.15,0.972725229756072,0.9643809072697174,0.969864578169557,0.9701523270614543,0.969734220595529,0.968849842657095,0.9703873421725541,0.9728790875374189,0.9654580634487165,0.9604027883242034,0.9718496371530374,1.0
3,0,2.044630252231251,0.257739380849532,4167,2.244964906147548,0.20863309352517986,834,2.2480062170873714,0.1996,0.9856416210497569,0.08370941461872385,,,0.98,,0.9800300374643098,0.019969962535690167,0.976394794378622,0.14732037982179677,10,0.025,0.15,1.0,0.9668358351069849,0.9650066628349993,0.96443654230408,0.9653936820436652,0.9675020355083439,0.9611156265044491,0.966449118859811,0.9649703517798977,0.9630965533519789,0.9650383065357161,0.9663724693540209
3,1,2.0453942436160464,0.2529157667386609,4167,2.253629446029663,0.2014388489208633,834,2.2480375495138047,0.1998,0.9797418506453881,0.08319016885880223,,,0.98,,0.9800300374643098,0.019969962535690167,0.976394794378622,0.14732037982179677,10,0.025,0.15,0.9668358351069849,1.0,0.950334965069417,0.9592300456920755,0.9538562302562796,0.9645352753690707,0.9540299685411374,0.9558277368938014,0.9629906429183251,0.959805772142245,0.9633372840626206,0.9560697297870405
3,2,2.055153540047732,0.2540916726661867,4167,2.25422157560076,0.17625899280575538,834,2.2480254475074477,0.1998,0.9799218105447199,0.0831925460324462,,,0.98,,0.9800300374643098,0.019969962535690167,0.976394794378622,0.14732037982179677,10,0.025,0.15,0.9650066628349993,0.950334965069417,1.0,0.9630903933153556,0.9611742976417166,0.9566279019110842,0.9575036586563815,0.9606552093989915,0.9560932485301313,0.9558431838269432,0.9607304223171589,0.961914850172863
3,3,2.0356864329540367,0.26001919846412286,4167,2.2477026666913713,0.1906474820143885,834,2.248008673704123,0.1996,0.9837436438173194,0.08353722964950878,,,0.98,,0.9800300374643098,0.019969962535690167,0.976394794378622,0.14732037982179677,10,0.025,0.15,0.96443654230408,0.9592300456920755,0.9630903933153556,1.0,0.963644873292664,0.9644496139457376,0.9649334527177696,0.9610966731401279,0.9648368985826893,0.9604619085703164,0.9634868973658168,0.9642437758726158
3,4,2.03412381735715,0.26085913126949845,4167,2.248283556529454,0.20888355342136855,833,2.2480719904356365,0.1994,0.9826027123125587,0.08330867654477375,,,0.98,,0.9800300374643098,0.019969962535690167,0.976394794378622,0.14732037982179677,10,0.025,0.15,0.9653936820436652,0.9538562302562796,0.9611742976417166,0.963644873292664,1.0,0.9660748522193975,0.9652612002068245,0.9573679341100109,0.9644004594025962,0.958387086606447,0.9632938950511097,0.9617224951340234
3,5,2.0462953202652208,0.26001919846412286,4167,2.2467447349003384,0.1908763505402161,833,2.2480505237096473,0.1998,0.9836723036855651,0.08337499439986798,,,0.98,,0.9800300374643098,0.019969962535690167,0.976394794378622,0.14732037982179677,10,0.025,0.15,0.9675020355083439,0.9645352753690707,0.9566279019110842,0.9644496139457376,0.9660748522193975,1.0,0.9628877799290201,0.963201885872067,0.962297956103407,0.962678501990476,0.962589057981744,0.9603414525073598
3,6,2.039913363167734,0.25946724262059034,4167,2.2458410944257463,0.21248499399759904,833,2.2481756934636756,0.199,0.98145243333113,0.08313160278611943,,,0.98,,0.9800300374643098,0.019969962535690167,0.976394794378622,0.14732037982179677,10,0.025,0.15,0.9611156265044491,0.9540299685411374,0.9575036586563815,0.9649334527177696,0.9652612002068245,0.9628877799290201,1.0,0.9595746046745941,0.9583151848504708,0.9596357667894007,0.9627808814765169,0.9611023057849808
3,7,2.0491799488212123,0.2632589392848572,4167,2.2464663301195418,0.1836734693877551,833,2.2480501947523672,0.1998,0.9813796396810134,0.08319857360281557,,,0.98,,0.9800300374643098,0.019969962535690167,0.976394794378622,0.14732037982179677,10,0.025,0.15,0.966449118859811,0.9558277368938014,0.9606552093989915,0.9610966731401279,0.9573679341100109,0.963201885872067,0.9595746046745941,1.0,0.9581836274849994,0.9539973213510529,0.9640155835933564,0.9657995924446039
3,8,2.0358171582221987,0.25876140182429186,4166,2.2446178027561734,0.22208883553421369,833,2.24802500688577,0.1997,0.982221019474276,0.08332924758577692,,,0.98,,0.9800300374643098,0.019969962535690167,0.976394794378622,0.14732037982179677,10,0.025,0.15,0.9649703517798977,0.9629906429183251,0.9560932485301313,0.9648368985826893,0.9644004594025962,0.962297956103407,0.9583151848504708,0.9581836274849994,1.0,0.9639392462037487,0.9621588072358465,0.9578897237046802
3,9,2.020165553959933,0.27085933749399904,4166,2.2497764314923967,0.19687875150060025,833,2.2480962336817876,0.1994,0.9798606004676901,0.08302097407019554,,,0.98,,0.9800300374643098,0.019969962535690167,0.976394794378622,0.14732037982179677,10,0.025,0.15,0.9630965533519789,0.959805772142245,0.9558431838269432,0.9604619085703164,0.958387086606447,0.962678501990476,0.9596357667894007,0.9539973213510529,0.9639392462037487,1.0,0.9568867285343515,0.9537245851370761
3,10,2.048342576893893,0.2532165146423428,4166,2.2473509652273997,0.20528211284513806,833,2.2480082330824454,0.1996,0.9833176544278285,0.08353071928639093,,,0.98,,0.9800300374643098,0.019969962535690167,0.976394794378622,0.14732037982179677,10,0.025,0.15,0.9650383065357161,0.9633372840626206,0.9607304223171589,0.9634868973658168,0.9632938950511097,0.962589057981744,0.9627808814765169,0.9640155835933564,0.9621588072358465,0.9568867285343515,1.0,0.9645468163361598
3,11,2.0462253715052747,0.2561209793566971,4166,2.248786381312779,0.19807923169267708,833,2.2480070711691167,0.1996,0.9820355486713043,0.08347585256457886,,,0.98,,0.9800300374643098,0.019969962535690167,0.976394794378622,0.14732037982179677,10,0.025,0.15,0.9663724693540209,0.9560697297870405,0.961914850172863,0.9642437758726158,0.9617224951340234,0.9603414525073598,0.9611023057849808,0.9657995924446039,0.9578897237046802,0.9537245851370761,0.9645468163361598,1.0
4,0,1.9926115563421538,0.28053755699544036,4167,2.215984616960798,0.2302158273381295,834,2.220041625107391,0.2231,0.9823888343907184,0.0836839809127192,,,0.98,,0.9800300374643098,0.019969962535690167,0.9848131836929117,0.14681345533106988,10,0.025,0.15,1.0,0.9606019235506232,0.9562724434224581,0.9582734447348221,0.955972745833474,0.9596624280153189,0.9522947594139067,0.9625808904029782,0.9597043053935524,0.9557661221386741,0.95761040669232,0.9592932156400228
4,1,1.9947332262992858,0.27664986801055913,4167,2.227273736681257,0.22182254196642687,834,2.220084163207042,0.2235,0.9769505288373509,0.08318621045018709,,,0.98,,0.9800300374643098,0.019969962535690167,0.9848131836929117,0.14681345533106988,10,0.025,0.15,0.9606019235506232,1.0,0.9441557366213646,0.9522343366763683,0.9439962977639911,0.959976703146449,0.9449248866171056,0.9517494982135302,0.9568065723771058,0.9525997187682386,0.9566743116919041,0.9506450822125024
4,2,2.00252666870753,0.27453803695704343,4167,2.228787660598755,0.21223021582733814,834,2.220067893402486,0.2232,0.9762236454561487,0.08316403721562635,,,0.98,,0.9800300374643098,0.019969962535690167,0.9848131836929117,0.14681345533106988,10,0.025,0.15,0.9562724434224581,0.9441557366213646,1.0,0.9552604254431899,0.951899146610832,0.9482022173431421,0.9486347115579351,0.9568935533246307,0.9489947719484477,0.9494551063972418,0.9527017937526723,0.9533864683637694
4,3,1.9818675286842116,0.2807295416366691,4167,2.2185042245047435,0.2182254196642686,834,2.22004576574398,0.2232,0.9801162807002368,0.08350365695461796,,,0.98,,0.9800300374643098,0.019969962535690167,0.9848131836929117,0.14681345533106988,10,0.025,0.15,0.9582734447348221,0.9522343366763683,0.9552604254431899,1.0,0.9544507091735657,0.9580430231055503,0.9550826163078789,0.9582539623448173,0.9571554067051735,0.9523265203635312,0.9551557097587534,0.9551752787690433
4,4,1.9857740319136417,0.27864170866330695,4167,2.21977584702628,0.22809123649459784,833,2.2201301085798044,0.2232,0.9779358904043695,0.08329149595747294,,,0.98,,0.9800300374643098,0.019969962535690167,0.9848131836929117,0.14681345533106988,10,0.025,0.15,0.955972745833474,0.9439962977639911,0.951899146610832,0.9544507091735657,1.0,0.9589655804700344,0.9556426925005935,0.9525457041307702,0.9561605916565934,0.9504841932224316,0.9557965686875516,0.9499958644321292
4,5,1.996323292544394,0.2812095032397408,4167,2.218336854662214,0.22569027611044418,833,2.2201027417484718,0.2235,0.9813112867237203,0.08344226612711973,,,0.98,,0.9800300374643098,0.019969962535690167,0.9848131836929117,0.14681345533106988,10,0.025,0.15,0.9596624280153189,0.959976703146449,0.9482022173431421,0.9580430231055503,0.9589655804700344,1.0,0.9565133851473677,0.9609070236506575,0.9574219546863424,0.9571009661712963,0.956019289280375,0.952740217743879
4,6,1.9913669792088595,0.2781377489800816,4167,2.216463531766619,0.22448979591836735,833,2.220254406144347,0.2222,0.9767104410896783,0.08314220846049247,,,0.98,,0.9800300374643098,0.019969962535690167,0.9848131836929117,0.14681345533106988,10,0.025,0.15,0.9522947594139067,0.9449248866171056,0.9486347115579351,0.9550826163078789,0.9556426925005935,0.9565133851473677,1.0,0.9541523662510175,0.9505832752720507,0.9515182458833351,0.9530713491469083,0.9492193948430987
4,7,1.9936599521925955,0.28615310775137986,4167,2.2182722091674805,0.21608643457382953,833,2.220102192480353,0.2236,0.9804147911685459,0.08330408155863268,,,0.98,,0.9800300374643098,0.019969962535690167,0.9848131836929117,0.14681345533106988,10,0.025,0.15,0.9625808904029782,0.9517494982135302,0.9568935533246307,0.9582539623448173,0.9525457041307702,0.9609070236506575,0.9541523662510175,1.0,0.9541042996105744,0.9476060301810492,0.9585542426865291,0.9576875893248974
4,8,1.9838318900628524,0.2827652424387902,4166,2.216552904673985,0.23169267707082833,833,2.2200673682780208,0.2232,0.9792773218643216,0.08334783938681312,,,0.98,,0.9800300374643098,0.019969962535690167,0.9848131836929117,0.14681345533106988,10,0.025,0.15,0.9597043053935524,0.9568065723771058,0.9489947719484477,0.9571554067051735,0.9561605916565934,0.9574219546863424,0.9505832752720507,0.9541042996105744,1.0,0.9560710779997079,0.9533908231818408,0.951270563840974
4,9,1.9678537065332586,0.2915026404224676,4166,2.2224611214229038,0.22328931572629052,833,2.2201619419870497,0.2231,0.9765837248833691,0.08306971997171657,,,0.98,,0.9800300374643098,0.019969962535690167,0.9848131836929117,0.14681345533106988,10,0.025,0.15,0.9557661221386741,0.9525997187682386,0.9494551063972418,0.9523265203635312,0.9504841932224316,0.9571009661712963,0.9515182458833351,0.9476060301810492,0.9560710779997079,1.0,0.9512388983708611,0.9460501452889253
4,10,1.9975880301359927,0.2772683629380701,4166,2.218541281563895,0.226890756302521,833,2.220044718513006,0.2232,0.9796187039453574,0.08348344967681375,,,0.98,,0.9800300374643098,0.019969962535690167,0.9848131836929117,0.14681345533106988,10,0.025,0.15,0.95761040669232,0.9566743116919041,0.9527017937526723,0.9551557097587534,0.9557965686875516,0.956019289280375,0.9530713491469083,0.9585542426865291,0.9533908231818408,0.9512388983708611,1.0,0.9553562150566477
4,11,1.9944704406189195,0.27361977916466634,4166,2.221480301448277,0.22448979591836735,833,2.220043140121653,0.2231,0.9775129913584168,0.08338105332778814,,,0.98,,0.9800300374643098,0.019969962535690167,0.9848131836929117,0.14681345533106988,10,0.025,0.15,0.9592932156400228,0.9506450822125024,0.9533864683637694,0.9551752787690433,0.9499958644321292,0.952740217743879,0.9492193948430987,0.9576875893248974,0.951270563840974,0.9460501452889253,0.9553562150566477,1.0
5,0,1.9465553959210713,0.2966882649388049,4167,2.182627167020525,0.2637889688249401,834,2.187747623347029,0.2612,0.9797047191803999,0.08368183994597057,,,0.98,,0.9800300374643098,0.019969962535690167,0.9882259071776742,0.14635009510837782,10,0.025,0.15,1.0,0.9566875725289917,0.9517531227860457,0.953901439836401,0.9506887022218443,0.9518665845187521,0.9447182860811398,0.9550606447877045,0.9509726308987017,0.9501064107616498,0.9514052921365117,0.9530246170372724
5,1,1.9491674827806877,0.2940964722822174,4167,2.1967226777757918,0.25059952038369304,834,2.1878004194814946,0.2611,0.9741593578326325,0.08319326988647185,,,0.98,,0.9800300374643098,0.019969962535690167,0.9882259071776742,0.14635009510837782,10,0.025,0.15,0.9566875725289917,1.0,0.9378499646078233,0.9454785213757448,0.9384515315032667,0.9542246376476418,0.9382900652059545,0.945442313886966,0.9484032276174914,0.945693705291061,0.9511664199561894,0.9437846825454239
5,2,1.9567472779389583,0.2910007199424046,4167,2.1988539014543806,0.23741007194244604,834,2.1877806488471694,0.2613,0.9737991272531782,0.0831678197588825,,,0.98,,0.9800300374643098,0.019969962535690167,0.9882259071776742,0.14635009510837782,10,0.025,0.15,0.9517531227860457,0.9378499646078233,1.0,0.9501883401065002,0.9463089146025756,0.9389585474854484,0.9431628682607631,0.9515817867033648,0.9400670399390095,0.946213478945925,0.945703988305965,0.9495415430820294
5,3,1.9375056765296244,0.2964722822174226,4167,2.1850475583757674,0.2709832134292566,834,2.187753647188597,0.2613,0.9776886463802807,0.08350461474863272,,,0.98,,0.9800300374643098,0.019969962535690167,0.9882259071776742,0.14635009510837782,10,0.025,0.15,0.953901439836401,0.9454785213757448,0.9501883401065002,1.0,0.9497600811268806,0.9515055291729659,0.9484587985280307,0.9534553265715727,0.9461630686779194,0.9481193115354025,0.9495620714298489,0.9500729581747153
5,4,1.9410675457029631,0.29575233981281496,4167,2.18659462247576,0.27010804321728693,833,2.1878596800792067,0.2605,0.9750658682354301,0.08328793371458552,,,0.98,,0.9800300374643098,0.019969962535690167,0.9882259071776742,0.14635009510837782,10,0.025,0.15,0.9506887022218443,0.9384515315032667,0.9463089146025756,0.9497600811268806,1.0,0.9537118489800641,0.9487205265293823,0.9452638030352302,0.9451424900993061,0.9452919257863218,0.9484980913786558,0.9442324632343295
5,5,1.9493468111211603,0.298776097912167,4167,2.1855479308537076,0.2617046818727491,833,2.187824300572842,0.2611,0.9779305556826433,0.08347450803408983,,,0.98,,0.9800300374643098,0.019969962535690167,0.9882259071776742,0.14635009510837782,10,0.025,0.15,0.9518665845187521,0.9542246376476418,0.9389585474854484,0.9515055291729659,0.9537118489800641,1.0,0.9483094773530233,0.9545009790025127,0.9502609719530299,0.9509969758806046,0.949085003852505,0.9461276046528918
5,6,1.9490214358676563,0.292608591312695,4167,2.1826064586639404,0.2617046818727491,833,2.1880020159709304,0.2575,0.9730798679324686,0.08313089106383535,,,0.98,,0.9800300374643098,0.019969962535690167,0.9882259071776742,0.14635009510837782,10,0.025,0.15,0.9447182860811398,0.9382900652059545,0.9431628682607631,0.9484587985280307,0.9487205265293823,0.9483094773530233,1.0,0.9477802097160692,0.9413800842369668,0.9456106009497435,0.9452189247414929,0.9412985672595339
5,7,1.9470495227611426,0.30463162946964245,4167,2.1857221807752336,0.25570228091236497,833,2.187823500814317,0.2611,0.9776173981945575,0.0833788109485945,,,0.98,,0.9800300374643098,0.019969962535690167,0.9882259071776742,0.14635009510837782,10,0.025,0.15,0.9550606447877045,0.945442313886966,0.9515817867033648,0.9534553265715727,0.9452638030352302,0.9545009790025127,0.9477802097160692,1.0,0.9441880018713193,0.943380390940168,0.9516536001728464,0.9536054041711026
5,8,1.9406719023531134,0.2980796927508401,4166,2.1845479011535645,0.25930372148859543,833,2.18778008147131,0.2613,0.9734722845312942,0.08327090040505045,,,0.98,,0.9800300374643098,0.019969962535690167,0.9882259071776742,0.14635009510837782,10,0.025,0.15,0.9509726308987017,0.9484032276174914,0.9400670399390095,0.9461630686779194,0.9451424900993061,0.9502609719530299,0.9413800842369668,0.9441880018713193,1.0,0.9460810124512198,0.9432211066373504,0.9415078416706648
5,9,1.9228855562932563,0.3095775324051848,4166,2.191072566168649,0.26290516206482595,833,2.1878976429565045,0.2605,0.9741816781730609,0.08312192039768933,,,0.98,,0.9800300374643098,0.019969962535690167,0.9882259071776742,0.14635009510837782,10,0.025,0.15,0.9501064107616498,0.945693705291061,0.946213478945925,0.9481193115354025,0.9452919257863218,0.9509969758806046,0.9456106009497435,0.943380390940168,0.9460810124512198,1.0,0.9457781659439486,0.9386139822101779
5,10,1.9540401317856528,0.2942150744119059,4166,2.1851678235190257,0.2785114045618247,833,2.1877517639836177,0.2613,0.9764735844940616,0.08345254358963569,,,0.98,,0.9800300374643098,0.019969962535690167,0.9882259071776742,0.14635009510837782,10,0.025,0.15,0.9514052921365117,0.9511664199561894,0.945703988305965,0.9495620714298489,0.9484980913786558,0.949085003852505,0.9452189247414929,0.9516536001728464,0.9432211066373504,0.9457781659439486,1.0,0.9511574266812719
5,11,1.9498129938587998,0.29373499759961597,4166,2.189836229596819,0.25210084033613445,833,2.187749826455418,0.2613,0.9748079768332263,0.08333494750656169,,,0.98,,0.9800300374643098,0.019969962535690167,0.9882259071776742,0.14635009510837782,10,0.025,0.15,0.9530246170372724,0.9437846825454239,0.9495415430820294,0.9500729581747153,0.9442324632343295,0.9461276046528918,0.9412985672595339,0.9536054041711026,0.9415078416706648,0.9386139822101779,0.9511574266812719,1.0
6,0,1.9028631383722479,0.3107511399088073,4167,2.145559106554304,0.3009592326139089,834,2.151844115196904,0.2831,0.9767347284207761,0.08365496389172963,,,0.98,,0.9800300374643098,0.019969962535690167,0.9914125398055066,0.14602360824484414,10,0.025,0.15,1.0,0.9507305112088704,0.9449937155955739,0.9477886547830077,0.946181291403416,0.9454600384791194,0.939839884233657,0.9480350461693875,0.9479703447185731,0.9451153903090423,0.9456899005834606,0.9480723399470331
6,1,1.9070517308784254,0.30863930885529156,4167,2.1631874356951033,0.2673860911270983,834,2.1519060829017738,0.283,0.9716555141865909,0.08318686819933145,,,0.98,,0.9800300374643098,0.019969962535690167,0.9914125398055066,0.14602360824484414,10,0.025,0.15,0.9507305112088704,1.0,0.9315068577675947,0.9408721682139543,0.937263917640293,0.9495816076340193,0.9331250829532604,0.9398788883078225,0.943247924649764,0.9409239255056141,0.9460549368743459,0.9375945213178907
6,2,1.9191963130777532,0.30604751619870413,4167,2.164978572300502,0.2589928057553957,834,2.1518836081782475,0.2829,0.9705924218892421,0.08313645910275473,,,0.98,,0.9800300374643098,0.019969962535690167,0.9914125398055066,0.14602360824484414,10,0.025,0.15,0.9449937155955739,0.9315068577675947,1.0,0.9440256189266242,0.9408934729395898,0.9334041042739275,0.9364146768343375,0.9460507285892251,0.9388507215297922,0.9414455421492818,0.9379390967773126,0.9429188452980821
6,3,1.8992806232336796,0.312167026637869,4167,2.1478257860456194,0.2973621103117506,834,2.151851898507227,0.2831,0.9757625605193585,0.08351353025654236,,,0.98,,0.9800300374643098,0.019969962535690167,0.9914125398055066,0.14602360824484414,10,0.025,0.15,0.9477886547830077,0.9408721682139543,0.9440256189266242,1.0,0.9448540088439656,0.9460710752967595,0.9413662002530079,0.947282287240177,0.9498383588162824,0.9456251324024808,0.9458160506048278,0.9450782710790394
6,4,1.9021590572414977,0.3076073914086873,4167,2.1495727130344937,0.2965186074429772,833,2.151978580257561,0.2828,0.9740635309442185,0.08332397298452213,,,0.98,,0.9800300374643098,0.019969962535690167,0.9914125398055066,0.14602360824484414,10,0.025,0.15,0.946181291403416,0.937263917640293,0.9408934729395898,0.9448540088439656,1.0,0.9476287702570275,0.9439740080070931,0.9430158418017272,0.9463178437069021,0.9435467361050371,0.944711307998279,0.9405203484612251
6,5,1.9111057624672398,0.3153827693784497,4167,2.149348190852574,0.27490996398559425,833,2.1519342947609816,0.2828,0.9750582376750712,0.08347193074068618,,,0.98,,0.9800300374643098,0.019969962535690167,0.9914125398055066,0.14602360824484414,10,0.025,0.15,0.9454600384791194,0.9495816076340193,0.9334041042739275,0.9460710752967595,0.9476287702570275,1.0,0.9426609101285061,0.9493878989018077,0.9453097854659259,0.9445041391364254,0.9443779516353097,0.9420258705964288
6,6,1.9102554216529384,0.3067194624430046,4167,2.1453804629189626,0.2893157262905162,833,2.152140641514259,0.2822,0.9701294819372592,0.08309850230189578,,,0.98,,0.9800300374643098,0.019969962535690167,0.9914125398055066,0.14602360824484414,10,0.025,0.15,0.939839884233657,0.9331250829532604,0.9364146768343375,0.9413662002530079,0.9439740080070931,0.9426609101285061,1.0,0.943360046358629,0.9393203814241475,0.9401717065622931,0.9370586711039118,0.9357876973685675
6,7,1.9066480744968761,0.3175665946724262,4167,2.14949631690979,0.2797118847539016,833,2.1519333109070984,0.2829,0.975142842258125,0.08341542698965883,,,0.98,,0.9800300374643098,0.019969962535690167,0.9914125398055066,0.14602360824484414,10,0.025,0.15,0.9480350461693875,0.9398788883078225,0.9460507285892251,0.947282287240177,0.9430158418017272,0.9493878989018077,0.943360046358629,1.0,0.94277920645288,0.9385272718496065,0.9449815058057428,0.948136586139418
6,8,1.8988900715654546,0.31161785885741716,4166,2.149166856493269,0.28211284513805523,833,2.1518828899045532,0.2829,0.9742236304728761,0.08331864301543145,,,0.98,,0.9800300374643098,0.019969962535690167,0.9914125398055066,0.14602360824484414,10,0.025,0.15,0.9479703447185731,0.943247924649764,0.9388507215297922,0.9498383588162824,0.9463178437069021,0.9453097854659259,0.9393203814241475,0.94277920645288,1.0,0.9443765717669075,0.9438576734134245,0.9389043552736631
6,9,1.8815055222222299,0.32664426308209316,4166,2.1560724803379605,0.27490996398559425,833,2.1520218155052087,0.2827,0.972407057823124,0.08316717914859847,,,0.98,,0.9800300374643098,0.019969962535690167,0.9914125398055066,0.14602360824484414,10,0.025,0.15,0.9451153903090423,0.9409239255056141,0.9414455421492818,0.9456251324024808,0.9435467361050371,0.9445041391364254,0.9401717065622931,0.9385272718496065,0.9443765717669075,1.0,0.940521093340473,0.93492502371851
6,10,1.9140288970687174,0.30928948631781084,4166,2.1480158056531633,0.2929171668667467,833,2.1518491551845886,0.2831,0.973775213448105,0.0834165120403173,,,0.98,,0.9800300374643098,0.019969962535690167,0.9914125398055066,0.14602360824484414,10,0.025,0.15,0.9456899005834606,0.9460549368743459,0.9379390967773126,0.9458160506048278,0.944711307998279,0.9443779516353097,0.9370586711039118,0.9449815058057428,0.9438576734134245,0.940521093340473,1.0,0.9444090754380946
6,11,1.912188140190009,0.306985117618819,4166,2.1543526649475098,0.28691476590636256,833,2.1518469732018968,0.283,0.9723123533500724,0.08329601132853179,,,0.98,,0.9800300374643098,0.019969962535690167,0.9914125398055066,0.14602360824484414,10,0.025,0.15,0.9480723399470331,0.9375945213178907,0.9429188452980821,0.9450782710790394,0.9405203484612251,0.9420258705964288,0.9357876973685675,0.948136586139418,0.9389043552736631,0.93492502371851,0.9444090754380946,1.0
