round,client_id,client_i_training_loss,client_i_training_accuracy,client_i_training_dataset_size,client_i_evaluation_loss,client_i_evaluation_accuracy,client_i_evaluation_dataset_size,client_i_central_evaluation_loss,client_i_central_evaluation_accuracy,client_i_cosine_similarity,client_i_importance_coefficient,client_i_tanh_val,tanh_normalization_value,client_i_q,client_i_mask_order,client_i_v_nonzero_fraction,client_i_v_sparsity,client_i_v_cosine_similarity,client_i_reward_gradient_norm,local_epochs,learning_rate,gamma,client_0_cosine_similarity,client_1_cosine_similarity,client_2_cosine_similarity,client_3_cosine_similarity,client_4_cosine_similarity,client_5_cosine_similarity,client_6_cosine_similarity,client_7_cosine_similarity,client_8_cosine_similarity,client_9_cosine_similarity,client_10_cosine_similarity,client_11_cosine_similarity
0,0,2.2887644384846544,0.14946004319654427,4167,2.2983507088252475,0.1079136690647482,834,2.297500076173227,0.11,0.9597279909127128,0.08311808254729151,,,0.8740920941576975,,0.874114967569441,0.12588503243055904,0,0.1443159361469635,10,0.025,0.15,1.0,0.9494934337513784,0.9262263181817042,0.8642167166970353,0.9073953291989071,0.9155064172514817,0.9249479017540423,0.9098314740028268,0.9290169837404585,0.9024847808574584,0.9192951914663708,0.9331387765355065
0,1,2.291381167642998,0.14780417566594672,4167,2.296003682272775,0.1211031175059952,834,2.297500474543511,0.1099,0.9705303078068857,0.0840536266554278,,,0.9365255043840819,,0.9365582347213283,0.06344176527867174,0,0.14433043678348084,10,0.025,0.15,0.9494934337513784,1.0,0.9407029205139317,0.8695872834241829,0.921602256150386,0.9189392725025546,0.934787163127382,0.9339790574026537,0.9362010705908727,0.9317321558485985,0.9343094703368885,0.9349516293373188
0,2,2.287024322423068,0.1427885769138469,4167,2.2979001998901367,0.11870503597122302,834,2.2975043375280837,0.1099,0.9483388798154838,0.08213171861367373,,,0.8082672297130398,,0.8082883596573749,0.1917116403426251,0,0.14428658846408196,10,0.025,0.15,0.9262263181817042,0.9407029205139317,1.0,0.842826188426555,0.9108711131129039,0.9050106436193582,0.9219799119937264,0.8957992135206413,0.9137152127031737,0.8721511175643663,0.9283069456226803,0.8924506652252223
0,3,2.2909624699390294,0.12896568274538037,4167,2.300142526626587,0.09352517985611511,834,2.2975130141535893,0.11,0.9382574013631049,0.08125860334962202,,,0.75,,0.7500041260253173,0.2499958739746827,0,0.1442208447924086,10,0.025,0.15,0.8642167166970353,0.8695872834241829,0.842826188426555,1.0,0.9283604692370311,0.9195708319182612,0.9084619941631397,0.9148985465283759,0.9008208639372498,0.8964802474525269,0.8971429420161255,0.891272071763545
0,4,2.2907892949653395,0.15538756899448045,4167,2.296851703098842,0.12244897959183673,833,2.297500456435771,0.1099,0.9693499781257002,0.08395140317043755,,,0.9297036338622513,,0.929742040897163,0.07025795910283705,0,0.14433006623075442,10,0.025,0.15,0.9073953291989071,0.921602256150386,0.9108711131129039,0.9283604692370311,1.0,0.9344780167004871,0.9333076954394274,0.9365332992552963,0.9306550935051364,0.9200251412504012,0.9532552752600696,0.9161702662677192
0,5,2.2923586252963903,0.13546916246700264,4167,2.2963813032422746,0.12244897959183673,833,2.297500459453728,0.1099,0.9686976661938995,0.08389490912472108,,,0.9259335113197766,,0.9259708537571587,0.07402914624284129,0,0.14432983810066094,10,0.025,0.15,0.9155064172514817,0.9189392725025546,0.9050106436193582,0.9195708319182612,0.9344780167004871,1.0,0.9407863375800632,0.9200184469203596,0.9513452732697959,0.921620153838158,0.933206583283135,0.9246431969143729
0,6,2.2889620304107665,0.1275017998560115,4167,2.297851460320609,0.10444177671068428,833,2.297500474543511,0.1099,0.9705247197899965,0.08405314270033484,,,0.9364932077060449,,0.9365252265187899,0.06347477348121011,0,0.14433043677997598,10,0.025,0.15,0.9249479017540423,0.934787163127382,0.9219799119937264,0.9084619941631397,0.9333076954394274,0.9407863375800632,1.0,0.9383575824900138,0.9477419327381504,0.9099823953432287,0.9276462864177407,0.9182139265440451
0,7,2.292281124086091,0.14338852891768658,4167,2.2960261276790073,0.10084033613445378,833,2.2974992854685725,0.11,0.9641847984431644,0.08350406826378726,,,0.8998507990332062,,0.8998778696506082,0.10012213034939177,0,0.14432166676686425,10,0.025,0.15,0.9098314740028268,0.9339790574026537,0.8957992135206413,0.9148985465283759,0.9365332992552963,0.9200184469203596,0.9383575824900138,1.0,0.925675973550209,0.9112171427129675,0.931349972144988,0.9153492023738155
0,8,2.292545052730676,0.1444791166586654,4166,2.297879798071725,0.09723889555822329,833,2.2975005499924284,0.1099,0.9728616840745541,0.08425553753736485,,,0.9499999999332651,,0.9500173293063326,0.04998267069366735,0,0.14433148804729484,10,0.025,0.15,0.9290169837404585,0.9362010705908727,0.9137152127031737,0.9008208639372498,0.9306550935051364,0.9513452732697959,0.9477419327381504,0.925675973550209,1.0,0.9348730232058879,0.9389939115149064,0.9241781961412958
0,9,2.2924264069759483,0.15256841094575133,4166,2.2956831455230713,0.10324129651860744,833,2.297501132458071,0.11,0.9545393465953225,0.08266871546540487,,,0.8441036423875807,,0.8441435196646366,0.15585648033536337,0,0.14430746907639974,10,0.025,0.15,0.9024847808574584,0.9317321558485985,0.8721511175643663,0.8964802474525269,0.9200251412504012,0.921620153838158,0.9099823953432287,0.9112171427129675,0.9348730232058879,1.0,0.9204924060487877,0.9006058490502132
0,10,2.290052142287746,0.1586173787806049,4166,2.2975755078451976,0.10804321728691477,833,2.297500474543511,0.1099,0.9705344799382103,0.08405398798651235,,,0.9365496177654107,,0.9365747388225975,0.06342526117740255,0,0.14433043678580348,10,0.025,0.15,0.9192951914663708,0.9343094703368885,0.9283069456226803,0.8971429420161255,0.9532552752600696,0.933206583283135,0.9276462864177407,0.931349972144988,0.9389939115149064,0.9204924060487877,1.0,0.9223456099377363
0,11,2.291585670817982,0.14479116658665386,4166,2.2973905631474087,0.11884753901560624,833,2.2975001274784908,0.11,0.9590135132658902,0.08305620458542202,,,0.8699626766948839,,0.8699971943027842,0.13000280569721578,0,0.14431503395290834,10,0.025,0.15,0.9331387765355065,0.9349516293373188,0.8924506652252223,0.891272071763545,0.9161702662677192,0.9246431969143729,0.9182139265440451,0.9153492023738155,0.9241781961412958,0.9006058490502132,0.9223456099377363,1.0
1,0,2.167113713423411,0.2179745620350372,4167,2.2876840318952287,0.1510791366906475,834,2.2871053973330726,0.1528,0.982700086111756,0.08310575781026114,,,0.861676395825863,,0.8617121354656632,0.13828786453433684,0.8396602686310166,0.14777606666995566,10,0.025,0.15,1.0,0.9710647104589141,0.964949788189402,0.9569199945929634,0.965323127714666,0.9713835437517178,0.9677922763206478,0.9615614862185509,0.9714806247489025,0.9612442736222284,0.9656726476625306,0.9654221417315294
1,1,2.175259018305576,0.21274298056155508,4167,2.2855702468327115,0.1630695443645084,834,2.2870910801465,0.1521,0.9887265576196964,0.08387785419008087,,,0.9351370002890066,,0.935180142265353,0.06481985773464705,0.8402042132478765,0.14783586335801177,10,0.025,0.15,0.9710647104589141,1.0,0.9727327620209189,0.9678602927055334,0.9768464225572209,0.9739023998591074,0.9718348901113345,0.9734050676796178,0.9775709418717982,0.9723861930562009,0.9658972782545799,0.9705279860488405
1,2,2.15135246406902,0.2234221262299016,4167,2.2872108731951033,0.14268585131894485,834,2.2871243863166133,0.1525,0.9827398703025871,0.08249912010245819,,,0.8039582483638256,,0.8039890412767573,0.1960109587232427,0.8389365301761724,0.1476806875191476,10,0.025,0.15,0.964949788189402,0.9727327620209189,1.0,0.956907458240332,0.9700115149295409,0.9696357610322545,0.96775862637129,0.9610941612266929,0.9699624600274976,0.9628281173801019,0.9662975419708513,0.9614963421489803
1,3,2.1844635063951667,0.2068394528437725,4167,2.290632997240339,0.14268585131894485,834,2.287154469308974,0.1512,0.9818461664437397,0.08193200023559097,,,0.75,,0.7500041260253173,0.2499958739746827,0.8384376771626556,0.14753719717201422,10,0.025,0.15,0.9569199945929634,0.9678602927055334,0.956907458240332,1.0,0.9711120440464155,0.9677942158381457,0.9634842754039111,0.9699650000410037,0.9697050395207039,0.9672999586896259,0.957916548038456,0.9647568856940117
1,4,2.1740338166554767,0.2214542836573074,4167,2.286949634552002,0.14645858343337334,833,2.2870926887174194,0.1521,0.9883462880139925,0.08380251512594854,,,0.9279689143667014,,0.9280091102639005,0.07199088973609946,0.8401426762115972,0.14783312886237393,10,0.025,0.15,0.965323127714666,0.9768464225572209,0.9700115149295409,0.9711120440464155,1.0,0.9762586670717461,0.9724234729990164,0.9762001518937774,0.9743708890409658,0.9700473551282369,0.9698448916894636,0.967092468191711
1,5,2.1781859387050977,0.21495080393568514,4167,2.286220516477312,0.15486194477791115,833,2.287093023710613,0.1522,0.9890691351380877,0.08379114412211734,,,0.9268870276532999,,0.9269363436814049,0.07306365631859513,0.8401274846005398,0.1478328030448452,10,0.025,0.15,0.9713835437517178,0.9739023998591074,0.9696357610322545,0.9677942158381457,0.9762586670717461,1.0,0.972171710106347,0.9696500278508926,0.9817341834767261,0.969465038450133,0.9725177402000957,0.9734640982222925
1,6,2.165825152758396,0.21771058315334774,4167,2.2876553194863454,0.14645858343337334,833,2.2870929995669593,0.1521,0.9859353927417145,0.0837870145490183,,,0.9264941221249752,,0.9265402452509448,0.0734597547490552,0.8401490836150234,0.147832476720609,10,0.025,0.15,0.9677922763206478,0.9718348901113345,0.96775862637129,0.9634842754039111,0.9724234729990164,0.972171710106347,1.0,0.9684373945213615,0.9753797992281554,0.9684391149659998,0.9665003425179923,0.9666340864297572
1,7,2.188529779694297,0.21401487880969522,4167,2.285593475614275,0.15366146458583432,833,2.28709472583819,0.1529,0.9857521987587196,0.08344265952428659,,,0.8937306887921855,,0.893771352181017,0.106228647818983,0.8399130961685545,0.14781354033671767,10,0.025,0.15,0.9615614862185509,0.9734050676796178,0.9610941612266929,0.9699650000410037,0.9762001518937774,0.9696500278508926,0.9684373945213615,1.0,0.9703536431253458,0.969792434593375,0.9688880881201053,0.9696300179809563
1,8,2.1785638718894034,0.21869899183869418,4166,2.2870627471378873,0.15486194477791115,833,2.2870911737031574,0.1522,0.9897059788162592,0.0840340694605721,,,0.9499999999048556,,0.9500173293063326,0.04998267069366735,0.8401724022795369,0.1478443472758304,10,0.025,0.15,0.9714806247489025,0.9775709418717982,0.9699624600274976,0.9697050395207039,0.9743708890409658,0.9817341834767261,0.9753797992281554,0.9703536431253458,1.0,0.974089275080828,0.9700297132871571,0.9708094523324202
1,9,2.180012805895372,0.2187229956793087,4166,2.2851878574916293,0.15846338535414164,833,2.28711003291456,0.1529,0.9848009355256202,0.08289694675303819,,,0.8418092045229228,,0.8418577016388572,0.1581422983611428,0.8395630799222371,0.14775441575647774,10,0.025,0.15,0.9612442736222284,0.9723861930562009,0.9628281173801019,0.9672999586896259,0.9700473551282369,0.969465038450133,0.9684391149659998,0.969792434593375,0.974089275080828,1.0,0.9655103360264099,0.9669192254375438
1,10,2.1677858424909187,0.22894863178108496,4166,2.2874366555895125,0.15606242496998798,833,2.2870934100090703,0.1522,0.9836406634366863,0.08371309781680923,,,0.9194613630421182,,0.919517750160915,0.08048224983908503,0.8401483995305983,0.14782967613672626,10,0.025,0.15,0.9656726476625306,0.9658972782545799,0.9662975419708513,0.957916548038456,0.9698448916894636,0.9725177402000957,0.9665003425179923,0.9688880881201053,0.9700297132871571,0.9655103360264099,1.0,0.9645700133690212
1,11,2.182231420097929,0.20772923667786847,4166,2.2865836960928783,0.1608643457382953,833,2.287105644805522,0.1528,0.9842476242238322,0.08311782030981864,,,0.8628240744473289,,0.8628674225545048,0.13713257744549523,0.8396468104065935,0.1477769138549665,10,0.025,0.15,0.9654221417315294,0.9705279860488405,0.9614963421489803,0.9647568856940117,0.967092468191711,0.9734640982222925,0.9666340864297572,0.9696300179809563,0.9708094523324202,0.9669192254375438,0.9645700133690212,1.0
2,0,2.065888463005875,0.26179505639548833,4167,2.2706421443394254,0.2170263788968825,834,2.2707562416414673,0.2206,0.9815264910346502,0.08314913362144583,,,0.8501456186452984,,0.8501922727797858,0.14980772722021418,0.9640563575881638,0.147374702724031,10,0.025,0.15,1.0,0.963410184925244,0.9611018616962658,0.9553900438212102,0.9605223212665742,0.9655711669958291,0.962717642753704,0.9628903716712583,0.9680294628188842,0.9588049833532022,0.9581753745168999,0.9599881224750851
2,1,2.0717930031545233,0.262107031437485,4167,2.2691948073250905,0.2434052757793765,834,2.2707222413413133,0.2209,0.9843790620754511,0.08371814441824113,,,0.9262724535988515,,0.9263174398838111,0.0736825601161889,0.9647386587644612,0.14742313816086344,10,0.025,0.15,0.963410184925244,1.0,0.9660595547116935,0.9654891360413438,0.9670704664761264,0.9617874741428256,0.9623163272859167,0.9695953713966664,0.9706830859283753,0.9641802528089309,0.9562656267072754,0.9632697265379965
2,2,2.050214179356893,0.27177825773938086,4167,2.270132405417306,0.20983213429256595,834,2.2707921010029466,0.2204,0.9824604918464277,0.08280517232723895,,,0.8041277138498704,,0.8041623343400836,0.19583766565991645,0.9639342662718278,0.14731460143296055,10,0.025,0.15,0.9611018616962658,0.9660595547116935,1.0,0.961800539415856,0.9622621673878553,0.9642668821726721,0.9622367357828095,0.9630252600961362,0.9655993545417806,0.9600599820404916,0.9616654181385764,0.9599243328069865
2,3,2.0838665994730863,0.25512359011279095,4167,2.275583335331508,0.19424460431654678,834,2.2708695689334144,0.2212,0.9807769881797634,0.08240059418333984,,,0.75,,0.7500041260253173,0.2499958739746827,0.9633727244018421,0.1471824859173804,10,0.025,0.15,0.9553900438212102,0.9654891360413438,0.961800539415856,1.0,0.9641136442329088,0.9597763694933824,0.9588411546961477,0.9618612847475041,0.9646996768695446,0.9623259230030557,0.9524139436995946,0.961782890111094
2,4,2.0745166222254436,0.2637149028077754,4167,2.2713213988712857,0.22328931572629052,833,2.270726031894925,0.2209,0.984117365784196,0.0836631625682426,,,0.9189165400663628,,0.9189566107177634,0.08104338928223664,0.9647133829210056,0.14742136041409548,10,0.025,0.15,0.9605223212665742,0.9670704664761264,0.9622621673878553,0.9641136442329088,1.0,0.9666031400904104,0.9636337025225463,0.9700346922856161,0.9671629363344696,0.962607171638001,0.9628622958563541,0.9600776490224364
2,5,2.0752111705866727,0.2589872810175186,4167,2.270036084311349,0.22088835534213686,833,2.2707262793673744,0.2209,0.9844979275315939,0.08366850484304517,,,0.9196312725010751,,0.919674539122972,0.08032546087702797,0.9647095217772168,0.147421595161128,10,0.025,0.15,0.9655711669958291,0.9617874741428256,0.9642668821726721,0.9597763694933824,0.9666031400904104,1.0,0.9615088680528139,0.9641769263046507,0.972188838252137,0.9621453659208549,0.9668218682422715,0.9665651619260879
2,6,2.0637232386704647,0.2664026877849772,4167,2.2715655054364885,0.21248499399759904,833,2.2707271153413795,0.2209,0.9814869496239498,0.08356818043692485,,,0.9062090675982004,,0.9062567047911406,0.09374329520885938,0.9646700505010617,0.1474171665620253,10,0.025,0.15,0.962717642753704,0.9623163272859167,0.9622367357828095,0.9588411546961477,0.9636337025225463,0.9615088680528139,1.0,0.9639969612644517,0.9671522796524783,0.9610633907578097,0.9541203897617835,0.9583562714713337
2,7,2.0863265138683897,0.2544756419486441,4167,2.269401720591954,0.226890756302521,833,2.270729215839241,0.2205,0.9846563464898691,0.08345863656566642,,,0.8915534085941346,,0.891576306712218,0.10842369328778201,0.9644414233306413,0.14740907834570913,10,0.025,0.15,0.9628903716712583,0.9695953713966664,0.9630252600961362,0.9618612847475041,0.9700346922856161,0.9641769263046507,0.9639969612644517,1.0,0.9656578044503555,0.9650430331414255,0.9600681179512338,0.9671142434021778
2,8,2.0705268773165617,0.2603216514642343,4166,2.2701383999415805,0.22208883553421369,833,2.2707187676731544,0.2211,0.9868724312300827,0.08389549620248155,,,0.9499999998662119,,0.9500173293063326,0.04998267069366735,0.964795771795781,0.14743064051600294,10,0.025,0.15,0.9680294628188842,0.9706830859283753,0.9655993545417806,0.9646996768695446,0.9671629363344696,0.972188838252137,0.9671522796524783,0.9656578044503555,1.0,0.9681961820098272,0.964510232979499,0.9655058007458086
2,9,2.077700240323038,0.25780124819971195,4166,2.2687398365565707,0.21968787515006002,833,2.2707662129703956,0.2205,0.9822995609887051,0.08304540275180143,,,0.8362676696898796,,0.8363123236124177,0.1636876763875823,0.9640488955086167,0.14736219379980597,10,0.025,0.15,0.9588049833532022,0.9641802528089309,0.9600599820404916,0.9623259230030557,0.962607171638001,0.9621453659208549,0.9610633907578097,0.9650430331414255,0.9681961820098272,1.0,0.9591414810867572,0.9623698236635643
2,10,2.06219703428673,0.26891502640422466,4166,2.271521840776716,0.24489795918367346,833,2.2707276434838017,0.2206,0.9795041374694846,0.08345818578831889,,,0.8914930999797293,,0.8915267944084105,0.10847320559158946,0.9645569387292215,0.14740907830111621,10,0.025,0.15,0.9581753745168999,0.9562656267072754,0.9616654181385764,0.9524139436995946,0.9628622958563541,0.9668218682422715,0.9541203897617835,0.9600681179512338,0.964510232979499,0.9591414810867572,1.0,0.9564540997134613
2,11,2.0844619797937796,0.250384061449832,4166,2.2698073387145996,0.22208883553421369,833,2.2707575031473666,0.2206,0.9819209744192421,0.08316938629325321,,,0.8528551837585312,,0.8528989453879289,0.14710105461207112,0.9640484313253773,0.14737670940782435,10,0.025,0.15,0.9599881224750851,0.9632697265379965,0.9599243328069865,0.961782890111094,0.9600776490224364,0.9665651619260879,0.9583562714713337,0.9671142434021778,0.9655058007458086,0.9623698236635643,0.9564540997134613,1.0
3,0,1.9986889091405002,0.2882649388048956,4167,2.2469284875052318,0.2577937649880096,834,2.2479076506216313,0.2624,0.9778985363233763,0.08317665251015144,,,0.8361364752233663,,0.8361885428528989,0.1638114571471011,0.9817724167645182,0.1468186354140297,10,0.025,0.15,1.0,0.9599025208418831,0.9536478091943297,0.9477503802713706,0.9541565158387074,0.9555069987683235,0.9556726874904697,0.9570384027410538,0.9617089503815397,0.9495833933896574,0.9470187300135656,0.9489089172283176
3,1,2.006330720944838,0.28584113270938327,4167,2.246473959514073,0.2841726618705036,834,2.24782198893873,0.2623,0.9814530186012209,0.08364382020217347,,,0.9185796280155971,,0.91862652869238,0.08137347130761996,0.9823991060593246,0.14687316251495705,10,0.025,0.15,0.9599025208418831,1.0,0.95765200690111,0.9557117173318447,0.9595253296288813,0.9564299461839315,0.954199334597932,0.9613125756186005,0.9654069326173396,0.9555911639871383,0.9483385390627423,0.9584188413269157
3,2,1.984274284767382,0.29421646268298535,4167,2.2462659903935025,0.2565947242206235,834,2.2479845813558073,0.2611,0.978001701080354,0.08296748262174992,,,0.7992233381132624,,0.799268868313776,0.20073113168622403,0.9814847674645053,0.14676265355588608,10,0.025,0.15,0.9536478091943297,0.95765200690111,1.0,0.9513449221200038,0.951817096954292,0.9564640596177851,0.9535694883004984,0.9539226483489722,0.9577355687647295,0.9510573205771017,0.9529555048785614,0.9522286391379808
3,3,2.0166077826962328,0.2805135589152868,4167,2.2545768192836215,0.22541966426858512,834,2.2481353011312364,0.2615,0.9771115382284354,0.08268855644678977,,,0.75,,0.7500041260253173,0.2499958739746827,0.9802630460025246,0.1466403540423045,10,0.025,0.15,0.9477503802713706,0.9557117173318447,0.9513449221200038,1.0,0.955833241657981,0.9544047642667455,0.949349297258061,0.9530505040695463,0.9565711334742165,0.955276215542697,0.9459765245702983,0.9569462433600024
3,4,2.0087094805457375,0.2861771058315335,4167,2.249321256365095,0.24969987995198079,833,2.2478314140174964,0.2624,0.9807202695827048,0.08358601957077431,,,0.9083792944580638,,0.908443498209305,0.09155650179069497,0.9823343402962851,0.1468703708814669,10,0.025,0.15,0.9541565158387074,0.9595253296288813,0.951817096954292,0.955833241657981,1.0,0.9610935655230136,0.9539667183459786,0.963059983420338,0.9597064322256044,0.9565789855487995,0.953482922867611,0.9546421960777214
3,5,2.0082525954102026,0.2820494360451164,4167,2.2472462313515797,0.25690276110444177,833,2.24782981148249,0.2624,0.981786939714908,0.08362400820532928,,,0.9150833171387154,,0.915127659223317,0.08487234077668304,0.9823839976144068,0.1468722770103178,10,0.025,0.15,0.9555069987683235,0.9564299461839315,0.9564640596177851,0.9544047642667455,0.9610935655230136,1.0,0.9533309350940162,0.9591447986284459,0.9644658730805095,0.9562061332995009,0.9578873065156348,0.9614720809182575
3,6,1.9991687193061367,0.29092872570194384,4167,2.248961959566389,0.25690276110444177,833,2.2478431116176556,0.2618,0.9766896446834044,0.08339625790251297,,,0.8748912119606099,,0.874907164430361,0.12509283556963902,0.982120212707401,0.14684815694618725,10,0.025,0.15,0.9556726874904697,0.954199334597932,0.9535694883004984,0.949349297258061,0.9539667183459786,0.9533309350940162,1.0,0.9563030698028772,0.9575175109483168,0.9510145548386818,0.9427631829940776,0.9488741950863937
3,7,2.020586443669868,0.27957763378929684,4167,2.2468868664332797,0.27130852340936373,833,2.2478406489649907,0.262,0.9811511597593683,0.08347366066619409,,,0.8885508206657489,,0.8885890643824991,0.11141093561750093,0.9822165738589985,0.1468625375118745,10,0.025,0.15,0.9570384027410538,0.9613125756186005,0.9539226483489722,0.9530505040695463,0.963059983420338,0.9591447986284459,0.9563030698028772,1.0,0.9570650307384703,0.957612616314234,0.9509263585529164,0.9595974544204247
3,8,2.003036139228127,0.2841334613538166,4166,2.246579647064209,0.2737094837935174,833,2.2478107017806814,0.2623,0.9835583223088386,0.08382186509835758,,,0.9499999998235256,,0.9500173293063326,0.04998267069366735,0.9824178234110251,0.14688198783262416,10,0.025,0.15,0.9617089503815397,0.9654069326173396,0.9577355687647295,0.9565711334742165,0.9597064322256044,0.9644658730805095,0.9575175109483168,0.9570650307384703,1.0,0.9620244284975674,0.9539054615247332,0.9610439115479508
3,9,2.0110117796695595,0.28161305808929427,4166,2.245532989501953,0.2605042016806723,833,2.247926850862141,0.2623,0.9784515772066567,0.08313054461040116,,,0.8279996098344349,,0.8280437688765658,0.17195623112343417,0.9816461137762331,0.14680960681561572,10,0.025,0.15,0.9495833933896574,0.9555911639871383,0.9510573205771017,0.955276215542697,0.9565789855487995,0.9562061332995009,0.9510145548386818,0.957612616314234,0.9620244284975674,1.0,0.9495151138734566,0.9530866866072321
3,10,1.997696255192612,0.29056649063850215,4166,2.2494699954986572,0.2845138055222089,833,2.247859740559059,0.2618,0.9746644805855406,0.08326243735093586,,,0.8512753062187974,,0.8513228037167236,0.14867719628327636,0.9819120067498835,0.14683236234649957,10,0.025,0.15,0.9470187300135656,0.9483385390627423,0.9529555048785614,0.9459765245702983,0.953482922867611,0.9578873065156348,0.9427631829940776,0.9509263585529164,0.9539054615247332,0.9495151138734566,1.0,0.9500492812763411
3,11,2.0211563431855404,0.2726116178588574,4166,2.2462072713034495,0.2665066026410564,833,2.2479040381274644,0.2623,0.9791140677124957,0.08322869481463024,,,0.8453206113121343,,0.8453730752091895,0.15462692479081053,0.9818522313679092,0.14682733527152708,10,0.025,0.15,0.9489089172283176,0.9584188413269157,0.9522286391379808,0.9569462433600024,0.9546421960777214,0.9614720809182575,0.9488741950863937,0.9595974544204247,0.9610439115479508,0.9530866866072321,0.9500492812763411,1.0
4,0,1.947868902394266,0.305879529637629,4167,2.217113052095686,0.2949640287769784,834,2.218978269190728,0.2974,0.9741554121161413,0.08318298224842066,,,0.95,,0.9500173293063326,0.04998267069366735,0.9873835078725901,0.14636881078647926,10,0.025,0.15,1.0,0.9532038423151413,0.9467065582155014,0.9425892431524844,0.9472727817178535,0.9477816446711754,0.9493678838381843,0.9487800857221622,0.9519719071412303,0.9405715788809028,0.94089097800953,0.9378190684486547
4,1,1.956046907829516,0.30556755459563234,4167,2.2178718703133717,0.31534772182254195,834,2.21885703787019,0.2979,0.9781849933928037,0.08360323484560987,,,0.95,,0.9500173293063326,0.04998267069366735,0.9875453099349326,0.14636881078647926,10,0.025,0.15,0.9532038423151413,1.0,0.9519494086176435,0.9512354377945839,0.9530933227336308,0.9493214306419963,0.94625260738721,0.9528953045081506,0.9584862602774061,0.9459154197627998,0.9420049745935298,0.949572899664748
4,2,1.9340145512060685,0.3113990880729542,4167,2.2162026337214877,0.29856115107913667,834,2.2190882435327843,0.2965,0.9750506380847053,0.08308272020996484,,,0.95,,0.9500173293063326,0.04998267069366735,0.9870255878970745,0.14636881078647926,10,0.025,0.15,0.9467065582155014,0.9519494086176435,1.0,0.9462985519146375,0.9444036254144146,0.9483652759514933,0.9471290981411608,0.9458018991825453,0.9508189752684971,0.9439395925837524,0.9474180717390576,0.944817068805622
4,3,1.9667503660375423,0.2959203263738901,4167,2.2276712145124162,0.2589928057553957,834,2.2192976836916767,0.2943,0.9753648609809487,0.08292038065414299,,,0.95,,0.9500173293063326,0.04998267069366735,0.9860470839893478,0.14636881078647926,10,0.025,0.15,0.9425892431524844,0.9512354377945839,0.9462985519146375,1.0,0.9502248394784337,0.9486636731230705,0.945896081622672,0.9466795873318933,0.9516760168303041,0.9483788094400296,0.9382502125103314,0.9515970205122215
4,4,1.9585982402165731,0.3044636429085673,4167,2.2215354783194408,0.28691476590636256,833,2.2188698792759376,0.2977,0.9772194114655375,0.08353603118944637,,,0.95,,0.9500173293063326,0.04998267069366735,0.9875593252059137,0.14636881078647926,10,0.025,0.15,0.9472727817178535,0.9530933227336308,0.9444036254144146,0.9502248394784337,1.0,0.9537506746160896,0.9476603475225934,0.9541012881263512,0.9528620032354574,0.9472936437729357,0.9458400338016661,0.946118901068342
4,5,1.9581086274349329,0.2992320614350852,4167,2.218221800667899,0.28331332533013204,833,2.2188676188263714,0.2978,0.9781912603519756,0.0835911812335724,,,0.95,,0.9500173293063326,0.04998267069366735,0.987549036740076,0.14636881078647926,10,0.025,0.15,0.9477816446711754,0.9493214306419963,0.9483652759514933,0.9486636731230705,0.9537506746160896,1.0,0.947961835982477,0.9507665364274037,0.9574326818821494,0.9469788206239547,0.9491139956953553,0.9538544367091717
4,6,1.9456259702191208,0.31108711303095754,4167,2.2202521732875278,0.2929171668667467,833,2.218887546394445,0.2975,0.9741505261519171,0.08331869301993808,,,0.95,,0.9500173293063326,0.04998267069366735,0.9874682841876546,0.14636881078647926,10,0.025,0.15,0.9493678838381843,0.94625260738721,0.9471290981411608,0.945896081622672,0.9476603475225934,0.947961835982477,1.0,0.9508640363096805,0.9503074740892042,0.9432415698574521,0.9366205787912736,0.9415287219960103
4,7,1.9699679226586313,0.2977441804655628,4167,2.218487433024815,0.30612244897959184,833,2.2188843383064754,0.2971,0.977312903112985,0.08346955910979663,,,0.95,,0.9500173293063326,0.04998267069366735,0.9875221603735317,0.14636881078647926,10,0.025,0.15,0.9487800857221622,0.9528953045081506,0.9458018991825453,0.9466795873318933,0.9541012881263512,0.9507665364274037,0.9508640363096805,1.0,0.9482156524252906,0.9492097213287876,0.9445302874512659,0.9519620961687204
4,8,1.9515524524630923,0.299807969275084,4166,2.216886145727975,0.3097238895558223,833,2.2188384442389766,0.2978,0.9799091133098293,0.08376953403364114,,,0.95,,0.9500173293063326,0.04998267069366735,0.9875906678810255,0.14636881078647926,10,0.025,0.15,0.9519719071412303,0.9584862602774061,0.9508189752684971,0.9516760168303041,0.9528620032354574,0.9574326818821494,0.9503074740892042,0.9482156524252906,1.0,0.9544502926286351,0.9445697753038355,0.9532408710938954
4,9,1.964735829107689,0.29824771963514163,4166,2.2163539273398265,0.3013205282112845,833,2.2190046642400043,0.2975,0.9740309734840502,0.083150403171774,,,0.95,,0.9500173293063326,0.04998267069366735,0.9873423184911859,0.14636881078647926,10,0.025,0.15,0.9405715788809028,0.9459154197627998,0.9439395925837524,0.9483788094400296,0.9472936437729357,0.9469788206239547,0.9432415698574521,0.9492097213287876,0.9544502926286351,1.0,0.9427478621806994,0.9428638389930785
4,10,1.947893546928059,0.307273163706193,4166,2.2214720249176025,0.3169267707082833,833,2.218910609619527,0.2979,0.9712217282871991,0.08314052731414556,,,0.95,,0.9500173293063326,0.04998267069366735,0.9874297104387608,0.14636881078647926,10,0.025,0.15,0.94089097800953,0.9420049745935298,0.9474180717390576,0.9382502125103314,0.9458400338016661,0.9491139956953553,0.9366205787912736,0.9445302874512659,0.9445697753038355,0.9427478621806994,1.0,0.9406356265243558
4,11,1.9703403877489494,0.2901824291886702,4166,2.21618846484593,0.30612244897959184,833,2.218973331813571,0.2974,0.9747564637912179,0.08323475296954766,,,0.95,,0.9500173293063326,0.04998267069366735,0.9873913023868955,0.14636881078647926,10,0.025,0.15,0.9378190684486547,0.949572899664748,0.944817068805622,0.9515970205122215,0.946118901068342,0.9538544367091717,0.9415287219960103,0.9519620961687204,0.9532408710938954,0.9428638389930785,0.9406356265243558,1.0
5,0,1.9062447233633562,0.3193184545236381,4167,2.1818628311157227,0.30335731414868106,834,2.184595759910873,0.314,0.9706229289967667,0.08317655371104495,,,0.95,,0.9500173293063326,0.04998267069366735,0.9907919857431398,0.14588515750993694,10,0.025,0.15,1.0,0.9446402694914348,0.938586997937426,0.9365703465375488,0.9394630808347364,0.9411982140663695,0.9425350446024696,0.9404294004477204,0.9468802779073882,0.9332349834718774,0.9339956131088661,0.9305516745630467
5,1,1.9116659550955801,0.3171346292296616,4167,2.18402327810015,0.32973621103117506,834,2.184436493282077,0.3147,0.9734183642357285,0.08352803460341568,,,0.95,,0.9500173293063326,0.04998267069366735,0.9907919857431398,0.14588515750993694,10,0.025,0.15,0.9446402694914348,1.0,0.9403563979455263,0.9441823063685006,0.9438452676305713,0.940732613609724,0.9383977127685967,0.9433722303509833,0.9506586388095393,0.9370876657796238,0.9347970252183311,0.9423948133840214
5,2,1.897190846457626,0.32174226061915046,4167,2.1807051726749966,0.3261390887290168,834,2.184743298759943,0.3139,0.971775345611831,0.08315201702755676,,,0.95,,0.9500173293063326,0.04998267069366735,0.9907919857431398,0.14588515750993694,10,0.025,0.15,0.938586997937426,0.9403563979455263,1.0,0.9400261910215432,0.9367397960936823,0.9421176717444166,0.9415691765607506,0.939582386823206,0.9436231143359861,0.9367426968008017,0.9428969734509554,0.939460065265187
5,3,1.924186519059268,0.3113990880729542,4167,2.195644276482718,0.29136690647482016,834,2.185015796106073,0.3135,0.9730909493227768,0.08309434516376421,,,0.95,,0.9500173293063326,0.04998267069366735,0.9907919857431398,0.14588515750993694,10,0.025,0.15,0.9365703465375488,0.9441823063685006,0.9400261910215432,1.0,0.9420616355480806,0.9429065387817317,0.941578025462565,0.9401901771431832,0.9442826846451078,0.9428394162480667,0.9359107915522934,0.946594334797971
5,4,1.9189081329287905,0.31571874250059995,4167,2.1883911405290877,0.3097238895558223,833,2.1844525246680537,0.3146,0.9734276086331708,0.08348670470589434,,,0.95,,0.9500173293063326,0.04998267069366735,0.9907919857431398,0.14588515750993694,10,0.025,0.15,0.9394630808347364,0.9438452676305713,0.9367397960936823,0.9420616355480806,1.0,0.9469578338546598,0.9407289556823537,0.9461094363991306,0.9460715449600635,0.9393305170723913,0.9397777449560182,0.9395153029649683
5,5,1.9147189364288792,0.3111831053515719,4167,2.183589288166591,0.30732292917166865,833,2.1844497934172424,0.3146,0.9752986621486754,0.0835818732385372,,,0.95,,0.9500173293063326,0.04998267069366735,0.9907919857431398,0.14588515750993694,10,0.025,0.15,0.9411982140663695,0.940732613609724,0.9421176717444166,0.9429065387817317,0.9469578338546598,1.0,0.9414885150141985,0.9441505995136876,0.9493996617633613,0.9425726791038758,0.9439860315626696,0.9469377511742676
5,6,1.9024873021877173,0.3261099112071034,4167,2.1859495299203053,0.31092436974789917,833,2.1844764721544485,0.3147,0.9710699661663835,0.08327519907291792,,,0.95,,0.9500173293063326,0.04998267069366735,0.9907919857431398,0.14588515750993694,10,0.025,0.15,0.9425350446024696,0.9383977127685967,0.9415691765607506,0.941578025462565,0.9407289556823537,0.9414885150141985,1.0,0.9439828553169173,0.9426289402343345,0.9349782336656264,0.9295162038812822,0.9358722308484053
5,7,1.9300221873052192,0.31005519558435324,4167,2.1847868987492154,0.33013205282112845,833,2.1844734541977506,0.3141,0.9737047470571528,0.08345456247482635,,,0.95,,0.9500173293063326,0.04998267069366735,0.9907919857431398,0.14588515750993694,10,0.025,0.15,0.9404294004477204,0.9433722303509833,0.939582386823206,0.9401901771431832,0.9461094363991306,0.9441505995136876,0.9439828553169173,1.0,0.9415169498809786,0.9406636548078212,0.9386318676960382,0.9452917686998759
5,8,1.9095083048849395,0.31356216994719155,4166,2.1815041473933627,0.31932773109243695,833,2.18441005296345,0.3146,0.976656159774547,0.08373661930541243,,,0.95,,0.9500173293063326,0.04998267069366735,0.9907919857431398,0.14588515750993694,10,0.025,0.15,0.9468802779073882,0.9506586388095393,0.9436231143359861,0.9442826846451078,0.9460715449600635,0.9493996617633613,0.9426289402343345,0.9415169498809786,1.0,0.9486618821411359,0.9380370096288779,0.9464174902117435
5,9,1.9209642056262854,0.31118578972635624,4166,2.181893757411412,0.3085234093637455,833,2.1846300831323937,0.3139,0.9706814290120173,0.0831582789790261,,,0.95,,0.9500173293063326,0.04998267069366735,0.9907919857431398,0.14588515750993694,10,0.025,0.15,0.9332349834718774,0.9370876657796238,0.9367426968008017,0.9428394162480667,0.9393305170723913,0.9425726791038758,0.9349782336656264,0.9406636548078212,0.9486618821411359,1.0,0.9367871781987812,0.9359437013176476
5,10,1.9033329342350815,0.32251560249639943,4166,2.1883484295436313,0.3157262905162065,833,2.184506271458879,0.3144,0.9690864196688485,0.08310015708639983,,,0.95,,0.9500173293063326,0.04998267069366735,0.9907919857431398,0.14588515750993694,10,0.025,0.15,0.9339956131088661,0.9347970252183311,0.9428969734509554,0.9359107915522934,0.9397777449560182,0.9439860315626696,0.9295162038812822,0.9386318676960382,0.9380370096288779,0.9367871781987812,1.0,0.9359438652294575
5,11,1.9287160981785167,0.3046327412385982,4166,2.1803666864122664,0.31812725090036015,833,2.1845893045014972,0.3141,0.9720653815462719,0.08325565463120418,,,0.95,,0.9500173293063326,0.04998267069366735,0.9907919857431398,0.14588515750993694,10,0.025,0.15,0.9305516745630467,0.9423948133840214,0.939460065265187,0.946594334797971,0.9395153029649683,0.9469377511742676,0.9358722308484053,0.9452917686998759,0.9464174902117435,0.9359437013176476,0.9359438652294575,1.0
6,0,1.8679621129324941,0.332421406287497,4167,2.1425428049904958,0.30815347721822545,834,2.1458429777169528,0.3248,0.9670371028924432,0.08317213255800658,,,0.95,,0.9500173293063326,0.04998267069366735,0.9928503416564468,0.14534863490282945,10,0.025,0.15,1.0,0.9353222606133734,0.9319426102621465,0.9287101092702023,0.9330404369738698,0.9331361288759973,0.9349213484784522,0.9339446212867165,0.938019718883057,0.9261389868450778,0.9274080500026132,0.9221521893667083
6,1,1.8759722077485286,0.33112550995920326,4167,2.1457631247384206,0.33093525179856115,834,2.1456465841848638,0.3251,0.9682223095213452,0.08342887009647727,,,0.95,,0.9500173293063326,0.04998267069366735,0.9928503416564468,0.14534863490282945,10,0.025,0.15,0.9353222606133734,1.0,0.932627909596402,0.935198300420917,0.9357823931924147,0.9312678104626115,0.9273192640715977,0.9334639495981222,0.9405931516738262,0.9284109843282948,0.9266758116980297,0.9315984921249114
6,2,1.8590626853885073,0.33498920086393086,4167,2.140898977007185,0.33573141486810554,834,2.146031717710857,0.3247,0.9687269446314316,0.08321208446121675,,,0.95,,0.9500173293063326,0.04998267069366735,0.9928503416564468,0.14534863490282945,10,0.025,0.15,0.9319426102621465,0.932627909596402,1.0,0.9327990413593487,0.9304799690903605,0.9343630228084923,0.9334139689251556,0.9325819910390578,0.9365497604534665,0.9310689615915597,0.9364783151130902,0.9321725987590291
6,3,1.885363829497135,0.31970242380609554,4167,2.159515993935721,0.30935251798561153,834,2.1463705587990676,0.324,0.9703376059975295,0.08322889577289319,,,0.95,,0.9500173293063326,0.04998267069366735,0.9928503416564468,0.14534863490282945,10,0.025,0.15,0.9287101092702023,0.935198300420917,0.9327990413593487,1.0,0.9345150060407593,0.9378086227081394,0.9359822323166807,0.9350069329151033,0.9342949012740195,0.9390570051286132,0.9296744860173403,0.9401913788046176
6,4,1.8801904392964912,0.3277417806575474,4167,2.1508401462009976,0.3169267707082833,833,2.145665367947349,0.325,0.9698108316744942,0.0834550962785411,,,0.95,,0.9500173293063326,0.04998267069366735,0.9928503416564468,0.14534863490282945,10,0.025,0.15,0.9330404369738698,0.9357823931924147,0.9304799690903605,0.9345150060407593,1.0,0.9379154456782689,0.9336794848317337,0.9378659649198392,0.9401105586504304,0.9309016635618855,0.932784563076483,0.9296781571326269
6,5,1.881417382847179,0.3236381089512839,4167,2.144550051007952,0.32292917166866747,833,2.145662045177025,0.3251,0.971693288474165,0.08357559599679844,,,0.95,,0.9500173293063326,0.04998267069366735,0.9928503416564468,0.14534863490282945,10,0.025,0.15,0.9331361288759973,0.9312678104626115,0.9343630228084923,0.9378086227081394,0.9379154456782689,1.0,0.9372829299183797,0.9361533270987097,0.941163855512993,0.935258653095529,0.9358205554666335,0.9384559339555789
6,6,1.8657641244657113,0.33587712982961365,4167,2.1467977932521274,0.3289315726290516,833,2.1456962899316716,0.3251,0.9682546111233558,0.08327307860445436,,,0.95,,0.9500173293063326,0.04998267069366735,0.9928503416564468,0.14534863490282945,10,0.025,0.15,0.9349213484784522,0.9273192640715977,0.9334139689251556,0.9359822323166807,0.9336794848317337,0.9372829299183797,1.0,0.9385621189078948,0.9343789217049571,0.9287183261773237,0.9246117801119974,0.9299912315675559
6,7,1.889224275675687,0.32356611471082314,4167,2.1466892106192454,0.3385354141656663,833,2.145692351498181,0.3249,0.9703613694160503,0.0834531319075767,,,0.95,,0.9500173293063326,0.04998267069366735,0.9928503416564468,0.14534863490282945,10,0.025,0.15,0.9339446212867165,0.9334639495981222,0.9325819910390578,0.9350069329151033,0.9378659649198392,0.9361533270987097,0.9385621189078948,1.0,0.9344218257768203,0.9340311008515646,0.9290861673402759,0.9381146370979143
6,8,1.8737226421182807,0.3252520403264522,4166,2.1417461803981235,0.3385354141656663,833,2.145610359650624,0.325,0.9724835702010081,0.08369739511910274,,,0.95,,0.9500173293063326,0.04998267069366735,0.9928503416564468,0.14534863490282945,10,0.025,0.15,0.938019718883057,0.9405931516738262,0.9365497604534665,0.9342949012740195,0.9401105586504304,0.941163855512993,0.9343789217049571,0.9344218257768203,1.0,0.9428339512532846,0.9285688787642383,0.936743450015091
6,9,1.8842044949531556,0.32078732597215553,4166,2.1429669516427174,0.32292917166866747,833,2.145885542978214,0.3246,0.9677480994863892,0.08318400983766681,,,0.95,,0.9500173293063326,0.04998267069366735,0.9928503416564468,0.14534863490282945,10,0.025,0.15,0.9261389868450778,0.9284109843282948,0.9310689615915597,0.9390570051286132,0.9309016635618855,0.935258653095529,0.9287183261773237,0.9340311008515646,0.9428339512532846,1.0,0.9290663113662074,0.9275576255241669
6,10,1.8683377703030903,0.3328612578012482,4166,2.1511075496673584,0.32533013205282113,833,2.145732297173029,0.3251,0.965488460703298,0.08307417698462892,,,0.95,,0.9500173293063326,0.04998267069366735,0.9928503416564468,0.14534863490282945,10,0.025,0.15,0.9274080500026132,0.9266758116980297,0.9364783151130902,0.9296744860173403,0.932784563076483,0.9358205554666335,0.9246117801119974,0.9290861673402759,0.9285688787642383,0.9290663113662074,1.0,0.9267018034361223
