round,client_id,client_i_training_loss,client_i_training_accuracy,client_i_training_dataset_size,client_i_evaluation_loss,client_i_evaluation_accuracy,client_i_evaluation_dataset_size,client_i_central_evaluation_loss,client_i_central_evaluation_accuracy,client_i_cosine_similarity,client_i_importance_coefficient,client_i_tanh_val,tanh_normalization_value,client_i_q,client_i_mask_order,client_i_v_nonzero_fraction,client_i_v_sparsity,client_i_v_cosine_similarity,client_i_reward_gradient_norm,local_epochs,learning_rate,gamma,client_0_cosine_similarity,client_1_cosine_similarity,client_2_cosine_similarity,client_3_cosine_similarity,client_4_cosine_similarity,client_5_cosine_similarity,client_6_cosine_similarity,client_7_cosine_similarity,client_8_cosine_similarity,client_9_cosine_similarity,client_10_cosine_similarity,client_11_cosine_similarity
0,0,0.3549066714349256,0.8886,5000,2.1870092727519848,0.3393285371702638,834,2.191733866834793,0.3091,0.7867776223342212,0.08279635732916175,,,0.6319400556657406,,0.6319562270970333,0.36804377290296675,0,0.3945389480423537,5,0.1,0.5,1.0,0.5803474997807515,0.5967370760342157,0.5872390363100359,0.6013406589028321,0.5941402635941033,0.5798107867815749,0.577969470251073,0.6047137304098911,0.5884148291424248,0.5803156708118726,0.5853751007114619
0,1,0.343029023975039,0.89316,5000,2.196196538430673,0.29256594724220625,834,2.191064868872158,0.312,0.7949887888592289,0.08366045749977512,,,0.8613353479005749,,0.8613523417499122,0.13864765825008785,0,0.39589676540158025,5,0.1,0.5,0.5803474997807515,1.0,0.5903096891231459,0.5880820178476182,0.5975697508308777,0.6021373073595604,0.6082269570787253,0.5956098854099939,0.6056602832823231,0.6015407421728455,0.5899998961665021,0.5949472181028679
0,2,0.3443066399236014,0.89284,5000,2.196221625363385,0.30335731414868106,834,2.191373914194564,0.3105,0.789457058843406,0.08307832719759431,,,0.7067954515680354,,0.7068119070327795,0.2931880929672205,0,0.3953408967505428,5,0.1,0.5,0.5967370760342157,0.5903096891231459,1.0,0.5931728911470485,0.5964296769438943,0.6020766518378996,0.5927015518831851,0.5864731995119359,0.5880931257144124,0.5908266175562843,0.5757761697772755,0.5892689860027558
0,3,0.3455840987527067,0.89256,5000,2.189284677858706,0.3105515587529976,834,2.1912378038461218,0.3118,0.7918160899092939,0.08332657927484882,,,0.7726996832143275,,0.7727122132423071,0.2272877867576929,0,0.3957005025335892,5,0.1,0.5,0.5872390363100359,0.5880820178476182,0.5931728911470485,1.0,0.6057443683640461,0.6038096956844988,0.595139316177301,0.5873484593743765,0.5931148877016797,0.5992394207711573,0.5873739586966983,0.584018424163145
0,4,0.33064504849018567,0.8966,5000,2.197763778545238,0.290516206482593,833,2.1910874089493917,0.3116,0.7988784220897013,0.0840697821344465,,,0.969999999734527,,0.9700015059484965,0.029998494051503455,0,0.3959397283969544,5,0.1,0.5,0.6013406589028321,0.5975697508308777,0.5964296769438943,0.6057443683640461,1.0,0.5990157605448532,0.5928096913614053,0.6020063715422274,0.6114383055102341,0.5992128283130579,0.5978755706752099,0.5879497483928849
0,5,0.34513055599846276,0.89008,5000,2.1899789615913674,0.3325330132052821,833,2.1910933572263382,0.3116,0.7975734330856793,0.08393245192471446,,,0.9335425325732936,,0.9335575523317102,0.06644244766828977,0,0.39593576229821786,5,0.1,0.5,0.5941402635941033,0.6021373073595604,0.6020766518378996,0.6038096956844988,0.5990157605448532,1.0,0.593813660446758,0.5969887902444637,0.5947858250315183,0.6092420287366933,0.591865165765628,0.5911168464544865
0,6,0.3361490216379048,0.89316,5000,2.1926150763476335,0.3217286914765906,833,2.1913742920080312,0.3107,0.7898630032432836,0.08312104666067248,,,0.7181363169563338,,0.7181516992118869,0.28184830078811307,0,0.3954217190248541,5,0.1,0.5,0.5798107867815749,0.6082269570787253,0.5927015518831851,0.595139316177301,0.5928096913614053,0.593813660446758,1.0,0.5815556740194333,0.5967041900412013,0.5798971775944087,0.5929398828456045,0.5921242602655421
0,7,0.34827297502642224,0.89128,5000,2.1942870087093778,0.304921968787515,833,2.191380102413531,0.3108,0.789417840937338,0.08307420011050853,,,0.7056998212460923,,0.7057175844586115,0.29428241554138845,0,0.39533312793983333,5,0.1,0.5,0.577969470251073,0.5956098854099939,0.5864731995119359,0.5873484593743765,0.6020063715422274,0.5969887902444637,0.5815556740194333,1.0,0.6010439323529133,0.6012259974004104,0.5878070406520658,0.5834641389450778
0,8,0.3441222025834878,0.89288,5000,2.1879977296899864,0.304921968787515,833,2.1910737825277895,0.3116,0.7952754925273963,0.08369062869260434,,,0.869344985939669,,0.8693539480949751,0.13064605190502487,0,0.39590430213703254,5,0.1,0.5,0.6047137304098911,0.6056602832823231,0.5880931257144124,0.5931148877016797,0.6114383055102341,0.5947858250315183,0.5967041900412013,0.6010439323529133,1.0,0.5988253359463088,0.5843488637243336,0.5784271880558496
0,9,0.34313153424033316,0.89128,5000,2.188532175841155,0.3277310924369748,833,2.1910921430435426,0.3117,0.7962169392880988,0.08378970162019252,,,0.8956461764145172,,0.8956628683299032,0.10433713167009684,0,0.39592262045102605,5,0.1,0.5,0.5884148291424248,0.6015407421728455,0.5908266175562843,0.5992394207711573,0.5992128283130579,0.6092420287366933,0.5798971775944087,0.6012259974004104,0.5988253359463088,1.0,0.5931399612135142,0.6045368854518264
0,10,0.3566083213112726,0.8864,5000,2.1951792858265065,0.3277310924369748,833,2.1921030652408784,0.3082,0.7856343333271351,0.0826760435804301,,,0.6,,0.6,0.4,0,0.3940203339156603,5,0.1,0.5,0.5803156708118726,0.5899998961665021,0.5757761697772755,0.5873739586966983,0.5978755706752099,0.591865165765628,0.5929398828456045,0.5878070406520658,0.5843488637243336,0.5931399612135142,1.0,0.5840977607880705
0,11,0.3447685145624694,0.89248,5000,2.1903828029279357,0.26770708283313327,833,2.1917708239997156,0.3087,0.7866642248820078,0.08278442397505106,,,0.6287720719681786,,0.6287836955976106,0.3712163044023894,0,0.3944943599629528,5,0.1,0.5,0.5853751007114619,0.5949472181028679,0.5892689860027558,0.584018424163145,0.5879497483928849,0.5911168464544865,0.5921242602655421,0.5834641389450778,0.5784271880558496,0.6045368854518264,0.5840977607880705,1.0
1,0,0.31198682723104193,0.90468,5000,2.0255461357257984,0.6822541966426858,834,2.031611123785805,0.6722,0.8067779548275061,0.08282987737260561,,,0.632700043695443,,0.6327192410019578,0.36728075899804224,0.9578280425148489,0.40408125446860516,5,0.1,0.5,1.0,0.6171194325722231,0.6238265342343113,0.6191141739977348,0.6257394079809482,0.6236190073806042,0.6302946465460032,0.6256926264081837,0.6264198068694659,0.6184170630733559,0.6184216763004052,0.6257834546691629
1,1,0.301534098850053,0.90716,5000,2.0364010819682368,0.6762589928057554,834,2.0298095838711285,0.6773,0.8025532002423854,0.08325424532810734,,,0.758513256076708,,0.7585261784046986,0.2414738215953014,0.960991243492426,0.40521787613374827,5,0.1,0.5,0.6171194325722231,1.0,0.6154309213744504,0.6233990750052569,0.6263717609193713,0.6203325757869774,0.6281029100113731,0.6155359721008844,0.6141285881720566,0.6065966317485593,0.6119475145676196,0.6304472746376705
1,2,0.3080169323505537,0.90468,5000,2.037650223131533,0.6822541966426858,834,2.0302853294835685,0.6763,0.8112527289656882,0.08317207539092741,,,0.7341521712592874,,0.7341699713869786,0.2658300286130214,0.9601086995538989,0.40509290212157306,5,0.1,0.5,0.6238265342343113,0.6154309213744504,1.0,0.625150887669317,0.6220146051412305,0.631831171825991,0.6311558674904588,0.638777499433534,0.6224001299164562,0.6326401981376459,0.6201952044007153,0.6333298431920343
1,3,0.30875335357086675,0.908,5000,2.0250812106662326,0.6810551558752997,834,2.0299438135311627,0.6763,0.8104962106995783,0.08330990789346221,,,0.7750156476119003,,0.7750363937553336,0.22496360624466638,0.9608909899679275,0.40528382646245065,5,0.1,0.5,0.6191141739977348,0.6233990750052569,0.625150887669317,1.0,0.624626226399367,0.6298046253211801,0.6250211158105858,0.6303531439711691,0.6252773693635828,0.6310441713090608,0.6264552449376887,0.6279254922856428
1,4,0.28419422609672235,0.9112,5000,2.0363803616276495,0.6890756302521008,833,2.029517866932927,0.6779,0.8152722046850788,0.08396759009778589,,,0.969999999703528,,0.9700015059484965,0.029998494051503455,0.9618106258135735,0.4055223243616112,5,0.1,0.5,0.6257394079809482,0.6263717609193713,0.6220146051412305,0.624626226399367,1.0,0.6369756350750384,0.632902874751284,0.6374672684055375,0.6365561289025473,0.6304395518984853,0.6288918503716125,0.6293164459898652
1,5,0.3078206379427782,0.9034,5000,2.026627858479818,0.65906362545018,833,2.029537693380167,0.6772,0.8135305788267526,0.0838161622325907,,,0.9251058791243263,,0.9251292605792882,0.07487073942071176,0.9617791907197218,0.4055166231745365,5,0.1,0.5,0.6236190073806042,0.6203325757869774,0.631831171825991,0.6298046253211801,0.6369756350750384,1.0,0.6311514939571589,0.6309152331869602,0.6271853472437551,0.6342565484853737,0.6166752610514924,0.6321599648809814
1,6,0.29437972605702983,0.90976,5000,2.033428978036951,0.6902761104441777,833,2.030128720088508,0.6754,0.8152133395582382,0.08333816890210097,,,0.7833942450905271,,0.7834044475678932,0.21659555243210682,0.9604189114681532,0.4053119843910744,5,0.1,0.5,0.6302946465460032,0.6281029100113731,0.6311558674904588,0.6250211158105858,0.632902874751284,0.6311514939571589,1.0,0.6396532653257956,0.6308325105463154,0.632158156099328,0.6290286531851522,0.6246916643488098
1,7,0.30718593051075743,0.90596,5000,2.0344887088846275,0.6710684273709484,833,2.0300986069840743,0.6757,0.8170883725781565,0.08337244885893104,,,0.7935572921188621,,0.7935695999196828,0.2064304000803172,0.9602766551347344,0.40534396161720065,5,0.1,0.5,0.6256926264081837,0.6155359721008844,0.638777499433534,0.6303531439711691,0.6374672684055375,0.6309152331869602,0.6396532653257956,1.0,0.6302050846815541,0.6368002318699839,0.6317215930339655,0.6364031100918708
1,8,0.30564360411683467,0.90824,5000,2.0254272045912565,0.6614645858343338,833,2.0295308081867596,0.6778,0.8101075956505046,0.08353711839825981,,,0.8423771981831668,,0.8423924501782039,0.15760754982179614,0.9615892531157826,0.4054512022633841,5,0.1,0.5,0.6264198068694659,0.6141285881720566,0.6224001299164562,0.6252773693635828,0.6365561289025473,0.6271853472437551,0.6308325105463154,0.6302050846815541,1.0,0.6231029492258737,0.6190387335745698,0.6275912381385278
1,9,0.3044566280253018,0.90372,5000,2.025273570307979,0.680672268907563,833,2.0295345935577784,0.6774,0.8120052591831081,0.08366867848807291,,,0.8813810798522835,,0.8813965162391446,0.11860348376085539,0.9617122429619975,0.40549491841757757,5,0.1,0.5,0.6184170630733559,0.6065966317485593,0.6326401981376459,0.6310441713090608,0.6304395518984853,0.6342565484853737,0.632158156099328,0.6368002318699839,0.6231029492258737,1.0,0.6294841434086744,0.6259275964377292
1,10,0.31508453192936764,0.90228,5000,2.0397858443083585,0.6842737094837935,833,2.0325082955649867,0.6686,0.8058948014087122,0.08271958012778366,,,0.6,,0.6,0.4,0.9569334476043792,0.4035131777439431,5,0.1,0.5,0.6184216763004052,0.6119475145676196,0.6201952044007153,0.6264552449376887,0.6288918503716125,0.6166752610514924,0.6290286531851522,0.6317215930339655,0.6190387335745698,0.6294841434086744,1.0,0.6144875309085897
1,11,0.3101292331827579,0.90456,5000,2.028698766673053,0.6554621848739496,833,2.031155828088998,0.6725,0.8122992114467452,0.08301414690937244,,,0.6873308000098124,,0.6873450128005623,0.31265498719943774,0.9580721868939545,0.404735234290414,5,0.1,0.5,0.6257834546691629,0.6304472746376705,0.6333298431920343,0.6279254922856428,0.6293164459898652,0.6321599648809814,0.6246916643488098,0.6364031100918708,0.6275912381385278,0.6259275964377292,0.6144875309085897,1.0
2,0,0.2887587858972015,0.91232,5000,1.8227999166206077,0.8441247002398081,834,1.8315046462007225,0.8385,0.8126599641488009,0.08306491326716743,,,0.97,,0.9700015059484965,0.029998494051503455,0.965025142806368,0.40540143739186346,5,0.1,0.5,1.0,0.6237951568478253,0.6311082635354236,0.626036737527945,0.6245128521917622,0.628929369272157,0.630445203147443,0.6231463005737161,0.6309657601623128,0.633837688079577,0.6279914926180706,0.628366892439519
2,1,0.27186195730798207,0.91968,5000,1.8368014229668512,0.8369304556354916,834,1.829281314112508,0.8401,0.8110802586009015,0.0832905784199159,,,0.97,,0.9700015059484965,0.029998494051503455,0.9679156256488044,0.40540143739186346,5,0.1,0.5,0.6237951568478253,1.0,0.6266905842603524,0.6305074043558341,0.6271418398714004,0.6261496313176843,0.6289597977392895,0.6142873293604274,0.6359416413543724,0.6282675729837215,0.623048293248577,0.6270224265195146
2,2,0.2724565599528942,0.91728,5000,1.8392903142505221,0.8393285371702638,834,1.829889191225314,0.8394,0.8138551576394897,0.08333282290750235,,,0.97,,0.9700015059484965,0.029998494051503455,0.9676146352299757,0.40540143739186346,5,0.1,0.5,0.6311082635354236,0.6266905842603524,1.0,0.6268762226886911,0.6262637084550062,0.6357724640791866,0.6311619047848631,0.6234363024381694,0.6257669703913402,0.6285576427992952,0.6384530793382832,0.6252113274714078
2,3,0.27781916503456366,0.91724,5000,1.8219921014927052,0.8525179856115108,834,1.829446037356465,0.84,0.8095469715042231,0.08327402068230536,,,0.97,,0.9700015059484965,0.029998494051503455,0.968065668296995,0.40540143739186346,5,0.1,0.5,0.626036737527945,0.6305074043558341,0.6268762226886911,1.0,0.6249148188473211,0.626461788928133,0.6249151493254774,0.612862612723688,0.6246594356763268,0.6312451302537248,0.6262827269430056,0.6219343931306884
2,4,0.2573332736084748,0.92236,5000,1.8365217756342005,0.843937575030012,833,1.828931520541255,0.8398,0.807944464694539,0.08365319157682392,,,0.97,,0.9700015059484965,0.029998494051503455,0.9686947606876517,0.40540143739186346,5,0.1,0.5,0.6245128521917622,0.6271418398714004,0.6262637084550062,0.6249148188473211,1.0,0.6292675979585072,0.621476826615877,0.6154170279887434,0.6212911159228625,0.6204496376430259,0.6300204105416525,0.6174196147515846
2,5,0.27681278181232655,0.91528,5000,1.8244645595550537,0.8379351740696278,833,1.8289555200753502,0.8398,0.8145609721054736,0.08378334893105543,,,0.97,,0.9700015059484965,0.029998494051503455,0.9686802444930385,0.40540143739186346,5,0.1,0.5,0.628929369272157,0.6261496313176843,0.6357724640791866,0.626461788928133,0.6292675979585072,1.0,0.6319776394533976,0.6163961037994287,0.6328795401657561,0.6320366225052519,0.6344932925665904,0.6289068113562363
2,6,0.26766433241083076,0.91904,5000,1.8352530885625769,0.8487394957983193,833,1.8296858674040237,0.8393,0.811234781547347,0.0833514587150326,,,0.97,,0.9700015059484965,0.029998494051503455,0.9681324699720717,0.40540143739186346,5,0.1,0.5,0.630445203147443,0.6289597977392895,0.6311619047848631,0.6249151493254774,0.621476826615877,0.6319776394533976,1.0,0.6197670054949115,0.6293905397822053,0.628318668744172,0.6296909702285133,0.6169178305078283
2,7,0.2804189223345298,0.91596,5000,1.8349731454142817,0.8319327731092437,833,1.8296795116065028,0.8394,0.8022393520227099,0.08306102342500041,,,0.97,,0.9700015059484965,0.029998494051503455,0.9682311117948366,0.40540143739186346,5,0.1,0.5,0.6231463005737161,0.6142873293604274,0.6234363024381694,0.612862612723688,0.6154170279887434,0.6163961037994287,0.6197670054949115,1.0,0.6097202741910569,0.6265474768563217,0.6229696966348626,0.6208735759462192
2,8,0.27519200152337886,0.91956,5000,1.8237593438890245,0.8223289315726291,833,1.8289613179124582,0.8398,0.8098533919559665,0.08343494908396845,,,0.97,,0.9700015059484965,0.029998494051503455,0.9685050634642132,0.40540143739186346,5,0.1,0.5,0.6309657601623128,0.6359416413543724,0.6257669703913402,0.6246594356763268,0.6212911159228625,0.6328795401657561,0.6293905397822053,0.6097202741910569,1.0,0.6216796265532625,0.6262932366555162,0.6201223231426217
2,9,0.2701160546676938,0.9164,5000,1.8243670110349302,0.8463385354141657,833,1.8289543820646244,0.8399,0.8142401572746153,0.08367464577288446,,,0.97,,0.9700015059484965,0.029998494051503455,0.9686359289327163,0.40540143739186346,5,0.1,0.5,0.633837688079577,0.6282675729837215,0.6285576427992952,0.6312451302537248,0.6204496376430259,0.6320366225052519,0.628318668744172,0.6265474768563217,0.6216796265532625,1.0,0.6419220558092069,0.628099165119844
2,10,0.2804910912718268,0.91236,5000,1.844197189366376,0.8259303721488596,833,1.832549624549695,0.8376,0.8145759288422809,0.0830586590027937,,,0.97,,0.9700015059484965,0.029998494051503455,0.9635887159773252,0.40540143739186346,5,0.1,0.5,0.6279914926180706,0.623048293248577,0.6384530793382832,0.6262827269430056,0.6300204105416525,0.6344932925665904,0.6296909702285133,0.6229696966348626,0.6262932366555162,0.6419220558092069,1.0,0.6270177717145811
2,11,0.27967133649927417,0.91568,5000,1.8285141123665705,0.8391356542617047,833,1.8309352611200498,0.8383,0.8078796528636345,0.08302038821554997,,,0.97,,0.9700015059484965,0.029998494051503455,0.9667670133808932,0.40540143739186346,5,0.1,0.5,0.628366892439519,0.6270224265195146,0.6252113274714078,0.6219343931306884,0.6174196147515846,0.6289068113562363,0.6169178305078283,0.6208735759462192,0.6201223231426217,0.628099165119844,0.6270177717145811,1.0
3,0,0.2587987790145217,0.92052,5000,1.5891244146558974,0.8968824940047961,834,1.6011466496287825,0.8984,0.8048812264822316,0.08314353408945462,,,0.97,,0.9700015059484965,0.029998494051503455,0.9702910285628126,0.40260986651606784,5,0.1,0.5,1.0,0.6191503741585319,0.6191435460549917,0.6109221606001062,0.6171385668731808,0.6124638201322861,0.6157725942944091,0.6190078040880539,0.6170779682549872,0.6161785420857898,0.6130653796700265,0.6186204908821464
3,1,0.24684611341447396,0.92688,5000,1.6073695068006162,0.907673860911271,834,1.5986095080360436,0.8988,0.8069171414163939,0.08336415400238231,,,0.97,,0.9700015059484965,0.029998494051503455,0.9702910285628126,0.40260986651606784,5,0.1,0.5,0.6191503741585319,1.0,0.6202304221728702,0.6174651963621451,0.6150398048526664,0.6134240246725847,0.6195644958299891,0.6200425244075692,0.6244960844891397,0.6165546612123093,0.6078766045920458,0.623338175930866
3,2,0.2512418036687241,0.92476,5000,1.6098467420648646,0.907673860911271,834,1.5993162008900992,0.8985,0.8087490276875461,0.08345606912240439,,,0.97,,0.9700015059484965,0.029998494051503455,0.9702910285628126,0.40260986651606784,5,0.1,0.5,0.6191435460549917,0.6202304221728702,1.0,0.6191167072039748,0.6144935315061427,0.6234500269288502,0.6256788921885041,0.6181169985638741,0.6143052259235295,0.6210798665588101,0.6180825611260542,0.6209530047554497
3,3,0.2544073898748607,0.92592,5000,1.5890950406039204,0.8932853717026379,834,1.5987988908450825,0.8985,0.8027630323161882,0.08320824709696743,,,0.97,,0.9700015059484965,0.029998494051503455,0.9702910285628126,0.40260986651606784,5,0.1,0.5,0.6109221606001062,0.6174651963621451,0.6191167072039748,1.0,0.6126710905302778,0.6088194391937652,0.6156295111180602,0.6127054727330429,0.6124376297067949,0.6174793335059068,0.6123883886212174,0.6174718291445176
3,4,0.2338988925205769,0.92864,5000,1.6057537087687739,0.8943577430972389,833,1.5982184052086486,0.8986,0.804311790568302,0.08351362720616039,,,0.97,,0.9700015059484965,0.029998494051503455,0.9702910285628126,0.40260986651606784,5,0.1,0.5,0.6171385668731808,0.6150398048526664,0.6144935315061427,0.6126710905302778,1.0,0.6127103088657417,0.6137224342241018,0.6179697858306381,0.6124612339579739,0.618846164965407,0.6185815546366248,0.6167022896460986
3,5,0.2522718300580219,0.92532,5000,1.5913681277522334,0.9171668667466987,833,1.5982443162808404,0.8986,0.8038296774694309,0.08358308610694956,,,0.97,,0.9700015059484965,0.029998494051503455,0.9702910285628126,0.40260986651606784,5,0.1,0.5,0.6124638201322861,0.6134240246725847,0.6234500269288502,0.6088194391937652,0.6127103088657417,1.0,0.6136755708374749,0.6154050472360981,0.6203748047839058,0.618469448740154,0.6080807850459571,0.6181357993103168
3,6,0.24047482177543983,0.9282,5000,1.6072125876391377,0.9015606242496998,833,1.599083195098292,0.8985,0.8054675438318162,0.08335393610876839,,,0.97,,0.9700015059484965,0.029998494051503455,0.9702910285628126,0.40260986651606784,5,0.1,0.5,0.6157725942944091,0.6195644958299891,0.6256788921885041,0.6156295111180602,0.6137224342241018,0.6136755708374749,1.0,0.6207907835205692,0.6177480864432283,0.6100890648057219,0.6126206587503887,0.6176282969205027
3,7,0.25369436310361004,0.9236,5000,1.6046040676258229,0.9051620648259304,833,1.5990954290944548,0.8984,0.8067173528305737,0.08320501545744366,,,0.97,,0.9700015059484965,0.029998494051503455,0.9702910285628126,0.40260986651606784,5,0.1,0.5,0.6190078040880539,0.6200425244075692,0.6181169985638741,0.6127054727330429,0.6179697858306381,0.6154050472360981,0.6207907835205692,1.0,0.6125906613185071,0.6229267930855825,0.6153006665742798,0.6214216062295681
3,8,0.25043939985631475,0.92544,5000,1.5930278963512845,0.8871548619447779,833,1.5982607020356785,0.8987,0.8039408160261963,0.08335601509274679,,,0.97,,0.9700015059484965,0.029998494051503455,0.9702910285628126,0.40260986651606784,5,0.1,0.5,0.6170779682549872,0.6244960844891397,0.6143052259235295,0.6124376297067949,0.6124612339579739,0.6203748047839058,0.6177480864432283,0.6125906613185071,1.0,0.6083725713181924,0.6078638986430291,0.6200035499491292
3,9,0.24988780670508648,0.92468,5000,1.5948277314503987,0.8967587034813925,833,1.5982443798845187,0.8986,0.8059655306443022,0.08358554551503021,,,0.97,,0.9700015059484965,0.029998494051503455,0.9702910285628126,0.40260986651606784,5,0.1,0.5,0.6161785420857898,0.6165546612123093,0.6210798665588101,0.6174793335059068,0.618846164965407,0.618469448740154,0.6100890648057219,0.6229267930855825,0.6083725713181924,1.0,0.6173035023306256,0.6189142935610946
3,10,0.2583010201277152,0.92096,5000,1.6175027379283198,0.8847539015606243,833,1.6022817840972268,0.8982,0.8013554126924303,0.08301637753014693,,,0.97,,0.9700015059484965,0.029998494051503455,0.9702910285628126,0.40260986651606784,5,0.1,0.5,0.6130653796700265,0.6078766045920458,0.6180825611260542,0.6123883886212174,0.6185815546366248,0.6080807850459571,0.6126206587503887,0.6153006665742798,0.6078638986430291,0.6173035023306256,1.0,0.6133262777956615
3,11,0.25486396955115614,0.92308,5000,1.5982127851910062,0.8919567827130852,833,1.6004853397131729,0.8981,0.8077581976791935,0.08321439267154523,,,0.97,,0.9700015059484965,0.029998494051503455,0.9702910285628126,0.40260986651606784,5,0.1,0.5,0.6186204908821464,0.623338175930866,0.6209530047554497,0.6174718291445176,0.6167022896460986,0.6181357993103168,0.6176282969205027,0.6214216062295681,0.6200035499491292,0.6189142935610946,0.6133262777956615,1.0
4,0,0.23478054118989283,0.93016,5000,1.3399424023098416,0.920863309352518,834,1.355456130573163,0.9224,0.7953654035720581,0.08316229498040899,,,0.97,,0.9700015059484965,0.029998494051503455,0.97022380480502,0.3983210348400825,5,0.1,0.5,1.0,0.5925480518489068,0.5978982929844106,0.6005202407769358,0.5949572971300945,0.5977694954814518,0.604401147134359,0.6034467876796507,0.6095417341661971,0.5992927003060331,0.6033148434112242,0.6007318217105232
4,1,0.2328483647477048,0.9308,5000,1.3618618779712253,0.9304556354916067,834,1.3527806498372137,0.9229,0.7908305900252726,0.08315028382969733,,,0.97,,0.9700015059484965,0.029998494051503455,0.97022380480502,0.3983210348400825,5,0.1,0.5,0.5925480518489068,1.0,0.5985477271240344,0.5910134155381149,0.596875021142162,0.591194209133447,0.6029384283317955,0.6042705748862478,0.6038314586245243,0.5902496699174281,0.5900270156935008,0.5984737188959972
4,2,0.2352189394508957,0.92892,5000,1.3637552393807306,0.9316546762589928,834,1.3535182971162156,0.9225,0.8004016018939792,0.0835465550764522,,,0.97,,0.9700015059484965,0.029998494051503455,0.97022380480502,0.3983210348400825,5,0.1,0.5,0.5978982929844106,0.5985477271240344,1.0,0.6142473556765926,0.6007627801255557,0.6059469254540872,0.6075504889357589,0.6134348382765601,0.6017590266261335,0.6021507804772777,0.5995102300246262,0.6092376036474845
4,3,0.2321364769409559,0.93096,5000,1.3419415641714025,0.9172661870503597,834,1.352983082826145,0.9227,0.7916984377018065,0.08307695037558536,,,0.97,,0.9700015059484965,0.029998494051503455,0.97022380480502,0.3983210348400825,5,0.1,0.5,0.6005202407769358,0.5910134155381149,0.6142473556765926,1.0,0.5953400051075441,0.5881455472262654,0.5948279700120356,0.6021273622109664,0.5966057646978166,0.5963053235084995,0.5967550319651798,0.5931506344950185
4,4,0.21019314605813877,0.93576,5000,1.3590745087023135,0.9123649459783914,833,1.352380916333427,0.9227,0.7964823810487576,0.08344761795695292,,,0.97,,0.9700015059484965,0.029998494051503455,0.97022380480502,0.3983210348400825,5,0.1,0.5,0.5949572971300945,0.596875021142162,0.6007627801255557,0.5953400051075441,1.0,0.5968444734675026,0.6016786844928615,0.610465031364974,0.6057965229856749,0.598491405319012,0.6072994819182186,0.6048159420214362
4,5,0.2419103079754266,0.92728,5000,1.3434736066394382,0.9387755102040817,833,1.3524071755119786,0.9228,0.7921993877762176,0.08334386087200661,,,0.97,,0.9700015059484965,0.029998494051503455,0.97022380480502,0.3983210348400825,5,0.1,0.5,0.5977694954814518,0.591194209133447,0.6059469254540872,0.5881455472262654,0.5968444734675026,1.0,0.5945022391748389,0.603437554894305,0.6042976043556558,0.5993655031107449,0.5932428097781989,0.597214501350908
4,6,0.22494055215791342,0.9334,5000,1.3647377358542547,0.9351740696278511,833,1.3532853145568897,0.9225,0.798638045887721,0.0834168590505102,,,0.97,,0.9700015059484965,0.029998494051503455,0.97022380480502,0.3983210348400825,5,0.1,0.5,0.604401147134359,0.6029384283317955,0.6075504889357589,0.5948279700120356,0.6016786844928615,0.5945022391748389,1.0,0.6126415419531127,0.604571734519884,0.5996986284844785,0.6055165664677818,0.6063810613954697
4,7,0.2303039876874655,0.93224,5000,1.3589576791833948,0.921968787515006,833,1.3533117767340077,0.9224,0.804326350254798,0.08351695846180987,,,0.97,,0.9700015059484965,0.029998494051503455,0.97022380480502,0.3983210348400825,5,0.1,0.5,0.6034467876796507,0.6042705748862478,0.6134348382765601,0.6021273622109664,0.610465031364974,0.603437554894305,0.6126415419531127,1.0,0.6044884555217883,0.6123581812602019,0.6124380241358478,0.6106188806511096
4,8,0.2284009634641705,0.9324,5000,1.347770788051464,0.921968787515006,833,1.3524260585681318,0.9225,0.7990814522787192,0.08343376772278971,,,0.97,,0.9700015059484965,0.029998494051503455,0.97022380480502,0.3983210348400825,5,0.1,0.5,0.6095417341661971,0.6038314586245243,0.6017590266261335,0.5966057646978166,0.6057965229856749,0.6042976043556558,0.604571734519884,0.6044884555217883,1.0,0.6052152302467052,0.5995666849491562,0.6031911254324349
4,9,0.22465192458687266,0.9322,5000,1.3510657063236944,0.9195678271308524,833,1.3524066891533117,0.9227,0.7969580706021216,0.08351211918053332,,,0.97,,0.9700015059484965,0.029998494051503455,0.97022380480502,0.3983210348400825,5,0.1,0.5,0.5992927003060331,0.5902496699174281,0.6021507804772777,0.5963053235084995,0.598491405319012,0.5993655031107449,0.5996986284844785,0.6123581812602019,0.6052152302467052,1.0,0.6097199958921954,0.6046969408684897
4,10,0.23702746520329054,0.9274,5000,1.3756514655219183,0.907563025210084,833,1.3566006810520403,0.9223,0.7962401390003027,0.08310832950912626,,,0.97,,0.9700015059484965,0.029998494051503455,0.97022380480502,0.3983210348400825,5,0.1,0.5,0.6033148434112242,0.5900270156935008,0.5995102300246262,0.5967550319651798,0.6072994819182186,0.5932428097781989,0.6055165664677818,0.6124380241358478,0.5995666849491562,0.6097199958921954,1.0,0.5959569013900927
4,11,0.23079927453510227,0.92996,5000,1.3530582012953583,0.9111644657863145,833,1.3547390120478864,0.9227,0.7975064619244607,0.08328440298412701,,,0.97,,0.9700015059484965,0.029998494051503455,0.97022380480502,0.3983210348400825,5,0.1,0.5,0.6007318217105232,0.5984737188959972,0.6092376036474845,0.5931506344950185,0.6048159420214362,0.597214501350908,0.6063810613954697,0.6106188806511096,0.6031911254324349,0.6046969408684897,0.5959569013900927,1.0
5,0,0.2193782234220368,0.934,5000,1.089869165862048,0.9400479616306955,834,1.1086979078027768,0.9344,0.774122687674248,0.08289452132317626,,,0.97,,0.9700015059484965,0.029998494051503455,0.9694263124095939,0.3916684167775567,5,0.1,0.5,1.0,0.5682562280367873,0.57499045545678,0.5718571075604248,0.5715205861594326,0.5664318054550544,0.5801376397730442,0.5615487032544164,0.5675756718031619,0.5697377510801441,0.5677698212637688,0.5778506518000747
5,1,0.21118046827792267,0.93836,5000,1.1148444458290383,0.9388489208633094,834,1.1060144937457368,0.9345,0.7783997642574801,0.08303708686806506,,,0.97,,0.9700015059484965,0.029998494051503455,0.9694263124095939,0.3916684167775567,5,0.1,0.5,0.5682562280367873,1.0,0.5761234251075749,0.5722533417564695,0.5742786118909731,0.5725447520252799,0.5950974033430432,0.5610883954475,0.5766595844375685,0.5742059910926298,0.5716317942122424,0.5757723329216048
5,2,0.2132044307460451,0.93436,5000,1.1158936928819727,0.9448441247002398,834,1.1067369138470853,0.9344,0.7858535191853252,0.08356465365005396,,,0.97,,0.9700015059484965,0.029998494051503455,0.9694263124095939,0.3916684167775567,5,0.1,0.5,0.57499045545678,0.5761234251075749,1.0,0.5790276812426616,0.5833171643064584,0.5852535149669917,0.5867733353090863,0.5715655141647543,0.5718201187578217,0.5822576908393802,0.5855676044554752,0.5893054586891568
5,3,0.2137179873284593,0.93852,5000,1.0951520204544067,0.9220623501199041,834,1.106216125404492,0.9343,0.782050731095687,0.08311658086104934,,,0.97,,0.9700015059484965,0.029998494051503455,0.9694263124095939,0.3916684167775567,5,0.1,0.5,0.5718571075604248,0.5722533417564695,0.5790276812426616,1.0,0.5800172611152946,0.5785345912481878,0.5801635082988514,0.5705284069681343,0.5677931618915166,0.5843754425197157,0.585293241314846,0.5827791675211531
5,4,0.19610964279491336,0.94144,5000,1.11048185383832,0.921968787515006,833,1.1056290219386165,0.9346,0.786161341299389,0.08350930217482179,,,0.97,,0.9700015059484965,0.029998494051503455,0.9694263124095939,0.3916684167775567,5,0.1,0.5,0.5715205861594326,0.5742786118909731,0.5833171643064584,0.5800172611152946,1.0,0.5823578800259763,0.5879465145976862,0.5800546797404821,0.5779436702398622,0.5821200946419306,0.5884957019930241,0.5813065223023542
5,5,0.21097040436894982,0.93568,5000,1.0948383719832808,0.9507803121248499,833,1.1056525592986768,0.9346,0.7848140274220622,0.08339244668779318,,,0.97,,0.9700015059484965,0.029998494051503455,0.9694263124095939,0.3916684167775567,5,0.1,0.5,0.5664318054550544,0.5725447520252799,0.5852535149669917,0.5785345912481878,0.5823578800259763,1.0,0.5882021773796036,0.5755769466389895,0.5763779957622197,0.585928343962053,0.5821179195404371,0.5838517652673377
5,6,0.20339145426679947,0.93864,5000,1.1208982997470431,0.943577430972389,833,1.1065184913885098,0.9343,0.7922018954824854,0.08370141944904688,,,0.97,,0.9700015059484965,0.029998494051503455,0.9694263124095939,0.3916684167775567,5,0.1,0.5,0.5801376397730442,0.5950974033430432,0.5867733353090863,0.5801635082988514,0.5879465145976862,0.5882021773796036,1.0,0.5786714635147008,0.5842231549380866,0.5881702133696537,0.5864914958062564,0.5904521810552267
5,7,0.21451895076805239,0.9352,5000,1.1130125390158758,0.936374549819928,833,1.1065516317614352,0.9342,0.7773436158645238,0.08324520887088949,,,0.97,,0.9700015059484965,0.029998494051503455,0.9694263124095939,0.3916684167775567,5,0.1,0.5,0.5615487032544164,0.5610883954475,0.5715655141647543,0.5705284069681343,0.5800546797404821,0.5755769466389895,0.5786714635147008,1.0,0.5665507261014782,0.5830381846431563,0.5808393232679454,0.5766097527505047
5,8,0.21808661933169718,0.93536,5000,1.1019861102104187,0.9339735894357744,833,1.1056714090295494,0.9346,0.7774185203629367,0.08319219061961321,,,0.97,,0.9700015059484965,0.029998494051503455,0.9694263124095939,0.3916684167775567,5,0.1,0.5,0.5675756718031619,0.5766595844375685,0.5718201187578217,0.5677931618915166,0.5779436702398622,0.5763779957622197,0.5842231549380866,0.5665507261014782,1.0,0.5744236012857153,0.5676028669716106,0.5762556049347003
5,9,0.20842323348009187,0.93676,5000,1.107786375063437,0.9315726290516206,833,1.1056522195712446,0.9346,0.7878498765652848,0.08361190978674148,,,0.97,,0.9700015059484965,0.029998494051503455,0.9694263124095939,0.3916684167775567,5,0.1,0.5,0.5697377510801441,0.5742059910926298,0.5822576908393802,0.5843754425197157,0.5821200946419306,0.585928343962053,0.5881702133696537,0.5830381846431563,0.5744236012857153,1.0,0.5931925272523187,0.5874833357849871
5,10,0.2181372006055988,0.93444,5000,1.1311335762341816,0.9255702280912365,833,1.109805804472,0.9345,0.7861843593851908,0.08328312410175945,,,0.97,,0.9700015059484965,0.029998494051503455,0.9694263124095939,0.3916684167775567,5,0.1,0.5,0.5677698212637688,0.5716317942122424,0.5855676044554752,0.585293241314846,0.5884957019930241,0.5821179195404371,0.5864914958062564,0.5808393232679454,0.5676028669716106,0.5931925272523187,1.0,0.5822341751681993
5,11,0.21666704356955116,0.935,5000,1.1077889358555828,0.9255702280912365,833,1.1079617022706296,0.934,0.7876224219423121,0.08345155560698989,,,0.97,,0.9700015059484965,0.029998494051503455,0.9694263124095939,0.3916684167775567,5,0.1,0.5,0.5778506518000747,0.5757723329216048,0.5893054586891568,0.5827791675211531,0.5813065223023542,0.5838517652673377,0.5904521810552267,0.5766097527505047,0.5762556049347003,0.5874833357849871,0.5822341751681993,1.0
6,0,0.20536942314593845,0.93704,5000,0.8572432619554026,0.9484412470023981,834,0.8791633474941071,0.9416,0.7624875154473061,0.08278803708569824,,,0.6469214459897172,,0.6469353948094975,0.35306460519050253,0.9648301875454244,0.3832164410201565,5,0.1,0.5,1.0,0.5349824256409746,0.5504895878482041,0.5445395722930809,0.5514503838478413,0.5594542342726184,0.5518483521358061,0.5484372447646012,0.5487751188436398,0.5553759087265524,0.5430865998942989,0.5551797189194115
6,1,0.19893570559894203,0.9422,5000,0.8854870663748847,0.9484412470023981,834,0.87733971729827,0.9417,0.7554165688471137,0.08263353841612205,,,0.6,,0.6,0.4,0.9624946090792743,0.3823419219757386,5,0.1,0.5,0.5349824256409746,1.0,0.5510859726103682,0.5411657829721418,0.5479897381704066,0.5418652598027914,0.5506445723535764,0.5433147248502608,0.5450739907319958,0.5523796361203167,0.5232386939163343,0.5457988360464259
6,2,0.19485905437083667,0.9414,5000,0.8826043981092947,0.9508393285371702,834,0.8760828895690723,0.9415,0.7762552152202872,0.08372661088636561,,,0.9319675244846559,,0.9319813262386426,0.0680186737613574,0.9686076464276738,0.38477353205924225,5,0.1,0.5,0.5504895878482041,0.5510859726103682,1.0,0.5652859003524623,0.5632466814783479,0.5701655427704923,0.5661607838672742,0.5591927941685715,0.5572889778936257,0.5682013481125775,0.5545429594079383,0.5614812240532017
6,3,0.19977110186413785,0.94,5000,0.8655131856600443,0.9304556354916067,834,0.8756711355413491,0.9417,0.7676194899112629,0.08311923074350265,,,0.747505388682786,,0.7475227147231565,0.25247728527684354,0.9674548771701241,0.3843044058698073,5,0.1,0.5,0.5445395722930809,0.5411657829721418,0.5652859003524623,1.0,0.5521751081132077,0.5586570252440765,0.557450464130382,0.5539551281922643,0.5484316890406055,0.5567567159053555,0.5551487742755922,0.5561933741158002
6,4,0.18238139584019875,0.94476,5000,0.8779127421202483,0.9339735894357744,833,0.8751223887117526,0.9415,0.774624661532936,0.08363161269434254,,,0.9031164505669388,,0.9031323728728478,0.09686762712715224,0.9685688897875971,0.3847610597808577,5,0.1,0.5,0.5514503838478413,0.5479897381704066,0.5632466814783479,0.5521751081132077,1.0,0.5611735007067721,0.5558307496251444,0.5632608903187709,0.5598867956868341,0.5720977274313584,0.5659071467790877,0.5593728839221831
6,5,0.204355538642378,0.93788,5000,0.861460977130466,0.9495798319327731,833,0.8751181480221855,0.9415,0.7734626122924126,0.0835118196448451,,,0.8667351463307503,,0.8667536770242458,0.13324632297575423,0.9685058292572869,0.3847257270174922,5,0.1,0.5,0.5594542342726184,0.5418652598027914,0.5701655427704923,0.5586570252440765,0.5611735007067721,1.0,0.5591404420619401,0.5553079306153926,0.5652065029534936,0.5697370538032402,0.5523591230726169,0.549227252937741
6,6,0.18832974644276984,0.9448,5000,0.8918010923597548,0.9531812725090036,833,0.8759004157572128,0.9416,0.7728957124180853,0.08369965977591888,,,0.923782437346636,,0.9237990060739922,0.07620099392600777,0.9685990996520237,0.3847708267823868,5,0.1,0.5,0.5518483521358061,0.5506445723535764,0.5661607838672742,0.557450464130382,0.5558307496251444,0.5591404420619401,1.0,0.5558288190661388,0.556049712573229,0.5623587442645744,0.559001405447286,0.561117376240206
6,7,0.19730011647401058,0.94108,5000,0.8829030549084699,0.9447779111644657,833,0.8758439187424633,0.9416,0.7689540355362677,0.0832530553338589,,,0.7881480900453405,,0.7881582249887054,0.21184177501129464,0.9679887706960344,0.38451777441017015,5,0.1,0.5,0.5484372447646012,0.5433147248502608,0.5591927941685715,0.5539551281922643,0.5632608903187709,0.5553079306153926,0.5558288190661388,1.0,0.549819569170414,0.566691561286504,0.5484502988696726,0.5571312476381448
6,8,0.2026020146869301,0.93812,5000,0.8730402059025235,0.9339735894357744,833,0.8750757931139522,0.9415,0.7678981998787874,0.08317998237763248,,,0.7659557386270887,,0.7659705838060339,0.2340294161939661,0.9676970146564906,0.38441242770325856,5,0.1,0.5,0.5487751188436398,0.5450739907319958,0.5572889778936257,0.5484316890406055,0.5598867956868341,0.5652065029534936,0.556049712573229,0.549819569170414,1.0,0.5573405194409716,0.5497021030227262,0.554385270470768
6,9,0.19236115188913266,0.94052,5000,0.8804009269784998,0.9375750300120048,833,0.8751078379420808,0.9415,0.7788931584710855,0.08385184076146741,,,0.9699999996962987,,0.9700015059484965,0.029998494051503455,0.9686203827090798,0.3847799273424154,5,0.1,0.5,0.5553759087265524,0.5523796361203167,0.5682013481125775,0.5567567159053555,0.5720977274313584,0.5697370538032402,0.5623587442645744,0.566691561286504,0.5573405194409716,1.0,0.5615775758820313,0.5687493055177183
6,10,0.20526790217953217,0.93832,5000,0.9014770366527416,0.929171668667467,833,0.8789647983285946,0.9416,0.7649703503411978,0.08313747725016445,,,0.7530468763809066,,0.7530595853621807,0.24694041463781935,0.9675452141079285,0.38433935869783004,5,0.1,0.5,0.5430865998942989,0.5232386939163343,0.5545429594079383,0.5551487742755922,0.5659071467790877,0.5523591230726169,0.559001405447286,0.5484502988696726,0.5497021030227262,0.5615775758820313,1.0,0.5513059199485264
6,11,0.19778770411351493,0.94016,5000,0.8782809818232501,0.9387755102040817,833,0.877241959777503,0.9417,0.771077892596053,0.08346713503008171,,,0.8531643709710478,,0.8531800612419055,0.14681993875809451,0.9684479754752914,0.38470486819579414,5,0.1,0.5,0.5551797189194115,0.5457988360464259,0.5614812240532017,0.5561933741158002,0.5593728839221831,0.549227252937741,0.561117376240206,0.5571312476381448,0.554385270470768,0.5687493055177183,0.5513059199485264,1.0
7,0,0.19020108528862334,0.94216,5000,0.6591309518725784,0.9532374100719424,834,0.6823492162524701,0.9469,0.7507079749115826,0.08288449896103452,,,0.6690562951717736,,0.6690728377089503,0.3309271622910497,0.9617576178408819,0.375256278292884,5,0.1,0.5,1.0,0.5216469465969634,0.5272680810285385,0.5266979264653584,0.5239056451695739,0.5228813522522903,0.5318215439395413,0.5195298070270512,0.5314273107716478,0.526796699401021,0.5310368837718101,0.5229354131573898
7,1,0.18133000903555258,0.94456,5000,0.6894373496373495,0.9532374100719424,834,0.6816497039490234,0.947,0.7465704712602687,0.08263220944733675,,,0.6,,0.6,0.4,0.9602571817035813,0.37405780272680245,5,0.1,0.5,0.5216469465969634,1.0,0.523780334978448,0.5257509777466366,0.5308106451087313,0.5131941103575367,0.5312299958723599,0.5177548891426782,0.5199901863975724,0.5291488742037909,0.5204673533365456,0.5156386310708387
