round,client_id,client_i_training_loss,client_i_training_accuracy,client_i_training_dataset_size,client_i_evaluation_loss,client_i_evaluation_accuracy,client_i_evaluation_dataset_size,client_i_central_evaluation_loss,client_i_central_evaluation_accuracy,client_i_cosine_similarity,client_i_importance_coefficient,client_i_tanh_val,tanh_normalization_value,client_i_q,client_i_mask_order,client_i_v_nonzero_fraction,client_i_v_sparsity,client_i_v_cosine_similarity,client_i_reward_gradient_norm,local_epochs,learning_rate,gamma,client_0_cosine_similarity,client_1_cosine_similarity,client_2_cosine_similarity,client_3_cosine_similarity,client_4_cosine_similarity,client_5_cosine_similarity,client_6_cosine_similarity,client_7_cosine_similarity,client_8_cosine_similarity,client_9_cosine_similarity,client_10_cosine_similarity,client_11_cosine_similarity
0,0,0.3671074805354142,0.8858,5000,2.197255081600613,0.41606714628297364,834,2.204089415339997,0.4037,0.7832354930558251,0.08364682470915591,,,0.95,,0.9500025099141609,0.04999749008583909,0,0.3901482122414081,5,0.1,0.5,1.0,0.5847437632482345,0.5681354178577963,0.5913403164958131,0.5699691503447203,0.5668194197149911,0.5797875723683994,0.5669735033254056,0.5919616188001614,0.5809446487944806,0.5704303163362411,0.5627989335938802
0,1,0.34942407733671793,0.89228,5000,2.2082423633999295,0.381294964028777,834,2.204089415339997,0.4037,0.7838026031734661,0.083707390095967,,,0.95,,0.9500025099141609,0.04999749008583909,0,0.3901482122414081,5,0.1,0.5,0.5847437632482345,1.0,0.5855226927421919,0.5621633725175865,0.5876661751028486,0.5676071467701576,0.5678608579433181,0.5759808497563343,0.5821802347370941,0.570661297819722,0.571413510022466,0.5834149546967571
0,2,0.35325978671076,0.88764,5000,2.2072247664133706,0.39448441247002397,834,2.204089415339997,0.4037,0.779180022916459,0.08321371461280767,,,0.95,,0.9500025099141609,0.04999749008583909,0,0.3901482122414081,5,0.1,0.5,0.5681354178577963,0.5855226927421919,1.0,0.5753759776466739,0.5782930033563104,0.5538101811223054,0.5879193596823157,0.5722273068402651,0.5779298840591935,0.5630993591817324,0.5680025119939618,0.5656151608474563
0,3,0.35324453352505614,0.89124,5000,2.199459340837267,0.407673860911271,834,2.204089415339997,0.4037,0.7831555681212818,0.08363828900431503,,,0.95,,0.9500025099141609,0.04999749008583909,0,0.3901482122414081,5,0.1,0.5,0.5913403164958131,0.5621633725175865,0.5753759776466739,1.0,0.5794509464022481,0.5773968471037135,0.5676062259814442,0.5645557976893251,0.5852655241081188,0.5780336982615456,0.5815298978934759,0.5704376731247675
0,4,0.3401149820610525,0.89332,5000,2.209045745708324,0.3949579831932773,833,2.204089415339997,0.4037,0.7813058490189492,0.08344074544189253,,,0.95,,0.9500025099141609,0.04999749008583909,0,0.3901482122414081,5,0.1,0.5,0.5699691503447203,0.5876661751028486,0.5782930033563104,0.5794509464022481,1.0,0.5701700619696393,0.5754995857828109,0.5677638094755318,0.5748638362168805,0.5808571669247483,0.567598331718627,0.5637041766123333
0,5,0.3475675612937208,0.89424,5000,2.192680597305298,0.4225690276110444,833,2.204089415339997,0.4037,0.7762654498070897,0.08290244834851944,,,0.95,,0.9500025099141609,0.04999749008583909,0,0.3901482122414081,5,0.1,0.5,0.5668194197149911,0.5676071467701576,0.5538101811223054,0.5773968471037135,0.5701700619696393,1.0,0.5661533245006076,0.5631626879808749,0.5628443332603912,0.580084211713033,0.5843292588844334,0.5762624813882917
0,6,0.3505151143997528,0.8894,5000,2.198445514396385,0.4261704681872749,833,2.204089415339997,0.4037,0.7787464594596046,0.08316741154457682,,,0.95,,0.9500025099141609,0.04999749008583909,0,0.3901482122414081,5,0.1,0.5,0.5797875723683994,0.5678608579433181,0.5879193596823157,0.5676062259814442,0.5754995857828109,0.5661533245006076,1.0,0.5666712935458199,0.5753317761368442,0.5732769751185361,0.5653951820240319,0.5663689896229326
0,7,0.34992971257514255,0.88904,5000,2.212991617344044,0.39735894357743096,833,2.204089415339997,0.4037,0.7759611707280374,0.0828699524018804,,,0.95,,0.9500025099141609,0.04999749008583909,0,0.3901482122414081,5,0.1,0.5,0.5669735033254056,0.5759808497563343,0.5722273068402651,0.5645557976893251,0.5677638094755318,0.5631626879808749,0.5666712935458199,1.0,0.5785804498584639,0.5723412255143974,0.5729643997793347,0.564569482452277
0,8,0.35873777585187155,0.88736,5000,2.2053769871040627,0.39015606242497,833,2.204089415339997,0.4037,0.7831364020444732,0.08363624213401691,,,0.95,,0.9500025099141609,0.04999749008583909,0,0.3901482122414081,5,0.1,0.5,0.5919616188001614,0.5821802347370941,0.5779298840591935,0.5852655241081188,0.5748638362168805,0.5628443332603912,0.5753317761368442,0.5785804498584639,1.0,0.5671808695238106,0.5628621425000123,0.5739761398015871
0,9,0.3496082993366631,0.89116,5000,2.20643291649995,0.4189675870348139,833,2.204089415339997,0.4037,0.7811301456258471,0.08342198093102202,,,0.95,,0.9500025099141609,0.04999749008583909,0,0.3901482122414081,5,0.1,0.5,0.5809446487944806,0.570661297819722,0.5630993591817324,0.5780336982615456,0.5808571669247483,0.580084211713033,0.5732769751185361,0.5723412255143974,0.5671808695238106,1.0,0.575025987681383,0.5726855876314841
0,10,0.35355201597995817,0.88928,5000,2.1944504137392395,0.3937575030012005,833,2.204089415339997,0.4037,0.7798938321464072,0.083289946954246,,,0.95,,0.9500025099141609,0.04999749008583909,0,0.3901482122414081,5,0.1,0.5,0.5704303163362411,0.571413510022466,0.5680025119939618,0.5815298978934759,0.567598331718627,0.5843292588844334,0.5653951820240319,0.5729643997793347,0.5628621425000123,0.575025987681383,1.0,0.5830631425906442
0,11,0.35451773220946076,0.8864,5000,2.208159393734402,0.4009603841536615,833,2.204089415339997,0.4037,0.7777880225804716,0.08306505382160025,,,0.95,,0.9500025099141609,0.04999749008583909,0,0.3901482122414081,5,0.1,0.5,0.5627989335938802,0.5834149546967571,0.5656151608474563,0.5704376731247675,0.5637041766123333,0.5762624813882917,0.5663689896229326,0.564569482452277,0.5739761398015871,0.5726855876314841,0.5830631425906442,1.0
1,0,0.31782999061356493,0.90524,5000,2.049498849444919,0.7062350119904077,834,2.059957509604506,0.6897,0.8059618826908159,0.08336912273915972,,,0.95,,0.9500025099141609,0.04999749008583909,0.9580051367806754,0.40544241971640665,5,0.1,0.5,1.0,0.6201911218971555,0.6200916077914203,0.6294784342407378,0.6280201949144625,0.618158786800515,0.6279901793450479,0.6176382237008039,0.6235809717483327,0.6254031612626917,0.6131474787881168,0.6173412274941427
1,1,0.31234624983363185,0.907,5000,2.0687695255985967,0.6618705035971223,834,2.059957509604506,0.6897,0.8114100009021814,0.08359880267216416,,,0.95,,0.9500025099141609,0.04999749008583909,0.9580051367806754,0.40544241971640665,5,0.1,0.5,0.6201911218971555,1.0,0.6298260473412669,0.6170600136330194,0.6313097372486478,0.6253984689530661,0.6318802510621648,0.6271718007113312,0.6252369014918653,0.6327256101333023,0.6310229076473453,0.6221206144941996
1,2,0.3089827215571882,0.906,5000,2.0673745296619557,0.6954436450839329,834,2.059957509604506,0.6897,0.8116834377536098,0.08328184541733497,,,0.95,,0.9500025099141609,0.04999749008583909,0.9580051367806754,0.40544241971640665,5,0.1,0.5,0.6200916077914203,0.6298260473412669,1.0,0.6222811881011636,0.6335684771322783,0.628793816956151,0.6167644740558804,0.6292003075197976,0.6271256028891717,0.6389761806331714,0.6216018278459741,0.6305534435251188
1,3,0.3069869410222883,0.9076,5000,2.0547007101553456,0.7002398081534772,834,2.059957509604506,0.6897,0.8081651658450171,0.08344016542914007,,,0.95,,0.9500025099141609,0.04999749008583909,0.9580051367806754,0.40544241971640665,5,0.1,0.5,0.6294784342407378,0.6170600136330194,0.6222811881011636,1.0,0.625701655681729,0.6237450337074573,0.6247362712481382,0.6193725441597271,0.6204973387924605,0.6292829307780614,0.6201956051778479,0.6302723905041933
1,4,0.2922271531549798,0.912,5000,2.0652252126623085,0.6770708283313326,833,2.059957509604506,0.6897,0.8167636649900154,0.08360880646130646,,,0.95,,0.9500025099141609,0.04999749008583909,0.9580051367806754,0.40544241971640665,5,0.1,0.5,0.6280201949144625,0.6313097372486478,0.6335684771322783,0.625701655681729,1.0,0.6388109298701338,0.6331557531335982,0.6297407979876345,0.6319345772762696,0.6381426918165309,0.6262669414675488,0.6305913812127452
1,5,0.30655067934874136,0.9082,5000,2.0446644844832242,0.6818727490996399,833,2.059957509604506,0.6897,0.8124453076197867,0.0831025183275872,,,0.95,,0.9500025099141609,0.04999749008583909,0.9580051367806754,0.40544241971640665,5,0.1,0.5,0.618158786800515,0.6253984689530661,0.628793816956151,0.6237450337074573,0.6388109298701338,1.0,0.6357757199594068,0.625526327184714,0.6319233400830815,0.6324650487939771,0.6266348742945892,0.6203423732805455
1,6,0.3071368382626753,0.90456,5000,2.0521636185822665,0.6962785114045619,833,2.059957509604506,0.6897,0.8124426036511763,0.08327764807844189,,,0.95,,0.9500025099141609,0.04999749008583909,0.9580051367806754,0.40544241971640665,5,0.1,0.5,0.6279901793450479,0.6318802510621648,0.6167644740558804,0.6247362712481382,0.6331557531335982,0.6357757199594068,1.0,0.6301945822795221,0.6332870745763981,0.6257450258316333,0.622241991573751,0.6245788210442262
1,7,0.31253846243237426,0.90392,5000,2.0697426354443587,0.6902761104441777,833,2.059957509604506,0.6897,0.8086983449081411,0.08295061152406544,,,0.95,,0.9500025099141609,0.04999749008583909,0.9580051367806754,0.40544241971640665,5,0.1,0.5,0.6176382237008039,0.6271718007113312,0.6292003075197976,0.6193725441597271,0.6297407979876345,0.625526327184714,0.6301945822795221,1.0,0.625757735241229,0.6265705953028656,0.6153205931601712,0.624815091921719
1,8,0.3154372179323131,0.90632,5000,2.0641776808985957,0.6914765906362546,833,2.059957509604506,0.6897,0.8122047858865822,0.08357941481566991,,,0.95,,0.9500025099141609,0.04999749008583909,0.9580051367806754,0.40544241971640665,5,0.1,0.5,0.6235809717483327,0.6252369014918653,0.6271256028891717,0.6204973387924605,0.6319345772762696,0.6319233400830815,0.6332870745763981,0.625757735241229,1.0,0.6313756766135499,0.6207993499603158,0.6305004444655171
1,9,0.3084492637894478,0.90656,5000,2.0631049783141524,0.7046818727490997,833,2.059957509604506,0.6897,0.815218541788223,0.0835426176716145,,,0.95,,0.9500025099141609,0.04999749008583909,0.9580051367806754,0.40544241971640665,5,0.1,0.5,0.6254031612626917,0.6327256101333023,0.6389761806331714,0.6292829307780614,0.6381426918165309,0.6324650487939771,0.6257450258316333,0.6265705953028656,0.6313756766135499,1.0,0.623352190942241,0.6281760829760359
1,10,0.31042880655806154,0.90352,5000,2.048232246328283,0.6830732292917167,833,2.059957509604506,0.6897,0.8059053460873835,0.08313114667848132,,,0.95,,0.9500025099141609,0.04999749008583909,0.9580051367806754,0.40544241971640665,5,0.1,0.5,0.6131474787881168,0.6310229076473453,0.6216018278459741,0.6201956051778479,0.6262669414675488,0.6266348742945892,0.622241991573751,0.6153205931601712,0.6207993499603158,0.623352190942241,1.0,0.6215994916812931
1,11,0.3063687978537789,0.9026,5000,2.063730495947379,0.687875150060024,833,2.059957509604506,0.6897,0.8097804964411384,0.08311730018503423,,,0.95,,0.9500025099141609,0.04999749008583909,0.9580051367806754,0.40544241971640665,5,0.1,0.5,0.6173412274941427,0.6221206144941996,0.6305534435251188,0.6302723905041933,0.6305913812127452,0.6203423732805455,0.6245788210442262,0.624815091921719,0.6305004444655171,0.6281760829760359,0.6215994916812931,1.0
2,0,0.2908468518240057,0.91316,5000,1.8608095513449774,0.8369304556354916,834,1.8763359579415366,0.8324,0.8127006185158001,0.08330339351257202,,,0.95,,0.9500025099141609,0.04999749008583909,0.9684089167165263,0.40711750632152766,5,0.1,0.5,1.0,0.6227750715869794,0.6349127673418823,0.6338571193636865,0.6343235270574655,0.6383339683011602,0.6275539984479037,0.6339432738575475,0.6269533637168462,0.6325873836054486,0.6304148997946822,0.625016654899118
2,1,0.2807973941479614,0.9176,5000,1.8887986518718578,0.8369304556354916,834,1.8763359579415366,0.8324,0.8076557375618582,0.0832797250792415,,,0.95,,0.9500025099141609,0.04999749008583909,0.9684089167165263,0.40711750632152766,5,0.1,0.5,0.6227750715869794,1.0,0.6339892636463927,0.6298211805791679,0.6217208147293275,0.6269143368459785,0.6217586859167287,0.623496954705927,0.6189602988938493,0.6275615589970587,0.6343640945175604,0.6289960986561611
2,2,0.275890991228164,0.91628,5000,1.8891201637409352,0.815347721822542,834,1.8763359579415366,0.8324,0.8184817130637536,0.08344669194389803,,,0.95,,0.9500025099141609,0.04999749008583909,0.9684089167165263,0.40711750632152766,5,0.1,0.5,0.6349127673418823,0.6339892636463927,1.0,0.6310048227499936,0.641215980135291,0.632631630581057,0.6303315743572112,0.636737770464303,0.6362038392697523,0.6349399758952581,0.6436069227443858,0.6419529096771976
2,3,0.2787147821372102,0.91724,5000,1.8696736406396937,0.8537170263788969,834,1.8763359579415366,0.8324,0.814247239873723,0.08340406579078465,,,0.95,,0.9500025099141609,0.04999749008583909,0.9684089167165263,0.40711750632152766,5,0.1,0.5,0.6338571193636865,0.6298211805791679,0.6310048227499936,1.0,0.6313617975686315,0.6378531687905379,0.6285809882269836,0.6409447467471624,0.6257698627890791,0.6291471626859123,0.6345592806887611,0.6326299660820319
2,4,0.26480538295878536,0.91964,5000,1.8816467302816886,0.8271308523409364,833,1.8763359579415366,0.8324,0.8152213179727837,0.08354929090041871,,,0.95,,0.9500025099141609,0.04999749008583909,0.9684089167165263,0.40711750632152766,5,0.1,0.5,0.6343235270574655,0.6217208147293275,0.641215980135291,0.6313617975686315,1.0,0.6403186684344754,0.6264155025800355,0.631505735326383,0.6354540165526782,0.6373629812061491,0.6340159070498691,0.6305447298020542
2,5,0.2723800727350127,0.91904,5000,1.858889385505959,0.8319327731092437,833,1.8763359579415366,0.8324,0.8170671386359086,0.08327909939598822,,,0.95,,0.9500025099141609,0.04999749008583909,0.9684089167165263,0.40711750632152766,5,0.1,0.5,0.6383339683011602,0.6269143368459785,0.632631630581057,0.6378531687905379,0.6403186684344754,1.0,0.6365042863841254,0.6286396910420166,0.6342783004854607,0.6427540140456249,0.6357665224738883,0.6304211295737207
2,6,0.2751784168693955,0.91492,5000,1.8670570585462782,0.8427370948379351,833,1.8763359579415366,0.8324,0.8094247957423903,0.08312912574191078,,,0.95,,0.9500025099141609,0.04999749008583909,0.9684089167165263,0.40711750632152766,5,0.1,0.5,0.6275539984479037,0.6217586859167287,0.6303315743572112,0.6285809882269836,0.6264155025800355,0.6365042863841254,1.0,0.6312998147048099,0.6304697860532537,0.6251210577488008,0.6240360731475655,0.6270156021737204
2,7,0.27948721393492004,0.91524,5000,1.8872140645980835,0.82953181272509,833,1.8763359579415366,0.8324,0.8144613580944328,0.08308821176246971,,,0.95,,0.9500025099141609,0.04999749008583909,0.9684089167165263,0.40711750632152766,5,0.1,0.5,0.6339432738575475,0.623496954705927,0.636737770464303,0.6409447467471624,0.631505735326383,0.6286396910420166,0.6312998147048099,1.0,0.6378909264149745,0.6299393012652199,0.6271912167114041,0.6381000780758437
2,8,0.2873606661275314,0.915,5000,1.8845047685835097,0.8343337334933973,833,1.8763359579415366,0.8324,0.8143256149258212,0.08349874871703065,,,0.95,,0.9500025099141609,0.04999749008583909,0.9684089167165263,0.40711750632152766,5,0.1,0.5,0.6269533637168462,0.6189602988938493,0.6362038392697523,0.6257698627890791,0.6354540165526782,0.6342783004854607,0.6304697860532537,0.6378909264149745,1.0,0.6361011346780424,0.635701945131635,0.6378906026485595
2,9,0.2730790232180671,0.91648,5000,1.8801125552919176,0.8319327731092437,833,1.8763359579415366,0.8324,0.8154402390696248,0.08351318963986396,,,0.95,,0.9500025099141609,0.04999749008583909,0.9684089167165263,0.40711750632152766,5,0.1,0.5,0.6325873836054486,0.6275615589970587,0.6349399758952581,0.6291471626859123,0.6373629812061491,0.6427540140456249,0.6251210577488008,0.6299393012652199,0.6361011346780424,1.0,0.6346608298618537,0.6364861943946286
2,10,0.2763621101253755,0.91704,5000,1.8633556675027918,0.8211284513805522,833,1.8763359579415366,0.8324,0.8162145944354859,0.08326837308958614,,,0.95,,0.9500025099141609,0.04999749008583909,0.9684089167165263,0.40711750632152766,5,0.1,0.5,0.6304148997946822,0.6343640945175604,0.6436069227443858,0.6345592806887611,0.6340159070498691,0.6357665224738883,0.6240360731475655,0.6271912167114041,0.635701945131635,0.6346608298618537,1.0,0.6416846224696264
2,11,0.2748594547710886,0.9138,5000,1.880639420615302,0.8271308523409364,833,1.8763359579415366,0.8324,0.8156637873890448,0.08324008442623572,,,0.95,,0.9500025099141609,0.04999749008583909,0.9684089167165263,0.40711750632152766,5,0.1,0.5,0.625016654899118,0.6289960986561611,0.6419529096771976,0.6326299660820319,0.6305447298020542,0.6304211295737207,0.6270156021737204,0.6381000780758437,0.6378906026485595,0.6364861943946286,0.6416846224696264,1.0
3,0,0.26748016725537505,0.91968,5000,1.6392849463003654,0.9124700239808153,834,1.6591860726237677,0.8971,0.8105753286478501,0.08340350692952321,,,0.95,,0.9500025099141609,0.04999749008583909,0.9707997194957048,0.40399386127934195,5,0.1,0.5,1.0,0.6185104851127394,0.6273660186460954,0.6275677312552546,0.6341250693097472,0.6316257786464018,0.630398843987942,0.6185409753722956,0.6219890339603564,0.6177650708449498,0.6139360888862803,0.6175577961139171
3,1,0.25874913061381716,0.92392,5000,1.6747000791408397,0.8884892086330936,834,1.6591860726237677,0.8971,0.8057252824788763,0.08321882047806729,,,0.95,,0.9500025099141609,0.04999749008583909,0.9707997194957048,0.40399386127934195,5,0.1,0.5,0.6185104851127394,1.0,0.6234278551725505,0.6155240213925741,0.6241040532804937,0.61960245673864,0.6259996730963886,0.6042438563627464,0.616698907518388,0.6163118071669166,0.6284832210554817,0.6195673415190929
3,2,0.2537659283484196,0.92164,5000,1.6767342576274165,0.882494004796163,834,1.6591860726237677,0.8971,0.8092438971617794,0.08345198904938594,,,0.95,,0.9500025099141609,0.04999749008583909,0.9707997194957048,0.40399386127934195,5,0.1,0.5,0.6273660186460954,0.6234278551725505,1.0,0.6171766883133352,0.6291226165560313,0.6170580588005877,0.6211322592699288,0.6195892585900168,0.6241405556307725,0.6207570365259999,0.6246409981529116,0.6214190966913956
3,3,0.2536851853784767,0.924,5000,1.6507379787939567,0.894484412470024,834,1.6591860726237677,0.8971,0.8065829590292571,0.08333103680775349,,,0.95,,0.9500025099141609,0.04999749008583909,0.9707997194957048,0.40399386127934195,5,0.1,0.5,0.6275677312552546,0.6155240213925741,0.6171766883133352,1.0,0.6239638543370949,0.6250264822998155,0.6182293797740579,0.6126217040418174,0.6196237149609762,0.6182054421181976,0.6216155669467432,0.6206686195402465
3,4,0.2432315563510178,0.9272,5000,1.6666734439355355,0.8895558223289316,833,1.6591860726237677,0.8971,0.8138502967031808,0.08368044596038636,,,0.95,,0.9500025099141609,0.04999749008583909,0.9707997194957048,0.40399386127934195,5,0.1,0.5,0.6341250693097472,0.6241040532804937,0.6291226165560313,0.6239638543370949,1.0,0.6321658523208753,0.6279857794871743,0.6221680641155369,0.6261473072118844,0.6236056436855115,0.6268134196183234,0.6198565831652496
3,5,0.25012551832626795,0.92608,5000,1.6399612073545102,0.9039615846338536,833,1.6591860726237677,0.8971,0.8093991606275793,0.0833464341255622,,,0.95,,0.9500025099141609,0.04999749008583909,0.9707997194957048,0.40399386127934195,5,0.1,0.5,0.6316257786464018,0.61960245673864,0.6170580588005877,0.6250264822998155,0.6321658523208753,1.0,0.6250553095006394,0.6191834756035546,0.6189652621176567,0.6143011734729317,0.6262439333614087,0.6188937622212003
3,6,0.2469007435699652,0.92564,5000,1.648229678471883,0.9159663865546218,833,1.6591860726237677,0.8971,0.8114113451836094,0.0833172552364946,,,0.95,,0.9500025099141609,0.04999749008583909,0.9707997194957048,0.40399386127934195,5,0.1,0.5,0.630398843987942,0.6259996730963886,0.6211322592699288,0.6182293797740579,0.6279857794871743,0.6250553095006394,1.0,0.6287600351483149,0.6307999873434317,0.6168338194100405,0.6237640124141447,0.6193597795505073
3,7,0.25108547395178277,0.9244,5000,1.6703843540615506,0.9027611044417767,833,1.6591860726237677,0.8971,0.8025834837072753,0.08298253067210136,,,0.95,,0.9500025099141609,0.04999749008583909,0.9707997194957048,0.40399386127934195,5,0.1,0.5,0.6185409753722956,0.6042438563627464,0.6195892585900168,0.6126217040418174,0.6221680641155369,0.6191834756035546,0.6287600351483149,1.0,0.6183236199406184,0.6063545863287914,0.613233122248639,0.6199278144835934
3,8,0.259857065880161,0.92192,5000,1.671012110180325,0.9087635054021609,833,1.6591860726237677,0.8971,0.808085470209436,0.08344608757272136,,,0.95,,0.9500025099141609,0.04999749008583909,0.9707997194957048,0.40399386127934195,5,0.1,0.5,0.6219890339603564,0.616698907518388,0.6241405556307725,0.6196237149609762,0.6261473072118844,0.6189652621176567,0.6307999873434317,0.6183236199406184,1.0,0.6159242739393214,0.6176215914686869,0.6241579781523553
3,9,0.2477951027927505,0.9254,5000,1.6622380283143785,0.8871548619447779,833,1.6591860726237677,0.8971,0.8028210957015749,0.08327219532128888,,,0.95,,0.9500025099141609,0.04999749008583909,0.9707997194957048,0.40399386127934195,5,0.1,0.5,0.6177650708449498,0.6163118071669166,0.6207570365259999,0.6182054421181976,0.6236056436855115,0.6143011734729317,0.6168338194100405,0.6063545863287914,0.6159242739393214,1.0,0.6157400509290109,0.6174129080338208
3,10,0.2510092125217887,0.9262,5000,1.6438231622731243,0.8895558223289316,833,1.6591860726237677,0.8971,0.8085086723740273,0.08330830019119286,,,0.95,,0.9500025099141609,0.04999749008583909,0.9707997194957048,0.40399386127934195,5,0.1,0.5,0.6139360888862803,0.6284832210554817,0.6246409981529116,0.6216155669467432,0.6268134196183234,0.6262439333614087,0.6237640124141447,0.613233122248639,0.6176215914686869,0.6157400509290109,1.0,0.6274378169427332
3,11,0.2502288710147997,0.92376,5000,1.664250409161603,0.8895558223289316,833,1.6591860726237677,0.8971,0.8071263276132351,0.0832413976555224,,,0.95,,0.9500025099141609,0.04999749008583909,0.9707997194957048,0.40399386127934195,5,0.1,0.5,0.6175577961139171,0.6195673415190929,0.6214190966913956,0.6206686195402465,0.6198565831652496,0.6188937622212003,0.6193597795505073,0.6199278144835934,0.6241579781523553,0.6174129080338208,0.6274378169427332,1.0
4,0,0.24566214970508768,0.92724,5000,1.3938793650379888,0.9400479616306955,834,1.417891257487166,0.9266,0.7961477478151616,0.08329978128056584,,,0.95,,0.9500025099141609,0.04999749008583909,0.9695259530362631,0.3992167617319286,5,0.1,0.5,1.0,0.5974201053615359,0.6055944502967512,0.6066335378826365,0.6001930673223759,0.6045906956341546,0.6069380534700098,0.5984968913077423,0.6017529302696215,0.6000125153324235,0.6029032773636152,0.6032347093183951
4,1,0.23667944157140175,0.92944,5000,1.4357561976821334,0.9280575539568345,834,1.417891257487166,0.9266,0.798922933812223,0.08327410515344634,,,0.95,,0.9500025099141609,0.04999749008583909,0.9695259530362631,0.3992167617319286,5,0.1,0.5,0.5974201053615359,1.0,0.6123221237136004,0.6050060872060019,0.6029068393846615,0.6044217140915095,0.6123034772979591,0.5901502648888256,0.6047933854132012,0.6077557918059866,0.6134547197095402,0.6046691114005467
4,2,0.23476720171666166,0.92916,5000,1.4400988728911788,0.9136690647482014,834,1.417891257487166,0.9266,0.7993468720034574,0.08344394153000159,,,0.95,,0.9500025099141609,0.04999749008583909,0.9695259530362631,0.3992167617319286,5,0.1,0.5,0.6055944502967512,0.6123221237136004,1.0,0.5978314547722586,0.6032370408301699,0.5983886495467146,0.6038247412947975,0.6032127623547102,0.6056515692729088,0.609220239368366,0.6094443240656017,0.6095033056963385
4,3,0.23098372832581307,0.93108,5000,1.4072530534532335,0.9220623501199041,834,1.417891257487166,0.9266,0.7961804616805496,0.08325274985144783,,,0.95,,0.9500025099141609,0.04999749008583909,0.9695259530362631,0.3992167617319286,5,0.1,0.5,0.6066335378826365,0.6050060872060019,0.5978314547722586,1.0,0.6001530717627915,0.5965263200245597,0.6033997989426982,0.59937316963657,0.6015601378910663,0.6010810697094652,0.6097055955326361,0.6071888952351877
4,4,0.21785260585557883,0.93484,5000,1.4270649309511538,0.9231692677070829,833,1.417891257487166,0.9266,0.7972439550983108,0.08352223628788191,,,0.95,,0.9500025099141609,0.04999749008583909,0.9695259530362631,0.3992167617319286,5,0.1,0.5,0.6001930673223759,0.6029068393846615,0.6032370408301699,0.6001530717627915,1.0,0.6060915438149392,0.6096980081486345,0.600321820962697,0.6039087501891919,0.6027664269718067,0.6078224184909475,0.5998612220455256
4,5,0.2258928587428846,0.93276,5000,1.3973348184868142,0.9279711884753902,833,1.417891257487166,0.9266,0.7969722541160366,0.08329068872160254,,,0.95,,0.9500025099141609,0.04999749008583909,0.9695259530362631,0.3992167617319286,5,0.1,0.5,0.6045906956341546,0.6044217140915095,0.5983886495467146,0.5965263200245597,0.6060915438149392,1.0,0.6097847300283821,0.5943440580869349,0.6053820496565472,0.6013791778509755,0.6098472294178329,0.6051631051699313
4,6,0.22198369752787717,0.93356,5000,1.4049070322955097,0.943577430972389,833,1.417891257487166,0.9266,0.8021385949075183,0.0834520510498855,,,0.95,,0.9500025099141609,0.04999749008583909,0.9695259530362631,0.3992167617319286,5,0.1,0.5,0.6069380534700098,0.6123034772979591,0.6038247412947975,0.6033997989426982,0.6096980081486345,0.6097847300283821,1.0,0.6024497146083635,0.6064260176841362,0.6078842074027414,0.6103864329409321,0.6124929363082044
4,7,0.23193365038004793,0.9294,5000,1.428204028694718,0.9267707082833133,833,1.417891257487166,0.9266,0.7929793701315573,0.08290907356758292,,,0.95,,0.9500025099141609,0.04999749008583909,0.9695259530362631,0.3992167617319286,5,0.1,0.5,0.5984968913077423,0.5901502648888256,0.6032127623547102,0.59937316963657,0.600321820962697,0.5943440580869349,0.6024497146083635,1.0,0.6012963545166332,0.6018514090656012,0.603905937311637,0.6040355285703783
4,8,0.24273831138660193,0.92796,5000,1.432789440508242,0.9303721488595438,833,1.417891257487166,0.9266,0.7979386452856978,0.08339074745436637,,,0.95,,0.9500025099141609,0.04999749008583909,0.9695259530362631,0.3992167617319286,5,0.1,0.5,0.6017529302696215,0.6047933854132012,0.6056515692729088,0.6015601378910663,0.6039087501891919,0.6053820496565472,0.6064260176841362,0.6012963545166332,1.0,0.6011278730981974,0.604383374762397,0.608456430214012
4,9,0.23078574989418124,0.92952,5000,1.4199397122418438,0.9231692677070829,833,1.417891257487166,0.9266,0.798241586115508,0.08328574824023428,,,0.95,,0.9500025099141609,0.04999749008583909,0.9695259530362631,0.3992167617319286,5,0.1,0.5,0.6000125153324235,0.6077557918059866,0.609220239368366,0.6010810697094652,0.6027664269718067,0.6013791778509755,0.6078842074027414,0.6018514090656012,0.6011278730981974,1.0,0.6098489575641576,0.605552968269336
4,10,0.23071187130667886,0.93236,5000,1.403483721945021,0.9099639855942377,833,1.417891257487166,0.9266,0.803724778355208,0.08350159528243692,,,0.95,,0.9500025099141609,0.04999749008583909,0.9695259530362631,0.3992167617319286,5,0.1,0.5,0.6029032773636152,0.6134547197095402,0.6094443240656017,0.6097055955326361,0.6078224184909475,0.6098472294178329,0.6103864329409321,0.603905937311637,0.604383374762397,0.6098489575641576,1.0,0.6191480386573692
4,11,0.2271307010879847,0.92876,5000,1.4236548520900585,0.9303721488595438,833,1.417891257487166,0.9266,0.801442881801333,0.08337728158054782,,,0.95,,0.9500025099141609,0.04999749008583909,0.9695259530362631,0.3992167617319286,5,0.1,0.5,0.6032347093183951,0.6046691114005467,0.6095033056963385,0.6071888952351877,0.5998612220455256,0.6051631051699313,0.6124929363082044,0.6040355285703783,0.608456430214012,0.605552968269336,0.6191480386573692,1.0
5,0,0.22753978860060312,0.93264,5000,1.145053627314391,0.9496402877697842,834,1.1722176691975457,0.9392,0.7858387823663417,0.08326801743764049,,,0.95,,0.9500025099141609,0.04999749008583909,0.969900338610994,0.39352824238602596,5,0.1,0.5,1.0,0.581538445969262,0.5890002446978463,0.5827132316778351,0.5866057633207089,0.5835490024991943,0.581835590281955,0.5751212193561757,0.5858317925944143,0.5907516672428256,0.5835817137028972,0.5816388521222641
5,1,0.21565954296428497,0.9374,5000,1.1917486279099077,0.9424460431654677,834,1.1722176691975457,0.9392,0.785603909304065,0.08324260956841172,,,0.95,,0.9500025099141609,0.04999749008583909,0.969900338610994,0.39352824238602596,5,0.1,0.5,0.581538445969262,1.0,0.5986647397741715,0.576843951671036,0.5878816602030864,0.5807581854031435,0.5770824154122424,0.5739334008725139,0.5761672279747827,0.5853589551906649,0.5941934861172752,0.5876125675591558
5,2,0.2156672920094459,0.93464,5000,1.1995830006069608,0.9220623501199041,834,1.1722176691975457,0.9392,0.7916371077079727,0.08356815655013475,,,0.95,,0.9500025099141609,0.04999749008583909,0.969900338610994,0.39352824238602596,5,0.1,0.5,0.5890002446978463,0.5986647397741715,1.0,0.5869852421075895,0.59010744297122,0.5775457365789346,0.5763719550582709,0.5906260499953159,0.5910318668679098,0.5927867911546683,0.593175253760209,0.58999076676961
5,3,0.21145338229597754,0.93864,5000,1.160218596458435,0.935251798561151,834,1.1722176691975457,0.9392,0.7856312670926392,0.08322930681558152,,,0.95,,0.9500025099141609,0.04999749008583909,0.969900338610994,0.39352824238602596,5,0.1,0.5,0.5827132316778351,0.576843951671036,0.5869852421075895,1.0,0.5857782133098707,0.5840435975759125,0.5821427698811585,0.5838343369522562,0.5814513163716925,0.5877847110145222,0.5827591123062797,0.5861525933259357
5,4,0.2045122921656651,0.93904,5000,1.1828348592475608,0.936374549819928,833,1.1722176691975457,0.9392,0.7899521663314119,0.0835612188462418,,,0.95,,0.9500025099141609,0.04999749008583909,0.969900338610994,0.39352824238602596,5,0.1,0.5,0.5866057633207089,0.5878816602030864,0.59010744297122,0.5857782133098707,1.0,0.5891301114184182,0.5850165882876575,0.5848104100984568,0.5831597343631143,0.5952074011639311,0.5886308638011198,0.583632464861442
5,5,0.20908726037770606,0.93784,5000,1.150916839087451,0.9411764705882353,833,1.1722176691975457,0.9392,0.7850233858186434,0.0832332779321113,,,0.95,,0.9500025099141609,0.04999749008583909,0.969900338610994,0.39352824238602596,5,0.1,0.5,0.5835490024991943,0.5807581854031435,0.5775457365789346,0.5840435975759125,0.5891301114184182,1.0,0.5837481572375622,0.57677767437471,0.5802274509472132,0.5867205353409428,0.5861698076456786,0.5858515053942732
5,6,0.21320165977131125,0.93532,5000,1.1563723109386586,0.9531812725090036,833,1.1722176691975457,0.9392,0.7842978638529494,0.0833155555244472,,,0.95,,0.9500025099141609,0.04999749008583909,0.969900338610994,0.39352824238602596,5,0.1,0.5,0.581835590281955,0.5770824154122424,0.5763719550582709,0.5821427698811585,0.5850165882876575,0.5837481572375622,1.0,0.5784959786272583,0.589245430572352,0.583872875615591,0.5790241050852394,0.5900463688895728
5,7,0.21645998029501004,0.9352,5000,1.1811782783932157,0.9399759903961584,833,1.1722176691975457,0.9392,0.7815877488121402,0.08285759033150573,,,0.95,,0.9500025099141609,0.04999749008583909,0.969900338610994,0.39352824238602596,5,0.1,0.5,0.5751212193561757,0.5739334008725139,0.5906260499953159,0.5838343369522562,0.5848104100984568,0.57677767437471,0.5784959786272583,1.0,0.5847629872542905,0.5854575643292576,0.5770740902349957,0.5731301187229885
5,8,0.21458417048357475,0.9354,5000,1.189743995666504,0.9423769507803121,833,1.1722176691975457,0.9392,0.7866384216444553,0.08335689148700416,,,0.95,,0.9500025099141609,0.04999749008583909,0.969900338610994,0.39352824238602596,5,0.1,0.5,0.5858317925944143,0.5761672279747827,0.5910318668679098,0.5814513163716925,0.5831597343631143,0.5802274509472132,0.589245430572352,0.5847629872542905,1.0,0.5840432331183801,0.5853842905619777,0.587988547288214
5,9,0.2114418062701774,0.93676,5000,1.1733584139082167,0.9411764705882353,833,1.1722176691975457,0.9392,0.7909741796470905,0.08343918351655669,,,0.95,,0.9500025099141609,0.04999749008583909,0.969900338610994,0.39352824238602596,5,0.1,0.5,0.5907516672428256,0.5853589551906649,0.5927867911546683,0.5877847110145222,0.5952074011639311,0.5867205353409428,0.583872875615591,0.5854575643292576,0.5840432331183801,1.0,0.590274550273251,0.5884992378461216
5,10,0.2179700279032966,0.9372,5000,1.160979868085296,0.929171668667467,833,1.1722176691975457,0.9392,0.7890966364585393,0.08351735448739862,,,0.95,,0.9500025099141609,0.04999749008583909,0.969900338610994,0.39352824238602596,5,0.1,0.5,0.5835817137028972,0.5941934861172752,0.593175253760209,0.5827591123062797,0.5886308638011198,0.5861698076456786,0.5790241050852394,0.5770740902349957,0.5853842905619777,0.590274550273251,1.0,0.5916703516157524
5,11,0.20596124422558507,0.93612,5000,1.1784513879705358,0.9375750300120048,833,1.1722176691975457,0.9392,0.7884287520386228,0.08341083750296598,,,0.95,,0.9500025099141609,0.04999749008583909,0.969900338610994,0.39352824238602596,5,0.1,0.5,0.5816388521222641,0.5876125675591558,0.58999076676961,0.5861525933259357,0.583632464861442,0.5858515053942732,0.5900463688895728,0.5731301187229885,0.587988547288214,0.5884992378461216,0.5916703516157524,1.0
6,0,0.20833094142151962,0.93792,5000,0.9056654263425756,0.9580335731414868,834,0.9345559761547052,0.9464,0.770389701587391,0.08318157164732486,,,0.95,,0.9500025099141609,0.04999749008583909,0.9679075261810053,0.3867200141110162,5,0.1,0.5,1.0,0.5585345743470201,0.5637216772741521,0.550273378183606,0.5656514044702546,0.5611078917184166,0.5683099384022734,0.5515063383597193,0.5583679949203894,0.5549450742412901,0.5643258858617957,0.5537938352923901
6,1,0.20269010805874874,0.94032,5000,0.9535951658531472,0.9436450839328537,834,0.9345559761547052,0.9464,0.773945210352641,0.08329022154990685,,,0.95,,0.9500025099141609,0.04999749008583909,0.9679075261810053,0.3867200141110162,5,0.1,0.5,0.5585345743470201,1.0,0.5704313784893645,0.5558023876614328,0.5649131399454035,0.5648757005075958,0.5681070663442963,0.5494653918100394,0.557290834616756,0.5611543225914595,0.5729128801297861,0.5601353147328431
6,2,0.19755196748864925,0.93768,5000,0.9657862959084688,0.9304556354916067,834,0.9345559761547052,0.9464,0.7765538419208423,0.08360117004837417,,,0.95,,0.9500025099141609,0.04999749008583909,0.9679075261810053,0.3867200141110162,5,0.1,0.5,0.5637216772741521,0.5704313784893645,1.0,0.5570094631769482,0.5644660093537169,0.557231473813328,0.5668139520022165,0.5558603224671527,0.5688716309239785,0.5646929288614162,0.5709653231937657,0.5661172025965407
6,3,0.20041777007192801,0.94132,5000,0.9215417438083224,0.9436450839328537,834,0.9345559761547052,0.9464,0.7665507982434554,0.0830198249451215,,,0.95,,0.9500025099141609,0.04999749008583909,0.9679075261810053,0.3867200141110162,5,0.1,0.5,0.550273378183606,0.5558023876614328,0.5570094631769482,1.0,0.5563015594478559,0.5517488408272215,0.556382833503928,0.5533740580800172,0.5590574661205697,0.558563213925568,0.5634296679511467,0.5532098679896885
6,4,0.18537371758442775,0.94436,5000,0.9474251181991012,0.943577430972389,833,0.9345559761547052,0.9464,0.7790181792847655,0.08368364581615106,,,0.95,,0.9500025099141609,0.04999749008583909,0.9679075261810053,0.3867200141110162,5,0.1,0.5,0.5656514044702546,0.5649131399454035,0.5644660093537169,0.5563015594478559,1.0,0.5734394345955063,0.569969277195098,0.5677003046615603,0.5696631831537863,0.5736670656957474,0.5651421137598578,0.558267448569926
6,5,0.19722304809779215,0.94016,5000,0.913129410258046,0.9495798319327731,833,0.9345559761547052,0.9464,0.7724603590396627,0.08323144939044336,,,0.95,,0.9500025099141609,0.04999749008583909,0.9679075261810053,0.3867200141110162,5,0.1,0.5,0.5611078917184166,0.5648757005075958,0.557231473813328,0.5517488408272215,0.5734394345955063,1.0,0.567162208867186,0.5499213481736523,0.5558256069002839,0.55798857857104,0.5717415883486531,0.5588690429843735
6,6,0.19431936112588424,0.94272,5000,0.9174190627204047,0.963985594237695,833,0.9345559761547052,0.9464,0.7773091830544112,0.08345817520773909,,,0.95,,0.9500025099141609,0.04999749008583909,0.9679075261810053,0.3867200141110162,5,0.1,0.5,0.5683099384022734,0.5681070663442963,0.5668139520022165,0.556382833503928,0.569969277195098,0.567162208867186,1.0,0.5537459805877873,0.5664351027723842,0.5679713600611952,0.564635795302202,0.5649681695072372
6,7,0.2030213158263285,0.93936,5000,0.9420404301749336,0.943577430972389,833,0.9345559761547052,0.9464,0.7663790684677821,0.08276402532160776,,,0.95,,0.9500025099141609,0.04999749008583909,0.9679075261810053,0.3867200141110162,5,0.1,0.5,0.5515063383597193,0.5494653918100394,0.5558603224671527,0.5533740580800172,0.5677003046615603,0.5499213481736523,0.5537459805877873,1.0,0.5642123134209447,0.552483161716872,0.5614243637112228,0.55582908442598
6,8,0.20168245854212125,0.93868,5000,0.9530151729230527,0.9519807923169268,833,0.9345559761547052,0.9464,0.7744087242849698,0.08338338811045634,,,0.95,,0.9500025099141609,0.04999749008583909,0.9679075261810053,0.3867200141110162,5,0.1,0.5,0.5583679949203894,0.557290834616756,0.5688716309239785,0.5590574661205697,0.5696631831537863,0.5558256069002839,0.5664351027723842,0.5642123134209447,1.0,0.5586525319367153,0.5646437846295626,0.5643832458259398
6,9,0.2081355285000317,0.93816,5000,0.9350533772397924,0.943577430972389,833,0.9345559761547052,0.9464,0.7731398906566305,0.08339380895575302,,,0.95,,0.9500025099141609,0.04999749008583909,0.9679075261810053,0.3867200141110162,5,0.1,0.5,0.5549450742412901,0.5611543225914595,0.5646929288614162,0.558563213925568,0.5736670656957474,0.55798857857104,0.5679713600611952,0.552483161716872,0.5586525319367153,1.0,0.5586783460247399,0.5663438062605665
6,10,0.19757426989496135,0.94276,5000,0.9286967659438098,0.936374549819928,833,0.9345559761547052,0.9464,0.7786092464049743,0.08363971727682808,,,0.95,,0.9500025099141609,0.04999749008583909,0.9679075261810053,0.3867200141110162,5,0.1,0.5,0.5643258858617957,0.5729128801297861,0.5709653231937657,0.5634296679511467,0.5651421137598578,0.5717415883486531,0.564635795302202,0.5614243637112228,0.5646437846295626,0.5586783460247399,1.0,0.5676855614553796
6,11,0.19167354173163414,0.94016,5000,0.9401842223273383,0.9483793517406963,833,0.9345559761547052,0.9464,0.7725243839952012,0.08335300173029402,,,0.95,,0.9500025099141609,0.04999749008583909,0.9679075261810053,0.3867200141110162,5,0.1,0.5,0.5537938352923901,0.5601353147328431,0.5661172025965407,0.5532098679896885,0.558267448569926,0.5588690429843735,0.5649681695072372,0.55582908442598,0.5643832458259398,0.5663438062605665,0.5676855614553796,1.0
7,0,0.1959191115323905,0.94032,5000,0.6982402911892643,0.9628297362110312,834,0.7281843347671314,0.9516,0.7512807084554736,0.08306770051911892,,,0.8540870762092866,,0.854098689824808,0.14590131017519203,0.9649142398614204,0.377829996945901,5,0.1,0.5,1.0,0.5193252058978225,0.5410844038944594,0.5254890331488125,0.530335635144479,0.5352233224148458,0.5304109421259859,0.5188641160176055,0.5289004929782879,0.53282531764343,0.5283837744891287,0.5243019222170907
7,1,0.19636667557995008,0.94252,5000,0.7463067549246328,0.947242206235012,834,0.7281884575804202,0.9516,0.747107202046846,0.08299256193796124,,,0.8452997631350138,,0.8453190100898549,0.15468098991014512,0.9648574950771217,0.3778097473117107,5,0.1,0.5,0.5193252058978225,1.0,0.5404662419711321,0.5204439389777799,0.5293409433398969,0.5276887004810964,0.5212038120847194,0.5152143048544888,0.5217632393050887,0.5280855243719694,0.5282798305067323,0.524825223335976
7,2,0.18086312076871752,0.94452,5000,0.7621595307632729,0.9424460431654677,834,0.7280129093331651,0.9515,0.7663296575772421,0.08388783301452657,,,0.9499999998830518,,0.9500025099141609,0.04999749008583909,0.9651779486240433,0.3779283860472722,5,0.1,0.5,0.5410844038944594,0.5404662419711321,1.0,0.5368743482979886,0.5471791866830898,0.5366106927990395,0.5393156910518224,0.5321896052906769,0.5476398478461479,0.5485116964087645,0.5410923657568284,0.5383589597028163
