round,client_id,client_i_training_loss,client_i_training_accuracy,client_i_training_dataset_size,client_i_evaluation_loss,client_i_evaluation_accuracy,client_i_evaluation_dataset_size,client_i_central_evaluation_loss,client_i_central_evaluation_accuracy,client_i_cosine_similarity,client_i_importance_coefficient,client_i_tanh_val,tanh_normalization_value,client_i_q,client_i_mask_order,client_i_v_nonzero_fraction,client_i_v_sparsity,client_i_v_cosine_similarity,client_i_reward_gradient_norm,local_epochs,learning_rate,gamma,client_0_cosine_similarity,client_1_cosine_similarity,client_2_cosine_similarity,client_3_cosine_similarity,client_4_cosine_similarity,client_5_cosine_similarity,client_6_cosine_similarity,client_7_cosine_similarity,client_8_cosine_similarity,client_9_cosine_similarity,client_10_cosine_similarity,client_11_cosine_similarity
0,0,2.2928235855969517,0.12742980561555076,4167,2.30123393876212,0.10311750599520383,834,2.2964851795872554,0.1165,0.9675025107347544,0.08301031068190776,,,0.715589885107573,,0.7156343351322804,0.28436566486771964,0,0.14556499145960228,10,0.025,0.15,1.0,0.9244492661055668,0.9355399339777841,0.9366632748931866,0.9311065367338629,0.9049940501017797,0.948786420667965,0.937343829254881,0.9425614487804379,0.9374366407933251,0.9442985373486975,0.9332601776078151
0,1,2.2897409265691584,0.14480441564674826,4167,2.299853937966483,0.10551558752997602,834,2.2964962735960754,0.1166,0.9666987222127451,0.08294134679375839,,,0.6977208482139956,,0.6977686455084089,0.3022313544915911,0,0.14550455350412442,10,0.025,0.15,0.9244492661055668,1.0,0.9434019757397469,0.9095885007521133,0.9329294826113302,0.9386952111388127,0.9551231459828209,0.9124685084977401,0.9329932896068757,0.9280879039830905,0.9476329139118228,0.9417006304998066
0,2,2.290521998116464,0.13801295896328294,4167,2.298344850540161,0.09352517985611511,834,2.2964636011968684,0.1165,0.9791372893160746,0.08400855779138257,,,0.9742428541727566,,0.9742866102226403,0.025713389777359708,0,0.1456899531883021,10,0.025,0.15,0.9355399339777841,0.9434019757397469,1.0,0.9503523382992632,0.9213466139754491,0.9439800516976785,0.9617691947662111,0.9379154798246017,0.9522627689366738,0.9473589733361923,0.9589102351094115,0.9592118802918701
0,3,2.290947523984042,0.11324694024478042,4167,2.2954063415527344,0.1354916067146283,834,2.296483939207053,0.1165,0.9678390365045658,0.08303918410434807,,,0.7230711954668793,,0.7231106930072123,0.2768893069927877,0,0.14557235249405304,10,0.025,0.15,0.9366632748931866,0.9095885007521133,0.9503523382992632,1.0,0.9362620977204508,0.9248551348537264,0.9462337246124383,0.9276746016866606,0.9406527281591794,0.9439754303822575,0.9329573878148147,0.9311447384763717
0,4,2.289610982663704,0.11682265418766499,4167,2.293855701174055,0.10804321728691477,833,2.296504536761513,0.1165,0.9648546441676977,0.08278312757495263,,,0.6567251164769752,,0.656772457955802,0.34322754204419803,0,0.14544469193396664,10,0.025,0.15,0.9311065367338629,0.9329294826113302,0.9213466139754491,0.9362620977204508,1.0,0.9324646343611855,0.9276452679282483,0.9168214320065609,0.939820238207884,0.9527543883468953,0.9335912842746714,0.9208366382766154
0,5,2.2915089693936435,0.1318214542836573,4167,2.294034004211426,0.14285714285714285,833,2.2965065165411067,0.1165,0.9645521336594055,0.08275717261256312,,,0.65,,0.6500140284860788,0.3499859715139212,0,0.14543067544284133,10,0.025,0.15,0.9049940501017797,0.9386952111388127,0.9439800516976785,0.9248551348537264,0.9324646343611855,1.0,0.9362911664183373,0.913073285291309,0.9450621865684466,0.9311094081712493,0.9253278407875004,0.9462002781865956
0,6,2.2908697258342396,0.14446844252459803,4167,2.2967890671321323,0.10084033613445378,833,2.296463574035258,0.1165,0.9793962583671076,0.08403077695995809,,,0.9799999997408928,,0.9800300374643098,0.019969962535690167,0,0.14568999798317542,10,0.025,0.15,0.948786420667965,0.9551231459828209,0.9617691947662111,0.9462337246124383,0.9276452679282483,0.9362911664183373,1.0,0.9436318808551248,0.9569238082494432,0.9405776718624267,0.950205282274324,0.9478746590694155
0,7,2.29113837444421,0.13801295896328294,4167,2.2973396437508717,0.11524609843937575,833,2.296501974516277,0.1165,0.9653148732803337,0.08282261456459956,,,0.6669564780453552,,0.6670050007426845,0.33299499925731546,0,0.14546109347302913,10,0.025,0.15,0.937343829254881,0.9124685084977401,0.9379154798246017,0.9276746016866606,0.9168214320065609,0.913073285291309,0.9436318808551248,1.0,0.959230141034627,0.9436756802071726,0.9425677768465363,0.916543242785357
0,8,2.2920671564159973,0.12916466634661547,4166,2.2975189685821533,0.10804321728691477,833,2.296463607232782,0.1165,0.9789640309069361,0.08399369247143636,,,0.9703911434052551,,0.9704411546269248,0.029558845373075182,0,0.14568990238177218,10,0.025,0.15,0.9425614487804379,0.9329932896068757,0.9522627689366738,0.9406527281591794,0.939820238207884,0.9450621865684466,0.9569238082494432,0.959230141034627,1.0,0.9558607395691151,0.9483191610657882,0.9363491975845687
0,9,2.2873555103937786,0.11697071531445032,4166,2.293874842779977,0.12725090036014405,833,2.2964648566668546,0.1165,0.9743813203112971,0.08360050255607337,,,0.8685128228473035,,0.8685448333910977,0.13145516660890233,0,0.14567318955100103,10,0.025,0.15,0.9374366407933251,0.9280879039830905,0.9473589733361923,0.9439754303822575,0.9527543883468953,0.9311094081712493,0.9405776718624267,0.9436756802071726,0.9558607395691151,1.0,0.9522002340045689,0.9235883397094197
0,10,2.289990635351701,0.11452232357177149,4166,2.294769491468157,0.1212484993997599,833,2.296463945243932,0.1165,0.9766858390739942,0.08379822691992903,,,0.9197446203475186,,0.9197900678318562,0.08020993216814376,0,0.1456875138927032,10,0.025,0.15,0.9442985373486975,0.9476329139118228,0.9589102351094115,0.9329573878148147,0.9335912842746714,0.9253278407875004,0.950205282274324,0.9425677768465363,0.9483191610657882,0.9522002340045689,1.0,0.9474761750438982
0,11,2.293511829954205,0.13408545367258762,4166,2.2950967039380754,0.13565426170468187,833,2.2964782865741586,0.1166,0.9698822280115542,0.08321448696909096,,,0.7684934221089741,,0.76853823175059,0.23146176824941,0,0.14560560634329123,10,0.025,0.15,0.9332601776078151,0.9417006304998066,0.9592118802918701,0.9311447384763717,0.9208366382766154,0.9462002781865956,0.9478746590694155,0.916543242785357,0.9363491975845687,0.9235883397094197,0.9474761750438982,1.0
1,0,2.2081743359565733,0.19575233981281498,4167,2.2917419501713345,0.11510791366906475,834,2.2857949190501925,0.1305,0.9850436203153096,0.08309973134251994,,,0.98,,0.9800300374643098,0.019969962535690167,0.8560272736075036,0.14791665893260333,10,0.025,0.15,1.0,0.9685822682784591,0.9654064363242869,0.9706364423360107,0.9671512612150086,0.9710074114229309,0.9714159664274888,0.9705684393579086,0.969609466398929,0.9675966176360336,0.967841964555918,0.9666806244685876
1,1,2.1863686366514727,0.20791936645068396,4167,2.2895076274871826,0.11870503597122302,834,2.2858084062986737,0.1302,0.9851471388193037,0.08306059199969439,,,0.98,,0.9800300374643098,0.019969962535690167,0.8564828221542081,0.14791665893260333,10,0.025,0.15,0.9685822682784591,1.0,0.9698093567466675,0.961695134449839,0.9681215712178248,0.9709718071787247,0.9706444530747182,0.9665855326335385,0.9708428085017642,0.9720297290267158,0.972131348569323,0.9662062344691729
1,2,2.1839709755146144,0.20863930885529158,4167,2.288028751100813,0.10071942446043165,834,2.285766770568075,0.1306,0.9857545159741904,0.08373792402084651,,,0.98,,0.9800300374643098,0.019969962535690167,0.8553006704306823,0.14791665893260333,10,0.025,0.15,0.9654064363242869,0.9698093567466675,1.0,0.9686138384426396,0.9677266324410705,0.9722376596177662,0.9741905313984649,0.9667581859152832,0.9710631947510973,0.9709844834751399,0.9682130210882742,0.9694352646090423
1,3,2.196979581587242,0.18864890808735302,4167,2.28494998386928,0.14388489208633093,834,2.2857930267913433,0.1305,0.9833038998298999,0.08306110021348508,,,0.98,,0.9800300374643098,0.019969962535690167,0.8559983094866849,0.14791665893260333,10,0.025,0.15,0.9706364423360107,0.961695134449839,0.9686138384426396,1.0,0.9658774236078436,0.9670385154246532,0.9704014893079341,0.9680039302481458,0.9672856605746972,0.9671279591359278,0.9652325066207236,0.9639161951327933
1,4,2.1927660591674574,0.19164866810655148,4167,2.281937667301723,0.1404561824729892,833,2.285821673236316,0.1303,0.9865983830982732,0.08301016209020491,,,0.98,,0.9800300374643098,0.019969962535690167,0.8564856112242241,0.14791665893260333,10,0.025,0.15,0.9671512612150086,0.9681215712178248,0.9677266324410705,0.9658774236078436,1.0,0.9741990176185378,0.9723050240777981,0.9723632879432127,0.9714510912320244,0.9763511076159211,0.9717054857716418,0.967657611382762
1,5,2.206032015699329,0.2003839692824574,4167,2.282311337334769,0.148859543817527,833,2.28582405440415,0.1302,0.987884134390716,0.08303586828540922,,,0.98,,0.9800300374643098,0.019969962535690167,0.8565275247081623,0.14791665893260333,10,0.025,0.15,0.9710074114229309,0.9709718071787247,0.9722376596177662,0.9670385154246532,0.9741990176185378,1.0,0.975217223394322,0.9687079808429815,0.9740501730477674,0.9709137963640834,0.9687020996542783,0.9770627190814585
1,6,2.191384523565119,0.2080153587712983,4167,2.285186529159546,0.12244897959183673,833,2.285766749442378,0.1306,0.9866573113696624,0.08378089572027869,,,0.98,,0.9800300374643098,0.019969962535690167,0.8552996986020919,0.14791665893260333,10,0.025,0.15,0.9714159664274888,0.9706444530747182,0.9741905313984649,0.9704014893079341,0.9723050240777981,0.975217223394322,1.0,0.9660100202284093,0.9715375106377396,0.9695943288551339,0.9663501437319884,0.9675362725608163
1,7,2.195280732530536,0.21101511879049675,4167,2.287846394947597,0.12965186074429771,833,2.2858180637601055,0.1303,0.9855772125019048,0.08300137555966548,,,0.98,,0.9800300374643098,0.019969962535690167,0.8565291265803248,0.14791665893260333,10,0.025,0.15,0.9705684393579086,0.9665855326335385,0.9667581859152832,0.9680039302481458,0.9723632879432127,0.9687079808429815,0.9660100202284093,1.0,0.9737528258722096,0.9720524633308435,0.9699435371956574,0.968108472568295
1,8,2.205453702175256,0.19239078252520403,4166,2.2868127141680037,0.12004801920768307,833,2.2857667645321618,0.1306,0.9877478029739528,0.08379341096306807,,,0.98,,0.9800300374643098,0.019969962535690167,0.855311215247253,0.14791665893260333,10,0.025,0.15,0.969609466398929,0.9708428085017642,0.9710631947510973,0.9672856605746972,0.9714510912320244,0.9740501730477674,0.9715375106377396,0.9737528258722096,1.0,0.971346082167586,0.9734280929025431,0.9737586658640343
1,9,2.1792907024874832,0.20480076812289966,4166,2.2821602480752126,0.14285714285714285,833,2.2857689585866807,0.1306,0.9871778277471683,0.08353263505492958,,,0.98,,0.9800300374643098,0.019969962535690167,0.8551520870062019,0.14791665893260333,10,0.025,0.15,0.9675966176360336,0.9720297290267158,0.9709844834751399,0.9671279591359278,0.9763511076159211,0.9709137963640834,0.9695943288551339,0.9720524633308435,0.971346082167586,1.0,0.9734057333987469,0.9701230696536898
1,10,2.1940458142396175,0.19913586173787806,4166,2.2830890927995955,0.13085234093637454,833,2.2857673258721074,0.1306,0.9864866596022327,0.08363205983521996,,,0.98,,0.9800300374643098,0.019969962535690167,0.8553445807353913,0.14791665893260333,10,0.025,0.15,0.967841964555918,0.972131348569323,0.9682130210882742,0.9652325066207236,0.9717054857716418,0.9687020996542783,0.9663501437319884,0.9699435371956574,0.9734280929025431,0.9734057333987469,1.0,0.9763072943249992
1,11,2.2034953301603144,0.19992798847815652,4166,2.2852451460702077,0.15006002400960383,833,2.2857853340197214,0.1305,0.9859284352558708,0.08325424491467821,,,0.98,,0.9800300374643098,0.019969962535690167,0.8557198234545615,0.14791665893260333,10,0.025,0.15,0.9666806244685876,0.9662062344691729,0.9694352646090423,0.9639161951327933,0.967657611382762,0.9770627190814585,0.9675362725608163,0.968108472568295,0.9737586658640343,0.9701230696536898,0.9763072943249992,1.0
2,0,2.1277919975194064,0.23794096472282217,4167,2.277770893914359,0.13069544364508393,834,2.269849445246443,0.1524,0.9800152865712992,0.08311104300196828,,,0.98,,0.9800300374643098,0.019969962535690167,0.9597897503617232,0.1473632387809545,10,0.025,0.15,1.0,0.9596469136593578,0.955411551415679,0.9550788668176279,0.9607166441958078,0.9673574268922829,0.9599925615876727,0.9593395914890501,0.9576470329066568,0.9596466682777569,0.9605699194036129,0.9582082950980186
2,1,2.1017275456226234,0.2490280777537797,4167,2.273952075413295,0.13908872901678657,834,2.2698646949816355,0.1524,0.9825037039597024,0.08316771151855076,,,0.98,,0.9800300374643098,0.019969962535690167,0.9597897503617232,0.1473632387809545,10,0.025,0.15,0.9596469136593578,1.0,0.9619853810123057,0.9531995693607762,0.964331898893081,0.9648385447099251,0.961678450979515,0.9610142712516475,0.9636956776409121,0.9649246747431787,0.9666891202228945,0.960865188948352
2,2,2.1038364843888715,0.2502279817614591,4167,2.2725978578839983,0.1223021582733813,834,2.269817391528359,0.1519,0.9806530178191032,0.08352558620871925,,,0.98,,0.9800300374643098,0.019969962535690167,0.9597897503617232,0.1473632387809545,10,0.025,0.15,0.955411551415679,0.9619853810123057,1.0,0.9620723646308669,0.9567571596782078,0.9627097064541823,0.9617753087586561,0.9570853653269238,0.9614589175565197,0.9623279683689402,0.9585851288586784,0.9605853169462051
2,3,2.1202185135899168,0.23102951763858892,4167,2.2690632343292236,0.17386091127098321,834,2.269847453395023,0.1523,0.9796582263659146,0.08307560665026621,,,0.98,,0.9800300374643098,0.019969962535690167,0.9597897503617232,0.1473632387809545,10,0.025,0.15,0.9550788668176279,0.9531995693607762,0.9620723646308669,1.0,0.9563537900972113,0.961442469878923,0.9636288323951239,0.9598197003024656,0.9602101358510305,0.9608672355468899,0.9589561052958672,0.9576769430012192
2,4,2.11017777558529,0.23815694744420446,4167,2.264655828475952,0.16686674669867949,833,2.2698866717423063,0.1523,0.9836842380469651,0.08317493375490514,,,0.98,,0.9800300374643098,0.019969962535690167,0.9597897503617232,0.1473632387809545,10,0.025,0.15,0.9607166441958078,0.964331898893081,0.9567571596782078,0.9563537900972113,1.0,0.9655857524950717,0.964778486399415,0.965088338768359,0.9663703709196155,0.9699591987536209,0.9667907821298857,0.9600892689729656
2,5,2.126484097856464,0.24358051355891527,4167,2.264846086502075,0.16806722689075632,833,2.2698902721646466,0.1521,0.9846724169252433,0.0832228922504051,,,0.98,,0.9800300374643098,0.019969962535690167,0.9597897503617232,0.1473632387809545,10,0.025,0.15,0.9673574268922829,0.9648385447099251,0.9627097064541823,0.961442469878923,0.9655857524950717,1.0,0.9678821728028351,0.9620584360448824,0.9641377211508392,0.963446738065673,0.9613555623671073,0.9676800957722526
2,6,2.1103897560726512,0.25128389728821693,4167,2.2677996158599854,0.148859543817527,833,2.2698173854924457,0.1519,0.9821201208516628,0.08359975430456908,,,0.98,,0.9800300374643098,0.019969962535690167,0.9597897503617232,0.1473632387809545,10,0.025,0.15,0.9599925615876727,0.961678450979515,0.9617753087586561,0.9636288323951239,0.964778486399415,0.9678821728028351,1.0,0.9554405736334664,0.9607229037218515,0.9645578880810763,0.9593228578420849,0.9583040518399124
2,7,2.1121420181158816,0.2552435805135589,4167,2.273460728781564,0.1452581032412965,833,2.2698803370511986,0.1521,0.9817951902400253,0.08310815703435256,,,0.98,,0.9800300374643098,0.019969962535690167,0.9597897503617232,0.1473632387809545,10,0.025,0.15,0.9593395914890501,0.9610142712516475,0.9570853653269238,0.9598197003024656,0.965088338768359,0.9620584360448824,0.9554405736334664,1.0,0.9652344777960336,0.9658175767311835,0.9628345691028866,0.9608860537576068
2,8,2.127670149008433,0.2314930388862218,4166,2.270845413208008,0.14165666266506602,833,2.2698174790491032,0.1519,0.9838746855380693,0.08366446413495415,,,0.98,,0.9800300374643098,0.019969962535690167,0.9597897503617232,0.1473632387809545,10,0.025,0.15,0.9576470329066568,0.9636956776409121,0.9614589175565197,0.9602101358510305,0.9663703709196155,0.9641377211508392,0.9607229037218515,0.9652344777960336,1.0,0.964189553209956,0.9678158608790682,0.9672813806247719
2,9,2.0955359079621054,0.2487037926068171,4166,2.2645866870880127,0.1644657863145258,833,2.2698208651965177,0.1521,0.9842434813204566,0.0835155168224894,,,0.98,,0.9800300374643098,0.019969962535690167,0.9597897503617232,0.1473632387809545,10,0.025,0.15,0.9596466682777569,0.9649246747431787,0.9623279683689402,0.9608672355468899,0.9699591987536209,0.963446738065673,0.9645578880810763,0.9658175767311835,0.964189553209956,1.0,0.9652068391102295,0.962284855941009
2,10,2.1115157069581927,0.2458233317330773,4166,2.265578099659511,0.15606242496998798,833,2.2698182425921476,0.1519,0.983525506036298,0.08355355292574104,,,0.98,,0.9800300374643098,0.019969962535690167,0.9597897503617232,0.1473632387809545,10,0.025,0.15,0.9605699194036129,0.9666891202228945,0.9585851288586784,0.9589561052958672,0.9667907821298857,0.9613555623671073,0.9593228578420849,0.9628345691028866,0.9678158608790682,0.9652068391102295,1.0,0.966597526639119
2,11,2.121905557314555,0.23941430628900623,4166,2.2708037240164622,0.16806722689075632,833,2.269839467881601,0.1523,0.9823056127634279,0.0832807813930791,,,0.98,,0.9800300374643098,0.019969962535690167,0.9597897503617232,0.1473632387809545,10,0.025,0.15,0.9582082950980186,0.960865188948352,0.9605853169462051,0.9576769430012192,0.9600892689729656,0.9676800957722526,0.9583040518399124,0.9608860537576068,0.9672813806247719,0.962284855941009,0.966597526639119,1.0
3,0,2.065658688545227,0.26359491240700744,4167,2.258639335632324,0.18465227817745802,834,2.2483534480952008,0.2158,0.9781470294411513,0.08314836697228331,,,0.98,,0.9800300374643098,0.019969962535690167,0.9800056748562693,0.14694183022859353,10,0.025,0.15,1.0,0.9551223465388534,0.9520196097517517,0.9497224424546419,0.9589420824593622,0.9621387698526955,0.9547553704105606,0.9561277484550395,0.9513172206501518,0.9535661790964245,0.954228789338794,0.9506685834628468
3,1,2.037862293286757,0.2740820734341253,4167,2.2529413359505788,0.19904076738609114,834,2.248370074018647,0.2146,0.9797475329105468,0.08323541542334491,,,0.98,,0.9800300374643098,0.019969962535690167,0.9800056748562693,0.14694183022859353,10,0.025,0.15,0.9551223465388534,1.0,0.9579337350646051,0.9495218754122229,0.9583829374979305,0.9569825172408489,0.9556487134640285,0.9535712527541869,0.9544532664134961,0.960333558071582,0.9604889653207703,0.9548808676161975
3,2,2.0486779216564064,0.2752579793616511,4167,2.2516024793897356,0.20743405275779375,834,2.248318756682963,0.215,0.9782295495991258,0.0834071460778019,,,0.98,,0.9800300374643098,0.019969962535690167,0.9800056748562693,0.14694183022859353,10,0.025,0.15,0.9520196097517517,0.9579337350646051,1.0,0.9569054659977762,0.9502147188104156,0.9546220748914567,0.9536426909951007,0.9548179744700692,0.9552309862412857,0.9584860813503565,0.9525257390558838,0.9529223250446177
3,3,2.0615933114832097,0.2614590832733381,4167,2.247676576886858,0.20743405275779375,834,2.248352132266081,0.2158,0.9785842079030186,0.08314068986093585,,,0.98,,0.9800300374643098,0.019969962535690167,0.9800056748562693,0.14694183022859353,10,0.025,0.15,0.9497224424546419,0.9495218754122229,0.9569054659977762,1.0,0.9522471168838021,0.9568172231447205,0.9577756958261091,0.9576320972912105,0.9557888732706076,0.9582984811677939,0.9543999894347215,0.9545865766304471
3,4,2.0471314094283364,0.2668586513078954,4167,2.2416810308183943,0.22809123649459784,833,2.2484014788760414,0.2146,0.9804609320734538,0.08326307310720597,,,0.98,,0.9800300374643098,0.019969962535690167,0.9800056748562693,0.14694183022859353,10,0.025,0.15,0.9589420824593622,0.9583829374979305,0.9502147188104156,0.9522471168838021,1.0,0.9559327804281859,0.9573929369127143,0.9596163814687196,0.957668343867586,0.9616505076027456,0.9597438626440765,0.9539425301749338
3,5,2.0662241747885037,0.26630669546436286,4167,2.241439070020403,0.23529411764705882,833,2.248406449450722,0.2146,0.9805577636176038,0.08329584929312764,,,0.98,,0.9800300374643098,0.019969962535690167,0.9800056748562693,0.14694183022859353,10,0.025,0.15,0.9621387698526955,0.9569825172408489,0.9546220748914567,0.9568172231447205,0.9559327804281859,1.0,0.9597343576647789,0.95652502888797,0.953881273926363,0.9559291693415388,0.9541454777643859,0.9601786062945893
3,6,2.050255496935411,0.2779937604991601,4167,2.244497299194336,0.23649459783913565,833,2.2483187657368333,0.215,0.978212564199255,0.08345241327764284,,,0.98,,0.9800300374643098,0.019969962535690167,0.9800056748562693,0.14694183022859353,10,0.025,0.15,0.9547553704105606,0.9556487134640285,0.9536426909951007,0.9577756958261091,0.9573929369127143,0.9597343576647789,1.0,0.9489885672133026,0.9505422668504098,0.9585194837420609,0.951909702946154,0.9501992691930481
3,7,2.049193840315848,0.28039356851451885,4167,2.253805467060634,0.20888355342136855,833,2.2483927086938786,0.2145,0.9799679898347425,0.08320579201226601,,,0.98,,0.9800300374643098,0.019969962535690167,0.9800056748562693,0.14694183022859353,10,0.025,0.15,0.9561277484550395,0.9535712527541869,0.9548179744700692,0.9576320972912105,0.9596163814687196,0.95652502888797,0.9489885672133026,1.0,0.9601256900387808,0.9587183945359675,0.9577200607400191,0.956148657799793
3,8,2.0606726332144305,0.2616418626980317,4166,2.2494072573525563,0.20168067226890757,833,2.2483188562755343,0.215,0.9798712966589141,0.08354632277810743,,,0.98,,0.9800300374643098,0.019969962535690167,0.9800056748562693,0.14694183022859353,10,0.025,0.15,0.9513172206501518,0.9544532664134961,0.9552309862412857,0.9557888732706076,0.957668343867586,0.953881273926363,0.9505422668504098,0.9601256900387808,1.0,0.9554747786165322,0.9620822015061338,0.9619934462049233
3,9,2.035771653507695,0.27534805568891024,4166,2.2408443859645297,0.24129651860744297,833,2.248324367064464,0.2155,0.9813996379919891,0.08350399980837588,,,0.98,,0.9800300374643098,0.019969962535690167,0.9800056748562693,0.14694183022859353,10,0.025,0.15,0.9535661790964245,0.960333558071582,0.9584860813503565,0.9582984811677939,0.9616505076027456,0.9559291693415388,0.9585194837420609,0.9587183945359675,0.9554747786165322,1.0,0.9588557604967656,0.9567758772516695
3,10,2.0499951434857917,0.27518002880460873,4166,2.2422263622283936,0.2304921968787515,833,2.248319828057591,0.215,0.9806757163342738,0.08350395963012819,,,0.98,,0.9800300374643098,0.019969962535690167,0.9800056748562693,0.14694183022859353,10,0.025,0.15,0.954228789338794,0.9604889653207703,0.9525257390558838,0.9543999894347215,0.9597438626440765,0.9541454777643859,0.951909702946154,0.9577200607400191,0.9620822015061338,0.9588557604967656,1.0,0.9619722251087501
3,11,2.06058838114594,0.26507441190590497,4166,2.251385450363159,0.20048019207683074,833,2.2483453629892085,0.2157,0.9794923917269949,0.08329697175877994,,,0.98,,0.9800300374643098,0.019969962535690167,0.9800056748562693,0.14694183022859353,10,0.025,0.15,0.9506685834628468,0.9548808676161975,0.9529223250446177,0.9545865766304471,0.9539425301749338,0.9601786062945893,0.9501992691930481,0.956148657799793,0.9619934462049233,0.9567758772516695,0.9619722251087501,1.0
4,0,2.0159099210392344,0.2805135589152868,4167,2.2340595041002547,0.2290167865707434,834,2.2212687594981135,0.2613,0.9740215232081965,0.08316298700402452,,,0.98,,0.9800300374643098,0.019969962535690167,0.9847566424004055,0.14636072682016493,10,0.025,0.15,1.0,0.9461559100833861,0.9437615458878995,0.9417572502954283,0.949265084678044,0.953609110928549,0.9474759589322611,0.9496367282003492,0.9414713401973873,0.9467957321458145,0.9453002318887288,0.9395874006506701
4,1,1.9850426894245725,0.2929205663546916,4167,2.2264925071171353,0.25059952038369304,834,2.2212860795516,0.2599,0.9758292584516075,0.08327571199132269,,,0.98,,0.9800300374643098,0.019969962535690167,0.9847566424004055,0.14636072682016493,10,0.025,0.15,0.9461559100833861,1.0,0.9466355194163876,0.941589869467582,0.9506448007558678,0.9491838010319033,0.9481108820178402,0.9459862867237888,0.9429605923038374,0.9543559815119108,0.9533470600297308,0.9469130530350376
4,2,2.0021551749923012,0.29032877369810417,4167,2.225175108228411,0.24700239808153476,834,2.22123124026045,0.2611,0.9735731484359451,0.08330849642000591,,,0.98,,0.9800300374643098,0.019969962535690167,0.9847566424004055,0.14636072682016493,10,0.025,0.15,0.9437615458878995,0.9466355194163876,1.0,0.9477162056797377,0.9417759199804779,0.9457965386441252,0.9430747198708839,0.9473089817484861,0.9451135497420156,0.9501035125865859,0.9455595681704245,0.942537540919429
4,3,2.0145370985522413,0.28094552435805137,4167,2.2205569403512135,0.25539568345323743,834,2.22126841545105,0.2612,0.9753120088829063,0.08320026030470348,,,0.98,,0.9800300374643098,0.019969962535690167,0.9847566424004055,0.14636072682016493,10,0.025,0.15,0.9417572502954283,0.941589869467582,0.9477162056797377,1.0,0.9445036310587248,0.9482986264029533,0.9499335130826045,0.9505413739574569,0.9484847039040403,0.9502873005386777,0.9486000887116325,0.948173739482427
4,4,1.9955237338037202,0.2872330213582913,4167,2.2130022730146135,0.2857142857142857,833,2.221327141870426,0.2597,0.9762326405442745,0.08330595987733094,,,0.98,,0.9800300374643098,0.019969962535690167,0.9847566424004055,0.14636072682016493,10,0.025,0.15,0.949265084678044,0.9506448007558678,0.9417759199804779,0.9445036310587248,1.0,0.9459650166501026,0.9479826200152214,0.9525796364432007,0.9477198283623501,0.9534930667371022,0.9510759462089334,0.9456054237050775
4,5,2.0163248242753924,0.2849052075833933,4167,2.2120416164398193,0.26410564225690275,833,2.221333141568341,0.2596,0.9766727228185483,0.08334056975275528,,,0.98,,0.9800300374643098,0.019969962535690167,0.9847566424004055,0.14636072682016493,10,0.025,0.15,0.953609110928549,0.9491838010319033,0.9457965386441252,0.9482986264029533,0.9459650166501026,1.0,0.9512963159707991,0.9505837760752504,0.9445876380606056,0.9490685822796845,0.9466958876068751,0.9506908871341697
4,6,2.001650895133163,0.2933525317974562,4167,2.2154414313180104,0.27611044417767105,833,2.22123124026045,0.2611,0.9739831736793902,0.08334985588613548,,,0.98,,0.9800300374643098,0.019969962535690167,0.9847566424004055,0.14636072682016493,10,0.025,0.15,0.9474759589322611,0.9481108820178402,0.9430747198708839,0.9499335130826045,0.9479826200152214,0.9512963159707991,1.0,0.9400006436401065,0.9404036101184374,0.9514841926990352,0.9429821475989072,0.9414346439834305
4,7,2.001898098714424,0.29640028797696183,4167,2.2287711075374057,0.25690276110444177,833,2.2213167932969107,0.2597,0.9771184717602763,0.08329936537691023,,,0.98,,0.9800300374643098,0.019969962535690167,0.9847566424004055,0.14636072682016493,10,0.025,0.15,0.9496367282003492,0.9459862867237888,0.9473089817484861,0.9505413739574569,0.9525796364432007,0.9505837760752504,0.9400006436401065,1.0,0.9515340903527683,0.9517792508761155,0.9520851951316605,0.9489907480001579
4,8,2.010213701652758,0.2803888622179549,4166,2.2226582935878207,0.23649459783913565,833,2.2212313639966745,0.2611,0.9751227617601343,0.08344506842815884,,,0.98,,0.9800300374643098,0.019969962535690167,0.9847566424004055,0.14636072682016493,10,0.025,0.15,0.9414713401973873,0.9429605923038374,0.9451135497420156,0.9484847039040403,0.9477198283623501,0.9445876380606056,0.9404036101184374,0.9515340903527683,1.0,0.9451014874969762,0.9562254841362792,0.9538342869180052
4,9,1.987827316197482,0.292486797887662,4166,2.2111330372946605,0.28811524609843936,833,2.2212393676178364,0.2609,0.9780912602979562,0.08351554848303044,,,0.98,,0.9800300374643098,0.019969962535690167,0.9847566424004055,0.14636072682016493,10,0.025,0.15,0.9467957321458145,0.9543559815119108,0.9501035125865859,0.9502873005386777,0.9534930667371022,0.9490685822796845,0.9514841926990352,0.9517792508761155,0.9451014874969762,1.0,0.9518023936061505,0.9479736234036061
4,10,2.000604439504219,0.2918867018722996,4166,2.212839262826102,0.29411764705882354,833,2.221232498748393,0.261,0.977648659725966,0.08350111082680349,,,0.98,,0.9800300374643098,0.019969962535690167,0.9847566424004055,0.14636072682016493,10,0.025,0.15,0.9453002318887288,0.9533470600297308,0.9455595681704245,0.9486000887116325,0.9510759462089334,0.9466958876068751,0.9429821475989072,0.9520851951316605,0.9562254841362792,0.9518023936061505,1.0,0.9533678427335743
4,11,2.0137788317420267,0.2845415266442631,4166,2.2267750331333707,0.24009603841536614,833,2.221262436878832,0.261,0.9752540168300338,0.08329506564881879,,,0.98,,0.9800300374643098,0.019969962535690167,0.9847566424004055,0.14636072682016493,10,0.025,0.15,0.9395874006506701,0.9469130530350376,0.942537540919429,0.948173739482427,0.9456054237050775,0.9506908871341697,0.9414346439834305,0.9489907480001579,0.9538342869180052,0.9479736234036061,0.9533678427335743,1.0
5,0,1.9744309443416017,0.29126469882409406,4167,2.204560007367815,0.2541966426858513,834,2.1893186569213867,0.2848,0.9714359993485736,0.08318871142464078,,,0.98,,0.9800300374643098,0.019969962535690167,0.9862596680240262,0.1458953437224406,10,0.025,0.15,1.0,0.940661984522141,0.936828667669655,0.9381387848250853,0.9434114093093002,0.9466163664685641,0.9407851964018241,0.9439265828609391,0.9347984286200314,0.9403159105020491,0.9396351271384474,0.9332495479155505
5,1,1.943458085349112,0.30751139908807296,4167,2.1953033719744,0.2709832134292566,834,2.1893366258355638,0.2846,0.972184118186262,0.08328293185908613,,,0.98,,0.9800300374643098,0.019969962535690167,0.9862596680240262,0.1458953437224406,10,0.025,0.15,0.940661984522141,1.0,0.9385694645947145,0.9345531260712865,0.9458682624742716,0.9432119137841495,0.9413269969846971,0.9386350957767507,0.9328194526259534,0.9480007431226346,0.9438187483685249,0.9395276603284689
5,2,1.9614444707379197,0.303551715862731,4167,2.1940162863050188,0.27218225419664266,834,2.189280594451518,0.2847,0.9706155131740856,0.08325209877004959,,,0.98,,0.9800300374643098,0.019969962535690167,0.9862596680240262,0.1458953437224406,10,0.025,0.15,0.936828667669655,0.9385694645947145,1.0,0.9416398482928939,0.935083081209579,0.9393563772872652,0.9335965576166874,0.9419999102967258,0.9407770970771369,0.9446705659851309,0.940598801223496,0.93554517427757
5,3,1.9738970615647056,0.29582433405327574,4167,2.1882758821759904,0.290167865707434,834,2.18931930276412,0.2846,0.9729172673699963,0.08326009534751228,,,0.98,,0.9800300374643098,0.019969962535690167,0.9862596680240262,0.1458953437224406,10,0.025,0.15,0.9381387848250853,0.9345531260712865,0.9416398482928939,1.0,0.939167444115244,0.9432716666493554,0.9424824773600002,0.9448716808469664,0.9449696845482422,0.9436272544206463,0.9400969960728622,0.9427889129407042
5,4,1.9494028246763981,0.3015358771298296,4167,2.17916168485369,0.3157262905162065,833,2.1893861867204496,0.2846,0.973567397172138,0.08334676900433441,,,0.98,,0.9800300374643098,0.019969962535690167,0.9862596680240262,0.1458953437224406,10,0.025,0.15,0.9434114093093002,0.9458682624742716,0.935083081209579,0.939167444115244,1.0,0.9410592275953795,0.9395989349669018,0.9462043382496376,0.9417878040878195,0.9470123992413105,0.945727322215785,0.9381999477815198
5,5,1.9751966321107113,0.295224382049436,4167,2.177678210394723,0.28811524609843936,833,2.189392998248716,0.2846,0.9739281816996891,0.08337997142656932,,,0.98,,0.9800300374643098,0.019969962535690167,0.9862596680240262,0.1458953437224406,10,0.025,0.15,0.9466163664685641,0.9432119137841495,0.9393563772872652,0.9432716666493554,0.9410592275953795,1.0,0.943478172820278,0.9442318997841174,0.9375213014056448,0.9440935052145818,0.9400356918873253,0.9444679212333467
5,6,1.9614930521358143,0.30633549316054715,4167,2.1813860961369107,0.29411764705882354,833,2.189280585397648,0.2847,0.9698073161993552,0.0832513695253455,,,0.98,,0.9800300374643098,0.019969962535690167,0.9862596680240262,0.1458953437224406,10,0.025,0.15,0.9407851964018241,0.9413269969846971,0.9335965576166874,0.9424824773600002,0.9395989349669018,0.943478172820278,1.0,0.9336241634807397,0.9325212029050579,0.9432817082345833,0.9346017706121081,0.9339369235416639
5,7,1.958382334131183,0.30787137029037676,4167,2.1991587025778636,0.2893157262905162,833,2.1893744951562035,0.2846,0.974208583351525,0.08336358880809686,,,0.98,,0.9800300374643098,0.019969962535690167,0.9862596680240262,0.1458953437224406,10,0.025,0.15,0.9439265828609391,0.9386350957767507,0.9419999102967258,0.9448716808469664,0.9462043382496376,0.9442318997841174,0.9336241634807397,1.0,0.9449749286406137,0.9437157269870864,0.9461893357191226,0.9422464475269433
5,8,1.9642503630031238,0.29123859817570813,4166,2.191554239818028,0.25690276110444177,833,2.189280712151829,0.2847,0.9721404360961247,0.0833864180770246,,,0.98,,0.9800300374643098,0.019969962535690167,0.9862596680240262,0.1458953437224406,10,0.025,0.15,0.9347984286200314,0.9328194526259534,0.9407770970771369,0.9449696845482422,0.9417878040878195,0.9375213014056448,0.9325212029050579,0.9449749286406137,1.0,0.9377456783773701,0.9509470625884691,0.9475049652132139
5,9,1.947979038773161,0.30660105616898703,4166,2.176299503871373,0.3241296518607443,833,2.1892907166782813,0.2847,0.9748242249543999,0.08351757872566211,,,0.98,,0.9800300374643098,0.019969962535690167,0.9862596680240262,0.1458953437224406,10,0.025,0.15,0.9403159105020491,0.9480007431226346,0.9446705659851309,0.9436272544206463,0.9470123992413105,0.9440935052145818,0.9432817082345833,0.9437157269870864,0.9377456783773701,1.0,0.9431875988121741,0.9420204499207574
5,10,1.9565983100370927,0.3029284685549688,4166,2.178307090486799,0.3025210084033613,833,2.1892818137060237,0.2847,0.9740881774678669,0.08348463743098156,,,0.98,,0.9800300374643098,0.019969962535690167,0.9862596680240262,0.1458953437224406,10,0.025,0.15,0.9396351271384474,0.9438187483685249,0.940598801223496,0.9400969960728622,0.945727322215785,0.9400356918873253,0.9346017706121081,0.9461893357191226,0.9509470625884691,0.9431875988121741,1.0,0.9442268938911058
5,11,1.9727826223228917,0.29798367738838216,4166,2.197516543524606,0.24969987995198079,833,2.1893142597584783,0.2847,0.9719052771305974,0.08328582960069675,,,0.98,,0.9800300374643098,0.019969962535690167,0.9862596680240262,0.1458953437224406,10,0.025,0.15,0.9332495479155505,0.9395276603284689,0.93554517427757,0.9427889129407042,0.9381999477815198,0.9444679212333467,0.9339369235416639,0.9422464475269433,0.9475049652132139,0.9420204499207574,0.9442268938911058,1.0
6,0,1.9387068929094258,0.3043196544276458,4167,2.1713949612208774,0.2709832134292566,834,2.1537207078330125,0.3002,0.9685655308932773,0.08317942879676539,,,0.98,,0.9800300374643098,0.019969962535690167,0.9872938771278001,0.14558032603548826,10,0.025,0.15,1.0,0.9372275296992819,0.932405757945069,0.9336382462327181,0.9384425378257011,0.9415525783655945,0.9349105385796217,0.938970675886673,0.9286819834240145,0.9347338462718057,0.9335062225257434,0.9263654416349943
6,1,1.9025582320762404,0.31816654667626587,4167,2.160458837236677,0.2853717026378897,834,2.153738498687744,0.3002,0.9698947916697744,0.08328121718971418,,,0.98,,0.9800300374643098,0.019969962535690167,0.9872938771278001,0.14558032603548826,10,0.025,0.15,0.9372275296992819,1.0,0.9337019539420354,0.9297921555998993,0.9412104193694913,0.9382844889087701,0.9358760745180607,0.934397347781263,0.9290305213827439,0.9426865528676242,0.9393836365747685,0.9342327300120898
6,2,1.9222186265569745,0.3171586273098152,4167,2.159190995352609,0.28776978417266186,834,2.1536809613433063,0.3,0.9704859059504035,0.08328138965978762,,,0.98,,0.9800300374643098,0.019969962535690167,0.9872938771278001,0.14558032603548826,10,0.025,0.15,0.932405757945069,0.9337019539420354,1.0,0.9402267612016484,0.933899337669712,0.9378191363967022,0.9292422528750733,0.9403924671489495,0.9387074061400168,0.9403574091558046,0.9410730871335216,0.9348965758616102
6,3,1.9387960228053007,0.305879529637629,4167,2.152078526360648,0.2973621103117506,834,2.15372208100331,0.3002,0.9710127439799218,0.08330353819060017,,,0.98,,0.9800300374643098,0.019969962535690167,0.9872938771278001,0.14558032603548826,10,0.025,0.15,0.9336382462327181,0.9297921555998993,0.9402267612016484,1.0,0.9363496790318323,0.9397174331080682,0.9365598906136973,0.9397501326727123,0.9401157556870083,0.9383929950201322,0.936537291398533,0.9377909264877204
6,4,1.9089916052240314,0.31761459083273336,4167,2.141476937702724,0.31932773109243695,833,2.153795634643941,0.3002,0.9718625110338978,0.0833850017736953,,,0.98,,0.9800300374643098,0.019969962535690167,0.9872938771278001,0.14558032603548826,10,0.025,0.15,0.9384425378257011,0.9412104193694913,0.933899337669712,0.9363496790318323,1.0,0.9367795940014486,0.9345573682988362,0.9408272637170672,0.9382976504997186,0.941603140745727,0.9426978290248837,0.934026087939412
6,5,1.9342887329332756,0.30631149508039357,4167,2.139597620282854,0.304921968787515,833,2.1538033877746967,0.3001,0.9723913824440829,0.08342284364018276,,,0.98,,0.9800300374643098,0.019969962535690167,0.9872938771278001,0.14558032603548826,10,0.025,0.15,0.9415525783655945,0.9382844889087701,0.9378191363967022,0.9397174331080682,0.9367795940014486,1.0,0.9381270110515788,0.940624836740821,0.9348593471285489,0.9400105033176402,0.937899264665811,0.9391823474786027
6,6,1.9227506482239924,0.3193184545236381,4167,2.1437245437077115,0.31212484993997597,833,2.1536809553073932,0.3,0.9667191787152591,0.08315802830577729,,,0.98,,0.9800300374643098,0.019969962535690167,0.9872938771278001,0.14558032603548826,10,0.025,0.15,0.9349105385796217,0.9358760745180607,0.9292422528750733,0.9365598906136973,0.9345573682988362,0.9381270110515788,1.0,0.9284512979655285,0.928863659951257,0.9382571311743119,0.9275224284961794,0.926523434987902
6,7,1.9195600932294672,0.32020638348932084,4167,2.165982689176287,0.3013205282112845,833,2.1537826906276654,0.3002,0.9718197000614033,0.08339403269381254,,,0.98,,0.9800300374643098,0.019969962535690167,0.9872938771278001,0.14558032603548826,10,0.025,0.15,0.938970675886673,0.934397347781263,0.9403924671489495,0.9397501326727123,0.9408272637170672,0.940624836740821,0.9284512979655285,1.0,0.9401023478421635,0.9365225126281286,0.9412406404664069,0.9369131783365007
6,8,1.9237326069311662,0.30357657225156026,4166,2.1570000307900563,0.2809123649459784,833,2.153681027738354,0.3,0.9701796586695351,0.08335467130688216,,,0.98,,0.9800300374643098,0.019969962535690167,0.9872938771278001,0.14558032603548826,10,0.025,0.15,0.9286819834240145,0.9290305213827439,0.9387074061400168,0.9401157556870083,0.9382976504997186,0.9348593471285489,0.928863659951257,0.9401023478421635,1.0,0.9327340517858541,0.9445300423998406,0.9431404704979564
6,9,1.9107152462005614,0.31481036965914544,4166,2.1377817562648227,0.3445378151260504,833,2.1536927464642104,0.3001,0.9720225720511099,0.08349612230938004,,,0.98,,0.9800300374643098,0.019969962535690167,0.9872938771278001,0.14558032603548826,10,0.025,0.15,0.9347338462718057,0.9426865528676242,0.9403574091558046,0.9383929950201322,0.941603140745727,0.9400105033176402,0.9382571311743119,0.9365225126281286,0.9327340517858541,1.0,0.9379691567057744,0.9371879212443849
6,10,1.9161411408222082,0.31394623139702355,4166,2.140014341899327,0.3217286914765906,833,2.1536819995204106,0.3,0.9721126790818029,0.0834786397548944,,,0.98,,0.9800300374643098,0.019969962535690167,0.9872938771278001,0.14558032603548826,10,0.025,0.15,0.9335062225257434,0.9393836365747685,0.9410730871335216,0.936537291398533,0.9426978290248837,0.937899264665811,0.9275224284961794,0.9412406404664069,0.9445300423998406,0.9379691567057744,1.0,0.9391468479680877
6,11,1.9333750027598757,0.3100336053768603,4166,2.1649382455008372,0.27010804321728693,833,2.1537162171134465,0.3002,0.9693453830924473,0.08326508637850803,,,0.98,,0.9800300374643098,0.019969962535690167,0.9872938771278001,0.14558032603548826,10,0.025,0.15,0.9263654416349943,0.9342327300120898,0.9348965758616102,0.9377909264877204,0.934026087939412,0.9391823474786027,0.926523434987902,0.9369131783365007,0.9431404704979564,0.9371879212443849,0.9391468479680877,1.0
