round,client_id,client_i_training_loss,client_i_training_accuracy,client_i_training_dataset_size,client_i_evaluation_loss,client_i_evaluation_accuracy,client_i_evaluation_dataset_size,client_i_central_evaluation_loss,client_i_central_evaluation_accuracy,client_i_cosine_similarity,client_i_importance_coefficient,client_i_tanh_val,tanh_normalization_value,client_i_q,client_i_mask_order,client_i_v_nonzero_fraction,client_i_v_sparsity,client_i_v_cosine_similarity,client_i_reward_gradient_norm,local_epochs,learning_rate,gamma,client_0_cosine_similarity,client_1_cosine_similarity,client_2_cosine_similarity,client_3_cosine_similarity,client_4_cosine_similarity,client_5_cosine_similarity,client_6_cosine_similarity,client_7_cosine_similarity,client_8_cosine_similarity,client_9_cosine_similarity,client_10_cosine_similarity,client_11_cosine_similarity
0,0,2.142224331570279,0.38188,5000,2.2449311503657587,0.29136690647482016,834,2.2420980381889466,0.2958,0.9967503239851697,0.08333973617042098,,,0.96,,0.9600139182880506,0.039986081711949395,0,0.09966728947005102,5,0.001,0.1,1.0,0.9910864244107478,0.9936820325794224,0.9928554332638758,0.9933744594539362,0.9933260831719585,0.9928239490678642,0.9956538867847207,0.9897803139681947,0.9918160739332668,0.9938709164488306,0.9929489713821046
0,1,2.1459696470552188,0.3634,5000,2.242649034217552,0.29856115107913667,834,2.2420980381889466,0.2958,0.9931548593155443,0.08303911416933787,,,0.96,,0.9600139182880506,0.039986081711949395,0,0.09966728947005102,5,0.001,0.1,0.9910864244107478,1.0,0.9886074114679182,0.9893381976560781,0.9880207629747615,0.988122376010247,0.9870184049484091,0.99039130374527,0.9891609462363202,0.9844082505618045,0.9913403131284703,0.9907220916199457
0,2,2.1413304523297936,0.38376,5000,2.252607124823111,0.26258992805755393,834,2.2420980381889466,0.2958,0.9972754097031824,0.08338363934672603,,,0.96,,0.9600139182880506,0.039986081711949395,0,0.09966728947005102,5,0.001,0.1,0.9936820325794224,0.9886074114679182,1.0,0.9954398558694396,0.9942029902179028,0.9941768645770473,0.9909845625458772,0.9948356402156091,0.9937442474364869,0.9941104330289973,0.9956944097849872,0.9920201672354537
0,3,2.1380575535403694,0.4032,5000,2.242189372027362,0.30335731414868106,834,2.2420980381889466,0.2958,0.997432892799088,0.08339680673613965,,,0.96,,0.9600139182880506,0.039986081711949395,0,0.09966728947005102,5,0.001,0.1,0.9928554332638758,0.9893381976560781,0.9954398558694396,1.0,0.9942277808441885,0.9940209138153477,0.9920494292089077,0.9947823486195558,0.9942575764491901,0.9940207973555231,0.9955244353950616,0.9928653578252672
0,4,2.1378774481973832,0.39452,5000,2.2462667094336615,0.290516206482593,833,2.2420980381889466,0.2958,0.9975084621949212,0.08340312520261993,,,0.96,,0.9600139182880506,0.039986081711949395,0,0.09966728947005102,5,0.001,0.1,0.9933744594539362,0.9880207629747615,0.9942029902179028,0.9942277808441885,1.0,0.9963269950240791,0.9948909175635429,0.9930410184891106,0.9913431745991677,0.9968659278792449,0.9938556310743841,0.9941362832461021
0,5,2.141000236219661,0.3958,5000,2.2414066791534424,0.304921968787515,833,2.2420980381889466,0.2958,0.9975272443616318,0.0834046956067429,,,0.96,,0.9600139182880506,0.039986081711949395,0,0.09966728947005102,5,0.001,0.1,0.9933260831719585,0.988122376010247,0.9941768645770473,0.9940209138153477,0.9963269950240791,1.0,0.9956172718627507,0.9932032518230627,0.9917191910406155,0.9962387822783368,0.9936751259953621,0.994083722251006
0,6,2.1369348166095223,0.3588,5000,2.2382400389070862,0.31452581032412963,833,2.2420980381889466,0.2958,0.9963166700929842,0.08330347774130956,,,0.96,,0.9600139182880506,0.039986081711949395,0,0.09966728947005102,5,0.001,0.1,0.9928239490678642,0.9870184049484091,0.9909845625458772,0.9920494292089077,0.9948909175635429,0.9956172718627507,1.0,0.9923275645573566,0.9900686726738095,0.9946223528550378,0.99302906898034,0.9925998133331999
0,7,2.1365239744733096,0.38456,5000,2.2451126840379505,0.30732292917166865,833,2.2420980381889466,0.2958,0.9972065012474968,0.08337787781108509,,,0.96,,0.9600139182880506,0.039986081711949395,0,0.09966728947005102,5,0.001,0.1,0.9956538867847207,0.99039130374527,0.9948356402156091,0.9947823486195558,0.9930410184891106,0.9932032518230627,0.9923275645573566,1.0,0.9913081716081376,0.9916537793191932,0.9966992413309735,0.992778258201769
0,8,2.141021868681452,0.41636,5000,2.2397784568645336,0.31452581032412963,833,2.2420980381889466,0.2958,0.9957212002175042,0.08325368964380332,,,0.96,,0.9600139182880506,0.039986081711949395,0,0.09966728947005102,5,0.001,0.1,0.9897803139681947,0.9891609462363202,0.9937442474364869,0.9942575764491901,0.9913431745991677,0.9917191910406155,0.9900686726738095,0.9913081716081376,1.0,0.9918566143828099,0.9936791207772668,0.9919921090770911
0,9,2.141289646458474,0.39156,5000,2.2459334090903953,0.2893157262905162,833,2.2420980381889466,0.2958,0.9968061591235505,0.08334440462709436,,,0.96,,0.9600139182880506,0.039986081711949395,0,0.09966728947005102,5,0.001,0.1,0.9918160739332668,0.9844082505618045,0.9941104330289973,0.9940207973555231,0.9968659278792449,0.9962387822783368,0.9946223528550378,0.9916537793191932,0.9918566143828099,1.0,0.9924170581215389,0.9938762673367925
0,10,2.1336764159475923,0.39076,5000,2.239301487251564,0.28331332533013204,833,2.2420980381889466,0.2958,0.9976843420669184,0.08341783077308951,,,0.96,,0.9600139182880506,0.039986081711949395,0,0.09966728947005102,5,0.001,0.1,0.9938709164488306,0.9913403131284703,0.9956944097849872,0.9955244353950616,0.9938556310743841,0.9936751259953621,0.99302906898034,0.9966992413309735,0.9936791207772668,0.9924170581215389,1.0,0.9926041602400719
0,11,2.143676781198781,0.3976,5000,2.240593751271566,0.2893157262905162,833,2.2420980381889466,0.2958,0.9967008810084713,0.08333560217163075,,,0.96,,0.9600139182880506,0.039986081711949395,0,0.09966728947005102,5,0.001,0.1,0.9929489713821046,0.9907220916199457,0.9920201672354537,0.9928653578252672,0.9941362832461021,0.994083722251006,0.9925998133331999,0.992778258201769,0.9919921090770911,0.9938762673367925,0.9926041602400719,1.0
1,0,1.940165451985256,0.46424,5000,2.1792186631096735,0.3537170263788969,834,2.178554681162484,0.3632,0.9987466826967906,0.08334570983663289,,,0.96,,0.9600139182880506,0.039986081711949395,0.9676046294690336,0.09984844473664121,5,0.001,0.1,1.0,0.9960111009849949,0.9977509559462326,0.9967629526102421,0.9970639852582327,0.9973371538301451,0.997160647503538,0.997686102241032,0.9970473535033914,0.9964606518237601,0.9972410340602071,0.9962795458452031
1,1,1.9464922384092003,0.45988,5000,2.1796749609488026,0.37889688249400477,834,2.178554681162484,0.3632,0.9973409971168824,0.08311597821003133,,,0.96,,0.9600139182880506,0.039986081711949395,0.9676046294690336,0.09984844473664121,5,0.001,0.1,0.9960111009849949,1.0,0.9955109557716308,0.9953088998844265,0.9949887380501572,0.995337346812258,0.9955211491034374,0.9957813253510928,0.99630856051,0.9939295173056983,0.996085740636803,0.9951970347006275
1,2,1.941016144965105,0.46308,5000,2.1907712088690863,0.33093525179856115,834,2.178554681162484,0.3632,0.9989480124679475,0.08337913234586775,,,0.96,,0.9600139182880506,0.039986081711949395,0.9676046294690336,0.09984844473664121,5,0.001,0.1,0.9977509559462326,0.9955109557716308,1.0,0.997694738082964,0.997676861522131,0.9976648575024925,0.9967458333373276,0.997325259621257,0.9974648803671852,0.9975241629112125,0.9974631960833781,0.9963876993354956
1,3,1.9318908671664585,0.46752,5000,2.1788036470059997,0.3609112709832134,834,2.178554681162484,0.3632,0.9984733792094499,0.0833718876820875,,,0.96,,0.9600139182880506,0.039986081711949395,0.9676046294690336,0.09984844473664121,5,0.001,0.1,0.9967629526102421,0.9953088998844265,0.997694738082964,1.0,0.9967495448491129,0.9966953290907095,0.9960745022674841,0.9972736785695888,0.9977114198691052,0.9966402197625308,0.9970212673105314,0.9955910915948398
1,4,1.9329160549078777,0.4782,5000,2.183048619164361,0.36014405762304924,833,2.178554681162484,0.3632,0.9987448348504827,0.08338452433548085,,,0.96,,0.9600139182880506,0.039986081711949395,0.9676046294690336,0.09984844473664121,5,0.001,0.1,0.9970639852582327,0.9949887380501572,0.997676861522131,0.9967495448491129,1.0,0.9979203434396774,0.9974608277873803,0.9961240052601773,0.9970988985300384,0.9981447337391454,0.9966811634420728,0.9968652731771913
1,5,1.9391200679123022,0.47712,5000,2.1778300603230796,0.38415366146458585,833,2.178554681162484,0.3632,0.9988020418715114,0.0833873338767884,,,0.96,,0.9600139182880506,0.039986081711949395,0.9676046294690336,0.09984844473664121,5,0.001,0.1,0.9973371538301451,0.995337346812258,0.9976648575024925,0.9966953290907095,0.9979203434396774,1.0,0.9978582946572415,0.9963463254361207,0.9968552650631183,0.9980215038656219,0.9964579390103426,0.9969667107596849
1,6,1.9333191223205275,0.45968,5000,2.175670411851671,0.38535414165666265,833,2.178554681162484,0.3632,0.9984767073382759,0.08331475989397367,,,0.96,,0.9600139182880506,0.039986081711949395,0.9676046294690336,0.09984844473664121,5,0.001,0.1,0.997160647503538,0.9955211491034374,0.9967458333373276,0.9960745022674841,0.9974608277873803,0.9978582946572415,1.0,0.9960856945655978,0.9967354487560176,0.9973463996786569,0.996396467780596,0.9961825778387317
1,7,1.9311132856235382,0.462,5000,2.1826551490359836,0.36614645858343337,833,2.178554681162484,0.3632,0.9984107431979905,0.08335825757238173,,,0.96,,0.9600139182880506,0.039986081711949395,0.9676046294690336,0.09984844473664121,5,0.001,0.1,0.997686102241032,0.9957813253510928,0.997325259621257,0.9972736785695888,0.9961240052601773,0.9963463254361207,0.9960856945655978,1.0,0.9970098038482088,0.9954751805911934,0.9979973807888504,0.9956701525002454
1,8,1.937647308817335,0.49812,5000,2.177439981036716,0.38895558223289317,833,2.178554681162484,0.3632,0.9987737429040441,0.08329381411627262,,,0.96,,0.9600139182880506,0.039986081711949395,0.9676046294690336,0.09984844473664121,5,0.001,0.1,0.9970473535033914,0.99630856051,0.9974648803671852,0.9977114198691052,0.9970988985300384,0.9968552650631183,0.9967354487560176,0.9970098038482088,1.0,0.9971901833837422,0.9974323314221782,0.9962754196402843
1,9,1.9394350180960005,0.46504,5000,2.1839014247611717,0.3553421368547419,833,2.178554681162484,0.3632,0.9984990878292027,0.08334058120966513,,,0.96,,0.9600139182880506,0.039986081711949395,0.9676046294690336,0.09984844473664121,5,0.001,0.1,0.9964606518237601,0.9939295173056983,0.9975241629112125,0.9966402197625308,0.9981447337391454,0.9980215038656219,0.9973463996786569,0.9954751805911934,0.9971901833837422,1.0,0.9961062625158951,0.996989737292791
1,10,1.9258511547829695,0.47128,5000,2.1750455785680702,0.3445378151260504,833,2.178554681162484,0.3632,0.998571622219428,0.08338795193309749,,,0.96,,0.9600139182880506,0.039986081711949395,0.9676046294690336,0.09984844473664121,5,0.001,0.1,0.9972410340602071,0.996085740636803,0.9974631960833781,0.9970212673105314,0.9966811634420728,0.9964579390103426,0.996396467780596,0.9979973807888504,0.9974323314221782,0.9961062625158951,1.0,0.9958198722748293
1,11,1.9435879491696693,0.48864,5000,2.176585868552879,0.34933973589435774,833,2.178554681162484,0.3632,0.998030828541999,0.08332006898772067,,,0.96,,0.9600139182880506,0.039986081711949395,0.9676046294690336,0.09984844473664121,5,0.001,0.1,0.9962795458452031,0.9951970347006275,0.9963876993354956,0.9955910915948398,0.9968652731771913,0.9969667107596849,0.9961825778387317,0.9956701525002454,0.9962754196402843,0.996989737292791,0.9958198722748293,1.0
2,0,1.7381589645033428,0.52252,5000,2.095206207699246,0.420863309352518,834,2.097068931348027,0.4276,0.9990243441698462,0.08334633184537296,,,0.96,,0.9600139182880506,0.039986081711949395,0.9923563440368052,0.09988552246705794,5,0.001,0.1,1.0,0.9965441921728894,0.9981751374494254,0.9976010955887283,0.9979127849011831,0.9980956931196042,0.9979055275715555,0.997933155523895,0.9974796700372682,0.9979288812140518,0.9974108265561182,0.9975976671707778
2,1,1.7471420614582718,0.5188,5000,2.0986913486763283,0.434052757793765,834,2.097068931348027,0.4276,0.9980437085281585,0.08317381883535128,,,0.96,,0.9600139182880506,0.039986081711949395,0.9923563440368052,0.09988552246705794,5,0.001,0.1,0.9965441921728894,1.0,0.9966760730597427,0.9962462045502477,0.9964001733135038,0.9966883305526655,0.9968115118058032,0.9968927284096014,0.996795009974318,0.9961870646878256,0.9968470963511299,0.9967550183118701
2,2,1.74003548819548,0.51288,5000,2.1113519227063215,0.3872901678657074,834,2.097068931348027,0.4276,0.9991522794733158,0.08337095445133039,,,0.96,,0.9600139182880506,0.039986081711949395,0.9923563440368052,0.09988552246705794,5,0.001,0.1,0.9981751374494254,0.9966760730597427,1.0,0.998038556115192,0.9981373411216853,0.9982507984202479,0.9974598325792048,0.9975454869744115,0.9978997906475384,0.9984977717549753,0.9977524673435311,0.9976839721360022
2,3,1.7286142926307242,0.52156,5000,2.097142970120465,0.4316546762589928,834,2.097068931348027,0.4276,0.9988540902478594,0.08335688894143667,,,0.96,,0.9600139182880506,0.039986081711949395,0.9923563440368052,0.09988552246705794,5,0.001,0.1,0.9976010955887283,0.9962462045502477,0.998038556115192,1.0,0.9979291169208951,0.9976178322552717,0.9970659604732193,0.9974033976203996,0.9979783759533133,0.9978675957033109,0.997371510476749,0.99742332879743
2,4,1.7289337769435469,0.5426,5000,2.101883720468592,0.4369747899159664,833,2.097068931348027,0.4276,0.9990837414118724,0.08337204879826318,,,0.96,,0.9600139182880506,0.039986081711949395,0.9923563440368052,0.09988552246705794,5,0.001,0.1,0.9979127849011831,0.9964001733135038,0.9981373411216853,0.9979291169208951,1.0,0.9982643191348958,0.9978606588809473,0.997150673129952,0.9980069394768933,0.9986025576732929,0.9972470222361111,0.9977839610233862
2,5,1.7372085149121133,0.52768,5000,2.096468934306392,0.46218487394957986,833,2.097068931348027,0.4276,0.9990790203471679,0.0833736191777696,,,0.96,,0.9600139182880506,0.039986081711949395,0.9923563440368052,0.09988552246705794,5,0.001,0.1,0.9980956931196042,0.9966883305526655,0.9982507984202479,0.9976178322552717,0.9982643191348958,1.0,0.9980686246758105,0.9972586901384379,0.9976477480866351,0.9984021022107743,0.9970867190460161,0.997858828368273
2,6,1.7314300922831152,0.52872,5000,2.095282934330128,0.4429771908763505,833,2.097068931348027,0.4276,0.9988514303237486,0.08332177379128386,,,0.96,,0.9600139182880506,0.039986081711949395,0.9923563440368052,0.09988552246705794,5,0.001,0.1,0.9979055275715555,0.9968115118058032,0.9974598325792048,0.9970659604732193,0.9978606588809473,0.9980686246758105,1.0,0.9969845102713767,0.9976393877107781,0.9981765646269811,0.9969344109238707,0.9976078645926891
2,7,1.7292586783694615,0.518,5000,2.1023627563759133,0.41656662665066024,833,2.097068931348027,0.4276,0.9986553712864661,0.0833421181772158,,,0.96,,0.9600139182880506,0.039986081711949395,0.9923563440368052,0.09988552246705794,5,0.001,0.1,0.997933155523895,0.9968927284096014,0.9975454869744115,0.9974033976203996,0.997150673129952,0.9972586901384379,0.9969845102713767,1.0,0.9973462290476308,0.9969424464581969,0.9980989867165646,0.9966069677988956
2,8,1.7324178793627745,0.54276,5000,2.0973274266278303,0.4381752701080432,833,2.097068931348027,0.4276,0.9989731367576712,0.08331285812485159,,,0.96,,0.9600139182880506,0.039986081711949395,0.9923563440368052,0.09988552246705794,5,0.001,0.1,0.9974796700372682,0.996795009974318,0.9978997906475384,0.9979783759533133,0.9980069394768933,0.9976477480866351,0.9976393877107781,0.9973462290476308,1.0,0.9980763888875601,0.9975943547351404,0.997509351928673
2,9,1.7370858895550867,0.52848,5000,2.1047272947099476,0.4189675870348139,833,2.097068931348027,0.4276,0.9991376623509397,0.08334684414528006,,,0.96,,0.9600139182880506,0.039986081711949395,0.9923563440368052,0.09988552246705794,5,0.001,0.1,0.9979288812140518,0.9961870646878256,0.9984977717549753,0.9978675957033109,0.9986025576732929,0.9984021022107743,0.9981765646269811,0.9969424464581969,0.9980763888875601,1.0,0.9972349751290412,0.9980256431667677
2,10,1.7226198527463683,0.53056,5000,2.093224053029661,0.4225690276110444,833,2.097068931348027,0.4276,0.9986598762152367,0.08336047138935168,,,0.96,,0.9600139182880506,0.039986081711949395,0.9923563440368052,0.09988552246705794,5,0.001,0.1,0.9974108265561182,0.9968470963511299,0.9977524673435311,0.997371510476749,0.9972470222361111,0.9970867190460161,0.9969344109238707,0.9980989867165646,0.9975943547351404,0.9972349751290412,1.0,0.9966382202847663
2,11,1.743204903754459,0.54444,5000,2.0949252358189336,0.4189675870348139,833,2.097068931348027,0.4276,0.9987660051705205,0.08332227232249291,,,0.96,,0.9600139182880506,0.039986081711949395,0.9923563440368052,0.09988552246705794,5,0.001,0.1,0.9975976671707778,0.9967550183118701,0.9976839721360022,0.99742332879743,0.9977839610233862,0.997858828368273,0.9976078645926891,0.9966069677988956,0.997509351928673,0.9980256431667677,0.9966382202847663,1.0
3,0,1.5672170800767886,0.56896,5000,1.9934359479833532,0.511990407673861,834,1.998059765218546,0.4958,0.9989579641296014,0.08334265418553387,,,0.96,,0.9600139182880506,0.039986081711949395,0.9968759201296541,0.09989127741433529,5,0.001,0.1,1.0,0.9968227266328695,0.9981784511069283,0.9975024294676675,0.997845114709982,0.998017245241224,0.997868485491667,0.9979275618913476,0.997384939908798,0.9978600855688605,0.9975329643538641,0.9975614027455337
3,1,1.577189918308501,0.56096,5000,2.000193149955184,0.5047961630695443,834,1.998059765218546,0.4958,0.9983158959351696,0.08321615545287717,,,0.96,,0.9600139182880506,0.039986081711949395,0.9968759201296541,0.09989127741433529,5,0.001,0.1,0.9968227266328695,1.0,0.9973261642495677,0.9969543086000121,0.996780305590343,0.9970451710406332,0.9972226750449398,0.9965147708595014,0.9972514924274571,0.9969457466481505,0.9967649947742482,0.9971850399515343
3,2,1.570735255851867,0.55464,5000,2.0149340938638756,0.46402877697841727,834,1.998059765218546,0.4958,0.9992143922187317,0.08336602714058804,,,0.96,,0.9600139182880506,0.039986081711949395,0.9968759201296541,0.09989127741433529,5,0.001,0.1,0.9981784511069283,0.9973261642495677,1.0,0.9981399334465275,0.9981611676661366,0.9983609121575191,0.997612717858429,0.997644465763762,0.997782913812031,0.9984377668305245,0.9979760370537656,0.997954518129695
3,3,1.5587213795655852,0.5594,5000,1.9977759785122342,0.4952038369304556,834,1.998059765218546,0.4958,0.9989107925121377,0.08334760507593238,,,0.96,,0.9600139182880506,0.039986081711949395,0.9968759201296541,0.09989127741433529,5,0.001,0.1,0.9975024294676675,0.9969543086000121,0.9981399334465275,1.0,0.9978855195399641,0.9976667052958178,0.9970078585399388,0.9976839826195981,0.9977974591533857,0.9978948947580425,0.997733063470797,0.9976698609437005
3,4,1.5566217279737922,0.5808,5000,2.0032398347501403,0.5054021608643458,833,1.998059765218546,0.4958,0.9990672366148179,0.08336194920340799,,,0.96,,0.9600139182880506,0.039986081711949395,0.9968759201296541,0.09989127741433529,5,0.001,0.1,0.997845114709982,0.996780305590343,0.9981611676661366,0.9978855195399641,1.0,0.9980537684047244,0.9979015399130752,0.9975031164017907,0.9978435135589726,0.9984512964614807,0.9977468745204429,0.9976381811542199
3,5,1.567885869399757,0.5702,5000,1.9975438206284135,0.5222088835534213,833,1.998059765218546,0.4958,0.9990614354780161,0.08336272488608122,,,0.96,,0.9600139182880506,0.039986081711949395,0.9968759201296541,0.09989127741433529,5,0.001,0.1,0.998017245241224,0.9970451710406332,0.9983609121575191,0.9976667052958178,0.9980537684047244,1.0,0.9978637430540443,0.9975127578447598,0.9976658125747523,0.99821033927902,0.9975743341782594,0.9977705491626443
3,6,1.5597621527447063,0.57424,5000,1.997634560973556,0.5078031212484994,833,1.998059765218546,0.4958,0.9988955851502069,0.08332558308729963,,,0.96,,0.9600139182880506,0.039986081711949395,0.9968759201296541,0.09989127741433529,5,0.001,0.1,0.997868485491667,0.9972226750449398,0.997612717858429,0.9970078585399388,0.9979015399130752,0.9978637430540443,1.0,0.9973605938535068,0.9977317553899059,0.9981693490788511,0.9975055547257363,0.9975113317521002
3,7,1.560404180113677,0.56036,5000,2.0047924165372497,0.48259303721488594,833,1.998059765218546,0.4958,0.9987335483858037,0.08333282827452793,,,0.96,,0.9600139182880506,0.039986081711949395,0.9968759201296541,0.09989127741433529,5,0.001,0.1,0.9979275618913476,0.9965147708595014,0.997644465763762,0.9976839826195981,0.9975031164017907,0.9975127578447598,0.9973605938535068,1.0,0.9974617350718481,0.9972872310837372,0.9979330266607843,0.9969820368502368
3,8,1.558895354741698,0.58244,5000,1.9997308872364186,0.4921968787515006,833,1.998059765218546,0.4958,0.9989467830178865,0.08332176859025302,,,0.96,,0.9600139182880506,0.039986081711949395,0.9968759201296541,0.09989127741433529,5,0.001,0.1,0.997384939908798,0.9972514924274571,0.997782913812031,0.9977974591533857,0.9978435135589726,0.9976658125747523,0.9977317553899059,0.9974617350718481,1.0,0.9981221050767332,0.99776040055121,0.9975673024164818
3,9,1.5644351860520187,0.57032,5000,2.0085275526399964,0.4777911164465786,833,1.998059765218546,0.4958,0.9991803443157352,0.08335014487305915,,,0.96,,0.9600139182880506,0.039986081711949395,0.9968759201296541,0.09989127741433529,5,0.001,0.1,0.9978600855688605,0.9969457466481505,0.9984377668305245,0.9978948947580425,0.9984512964614807,0.99821033927902,0.9981693490788511,0.9972872310837372,0.9981221050767332,1.0,0.99776873097442,0.9980194252540494
3,10,1.5517401636026467,0.56704,5000,1.9940494122328583,0.4897959183673469,833,1.998059765218546,0.4958,0.9988729624329584,0.08334858085408825,,,0.96,,0.9600139182880506,0.039986081711949395,0.9968759201296541,0.09989127741433529,5,0.001,0.1,0.9975329643538641,0.9967649947742482,0.9979760370537656,0.997733063470797,0.9977468745204429,0.9975743341782594,0.9975055547257363,0.9979330266607843,0.99776040055121,0.99776873097442,1.0,0.9971862741067828
3,11,1.5734037564818266,0.57888,5000,1.995994108694571,0.4957983193277311,833,1.998059765218546,0.4958,0.9988363878897906,0.08332397837635146,,,0.96,,0.9600139182880506,0.039986081711949395,0.9968759201296541,0.09989127741433529,5,0.001,0.1,0.9975614027455337,0.9971850399515343,0.997954518129695,0.9976698609437005,0.9976381811542199,0.9977705491626443,0.9975113317521002,0.9969820368502368,0.9975673024164818,0.9980194252540494,0.9971862741067828,1.0
4,0,1.4291819948299676,0.59796,5000,1.876111216015286,0.5551558752997602,834,1.8833887771295663,0.5395,0.998697805931857,0.0833377783592986,,,0.96,,0.9600139182880506,0.039986081711949395,0.9981011174135367,0.09987311035474232,5,0.001,0.1,1.0,0.996295541808728,0.9978586427713542,0.997190286505836,0.9973644131129973,0.9974662072242118,0.9972172286379342,0.9975099432159297,0.996772718816121,0.9976286412223557,0.9968611812872434,0.9970736769134502
4,1,1.4396645524699216,0.58976,5000,1.8861187122486256,0.5419664268585132,834,1.8833887771295663,0.5395,0.998155251152718,0.08324269863253099,,,0.96,,0.9600139182880506,0.039986081711949395,0.9981011174135367,0.09987311035474232,5,0.001,0.1,0.996295541808728,1.0,0.9968627068979365,0.9964090777488671,0.9964425396572127,0.9965627960624653,0.996916456458494,0.9965027847540475,0.9970260073055057,0.9967618433016445,0.9965390084520123,0.996424228713139
4,2,1.4326295284708594,0.58544,5000,1.9031756365740742,0.5035971223021583,834,1.8833887771295663,0.5395,0.9990307314042873,0.08336285550883,,,0.96,,0.9600139182880506,0.039986081711949395,0.9981011174135367,0.09987311035474232,5,0.001,0.1,0.9978586427713542,0.9968627068979365,1.0,0.9978285539953193,0.9977747508612523,0.9979211196385592,0.9971396073638537,0.9973329028769059,0.9972549282265073,0.9982244427347916,0.9976569569395421,0.997373542604467
4,3,1.4198504594480916,0.5924,5000,1.8824632874241582,0.5419664268585132,834,1.8833887771295663,0.5395,0.9987206884950374,0.08334155276826079,,,0.96,,0.9600139182880506,0.039986081711949395,0.9981011174135367,0.09987311035474232,5,0.001,0.1,0.997190286505836,0.9964090777488671,0.9978285539953193,1.0,0.9977270241086104,0.9973445018421844,0.9966467512103716,0.997322027514895,0.9972230807227166,0.9975636816901222,0.9970629364432813,0.9971947248015087
4,4,1.4175585345098167,0.614,5000,1.8887529593926888,0.5426170468187275,833,1.8833887771295663,0.5395,0.9988956666267252,0.08335599584641937,,,0.96,,0.9600139182880506,0.039986081711949395,0.9981011174135367,0.09987311035474232,5,0.001,0.1,0.9973644131129973,0.9964425396572127,0.9977747508612523,0.9977270241086104,1.0,0.9976175347880876,0.997443001436245,0.9973126294274189,0.9972759560364756,0.9982371590965141,0.997242050989261,0.9971721443185616
4,5,1.4291124551159562,0.59976,5000,1.8831740838510018,0.5714285714285714,833,1.8833887771295663,0.5395,0.9987798532683846,0.0833527337554193,,,0.96,,0.9600139182880506,0.039986081711949395,0.9981011174135367,0.09987311035474232,5,0.001,0.1,0.9974662072242118,0.9965627960624653,0.9979211196385592,0.9973445018421844,0.9976175347880876,1.0,0.9973096366882803,0.9971507150119445,0.9969271376822311,0.9978785774829303,0.9968436337566279,0.9971995685663526
4,6,1.4207359862175717,0.6092,5000,1.8846659042217113,0.5486194477791116,833,1.8833887771295663,0.5395,0.9987388990291439,0.08332863654305739,,,0.96,,0.9600139182880506,0.039986081711949395,0.9981011174135367,0.09987311035474232,5,0.001,0.1,0.9972172286379342,0.996916456458494,0.9971396073638537,0.9966467512103716,0.997443001436245,0.9973096366882803,1.0,0.9974194251639683,0.9975286798416116,0.9979029154084251,0.9971365537978593,0.9970725649921435
4,7,1.4221289839714195,0.59124,5000,1.891332299621017,0.5342136854741897,833,1.8833887771295663,0.5395,0.9987110257499013,0.08333217973568119,,,0.96,,0.9600139182880506,0.039986081711949395,0.9981011174135367,0.09987311035474232,5,0.001,0.1,0.9975099432159297,0.9965027847540475,0.9973329028769059,0.997322027514895,0.9973126294274189,0.9971507150119445,0.9974194251639683,1.0,0.9973398643433109,0.9974077622407289,0.9973831171262125,0.9967166513765833
4,8,1.4173586915253074,0.6104,5000,1.8867216286835846,0.5450180072028812,833,1.8833887771295663,0.5395,0.9987437654775573,0.08332645454107845,,,0.96,,0.9600139182880506,0.039986081711949395,0.9981011174135367,0.09987311035474232,5,0.001,0.1,0.996772718816121,0.9970260073055057,0.9972549282265073,0.9972230807227166,0.9972759560364756,0.9969271376822311,0.9975286798416116,0.9973398643433109,1.0,0.9978760925295842,0.9975019287524238,0.997065052970501
4,9,1.4237241662991276,0.60244,5000,1.8972010303426672,0.5186074429771909,833,1.8833887771295663,0.5395,0.9991542750527437,0.08335710368311146,,,0.96,,0.9600139182880506,0.039986081711949395,0.9981011174135367,0.09987311035474232,5,0.001,0.1,0.9976286412223557,0.9967618433016445,0.9982244427347916,0.9975636816901222,0.9982371590965141,0.9978785774829303,0.9979029154084251,0.9974077622407289,0.9978760925295842,1.0,0.9975912819886469,0.9976367324209069
4,10,1.4133006324433977,0.59596,5000,1.8798393585063793,0.5258103241296519,833,1.8833887771295663,0.5395,0.9986462090421344,0.08333974738030471,,,0.96,,0.9600139182880506,0.039986081711949395,0.9981011174135367,0.09987311035474232,5,0.001,0.1,0.9968611812872434,0.9965390084520123,0.9976569569395421,0.9970629364432813,0.997242050989261,0.9968436337566279,0.9971365537978593,0.9973831171262125,0.9975019287524238,0.9975912819886469,1.0,0.9968020029801549
4,11,1.4362909729313698,0.61336,5000,1.881591518719991,0.5450180072028812,833,1.8833887771295663,0.5395,0.9985719129090275,0.08332226324600775,,,0.96,,0.9600139182880506,0.039986081711949395,0.9981011174135367,0.09987311035474232,5,0.001,0.1,0.9970736769134502,0.996424228713139,0.997373542604467,0.9971947248015087,0.9971721443185616,0.9971995685663526,0.9970725649921435,0.9967166513765833,0.997065052970501,0.9976367324209069,0.9968020029801549,1.0
5,0,1.315212776706477,0.61908,5000,1.746789574623108,0.5911270983213429,834,1.7565631329441984,0.5721,0.9983162640458891,0.08333063452732656,,,0.96,,0.9600139182880506,0.039986081711949395,0.9983301066307011,0.09984751393656398,5,0.001,0.1,1.0,0.9957914575838755,0.9972476795087762,0.9960987586346794,0.9963145176164151,0.9968823577397146,0.9968268774684663,0.9967346906429165,0.9961096193442253,0.9969295456918177,0.9962989210039498,0.9964029741146255
5,1,1.3257388335124702,0.61248,5000,1.7600918655042295,0.5779376498800959,834,1.7565631329441984,0.5721,0.997919095468964,0.08325950623484904,,,0.96,,0.9600139182880506,0.039986081711949395,0.9983301066307011,0.09984751393656398,5,0.001,0.1,0.9957914575838755,1.0,0.9964871184561364,0.9959124023250957,0.9957121573418296,0.9962380844770631,0.996538839405909,0.9958194309721433,0.9964355090590663,0.996328363009198,0.9958696438653416,0.9957511119738283
5,2,1.3205353318505986,0.60852,5000,1.7796954711278279,0.5335731414868106,834,1.7565631329441984,0.5721,0.9989134123299618,0.08336528757231712,,,0.96,,0.9600139182880506,0.039986081711949395,0.9983301066307011,0.09984751393656398,5,0.001,0.1,0.9972476795087762,0.9964871184561364,1.0,0.9973020076870227,0.9973355899119104,0.9976767806398942,0.997008019742048,0.9966921254912643,0.9968867908943649,0.997942048229584,0.9972632904883194,0.996949997412146
5,3,1.3062377470314124,0.61596,5000,1.7542810925730952,0.5719424460431655,834,1.7565631329441984,0.5721,0.9984424252062893,0.08333702133680926,,,0.96,,0.9600139182880506,0.039986081711949395,0.9983301066307011,0.09984751393656398,5,0.001,0.1,0.9960987586346794,0.9959124023250957,0.9973020076870227,1.0,0.9967476184241046,0.9968920301122574,0.9961155348973872,0.9967158766682291,0.9968958839545512,0.9971691885102844,0.9968208798323763,0.9964785991970948
5,4,1.3050399825831127,0.63768,5000,1.76182367183544,0.5774309723889556,833,1.7565631329441984,0.5721,0.9984519795096773,0.08334618712699576,,,0.96,,0.9600139182880506,0.039986081711949395,0.9983301066307011,0.09984751393656398,5,0.001,0.1,0.9963145176164151,0.9957121573418296,0.9973355899119104,0.9967476184241046,1.0,0.9972102980100345,0.9965884302663386,0.9962804416717591,0.9966180461699705,0.9976725996550778,0.9966004606889893,0.9961820508417002
5,5,1.3161550518054113,0.62132,5000,1.7566941181818645,0.6014405762304922,833,1.7565631329441984,0.5721,0.9987008242081349,0.08335221856794083,,,0.96,,0.9600139182880506,0.039986081711949395,0.9983301066307011,0.09984751393656398,5,0.001,0.1,0.9968823577397146,0.9962380844770631,0.9976767806398942,0.9968920301122574,0.9972102980100345,1.0,0.9970478548303265,0.9965136514818662,0.9968617428733406,0.9975529513230511,0.996820119791943,0.9965485812135397
5,6,1.3074122658201084,0.6294,5000,1.7594785822762384,0.5798319327731093,833,1.7565631329441984,0.5721,0.9985603255966637,0.0833329057644701,,,0.96,,0.9600139182880506,0.039986081711949395,0.9983301066307011,0.09984751393656398,5,0.001,0.1,0.9968268774684663,0.996538839405909,0.997008019742048,0.9961155348973872,0.9965884302663386,0.9970478548303265,1.0,0.9968260585347842,0.9971035817657256,0.997344743804433,0.9968303148070065,0.9963324896290799
5,7,1.309614454788767,0.61492,5000,1.765537041204947,0.5642256902761105,833,1.7565631329441984,0.5721,0.9983130119773578,0.08332709613140388,,,0.96,,0.9600139182880506,0.039986081711949395,0.9983301066307011,0.09984751393656398,5,0.001,0.1,0.9967346906429165,0.9958194309721433,0.9966921254912643,0.9967158766682291,0.9962804416717591,0.9965136514818662,0.9968260585347842,1.0,0.9966694992586825,0.9966214617562823,0.9968225484377753,0.9959031569079947
5,8,1.3021671455377226,0.63164,5000,1.7621913530208446,0.5726290516206483,833,1.7565631329441984,0.5721,0.9985657873694597,0.08333174391296824,,,0.96,,0.9600139182880506,0.039986081711949395,0.9983301066307011,0.09984751393656398,5,0.001,0.1,0.9961096193442253,0.9964355090590663,0.9968867908943649,0.9968958839545512,0.9966180461699705,0.9968617428733406,0.9971035817657256,0.9966694992586825,1.0,0.9974677516948268,0.9970106429539425,0.9965691025619403
5,9,1.3100296418378308,0.63008,5000,1.7742114861806233,0.5594237695078031,833,1.7565631329441984,0.5721,0.9989520240029042,0.08336300645926578,,,0.96,,0.9600139182880506,0.039986081711949395,0.9983301066307011,0.09984751393656398,5,0.001,0.1,0.9969295456918177,0.996328363009198,0.997942048229584,0.9971691885102844,0.9976725996550778,0.9975529513230511,0.997344743804433,0.9966214617562823,0.9974677516948268,1.0,0.9972529469237006,0.9969724919462775
5,10,1.2999057781924108,0.62404,5000,1.7544933999026264,0.5582232893157263,833,1.7565631329441984,0.5721,0.998484490023704,0.08333727188530038,,,0.96,,0.9600139182880506,0.039986081711949395,0.9983301066307011,0.09984751393656398,5,0.001,0.1,0.9962989210039498,0.9958696438653416,0.9972632904883194,0.9968208798323763,0.9966004606889893,0.996820119791943,0.9968303148070065,0.9968225484377753,0.9970106429539425,0.9972529469237006,1.0,0.99606307850132
5,11,1.3246214127085012,0.627,5000,1.755312482515971,0.5774309723889556,833,1.7565631329441984,0.5721,0.9981923615357033,0.08331712048035296,,,0.96,,0.9600139182880506,0.039986081711949395,0.9983301066307011,0.09984751393656398,5,0.001,0.1,0.9964029741146255,0.9957511119738283,0.996949997412146,0.9964785991970948,0.9961820508417002,0.9965485812135397,0.9963324896290799,0.9959031569079947,0.9965691025619403,0.9969724919462775,0.99606307850132,1.0
6,0,1.2213472200806734,0.64272,5000,1.6105921445069489,0.6270983213429256,834,1.6224233487162727,0.606,0.9981679155599782,0.08332883202634289,,,0.96,,0.9600139182880506,0.039986081711949395,0.9981037055866859,0.0998246030141351,5,0.001,0.1,1.0,0.9949076091802377,0.9968619020705224,0.9959228474552781,0.9956983870799434,0.9962785649756998,0.9965116652237643,0.9966577663234376,0.9957686208933858,0.9965190697942833,0.9959875434228216,0.9960122567673002
6,1,1.2334564521054554,0.6306,5000,1.6268152793248494,0.6079136690647482,834,1.6224233487162727,0.606,0.9973953057592195,0.08326026808458714,,,0.96,,0.9600139182880506,0.039986081711949395,0.9981037055866859,0.0998246030141351,5,0.001,0.1,0.9949076091802377,1.0,0.9956356712630897,0.9952072580762837,0.9948440520447812,0.9954457118961383,0.995671490038833,0.9948601710333854,0.9957631454424581,0.9955329936432392,0.9949540656713406,0.9950541581587309
6,2,1.2250618075109592,0.6252,5000,1.6489188450354118,0.5623501199040767,834,1.6224233487162727,0.606,0.998732221396025,0.08336830104758457,,,0.96,,0.9600139182880506,0.039986081711949395,0.9981037055866859,0.0998246030141351,5,0.001,0.1,0.9968619020705224,0.9956356712630897,1.0,0.996991262945701,0.996907389407645,0.9971779495324878,0.9967088860337759,0.9964771263907495,0.9962537554418156,0.9975353602778773,0.9969768660208321,0.9963584830422073
6,3,1.2133054492579904,0.63572,5000,1.6185424636911463,0.6115107913669064,834,1.6224233487162727,0.606,0.998291105427637,0.08333672571792346,,,0.96,,0.9600139182880506,0.039986081711949395,0.9981037055866859,0.0998246030141351,5,0.001,0.1,0.9959228474552781,0.9952072580762837,0.996991262945701,1.0,0.9965767146654345,0.9964693171979843,0.9959257540225731,0.9965064421151594,0.996253568092482,0.9965828247139729,0.9961033417371072,0.9960623030982257
6,4,1.2116091843623265,0.65412,5000,1.627117390985842,0.6050420168067226,833,1.6224233487162727,0.606,0.998241772442277,0.08334075479355536,,,0.96,,0.9600139182880506,0.039986081711949395,0.9981037055866859,0.0998246030141351,5,0.001,0.1,0.9956983870799434,0.9948440520447812,0.996907389407645,0.9965767146654345,1.0,0.9968111148247997,0.9963777685647135,0.9957907616264862,0.9960225755053671,0.9970804968193415,0.9959696821312812,0.9959307254260015
6,5,1.2213701396990733,0.63884,5000,1.6224583387374878,0.6446578631452581,833,1.6224233487162727,0.606,0.9984439102929524,0.08335097896096287,,,0.96,,0.9600139182880506,0.039986081711949395,0.9981037055866859,0.0998246030141351,5,0.001,0.1,0.9962785649756998,0.9954457118961383,0.9971779495324878,0.9964693171979843,0.9968111148247997,1.0,0.996619707936511,0.9960410795249002,0.9962539750499346,0.996906686118187,0.9963225623585128,0.9961047487725316
6,6,1.2131441035847754,0.64796,5000,1.6271634499231975,0.6050420168067226,833,1.6224233487162727,0.606,0.998444213579253,0.08333914387540466,,,0.96,,0.9600139182880506,0.039986081711949395,0.9981037055866859,0.0998246030141351,5,0.001,0.1,0.9965116652237643,0.995671490038833,0.9967088860337759,0.9959257540225731,0.9963777685647135,0.996619707936511,1.0,0.9964459294607885,0.9966191883933186,0.9972825824784455,0.9962443495579701,0.9960288834740858
6,7,1.2157423303385448,0.6378,5000,1.6325161942729243,0.5858343337334934,833,1.6224233487162727,0.606,0.9981722372887548,0.08332680137185157,,,0.96,,0.9600139182880506,0.039986081711949395,0.9981037055866859,0.0998246030141351,5,0.001,0.1,0.9966577663234376,0.9948601710333854,0.9964771263907495,0.9965064421151594,0.9957907616264862,0.9960410795249002,0.9964459294607885,1.0,0.9962435432661733,0.9963391360450308,0.996198509173457,0.9956177852418925
6,8,1.2073745631108619,0.65196,5000,1.6308358951851174,0.6146458583433373,833,1.6224233487162727,0.606,0.9982720270728387,0.08333287313628807,,,0.96,,0.9600139182880506,0.039986081711949395,0.9981037055866859,0.0998246030141351,5,0.001,0.1,0.9957686208933858,0.9957631454424581,0.9962537554418156,0.996253568092482,0.9960225755053671,0.9962539750499346,0.9966191883933186,0.9962435432661733,1.0,0.9969575295208001,0.9963239310604495,0.995914213956118
6,9,1.2148603365679456,0.64984,5000,1.6438326703177557,0.5978391356542617,833,1.6224233487162727,0.606,0.9987268055866858,0.08336672718004853,,,0.96,,0.9600139182880506,0.039986081711949395,0.9981037055866859,0.0998246030141351,5,0.001,0.1,0.9965190697942833,0.9955329936432392,0.9975353602778773,0.9965828247139729,0.9970804968193415,0.996906686118187,0.9972825824784455,0.9963391360450308,0.9969575295208001,1.0,0.9967042675761274,0.9963788707609651
6,10,1.2066439434980891,0.64096,5000,1.6219683797271163,0.5966386554621849,833,1.6224233487162727,0.606,0.9981897610388074,0.08333360800141036,,,0.96,,0.9600139182880506,0.039986081711949395,0.9981037055866859,0.0998246030141351,5,0.001,0.1,0.9959875434228216,0.9949540656713406,0.9969768660208321,0.9961033417371072,0.9959696821312812,0.9963225623585128,0.9962443495579701,0.996198509173457,0.9963239310604495,0.9967042675761274,1.0,0.9956022499108548
6,11,1.230018020055856,0.64736,5000,1.621661415806523,0.6134453781512605,833,1.6224233487162727,0.606,0.997995739320796,0.08331498580404063,,,0.96,,0.9600139182880506,0.039986081711949395,0.9981037055866859,0.0998246030141351,5,0.001,0.1,0.9960122567673002,0.9950541581587309,0.9963584830422073,0.9960623030982257,0.9959307254260015,0.9961047487725316,0.9960288834740858,0.9956177852418925,0.995914213956118,0.9963788707609651,0.9956022499108548,1.0
7,0,1.1414614124662557,0.65596,5000,1.4734948387852422,0.6486810551558753,834,1.487308941329249,0.6324,0.997772718967526,0.08332941089950825,,,0.96,,0.9600139182880506,0.039986081711949395,0.9982525825512899,0.09977993802315224,5,0.001,0.1,1.0,0.9941588935102705,0.9961374572621741,0.9951268431760565,0.9943664640397106,0.9955565805976527,0.9952956602612337,0.9959948429684282,0.9948181205723937,0.9957024081369114,0.9945863195254377,0.9952921662103147
7,1,1.1530295341637484,0.64428,5000,1.4924556546741061,0.6354916067146283,834,1.487308941329249,0.6324,0.9969154122825147,0.08325967362940893,,,0.96,,0.9600139182880506,0.039986081711949395,0.9982525825512899,0.09977993802315224,5,0.001,0.1,0.9941588935102705,1.0,0.9951590171865627,0.9943321090977267,0.9933709911864096,0.9946552483248318,0.9944798203417133,0.9938451191149784,0.9946630636069043,0.9947485041969109,0.9935416791629073,0.9938216502219857
