round,client_id,client_i_training_loss,client_i_training_accuracy,client_i_training_dataset_size,client_i_evaluation_loss,client_i_evaluation_accuracy,client_i_evaluation_dataset_size,client_i_central_evaluation_loss,client_i_central_evaluation_accuracy,client_i_cosine_similarity,client_i_importance_coefficient,client_i_tanh_val,tanh_normalization_value,client_i_q,client_i_mask_order,client_i_v_nonzero_fraction,client_i_v_sparsity,client_i_v_cosine_similarity,client_i_reward_gradient_norm,local_epochs,learning_rate,gamma,client_0_cosine_similarity,client_1_cosine_similarity,client_2_cosine_similarity,client_3_cosine_similarity,client_4_cosine_similarity,client_5_cosine_similarity,client_6_cosine_similarity,client_7_cosine_similarity,client_8_cosine_similarity,client_9_cosine_similarity,client_10_cosine_similarity,client_11_cosine_similarity
0,0,0.3416539443644938,0.8936,5000,2.2010228015758373,0.36330935251798563,834,2.196230277466698,0.372,0.7901985539408513,0.0831894839636888,,,0.8570263176179582,,0.8570453290497465,0.1429546709502535,0,0.3957312614534615,5,0.1,0.5,1.0,0.5840069431382796,0.5937372889973618,0.5842105489848572,0.6091541510930348,0.5807032897023429,0.6007757383271516,0.6038690129033703,0.57573726861849,0.5990842335864099,0.5950353814828222,0.5796078663609956
0,1,0.347693367812569,0.89196,5000,2.1987786381332963,0.354916067146283,834,2.1963076553405663,0.371,0.78347091965107,0.08248122093021176,,,0.8,,0.8,0.19999999999999996,0,0.395616208980325,5,0.1,0.5,0.5840069431382796,1.0,0.5843044626642131,0.581263027811344,0.5977839025660828,0.5780896094776174,0.5963421553413393,0.6014058944413267,0.5774001599684533,0.5934974205058481,0.5787570814147445,0.5691667515944933
0,2,0.3497609151367122,0.89176,5000,2.199663621407968,0.3669064748201439,834,2.1962110013626637,0.372,0.7927866286723468,0.08346194789101295,,,0.8789639505659114,,0.8789719391596807,0.12102806084031925,0,0.3957526422732764,5,0.1,0.5,0.5937372889973618,0.5843044626642131,1.0,0.5929287558592942,0.6080472722420749,0.5915838783922138,0.5954747799426874,0.5931366360260688,0.5918329458890803,0.5948456223675677,0.5930348011093577,0.5915788314567002
0,3,0.35386513323066343,0.88864,5000,2.191094892996329,0.39448441247002397,834,2.1962839955339035,0.3712,0.7841627470251429,0.08255405422249515,,,0.8058642259479841,,0.8058832387932333,0.19411676120676669,0,0.3956339775830098,5,0.1,0.5,0.5842105489848572,0.581263027811344,0.5929287558592942,1.0,0.5973293327198906,0.5754001316796282,0.5917267492613472,0.5909029412206159,0.5761731776207747,0.596014976566771,0.5813032201195097,0.5813360615456064
0,4,0.3316137543482006,0.89324,5000,2.203299142696239,0.3565426170468187,833,2.196168639789374,0.3721,0.8047062759251983,0.08471680883583332,,,0.9799999999194843,,0.9800010039656644,0.019998996034335637,0,0.39578236020009244,5,0.1,0.5,0.6091541510930348,0.5977839025660828,0.6080472722420749,0.5973293327198906,1.0,0.6030858368650243,0.6164986988727815,0.6129018809736194,0.5957896123365242,0.6090930857238872,0.6032346992083444,0.5908088980439202
0,5,0.3401061675036741,0.8912,5000,2.2004681958092585,0.3577430972388956,833,2.196287676168326,0.3712,0.7840711931346466,0.08254441573243809,,,0.805088175851662,,0.8051101852316651,0.1948898147683349,0,0.39563226088244136,5,0.1,0.5,0.5807032897023429,0.5780896094776174,0.5915838783922138,0.5754001316796282,0.6030858368650243,1.0,0.5865284283014872,0.5851533934737779,0.5892935885561305,0.5841008731167907,0.5871793729964421,0.5866008700548503
0,6,0.33243097692348395,0.89784,5000,2.1936706525308116,0.39735894357743096,833,2.1961804175148374,0.3724,0.799313962507508,0.08414912395669634,,,0.9342924355056664,,0.9343055067516691,0.06569449324833088,0,0.39577847939871325,5,0.1,0.5,0.6007757383271516,0.5963421553413393,0.5954747799426874,0.5917267492613472,0.6164986988727815,0.5865284283014872,1.0,0.6085647653051017,0.5989516667385737,0.5947526480263287,0.6050170936481906,0.5978742516197149
0,7,0.34144966141795324,0.89492,5000,2.1989995815135814,0.3637454981992797,833,2.196179895736158,0.3725,0.7997176082483582,0.08419161844206083,,,0.9377139101624905,,0.9377290296671854,0.06227097033281459,0,0.39577910936534827,5,0.1,0.5,0.6038690129033703,0.6014058944413267,0.5931366360260688,0.5909029412206159,0.6129018809736194,0.5851533934737779,0.6085647653051017,1.0,0.5909379561490105,0.5976267646247901,0.6137473522921999,0.5980945179477334
0,8,0.344933497371852,0.8936,5000,2.1975839138031006,0.36614645858343337,833,2.19624310941361,0.3719,0.7861876720749397,0.08276723161837576,,,0.8230283603328845,,0.8230460318257116,0.17695396817428843,0,0.3956754933568166,5,0.1,0.5,0.57573726861849,0.5774001599684533,0.5918329458890803,0.5761731776207747,0.5957896123365242,0.5892935885561305,0.5989516667385737,0.5909379561490105,1.0,0.5957918686163552,0.6017063520606047,0.5742086419824259
0,9,0.3477846564814021,0.89104,5000,2.196110063129001,0.36614645858343337,833,2.196192796999654,0.3723,0.7951380228623771,0.08370949487561358,,,0.8988953775950768,,0.8989006575975101,0.10109934240248986,0,0.3957654220264912,5,0.1,0.5,0.5990842335864099,0.5934974205058481,0.5948456223675677,0.596014976566771,0.6090930857238872,0.5841008731167907,0.5947526480263287,0.5976267646247901,0.5957918686163552,1.0,0.5950440560323279,0.5929890962509679
0,10,0.34366478545318363,0.89436,5000,2.192356683589794,0.40336134453781514,833,2.1962009413173784,0.3719,0.7943447564161414,0.08362598241412027,,,0.8921713105054885,,0.8921841273028462,0.10781587269715376,0,0.3957617269882905,5,0.1,0.5,0.5950353814828222,0.5787570814147445,0.5930348011093577,0.5813032201195097,0.6032346992083444,0.5871793729964421,0.6050170936481906,0.6137473522921999,0.6017063520606047,0.5950440560323279,1.0,0.5912461718072719
0,11,0.3489024888047842,0.88756,5000,2.1936960926762334,0.368547418967587,833,2.1962755008246573,0.3715,0.784681027926049,0.08260861711745311,,,0.8102573974548364,,0.8102806084031926,0.1897193915968074,0,0.3956455737033598,5,0.1,0.5,0.5796078663609956,0.5691667515944933,0.5915788314567002,0.5813360615456064,0.5908088980439202,0.5866008700548503,0.5978742516197149,0.5980945179477334,0.5742086419824259,0.5929890962509679,0.5912461718072719,1.0
1,0,0.2982210263775982,0.90904,5000,2.055320898691813,0.7302158273381295,834,2.0479598700428925,0.7299,0.816897282604248,0.08328652343292356,,,0.8629023084401555,,0.8629185281863361,0.13708147181366392,0.9614746168236887,0.4077123287730439,5,0.1,0.5,1.0,0.634545237678374,0.6459068256184747,0.627559310699029,0.6404260163744945,0.6362675539700865,0.6378778209734941,0.639517169518657,0.6396942226711267,0.6281974271824301,0.6370073416528627,0.6278526397503769
1,1,0.3044457414620526,0.90664,5000,2.0473231386255333,0.7194244604316546,834,2.0481478520475638,0.7292,0.8113423475273389,0.08262606902411156,,,0.8010136029444467,,0.8010340846343055,0.19896591536569452,0.9610482210747268,0.4075746393817009,5,0.1,0.5,0.634545237678374,1.0,0.6380922563605614,0.6278258516923072,0.6444670215482549,0.6277590827823372,0.633982433142045,0.6270738208757067,0.6293169506162076,0.6262013027443926,0.627609435882602,0.6267163555314642
1,2,0.31085394087490764,0.90724,5000,2.052282691001892,0.7541966426858513,834,2.0479170769548265,0.73,0.8215532672885651,0.08362810446779188,,,0.8949105860560335,,0.8949149139099443,0.10508508609005573,0.9615630969954375,0.40774405614080417,5,0.1,0.5,0.6459068256184747,0.6380922563605614,1.0,0.632712785067504,0.6476592244537087,0.6389347274872554,0.6434962365017881,0.6375719597889051,0.6488895017575737,0.6344512505651602,0.6384786564069559,0.6330950089900761
1,3,0.3094615056831983,0.90512,5000,2.0388679681000887,0.7589928057553957,834,2.048137104549347,0.729,0.8096471406961583,0.08261525221144626,,,0.8,,0.8,0.19999999999999996,0.9610626472603032,0.40756961002096426,5,0.1,0.5,0.627559310699029,0.6278258516923072,0.632712785067504,1.0,0.6385346411797138,0.6299542152465015,0.6305047596973009,0.6268913476535449,0.6270263070095304,0.631791566632164,0.6213051372914299,0.6327538692229135
1,4,0.2968359915954862,0.90792,5000,2.0534641301190413,0.7202881152460985,833,2.0478301802382304,0.7304,0.8238499955846234,0.08453614864274284,,,0.9799999999062937,,0.9800010039656644,0.019998996034335637,0.9616885228767437,0.40776595927774933,5,0.1,0.5,0.6404260163744945,0.6444670215482549,0.6476592244537087,0.6385346411797138,1.0,0.6373432623960416,0.650351879845796,0.6398878223246266,0.6485887338874504,0.6311831305309735,0.6338303605406143,0.6443181027400987
1,5,0.29725767766751326,0.90648,5000,2.054969346081769,0.723889555822329,833,2.0480788991854975,0.7294,0.815452435215056,0.0828105602074149,,,0.8183015797641536,,0.8183173535465087,0.1816826464534913,0.9611669185840863,0.40762549323403496,5,0.1,0.5,0.6362675539700865,0.6277590827823372,0.6389347274872554,0.6299542152465015,0.6373432623960416,1.0,0.6513826266941216,0.6297584934515338,0.6437416924651854,0.6251053770520658,0.6268352027695013,0.6365814291048728
1,6,0.29704866772458244,0.91008,5000,2.0441622734069824,0.7394957983193278,833,2.047858304870776,0.7303,0.8213398845480777,0.08407425538460508,,,0.9367177151006552,,0.9367351036594549,0.06326489634054511,0.9616775919716697,0.4077619862848717,5,0.1,0.5,0.6378778209734941,0.633982433142045,0.6434962365017881,0.6305047596973009,0.650351879845796,0.6513826266941216,1.0,0.6407726402950581,0.6458591579327023,0.6270814805158023,0.6368630787541203,0.6360964120019426
1,7,0.299270983687513,0.90532,5000,2.0509129012072527,0.7226890756302521,833,2.047860860824585,0.7302,0.813803032113007,0.08384048116751557,,,0.9148116100298032,,0.9148235530344863,0.08517644696551374,0.961662758025066,0.40775517998750477,5,0.1,0.5,0.639517169518657,0.6270738208757067,0.6375719597889051,0.6268913476535449,0.6398878223246266,0.6297584934515338,0.6407726402950581,1.0,0.6310454796541476,0.6281178813786812,0.6290437015982777,0.6303955855409498
1,8,0.3012516909474685,0.90712,5000,2.0511435049551503,0.7070828331332533,833,2.047978392424294,0.7299,0.8178622920543168,0.08304134345236604,,,0.8399274120541018,,0.8399377541288088,0.16006224587119122,0.9613066210967607,0.4076752630337471,5,0.1,0.5,0.6396942226711267,0.6293169506162076,0.6488895017575737,0.6270263070095304,0.6485887338874504,0.6437416924651854,0.6458591579327023,0.6310454796541476,1.0,0.6267007401062559,0.6335192913191703,0.6316726710189002
1,9,0.30862912200154013,0.90512,5000,2.0508706216458923,0.7034813925570228,833,2.04790724390231,0.7299,0.8091813615119311,0.08336170844472242,,,0.8699476139008016,,0.8699513076652778,0.13004869233472216,0.9615686558318369,0.40772101230772606,5,0.1,0.5,0.6281974271824301,0.6262013027443926,0.6344512505651602,0.631791566632164,0.6311831305309735,0.6251053770520658,0.6270814805158023,0.6281178813786812,0.6267007401062559,1.0,0.628817857420234,0.6295707406856292
1,10,0.3002937607562086,0.91124,5000,2.0434079435136585,0.7430972388955582,833,2.0479101989977657,0.7298,0.8120297101864883,0.08340553550629626,,,0.8740544834595416,,0.8740675668892124,0.1259324331107876,0.9615596333012049,0.4077258500619444,5,0.1,0.5,0.6370073416528627,0.627609435882602,0.6384786564069559,0.6213051372914299,0.6338303605406143,0.6268352027695013,0.6368630787541203,0.6290437015982777,0.6335192913191703,0.628817857420234,1.0,0.63201576197088
1,11,0.31113021337563634,0.90444,5000,2.0427284196571067,0.7334933973589436,833,2.048069104219016,0.7295,0.8131807014927084,0.08277401805806349,,,0.8148773520063931,,0.8148888108026705,0.1851111891973295,0.9611832041899188,0.40761607273963135,5,0.1,0.5,0.6278526397503769,0.6267163555314642,0.6330950089900761,0.6327538692229135,0.6443181027400987,0.6365814291048728,0.6360964120019426,0.6303955855409498,0.6316726710189002,0.6295707406856292,0.63201576197088,1.0
2,0,0.2715477188847437,0.91992,5000,1.8714036014344957,0.8621103117505995,834,1.8612676862710582,0.871,0.8092302529078236,0.08321060972354243,,,0.8677572289918514,,0.8677727021735857,0.1322272978264143,0.9697873683508735,0.405891402329413,5,0.1,0.5,1.0,0.6276035459220642,0.6268924248130716,0.6222285633815952,0.6286178758405622,0.6260471068179333,0.6320347325781434,0.6216714078473772,0.6316220771236478,0.620216476505409,0.6234343821933562,0.623690129939984
2,1,0.27326591696091895,0.91764,5000,1.8569020297792223,0.8741007194244604,834,1.8616364714436637,0.8705,0.8121664385220848,0.08287617551323685,,,0.8302611615827695,,0.8302796044375282,0.16972039556247176,0.969445949333572,0.40582947394141544,5,0.1,0.5,0.6276035459220642,1.0,0.6308206636096355,0.6218549772445673,0.6301617554618231,0.6307317076964735,0.6441201209811622,0.6186641719285895,0.6281373440874363,0.6286159738492793,0.6232122728155599,0.6316326690120705
2,2,0.27922900227450165,0.915,5000,1.8668726726814553,0.8980815347721822,834,1.86110569303409,0.8708,0.8140413576586778,0.08360379668769616,,,0.9118405328464717,,0.9118568344962602,0.0881431655037398,0.9699037618830714,0.4059253175200751,5,0.1,0.5,0.6268924248130716,0.6308206636096355,1.0,0.6232779646301149,0.633952718329801,0.6343160158216494,0.6368490433486317,0.6284091143098827,0.6339665962424889,0.6267672687246979,0.6259278780635701,0.628183267779388
2,3,0.2798341934670024,0.91696,5000,1.8477360407511394,0.8812949640287769,834,1.8616774695369,0.8707,0.8046142418375798,0.08260627073718528,,,0.8,,0.8,0.19999999999999996,0.9692910637034664,0.4057455191320275,5,0.1,0.5,0.6222285633815952,0.6218549772445673,0.6232779646301149,1.0,0.617619950220193,0.6303133594924765,0.6286958713717395,0.6123812175637648,0.6206555145140235,0.6218228114653145,0.6228438006101655,0.6206128683455614
2,4,0.26946629916264375,0.91692,5000,1.863884272398772,0.8679471788715486,833,1.8609294697118643,0.871,0.8142617998906473,0.08421172330800412,,,0.9799999998878821,,0.9800010039656644,0.019998996034335637,0.969957586078141,0.4059374296970281,5,0.1,0.5,0.6286178758405622,0.6301617554618231,0.633952718329801,0.617619950220193,1.0,0.6324582991455062,0.6351153210559917,0.6180996940491442,0.637377900670587,0.6251169761226161,0.6310829257135718,0.6380056407615659
2,5,0.26761713046105995,0.91896,5000,1.8721176430031106,0.8571428571428571,833,1.8614756901043292,0.8711,0.8168781136469856,0.08316205985888492,,,0.862313919241224,,0.8623261884443552,0.13767381155564484,0.969600668232021,0.4058846234307541,5,0.1,0.5,0.6260471068179333,0.6307317076964735,0.6343160158216494,0.6303133594924765,0.6324582991455062,1.0,0.6473199733806982,0.624532602156335,0.6393438664913862,0.63323278646083,0.6289638583134002,0.6333884433938723
2,6,0.2637325858531199,0.92284,5000,1.8574537259561044,0.8703481392557023,833,1.860970734788206,0.8712,0.820840621145025,0.08413528051934856,,,0.9714293935681865,,0.9714472165051955,0.0285527834948045,0.9699435881288494,0.40593718710924714,5,0.1,0.5,0.6320347325781434,0.6441201209811622,0.6368490433486317,0.6286958713717395,0.6351153210559917,0.6473199733806982,1.0,0.6293687658247792,0.6393589074993064,0.62703786022651,0.6318664200891354,0.6422228073679965
2,7,0.2745839913191784,0.91768,5000,1.8635537800965485,0.8667466986794717,833,1.861082544722877,0.8709,0.8043513583103136,0.08340705465003115,,,0.8897822251758931,,0.8897896691933136,0.11021033080668641,0.9698949362657692,0.4059124770490811,5,0.1,0.5,0.6216714078473772,0.6186641719285895,0.6284091143098827,0.6123812175637648,0.6180996940491442,0.624532602156335,0.6293687658247792,1.0,0.6186725266025553,0.6173594289265207,0.6190284636940419,0.6257972433658384
2,8,0.2770858661704667,0.91852,5000,1.8669961911660653,0.8727490996398559,833,1.8613164638178037,0.8711,0.8138437199425536,0.08320904574258157,,,0.8675818787025344,,0.8675970081823202,0.13240299181767978,0.9697224468915409,0.40589128364118365,5,0.1,0.5,0.6316220771236478,0.6281373440874363,0.6339665962424889,0.6206555145140235,0.637377900670587,0.6393438664913862,0.6393589074993064,0.6186725266025553,1.0,0.6264123773692954,0.6267277750664041,0.6277124804153541
2,9,0.27376104835302206,0.9192,5000,1.8681363971145064,0.8403361344537815,833,1.861193749851312,0.8708,0.8088101712397958,0.08324569492500443,,,0.8716909087367509,,0.8717082475779329,0.12829175242206714,0.9698119732738271,0.405895916313417,5,0.1,0.5,0.620216476505409,0.6286159738492793,0.6267672687246979,0.6218228114653145,0.6251169761226161,0.63323278646083,0.62703786022651,0.6173594289265207,0.6264123773692954,1.0,0.6231102663490001,0.630128258586423
2,10,0.2754793829059193,0.91784,5000,1.8551396793789334,0.8883553421368547,833,1.861168779504185,0.8708,0.8095075855735627,0.08329893082387606,,,0.8776596068877259,,0.8776768234526379,0.12232317654736213,0.969835272867557,0.40590214726751717,5,0.1,0.5,0.6234343821933562,0.6232122728155599,0.6259278780635701,0.6228438006101655,0.6310829257135718,0.6289638583134002,0.6318664200891354,0.6190284636940419,0.6267277750664041,0.6231102663490001,1.0,0.6300209194607446
2,11,0.2775291208676092,0.91456,5000,1.85371583920938,0.8739495798319328,833,1.8614836447535994,0.871,0.8138731976824445,0.0830333575106084,,,0.8478840798947233,,0.8478992018472968,0.15210079815270316,0.9695540589577654,0.4058633197197538,5,0.1,0.5,0.623690129939984,0.6316326690120705,0.628183267779388,0.6206128683455614,0.6380056407615659,0.6333884433938723,0.6422228073679965,0.6257972433658384,0.6277124804153541,0.630128258586423,0.6300209194607446,1.0
3,0,0.24014813707322832,0.92792,5000,1.653470763453731,0.9124700239808153,834,1.640763933666217,0.9175,0.8087638727407156,0.08330211438256141,,,0.8766409392126171,,0.876657798303298,0.12334220169670196,0.9704585148946475,0.4036306415296217,5,0.1,0.5,1.0,0.6198920184408597,0.6179160071577023,0.6135274857988529,0.6264404894213162,0.6219962208795007,0.6289491564476987,0.621898220890171,0.620858018725581,0.6226151786526517,0.6279822477580036,0.6136280652035095
3,1,0.25052356333323533,0.92616,5000,1.6317687520274409,0.919664268585132,834,1.6414286785613235,0.9175,0.8045186594481558,0.08293263975463315,,,0.8311852111098381,,0.8312032528487526,0.16879674715124737,0.9702450709950998,0.40355880866801613,5,0.1,0.5,0.6198920184408597,1.0,0.6211951359768569,0.6085695077402085,0.6197117883716282,0.620566373854083,0.6264064549615795,0.6127086588725262,0.6098348939552539,0.6228044104339366,0.6211071178372194,0.6133308139281235
3,2,0.2502564032194294,0.9254,5000,1.6488440389986392,0.9316546762589928,834,1.6404997552164828,0.9178,0.8033778951927949,0.08337477820212946,,,0.8855806243101175,,0.8856031323728728,0.1143968676271272,0.9705396749077492,0.40363905621441576,5,0.1,0.5,0.6179160071577023,0.6211951359768569,1.0,0.6151235747057502,0.6059862254344729,0.6177575023636453,0.6227616660590645,0.6115844196507664,0.6176745059738031,0.6192389641307355,0.6185866690340251,0.6141823841266115
3,3,0.25615403989009605,0.92332,5000,1.622363770449603,0.9220623501199041,834,1.6416063381079287,0.9175,0.8023750163870358,0.08267915917578027,,,0.8,,0.8,0.19999999999999996,0.970057401679924,0.40346911744107955,5,0.1,0.5,0.6135274857988529,0.6085695077402085,0.6151235747057502,1.0,0.6191917925916145,0.6212180502605281,0.627531472783318,0.612849742837006,0.6104113427591683,0.6183748382686596,0.6205749945152851,0.6092418592954767
3,4,0.23939553830938734,0.92596,5000,1.6398356004997536,0.921968787515006,833,1.6402064451394371,0.9179,0.808727484619934,0.08396388287359792,,,0.9580569995364743,,0.9580743938557301,0.04192560614426988,0.9706131833575312,0.4036682513766836,5,0.1,0.5,0.6264404894213162,0.6197117883716282,0.6059862254344729,0.6191917925916145,1.0,0.6215086323765199,0.6305703634957892,0.6227794018255185,0.6268984270930708,0.6183559506344274,0.6186572319500774,0.6208590524097617
3,5,0.2453094357114499,0.92596,5000,1.6559102579399392,0.907563025210084,833,1.6410263559688776,0.9175,0.81099071497903,0.0833475827967555,,,0.882234827714407,,0.8822498870538628,0.11775011294613724,0.9704506684891191,0.40363607807554125,5,0.1,0.5,0.6219962208795007,0.620566373854083,0.6177575023636453,0.6212180502605281,0.6215086323765199,1.0,0.6354308054645843,0.6228779375565484,0.6262997105462581,0.6239951972335894,0.6214737547796904,0.6244789386581279
3,6,0.23807725837323696,0.92896,5000,1.6375537006943315,0.9183673469387755,833,1.6402567263228445,0.9178,0.8152966130603566,0.08414224063454069,,,0.979999999876972,,0.9800010039656644,0.019998996034335637,0.9706171965602722,0.40366945240953955,5,0.1,0.5,0.6289491564476987,0.6264064549615795,0.6227616660590645,0.627531472783318,0.6305703634957892,0.6354308054645843,1.0,0.622325462362274,0.6227582602690259,0.6254754715717209,0.6294353395976389,0.623398615497601
3,7,0.2469468041601929,0.92524,5000,1.641169371428313,0.9147659063625451,833,1.6405165145953242,0.9178,0.8058176523893104,0.08332952079270693,,,0.8800126953054062,,0.8800311229355956,0.1199688770644044,0.9705030273636204,0.4036340867705624,5,0.1,0.5,0.621898220890171,0.6127086588725262,0.6115844196507664,0.612849742837006,0.6227794018255185,0.6228779375565484,0.622325462362274,1.0,0.6151388761402775,0.6171845590553845,0.6265438791216574,0.6204666156932024
3,8,0.25230826892041763,0.92276,5000,1.649554557270474,0.9195678271308524,833,1.640897893296263,0.9174,0.8054046702875571,0.08318398394360993,,,0.8621075864253099,,0.8621253953114804,0.13787460468851964,0.9704320722377047,0.4036133607294191,5,0.1,0.5,0.620858018725581,0.6098348939552539,0.6176745059738031,0.6104113427591683,0.6268984270930708,0.6262997105462581,0.6227582602690259,0.6151388761402775,1.0,0.6166806429438845,0.6202883187301746,0.6163112841741788
3,9,0.2513819914638172,0.92472,5000,1.6516833614420008,0.9015606242496998,833,1.6406859810740804,0.9175,0.8074754342937652,0.08328043908012564,,,0.8739742698946439,,0.8739822298077405,0.12601777019225946,0.9704621740034766,0.4036276654568517,5,0.1,0.5,0.6226151786526517,0.6228044104339366,0.6192389641307355,0.6183748382686596,0.6183559506344274,0.6239951972335894,0.6254754715717209,0.6171845590553845,0.6166806429438845,1.0,0.6225405124050091,0.6159768941860841
3,10,0.24789071472148133,0.92696,5000,1.6323391949688946,0.9339735894357744,833,1.6405637100481758,0.9176,0.8105029379802089,0.08342122948829384,,,0.8912954335941858,,0.8913106771748406,0.10868932282515942,0.9704992743279774,0.40364356917732563,5,0.1,0.5,0.6279822477580036,0.6211071178372194,0.6185866690340251,0.6205749945152851,0.6186572319500774,0.6214737547796904,0.6294353395976389,0.6265438791216574,0.6202883187301746,0.6225405124050091,1.0,0.6251456396580951
3,11,0.25517704341157227,0.92204,5000,1.6312948774408411,0.9087635054021609,833,1.6412059750419836,0.9174,0.8046818244103051,0.08304242887526532,,,0.8446923481061791,,0.8447015712062648,0.15529842879373523,0.970326486198239,0.403585669270127,5,0.1,0.5,0.6136280652035095,0.6133308139281235,0.6141823841266115,0.6092418592954767,0.6208590524097617,0.6244789386581279,0.623398615497601,0.6204666156932024,0.6163112841741788,0.6159768941860841,0.6251456396580951,1.0
4,0,0.22259284484031117,0.93412,5000,1.4138670629925199,0.9316546762589928,834,1.398053362727546,0.9347,0.7925343328528838,0.08312204728937769,,,0.8424495112499125,,0.8424627277747101,0.1575372722252899,0.9708496805990782,0.3988982866415046,5,0.1,0.5,1.0,0.5950943951584848,0.5915015774006057,0.5946092039745472,0.6081928395341287,0.602790122772472,0.5991444513106269,0.5963979461263021,0.6059594790493534,0.5987303029814455,0.6044404587375584,0.5923731707188613
4,1,0.2329731801631534,0.92984,5000,1.3848452435599432,0.9388489208633094,834,1.3990579592153287,0.9346,0.7913023147671514,0.08283326966547842,,,0.8,,0.8,0.19999999999999996,0.9705314325652913,0.39878093223615757,5,0.1,0.5,0.5950943951584848,1.0,0.5962462919307763,0.5963947744184845,0.6055208350636117,0.6015844207592227,0.6006159512109251,0.5877561376405958,0.5993522781351607,0.6005806348172139,0.5986836363334027,0.5974326561986687
4,2,0.23728368224169774,0.9304,5000,1.4086103748392176,0.9412470023980816,834,1.3977375746535037,0.9346,0.7919382187398745,0.0831495005870161,,,0.8464850699999749,,0.8464986697454947,0.1535013302545053,0.9708780746563187,0.3989063660556497,5,0.1,0.5,0.5915015774006057,0.5962462919307763,1.0,0.5982341288568156,0.5996782237364608,0.605431351899977,0.6062187759379762,0.595989998609005,0.5963945703267424,0.5966275643723795,0.5953538077682683,0.6015455753240875
4,3,0.23507223960225748,0.93128,5000,1.3749073699668601,0.9388489208633094,834,1.3992662147972912,0.9348,0.7967815882091578,0.0828564761443217,,,0.8034112881442379,,0.8034235229155163,0.19657647708448367,0.9704788504069198,0.3987935115399848,5,0.1,0.5,0.5946092039745472,0.5963947744184845,0.5982341288568156,1.0,0.6087381261791079,0.6120382333121316,0.6092726521416514,0.5973328599055967,0.5966714141443458,0.6030295191604931,0.6070906842078496,0.6094659832716499
4,4,0.21854059575837415,0.9338,5000,1.394463684823778,0.9351740696278511,833,1.3973665721119402,0.9347,0.8055918441250711,0.08401900069340834,,,0.9742991784814966,,0.9743085186486622,0.025691481351337808,0.9710915503679505,0.39899506907519106,5,0.1,0.5,0.6081928395341287,0.6055208350636117,0.5996782237364608,0.6087381261791079,1.0,0.6157749765839624,0.6138806083024381,0.6018161428571224,0.6219548134025634,0.610168669197422,0.6090221679879786,0.61653983643955
4,5,0.22234378941594415,0.93592,5000,1.4164793270605582,0.9267707082833133,833,1.3983355124537555,0.9346,0.8049795510024683,0.08358779604158581,,,0.9109132884274251,,0.9109331860850359,0.08906681391496407,0.9710025889378316,0.398980095637069,5,0.1,0.5,0.602790122772472,0.6015844207592227,0.605431351899977,0.6120382333121316,0.6157749765839624,1.0,0.6180794809217183,0.6043624752594465,0.6153613979844774,0.6117152114561225,0.6109766348625414,0.6100772733051905
4,6,0.21648138513741125,0.93668,5000,1.3961863782670763,0.9375750300120048,833,1.3974254912080857,0.9347,0.803311266335545,0.08405778252154873,,,0.9799999998530027,,0.9800010039656644,0.019998996034335637,0.9710967487198283,0.39899525710234274,5,0.1,0.5,0.5991444513106269,0.6006159512109251,0.6062187759379762,0.6092726521416514,0.6138806083024381,0.6180794809217183,1.0,0.5978038302929586,0.6126068208047796,0.6060879777221603,0.611593502928965,0.6132581247273337
4,7,0.22949120800194753,0.93184,5000,1.3968221655598394,0.929171668667467,833,1.3977965550681652,0.9347,0.7911885298733935,0.08309317381086236,,,0.8382051898426263,,0.8382209728427288,0.16177902715727122,0.9708279472435802,0.3988894686313494,5,0.1,0.5,0.5963979461263021,0.5877561376405958,0.595989998609005,0.5973328599055967,0.6018161428571224,0.6043624752594465,0.5978038302929586,1.0,0.5969899116256208,0.5957617241014901,0.6047938925935676,0.5972526082146447
4,8,0.2306912433095039,0.931,5000,1.4093216127819486,0.9411764705882353,833,1.398220252305174,0.9346,0.8002012892451394,0.08331180534720097,,,0.8703434204162969,,0.8703579137593495,0.12964208624065054,0.9708983674463726,0.3989444191253405,5,0.1,0.5,0.6059594790493534,0.5993522781351607,0.5963945703267424,0.5966714141443458,0.6219548134025634,0.6153613979844774,0.6126068208047796,0.5969899116256208,1.0,0.605465609207591,0.6052629953958386,0.6070431104754169
4,9,0.23116537746276328,0.93204,5000,1.412532506165681,0.9279711884753902,833,1.3979683527931237,0.9346,0.7978889827850705,0.08329501982331218,,,0.867875994874347,,0.8678881582249887,0.13211184177501134,0.9709175984578563,0.39894114945267517,5,0.1,0.5,0.5987303029814455,0.6005806348172139,0.5966275643723795,0.6030295191604931,0.610168669197422,0.6117152114561225,0.6060879777221603,0.5957617241014901,0.605465609207591,1.0,0.6074008587785515,0.6050922364610961
4,10,0.22503026549105243,0.93444,5000,1.3869171010123358,0.9399759903961584,833,1.3977964499507087,0.9347,0.8003403366835817,0.08347441572299627,,,0.8942466954812758,,0.8942522965714572,0.10574770342854278,0.970998545708312,0.39896936904491964,5,0.1,0.5,0.6044404587375584,0.5986836363334027,0.5953538077682683,0.6070906842078496,0.6090221679879786,0.6109766348625414,0.611593502928965,0.6047938925935676,0.6052629953958386,0.6074008587785515,1.0,0.6088463008429728
4,11,0.23233176955514273,0.92932,5000,1.387458829968064,0.9255702280912365,833,1.3985599012801442,0.9345,0.7996876946156115,0.08319971235289152,,,0.853866060575442,,0.8538778173786457,0.14612218262135435,0.9707968875554414,0.39891988674773926,5,0.1,0.5,0.5923731707188613,0.5974326561986687,0.6015455753240875,0.6094659832716499,0.61653983643955,0.6100772733051905,0.6132581247273337,0.5972526082146447,0.6070431104754169,0.6050922364610961,0.6088463008429728,1.0
5,0,0.20750104269356864,0.93916,5000,1.167069015679536,0.935251798561151,834,1.1486370241680084,0.9428,0.784381937448899,0.08313689123426757,,,0.8532638415004382,,0.853275437980021,0.14672456201997897,0.9695378049212221,0.39290931431587817,5,0.1,0.5,1.0,0.5837363991751068,0.5732208267303558,0.5705858996076952,0.5894906865623651,0.5877469134384179,0.587892314418126,0.581290708021876,0.5799102133236375,0.5815851374909653,0.5838067213996425,0.5796184710357593
5,1,0.21388162464306804,0.93588,5000,1.1319273798554033,0.9460431654676259,834,1.149885055927423,0.9429,0.7826830398551019,0.08288415431440886,,,0.822147484719686,,0.8221625420410622,0.1778374579589378,0.96925718826646,0.3928386770649876,5,0.1,0.5,0.5837363991751068,1.0,0.5777053937771813,0.5708213078343478,0.5820489040461453,0.5842088231810344,0.5899750041248989,0.571263341212178,0.5733565180725313,0.5882543322498781,0.5819336073731107,0.5810427897943959
5,2,0.21757821423612583,0.93416,5000,1.1607668620568734,0.9508393285371702,834,1.1484506322552983,0.943,0.7777314717262017,0.0829213251257651,,,0.8267238648885876,,0.8267406254706089,0.1732593745293911,0.9694542435244605,0.39285117260451125,5,0.1,0.5,0.5732208267303558,0.5777053937771813,1.0,0.5654784391087043,0.5747925967427051,0.5856434100435675,0.5896272694650937,0.576609506262658,0.5677602074836426,0.5736811799749337,0.5770118135639476,0.5745179003561651
5,3,0.22259319434001756,0.93376,5000,1.1218377969883107,0.9448441247002398,834,1.1501372031891308,0.9429,0.7771276179145098,0.08270426541834974,,,0.8,,0.8,0.19999999999999996,0.9691985555131075,0.392762481997277,5,0.1,0.5,0.5705858996076952,0.5708213078343478,0.5654784391087043,1.0,0.5746877212758715,0.5910077877030732,0.5802600855770478,0.5747535066415478,0.5689543770372322,0.5798913603379067,0.5765013673044087,0.5789629703934824
5,4,0.20277321289121442,0.93792,5000,1.1434467633565266,0.9423769507803121,833,1.1477393233738007,0.9431,0.7894216282755356,0.08391356002181395,,,0.948885419492598,,0.9488981476833492,0.051101852316650764,0.9698216294584875,0.3929841240328014,5,0.1,0.5,0.5894906865623651,0.5820489040461453,0.5747925967427051,0.5746877212758715,1.0,0.591430870119135,0.5977092784423657,0.5853822822060902,0.5776737970152781,0.5900638384714051,0.5901558051802118,0.588501591934026
5,5,0.20313816891603503,0.93964,5000,1.1692481659076832,0.936374549819928,833,1.1487793648204865,0.943,0.7959642266591559,0.08385551545956128,,,0.9417391137243456,,0.9417549319813262,0.058245068018673796,0.9697908213967745,0.3929828609142361,5,0.1,0.5,0.5877469134384179,0.5842088231810344,0.5856434100435675,0.5910077877030732,0.591430870119135,1.0,0.6091985403014903,0.5838864244356198,0.5926071145686561,0.5937372909203822,0.5933284553556795,0.5929925941497843
5,6,0.19837919173133411,0.94168,5000,1.148060268825955,0.9507803121248499,833,1.147799369626152,0.9431,0.7958700357671036,0.08416628251321707,,,0.9799999998768825,,0.9800010039656644,0.019998996034335637,0.969826838175666,0.3929864510784898,5,0.1,0.5,0.587892314418126,0.5899750041248989,0.5896272694650937,0.5802600855770478,0.5977092784423657,0.6091985403014903,1.0,0.5877620565260564,0.5861209482475077,0.5897213636819544,0.590145995262715,0.594228529536397
5,7,0.21331167510016613,0.93516,5000,1.1458528152218572,0.9387755102040817,833,1.1483893362097084,0.943,0.7831145021008283,0.08307301715765104,,,0.8453998200580941,,0.8454143868279704,0.15458561317202957,0.9695131971228376,0.3928943792360718,5,0.1,0.5,0.581290708021876,0.571263341212178,0.576609506262658,0.5747535066415478,0.5853822822060902,0.5838864244356198,0.5877620565260564,1.0,0.5758568214639658,0.5853989968343849,0.5858912400527785,0.578979779866242
5,8,0.21621879901808158,0.93596,5000,1.1617749664518568,0.9471788715486195,833,1.1488226056098938,0.9428,0.7803373204952696,0.08312144305489762,,,0.8513618991124516,,0.8513779428743536,0.14862205712564636,0.9696173265068043,0.39290580680866266,5,0.1,0.5,0.5799102133236375,0.5733565180725313,0.5677602074836426,0.5689543770372322,0.5776737970152781,0.5926071145686561,0.5861209482475077,0.5758568214639658,1.0,0.5748738770792864,0.5819067871105106,0.580759929201884
5,9,0.2131438102030379,0.9362,5000,1.1663007956963998,0.9375750300120048,833,1.1484523562196725,0.9429,0.7882849330006799,0.08338976185293918,,,0.8843966589548664,,0.8844033934039456,0.11559660659605442,0.9696786120771932,0.3929511255401463,5,0.1,0.5,0.5815851374909653,0.5882543322498781,0.5736811799749337,0.5798913603379067,0.5900638384714051,0.5937372909203822,0.5897213636819544,0.5853989968343849,0.5748738770792864,1.0,0.5862638702260774,0.5914241282352692
5,10,0.20823438007764186,0.93952,5000,1.1345322838536016,0.9483793517406963,833,1.1482202452592576,0.943,0.7886402579221337,0.08352214516269955,,,0.9006953710726822,,0.9007178354500276,0.09928216454997241,0.9697493469215384,0.392965060128462,5,0.1,0.5,0.5838067213996425,0.5819336073731107,0.5770118135639476,0.5765013673044087,0.5901558051802118,0.5933284553556795,0.590145995262715,0.5858912400527785,0.5819067871105106,0.5862638702260774,1.0,0.5903643451714539
5,11,0.21128763741914444,0.93424,5000,1.1383859802175451,0.9375750300120048,833,1.1490945945532558,0.943,0.7878746214173844,0.08331163868442919,,,0.8747783238673023,,0.8747904221675619,0.12520957783243813,0.9696118423839513,0.3929406790608382,5,0.1,0.5,0.5796184710357593,0.5810427897943959,0.5745179003561651,0.5789629703934824,0.588501591934026,0.5929925941497843,0.594228529536397,0.578979779866242,0.580759929201884,0.5914241282352692,0.5903643451714539,1.0
6,0,0.1873321263339062,0.94256,5000,0.934029206081673,0.9448441247002398,834,0.9132347737257474,0.9479,0.7695737133720514,0.08314066524780106,,,0.8479955877575808,,0.8480046182420561,0.15199538175794391,0.9682368047929645,0.3855729684784503,5,0.1,0.5,1.0,0.5480048935965087,0.5566483551045424,0.5518909641478975,0.5652705106940655,0.5567545710757978,0.5609716077622929,0.549685401046525,0.5612295523322698,0.5540356622841862,0.5610816980887648,0.5581748577598866
6,1,0.20044698678431616,0.9396,5000,0.8934936258527968,0.9496402877697842,834,0.9146628562634745,0.9477,0.7653245935977622,0.08282033306512807,,,0.8015746790190851,,0.8015912855780333,0.19840871442196673,0.9679590797601644,0.385445400114451,5,0.1,0.5,0.5480048935965087,1.0,0.5548218608074517,0.558273232125631,0.5651342021786867,0.5529689233828511,0.5581876828537313,0.5417246051639644,0.5492854805177902,0.5541599948681175,0.5514450525518384,0.551841112965032
6,2,0.20120159001059973,0.94132,5000,0.9255818945390207,0.9544364508393285,834,0.9130774631667823,0.9479,0.7681472831446563,0.0829452271426326,,,0.8196736927536337,,0.8196827468500577,0.1803172531499423,0.9680711822916644,0.38550605031569546,5,0.1,0.5,0.5566483551045424,0.5548218608074517,1.0,0.5507645903205723,0.565225478424178,0.5562872050082114,0.5600743841123683,0.5457603774486492,0.5580157260041061,0.5612260742958,0.547500437556935,0.5554131101295829
6,3,0.19900706179297653,0.93984,5000,0.8841524234524479,0.9508393285371702,834,0.9149153712458504,0.9478,0.7684354526417538,0.08280946683305936,,,0.8,,0.8,0.19999999999999996,0.967838028459994,0.3854377205575485,5,0.1,0.5,0.5518909641478975,0.558273232125631,0.5507645903205723,1.0,0.5664523913620882,0.5684031861088698,0.5564866055827268,0.5488098247452156,0.5472016765678018,0.5577696101373565,0.5522882499759642,0.5571673492042991
6,4,0.18692465225163443,0.94344,5000,0.9065767637005558,0.9495798319327731,833,0.9123432784796522,0.948,0.7805551483819766,0.08405157506406222,,,0.979999999855085,,0.9800010039656644,0.019998996034335637,0.9684949198691056,0.3856520929363164,5,0.1,0.5,0.5652705106940655,0.5651342021786867,0.565225478424178,0.5664523913620882,1.0,0.5629782438911477,0.5653094614222113,0.5575235377450104,0.5726187903997334,0.5663558523001282,0.5662458877165588,0.5684207761397856
6,5,0.18623864579186508,0.9446,5000,0.9344723864837929,0.9411764705882353,833,0.9133566126655847,0.9478,0.7771875111977016,0.08389335821833266,,,0.9570720202333745,,0.9570854876763215,0.04291451232367849,0.9684942989721639,0.3856509914048105,5,0.1,0.5,0.5567545710757978,0.5529689233828511,0.5562872050082114,0.5684031861088698,0.5629782438911477,1.0,0.5673960291504091,0.5522300684945219,0.5740177490647466,0.5638365298761371,0.5655144223531281,0.5701377591380363
6,6,0.1887844086517906,0.94312,5000,0.9133142696486579,0.9531812725090036,833,0.9124015175496427,0.948,0.7744230670155765,0.0840044919239486,,,0.9731769509434893,,0.9731941167612068,0.026805883238793182,0.968501197615991,0.38565192493346484,5,0.1,0.5,0.5609716077622929,0.5581876828537313,0.5600743841123683,0.5564866055827268,0.5653094614222113,0.5673960291504091,1.0,0.5507147056157583,0.5648820129641473,0.5588945603280087,0.5605935769049782,0.5597485094627626
6,7,0.19632733062289323,0.94068,5000,0.9087337056795756,0.9447779111644657,833,0.9131422480836082,0.948,0.7622645040381733,0.08283903051892721,,,0.8042842188137131,,0.8042969730435219,0.19570302695647812,0.9680223775513035,0.38545506557388437,5,0.1,0.5,0.549685401046525,0.5417246051639644,0.5457603774486492,0.5488098247452156,0.5575235377450104,0.5522300684945219,0.5507147056157583,1.0,0.5512917202546495,0.5504287145635095,0.5589429325616682,0.5493834393772639
6,8,0.19705956490045995,0.93932,5000,0.9277960084102772,0.9483793517406963,833,0.9133790742855864,0.9478,0.7730924886997049,0.08325481182931524,,,0.8645371291008999,,0.8645499723909442,0.13545002760905578,0.9682643578054619,0.3855993099013953,5,0.1,0.5,0.5612295523322698,0.5492854805177902,0.5580157260041061,0.5472016765678018,0.5726187903997334,0.5740177490647466,0.5648820129641473,0.5512917202546495,1.0,0.5640012437222007,0.5573573122199447,0.5562827906557363
6,9,0.1960368543020954,0.94072,5000,0.9327849613295661,0.9411764705882353,833,0.9129932178095126,0.9479,0.7725919601229935,0.08341752497014505,,,0.8881166889128013,,0.8881281060187741,0.11187189398122588,0.9683725401673748,0.38562463685542603,5,0.1,0.5,0.5540356622841862,0.5541599948681175,0.5612260742958,0.5577696101373565,0.5663558523001282,0.5638365298761371,0.5588945603280087,0.5504287145635095,0.5640012437222007,1.0,0.55680645292282,0.5629052956869051
6,10,0.19553235461216148,0.94092,5000,0.8987915184762743,0.9519807923169268,833,0.91276214317011,0.9479,0.7713414864822423,0.08346228838616343,,,0.894603575220861,,0.894613724210632,0.10538627578936799,0.9684105265234448,0.385629679435557,5,0.1,0.5,0.5610816980887648,0.5514450525518384,0.547500437556935,0.5522882499759642,0.5662458877165588,0.5655144223531281,0.5605935769049782,0.5589429325616682,0.5573573122199447,0.55680645292282,1.0,0.5602409439422648
6,11,0.20112117593603765,0.9384,5000,0.9060887484638779,0.9411764705882353,833,0.9136331970699298,0.9478,0.7724855717391621,0.08336122680048456,,,0.8799582448434403,,0.8799658651674113,0.12003413483258873,0.9683480756777015,0.38561706696645626,5,0.1,0.5,0.5581748577598866,0.551841112965032,0.5554131101295829,0.5571673492042991,0.5684207761397856,0.5701377591380363,0.5597485094627626,0.5493834393772639,0.5562827906557363,0.5629052956869051,0.5602409439422648,1.0
7,0,0.17755144475158421,0.94764,5000,0.7279828544016238,0.947242206235012,834,0.7043997365445755,0.9524,0.7512185180669737,0.08306476300275184,,,0.8394259954657364,,0.8394357712966216,0.1605642287033784,0.9657986280106582,0.3774541854977544,5,0.1,0.5,1.0,0.5220267668633579,0.5231671224620373,0.524784729828287,0.5333712241163533,0.5289836590048067,0.5381593498301214,0.5231465929092303,0.5343024877848543,0.5252551199322882,0.5326332050701996,0.5220737280322882
