round,client_id,client_i_training_loss,client_i_training_accuracy,client_i_training_dataset_size,client_i_evaluation_loss,client_i_evaluation_accuracy,client_i_evaluation_dataset_size,client_i_central_evaluation_loss,client_i_central_evaluation_accuracy,client_i_cosine_similarity,client_i_importance_coefficient,client_i_tanh_val,tanh_normalization_value,client_i_q,client_i_mask_order,client_i_v_nonzero_fraction,client_i_v_sparsity,client_i_v_cosine_similarity,client_i_reward_gradient_norm,local_epochs,learning_rate,gamma,client_0_cosine_similarity,client_1_cosine_similarity,client_2_cosine_similarity,client_3_cosine_similarity,client_4_cosine_similarity,client_5_cosine_similarity,client_6_cosine_similarity,client_7_cosine_similarity,client_8_cosine_similarity,client_9_cosine_similarity,client_10_cosine_similarity,client_11_cosine_similarity
0,0,2.047871282601812,0.44492,5000,2.2481878951743797,0.1882494004796163,834,2.2451662065122076,0.2071,0.9985555197244829,0.08340750240439755,,,0.97,,0.9700176878243976,0.029982312175602432,0,0.09976675137893755,5,0.001,0.1,1.0,0.9932762798729597,0.9972052307272378,0.9958628755079124,0.9971396616077253,0.9946711214910766,0.9970265746511694,0.9950792750328097,0.9953907692024347,0.9966836625181745,0.9961254941174681,0.9962565235683273
0,1,2.045214825526924,0.41612,5000,2.2448985664932817,0.20983213429256595,834,2.2451662065122076,0.2071,0.9956395752651036,0.08316393893726669,,,0.97,,0.9700176878243976,0.029982312175602432,0,0.09976675137893755,5,0.001,0.1,0.9932762798729597,1.0,0.9921103443961433,0.9923963518487989,0.9927682409863366,0.9909818974656498,0.994642063780001,0.9914151945742273,0.9925508021808213,0.9915428305077197,0.9937708039608759,0.994352939270157
0,2,2.0473480743967043,0.41728,5000,2.2502247580775507,0.19544364508393286,834,2.2451662065122076,0.2071,0.9983640221625506,0.0833915069659449,,,0.97,,0.9700176878243976,0.029982312175602432,0,0.09976675137893755,5,0.001,0.1,0.9972052307272378,0.9921103443961433,1.0,0.9968264894780599,0.9970672560681951,0.9944417863598104,0.9954367553263807,0.9943195158242171,0.9955520511530731,0.997268529443696,0.9967109750759453,0.9954859232508079
0,3,2.0376700052030525,0.41328,5000,2.2417649339746544,0.23381294964028776,834,2.2451662065122076,0.2071,0.997823274672426,0.08334633932459515,,,0.97,,0.9700176878243976,0.029982312175602432,0,0.09976675137893755,5,0.001,0.1,0.9958628755079124,0.9923963518487989,0.9968264894780599,1.0,0.9960779877319665,0.9931902437175361,0.9947244951410433,0.9944906334380247,0.9955025539774208,0.9963528811098762,0.9958608674212519,0.9946656429880764
0,4,2.0430349542836477,0.46684,5000,2.249170930297286,0.1788715486194478,833,2.2451662065122076,0.2071,0.998489476302808,0.08340198591909119,,,0.97,,0.9700176878243976,0.029982312175602432,0,0.09976675137893755,5,0.001,0.1,0.9971396616077253,0.9927682409863366,0.9970672560681951,0.9960779877319665,1.0,0.9946116039947129,0.9964359922372659,0.9938076117324877,0.9953534760072695,0.9979234293692616,0.9961278607895595,0.9966136754502883
0,5,2.0436277946848778,0.42852,5000,2.2431612367983216,0.23289315726290516,833,2.2451662065122076,0.2071,0.9962984659552797,0.08321897486240008,,,0.97,,0.9700176878243976,0.029982312175602432,0,0.09976675137893755,5,0.001,0.1,0.9946711214910766,0.9909818974656498,0.9944417863598104,0.9931902437175361,0.9946116039947129,1.0,0.9944634049108289,0.9914178464309253,0.9924360027858857,0.9945533872481876,0.9932217703167912,0.993706931282079
0,6,2.03745166906126,0.43612,5000,2.2498362682483815,0.22328931572629052,833,2.2451662065122076,0.2071,0.9983001821347314,0.08338617452606685,,,0.97,,0.9700176878243976,0.029982312175602432,0,0.09976675137893755,5,0.001,0.1,0.9970265746511694,0.994642063780001,0.9954367553263807,0.9947244951410433,0.9964359922372659,0.9944634049108289,1.0,0.9947253432738032,0.9950362983250389,0.9964729809911462,0.9963979625775438,0.9962986925724838
0,7,2.0416653740937543,0.40888,5000,2.2380758656395807,0.2304921968787515,833,2.2451662065122076,0.2071,0.9967401701371265,0.08325586959872838,,,0.97,,0.9700176878243976,0.029982312175602432,0,0.09976675137893755,5,0.001,0.1,0.9950792750328097,0.9914151945742273,0.9943195158242171,0.9944906334380247,0.9938076117324877,0.9914178464309253,0.9947253432738032,1.0,0.996215448649924,0.9931671420852642,0.9956733194527617,0.9926727530729571
0,8,2.0429299254326305,0.45656,5000,2.2490183688976146,0.19687875150060025,833,2.2451662065122076,0.2071,0.9975909405487023,0.0833269328833905,,,0.97,,0.9700176878243976,0.029982312175602432,0,0.09976675137893755,5,0.001,0.1,0.9953907692024347,0.9925508021808213,0.9955520511530731,0.9955025539774208,0.9953534760072695,0.9924360027858857,0.9950362983250389,0.996215448649924,1.0,0.9955614843867974,0.9951586750309711,0.9944119541641737
0,9,2.0450484997147966,0.45744,5000,2.248856367888274,0.17767106842737096,833,2.2451662065122076,0.2071,0.9982830353721845,0.0833847422885897,,,0.97,,0.9700176878243976,0.029982312175602432,0,0.09976675137893755,5,0.001,0.1,0.9966836625181745,0.9915428305077197,0.997268529443696,0.9963528811098762,0.9979234293692616,0.9945533872481876,0.9964729809911462,0.9931671420852642,0.9955614843867974,1.0,0.9954668358487977,0.9964621199374023
0,10,2.030497084605466,0.4196,5000,2.24878372086419,0.1992797118847539,833,2.2451662065122076,0.2071,0.9981128945430351,0.08337053073866979,,,0.97,,0.9700176878243976,0.029982312175602432,0,0.09976675137893755,5,0.001,0.1,0.9961254941174681,0.9937708039608759,0.9967109750759453,0.9958608674212519,0.9961278607895595,0.9932217703167912,0.9963979625775438,0.9956733194527617,0.9951586750309711,0.9954668358487977,1.0,0.9949037897700612
0,11,2.0481054861834096,0.44432,5000,2.2498872368424028,0.2184873949579832,833,2.2451662065122076,0.2071,0.9978132448362105,0.08334550155085925,,,0.97,,0.9700176878243976,0.029982312175602432,0,0.09976675137893755,5,0.001,0.1,0.9962565235683273,0.994352939270157,0.9954859232508079,0.9946656429880764,0.9966136754502883,0.993706931282079,0.9962986925724838,0.9926727530729571,0.9944119541641737,0.9964621199374023,0.9949037897700612,1.0
1,0,1.8128994464874268,0.53268,5000,2.1687808831532798,0.40167865707434053,834,2.1687861189674646,0.3939,0.9989338675124652,0.08338315173493531,,,0.97,,0.9700176878243976,0.029982312175602432,0.9839688335635071,0.09987994978472134,5,0.001,0.1,1.0,0.99627081902272,0.9978766885559434,0.9974265420224859,0.9978336850105312,0.9979147634679775,0.9978635622756271,0.99787219572581,0.9971633074430882,0.9975896969515174,0.9975464181638928,0.9974547461088351
1,1,1.8161423810728037,0.52804,5000,2.1695152123769126,0.3872901678657074,834,2.1687861189674646,0.3939,0.9979855306296462,0.08320319575553264,,,0.97,,0.9700176878243976,0.029982312175602432,0.9839688335635071,0.09987994978472134,5,0.001,0.1,0.99627081902272,1.0,0.9962590590330775,0.9964077773752934,0.9965093814099039,0.996349778126333,0.9968864372987699,0.9965058666724101,0.9968803931530241,0.9959038355861359,0.9967826573863909,0.9967019870076161
1,2,1.815409460948531,0.50828,5000,2.1753581453252724,0.37410071942446044,834,2.1687861189674646,0.3939,0.999031422839054,0.08337649193006487,,,0.97,,0.9700176878243976,0.029982312175602432,0.9839688335635071,0.09987994978472134,5,0.001,0.1,0.9978766885559434,0.9962590590330775,1.0,0.9979141921642303,0.998039935064153,0.9980324209061571,0.9971571756872746,0.9976216739877583,0.9975135670579914,0.9983096124576738,0.9978360310911548,0.9974212997056306
1,3,1.8027915669094985,0.50756,5000,2.1656499173906116,0.4136690647482014,834,2.1687861189674646,0.3939,0.9987753400742274,0.0833405310902658,,,0.97,,0.9700176878243976,0.029982312175602432,0.9839688335635071,0.09987994978472134,5,0.001,0.1,0.9974265420224859,0.9964077773752934,0.9979141921642303,1.0,0.99792511665451,0.9972638441125549,0.9966423500783066,0.9977987205970986,0.9974049783303739,0.9975766266839287,0.9975801554125862,0.996974035662604
1,4,1.8090106374898534,0.54812,5000,2.173619835465043,0.3793517406962785,833,2.1687861189674646,0.3939,0.9990827763549179,0.08338457483571163,,,0.97,,0.9700176878243976,0.029982312175602432,0.9839688335635071,0.09987994978472134,5,0.001,0.1,0.9978336850105312,0.9965093814099039,0.998039935064153,0.99792511665451,1.0,0.9977511148597082,0.9977266671107882,0.9974254348386864,0.9975374368211017,0.9985124312176308,0.9976443860075208,0.9976908616844267
1,5,1.8142349475508284,0.52544,5000,2.1667723479094327,0.4021608643457383,833,2.1687861189674646,0.3939,0.9988424652701363,0.08326459904093392,,,0.97,,0.9700176878243976,0.029982312175602432,0.9839688335635071,0.09987994978472134,5,0.001,0.1,0.9979147634679775,0.996349778126333,0.9980324209061571,0.9972638441125549,0.9977511148597082,1.0,0.9976491648470345,0.997388562211301,0.997042874070993,0.9977680984830674,0.9970073483348928,0.9975536003536805
1,6,1.80137772651235,0.5384,5000,2.175382552323518,0.4069627851140456,833,2.1687861189674646,0.3939,0.9988296747751124,0.08336671111288332,,,0.97,,0.9700176878243976,0.029982312175602432,0.9839688335635071,0.09987994978472134,5,0.001,0.1,0.9978635622756271,0.9968864372987699,0.9971571756872746,0.9966423500783066,0.9977266671107882,0.9976491648470345,1.0,0.9975265907881398,0.9975062340613027,0.9977051109904168,0.9974248497241295,0.9974773013463367
1,7,1.8069665951333989,0.51028,5000,2.1629225545459323,0.42737094837935174,833,2.1687861189674646,0.3939,0.9988322212251957,0.08328689185109557,,,0.97,,0.9700176878243976,0.029982312175602432,0.9839688335635071,0.09987994978472134,5,0.001,0.1,0.99787219572581,0.9965058666724101,0.9976216739877583,0.9977987205970986,0.9974254348386864,0.997388562211301,0.9975265907881398,1.0,0.9976652190443649,0.9969204174723132,0.9980497015841676,0.9968243661400783
1,8,1.8049065222406084,0.5384,5000,2.1739942409374096,0.37334933973589435,833,2.1687861189674646,0.3939,0.9987840066353978,0.08332891098603681,,,0.97,,0.9700176878243976,0.029982312175602432,0.9839688335635071,0.09987994978472134,5,0.001,0.1,0.9971633074430882,0.9968803931530241,0.9975135670579914,0.9974049783303739,0.9975374368211017,0.997042874070993,0.9975062340613027,0.9976652190443649,1.0,0.9974877497670463,0.9975582768220245,0.9972596222193155
1,9,1.812913385622061,0.53828,5000,2.1747836007012262,0.3949579831932773,833,2.1687861189674646,0.3939,0.9989427808524161,0.0833694831613282,,,0.97,,0.9700176878243976,0.029982312175602432,0.9839688335635071,0.09987994978472134,5,0.001,0.1,0.9975896969515174,0.9959038355861359,0.9983096124576738,0.9975766266839287,0.9985124312176308,0.9977680984830674,0.9977051109904168,0.9969204174723132,0.9974877497670463,1.0,0.9973586738669771,0.9977851048743555
1,10,1.7946011807508528,0.52084,5000,2.1730239391326904,0.39015606242497,833,2.1687861189674646,0.3939,0.998845187176835,0.08335761915980439,,,0.97,,0.9700176878243976,0.029982312175602432,0.9839688335635071,0.09987994978472134,5,0.001,0.1,0.9975464181638928,0.9967826573863909,0.9978360310911548,0.9975801554125862,0.9976443860075208,0.9970073483348928,0.9974248497241295,0.9980497015841676,0.9975582768220245,0.9973586738669771,1.0,0.9969627714788476
1,11,1.8168217870080547,0.53796,5000,2.1737976515734636,0.375750300120048,833,2.1687861189674646,0.3939,0.9987078523402914,0.08333783934140757,,,0.97,,0.9700176878243976,0.029982312175602432,0.9839688335635071,0.09987994978472134,5,0.001,0.1,0.9974547461088351,0.9967019870076161,0.9974212997056306,0.996974035662604,0.9976908616844267,0.9975536003536805,0.9974773013463367,0.9968243661400783,0.9972596222193155,0.9977851048743555,0.9969627714788476,1.0
2,0,1.6208935197751233,0.58472,5000,2.069806770042137,0.4748201438848921,834,2.073256868143051,0.4888,0.9988948959603251,0.08336562513920144,,,0.97,,0.9700176878243976,0.029982312175602432,0.9954649183911858,0.09988408914788839,5,0.001,0.1,1.0,0.9965051863444,0.9980626955116145,0.9973359767646649,0.99765296318574,0.9977699788412097,0.9976588858084384,0.9977961734798365,0.9971313251194831,0.9978772075479043,0.9974186029202434,0.9976332905984291
2,1,1.6265547998391898,0.5828,5000,2.0755825131027787,0.46642685851318944,834,2.073256868143051,0.4888,0.9982231989767149,0.08323360265531315,,,0.97,,0.9700176878243976,0.029982312175602432,0.9954649183911858,0.09988408914788839,5,0.001,0.1,0.9965051863444,1.0,0.9969678993574116,0.9967023518926901,0.9966025587524643,0.9967765199795633,0.9971360214291833,0.9968495759507064,0.9970018784270551,0.9967229919517622,0.9968145625673205,0.9967201140912596
2,2,1.6246080428931364,0.56084,5000,2.082009889461376,0.46402877697841727,834,2.073256868143051,0.4888,0.9990804308154858,0.08336752917298788,,,0.97,,0.9700176878243976,0.029982312175602432,0.9954649183911858,0.09988408914788839,5,0.001,0.1,0.9980626955116145,0.9969678993574116,1.0,0.9978113189168092,0.9978205652357206,0.998005756755287,0.9974386231032507,0.9977918937159642,0.997362717033365,0.9982769952385666,0.9978524444167618,0.997675938332063
2,3,1.6094932202320948,0.566,5000,2.0705475012461343,0.5107913669064749,834,2.073256868143051,0.4888,0.9987441833177926,0.08333462720156211,,,0.97,,0.9700176878243976,0.029982312175602432,0.9954649183911858,0.09988408914788839,5,0.001,0.1,0.9973359767646649,0.9967023518926901,0.9978113189168092,1.0,0.9978052609073191,0.9973009031276121,0.9967711696965454,0.9977987094092756,0.9972487599992417,0.9975992656229866,0.9974746105892854,0.9971893151816499
2,4,1.6158583239385276,0.59272,5000,2.078539424472385,0.49459783913565425,833,2.073256868143051,0.4888,0.9989864817704852,0.08336945346101296,,,0.97,,0.9700176878243976,0.029982312175602432,0.9954649183911858,0.09988408914788839,5,0.001,0.1,0.99765296318574,0.9966025587524643,0.9978205652357206,0.9978052609073191,1.0,0.9978434550553431,0.9977985581557379,0.9976330046472626,0.9974240338857251,0.9982826871530107,0.997535534214686,0.9975413415159619
2,5,1.6244479628125574,0.58152,5000,2.071294493145413,0.49819927971188477,833,2.073256868143051,0.4888,0.9989228299555143,0.08329383269370322,,,0.97,,0.9700176878243976,0.029982312175602432,0.9954649183911858,0.09988408914788839,5,0.001,0.1,0.9977699788412097,0.9967765199795633,0.998005756755287,0.9973009031276121,0.9978434550553431,1.0,0.9977154831783852,0.9974558788519954,0.9972919311483288,0.9979825910720518,0.997317082891331,0.9977208114010568
2,6,1.6096505872762887,0.59372,5000,2.082204262415568,0.4909963985594238,833,2.073256868143051,0.4888,0.9988929417927666,0.08335548103955334,,,0.97,,0.9700176878243976,0.029982312175602432,0.9954649183911858,0.09988408914788839,5,0.001,0.1,0.9976588858084384,0.9971360214291833,0.9974386231032507,0.9967711696965454,0.9977985581557379,0.9977154831783852,1.0,0.9976467414083644,0.9973995687533178,0.9981270936254608,0.9975473854054978,0.9975808049954781
2,7,1.6159500854030535,0.57208,5000,2.0687318907843695,0.5198079231692677,833,2.073256868143051,0.4888,0.9989048332027607,0.0833069213614858,,,0.97,,0.9700176878243976,0.029982312175602432,0.9954649183911858,0.09988408914788839,5,0.001,0.1,0.9977961734798365,0.9968495759507064,0.9977918937159642,0.9977987094092756,0.9976330046472626,0.9974558788519954,0.9976467414083644,1.0,0.9976167598262581,0.9974789756155121,0.9978144381184444,0.9970822983138561
2,8,1.6116188318866074,0.59272,5000,2.0800928274790444,0.49459783913565425,833,2.073256868143051,0.4888,0.9987081512415209,0.08332633915827928,,,0.97,,0.9700176878243976,0.029982312175602432,0.9954649183911858,0.09988408914788839,5,0.001,0.1,0.9971313251194831,0.9970018784270551,0.997362717033365,0.9972487599992417,0.9974240338857251,0.9972919311483288,0.9973995687533178,0.9976167598262581,1.0,0.9976062681883049,0.9972945209200722,0.9972291217532936
2,9,1.619755976443078,0.58712,5000,2.0824960514351174,0.48739495798319327,833,2.073256868143051,0.4888,0.9991198633792134,0.08336450413686011,,,0.97,,0.9700176878243976,0.029982312175602432,0.9954649183911858,0.09988408914788839,5,0.001,0.1,0.9978772075479043,0.9967229919517622,0.9982769952385666,0.9975992656229866,0.9982826871530107,0.9979825910720518,0.9981270936254608,0.9974789756155121,0.9976062681883049,1.0,0.9976851756460184,0.9978994260019808
2,10,1.601858177838052,0.57896,5000,2.0787690303943775,0.47418967587034816,833,2.073256868143051,0.4888,0.998826302302217,0.08334775542468492,,,0.97,,0.9700176878243976,0.029982312175602432,0.9954649183911858,0.09988408914788839,5,0.001,0.1,0.9974186029202434,0.9968145625673205,0.9978524444167618,0.9974746105892854,0.997535534214686,0.997317082891331,0.9975473854054978,0.9978144381184444,0.9972945209200722,0.9976851756460184,1.0,0.9972669946181498
2,11,1.6259319411721198,0.58792,5000,2.0786089543943054,0.4897959183673469,833,2.073256868143051,0.4888,0.9987860726678135,0.08333432855535569,,,0.97,,0.9700176878243976,0.029982312175602432,0.9954649183911858,0.09988408914788839,5,0.001,0.1,0.9976332905984291,0.9967201140912596,0.997675938332063,0.9971893151816499,0.9975413415159619,0.9977208114010568,0.9975808049954781,0.9970822983138561,0.9972291217532936,0.9978994260019808,0.9972669946181498,1.0
3,0,1.467010795310804,0.60984,5000,1.9532638346707378,0.5431654676258992,834,1.9604474732670158,0.5544,0.998646325776051,0.08335155955428432,,,0.97,,0.9700176878243976,0.029982312175602432,0.9972776383693568,0.09986951468251222,5,0.001,0.1,1.0,0.9960867845393714,0.9976756710057192,0.9967850551094772,0.996918739047194,0.9972706421870403,0.9974330412715188,0.997159308552446,0.9969204638537863,0.9975418425399442,0.9970769682893723,0.9972486351102188
3,1,1.4738134652945647,0.61032,5000,1.9644662406709459,0.5431654676258992,834,1.9604474732670158,0.5544,0.9981134560118146,0.08325340362163851,,,0.97,,0.9700176878243976,0.029982312175602432,0.9972776383693568,0.09986951468251222,5,0.001,0.1,0.9960867845393714,1.0,0.9968142977779022,0.9963400181296095,0.9961462972197048,0.9963619044458812,0.9969711127516145,0.9966591135681926,0.9966735726391941,0.9968876922466486,0.996487169264343,0.9963098609240474
3,2,1.4730746035363265,0.59044,5000,1.971818040918421,0.5347721822541966,834,1.9604474732670158,0.5544,0.99905215624836,0.08336582505388299,,,0.97,,0.9700176878243976,0.029982312175602432,0.9972776383693568,0.09986951468251222,5,0.001,0.1,0.9976756710057192,0.9968142977779022,1.0,0.997609042458273,0.9975816467169226,0.9979225477054026,0.9973806562602842,0.9975157603233132,0.9971341082316212,0.9983009613646985,0.9975709352580373,0.9974757349314518
3,3,1.4573276737693008,0.60036,5000,1.958035323354933,0.5731414868105515,834,1.9604474732670158,0.5544,0.9985413523578602,0.08332916326651424,,,0.97,,0.9700176878243976,0.029982312175602432,0.9972776383693568,0.09986951468251222,5,0.001,0.1,0.9967850551094772,0.9963400181296095,0.997609042458273,1.0,0.9974776334429608,0.9968973249288383,0.996449349501156,0.9973721703928549,0.9967505482245664,0.997413982462395,0.9969968954660013,0.99676858342037
3,4,1.4618111137371914,0.6182,5000,1.9660371012157865,0.56062424969988,833,1.9604474732670158,0.5544,0.9987278753171495,0.0833565390906241,,,0.97,,0.9700176878243976,0.029982312175602432,0.9972776383693568,0.09986951468251222,5,0.001,0.1,0.996918739047194,0.9961462972197048,0.9975816467169226,0.9974776334429608,1.0,0.9975262295641601,0.9974261863338831,0.9970269499857444,0.9971195447431531,0.9979542907091584,0.9969304299233044,0.9969864510448216
3,5,1.4712548233141565,0.6088,5000,1.9590896412178322,0.5714285714285714,833,1.9604474732670158,0.5544,0.9987760294357457,0.08331172159947918,,,0.97,,0.9700176878243976,0.029982312175602432,0.9972776383693568,0.09986951468251222,5,0.001,0.1,0.9972706421870403,0.9963619044458812,0.9979225477054026,0.9968973249288383,0.9975262295641601,1.0,0.9974354786770189,0.9971075764732896,0.9970932108422267,0.9979253051959445,0.99701268040841,0.9971208448622321
3,6,1.4561913494091885,0.62432,5000,1.9717613767694544,0.5582232893157263,833,1.9604474732670158,0.5544,0.9988142032369238,0.08335075719957649,,,0.97,,0.9700176878243976,0.029982312175602432,0.9972776383693568,0.09986951468251222,5,0.001,0.1,0.9974330412715188,0.9969711127516145,0.9973806562602842,0.996449349501156,0.9974261863338831,0.9974354786770189,1.0,0.9974850397288519,0.9973539560697657,0.998021313805651,0.9972231805296785,0.9969510315233131
3,7,1.462817579014286,0.60256,5000,1.9571349046848439,0.5846338535414166,833,1.9604474732670158,0.5544,0.998702747645725,0.0833173826168886,,,0.97,,0.9700176878243976,0.029982312175602432,0.9972776383693568,0.09986951468251222,5,0.001,0.1,0.997159308552446,0.9966591135681926,0.9975157603233132,0.9973721703928549,0.9970269499857444,0.9971075764732896,0.9974850397288519,1.0,0.9972734057817274,0.9972846751527082,0.9973957671893544,0.9965162477616663
3,8,1.45545199934844,0.6202,5000,1.9689485143732142,0.5498199279711885,833,1.9604474732670158,0.5544,0.99864542962762,0.08332743995887998,,,0.97,,0.9700176878243976,0.029982312175602432,0.9972776383693568,0.09986951468251222,5,0.001,0.1,0.9969204638537863,0.9966735726391941,0.9971341082316212,0.9967505482245664,0.9971195447431531,0.9970932108422267,0.9973539560697657,0.9972734057817274,1.0,0.9976395070611361,0.9972255509867217,0.9969247480587576
3,9,1.4646956623739498,0.6174,5000,1.9736743282388758,0.5546218487394958,833,1.9604474732670158,0.5544,0.9991572719033927,0.08336736260368954,,,0.97,,0.9700176878243976,0.029982312175602432,0.9972776383693568,0.09986951468251222,5,0.001,0.1,0.9975418425399442,0.9968876922466486,0.9983009613646985,0.997413982462395,0.9979542907091584,0.9979253051959445,0.998021313805651,0.9972846751527082,0.9976395070611361,1.0,0.9975294211700395,0.9977419596659364
3,10,1.4493590568281283,0.6116,5000,1.967450464213336,0.5402160864345739,833,1.9604474732670158,0.5544,0.9986410471285897,0.08334043124868773,,,0.97,,0.9700176878243976,0.029982312175602432,0.9972776383693568,0.09986951468251222,5,0.001,0.1,0.9970769682893723,0.996487169264343,0.9975709352580373,0.9969968954660013,0.9969304299233044,0.99701268040841,0.9972231805296785,0.9973957671893544,0.9972255509867217,0.9975294211700395,1.0,0.9966060794326796
3,11,1.474714335894129,0.6186,5000,1.9662713165636416,0.539015606242497,833,1.9604474732670158,0.5544,0.9985238168646435,0.08332841418585425,,,0.97,,0.9700176878243976,0.029982312175602432,0.9972776383693568,0.09986951468251222,5,0.001,0.1,0.9972486351102188,0.9963098609240474,0.9974757349314518,0.99676858342037,0.9969864510448216,0.9971208448622321,0.9969510315233131,0.9965162477616663,0.9969247480587576,0.9977419596659364,0.9966060794326796,1.0
4,0,1.3437257472876531,0.63088,5000,1.821979527120237,0.5899280575539568,834,1.8327126419201445,0.5924,0.9984459257619167,0.08334361754233945,,,0.97,,0.9700176878243976,0.029982312175602432,0.9979576229572232,0.09984736015979749,5,0.001,0.1,1.0,0.9953400448007048,0.997149965360032,0.9965699035952214,0.9966730743078778,0.9968603804837767,0.9969683477719766,0.9968951325309469,0.9963413803584716,0.9970351573206274,0.9965875251906717,0.9966406536887104
4,1,1.3511498698003732,0.62848,5000,1.8384553017439667,0.580335731414868,834,1.8327126419201445,0.5924,0.9976933064595936,0.08325912949164783,,,0.97,,0.9700176878243976,0.029982312175602432,0.9979576229572232,0.09984736015979749,5,0.001,0.1,0.9953400448007048,1.0,0.9961643351357226,0.9956359159980213,0.9954985326618293,0.9957921345974552,0.9963835692106019,0.9957790053268003,0.996056213354333,0.9962770412922933,0.995837521571776,0.9952856620439248
4,2,1.3500226676084432,0.6146,5000,1.8470566361038774,0.564748201438849,834,1.8327126419201445,0.5924,0.9987892377529154,0.0833634472100488,,,0.97,,0.9700176878243976,0.029982312175602432,0.9979576229572232,0.09984736015979749,5,0.001,0.1,0.997149965360032,0.9961643351357226,1.0,0.997322430036642,0.9971077775830173,0.9974159340235443,0.9968157006526583,0.9966773116904075,0.9966400125528961,0.9978249330890886,0.997138196850879,0.9969184460087935
4,3,1.3356976298010272,0.62624,5000,1.8303593308837325,0.6091127098321343,834,1.8327126419201445,0.5924,0.9984693231256153,0.08333063786976815,,,0.97,,0.9700176878243976,0.029982312175602432,0.9979576229572232,0.09984736015979749,5,0.001,0.1,0.9965699035952214,0.9956359159980213,0.997322430036642,1.0,0.9973183738819412,0.9967308162294618,0.9961662246106082,0.9971040859066594,0.9965653412637534,0.997016912626462,0.9965486403631404,0.9963644040395808
4,4,1.3375903223730197,0.63924,5000,1.8384968483889546,0.5906362545018007,833,1.8327126419201445,0.5924,0.9986247167491222,0.08335244218158518,,,0.97,,0.9700176878243976,0.029982312175602432,0.9979576229572232,0.09984736015979749,5,0.001,0.1,0.9966730743078778,0.9954985326618293,0.9971077775830173,0.9973183738819412,1.0,0.99718183084267,0.997124454334893,0.9968634001946087,0.9965524657215419,0.9975279241660886,0.9967480915528913,0.9966077071247804
4,5,1.3471842726324774,0.6312,5000,1.8323190521310877,0.6146458583433373,833,1.8327126419201445,0.5924,0.9986151191281383,0.08332464737306686,,,0.97,,0.9700176878243976,0.029982312175602432,0.9979576229572232,0.09984736015979749,5,0.001,0.1,0.9968603804837767,0.9957921345974552,0.9974159340235443,0.9967308162294618,0.99718183084267,1.0,0.9969195796300858,0.996543967204794,0.9967880036468884,0.997632322313539,0.9966591162164432,0.996566119594028
4,6,1.3318865451083821,0.64044,5000,1.8462762744338423,0.602641056422569,833,1.8327126419201445,0.5924,0.998611487250362,0.08334846933647595,,,0.97,,0.9700176878243976,0.029982312175602432,0.9979576229572232,0.09984736015979749,5,0.001,0.1,0.9969683477719766,0.9963835692106019,0.9968157006526583,0.9961662246106082,0.997124454334893,0.9969195796300858,1.0,0.9969807544759418,0.9968647958710656,0.9976838481183907,0.9966533838747886,0.9964854167347349
4,7,1.3404289377722771,0.62816,5000,1.830452106617115,0.6146458583433373,833,1.8327126419201445,0.5924,0.9984573769652868,0.08332302761497586,,,0.97,,0.9700176878243976,0.029982312175602432,0.9979576229572232,0.09984736015979749,5,0.001,0.1,0.9968951325309469,0.9957790053268003,0.9966773116904075,0.9971040859066594,0.9968634001946087,0.996543967204794,0.9969807544759418,1.0,0.9968499765730529,0.9965741366454728,0.9967587071801137,0.9961742416126831
4,8,1.330459758962036,0.63748,5000,1.843380751433196,0.5882352941176471,833,1.8327126419201445,0.5924,0.9984232900210107,0.08332809520773489,,,0.97,,0.9700176878243976,0.029982312175602432,0.9979576229572232,0.09984736015979749,5,0.001,0.1,0.9963413803584716,0.996056213354333,0.9966400125528961,0.9965653412637534,0.9965524657215419,0.9967880036468884,0.9968647958710656,0.9968499765730529,1.0,0.9973748495944845,0.9966260636290868,0.9961330484601848
4,9,1.3401673739123496,0.63852,5000,1.8501431235560664,0.5882352941176471,833,1.8327126419201445,0.5924,0.9989313165275044,0.08336897603234308,,,0.97,,0.9700176878243976,0.029982312175602432,0.9979576229572232,0.09984736015979749,5,0.001,0.1,0.9970351573206274,0.9962770412922933,0.9978249330890886,0.997016912626462,0.9975279241660886,0.997632322313539,0.9976838481183907,0.9965741366454728,0.9973748495944845,1.0,0.9970079585500161,0.9969221815502834
4,10,1.3273785602514911,0.632,5000,1.8414503071043227,0.5858343337334934,833,1.8327126419201445,0.5924,0.9984140250510487,0.08333576327194822,,,0.97,,0.9700176878243976,0.029982312175602432,0.9979576229572232,0.09984736015979749,5,0.001,0.1,0.9965875251906717,0.995837521571776,0.997138196850879,0.9965486403631404,0.9967480915528913,0.9966591162164432,0.9966533838747886,0.9967587071801137,0.9966260636290868,0.9970079585500161,1.0,0.9961150390864582
4,11,1.3511269193546027,0.6354,5000,1.8392422375855622,0.5798319327731093,833,1.8327126419201445,0.5924,0.9982080974598855,0.08332174686806584,,,0.97,,0.9700176878243976,0.029982312175602432,0.9979576229572232,0.09984736015979749,5,0.001,0.1,0.9966406536887104,0.9952856620439248,0.9969184460087935,0.9963644040395808,0.9966077071247804,0.996566119594028,0.9964854167347349,0.9961742416126831,0.9961330484601848,0.9969221815502834,0.9961150390864582,1.0
5,0,1.2427449124633887,0.64504,5000,1.6803488201565213,0.6115107913669064,834,1.6944133801201282,0.6193,0.9981607488324175,0.0833388259213361,,,0.97,,0.9700176878243976,0.029982312175602432,0.9983592150247897,0.09981859867585925,5,0.001,0.1,1.0,0.9948974031774642,0.9968256980365328,0.9958964777208631,0.9957758800498843,0.9960854765839395,0.9963172084246184,0.9961827997124183,0.9957744224094037,0.9965911804709918,0.9958262808686448,0.9960272560662418
5,1,1.2510987904421083,0.64468,5000,1.7019672879466303,0.6127098321342925,834,1.6944133801201282,0.6193,0.9975088098409717,0.08326596146747656,,,0.97,,0.9700176878243976,0.029982312175602432,0.9983592150247897,0.09981859867585925,5,0.001,0.1,0.9948974031774642,1.0,0.9959974734869986,0.995188241193118,0.994911837131703,0.9951847819112009,0.9956736172160034,0.9950410046876883,0.9955972466917068,0.9959560297646587,0.9952184467940093,0.9947305532813557
5,2,1.2508249304856465,0.63116,5000,1.712181735921789,0.5935251798561151,834,1.6944133801201282,0.6193,0.9986706242625673,0.08336744728091748,,,0.97,,0.9700176878243976,0.029982312175602432,0.9983592150247897,0.09981859867585925,5,0.001,0.1,0.9968256980365328,0.9959974734869986,1.0,0.9965048426363972,0.996595278602985,0.996919966053278,0.9965563008495524,0.9963765437818844,0.9961428546477433,0.9974354607067599,0.9967501825029136,0.9962026725589787
5,3,1.2349409344849314,0.64216,5000,1.6920099876545094,0.6498800959232613,834,1.6944133801201282,0.6193,0.9981028054165866,0.08332899459219811,,,0.97,,0.9700176878243976,0.029982312175602432,0.9983592150247897,0.09981859867585925,5,0.001,0.1,0.9958964777208631,0.995188241193118,0.9965048426363972,1.0,0.9965341019007722,0.9960406349799087,0.9955920407421219,0.9965863530961654,0.9957374701875451,0.9961264380397081,0.9956077420691278,0.9956928555203484
5,4,1.2384964961155205,0.6528,5000,1.700162167902346,0.6134453781512605,833,1.6944133801201282,0.6193,0.9982171466135322,0.0833460589334378,,,0.97,,0.9700176878243976,0.029982312175602432,0.9983592150247897,0.09981859867585925,5,0.001,0.1,0.9957758800498843,0.994911837131703,0.996595278602985,0.9965341019007722,1.0,0.9963507883787446,0.9963578046301002,0.996155867118376,0.9957092815023804,0.9969691344795034,0.995941428455944,0.995573681786547
5,5,1.247048732581412,0.64824,5000,1.695553841414275,0.6482593037214885,833,1.6944133801201282,0.6193,0.9981807734534983,0.08332783728275454,,,0.97,,0.9700176878243976,0.029982312175602432,0.9983592150247897,0.09981859867585925,5,0.001,0.1,0.9960854765839395,0.9951847819112009,0.996919966053278,0.9960406349799087,0.9963507883787446,1.0,0.9962027951102957,0.9958183512586865,0.9960060191628493,0.9967530191671448,0.9956007659587116,0.9954781822742306
5,6,1.2318189505558865,0.655,5000,1.7100524725737396,0.6266506602641057,833,1.6944133801201282,0.6193,0.9983793841254978,0.08334885939845314,,,0.97,,0.9700176878243976,0.029982312175602432,0.9983592150247897,0.09981859867585925,5,0.001,0.1,0.9963172084246184,0.9956736172160034,0.9965563008495524,0.9955920407421219,0.9963578046301002,0.9962027951102957,1.0,0.9965102161119749,0.9964320421097493,0.997304090657028,0.9959333102114073,0.9959397273747621
5,7,1.2396182357885275,0.64608,5000,1.6929614676369562,0.6290516206482593,833,1.6944133801201282,0.6193,0.9982216612214292,0.08332816371727184,,,0.97,,0.9700176878243976,0.029982312175602432,0.9983592150247897,0.09981859867585925,5,0.001,0.1,0.9961827997124183,0.9950410046876883,0.9963765437818844,0.9965863530961654,0.996155867118376,0.9958183512586865,0.9965102161119749,1.0,0.9965428312803887,0.9961614919661587,0.9960243652145272,0.9955311452720129
5,8,1.229131705442052,0.65532,5000,1.707647230890062,0.6110444177671068,833,1.6944133801201282,0.6193,0.9981794271376448,0.08332990849659547,,,0.97,,0.9700176878243976,0.029982312175602432,0.9983592150247897,0.09981859867585925,5,0.001,0.1,0.9957744224094037,0.9955972466917068,0.9961428546477433,0.9957374701875451,0.9957092815023804,0.9960060191628493,0.9964320421097493,0.9965428312803887,1.0,0.9969008649538523,0.9960675839994316,0.9955146714832189
5,9,1.238323544241061,0.65156,5000,1.716309666633606,0.6086434573829532,833,1.6944133801201282,0.6193,0.9987265212651071,0.08337264269123809,,,0.97,,0.9700176878243976,0.029982312175602432,0.9983592150247897,0.09981859867585925,5,0.001,0.1,0.9965911804709918,0.9959560297646587,0.9974354607067599,0.9961264380397081,0.9969691344795034,0.9967530191671448,0.997304090657028,0.9961614919661587,0.9969008649538523,1.0,0.9967516309681115,0.9960270470606033
5,10,1.2280607390555607,0.65156,5000,1.7052136880380135,0.6134453781512605,833,1.6944133801201282,0.6193,0.9980674631373263,0.08333099730049359,,,0.97,,0.9700176878243976,0.029982312175602432,0.9983592150247897,0.09981859867585925,5,0.001,0.1,0.9958262808686448,0.9952184467940093,0.9967501825029136,0.9956077420691278,0.995941428455944,0.9956007659587116,0.9959333102114073,0.9960243652145272,0.9960675839994316,0.9967516309681115,1.0,0.9953614657999559
5,11,1.2531890405970774,0.65144,5000,1.7019138512787995,0.6134453781512605,833,1.6944133801201282,0.6193,0.99781661235213,0.08331430291782727,,,0.97,,0.9700176878243976,0.029982312175602432,0.9983592150247897,0.09981859867585925,5,0.001,0.1,0.9960272560662418,0.9947305532813557,0.9962026725589787,0.9956928555203484,0.995573681786547,0.9954781822742306,0.9959397273747621,0.9955311452720129,0.9955146714832189,0.9960270470606033,0.9953614657999559,1.0
6,0,1.1601757896933587,0.65924,5000,1.5353257876855355,0.6366906474820144,834,1.5522652190333357,0.6386,0.9978641727245903,0.08333678070172795,,,0.97,,0.9700176878243976,0.029982312175602432,0.9984275413545871,0.09978617867855817,5,0.001,0.1,1.0,0.9941583372494899,0.996377697283458,0.9951503809323669,0.994981662009704,0.9952716810002338,0.9958201334693796,0.9955296726041416,0.9949955660247817,0.9958911244949616,0.9949894932958515,0.9955994433245776
6,1,1.170849818560728,0.6526,5000,1.5613130816706904,0.6294964028776978,834,1.5522652190333357,0.6386,0.9971294452755208,0.08326836432861402,,,0.97,,0.9700176878243976,0.029982312175602432,0.9984275413545871,0.09978617867855817,5,0.001,0.1,0.9941583372494899,1.0,0.9952316646372682,0.994142237874234,0.9940948207810338,0.9945147520555604,0.9951811094078324,0.9941311209714582,0.9950036038298028,0.9953693640774501,0.9940755412720726,0.994070275919244
6,2,1.1686235417226318,0.64836,5000,1.5733082250312522,0.6163069544364509,834,1.5522652190333357,0.6386,0.9984287312461375,0.08337256400871627,,,0.97,,0.9700176878243976,0.029982312175602432,0.9984275413545871,0.09978617867855817,5,0.001,0.1,0.996377697283458,0.9952316646372682,1.0,0.996240881239979,0.9962097164898709,0.9962184855388903,0.9962147452119815,0.9955055571501502,0.9953110864729044,0.9968042942742956,0.9957418360717013,0.9956685439293168
6,3,1.1527659655756253,0.65804,5000,1.549413111474779,0.6606714628297362,834,1.5522652190333357,0.6386,0.9977256368671545,0.0833262774561282,,,0.97,,0.9700176878243976,0.029982312175602432,0.9984275413545871,0.09978617867855817,5,0.001,0.1,0.9951503809323669,0.994142237874234,0.996240881239979,1.0,0.9957894544237427,0.9954233078658726,0.9949550344684537,0.9957410032911459,0.9947653707648736,0.9954540947770075,0.9947253408689225,0.9947198747902364
6,4,1.1547996520996093,0.66536,5000,1.557365232043796,0.6230492196878752,833,1.5522652190333357,0.6386,0.9979522527820527,0.08334406115645097,,,0.97,,0.9700176878243976,0.029982312175602432,0.9984275413545871,0.09978617867855817,5,0.001,0.1,0.994981662009704,0.9940948207810338,0.9962097164898709,0.9957894544237427,1.0,0.9960103674953229,0.9956878132906212,0.995261927379907,0.9951562981323127,0.996305128135951,0.9951356624527287,0.9951864346676507
6,5,1.1626724261387138,0.66192,5000,1.5549256404240925,0.6662665066026411,833,1.5522652190333357,0.6386,0.9979292680919604,0.08333214174054485,,,0.97,,0.9700176878243976,0.029982312175602432,0.9984275413545871,0.09978617867855817,5,0.001,0.1,0.9952716810002338,0.9945147520555604,0.9962184855388903,0.9954233078658726,0.9960103674953229,1.0,0.9956521571154984,0.9947536709252004,0.9954003397723169,0.9962142169520236,0.9950866113432587,0.9949996226893397
6,6,1.1487373065796627,0.66796,5000,1.5697383306644581,0.6470588235294118,833,1.5522652190333357,0.6386,0.9981645944477288,0.08335263439779189,,,0.97,,0.9700176878243976,0.029982312175602432,0.9984275413545871,0.09978617867855817,5,0.001,0.1,0.9958201334693796,0.9951811094078324,0.9962147452119815,0.9949550344684537,0.9956878132906212,0.9956521571154984,1.0,0.995865262600237,0.9957564442512317,0.9967042730254483,0.9952239727214346,0.9953015036603218
6,7,1.157445298866102,0.6604,5000,1.5511505692093461,0.6482593037214885,833,1.5522652190333357,0.6386,0.9977435758850526,0.08332634694571951,,,0.97,,0.9700176878243976,0.029982312175602432,0.9984275413545871,0.09978617867855817,5,0.001,0.1,0.9955296726041416,0.9941311209714582,0.9955055571501502,0.9957410032911459,0.995261927379907,0.9947536709252004,0.995865262600237,1.0,0.9955729695369334,0.9953643407553622,0.9948432837923111,0.994753242417335
6,8,1.1439580502024123,0.6702,5000,1.5683013377366242,0.6410564225690276,833,1.5522652190333357,0.6386,0.9978078664158241,0.0833294928185517,,,0.97,,0.9700176878243976,0.029982312175602432,0.9984275413545871,0.09978617867855817,5,0.001,0.1,0.9949955660247817,0.9950036038298028,0.9953110864729044,0.9947653707648736,0.9951562981323127,0.9954003397723169,0.9957564442512317,0.9955729695369334,1.0,0.9961427656731382,0.9951092983340686,0.9948785701293023
6,9,1.154082198659326,0.66376,5000,1.578462874447858,0.6254501800720288,833,1.5522652190333357,0.6386,0.9984309097360556,0.08337582126238743,,,0.97,,0.9700176878243976,0.029982312175602432,0.9984275413545871,0.09978617867855817,5,0.001,0.1,0.9958911244949616,0.9953693640774501,0.9968042942742956,0.9954540947770075,0.996305128135951,0.9962142169520236,0.9967042730254483,0.9953643407553622,0.9961427656731382,1.0,0.9956582302515323,0.995642576068645
6,10,1.1450458799198175,0.66376,5000,1.5647379292382135,0.6350540216086434,833,1.5522652190333357,0.6386,0.9975726892234585,0.08332256805724232,,,0.97,,0.9700176878243976,0.029982312175602432,0.9984275413545871,0.09978617867855817,5,0.001,0.1,0.9949894932958515,0.9940755412720726,0.9957418360717013,0.9947253408689225,0.9951356624527287,0.9950866113432587,0.9952239727214346,0.9948432837923111,0.9951092983340686,0.9956582302515323,1.0,0.9946861790976292
6,11,1.1696585166985822,0.66236,5000,1.5605776442421808,0.6338535414165666,833,1.5522652190333357,0.6386,0.9975918804927231,0.08331294712612478,,,0.97,,0.9700176878243976,0.029982312175602432,0.9984275413545871,0.09978617867855817,5,0.001,0.1,0.9955994433245776,0.994070275919244,0.9956685439293168,0.9947198747902364,0.9951864346676507,0.9949996226893397,0.9953015036603218,0.994753242417335,0.9948785701293023,0.995642576068645,0.9946861790976292,1.0
7,0,1.089641486155759,0.67084,5000,1.3934850207081548,0.6618705035971223,834,1.4126155231707394,0.6594,0.9971733051010876,0.08333521526496446,,,0.97,,0.9700176878243976,0.029982312175602432,0.9983349083769825,0.09971804921927849,5,0.001,0.1,1.0,0.9920877937048946,0.9952249586492021,0.9938198714358587,0.9932316663281128,0.9937832920339889,0.9945207085518328,0.9940613771854488,0.9934522332856746,0.9945377837691487,0.9937813272334112,0.9938396955825435
7,1,1.101605857101975,0.66636,5000,1.4231349229812622,0.6522781774580336,834,1.4126155231707394,0.6594,0.9960071020347396,0.08325557627678941,,,0.97,,0.9700176878243976,0.029982312175602432,0.9983349083769825,0.09971804921927849,5,0.001,0.1,0.9920877937048946,1.0,0.9927270150506518,0.992735481368783,0.9917611938893297,0.9922300126737371,0.9935096314374193,0.9919604717273238,0.9931016366408293,0.9936627485952454,0.9923835766475192,0.9922338248739189
