round,client_id,client_i_training_loss,client_i_training_accuracy,client_i_training_dataset_size,client_i_evaluation_loss,client_i_evaluation_accuracy,client_i_evaluation_dataset_size,client_i_central_evaluation_loss,client_i_central_evaluation_accuracy,client_i_cosine_similarity,client_i_importance_coefficient,client_i_tanh_val,tanh_normalization_value,client_i_q,client_i_mask_order,client_i_v_nonzero_fraction,client_i_v_sparsity,client_i_v_cosine_similarity,client_i_reward_gradient_norm,local_epochs,learning_rate,gamma,client_0_cosine_similarity,client_1_cosine_similarity,client_2_cosine_similarity,client_3_cosine_similarity,client_4_cosine_similarity,client_5_cosine_similarity,client_6_cosine_similarity,client_7_cosine_similarity,client_8_cosine_similarity,client_9_cosine_similarity,client_10_cosine_similarity,client_11_cosine_similarity
0,0,0.3521880645684566,0.89068,5000,2.1961269466965287,0.24100719424460432,834,2.1953095810862777,0.2435,0.7950206495855987,0.08401214133896268,,,0.9899999998184134,,0.9900005019828322,0.009999498017167818,0,0.3942984655291164,5,0.1,0.5,1.0,0.5842766995490157,0.6018499637169256,0.5811925839816394,0.5804986934435808,0.593810490081778,0.5953201545028766,0.6000361483470907,0.6020901884774389,0.6001899835865682,0.5926175356243345,0.5915281443762044
0,1,0.3434084434465618,0.89236,5000,2.1844776648062245,0.2697841726618705,834,2.1955306788983817,0.2434,0.784204298660728,0.08286914611846657,,,0.7824473189228806,,0.7824557000150595,0.21754429998494051,0,0.3940064263298661,5,0.1,0.5,0.5842766995490157,1.0,0.5788157690973861,0.5796811591938511,0.5743828213079659,0.5883834763475563,0.5981319286097514,0.5867289861820569,0.5805524289624432,0.5771685400564185,0.5924514042166134,0.5804804706102601
0,2,0.3438399505095592,0.89144,5000,2.2023149684623435,0.23501199040767387,834,2.195320515586926,0.2435,0.793199769998056,0.08381972370383634,,,0.9550595247351348,,0.9550825761758948,0.04491742382410524,0,0.394296078372814,5,0.1,0.5,0.6018499637169256,0.5788157690973861,1.0,0.5852815087672466,0.5867151890074023,0.5959542249901316,0.5898158870805353,0.5988066037070536,0.5862208611861466,0.5942831898450023,0.6061329877206019,0.5823031145937477
0,3,0.3498275222150004,0.88896,5000,2.1939605783533165,0.2314148681055156,834,2.1958633451796947,0.2416,0.7799076587405073,0.0824151076976427,,,0.7,,0.7,0.30000000000000004,0,0.39346055355580906,5,0.1,0.5,0.5811925839816394,0.5796811591938511,0.5852815087672466,1.0,0.5760768526467828,0.584924752415853,0.5659973843749198,0.5853143327238886,0.5862541081413366,0.5790247500958264,0.5756398035193167,0.5810066431902025
0,4,0.34282539932852146,0.89148,5000,2.196055624220106,0.23169267707082833,833,2.1957322979887453,0.2421,0.7814955405542611,0.0825829037812239,,,0.7304695298515201,,0.730485417398725,0.26951458260127503,0,0.3937087427260245,5,0.1,0.5,0.5804986934435808,0.5743828213079659,0.5867151890074023,0.5760768526467828,1.0,0.5902894267547062,0.5761758797778181,0.585520679771458,0.5855839453267436,0.5798891177359753,0.5922301386778376,0.5680575180759565
0,5,0.3311184661949326,0.89384,5000,2.191082300963225,0.24009603841536614,833,2.195329309652408,0.2435,0.7922660988269005,0.08372105995914478,,,0.9371435051834197,,0.9371617890668139,0.06283821093318609,0,0.3942920802100467,5,0.1,0.5,0.593810490081778,0.5883834763475563,0.5959542249901316,0.584924752415853,0.5902894267547062,1.0,0.5904331568752141,0.5959054397211843,0.5898563916278511,0.5866340514031786,0.5963596021964492,0.5847928065613588
0,6,0.3436682849363157,0.89288,5000,2.1976451608869763,0.25210084033613445,833,2.195433356891425,0.2432,0.7861890320135093,0.08307887865691185,,,0.8205319494136792,,0.8205561969780634,0.17944380302193663,0,0.3941421859627992,5,0.1,0.5,0.5953201545028766,0.5981319286097514,0.5898158870805353,0.5659973843749198,0.5761758797778181,0.5904331568752141,1.0,0.5854759678072414,0.5883960081855024,0.5885489772404399,0.5871964790879505,0.574343715507164
0,7,0.35151033443131835,0.8866,5000,2.190396794566402,0.2689075630252101,833,2.1953094972970004,0.2435,0.7944441466834945,0.08395122060272879,,,0.9789376069923221,,0.9789468400180714,0.021053159981928582,0,0.3942982086222138,5,0.1,0.5,0.6000361483470907,0.5867289861820569,0.5988066037070536,0.5853143327238886,0.585520679771458,0.5959054397211843,0.5854759678072414,1.0,0.6056566784753415,0.5872143772629294,0.5959038785161505,0.5913919472384886
0,8,0.3417814177716044,0.8922,5000,2.194250539497093,0.22448979591836735,833,2.1953296394774706,0.2436,0.7920311749139402,0.08369623486687854,,,0.9326355996725801,,0.9326539832337734,0.06734601676622665,0,0.3942907024677623,5,0.1,0.5,0.6020901884774389,0.5805524289624432,0.5862208611861466,0.5862541081413366,0.5855839453267436,0.5898563916278511,0.5883960081855024,0.6056566784753415,1.0,0.5893578153950603,0.5931553059689969,0.5879969629915222
0,9,0.3509484192320875,0.88916,5000,2.1994007251880787,0.2388955582232893,833,2.1953912337367147,0.2438,0.7872842280054168,0.08319461119859359,,,0.8415474347474431,,0.8415641785050951,0.15843582149490487,0,0.39419364264096124,5,0.1,0.5,0.6001899835865682,0.5771685400564185,0.5942831898450023,0.5790247500958264,0.5798891177359753,0.5866340514031786,0.5885489772404399,0.5872143772629294,0.5893578153950603,1.0,0.5897049716248803,0.5781837857591656
0,10,0.3288007033342246,0.89732,5000,2.2010268811826355,0.24129651860744297,833,2.195312383456733,0.2436,0.7939132730777617,0.08389512164678194,,,0.968750785128661,,0.9687666281813162,0.031233371818683797,0,0.39429762949237285,5,0.1,0.5,0.5926175356243345,0.5924514042166134,0.6061329877206019,0.5756398035193167,0.5922301386778376,0.5963596021964492,0.5871964790879505,0.5959038785161505,0.5931553059689969,0.5897049716248803,1.0,0.5915391892082069
0,11,0.36519560901459996,0.88816,5000,2.2014392923425743,0.24369747899159663,833,2.1955725468766576,0.243,0.7832078683086321,0.08276385042882839,,,0.7633270266598353,,0.7633401937653732,0.2366598062346268,0,0.3939148755623272,5,0.1,0.5,0.5915281443762044,0.5804804706102601,0.5823031145937477,0.5810066431902025,0.5680575180759565,0.5847928065613588,0.574343715507164,0.5913919472384886,0.5879969629915222,0.5781837857591656,0.5915391892082069,1.0
1,0,0.31052827333355215,0.9048,5000,2.03474548569432,0.5743405275779376,834,2.036201458007764,0.5859,0.8117790732360901,0.08382164460578621,,,0.9536337045819954,,0.9536469052758396,0.04635309472416038,0.9593248429479359,0.40532574445484587,5,0.1,0.5,1.0,0.6311498931299,0.6307763154281965,0.6273028201615579,0.6248549584094829,0.6258942407417567,0.6269925277354585,0.6246273054040344,0.6271152289216299,0.6280472375277616,0.6262385471162399,0.6208288785518912
1,1,0.29823669460809726,0.9084,5000,2.0189086154655174,0.6282973621103117,834,2.036641712386768,0.5863,0.8115171101188708,0.08305657078634447,,,0.8169015889141664,,0.8169218412730285,0.18307815872697153,0.9585376632593432,0.4051428562368273,5,0.1,0.5,0.6311498931299,1.0,0.6241845103924016,0.6365149351040197,0.6225675365245542,0.6354429979323815,0.6294918796546974,0.6162750707078564,0.6299945520271946,0.6250206064424262,0.63571704546893,0.6099685185696996
1,2,0.30178150760045475,0.90692,5000,2.043305657528065,0.60431654676259,834,2.036208568289638,0.5861,0.8141294616874949,0.08377619916518202,,,0.9455118069515124,,0.9455348627076954,0.05446513729230462,0.959311754858169,0.40532410175551487,5,0.1,0.5,0.6307763154281965,0.6241845103924016,1.0,0.6444828719571687,0.6319586437629564,0.6278444316267529,0.6292757393008642,0.6193274505129206,0.625357929612205,0.6281897944885162,0.6468924434935389,0.6092961883043955
1,3,0.30893950700332784,0.90464,5000,2.0335715346866183,0.5887290167865707,834,2.0372909692148813,0.5853,0.8156343467449362,0.0828995975227537,,,0.7888477124271754,,0.7888559811254455,0.21114401887455447,0.9572211455252329,0.4050283273312103,5,0.1,0.5,0.6273028201615579,0.6365149351040197,0.6444828719571687,1.0,0.6295297534615065,0.6307227173736242,0.6316390283176666,0.6254700928251182,0.6313933191995051,0.6309869182045768,0.6412232492565954,0.6089902162042106
1,4,0.3048128188255534,0.90364,5000,2.0362459465309426,0.5690276110444178,833,2.037070898583141,0.5861,0.8085859250395712,0.08276522249871016,,,0.7648325378603646,,0.7648411224336128,0.2351588775663872,0.9578251375172951,0.40489768752751054,5,0.1,0.5,0.6248549584094829,0.6225675365245542,0.6319586437629564,0.6295297534615065,1.0,0.6344483955227842,0.6274573457891598,0.6154798397765324,0.61686222987656,0.6229086229766965,0.6359370719925154,0.6070710031787736
1,5,0.2858855044184502,0.91184,5000,2.0272784498002796,0.5822328931572629,833,2.03621236813335,0.5863,0.8136145549394947,0.08369302121325241,,,0.930646447485218,,0.9306661312183123,0.06933386878168768,0.9593103804025808,0.4053193732723945,5,0.1,0.5,0.6258942407417567,0.6354429979323815,0.6278444316267529,0.6307227173736242,0.6344483955227842,1.0,0.6301608383453428,0.6220420966297402,0.6262081943404069,0.6300661045329055,0.6326331326706826,0.6176634409305934
1,6,0.312838370929573,0.90204,5000,2.040493135099058,0.5942376950780313,833,2.0363827414405993,0.5864,0.8138216110732026,0.08327550239896975,,,0.8560285095068308,,0.856051403042016,0.143948596957984,0.9589053533373865,0.40524563900486016,5,0.1,0.5,0.6269925277354585,0.6294918796546974,0.6292757393008642,0.6316390283176666,0.6274573457891598,0.6301608383453428,1.0,0.6244906087646432,0.6337025108615049,0.6323207121456851,0.6376006556961742,0.614654609124356
1,7,0.31313411259228824,0.90472,5000,2.032259888119168,0.5678271308523409,833,2.0361920263820563,0.5862,0.8030040284336047,0.08347589777749094,,,0.8918426798247377,,0.8918528186336028,0.10814718136639723,0.95928338246876,0.4052938383857811,5,0.1,0.5,0.6246273054040344,0.6162750707078564,0.6193274505129206,0.6254700928251182,0.6154798397765324,0.6220420966297402,0.6244906087646432,1.0,0.617214086812674,0.6183908787148671,0.6236257775908254,0.6015994182410336
1,8,0.2954156268565993,0.9074,5000,2.0330552789900036,0.5990396158463386,833,2.0362209965245794,0.5861,0.8105185885863627,0.08356883329771349,,,0.9084518879531658,,0.908468450378997,0.09153154962100296,0.9592967104220201,0.4053071440901423,5,0.1,0.5,0.6271152289216299,0.6299945520271946,0.625357929612205,0.6313933191995051,0.61686222987656,0.6262081943404069,0.6337025108615049,0.617214086812674,1.0,0.6273691159508531,0.6347684230029581,0.61295392911193
1,9,0.31197813676349867,0.9022,5000,2.0428146212189287,0.5510204081632653,833,2.036357840790916,0.5866,0.8106006116977663,0.08323992425522289,,,0.8496700709582586,,0.8496812409015612,0.15031875909843884,0.9589863372668019,0.4052331850810534,5,0.1,0.5,0.6280472375277616,0.6250206064424262,0.6281897944885162,0.6309869182045768,0.6229086229766965,0.6300661045329055,0.6323207121456851,0.6183908787148671,0.6273691159508531,1.0,0.6352717385796856,0.6073341739947398
1,10,0.28648390638149657,0.91032,5000,2.042778809865316,0.5774309723889556,833,2.036209728390264,0.5859,0.8198481125074275,0.08402512935596194,,,0.9899999998212825,,0.9900005019828322,0.009999498017167818,0.9593287773638278,0.4053285577172516,5,0.1,0.5,0.6262385471162399,0.63571704546893,0.6468924434935389,0.6412232492565954,0.6359370719925154,0.6326331326706826,0.6376006556961742,0.6236257775908254,0.6347684230029581,0.6352717385796856,1.0,0.623126831599131
1,11,0.32313079555892643,0.9038,5000,2.0461235399599427,0.6002400960384153,833,2.037215515828361,0.5875,0.7947264948483377,0.08240245712261204,,,0.7,,0.7,0.30000000000000004,0.9573169818895045,0.40435506893364703,5,0.1,0.5,0.6208288785518912,0.6099685185696996,0.6092961883043955,0.6089902162042106,0.6070710031787736,0.6176634409305934,0.614654609124356,0.6015994182410336,0.61295392911193,0.6073341739947398,0.623126831599131,1.0
2,0,0.2792252506105716,0.91628,5000,1.8346135881212022,0.8201438848920863,834,1.839018405435946,0.8155,0.8148003373957139,0.08375622891195017,,,0.93545376324772,,0.9354751267506651,0.06452487324933487,0.9681078745287243,0.405965233625102,5,0.1,0.5,1.0,0.6376324311166656,0.6332191834845335,0.626638987214372,0.6251482011325636,0.6360455831358275,0.6332949238182124,0.6174200480540608,0.6298774976987555,0.6349786788892345,0.6381124719997516,0.6241501972583
2,1,0.2704449024668355,0.91824,5000,1.8140394820107355,0.8357314148681055,834,1.8396772980309142,0.8155,0.8169976484469157,0.08332693972008826,,,0.8546621825937036,,0.8546759700818232,0.14532402991817683,0.9676482272135575,0.4058813807337537,5,0.1,0.5,0.6376324311166656,1.0,0.6364532932392815,0.6151798902309705,0.626745092555198,0.6411406467188048,0.6331642320311756,0.6238030187570281,0.6328299077342956,0.6392008477765518,0.6411693575911794,0.6339166170255813
2,2,0.27144659583688163,0.91644,5000,1.846278980926231,0.815347721822542,834,1.8390211468687454,0.8155,0.816925067935868,0.08380010964358782,,,0.9437120509858392,,0.9437277245118217,0.05627227548817826,0.9681139181217123,0.40596754602488244,5,0.1,0.5,0.6332191834845335,0.6364532932392815,1.0,0.628572573597296,0.6340524221969223,0.6374342860059716,0.6416867783979087,0.6209024944093564,0.6296919686238547,0.6300939157200793,0.6412399505643269,0.6241025721848097
2,3,0.2858261935828123,0.91348,5000,1.8352037712379738,0.8081534772182254,834,1.8410671488545574,0.8168,0.8042671394612293,0.08278026888225092,,,0.7517795526006785,,0.7517996084533909,0.2482003915466091,0.9668483120738469,0.4054228185321117,5,0.1,0.5,0.626638987214372,0.6151798902309705,0.628572573597296,1.0,0.6207657721218519,0.6287796678863535,0.6212673500793613,0.6140834442439794,0.6215904543057114,0.6177539973508359,0.6252488738175229,0.618132637159669
2,4,0.27393891430774314,0.917,5000,1.8382653218728524,0.8139255702280912,833,1.840811884822175,0.8166,0.8065428778248558,0.0827706183110644,,,0.749963329608921,,0.7499723909442297,0.25002760905577026,0.9668012236845615,0.40540816915136324,5,0.1,0.5,0.6251482011325636,0.626745092555198,0.6340524221969223,0.6207657721218519,1.0,0.6311958020312173,0.6281704467225663,0.6109567226606767,0.621587723908005,0.6167663291096781,0.6307614848286903,0.6145796076482862
2,5,0.2531223609972342,0.92316,5000,1.8250809952064797,0.8091236494597839,833,1.8390267177130848,0.8155,0.8177586613174075,0.08377412816108142,,,0.9388223750302838,,0.9388333918979971,0.06116660810200292,0.9681068145647918,0.40596626680066555,5,0.1,0.5,0.6360455831358275,0.6411406467188048,0.6374342860059716,0.6287796678863535,0.6311958020312173,1.0,0.6350892920207494,0.6302086741324237,0.6309375061699194,0.6306974697214003,0.6380255932806089,0.6263882559295517
2,6,0.27504052199589407,0.91752,5000,1.8459362321429782,0.8043217286914766,833,1.8393094227336848,0.8155,0.8139064451684829,0.08336411379956778,,,0.8616582884762729,,0.8616786305908338,0.13832136940916617,0.9678724848374088,0.40589550247087375,5,0.1,0.5,0.6332949238182124,0.6331642320311756,0.6416867783979087,0.6212673500793613,0.6281704467225663,0.6350892920207494,1.0,0.6237225620411139,0.6296578647276496,0.6258585070425627,0.6363248104260796,0.621881282775184
2,7,0.2818402352689463,0.91568,5000,1.837504709208453,0.8223289315726291,833,1.8392125086281628,0.8162,0.803512435845536,0.08313496305322489,,,0.8185324624455899,,0.8185482656493148,0.18145173435068518,0.9677123813328862,0.4057817154843456,5,0.1,0.5,0.6174200480540608,0.6238030187570281,0.6209024944093564,0.6140834442439794,0.6109567226606767,0.6302086741324237,0.6237225620411139,1.0,0.625110773594596,0.6273099632444029,0.6213786889226076,0.6131241464841417
2,8,0.2695421646449976,0.91712,5000,1.8335725687168263,0.8187274909963985,833,1.8390890226577417,0.8156,0.8116728097473808,0.08348030358209546,,,0.8835250309058785,,0.8835399829325837,0.11646001706741627,0.9680045864699465,0.4059294744839161,5,0.1,0.5,0.6298774976987555,0.6328299077342956,0.6296919686238547,0.6215904543057114,0.621587723908005,0.6309375061699194,0.6296578647276496,0.625110773594596,1.0,0.6293248401954137,0.6336421008813045,0.6228932773900725
2,9,0.2798061199177792,0.91312,5000,1.8472572609230324,0.8091236494597839,833,1.839321545137765,0.8158,0.8116222800074563,0.08326112725852897,,,0.8422763762493946,,0.8422920536117665,0.1577079463882335,0.9677479784213406,0.4058525779926158,5,0.1,0.5,0.6349786788892345,0.6392008477765518,0.6300939157200793,0.6177539973508359,0.6167663291096781,0.6306974697214003,0.6258585070425627,0.6273099632444029,0.6293248401954137,1.0,0.6366340623392426,0.6193626399993085
2,10,0.2561693769683883,0.92128,5000,1.8466846059869837,0.8247298919567827,833,1.8390257933650154,0.8156,0.8192648343706377,0.08404606245183326,,,0.9899999998118015,,0.9900005019828322,0.009999498017167818,0.9681264906329686,0.4059715108787459,5,0.1,0.5,0.6381124719997516,0.6411693575911794,0.6412399505643269,0.6252488738175229,0.6307614848286903,0.6380255932806089,0.6363248104260796,0.6213786889226076,0.6336421008813045,0.6366340623392426,1.0,0.6367146671699461
2,11,0.2958750363943541,0.91216,5000,1.853453243220294,0.8175270108043218,833,1.8415135305148724,0.8174,0.8058046484026008,0.08250513622472676,,,0.7,,0.7,0.30000000000000004,0.9655829629419865,0.40493026922215336,5,0.1,0.5,0.6241501972583,0.6339166170255813,0.6241025721848097,0.618132637159669,0.6145796076482862,0.6263882559295517,0.621881282775184,0.6131241464841417,0.6228932773900725,0.6193626399993085,0.6367146671699461,1.0
3,0,0.24880896206636718,0.92676,5000,1.6040910570709794,0.9016786570743405,834,1.6117849944117733,0.8991,0.8004024864630377,0.08346548668209232,,,0.8688848152503904,,0.8688971437176849,0.1311028562823151,0.9694975544823745,0.4022607548423682,5,0.1,0.5,1.0,0.6079072575063509,0.6137306774816451,0.6080768088906325,0.611183074130516,0.6102831752197457,0.6161615229566787,0.6109649092854249,0.6088128284363372,0.6084883120921779,0.6196045567417652,0.6113353632771101
3,1,0.25123158335495904,0.92648,5000,1.579281387505708,0.920863309352518,834,1.6126358657599258,0.8987,0.8017936113977447,0.08322939597179702,,,0.8187166103073455,,0.8187289794689022,0.18127102053109778,0.9691527803926037,0.4021301177655585,5,0.1,0.5,0.6079072575063509,1.0,0.6124240698021479,0.6055407461254098,0.6070751385111823,0.6141895551235291,0.6213721523202211,0.6120322166651518,0.6124239137586013,0.6124503060312861,0.6217960232739776,0.6147444485362136
3,2,0.24832860471882448,0.92536,5000,1.6181584110966436,0.8968824940047961,834,1.6117470344415488,0.8991,0.8065435238146669,0.08370888486572906,,,0.9206058251290905,,0.9206264745745696,0.07937352542543041,0.9696243727328704,0.4023148935701644,5,0.1,0.5,0.6137306774816451,0.6124240698021479,1.0,0.6187710115959719,0.6221732691834464,0.618574611324134,0.6233475421716764,0.6187842471534734,0.6119519330445129,0.6140598356437144,0.621461121320032,0.610456474656499
3,3,0.2540869619240569,0.92296,5000,1.6070844464831882,0.8896882494004796,834,1.6147589496911143,0.8988,0.8047761479190206,0.08297101171038616,,,0.7638111268840327,,0.7638220972842729,0.23617790271572714,0.96801073142966,0.4018360443119293,5,0.1,0.5,0.6080768088906325,0.6055407461254098,0.6187710115959719,1.0,0.6109892940601678,0.6227724707399033,0.6181859813050788,0.6157235807691663,0.6172498543784195,0.6159844020147592,0.6211847288292814,0.6188590162716073
3,4,0.25345854606052304,0.92212,5000,1.6096370705851801,0.9015606242496998,833,1.614599248090872,0.8991,0.8023920487598841,0.08288141520882966,,,0.7447722767461167,,0.7447818884594147,0.25521811154058527,0.967867547266205,0.40169137645211705,5,0.1,0.5,0.611183074130516,0.6070751385111823,0.6221732691834464,0.6109892940601678,1.0,0.6223934658534584,0.6188770003600633,0.6163367348716883,0.6107924282369729,0.6083219756966103,0.6170239617669678,0.6050677342730326
3,5,0.2346703891550446,0.92784,5000,1.5934163773501362,0.8895558223289316,833,1.611751462323978,0.8991,0.8080901503391952,0.08374563058973813,,,0.9284141247888368,,0.9284272877867576,0.07157271221324235,0.9696311310249167,0.4023187842645228,5,0.1,0.5,0.6102831752197457,0.6141895551235291,0.618574611324134,0.6227724707399033,0.6223934658534584,1.0,0.618919266622316,0.6190363907969064,0.6193075883737472,0.6151737285722864,0.6273846641017676,0.6127610354117139
3,6,0.2532059174149659,0.92344,5000,1.6211030924761738,0.8895558223289316,833,1.612130824750224,0.8986,0.8084865898633529,0.08348760842084185,,,0.8735855843822845,,0.8736007228552783,0.12639927714472166,0.9694076827133716,0.4022682814700621,5,0.1,0.5,0.6161615229566787,0.6213721523202211,0.6233475421716764,0.6181859813050788,0.6188770003600633,0.618919266622316,1.0,0.6161135740521364,0.619008508993208,0.6196032624088774,0.6208575074040102,0.6140080252066423
3,7,0.2520130646800634,0.92452,5000,1.613060960063228,0.9039615846338536,833,1.6121706296079836,0.8989,0.8042657801813164,0.08318837852959617,,,0.8100005899099404,,0.8100296169870991,0.18997038301290092,0.968987391672687,0.40209509980505626,5,0.1,0.5,0.6109649092854249,0.6120322166651518,0.6187842471534734,0.6157235807691663,0.6163367348716883,0.6190363907969064,0.6161135740521364,1.0,0.6151745186269139,0.6162666189646592,0.6156052689672843,0.6107496032287268
3,8,0.2455966235702015,0.92448,5000,1.6028082061696936,0.9087635054021609,833,1.6118680391067894,0.8991,0.8042914248663001,0.08341824868640105,,,0.8588469554550001,,0.858857487073942,0.14114251292605795,0.9694193433639714,0.40224277293154787,5,0.1,0.5,0.6088128284363372,0.6124239137586013,0.6119519330445129,0.6172498543784195,0.6107924282369729,0.6193075883737472,0.619008508993208,0.6151745186269139,1.0,0.6092931926311395,0.6250398224733625,0.6163745152830554
3,9,0.2501868746510357,0.92344,5000,1.6219762696160211,0.8871548619447779,833,1.6122775439637156,0.8987,0.8021377526887523,0.08319776903159488,,,0.8119960289858807,,0.8120074293459164,0.1879925706540836,0.9690716599834356,0.40210240423469695,5,0.1,0.5,0.6084883120921779,0.6124503060312861,0.6140598356437144,0.6159844020147592,0.6083219756966103,0.6151737285722864,0.6196032624088774,0.6162666189646592,0.6092931926311395,1.0,0.619094455224694,0.6068703547433848
3,10,0.2370818712297756,0.9282,5000,1.6187185181511774,0.9087635054021609,833,1.6117267833350184,0.8991,0.8112284839538754,0.08403545265909661,,,0.9899999997875045,,0.9900005019828322,0.009999498017167818,0.9696467312309733,0.4023300122401108,5,0.1,0.5,0.6196045567417652,0.6217960232739776,0.621461121320032,0.6211847288292814,0.6170239617669678,0.6273846641017676,0.6208575074040102,0.6156052689672843,0.6250398224733625,0.619094455224694,1.0,0.6207858751644079
3,11,0.27386849059064866,0.9208,5000,1.6312022076712713,0.8895558223289316,833,1.6159303972896295,0.8987,0.8013984997495762,0.08267071764389727,,,0.7,,0.7,0.30000000000000004,0.9667434724466446,0.40123837731775835,5,0.1,0.5,0.6113353632771101,0.6147444485362136,0.610456474656499,0.6188590162716073,0.6050677342730326,0.6127610354117139,0.6140080252066423,0.6107496032287268,0.6163745152830554,0.6068703547433848,0.6207858751644079,1.0
4,0,0.23024697066017777,0.93316,5000,1.358162562052409,0.920863309352518,834,1.368963358501276,0.9274,0.8013558720027525,0.08363254296210103,,,0.9168443984774117,,0.916861603333166,0.08313839666683398,0.9703357896382954,0.39764915739131457,5,0.1,0.5,1.0,0.604471044978412,0.6035965842751977,0.6064314697035458,0.5986424681839789,0.6038585602458535,0.6050092961166127,0.6068545240221728,0.6087603413470192,0.6001168869169643,0.6065268614560654,0.6032244776590842
4,1,0.23253008984325893,0.932,5000,1.329517130498533,0.9424460431654677,834,1.3699981530253498,0.9268,0.7971515945178939,0.08332809974656716,,,0.8475672043501942,,0.847582952663019,0.15241704733698103,0.9698664932128411,0.39753828879325315,5,0.1,0.5,0.604471044978412,1.0,0.6021780241400329,0.6080131229553093,0.5925324010649259,0.6065335664279222,0.6030915069666777,0.5964573277698764,0.598392653414404,0.5971366712841135,0.6012808809166885,0.5983637448924208
4,2,0.22763756692504428,0.93164,5000,1.373644956835994,0.920863309352518,834,1.368966647230398,0.9273,0.794490342446497,0.08355403361462978,,,0.898979302367356,,0.898985994678982,0.10101400532101801,0.9704386620204791,0.39763212392702957,5,0.1,0.5,0.6035965842751977,0.6021780241400329,1.0,0.5980911227503589,0.6006387941170986,0.5896060293326391,0.6037523031709409,0.5957962058780223,0.5999376459974004,0.5938382560136167,0.6070896542341566,0.5861689518515706
4,3,0.23209275216142985,0.92868,5000,1.3640661901897855,0.9244604316546763,834,1.3726161318465162,0.9274,0.7964589558912109,0.08313184286386928,,,0.802908215521616,,0.8029265599116511,0.19707344008834893,0.9692182217641371,0.39737388080155245,5,0.1,0.5,0.6064314697035458,0.6080131229553093,0.5980911227503589,1.0,0.6000607538521773,0.598406219315539,0.5946327248498626,0.6002497662987518,0.607843017717558,0.5907149287294191,0.6027945064348459,0.5958841735856264
4,4,0.23069026338256848,0.92968,5000,1.3649705162754766,0.9351740696278511,833,1.372951571172038,0.9274,0.7907049490541539,0.08287061939077256,,,0.743465835685452,,0.7434767330957281,0.25652326690427185,0.9686290539078822,0.39697201479476885,5,0.1,0.5,0.5986424681839789,0.5925324010649259,0.6006387941170986,0.6000607538521773,1.0,0.603002641537716,0.5951410800891008,0.5908849698782662,0.599243709784301,0.5866853027764279,0.5947844986462142,0.5869590558669993
4,5,0.21334453850604926,0.93468,5000,1.346679808916869,0.9255702280912365,833,1.3689373419307673,0.9274,0.7956896254338424,0.08362050844143534,,,0.9141058982190872,,0.9141207770694242,0.08587922293057582,0.9704750352234747,0.3976471567498323,5,0.1,0.5,0.6038585602458535,0.6065335664279222,0.5896060293326391,0.598406219315539,0.603002641537716,1.0,0.6025140847623316,0.6019964085690571,0.596656450845087,0.5926192959663642,0.6055565290116037,0.5912961540004333
4,6,0.2276683245399955,0.93004,5000,1.379964581242314,0.9147659063625451,833,1.3693849716704494,0.9272,0.7960975349968915,0.08346304889904496,,,0.8782753895108131,,0.8782892425079062,0.12171075749209381,0.9703128961159053,0.39760372539569744,5,0.1,0.5,0.6050092961166127,0.6030915069666777,0.6037523031709409,0.5946327248498626,0.5951410800891008,0.6025140847623316,1.0,0.5995062027677559,0.60241090555478,0.5982092310718069,0.6013649995415199,0.5914439067326399
4,7,0.23116660778274298,0.92972,5000,1.372969106391624,0.9375750300120048,833,1.3696158305524637,0.9271,0.7949859022709815,0.08322492456034368,,,0.8240893042347931,,0.8241052156016264,0.17589478439837358,0.9697338725219635,0.39746346636336405,5,0.1,0.5,0.6068545240221728,0.5964573277698764,0.5957962058780223,0.6002497662987518,0.5908849698782662,0.6019964085690571,0.5995062027677559,1.0,0.599899226376594,0.5972423736594881,0.6028208361017489,0.5962525237869943
4,8,0.21620357233176754,0.93436,5000,1.3562507364485,0.9315726290516206,833,1.3690872866505632,0.9275,0.7982328333959962,0.0834916876990007,,,0.8847922557205758,,0.8847999598413734,0.11520004015862662,0.9702470268675705,0.3976137718782111,5,0.1,0.5,0.6087603413470192,0.598392653414404,0.5999376459974004,0.607843017717558,0.599243709784301,0.596656450845087,0.60241090555478,0.599899226376594,1.0,0.5938723022118432,0.6082581201585833,0.602650857644147
4,9,0.2351619476310102,0.92832,5000,1.3821830374223214,0.9159663865546218,833,1.3699605270696524,0.927,0.7897875007801194,0.08304905582901743,,,0.7840697156240549,,0.7840821243913458,0.21591787560865416,0.9694423766814357,0.39727325544118164,5,0.1,0.5,0.6001168869169643,0.5971366712841135,0.5938382560136167,0.5907149287294191,0.5866853027764279,0.5926192959663642,0.5982092310718069,0.5972423736594881,0.5938723022118432,1.0,0.6013032624157175,0.5865090776577901
4,10,0.2214403812631158,0.93464,5000,1.3742901307565194,0.9399759903961584,833,1.3689298523119844,0.9274,0.7997030195233209,0.08395403009467275,,,0.9899999997724462,,0.9900005019828322,0.009999498017167818,0.9705469963517057,0.39766824032211223,5,0.1,0.5,0.6065268614560654,0.6012808809166885,0.6070896542341566,0.6027945064348459,0.5947844986462142,0.6055565290116037,0.6013649995415199,0.6028208361017489,0.6082581201585833,0.6013032624157175,1.0,0.5971351634052124
4,11,0.2450856921968946,0.92924,5000,1.393371343612671,0.9183673469387755,833,1.3751905280561112,0.9275,0.7892559300813581,0.0826796058985453,,,0.7,,0.7,0.30000000000000004,0.9678041403522757,0.396511327026337,5,0.1,0.5,0.6032244776590842,0.5983637448924208,0.5861689518515706,0.5958841735856264,0.5869590558669993,0.5912961540004333,0.5914439067326399,0.5962525237869943,0.602650857644147,0.5865090776577901,0.5971351634052124,1.0
5,0,0.21524696364423415,0.93624,5000,1.109922139732926,0.9388489208633094,834,1.1235256495948036,0.9421,0.7900266859575025,0.08380387622675119,,,0.9763094937391394,,0.9763264896340546,0.02367351036594545,0.9693243960039412,0.39118358358213184,5,0.1,0.5,1.0,0.5816902516147219,0.5894004529145945,0.5797608816709678,0.577843489391958,0.5858820209802069,0.5823405352581142,0.585355201580163,0.5895072673298799,0.5827209906962817,0.5786053286481536,0.5824518489657599
5,1,0.21213298388015311,0.93888,5000,1.0791582840460319,0.9556354916067147,834,1.1248271642401577,0.9418,0.7771786353076093,0.0831475316202175,,,0.8192332165709002,,0.8192460217860549,0.18075397821394512,0.9687254237949309,0.3909571495987496,5,0.1,0.5,0.5816902516147219,1.0,0.5703488763469927,0.5691006485096364,0.5725977900043777,0.5780722645619464,0.5724081696356886,0.5729089032155562,0.5713123240920058,0.5683314462168031,0.5733389764713147,0.5662735347152904
5,2,0.2101801760482845,0.93508,5000,1.1262906966386017,0.934052757793765,834,1.1235488809335727,0.9422,0.7869720076428557,0.08364372698696833,,,0.9379826055069529,,0.9379950805682445,0.062004919431755456,0.9692876156710452,0.39117556570886386,5,0.1,0.5,0.5894004529145945,0.5703488763469927,1.0,0.5778672267217094,0.5854432134080034,0.5821456360669227,0.5880814724191505,0.5815709755051879,0.5794815642833911,0.5760706022547912,0.5847267853577676,0.5720346634541633
5,3,0.22211927909368448,0.93288,5000,1.1192067287586354,0.9412470023980816,834,1.1275407683354217,0.9419,0.7800175114244928,0.08311618045206959,,,0.8117302604583225,,0.811751418101501,0.18824858189849902,0.9684505629891873,0.3909273486068235,5,0.1,0.5,0.5797608816709678,0.5691006485096364,0.5778672267217094,1.0,0.5731957770330052,0.5782383941739754,0.5650480961270793,0.5742366603781454,0.5827664301681466,0.5702719592760473,0.5809111598926439,0.5726346024154807
5,4,0.21941867957045888,0.93408,5000,1.1168406318735193,0.9483793517406963,833,1.1282516923575356,0.9419,0.7787459588600597,0.08289655438960937,,,0.7591693893595827,,0.7591787560865418,0.24082124391345816,0.9674896920664586,0.3906282043385838,5,0.1,0.5,0.577843489391958,0.5725977900043777,0.5854432134080034,0.5731957770330052,1.0,0.58124744956891,0.5683509764311376,0.5734992751974111,0.5781207121606923,0.5652837883408859,0.5749405346389497,0.5628388731103717
5,5,0.19782672146109828,0.93948,5000,1.0984075599246554,0.9543817527010804,833,1.1235214753653675,0.9422,0.785954907922535,0.08365238979742672,,,0.9400557878003275,,0.9400783093218212,0.05992169067817876,0.9693184091914882,0.3911764635179126,5,0.1,0.5,0.5858820209802069,0.5780722645619464,0.5821456360669227,0.5782383941739754,0.58124744956891,1.0,0.5813797264617435,0.582521586523522,0.5837309998844644,0.5688421936568722,0.5834309556434951,0.5717752404336489
5,6,0.21629713609885828,0.935,5000,1.1347483043317441,0.9327731092436975,833,1.1240299913449028,0.9419,0.7806772451905307,0.0833610933849038,,,0.8703427809803124,,0.8703579137593495,0.12964208624065054,0.9690850461027354,0.39110336209014085,5,0.1,0.5,0.5823405352581142,0.5724081696356886,0.5880814724191505,0.5650480961270793,0.5683509764311376,0.5813797264617435,1.0,0.5783805592405731,0.57445353997426,0.5752849337497312,0.5767630241994534,0.5659488467245988
5,7,0.21679286591969668,0.93424,5000,1.1299558723414387,0.9447779111644657,833,1.1243227880221967,0.9417,0.7844587091628078,0.0833349241570045,,,0.8640799659074521,,0.8640931680136539,0.13590683198634612,0.9687840031347332,0.39109088304739886,5,0.1,0.5,0.585355201580163,0.5729089032155562,0.5815709755051879,0.5742366603781454,0.5734992751974111,0.582521586523522,0.5783805592405731,1.0,0.5798749075541721,0.5836968436461744,0.5805949927109506,0.5726020879529138
5,8,0.20531201334492227,0.93644,5000,1.1069541264463354,0.9471788715486195,833,1.12366401673125,0.9421,0.7851938500866192,0.08353936231372472,,,0.9130060700440314,,0.9130264544952562,0.08697354550474379,0.9692108830421814,0.3911612408051234,5,0.1,0.5,0.5895072673298799,0.5713123240920058,0.5794815642833911,0.5827664301681466,0.5781207121606923,0.5837309998844644,0.57445353997426,0.5798749075541721,1.0,0.5717348503252241,0.5841612335083279,0.5756503631662224
5,9,0.21683131866394334,0.93272,5000,1.1406795227969135,0.9279711884753902,833,1.1250160719259097,0.9418,0.7781209535824335,0.08299396396923907,,,0.7824814330275621,,0.7824958586416344,0.2175041413583656,0.9680504766487806,0.39078182076232454,5,0.1,0.5,0.5827209906962817,0.5683314462168031,0.5760706022547912,0.5702719592760473,0.5652837883408859,0.5688421936568722,0.5752849337497312,0.5836968436461744,0.5717348503252241,1.0,0.5791461675422598,0.5652241568599897
5,10,0.19669379629432016,0.94204,5000,1.1259903179274664,0.9507803121248499,833,1.1235089976185808,0.9423,0.785542405562193,0.08386108212664867,,,0.9899999997606801,,0.9900005019828322,0.009999498017167818,0.9693696176631292,0.39118399543576393,5,0.1,0.5,0.5786053286481536,0.5733389764713147,0.5847267853577676,0.5809111598926439,0.5749405346389497,0.5834309556434951,0.5767630241994534,0.5805949927109506,0.5841612335083279,0.5791461675422598,1.0,0.5751633927798293
5,11,0.22826506819955672,0.93428,5000,1.153138847262771,0.9255702280912365,833,1.1314488497024147,0.9416,0.7753565106995842,0.08264931457543642,,,0.7,,0.7,0.30000000000000004,0.9664341268372746,0.3900540752134218,5,0.1,0.5,0.5824518489657599,0.5662735347152904,0.5720346634541633,0.5726346024154807,0.5628388731103717,0.5717752404336489,0.5659488467245988,0.5726020879529138,0.5756503631662224,0.5652241568599897,0.5751633927798293,1.0
6,0,0.19529077535032466,0.94196,5000,0.8797852154131289,0.9448441247002398,834,0.8947897519166477,0.9493,0.7698606972752357,0.08371854768619386,,,0.9322734078945527,,0.9322875357662768,0.06771246423372324,0.9676878566070992,0.3839623655663027,5,0.1,0.5,1.0,0.5498758446529839,0.5516895317358895,0.5455046020586418,0.5558306548249508,0.5591008115518,0.5578936804201653,0.5520395024710434,0.5531301836789837,0.5586479732091145,0.5627171210018156,0.545451154878771
6,1,0.19433884864708612,0.94268,5000,0.8476040882092936,0.9616306954436451,834,0.8964332658261918,0.9493,0.7642431279383708,0.08307747031613961,,,0.7974522677362392,,0.7974649866974549,0.20253501330254509,0.9668968844489915,0.3836584082976935,5,0.1,0.5,0.5498758446529839,1.0,0.5466282384113158,0.5489448185376223,0.5388323586139847,0.5615046813869319,0.5511913309525319,0.5474620142509566,0.5476805313269105,0.5486843551951845,0.5548229556079989,0.5480069969688637
6,2,0.19924774660616165,0.939,5000,0.8962621181099503,0.9424460431654677,834,0.8948882761092993,0.9493,0.7627379928470363,0.08335826155534624,,,0.85650379066412,,0.8565232669042718,0.14347673309572817,0.9674565924194835,0.38386939930202496,5,0.1,0.5,0.5516895317358895,0.5466282384113158,1.0,0.5441745912242452,0.5528884110415723,0.5432499125450817,0.5542611141413731,0.5488335957658069,0.5450939549452268,0.5488246673407667,0.5528634454711153,0.5386189495183553
6,3,0.19971463690826277,0.94128,5000,0.8914665314886305,0.9460431654676259,834,0.8990010723900109,0.9488,0.764042813553195,0.08304925903316211,,,0.791519321864146,,0.7915365694493248,0.20846343055067518,0.9668234211632871,0.38362827468822686,5,0.1,0.5,0.5455046020586418,0.5489448185376223,0.5441745912242452,1.0,0.5493591602237867,0.5566288739909796,0.5500167157116379,0.5460431811959156,0.5547030971481957,0.5489402793139743,0.5573023525102523,0.5403534226489751
6,4,0.20142696258155213,0.93952,5000,0.8846743592509517,0.957983193277311,833,0.8997550012585455,0.9491,0.7655595640074606,0.08295512019645149,,,0.7717215472251349,,0.7717333467195422,0.2282666532804578,0.9662290537073022,0.3835090867130749,5,0.1,0.5,0.5558306548249508,0.5388323586139847,0.5528884110415723,0.5493591602237867,1.0,0.5640439233692175,0.5527632841150585,0.5476717277373216,0.5483069460816415,0.5520067880311101,0.5573520469699283,0.5379464497640891
6,5,0.18529022980457657,0.94404,5000,0.867692667025107,0.9591836734693877,833,0.8947645389614776,0.9493,0.775552934269931,0.08381828103177387,,,0.9532477301698233,,0.9532603784950555,0.046739621504944484,0.9676905071202737,0.38396937720120555,5,0.1,0.5,0.5591008115518,0.5615046813869319,0.5432499125450817,0.5566288739909796,0.5640439233692175,1.0,0.5561252221442112,0.5613657559950497,0.5651177410421363,0.5552974671401291,0.570034652112861,0.5527697286383318
6,6,0.2048711194816953,0.9372,5000,0.906949829172205,0.943577430972389,833,0.8953233684975499,0.9493,0.768968631486652,0.08338876286830069,,,0.8629183390180816,,0.8629285678429798,0.13707143215702022,0.9674027345844229,0.3838828263802111,5,0.1,0.5,0.5578936804201653,0.5511913309525319,0.5542611141413731,0.5500167157116379,0.5527632841150585,0.5561252221442112,1.0,0.5526681522401878,0.5557849372757693,0.5562420280606027,0.5580644235269463,0.5409753281335129
6,7,0.19835489009489204,0.94032,5000,0.9023593244729219,0.9519807923169268,833,0.895689127925105,0.9492,0.7668648337708859,0.08329657800374426,,,0.8435314925540036,,0.8435470106922344,0.15645298930776563,0.9672877700532573,0.38383631072770924,5,0.1,0.5,0.5520395024710434,0.5474620142509566,0.5488335957658069,0.5460431811959156,0.5476717277373216,0.5613657559950497,0.5526681522401878,1.0,0.5531718099460373,0.5551785802286303,0.5551074178472855,0.5472580186803674
6,8,0.18783210331609673,0.9428,5000,0.876345658743823,0.957983193277311,833,0.894926485543053,0.9493,0.7707650010495157,0.08357247526055844,,,0.9015537913712139,,0.9015762260930676,0.09842377390693235,0.9676252976574967,0.3839405328654314,5,0.1,0.5,0.5531301836789837,0.5476805313269105,0.5450939549452268,0.5547030971481957,0.5483069460816415,0.5651177410421363,0.5557849372757693,0.5531718099460373,1.0,0.5568941223089714,0.5642514037374214,0.5575626815006601
6,9,0.19888479914160292,0.9378,5000,0.9159310725000169,0.936374549819928,833,0.8965131364310511,0.9492,0.7694365288943197,0.08315812247397389,,,0.8144137397571983,,0.8144269865970584,0.18557301340294163,0.9667234447764832,0.3837366630389248,5,0.1,0.5,0.5586479732091145,0.5486843551951845,0.5488246673407667,0.5489402793139743,0.5520067880311101,0.5552974671401291,0.5562420280606027,0.5551785802286303,0.5568941223089714,1.0,0.5639506118841685,0.5476073780342277
6,10,0.18523025850937436,0.94416,5000,0.8931148361276697,0.9555822328931572,833,0.8947488979790539,0.9493,0.7765186042683192,0.08399303885034569,,,0.989999999789696,,0.9900005019828322,0.009999498017167818,0.967726486504014,0.3839729595976179,5,0.1,0.5,0.5627171210018156,0.5548229556079989,0.5528634454711153,0.5573023525102523,0.5573520469699283,0.570034652112861,0.5580644235269463,0.5551074178472855,0.5642514037374214,0.5639506118841685,1.0,0.5565580773459565
6,11,0.21267514559351336,0.938,5000,0.9266788495911492,0.9327731092436975,833,0.9035052409568153,0.9483,0.7606346849585706,0.0826140827240097,,,0.7,,0.7,0.30000000000000004,0.9647143513785348,0.38284261362726757,5,0.1,0.5,0.545451154878771,0.5480069969688637,0.5386189495183553,0.5403534226489751,0.5379464497640891,0.5527697286383318,0.5409753281335129,0.5472580186803674,0.5575626815006601,0.5476073780342277,0.5565580773459565,1.0
7,0,0.18666365489980596,0.94604,5000,0.6776214517928936,0.9520383693045563,834,0.6941325055143703,0.9524,0.7557724692007073,0.08371210878232963,,,0.9189078830808849,,0.9189197329451333,0.0810802670548667,0.9647442427955255,0.37622360692872575,5,0.1,0.5,1.0,0.5301728741275035,0.5336806695823052,0.5222353320691113,0.5278440402018647,0.5297909569029216,0.539212019083965,0.5263590706830635,0.5188896455166172,0.5289560527200391,0.5359532151644982,0.5291758292584301
