round,client_id,client_i_training_loss,client_i_training_accuracy,client_i_training_dataset_size,client_i_evaluation_loss,client_i_evaluation_accuracy,client_i_evaluation_dataset_size,client_i_central_evaluation_loss,client_i_central_evaluation_accuracy,client_i_cosine_similarity,client_i_importance_coefficient,client_i_tanh_val,tanh_normalization_value,client_i_q,client_i_mask_order,client_i_v_nonzero_fraction,client_i_v_sparsity,client_i_v_cosine_similarity,client_i_reward_gradient_norm,local_epochs,learning_rate,gamma,client_0_cosine_similarity,client_1_cosine_similarity,client_2_cosine_similarity,client_3_cosine_similarity,client_4_cosine_similarity,client_5_cosine_similarity,client_6_cosine_similarity,client_7_cosine_similarity,client_8_cosine_similarity,client_9_cosine_similarity,client_10_cosine_similarity,client_11_cosine_similarity
0,0,0.3407217713903375,0.89292,5000,2.2046602302127414,0.37050359712230213,834,2.2008392201444975,0.3874,0.7985477662084347,0.08386404499262777,,,0.9043526165060007,,0.9043672506400281,0.0956327493599719,0,0.3967328466182014,5,0.1,0.5,1.0,0.598098158759363,0.5894182790718553,0.5976192522512699,0.5999759452087172,0.6079963377097112,0.6043107405659722,0.5868262962316645,0.6057251401481105,0.6047174722004285,0.5967520409949592,0.6122781778666261
0,1,0.3462529103597923,0.88888,5000,2.2049500324107982,0.38968824940047964,834,2.200950234081037,0.3864,0.7946459729301824,0.08345427593323518,,,0.8110845607909865,,0.8111088800763014,0.18889111992369856,0,0.39660740639324416,5,0.1,0.5,0.598098158759363,1.0,0.586083154724799,0.6044018847071998,0.6050849658564571,0.604150370441293,0.6083283602733733,0.5943081325785015,0.5945608438781573,0.5915130553043901,0.5909770984443338,0.5890592026311305
0,2,0.3500889989885555,0.88912,5000,2.1967390466619423,0.4064748201438849,834,2.2020859276524747,0.3824,0.7852805601375175,0.08247071373062854,,,0.5872147194518724,,0.5872295567491592,0.4127704432508408,0,0.39456091205215393,5,0.1,0.5,0.5894182790718553,0.586083154724799,1.0,0.6058544081584883,0.5714882833935365,0.5870356025369661,0.5844313193646509,0.5880250621761733,0.6052526449494432,0.5924646064390259,0.5821696274198949,0.5851654131572895
0,3,0.3386019516914229,0.89264,5000,2.2021123833126492,0.37889688249400477,834,2.200859174179955,0.3869,0.7972332179406251,0.08372599021401382,,,0.8729297931171965,,0.8729431253451132,0.1270568746548868,0,0.39671024534589394,5,0.1,0.5,0.5976192522512699,0.6044018847071998,0.6058544081584883,1.0,0.6106574010208378,0.596016556341248,0.6075938826257977,0.5980814119487163,0.5966409290912139,0.5944460645086603,0.5927985313271783,0.5870904782328136
0,4,0.3489914456536626,0.89004,5000,2.2070322036743164,0.36494597839135656,833,2.200962121494281,0.3862,0.7942514610773463,0.08341284402248868,,,0.8016541909977859,,0.801676622659505,0.198323377340495,0,0.3965832081248749,5,0.1,0.5,0.5999759452087172,0.6050849658564571,0.5714882833935365,0.6106574010208378,1.0,0.6061565465175075,0.6095813793393022,0.5837517492167383,0.5956786973057214,0.5934598149470441,0.5958425249549905,0.5911314028543443
0,5,0.3315991720979571,0.8964,5000,2.204434792200724,0.3793517406962785,833,2.200880909880129,0.3866,0.7964818206080369,0.08364707794054178,,,0.8549684703914195,,0.8549771597811355,0.14502284021886447,0,0.3966893729148664,5,0.1,0.5,0.6079963377097112,0.604150370441293,0.5870356025369661,0.596016556341248,0.6061565465175075,1.0,0.6084338189179846,0.582995935087791,0.6051951047988604,0.5951564818561029,0.5986476503435485,0.5922616375434133
0,6,0.3504952651288384,0.89016,5000,2.2010573546091714,0.3817527010804322,833,2.200837588538758,0.387,0.8025490967202611,0.08428426752191677,,,0.9999999997723887,,1.0,0.0,0,0.3967471921545751,5,0.1,0.5,0.6043107405659722,0.6083283602733733,0.5844313193646509,0.6075938826257977,0.6095813793393022,0.6084338189179846,1.0,0.6036380494797603,0.5995201525354186,0.6057772350896278,0.6033091071998838,0.6068941880212589
0,7,0.3429223565918625,0.89484,5000,2.1946060922410755,0.382953181272509,833,2.2024692552158247,0.383,0.7837237126070722,0.08230721251396388,,,0.55,,0.5500125495708047,0.4499874504291953,0,0.39371914468353014,5,0.1,0.5,0.5868262962316645,0.5943081325785015,0.5880250621761733,0.5980814119487163,0.5837517492167383,0.582995935087791,0.6036380494797603,1.0,0.5772957611301308,0.5829345804868502,0.5855950083960185,0.5791122154780928
0,8,0.3327441280933133,0.89496,5000,2.2031530009375677,0.3937575030012005,833,2.2008812366583097,0.3865,0.796501057331583,0.08364909819470474,,,0.8554283030056944,,0.8554490236433914,0.14455097635660863,0,0.396690023493988,5,0.1,0.5,0.6057251401481105,0.5945608438781573,0.6052526449494432,0.5966409290912139,0.5956786973057214,0.6051951047988604,0.5995201525354186,0.5772957611301308,1.0,0.5970397144714761,0.5965184607308959,0.61080176330667
0,9,0.37365226320874917,0.88432,5000,2.1962390740712485,0.3877551020408163,833,2.201045759950583,0.3858,0.7921106875562317,0.08318801848982678,,,0.7504813661448052,,0.7504994729180262,0.2495005270819738,0,0.39639148253076206,5,0.1,0.5,0.6047174722004285,0.5915130553043901,0.5924646064390259,0.5944460645086603,0.5934598149470441,0.5951564818561029,0.6057772350896278,0.5829345804868502,0.5970397144714761,1.0,0.5900664659474881,0.5948489205662125
0,10,0.35595757345888457,0.88904,5000,2.1964588076980025,0.38895558223289317,833,2.2013510895994144,0.3853,0.7894650905137168,0.08291017603782257,,,0.6872412929876529,,0.6872546558907685,0.3127453441092315,0,0.39596517233233,5,0.1,0.5,0.5967520409949592,0.5909770984443338,0.5821696274198949,0.5927985313271783,0.5958425249549905,0.5986476503435485,0.6033091071998838,0.5855950083960185,0.5965184607308959,0.5900664659474881,1.0,0.5845567022629768
0,11,0.3441611264375555,0.89168,5000,2.201617223245126,0.4021608643457383,833,2.201134897268618,0.3859,0.7911419444219723,0.0830862804082295,,,0.7273246322595801,,0.7273379850409116,0.2726620149590884,0,0.3962651704370559,5,0.1,0.5,0.6122781778666261,0.5890592026311305,0.5851654131572895,0.5870904782328136,0.5911314028543443,0.5922616375434133,0.6068941880212589,0.5791122154780928,0.61080176330667,0.5948489205662125,0.5845567022629768,1.0
1,0,0.2992338096758552,0.90788,5000,2.0468164020114474,0.6822541966426858,834,2.045148694477142,0.6931,0.8153799130054797,0.08375631268498401,,,0.9354249068870207,,0.935439987952412,0.06456001204758799,0.9607327493949521,0.40665326250040595,5,0.1,0.5,1.0,0.6295771487164455,0.6270857075235289,0.6408289848889591,0.6331638596870243,0.6352642273144627,0.633413476802481,0.6246941809532547,0.6296790633526882,0.6426761305786594,0.6240735509859029,0.6349220563366312
1,1,0.30149944478906926,0.90768,5000,2.0489399742197105,0.6738609112709832,834,2.045389753941911,0.6934,0.8148103175304925,0.08346579362172474,,,0.8470001326492772,,0.8470207318909694,0.15297926810903062,0.9603840050191067,0.4065878502901407,5,0.1,0.5,0.6295771487164455,1.0,0.627621803421676,0.6378226065253166,0.6318881104601658,0.6337156762854086,0.6278123082193616,0.6277954171795886,0.6378879445726847,0.6406983297741308,0.6297423773487545,0.6271791553513207
1,2,0.307090877371419,0.90548,5000,2.0420231465940124,0.7002398081534772,834,2.0486641802345984,0.6886,0.808976204340208,0.08261314587644754,,,0.5874812441652869,,0.5874956076502184,0.41250439234978165,0.9553084728724995,0.40429034180239276,5,0.1,0.5,0.6270857075235289,0.627621803421676,1.0,0.6373659547442785,0.6267731977169245,0.6328695302875239,0.630433804039016,0.6180034153867221,0.629248688608656,0.6217556480547827,0.6235506141521835,0.6243232714677369
1,3,0.29325516425832443,0.90892,5000,2.049276281286169,0.7002398081534772,834,2.0451639616451325,0.693,0.8202891003400252,0.08383580432457606,,,0.9596196368502028,,0.9596305406355102,0.04036945936448977,0.9606817316923199,0.4066567155737358,5,0.1,0.5,0.6408289848889591,0.6378226065253166,0.6373659547442785,1.0,0.643603596205996,0.6412166988098219,0.6369567319406113,0.6293215493351776,0.6445823521445209,0.636771891704316,0.6289750362247454,0.626452289262391
1,4,0.30705829143144525,0.90636,5000,2.0512664362236306,0.6710684273709484,833,2.0454295146198698,0.6937,0.8118368514837948,0.08333503122054246,,,0.8072002115232453,,0.8072185131268511,0.1927814868731489,0.9602543135115829,0.4065038355756085,5,0.1,0.5,0.6331638596870243,0.6318881104601658,0.6267731977169245,0.643603596205996,1.0,0.6298464212758993,0.6302211488619412,0.6228719881279308,0.6310254467182262,0.6347839959566544,0.6178544888456753,0.6206748840945698
1,5,0.29322788031048075,0.9116,5000,2.0504873946860984,0.695078031212485,833,2.045245629149123,0.693,0.815604098199793,0.08362076869721317,,,0.8941696226951417,,0.8941769991466292,0.10582300085337082,0.9606254432081697,0.40663667538851883,5,0.1,0.5,0.6352642273144627,0.6337156762854086,0.6328695302875239,0.6412166988098219,0.6298464212758993,1.0,0.6291563281194826,0.6302199857848276,0.636078738309269,0.6356676810129298,0.6204618365533237,0.6341335752298197
1,6,0.3059718678948606,0.90712,5000,2.04544464747111,0.6926770708283313,833,2.045133735044315,0.6931,0.8134973494551051,0.08396847376353196,,,0.9999999996956318,,1.0,0.0,0.9607658174469192,0.4066578106466697,5,0.1,0.5,0.633413476802481,0.6278123082193616,0.630433804039016,0.6369567319406113,0.6302211488619412,0.6291563281194826,1.0,0.6279646120169663,0.6303230675055922,0.635210151053721,0.6311242464037901,0.6226460141164597
1,7,0.3029327987461903,0.90788,5000,2.04144987795088,0.7082833133253301,833,2.049828336261713,0.6908,0.8085411455988563,0.08249000147445659,,,0.55,,0.5500125495708047,0.4499874504291953,0.9539570247244717,0.4033891507150196,5,0.1,0.5,0.6246941809532547,0.6277954171795886,0.6180034153867221,0.6293215493351776,0.6228719881279308,0.6302199857848276,0.6279646120169663,1.0,0.6302144353573231,0.6279910173068328,0.6261799539624363,0.6304118628064813
1,8,0.29655185671891,0.90848,5000,2.0508315209989196,0.709483793517407,833,2.045233780964495,0.693,0.8162360077074933,0.0836440755128037,,,0.9012634769974107,,0.9012850760503991,0.09871492394960091,0.9606369238625811,0.4066409640548157,5,0.1,0.5,0.6296790633526882,0.6378879445726847,0.629248688608656,0.6445823521445209,0.6310254467182262,0.636078738309269,0.6303230675055922,0.6302144353573231,1.0,0.6316434513109124,0.6317467658264271,0.6323659433718457
1,9,0.3237386562286099,0.90176,5000,2.038066131097299,0.7034813925570228,833,2.0455734505059238,0.6945,0.8158141365144141,0.08332479463009289,,,0.8040845185655681,,0.8041011997389689,0.19589880026103113,0.9598567616226042,0.4064952938545489,5,0.1,0.5,0.6426761305786594,0.6406983297741308,0.6217556480547827,0.636771891704316,0.6347839959566544,0.6356676810129298,0.635210151053721,0.6279910173068328,0.6316434513109124,1.0,0.6257064053929068,0.629560132090457
1,10,0.3205530102323195,0.90312,5000,2.0406247907214694,0.6986794717887155,833,2.0466480182763487,0.6925,0.8080710493830608,0.08287200319167504,,,0.6662691880681354,,0.6662868329903118,0.3337131670096882,0.9582608236601186,0.4055787160276006,5,0.1,0.5,0.6240735509859029,0.6297423773487545,0.6235506141521835,0.6289750362247454,0.6178544888456753,0.6204618365533237,0.6311242464037901,0.6261799539624363,0.6317467658264271,0.6257064053929068,1.0,0.6290120327874162
1,11,0.30341129100816266,0.90548,5000,2.047294603453742,0.6782713085234093,833,2.0459893599104957,0.6945,0.8105285150024448,0.08307379500195192,,,0.7276882050048458,,0.7277044325084082,0.2722955674915918,0.9594121014416023,0.4061407036856905,5,0.1,0.5,0.6349220563366312,0.6271791553513207,0.6243232714677369,0.626452289262391,0.6206748840945698,0.6341335752298197,0.6226460141164597,0.6304118628064813,0.6323659433718457,0.629560132090457,0.6290120327874162,1.0
2,0,0.2687223285401038,0.9184,5000,1.848569914146706,0.842925659472422,834,1.8501457303476792,0.8566,0.8089006049952597,0.08348927799823241,,,0.8321366364715583,,0.8321570202299081,0.16784297977009188,0.9685153420567492,0.4061287481535511,5,0.1,0.5,1.0,0.6233330570649483,0.6273996945936628,0.6328133345884437,0.6312578999363796,0.6233922989995944,0.6260721771444469,0.6200298254661822,0.6119834721814115,0.6300422532380096,0.6230031204150712,0.6351894091073516
2,1,0.2727361374718558,0.91756,5000,1.8533564541074965,0.854916067146283,834,1.850577000231027,0.8568,0.8096090902945807,0.08332192253722255,,,0.7705677671645417,,0.7705888258621555,0.2294111741378445,0.9680848013424087,0.4059320819724667,5,0.1,0.5,0.6233330570649483,1.0,0.6190929993609948,0.6320541774800946,0.6261283605094521,0.6289986434564921,0.6302945779512974,0.6245062697858056,0.6308482067791343,0.6354287754836757,0.6183255565818169,0.6235211404767114
2,2,0.27956463298790013,0.91504,5000,1.8495357743015997,0.8621103117505995,834,1.8577767123048678,0.8578,0.8085728512531816,0.08272237895662392,,,0.55,,0.5500125495708047,0.4499874504291953,0.963257441915319,0.4028160408420071,5,0.1,0.5,0.6273996945936628,0.6190929993609948,1.0,0.6295231886330573,0.6230302121473044,0.6393557470334391,0.6206156492242177,0.6320541537133794,0.6255825876506148,0.6231942138393642,0.6263367644219784,0.6203028347831588
2,3,0.26208831441535313,0.92064,5000,1.8579105756900929,0.8657074340527577,834,1.850113944885449,0.8566,0.8205081579572736,0.08394556135773855,,,0.9999999996321072,,1.0,0.0,0.9687484616949287,0.4062317759682059,5,0.1,0.5,0.6328133345884437,0.6320541774800946,0.6295231886330573,1.0,0.6452959891558636,0.6430884633761567,0.6333411228072989,0.6379254875445014,0.6401455903004712,0.6371135260494076,0.631775824296624,0.6342615038099849
2,4,0.2749533242041803,0.91792,5000,1.855480843120151,0.843937575030012,833,1.850555513613521,0.8575,0.8142732704549597,0.0833977394585816,,,0.7984602667235532,,0.7984689523618292,0.20153104763817076,0.9682631727920763,0.4060405661431039,5,0.1,0.5,0.6312578999363796,0.6261283605094521,0.6230302121473044,0.6452959891558636,1.0,0.6294147494661171,0.6322283491830971,0.6327205912819067,0.6305918762011058,0.6410437708353965,0.6241421707206773,0.6227503961934924
2,5,0.26436936343741263,0.91988,5000,1.8567600912517972,0.8451380552220888,833,1.8501914975742182,0.8569,0.816295169932022,0.08365690658681231,,,0.8938059874453341,,0.8938155715074545,0.1061844284925455,0.9686792796361744,0.40620939225067215,5,0.1,0.5,0.6233922989995944,0.6289986434564921,0.6393557470334391,0.6430884633761567,0.6294147494661171,1.0,0.6351004521241922,0.6295594704213116,0.6326567263070955,0.6375726053629021,0.6262135223723091,0.6318613093556019
2,6,0.2742552328943779,0.91788,5000,1.8505999556294195,0.8379351740696278,833,1.850086952931584,0.8567,0.8130586822953665,0.08377412305574557,,,0.936929082519933,,0.9369459364489734,0.0630540635510266,0.9687409728394011,0.4062278953849815,5,0.1,0.5,0.6260721771444469,0.6302945779512974,0.6206156492242177,0.6333411228072989,0.6322283491830971,0.6351004521241922,1.0,0.6313120171107427,0.6240868259154881,0.6394972268395085,0.6276988606349514,0.6238039821096636
2,7,0.2784944222302763,0.91812,5000,1.8508829099160653,0.8415366146458584,833,1.8588042986659576,0.8584,0.81255177119075,0.08277939488176811,,,0.5709757484006719,,0.5709904121279052,0.42900958787209476,0.9631467754887048,0.4033791847130227,5,0.1,0.5,0.6200298254661822,0.6245062697858056,0.6320541537133794,0.6379254875445014,0.6327205912819067,0.6295594704213116,0.6313120171107427,1.0,0.632939933087215,0.6313295745990998,0.6241178987018696,0.6292484598296268
2,8,0.2689108855191879,0.9178,5000,1.8609080976910062,0.8751500600240096,833,1.850214951716292,0.8567,0.8122647741853051,0.08353211927209783,,,0.8478976327106389,,0.8479092415039405,0.15209075849605946,0.9685889492020292,0.4061574893071827,5,0.1,0.5,0.6119834721814115,0.6308482067791343,0.6255825876506148,0.6401455903004712,0.6305918762011058,0.6326567263070955,0.6240868259154881,0.632939933087215,1.0,0.6370962290369184,0.625937634323161,0.6259995571191579
2,9,0.29467195777614025,0.91052,5000,1.8389094626462017,0.8703481392557023,833,1.8507233473439566,0.8571,0.816785143518211,0.08347834545669523,,,0.8281146331438236,,0.8281311179157673,0.17186888208423268,0.9683163222110138,0.406120332209801,5,0.1,0.5,0.6300422532380096,0.6354287754836757,0.6231942138393642,0.6371135260494076,0.6410437708353965,0.6375726053629021,0.6394972268395085,0.6313295745990998,0.6370962290369184,1.0,0.6167219492195556,0.6340122656810656
2,10,0.2846900139051448,0.9144,5000,1.8471470497272633,0.8847539015606243,833,1.8543630331849899,0.8583,0.8063815850918495,0.08281723375012713,,,0.5848963956664622,,0.5849003564078109,0.4150996435921891,0.9643523983349777,0.40371437213941025,5,0.1,0.5,0.6230031204150712,0.6183255565818169,0.6263367644219784,0.631775824296624,0.6241421707206773,0.6262135223723091,0.6276988606349514,0.6241178987018696,0.625937634323161,0.6167219492195556,1.0,0.6196069686641039
2,11,0.2744299158536989,0.91504,5000,1.854164648939062,0.8559423769507803,833,1.8522371442173236,0.8574,0.8102455770115601,0.08308499668835487,,,0.6834044530045773,,0.6834144872245369,0.3165855127754631,0.9667630620440716,0.405308912808797,5,0.1,0.5,0.6351894091073516,0.6235211404767114,0.6203028347831588,0.6342615038099849,0.6227503961934924,0.6318613093556019,0.6238039821096636,0.6292484598296268,0.6259995571191579,0.6340122656810656,0.6196069686641039,1.0
3,0,0.24448940570163688,0.92648,5000,1.6179054710600111,0.9064748201438849,834,1.624255186071792,0.9101,0.809592578118053,0.08350070727193504,,,0.8651613461590288,,0.8651824707595,0.13481752924049994,0.9703029541708331,0.403830486416586,5,0.1,0.5,1.0,0.6177160062524054,0.6189925557008458,0.6282286762559158,0.6173649300036018,0.6249859668732071,0.6226690031390513,0.6230311717519816,0.6223867361531655,0.6253552957464499,0.6172302250594713,0.6287493225999895
3,1,0.2449255992136421,0.92472,5000,1.6268533600701227,0.9088729016786571,834,1.6251584089602145,0.9104,0.8040056544854779,0.0831951739999905,,,0.7511223261932354,,0.7511369911149038,0.24886300888509616,0.969615674852078,0.40348665373098,5,0.1,0.5,0.6177160062524054,1.0,0.620694980712756,0.6191444469288557,0.6127693718592491,0.6134725451442095,0.6263830143337265,0.6185553672816496,0.6198729166499612,0.6237419476254926,0.6010219763651874,0.6199102841154249
3,2,0.2544767595554708,0.92188,5000,1.6239721024477924,0.9280575539568345,834,1.634732052921868,0.9113,0.8070592211279315,0.08290458916334038,,,0.6426627473801106,,0.6426785803925505,0.35732141960744945,0.9644058366980085,0.4024364868274044,5,0.1,0.5,0.6189925557008458,0.620694980712756,1.0,0.6260846917129438,0.6136984924787843,0.6270689710325269,0.621090239947084,0.6231662173851893,0.625581104241939,0.6154921977760248,0.6142964689637361,0.6194779600593743
3,3,0.24377605252822113,0.92684,5000,1.6359281584068581,0.9148681055155875,834,1.6241296175569773,0.91,0.811288830323644,0.08386196690912717,,,0.9999999996267541,,1.0,0.0,0.9705812907392456,0.40388146450885426,5,0.1,0.5,0.6282286762559158,0.6191444469288557,0.6260846917129438,1.0,0.6249217320147299,0.6248125281191533,0.6256698586754392,0.6276123160737981,0.631137492585507,0.6167980831688338,0.6141791136892257,0.62254559864701
3,4,0.2507045836656526,0.92508,5000,1.628408295136911,0.9003601440576231,833,1.6251155366531957,0.9106,0.8043362061265684,0.08325689884159784,,,0.7741608659884123,,0.7741729832839717,0.22582701671602834,0.9698847462529787,0.40359910021652706,5,0.1,0.5,0.6173649300036018,0.6127693718592491,0.6136984924787843,0.6249217320147299,1.0,0.6168031291069506,0.6269394575790205,0.6167322719738647,0.6242780832602478,0.6280311272783231,0.6097359670187364,0.6047297590082419
3,5,0.23327221227097947,0.92932,5000,1.6322824601773862,0.8955582232893158,833,1.6242759616230242,0.91,0.8082071588833276,0.08356342367123827,,,0.8885699807303319,,0.8885798905677426,0.11142010943225744,0.9704781318599827,0.4038540471618853,5,0.1,0.5,0.6249859668732071,0.6134725451442095,0.6270689710325269,0.6248125281191533,0.6168031291069506,1.0,0.6240598007502179,0.627223491846667,0.6263826946789307,0.6209847494052755,0.6072885161598806,0.6194575284735943
3,6,0.24948269817740865,0.92616,5000,1.6250212060080633,0.9027611044417767,833,1.6241055388039294,0.91,0.8127066940814696,0.08379785853336166,,,0.9760718156441446,,0.9760905577029265,0.02390944229707348,0.9705688761108452,0.40388124442301626,5,0.1,0.5,0.6226690031390513,0.6263830143337265,0.621090239947084,0.6256698586754392,0.6269394575790205,0.6240598007502179,1.0,0.6224433820327613,0.6225685880398578,0.6298798167336598,0.6238276094381889,0.6301393119557583
3,7,0.24690604814251138,0.9276,5000,1.6290441398267392,0.8943577430972389,833,1.6354788347555045,0.9116,0.8099523110358965,0.08304317304779295,,,0.6943886044870653,,0.6943978715927915,0.30560212840720846,0.9650232942601261,0.4030643798393076,5,0.1,0.5,0.6230311717519816,0.6185553672816496,0.6231662173851893,0.6276123160737981,0.6167322719738647,0.627223491846667,0.6224433820327613,1.0,0.627297526550961,0.6230550122656481,0.6234149520178555,0.6209118447563964
3,8,0.23722325132590286,0.926,5000,1.6412507516366464,0.929171668667467,833,1.6242919836562282,0.9101,0.8109433733248118,0.08357615343091637,,,0.8933213104590112,,0.8933286481602329,0.10667135183976706,0.9703812660006189,0.4038575683706751,5,0.1,0.5,0.6223867361531655,0.6198729166499612,0.625581104241939,0.631137492585507,0.6242780832602478,0.6263826946789307,0.6225685880398578,0.627297526550961,1.0,0.6299449943609252,0.6111043871277307,0.6190251544664878
3,9,0.2715757431735279,0.91844,5000,1.6089870753111664,0.9087635054021609,833,1.624950223075696,0.9103,0.8097617440233351,0.08349936365730484,,,0.8646598475999229,,0.8646704482706692,0.1353295517293308,0.9702876632346644,0.40382985947955125,5,0.1,0.5,0.6253552957464499,0.6237419476254926,0.6154921977760248,0.6167980831688338,0.6280311272783231,0.6209847494052755,0.6298798167336598,0.6230550122656481,0.6299449943609252,1.0,0.6064649217864154,0.6285939179324711
3,10,0.26249341300338697,0.92244,5000,1.624055063283002,0.9243697478991597,833,1.6325485664434707,0.9116,0.798133590068192,0.08265632718772092,,,0.55,,0.5500125495708047,0.4499874504291953,0.9647315361057937,0.4004318514244995,5,0.1,0.5,0.6172302250594713,0.6010219763651874,0.6142964689637361,0.6141791136892257,0.6097359670187364,0.6072885161598806,0.6238276094381889,0.6234149520178555,0.6111043871277307,0.6064649217864154,1.0,0.6103011997824106
3,11,0.2500803265661286,0.9234,5000,1.6290574736065335,0.9111644657863145,833,1.6272655668350073,0.9116,0.807049360615238,0.0831443642856741,,,0.7321578121535425,,0.7321770995431957,0.26782290045680435,0.9684999004241588,0.403372201823855,5,0.1,0.5,0.6287493225999895,0.6199102841154249,0.6194779600593743,0.62254559864701,0.6047297590082419,0.6194575284735943,0.6301393119557583,0.6209118447563964,0.6190251544664878,0.6285939179324711,0.6103011997824106,1.0
4,0,0.2296565903243935,0.93088,5000,1.3671128749847412,0.9232613908872902,834,1.378228110246384,0.9295,0.7976130187055972,0.08341830942823668,,,1.0,,1.0,0.0,0.9704752887962934,0.3991858009861571,5,0.1,0.5,1.0,0.6039046253049148,0.6056917506470345,0.607531386483499,0.5932650837008879,0.6063337095683724,0.6114836691136052,0.596688469966945,0.5967222782001113,0.6080747530743039,0.6024455086739627,0.6084757026276608
4,1,0.22714715442993932,0.92896,5000,1.37986750514419,0.9268585131894485,834,1.37921453779117,0.9293,0.7944105630351989,0.08310314252622454,,,1.0,,1.0,0.0,0.9695968009961335,0.3991858009861571,5,0.1,0.5,0.6039046253049148,1.0,0.5992940380351487,0.605163312484984,0.5938347442545129,0.5990017624475594,0.6049474676698243,0.5954056390692815,0.6060171646720067,0.6031623632907911,0.5992111771895258,0.6014211621400395
4,2,0.23128568680280712,0.9298,5000,1.3754934823071514,0.9484412470023981,834,1.3898266671945492,0.9303,0.8020021995372728,0.08317558820616781,,,1.0,,1.0,0.0,0.9667894871135663,0.3991858009861571,5,0.1,0.5,0.6056917506470345,0.5992940380351487,1.0,0.6141028384711068,0.6063100796691517,0.614263697143533,0.6078946239826686,0.6074501096655986,0.6101631101709013,0.6058358254762398,0.6085444724061522,0.605944710352333
4,3,0.21891629281186847,0.9336,5000,1.3938084796622947,0.934052757793765,834,1.378089729208535,0.9295,0.8018680765611723,0.08380735231056494,,,1.0,,1.0,0.0,0.970611962540241,0.3991858009861571,5,0.1,0.5,0.607531386483499,0.605163312484984,0.6141028384711068,1.0,0.6060310552339645,0.6088601514640621,0.6065453070292095,0.6061083195613702,0.6091164307355722,0.6075250966823965,0.6081995923983654,0.6006017320398137
4,4,0.23648149108478597,0.92908,5000,1.380023854750174,0.9231692677070829,833,1.3791862036854314,0.9292,0.7918513433635979,0.0830546320450244,,,1.0,,1.0,0.0,0.969869713133099,0.3991858009861571,5,0.1,0.5,0.5932650837008879,0.5938347442545129,0.6063100796691517,0.6060310552339645,1.0,0.5956772033566828,0.6029539633497366,0.5978422895624793,0.6009931543967106,0.6095642084149917,0.5962940599847264,0.5837972119764073
4,5,0.2206323173229292,0.93484,5000,1.3876389309212014,0.9195678271308524,833,1.3782482851808444,0.9293,0.799331656655317,0.0835201362821134,,,1.0,,1.0,0.0,0.9705407299933012,0.3991858009861571,5,0.1,0.5,0.6063337095683724,0.5990017624475594,0.614263697143533,0.6088601514640621,0.5956772033566828,1.0,0.6083180987444009,0.605170691367639,0.6065660583569411,0.6117339407996294,0.5988133371574217,0.6020442142758877
4,6,0.22727232877651501,0.93308,5000,1.3796029488245647,0.9183673469387755,833,1.3780653579547382,0.9296,0.8026323602410268,0.08379147514029225,,,1.0,,1.0,0.0,0.9706106165466221,0.3991858009861571,5,0.1,0.5,0.6114836691136052,0.6049474676698243,0.6078946239826686,0.6065453070292095,0.6029539633497366,0.6083180987444009,1.0,0.6044437649400813,0.6165796712184649,0.611273573977238,0.6109912058254756,0.6019278823569402
4,7,0.22336736753654138,0.9348,5000,1.386099969899213,0.921968787515006,833,1.3906885602603705,0.9304,0.7956816902812864,0.08304656905861897,,,1.0,,1.0,0.0,0.9684756213751935,0.3991858009861571,5,0.1,0.5,0.596688469966945,0.5954056390692815,0.6074501096655986,0.6061083195613702,0.5978422895624793,0.605170691367639,0.6044437649400813,1.0,0.6001257647879679,0.603512701886802,0.6048030782716131,0.6028335983489936
4,8,0.21639130512270247,0.93464,5000,1.401704368767915,0.9375750300120048,833,1.378264408903762,0.9293,0.8007271234389362,0.08357742497381127,,,1.0,,1.0,0.0,0.970548327496184,0.3991858009861571,5,0.1,0.5,0.5967222782001113,0.6060171646720067,0.6101631101709013,0.6091164307355722,0.6009931543967106,0.6065660583569411,0.6165796712184649,0.6001257647879679,1.0,0.6122280616453435,0.6069226017685,0.6046780395121009
4,9,0.2520097590259211,0.92452,5000,1.3590189969098125,0.9327731092436975,833,1.3789884655620344,0.9293,0.8019448927117413,0.08356898434149669,,,1.0,,1.0,0.0,0.9704743127582927,0.3991858009861571,5,0.1,0.5,0.6080747530743039,0.6031623632907911,0.6058358254762398,0.6075250966823965,0.6095642084149917,0.6117339407996294,0.611273573977238,0.603512701886802,0.6122280616453435,1.0,0.5963977627739532,0.6127562146624925
4,10,0.2413468078567771,0.92924,5000,1.3769458973849262,0.9387755102040817,833,1.3874359534571346,0.9298,0.7964596122650034,0.0828166158247438,,,1.0,,1.0,0.0,0.9616071284758266,0.3991858009861571,5,0.1,0.5,0.6024455086739627,0.5992111771895258,0.6085444724061522,0.6081995923983654,0.5962940599847264,0.5988133371574217,0.6109912058254756,0.6048030782716131,0.6069226017685,0.5963977627739532,1.0,0.6010060323125673
4,11,0.23078767045276466,0.92952,5000,1.3833549640796803,0.9315726290516206,833,1.3815157584869824,0.9298,0.7958511630974625,0.08311976986270522,,,1.0,,1.0,0.0,0.9692800234864142,0.3991858009861571,5,0.1,0.5,0.6084757026276608,0.6014211621400395,0.605944710352333,0.6006017320398137,0.5837972119764073,0.6020442142758877,0.6019278823569402,0.6028335983489936,0.6046780395121009,0.6127562146624925,0.6010060323125673,1.0
5,0,0.2094498961659706,0.93652,5000,1.1179256615815338,0.935251798561151,834,1.1327311651775251,0.9411,0.7866587352487143,0.08340719210615201,,,0.8115943213177089,,0.8116108629084885,0.1883891370915115,0.9696221888881297,0.39293086644905967,5,0.1,0.5,1.0,0.5850396753994769,0.5880361932415714,0.5858338478675862,0.5831913826354801,0.5788580464778532,0.5968388068782796,0.578765347653624,0.5822890260042237,0.5804881642949883,0.5736050305525008,0.5880262420413104
5,1,0.20677956054639665,0.93732,5000,1.1333334953696639,0.9388489208633094,834,1.1339549050925257,0.9411,0.7875080488383762,0.08322646328031733,,,0.7535019992959038,,0.7535214095677928,0.2464785904322072,0.9689808930116498,0.3926795368586128,5,0.1,0.5,0.5850396753994769,1.0,0.5897620450156623,0.580806842829328,0.5814317892082627,0.5863063663329287,0.597236565391994,0.5844124395912518,0.5917692123775448,0.5786472615569446,0.5760105108991096,0.5791271227545524
5,2,0.21334914315586825,0.9348,5000,1.1269935148733634,0.9520383693045563,834,1.1445658146002042,0.9406,0.7917204398121096,0.08342301823360782,,,0.8166813708698474,,0.8167009688268662,0.18329903117313384,0.9696506920506,0.39294511376720315,5,0.1,0.5,0.5880361932415714,0.5897620450156623,1.0,0.594801336989289,0.5862752536084881,0.5932025767931919,0.5914913326839695,0.5858527099297083,0.5944014817169114,0.5813470703673246,0.5816017179583539,0.5831463793137959
5,3,0.2048684224367711,0.93812,5000,1.1515061722861395,0.9424460431654677,834,1.1324532138653838,0.9411,0.7874510011661283,0.08369501858862438,,,0.9041114315737293,,0.9041262988805783,0.09587370111942173,0.9699753806618203,0.393075255885729,5,0.1,0.5,0.5858338478675862,0.580806842829328,0.594801336989289,1.0,0.5924802655997872,0.586510047242416,0.5929748640893474,0.5791767286882867,0.5939472573029755,0.5719590114803133,0.5713402070416237,0.57666674672661
5,4,0.21107692222591418,0.93656,5000,1.132562730047438,0.9399759903961584,833,1.134245311490263,0.9411,0.784365349718388,0.08308352218517774,,,0.7075559246138613,,0.7075749209377039,0.2924250790622961,0.9682395169404259,0.39233654796229894,5,0.1,0.5,0.5831913826354801,0.5814317892082627,0.5862752536084881,0.5924802655997872,1.0,0.579125616133152,0.591393902929907,0.5817189560182067,0.5843764916257844,0.5815685279737095,0.568242570109836,0.5712526878401927
5,5,0.2004984294028751,0.93952,5000,1.1425668288160253,0.9279711884753902,833,1.1327081716860445,0.9413,0.7858800632821455,0.08344784889316138,,,0.8246627798351175,,0.8246774760303197,0.1753225239696803,0.9696925986308089,0.39296569306331935,5,0.1,0.5,0.5788580464778532,0.5863063663329287,0.5932025767931919,0.586510047242416,0.579125616133152,1.0,0.591230192194467,0.5863572003743935,0.5892387359493196,0.5771009092217433,0.5701882640207211,0.5749804352250864
5,6,0.20720691648222933,0.93924,5000,1.135125169047603,0.9387755102040817,833,1.13239876873577,0.9412,0.7962349878677214,0.08399333388609263,,,0.9999999996785663,,1.0,0.0,0.9700160917722828,0.39309267093111055,5,0.1,0.5,0.5968388068782796,0.597236565391994,0.5914913326839695,0.5929748640893474,0.591393902929907,0.591230192194467,1.0,0.5900328383669509,0.5979547050488141,0.5849026064250238,0.5843157929017017,0.5911935818323054
5,7,0.208434174712866,0.93976,5000,1.1427515480253432,0.9327731092436975,833,1.1458805477657257,0.9399,0.7852434064223209,0.08310901483381222,,,0.7157501191305549,,0.7157723005873199,0.2842276994126801,0.9683980894854988,0.39240824061478563,5,0.1,0.5,0.578765347653624,0.5844124395912518,0.5858527099297083,0.5791767286882867,0.5817189560182067,0.5863572003743935,0.5900328383669509,1.0,0.5962713650782199,0.5782816660640177,0.5713643490532225,0.5772361277218566
5,8,0.19887658557528334,0.93948,5000,1.1614148572639182,0.943577430972389,833,1.1326257961626631,0.9412,0.7927980208924948,0.08372942801539152,,,0.9151717784282514,,0.9151900005019828,0.08480999949801715,0.9699799600698474,0.3930809849931391,5,0.1,0.5,0.5822890260042237,0.5917692123775448,0.5944014817169114,0.5939472573029755,0.5843764916257844,0.5892387359493196,0.5979547050488141,0.5962713650782199,1.0,0.5900378720157031,0.5806049667646392,0.5772104502928764
5,9,0.23548291772841268,0.93008,5000,1.1104092642113015,0.9447779111644657,833,1.1336353419306942,0.9411,0.7808320470869246,0.08330295574584153,,,0.7780892499403491,,0.778103508859997,0.22189649114000298,0.96925004639943,0.392806425246069,5,0.1,0.5,0.5804881642949883,0.5786472615569446,0.5813470703673246,0.5719590114803133,0.5815685279737095,0.5771009092217433,0.5849026064250238,0.5782816660640177,0.5900378720157031,1.0,0.5661811744596116,0.5747369912082577
5,10,0.22242764701390533,0.93412,5000,1.1323180419427377,0.9507803121248499,833,1.1453014682657041,0.9401,0.7749502316768987,0.08259335590729901,,,0.55,,0.5500125495708047,0.4499874504291953,0.961304132543132,0.3894288482090814,5,0.1,0.5,0.5736050305525008,0.5760105108991096,0.5816017179583539,0.5713402070416237,0.568242570109836,0.5701882640207211,0.5843157929017017,0.5713643490532225,0.5806049667646392,0.5661811744596116,1.0,0.5701930719418978
5,11,0.21303387877596602,0.93496,5000,1.1381095471205536,0.943577430972389,833,1.1367427356326922,0.941,0.7804357672346194,0.08298884832452233,,,0.6771245621854212,,0.6771397018221976,0.3228602981778024,0.9673704787494711,0.3920060601869244,5,0.1,0.5,0.5880262420413104,0.5791271227545524,0.5831463793137959,0.57666674672661,0.5712526878401927,0.5749804352250864,0.5911935818323054,0.5772361277218566,0.5772104502928764,0.5747369912082577,0.5701930719418978,1.0
6,0,0.1951015771942059,0.93984,5000,0.884292706295296,0.9400479616306955,834,0.9015774534533199,0.9466,0.7694880079429604,0.08333497472891463,,,0.7834360815575121,,0.7834446061944681,0.2165553938055319,0.967914843021776,0.3851356285252876,5,0.1,0.5,1.0,0.5556650427644907,0.554139133852812,0.5642544290876982,0.5559155857893906,0.5522710219245923,0.5644927720513832,0.5512338111806897,0.5532594679371672,0.5619070967896492,0.5513354031176703,0.5530138486027517
6,1,0.19316317783549997,0.94012,5000,0.9002459910180833,0.9448441247002398,834,0.9028355892473897,0.9466,0.7713597938870719,0.08327968078075634,,,0.7665791859240124,,0.7665980623462677,0.2334019376537323,0.9675554858225537,0.3850538711084674,5,0.1,0.5,0.5556650427644907,1.0,0.5589073379939205,0.5589349739544653,0.5618785662209608,0.5602826337860526,0.5635836857373996,0.5590288307447231,0.5617874949792413,0.5588448101124466,0.5542717707121391,0.5425750564571256
6,2,0.19954208093977113,0.94032,5000,0.8917790430563467,0.9556354916067147,834,0.91256405370304,0.9466,0.7713538332681438,0.08341166538560808,,,0.8068159710211005,,0.806831986346067,0.193168013653933,0.9680670604089481,0.3852292789212912,5,0.1,0.5,0.554139133852812,0.5589073379939205,1.0,0.5710712607128697,0.559427796916846,0.5576601365947415,0.5542915044266564,0.5624621637904172,0.5664165350460133,0.5483647842501145,0.5594088384576354,0.5425627030310378
6,3,0.18832210747964062,0.94196,5000,0.9218667215771146,0.9484412470023981,834,0.900898861047178,0.9465,0.7770522088246293,0.0837963141876897,,,0.9240798837675586,,0.9240951759449827,0.0759048240550173,0.9685745955382241,0.38542165798099537,5,0.1,0.5,0.5642544290876982,0.5589349739544653,0.5710712607128697,1.0,0.5709543401956725,0.5608493038690485,0.5666930329760762,0.5615657228586469,0.5726950257759378,0.5602202819596152,0.5569320824381239,0.5417232877406895
6,4,0.19753431812103742,0.9406,5000,0.8997224723851239,0.9459783913565426,833,0.903214943294708,0.9465,0.7724663831794601,0.08322271499063832,,,0.7492126130768283,,0.7492244365242708,0.25077556347572916,0.9670089577953748,0.38495113050330154,5,0.1,0.5,0.5559155857893906,0.5618785662209608,0.559427796916846,0.5709543401956725,1.0,0.5543923732476721,0.5682993461432091,0.5624818274329892,0.5654768748136617,0.5587850882680587,0.5491230570931268,0.5398657927656962
6,5,0.18656888823766427,0.94492,5000,0.9115247417379309,0.9351740696278511,833,0.9015961424611247,0.9467,0.768139690128688,0.0833145911530418,,,0.7772219510320109,,0.7772350785603133,0.22276492143968674,0.9678832906863694,0.3851074740014721,5,0.1,0.5,0.5522710219245923,0.5602826337860526,0.5576601365947415,0.5608493038690485,0.5543923732476721,1.0,0.5626557044486914,0.5576114825705974,0.5543771787324517,0.5580246133680326,0.5439312660357998,0.5426698803794551
6,6,0.19434647887506207,0.94336,5000,0.9038055053463688,0.9459783913565426,833,0.9008530856321414,0.9465,0.7784194345896518,0.08404534716775562,,,0.9999999996951403,,1.0,0.0,0.9686210533093141,0.38543102542177954,5,0.1,0.5,0.5644927720513832,0.5635836857373996,0.5542915044266564,0.5666930329760762,0.5682993461432091,0.5626557044486914,1.0,0.566539498818396,0.568758860246899,0.5637108808731934,0.56625323336552,0.551882900453365
6,7,0.19464266972236668,0.94256,5000,0.9126771953370836,0.9375750300120048,833,0.9141193491201431,0.9467,0.7721829357997212,0.08322982691816008,,,0.7513807530628553,,0.7513980221876412,0.24860197781235882,0.9670899246162671,0.38496439151430484,5,0.1,0.5,0.5512338111806897,0.5590288307447231,0.5624621637904172,0.5615657228586469,0.5624818274329892,0.5576114825705974,0.566539498818396,1.0,0.56825379627656,0.5509895937638453,0.563183656457025,0.5406540229990902
6,8,0.19311200886086863,0.94212,5000,0.9338105828673752,0.9531812725090036,833,0.901059919271987,0.9465,0.7769476858149771,0.08381575678547606,,,0.9300071480097638,,0.9300336328497565,0.06996636715024351,0.9685865150814582,0.3854237620866958,5,0.1,0.5,0.5532594679371672,0.5617874949792413,0.5664165350460133,0.5726950257759378,0.5654768748136617,0.5543771787324517,0.568758860246899,0.56825379627656,1.0,0.5680420511244749,0.5568151667098409,0.5489120149252147
6,9,0.21993301715939098,0.93348,5000,0.8765361772643195,0.9483793517406963,833,0.9024741832440654,0.9468,0.7706281284173672,0.08330522725199713,,,0.7743672751065275,,0.7743737764168466,0.22562622358315343,0.9677229547749634,0.3850932848167281,5,0.1,0.5,0.5619070967896492,0.5588448101124466,0.5483647842501145,0.5602202819596152,0.5587850882680587,0.5580246133680326,0.5637108808731934,0.5509895937638453,0.5680420511244749,1.0,0.5506691835866172,0.5489648606336895
6,10,0.20562561183254335,0.93864,5000,0.9013685297082972,0.9531812725090036,833,0.9161322318707792,0.9465,0.7662964150402276,0.08267464238940277,,,0.5821273723528111,,0.5821444706591035,0.41785552934089654,0.9621755397442042,0.38258078203397294,5,0.1,0.5,0.5513354031176703,0.5542717707121391,0.5594088384576354,0.5569320824381239,0.5491230570931268,0.5439312660357998,0.56625323336552,0.563183656457025,0.5568151667098409,0.5506691835866172,1.0,0.5403827202425747
6,11,0.19953010119082537,0.93864,5000,0.9106768480053654,0.9495798319327731,833,0.9085127189517402,0.9467,0.7558049427763266,0.0825692582605595,,,0.55,,0.5500125495708047,0.4499874504291953,0.9611723218174867,0.3816836327932397,5,0.1,0.5,0.5530138486027517,0.5425750564571256,0.5425627030310378,0.5417232877406895,0.5398657927656962,0.5426698803794551,0.551882900453365,0.5406540229990902,0.5489120149252147,0.5489648606336895,0.5403827202425747,1.0
7,0,0.18281522806330472,0.94616,5000,0.6842974203604238,0.9460431654676259,834,0.7018139027178097,0.9494,0.7476223090714414,0.0831750010145009,,,0.7230376584342981,,0.7230560714823553,0.2769439285176447,0.9631834863574328,0.37540222225787295,5,0.1,0.5,1.0,0.5219029382788203,0.5214453750552992,0.5221046339366232,0.5201291697471478,0.5186631082297958,0.5314833155933172,0.520894876200842,0.5177792101176726,0.5273579430314566,0.5144133460321185,0.531267759524352
7,1,0.17987645222407997,0.94496,5000,0.6973195981096338,0.9508393285371702,834,0.7025991272621642,0.9493,0.7543093216573126,0.08337612178580178,,,0.7870045382969988,,0.7870237437879625,0.21297625621203753,0.9637251570180944,0.37578465066147815,5,0.1,0.5,0.5219029382788203,1.0,0.5309479502275304,0.5257097524127272,0.5250019467656525,0.526183414215326,0.5343533850374418,0.5311361373201603,0.5331975926421512,0.5309371911085017,0.531116899759724,0.5175089267797907
