round,client_id,client_i_training_loss,client_i_training_accuracy,client_i_training_dataset_size,client_i_evaluation_loss,client_i_evaluation_accuracy,client_i_evaluation_dataset_size,client_i_central_evaluation_loss,client_i_central_evaluation_accuracy,client_i_cosine_similarity,client_i_importance_coefficient,client_i_tanh_val,tanh_normalization_value,client_i_q,client_i_mask_order,client_i_v_nonzero_fraction,client_i_v_sparsity,client_i_v_cosine_similarity,client_i_reward_gradient_norm,local_epochs,learning_rate,gamma,client_0_cosine_similarity,client_1_cosine_similarity,client_2_cosine_similarity,client_3_cosine_similarity,client_4_cosine_similarity,client_5_cosine_similarity,client_6_cosine_similarity,client_7_cosine_similarity,client_8_cosine_similarity,client_9_cosine_similarity,client_10_cosine_similarity,client_11_cosine_similarity
0,0,2.194550956890082,0.2664,5000,2.260273721483019,0.11630695443645084,834,2.2616156922361723,0.1295,0.9965489318613456,0.0833501494631248,,,0.98,,0.9800166246218381,0.01998337537816186,0,0.0996347868172444,5,0.001,0.1,1.0,0.9945138913021423,0.991532862248746,0.9921071344576018,0.9928398119994476,0.9927106533425624,0.9894397936777097,0.9906733869031755,0.9922900091715332,0.9911131248628431,0.9934276278382436,0.994264634355444
0,1,2.1906928990297256,0.26508,5000,2.2606952720218234,0.14268585131894485,834,2.2616156922361723,0.1295,0.997250717674286,0.08340884598120787,,,0.98,,0.9800166246218381,0.01998337537816186,0,0.0996347868172444,5,0.001,0.1,0.9945138913021423,1.0,0.9908382867331315,0.9918788638138114,0.9922385266648792,0.9938134453792788,0.9902303378329167,0.9941282014774708,0.9937171117385062,0.9941410830437061,0.9933162583131621,0.994487597690409
0,2,2.198687323339426,0.30508,5000,2.2614346433568886,0.12709832134292565,834,2.2616156922361723,0.1295,0.9963229446435351,0.08333124816507605,,,0.98,,0.9800166246218381,0.01998337537816186,0,0.0996347868172444,5,0.001,0.1,0.991532862248746,0.9908382867331315,1.0,0.9890660927720735,0.9939078657137927,0.9922782895080493,0.9928627200583129,0.9923192958000125,0.992812531850319,0.9942701783801149,0.991549884536718,0.9907729806027319
0,3,2.1954509736626013,0.27652,5000,2.2622892503385192,0.09832134292565947,834,2.2616156922361723,0.1295,0.9947870084433612,0.08320278431572829,,,0.98,,0.9800166246218381,0.01998337537816186,0,0.0996347868172444,5,0.001,0.1,0.9921071344576018,0.9918788638138114,0.9890660927720735,1.0,0.990868552629385,0.9940855615135967,0.9868088088750123,0.9900706561782644,0.9919671545402452,0.9905193977445236,0.9888228807227617,0.987651963635716
0,4,2.196199799343279,0.29872,5000,2.2603612652531377,0.1404561824729892,833,2.2616156922361723,0.1295,0.9968911529346546,0.0833787724205108,,,0.98,,0.9800166246218381,0.01998337537816186,0,0.0996347868172444,5,0.001,0.1,0.9928398119994476,0.9922385266648792,0.9939078657137927,0.990868552629385,1.0,0.9935253987761754,0.992341699935897,0.9933794768405689,0.9957594856955911,0.9937472220363531,0.9898207505878909,0.990575794232003
0,5,2.1953671300487154,0.28972,5000,2.258088058895535,0.148859543817527,833,2.2616156922361723,0.1295,0.9971874391055411,0.08340355343811835,,,0.98,,0.9800166246218381,0.01998337537816186,0,0.0996347868172444,5,0.001,0.1,0.9927106533425624,0.9938134453792788,0.9922782895080493,0.9940855615135967,0.9935253987761754,1.0,0.9904292632894318,0.99363934318391,0.9946268175420205,0.9949215306109298,0.9910436268856598,0.9914731043108422
0,6,2.195547460446692,0.27716,5000,2.266945997873942,0.12725090036014405,833,2.2616156922361723,0.1295,0.9948510493258116,0.08320814061781576,,,0.98,,0.9800166246218381,0.01998337537816186,0,0.0996347868172444,5,0.001,0.1,0.9894397936777097,0.9902303378329167,0.9928627200583129,0.9868088088750123,0.992341699935897,0.9904292632894318,1.0,0.990833826142006,0.9894256387120638,0.9920026769244006,0.9910217839832306,0.9892162007033091
0,7,2.1970098264657767,0.263,5000,2.261860105726454,0.11044417767106843,833,2.2616156922361723,0.1295,0.9964540846004013,0.08334221655273462,,,0.98,,0.9800166246218381,0.01998337537816186,0,0.0996347868172444,5,0.001,0.1,0.9906733869031755,0.9941282014774708,0.9923192958000125,0.9900706561782644,0.9933794768405689,0.99363934318391,0.990833826142006,1.0,0.9935941975685483,0.9953303997195323,0.9878310645174612,0.9919790727207666
0,8,2.195159401863244,0.29908,5000,2.2576982003671153,0.1524609843937575,833,2.2616156922361723,0.1295,0.99707535916496,0.08339417920720948,,,0.98,,0.9800166246218381,0.01998337537816186,0,0.0996347868172444,5,0.001,0.1,0.9922900091715332,0.9937171117385062,0.992812531850319,0.9919671545402452,0.9957594856955911,0.9946268175420205,0.9894256387120638,0.9935941975685483,1.0,0.9943131047162788,0.9906499368621707,0.992050998235346
0,9,2.1959966149299768,0.2842,5000,2.268580984186243,0.11284513805522209,833,2.2616156922361723,0.1295,0.9972717002682291,0.08341060094003164,,,0.98,,0.9800166246218381,0.01998337537816186,0,0.0996347868172444,5,0.001,0.1,0.9911131248628431,0.9941410830437061,0.9942701783801149,0.9905193977445236,0.9937472220363531,0.9949215306109298,0.9920026769244006,0.9953303997195323,0.9943131047162788,1.0,0.9908789846876247,0.992316773638267
0,10,2.197278267562769,0.27204,5000,2.261897678728457,0.13445378151260504,833,2.2616156922361723,0.1295,0.9954983128385483,0.08326227695653808,,,0.98,,0.9800166246218381,0.01998337537816186,0,0.0996347868172444,5,0.001,0.1,0.9934276278382436,0.9933162583131621,0.991549884536718,0.9888228807227617,0.9898207505878909,0.9910436268856598,0.9910217839832306,0.9878310645174612,0.9906499368621707,0.9908789846876247,1.0,0.9939887463007558
0,11,2.194414113281639,0.24156,5000,2.2581443610014738,0.14285714285714285,833,2.2616156922361723,0.1295,0.99603580248838,0.0833072319419041,,,0.98,,0.9800166246218381,0.01998337537816186,0,0.0996347868172444,5,0.001,0.1,0.994264634355444,0.994487597690409,0.9907729806027319,0.987651963635716,0.990575794232003,0.9914731043108422,0.9892162007033091,0.9919790727207666,0.992050998235346,0.992316773638267,0.9939887463007558,1.0
1,0,2.030261281645222,0.39668,5000,2.20282099865101,0.2541966426858513,834,2.2051973327661094,0.2512,0.9982851337306556,0.08334873147091562,,,0.98,,0.9800166246218381,0.01998337537816186,0.9601926101045744,0.09981280049744719,5,0.001,0.1,1.0,0.9964567297534649,0.9958085469107731,0.9953720773073668,0.996501459559189,0.9965391564263048,0.9955719339830617,0.995358892090722,0.9963883066832426,0.9956187517529992,0.9965826286341981,0.9967952256974578
1,1,2.017905583654999,0.40868,5000,2.204282460389314,0.2589928057553957,834,2.2051973327661094,0.2512,0.9985614727779067,0.083393653477714,,,0.98,,0.9800166246218381,0.01998337537816186,0.9601926101045744,0.09981280049744719,5,0.001,0.1,0.9964567297534649,1.0,0.9960400527101508,0.994721508865005,0.996401066432193,0.9965299395454587,0.9960813308868738,0.9967728423043334,0.9974478109647141,0.9974828676523398,0.9958194869722462,0.9965438697698374
1,2,2.032964763823588,0.435,5000,2.202934468234027,0.2577937649880096,834,2.2051973327661094,0.2512,0.9981450489435802,0.08333261626023958,,,0.98,,0.9800166246218381,0.01998337537816186,0.9601926101045744,0.09981280049744719,5,0.001,0.1,0.9958085469107731,0.9960400527101508,1.0,0.9937125797064437,0.9970088749033045,0.9959855550086057,0.996057818488952,0.9962192576667193,0.9966563768443727,0.9968775520773829,0.9948212959594812,0.9961244091110454
1,3,2.030686006120815,0.40932,5000,2.205791385085494,0.2182254196642686,834,2.2051973327661094,0.2512,0.9968707923349757,0.08321268837899407,,,0.98,,0.9800166246218381,0.01998337537816186,0.9601926101045744,0.09981280049744719,5,0.001,0.1,0.9953720773073668,0.994721508865005,0.9937125797064437,1.0,0.9943240005214057,0.9959786142773538,0.9936238587236516,0.9945981528664153,0.9949979459479673,0.9940329461644971,0.9950200513314399,0.9936803428504754
1,4,2.0303715547938257,0.43004,5000,2.202583242345739,0.2653061224489796,833,2.2051973327661094,0.2512,0.9984314458697261,0.0833710104676895,,,0.98,,0.9800166246218381,0.01998337537816186,0.9601926101045744,0.09981280049744719,5,0.001,0.1,0.996501459559189,0.996401066432193,0.9970088749033045,0.9943240005214057,1.0,0.9964584108307364,0.9970900074519969,0.9963166921378243,0.9971712164247499,0.9968995048201666,0.995023526822221,0.9955474120707922
1,5,2.0272249601449177,0.41836,5000,2.2002165052625866,0.25570228091236497,833,2.2051973327661094,0.2512,0.9984571718127732,0.08338704032061547,,,0.98,,0.9800166246218381,0.01998337537816186,0.9601926101045744,0.09981280049744719,5,0.001,0.1,0.9965391564263048,0.9965299395454587,0.9959855550086057,0.9959786142773538,0.9964584108307364,1.0,0.9957072025647967,0.9965447802116089,0.9968692320251943,0.997214138725628,0.995626899335041,0.9955961217195222
1,6,2.0290094407500736,0.41528,5000,2.210176980053937,0.22929171668667467,833,2.2051973327661094,0.2512,0.997863434279141,0.08324801758770826,,,0.98,,0.9800166246218381,0.01998337537816186,0.9601926101045744,0.09981280049744719,5,0.001,0.1,0.9955719339830617,0.9960813308868738,0.996057818488952,0.9936238587236516,0.9970900074519969,0.9957072025647967,1.0,0.9960063499840432,0.9958456710216405,0.9966026279857501,0.9944843279435406,0.9948742162438603
1,7,2.032400415353714,0.41196,5000,2.2068607807159424,0.24849939975990396,833,2.2051973327661094,0.2512,0.9981498318881468,0.08333949809678999,,,0.98,,0.9800166246218381,0.01998337537816186,0.9601926101045744,0.09981280049744719,5,0.001,0.1,0.995358892090722,0.9967728423043334,0.9962192576667193,0.9945981528664153,0.9963166921378243,0.9965447802116089,0.9960063499840432,1.0,0.9965980183251796,0.9973522965622179,0.993705045770636,0.9958960041642533
1,8,2.027752118809208,0.42864,5000,2.2034335842838995,0.2617046818727491,833,2.2051973327661094,0.2512,0.9986797538517969,0.0833884759305326,,,0.98,,0.9800166246218381,0.01998337537816186,0.9601926101045744,0.09981280049744719,5,0.001,0.1,0.9963883066832426,0.9974478109647141,0.9966563768443727,0.9949979459479673,0.9971712164247499,0.9968692320251943,0.9958456710216405,0.9965980183251796,1.0,0.9973624532294971,0.9954905359132822,0.9968864632919557
1,9,2.0283527021954773,0.42144,5000,2.2111578517489963,0.24369747899159663,833,2.2051973327661094,0.2512,0.9985237750645846,0.08339351294051082,,,0.98,,0.9800166246218381,0.01998337537816186,0.9601926101045744,0.09981280049744719,5,0.001,0.1,0.9956187517529992,0.9974828676523398,0.9968775520773829,0.9940329461644971,0.9968995048201666,0.997214138725628,0.9966026279857501,0.9973522965622179,0.9973624532294971,1.0,0.9947520211356148,0.9956486230655269
1,10,2.0307921590319107,0.40856,5000,2.204127788543701,0.2533013205282113,833,2.2051973327661094,0.2512,0.997520056474948,0.08327013725294091,,,0.98,,0.9800166246218381,0.01998337537816186,0.9601926101045744,0.09981280049744719,5,0.001,0.1,0.9965826286341981,0.9958194869722462,0.9948212959594812,0.9950200513314399,0.995023526822221,0.995626899335041,0.9944843279435406,0.993705045770636,0.9954905359132822,0.9947520211356148,1.0,0.9965092389321868
1,11,2.031178724993566,0.39004,5000,2.202160120010376,0.26770708283313327,833,2.2051973327661094,0.2512,0.9980438097862244,0.08331461781534925,,,0.98,,0.9800166246218381,0.01998337537816186,0.9601926101045744,0.09981280049744719,5,0.001,0.1,0.9967952256974578,0.9965438697698374,0.9961244091110454,0.9936803428504754,0.9955474120707922,0.9955961217195222,0.9948742162438603,0.9958960041642533,0.9968864632919557,0.9956486230655269,0.9965092389321868,1.0
2,0,1.818967628479004,0.50024,5000,2.1285943631772644,0.42685851318944845,834,2.132421837066309,0.4147,0.9987726204368887,0.08334667021059519,,,0.98,,0.9800166246218381,0.01998337537816186,0.9869286656464346,0.09986518600982908,5,0.001,0.1,1.0,0.9965414426808683,0.99679505443012,0.9975871624268617,0.9976085518192829,0.9978698291307296,0.9969409455371563,0.9964855371981528,0.9969650644110145,0.9971606382398985,0.9975993683993415,0.9975625969162936
2,1,1.8001531962376491,0.51476,5000,2.1315741450698287,0.42565947242206237,834,2.132421837066309,0.4147,0.998485912078871,0.08336496394284913,,,0.98,,0.9800166246218381,0.01998337537816186,0.9869286656464346,0.09986518600982908,5,0.001,0.1,0.9965414426808683,1.0,0.9971311772820114,0.9956807444628284,0.9969196483279695,0.9966927737974953,0.9971512910284641,0.9971697974386315,0.9978677946376566,0.9973555552674681,0.9962702183342846,0.9968946027366381
2,2,1.820910906791687,0.52572,5000,2.1274820963541665,0.447242206235012,834,2.132421837066309,0.4147,0.9987144725588706,0.08333491127190362,,,0.98,,0.9800166246218381,0.01998337537816186,0.9869286656464346,0.09986518600982908,5,0.001,0.1,0.99679505443012,0.9971311772820114,1.0,0.9961816133816441,0.9978548972089416,0.9970227942291862,0.9976151838410587,0.9974512407535857,0.9974835485900228,0.9973271835109702,0.9964433787449598,0.9971110555525624
2,3,1.8192072373286934,0.50452,5000,2.132745292451647,0.3920863309352518,834,2.132421837066309,0.4147,0.9982582645605682,0.08324664464003544,,,0.98,,0.9800166246218381,0.01998337537816186,0.9869286656464346,0.09986518600982908,5,0.001,0.1,0.9975871624268617,0.9956807444628284,0.9961816133816441,1.0,0.9970344950717294,0.9973684124942984,0.9961598443227523,0.9958466284294494,0.9962715595503114,0.996692002570096,0.9974065510418842,0.9967280778756494
2,4,1.8162061914516863,0.5244,5000,2.1277957845617226,0.4249699879951981,833,2.132421837066309,0.4147,0.998972452509284,0.08336678177014097,,,0.98,,0.9800166246218381,0.01998337537816186,0.9869286656464346,0.09986518600982908,5,0.001,0.1,0.9976085518192829,0.9969196483279695,0.9978548972089416,0.9970344950717294,1.0,0.9975692611946028,0.9976482306898165,0.9971346559990528,0.9976405987466486,0.9980929747701378,0.9969221052739295,0.9970829492054601
2,5,1.8110198453733115,0.51408,5000,2.125988721847534,0.4057623049219688,833,2.132421837066309,0.4147,0.9987841940273458,0.08337053562329884,,,0.98,,0.9800166246218381,0.01998337537816186,0.9869286656464346,0.09986518600982908,5,0.001,0.1,0.9978698291307296,0.9966927737974953,0.9970227942291862,0.9973684124942984,0.9975692611946028,1.0,0.9966434170635946,0.9968403642083796,0.9972036528334652,0.9979388029978593,0.9970592731555374,0.9970433435348593
2,6,1.8183947883593807,0.51392,5000,2.1371361944410534,0.3745498199279712,833,2.132421837066309,0.4147,0.9985619197504743,0.08327810977395451,,,0.98,,0.9800166246218381,0.01998337537816186,0.9869286656464346,0.09986518600982908,5,0.001,0.1,0.9969409455371563,0.9971512910284641,0.9976151838410587,0.9961598443227523,0.9976482306898165,0.9966434170635946,1.0,0.9973744685853715,0.9971439525746383,0.9968190809917704,0.9963486544571356,0.9967470215901845
2,7,1.8180521869355706,0.5254,5000,2.136254412156564,0.4021608643457383,833,2.132421837066309,0.4147,0.9984635324384225,0.08333103230499612,,,0.98,,0.9800166246218381,0.01998337537816186,0.9869286656464346,0.09986518600982908,5,0.001,0.1,0.9964855371981528,0.9971697974386315,0.9974512407535857,0.9958466284294494,0.9971346559990528,0.9968403642083796,0.9973744685853715,1.0,0.9972099913736607,0.9972248754826926,0.9955970917132846,0.9970743894474667
2,8,1.8139266566865764,0.52524,5000,2.133740690019396,0.4177671068427371,833,2.132421837066309,0.4147,0.9987672843007163,0.08337087021279192,,,0.98,,0.9800166246218381,0.01998337537816186,0.9869286656464346,0.09986518600982908,5,0.001,0.1,0.9969650644110145,0.9978677946376566,0.9974835485900228,0.9962715595503114,0.9976405987466486,0.9972036528334652,0.9971439525746383,0.9972099913736607,1.0,0.9972439428222295,0.9965685604553697,0.9974489736305745
2,9,1.812215646209231,0.52592,5000,2.137140079780861,0.4141656662665066,833,2.132421837066309,0.4147,0.9988592854168042,0.0833769283516697,,,0.98,,0.9800166246218381,0.01998337537816186,0.9869286656464346,0.09986518600982908,5,0.001,0.1,0.9971606382398985,0.9973555552674681,0.9973271835109702,0.996692002570096,0.9980929747701378,0.9979388029978593,0.9968190809917704,0.9972248754826926,0.9972439428222295,1.0,0.9970709878519206,0.9972242145012487
2,10,1.8232979358381527,0.49916,5000,2.1298713860688387,0.43577430972388953,833,2.132421837066309,0.4147,0.998440152904599,0.08328774405274615,,,0.98,,0.9800166246218381,0.01998337537816186,0.9869286656464346,0.09986518600982908,5,0.001,0.1,0.9975993683993415,0.9962702183342846,0.9964433787449598,0.9974065510418842,0.9969221052739295,0.9970592731555374,0.9963486544571356,0.9955970917132846,0.9965685604553697,0.9970709878519206,1.0,0.9978486490401374
2,11,1.8225929690014784,0.5034,5000,2.130084205556799,0.40936374549819926,833,2.132421837066309,0.4147,0.9987434002165209,0.08332480784501847,,,0.98,,0.9800166246218381,0.01998337537816186,0.9869286656464346,0.09986518600982908,5,0.001,0.1,0.9975625969162936,0.9968946027366381,0.9971110555525624,0.9967280778756494,0.9970829492054601,0.9970433435348593,0.9967470215901845,0.9970743894474667,0.9974489736305745,0.9972242145012487,0.9978486490401374,1.0
3,0,1.63296840259224,0.55936,5000,2.036383213820281,0.4940047961630695,834,2.0413285432913053,0.4796,0.9988149005853217,0.08334016292042488,,,0.98,,0.9800166246218381,0.01998337537816186,0.9950716464737532,0.09988562556598853,5,0.001,0.1,1.0,0.9971962675256293,0.997291478793747,0.997942130461806,0.9976060442395135,0.997598639883564,0.9974201741303298,0.996880769805173,0.9974856190921159,0.9972198934090498,0.9977368171852787,0.9976979589855302
3,1,1.608588389909951,0.57188,5000,2.0403880366572626,0.47721822541966424,834,2.0413285432913053,0.4796,0.9988730768680396,0.08335325765763764,,,0.98,,0.9800166246218381,0.01998337537816186,0.9950716464737532,0.09988562556598853,5,0.001,0.1,0.9971962675256293,1.0,0.997403126656641,0.9972908460082196,0.9976267615302931,0.9974382992143606,0.9974368384745291,0.997340435555628,0.9978768927795278,0.9982095770813496,0.9974470354300067,0.9975049503399589
3,2,1.632360694666577,0.57552,5000,2.033084339565701,0.5083932853717026,834,2.0413285432913053,0.4796,0.9988821875711735,0.08333512414685743,,,0.98,,0.9800166246218381,0.01998337537816186,0.9950716464737532,0.09988562556598853,5,0.001,0.1,0.997291478793747,0.997403126656641,1.0,0.9975413967455385,0.9981427569207106,0.9975896618335118,0.9975683066618791,0.9971597375715292,0.9973741467731081,0.9979032197705018,0.9974002435418846,0.9975075091187391
3,3,1.6353683965221333,0.5554,5000,2.041648264284487,0.46402877697841727,834,2.0413285432913053,0.4796,0.9988737716258188,0.08328072968764476,,,0.98,,0.9800166246218381,0.01998337537816186,0.9950716464737532,0.09988562556598853,5,0.001,0.1,0.997942130461806,0.9972908460082196,0.9975413967455385,1.0,0.9977163101405712,0.9975639414750449,0.9976696957110285,0.9970578778793064,0.9977237908057651,0.9972973117062756,0.9976140540252467,0.9973664055397125
3,4,1.6279710596534098,0.5766,5000,2.0338180197609796,0.4885954381752701,833,2.0413285432913053,0.4796,0.9990266953508626,0.08335932993222366,,,0.98,,0.9800166246218381,0.01998337537816186,0.9950716464737532,0.09988562556598853,5,0.001,0.1,0.9976060442395135,0.9976267615302931,0.9981427569207106,0.9977163101405712,1.0,0.9974811999166235,0.9980225164086683,0.9973554517343489,0.9978152024192865,0.9981367085899399,0.9973852907002124,0.9973247959130447
3,5,1.6215189104626893,0.56324,5000,2.0335479842291937,0.4657863145258103,833,2.0413285432913053,0.4796,0.9987989206047305,0.08335428087388362,,,0.98,,0.9800166246218381,0.01998337537816186,0.9950716464737532,0.09988562556598853,5,0.001,0.1,0.997598639883564,0.9974382992143606,0.9975896618335118,0.9975639414750449,0.9974811999166235,1.0,0.9973238350017604,0.9971910511694159,0.9976420250304461,0.9978341749866193,0.9970876747959319,0.9971317613133999
3,6,1.6308339141736365,0.56996,5000,2.0460746023390026,0.4477791116446579,833,2.0413285432913053,0.4796,0.9988080762341228,0.08329790316411502,,,0.98,,0.9800166246218381,0.01998337537816186,0.9950716464737532,0.09988562556598853,5,0.001,0.1,0.9974201741303298,0.9974368384745291,0.9975683066618791,0.9976696957110285,0.9980225164086683,0.9973238350017604,1.0,0.9971695074514924,0.9970820386324625,0.9977256853705481,0.9974280668149934,0.9971487283636383
3,7,1.6278577661818001,0.57856,5000,2.047519242322003,0.47058823529411764,833,2.0413285432913053,0.4796,0.9985324599033337,0.08332145913004148,,,0.98,,0.9800166246218381,0.01998337537816186,0.9950716464737532,0.09988562556598853,5,0.001,0.1,0.996880769805173,0.997340435555628,0.9971597375715292,0.9970578778793064,0.9973554517343489,0.9971910511694159,0.9971695074514924,1.0,0.9971376339899374,0.9977513865572432,0.9964199642785911,0.9972254046769251
3,8,1.6239891139565,0.57656,5000,2.0463269728201405,0.4777911164465786,833,2.0413285432913053,0.4796,0.9989434158170377,0.0833591492353658,,,0.98,,0.9800166246218381,0.01998337537816186,0.9950716464737532,0.09988562556598853,5,0.001,0.1,0.9974856190921159,0.9978768927795278,0.9973741467731081,0.9977237908057651,0.9978152024192865,0.9976420250304461,0.9970820386324625,0.9971376339899374,1.0,0.9980333726988295,0.997692407764668,0.9977511016253514
3,9,1.6244293042808582,0.57808,5000,2.045017630965621,0.48739495798319327,833,2.0413285432913053,0.4796,0.9990945895822412,0.083367742664546,,,0.98,,0.9800166246218381,0.01998337537816186,0.9950716464737532,0.09988562556598853,5,0.001,0.1,0.9972198934090498,0.9982095770813496,0.9979032197705018,0.9972973117062756,0.9981367085899399,0.9978341749866193,0.9977256853705481,0.9977513865572432,0.9980333726988295,1.0,0.997521512280622,0.9977928590055678
3,10,1.6408758506653416,0.55348,5000,2.0368688194840043,0.5138055222088835,833,2.0413285432913053,0.4796,0.9987859892419391,0.08330309786009552,,,0.98,,0.9800166246218381,0.01998337537816186,0.9950716464737532,0.09988562556598853,5,0.001,0.1,0.9977368171852787,0.9974470354300067,0.9974002435418846,0.9976140540252467,0.9973852907002124,0.9970876747959319,0.9974280668149934,0.9964199642785911,0.997692407764668,0.997521512280622,1.0,0.997997437942017
3,11,1.6361575371140886,0.5592,5000,2.0399673603199147,0.4597839135654262,833,2.0413285432913053,0.4796,0.9988460496691973,0.08332776272716412,,,0.98,,0.9800166246218381,0.01998337537816186,0.9950716464737532,0.09988562556598853,5,0.001,0.1,0.9976979589855302,0.9975049503399589,0.9975075091187391,0.9973664055397125,0.9973247959130447,0.9971317613133999,0.9971487283636383,0.9972254046769251,0.9977511016253514,0.9977928590055678,0.997997437942017,1.0
4,0,1.4811587977561222,0.58964,5000,1.9276522353843406,0.5287769784172662,834,1.9335860215817777,0.5177,0.9986517105298902,0.08333462396252733,,,0.98,,0.9800166246218381,0.01998337537816186,0.9975527104858114,0.09987409107308337,5,0.001,0.1,1.0,0.9967584770680927,0.9969320068234137,0.9976680479160438,0.9972539249033622,0.9971485576266548,0.9974523880029842,0.9970949074513301,0.9970547349972465,0.9967333679967925,0.9973882007125492,0.9972546758580532
4,1,1.4560852433465847,0.60452,5000,1.9325376660735518,0.5203836930455635,834,1.9335860215817777,0.5177,0.9986786189025038,0.0833435221161216,,,0.98,,0.9800166246218381,0.01998337537816186,0.9975527104858114,0.09987409107308337,5,0.001,0.1,0.9967584770680927,1.0,0.9970682837156332,0.997054777208381,0.9972985578591564,0.9969504444085726,0.9968953410945656,0.9972349666182357,0.9976518779129044,0.997697918406638,0.9972558916561687,0.9971935311713829
4,2,1.479297849327136,0.60808,5000,1.9217432119228222,0.5335731414868106,834,1.9335860215817777,0.5177,0.9988076798594536,0.08333656789767233,,,0.98,,0.9800166246218381,0.01998337537816186,0.9975527104858114,0.09987409107308337,5,0.001,0.1,0.9969320068234137,0.9970682837156332,1.0,0.9974995301487276,0.9978480565829855,0.9973808390829223,0.9972822328919098,0.9970724112987572,0.9972190265115333,0.9977044955240862,0.9973291085337206,0.9972717879876044
4,3,1.4829343833741109,0.59124,5000,1.9338812386548077,0.5179856115107914,834,1.9335860215817777,0.5177,0.998800888436904,0.0833029939238425,,,0.98,,0.9800166246218381,0.01998337537816186,0.9975527104858114,0.09987409107308337,5,0.001,0.1,0.9976680479160438,0.997054777208381,0.9974995301487276,1.0,0.9976791809382302,0.9972223508674655,0.9975485928489264,0.9972076695614379,0.9975146890738806,0.9966937011519434,0.997450686069334,0.9969893100082169
4,4,1.4765501941085621,0.60784,5000,1.9223714095574838,0.5198079231692677,833,1.9335860215817777,0.5177,0.9989230595958544,0.08335513467372625,,,0.98,,0.9800166246218381,0.01998337537816186,0.9975527104858114,0.09987409107308337,5,0.001,0.1,0.9972539249033622,0.9972985578591564,0.9978480565829855,0.9976791809382302,1.0,0.9973049165433818,0.9976085921159852,0.9972378643092522,0.9976334277534461,0.9977001943172491,0.9973594679172684,0.997065869026141
4,5,1.4691031689856462,0.59592,5000,1.9246651552341603,0.5066026410564226,833,1.9335860215817777,0.5177,0.998573439138564,0.0833407550050005,,,0.98,,0.9800166246218381,0.01998337537816186,0.9975527104858114,0.09987409107308337,5,0.001,0.1,0.9971485576266548,0.9969504444085726,0.9973808390829223,0.9972223508674655,0.9973049165433818,1.0,0.996678789073606,0.9969227975734762,0.9972789130857412,0.9972821988400989,0.9968606345601921,0.9967690634971589
4,6,1.4801972818222775,0.60756,5000,1.938398864534166,0.4909963985594238,833,1.9335860215817777,0.5177,0.9986862822215795,0.08330982595662928,,,0.98,,0.9800166246218381,0.01998337537816186,0.9975527104858114,0.09987409107308337,5,0.001,0.1,0.9974523880029842,0.9968953410945656,0.9972822328919098,0.9975485928489264,0.9976085921159852,0.996678789073606,1.0,0.9973556791529399,0.9967460974204588,0.9970874310508852,0.9973079567105823,0.9971916637587633
4,7,1.4729384161104822,0.61096,5000,1.9426767870231911,0.5042016806722689,833,1.9335860215817777,0.5177,0.9986246929324009,0.08332228280144491,,,0.98,,0.9800166246218381,0.01998337537816186,0.9975527104858114,0.09987409107308337,5,0.001,0.1,0.9970949074513301,0.9972349666182357,0.9970724112987572,0.9972076695614379,0.9972378643092522,0.9969227975734762,0.9973556791529399,1.0,0.9966802567405489,0.9975495640191315,0.9968222801686998,0.9972369266929828
4,8,1.4713618467567833,0.6062,5000,1.9428493049409654,0.5018007202881153,833,1.9335860215817777,0.5177,0.9987954275915503,0.08335090470190312,,,0.98,,0.9800166246218381,0.01998337537816186,0.9975527104858114,0.09987409107308337,5,0.001,0.1,0.9970547349972465,0.9976518779129044,0.9972190265115333,0.9975146890738806,0.9976334277534461,0.9972789130857412,0.9967460974204588,0.9966802567405489,1.0,0.9975953611856592,0.997672858695199,0.9974127391490922
4,9,1.471552417384591,0.60688,5000,1.9359438021977742,0.5270108043217286,833,1.9335860215817777,0.5177,0.998837922664231,0.08335754568643969,,,0.98,,0.9800166246218381,0.01998337537816186,0.9975527104858114,0.09987409107308337,5,0.001,0.1,0.9967333679967925,0.997697918406638,0.9977044955240862,0.9966937011519434,0.9977001943172491,0.9972821988400989,0.9970874310508852,0.9975495640191315,0.9975953611856592,1.0,0.9974202698820294,0.9975041799802851
4,10,1.4919390244089115,0.58532,5000,1.9267334584836606,0.5462184873949579,833,1.9335860215817777,0.5177,0.9987997871185124,0.08331667458727464,,,0.98,,0.9800166246218381,0.01998337537816186,0.9975527104858114,0.09987409107308337,5,0.001,0.1,0.9973882007125492,0.9972558916561687,0.9973291085337206,0.997450686069334,0.9973594679172684,0.9968606345601921,0.9973079567105823,0.9968222801686998,0.997672858695199,0.9974202698820294,1.0,0.9976470033576047
4,11,1.482222702548762,0.59552,5000,1.9332637389500935,0.5150060024009604,833,1.9335860215817777,0.5177,0.9987182830601523,0.08332916868741794,,,0.98,,0.9800166246218381,0.01998337537816186,0.9975527104858114,0.09987409107308337,5,0.001,0.1,0.9972546758580532,0.9971935311713829,0.9972717879876044,0.9969893100082169,0.997065869026141,0.9967690634971589,0.9971916637587633,0.9972369266929828,0.9974127391490922,0.9975041799802851,0.9976470033576047,1.0
5,0,1.3582161996774613,0.6166,5000,1.8054409512767085,0.5587529976019184,834,1.812144432204981,0.5582,0.9985963943252126,0.08333682055915198,,,0.98,,0.9800166246218381,0.01998337537816186,0.997958802255327,0.09985126201210105,5,0.001,0.1,1.0,0.9967696854923261,0.9964977581761832,0.9973402089616806,0.9968940132173159,0.997081890675245,0.9969317327828253,0.9966653629551752,0.9967759697810364,0.996645568834491,0.9968210916949216,0.9969132558503914
5,1,1.3294801661163378,0.6306,5000,1.811052715336835,0.5635491606714629,834,1.812144432204981,0.5582,0.9985095837362988,0.08333947545293584,,,0.98,,0.9800166246218381,0.01998337537816186,0.997958802255327,0.09985126201210105,5,0.001,0.1,0.9967696854923261,1.0,0.996425671622456,0.9964853466567289,0.9965279334248314,0.9965148830497085,0.9965833329837113,0.9968536836010901,0.9973213344539162,0.9976383891264655,0.9965767586280239,0.9965982935305349
5,2,1.3563932443120676,0.62932,5000,1.7965011949892398,0.5755395683453237,834,1.812144432204981,0.5582,0.998526598875836,0.08333575992659885,,,0.98,,0.9800166246218381,0.01998337537816186,0.997958802255327,0.09985126201210105,5,0.001,0.1,0.9964977581761832,0.996425671622456,1.0,0.9970014550746897,0.9973613236986397,0.9964877254937862,0.9969951637318412,0.996819947569159,0.9964938202649343,0.9969034237491504,0.996744158976006,0.9967695588288991
5,3,1.360108977973841,0.617,5000,1.8123945218545419,0.5551558752997602,834,1.812144432204981,0.5582,0.9984950471496361,0.08331415209331879,,,0.98,,0.9800166246218381,0.01998337537816186,0.997958802255327,0.09985126201210105,5,0.001,0.1,0.9973402089616806,0.9964853466567289,0.9970014550746897,1.0,0.9968163096690746,0.9967268790400865,0.9968726084558183,0.9967330851864528,0.9968476946565601,0.9962916603165684,0.9965459382860351,0.9964620735266205
5,4,1.3525610002742452,0.63196,5000,1.7964635336840595,0.5678271308523409,833,1.812144432204981,0.5582,0.9985989994934309,0.08334948296715436,,,0.98,,0.9800166246218381,0.01998337537816186,0.997958802255327,0.09985126201210105,5,0.001,0.1,0.9968940132173159,0.9965279334248314,0.9973613236986397,0.9968163096690746,1.0,0.9963589386532049,0.9971519758604872,0.996892884257797,0.9969751439757519,0.997023623454579,0.9966754489682097,0.9966891647835694
5,5,1.345653069247106,0.6216,5000,1.8024696597346552,0.5498199279711885,833,1.812144432204981,0.5582,0.9982293053813023,0.083328732059788,,,0.98,,0.9800166246218381,0.01998337537816186,0.997958802255327,0.09985126201210105,5,0.001,0.1,0.997081890675245,0.9965148830497085,0.9964877254937862,0.9967268790400865,0.9963589386532049,1.0,0.9962441350544478,0.9964573537720763,0.9964738092877135,0.996629574689045,0.9959544633311149,0.9960077304531787
5,6,1.3559559866880915,0.62728,5000,1.8169882694880168,0.5210084033613446,833,1.812144432204981,0.5582,0.9985123608431181,0.0833189007080886,,,0.98,,0.9800166246218381,0.01998337537816186,0.997958802255327,0.09985126201210105,5,0.001,0.1,0.9969317327828253,0.9965833329837113,0.9969951637318412,0.9968726084558183,0.9971519758604872,0.9962441350544478,1.0,0.9970848882665155,0.9962885006935371,0.9968459000449378,0.9968018218186864,0.9965304078709823
5,7,1.3466054511677688,0.6294,5000,1.824800729751587,0.5438175270108043,833,1.812144432204981,0.5582,0.9985130504025239,0.08332656220273861,,,0.98,,0.9800166246218381,0.01998337537816186,0.997958802255327,0.09985126201210105,5,0.001,0.1,0.9966653629551752,0.9968536836010901,0.996819947569159,0.9967330851864528,0.996892884257797,0.9964573537720763,0.9970848882665155,1.0,0.9961696918548115,0.9973026446266156,0.9964762371755427,0.9968823355295453
5,8,1.3470826307679438,0.62964,5000,1.8265814427976255,0.5594237695078031,833,1.812144432204981,0.5582,0.9985275245293832,0.0833445819384439,,,0.98,,0.9800166246218381,0.01998337537816186,0.997958802255327,0.09985126201210105,5,0.001,0.1,0.9967759697810364,0.9973213344539162,0.9964938202649343,0.9968476946565601,0.9969751439757519,0.9964738092877135,0.9962885006935371,0.9961696918548115,1.0,0.9972873156496015,0.9969118656082705,0.9969649276745353
5,9,1.3464458256010796,0.62896,5000,1.8128721404958654,0.5690276110444178,833,1.812144432204981,0.5582,0.9986904433906488,0.08335391303798108,,,0.98,,0.9800166246218381,0.01998337537816186,0.997958802255327,0.09985126201210105,5,0.001,0.1,0.996645568834491,0.9976383891264655,0.9969034237491504,0.9962916603165684,0.997023623454579,0.996629574689045,0.9968459000449378,0.9973026446266156,0.9972873156496015,1.0,0.9967836040040018,0.9971102796616207
5,10,1.3721419641926031,0.61012,5000,1.8024849361843533,0.5822328931572629,833,1.812144432204981,0.5582,0.9984510027875336,0.08332112024148774,,,0.98,,0.9800166246218381,0.01998337537816186,0.997958802255327,0.09985126201210105,5,0.001,0.1,0.9968210916949216,0.9965767586280239,0.996744158976006,0.9965459382860351,0.9966754489682097,0.9959544633311149,0.9968018218186864,0.9964762371755427,0.9969118656082705,0.9967836040040018,1.0,0.9973035024986175
5,11,1.356783587613683,0.62296,5000,1.8130735953648884,0.5522208883553421,833,1.812144432204981,0.5582,0.9985041832150287,0.0833304988123122,,,0.98,,0.9800166246218381,0.01998337537816186,0.997958802255327,0.09985126201210105,5,0.001,0.1,0.9969132558503914,0.9965982935305349,0.9967695588288991,0.9964620735266205,0.9966891647835694,0.9960077304531787,0.9965304078709823,0.9968823355295453,0.9969649276745353,0.9971102796616207,0.9973035024986175,1.0
6,0,1.2541824128977053,0.63376,5000,1.6741365768291332,0.5959232613908872,834,1.6811705892459272,0.5936,0.9982238297404528,0.08333462292401772,,,0.98,,0.9800166246218381,0.01998337537816186,0.9978936367591572,0.09982500384090055,5,0.001,0.1,1.0,0.9957924750083474,0.9957275608546184,0.9966244059428289,0.9964401926987598,0.9964101016448068,0.9965683921263193,0.9960060005868675,0.995831483928184,0.995579498531136,0.996459315966921,0.9962857309438078
6,1,1.2269618135349007,0.64732,5000,1.6798653735054865,0.6067146282973621,834,1.6811705892459272,0.5936,0.998102614976754,0.08333233841586525,,,0.98,,0.9800166246218381,0.01998337537816186,0.9978936367591572,0.09982500384090055,5,0.001,0.1,0.9957924750083474,1.0,0.9958295050241027,0.9955396273296612,0.9960389819620589,0.9957494342674347,0.9958399782978644,0.9963336824767133,0.9963369468593035,0.9970014888073374,0.9959829541758465,0.9958271026600126
6,2,1.253085877333477,0.64472,5000,1.6614886654747858,0.6127098321342925,834,1.6811705892459272,0.5936,0.9982826719727022,0.08333587184140337,,,0.98,,0.9800166246218381,0.01998337537816186,0.9978936367591572,0.09982500384090055,5,0.001,0.1,0.9957275608546184,0.9958295050241027,1.0,0.9967112551060389,0.9966694916053929,0.9961580353956329,0.9962756805901877,0.9961820439576587,0.99613022523108,0.9964079031133053,0.9963367424474611,0.9960012910681849
6,3,1.2587405944326122,0.63692,5000,1.6813559488013938,0.5887290167865707,834,1.6811705892459272,0.5936,0.9982818270555677,0.08332259208002772,,,0.98,,0.9800166246218381,0.01998337537816186,0.9978936367591572,0.09982500384090055,5,0.001,0.1,0.9966244059428289,0.9955396273296612,0.9967112551060389,1.0,0.9965506731924668,0.9961029016282967,0.9964281630679669,0.9961967334725492,0.9963936759617055,0.9955271672808214,0.9964317918862824,0.9959142948650016
6,4,1.2512107866584874,0.64584,5000,1.6605965782094885,0.5978391356542617,833,1.6811705892459272,0.5936,0.9983689294071546,0.08334707282228138,,,0.98,,0.9800166246218381,0.01998337537816186,0.9978936367591572,0.09982500384090055,5,0.001,0.1,0.9964401926987598,0.9960389819620589,0.9966694916053929,0.9965506731924668,1.0,0.995919850226895,0.9964858947032473,0.9963202070941674,0.996428255201935,0.9964354142077728,0.9963483118327503,0.9958250920208321
6,5,1.2420921384149297,0.64036,5000,1.6710128607573334,0.6014405762304922,833,1.6811705892459272,0.5936,0.9980021876399556,0.08332250750491044,,,0.98,,0.9800166246218381,0.01998337537816186,0.9978936367591572,0.09982500384090055,5,0.001,0.1,0.9964101016448068,0.9957494342674347,0.9961580353956329,0.9961029016282967,0.995919850226895,1.0,0.9956509911582567,0.9958138331452867,0.9959819571492574,0.9958962733465756,0.99590156267879,0.9954851048653781
6,6,1.2544189391622118,0.64616,5000,1.6861575841903687,0.5630252100840336,833,1.6811705892459272,0.5936,0.9982510173408016,0.08332450995867817,,,0.98,,0.9800166246218381,0.01998337537816186,0.9978936367591572,0.09982500384090055,5,0.001,0.1,0.9965683921263193,0.9958399782978644,0.9962756805901877,0.9964281630679669,0.9964858947032473,0.9956509911582567,1.0,0.9966161410727749,0.9953626101142913,0.9962513948440899,0.9965066661046846,0.9960654957652753
6,7,1.2415976365660406,0.64768,5000,1.697866470725448,0.5654261704681873,833,1.6811705892459272,0.5936,0.9982635198633328,0.0833296124769165,,,0.98,,0.9800166246218381,0.01998337537816186,0.9978936367591572,0.09982500384090055,5,0.001,0.1,0.9960060005868675,0.9963336824767133,0.9961820439576587,0.9961967334725492,0.9963202070941674,0.9958138331452867,0.9966161410727749,1.0,0.9955025833394513,0.996902807775308,0.9961471910929776,0.9961793897680782
6,8,1.2453258960869662,0.64608,5000,1.7015118775544342,0.5906362545018007,833,1.6811705892459272,0.5936,0.9982180982809088,0.08333919811170913,,,0.98,,0.9800166246218381,0.01998337537816186,0.9978936367591572,0.09982500384090055,5,0.001,0.1,0.995831483928184,0.9963369468593035,0.99613022523108,0.9963936759617055,0.996428255201935,0.9959819571492574,0.9953626101142913,0.9955025833394513,1.0,0.9966609714175646,0.9967783255577813,0.9962484817383929
6,9,1.2427175688136156,0.64392,5000,1.6804106765323215,0.6014405762304922,833,1.6811705892459272,0.5936,0.9983991870539297,0.08335076658213221,,,0.98,,0.9800166246218381,0.01998337537816186,0.9978936367591572,0.09982500384090055,5,0.001,0.1,0.995579498531136,0.9970014888073374,0.9964079031133053,0.9955271672808214,0.9964354142077728,0.9958962733465756,0.9962513948440899,0.996902807775308,0.9966609714175646,1.0,0.996724986138184,0.9964365133720092
6,10,1.2713853960583923,0.63172,5000,1.6680659497225727,0.6110444177671068,833,1.6811705892459272,0.5936,0.9984436671015866,0.0833320899607094,,,0.98,,0.9800166246218381,0.01998337537816186,0.9978936367591572,0.09982500384090055,5,0.001,0.1,0.996459315966921,0.9959829541758465,0.9963367424474611,0.9964317918862824,0.9963483118327503,0.99590156267879,0.9965066661046846,0.9961471910929776,0.9967783255577813,0.996724986138184,1.0,0.996740929413052
6,11,1.252303833338865,0.64264,5000,1.6837502276455913,0.5882352941176471,833,1.6811705892459272,0.5936,0.9981640911557894,0.08332881732134853,,,0.98,,0.9800166246218381,0.01998337537816186,0.9978936367591572,0.09982500384090055,5,0.001,0.1,0.9962857309438078,0.9958271026600126,0.9960012910681849,0.9959142948650016,0.9958250920208321,0.9954851048653781,0.9960654957652753,0.9961793897680782,0.9962484817383929,0.9964365133720092,0.996740929413052,1.0
7,0,1.168071584261147,0.64948,5000,1.538575874434577,0.6199040767386091,834,1.545560413275283,0.6196,0.9979351603961006,0.08333615701810786,,,0.98,,0.9800166246218381,0.01998337537816186,0.9979199473817094,0.09978720634656373,5,0.001,0.1,1.0,0.9951539188262696,0.995305011116555,0.9962319288978084,0.9957149589929319,0.9956135158507773,0.9956305306889532,0.9952822670795262,0.9952614974954589,0.9946078316129945,0.9954188940132649,0.9955209643506329
7,1,1.1409964209149597,0.66284,5000,1.5442108534000538,0.6354916067146283,834,1.545560413275283,0.6196,0.9977402202585653,0.08332846210613395,,,0.98,,0.9800166246218381,0.01998337537816186,0.9979199473817094,0.09978720634656373,5,0.001,0.1,0.9951539188262696,1.0,0.9951767506005,0.9950823454818508,0.9952964184948504,0.9948263966744786,0.9948329679215874,0.9955958762550119,0.9953746762369624,0.9958563928876075,0.9951601474371382,0.9950507107971294
7,2,1.167471762751318,0.65628,5000,1.5220563323409468,0.6354916067146283,834,1.545560413275283,0.6196,0.9979961185817089,0.08333889112867579,,,0.98,,0.9800166246218381,0.01998337537816186,0.9979199473817094,0.09978720634656373,5,0.001,0.1,0.995305011116555,0.9951767506005,1.0,0.9961659932270064,0.9961210247999595,0.9953780607182607,0.9954308241184142,0.9953915977597221,0.995241739202479,0.9953905193581237,0.9954716444532246,0.9953977347316256
