round,client_id,client_i_training_loss,client_i_training_accuracy,client_i_training_dataset_size,client_i_evaluation_loss,client_i_evaluation_accuracy,client_i_evaluation_dataset_size,client_i_central_evaluation_loss,client_i_central_evaluation_accuracy,client_i_cosine_similarity,client_i_importance_coefficient,client_i_tanh_val,tanh_normalization_value,client_i_q,client_i_mask_order,client_i_v_nonzero_fraction,client_i_v_sparsity,client_i_v_cosine_similarity,client_i_reward_gradient_norm,local_epochs,learning_rate,gamma,client_0_cosine_similarity,client_1_cosine_similarity,client_2_cosine_similarity,client_3_cosine_similarity,client_4_cosine_similarity,client_5_cosine_similarity,client_6_cosine_similarity,client_7_cosine_similarity,client_8_cosine_similarity,client_9_cosine_similarity,client_10_cosine_similarity,client_11_cosine_similarity
0,0,2.295802874998613,0.11223902087832974,4167,2.2970618179866245,0.11750599520383694,834,2.2979305937320373,0.1,0.9684881708285317,0.0832412945391694,,,0.9072839024164792,,0.9073377234242709,0.09266227657572912,0,0.145433006487149,10,0.025,0.15,1.0,0.9665945244300276,0.9107703282076839,0.8814267643819305,0.9232407589586182,0.9492088852532139,0.9256846439691779,0.907349690429497,0.9572684808772097,0.9447993275124792,0.9535891802941705,0.948150303534163
0,1,2.2963678627303152,0.11087113030957524,4167,2.2989632402147566,0.09352517985611511,834,2.297930433780332,0.1,0.9828972086659403,0.08447974741735341,,,0.9850288180655273,,0.9850720404020399,0.014927959597960117,0,0.14543376904287092,10,0.025,0.15,0.9665945244300276,1.0,0.9253029749493918,0.9106711558192452,0.9553949922869398,0.9455857115453068,0.938841344324796,0.9406637916174727,0.9683123400716359,0.9623639479425175,0.9704293538829242,0.9515659274722318
0,2,2.2938985456119885,0.14070074394048476,4167,2.2994745799473355,0.0815347721822542,834,2.2979358389407776,0.1,0.9393375867393446,0.08073580977513664,,,0.75,,0.7500041260253173,0.2499958739746827,0,0.145375878242273,10,0.025,0.15,0.9107703282076839,0.9253029749493918,1.0,0.8532061774321054,0.9178313065789483,0.9148612283850279,0.9049929986531847,0.8739596772272451,0.9208765797091791,0.8844129817618646,0.9415336290326539,0.881161596462705
0,3,2.2958924120122735,0.12822174226061914,4167,2.2982613359178816,0.09352517985611511,834,2.2979305424267733,0.1,0.9510119051246845,0.08173921426114782,,,0.8129895561639806,,0.8130332887722599,0.1869667112277401,0,0.1454177176807861,10,0.025,0.15,0.8814267643819305,0.9106711558192452,0.8532061774321054,1.0,0.9326633917560402,0.9388289265828527,0.9323161805296319,0.9491955830051725,0.9251290721368884,0.9201107581963783,0.9064834951925369,0.9147035350890749
0,4,2.295053259531657,0.11951043916486681,4167,2.299616915839059,0.08763505402160865,833,2.297930476031726,0.1,0.9754507665376607,0.08383972774428015,,,0.9448510475800052,,0.9449010579128914,0.05509894208710864,0,0.1454336284079841,10,0.025,0.15,0.9232407589586182,0.9553949922869398,0.9178313065789483,0.9326633917560402,1.0,0.9467534818605603,0.9315507870566636,0.937426558911194,0.9521255077658327,0.96001201709385,0.9657232802169888,0.9263621581266198
0,5,2.295971798174309,0.14425245980321574,4167,2.2961115496499196,0.10084033613445378,833,2.2979304367982887,0.1,0.9798131127763222,0.08421467021551715,,,0.968388374928551,,0.9684359063227213,0.03156409367727875,0,0.14543374451218016,10,0.025,0.15,0.9492088852532139,0.9455857115453068,0.9148612283850279,0.9388289265828527,0.9467534818605603,1.0,0.9513473474072125,0.9349927385763994,0.9699290925751055,0.9408534764801502,0.9565522932790113,0.9509249662288488
0,6,2.296010421261643,0.1473002159827214,4167,2.299525805882045,0.08763505402160865,833,2.2979305846781672,0.1,0.9684638455738527,0.0832392037901541,,,0.9071526538977018,,0.9072056906141176,0.0927943093858824,0,0.145433005723677,10,0.025,0.15,0.9256846439691779,0.938841344324796,0.9049929986531847,0.9323161805296319,0.9315507870566636,0.9513473474072125,1.0,0.9535363668914503,0.9523165451012462,0.9141720308495205,0.9361816879712548,0.9268421336966896
0,7,2.2973641431692875,0.13796496280297577,4167,2.299471003668649,0.09483793517406963,833,2.2979295193394527,0.1,0.9659520400245614,0.08302331478721997,,,0.8936000411028712,,0.8936475714214982,0.1063524285785018,0,0.14542471511240693,10,0.025,0.15,0.907349690429497,0.9406637916174727,0.8739596772272451,0.9491955830051725,0.937426558911194,0.9349927385763994,0.9535363668914503,1.0,0.9535360383883847,0.9308818721449141,0.9354424207527556,0.9215784157803762
0,8,2.296312204996745,0.13514162265962554,4166,2.2952652318137035,0.11764705882352941,833,2.297930406618722,0.1,0.9856719280705352,0.08471823379455287,,,0.9999999999372241,,1.0,0.0,0,0.14543377302882723,10,0.025,0.15,0.9572684808772097,0.9683123400716359,0.9208765797091791,0.9251290721368884,0.9521255077658327,0.9699290925751055,0.9523165451012462,0.9535360383883847,1.0,0.9500514590701731,0.9681330612179183,0.9503321463135118
0,9,2.2956125548391633,0.11800288046087375,4166,2.297515562602452,0.11644657863145258,833,2.2979305605345135,0.1,0.9706156953680737,0.08342415469396491,,,0.9187631016339701,,0.9188163258569755,0.08118367414302452,0,0.14543328236177394,10,0.025,0.15,0.9447993275124792,0.9623639479425175,0.8844129817618646,0.9201107581963783,0.96001201709385,0.9408534764801502,0.9141720308495205,0.9308818721449141,0.9500514590701731,1.0,0.9578452937688317,0.9273383988160031
0,10,2.2950337857911083,0.12443590974555929,4166,2.3001111234937395,0.10324129651860744,833,2.297930424726462,0.1,0.9817953077416087,0.08438503933298228,,,0.9790834388262998,,0.9791305639451404,0.02086943605485958,0,0.1454337624109144,10,0.025,0.15,0.9535891802941705,0.9704293538829242,0.9415336290326539,0.9064834951925369,0.9657232802169888,0.9565522932790113,0.9361816879712548,0.9354424207527556,0.9681330612179183,0.9578452937688317,1.0,0.9309941463966911
0,11,2.296896451892275,0.10967354776764282,4166,2.2961547715323314,0.1056422569027611,833,2.297929555554933,0.1,0.9652106166318133,0.0829595896485214,,,0.8895996422018579,,0.8896370748130911,0.11036292518690893,0,0.145424561024749,10,0.025,0.15,0.948150303534163,0.9515659274722318,0.881161596462705,0.9147035350890749,0.9263621581266198,0.9509249662288488,0.9268421336966896,0.9215784157803762,0.9503321463135118,0.9273383988160031,0.9309941463966911,1.0
1,0,2.2283031904336177,0.1693544516438685,4167,2.2873309339795793,0.1618705035971223,834,2.287984277628645,0.1453,0.9892564450857456,0.0832370031091724,,,0.9048224223379353,,0.9048621082338961,0.09513789176610388,0.8079586325006284,0.1485760929971226,10,0.025,0.15,1.0,0.9810354626817331,0.9708966203265343,0.9692994218720092,0.9748586166615955,0.9789580006767586,0.9784613052081301,0.9762256710541124,0.9833322848717638,0.9806408044087467,0.9822041591640833,0.9820634439099546
1,1,2.226636534026175,0.16577873770098392,4167,2.289310795920236,0.1342925659472422,834,2.287984576406358,0.1453,0.9919524076741312,0.08408614968285154,,,0.9800637450619003,,0.9801125579706557,0.019887442029344338,0.8078806867294895,0.14857755132021927,10,0.025,0.15,0.9810354626817331,1.0,0.972071062022562,0.9785092084683598,0.986372524171374,0.9794909083131729,0.9758198959699075,0.9857425875852222,0.9857054432477936,0.9848935198011641,0.9788136062212325,0.9814500667102285
1,2,2.2138067678971725,0.18836093112550997,4167,2.289160592215402,0.12589928057553956,834,2.287997876541524,0.1467,0.9828948223614011,0.08148973279682993,,,0.75,,0.7500041260253173,0.2499958739746827,0.80505617908582,0.14834228202081373,10,0.025,0.15,0.9708966203265343,0.972071062022562,1.0,0.9606350497608669,0.9765530924223225,0.9746632783176642,0.9777948183818673,0.9652885871718284,0.9740288489152586,0.9637481791109077,0.9801664690155419,0.9674738231399334
1,3,2.2298243074706106,0.17746580273578114,4167,2.2880994932992116,0.13189448441247004,834,2.287967039059989,0.1455,0.98788605728394,0.08226859958349272,,,0.8190139595103831,,0.8190572857355053,0.1809427142644947,0.8082745662323656,0.14850975368739516,10,0.025,0.15,0.9692994218720092,0.9785092084683598,0.9606350497608669,1.0,0.9809949850247124,0.9816002917867359,0.9735786079263002,0.9845725127424781,0.9816789981237513,0.9825474711389975,0.9715058643748263,0.9771315385705344
1,4,2.2208029400218616,0.16777057835373171,4167,2.289487293788365,0.1404561824729892,833,2.2879845251010944,0.1453,0.9926237671660837,0.08371416592215222,,,0.9471029452961026,,0.9471373636348632,0.05286263636513677,0.8078962233167651,0.1485773783543578,10,0.025,0.15,0.9748586166615955,0.986372524171374,0.9765530924223225,0.9809949850247124,1.0,0.9812865856225149,0.9804118795012795,0.9871424631213314,0.9836326885758101,0.9837996153228945,0.9830381432285479,0.9800461340817777
1,5,2.22700603947495,0.1790976721862251,4167,2.2864509310041154,0.15966386554621848,833,2.287984567352488,0.1453,0.9922013299539,0.08393114170895763,,,0.9663287723845607,,0.9663646416134409,0.03363535838655907,0.8078877293414803,0.1485775185283479,10,0.025,0.15,0.9789580006767586,0.9794909083131729,0.9746632783176642,0.9816002917867359,0.9812865856225149,1.0,0.9833872321381386,0.9802708269417979,0.9878344049922753,0.9798790632930232,0.9836420982092746,0.9819838426041728
1,6,2.2253490686416626,0.19210463162946964,4167,2.289196695600237,0.12845138055222088,833,2.2879844134366967,0.1453,0.9900364822958354,0.08326097247667798,,,0.9069463040938995,,0.9069911372976185,0.09300886270238151,0.8079524324861967,0.14857618673136821,10,0.025,0.15,0.9784613052081301,0.9758198959699075,0.9777948183818673,0.9735786079263002,0.9804118795012795,0.9833872321381386,1.0,0.981408056829787,0.9840166678409048,0.9755080983830023,0.9809744391918533,0.9761776717242809
1,7,2.2350660945429945,0.17804175665946725,4167,2.2900153568812778,0.13565426170468187,833,2.2879822314540044,0.1455,0.9919526418567549,0.0831902042975856,,,0.9006756653529264,,0.900711326764701,0.099288673235299,0.8066676096930399,0.14857593447889525,10,0.025,0.15,0.9762256710541124,0.9857425875852222,0.9652885871718284,0.9845725127424781,0.9871424631213314,0.9802708269417979,0.981408056829787,1.0,0.9853010600742383,0.985396757568904,0.9784318565535997,0.9802742305773915
1,8,2.2235872803312358,0.1741238598175708,4166,2.2852234840393066,0.16686674669867949,833,2.2879845914961416,0.1453,0.9943702672151749,0.0843111431024854,,,0.9999999999113918,,1.0,0.0,0.8078780053468261,0.14857756030142366,10,0.025,0.15,0.9833322848717638,0.9857054432477936,0.9740288489152586,0.9816789981237513,0.9836326885758101,0.9878344049922753,0.9840166678409048,0.9853010600742383,1.0,0.9866830790213651,0.9834113613543078,0.9829848390964735
1,9,2.2253282583121097,0.16442630820931348,4166,2.2874744960239957,0.15486194477791115,833,2.287984389293043,0.1453,0.9912682082567853,0.0834146286504538,,,0.9205614962385308,,0.9206070208446799,0.07939297915532006,0.807937157641831,0.14857662128569196,10,0.025,0.15,0.9806408044087467,0.9848935198011641,0.9637481791109077,0.9825474711389975,0.9837996153228945,0.9798790632930232,0.9755080983830023,0.985396757568904,0.9866830790213651,1.0,0.9787681166250013,0.9799030662224849
1,10,2.222086115316911,0.1700912145943351,4166,2.2906746523720876,0.148859543817527,833,2.287984597532055,0.1453,0.9911616113933865,0.0840022842729857,,,0.972632584689018,,0.9726774603488967,0.027322539651103317,0.80788116317581,0.14857753873124638,10,0.025,0.15,0.9822041591640833,0.9788136062212325,0.9801664690155419,0.9715058643748263,0.9830381432285479,0.9836420982092746,0.9809744391918533,0.9784318565535997,0.9834113613543078,0.9787681166250013,1.0,0.9796842018526676
1,11,2.234222659920201,0.1602736437830053,4166,2.2864953449794223,0.15606242496998798,833,2.287964832933643,0.1455,0.9901912824586676,0.08309397439635503,,,0.892148910045167,,0.8921869584591771,0.10781304154082294,0.8083071467048896,0.1485184427055529,10,0.025,0.15,0.9820634439099546,0.9814500667102285,0.9674738231399334,0.9771315385705344,0.9800461340817777,0.9819838426041728,0.9761776717242809,0.9802742305773915,0.9829848390964735,0.9799030662224849,0.9796842018526676,1.0
2,0,2.14317158388369,0.21420686345092393,4167,2.272819450923375,0.21223021582733814,834,2.273544477511056,0.2025,0.9896076067392273,0.08326151026650877,,,0.9018379126209843,,0.9018831179548118,0.0981168820451882,0.934719057392141,0.14849833456454786,10,0.025,0.15,1.0,0.9809811270396225,0.9738977594224234,0.972647913030435,0.9736666037348795,0.9756481506838974,0.9811590285547577,0.9798649983286964,0.9805351141417328,0.9779516358442446,0.978987414633941,0.981134893333735
2,1,2.143256675835812,0.21214302855771539,4167,2.275282144546509,0.19664268585131894,834,2.2735440127457243,0.2025,0.9917389197390043,0.0838529976950796,,,0.9775670804509641,,0.9776121866283771,0.022387813371622878,0.9347279348252134,0.14850102808300641,10,0.025,0.15,0.9809811270396225,1.0,0.9761527672245843,0.9788722190646663,0.983468680813665,0.9791587091666408,0.9781677236483162,0.9855070831353935,0.9835571631363091,0.982378734930586,0.9729414225459964,0.9804888150270903
2,2,2.1243198232217266,0.22800575953923685,4167,2.2742330687386647,0.19424460431654678,834,2.273550003389769,0.201,0.9861839968078354,0.08207557069963828,,,0.75,,0.7500041260253173,0.2499958739746827,0.9321961043052404,0.14833156278105042,10,0.025,0.15,0.9738977594224234,0.9761527672245843,1.0,0.9695346696100323,0.9776019997496388,0.9755035595619241,0.9781002981218806,0.9705836643512593,0.9759971929910009,0.9707905317201354,0.9751983753187572,0.9730239890303607
2,3,2.1547997452995995,0.21079913606911446,4167,2.2735591615949358,0.19544364508393286,834,2.2735114580468285,0.201,0.988020803376821,0.08261427880798347,,,0.8189717393433299,,0.8190160254823323,0.18098397451766768,0.9346461837368163,0.14842863617041144,10,0.025,0.15,0.972647913030435,0.9788722190646663,0.9695346696100323,1.0,0.9790627275972785,0.9816175250075696,0.9749049456629694,0.9802441710763403,0.9802475727171021,0.9782712015184295,0.9674178172339858,0.9750490885286408
2,4,2.1420885685718423,0.21046316294696424,4167,2.2747665473393033,0.2028811524609844,833,2.2735439222070237,0.2025,0.9908655913792082,0.08359583984050535,,,0.9446427115004599,,0.9446865045963923,0.05531349540360775,0.9347295065708526,0.1485006383100013,10,0.025,0.15,0.9736666037348795,0.983468680813665,0.9776019997496388,0.9790627275972785,1.0,0.978629682378703,0.979596342593566,0.9834336529065215,0.981032351953909,0.9814259992540486,0.9764904336946664,0.9769840653011042
2,5,2.1474229841521293,0.21355891528677706,4167,2.2726453372410367,0.2028811524609844,833,2.2735440338714215,0.2025,0.9903933850126806,0.08371405034428475,,,0.9597774086175342,,0.9598207654602169,0.040179234539783115,0.934725088206696,0.14850089354150006,10,0.025,0.15,0.9756481506838974,0.9791587091666408,0.9755035595619241,0.9816175250075696,0.978629682378703,1.0,0.9784758285095004,0.9798693378291429,0.9844359154424625,0.9776392979128443,0.975840479965523,0.9789033932843338
2,6,2.1383509263847813,0.22788576913846892,4167,2.2744664464678084,0.1992797118847539,833,2.2735447491271588,0.2025,0.9903698383189382,0.08330094199649297,,,0.9068864258328635,,0.9069416249938109,0.09305837500618908,0.9347237661745869,0.14849867387008545,10,0.025,0.15,0.9811590285547577,0.9781677236483162,0.9781002981218806,0.9749049456629694,0.979596342593566,0.9784758285095004,1.0,0.9816431630185778,0.9823089566770798,0.9791492908752224,0.9747422762322698,0.9773809522791406
2,7,2.1554708260478397,0.21595872330213584,4167,2.276477643421718,0.19447779111644659,833,2.2735422864744934,0.2027,0.9920098278825188,0.08331050788732812,,,0.9081111635322738,,0.90814642438646,0.09185357561354002,0.9347079164163435,0.14849872515367898,10,0.025,0.15,0.9798649983286964,0.9855070831353935,0.9705836643512593,0.9802441710763403,0.9834336529065215,0.9798693378291429,0.9816431630185778,1.0,0.9837789528051367,0.9839833537016708,0.9751467677242159,0.9808638503631761
2,8,2.13977884126432,0.21526644263082093,4166,2.270719357899257,0.22929171668667467,833,2.273544094230555,0.2025,0.9928746346501677,0.08402821142320951,,,0.9999999998719682,,1.0,0.0,0.9347257723289196,0.14850104704165817,10,0.025,0.15,0.9805351141417328,0.9835571631363091,0.9759971929910009,0.9802475727171021,0.981032351953909,0.9844359154424625,0.9823089566770798,0.9837789528051367,1.0,0.9848143973925342,0.9773964769002393,0.9809691063001502
2,9,2.146921033931501,0.2116658665386462,4166,2.2727836881365096,0.2028811524609844,833,2.2735441908051697,0.2025,0.9907235956971633,0.08340694040174222,,,0.9204575866607883,,0.9204997441864303,0.07950025581356968,0.9347284144590554,0.1484994196151474,10,0.025,0.15,0.9779516358442446,0.982378734930586,0.9707905317201354,0.9782712015184295,0.9814259992540486,0.9776392979128443,0.9791492908752224,0.9839833537016708,0.9848143973925342,1.0,0.9755949258801733,0.9775992442604948
2,10,2.13862694754745,0.21418626980316852,4166,2.2769437858036587,0.2028811524609844,833,2.273544085176685,0.2025,0.987210488937594,0.08365475012547996,,,0.9521850981045732,,0.9522206268257662,0.04777937317423375,0.9347252773801623,0.14850078564689195,10,0.025,0.15,0.978987414633941,0.9729414225459964,0.9751983753187572,0.9674178172339858,0.9764904336946664,0.975840479965523,0.9747422762322698,0.9751467677242159,0.9773964769002393,0.9755949258801733,1.0,0.9780843059977897
2,11,2.157292254404588,0.2057609217474796,4166,2.2720673084259033,0.18847539015606243,833,2.2735070699377906,0.2009,0.9899440074744107,0.08318440051174703,,,0.8919654161356572,,0.8920136653958509,0.10798633460414908,0.9346595442604435,0.14844133824472408,10,0.025,0.15,0.981134893333735,0.9804888150270903,0.9730239890303607,0.9750490885286408,0.9769840653011042,0.9789033932843338,0.9773809522791406,0.9808638503631761,0.9809691063001502,0.9775992442604948,0.9780843059977897,1.0
3,0,2.058858143199574,0.24986801055915528,4167,2.2535925933292935,0.2278177458033573,834,2.2543852781947655,0.2268,0.9869205221641044,0.08329926021229189,,,0.8986186757983325,,0.89865656615669,0.10134343384331002,0.958492987897314,0.14797183793132163,10,0.025,0.15,1.0,0.9747915124435674,0.9692906239715247,0.9685424249555888,0.9697915171387598,0.9692940131745953,0.9748720175335347,0.974460138887376,0.97267880864453,0.9698788194261546,0.9689687064881666,0.9718883494136816
3,1,2.062350941426826,0.2490520758339333,4167,2.256582873208182,0.22302158273381295,834,2.254385371751423,0.2269,0.9881189055505277,0.08370253306729235,,,0.9726325741142028,,0.9726774603488967,0.027322539651103317,0.9589606328137318,0.14799173813517924,10,0.025,0.15,0.9747915124435674,1.0,0.970173315584366,0.9708258584919126,0.9753393236592397,0.9709289348291289,0.9713787437097164,0.9770592897145733,0.9778070110958718,0.9729362779118035,0.9620843112490873,0.9751358283116166
3,2,2.045104414766485,0.2591792656587473,4167,2.254457473754883,0.2278177458033573,834,2.2544337435613704,0.2263,0.9844807987376671,0.08248949503224692,,,0.75,,0.7500041260253173,0.2499958739746827,0.9582484251119237,0.14789316552157036,10,0.025,0.15,0.9692906239715247,0.970173315584366,1.0,0.9651594842126127,0.9700580445685593,0.9704258489827484,0.9712831433878472,0.9663859885339489,0.9705294490123454,0.9672172947568641,0.9669727637439692,0.9685252315395415
3,3,2.0782499920238147,0.2394528437724982,4167,2.254537514277867,0.2446043165467626,834,2.2543633044520512,0.2255,0.9848140266097555,0.08283219699866022,,,0.8128971382036957,,0.8129590203165487,0.18704097968345135,0.9582604565749752,0.14795343830870464,10,0.025,0.15,0.9685424249555888,0.9708258584919126,0.9651594842126127,1.0,0.9722171911335354,0.9718598234836019,0.9692042998244441,0.9711552744414562,0.9726441311726468,0.9689247528922104,0.9589890482465302,0.9702159829436322
3,4,2.0670914938955596,0.24458843292536597,4167,2.2551167011260986,0.22569027611044418,833,2.2543849582913555,0.2269,0.9876028137356008,0.08352736389876621,,,0.9404832418033171,,0.9405439751778317,0.059456024822168274,0.9589415292537966,0.14799119417381978,10,0.025,0.15,0.9697915171387598,0.9753393236592397,0.9700580445685593,0.9722171911335354,1.0,0.9718497974523869,0.973766226162794,0.9751643840426454,0.9737470919696067,0.971839130592637,0.9686687319537537,0.9699872637500582
3,5,2.06940300320134,0.24365250779937606,4167,2.2542965412139893,0.234093637454982,833,2.254385534721085,0.2269,0.9870964283168183,0.08358377293775089,,,0.950836164951352,,0.9508837946229638,0.049116205377036204,0.9589416119452128,0.14799145364623711,10,0.025,0.15,0.9692940131745953,0.9709289348291289,0.9704258489827484,0.9718598234836019,0.9718497974523869,1.0,0.9721546740484124,0.9728489942572952,0.9775095606825589,0.96838461388968,0.9675561404582369,0.9735917931253931
3,6,2.055573162165555,0.2571874250059995,4167,2.255058833530971,0.226890756302521,833,2.2543846715854694,0.2269,0.9873988002591232,0.08333906272911512,,,0.9059237532324853,,0.9059596309682956,0.09404036903170443,0.9589467482902467,0.147989365389101,10,0.025,0.15,0.9748720175335347,0.9713787437097164,0.9712831433878472,0.9692042998244441,0.973766226162794,0.9721546740484124,1.0,0.9743122182724213,0.9758092158887973,0.9721627611159416,0.9639094967404827,0.9712764795326035
3,7,2.076412989876487,0.24554835613150947,4167,2.2583448546273366,0.20528211284513806,833,2.254383823539637,0.2267,0.9881968205652442,0.08337083299836373,,,0.9117546477459079,,0.9118020828175801,0.08819791718241987,0.9589482595426835,0.14798973359466466,10,0.025,0.15,0.974460138887376,0.9770592897145733,0.9663859885339489,0.9711552744414562,0.9751643840426454,0.9728489942572952,0.9743122182724213,1.0,0.9751398788202417,0.974270512768934,0.9647416402659744,0.9739408837647506
3,8,2.05806446834044,0.24675948151704272,4166,2.251676934106009,0.24849939975990396,833,2.2543858033192308,0.2269,0.9893884262377037,0.08385164749239483,,,0.9999999998164669,,1.0,0.0,0.9589620507245663,0.1479918081609829,10,0.025,0.15,0.97267880864453,0.9778070110958718,0.9705294490123454,0.9726441311726468,0.9737470919696067,0.9775095606825589,0.9758092158887973,0.9751398788202417,1.0,0.9761481403958489,0.9662890686868945,0.9751179868287883
3,9,2.0698946580742343,0.24366298607777245,4166,2.253370795931135,0.22809123649459784,833,2.2543844724003272,0.2269,0.9864496305204349,0.08337359012268059,,,0.9122606711895925,,0.9123054579062897,0.0876945420937103,0.9589333507955551,0.1479897339956736,10,0.025,0.15,0.9698788194261546,0.9729362779118035,0.9672172947568641,0.9689247528922104,0.971839130592637,0.96838461388968,0.9721627611159416,0.974270512768934,0.9761481403958489,1.0,0.9669424442934658,0.970080399378776
3,10,2.058734933896498,0.24591934709553528,4166,2.2586886882781982,0.2148859543817527,833,2.254384511633764,0.2269,0.9816819045136801,0.08337166591253176,,,0.9119075150261468,,0.9119671238302718,0.08803287616972821,0.9589439484657777,0.1479897337286156,10,0.025,0.15,0.9689687064881666,0.9620843112490873,0.9669727637439692,0.9589890482465302,0.9686687319537537,0.9675561404582369,0.9639094967404827,0.9647416402659744,0.9662890686868945,0.9669424442934658,1.0,0.9671801862510768
3,11,2.0811451612096845,0.23874219875180028,4166,2.252617597579956,0.21728691476590636,833,2.2543456312976304,0.2253,0.9871310158038824,0.08325857859790557,,,0.8911522549044414,,0.891180208281758,0.10881979171824196,0.9584073202930105,0.1479712769790685,10,0.025,0.15,0.9718883494136816,0.9751358283116166,0.9685252315395415,0.9702159829436322,0.9699872637500582,0.9735917931253931,0.9712764795326035,0.9739408837647506,0.9751179868287883,0.970080399378776,0.9671801862510768,1.0
4,0,1.9904632304653977,0.2786897048236141,4167,2.229006290435791,0.23860911270983212,834,2.229968499533738,0.2446,0.9820897825067013,0.08329249930907752,,,1.0,,1.0,0.0,0.9780356589082942,0.1474055735426158,10,0.025,0.15,1.0,0.9657847531414291,0.9613691448376867,0.9603741459295442,0.9621977551710575,0.9595172984999044,0.9658864431339556,0.9657344727672741,0.9637705877314848,0.9589506771504928,0.9570364674577679,0.9605979397962412
4,1,1.996703814015244,0.2772738180945524,4167,2.2325781754084995,0.2446043165467626,834,2.2299688828142386,0.2448,0.9845628737904286,0.08362164794427351,,,1.0,,1.0,0.0,0.9779868142544544,0.1474055735426158,10,0.025,0.15,0.9657847531414291,1.0,0.9632184925061513,0.9661028674574639,0.9665259988949069,0.9639801853015432,0.9614470127903855,0.9711470677824481,0.9695177140252024,0.9628858624762524,0.9537684931479368,0.9658355665429779
4,2,1.9792254997022225,0.28192944564434846,4167,2.2293733188084195,0.2577937649880096,834,2.230040604555154,0.2461,0.9811817727373082,0.08276335738944102,,,1.0,,1.0,0.0,0.9775738697154646,0.1474055735426158,10,0.025,0.15,0.9613691448376867,0.9632184925061513,1.0,0.9583164642520975,0.9609234577693102,0.9628314509965608,0.9633383673032991,0.961949321382405,0.9622985019331,0.9592244181693776,0.9569858760736263,0.9604346980175167
4,3,2.011861630642053,0.2645308375329974,4167,2.2305826800210133,0.2697841726618705,834,2.2299478174764897,0.2438,0.9818509671820249,0.08299654910064933,,,1.0,,1.0,0.0,0.9778734643236124,0.1474055735426158,10,0.025,0.15,0.9603741459295442,0.9661028674574639,0.9583164642520975,1.0,0.963456481597914,0.9618843472849045,0.9628652297432067,0.9639573424699989,0.9644017005770773,0.9616764724120248,0.9495162039122717,0.966036044192129
4,4,2.0016543973575938,0.2738420926325894,4167,2.230124201093401,0.24369747899159663,833,2.229967965355402,0.2448,0.9838300034995857,0.08348976199658084,,,1.0,,1.0,0.0,0.97798812285868,0.1474055735426158,10,0.025,0.15,0.9621977551710575,0.9665259988949069,0.9609234577693102,0.963456481597914,1.0,0.9665266844187576,0.9642843773336632,0.9681280257800261,0.9655507276244505,0.9612729212538909,0.9598844316380956,0.9628640467610836
4,5,2.001781151872693,0.26570674346052314,4167,2.2306758676256453,0.2388955582232893,833,2.2299690940712074,0.2448,0.9837218737074337,0.08352105679772225,,,1.0,,1.0,0.0,0.9779950894945999,0.1474055735426158,10,0.025,0.15,0.9595172984999044,0.9639801853015432,0.9628314509965608,0.9618843472849045,0.9665266844187576,1.0,0.9642704737131355,0.9668413824246297,0.9698109712392939,0.9597683521914332,0.9574541710358392,0.967431891862286
4,6,1.9904910037011811,0.28082553395728344,4167,2.2303977012634277,0.2545018007202881,833,2.2299667430829397,0.2448,0.983336495709748,0.08335754656754615,,,1.0,,1.0,0.0,0.9779431445990874,0.1474055735426158,10,0.025,0.15,0.9658864431339556,0.9614470127903855,0.9633383673032991,0.9628652297432067,0.9642843773336632,0.9642704737131355,1.0,0.96755436977346,0.9662031111553652,0.9625700815140217,0.9542770303033077,0.9632296205872061
4,7,2.0112203659433305,0.2686105111591073,4167,2.235109669821603,0.22569027611044418,833,2.2299681524687176,0.2441,0.9852411233192236,0.08343900377612146,,,1.0,,1.0,0.0,0.9779515243775764,0.1474055735426158,10,0.025,0.15,0.9657344727672741,0.9711470677824481,0.961949321382405,0.9639573424699989,0.9681280257800261,0.9668413824246297,0.96755436977346,1.0,0.9673409108699238,0.9637971470147246,0.9551027203472537,0.966749103155158
4,8,1.9890623728434245,0.2742198751800288,4166,2.2273117814745222,0.26290516206482595,833,2.229969495459448,0.2448,0.9854482863033135,0.08374241108459773,,,1.0,,1.0,0.0,0.9779888948638342,0.1474055735426158,10,0.025,0.15,0.9637705877314848,0.9695177140252024,0.9622985019331,0.9644017005770773,0.9655507276244505,0.9698109712392939,0.9662031111553652,0.9673409108699238,1.0,0.9683552608565482,0.9550691776769337,0.9682466686885515
4,9,2.00348179918347,0.2719395103216515,4166,2.2286486285073415,0.2388955582232893,833,2.2299669543399085,0.2448,0.9814717151208834,0.08331829141955073,,,1.0,,1.0,0.0,0.9779515186122761,0.1474055735426158,10,0.025,0.15,0.9589506771504928,0.9628858624762524,0.9592244181693776,0.9616764724120248,0.9612729212538909,0.9597683521914332,0.9625700815140217,0.9637971470147246,0.9683552608565482,1.0,0.9548398407558658,0.9605273962366665
4,10,1.991730311422637,0.2752280364858377,4166,2.2354962485177174,0.2304921968787515,833,2.2299673828897597,0.2448,0.9760997662957703,0.08314264712741251,,,1.0,,1.0,0.0,0.9779515215417377,0.1474055735426158,10,0.025,0.15,0.9570364674577679,0.9537684931479368,0.9569858760736263,0.9495162039122717,0.9598844316380956,0.9574541710358392,0.9542770303033077,0.9551027203472537,0.9550691776769337,0.9548398407558658,1.0,0.9566242641495925
4,11,2.015237773548473,0.2651464234277484,4166,2.2277534008026123,0.2304921968787515,833,2.22992531860931,0.2437,0.9835625882641964,0.08331522748702704,,,1.0,,1.0,0.0,0.9780196399134885,0.1474055735426158,10,0.025,0.15,0.9605979397962412,0.9658355665429779,0.9604346980175167,0.966036044192129,0.9628640467610836,0.967431891862286,0.9632296205872061,0.966749103155158,0.9682466686885515,0.9605273962366665,0.9566242641495925,1.0
5,0,1.9346731532703747,0.2994960403167747,4167,2.1989106110164096,0.24700239808153476,834,2.1999142532107197,0.2587,0.9791089235833408,0.08329502995770328,,,1.0,,1.0,0.0,0.9854951865370135,0.14692734459515353,10,0.025,0.15,1.0,0.960417467025947,0.9556907801675436,0.9557631894001933,0.9544065477524405,0.9529980433051155,0.9565354534264653,0.9608181407625832,0.9590384582012929,0.9520912595899981,0.9492104583372641,0.9516346386335847
5,1,1.9445426034204887,0.2986561075113991,4167,2.202779463359288,0.26139088729016785,834,2.19991526724417,0.2591,0.9814991092264576,0.08357609818929021,,,1.0,,1.0,0.0,0.9854951865370135,0.14692734459515353,10,0.025,0.15,0.960417467025947,1.0,0.9562376055921641,0.9605557108909187,0.959642867379583,0.9560506396728392,0.9538944958307106,0.9629316246613442,0.9641629458861893,0.9540130390921174,0.9472732824359357,0.9613404606677333
5,2,1.9287492856834874,0.30275977921766256,4167,2.1986009734017506,0.2673860911270983,834,2.2000065362906156,0.2604,0.9782746032116618,0.08294099569096051,,,1.0,,1.0,0.0,0.9854951865370135,0.14692734459515353,10,0.025,0.15,0.9556907801675436,0.9562376055921641,1.0,0.9518601004557988,0.953547534925603,0.954465518447398,0.955285603347606,0.954901654709706,0.9580486659178333,0.9525144887659519,0.9517242072104697,0.9548191062024229
5,3,1.9568705081939697,0.2837532997360211,4167,2.2014102595193044,0.2793764988009592,834,2.1998944403250005,0.2599,0.9798384850976769,0.08313591337710288,,,1.0,,1.0,0.0,0.9854951865370135,0.14692734459515353,10,0.025,0.15,0.9557631894001933,0.9605557108909187,0.9518601004557988,1.0,0.9580336411606521,0.9549460511860806,0.95643165384574,0.9573601602932487,0.9588074467077079,0.957232012694724,0.9443318501651892,0.961974808182626
5,4,1.9482960986368585,0.2937604991600672,4167,2.1995134013039723,0.2617046818727491,833,2.199913691870774,0.2591,0.9806670931375027,0.08346756483801654,,,1.0,,1.0,0.0,0.9854951865370135,0.14692734459515353,10,0.025,0.15,0.9544065477524405,0.959642867379583,0.953547534925603,0.9580336411606521,1.0,0.9610456621604244,0.9569441086897055,0.9610754848752547,0.9603268279193462,0.953227790672025,0.952758480263141,0.9557841038037174
5,5,1.9473397489750024,0.2880009599232061,4167,2.201402119227818,0.2533013205282113,833,2.199915445303615,0.2591,0.9800366604752527,0.0834663997445044,,,1.0,,1.0,0.0,0.9854951865370135,0.14692734459515353,10,0.025,0.15,0.9529980433051155,0.9560506396728392,0.954465518447398,0.9549460511860806,0.9610456621604244,1.0,0.9577088118119458,0.9583333603195262,0.9624490687195909,0.9535045159004707,0.9474178434803908,0.9604358982908635
5,6,1.9346674799919128,0.300815934725222,4167,2.1998893874032155,0.27611044417767105,833,2.1999113499363765,0.2591,0.9791487201287377,0.08333651038135281,,,1.0,,1.0,0.0,0.9854951865370135,0.14692734459515353,10,0.025,0.15,0.9565354534264653,0.9538944958307106,0.955285603347606,0.95643165384574,0.9569441086897055,0.9577088118119458,1.0,0.9604636731165931,0.9574894295513242,0.9545530578491808,0.9445614975707657,0.9551762481537932
5,7,1.958885245250933,0.2894888408927286,4167,2.2059933117457797,0.24729891956782712,833,2.199915656560584,0.2595,0.9818987211450739,0.0834762538106771,,,1.0,,1.0,0.0,0.9854951865370135,0.14692734459515353,10,0.025,0.15,0.9608181407625832,0.9629316246613442,0.954901654709706,0.9573601602932487,0.9610754848752547,0.9583333603195262,0.9604636731165931,1.0,0.9604679384346541,0.9561551517455016,0.9479404127839507,0.9608392409620569
5,8,1.9322604984948129,0.29481517042726835,4166,2.1973724705832347,0.27611044417767105,833,2.1999160519129113,0.2591,0.9830702274049741,0.08370179244552246,,,1.0,,1.0,0.0,0.9854951865370135,0.14692734459515353,10,0.025,0.15,0.9590384582012929,0.9641629458861893,0.9580486659178333,0.9588074467077079,0.9603268279193462,0.9624490687195909,0.9574894295513242,0.9604679384346541,1.0,0.9627998036755758,0.9496200575504702,0.9617228486757157
5,9,1.9489435224822074,0.29215074411905906,4166,2.1983091831207275,0.25210084033613445,833,2.199912182892425,0.259,0.9779853500448421,0.08327443033799585,,,1.0,,1.0,0.0,0.9854951865370135,0.14692734459515353,10,0.025,0.15,0.9520912595899981,0.9540130390921174,0.9525144887659519,0.957232012694724,0.953227790672025,0.9535045159004707,0.9545530578491808,0.9561551517455016,0.9627998036755758,1.0,0.9463077579452603,0.9529731474559707
5,10,1.9388983928796018,0.29536725876140185,4166,2.206855194909232,0.2460984393757503,833,2.199913233141356,0.2591,0.9722301618374389,0.08297878130032563,,,1.0,,1.0,0.0,0.9854951865370135,0.14692734459515353,10,0.025,0.15,0.9492104583372641,0.9472732824359357,0.9517242072104697,0.9443318501651892,0.952758480263141,0.9474178434803908,0.9445614975707657,0.9479404127839507,0.9496200575504702,0.9463077579452603,1.0,0.9467474162153052
5,11,1.9629185864419647,0.2843254920787326,4166,2.197368894304548,0.23769507803121248,833,2.1998677947853187,0.2598,0.980374715373098,0.08335022992654835,,,1.0,,1.0,0.0,0.9854951865370135,0.14692734459515353,10,0.025,0.15,0.9516346386335847,0.9613404606677333,0.9548191062024229,0.961974808182626,0.9557841038037174,0.9604358982908635,0.9551762481537932,0.9608392409620569,0.9617228486757157,0.9529731474559707,0.9467474162153052,1.0
6,0,1.8872788725477276,0.3165106791456683,4167,2.1639770099094937,0.26139088729016785,834,2.165063314800021,0.2759,0.9751250746342329,0.08327004171147556,,,1.0,,1.0,0.0,0.990099085228335,0.14645200279358161,10,0.025,0.15,1.0,0.952932696722791,0.9489198648109939,0.9472457854405671,0.9476613751457685,0.9462794907441678,0.9490000039794121,0.9526379384623452,0.9527883168984743,0.9435972599018214,0.9419029643131259,0.9417144183775272
6,1,1.8995611815741569,0.31516678665706743,4167,2.168321371078491,0.27817745803357313,834,2.1650649143170706,0.2767,0.978728908736816,0.08356122879242643,,,1.0,,1.0,0.0,0.990099085228335,0.14645200279358161,10,0.025,0.15,0.952932696722791,1.0,0.9495957679264945,0.9549950903378858,0.954448576602221,0.9494146762134065,0.9461180215393292,0.9554869059270534,0.9584416845991932,0.9473437267662604,0.9427048594039646,0.9552416072207154
6,2,1.885178354653445,0.31795056395488364,4167,2.163167646953038,0.29256594724220625,834,2.165173762961279,0.2773,0.9756065858331766,0.08306672356354859,,,1.0,,1.0,0.0,0.990099085228335,0.14645200279358161,10,0.025,0.15,0.9489198648109939,0.9495957679264945,1.0,0.9443078528293252,0.9479130746358555,0.948520644798003,0.9480707702367552,0.9501138250078277,0.9517803734829015,0.9468665312849728,0.9455688459539832,0.9489050866865918
6,3,1.910731595212763,0.3010319174466043,4167,2.1678382669176375,0.2997601918465228,834,2.165044968641257,0.2762,0.9765624377225012,0.08321841236662178,,,1.0,,1.0,0.0,0.990099085228335,0.14645200279358161,10,0.025,0.15,0.9472457854405671,0.9549950903378858,0.9443078528293252,1.0,0.9511689763761494,0.9490734563416369,0.9507682481888955,0.9512650444717964,0.9517105928659625,0.9486019893852058,0.9373435456290194,0.955091287547729
6,4,1.9009706309347443,0.31480681545476363,4167,2.1643971715654646,0.27490996398559425,833,2.1650625542749333,0.2767,0.9777619340352506,0.08346261247353963,,,1.0,,1.0,0.0,0.990099085228335,0.14645200279358161,10,0.025,0.15,0.9476613751457685,0.954448576602221,0.9479130746358555,0.9511689763761494,1.0,0.9549177806076846,0.950124468686726,0.954204663878892,0.9537820201335615,0.9444485577581894,0.9481172274841074,0.9486837475624286
6,5,1.9050554665652188,0.30316774658027357,4167,2.1672403812408447,0.25930372148859543,833,2.1650650531430786,0.2767,0.9769666278530708,0.08343599962067749,,,1.0,,1.0,0.0,0.990099085228335,0.14645200279358161,10,0.025,0.15,0.9462794907441678,0.9494146762134065,0.948520644798003,0.9490734563416369,0.9549177806076846,1.0,0.9505369166611465,0.9508852299560876,0.9551194216865924,0.9434985462629183,0.9437855838923676,0.9541129035220132
6,6,1.8907675396312367,0.3166066714662827,4167,2.16425507409232,0.28211284513805523,833,2.165058953852593,0.2765,0.9756920175441535,0.08331415769983107,,,1.0,,1.0,0.0,0.990099085228335,0.14645200279358161,10,0.025,0.15,0.9490000039794121,0.9461180215393292,0.9480707702367552,0.9507682481888955,0.950124468686726,0.9505369166611465,1.0,0.9532814644939172,0.949459358721375,0.9452828557401016,0.9392532897482015,0.9494171331356617
6,7,1.9098385738603996,0.3041276697864171,4167,2.171791212899344,0.2773109243697479,833,2.1650664534749864,0.2765,0.9787935887450114,0.08350157397331896,,,1.0,,1.0,0.0,0.990099085228335,0.14645200279358161,10,0.025,0.15,0.9526379384623452,0.9554869059270534,0.9501138250078277,0.9512650444717964,0.954204663878892,0.9508852299560876,0.9532814644939172,1.0,0.9539773540189983,0.9483251000532051,0.9420539638178184,0.9553121427365185
6,8,1.8845797069144972,0.31058569371099376,4166,2.1626020840236118,0.290516206482593,833,2.165065798578383,0.2767,0.9800084216560319,0.08368063536407534,,,1.0,,1.0,0.0,0.990099085228335,0.14645200279358161,10,0.025,0.15,0.9527883168984743,0.9584416845991932,0.9517803734829015,0.9517105928659625,0.9537820201335615,0.9551194216865924,0.949459358721375,0.9539773540189983,1.0,0.9560990149840352,0.9434389149266621,0.9550610657480224
6,9,1.9046923019669273,0.30631301008161305,4166,2.163116216659546,0.26770708283313327,833,2.1650604869745953,0.2765,0.9737253452564893,0.083211729544523,,,1.0,,1.0,0.0,0.990099085228335,0.14645200279358161,10,0.025,0.15,0.9435972599018214,0.9473437267662604,0.9468665312849728,0.9486019893852058,0.9444485577581894,0.9434985462629183,0.9452828557401016,0.9483251000532051,0.9560990149840352,1.0,0.9386467988856414,0.9455819302164948
6,10,1.8939404689904416,0.31409025444071054,4166,2.1734770025525774,0.27010804321728693,833,2.165062478826016,0.2765,0.9698655198523318,0.08290318913172263,,,1.0,,1.0,0.0,0.990099085228335,0.14645200279358161,10,0.025,0.15,0.9419029643131259,0.9427048594039646,0.9455688459539832,0.9373435456290194,0.9481172274841074,0.9437855838923676,0.9392532897482015,0.9420539638178184,0.9434389149266621,0.9386467988856414,1.0,0.9405132293404374
6,11,1.9180365013353753,0.30170427268362937,4166,2.1621897561209544,0.26290516206482595,833,2.1650152478037,0.2762,0.9772601229379857,0.08337369575823957,,,1.0,,1.0,0.0,0.990099085228335,0.14645200279358161,10,0.025,0.15,0.9417144183775272,0.9552416072207154,0.9489050866865918,0.955091287547729,0.9486837475624286,0.9541129035220132,0.9494171331356617,0.9553121427365185,0.9550610657480224,0.9455819302164948,0.9405132293404374,1.0
7,0,1.8461189544562138,0.32994960403167745,4167,2.1251089572906494,0.27697841726618705,834,2.126102556156207,0.2906,0.9720813585611042,0.08324906801656438,,,1.0,,1.0,0.0,0.9932658050548849,0.14602059635484943,10,0.025,0.15,1.0,0.9461858502452732,0.9439303374264219,0.9389893777996153,0.9415198520595065,0.9405477391348507,0.9415488184334194,0.9477981348643022,0.9473671493714687,0.9374533255168632,0.9353946428595857,0.9347425061865436
7,1,1.8607181993397799,0.3298296136309095,4167,2.1297603334699358,0.29376498800959233,834,2.12610551375377,0.291,0.9757801042375762,0.08354994245219682,,,1.0,,1.0,0.0,0.9932658050548849,0.14602059635484943,10,0.025,0.15,0.9461858502452732,1.0,0.9437981984913271,0.9472167420144012,0.9474952071193136,0.9432283812769434,0.9403644922834674,0.9501817691023735,0.9533820284686096,0.9422808624814489,0.9334286786015396,0.9508922052036858
